-ὅλῳ	0.128453038674	0.191988950276	0.269337016575	0.410220994475
-ους	0.0813712750036	0.40957869278	0.0743476376139	0.434702394603
-ουρ	0.0145819831497	0.946856772521	0.0162022034997	0.0223590408295
-ουχ	0.217568838721	0.0619619748019	0.00478878057123	0.715680405906
-ουφ	0.0	1.0	0.0	0.0
-ρις	0.0975508068838	0.543268092034	0.0332545797467	0.325926521336
-ουω	0.927918965361	0.0539929456453	0.0	0.0180880889934
-μηρ	0.00787401574802	0.992125984252	0.0	0.0
-ριω	0.0353987267425	0.903897375624	0.0227087266973	0.0379951709363
-ριχ	0.0	1.0	0.0	0.0
-μεμ	0.0	1.0	0.0	0.0
-διὰ	0.053052316671	0.0813501550987	0.00202302571082	0.86357450252
-ὕτω	0.0463844513508	0.149981581118	0.0972309416459	0.706403025885
-διὸ	0.0642650935107	0.135182628342	0.00665244132044	0.793899836827
-λὸν	0.0742203459077	0.164238049843	0.634981161197	0.126560443052
-λὸξ	0.144680851064	0.778723404255	0.031914893617	0.0446808510638
-αξα	0.62308167969	0.248636798021	0.0486817696329	0.0795997526561
-ωὴν	0.041625152608	0.948429014468	0.00589382691794	0.00405200600609
-αξε	0.669334456613	0.198258916035	0.0800336983994	0.0523729289525
-τεῖ	0.666283386507	0.169164606851	0.0692362827624	0.0953157238794
-αξη	0.746486960747	0.0899928323759	0.0679518865708	0.0955683203064
-ουτ	0.124331926864	0.112751992499	0.0210970464135	0.741819034224
-όχη	0.333333333333	0.666666666667	0.0	0.0
-ναὶ	0.071977467923	0.392711846726	0.192461490316	0.342849195035
-υιω	0.0114745338471	0.956070534635	0.00725595522683	0.0251989762916
-τὴς	0.0860051913867	0.80577998757	0.0771396190546	0.0310752019888
-τὴρ	0.0136960166045	0.965541869052	0.0105846073122	0.010177507031
-οσὶ	0.692307692308	0.307692307692	0.0	0.0
-ῦδε	0.416666666667	0.5	0.0833333333333	0.0
-κην	0.146231308402	0.71799271335	0.0982382926467	0.0375376856012
-ήθη	0.707657044073	0.106848861602	0.0794640315749	0.106030062749
-υις	0.0502793296089	0.860335195531	0.072625698324	0.0167597765363
-αξά	0.618556701031	0.319587628866	0.0	0.0618556701029
-αξέ	0.872604284104	0.127395715896	0.0	0.0
-κηλ	0.0	1.0	0.0	0.0
-νοῶ	0.651162790698	0.162790697674	0.151162790698	0.0348837209302
-ίψα	0.0	0.4	0.6	0.0
-υιν	0.0047225501771	0.995277449823	0.0	0.0
-ημί	0.592592592593	0.185185185185	0.0	0.222222222222
-κης	0.0695164895938	0.845351963459	0.0766527073984	0.00847883954837
-υια	0.274053157635	0.490753440007	0.12721975707	0.107973645287
-έπω	0.586973580957	0.0667015432906	0.0136018833377	0.332722992414
-υιε	0.106677575681	0.725281641387	0.00226571842155	0.16577506451
-υιδ	0.00382165605095	0.973683392885	0.00233027807985	0.0201646729843
-τὴν	0.0411973176366	0.0215601965549	0.00847453874471	0.928767947064
-νοῦ	0.0262899852916	0.915151636433	0.0354702180243	0.0230881602514
-αάμ	0.00258963529303	0.948638900022	0.0474766470389	0.00129481764651
-αάκ	0.0	1.0	0.0	0.0
-αξυ	0.127126883811	0.0557851239669	0.0514098201264	0.765678172095
-αάθ	0.0	1.0	0.0	0.0
-ωτῷ	0.126582278481	0.810126582279	0.0	0.0632911392405
-αξω	0.647975614748	0.108171860022	0.0109862886809	0.23286623655
-δλι	0.0	1.0	0.0	0.0
-άτα	0.00912131346914	0.968075402858	0.00456065673458	0.0182426269383
-χμη	0.285714285714	0.428571428571	0.0	0.285714285714
-νοῖ	0.526028593255	0.0821783258758	0.37651424206	0.0152788388083
-όμα	0.160356511491	0.739319387154	0.0265173836182	0.0738067177371
-όμη	0.254545454545	0.254545454545	0.490909090909	0.0
-ὕτη	0.0588195706306	0.0232182515647	0.0102967898244	0.90766538798
-εᾶς	0.104083668463	0.78392757433	0.0830034318123	0.0289853253948
-λὸχ	0.0	1.0	0.0	0.0
-ριέ	0.0109689213894	0.895795246801	0.0219378427788	0.0712979890311
-ριά	0.302158273381	0.564234326824	0.133607399795	0.0
-ουέ	0.674418604651	0.232558139535	0.0465116279071	0.0465116279069
-ριε	0.0263343155897	0.856980831757	0.00109871647825	0.115586136175
-ουβ	0.0397390120476	0.936435562177	0.0193300624213	0.00449536335379
-ουα	0.0743718592965	0.665996649916	0.00201005025125	0.257621440536
-ρια	0.0680646874763	0.781639989844	0.0692577757721	0.0810375469077
-ουζ	0.0	1.0	0.0	0.0
-ουε	0.475579674396	0.472619634928	0.0244203256043	0.0273803650715
-ουδ	0.11974605334	0.37445086869	0.025508035031	0.480295042939
-ριν	0.113205552194	0.608168516027	0.0251528733134	0.253473058465
-ουκ	0.165920951098	0.0249195744081	0.00450623375899	0.804653240735
-αθὰ	0.108881327685	0.098488530889	0.371363099785	0.42126704164
-ουθ	0.0284450063211	0.854614412136	0.00632111251581	0.110619469027
-ριθ	0.0	1.0	0.0	0.0
-ουν	0.143476922354	0.206223985501	0.0213193682347	0.62897972391
-ουμ	0.0078031524736	0.980179992717	0.00249700879155	0.0095198460178
-κιά	0.166666666667	0.833333333333	0.0	0.0
-γξω	0.648	0.168	0.136	0.048
-ένω	0.758426966292	0.134831460674	0.0224719101123	0.0842696629213
-οιῶ	0.840198404141	0.0219969808066	0.0	0.137804615053
-μψῃ	0.772225827385	0.0681375730046	0.0233614536015	0.136275146009
-ἀγὼ	0.0345951757504	0.0151212998769	0.0	0.950283524373
-ναῖ	0.0	0.6	0.0	0.4
-κιμ	0.0201181542392	0.950981957528	0.00973974133802	0.0191601468945
-ηου	0.0	1.0	0.0	0.0
-όκῃ	0.0	1.0	0.0	0.0
-ευι	0.0139686220637	0.982502462889	0.00176445752384	0.00176445752384
-φης	0.152322042869	0.781507854411	0.0412115999904	0.0249585027304
-λεθ	0.0743034055728	0.814241486068	0.0	0.111455108359
-ήψῃ	0.822580645161	0.161290322581	0.0	0.016129032258
-κια	0.0653522359684	0.813339898648	0.0869083523112	0.0343995130725
-λῃς	0.540820165538	0.110233258089	0.253009781791	0.0959367945824
-ονά	0.0	0.777777777778	0.166666666667	0.0555555555555
-όκῳ	0.0937388406142	0.843768598976	0.0624925604095	0.0
-λκω	0.1	0.8	0.0	0.0999999999999
-εσά	1.0	0.0	0.0	0.0
-ναῷ	0.00787401574802	0.964566929134	0.011811023622	0.0157480314961
-ιῇς	0.71809256662	0.0504908835904	0.0210378681627	0.210378681627
-ωχα	0.0083044982699	0.348096885813	0.643598615917	0.0
-ωχη	0.146229424525	0.13946663264	0.708179150185	0.00612479265025
-έπη	0.254237288135	0.508474576271	0.237288135593	0.0
-φερ	0.0477453580902	0.932360742706	0.0159151193634	0.00397877984084
-ωχι	0.0	1.0	0.0	0.0
-ἴσα	0.203883495146	0.23786407767	0.101941747573	0.456310679612
-αθᾶ	0.0	1.0	0.0	0.0
-ύτη	0.11964549483	0.21270310192	0.407680945347	0.259970457902
-ἅλῳ	0.0	1.0	0.0	0.0
-νοὶ	0.155251436318	0.566845264993	0.215286295268	0.0626170034213
-ἐάν	0.0523054344737	0.0663960442559	0.00164741525901	0.879651106011
-λκέ	0.953216374269	0.0116959064327	0.0	0.0350877192982
-ήκῃ	0.201570680628	0.735602094241	0.0314136125654	0.0314136125654
-ϊου	0.0	1.0	0.0	0.0
-ωχω	0.107692307692	0.252747252747	0.371428571429	0.268131868132
-αθῇ	0.312192118227	0.126231527094	0.435960591133	0.125615763547
-ϊος	0.0	0.979661016949	0.0	0.0203389830508
-ῳξέ	0.159090909091	0.0454545454545	0.159090909091	0.636363636364
-τυω	0.190476190476	0.619047619048	0.190476190476	0.0
-λεη	0.170588235294	0.688235294118	0.0705882352941	0.070588235294
-κών	1.0	0.0	0.0	0.0
-λκη	0.623067279565	0.376932720435	0.0	0.0
-γῃς	0.626731866341	0.241238793806	0.0586797066015	0.0733496332518
-λκα	0.703296703297	0.260805860806	0.0102564102564	0.025641025641
-βωκ	0.0	0.888888888889	0.111111111111	0.0
-ζόν	0.0438756855576	0.188299817185	0.460694698355	0.307129798903
-φην	0.147820523074	0.755402703351	0.0672158681916	0.0295609053827
-ἐὰν	0.0332381729201	0.0157014681892	0.00188621533442	0.949174143556
-κιω	0.243957841178	0.657913865165	0.0	0.098128293658
-ὃτε	0.142857142857	0.0952380952381	0.0	0.761904761905
-ύξῃ	0.887282007656	0.0501914079115	0.0178647384092	0.044661846023
-κις	0.0823424123943	0.335839672538	0.0480728085426	0.533745106526
-ἔθη	0.0109489051095	0.934306569343	0.021897810219	0.0328467153285
-λεζ	0.0	1.0	0.0	0.0
-ένι	0.4	0.6	0.0	0.0
-γαὶ	0.184963178626	0.606096934407	0.188388422675	0.0205514642918
-ένε	0.609487995372	0.277697425513	0.0520682672838	0.0607463118311
-κμᾷ	0.333333333333	0.666666666667	0.0	0.0
-ένη	0.510372627344	0.247521649124	0.16624631892	0.0758594046126
-ένα	0.368891141403	0.348720779143	0.102814406199	0.179573673256
-αθῷ	0.026706231454	0.0504451038576	0.899109792285	0.0237388724036
-ἐρῶ	0.608775137112	0.0493601462523	0.0	0.341864716636
-ηζη	0.419087136929	0.298755186722	0.0871369294606	0.195020746888
-αρί	0.488636363636	0.238636363636	0.0	0.272727272727
-εφη	0.577285197111	0.0766378774906	0.00449867279621	0.341578252602
-οου	0.102564102564	0.897435897436	0.0	0.0
-ωβω	0.0294117647059	0.893382352941	0.0	0.0772058823529
-σὶν	0.343020031368	0.376144244932	0.0153410818966	0.265494641803
-ρχη	0.10079062209	0.668742125733	0.13084521701	0.0996220351672
-εφι	0.0	1.0	0.0	0.0
-ρχε	0.212962962963	0.586419753086	0.0648148148148	0.135802469136
-αωμ	0.0	1.0	0.0	0.0
-ὠσὶ	0.25958930647	0.162727624952	0.298333979078	0.2793490895
-τυα	0.00449723247233	0.986508302583	0.00553505535055	0.0034594095941
-χεω	0.916943521595	0.0431893687707	0.0	0.0398671096345
-αρξ	0.0358460718693	0.778364322533	0.0542704514665	0.131519154131
-αρι	0.123617123617	0.873737373737	0.0016835016835	0.000962000961999
-στω	0.159334087483	0.682891433531	0.0249796449487	0.132794834037
-αρε	0.0540540540541	0.825825825826	0.045045045045	0.0750750750751
-χες	0.142984282644	0.698834631918	0.0307294465341	0.127451638904
-αρη	0.504425587945	0.224065201224	0.203845262914	0.0676639479171
-αρα	0.0926908870777	0.186061902766	0.0497394111833	0.671507798973
-ρὰμ	0.0	1.0	0.0	0.0
-ρὰν	0.171892172968	0.463937506648	0.120011345238	0.244158975147
-ορῶ	1.0	0.0	0.0	0.0
-ὅλῃ	0.0535588442565	0.106412966878	0.125440451022	0.714587737844
-εγω	0.277639041619	0.0161220082428	0.00471125794333	0.701527692195
-λθῃ	0.846397495526	0.0511533045054	0.0144673747082	0.0879818252604
-ιγι	0.0	1.0	0.0	0.0
-ιγη	0.576813077641	0.314507631634	0.0991961947196	0.00948309600507
-ιγε	0.160403006557	0.127458819766	0.0487765872381	0.663361586439
-ιγα	0.0516113176246	0.0693066265245	0.862492703757	0.0165893520936
-μυα	0.0	1.0	0.0	0.0
-ιρω	0.220541457553	0.552606498758	0.134886645883	0.0919653978058
-βῶς	0.0740740740741	0.0493827160493	0.188271604938	0.688271604938
-πτω	0.179491129426	0.620144291253	0.114457367327	0.0859072119952
-ρωζ	0.0	1.0	0.0	0.0
-ιρε	0.368552763881	0.352112044087	0.0134201632854	0.265915028747
-πτε	0.75458871516	0.135961930659	0.082256968049	0.0271923861319
-ιρα	0.0770404008448	0.777429410487	0.0770762406082	0.0684539480598
-πτα	0.0119701648153	0.0592593335205	0.0276697277138	0.90110077395
-αΐᾳ	0.0	0.975609756098	0.0	0.0243902439024
-πτο	0.192786189604	0.196740283538	0.373227890828	0.23724563603
-πλῆ	0.0	0.0	0.625	0.375
-ιρι	0.0588987979837	0.890422644436	0.00546723536256	0.0452113222179
-δτα	0.0	0.428571428571	0.571428571429	0.0
-ονὴ	0.182159624413	0.682629107981	0.0901408450704	0.0450704225352
-εγι	0.0	0.0	0.0	1.0
-κλῳ	0.138405608933	0.206699558556	0.0280446637237	0.626850168787
-ιγω	0.0681343403503	0.0573678290214	0.686485617869	0.188012212759
-ιρέ	0.777777777778	0.222222222222	0.0	0.0
-ιρά	0.450236966825	0.421800947867	0.127962085308	0.0
-εγα	0.0431215607804	0.0346673336668	0.704702351176	0.217508754377
-πτά	0.00562008242789	0.0520794304983	0.0337204945673	0.908579992507
-εγη	0.628919860627	0.142857142857	0.0662020905923	0.162020905923
-ασὺ	0.272727272727	0.363636363636	0.363636363636	0.0
-εγε	0.708399366086	0.0401959371849	0.00259328626999	0.24881141046
-ρὰς	0.205551387847	0.539384846212	0.25056264066	0.00450112528133
-ινὰ	0.141800531608	0.507800762741	0.209638275743	0.140760429909
-οίῳ	0.0135746606335	0.817612252001	0.00417681865645	0.164636268709
-στο	0.653846153846	0.0	0.230769230769	0.115384615385
-αρω	0.367828907359	0.14169876343	0.365599026961	0.12487330225
-στι	0.598856466337	0.169177627527	0.077826670134	0.154139236002
-χεν	0.666122401976	0.196083350641	0.0270356973203	0.110758550062
-ινὶ	0.268292682927	0.20325203252	0.268292682927	0.260162601626
-αρυ	0.0	0.142857142857	0.714285714286	0.142857142857
-στε	0.38629148908	0.0439427784909	0.0315810248981	0.538184707531
-χεα	0.258849557522	0.684734513274	0.0497787610619	0.00663716814159
-στη	0.591089881141	0.118349025166	0.0898265282371	0.200734565456
-χεη	0.444444444444	0.555555555556	0.0	0.0
-οὴν	0.283004552352	0.633535660091	0.0546282245827	0.0288315629742
-χεε	0.786452353617	0.177382319173	0.0	0.0361653272101
-στά	0.371757925072	0.325648414986	0.250720461095	0.0518731988473
-στέ	0.63640421119	0.130457612434	0.0220536112788	0.211084565098
-ρχω	0.0137164684434	0.86005729664	0.113377897387	0.0128483375293
-στί	0.651535471166	0.119459486988	0.0860678696929	0.142937172153
-ῷός	0.1	0.133333333333	0.683333333333	0.0833333333333
-ηὸς	0.0	1.0	0.0	0.0
-οοζ	0.0297450424929	0.970254957507	0.0	0.0
-οοι	0.330798479087	0.0625264047317	0.557667934094	0.049007182087
-δρὶ	0.0434044616877	0.608874878758	0.0203685741998	0.327352085354
-οον	0.716838159049	0.177873494456	0.0909308446997	0.0143575017947
-ωβα	0.0	1.0	0.0	0.0
-ύφῳ	0.06	0.82	0.12	0.0
-μφη	0.0159151193634	0.957228116711	0.0	0.0268567639257
-υιθ	0.0	1.0	0.0	0.0
-γμά	0.318936877076	0.528239202658	0.132890365449	0.0199335548172
-ρρᾷ	0.0	1.0	0.0	0.0
-άσω	0.603423011547	0.245706582264	0.076314401266	0.0745560049235
-ρρᾳ	0.0408163265306	0.959183673469	0.0	0.0
-όσῳ	0.0119382136534	0.0244773986064	0.129614891094	0.833969496646
-λθὲ	0.66265060241	0.0602409638554	0.0	0.277108433735
-γμη	0.239422761561	0.596589045589	0.0951131518531	0.068875040997
-γμα	0.137670034543	0.750858584096	0.0711341285309	0.04033725283
-οὐκ	0.164990587302	0.0253969703075	0.0044733926008	0.80513904979
-εψω	0.547284466388	0.154365531502	0.0707543852246	0.227595616885
-οὐδ	0.118486795146	0.051391862955	0.0492505353319	0.780870806567
-ισῶ	0.966101694915	0.0338983050847	0.0	0.0
-ύον	0.0358208955224	0.940298507463	0.0238805970149	0.0
-ςῆς	0.163970007893	0.0678768745067	0.0196329913181	0.748520126283
-ἴθι	0.666666666667	0.166666666667	0.166666666667	0.0
-ξην	0.0	1.0	0.0	0.0
-όσῃ	0.665644171779	0.328987730061	0.0	0.00536809815951
-φαὶ	0.237288135593	0.699152542373	0.0317796610169	0.031779661017
-υζα	0.0125260960334	0.987473903967	0.0	0.0
-ινᾷ	0.0324675324675	0.0822510822511	0.816017316017	0.0692640692641
-ινᾶ	0.00934579439251	0.990654205607	0.0	0.0
-ισῇ	0.677966101695	0.322033898305	0.0	0.0
-ὄρη	0.0276194651469	0.909250328803	0.00920648838229	0.0539237176678
-ίτῃ	0.0213759536964	0.141015522231	0.738950276243	0.0986582478295
-χορ	0.0	0.875	0.0	0.125
-μεθ	0.0325838859834	0.0062723531209	0.00111428622778	0.960029474668
-μει	0.186833701708	0.678128682289	0.096358324676	0.038679291327
-μεκ	0.0	1.0	0.0	0.0
-μελ	0.0	0.5	0.5	0.0
-γὰδ	0.0	1.0	0.0	0.0
-μεν	0.502290259246	0.0984339113271	0.0378762800156	0.361399549411
-ζερ	0.0042872454448	0.99142550911	0.0042872454448	0.0
-μεΰ	0.0	1.0	0.0	0.0
-μεα	0.0	1.0	0.0	0.0
-εεῖ	0.771929824561	0.150877192982	0.0350877192982	0.0421052631578
-μεε	0.0	1.0	0.0	0.0
-ηρω	0.324275071019	0.322640295867	0.313823229887	0.0392614032267
-ωθῇ	0.689431268047	0.103417563316	0.121963482783	0.0851876858542
-ηρη	0.323578248236	0.185139061851	0.427770859278	0.0635118306351
-γὰρ	0.210482743771	0.0244771838122	0.0029637439449	0.762076328472
-ηρε	0.0793529681062	0.103464062262	0.785136578666	0.032046390966
-ηρα	0.0499107835365	0.566361588826	0.35560520204	0.0281224255971
-μερ	0.0	1.0	0.0	0.0
-ζεμ	0.0	1.0	0.0	0.0
-ζεν	0.694278183176	0.109754437491	0.0489928760885	0.146974503244
-μετ	0.0723868556001	0.0259501254054	0.00127162643577	0.900391392559
-οφά	1.0	0.0	0.0	0.0
-ηρι	0.0503256364713	0.907242944543	0.0	0.0424314189856
-ζει	0.653175192273	0.206026995362	0.0645567810141	0.0762410313514
-άγῃ	0.810808767571	0.109551793481	0.0266665994668	0.0529728394812
-ῖρα	0.0399619410085	0.790748737466	0.0570884871551	0.11220083437
-δέν	0.113320284331	0.629133614917	0.0370866385083	0.220459462244
-ινῇ	0.16913614761	0.62119094213	0.176125244618	0.0335476656416
-ωτᾷ	0.702159222021	0.208834679413	0.014834349761	0.074171748805
-ηρί	0.0	1.0	0.0	0.0
-ηρέ	0.196078431373	0.108734402852	0.673796791444	0.0213903743316
-ηρά	0.130647252418	0.139323825671	0.658222798444	0.0718061234667
-παὶ	0.034703196347	0.803652968036	0.0931506849315	0.068493150685
-εἶτ	0.285714285714	0.333333333333	0.095238095238	0.285714285714
-ὀψὲ	0.0349127182045	0.688279301746	0.0224438902743	0.254364089775
-ύου	0.617928244997	0.299600777433	0.0196984819037	0.0627724956663
-ύος	0.037465111286	0.812602876977	0.101982394618	0.0479496171187
-ινῷ	0.139941690962	0.19970845481	0.607871720117	0.0524781341107
-ινῶ	0.722109533469	0.153752535497	0.0146044624747	0.10953346856
-εψη	0.680433365917	0.132535027696	0.0174323884001	0.169599217986
-οὐχ	0.213403586497	0.0506635850881	0.00605005217769	0.729882776238
-γμω	0.626506024096	0.140562248996	0.112449799197	0.120481927711
-θοί	0.596153846154	0.0	0.288461538462	0.115384615385
-εψα	0.511011235955	0.322696629213	0.0175280898876	0.148764044944
-χρῷ	0.5	0.25	0.25	0.0
-ωμᾷ	0.0979020979021	0.86013986014	0.0	0.041958041958
-εψέ	0.450121654501	0.549878345499	0.0	0.0
-ωρὰ	0.25	0.2	0.475	0.075
-άσι	0.200836820084	0.435146443515	0.364016736402	0.0
-ονῇ	0.243521872388	0.59431596545	0.0730008358874	0.0891613262747
-μμω	0.0	0.980198019802	0.019801980198	0.0
-ίξῃ	0.819277108434	0.156626506024	0.0	0.0240963855421
-κᾶς	0.0365646258503	0.932823129252	0.0102040816326	0.0204081632653
-άρῃ	0.718309859155	0.183098591549	0.0985915492958	0.0
-υθη	0.689031281727	0.187968124437	0.036699678818	0.0863009150177
-αύῃ	0.439024390244	0.487804878049	0.0487804878049	0.0243902439024
-ύας	0.017745017745	0.947447447447	0.00614250614251	0.028665028665
-θρω	0.4	0.6	0.0	0.0
-υθα	0.701429308642	0.166407401343	0.0214483131628	0.110714976852
-υὴς	0.631578947368	0.368421052632	0.0	0.0
-λγω	0.555555555556	0.0	0.444444444444	0.0
-αία	0.127926898915	0.62052453543	0.153758291965	0.0977902736897
-ίος	0.0960683360636	0.803884858413	0.0386145565177	0.0614322490054
-ίου	0.0236509173152	0.855430561087	0.0659283037736	0.0549902178242
-λυς	0.0416048623422	0.0550631308563	0.794037842336	0.109294164466
-ίοψ	0.0740740740741	0.296296296296	0.592592592593	0.037037037037
-βρα	0.0	1.0	0.0	0.0
-θὰν	0.0	1.0	0.0	0.0
-όνα	0.0588287279797	0.848376833795	0.0212101573087	0.0715842809167
-φωρ	0.0	1.0	0.0	0.0
-όνη	0.2	0.3	0.0999999999999	0.4
-όνι	0.131473102061	0.867521367521	0.00100553041729	0.0
-οτέ	0.118568232662	0.217747949292	0.0909768829232	0.572706935123
-ρωξ	0.0	1.0	0.0	0.0
-ἶπε	0.869570584121	0.018186057356	0.000822898522897	0.11142046
-φρα	0.0	1.0	0.0	0.0
-ωζω	1.0	0.0	0.0	0.0
-οτε	0.118307972626	0.057090537566	0.0136574319592	0.810944057849
-οτη	0.108595931392	0.862285600319	0.0279218189071	0.00119664938173
-γυη	0.714285714286	0.285714285714	0.0	0.0
-οτι	0.100477967974	0.00899029505263	0.00121523283278	0.889316504141
-μὰν	0.0493827160494	0.950617283951	0.0	0.0
-ἔχῃ	0.766274023559	0.107253564786	0.0334779913205	0.0929944203347
-οτο	0.688631864506	0.235666104553	0.0472175379427	0.028484492998
-υκὰ	0.0466666666666	0.04	0.913333333333	0.0
-υκὴ	0.0	0.170731707317	0.829268292683	0.0
-μὰς	0.154439140341	0.638722725273	0.0261994970222	0.180638637363
-γυψ	1.0	0.0	0.0	0.0
-οτω	0.234596074852	0.606268066332	0.0800243420052	0.0791115168111
-υκὺ	0.0348837209302	0.0755813953488	0.866279069767	0.0232558139535
-ηρῇ	0.727272727273	0.121212121212	0.0	0.151515151515
-γυς	0.0263583815029	0.0622295623452	0.0327002477292	0.878711808423
-όνυ	0.158201498751	0.816819317236	0.0	0.0249791840133
-ρξι	0.0	1.0	0.0	0.0
-ήτῃ	0.128440366972	0.804281345566	0.045871559633	0.0214067278288
-υκή	0.014598540146	0.0583941605839	0.92700729927	0.0
-γαῦ	0.0	1.0	0.0	0.0
-θὰς	0.302904564315	0.564315352697	0.0829875518672	0.0497925311203
-λυε	0.720555667405	0.213005838534	0.025367425005	0.0410710690558
-ίρω	0.570597243492	0.121286370597	0.289739663093	0.0183767228178
-ίοι	0.210784313725	0.686274509804	0.0220588235294	0.0808823529412
-υὴλ	0.0	1.0	0.0	0.0
-λυν	0.123142966832	0.0594715962632	0.729783496399	0.0876019405051
-λτῳ	0.0	1.0	0.0	0.0
-οῦς	0.0177695924356	0.920730532323	0.0192052241982	0.0422946510431
-ὐαὶ	0.0399587929704	0.660350259751	0.177417040789	0.12227390649
-υὴν	0.112262521589	0.701208981002	0.119170984456	0.0673575129534
-ύαι	0.882352941177	0.117647058823	0.0	0.0
-υμι	0.143019296254	0.375141884222	0.376276958002	0.105561861521
-ύαν	0.489361702128	0.510638297872	0.0	0.0
-γερ	0.00518358531318	0.955939524838	0.0362850971922	0.00259179265659
-υθω	0.801682465806	0.0902009129196	0.0711653709652	0.0369512503089
-οὰς	0.142329020333	0.813308687616	0.0443622920518	0.0
-ώρα	0.341132345062	0.515984997321	0.0937667440614	0.0491159135559
-ρῶν	0.125796350476	0.495402330315	0.310405751428	0.0683955677807
-ἴδῃ	0.828214971209	0.0854126679463	0.00575815738963	0.0806142034549
-θρα	0.0970181266772	0.487125769411	0.0811061562865	0.334749947625
-ίνῃ	0.189529233959	0.106182431966	0.0752204412071	0.629067892868
-ἀρᾷ	0.1	0.9	0.0	0.0
-ἀπὸ	0.0455905217995	0.00544092314466	0.000892426547539	0.948076128508
-γνὰ	0.375	0.375	0.0	0.25
-λιά	0.0370209059233	0.719076655052	0.104529616725	0.1393728223
-ἰὸς	0.0438756855576	0.802559414991	0.0329067641681	0.120658135283
-λια	0.0880634676386	0.672519633956	0.0376818728626	0.201735025543
-λετ	0.0	1.0	0.0	0.0
-λιη	0.0	1.0	0.0	0.0
--ωδ	0.0	1.0	0.0	0.0
-λιε	0.00995024875622	0.990049751244	0.0	0.0
-αις	0.0814465066195	0.519161448741	0.0640611471188	0.33533089752
-αιω	0.120777550881	0.689207783626	0.15153513311	0.0384795323829
-λιξ	0.00554249244206	0.993449781659	0.00100772589856	0.0
-λιν	0.0232571405666	0.35908076865	0.0104645569503	0.607197533833
-λιμ	0.0396551724138	0.960344827586	0.0	0.0
-ουγ	0.0	1.0	0.0	0.0
-οᾷς	1.0	0.0	0.0	0.0
-ίπω	0.828571428571	0.077922077922	0.0623376623377	0.0311688311688
-βὴς	0.127799016931	0.105406881486	0.689240851993	0.0775532495904
-ῖτό	0.36	0.36	0.18	0.1
-ύγῳ	0.454545454545	0.545454545455	0.0	0.0
-έμα	0.0666666666667	0.933333333333	0.0	0.0
-λκε	0.913302448709	0.0469887491727	0.0	0.0397088021178
-ῦθα	0.0932203389829	0.0593220338983	0.0338983050847	0.813559322034
-ίνῳ	0.142231947484	0.244152001726	0.110641969982	0.502974080809
-ουη	0.823529411765	0.176470588235	0.0	0.0
-ἐμέ	0.0416752062646	0.038443842128	0.00595360089494	0.913927350712
-γκῃ	0.472	0.4704	0.0288	0.0288
-ὦτα	0.0575428206077	0.894336575024	0.00572063128848	0.0423999730794
-μεϊ	0.0433070866142	0.846456692914	0.00787401574804	0.102362204724
-βὶμ	0.163265306122	0.673469387755	0.0816326530612	0.0816326530612
-όλῃ	0.666666666667	0.333333333333	0.0	0.0
-ρθα	0.00537021969081	0.986330349878	0.00439381611066	0.00390561432059
-ῖτέ	0.844527420318	0.0696384862226	0.0137807030783	0.072053390381
-ρθη	0.823793617345	0.0656039182036	0.020820298202	0.0897821662493
-όαι	0.0	1.0	0.0	0.0
-ῖτα	0.133333333333	0.866666666667	0.0	0.0
-αθὲ	0.22450888681	0.32647333957	0.289990645463	0.159027128157
-λεφ	0.0	1.0	0.0	0.0
-ῖτε	0.627860630269	0.21740092753	0.054280165532	0.100458276669
-ὧδέ	0.484848484848	0.191919191919	0.0	0.323232323232
-ρθά	0.0	0.875	0.125	0.0
-ριμ	0.020559020559	0.915684915685	0.0526680526681	0.011088011088
-ἴγε	0.205357142857	0.0178571428571	0.0535714285714	0.723214285714
-ουι	0.0101351351351	0.989864864865	0.0	0.0
-ῖτο	0.568650689141	0.266306733386	0.0627688526029	0.102273724871
-αιε	0.0981501385982	0.688182383889	0.0979238558579	0.115743621655
-λις	0.0302208011595	0.811884425878	0.0737891142527	0.0841056587096
-αιη	0.369230769231	0.307692307692	0.138461538462	0.184615384615
-ριξ	0.216083395383	0.667758749069	0.0125093075205	0.103648548027
-ἐπί	0.264150943396	0.481132075472	0.0707547169811	0.183962264151
-σκῷ	0.0195227765727	0.967462039046	0.0130151843818	0.0
-αιν	0.0043057050592	0.97308934338	0.01345532831	0.0091496232508
-αιμ	0.0219820479941	0.942166278492	0.0150472352341	0.0208044382802
-λιω	0.0383995057595	0.800390918686	0.155741684767	0.00546789078776
-λιψ	0.0	0.727272727273	0.272727272727	0.0
-μμα	0.186839053257	0.730022037877	0.0554818121664	0.0276570966993
-αιλ	0.0	0.960784313726	0.0	0.0392156862744
-ὖσα	0.35494038646	0.31204604632	0.0657804577223	0.267233109497
-αθὴ	0.050163029847	0.147228492601	0.744920993228	0.057687484324
-υκῆ	0.0	0.928571428571	0.0523809523809	0.0190476190476
-υχή	0.100423866971	0.630583632214	0.0449951092272	0.223997391588
-όλῳ	0.129099790649	0.803907885555	0.0272156315422	0.039776692254
-ψίν	0.201834862385	0.798165137615	0.0	0.0
-οψα	0.210526315789	0.473684210526	0.315789473684	0.0
-νωα	0.0	1.0	0.0	0.0
-νωβ	0.0	1.0	0.0	0.0
-νωε	0.0	1.0	0.0	0.0
-ἴπω	0.749884633133	0.0234194739271	0.0	0.22669589294
-χωα	0.0	1.0	0.0	0.0
-αλῇ	0.11626547283	0.754940447355	0.109249452917	0.0195446268981
-αλῆ	0.364583333333	0.291666666667	0.34375	0.0
-πνῳ	0.17731629393	0.667731629393	0.107028753994	0.0479233226837
-νων	0.284125478246	0.491605389147	0.0764939523746	0.147775180232
-οςῷ	0.484859743637	0.15344603381	0.131525171837	0.230169050715
-ρκῳ	0.277205040092	0.633447880871	0.0412371134021	0.0481099656357
-εβι	0.0	1.0	0.0	0.0
-υἱὲ	0.0342266709719	0.935744268647	0.0	0.030029060381
-λίς	0.0	1.0	0.0	0.0
-φῶς	0.0167591171958	0.778708839844	0.187300837956	0.0172312050041
-ιπα	0.332339451813	0.225911580866	0.111539261622	0.330209705699
-λίω	1.0	0.0	0.0	0.0
-ιπη	0.708230086607	0.049746859377	0.00716025367302	0.234862800343
-ιπε	0.833946815473	0.05444457716	0.00397445581498	0.107634151553
-λωῒ	0.0	0.980198019802	0.019801980198	0.0
-κάη	0.965699208443	0.023746701847	0.0105540897098	0.0
-σεϊ	0.0	1.0	0.0	0.0
-ἐγώ	0.097108142104	0.011621963318	0.0	0.891269894578
-σεφ	0.0	1.0	0.0	0.0
-κκω	0.0613652822422	0.844585752582	0.0700364634286	0.0240125017469
-φεθ	0.0	0.995024875622	0.0049751243781	0.0
-μίῳ	0.0415149308084	0.365622723962	0.551347414421	0.0415149308084
-ωνί	0.196280991736	0.762396694215	0.0413223140496	0.0
-ωνή	0.243902439024	0.756097560976	0.0	0.0
-ωνα	0.0503418329811	0.662470346069	0.0291979874596	0.25798983349
-οξη	0.0728361078342	0.814348756936	0.0816183859833	0.0311967492463
-οξε	0.63196347032	0.117808219178	0.0876712328767	0.162557077626
-ωνη	0.0694084919271	0.820421490056	0.00455590300068	0.105614115016
-οξα	0.0778522333168	0.813306035557	0.0451857390081	0.0636559921181
-ωνι	0.0844381674557	0.8706297091	0.0306051808704	0.0143269425736
-αλῶ	0.775102676675	0.106358872681	0.00892224897323	0.109616201671
-χύς	0.0685714285715	0.8	0.0685714285715	0.0628571428572
-οςῇ	0.183694189314	0.137959530612	0.0538332585649	0.62451302151
-ωνο	0.333333333333	0.454545454545	0.0	0.212121212121
-ῴδῃ	0.119348617956	0.829226483823	0.0128562245554	0.0385686736661
-οξυ	0.0	0.0	1.0	0.0
-υζι	0.0	1.0	0.0	0.0
-έξῃ	0.425629290618	0.432494279176	0.091533180778	0.0503432494278
-ωνω	0.0	1.0	0.0	0.0
-ωπὰ	0.0	0.0	1.0	0.0
-αιά	0.0318302387268	0.196286472149	0.74801061008	0.0238726790451
-οξω	0.582457743262	0.149725902238	0.256966651439	0.0108497030607
-σεν	0.733386410817	0.127806344253	0.0526895824763	0.0861176624538
-σεμ	0.0	0.911764705882	0.0882352941177	0.0
-σεκ	0.0	0.924460431655	0.0755395683455	0.0
-σει	0.487285362318	0.300886350849	0.0498313490698	0.161996937763
-κάς	0.579374275782	0.201853997683	0.0130359212051	0.20573580533
-ίαλ	0.0444444444444	0.866666666667	0.0888888888888	0.0
-κκι	0.0	1.0	0.0	0.0
-τοῖ	1.0	0.0	0.0	0.0
-σεα	0.100806451613	0.767641129032	0.00302419354839	0.128528225806
-υὲν	0.707027942422	0.229466553768	0.0635055038103	0.0
-ιπω	0.750399822507	0.0121102308339	0.0059164486517	0.231573498008
-λία	0.111111111111	0.821618743344	0.0481008164714	0.0191693290735
-κχα	0.0	1.0	0.0	0.0
-φῶν	0.0274054982818	0.7514604811	0.178865979381	0.0422680412371
-λίν	0.0	1.0	0.0	0.0
-λίμ	0.0	1.0	0.0	0.0
-ωφά	0.285714285714	0.0	0.714285714286	0.0
-φύῃ	0.642579734024	0.120160056491	0.0790867364953	0.15817347299
-νωρ	0.0	1.0	0.0	0.0
-ωφα	0.0454545454545	0.818181818182	0.136363636364	0.0
-νως	0.289192019198	0.171244178798	0.144964736656	0.394599065348
-πυρ	0.0134289143339	0.970060657173	0.00068117681404	0.0158292516786
-νωχ	0.0017086715079	0.986330627937	0.0	0.0119607005553
-αλᾷ	0.5	0.25	0.0	0.25
-αλᾶ	0.0	1.0	0.0	0.0
-ῳγε	0.248275862069	0.131034482759	0.38275862069	0.237931034483
-ηπε	0.754716981132	0.169811320755	0.0754716981132	0.0
-οςὸ	0.266108130914	0.0940268820445	0.0770297149057	0.562835272135
-νὺξ	0.0401146131805	0.899713467049	0.0171919770774	0.0429799426934
-ρηχ	0.0	0.545454545455	0.454545454545	0.0
-ρκὶ	0.0778665145465	0.727324586423	0.103251568739	0.0915573302909
-ύσῳ	0.333333333333	0.666666666667	0.0	0.0
-ωπᾶ	0.0	1.0	0.0	0.0
-ωπᾷ	1.0	0.0	0.0	0.0
-ἔφη	0.916068333746	0.0264917058678	0.0	0.0574399603862
-νεθ	0.0	0.793103448276	0.206896551724	0.0
-κμῷ	0.0	1.0	0.0	0.0
-άβω	0.686868686869	0.131313131313	0.0606060606061	0.121212121212
-λώτ	0.0	1.0	0.0	0.0
-υἱῷ	0.00790513833991	0.969433465086	0.00316205533597	0.0194993412385
-ήρᾳ	0.0232558139535	0.976744186047	0.0	0.0
-αϊρ	0.0	1.0	0.0	0.0
-θεμ	0.666666666667	0.2	0.0	0.133333333333
-θεν	0.504159412595	0.121459246738	0.0233231850919	0.351058155576
-θεθ	0.0	1.0	0.0	0.0
-θει	0.785210885784	0.0946052480213	0.0375655806686	0.0826182855259
-θεε	0.153565851119	0.818584070797	0.00312337324309	0.0247267048412
-απω	0.875734813847	0.088014369693	0.00489875898107	0.0313520574788
-θεα	0.046875	0.565340909091	0.379261363636	0.00852272727273
-πᾶς	0.0230585678172	0.301556925839	0.025657381813	0.64972712453
-άπη	0.105951478393	0.882107657316	0.00227445034117	0.00966641394997
-θεέ	0.595238095238	0.261904761905	0.0	0.142857142857
-ὐτὴ	0.0693779904306	0.0538277511962	0.055023923445	0.821770334928
-ὐχὶ	0.245711636532	0.0797403801576	0.0214186369958	0.653129346314
-άπα	0.934931506849	0.0102739726028	0.0479452054794	0.00684931506849
-βες	0.576016188633	0.374890022875	0.0211156079535	0.0279781805384
-ιάμ	0.0135593220339	0.972881355932	0.0135593220339	0.0
-βερ	0.0	1.0	0.0	0.0
-κως	0.36684222975	0.167032974537	0.317277517846	0.148847277866
-νθα	0.0872093023256	0.703488372093	0.0348837209302	0.174418604651
-βετ	0.0	0.99823943662	0.0	0.00176056338028
-αλὰ	0.0363783346807	0.0573969280517	0.867421180275	0.0388035569927
-βεκ	0.0	0.775	0.0	0.225
-βελ	0.0269243397908	0.953937801961	0.0166049064215	0.00253295182701
-βεθ	0.235294117647	0.764705882353	0.0	0.0
-κων	0.321711607229	0.525793669351	0.109440323984	0.0430543994364
-ιάς	0.176991150443	0.695575221239	0.127433628319	0.0
-βεν	0.787856455121	0.061141686577	0.0398009358866	0.111200922415
-ρφα	0.0	1.0	0.0	0.0
-κωε	0.0	1.0	0.0	0.0
-κωβ	0.00707969259922	0.962943467733	0.00189493630909	0.0280819033583
-βεδ	0.122448979592	0.877551020408	0.0	0.0
-ρφη	0.0180541624875	0.795386158476	0.055667001003	0.130892678034
-πᾶν	0.115096830986	0.11064040493	0.0377970950704	0.736465669014
-ρὸς	0.0324706021147	0.169768601479	0.0416963326136	0.756064463793
-ηει	0.413357400722	0.0812274368231	0.427797833935	0.0776173285198
-απα	0.920063381051	0.0445306523877	0.0154081521145	0.0199978144465
-όπῳ	0.0587299224948	0.77270489645	0.0188210511855	0.14974412987
-θεω	0.0150423129749	0.969975303584	0.00152547904128	0.0134569043999
-θετ	0.0	1.0	0.0	0.0
-αγέ	0.622222222222	0.333333333333	0.0	0.0444444444444
-σὺν	0.0545888775162	0.0485938490033	0.00643368913584	0.890383584345
-απο	0.0480547847216	0.00624811936619	0.000872194440476	0.944824901472
-θες	0.501043514557	0.277887926537	0.129708859439	0.0913596994678
-μνὰ	0.193548387097	0.145161290323	0.629032258065	0.0322580645161
-ιβι	0.0666666666667	0.933333333333	0.0	0.0
-δὼκ	0.0	1.0	0.0	0.0
-άβε	0.928825622776	0.0106761565836	0.0391459074733	0.0213523131673
-ιβε	0.637168141593	0.345132743363	0.0	0.0176991150442
-ιβη	0.47011027278	0.320951828207	0.0975043528729	0.11143354614
-άβα	0.200836820084	0.686192468619	0.0	0.112970711297
-ιβα	0.0541754450953	0.760609357998	0.112981270113	0.0722339267937
-ᾠῶν	0.0	1.0	0.0	0.0
-ιβή	0.0	1.0	0.0	0.0
-ιβί	0.555555555555	0.0	0.0	0.444444444445
-μνὴ	0.0	0.16393442623	0.83606557377	0.0
-νὺς	0.657303370787	0.23595505618	0.067415730337	0.0393258426966
-ηπω	0.115315811201	0.713499380762	0.0291729737168	0.142011834319
-ἐμή	0.158301158301	0.359073359073	0.0463320463321	0.436293436293
-δώῃ	0.538461538462	0.107692307692	0.107692307692	0.246153846154
-ἐμά	0.0668151447661	0.738307349666	0.186525612472	0.00835189309577
-γολ	0.0	0.692307692308	0.307692307692	0.0
-έρᾳ	0.0230975170169	0.866371240092	0.0335088977935	0.0770223450979
-ομῶ	0.692771084337	0.16265060241	0.0361445783132	0.10843373494
-ιμῇ	0.153207964602	0.684181415929	0.132743362832	0.0298672566371
-μλα	0.0	0.813953488372	0.0	0.186046511628
-φθω	0.0	1.0	0.0	0.0
-κὼβ	0.00590841949778	0.988183161004	0.0	0.00590841949778
-κὼν	0.0575263662512	0.784276126558	0.0345158197507	0.12368168744
-ουλ	0.0186368113596	0.978086386643	0.00143360087381	0.00184320112347
-μνω	0.0	0.893617021277	0.0510638297872	0.0553191489362
-ιμῶ	0.767123287671	0.205479452055	0.0	0.027397260274
-ιμῷ	0.132473622509	0.797186400938	0.0492379835874	0.021101992966
-κτο	0.734693877551	0.142857142857	0.0	0.122448979592
-φες	0.835600720373	0.0824256086808	0.0283821577096	0.0535915132362
-ϊον	0.0	1.0	0.0	0.0
-σῶς	0.14859437751	0.164658634538	0.0722891566265	0.614457831325
-κτη	0.219557884351	0.407007053051	0.21874125035	0.154693812247
-λλή	0.0492984452029	0.273795980281	0.337504740235	0.339400834281
-κτα	0.0673886883273	0.749215914798	0.138055847712	0.0453395491629
-εβα	0.0	1.0	0.0	0.0
-κτά	0.142857142857	0.142857142857	0.714285714286	0.0
-κτί	0.232044198895	0.690607734807	0.0220994475138	0.0552486187845
-κτή	0.588235294118	0.117647058823	0.0588235294118	0.235294117647
-νίᾳ	0.140058972199	0.795176916597	0.0310657118787	0.033698399326
-θὴρ	0.0	1.0	0.0	0.0
-τωβ	0.0	1.0	0.0	0.0
-υλῇ	0.168685927307	0.797763280522	0.0	0.0335507921715
-ωυε	0.0	1.0	0.0	0.0
-ομῇ	0.267886855241	0.582362728785	0.0149750415973	0.134775374376
-ῆτα	0.379821958457	0.370919881306	0.249258160237	0.0
-τωρ	0.0535336712957	0.872762988354	0.0153569801488	0.0583463602017
-τως	0.0745112350324	0.137493109721	0.0900361444735	0.697959510773
-εὼν	0.0	0.972789115646	0.0	0.0272108843537
-έρῳ	0.0689416200033	0.10761213062	0.347202971669	0.476243277707
-ομᾷ	0.0782122905028	0.698324022346	0.0446927374303	0.178770949721
-θλῇ	0.645	0.25	0.075	0.03
-κτώ	0.0907590759076	0.039603960396	0.036303630363	0.833333333333
-κτω	0.0529301411471	0.287285599428	0.14092370913	0.518860550295
-εύῃ	0.732926152138	0.130483064964	0.0133259300389	0.12326485286
-σῶν	0.240006997289	0.395434269221	0.0404093413801	0.324149392111
-ῆτε	0.687162408094	0.129713272242	0.0967381883602	0.0863861313033
-φεν	0.675388085839	0.24214181829	0.030082217803	0.0523878780683
-φεκ	0.0	1.0	0.0	0.0
-στᾶ	0.0818181818182	0.856363636364	0.0	0.0618181818182
-δρῷ	0.6	0.0	0.4	0.0
-φει	0.91490933079	0.066419050214	0.0078300337724	0.0108415852233
-ιμᾶ	0.0	0.98	0.0	0.02
-ιμᾷ	0.628396946565	0.371603053435	0.0	0.0
-ύτα	0.669230769231	0.0846153846154	0.0923076923077	0.153846153846
-βεε	0.01875	0.946875	0.01875	0.015625
-κὼς	0.615061892498	0.212345268755	0.103223394534	0.0693694442137
-ίδι	0.0788117892782	0.779995358552	0.108331399397	0.0328614527733
-ῖλε	0.60815047022	0.147335423197	0.0564263322884	0.188087774295
-ῖλα	0.363636363636	0.0	0.636363636364	0.0
-ἴση	0.442857142857	0.3	0.142857142857	0.114285714286
-έλι	0.0209140201394	0.95894655306	0.0154918667699	0.00464756003098
-νίῳ	0.0649840440963	0.835799245721	0.0922541340296	0.00696257615317
-πνω	0.213974113999	0.585932148394	0.135198471356	0.0648952662508
-οὸς	0.051282051282	0.774216524217	0.155982905983	0.0185185185185
-έρῃ	0.907813378302	0.0247329960652	0.0449690837549	0.0224845418775
-στᾷ	0.893617021277	0.0354609929078	0.0709219858156	0.0
-έλη	0.180784464035	0.788041395171	0.00792129807078	0.0232528427239
-ρῶς	0.125578321216	0.228905045164	0.110156422119	0.5353602115
-σαῦ	0.115151515151	0.872727272727	0.0	0.0121212121212
-ρυς	0.0283142886035	0.646071392456	0.283142886035	0.0424714329053
-λλο	0.0803764466488	0.132137860867	0.222688541269	0.564797151215
-ετε	0.687188284128	0.156256771635	0.0435872436691	0.112967700568
-ρυω	0.0	1.0	0.0	0.0
-ηθε	0.0	0.6	0.4	0.0
-ιαί	0.121580547112	0.817629179331	0.0607902735562	0.0
-ετι	0.0515159966917	0.026573491362	0.104709303279	0.817201208667
-ομὴ	0.287085933749	0.626500240038	0.0460873739798	0.0403264522324
-ηθα	0.0	1.0	0.0	0.0
-υτὰ	0.316301703163	0.318734793187	0.36496350365	0.0
-ιαδ	0.0	1.0	0.0	0.0
-αχι	0.0416666666666	0.916666666667	0.0416666666666	0.0
-νοὴ	0.0666666666666	0.933333333333	0.0	0.0
-ρὶν	0.0519864750634	0.0950972104818	0.0050718512257	0.847844463229
-ρὶξ	0.10303030303	0.872727272727	0.0242424242424	0.0
-ιαβ	0.0	1.0	0.0	0.0
-ιαν	0.127748394536	0.696968209349	0.0745660376701	0.100717358444
-ιαμ	0.00861725045879	0.988031596585	0.00335115295619	0.0
-αχα	0.147362770098	0.236209904711	0.107099718159	0.509327607033
-ιαι	0.180194231341	0.653213577431	0.102337864099	0.0642543271288
-ιαθ	0.0	1.0	0.0	0.0
-ιαλ	0.0752688172043	0.835125448029	0.0465949820788	0.0430107526882
-ετέ	0.770181548001	0.158608861098	0.0354832773772	0.0357263135236
-ιμὴ	0.103535353535	0.84595959596	0.020202020202	0.030303030303
-χης	0.0971748980453	0.80137355803	0.0373437836296	0.0641077602954
-ὅδε	0.652173913043	0.0869565217393	0.0	0.260869565217
-τθι	0.0	1.0	0.0	0.0
-δυο	0.00838591289224	0.0104086456502	0.00183884796175	0.979366593496
-εαρ	0.0564142869618	0.547987075365	0.107938171339	0.287660466335
-χυι	0.0660075198441	0.651766234972	0.113029754445	0.169196490739
-εας	0.0940057542448	0.78528409405	0.0619674497201	0.058742701985
-χυν	0.170679180997	0.719552569831	0.0596252129472	0.0501430362251
-εαφ	0.0	1.0	0.0	0.0
-ιχω	0.00619955550357	0.985378406831	0.0	0.00842203766522
-ιχώ	0.0	1.0	0.0	0.0
-χυε	0.225988700565	0.0903954802259	0.683615819209	0.0
-χυϊ	0.0780234070221	0.895968790637	0.0	0.0260078023407
-χυω	0.358916478555	0.293453724605	0.270880361174	0.0767494356659
-ντι	0.344784465936	0.247864160119	0.0377112659649	0.36964010798
-ιχη	0.0327272727273	0.967272727273	0.0	0.0
-ντο	0.672504749572	0.129499350806	0.0998694154924	0.0981264841296
-ιχε	0.511509285901	0.354433690819	0.0752027203766	0.0588543029035
-κον	0.127892745942	0.650614113687	0.184083517209	0.0374096231624
-εαι	0.219124616671	0.538147012359	0.0661648545674	0.176563516402
-χυς	0.0627462867536	0.524401333737	0.328281297363	0.0845710821461
-ντα	0.206857131269	0.283015012989	0.0400661090778	0.470061746665
-εαν	0.0352064925753	0.0646927066129	0.00673875301407	0.893362047798
-ντη	0.352208172989	0.401136155397	0.126076598864	0.120579072751
-ντε	0.00951275322019	0.0161578365507	0.0105016049063	0.963827805323
-δυς	0.884345794393	0.0280373831776	0.0876168224299	0.0
-ντί	0.65119210167	0.270034660225	0.0630185904842	0.015754647621
-ντά	0.666936156495	0.194805327711	0.0243564224714	0.113902093322
-χηλ	0.0658442743247	0.896077109198	0.0166593947087	0.0214192217683
-χην	0.132751715962	0.711773523921	0.0441570208557	0.111317739261
-εαί	0.466448445172	0.345335515548	0.0736497545008	0.114566284779
-σαῖ	0.222222222222	0.481481481482	0.296296296296	0.0
-οαί	0.278008298755	0.54356846473	0.0414937759336	0.136929460581
-αχω	0.114285714286	0.771428571429	0.114285714286	0.0
-ιαρ	0.0458333333333	0.886111111111	0.0680555555555	0.0
-αχύ	0.0187137421246	0.0724221820223	0.304410205227	0.604453870626
-ιας	0.0854529805639	0.793006531299	0.0757823015367	0.0457581866004
-ίλα	0.0	0.107142857143	0.892857142857	0.0
-ρὶς	0.0599408478475	0.281432796582	0.0120276043378	0.646598751232
-σφα	0.0519480519481	0.948051948052	0.0	0.0
-ββί	0.155320016307	0.800652262536	0.0	0.0440277211578
-ρυά	0.222222222222	0.666666666667	0.111111111111	0.0
-αχυ	0.0293382042996	0.0573275256428	0.257411830828	0.65592243923
-ιαϊ	0.142857142857	0.857142857143	0.0	0.0
-ρυα	0.0927835051546	0.886597938144	0.0	0.020618556701
-ρρῳ	0.0	0.956204379562	0.0437956204379	0.0
-ββα	0.0447889750215	0.874246339363	0.0	0.0809646856159
-οαμ	0.0301243226012	0.967963021996	0.0	0.00191265540325
-ηθω	0.675	0.1	0.0	0.225
-οαι	0.39511646787	0.453069381128	0.0749391119715	0.0768750390308
-οαθ	0.0	1.0	0.0	0.0
-ρυι	0.0	1.0	0.0	0.0
-ξυη	1.0	0.0	0.0	0.0
-ββι	0.00664713029805	0.945536416268	0.0	0.0478164534343
-ετω	0.594289458569	0.243231739012	0.0679658126005	0.0945129898176
-ρυν	0.063492063492	0.777777777778	0.126984126984	0.031746031746
-ετό	0.701834862385	0.224770642202	0.0321100917431	0.0412844036697
-ρυξ	0.618281845112	0.342361404994	0.0241218789674	0.0152348709268
-υνῷ	0.0	1.0	0.0	0.0
-υνῶ	0.828375286041	0.0755148741418	0.0594965675058	0.0366132723112
-σαϊ	0.060606060606	0.939393939394	0.0	0.0
-ρεᾷ	0.195652173913	0.195652173913	0.565217391304	0.0434782608696
-ρεᾶ	0.0	0.777777777778	0.0	0.222222222222
-ορᾷ	0.204242538014	0.614041674489	0.0758400600713	0.105875727426
-ἀνῇ	0.636363636364	0.363636363636	0.0	0.0
-ιάν	0.404464285714	0.334821428571	0.182142857143	0.0785714285715
