-rbt	0.86298556153	0.0960853017581	0.021597293542	0.0193318431704
-eut	0.585498255138	0.119038386972	0.236138037999	0.0593253198914
-eus	0.00287150035894	0.995692749462	0.0	0.00143575017947
-rba	0.278260869565	0.678260869565	0.0434782608695	0.0
-eui	0.334658187599	0.460254372019	0.169316375199	0.0357710651829
-ive	0.037557286039	0.962442713961	0.0	0.0
-rbe	0.599743453645	0.276893135173	0.104122434536	0.0192409766454
-eue	0.25598027127	0.425154130703	0.283353884094	0.0355117139334
-eud	0.178120430679	0.623571048784	0.173800345607	0.0245081749302
-rbi	0.421319796954	0.135152284264	0.140862944162	0.302664974619
-zeh	0.600674536256	0.215177065767	0.0890387858348	0.0951096121416
-uft	0.84333378698	0.124687811499	0.0243313924619	0.00764700905944
-aus	0.0382436260623	0.766288951841	0.042492917847	0.152974504249
-aut	0.440559440559	0.46013986014	0.0167832167832	0.0825174825175
-ufs	0.297180043384	0.33550253073	0.0477223427332	0.319595083153
-ehr	0.203399697287	0.760391198044	0.0167656304576	0.0194434742112
-aua	0.2271973466	0.255389718076	0.303482587065	0.213930348259
-ufe	0.717391464883	0.159027300856	0.0529844849613	0.0705967493003
-uff	0.33197721725	0.0629237862762	0.0716029292108	0.533496067263
-aub	0.444593013538	0.480820658533	0.0368544208591	0.03773190707
-aue	0.581375533827	0.17336007232	0.22082523717	0.0244391566828
-ufa	0.317824497258	0.337294332724	0.32239488117	0.0224862888482
-aug	0.03549003549	0.943488943489	0.001638001638	0.019383019383
-auf	0.624274208653	0.333021165012	0.0247237310358	0.0179808952987
-aui	0.0	0.310104529617	0.606271777003	0.0836236933798
-aum	0.0344874163202	0.930923133584	0.0303040315003	0.00428541859599
-ufi	0.208480039172	0.765018260933	0.0127208159495	0.0137808839453
-aun	0.0879120879121	0.89010989011	0.021978021978	0.0
-war	0.908450272208	0.0217975542361	0.00849713042378	0.0612550431317
-pfs	0.263513513514	0.736486486486	0.0	0.0
-gku	0.664739884393	0.248554913295	0.0	0.0867052023121
-rbä	0.630136986301	0.169520547945	0.0565068493151	0.143835616438
-eck	0.334047477085	0.518104554688	0.102826594444	0.0450213737835
-ech	0.191468109991	0.769295781862	0.0256110366494	0.0136250714975
-idi	0.0676600886026	0.0922271445832	0.016512283528	0.823600483286
-ide	0.170328912643	0.726888858245	0.0647887056048	0.037993523507
-ida	0.0592703541244	0.858029314218	0.0420455761207	0.0406547555365
-ufä	0.50625	0.3125	0.025	0.15625
-tli	0.0	1.0	0.0	0.0
-tla	0.129527991218	0.810098792536	0.0428100987925	0.0175631174533
-ids	0.0131578947368	0.986842105263	0.0	0.0
-tle	0.558803863299	0.260215453195	0.0546062407132	0.126374442794
-uta	0.137017846862	0.206678180771	0.59067357513	0.0656303972366
-ute	0.62693498452	0.294117647059	0.0185758513932	0.0603715170278
-utt	0.769230769231	0.230769230769	0.0	0.0
-utz	0.0666666666666	0.578787878788	0.30303030303	0.0515151515151
-z`s	0.557894736842	0.0631578947368	0.0	0.378947368421
-pha	0.103448275862	0.896551724138	0.0	0.0
-ofä	0.372093023256	0.0	0.627906976744	0.0
-ßig	0.146944322541	0.667888843274	0.0237828961339	0.161383938051
-ija	0.0260869565218	0.947826086956	0.0260869565217	0.0
-iji	0.0877192982456	0.385964912281	0.105263157895	0.421052631579
-h´s	0.523206751055	0.181434599156	0.168776371308	0.126582278481
-ä's	0.201680672269	0.445378151261	0.252100840336	0.100840336134
-aul	0.0054844606947	0.959414990859	0.0197440585009	0.0153564899451
-t´s	0.366459627329	0.298136645963	0.242236024845	0.0931677018633
-dok	0.0	1.0	0.0	0.0
-oft	0.22886840557	0.203569327319	0.0254951951363	0.542067071975
-off	0.886756238004	0.0863723608445	0.00383877159309	0.0230326295585
-ofe	0.510608739581	0.183505935842	0.136271785805	0.169613538772
-ade	0.144036403515	0.779079720008	0.0668900775854	0.00999379889169
-ada	0.00354997744367	0.991741631421	0.00145735916109	0.00325103197473
-adt	0.00962966511761	0.979015953624	0.00388061131605	0.00747376994203
-adr	0.560439560439	0.340659340659	0.0	0.0989010989011
-ads	0.0212637296186	0.46726331182	0.00379316789991	0.507679790661
-oht	0.815115312477	0.0748666943688	0.0163965772991	0.0936214158549
-sen	0.386606409203	0.426047658176	0.113393590797	0.0739523418241
-sem	0.241210224309	0.158789775691	0.069066249348	0.530933750652
-sel	0.0272386789241	0.966632618318	0.00612870275792	0.0
-lbi	0.17673992674	0.455128205128	0.208791208791	0.159340659341
-ohr	0.0324748333115	0.736043927311	0.216028238985	0.0154530003922
-lbe	0.0960592384852	0.16050793717	0.483717105478	0.259715718867
-sef	0.00352526439483	0.99294947121	0.00352526439483	0.0
-see	0.0275077069006	0.953995731563	0.00355703106474	0.0149395304719
-fle	0.315465583689	0.638846297294	0.0195806224359	0.0261074965812
-sea	0.0405405405405	0.918918918919	0.0	0.0405405405404
-ohe	0.264866297171	0.418707355312	0.269613796454	0.0468125510632
-ohl	0.16845671909	0.0814473852449	0.0447513105741	0.705344585091
-lbt	0.860433604336	0.0887533875339	0.0162601626016	0.0345528455284
-ohn	0.164568968563	0.788173711689	0.021231549452	0.0260257702959
-aar	0.0213303077578	0.0502907389023	0.0771805417671	0.851198411573
-erä	0.406670942912	0.147530468249	0.086593970494	0.359204618345
-ohi	0.250126710593	0.133299543842	0.0486568677141	0.567916877851
-uig	0.413265306122	0.456632653061	0.0816326530612	0.0484693877551
-bli	0.0280373831776	0.532710280374	0.429906542056	0.00934579439251
-rdä	0.506512301013	0.23010130246	0.111432706223	0.151953690304
-ble	0.245213849287	0.620061099796	0.0876782077393	0.0470468431772
-änz	0.0	0.990654205607	0.00934579439252	0.0
-d`s	0.221529609206	0.35131042663	0.0498176633144	0.377342300849
-äna	0.0	1.0	0.0	0.0
-mti	0.455497382199	0.230366492147	0.267015706806	0.0471204188482
-äne	0.0434959010036	0.112826815909	0.0160200952256	0.827657187862
-änd	0.0668637496324	0.861861350586	0.010370072281	0.0609048275008
-äng	0.692307692308	0.307692307692	0.0	0.0
-änk	0.1875	0.753676470588	0.0514705882353	0.00735294117645
-mta	0.0645161290323	0.935483870968	0.0	0.0
-mte	0.335284725918	0.274547631719	0.364222990953	0.0259446514103
-lar	0.382867132867	0.15034965035	0.445804195804	0.020979020979
-uut	0.150735294118	0.606617647059	0.0882352941177	0.154411764706
-adä	0.543083003953	0.427272727273	0.0272727272727	0.00237154150198
-zoe	0.422077922078	0.227272727273	0.0	0.350649350649
-adö	0.606602475928	0.0178817056396	0.0577716643741	0.317744154058
-üma	0.155172413793	0.801724137931	0.0431034482758	0.0
-ehä	0.26557711951	0.541368743616	0.0888661899897	0.104187946885
-erz	0.0388730385164	0.908896381792	0.0186746206718	0.0335559590196
-rav	0.288852725793	0.578519121237	0.100895036615	0.0317331163548
-lbä	0.373913043478	0.45652173913	0.104347826087	0.0652173913043
-rat	0.226394408661	0.154596534067	0.55360235215	0.0654067051217
-rau	0.121049092132	0.232010759919	0.622730329523	0.0242098184263
-ert	0.396542053686	0.201006701255	0.111356163024	0.291095082036
-ras	0.020035618878	0.965271593945	0.0146927871772	0.0
-ran	0.272357723577	0.662601626016	0.0162601626016	0.0487804878049
-rao	0.0125	0.979166666667	0.0	0.00833333333333
-ram	0.0	1.0	0.0	0.0
-erm	0.0512820512821	0.538461538462	0.0512820512821	0.358974358974
-ern	0.0460781864016	0.0858155311155	0.0268566786778	0.841249603805
-rai	0.0303951367781	0.692097264438	0.26170212766	0.0158054711246
-rag	0.337713534823	0.508541392904	0.0827858081472	0.0709592641261
-erb	0.101190476191	0.886904761905	0.00793650793652	0.00396825396825
-ihm	0.250935662092	0.127606487257	0.019604348601	0.60185350205
-rab	0.047385620915	0.778954248366	0.0149019607843	0.158758169935
-ere	0.150025840949	0.295709438779	0.187385573766	0.366879146505
-erf	0.678571428572	0.0357142857143	0.206349206349	0.0793650793651
-erg	0.0243155513874	0.972131851819	0.0	0.00355259679361
-ugt	0.243978805395	0.673410404624	0.00770712909442	0.0749036608863
-ugs	0.0	1.0	0.0	0.0
-swo	0.745192307692	0.100961538462	0.0	0.153846153846
-seß	0.0	0.0267558528428	0.973244147157	0.0
-uge	0.372387980071	0.607996322775	0.00813586033112	0.0114798368231
-änä	0.192771084337	0.385542168675	0.325301204819	0.0963855421687
-aza	0.0	1.0	0.0	0.0
-ugi	0.6875	0.1875	0.0	0.125
-ike	0.00985221674877	0.990147783251	0.0	0.0
-nor	0.0	0.948497854077	0.0515021459227	0.0
-not	0.159852427834	0.729860370812	0.0762682636233	0.0340189377312
-noh	0.103982097564	0.046285041977	0.0369391234211	0.812793737038
-non	0.0	1.0	0.0	0.0
-noe	0.110320284698	0.155990510083	0.26453143535	0.46915776987
-tod	0.831195484864	0.0800410466906	0.0215495125705	0.0672139558747
-gle	0.541340782123	0.306145251397	0.022905027933	0.129608938547
-efe	0.832539946123	0.0911472748072	0.029152367246	0.0471604118233
-ton	0.083179297597	0.839186691312	0.0554528650647	0.0221811460259
-gli	0.0494582908225	0.150075304863	0.013117621338	0.787348782976
-toh	0.750528366002	0.159131407733	0.030002900833	0.060337325432
-glo	0.750654466579	0.15570071555	0.0176518985763	0.0759929192949
-tor	0.107692307692	0.807692307692	0.0384615384615	0.0461538461538
-rot	0.0593805539866	0.890779533337	0.0278268704875	0.0220130421892
-ieh	0.934570589906	0.0361708171575	0.0156235204999	0.0136350724363
-iem	0.0227272727273	0.0227272727273	0.136363636364	0.818181818182
-e`s	0.330017348935	0.149514598944	0.0408807352995	0.479587316821
-ien	0.0807372266478	0.880257750266	0.0209295245827	0.0180754985032
-ieb	0.242020164589	0.715514169376	0.0127283225391	0.0297373434965
-iee	0.767441860465	0.232558139535	0.0	0.0
-ied	0.306755955495	0.599595409996	0.0416797460849	0.0519688884238
-ieg	0.311943793911	0.463700234192	0.112412177986	0.111943793911
-ief	0.305263157895	0.24976076555	0.404784688995	0.0401913875598
-rof	0.299363057325	0.658174097665	0.0339702760085	0.00849256900212
-rog	0.787954830615	0.151819322459	0.0100376411543	0.0501882057716
-rom	0.0184967025224	0.972254946216	0.0023120878153	0.00693626344589
-ron	0.0178919973975	0.968228150076	0.00227716330514	0.0116026892214
-ier	0.0441456634605	0.553129524649	0.0374065251028	0.365318286788
-roh	0.328417116743	0.283547985044	0.361549646863	0.0264852513502
-iet	0.281435491574	0.240977007573	0.116258443065	0.361329057788
-äbe	0.319771281501	0.452013953422	0.0699076849545	0.158307080123
-olz	0.0679670663646	0.729789467868	0.193954799138	0.00828866662983
-dde	0.110285749757	0.678660845455	0.0297957747936	0.181257629994
-nga	0.115480595474	0.46387287382	0.353956917075	0.0666896136305
-ols	0.0663425402681	0.0809527278776	0.0222044420489	0.830500289805
-äbi	0.438131313131	0.232323232323	0.0378787878788	0.291666666667
-roß	0.0788538728574	0.22847960512	0.557062269473	0.135604252549
-ieß	0.531655569349	0.261370048527	0.0529285633676	0.154045818756
-äbt	0.655956441094	0.117872314964	0.158559205409	0.0676120385329
-hys	0.0	1.0	0.0	0.0
-gnä	0.356949152542	0.643050847458	0.0	0.0
-lfe	0.726858562849	0.123006833713	0.0320977428039	0.118036860634
-leh	0.483375959079	0.447570332481	0.0	0.0690537084399
-lei	0.0351339311654	0.128643644322	0.0654258100753	0.770796614437
-ois	0.0	1.0	0.0	0.0
-lem	0.0267164404598	0.707080826589	0.0279485822583	0.238254150692
-len	0.731607119463	0.108186258913	0.0184349909229	0.141771630701
-mul	0.0744855217629	0.857403023129	0.0109269714078	0.0571844837007
-leb	0.864038546775	0.0982885347144	0.0192272571649	0.0184456613452
-led	0.0163487738419	0.983651226158	0.0	0.0
-leg	0.765969162996	0.158039647577	0.0247797356828	0.0512114537445
-mut	0.112845589618	0.672747790107	0.12413014858	0.0902764716946
-mäß	0.624217118998	0.319415448852	0.0250521920668	0.0313152400835
-mus	0.0151802656546	0.984819734345	0.0	0.0
-ler	0.12510460251	0.712133891213	0.114225941423	0.0485355648536
-les	0.0378081538865	0.448598973266	0.0216084563162	0.491984416532
-let	0.598070326842	0.24859952611	0.0504795472547	0.102850599793
-jas	0.068237205524	0.922014622258	0.0	0.00974817221771
-äas	0.218181818182	0.709090909091	0.0363636363636	0.0363636363636
-olf	0.0	1.0	0.0	0.0
-rme	0.122461447322	0.144398985505	0.719773404669	0.0133661625044
-sal	0.129545454545	0.826136363636	0.0272727272727	0.0170454545455
-rüs	0.336283185841	0.389380530974	0.061209439528	0.213126843658
-jag	0.786206896552	0.131034482759	0.048275862069	0.0344827586207
-pel	0.00502844372206	0.988266964649	0.00609508329947	0.000609508329946
-pen	0.208860759494	0.664556962025	0.0759493670886	0.0506329113924
-ogt	0.896257081824	0.0547041887248	0.00612984118139	0.0429088882697
-per	0.0190476190476	0.961904761905	0.0	0.0190476190476
-lse	0.00553709856036	0.96788482835	0.0221483942414	0.00442967884829
-oga	0.32	0.388571428571	0.188571428571	0.102857142857
-oge	0.545580529211	0.378134338054	0.0197263002902	0.0565588324456
-lso	0.677685950413	0.103305785124	0.0330578512396	0.185950413223
-itz	0.0310157663479	0.64280175756	0.295683639183	0.0304988369088
-ess	0.406824146982	0.402887139108	0.0328083989501	0.157480314961
-r`s	0.344521641241	0.280993107035	0.109579151048	0.264906100676
-its	0.160784313725	0.549019607843	0.266666666667	0.0235294117647
-esu	0.383720930233	0.418604651163	0.046511627907	0.151162790698
-est	0.705865451823	0.144065619242	0.0742609132877	0.0758080156479
-esi	0.146467059768	0.36951370074	0.375233156349	0.108786083143
-tes	0.0211857579425	0.843600776912	0.101417273662	0.0337961914834
-eso	0.0869168588298	0.188607049641	0.113017256671	0.611458834858
-ith	0.0	0.758620689655	0.241379310345	0.0
-iti	0.17056334892	0.43976842574	0.38966822534	0.0
-tet	0.700628956542	0.158853970847	0.0617914532759	0.0787256193353
-esa	0.163212435233	0.582901554404	0.160621761658	0.0932642487047
-ite	0.174368251578	0.369028823056	0.35935253065	0.0972503947158
-ese	0.299963218568	0.2778284972	0.368543870724	0.0536644135084
-ita	0.118232044199	0.702394106814	0.134254143646	0.0451197053407
-n's	0.630474554392	0.165934704085	0.0495955199037	0.153995221619
-mäa	0.0	1.0	0.0	0.0
-fan	0.0	1.0	0.0	0.0
-rin	0.177203135301	0.280272507509	0.0660757453666	0.476448611823
-uda	0.0725673446949	0.897746014294	0.00989554700385	0.0197910940077
-fat	0.471264367816	0.402298850575	0.0919540229886	0.0344827586207
-leß	0.783582089552	0.0	0.0	0.216417910448
-nüs	0.189024390244	0.143292682927	0.0274390243902	0.640243902439
-zge	0.48104131296	0.320882852292	0.127334465195	0.0707413695529
-aeh	0.61038961039	0.233766233766	0.0	0.155844155844
-ael	0.00579677199364	0.982268697431	0.00204591952716	0.00988861104796
-och	0.206527656072	0.154735631334	0.0342886450218	0.604448067573
-lsä	0.0709677419355	0.890322580645	0.0387096774194	0.0
-ogä	0.800445339837	0.0983988972538	0.0553493797053	0.0458063832043
-ser	0.138909634055	0.682598954443	0.144884241972	0.0336071695295
-tna	0.0318523086846	0.895241295882	0.0141565816376	0.0587498137962
-öht	0.141891891892	0.547297297297	0.0675675675675	0.243243243243
-öhr	0.0	0.889930697106	0.110069302894	0.0
-öhe	0.6875	0.3125	0.0	0.0
-öhm	0.233835252436	0.491585473871	0.216120460585	0.058458813109
-öhn	0.687772925764	0.312227074236	0.0	0.0
-izt	0.79746835443	0.164556962025	0.0253164556962	0.0126582278481
-eas	0.0	1.0	0.0	0.0
-rnt	0.726234109008	0.1768070991	0.0408247544809	0.0561340374112
-rns	0.0	1.0	0.0	0.0
-tel	0.028692283484	0.896150501511	0.0683795102454	0.00677770476
-ize	0.108520900322	0.884588883785	0.00516766192008	0.00172255397336
-rne	0.220388489275	0.643087667811	0.0754131703715	0.0611106725425
-rnd	0.804469273743	0.162011173184	0.0	0.0335195530726
-rna	0.0	0.99504950495	0.00495049504951	0.0
-rno	0.125448405132	0.0892539173298	0.0200779705485	0.765219706989
-eam	0.010582010582	0.989417989418	0.0	0.0
-rni	0.156939442364	0.49245116512	0.280487514012	0.0701218785031
-ard	0.446808510638	0.510638297872	0.0425531914894	0.0
-urm	0.0908173562058	0.806256306761	0.0726538849646	0.0302724520686
-ure	0.0254813137033	0.939411098528	0.035107587769	0.0
-urf	0.117647058824	0.764705882353	0.078431372549	0.0392156862745
-urg	0.00301204819277	0.948795180723	0.0361445783133	0.0120481927711
-urz	0.178181818182	0.390545454545	0.197818181818	0.233454545455
-urr	0.18147086915	0.446036294174	0.372492836676	0.0
-urt	0.175938025014	0.481052828075	0.252006720179	0.0910024267314
-nnä	0.128078817734	0.305418719212	0.108374384236	0.458128078818
-ült	0.515625	0.296875	0.046875	0.140625
-üla	0.472934472934	0.333333333333	0.0	0.193732193732
-mdt	0.330985915493	0.056338028169	0.598591549296	0.0140845070422
-t's	0.665300087371	0.213387996505	0.0664247149226	0.0548872012008
-n´s	0.493377483444	0.427152317881	0.0298013245033	0.0496688741722
-r's	0.196108834689	0.0680373333296	0.0294163252034	0.706437506778
-izä	0.136363636364	0.727272727273	0.030303030303	0.106060606061
-ihe	0.350553505535	0.574723247233	0.0470479704797	0.0276752767528
-nns	0.333333333333	0.444444444444	0.0833333333333	0.138888888889
-ihn	0.233228840125	0.443260188088	0.0225705329154	0.300940438872
-nnt	0.654834774147	0.092570905259	0.0861344823985	0.166459838195
-ihr	0.019953981954	0.029206496473	0.00981810563029	0.941021415943
-klo	0.0576923076923	0.625	0.201923076923	0.115384615385
-kli	0.220504475183	0.578722538649	0.0984540276648	0.102318958503
-iht	0.746249519169	0.108731888704	0.0677009873061	0.0773176048211
-kle	0.128447786654	0.741065572935	0.111117529725	0.019369110686
-nna	0.0192766017103	0.953042198234	0.00935090424786	0.0183302958082
-nn`	0.689655172414	0.0344827586207	0.0	0.275862068966
-kla	0.398034398034	0.144963144963	0.398034398034	0.0589680589681
-nne	0.461924257253	0.251310289732	0.110620433912	0.176145019103
-rts	0.331230283912	0.332807570978	0.132492113565	0.203470031546
-mdi	0.179611650485	0.233009708738	0.361650485437	0.22572815534
-mda	0.0224887556222	0.899550224888	0.0779610194902	0.0
-mde	0.120128813196	0.716753132765	0.0666935885972	0.0964244654418
-uäl	0.980392156863	0.0196078431373	0.0	0.0
-ird	0.402277386115	0.0117663169696	0.00126408387125	0.584692213045
-ldä	0.00689655172412	0.0206896551724	0.972413793103	0.0
-hch	0.166777294803	0.034961412959	0.0132554553749	0.785005836863
-aje	0.693959731544	0.265771812081	0.00805369127517	0.0322147651007
-aja	0.00527588480985	0.993405143988	0.0	0.00131897120246
-mdä	0.377777777778	0.333333333333	0.288888888889	0.0
-ajt	0.685254402418	0.282956676925	0.0272476462768	0.00454127437948
-ldi	0.0529801324503	0.0397350993377	0.907284768212	0.0
-lda	0.133928571429	0.588977832512	0.153171182266	0.123922413793
-dbi	0.7	0.1	0.0	0.2
-lde	0.524667188724	0.182458888019	0.213782302271	0.0790916209867
-sge	0.697197338628	0.125549100704	0.0909387832992	0.0863147773688
-fre	0.366101694915	0.620338983051	0.0	0.0135593220339
-ers	0.0737016117923	0.339899894384	0.0799008127841	0.50649768104
-ose	0.20751604033	0.304491292392	0.457928505958	0.0300641613199
-uso	0.0	0.342857142857	0.257142857143	0.4
-öfe	0.505643340858	0.386004514673	0.0609480812641	0.0474040632054
-g´s	0.244897959184	0.510204081633	0.0816326530612	0.163265306122
-use	0.52140870056	0.402234048749	0.029476721006	0.046880529685
-uss	0.12213740458	0.534351145038	0.18320610687	0.160305343511
-ust	0.342281879195	0.429530201342	0.149888143177	0.0782997762863
-epf	0.0320284697509	0.954132068011	0.00909450375643	0.00474495848161
-wig	0.159954298772	0.165238503285	0.221603351423	0.45320384652
-ius	0.0137781303495	0.979959083128	0.0012525573045	0.00501022921799
-us'	0.0	0.697478991597	0.252100840336	0.0504201680672
-wib	0.136342699217	0.813910640258	0.016582220175	0.03316444035
-ium	0.0113912651959	0.732913102206	0.250832958127	0.00486267447096
-wit	0.134243458476	0.186575654152	0.319112627986	0.360068259386
-wis	0.105263157895	0.877192982456	0.0175438596491	0.0
-wir	0.648136835675	0.0548259010385	0.02596212584	0.271075137446
-uet	0.130803244461	0.374704922499	0.33084705376	0.163644779279
-axt	0.180327868852	0.819672131148	0.0	0.0
-uer	0.429246648018	0.317063760008	0.0839201311855	0.169769460789
-uem	0.188481675393	0.486910994764	0.198952879581	0.125654450262
-uel	0.0432132963989	0.730747922438	0.219390581717	0.00664819944598
-uen	0.433734939759	0.530120481928	0.0	0.0361445783133
-ueh	0.161070076345	0.797033082987	0.013965613556	0.0279312271119
-r´s	0.439359267735	0.322654462243	0.0446224256293	0.193363844394
-enä	0.509803921569	0.235294117647	0.137254901961	0.117647058824
-ueg	0.487091991802	0.251332162657	0.0105387406935	0.251037104847
-uef	0.462518373346	0.376286134248	0.0485056344929	0.112689857913
-f`s	0.735593220339	0.19740777667	0.0502492522433	0.0167497507478
-axe	0.774193548387	0.0645161290323	0.0322580645161	0.129032258065
-ßli	0.103703703704	0.851851851852	0.0444444444445	0.0
-iig	0.638402061856	0.253865979381	0.0139175257732	0.0938144329897
-ßle	0.52144469526	0.437923250564	0.0406320541761	0.0
-iiz	0.0431855119573	0.929881588112	0.00812630601346	0.0188065939169
-iit	0.0254116831279	0.736855818746	0.0234342636095	0.214298234517
-iis	0.15015015015	0.804804804805	0.045045045045	0.0
-iir	0.0338250201709	0.945383453669	0.0155160642986	0.00527546186151
-tam	0.0107238605898	0.967828418231	0.0214477211796	0.0
-tan	0.20293398533	0.767726161369	0.00733496332518	0.0220048899755
-tah	0.0	1.0	0.0	0.0
-tai	0.113636363636	0.872727272727	0.0136363636364	0.0
-gne	0.755756981872	0.145516903479	0.0497305242528	0.0489955903969
-tab	0.380116959064	0.608187134503	0.0116959064327	0.0
-gna	0.0649055874825	0.908050417733	0.0067609986961	0.0202829960883
-kst	0.661290322581	0.177419354839	0.0967741935484	0.0645161290323
-tat	0.334337349397	0.557730923695	0.0512048192771	0.0567269076305
-gnu	0.744912379876	0.173968343697	0.0	0.0811192764273
-tar	0.00179856115108	0.998201438849	0.0	0.0
-tas	0.039603960396	0.960396039604	0.0	0.0
-aën	0.0	1.0	0.0	0.0
-rmt	0.457855973813	0.428396072013	0.0699672667758	0.0437806873977
-ent	0.593346797401	0.251049046179	0.101189791028	0.0544143653925
-ens	0.131638574192	0.58883669522	0.1512019895	0.128322741089
-wiß	0.151038840972	0.194233679785	0.13942046859	0.515307010653
-enn	0.0670061446296	0.0233648792117	0.00315597004499	0.906473006114
-rma	0.210601719198	0.591690544413	0.111747851003	0.0859598853868
-eni	0.168267820879	0.370701193093	0.440811682656	0.0202193033712
-enk	0.623261694058	0.303413400758	0.0197218710493	0.053603034134
-end	0.199263261297	0.609061886051	0.0470530451866	0.144621807466
-ene	0.13018250391	0.147250723776	0.0823433347176	0.640223437597
-eng	0.102462595331	0.121790766723	0.629038830995	0.146707806951
-ena	0.113772792272	0.745982046339	0.10034195794	0.0399032034486
-öse	0.7678543644	0.0851096934806	0.114361288315	0.0326746538043
-het	0.624907666755	0.0655491828309	0.00145358509901	0.308089565315
-heu	0.26576217079	0.413407821229	0.148443735036	0.172386272945
-her	0.239133313271	0.250523623232	0.0366445982546	0.473698465242
-hes	0.182197723971	0.397035198599	0.288014775908	0.132752301521
-hel	0.203466465712	0.778447626225	0.0180859080633	0.0
-hem	0.140879729314	0.638265149185	0.172562288527	0.0482928329745
-hen	0.31244315081	0.443787520466	0.152507428294	0.0912619004305
-heh	0.860465116279	0.0806201550387	0.0124031007752	0.046511627907
-hef	0.0348652931854	0.920760697306	0.0	0.0443740095087
-heb	0.658415841584	0.210396039604	0.0899339933993	0.0412541254126
-nst	0.302484904784	0.536112401301	0.119600557362	0.0418021365536
-nso	0.194244604317	0.374100719424	0.0431654676259	0.388489208633
-nse	0.102181242689	0.852404871671	0.0	0.0454138856396
-nsa	0.0210773981668	0.00473366151519	0.0290602001302	0.945128740188
-deß	0.362068965517	0.189655172414	0.137931034483	0.310344827586
-naj	0.51	0.37	0.06	0.06
-läi	0.0874635568513	0.564868804665	0.0743440233236	0.27332361516
-pur	0.0390625	0.0421875	0.9140625	0.0046875
-luß	0.171592279855	0.701749095295	0.043425814234	0.0832328106152
-läb	0.840136054422	0.0578231292517	0.0612244897959	0.0408163265306
-läa	0.0020920502092	0.997210599721	0.0	0.000697350069733
-läg	0.295081967213	0.512295081967	0.110655737705	0.0819672131147
-kia	0.0	1.0	0.0	0.0
-sür	0.272727272727	0.064935064935	0.584415584416	0.0779220779221
-lär	0.542245989305	0.290909090909	0.109090909091	0.0577540106952
-üsa	0.0	0.111111111111	0.0	0.888888888889
-üse	0.412213740458	0.587786259542	0.0	0.0
-zue	0.0534972915864	0.0113165629509	0.00848260255261	0.92670354291
-sei	0.678571428571	0.25	0.0	0.0714285714286
-fig	0.362726527381	0.594017698114	0.0279890305618	0.0152667439428
-üss	0.331034482759	0.524137931035	0.0689655172414	0.0758620689655
-g`s	0.743376828786	0.142744167655	0.0260972716489	0.0877817319098
-lgt	0.794374600469	0.107820157682	0.0185382484551	0.0792669933944
-def	0.0620689655172	0.0413793103449	0.793103448276	0.103448275862
-dei	0.100872938894	0.593598448109	0.212415130941	0.0931134820562
-dek	0.0173410404624	0.982658959538	0.0	0.0
-del	0.0746256000721	0.863807256478	0.0439238995487	0.0176432439007
-dem	0.173822257158	0.18104616453	0.0386271682572	0.606504410056
-den	0.2930578811	0.0705109793104	0.0127996571464	0.623631482444
-der	0.0715604276627	0.103819190689	0.00426038706185	0.820359994587
-des	0.0161066929829	0.0672940277697	0.00954208099315	0.907057198254
-det	0.730098463259	0.167774396067	0.0521969439446	0.0499301967295
-lga	0.460486322189	0.392097264438	0.0927051671732	0.0547112462006
-oke	0.893617021277	0.0212765957447	0.0851063829787	0.0
-nae	0.04	0.92	0.0	0.04
-bis	0.0466770332571	0.262812229656	0.0251727460879	0.665337990999
-big	0.516104699404	0.442709511956	0.0322848306555	0.00890095798446
-äch	0.336948102246	0.581719597212	0.0580945003872	0.0232378001549
-bie	0.264150943396	0.632075471698	0.0283018867925	0.0754716981132
-bin	0.653001464129	0.142508540752	0.0463640800391	0.158125915081
-bim	0.264663805436	0.206008583691	0.012017167382	0.517310443491
-ifa	0.124923076923	0.618461538462	0.179692307692	0.0769230769231
-lau	0.267655339228	0.0632063127007	0.646536341647	0.0226020064237
-ife	0.727272727273	0.0969696969696	0.0181818181818	0.157575757576
-met	0.193627284462	0.741150893403	0.0244581833005	0.0407636388341
-g's	0.191489361702	0.191489361702	0.234042553191	0.382978723404
-dsi	0.0891089108911	0.554455445545	0.267326732673	0.0891089108911
-iff	0.108037991382	0.856784803447	0.0252836162167	0.00989358895436
-üsä	0.0646717799143	0.0226135176983	0.0235497461381	0.889164956249
-mer	0.0776095040845	0.51655746414	0.260315211617	0.145517820158
-lus	0.00163747116231	0.99552424549	0.000654988464926	0.00218329488308
-lut	0.127201928426	0.413684405711	0.384572594104	0.0745410717597
-med	0.590643274854	0.0497076023391	0.271929824561	0.0877192982457
-e's	0.64183663953	0.173302944073	0.106043959793	0.0788164566032
-mem	0.21052631579	0.350877192982	0.438596491228	0.0
-mel	0.0114269580319	0.949417731229	0.025331088784	0.0138242219547
-men	0.0593538692712	0.24973703982	0.0815927873779	0.609316303531
-meh	0.264458169568	0.248736664795	0.130544637844	0.356260527793
-lug	0.193010325655	0.7402700556	0.0524225575854	0.0142970611596
-iél	0.0	1.0	0.0	0.0
-rrn	0.00119536653163	0.981215668789	0.00210612198431	0.0154828426955
-ndi	0.163555478018	0.182222609909	0.611043265876	0.0431786461968
-sri	0.025338436459	0.0115174711177	0.0148841165214	0.948259975902
-sre	0.259009009009	0.157657657658	0.0123873873874	0.570945945946
-ubt	0.868253538956	0.104226671611	0.00602256790027	0.0214972215329
-sra	0.237562189055	0.171641791045	0.148009950249	0.442786069652
-ubi	0.0851063829787	0.113475177305	0.77304964539	0.0283687943262
-ube	0.337757801198	0.643292441894	0.00886243383923	0.010087323069
-rrt	0.685035250055	0.148353161489	0.0649922890505	0.101619299405
-gig	0.18020360949	0.757922511364	0.0410686518321	0.0208052273134
-ake	0.29702970297	0.70297029703	0.0	0.0
-aka	0.2	0.593103448276	0.206896551724	0.0
-aks	0.0	1.0	0.0	0.0
-yll	0.0	0.9	0.1	0.0
-goh	0.618210936599	0.188896616989	0.0781810119709	0.114711434441
-ü`s	0.241982507289	0.268221574344	0.0524781341108	0.437317784257
-gon	0.0	1.0	0.0	0.0
-gog	0.0421052631579	0.957894736842	0.0	0.0
-öne	0.0681818181818	0.902892561984	0.0289256198347	0.0
-vla	0.0926365795724	0.220902612827	0.615201900238	0.0712589073634
-t`s	0.535258059022	0.25550478198	0.0631556916675	0.146081467331
-got	0.626353790614	0.189530685921	0.0487364620939	0.135379061372
-mol	0.106901544401	0.346102799228	0.0333011583012	0.51369449807
-eon	0.00711743772243	0.992882562278	0.0	0.0
-rli	0.0234741784038	0.862284820031	0.0892018779342	0.0250391236307
-rle	0.03225459628	0.915331684765	0.0475755295129	0.004838189442
-ubä	0.486486486486	0.398648648649	0.0945945945946	0.0202702702703
-upt	0.263231197772	0.278551532033	0.0487465181059	0.409470752089
-ißs	0.287272727273	0.130909090909	0.152727272727	0.429090909091
-ißt	0.839100843558	0.111247244057	0.00739910851228	0.0422528038727
-ißi	0.020202020202	0.020202020202	0.959595959596	0.0
-iße	0.859061966861	0.0878239868007	0.0174583561007	0.0356556902375
-oas	0.00860215053763	0.982795698925	0.00860215053763	0.0
-ußt	0.644056183625	0.122987324426	0.106885919836	0.126070572114
-zle	0.0196701842069	0.949154429503	0.0111340665322	0.020041319758
-uße	0.294941152178	0.396407185629	0.102746231675	0.205905430518
-zli	0.0190839694657	0.832061068702	0.0114503816794	0.137404580153
-ünd	0.13044161559	0.84912776992	0.0	0.02043061449
-ußa	0.353383458647	0.105263157895	0.0451127819549	0.496240601504
-ünf	0.0025995407478	0.00892508990079	0.00064988518695	0.987825484164
-äßä	0.382513661202	0.404371584699	0.213114754098	0.0
-pte	0.0475618544319	0.916646649051	0.00840739851069	0.0273840980062
-pta	0.0918032786886	0.888524590164	0.0196721311475	0.0
-iri	0.0534636521819	0.0194789160259	0.00637429150611	0.920683140286
-tre	0.739606126915	0.212253829322	0.0306345733041	0.0175054704595
-gad	0.0	1.0	0.0	0.0
-tra	0.0	1.0	0.0	0.0
-gab	0.0891089108911	0.826732673267	0.039603960396	0.0445544554455
-üre	0.051948051948	0.915584415584	0.0324675324675	0.0
-ürd	0.459016393443	0.0491803278689	0.196721311475	0.295081967213
-gam	0.0330935251799	0.96690647482	0.0	0.0
-eia	0.114285714286	0.862857142857	0.0	0.0228571428572
-gat	0.559297218155	0.155197657394	0.1317715959	0.153733528551
-gar	0.242402826855	0.368197879859	0.127208480565	0.262190812721
-ürt	0.3	0.7	0.0	0.0
-rfe	0.723480775046	0.182400427162	0.0544555422077	0.0396632555841
-ltä	0.28588030215	0.407321324811	0.278907611854	0.0278907611854
-ini	0.0204753965563	0.0368945687804	0.0641578124411	0.878472222222
-rzi	0.150638870208	0.10369872226	0.139340954943	0.606321452589
-örä	0.030612244898	0.0	0.0	0.969387755102
-inn	0.249862089107	0.624233377681	0.0460784631859	0.0798260700263
-ina	0.01986046604	0.163065775026	0.0281167454938	0.78895701344
-ind	0.233626049766	0.57726635598	0.149133631241	0.0399739630131
-ine	0.276356525107	0.192842845419	0.107395238856	0.423405390618
-rze	0.0534737276763	0.85465056261	0.0683390110457	0.0235366986683
-ing	0.346622369878	0.468870244195	0.120502280534	0.0640051053925
-inz	0.0086822303685	0.984082577658	0.00434111518425	0.0028940767895
-rfa	0.0298332845861	0.736765136005	0.115823340158	0.117578239251
-ins	0.198292613782	0.0926522163411	0.0105184687075	0.69853670117
-int	0.804960375697	0.1072791312	0.0405048429704	0.047255650132
-rzt	0.464576978149	0.323211728818	0.158049554878	0.054161738156
-üße	0.758620689655	0.0344827586207	0.0	0.206896551724
-üßa	0.0567219443022	0.103872060503	0.0649938945129	0.774412100681
-cha	0.13555479699	0.341389119668	0.0999618991421	0.4230941842
-üßt	0.716097023153	0.115766262404	0.00661521499449	0.161521499449
-äße	0.622594142259	0.291213389121	0.0389121338912	0.0472803347281
-che	0.265588514313	0.495766087954	0.160705833938	0.0779395637948
-äßt	0.878493317132	0.106925880923	0.0	0.0145808019441
-pfe	0.504615303928	0.422510095977	0.0258824146431	0.0469921854513
-ltr	0.0376779235278	0.93217973765	0.0234440413062	0.00669829751605
-pfa	0.192414174972	0.74815430048	0.047342192691	0.0120893318568
-dre	0.348060212948	0.110390405091	0.326887773834	0.214661608126
-mba	0.0414201183432	0.923076923077	0.0	0.0355029585799
-lti	0.465782831946	0.22613211105	0.250645470105	0.0574395868991
-dra	0.363600079824	0.0991818000399	0.039912193175	0.497305926961
-mbe	0.683772667788	0.157879977566	0.0575808562348	0.100766498411
-yen	0.0727272727273	0.854545454545	0.0363636363636	0.0363636363636
-pft	0.656709905193	0.239953984688	0.0470070213019	0.0563290888175
-lta	0.0837565853812	0.816240259945	0.0848607211584	0.0151424335153
-dri	0.240787068219	0.396180121235	0.307466564033	0.055566246512
-lte	0.493700192127	0.246802462003	0.157184264816	0.102313081054
-öra	0.340236686391	0.488165680473	0.0310650887574	0.140532544379
-inä	0.37803177523	0.0988711041225	0.0360846152705	0.487012505378
-hdo	0.45	0.434615384615	0.0461538461539	0.0692307692308
-ört	0.640287769784	0.327737809752	0.0148452666438	0.0171291538198
-hde	0.214945424013	0.610411418976	0.141057934509	0.0335852225021
-hda	0.0	0.926470588235	0.0698220464657	0.00370736529906
-ela	0.153391965095	0.346889952153	0.146899964168	0.352818118584
-elf	0.00156100206872	0.0875422574297	0.00124880165498	0.909647938847
-nre	0.801047120419	0.0890052356021	0.0314136125654	0.0785340314136
-ahi	0.571955719557	0.0369003690037	0.19926199262	0.191881918819
-ahn	0.717990275527	0.224125955082	0.0108821486455	0.0470016207456
-ahl	0.120080472778	0.782849239281	0.0611090154659	0.0359612724758
-ahm	0.261261261261	0.0900900900901	0.621621621622	0.027027027027
-ahe	0.714285714286	0.0	0.0816326530612	0.204081632653
-ahr	0.3596321394	0.409123910939	0.103581800581	0.12766214908
-ahs	0.0	0.986666666667	0.0133333333333	0.0
-aht	0.337696335078	0.111256544503	0.0602094240838	0.490837696335
-sas	0.0	1.0	0.0	0.0
-sar	0.0	1.0	0.0	0.0
-dda	0.0	1.0	0.0	0.0
-äba	0.0119840213049	0.960053262317	0.0199733688415	0.00798934753661
-lft	0.630714285714	0.237142857143	0.04	0.0921428571429
-sau	0.0244299674267	0.975570032573	0.0	0.0
-mpf	0.167584579072	0.792289535799	0.0283241542093	0.0118017309205
-ddi	0.129423660263	0.59757330637	0.118301314459	0.154701718908
-mpe	0.0353193748702	0.961910478081	0.00277014704864	0.0
-olt	0.606932041774	0.236794309066	0.0575147570759	0.0987588920842
-lfa	0.209452201933	0.655209452202	0.093447905478	0.0418904403867
-oli	0.0	1.0	0.0	0.0
-olk	0.00515162963217	0.978672253323	0.00855170518941	0.00762441185562
-sag	0.907591303697	0.0520378049935	0.0172759676777	0.023094923632
-äbs	0.0	0.802631578947	0.197368421053	0.0
-ola	0.0	1.0	0.0	0.0
-sai	0.0	1.0	0.0	0.0
-old	0.0344827586207	0.918344827586	0.0438620689655	0.00331034482759
-ole	0.815101770508	0.0973398425825	0.0189885658358	0.0685698210738
-sam	0.193565679762	0.147521388573	0.147311306061	0.511601625604
-olg	0.92996742671	0.0104234527687	0.013680781759	0.0459283387622
-ssä	0.617695604321	0.356374779254	0.0143387960394	0.0115908203856
-ffä	0.57427184466	0.282038834951	0.0543689320389	0.0893203883495
-ham	0.000746547219111	0.99141470698	0.00447928331467	0.00335946248601
-zku	0.89970788705	0.10029211295	0.0	0.0
-wie	0.63440860215	0.0215053763441	0.182795698925	0.161290322581
-äue	0.442672714173	0.468197441621	0.0664753197973	0.0226545244085
-äbä	0.280993539936	0.677471969999	0.0237853666054	0.0177491234604
-mpä	0.423076923077	0.461538461538	0.0	0.115384615385
-lfä	0.963636363636	0.0363636363636	0.0	0.0
-ssi	0.231732776618	0.359081419624	0.346555323591	0.062630480167
-ssa	0.0280950877981	0.736203589616	0.122364994871	0.113336327715
-ffa	0.147239263804	0.740166005052	0.00433056658246	0.108264164562
-sse	0.542337791715	0.340241534264	0.0399986998518	0.0774219741687
-ffe	0.5766796875	0.2805859375	0.0703125	0.072421875
-äum	0.0676873489122	0.893634165995	0.00483481063658	0.0338436744561
-uck	0.380000254223	0.239554600806	0.0437264049014	0.336718740069
-uch	0.19566656116	0.707996431963	0.0633038874342	0.0330331194429
-äun	0.0667408231368	0.933259176863	0.0	0.0
-sst	0.646411814476	0.133528190139	0.0305361126067	0.189523882778
-fft	0.507490618356	0.394847199224	0.0524686217066	0.0451935607137
-ion	0.025375551815	0.94146790739	0.0155619779592	0.0175945628355
-ios	0.0	0.969230769231	0.0307692307692	0.0
-iot	0.0	0.996336996337	0.0	0.003663003663
-ekä	0.591549295775	0.0726464047442	0.331356560415	0.00444773906599
-iud	0.0	1.0	0.0	0.0
-hät	0.437949209391	0.0848107331098	0.0143747005271	0.462865356972
-här	0.605825242718	0.279611650485	0.0640776699029	0.0504854368932
-hän	0.725150593592	0.0276323571193	0.00856425529607	0.238652793993
-häm	0.0613026819923	0.0766283524904	0.858237547893	0.00383141762452
-häh	0.331395348837	0.261627906977	0.389534883721	0.0174418604651
-häa	0.0150753768844	0.984924623116	0.0	0.0
-öma	0.0269784172661	0.843525179856	0.129496402878	0.0
-chi	0.156381898809	0.283913020249	0.437944114976	0.121760965967
-cho	0.162134027326	0.125005421817	0.05126870527	0.661591845587
-els	0.0666658033437	0.894873156266	0.0264953833802	0.0119656570104
-rks	0.0257447591026	0.89702096359	0.0772342773078	0.0
-rkt	0.598242670776	0.268701572526	0.0752186859867	0.0578370707114
-rku	0.393442622951	0.0491803278689	0.0327868852459	0.524590163934
-elt	0.252105625755	0.696153113195	0.02159296694	0.0301482941095
-rki	0.0773480662983	0.436464088398	0.441988950276	0.0441988950276
-chz	0.508064516129	0.431451612903	0.0120967741935	0.0483870967742
-eli	0.0276531481006	0.10970715029	0.781078962661	0.0815607389488
-eln	0.0213197969543	0.939086294416	0.0243654822335	0.015228426396
-elo	0.696629213483	0.258426966292	0.0449438202247	0.0
-ell	0.163939351289	0.508702624654	0.0731925234428	0.254165500614
-elm	0.0185185185185	0.944444444444	0.0	0.0370370370371
-elb	0.0	0.766666666667	0.133333333333	0.1
-rka	0.143219858506	0.21746739961	0.616017945621	0.023294796263
-chs	0.12244230895	0.441262992744	0.0715172909721	0.364777407335
-cht	0.24434584718	0.549491120978	0.0878193487575	0.118343683084
-rke	0.279032323928	0.566435850917	0.0960792434999	0.0584525816557
-eld	0.0443628575799	0.918158176534	0.0151445617256	0.0223344041609
-ele	0.109362959007	0.541315025754	0.291607230276	0.0577147849632
-hgo	0.707692307692	0.107692307692	0.0923076923077	0.0923076923077
-hge	0.653846153846	0.197802197802	0.115384615385	0.032967032967
-ch´	0.108695652174	0.684782608696	0.20652173913	0.0
-hum	0.443514644351	0.531380753138	0.0125523012552	0.0125523012552
-däa	0.000336927223719	0.99460916442	0.00303234501348	0.00202156334232
-däg	0.00827784775958	0.959750464879	0.00323915781897	0.0287325295423
-hud	0.0	1.0	0.0	0.0
-dän	0.0870488322718	0.075017692852	0.0396319886766	0.7983014862
-hub	0.191489361702	0.723404255319	0.0	0.0851063829787
-däm	0.0176515184011	0.0143680794056	0.00421958316521	0.963760819028
-dät	0.349982420134	0.0855812394214	0.014350076452	0.550086263992
-hut	0.242937853107	0.655367231638	0.101694915254	0.0
-hus	0.0128876848388	0.977750188086	0.000759091384481	0.0086030356908
-häß	0.0766423357664	0.882755474453	0.0123175182482	0.0282846715328
-vas	0.0	1.0	0.0	0.0
-zwa	0.284722222222	0.444444444444	0.166666666667	0.104166666667
-kob	0.0020964360587	0.994758909853	0.0	0.00314465408805
-kon	0.0344827586207	0.931034482759	0.0344827586207	0.0
-chä	0.327332577898	0.486389343233	0.147515010434	0.0387630684353
-tum	0.0513568246254	0.805751316322	0.120048602673	0.0228432563791
-tur	0.026208026208	0.732186732187	0.0966420966421	0.144963144963
-tus	0.00432253758383	0.986021676255	0.00541588532562	0.0042399008359
-kos	0.0	1.0	0.0	0.0
-öch	0.459459459459	0.486486486487	0.036036036036	0.018018018018
-elä	0.309523809524	0.52380952381	0.047619047619	0.119047619048
-öck	0.00338983050847	0.983050847458	0.0135593220339	0.0
-e´s	0.610655737705	0.0737704918033	0.0245901639344	0.290983606557
-lix	0.00514138817481	0.982005141388	0.0051413881748	0.0077120822622
-iil	0.607784431138	0.374251497006	0.0	0.0179640718563
-lit	0.0230612935997	0.923332204538	0.0203521842194	0.0332543176431
-feß	0.0172356091031	0.956074297189	0.00276104417671	0.0239290495315
-lis	0.0	1.0	0.0	0.0
-jes	0.0896614821592	0.107959743824	0.774931381519	0.0274473924977
-äer	0.00464907858623	0.983476166471	0.0101943650927	0.00168038985044
-lio	0.0	1.0	0.0	0.0
-omo	0.00713892648393	0.977690854738	0.00713892648393	0.00803129229442
-omm	0.107063668039	0.414950902756	0.368704466265	0.109280962939
-lie	0.0907129881925	0.895663033606	0.0136239782016	0.0
-lig	0.404124579528	0.211947565579	0.293129717159	0.0907981377334
-lia	0.00258231116849	0.997417688832	0.0	0.0
-ome	0.0540037243948	0.934202358783	0.00744878957168	0.00434512725016
-a´s	0.540441176471	0.143382352941	0.0882352941177	0.227941176471
-ümä	0.397959183674	0.244897959184	0.0816326530612	0.275510204082
-dus	0.01	0.99	0.0	0.0
-äse	0.723813260102	0.201647704982	0.0364848960377	0.038054138878
-due	0.0544464609801	0.255898366606	0.0526315789474	0.637023593466
