-küi	0.103448275862	0.681992337165	0.0306513409962	0.183908045977
-eus	0.0	1.0	0.0	0.0
-shu	0.166324435318	0.809034907598	0.0	0.0246406570842
-cas	0.00929512006196	0.986057319907	0.0	0.00464756003098
-car	0.0	0.984512132163	0.0	0.0154878678369
-hen	0.0574347646003	0.670026232224	0.254314510562	0.0182244926136
-rbe	0.0	1.0	0.0	0.0
-küt	0.419383967091	0.150697301094	0.0316042941708	0.398314437644
-hee	0.148729143635	0.588945951871	0.084307057929	0.178017846564
-ivo	0.0	0.933333333333	0.0	0.0666666666667
-ija	0.410945463465	0.313413685603	0.114972651017	0.160668199915
-dío	0.099557412104	0.698295073102	0.105975558208	0.0961719565866
-wüi	0.0771014779508	0.893897048692	0.0162691192006	0.012732354157
-nse	0.0499075785582	0.950092421442	0.0	0.0
-ufo	0.0	1.0	0.0	0.0
-aum	0.00951086956522	0.973278985507	0.0	0.0172101449276
-nsa	0.367346938776	0.632653061224	0.0	0.0
-bre	0.196078431373	0.803921568627	0.0	0.0
-uaa	0.0744912089296	0.843067153428	0.0258486844866	0.0565929531562
-nto	0.135824175824	0.665274725275	0.0494505494506	0.14945054945
-a'ü	0.227777777778	0.772222222222	0.0	0.0
-nta	0.426219341633	0.358107946944	0.0672245219235	0.1484481895
-sün	0.508474576271	0.101694915254	0.158192090395	0.231638418079
-nte	0.0112517580872	0.950773558369	0.0379746835443	0.0
-süi	0.319075394254	0.609202851588	0.0587599913588	0.0129617627997
-uan	0.0737752028876	0.848725199439	0.0118628870957	0.0656367105777
-wat	0.169219413176	0.520501937627	0.229285846097	0.0809928031002
-uat	0.0	0.610738255034	0.328859060403	0.0604026845638
-ejü	0.943210353487	0.0567896465134	0.0	0.0
-dro	0.0251738295715	0.916745162613	0.0017976170788	0.0562833907372
-utü	0.429338103757	0.552772808587	0.0	0.0178890876565
-üsa	0.249995320543	0.40960224614	0.107702386523	0.232700046795
-pre	0.00871459694989	0.966594045025	0.0072621641249	0.0174291938998
-nma	0.0568564063638	0.101741217812	0.686156952349	0.155245423475
-opu	0.121502692762	0.634441087613	0.066005516879	0.178050702745
-más	0.0663195395999	0.917237599342	0.00328857221156	0.0131542888462
-üsi	0.159701492537	0.840298507463	0.0	0.0
-aré	0.0	1.0	0.0	0.0
-'in	0.179351128388	0.0987494733086	0.0314236410998	0.690475757204
-opo	0.283446712018	0.648526077097	0.0	0.0680272108844
-tín	0.0	0.923566878981	0.0764331210191	0.0
-mán	0.0	0.480968858131	0.519031141869	0.0
-ope	0.0	0.989010989011	0.0	0.010989010989
-opa	0.288067011419	0.540603883156	0.0622531221575	0.109075983267
-dea	0.030658044884	0.891593761887	0.00304298212248	0.0747052111069
-dec	0.0245174346201	0.97548256538	0.0	0.0
-mse	0.0183333333333	0.899166666667	0.055	0.0275
-oku	0.241986827662	0.184028540066	0.0103732162459	0.563611416026
-deo	0.00125	0.99875	0.0	0.0
-küü	0.355263157895	0.618421052632	0.0263157894737	0.0
-oko	0.423172455959	0.39627039627	0.041996255111	0.138560892659
-des	0.0565376499636	0.861040693659	0.0419960733269	0.0404255830501
-ime	0.0313454642051	0.932793199628	0.00956302297784	0.026298313189
-caz	0.0	1.0	0.0	0.0
-oka	0.493176607591	0.295789511991	0.0560427963171	0.154991084101
-imo	0.166373755126	0.703573520797	0.0175746924429	0.112478031634
-nsü	0.282587508789	0.33108956464	0.13279097476	0.253531951811
-ido	0.028901734104	0.71098265896	0.0	0.260115606936
-obo	0.00721821210439	0.944660373866	0.0442346844346	0.00388672959467
-rpo	0.0	0.970014992504	0.0	0.0299850074962
-rpa	0.0668151447661	0.933184855234	0.0	0.0
-eca	0.254901960784	0.686274509804	0.0196078431372	0.0392156862745
-llo	0.0337078651685	0.691011235955	0.241573033708	0.0337078651685
-ida	0.00698608604528	0.979041741864	0.0104791290679	0.00349304302265
-me'	0.0364008824457	0.515915537346	0.348408446265	0.0992751339426
-bia	0.0145379023884	0.985462097612	0.0	0.0
-430	0.280701754386	0.0350877192982	0.0	0.684210526316
-eja	0.531752497169	0.277331958693	0.0944817212297	0.0964338229081
-ter	0.0	0.976923076923	0.0230769230769	0.0
-uta	0.160865804913	0.725649236811	0.0456978565251	0.0677871017508
-eje	0.335531079829	0.204743722555	0.0873830221557	0.37234217546
-ria	0.161070292952	0.390858667867	0.123795330868	0.324275708313
-rio	0.0138290475775	0.92854992085	0.0576210315729	0.0
-rim	0.0	1.0	0.0	0.0
-a'u	0.256668963683	0.0471413789492	0.0103004735066	0.685889183861
-tea	0.0444756554307	0.927434456929	0.0	0.0280898876405
-a'i	0.222181064582	0.202261264709	0.0823727456941	0.493184925015
-tee	0.717729240457	0.143545848091	0.0708382526564	0.0678866587958
-utu	0.162162162162	0.601351351351	0.148648648649	0.0878378378378
-süü	0.07009239452	0.376177688772	0.553729916708	0.0
-tei	0.153808353808	0.564127764128	0.0756756756757	0.206388206388
-a'a	0.288363969822	0.238951026674	0.0706161246747	0.40206887883
-teo	0.0196037969459	0.942014032191	0.00433347090384	0.0340486999587
-lux	0.247544204322	0.669941060904	0.0	0.0825147347741
-e'e	0.153606743013	0.0869504706743	0.053990726269	0.705452060044
-ara	0.0877779677795	0.635381718734	0.0889012189276	0.187939094559
-mes	0.0	0.988290398126	0.0117096018735	0.0
-jii	0.0248447204969	0.778467908903	0.0	0.196687370601
-e'o	0.240860930826	0.386364897099	0.3161923781	0.0565817939757
-aro	0.0	0.967547519703	0.00278164116829	0.0296708391284
-lut	0.20325203252	0.674796747967	0.0	0.121951219512
-luu	0.346487424111	0.294449262793	0.253252385082	0.105810928014
-rón	0.00677966101695	0.979661016949	0.0135593220339	0.0
-jia	0.11369381364	0.0577019401507	0.00962981255157	0.818974433658
-üje	0.240157751319	0.15236009968	0.123026869861	0.48445527914
-ile	0.0471838469713	0.777258235919	0.143676939426	0.0318809776833
-üja	0.501596272303	0.248404657453	0.087178268565	0.162820801678
-mec	0.0	1.0	0.0	0.0
-meo	0.0231660231661	0.976833976834	0.0	0.0
-mei	0.0	1.0	0.0	0.0
-üsü	0.397144773214	0.198694531294	0.100309629135	0.303851066357
-aye	0.0	0.986928104575	0.0130718954248	0.0
-nwa	0.196629736524	0.69071781026	0.0819290568849	0.0307233963318
-aya	0.115920625654	0.0674041606255	0.015743021742	0.800932191978
-ayo	0.0163599182004	0.9836400818	0.0	0.0
-rai	0.198086221395	0.216180401225	0.0504422187519	0.535291158628
-bás	0.0	0.985323694081	0.00815350328857	0.00652280263087
-aón	0.0	0.936305732484	0.0636942675159	0.0
-ere	0.211848155934	0.304927031583	0.0677434561986	0.415481356285
-dán	0.0529491441941	0.920576283709	0.00886590321391	0.0176086688831
-xad	0.0	1.0	0.0	0.0
-ota	0.2460456942	0.726274165202	0.0153778558875	0.01230228471
-tán	0.0	1.0	0.0	0.0
-ote	0.00651029783091	0.93218946792	0.0487968117793	0.0125034224697
-oto	0.403885652635	0.0977110394469	0.0167529657324	0.481650342186
-ume	0.104615384615	0.774358974359	0.121025641026	0.0
-isü	0.232249725312	0.216463172892	0.0970439387971	0.454243162999
-uma	0.0138371474188	0.846372183786	0.127017917332	0.0127727514635
-eví	0.0133821036667	0.986617896333	0.0	0.0
-umi	0.0	0.838383838384	0.0	0.161616161616
-kia	0.162378801781	0.772892114221	0.0613925332761	0.00333655072153
-nai	0.803278688525	0.0983606557377	0.0983606557377	0.0
-feo	0.0	1.0	0.0	0.0
-kii	0.219838723611	0.240698553593	0.0149304251809	0.524532297616
-naa	0.236586665324	0.256170474113	0.0433393599968	0.463903500566
-kin	0.453302961276	0.514806378132	0.00455580865605	0.0273348519362
-aka	0.346930065398	0.114968048566	0.0357985883995	0.502303297637
-aús	0.0280373831776	0.971962616822	0.0	0.0
-aúl	0.0	0.95	0.05	0.0
-sii	0.0761099365751	0.860465116279	0.0507399577167	0.0126849894292
-sio	0.04	0.96	0.0	0.0
-sin	0.294936004452	0.60489705064	0.0779076238175	0.0222593210907
-kit	0.593187392975	0.0934882214097	0.0152728282501	0.298051557366
-nas	0.0119240946205	0.9654201256	0.00476963784821	0.0178861419308
-sia	0.157651887801	0.330685191932	0.143978291632	0.367684628636
-mos	0.0268972142171	0.973102785783	0.0	0.0
-mor	0.0	0.932960893855	0.0670391061453	0.0
-gog	0.0332409972299	0.96675900277	0.0	0.0
-aán	0.0779220779221	0.894248608534	0.00556586270872	0.0222634508348
-120	0.037037037037	0.037037037037	0.0	0.925925925926
-lka	0.0249722530522	0.975027746948	0.0	0.0
-yat	0.323529411765	0.411764705882	0.264705882353	0.0
-u'u	0.160990013967	0.127860589253	0.0231490976742	0.688000299106
-ber	0.0	1.0	0.0	0.0
-eos	0.0536912751677	0.221476510067	0.724832214765	0.0
-eor	0.0	1.0	0.0	0.0
-bet	0.00396118043178	0.776061266257	0.0184855086816	0.201492044629
-cob	0.00146241591108	0.988008189529	0.0	0.0105293945598
-yaa	0.275103483029	0.13973816478	0.0579284192433	0.527229932948
-bel	0.138681468109	0.843910816228	0.0174077156623	0.0
-yan	0.735042735043	0.136752136752	0.0128205128205	0.115384615385
-yai	0.282413350449	0.449293966624	0.187419768934	0.0808729139923
-cos	0.0221216691805	0.902798726328	0.0750796044913	0.0
-cor	0.0	1.0	0.0	0.0
-iso	0.015690376569	0.769874476987	0.193514644351	0.020920502092
-reo	0.00470957613815	0.960753532182	0.0313971742543	0.00313971742543
-ise	0.345116882126	0.500286008466	0.0587270716547	0.0958700377531
-rea	0.0117647058824	0.957544757033	0.0	0.0306905370844
-üin	0.299436607857	0.171585994474	0.0530243409957	0.475953056673
-red	0.0	1.0	0.0	0.0
-ree	0.187547649452	0.0827692468215	0.0310766315824	0.698606472144
-eva	0.35368043088	0.608617594255	0.0269299820467	0.0107719928187
-upa	0.208092485549	0.689547206166	0.0262524084778	0.0761078998073
-res	0.0348352582578	0.94121550169	0.00870881456447	0.0152404254878
-ret	0.014105201293	0.975903614458	0.00352630032323	0.00646488392594
-dia	0.0504725085911	0.949527491409	0.0	0.0
-haa	0.125628046388	0.184068213568	0.0315964473106	0.658707292734
-hab	0.0300375469337	0.969962453066	0.0	0.0
-jut	0.244478742555	0.570384413931	0.0964857282058	0.0886511153084
-naí	0.123966942149	0.863636363636	0.0123966942149	0.0
-hai	0.462586150312	0.129635707253	0.00492287495897	0.402855267476
-mas	0.0652785421635	0.928300617624	0.0	0.0064208402128
-mar	0.0	1.0	0.0	0.0
-ham	0.0111795124354	0.965780185504	0.0135434622014	0.00949683985882
-han	0.0888765449243	0.7500347174	0.14997916956	0.0111095681156
-tsü	0.147782312096	0.0814973789963	0.0394604622424	0.731259846665
-hat	0.445086705202	0.554913294798	0.0	0.0
-man	0.370330843116	0.362860192103	0.0586979722518	0.208110992529
-maa	0.100270746679	0.0355526174947	0.00938380387637	0.85479283195
-una	0.375943171916	0.396878777214	0.0353359280493	0.19184212282
-nka	0.402555944119	0.252194927146	0.112984700567	0.232264428168
-pta	0.0	1.0	0.0	0.0
-rüt	0.252109210218	0.630517147098	0.0324193422389	0.0849543004453
-pto	0.0147130946543	0.953408533595	0.000980872976949	0.0308974987739
-nko	0.0	0.828947368421	0.0	0.171052631579
-666	0.52380952381	0.314285714286	0.0	0.161904761905
-uju	0.252641249426	0.700505282499	0.0	0.0468534680753
-gad	0.0	1.0	0.0	0.0
-nle	0.0474000707464	0.814644499469	0.0	0.137955429784
-500	0.00877192982457	0.0526315789474	0.0263157894737	0.912280701754
-ada	0.0	0.673267326733	0.0594059405941	0.267326732673
-tro	0.00445434298441	0.936525612472	0.0289532293987	0.0300668151448
-üra	0.236057523676	0.171255699754	0.075762890214	0.516923886356
-gai	0.0	1.0	0.0	0.0
-adi	0.0	1.0	0.0	0.0
-gau	0.0	1.0	0.0	0.0
-nlu	0.143120960295	0.561403508772	0.1108033241	0.184672206833
-gar	0.352705410822	0.320641282565	0.210420841683	0.11623246493
-ire	0.29616641105	0.224094621814	0.0587676251089	0.420971342027
-ebú	0.0489949748744	0.951005025126	0.0	0.0
-asü	0.299029269358	0.239373569867	0.185905260846	0.275691899929
-nor	0.0	1.0	0.0	0.0
-seo	0.0	0.99782975645	0.00217024354955	0.0
-sem	0.0	1.0	0.0	0.0
-nos	0.0	1.0	0.0	0.0
-erü	0.330820731578	0.331670897364	0.0832792552054	0.254229115853
-sei	0.494623655914	0.41935483871	0.0	0.0860215053764
-ino	0.0167775851462	0.950785750238	0.0324366646161	0.0
-ina	0.340960931058	0.409088743238	0.0321359546217	0.217814371082
-see	0.34378382058	0.460015691906	0.0653195211205	0.130880966393
-sea	0.0	1.0	0.0	0.0
-ira	0.245964756894	0.535686273426	0.0724844998061	0.145864469874
-uim	0.0	1.0	0.0	0.0
-uin	0.245265205569	0.281488070107	0.247439257576	0.225807466748
-set	0.0238705999715	0.822930027077	0.0235143223599	0.129685050591
-ser	0.0	1.0	0.0	0.0
-kuu	0.458411952409	0.363225255802	0.0526648004832	0.125697991306
-nrü	0.700794012522	0.111761460407	0.0257634274474	0.161681099623
-dón	0.0	1.0	0.0	0.0
-són	0.0541597713254	0.93681360012	0.00451331427712	0.00451331427713
-ooi	0.0229007633588	0.814885496183	0.162213740458	0.0
-ian	0.416071510851	0.358798322812	0.0303183891628	0.194811777174
-iai	0.246963562753	0.634278002699	0.0296896086369	0.0890688259109
-nes	0.0223147872657	0.888872359417	0.0267777447188	0.0620351085986
-rso	0.0	1.0	0.0	0.0
-neo	0.0	1.0	0.0	0.0
-tka	0.471101601985	0.22011221318	0.0701517887325	0.238634396102
-bed	0.274193548387	0.725806451613	0.0	0.0
-kua	0.219242201089	0.140484405585	0.0417652616043	0.598508131722
-nei	0.0719178082192	0.385273972603	0.532534246575	0.0102739726027
-ooz	0.016129032258	0.983870967742	0.0	0.0
-eón	0.116224648986	0.816692667707	0.0483619344774	0.0187207488299
-ban	0.0667748666822	0.815905402272	0.0	0.117319731046
-eka	0.255630141624	0.0307276267355	0.00924598336202	0.704396248278
-uui	0.042187113961	0.905277989408	0.0405951473965	0.0119397492342
-jot	0.605628058728	0.136623164764	0.196574225122	0.0611745513865
-las	0.0495562130177	0.932692307692	0.00221893491124	0.0155325443787
-hon	0.146838918131	0.676811714475	0.100932044294	0.0754173230999
-che	0.444958131992	0.289970062488	0.103304737558	0.161767067962
-kan	0.0533807829182	0.756227758007	0.0569395017793	0.133451957295
-jon	0.261295590637	0.738704409363	0.0	0.0
-joo	0.14400738719	0.0255929094943	0.00639356980617	0.824006133509
-joi	0.296699969724	0.282703369897	0.0489065884161	0.371690071963
-uut	0.00794912559619	0.976152623211	0.00794912559617	0.00794912559618
-bas	0.0	1.0	0.0	0.0
-job	0.314516129032	0.443548387097	0.193548387097	0.0483870967742
-sús	0.014364593333	0.571080316183	0.00179387472133	0.412761215763
-ase	0.139941519582	0.589798993769	0.12367257704	0.146586909609
-nya	0.422795080974	0.325526635108	0.0758572076907	0.175821076227
-que	0.0701754385965	0.929824561403	0.0	0.0
-asa	0.189857483666	0.223184352113	0.0133666260448	0.573591538176
-qui	0.0	1.0	0.0	0.0
-üma	0.235634033168	0.068771574026	0.0221325388224	0.673461853984
-lta	0.175585284281	0.774247491639	0.0501672240803	0.0
-yee	0.322467679356	0.577307509104	0.0701573680782	0.0300674434621
-zor	0.0	1.0	0.0	0.0
-rat	0.175787299948	0.342540010325	0.131646876613	0.350025813113
-ras	0.0	1.0	0.0	0.0
-eri	0.0	1.0	0.0	0.0
-iwa	0.145775556312	0.490944703574	0.0303813321725	0.332898407942
-ram	0.0	1.0	0.0	0.0
-uía	0.0109923053862	0.968022384331	0.00899370440694	0.0119916058759
-isa	0.423745530761	0.373905806929	0.0363703612378	0.165978301073
-ero	0.278260869565	0.513043478261	0.0	0.208695652174
-era	0.362560038107	0.279992590338	0.0913240800773	0.266123291478
-rac	0.0	1.0	0.0	0.0
-raa	0.360734843032	0.408046079534	0.0728950658702	0.158324011563
-aén	0.0	1.0	0.0	0.0
-pos	0.0430769230769	0.92	0.0	0.036923076923
-nre	0.422225866761	0.306643607244	0.0723335150228	0.198797010972
-aza	0.105131414268	0.849812265332	0.0150187734668	0.0300375469336
-nra	0.379972247919	0.366790009251	0.095050878816	0.158186864015
-laa	0.267911142839	0.498710556496	0.127106317523	0.106271983142
-ika	0.323531542342	0.475253681034	0.0978800795928	0.103334697031
-lac	0.0555555555556	0.944444444444	0.0	0.0
-aat	0.141895561208	0.749849944265	0.0455169062794	0.0627375882471
-oui	0.153116183637	0.708386765837	0.123108489356	0.0153885611695
-lao	0.415730337079	0.449438202247	0.0	0.134831460674
-not	0.0862068965517	0.706896551724	0.137931034483	0.0689655172414
-lai	0.590905489979	0.380654361087	0.00530777152816	0.0231323774063
-iki	0.276909743616	0.188288477991	0.0246201482949	0.510181630099
-aam	0.0	1.0	0.0	0.0
-uja	0.462939660816	0.215492136889	0.111882024301	0.209686177994
-iku	0.358050847458	0.578389830508	0.0635593220339	0.0
-fos	0.111801242236	0.795031055901	0.0186335403727	0.0745341614907
-aai	0.224612736661	0.623450946644	0.121342512909	0.0305938037866
-uje	0.56862745098	0.352941176471	0.078431372549	0.0
-ipü	0.167701863354	0.832298136646	0.0	0.0
-noo	0.458223560406	0.392485259064	0.0652364822482	0.0840546982812
-ppa	0.209734148794	0.207127682885	0.0462150151878	0.536923153132
-noc	0.0255264837269	0.974473516273	0.0	0.0
-aac	0.00410865099293	0.982880620863	0.00479342615841	0.00821730198586
-kaa	0.624720024627	0.251240080493	0.0380159925269	0.0860239023525
-yüü	0.331106682276	0.385463322481	0.178848632892	0.104581362351
-fán	0.0	1.0	0.0	0.0
-tüü	0.101242542975	0.102003789254	0.00841546518388	0.788338202587
-fás	0.00941176470588	0.990588235294	0.0	0.0
-doc	0.0	1.0	0.0	0.0
-ges	0.106888361045	0.857482185273	0.0356294536817	0.0
-ger	0.0	0.958904109589	0.041095890411	0.0
-sas	0.199052132701	0.651658767773	0.042654028436	0.10663507109
-ión	0.00324324324324	0.99027027027	0.00648648648648	0.0
-vos	0.0377358490566	0.962264150943	0.0	0.0
-mia	0.119381918134	0.616521803729	0.19166480945	0.0724314686873
-sat	0.200202752401	0.488789891244	0.161386711054	0.1496206453
-too	0.288562257138	0.361378611252	0.290589626626	0.059469504984
-olu	0.181082902718	0.719501235677	0.0893057739834	0.0101100876207
-'uu	0.223998411359	0.686125453011	0.0407896043291	0.0490865313012
-toi	0.020618556701	0.13058419244	0.828178694158	0.020618556701
-oli	0.153354632588	0.578274760383	0.0	0.268370607029
-tot	0.0352112676056	0.200975081257	0.763813651138	0.0
-tor	0.0	1.0	0.0	0.0
-tos	0.030303030303	0.874534821903	0.0	0.0951621477937
-olo	0.198245510733	0.417032713174	0.199982110849	0.184739665243
-ola	0.381062355658	0.249422632794	0.0923787528868	0.277136258661
-sai	0.320451048981	0.342365772533	0.23268042389	0.104502754596
-400	0.0589519650655	0.0371179039301	0.0	0.903930131004
-ole	0.518198484029	0.230037873018	0.172156765928	0.0796068770257
-sam	0.0	1.0	0.0	0.0
-loo	0.197880606225	0.310009507679	0.06628929788	0.425820588217
-iel	0.00617519784803	0.959861213988	0.0339635881642	0.0
-loi	0.0	0.980769230769	0.0192307692308	0.0
-juu	0.332940139097	0.441318680035	0.10311129538	0.122629885487
-iee	0.0415509632443	0.903403704687	0.0289932062265	0.0260521258418
-loc	0.0	1.0	0.0	0.0
-mín	0.0	1.0	0.0	0.0
-rom	0.0	1.0	0.0	0.0
-lot	0.0323974082073	0.902807775378	0.0647948164147	0.0
-roo	0.778723404255	0.221276595745	0.0	0.0
-los	0.00387847446671	0.980607627666	0.0116354234001	0.00387847446671
-ipo	0.0216867469879	0.978313253012	0.0	0.0
-sar	0.139500734214	0.84691629956	0.00440528634361	0.00917767988253
-ipa	0.258923757191	0.511008565144	0.0602636595247	0.169804018141
-ipe	0.00620925178516	0.986339646073	0.0	0.00745110214219
-noé	0.0	0.982014718567	0.0	0.0179852814329
-ewa	0.371428571429	0.368571428571	0.0371428571429	0.222857142857
-rdo	0.0898203592814	0.712574850299	0.197604790419	0.0
-ikü	0.342300212751	0.291594240541	0.0285527410474	0.33755280566
-yüt	0.118518518518	0.595061728395	0.145679012346	0.140740740741
-awa	0.318997296633	0.356967313836	0.032563283362	0.291472106169
-saú	0.0	1.0	0.0	0.0
-276	0.0	0.156862745098	0.0	0.843137254902
-üna	0.263267687411	0.613916054229	0.043433585935	0.0793826724254
-sto	0.02451902323	0.866643683558	0.0031519209453	0.105685372266
-'ut	0.400309905331	0.380975116078	0.0501634395038	0.168551539087
-sta	0.147768395657	0.633293124246	0.200844390832	0.0180940892642
-saí	0.0	1.0	0.0	0.0
-ain	0.256473614779	0.195659884474	0.0619426912867	0.48592380946
-loé	0.0497925311203	0.881742738589	0.0	0.0684647302904
-ián	0.0628272251309	0.79057591623	0.146596858639	0.0
-saa	0.354232781542	0.506732995969	0.0436572604855	0.0953769620036
-cua	0.0	0.995208050475	0.0	0.0047919495248
-kki	0.0	0.950166112957	0.0398671096345	0.00996677740864
-eya	0.157916576913	0.180919787257	0.171316170807	0.489847465022
-200	0.12213740458	0.4118956743	0.294211195929	0.171755725191
-jüt	0.254020934389	0.47612969109	0.0536124585142	0.216236916007
-ioo	0.0	1.0	0.0	0.0
-lem	0.0	1.0	0.0	0.0
-len	0.4080604534	0.350125944584	0.0302267002519	0.211586901763
-esü	0.302677449028	0.188792042778	0.0852476531837	0.423282855011
-lea	0.00566903626384	0.987852065149	0.00215963286241	0.00431926572483
-lee	0.0569684892411	0.877597413154	0.0189724329552	0.0464616646501
-leg	0.0	1.0	0.0	0.0
-'ra	0.333154793787	0.487412961971	0.00803427959293	0.171397964649
-oin	0.347413365867	0.446923276521	0.0760863203321	0.129577037279
-les	0.0	1.0	0.0	0.0
-jüi	0.148205780215	0.782264645046	0.00797009317418	0.0615594815645
-aa'	0.0389242090044	0.777131100443	0.0	0.183944690553
-eel	0.0	1.0	0.0	0.0
-rra	0.00535594733318	0.983932158	0.0107118946664	0.0
-een	0.645264847512	0.335473515249	0.0	0.0192616372391
-rre	0.0989010989011	0.802197802198	0.0	0.0989010989011
-rro	0.0	0.95041322314	0.0495867768595	0.0
-'ya	0.958904109589	0.041095890411	0.0	0.0
-san	0.80535836959	0.162583008931	0.0	0.0320586214793
-gio	0.015143866734	0.984856133266	0.0	0.0
-udá	0.0	1.0	0.0	0.0
-ndo	0.0	0.916666666667	0.0833333333334	0.0
-ale	0.395490472151	0.282489738275	0.0970039284385	0.225015861135
-gia	0.0	0.953271028037	0.0467289719626	0.0
-ala	0.341745762065	0.235438122905	0.0457829178889	0.377033197141
-rüi	0.115237528682	0.737401206765	0.113367893261	0.0339933712926
-fat	0.0	1.0	0.0	0.0
-you	0.0847457627119	0.152542372881	0.728813559322	0.0338983050847
-yoi	0.0544135429262	0.814993954051	0.130592503023	0.0
-yoo	0.682134570766	0.118329466357	0.0487238979118	0.150812064965
-abí	0.302013422819	0.375838926175	0.0	0.322147651007
-üse	0.247422680412	0.752577319588	0.0	0.0
-abé	0.0089677162216	0.97489039458	0.00358708648864	0.0125548027102
-chi	0.120735614526	0.0915921445329	0.0166217544522	0.771050486489
-nüü	0.272817679675	0.543077227442	0.152742057148	0.0313630357345
-íin	0.472440944882	0.385826771654	0.0944881889764	0.0472440944882
-153	0.063829787234	0.0	0.159574468085	0.776595744681
-oré	0.0	0.933333333333	0.0	0.0666666666667
-elo	0.0	1.0	0.0	0.0
-ogo	0.0	1.0	0.0	0.0
-ela	0.0	0.900260036334	0.0997399636662	0.0
-iya	0.298622695396	0.362589940162	0.0690147270998	0.269772637342
-jüü	0.696347031964	0.235159817352	0.0684931506849	0.0
-sya	0.0	0.017094017094	0.0	0.982905982906
-ito	0.0360169491526	0.912923728813	0.0222457627119	0.028813559322
-tes	0.0	0.964705882353	0.035294117647	0.0
-eso	0.00582807187956	0.951918406994	0.013113161729	0.0291403593978
-lás	0.0	1.0	0.0	0.0
-esa	0.0436787187576	0.872603736957	0.0837175442853	0.0
-ite	0.0	0.804553760844	0.0619630742086	0.133483164948
-ese	0.373209992683	0.328281244556	0.0439183303718	0.254590432389
-ita	0.209781330825	0.601410768869	0.0924053609218	0.0964025393839
-alü	0.171188953762	0.336857395526	0.0948524334078	0.397101217304
-spe	0.0483870967742	0.906451612903	0.0451612903225	0.0
-fté	0.0	1.0	0.0	0.0
-o'u	0.163246953478	0.302886522032	0.0736048118036	0.460261712686
-spo	0.0	1.0	0.0	0.0
-fas	0.102580043519	0.855455393224	0.00466272925085	0.0373018340068
-alí	0.0	1.0	0.0	0.0
-o'o	0.351807083283	0.177535355977	0.300072525082	0.170585035658
-hum	0.0	1.0	0.0	0.0
-hua	0.124531456207	0.144349620976	0.0331237245354	0.697995198282
-rüü	0.0772696226896	0.609241078923	0.293206022431	0.020283275956
-nje	0.30210040154	0.106742492814	0.073209586464	0.517947519181
-nja	0.28879951696	0.380296724387	0.014232419727	0.316671338926
-won	0.0	0.855570839065	0.0	0.144429160935
-tra	0.0	1.0	0.0	0.0
-abo	0.0	1.0	0.0	0.0
-tua	0.225685448297	0.252189379303	0.0846471586753	0.437478013725
-sot	0.516445432551	0.360477197265	0.051948240662	0.0711291295219
-koi	0.17697228145	0.452665245203	0.303837953092	0.0665245202559
-ael	0.00604229607251	0.979607250755	0.00151057401813	0.0128398791541
-kot	0.190513016175	0.582889380825	0.0610031152085	0.165594487792
-tut	0.357965451056	0.250319897633	0.291426743442	0.10028790787
-oro	0.0	0.945849576612	0.0489100598344	0.0052403635537
-elí	0.00778210116732	0.963683527886	0.00518806744486	0.0233463035019
-'üi	0.0337078651685	0.966292134831	0.0	0.0
-ora	0.0111662531017	0.910669975186	0.0	0.0781637717122
-ion	0.0377358490566	0.962264150943	0.0	0.0
-ris	0.0	1.0	0.0	0.0
-lix	0.0288534548216	0.943811693242	0.0	0.0273348519362
-jee	0.193234493205	0.190614043842	0.0364322678134	0.579719195139
-lit	0.130278377331	0.113730698987	0.540428357961	0.21556256572
-íso	0.0	0.96511627907	0.0348837209302	0.0
-rut	0.04	0.96	0.0	0.0
-lis	0.00325556158437	0.882799782963	0.0	0.113944655453
-ico	0.0926138538078	0.902411021814	0.00497512437811	0.0
-lim	0.0	0.964285714286	0.0357142857142	0.0
-lin	0.24660814096	0.262274674488	0.11385280599	0.377264378561
-lio	0.00770416024654	0.98844375963	0.0	0.00385208012327
-lii	0.28813230167	0.36614750404	0.189021149632	0.156699044658
-sué	0.0	0.991732120711	0.0	0.00826787928895
-oma	0.146529518541	0.653003716829	0.0398536318322	0.160613132797
-rua	0.178989098704	0.46589837223	0.0636138584478	0.291498670618
-lia	0.201367397456	0.181343681121	0.0439038083172	0.573385113106
-ica	0.0	1.0	0.0	0.0
-eas	0.0345144960883	0.841233317994	0.0	0.124252185918
-cma	0.0776914539401	0.751387347392	0.0	0.170921198668
-ode	0.0	1.0	0.0	0.0
-rna	0.0	1.0	0.0	0.0
-üpü	0.817733990148	0.182266009852	0.0	0.0
-zer	0.0	1.0	0.0	0.0
-je'	0.0789473684211	0.7995951417	0.121457489879	0.0
-rge	0.0	1.0	0.0	0.0
ALL	0.217207391928	0.267628208619	0.049935140056	0.465229259397
-sda	0.0	1.0	0.0	0.0
-nio	0.00718616662925	0.986076802156	0.00673703121491	0.0
-pai	0.190305910015	0.748365132626	0.0205736118935	0.0407553454652
-apa	0.477839894872	0.179687454048	0.0464902721121	0.295982378968
-pan	0.0633566864768	0.920069565454	0.00476942390469	0.0118043241641
-paa	0.27242956803	0.381285290411	0.091196872116	0.255088269443
-üla	0.158722542297	0.0470079615164	0.00915475237656	0.78511474381
-üle	0.466767280907	0.289537264706	0.0945407556602	0.149154698727
-aín	0.0460526315789	0.934210526316	0.00394736842105	0.0157894736842
-wan	0.422832980973	0.437632135307	0.0190274841438	0.120507399577
-pas	0.0810810810811	0.918918918919	0.0	0.0
-pat	0.210257138798	0.687455604489	0.0426196902969	0.0596675664157
-wai	0.13523531931	0.494877402777	0.0485045924583	0.321382685455
-suu	0.336337269526	0.284856018231	0.0	0.378806712244
-icó	0.0	1.0	0.0	0.0
-nua	0.197540428738	0.548088840508	0.0692107858484	0.185159944905
-omé	0.0031152647975	0.897196261682	0.0	0.0996884735203
-ket	0.0601566871852	0.199976017268	0.692301542889	0.0475657526581
-nut	0.293296089385	0.706703910615	0.0	0.0
-nuu	0.267803577505	0.2849307392	0.0538856786395	0.393380004656
-zín	0.0	0.85257985258	0.117936117936	0.029484029484
-fes	0.283582089552	0.223880597015	0.492537313433	0.0
-üpa	0.543776866527	0.213854015822	0.102540780545	0.139828337107
-dio	0.0	1.0	0.0	0.0
-dis	0.0	1.0	0.0	0.0
-mea	0.0	1.0	0.0	0.0
-uis	0.0	1.0	0.0	0.0
-tuu	0.475382003395	0.303433314469	0.0660252782493	0.155159403886
-lun	0.635869565217	0.119565217391	0.0923913043478	0.152173913043
-uku	0.139309226566	0.333497069159	0.0329940421432	0.494199662132
-uka	0.292214717384	0.304656949876	0.231070031994	0.172058300747
-nna	0.485075077503	0.297808623243	0.0614703134004	0.155645985853
-'ot	0.0865581811975	0.723872248412	0.0329064159924	0.156663154399
-tpa	0.426110982168	0.274656623899	0.103481011708	0.195751382226
-tit	0.253623188406	0.253623188406	0.108695652174	0.384057971015
-kka	0.465346534654	0.386138613861	0.029702970297	0.118811881188
-ülü	0.333146093713	0.578851284932	0.0573421335954	0.0306604877592
-paü	0.0462857576447	0.822444798543	0.036421579786	0.0948478640261
-tia	0.148748377873	0.0738837922698	0.0299877152232	0.747380114634
-tio	0.0	0.757575757576	0.181818181818	0.0606060606061
-lón	0.0	1.0	0.0	0.0
-üya	0.219683511592	0.430981746702	0.248389456412	0.100945285294
-apü	0.10348534705	0.768699785779	0.0138590259876	0.113955841183
-ema	0.253309003375	0.324915801217	0.276157931226	0.145617264182
-uwa	0.323304245409	0.607098881096	0.0695968734943	0.0
-emo	0.039886039886	0.831908831909	0.00854700854702	0.119658119658
-osé	0.038486260646	0.926964486582	0.00674915635545	0.0278000964165
-260	0.0	0.0243902439024	0.0325203252033	0.943089430894
-rug	0.0	1.0	0.0	0.0
-jaa	0.329318102119	0.32333467173	0.0744783244881	0.272868901663
-íoo	0.320634920635	0.419047619048	0.0666666666667	0.193650793651
-osü	0.263804960067	0.257429171921	0.170636401849	0.308129466162
-lüi	0.687898089172	0.222929936306	0.0127388535032	0.0764331210191
-das	0.0310412391811	0.877856117994	0.000925683076972	0.0901769597482
-mma	0.100202020112	0.334011401866	0.0283917394047	0.537394838617
-jak	0.325021496131	0.602751504729	0.0	0.07222699914
-jai	0.223943424819	0.543694224617	0.0505135544704	0.181848796094
-ulu	0.373206715878	0.200725061462	0.0558071484573	0.370261074202
-cio	0.0240340173785	0.960713625439	0.0152523571825	0.0
-ana	0.167971696671	0.510246223733	0.0665140136937	0.255268065902
-cia	0.0250233426704	0.91335200747	0.012324929972	0.049299719888
-üka	0.118515428499	0.0154171842529	0.00689498729427	0.859172399954
-zar	0.0	1.0	0.0	0.0
-cis	0.0	0.95	0.05	0.0
-kta	0.350352195906	0.540121968515	0.0471044296317	0.0624214059471
-tüi	0.0282685512367	0.614840989399	0.339222614841	0.017667844523
-soi	0.0	0.947826086957	0.0521739130435	0.0
-000	0.0833935402874	0.0413296064242	0.00501000817236	0.870266845116
-blo	0.0381728035407	0.8765318842	0.000420173952016	0.0848751383073
-eta	0.221695582186	0.730310618256	0.0313003040601	0.0166934954987
-iaa	0.365763955008	0.376319165338	0.0600150858831	0.19790179377
-eto	0.00302343159486	0.992441421013	0.0	0.00453514739229
-rco	0.00806451612903	0.991935483871	0.0	0.0
-amü	0.115297647032	0.306646965321	0.517160319699	0.0608950679473
-püi	0.126089722165	0.782545038975	0.0500943365713	0.0412709022889
-uya	0.20691833285	0.551953870455	0.11485462868	0.126273168015
-ías	0.0150114913796	0.956985763954	0.0127808118194	0.0152219328475
-tku	0.275783879539	0.315996457042	0.0580336581044	0.350186005315
-'ai	0.0698689956332	0.0960698689956	0.781659388646	0.0524017467249
-mén	0.00563308155166	0.0660606836512	0.0	0.928306234797
-300	0.102994633893	0.897005366107	0.0	0.0
-wei	0.377358490566	0.566037735849	0.0566037735849	0.0
-ría	0.0201961622205	0.781545693181	0.00803776733207	0.190220377266
-ata	0.263183336132	0.397870329659	0.0767020554415	0.262244278767
-amá	0.247933884297	0.752066115703	0.0	0.0
-ato	0.0744622721176	0.846058318017	0.0348715910784	0.044607818787
-püt	0.00738279808047	0.870801033592	0.107050572167	0.0147655961609
-rín	0.00514359194169	0.877411058723	0.018002571796	0.0994427775395
-wee	0.452531282287	0.337159912754	0.0493628745265	0.160945930433
-ose	0.446742502585	0.222337125129	0.268872802482	0.0620475698035
-'la	0.450636394909	0.251805985552	0.0877192982456	0.209838321293
-kai	0.12824572373	0.60346829303	0.05385254156	0.21443344168
-osa	0.0	1.0	0.0	0.0
-waa	0.250524392466	0.532732171973	0.0774754431036	0.139267992457
-pee	0.410714285714	0.214285714286	0.125	0.25
-oso	0.195796460177	0.512168141593	0.278761061947	0.0132743362832
-ula	0.25422652836	0.474964387091	0.0588312296967	0.211977854853
-ule	0.21495809718	0.211673806647	0.0695288722297	0.503839223943
-lén	0.00619159264274	0.983059802529	0.000990654822838	0.00975795000496
-nia	0.107334216224	0.0476853724448	0.00272058221724	0.842259829114
-nii	0.15655773856	0.468897613852	0.0156188871455	0.358925760442
-nin	0.333333333333	0.168076109937	0.0475687103594	0.451021846371
-ice	0.00279329608938	0.963687150838	0.0335195530726	0.0
-kat	0.234434223835	0.495850276889	0.0777927056557	0.19192279362
-tta	0.0392330725483	0.0162046360961	0.0222616974352	0.92230059392
-aje	0.259463732729	0.377281924111	0.125425990714	0.237828352446
-üta	0.415858043655	0.383629836895	0.0291560990016	0.171356020448
-hüü	0.633333333333	0.3	0.0666666666667	0.0
-aja	0.399105748476	0.149012716562	0.0338123911157	0.418069143846
-nós	0.0	1.0	0.0	0.0
-shi	0.399186217862	0.230076206133	0.0626994787157	0.308038097289
-nón	0.0	0.866666666667	0.133333333333	0.0
-ükü	0.0973120266026	0.860012931831	0.00129318307778	0.0413818584888
-sha	0.12434401448	0.848228459913	0.00451227034187	0.0229152552656
-fia	0.0	1.0	0.0	0.0
-oot	0.27397260274	0.631190727081	0.0632244467861	0.0316122233931
-ias	0.0	0.993277310924	0.00336134453781	0.00336134453782
-oju	0.139229160442	0.427248282044	0.41559605617	0.0179265013445
-lda	0.020202020202	0.707070707071	0.272727272727	0.0
-vid	0.00339294017115	0.993151287432	0.000314161126959	0.00314161126959
-fre	0.0	0.991329479769	0.00867052023121	0.0
-oja	0.104761904762	0.876190476191	0.0	0.0190476190476
-ila	0.0	1.0	0.0	0.0
-ilo	0.0799563874251	0.777394148646	0.0445211702708	0.098128293658
-yuu	0.109465989294	0.399368213085	0.012784582889	0.478381214732
-ojo	0.297644699192	0.124354391564	0.042571201897	0.535429707348
-oam	0.0	1.0	0.0	0.0
-nee	0.4169494799	0.171177882626	0.0608393344922	0.351033302983
-atü	0.321322675735	0.336698741158	0.126556601054	0.215421982053
-igo	0.0559748961072	0.922652870834	0.0169620897295	0.00441014332966
-ebe	0.242990654206	0.757009345794	0.0	0.0
-lmo	0.0166666666667	0.916666666667	0.0	0.0666666666667
-püü	0.224239188468	0.482848371597	0.0490523224773	0.243860117458
-amo	0.0	0.984435797665	0.0155642023346	0.0
-ama	0.12056177529	0.26218712515	0.0453418632547	0.571909236305
-ü'ü	0.242664998436	0.628255656344	0.0638098217079	0.0652695235117
-oas	0.0	1.0	0.0	0.0
-hii	0.373145922182	0.235197751899	0.0704956689015	0.321160657018
-iro	0.0791925465839	0.881211180124	0.00582298136646	0.0337732919255
-hin	0.423984442527	0.305401632564	0.0866958707692	0.18391805414
-ein	0.400038833288	0.295029725748	0.110998823737	0.193932617227
-hia	0.164381816979	0.0739822433428	0.0214856443166	0.740150295362
-usa	0.178461688532	0.381427281364	0.0152419404365	0.424869089667
-món	0.0140044135121	0.982430826685	0.0	0.00356475980309
-use	0.0594591266604	0.852976034724	0.041465929905	0.0460989087103
-mós	0.0	1.0	0.0	0.0
-agé	0.0490463215259	0.950953678474	0.0	0.0
-hit	0.376237623762	0.445544554456	0.178217821782	0.0
-usu	0.0	0.959923664122	0.0400763358779	0.0
-ulo	0.0474698325046	0.855546030188	0.0145678997747	0.0824162375324
-uza	0.0	1.0	0.0	0.0
-uda	0.0	1.0	0.0	0.0
-epa	0.279662528657	0.350096788473	0.143101591559	0.227139091311
-ceo	0.0	0.991580916745	0.00841908325537	0.0
-aná	0.00423370025402	0.96316680779	0.0152413209145	0.0173581710415
-bén	0.0	1.0	0.0	0.0
-aní	0.0	1.0	0.0	0.0
-cea	0.0	1.0	0.0	0.0
-pia	0.088845885144	0.0901592712193	0.0120572090326	0.808937634604
-npa	0.164285714286	0.257142857143	0.471428571429	0.107142857143
-pin	0.222783862211	0.757558738182	0.0196573996069	0.0
-pio	0.0	0.975552968568	0.0	0.0244470314319
-rés	0.00275482093664	0.99173553719	0.0	0.00550964187328
-lüü	0.0275673805221	0.944365411973	0.0107655042485	0.0173017032566
-iud	0.0	1.0	0.0	0.0
-tés	0.0	1.0	0.0	0.0
-ace	0.0	1.0	0.0	0.0
-uem	0.0	1.0	0.0	0.0
-uel	0.0438596491228	0.929824561403	0.0263157894737	0.0
-ueo	0.0180904522613	0.957788944724	0.0	0.0241206030151
-'ui	0.0616747394125	0.824977090857	0.0561184565825	0.0572297131485
-'et	0.0226586102719	0.561933534743	0.415407854985	0.0
-iin	0.204267510563	0.286481337749	0.121336464378	0.387914687309
-ije	0.257623556924	0.27606985232	0.0906967882758	0.37560980248
-lco	0.103773584906	0.896226415094	0.0	0.0
-irü	0.228357173153	0.21229864006	0.252767247572	0.306576939216
-ago	0.00225631768953	0.993231046931	0.00451263537907	0.0
-usü	0.249536222529	0.266465689666	0.217063277455	0.266934810351
-sli	0.0	1.0	0.0	0.0
-tsa	0.202635122139	0.262031159838	0.047461050202	0.487872667821
-tse	0.177081695937	0.74622386716	0.0186484516784	0.0580459852241
-rte	0.374306839187	0.551756007394	0.0184842883549	0.0554528650647
-mpa	0.708074534161	0.254658385093	0.0372670807453	0.0
-rta	0.00575125808769	0.99281092739	0.0	0.00143781452193
-ona	0.642093271104	0.240086729631	0.077689169821	0.040130829444
-ego	0.0387736699729	0.111812443643	0.797114517583	0.0522993688007
-rto	0.0	1.0	0.0	0.0
-oni	0.0208333333333	0.770833333333	0.0	0.208333333333
-450	0.0	0.0438871473354	0.0626959247649	0.8934169279
-dam	0.0	1.0	0.0	0.0
-ane	0.0220845555961	0.0309606173863	0.0113626165373	0.93559221048
-ura	0.0	0.852459016393	0.147540983607	0.0
-noi	0.152027027027	0.847972972973	0.0	0.0
-ani	0.0	0.996551724138	0.00344827586208	0.0
-ank	0.217299641599	0.19564497184	0.0468933530103	0.540162033551
-dab	0.0	1.0	0.0	0.0
-ano	0.072251155285	0.415022372185	0.51272647253	0.0
-tam	0.0	1.0	0.0	0.0
-tai	0.0469260469261	0.916245916246	0.0203445203445	0.0164835164835
-tak	0.354078993089	0.11418478051	0.0479711208062	0.483765105594
-taa	0.315323905313	0.437252657416	0.119373712659	0.128049724612
-sco	0.0513016845329	0.945635528331	0.0030627871363	0.0
-nás	0.0615454180065	0.823000401929	0.0198954983923	0.095558681672
-tat	0.160633835638	0.794508311325	0.0320413235979	0.0128165294392
-aal	0.0	1.0	0.0	0.0
-tar	0.0	1.0	0.0	0.0
-oes	0.0749063670412	0.887640449438	0.0187265917603	0.0187265917603
-rán	0.116504854369	0.883495145631	0.0	0.0
-nán	0.0128205128205	0.987179487179	0.0	0.0
-sés	0.0209866721835	0.951624014384	0.00759273912329	0.0197965743097
-lam	0.0	1.0	0.0	0.0
-ena	0.291518728763	0.257208019556	0.0606658194759	0.390607432205
-eno	0.0172711571675	0.982728842832	0.0	0.0
-ene	0.0	0.990384615385	0.0	0.00961538461539
-pía	0.0	0.904306220096	0.0956937799043	0.0
-sée	0.491525423729	0.457627118644	0.0	0.0508474576271
-oel	0.0799999999998	0.92	0.0	0.0
