-okõ	0.592691622103	0.251336898396	0.138146167558	0.017825311943
-otĩ	0.262550094917	0.203166902703	0.485431042276	0.0488519601049
-épa	0.184650811035	0.105058352233	0.0263240624286	0.683966774304
-eus	0.0	1.0	0.0	0.0
-épe	0.137707030261	0.280952481162	0.05395395458	0.527386533997
-cas	0.0408163265306	0.860282574568	0.00941915227629	0.0894819466247
-iva	0.394407490367	0.311306198405	0.139029303584	0.155257007643
-ive	0.0879605691463	0.0411631115575	0.0279950818158	0.84288123748
-rbe	0.0	1.0	0.0	0.0
-eví	0.0800889877642	0.88283277716	0.0259547645532	0.0111234705228
-okã	0.495060373216	0.346871569704	0.151481888035	0.00658616904501
-ivo	0.628673819894	0.201832926095	0.100343496583	0.0691497574277
-'i?	0.843137254902	0.0	0.156862745098	0.0
-ehu	0.525890566707	0.0984075937776	0.0187084181309	0.356993421384
-ẽko	0.193396226415	0.278301886793	0.11320754717	0.415094339623
-ija	0.354725787631	0.258459743291	0.285297549592	0.101516919487
-dío	0.041059602649	0.738337012509	0.123080696591	0.0975226882512
-ẽka	0.656	0.264	0.048	0.032
-'ẽ?	0.602098466505	0.27199354318	0.0290556900726	0.0968523002421
-ẽke	0.375600273088	0.349402330506	0.215866881126	0.0591305152802
-uru	0.228776554422	0.608481341584	0.0442015591095	0.118540544885
-'ẽ!	0.0844444444444	0.12	0.742222222222	0.0533333333333
-nso	0.103740961962	0.849104055328	0.0301791889343	0.0169757937756
-úke	0.594170952731	0.21969140338	0.105314719569	0.0808229243204
-ũre	0.107036905186	0.686483920731	0.206479174083	0.0
-nse	0.00847457627118	0.9	0.0915254237288	0.0
-ũ'ỹ	0.5	0.365384615385	0.0384615384615	0.0961538461538
-ufo	0.0	1.0	0.0	0.0
-úko	0.416666666667	0.125	0.208333333333	0.25
-uaa	0.54875058165	0.0956448825683	0.0347008077571	0.320903728024
-he?	0.148503135724	0.0807596734114	0.0153827949355	0.755354395929
-nto	0.011080375338	0.905878797741	0.0702557784544	0.012785048467
-áre	0.278508314904	0.548621618818	0.0722310207322	0.100639045546
-nta	0.0	1.0	0.0	0.0
-nte	0.258624677546	0.283446802762	0.114621689286	0.343306830406
-ohã	0.174620390455	0.624728850326	0.143167028199	0.0574837310195
-uan	0.0351713781384	0.86661221909	0.0133835656137	0.0848328371579
-'ói	0.57946210269	0.271801140994	0.0590872045639	0.0896495517522
-peẽ	0.0486324945047	0.0326363875291	0.00771527810513	0.911015839861
-a'ã	0.478040913796	0.330570598976	0.0679570626112	0.123431424617
-óta	0.477123753701	0.207509330221	0.056847096599	0.258519819479
-ñói	0.308808808809	0.292292292292	0.0510510510511	0.347847847848
-ýrõ	0.494015993131	0.26877046101	0.123436913004	0.113776632856
-'úi	0.517661216878	0.247262457175	0.138693135001	0.096383190945
-e'ã	0.762361466326	0.200980392157	0.0200341005967	0.0166240409207
-opy	0.401182964196	0.435870888307	0.072352496747	0.0905936507493
-óso	0.0	0.804878048781	0.0975609756098	0.0975609756096
-arã	0.186170805269	0.155001596599	0.0521307958911	0.606696802241
-opu	0.911618762288	0.0411946446962	0.0393221608463	0.00786443216929
-más	0.0	0.990272373541	0.0	0.00972762645914
-ape	0.145474980203	0.545520058918	0.0918434648491	0.217161496029
-eño	0.108579986343	0.0293607281492	0.0224837345457	0.839575550962
-yra	0.11114990689	0.801094040968	0.0210661080074	0.0666899441341
-arõ	0.322392616037	0.224947977987	0.0500035990738	0.402655806903
-e'õ	0.417777777778	0.124444444444	0.408888888889	0.0488888888889
-opo	0.789473684211	0.173767752715	0.0233918128655	0.0133667502088
-opi	0.629921259843	0.209098862642	0.076990376203	0.0839895013124
-tín	0.0	0.961538461538	0.0384615384615	0.0
-mán	0.0322580645161	0.629032258065	0.338709677419	0.0
-ope	0.0971731490463	0.83048571233	0.0137837601815	0.0585573784421
-'ẽi	0.582253839314	0.234853036603	0.0483068566897	0.134586267394
-áva	0.274782137445	0.378200054477	0.125115832383	0.221901975695
-opa	0.0653764158139	0.150599122993	0.035060884873	0.74896357632
-dea	0.00381033022862	0.986028789162	0.0	0.0101608806096
-dec	0.182438721688	0.777226186782	0.00868755817562	0.031647533354
-oky	0.426549723281	0.528945403014	0.044504873705	0.0
-das	0.0376247341731	0.909537052184	0.000981514804515	0.0518566988385
-ri!	0.324733096085	0.451957295374	0.0951957295373	0.128113879004
-ýma	0.403161403766	0.325527511173	0.0248644589347	0.246446626127
-yty	0.332009644022	0.472080040226	0.0438686968966	0.152041618855
-tỹi	0.55417050286	0.387795214499	0.0341378133179	0.0238964693225
-deo	0.00139925373134	0.998600746269	0.0	0.0
-ima	0.149966421763	0.083087822743	0.082732192178	0.684213563316
-yje	0.193110841801	0.304045865573	0.438426400671	0.0644168919549
-oko	0.721204886598	0.147397963071	0.0435196708404	0.087877479491
-des	0.0193465176268	0.917454858126	0.0447119518486	0.018486672399
-ime	0.363205932118	0.164328656474	0.0357208704623	0.436744540946
-yja	0.00893078640536	0.985611510791	0.00347308360208	0.00198461920119
-oke	0.624077899085	0.0660961935675	0.0371791088817	0.272646798466
-ri?	0.499137633667	0.14798206278	0.0258709899965	0.327009313556
-júi	0.710261100573	0.0673339083388	0.0158590995343	0.206545891554
-oka	0.19056610371	0.509073743837	0.0713311654253	0.229028987028
-imo	0.0419091967404	0.800931315483	0.046565774156	0.11059371362
-rỹi	0.378579003181	0.406150583245	0.170731707317	0.0445387062566
-yma	0.238934733683	0.22480620155	0.23855963991	0.297699424856
-ido	0.0	0.611650485437	0.0291262135922	0.359223300971
-lla	0.230160208644	0.717678837556	0.0443368107302	0.00782414307005
-mýi	0.720472440945	0.204724409449	0.0433070866142	0.0314960629921
-rpo	0.0	1.0	0.0	0.0
-vẽi	0.44859230221	0.434990496555	0.033559040152	0.0828581610834
-ymi	0.0937965829607	0.22784084394	0.320605435157	0.357757137943
-me?	0.401748512067	0.23447738385	0.0297151266322	0.334058977451
-ide	0.036253776435	0.963746223565	0.0	0.0
-llo	0.224449208358	0.719761345146	0.0333186972131	0.0224707492833
-õ'ỹ	0.373900293255	0.626099706745	0.0	0.0
-ida	0.0868421052631	0.905263157895	0.0	0.00789473684211
-úpa	0.473470891673	0.154614959469	0.112380250553	0.259533898305
-ná!	0.0706214689265	0.725988700565	0.0	0.203389830508
-úpe	0.139525190393	0.618294732054	0.123762277384	0.118417800169
-ua?	0.279636301252	0.577400354549	0.0646194315777	0.0783439126208
-bia	0.0	0.927272727273	0.0363636363636	0.0363636363636
-ar?	0.644237652112	0.234073013601	0.107372942019	0.0143163922691
-u'ũ	0.133317722359	0.702767045233	0.145338172735	0.0185770596729
-ála	0.0825688073395	0.917431192661	0.0	0.0
-nté	0.473953885568	0.105892399658	0.064901793339	0.355251921435
-eja	0.51323934053	0.125623134674	0.0266664461828	0.334471078613
-bba	0.0935251798561	0.841726618705	0.0	0.0647482014388
-uta	0.0	1.0	0.0	0.0
-eje	0.640453215574	0.0562099447148	0.00458315314616	0.298753686565
-ria	0.0132743362832	0.986725663717	0.0	0.0
-ulo	0.0382008626001	0.908400082152	0.00123228589033	0.0521667693571
-péi	0.0764143184345	0.0264031579223	0.0065153260981	0.890667197545
-rẽi	0.313005143277	0.222263041881	0.244305657605	0.220426157237
-pói	0.478823109366	0.295829335238	0.0604958382612	0.164851717136
-rra	0.0	1.0	0.0	0.0
-a'u	0.30621791891	0.191830388282	0.100233845438	0.40171784737
-ras	0.0678391959799	0.886934673367	0.0150753768844	0.0301507537688
-a'i	0.0214636178658	0.821364669471	0.144003392516	0.0131683201464
-a'o	0.553131951926	0.310354959215	0.0595609530872	0.0769521357715
-eju	0.636949380948	0.247325865409	0.0144024256717	0.101322327971
-utu	0.54979253112	0.390272014753	0.0322729368373	0.0276625172891
-ejy	0.296467162026	0.0871233771536	0.00721265071718	0.609196810103
-a'a	0.36629653821	0.511952971914	0.0794252122796	0.0423252775964
-hud	0.0	1.0	0.0	0.0
-yse	0.264133106447	0.558612214029	0.15295897145	0.0242957080734
-moĩ	0.528021357435	0.123129959497	0.0234043400573	0.325444343011
-teo	0.00512320078068	0.987557940961	0.00292754330324	0.00439131495487
-ígo	0.0	0.969720496894	0.0240683229814	0.00621118012422
-are	0.196981387859	0.325518421203	0.0479028738452	0.429597317093
-e'e	0.512476949814	0.120444686186	0.0252059592194	0.341872404781
-apy	0.209205677813	0.555264019043	0.0578639272406	0.177666375904
-ñái	0.455009479364	0.337173691119	0.0962520052501	0.111564824267
-ara	0.132316938929	0.818546797277	0.0270249450863	0.022111318707
-e'a	0.467086155731	0.178577237964	0.0812963868964	0.273040219408
-ãho	0.682119205298	0.238410596027	0.0794701986755	0.0
-e'o	0.699670312418	0.220262703438	0.0175310063321	0.0625359778115
-ãha	0.274330577716	0.22715769685	0.0570906943674	0.441421031067
-aro	0.0584467574059	0.770216172938	0.0948759007206	0.0764611689351
-ari	0.539768339768	0.117374517375	0.00926640926641	0.333590733591
-rón	0.0190476190476	0.968253968254	0.0126984126984	0.0
-aru	0.456805368268	0.352630287718	0.0698753194006	0.120689024613
-e'u	0.718133280031	0.145053326712	0.0214927907451	0.115320602512
-ram	0.0	1.0	0.0	0.0
-mea	0.0	1.0	0.0	0.0
-eoĩ	0.384615384615	0.144230769231	0.0	0.471153846154
-ĩme	0.128535683821	0.278915742584	0.16608662686	0.426461946735
-meo	0.0	1.0	0.0	0.0
-kõi	0.0300588975338	0.034754961527	0.0130610876677	0.922125053271
-tye	0.0740740740741	0.851851851852	0.0740740740741	0.0
-moõ	0.168136020151	0.0730478589421	0.00188916876574	0.756926952141
-erõ	0.625571297989	0.251599634369	0.0519881170019	0.0708409506398
-aya	0.00621118012422	0.993788819876	0.0	0.0
-lco	0.0923076923077	0.907692307692	0.0	0.0
-bái	0.0987202925045	0.433272394881	0.217550274223	0.250457038391
-rro	0.0635613023835	0.90185387132	0.0243028509114	0.0102819753856
-ayo	0.0	1.0	0.0	0.0
-tyo	0.195830412627	0.344380823364	0.0193908653429	0.440397898667
-ote	0.0018315018315	0.994505494505	0.0	0.003663003663
-ũva	0.422119037569	0.39932460954	0.111861544956	0.0666948079359
-báy	0.758474576271	0.162711864407	0.0228813559322	0.0559322033898
-éte	0.642857142857	0.357142857143	0.0	0.0
-bás	0.00570342205323	0.977186311787	0.0	0.0171102661597
-éta	0.479762604059	0.22844388918	0.0820173439501	0.209776162811
-ópa	0.410496073549	0.1893506991	0.0420609078721	0.358092319479
-ópe	0.231640527549	0.518013304245	0.0495086113702	0.200837556837
-ána	0.29139254386	0.433388157895	0.116228070176	0.15899122807
-aón	0.0115163147793	0.988483685221	0.0	0.0
-a'ẽ	0.635591138707	0.161101061586	0.019515747851	0.183792051856
-na!	0.31872600987	0.603134710291	0.00274172911716	0.0753975507219
-ere	0.555403052955	0.114870145582	0.0275575292866	0.302169272177
-dán	0.0215870477714	0.916849890066	0.0083949630222	0.0531680991405
-u'ã	0.486283610389	0.158454573753	0.0159469144276	0.339314901431
-na?	0.486033175063	0.166491952889	0.0457544552013	0.301720416846
-ỹre	0.372730502772	0.306301741334	0.109830235731	0.211137520162
-ỹha	0.22666038227	0.440735555852	0.282375783498	0.05022827838
-áne	0.482316454301	0.305047532235	0.104542644451	0.108093369012
-ota	0.361353804621	0.30209342243	0.0466565192381	0.289896253711
-tán	0.0	1.0	0.0	0.0
-rýi	0.306592126718	0.468506871652	0.0886326578151	0.136268343816
-ĩri	0.372431881101	0.167419495847	0.282383797173	0.177764825878
-pái	0.356687898089	0.424435437174	0.13240687126	0.0864697934762
-ĩre	0.554182845041	0.272855630074	0.0847158489234	0.0882456759619
-ã'o	0.208333333333	0.744047619048	0.0	0.047619047619
-õrã	0.10551984039	0.770339170915	0.0124140988694	0.111726889825
-ĩra	0.258205689278	0.0478274460769	0.0393873085339	0.654579556111
-upã	0.0747493722029	0.665054751771	0.00842952350483	0.251766352521
-rái	0.529523071651	0.287959831339	0.0801585291357	0.102358567874
-oty	0.293389514796	0.544277168042	0.0421853788052	0.120147938357
-umi	0.0281720205913	0.0501357701363	0.00442167597712	0.917270533295
-ako	0.264683317705	0.344258801466	0.0581791833603	0.332878697468
ALL	0.232962144783	0.2782980372	0.052126003073	0.436613814945
-nai	0.0869565217391	0.760869565217	0.0	0.152173913043
-ysy	0.0	0.872679045093	0.127320954907	0.0
-'ái	0.459875388604	0.324828111092	0.113001638266	0.102294862037
-ake	0.403781507411	0.400449230828	0.0561597519111	0.139609509849
-ýta	0.31930806348	0.260147973267	0.0316287871028	0.388915176149
-esũ	0.67396818077	0.173699177619	0.0310506494505	0.12128199216
-aka	0.258125192746	0.557236079179	0.0592167407533	0.125421987322
-ýte	0.0144491270319	0.0216736905479	0.223961468995	0.739915713426
-yso	0.488318544311	0.363697630012	0.0567224531057	0.0912613725711
-aúm	0.0125	0.925	0.0125	0.05
-ene	0.089080922759	0.0265498557118	0.00677390182916	0.8775953197
-sio	0.0582524271845	0.873786407767	0.0679611650485	0.0
-aky	0.396825396825	0.190476190476	0.380952380952	0.031746031746
-bói	0.0829544921966	0.872053240849	0.0224961334771	0.0224961334771
-aku	0.29070342941	0.29607566118	0.090077118972	0.323143790438
-eýi	0.713068181818	0.0539772727273	0.09375	0.139204545455
-ysa	0.117911791179	0.838883888389	0.021602160216	0.0216021602161
-ĩrõ	0.296144076262	0.217227502355	0.039101521249	0.447526900134
-mor	0.0333333333333	0.933333333333	0.0333333333333	0.0
-uve	0.318942740877	0.153177279388	0.22261928757	0.305260692165
-re!	0.22829036635	0.663839891452	0.0732700135686	0.0345997286296
-gog	0.0	0.959731543624	0.0402684563758	0.0
-ón?	0.137931034483	0.793103448276	0.0	0.0689655172414
-ũma	0.535830618893	0.0439739413681	0.127035830619	0.29315960912
-aán	0.0	1.0	0.0	0.0
-aái	0.715566524897	0.0745635078759	0.0243760622596	0.185493904968
-re?	0.339358334509	0.371877289472	0.13394878921	0.15481558681
-kãi	0.734837799718	0.201692524683	0.00846262341326	0.0550070521862
-teĩ	0.0252555339375	0.0357634325842	0.0132100829123	0.925770950566
-rói	0.208494208494	0.428571428571	0.0694980694981	0.293436293436
-íro	0.0	1.0	0.0	0.0
-ha!	0.365131578947	0.323778195489	0.143796992481	0.167293233083
-ãme	0.112782301954	0.699868030648	0.0536758831833	0.133673784215
-ãma	0.230156524961	0.254190978976	0.100027785496	0.415624710568
-ỹrõ	0.242514320775	0.233210445306	0.0829361951962	0.441339038723
-õve	0.736612702366	0.124844333748	0.124533001245	0.0140099626401
-da!	0.106666666667	0.813333333333	0.0	0.08
-ju?	0.195599022005	0.550937245314	0.0651996740016	0.18826405868
-ãmi	0.362745098039	0.0294117647059	0.372549019608	0.235294117647
-cob	0.00353460972017	0.978792341679	0.0	0.0176730486009
-uai	0.251022890634	0.515979210439	0.113568506027	0.119429392901
-u'e	0.437598297715	0.373207512258	0.0985290036081	0.0906651864187
-ju!	0.801312089972	0.175257731959	0.0	0.0234301780693
-u'a	0.587482856841	0.194864964659	0.0378468192847	0.179805359215
-ma!	0.53125	0.0520833333333	0.25	0.166666666667
-kuã	0.412463347833	0.457863702272	0.0596101176092	0.0700628322861
-yai	0.446010713279	0.441499859036	0.0456723992106	0.0668170284747
-cos	0.11424219345	0.830921553694	0.00456968773802	0.050266565118
-ỹrã	0.0530973451327	0.787610619469	0.159292035398	0.0
-iso	0.0392156862745	0.960784313725	0.0	0.0
-rei	0.281265008433	0.176122211922	0.113985904639	0.428626875007
-túi	0.175373155191	0.103738620833	0.130914830278	0.589973393697
-reo	0.0	1.0	0.0	0.0
-mo?	0.277419354839	0.313978494624	0.161290322581	0.247311827957
-ise	0.343738269422	0.157867516412	0.0314483771136	0.466945837052
-rea	0.101442068623	0.868722028841	0.00596718050721	0.0238687220288
-túa	0.0759075907591	0.252475247525	0.658415841584	0.013201320132
-evy	0.52885060665	0.228720941002	0.0226143064431	0.219814145905
-isa	0.0	0.994117647059	0.00588235294117	0.0
-upy	0.424528301887	0.509433962264	0.0283018867925	0.0377358490566
-eve	0.129987789625	0.211056481404	0.0437991886658	0.615156540305
-a'ũ	0.263295099061	0.419968717414	0.0782064650677	0.238529718457
-upe	0.0317055624821	0.0194874301803	0.00547923808283	0.943327769255
-eva	0.279817021433	0.522079167743	0.125059947615	0.0730438632088
-isy	0.0178177986397	0.848740300795	0.00574767698055	0.127694223585
-upa	0.402759418317	0.47576568402	0.0546504713885	0.066824426274
-res	0.0	0.961290322581	0.0	0.0387096774193
-sái	0.385638297872	0.470744680851	0.063829787234	0.0797872340425
-ret	0.017559262511	0.977172958736	0.0	0.00526777875328
-upi	0.129010677239	0.0576005567802	0.00640489172068	0.80698387426
-hab	0.0149253731343	0.985074626866	0.0	0.0
-ápa	0.4558697515	0.346079691517	0.0453084832905	0.152742073693
-ýko	0.127986348123	0.145051194539	0.230375426621	0.496587030717
-ma?	0.401002506266	0.093567251462	0.15037593985	0.355054302423
-naí	0.018691588785	0.981308411215	0.0	0.0
-ava	0.495806035193	0.263477820848	0.0738514012413	0.166864742718
-úne	0.300415902668	0.165254719661	0.108811101938	0.425518275734
-mar	0.0563086548488	0.915537017727	0.0281543274244	0.0
-akã	0.261196532958	0.491295589857	0.128153907355	0.119353969831
-ham	0.0301799769389	0.88745174713	0.0443174412192	0.038050834712
-ýke	0.539656582175	0.116925592805	0.30417007359	0.0392477514309
-hao	0.11963190184	0.861963190184	0.0	0.0184049079755
-mai	0.258620689655	0.120689655172	0.0689655172414	0.551724137931
-avy	0.472056300858	0.278742027711	0.129298438531	0.119903232901
-ya!	0.0668953687822	0.933104631218	0.0	0.0
-'éi	0.158140420453	0.0623604111176	0.0136467703743	0.765852398055
-haz	0.0	1.0	0.0	0.0
-aty	0.395475309985	0.26253146462	0.0512446005158	0.29074862488
-ysã	0.0110120608285	0.0125852123754	0.917671735711	0.0587309910855
-ai?	0.0845070422535	0.239436619718	0.0704225352113	0.605633802817
-ína	0.671299329527	0.0268513869821	0.00294060825029	0.298908675241
-ỹva	0.264446530253	0.367754810915	0.269088987798	0.0987096710348
-óre	0.202009647075	0.714160973547	0.0476948872426	0.0361344921354
-ỹve	0.615365255144	0.13829988045	0.147234631599	0.0991002328069
-ui?	0.31235436667	0.326358467704	0.0779429583372	0.283344207289
-itỹ	0.488277268094	0.384641522256	0.0638803941556	0.0632008154944
-aña	0.187556313359	0.614042885022	0.142077341727	0.0563234598928
-vói	0.992243251629	0.00775674837108	0.0	0.0
-sýi	0.529516728625	0.205501858736	0.167732342007	0.097249070632
-ỹvo	0.493861607143	0.23190369898	0.0382653061225	0.235969387755
-se?	0.316106372303	0.0916669883052	0.0389825929214	0.55324404647
-osẽ	0.386382946598	0.0522547189496	0.0143122917596	0.547050042692
-ĩha	0.284733709453	0.125545090939	0.11101735599	0.478703843618
-u'y	0.0642201834862	0.834862385321	0.100917431193	0.0
-ui!	0.292175486205	0.444595205789	0.206241519674	0.0569877883311
-unu	0.127835051546	0.864432989691	0.00463917525773	0.00309278350516
-býi	0.55577689243	0.203187250996	0.133466135458	0.107569721116
-sia	0.0296933311699	0.910108713289	0.0217426577965	0.0384552977446
-uju	0.106018333998	0.696691909127	0.168593064966	0.0286966919091
-o'ỹ	0.295611943688	0.411756357856	0.225789055404	0.0668426430518
-ne?	0.277446808511	0.490638297873	0.0063829787234	0.225531914894
-gad	0.0	1.0	0.0	0.0
-tra	0.0	0.986754966887	0.0132450331126	0.0
-ãvo	0.447000805925	0.273093602487	0.119488045439	0.160417546149
-asá	0.0	0.857142857143	0.0	0.142857142857
-ús!	0.491017964072	0.281437125749	0.0	0.22754491018
-ái?	0.485101864755	0.206317605681	0.0378260003982	0.270754529166
-ãva	0.188045165012	0.33757262399	0.268836826082	0.205545384917
-ao?	0.243506493507	0.48051948052	0.255681818182	0.0202922077922
-lpe	0.0770674731463	0.896860986547	0.00625716967358	0.019814370633
-gai	0.208955223881	0.402985074627	0.149253731343	0.238805970149
-ãve	0.15523476614	0.0778087821978	0.217187641661	0.549768810001
-ña?	0.0413793103448	0.268965517241	0.213793103448	0.475862068966
-ái!	0.110215690922	0.693055226357	0.071106897369	0.125622185352
-gar	0.0566037735849	0.933962264151	0.00943396226414	0.0
-evẽ	0.345361735662	0.213664301121	0.104431233316	0.336542729901
-añy	0.658953232522	0.166576587764	0.0512154398516	0.123254739863
-ia?	0.321428571429	0.196428571429	0.303571428571	0.178571428571
-ĩse	0.688622754491	0.197604790419	0.065868263473	0.0479041916168
-ne!	0.129496402878	0.827338129496	0.0	0.0431654676259
-seo	0.0	1.0	0.0	0.0
-mes	0.0251046025104	0.941422594142	0.0251046025104	0.00836820083682
-jýi	0.0	1.0	0.0	0.0
-óke	0.258024996547	0.485818864107	0.150443004718	0.105713134628
-bel	0.0296264491198	0.947187634178	0.00257621296694	0.0206097037355
-esẽ	0.462026463192	0.170259299189	0.118733560092	0.248980677527
-ina	0.482492989856	0.170475841844	0.0160830996619	0.330948068638
-uis	0.0689655172414	0.793103448276	0.0689655172414	0.0689655172414
-ine	0.534103727964	0.332026201045	0.0695160779953	0.0643539929957
-sea	0.0366972477064	0.963302752294	0.0	0.0
-món	0.00817135074903	0.989352482357	0.0	0.00247616689364
-noĩ	0.63	0.04	0.13	0.2
-uim	0.0	1.0	0.0	0.0
-ĩve	0.0759298744373	0.361703387823	0.150142146411	0.412224591329
-uio	0.084134339218	0.169360088845	0.0505878298166	0.695917742121
-pre	0.0572864321608	0.870351758794	0.0	0.0723618090452
-oho	0.735341629187	0.0386642283008	0.00812955596996	0.217864586542
-ser	0.0	1.0	0.0	0.0
-ĩvo	0.600170209684	0.180911165031	0.0963314380908	0.122587187194
-atĩ	0.0721817301911	0.844887005235	0.0651131414158	0.0178181231577
-blo	0.0219471367459	0.854347062349	0.00545578540577	0.118250015499
-dói	0.476094817196	0.392527119325	0.0691040578545	0.0622740056247
-dón	0.0	1.0	0.0	0.0
-són	0.00773195876288	0.987113402062	0.0	0.00515463917525
-rla	0.0125	0.9375	0.05	0.0
-ãne	0.507553585627	0.378051462503	0.0542369440544	0.0601580078158
-nes	0.0188111361926	0.981188863807	0.0	0.0
-rso	0.0	0.943143812709	0.0568561872909	0.0
-neo	0.0375	0.85	0.0	0.1125
-kue	0.488895974943	0.0792455894219	0.0167235997757	0.415134835859
-ívo	0.544092519003	0.165179165533	0.0881246191738	0.20260369629
-bed	0.254545454545	0.745454545455	0.0	0.0
-kua	0.176775190786	0.726643556407	0.0616326845354	0.0349485682719
-nei	0.371024734982	0.318021201414	0.0530035335689	0.257950530035
-ooz	0.03125	0.96875	0.0	0.0
-íva	0.376245803107	0.156794249076	0.114961750969	0.351998196848
-ýpa	0.21390837447	0.443838226379	0.113622585953	0.228630813198
-ban	0.0368693402328	0.909443725744	0.0012936610608	0.0523932729625
-ra?	0.185267110087	0.393034787593	0.026659075434	0.395039026886
-eka	0.668776300286	0.148377714189	0.0411163103855	0.141729675139
-eke	0.408576179437	0.31920962241	0.11648116906	0.155733029093
-mi!	0.56	0.44	0.0	0.0
-eko	0.318409885225	0.326565920667	0.111768967531	0.243255226577
-che	0.0470568712332	0.0237166689108	0.00121975604441	0.928006703812
-ímo	0.0	0.88679245283	0.11320754717	0.0
-upu	0.0805369127515	0.838926174497	0.0805369127516	0.0
-ími	0.424460431655	0.260099612618	0.215827338129	0.0996126175983
-iru	0.181398321869	0.672266344956	0.0316201976208	0.114715135555
-íme	0.172479391249	0.6689917565	0.121750158529	0.0367786937222
-íma	0.465986916079	0.287028518859	0.0750025554534	0.171982009609
-joa	0.402560623046	0.0761106849962	0.0689126202136	0.452416071745
-job	0.181818181818	0.727272727273	0.0	0.0909090909091
-ra!	0.434744678376	0.2061184134	0.268989182273	0.0901477259509
-ase	0.710947747019	0.169755027607	0.0441367496515	0.0751604757224
-etĩ	0.0617495711835	0.493996569468	0.433962264151	0.0102915951973
-hu?	0.54048582996	0.186234817814	0.13967611336	0.133603238866
-mbu	0.275624658034	0.609474740106	0.0738646726245	0.0410359292358
-asa	0.39694467905	0.264647892557	0.0565788715511	0.281828556842
-aso	0.449346120314	0.357105492589	0.093112467306	0.100435919791
-mby	0.1436126538	0.581945935995	0.0395630695591	0.234878340646
-gã?	0.338842975207	0.132231404959	0.0495867768595	0.479338842975
-hẽe	0.0497737556561	0.0995475113122	0.0	0.850678733032
-asu	0.0563917050529	0.323121830716	0.168049040549	0.452437423682
-ýra	0.0525104680906	0.840404123116	0.0240207460414	0.0830646627519
-mbe	0.200392927309	0.518172888016	0.275540275049	0.00589390962674
-ovy	0.0983146067415	0.205056179775	0.61797752809	0.0786516853933
-mbi	0.290275397464	0.527603779215	0.0549782970997	0.127142526222
-lta	0.0	1.0	0.0	0.0
-cia	0.0359645025689	0.882765063055	0.0714619336758	0.00980850070061
-õmi	0.44262295082	0.336065573771	0.0491803278688	0.172131147541
-hẽi	0.593232541397	0.252699784017	0.0554355651548	0.0986321094312
-asy	0.306288742622	0.344733284257	0.159421025351	0.18955694777
-mbo	0.612580664319	0.291240126463	0.0289885934326	0.0671906157856
-ove	0.311946766719	0.362094033163	0.0933032062821	0.232655993836
-kýi	0.670029537674	0.206652142509	0.078923724683	0.0443945951342
-ývo	0.383892481908	0.208284243815	0.0767591453365	0.331064128941
-dia	0.0	1.0	0.0	0.0
-yru	0.172687856476	0.700120192098	0.0538401916647	0.0733517597611
-eru	0.633757495978	0.150650870265	0.0280824923212	0.187509141436
-uri	0.469539031735	0.0597637248089	0.0326615705351	0.438035672921
-õre	0.26936026936	0.556167737986	0.110192837466	0.0642791551882
-ran	0.0916230366492	0.835078534031	0.0366492146597	0.0366492146597
-ba?	0.884615384615	0.0692307692308	0.0461538461539	0.0
-ral	0.0	0.959336474537	0.0	0.0406635254631
-eús	0.340248962656	0.452282157676	0.0331950207469	0.174273858921
-uía	0.0156576200418	0.971816283925	0.0	0.0125260960334
-rah	0.0	1.0	0.0	0.0
-rai	0.277345997396	0.615662188487	0.0434023396889	0.063589474428
-ĩmi	0.30132670897	0.216971257143	0.164073181848	0.317628852039
-era	0.674124388714	0.163928336898	0.0519707903339	0.109976484054
-uío	0.0	1.0	0.0	0.0
-ĩrã	0.491452991453	0.337606837607	0.17094017094	0.0
-ho?	0.535683328518	0.0898584224213	0.312048540884	0.0624097081768
-éva	0.25760399071	0.232151676	0.111405858684	0.398838474606
-as!	0.0338983050847	0.915254237288	0.0	0.0508474576271
-pos	0.0	0.975609756098	0.00813008130081	0.0162601626016
-epa	0.339783693464	0.252878560407	0.0478363230071	0.359501423122
-úvo	0.578467229169	0.193101200551	0.0265149309902	0.20191663929
-poi	0.604633938203	0.192007342168	0.124784645853	0.0785740737759
-ãi?	0.637037037037	0.333333333333	0.0	0.0296296296296
-hẽ!	0.15363605326	0.364970979857	0.419938545579	0.0614544213042
-áta	0.479186264902	0.289080095737	0.0543902481177	0.177343391243
-as?	0.174743709226	0.721575023299	0.0	0.103681267474
-yrũ	0.632073223644	0.114214562583	0.0211231260311	0.232589087742
-tũi	0.883333333333	0.0944444444445	0.0	0.0222222222222
-ike	0.567075524296	0.101924918872	0.0313791082329	0.2996204486
-aha	0.445661438582	0.321374938522	0.0595350221899	0.173428600706
-uái	0.0859021342754	0.170295858095	0.00880433225784	0.734997675372
-mo!	0.447619047619	0.361904761905	0.190476190476	0.0
-500	0.256934306569	0.112408759124	0.0175182481752	0.613138686131
-héi	0.423522813784	0.330874348849	0.151567290344	0.0940355470231
-iko	0.384810427193	0.0345398983129	0.00853520477063	0.572114469724
-lam	0.0	1.0	0.0	0.0
-nor	0.0	1.0	0.0	0.0
-lao	0.243243243243	0.756756756757	0.0	0.0
-iha	0.3530475681	0.242408638373	0.148574895442	0.255968898085
-vo?	0.69675117656	0.144603005921	0.0812205860028	0.0774252315166
-aam	0.0210280373832	0.978971962617	0.0	0.0
-uja	0.0557884489301	0.860687819125	0.0712455049372	0.0122782270081
-sa!	0.0209059233449	0.979094076655	0.0	0.0
-eón	0.0935732647815	0.844730077121	0.0555269922879	0.00616966580975
-eĩ?	0.194202898551	0.269565217391	0.208695652174	0.327536231884
-las	0.0	0.98401826484	0.0	0.0159817351598
-érõ	0.188432482255	0.20336219893	0.0375735564354	0.570631762379
-icó	0.0	1.0	0.0	0.0
-noc	0.0191082802548	0.980891719745	0.0	0.0
-vo!	0.438715725334	0.155847199438	0.182798218889	0.222638856339
-aac	0.0	0.994897959184	0.00510204081634	0.0
-tũ!	0.103138813234	0.403045050676	0.40630441577	0.0875117203197
-dou	0.68717948718	0.123076923077	0.0	0.189743589744
-ỹme	0.290371493556	0.519811659551	0.139858744663	0.0499581022306
-úva	0.291568884367	0.346378748801	0.147545688233	0.214506678599
-dro	0.00953102568192	0.921199553358	0.00554314882757	0.0637262721327
-ỹmi	1.0	0.0	0.0	0.0
-ẽve	0.39732534724	0.282697371818	0.100170392937	0.219806888005
-ro?	0.260869565217	0.739130434783	0.0	0.0
-fán	0.0	1.0	0.0	0.0
-ẽva	0.397083622333	0.2431808087	0.0984657359201	0.261269833047
-he!	0.296326530612	0.233469387755	0.249795918367	0.220408163265
-lo!	0.369266055046	0.373853211009	0.0963302752294	0.160550458716
-lo?	0.540298507463	0.358208955224	0.0	0.101492537313
-ahy	0.033803615165	0.802866222699	0.0804607007672	0.0828694613688
-ypo	0.182045332857	0.480635373907	0.0803141174371	0.257005175799
-neĩ	0.352564102564	0.474358974359	0.105769230769	0.0673076923076
-ges	0.019801980198	0.940594059406	0.039603960396	0.0
-'e?	0.207569218665	0.195408948385	0.0124958058059	0.584526027144
-i'ỹ	0.327555346208	0.326519076778	0.162223268959	0.183702308055
-ãre	0.137561602743	0.631041421149	0.0550407113778	0.176356264731
-ĩma	0.22134819185	0.184311154813	0.130012017918	0.46432863542
-boy	0.0258614898905	0.0916151675959	0.357064888829	0.525458453684
-doc	0.0	1.0	0.0	0.0
-sas	0.0	0.930232558139	0.0697674418605	0.0
-íra	0.0	1.0	0.0	0.0
-yku	0.630606860158	0.241864555849	0.127528583993	0.0
-íre	0.256590596105	0.542002754279	0.14902616565	0.0523804839662
-no?	0.819025522042	0.125290023202	0.0139211136891	0.0417633410673
-íri	0.462547400323	0.243099310475	0.0976646051001	0.196688684102
-tol	0.0454306191035	0.890593999271	0.0350649876503	0.028910393975
-pã!	0.758139534884	0.13023255814	0.0	0.111627906977
-ũne	0.479452054795	0.246575342466	0.182648401826	0.0913242009132
-yky	0.225806451613	0.75	0.0241935483871	0.0
-ytã	0.0638736263736	0.198489010989	0.733516483517	0.00412087912088
-lfa	0.0	0.964149139579	0.0358508604207	0.0
-bén	0.0	1.0	0.0	0.0
-yke	0.390828462277	0.23882135932	0.202710137944	0.167640040459
-tou	0.78198094138	0.147632110887	0.0184088940225	0.0519780537106
-tor	0.146017699115	0.774336283186	0.0530973451327	0.0265486725664
-yka	0.528955389305	0.268495428096	0.152673870878	0.0498753117207
-éla	0.0	1.0	0.0	0.0
-élo	0.0550458715596	0.94495412844	0.0	0.0
-ũrã	0.323547034152	0.194727381666	0.150988615938	0.330736968244
-ohũ	0.0237529691211	0.0261282660333	0.950118764846	0.0
-uña	0.0489012536323	0.575813654101	0.0229002200278	0.352384872238
-éga	0.0246812011518	0.932126696833	0.0431921020156	0.0
-ypa	0.470108356093	0.378514432603	0.0571234759635	0.0942537353397
-ýpe	0.12195570376	0.614374872812	0.0675078277485	0.196161595679
-iel	0.0229885057472	0.969348659004	0.00766283524904	0.0
-rã!	0.193874394143	0.396720635248	0.219655563576	0.189749407033
-yju	0.0	0.100840336134	0.899159663866	0.0
-hái	0.443543287735	0.224621860169	0.142424914875	0.189409937221
-y'ỹ	0.259762900976	0.567642956764	0.10460251046	0.0679916317992
-avo	0.390379590399	0.192226906936	0.0478507983897	0.369542704275
-égo	0.0970797929485	0.082527590585	0.814532669206	0.00585994726047
-loc	0.0	1.0	0.0	0.0
-py?	0.119424460432	0.811510791367	0.00431654676259	0.0647482014388
-ámi	0.419968304279	0.418383518225	0.0618066561014	0.0998415213946
-py!	0.85393258427	0.0898876404494	0.0449438202247	0.0112359550562
-mín	0.0	1.0	0.0	0.0
-po?	0.468786808009	0.287396937574	0.00706713780919	0.236749116608
-ãko	0.449319213313	0.282148260212	0.145990922844	0.122541603631
-hai	0.648243095807	0.128763115835	0.0270898425116	0.195903945847
-áma	0.473392097578	0.237433253765	0.125764610291	0.163410038365
-lot	0.0	0.986592178771	0.0134078212291	0.0
-ype	0.139870661212	0.102863930315	0.0175795169592	0.739685891514
-áme	0.208760017218	0.447166016717	0.0770507833818	0.267023182684
-mas	0.0745804847732	0.925419515227	0.0	0.0
-.00	0.0	1.0	0.0	0.0
-týi	0.601513802315	0.343276936776	0.0365093499555	0.0186999109528
-éro	0.0232558139535	0.93023255814	0.0	0.046511627907
-éri	0.593077939234	0.116195508587	0.0168031704095	0.27392338177
-sẽ!	0.473684210526	0.298245614035	0.0175438596491	0.210526315789
-ión	0.0119126406354	0.974189278623	0.0	0.0138980807412
-húi	0.599966735715	0.212967022998	0.0558235178493	0.131242723438
-ĩna	0.0961538461538	0.817307692308	0.0480769230769	0.0384615384615
-ipa	0.18583934615	0.681917255929	0.0667323537345	0.0655110441859
-ĩne	0.308195151593	0.373555651718	0.272619299716	0.0456298969737
-õse	0.421496311907	0.114857744995	0.0948366701791	0.368809272919
-ipe	0.156739515404	0.743587857259	0.0475031922776	0.0521694350588
-imi	0.277598603426	0.494718466136	0.172796402047	0.0548865283901
-ehẽ	0.497732426304	0.434240362812	0.0	0.0680272108844
-úna	0.354058721934	0.419689119171	0.0310880829015	0.195164075993
-ũrõ	0.0857142857143	0.657142857143	0.128571428571	0.128571428571
-sẽ?	0.433734939759	0.469879518072	0.0	0.0963855421686
-rdo	0.0	0.388349514563	0.611650485437	0.0
-ipu	0.166821130677	0.685820203893	0.133456904541	0.0139017608897
-bue	0.0734678795387	0.203456757922	0.254656044979	0.46841931756
-úmi	0.377622377622	0.622377622378	0.0	0.0
-ẽmi	0.404845393688	0.442460949952	0.0631176283073	0.0895760280523
-pýi	0.66364367732	0.215314854092	0.0500987347327	0.0709427338551
-hy?	0.421139554087	0.368290668869	0.0148637489678	0.195706028076
-ẽme	0.097224634182	0.073885998642	0.0132251579094	0.815664209267
-ño?	0.892561983471	0.107438016529	0.0	0.0
-ãrõ	0.5522971652	0.282921379696	0.0467811758135	0.118000279291
-ẽma	0.313467237405	0.463944682252	0.0401712216003	0.182416858742
-gái	0.479865771812	0.43288590604	0.0402684563758	0.0469798657718
-úme	0.121595563276	0.813144432581	0.0384866691103	0.0267733350332
-ey!	0.6875	0.15625	0.0	0.15625
-ita	0.121716173395	0.768240487872	0.0553563912002	0.0546869475322
-eẽi	0.634185303514	0.301916932907	0.0638977635782	0.0
-ãrã	0.0901639344262	0.540983606557	0.245901639344	0.122950819672
-oña	0.496350364964	0.474452554744	0.0	0.029197080292
-nas	0.0556079170593	0.904806786051	0.0226201696512	0.0169651272385
-aẽi	0.585480093677	0.355971896955	0.0585480093677	0.0
-ahu	0.155951895435	0.135878485243	0.575623439536	0.132546179785
-mpe	0.0188435248476	0.974505819324	0.00221688527619	0.00443377055237
-rõ?	0.419452887538	0.271621995026	0.0364741641338	0.272450953302
-i'u	0.13405070217	0.812329016962	0.0196972460332	0.0339230348349
-itá	0.0	1.0	0.0	0.0
-saú	0.191489361702	0.670212765957	0.13829787234	0.0
-276	0.0	0.328125	0.0	0.671875
-ato	0.0304055710853	0.866166445981	0.0423716345447	0.061056348389
-ẽta	0.509155781952	0.164797208389	0.0356784787397	0.290368530919
-sẽi	0.41060471578	0.477019256744	0.0443020877552	0.0680739397213
-yhẽ	0.459029843093	0.127405736164	0.260007520596	0.153556900147
-uéi	0.173726958806	0.826273041194	0.0	0.0
-sto	0.0199163075823	0.880721783935	0.00236150226529	0.0970004062173
-írõ	0.449585409161	0.249426813081	0.0920546811701	0.208933096588
-hói	0.614700594751	0.203072343113	0.0288676534077	0.153359408729
-fre	0.0225048923679	0.977495107632	0.0	0.0
-gui	0.233553276221	0.407914787979	0.0817113281244	0.276820607675
-rõ!	0.31746031746	0.404761904762	0.047619047619	0.230158730159
-sta	0.0305020122855	0.918661300572	0.0381275153569	0.0127091717856
-spe	0.0261920416214	0.604117832028	0.00605073085206	0.363639395499
-cum	0.0	0.865671641791	0.0	0.134328358209
-loí	0.0	0.980769230769	0.0192307692308	0.0
-loé	0.0503290747193	0.934185056136	0.0154858691444	0.0
-lón	0.0	0.992700729927	0.00729927007301	0.0
-ián	0.0895522388059	0.820895522388	0.089552238806	0.0
-iái	0.69503541827	0.130121428538	0.0606303647503	0.114212788442
-púi	0.562091503268	0.143790849673	0.241830065359	0.0522875816993
-rpa	0.0491803278688	0.938524590164	0.00409836065573	0.00819672131148
-emu	0.682716049383	0.262962962963	0.0	0.0543209876543
-eẽ!	0.459893048128	0.44385026738	0.096256684492	0.0
-óga	0.107639135641	0.750614656508	0.0199909206908	0.12175528716
-ngo	0.598893764792	0.250473698298	0.0130663248056	0.137566212104
-hye	0.133548387097	0.291612903226	0.545806451613	0.0290322580645
-rac	0.0	1.0	0.0	0.0
-raẽ	0.113337687461	0.208375385022	0.0877328390578	0.590554088459
-car	0.0	1.0	0.0	0.0
-lem	0.0545454545455	0.945454545455	0.0	0.0
-rpe	0.222737819026	0.742459396752	0.0208816705336	0.0139211136891
-nói	0.845063690462	0.062764381139	0.0142915182946	0.0778804101044
-olo	0.0	0.991150442478	0.0	0.00884955752212
-yta	0.58932072824	0.110540471546	0.0263379703765	0.273800829838
-dýi	0.618006749014	0.164549840038	0.173457820413	0.0439855905344
-esé	0.0	1.0	0.0	0.0
-rye	0.6	0.16	0.216	0.024
-gói	0.324324324324	0.189189189189	0.189189189189	0.297297297297
-ín!	0.0	1.0	0.0	0.0
-voi	0.159712578357	0.052234451152	0.0854375880655	0.702615382426
-ága	0.0246220743865	0.809341522109	0.0860378901205	0.0799985133842
-ytu	0.104921175969	0.832765232211	0.0399446101406	0.0223689816787
-itã	0.102019294614	0.636214506113	0.1152989884	0.146467210874
-uni	0.0	0.826923076923	0.0	0.173076923077
-ndy	0.103447375066	0.504096968853	0.0687036859658	0.323751970115
-úri	0.156576200418	0.82254697286	0.0208768267223	0.0
-gúi	0.672801635992	0.184049079755	0.102249488753	0.0408997955009
-pe!	0.228260869565	0.650500928361	0.0452866315953	0.0759515704781
-óni	0.25	0.5	0.111111111111	0.138888888889
-ári	0.101734406299	0.0791152259419	0.006974201306	0.812176166453
-ũme	0.156883570535	0.572163610187	0.0398876537091	0.231065165569
-yre	0.371047083626	0.361735769501	0.174455375966	0.0927617709065
-o'õ	0.360560108189	0.436012769042	0.0986717991547	0.104755323614
-úre	0.398912743043	0.44010678306	0.0697631715892	0.0912173023075
-ẽte	0.294857142857	0.417142857143	0.219428571428	0.0685714285714
-gio	0.0	1.0	0.0	0.0
-ẽra	0.11875	0.375	0.50625	0.0
-éko	0.221499666561	0.356149274317	0.114504064917	0.307846994204
-udá	0.00999777827149	0.9766718507	0.0	0.0133303710287
-ẽre	0.265305325629	0.353623301577	0.115375605185	0.265695767609
-ndo	0.827754049367	0.0964598815644	0.00850875670857	0.0672773123603
-nda	0.308041885711	0.269351126114	0.0335978827292	0.389009105446
-me!	0.335396039604	0.342821782178	0.0519801980198	0.269801980198
-o'ã	0.161489841924	0.0386449216684	0.017592219884	0.782273016523
-pe?	0.271284742394	0.348909896631	0.0855998809313	0.294205480044
-nde	0.0535864034862	0.0397541510984	0.0115955678387	0.895063877577
-gia	0.0	0.973684210526	0.0263157894737	0.0
-áno	0.0454545454545	0.954545454545	0.0	0.0
-urũ	0.826907301066	0.133716160787	0.019688269073	0.019688269073
-120	0.0833333333333	0.270833333333	0.0	0.645833333333
-fat	0.0	1.0	0.0	0.0
-oi?	0.789699570816	0.12017167382	0.0257510729614	0.0643776824034
-osé	0.0299467613132	0.963398402839	0.0	0.00665483584738
-io!	0.0333333333333	0.9	0.0	0.0666666666667
-ã'ỹ	0.164541213064	0.376982892691	0.334059097978	0.124416796267
-eho	0.565055597803	0.316039307895	0.014306836532	0.10459825777
-íne	0.570956739519	0.315410760936	0.010556024548	0.103076474997
-íke	0.484128704593	0.203245486358	0.0716918026695	0.24093400638
-jéi	0.452814396317	0.26121224803	0.179256469275	0.106716886378
-ikũ	0.204845814978	0.616740088106	0.0528634361233	0.125550660793
-oi!	0.778270509978	0.0886917960089	0.0	0.133037694013
-ýro	0.122111072784	0.379786133149	0.414280786478	0.0838220075888
-íno	0.109376553644	0.815551357264	0.0750720890922	0.0
-abé	0.0242683797288	0.957887223412	0.00428265524625	0.0135617416131
-chi	0.0485491071428	0.91796875	0.0133928571428	0.0200892857143
-'ãi	0.182053580632	0.0317410737991	0.0113070937958	0.774898251773
-cho	0.0	0.973684210526	0.0	0.0263157894737
-éra	0.0421836399676	0.0580156705785	0.00171175452984	0.898088934924
-cha	0.268378896964	0.269324760893	0.0602849947295	0.402011347413
-jái	0.609775427369	0.154245548544	0.0845850739193	0.151393950167
-oúi	0.386432926829	0.0807926829269	0.0594512195122	0.473323170732
-pei	0.683247776734	0.214807316897	0.0845925818813	0.0173523244885
-'y!	0.228013029316	0.659609120521	0.0390879478827	0.0732899022802
-'y?	0.256723716381	0.629584352078	0.0440097799511	0.0696821515892
-chy	0.112656381751	0.577095253088	0.229673538959	0.0805748262023
-153	0.0	0.0441176470588	0.154411764706	0.801470588235
-oré	0.09	0.88	0.0	0.03
-elo	0.0441176470588	0.955882352941	0.0	0.0
-ogo	0.0	1.0	0.0	0.0
-rko	0.079399661099	0.76397966594	0.0530137981118	0.103606874849
-oga	0.812561334642	0.171736997056	0.00588812561336	0.00981354268891
-orã	0.147779547513	0.143264345736	0.21436192597	0.494594180781
-asẽ	0.50236414321	0.350599881918	0.0588354401958	0.0882005346762
-ẽpa	0.830882352941	0.132352941176	0.0	0.0367647058823
-dúi	0.559488411716	0.241472970414	0.108662425657	0.0903761922131
-hýi	0.15475714604	0.407840329747	0.340901495393	0.0965010288201
-éne	0.448705227139	0.129444369231	0.0806462316867	0.341204171943
-loe	0.1	0.9	0.0	0.0
-de!	0.147058823529	0.235294117647	0.617647058823	0.0
-ohẽ	0.425849312835	0.157020954125	0.0281060162771	0.389023716764
-itu	0.0088653512329	0.930013687266	0.0483167451729	0.0128042163285
-ãao	0.462672595366	0.504563538498	0.0327638661362	0.0
-a'y	0.0251241372623	0.853312280773	0.0219836201045	0.0995799618603
-rã?	0.296652583685	0.127240818979	0.065609359766	0.510497237569
-ero	0.0	0.857142857143	0.107142857143	0.0357142857143
-ito	0.0421541504172	0.878515160606	0.0233325555815	0.0559981333956
-tes	0.0	1.0	0.0	0.0
-eso	0.046511627907	0.916279069767	0.00930232558139	0.0279069767442
-éve	0.0570549190368	0.0152143887156	0.00520657285514	0.922524119393
-lás	0.0	1.0	0.0	0.0
