-cae	0.473711751091	0.214391494786	0.0668248436765	0.245071910447
-cas	0.111145225668	0.769112680381	0.0184218606079	0.101320233344
-iva	0.315021468185	0.428113446075	0.0918789090926	0.164986176648
-ive	0.125179856115	0.874820143885	0.0	0.0
-rbe	0.0101180438448	0.989881956155	0.0	0.0
-ivi	0.129422551983	0.367595566443	0.0328727577601	0.470109123814
-imë	0.388741824419	0.305085339099	0.0745644825646	0.231608353918
-ivo	0.0	1.0	0.0	0.0
-oya	0.526636937984	0.202761559188	0.182164663389	0.0884368394389
-oyo	0.215399068993	0.326315188561	0.0971692832437	0.361116459203
-ëbë	0.728739002933	0.205278592375	0.0219941348974	0.0439882697947
-plo	0.0	0.683098591549	0.0281690140845	0.288732394366
-ufe	0.201183431953	0.727810650888	0.0	0.0710059171596
-nso	0.0993377483444	0.646799116998	0.0	0.253863134658
-ufo	0.0	0.976190476191	0.0238095238095	0.0
-aum	0.0283290982762	0.871059679967	0.00618089416936	0.0944303275874
-nto	0.0218317076115	0.928048742588	0.0202895748006	0.0298299750002
-nta	0.0438903105087	0.055595250956	0.0248711759549	0.87564326258
-ejë	0.720778435876	0.0761513356702	0.0	0.203070228454
-nte	0.200824810919	0.674610617175	0.0593004069264	0.0652641649791
-uan	0.0671505611156	0.71888116015	0.012511946961	0.201456331773
-pua	0.420992502137	0.142497219511	0.128802838747	0.307707439605
-sva	0.00738461538461	0.796923076923	0.129230769231	0.0664615384616
-lta	0.0	1.0	0.0	0.0
-pre	0.0836236933798	0.81881533101	0.0	0.0975609756098
-car	0.0	1.0	0.0	0.0
-más	0.0	0.929526916803	0.0	0.0704730831974
-aré	0.0	1.0	0.0	0.0
-arë	0.0	0.714128642111	0.0285871357889	0.2572842221
-mán	0.0384087791495	0.820759030636	0.140832190215	0.0
-ope	0.0404295641188	0.93114339861	0.00568540745422	0.0227416298168
-opa	0.665110987903	0.195224210605	0.00706843223824	0.132596369254
-dea	0.0236459143351	0.967784425436	0.00206306635139	0.00650659387746
-dec	0.142094017094	0.833867521368	0.0	0.0240384615384
-deo	0.00372935535429	0.996270644646	0.0	0.0
-des	0.0435422508674	0.745852975574	0.0412898578073	0.169314915752
-nëa	0.151009168713	0.162161131367	0.237829715175	0.448999984744
-caz	0.0	1.0	0.0	0.0
-imi	0.218363150095	0.482088540823	0.13466433209	0.164883976992
-aús	0.44126984127	0.277248677249	0.0253968253968	0.256084656085
-imo	0.114294222013	0.436736187794	0.0605342498046	0.388435340389
-lla	0.229299363057	0.732484076433	0.0382165605096	0.0
-obi	0.318104720955	0.342531975136	0.204843078826	0.134520225084
-eco	0.0511208724629	0.948879127537	0.0	0.0
-obo	0.12467118852	0.801410926554	0.0191651501915	0.0547527347344
-lle	0.0164699423552	0.76091133681	0.217128740049	0.00548998078505
-rpa	0.0189967886381	0.981003211362	0.0	0.0
-eca	0.408859981121	0.325305602197	0.0695507335764	0.196283683105
-oba	0.467271833415	0.189642667335	0.0288285596497	0.3142569396
-llo	0.0502477110363	0.796242333914	0.134288189553	0.0192217654974
-obe	0.11009957724	0.717436749321	0.0615941690853	0.110869504354
-ëva	0.108701760281	0.832385170423	0.0322394700329	0.0266735992631
-bia	0.220732525273	0.369058569912	0.168064294584	0.242144610231
-ëvi	0.231112878061	0.324749926427	0.0568318717454	0.387305323767
-eja	0.119888286498	0.76668260404	0.0361024368223	0.0773266726401
-ter	0.0	0.97628458498	0.0237154150197	0.0
-uta	0.53134023403	0.288001424393	0.0411044479193	0.139553893658
-eje	0.263004756656	0.414933803775	0.0494524947243	0.272608944845
-ria	0.0905067636279	0.661174706847	0.0263724200652	0.22194610946
-rio	0.0785931252972	0.852683583745	0.0344530328338	0.0342702581238
-rim	0.0	1.0	0.0	0.0
-uto	0.280487305542	0.558765723401	0.0473371309957	0.113409840061
-tea	0.0371179039301	0.958515283843	0.0	0.00436681222709
-ris	0.0603015075377	0.939698492462	0.0	0.0
-gro	0.0326975476838	0.967302452316	0.0	0.0
-teo	0.0567027138626	0.815675908133	0.00332242464038	0.124298953364
-are	0.466480939703	0.325259412706	0.0764677207143	0.131791926876
-ara	0.165300250821	0.120483978456	0.0282727013618	0.685943069361
-mes	0.0	1.0	0.0	0.0
-aro	0.213209038624	0.616294600267	0.0107667566168	0.159729604492
-rón	0.0	0.907264296754	0.0927357032458	0.0
-jia	0.188576329391	0.0901178465647	0.0484536401908	0.672852183853
-aru	0.338655989194	0.503304549182	0.158039461624	0.0
-mea	0.0	1.0	0.0	0.0
-mec	0.0	1.0	0.0	0.0
-meo	0.254706533776	0.385997292974	0.300233788606	0.0590623846438
-mei	0.0	1.0	0.0	0.0
-aya	0.269965750146	0.176741157494	0.0999672393408	0.45332585302
-ayo	0.241967642314	0.373524459789	0.0994435610777	0.28506433682
-oje	0.241277602009	0.382875904693	0.109080369424	0.266766123875
-ërë	0.120426353058	0.65486907364	0.182288181549	0.0424163917523
-bás	0.0298970213708	0.953493522312	0.00996567379028	0.00664378252685
-éta	0.06	0.83	0.02	0.09
-exu	0.151959731864	0.81702807796	0.0209928671963	0.01001932298
-ubi	0.348076173073	0.468007834768	0.0444632068957	0.139452785264
-dán	0.00886874260937	0.988175009854	0.0	0.00295624753646
-xad	0.0	1.0	0.0	0.0
-xae	0.285342588623	0.288014590031	0.0675987052781	0.359044116068
-exi	0.0945781778616	0.773010862595	0.0142265156068	0.118184443937
-uba	0.505553207623	0.330805256943	0.0454860291288	0.118155506305
-yaë	0.138441254029	0.480076179314	0.323029592734	0.0584529739232
-exa	0.346278010097	0.329616375465	0.0762988483754	0.247806766063
-ije	0.257118234391	0.369093313967	0.0828229895161	0.290965462126
-tán	0.0839509180863	0.81762468444	0.019779632224	0.0786447652501
-ote	0.00650665124351	0.984817813765	0.0	0.00867553499134
-icó	0.0071564885496	0.957061068702	0.0143129770992	0.0214694656488
-iji	0.391157982163	0.0696785486264	0.0317949878837	0.507368481327
-oto	0.121814486837	0.793438423229	0.0571580652537	0.0275890246808
-ume	0.163559135858	0.177309800181	0.0362557331797	0.622875330782
-uma	0.0756520692561	0.881793641787	0.0226956207768	0.0198586681797
-eví	0.0768682851546	0.905992164777	0.0	0.0171395500682
-umi	0.264797325272	0.649898838399	0.0	0.0853038363291
ALL	0.229641013705	0.26917332187	0.0508062687339	0.450379395692
-nai	0.631563557375	0.188604369439	0.0	0.179832073186
-nam	0.0	1.0	0.0	0.0
-nae	0.146441560679	0.184899755498	0.0416950851304	0.626963598693
-sio	0.0	1.0	0.0	0.0
-nas	0.127062799484	0.776682639157	0.0149126785204	0.0813418828386
-sia	0.143052439632	0.162439839474	0.067443395251	0.627064325643
-ëre	0.432015504857	0.312136292342	0.107083303508	0.148764899293
-mos	0.0	1.0	0.0	0.0
-ëra	0.351624752755	0.508222661769	0.0310822266177	0.109070358858
-amu	0.852755574253	0.147244425747	0.0	0.0
-ale	0.431347562918	0.446001911437	0.0958904109589	0.0267601146861
-aán	0.36197440585	0.575868372943	0.0621572212066	0.0
-ixu	0.166937586096	0.720703929692	0.057094497408	0.055263986804
-ber	0.0	1.0	0.0	0.0
-bet	0.0749443960932	0.687651097573	0.00290107339716	0.234503432937
-cob	0.0	1.0	0.0	0.0
-uai	0.175402865678	0.737564977717	0.05049526577	0.0365368908345
-beo	0.0	0.892857142857	0.0357142857143	0.0714285714286
-bel	0.00495662949193	0.933085501859	0.0619578686493	0.0
-ofe	0.133333333333	0.866666666667	0.0	0.0
-yai	0.216706147668	0.449545738049	0.164056619136	0.169691495147
-cos	0.0230139411374	0.956332521944	0.0	0.0206535369182
-cor	0.0	1.0	0.0	0.0
-iso	0.0623052959502	0.93769470405	0.0	0.0
-upu	0.0490184143249	0.800745253508	0.0627457933933	0.0874905387737
-reo	0.0	1.0	0.0	0.0
-isi	0.208988658954	0.350689152067	0.0859435529993	0.35437863598
-rea	0.0694057645752	0.825872463433	0.00206010043262	0.102661671559
-isa	0.060947816238	0.855658996105	0.0543868615155	0.0290063261416
-eve	0.0117456770066	0.0421329301418	0.244884567633	0.701236825218
-ëya	0.417831711922	0.243374378053	0.156232544315	0.182561365709
-eva	0.37774326324	0.316336396794	0.148459984733	0.157460355234
-upa	0.196796169274	0.663313515779	0.0638601493385	0.0760301656082
-res	0.0458510200061	0.42590702034	0.203941516069	0.324300443585
-ëyo	0.223059773196	0.483383651262	0.0598031231581	0.233753452384
-evi	0.179839808006	0.487640923475	0.162017678381	0.170501590138
-ret	0.0327781928611	0.941143862524	0.00482032247957	0.0212576221349
-upi	0.400536378579	0.308538800934	0.266216800761	0.0247080197249
-avi	0.117463099219	0.644846014927	0.0925206483162	0.145170237539
-hab	0.0	1.0	0.0	0.0
-ava	0.265465803909	0.355280161095	0.084539490406	0.29471454459
-mas	0.10789800995	0.89210199005	0.0	0.0
-mar	0.0	1.0	0.0	0.0
-ham	0.0391864516353	0.900965149504	0.0	0.059848398861
-mai	0.48604255174	0.176983296515	0.0515139847521	0.285460166994
-jua	0.370929311517	0.210316437973	0.284890186822	0.133864063688
-jue	0.697754749568	0.20725388601	0.0949913644214	0.0
-mae	0.0	1.0	0.0	0.0
-uni	0.35227353844	0.502819615961	0.0786994075237	0.0662074380756
-tat	0.0	1.0	0.0	0.0
-une	0.634128705712	0.119305856833	0.163412870571	0.0831525668836
-una	0.611969574034	0.0422459096103	0.00532138292732	0.340463133429
-pta	0.0743494423792	0.925650557621	0.0	0.0
-pto	0.0836650214934	0.890197951494	0.00822586636947	0.0179111606432
-unu	0.395488721804	0.452631578947	0.0300751879699	0.121804511278
-tra	0.00402828753021	0.961059887208	0.0	0.0349118252619
-ada	0.164774300748	0.570202160066	0.262531154805	0.00249238438106
-tro	0.0302653283735	0.14566853846	0.00965856844826	0.814407564718
-gai	0.0	1.0	0.0	0.0
-adi	0.0	1.0	0.0	0.0
-gau	0.0	1.0	0.0	0.0
-gar	0.0	0.680104532602	0.258204095622	0.0616913717761
-lam	0.0512820512821	0.948717948718	0.0	0.0
-sem	0.0	1.0	0.0	0.0
-lao	0.703281982585	0.296718017415	0.0	0.0
-ino	0.0	1.0	0.0	0.0
-ina	0.363828934132	0.267454931077	0.0810278490038	0.287688285788
-uis	0.0	1.0	0.0	0.0
-sec	0.0	1.0	0.0	0.0
-ine	0.239234449761	0.645933014354	0.0191387559809	0.0956937799043
-món	0.0270427926901	0.930410609306	0.00282550243813	0.0397210955658
-erë	0.267123287671	0.575342465754	0.013698630137	0.143835616438
-uim	0.0	1.0	0.0	0.0
-set	0.0	1.0	0.0	0.0
-blo	0.0618194771827	0.55450245947	0.0041382760215	0.379539787326
-ixi	0.188213247734	0.568320825923	0.20710449833	0.0363614280137
-dón	0.00342133774306	0.890517192222	0.0	0.106061470035
-són	0.0253378378378	0.956925675676	0.0	0.0177364864865
-ena	0.358956597952	0.220337504643	0.0499510779178	0.370754819487
-nes	0.0652001060164	0.477604028624	0.00795123244103	0.449244632918
-rso	0.0151006711409	0.984899328859	0.0	0.0
-bed	0.12	0.88	0.0	0.0
-ias	0.0941872981701	0.876480086114	0.0293326157158	0.0
-ooz	0.0	1.0	0.0	0.0
-uje	0.597735288658	0.246333766475	0.0	0.155930944867
-ban	0.126472607414	0.509928068106	0.0119784632121	0.351620861268
-unë	0.719626168224	0.179439252336	0.0	0.100934579439
-iru	0.627140645739	0.221565961258	0.0926842407583	0.0586091522443
-nmi	0.210949271723	0.578101456555	0.0	0.210949271723
-bas	0.0	1.0	0.0	0.0
-que	0.0	1.0	0.0	0.0
-asa	0.13954470024	0.667699871298	0.175374415977	0.0173810124854
-qui	0.0	1.0	0.0	0.0
-bëa	0.693029490617	0.225201072386	0.0	0.0817694369974
-asi	0.0	0.926625320617	0.0733746793828	0.0
-lto	0.48417132216	0.381750465549	0.134078212291	0.0
-snë	0.55036344756	0.280293953191	0.131000878664	0.0383417205847
-dro	0.0298898318817	0.80797852044	0.00443948071317	0.157692166965
-zor	0.0	1.0	0.0	0.0
-inë	0.158587636623	0.602844535472	0.0645746059926	0.173993221912
-dia	0.0	0.99479889043	0.0	0.00520110957004
-ras	0.14667896679	0.756457564576	0.0	0.0968634686347
-eri	0.0	1.0	0.0	0.0
-ral	0.103781179049	0.874107366995	0.0	0.0221114539554
-ram	0.0	1.0	0.0	0.0
-uía	0.0727684872023	0.840465198543	0.00808538746693	0.0786809267875
-red	0.0	1.0	0.0	0.0
-ero	0.0941640885754	0.807413814134	0.00931439406538	0.0891077032257
-era	0.144684118992	0.681793735118	0.0834751500947	0.0900469957955
-ere	0.543857306131	0.315730138398	0.0669700994663	0.0734424560052
-jëa	0.210573252952	0.154906717083	0.120750544002	0.513769485963
-pos	0.0638953040801	0.868822170901	0.0069284064665	0.0603541185527
-rës	0.169230769231	0.646153846154	0.0923076923077	0.0923076923077
-rëa	0.243098731659	0.32790350659	0.0335737378761	0.395424023875
-aza	0.0293258544646	0.91388439562	0.0	0.0567897499156
-sje	0.337121212121	0.594696969697	0.0113636363636	0.0568181818181
-aat	0.0	1.0	0.0	0.0
-nos	0.0762795275591	0.894192913386	0.0147637795276	0.0147637795276
-fos	0.0	1.0	0.0	0.0
-eón	0.160501193317	0.766408114559	0.00397772474145	0.0691129673826
-las	0.0563348158285	0.766906146653	0.0592998061352	0.117459231383
-noc	0.0	1.0	0.0	0.0
-aac	0.0	0.99693627451	0.0030637254902	0.0
-dos	0.200409731114	0.273731113956	0.00399487836107	0.521864276569
-gel	0.0610388853261	0.709730076371	0.017839444995	0.211391593307
-fás	0.0680190930787	0.927207637232	0.0	0.00477326968975
-doc	0.0	1.0	0.0	0.0
-bor	0.3	0.56	0.14	0.0
-ges	0.0504201680672	0.924369747899	0.0252100840336	0.0
-sas	0.230263157895	0.421052631579	0.0	0.348684210526
-ión	0.00717789209235	0.954540016748	0.0179447302309	0.0203373609283
-vos	0.0118343195266	0.988165680473	0.0	0.0
-tom	0.548672566372	0.451327433628	0.0	0.0
-oli	0.183634020619	0.416881443299	0.0	0.399484536083
-ibo	0.144646316569	0.72875311728	0.0344432904586	0.0921572756915
-tos	0.0347152642557	0.10542500835	0.0523596171176	0.807500110277
-iba	0.319209039548	0.542372881356	0.121468926554	0.0169491525424
-sam	0.0	1.0	0.0	0.0
-iel	0.202574525745	0.773035230352	0.0	0.0243902439025
-loi	0.0	0.980392156863	0.0196078431373	0.0
-roz	0.220560978624	0.682132707278	0.0389225256394	0.0583837884592
-oce	0.0110663788995	0.0442771399455	0.00108493910779	0.943571542047
-iez	0.0665731443197	0.0436355581807	0.00723567631423	0.882555621185
-oca	0.270346928838	0.345628645571	0.0573225804456	0.326701845145
-rom	0.0	1.0	0.0	0.0
-oco	0.189947164002	0.737403338115	0.0726494978831	0.0
-los	0.0450403746628	0.795648850267	0.0126088446432	0.146701930427
-ipo	0.312883435583	0.687116564417	0.0	0.0
-ipa	0.352070851448	0.311763065114	0.0818100632981	0.25435602014
-ida	0.0893153595857	0.888770834717	0.00597649246297	0.0159373132346
-ipe	0.0402918263567	0.927741104798	0.0048838577402	0.0270832111047
-noé	0.0	1.0	0.0	0.0
-ãjã	0.229187854133	0.107947116083	0.0101699840186	0.652695045765
-saú	0.0	0.976424361493	0.0235756385069	0.0
-nvi	0.220338983051	0.779661016949	0.0	0.0
-sto	0.0425660385601	0.742235799411	0.00403738153905	0.21116078049
-saë	0.301147361812	0.346037786167	0.101432815113	0.251382036908
-sta	0.114478329308	0.677948406101	0.0685387859622	0.139034478629
-saí	0.0	1.0	0.0	0.0
-loé	0.155724362453	0.821486706457	0.0227889310906	0.0
-cue	0.041958041958	0.916083916084	0.041958041958	0.0
-ián	0.201793721973	0.713004484305	0.0269058295964	0.0582959641255
-eyu	0.260900617791	0.706602863979	0.022497589544	0.00999892868623
-ucu	0.120999384929	0.876031305012	0.0029693100596	0.0
-eyo	0.542263972031	0.293899294219	0.0881512860937	0.0756854476562
-eya	0.313234366969	0.390315528193	0.0763279020698	0.220122202768
-uca	0.489030245169	0.241770672854	0.0431791129897	0.226019968987
-ibi	0.217691667145	0.156902133902	0.107052938832	0.518353260122
-lea	0.00959392662732	0.976588733393	0.00302417252382	0.0107931674557
-leg	0.0	1.0	0.0	0.0
-gón	0.0	0.961509992598	0.00888230940043	0.0296076980015
-ëmi	0.210033636148	0.585028885456	0.106235153654	0.0987023247424
-les	0.0175600739371	0.97134935305	0.0110905730129	0.0
-eel	0.0	1.0	0.0	0.0
-rra	0.0	0.98976109215	0.0	0.0102389078498
-rre	0.0	0.889077532541	0.0	0.110922467459
-rro	0.175045473047	0.617149823679	0.0354635200697	0.172341183204
-gio	0.0217977994602	0.97820220054	0.0	0.0
-udá	0.0	1.0	0.0	0.0
-ëta	0.281550501063	0.415875280635	0.0630608680531	0.239513350248
-ali	0.0118647419419	0.988135258058	0.0	0.0
-nda	0.300239332698	0.327307427299	0.0767712672997	0.295681972704
-ëto	0.192232108174	0.332502615785	0.37231783515	0.102947440891
-gia	0.0	0.964367816092	0.035632183908	0.0
-ala	0.0413287585777	0.914223331254	0.00467872738615	0.0397691827823
-uva	0.366913268566	0.397766979786	0.178407696473	0.0569120551749
-osé	0.200584522529	0.657730643641	0.0	0.14168483383
-uvi	0.426188579831	0.330964342605	0.184949761059	0.0578973165053
-abé	0.0362811791383	0.940071266602	0.015873015873	0.00777453838678
-abë	0.0708115712786	0.781496278682	0.128356914663	0.019335235377
-cho	0.0686213349969	0.0711859707493	0.0252997851251	0.834892909129
-ien	0.00610057071239	0.0238342888128	0.0702309603963	0.899834180078
-iyo	0.360626686883	0.36389543276	0.0852885729426	0.190189307414
-eli	0.0	0.967105263158	0.0328947368421	0.0
-ogo	0.0	1.0	0.0	0.0
-vaë	0.228962785154	0.372198814899	0.0	0.398838399946
-aén	0.0	0.851351351351	0.0675675675675	0.0810810810811
-iya	0.513782094057	0.270129043518	0.0411050313626	0.174983831063
-xua	0.162312015837	0.146545644543	0.0279504717417	0.663191867878
-abu	0.125627005287	0.874372994713	0.0	0.0
-itu	0.021934098353	0.849554128649	0.0644923330372	0.0640194399605
-ito	0.0923721753223	0.729024138096	0.101512659988	0.0770910265935
-esi	0.17119581259	0.739192034475	0.0376630787697	0.0519490741652
-ëmë	0.249409904621	0.435683198855	0.0944811339727	0.220425762551
-lás	0.0	1.0	0.0	0.0
-esa	0.17148754377	0.664226945543	0.0307990357311	0.133486474956
-ese	0.0482176110668	0.772745411014	0.0485501463155	0.130486831604
-ita	0.121660087425	0.238090198749	0.0530212842383	0.587228429588
-fas	0.0690476190476	0.866666666667	0.0285714285714	0.0357142857143
-fat	0.0	1.0	0.0	0.0
-hum	0.0	1.0	0.0	0.0
-vëa	0.528863232682	0.068161634103	0.0166518650089	0.386323268206
-abe	0.350363684164	0.441679081588	0.147226360529	0.0607308737183
-aba	0.423887831689	0.344660754422	0.0808280437059	0.150623370183
-njo	0.0	0.951140065147	0.0488599348534	0.0
-nbë	0.141117684223	0.844983056688	0.00700706449947	0.00689219458962
-abo	0.212928635769	0.590076102319	0.0533392661693	0.143655995742
-abi	0.205612164375	0.252321869636	0.0695838095423	0.472482156446
-tua	0.229758110082	0.392194279501	0.0528874343038	0.325160176114
-nco	0.021548982254	0.04010828156	0.000577204881803	0.937765531304
-nce	0.0143677107692	0.103557474508	0.0123151806593	0.869759634063
-ael	0.0515525605973	0.865505097464	0.0217952770081	0.0611470649306
-sos	0.612326744303	0.250243313085	0.0458099808706	0.0916199617412
-oro	0.0422505844021	0.87663086588	0.0204822087246	0.0606363409935
-elí	0.0458015267176	0.954198473282	0.0	0.0
-ora	0.143581454777	0.541254497925	0.136917527123	0.178246520175
-ore	0.411221363758	0.428109932595	0.05527606856	0.105392635087
-lix	0.129171080509	0.828456038136	0.0119173728813	0.0304555084745
-rut	0.0	1.0	0.0	0.0
-lis	0.0315457413249	0.865930599369	0.0	0.102523659306
-ico	0.102334138209	0.86432103024	0.0103483959986	0.0229964355525
-omi	0.404324831404	0.420461026667	0.105489983871	0.0697241580575
-lio	0.24748512421	0.607043431082	0.0503686705623	0.0951027741459
-omo	0.0942062613786	0.861171598901	0.016777924535	0.0278442151858
-sué	0.0	1.0	0.0	0.0
-oma	0.102810675007	0.789848677716	0.00472692758653	0.102613719691
-rua	0.356435643564	0.643564356436	0.0	0.0
-lia	0.226181280486	0.306185023262	0.0287166198744	0.438917076377
-ica	0.336954422573	0.338486246235	0.032144470256	0.292414860935
-rue	0.379420650435	0.517504887151	0.0479829393993	0.0550915230141
-eas	0.0295566502463	0.940886699507	0.0	0.0295566502463
-xëa	0.220349563046	0.221598002497	0.0224719101124	0.535580524345
-ode	0.154177947047	0.543798467398	0.0919561327032	0.210067452852
-rna	0.0282685512367	0.971731448763	0.0	0.0
-rno	0.0749855796962	0.805960392232	0.0356085368199	0.0834454912517
-ëpa	0.390776514085	0.266211708443	0.170480033693	0.172531743779
-rni	0.0	1.0	0.0	0.0
-zer	0.0	1.0	0.0	0.0
-ana	0.402423806411	0.281809692262	0.0867775861497	0.228988915178
-ovë	0.263247784649	0.471383502435	0.084524439865	0.180844273051
-ura	0.2606461699	0.427751517279	0.271684630917	0.0399176819038
-ure	0.61027658727	0.272182476964	0.041246873046	0.0762940627201
-nnë	0.29035339064	0.63865011143	0.0171919770774	0.0538045208532
-uru	0.681905678537	0.134744947064	0.0	0.183349374398
-nio	0.0	1.0	0.0	0.0
-apa	0.29250758032	0.257419226096	0.0408947599104	0.409178433674
-pan	0.168512265108	0.730471710388	0.0290139455552	0.0720020789486
-ape	0.0454545454545	0.93771043771	0.013468013468	0.00336700336701
-apn	0.156862745098	0.21568627451	0.156862745098	0.470588235294
-apo	0.173348291691	0.0310687822002	0.00790015129445	0.787682774814
-aín	0.0645161290322	0.612903225806	0.0	0.322580645161
-pas	0.0	1.0	0.0	0.0
-tso	0.291062458827	0.0478358403647	0.0869064704893	0.574195230319
-sus	0.124768946396	0.81977818854	0.0554528650647	0.0
-nua	0.358122317771	0.42142338143	0.103713073389	0.11674122741
-omë	0.198551634524	0.629081896785	0.0356008739468	0.136765594744
-omé	0.0	1.0	0.0	0.0
-sui	0.0247579497292	0.975242050271	0.0	0.0
-lnë	0.0803677096162	0.539299253337	0.218300903792	0.162032133255
-ëxë	0.152950632377	0.768507150998	0.00177162894645	0.0767705876793
-zín	0.0304200869145	0.739739256398	0.0101400289715	0.219700627716
-fes	0.699718210638	0.171128331572	0.103322766232	0.0258306915581
-dio	0.125772702	0.830951302461	0.0370937104617	0.00618228507693
-aña	0.0	1.0	0.0	0.0
-dis	0.0	1.0	0.0	0.0
-feo	0.0	1.0	0.0	0.0
-sli	0.0	1.0	0.0	0.0
-sús	0.0322283195369	0.355805786193	0.00231861057252	0.609647283697
-ovi	0.0808445466342	0.582320114163	0.0694106507379	0.267424688465
-ova	0.0516710605124	0.206236905944	0.0472728372895	0.694819196254
-afo	0.290948275862	0.495689655172	0.0840517241379	0.129310344828
-ëbo	0.0788283688771	0.819652309777	0.0656676164451	0.0358517049009
-ëbi	0.285509668179	0.395321079016	0.283361184053	0.0358080687515
-vai	0.0539496731747	0.880616909472	0.033434442688	0.0319989746657
-znë	0.0469456403675	0.776586091992	0.00220920660553	0.174259061035
-aia	0.289787333489	0.608553400327	0.101659266184	0.0
-tia	0.124874257894	0.747180136928	0.0826336985056	0.0453119066732
-tio	0.113309352518	0.748201438849	0.138489208633	0.0
-lón	0.0905432595574	0.909456740443	0.0	0.0
-ngo	0.218893892628	0.486414005971	0.0	0.294692101402
-eme	0.64733850967	0.124182182049	0.03892379389	0.189555514391
-ema	0.434901492274	0.320980668244	0.0749292085762	0.169188630905
-emo	0.0754395610435	0.830963856434	0.0	0.0935965825222
-emi	0.272290585223	0.267009561708	0.0881336989748	0.372566154094
-rug	0.0	1.0	0.0	0.0
-amë	0.142679822943	0.0907642123258	0.0345086096783	0.732047355053
-oni	0.248818809024	0.324651741435	0.0781092103524	0.348420239188
-zxu	0.909892879647	0.0901071203529	0.0	0.0
-jai	0.0989690966591	0.104684919811	0.0182571791784	0.778088804351
-cio	0.0650967961055	0.921317785577	0.0	0.0135854183177
-ajë	0.402183336286	0.227243170824	0.0571434838987	0.313430008992
-cia	0.0378368677654	0.923877605958	0.0128615439835	0.0254239822929
-zar	0.0	1.0	0.0	0.0
-pae	0.344501108197	0.156155972295	0.0543678069055	0.444975112603
-énë	0.0855745721271	0.914425427873	0.0	0.0
-ënë	0.246815367909	0.510994908414	0.0657307441026	0.176458979575
-eta	0.273667173215	0.26810674631	0.0688947804013	0.389331300073
-rce	0.0	0.040071237756	0.543187889582	0.416740872662
-ete	0.0113691650133	0.0313898906466	0.0115095563045	0.945731388036
-eto	0.122052143221	0.497930242719	0.236040354231	0.143977259829
-rco	0.17137390966	0.662711988067	0.0673457310549	0.0985683712182
-ebë	0.0267737617135	0.705488621151	0.267737617135	0.0
-uyo	0.129082082966	0.852383053839	0.0	0.0185348631951
-ëba	0.377933746166	0.394750155292	0.161107090941	0.0662090076013
-uya	0.210582749168	0.0696100843963	0.00912832080707	0.710678845629
-ías	0.0801388231582	0.760056791292	0.0203502129674	0.139454172582
-oxo	0.0597111773413	0.653384719534	0.137975881819	0.148928221305
-oxi	0.222035860344	0.613674764104	0.0437921281636	0.120497247388
-oxu	0.191516637203	0.753643506896	0.00561674501779	0.0492231108832
-ebú	0.0924249642687	0.871248213435	0.00952834683181	0.0267984754645
-ría	0.0320098823464	0.585809662098	0.0147157760486	0.367464679507
-thi	0.0752611317716	0.534852019284	0.153998248004	0.23588860094
-ata	0.101493189298	0.0796383296613	0.014639613858	0.804228867183
-amá	0.0	1.0	0.0	0.0
-ato	0.0848172938909	0.674195172537	0.0621259924852	0.178861541087
-eso	0.109669591189	0.82095078091	0.00124447763052	0.0681351502707
-bua	0.287134377458	0.63176714582	0.0360437674318	0.0450547092898
-ulo	0.0720190817354	0.654851658361	0.00349890275637	0.269630357147
-oso	0.203375875527	0.365883042943	0.011537367406	0.419203714124
-ula	0.172242770194	0.789773097106	0.0211400595374	0.016844073162
-osi	0.899761336515	0.100238663485	0.0	0.0
-emë	0.426724716236	0.272854815143	0.0602254926758	0.240194975945
-lén	0.0349632728437	0.867976182907	0.0022865155661	0.0947740286829
-nia	0.13562032851	0.124527599227	0.0522027137544	0.687649358508
-aca	0.52077006717	0.30138922592	0.139333021101	0.038507685809
-aco	0.0424028268551	0.957597173145	0.0	0.0
-ave	0.024	0.846	0.13	0.0
-ice	0.126582278481	0.808016877637	0.0316455696203	0.0337552742616
-ajo	0.317628374802	0.599435327334	0.0564672666314	0.0264690312335
-aji	0.167225163955	0.0149708789381	0.00707391256602	0.810730044541
-aje	0.231017554866	0.241458798272	0.0352930367373	0.492230610124
-aja	0.407632724446	0.0126597838956	0.0032789729008	0.576428518757
-nós	0.0	1.0	0.0	0.0
-nón	0.0797872340426	0.760638297872	0.159574468085	0.0
-ate	0.217381008761	0.426237272082	0.256926355671	0.0994553634856
-aju	0.239455625834	0.668915505816	0.0750239663432	0.0166049020075
-fia	0.0	0.957142857143	0.0	0.0428571428571
-via	0.181755766826	0.328460804353	0.241783226172	0.248000202649
-ire	0.4893916037	0.32492963274	0.0342869752148	0.151391788345
-vid	0.024650780608	0.975349219392	0.0	0.0
-fre	0.0478723404256	0.94414893617	0.00797872340425	0.0
-ila	0.111854329246	0.853028613898	0.0195094760312	0.015607580825
-ilo	0.019593207688	0.875909684643	0.0783728307521	0.0261242769173
-ëna	0.23627088074	0.347236349528	0.221642565775	0.194850203958
-ebi	0.176877975005	0.358735962635	0.116737834028	0.347648228332
-oam	0.0	1.0	0.0	0.0
-ebo	0.192229732948	0.698080715695	0.0354953268357	0.0741942245214
-eba	0.502849105285	0.192046069935	0.0409555365664	0.264149288214
-igo	0.149082568807	0.772935779817	0.0	0.0779816513762
-ebe	0.0	1.0	0.0	0.0
-ítu	0.569620253165	0.151898734177	0.101265822785	0.177215189873
-ami	0.377077124247	0.357642345766	0.0781549551239	0.187125574864
-amo	0.254769733136	0.659870870819	0.0469064253924	0.038452970652
-ama	0.265478959147	0.639672649085	0.00724033524946	0.0876080565185
-ame	0.424607903708	0.290917253867	0.0902410402547	0.19423380217
-tme	0.731813246471	0.14875135722	0.119435396308	0.0
-iro	0.09490963356	0.812568396617	0.00265295970818	0.0898690101144
-iri	0.135210268985	0.664129750809	0.19135408204	0.00930589816689
-hia	0.451149425287	0.152298850575	0.310344827586	0.0862068965517
-usa	0.0348837209302	0.96511627907	0.0	0.0
-ira	0.196344980168	0.574970153493	0.0686692221508	0.160015644188
-mós	0.0	1.0	0.0	0.0
-tsë	0.0895522388059	0.888059701493	0.0	0.0223880597015
-agé	0.115891808644	0.884108191356	0.0	0.0
-uli	0.0237623762376	0.914851485149	0.0613861386138	0.0
-ëxi	0.145016284059	0.519435593772	0.302750862877	0.032797259292
-eis	0.078332206947	0.0200212999946	0.0459704614593	0.855676031599
-uza	0.383081462935	0.429133506215	0.00938925154252	0.178395779308
-epe	0.0	1.0	0.0	0.0
-ëjë	0.105139577355	0.425515262197	0.140620923559	0.32872423689
-epa	0.498310710428	0.273673786953	0.0880992682729	0.139916234346
-epo	0.0560986365089	0.167407016708	0.118545053417	0.657949293366
-onë	0.0862038457075	0.256020209153	0.0240294555697	0.63374648957
-aná	0.0197368421053	0.980263157895	0.0	0.0
-nca	0.299284984678	0.659856996936	0.0102145045965	0.0306435137896
-anë	0.150304499797	0.208994571078	0.0552305681423	0.585470360982
-thë	0.125957106836	0.65055094256	0.103478373311	0.120013577294
-cea	0.0	0.993115318417	0.0	0.00688468158347
-pia	0.122275998304	0.720980943468	0.0648308984295	0.0919121597989
-oas	0.0517819067926	0.902528175449	0.00913798355165	0.0365519342066
-rés	0.00258583536848	0.838816262031	0.0	0.1585979026
-iud	0.0	1.0	0.0	0.0
-axu	0.342362109057	0.435922896284	0.120435105481	0.101279889178
-uem	0.0	1.0	0.0	0.0
-uel	0.212010252655	0.736726473819	0.0512632735262	0.0
-ueo	0.108351897827	0.483310165654	0.0114725538876	0.396865382631
-axi	0.22408154113	0.589833582363	0.0704882711519	0.115596605355
-enë	0.164618573226	0.479449497709	0.0914202857902	0.264511643274
-axa	0.0442130750756	0.685405824116	0.00841636383645	0.261964736971
-ota	0.244467186973	0.40330478546	0.04768999867	0.304538028897
-lco	0.05	0.95	0.0	0.0
-ëca	0.511222334075	0.21087779495	0.196089551816	0.0818103191595
-tsi	0.450536802927	0.215857950434	0.057700599787	0.275904646851
-ago	0.0180099814355	0.968488559925	0.00482194951418	0.00867950912553
-cua	0.266797927749	0.444602100132	0.0869647679827	0.201635204136
-tsa	0.150067973906	0.0304109802955	0.010134278638	0.80938676716
-one	0.787669811355	0.124055592169	0.038318835725	0.0499557607512
-rta	0.00304723209751	0.815642458101	0.0	0.181310309802
-ona	0.505572011274	0.234623778391	0.0563527538575	0.203451456478
-ono	0.137827853321	0.80066845964	0.0224375633431	0.0390661236959
-rto	0.0	1.0	0.0	0.0
-ëje	0.145157045182	0.407002682929	0.0472624889038	0.400577782985
-das	0.114883554921	0.781817911424	0.0017845989114	0.101513934743
-dam	0.0	1.0	0.0	0.0
-ane	0.30549325665	0.06816653652	0.0155649953901	0.610775211439
-rge	0.0	1.0	0.0	0.0
-ani	0.262642736528	0.0280056961972	0.0317406541165	0.677610913159
-ank	0.255208333333	0.418154761905	0.106646825397	0.219990079365
-dab	0.0	1.0	0.0	0.0
-ano	0.184797267028	0.510146412514	0.259108567648	0.0459477528103
-tal	0.048602673147	0.91737545565	0.0	0.0340218712029
-tam	0.0	1.0	0.0	0.0
-tan	0.325077399381	0.27399380805	0.046439628483	0.354489164087
-tai	0.750497265042	0.210343112879	0.0391596220786	0.0
-tae	0.543920983736	0.14993843601	0.0710174379251	0.235123142328
-sco	0.0498467745064	0.894681717677	0.0	0.0554715078164
-ene	0.210311951993	0.364020542848	0.134702225443	0.290965279716
-sca	0.0	1.0	0.0	0.0
-tar	0.0613500615302	0.723504517214	0.215145421256	0.0
-mia	0.162663423533	0.837336576467	0.0	0.0
-rán	0.180128663331	0.819871336669	0.0	0.0
-nán	0.0192926045016	0.980707395498	0.0	0.0
-sés	0.426141450313	0.550581915846	0.0120859444942	0.0111906893465
-mil	0.0947400987029	0.0990366476185	0.0191687325609	0.787054521118
-min	0.0	1.0	0.0	0.0
-axë	0.181461176916	0.0836445858643	0.0128032632345	0.722090973985
-eno	0.0566569060687	0.526587420044	0.404797934918	0.0119577389693
-nás	0.048948374761	0.871510516252	0.0405353728489	0.0390057361377
-pía	0.119311610272	0.754802466237	0.086927030341	0.03895889315
