-caa	0.546296296296	0.388888888889	0.037037037037	0.0277777777778
-ɨma	0.128547500158	0.255783452373	0.391884204538	0.22378484293
-cae	0.193740055654	0.530490540004	0.109992814848	0.165776589493
-cai	0.55063704383	0.276822590159	0.142182928897	0.0303574371136
-ɨmi	0.438066465257	0.159113796576	0.221550855992	0.181268882175
-cas	0.0148148148148	0.955555555556	0.00740740740741	0.0222222222222
-car	0.0	0.979695431472	0.0	0.0203045685279
-ive	0.0998808591031	0.0676407201899	0.0192554777239	0.813222942983
-cau	0.368176076034	0.518389393497	0.101766978763	0.0116675517053
-ivi	0.417556521099	0.314382502393	0.175270638486	0.0927903380219
-ivo	0.229548850176	0.437826348136	0.187606857354	0.145017944334
-oya	0.291396230703	0.449879990342	0.213276334664	0.0454474442913
-dío	0.0376922932208	0.783293660147	0.121686569658	0.0573274769735
-día	0.0378548895899	0.432176656151	0.529968454259	0.0
-oyu	0.706194690266	0.246017699115	0.00530973451328	0.0424778761062
-nso	0.0	1.0	0.0	0.0
-lea	0.00391051291379	0.984357948345	0.0111858857766	0.000545652964715
-ufo	0.0	0.981481481482	0.0185185185185	0.0
-aum	0.00249272953885	0.98545907769	0.00955546323224	0.00249272953885
-uaa	0.564894811699	0.140866968988	0.0679679013419	0.226270317971
-mɨi	0.422825070159	0.291549734955	0.264733395697	0.0208917991893
-uae	0.0528625908773	0.037803667409	0.0118262258089	0.897507515905
-nto	0.00882788784269	0.903958071588	0.0599042920668	0.0273097485027
-nta	0.153549797042	0.586307928636	0.0608348714545	0.199307402868
-nte	0.0509915014164	0.683663833806	0.00849858356939	0.256846081209
-uan	0.0394257666121	0.866851257151	0.0136412908883	0.080081685349
-yea	0.585657370518	0.342629482072	0.0717131474103	0.0
-dro	0.0300591606296	0.88873785508	0.00426327252506	0.0769397117657
-eña	0.550943396226	0.396226415094	0.011320754717	0.0415094339622
-pre	0.0259179265659	0.915766738661	0.00431965442765	0.0539956803455
-iva	0.0525210084034	0.933823529412	0.00840336134454	0.00525210084034
-opu	0.776424250702	0.181386824332	0.0399684552316	0.00222046973509
-más	0.0	1.0	0.0	0.0
-ape	0.118235702155	0.690536303656	0.0489164076531	0.142311586536
-aré	0.0	1.0	0.0	0.0
-eño	0.283514966143	0.201672349893	0.0791198662297	0.435692817734
-ɨca	0.638611079897	0.172491291156	0.0114619620182	0.177435666929
-opo	0.561689682515	0.378046896722	0.0196072373773	0.0406561833854
-opi	0.411037107517	0.3986679353	0.111322549953	0.0789724072312
-tín	0.0844155844155	0.827922077922	0.0779220779221	0.00974025974025
-tío	0.0889161053276	0.752112676056	0.126638089406	0.03233312921
-ope	0.169627246661	0.774319882509	0.0538499195748	0.00220295125533
-opa	0.312959476848	0.136748969127	0.309391901604	0.240899652421
-dea	0.00410813817894	0.981898516149	0.0102703454473	0.00372300022466
-dec	0.100586979722	0.881270010672	0.00533617929563	0.0128068303095
-rbe	0.0891364902507	0.894150417827	0.008356545961	0.008356545961
-ɨti	0.659434221368	0.261466630047	0.0609722603681	0.0181268882175
-ɨmí	0.0517586166334	0.133043171392	0.815198211975	0.0
-ɨte	0.179612432813	0.270453788622	0.0307321653102	0.519201613255
-ɨta	0.546210027248	0.234254260331	0.128745019074	0.090790693347
-deo	0.0143603133159	0.972584856397	0.0	0.0130548302872
-des	0.0491966002854	0.861467832992	0.0447918605373	0.0445437061853
-ime	0.276390233367	0.22814730701	0.0283086194485	0.467153840174
-caz	0.0	1.0	0.0	0.0
-ɨtu	0.0601733594077	0.867811937366	0.0225710512798	0.049443651947
-imo	0.0314086294416	0.727791878173	0.196700507614	0.0440989847716
-ido	0.0963855421687	0.734939759036	0.0481927710843	0.120481927711
-lla	0.230598669623	0.536585365854	0.212860310421	0.019955654102
-eco	0.259664483912	0.402624485423	0.0850108603733	0.252700170292
-obo	0.00468603561387	0.989222118088	0.000937207122774	0.00515463917526
-lle	0.0379746835443	0.821518987342	0.13670886076	0.00379746835443
-rpa	0.148489932886	0.826342281879	0.0201342281879	0.00503355704698
-quɨ	0.364528767785	0.471365999875	0.0752534317059	0.0888518006337
-eca	0.733445784122	0.164875523781	0.0243087875707	0.0773699045261
-oba	0.0	0.721965020576	0.0	0.278034979424
-jɨe	0.126819126819	0.711018711019	0.029106029106	0.133056133056
-asɨ	0.120846971323	0.506109828286	0.291840545629	0.0812026547629
-güe	0.191076503332	0.317003403863	0.186408141577	0.305511951228
-bia	0.557620817844	0.381040892193	0.00557620817844	0.0557620817844
-mbɨ	0.139487403545	0.733147775057	0.0344011145233	0.0929637068751
-bio	0.191358024691	0.79012345679	0.0185185185185	0.0
-ecu	0.155398587286	0.667003027245	0.0	0.177598385469
-ter	0.035595105673	0.9510567297	0.0133481646274	0.0
-uta	0.53427687374	0.267978893861	0.0668385227822	0.130905709617
-ñoe	0.610169491525	0.372881355932	0.0169491525424	0.0
-ria	0.0109066121336	0.974778459441	0.0040899795501	0.0102249488752
-rio	0.0168357706395	0.903194318823	0.0620595162403	0.0179103942973
-rúa	0.196335761916	0.604520814608	0.162242728693	0.036900694783
-rim	0.0	1.0	0.0	0.0
-rii	0.239731051345	0.183007334963	0.511246943765	0.0660146699267
-tea	0.196682195205	0.793091694126	0.00613566640155	0.00409044426769
-tee	0.129899950795	0.420469083156	0.367664425127	0.0819665409218
-raɨ	0.0488729456862	0.754272354628	0.0468341105881	0.150020589097
-utu	0.834487787094	0.106817353263	0.0142180094787	0.044476850164
-tei	0.146083789791	0.0549933901997	0.0350232759986	0.76389954401
-teo	0.0157242213487	0.975204112489	0.00362866646507	0.00544299969761
-lux	0.0526315789474	0.894736842105	0.0	0.0526315789474
-are	0.0329942076528	0.00264680314581	0.000431507059714	0.963927482142
-ara	0.123640808371	0.697254780835	0.0707963981855	0.108308012609
-mes	0.0	1.0	0.0	0.0
-nzo	0.0253644314869	0.971137026239	0.00174927113703	0.00174927113703
-aro	0.273512592386	0.55112441571	0.0685072695465	0.106855722357
-ari	0.624036673693	0.161380260421	0.0402176568757	0.174365409011
-rón	0.0436187399031	0.920032310178	0.0363489499192	0.0
-mee	0.672687364048	0.135489152643	0.029857795313	0.161965687996
-aru	0.587834726463	0.302987365994	0.0501537999855	0.0590241075582
-poɨ	0.210884353742	0.605442176871	0.0938775510204	0.0897959183673
-mea	0.626086956522	0.226086956522	0.095652173913	0.0521739130435
-mec	0.0	1.0	0.0	0.0
-meo	0.0	0.982608695652	0.0173913043478	0.0
-mei	0.0884648742411	0.463139635733	0.135299219428	0.313096270598
-bán	0.112554112554	0.568542568543	0.281385281385	0.037518037518
-aya	0.153010858835	0.786771964462	0.0227048371175	0.0375123395854
-eea	0.0204319566779	0.953460543122	0.0238372827909	0.00227021740866
-ayo	0.0161290322581	0.983870967742	0.0	0.0
-rai	0.175201574271	0.108509683331	0.0243573524163	0.691931389982
-ayu	0.574312888349	0.218486029791	0.0166704954025	0.190530586458
-tón	0.219178082192	0.671232876712	0.109589041096	0.0
-yɨɨ	0.0504201680672	0.932773109244	0.0168067226891	0.0
-bás	0.043661971831	0.939436619718	0.00845070422534	0.00845070422536
-ndi	0.215265232345	0.172234305637	0.525471332861	0.0870291291565
-aón	0.0558375634518	0.92385786802	0.0203045685279	0.0
-aɨa	0.420989143546	0.53558504222	0.0361881785283	0.00723763570567
-boɨ	0.786396356692	0.152343176142	0.00741883355369	0.0538416336125
-ere	0.24449319753	0.281272335	0.113031406466	0.361203061004
-dán	0.0476526650194	0.927638545711	0.0183551006001	0.00635368866926
-xad	0.0	1.0	0.0	0.0
-ɨvo	0.353389366955	0.554067562976	0.0834404730133	0.00910259705599
-aɨu	0.384973172501	0.389225175669	0.0856377836643	0.140163868166
-ota	0.410782795681	0.211127539703	0.0549815483113	0.323108116305
-tán	0.0	1.0	0.0	0.0
-ote	0.0509842005005	0.879942479364	0.0570276024353	0.0120457177007
-oti	0.187783554671	0.750488699955	0.0329811045332	0.0287466408409
-oto	0.0344827586207	0.896551724138	0.0344827586207	0.0344827586207
-rán	0.168539325843	0.831460674157	0.0	0.0
-voɨ	0.614110654339	0.270604589022	0.0415173400116	0.0737674166278
-eví	0.062321696826	0.903719731529	0.0281701787511	0.00578839289406
-umo	0.844732776454	0.105226635942	0.014297310744	0.0357432768598
-saɨ	0.226829268293	0.741463414634	0.0207317073171	0.0109756097561
-umi	0.0486090917903	0.481535330038	0.28520887855	0.184646699622
-ɨño	0.129296235679	0.272315246129	0.446556716606	0.151831801586
ALL	0.205159487728	0.265869340616	0.0496690029755	0.47930216868
-ɨpa	0.487603305785	0.396694214876	0.107438016529	0.00826446280992
-aús	0.101851851852	0.87037037037	0.0185185185185	0.00925925925926
-aúl	0.0	0.964285714286	0.0357142857142	0.0
-aúm	0.05	0.925	0.0	0.025
-sio	0.0705882352941	0.929411764706	0.0	0.0
-pɨɨ	0.617930848532	0.294513947986	0.0213332475488	0.0662219559328
-nas	0.0317371937639	0.954899777283	0.0100222717149	0.00334075723831
-sia	0.0277372262774	0.969343065693	0.0	0.0029197080292
-roɨ	0.030303030303	0.712121212121	0.246212121212	0.0113636363637
-ipɨ	0.0370751802266	0.903707518023	0.00849639546859	0.0507209062822
-mos	0.0213523131672	0.978647686833	0.0	0.0
-mor	0.0	0.941176470588	0.0588235294118	0.0
-oɨu	0.542027598711	0.277466024608	0.136472990144	0.0440333865369
-gog	0.0776699029126	0.883495145631	0.0388349514563	0.0
-moe	0.613576749554	0.237435736019	0.0973664883014	0.0516210261253
-aán	0.356796116505	0.537621359223	0.105582524272	0.0
-moa	0.486424991544	0.487747132798	0.0	0.0258278756572
-ɨpi	0.663727959698	0.191435768262	0.14483627204	0.0
-ɨpo	0.124020887728	0.356396866841	0.501305483029	0.0182767624021
-moi	0.195409462739	0.0964672040272	0.0490216642195	0.659101669014
-yau	0.548449197861	0.250053475936	0.133903743315	0.0675935828877
-coi	0.037922783362	0.0372197818512	0.028543607926	0.896313826861
-coe	0.153490277343	0.58692561625	0.115876725862	0.143707380545
-coa	0.149726150223	0.680292538539	0.0563903682658	0.113590942972
-bet	0.0472710664535	0.775519525006	0.0	0.177209408541
-cob	0.00673778775968	0.985962942167	0.000842223469961	0.00645704660304
-yae	0.165717322149	0.0379354889005	0.201621558133	0.594725630817
-uai	0.227735907119	0.640643893683	0.0448360015887	0.0867841976092
-yaa	0.171993161997	0.654796743256	0.110740880248	0.0624692144989
-beo	0.037037037037	0.814814814815	0.037037037037	0.111111111111
-bel	0.110669077758	0.873417721519	0.00433996383364	0.0115732368897
-oñɨ	0.0970873786408	0.669902912621	0.233009708738	0.0
-cou	0.565795113588	0.278468352622	0.0514359194171	0.104300614373
-ñee	0.14255690708	0.687155206407	0.0635686867234	0.10671919979
-yao	0.434052598106	0.408747564411	0.0830247530151	0.0741750844675
-rla	0.0	0.915730337079	0.0842696629213	0.0
-eoa	0.583592938733	0.0249221183801	0.01246105919	0.379023883697
-cor	0.0	1.0	0.0	0.0
-iso	0.0384615384615	0.961538461538	0.0	0.0
-rei	0.0548571809107	0.0149190071633	0.00521743467445	0.925006377252
-reo	0.188249290748	0.702114029468	0.0417314908026	0.0679051889814
-ise	0.563777781511	0.303593327398	0.0875233087506	0.0451055823408
-rea	0.356511447143	0.606021359677	0.0152591054439	0.0222080877352
-red	0.0	1.0	0.0	0.0
-ree	0.0788639920325	0.711669226582	0.00602782104707	0.203438960339
-eve	0.0541676119538	0.0409405413048	0.0237287162929	0.881163130448
-upe	0.0998127379124	0.019712864016	0.014269243487	0.866205154585
-eva	0.0735294117647	0.858193277311	0.0682773109243	0.0
-upa	0.386128222678	0.414556240018	0.151585671914	0.047729865389
-res	0.0590868397493	0.716204118174	0.0161145926589	0.208594449418
-iti	0.592081463758	0.290524031047	0.0656387441533	0.0517557610413
-ret	0.0270547243288	0.965566714491	0.00368928059029	0.00368928059029
-upi	0.133917664063	0.135701853891	0.115722997074	0.614657484973
-avi	0.131612777209	0.263891943586	0.311258032579	0.293237246627
-hab	0.0288659793814	0.971134020619	0.0	0.0
-íta	0.25702811245	0.726907630522	0.0160642570281	0.0
-avo	0.388638218206	0.179037266646	0.0527677280981	0.37955678705
-ɨaɨ	0.0901718889169	0.134014862476	0.751525464286	0.0242877843213
-ava	0.423458121501	0.487033328198	0.0593128947774	0.0301956555231
-mas	0.0490956072351	0.913006029285	0.00516795865633	0.0327304048234
-mar	0.0	1.0	0.0	0.0
-ham	0.0189400064247	0.932502646427	0.0321829192834	0.0163744278652
-mai	0.568578553616	0.11970074813	0.0598503740648	0.25187032419
-eyɨ	0.350528173431	0.118282299109	0.00288852760038	0.528300999859
-mae	0.643521068922	0.221425952686	0.0382577179246	0.0967952604675
-pta	0.0821917808219	0.917808219178	0.0	0.0
-pto	0.0107490762513	0.926212070317	0.0587840107491	0.00425484268279
-beu	0.533003779023	0.241567333973	0.0130699892995	0.212358897705
-etɨ	0.283839160515	0.3324688843	0.0160764785692	0.367615476615
-gad	0.0	1.0	0.0	0.0
-tra	0.0	1.0	0.0	0.0
-gaa	0.0909090909091	0.672727272727	0.0181818181818	0.218181818182
-ada	0.0753138075314	0.748953974895	0.175732217573	0.0
-gao	0.429390478876	0.441280135345	0.0785751210113	0.0507542647681
-ado	0.0	1.0	0.0	0.0
-tro	0.0256276150628	0.43135460251	0.0258891213389	0.517128661088
-gai	0.0	1.0	0.0	0.0
-adi	0.0	1.0	0.0	0.0
-gau	0.0	1.0	0.0	0.0
-gar	0.0646876384581	0.87815684537	0.0372175454143	0.0199379707576
-hia	0.0504586447407	0.755799818667	0.175196346382	0.0185451902099
-ana	0.163806833722	0.751777063248	0.0497207293556	0.0346953736749
-pɨi	0.621237458194	0.280936454849	0.0652173913043	0.0326086956522
-seo	0.0088126118267	0.982308014136	0.00400573264851	0.004873641389
-ini	0.449143656064	0.24938832576	0.290982174065	0.0104858441105
-sem	0.0	1.0	0.0	0.0
-tɨa	0.222981588208	0.603610955271	0.129035548529	0.0443719079921
-ino	0.146607622964	0.841056460541	0.0075913332279	0.00474458326744
-ina	0.0259365994236	0.861671469741	0.103746397695	0.00864553314121
-uis	0.0	1.0	0.0	0.0
-ine	0.331491712707	0.569060773481	0.0828729281768	0.0165745856353
-sea	0.0207532667179	0.907763259031	0.0161414296695	0.0553420445811
-món	0.0128658951668	0.982096664398	0.000544588155209	0.00449285228046
-eré	0.0787829470846	0.0798384657004	0.010313101545	0.83106548567
-uim	0.0	1.0	0.0	0.0
-feo	0.00829875518674	0.991701244813	0.0	0.0
-uia	0.0710497029906	0.401745830732	0.00779533898097	0.519409127296
-set	0.0	1.0	0.0	0.0
-dúa	0.666760311	0.163320779931	0.0610080179797	0.108910891089
-ser	0.0	1.0	0.0	0.0
-blo	0.0467161016949	0.847730482794	0.00301746276322	0.102535952748
-eda	0.0218181818182	0.629090909091	0.349090909091	0.0
-dón	0.0084388185654	0.950773558368	0.0267229254571	0.014064697609
-són	0.0636098595282	0.931619401007	0.00159024648821	0.00318049297641
-ñae	0.0537704918033	0.792786885246	0.0924590163934	0.0609836065574
-yai	0.509396853147	0.452250874126	0.0265515734266	0.0118006993007
-iao	0.0843809929683	0.831238014063	0.0843809929683	0.0
-edo	0.0	1.0	0.0	0.0
-rso	0.00806451612903	0.991935483871	0.0	0.0
-neo	0.0	0.900900900901	0.0	0.0990990990991
-aoa	0.258278145695	0.701986754967	0.0	0.0397350993378
-ate	0.0651583710407	0.262745098039	0.465158371041	0.206938159879
-opɨ	0.861003861004	0.108108108108	0.015444015444	0.015444015444
-cos	0.0958083832335	0.888223552894	0.0159680638723	0.0
-ias	0.0167949615115	0.969209237229	0.0125962211337	0.00139958012596
-cha	0.239995600471	0.121818682122	0.0390480401967	0.599137677211
-ooz	0.0327868852459	0.967213114754	0.0	0.0
-ban	0.151687270297	0.656665552957	0.0120280654861	0.17961911126
-peo	0.679484126393	0.124495810201	0.00870704154077	0.187313021864
-ɨtɨ	0.203978772445	0.578724823635	0.15668127063	0.0606151332899
-jou	0.678695335277	0.173790087464	0.0223760932945	0.125138483965
-bae	0.162741179382	0.445513000636	0.0470602688337	0.344685551149
-ñúa	0.037037037037	0.925925925926	0.037037037037	0.0
-joo	0.316176470588	0.683823529412	0.0	0.0
-vɨa	0.0343137254902	0.622549019608	0.343137254902	0.0
-hoz	0.0027397260274	0.991780821918	0.0	0.00547945205479
-vɨi	0.814814814815	0.0	0.185185185185	0.0
-bas	0.0	1.0	0.0	0.0
-job	0.027397260274	0.835616438356	0.0821917808219	0.0547945205479
-ase	0.446260459069	0.385122159583	0.0143618218049	0.154255559543
-que	0.364611335199	0.364281166959	0.0397341883517	0.23137330949
-mbu	0.357002069577	0.602076744582	0.0296325828503	0.0112886029906
-asa	0.284404040632	0.399359875551	0.12581064741	0.190425436407
-qui	0.462781904512	0.315625996631	0.0939585830228	0.127633515833
-vea	0.367924528302	0.490566037736	0.103773584906	0.0377358490566
-yei	0.107843137255	0.303921568627	0.0588235294118	0.529411764706
-mba	0.124408912752	0.821844838538	0.0308691279766	0.0228771207335
-asu	0.12482283034	0.525894940823	0.0716553513845	0.277626877453
-mbe	0.0075187969925	0.0451127819549	0.93984962406	0.00751879699248
-güɨ	0.057194483369	0.726159746294	0.0258131130614	0.190832657276
-mbi	0.120107614926	0.727968183413	0.118048894608	0.0338753070534
-lta	0.0384615384615	0.961538461538	0.0	0.0
-yee	0.274405619597	0.315201729107	0.0558357348703	0.354556916427
-zor	0.0	1.0	0.0	0.0
-mbo	0.607694366896	0.210459988769	0.04242530418	0.139420340155
-ove	0.321237894095	0.476555880271	0.0618046794867	0.140401546147
-dia	0.0141509433963	0.891509433962	0.00943396226417	0.0849056603775
-utɨ	0.0470085470085	0.17094017094	0.042735042735	0.739316239316
-mán	0.029920212766	0.640957446809	0.329122340426	0.0
-ras	0.101063829787	0.898936170213	0.0	0.0
-eri	0.205590118582	0.159027444053	0.0450690322497	0.590313405115
-ram	0.0	1.0	0.0	0.0
-uía	0.0144329896907	0.977319587629	0.0	0.00824742268041
-isa	0.171188589135	0.749939181316	0.0573616214901	0.0215106080588
-ero	0.0772370545875	0.688916773637	0.0151753020531	0.218670869723
-teɨ	0.465270743736	0.263362834797	0.141225113329	0.130141308138
-era	0.162950080706	0.0659887836381	0.00970853035774	0.761352605298
-uío	0.0875912408759	0.868613138686	0.043795620438	0.0
-rae	0.460369143576	0.224911092136	0.117836935001	0.196882829288
-rac	0.0	1.0	0.0	0.0
-raa	0.0871885716124	0.0535675467031	0.015039627006	0.844204254678
-rɨe	0.164971815426	0.75254227686	0.0777271053451	0.00475880236807
-aén	0.025974025974	0.922077922078	0.0519480519481	0.0
-jiɨ	0.0	0.969696969697	0.030303030303	0.0
-pos	0.0388692579506	0.911660777385	0.0353356890459	0.0141342756184
-arɨ	0.316239316239	0.675213675214	0.0	0.008547008547
-pou	0.593839145316	0.189881183862	0.11398523192	0.102294438902
-nás	0.0510740174237	0.928576178759	0.0111724413114	0.00917736250582
-poo	0.437768240343	0.545064377682	0.0	0.0171673819743
-poa	0.25477326969	0.682577565633	0.0232696897375	0.0393794749403
-aza	0.00356718192628	0.963139120095	0.0178359096314	0.0154577883472
-poe	0.475326620621	0.252059582258	0.199217774819	0.0733960223017
-lac	0.0412067696836	0.958793230316	0.0	0.0
-aat	0.0	1.0	0.0	0.0
-nor	0.0	1.0	0.0	0.0
-lao	0.318181818182	0.590909090909	0.0	0.0909090909091
-ayɨ	0.146478363208	0.660329531052	0.0986782545718	0.0945138511678
-aam	0.111550632911	0.864715189873	0.0237341772152	0.0
-noi	0.465946014985	0.128221737929	0.0297045287261	0.37612771836
-fos	0.05	0.95	0.0	0.0
-eón	0.250526315789	0.703157894737	0.0105263157895	0.0357894736842
-las	0.0444624090542	0.917946645109	0.0121261115602	0.0254648342765
-noa	0.489614243324	0.13649851632	0.231454005935	0.142433234421
-icó	0.05444646098	0.907441016334	0.032667876588	0.005444646098
-noc	0.068783068783	0.910052910053	0.010582010582	0.010582010582
-aaa	0.0574043261231	0.885191347754	0.0574043261231	0.0
-noe	0.732880292734	0.150026136958	0.0501829587036	0.0669106116048
-aac	0.0197682106157	0.948050981405	0.00367780662619	0.0285030013529
-boe	0.232044864351	0.676972960383	0.0339728591613	0.0570093161053
-boa	0.431667526694	0.509089826539	0.021732227206	0.037510419561
-bou	0.696839927613	0.110378633219	0.00763623490801	0.18514520426
-fán	0.0	0.962264150943	0.0377358490566	0.0
-boi	0.248412598293	0.642046171313	0.0397376056516	0.0698036247424
-fás	0.00240384615385	0.997596153846	0.0	0.0
-doc	0.0	1.0	0.0	0.0
-tía	0.568265941183	0.328101866967	0.0177264195496	0.0859057722996
-ges	0.0199335548173	0.960132890365	0.0199335548173	0.0
-doo	0.63768115942	0.333333333333	0.0289855072464	0.0
-reu	0.29044834308	0.477582846004	0.220272904483	0.0116959064327
-sas	0.0	1.0	0.0	0.0
-sar	0.0584218512898	0.924886191199	0.0166919575114	0.0
-toe	0.322508398656	0.213885778275	0.0	0.463605823068
-mia	0.071964017991	0.928035982009	0.0	0.0
-toa	0.159090909091	0.784090909091	0.0113636363636	0.0454545454545
-otɨ	0.220693954079	0.214357481391	0.0349361692152	0.530012395315
-mpa	0.0565741908074	0.71295404397	0.00974434910955	0.220727416113
-lfa	0.0297984224364	0.959684487292	0.0	0.0105170902717
-oli	0.0	1.0	0.0	0.0
-saa	0.0764331210191	0.515923566879	0.331210191083	0.0764331210191
-tou	0.552368245497	0.134089392929	0.0880587058039	0.22548365577
-tor	0.0808510638298	0.91914893617	0.0	0.0
-tos	0.0674364896074	0.164742109315	0.0803695150116	0.687451886066
-sae	0.730412245344	0.230710973855	0.0141370112002	0.0247397696004
-ger	0.0285714285714	0.885714285714	0.0285714285714	0.0571428571429
-voi	0.184848484848	0.124815724816	0.0372645372645	0.653071253071
-sam	0.0	1.0	0.0	0.0
-rou	0.417910447761	0.567164179104	0.0149253731343	0.0
-iel	0.106298358522	0.857256489985	0.0303709595778	0.00607419191554
-loi	0.0	0.980769230769	0.0192307692308	0.0
-naí	0.0439932318105	0.947546531303	0.00846023688663	0.0
-loc	0.0	1.0	0.0	0.0
-oce	0.00285487708168	0.0323552735924	0.00126883425852	0.963521015067
-roe	0.156098102936	0.126794989306	0.0236091436825	0.693497764075
-iez	0.00340307537182	0.0344088732039	0.00151247794303	0.960675573481
-oca	0.160551630728	0.726117806406	0.0470609964446	0.066269566422
-roa	0.401755241346	0.528035104827	0.0526572403705	0.0175524134569
-rom	0.0	1.0	0.0	0.0
-oco	0.210191931061	0.130424990208	0.0135330983157	0.645849980415
-roi	0.148422158286	0.098643649815	0.0685025345938	0.684431657305
-ipo	0.111086337823	0.780915970464	0.0254436240114	0.0825540677011
-ión	0.0996884735202	0.881619937695	0.018691588785	0.0
-ipa	0.0160599571735	0.979122055675	0.0	0.00481798715204
-ida	0.0906176533447	0.872836076085	0.0314169694379	0.00512930113272
-ipe	0.0707339421332	0.794457460874	0.122049626418	0.0127589705747
-noé	0.00947119179162	0.984214680347	0.0	0.00631412786108
-rdo	0.0340909090909	0.765909090909	0.2	0.0
-ɨpɨ	0.500849523789	0.199022982919	0.0633630127298	0.236764480562
-ipu	0.275167785235	0.644295302013	0.0671140939597	0.0134228187919
-oño	0.399858956277	0.393864598025	0.0634696755995	0.142806770099
-beɨ	0.0732844770153	0.542860315345	0.00999333777481	0.373861869864
-ñɨi	0.416058394161	0.262773722628	0.262773722628	0.0583941605839
-oña	0.253293855194	0.650921917319	0.0280960428147	0.0676881846723
-reɨ	0.46920440396	0.22137459923	0.125967932059	0.183453064751
-saú	0.11673151751	0.762645914397	0.0544747081712	0.0661478599221
-sto	0.0176412192401	0.868566658033	0.00356052376738	0.110231598959
-toi	0.387202380952	0.542261904762	0.000892857142855	0.0696428571429
-evɨ	0.260944657205	0.329804009912	0.20500112638	0.204250206503
-sta	0.0223511255388	0.861103719866	0.116545154595	0.0
-saí	0.0	1.0	0.0	0.0
-avɨ	0.337943271843	0.373292178781	0.204471265563	0.0842932838124
-rpo	0.0	1.0	0.0	0.0
-ɨpe	0.245101053619	0.159188251864	0.0805109766479	0.515199717869
-loé	0.0454545454545	0.9	0.0	0.0545454545454
-ɨai	0.0693641618497	0.722543352601	0.0	0.208092485549
-cue	0.359301760536	0.0830785462673	0.11379622329	0.443823469907
-ián	0.051948051948	0.87012987013	0.0779220779221	0.0
-eyu	0.691521496549	0.186656431907	0.0438531027669	0.0779689687769
-ucu	0.138148193319	0.727362433892	0.108545009036	0.0259443637533
-píe	0.301746757628	0.0557762950746	0.00832146337806	0.634155483919
-uco	0.0518292682927	0.862804878049	0.079268292683	0.0060975609756
-ɨau	0.127434086788	0.0645335675913	0.749907085178	0.0581252604431
-púa	0.590420796632	0.0899361231477	0.00548086800528	0.314162212215
-uca	0.53490656207	0.301667236614	0.0712845965743	0.0921416047415
-eye	0.200563895451	0.756762935305	0.0286519850644	0.0140211841804
-ion	0.0728196443692	0.913632514818	0.00508044030483	0.00846740050805
-llo	0.117955439056	0.858453473132	0.0	0.0235910878112
-leg	0.0	1.0	0.0	0.0
-ɨrɨ	0.239905464587	0.421298410178	0.0625579041112	0.276238221123
-oia	0.292846044068	0.190144189428	0.0558413463714	0.461168420132
-ola	0.135399673736	0.864600326264	0.0	0.0
-les	0.02	0.98	0.0	0.0
-jaɨ	0.158261072442	0.148812069837	0.15398374616	0.53894311156
-eel	0.0	1.0	0.0	0.0
-rra	0.0351796407186	0.931137724551	0.0291916167665	0.00449101796407
-rre	0.663455708993	0.328056584709	0.00848770629841	0.0
-sɨi	0.886421620604	0.0596571478201	0.0278653344383	0.0260558971371
-gúa	0.0	1.0	0.0	0.0
-rro	0.246056782334	0.723659305994	0.00757097791797	0.0227129337539
-gúe	0.284332688588	0.460348162476	0.15087040619	0.104448742747
-gio	0.031914893617	0.968085106383	0.0	0.0
-udá	0.0598694392403	0.937198180062	0.00293238069749	0.0
-dos	0.0867469879518	0.118072289157	0.0289156626506	0.766265060241
-ndo	0.541288612493	0.368278734847	0.0346708316279	0.0557618210327
-nda	0.322291338267	0.534572760051	0.0959665511539	0.0471693505272
-nde	0.146797533728	0.161643317569	0.0449888843147	0.646570264388
-gia	0.00617283950617	0.925925925926	0.0555555555556	0.0123456790123
-ala	0.0491803278688	0.950819672131	0.0	0.0
-uve	0.157068062827	0.748691099476	0.0471204188482	0.0471204188482
-uva	0.0530835302965	0.930849854534	0.0	0.0160666151697
-emi	0.686701962006	0.124571784491	0.0971659919028	0.0915602616007
-uña	0.0155012010332	0.540320208514	0.00605039314155	0.438128197311
-ɨso	0.829166666667	0.145833333333	0.025	0.0
-yoo	0.580777817062	0.36851704487	0.0244783425154	0.0262267955522
-güi	0.0858071339776	0.0323142905645	0.0155143533457	0.866364222112
-abí	0.0237154150198	0.898023715415	0.0	0.0782608695652
-yoa	0.157091440759	0.675822222342	0.123504521149	0.0435818157498
-ɨse	0.281607733401	0.478249809209	0.208598321038	0.0315441363521
-abé	0.039854726178	0.949058587403	0.0101309375896	0.000955748829209
-yoe	0.526175738995	0.237389367733	0.0965320761265	0.139902817146
-ɨsa	0.136292302383	0.647645653037	0.164781496024	0.0512805485554
-chi	0.138482004066	0.354952618677	0.417968282913	0.0885970943441
-pea	0.588134593938	0.24032845808	0.142947456652	0.0285894913304
-cho	0.211792429871	0.378936411709	0.141898250688	0.267372907731
-iyu	0.0192307692308	0.259615384615	0.721153846154	0.0
-tué	0.846153846154	0.153846153846	0.0	0.0
-ien	0.0543166362502	0.650836816508	0.012495750875	0.282350796367
-pei	0.352060725702	0.111973961156	0.0276288582069	0.508336454935
-peu	0.722125334263	0.211603301942	0.0118590861528	0.0544122776422
-oré	0.106741573034	0.792134831461	0.0	0.101123595506
-elo	0.0	1.0	0.0	0.0
-ogo	0.0	1.0	0.0	0.0
-iye	0.84347826087	0.104347826087	0.0521739130435	0.0
-ela	0.069971924845	0.891154783574	0.0336901860365	0.00518310554407
-iya	0.103203054887	0.671732714259	0.0361649524505	0.188899278403
-atɨ	0.318382117145	0.479053521035	0.0190879550003	0.183476406819
-rɨa	0.120805369127	0.765100671141	0.107382550336	0.00671140939597
-eía	0.145038167939	0.564885496183	0.0610687022901	0.229007633588
-rɨi	0.597755278236	0.263323130053	0.0635742877325	0.0753473039793
-itu	0.0357656409318	0.894733979973	0.0587999686266	0.0107004104682
-ito	0.0584775323166	0.89193625607	0.0266739621093	0.0229122495042
-tes	0.0173913043478	0.939130434783	0.0434782608695	0.0
-eso	0.0145886968248	0.967389971803	0.0111560622778	0.00686526909403
-lás	0.0	0.972602739726	0.0273972602739	0.0
-esa	0.0697539091009	0.546967336042	0.354035656736	0.0292430981216
-ite	0.0779832515726	0.813451829571	0.100919502035	0.00764541682083
-ese	0.0674755967842	0.080557274565	0.0090754905095	0.842891638141
-ita	0.307574958662	0.346348029068	0.0686874193642	0.277389592906
-spe	0.0444444444444	0.911111111111	0.0355555555556	0.00888888888888
-fté	0.0	1.0	0.0	0.0
-spo	0.0	0.978021978022	0.021978021978	0.0
-fas	0.0694006309148	0.89905362776	0.0252365930599	0.00630914826498
-bra	0.0311688311688	0.844155844156	0.124675324675	0.0
-alí	0.0	1.0	0.0	0.0
-bre	0.0	0.945701357466	0.0542986425339	0.0
-sɨa	0.696846090869	0.178618755454	0.0266205365353	0.0979146171414
-bro	0.0291274648795	0.956953215621	0.0123727284444	0.00154659105555
-ñoi	0.488668165226	0.3548053131	0.0728093750644	0.0837171466096
-hum	0.0	1.0	0.0	0.0
-rɨu	0.656934306569	0.116788321168	0.211678832117	0.014598540146
-gua	0.0676047597024	0.275528571825	0.0784279807417	0.578438687731
-nja	0.271551724138	0.663793103448	0.0646551724138	0.0
-njo	0.0	0.969696969697	0.030303030303	0.0
-huu	0.471571906354	0.418060200669	0.0401337792642	0.0702341137124
-abo	0.123076923077	0.807692307692	0.0	0.0692307692308
-lot	0.0206923733824	0.979307626618	0.0	0.0
-aea	0.366939146231	0.415077202543	0.0626702997275	0.155313351499
-tua	0.116883116883	0.688311688312	0.136363636364	0.0584415584416
-nco	0.0145954078107	0.0537310602753	0.0635711095753	0.868102422339
-nce	0.0358716173694	0.258967904342	0.0424795468848	0.662680931404
-ael	0.0457321283089	0.862918398487	0.0282729670391	0.0630765061655
-aeo	0.573811509591	0.370586599944	0.0241868223519	0.0314150681123
-los	0.0427631578947	0.927631578947	0.0140977443609	0.015507518797
-soo	0.270001106562	0.683707720114	0.0307993065545	0.0154918667699
-vaa	0.341137123746	0.628762541806	0.0100334448161	0.0200668896321
-aeu	0.0350584307178	0.91652754591	0.0383973288814	0.0100166944908
-oro	0.205530029158	0.594244777186	0.188256967218	0.0119682264382
-elí	0.0126050420168	0.96218487395	0.0	0.0252100840336
-vai	0.182966306176	0.339816408873	0.102696702406	0.374520582546
-soa	0.139896373057	0.839378238342	0.0	0.020725388601
-ore	0.0402931276817	0.0147101894711	0.00454807790411	0.940448604943
-lix	0.0844414893617	0.86170212766	0.00398936170213	0.0498670212766
-jee	0.481155861259	0.35459875945	0.0191074564154	0.145137922876
-icu	0.210790464241	0.61104140527	0.0376411543287	0.140526976161
-gre	0.0622950819672	0.586885245902	0.337704918033	0.0131147540984
-íso	0.0296052631579	0.825657894737	0.0394736842105	0.105263157895
-rut	0.0	1.0	0.0	0.0
-ruu	0.135338345865	0.601503759398	0.0	0.263157894737
-ɨve	0.296296296296	0.444444444444	0.037037037037	0.222222222222
-lim	0.0	0.911764705882	0.0882352941176	0.0
-omi	0.593955121861	0.365728036755	0.0264144822861	0.013902359098
-guɨ	0.367409423371	0.409763565232	0.161592107501	0.0612349038952
-ɨva	0.0677770024606	0.881541738588	0.0325021117191	0.0181791472327
-sué	0.0855704697986	0.874161073826	0.010067114094	0.0302013422819
-jeu	0.723577235772	0.237398373984	0.00975609756097	0.0292682926829
-oma	0.305779407961	0.667447279821	0.0183185820438	0.00845473017404
-oyɨ	0.374871266735	0.594232749743	0.0123583934089	0.0185375901133
-rug	0.0	1.0	0.0	0.0
-ica	0.0834783554492	0.846367195997	0.0163149880357	0.0538394605177
-eas	0.0338983050847	0.932203389831	0.0225988700565	0.0112994350282
-tɨo	0.501606425703	0.29156626506	0.148192771084	0.0586345381526
-epɨ	0.413329807179	0.372964142504	0.0955856646848	0.118120385633
-eaa	0.575971731449	0.424028268551	0.0	0.0
-iza	0.741202178211	0.162796989352	0.0504040789428	0.0455967534945
-rna	0.0	1.0	0.0	0.0
-odo	0.0	0.564705882353	0.176470588235	0.258823529412
-zer	0.0	1.0	0.0	0.0
-uri	0.177391304348	0.17652173913	0.0182608695652	0.627826086957
-ber	0.0	1.0	0.0	0.0
-ura	0.262623654932	0.653245537364	0.0354539454862	0.0486768622176
-ure	0.633559269509	0.254749366959	0.021471490872	0.09021987266
-sda	0.0	1.0	0.0	0.0
-uru	0.359220817479	0.557040742671	0.0536609594141	0.0300774804359
-pai	0.327202227083	0.614336846292	0.046132431895	0.0123284947306
-apa	0.242555161241	0.517667026693	0.0191328498689	0.220644962197
-pao	0.0353313480949	0.937838448762	0.00265353657458	0.0241766665684
-paa	0.130346462025	0.818869202122	0.027084979122	0.0236993567317
-api	0.602465098384	0.327456853908	0.0210234143124	0.0490546333956
-apo	0.486735481175	0.181227847386	0.0258819502444	0.306154721194
-dua	0.275862068966	0.413793103448	0.103448275862	0.206896551724
-ueɨ	0.143770753905	0.757225433526	0.0249661788218	0.0740376337474
-apu	0.261292634173	0.54561180745	0.140331644519	0.0527639138579
-pas	0.0582781456953	0.924238410596	0.0	0.0174834437086
-das	0.0503345498783	0.929440389294	0.00182481751825	0.018400243309
-pau	0.106236289564	0.313694766531	0.0225634597305	0.557505484174
-fat	0.0	1.0	0.0	0.0
-suu	0.65306122449	0.232653061224	0.0163265306122	0.0979591836734
-sus	0.365384615385	0.0769230769231	0.346153846154	0.211538461538
-uɨo	0.479452054795	0.212328767123	0.308219178082	0.0
-omé	0.0	0.993377483444	0.0	0.0066225165563
-oru	0.414155801468	0.376465432234	0.103538950367	0.105839815931
-pia	0.597420707846	0.279708883748	0.0600636715456	0.0628067368603
-uɨa	0.300929776979	0.0644420919503	0.595546341853	0.039081789218
-año	0.120466332921	0.61331494118	0.0750850060707	0.191133719829
-zín	0.0	0.692548202189	0.286607608129	0.0208441896821
-fes	0.462643678161	0.494252873563	0.0258620689655	0.0172413793103
-dio	0.0250896057348	0.845878136201	0.0215053763441	0.10752688172
-aña	0.0810997510621	0.741565631933	0.123527993284	0.0538066237205
-sor	0.0458015267176	0.954198473282	0.0	0.0
-ori	0.063829787234	0.776595744681	0.159574468085	0.0
-daɨ	0.0	1.0	0.0	0.0
-dis	0.0	1.0	0.0	0.0
-anɨ	0.566666666667	0.0333333333333	0.366666666667	0.0333333333333
-soi	0.581527936146	0.259582902631	0.120525581048	0.0383635801746
-ice	0.0165289256198	0.867768595041	0.0716253443526	0.0440771349862
-lem	0.109375	0.890625	0.0	0.0
-sli	0.0	1.0	0.0	0.0
-tuu	0.154394543991	0.77574271635	0.0373586251352	0.0325041145244
-ovo	0.492537313433	0.417910447761	0.0298507462687	0.0597014925373
-vee	0.383830286423	0.583213734414	0.0170496242124	0.0159063549503
-taɨ	0.00874586388114	0.969739830014	0.00147927074547	0.0200350353598
-sús	0.00714158158471	0.590714288072	0.00411464482383	0.398029485519
-ovi	0.757498404595	0.153158902361	0.0893426930441	0.0
-vae	0.0793861551957	0.0523573967768	0.00105213495348	0.867204313074
-ova	0.598451614248	0.323868466173	0.0221363445146	0.055543575064
-nno	0.0	1.0	0.0	0.0
-nna	0.0246809939557	0.909670920081	0.0364338482202	0.0292142377434
-ovu	0.0139778683751	0.884100174723	0.0984274898079	0.00349446709377
-ora	0.219070302455	0.559599159632	0.179818121775	0.0415124161381
-sño	0.0	0.375	0.0	0.625
-nga	0.273863435803	0.40999082312	0.0814609083626	0.234684832715
-aia	0.0510950674364	0.918530338782	0.00782516211758	0.0225494316642
-tia	0.811320754717	0.11320754717	0.0	0.0754716981132
-ono	0.508825052048	0.190574400472	0.101736411344	0.198864136137
-lón	0.00389711613406	0.996102883866	0.0	0.0
-ɨye	0.27483575548	0.138568920206	0.0841297257014	0.502465598613
-mpo	0.44267877412	0.233825198638	0.0510783200907	0.272417707151
-ngo	0.0922626370755	0.836025589967	0.0228807991538	0.0488309738038
-eme	0.0361830436325	0.894998226321	0.012770485988	0.0560482440581
-aye	0.113794780353	0.701086075539	0.16923326309	0.015885881018
-jau	0.603132015551	0.264907189399	0.0344959754695	0.0974648195805
-ema	0.15652173913	0.517391304348	0.0913043478261	0.234782608696
-emo	0.0690607734807	0.82320441989	0.0313075506445	0.0764272559852
-ɨru	0.132892746662	0.815023667875	0.018422578264	0.0336610071984
-ɨri	0.354850414026	0.157790014471	0.0602388114299	0.427120760074
-jae	0.130128384219	0.0147671166389	0.00197979222653	0.853124706916
-ɨro	0.540339066033	0.272601557095	0.137806367162	0.0492530097096
-jaa	0.368800164535	0.536117419926	0.0404251213329	0.0546572942061
-ɨra	0.142278673694	0.761227831345	0.0282916301555	0.0682018648064
-oni	0.0520231213873	0.774566473988	0.0	0.173410404624
-ɨre	0.0315789473684	0.684210526316	0.266666666667	0.0175438596491
-osé	0.0504982037552	0.942181251271	0.000813393885991	0.00650715108791
-jai	0.00427488167738	0.995725118323	0.0	0.0
-yúe	0.193158893439	0.298671726755	0.469160091881	0.0390092879257
-eti	0.171436321045	0.0346534066921	0.0165157852261	0.777394487037
-cio	0.0311004784689	0.938596491228	0.0207336523126	0.00956937799044
-cúa	0.477104874446	0.469719350074	0.0443131462333	0.00886262924667
-cia	0.00927595980417	0.940479257923	0.0425148157692	0.00772996650347
-cúi	0.222665148064	0.693621867882	0.0820045558086	0.00170842824601
-ndɨ	0.156527685981	0.394235609519	0.0603653400168	0.388871364483
-zar	0.0	1.0	0.0	0.0
-bíu	0.16360927851	0.672217273054	0.0355861030181	0.128587345418
-cis	0.0769230769231	0.884615384615	0.0384615384615	0.0
-jei	0.503298188572	0.0464358937781	0.000557853655406	0.449708063994
-etu	0.3300330033	0.553355335534	0.0902090209021	0.026402640264
-uvɨ	0.943714821764	0.0562851782364	0.0	0.0
-rca	0.136520020496	0.639484664373	0.00658809750383	0.217407217627
-eta	0.140421848075	0.0880209339144	0.0533241383153	0.718233079696
-rce	0.00383631713555	0.042199488491	0.194373401534	0.759590792839
-ɨsɨ	0.163793103448	0.75	0.0344827586207	0.051724137931
-ete	0.100298985872	0.306853391555	0.106469583331	0.486378039242
-ñai	0.0616781402774	0.118627157538	0.0637533672554	0.75594133493
-lis	0.0175054704595	0.846827133479	0.00437636761488	0.131291028446
-eto	0.00753768844223	0.977386934673	0.0075376884422	0.00753768844221
-rco	0.0396570203644	0.934619506967	0.0128617363344	0.0128617363344
-chɨ	0.127194827838	0.632939466827	0.185608951848	0.0542567534877
-ico	0.437743151456	0.184249470407	0.0268055985082	0.351201779628
-atu	0.222147906345	0.412666702705	0.222854206605	0.142331184346
-ías	0.0327029435478	0.905936602685	0.0192936051035	0.042066848664
-peɨ	0.333333333333	0.0958333333333	0.5125	0.0583333333333
-bue	0.0905688485134	0.0703246172352	0.00776135271696	0.831345181534
-ebú	0.0880444856348	0.906394810009	0.00556070435589	0.0
-lio	0.0754352030948	0.885106382979	0.00696324951644	0.0324951644101
-ata	0.448957311301	0.308614141134	0.112177157988	0.130251389577
-amá	0.0817120622568	0.918287937743	0.0	0.0
-ato	0.0462312511866	0.872887791912	0.0387317258401	0.0421492310613
-üɨu	0.693333333333	0.306666666667	0.0	0.0
-ati	0.0958262292928	0.863105386725	0.0172222255411	0.0238461584415
-ose	0.424377251127	0.376373376918	0.106086745967	0.0931626259874
-acu	0.332235231885	0.413446728069	0.0908483743502	0.163469665695
-osa	0.552825923135	0.330067822155	0.0601356443105	0.0569706103994
-ulo	0.050008225037	0.858200361902	0.00937654219444	0.0824148708669
-pee	0.555673947789	0.185402237613	0.0383590836441	0.220564730954
-oso	0.0	0.85	0.15	0.0
-hɨi	0.102251322989	0.429838795163	0.439827461085	0.0280824207634
-nes	0.0342679127726	0.844236760124	0.0373831775701	0.0841121495327
-lén	0.00576547067966	0.988176607229	0.000501345276492	0.00555657681445
-nia	0.0217641424418	0.916740819669	0.0299256958574	0.0315693420314
-aca	0.457530970735	0.461841894647	0.0408176885074	0.0398094461104
-ave	0.074226264641	0.0276471030529	0.00410651548496	0.894020116821
-nio	0.00804289544236	0.986595174263	0.0	0.00536193029491
-aja	0.610352822524	0.0620714204379	0.00711584735855	0.32045990968
-nós	0.0	1.0	0.0	0.0
-nón	0.0188679245283	0.981132075472	0.0	0.0
-ría	0.0195691858342	0.6857977364	0.0192771084337	0.275355969332
-uño	0.532577903683	0.195467422096	0.237960339943	0.0339943342776
-fia	0.0	1.0	0.0	0.0
-yui	0.754098360656	0.233606557377	0.0122950819672	0.0
-lda	0.0363636363636	0.672727272727	0.290909090909	0.0
-via	0.315678270112	0.476810345207	0.0693507673094	0.138160617372
-vid	0.0121111195216	0.946559685111	0.00337381186673	0.0379553835007
-fre	0.029484029484	0.965601965602	0.004914004914	0.0
-lia	0.0232558139535	0.962432915921	0.0035778175313	0.0107334525939
-ila	0.0406504065041	0.944715447154	0.00487804878048	0.00975609756098
-ilo	0.153846153846	0.708717948718	0.0820512820513	0.0553846153846
-yuu	0.0296069423175	0.887697805003	0.08269525268	0.0
-ojo	0.696467369248	0.0198665058394	0.00302093774362	0.280645187169
-oam	0.0	1.0	0.0	0.0
-bué	0.0956546611685	0.601327676209	0.186220294139	0.116797368484
-mín	0.00990099009903	0.980198019802	0.0	0.00990099009903
-oai	0.528408114485	0.277088981946	0.0807065989911	0.113796304577
-igo	0.0541147453478	0.938154576745	0.00237867012518	0.00535200778166
-ebe	0.0	1.0	0.0	0.0
-oaa	0.0462160600809	0.664933564414	0.0779896013864	0.210860774119
-lmo	0.0347682119205	0.950331125828	0.0149006622517	0.0
-ami	0.0883912187611	0.0522341991341	0.0434343471682	0.815940234937
-orɨ	0.372586603992	0.281742531998	0.0661624948113	0.279508369199
-amo	0.29791190769	0.370321560358	0.0922509225093	0.239515609442
-ama	0.123788055985	0.744006300223	0.0401073301392	0.092098313653
-mén	0.124712386626	0.108324066973	0.00151125821951	0.765452288182
-oas	0.025787965616	0.974212034384	0.0	0.0
-pɨa	0.109744058937	0.568660426299	0.0322269055893	0.289368609175
-iro	0.0829361296472	0.736256752463	0.169685414681	0.0111217032094
-usu	0.311662069408	0.470315607159	0.193565976009	0.0244563474245
-iri	0.682291666667	0.265625	0.0520833333334	0.0
-eia	0.00682593856654	0.911262798635	0.0204778156996	0.0614334470989
-ire	0.235671322206	0.37226769663	0.0392092182134	0.352851762951
