-કડી	0.353654371585	0.529030054645	0.0249316939891	0.0923838797815
-ુંષ	0.0703125	0.822265625	0.00641741071429	0.101004464286
-ુંર	0.394937386719	0.323055692865	0.0644669632559	0.217539957159
-કડે	0.576419213974	0.331004366812	0.061135371179	0.031441048035
-કડો	0.16381722823	0.659319703344	0.102002710255	0.0748603581703
-ૂલસ	0.176470588235	0.823529411765	0.0	0.0
-ૂલા	0.491452991453	0.145299145299	0.0811965811966	0.282051282051
-ુંડ	0.136340468909	0.806957186544	0.052879714577	0.00382262996942
-ુંબ	0.0150250417362	0.965943238731	0.00500834724541	0.0140233722871
-જુર	0.75	0.25	0.0	0.0
-ુંય	0.153182308522	0.497303128371	0.0733549083064	0.2761596548
-ુંન	0.565780504431	0.434219495569	0.0	0.0
-ૂલમ	0.472573839663	0.371308016878	0.139240506329	0.0168776371308
-ુંપ	0.32524472069	0.534624353231	0.0656059721241	0.0745249539554
-ુંક	0.396717704227	0.37315485468	0.0953516090584	0.134775832034
-જુઓ	0.651533616251	0.211834576247	0.00766646793949	0.128965339563
-ુંજ	0.189478695549	0.389431087836	0.13663413473	0.284456081885
-ૂલટ	0.0	0.0	1.0	0.0
-મજુ	0.265460030166	0.260180995475	0.322021116139	0.15233785822
-મજી	0.677885609737	0.0835255747355	0.129241905974	0.109346909554
-જું	0.231051434441	0.144422432558	0.251424658204	0.373101474796
-મજો	0.69512195122	0.168989547038	0.0731707317074	0.0627177700348
-જુએ	0.339816812216	0.339445261427	0.0267117528192	0.294026173538
-ોષી	0.370370370371	0.222222222222	0.333333333333	0.074074074074
-ેલ-	0.0	1.0	0.0	0.0
-મજલ	0.695652173913	0.130434782609	0.0	0.173913043478
-મજા	0.576005025126	0.405150753769	0.0	0.0188442211055
-મજણ	0.53276178812	0.368034292713	0.0440906307409	0.0551132884262
-કડક	0.14315245478	0.108527131783	0.478036175711	0.270284237726
-ગમત	0.428571428571	0.285714285714	0.285714285714	0.0
-ોષણ	0.675686196703	0.251305337127	0.0515353878843	0.0214730782851
-નબૂ	0.0	1.0	0.0	0.0
-ોષક	0.0	1.0	0.0	0.0
-નબો	0.0	1.0	0.0	0.0
-કડબ	0.0	1.0	0.0	0.0
-ૂલી	0.80860903593	0.0594094628246	0.034151547492	0.0978299537531
-ૂલે	0.0887096774194	0.862903225806	0.0	0.0483870967742
-ૂલો	0.397698209719	0.485933503836	0.0549872122762	0.0613810741688
-કડા	0.346815208648	0.578915255391	0.0255406549004	0.04872888106
-ધરા	0.0	0.930769230769	0.0692307692308	0.0
-બહુ	0.162702906757	0.108720271801	0.184220460551	0.544356360891
-ઉંડ	0.275862068966	0.413793103448	0.0	0.310344827586
-eck	0.0	1.0	0.0	0.0
-જુય	0.571072319202	0.304239401496	0.0548628428927	0.069825436409
-લિક	0.096650673556	0.7601033401	0.0209909577413	0.122255028603
-ળવો	0.509761579945	0.358883926524	0.0337010518756	0.0976534416551
-ળવે	0.382582842742	0.27954872118	0.055523833901	0.282344602178
-ળવી	0.501411464736	0.201725629468	0.0933387970678	0.203524108728
-ળવા	0.752559513605	0.163838817851	0.0213648708501	0.0622367976938
-જુક	0.111111111111	0.62962962963	0.222222222222	0.037037037037
-ળવત	0.0	0.705882352941	0.294117647059	0.0
-ીતે	0.0754374702748	0.146855606717	0.0110817633444	0.766625159663
-ુંઓ	0.178571428571	0.697521865889	0.0765306122449	0.0473760932944
-ધરે	0.51582867784	0.32278088144	0.0124146492862	0.148975791434
-ધરી	0.446389496718	0.466083150985	0.0262582056892	0.0612691466082
-ધરો	0.480600750939	0.474342928661	0.0300375469337	0.0150187734669
-આદમ	0.00905489530276	0.905489530277	0.0124504810413	0.0730050933786
-ડપો	0.320435308343	0.62515114873	0.0	0.0544135429262
-ડપે	0.525	0.25	0.0750000000001	0.15
-ડપી	0.155172413793	0.331896551724	0.155172413793	0.35775862069
-આદત	0.363636363636	0.324675324675	0.311688311688	0.0
-આદિ	0.0	0.583333333333	0.0833333333333	0.333333333333
-આદર	0.386229508197	0.524590163934	0.0137704918033	0.0754098360655
-ચડે	0.405063291139	0.372151898734	0.0303797468354	0.192405063291
-ચડી	0.539819563635	0.311678712684	0.066351833985	0.0821498896958
-ચડો	0.320754716981	0.465408805032	0.062893081761	0.150943396226
-ઢના	0.0978704123244	0.826008155868	0.0761214318079	0.0
-રઘી	0.437370832959	0.562629167041	0.0	0.0
-રઘો	0.0276679841897	0.97233201581	0.0	0.0
-મજે	0.632668628092	0.125967091642	0.0498528931023	0.191511387164
-રઘસ	0.0	1.0	0.0	0.0
-ઢની	0.0	0.82	0.18	0.0
-ઢને	0.2	0.6	0.2	0.0
-ચડા	0.0	0.0	1.0	0.0
-ઢનો	0.573529411765	0.404411764706	0.0220588235294	0.0
-ઈથી	0.147166139625	0.285210411092	0.325589880808	0.242033568475
-ોષે	0.063735473823	0.519348268839	0.380975200671	0.0359410566671
-ુંએ	0.174193548387	0.135483870968	0.154838709677	0.535483870968
-સળે	0.9	0.0999999999999	0.0	0.0
-આદી	0.0	0.444444444444	0.111111111111	0.444444444445
-સળી	0.0764693030369	0.899497487437	0.00655451168887	0.017478697837
-ડપણ	0.0196721311475	0.567213114754	0.314754098361	0.0983606557377
-ેહૂ	0.0	0.992805755396	0.0	0.00719424460433
-ાહલ	0.194444444444	0.680555555556	0.0833333333333	0.0416666666668
-ાહર	0.363636363636	0.0909090909091	0.272727272727	0.272727272727
-ાહહ	0.4	0.6	0.0	0.0
-ાહા	1.0	0.0	0.0	0.0
-ાહત	0.407284768212	0.37417218543	0.139072847682	0.0794701986755
-ાહથ	0.0	1.0	0.0	0.0
-ાહન	0.499651081647	0.384508025122	0.0990928122819	0.0167480809491
-ંડપ	0.0323220867593	0.914941876949	0.00340232492202	0.0493337113694
-ંડન	0.598984771573	0.218274111675	0.121827411168	0.0609137055836
-ાહક	0.202082180757	0.608358899563	0.126188200976	0.0633707187044
-ંડા	0.0975867223209	0.363432066172	0.488951654908	0.0500295565997
-ંડળ	0.237288135593	0.745762711864	0.0169491525424	0.0
-ંડો	0.0903343197955	0.536562166091	0.347293708457	0.0258098056558
-ંડે	0.465553726781	0.444157065601	0.0479661415471	0.042323066071
-ંડી	0.274602209716	0.331069583614	0.295193834931	0.0991343717388
-ંડુ	0.127872350232	0.396033315384	0.410623691065	0.0654706433188
-રની	0.150885594828	0.637987166031	0.0641099286933	0.147017310447
-ટશે	0.463601532567	0.275862068965	0.0651340996168	0.195402298851
-ાહૂ	0.0	1.0	0.0	0.0
-ાહી	0.248453649387	0.490801707969	0.203679316812	0.057065325831
-ાહુ	0.276923076923	0.446153846154	0.215384615385	0.0615384615384
-ાહે	0.683884853376	0.19612590799	0.0761366693571	0.0438525692763
-ાહો	0.322893906288	0.570041272153	0.0764748725419	0.0305899490167
-ઉડા	0.0	0.4	0.6	0.0
-ઁનો	0.0	1.0	0.0	0.0
-ોહક	0.48275862069	0.51724137931	0.0	0.0
-થ્ય	0.116415253277	0.783924880369	0.022731616502	0.0769282498513
-ઁને	0.425531914893	0.574468085107	0.0	0.0
-જાં	0.443632274389	0.28029238122	0.15912285634	0.116952488052
-યડો	0.0	0.75	0.0	0.25
-ઁના	0.255813953488	0.720930232558	0.0	0.0232558139535
-ાષી	0.41431670282	0.375271149675	0.151843817787	0.058568329718
-રદય	0.157041838539	0.786387743076	0.0159104301709	0.0406599882145
-રદમ	0.142857142857	0.857142857143	0.0	0.0
-રદન	0.0833333333333	0.904166666667	0.0125	0.0
-થરે	0.558617234469	0.306112224449	0.135270541082	0.0
-ઠવે	0.660162601626	0.339837398374	0.0	0.0
-ઠવી	0.591233920915	0.352548832777	0.0247737017627	0.031443544545
-થરી	0.560224089636	0.344537815126	0.0504201680673	0.0448179271709
-થર્	0.25	0.5	0.0	0.25
-થરો	0.0863164351751	0.913683564825	0.0	0.0
-ઠવો	0.5625	0.25	0.0	0.1875
-દ્ય	0.275401069519	0.5	0.112299465241	0.112299465241
-ભંગ	0.444390373385	0.357237657052	0.0913112723412	0.107060697222
-દ્દ	0.30612244898	0.43537414966	0.0816326530612	0.176870748299
-દ્ધ	0.140832889047	0.188499891397	0.301512548625	0.369154670932
-દ્વ	0.123583934088	0.0720906282183	0.747682801236	0.0566426364572
-દ્ર	0.0289672544081	0.935059823678	0.0196001259446	0.0163727959698
-બોજ	0.135783945986	0.781695423856	0.0780195048762	0.00450112528132
-બોક	0.0	1.0	0.0	0.0
-બોએ	0.24	0.6	0.16	0.0
-હપણ	0.173780487805	0.725609756098	0.0640243902439	0.0365853658536
-બોઆ	0.461538461538	0.538461538462	0.0	0.0
-ાઆથ	0.0	1.0	0.0	0.0
-ઠવણ	0.642315233143	0.217031796096	0.140652970761	0.0
-બોલ	0.634615384616	0.221153846154	0.0288461538462	0.115384615385
-બોળ	0.0770659238625	0.755803156918	0.0779944289693	0.0891364902506
-બોર	0.0179372197309	0.973094170404	0.0	0.00896860986547
-ાઆન	0.0	0.2	0.8	0.0
-ાઆય	0.0	1.0	0.0	0.0
-ાઆમ	0.0	1.0	0.0	0.0
-પૂણ	0.188524590164	0.565573770492	0.122950819672	0.122950819672
-બોન	0.0	1.0	0.0	0.0
-ાઆશ	0.0	1.0	0.0	0.0
-થરા	0.433962264151	0.452830188679	0.11320754717	0.0
-ાઆહ	0.0	1.0	0.0	0.0
-ાઆસ	0.0	1.0	0.0	0.0
-બોદ	0.0	1.0	0.0	0.0
-બોધ	0.555934063017	0.411265561818	0.0131130714848	0.01968730368
-બોથ	0.0	1.0	0.0	0.0
-ોહા	0.0	1.0	0.0	0.0
-ઠની	0.162162162162	0.756756756757	0.0	0.081081081081
-ઠને	0.100746268657	0.660447761194	0.216417910448	0.0223880597015
-ઠનો	0.206982543641	0.538653366584	0.216957605985	0.0374064837905
-છવા	0.661811272958	0.231792273591	0.0430652311589	0.0633312222926
-બઓન	0.0	1.0	0.0	0.0
-દના	0.0605125657901	0.910353523293	0.0166684178854	0.0124654930317
-થકી	0.0978052240674	0.0637569890679	0.00751064007345	0.830927146791
-ઘસો	0.5	0.5	0.0	0.0
-જિક	0.166666666667	0.666666666667	0.0	0.166666666667
-ઘસી	0.22131147541	0.225409836066	0.0737704918032	0.479508196721
-દને	0.0958212793314	0.825908068145	0.0416264866602	0.0366441658631
-એતો	0.142857142857	0.0	0.0	0.857142857143
-દની	0.194812744618	0.720497794891	0.0613020364573	0.0233874240336
-છવી	0.666666666667	0.333333333333	0.0	0.0
-છવો	0.701754385965	0.298245614035	0.0	0.0
-ઠના	0.173553719008	0.694214876033	0.107438016529	0.0247933884297
-દનો	0.113259822767	0.848939652321	0.0259878608769	0.0118126640349
-ેશમ	0.0	0.714285714286	0.285714285714	0.0
-ેશર	0.0	1.0	0.0	0.0
-ેશા	0.128497283621	0.122187963029	0.0269962354942	0.722318517856
-ૂયા	0.0	1.0	0.0	0.0
-ગતો	0.460776186888	0.253240391861	0.0687641296157	0.217219291635
-ગતી	0.342535354391	0.438563807266	0.1299856042	0.0889152341434
-ગતે	0.421900148776	0.484930235036	0.0140633382926	0.0791062778955
-લઉં	0.504225352113	0.304225352113	0.0225352112676	0.169014084507
-ગતા	0.38261569315	0.389248388684	0.0635167690425	0.164619149124
-ગતિ	0.455823957644	0.329913964262	0.137326273991	0.0769358041032
-276	0.0	0.230769230769	0.0	0.769230769231
-273	0.235294117647	0.0588235294117	0.0	0.705882352941
-ેશે	0.363581553867	0.0625579554561	0.0144835321347	0.559376958543
-ેશી	0.184148574418	0.576249019095	0.17054669108	0.0690557154067
-ેશુ	0.0691121743753	0.896331738437	0.0	0.0345560871877
-ેશો	0.465252196024	0.368305866626	0.0153624235928	0.151079513757
-હકએ	0.142857142857	0.857142857143	0.0	0.0
-017	0.0	0.0	0.0	1.0
-ફેક	0.0	1.0	0.0	0.0
-ીઘા	0.445930880713	0.217709826406	0.151616499443	0.184742793438
-ધેર	0.453781512605	0.478991596639	0.0336134453782	0.0336134453781
-હકો	0.0931677018634	0.864906832298	0.00931677018633	0.0326086956521
-ધેલ	0.434875328084	0.478510498688	0.0541338582677	0.0324803149606
-ધેષ	0.504672897196	0.397196261682	0.0280373831776	0.0700934579438
-હકે	0.0535714285714	0.803571428571	0.107142857143	0.0357142857143
-ધેય	0.0	1.0	0.0	0.0
-ીઘી	0.416468289491	0.340152203368	0.115732912486	0.127646594654
-ીઘે	0.597014925373	0.313432835821	0.089552238806	0.0
-ીઘો	0.544943820225	0.279494382023	0.0337078651685	0.141853932584
-ધેજ	0.2	0.8	0.0	0.0
-રઇઓ	0.0	1.0	0.0	0.0
-ખજો	0.470330519941	0.221699632755	0.0689388570325	0.239030990271
-ાઝર	0.0	1.0	0.0	0.0
-બકા	0.0	0.936170212766	0.0	0.063829787234
-દમન	0.201927105153	0.647255969837	0.125680770842	0.0251361541684
-દમય	0.0629921259843	0.811023622047	0.125984251969	0.0
-ખજે	0.507207883795	0.21473448977	0.0840767131317	0.193980913304
-દમા	0.0126582278481	0.696202531646	0.291139240506	0.0
-ધ્ધ	0.286347160693	0.368908578333	0.164317358035	0.18042690294
-અવી	0.0	1.0	0.0	0.0
-દમી	0.0172413793103	0.137931034483	0.775862068966	0.0689655172414
-દમે	0.0224719101124	0.640449438202	0.202247191011	0.134831460674
-િવશ	0.5	0.25	0.25	0.0
-દમો	0.0508474576271	0.694915254237	0.254237288136	0.0
-િવસ	0.0169084018261	0.957811475444	0.00243316026278	0.0228469624675
-િવત	0.166666666667	0.833333333333	0.0	0.0
-બકી	1.0	0.0	0.0	0.0
-એેક	0.454545454545	0.0	0.545454545455	0.0
-બરે	0.360381861575	0.582338902148	0.0286396181384	0.0286396181384
-બરૂ	0.399141630901	0.330472103004	0.115879828326	0.154506437768
-બરુ	0.3	0.6	0.0	0.1
-બરી	0.253907401946	0.696549690357	0.0247714538484	0.0247714538484
-બરો	0.0596308821413	0.885999784142	0.0456000863434	0.00876924737372
-એેલ	0.0588235294118	0.941176470588	0.0	0.0
-દઉં	0.624427480916	0.181679389313	0.0503816793893	0.143511450382
-હ્ન	0.0	0.837837837838	0.162162162162	0.0
-હ્ય	0.225992779783	0.407220216606	0.32202166065	0.0447653429603
-એબર	0.0	1.0	0.0	0.0
-બરા	0.0	1.0	0.0	0.0
-લતો	0.732427039467	0.0986987072765	0.0205660562139	0.148308197042
-બરડ	1.0	0.0	0.0	0.0
-બરફ	0.0	0.969387755102	0.0	0.0306122448979
-ઇલે	0.0	1.0	0.0	0.0
-ફની	0.243358129649	0.473963868225	0.0435706695005	0.239107332625
-કયો	0.444242002036	0.248432559884	0.0605540967794	0.2467713413
-નમન	0.636363636364	0.143695014663	0.0	0.219941348973
-ૂરા	0.216872454175	0.315332230143	0.198574338086	0.269220977597
-કયે	0.66	0.34	0.0	0.0
-ફનો	0.0820702402958	0.818114602588	0.0354898336414	0.0643253234751
-કયુ	0.673913043478	0.195652173913	0.0260869565217	0.104347826087
-નમા	0.372641509434	0.344339622641	0.283018867925	0.0
-ૃોન	0.0	0.6	0.4	0.0
-ૂરણ	0.0	0.5	0.0	0.5
-લપી	0.647058823529	0.0	0.352941176471	0.0
-લપે	0.2	0.8	0.0	0.0
-ૂરત	0.0	0.666666666667	0.333333333334	0.0
-ૂરજ	0.129499953003	0.805879311966	0.0542814174264	0.010339317605
-ૂરખ	0.0322580645161	0.709677419355	0.258064516129	0.0
-વનો	0.0534904935047	0.758304322448	0.0390115406444	0.149193643402
-જશે	0.157357530118	0.0203542185483	0.00386081360399	0.818427437729
-વને	0.0602097249894	0.744762608493	0.0192321301621	0.175795536355
-જશો	0.657443264334	0.0837945603895	0.0254664131776	0.233295762099
-વની	0.0317014102602	0.760119972853	0.0323279893518	0.175850627535
-વનુ	0.454545454545	0.522727272727	0.0227272727273	0.0
-વના	0.0151638296133	0.558944625078	0.0317776450419	0.394113900267
-વનિ	0.121621621622	0.591216216216	0.287162162162	0.0
-નમો	0.428571428571	0.428571428571	0.0	0.142857142857
-નમે	0.766025641026	0.195512820513	0.0	0.0384615384615
-ઠાં	0.5269904572	0.312775957841	0.0583962398519	0.101837345108
-નમી	0.311475409836	0.483606557377	0.0245901639344	0.180327868852
-કયા	0.191054836298	0.126131792237	0.026913811722	0.655899559743
-ૂરો	0.365711088295	0.387109742119	0.0703509944208	0.176828175166
-ૂરુ	0.461538461538	0.153846153846	0.384615384615	0.0
-ૂરી	0.439080558974	0.250350265166	0.0712464728146	0.239322703045
-ૂરૂ	0.459342376252	0.353241957247	0.110361480008	0.0770541864924
-ૂરે	0.431099873577	0.527180783818	0.0417193426043	0.0
-િને	0.134656612862	0.534192540033	0.0238324708705	0.307318376235
-િની	0.192581438819	0.588132858307	0.0625289569121	0.156756745962
-િનુ	0.666666666667	0.333333333333	0.0	0.0
-િનો	0.200336008215	0.6439633344	0.0453327781861	0.110367879199
-ખડક	0.00786434438607	0.864029624693	0.0217304252773	0.106375605643
-3/4	0.612244897959	0.285714285714	0.0	0.102040816327
-હની	0.145288613412	0.746676263795	0.0404057090553	0.0676294137379
-હને	0.148631589578	0.699489370834	0.0680418097354	0.0838372298526
-હનો	0.0670533367463	0.820192169619	0.0395202627192	0.0732342309157
-િનઆ	0.0	1.0	0.0	0.0
-થાએ	0.0231049858128	0.731252533441	0.00486420753954	0.240778273206
-થાઉ	0.428571428571	0.433106575964	0.0839002267574	0.0544217687075
-બ્દ	0.0404312668463	0.884770889488	0.00202156334232	0.0727762803234
-બ્ધ	0.40325203252	0.214634146342	0.260162601626	0.121951219512
-થાઇ	0.75	0.25	0.0	0.0
-હના	0.0683260324147	0.746581352712	0.0240687088453	0.161023906028
-થાઁ	0.142857142857	0.857142857143	0.0	0.0
-થાં	0.0258818618243	0.951575871426	0.00751408891671	0.0150281778335
-થાક	0.5	0.333333333333	0.166666666667	0.0
-થાખ	0.0	1.0	0.0	0.0
-થાગ	0.6	0.241379310345	0.103448275862	0.0551724137931
-થાઓ	0.638516791	0.142509641623	0.00535247480274	0.213621092574
-થામ	0.0	1.0	0.0	0.0
-થાય	0.400184196346	0.0423343561007	0.0258906134417	0.531590834111
-થાન	0.139324688397	0.650112266565	0.0424939651046	0.168069079933
-થાપ	0.6	0.0	0.4	0.0
-થાત	0.446469814642	0.395363748781	0.0239140533503	0.134252383227
-થાથ	0.22480620155	0.705426356589	0.0232558139535	0.046511627907
-િનય	0.133333333333	0.6	0.266666666667	0.0
-ખડી	0.30269058296	0.495515695067	0.201793721973	0.0
-થાહ	0.0	1.0	0.0	0.0
-થાવ	0.455425017277	0.261230131306	0.0939875604699	0.189357290947
-િના	0.127066082558	0.458214914735	0.0388907190925	0.375828283614
-થાર	0.0878891562641	0.901564144984	0.0105466987517	0.0
-થાળ	0.2	0.6	0.2	0.0
-480	0.0	0.666666666667	0.0	0.333333333333
-ફરજ	0.322925433429	0.405655613533	0.0403972395219	0.231021713516
-ણ્ી	0.0	0.75	0.0	0.25
-ણ્ય	0.252173913043	0.544927536232	0.0666666666667	0.136231884058
-ફરક	0.773584905661	0.226415094339	0.0	0.0
-કંઈ	0.167624525644	0.424198869702	0.0131497357029	0.395026868951
-ેછે	0.0	1.0	0.0	0.0
-736	0.0	0.0	0.0	1.0
-730	0.222222222222	0.222222222222	0.0	0.555555555556
-કંઇ	0.258741258741	0.198601398601	0.0881118881117	0.454545454546
-ખને	0.108714408973	0.833908541846	0.03494391717	0.0224331320104
-કંપ	0.0515638207946	0.928148774303	0.0202874049028	0.0
-છશો	0.26442669881	0.462558384812	0.0361609160765	0.236854000301
-કંદ	0.25	0.5	0.25	0.0
-ેસા	0.377255330782	0.611809732094	0.0	0.0109349371241
-ેસસ	0.0355029585798	0.96449704142	0.0	0.0
-ેસર	0.30235162374	0.608062709966	0.0727883538633	0.01679731243
-ંજો	0.098901098901	0.901098901099	0.0	0.0
-ંજે	0.0664996583922	0.839216579367	0.0218629013892	0.0724208608517
-ંજી	0.231646146831	0.694026447788	0.0237118103055	0.0506155950752
-ંજા	0.261019878997	0.583405358686	0.155574762316	0.0
-ંજર	0.666666666667	0.333333333333	0.0	0.0
-ંજન	0.398599824682	0.541460352057	0.0299699116302	0.0299699116302
-ૂભી	0.0	1.0	0.0	0.0
-ૌકા	0.461538461539	0.538461538461	0.0	0.0
-ેસો	0.240704500978	0.66927592955	0.0117416829745	0.078277886497
-ેસે	0.823623730625	0.126670229824	0.00962052378407	0.040085515767
-ેસી	0.715932914046	0.0754716981132	0.0141509433962	0.194444444444
-ેસુ	1.0	0.0	0.0	0.0
-ઉચે	0.0	0.666666666667	0.333333333333	0.0
-લઇશ	0.136703916676	0.232722143865	0.0021699034393	0.62840403602
-થોઇ	0.0	1.0	0.0	0.0
-થોએ	0.0	0.888888888889	0.111111111111	0.0
-ષિક	0.304347826087	0.586956521739	0.0652173913043	0.0434782608696
-ઉધઇ	0.0	1.0	0.0	0.0
-થોથ	0.0	1.0	0.0	0.0
-ષિણ	0.0508416351769	0.428718653384	0.317416695294	0.203023016146
-ઉધઈ	0.105913503972	0.883495145631	0.0105913503972	0.0
-ષિત	0.380025656725	0.201346978046	0.235021429196	0.183605936033
-થોભ	0.75	0.25	0.0	0.0
-ષિસ	0.0463258785942	0.891373801917	0.052715654952	0.00958466453673
-યણે	0.0	1.0	0.0	0.0
-યણો	0.0	1.0	0.0	0.0
-સખત	0.259704568877	0.241669529371	0.241326004809	0.257299896943
-ઉધે	0.0	1.0	0.0	0.0
-સખા	0.0	0.684210526316	0.315789473684	0.0
-ડદા	0.0539345711759	0.930150309461	0.0159151193634	0.0
-ચથી	0.153846153846	0.615384615385	0.0769230769231	0.153846153846
-રજો	0.328877334591	0.386308793124	0.093712951526	0.191100920759
-રજે	0.489604178679	0.190584404572	0.117830614252	0.201980802496
-રજૂ	0.768790023593	0.101786316144	0.036400404449	0.093023255814
-રજુ	0.769784172662	0.0791366906475	0.151079136691	0.0
-રજી	0.284210526316	0.484210526316	0.105263157895	0.126315789474
-ધઉં	0.0574712643678	0.873563218391	0.0689655172414	0.0
-રજન	0.0	1.0	0.0	0.0
-250	0.0	0.037037037037	0.0	0.962962962963
-254	0.0	0.25	0.0	0.75
-રજા	0.186434101365	0.744424530219	0.00406496554019	0.065076402875
-રજળ	0.714285714286	0.285714285714	0.0	0.0
-બૂક	0.0	1.0	0.0	0.0
-ડદો	0.102776137035	0.865327820437	0.031896042528	0.0
-્ષા	0.445081518351	0.372758589904	0.0632735623974	0.118886329348
-ાથન	0.0	1.0	0.0	0.0
-્ષસ	0.0	0.769230769231	0.230769230769	0.0
-્ષર	0.5	0.125	0.25	0.125
-ાથા	0.0212611662326	0.962916570524	0.00197778290536	0.0138444803376
-્ષમ	0.37343358396	0.207184628237	0.295739348371	0.123642439432
-ઘરી	0.41641997237	0.345372014999	0.186895598974	0.051312413657
-્ષદ	0.0	1.0	0.0	0.0
-્ષત	0.0	1.0	0.0	0.0
-્ષણ	0.537601574468	0.284865023891	0.0357602994735	0.141773102168
-ાથળ	0.0	1.0	0.0	0.0
-દઇશ	0.247011952191	0.0517928286852	0.0207171314741	0.68047808765
-િજે	0.142857142857	0.571428571429	0.285714285714	0.0
-દઇએ	0.446808510639	0.297872340425	0.127659574468	0.127659574468
-્ષક	0.10700026617	0.744476976311	0.11498536066	0.0335373968592
-ઘણો	0.119660052947	0.0641679080101	0.261984234814	0.554187804228
-ઘણે	0.0853658536585	0.345528455285	0.0121951219512	0.556910569106
-ઘણી	0.141445434399	0.0683596399982	0.436283599415	0.353911326188
-ઘણુ	0.139684813754	0.282951289398	0.0823782234957	0.494985673352
-ઘણા	0.0592652597172	0.102315071413	0.668187309031	0.170232359838
-હોજ	0.0	0.916666666667	0.0833333333333	0.0
-હોઇ	0.08593643432	0.379347974356	0.190969854044	0.34374573728
-ભણી	0.43305785124	0.145454545455	0.0842975206612	0.337190082645
-ભણે	0.142857142857	0.428571428571	0.428571428571	0.0
-હોએ	0.0328767123286	0.73698630137	0.0328767123286	0.197260273973
-હોઉ	0.295774647887	0.291632145816	0.0894780447389	0.323115161558
-હોઈ	0.114814814815	0.445679012346	0.0543209876543	0.385185185185
-હોશ	0.536948621107	0.286681393857	0.152853987031	0.0235159980047
-હોવ	0.0571428571428	0.257142857143	0.428571428571	0.257142857143
-ાથો	0.0575300434671	0.830989516748	0.111480439785	0.0
-હોર	0.285552407932	0.559206798867	0.0634560906516	0.0917847025496
-ાથે	0.0373536064898	0.0289347123395	0.0019932641925	0.931718416978
-િજળ	0.933333333333	0.0666666666666	0.0	0.0
-ાથી	0.235038846052	0.438464618749	0.0728480284917	0.253648506708
-ાથુ	0.271465609273	0.701845356108	0.00915052615526	0.0175385084642
-હોદ	0.0	1.0	0.0	0.0
-034	0.0	0.5	0.0	0.5
-હોત	0.299127681965	0.0160809177168	0.00130456336264	0.683486836956
-્ષો	0.0575028385159	0.799106325312	0.039922352855	0.103468483317
-િજય	0.416291287655	0.460100036488	0.0690503637544	0.0545583121023
-હોય	0.524311726925	0.0282071837853	0.0112977249836	0.436183364306
-હોબ	0.0	1.0	0.0	0.0
-્ષુ	0.0	1.0	0.0	0.0
-્ષી	0.153089972188	0.767773510396	0.0206238938586	0.0585126235567
-280	0.461538461539	0.538461538461	0.0	0.0
-ઠોળ	0.0	1.0	0.0	0.0
-ઠોર	0.376957494407	0.184004474273	0.351789709172	0.0872483221476
-ોઈએ	0.294158406174	0.0430554856768	0.0161960005967	0.646590107553
-ુદી	0.21884546508	0.244706625935	0.204624460129	0.331823448857
-ોઈક	0.134842910739	0.273149397817	0.0721527855707	0.519854905874
-ોઈજ	0.530402245089	0.129092609916	0.261927034612	0.0785781103836
-ઇથી	0.392793986927	0.228461584368	0.146893737848	0.231850690856
-ોઈમ	0.0	1.0	0.0	0.0
-ોઈશ	0.579341576179	0.147384095434	0.0416418024208	0.231632525966
-સૂર	0.0	1.0	0.0	0.0
-ોઈસ	0.0	1.0	0.0	0.0
-થલી	0.21875	0.474264705882	0.237132352941	0.0698529411764
-તદન	0.0805369127517	0.637583892617	0.161073825503	0.120805369128
-ણતા	0.785242749973	0.119830700482	0.0409411104838	0.0539854390606
-ણતર	0.709219858156	0.0898345153664	0.0	0.200945626478
-જયો	0.453757225434	0.346820809249	0.0260115606936	0.173410404624
-જયે	0.0	0.333333333333	0.666666666667	0.0
-જયી	0.45735436112	0.375281622144	0.10460251046	0.0627615062761
-ેગા	0.524854918705	0.08884144772	0.0126490557549	0.373654577821
-જયા	0.430247718383	0.295958279009	0.109517601043	0.164276401565
-ેગી	0.623393739704	0.107742998352	0.0237232289951	0.245140032949
-ેગે	0.204081632653	0.642857142857	0.0918367346938	0.0612244897959
-ેગો	0.401289282836	0.188557614827	0.0419016921837	0.368251410153
-ાબા	0.0999329309188	0.718980549966	0.120724346076	0.0603621730383
-ણતો	0.928491137051	0.019887591872	0.00795503674881	0.0436662343277
-ણતી	0.826409495549	0.0490755535266	0.011983565396	0.112531385528
-વખત	0.0661418720961	0.459515847415	0.02715220029	0.447190080199
-ભાઇ	0.115532734275	0.86136071887	0.01540436457	0.00770218228498
-ભાં	0.553278688525	0.315573770492	0.0245901639344	0.106557377049
-યાગ	0.613525447362	0.160992330932	0.0201022542412	0.205379967464
-ભાએ	0.295704295704	0.566433566434	0.0719280719281	0.0659340659341
-ભાઈ	0.00725803434472	0.965543043137	0.0134685173407	0.0137304051779
-ૃભવ	0.0	0.5	0.5	0.0
-ભાગ	0.115348420345	0.356665919785	0.0107550974681	0.517230562402
-ભાઓ	0.214785214785	0.69030969031	0.024975024975	0.0699300699301
-બએલ	0.0	1.0	0.0	0.0
-બએર	0.24	0.76	0.0	0.0
-વાહ	0.438453713123	0.531027466938	0.0244150559512	0.00610376398779
-ભાત	0.212196861626	0.680813124108	0.0427960057061	0.0641940085592
-ભાય	0.833333333333	0.166666666667	0.0	0.0
-ભાન	0.378759280232	0.307914936454	0.149742041022	0.163583742293
-દતા	0.733759152516	0.247546346783	0.0186945007011	0.0
-ભાવ	0.265262275323	0.51427972541	0.12875334067	0.0917046585967
-ભાર	0.351924509657	0.593725867036	0.0250350627044	0.0293145606026
-ભાલ	0.75	0.0	0.25	0.0
-ભાળ	0.287785144398	0.512641869873	0.025620856276	0.173952129453
-ભાસ	0.0507042253521	0.881690140845	0.0507042253521	0.0169014084507
-ંકી	0.646426422623	0.0737515437474	0.0173849710251	0.262437062605
-સૂએ	0.578947368421	0.368421052632	0.0	0.0526315789473
-ખ્ય	0.102389339868	0.616595190688	0.206693214887	0.0743222545566
-ખ્ત	0.130188679245	0.379245283019	0.322641509434	0.167924528302
-ાહએ	0.132075471698	0.830188679245	0.0	0.0377358490566
-હઓએ	0.0	1.0	0.0	0.0
-યાં	0.197600260883	0.0891482851161	0.016872972093	0.696378481908
-ઠબળ	0.0	1.0	0.0	0.0
-કીદ	0.5	0.333333333333	0.166666666667	0.0
-કીત	0.510204081633	0.489795918367	0.0	0.0
-જકો	0.014598540146	0.956324039727	0.00646164891708	0.0226157712098
-કીમ	0.0203148806501	0.97968511935	0.0	0.0
-કીય	0.060606060606	0.818181818182	0.060606060606	0.060606060606
-કીન	0.0	0.875	0.0	0.125
-જકે	0.0422744864543	0.883298600774	0.0139922596011	0.0604346531706
-કીશ	0.334445317255	0.188285742462	0.0499882680595	0.427280672223
-ૂમત	0.21875	0.59375	0.0	0.1875
-કીર	0.0	1.0	0.0	0.0
-ું-	0.0	0.75	0.25	0.0
-ૂઓએ	0.2	0.8	0.0	0.0
-કીએ	0.162235485621	0.141074335323	0.0715060847996	0.625184094256
-ેલા	0.260028277198	0.152884870593	0.1281563725	0.458930479708
-930	0.0	0.2	0.0	0.8
-કીક	0.0	0.874074074074	0.125925925926	0.0
-કીઓ	0.123085518964	0.769070860448	0.0595296785644	0.0483139420233
-ેલન	0.0610465116279	0.720930232558	0.174418604651	0.0436046511628
-ેલી	0.352298400946	0.320453221701	0.118516549372	0.208731827981
-ેલુ	0.365756162558	0.496335776149	0.0619586942039	0.0759493670886
-ેલે	0.103113449853	0.586199335964	0.078932531479	0.231754682704
-ેલો	0.438372294983	0.292170703856	0.144495922512	0.12496107865
-જકણ	0.223404255319	0.734042553191	0.0	0.0425531914893
-લરો	0.260869565217	0.739130434783	0.0	0.0
-કથા	0.0	0.910447761194	0.0895522388058	0.0
-ૂશા	0.0	1.0	0.0	0.0
-કથન	0.519011406844	0.239543726236	0.0817490494296	0.159695817491
-જરે	0.440069484655	0.371163867979	0.0196873190504	0.169079328315
-પરી	0.275597574028	0.452818408848	0.076257581163	0.195326435962
-પરે	0.31052631579	0.563157894737	0.0315789473684	0.0947368421052
-વમો	0.0	0.303571428571	0.696428571429	0.0
-પરો	0.15	0.85	0.0	0.0
-વમે	0.0	0.0	1.0	0.0
-જરો	0.416666666667	0.583333333333	0.0	0.0
-ંથો	0.0	0.514285714286	0.485714285714	0.0
-વાએ	0.0165566520707	0.952247129817	0.00148138465895	0.0297148334532
-ંથી	0.212739866708	0.497307344915	0.0784654621068	0.211487326271
-ંથુ	0.274096385542	0.545180722892	0.0120481927711	0.168674698795
-ંથે	0.292410714286	0.237165178571	0.0172991071429	0.453125
-પરણ	0.0	0.0	1.0	0.0
-વમન	1.0	0.0	0.0	0.0
-ોફણ	0.166666666667	0.833333333333	0.0	0.0
-પરમ	0.111903455842	0.328030718596	0.343938562808	0.216127262754
-યામ	0.0	0.758620689655	0.241379310345	0.0
-વમા	0.106299212598	0.0590551181102	0.531496062992	0.303149606299
-જરા	0.472003929273	0.151277013752	0.155206286837	0.221512770137
-750	0.307692307692	0.461538461539	0.0	0.230769230769
-પરા	0.095773791426	0.752204317422	0.0425661295226	0.10945576163
-ૂશે	0.842105263158	0.157894736842	0.0	0.0
-ૂશી	0.0	0.901639344262	0.0983606557378	0.0
-પીં	0.5	0.25	0.25	0.0
-પરખ	0.608510638298	0.276595744681	0.0255319148936	0.0893617021276
-પરછ	0.0	0.571428571429	0.0	0.428571428571
-કથી	0.30944607859	0.466227063603	0.0683108683238	0.156015989484
-ઝાઝ	0.0789473684211	0.684210526316	0.236842105263	0.0
-રહી	0.367088450872	0.127525752773	0.0479150158479	0.457470780507
-દગી	0.703741046485	0.16791648287	0.0262566429307	0.102085827714
-ઝાઇ	0.23282967033	0.53228021978	0.214285714286	0.0206043956044
-રહે	0.433712336555	0.0967879476976	0.0108584422968	0.458641273451
-ચંડ	0.0785597381341	0.292962356792	0.397708674304	0.230769230769
-ઝાએ	0.0	0.571428571428	0.428571428572	0.0
-ઝાઈ	0.429569266589	0.420256111758	0.0803259604191	0.069848661234
-ઝાવ	0.75	0.25	0.0	0.0
-ઝાર	0.0	1.0	0.0	0.0
-ઝાલ	0.0	1.0	0.0	0.0
-ઝાહ	0.0	1.0	0.0	0.0
-ઝાથ	0.0	1.0	0.0	0.0
-ઝાદ	0.0	0.6	0.4	0.0
-ઝાડ	0.0647040036072	0.916377026697	0.011310049411	0.0076089202848
-ઝામ	0.0	1.0	0.0	0.0
-ઝાય	0.181818181818	0.636363636364	0.181818181818	0.0
-ઝાન	0.0	1.0	0.0	0.0
-ધુર	0.062671797691	0.458127176104	0.44804837823	0.0311526479751
-ળહળ	0.0	1.0	0.0	0.0
-ધું	0.253600026729	0.300392021472	0.0204363466272	0.425571605172
-ધુઁ	0.0	1.0	0.0	0.0
-ધુએ	0.330882352941	0.669117647059	0.0	0.0
-રહણ	0.546868058641	0.297645490893	0.0577521101733	0.0977343402931
-ધુઓ	0.161904761905	0.714285714286	0.047619047619	0.0761904761905
-રહદ	0.0118946474087	0.967714528462	0.0	0.0203908241291
-ધુજ	0.252337501408	0.553429027113	0.0149410362676	0.179292435211
-્વે	0.0300100033345	0.399799933311	0.190063354452	0.380126708903
-્વી	0.0359817907524	0.902923713487	0.028474005064	0.0326204906969
-્વો	0.012539184953	0.758620689655	0.172413793103	0.0564263322884
-એને	0.0635887393323	0.0540344687027	0.00754852081343	0.874828271152
-એની	0.15564194415	0.0687942685012	0.0732720019539	0.702291785394
-એનુ	0.545454545455	0.272727272727	0.181818181818	0.0
-એનો	0.139722863741	0.208237105466	0.030536309982	0.621503720811
-નજે	0.441176470588	0.323529411765	0.0588235294117	0.176470588235
-ંઢો	0.0	1.0	0.0	0.0
-ંણસ	0.043392626331	0.785068012556	0.00492398596664	0.166615375146
-ંણા	0.233766233766	0.227272727273	0.0519480519481	0.487012987013
-ંણુ	0.23706491063	0.76293508937	0.0	0.0
-ગટો	0.064	0.896	0.0	0.04
-ંણે	0.263292154076	0.133468168069	0.00473743668234	0.598502241172
-ગટી	0.333333333333	0.0833333333333	0.166666666667	0.416666666667
-ંણો	0.297872340425	0.638297872341	0.063829787234	0.0
-ગટે	0.428571428571	0.285714285714	0.0	0.285714285714
-્વક	0.311107938321	0.329591881562	0.105928480429	0.253371699688
-્વજ	0.0223491432828	0.955301713434	0.00446982865657	0.0178793146263
-્વત	0.126588126588	0.80518980519	0.035574035574	0.032648032648
-એના	0.149024208507	0.0783962458582	0.0367328820331	0.735846663602
-્વન	0.559633027523	0.426605504587	0.0	0.0137614678899
-છની	0.35294117647	0.64705882353	0.0	0.0
-્વર	0.350076103501	0.496194824962	0.108066971081	0.0456621004567
-છને	0.6	0.4	0.0	0.0
-્વિ	0.548148148148	0.385185185185	0.0	0.0666666666666
-્વા	0.196850393701	0.614173228346	0.141732283465	0.0472440944882
-ુજબ	0.345924797452	0.0819541582992	0.0164116058445	0.555709438405
-કણા	0.142857142857	0.285714285714	0.0	0.571428571429
-લમી	0.483870967742	0.0967741935483	0.41935483871	0.0
-નજળ	0.671232876712	0.328767123288	0.0	0.0
-લમો	0.357142857143	0.642857142857	0.0	0.0
-ુજર	0.4	0.428571428571	0.171428571429	0.0
-નજર	0.465977605512	0.403208440999	0.00968992248061	0.121124031008
-જલી	0.517482517483	0.482517482517	0.0	0.0
-ોવે	0.714285714286	0.285714285714	0.0	0.0
-ોવુ	1.0	0.0	0.0	0.0
-ોવી	0.341526985125	0.365703500652	0.135712038826	0.157057475397
-ોવ્	0.666666666667	0.333333333333	0.0	0.0
-ોવો	0.239508076227	0.205733134938	0.12238422197	0.432374566865
-પાય	0.446522501461	0.324371712449	0.16130917592	0.0677966101695
-પામ	0.2	0.4	0.4	0.0
-્ધત	0.100157728707	0.291798107255	0.532334384858	0.0757097791798
-પાપ	0.165099042455	0.727076412665	0.070044589257	0.0377799556229
-પાન	0.134023243867	0.648279541094	0.191617016232	0.0260801988066
-ોવા	0.130381171486	0.80487429451	0.00615700359158	0.0585875304126
-પાત	0.209069946195	0.67332820907	0.0960799385088	0.021521906226
-પાડ	0.698905109489	0.301094890511	0.0	0.0
-પાઠ	0.526469834443	0.373440843419	0.0	0.100089322137
-છાં	0.418400876232	0.170865279299	0.0460021905805	0.364731653888
-ોવણ	0.0	1.0	0.0	0.0
-પાહ	0.0	0.988549618321	0.0114503816794	0.0
-પાસ	0.335287610619	0.247190265487	0.0517256637168	0.365796460177
-પાશ	0.4	0.4	0.0	0.2
-પાવ	0.0879151548981	0.81440133966	0.0976835054423	0.0
-પાળ	0.00162866449511	0.990228013029	0.00325732899024	0.00488599348534
-પાલ	0.0265545474662	0.913697720735	0.0597477317991	0.0
-પાર	0.227445883566	0.334154976919	0.0360776229104	0.402321516605
-પાએ	0.0269121813031	0.883852691218	0.0609065155807	0.028328611898
-લમલ	0.0	1.0	0.0	0.0
-પાઉ	0.0	0.75	0.25	0.0
-પાઈ	0.590216235378	0.26657213754	0.058844381425	0.0843672456577
-પાઇ	0.531995120328	0.248419651769	0.06986802706	0.149717200843
-ુજે	0.366666666667	0.633333333333	0.0	0.0
-ોવચ	0.0	0.8	0.0	0.2
-ુજી	0.726804123711	0.118556701031	0.0463917525773	0.10824742268
-પાટ	0.107076350093	0.716014897579	0.132216014898	0.0446927374301
-ોવએ	0.5	0.5	0.0	0.0
-પાક	0.191371128871	0.565122377622	0.207917082917	0.0355894105895
-કણી	0.0	0.733333333333	0.266666666667	0.0
-પાઓ	0.0	1.0	0.0	0.0
-ઁની	0.392798690671	0.607201309329	0.0	0.0
-ુહો	0.0	0.8	0.2	0.0
-232	0.428571428571	0.142857142857	0.0	0.428571428571
-ાવિ	0.153649167734	0.689500640205	0.156850192061	0.0
-ગેબ	0.0201342281879	0.738255033557	0.201342281879	0.0402684563758
-ગેમ	0.0	1.0	0.0	0.0
-ગેર	0.0	0.0	1.0	0.0
-ગેલ	0.348477026329	0.496644295302	0.123902942695	0.0309757356737
-ગેસ	0.0983606557377	0.901639344262	0.0	0.0
-ગેએ	0.0	0.818181818182	0.181818181818	0.0
-તસે	0.406570841889	0.519507186858	0.0369609856262	0.0369609856262
-તસો	0.307692307692	0.0769230769231	0.0	0.615384615385
-580	0.142857142857	0.0	0.0	0.857142857143
-ડતે	0.6	0.4	0.0	0.0
-ડતી	0.535737071907	0.226006535476	0.0370879959167	0.2011683967
-ડતુ	0.0	0.2	0.8	0.0
-ીળા	0.135790494665	0.407371483996	0.456838021338	0.0
-ડતો	0.522141522803	0.250038897247	0.131845033368	0.0959745465823
-ંવે	0.333333333333	0.0	0.333333333333	0.333333333333
-ચણો	0.75	0.25	0.0	0.0
-રસા	0.0325203252033	0.631436314363	0.162601626016	0.173441734417
-ચણી	0.328981396513	0.629723867523	0.013764911988	0.027529823976
-ઝું	0.0	1.0	0.0	0.0
-દગમ	0.263157894737	0.736842105263	0.0	0.0
-ખલા	0.111111111111	0.611111111111	0.277777777778	0.0
-ાવત	0.16816928778	0.278120480839	0.359838214028	0.193872017354
-ડતલ	0.05	0.3	0.65	0.0
-ડતર	0.181818181818	0.545454545455	0.272727272727	0.0
-ડતા	0.542186898411	0.310131455915	0.0486771904736	0.0990044552005
-ીળો	0.102564102564	0.649572649573	0.247863247863	0.0
-પછી	0.0194886448089	0.00644158100943	0.000325393240888	0.973744380941
-જગી	0.77094972067	0.178770949721	0.050279329609	0.0
-મળો	0.273136568284	0.495747873937	0.0210105052526	0.210105052526
-મળે	0.475972533164	0.0937962877852	0.0315805692014	0.39865060985
-મળી	0.492462450956	0.15862574747	0.0539721453104	0.294939656263
-નએલ	0.0	1.0	0.0	0.0
-ૈયો	0.0	1.0	0.0	0.0
-ઉડી	0.857142857143	0.142857142857	0.0	0.0
-મળા	0.315	0.54	0.145	0.0
-જગર	0.0226434514109	0.977356548589	0.0	0.0
-જગા	0.178166838311	0.772399588054	0.0	0.0494335736353
-પછા	0.320742065266	0.256817165847	0.398971837282	0.0234689316048
-જગત	0.00133534385345	0.989317249172	0.00400603156036	0.00534137541382
-મળત	0.155574762316	0.792566983578	0.0	0.0518582541054
-રતે	0.0827178729689	0.233382570163	0.0531757754801	0.630723781388
-રતુ	0.384615384615	0.615384615385	0.0	0.0
-રતી	0.287248603529	0.295796534175	0.118198817932	0.298756044364
-રતો	0.325194713036	0.0877417652241	0.0562202810311	0.530843240708
-ળખો	0.476987447699	0.202928870293	0.13179916318	0.188284518828
-ધેd	0.166666666667	0.666666666667	0.166666666667	0.0
-ળખી	0.743904648887	0.116953311248	0.0	0.139142039865
-ળખે	0.858190709046	0.0268948655257	0.0211898940506	0.0937245313773
-ઁપો	1.0	0.0	0.0	0.0
-ઉણપ	0.444976076555	0.311004784689	0.186602870813	0.0574162679426
-સુર	0.0	1.0	0.0	0.0
-િતૃ	0.0	1.0	0.0	0.0
-રતજ	0.333333333333	0.333333333333	0.0	0.333333333334
-સુઓ	0.273244781784	0.641366223909	0.0512333965844	0.0341555977229
-સુક	0.448362720403	0.219143576826	0.0302267002519	0.302267002519
-સુખ	0.296618357488	0.456038647343	0.189371980676	0.0579710144928
-રતમ	0.0500000000001	0.7	0.05	0.2
-શશે	0.530491951938	0.428700974836	0.0	0.040807073226
-સું	0.528662420382	0.410828025478	0.0350318471337	0.0254777070064
-રતલ	0.666666666667	0.333333333333	0.0	0.0
-સુઇ	1.0	0.0	0.0	0.0
-રતિ	0.210168943497	0.374262387843	0.0389620887559	0.376606579905
-રતા	0.310688684151	0.173823282783	0.0710440919393	0.444443941127
-સુએ	0.00958052899473	0.537465801747	0.00273288256579	0.450220786693
-ધમણ	0.0	1.0	0.0	0.0
-ધમા	0.125	0.666666666667	0.145833333333	0.0625
-910	0.0	1.0	0.0	0.0
-912	0.0	1.0	0.0	0.0
-ીજા	0.0148159804602	0.22990517697	0.276219878612	0.479058963957
-ઈઓએ	0.0707583713523	0.871567530344	0.0120513041233	0.0456227941809
-ભીડ	0.0326923076923	0.761538461538	0.176923076923	0.0288461538462
-ીજો	0.0205529020119	0.042360206494	0.492980170792	0.444106720702
-ીજે	0.0699432331886	0.0855207576813	0.736189953905	0.108346055225
-ીજુ	0.215738284704	0.109637488948	0.0671971706454	0.607427055703
-ીજી	0.0548186438658	0.0639379260271	0.408075685165	0.473167744942
-્ફળ	0.531940298508	0.271044776119	0.0740298507463	0.122985074627
-ભીઓ	0.0342342342342	0.911711711712	0.0540540540541	0.0
-ઠમે	0.0	0.0	1.0	0.0
-ઠમી	0.0	0.8	0.2	0.0
-ઠમો	0.0	0.094827586207	0.893678160919	0.0114942528736
-690	0.0	1.0	0.0	0.0
-775	0.0	0.6	0.0	0.4
-777	0.0	0.25	0.0	0.75
-ઘાત	0.376508447305	0.249396621078	0.211584875302	0.162510056315
-ઘાડ	0.206896551724	0.758620689655	0.0344827586207	0.0
-ઘાણ	0.4	0.2	0.4	0.0
-ઘાસ	0.0203389830508	0.957627118644	0.0186440677966	0.00338983050848
-ઘાલ	0.11320754717	0.88679245283	0.0	0.0
-ઘાઈ	0.5	0.25	0.25	0.0
-ઠમા	0.0	0.0	1.0	0.0
-ૃયુ	0.285714285714	0.142857142857	0.0	0.571428571429
-ાવી	0.595283428002	0.20029012347	0.0462255057234	0.158200942805
-ઘાં	0.416666666667	0.583333333333	0.0	0.0
-ઘાટ	0.283095723014	0.67617107943	0.0122199592668	0.0285132382892
-રમે	0.137112722479	0.588661832564	0.189848384971	0.0843770599869
-રમી	0.0643444605709	0.424286405419	0.459119496855	0.0522496371553
-રમો	0.0634088200239	0.643861740167	0.228367103695	0.0643623361144
-રમત	0.0	1.0	0.0	0.0
-રમણ	0.320153061224	0.178571428571	0.030612244898	0.470663265306
-રમય	0.184466019418	0.594660194175	0.206310679612	0.0145631067962
-રમા	0.308105388433	0.359367591992	0.185552147536	0.146974872038
-િમે	0.0652886177028	0.833599318777	0.00527271496887	0.0958393485518
-િમી	0.0	0.869565217391	0.130434782609	0.0
-અચલ	0.64	0.12	0.24	0.0
-અચળ	0.474708171206	0.198443579766	0.0233463035019	0.303501945525
-િમઆ	0.0	1.0	0.0	0.0
-િમઇ	0.0	0.978276611151	0.0	0.0217233888487
-િમઈ	0.0235294117647	0.976470588235	0.0	0.0
-િમા	0.0879312854855	0.836305624302	0.0611746008638	0.0145884893483
-ૈયા	0.197680548234	0.686346863469	0.00527148128626	0.110701107011
-િમસ	0.033118675253	0.849126034959	0.0	0.117755289788
-િમત	0.382075471698	0.415094339623	0.174528301887	0.0283018867925
-િમય	0.394618834081	0.473212178428	0.106207222091	0.0259617654
-દરા	0.0	1.0	0.0	0.0
-ગબગ	0.0	0.5	0.0	0.5
-દરત	0.435483870968	0.387096774194	0.0483870967742	0.129032258065
-ભલા	0.115709444234	0.255651397977	0.575910803454	0.0527283543346
-દરક	0.529411764706	0.302521008403	0.151260504202	0.0168067226891
-ંખડ	1.0	0.0	0.0	0.0
-ંખા	0.393518518519	0.328703703704	0.0555555555556	0.222222222222
-ંખર	0.0358208955224	0.964179104478	0.0	0.0
-ંખો	0.0330292448978	0.949907676557	0.0122488528127	0.00481422573234
-ંખે	0.374814983491	0.528407150177	0.0261869520665	0.0705909142661
-ંખુ	0.555555555556	0.444444444444	0.0	0.0
-ંખી	0.479194630872	0.401006711409	0.00704697986577	0.112751677852
-ભલી	0.215568862275	0.497005988024	0.0359281437127	0.251497005988
-ભલુ	0.075526506899	0.395787944808	0.424836601307	0.103848946986
-ભલે	0.566691095639	0.141260534994	0.0120923415171	0.279956027849
-ભલો	0.25181598063	0.188861985472	0.457627118644	0.101694915254
-ાઆફ	0.166666666667	0.833333333333	0.0	0.0
-દરો	0.260566882148	0.383391347588	0.0387866732969	0.317255096967
-દરે	0.0649038461539	0.790865384615	0.0	0.144230769231
-દરી	0.0586624951115	0.515056707079	0.42628079781	0.0
-નઁા	0.0	1.0	0.0	0.0
-ાઆલ	0.0	1.0	0.0	0.0
-પડે	0.287044570052	0.0915580554148	0.0456569871541	0.575740387379
-પડી	0.488551443774	0.0651043223531	0.0178155078615	0.428528726012
-212	0.5	0.5	0.0	0.0
-પડો	0.32386799693	0.535686876439	0.0437452033768	0.096699923254
-પડા	0.134977287476	0.780012978585	0.0220635950681	0.0629461388709
-પડત	0.348837209302	0.302325581395	0.139534883721	0.209302325581
-ેધક	0.782608695652	0.0	0.217391304348	0.0
-ઠવા	0.307692307692	0.384615384615	0.153846153846	0.153846153846
-નઁુ	0.0	0.818181818182	0.0	0.181818181818
-બોડ	0.196721311475	0.803278688525	0.0	0.0
-ૂધી	0.469794274518	0.258517470339	0.101883095679	0.169805159465
-ાળો	0.178052006354	0.600483307092	0.168812944124	0.0526517424304
-ાળે	0.408293121775	0.442566028559	0.0860633576928	0.0630774919736
-ાળી	0.321278163362	0.352859687132	0.267534251948	0.0583278975573
-ાળુ	0.114571522161	0.397611308489	0.395595535062	0.0922216342883
