-øri	0.457817262175	0.328513066598	0.127099409896	0.0865702613319
-tui	0.222705051602	0.743617599131	0.0271591526344	0.00651819663227
-øra	0.404066246047	0.15220439324	0.0323317268817	0.411397633831
-imø	0.307380251494	0.335228819202	0.134247298095	0.223143631209
-hum	0.0	1.0	0.0	0.0
-can	0.166796722591	0.798088177917	0.0175575497464	0.0175575497464
-eus	0.0	0.820359281437	0.179640718563	0.0
-cas	0.0105801445953	0.989419855405	0.0	0.0
-iva	0.127020785219	0.838337182448	0.0207852193995	0.013856812933
-hen	0.10013468692	0.0200963934613	0.00322974307873	0.87653917654
-ive	0.261463250169	0.738536749831	0.0	0.0
-rbe	0.0465224146701	0.861761367674	0.0227386900916	0.0689775275642
-skø	0.00783289817233	0.629242819843	0.362924281984	0.0
-ørr	0.0489207333595	0.542493301623	0.186561098233	0.222024866785
-úbe	0.285714285714	0.420634920635	0.0476190476191	0.246031746032
-ivo	0.0107655502392	0.950956937799	0.0287081339713	0.00956937799043
-itø	0.257961455738	0.260347424829	0.141603031804	0.340088087629
-dío	0.00424064231596	0.810301933733	0.142202872328	0.0432545516228
-hba	0.0	1.0	0.0	0.0
-nsu	0.0119940029985	0.916041979011	0.0539730134932	0.0179910044977
-hbe	0.532934131737	0.440119760479	0.0	0.0269461077844
-oyu	0.122499573402	0.803340019382	0.00804901528347	0.0661113919323
-nso	0.0260812866768	0.934796783308	0.0260812866768	0.0130406433384
-lea	0.00158341983497	0.996481289256	0.000879677686095	0.00105561322332
-zig	0.10709926672	0.711800716942	0.127012195708	0.0540878206299
-aum	0.00558659217877	0.983240223464	0.0	0.0111731843576
-nsa	0.0615384615385	0.938461538462	0.0	0.0
-aun	0.105181231932	0.72715143429	0.0222370469202	0.145430286858
-øña	0.435279187817	0.157043147208	0.179251269036	0.228426395939
-dzø	0.1108033241	0.567867036011	0.238227146814	0.0831024930748
-nto	0.0269824242924	0.849327502269	0.0802871524053	0.0434029210331
-nta	0.0142308782104	0.085594920593	0.00996161474726	0.890212586449
-uah	0.650991842913	0.254329685637	0.0414605071056	0.0532179643445
-nyu	0.0731480900708	0.738493382676	0.0893495577996	0.0990089694537
-nte	0.0	0.592245419685	0.0	0.407754580315
-dur	0.0388928501977	0.887081091593	0.0429117780515	0.0311142801582
-uan	0.0416713848941	0.937606160118	0.0138149699921	0.00690748499604
-uar	0.272864105505	0.168793004587	0.190653669725	0.367689220183
-pua	0.455274411974	0.0605844618674	0.205987170349	0.278153955809
-pub	0.256948013167	0.191391547105	0.0408339004709	0.510826539257
-pum	0.550935550936	0.12474012474	0.0623700623701	0.261954261954
-pun	0.652100271003	0.337737127371	0.0	0.010162601626
-wei	0.121075123436	0.362407229113	0.0438146459488	0.472703001502
-pui	0.268829858776	0.587592468057	0.0353059852051	0.108271687962
-kam	0.468586387435	0.450261780105	0.0235602094241	0.0575916230366
-war	0.491823573976	0.266449860493	0.160886195236	0.0808403702951
-pra	0.120789927782	0.639867067169	0.239343005049	0.0
-pre	0.0243182212958	0.965259683863	0.0	0.0104220948411
-nma	0.383471264317	0.445901636364	0.0648475407767	0.105779558542
-más	0.0	0.994397759104	0.0	0.00560224089636
-rba	0.163953222606	0.538968464177	0.106388836961	0.190689476256
-opo	0.0	0.912663755459	0.0873362445414	0.0
-sma	0.190152984271	0.384830855419	0.0156216332687	0.409394527042
-ope	0.0	1.0	0.0	0.0
-arø	0.0785122799563	0.643841150454	0.192553037614	0.0850935319763
-opa	0.0125786163522	0.974842767296	0.0125786163522	0.0
-ébe	0.0958112137299	0.830194167697	0.00927205294162	0.0647225656316
-dea	0.00770903340581	0.978058904922	0.00948804111485	0.00474402055742
-dec	0.0	0.993808049536	0.00619195046439	0.0
-das	0.0230073952342	0.963845521775	0.0	0.013147082991
-deh	0.297360119542	0.35522165034	0.242819193093	0.104599037025
-deo	0.00826446280992	0.99173553719	0.0	0.0
-ima	0.14593142627	0.642316910481	0.0846385238671	0.127113139382
-ørø	0.252827492177	0.245763895163	0.131883927031	0.369524685629
-der	0.355932848605	0.173969317446	0.0544367886101	0.415661045339
-des	0.00216294160057	0.960346070656	0.0144196106705	0.0230713770728
-lga	0.244874128516	0.667204725762	0.00566679259537	0.082254353127
-ler	0.346673734429	0.31771799629	0.0347866419295	0.300821627352
-imo	0.0265957446809	0.837765957447	0.0	0.135638297872
-nes	0.018691588785	0.739252336449	0.0	0.242056074766
-yma	0.508529783943	0.211955757604	0.108262642358	0.171251816094
-ido	0.0689655172414	0.729885057471	0.0	0.201149425287
-lla	0.546262393141	0.174397566769	0.0505626902341	0.228777349856
-obo	0.0	0.974264705882	0.00367647058823	0.0220588235294
-rpa	0.018867288838	0.929837269634	0.0088440416428	0.0424513998854
-lli	0.0264597516854	0.899007101626	0.0324204649772	0.0421126817117
-oba	0.0658945087404	0.84489882633	0.0118145318152	0.077392133114
-llo	0.324339056964	0.634777868629	0.0245298446444	0.0163532297629
-obe	0.0374187858056	0.85543213663	0.0157986128419	0.091350464722
-big	0.509886609741	0.140089965864	0.0657146622144	0.284308762181
-bib	0.341693205945	0.187898089172	0.0106157112526	0.459792993631
-llu	0.00764574705321	0.946479770628	0.0019114367633	0.0439630455559
-bia	0.0	1.0	0.0	0.0
-bin	0.709425287356	0.106666666667	0.0956321839081	0.0882758620689
-etø	0.290646274023	0.1617929952	0.0937088207918	0.453851909985
-rig	0.42255934294	0.258824495474	0.101797001371	0.216819160215
-bba	0.105960264901	0.827814569536	0.0	0.0662251655629
-rau	0.0609004850627	0.609135880237	0.0156004674117	0.314363167289
-eje	0.281081081081	0.145945945946	0.410810810811	0.162162162162
-ria	0.0051997163791	0.989127865753	0.00283620893406	0.00283620893405
-rin	0.25871213761	0.399079105436	0.0378460989086	0.304362658045
-rio	0.0188600167645	0.79128248114	0.164710813076	0.0251466890193
-rim	0.338673967986	0.471034540859	0.111245155855	0.0790463352991
-rih	0.632083450803	0.181843811672	0.0338314068227	0.152241330702
-rii	0.0	1.0	0.0	0.0
-ños	0.0	0.986970684039	0.0117263843648	0.00130293159609
-ñor	0.00295455203777	0.984512740299	0.000289661964488	0.012243045699
-søg	0.0418326693227	0.0517928286852	0.906374501992	0.0
-riu	0.0	0.809192944949	0.190807055051	0.0
-ris	0.0	1.0	0.0	0.0
-utu	0.0396658575284	0.0430730529827	0.0168325626178	0.900428526871
-teh	0.465005046659	0.332956243779	0.0992286050092	0.102810104553
-tei	0.022807906741	0.891535732387	0.0268626457172	0.0587937151545
-dza	0.507166482911	0.423373759647	0.0694597574421	0.0
-wam	0.12724463028	0.658036234166	0.0112028521143	0.20351628344
-ten	0.315165179884	0.584354475051	0.0416625820998	0.0588177629644
-teo	0.0295774647887	0.952112676056	0.00140845070423	0.0169014084507
-ran	0.291936061202	0.534048973953	0.0715046658071	0.102510299038
-øwa	0.433421482289	0.160019114509	0.0577240460813	0.348835357121
-ara	0.487214251052	0.126601306247	0.0733973700614	0.31278707264
-mes	0.0	0.968253968254	0.031746031746	0.0
-mer	0.517777824559	0.213607561628	0.0558841897704	0.212730424043
-lus	0.0199004975125	0.930348258706	0.0497512437811	0.0
-ari	0.319814147379	0.281384341482	0.200327123771	0.198474387367
-rón	0.0590551181102	0.909448818898	0.0236220472441	0.00787401574803
-aru	0.29655288949	0.593190266982	0.0798411625549	0.0304156809733
-lun	0.195692307692	0.640923076923	0.0664615384615	0.0969230769231
-día	0.11052631579	0.48947368421	0.4	0.0
-kug	0.223126089483	0.281812899477	0.251016850668	0.244044160372
-gyu	0.389371375677	0.209414391114	0.054504369606	0.346709863603
-men	0.0	0.660056657224	0.0679886685552	0.271954674221
-mei	0.0	1.0	0.0	0.0
-rri	0.194083691653	0.409136339695	0.0565963933024	0.34018357535
-nmø	0.457142857143	0.179365079365	0.0777777777778	0.285714285714
-nun	0.0860683189702	0.0431338549244	0.00825914405234	0.862538682053
-aya	0.0680969767666	0.128322145703	0.0573709705726	0.746209906958
-red	0.0	1.0	0.0	0.0
-ayo	0.0	1.0	0.0	0.0
-rai	0.323702821885	0.276156594372	0.0372644256373	0.362876158107
-ayi	0.108636977058	0.52294197031	0.311740890688	0.0566801619432
-ayu	0.129626157859	0.775733962729	0.0337254943898	0.0609143850216
-køb	0.595942562739	0.125082765535	0.0492261658155	0.22974850591
-øni	0.0939095456655	0.862771388789	0.0324892991594	0.0108297663865
-rag	0.18858392657	0.455344324199	0.250599337333	0.105472411898
-køh	0.526631064395	0.0686615241163	0.0101720776469	0.394535333842
-ago	0.011639185257	0.986905916586	0.00145489815713	0.0
-øna	0.290529695024	0.626003210273	0.0345104333868	0.0489566613162
-bás	0.0296610169491	0.775423728814	0.186440677966	0.00847457627118
-køn	0.0717390686139	0.000876567815806	1.26428050356e-05	0.927371720765
-ndi	0.51112096642	0.177858334217	0.0327314096199	0.278289289743
-sri	0.153455088125	0.750891135394	0.0114060835442	0.084247692937
-aón	0.175182481752	0.715328467153	0.0656934306569	0.043795620438
-sre	0.138985793388	0.790871843594	0.0140284726037	0.0561138904146
-sra	0.316005570483	0.405495064713	0.0299489586387	0.248550406166
-ubi	0.539921663151	0.333534197047	0.0	0.126544139801
-dán	0.0	0.997778189224	0.0	0.00222181077578
-xad	0.0	1.0	0.0	0.0
-nug	0.188849703375	0.445878060236	0.0311359662485	0.334136270141
-bpa	0.0259547645532	0.936225435669	0.0378197997775	0.0
-uba	0.204189838292	0.100846803588	0.185272262345	0.509691095775
-sru	0.110917216198	0.748456324231	0.0523516263933	0.0882748331774
-bpe	0.0	1.0	0.0	0.0
-ube	0.165021580555	0.287907455857	0.0390639935949	0.508006969993
-øgu	0.756043956044	0.107692307692	0.0131868131868	0.123076923077
-ota	0.0	1.0	0.0	0.0
-tán	0.0	1.0	0.0	0.0
-søl	0.0979347540121	0.0591949486977	0.236122073139	0.606748224152
-ote	0.0197297521346	0.945370140098	0.033905330349	0.000994777418552
-søn	0.538856156034	0.439811052418	0.0	0.0213327915481
-lma	0.27632602495	0.677864530813	0.0207438992769	0.0250655449595
-sus	0.186433447099	0.613054607509	0.0	0.200511945392
-søb	0.310018903592	0.519848771267	0.170132325142	0.0
-iji	0.240875912409	0.065693430657	0.058394160584	0.63503649635
-oto	0.0689655172414	0.586206896552	0.0689655172414	0.275862068966
-rán	0.155030236394	0.811984606927	0.0	0.0329851566795
-ábe	0.0	1.0	0.0	0.0
-uma	0.279249836115	0.43134740049	0.0403456935564	0.249057069839
-ába	0.03125	0.96875	0.0	0.0
-ymø	0.721380714212	0.244092917592	0.0	0.0345263681955
-eví	0.00831024930748	0.991689750693	0.0	0.0
-umi	0.041095890411	0.794520547945	0.0	0.164383561644
-kib	0.598571152732	0.108322069898	0.0127437729291	0.280363004441
ALL	0.224338357922	0.264347743936	0.0504986684931	0.460815229649
-nai	0.012358144971	0.0761641436577	0.00650335586976	0.904974355502
-nan	0.0659403670449	0.0764216392627	0.0129581063228	0.84467988737
-car	0.0	0.962962962963	0.0	0.037037037037
-nam	0.0120307748004	0.00890714253526	0.00436584766978	0.974696234995
-nab	0.45514692582	0.320900932475	0.0674767154371	0.156475426268
-zín	0.0	1.0	0.0	0.0
-nag	0.0592617676939	0.896420736466	0.0381336592117	0.00618383662893
-aús	0.15	0.826923076923	0.0230769230769	0.0
-nay	0.47331181601	0.29498273729	0.0660856762109	0.165619770489
-sio	0.0352941176471	0.964705882353	0.0	0.0
-sin	0.431730644089	0.447471446712	0.037512355211	0.0832855539884
-sim	0.0418604651163	0.883720930233	0.0418604651163	0.0325581395349
-eba	0.253555780646	0.510562395469	0.0302583293749	0.20562349451
-nar	0.631430202014	0.25053943336	0.0161243667521	0.101905997873
-nas	0.0589198036006	0.916530278232	0.0049099836334	0.0196399345336
-sia	0.0411043485931	0.94831084061	0.00105848107965	0.00952632971686
-sig	0.264542394423	0.44469068293	0.0469807719047	0.243786150743
-nau	0.650095602294	0.330783938815	0.019120458891	0.0
-goi	0.0206896551724	0.937931034483	0.0206896551724	0.0206896551724
-mos	0.0472440944882	0.952755905512	0.0	0.0
-ønø	0.154175588865	0.229122055674	0.61670235546	0.0
-gon	0.00426985482494	0.96925704526	0.00768573868489	0.0187873612297
-igu	0.214302811563	0.396551948135	0.0771435665845	0.312001673717
-gog	0.0	1.0	0.0	0.0
-gos	0.05625	0.8875	0.046875	0.00937500000002
-yau	0.0446475625129	0.534052022772	0.000168640462749	0.421131774252
-con	0.252741805564	0.540306090836	0.0817894541173	0.125162649483
-yar	0.611601513241	0.208701134931	0.0378310214376	0.141866330391
-ber	0.529231815092	0.322909585316	0.0	0.147858599592
-eos	0.116363636364	0.861818181818	0.0218181818182	0.0
-neh	0.252525252525	0.340909090909	0.330808080808	0.0757575757576
-bet	0.146907216495	0.729381443299	0.0927835051546	0.0309278350515
-cob	0.0	0.987293519695	0.012706480305	0.0
-beh	0.349235757295	0.133742473367	0.0179481241315	0.499073645206
-ben	0.26873143936	0.172301173421	0.039897129911	0.519070257308
-bel	0.0	1.0	0.0	0.0
-yab	0.366000966999	0.30923484147	0.0523654601031	0.272398731428
-yam	0.168930600951	0.260334235392	0.497740459542	0.0729947041146
-yan	0.406660158751	0.249042901732	0.0994982796313	0.244798659886
-yai	0.638066465257	0.149848942598	0.0990936555891	0.112990936556
-yah	0.44670778108	0.0546524799349	0.0144255438624	0.484214195122
-cos	0.152289522757	0.773879411562	0.0321154775883	0.0417155880931
-cor	0.0	1.0	0.0	0.0
-reh	0.313059033989	0.388193202147	0.101967799642	0.196779964222
-ren	0.51879233172	0.208568584095	0.0623181949916	0.210320889194
-reo	0.15859030837	0.709251101322	0.079295154185	0.0528634361234
-isi	0.712418300654	0.0392156862745	0.0392156862745	0.209150326797
-ish	0.328459687124	0.228900922583	0.227837946249	0.214801444043
-reb	0.418455197946	0.15682028535	0.0859630127657	0.338761503938
-rea	0.0589970501475	0.914454277286	0.0191740412979	0.00737463126844
-lya	0.368932038835	0.611650485437	0.0	0.0194174757281
-isa	0.190893523834	0.191724171629	0.208678048466	0.408704256071
-eve	0.0272289173984	0.0621150673879	0.157322633858	0.753333381356
-rey	0.107064946304	0.823370332754	0.0154147560983	0.0541499648435
-eva	0.243362831858	0.697640117994	0.0294985250738	0.0294985250738
-rer	0.412106395042	0.157539511334	0.049258372138	0.381095721486
-lyu	0.158291371609	0.798572354138	0.0339293224366	0.00920695181696
-isu	0.0862266748241	0.752791373509	0.0812557356991	0.0797262159682
-isr	0.483897194003	0.282306323199	0.0519889547276	0.181807528071
-ret	0.0439469320066	0.946102819237	0.0	0.00995024875623
-reu	0.454314720812	0.447335025381	0.0	0.0983502538071
-may	0.215694051624	0.460340601031	0.0971111516919	0.226854195653
-avi	0.384615384615	0.615384615385	0.0	0.0
-hab	0.451556581354	0.114996529184	0.0270845039638	0.406362385499
-hag	0.00550985871148	0.956655778136	0.0378343631521	0.0
-hai	0.362542444913	0.183294763784	0.0471136470265	0.407049144277
-mas	0.118650356384	0.0446036535906	0.272505844143	0.564240145882
-mar	0.286502312373	0.474329755402	0.0301478501264	0.209020082098
-ham	0.00606060606063	0.993939393939	0.0	0.0
-mai	0.46318036286	0.366862326574	0.147545357524	0.0224119530417
-mah	0.455407483342	0.203741670938	0.107637109175	0.233213736545
-har	0.488261816131	0.0837180992249	0.0150675497981	0.412952534846
-mam	0.0223425863237	0.166215301286	0.579214624238	0.232227488152
-mal	0.116103332316	0.769143374115	0.0193914656512	0.0953618279174
-man	0.403986878627	0.232147363109	0.132475397426	0.231390360838
-hay	0.13321799308	0.787197231834	0.0692041522492	0.0103806228374
-mab	0.504754634013	0.223203578771	0.0803418271465	0.19169996007
-mag	0.750714442735	0.116948779952	0.053198505166	0.0791382721477
-uni	0.110580785407	0.864481154685	0.00549528445185	0.0194427754562
-neg	0.00611327539706	0.976745579862	0.00575367096194	0.0113874737788
-une	0.0782317006248	0.0397581537358	0.0104134381131	0.871596707526
-una	0.355748271049	0.229852431509	0.021249235498	0.393150061944
-bøl	0.031339031339	0.962962962963	0.0	0.005698005698
-ush	0.283073367995	0.626805314847	0.048526863085	0.0415944540728
-pto	0.0207522697795	0.971465629053	0.0	0.00778210116731
-utø	0.304476516786	0.407081001726	0.0834189284602	0.205023553028
-him	0.194805194805	0.766233766234	0.025974025974	0.012987012987
-tre	0.146138700503	0.186173703785	0.193393130606	0.474294465106
-tra	0.396166613461	0.349202451577	0.106448951378	0.148181983585
-gab	0.398691120381	0.457453807045	0.0598160267404	0.0840390458336
-gaa	0.0495867768595	0.611570247934	0.198347107438	0.140495867769
-øtø	0.160311573383	0.138392482723	0.0577296997196	0.643566244174
-mbø	0.0665256559249	0.545068286084	0.20865707123	0.179748986761
-gan	0.154284832974	0.119941727267	0.180926787391	0.544846652368
-tro	0.0165523764483	0.42815480413	0.0595097343737	0.495783085048
-gal	0.0390964378801	0.491746307559	0.469157254561	0.0
-gai	0.129208051332	0.58161202426	0.224575898743	0.0646040256658
-adi	0.0	1.0	0.0	0.0
-tru	0.0102547898116	0.00158943534137	0.000893508091756	0.987262266755
-gau	0.490791722043	0.398817434701	0.0343106674985	0.0760801757574
-gas	0.0634057971014	0.771739130435	0.0190217391304	0.145833333333
-gar	0.537947567199	0.117919775252	0.063564656483	0.280568001065
-lam	0.365029292474	0.414150518251	0.175754844525	0.0450653447499
-ebú	0.0	1.0	0.0	0.0
-hib	0.297677143512	0.139864943231	0.0208517014991	0.541606211758
-gay	0.457763578167	0.326272668451	0.0492977829076	0.166665970474
-seo	0.00333645353524	0.986376148064	0.0102873984003	0.0
-eña	0.641087906751	0.262587016351	0.0380443581027	0.0582807187956
-sem	0.0	1.0	0.0	0.0
-srø	0.133887840603	0.565337205513	0.0982869080132	0.202488045871
-chi	0.207667689594	0.114400658649	0.0143695989856	0.663562052771
-lbe	0.134637664457	0.813829311174	0.0264115236882	0.0251215006803
-ina	0.0694716790857	0.904196313519	0.0106448540535	0.0156871533419
-ømø	0.159185057962	0.188891833099	0.0706078700133	0.581315238925
-ine	0.0925962274127	0.278329454461	0.0981401441259	0.530934174001
-sea	0.06	0.94	0.0	0.0
-món	0.00255836264791	0.992452830189	0.000383754397185	0.00460505276623
-uez	0.0777202072538	0.712435233161	0.155440414508	0.0544041450777
-uim	0.254441025641	0.123413333333	0.0393846153846	0.582761025641
-uin	0.30913615327	0.232672899779	0.053156485989	0.405034460962
-set	0.0	1.0	0.0	0.0
-ses	0.0	0.707943925234	0.292056074766	0.0
-ser	0.52107925801	0.02975186702	0.00120452902915	0.447964345941
-uig	0.455992137869	0.16133581794	0.122070903308	0.260601140884
-ñam	0.121951219512	0.463414634146	0.390243902439	0.0243902439024
-ñal	0.377677564825	0.54114994363	0.0473506200676	0.0338218714769
-iag	0.775700934579	0.0336448598131	0.0	0.190654205607
-eda	0.0	0.539267015707	0.460732984293	0.0
-dón	0.0274809160305	0.954198473283	0.018320610687	0.0
-kur	0.13440538135	0.0133078871697	0.0	0.85228673148
-són	0.0842696629213	0.915730337079	0.0	0.0
-iam	0.402684563758	0.436241610738	0.161073825503	0.0
-ena	0.380922663338	0.547549325524	0.0256828764822	0.0458451346551
-ian	0.0327466230045	0.955382726156	0.0094146541138	0.00245599672534
-iai	0.0416570238371	0.899644442574	0.0018935010835	0.0568050325051
-iah	0.56204379562	0.175182481752	0.043795620438	0.21897810219
-kuy	0.423076923077	0.24358974359	0.141025641026	0.192307692308
-rso	0.0	0.921568627451	0.078431372549	0.0
-nen	0.591238640653	0.151881584815	0.0252338970436	0.231645877488
-aan	0.0117096018735	0.988290398126	0.0	0.0
-bed	0.0	1.0	0.0	0.0
-kua	0.390994679854	0.057815135743	0.0107412159922	0.540448968411
-iar	0.518869217903	0.112612077396	0.0332690497299	0.335249654971
-ñau	0.335129143553	0.502593855633	0.0554670687684	0.106809932045
-kun	0.387766554433	0.488776655443	0.0308641975308	0.0925925925926
-ooz	0.0	1.0	0.0	0.0
-iay	0.430088601772	0.478909578191	0.0112002240045	0.0798015960319
-kui	0.210777131191	0.0190402356125	0.0292147765033	0.740967856693
-kuh	0.81764122894	0.0872150644202	0.0535183349851	0.0416253716551
-ban	0.394707052955	0.434246504536	0.0934355051301	0.0776109373789
-bal	0.544850498339	0.300110741971	0.0858250276854	0.0692137320045
-bam	0.336535964684	0.453129057388	0.0389509218385	0.171384056089
-non	0.211782444376	0.76044280882	0.0138873734017	0.0138873734017
-bah	0.186852993307	0.615824522122	0.0728333173655	0.124489167206
-bab	0.837284983729	0.106927010693	0.0139470013947	0.0418410041841
-aré	0.0	1.0	0.0	0.0
-unø	0.0919714479041	0.538544305499	0.0413646158679	0.328119630729
-guh	0.249062478847	0.370784539362	0.0259933662763	0.354159615515
-bay	0.490585697405	0.40067807711	0.0267933204481	0.0819429050371
-tsø	0.094605072834	0.701821251701	0.126787509881	0.0767861655849
-bar	0.453703703704	0.319444444445	0.212962962963	0.0138888888889
-gua	0.388514748149	0.0624460399508	0.0246600417158	0.524379170184
-sús	0.116434747307	0.628935503097	0.00148998471146	0.253139764885
-mbu	0.332574694548	0.0856634381737	0.0272425476574	0.554519319621
-asa	0.00953516090585	0.950536352801	0.0357568533969	0.0041716328963
-qui	0.0	1.0	0.0	0.0
-ias	0.00860832137733	0.987087517934	0.0	0.00430416068866
-asi	0.362637362637	0.400313971743	0.105180533752	0.131868131868
-ash	0.322440363606	0.362342002781	0.065436699082	0.249780934531
-mba	0.242181908666	0.288873506068	0.0386087412895	0.430335843977
-yem	0.029637789493	0.903349332494	0.0144254727621	0.0525874052509
-mbe	0.0934220097239	0.175493003347	0.0256230380472	0.705461948882
-øti	0.301775147929	0.245562130178	0.0	0.452662721893
-yen	0.532943612227	0.338570210693	0.0274022652539	0.101083911826
-mbi	0.709074790113	0.228493302856	0.0332720941659	0.0291598128645
-dro	0.0114503816794	0.94427480916	0.00381679389313	0.0404580152672
-trø	0.0188386524823	0.0110815602837	0.00110815602837	0.968971631206
-øta	0.474318572888	0.293659930985	0.137046323437	0.0949751726904
-trú	0.875899280576	0.0431654676259	0.0809352517986	0.0
-ray	0.47825287214	0.29898144561	0.0813130325785	0.141452649672
-430	0.220338983051	0.0	0.0	0.779661016949
-cbe	0.0564430244941	0.892438764643	0.00958466453674	0.0415335463259
-rar	0.604385388237	0.119078974295	0.0248808767846	0.251654760684
-ras	0.108923474415	0.343141315383	0.036213627508	0.511721582694
-rap	0.0394736842105	0.394736842105	0.486842105263	0.0789473684211
-cba	0.0181653042688	0.967302452316	0.00544959128065	0.00908265213442
-inø	0.16179337232	0.169590643275	0.624756335283	0.0438596491228
-eri	0.110033009903	0.87366209863	0.00210063018906	0.0142042612784
-ral	0.0485713269046	0.860264028751	0.0687471088496	0.0224175354944
-ram	0.272537129171	0.454862260542	0.0855852412065	0.187015369081
-uía	0.020979020979	0.979020979021	0.0	0.0
-øma	0.359630251306	0.332821106882	0.0551786094234	0.252370032389
-rah	0.393648748661	0.209616983289	0.0579805393456	0.338753728704
-ero	0.342105263158	0.118421052632	0.0	0.53947368421
-era	0.117937898564	0.643854614143	0.0400228135473	0.198184673745
-umø	0.167843567269	0.368600373508	0.0411201319761	0.422435927247
-rab	0.389716801108	0.260528741342	0.056699280125	0.293055177425
-ugu	0.504327407253	0.244463151007	0.0246915263248	0.226517915415
-pos	0.0	0.970297029703	0.029702970297	0.0
-chu	0.123942290132	0.0849465311175	0.00684848115906	0.784262697591
-ñui	0.0253336853404	0.0704807492556	0.0109713662489	0.893214199155
-poi	0.0	1.0	0.0	0.0
-uga	0.0302491103203	0.686832740213	0.216192170819	0.0667259786477
-sku	0.27870669746	0.497367205543	0.00166281755196	0.222263279446
-mne	0.388439053934	0.29916898227	0.0496739093705	0.262718054426
-lag	0.470637234486	0.314452311537	0.138275718451	0.0766347355269
-lab	0.542107281022	0.223789130198	0.0387132628752	0.195390325905
-aat	0.0	1.0	0.0	0.0
-lan	0.200993947483	0.490011560124	0.0726396803229	0.23635481207
-nos	0.0534979423868	0.938271604938	0.00823045267488	0.0
-lah	0.20462633452	0.475088967971	0.0	0.320284697509
-lai	0.207678008272	0.386223301696	0.219770858252	0.18632783178
-laj	0.0	1.0	0.0	0.0
-aam	0.0	0.992647058824	0.0	0.00735294117647
-lau	0.192252095981	0.483473065433	0.0274645851402	0.296810253445
-fos	0.0	0.581624282199	0.418375717801	0.0
-eón	0.0223588596982	0.977641140302	0.0	0.0
-lar	0.188350571584	0.719107240065	0.0217746325531	0.0707675557975
-las	0.0531245081064	0.79242090351	0.0147568078073	0.139697780576
-ppa	0.337915085964	0.264985197587	0.0704015920163	0.326698124433
-noc	0.0	1.0	0.0	0.0
-lay	0.339654038649	0.3818971524	0.0847900290375	0.193658779913
-ppe	0.510854349779	0.186315617801	0.0548220275085	0.248008004911
-myu	0.306175911979	0.37160259349	0.0373305390006	0.284890955531
-gel	0.0233478079829	0.958509309381	0.00654333472131	0.0115995479151
-bon	0.153846153846	0.673076923077	0.134615384615	0.0384615384615
-boi	0.0	1.0	0.0	0.0
-fás	0.00244498777506	0.987775061125	0.0	0.00977995110024
-che	0.129354153192	0.793033354892	0.0	0.0776124919154
-don	0.0287989107915	0.950206199807	0.0168511612305	0.00414372817144
-ger	0.0	1.0	0.0	0.0
-tøø	0.484848484849	0.484848484848	0.030303030303	0.0
-ión	0.00575981568589	0.953921474513	0.0	0.0403187098013
-vos	0.0364583333333	0.94365530303	0.0	0.0198863636364
-stø	0.0731723145275	0.0989508540431	0.0111820155916	0.816694815838
-sau	0.197552447552	0.561188811189	0.0472027972027	0.194055944056
-ton	0.0840305636386	0.562909508039	0.0811854751428	0.271874453179
-say	0.571664764446	0.236999283174	0.0660178829962	0.125318069384
-toi	0.0203971231188	0.834220164773	0.00864660653949	0.136736105568
-upe	0.211822660098	0.581280788177	0.147783251232	0.0591133004926
-sag	0.0941952009768	0.528049565789	0.0175424727668	0.360212760468
-tos	0.0207637446962	0.150943396226	0.0451385754265	0.783154283651
-iro	0.0234375	0.876953125	0.05859375	0.041015625
-ibe	0.33678437184	0.257905378205	0.0695843456218	0.335725904333
-sai	0.220820189274	0.479495268139	0.268138801262	0.0315457413249
-sah	0.509433962264	0.377358490566	0.0283018867925	0.0849056603774
-iba	0.206018988018	0.496521340632	0.0968308168733	0.200628854476
-sam	0.560597053448	0.266836265566	0.0620620246834	0.110504656302
-lon	0.052886301466	0.790559023637	0.00883776390545	0.147716910991
-iel	0.0788747206521	0.714736426975	0.206388852373	0.0
-ien	0.043304390093	0.0166810278164	0.0250546828395	0.914959899251
-uío	0.0697674418605	0.790697674419	0.139534883721	0.0
-ybe	0.187536348574	0.542875592597	0.0702623221717	0.199325736657
-naí	0.0566037735849	0.943396226415	0.0	0.0
-yba	0.178013352939	0.674997019433	0.0743035409132	0.0726860867146
-rtø	0.144427626862	0.728090673323	0.0325287447888	0.0949529550262
-oce	0.0063036687352	0.0204098785493	0.00210122291173	0.971185229804
-iez	0.00873133676766	0.155854361303	0.00209552082424	0.833318781105
-oca	0.325581395349	0.116279069767	0.488372093023	0.0697674418604
-rom	0.0	1.0	0.0	0.0
-ron	0.0697097068339	0.825119133867	0.0339367575602	0.0712344017388
-ier	0.592452830189	0.203773584906	0.135849056604	0.0679245283019
-los	0.0315789473684	0.915789473684	0.0105263157895	0.0421052631579
-ñen	0.503945011025	0.214196297317	0.0892364939361	0.192622197721
-hku	0.556703577162	0.304984975096	0.0242045033549	0.114106944387
-ipo	0.0502392344498	0.942583732057	0.0	0.00717703349283
-sar	0.0950908388094	0.893312717433	0.00695786625436	0.00463857750289
-ipa	0.0	1.0	0.0	0.0
-ida	0.0	1.0	0.0	0.0
-ipe	0.0244215938303	0.97557840617	0.0	0.0
-noé	0.0	1.0	0.0	0.0
-hke	0.527240773287	0.251318101933	0.0105448154657	0.210896309315
-ewa	0.592828476706	0.213597103472	0.0299358750654	0.163638544757
-rdo	0.00193673337637	0.990316333118	0.00387346675275	0.00387346675275
-zbe	0.0384398309868	0.743734460088	0.0128132769956	0.205012431929
-usr	0.0320099255583	0.887841191067	0.0183622828784	0.0617866004962
-awa	0.530141270587	0.224285092516	0.0570292235572	0.18854441334
-hau	0.0112172746029	0.761632914689	0.206117420828	0.0210323898804
-saú	0.0722891566265	0.704819277108	0.222891566265	0.0
-sto	0.0141805801641	0.907393857299	0.00400120136827	0.0744243611684
-øim	0.449864498645	0.421860885276	0.0560072267389	0.0722673893406
-øin	0.0459267919989	0.380975980961	0.100866099632	0.472231127408
-ytø	0.282809054612	0.204319027924	0.0908264926238	0.422045424841
-reg	0.0469965427831	0.800021607606	0.083621434745	0.069360414866
-sta	0.0747503566334	0.839847836424	0.0294816928198	0.0559201141227
-saí	0.0	1.0	0.0	0.0
-øig	0.147767478817	0.181215744075	0.234196966479	0.436819810629
-nøm	0.0528501980889	0.0572472329045	0.0125016849702	0.877400884036
-sab	0.305442013305	0.4509096738	0.0665224012183	0.177125911678
-nøg	0.364016736402	0.200836820084	0.271966527197	0.163179916318
-eyu	0.191586838817	0.289462723865	0.2690545606	0.249895876718
-cua	0.00561009817672	0.96633941094	0.0112201963534	0.0168302945301
-nøb	0.366315336273	0.53133562844	0.0121924051224	0.0901566301653
-uco	0.0	0.636363636364	0.363636363636	0.0
-yyu	0.21107266436	0.0	0.622837370242	0.166089965398
-200	0.0	0.302040816326	0.0612244897959	0.636734693878
-eca	0.0860215053763	0.881720430108	0.0	0.0322580645161
-nøs	0.539007092199	0.290780141844	0.0945626477541	0.0756501182034
-ibi	0.2	0.75652173913	0.0434782608696	0.0
-ioi	0.10773480663	0.825966850829	0.0	0.0662983425415
-ryu	0.0497529648605	0.866643879575	0.0508888773003	0.0327142782645
-mua	0.348837209302	0.372093023256	0.0232558139535	0.255813953488
-ion	0.362589157151	0.512841978368	0.103807387068	0.0207614774135
-len	0.691268130716	0.133395468049	0.0326207258111	0.142715675424
-mub	0.392923115457	0.200967449045	0.0755382544172	0.330571181081
-mum	0.89	0.11	0.0	0.0
-mul	0.0655737704919	0.934426229508	0.0	0.0
-leb	0.592020592021	0.392535392535	0.007722007722	0.007722007722
-mun	0.0353520868712	0.0199373293229	0.00313200376266	0.941578580043
-mui	0.0418003945501	0.0450763329665	0.00762499826883	0.905498274215
-leg	0.0	1.0	0.0	0.0
-mus	0.067264573991	0.690582959641	0.188340807175	0.0538116591928
-mur	0.317565034272	0.172031853863	0.283580884474	0.226822227392
-ios	0.0795843647629	0.834294353942	0.0114136637861	0.0747076175088
-oin	0.63227953411	0.237936772046	0.0232945091514	0.106489184692
-oim	0.646258503401	0.266277939747	0.0388726919339	0.0485908649174
-les	0.297376093295	0.591836734694	0.0641399416909	0.0466472303207
-eel	0.0	1.0	0.0	0.0
-rra	0.457081602611	0.210701648718	0.0446232359239	0.287593512747
-gúi	0.234782076284	0.0441692312028	0.0179285983918	0.703120094121
-rre	0.292186536064	0.189206681257	0.0457806297047	0.472826152974
-eeg	0.181638795171	0.0530008762014	0.0180817196889	0.747278608939
-alu	0.681769302459	0.130762061797	0.150906875045	0.0365617606997
-rro	0.38961038961	0.116883116883	0.298701298701	0.194805194805
-san	0.686085011922	0.183509732728	0.0402018444629	0.0902034108867
-gio	0.0274509803921	0.925490196078	0.0470588235294	0.0
-all	0.667189788659	0.319627537142	0.0131826741996	0.0
-udá	0.0	1.0	0.0	0.0
-ndo	0.0	0.907692307692	0.0923076923078	0.0
-nda	0.619883936951	0.125533870875	0.0201578151035	0.234424377071
-nde	0.102319393682	0.0212013802701	0.00731457421316	0.869164651835
-gia	0.0221606648199	0.853185595568	0.108033240997	0.0166204986149
-ala	0.173156975587	0.295418245644	0.0529182100815	0.478506568687
-ñig	0.434941520468	0.202394005848	0.217927631579	0.144736842105
-ñib	0.474302802698	0.252613765445	0.0574912488119	0.215592183045
-ñim	0.0230367374957	0.0224346247687	0.00593296341793	0.948595674318
-yor	0.0228310502283	0.29597343296	0.643835616438	0.0373599003736
-abø	0.232514532158	0.112741421339	0.178839302456	0.475904744047
-uña	0.230237309445	0.256247053277	0.0785792865001	0.434936350778
-bui	0.281379480942	0.312001401744	0.0512254952485	0.355393622065
-yon	0.0859375	0.9140625	0.0	0.0
-abé	0.20716112532	0.746803069054	0.0153452685422	0.0306905370844
-cla	0.684444444445	0.0	0.315555555555	0.0
-gwa	0.335876235936	0.498369843164	0.0363855267644	0.129368394136
-øbø	0.0779076238174	0.709515859766	0.0578742348358	0.15470228158
-peg	0.0811973308336	0.356915679329	0.252781836842	0.309105152996
-íig	0.313436591918	0.303893478348	0.19264422628	0.190025703454
-cho	0.0118421052631	0.0355263157895	0.322368421053	0.630263157895
-iyu	0.0724522289171	0.835392021847	0.0104578394938	0.0816979097423
-cha	0.198412383961	0.129902098237	0.0250572934027	0.646628224399
-pen	0.0	0.979350694046	0.0206493059539	0.0
-loi	0.0737822349571	0.848853868195	0.0157593123209	0.0616045845273
-peh	0.481472016356	0.392793253258	0.0452338359315	0.0805008944544
-pei	0.0	1.0	0.0	0.0
-mga	0.210561236437	0.485676371868	0.191358988369	0.112403403325
-eli	0.0	0.968253968254	0.031746031746	0.0
-elo	0.0368852459016	0.963114754098	0.0	0.0
-ell	0.308465238719	0.645941746782	0.0199469438432	0.0256460706556
-rka	0.491327468438	0.358452030651	0.120991838062	0.0292286628492
-ela	0.0900584795322	0.909941520468	0.0	0.0
-iya	0.165432098765	0.296296296296	0.0888888888888	0.44938271605
-rke	0.572093023256	0.418604651163	0.0	0.00930232558138
-zøn	0.0087912087912	0.978021978022	0.0	0.0131868131868
-aac	0.0	1.0	0.0	0.0
-itu	0.00284431376936	0.98210319426	0.0101628289736	0.00488966299676
-ter	0.192202086765	0.580724876442	0.0595826468972	0.167490389896
-omé	0.0	0.98347107438	0.0165289256198	0.0
-loc	0.0	0.931707317073	0.0682926829268	0.0
-ito	0.339250493097	0.577909270217	0.0407626561473	0.0420775805391
-øle	0.224042173041	0.0530323461493	0.0584051106579	0.664520370152
-tes	0.130102040816	0.811224489796	0.0433673469388	0.015306122449
-eso	0.0119402985075	0.986069651741	0.00199004975124	0.0
-øla	0.031746031746	0.777777777778	0.150793650794	0.0396825396825
-iti	0.325347732477	0.460032124671	0.0950070059123	0.11961313694
-esa	0.0	1.0	0.0	0.0
-ite	0.193340494092	0.665950590763	0.104189044039	0.0365198711063
-syu	0.539450767065	0.42118197218	0.00524896810059	0.0341182926538
-ita	0.158022231781	0.557017047384	0.195920400263	0.0890403205723
-ndø	0.199275876005	0.151188029986	0.0858881585693	0.56364793544
-spe	0.038961038961	0.922077922078	0.038961038961	0.0
-alø	0.224674050238	0.314216850221	0.199090118538	0.262018981004
-666	0.0172910662824	0.0	0.0	0.982708933718
-úin	0.385399633609	0.120702984075	0.036685985766	0.457211396551
-fas	0.107853050219	0.834850016852	0.00674081563868	0.0505561172901
-bra	0.513091794423	0.203811652274	0.0750376406346	0.208058912669
-úim	0.408611599297	0.0474516695959	0.27885178676	0.265084944347
-bre	0.0314960629921	0.968503937008	0.0	0.0
-úig	0.519825046595	0.0908244083005	0.0324160948597	0.356934450244
-rrø	0.203556491583	0.257301527183	0.266556457211	0.272585524023
-bro	0.278884462151	0.673306772908	0.0	0.0478087649402
-abu	0.0956539671232	0.890069321366	0.0	0.0142767115109
-hun	0.317257324415	0.0451594229786	0.0126490798541	0.624934172752
-uti	0.578544061303	0.340996168582	0.0229885057471	0.0574712643678
-hug	0.0114706065707	0.742098372919	0.00205722835235	0.244373792158
-abe	0.249468067426	0.210489789766	0.0316278056412	0.508414337166
-aba	0.104412278624	0.510423633887	0.0495471961529	0.335616891336
-nja	0.285067873303	0.503770739065	0.0	0.211161387632
-njo	0.0	0.983333333333	0.0166666666667	0.0
-cio	0.0406582768635	0.790900290416	0.16844143272	0.0
-abo	0.0	1.0	0.0	0.0
-lot	0.0605710989327	0.818286703202	0.121142197866	0.0
-vas	0.0763872703893	0.879201525896	0.0159880333373	0.0284231703775
-elø	0.400513139256	0.293614641808	0.0824792664449	0.223392952491
-nco	0.0245484832544	0.0835232918347	0.302764626805	0.589163598106
-ntø	0.41547277937	0.398280802292	0.0573065902578	0.12893982808
-nce	0.00667408231367	0.143492769744	0.00667408231368	0.843159065628
-ada	0.00641254007837	0.898824367652	0.0890630566442	0.00570003562524
-tul	0.13056379822	0.833827893175	0.0118694362018	0.0237388724036
-ael	0.0100035100035	0.97736047736	0.001053001053	0.011583011583
-tun	0.0486762656758	0.874129122155	0.0161634928008	0.0610311193683
-roi	0.127122333478	0.745755333043	0.0696560731389	0.0574662603396
-tur	0.00928041119361	0.969303255283	0.0142775556825	0.00713877784123
-soi	0.0	0.954545454545	0.0454545454545	0.0
-oro	0.0191082802548	0.673743807502	0.305024769993	0.00212314225053
-ado	0.0454014354865	0.787681522283	0.0901352028043	0.0767818394258
-øba	0.109653962498	0.303087155627	0.0821660558314	0.505092826043
-pøl	0.101910828026	0.898089171974	0.0	0.0
-øbe	0.173542539083	0.301789472863	0.0466774154127	0.477990572642
-gam	0.495689655173	0.465517241379	0.0129310344827	0.0258620689655
-løm	0.0324761536669	0.774766601464	0.0222359250332	0.170521319836
-ruy	0.826504494337	0.106130839615	0.0208089806119	0.0465556854367
-lix	0.120967741935	0.774193548387	0.0725806451613	0.0322580645161
-rur	0.717078832227	0.148975760221	0.0172664001923	0.11667900736
-rus	0.216494845361	0.515463917526	0.0	0.268041237114
-tea	0.0237154150198	0.96442687747	0.0118577075099	0.0
-løb	0.634589301664	0.234112937907	0.0328823315359	0.0984154288928
-rut	0.0652173913043	0.934782608696	0.0	0.0
-lis	0.00862068965516	0.715517241379	0.0	0.275862068966
-éma	0.241578768288	0.635930588636	0.030622660769	0.091867982307
-jes	0.16172645126	0.622638280394	0.215635268346	0.0
-ruh	0.238805970149	0.716417910448	0.0	0.044776119403
-rui	0.593266415726	0.290673358427	0.0491426181514	0.0669176076955
-run	0.527595032886	0.107037004461	0.0380171246719	0.32735083798
-rul	0.288590604027	0.389261744966	0.322147651007	0.0
-rum	0.42648498375	0.462312541603	0.0297584087083	0.0814440659384
-rub	0.141062491961	0.593410092951	0.135055067373	0.130472347716
-oma	0.176712395408	0.560541934228	0.245232535513	0.0175131348511
-sbe	0.0230497843528	0.723608964176	0.00537895961434	0.247962291857
-rug	0.13986940017	0.676498269849	0.0205984571387	0.163033872842
-lib	0.657613718041	0.189393161515	0.0487729746381	0.104220145806
-sba	0.258822398746	0.574451176012	0.00596969685769	0.160756728384
-eas	0.0	1.0	0.0	0.0
-enh	0.792469352014	0.207530647986	0.0	0.0
-nii	0.0	1.0	0.0	0.0
-íos	0.0243338312533	0.844118922565	0.0601358839686	0.0714113622127
-ode	0.0	1.0	0.0	0.0
-rna	0.0	1.0	0.0	0.0
-eai	0.0	1.0	0.0	0.0
-yay	0.44012331041	0.431823571259	0.0497984349064	0.0782546834242
-bga	0.331924577373	0.180429128739	0.346228868661	0.141417425228
-rni	0.0	1.0	0.0	0.0
-zer	0.0	1.0	0.0	0.0
-uri	0.540431266846	0.315363881402	0.0808625336927	0.0633423180593
-res	0.00578146078242	0.771632299094	0.112738485257	0.109847754866
-bua	0.474976836023	0.242985057718	0.0162248989484	0.26581320731
-tøb	0.670731707317	0.00914634146342	0.0457317073171	0.274390243902
-are	0.336133069829	0.284914361001	0.0588768115942	0.320075757576
-ura	0.253636868406	0.578345363687	0.103387007218	0.0646307606886
-rga	0.260151410874	0.712319339298	0.0275292498279	0.0
-døø	0.290870488323	0.23991507431	0.0700636942676	0.3991507431
-yul	0.0257900769609	0.974209923039	0.0	0.0
-røb	0.253794839554	0.156909290531	0.0331733451769	0.556122524737
-tør	0.0767825545579	0.687020774625	0.151137580007	0.0850590908098
-røg	0.335453609304	0.414641025933	0.114461403228	0.135443961535
-rgu	0.644612476371	0.17202268431	0.0226843100189	0.160680529301
-røm	0.238726790451	0.437665782493	0.259946949602	0.0636604774536
-røl	0.142097631706	0.768003866602	0.0376993716771	0.0521991300145
-røn	0.15038930284	0.226036234294	0.0407405834943	0.582833879371
-pah	0.367726920093	0.385570209465	0.10705973623	0.139643134212
-pai	0.178571428571	0.517857142857	0.303571428571	0.0
-wau	0.598623853211	0.160550458716	0.19495412844	0.045871559633
-apa	0.158333333333	0.775	0.0	0.0666666666666
-nza	0.0203252032521	0.735772357724	0.040650406504	0.20325203252
-pan	0.147710487445	0.838947920141	0.0133415924143	0.0
-bya	0.536846937072	0.0577185222278	0.0111278028153	0.394306737885
-gbe	0.208737864078	0.791262135922	0.0	0.0
-lim	0.174165457184	0.626995645864	0.181422351234	0.0174165457184
-way	0.670774647887	0.244718309859	0.0	0.0845070422535
-wag	0.491978609626	0.142045454546	0.0701871657753	0.295788770053
-pay	0.239680426099	0.725699067909	0.0	0.034620505992
-byu	0.164709829007	0.567328560532	0.13973083599	0.12823077447
-wab	0.194795731658	0.566559256441	0.117784218793	0.120860793108
-aín	0.0	0.976940814758	0.00768639508071	0.0153727901614
-wan	0.200898377562	0.516622861186	0.0458195170232	0.236659244229
-par	0.36230558097	0.268069533394	0.309240622141	0.0603842634949
-wal	0.292237442922	0.287671232877	0.365296803653	0.054794520548
-dul	0.10160029773	0.597072323533	0.301327378737	0.0
-ñør	0.0897435897436	0.5	0.0	0.410256410257
-wai	0.234326316738	0.341476032404	0.365586678006	0.058610972852
-wah	0.118609406953	0.783231083845	0.0245398773006	0.0736196319019
-keg	0.0257886693592	0.841038096278	0.00327475166466	0.129898482698
-erø	0.416088765603	0.391816920943	0.150485436893	0.0416088765604
-sué	0.019404915912	0.980595084088	0.0	0.0
-aro	0.00274223034735	0.986288848263	0.00548446069469	0.0054844606947
-keb	0.177224736048	0.645550527903	0.0641025641025	0.113122171946
-suy	0.51904296875	0.2294921875	0.0380859375	0.21337890625
-nui	0.0158028104465	0.00558794859159	0.00488769618758	0.973721544774
-ken	0.272284243335	0.201865112063	0.152468829055	0.373381815548
-icó	0.00761421319797	0.992385786802	0.0	0.0
-sur	0.526197623057	0.159845767138	0.00219635405227	0.311760255753
-keh	0.44776119403	0.0597014925373	0.0671641791045	0.425373134328
