-okõ	0.692124105012	0.17661097852	0.131264916468	0.0
-ivy	0.449482895784	0.18589233625	0.0487934234951	0.315831344471
-eus	0.0	1.0	0.0	0.0
-cas	0.0282685512368	0.950530035336	0.00706713780918	0.0141342756184
-car	0.0530973451327	0.87610619469	0.0	0.070796460177
-u-a	0.114730440161	0.512215235543	0.182558499124	0.190495825173
-ive	0.17575483353	0.104164462307	0.0536683068845	0.666412397278
-rbe	0.0101522842639	0.989847715736	0.0	0.0
-caz	0.0	1.0	0.0	0.0
-naĩ	0.135922330097	0.165048543689	0.446601941748	0.252427184466
-xei	0.53549162693	0.224455887284	0.0971557878837	0.142896697903
-ija	0.173175001903	0.568927456801	0.0639415391642	0.193956002131
-xee	0.0745686492581	0.0158364889625	0.00123170211518	0.908363159664
-õxe	0.473282442748	0.452290076336	0.0515267175572	0.0229007633588
-xea	0.34195229308	0.313207180262	0.110092668139	0.234747858519
-oyi	0.236989878449	0.396970467255	0.280769053011	0.0852706012848
-plo	0.0154806989569	0.970500298983	0.00179390073749	0.0122251013222
-zio	0.0	0.745454545455	0.254545454545	0.0
-oaẽ	0.667054714785	0.28055878929	0.0314318975553	0.0209545983702
-r-a	0.0525502318393	0.595981452859	0.010200927357	0.341267387944
-ufo	0.0	0.981481481481	0.0185185185185	0.0
-aum	0.00657894736842	0.993421052632	0.0	0.0
-aul	0.139534883721	0.860465116279	0.0	0.0
-ajy	0.236410830619	0.605939535831	0.080924267101	0.0767253664495
-uaa	0.449711375036	0.12475131778	0.0576476110272	0.367889696157
-eao	0.261904761905	0.671130952381	0.0624999999999	0.00446428571428
-uae	0.0625	0.796875	0.140625	0.0
-nto	0.0315981365202	0.739720478023	0.0802106542435	0.148470731213
-uai	0.261615579138	0.22559886936	0.0197305231166	0.493055028386
-nte	0.0705905315435	0.622790657327	0.00113855696038	0.305480254169
-pua	0.338297183555	0.520556814503	0.121722240207	0.0194237617352
-oĩa	0.3551319696	0.0957954786804	0.0603001044113	0.488772447308
-mbi	0.214010777521	0.732101616628	0.0238645111624	0.0300230946882
-a'ã	0.554231928022	0.247064474191	0.0729075828506	0.125796014937
-pui	0.8	0.110526315789	0.0210526315789	0.0684210526316
-ára	0.0337232205796	0.771691743796	0.0222084297121	0.172376605912
-pra	0.0798081116441	0.808983863934	0.100741386829	0.0104666375927
-pre	0.0	0.98969072165	0.0103092783505	0.0
-opy	0.559462795034	0.253379909204	0.0208759019234	0.166281393838
-arã	0.2359062697	0.363716405029	0.148504312802	0.251873012469
-das	0.0511049723757	0.934910220994	0.00207182320442	0.0119129834254
-yxĩ	0.270042194093	0.704641350211	0.00632911392405	0.0189873417722
-aré	0.0164128930196	0.980027684398	0.00355942258256	0.0
-arõ	0.400466316748	0.437886609118	0.065395682413	0.0962513917206
-'ẽa	0.604962296278	0.317805886646	0.0367307224519	0.0405010946242
-opo	0.198370939998	0.764241627036	0.00576747951027	0.0316199534554
-opi	0.409610983982	0.508009153318	0.0823798627002	0.0
-exĩ	0.661323975021	0.15642486932	0.0444568959797	0.137794259678
-ope	0.111403197158	0.833392539964	0.03730017762	0.0179040852575
-'ẽi	0.325476792636	0.34991089492	0.195804763697	0.128807548746
-opa	0.188677219121	0.225437198729	0.133209375413	0.452676206737
-'ia	0.311829707518	0.263935351569	0.0772794475573	0.346955493356
-dea	0.324345365217	0.209809264305	0.0798501888421	0.385995181635
-naa	0.280992616955	0.600366055886	0.0692547459971	0.0493865811619
-oky	0.276478094428	0.685240323267	0.0357294768184	0.00255210548703
-dee	0.0671648938718	0.0429940457503	0.00239447036976	0.887446590008
-dei	0.556535941577	0.226631873393	0.0743424634388	0.142489721591
-'re	0.60484214216	0.132645652337	0.0157732655667	0.246738939936
-tỹi	0.70981210856	0.29018789144	0.0	0.0
-etẽ	0.0496331947723	0.376704883311	0.167935007066	0.405726914851
-ima	0.370431153232	0.11590134965	0.0226794583612	0.490988038756
-yje	0.248385116818	0.288447868839	0.395405805629	0.0677612087148
-oko	0.532245470451	0.310091530865	0.0925213644317	0.0651416342525
-des	0.00874016455598	0.953120935563	0.0341660978098	0.0039728020709
-ime	0.0960227272728	0.834375	0.0227272727273	0.046875
-deu	0.0248785499029	0.809281966533	0.136912159198	0.028927324367
-oke	0.576834199884	0.114288465242	0.0423647217408	0.266512613133
-dez	0.0396794319576	0.0344584540685	0.000783146683376	0.925078967291
-oka	0.172988960347	0.347422361316	0.114351549335	0.365237129002
-moũ	0.0205338809035	0.0246406570842	0.954825462012	0.0
-yma	0.129786567556	0.24979469509	0.252884851461	0.367533885893
-ido	0.245901639344	0.508196721311	0.0	0.245901639344
-ytu	0.116695799853	0.845638697024	0.0146290123735	0.0230364907491
-rpo	0.0	0.955223880597	0.0	0.044776119403
-vẽi	0.559048428207	0.262531860663	0.071367884452	0.107051826678
-ymi	0.099173553719	0.826446280992	0.0247933884298	0.0495867768594
-haĩ	0.190893286975	0.290518855309	0.0260764910404	0.492511366676
-eca	0.0491803278689	0.852459016393	0.0655737704918	0.0327868852459
-oba	0.204637096774	0.774193548387	0.0211693548387	0.0
-ida	0.0302013422819	0.969798657718	0.0	0.0
-bia	0.0503875968992	0.926356589147	0.015503875969	0.00775193798451
-oxẽ	0.635595768307	0.170358106402	0.0223089905432	0.171737134748
-ryi	0.13421474359	0.794871794872	0.0504807692308	0.0204326923077
-u'ũ	0.228187919463	0.711409395973	0.0604026845637	0.0
-õve	0.665511579414	0.180485741052	0.107251866104	0.0467508134299
-a'y	0.0407295467274	0.604677056148	0.00883368735145	0.345759709773
-tes	0.00115406809002	0.99653779573	0.0	0.00230813618004
-eje	0.655725921042	0.0708227453582	0.0239726309674	0.249478702632
-ria	0.0319493947276	0.834344796583	0.027486112449	0.10621969624
-rio	0.0490196078431	0.921568627451	0.0294117647059	0.0
-etỹ	0.024041280638	0.957663891169	0.00809194323912	0.0102028849537
-a'u	0.267684598655	0.14179584811	0.0495085707678	0.541010982467
-eru	0.267024317163	0.557949895088	0.01567877525	0.159347012499
-tea	0.253095017396	0.477907187472	0.13233053845	0.136667256682
-a'i	0.103874464864	0.756454651865	0.0759936639178	0.063677219353
-a'o	0.484047097982	0.280135085053	0.177017990598	0.058799826367
-eju	0.723884539647	0.15907016954	0.0315546803708	0.0854906104414
-gre	0.0856164383562	0.541095890411	0.33904109589	0.0342465753424
-ejy	0.298205140036	0.114797213122	0.0083975453329	0.578600101509
-a'a	0.553854621762	0.390759916062	0.0553854621762	0.0
-lau	0.0707964601769	0.893805309735	0.0176991150442	0.0176991150442
-sia	0.00900225056265	0.984996249062	0.00150037509377	0.00450112528132
-moĩ	0.414324039006	0.250927516884	0.0240825466371	0.310665897473
-teo	0.0067214339059	0.954443614638	0.00298730395818	0.0358476474982
-meu	0.00584795321637	0.900584795322	0.00584795321637	0.0877192982456
-are	0.462121718455	0.308603668918	0.119232310294	0.110042302333
-e'e	0.696202531646	0.256329113924	0.0316455696202	0.0158227848101
-pas	0.0407055630936	0.93894165536	0.0101763907734	0.0101763907734
-ara	0.517001396356	0.404622401276	0.0177261457967	0.0606500565714
-e'a	0.55094159081	0.136731255915	0.0502135665593	0.262113586715
-e'o	0.62043201657	0.310918774967	0.0381713271194	0.0304778813434
-aro	0.0441002828349	0.895680588736	0.0358623719692	0.0243567564599
-ẽ'i	0.178091872792	0.544876325088	0.197879858657	0.0791519434629
-e'i	0.447891300217	0.0774299168357	0.0323403804858	0.442338402461
-aru	0.395366400934	0.438194938603	0.0475435082395	0.118895152224
-e'u	0.586746441249	0.148946636595	0.0173677679814	0.246939154174
-mea	0.239273094397	0.182735991923	0.389197375063	0.188793538617
-xaĩ	0.184245660881	0.178905206943	0.404539385848	0.232309746328
-ixĩ	0.396600566572	0.341359773371	0.106232294618	0.155807365439
-mei	0.0	1.0	0.0	0.0
-ary	0.0352941176471	0.873202614379	0.0738562091503	0.0176470588235
-e'y	0.185013909858	0.638928593624	0.0749779745345	0.101079521983
-tye	0.181818181818	0.69696969697	0.121212121212	0.0
-aya	0.645649987973	0.187016979429	0.0186964282232	0.148636604374
-tya	0.484641719367	0.322428795587	0.0721553896629	0.120774095383
-o'õ	0.600127770199	0.285638081423	0.0485273746597	0.0657067737182
-noẽ	0.529483394436	0.187551884728	0.018641256947	0.264323463889
-rai	0.524303851317	0.332967309204	0.062681460679	0.0800473787996
-ayi	0.201047120419	0.176963350785	0.584293193717	0.0376963350785
-tyi	0.617313616825	0.232431162657	0.0393741089911	0.110881111527
-oxã	0.770179372197	0.229820627803	0.0	0.0
-moã	0.0	0.96511627907	0.0348837209302	0.0
-ũve	0.332288401254	0.385579937304	0.257053291536	0.0250783699059
-vua	0.284050298264	0.479112643026	0.0463405783613	0.190496480349
-bás	0.0698594024604	0.898945518453	0.018014059754	0.0131810193322
-vui	0.631818027794	0.199838038379	0.0973201681607	0.0710237656661
-aua	0.507876792852	0.184105337409	0.250117564072	0.0579003056666
-yxa	0.188665012891	0.56585230568	0.102252832527	0.143229848902
-yxe	0.297587091971	0.62536737333	0.0511236725577	0.0259218621419
-ito	0.015745320762	0.751683170482	0.048329387339	0.184242121417
-xay	0.278617710583	0.595032397408	0.0842332613391	0.0421166306696
-yxo	0.638916645538	0.357951410121	0.0	0.00313194434087
-xaa	0.459312282322	0.344994131117	0.0454758285388	0.150217758022
-zim	0.0	0.883441258094	0.0388529139685	0.0777058279371
-u'ã	0.511151577003	0.143073897543	0.0126496679815	0.333124857473
-opĩ	0.838833461243	0.105909439754	0.0276285495012	0.0276285495012
--ve	0.0706331530385	0.246897868279	0.0190900413618	0.663378937321
-yxy	0.106374115533	0.802434256333	0.0203077856926	0.0708838424413
-exa	0.564043127273	0.142481517812	0.0255395540563	0.267935800859
-ota	0.47860408787	0.235062458102	0.0562328200644	0.230100633964
-nhy	0.598364302726	0.255789651414	0.0421223156179	0.103723730242
-ote	0.00790688340357	0.928075456552	0.0592012843668	0.0048163756773
-sus	0.0065160123755	0.86617281384	0.00331545214068	0.123995721644
-ã'i	0.298060699419	0.52332944734	0.0930180983406	0.0855917549007
-oto	0.037037037037	0.925925925926	0.0	0.037037037037
-iju	0.0912547528517	0.262357414449	0.6463878327	0.0
-nho	0.137484466688	0.211141350051	0.0630618745937	0.588312308668
-atõ	0.0870920984817	0.852437841874	0.0159732233023	0.0444968363422
-upã	0.611450084383	0.25126574062	0.0603660911334	0.0769180838635
-nhe	0.17127536017	0.0831047520202	0.134578792596	0.611041095213
-oty	0.509325999469	0.374179224056	0.0322323054765	0.0842624709979
-nha	0.0884747284234	0.621997746533	0.0301186067853	0.259408918259
-reõ	0.139534883721	0.837209302326	0.0232558139535	0.0
ALL	0.209851890376	0.275635158273	0.050867137212	0.463645814138
-nai	0.277459526775	0.592528019925	0.0552926525529	0.0747198007472
-ake	0.29020979021	0.363636363636	0.104895104895	0.241258741259
-avã	0.239400584795	0.565423976608	0.0285087719298	0.166666666667
-aka	0.372936590824	0.431676486274	0.103118235633	0.0922686872696
-aús	0.0	0.913043478261	0.0434782608696	0.0434782608696
-adã	0.0204081632653	0.979591836735	0.0	0.0
-sio	0.0	1.0	0.0	0.0
-nas	0.0304291991248	0.969570800875	0.0	0.0
-aku	0.143732896676	0.642617119475	0.166865315852	0.0467846679959
-avõ	0.0693705947817	0.114999381724	0.0401879559787	0.775442067516
-mos	0.0388813096862	0.961118690314	0.0	0.0
-mor	0.0	0.965517241379	0.0344827586207	0.0
-goo	0.0387518436045	0.780358020764	0.112062234304	0.0688279013274
-goa	0.246388443018	0.477528089888	0.147271268058	0.128812199037
-ebe	0.0	1.0	0.0	0.0
-kãa	0.0803153953657	0.80850447922	0.0898432033372	0.0213369220771
-dya	0.156447534766	0.131242098609	0.690976611884	0.0213337547409
-kãi	0.736111111111	0.263888888889	0.0	0.0
-teĩ	0.0739520024891	0.0335163510003	0.0275170018731	0.865014644638
-mom	0.0557620817844	0.933085501859	0.0	0.0111524163569
-dyi	0.595933298753	0.176757310805	0.15858794682	0.0687214436219
-yau	0.113385740801	0.104105251665	0.752374713397	0.0301342941369
-yxã	0.00600769296788	0.0207460462358	0.961230874861	0.0120153859357
-u'u	0.415738411786	0.47556593604	0.0591088753144	0.0495867768595
-axẽ	0.341118188252	0.513092710545	0.069355980184	0.0764331210191
-ber	0.0	1.0	0.0	0.0
-ixy	0.0265348595213	0.922996878252	0.00364203954215	0.0468262226847
-coa	0.0027972027972	0.991608391608	0.000932400932399	0.004662004662
-eor	0.0923076923077	0.907692307692	0.0	0.0
-u'y	0.126653832945	0.752321393352	0.0562905924199	0.0647341812829
-nta	0.0461569584277	0.144228298185	0.0137386247017	0.795876118685
-ixa	0.0987464595966	0.649685486184	0.19235887727	0.0592091769495
-ben	0.0	0.918367346939	0.0	0.0816326530613
-bel	0.0383032038661	0.911222480759	0.0	0.050474315375
-ixe	0.481180496151	0.306672369547	0.083618477331	0.128528656972
-yai	0.274514031116	0.632783586648	0.0657540153067	0.0269483669289
-ixo	0.0124640460211	0.969319271333	0.00575263662512	0.0124640460211
-eoa	0.292479108635	0.218662952646	0.0459610027855	0.442896935933
-vãa	0.218658892128	0.580174927114	0.139941690962	0.0612244897959
-iso	0.0384615384615	0.961538461538	0.0	0.0
-rei	0.13832999499	0.303632412402	0.0471440019656	0.510893590642
-reo	0.565290434251	0.268543501502	0.0119126406353	0.154253423611
-rea	0.408251757554	0.428495910486	0.0697752559563	0.0934770760039
-evy	0.14193426139	0.0580543274352	0.0577319406381	0.742279470537
-upy	0.31345906056	0.293077193393	0.158135176292	0.235328569755
-rez	0.0	1.0	0.0	0.0
-irẽ	0.0250312891114	0.949937421777	0.0	0.0250312891114
-kỹa	0.141361256544	0.82722513089	0.020942408377	0.0104712041885
-upe	0.125106659683	0.0879985838106	0.0480680612198	0.738826695286
-eva	0.218029978021	0.72237516132	0.0508736615382	0.00872119912083
-upa	0.377100506499	0.433092737176	0.107864805726	0.081941950599
-res	0.0224719101124	0.977528089888	0.0	0.0
-kỹi	0.205479452055	0.753424657534	0.041095890411	0.0
-evi	0.0717566016074	0.808170685036	0.110026789131	0.010045924225
-upi	0.0795967903505	0.035935846501	0.00195991791271	0.882507445236
-avi	0.0517536228724	0.103089535846	0.0617833805399	0.783373460741
-oẽi	0.19512195122	0.512195121951	0.268292682927	0.0243902439024
-vão	0.0411552346571	0.898194945848	0.0389891696751	0.0216606498195
-juu	0.0528605323143	0.813877621515	0.129263990785	0.00399785538511
-ava	0.0678112619832	0.83329012392	0.0212904284135	0.0776081856829
-oẽa	0.551356158293	0.301911960872	0.032014228546	0.11471765229
-mar	0.0	1.0	0.0	0.0
-akã	0.187530881125	0.646962707342	0.108779806985	0.0567266045487
-ave	0.225268316903	0.291778872177	0.0790682577315	0.403884553189
-e'ũ	0.0674740484429	0.911764705882	0.0207612456748	0.0
-ebu	0.094395280236	0.905604719764	0.0	0.0
-mai	0.657708628006	0.278642149929	0.0636492220651	0.0
-avy	0.352360214161	0.390359604778	0.110629934153	0.146650246907
-jua	0.239798770263	0.531753880552	0.0624328159264	0.166014533259
-maa	0.227391336763	0.142995601282	0.0324312234399	0.597181838515
-jui	0.69397993311	0.210702341137	0.0852842809364	0.0100334448161
-mae	0.188291139241	0.0949367088607	0.0388788426763	0.677893309222
-kii	0.305389221557	0.407185628742	0.185628742515	0.101796407186
-ỹve	0.158849829052	0.41991759446	0.330060489173	0.0911720873148
-ike	0.672622848635	0.0942572087528	0.019255675693	0.213864266919
-toĩ	0.47952122264	0.348173027072	0.0227216374006	0.149584112887
-vyi	0.431866767809	0.323494931384	0.125163781808	0.119474518999
-pta	0.0	1.0	0.0	0.0
-vya	0.189291692486	0.6561990528	0.0531854661066	0.101323788608
-ade	0.0	1.0	0.0	0.0
-tra	0.0	1.0	0.0	0.0
-gaa	0.211184040102	0.677879011948	0.0780755393852	0.0328614085648
-ada	0.0	0.96261682243	0.018691588785	0.018691588785
-ado	0.00405542412977	0.961135518756	0.000675904021628	0.0341331530923
-tro	0.0559477276706	0.406335686366	0.00367539816814	0.534041187795
-gai	0.577719880453	0.294194418569	0.0544364229157	0.0736492780624
-vaẽ	0.614135679784	0.129271742016	0.0274571712161	0.229135406984
-gar	0.0683760683761	0.91452991453	0.017094017094	0.0
-ire	0.407769921469	0.0563520450788	0.0253016307262	0.510576402726
-yaa	0.63717693837	0.0626242544731	0.0347912524851	0.265407554672
-dré	0.0	1.0	0.0	0.0
-roĩ	0.17133066819	0.16276413478	0.0	0.66590519703
-utu	0.692307692308	0.230769230769	0.0384615384615	0.0384615384615
-sem	0.0	1.0	0.0	0.0
-u'a	0.610759880941	0.250851392515	0.0551260972352	0.083262629309
-ino	0.0934786045202	0.849661378163	0.00938466305222	0.0474753542642
-ina	0.142857142857	0.857142857143	0.0	0.0
-uis	0.0	1.0	0.0	0.0
-raó	0.0	0.986803519062	0.0	0.0131964809384
-rze	0.0188679245283	0.0377358490566	0.0	0.943396226415
-sôs	0.0967741935484	0.870967741935	0.0	0.0322580645161
-noĩ	0.688454814244	0.101285606462	0.0128033573318	0.197456221962
-z-a	0.0	0.672131147541	0.327868852459	0.0
-uim	0.0	1.0	0.0	0.0
-ĩve	0.121708879108	0.220330495744	0.079118678017	0.578841947131
-amy	0.738025803433	0.139725420726	0.005264301352	0.116984474489
-uia	0.149365942029	0.700815217391	0.0297101449275	0.120108695652
-e'ã	0.813793103448	0.15	0.0103448275862	0.0258620689655
-seu	0.00968821560684	0.978726575521	0.00182924350619	0.00975596536633
-erã	0.205471861818	0.213870692168	0.0441309746051	0.536526471409
-ỹia	0.266666666667	0.6	0.133333333333	0.0
-ser	0.0	0.908496732026	0.0	0.0915032679738
-iae	0.19798026341	0.0979917828207	0.0339822601083	0.670045693661
-aor	0.0	1.0	0.0	0.0
-eda	0.0363636363636	0.545454545455	0.418181818182	0.0
-o'ẽ	0.02580671886	0.815790563771	0.0991673915745	0.0592353257943
-ede	0.204	0.796	0.0	0.0
-ooi	0.476758272681	0.268169374147	0.0280446042754	0.227027748896
-neu	0.0	0.877192982456	0.0	0.122807017544
-iai	0.715769342401	0.112420349993	0.0290216779294	0.142788629676
-nes	0.0635179153095	0.92671009772	0.0097719869707	0.0
-âni	0.00504201680672	0.994957983193	0.0	0.0
-rso	0.0137931034483	0.958620689655	0.0275862068966	0.0
-iau	0.270142680317	0.262984676498	0.405012521709	0.061860121475
-kue	0.318062490856	0.255053419335	0.0480395873701	0.378844502439
-cos	0.0	1.0	0.0	0.0
-kua	0.274975164666	0.59459497518	0.0768858002723	0.0535440598819
-myĩ	0.657456239687	0.2885430485	0.0248810948976	0.0291196169153
-poã	0.131661442006	0.830721003135	0.0376175548589	0.0
-aoi	0.353293413174	0.215568862275	0.323353293413	0.107784431138
-kui	0.132276181037	0.483493007378	0.170069375619	0.214161435965
-iry	0.15056932351	0.332350971199	0.169591426658	0.347488278634
-eka	0.760338003263	0.115493635709	0.00734190516449	0.116826455863
--rã	0.18444266239	0.691659983962	0.0573376102646	0.0665597433841
-eke	0.393495934959	0.331707317073	0.0195121951219	0.255284552846
-bai	0.619335347432	0.29003021148	0.0181268882175	0.0725075528701
-jou	0.553871223607	0.176143575923	0.116745894026	0.153239306445
-eko	0.334269668683	0.285706362319	0.117435945023	0.262588023976
-hoo	0.0749077771853	0.877633872705	0.0209138492007	0.0265445009086
-baa	0.419683398455	0.393516646008	0.140254092029	0.0465458635084
-hor	0.00793210994125	0.85839233236	0.00223059333783	0.131444964361
-joo	0.155573950753	0.252165210838	0.0862995589272	0.505961279482
-joi	0.803422769332	0.0946766019779	0.0305701886071	0.0713304400833
-joe	0.171228549043	0.540652564005	0.110382389365	0.177736497586
-bas	0.0	1.0	0.0	0.0
-huũ	0.0447284345048	0.511182108626	0.444089456869	0.0
-nya	0.380053066958	0.31371936944	0.0299672233495	0.276260340253
-que	0.0326168092863	0.960080919978	0.00438136244144	0.0029209082943
-mbu	0.197970007373	0.697491374873	0.078403963316	0.0261346544387
-asa	0.013986013986	0.888111888112	0.013986013986	0.083916083916
-qui	0.0	1.0	0.0	0.0
-mby	0.188826552805	0.605083399171	0.0712710051398	0.134819042885
-ãia	0.784722222222	0.0611111111111	0.0666666666666	0.0875
-vea	0.257017640364	0.287470809862	0.232324829874	0.223186719899
-e'õ	0.197647058823	0.52	0.282352941176	0.0
-dre	0.0	1.0	0.0	0.0
-mba	0.434086682535	0.357991382634	0.119876483526	0.0880454513047
-eli	0.0166975881261	0.972170686456	0.0111317254174	0.0
-mbe	0.0703172581806	0.558717678977	0.315597143015	0.0553679198273
-ũxe	0.969696969697	0.030303030303	0.0	0.0
-peẽ	0.00634697755023	0.016020923066	0.00309630807529	0.974535791308
-dro	0.00435251142772	0.983888071732	0.00801778420898	0.00374163263085
-gaú	0.0	1.0	0.0	0.0
-zor	0.0	1.0	0.0	0.0
-mbo	0.681459264193	0.199101404672	0.054470078136	0.0649692529992
-ery	0.0690034501491	0.114595053161	0.00155110916757	0.814850387522
-ove	0.286200515165	0.379761992245	0.0601373467225	0.273900145867
-ray	0.0250009236794	0.717329457985	0.081037476754	0.176632141582
-tẽa	0.131449036879	0.743200077437	0.098925563837	0.0264253218468
-rau	0.102564102564	0.474358974359	0.307692307692	0.115384615385
-ras	0.0258620689655	0.971264367816	0.00287356321839	0.0
-eri	0.21592332618	0.0586475590049	0.0150347642699	0.710394350545
-xoa	0.762308099524	0.161461090524	0.0	0.0762308099524
-ero	0.0901175552054	0.600398768535	0.0258807080297	0.28360296823
-yty	0.135659074939	0.837886992105	0.00892820237258	0.0175257305832
-era	0.604345265683	0.267117334716	0.0553520178647	0.0731853817369
-xoi	0.709090909091	0.0363636363636	0.0363636363636	0.218181818182
-ere	0.130059018441	0.0506864038117	0.00680739264883	0.812447185099
-raa	0.513414597296	0.234530136337	0.0288818152091	0.223173451158
-eoi	0.613162627625	0.0720384150993	0.0151710340856	0.29962792319
-eve	0.125235729724	0.177235003382	0.115896943373	0.581632323521
-pos	0.0	0.958333333333	0.00833333333335	0.0333333333334
-cós	0.0631578947368	0.873684210526	0.0631578947368	0.0
-epa	0.487817314468	0.329142188023	0.102987530995	0.0800529665143
-ỹ'i	0.109721601906	0.170463004317	0.268423403305	0.451391990472
-a'ũ	0.125279092157	0.821094246093	0.0243347876852	0.0292918740654
-pou	0.390169638974	0.333188342758	0.182688125272	0.093953892997
-poi	0.454843894201	0.220446522254	0.0899440992288	0.234765484316
-kuã	0.11106295859	0.758701077454	0.111854984533	0.0183809794223
-tũa	0.0671043034281	0.721006564551	0.195477753465	0.0164113785558
-uga	0.43413729128	0.343228200371	0.122448979592	0.100185528757
-áta	0.0992158846591	0.795118249652	0.0735424307576	0.0321234349311
-poa	0.338125951805	0.417853623578	0.101675176924	0.142345247693
-aza	0.1	0.833333333333	0.0333333333333	0.0333333333333
-gyi	0.472	0.24	0.184	0.104
-oua	0.451385534558	0.171640571008	0.284902169147	0.092071725286
-ika	0.0	0.983673469388	0.00816326530612	0.00816326530612
-iko	0.489099500278	0.0720366400142	0.0168919166379	0.42197194307
-oui	0.676856150755	0.129920799032	0.0435020092856	0.149721040927
-nos	0.0190476190476	0.980952380952	0.0	0.0
-boi	0.31128390262	0.538859576044	0.0352216976766	0.11463482366
-uja	0.504885993485	0.247557003257	0.196254071661	0.0513029315961
-fos	0.0	1.0	0.0	0.0
-aai	0.641120441305	0.0898631620676	0.0662557873591	0.202760609268
-nom	0.0	0.959183673469	0.0408163265306	0.0
-las	0.0	1.0	0.0	0.0
-noa	0.0995555555555	0.833244444444	0.0357333333333	0.0314666666667
-iky	0.141509433962	0.61320754717	0.216981132075	0.0283018867925
-tỹa	0.0300991501416	0.915722379603	0.0382436260623	0.0159348441926
-dou	0.551116048183	0.133960495713	0.227444718298	0.0874787378068
-boa	0.910982627743	0.0718860617796	0.0060463448744	0.0110849656031
-pya	0.230886778916	0.342449287651	0.287781515267	0.138882418166
-ẽve	0.493626882966	0.339513325608	0.0590961761298	0.107763615295
-gea	0.435856146001	0.504025764895	0.0601180891036	0.0
-ity	0.562216727008	0.202357687443	0.0725082790871	0.162917306462
-uxã	0.212962962963	0.37037037037	0.166666666667	0.25
-ĩ'i	0.0682472260066	0.126387933003	0.232421161318	0.572943679672
-bou	0.751961798545	0.109380046776	0.019091365327	0.119566789352
-anã	0.0	1.0	0.0	0.0
-aĩa	0.475885870697	0.215361042516	0.0369670643539	0.271786022433
-ẽvy	0.0290549353006	0.0170124104298	0.0132402236813	0.940692430588
-neĩ	0.0404598917003	0.033139806916	0.00827498045966	0.918125320924
-ges	0.0163934426229	0.959016393443	0.0245901639344	0.0
-pyi	0.370526796416	0.27058957822	0.174647565778	0.184236059586
-ypa	0.423530332273	0.318371498618	0.110322883522	0.147775285588
-ova	0.374169409337	0.533555843994	0.0264287099039	0.0658460367647
-doi	0.4355479841	0.394662123793	0.169789892107	0.0
-sar	0.0652652163285	0.915912979712	0.0180884869225	0.000733317037398
-yku	0.06	0.9	0.04	0.0
-eĩa	0.328100818041	0.182843245633	0.0247623258899	0.464293610436
-too	0.411061285501	0.203288490284	0.215246636771	0.170403587444
-doa	0.769502099157	0.118183161465	0.0551135524084	0.0572011869694
-vẽa	0.313025210084	0.560924369748	0.0756302521008	0.0504201680672
-yky	0.36855842869	0.447005544123	0.120022136724	0.064413890463
-ytã	0.097372488408	0.263266357548	0.639361154044	0.0
-voa	0.673552696685	0.242949035131	0.0463879267689	0.0371103414152
-'ui	0.596158217777	0.14776085474	0.0583087065242	0.197772220959
-tou	0.607057416268	0.0233253588517	0.00897129186602	0.360645933014
-tos	0.0299721079752	0.679998109015	0.0550276556517	0.235002127358
-olo	0.0245059466265	0.938652697528	0.0236965759122	0.0131447799336
-yko	0.0447209145931	0.937121721587	0.00201748486886	0.0161398789509
-voi	0.120839727989	0.0235467790116	0.029547743904	0.826065749096
-'ua	0.491079506376	0.283188227819	0.0532682538915	0.172464011913
-ũrã	0.46888293682	0.441310855522	0.0557743815976	0.0340318260596
-ssé	0.0	1.0	0.0	0.0
-xyi	0.198211624441	0.119473422752	0.52434177844	0.157973174367
-lom	0.00382775119617	0.938755980861	0.022966507177	0.0344497607655
-iel	0.0162675101672	0.972887483055	0.0108450067781	0.0
-ros	0.1260815822	0.737948084054	0.0432632880099	0.0927070457355
-xya	0.162561393064	0.70389938979	0.0677928263135	0.065746390832
-avo	0.480914076122	0.348408816647	0.106448552094	0.0642285551371
-roa	0.0920025775041	0.874704660987	0.0332927615093	0.0
-naã	0.0048426150121	0.733656174334	0.261501210654	0.0
-rom	0.014598540146	0.970802919708	0.0	0.014598540146
-roo	0.370919287002	0.0418586020428	0.00540757059884	0.581814540356
-mas	0.0886302596239	0.863025962399	0.0	0.0483437779767
-yja	0.163636363636	0.8	0.0363636363636	0.0
-ipo	0.212834616795	0.629482948295	0.0213421342134	0.136340300697
-ekũ	0.179965307892	0.680646760005	0.0501796555569	0.0892082765456
-ipa	0.546634626299	0.207326772974	0.121521551808	0.124517048919
-exo	0.211978676701	0.739103167137	0.0301034807149	0.0188146754469
-ipe	0.0	1.0	0.0	0.0
-noé	0.00443458980044	0.9955654102	0.0	0.0
-ipy	0.215363206234	0.582020595603	0.110214305594	0.0924018925688
-rda	0.00843249320718	0.919891314532	0.0295137262251	0.0421624660358
-raĩ	0.442352941176	0.367058823529	0.190588235294	0.0
-úde	0.0	1.0	0.0	0.0
-rdo	0.0	0.832817337461	0.167182662539	0.0
-noã	0.105160026127	0.85325495319	0.00471732346325	0.0368676972204
-uxi	0.0172413793103	0.98275862069	0.0	0.0
-uxe	0.379223711319	0.300104173723	0.246597537235	0.0740745777227
-ĩai	0.335015772871	0.0914826498423	0.37476340694	0.198738170347
-ila	0.00995024875622	0.988391376451	0.0	0.0016583747927
-uxa	0.117256232707	0.4142074041	0.024428381814	0.444107981379
-eẽa	0.251163894078	0.461791655547	0.0538208344454	0.23322361593
-imo	0.0703648548026	0.879374534624	0.0223380491437	0.0279225614297
-uxu	0.511932492419	0.478837955434	0.00369182085879	0.00553773128818
-eẽi	0.555356342447	0.312864186463	0.0	0.131779471089
-ãrã	0.24	0.662857142857	0.0285714285714	0.0685714285714
-nge	0.162923822105	0.649493615147	0.153236459709	0.0343461030383
-aẽi	0.497253339624	0.206344669699	0.064629005486	0.231772985191
-aẽa	0.497110573639	0.2608422724	0.0797592452412	0.16228790872
-saú	0.0125	0.9875	0.0	0.0
-hoĩ	0.34931287751	0.53972891434	0.0575338857075	0.0534243224426
-sto	0.00633694619033	0.985824097882	0.00218175137003	0.00565720455745
-uém	0.0	1.0	0.0	0.0
-ngi	0.628205128205	0.205128205128	0.141025641026	0.025641025641
-gui	0.0408695828772	0.018964150134	0.00733101418652	0.932835252802
-sta	0.0234548335975	0.912519809826	0.0199683042789	0.0440570522979
-loí	0.0	0.980392156863	0.0196078431373	0.0
-loé	0.0	0.932678821879	0.0252454417952	0.0420757363254
-yke	0.226651502807	0.463652617851	0.140395465302	0.16930041404
-ões	0.0625	0.4625	0.0375	0.4375
-eyi	0.235294117647	0.107416879795	0.549872122762	0.107416879795
-hyi	0.568178402006	0.333337341647	0.060605696214	0.0378785601337
-vyĩ	0.408921933085	0.189591078067	0.334572490706	0.0669144981413
-uco	0.0	0.93	0.05	0.02
-ĩxe	0.1551159822	0.625802682114	0.132728108481	0.0863532272043
-hya	0.381578947368	0.552631578947	0.0526315789473	0.0131578947368
-ngo	0.332542026682	0.411326662034	0.0506839770275	0.205447334257
-mão	0.0125388176012	0.904926736707	0.00996975720125	0.0725646884902
-hye	0.485414235706	0.351225204201	0.0653442240373	0.098016336056
-lei	0.014875491481	0.970560288336	0.00670052424639	0.00786369593708
-ide	0.0444444444444	0.940740740741	0.0148148148148	0.0
-ois	0.199170124481	0.155601659751	0.0311203319502	0.614107883818
-iom	0.03125	0.96875	0.0	0.0
-yte	0.101197386889	0.328497288118	0.034006827358	0.536298497635
-éia	0.0100578887374	0.976173979124	0.011086028475	0.00268210366331
-yta	0.666467969978	0.184973525936	0.0544415203021	0.0941169837843
-rye	0.0500655620455	0.749672189772	0.200262248182	0.0
-oia	0.513689168803	0.268348105278	0.0852409974433	0.132721728475
-rya	0.265763542404	0.0923363285501	0.0449579856919	0.596942143354
-ios	0.0	1.0	0.0	0.0
-acó	0.000818442231619	0.989905879143	0.000545628154412	0.0087300504706
-les	0.0357142857143	0.964285714286	0.0	0.0
-itá	0.0402684563758	0.959731543624	0.0	0.0
-ndy	0.0938322526014	0.602131390293	0.0714415933827	0.232594763723
-rra	0.014888337469	0.97270471464	0.00992555831267	0.00248138957817
-etũ	0.53164556962	0.443037974684	0.0253164556962	0.0
-a'ẽ	0.614396145335	0.191183899017	0.0181131195801	0.176306836067
-'yi	0.0720720720721	0.567567567568	0.279279279279	0.0810810810811
-apĩ	0.117647058824	0.823529411765	0.0588235294118	0.0
-rro	0.0276497695852	0.967741935484	0.00460829493087	0.0
-'ya	0.0	1.0	0.0	0.0
-gio	0.0740740740741	0.904761904762	0.021164021164	0.0
-udá	0.00724637681159	0.981884057971	0.00724637681159	0.0036231884058
-ndo	0.18798380948	0.747564598699	0.0515612734573	0.0128903183643
-ali	0.00550964187327	0.994490358127	0.0	0.0
-nda	0.21733362943	0.613280819258	0.0537257551209	0.115659796191
-o'ã	0.442686056458	0.393926432849	0.0744225834047	0.0889649272883
-nde	0.199803289503	0.210623628004	0.0516945383641	0.537878544129
-gia	0.0	0.94	0.06	0.0
-uve	0.311252054638	0.208480228356	0.129180570837	0.35108714617
-uva	0.115201234693	0.849935233756	0.00303161143928	0.0318319201125
-osé	0.00207684319834	0.994288681205	0.00363447559709	0.0
-huã	0.134116806289	0.846031683011	0.00484376861078	0.0150077420892
-uvu	0.103541012999	0.896458987001	0.0	0.0
-ruĩ	0.0	0.0089734509537	0.0	0.991026549046
-abé	0.0112570356473	0.983114446529	0.00437773608506	0.00125078173859
-hoẽ	0.898450946644	0.0912220309811	0.0103270223752	0.0
-yre	0.385983948878	0.216055794669	0.0471287500737	0.350831506379
-pee	0.39748549323	0.408607350097	0.0188588007737	0.175048355899
-'ãi	0.561963761874	0.223678926895	0.131317992465	0.0830393187649
-pea	0.11170212766	0.809397163121	0.0328014184397	0.0460992907801
-peo	0.471772515938	0.248887388441	0.0560193090812	0.22332078654
-'ãa	0.362769294169	0.465729526775	0.0803589825774	0.0911421964788
-pei	0.537522835221	0.195031055901	0.00526123492875	0.26218487395
-orõ	0.936416184971	0.0173410404624	0.0462427745665	0.0
-oré	0.151260504202	0.697478991597	0.0	0.151260504202
-elo	0.0240148990394	0.969123701235	0.00686139972554	0.0
-ogo	0.0	1.0	0.0	0.0
-aém	0.0	0.970588235294	0.0294117647059	0.0
-orã	0.126433863646	0.203498292349	0.323644118945	0.346423725059
-ela	0.0980592441266	0.877425944842	0.0122574055158	0.0122574055158
-xua	0.352934191582	0.477708455993	0.0797063087222	0.0896510437024
-nyẽ	0.418201237478	0.209174278138	0.350526664702	0.0220978196818
-loe	0.117647058824	0.852941176471	0.0	0.0294117647059
-eja	0.21113717249	0.678325495908	0.0159413913532	0.0945959402486
-leá	0.0	1.0	0.0	0.0
-ãai	0.433106575964	0.0256991685563	0.231292517007	0.309901738473
-jaa	0.325497106626	0.388375506655	0.0503247724014	0.235802614318
-ter	0.0	1.0	0.0	0.0
-'rã	0.297120446637	0.0212913330485	0.00272024974002	0.678867970574
-uta	0.0	1.0	0.0	0.0
-eso	0.0	0.978813559322	0.0021186440678	0.0190677966102
-ãve	0.256682994611	0.15308662259	0.310543170039	0.27968721276
-esa	0.287041319343	0.615743916954	0.0165706983585	0.0806440653447
-ite	0.0070588235294	0.814117647059	0.178823529412	0.0
-ita	0.0522002221286	0.885756960668	0.0153958101949	0.0466470070085
-o'y	0.0321084994545	0.848135475553	0.114549241297	0.00520678369532
-spe	0.0407523510972	0.921630094044	0.037617554859	0.0
-uel	0.0910954815603	0.904232955283	0.0	0.00467156315693
-fté	0.0	1.0	0.0	0.0
-ute	0.0	1.0	0.0	0.0
-o'u	0.771017822829	0.191770794148	0.0147422145856	0.0224691684374
-spo	0.0	0.97619047619	0.0238095238095	0.0
-o'i	0.294534293093	0.424870810683	0.103512928598	0.177081967626
-fas	0.0509202453987	0.919631901841	0.0147239263804	0.0147239263804
-ẽrã	0.015923566879	0.506369426752	0.410828025478	0.0668789808917
-o'o	0.130719737079	0.657682003286	0.143817297617	0.0677809620188
-o'a	0.549912991745	0.314612639374	0.0788799664617	0.056594402419
-exe	0.105316341393	0.0824827233139	0.0163556605801	0.795845274713
-o'e	0.283363875352	0.614190285411	0.0224345230743	0.0800113161621
-alá	0.0	0.985738255034	0.0	0.0142617449665
-rim	0.0	1.0	0.0	0.0
-õai	0.580882352941	0.397058823529	0.0220588235294	0.0
-gua	0.101351154031	0.175535900606	0.0755503869497	0.647562558413
-pãa	0.593631317558	0.230499561788	0.0432369266726	0.132632193982
-abe	0.024	0.96	0.0	0.016
-'õi	0.66785079929	0.310834813499	0.0	0.0213143872114
-rãe	0.229548021172	0.129941255375	0.0626998298092	0.577810893644
-nja	0.108108108108	0.891891891892	0.0	0.0
-ãxo	0.507836990596	0.379310344828	0.112852664577	0.0
-njo	0.00728498423399	0.981298249429	0.00445797542677	0.00695879091008
-rãi	0.194964319375	0.164400161573	0.270634172613	0.370001346439
-'õa	0.245224204987	0.541080416381	0.0875800732098	0.126115305422
-abo	0.0555555555555	0.944444444444	0.0	0.0
-ãxe	0.468052930057	0.366351606805	0.133837429112	0.0317580340265
-rão	0.0	0.98418972332	0.0158102766798	0.0
-aea	0.303066037736	0.213443396226	0.0176886792453	0.465801886792
-tua	0.0731707317073	0.79674796748	0.0243902439024	0.105691056911
-nco	0.0298507462687	0.0683424980361	0.0180675569521	0.883739198743
-koa	0.324232824187	0.402189268062	0.041544121591	0.232033786159
-ẽ'ỹ	0.303370786517	0.325842696629	0.0337078651685	0.337078651685
-rãa	0.166706442513	0.162398913924	0.117195294191	0.553699349371
-aei	0.557160122228	0.348458695489	0.0477091690664	0.0466720132172
-tui	0.451563335115	0.38512827365	0.0529128808124	0.110395510422
-koo	0.498034329957	0.335954226723	0.0474318409483	0.118579602371
-koi	0.315313223757	0.236939964765	0.101455997852	0.346290813625
-ael	0.0103022800783	0.977598530528	0.0106616619415	0.00143752745278
-sos	0.0	1.0	0.0	0.0
-oru	0.165905614331	0.404918682143	0.290921024917	0.138254678609
-som	0.0164770498235	0.969399764614	0.00941545704197	0.00470772852099
-vaa	0.788732394366	0.056338028169	0.0	0.154929577465
-oãa	0.908396946565	0.0229007633588	0.0	0.0687022900763
-tuu	0.0377794083422	0.855684498547	0.0061586870047	0.100377406106
-elã	0.0977769256913	0.902223074309	0.0	0.0
-oão	0.017566953067	0.961276117081	0.0100040686403	0.0111528612115
-vai	0.494993006158	0.180394891816	0.182686739747	0.14192536228
-val	0.237288135593	0.661016949153	0.0508474576271	0.0508474576271
-ore	0.0869595758736	0.0599844979665	0.0135726991003	0.83948322706
-jea	0.331673437295	0.397195649325	0.0977591403485	0.173371773031
-lix	0.00579710144927	0.982608695652	0.0	0.0115942028985
-ytũ	0.0184802217627	0.897038764465	0.0607207286487	0.0237602851234
-jyi	0.510638297872	0.0425531914894	0.0	0.446808510638
-lis	0.0416666666667	0.833333333333	0.0	0.125
-ico	0.0367025924847	0.913486746286	0.038450334984	0.0113603262453
-lim	0.0	1.0	0.0	0.0
-omi	0.631012416508	0.144291873283	0.145618249963	0.0790774602451
-rui	0.705504069098	0.160404046397	0.0308023998796	0.103289484626
-sué	0.0457317073171	0.954268292683	0.0	0.0
-tei	0.561906167346	0.268860916371	0.111059101311	0.0581738149723
-aão	0.00420918873844	0.964579279673	0.0312115315888	0.0
-ice	0.0352112676057	0.915492957746	0.0281690140845	0.0211267605634
-adi	0.0	1.0	0.0	0.0
-lia	0.00307692307692	0.924615384615	0.0723076923077	0.0
-ome	0.0283114256825	0.833164812942	0.0141557128413	0.124368048534
-i'ã	0.437867423475	0.288972227853	0.0395296979526	0.23363065072
-oni	0.0677966101695	0.762711864407	0.0	0.169491525424
-reĩ	0.145264847512	0.174959871589	0.0144462279294	0.665329052969
-diã	0.10989010989	0.824175824176	0.0659340659341	0.0
-peĩ	0.490980490072	0.274576526778	0.0551157938454	0.179327189305
-oze	0.00350095480586	0.0362826225334	0.00381922342457	0.956397199236
-ode	0.0	1.0	0.0	0.0
-rna	0.0	1.0	0.0	0.0
-eai	0.577035314608	0.165400578078	0.116935633291	0.140628474024
-dia	0.0192837465565	0.980716253444	0.0	0.0
-jya	0.35303030303	0.456060606061	0.0272727272727	0.163636363636
--ae	0.590699173021	0.385672860058	0.0236279669208	0.0
-rni	0.0	1.0	0.0	0.0
-zer	0.0	1.0	0.0	0.0
-uri	0.466538617064	0.122523251112	0.0115244642135	0.39941366761
-uro	0.0206050695012	0.701880621423	0.27653311529	0.000981193785772
-ura	0.387716588511	0.370164191343	0.128962568917	0.113156651229
-ure	0.661487065751	0.14037758431	0.0133057743111	0.184829575629
-sda	0.0	0.927419354839	0.0	0.0725806451613
-ukã	0.169916906902	0.800406986603	0.0296761064948	0.0
-kya	0.4	0.402941176471	0.155882352941	0.0411764705882
-ory	0.138306789606	0.612740989103	0.208996926516	0.0399552947751
-afá	0.0	1.0	0.0	0.0
-kyi	0.621866666667	0.259733333333	0.0224	0.096
-uru	0.121513536345	0.807994189603	0.0229866111039	0.047505662948
-nio	0.0	0.960493827161	0.0395061728395	0.0
-pai	0.519413842209	0.304106509291	0.0680950412218	0.108384607278
-apa	0.486295167442	0.294018867775	0.101951129681	0.117734835102
-mes	0.0	1.0	0.0	0.0
-'yĩ	0.115207157473	0.837257511076	0.0188160686991	0.0287192627512
-ape	0.0465545378076	0.892083402784	0.00972954953349	0.0516325098749
-paa	0.361835778439	0.379160289802	0.143879867079	0.11512406468
-api	0.451105539093	0.368816959198	0.073398677912	0.106678823798
-apo	0.441000565594	0.26643152377	0.0310298840947	0.261538026542
-tuẽ	0.558878504673	0.284112149533	0.022429906542	0.134579439252
-y'ã	0.496221161496	0.288484486874	0.0283412887828	0.186953062848
-dua	0.221987838117	0.598931493105	0.0787698780415	0.100310790736
-rõi	0.612903225806	0.258064516129	0.129032258065	0.0
-apu	0.188284940903	0.703903898855	0.0586341397804	0.049177020461
-dui	0.470776859578	0.195426604817	0.202690153483	0.131106382122
-uãa	0.399317406143	0.372013651877	0.194539249147	0.0341296928327
-apy	0.27174572674	0.091509728481	0.0607459595637	0.575998585215
-áry	0.0694490449376	0.0529424754334	0.0137462736005	0.863862206029
-kea	0.339031339031	0.585982905983	0.0434757834758	0.03150997151
-axã	0.216393442623	0.744262295082	0.0393442622951	0.0
-võa	0.293392673742	0.562820951729	0.102704553235	0.0410818212941
-icó	0.0403458213256	0.959654178674	0.0	0.0
-kei	0.767838169914	0.118215402161	0.0193850769498	0.0945613509747
-omé	0.0	0.996946564885	0.00305343511451	0.0
-gya	0.464471879287	0.363237311385	0.156378600823	0.0159122085048
-yvy	0.0436578389959	0.821724782964	0.0216496945026	0.112967683537
-umi	0.0207106598985	0.337258883249	0.629847715736	0.0121827411168
-ruã	0.461538461538	0.400736987563	0.0713956701981	0.0663288807002
-toẽ	0.283185840708	0.159292035398	0.557522123894	0.0
-lel	0.0	1.0	0.0	0.0
-i'a	0.146657943511	0.723685929238	0.0563041178041	0.0733520094469
-feu	0.0	1.0	0.0	0.0
-fes	0.05	0.8	0.05	0.1
-i'i	0.297556831113	0.21207897154	0.153753956011	0.336610241336
-dio	0.0289855072464	0.927536231884	0.0434782608695	0.0
-koĩ	0.0252471053375	0.0241739621576	0.00525275345948	0.945326179045
-odá	0.0	1.0	0.0	0.0
-nás	0.0436567164179	0.941231343284	0.0128731343284	0.00223880597015
-dão	0.00475134621476	0.990814063985	0.000633512828633	0.00380107697181
-i'u	0.197554451662	0.776461597249	0.00343905235002	0.022544898739
-i'y	0.293313708999	0.548990748528	0.0504625735912	0.107232968881
-sli	0.0	1.0	0.0	0.0
-oro	0.590282198175	0.36643326968	0.017823042648	0.0254614894972
-'oi	0.738504724795	0.0832267836227	0.0214361039271	0.156832387655
-ovo	0.220070683971	0.768346648451	0.0115826675775	0.0
-tãi	0.744680851064	0.255319148936	0.0	0.0
-tão	0.0	1.0	0.0	0.0
-lta	0.0	1.0	0.0	0.0
-ovi	0.395833333333	0.5	0.0416666666667	0.0625
-'oa	0.477581067105	0.342337409503	0.146012045994	0.0340694773986
-uky	0.0470294653997	0.805163643344	0.147806891256	0.0
-urã	0.234881185747	0.550107627805	0.116254324259	0.0987568621891
-vei	0.276776192831	0.232341900087	0.15962568272	0.331256224361
-uka	0.422723259796	0.106716314197	0.0134155330493	0.457144892958
-onã	0.0	1.0	0.0	0.0
-ovy	0.374743004222	0.118845833922	0.107676653536	0.398734508321
