-kba	0.664819944598	0.335180055402	0.0	0.0
-eus	0.0	1.0	0.0	0.0
-kʉs	0.504468333117	0.452791089237	0.0427405776454	0.0
-car	0.0419161676647	0.843113772455	0.0287425149701	0.0862275449102
-ive	0.038362295344	0.961637704656	0.0	0.0
-rbe	0.0271565495208	0.972843450479	0.0	0.0
-caz	0.0	1.0	0.0	0.0
-aus	0.119940029985	0.355322338831	0.134932533733	0.389805097451
-'ba	0.24463686715	0.604649348623	0.131055464545	0.0196583196818
-oya	0.229357798165	0.733944954129	0.0	0.0366972477064
-nón	0.0	1.0	0.0	0.0
-nso	0.0375309430647	0.897628363811	0.0471133115068	0.0177273816178
-nsi	0.370432091418	0.236221878348	0.393346030234	0.0
-nse	0.52495859948	0.185237757275	0.0786609888809	0.211142654365
-ufo	0.0	1.0	0.0	0.0
-aum	0.0368965517241	0.926896551724	0.0237931034483	0.0124137931034
-nto	0.0309751630829	0.916561621707	0.0160500203089	0.0364131949013
-ens	0.409034275377	0.322720865131	0.108111399967	0.160133459525
-nta	0.0713692518657	0.184031531271	0.0180852956805	0.726513921183
-nte	0.115732975512	0.613384770211	0.00838644750084	0.262495806776
-uan	0.0479796548121	0.792818440256	0.0106342482729	0.148567656659
--ut	0.655737704918	0.319672131147	0.0	0.0245901639344
-dus	0.36	0.338823529412	0.0611764705882	0.24
-ikt	0.832167832168	0.055944055944	0.020979020979	0.0909090909091
-was	0.402074175681	0.30836039962	0.087605969934	0.201959454765
-pun	0.24393508449	0.66488204785	0.0485193240756	0.0426635435837
-he'	0.38616204512	0.195889021889	0.0533161534297	0.364632779561
-dro	0.0305164087746	0.841247612567	0.00728146562918	0.120954513029
-pam	0.33648756103	0.346960876398	0.156522878534	0.160028684037
-cas	0.0493903584441	0.732664885247	0.0164634528147	0.201481303494
-pre	0.0	0.990813045475	0.00229673863114	0.00689021589342
-aki	0.570345543053	0.213630197111	0.0207485436118	0.195275716224
-hem	0.0	1.0	0.0	0.0
-'iw	0.0287218764959	0.607467687889	0.363810435615	0.0
-das	0.148076434216	0.750810098779	0.00785578437	0.0932576826348
-más	0.0	0.988402061856	0.0	0.0115979381443
-duw	0.502843593962	0.210909904412	0.082986983538	0.203259518088
-aré	0.0	1.0	0.0	0.0
-ops	0.0589390962672	0.941060903733	0.0	0.0
-fda	0.577464788732	0.422535211268	0.0	0.0
-'in	0.314907872697	0.304299274149	0.273590173088	0.107202680067
-'im	0.611140206494	0.160893311387	0.0577584916953	0.170207990423
-opo	0.0	0.896130875097	0.103869124903	0.0
-fde	0.377464788732	0.560563380282	0.0338028169014	0.0281690140845
-opi	0.458245402472	0.158275550196	0.119686463672	0.26379258366
-zpi	0.0738461538461	0.0	0.0953846153846	0.830769230769
-ope	0.0135135135135	0.986486486486	0.0	0.0
-opa	0.301787005601	0.596820649843	0.10096336516	0.000428979396732
-dea	0.0257028739954	0.911707893478	0.00410152244607	0.058487710081
-bʉt	0.0	1.0	0.0	0.0
-dec	0.0179432105176	0.965600585361	0.00693936318361	0.00951684093753
-imt	0.088271662741	0.705839558018	0.046640111216	0.159248668026
-mse	0.652924256951	0.192713326941	0.00575263662512	0.148609779482
-okt	0.627818857374	0.0978610857793	0.236912776368	0.037407280479
-oks	0.233800935204	0.719438877756	0.0467601870408	0.0
-deo	0.00107979699816	0.998920203002	0.0	0.0
-dep	0.0859333202683	0.577950820824	0.228389533735	0.107726325173
-'ti	0.277422528283	0.593703885883	0.0403344810625	0.0885391047713
-des	0.0484861399962	0.815081002894	0.0441176027124	0.0923152543974
-oki	0.303643724696	0.696356275304	0.0	0.0
-dʉs	0.292355371901	0.515495867769	0.117768595041	0.0743801652893
-'ta	0.115702479339	0.709992486852	0.156273478587	0.0180315552216
-pje	0.252155172414	0.566810344828	0.051724137931	0.129310344828
-sit	0.377305211669	0.308217731441	0.0506316610576	0.263845395832
-imo	0.0985613501176	0.673882971365	0.0719324941208	0.155623184396
-rpi	0.0	0.621450486324	0.378549513676	0.0
-aúl	0.134963832143	0.70881930209	0.0544285007423	0.101788365024
-lla	0.395903255825	0.449754553914	0.0921909727064	0.0621512175549
-ech	0.437460405437	0.0760560717629	0.0147350092585	0.471748513541
-bis	0.446663217796	0.336057941024	0.0651836523539	0.152095188826
-rpo	0.0448095593726	0.955190440627	0.0	0.0
-rpa	0.0149115955407	0.985088404459	0.0	0.0
-let	0.216368088791	0.347566993799	0.336202722583	0.0998621948269
-eca	0.194244604317	0.690647482014	0.0287769784172	0.0863309352518
-oba	0.074784081874	0.855031780402	0.0300442599668	0.0401398777569
-llo	0.305592717548	0.446705710013	0.134391278664	0.113310293775
-ʉki	0.355551781529	0.291715634659	0.132801195611	0.2199313882
-ida	0.0677529682563	0.879221556108	0.0188889033382	0.034136572298
-kpi	0.351830982054	0.365746719862	0.227066452789	0.0553558452954
-ʉkt	0.4921875	0.5078125	0.0	0.0
-ʉkp	0.55477298453	0.26631870205	0.0858382593384	0.0930700540813
-kpa	0.162298387097	0.583669354839	0.16935483871	0.0846774193549
-tla	0.015699819452	0.965460397205	0.0188397833425	0.0
-axi	0.124527851304	0.752644627802	0.0404119624687	0.0824155584256
-kpe	0.619545600633	0.319884298747	0.0	0.0605701006205
-eja	0.386256143196	0.312476177649	0.0390664543452	0.26220122481
-ter	0.0	0.861111111111	0.138888888889	0.0
-tes	0.168235054421	0.649925347714	0.0496939097106	0.132145688154
-eje	0.373232799246	0.410483578627	0.101442760821	0.114840861306
-ria	0.0270586142941	0.920856729084	0.00203257196575	0.0500520846567
-a's	0.876033057851	0.0	0.0826446280992	0.0413223140496
-rio	0.0897157936097	0.802832689419	0.095005395314	0.0124461216569
-uth	0.0731707317073	0.745644599303	0.160278745645	0.0209059233449
-ejk	0.240384615384	0.36858974359	0.160256410256	0.230769230769
-a't	0.473288674008	0.475813671411	0.011190923986	0.0397067305955
-ños	0.0210896309315	0.978910369069	0.0	0.0
-bʉ'	0.207825346036	0.678642325577	0.0435093953101	0.0700229330771
-ejs	0.68502732396	0.253607616554	0.0339699436443	0.0273951158422
-ejt	0.266167881047	0.560320183464	0.048076285204	0.125435650285
-ilx	0.403390747643	0.207831490117	0.179386783562	0.209390978678
-wan	0.381056174135	0.366415171547	0.0619232382698	0.190605416049
-a'a	0.597579594944	0.21953028648	0.036778478954	0.146111639622
-wam	0.398080973869	0.322749543266	0.085472969948	0.193696512917
-a'e	0.443001406273	0.362926574739	0.102314305168	0.0917577138202
-teo	0.0871333062617	0.820093476547	0.00111471180719	0.0916585053838
-jin	0.185159647523	0.445468715406	0.204647775247	0.164723861824
-met	0.0513791238507	0.883720930233	0.0324499729584	0.0324499729584
-e'e	0.70453280588	0.182462101513	0.0226085547063	0.0903965379005
-jim	0.435584305246	0.36072301675	0.0519878751358	0.151704802868
-ara	0.0557681144613	0.774262854092	0.132663398565	0.0373056328819
-mes	0.0	0.881422924901	0.118577075099	0.0
-e-e	0.310442981676	0.569026863548	0.0458103540295	0.0747198007472
-pat	0.622730101841	0.121137083799	0.0203842533523	0.235748561008
-aro	0.110578954782	0.657416537541	0.0633892097479	0.168615297929
-foi	0.203230849401	0.781136008338	0.0	0.0156331422616
-rón	0.0331694604039	0.854883610733	0.0290232778535	0.0829236510099
-jia	0.382023750904	0.0702160045448	0.0195503591346	0.528209885416
-e't	0.299444055587	0.472116493306	0.175065296357	0.0533741547498
-lul	0.206536034023	0.669395340521	0.0513755397648	0.0726930856909
-mec	0.0	1.0	0.0	0.0
-e'p	0.247515494764	0.287240863432	0.110333404574	0.35491023723
-jiw	0.12860143326	0.327575267351	0.0152996820069	0.528523617381
-jit	0.0736458365929	0.850940326063	0.0361423162374	0.0392715211065
-men	0.622851690055	0.205734691829	0.0564535868048	0.114960031312
-mei	0.0	1.0	0.0	0.0
-bán	0.290322580645	0.322580645161	0.241935483871	0.145161290323
-tʉp	0.301188503779	0.259518781886	0.18072771243	0.258565001904
-nwi	0.326424870466	0.352331606218	0.259067357513	0.0621761658031
-ayo	0.103327495622	0.886164623468	0.0105078809107	0.0
-xoe	0.14609435451	0.724765676517	0.0570990771904	0.0720408917823
-rso	0.009324009324	0.990675990676	0.0	0.0
-wje	0.249594813614	0.30226904376	0.17925445705	0.268881685575
-o'e	0.535679713531	0.395857957836	0.0523732624184	0.0160890662149
-sés	0.0920377916945	0.834362279396	0.00692217339839	0.0666777555115
-bás	0.0599833379616	0.90724798667	0.00777561788393	0.024993057484
-oer	0.375954198473	0.509541984733	0.0	0.114503816794
-ʉpi	0.142099627056	0.250254707751	0.511178645247	0.0964670199458
-aón	0.0836683968126	0.877951604649	0.0268659989765	0.0115139995614
-ext	0.247007841519	0.674989682212	0.0491126702435	0.0288898060255
-ʉpa	0.0402056004036	0.301463168517	0.632788849647	0.0255423814329
-ʉpe	0.271582733813	0.305755395683	0.314748201439	0.107913669065
-ʉpx	0.238809640925	0.265125430398	0.212739793409	0.283325135268
-dab	0.0	1.0	0.0	0.0
-xad	0.0	1.0	0.0	0.0
-xae	0.35477073745	0.387472629832	0.101540491677	0.156216141041
-exi	0.260204081633	0.484693877551	0.224489795918	0.0306122448979
-ʉps	0.378235855352	0.155818182166	0.0418923647293	0.424053597753
-si'	0.0223695773748	0.328912678757	0.134217464249	0.514500279619
-xam	0.0871869899278	0.0258981414015	0.00415322498103	0.88276164369
-xan	0.150503573818	0.218974661732	0.0626741275638	0.567847636886
-exa	0.0883387011772	0.127721253397	0.0302722408765	0.75366780455
-mʉa	0.154942784169	0.829219793259	0.0	0.0158374225726
-ota	0.0850445965567	0.891101431238	0.0145198091682	0.00933416303673
-tán	0.0937219155219	0.781229939658	0.01887276929	0.10617537553
-ija	0.530460444314	0.114964440208	0.0424884522326	0.312086663245
-oti	0.217734916553	0.120493534066	0.0246135351677	0.637158014213
-oto	0.126582278481	0.873417721519	0.0	0.0
-ijt	0.527534847506	0.164849013731	0.0309437709671	0.276672367796
--em	0.642372902286	0.112013929193	0.20782652721	0.0377866413109
-wʉl	0.561048636862	0.293999209365	0.0171684281925	0.127783725581
-mʉt	0.357004062886	0.42395336513	0.154124712948	0.0649178590355
-ijs	0.188511562311	0.268182937476	0.506704573437	0.0366009267758
-otx	0.369112778415	0.277193780524	0.0570345978639	0.296658843197
-eví	0.0498334792606	0.887322330145	0.0233210863535	0.0395231042411
-nak	0.319266055046	0.251376146789	0.121100917431	0.308256880734
ALL	0.23484135613	0.286230374272	0.0540572761044	0.424870993494
--en	0.0694777192142	0.85864877815	0.0158121705798	0.0560613320556
-nan	0.156651187514	0.680087431119	0.0407979190062	0.122463462361
-nal	0.0224030487018	0.0932083244063	0.00720811880301	0.877180508089
-nam	0.3841513868	0.38191262825	0.0768302394708	0.15710574548
-sis	0.440052175053	0.296298911469	0.0930821545675	0.17056675891
-ake	0.103448275862	0.76724137931	0.0	0.129310344828
-siw	0.364353312303	0.531545741325	0.0	0.104100946372
-aka	0.38505936318	0.582148643669	0.0161494402358	0.0166425529148
-nae	0.18690974986	0.673453158494	0.0862256516746	0.0534114399718
-sik	0.213399357108	0.422158792972	0.0401557742293	0.324286075691
-nax	0.270162492054	0.257261711492	0.0353218956294	0.437253900825
-sio	0.0262008733624	0.973799126638	0.0	0.0
-sin	0.330981628049	0.521290692261	0.0499588153135	0.097768864377
-sim	0.182671359142	0.611530082118	0.0469247528071	0.158873805933
-akx	0.717421124829	0.178326474623	0.0	0.104252400549
-nar	0.0980392156863	0.79826546003	0.0490196078431	0.0546757164404
-nas	0.334659946786	0.50186062826	0.0933363934483	0.0701430315058
-sia	0.358089842847	0.486380096285	0.0519838145083	0.10354624636
-akt	0.668478260869	0.119565217391	0.163043478261	0.0489130434782
-naw	0.146593193387	0.713814243282	0.107809702873	0.0317828604575
-nat	0.590187837722	0.297452611716	0.0681876661806	0.0441718843812
-mxi	0.0665488810365	0.67810869931	0.140501430254	0.114840989399
-mow	0.11933872912	0.793869467884	0.0216979507491	0.0650938522472
-mot	0.416009067692	0.360598582456	0.129989382766	0.0934029670866
-mos	0.291997116078	0.621485219899	0.0162220620043	0.0702956020187
-mor	0.0	0.968085106383	0.031914893617	0.0
-wul	0.0977995110025	0.853300733496	0.0488997555012	0.0
-igo	0.0896412092321	0.728008569113	0.0154617280811	0.166888493574
-a-u	0.0471777590564	0.952822240944	0.0	0.0
-gog	0.523744911805	0.147218453189	0.0203527815468	0.30868385346
-mox	0.414925366963	0.0688631976885	0.0173653342448	0.498846101103
-aán	0.042194092827	0.934950773558	0.0123066104079	0.0105485232067
-wʉa	0.260507120528	0.558179923585	0.0166724557137	0.164640500174
-jʉs	0.187587657784	0.445301542777	0.135694249649	0.23141654979
-mon	0.048149634248	0.917590049076	0.00555572702861	0.0287045896478
-gos	0.0527918781726	0.654822335025	0.231472081218	0.0609137055837
-mol	0.0634705261571	0.905623398161	0.0263832353385	0.00452284034373
-moi	0.223062875033	0.72345421341	0.0	0.0534829115575
-uva	0.0926618850681	0.823017612864	0.00544003239147	0.0788804696763
-jla	0.464990937533	0.328612762453	0.0535292149661	0.152867085048
-yas	0.46286955847	0.42344998836	0.0519903779002	0.0616900752697
-eow	0.133184915084	0.559709773597	0.0656438008353	0.241461510484
-oft	0.424747950968	0.266446652644	0.123667222746	0.185138173642
-ofu	0.134698440783	0.234196602737	0.00280621751632	0.628298738963
-eos	0.0293322432353	0.897179371329	0.00401615066302	0.0694722347727
-ofs	0.278008298755	0.605809128631	0.0414937759336	0.0746887966805
-cob	0.0856760939919	0.903981989588	0.0	0.0103419164204
-bej	0.23740914367	0.35043020836	0.0856453187359	0.326515329235
-u'e	0.664571838396	0.221250292525	0.00272392530607	0.111453943774
-ben	0.355263157895	0.592105263158	0.0	0.0526315789474
-u'a	0.485651214128	0.417218543046	0.00883002207506	0.0883002207506
-bem	0.383783783784	0.583783783784	0.0	0.0324324324324
-yam	0.423531397883	0.286741464233	0.118374740267	0.171352397617
-yan	0.186015655858	0.472575432862	0.148331518367	0.193077392914
-lpi	0.266403159016	0.43813864028	0.129161793624	0.16629640708
-cor	0.0	1.0	0.0	0.0
-iso	0.0416666666667	0.958333333333	0.0	0.0
-reo	0.0	1.0	0.0	0.0
-isi	0.540052405233	0.210880537054	0.0601910990845	0.188875958629
-rea	0.0348380765456	0.893891069676	0.0201177625123	0.0511530912659
-isa	0.614754098361	0.290390761934	0.0770698010105	0.0177853386947
-eve	0.0204603580563	0.0	0.179028132992	0.800511508951
-rey	0.0820166683084	0.659651954297	0.030839739413	0.227491637982
-eva	0.639044229792	0.123919674631	0.214158617183	0.0228774783935
-isx	0.518228271017	0.137105095072	0.0216184346288	0.323048199283
-res	0.039448811643	0.0599711740181	0.129912833704	0.770667180635
-ist	0.26844961674	0.472900064743	0.110142193732	0.148508124785
-ret	0.0338097855965	0.955470038483	0.00494777350192	0.00577240241891
-upi	0.761431411531	0.208747514911	0.0	0.0298210735587
-max	0.272033629676	0.514851101806	0.0582003956148	0.154914872903
-hab	0.00489336541205	0.977979855646	0.0171267789422	0.0
-juw	0.396749645299	0.458532181091	0.0348252289436	0.109892944667
-jut	0.146913515426	0.126119009163	0.106234323651	0.62073315176
-avo	0.0287801638256	0.681757803852	0.17434137702	0.115120655302
-ava	0.38138332256	0.550743374273	0.0290885585003	0.0387847446671
-mas	0.0261780104712	0.973821989529	0.0	0.0
-mar	0.0132031687605	0.969992798271	0.00360086420742	0.0132031687606
-hal	0.18063583815	0.0289017341041	0.0433526011561	0.74710982659
-mat	0.137524557957	0.842829076621	0.0196463654224	0.0
-han	0.199986463631	0.503748661962	0.0630099034956	0.233254970911
-wʉr	0.127015314755	0.859230878388	0.0137538068573	0.0
-ber	0.0	1.0	0.0	0.0
-mak	0.229831330186	0.683113757665	0.0191923740548	0.0678625380942
-has	0.256161365702	0.504359989663	0.157501802731	0.0819768419037
-hat	0.142484765472	0.656517303069	0.133385978644	0.0676119528149
-mal	0.0327837166261	0.0267371073537	0.00695581200962	0.933523364011
-man	0.515169700446	0.234715413991	0.107087469161	0.143027416402
-hax	0.257217931554	0.488168487598	0.0788754796477	0.1757381012
-juk	0.643866591295	0.178066704353	0.0	0.178066704353
-jui	0.166176910805	0.763341969928	0.00443975554436	0.0660413637225
-be'	0.52332091074	0.398376708601	0.0143554364542	0.0639469442051
-jul	0.593285591057	0.14018166766	0.0102122929608	0.256320448322
-nox	0.406651915648	0.233001777511	0.113793570581	0.246552736259
-uni	0.0	0.814814814815	0.0	0.185185185185
-tat	0.23027516702	0.465770176363	0.0673814332566	0.236573223361
-nks	0.125	0.475	0.3	0.1
-se'	0.319888734353	0.19471488178	0.159944367177	0.32545201669
-una	0.369942196532	0.28323699422	0.156069364162	0.190751445087
-yax	0.283811629974	0.343106947097	0.165879710429	0.207201712499
-iro	0.0699128435339	0.851431067696	0.00248387648747	0.0761722122824
-pta	0.461538461539	0.418803418803	0.034188034188	0.0854700854701
-pto	0.0358154988762	0.910534545099	0.0138278119809	0.0398221440438
-nko	0.0952380952381	0.833333333333	0.0238095238095	0.047619047619
-nki	0.215691958074	0.354153139783	0.348993599852	0.0811613022911
-ui'	0.149096935661	0.676614809145	0.0143659059492	0.159922349245
-uns	0.252293577982	0.706422018349	0.0137614678899	0.0275229357798
-anx	0.40576252352	0.469959426082	0.0	0.124278050398
-fef	0.0902351280917	0.821614230862	0.043913193753	0.0442374472935
-ia'	0.0442265237172	0.867727810507	0.0132533206484	0.0747923451278
-ade	0.176991720559	0.0394074129648	0.0143083543933	0.769292512083
-tra	0.0	1.0	0.0	0.0
-ʉtx	0.50357230845	0.154964276915	0.191426459719	0.150036954915
-ada	0.124841226638	0.842496824533	0.0195971692978	0.0130647795318
-ado	0.03515625	0.77734375	0.0703125	0.1171875
-tro	0.0368937615641	0.0899663979895	0.0464008782649	0.826738962181
-gai	0.0	1.0	0.0	0.0
-adi	0.0	1.0	0.0	0.0
-gau	0.0	1.0	0.0	0.0
-sna	0.31884057971	0.197101449275	0.217391304348	0.266666666667
-gar	0.026082906381	0.754657661854	0.163018164881	0.056241266884
-ʉth	0.0147158356749	0.742037040835	0.159259183297	0.0839879401932
-ʉti	0.173961512303	0.0312339725079	0.0130703061126	0.781734209077
-ne'	0.543814277982	0.319660792687	0.0851025440549	0.051422385277
-lan	0.137590680239	0.584292021555	0.123776121874	0.154341176331
-ʉta	0.133720930233	0.552325581395	0.209302325581	0.104651162791
-seo	0.198518518518	0.783703703704	0.0	0.0177777777778
-ini	0.579488946876	0.295948008468	0.0	0.124563044656
-sem	0.0	1.0	0.0	0.0
-ink	0.36948653402	0.356851609681	0.080812374728	0.192849481571
-bel	0.0543804970081	0.850176181712	0.0318144404266	0.063628880853
-inn	0.63137254902	0.245098039216	0.0823529411765	0.0411764705883
-ino	0.196665955733	0.779277105151	0.00995195572023	0.0141049833958
-not	0.851168758967	0.077555134316	0.00506080113758	0.0662153055792
-uis	0.0	1.0	0.0	0.0
-apa	0.292542239844	0.56937800006	0.110184859066	0.0278949010294
-lba	0.348191516795	0.496700127029	0.0668570500759	0.0882513061003
-uit	0.508460309924	0.42551905728	0.061488323909	0.00453230888764
-sea	0.0	1.0	0.0	0.0
-món	0.0251987042865	0.927997106958	0.0115413912763	0.0352627974794
-uim	0.507519815119	0.439128315309	0.0311444923899	0.0222073771824
-uil	0.384684663033	0.253913963016	0.0825673219348	0.278834052016
-feo	0.0	1.0	0.0	0.0
-sew	0.120367002309	0.184333395586	0.0741676287775	0.621131973328
-rán	0.135849056604	0.864150943396	0.0	0.0
-lak	0.641946892719	0.131280525459	0.0248414079605	0.201931173862
-int	0.181657757889	0.71334009836	0.0676322921035	0.0373698516475
-ser	0.0	1.0	0.0	0.0
-ʉls	0.766013290892	0.0586362874854	0.0787401574803	0.0966102641424
-lat	0.522882305666	0.261127000559	0.145666606685	0.0703240870896
-blo	0.0657236291477	0.647960426847	0.0020552660709	0.284260677934
-iaf	0.226291920503	0.545894594636	0.210942379247	0.0168711056146
-dón	0.00457282219344	0.920737748647	0.0	0.0746894291594
-'xi	0.307692307692	0.634615384615	0.0	0.0576923076923
-són	0.0068102494254	0.965097471695	0.0	0.0280922788797
-iam	0.354458833957	0.397434859873	0.139715547101	0.108390759068
-ial	0.262249387944	0.639904386952	0.0978462251042	0.0
-ian	0.414621249655	0.284241954527	0.16119725978	0.139939536038
-nes	0.0571480999115	0.839919966639	0.0157937887303	0.0871381447189
-iak	0.230976081825	0.531690696484	0.183703307709	0.0536299139822
-mtu	0.459090909091	0.459090909091	0.0	0.0818181818182
-iat	0.427490005981	0.233908656547	0.170918473892	0.167682863579
-fut	0.193546919962	0.646573379961	0.0980980719111	0.0617816281659
-fos	0.559924310328	0.144388009162	0.0577631709989	0.237924509511
-nej	0.391902492195	0.133172248457	0.0212644637732	0.453660795575
-cos	0.0344703770198	0.942549371634	0.0100538599641	0.0129263913824
-ias	0.510523764339	0.374095066548	0.0565877776833	0.0587933914299
-els	0.48853663408	0.35699544024	0.0263168544049	0.128151071276
-ooz	0.0165289256198	0.98347107438	0.0	0.0
-pen	0.0331540164487	0.916280761045	0.00513352512754	0.0454316973787
-ban	0.0988018999457	0.57875085663	0.0184323085285	0.304014934896
-uks	0.404173913043	0.391304347826	0.0	0.20452173913
-eka	0.160070726269	0.155159179795	0.634877919515	0.0498921744216
-bam	0.151272157778	0.756451825978	0.0650470278443	0.0272289884
-eki	0.65733615222	0.265665961945	0.0161099365751	0.06088794926
-jow	0.29112565685	0.54842928938	0.0656181259929	0.0948269277771
-hon	0.540553938925	0.0765255658606	0.0122434395054	0.370677055709
-ʉla	0.124745203172	0.120902885587	0.0561345760253	0.698217335216
-eks	0.3523914791	0.495176848875	0.114248392283	0.0381832797427
-jom	0.0804657294798	0.888648584591	0.0308856859289	0.0
-how	0.118950538648	0.53523143976	0.0875848492782	0.258233172314
-tde	0.182056903263	0.098315882977	0.0103843537919	0.709242859968
-hoz	0.0	0.0933852140078	0.906614785992	0.0
-joe	0.798056060865	0.201943939135	0.0	0.0
-hox	0.341035620927	0.226526411478	0.0353602141993	0.397077753396
-ekx	0.660452420957	0.188900200371	0.0156716755924	0.134975703079
-tdo	0.373493975904	0.0843373493976	0.0	0.542168674699
-bas	0.541267942584	0.310107655502	0.0487440191388	0.0998803827752
-job	0.0	0.876084262701	0.123915737299	0.0
-oep	0.225264112844	0.286895320593	0.0928418834684	0.394998683094
-chx	0.735519686093	0.145249030187	0.0196637981005	0.09956748562
-ase	0.300754446053	0.157350846839	0.160469851582	0.381424855525
-ʉle	0.293849242563	0.145464500821	0.297499543712	0.263186712904
-asa	0.091281451141	0.83036863663	0.00579286132241	0.072557050907
-qui	0.0	1.0	0.0	0.0
-yes	0.0383435402537	0.910641449108	0.0115195185312	0.0394954921067
-ask	0.363173078331	0.364637485905	0.0590156252288	0.213173810535
-asi	0.400640090047	0.35737360468	0.127875276818	0.114111028455
-ʉax	0.125467274039	0.83300589463	0.0204245468638	0.0211022844672
-mba	0.229051899101	0.492606552624	0.263844592635	0.0144969556393
-lti	0.709037758831	0.21285404474	0.0381806838775	0.0399275125516
-'il	0.590668431502	0.240569159497	0.168762409001	0.0
-lto	0.286917819107	0.427912891432	0.125576219997	0.159593069464
-ʉch	0.24257442772	0.581696385398	0.0495157143757	0.126213472506
-lta	0.102856358143	0.854572919528	0.0384509750068	0.00411974732216
-cia	0.0329949956176	0.943679493342	0.00763380361334	0.0156917074274
-yee	0.264367816092	0.603448275862	0.0459770114942	0.0862068965518
-zor	0.0	1.0	0.0	0.0
-elo	0.0923076923077	0.907692307692	0.0	0.0
-iws	0.190799341054	0.651594502225	0.0285215509823	0.129084605739
-afs	0.757425742574	0.242574257426	0.0	0.0
-ho'	0.0997807017544	0.520847661623	0.124549035932	0.25482260069
-xot	0.203826272539	0.220611453963	0.0294309150989	0.5461313584
-chi	0.252642351424	0.0887444330211	0.0187484343051	0.63986478125
-ba'	0.158273381295	0.776978417266	0.0647482014388	0.0
-rat	0.526568598019	0.302311618133	0.171119783849	0.0
-mán	0.0	0.209756097561	0.790243902439	0.0
-ras	0.0975931941069	0.733245269441	0.131750812044	0.0374107244076
-ran	0.0267388615929	0.941508740265	0.0170460242655	0.0147063738761
-eri	0.0	1.0	0.0	0.0
-iwa	0.0270331155665	0.972966884433	0.0	0.0
-ram	0.0215842269111	0.952749913525	0.00193704600485	0.0237288135593
-uía	0.0428413488115	0.899115533444	0.000552791597567	0.057490326147
-red	0.0	1.0	0.0	0.0
-ero	0.044168138938	0.877829260975	0.0243341444715	0.0536684556152
-iwk	0.719649561953	0.187734668335	0.0775969962453	0.0150187734669
-era	0.101862081975	0.410991942655	0.486202807944	0.000943167425691
-hde	0.325854700855	0.385683760684	0.288461538462	0.0
-xoi	0.4	0.522222222222	0.0444444444445	0.0333333333333
-xon	0.236074718959	0.329050798749	0.0	0.434874482292
-rac	0.0	1.0	0.0	0.0
-pox	0.283755739476	0.276662096828	0.0527515691432	0.386830594553
-oza	0.174485125858	0.825514874142	0.0	0.0
-'ch	0.358885606302	0.443899432764	0.171516133853	0.0256988270817
-fba	0.0	1.0	0.0	0.0
-pos	0.0	0.944055944056	0.009324009324	0.04662004662
-xde	0.285886999275	0.312726686548	0.2067381317	0.194648182478
-swi	0.185788787484	0.806388526728	0.00782268578879	0.0
-pow	0.172614071696	0.251392301198	0.0464507899622	0.529542837144
-pot	0.227974599274	0.456001012113	0.208436752961	0.107587635652
-poi	0.469272369715	0.232055063914	0.211406096362	0.0872664700098
-pon	0.252603433253	0.192215041326	0.0490968919445	0.506084633476
-wʉx	0.256713602135	0.0456132851145	0.0143896902823	0.683283422468
-wʉt	0.0562033816423	0.0094329060005	0.000811804824969	0.933551907532
-aza	0.16701705209	0.486101378183	0.00963559915911	0.337245970568
-ye'	0.517461281506	0.300334041907	0.0334041907076	0.148800485879
--ʉa	0.508320726172	0.226928895613	0.0453857791225	0.219364599092
-lae	0.11988011988	0.82017982018	0.0	0.0599400599401
-laf	0.234567901235	0.765432098765	0.0	0.0
-ujt	0.870736086176	0.129263913824	0.0	0.0
-ika	0.406206254558	0.411531327892	0.0589955284391	0.123266889111
-lac	0.101538461538	0.898461538462	0.0	0.0
-lal	0.825010095571	0.111724323597	0.0323058285099	0.030959752322
-lam	0.43056636261	0.267594455653	0.0866224729287	0.215216708808
-nor	0.0	1.0	0.0	0.0
-lao	0.0	1.0	0.0	0.0
-fol	0.611302085868	0.0909204613311	0.035569640872	0.262207811929
-iki	0.384445311514	0.559147799725	0.0217305227194	0.0346763660416
-now	0.532641374374	0.287401574803	0.0311739441661	0.148783106657
-aam	0.0669264451854	0.918076032084	0.0149975227306	0.0
-aal	0.0525394045534	0.947460595447	0.0	0.0
-ppi	0.433333333333	0.0555555555555	0.444444444444	0.0666666666667
-law	0.23649679585	0.562099481233	0.201403722917	0.0
-lap	0.428901063373	0.252876196873	0.0473143390761	0.270908400677
-eón	0.122818358112	0.854095484348	0.00554067780959	0.0175454797303
-non	0.744793232328	0.109890211532	0.0422400206408	0.103076535499
-las	0.355035216559	0.451161069348	0.0777642299103	0.116039484182
-noc	0.0275925500115	0.891009427455	0.0813980225339	0.0
-lax	0.256967262786	0.203254104821	0.0900432234248	0.449735408969
-aac	0.0140903439701	0.983423124741	0.00248653128885	0.0
-okx	0.650405806551	0.349594193449	0.0	0.0
--ia	0.393530395984	0.198884551032	0.126491912995	0.281093139989
-dow	0.803652968037	0.0319634703196	0.0	0.164383561644
-eti	0.274693676327	0.573424306651	0.0382726229782	0.113609394044
-dor	0.159807251758	0.642645548622	0.0539142112331	0.143632988388
-dos	0.310221098315	0.5718825821	0.014523459659	0.103372859926
-hʉn	0.346278317152	0.446601941748	0.0906148867314	0.116504854369
-gel	0.0556169962068	0.739346363345	0.0454775661233	0.159559074325
-kje	0.182352941176	0.641176470588	0.0352941176471	0.141176470588
-fán	0.0	1.0	0.0	0.0
-bok	0.18632986627	0.763150074294	0.0505200594354	0.0
-bot	0.212147722302	0.721364744111	0.044616634381	0.0218708992064
-fás	0.016933776837	0.860296341095	0.0453583308134	0.0774115512549
--is	0.398211253779	0.320722135131	0.0777617496631	0.203304861427
-ke'	0.425502164619	0.471510392858	0.0578127941057	0.0451746484175
-doc	0.0	1.0	0.0	0.0
-bos	0.0735294117647	0.514705882353	0.411764705882	0.0
-hʉs	0.55897345755	0.144401476534	0.0395500087889	0.257075057128
-hʉt	0.762326611493	0.0647705637798	0.0594474880522	0.113455336675
-doi	0.105754305999	0.804697794597	0.0157562286341	0.0737916707698
-sas	0.375363256233	0.231764309335	0.0639513168323	0.328921117599
-mpo	0.589090909091	0.28	0.0436363636364	0.0872727272727
-sap	0.0716844918593	0.592996640208	0.106536201427	0.228782666506
-mia	0.126615178404	0.823626025346	0.0164196888628	0.0333391073866
-jus	0.0	0.905485232068	0.0945147679324	0.0
-ton	0.190530416051	0.332249390437	0.0212298810952	0.455990312417
-tol	0.212698412698	0.634920634921	0.0	0.152380952381
-sax	0.365398691005	0.33389220964	0.0936833447638	0.207025754591
-olt	0.53454897011	0.0373956011494	0.00989607111206	0.418159357628
-mpa	0.164974619289	0.14829586657	0.518129079043	0.168600435098
-tow	0.257505600921	0.272997632716	0.0565246755092	0.412972090854
-jfu	0.396755162242	0.571288102261	0.0147492625369	0.0172074729597
-fpi	0.203928905519	0.7736202058	0.0	0.022450888681
-tos	0.0308903123605	0.0415202509445	0.0523639198135	0.875225516882
-olo	0.0584795321637	0.892500859993	0.0386996904025	0.0103199174407
-ola	0.222649951237	0.353934428417	0.0555504510289	0.367865169317
-dʉk	0.695	0.305	0.0	0.0
-san	0.0923401835004	0.261402813508	0.131948472469	0.514308530523
-sam	0.38761766181	0.176546662312	0.0573787223123	0.378456953565
-sal	0.385123917601	0.289375924671	0.1255216831	0.199978474628
-lon	0.192399814314	0.628608684574	0.0504642586172	0.128527242495
-dʉt	0.732599483874	0.192947408971	0.0162269592519	0.0582261479039
-dom	0.0792920901117	0.791491170447	0.129216739441	0.0
-iel	0.0552570990023	0.92478894858	0.0199539524175	0.0
-ros	0.0736587476767	0.779677532837	0.0945795754193	0.0520841440673
-uío	0.0	1.0	0.0	0.0
-xpi	0.465956895831	0.354328069045	0.0867527459052	0.0929622892187
-naí	0.0252100840336	0.873949579832	0.0	0.100840336134
-loc	0.0	1.0	0.0	0.0
-aní	0.0	1.0	0.0	0.0
-oce	0.0342210980509	0.0427019788722	0.00133908644547	0.921737836631
-do'	0.303200299879	0.17127454899	0.049422918811	0.476102232319
-iez	0.0284938941655	0.0525780189959	0.00780189959295	0.911126187246
-epx	0.490312965723	0.152011922504	0.178837555887	0.178837555887
-lox	0.311623267584	0.442515119907	0.0572662085869	0.188595403923
-rom	0.0	1.0	0.0	0.0
-lot	0.314668460288	0.464845019898	0.146566896474	0.0739196233396
-lor	0.257841168732	0.412673959704	0.314944956034	0.01453991553
-los	0.0921450642381	0.770011383965	0.0640917222312	0.0737518295658
-nʉl	0.083677077195	0.631113730112	0.232174425457	0.0530347672363
-olx	0.493329255861	0.343094801223	0.0534638124363	0.110112130479
-ewt	0.464907192575	0.318300464037	0.155887470998	0.0609048723898
-ews	0.139240506329	0.79746835443	0.0	0.0632911392405
-ipo	0.0981818181818	0.847272727273	0.0436363636363	0.0109090909091
-akʉ	0.133333333333	0.706666666667	0.16	0.0
-ión	0.0349716446125	0.942344045369	0.022684310019	0.0
-iti	0.148254986623	0.537976899912	0.0169707744794	0.296797338985
-húm	0.0	1.0	0.0	0.0
-wim	0.533943586715	0.327132371552	0.0950532917123	0.0438707500211
-ham	0.11777567237	0.798862418729	0.0349547054653	0.0484072034356
-noé	0.0	1.0	0.0	0.0
-vos	0.0288883753178	0.861913565981	0.0415992604576	0.0675987982436
-ewa	0.171228586412	0.209323893874	0.0762618316954	0.543185688019
-awi	0.321870444481	0.51777169011	0.125968001016	0.034389864393
-jtu	0.0594451783355	0.940554821664	0.0	0.0
-awa	0.0202306790847	0.435514710418	0.484056004441	0.0601986060568
-sat	0.143027962882	0.558036993212	0.0214859562808	0.277449087625
-maj	1.0	0.0	0.0	0.0
-jti	0.616036616376	0.103407357179	0.19579589761	0.0847601288354
-mam	0.264705085481	0.386044054296	0.142986805386	0.206264054837
-ant	0.699027562464	0.0568563892972	0.00543598622884	0.23868006201
-wde	0.62100456621	0.214611872146	0.109589041096	0.054794520548
-kde	0.325524502976	0.476025111034	0.105048851569	0.0934015344208
-xis	0.0670391061452	0.905426975259	0.0047885075818	0.0227454110136
-ido	0.0	0.740458015267	0.0458015267176	0.213740458015
-saú	0.148051948052	0.511688311688	0.0961038961039	0.244155844156
-lʉk	0.344927536232	0.167149758454	0.194202898551	0.293719806763
-sto	0.0495691055276	0.73940763245	0.00491130349677	0.206111958526
-sti	0.334026858514	0.425368788867	0.083203788215	0.157400564405
-sta	0.128625751645	0.543407296993	0.0344583977224	0.29350855364
-saí	0.0	1.0	0.0	0.0
-cum	0.0	0.851239669421	0.0	0.148760330579
-eli	0.37193130137	0.364399031251	0.10352656751	0.160143099869
-ʉka	0.536173817774	0.256892070934	0.137376426824	0.069557684468
-oli	0.475839379921	0.36697950992	0.0686409684478	0.0885401417111
-ank	0.206187029942	0.273591599262	0.0376046544629	0.482616716333
-ián	0.145748987854	0.732793522267	0.0364372469636	0.0850202429149
-uch	0.402455291831	0.410151998318	0.0383351943581	0.149057515493
-spi	0.307808827512	0.454613774121	0.0817391823455	0.155838216022
-eya	0.23821024607	0.171186705752	0.54780810337	0.0427949448084
-tor	0.166233766234	0.745454545455	0.0155844155844	0.0727272727273
-rés	0.00101214574899	0.914473684211	0.0	0.0845141700405
-lej	0.0	0.124324324324	0.875675675676	0.0
-ide	0.207792207792	0.220779220779	0.363636363636	0.207792207792
-lel	0.207837777128	0.323425536538	0.0950802277149	0.373656458619
-lem	0.211518513507	0.603436612096	0.125062012357	0.0599828620395
-len	0.487648213054	0.2057270652	0.0493142734491	0.257310448296
-lea	0.0110662994295	0.966309266181	0.00118040527248	0.0214440291167
-leg	0.0	1.0	0.0	0.0
-gón	0.00128810648347	0.963933018463	0.0141691713182	0.0206097037355
-ios	0.135912163202	0.448372470422	0.00867398522637	0.40704138115
-íos	0.0888378225727	0.612050900633	0.0633735404373	0.235737736357
-les	0.0543746169026	0.815071324934	0.0166706261867	0.113883431976
-iow	0.613097226863	0.326762445707	0.0	0.0601403274307
-'lʉ	0.154738281865	0.739535561748	0.0994245973972	0.00630155898997
-lje	0.317219437238	0.481687375245	0.0392173436237	0.161875843893
-eel	0.0	1.0	0.0	0.0
-rra	0.0300798035605	0.958870472683	0.0110497237569	0.0
-pe'	0.242990654206	0.289719626168	0.242990654206	0.224299065421
-fte	0.0	1.0	0.0	0.0
-rre	0.118577075099	0.851778656126	0.0	0.0296442687747
-uya	0.237597276265	0.674854085603	0.0583657587548	0.0291828793774
-alt	0.355707894603	0.345178355759	0.142829196931	0.156284552707
-rro	0.148891738629	0.734870232241	0.0734134920822	0.0428245370479
-als	0.106896410926	0.784900575722	0.053897350047	0.0543056633049
-ole	0.432348533505	0.440269749518	0.0449582530507	0.0824234639262
-gio	0.0455235204856	0.93626707132	0.0182094081942	0.0
-udá	0.0	1.0	0.0	0.0
-tox	0.348290358636	0.401693204364	0.0978678310509	0.152148605949
-ndo	0.0107623318386	0.989237668161	0.0	0.0
-ali	0.236392606756	0.545442957298	0.156978967495	0.0611854684513
-tje	0.0979942843774	0.7386600429	0.0554069921263	0.107938680596
--el	0.360414573698	0.239551188957	0.125589334909	0.274444902436
-ale	0.154100439574	0.709752570122	0.0493719854948	0.086775004809
-nde	0.417534621368	0.322671209167	0.0526510527172	0.207143116748
--ek	0.355898964543	0.391512394101	0.158064010041	0.0945246313147
-ala	0.16430969324	0.41721944777	0.06518563059	0.353285228401
-tch	0.290960451977	0.675141242938	0.0254237288136	0.00847457627119
-ajʉ	0.0347826086956	0.733333333333	0.104347826087	0.127536231884
-jba	0.214057294176	0.613242688939	0.0263418541535	0.146358162732
-bia	0.115458627325	0.781911481719	0.0449005772931	0.0577293136626
-yow	0.0706436420722	0.591836734694	0.196232339089	0.141287284144
-jbe	0.140350877193	0.859649122807	0.0	0.0
-le'	0.318970927516	0.296294607253	0.249497953245	0.135236511986
-row	0.0715746421268	0.492842535787	0.399795501022	0.0357873210635
-yon	0.2	0.2	0.544444444444	0.0555555555555
-jnʉ	0.262858582192	0.394360622293	0.0130541440336	0.329726651481
-jax	0.282143006955	0.262765178491	0.152420483704	0.30267133085
-abé	0.0758683585704	0.795682186267	0.00841234649433	0.120037108669
-jka	0.65540158371	0.0910633484163	0.253535067873	0.0
-ʉlt	0.586760280843	0.247743229689	0.0752256770311	0.0902708124373
-elx	0.457814089653	0.135702686951	0.0422465177039	0.364236705692
-cho	0.0420247426575	0.0844272358107	0.0576069506091	0.815941070923
-cha	0.219098865095	0.289285015228	0.148126494557	0.34348962512
-elp	0.505016008538	0.306296691569	0.0572038420491	0.131483457844
-ien	0.0265348915041	0.0113550211391	0.0807213938844	0.881388693472
-che	0.60553790286	0.294598275079	0.0317748524739	0.068088969587
-elt	0.525212356562	0.245082967235	0.0769895722737	0.152715103929
-xul	0.469696969697	0.5	0.0	0.030303030303
-oré	0.0243902439024	0.878048780488	0.0487804878049	0.0487804878049
-ofa	0.436374053091	0.236170348208	0.0757527531988	0.251702845503
-ogo	0.0	1.0	0.0	0.0
-lse	0.426147905529	0.20496014554	0.153773140575	0.215118808357
-lsk	0.33606557377	0.245901639344	0.0	0.418032786885
-lsi	0.51646090535	0.383230452675	0.0900205761316	0.0102880658436
-iya	0.57216719714	0.246282412924	0.0226811277209	0.158869262215
-ʉli	0.466521572038	0.24067147252	0.0759972840798	0.216809671362
-amt	0.338663165014	0.282886712305	0.0447705861211	0.333679536559
-itx	0.484669282339	0.313097146933	0.0558470613895	0.146386509338
-jpi	0.366212922989	0.393985555011	0.11782164579	0.12197987621
-itu	0.0309944619595	0.877838168313	0.0594751171719	0.0316922525554
-est	0.677791313915	0.192576467576	0.0851868864483	0.04444533206
-esk	0.486725663717	0.0796460176992	0.176991150442	0.256637168142
-ito	0.118609733994	0.61088011088	0.154432539048	0.116077616078
-esi	0.383242143697	0.41599803837	0.0951912078812	0.105568610052
-dʉ'	0.106149341142	0.838945827233	0.0219619326501	0.0329428989751
-eso	0.0815129746372	0.799736109075	0.0105556370034	0.108195279285
-mka	0.363636363636	0.580808080808	0.040404040404	0.0151515151515
-lás	0.0493827160494	0.950617283951	0.0	0.0
-jji	0.48	0.072	0.096	0.352
-esa	0.343854810567	0.431949488963	0.0750911324259	0.149104568044
-ite	0.0	0.984555984556	0.015444015444	0.0
-ese	0.1875	0.785714285714	0.0267857142857	0.0
-ita	0.0	0.985594237695	0.0144057623049	0.0
-jme	0.0898478175139	0.0506833787148	0.031051034112	0.828417769659
-spe	0.0259109311741	0.936302294197	0.0377867746289	0.0
-ae'	0.436079101132	0.399080829692	0.0527476171651	0.112092452011
-fak	0.751512022937	0.206737309122	0.0208753339704	0.0208753339705
-fan	0.117832560041	0.796563669994	0.0229449154709	0.062658854494
-o't	0.208012326656	0.71186440678	0.0493066255779	0.0308166409861
-spo	0.0	1.0	0.0	0.0
-fas	0.338319621042	0.411867364747	0.120418848168	0.129394166043
-bra	0.0307955517536	0.969204448246	0.0	0.0
-alí	0.0	1.0	0.0	0.0
-pti	0.0975609756098	0.357723577236	0.447154471545	0.0975609756098
-fat	0.564482029598	0.338266384778	0.0718816067653	0.0253699788584
-wxu	0.115926028153	0.768147943693	0.0	0.115926028153
-o'a	0.523856091363	0.150804143471	0.0215955212051	0.303744243961
-fax	0.162561576355	0.497536945813	0.118226600985	0.221674876847
-oef	0.144675169156	0.631170243247	0.0371555353116	0.186999052286
-bro	0.0462809917355	0.86694214876	0.0867768595042	0.0
-udo	0.101075268817	0.855913978495	0.0430107526881	0.0
-nda	0.310212195048	0.417529123655	0.0549613264039	0.217297354894
-duk	0.518061923374	0.0807961898704	0.0475139104048	0.353627976351
-ʉ'a	0.527156549521	0.402555910543	0.0702875399361	0.0
-uti	0.631910847152	0.276000133462	0.0380367688766	0.0540522505089
-ʉ'e	0.532488919611	0.195228317001	0.236500223641	0.0357825397471
-huk	0.626736111111	0.373263888889	0.0	0.0
-wow	0.224994995663	0.652899179289	0.0240208180423	0.098085007006
-nje	0.0589441371929	0.103886002656	0.00510360870299	0.832066251449
-ela	0.295571868334	0.161649120831	0.218347697591	0.324431313244
-aba	0.303180363418	0.613467319319	0.0320329212017	0.0513193960617
-nja	0.0695249130939	0.884125144844	0.0393974507532	0.00695249130939
-low	0.338791598974	0.33460938749	0.0561291505742	0.270469862962
-abo	0.0434782608695	0.834782608696	0.0	0.121739130435
-vas	0.0550458715596	0.201834862385	0.743119266055	0.0
-fam	0.480074172253	0.312167053246	0.0782249636786	0.129533810823
-sox	0.325208503674	0.183417533279	0.0626851598675	0.428688803179
-oso	0.0	0.797557840617	0.202442159383	0.0
-tea	0.171374166931	0.771501110758	0.0190415741035	0.0380831482069
-aei	0.503918888544	0.231877946697	0.0481881017834	0.216015062975
-nce	0.0903991024202	0.120051290271	0.0702035582626	0.719346049046
-aek	0.597246773102	0.233248245523	0.0400323079858	0.129472673389
-aej	0.147094076284	0.795107074366	0.0263357660345	0.0314630833156
-koi	0.148173896109	0.360083892737	0.0365188023205	0.455223408834
-ael	0.376588751358	0.284919500141	0.0749525896049	0.263539158896
-sos	0.715328467153	0.0973236009732	0.0340632603407	0.153284671533
-och	0.302300515196	0.422612776276	0.103058628319	0.172028080209
-'de	0.518092960935	0.462434889336	0.00133778127913	0.0181343684505
-aes	0.288586296162	0.169340486116	0.117764610531	0.42430860719
-son	0.54035553357	0.223999762658	0.0773332868354	0.158311416936
-oro	0.0186956068581	0.912905831466	0.0510709260514	0.0173276356246
-elí	0.024861878453	0.958563535912	0.0	0.0165745856353
-aex	0.290407649389	0.424034777587	0.108343244325	0.177214328699
-ora	0.147659527489	0.635129167587	0.0331198940163	0.184091410908
-kox	0.43598615917	0.141374196737	0.264458724666	0.158180919427
-ris	0.0	1.0	0.0	0.0
-ruz	0.152626362735	0.829203832177	0.0181698050876	0.0
