-tɔa	0.0802139037434	0.863636363636	0.0561497326204	0.0
-tɔe	0.116610120136	0.0895935396762	0.718881337634	0.0749150025535
-euz	0.0	1.0	0.0	0.0
-ũre	0.35593220339	0.0338983050847	0.440677966102	0.169491525424
-ũra	0.29963898917	0.70036101083	0.0	0.0
-eus	0.0330679730557	0.924678505818	0.00734843845682	0.0349050826699
-eur	0.0	1.0	0.0	0.0
-iva	0.0	1.0	0.0	0.0
-rba	0.0481891904598	0.604316226333	0.0171547505645	0.330339832643
-700	0.0	0.222222222222	0.0	0.777777777778
-ive	0.0280811232449	0.95631825273	0.01248049922	0.00312012480499
-rbe	0.0560471976401	0.94395280236	0.0	0.0
-zek	0.0	1.0	0.0	0.0
-ivi	0.0233786820071	0.972724870992	0.0	0.00389644700119
-aus	0.145077720207	0.813471502591	0.020725388601	0.020725388601
-oya	0.251759834369	0.581366459627	0.0898550724637	0.0770186335404
-adɩ	0.098397526005	0.847015275044	0.0417018086403	0.0128853903102
-ɛpa	0.0	1.0	0.0	0.0
-miɛ	0.0	1.0	0.0	0.0
-idõ	0.0	0.982206405694	0.0142348754448	0.00355871886121
-aum	0.0180072028812	0.973589435774	0.00600240096039	0.00240096038415
-aul	0.0356245601219	0.901569752421	0.00290653647759	0.0598991509795
-ɛŋɛ	0.391304347826	0.434782608696	0.173913043478	0.0
-ɛnɩ	0.067553630363	0.896761551155	0.0259900990099	0.00969471947195
-tɔ'	0.219895287958	0.219895287958	0.0314136125654	0.528795811518
-yeo	0.04	0.96	0.0	0.0
-ɛŋɔ	0.15014164306	0.790368271954	0.0594900849859	0.0
-tɔn	0.0	1.0	0.0	0.0
-yea	0.194444444444	0.305555555556	0.5	0.0
-svi	0.0	1.0	0.0	0.0
-tɔm	0.0	1.0	0.0	0.0
-blɛ	0.291033444512	0.380394014509	0.0809832193425	0.247589321636
-õkɩ	0.0162932790224	0.983706720978	0.0	0.0
-sva	0.0	1.0	0.0	0.0
-blɩ	0.435829700641	0.45243584837	0.0744896339927	0.0372448169963
-õkɛ	0.724176863827	0.108085433011	0.00589070072564	0.161847002437
-dri	0.00732600732601	0.78021978022	0.201465201465	0.010989010989
-ohɛ	0.705542258027	0.224898285199	0.0159534920908	0.0536059646829
-ɛnɛ	0.0867888138861	0.860611904971	0.0473393530288	0.00525992811433
-'im	0.737051792829	0.0956175298804	0.143426294821	0.0239043824701
-ɛnɔ	0.0850463522774	0.837162434502	0.0330511890367	0.0447400241838
-rbã	0.179959100204	0.460122699387	0.294478527607	0.0654396728016
-yaŋ	0.662251655629	0.198675496689	0.0993377483444	0.0397350993377
-ido	0.0	1.0	0.0	0.0
-idi	0.0180548458525	0.966956225515	0.00238460228241	0.0126043263499
-atẽ	0.0	0.963636363636	0.0363636363636	0.0
-ida	0.0115340253749	0.98615916955	0.0	0.00230680507497
-uuɛ	0.262472450411	0.236425566019	0.0601081947506	0.44099378882
-ba'	0.258170224072	0.316269595253	0.152924157884	0.272636022791
-kpa	0.0	0.105263157895	0.789473684211	0.105263157895
-tla	0.0209879703097	0.912464806757	0.0209879703097	0.0455592526235
-ɔen	0.041092519685	0.80093503937	0.140994094488	0.0169783464567
-bɩɩ	0.0637987551871	0.0234038414118	0.00510798453364	0.907689418867
-lab	0.0	1.0	0.0	0.0
-uta	0.419509626075	0.413813954396	0.0946027659118	0.0720736536174
-ute	0.401355225436	0.431326557206	0.103205629398	0.0641125879593
-uti	0.284640171858	0.546723952739	0.0848549946295	0.0837808807734
-ugɛ	0.514705882353	0.183823529412	0.22794117647	0.0735294117647
-uto	0.0682753146103	0.608188559282	0.0402821617351	0.283253964372
-erɩ	0.634024869132	0.152009501473	0.122205245047	0.0917603843474
-ɩla	0.0270664519699	0.0901517026928	0.0943728426463	0.788409002691
-rŋa	0.39513893366	0.417510154084	0.0214686351621	0.165882277094
-rŋe	0.48275862069	0.0689655172414	0.448275862069	0.0
-erɛ	0.250789126364	0.610175239644	0.0829913631143	0.0560442708782
-ↄkↄ	0.116126931415	0.843829299131	0.0187897687436	0.0212540007099
-ãŋɛ	0.626185614508	0.12003885542	0.0806349808611	0.173140549211
-ozɩ	0.0236686390533	0.976331360947	0.0	0.0
-erɔ	0.1233729485	0.391812865497	0.451361378356	0.0334528076464
-azɩ	0.0248565965583	0.952198852772	0.0152963671128	0.00764818355641
-num	0.216393442623	0.645901639344	0.0590163934426	0.0786885245901
-keb	0.0	0.857142857143	0.142857142857	0.0
-dↄa	0.222222222222	0.769841269841	0.0	0.0079365079365
-ↄya	0.369565217391	0.451086956522	0.179347826087	0.0
-rŋↄ	0.177778548633	0.670324857777	0.12457940197	0.0273171916193
-ɛ'ɛ	0.666666666667	0.333333333333	0.0	0.0
-glɩ	0.268907563025	0.613445378151	0.117647058824	0.0
-nho	0.0935027086102	0.805061019625	0.0538348928361	0.0476013789289
-nhi	0.298701298701	0.441558441559	0.051948051948	0.207792207792
-nhe	0.156324820135	0.6987650982	0.0959622533626	0.0489478283024
-nha	0.424671326222	0.340376169145	0.0888185253819	0.146133979251
-ũŋe	0.247863247863	0.119658119658	0.57264957265	0.059829059829
-ũŋa	0.0308240988409	0.929817857598	0.0168131448223	0.022544898739
-845	0.0	1.0	0.0	0.0
-ket	0.0	1.0	0.0	0.0
-glɛ	0.605676609721	0.254908208535	0.0442657908282	0.0951493909165
-toɛ	0.857142857143	0.0	0.142857142857	0.0
-288	0.142857142857	0.0	0.285714285714	0.571428571429
-zɔ'	0.551721978274	0.230951767907	0.0439106199678	0.173415633851
-pↄɩ	0.135799819147	0.182027018387	0.0585946419927	0.623578520474
-kãn	0.0787686155477	0.0264877934934	0.00522056005912	0.8895230309
-vↄa	0.592045381864	0.254377549163	0.119801429745	0.033775639228
-245	0.0	0.0	0.409090909091	0.590909090909
-vↄm	0.0831594447906	0.86830728775	0.0328391339429	0.0156941335169
-mfa	0.0	1.0	0.0	0.0
-lpa	0.0232558139535	0.976744186047	0.0	0.0
-lʋm	0.204890865953	0.686471186631	0.0646467362853	0.0439912111314
-yam	0.0387118804705	0.671098845961	0.239170429838	0.0510188437308
-yan	0.149221083248	0.161866245241	0.0451262274016	0.643786444109
-yai	0.75	0.25	0.0	0.0
-ↄka	0.0226446378893	0.728123174039	0.0269370081716	0.2222951799
-067	0.0	0.2	0.0	0.8
-edõ	0.0	1.0	0.0	0.0
-nre	0.202333797656	0.524735258341	0.115790578082	0.157140365921
-ɔya	0.0892394066652	0.675198005062	0.178289203292	0.0572733849801
-gʋm	0.0627802690583	0.578475336323	0.331838565022	0.0269058295964
-psa	0.0	1.0	0.0	0.0
-ya'	0.586206896552	0.149425287356	0.172413793103	0.0919540229885
-uar	0.0	1.0	0.0	0.0
-nra	0.328054015777	0.459508123232	0.127802796219	0.0846350647721
-se'	0.805755395683	0.16067146283	0.0	0.0335731414868
-ɛn'	0.515462568818	0.0646986105257	0.0324039535556	0.387434867101
-rbɩ	0.0331034482758	0.966896551724	0.0	0.0
-667	0.0	0.2	0.0	0.8
-666	0.0443786982249	0.0355029585799	0.0	0.920118343195
-foe	0.742987111448	0.1159969674	0.0443517816528	0.0966641394996
-ʋlɛ	0.29197080292	0.474452554745	0.204379562044	0.029197080292
-ade	0.00819672131148	0.991803278689	0.0	0.0
-052	0.0	0.333333333333	0.0	0.666666666667
-ada	0.00908402725208	0.968205904618	0.0227100681302	0.0
-ado	0.0	1.0	0.0	0.0
-mı̃	0.229941043405	0.0890166429248	0.0291354409063	0.651906872764
-sↄa	0.281573498965	0.58281573499	0.092132505176	0.0434782608696
-adi	0.0	1.0	0.0	0.0
-lal	0.00831024930746	0.980609418283	0.0	0.01108033241
-gɩm	0.220285418865	0.136376781352	0.0756892075866	0.567648592196
-tɔɔ	0.117593650613	0.473763960593	0.289246941556	0.119395447238
-ãgɛ	0.490384615385	0.471153846154	0.0384615384615	0.0
-seo	0.694610778443	0.281437125748	0.0239520958084	0.0
-sen	0.0	1.0	0.0	0.0
-sem	0.0944881889764	0.870078740157	0.011811023622	0.0236220472441
-sek	0.0169491525424	0.983050847458	0.0	0.0
-oes	0.090909090909	0.833333333333	0.030303030303	0.0454545454545
-̃ma	0.577039274924	0.347432024169	0.0453172205438	0.0302114803625
-sef	0.016035651291	0.956371471262	0.00288930653891	0.0247035709077
-see	0.0635593220339	0.892857142857	0.023607748184	0.0199757869249
-ɛna	0.427994866228	0.0488567663746	0.0100454133762	0.513102954021
-lba	0.0895003644195	0.653447844485	0.195834738434	0.0612170526614
-seb	0.0	1.0	0.0	0.0
-sea	0.0141814587351	0.95997570533	0.020022438961	0.00582039697374
-ɛne	0.52427184466	0.257281553398	0.0582524271845	0.160194174757
-ohe	0.463187018555	0.153649849847	0.0152773421893	0.367885789408
-õka	0.164948453608	0.835051546392	0.0	0.0
-oha	0.497960839065	0.424083435717	0.0343967081205	0.0435590170978
-uin	0.212773591675	0.467168998924	0.104413347686	0.215644061715
-set	0.00173988690735	0.973466724663	0.0208786428882	0.00391474554154
-ses	0.0406954528086	0.953993121895	0.00267481849446	0.00263660680168
-ser	0.00298507462688	0.979104477612	0.0179104477612	0.0
-sep	0.0	1.0	0.0	0.0
-lat	0.061797752809	0.926966292135	0.0112359550562	0.0
-bla	0.355648099948	0.46090577824	0.131806350859	0.0516397709527
-ŋɛŋ	1.0	0.0	0.0	0.0
-mti	0.0	1.0	0.0	0.0
-mto	0.112741827885	0.862575050033	0.00567044696464	0.0190126751167
-ɛŋa	0.105286426761	0.361145477873	0.136335395127	0.397232700239
-lap	0.0	1.0	0.0	0.0
-mta	0.226311128604	0.773688871396	0.0	0.0
-ɛŋe	0.163003210669	0.559891331193	0.0489009632008	0.228204494937
-ẽ'a	0.115318007787	0.443078463999	0.0291029224084	0.412500605806
-azã	0.0210255018991	0.945559775728	0.0130222463375	0.0203924760354
-uum	0.0408054284478	0.780983860127	0.0862695994034	0.0919411120216
-uuo	0.166666666667	0.75	0.0833333333333	0.0
-uun	0.540364944719	0.2121858544	0.0430634273748	0.204385773506
-mõa	0.00925925925925	0.935185185185	0.0	0.0555555555555
-lar	0.444444444445	0.555555555555	0.0	0.0
-uue	0.249950485245	0.215092097445	0.137254901961	0.39770251535
-uur	0.010764262648	0.937567276642	0.0516684607105	0.0
-zom	0.355446079328	0.152941781648	0.0752762992617	0.416335839763
-zon	0.593667546174	0.31926121372	0.0316622691293	0.0554089709762
-zoo	0.520833333333	0.25	0.1875	0.0416666666667
-zoe	0.617936524657	0.182216971904	0.0537237964816	0.146122706957
-enɛ	0.0464876336287	0.856478156993	0.0177298682845	0.0793043410936
-zoa	0.27868852459	0.702576112412	0.0112412177986	0.00749414519906
-adõ	0.0	1.0	0.0	0.0
-zot	0.0	1.0	0.0	0.0
-zor	0.0	1.0	0.0	0.0
-rat	0.0	0.981958762887	0.0103092783505	0.0077319587629
-rar	0.0	1.0	0.0	0.0
-ras	0.0	0.988505747126	0.0114942528736	0.0
-rap	0.0	1.0	0.0	0.0
-ran	0.0391304347826	0.95652173913	0.00434782608697	0.0
-eri	0.0	1.0	0.0	0.0
-ram	0.0297786092922	0.9245400686	0.0327408793265	0.0129404427814
-rak	0.0	1.0	0.0	0.0
-rah	0.0287456445993	0.968641114983	0.00261324041811	0.0
-ope	0.045616113744	0.941943127962	0.00888625592417	0.00355450236967
-era	0.361099068709	0.324010866647	0.0685536398781	0.246336424766
-rad	0.0	1.0	0.0	0.0
-rab	0.0	1.0	0.0	0.0
-ere	0.232889030506	0.31118727743	0.0721508357103	0.383772856354
-ɩlɩ	0.0131004366812	0.768558951965	0.113537117904	0.10480349345
-ugu	0.111873362398	0.80250926842	0.071918590113	0.0136987790691
-oza	0.0	1.0	0.0	0.0
-oze	0.0320855614973	0.909090909091	0.0374331550802	0.0213903743316
-mũm	0.700132100396	0.157199471598	0.0911492734478	0.0515191545575
-ɩlɛ	0.821428571429	0.107142857143	0.0357142857143	0.0357142857143
-uge	0.373747629356	0.307852339993	0.182578877799	0.135821152852
-azo	0.0	1.0	0.0	0.0
-azi	0.00546590317544	0.978136387298	0.00702758979698	0.00937011972931
-uga	0.103930036157	0.811112956598	0.0765309381747	0.00842606906949
-bom	0.615384615385	0.230769230769	0.0	0.153846153846
-ugo	0.0673456288431	0.872101761446	0.0250353998872	0.0355172098239
-aze	0.0	1.0	0.0	0.0
-aza	0.044776119403	0.901492537313	0.0089552238806	0.044776119403
-ugi	0.411764705882	0.588235294118	0.0	0.0
-to'	0.519154557464	0.266842800528	0.103038309115	0.110964332893
-ike	0.505374057436	0.213119257113	0.134595107082	0.146911578369
-ika	0.0533841273282	0.770625574213	0.110508351095	0.0654819473632
-iko	0.0444235515337	0.868374662122	0.0119873075567	0.0752144787871
-nor	0.0	1.0	0.0	0.0
-nos	0.02	0.98	0.0	0.0
-not	0.0	0.860465116279	0.139534883721	0.0
-iki	0.0444350402032	0.94033008887	0.00507829030893	0.0101565806179
-nok	0.00746268656716	0.985074626866	0.0	0.00746268656716
-iks	0.0739153722549	0.844134975897	0.0369576861275	0.0449919657204
-nom	0.0	1.0	0.0	0.0
-non	0.0152091254753	0.97127165188	0.0135192226447	0.0
-noa	0.0106406766853	0.978718646629	0.0106406766854	0.0
-nob	0.0	1.0	0.0	0.0
-bok	0.0	1.0	0.0	0.0
-nod	0.0	1.0	0.0	0.0
-noe	0.0	1.0	0.0	0.0
-bot	0.0	0.990825688073	0.0091743119266	0.0
-dod	0.0	1.0	0.0	0.0
-erↄ	0.163934426229	0.770491803279	0.0655737704918	0.0
-gla	0.111256178569	0.67406930062	0.0963730961061	0.118301424705
-vot	0.0	1.0	0.0	0.0
-gle	0.799359658485	0.12166488794	0.0373532550694	0.0416221985059
-toa	0.13037809648	0.784876140808	0.0586701434159	0.026075619296
-ton	0.221019784009	0.135690092911	0.0551073641601	0.58818275892
-too	0.340512084231	0.478583393156	0.143575017947	0.0373295046662
-tom	0.828816330246	0.0987100944966	0.0162371260336	0.0562364492241
-rai	0.0454545454546	0.919191919192	0.010101010101	0.0252525252525
-voa	0.384615384615	0.461538461539	0.153846153846	0.0
-tot	0.0	1.0	0.0	0.0
-tou	0.0	1.0	0.0	0.0
-tor	0.0	1.0	0.0	0.0
-voe	0.0	1.0	0.0	0.0
-ŋɛn	0.0	1.0	0.0	0.0
-vol	0.5	0.166666666667	0.0	0.333333333333
-vom	0.104281174425	0.843824028522	0.0376808449281	0.0142139521249
-von	0.275471698113	0.316981132076	0.407547169811	0.0
-rot	0.0	0.945595854922	0.0388601036269	0.0155440414508
-iel	0.0233400908959	0.960123756145	0.00723456691974	0.00930158603969
-nhɛ	0.691839384037	0.209857200412	0.0339764537356	0.0643269618157
-ros	0.0	0.951807228916	0.0481927710843	0.0
-nhɔ	0.0513083632632	0.933299127758	0.015392508979	0.0
-roz	0.0	1.0	0.0	0.0
-rod	0.0136455041655	0.938667049698	0.0438092502155	0.00387819592072
-roe	0.0	1.0	0.0	0.0
-roa	0.0	1.0	0.0	0.0
-rom	0.257298996516	0.530306678235	0.158290669732	0.0541036555173
-ron	0.00368480725624	0.988095238095	0.0076530612245	0.000566893424036
-roo	0.0	0.5	0.166666666667	0.333333333334
-ɛ'a	0.42896468236	0.192745870433	0.0322284128392	0.346061034368
-roi	0.421052631579	0.368421052632	0.0	0.210526315789
-rok	0.0	1.0	0.0	0.0
-vsa	0.0	1.0	0.0	0.0
-pↄa	0.226211849192	0.473967684022	0.269299820467	0.0305206463196
-sar	0.120428751576	0.843001261034	0.0346784363178	0.00189155107188
-yaɛ	0.868204889193	0.0702014849275	0.0428797730406	0.018713852839
-kãɩ	0.0224719101124	0.966292134831	0.0112359550562	0.0
-yɔɔ	0.0445278969957	0.903433476395	0.0423819742489	0.00965665236054
-̃im	0.437238720886	0.529127531353	0.0256528584614	0.00798088929909
-nga	0.602602602603	0.241241241241	0.0780780780781	0.078078078078
-'ʋm	0.360902255639	0.360902255639	0.172932330827	0.105263157895
-imm	0.111111111111	0.444444444444	0.333333333333	0.111111111111
-ẽma	0.0169461445818	0.433719679656	0.262032499042	0.28730167672
-pɔɛ	0.0	0.399999999999	0.3	0.3
-gɔ'	0.654329147389	0.345670852611	0.0	0.0
-eel	0.00234192037471	0.992974238876	0.00468384074943	0.0
-sↄↄ	0.58064516129	0.290322580645	0.0645161290323	0.0645161290322
-ↄkɩ	0.0	0.984723106302	0.0152768936983	0.0
-273	0.0	0.0	0.0	1.0
-tim	0.0202702702702	0.929054054054	0.0506756756757	0.0
-sab	0.0	0.666666666667	0.333333333333	0.0
-gɔm	0.18966987721	0.695118339072	0.0253333750048	0.0898784087128
-ↄkɛ	0.562573533269	0.319660828968	0.0500962957967	0.0676693419662
-̃na	0.0704068273287	0.608931775202	0.170246811812	0.150414585657
-lel	0.00897308075773	0.975074775673	0.011964107677	0.00398803589232
-lem	0.0655793014012	0.80183875083	0.119789415234	0.0127925325349
-len	0.374205267938	0.146230699364	0.0326975476839	0.446866485014
-mum	0.257960759087	0.350595046639	0.0469604374397	0.344483756835
-lea	0.0820552147239	0.848926380368	0.00460122699388	0.0644171779141
-leb	0.00930232558141	0.986046511628	0.00465116279068	0.0
-olo	0.0	0.788461538462	0.211538461538	0.0
-mui	0.00740740740741	0.9	0.0444444444444	0.0481481481481
-lee	0.00936312227681	0.969222211922	0.0152961898582	0.00611847594327
-leg	0.0	1.0	0.0	0.0
-mut	0.0	1.0	0.0	0.0
-lez	0.0	1.0	0.0	0.0
-mus	0.0715314450312	0.857897263562	0.0144023043687	0.0561689870379
-mɔm	0.714285714286	0.285714285714	0.0	0.0
-esã	0.127450980392	0.754901960784	0.078431372549	0.0392156862745
-oim	0.25	0.75	0.0	0.0
-les	0.181818181818	0.818181818182	0.0	0.0
-let	0.0	1.0	0.0	0.0
-itã	0.0277777777778	0.0888888888888	0.0111111111111	0.872222222222
-lev	0.0	1.0	0.0	0.0
-muz	0.0	1.0	0.0	0.0
-pe'	0.785714285714	0.214285714286	0.0	0.0
-'ya	0.310880829015	0.476729790454	0.0654317025082	0.146957678023
-pʋa	0.305575158786	0.333098094566	0.344389555399	0.0169371912491
-470	0.571428571429	0.285714285714	0.142857142857	0.0
-nnↄ	0.19621074346	0.692989910244	0.0848548316687	0.0259445146273
-mu'	0.666666666667	0.0	0.333333333333	0.0
-655	0.0	0.333333333333	0.0	0.666666666667
-120	0.0	0.5	0.333333333333	0.166666666667
-650	0.384615384615	0.0	0.0	0.615384615385
-123	0.0	0.75	0.0	0.25
-128	0.0	0.375	0.0	0.625
-le'	0.424010217114	0.346104725415	0.195402298851	0.0344827586207
-oi'	0.0625	0.0624999999999	0.625	0.25
-aŋo	0.0	1.0	0.0	0.0
-lom	0.30789618121	0.412618822443	0.132810082266	0.146674914082
-wↄm	0.486154578036	0.391292264563	0.0835958623334	0.038957295068
-ŋaɔ	0.0	1.0	0.0	0.0
-pee	0.538347352796	0.209212361117	0.206198551572	0.0462417345149
-peg	0.0	1.0	0.0	0.0
-pel	0.0121212121212	0.975757575758	0.0121212121212	0.0
-pem	0.25	0.375	0.375	0.0
-pen	0.108700723116	0.748308840681	0.0342897130861	0.108700723116
-peo	0.0	1.0	0.0	0.0
-ogu	0.0	0.4	0.6	0.0
-pek	0.0	1.0	0.0	0.0
-pet	0.0	1.0	0.0	0.0
-lsa	0.322580645161	0.666666666667	0.010752688172	0.0
-ogo	0.0867638219481	0.733811401732	0.139939314192	0.0394854621276
-pes	0.129032258065	0.838709677419	0.0322580645161	0.0
-oga	0.100009434852	0.81819039532	0.0169827342202	0.0648174356071
-lsi	0.161475657696	0.671605684911	0.110674327185	0.0562443302086
-oge	0.588802232863	0.131428282654	0.178471165624	0.101298318858
-nɛ'	0.629237288136	0.141949152542	0.228813559322	0.0
-ʋla	0.766233766234	0.025974025974	0.155844155844	0.0519480519481
-ãan	0.34693877551	0.236151603499	0.297376093294	0.119533527697
-ãam	0.429178825954	0.50336418978	0.0412189018107	0.0262380824551
-ito	0.281396910678	0.484889187374	0.151108126259	0.0826057756884
-esi	0.0566037735849	0.899371069182	0.0251572327044	0.0188679245283
-ugɔ	0.613138686131	0.386861313869	0.0	0.0
-eso	0.0181818181818	0.981818181818	0.0	0.0
-iti	0.366425446544	0.55332558739	0.0405728012792	0.0396761647868
-rib	0.0	0.974522292994	0.0127388535032	0.0127388535032
-esa	0.0	1.0	0.0	0.0
-ite	0.494734060624	0.271601676041	0.140991280057	0.0926729832773
-ese	0.235449465834	0.0713668529194	0.0197847385003	0.673398942746
-ita	0.461307766371	0.440701369776	0.034192283106	0.0637985807465
-spa	0.0	1.0	0.0	0.0
-ɛya	0.0857142857142	0.914285714286	0.0	0.0
-faa	0.150160516414	0.130794987745	0.385929787014	0.333114708827
-ae'	0.0539171031272	0.0935187036734	0.209460851294	0.643103341906
-fai	0.116222167849	0.425250795204	0.360900415953	0.0976266209934
-rmi	0.0	1.0	0.0	0.0
-n'a	0.0358467243511	0.901112484549	0.0259579728059	0.0370828182942
-uda	0.0151380405953	0.957465396806	0.0213358615637	0.00606070103545
-'lɔ	0.285714285714	0.714285714286	0.0	0.0
-n'e	0.412371134021	0.335051546392	0.0824742268042	0.170103092784
-ude	0.00550863018729	0.985677561513	0.0052882849798	0.00352552331987
-n'i	0.754491017964	0.245508982036	0.0	0.0
-udi	0.0178571428571	0.964285714286	0.0	0.0178571428571
-ɛɛɔ	0.0	1.0	0.0	0.0
-n'o	0.0	1.0	0.0	0.0
-nɛm	0.8	0.2	0.0	0.0
-ɩrɛ	0.295623386431	0.370097823987	0.264159890409	0.0701188991728
-rnↄ	0.131281259441	0.587593568528	0.27357255547	0.00755261656205
-zı̃	0.911582670203	0.0383595184656	0.0106100795756	0.0394477317554
-nɔɔ	0.171460405233	0.180951594932	0.43147773697	0.216110262865
-yↄa	0.0779220779221	0.87012987013	0.0519480519481	0.0
-aea	0.0	0.981651376147	0.0183486238532	0.0
-ɛhɛ	0.552941944942	0.238432898108	0.0631790569228	0.145446100027
-ael	0.00773181941065	0.977602054609	0.00827250608272	0.00639361989726
-sgɛ	0.291237579042	0.415537488708	0.220054200542	0.0731707317073
-los	0.0949720670391	0.856272219401	0.00609446419502	0.0426612493652
-yuɛ	0.722222222222	0.240740740741	0.0	0.037037037037
-tee	0.557658861378	0.274055938314	0.0558711343669	0.112414065941
-tna	0.0	1.0	0.0	0.0
-gma	0.0828424153166	0.812223858616	0.0994108983799	0.00552282768777
-kre	0.244964262508	0.658869395711	0.0552306692658	0.0409356725147
-kra	0.549886585904	0.229658664564	0.120256030858	0.100198718674
-tni	0.0	1.0	0.0	0.0
-teg	0.0	1.0	0.0	0.0
-ɛtɩ	0.0151000819384	0.965234695072	0.00632096453237	0.0133442584572
-kri	0.421998562186	0.433501078361	0.122933141625	0.021567217829
-eɛn	0.731879668888	0.174237835655	0.0545124167171	0.0393700787401
-eas	0.0581395348837	0.837209302326	0.104651162791	0.0
-ear	0.0	1.0	0.0	0.0
-eyẽ	0.0	1.0	0.0	0.0
-eat	0.0	1.0	0.0	0.0
-bↄɩ	0.779503262595	0.0828975833694	0.0151386102671	0.122460543768
-ũfo	0.235584473861	0.663450751627	0.0	0.100964774512
-vɔa	0.20962406015	0.709172932331	0.0216541353383	0.0595488721805
-ize	0.0	0.947643979058	0.0	0.0523560209424
-eab	0.0	1.0	0.0	0.0
-vɔe	0.379651303003	0.424479720815	0.171894284377	0.0239746918046
-ead	0.0	1.0	0.0	0.0
-rna	0.311265164645	0.475563258232	0.131022530329	0.0821490467938
--tã	0.0818712845773	0.0635971826472	0.0204678211443	0.834063711631
-ɔge	0.308192457737	0.455136540962	0.150845253576	0.0858257477243
-eam	0.0155440414508	0.984455958549	0.0	0.0
-izi	0.0284360189573	0.943127962085	0.0227488151659	0.00568720379146
-rni	0.0	1.0	0.0	0.0
-ɔga	0.102655791397	0.777327278625	0.0906188935389	0.029398036439
-uri	0.123344809575	0.723602238881	0.0616945397399	0.091358411804
-õta	0.332963374029	0.319644839068	0.214206437292	0.133185349612
-uro	0.0671756860328	0.599932478493	0.321671680347	0.0112201551266
-rdẽ	0.00225225225225	0.997747747748	0.0	0.0
-ura	0.37436589275	0.329230647496	0.0574648796014	0.238938580152
-õgɛ	0.58815963253	0.307260062966	0.0345115004863	0.0700688040176
-ure	0.223806015132	0.481891582509	0.126121028926	0.168181373433
-iɛn	0.23125	0.1725	0.435	0.16125
-ɩba	0.0582285442409	0.869796963384	0.0600102079046	0.0119642844702
-zni	0.0	1.0	0.0	0.0
-ɛzɩ	0.0257879656161	0.936007640879	0.00382043935052	0.0343839541547
-eeb	0.0	1.0	0.0	0.0
-wiɛ	0.0	1.0	0.0	0.0
-ãbɛ	0.133333333333	0.0923076923076	0.138461538462	0.635897435898
-vɔ'	0.75	0.0	0.0	0.25
-ʋ'a	0.0777554846561	0.912179719107	0.00552577048317	0.00453902575404
-ↄↄm	0.0693333333333	0.917333333333	0.00666666666667	0.00666666666667
-ɔi'	0.0	0.0	0.0	1.0
-̃se	0.330308529946	0.279491833031	0.0852994555354	0.304900181488
-ogↄ	0.625374463606	0.271395028743	0.0704396405149	0.0327908671363
-ɔhɔ	0.331428571429	0.582857142857	0.0342857142857	0.0514285714286
-ɔhɛ	0.520338028322	0.197435946043	0.0999975626863	0.182228462949
-nŋa	0.134453778944	0.0955489815627	0.0214206733496	0.748576566144
-dãm	0.564685314685	0.335664335664	0.0996503496503	0.0
-bũn	0.104772991851	0.821012805588	0.034924330617	0.0392898719441
-iha	0.337016884501	0.504422131224	0.11312428713	0.0454366971448
-ihe	0.154395760658	0.724474513449	0.0942731437118	0.0268565821807
-enɔ	0.102064527661	0.85235499151	0.0455804808294	0.0
-ihi	0.517647058824	0.366666666667	0.0686274509804	0.0470588235294
-iho	0.0551783645139	0.900599263926	0.0155375900075	0.0286847815523
-nni	0.34375	0.578125	0.0625	0.015625
-nno	0.0357142857143	0.928571428571	0.0357142857143	0.0
-ihu	0.0142857142857	0.942857142857	0.0285714285714	0.0142857142857
-tɛɛ	0.363636363636	0.636363636364	0.0	0.0
-nna	0.260203752562	0.324601795249	0.131354428455	0.283840023734
-kla	0.0	1.0	0.0	0.0
-nne	0.112474073691	0.849174402765	0.0303430847535	0.00800843879125
-ãlɛ	0.310344827586	0.0344827586207	0.620689655172	0.0344827586207
-ãlɩ	0.730849947534	0.196747114376	0.0472193074501	0.0251836306401
-enɩ	0.486111111111	0.381944444444	0.0763888888889	0.0555555555555
-taɛ	0.682766504716	0.174907116319	0.0760217204916	0.0663046584738
-kai	0.0252454417952	0.930575035063	0.0420757363254	0.00210378681627
-'ɔŋ	0.5	0.5	0.0	0.0
-gag	0.054794520548	0.945205479452	0.0	0.0
-pʋɩ	0.721758486366	0.164718976071	0.0225375626043	0.0909849749584
-mɔɔ	0.0986709064174	0.816754030939	0.0394205800457	0.0451544825978
-mŋo	0.641486320947	0.218592622839	0.03729413366	0.102626922553
-mŋa	0.0866760168303	0.80729312763	0.0824684431978	0.0235624123422
-muɛ	0.5	0.25	0.25	0.0
-ogɛ	0.437362885259	0.304973684181	0.201136134576	0.0565272959844
-lsɛ	0.739662660376	0.173118804841	0.0108697415306	0.0763487932521
-000	0.174410719704	0.325534291302	0.0754371625015	0.424617826493
-ogɔ	0.0673429348272	0.813794945232	0.0941329110862	0.0247292088546
-zki	0.0	1.0	0.0	0.0
-392	0.0	0.333333333333	0.0	0.666666666667
-ŋai	0.323774283071	0.504162812211	0.0	0.172062904718
-ŋan	0.0590247784873	0.382887793323	0.0122100720835	0.545877356106
-ŋam	0.0728677089661	0.4273534333	0.0235556479202	0.476223209813
-468	0.0	0.2	0.0	0.8
-anã	0.0	1.0	0.0	0.0
-lsɩ	0.109920296373	0.538014162512	0.322352069571	0.0297134715432
-642	0.0	1.0	0.0	0.0
-n'ɔ	0.333333333333	0.5	0.166666666667	0.0
-ɛɛn	0.446796799264	0.182358160398	0.0440347677494	0.326810272588
-ɛɛa	0.347169811321	0.381132075472	0.271698113208	0.0
-648	0.0	0.333333333333	0.0	0.666666666667
-n'ɛ	0.271903323263	0.238670694864	0.117824773414	0.371601208459
-yu'	0.739650896604	0.223693246852	0.0278805799313	0.00877527661198
-138	0.0	0.333333333333	0.0	0.666666666667
-esɩ	0.411203831185	0.398918482078	0.0500351148266	0.13984257191
-esɛ	0.686897527242	0.108261735122	0.0448711232188	0.159969614417
-buz	0.0	1.0	0.0	0.0
-spɩ	0.0372093023256	0.925581395349	0.0372093023256	0.0
-itɔ	0.0597750624826	0.850319355735	0.00874757011943	0.0811580116634
-ãpa	0.0216049382716	0.854938271605	0.0679012345679	0.0555555555556
-udɩ	0.0	1.0	0.0	0.0
-mra	0.0	1.0	0.0	0.0
-aʋm	0.0103132161956	0.988540870894	0.0	0.00114591291062
-mre	0.0	1.0	0.0	0.0
-yuo	0.0	1.0	0.0	0.0
-yun	0.75	0.25	0.0	0.0
-yua	0.272727272727	0.545454545454	0.181818181818	0.0
-mri	0.0241935483871	0.975806451613	0.0	0.0
-lda	0.0	1.0	0.0	0.0
-yue	0.161350263239	0.289253638897	0.338494890059	0.210901207804
-lde	0.206896551724	0.793103448276	0.0	0.0
-sge	0.52015246934	0.0635565130925	0.0168213457077	0.399469671859
-ɛha	0.248567614775	0.269853425322	0.0857998475005	0.395779112403
-sga	0.137809864554	0.478715636523	0.348974115585	0.0345003833376
-ɛhe	0.305458541186	0.364515320997	0.130675575207	0.19935056261
-enŋ	0.40841436793	0.295693589998	0.0791823774559	0.216709664616
-sgo	0.131201217473	0.68568200422	0.098343267579	0.0847735107279
-736	0.0	0.176470588235	0.0	0.823529411765
-yuu	0.355353075171	0.480637813212	0.109339407745	0.0546697038724
-amã	0.0268507863445	0.624088991178	0.349060222478	0.0
-nɔm	0.496932515337	0.411042944785	0.0920245398773	0.0
-nɔn	0.111111111111	0.777777777778	0.111111111111	0.0
-nɔa	0.0	0.666666666667	0.333333333333	0.0
-lŋa	0.016022431404	0.505975031711	0.301755791441	0.176246745444
-nɛɛ	0.608606454841	0.255391543658	0.0879659744808	0.0480360270203
-ɛte	0.673792906993	0.165574704458	0.0653468166928	0.0952855718559
-usi	0.0425511683742	0.941284141964	0.00656096227447	0.00960372738725
-ɔgɛ	0.626404124663	0.272962495163	0.0245604830078	0.0760728971664
-ɔgɔ	0.112779933445	0.649369305741	0.2205384295	0.017312331314
-ɛti	1.0	0.0	0.0	0.0
-use	0.394582140572	0.445169194175	0.110782099525	0.0494665657278
-krɩ	0.515494881917	0.277802891039	0.141990376598	0.0647118504455
-ɛɛm	0.4375	0.375	0.104166666667	0.0833333333333
-lŋↄ	0.198587962217	0.750534130108	0.0262595652518	0.0246183424236
-fɔ'	0.310344827586	0.34236453202	0.23645320197	0.110837438424
-eɛɔ	0.0	1.0	0.0	0.0
-epo	0.0	1.0	0.0	0.0
-130	0.0	1.0	0.0	0.0
-sgↄ	0.182349626895	0.652756147297	0.132885595901	0.0320086299069
-'ɔn	0.245740170508	0.334478601346	0.0736847902236	0.346096437922
-lfe	0.0	1.0	0.0	0.0
-ı̃m	0.413566739606	0.148171303532	0.345420443889	0.0928415129729
-rnɩ	0.614699331849	0.1714922049	0.19153674833	0.022271714922
-wii	0.333333333333	0.5	0.166666666667	0.0
-ius	0.0749379985254	0.88967088947	0.0164890408204	0.0189020711844
-õtɩ	0.0510163256904	0.926936417981	0.012818172284	0.00922908404448
-wɛɩ	0.0472814705077	0.132456654775	0.152590200275	0.667671674442
-o'ɔ	0.617768595041	0.316115702479	0.0537190082645	0.0123966942149
-ium	0.0285261489699	0.933438985737	0.0285261489699	0.0095087163233
-iud	0.0	1.0	0.0	0.0
-ɩbɛ	0.126373626374	0.478021978022	0.0934065934066	0.302197802198
-enõ	0.0	0.927272727273	0.0727272727273	0.0
-uel	0.0140159163796	0.975293977907	0.00498871599952	0.00570138971374
-urɛ	0.25396444977	0.705622794754	0.00862792091073	0.031784834565
-õga	0.0	0.925925925926	0.0	0.0740740740741
-urɔ	0.46875	0.53125	0.0	0.0
-iim	0.0845391325679	0.867562173152	0.0365549513654	0.0113437429148
-iio	0.163636363636	0.781818181818	0.0545454545454	0.0
-iin	0.0933234736052	0.203970260308	0.441595441595	0.261110824491
-iie	0.528593508501	0.299845440495	0.143740340031	0.0278207109737
-ta'	0.262654808412	0.285928019283	0.0927603690466	0.358656803258
-iia	0.551020408164	0.367346938775	0.0816326530611	0.0
-nŋɛ	0.562473235168	0.269130678262	0.0392001844714	0.129195902098
-ɔhe	0.0559057358845	0.808995196045	0.11719937599	0.0178996920807
-ɔha	0.195763095491	0.713799422692	0.0461754681856	0.0442620136311
-tɛ'	0.275862068965	0.655172413793	0.0689655172414	0.0
-ɛrɩ	0.0715403232918	0.866727854117	0.0174906830675	0.0442411395237
-tal	0.0	0.333333333333	0.666666666667	0.0
-tam	0.23877873738	0.679236102664	0.0630093662572	0.0189757936991
-tan	0.0304239200516	0.935122501612	0.0320357833656	0.00241779497099
-tai	0.0338983050847	0.954802259887	0.0	0.0112994350282
-gni	0.948275862069	0.051724137931	0.0	0.0
-tad	0.2	0.7	0.0999999999999	0.0
-gne	0.0531400966183	0.898550724638	0.048309178744	0.0
-taa	0.417910447761	0.477611940299	0.0597014925373	0.044776119403
-gna	0.125583033406	0.0694915691008	0.0404580087101	0.764467388783
-nnɩ	0.331525016848	0.197413551993	0.245199632248	0.225861798911
-tat	0.0	1.0	0.0	0.0
-tap	0.333333333333	0.666666666667	0.0	0.0
-tar	0.0587823652904	0.916025192442	0.0251924422673	0.0
-tas	0.0625	0.921875	0.015625	0.0
-nnɛ	0.0725506289752	0.662782274384	0.0343342328536	0.230332863787
-ãla	0.374509803922	0.53137254902	0.0117647058823	0.0823529411765
-ent	0.0506329113924	0.873417721519	0.0253164556962	0.0506329113924
-lam	0.12564723045	0.109413857853	0.0252090900578	0.739729821639
-ens	0.0174708818636	0.967554076539	0.00998336106488	0.00499168053244
-zↄa	0.143437077131	0.840324763193	0.0	0.0162381596753
-eno	0.0774907749077	0.629151291513	0.238007380074	0.0553505535055
-eni	0.252808988764	0.648876404494	0.0	0.0983146067416
-ene	0.232639615115	0.2227387638	0.0417159158024	0.502905705283
-pı̃	0.516743038421	0.369051815298	0.0613323933733	0.052872752908
-ena	0.234089195848	0.237582199845	0.0684070619905	0.459921542316
-lgõ	0.0	1.0	0.0	0.0
-het	0.04	0.96	0.0	0.0
-ↄla	0.572987727631	0.227101953392	0.0343051679778	0.165605150999
-her	0.0379746835442	0.962025316456	0.0	0.0
-hes	0.0	1.0	0.0	0.0
-hel	0.0	1.0	0.0	0.0
-hem	0.00937081659972	0.982597054886	0.00267737617135	0.0053547523427
-hen	0.160613725267	0.654973018323	0.0527980499998	0.131615206411
-nlɔ	0.0264317180617	0.964757709251	0.00881057268722	0.0
-msõ	0.0	1.0	0.0	0.0
-pau	0.0	1.0	0.0	0.0
-818	0.0	0.2	0.0	0.8
-nlɛ	0.610664895686	0.313427339946	0.0355182363842	0.0403895279834
-hea	0.0	1.0	0.0	0.0
-heb	0.0	1.0	0.0	0.0
-amẽ	0.0	0.985915492958	0.0140845070423	0.0
-ẽka	0.19808285733	0.730221259274	0.0572188300177	0.014477053378
-trɩ	0.0444571102878	0.817041892277	0.0974636648618	0.0410373325734
-nsi	0.0967295195483	0.746670927879	0.132949824225	0.0236497283477
-put	0.392156862745	0.607843137255	0.0	0.0
-rzɩ	0.0	0.986754966887	0.0	0.0132450331126
-ãmↄ	0.892950391645	0.0443864229765	0.0	0.0626631853786
-yõm	0.46875	0.4375	0.0625	0.03125
-pur	0.0	1.0	0.0	0.0
-pus	0.00753768844223	0.962311557789	0.0301507537689	0.0
-250	0.0	0.555555555556	0.0	0.444444444444
-nah	0.0268817204301	0.951612903226	0.0215053763441	0.0
-254	0.0	0.2	0.0	0.8
-pue	0.428571428571	0.571428571429	0.0	0.0
-pua	0.0	1.0	0.0	0.0
-pul	0.1	0.9	0.0	0.0
-puo	0.0808080808079	0.818181818182	0.10101010101	0.0
-puk	0.0	0.333333333333	0.666666666667	0.0
-928	0.0	1.0	0.0	0.0
-ɔkɔ	0.160962185709	0.676776740676	0.0741365250134	0.0881245486009
-nma	0.266666666667	0.488888888889	0.177777777778	0.0666666666666
-ɔkɛ	0.726972446161	0.128026044361	0.0306096475575	0.11439186192
-inɛ	0.478847651181	0.374513366208	0.0402283934596	0.106410589151
-dmẽ	0.0	1.0	0.0	0.0
-inɔ	0.0526315789474	0.859649122807	0.0877192982456	0.0
-dea	0.0120313208813	0.973176071478	0.00710045166762	0.00769215597326
-bɛɛ	0.0648758236188	0.0572731880385	0.00202736948809	0.875823618855
-ded	0.222222222222	0.777777777778	0.0	0.0
-dee	0.0267627918768	0.0141841601507	0.0013721576694	0.957680890303
-mse	0.269841269841	0.619047619048	0.111111111111	0.0
-msi	0.0	1.0	0.0	0.0
-dek	0.10250990753	0.868956406869	0.0253632760899	0.00317040951123
-del	0.0	1.0	0.0	0.0
-den	0.244480741873	0.308288107909	0.0944201485853	0.352811001633
-deo	0.119181771301	0.744828771702	0.0802184999141	0.0557709570831
-oko	0.0904476398858	0.736169638744	0.0953768284024	0.078005892968
-des	0.00834492350486	0.98331015299	0.00834492350486	0.0
-lga	0.176175889197	0.540055774303	0.245160929643	0.0386074068563
-oke	0.906086321576	0.0381651779334	0.00144384605587	0.0543046544347
-lgo	0.122672236777	0.688208064859	0.0843371627841	0.10478253558
-oka	0.0774375455171	0.522847082562	0.0692194108332	0.330495961087
-naz	0.0	1.0	0.0	0.0
-bit	0.0	1.0	0.0	0.0
-bir	0.0	1.0	0.0	0.0
-bis	0.0	1.0	0.0	0.0
-iab	0.0	0.986842105263	0.0131578947368	0.0
-ʋkɛ	0.559652928417	0.370932754881	0.0694143167028	0.0
-bib	0.0	0.921052631579	0.0263157894737	0.0526315789475
-bia	0.0626910796554	0.848625555434	0.0267272987487	0.0619560661614
-bin	0.037037037037	0.962962962963	0.0	0.0
-bil	0.0	1.0	0.0	0.0
-bim	0.0	0.857142857143	0.0714285714285	0.0714285714286
-drɩ	0.0897435897436	0.910256410256	0.0	0.0
-bii	0.0267999387393	0.016301635865	0.00681899797337	0.950079427422
-100	0.0446428571429	0.773809523809	0.0446428571428	0.136904761905
-nrɛ	0.386573899564	0.418297633991	0.0728632429842	0.12226522346
-de'	0.318181818182	0.409090909091	0.272727272727	0.0
-108	0.375	0.0	0.375	0.25
-nrɔ	0.0298761510094	0.919389693502	0.033509846306	0.0172243091824
-ↄŋa	0.161214953271	0.698598130841	0.0981308411215	0.0420560747663
-met	0.0	1.0	0.0	0.0
-e'e	0.57241149547	0.29129745044	0.0737070328615	0.0625840212283
-dsi	0.0	0.625	0.375	0.0
-mes	0.00177095631641	0.989521841795	0.00841204250294	0.000295159386068
-mer	0.0231213872832	0.976878612717	0.0	0.0
-e'o	0.304655653293	0.485947221626	0.149324179361	0.0600729457198
-lus	0.142767689418	0.81778334377	0.0150281778334	0.0244207889793
-lut	0.0	1.0	0.0	0.0
-bi'	0.746951219512	0.0975609756098	0.00914634146342	0.146341463415
-034	0.0	0.375	0.0	0.625
-luk	0.0	1.0	0.0	0.0
-mea	0.114352643826	0.102101019688	0.205837235328	0.577709101158
-lum	0.275103429452	0.510184773868	0.0747645892139	0.139947207466
-lun	0.00477531529325	0.990449369413	0.00477531529325	0.0
-mem	0.333333333333	0.666666666667	0.0	0.0
-lua	0.143816673252	0.413670485974	0.287633346503	0.154879494271
-lub	0.0	1.0	0.0	0.0
-men	0.108219178082	0.645205479452	0.196803652968	0.0497716894978
-lud	0.0	1.0	0.0	0.0
-mek	0.016	0.984	0.0	0.0
-kɛɛ	0.576271186441	0.35593220339	0.0677966101694	0.0
-aya	0.41935483871	0.367741935484	0.0	0.212903225806
-rɔm	0.0862068965517	0.775862068966	0.0689655172414	0.0689655172414
-ayi	0.0139405063483	0.201204435478	0.0129545075315	0.771900550642
-ɩra	0.212333456188	0.569924422049	0.1209080993	0.096834022463
-ahɛ	0.541573152085	0.0678909325963	0.0354059355932	0.355129979725
-kɔa	0.171428571429	0.571428571429	0.257142857143	0.0
-ikɛ	0.428571428571	0.142857142857	0.428571428572	0.0
-kɔn	0.0	0.6	0.4	0.0
-743	0.0	0.75	0.0	0.25
-ahɔ	0.0614239181014	0.902280130293	0.0307119590507	0.00558399255468
-zpa	0.0	1.0	0.0	0.0
-sri	0.515820329339	0.221139753427	0.102681265626	0.160358651608
-sra	0.550500159503	0.280073213472	0.0477906435512	0.121635983474
-ubi	0.0	1.0	0.0	0.0
-uba	0.0515424410807	0.818739222073	0.104426135275	0.0252922015712
-'ma	0.0844733855069	0.749029213215	0.0143377740606	0.152159627218
-lma	0.0757823675301	0.740977432003	0.172928694185	0.0103115062826
-olɩ	0.205453233618	0.611779191995	0.0403354373777	0.142432137009
-kɔ'	0.691427699817	0.189139719341	0.0634533251983	0.0559792556437
-sʋa	0.0963455149501	0.843853820598	0.00664451827242	0.0531561461794
-olɛ	0.714918013104	0.173812219135	0.0721287434393	0.0391410243216
-aki	0.0	1.0	0.0	0.0
-ake	0.0969696969696	0.742424242424	0.124242424242	0.0363636363636
-sʋm	0.427561466233	0.400549451386	0.117808039626	0.0540810427545
-aka	0.0644483081162	0.894572670783	0.0224192705468	0.0185597505539
-lgↄ	0.256583342024	0.621606157887	0.0923344898632	0.0294760102256
-õsɩ	0.0182648401826	0.972602739726	0.0	0.00913242009133
-gom	0.294985494577	0.328936579464	0.0694956422309	0.306582283729
-gon	0.0155844155844	0.984415584416	0.0	0.0
-zzi	0.0	1.0	0.0	0.0
-gob	0.0	1.0	0.0	0.0
-goe	0.727272727273	0.272727272727	0.0	0.0
-gog	0.0194174757282	0.941747572816	0.00970873786408	0.0291262135923
-gor	0.0	0.75	0.25	0.0
-ãma	0.073208642169	0.12022378228	0.0242047092208	0.782362866331
-eor	0.0306513409961	0.969348659004	0.0	0.0
-õsɛ	0.657795026064	0.178244195926	0.0381197327026	0.125841045307
-eon	0.0683114386415	0.870682473566	0.0174303107978	0.0435757769946
-ubã	0.0	1.0	0.0	0.0
-ɩsɩ	0.101826665962	0.683131669298	0.147032465946	0.068009198794
-õra	0.0801335559265	0.674457429048	0.215358931553	0.0300500834724
-go'	0.736111111111	0.263888888889	0.0	0.0
-ẽkↄ	0.110741169658	0.713375796178	0.13679791546	0.0390851187029
-upe	0.464285714286	0.290816326531	0.0918367346938	0.15306122449
-upa	0.0	1.0	0.0	0.0
-põn	0.350890349635	0.064050076906	0.0309919726964	0.554067600762
-upi	0.0	1.0	0.0	0.0
-̃'a	0.362068965517	0.5	0.0	0.137931034483
-oas	0.0391608391608	0.944055944056	0.0167832167832	0.0
-ɩsɛ	0.746786572175	0.138143729189	0.0183020622902	0.0967676363461
-ɛdɩ	0.201183431953	0.798816568047	0.0	0.0
-ↄlɩ	0.0238611713666	0.724511930586	0.0	0.251626898048
-in'	0.720980119259	0.160846304123	0.0273248464573	0.0908487301609
-ẽkɛ	0.618919685344	0.105344857826	0.0823193670162	0.193416089814
-pta	0.0	1.0	0.0	0.0
-pti	0.0119574844996	0.903011514615	0.0763950398583	0.00863596102745
-ɛta	0.637542437567	0.195186952041	0.0420526854845	0.125217924908
-drõ	0.0322580645161	0.967741935484	0.0	0.0
-gae	0.695143358689	0.304856641311	0.0	0.0
-gad	0.0	0.987326493663	0.0126735063368	0.0
-nle	0.368886609833	0.441061470419	0.141657586052	0.0483943336965
-gab	0.0	1.0	0.0	0.0
-nli	0.0	0.833333333333	0.166666666667	0.0
-gan	0.151133501259	0.561712846348	0.219143576826	0.0680100755667
-gam	0.162162162162	0.756756756757	0.0608108108108	0.0202702702703
-gal	0.0	0.996376811594	0.00362318840579	0.0
-tri	0.0122824974411	0.953940634596	0.0337768679631	0.0
-gai	0.0671140939597	0.93288590604	0.0	0.0
-gat	0.00877192982455	0.991228070175	0.0	0.0
-̃ŋe	0.368677400027	0.607001810369	0.00612046360901	0.0182003259952
-nsɩ	0.104111309083	0.761347052563	0.100068401458	0.0344732368967
-yʋa	0.004062503363	0.976238390926	0.000807119873442	0.0188919858378
-gur	0.0	1.0	0.0	0.0
-usa	0.0375	0.9625	0.0	0.0
-ini	0.209663095443	0.381849108533	0.0396922402906	0.368795555734
-rzi	0.25	0.75	0.0	0.0
-u'a	0.378640776699	0.495145631068	0.126213592233	0.0
-ino	0.0384615384615	0.961538461539	0.0	0.0
-ina	0.48042751476	0.295421900973	0.0716880631462	0.15246252112
-rza	0.0175438596491	0.982456140351	0.0	0.0
-ine	0.304351687389	0.404973357016	0.0858792184725	0.204795737123
-ɔka	0.0290259409832	0.655391476889	0.0260448983957	0.289537683732
-ɔke	0.333333333333	0.333333333334	0.0	0.333333333333
-int	0.0567951318458	0.874239350913	0.00405679513185	0.0649087221095
-inu	0.0	1.0	0.0	0.0
-ga'	0.323600973236	0.647201946472	0.0	0.029197080292
-lʋa	0.0782064650678	0.582768508863	0.0915015641293	0.247523461939
-bed	0.165242165242	0.817663817664	0.017094017094	0.0
-'ↄn	0.265993519705	0.219727224776	0.0113028407807	0.502976414739
-ʋka	0.0784520570762	0.389946884312	0.0616906951924	0.46991036342
-msɩ	0.105321507761	0.730598669623	0.14874353289	0.0153362897265
-biɛ	0.0426922827252	0.914510668212	0.0113147645014	0.0314822845617
-iru	0.0	1.0	0.0	0.0
-okɛ	0.517492899561	0.325974696618	0.0290472501936	0.127485153628
-okɔ	0.0992366412214	0.837150127227	0.0381679389313	0.0254452926209
-lgɛ	0.560682616697	0.26404550778	0.0953655680107	0.0799063075121
-930	0.0	1.0	0.0	0.0
-dre	0.00590841949779	0.989660265879	0.0	0.00443131462334
-hẽe	0.0576923076923	0.442307692308	0.0192307692308	0.480769230769
-lti	0.0	0.857142857143	0.142857142857	0.0
-lfↄ	0.201492537313	0.753731343284	0.0	0.044776119403
-bɛn	0.6	0.4	0.0	0.0
-yen	0.474860335196	0.351955307263	0.0335195530726	0.139664804469
-msɛ	0.719356824257	0.156535889847	0.0455062858877	0.0786010000084
-bɛa	0.333333333333	0.0	0.666666666667	0.0
-lta	0.110687022901	0.801526717557	0.0839694656488	0.00381679389314
