-caa	0.764896968106	0.0742223388896	0.0066937918362	0.154186901168
-cap	0.166666666667	0.358974358974	0.410256410256	0.0641025641026
-hei	0.23606557377	0.324590163934	0.108196721311	0.331147540984
-oyu	0.0	0.832037325039	0.167962674961	0.0
-ufi	0.012627148369	0.838653104174	0.141003156787	0.00771659066995
-nti	0.0210526315789	0.978947368421	0.0	0.0
-puu	0.56768558952	0.336244541485	0.0524017467249	0.0436681222708
-nto	0.297854077253	0.303862660944	0.104721030043	0.29356223176
-nta	0.126582278481	0.802893309222	0.00949367088608	0.0610307414105
-kia	0.0707517372078	0.893872394188	0.0	0.0353758686039
-pua	0.218133649508	0.68952539321	0.0132144069506	0.0791265503314
-nme	0.252556237219	0.424406715176	0.135088219908	0.187948827698
-nma	0.10841913372	0.679397954754	0.148916604387	0.0632663071393
-opo	0.112932281573	0.0583517573309	0.0233825549763	0.805333406119
-opi	0.127413127413	0.594594594595	0.243243243243	0.034749034749
-ope	0.0	0.919191919192	0.0808080808081	0.0
-opa	0.0333333333333	0.966666666667	0.0	0.0
-imu	0.0573056217062	0.818849661888	0.0938545041971	0.0299902122084
-den	0.637178920626	0.0131128541663	0.00059584080832	0.3491123844
-ima	0.0910749094394	0.344652791554	0.048669864184	0.515602434823
-oko	0.0601002329694	0.0299417407745	0.0559519112294	0.854006115027
-ime	0.166641186363	0.640727717474	0.0986087754166	0.0940223207461
-imi	0.100145137881	0.642960812772	0.208998548621	0.0478955007257
-oka	0.0763636363636	0.923636363636	0.0	0.0
-imo	0.378622021893	0.211848036059	0.245055652654	0.164474289394
-ido	0.184711172605	0.750259425804	0.0394327222414	0.0255966793497
-obi	0.629735775199	0.134419124843	0.160981406403	0.0748636935552
-obo	0.000805801772764	0.997582594682	0.0	0.00161160354553
-idi	0.406413587495	0.281134566662	0.147856001733	0.16459584411
-ide	0.115384615385	0.884615384615	0.0	0.0
-ida	0.110330736815	0.757757629932	0.102924275316	0.0289873579364
-kpi	0.217557251908	0.564885496183	0.103053435115	0.114503816794
-bie	0.401971522453	0.0870755750274	0.484802847755	0.0261500547645
-bia	0.110959045808	0.166140184759	0.655251159719	0.0676496097138
-kpa	0.383562998136	0.171645241301	0.143003777184	0.301787983379
-idu	0.147954982158	0.60664287675	0.163326928356	0.0820752127368
-kpe	0.611460489102	0.123956363906	0.22971560049	0.0348675465029
-bii	0.316554166541	0.279171837637	0.143021460786	0.261252535036
-eja	0.012987012987	0.974025974026	0.0	0.012987012987
-uta	0.0178571428571	0.982142857143	0.0	0.0
-eje	0.117359413203	0.487041564792	0.338875305623	0.0567237163814
-sia	0.782884981995	0.210760432112	0.00635458589283	0.0
-jii	0.671875	0.15625	0.078125	0.09375
-jie	0.227629781421	0.177254098361	0.564463797814	0.0306523224044
-jia	0.663181558318	0.195540740884	0.00901154058585	0.132266160212
-mee	0.174757281553	0.271844660194	0.52427184466	0.0291262135922
-luo	0.519169124247	0.23002949096	0.0683420951404	0.182459289652
-nwa	0.434782608696	0.521739130435	0.0	0.0434782608696
-aya	0.609053497942	0.263374485597	0.037037037037	0.0905349794239
-ayi	0.0105028644176	0.983768300446	0.0	0.00572883513685
-ayu	0.0306748466257	0.969325153374	0.0	0.0
-ubu	0.309133489461	0.67681498829	0.0140515222482	0.0
-ubi	0.59820268752	0.162874606537	0.113977106725	0.124945599219
-uba	0.215795404311	0.564240780893	0.118853139967	0.101110674828
-umu	0.0682926829268	0.79512195122	0.136585365854	0.0
-ota	0.00760456273764	0.977186311787	0.00760456273764	0.00760456273764
-ija	0.323404255319	0.523404255319	0.153191489362	0.0
-oti	0.757234236978	0.0813280536095	0.12397197685	0.0374657325617
-iji	0.539643005396	0.419676214197	0.0207555002076	0.0199252801992
-oto	0.051167123093	0.938173059596	0.010659817311	0.0
-ume	0.281818181818	0.645454545455	0.0	0.0727272727273
-iju	0.283582089552	0.716417910448	0.0	0.0
-uma	0.0911944223013	0.85205772823	0.044811954931	0.0119358945377
-ŋua	0.610677382319	0.141990049751	0.0619977037887	0.185334864141
-umi	0.1640625	0.765625	0.0328125	0.0375
ALL	0.263424035352	0.3138414112	0.0567213925543	0.366013160893
-nan	0.330092261361	0.0742549700757	0.0372806532035	0.55837211536
-aki	0.767976612132	0.0504300893911	0.152470905718	0.0291223927588
-ake	0.0105263157895	0.947368421053	0.0421052631579	0.0
-naa	0.0715463442441	0.191650792189	0.0123299106912	0.724472952876
-aka	0.0225631897393	0.400149474656	0.00433169494314	0.572955640662
-sii	0.884344487772	0.091774734742	0.00816178471026	0.0157189927753
-aku	0.0217884702678	0.956423059464	0.0190649114843	0.00272355878348
-wuo	0.642815018675	0.104580302732	0.234912522115	0.0176921564773
-wun	0.329360139796	0.272656200479	0.0990864667215	0.298897193003
-goa	0.699294871642	0.0657252220092	0.00458464763879	0.23039525871
-goe	0.767298724953	0.166172483867	0.0665287911809	0.0
-moe	0.583058452237	0.324087188798	0.0577202771942	0.0351340817704
-moa	0.482119205298	0.342052980132	0.0705298013245	0.105298013245
-wuu	0.5625	0.25	0.125	0.0625
-yaa	0.191409194056	0.0184629822022	0.0140077526326	0.776120071109
-bee	0.308823529412	0.564705882353	0.0235294117647	0.102941176471
-igu	0.0470733166907	0.918447982733	0.0210077195232	0.013470981053
-isi	0.556157457566	0.417062532989	0.0207795094036	0.00600050004166
-ise	0.0	0.994690533981	0.00530946601942	0.0
-isa	0.0229973169797	0.967803756228	0.00766577232656	0.00153315446531
-upo	0.398426134109	0.202155799498	0.0495966142045	0.349821452189
-juu	0.531553398058	0.322815533981	0.0582524271844	0.0873786407767
-jua	0.0014730594805	0.980423252991	0.000704506708062	0.0173991808203
-man	0.261660079051	0.317391304348	0.0379446640317	0.383003952569
-maa	0.507568528708	0.314707512561	0.0411199272662	0.136604031464
-uni	0.636263132454	0.248040979805	0.0405232432045	0.0751726445368
-une	0.421120679451	0.34131403019	0.0422686183836	0.195296671976
-una	0.0170642389151	0.936794957176	0.026868691976	0.0192721119327
-nka	0.0881280287765	0.292777564989	0.508184982264	0.11090942397
-unu	0.0401400625522	0.351032775331	0.0303025918118	0.578524570305
-nla	0.0724061809681	0.381721536493	0.352670728051	0.193201554488
-ade	0.133561643836	0.739726027397	0.0856164383561	0.041095890411
-nle	0.327537403963	0.370400323494	0.195309340882	0.106752931662
-ada	0.108989942323	0.498322131656	0.177367844034	0.215320081987
-nli	0.174588567534	0.679720484156	0.0982763188843	0.0474146294257
-ado	0.0684231591368	0.632852713181	0.255377460113	0.0433466675689
-nlo	0.123152231862	0.76998012892	0.0926186206562	0.0142490185625
-adi	0.542821138345	0.287488914578	0.0604401816938	0.109249765383
-144	0.0538599640933	0.148114901257	0.0	0.79802513465
-adu	0.20410427066	0.65335551858	0.12257348863	0.0199667221298
-nlu	0.348537771386	0.406479008287	0.114101773851	0.130881446476
-ini	0.480044172088	0.182277451793	0.0672209906325	0.270457385486
-ino	0.0542635658914	0.868217054264	0.0775193798449	0.0
-ina	0.0175824723949	0.738663358003	0.0145897111362	0.229164458466
-ine	0.123884605009	0.288231386917	0.0428146240765	0.545069383997
-inu	0.170191139359	0.760409851388	0.047317506309	0.0220815029442
-kuu	0.0927984533591	0.169163847269	0.0405993233446	0.697438376027
-eda	0.132034567806	0.652011716201	0.0728719010824	0.143081814911
-fua	0.916666666667	0.0	0.0	0.0833333333334
-fuo	0.732223903177	0.104387291982	0.0680786686838	0.0953101361574
-edi	0.844417424953	0.0868305096132	0.0125370032898	0.0562150621438
-edo	0.00869297138876	0.974628387968	0.00284061663491	0.0138380240086
-fuu	0.0455635491607	0.223021582734	0.604316546763	0.127098321343
-kua	0.565045472067	0.0551498216232	0.0370822386142	0.342722467696
-edu	0.0449438202247	0.955056179775	0.0	0.0
-kuo	0.74853515625	0.157470703125	0.028076171875	0.06591796875
-kun	0.400136798906	0.107387140903	0.467852257182	0.0246238030096
-ban	0.144995917345	0.0216846172636	0.00221223955394	0.831107225837
-eka	0.0589577786231	0.465576264739	0.415557246101	0.0599087105363
-uun	0.0752351097179	0.774294670846	0.0752351097179	0.0752351097179
-eki	0.0172157709965	0.931136916014	0.0378071833649	0.0138401296246
-bac	0.0352941176471	0.617647058824	0.294117647059	0.0529411764706
-baa	0.199651357594	0.147887999188	0.00143974788365	0.651020895334
-joa	0.155477031802	0.0212014134276	0.795053003534	0.0282685512368
-ase	0.0615384615384	0.928205128205	0.0	0.0102564102564
-asa	0.0271988243805	0.956131251579	0.00821474622174	0.00845517781846
-asi	0.00921207369659	0.964915719326	0.0184241473932	0.00744805958447
-nmu	0.150281957578	0.752557973849	0.0577527996972	0.0394072688759
-yen	0.292640040191	0.178533217971	0.0585373114889	0.47028943035
-ugu	0.140154144952	0.654518450817	0.0902723461845	0.115055058046
-uka	0.0121951219512	0.90243902439	0.0	0.0853658536585
-uga	0.103840125392	0.862572772056	0.0251903269145	0.00839677563816
-poa	0.214285714286	0.619047619048	0.047619047619	0.119047619048
-ugi	0.531906373589	0.248527359474	0.140953600408	0.0786126665292
-poe	0.315737380403	0.335862751567	0.0217749917519	0.326624876278
-ike	0.134512845371	0.392874454678	0.370819195347	0.101793504605
-laa	0.383309937629	0.0166465680456	0.0217405526398	0.578302941686
-ika	0.124160480146	0.717227987011	0.135374158577	0.0232373742659
-iko	0.052660449808	0.710916072408	0.236423477784	0.0
-lam	0.137755102041	0.204081632653	0.0918367346939	0.566326530612
-lan	0.236496485063	0.0869421808689	0.0680269479134	0.608534386155
-lai	0.166666666667	0.166666666667	0.642857142857	0.0238095238095
-iki	0.0	1.0	0.0	0.0
-aan	0.361713819569	0.175056290625	0.0105536508662	0.45267623894
-boe	0.50184729064	0.369458128079	0.0714285714286	0.0572660098522
-toe	0.223844282238	0.505387556483	0.15015641293	0.120611748349
-toa	0.199226437311	0.348425476481	0.0872854633617	0.365062622846
-ibu	0.0535717995816	0.84686551629	0.0672174466449	0.0323452374833
-olu	0.112158116879	0.690118072821	0.102614180503	0.0951096297967
-oli	0.103047628703	0.69568558119	0.0914380753202	0.109828714786
-saa	0.655910780669	0.128029739777	0.0771747211896	0.138884758364
-ibi	0.672133648638	0.266229308109	0.0277671828515	0.0338698604013
-olo	0.0333924629988	0.909964928435	0.00593102140855	0.0507115871576
-ola	0.0843514410303	0.804892002187	0.0736088686609	0.0371476881222
-ole	0.510588727262	0.40661310075	0.0118283102841	0.0709698617044
-ngu	0.190814196666	0.628027709702	0.10959584629	0.0715622473419
-ipi	0.00111317254174	0.997773654917	0.0	0.00111317254174
-ipo	0.0801962683137	0.0746970112896	0.0171674392937	0.827939281103
-ipa	0.0263488080301	0.954830614806	0.0112923462986	0.00752823086575
-ipe	0.0590717299578	0.89029535865	0.0506329113924	0.0
-tie	0.563369921646	0.0108108520977	0.00393858530067	0.421880640956
-awa	0.0472440944882	0.905511811024	0.0472440944881	0.0
-cuo	0.630089906521	0.120493923536	0.035856758205	0.213559411737
-cua	0.934544667519	0.0151355426121	0.00811253305378	0.0422072568154
-eya	0.0382165605095	0.954140127389	0.0	0.00764331210191
-200	0.0	0.292682926829	0.0	0.707317073171
-oba	0.0648917544997	0.360301055292	0.0521583899769	0.522648800231
-mua	0.610823189104	0.32095938291	0.0518259611908	0.0163914667952
-len	0.0423968343697	0.643159977388	0.291831543245	0.0226116449971
-mun	0.272112676056	0.569014084507	0.047323943662	0.111549295775
-muu	0.095216356344	0.0506244497342	0.00994554407018	0.844213649852
-ifa	0.0246992232486	0.943544632575	0.0299919139448	0.00176423023205
-ife	0.00997743199904	0.990022568001	0.0	0.0
-ifi	0.01	0.99	0.0	0.0
-alu	0.092017589842	0.772318458055	0.0922521576238	0.0434117944793
-ndu	0.263629423928	0.529118857316	0.0958784715058	0.11137324725
-iba	0.0705343003551	0.677813677965	0.116358759006	0.135293262674
-ndi	0.494712427686	0.289758062868	0.0806548327413	0.134874676705
-alo	0.0861339041644	0.729402630551	0.151122023472	0.0333414418126
-ndo	0.0634198312586	0.296334430094	0.0498442471303	0.590401491517
-ali	0.224871225828	0.440924478374	0.0637083132867	0.270495982511
-nda	0.149908300773	0.66230763097	0.110039071844	0.0777449964118
-ale	0.102473186839	0.83134016557	0.0470273548668	0.0191592927235
-nde	0.227179103248	0.487181324173	0.135404763525	0.150234809054
-ala	0.133392756714	0.402512855343	0.0502778564338	0.413816531509
-ñii	0.198049512378	0.71455363841	0.0547636909227	0.0326331582896
-yoo	0.403246109877	0.132277351414	0.0368475973504	0.427628941358
-yoa	0.68253968254	0.253968253968	0.0634920634921	0.0
-iyu	0.0427631578947	0.944078947368	0.00657894736843	0.00657894736843
-pen	0.0219945013747	0.948137965509	0.00174956260935	0.0281179705074
-ogu	0.0736655043369	0.739876115003	0.0587559884915	0.127702392168
-elu	0.22482308111	0.412629286881	0.333151878062	0.0293957539467
-ogi	0.599330947156	0.294466472642	0.0155484796259	0.090654100576
-iyo	0.0438247011952	0.948207171315	0.0	0.00796812749006
-eli	0.133946202621	0.791140822941	0.0410521466372	0.0338608278005
-iyi	0.209072978304	0.392504930967	0.189349112426	0.209072978304
-elo	0.0815245271052	0.562257828954	0.294305265372	0.0619123785683
-oga	0.113467261905	0.746492346939	0.0443771258504	0.0956632653061
-ela	0.109546277786	0.76317410442	0.0813016435006	0.0459779742928
-iya	0.0	1.0	0.0	0.0
-ele	0.034101421243	0.557669666134	0.0309057270204	0.377323185603
-esu	0.00488879494674	0.78883597191	0.00363537637477	0.202639856768
-ito	0.428822495606	0.439367311072	0.0527240773287	0.079086115993
-esi	0.0590405904059	0.89667896679	0.0369003690037	0.00738007380073
-iti	0.059703044123	0.898901840183	0.0226650445282	0.0187300711655
-esa	0.0302429972164	0.952453795421	0.0136670261053	0.00363618125737
-ite	0.0	1.0	0.0	0.0
-ita	0.0322974233833	0.952630445704	0.0102275174047	0.0048446135075
-uda	0.0504369711952	0.75802191571	0.0238754893232	0.167665623772
-ude	0.0024954942465	0.981006516013	0.00568418133925	0.0108138084015
-udi	0.490710691683	0.366121522373	0.0698389748463	0.073328811097
-udo	0.179667466292	0.683348498635	0.0923153279841	0.0446687070891
-abu	0.10576437282	0.799333674706	0.0341112700251	0.0607906824495
-abe	0.591843501326	0.254973474801	0.0417771883289	0.111405835544
-aba	0.0710779971401	0.44009150833	0.104632793623	0.384197700907
-nja	0.219298245614	0.719298245614	0.0175438596491	0.0438596491228
-abo	0.356756756757	0.189189189189	0.410810810811	0.0432432432432
-abi	0.580676121713	0.20352521934	0.134442635949	0.0813560229978
-tua	0.784246221959	0.0251491146282	0.00445212827302	0.18615253514
-gba	0.837329372657	0.0937831529811	0.0292807129217	0.03960676144
-koa	0.45652173913	0.429347826087	0.0815217391304	0.0326086956522
-gbi	0.247933884298	0.677685950413	0.0	0.0743801652893
-tuo	0.609144022873	0.0886322109777	0.071486103803	0.230737662346
-tuu	0.394909531778	0.414757021758	0.0194217802514	0.170911666212
-gan	0.707865168539	0.157303370786	0.0112359550562	0.123595505618
-omu	0.429330042704	0.25267594698	0.299692196772	0.0183018135433
-omi	0.214618973561	0.598755832037	0.167962674961	0.0186625194401
-omo	0.0455729166667	0.596354166667	0.26171875	0.0963541666666
-lii	0.628603104213	0.30155210643	0.0232815964523	0.0465631929046
-lie	0.0425001197026	0.0963252444783	0.0258329590252	0.835341676794
-oma	0.0354175026641	0.798817157724	0.156228989336	0.00953635027651
-lia	0.026920551543	0.966513460276	0.00393959290873	0.00262639527249
-ome	0.0762711864408	0.851694915254	0.0360169491525	0.0360169491525
-oda	0.0540845070423	0.275653923541	0.655291750503	0.0149698189135
-ode	0.0	0.959183673469	0.0408163265306	0.0
-odi	0.587296381317	0.190941543473	0.0790913849062	0.142670690304
-odo	0.0218181818182	0.795858585859	0.178181818182	0.00414141414141
-ehu	0.0	1.0	0.0	0.0
-pai	0.0371900826446	0.731404958678	0.163223140496	0.0681818181818
-paa	0.449894085058	0.476454293629	0.050839172234	0.0228124490794
-apo	0.117840886009	0.0697567441704	0.0239332608418	0.788469108979
-dua	0.615552523875	0.243383356071	0.0841746248294	0.0568894952251
-waa	0.176104786284	0.057386574152	0.0196200613022	0.746888578261
-wan	0.114812869957	0.0120809400711	0.00187096295196	0.87123522702
-duo	0.400642742367	0.552222817354	0.0471344402785	0.0
-suu	0.637837837838	0.0972972972972	0.0783783783784	0.186486486486
-nua	0.691564199643	0.15225551256	0.0452947962924	0.110885491505
-suo	0.218548387097	0.232258064516	0.529838709677	0.0193548387097
-sue	0.0654205607476	0.915887850467	0.0	0.018691588785
-nuu	0.103858339482	0.85551842368	0.00598932338006	0.0346339134586
-sua	0.74592944171	0.0721287166285	0.0485431225225	0.133398719139
-die	0.201054566219	0.239621911895	0.123480242837	0.435843279049
-dia	0.575432450186	0.291876505365	0.0853952266258	0.0472958178235
-dim	0.115384615385	0.884615384615	0.0	0.0
-ven	0.0304757067348	0.931667751306	0.0250789670005	0.0127775749591
-nni	0.0244442022322	0.0175513637597	0.0111291518512	0.946875282157
-afa	0.0185873605948	0.975836431227	0.0	0.00557620817844
-nna	0.248842235258	0.373572090151	0.0348873108985	0.342698363692
-nne	0.22187427764	0.377693903847	0.08365751452	0.316774303993
-efe	0.15625	0.78125	0.0625	0.0
-efa	0.00993377483443	0.877483443709	0.0662251655629	0.046357615894
-ede	0.0986551889289	0.119482745582	0.00207960474906	0.77978246074
-efi	0.0208712534887	0.959228248999	0.00800873680379	0.0118917607087
-nga	0.0552708239365	0.814706360224	0.0977824529194	0.0322403629198
-tia	0.459807827514	0.414811342864	0.0850714787907	0.040309350832
-ngi	0.715809730205	0.155731231663	0.0754367634878	0.0530222746442
-tin	0.0644152206268	0.0384189854891	0.0106869333055	0.886478860579
-ain	0.237456647399	0.115276630884	0.391486374897	0.255780346821
-tii	0.152209667103	0.0719550452289	0.0137818658057	0.762053421862
-eme	0.547156673114	0.452843326886	0.0	0.0
-ema	0.0668031972602	0.844820521224	0.0379311967851	0.0504450847305
-emo	0.0465290917256	0.929911874489	0.0195834468339	0.00397558695124
-emi	0.0472972972973	0.891891891892	0.054054054054	0.00675675675675
-emu	0.0493218249075	0.927250308261	0.0234278668311	0.0
-jan	0.0112687438269	0.963006195564	0.0117176977642	0.0140073628446
-cii	0.759493670886	0.139240506329	0.0253164556962	0.0759493670886
-cia	0.736398963731	0.196243523316	0.0155440414508	0.0518134715026
-egu	0.0197508527687	0.969188019982	0.00342716277484	0.00763396447476
-cie	0.0122463389698	0.015360022752	0.322560477791	0.649833160487
-000	0.116875128153	0.219110108673	0.0209144966168	0.643100266557
-eta	0.0219787220488	0.963687328789	0.00286678983245	0.0114671593298
-eti	0.0305142211339	0.96044452816	0.00452062535317	0.00452062535317
-ŋan	0.281625507839	0.0517878634028	0.0169900532889	0.649596575469
-uya	0.0857142857143	0.9	0.0	0.0142857142857
-ŋaa	0.284768204688	0.196150960458	0.0287443879094	0.490336446945
-bua	0.664133596192	0.0966568910701	0.0363287042831	0.202880808455
-lin	0.55445988346	0.29583146571	0.016136261766	0.133572389063
-ate	0.00795755968169	0.976127320955	0.0159151193634	0.0
-ata	0.0281626844431	0.906448955134	0.0337053404239	0.0316830199985
-ato	0.246511627907	0.753488372093	0.0	0.0
-uyu	0.185840707965	0.185840707965	0.0	0.628318584071
-buu	0.445725264169	0.463976945245	0.00960614793468	0.0806916426513
-ose	0.00943396226415	0.943396226415	0.0235849056604	0.0235849056604
-uli	0.081623506405	0.195134819199	0.0514481346908	0.671793539705
-osa	0.0258830158115	0.961087438814	0.0	0.0130295453745
-kan	0.11401960836	0.0550655463905	0.0397191739365	0.791195671313
-kaa	0.156145956589	0.0422880328819	0.0270973954117	0.774468615118
-ula	0.151446476185	0.499758378369	0.170816561586	0.17797858386
-osi	0.0	1.0	0.0	0.0
-ule	0.181174510621	0.45022907122	0.206164098292	0.162432319867
-nia	0.715439969701	0.153978874721	0.0460379581703	0.0845431974077
-nii	0.015859030837	0.881387665198	0.00605726872246	0.0966960352423
-aci	0.0798291721419	0.909329829172	0.00295663600526	0.00788436268068
-ulu	0.0833510074231	0.726617179215	0.174761399788	0.0152704135737
-nbo	0.049246291514	0.898504594319	0.0468440333914	0.00540508077593
-nbi	0.496218215359	0.318546730133	0.133944607213	0.0512904472941
-aje	0.064935064935	0.935064935065	0.0	0.0
-nbe	0.409810935105	0.3939703628	0.155339805825	0.0408788962698
-aja	0.0244807121662	0.964391691395	0.00445103857567	0.0066765578635
-nba	0.0526064984276	0.599868080535	0.104229429885	0.243295991153
-fii	0.615944643185	0.0779473477187	0.00416619147257	0.301941817623
-nbu	0.0785140514221	0.780813776816	0.109795467395	0.0308767043675
-fia	0.351768488746	0.136012861736	0.179421221865	0.332797427653
-fie	0.463385457914	0.468631094517	0.0364447347792	0.0315387127897
-ilu	0.0100896860987	0.963004484305	0.0269058295964	0.0
-yua	0.0232661103452	0.31156708026	0.00730699496876	0.657859814426
-ile	0.0175109652794	0.937020792179	0.0241738373456	0.0212944051964
-ila	0.0542163004315	0.875733926657	0.0527485909038	0.0173011820081
-ilo	0.0612550654331	0.727393557596	0.0481289799832	0.163222396987
-ili	0.272052978436	0.555753178722	0.0858524029806	0.0863414398607
-ebi	0.675565326633	0.302763819095	0.0150753768844	0.00659547738694
-iga	0.0443085301088	0.271674214679	0.0397351595995	0.644282095613
-ige	0.249508840864	0.232481990832	0.115913555992	0.402095612312
-eba	0.178830114177	0.551103633965	0.216235109546	0.0538311423124
-igi	0.361275589678	0.448624185161	0.10711471124	0.0829855139203
-amu	0.0693046298129	0.583628871065	0.249054507968	0.0980119911542
-ebe	0.0300395561508	0.0513668222389	0.0669497580229	0.851643863587
-ami	0.259880711138	0.656073226686	0.057453362816	0.0265926993606
-amo	0.0736067785155	0.618486867287	0.274368855964	0.0335374982327
-ama	0.0994364307626	0.4086567537	0.0519035406154	0.440003274922
-ati	0.00797730898777	0.926874667612	0.0651480234001	0.0
-ame	0.296853102306	0.24843929163	0.0573321442222	0.397375461842
-ebu	0.0950662486035	0.842849670676	0.0155210201802	0.0465630605405
-usi	0.0348837209302	0.941860465116	0.0232558139535	0.0
-usa	0.0450466538685	0.941783115318	0.00665208268226	0.00651814813161
-guu	0.413988657845	0.345935727788	0.0964083175803	0.143667296786
-bam	0.0	0.835978835979	0.100529100529	0.0634920634921
-guo	0.668513036004	0.0855696686086	0.146117849298	0.0997994460892
-gun	0.247011952191	0.573705179283	0.107569721116	0.0717131474104
-gub	0.115942028985	0.31884057971	0.536231884058	0.0289855072464
-usu	0.15652173913	0.765217391304	0.0782608695652	0.0
-ulo	0.158939202598	0.372361537074	0.440555655782	0.0281436045463
-ñua	0.089317054398	0.621332904792	0.247017478569	0.0423325622407
-epo	0.201203534886	0.214364706937	0.378695041397	0.205736716781
-a-a	0.0423529411765	0.226096256684	0.0141176470588	0.71743315508
-oso	0.0408163265306	0.935860058309	0.00583090379008	0.0174927113703
-pia	0.636234566	0.0364384805513	0.0470405200012	0.280286433447
-npa	0.0	1.0	0.0	0.0
-pie	0.460652591171	0.374280230326	0.153550863724	0.0115163147793
-pii	0.661290322581	0.13064516129	0.111290322581	0.0967741935484
-npo	0.0766291779779	0.197856968443	0.0418695508539	0.683644302725
-ŋme	0.0457734428474	0.063123349956	0.0171726801604	0.873930527036
-ŋma	0.702422629884	0.223638145918	0.0	0.0739392241983
-owi	0.0	0.981132075472	0.0188679245283	0.0
-ije	0.119782214156	0.580762250454	0.277676950998	0.021778584392
-owe	0.0124095139607	0.975180972079	0.0	0.0124095139607
-agu	0.197693008417	0.738801343368	0.0340284314267	0.0294772167887
-agi	0.530399015358	0.239638828256	0.0880348413746	0.141927315012
-ago	0.236842105263	0.644736842105	0.0394736842105	0.0789473684211
-aga	0.130219308923	0.720285497609	0.114798601287	0.0346965921801
-ote	0.006	0.989	0.00075	0.00425
-one	0.115567774298	0.218304182597	0.0250529192323	0.641075123873
-anu	0.121747622026	0.753118167925	0.070644486982	0.0544897230666
-ega	0.165225307237	0.819071461083	0.00819299044151	0.00751024123805
-ona	0.180017772398	0.771260370046	0.0163055167645	0.0324163407915
-ego	0.0	1.0	0.0	0.0
-ono	0.0145782997421	0.973799838925	0.00672844603481	0.00489341529804
-egi	0.226809269486	0.147722786654	0.280357928841	0.345110015019
-oni	0.458191829729	0.234390454243	0.0665191381414	0.240898577887
-ana	0.0647902277629	0.850933918959	0.048492941831	0.0357829114475
-nfa	0.0	1.0	0.0	0.0
-onu	0.200257566001	0.661622665808	0.0772698003863	0.0608499678042
-ane	0.174920033436	0.148774447532	0.0280495376557	0.648255981376
-ani	0.349497972221	0.135491255429	0.0524922641051	0.462518508245
-daa	0.0962843152678	0.0251219224416	0.0126347046331	0.865959057658
-ano	0.0779910033897	0.742149203293	0.148559872723	0.0312999205941
-tan	0.0	1.0	0.0	0.0
-taa	0.478738828327	0.048770959291	0.0798134816343	0.392676730748
-yin	0.203996512171	0.0582556123982	0.017572747989	0.720175127441
-yii	0.225727371339	0.0860203439503	0.0198146399985	0.668437644712
-yie	0.651668576897	0.0912848987949	0.068378826488	0.18866769782
-yia	0.08676550397	0.0812900174501	0.601499763856	0.230444714724
-mia	0.895494413348	0.0584356845422	0.00846040349839	0.0376094986117
-mii	0.254346292955	0.0441981967255	0.0081949282933	0.693260582026
-enu	0.0127761673393	0.836234409114	0.036391262407	0.114598161139
-min	0.0263333163328	0.0219306798511	0.00283508788772	0.948900915928
-eno	0.0439330543933	0.899581589958	0.0376569037657	0.0188284518828
-eni	0.158302212731	0.0460924009903	0.0279549683046	0.767650417974
-ene	0.177193831669	0.24760375919	0.1657723793	0.409430029841
-ena	0.0804346168062	0.859782104911	0.0245821330721	0.0352011452106
