-jãi	0.0344387755102	0.557397959184	0.102040816327	0.30612244898
-caa	0.203292643855	0.124650923717	0.0453757982209	0.626680634207
-ãga	0.59533371232	0.278964598874	0.0488015310571	0.0769001577485
-ũri	0.282702191878	0.38798404387	0.050176308168	0.279137456084
-ʉea	0.58768873403	0.277584204413	0.0487804878049	0.0859465737514
-ũre	0.395989511059	0.481656465855	0.0158729543464	0.10648106874
-cai	0.27574906521	0.374268112474	0.0539852035538	0.295997618762
-ijĩ	0.275735294118	0.533088235294	0.191176470588	0.0
-eus	0.0	1.0	0.0	0.0
-aja	0.465770618827	0.186665545734	0.0741733274873	0.273390507952
-hem	0.0	0.98	0.02	0.0
-hei	0.166182925103	0.407994714238	0.209896644485	0.215925716173
-rbe	0.0	0.934426229508	0.0655737704918	0.0
-caz	0.0	1.0	0.0	0.0
-hea	0.280521149603	0.450662919095	0.0870298184761	0.181786112825
-hta	0.295518640671	0.233992910473	0.0861188869032	0.384369561953
-ivo	0.00735402265038	0.976467127519	0.00588321812031	0.0102956317105
-hbi	0.307692307692	0.576923076923	0.0	0.115384615385
-ʉco	0.267630310994	0.613885238721	0.0453350854139	0.0731493648708
-ĩga	0.503777121963	0.461885405646	0.0232009948587	0.0111364775322
-hbo	0.365001469956	0.497139238789	0.0347361993713	0.103123091884
-ecã	0.0	1.0	0.0	0.0
-gãa	0.0672006086092	0.86433084677	0.0684685446208	0.0
-oyu	0.541832669323	0.15438247012	0.129482071713	0.174302788845
-nso	0.0471512770137	0.929273084479	0.0	0.0235756385069
-hdʉ	0.357762850026	0.214794941642	0.0407234851344	0.386718723197
-jãa	0.514719744761	0.249945616707	0.0475672540063	0.187767384526
-idõ	0.00355871886121	0.991696322657	0.0	0.00474495848163
-aul	0.076923076923	0.323076923077	0.130769230769	0.469230769231
-uaa	0.180383685776	0.538138217701	0.054194336488	0.227283760035
-nto	0.0143639623707	0.899024881487	0.0556873725837	0.0309237835581
-ẽne	0.144594904751	0.772320403948	0.0830846913013	0.0
-nta	0.0526068358951	0.161452854333	0.0230842691773	0.762856040595
-nte	0.0334482059599	0.798837759308	0.0331103452936	0.134603689438
-nah	0.468725868726	0.197683397683	0.171428571428	0.162162162162
-asʉ	0.0333245173235	0.923477034294	0.00740544829409	0.0357930000881
-̃no	0.20083674984	0.300590943208	0.11724535685	0.381326950102
-nai	0.114832535885	0.771929824561	0.0191387559809	0.0940988835726
-ʉcʉ	0.173267236363	0.656883180003	0.0394967963674	0.130352787267
-pui	0.135365230717	0.696066746126	0.0919461944492	0.0766218287076
-ẽna	0.5507447177	0.303775545549	0.124696917215	0.0207828195358
-óni	0.428571428571	0.0535714285714	0.0	0.517857142857
-pre	0.0	0.991071428571	0.00892857142857	0.0
-car	0.0	1.0	0.0	0.0
-ape	0.389872302986	0.411543176115	0.0847616857493	0.113822835149
-aré	0.0	1.0	0.0	0.0
-arõ	0.114835164835	0.875274725275	0.0	0.00989010989011
-opo	0.0594594594594	0.897297297297	0.0432432432432	0.0
-cjã	0.484043485316	0.0398117799773	0.0166152847639	0.459529449943
-aró	0.134887609026	0.684079020966	0.166834674321	0.0141986956869
-ope	0.0727133562954	0.456244418931	0.137772675086	0.333269549688
-opa	0.114597591358	0.669683213361	0.0609693651465	0.154749830135
-ive	0.0	1.0	0.0	0.0
-dea	0.0212563451777	0.964942893401	0.0071383248731	0.00666243654823
-api	0.563526361279	0.254969749352	0.146931719965	0.0345721694036
-dʉa	0.324273782634	0.323422808216	0.113568314335	0.238735094815
-̃ha	0.22602739726	0.650684931507	0.041095890411	0.0821917808219
-edʉ	0.401360544218	0.333333333333	0.265306122449	0.0
-dʉi	0.362272240086	0.525723472669	0.037513397642	0.0744908896034
-deo	0.00176782557454	0.992928697702	0.00176782557454	0.00353565114909
-ima	0.0663855745941	0.825065039921	0.103166771329	0.00538261415628
-bʉa	0.470319634703	0.315068493151	0.214611872146	0.0
-bʉo	0.095309695882	0.307610224572	0.553911820342	0.0431682592036
-imo	0.00621277267169	0.973423139127	0.00507869512051	0.0152853930811
-ido	0.0283018867925	0.698113207547	0.0566037735849	0.216981132075
-̃ga	0.199169191191	0.800830808809	0.0	0.0
-obo	0.0	0.994848016486	0.00206079340546	0.00309119010819
-rpo	0.0	1.0	0.0	0.0
-rpa	0.0741202894934	0.895932118792	0.0	0.0299475917145
-nsõ	0.0	1.0	0.0	0.0
-eca	0.105263157895	0.842105263158	0.0526315789474	0.0
-ide	0.271551724138	0.689655172414	0.0387931034483	0.0
-llo	0.0832702498107	0.45457986374	0.46214988645	0.0
-ida	0.0468953538862	0.919887103778	0.00846721667391	0.0247503256622
-hsʉ	0.144069440423	0.0744138458976	0.0174501340941	0.764066579586
-dio	0.0458348072688	0.713451131075	0.121426828523	0.119287233133
-eja	0.302764329912	0.484065196388	0.125646469231	0.0875240044679
-ñoa	0.324867317916	0.360721558772	0.191112643582	0.12329847973
-uta	0.490433594235	0.372282271089	0.01304509877	0.124239035905
-eje	0.297435897436	0.661538461539	0.0	0.0410256410256
-ria	0.191732733167	0.614107283468	0.0937065442231	0.100453439141
-rio	0.0236053190652	0.944763553387	0.0269100637344	0.00472106381307
-ñoi	0.476857749469	0.315074309979	0.0755838641189	0.132484076433
-uti	0.398847104035	0.151058014775	0.0294788098677	0.420616071322
-adʉ	0.235823669225	0.435323209003	0.285357934221	0.0434951875504
-tea	0.0437150762685	0.808212408416	0.130001174762	0.0180713405535
-tei	0.217741935484	0.443548387097	0.0483870967742	0.290322580645
-gro	0.0327868852459	0.934426229508	0.0327868852459	0.0
-teo	0.0166197183099	0.975211267606	0.00338028169014	0.00478873239437
-lux	0.44	0.453333333333	0.0533333333333	0.0533333333333
-are	0.188057063893	0.332363534323	0.0590742919941	0.42050510979
-ara	0.321800332298	0.25840379711	0.0825463375874	0.337249533004
-ote	0.0453207633939	0.866406070361	0.0344906875144	0.0537824787307
-jii	0.380595868847	0.301197880673	0.036473930738	0.281732319742
-ãha	0.587790528353	0.242537800164	0.0299981595979	0.139673511885
-aro	0.201006173985	0.137086031053	0.0636449020306	0.598262892931
-ari	0.298525895462	0.226538971918	0.0581355240578	0.416799608561
-rón	0.0	0.96875	0.03125	0.0
-jia	0.0862612542965	0.0304998454536	0.00709555879941	0.87614334145
-hba	0.623923444976	0.376076555024	0.0	0.0
-mea	0.486613104421	0.187425964388	0.285663563324	0.0402973678671
-ewʉ	0.0	0.5734870317	0.4265129683	0.0
-cja	0.0192307692308	0.980769230769	0.0	0.0
-meo	0.19148089172	0.729697452229	0.0199044585987	0.0589171974523
-mei	0.0	1.0	0.0	0.0
-aye	0.134870851408	0.183669617803	0.224568131943	0.456891398845
-lãa	0.0360721442886	0.921843687375	0.0300601202405	0.0120240480962
-aya	0.057004048583	0.836437246964	0.0906882591093	0.0158704453441
-ãco	0.0511363636364	0.846590909091	0.0681818181818	0.0340909090909
-ãca	0.0624312359615	0.910704414019	0.00756742254079	0.019296927479
-rro	0.154646324549	0.834257975035	0.00277392510402	0.00832177531207
-ayo	0.300471726279	0.286021376963	0.0726995879859	0.340807308772
-ero	0.236816893793	0.404977084648	0.0934000791599	0.264805942399
-ayu	0.544360189161	0.205432072984	0.218535872303	0.0316718655512
-ucʉ	0.289773720376	0.496804480551	0.0238751245981	0.189546674475
-tói	0.23648487259	0.0744575829491	0.0270668509445	0.661990693516
-tʉa	0.125911975565	0.874088024435	0.0	0.0
-tʉi	0.373737373737	0.535353535354	0.090909090909	0.0
-ópe	0.104007341695	0.469256653411	0.356378097277	0.070357907617
-sre	0.161317928969	0.748823277706	0.0256739409499	0.0641848523749
-coã	0.108360773627	0.22705423716	0.460580598766	0.204004390447
-ʉpe	0.51230228471	0.28295254833	0.14762741652	0.0571177504393
-dán	0.09375	0.90625	0.0	0.0
-xad	0.0	1.0	0.0	0.0
-ega	0.464770240961	0.27840115969	0.127299933623	0.129528665726
-dai	0.018691588785	0.96261682243	0.0	0.018691588785
-ʉãa	0.130858107231	0.829157471115	0.0399844216539	0.0
-mʉa	0.206395486187	0.544005702388	0.0507772188462	0.198821592579
-ota	0.271980103886	0.276918029159	0.096950027354	0.354151839601
-tán	0.0	1.0	0.0	0.0
-ija	0.502538384288	0.0868478581054	0.044149597945	0.366464159662
-mʉi	0.214518204527	0.576186511241	0.0264930739535	0.182802210279
-oti	0.350250626566	0.168128654971	0.15925229741	0.322368421053
-caĩ	0.199701937407	0.734724292101	0.0566318926975	0.00894187779433
-ijo	0.127474349673	0.0735827546896	0.680899575086	0.118043320551
-iji	0.162751749903	0.507794048181	0.233692618199	0.0957615837163
-mʉo	0.386755834074	0.376139924239	0.0823083758125	0.154795865875
-oto	0.0581691477882	0.257311702801	0.489010710158	0.195508439252
-uma	0.259407927747	0.315604616157	0.108546579696	0.316440876401
-otu	0.296144089295	0.330847285642	0.0504819888382	0.322526636225
-eví	0.0908515899028	0.855212466218	0.0253004427577	0.0286355011213
-isõ	0.529069767442	0.156976744186	0.296511627907	0.0174418604651
-umi	0.0	0.948453608247	0.0	0.0515463917526
ALL	0.233336127553	0.288099419057	0.054467949299	0.424096504091
-ipʉ	0.142362940841	0.431355621086	0.036390806396	0.389890631677
-nan	0.0	1.0	0.0	0.0
-naa	0.687206521549	0.115383944001	0.0189397245448	0.178469809905
-nae	0.0	1.0	0.0	0.0
-sii	0.532504198408	0.273273784895	0.0885924988439	0.105629517852
-sio	0.392898052692	0.544100801833	0.028636884307	0.0343642611684
-sia	0.180048178693	0.521149213587	0.0691812703336	0.229621337387
-sie	0.163212175829	0.43256233103	0.173225192751	0.231000300391
-nau	0.012285012285	0.987714987715	0.0	0.0
-goi	0.110429447853	0.619631901841	0.0736196319019	0.196319018405
-ʉjo	0.142471667566	0.438208310847	0.311926605505	0.107393416082
-mor	0.0	0.96	0.04	0.0
-goa	0.0928293402813	0.693034713273	0.177148233287	0.0369877131587
-igo	0.0261524649674	0.921932940396	0.0148327413248	0.037081853312
-ʉhʉ	0.0482457269278	0.105144964709	0.00470764426644	0.841901664097
-gog	0.0181818181818	0.963636363636	0.0181818181818	0.0
-hcã	0.443180560373	0.105374233491	0.0122862814259	0.439158924711
-ñai	0.238663484487	0.424224343675	0.238663484487	0.0984486873508
-moa	0.295581389213	0.550020310512	0.112904628792	0.0414936714832
-tʉã	0.269917283413	0.541638161577	0.0	0.18844455501
-mol	0.030549898167	0.786150712831	0.183299389002	0.0
-ocʉ	0.300142688752	0.240740740741	0.0764160307711	0.382700539736
-moi	0.282051282051	0.465811965812	0.188034188034	0.0641025641026
-ʉoi	0.490909090909	0.327272727273	0.181818181818	0.0
-coi	0.223684210526	0.677631578948	0.0526315789473	0.0460526315789
-cʉa	0.499217989199	0.249653259362	0.13058104878	0.120547702659
-ber	0.0	1.0	0.0	0.0
-pju	0.39837398374	0.256097560976	0.0325203252033	0.313008130081
-ʉoa	0.380512091038	0.401849217639	0.163229018492	0.0544096728307
-coa	0.0912203110946	0.735545880903	0.0188448706936	0.154388937309
-eor	0.0	1.0	0.0	0.0
-uai	0.539095403772	0.283281450284	0.101080388207	0.0765427577367
-ĩre	0.752244165171	0.204667863555	0.0269299820467	0.016157989228
-yaa	0.508135168961	0.367618614177	0.0858396227608	0.0384065941012
-ubí	0.0	0.824116170184	0.170998167877	0.00488566193934
-yai	0.424957841484	0.153456998314	0.273187183811	0.148397976391
-cos	0.217391304348	0.695652173913	0.0869565217391	0.0
-ofa	0.0122448979592	0.951020408163	0.0367346938776	0.0
-iso	0.0	1.0	0.0	0.0
-õri	0.173005964353	0.670417355721	0.0798247443672	0.0767519355591
-ahʉ	0.0114497093535	0.985687863308	0.0	0.00286242733838
-ijà	0.415730337079	0.494382022472	0.0898876404494	0.0
-reo	0.0943000838223	0.711860854987	0.181265716681	0.0125733445096
-isi	0.449768691388	0.220443779458	0.0613006350099	0.268486894144
-ijã	0.330960854093	0.0320284697509	0.637010676157	0.0
-ise	0.0412563722498	0.92592708741	0.00113134476005	0.0316851955797
-rea	0.176908081189	0.596628606065	0.145536752781	0.0809265599659
-õre	0.378707749497	0.313631362864	0.039413814874	0.268247072765
-red	0.0	1.0	0.0	0.0
-ijõ	0.0818181818182	0.754545454545	0.163636363636	0.0
-upe	0.412087912088	0.472527472527	0.032967032967	0.0824175824176
-eva	0.249042145594	0.62239250745	0.0702426564495	0.0583226905066
-res	0.0366972477064	0.450688073395	0.15997706422	0.352637614679
-isu	0.641791044776	0.223880597015	0.0	0.134328358209
-haa	0.516654736159	0.125446329205	0.0708919439536	0.287006990682
-hab	0.00475059382422	0.96674584323	0.0285035629453	0.0
-hcõ	0.43597186558	0.0426482081054	0.0	0.521379926315
-rʉa	0.571972763202	0.29803342698	0.0519975239274	0.0779962858911
-hai	0.339031984554	0.13191573972	0.0119174380072	0.517134837719
-mar	0.0	1.0	0.0	0.0
-mau	0.428571428571	0.514285714286	0.0	0.0571428571429
-siõ	0.5054071687	0.325893121923	0.0422095253158	0.126490184061
-atá	0.0	1.0	0.0	0.0
-mai	0.321980663192	0.484820014934	0.077978862139	0.115220459735
-jua	0.447102492016	0.213937312005	0.0075729899185	0.331387206061
-man	0.04224	0.55648	0.40128	0.0
-maa	0.308532371798	0.372146226193	0.109475705853	0.209845696156
-jui	0.0592622678433	0.783591182661	0.00605545914411	0.151091090352
-uno	0.345616570327	0.344412331407	0.154624277457	0.155346820809
-una	0.422504791408	0.284296057081	0.0911123697325	0.202086781778
-arĩ	0.575936301976	0.162194043055	0.141551164848	0.120318490121
-iro	0.203642159823	0.221133883163	0.0650862592957	0.510137697717
-ʉbʉ	0.0	0.8	0.2	0.0
-pta	0.0454545454546	0.954545454545	0.0	0.0
-pto	0.00564829923434	0.787247395507	0.207104305259	0.0
-unu	0.555206698064	0.355834641549	0.0156985871272	0.0732600732601
-drõ	0.0714285714286	0.928571428571	0.0	0.0
-ade	0.0835117773019	0.781584582441	0.134903640257	0.0
-tra	0.0	0.986394557823	0.0136054421769	0.0
-ada	0.0858854860186	0.746338215712	0.143808255659	0.0239680426098
-ado	0.0323685937158	0.948166508712	0.00349930742874	0.0159655901436
-tro	0.0407831176722	0.362710773433	0.0438360614318	0.552670047463
-tri	0.0357142857143	0.928571428571	0.0	0.0357142857143
-gai	0.0	1.0	0.0	0.0
-adi	0.0	1.0	0.0	0.0
-gau	0.0	1.0	0.0	0.0
-gar	0.0248550124275	0.913007456504	0.0621375310687	0.0
-ire	0.366999693592	0.242785260144	0.0297839937697	0.360431052494
-ʉte	0.78620166793	0.0	0.00454890068234	0.209249431387
-ʉcã	0.105530832804	0.863954227591	0.0305149396059	0.0
-ʉta	0.308884479396	0.224953804258	0.0684461283536	0.397715587993
-seo	0.0416374396287	0.921669566699	0.0101491259095	0.0265438677633
-ini	0.379313627293	0.311637725658	0.0573161129666	0.251732534083
-ecʉ	0.37017314174	0.419699339926	0.0714253195366	0.138702198797
-ápʉ	0.139578163772	0.514578163772	0.32723325062	0.0186104218362
-ũja	0.419779954056	0.400677064442	0.0616612259703	0.117881755531
-sei	0.276430421474	0.633859194726	0.0459147633624	0.0437956204379
-ino	0.321658962059	0.262056483047	0.0370065032063	0.379278051687
-ina	0.217518220077	0.2243248893	0.0722859839785	0.485870906644
-hsu	0.266880646695	0.35746552544	0.354255825012	0.0213980028531
-sec	0.0	1.0	0.0	0.0
-ine	0.129697566711	0.29626968491	0.0232783850391	0.550754363339
-sea	0.242062584597	0.408363566692	0.306309758525	0.0432640901871
-ʉah	0.349442379182	0.17843866171	0.0	0.472118959108
-uii	0.12147505423	0.611713665944	0.214750542299	0.0520607375271
-hso	0.540081242287	0.362736528178	0.00269950637598	0.0944827231591
-uim	0.0	1.0	0.0	0.0
-oha	0.513075499578	0.273183592015	0.031959449608	0.181781458798
-ẽpʉ	0.00622073578596	0.984414715719	0.000401337792642	0.00896321070234
-uia	0.291147994467	0.297372060858	0.354426002766	0.0570539419088
-hse	0.120077748649	0.0355680893488	0.00245766536374	0.841896496639
-ohi	0.737485077736	0.175431632417	0.0517593638246	0.0353239260224
-hsa	0.464131374244	0.328435609334	0.132238547969	0.0751944684529
-̃hʉ	0.0281888353951	0.0158189173709	0.0278766447411	0.928115602493
-ahĩ	0.291840198789	0.534547474889	0.0398103104329	0.133802015889
-iaa	0.605819249597	0.164935454096	0.179806838815	0.049438457493
-htʉ	0.123887748118	0.191897126713	0.00720870287037	0.677006422299
-són	0.0	1.0	0.0	0.0
-rla	0.0	1.0	0.0	0.0
-ñaa	0.221650754995	0.381147445939	0.151499803978	0.245701995088
-nes	0.132596685083	0.668508287293	0.0	0.198895027624
-rso	0.0	1.0	0.0	0.0
-neo	0.0245901639344	0.895491803279	0.0122950819672	0.0676229508197
-bed	0.271903323263	0.728096676737	0.0	0.0
-ias	0.0	0.99641650626	0.00358349373998	0.0
-tʉ̃	0.556701030928	0.360824742268	0.0	0.0824742268041
-hro	0.90243902439	0.0975609756098	0.0	0.0
-ooz	0.0366972477064	0.963302752294	0.0	0.0
-nea	0.5336404334	0.401479270746	0.0369817686369	0.0278985272173
-pĩa	0.56862745098	0.274509803922	0.137254901961	0.0196078431373
-hoa	0.397586538705	0.180326604867	0.0111494390136	0.410937417414
-ĩja	0.397705544933	0.383228626058	0.0475279978148	0.171537831194
-bai	0.063829787234	0.936170212766	0.0	0.0
-hoi	0.10397938093	0.631539955674	0.0446248474737	0.219855815922
-baa	0.161961367013	0.504210004953	0.183259039128	0.150569588905
-hor	0.0	1.0	0.0	0.0
-õcʉ	0.575757575758	0.408432147563	0.0158102766798	0.0
-rei	0.526300059773	0.318290496115	0.0956365809922	0.0597728631201
-opʉ	0.15941838239	0.542907930222	0.0796464404278	0.218027246961
-noa	0.206297987297	0.246295096489	0.200315199434	0.34709171678
-joe	0.63503649635	0.167883211679	0.043795620438	0.153284671533
-joa	0.187164858439	0.359518206272	0.0423947603987	0.41092217489
-ʉ̃a	0.40032994226	0.527495188342	0.0721748693978	0.0
-ase	0.0	1.0	0.0	0.0
-que	0.150943396226	0.849056603774	0.0	0.0
-asa	0.0579987255602	0.270972224933	0.0110018124014	0.660027237106
-elẽ	0.0148514851485	0.918316831683	0.0668316831683	0.0
-aso	0.454233948687	0.410845076455	0.0614639996573	0.0734569752002
-asi	0.248707909307	0.168020165023	0.0661828513464	0.517089074324
-dre	0.0	0.9887359199	0.0	0.0112640801001
-eli	0.0961182994455	0.879852125693	0.00184842883549	0.0221811460259
-yea	0.0209670409272	0.894429554509	0.0188699746469	0.0657334299167
-dro	0.0295196969337	0.936377440862	0.0116259757515	0.022476886453
-zor	0.0	1.0	0.0	0.0
-hbʉ	0.370453273643	0.407946278679	0.188024622272	0.0335758254057
-ohõ	0.420146137787	0.224425887265	0.044885177453	0.310542797495
-tãa	0.149045229959	0.759983006564	0.0165637754261	0.0744079880512
-hrẽ	0.303229227619	0.608451579871	0.0191998244588	0.0691193680515
-ũsi	0.75572519084	0.152671755725	0.0229007633588	0.0687022900763
-tẽa	0.0740740740741	0.753086419753	0.172839506173	0.0
-eru	0.145990636623	0.750066151031	0.0277488256051	0.0761943867412
-uri	0.229287256147	0.202538723195	0.0763823651645	0.491791655494
-iho	0.115230767586	0.108743110684	0.147590629868	0.628435491863
-hdo	0.192260890728	0.214261377464	0.124215137503	0.469262594305
-eri	0.28330721605	0.447794951943	0.0901629724713	0.178734859536
-ram	0.0	1.0	0.0	0.0
-uía	0.0799689440994	0.920031055901	0.0	0.0
-isa	0.473123520401	0.33768675274	0.048341854497	0.140847872362
-ohã	0.434995009809	0.0863699252908	0.0157067641651	0.462928300735
-era	0.367122621345	0.336687547703	0.15833299747	0.137856833483
-uío	0.0	0.94495412844	0.0550458715596	0.0
-rae	0.0563270444979	0.906231208659	0.0056843806374	0.0317573662057
-ere	0.212007345465	0.19105383128	0.0264964334301	0.570442389824
-raa	0.47272017887	0.297044838477	0.129805031118	0.100429951535
-alẽ	0.0197068427336	0.960154777831	0.00258922021318	0.0175491592227
-eve	0.0710195247329	0.0298056545069	0.196149163548	0.703025657212
-wʉa	0.218578648611	0.683774532422	0.0150225875334	0.0826242314337
-jõo	0.648341798626	0.145503435913	0.116522258739	0.0896325067224
-poi	0.233106537633	0.49710518531	0.14199383003	0.127794447027
-uga	0.476105022564	0.296955764821	0.0915522024964	0.135387010118
-poa	0.382780082987	0.545643153527	0.0497925311203	0.0217842323652
-aza	0.206358345184	0.696431525267	0.0102326452157	0.0869774843336
-põa	0.194547707559	0.743494423792	0.0371747211896	0.0247831474597
-uju	0.645990922844	0.14069591528	0.00907715582451	0.204236006051
-ĩsi	0.661141457902	0.162554153325	0.176304388774	0.0
-lac	0.178571428571	0.821428571429	0.0	0.0
-nce	0.0465735196274	0.441783100466	0.0166333998669	0.49500998004
-aat	0.0	1.0	0.0	0.0
-lao	0.138888888889	0.694444444444	0.0	0.166666666667
-lah	0.0	0.976454293629	0.0	0.0235457063712
-iha	0.502096584624	0.0799000709645	0.0113711457521	0.406632198659
-uja	0.568076672031	0.193247822578	0.0631114719768	0.175564033414
-aai	0.547760388559	0.345205972297	0.0503687713617	0.056664867782
-ãdʉ	0.809264305177	0.0885558583107	0.0817438692098	0.0204359673025
-áca	0.306838106371	0.485680888369	0.10520163647	0.10227936879
-uji	0.359278827823	0.0868375183834	0.00789803366196	0.545985620132
-noe	0.331395348837	0.337209302325	0.331395348837	0.0
-hʉi	0.0518155756682	0.79622057644	0.00909495747928	0.142868890413
-cũi	0.600828289264	0.240841032176	0.107996177126	0.0503345014337
-ahi	0.458779498475	0.31746229792	0.0643823464233	0.159375857182
-aho	0.0	1.0	0.0	0.0
-hʉa	0.331538609882	0.583883881082	0.0262365551263	0.0583409539095
-cũa	0.375013780909	0.474664757575	0.0408333577552	0.109488103761
-aha	0.625518552569	0.131088058216	0.0420472577652	0.201346131449
-boi	0.324488248673	0.357088703563	0.081880212282	0.236542835481
-ĩpʉ	0.327137546468	0.50185873606	0.0	0.171003717472
-tĩa	0.0527419873896	0.746099476752	0.124852501222	0.0763060346369
-pia	0.0890718923646	0.296100694755	0.590535078599	0.0242923342812
-ãri	0.364624080651	0.408725957119	0.0874387679911	0.139211194239
-don	0.0	1.0	0.0	0.0
-ãre	0.145895685894	0.303086255962	0.0316911631846	0.519326894959
-upʉ	0.156290249369	0.761822281071	0.0451824465162	0.0367050230444
-̃cʉ	0.172993492408	0.726138828633	0.0748373101952	0.0260303687636
-hĩi	0.377784467188	0.342263696568	0.117399157134	0.162552679109
-íre	0.128703859725	0.0821278349819	0.014336856493	0.7748314488
-toa	0.127786738855	0.687241561239	0.0827129418313	0.102258758074
-ũna	0.386634920635	0.204571428571	0.0455555555555	0.363238095238
-doa	0.0850202429149	0.34008097166	0.267206477733	0.307692307692
-rai	0.4336	0.46336	0.0576	0.0454400000001
-toi	0.273309979876	0.17974625493	0.0132403617064	0.533703403488
-oli	0.0168302945301	0.73492286115	0.0336605890603	0.214586255259
-saa	0.177492013147	0.657358247719	0.0972327564412	0.0679169826933
-tor	0.0835030549898	0.733197556008	0.183299389002	0.0
-tos	0.0391526955125	0.0999899608474	0.0316233309909	0.829234012649
-olo	0.0368196371398	0.940768409819	0.0	0.0224119530416
-ola	0.0	1.0	0.0	0.0
-sai	0.387986511447	0.522317682143	0.0292032858079	0.0604925206021
-ũnu	0.056338028169	0.582159624413	0.0281690140845	0.333333333333
-sam	0.0	1.0	0.0	0.0
-ʉha	0.672586339055	0.0882034972934	0.0165757088523	0.2226344548
-iel	0.138528993705	0.861471006295	0.0	0.0
-ien	0.0360617376949	0.377959065921	0.0461590242495	0.539820172135
-iea	0.236771389709	0.214610357297	0.214709882892	0.333908370102
-naí	0.0	1.0	0.0	0.0
-ʉho	0.340403028832	0.305500978911	0.0593041880564	0.2947918042
-loa	0.0413717475825	0.9342039677	0.0124613697538	0.0119629149636
-oce	0.012457668118	0.0471698113207	0.00145137880987	0.938921141751
-iez	0.0109529424601	0.024004019162	0.00325628019084	0.961786758187
-oca	0.486255521272	0.243560860334	0.0607316977603	0.209451920634
-̃dʉ	0.698608964451	0.301391035549	0.0	0.0
-apo	0.620847651776	0.262027491409	0.0724513172967	0.0446735395189
-ucã	0.433420365535	0.0704960835508	0.104438642298	0.391644908616
-pão	0.0275614095692	0.941965031926	0.00780039893469	0.0226731595702
-oco	0.0344881287783	0.953619413022	0.00713547491966	0.00475698327977
-doi	0.990704500978	0.00929549902152	0.0	0.0
-roi	0.186758559091	0.496292531323	0.100116902423	0.216832007164
-ĩni	0.132101078274	0.840064915266	0.0225322909432	0.00530171551602
-ʉga	0.542026482441	0.231997697179	0.037144502015	0.188831318365
-ipo	0.0189274447949	0.96214511041	0.00946372239747	0.00946372239749
-ión	0.0260869565217	0.973913043478	0.0	0.0
-ĩna	0.535055216342	0.386996312849	0.0506017194582	0.0273467513514
-ipa	0.0051604025114	0.985808893094	0.00903070439497	0.0
-ĩne	0.108309100443	0.705772989464	0.0176383658292	0.168279544263
-ipe	0.104698752263	0.518479618461	0.0734874286946	0.303334200581
-noé	0.0	1.0	0.0	0.0
-ewe	0.685714285714	0.136263736264	0.032967032967	0.145054945055
-urẽ	0.579964850615	0.365553602812	0.0544815465729	0.0
-htí	0.635135135135	0.283783783784	0.0810810810811	0.0
-raĩ	0.0	1.0	0.0	0.0
-rdo	0.0175182481752	0.6	0.382481751825	0.0
-hga	0.533366104073	0.211892665882	0.132774414958	0.121966815086
-boã	0.0	1.0	0.0	0.0
-ahã	0.143752682061	0.715684114079	0.0357221558553	0.104841048005
-ũno	0.431331628534	0.239842190962	0.0586261199721	0.270200060531
-awe	0.399850523169	0.408632286996	0.0850149476831	0.106502242153
-azĩ	0.0	1.0	0.0	0.0
-hĩa	0.16642936853	0.776106001719	0.0363002013827	0.021164428368
-ose	0.146321638095	0.706783209395	0.0535934127773	0.0933017397322
-ãea	0.469512195122	0.274390243902	0.0548780487805	0.201219512195
-ahu	0.247757615603	0.155858157196	0.00762633863945	0.588757888562
-ʉpʉ	0.109506625934	0.707358645346	0.021880658685	0.161254070035
-ópʉ	0.167292981805	0.111381359079	0.0150977843793	0.706227874737
-sto	0.0588818426558	0.864543282376	0.00314872227043	0.0734261526981
-̃ri	0.139820393316	0.803057860634	0.0122200750256	0.0449016710242
-eco	0.306582506763	0.430117222723	0.09738503156	0.165915238954
-íro	0.176493972511	0.182298628424	0.271830491721	0.369376907344
-sta	0.0	0.858203916273	0.101282916948	0.0405131667792
-ãcʉ	0.511132075472	0.0971698113207	0.0418867924529	0.349811320755
-cui	0.360377558596	0.235868066603	0.296956198961	0.10679817584
-loé	0.0201005025126	0.91959798995	0.0	0.0603015075377
-cue	0.289575289575	0.149077649078	0.0347490347491	0.526598026598
-ayʉ	0.0437388077202	0.1996723934	0.611804805168	0.144783993711
-ucu	0.491010616542	0.217790265503	0.140101601076	0.151097516879
-uco	0.0	0.836363636364	0.163636363636	0.0
-apu	0.0272283272283	0.910256410256	0.00415140415141	0.0583638583639
-ocã	0.202661273916	0.304814092917	0.152022073002	0.340502560165
-ʉhõ	0.0718562874252	0.563872255489	0.334331337325	0.0299401197605
-eya	0.213041446973	0.772008276046	0.0149502769806	0.0
-hya	0.275542134247	0.391056328339	0.163214717029	0.170186820385
-uca	0.0895942535429	0.685789167152	0.123665307707	0.100951271598
-mue	0.0	1.0	0.0	0.0
-ioi	0.159362549801	0.349269588313	0.00531208499335	0.486055776893
-oba	0.0	1.0	0.0	0.0
-mua	0.535947712418	0.18954248366	0.0915032679739	0.183006535948
-lea	0.00186554733827	0.980944766473	0.0171896861883	0.0
-ioa	0.129770992366	0.447837150127	0.165394402035	0.256997455471
-mui	0.0861244019139	0.684210526316	0.172248803828	0.0574162679426
-ʉjʉ	0.0981894150418	0.557103064067	0.323816155989	0.0208913649025
-leg	0.0	1.0	0.0	0.0
-hri	0.116941957782	0.239667224407	0.0137984907748	0.629592327036
-sʉi	0.604678031129	0.192810742469	0.00544971007542	0.197061516327
-sʉo	0.125874125874	0.874125874126	0.0	0.0
-sõi	0.641997593261	0.237665463297	0.0	0.120336943442
-hra	0.176546478206	0.587042560746	0.0457618271051	0.190649133943
-sʉa	0.364012124552	0.132411132543	0.061890327914	0.44168641499
-hre	0.454426180903	0.256240496181	0.0772183163352	0.21211500658
-sõa	0.529610829103	0.362098138748	0.108291032149	0.0
-õha	0.551263346755	0.341772151899	0.0232746831634	0.0836898181832
-eel	0.0	1.0	0.0	0.0
-rra	0.00478697941599	0.989468645285	0.00574437529918	0.0
-ñʉa	0.457392496309	0.102082865214	0.0299268930761	0.410597745402
-rẽa	0.693507994606	0.156231939896	0.0173376998652	0.132922365633
-tju	0.386455697862	0.23470498014	0.0169107140516	0.361928607947
-ñʉi	0.750440311651	0.0794650586584	0.034030866593	0.136063763097
-úre	0.274193548387	0.39247311828	0.0322580645161	0.301075268817
-gio	0.0661157024793	0.917355371901	0.0165289256199	0.0
-alo	0.167562573492	0.701131082367	0.0960300128786	0.0352763312615
-udá	0.145228215768	0.792531120332	0.0	0.0622406639004
-dos	0.132222222222	0.121111111111	0.0366666666667	0.71
-ndo	0.0	1.0	0.0	0.0
-ẽri	0.359682487184	0.469158260294	0.151314701505	0.019844551017
-tja	0.452589648103	0.29148130786	0.0484020426587	0.207527001378
-gia	0.0	0.880794701987	0.119205298013	0.0
-pjʉ	0.649087221095	0.172413793103	0.105476673428	0.0730223123732
-ñia	0.078059979911	0.00473525613431	0.917204763955	0.0
-fat	0.0	1.0	0.0	0.0
-osé	0.0277052800642	0.949708893796	0.00331258783377	0.0192732383056
-bia	0.218005950941	0.44639700943	0.225493024003	0.110104015627
-yoi	0.565672274848	0.304255619963	0.0	0.130072105189
-abá	0.0	0.937150837989	0.0544692737431	0.00837988826818
-ãpʉ	0.272402453939	0.544329941266	0.0852622990701	0.0980053057246
-yoa	0.102334708365	0.0413168707339	0.0079369597469	0.848411461154
-abé	0.0193997489444	0.957434668493	0.0135798242611	0.00958575830195
-ʉdu	0.681887366819	0.10197869102	0.0319634703196	0.184170471842
-ãna	0.416851847609	0.332065702962	0.0652906004444	0.185791848984
-pea	0.287237264183	0.569379640638	0.10098645102	0.0423966441598
-rie	0.171403962102	0.714900947459	0.0516795865633	0.062015503876
-cho	0.100985936209	0.622576945057	0.0397147592773	0.236722359457
-iyu	0.106710671067	0.808580858086	0.03300330033	0.051705170517
-cha	0.151089587539	0.754580282967	0.0280094384976	0.0663206909966
-loi	0.0	0.98	0.02	0.0
-che	0.189860008491	0.243006867329	0.435642019969	0.131491104212
-oré	0.0533333333333	0.92	0.0266666666667	0.0
-elo	0.05	0.95	0.0	0.0
-ogo	0.0	1.0	0.0	0.0
-oga	0.52843573565	0.30089020238	0.0423762469383	0.128297815032
-ela	0.0	0.929601072746	0.0703989272545	0.0
-quẽ	0.0444444444445	0.955555555556	0.0	0.0
-chu	0.41845679607	0.163568057027	0.0277429920046	0.390232154898
-acʉ	0.0970391640699	0.545233051467	0.0099678170784	0.347759967385
-ele	0.0754716981132	0.924528301887	0.0	0.0
-ʉhi	0.770379842891	0.10112952686	0.0263700866926	0.102120543556
-hcʉ	0.502740303541	0.45931703204	0.0189713322091	0.0189713322091
-ãai	0.422950819672	0.311475409836	0.0590163934426	0.206557377049
-itu	0.218351908864	0.688777259711	0.0162884958892	0.0765823355356
-esu	0.0204671353737	0.593724814678	0.00384094957541	0.381967100373
-ito	0.104936687468	0.819482608614	0.0223455994191	0.0532351044986
-esi	0.415356293626	0.431234179643	0.0575285725244	0.0958809542072
-tes	0.0	0.957446808511	0.0425531914894	0.0
-eso	0.0275650842267	0.930168453292	0.00367534456355	0.0385911179173
-iti	0.262824412284	0.219638048198	0.0438459551541	0.473691584364
-esa	0.0656158357771	0.902920332356	0.0109970674487	0.0204667644184
-ite	0.277758456794	0.336301036378	0.0151167373815	0.370823769447
-mía	0.0768472906404	0.887684729064	0.0118226600985	0.023645320197
-ese	0.304449439624	0.345939016785	0.0367104185228	0.312901125069
-ita	0.586148973353	0.150686185799	0.0678361531639	0.195328687684
-ʉro	0.209881632267	0.409585620886	0.0914318426704	0.289100904176
-ʉri	0.314958080045	0.45500026604	0.0435636625848	0.18647799133
-ʉdʉ	0.120805369127	0.315436241611	0.241610738255	0.322147651007
-fté	0.0	1.0	0.0	0.0
-ʉre	0.143795039302	0.187394271797	0.0162916137662	0.652519075135
-ʉra	0.462616200445	0.26054722024	0.0360953455931	0.240741233721
-spo	0.0333333333333	0.933333333333	0.0333333333333	0.0
-bra	0.472566371681	0.522123893805	0.00530973451327	0.0
-uda	0.0523982265216	0.930639527072	0.0	0.016962246406
-bre	0.0461183704842	0.861644888547	0.0691775557264	0.0230591852421
-ulõ	0.0	0.978761061947	0.0212389380531	0.0
-deõ	0.0	1.0	0.0	0.0
-roa	0.326834127944	0.578524158543	0.0583505301359	0.0362911833772
-pjĩ	0.0586718819451	0.927993599431	0.00266690372477	0.0106676148991
-hum	0.0	1.0	0.0	0.0
-rim	0.0	1.0	0.0	0.0
-hui	0.412780555278	0.176226965192	0.0228011198699	0.38819135966
-hua	0.414463194966	0.330055721526	0.0489466613963	0.206534422112
-pai	0.082109865413	0.294079568295	0.0221938888555	0.601616677436
-abe	0.0531738118976	0.87845985852	0.0156672838627	0.05269904572
-gad	0.0	1.0	0.0	0.0
-aba	0.146764972724	0.346926564853	0.16623301264	0.340075449782
-rom	0.0	1.0	0.0	0.0
-njo	0.0414050135294	0.887447213531	0.0159726932586	0.0551750796811
-abo	0.0466074138305	0.875352265337	0.0390201604162	0.0390201604162
-abi	0.434762456547	0.166164542294	0.262804171495	0.136268829664
-aea	0.478319344588	0.244033317681	0.118718171995	0.158929165736
-tua	0.2349287609	0.339618074411	0.0895974751826	0.335855689507
-nʉi	0.167616875713	0.518814139111	0.286202964652	0.0273660205245
-tui	0.554134091448	0.152807391613	0.0604122245913	0.232646292348
-orẽ	0.441860465116	0.449612403101	0.0775193798449	0.031007751938
-nʉo	0.699410609037	0.190569744597	0.0294695481336	0.0805500982318
-ãwe	0.750348189415	0.213091922005	0.0	0.0365598885794
-ufo	0.0	0.977528089888	0.0224719101124	0.0
-los	0.325471698113	0.405660377358	0.240566037736	0.0283018867925
-ori	0.264055792262	0.508681616956	0.0871441204841	0.140118470298
-oãa	0.251677852349	0.500958772771	0.179769894535	0.0675934803451
-oro	0.115903340421	0.473214461869	0.0711635606037	0.339718637107
-ũcʉ	0.503382755146	0.215920541241	0.0647761623722	0.215920541241
-elí	0.0321199143469	0.942184154176	0.0	0.0256959314775
-oão	0.0386835199081	0.8981834584	0.0199901586911	0.0431428630008
-ora	0.41122170139	0.338421645085	0.0350142833255	0.2153423702
-soa	0.129977411333	0.774483636747	0.068876918826	0.026662033094
-chõ	0.302788844622	0.589641434263	0.107569721116	0.0
-ser	0.0	1.0	0.0	0.0
-ore	0.16089569181	0.337877291799	0.0340165734802	0.467210442911
-ʉnʉ	0.657014992168	0.0995300962184	0.0121727455807	0.231282166033
-jʉi	0.0789473684211	0.921052631579	0.0	0.0
-pjã	0.640161725067	0.265498652291	0.0619946091645	0.0323450134771
-íso	0.0933997509339	0.6600249066	0.082191780822	0.164383561644
-õsi	0.502732240437	0.185792349727	0.24043715847	0.0710382513661
-rut	0.0	1.0	0.0	0.0
-jʉa	0.322749551383	0.388403817482	0.193855960575	0.0949906705592
-ico	0.263654891304	0.542255434783	0.0641983695652	0.129891304348
-ʉmʉ	0.145903010731	0.549977330707	0.0361673891051	0.267952269457
-lio	0.0569285083848	0.922330097087	0.00132391879965	0.0194174757282
-omo	0.0	1.0	0.0	0.0
-sué	0.0701754385965	0.897435897436	0.0	0.0323886639676
-lie	0.138666666667	0.84	0.0213333333333	0.0
-ice	0.0466273787827	0.943334782729	0.0100378384879	0.0
-rua	0.054249256026	0.746206345732	0.0197662782049	0.179778120037
-lia	0.0158329508949	0.974529600734	0.00275355667738	0.00688389169344
-ica	0.337019998544	0.280520150535	0.0929144528122	0.289545398109
-diã	0.0526315789474	0.868421052632	0.0789473684211	0.0
-ĩno	0.156180394776	0.662142198096	0.0803418151372	0.101335591991
-asõ	0.00996677740864	0.980066445183	0.0	0.00996677740863
-eaa	0.0363636363637	0.890909090909	0.0363636363636	0.0363636363636
-oda	0.0	1.0	0.0	0.0
-avi	0.00220231767717	0.969317710543	0.00350368721369	0.0249762845662
-boa	0.37075246799	0.23677540329	0.0720124490572	0.320459679663
-rna	0.319916361735	0.664849525801	0.0	0.0152341124636
-ére	0.0910493827161	0.893518518518	0.00925925925926	0.00617283950617
-eai	0.0419161676646	0.958083832335	0.0	0.0
-zer	0.0	1.0	0.0	0.0
-ihã	0.0797468354431	0.873734177215	0.0132911392405	0.0332278481012
-hno	0.395324186511	0.283864765726	0.226110209213	0.0947008385493
-apʉ	0.20347061983	0.399639764764	0.0215237444568	0.375365870948
-hni	0.615708570225	0.25815961255	0.082964834702	0.0431669825226
-uro	0.383135154	0.234406937988	0.0603117726331	0.322146135379
-hne	0.0134637761957	0.0120586087406	0.00468046761329	0.96979714745
-rge	0.0909090909091	0.909090909091	0.0	0.0
-ehe	0.0116661408322	0.00581562281179	0.00268735953036	0.979830876826
-hna	0.289348218007	0.471810933057	0.0458157488099	0.193025100127
-ure	0.168151008873	0.367089763091	0.012993253714	0.451765974323
-eha	0.586154417223	0.230011135857	0.082637342242	0.101197104677
-hrĩ	0.145772594752	0.555393586006	0.15306122449	0.145772594752
-nco	0.00343272993569	0.00823855184568	0.0346705723505	0.953658145868
-ihõ	0.41961425748	0.441014107545	0.0361207660328	0.103250868943
-hnu	0.195266272189	0.520710059172	0.14201183432	0.142011834319
-anʉ	0.307851906336	0.566124146928	0.0897152552017	0.036308691534
-uru	0.0558076941271	0.687308958304	0.238514643673	0.0183687038955
-ãyu	0.476112026359	0.0593080724877	0.0	0.464579901153
-áre	0.501686599203	0.429316160687	0.0229990800368	0.0459981600736
-apa	0.2667547844	0.427669826837	0.0612898384623	0.244285550301
-mes	0.0	0.838565022421	0.161434977579	0.0
-cõi	0.876404494382	0.0	0.0674157303371	0.0561797752809
-efã	0.0	1.0	0.0	0.0
-paa	0.38980844337	0.342384229124	0.198995722522	0.0688116049842
-ẽno	0.468085106383	0.521276595745	0.0106382978723	0.0
-ẽni	0.0952380952381	0.724867724868	0.116402116402	0.0634920634921
-cõa	0.324324324324	0.513513513514	0.0972972972973	0.0648648648649
-dua	0.336077178888	0.362187613184	0.162721016759	0.139014191169
-eda	0.0	0.593495934959	0.406504065041	0.0
-waa	0.412009120851	0.354395743603	0.15910818343	0.0744869521156
-ári	0.0754712456233	0.909420116073	0.00215837690057	0.0129502614035
-dui	0.389344262295	0.524590163934	0.0491803278688	0.0368852459016
-wai	0.0892663043478	0.845516304348	0.0285326086957	0.0366847826087
-pji	0.481347379394	0.242535398125	0.0584572498045	0.217659972677
-rpʉ	0.103380158033	0.576163301141	0.238147497805	0.0823090430202
-ʉsʉ	0.364508393285	0.0623501199041	0.498001598721	0.0751398880895
-pũa	0.201520912547	0.638783269962	0.114068441065	0.0456273764258
-pja	0.0858817258526	0.591616930586	0.0507646234809	0.271736720081
-liõ	0.0	1.0	0.0	0.0
-icó	0.0623330365093	0.937666963491	0.0	0.0
-sur	0.0299892895394	0.535166012139	0.174937522313	0.259907176009
-nua	0.012853470437	0.987146529563	0.0	0.0
-omé	0.0	1.0	0.0	0.0
-sui	0.17792252314	0.758998971546	0.0246828933836	0.03839561193
-icã	0.167850423949	0.51188052102	0.164088353735	0.156180701296
-sua	0.282920436503	0.462738476272	0.145416971194	0.108924116031
-ʉca	0.365824030229	0.226982181776	0.181710227893	0.225483560102
-año	0.791458477204	0.115638244574	0.0379141785487	0.0549890996737
-ãja	0.340790541324	0.483018430509	0.0591167265562	0.117074301611
-dia	0.18965872556	0.739095085319	0.0287724994528	0.0424736896684
-hpo	0.298196690835	0.641754973043	0.0304889384644	0.0295593976576
-idʉ	0.16052696787	0.79404476749	0.0231271165442	0.0223011480961
-ãta	0.238105304762	0.164894058874	0.10116523937	0.495835396993
-dão	0.0119496466613	0.97383439438	0.00370851103281	0.0105074479263
-ĩcʉ	0.312377210216	0.510805500982	0.0117878192534	0.165029469548
-dis	0.022644616757	0.977355383243	0.0	0.0
-añu	0.443298969072	0.40206185567	0.0	0.154639175258
-feo	0.0	0.957040572792	0.0	0.0429594272077
-rní	0.0	1.0	0.0	0.0
-uha	0.706046908568	0.0838970946488	0.0307483964066	0.179307600377
-sli	0.0	1.0	0.0	0.0
-ʉẽa	0.139528394028	0.186549462816	0.657178735873	0.0167434072834
-raõ	0.195741758242	0.783653846154	0.0206043956044	0.0
-lta	0.0	1.0	0.0	0.0
-eis	0.0464726230826	0.013627310528	0.355882455711	0.584017610678
-ihi	0.573195410813	0.209357155532	0.0475537634267	0.169893670229
-õpʉ	0.282123930951	0.196232750931	0.0136418489952	0.508001469122
-epʉ	0.133861323563	0.707331402592	0.0289337454609	0.129873528385
-afo	0.107382550336	0.872483221476	0.0201342281879	0.0
-hnʉ	0.529049295775	0.272887323944	0.145246478873	0.0528169014084
-efe	0.535955746773	0.371850030731	0.0737553779964	0.0184388444991
-efa	0.34328358209	0.65671641791	0.0	0.0
-avo	0.0322580645161	0.806451612903	0.161290322581	0.0
-cʉ̃	0.0729357513627	0.0783686017256	0.0647176385332	0.783978008379
-ãsi	0.435731668678	0.155528889908	0.0399625182858	0.368776923129
-tie	0.100396301189	0.867899603699	0.0158520475561	0.0158520475562
-õpe	0.396907216495	0.422680412371	0.149484536083	0.0309278350516
-aia	0.230584264923	0.724066652605	0.0134992617591	0.0318498207129
-tia	0.115696905405	0.306336488698	0.0790502428953	0.498916363003
-tio	0.373540856031	0.416342412451	0.163424124514	0.0466926070039
-tii	0.437294282279	0.25917969135	0.0418826497428	0.261643376628
-ngo	0.00922367409686	0.829362029208	0.0184473481937	0.142966948501
-cãi	0.146668596517	0.23746803686	0.0957688039755	0.520094562648
-uwe	0.238216653311	0.3341589568	0.00145698258906	0.4261674073
-ema	0.217105263158	0.782894736842	0.0	0.0
-hma	0.153681923145	0.317975143468	0.25460037613	0.273742557257
-jiã	0.154761904762	0.428571428571	0.416666666667	0.0
-rĩa	0.257283588346	0.370153007755	0.102179836512	0.270383567386
-cãa	0.403376043416	0.223269694094	0.0727196953104	0.30063456718
-emo	0.0679611650485	0.844660194175	0.0116504854369	0.0757281553398
-hmo	0.0719475041012	0.843684087181	0.0492149050856	0.0351535036325
-htã	0.41437921266	0.576047670216	0.00957311712414	0.0
-hmi	0.174394319131	0.607003620162	0.185185185185	0.0334168755221
-rĩi	0.346153846154	0.269230769231	0.0	0.384615384615
-acã	0.229859835008	0.333158697267	0.156182312234	0.280799155491
-doc	0.0	1.0	0.0	0.0
-jaa	0.220027072758	0.103776649746	0.0381387478849	0.638057529611
-íri	0.04	0.39	0.3	0.27
-oni	0.0	0.833333333333	0.0	0.166666666667
-ũca	0.331839622642	0.404009433962	0.155188679245	0.108962264151
-jai	0.540495867769	0.220385674931	0.101928374656	0.137190082645
-oho	0.285570999007	0.232906917225	0.105707399663	0.375814684105
-cio	0.0868310065631	0.885146259501	0.0280227339363	0.0
-dam	0.0	1.0	0.0	0.0
-cia	0.0155783891283	0.940669539277	0.0427577063308	0.000994365263507
