-mua	0.430862701598	0.179745596578	0.0588396100684	0.330552091756
-lem	0.0111395589094	0.972600278489	0.00705205947088	0.00920810313075
-oya	0.0	0.451612903226	0.548387096774	0.0
-nsu	0.376436781609	0.330459770115	0.206896551724	0.0862068965518
-aum	0.0216038081289	0.950933723911	0.00549249359209	0.0219699743684
-aul	0.363400307855	0.496546124211	0.0822942497714	0.0577593181626
-aun	0.0368850171326	0.577776923184	0.00588861355344	0.37944944613
-nti	0.042075441561	0.298742640651	0.156280211512	0.502901706276
-pus	0.143677161245	0.722386502	0.133936336754	0.0
-nta	0.184653124169	0.319728259705	0.0346604947216	0.460958121404
-ual	0.392400070991	0.559878527341	0.0112796040307	0.0364417976376
-uan	0.569520415005	0.393425556693	0.0222324169813	0.0148216113209
-aki	0.413856115558	0.520803484943	0.0426114787271	0.0227289207713
-opo	0.0277777777778	0.861111111111	0.0833333333333	0.0277777777778
-opa	0.0281602002503	0.964330413016	0.00375469336671	0.00375469336671
-lgu	0.117612176319	0.749950583119	0.053370231271	0.0790670092903
-imu	0.250265059053	0.568105793492	0.0906132110363	0.0910159364187
-den	0.409125652317	0.36238140207	0.146481609514	0.0820113360995
-ima	0.19943971176	0.645519034287	0.055548582511	0.0994926714422
-oko	0.043203877032	0.933363511696	0.00351489169075	0.0199177195809
-lge	0.137678689363	0.359839365986	0.0521954025437	0.450286542108
-ime	0.235901179211	0.3813431217	0.0888343876272	0.293921311462
-aka	0.0298876636092	0.954653200041	0.00556528908585	0.00989384726375
-lga	0.381771270702	0.241215383888	0.0715761726288	0.305437172782
-imi	0.0701318080079	0.828649589654	0.0810743596121	0.0201442427257
-lgo	0.228451572121	0.571007368835	0.0775120124833	0.12302904656
-imo	0.344429680349	0.207797906693	0.132696811435	0.315075601523
-lgi	0.36426040744	0.536093888397	0.0365367581931	0.0631089459698
-yma	0.310810810811	0.689189189189	0.0	0.0
-obi	0.128674050619	0.0452319058585	0.0113537749487	0.814740268573
-obo	0.0215767634855	0.960165975104	0.00640189685833	0.0118553645525
-pay	0.298192771084	0.46234939759	0.167168674699	0.0722891566265
-ide	0.565010956903	0.21776844412	0.135317750183	0.0819028487948
-obe	0.255203920665	0.0510246958114	0.0205291543703	0.673242229153
-bia	0.184308773879	0.514205553226	0.202854258193	0.0986314147009
-bin	0.287632540525	0.418723073638	0.148856802839	0.144787582998
-bil	0.13414404187	0.408809260209	0.284027819961	0.17301887796
-rie	0.0368752906287	0.606663566628	0.242420892096	0.114040250648
-ria	0.171430289869	0.577282123197	0.049635803622	0.201651783312
-rin	0.389692916795	0.407343908783	0.0559889868773	0.146974187544
-rio	0.008629616845	0.987918536417	0.0	0.003451846738
-ril	0.235269296096	0.347430792198	0.378099591154	0.0392003205526
-rim	0.230166585583	0.611300307001	0.077505074737	0.0810280326796
-eru	0.241379310345	0.0	0.724137931035	0.0344827586207
-ris	0.0367534456355	0.90045941807	0.0321592649311	0.0306278713629
-utu	0.0	1.0	0.0	0.0
-ten	0.424742268041	0.342268041237	0.0742268041238	0.158762886598
-are	0.247004888907	0.369377903039	0.0458580190012	0.337759189053
-pas	0.0405262452136	0.921927380544	0.0125154580807	0.0250309161613
-ara	0.0815705554768	0.0811903988348	0.0520566570615	0.785182388627
-mes	0.263736263736	0.736263736264	0.0	0.0
-nil	0.293425275898	0.567568927192	0.0194395636368	0.119566233273
-aro	0.351764847609	0.350259004939	0.156426936514	0.141549210938
-ari	0.179063504911	0.714293461759	0.0741488837903	0.0324941495398
-aru	0.502175423202	0.398943365873	0.035464882454	0.0634163284706
-mea	0.12	0.82	0.03	0.03
-mel	0.158375634518	0.583756345178	0.222335025381	0.0355329949238
-men	0.0790513833992	0.889328063241	0.0	0.0316205533597
-aye	0.470983720549	0.338894410605	0.0604933219054	0.12962854694
-nwa	0.439943985107	0.258963122746	0.0618131581589	0.239279733988
-aya	0.285099940697	0.407592995725	0.0459758085772	0.261331255001
-nwe	0.316837760077	0.281135337963	0.0822599551777	0.319766946782
-ayo	0.240372260892	0.37936869293	0.0828479283587	0.297411117819
-ero	0.420242245976	0.287649573895	0.0482916429666	0.243816537162
-kia	0.40972177184	0.373348898545	0.111226408976	0.105702920639
-tyu	0.0496828752643	0.943974630021	0.0063424947146	0.0
-gin	0.202764946679	0.452868563824	0.041241338599	0.303125150898
-uba	0.340346120624	0.611515326542	0.0269791729256	0.0211593799088
-ube	0.563037249284	0.436962750716	0.0	0.0
-ota	0.0	0.978647686833	0.0213523131673	0.0
-oti	0.0301078589232	0.843571475836	0.00335267000463	0.122967995236
-iga	0.309080880587	0.187406789431	0.100124718044	0.403387611938
-oto	0.00918484500574	0.897129735936	0.0936854190586	0.0
-ume	0.0807097118463	0.719945875896	0.0506937033084	0.14865070895
-uma	0.250950570342	0.695817490494	0.0532319391635	0.0
ALL	0.237457341399	0.298332277127	0.0567487803709	0.407461601104
-nai	0.264780887257	0.490650110327	0.142245252946	0.102323749471
-nan	0.178196092766	0.451503489278	0.0876199466443	0.282680471312
-nal	0.256848211408	0.453432162423	0.224621334193	0.0650982919755
-nam	0.398202875747	0.2988436117	0.115782584026	0.187170928527
-sis	0.0	1.0	0.0	0.0
-naa	0.487210454439	0.121393546105	0.0880324326828	0.303363566774
-kio	0.44138302136	0.284468289893	0.0636888051809	0.210459883567
-kin	0.345429846691	0.589365418203	0.0419173297109	0.0232874053949
-kim	0.422788419547	0.46032812995	0.0693808174135	0.0475026330887
-kis	0.0157326179946	0.93453200899	0.00609004567534	0.04364532734
-nay	0.693290734824	0.191693290735	0.038338658147	0.0766773162939
-sio	0.0343120110944	0.934495251547	0.0311927373585	0.0
-sin	0.177046473874	0.70946812316	0.0936081226097	0.0198772803566
-sim	0.55249745158	0.124362895005	0.085626911315	0.2375127421
-nas	0.0321951219512	0.924390243902	0.0331707317074	0.010243902439
-sia	0.0466095819178	0.839419676905	0.0776918810234	0.0362788601539
-mos	0.0264317180617	0.964757709251	0.00881057268722	0.0
-gol	0.0	0.67058306797	0.32941693203	0.0
-gon	0.0	1.0	0.0	0.0
-god	0.0270111733379	0.843647300848	0.014661214807	0.114680311007
-mon	0.00619763571674	0.992884196029	0.000918168254332	0.0
-moi	0.0460705856475	0.843518872887	0.0188192843228	0.0915912571426
-yau	0.182097816057	0.756997846816	0.0313749615503	0.0295293755767
-yas	0.00906344410876	0.990936555891	0.0	0.0
-yaa	0.415835414841	0.202034170737	0.0650161481734	0.317114266249
-beo	0.0	1.0	0.0	0.0
-lpa	0.119820269596	0.764353469795	0.10384423365	0.0119820269596
-yam	0.0	1.0	0.0	0.0
-yal	0.0240722052114	0.263979254278	0.00507927514027	0.70686926537
-yan	0.0336937485723	0.772430772355	0.0170689611412	0.176806517932
-iso	0.12118491921	0.760771992819	0.0316427289049	0.0864003590664
-uga	0.453827160494	0.136296296296	0.0162962962963	0.393580246914
-rel	0.0390853935367	0.915563993561	0.0114738536464	0.0338767592554
-isa	0.113589911295	0.814209213915	0.0544955647304	0.0177053100601
-res	0.018927444795	0.943217665615	0.0378548895899	0.0
-ret	0.024868218474	0.0580926162282	0.0764933808758	0.840545784422
-oas	0.0137299771167	0.986270022883	0.0	0.0
-mas	0.0317176680813	0.949519767702	0.0107214652669	0.00804109895018
-mai	0.0898364975744	0.456189734683	0.269509492723	0.184464275019
-mam	0.0	1.0	0.0	0.0
-man	0.154356481981	0.655056627478	0.049921900306	0.140664990235
-maa	0.482283016833	0.116244672818	0.18739464234	0.21407766801
-uno	0.339689383292	0.578904742622	0.017269717253	0.0641361568328
-uni	0.705882352941	0.196078431372	0.0980392156862	0.0
-une	0.574196996119	0.231872644428	0.0805816504472	0.113348709006
-una	0.068560172442	0.137645076346	0.0146562315368	0.779138519675
-nka	0.121396054628	0.878603945372	0.0	0.0
-nki	0.0171814957139	0.977313035767	0.0	0.00550546851907
-pti	0.00636334712058	0.447555414148	0.0	0.546081238732
-wna	0.316223474676	0.0767863221999	0.0151303097931	0.591859893331
-ada	0.0	1.0	0.0	0.0
-gan	0.153351950732	0.498358433613	0.218889834793	0.129399780862
-gal	0.18590820657	0.503963581298	0.120752359646	0.189375852485
-gai	0.303213503155	0.392923018336	0.0828718577754	0.220991620734
-adi	0.581632653061	0.360969387755	0.0267857142857	0.030612244898
-gaw	0.416666666667	0.537878787879	0.0454545454545	0.0
-iko	0.0197954470472	0.96634774002	0.00890795117123	0.00494886176178
-adu	0.5	0.25	0.0294117647059	0.220588235294
-gas	0.053651266766	0.919523099851	0.026825633383	0.0
-ben	0.153869508456	0.809150803048	0.0127516167228	0.0242280717734
-gay	0.0927418100364	0.420371465016	0.43695361354	0.0499331114084
-ini	0.0289656671665	0.0574073936566	0.00391731100732	0.90970962817
-sem	0.0	1.0	0.0	0.0
-sel	0.0512820512821	0.883291480893	0.0524863766037	0.0129400912212
-bel	0.0634184068059	0.913379737046	0.0	0.0232018561485
-ino	0.516387648649	0.246702220983	0.061488528365	0.175421602003
-ina	0.341198851332	0.266577707435	0.0494504129382	0.342773028295
-lba	0.294988081624	0.311152265068	0.111531571427	0.282328081882
-ine	0.413239822773	0.319841802017	0.0819297323998	0.18498864281
-sea	0.296296296296	0.703703703704	0.0	0.0
-aap	0.0421348314606	0.834269662921	0.123595505618	0.0
-uin	0.144680851064	0.707234042553	0.137872340426	0.0102127659574
-eda	0.0	0.95652173913	0.0	0.0434782608696
-kus	0.152542372881	0.847457627119	0.0	0.0
-aal	0.380949422885	0.396392128739	0.12529607488	0.0973623734954
-iam	0.0563991323211	0.889370932755	0.0498915401302	0.00433839479392
-edi	0.00409836065572	0.925204918033	0.0	0.0706967213115
-nes	0.432432432432	0.22972972973	0.0675675675676	0.27027027027
-nen	0.0804924285584	0.691131347616	0.024021428401	0.204354795425
-gwi	0.256911791713	0.594358484768	0.0636753252866	0.0850543982326
-law	0.0	1.0	0.0	0.0
-ias	0.0343618772777	0.940386998909	0.0166490926244	0.0086020311893
-kun	0.550888813499	0.153764381926	0.183951277981	0.111395526594
-kul	0.366139769495	0.376228041878	0.16613390422	0.0914982844072
-ban	0.0343467802553	0.921103847423	0.034438160538	0.0101112117834
-uul	0.449666654226	0.424621442946	0.0484620039647	0.0772498988637
-eka	0.0872246696035	0.881057268722	0.031718061674	0.0
-uun	0.135765418581	0.619696859442	0.179240330881	0.0652973910955
-eke	0.0696428770488	0.741228917632	0.116169000791	0.0729592045273
-bai	0.0709544518196	0.893339436942	0.0178530556192	0.0178530556191
-eki	0.14645632211	0.705988540931	0.116945294718	0.0306098422416
-eko	0.299140980293	0.320111167256	0.0573521980798	0.323395654371
-baa	0.113020543684	0.407459818405	0.470797795312	0.00872184259937
-ila	0.17337608586	0.353326799935	0.037582896452	0.435714217752
-bau	0.121212121212	0.666666666667	0.0606060606061	0.151515151515
-bas	0.0225502255022	0.963099630996	0.010250102501	0.00410004100041
-isi	0.0688012408598	0.905273653889	0.0219366275205	0.003988477731
-asa	0.01317233809	0.967069154775	0.0	0.019758507135
-aso	0.145454545455	0.781818181818	0.0727272727273	0.0
-asi	0.00751336512064	0.973703222078	0.0023840485479	0.0163993642537
-mba	0.272785916154	0.15964146034	0.0740064734506	0.493566150056
-asu	0.473131727319	0.166273705792	0.0545771399282	0.306017426961
-yen	0.0	0.932203389831	0.0677966101695	0.0
-iwa	0.536452978798	0.131600672949	0.0408961916217	0.291050156631
-mbi	0.456310679612	0.310679611651	0.0582524271844	0.174757281553
-lta	0.0666666666667	0.833333333333	0.0666666666667	0.0333333333333
-ray	0.097844782195	0.089662054917	0.0233736905486	0.789119472339
-ras	0.0347483431847	0.93892172667	0.0107469102633	0.0155830198818
-ran	0.113312144378	0.171735659708	0.0660037526141	0.6489484433
-eri	0.290587984254	0.533749036499	0.0411689463683	0.134494032879
-ral	0.26899128269	0.383872976339	0.210149439601	0.13698630137
-ram	0.202635165834	0.71331213085	0.0431621990004	0.0408905043162
-iwe	0.396156480061	0.147252000181	0.0437118053689	0.412879714389
-rai	0.0527240773286	0.947275922671	0.0	0.0
-era	0.255699908262	0.641860261184	0.0318486590038	0.0705911715504
-ere	0.269187077479	0.0847965767072	0.0378584535438	0.60815789227
-raa	0.376108549131	0.459826179496	0.126818020575	0.0372472507982
-ugu	0.48464107682	0.369254069668	0.0471449634407	0.0989598900714
-ela	0.512423986732	0.375192760918	0.0632110331985	0.049172219151
-pos	0.0	1.0	0.0	0.0
-pol	0.287896442195	0.629204698631	0.0125198494886	0.0703790096851
-laa	0.289156336116	0.552772176205	0.0735122801661	0.0845592075135
-ika	0.00571428571428	0.977142857143	0.0	0.0171428571429
-lal	0.384653465347	0.235891089109	0.143316831683	0.236138613861
-lam	0.235372960373	0.576981351981	0.0999417249418	0.0877039627039
-lan	0.280774322393	0.531514295483	0.0875074913543	0.10020389077
-nos	0.0384615384615	0.961538461538	0.0	0.0
-lai	0.150397275823	0.66401816118	0.0743473325767	0.11123723042
-iki	0.0852413366337	0.388304455446	0.491800742574	0.0346534653465
-aam	0.732014388489	0.214028776978	0.0539568345324	0.0
-lau	0.314711715103	0.428452649142	0.04876377099	0.208071864765
-aan	0.280513563266	0.441804275804	0.0408234045678	0.236858756362
-nol	0.0953326713009	0.422045680238	0.0714995034757	0.411122144985
-non	0.491666666667	0.458333333333	0.0499999999999	0.0
-las	0.0471185129049	0.92061972979	0.0113469071893	0.020914850116
-noa	0.0125	0.983333333333	0.0	0.00416666666667
-lay	0.171974522293	0.751592356688	0.0	0.0764331210191
-gel	0.0290156874024	0.950123598819	0.00735403871428	0.0135066750644
-bol	0.0478225252408	0.909726630515	0.0200474219032	0.0224034223405
-boi	0.440677966102	0.429378531073	0.0677966101695	0.0621468926554
-don	0.0610270404366	0.927065244356	0.0	0.0119077152071
-dom	0.0104438642298	0.98955613577	0.0	0.0
-sas	0.0174654184714	0.956220017698	0.022821480136	0.00349308369429
-wra	0.528216704289	0.223476297968	0.200902934537	0.0474040632054
-toa	0.321530008108	0.480605371517	0.0247330775468	0.173131542828
-ton	0.636363636364	0.363636363636	0.0	0.0
-tol	0.476303317536	0.31990521327	0.189573459716	0.0142180094787
-tom	0.592054677488	0.280222127296	0.0260572404955	0.10166595472
-mpa	0.212121212121	0.787878787879	0.0	0.0
-oli	0.262304574407	0.392781316348	0.143215595445	0.2016985138
-saa	0.462962962963	0.148148148148	0.111111111111	0.277777777778
-ibi	0.216254108627	0.522902098045	0.20962842406	0.0512153692678
-ibe	0.388740255268	0.238863070067	0.0413518957557	0.331044778909
-ole	0.097266805655	0.0600906055454	0.0402632617979	0.802379327002
-sam	0.135948295075	0.769333630488	0.0646311566748	0.0300869177624
-lon	0.0608771275935	0.797200480391	0.0611670186773	0.0807553733383
-iel	0.0312149831919	0.963982711702	0.00480230510645	0.0
-ros	0.0	0.964285714286	0.0357142857143	0.0
-rom	0.0598128210541	0.672524804729	0.231422841461	0.0362395327563
-ron	0.0131868131868	0.973626373626	0.0131868131868	0.0
-los	0.0877274848343	0.852076528231	0.00839944003733	0.0517965468969
-ipi	0.00549982176503	0.959362428069	0.0322859907318	0.00285175943372
-ipo	0.0815217391304	0.896739130435	0.00543478260871	0.0163043478261
-win	0.293786054265	0.500318045228	0.114759492005	0.0911364085017
-ipa	0.125467386789	0.850851682592	0.0174491067719	0.00623182384712
-ipe	0.14903855542	0.817315099077	0.0112345613989	0.022411784104
-oke	0.0	0.988095238095	0.0119047619048	0.0
-ewa	0.157745336577	0.717153284672	0.104420113544	0.0206812652068
-awi	0.22457004333	0.72331978087	0.0414209089694	0.0106892668308
-awo	0.477432712215	0.183022774327	0.125051759834	0.214492753623
-awn	0.248505805493	0.418403557733	0.116097397755	0.216993239019
-awl	0.363096571813	0.567936365673	0.053641048622	0.015326013892
-awa	0.489619915075	0.236596698518	0.0499488513047	0.223834535102
-wre	0.57	0.283636363636	0.107272727273	0.0390909090909
-awe	0.375798073033	0.415584530453	0.086027792377	0.122589604137
-nge	0.0842848325876	0.861132541274	0.020058632927	0.0345239932109
-sti	0.0715409117752	0.149385122379	0.0354422865676	0.743631679279
-sta	0.0	1.0	0.0	0.0
-ain	0.186779340462	0.160805840763	0.0321306655238	0.620284153251
-eyo	0.550540958269	0.289747552808	0.0305684355143	0.129143053409
-eya	0.241728570764	0.100893148098	0.198248285861	0.459129995278
-mue	0.363475415074	0.254100535663	0.100845391452	0.281578657811
-oba	0.0406535542822	0.910562180579	0.0	0.0487842651386
-ois	0.0999999999999	0.883333333333	0.0166666666667	0.0
-ion	0.0728190338861	0.832011535689	0.0403749098775	0.0547945205479
-mun	0.367671461683	0.083341301493	0.110396330209	0.438590906615
-mui	0.308911345889	0.345046700352	0.12976573266	0.216276221099
-ola	0.150795423523	0.710570074206	0.0548978730797	0.0837366291912
-ida	0.0369003690037	0.963099630996	0.0	0.0
-iot	0.432822362489	0.5130748422	0.0541027953111	0.0
-ndu	0.281133083912	0.718866916088	0.0	0.0
-san	0.115465360392	0.607728792473	0.261643729103	0.0151621180313
-alo	0.273500643188	0.617460741244	0.0211159923303	0.0879226232373
-gil	0.268746789933	0.661145351823	0.0701078582434	0.0
-ali	0.10072570144	0.143001289473	0.0397616046608	0.716511404427
-nda	0.0826446280992	0.917355371901	0.0	0.0
-ale	0.346689789256	0.278139235536	0.0421218336127	0.333049141595
-nde	0.0	0.836363636364	0.0727272727273	0.0909090909091
-gia	0.179624664879	0.638069705094	0.150134048257	0.0321715817695
-ala	0.466703606063	0.192964093135	0.0569930679079	0.283339232895
-yos	0.0	1.0	0.0	0.0
-yon	0.0281390869079	0.940038826904	0.0143025164557	0.0175195697321
-lok	0.0587782520468	0.38772654118	0.323280386257	0.230214820516
-gwa	0.313217261108	0.138863662226	0.0504101381568	0.497508938509
-lsu	0.480700616283	0.194291274732	0.0940642231593	0.230943885825
-iyu	0.0	1.0	0.0	0.0
-pen	0.158490566038	0.796226415094	0.022641509434	0.022641509434
-loi	0.0	0.970297029703	0.00990099009901	0.019801980198
-ogu	0.0612320012738	0.825139537587	0.00284935727622	0.110779103863
-iyo	0.370734467882	0.472897173488	0.0776107012272	0.0787576574029
-eli	0.358300932827	0.360406325398	0.170536798266	0.110755943508
-ogo	0.323270151389	0.233187302372	0.174592379304	0.268950166935
-iye	0.238282598191	0.453855180507	0.241595913578	0.0662663077242
-lsi	0.0629771316317	0.933458125068	0.0035647432999	0.0
-iya	0.506600660066	0.141914191419	0.188118811881	0.163366336634
-ele	0.245706958237	0.586291044886	0.100149276377	0.0678527205008
-esu	0.00689435784026	0.698437627828	0.00358303402326	0.291084980308
-ito	0.0041100907663	0.981485837826	0.0027670820084	0.0116369893996
-esi	0.00696864111498	0.964285714286	0.0287456445993	0.0
-uta	0.0	1.0	0.0	0.0
-eso	0.0	1.0	0.0	0.0
-iti	0.00435455222598	0.990144960752	0.00160430871483	0.00389617830746
-esa	0.0	0.939332659252	0.0	0.0606673407482
-ita	0.0238817238518	0.902517018263	0.0421697271462	0.031431530739
-uda	0.0356327818919	0.766051274288	0.146074707559	0.0522412362605
-wou	0.549364349473	0.296456586421	0.0973762510143	0.0568028130917
-abe	0.104237636139	0.84785247458	0.0120157952807	0.0358940940004
-aba	0.026271703096	0.882046296436	0.0396451903106	0.0520368101575
-abo	0.0170975566467	0.939774004615	0.00834171448855	0.0347867242501
-kol	0.221864924657	0.333847207043	0.0416627347563	0.402625133543
-sop	0.109090909091	0.854545454545	0.0	0.0363636363636
-sos	0.036253776435	0.92749244713	0.0	0.036253776435
-som	0.0894687791239	0.608574091333	0.0	0.301957129543
-sol	0.0471387620766	0.906677991294	0.0242063913367	0.0219768552925
-son	0.0492813141683	0.950718685832	0.0	0.0
-kos	0.0731707317073	0.90243902439	0.0121951219512	0.0121951219512
-ora	0.166529446818	0.246795688419	0.206023495126	0.380651369636
-wol	0.144578313253	0.590361445783	0.0722891566265	0.192771084337
-wsi	0.280774550484	0.681881051176	0.0165975103734	0.0207468879668
-rus	0.107317073171	0.775609756098	0.0341463414634	0.0829268292683
-lis	0.0267005721551	0.851239669422	0.00381436745073	0.118245390973
-lim	0.395842489572	0.339686798825	0.021049709699	0.243421001904
-lin	0.185342838178	0.318307225036	0.0672180427112	0.429131894074
-lio	0.0	0.989743589744	0.0	0.0102564102564
-omo	0.374478732277	0.357798165138	0.100083402836	0.16763969975
-oma	0.319970839419	0.117351782219	0.181669162281	0.381008216081
-rua	0.309139784946	0.596774193548	0.0806451612903	0.013440860215
-lia	0.170617174982	0.193013545531	0.0474123355632	0.588956943924
-ome	0.351635138437	0.241309911138	0.0422062473477	0.364848703077
-eas	0.311594202899	0.630434782609	0.0	0.0579710144927
-oda	0.159325210872	0.812558575445	0.00937207122774	0.0187441424555
-gat	0.0	1.0	0.0	0.0
-odi	0.0401355102809	0.884110478521	0.0448172022773	0.0309368089211
-odo	0.0625	0.84375	0.03125	0.0625
-uri	0.241327300151	0.562594268477	0.141779788839	0.0542986425339
-lwe	0.374590470092	0.395816658663	0.107091403874	0.122501467371
-lwa	0.439196451883	0.261987204207	0.0444286368736	0.254387707037
-ura	0.243995546116	0.425141183991	0.146204260057	0.184659009836
-ure	0.417672714578	0.139107215987	0.0408267507774	0.402393318657
-uru	0.100432255567	0.217731592764	0.0724657064073	0.609370445262
-pai	0.268237828974	0.101138782632	0.0215600859033	0.60906330249
-apa	0.317391569572	0.500518514	0.136186177027	0.0459037394009
-duu	0.482363081819	0.205543031428	0.0696194138708	0.242474472881
-pan	0.0628810975609	0.937118902439	0.0	0.0
-pad	0.0	0.946808510638	0.0531914893617	0.0
-way	0.0981391791997	0.185317359164	0.459342340046	0.257201121591
-dua	0.371467025572	0.446837146703	0.165545087483	0.0161507402423
-waa	0.574190956885	0.080725158446	0.0445145562068	0.300569328462
-apu	0.656934306569	0.175182481752	0.109489051095	0.0583941605839
-wan	0.149963940715	0.795572469993	0.0263148992032	0.0281486900884
-wal	0.178846069298	0.308961319765	0.214389111287	0.29780349965
-wai	0.207404982085	0.210293370256	0.324502330016	0.257799317643
-sen	0.0129318816084	0.181400102197	0.00852953893322	0.797138477261
-ken	0.0	1.0	0.0	0.0
-kem	0.0322657743786	0.941443594646	0.0	0.0262906309751
-kel	0.190149253731	0.721940298507	0.0628358208955	0.0250746268657
-sus	0.0703125	0.90625	0.01171875	0.01171875
-sup	0.0	1.0	0.0	0.0
-wla	0.279792746114	0.424870466321	0.295336787565	0.0
-ket	0.123094958968	0.806565064478	0.0	0.0703399765533
-wle	0.201277400234	0.127809815792	0.139742849224	0.53116993475
-sui	0.0967121780765	0.122821892796	0.0254451654987	0.755020763628
-wli	0.853107982799	0.0320346957163	0.00436060638697	0.110496715097
-nuu	0.30654616512	0.439423546654	0.161211529067	0.0928187591598
-sua	0.379784688995	0.411445873206	0.165781997608	0.0429874401914
-dia	0.0174122061324	0.964999706865	0.00820777393446	0.00938031306794
-dil	0.0789473684211	0.730263157895	0.190789473684	0.0
-dim	0.617534032437	0.127466944571	0.106819514102	0.148179508891
-din	0.563197026022	0.334572490706	0.0446096654275	0.0576208178439
-dis	0.0308087291399	0.96919127086	0.0	0.0
-uku	0.076249673349	0.868966289618	0.0287452868929	0.02603875014
-lua	0.0830271858927	0.7989713446	0.0337986774431	0.0842027920646
-ait	0.0	0.777777777778	0.222222222222	0.0
-ngu	0.0	0.981549815498	0.0184501845018	0.0
-ais	0.00784313725488	0.623529411765	0.0705882352942	0.298039215686
-tis	0.0824772102446	0.75907972797	0.158443061785	0.0
-nga	0.28157700079	0.218435189625	0.0549280387669	0.445059770818
-tia	0.0540915395284	0.929264909847	0.0	0.0166435506241
-aib	0.0185567010309	0.0278350515464	0.00618556701031	0.947422680412
-aim	0.541916670586	0.337207974145	0.0832487855353	0.0376265697335
-ngi	0.439266538608	0.320169821317	0.0957636951397	0.144799944936
-ore	0.22939785416	0.2755483394	0.11202156454	0.3830322419
-eme	0.23745552251	0.198319139501	0.104359753386	0.459865584602
-ema	0.439912443024	0.225436819526	0.177103722168	0.157547015282
-uwo	0.448467966574	0.484679665738	0.033426183844	0.033426183844
-emo	0.513196938935	0.306262689364	0.0253006403249	0.155239731376
-uwi	0.407407407407	0.462962962963	0.0925925925926	0.0370370370371
-das	0.0355409153953	0.936373092926	0.00398751733703	0.0240984743412
-ana	0.470682668548	0.370681123993	0.0615658518443	0.0970703556143
-ane	0.412448462547	0.210096905696	0.0801750913319	0.297279540425
-eta	0.255787515502	0.600971475817	0.122778007441	0.0204630012402
-ete	0.0372930900486	0.921005927455	0.0195648559509	0.0221361265452
-eti	0.0608407079646	0.129424778761	0.0398230088495	0.769911504425
-ank	0.332616179002	0.396729776248	0.0783132530121	0.192340791738
-uyo	0.483643060036	0.242694140869	0.0309806942372	0.242682104858
-bul	0.0845481049563	0.909620991254	0.00583090379008	0.0
-wei	0.238601526319	0.174888414697	0.116454056673	0.470056002311
-wen	0.19086492645	0.190388727484	0.170080654003	0.448665692062
-wel	0.178050047468	0.608164508213	0.142314650617	0.0714707937019
-run	0.61318741867	0.368524401824	0.00457204487638	0.0137161346291
-ose	0.0470473846662	0.937933426346	0.00410329639263	0.0109158925952
-nis	0.0731046931408	0.906137184116	0.0135379061372	0.00722021660649
-kai	0.0	1.0	0.0	0.0
-ian	0.209518445508	0.496198254013	0.280765981414	0.0135173190651
-osa	0.0	1.0	0.0	0.0
-ulo	0.454992144303	0.39801568118	0.0615992386017	0.0853929359156
-kam	0.0408254261286	0.922721903674	0.0289431072381	0.00750956295908
-kal	0.375559648576	0.213531179171	0.0275915829955	0.383317589257
-kaa	0.163690987125	0.639313304721	0.157081545064	0.0399141630901
-ula	0.438887630675	0.489463802971	0.0562264534173	0.0154221129373
-osi	0.244897959184	0.755102040816	0.0	0.0
-edo	0.0	1.0	0.0	0.0
-kay	0.584459549133	0.311576729343	0.0298713469874	0.0740923745373
-nia	0.0772261623325	0.874901497242	0.0443262411348	0.00354609929078
-kas	0.0403397027601	0.945329087049	0.00583864118896	0.00849256900212
-kap	0.0	0.876623376623	0.0909090909091	0.0324675324675
-nin	0.208255776426	0.460775568077	0.0978203428501	0.233148312647
-nio	0.34686518553	0.607333953705	0.00523438408748	0.040566476678
-kau	0.164161907624	0.761321510871	0.0144023644925	0.0601142170123
-nim	0.011927480916	0.443702290076	0.0143129770992	0.530057251908
-nbi	0.0604008844378	0.880005313468	0.0226055440229	0.0369882580715
-nba	0.374037203847	0.300258231866	0.113293029425	0.212411534862
-ata	0.00319238127996	0.986166347787	0.00425650837328	0.00638476255993
-lde	0.0279690694996	0.0589935835663	0.00282041036971	0.910216936564
-ile	0.180637699501	0.238422353397	0.126434714368	0.454505232734
-ato	0.0574712643678	0.735632183908	0.206896551724	0.0
-ilo	0.626137882012	0.20132978077	0.0295448581182	0.142987479099
-yuu	0.403916505272	0.395954379169	0.0581020012911	0.142027114267
-yut	0.103448275862	0.827586206897	0.0689655172414	0.0
-ili	0.136416127543	0.687647679038	0.0210684506049	0.154867742815
-ebi	0.397546897547	0.577200577201	0.0209235209236	0.00432900432902
-oam	0.0	0.961538461538	0.0	0.0384615384616
-ige	0.470500767207	0.347346940928	0.115529214496	0.0666230773692
-eba	0.409877392002	0.40323135098	0.124326801879	0.0625644551392
-igi	0.411235434693	0.246984022242	0.163125819304	0.178654723762
-ebe	0.159102089819	0.600313006693	0.0538599457724	0.186724957716
-ami	0.57568533969	0.42431466031	0.0	0.0
-kwi	0.123348580312	0.0931201071993	0.141242731669	0.642288580819
-amo	0.292369803455	0.399932625196	0.0878767462181	0.219820825131
-ama	0.345221597773	0.326576705006	0.0942048729059	0.233996824316
-ame	0.366829624355	0.260583226958	0.09258274135	0.280004407338
-usi	0.708726545313	0.165258233953	0.00903165778263	0.116983562951
-iro	0.628626153895	0.0992281682459	0.0204910657788	0.251654612081
-iri	0.17530856343	0.621564448403	0.0377910675659	0.165335920601
-ire	0.145790108226	0.0766534675237	0.026072599127	0.751483825123
-usa	0.0606060606061	0.909090909091	0.030303030303	0.0
-ira	0.254967886547	0.582642668767	0.0869551587255	0.0754342859606
-use	0.078947368421	0.842105263158	0.0394736842105	0.0394736842105
-uli	0.400715563506	0.438282647585	0.0536672629696	0.107334525939
-gun	0.303449366525	0.392677710432	0.215436247274	0.0884366757689
-bal	0.108971850642	0.284667546049	0.01089831377	0.595462289539
-gul	0.126112006128	0.0210779815465	0.00488902579771	0.847920986528
-iru	0.369718619195	0.0235876015257	0.00839583425007	0.598297945029
-usu	0.345545823542	0.38901944029	0.0870540482803	0.178380687887
-kan	0.186068493177	0.408241779302	0.0554154491141	0.350274278407
-epe	0.0427961211847	0.942318271447	0.00507463887566	0.00981096849293
-pia	0.042194092827	0.84388185654	0.113924050633	0.0
-pil	0.188909201706	0.527117611213	0.166971358927	0.117001828154
-pis	0.241610738255	0.677852348993	0.0805369127517	0.0
-ium	0.00561797752809	0.983146067416	0.0112359550562	0.0
-pel	0.0163636363637	0.889090909091	0.0836363636364	0.0109090909091
-ule	0.354682835324	0.181005467677	0.0638666983642	0.400444998634
-uel	0.0185042405551	0.967617579029	0.00925212027756	0.00462606013877
-bea	0.0	0.853658536585	0.146341463415	0.0
-owi	0.155844155844	0.818181818182	0.0	0.025974025974
-iil	0.454244284032	0.379965801813	0.044569072383	0.121220841772
-iin	0.193284160116	0.551190303435	0.0749579771962	0.180567559253
-iba	0.116005347425	0.641859569507	0.0278009918304	0.214334091238
-owa	0.140327013297	0.595244704772	0.0622518946229	0.202176387308
-agu	0.54777509486	0.304415315626	0.124008278717	0.0238013107968
-agi	0.254829147706	0.556017762455	0.0543008783842	0.134852211454
-aga	0.281503732743	0.230793419838	0.13293231824	0.354770529178
-min	0.221993094309	0.529447948713	0.0545621266114	0.193996830366
-age	0.137645107794	0.842454394693	0.00995024875622	0.00995024875622
-ege	0.218355320473	0.410008025578	0.284955823728	0.0866808302212
-one	0.283081615794	0.397805503188	0.155055180156	0.164057700862
-ant	0.0	0.888059701493	0.111940298507	0.0
-anu	0.782816229117	0.117740652347	0.0381861575179	0.0612569610183
-ega	0.168791070809	0.270414914724	0.110319159941	0.450474854526
-ona	0.116670026591	0.624132653138	0.195645278282	0.0635520419897
-ego	0.224528301887	0.557547169811	0.0933962264151	0.124528301887
-kaw	0.191167379504	0.165821724723	0.387171828647	0.255839067126
-daw	0.573800738007	0.105166051661	0.0774907749077	0.243542435424
-oea	0.0526271823573	0.842118452928	0.105254364715	0.0
-egi	0.238406172572	0.583129998964	0.110275372832	0.0681884556323
-oni	0.173284467666	0.716314553181	0.052376449693	0.0580245294609
-dal	0.085465639822	0.899872890585	0.0135886791349	0.00107279045802
-dam	0.0186103870624	0.948457075591	0.0291487990135	0.00378373833348
-dan	0.0500505561172	0.896865520728	0.0273003033367	0.025783619818
-dai	0.0	1.0	0.0	0.0
-ani	0.0549450549451	0.93006993007	0.00599400599401	0.00899100899099
-ulu	0.390707431198	0.477080602596	0.0739272744588	0.0582846917472
-daa	0.459938366718	0.507704160247	0.0231124807396	0.00924499229584
-ano	0.566048395367	0.215688461795	0.0270782318004	0.191184911038
-tal	0.0359281437126	0.730538922156	0.14371257485	0.0898203592814
-tam	0.0	1.0	0.0	0.0
-tan	0.119885944869	0.289174788961	0.0446327773058	0.546306488865
-tai	0.425591098748	0.346314325452	0.2280945758	0.0
-taa	0.589124839125	0.315315315315	0.0907335907335	0.00482625482626
-yis	0.118876551274	0.86283474853	0.0169823644676	0.00130633572828
-taw	0.150453522004	0.178120905856	0.101941474111	0.569484098028
-tas	0.0574725396649	0.911294796405	0.00976367469211	0.0214689892378
-mia	0.380282100442	0.243187284021	0.0822045117244	0.294326103812
-mil	0.184578325073	0.571835531795	0.200558540045	0.0430276030863
-mio	0.253993868001	0.470792318864	0.065354203647	0.209859609488
-ens	0.015923566879	0.972133757962	0.00955414012738	0.00238853503185
-mis	0.00507491541807	0.987433542774	0.00749154180763	0.0
-eno	0.499013963772	0.329064413226	0.0578974241267	0.114024198875
-miu	0.0	0.971153846154	0.0	0.0288461538461
-eni	0.490566037736	0.11320754717	0.283018867925	0.11320754717
-ene	0.340281422609	0.456711904226	0.0558596385994	0.147147034565
-ena	0.128288854276	0.0360582668374	0.0073426399387	0.828310238948
-oel	0.276785714286	0.650162337662	0.0243506493507	0.0487012987013
