-rbu	0.157146150055	0.623318982888	0.0614204553133	0.158114411744
-het	0.0458447826644	0.924085595911	0.007403505275	0.0226661161496
-hew	0.0	1.0	0.0	0.0
-her	0.0353628612326	0.904136132856	0.0296087147761	0.0308922911354
-hes	0.171871891784	0.461308931768	0.366819176447	0.0
-cas	0.425770308123	0.221288515406	0.0	0.352941176471
-hem	0.00455615460552	0.995443845394	0.0	0.0
-rba	0.137063276363	0.683166534449	0.076651329425	0.103118859763
-ive	0.0675904379098	0.74518722234	0.174529299767	0.0126930399831
-rbe	0.044921875	0.955078125	0.0	0.0
-rbi	0.431256954517	0.119610155027	0.408912034594	0.0402208558617
-lem	0.018103730524	0.950182642246	0.00154074302332	0.0301728842068
-aus	0.211895910781	0.687732342007	0.0557620817844	0.0446096654275
-zin	0.859649122807	0.140350877193	0.0	0.0
-nse	0.0	1.0	0.0	0.0
-ple	0.297297297297	0.108108108108	0.0	0.594594594595
-aum	0.0157232704403	0.98427672956	0.0	0.0
-aul	0.0710130775449	0.783064135569	0.00836327447894	0.137559512407
-nth	0.0381194409149	0.914520041585	0.0277232297563	0.019637287744
-pus	0.0	1.0	0.0	0.0
-nah	0.0	1.0	0.0	0.0
-les	0.193218865464	0.672027820039	0.0908498152575	0.0439034992393
-eus	0.130131189166	0.786077020736	0.00507829030893	0.0787134997884
-sha	0.0	1.0	0.0	0.0
-nts	0.0423304506145	0.908511606736	0.0491579426491	0.0
-aki	0.136984941061	0.102716266547	0.00311356622756	0.757185226165
-ape	0.0301135047487	0.918346073662	0.022006022701	0.0295343988881
-hen	0.146231721035	0.675835975049	0.0184067900603	0.159525513856
-nmu	0.0	0.521276595745	0.478723404255	0.0
-nda	0.227426220096	0.285381610385	0.035761963906	0.451430205614
-ake	0.435049019608	0.31862745098	0.061274509804	0.185049019608
-uki	0.0909090909091	0.866161616162	0.030303030303	0.0126262626263
-dea	0.0204159755008	0.96197524563	0.00612479265025	0.0114839862192
-imu	0.0500142897971	0.648566257026	0.301419453177	0.0
-dee	0.0524861878453	0.947513812155	0.0	0.0
-dek	0.0765840220385	0.807713498623	0.0132231404959	0.102479338843
-gki	0.184484389782	0.746452223273	0.0633869441816	0.00567644276254
-den	0.51321786691	0.464904284412	0.0109389243391	0.0109389243391
-400	0.0626865671641	0.0507462686567	0.0179104477612	0.868656716418
-gku	0.236138793293	0.510614915216	0.0274915724321	0.225754719059
-der	0.0683636363636	0.871636363636	0.0334545454546	0.0265454545454
-des	0.240343347639	0.420600858369	0.339055793991	0.0
-ime	0.108352865971	0.59192414234	0.0178989985084	0.281823993181
-aka	0.348711766729	0.363814796386	0.141832682764	0.145640754121
-yji	0.430486456606	0.382255389718	0.137506909895	0.0497512437811
-lla	0.0400641025641	0.940705128205	0.0048076923077	0.0144230769231
-ech	0.0	1.0	0.0	0.0
-idi	0.192153722978	0.705898051775	0.0480384307446	0.0539097945023
-ide	0.0478087649402	0.0597609561753	0.605577689243	0.286852589641
-ece	0.104337631887	0.84407971864	0.0281359906213	0.0234466588511
-ida	0.337732260267	0.295834526922	0.0940696583299	0.272363554481
-lls	0.297002724796	0.637602179837	0.0653950953678	0.0
-big	0.456953642384	0.427152317881	0.0745033112583	0.0413907284768
-ymu	0.267105895271	0.315146523917	0.168828494956	0.248919085855
-bia	0.0	1.0	0.0	0.0
-bin	0.625100032443	0.171406942792	0.0250892181248	0.17840380664
-bil	0.436248693204	0.28619297864	0.0600059859595	0.217552342196
-tle	0.11442193087	0.849821215733	0.00715137067938	0.0286054827175
-ter	0.0658065047538	0.817495057893	0.0157676739151	0.100930763438
-tes	0.0432801822324	0.820045558087	0.0364464692483	0.100227790433
-ria	0.0284824210058	0.923898531375	0.0	0.0476190476191
-rin	0.629430063736	0.119552184878	0.0409194274943	0.210098323891
-eji	0.226825621116	0.598397651352	0.152209402823	0.0225673247088
-ril	0.444785765369	0.263089838485	0.0705596585538	0.221564737592
-rim	0.0	1.0	0.0	0.0
-rir	0.0189075630252	0.936974789916	0.00630252100841	0.0378151260504
-ris	0.0582524271845	0.941747572816	0.0	0.0
-sia	0.02200220022	0.97799779978	0.0	0.0
-ten	0.0208333333333	0.65625	0.0	0.322916666667
-jin	0.567245200178	0.0858467095938	0.0215695682069	0.325338522021
-luy	0.206973505378	0.211369699817	0.0713123143782	0.510344480427
-jil	0.418770051015	0.189753738015	0.0406010648794	0.350875146091
-wal	0.364976498975	0.136573069171	0.107754000684	0.390696431171
-ara	0.0904392895814	0.73714301199	0.0561456449746	0.116272053454
-mes	0.0586163749177	0.831026431548	0.0447620644729	0.0655951290618
-arl	0.100767754319	0.617082533589	0.201535508637	0.0806142034549
-lur	0.042101426163	0.0706778451117	0.139085068574	0.748135660151
-lus	0.0412465627864	0.925527039413	0.0229147571036	0.0103116406966
-ari	0.195577958485	0.0619626440939	0.0200031749104	0.722456222511
-ark	0.129133038271	0.792762301484	0.0203072116636	0.0577974485811
-art	0.00927357032457	0.96800618238	0.0	0.0227202472952
-aru	0.533333333333	0.447619047619	0.0	0.0190476190476
-ram	0.0	1.0	0.0	0.0
-arr	0.192984130416	0.573428864268	0.0712372029542	0.162349802361
-ars	0.0383593604107	0.723252102973	0.033279810402	0.205108726214
-mel	0.601926581619	0.398073418381	0.0	0.0
-men	0.0771086623098	0.867203810745	0.0393525190411	0.0163350079039
-ary	0.00378640385622	0.825892557434	0.0	0.17032103871
-yda	0.469467159541	0.268276250779	0.0759885757462	0.186268013934
-rrh	0.0631578947369	0.936842105263	0.0	0.0
-aya	0.463433865125	0.361117984004	0.0513371786984	0.124110972173
-ndu	0.141122140341	0.187173178832	0.051043035665	0.620661645162
-ayn	0.564124539672	0.129909608303	0.105175761634	0.200790090392
-ayi	0.25319387058	0.392893547937	0.0375749144824	0.316337667
-ayu	0.0996870463447	0.0272499350607	0.000996237118397	0.872066781476
-ays	0.236412586236	0.480228840653	0.187447417129	0.0959111559818
-law	0.0636686314715	0.822391130968	0.0152986138134	0.0986416237469
-ext	0.417318297802	0.267017861552	0.0856037533953	0.23006008725
-ubu	0.188583047402	0.613966539793	0.0451576651756	0.15229274763
-ubi	0.456888246628	0.399566473988	0.0833333333333	0.0602119460501
-xad	0.0	1.0	0.0	0.0
-uba	0.220522677196	0.086166400385	0.00853448986863	0.684776432551
-umu	0.0992607583329	0.225532721979	0.0315183714798	0.643688148208
-ija	0.0142988783324	0.889231355851	0.0748625718915	0.0216071939246
-ums	0.0291335603481	0.796065077563	0.0291335603481	0.14566780174
-iji	0.356264198525	0.395137399969	0.0799843919216	0.168614009585
-iju	0.409292035398	0.480088495575	0.0774336283186	0.033185840708
-uma	0.136405490061	0.108311295003	0.0254654384418	0.729817776494
-umi	0.0731707317073	0.743902439024	0.0365853658537	0.146341463415
-two	0.0608888185988	0.252517265011	0.0951025357162	0.591491380674
ALL	0.23817694069	0.274313144188	0.0515039442598	0.436005970863
-nai	0.081597521088	0.918402478912	0.0	0.0
-nan	0.527636412025	0.206125995994	0.0205674472088	0.245670144772
-nal	0.6627350556	0.0333642194056	0.0204825688084	0.283418156186
-nam	0.0	1.0	0.0	0.0
-ima	0.32955404384	0.541950113379	0.0589569160998	0.0695389266818
-kin	0.317820958218	0.364589250096	0.228887890837	0.0887019008493
-kim	0.0	1.0	0.0	0.0
-kil	0.334950579353	0.444969334165	0.115878049006	0.104202037476
-nay	0.494254362196	0.267578170383	0.058648237908	0.179519229513
-ees	0.309618193198	0.66847485917	0.0	0.0219069476319
-eba	0.0816581606082	0.855374913598	0.0231983410819	0.0397685847118
-sic	0.0	0.625	0.375	0.0
-nas	0.0243902439025	0.968957871397	0.00221729490022	0.00443458980045
-aku	0.264585853192	0.217565431446	0.0869457636707	0.430902951691
-mos	0.013986013986	0.958041958042	0.027972027972	0.0
-wun	0.0697093362205	0.61039393687	0.0453485466811	0.274548180228
-wul	0.161410379549	0.75503787271	0.0835517477416	0.0
-god	0.0615203467634	0.812178946263	0.0089590330331	0.117341673941
-lku	0.137685790816	0.197832617368	0.0719074060129	0.592574185803
-wuy	0.0911602209945	0.361878453039	0.502762430939	0.0441988950276
-lki	0.174579279664	0.745882670142	0.0141550767295	0.0653829734648
-mob	0.0348837209303	0.866279069767	0.0	0.0988372093023
-mon	0.0162418918229	0.978548444762	0.0	0.00520966341488
-lka	0.395186582048	0.260720322736	0.0516270780798	0.292466017136
-yar	0.184231650254	0.704524541379	0.0360631987	0.0751806096678
-ber	0.0120481927711	0.975903614458	0.0	0.0120481927711
-yay	0.174447646494	0.125648414986	0.0311239193083	0.668780019212
-rls	0.0189445196211	0.974740640505	0.00631483987369	0.0
-cob	0.0672116257947	0.920072661217	0.00544959128065	0.00726612170755
-eon	0.077738515901	0.895759717315	0.0106007067138	0.0159010600707
-bel	0.0722615369281	0.927738463072	0.0	0.0
-rld	0.203045685279	0.258883248731	0.416243654822	0.121827411168
-yan	0.262920583997	0.572511312477	0.0286988755317	0.135869227994
-cos	0.0327868852459	0.967213114754	0.0	0.0
-ish	0.132661514037	0.833187997201	0.034150488762	0.0
-ise	0.223788803267	0.692806962102	0.013856139242	0.0695480953886
-rea	0.0242921244004	0.928361442055	0.00742689153644	0.0399195420084
-red	0.338797814208	0.620218579235	0.016393442623	0.0245901639344
-ree	0.0410022779043	0.20728929385	0.0	0.751708428246
-rez	0.0	1.0	0.0	0.0
-eve	0.541143654114	0.206415620642	0.0292887029289	0.223152022315
-eva	0.768115942029	0.188405797101	0.0434782608696	0.0
-rer	0.11320754717	0.88679245283	0.0	0.0
-res	0.0581229156741	0.818961410195	0.0228680323964	0.100047641734
-ist	0.0575213385852	0.883078125396	0.00599553466896	0.0534050013497
-evi	0.027027027027	0.966216216216	0.0	0.00675675675676
-ret	0.216027874564	0.783972125436	0.0	0.0
-reu	0.0	1.0	0.0	0.0
-hab	0.0774193548387	0.922580645161	0.0	0.0
-hah	0.0	1.0	0.0	0.0
-ame	0.193347193347	0.0656964656964	0.58711018711	0.153846153846
-mas	0.0649192319414	0.903383114904	0.0	0.0316976531545
-mar	0.25	0.721698113208	0.0	0.0283018867925
-ave	0.0437710437711	0.754545454546	0.156902356902	0.0447811447811
-han	0.0	1.0	0.0	0.0
-mah	0.132850241546	0.81884057971	0.0483091787439	0.0
-har	0.0	0.931034482759	0.0344827586207	0.0344827586207
-has	0.0519373454245	0.930750206101	0.00741962077494	0.00989282769993
-hat	0.0	1.0	0.0	0.0
-mal	0.386101517354	0.313330770828	0.117092300731	0.183475411087
-man	0.698346652324	0.13630083762	0.0472153424675	0.118137167589
-haz	0.0	1.0	0.0	0.0
-jun	0.180442323654	0.657746435683	0.041592325945	0.120218914718
-jul	0.247202899749	0.620611319916	0.0206540281774	0.111531752158
-nku	0.175514953632	0.332648210414	0.0749358481818	0.416900987773
-uni	0.382644666949	0.455034857413	0.0323741668863	0.129946308752
-una	0.308582819029	0.53667854998	0.0876554094632	0.067083221528
-nka	0.30760041279	0.276044836585	0.0560955338653	0.36025921676
-unt	0.342105263158	0.460526315789	0.0394736842105	0.157894736842
-unu	0.0807321048013	0.095123480005	0.0113827253353	0.812761689858
-666	0.0	0.0	0.0	1.0
-him	0.0	1.0	0.0	0.0
-tre	0.0827586206896	0.786206896552	0.11724137931	0.0137931034483
-dka	0.302776322682	0.618648507072	0.0125720272394	0.0660031430068
-tra	0.0	1.0	0.0	0.0
-500	0.524023728976	0.226780204256	0.0740468312682	0.1751492355
-ada	0.34772037114	0.266165754883	0.0810702657782	0.305043608199
-gan	0.569864323238	0.192039939269	0.0341851909088	0.203910546584
-gal	0.442064637327	0.328824569543	0.0661399523234	0.162970840806
-gai	0.0	1.0	0.0	0.0
-adi	0.374479722288	0.46051697137	0.03816303886	0.126840267483
-ird	0.0652173913044	0.0	0.70652173913	0.228260869565
-adu	0.425324909314	0.218488000577	0.105820741346	0.250366348764
-gar	0.0947721280257	0.686920591439	0.0454288485138	0.172878432021
-dku	0.0985836407409	0.647626184319	0.0480378210264	0.205752353914
-ana	0.108990271492	0.0423050825719	0.00537782489692	0.843326821039
-nor	0.264	0.688	0.0	0.048
-gay	0.537238422456	0.156284525966	0.0135447804298	0.292932271149
-ini	0.0505475335754	0.726064979333	0.159795428722	0.0635920583692
-lbi	0.262392366768	0.559867349313	0.0541075168722	0.123632767047
-seh	0.0	1.0	0.0	0.0
-ina	0.0310148464511	0.904067520846	0.00427089688835	0.0606467358145
-uis	0.0	1.0	0.0	0.0
-lba	0.161742184093	0.404983290139	0.0663465792587	0.36692794651
-ine	0.179003058178	0.752474273226	0.053626436292	0.0148962323033
-sea	0.0160857908847	0.959785522788	0.0241286863271	0.0
-ing	0.0465085412396	0.87706631966	0.0309308510491	0.0454942880512
-yal	0.487729895156	0.32833258512	0.110771261878	0.0731662578455
-lbu	0.0715360373947	0.535891091242	0.0326273580423	0.359945513321
-ohn	0.0445020913085	0.884907013184	0.00676081816126	0.063830077346
-ins	0.56050955414	0.305732484076	0.0191082802548	0.114649681529
-ses	0.100074128984	0.843368201411	0.0197677291821	0.0367899404223
-ool	0.589818607373	0.199531889994	0.0421299005266	0.168519602106
-eda	0.256627580933	0.557290339026	0.109609992353	0.076472087688
-ood	0.461876832845	0.384164222874	0.0527859237536	0.101173020528
-ney	0.163733239976	0.438600033294	0.165881545997	0.231785180733
-ble	0.16196996951	0.643321614814	0.0231634472525	0.171544968424
-ook	0.0583090379008	0.901323166629	0.0269118636465	0.0134559318232
-ian	0.219863315275	0.460152765281	0.105480789479	0.214503129965
-oom	0.166523167193	0.678561178609	0.0584840077809	0.0964316464173
-nes	0.0208333333333	0.913194444444	0.0364583333333	0.0295138888889
-sli	0.0	1.0	0.0	0.0
-nen	0.0432989690721	0.956701030928	0.0	0.0
-oor	0.2134822726	0.696988137646	0.0525949405159	0.0369346492387
-rst	0.0997506234414	0.397132169576	0.392144638404	0.110972568579
-bed	0.208333333333	0.791666666667	0.0	0.0
-ias	0.032593274282	0.94969132252	0.00736224548487	0.0103531577131
-edu	0.345412490362	0.476484194295	0.137625289129	0.0404780262143
-kun	0.101829988194	0.500885478158	0.347697756789	0.0495867768595
-ned	0.135483870968	0.754838709677	0.058064516129	0.0516129032258
-kul	0.126851058087	0.500372323229	0.213482469741	0.159294148943
-ban	0.449042661648	0.26344008548	0.0842234246951	0.203293828177
-bal	0.196775654085	0.197910276964	0.0834731493223	0.521840919629
-tdu	0.302966101695	0.518599875221	0.167281896641	0.0111521264427
-hon	0.0	1.0	0.0	0.0
-mku	0.273446774832	0.647407993668	0.0427384250099	0.0364068064899
-hor	0.278269109286	0.702779532533	0.0	0.0189513581807
-hos	0.05	0.933333333333	0.0	0.0166666666667
-tda	0.494505494505	0.225274725275	0.181318681319	0.0989010989011
-eku	0.317359234601	0.488123618034	0.0976450315911	0.0968721157736
-bay	0.253107607287	0.184363870472	0.289352590325	0.273175931916
-mka	0.0816640986132	0.520801232666	0.360554699538	0.0369799691834
-bar	0.182862002977	0.573144801191	0.076546884967	0.167446310865
-bas	0.0354318253717	0.934198038595	0.0221448908573	0.00822524517558
-job	0.362745098039	0.625	0.0	0.0122549019608
-ase	0.172339508832	0.441189142611	0.0469625161568	0.3395088324
-nya	0.249302060919	0.180381455218	0.0443308740184	0.525985609845
-mbu	0.233364090397	0.240677729553	0.124794524707	0.401163655343
-asa	0.0141843971631	0.90780141844	0.0141843971631	0.063829787234
-yer	0.023166023166	0.953667953668	0.023166023166	0.0
-mba	0.115556476414	0.0780334147937	0.0225755538421	0.783834554951
-ast	0.0637450199202	0.70471361308	0.116158741657	0.115382625343
-irr	0.113833066987	0.564109426495	0.246069949591	0.0759875569272
-nyu	0.160438711456	0.138165049086	0.0200064498634	0.681389789595
-mbi	0.182566788762	0.674829429093	0.0736457042782	0.0689580778669
-lta	0.0	1.0	0.0	0.0
-zor	0.0	1.0	0.0	0.0
-ery	0.0979756501693	0.317052085585	0.0345796412362	0.55039262301
-per	0.241055957599	0.663642849862	0.0504535725206	0.0448476200183
-ray	0.207550443087	0.138118919346	0.223097052614	0.431233584953
-ers	0.233532934132	0.550898203593	0.14371257485	0.0718562874252
-ras	0.0	1.0	0.0	0.0
-rap	0.545945945946	0.105405405405	0.348648648649	0.0
-ran	0.675216506266	0.201900436197	0.0241057951949	0.0987772623417
-eri	0.0	1.0	0.0	0.0
-ral	0.249770024578	0.434897237241	0.0732749274509	0.24205781073
-erk	0.10989010989	0.89010989011	0.0	0.0
-rak	0.0	1.0	0.0	0.0
-rah	0.079575596817	0.870230565191	0.0428483982861	0.00734543970618
-erd	0.234782608696	0.75652173913	0.0086956521739	0.0
-wbu	0.253041149311	0.528768368761	0.0481161579371	0.170074323991
-sku	0.244092039801	0.33118498417	0.142752148349	0.28197082768
-aza	0.0	0.960784313725	0.0392156862745	0.0
-uju	0.0724637681159	0.927536231884	0.0	0.0
-ika	0.392601974152	0.287097068357	0.0695071269017	0.25079383059
-yju	0.293200531208	0.368977423639	0.282602921647	0.055219123506
-lal	0.306046512086	0.352368870356	0.0400277642866	0.301556853271
-lan	0.467687772713	0.136531470729	0.093356886693	0.302423869865
-nos	0.0	1.0	0.0	0.0
-lah	0.0	1.0	0.0	0.0
-iki	0.22665166372	0.733322616943	0.0197717408777	0.02025397846
-lak	0.0496025437202	0.95039745628	0.0	0.0
-our	0.369024856597	0.520076481835	0.110898661568	0.0
-ppi	0.069214876033	0.902892561983	0.00309917355372	0.0247933884298
-aan	0.230352303523	0.726287262873	0.0162601626016	0.0271002710027
-non	0.0	1.0	0.0	0.0
-las	0.106185002737	0.814997263273	0.00985221674875	0.0689655172415
-gka	0.115110680088	0.51841240409	0.0341290402941	0.332347875527
-ppa	0.0239134560638	0.957866767888	0.0	0.0182197760486
-lay	0.430375038872	0.288746511872	0.107135180085	0.173743269172
-aac	0.0505992010652	0.896138482024	0.0139813581891	0.0392809587217
-dow	0.388655462185	0.390756302521	0.063025210084	0.15756302521
-gel	0.0160326703471	0.901194887696	0.0342584889964	0.0485139529608
-ypt	0.0145690004047	0.970861999191	0.00242816673411	0.0121408336706
-rew	0.00456794822992	0.99543205177	0.0	0.0
-ght	0.120872051193	0.555329265182	0.202745811619	0.121052872005
-ess	0.262888840548	0.514139656298	0.101152925821	0.121818577333
-bow	0.44019138756	0.55980861244	0.0	0.0
-ile	0.396975425331	0.432892249527	0.0548204158791	0.115311909263
-don	0.00729335494327	0.991085899514	0.00162074554295	0.0
-ger	0.0344827586207	0.896551724138	0.0689655172414	0.0
-dol	0.0490691297446	0.882378409583	0.0512339442921	0.0173185163804
-dom	0.0	1.0	0.0	0.0
-box	0.134829410691	0.633461047254	0.173326035395	0.0583835066593
-dok	0.0	1.0	0.0	0.0
-sar	0.0375293197811	0.906176700547	0.0234558248632	0.0328381548085
-dda	0.0348837209302	0.96511627907	0.0	0.0
-sau	0.0	0.980392156863	0.0196078431373	0.0
-ibu	0.312367550757	0.526594447573	0.0858930497847	0.0751449518854
-ddi	0.0	1.0	0.0	0.0
-oli	0.0	1.0	0.0	0.0
-tor	0.104660045837	0.764514896868	0.100458365164	0.0303666921314
-oks	0.0348837209302	0.941860465116	0.0	0.0232558139535
-sae	0.0	1.0	0.0	0.0
-old	0.0244662614929	0.515466729001	0.424068879539	0.0359981299672
-iba	0.673114119923	0.197292069632	0.0154738878143	0.114119922631
-sam	0.0	1.0	0.0	0.0
-lon	0.074804614812	0.897655377745	0.00893189430591	0.0186081131373
-cle	0.0570898410819	0.801580073767	0.129490915714	0.0118391694367
-row	0.0369068428794	0.963093157121	0.0	0.0
-iel	0.0313725490196	0.960784313726	0.00784313725489	0.0
-ied	0.146496815287	0.611464968153	0.178343949045	0.0636942675159
-rod	0.0324509589441	0.937832713484	0.0195070371181	0.0102092904543
-ybu	0.149629656263	0.736498633683	0.0334747590968	0.0803969509564
-ron	0.00838580004526	0.912321801749	0.0792923982058	0.0
-ier	0.12776513963	0.737664731723	0.0276513962975	0.10691873235
-lor	0.153649167734	0.811779769526	0.00384122919334	0.0307298335467
-och	0.0756410614916	0.891921366852	0.00810939291408	0.0243281787422
-ock	0.198675496689	0.64238410596	0.158940397351	0.0
-yja	0.466907115087	0.259309569535	0.143941168205	0.129842147173
-rdu	0.169658851681	0.585659740837	0.0636138969887	0.181067510493
-juy	0.157717609196	0.528865542334	0.0507858068857	0.262631041585
-yku	0.130521937319	0.201589707645	0.107977203773	0.559911151262
-ham	0.120125669932	0.829873303353	0.0203289595269	0.0296720671882
-rda	0.312855141446	0.412488912447	0.156889966177	0.11776597993
-awa	0.361405135995	0.390889852457	0.0476493340522	0.200055677495
-awu	0.326285020951	0.216145486549	0.0105543117953	0.447015180705
-wku	0.0822033898305	0.713983050848	0.104661016949	0.0991525423729
-kda	0.021978021978	0.791208791209	0.0	0.186813186813
-uji	0.236399409912	0.294294286259	0.0797466598515	0.389559643977
-bit	0.257425742574	0.60396039604	0.0990099009901	0.0396039603961
-sts	0.0321100917431	0.967889908257	0.0	0.0
-til	0.100297758972	0.0861933866165	0.023507287259	0.790001567153
-cum	0.0454545454545	0.681818181818	0.0	0.272727272727
-sse	0.0	1.0	0.0	0.0
-200	0.119601328904	0.305647840532	0.14950166113	0.425249169435
-cus	0.00890538033396	0.991094619666	0.0	0.0
-ibi	0.36280550421	0.288046826864	0.0862600123228	0.262887656603
-ois	0.0	1.0	0.0	0.0
-ion	0.208194184247	0.732752301051	0.00325812494909	0.0557953897532
-mum	0.0	1.0	0.0	0.0
-lea	0.0	1.0	0.0	0.0
-mun	0.157542062053	0.371620175784	0.0700353282624	0.4008024339
-lee	0.00538748445918	0.978864484045	0.00870285951098	0.00704517198508
-leg	0.0	1.0	0.0	0.0
-ley	0.106598984772	0.771573604061	0.121827411168	0.0
-mus	0.0116121540546	0.970969614864	0.0154828720728	0.0019353590091
-ios	0.0	1.0	0.0	0.0
-jar	0.310871056241	0.442043895748	0.15329218107	0.0937928669411
-oil	0.0108205590622	0.945897204689	0.0432822362488	0.0
-let	0.362255965293	0.340563991323	0.297180043384	0.0
-iot	0.00185242358753	0.990737882062	0.00370484717506	0.00370484717506
-eel	0.0	1.0	0.0	0.0
-rra	0.0825029293073	0.237332372891	0.0409664737443	0.639198224057
-een	0.0517043278437	0.936805821524	0.0	0.0114898506319
-ife	0.0	0.607594936709	0.392405063291	0.0
-eek	0.0655163790947	0.332583145786	0.407851962991	0.194048512128
-aly	0.0	1.0	0.0	0.0
-rri	0.454194393206	0.267127230347	0.0198370871845	0.258841289263
-alu	0.400702973255	0.208366143835	0.0808459903248	0.310084892585
-lji	0.243043546092	0.510877075434	0.1580925649	0.087986813575
-ndi	0.4722380313	0.294755242361	0.0677787449727	0.165227981367
-all	0.178888888889	0.788333333333	0.0294444444445	0.00333333333332
-tji	0.392643284859	0.577245508982	0.00615911035073	0.0239520958083
-rru	0.137553532431	0.344422700587	0.423012564168	0.0950112028134
-ali	0.158808379963	0.49340933836	0.119621896596	0.228160385081
-alf	0.664233576642	0.255474452555	0.0364963503649	0.043795620438
-eet	0.268629065459	0.646459448333	0.0169822972417	0.0679291889666
-hia	0.0	1.0	0.0	0.0
-eep	0.0274420021471	0.926416578313	0.0166756709213	0.0294657486182
-gia	0.107438016529	0.731404958678	0.136363636364	0.0247933884298
-ala	0.190971044178	0.0741206402878	0.0492401502631	0.685668165272
-yon	0.0	1.0	0.0	0.0
-chi	0.0	1.0	0.0	0.0
-cho	0.0148423005566	0.985157699443	0.0	0.0
-els	0.0	0.827586206897	0.0	0.172413793103
-elp	0.29702970297	0.444719471947	0.026402640264	0.231848184818
-rku	0.160911638651	0.218649937262	0.146337361728	0.474101062359
-pet	0.173716012085	0.800604229607	0.012084592145	0.0135951661631
-rki	0.343079922027	0.458089668616	0.093567251462	0.105263157895
-153	0.0181818181818	0.0	0.0727272727273	0.909090909091
-eli	0.0275862068965	0.944827586207	0.0	0.0275862068965
-ell	0.0545263893743	0.664103460329	0.167773505767	0.11359664453
-pes	0.26525198939	0.575596816976	0.159151193634	0.0
-rka	0.181261199456	0.404363848923	0.0994896537512	0.31488529787
-iya	0.152477763659	0.809402795426	0.0190597204574	0.0190597204574
-eld	0.12783318223	0.781504986401	0.0271985494107	0.0634632819583
-abu	0.303685306433	0.447959441608	0.037849982674	0.210505269285
-cca	0.0	0.838178633976	0.0	0.161821366024
-100	0.110967919472	0.660246370013	0.0219195890314	0.206866121484
-est	0.0494221028584	0.750359074042	0.157359975501	0.0428588475988
-esa	0.0	1.0	0.0	0.0
-n't	0.242061064457	0.155024748346	0.104763361326	0.498150825872
-udu	0.11170212766	0.45390070922	0.0868794326241	0.347517730496
-uda	0.360925343379	0.360895520146	0.115247086739	0.162932049736
-uth	0.0191387559809	0.980861244019	0.0	0.0
-hum	0.0	1.0	0.0	0.0
-nju	0.214506595208	0.237264750331	0.0876620901855	0.460566564275
-ign	0.0983606557377	0.704918032787	0.0327868852459	0.16393442623
-hua	0.112436115843	0.826235093697	0.0	0.0613287904599
-aba	0.0841132169897	0.844789831301	0.0346162298276	0.0364807218813
-nja	0.169209521022	0.337249115145	0.117794506419	0.375746857414
-lot	0.0915681037772	0.610835558947	0.297596337276	0.0
-nji	0.181987245447	0.332042802008	0.0708772704509	0.415092682094
-hus	0.070826306914	0.843170320405	0.0860033726813	0.0
-gba	0.0746500777605	0.744945567652	0.00933125972006	0.171073094868
-dji	0.0919913419914	0.810606060606	0.0324675324675	0.0649350649351
-tue	0.100022031284	0.7743996475	0.0594844679445	0.0660938532716
-nce	0.0856026964849	0.774276389706	0.0630784869723	0.0770424268365
-ael	0.0990502035278	0.857530529172	0.0101763907734	0.0332428765265
-sos	0.0625	0.828125	0.0	0.109375
-los	0.0234375	0.94921875	0.00390625	0.0234375
-ork	0.263698861918	0.486008607989	0.0655311155002	0.184761414592
-son	0.0867610889662	0.888050207786	0.0209905860402	0.00419811720804
-orn	0.198887293535	0.771494764014	0.016532700247	0.0130852422046
-ord	0.10337972167	0.825049701789	0.0119284294235	0.0596421471173
-ore	0.362170087977	0.197947214076	0.0	0.439882697947
-ruy	0.0	1.0	0.0	0.0
-lix	0.0420757363253	0.957924263675	0.0	0.0
-rus	0.0969383078193	0.861903015858	0.00825006875057	0.0329086075717
-dge	0.207430340557	0.681114551084	0.0743034055728	0.0371517027864
-lip	0.00945626477543	0.975886524823	0.00189125295508	0.0127659574468
-lis	0.013698630137	0.986301369863	0.0	0.0
-lim	0.0377358490566	0.962264150943	0.0	0.0
-lin	0.187311947854	0.124162179857	0.0427024315359	0.645823440752
-hku	0.404354587869	0.348367029549	0.191290824261	0.0559875583204
-jew	0.0361326746648	0.717007762879	0.157233592096	0.0896259703599
-rul	0.384277713305	0.574549674555	0.0411726121398	0.0
-rum	0.473053892216	0.497005988024	0.0299401197605	0.0
-ice	0.0951551063087	0.881840362496	0.01882188916	0.00418264203556
-rug	0.0	1.0	0.0	0.0
-ome	0.0532803180915	0.943538767396	0.0	0.00318091451292
-rue	0.144144144144	0.09009009009	0.135135135135	0.630630630631
-ear	0.0690708157627	0.883306674422	0.0138141631525	0.0338083466628
-eat	0.031746031746	0.946428571429	0.0	0.0218253968254
-abi	0.287855405588	0.378165931104	0.0660979793842	0.267880683924
-oda	0.0	1.0	0.0	0.0
-eae	0.0132450331126	0.986754966887	0.0	0.0
-ead	0.0543690700401	0.8616727669	0.0177676699478	0.066190493112
-rna	0.0	1.0	0.0	0.0
-rni	0.0	1.0	0.0	0.0
-ean	0.632183908046	0.1984007996	0.00599700149925	0.163418290854
-zer	0.0	1.0	0.0	0.0
-uri	0.179580014482	0.650977552498	0.125995655322	0.0434467776972
-uja	0.639830508475	0.241525423729	0.118644067797	0.0
-urn	0.22641509434	0.698113207547	0.0754716981132	0.0
-are	0.102081399973	0.854169428609	0.0437491714172	0.0
-ura	0.242800349074	0.525938136333	0.105207020266	0.126054494328
-mew	0.0	1.0	0.0	0.0
-ory	0.0798192215731	0.666256414492	0.0482508477676	0.205673516167
-urr	0.175790833629	0.393629382762	0.227823890185	0.202755893424
-urs	0.0156862745098	0.745098039216	0.192156862745	0.0470588235294
-uru	0.271428571429	0.55	0.0	0.178571428571
-dur	0.347107438016	0.615702479339	0.0247933884298	0.0123966942149
-dus	0.115384615385	0.825174825175	0.0104895104895	0.048951048951
-war	0.0422360248447	0.912380952381	0.0354451345756	0.00993788819876
-bya	0.161434977578	0.784753363229	0.0	0.0538116591929
-duy	0.138499587799	0.676009892828	0.173124484748	0.0123660346249
-way	0.301358893691	0.396595852781	0.111230962138	0.19081429139
-pay	0.155408410337	0.732914957751	0.0617680486238	0.049908583288
-wan	0.524689326939	0.1270074515	0.0483740972285	0.299929124332
-pas	0.0581664205922	0.873972755384	0.0484720171602	0.0193888068641
-dul	0.653398592687	0.141735340247	0.204866067066	0.0
-nil	0.383249441659	0.267894628882	0.0508435124644	0.298012416994
-paw	0.746153846154	0.130769230769	0.0307692307693	0.0923076923076
-nun	0.129171720122	0.0917406380888	0.0211814403226	0.757906201466
-sus	0.015824345295	0.620126223444	0.00169593956003	0.362353491701
-ket	0.392699811202	0.497797356828	0.0490874764002	0.0604153555695
-aen	0.0	0.962264150943	0.0	0.0377358490566
-nur	0.0	1.0	0.0	0.0
-nus	0.0	1.0	0.0	0.0
-key	0.103800464647	0.617411125236	0.00131503967037	0.277473370447
-r's	0.211221122112	0.775577557756	0.0	0.013201320132
-dia	0.09375	0.772321428571	0.0	0.133928571429
-dil	0.418164587254	0.163708827499	0.0385245348476	0.379602050399
-din	0.684427779555	0.114946139542	0.0338214698796	0.166804611023
-sor	0.0	1.0	0.0	0.0
-tus	0.064571306393	0.89480436177	0.0200983536455	0.0205259781911
-dis	0.0	1.0	0.0	0.0
-see	0.0176470588235	0.874264705882	0.0904411764706	0.0176470588235
-ska	0.0567567567568	0.781081081081	0.0162162162162	0.145945945946
-nny	0.150537634409	0.849462365591	0.0	0.0
-lun	0.0820734341252	0.830723542117	0.0321274298056	0.0550755939525
-uku	0.161901160447	0.33163764936	0.0595448337916	0.446916356402
-ven	0.272218769422	0.596643878185	0.058421379739	0.0727159726538
-veh	0.636363636364	0.363636363636	0.0	0.0
-uka	0.576406384051	0.298956191358	0.0540969318971	0.070540492694
-one	0.117668502916	0.464760207388	0.308003888529	0.109567401167
-ver	0.0211653386454	0.934013944223	0.019505312085	0.0253154050465
-ves	0.0338983050847	0.966101694915	0.0	0.0
-uke	0.620060790274	0.343465045593	0.0364741641337	0.0
-nna	0.0764267990075	0.893796526055	0.0178660049628	0.0119106699752
-anu	0.456891126495	0.386406544997	0.058527375708	0.0981749528004
-ngs	0.330848569195	0.635025642003	0.0112481650239	0.0228776237775
-ngu	0.0856877260855	0.222033136235	0.0154799233475	0.676799214332
-air	0.161035226456	0.724658519051	0.0215672178289	0.0927390366642
-eft	0.179548408548	0.557113925581	0.179548408548	0.0837892573225
-nga	0.215385347269	0.336227777374	0.0506445722436	0.397742303114
-aia	0.0132743362832	0.969026548673	0.0	0.0176991150442
-tia	0.0	0.973214285714	0.0267857142858	0.0
-any	0.0367892976589	0.936454849498	0.00334448160535	0.0234113712374
-aim	0.0	1.0	0.0	0.0
-ail	0.0807799442897	0.860724233983	0.016713091922	0.041782729805
-ain	0.113438045375	0.824561403509	0.013777900248	0.048222650868
-kku	0.566563467492	0.315789473684	0.0433436532508	0.0743034055727
-tbu	0.258074524984	0.711784521734	0.000886498625926	0.0292544546556
-ema	0.0	0.975609756098	0.0243902439025	0.0
-uwa	0.271639042357	0.258747697974	0.349907918969	0.1197053407
-jay	0.107142857143	0.220238095238	0.636904761905	0.0357142857143
-emu	0.00577478344562	0.985563041386	0.00577478344561	0.00288739172281
-hmu	0.0935175777281	0.842288152814	0.0380410485674	0.0261532208901
-uwu	0.121791182226	0.17485898469	0.0395994014044	0.66375043168
-tba	0.235435147447	0.707024694318	0.0431551186766	0.0143850395588
-dar	0.31411176174	0.492767673634	0.193120564626	0.0
-jan	0.316621902062	0.626089111592	0.0110652657373	0.046223720608
-jal	0.356084306525	0.441711550596	0.0932776563388	0.10892648654
-jah	0.00573248407643	0.96847133758	0.00191082802548	0.0238853503185
-dal	0.373879639389	0.389222189249	0.117658279013	0.119239892349
-cil	0.0396866840731	0.890687554395	0.0570931244561	0.0125326370757
-cia	0.01100513573	0.97798972854	0.0	0.01100513573
-the	0.0355665239167	0.912172461349	0.0217754228061	0.0304855919285
-rji	0.0914560539886	0.5118028672	0.28215225469	0.114588824122
-buy	0.312540192926	0.331832797428	0.332475884244	0.0231511254019
-zar	0.0	1.0	0.0	0.0
-and	0.0178225003525	0.0227431549874	0.00416141070098	0.955272933959
-ons	0.221823885279	0.494734483531	0.0246470983643	0.258794532825
-ets	0.0807227429699	0.761562654169	0.154322890972	0.0033917118895
-iku	0.244359962222	0.239336552804	0.119791185752	0.396512299223
-tha	0.0	0.984943538269	0.00501882057717	0.0100376411543
-000	0.0998448271334	0.439302147707	0.00119909720336	0.459653927956
-ete	0.00942211055275	0.990577889447	0.0	0.0
-rch	0.142525972353	0.746715892505	0.0373486734781	0.073409461664
-eth	0.0488498639624	0.932599554786	0.00927529062577	0.00927529062581
-kur	0.760416666667	0.239583333333	0.0	0.0
-ank	0.180673083134	0.257799883728	0.0574898262386	0.504037206899
-bun	0.0672039079988	0.0873537046448	0.0604821856439	0.784960201712
-bul	0.176761157151	0.190110405112	0.303488525358	0.329639912379
-uya	0.521739130435	0.242512077295	0.0154589371981	0.220289855072
-wer	0.16	0.213333333333	0.626666666667	0.0
-tku	0.298081213744	0.512717536814	0.0937081659974	0.0954930834449
-300	0.317647058824	0.2	0.176470588235	0.305882352941
-bub	0.00872692653515	0.938911514254	0.0523615592109	0.0
-lio	0.0	0.951219512195	0.0	0.0487804878049
-wel	0.0666666666667	0.833333333333	0.1	0.0
-bur	0.102122366817	0.808520562219	0.0	0.0893570709647
-bus	0.081081081081	0.882882882883	0.0	0.036036036036
-uyu	0.0795175277534	0.872178752013	0.0118640716364	0.0364396485975
-ath	0.0	1.0	0.0	0.0
-uli	0.232956427656	0.365430508026	0.0879864563612	0.313626607956
-kan	0.581376709757	0.110712207915	0.0151479324038	0.292763149925
-kal	0.464694521077	0.303986688809	0.0509385449021	0.180380245212
-ner	0.280708225747	0.557727775728	0.0995942456658	0.0619697528588
-nix	0.110429447853	0.754601226994	0.110429447853	0.0245398773006
-ula	0.093384194759	0.156433235272	0.0112064388932	0.738976131076
-uld	0.408571428572	0.351428571428	0.0514285714286	0.188571428571
-iah	0.0456933998058	0.89323972008	0.0128112335904	0.0482556465238
-ost	0.158813985302	0.794038112811	0.0421849648459	0.0049629370407
-kay	0.288602171636	0.40436998492	0.126464852901	0.180562990543
-nia	0.030975828111	0.946105640107	0.0175470008953	0.0053715308863
-oss	0.169491525424	0.805084745763	0.0254237288136	0.0
-kar	0.127016920004	0.470793554942	0.0337500905085	0.368439434545
-osy	0.25	0.704545454545	0.0	0.0454545454546
-ult	0.141156462585	0.473922902494	0.352040816326	0.0328798185941
-ach	0.0	0.698630136986	0.0	0.301369863014
-aji	0.410095894903	0.31528194515	0.144731127153	0.129891032794
-nbi	0.767567567568	0.221621621622	0.0	0.0108108108108
-aja	0.0584864594943	0.286681870612	0.0457123305572	0.609119339336
-nba	0.26678603968	0.520387541799	0.0213031768385	0.191523241682
-ttl	0.0849056603773	0.61320754717	0.0	0.301886792453
-ate	0.0485508699382	0.888747177179	0.0289924626171	0.0337094902652
-ica	0.0185758513932	0.962848297214	0.0185758513932	0.0
-yre	0.0492753623188	0.921739130435	0.00869565217391	0.0202898550725
-nbu	0.113830338762	0.382683330762	0.0355772608457	0.467909069631
-yra	0.0740740740741	0.925925925926	0.0	0.0
-ilu	0.246595031141	0.431866402026	0.260351789747	0.0611867770858
-dba	0.194125159642	0.792663055445	0.00792707094728	0.00528471396486
-vil	0.04	0.64	0.304	0.016
-yun	0.185614303476	0.322604635336	0.239297507315	0.252483553872
-lda	0.369228362008	0.230367723361	0.0628867635402	0.337517151091
-ard	0.238691049086	0.601539942252	0.0962463907604	0.0635226179018
-vid	0.0088573959256	0.939769707706	0.0	0.0513728963685
-ily	0.815789473684	0.184210526316	0.0	0.0
-yuy	0.217543859649	0.691228070175	0.038596491228	0.0526315789474
-ods	0.313725490196	0.56862745098	0.117647058824	0.0
-lia	0.0	1.0	0.0	0.0
-ila	0.0967980393208	0.825175885139	0.0499497471031	0.0280763284371
-ill	0.159990177591	0.168925361807	0.055418405761	0.615666054841
-ldu	0.185576560564	0.252598696612	0.423622556148	0.138202186675
-oam	0.0	0.935897435897	0.0	0.0641025641025
-aoh	0.0192616372391	0.961476725522	0.0192616372391	0.0
-oah	0.0256629597947	0.948674080411	0.019247219846	0.00641573994867
-amp	0.117391304348	0.739130434783	0.104347826087	0.0391304347826
-amu	0.134084385589	0.679814221432	0.0492598660282	0.136841526951
-ebe	0.238805970149	0.761194029851	0.0	0.0
-ami	0.306338028169	0.588028169014	0.0739436619718	0.0316901408451
-ylu	0.376237623762	0.386138613861	0.163366336634	0.0742574257426
-oaz	0.0	1.0	0.0	0.0
-ama	0.0684561724139	0.222066035567	0.0128684397577	0.696609352262
-oat	0.0844670962289	0.811339389458	0.0495299461287	0.0546635681842
-oas	0.0	1.0	0.0	0.0
-ebu	0.188939728621	0.54323130325	0.0686336383718	0.199195329757
-guy	0.246390003822	0.4625938544	0.192423511409	0.0985926303697
-iri	0.222005821323	0.660940316632	0.0426391098401	0.0744147522051
-ein	0.0	1.0	0.0	0.0
-gus	0.0	1.0	0.0	0.0
-ire	0.0	0.449344457688	0.550655542312	0.0
-eka	0.219888166843	0.551609490706	0.0713314190721	0.157170923379
-use	0.240829676244	0.261240374265	0.0436780657448	0.454251883746
-gun	0.0863855662619	0.0329424906271	0.00404792335176	0.876624019759
-irt	0.131291028446	0.715536105033	0.153172866521	0.0
-iru	0.341372912802	0.361781076067	0.152133580705	0.144712430427
-gue	0.386597938144	0.365979381443	0.0927835051546	0.154639175258
-ust	0.255538267179	0.0744356540608	0.04210087008	0.62792520868
-uza	0.0	1.0	0.0	0.0
-ize	0.11794991809	0.854200795694	0.0278492862158	0.0
-ces	0.0	0.663265306122	0.336734693878	0.0
-eph	0.0163301662708	0.961401425178	0.00534441805226	0.0169239904988
-cea	0.0	1.0	0.0	0.0
-win	0.274509803922	0.647058823529	0.0392156862745	0.0392156862745
-ira	0.0847253726085	0.865732536372	0.0319084654026	0.0176336256172
-pii	0.0	1.0	0.0	0.0
-ius	0.0568207959513	0.913963653094	0.0133425350817	0.015873015873
-pin	0.147138964578	0.237057220708	0.615803814714	0.0
-ium	0.0112359550562	0.988764044944	0.0	0.0
-iud	0.0	1.0	0.0	0.0
-eks	0.05	0.44	0.02	0.49
-ace	0.207764952781	0.665792235047	0.113850996852	0.01259181532
-uel	0.126419379258	0.823618470855	0.00908402725207	0.0408781226343
-owl	0.861386138614	0.138613861386	0.0	0.0
-own	0.0363005651638	0.644447830023	0.0202216707635	0.29902993405
-rlu	0.14606741573	0.730337078652	0.0	0.123595505618
-sda	0.0420560747664	0.598130841122	0.0934579439252	0.266355140187
-alt	0.113377811167	0.783742323144	0.0965810984016	0.00629876728706
-min	0.0	1.0	0.0	0.0
-age	0.0407239819004	0.9592760181	0.0	0.0
-ote	0.0	0.945454545455	0.0545454545455	0.0
-ong	0.258953168044	0.707988980716	0.0330578512397	0.0
-ond	0.133333333333	0.533333333333	0.266666666667	0.0666666666667
-ans	0.589830508475	0.277966101695	0.0508474576271	0.0813559322034
-ths	0.23	0.215	0.315	0.24
-day	0.485086338968	0.168867375193	0.0484515131833	0.297594772656
-ggy	0.114285714286	0.792857142857	0.0642857142857	0.0285714285714
-nin	0.24745240546	0.0878947145087	0.017554449451	0.64709843058
-thy	0.0783402489626	0.804315352697	0.0159336099585	0.101410788382
-das	0.0323672904682	0.919616980995	0.00152916332921	0.0464865652079
-450	0.0	0.133333333333	0.0444444444444	0.822222222222
-dam	0.0134739308729	0.903925014646	0.0310486233157	0.0515524311658
-dan	0.689080486839	0.0781796083751	0.0281018550752	0.204638049711
-dah	0.0	1.0	0.0	0.0
-ane	0.0	1.0	0.0	0.0
-rts	0.127118644068	0.387711864407	0.472457627119	0.0127118644068
-yka	0.243054016647	0.460108952629	0.131366175299	0.165470855425
-ani	0.070796460177	0.929203539823	0.0	0.0
-ulu	0.17558268726	0.0245962987179	0.00279299679044	0.797028017232
-rty	0.0	0.984455958549	0.0155440414508	0.0
-dab	0.0	1.0	0.0	0.0
-tan	0.0725959057285	0.849991398589	0.0387063478411	0.038706347841
-mns	0.503401360544	0.496598639456	0.0	0.0
-cks	0.178321678322	0.548951048951	0.20979020979	0.062937062937
-yis	0.04	0.96	0.0	0.0
-rga	0.0	1.0	0.0	0.0
-yil	0.161393207652	0.660407172007	0.121905669513	0.0562939508289
-yin	0.560573857598	0.148777895855	0.122387530995	0.168260715551
-tax	0.0499108734403	0.936541889483	0.00570409982174	0.0078431372549
-tar	0.101802757158	0.742311770944	0.13361611877	0.0222693531283
-mia	0.0681818181818	0.931818181818	0.0	0.0
-rmu	0.0818181818181	0.881818181818	0.0181818181818	0.0181818181818
-ent	0.181466787814	0.659001970151	0.0965583833368	0.0629728586979
-aju	0.0594917212168	0.870812475934	0.0215633423181	0.0481324605314
-rmy	0.209650582363	0.720465890183	0.0	0.0698835274543
-ens	0.0482954545454	0.928977272727	0.0170454545454	0.00568181818181
-mis	0.0740740740741	0.925925925926	0.0	0.0
-rma	0.0773058746205	0.803292541704	0.0843479077338	0.0350536759413
-ene	0.00638977635782	0.980830670927	0.0	0.0127795527157
-cup	0.0	1.0	0.0	0.0
-oel	0.0	0.844155844156	0.0	0.155844155844
