jer-	0.00541458753583	0.976621722051	0.000254804119333	0.0177088862937
łin-	0.376704672479	0.372009836798	0.0827185334228	0.168566957299
ndų-	0.0638927847904	0.588125292193	0.0294530154278	0.318528907589
ni'-	0.341467358427	0.328559393245	0.0379221734666	0.292051074861
gin-	0.326920695073	0.318405533694	0.0235642302534	0.331109540979
fig-	0.0106699430936	0.94548629074	0.0351138127263	0.00872995344025
k'ą-	0.138844156731	0.48979370555	0.0631292342167	0.308232903503
mou-	0.0569620253165	0.810126582278	0.0	0.132911392405
maa-	0.0	1.0	0.0	0.0
nąą-	0.624128707014	0.156729854163	0.0582576712364	0.160883767587
jac-	0.00187969924812	0.990601503759	0.0	0.00751879699249
000-	0.0817142916875	0.232370403935	0.0205439885881	0.665371315789
kou-	0.0	0.842105263158	0.0	0.157894736842
pro-	0.0847936541078	0.905784828769	0.00942151712308	0.0
gyu-	0.046511627907	0.953488372093	0.0	0.0
nij-	0.0991209390296	0.0495401259627	0.00356873213836	0.847770202869
nda-	0.208076444003	0.253167927999	0.187761875047	0.350993752952
mah-	0.363451147134	0.585968642041	0.0267517051998	0.0238285056249
joe-	0.366666666667	0.566666666667	0.0222222222222	0.0444444444444
hoi-	0.467448001649	0.0813050487464	0.0146127136091	0.436634235995
ite-	0.978873239437	0.0	0.0	0.0211267605634
t'o-	0.431338534105	0.0561776857559	0.00919109553787	0.503292684601
iłt-	0.43871358794	0.129990849078	0.210494786569	0.220800776413
lis-	0.0794091238588	0.847032950883	0.0735579252586	0.0
viz-	0.208874375059	0.443322921238	0.0441524468424	0.30365025686
ddh-	0.0491368539154	0.892725093709	0.0344238468012	0.0237142055741
rac-	0.43137254902	0.529411764706	0.0392156862745	0.0
yal-	0.396383866481	0.464534075104	0.0709318497913	0.0681502086231
dil-	0.324194121551	0.467218119153	0.0324997324086	0.176088026888
yaz-	0.538277511962	0.407894736842	0.0179425837321	0.0358851674641
hij-	0.706194690266	0.09203539823	0.0796460176991	0.122123893805
vil-	0.409078330427	0.434125061351	0.156796608223	0.0
fou-	0.0714285714286	0.0178571428571	0.910714285714	0.0
tse-	0.447074557004	0.436910732197	0.0160481444333	0.0999665663658
der-	0.00938967136149	0.990610328639	0.0	0.0
khą-	0.756944444444	0.243055555556	0.0	0.0
ye'-	0.366533864542	0.418326693227	0.113545816733	0.101593625498
abi-	0.0100112030129	0.949943984936	0.0400448120515	0.0
hem-	0.0	1.0	0.0	0.0
mil-	0.0274711298774	0.779976598667	0.0236556951722	0.168896576283
dis-	0.323491498373	0.340893745013	0.11586151863	0.219753237984
tib-	0.0	1.0	0.0	0.0
gan-	0.597375856679	0.178704009859	0.0591784898401	0.164741643621
teh-	0.602941176471	0.222058823529	0.139705882353	0.035294117647
niz-	0.122007944359	0.361537225267	0.327031172746	0.189423657627
aen-	0.0	1.0	0.0	0.0
imm-	0.158823529412	0.664705882353	0.141176470588	0.0352941176471
ahd-	0.135483870968	0.748387096774	0.0774193548387	0.0387096774194
ari-	0.0296561051005	0.930738021638	0.0280139103555	0.0115919629057
ine-	0.378513366413	0.331629653771	0.186885998037	0.102970981779
eev-	0.38	0.52	0.02	0.08
gog-	0.366423875536	0.316247691684	0.176766715789	0.140561716992
ood-	0.403116097901	0.268879716296	0.0481367362363	0.279867449567
gig-	0.539181115058	0.217765904009	0.0319231436101	0.211129837323
tai-	0.11078535892	0.823116560057	0.0290511727079	0.0370469083156
jya-	0.57805242993	0.0243692410064	0.00475072334056	0.392827605723
nii-	0.341280040403	0.19164052436	0.193855875342	0.273223559895
akǫ-	0.465566229198	0.302394804492	0.0832093086186	0.148829657692
abr-	0.0146692541601	0.949574438825	0.0236083309139	0.0121479761013
daz-	0.16974789916	0.684369747899	0.0766386554622	0.069243697479
adm-	0.0	1.0	0.0	0.0
ya'-	0.280013027304	0.379352568346	0.219391650259	0.121242754091
zac-	0.0	0.989473684211	0.0105263157895	0.0
dah-	0.268235667647	0.32973065178	0.044963055525	0.357070625048
agh-	0.189374013677	0.788532351394	0.00631246712256	0.0157811678064
val-	0.152485858823	0.267790047776	0.367397953612	0.21232613979
mul-	0.0272373540856	0.11673151751	0.809338521401	0.0466926070039
sh'-	0.747374239912	0.0978441127695	0.0608070757325	0.0939745715865
jid-	0.149984762014	0.225222333291	0.00947979105878	0.615313113636
łąą-	0.168535347575	0.134545025375	0.0535819662457	0.643337660805
yąh-	0.38503850385	0.565456545655	0.0	0.049504950495
jat-	0.236004390779	0.0998902305159	0.664105378705	0.0
tya-	0.268692414638	0.612778942903	0.0421801729623	0.076348469496
per-	0.0	0.994671403197	0.0	0.00532859680284
łi'-	0.166306998026	0.381207731763	0.212169623132	0.240315647079
dor-	0.0	1.0	0.0	0.0
pat-	0.0281359906213	0.971864009379	0.0	0.0
yiz-	0.198199270618	0.601815879749	0.0578527600723	0.14213208956
alt-	0.0209248256265	0.979075174374	0.0	0.0
gwi-	0.247679979722	0.226405877613	0.0915221793555	0.43439196331
dol-	0.241125090151	0.583139674653	0.0592595560542	0.116475679141
jor-	0.00105960264901	0.998940397351	0.0	0.0
gęh-	0.163763239627	0.0892928247193	0.446563669666	0.300380265987
hįh-	0.43598615917	0.377162629758	0.083044982699	0.103806228374
myr-	0.132508833922	0.840989399293	0.0159010600707	0.0106007067138
gen-	0.146341463415	0.710131332083	0.06191369606	0.0816135084428
hąh-	0.472751149048	0.369665134603	0.0	0.157583716349
ake-	0.0	1.0	0.0	0.0
diz-	0.103284700183	0.48348678382	0.0217559520472	0.39147256395
jam-	0.00298953662183	0.98903836572	0.00249128051819	0.00548081714001
vig-	0.181069668035	0.642960280552	0.0517696530539	0.124200398359
kid-	0.0408163265306	0.959183673469	0.0	0.0
mar-	0.013675994173	0.840562694323	0.00253661789113	0.143224693613
syc-	0.0170132325142	0.858223062382	0.102079395085	0.0226843100189
nig-	0.436641484539	0.326913817414	0.0570139785346	0.179430719513
por-	0.0386266094421	0.961373390558	0.0	0.0
sce-	0.0	0.962962962963	0.037037037037	0.0
pas-	0.0365840911466	0.960280129612	0.000522629873525	0.00261314936762
cos-	0.0905660377359	0.909433962264	0.0	0.0
it'-	0.244741673715	0.11465056037	0.0307400352833	0.609867730632
hor-	0.0694846554718	0.871453387377	0.0590619571512	0.0
iiz-	0.0983752482743	0.136635633032	0.276027230193	0.488961888501
zer-	0.0588427590716	0.941157240928	0.0	0.0
nai-	0.394398682043	0.360461285008	0.077100494234	0.168039538715
gał-	0.0946150401051	0.898183815193	0.00240038156715	0.0048007631343
red-	0.244239631336	0.456221198157	0.221198156682	0.0783410138249
łaa-	0.444394752534	0.436225402504	0.0957662492547	0.0236135957066
276-	0.0	0.257142857143	0.0	0.742857142857
haa-	0.122345192079	0.0292517004179	0.00740487074573	0.840998236757
anv-	0.578947368421	0.276315789474	0.131578947368	0.0131578947368
che-	0.565262040793	0.263800213234	0.0533957003527	0.11754204562
dih-	0.439403697358	0.232294764184	0.0363791779629	0.291922360495
epa-	0.0777476734598	0.823300742137	0.0247378961008	0.0742136883025
yac-	0.382282549234	0.510325492341	0.0766206236324	0.0307713347921
yei-	0.193069306931	0.688118811881	0.118811881188	0.0
sap-	0.0913160250672	0.563115487914	0.0716204118174	0.273948075201
asi-	0.00440140845071	0.989730046948	0.0	0.00586854460094
eve-	0.0940438871473	0.905956112853	0.0	0.0
nan-	0.123375740762	0.655470449853	0.0344136185165	0.186740190868
izh-	0.18636683302	0.0749608024783	0.0217135343514	0.716958830151
ohn-	0.322121034078	0.125734430082	0.338425381904	0.213719153937
shą-	0.608388198001	0.113021214338	0.0432821263106	0.235308461351
hid-	0.368932038835	0.631067961165	0.0	0.0
ill-	0.0714285714286	0.928571428571	0.0	0.0
gǫh-	0.302802689608	0.253638190343	0.0714372700307	0.372121850019
t'į-	0.665924276169	0.232863152685	0.014847809948	0.0863647611976
5:0-	0.0969305331178	0.0888529886914	0.358642972536	0.455573505654
łah-	0.335902585329	0.117523230384	0.0693732407516	0.477200943536
mel-	0.0482869625201	0.931708438722	0.00137962750058	0.0186249712577
łan-	0.158189454036	0.698553429771	0.0545963602426	0.0886607559495
add-	0.0	1.0	0.0	0.0
vav-	0.0	0.954128440367	0.045871559633	0.0
hah-	0.394607420596	0.29415636725	0.0830013384279	0.228234873727
nap-	0.0	1.0	0.0	0.0
isa-	0.0159815470796	0.962105610017	0.00197709860779	0.0199357442952
tee-	0.290795964777	0.24949884177	0.0461967883621	0.413508405091
tąį-	0.360655952085	0.417750984059	0.00745400096771	0.214139062888
mus-	0.117578579744	0.8358556461	0.0325960419092	0.0139697322468
eut-	0.0597014925373	0.910447761194	0.0	0.0298507462686
pud-	0.0754716981132	0.924528301887	0.0	0.0
yųh-	0.0	0.879194630872	0.0	0.120805369128
yah-	0.330125885318	0.0828924242417	0.0108382466089	0.576143443831
bab-	0.0304955527319	0.933926302414	0.0114358322745	0.0241423125794
ita-	0.0	0.980937251787	0.0190627482129	0.0
dił-	0.384085504436	0.370563097254	0.204283996876	0.0410674014338
eno-	0.0	0.989966555184	0.0	0.010033444816
gij-	0.264150943396	0.490566037736	0.207547169811	0.0377358490566
tsi-	0.131006076875	0.777738281365	0.0703892445205	0.0208663972389
t'a-	0.347886237012	0.249692348945	0.0612230470712	0.341198366971
jyą-	0.156690788303	0.128996381755	0.039237202681	0.675075627262
doo-	0.387483444967	0.33852573618	0.0392000392869	0.234790779566
t'i-	0.361467820098	0.0985519953321	0.0299165053351	0.510063679234
kǫ'-	0.0700515255022	0.888728072715	0.0163260580096	0.0248943437735
yih-	0.584470737437	0.26271780517	0.0527357327979	0.100075724595
aan-	0.699027615963	0.0495528569782	0.0217106021227	0.229708924936
roo-	0.197368421053	0.683198380567	0.0	0.11943319838
jud-	0.0329591576079	0.924254250277	0.00418641614395	0.0386001759714
non-	0.28	0.0	0.0872727272727	0.632727272727
łǫǫ-	0.603245393602	0.272132055025	0.0379286025918	0.0866939487811
zha-	0.285682470513	0.0824669440311	0.00877371194792	0.623076873508
pou-	0.407142857143	0.314285714286	0.192857142857	0.0857142857143
hiz-	0.614035087719	0.105263157895	0.0	0.280701754386
mal-	0.103092783505	0.814432989691	0.0618556701031	0.020618556701
vat-	0.178782007008	0.294553073154	0.0566485418679	0.47001637797
eph-	0.0199036918138	0.952487961477	0.00481540930979	0.0227929373997
sab-	0.0243902439024	0.975609756098	0.0	0.0
hou-	0.0721779269828	0.842215694503	0.0151070079731	0.0704993705413
oał-	0.559734513274	0.300884955752	0.106194690265	0.033185840708
nin-	0.350285245039	0.359346315787	0.118259781877	0.172108657298
gra-	0.0166062362456	0.91281725971	0.0687972644462	0.00177923959775
whe-	0.0957632037144	0.878119558909	0.0174114915844	0.00870574579221
mot-	0.0966821505303	0.86140951281	0.0356666694974	0.00624166716205
gic-	0.462242562929	0.274599542334	0.185354691075	0.0778032036614
khw-	0.320389950924	0.264724138894	0.0390652666501	0.375820643533
inl-	0.407588517613	0.0868609872637	0.00629224795052	0.499258247173
ghi-	0.0	0.936842105263	0.0631578947369	0.0
psa-	0.0363269424823	0.806256306761	0.0363269424823	0.121089808274
ii'-	0.449438202247	0.47191011236	0.0561797752809	0.0224719101123
yu'-	0.559750378847	0.0636700991564	0.0236257114561	0.352953810541
and-	0.065414185333	0.189007426344	0.130917948462	0.614660439861
viy-	0.179842842501	0.6	0.101264092928	0.118893064571
ALL	0.212919724374	0.259155905308	0.0483856519749	0.479538718343
ana-	0.265782027515	0.639233095912	0.0563469606791	0.0386379158942
kha-	0.369962928957	0.378935936739	0.0832231246196	0.167878009684
oil-	0.0	0.771739130435	0.228260869565	0.0
cil-	0.0	1.0	0.0	0.0
ohł-	0.4250764526	0.409785932722	0.100917431193	0.0642201834862
ger-	0.0223048327137	0.955390334572	0.0223048327138	0.0
oh'-	0.711787798466	0.151096195533	0.0379822731305	0.0991337328707
hał-	0.435389656646	0.0709502778173	0.0359025502208	0.457757515316
arm-	0.0	1.0	0.0	0.0
rhe-	0.0639658848614	0.914712153518	0.0213219616205	0.0
cal-	0.0275229357798	0.97247706422	0.0	0.0
mor-	0.384615384615	0.307692307692	0.153846153846	0.153846153846
nis-	0.165756124548	0.237521827078	0.391072076901	0.205649971474
vi'-	0.414201183432	0.349112426035	0.0177514792899	0.218934911243
gaa-	0.221137447591	0.0520915203604	0.018139286726	0.708631745323
hąą-	0.728946751114	0.227656579873	0.0240441003988	0.0193525686136
lid-	0.52324437178	0.443967469153	0.0327881590671	0.0
div-	0.0640103765555	0.887641360302	0.00249685865996	0.045851404483
iłe-	0.613916033297	0.231360839667	0.0696706478466	0.0850524791893
gas-	0.648571428572	0.158571428571	0.128571428571	0.0642857142857
ata-	0.416941383316	0.54098772409	0.0182097893316	0.023861103262
fra-	0.0	1.0	0.0	0.0
pig-	0.151400233372	0.843348891482	0.00525087514585	0.0
dat-	0.0874331273663	0.104630304273	0.043024029029	0.764912539331
isc-	0.0109677419355	0.985161290323	0.0	0.00387096774194
dov-	0.465484940193	0.342844790316	0.0965556996685	0.0951145698227
spo-	0.487364620939	0.404332129964	0.0541516245487	0.0541516245487
mes-	0.0854430379747	0.910759493671	0.0	0.00379746835443
eet-	0.557408535095	0.261253383247	0.0529074459836	0.128430635674
arc-	0.366366366366	0.525525525525	0.0	0.108108108108
ąhd-	0.770491803279	0.196721311475	0.0	0.0327868852459
sul-	0.051597051597	0.933660933661	0.014742014742	0.0
dij-	0.143377247307	0.748526817551	0.011259993244	0.0968359418984
okh-	0.447368421053	0.342105263158	0.105263157895	0.105263157895
iss-	0.0	1.0	0.0	0.0
ram-	0.0	1.0	0.0	0.0
ǫǫh-	0.16	0.54	0.0	0.3
sec-	0.0168123739072	0.168123739072	0.802958977808	0.0121049092132
tsa-	0.124750763326	0.105566410642	0.200728595629	0.568954230402
cau-	0.0626304801671	0.937369519833	0.0	0.0
ahc-	0.610778443114	0.107784431138	0.245508982036	0.0359281437126
bug-	0.0642201834862	0.522935779817	0.412844036697	0.0
jai-	0.112426035503	0.878698224852	0.00295857988165	0.00591715976332
str-	0.184176394293	0.465629053178	0.350194552529	0.0
vik-	0.27066103381	0.348749803796	0.061180457756	0.319408704638
tal-	0.0	0.962025316456	0.0379746835443	0.0
gid-	0.607752520341	0.261250142534	0.0882706070951	0.0427267300301
ahs-	0.394230769231	0.519230769231	0.0865384615385	0.0
nyą-	0.290851536563	0.0339996776371	0.00331614303694	0.671832642763
k'o-	0.0654970760234	0.0830409356725	0.851461988304	0.0
jeh-	0.696198534984	0.303801465016	0.0	0.0
lem-	0.0361445783133	0.903614457831	0.0602409638554	0.0
yąą-	0.67507178388	0.117664900716	0.0317466736765	0.175516641728
she-	0.230240676167	0.141210239913	0.0220166997507	0.60653238417
450-	0.0416666666667	0.125	0.0416666666667	0.791666666667
ohg-	0.618101545254	0.381898454746	0.0	0.0
oot-	0.245093970475	0.427758344697	0.208691527835	0.118456156993
aih-	0.394877267876	0.357524012807	0.0811099252935	0.166488794024
dak-	0.323077350173	0.367626771125	0.0772555580547	0.232040320648
ęhd-	0.297092755719	0.309560297791	0.0447220943991	0.34862485209
vak-	0.179954235518	0.499179271103	0.0362439692588	0.28462252412
pon-	0.00684931506849	0.986301369863	0.0	0.00684931506849
anr-	0.411648568608	0.52912142152	0.0533070088845	0.00592300098717
chi-	0.292006999821	0.40576101645	0.106760454435	0.195471529294
adą-	0.211127426986	0.35813346386	0.0489476260401	0.381791483113
ajy-	0.0333333333333	0.891666666667	0.075	0.0
ben-	0.0	1.0	0.0	0.0
veh-	0.280492518359	0.291314670642	0.0380983932417	0.390094417757
syr-	0.0381877022654	0.930097087379	0.0161812297735	0.0155339805825
aah-	0.214607464607	0.136743886744	0.0265444015444	0.622104247104
goa-	0.557726465364	0.331705150977	0.00666074600356	0.103907637655
inz-	0.376060741402	0.328420425785	0.142920946851	0.152597885961
cyp-	0.0	0.994666666667	0.00533333333333	0.0
gol-	0.0223559193872	0.746194562251	0.228983791958	0.002465726403
ili-	0.41095890411	0.239470243847	0.106434377309	0.243136474734
hrs-	0.0617283950617	0.62962962963	0.242798353909	0.0658436213992
lam-	0.166077738516	0.722614840989	0.047703180212	0.0636042402827
nar-	0.476350398734	0.318129761575	0.0807601693248	0.124759670367
gat-	0.487617251477	0.302198620279	0.158072360911	0.0521117673333
gǫą-	0.752300258158	0.17951942808	0.0403786324221	0.0278016813398
idi-	0.415732304314	0.334540869805	0.123251777002	0.126475048879
an--	0.434200899243	0.384524640498	0.0334291802148	0.147845280044
hih-	0.576122627677	0.0702127322849	0.00852430168705	0.345140338351
chr-	0.00846186885582	0.903467741136	0.00168928609096	0.0863811039172
eh'-	0.163297498641	0.262529991119	0.0209440740201	0.55322843622
sat-	0.0987331979499	0.861231989169	0.00696257615317	0.0330722367276
pur-	0.0340909090909	0.105681818182	0.860227272727	0.0
kat-	0.0353714776332	0.0159685769664	0.000863722128253	0.947796223272
esl-	0.0	1.0	0.0	0.0
the-	0.0583703703704	0.906074074074	0.0177777777778	0.0177777777778
ooł-	0.84116561521	0.126389425347	0.0	0.0324449594438
oaa-	0.581426124864	0.215631324926	0.0236649540713	0.179277596139
yad-	0.434272300469	0.443661971831	0.056338028169	0.0657276995305
kis-	0.0	0.968421052632	0.0315789473684	0.0
ik'-	0.466042154567	0.453161592506	0.0597189695551	0.0210772833723
goo-	0.312996404131	0.233665340574	0.0631756947951	0.3901625605
zhe-	0.0793181644396	0.675143846298	0.0339125824553	0.211625406808
jii-	0.066445771254	0.0500984905249	0.021259196521	0.8621965417
eup-	0.0	1.0	0.0	0.0
:00-	0.0	0.85201793722	0.0538116591928	0.0941704035874
tth-	0.206620987447	0.251735169949	0.0370219183029	0.504621924301
ład-	0.195195195195	0.537537537538	0.195195195195	0.0720720720721
nąį-	0.0594612720331	0.0659895512781	0.0035583081847	0.870990868504
adr-	0.282950338758	0.569323182231	0.094642732416	0.053083746595
va--	0.0602999210734	0.877985793212	0.0174396211523	0.0442746645619
iin-	0.547235299507	0.223127451537	0.0724989419397	0.157138307016
ter-	0.170373876006	0.815428300994	0.0141978230005	0.0
gok-	0.0926784059314	0.736793327155	0.0148285449491	0.155699721965
gun-	0.258741258741	0.48951048951	0.0839160839161	0.167832167832
did-	0.109536804335	0.678955708488	0.0222398116599	0.189267675518
iłk-	0.724107199695	0.168947736966	0.0735247310459	0.0334203322936
oah-	0.760296669201	0.11402267577	0.0202168638763	0.105463791153
ebe-	0.0	1.0	0.0	0.0
ale-	0.0282258064516	0.838037634409	0.129704301075	0.00403225806452
nym-	0.323529411765	0.676470588235	0.0	0.0
oli-	0.0403911564626	0.84481292517	0.109693877551	0.00510204081633
luc-	0.0	1.0	0.0	0.0
łag-	0.474224551168	0.28134694595	0.0575321510183	0.186896351863
par-	0.0	1.0	0.0	0.0
yit-	0.32020667471	0.267705637259	0.0486522726782	0.363435415352
dec-	0.0	0.717171717172	0.0	0.282828282828
voh-	0.534883122895	0.234525676961	0.0558027104174	0.174788489727
eli-	0.00389967012914	0.963244841381	0.00568062184166	0.027174866648
ats-	0.0	0.471365638767	0.528634361233	0.0
fif-	0.0	0.0192307692308	0.980769230769	0.0
soo-	0.046511627907	0.953488372093	0.0	0.0
di'-	0.484642995687	0.0865306476284	0.0483973196018	0.380429037083
col-	0.267298578199	0.516587677725	0.125118483412	0.0909952606635
jul-	0.0	1.0	0.0	0.0
vit-	0.0535406388104	0.689389949456	0.0128232399922	0.244246171741
var-	0.392474234422	0.182011069786	0.0342016277441	0.391313068048
hee-	0.360155435953	0.0918482690389	0.0324471557071	0.515549139301
ǫhj-	0.628603104213	0.179970436068	0.134885439763	0.0565410199556
ene-	0.164835164835	0.769230769231	0.0	0.0659340659341
nał-	0.783773824805	0.108876372191	0.0257168193911	0.0816329836127
phl-	0.0	1.0	0.0	0.0
cry-	0.0833333333333	0.605555555556	0.311111111111	0.0
jez-	0.453862056005	0.447472279647	0.0394662657395	0.0591993986093
sco-	0.13250431947	0.784513177427	0.0347991142044	0.0481833888983
jod-	0.0	1.0	0.0	0.0
lin-	0.00559179869524	0.68825722274	0.306150978565	0.0
hoh-	0.429941674217	0.232451258906	0.0523960936497	0.285210973228
dac-	0.121605741952	0.703161207411	0.111547876523	0.0636851741148
khe-	0.237058256857	0.424149470162	0.0473051766972	0.291487096283
alp-	0.0051282051282	0.994871794872	0.0	0.0
ool-	0.41986176077	0.309675518397	0.0160828944299	0.254379826403
lat-	0.0775885777147	0.0466952376587	0.0237773296054	0.851938855021
pen-	0.0	1.0	0.0	0.0
rab-	0.0	0.823529411765	0.0	0.176470588235
ape-	0.0357142857143	0.964285714286	0.0	0.0
tły-	0.449612096264	0.423725459151	0.0486858771374	0.0779765674477
tǫǫ-	0.0202533383681	0.886100717449	0.0817685626996	0.0118773814836
gai-	0.434708921014	0.441411474588	0.0724246873998	0.0514549169981
aja-	0.722891566265	0.180722891566	0.0963855421687	0.0
isr-	0.100894087546	0.74457127538	0.0658736989639	0.08866093811
łit-	0.282169301581	0.585351210727	0.102461476886	0.0300180108065
adǫ-	0.315789473684	0.59649122807	0.0	0.0877192982456
nal-	0.261828904555	0.404995932755	0.136252711497	0.196922451193
rho-	0.0738916256157	0.926108374384	0.0	0.0
car-	0.0	0.857186265573	0.142813734427	0.0
sca-	0.0263157894737	0.205263157895	0.768421052632	0.0
iit-	0.360655737705	0.475409836066	0.0983606557377	0.0655737704918
dir-	0.269893480297	0.511447056004	0.0512340165988	0.1674254471
vaz-	0.187234042553	0.276595744681	0.0765957446809	0.459574468085
mid-	0.0869565217391	0.804347826087	0.108695652174	0.0
yuu-	0.442835692171	0.187133549546	0.0591062782767	0.310924480006
ang-	0.580580580581	0.359359359359	0.02002002002	0.0400400400401
yar-	0.427135678392	0.371859296482	0.175879396985	0.0251256281407
zec-	0.0349854227405	0.919825072886	0.0102040816327	0.0349854227405
voo-	0.0801122905518	0.806930432494	0.00852706377753	0.104430213177
kee-	0.488263483071	0.421055122695	0.0405751583812	0.0501062358534
day-	0.622047244095	0.314960629921	0.0	0.0629921259842
tah-	0.265356265356	0.660933660934	0.0515970515971	0.022113022113
t'ą-	0.200392389469	0.12729844413	0.410868275768	0.261440890633
eek-	0.140747286039	0.845998485231	0.00946730623579	0.00378692249432
666-	0.0	0.0	0.0	1.0
va'-	0.0458218289211	0.732118538615	0.032684101748	0.189375530716
cai-	0.0349090909091	0.964363636364	0.000727272727273	0.0
sod-	0.00944237528195	0.985836437077	0.0	0.00472118764098
amm-	0.0	1.0	0.0	0.0
dlo-	0.129407351838	0.377344336084	0.487621905476	0.00562640660166
ihd-	0.125579128153	0.688507637431	0.124877568778	0.0610356656386
ide-	0.320752846787	0.264655990246	0.102351175073	0.312239987894
ee'-	0.321144674086	0.519872813991	0.101748807631	0.0572337042925
kan-	0.495383472478	0.3770871657	0.0581930097637	0.0693363520589
nei-	0.522641114053	0.285333282533	0.0737241155964	0.118301487817
yea-	0.00271370420624	0.967887833559	0.00768882858435	0.0217096336499
lig-	0.1875	0.791666666667	0.0	0.0208333333333
diy-	0.458620785968	0.286093344133	0.0530681786443	0.202217691255
nav-	0.882775119617	0.0885167464115	0.0143540669856	0.0143540669856
tso-	0.281650071124	0.628733997155	0.0896159317212	0.0
k'a-	0.281155197132	0.51149386692	0.136326342314	0.0710245936342
gwo-	0.121739130435	0.773913043478	0.104347826087	0.0
yęh-	0.671595330739	0.171206225681	0.0700389105058	0.0871595330739
juu-	0.0574200357764	0.0929341043547	0.00186425245504	0.847781607414
nju-	0.206089155208	0.709327699075	0.00935194485816	0.075231200859
luh-	0.596354166667	0.266927083333	0.0	0.13671875
gir-	0.486877705628	0.34604978355	0.0403138528138	0.126758658009
eey-	0.460567823344	0.365930599369	0.0946372239748	0.0788643533123
met-	0.0	1.0	0.0	0.0
100-	0.00742666171556	0.0508726327516	0.103106820151	0.838593885382
daa-	0.19617710657	0.371301941222	0.363936330667	0.0685846215423
mna-	0.0	0.938144329897	0.0	0.0618556701031
gyų-	0.0660740298825	0.86470555786	0.0503421180057	0.0188782942521
na--	0.2223066692	0.581322439673	0.0259357780734	0.170435113053
vad-	0.202080261301	0.708573150042	0.0378157256338	0.051530863023
mys-	0.0	1.0	0.0	0.0
hil-	0.337330202168	0.260267937341	0.173660983911	0.22874087658
nor-	0.0472440944882	0.551181102362	0.330708661417	0.0708661417323
ky'-	0.139269937224	0.313996744943	0.226458963032	0.320274354801
ele-	0.0	1.0	0.0	0.0
mat-	0.0248260487739	0.973400662028	0.0	0.00177328919814
nit-	0.17992477521	0.287873553766	0.221418610369	0.310783060655
tąh-	0.408	0.592	0.0	0.0
ohz-	0.72641509434	0.188679245283	0.0849056603774	0.0
smy-	0.0	1.0	0.0	0.0
tsu-	0.0677966101695	0.915254237288	0.0169491525424	0.0
vas-	0.359516616314	0.486404833837	0.154078549849	0.0
dįh-	0.407204385278	0.194573679119	0.0921276889769	0.306094246626
ala-	0.233463035019	0.587937743191	0.0533073929961	0.125291828794
eag-	0.0288461538462	0.923076923077	0.0480769230769	0.0
cop-	0.0767386091127	0.923261390887	0.0	0.0
qua-	0.0	0.880650994575	0.108499095841	0.0108499095841
dig-	0.295320319939	0.401162952548	0.0572790273449	0.246237700169
nah-	0.270059567521	0.35190310306	0.0379761323077	0.340061197111
duu-	0.157176412535	0.0750207823753	0.0497365119451	0.718066293144
zeu-	0.0	1.0	0.0	0.0
gąą-	0.234975399096	0.0765268604433	0.0482157659706	0.64028197449
ohą-	0.265486725664	0.734513274336	0.0	0.0
zhi-	0.0382536183966	0.0226958127667	0.00309717112011	0.935953397717
khy-	0.281152377647	0.113675807011	0.171121138494	0.434050676848
cni-	0.212389380531	0.495575221239	0.0	0.29203539823
tha-	0.00456621004566	0.995433789954	0.0	0.0
ąh'-	0.460034013605	0.357142857143	0.093537414966	0.0892857142857
geh-	0.086266756916	0.0592905323727	0.00691784118498	0.847524869526
two-	0.17661097852	0.582338902148	0.0572792362768	0.183770883055
tre-	0.461761959116	0.394002282868	0.0498080315451	0.0944277264709
her-	0.0282616283652	0.900239829755	0.0538772477002	0.0176212941799
kin-	0.0495985243606	0.837647062233	0.0223142645385	0.090440148868
reu-	0.0	0.769230769231	0.0	0.230769230769
150-	0.0	0.640243902439	0.0548780487805	0.304878048781
ya--	0.169014084507	0.718309859155	0.0	0.112676056338
vał-	0.292857142857	0.428571428571	0.278571428571	0.0
dan-	0.397939990071	0.458666439947	0.0459807008839	0.097412869098
iro-	0.0	0.804733727811	0.195266272189	0.0
0.0-	0.0097943192948	0.843290891283	0.146914789422	0.0
gre-	0.0335521517141	0.527498176514	0.436323851203	0.00262582056893
ser-	0.0	1.0	0.0	0.0
atł-	0.290262172285	0.698501872659	0.0	0.0112359550562
euo-	0.102564102564	0.897435897436	0.0	0.0
ndi-	0.537366548043	0.462633451957	0.0	0.0
cri-	0.0	1.0	0.0	0.0
ooh-	0.575811506714	0.236345058255	0.10426248928	0.0835809457508
elm-	0.0	1.0	0.0	0.0
giv-	0.339015550996	0.28544035589	0.0665375544093	0.309006538705
sac-	0.120869689601	0.685428884757	0.128617746627	0.0650836790158
fee-	0.0833829660511	0.53007742704	0.205479452055	0.181060154854
din-	0.0616065268564	0.485840244736	0.0193001155339	0.433253112874
yai-	0.203389830508	0.657332350774	0.0	0.139277818718
nac-	0.0434488702641	0.598730700595	0.00780392329986	0.350016505841
yin-	0.481126759632	0.316823825331	0.0957961560493	0.106253258988
agr-	0.0191693290735	0.974932415827	0.00589825509953	0.0
gik-	0.599994895832	0.212937363357	0.083708347866	0.103359392944
hoo-	0.570876723486	0.242026877654	0.0716737448368	0.115422654023
ihł-	0.439359270096	0.0992040663967	0.00754813548671	0.453888528021
sos-	0.0	1.0	0.0	0.0
łąį-	0.0530169149205	0.915172936127	0.0106033829841	0.0212067659682
don-	0.0311934900542	0.95705244123	0.000904159132004	0.0108499095841
bit-	0.0	1.0	0.0	0.0
yii-	0.497454665964	0.156454676672	0.0525505285957	0.293540128769
leg-	0.0	0.896103896104	0.0	0.103896103896
hak-	0.261585365854	0.215243902439	0.201219512195	0.321951219512
ave-	0.0	0.169491525424	0.830508474576	0.0
kag-	0.572700296736	0.391691394659	0.0	0.0356083086053
ooz-	0.450120140578	0.255915908973	0.0878341986242	0.206129751824
pot-	0.112359550562	0.806741573034	0.0539325842696	0.0269662921348
sin-	0.146496815287	0.815286624204	0.0229299363058	0.0152866242038
arn-	0.0	1.0	0.0	0.0
esa-	0.0125786163522	0.987421383648	0.0	0.0
joh-	0.0275001647374	0.908867265579	0.0124541480879	0.051178421596
ilz-	0.107142857143	0.482142857143	0.410714285714	0.0
gǫǫ-	0.711561792955	0.124742913336	0.0444370054848	0.119258288224
ah'-	0.277992277992	0.409266409266	0.084942084942	0.227799227799
old-	0.0283112818324	0.120216246977	0.80879214682	0.0426803243705
dza-	0.274604302588	0.119555557047	0.0186734199406	0.587166720424
eeg-	0.431602440611	0.283764559818	0.0596219347142	0.225011064856
mag-	0.0136425648022	0.972714870396	0.00682128240109	0.00682128240109
a'i-	0.247011952191	0.609561752988	0.0318725099602	0.11155378486
mos-	0.0519587419982	0.87361096161	0.00772479469143	0.0667055017001
li'-	0.366295050621	0.198794666485	0.0319259727178	0.402984310177
yig-	0.5799864682	0.214560216509	0.0400676589986	0.165385656292
aal-	0.237515225335	0.634591961023	0.0182704019488	0.109622411693
ji'-	0.151562904283	0.0129149244468	0.00254878049908	0.832973390771
dąą-	0.220172201722	0.536285362854	0.221402214022	0.0221402214022
yi'-	0.300970873786	0.640776699029	0.0	0.0582524271845
lyc-	0.0940170940171	0.683760683761	0.222222222222	0.0
shy-	0.0	1.0	0.0	0.0
mac-	0.0435452793834	0.923314065511	0.0184971098266	0.0146435452794
juk-	0.148820568707	0.0864108844614	0.0321529296425	0.732615617189
ico-	0.0	1.0	0.0	0.0
bet-	0.0353081986834	0.959904248953	0.00119688809097	0.00359066427289
vis-	0.0211896473437	0.538536568959	0.423557506349	0.0167162773489
law-	0.0741086297578	0.845470365534	0.0303263565241	0.0500946481843
sal-	0.0347748551048	0.925100312082	0.0	0.0401248328132
adu-	0.363076528321	0.621528000513	0.0153954711656	0.0
nih-	0.337611325817	0.234077021574	0.078306201817	0.350005450792
anl-	0.215505913272	0.737187910644	0.0315374507228	0.0157687253614
gab-	0.0317460317461	0.968253968254	0.0	0.0
400-	0.194805194805	0.18759018759	0.047619047619	0.569985569986
flo-	0.377094972067	0.614525139665	0.0	0.00837988826816
ahk-	0.171021377672	0.828978622328	0.0	0.0
ind-	0.33080534489	0.477428674612	0.0646442759119	0.127121704586
yan-	0.26915164331	0.411920719687	0.086505860005	0.232421776997
eme-	0.020202020202	0.686868686869	0.292929292929	0.0
gho-	0.333770474942	0.443801589138	0.0385713183676	0.183856617553
yee-	0.288435483905	0.305961405653	0.0655451649522	0.34005794549
min-	0.132518240978	0.867481759022	0.0	0.0
dho-	0.317610399741	0.252327746741	0.0459232159435	0.384138637575
vij-	0.133285831046	0.719282436029	0.0543831338936	0.0930485990317
ich-	0.358125	0.56	0.0575	0.024375
łee-	0.356380725776	0.291582880422	0.0180217024933	0.334014691309
cre-	0.0992118683356	0.800649049606	0.0333796940195	0.0667593880389
nee-	0.396964107253	0.321471867595	0.0825612724848	0.199002752667
sla-	0.0293860518803	0.787598880925	0.16203405811	0.0209810090844
cep-	0.161290322581	0.774193548387	0.0	0.0645161290323
tab-	0.0	1.0	0.0	0.0
vac-	0.103105026155	0.836828586697	0.019307053012	0.0407593341365
ohc-	0.169811320755	0.471698113208	0.320754716981	0.0377358490566
gal-	0.0732491654988	0.906603569144	0.0139308228863	0.00621644247076
see-	0.128330995792	0.803646563815	0.046283309958	0.0217391304348
sel-	0.0	1.0	0.0	0.0
vęh-	0.245495495495	0.295295295295	0.15015015015	0.309059059059
nil-	0.3487849054	0.0806791891929	0.0161510604707	0.554384844936
vaa-	0.302250817226	0.159913654854	0.0403498402372	0.497485687683
gił-	0.38075006128	0.357790669172	0.07162894572	0.189830323828
gak-	0.650632911392	0.136708860759	0.0911392405063	0.121518987342
jih-	0.565104166667	0.205729166667	0.03125	0.197916666667
ohs-	0.162555039508	0.355585379094	0.325939441462	0.155920139936
loc-	0.115044247788	0.83185840708	0.0	0.0530973451327
ehj-	0.38406779661	0.239322033898	0.376610169492	0.0
ehd-	0.11881735286	0.28110896196	0.0690798563139	0.530993828866
eub-	0.0	1.0	0.0	0.0
eel-	0.245602605863	0.181758957655	0.00390879478828	0.568729641694
vaj-	0.115384615385	0.432692307692	0.451923076923	0.0
luk-	0.13612565445	0.799883653287	0.0116346713205	0.0523560209424
dhi-	0.386027184805	0.156843099027	0.0261614310323	0.430968285136
gov-	0.11973986228	0.651491966335	0.0964039785769	0.132364192808
kak-	0.156976744186	0.55523255814	0.183139534884	0.104651162791
aii-	0.346789077164	0.201824393916	0.0539162122456	0.397470316674
one-	0.131169709263	0.577417173766	0.140635564571	0.1507775524
ahł-	0.371709371709	0.12636012636	0.21879021879	0.28314028314
kįh-	0.107937504028	0.662030914232	0.070724911103	0.159306670637
kik-	0.0	1.0	0.0	0.0
sto-	0.0232558139535	0.244186046512	0.732558139535	0.0
rep-	0.0	1.0	0.0	0.0
ini-	0.498476240065	0.308350817011	0.128853428077	0.064319514847
poi-	0.331262939959	0.539912583391	0.101219231654	0.0276052449965
gee-	0.175311583673	0.14416004262	0.0277731565539	0.652755217154
hǫh-	0.265648854962	0.734351145038	0.0	0.0
sil-	0.0160147776573	0.931958378525	0.03880829718	0.0132185466377
430-	0.338983050847	0.0338983050847	0.0	0.627118644068
dik-	0.341759614508	0.546448469887	0.0589394296089	0.0528524859969
akw-	0.0538758501426	0.0339161884664	0.0114272872191	0.900780674172
njy-	0.125	0.75	0.0	0.125
jas-	0.0240963855422	0.956626506024	0.0192771084337	0.0
nad-	0.564253996448	0.22460035524	0.0260213143872	0.185124333925
phr-	0.0	0.903225806452	0.0967741935484	0.0
chy-	0.460712229782	0.186123326939	0.0558943433561	0.297270099924
k'e-	0.166831907327	0.615874483071	0.0588116927265	0.158481916876
try-	0.0	1.0	0.0	0.0
iłc-	0.24554973822	0.0761780104712	0.608376963351	0.0698952879581
nęh-	0.823423423423	0.127927927928	0.0108108108108	0.0378378378378
dya-	0.0	0.385964912281	0.508771929825	0.105263157895
itr-	0.606338054093	0.30720174456	0.0232900173369	0.0631701840097
tik-	0.015578972681	0.0102628844288	0.237738214859	0.736419928031
tur-	0.0	0.680473372781	0.319526627219	0.0
ga'-	0.576412776413	0.289434889435	0.0383292383292	0.0958230958231
sau-	0.0248625388477	0.934496772651	0.0	0.0406406885011
sad-	0.0719225449516	0.922544951591	0.0	0.00553250345782
pri-	0.011068068622	0.985611510791	0.00332042058661	0.0
twe-	0.0170454545455	0.0880681818182	0.0	0.894886363636
tro-	0.00444444444444	0.955555555556	0.0	0.04
aag-	0.432804232804	0.446560846561	0.101587301587	0.0190476190476
dag-	0.311493452997	0.464152401743	0.086391789166	0.137962356094
kit-	0.356965790778	0.469509172038	0.143777887952	0.0297471492315
at'-	0.440808080808	0.159595959596	0.157171717172	0.242424242424
ela-	0.0	1.0	0.0	0.0
aht-	0.165594687458	0.778485151147	0.0197051997297	0.0362149616653
vee-	0.174166471156	0.346376179587	0.116190251306	0.363267097951
ehz-	0.344	0.114461538462	0.0221538461538	0.519384615385
nag-	0.450184803161	0.286310178705	0.0727164834441	0.19078853469
dze-	0.411003236246	0.588996763754	0.0	0.0
sho-	0.375703699872	0.253845136093	0.141806597456	0.228644566579
iid-	0.0876054510059	0.178455548345	0.0194678780013	0.714471122648
arp-	0.0	1.0	0.0	0.0
itu-	0.0	1.0	0.0	0.0
ołt-	0.572107765452	0.396196513471	0.00316957210777	0.0285261489699
had-	0.438768567743	0.481079735325	0.0231365723104	0.057015124622
tam-	0.0	1.0	0.0	0.0
que-	0.031185031185	0.9158004158	0.0155925155925	0.037422037422
dic-	0.245111472279	0.651451435401	0.0725717700734	0.0308653222456
kį'-	0.125	0.6125	0.1875	0.075
man-	0.0549077245185	0.821549895315	0.0686346556481	0.0549077245185
men-	0.0	1.0	0.0	0.0
an'-	0.338526178924	0.413878622251	0.096408749985	0.15118644884
woo-	0.0	0.991902834008	0.0080971659919	0.0
noi-	0.362806349601	0.262068194714	0.0714855169946	0.303639938691
łya-	0.266742792169	0.0357478270119	0.0395938404966	0.657915540323
hez-	0.0	1.0	0.0	0.0
sol-	0.0	1.0	0.0	0.0
ame-	0.000777227241817	0.097639172253	0.00097153405227	0.900612066453
yic-	0.413029315961	0.488599348534	0.0410423452769	0.057328990228
atr-	0.364686468647	0.530528052805	0.0882838283828	0.016501650165
ohd-	0.558533208272	0.154718835142	0.0254589307249	0.261289025861
syn-	0.0	1.0	0.0	0.0
com-	0.226277372263	0.675182481752	0.0437956204379	0.0547445255474
dąį-	0.453210429144	0.0280101215579	0.000807274965807	0.517972174332
laz-	0.0302126072361	0.954121596419	0.00223797090638	0.0134278254383
agw-	0.459781974107	0.37800088551	0.0936142968729	0.0686028435099
vow-	0.342709631476	0.56756275592	0.0149546021008	0.0747730105038
job-	0.0	0.870588235294	0.129411764706	0.0
gih-	0.54884121605	0.223127755961	0.0712254741702	0.156805553819
eec-	0.229665173255	0.613833669535	0.0641731730369	0.0923279841724
aqu-	0.00635930047694	0.988341282459	0.00317965023847	0.00211976682565
dru-	0.0	1.0	0.0	0.0
oii-	0.493156888178	0.330062521499	0.0357625102263	0.141018080097
hal-	0.321288295365	0.438334642577	0.113118617439	0.127258444619
mon-	0.0	1.0	0.0	0.0
yij-	0.636363636364	0.282828282828	0.0606060606061	0.020202020202
alo-	0.043956043956	0.956043956044	0.0	0.0
tho-	0.0722836095764	0.555018416206	0.0241712707182	0.348526703499
ano-	0.1632	0.7888	0.0192	0.0288
asy-	0.0	1.0	0.0	0.0
łig-	0.440600312574	0.283970969192	0.0370378299686	0.238390888266
da--	0.599081279034	0.335564399617	0.0258694188674	0.0394849024818
chų-	0.267904285289	0.623102214285	0.0204608537353	0.0885326466903
las-	0.13074433657	0.684466019417	0.0718446601942	0.112944983819
bra-	0.154150197628	0.727272727273	0.118577075099	0.0
azh-	0.52324929972	0.108543417367	0.270028011204	0.0981792717086
vin-	0.358672452935	0.470982687526	0.0875662151936	0.0827786443453
thy-	0.0	1.0	0.0	0.0
eeh-	0.347222222222	0.625	0.0	0.0277777777778
łųh-	0.0564711885357	0.840963092265	0.02278553954	0.0797801796597
lio-	0.0899718837863	0.789128397376	0.0590440487348	0.0618556701031
gah-	0.547316834453	0.189863450627	0.0496660071472	0.213153707772
cle-	0.0256629597947	0.897348160821	0.0598802395209	0.0171086398631
cum-	0.104347826087	0.869565217391	0.0260869565217	0.0
bar-	0.029627145173	0.948236346358	0.00503102465202	0.0171054838169
hǫǫ-	0.623680294764	0.170339403387	0.049741373202	0.156238928647
zeb-	0.00301053687908	0.993978926242	0.00301053687908	0.0
pis-	0.176470588235	0.803921568627	0.0196078431373	0.0
amo-	0.0	1.0	0.0	0.0
ten-	0.0	0.56338028169	0.00938967136149	0.427230046948
pet-	0.0229557351588	0.945082403359	0.0090241026231	0.0229377588587
his-	0.427311912226	0.549177115988	0.00587774294671	0.0176332288401
apo-	0.0865835571411	0.875335711709	0.00240509880948	0.0356756323406
yas-	0.532276330691	0.388448471121	0.0113250283126	0.0679501698754
tra-	0.133573302687	0.748032179023	0.0910727063773	0.0273218119132
cro-	0.279559118237	0.521757801317	0.0127397652448	0.185943315202
lot-	0.0109867113111	0.983519933033	0.00549335565555	0.0
da'-	0.105097081202	0.815634781281	0.0281191948495	0.0511489426674
gag-	0.480838197135	0.331112580952	0.055102085317	0.132947136596
ish-	0.24127126231	0.477767830498	0.0323783945091	0.248582512683
oog-	0.561200923788	0.230946882217	0.207852193995	0.0
tyr-	0.0117704757234	0.985286905346	0.00294261893085	0.0
dei-	0.484649972172	0.253259862769	0.038362794631	0.223727370428
pil-	0.0487534892675	0.857445374916	0.0427375108288	0.051063624988
ch'-	0.187759456039	0.409743213115	0.0837993801373	0.318697950709
neh-	0.315058923234	0.342854197923	0.179002943299	0.163083935545
gil-	0.497237569061	0.406166458742	0.0374264836928	0.0591694885047
300-	0.248213614141	0.327942835653	0.19932305378	0.224520496427
fes-	0.025814863103	0.974185136897	0.0	0.0
phi-	0.0181521764545	0.974854771961	0.0	0.00699305158492
lep-	0.0441976427924	0.837941976428	0.107660924751	0.010199456029
reb-	0.0873786407767	0.854368932039	0.0291262135922	0.0291262135922
gwį-	0.423504499735	0.148923128361	0.0392856147781	0.388286757126
bul-	0.004329004329	0.978354978355	0.0	0.017316017316
ony-	0.0	0.834645669291	0.165354330709	0.0
dav-	0.0339270914637	0.939770967074	0.0113412041166	0.0149607373453
na'-	0.282251634508	0.621272524318	0.0605963961091	0.0358794450646
van-	0.176480974461	0.486211558773	0.197523085077	0.139784381688
spi-	0.0	0.957142857143	0.0428571428571	0.0
jop-	0.00953999671036	0.987170349252	0.00328965403805	0.0
k'ǫ-	0.169446650781	0.675668519989	0.0953137410644	0.0595710881652
vag-	0.294526745503	0.427564082358	0.17787256927	0.100036602868
aug-	0.0	1.0	0.0	0.0
k'ę-	0.58347107438	0.218181818182	0.198347107438	0.0
aha-	0.534489881004	0.101085200129	0.0101162237888	0.354308695078
nea-	0.0	1.0	0.0	0.0
aga-	0.26979620805	0.256210078069	0.0171347460205	0.45685896786
wil-	0.406096361849	0.523107177974	0.047197640118	0.023598820059
ęęh-	0.625	0.0972222222222	0.25	0.0277777777778
500-	0.0528875719797	0.0412590149271	0.0	0.905853413093
doi-	0.389745046517	0.217775726156	0.299019955969	0.0934592713586
k'i-	0.202627177241	0.151592102205	0.0343204932725	0.611460227281
ilt-	0.403460784334	0.31167538216	0.154993176975	0.129870656531
jep-	0.0	1.0	0.0	0.0
sid-	0.0	1.0	0.0	0.0
gwe-	0.300725113956	0.249242876445	0.0733434644555	0.376688545143
216-	0.00966183574879	0.48309178744	0.096618357488	0.410628019324
ąįį-	0.0767439950627	0.012215642159	0.00253510300763	0.908505259771
bel-	0.0202702702703	0.878378378378	0.101351351351	0.0
ing-	0.434108527132	0.500775193799	0.0130232558139	0.0520930232558
loa-	0.165644171779	0.40490797546	0.0	0.429447852761
leo-	0.0405405405405	0.878378378378	0.0810810810811	0.0
ant-	0.312473804416	0.507834303009	0.0732754443562	0.106416448218
twi-	0.0327868852459	0.901639344262	0.0327868852459	0.0327868852459
noa-	0.0375995281628	0.904895311118	0.0353877912121	0.0221173695075
hym-	0.0	0.888544891641	0.0	0.111455108359
yaa-	0.403957064736	0.191208311139	0.0342018233308	0.370632800794
