-kün	0.130817610063	0.850733752621	0.0150943396227	0.00335429769392
-aja	0.189342403628	0.769841269841	0.0272108843537	0.0136054421769
-cas	0.0511415525114	0.764383561644	0.027397260274	0.157077625571
-car	0.146226415094	0.691037735849	0.0707547169812	0.0919811320754
-hen	0.0	1.0	0.0	0.0
-imä	0.171619047619	0.0609523809524	0.0144761904762	0.752952380952
-rbe	0.260269365013	0.22584098661	0.133361357868	0.38052829051
-caz	0.0	1.0	0.0	0.0
-rbo	0.180541675841	0.743440776436	0.0760175477227	0.0
-lem	0.0	1.0	0.0	0.0
-oye	0.259841354073	0.618994326359	0.0383814077885	0.0827829117791
-nso	0.0950369588173	0.797254487856	0.0570221752904	0.0506863780359
-nse	0.103846153846	0.830769230769	0.0653846153846	0.0
-ufo	0.0	0.980952380952	0.0190476190476	0.0
-bti	0.176511594741	0.279252358328	0.0486782055186	0.495557841413
-nti	0.135363086416	0.151208134811	0.00474741751015	0.708681361262
-ötu	0.25	0.636363636364	0.113636363636	0.0
-ükü	0.00357691824325	0.0145010199051	0.0261985092952	0.955723552557
-nto	0.142243626221	0.100372483313	0.00779955879626	0.74958433167
-nta	0.438071896972	0.168957607896	0.0422568908541	0.350713604279
-nän	0.433367854017	0.288226732976	0.099825529216	0.178579883791
-nte	0.358613921079	0.376123947109	0.11800415758	0.147257974233
ALL	0.229813245094	0.261355771672	0.0521581733827	0.456672809852
-uan	0.0692367700959	0.854284376041	0.0104929499623	0.0659859039006
-öta	0.284517922723	0.596663098305	0.031292187544	0.0875267914283
-öte	0.508109441243	0.378042788163	0.0371072341692	0.076740536424
-grä	0.107672174162	0.883580763334	0.00499832143111	0.00374874107333
-óte	0.0201005025126	0.969849246231	0.0100502512563	0.0
-dro	0.0281376602187	0.931303550277	0.00728214629739	0.0332766432071
-pre	0.035	0.94	0.025	0.0
-más	0.0	1.0	0.0	0.0
-aré	0.0	1.0	0.0	0.0
-opo	0.0	0.922580645161	0.0774193548387	0.0
-mán	0.0487804878049	0.90243902439	0.0487804878049	0.0
-ope	0.0	0.913461538462	0.0	0.0865384615384
-dea	0.0194524495677	0.935878962536	0.0317002881844	0.0129682997118
-dec	0.119281471138	0.844271412681	0.00989278867774	0.0265543275034
-löi	0.190476190476	0.809523809524	0.0	0.0
-dei	0.0608759311183	0.884198217363	0.0306589468686	0.0242669046499
-den	0.285757042764	0.0880991921177	0.0157953218422	0.610348443276
-deo	0.0313622041474	0.904301311644	0.00923279841724	0.0551036857917
-oko	0.143830398935	0.251929431725	0.0953086348194	0.508931534521
-des	0.0371050190459	0.916138709614	0.0340260919336	0.0127301794067
-ime	0.255265944928	0.255780771946	0.0780919039774	0.410861379148
-okä	0.0995628739974	0.881339388024	0.00127318253194	0.0178245554471
-imo	0.152528548124	0.648042414356	0.0689233278956	0.130505709625
-ido	0.0769230769231	0.615384615385	0.0	0.307692307692
-lla	0.0885906040269	0.911409395973	0.0	0.0
-obo	0.0703551189864	0.820084181902	0.0402655855545	0.0692951135569
-rpo	0.0	1.0	0.0	0.0
-idi	0.480475152722	0.362049744868	0.125778835791	0.0316962666193
-rpa	0.0605700712589	0.939429928741	0.0	0.0
-eca	0.0841121495327	0.831775700935	0.0280373831776	0.0560747663551
-obe	0.238175339091	0.462443338548	0.152982526007	0.146398796353
-btä	0.186454663498	0.2558396736	0.0382688807706	0.519436782132
-bie	0.0299667036626	0.903440621532	0.0	0.0665926748058
-bia	0.467666282199	0.351956939639	0.116755094195	0.0636216839677
-obu	0.0278287757271	0.0790414532805	0.114600444487	0.778529326505
-eja	0.0355026401735	0.910316175169	0.0028777470449	0.0513034376125
-ter	0.0120481927711	0.951807228916	0.0361445783132	0.0
-rie	0.103007284407	0.800146404664	0.0251679135304	0.0716783973983
-eje	0.242290748899	0.585903083701	0.0528634361233	0.118942731277
-ötö	0.493135306597	0.388186528508	0.0750378722755	0.0436402926192
-rin	0.231776431503	0.695524721516	0.0269689271057	0.045729919875
-rio	0.0542194308839	0.870068751215	0.0669194777576	0.00879234014333
-rim	0.0	1.0	0.0	0.0
-uto	0.312582565736	0.2422591795	0.329701949004	0.11545630576
-tea	0.0	0.770992366412	0.229007633588	0.0
-gra	0.534607438017	0.247933884298	0.157541322314	0.0599173553719
-ötä	0.364189189189	0.368918918919	0.162162162162	0.10472972973
-üen	0.425032594524	0.45197740113	0.0489642184557	0.0740257858902
-utu	0.210588071822	0.485310369991	0.255130587626	0.0489709705605
-tei	0.166366906475	0.562350119904	0.101918465228	0.169364508393
-gri	0.295202496061	0.570348460042	0.054871644373	0.0795773995241
-sia	0.0	1.0	0.0	0.0
-teo	0.152815440354	0.69312164631	0.0414320282053	0.112630885131
-lux	0.260273972603	0.684931506849	0.0547945205479	0.0
-are	0.453610061117	0.184968010082	0.0431523918787	0.318269536922
-ara	0.132172140644	0.0747284568298	0.0283064610991	0.764792941427
-mes	0.0	1.0	0.0	0.0
-aro	0.205309566783	0.379961834527	0.133699767819	0.28102883087
-ari	0.565443572692	0.299128137729	0.0473411688957	0.0880871206832
-rón	0.00357142857142	0.985714285714	0.0107142857143	0.0
-mec	0.0	1.0	0.0	0.0
-éye	0.0450672543256	0.924164575467	0.0191673516609	0.0116008185463
-meo	0.0774250964105	0.871403144468	0.0489469000296	0.00222485909225
-men	0.121988980272	0.26872960101	0.0275291128164	0.581752305902
-mei	0.0	1.0	0.0	0.0
-aye	0.324387462549	0.421023308034	0.0649089923195	0.189680237098
-nun	0.0336538646948	0.0903129340299	0.0075009186766	0.868532282599
-aya	0.149786019971	0.798858773181	0.0171184022825	0.0342368045649
-ayo	0.024	0.976	0.0	0.0
-rai	0.315205462748	0.633196408974	0.0327360992562	0.0188620290208
-éte	0.0	0.970668877128	0.0	0.0293311228719
-bás	0.0241358896125	0.954005191493	0.013661824309	0.00819709458536
-ndi	0.471325853984	0.161010304951	0.038931687656	0.328732153409
-aón	0.167009560692	0.640324337408	0.185404816653	0.00726128524751
-ubu	0.058439438459	0.42425726412	0.126999673523	0.390303623898
-dán	0.0767506696551	0.85715847592	0.0419286065708	0.0241622478544
-zim	0.0265957446808	0.585106382979	0.0	0.38829787234
-xad	0.0	1.0	0.0	0.0
-uba	0.0814297045693	0.861887491923	0.00852029793699	0.0481625055707
-ili	0.00982495976444	0.249840929223	0.0145970830786	0.725737027934
-ube	0.122226461513	0.495654917318	0.0337267290808	0.348391892088
-umu	0.237704918033	0.434426229508	0.155737704918	0.172131147541
-ota	0.361882221913	0.46732562996	0.122762077127	0.048030071001
-tán	0.0	1.0	0.0	0.0
-ote	0.11981087636	0.805283903394	0.0534501915574	0.0214550286883
-oto	0.159715446135	0.624523183672	0.0559794702097	0.159781899983
-ume	0.473787394714	0.242412140575	0.0475602672089	0.236240197502
-ábe	0.266242464836	0.421969189551	0.178667113195	0.133121232418
-kbe	0.316069035664	0.221911881044	0.31498732624	0.147031757051
-otu	0.0	0.992	0.008	0.0
-eví	0.0849379709262	0.886140497755	0.0243549737423	0.00456655757669
-umi	0.0416666666667	0.833333333333	0.0	0.125
-ako	0.0	0.570976320122	0.0292516145372	0.399772065341
-kia	0.124151913284	0.413418527801	0.151250778244	0.311178780671
-nai	0.435757987763	0.277022433719	0.173691366417	0.113528212101
-naa	0.540983606557	0.262295081967	0.0327868852459	0.16393442623
-kin	0.0818897637795	0.851968503937	0.0425196850394	0.0236220472441
-aka	0.169639730627	0.611631294574	0.0595488316853	0.159180143114
-aús	0.04	0.92	0.04	0.0
-aúl	0.651282051282	0.317948717949	0.0	0.0307692307692
-aúm	0.0681279620853	0.892772511848	0.00473933649289	0.0343601895735
-sio	0.137583892617	0.802013422819	0.0604026845638	0.0
-nas	0.0583038869258	0.886042402827	0.023851590106	0.0318021201413
-aku	0.0	0.667796930088	0.311440378043	0.0207626918695
-mos	0.212809917355	0.787190082645	0.0	0.0
-mor	0.0	0.9	0.1	0.0
-gog	0.0176991150442	0.964601769912	0.0176991150442	0.0
-aán	0.185704613599	0.711867685463	0.00580326917496	0.0966244317632
-mon	0.273187043662	0.241710463052	0.220784452677	0.264318040608
-mol	0.0	0.956756756757	0.0432432432432	0.0
-ber	0.0	1.0	0.0	0.0
-eor	0.0	1.0	0.0	0.0
-bet	0.0414716798451	0.760852025174	0.016943682427	0.180732612554
-cob	0.00796272266132	0.972838268255	0.0130057803468	0.00619322873659
-uai	0.705016044076	0.17121753345	0.0326179088212	0.0911485136526
-bei	0.748596381784	0.107101815675	0.0371014873428	0.107200315198
-ben	0.0570094121264	0.0635712260252	0.013906205693	0.865513156155
-beo	0.0	0.952380952381	0.047619047619	0.0
-bel	0.102497846684	0.874246339363	0.0103359173127	0.0129198966408
-rla	0.0205986515369	0.974847962334	0.00455338612921	0.0
-cos	0.0325072417123	0.962343096234	0.00386224654008	0.00128741551336
-cor	0.0	1.0	0.0	0.0
-iso	0.037037037037	0.962962962963	0.0	0.0
-rei	0.084670972029	0.828613527974	0.025389178451	0.0613263215455
-ren	0.284241399819	0.313788320551	0.288721444402	0.113248835228
-reo	0.069970845481	0.903790087464	0.0174927113703	0.00874635568512
-ise	0.252243709289	0.529917615781	0.0288866940982	0.188951980832
-rea	0.124546553809	0.848851269649	0.012091898428	0.0145102781137
-red	0.0	1.0	0.0	0.0
-ree	0.0644182240875	0.622424569765	0.192314260232	0.120842945916
-umä	0.318584070796	0.628318584071	0.0	0.0530973451328
-eva	0.191374663073	0.735849056604	0.00808625336927	0.0646900269542
-röi	0.14856557377	0.105532786885	0.724385245902	0.0215163934426
-res	0.0324324324324	0.962162162162	0.0054054054054	0.0
-ret	0.062980030722	0.932411674347	0.0	0.00460829493088
-dia	0.0705816710838	0.878086204492	0.00530059980471	0.0460315246199
-hab	0.0504731861198	0.93690851735	0.0	0.01261829653
-naí	0.0747636780292	0.909481523919	0.0157547980521	0.0
-kwa	0.0248301606997	0.0185660639999	0.00812905828977	0.948474717011
-mas	0.037054631829	0.940142517815	0.0114014251782	0.0114014251781
-mar	0.0	1.0	0.0	0.0
-ham	0.0171196248593	0.942666327572	0.026459819049	0.0137542285195
-jue	0.362656211713	0.375888262681	0.155109041901	0.106346483705
-üna	0.42453930608	0.330256498336	0.0858184175548	0.159385778029
-mae	0.0480635911577	0.0357248961258	0.0116662596384	0.904545253078
-siä	0.202566452796	0.759460521147	0.00785648814978	0.0301165379076
-uni	0.453822408575	0.418177430545	0.0490684041708	0.0789317567092
-ekä	0.423176919271	0.43230634964	0.0662376317016	0.0782790993874
-une	0.663669064748	0.185251798561	0.0755395683453	0.0755395683453
-una	0.0	0.968586387435	0.0	0.0314136125654
-nka	0.204088218554	0.490581836482	0.0235102927639	0.2818196522
-pto	0.0143419572553	0.971316085489	0.00168728908886	0.0126546681665
-rän	0.180946599839	0.481946276174	0.0223257747873	0.3147813492
-räi	0.180165178571	0.765804986775	0.0193245394017	0.0347052952519
-666	0.0	0.0	0.0	1.0
-mkä	0.421171583898	0.485859141164	0.021990104453	0.0709791704843
-tre	0.0842599818019	0.149810977056	0.0306378245657	0.735291216576
-ade	0.129014697877	0.838323353293	0.0326619488296	0.0
-üri	0.256756756757	0.239864864865	0.391891891892	0.111486486486
-böi	0.299986793253	0.598312894927	0.0270162006327	0.074684111187
-ada	0.195859049483	0.542989769049	0.222208345042	0.0389428364262
-üre	0.359206410117	0.311650156146	0.0332730083512	0.295870425385
-drü	0.221468926554	0.772881355932	0.00564971751412	0.0
-äin	0.394502407955	0.129789405494	0.0388058822409	0.43690230431
-tri	0.124426938723	0.813585587913	0.0348679537677	0.027119519597
-gai	0.603106263554	0.219415741804	0.0336458731981	0.143832121444
-adi	0.345501196784	0.104389613114	0.0181285155565	0.531980674546
-drä	0.0915283842795	0.62480349345	0.258515283843	0.0251528384279
-gau	0.0	1.0	0.0	0.0
-gar	0.0838379133676	0.860270144387	0.0279459711225	0.0279459711225
-wän	0.315613898276	0.573823758773	0.0242613291742	0.086301013777
-nor	0.0	1.0	0.0	0.0
-seo	0.0160851606837	0.967090902985	0.00376103965882	0.0130628966722
-ini	0.414033710372	0.17575257812	0.0175253863805	0.392688325127
-sem	0.0	1.0	0.0	0.0
-örä	0.0916498655914	0.574848790323	0.0352822580645	0.298219086022
-übe	0.118437118437	0.081807081807	0.029304029304	0.770451770452
-ino	0.0998876264202	0.836434011737	0.0374578599077	0.0262205019353
-ina	0.392455911167	0.266542238937	0.116059959602	0.224941890293
-kän	0.226859408803	0.449902433194	0.0971217706137	0.226116387389
-ine	0.434428890891	0.244217721295	0.125346601363	0.196006786451
-sea	0.0384615384615	0.961538461538	0.0	0.0
-knu	0.397776776367	0.061896567066	0.0216909837429	0.518635672825
-örö	0.220280395045	0.0158857259899	0.00336233323223	0.760471545733
-uim	0.0	1.0	0.0	0.0
-uin	0.0636405407772	0.123965943457	0.373859662506	0.43853385326
-set	0.0	1.0	0.0	0.0
-ser	0.0	1.0	0.0	0.0
-ükä	0.0858163629867	0.826448221304	0.025774511305	0.0619609044047
-blo	0.107236608923	0.648833126578	0.0720670329184	0.17186323158
-ñan	0.105099272042	0.0375864179758	0.0155499311202	0.841764378862
-dón	0.0189520624303	0.940914158305	0.0289855072464	0.0111482720179
-són	0.0	1.0	0.0	0.0
-ian	0.393610316615	0.406369064853	0.0604754941505	0.139545124382
-iai	0.700210284268	0.158157132543	0.0916446126516	0.0499879705372
-nes	0.0545454545455	0.912727272727	0.0327272727273	0.0
-sli	0.0	1.0	0.0	0.0
-äne	0.183551922817	0.244181214571	0.260550912356	0.311715950255
-bed	0.238636363636	0.761363636364	0.0	0.0
-ias	0.0215633423181	0.971698113208	0.00673854447439	0.0
-äni	0.189091999789	0.182772342931	0.0319938121858	0.596141845094
-kun	0.0647994303347	0.865416567766	0.0	0.0697840018988
-ooz	0.0327868852459	0.967213114754	0.0	0.0
-mte	0.0925674364449	0.881816417621	0.00232874053949	0.0232874053949
-ban	0.102920370032	0.843204720476	0.0179583031641	0.0359166063282
-nkö	0.0	0.996644295302	0.00335570469798	0.0
-eke	0.352251404328	0.539751329655	0.0342111737605	0.0737860922571
-bai	0.456491189306	0.275239692698	0.191001500359	0.0772676176372
-nkä	0.402894563646	0.41614772337	0.0590540851759	0.121903627808
-üdi	0.488563876094	0.407315953591	0.0320369754816	0.0720831948336
-joo	0.0	0.0	0.0555555555556	0.944444444444
-uuu	0.421221864952	0.501607717042	0.0578778135048	0.0192926045016
-bas	0.0	1.0	0.0	0.0
-üde	0.0427854232284	0.725073298821	0.0641067067571	0.168034571193
-trä	0.18754863219	0.577291257277	0.197581526813	0.0375785837196
-que	0.0689655172414	0.931034482759	0.0	0.0
-asa	0.00535809966066	0.868012145026	0.0869798178247	0.0396499374888
-nye	0.0512945063846	0.0800257602367	0.0108929529685	0.85778678041
-aso	0.189714831166	0.611024937358	0.158095692638	0.0411645388379
-ürä	0.195875204663	0.478367105784	0.286602676761	0.039155012793
-dre	0.450778117432	0.184074798605	0.0444348642354	0.320712219727
-ürü	0.433107902705	0.377354347581	0.148801278134	0.0407364715803
-trö	0.199237663074	0.197095859331	0.136412932501	0.467253545094
-mbe	0.20355292376	0.705403404885	0.0355292376018	0.0555144337528
-yen	0.125654450262	0.874345549738	0.0	0.0
-lta	0.074074074074	0.814814814815	0.0555555555555	0.0555555555556
-köi	0.00843881856539	0.983122362869	0.0	0.00843881856542
-zor	0.0	1.0	0.0	0.0
-mbo	0.219954648526	0.548752834467	0.176870748299	0.0544217687075
-öre	0.490549958026	0.39909605919	0.0374760311827	0.0728779516017
-öra	0.144927536232	0.405797101449	0.130434782609	0.31884057971
-430	0.648648648649	0.027027027027	0.0	0.324324324324
-bäi	0.363636363636	0.510822510823	0.125541125541	0.0
-ras	0.137573964497	0.772189349112	0.0281065088757	0.0621301775148
-ran	0.0741557270268	0.857500751578	0.0119250425894	0.0564184788054
-eri	0.0291361954988	0.593238881418	0.0116199864627	0.366004936621
-ram	0.0	1.0	0.0	0.0
-uía	0.0767306088407	0.848206839033	0.00750625521269	0.0675562969141
-ero	0.0419416336706	0.924475729579	0.021850711248	0.0117319255023
-era	0.397644621097	0.262286944751	0.126880822618	0.213187611534
-uío	0.0	1.0	0.0	0.0
-ere	0.271202927783	0.116522936778	0.0516982894328	0.560575846007
-mtü	0.0717611410835	0.901633286527	0.00443426206489	0.0221713103245
-eve	0.0	0.984126984127	0.015873015873	0.0
-pos	0.281599312124	0.589423903697	0.0515907136715	0.0773860705073
-änü	0.27950310559	0.571428571429	0.0745341614907	0.0745341614907
-blü	0.0486300441123	0.918370997383	0.0243150220562	0.0086839364486
-áte	0.0	1.0	0.0	0.0
-änä	0.254380201762	0.327200510639	0.0301290809991	0.388290206599
-nri	0.131628849801	0.120479958151	0.0660432877787	0.68184790427
-nre	0.21528811397	0.585902615352	0.136614926642	0.0621943440357
-aza	0.0333333333333	0.866666666667	0.0	0.1
-ike	0.3703078964	0.154685169502	0.0418525636907	0.433154370406
-ika	0.465748885387	0.244713567804	0.0602052457206	0.229332301088
-iko	0.0275621118012	0.751319875776	0.164906832298	0.0562111801242
-aat	0.0	1.0	0.0	0.0
-lan	0.368062317429	0.442064264849	0.0	0.189873417721
-lao	0.395833333333	0.5625	0.0	0.0416666666667
-iki	0.49651496515	0.232062320623	0.121361213612	0.150061500615
-äme	0.0900272246057	0.473823814011	0.323777625274	0.112371336109
-aam	0.0400843881857	0.936181434599	0.00791139240507	0.0158227848101
-aal	0.287234042553	0.478723404255	0.159574468085	0.0744680851064
-eka	0.409751107163	0.394661389977	0.104860746544	0.0907267563165
-eón	0.106245975531	0.820347714102	0.0386349001932	0.0347714101739
-las	0.0920017857756	0.817335760157	0.00412102063944	0.0865414334283
-noc	0.059405940594	0.928712871287	0.0	0.0118811881188
-aac	0.0474756240747	0.935473990505	0.0099035172801	0.00714686814028
-ämi	0.250224792524	0.0893700789008	0.0340313227923	0.626373805783
-dor	0.0673937138786	0.89519832159	0.0239490143298	0.0134589502019
-äma	0.726568449873	0.0216005101699	0.0136058345062	0.238225205451
-fán	0.0	1.0	0.0	0.0
-boi	0.511339605872	0.462073615495	0.0125655092096	0.0140212694229
-göi	0.270643983531	0.390326005334	0.101245500919	0.237784510215
-fás	0.0663198959688	0.921976592978	0.00780234070221	0.00390117035111
-mye	0.172655375393	0.764905564985	0.0399407749811	0.0224982846412
-doc	0.0	1.0	0.0	0.0
-ätä	0.397037915274	0.301124093374	0.0535439895271	0.248294001825
-ges	0.0216606498195	0.949458483755	0.028880866426	0.0
-äbe	0.26928291579	0.138927504133	0.0341856686235	0.557603911454
-ión	0.0862895493768	0.856184084372	0.046021093001	0.0115052732503
-wra	0.208053691275	0.664429530201	0.0684563758389	0.0590604026845
-äba	0.605371978923	0.203909917674	0.0210161854867	0.169701917916
-wre	0.190677966102	0.466101694915	0.31779661017	0.0254237288136
-ibu	0.0269526046889	0.203503630159	0.00556561906568	0.763978146086
-lfa	0.0	0.990338164251	0.0096618357488	0.0
-ibo	0.155260875203	0.58704074652	0.217330796643	0.0403675816339
-tor	0.301587301587	0.603174603175	0.031746031746	0.063492063492
-ibi	0.368164397804	0.346834558572	0.0587716665875	0.226229377037
-olo	0.385829714942	0.560675376395	0.0286910409787	0.0248038676848
-ibe	0.13648046637	0.169679523601	0.0739272787659	0.619912731263
-400	0.3515625	0.234375	0.1640625	0.25
-iba	0.248162395522	0.156812648485	0.0494816202393	0.545543335754
-sam	0.0	1.0	0.0	0.0
-iei	0.747832626031	0.0663847214004	0.0278114215073	0.157971231062
-iel	0.0443098940415	0.955690105958	0.0	0.0
-tes	0.00920245398773	0.990797546012	0.0	0.0
-ien	0.102256604398	0.817943497618	0.0368251499282	0.0429747480559
-loe	0.0542372881356	0.823728813559	0.0813559322034	0.0406779661017
-loc	0.0881057268722	0.885462555066	0.0264317180617	0.0
-rom	0.0	1.0	0.0	0.0
-lot	0.0821705426357	0.727131782946	0.190697674419	0.0
-los	0.0600706713781	0.857243816254	0.0169611307421	0.0657243816254
-ikä	0.195433021534	0.672969431645	0.0335657937702	0.0980317530516
-ipo	0.185990338164	0.751207729469	0.012077294686	0.0507246376811
-sar	0.0542285345384	0.857972885733	0.0464816010329	0.0413169786959
-ipa	0.0508474576271	0.918860439957	0.00432744320231	0.0259646592139
-ida	0.0950764006791	0.88455008489	0.0	0.0203735144312
-ipe	0.00148942508192	0.994638069705	0.0	0.00387250521299
-noé	0.0317525773196	0.91793814433	0.00247422680412	0.0478350515464
-rdo	0.095513748191	0.724312590449	0.18017366136	0.0
-tie	0.0443273662319	0.0260044007981	0.0104214718842	0.919246761086
-ämä	0.00449522382468	0.312792657801	0.13691702566	0.545795092714
-äta	0.401863605748	0.126115376544	0.0344390723445	0.437581945363
-äte	0.262063512393	0.332819001441	0.170119070819	0.234998415346
-äbä	0.52326452027	0.362284736335	0.0791528505723	0.0352978928228
-saú	0.278626711649	0.456142091685	0.0863266521135	0.178904544553
-276	0.0	0.197183098592	0.0	0.802816901408
-man	0.0848861283644	0.600414078675	0.254658385093	0.0600414078675
-sto	0.0172179009631	0.863434736871	0.00296424533735	0.116383116829
-üye	0.661844923027	0.187330801245	0.0553658733686	0.0954584023598
-sta	0.0644304071161	0.901393322375	0.0263645515353	0.00781171897341
-saí	0.0	1.0	0.0	0.0
-ain	0.34981022831	0.313820988141	0.282962641822	0.0534061417267
-loé	0.0571010248902	0.87262079063	0.0263543191801	0.0439238653001
-üne	0.270486623454	0.21353976696	0.0444397905531	0.471533819032
-ián	0.177339901478	0.674876847291	0.0295566502463	0.118226600985
-cua	0.0146892655367	0.931920903955	0.0223163841808	0.0310734463277
-200	0.0584255842559	0.535670356703	0.0861008610087	0.319803198032
-eye	0.22891410528	0.485726363002	0.0399384293371	0.24542110238
-öda	0.252076137282	0.682516351878	0.00146983170426	0.0639376791358
-ion	0.0213333333333	0.834666666667	0.144	0.0
-len	0.210053859964	0.675044883303	0.0933572710951	0.0215439856373
-ödi	0.524913234915	0.46521378888	0.00987297620528	0.0
-lea	0.051640887143	0.892708077584	0.0127670022097	0.0428840330633
-mun	0.0201640498496	0.0282330992981	0.00492873617945	0.946674114673
-leg	0.0	1.0	0.0	0.0
-oin	0.740597630088	0.224111282844	0.0352910870686	0.0
-täi	0.916101004616	0.0610915014933	0.00325821341298	0.0195492804779
-les	0.0689655172414	0.931034482759	0.0	0.0
-tän	0.0	1.0	0.0	0.0
-eel	0.0	1.0	0.0	0.0
-rra	0.073787772312	0.878777231202	0.0210822206606	0.0263527758257
-een	0.41613832853	0.461959654179	0.0645533141211	0.05734870317
-bko	0.171228314086	0.00834430804518	0.000140598558254	0.820286779311
-rro	0.0	0.946666666667	0.0533333333333	0.0
-gio	0.100208768267	0.899791231733	0.0	0.0
-gin	0.5	0.475	0.025	0.0
-udá	0.0751708428246	0.920273348519	0.00455580865604	0.0
-ndo	0.0545454545455	0.945454545455	0.0	0.0
-ali	0.381679389313	0.618320610687	0.0	0.0
-gie	0.34270589201	0.537264861432	0.0188155398745	0.101213706683
-gia	0.0193548387097	0.809677419355	0.132258064516	0.0387096774193
-ala	0.20783847981	0.751781472684	0.0261282660333	0.0142517814727
-lon	0.0226244343891	0.846153846154	0.108597285068	0.0226244343892
-rün	0.0473008683371	0.934702671581	0.00319807126166	0.0147983888198
-bda	0.179487179487	0.820512820513	0.0	0.0
-bre	0.0829478130172	0.288473068926	0.488844051393	0.139735066664
-rüe	0.180484890424	0.627468552835	0.0397048230016	0.152341733739
-abé	0.0914879670381	0.841558198333	0.0146081093735	0.0523457252551
-gwa	0.0584737552005	0.889454586903	0.0401033454283	0.0119683124679
-chi	0.11261462942	0.117933585008	0.162849886738	0.606601898834
-gwi	0.204589053303	0.593063189519	0.0102969920755	0.192050765103
-loi	0.154333310387	0.816755007916	0.0144558408481	0.0144558408481
-rug	0.0	1.0	0.0	0.0
-153	0.0236220472441	0.015748031496	0.0236220472441	0.937007874016
-oré	0.0322580645161	0.903225806452	0.0	0.0645161290323
-ogo	0.0	1.0	0.0	0.0
-iye	0.377324937716	0.383469640627	0.147084572955	0.0921208487018
-ela	0.170018281536	0.819012797075	0.0109689213894	0.0
-ele	0.019305019305	0.958442804597	0.00657969888739	0.0156724772109
-abu	0.0	0.929133858268	0.0472440944882	0.0236220472441
-bba	0.170568561873	0.749163879599	0.0	0.0802675585284
-esu	0.0115807540682	0.526967024236	0.00256284797879	0.458889373717
-ito	0.0841858411225	0.8066887014	0.059948749172	0.0491767083052
-mín	0.0188087774295	0.887147335423	0.0752351097178	0.0188087774295
-eso	0.0301886792453	0.969811320755	0.0	0.0
-ärä	0.449099551701	0.246597996987	0.0626523093297	0.241650141982
-iti	0.0339316650098	0.281670465793	0.0421119850691	0.642285884128
-esa	0.116302186879	0.865805168986	0.0178926441352	0.0
-ite	0.341160132292	0.319289033077	0.0815218237426	0.258029010888
-ita	0.27214413001	0.303847703307	0.0488650110604	0.375143155623
-töi	0.203072324185	0.412330433179	0.0733916665582	0.311205576077
-män	0.147250147841	0.582495564754	0.096392667061	0.173861620343
-spe	0.0552712384852	0.858751279427	0.0736949846469	0.0122824974411
-tbi	0.0652631716206	0.897587022995	0.031125512619	0.00602429276498
-ute	0.188196713135	0.740479812464	0.0029925933315	0.0683308810694
-bkä	0.0242709825604	0.262469957259	0.0107621088524	0.702496951328
-spo	0.0192307692308	0.980769230769	0.0	0.0
-fas	0.382753403933	0.456883509834	0.0090771558245	0.151285930408
-bra	0.407663022697	0.345992623397	0.139381229798	0.106963124108
-alí	0.09375	0.90625	0.0	0.0
-fat	0.0	1.0	0.0	0.0
-bro	0.120515862895	0.774093746881	0.0636733607603	0.0417170294636
-hum	0.0	1.0	0.0	0.0
-hui	0.0230769230769	0.861538461539	0.0230769230769	0.0923076923077
-däi	0.559440559441	0.286713286713	0.153846153846	0.0
-dän	0.192657072187	0.725996661818	0.028097035185	0.0532492308104
-abe	0.268682513902	0.279224220927	0.0862950429433	0.365798222228
-aba	0.668879382583	0.105587797217	0.0314161725251	0.194116647675
-nja	0.0	0.911154985193	0.0394866732478	0.0493583415597
-büe	0.65445026178	0.125654450262	0.0314136125654	0.188481675393
-tra	0.104285738515	0.820922845888	0.0629532737013	0.0118381418947
-ömä	0.0162326682448	0.393304024349	0.023334460602	0.567128846804
-abo	0.095057229582	0.797575791904	0.0662928669661	0.0410741115477
-ria	0.21641486321	0.752960391997	0.0134748877092	0.0171498570845
-tua	0.57240704501	0.211839530333	0.0768101761253	0.138943248532
-gwä	0.196884913629	0.469035084065	0.0439973882735	0.290082614032
-ael	0.10719793878	0.790557581696	0.0850978897901	0.0171465897338
-aen	0.5164752579	0.273622900476	0.0817984366877	0.128103404936
-son	0.273480662983	0.60773480663	0.0331491712707	0.085635359116
-soi	0.0	0.761904761905	0.238095238095	0.0
-oro	0.0682666758293	0.853435094832	0.0659216373465	0.0123765919919
-elí	0.0382598053499	0.929104260155	0.0	0.032635934495
-tro	0.0517180925667	0.848352033661	0.0753856942496	0.0245441795232
-ore	0.111383728283	0.206567611272	0.040881015553	0.641167644892
-kre	0.125600789744	0.740838243885	0.0574907790813	0.0760701872889
-lix	0.0345954257159	0.940418989045	0.0	0.0249855852393
-kra	0.20789082912	0.744741640195	0.0315783537903	0.0157891768952
-üra	0.544462528668	0.334023821854	0.0532662573056	0.0682473921728
-gre	0.0501024114791	0.311704330704	0.0213875906709	0.616805667146
-jen	0.190036920208	0.316924352186	0.200133037867	0.292905689739
-kwe	0.126788509746	0.221405035242	0.0119437995092	0.639862655502
-äen	0.219560878244	0.690618762475	0.0778443113773	0.0119760479042
-lis	0.0268456375839	0.798657718121	0.0	0.174496644295
-ico	0.0457516339869	0.886710239651	0.0675381263617	0.0
-lim	0.0	1.0	0.0	0.0
-lio	0.0873096940512	0.799649788414	0.0736417140911	0.0393988034438
-run	0.114285714286	0.885714285714	0.0	0.0
-sué	0.335664335664	0.482517482518	0.062937062937	0.118881118881
-oma	0.162063227953	0.662562396007	0.0808652246257	0.0945091514143
-rua	0.105025054997	0.459315457609	0.042787985369	0.392871502025
-lia	0.12047515852	0.823741873345	0.0489605907377	0.00682237739786
-ica	0.130769230769	0.546153846154	0.161538461538	0.161538461538
-eas	0.00842696629213	0.991573033708	0.0	0.0
-144	0.0430107526882	0.139784946237	0.0	0.817204301075
-döi	0.0817290347972	0.911711652619	0.0	0.00655931258404
-ode	0.0350877192982	0.964912280702	0.0	0.0
-rna	0.041095890411	0.958904109589	0.0	0.0
-zer	0.0	1.0	0.0	0.0
-uri	0.785744204022	0.118437018261	0.00272040693833	0.0930983707786
-uro	0.0496520288145	0.916568312238	0.00366285458467	0.0301168043628
-ura	0.155487273606	0.758017267173	0.0452392592628	0.0412561999579
-ütü	0.555877302266	0.338900299673	0.0102697060507	0.0949526920098
-ure	0.274544675581	0.522859863366	0.168724918495	0.0338705425574
-sda	0.0	1.0	0.0	0.0
-ukä	0.0412735849056	0.880896226415	0.0424528301887	0.0353773584906
-äsi	0.180327619775	0.167662578112	0.0803291391461	0.571680662967
-ngö	0.147439504783	0.751828925155	0.0517726505347	0.0489589195273
-äse	0.725924200062	0.17210313762	0.0353370611991	0.0666356011183
-tiä	0.385840828933	0.510935509097	0.0319375163373	0.0712861456329
-üle	0.111258278146	0.796026490066	0.0158940397351	0.076821192053
-aín	0.0741132874536	0.836421386977	0.0481736368449	0.0412916887242
-wan	0.304520222046	0.621464446207	0.0285487708168	0.0454665609305
-pas	0.0401561628556	0.871723368656	0.0546569994423	0.0334634690463
-wai	0.0198787061995	0.951145552561	0.00539083557952	0.0235849056604
-áye	0.64539261384	0.216565077089	0.010756543564	0.127285765507
-krä	0.155133659078	0.29507734813	0.061791067602	0.48799792519
-jie	0.179148402479	0.662320255554	0.102922321839	0.0556090201289
-dbä	0.256609642302	0.47900466563	0.248833592535	0.0155520995334
-ken	0.396978595029	0.0767492816937	0.0384398176288	0.487832305649
-icó	0.0213017751479	0.978698224852	0.0	0.0
-nua	0.486983996154	0.374957071227	0.0267875540903	0.111271378529
-krö	0.417250717393	0.100284650528	0.0196225343899	0.462842097688
-omé	0.00657894736841	0.9375	0.00986842105263	0.0460526315789
-krü	0.0894039735099	0.735099337748	0.105960264901	0.0695364238411
-omä	0.00480640854473	0.150600801068	0.0	0.844592790387
-die	0.436591305965	0.28751246138	0.0712912017061	0.204605030949
-fes	0.46686746988	0.496987951807	0.0361445783133	0.0
-dio	0.0	1.0	0.0	0.0
-aña	0.0161290322581	0.951612903226	0.0161290322581	0.0161290322581
-nás	0.0401498929336	0.865631691649	0.0492505353319	0.0449678800856
-dis	0.0	1.0	0.0	0.0
-feo	0.0	1.0	0.0	0.0
-uis	0.0	1.0	0.0	0.0
-käi	0.379631072405	0.321059487342	0.117177154009	0.182132286244
-uka	0.756422454805	0.157469077069	0.0256898192198	0.0604186489058
-uke	0.0919760990184	0.88945795988	0.0134443021767	0.00512163892445
-uko	0.0601409638882	0.670435681824	0.162639127004	0.106784227284
-äli	0.438127890289	0.476359432307	0.0480385903365	0.0374740870675
-oga	0.0297160052661	0.962384803461	0.00338536768855	0.00451382358473
-nga	0.233152594888	0.516653756778	0.178156467854	0.0720371804803
-tia	0.423870130192	0.526066468604	0.0200253604815	0.0300380407223
-ngi	0.127358490566	0.872641509434	0.0	0.0
-tin	0.0748885502272	0.138759516948	0.74053448415	0.0458174486745
-tio	0.0467095310136	0.93778366112	0.0054841149773	0.0100226928896
-lón	0.0	0.939393939394	0.0606060606061	0.0
-eme	0.126381136143	0.414326339715	0.314722682134	0.144569842008
-emo	0.0253164556962	0.966244725738	0.0	0.00843881856542
-osé	0.0141501294219	0.968852459016	0.00802415875755	0.00897325280414
-260	0.00849858356941	0.135977337111	0.0339943342776	0.821529745042
-öli	0.05	0.125	0.825	0.0
-äye	0.315998471171	0.374508187204	0.0949537154066	0.214539626218
-jae	0.137792134983	0.144391937618	0.0780366172153	0.639779310183
-tba	0.0147599105276	0.977141581863	0.00262060267099	0.00547790493806
-jan	0.161849710983	0.560693641618	0.0	0.277456647399
-tbo	0.0398340248963	0.940248962656	0.00995850622406	0.00995850622407
-das	0.0387873030951	0.918467505739	0.00474946568511	0.0379957254809
-üba	0.692307692308	0.307692307692	0.0	0.0
-öbö	0.0481841528418	0.681198461615	0.0131875137034	0.25742987184
-eti	0.171786706187	0.582722906968	0.0928507995407	0.152639587305
-cio	0.0585906571655	0.934283452098	0.00475059382422	0.00237529691211
-äkä	0.105304245522	0.612595672729	0.0861500138225	0.195950067927
-ana	0.0630691341364	0.864056335668	0.0442276178215	0.028646912374
-cia	0.174666287986	0.73274637887	0.0511218403862	0.0414654927578
-üka	0.400238948626	0.355436081243	0.145758661888	0.0985663082437
-üke	0.487299934618	0.128717839329	0.027835666868	0.356146559185
-zar	0.0	1.0	0.0	0.0
-kro	0.0183515775917	0.935286542176	0.0405666452028	0.00579523502898
-cis	0.0512820512821	0.948717948718	0.0	0.0
-uäi	0.208735032765	0.360688921673	0.193158815658	0.237417229904
-ane	0.225248056939	0.0733280179872	0.011617298384	0.68980662669
-mda	0.00838626032275	0.0650202946327	0.0737359136225	0.852857531422
-jän	0.139329056195	0.185321171833	0.0405812785035	0.634768493468
-mrä	0.0657681717443	0.403798934197	0.322184048506	0.208248845552
-etu	0.357142857143	0.642857142857	0.0	0.0
-ökä	0.466172051012	0.319171253348	0.0684741555541	0.146182540086
-000	0.10073020479	0.357912277486	0.0129279407218	0.528429577002
-rca	0.110769230769	0.88	0.00923076923077	0.0
-eta	0.434403705972	0.299508125253	0.0697615125635	0.196326656211
-rut	0.0	1.0	0.0	0.0
-mrö	0.261416562355	0.537625253366	0.140455328153	0.0605028561262
-ete	0.250400567256	0.169443075583	0.0239327781177	0.556223579043
-ökö	0.661308863366	0.233524255055	0.0425725452565	0.0625943363221
-kri	0.103504399407	0.222487311211	0.179188948362	0.49481934102
-mrü	0.181818181818	0.727272727273	0.0909090909091	0.0
-eto	0.0	0.925925925926	0.037037037037	0.037037037037
-rco	0.00793650793651	0.992063492063	0.0	0.0
-uya	0.108231707317	0.891768292683	0.0	0.0
-ías	0.0296336864854	0.945202843472	0.010361428841	0.0148020412015
-uye	0.0844870766465	0.177697341752	0.00222956484855	0.735586016753
-ebú	0.0750452079566	0.895117540687	0.0	0.0298372513562
-ate	0.184971259129	0.726357624096	0.0223527658327	0.0663183509418
-wen	0.306136111142	0.264080306557	0.168511959459	0.261271622842
-ata	0.372429550301	0.293341397369	0.0664037925912	0.267825259739
-ato	0.030673332398	0.0628021463135	0.0251481931043	0.881376328184
-amä	0.0252041536445	0.0762845716974	0.3923446584	0.506166616258
-ati	0.0822453913003	0.352098537981	0.369133123369	0.19652294735
-übü	0.00353356890459	0.99222614841	0.00424028268552	0.0
-kai	0.570535976781	0.217152896893	0.056382142685	0.155928983641
-edi	0.308723708634	0.109052876514	0.0184471768291	0.563776238023
-osa	0.0	1.0	0.0	0.0
-ulo	0.0557596913467	0.881407312144	0.00422561087636	0.0586073856329
-oso	0.111764705882	0.805882352941	0.0588235294117	0.0235294117647
-osi	0.00605544946679	0.933390055865	0.0	0.0605544946679
-ñöi	0.218145761031	0.516254692259	0.231602804731	0.0339967419789
-lén	0.0281581585368	0.931129541715	0.00156040173252	0.0391518980159
-nia	0.0304566362505	0.951689747031	0.00619443565408	0.0116591810646
-nie	0.231914896332	0.0640246208708	0.0192051287738	0.684855354023
-nin	0.373871209815	0.16584223212	0.0667142388992	0.393572319166
-ice	0.0398550724638	0.852657004831	0.0893719806763	0.018115942029
-öye	0.196123898304	0.5203422714	0.0358440844318	0.247689745864
-nbo	0.143606229085	0.718847988195	0.0237147901241	0.113830992596
-öbu	0.255801989253	0.399508402881	0.031725162913	0.312964444953
-nbi	0.105138806852	0.871234494979	0.0218546958062	0.00177200236267
-äke	0.219822182696	0.126445778502	0.0159740119899	0.637758026813
-üta	0.273310622718	0.539845806872	0.126638419945	0.0602051504657
-wei	0.284970741518	0.467900371919	0.0162278594027	0.230901027159
-nba	0.822800087864	0.0951274031101	0.0242598712307	0.057812637795
-nós	0.0	1.0	0.0	0.0
-mta	0.205882352941	0.544117647059	0.191176470588	0.0588235294118
-öbe	0.233976380252	0.49977984878	0.139787145428	0.126456625539
-ría	0.00373618162238	0.741522164348	0.0	0.25474165403
-fil	0.0740740740741	0.737654320988	0.188271604938	0.0
-fia	0.0	1.0	0.0	0.0
-dbe	0.296478729977	0.1912493784	0.315428112898	0.196843778725
-lda	0.019801980198	0.683168316832	0.29702970297	0.0
-öka	0.423155521105	0.385526037629	0.139172715101	0.0521457261644
-vid	0.0139408506636	0.965680844393	0.00585223116313	0.0145260737799
-blu	0.0785493210862	0.893245806709	0.0192192492013	0.00898562300319
-fre	0.0332594235033	0.953436807095	0.0133037694013	0.0
-ile	0.0164835164835	0.934065934066	0.0494505494506	0.0
-ila	0.0437397484965	0.931109896118	0.0	0.0251503553855
-ilo	0.104157099032	0.834120175616	0.0462920440142	0.015430681338
-lde	0.312138728324	0.653179190751	0.0346820809248	0.0
-üte	0.334788840443	0.509090910239	0.0605709640091	0.0955492853081
-oam	0.0	1.0	0.0	0.0
-müa	0.08	0.92	0.0	0.0
-ebo	0.0192698780836	0.96772295421	0.0115619268502	0.00144524085627
-eba	0.695171678067	0.0555273778473	0.0141899381905	0.235111005895
-igo	0.0341628090319	0.935110877519	0.0198103863025	0.0109159271463
-ebe	0.166224084689	0.165860760922	0.065395080814	0.602520073576
-tee	0.872340425532	0.063829787234	0.0212765957447	0.0425531914894
-kwi	0.0	1.0	0.0	0.0
-nís	0.0851063829788	0.914893617021	0.0	0.0
-amo	0.0	1.0	0.0	0.0
-ama	0.302218628392	0.518623338556	0.0904634355891	0.088694597463
-ame	0.185279187817	0.170050761421	0.0304568527919	0.61421319797
-ebu	0.150803514969	0.120036632433	0.110006323456	0.619153529142
-iro	0.0184089414859	0.955950032873	0.0118343195266	0.0138067061144
-uso	0.252509032517	0.680048173424	0.0144520272983	0.0529907667603
-iri	0.420351512126	0.354009086641	0.113079337128	0.112560064105
-ein	0.564213835003	0.214304144871	0.142267364125	0.0792146560015
-ire	0.144231887679	0.24329841532	0.0618936052002	0.5505760918
-món	0.0122434167968	0.977185591897	0.00512771966363	0.00544327164292
-use	0.330253757083	0.171776896832	0.220299820078	0.277669526007
-mós	0.210526315789	0.768421052632	0.0	0.021052631579
-agé	0.159420289855	0.840579710145	0.0	0.0
-uli	0.036036036036	0.774774774775	0.135135135135	0.0540540540541
-uza	0.0295566502463	0.911330049261	0.0591133004926	0.0
-kwä	0.272087778512	0.541105083321	0.0381033477601	0.148703790407
-eni	0.0779016580903	0.785591766724	0.104917095483	0.0315894797027
-uda	0.157615112161	0.765643447462	0.073199527745	0.00354191263282
-mni	0.572753428867	0.299729042711	0.127517528422	0.0
-äre	0.220028783954	0.251380705653	0.105279882136	0.423310628257
-aná	0.235294117647	0.686274509804	0.078431372549	0.0
-ära	0.379541483938	0.199914429351	0.087709915499	0.332834171213
-äri	0.0944474547854	0.0873406941582	0.21803027147	0.600181579586
-aní	0.0	1.0	0.0	0.0
-cea	0.0	1.0	0.0	0.0
-ñäi	0.109589041096	0.493150684932	0.164383561644	0.232876712329
-pia	0.0	1.0	0.0	0.0
-ris	0.0	1.0	0.0	0.0
-ira	0.243884654643	0.402346608257	0.118791510721	0.23497722638
-mdä	0.102292416367	0.834732773557	0.0239904038385	0.0389844062375
-mnü	0.0325126330502	0.848274379099	0.0	0.119212987851
-rés	0.0	0.994791666667	0.0	0.00520833333333
-iud	0.0	1.0	0.0	0.0
-uey	0.107865168539	0.87191011236	0.0134831460674	0.0067415730337
-tés	0.0301810865191	0.826961770624	0.142857142857	0.0
-ace	0.0	0.906976744186	0.093023255814	0.0
-uem	0.0	1.0	0.0	0.0
-uel	0.100772608526	0.856817297538	0.00700350175089	0.035406592185
-ueo	0.162037037037	0.763888888889	0.0444444444445	0.0296296296296
-uen	0.558530407201	0.181431753164	0.0627252546201	0.197312585014
-tbe	0.664883054362	0.2142171256	0.0361573258121	0.0847424942259
-lco	0.0952380952381	0.904761904762	0.0	0.0
-ago	0.00519506977692	0.957930121218	0.00244473871855	0.0344300702862
-kme	0.360443622921	0.421441774492	0.0665434380776	0.15157116451
-lás	0.0530973451327	0.946902654867	0.0	0.0
-rte	0.272727272727	0.677685950413	0.0	0.0495867768595
-one	0.211526628837	0.508511656526	0.162533328776	0.117428385862
-rta	0.0382855766916	0.92944859138	0.0221526607272	0.0101131712015
-ega	0.0597365465128	0.777596242214	0.0416624119268	0.121004799346
-ona	0.085390070922	0.904680851064	0.00851063829789	0.00141843971631
-ego	0.0683012259194	0.253940455341	0.661996497373	0.015761821366
-ono	0.292407867356	0.694300865946	0.013291266698	0.0
-rto	0.0246913580247	0.975308641975	0.0	0.0
-nio	0.0372670807453	0.944099378882	0.0186335403727	0.0
-450	0.0357142857143	0.5	0.0	0.464285714286
-dam	0.0	1.0	0.0	0.0
-íye	0.194690265487	0.805309734513	0.0	0.0
-job	0.0579710144927	0.768115942029	0.115942028986	0.0579710144927
-ani	0.670725932991	0.106027026735	0.0286777767302	0.194569263544
-dab	0.0	1.0	0.0	0.0
-ano	0.0253998118532	0.722013170273	0.249764816557	0.00282220131703
-tal	0.32	0.573333333333	0.106666666667	0.0
-tam	0.0	1.0	0.0	0.0
-tan	0.505319148936	0.446808510638	0.0	0.0478723404255
-tai	0.570838041991	0.225197763635	0.0918485695593	0.112115624814
-ädi	0.219499463784	0.120572420726	0.0283878378962	0.631540277594
-öba	0.621991247265	0.212937636762	0.112144420131	0.0529266958424
-mne	0.00785580891199	0.00554516955605	0.00179106812199	0.98480795341
-mna	0.522961958447	0.273613375799	0.1060072389	0.0974174268543
-sco	0.0136830102623	0.986316989738	0.0	0.0
-iän	0.0987054795719	0.400839496053	0.460156299429	0.0402987249456
-tat	0.0	1.0	0.0	0.0
-ébe	0.206190042106	0.732169987412	0.0269132265486	0.0347267439337
-mno	0.085	0.915	0.0	0.0
-üai	0.0166249016793	0.94871741318	0.0230653843792	0.0115923007614
-tar	0.0	1.0	0.0	0.0
-tas	0.0	1.0	0.0	0.0
-mia	0.189655172414	0.810344827586	0.0	0.0
-rán	0.140350877193	0.859649122807	0.0	0.0
-nán	0.0124481327801	0.98755186722	0.0	0.0
-uta	0.0793221688129	0.495630511585	0.00747036787158	0.417576951731
-sés	0.103510493468	0.814037243597	0.0128517142227	0.0696005487119
-ena	0.521748352131	0.162413717209	0.0725816761433	0.243256254517
-qui	0.0	1.0	0.0	0.0
-eno	0.0	0.861271676301	0.138728323699	0.0
-bee	0.601983002833	0.28895184136	0.0580736543909	0.0509915014164
