-öse	0.402638052692	0.418515742508	0.0727245475017	0.106121657299
-tui	0.334566532039	0.158669554325	0.210678559267	0.296085354369
-ɨma	0.0415019762846	0.922924901186	0.0296442687747	0.00592885375496
-heu	0.054958553215	0.0176599344926	0.00275219758327	0.924629314709
-cai	0.508479015777	0.281262590864	0.0780795082475	0.132178885111
-'i–	0.640595903166	0.106145251397	0.0446927374301	0.208566108007
-ɨmi	0.189707822932	0.352241974191	0.187988180532	0.270062022344
-eus	0.0	0.986899563319	0.0131004366812	0.0
-äko	0.630927835052	0.183505154639	0.148453608247	0.0371134020619
-cas	0.0266101041265	0.878519089857	0.0208252988816	0.0740455071346
-car	0.120907200158	0.758740219867	0.0524116074081	0.0679409725661
-hia	0.648437979072	0.217204610623	0.0262175846554	0.108139825649
-ive	0.130180027318	0.331350280195	0.0729464912204	0.465523201267
-rbe	0.0533079485959	0.946692051404	0.0	0.0
-ivi	0.181328847771	0.0529857022708	0.019512195122	0.746173254836
-imí	0.269841269841	0.444444444444	0.126984126984	0.15873015873
-ivo	0.116059379217	0.83636977058	0.0222672064777	0.0253036437247
-'i?	0.586538461538	0.274038461538	0.0	0.139423076923
-oye	0.365979381443	0.386597938144	0.0	0.247422680412
-ehu	0.538919207871	0.196309739623	0.0305082061474	0.234262846359
-oya	0.467792755216	0.258864375136	0.0699054397805	0.203437429868
-dío	0.0361223443558	0.756778921768	0.116957474162	0.0901412597138
-día	0.0468417317246	0.371894960965	0.564229950319	0.0170333569908
-ecá	0.821917808219	0.0547945205479	0.0273972602739	0.0958904109589
-kä!	0.059405940594	0.792079207921	0.0	0.148514851485
-trɨ	0.0419063371309	0.935074439172	0.00989578337665	0.0131234403203
-ɨ̇u	0.0	0.766666666667	0.1	0.133333333333
-ävi	0.128777923784	0.717477003942	0.0394218134034	0.11432325887
-oyu	0.245835726594	0.452613440551	0.271682940839	0.0298678920161
-ɨ̇i	0.36751366362	0.381372181543	0.143796532306	0.107317622531
-ufo	0.0	1.0	0.0	0.0
-aum	0.012663085188	0.973906369916	0.00460475825019	0.0088257866462
-'i!	0.285714285714	0.542857142857	0.0571428571429	0.114285714286
-chẽ	0.75	0.2	0.0	0.05
-bbá	0.159292035398	0.752212389381	0.0	0.0884955752212
-uae	0.0398517953182	0.241197974315	0.193384224374	0.525566005993
-nto	0.0549527620776	0.754424687487	0.058954577334	0.131667973101
-pai	0.29655636511	0.261165687709	0.202174293921	0.24010365326
-uai	0.296422049688	0.554527460231	0.0742620459568	0.074788444124
-nte	0.0207055214724	0.680214723927	0.0	0.299079754601
-uan	0.0321777687899	0.913667224772	0.0117172281915	0.042437778247
-a'ë	0.65671641791	0.0597014925373	0.238805970149	0.044776119403
-uar	0.104304936529	0.702151634467	0.0903617090433	0.103181719961
-rió	0.39837398374	0.50406504065	0.0487804878049	0.0487804878049
-ümi	0.0	0.980392156863	0.0	0.0196078431372
-osẽ	0.386715688461	0.0781842395356	0.0168857567049	0.518214315299
-ëi!	0.344355758267	0.433295324972	0.108323831243	0.114025085519
-ohɨ	0.130394277322	0.619983528799	0.139759612157	0.109862581722
-teí	0.0408163265306	0.0408163265306	0.877551020408	0.0408163265306
-a'ä	0.566867988405	0.307410794365	0.0823174636627	0.0434037535676
-pra	0.0588279097476	0.771390274778	0.151910045424	0.0178717700499
-lía	0.0	1.0	0.0	0.0
-brɨ	0.171611981002	0.457436249474	0.0605283755636	0.310423393961
-pre	0.00565885206143	0.96550794934	0.00404203718675	0.024791161412
-ará	0.11214953271	0.803738317757	0.0841121495327	0.0
-tas	0.044628347126	0.955371652874	0.0	0.0
-arã	0.320932296613	0.49896204756	0.106342247297	0.0737634085301
-e'ï	0.220994475138	0.39226519337	0.386740331492	0.0
-opu	0.569172289831	0.36081562896	0.0311164805375	0.0388956006718
-más	0.0291479820628	0.963004484305	0.0	0.00784753363229
-arï	0.580443331393	0.171549063376	0.248007605231	0.0
-e'ë	0.413735834481	0.293709241823	0.0285432786656	0.264011645031
-aré	0.0	1.0	0.0	0.0
-eño	0.379587843737	0.250135905458	0.127240108773	0.243036142032
-ɨca	0.7167769092	0.169372619764	0.0136299859691	0.100220485067
-ãpe	0.120088954781	0.871015567087	0.00889547813197	0.0
-arö	0.440294312434	0.405804675421	0.111458184885	0.0424428272595
-opo	0.0972383515083	0.877779351367	0.00101968559694	0.0239626115281
-tín	0.0	0.980891719745	0.0191082802548	0.0
-mán	0.0256551218618	0.598069757498	0.37627512064	0.0
-meí	0.0	1.0	0.0	0.0
-ope	0.0778030795923	0.887497289091	0.0162654521796	0.0184341791369
-opa	0.470826605693	0.135485235711	0.0465246444322	0.347163514164
-arú	0.428571428571	0.265306122449	0.204081632653	0.102040816327
-hei	0.0986599906438	0.135906786585	0.0378552381699	0.727577984601
-dea	0.0109345935348	0.977653209994	0.00844603086824	0.00296616560253
-ño!	0.257142857143	0.651020408163	0.0489795918368	0.0428571428571
-reĩ	0.798507462687	0.15671641791	0.044776119403	0.0
-imu	0.188168743496	0.52899111455	0.146223016784	0.13661712517
-cau	0.0761904761905	0.809523809524	0.0	0.114285714286
-tẽi	0.243121214837	0.0509170699833	0.0520002483607	0.653961466819
-dei	0.570938322678	0.192130500188	0.153018051899	0.083913125235
-ɨte	0.268055859879	0.131188617232	0.0598094551305	0.540946067758
-pe–	0.786852589641	0.0438247011952	0.0	0.169322709163
-ɨta	0.686596839172	0.113123655476	0.0586851342899	0.141594371063
-deo	0.0010145417653	0.997970916469	0.0	0.0010145417653
-te!	0.348187605561	0.417305443679	0.175393010264	0.0591139404963
-oko	0.807851641124	0.126859276381	0.0334505793032	0.0318385031922
-des	0.0319058916874	0.909135734388	0.0427944102791	0.0161639636459
-ime	0.242128506598	0.108231435493	0.0399397089643	0.609700348945
-deu	0.150189702532	0.0972602355343	0.0150990916479	0.737450970286
-caz	0.0	1.0	0.0	0.0
-imi	0.174848725031	0.336938125965	0.204597843252	0.283615305752
-ri?	0.361618798956	0.304830287206	0.0241514360313	0.309399477807
-ɨtu	0.154393808696	0.771956894143	0.0419638192664	0.0316854778943
-oka	0.265376209803	0.67624102404	0.0462066812363	0.0121760849204
-esá	0.0	1.0	0.0	0.0
-imo	0.128312290118	0.734136934876	0.0715615972314	0.0659891777748
-ido	0.105263157895	0.649122807018	0.0	0.245614035088
-õhe	0.0924744897959	0.578443877551	0.105867346939	0.223214285714
-eco	0.197333385509	0.0952075672334	0.0334697686983	0.673989278559
-ar!	0.389613855741	0.350190666057	0.132815185348	0.127380292853
-lle	0.0274725274725	0.813186813187	0.148351648352	0.010989010989
-äpɨ	0.524590163934	0.377049180328	0.0655737704918	0.0327868852459
-rpa	0.0146341463415	0.928455284553	0.0471544715447	0.00975609756098
-quɨ	0.40537510547	0.451068166785	0.0424455359862	0.101111191759
-eca	0.638624824127	0.173776228054	0.0392585795559	0.148340368263
-ide	0.0	1.0	0.0	0.0
-llo	0.254666263249	0.693647633294	0.0512517664527	0.000434337003836
-asɨ	0.186366684393	0.455887241286	0.293561289999	0.0641847843218
-öño	0.508169934641	0.281045751634	0.0833333333333	0.127450980392
-ɨ'a	0.290975703061	0.403984372729	0.0780867967242	0.226953127486
-me!	0.112951807229	0.887048192771	0.0	0.0
-güe	0.20944321843	0.110916504942	0.0583987940236	0.621241482604
-nöi	0.150395778364	0.68073878628	0.0316622691293	0.137203166227
-bia	0.182555780933	0.763353617309	0.0351588911427	0.0189317106153
-mbɨ	0.187754298878	0.579309251875	0.219629574293	0.0133068749542
-ëño	0.337194757165	0.375972154239	0.191113286561	0.095719802034
-itá	0.0137457044674	0.986254295533	0.0	0.0
-drɨ	0.0326753651418	0.944519952936	0.00238257870826	0.0204221032136
-ecu	0.182724252492	0.777408637874	0.0	0.0398671096346
-ẽpa	0.232638888889	0.402777777778	0.0729166666667	0.291666666667
-de!	0.632034632035	0.25974025974	0.0519480519481	0.056277056277
-̃vɨ	0.561403508772	0.105263157895	0.263157894737	0.0701754385965
-tes	0.00612244897959	0.99387755102	0.0	0.0
-vëi	0.137978592479	0.368244084996	0.405409010487	0.0883683120374
-ute	0.308945293033	0.0510872321265	0.03951981674	0.600447658101
-rio	0.757621166798	0.20239986881	0.0174165785471	0.0225623858451
-üer	0.279635744159	0.518372068805	0.0582038979538	0.143788289081
-rim	0.0	1.0	0.0	0.0
-a'u	0.252488818352	0.301062857693	0.258885201751	0.187563122205
-eru	0.702740139476	0.145170758629	0.0245637342225	0.127525367673
-erɨ	0.0709463990344	0.815727122357	0.0197147838526	0.0936116947562
-üei	0.43671318462	0.378589934928	0.153626377198	0.0310705032536
-a'i	0.00976490378698	0.968264062692	0.0157346243794	0.00623640914126
-a'o	0.489216876172	0.416403781594	0.0531013442018	0.0412779980319
-ris	0.00273224043716	0.986338797814	0.0	0.0109289617486
-gre	0.0	0.57100591716	0.41124260355	0.0177514792899
-tei	0.282727842843	0.246861152761	0.0819984093279	0.388412595068
-a'a	0.0502666056501	0.781385307183	0.0990198081193	0.0693282790472
-'ɨ̇	0.206780215274	0.314753113314	0.18601336573	0.292453305682
-tel	0.0	0.786764705882	0.213235294118	0.0
-aku	0.172242120068	0.440011421115	0.108508501869	0.279237956948
-a'e	0.122828800484	0.0825632940085	0.00887854042422	0.785729365083
-teo	0.0162814362553	0.978339874982	0.00109027474924	0.00428841401366
-lux	0.0300375469337	0.969962453066	0.0	0.0
-are	0.0942627045812	0.0192667298636	0.00251947739846	0.883951088157
-e'e	0.431310492033	0.319986751555	0.132852463843	0.11585029257
-öai	0.0572665696118	0.757424071519	0.185309358869	0.0
-ara	0.41647486826	0.248363162503	0.0702806939329	0.264881275305
-nza	0.264285714286	0.65	0.0535714285714	0.0321428571428
-mer	0.0184721926193	0.841744911734	0.0293909785401	0.110391917107
-e'o	0.639174885708	0.27672137507	0.0412737577839	0.0428299814381
-ãha	0.581423492933	0.303869423709	0.05578221177	0.058924871588
-'u!	0.192307692308	0.519230769231	0.0576923076923	0.230769230769
-aro	0.165447187048	0.755020712889	0.0439131239472	0.0356189761154
-ari	0.00869565217391	0.991304347826	0.0	0.0
-rón	0.00993377483446	0.967218543046	0.0228476821192	0.0
-aru	0.624798958902	0.255148063279	0.0445169420452	0.0755360357734
-e'u	0.514515969129	0.1805924552	0.023822849474	0.281068726197
-a'ɨ	0.220695205373	0.663942798774	0.0108335654812	0.104528430371
-mea	0.0	1.0	0.0	0.0
-mec	0.0	1.0	0.0	0.0
-opë	0.793103448276	0.172413793103	0.0344827586207	0.0
-tɨ̃	0.342987804878	0.606707317073	0.0274390243903	0.0228658536585
-meo	0.0	0.983606557377	0.016393442623	0.0
-mei	0.291891891892	0.416216216216	0.0324324324324	0.259459459459
-ãhu	0.145570922284	0.100920133532	0.0214604314529	0.732048512731
-ẽhɨ	0.32503367582	0.294617435708	0.196790828333	0.183558060139
-bán	0.120668505395	0.539671997937	0.286029049825	0.0536304468423
-ërä	0.607594936709	0.177215189873	0.0506329113924	0.164556962025
-ién	0.426925683307	0.316918906709	0.113846848882	0.142308561102
-aya	0.0237780713342	0.948858275146	0.0	0.0273636535195
-rah	0.0	1.0	0.0	0.0
-dɨ́	0.301098901099	0.318681318681	0.167032967033	0.213186813187
-ãca	0.124800201901	0.851034743838	0.00561537814419	0.0185496761168
-ndu	0.714577459723	0.143295253107	0.0215687224115	0.120558564758
-ayo	0.0240320427236	0.975967957276	0.0	0.0
-ero	0.575566901602	0.344464468207	0.0485175530737	0.0314510771181
-ipɨ	0.046500630517	0.885561160151	0.0301071878941	0.0378310214376
-erí	0.0	1.0	0.0	0.0
-ikɨ	0.238805970149	0.691542288557	0.0149253731343	0.0547263681592
-ayu	0.527547876707	0.416618942613	0.0170974459355	0.0387357347441
-moï	0.289156626506	0.620481927711	0.0180722891566	0.0722891566265
-ra!	0.539934947597	0.298156848572	0.0433682688833	0.118539934948
-ɨ̃u	0.0363636363636	0.890909090909	0.0363636363636	0.0363636363636
-bás	0.0218905472637	0.9592039801	0.0144278606965	0.0044776119403
-vui	0.644028103045	0.215456674473	0.140515222482	0.0
-ahɨ	0.251258581236	0.560640732265	0.0480549199085	0.14004576659
-eté	0.325376801736	0.0596390115779	0.0153667849839	0.599617401702
-aón	0.0253623188406	0.974637681159	0.0	0.0
-ve!	0.266053274997	0.559258782653	0.0749581778407	0.099729764509
-ere	0.40780811153	0.16616876111	0.147591813721	0.278431313639
-osɨ	0.206726849518	0.720028356608	0.0240019937643	0.0492428001099
-dán	0.0264778891238	0.964144525145	0.00330973614048	0.00606784959088
-u'ä	0.452182921708	0.236901822493	0.052632303077	0.258282952722
-xad	0.0	1.0	0.0	0.0
-er?	0.480577136515	0.299667036626	0.0577136514984	0.162042175361
-ɨvo	0.442965779468	0.0798479087452	0.0456273764259	0.431558935361
-ota	0.473193126419	0.109706125823	0.0305499022179	0.38655084554
-tán	0.0	1.0	0.0	0.0
-ote	0.00456187036685	0.995438129633	0.0	0.0
-akɨ	0.413043478261	0.5	0.0434782608696	0.0434782608696
-ä'e	0.0470131330165	0.487684603199	0.383565843937	0.0817364198477
-isã	0.274119448698	0.574272588055	0.151607963247	0.0
-ĩra	0.0628763726532	0.304374778604	0.626106978392	0.00664187035069
-oto	0.025	0.925	0.0375	0.0125
-rán	0.209115281501	0.790884718499	0.0	0.0
-upä	0.694682675815	0.0960548885077	0.188679245283	0.0205831903945
-uma	0.145649198983	0.0646009322043	0.0175328483676	0.772217020445
-kei	0.640951356124	0.221090969291	0.0547691968104	0.083188477775
-upá	0.576383154418	0.210569777044	0.0297274979356	0.183319570603
-eví	0.0996105759377	0.879483500717	0.0202910432466	0.000614880098381
-umo	0.0943746784533	0.00517321659988	0.00149334386055	0.898958761086
-saɨ	0.35718891038	0.445519019987	0.197292069633	0.0
-umi	0.306676277949	0.287766854306	0.23697712387	0.168579743875
-ɨño	0.444287741393	0.313160869407	0.0832873364653	0.159264052735
-ako	0.446814242737	0.431951865655	0.0323290377621	0.0889048538458
-lo!	0.189526184539	0.230673316708	0.274314214464	0.305486284289
ALL	0.212044471296	0.257095907477	0.0482636093096	0.482596011917
-nai	0.0936631557278	0.524479363228	0.367447764779	0.0144097162658
-ye?	0.410445447342	0.221793502601	0.0229097047577	0.344851345299
-aki	0.130986351291	0.815037645684	0.0127204593117	0.0412555437137
-nam	0.0	1.0	0.0	0.0
-äve	0.127104240045	0.699180442601	0.0428775063059	0.130837811048
-ake	0.129754628035	0.403663357684	0.0523850895276	0.414196924754
-ïmi	0.26182463149	0.238711103278	0.357487557805	0.141976707427
-aka	0.424494645066	0.403988704256	0.0910162353493	0.0805004153288
-aús	0.0687022900764	0.824427480916	0.106870229008	0.0
-aúl	0.410628019324	0.536231884058	0.024154589372	0.0289855072464
-aúm	0.016918429003	0.970191339376	0.002416918429	0.0104733131923
-aún	0.254612546125	0.608856088561	0.0664206642066	0.070110701107
-sio	0.0898305084746	0.910169491525	0.0	0.0
-̇pa	0.179810725552	0.567823343849	0.119873817035	0.132492113565
-upi	0.121656827522	0.10018001363	0.0355135001658	0.742649658682
-nas	0.0197034724932	0.974248927039	0.00195083886071	0.00409676160749
-sia	0.00766153060356	0.986464629267	0.00204307482762	0.00383076530178
-ïra	0.276569575669	0.49960865433	0.151828143344	0.0719936266562
-ón?	0.072625698324	0.826815642458	0.0335195530726	0.0670391061453
-ker	0.234941732578	0.613422567511	0.0210605138766	0.130575186035
-rö?	0.436842105263	0.221052631579	0.0684210526316	0.273684210526
-mou	0.141342756184	0.058785737231	0.722775457758	0.0770960488275
-eü!	0.384057971014	0.224637681159	0.239130434783	0.152173913044
-mos	0.0622009569378	0.933014354067	0.00478468899521	0.0
-mor	0.0143198090692	0.942720763723	0.0429594272076	0.0
-ëra	0.432990163834	0.350170564929	0.125858561136	0.0909807101008
-igo	0.0108633438073	0.978623742831	0.00560688712635	0.00490602623556
-ɨka	0.678239967951	0.213794484877	0.00707751886225	0.10088802831
-eu?	0.285966175777	0.073757667569	0.0186256736285	0.621650483026
-gog	0.0	0.981873111782	0.0181268882175	0.0
-ü'ë	0.69587628866	0.268041237113	0.020618556701	0.0154639175258
-ɨpa	0.256420190708	0.644346286016	0.0364847918021	0.0627487314736
-aán	0.0385852090032	0.942122186495	0.0192926045016	0.0
-re?	0.628648405927	0.36237090256	0.0	0.00898069151325
-ɨpe	0.0303436493523	0.0166209213047	0.00567062583188	0.947364803511
-cos	0.0725949242573	0.858941569939	0.0460358056266	0.0224277001771
-ɨpi	0.247747747748	0.617117117117	0.135135135135	0.0
-mol	0.0	0.949494949495	0.050505050505	0.0
-ɨpo	0.522348788876	0.159075325172	0.304011566409	0.0145643195433
-moi	0.099063664139	0.78163781279	0.0283992598633	0.0908992632077
-pi?	0.46067653277	0.267357293869	0.0545454545455	0.217420718816
-u'u	0.381199930719	0.429947539937	0.0780089954431	0.110843533901
-dec	0.0598250399774	0.930580378139	0.00846580754397	0.0011287743392
-yar	0.0175545718831	0.915352790615	0.0453688020807	0.0217238354213
-ber	0.0	1.0	0.0	0.0
-a'ü	0.110675707276	0.102281056679	0.0213581905072	0.765685045537
-eor	0.0434782608696	0.95652173913	0.0	0.0
-cob	0.00543271063667	0.986847121616	0.0	0.00772016774686
-yae	0.619335347432	0.380664652568	0.0	0.0
-nta	0.0185824762783	0.109560733665	0.0165418772477	0.855314912809
-poi	0.266962246521	0.241505034287	0.0848264496161	0.406706269576
-ösa	0.212852418586	0.555361398055	0.178857182388	0.05292900097
-bel	0.0329639895449	0.91980583759	0.0	0.0472301728654
-̇ño	0.568887795362	0.17065755134	0.201931441727	0.0585232115711
-yao	0.363636363636	0.378787878788	0.227272727273	0.030303030303
-yai	0.441504638117	0.191621176932	0.133617441906	0.233256743045
-bed	0.289353958144	0.710646041856	0.0	0.0
-cor	0.0	1.0	0.0	0.0
-iso	0.0128205128205	0.948717948718	0.0384615384615	0.0
-otá	0.507692307692	0.149450549451	0.237362637363	0.105494505494
-oho	0.539147365984	0.366881127556	0.0416245156187	0.0523469908421
-rei	0.352130636534	0.267082285431	0.185257341221	0.195529736814
-reo	0.00867447877035	0.906406939583	0.0812661695328	0.00365241211384
-sa?	0.483677825793	0.366897485292	0.0952777633155	0.0541469256
-mo?	0.736842105263	0.263157894737	0.0	0.0
-ise	0.315506504713	0.181772565113	0.0782840319201	0.424436898254
-nvɨ	0.0	0.919230769231	0.0346153846154	0.0461538461538
-ĩrá	0.207126948775	0.405345211581	0.387527839644	0.0
-isa	0.201943362742	0.613968164609	0.124488864893	0.0595996077552
-eve	0.182127289475	0.0793249054921	0.0188205596005	0.719727245433
-upe	0.0460929745153	0.0229236077228	0.00834508728079	0.922638330481
-eva	0.0509857239973	0.875594833447	0.0	0.0734194425561
-röi	0.553941651847	0.297018813775	0.109323676785	0.0397158575923
-upa	0.219718608199	0.679553986816	0.041774463546	0.0589529414397
-rer	0.34656994977	0.52688235703	0.0212113298581	0.105336363342
-res	0.103910933486	0.583071652869	0.0962032543534	0.216814159292
-isu	0.294612794613	0.262626262626	0.247474747475	0.195286195286
-evo	0.349837746575	0.0733354161518	0.0275772336028	0.549249603671
-evi	0.339960238569	0.600397614314	0.0477137176938	0.0119284294235
-ret	0.0136938202247	0.98125	0.00337078651685	0.00168539325842
-fes	0.0787878787879	0.872727272727	0.0242424242424	0.0242424242424
-avi	0.314285714286	0.0761904761905	0.0380952380952	0.571428571429
-hab	0.0374449339207	0.962555066079	0.0	0.0
-avo	0.644461702749	0.19089189563	0.0553237181655	0.109322683455
-hai	0.449872413828	0.248240034667	0.21990017545	0.0819873760544
-mas	0.0658961881589	0.930048661801	0.0	0.00405515004054
-mar	0.208262345455	0.761604745482	0.0122414943071	0.0178914147565
-ave	0.237023750075	0.45697792316	0.0591934377952	0.24680488897
-eyɨ	0.318455848123	0.11304835202	0.00574378547888	0.562752014378
-hat	0.0	1.0	0.0	0.0
-uɨ́	0.490196078431	0.282583621684	0.0795847750865	0.147635524798
-ai?	0.354691075515	0.29176201373	0.0755148741419	0.278032036613
-ïrä	0.515625	0.0	0.21875	0.265625
--ra	0.347058032784	0.187167392834	0.0676264994504	0.398148074931
-dio	0.00416233090531	0.979882067291	0.0159556018037	0.0
-uni	0.051724137931	0.775862068966	0.0	0.172413793103
-ui?	0.168729650808	0.132427392485	0.0458899879479	0.652952968758
-wä!	0.346169170553	0.247779314224	0.08449152741	0.321559987813
-esẽ	0.556832298137	0.266459627329	0.0394409937888	0.137267080745
-una	0.0442396313364	0.867281105991	0.0774193548387	0.0110599078341
-se!	0.249574974498	0.29445766746	0.0952057123427	0.360761645699
-se?	0.156433809027	0.149553496381	0.0701108661186	0.623901828473
-pe?	0.223157472043	0.173859381018	0.0305314949312	0.572451652008
-bá!	0.141361256544	0.764397905759	0.0	0.0942408376963
-ñoi	0.0601410256741	0.0729613069514	0.00216724416843	0.864730423206
-pta	0.0850879723103	0.91491202769	0.0	0.0
-pto	0.0138719512195	0.931783536585	0.05	0.00434451219512
-unu	0.0450304259635	0.939148073022	0.00486815415821	0.010953346856
-vɨï	0.448141687131	0.338956096809	0.0727716690821	0.140130546978
-ús–	0.0504450030573	0.433894965691	0.246620014947	0.269040016305
-räi	0.122645028892	0.291148322232	0.441675959783	0.144530689092
-ña–	0.683760683761	0.222222222222	0.068376068376	0.025641025641
-köi	0.145683453237	0.692446043165	0.0539568345323	0.107913669065
-̇ma	0.0969387755101	0.90306122449	0.0	0.0
-mbó	0.561403508772	0.368421052632	0.0350877192982	0.0350877192982
-tra	0.0	0.991724708641	0.00827529135921	0.0
-asá	0.191489361702	0.639417693169	0.057110862262	0.111982082867
-ada	0.0893326326853	0.753021544929	0.136626379401	0.0210194429848
-qué	0.296052631579	0.427631578947	0.157894736842	0.118421052632
-spe	0.0464441219158	0.914368650218	0.0391872278665	0.0
-tro	0.0415482473948	0.153742048992	0.0143456489376	0.790364054676
-saï	0.612216502018	0.240294977042	0.0706831779602	0.0768053429804
-gai	0.0552570990023	0.709900230238	0.225633154259	0.00920951650038
-ãve	0.301412476879	0.221088363881	0.187279300488	0.290219858752
-tru	0.0355184645128	0.271871477487	0.0820307394701	0.61057931853
-ade	0.0	1.0	0.0	0.0
-gau	0.0	1.0	0.0	0.0
-gar	0.15402466034	0.0651443859244	0.0327674767025	0.748063477033
-kai	0.476705414068	0.318659856826	0.0962354184999	0.108399310606
-lam	0.014598540146	0.985401459854	0.0	0.0
-mbé	0.0	0.716981132075	0.264150943396	0.0188679245283
-ia?	0.203433749941	0.375906631536	0.0965448304805	0.324114788042
-teï	0.469798657718	0.429530201342	0.0604026845638	0.0402684563758
-asú	0.238095238095	0.680272108844	0.0816326530612	0.0
-ne!	0.303754266212	0.419795221843	0.174061433447	0.102389078498
-seo	0.0291439603153	0.937131256681	0.00439793813214	0.0293268448713
-ini	0.463481547973	0.309834759852	0.119979265965	0.106704426211
-sem	0.0	1.0	0.0	0.0
-lao	0.215730337079	0.784269662921	0.0	0.0
-hem	0.0	0.943661971831	0.056338028169	0.0
-u'a	0.671752765879	0.173947564314	0.0663750105038	0.087924659304
-sei	0.461102301214	0.283140130061	0.204735513925	0.0510220547999
-ino	0.0404616449437	0.0640095397727	0.0111398527339	0.88438896255
-ina	0.0448760884126	0.838580040188	0.104487608841	0.0120562625586
-uis	0.0	1.0	0.0	0.0
-sec	0.0	1.0	0.0	0.0
-ine	0.370689655172	0.474137931034	0.155172413793	0.0
-sea	0.0365853658537	0.963414634146	0.0	0.0
-ira	0.238419350795	0.122879509369	0.0352309650722	0.603470174764
-ohe	0.22238915614	0.485993180471	0.0328771780293	0.25874048536
-e'ä	0.377168949772	0.399086757991	0.119634703196	0.104109589041
-uim	0.0	1.0	0.0	0.0
-oha	0.532424718932	0.285666182105	0.0660158703723	0.11589322859
-erã	0.115548134805	0.060968223053	0.0125090916087	0.810974550533
-erä	0.127070493124	0.037241673678	0.010634120271	0.825053712927
-ohi	0.811900191939	0.147792706334	0.00575815738963	0.0345489443378
-ɨ̇?	0.175	0.261111111111	0.447222222222	0.116666666667
-blo	0.0284247282026	0.898851309523	0.00317214981934	0.0695518124547
-ñai	0.572033898305	0.335071707953	0.0	0.0928943937418
-rse	0.221528525296	0.516536598493	0.150888051668	0.111046824543
-són	0.00857346987378	0.987854251012	0.000714455822815	0.00285782329126
-kru	0.0327034883721	0.949854651163	0.0	0.0174418604651
-prɨ	0.255374456824	0.2670361884	0.0858443970767	0.391744957699
-usa	0.209368563055	0.659634700321	0.0638713746709	0.0671253619534
-üño	0.476923076923	0.353846153846	0.0769230769231	0.0923076923077
-iai	0.520601998824	0.274905866316	0.111778740033	0.0927133948263
-nes	0.0310932798395	0.789368104313	0.0265797392176	0.15295887663
-dɨi	0.59941437505	0.194301936546	0.120729377795	0.085554310609
-rso	0.00808625336927	0.991913746631	0.0	0.0
-neo	0.0	0.855072463768	0.0	0.144927536232
-ate	0.106095661065	0.375534349447	0.322176781784	0.196193207704
-opɨ	0.384941514255	0.472398135742	0.0696185390767	0.0730418109257
-tɨi	0.293239879786	0.415784890868	0.182919051225	0.10805617812
-ias	0.0129028558321	0.975054478725	0.00860190388806	0.00344076155522
-iar	0.203587751371	0.710162575085	0.0454753199269	0.0407743536171
-ga?	0.340425531915	0.0531914893617	0.414893617021	0.191489361702
-̇ta	0.0210035005834	0.807467911319	0.143523920653	0.0280046674446
-sa!	0.432668329177	0.37323358271	0.105569409809	0.0885286783042
-ooz	0.0303797468354	0.969620253165	0.0	0.0
-ëku	0.130872483221	0.791946308725	0.0	0.0771812080537
-̇te	0.18487394958	0.81512605042	0.0	0.0
-kui	0.385896959728	0.292460338515	0.117737570966	0.20390513079
-nea	0.109452736318	0.238805970149	0.562189054726	0.089552238806
-ban	0.0467187094456	0.871683271108	0.00419270469383	0.0774053147523
-ra?	0.514941040815	0.19950939866	0.0441649986946	0.241384561831
-eka	0.65336831806	0.147886203294	0.0401164514101	0.158629027236
-eke	0.382436260623	0.452407932011	0.0368271954674	0.128328611898
-ɨtɨ	0.345735785953	0.394648829431	0.230769230769	0.0288461538462
-e'a	0.410871839014	0.392850529729	0.0959868681157	0.100290763141
-hoi	0.487952797318	0.325833278548	0.0253106304648	0.160903293669
-eko	0.179516398817	0.0982906481919	0.0361200945364	0.686072858455
-che	0.0291295698255	0.0267983627725	0.00169224690934	0.942379820493
-vɨe	0.4	0.225806451613	0.245161290323	0.129032258065
-okɨ	0.528472199994	0.375116033418	0.0322652924042	0.0641464741846
-unú	0.306451612903	0.629032258065	0.0645161290322	0.0
-er!	0.193849021435	0.554520037279	0.229263746505	0.022367194781
-vɨi	0.336931008301	0.26829441149	0.0787016162769	0.316072963932
-bas	0.0	1.0	0.0	0.0
-job	0.105263157895	0.863157894737	0.0105263157895	0.0210526315789
-ïte	0.158812913575	0.803374487954	0.0151250393881	0.0226875590822
-ve?	0.496221673956	0.193349051656	0.145842929263	0.164586345125
-ase	0.238456476967	0.0987696567403	0.0198857929851	0.642888073307
-yɨi	0.514136523571	0.225241275541	0.0379086837656	0.222713517123
-que	0.256656693128	0.207725001849	0.0189703508335	0.51664795419
-mbu	0.252040207006	0.676925756369	0.0582205414013	0.0128134952229
-asa	0.205842096681	0.636544164906	0.0740932809981	0.0835204574147
-adá	0.0	1.0	0.0	0.0
-aso	0.68956662296	0.0677849742665	0.017238805935	0.225409596839
-äpe	0.0365853658536	0.963414634146	0.0	0.0
-adí	0.0	1.0	0.0	0.0
-äpa	0.574864477614	0.250688292058	0.0251528564658	0.149294373862
-yei	0.394512036532	0.26680609453	0.212711528676	0.125970340263
-mba	0.257428945661	0.580648344922	0.0431328049016	0.118789904515
-asu	0.108068281811	0.181319347945	0.238699472309	0.471912897935
-mbe	0.221169784513	0.170494908833	0.589391427895	0.0189438787592
-yea	0.791921664627	0.116279069767	0.0367197062424	0.0550795593635
-mbi	0.0249034304571	0.914545547568	0.049499884884	0.0110511370904
-lta	0.102941176471	0.850490196078	0.0367647058823	0.00980392156863
-chá	0.066091954023	0.210875331565	0.61759504863	0.105437665783
-zor	0.0	1.0	0.0	0.0
-mbo	0.606962308356	0.189119320251	0.0349633460588	0.168955025334
-iné	0.454545454545	0.436363636364	0.109090909091	0.0
-rea	0.0187834972367	0.929958425859	0.0120214382315	0.0392366386723
-ogo	0.0	1.0	0.0	0.0
-öra	0.633904596302	0.211744562858	0.0736674467647	0.0806833940757
-ohó	0.318483412322	0.482464454976	0.0597156398104	0.139336492891
-urä	0.492797134772	0.397682788864	0.0804261055258	0.0290939708385
-vɨ?	0.793650793651	0.174603174603	0.0	0.031746031746
-inã	0.978723404255	0.0	0.0	0.0212765957447
-ras	0.0703703703704	0.914814814815	0.00740740740741	0.00740740740741
-tɨ̇	0.442353175575	0.478472923986	0.0336771926768	0.0454967077621
-eri	0.0	1.0	0.0	0.0
-ram	0.0	1.0	0.0	0.0
-uía	0.0340602373506	0.938520200506	0.0	0.0274195621439
-red	0.0	1.0	0.0	0.0
-tɨ́	0.542682926829	0.283536585366	0.0823170731707	0.0914634146341
-ohã	0.628709055877	0.173988439306	0.00655105973025	0.190751445087
-era	0.305401986663	0.131843982783	0.0452423375167	0.517511693038
-uío	0.0	1.0	0.0	0.0
-ova	0.13480777244	0.273614554899	0.0448126479791	0.546765024682
-rac	0.0	1.0	0.0	0.0
-aho	0.530455890162	0.367139497838	0.0475612531291	0.0548433588713
-aén	0.0	0.958904109589	0.041095890411	0.0
-̇tü	0.0295672139269	0.835448490305	0.0260695792671	0.108914716501
-as!	0.0882352941176	0.852941176471	0.0	0.0588235294118
-por	0.14308342133	0.765047518479	0.00950369588173	0.0823653643083
-pos	0.0383064516129	0.834677419355	0.0383064516129	0.0887096774193
-añi	0.423470568571	0.457723660864	0.0999048525214	0.0189009180446
-arɨ	0.0375523949071	0.775221983374	0.00424735282194	0.182978268897
-uka	0.40914604059	0.135682792075	0.0186607326244	0.436510434711
-e'ɨ	0.112048192771	0.715662650602	0.105421686747	0.0668674698795
-üsa	0.0255427841634	0.833971902937	0.140485312899	0.0
-ẽhe	0.527951407282	0.345446198397	0.0538545749903	0.0727478193311
-orä	0.40932987618	0.337476525064	0.0954113673152	0.157782231441
-ye!	0.490378084673	0.38736699117	0.0611274620783	0.0611274620784
-aza	0.00670141474311	0.911020104244	0.0681310498883	0.0141474311243
-ña!	0.163138735338	0.13779155993	0.0674127005528	0.63165700418
-ïse	0.389463830672	0.423838993187	0.139892870144	0.0468043059962
-ike	0.621287108607	0.102888372877	0.0369248565144	0.238899662002
-ïsa	0.393399582181	0.452317768618	0.0958443904918	0.0584382587093
-mo!	0.171428571429	0.102857142857	0.08	0.645714285714
-lac	0.302916274694	0.697083725306	0.0	0.0
-iko	0.355948656642	0.094987798446	0.0163932739346	0.532670270978
-aat	0.0	1.0	0.0	0.0
-oui	0.43944470971	0.200574380492	0.120867355032	0.239113554766
-ipá	0.456211812627	0.195519348269	0.262729124236	0.0855397148676
-lah	0.0	0.987212276215	0.0	0.0127877237852
-ayɨ	0.472719981417	0.317488811957	0.155223011624	0.0545681950015
-ĩsa	0.267123287671	0.260273972603	0.417808219178	0.0547945205479
-vo?	0.755555555556	0.171428571428	0.0253968253968	0.0476190476191
-aam	0.027972027972	0.944055944056	0.0	0.027972027972
-noi	0.639750650886	0.162107550339	0.0836558106531	0.114485988122
-iku	0.010862186015	0.985064494229	0.00135777325187	0.00271554650374
-fos	0.0183486238532	0.981651376147	0.0	0.0
-eón	0.119009838147	0.841002856236	0.0133291018724	0.0266582037448
-ë'ä	0.567010309278	0.0618556701031	0.154639175258	0.216494845361
-las	0.0300608048097	0.925303454715	0.00842613468151	0.0362096057935
-oke	0.57694998523	0.172198815317	0.0318713950343	0.218979804418
-noc	0.0816468946266	0.909979064899	0.00837404047453	0.0
-vo!	0.166666666667	0.208333333333	0.583333333333	0.0416666666667
-aac	0.000352609308886	0.995416078984	0.00423131170663	0.0
-ahi	0.0165037093093	0.956067930878	0.0112064211505	0.0162219386626
-dos	0.110721952322	0.103349903966	0.00593153316011	0.779996610553
-gel	0.0483870967742	0.741935483871	0.161290322581	0.0483870967742
-'u–	0.265193370166	0.530386740331	0.0	0.204419889503
-aha	0.0627568475819	0.768913091888	0.153146952244	0.0151831082859
-fán	0.0	1.0	0.0	0.0
-boi	0.398410869805	0.460109297266	0.113163531477	0.0283163014522
-ahe	0.127703271302	0.0949684174626	0.0116415831732	0.765686728062
-ãro	0.440051523518	0.348338428163	0.0610763238339	0.150533724485
-üve	0.136594200333	0.110373093643	0.029716388885	0.723316317139
-doc	0.0	1.0	0.0	0.0
-ie?	0.202650290886	0.0759534583064	0.104718810601	0.616677440207
-ãri	0.141197497766	0.0840035746202	0.774798927614	0.0
-ges	0.0512820512821	0.897435897436	0.0512820512821	0.0
-'e?	0.354359827773	0.232982011253	0.0195472435745	0.3931109174
-reu	0.0927823774687	0.0906701947844	0.00578180710121	0.810765620646
-oñá	0.490494296578	0.349809885932	0.0912547528518	0.0684410646387
-ahu	0.229658249391	0.348144059611	0.209649970103	0.212547720896
-sas	0.0	1.0	0.0	0.0
-sar	0.189865901588	0.679842285073	0.0386658222006	0.0916259911375
-vor	0.0127196097589	0.856450118435	0.10357396518	0.0272563066262
-ũpa	0.0293058523631	0.687216798549	0.00513836000868	0.278338989079
-no?	0.511853448276	0.323275862069	0.0161637931034	0.148706896552
-otɨ	0.160311760556	0.254682382954	0.236254966866	0.348750889624
-too	0.366275673003	0.317963237607	0.180149206777	0.135611882612
-tol	0.0510034078001	0.880045437334	0.0259750094661	0.0429761453995
-ätä	0.24051320682	0.207067851026	0.38156280281	0.170856139344
-rai	0.269411229836	0.411315533499	0.213061906291	0.106211330375
-toi	0.531531241965	0.359829004886	0.10381846233	0.00482129082026
-oli	0.0233918128655	0.941520467836	0.0350877192982	0.0
-'ui	0.557976677451	0.232624039709	0.0789995593707	0.130399723469
-tou	0.480012438611	0.206984923545	0.101707092153	0.21129554569
-tor	0.104595879556	0.762282091918	0.0760697305864	0.0570522979398
-tos	0.0830893773238	0.146505388996	0.0533722407869	0.717032992893
-olo	0.0252951096122	0.929173693086	0.0	0.0455311973019
-voi	0.153291100445	0.055593294559	0.0233785868056	0.76773701819
-rve	0.227331527829	0.421133551012	0.0869552502543	0.264579670905
-te?	0.4	0.505714285714	0.0171428571429	0.0771428571428
-ou?	0.27397260274	0.150684931507	0.191780821918	0.383561643836
-sam	0.0	1.0	0.0	0.0
-ucú	0.121621621622	0.371621621622	0.486486486487	0.0202702702703
-oi?	0.46991742037	0.264254817145	0.0471883602045	0.218639402281
-iel	0.0119137670197	0.986100605144	0.00198562783661	0.0
-ïai	0.346499102334	0.254937163375	0.301615798923	0.096947935368
-ien	0.00401069840368	0.057274785744	0.103011622158	0.835702893694
-eü?	0.442790184726	0.0612076095947	0.0165425971877	0.479459608492
-naí	0.00886917960088	0.991130820399	0.0	0.0
-cuã	0.354929577465	0.593802816901	0.0512676056338	0.0
-loc	0.0	0.976054049431	0.0239459505687	0.0
-cuá	0.15132960112	0.539013296011	0.257172848146	0.0524842547236
-̇ra	0.392427694328	0.318586757303	0.0309918650179	0.257993683351
-oce	0.015412200822	0.110323152551	0.00423080022564	0.870033846402
-iez	0.045251012157	0.136329819693	0.00760685118157	0.810812316969
-oca	0.240963855422	0.659973226238	0.0589022757698	0.0401606425703
-ava	0.0346807645141	0.457680334275	0.021832048503	0.485806852708
-rom	0.0	1.0	0.0	0.0
-oco	0.774940129704	0.130316220043	0.0374080095093	0.0573356407433
-doi	0.394340802946	0.42871140086	0.107116612339	0.0698311838551
-roi	0.418800224535	0.376303771986	0.144049588377	0.0608464151016
-rïo	0.0386217355076	0.038523552018	0.0424028135507	0.880451898924
-rní	0.0	1.0	0.0	0.0
-akä	0.108636680593	0.862834905778	0.0113752535357	0.0171531600936
-rä?	0.438368860056	0.33796725363	0.105035526722	0.118628359592
-ipo	0.776070872031	0.0434484582342	0.0037466729206	0.176733996814
-ión	0.0457973283129	0.885823981723	0.0437877457772	0.0245909441865
-eña	0.379072969252	0.418999541074	0.0385497934833	0.163377696191
-ipa	0.176138125123	0.618606090349	0.148515334468	0.0567404500609
-húm	0.0	1.0	0.0	0.0
-ida	0.423952588551	0.521602024512	0.0357896694669	0.0186557174702
-ham	0.0228857202694	0.938988234166	0.0257369731806	0.012389072384
-noé	0.0	1.0	0.0	0.0
-vos	0.0352291043058	0.950955560672	0.00828920101313	0.00552613400875
-hɨ?	0.0	0.969072164948	0.0309278350515	0.0
-pan	0.0606486966825	0.914988151659	0.0051095971564	0.0192535545023
-̇ve	0.28320194057	0.371134020619	0.230442692541	0.11522134627
-noï	0.546255506608	0.453744493392	0.0	0.0
-rdo	0.0	0.822284908322	0.177715091678	0.0
-ɨpɨ	0.418005481846	0.417486024836	0.0380482583433	0.126460234976
-ɨa!	0.274956217163	0.630472854641	0.0210157618213	0.0735551663747
-?ko	0.571646341463	0.291158536585	0.0457317073171	0.0914634146341
-ahé	0.47605893186	0.374769797422	0.0662983425414	0.0828729281768
-ätu	0.347380072519	0.196301060112	0.150549768897	0.305769098472
-tie	0.311424625099	0.0319784267298	0.0265719547487	0.630024993423
-'ɨu	0.40404040404	0.434343434343	0.121212121212	0.040404040404
-'ä?	0.396390221613	0.155129083847	0.0406671236007	0.407813570939
-vɨɨ	0.154882154882	0.804713804714	0.040404040404	0.0
-oño	0.508753883224	0.263585406674	0.113320736042	0.11433997406
-ei!	0.268609550562	0.36797752809	0.0579353932584	0.30547752809
-äta	0.686474250141	0.11544991511	0.143746462932	0.0543293718166
-ñɨi	0.538544151801	0.269386055455	0.136057771649	0.0560120210947
-'ɨi	0.109343943465	0.574518426602	0.174049348212	0.142088281722
-ni!	0.157088122605	0.60153256705	0.0229885057471	0.218390804598
-cha	0.202790780064	0.210498824928	0.464179441494	0.122530953515
-ɨhá	0.166142227816	0.636878539962	0.0874764002517	0.10950283197
-oña	0.789431346655	0.130931711993	0.0221884070601	0.0574485342915
-ɨa?	0.839436619718	0.160563380282	0.0	0.0
-ae!	0.51724137931	0.293103448276	0.0	0.189655172414
-hɨi	0.138070808808	0.618384894739	0.150015841042	0.0935284554108
-ɨho	0.459073551386	0.459571642039	0.0348663456749	0.0464884608999
-–pe	0.143279718987	0.13569975966	0.0155296727676	0.705490848586
-kɨ̇	0.306197074673	0.647613548884	0.0300230946882	0.0161662817552
-saú	0.0581939799331	0.717725752508	0.0160535117057	0.208026755853
-ɨha	0.391246339757	0.438219969267	0.0683804709965	0.10215321998
-sẽi	0.551596824811	0.342071257153	0.0	0.106331918036
-eu!	0.35560900189	0.363511424154	0.0566912901563	0.2241882838
-̃ro	0.524348253812	0.320609936055	0.0794884407279	0.0755533694048
-sto	0.0177026221716	0.939976860229	0.00344539254304	0.0388751250563
-ka?	0.451080050826	0.373146971622	0.012706480305	0.163066497247
-raũ	0.030303030303	0.848484848485	0.121212121212	0.0
-hɨr	0.0645486121713	0.840501292338	0.00832153301637	0.0866285624743
-̃re	0.592145015106	0.0996978851964	0.036253776435	0.271903323263
-evɨ	0.657922542609	0.161924959728	0.0478149196184	0.132337578045
-sta	0.0	0.634482758621	0.365517241379	0.0
-ɨhu	0.43487651569	0.49631517257	0.0342045186021	0.0346037931383
-̃ra	0.675675675676	0.297297297297	0.0	0.027027027027
-avɨ	0.381229972407	0.386888528874	0.115598206989	0.11628329173
-cum	0.05625	0.74375	0.05	0.15
-vaũ	0.0	0.958333333333	0.0416666666667	0.0
-quí	0.0	1.0	0.0	0.0
-oyá	0.400552486188	0.241252302026	0.0764272559853	0.281767955801
-cui	0.502344971339	0.193677262463	0.0364773319437	0.267500434254
-loé	0.0530881332408	0.888619014573	0.0	0.058292852186
-ɨai	0.165106865923	0.639796225312	0.0853895871045	0.109707321661
-cue	0.586239176223	0.305740363077	0.022767543713	0.0852529169871
-ián	0.137931034483	0.793103448276	0.0620689655172	0.00689655172413
-eyu	0.601132804119	0.217515554602	0.0741900879639	0.107161553315
-pä!	0.0728155339806	0.368932038835	0.485436893204	0.0728155339806
-ucu	0.182130370278	0.438855862305	0.12885555106	0.250158216357
-̇ro	0.254087376039	0.460198338247	0.0573572768695	0.228357008845
-ɨar	0.479674796748	0.390243902439	0.0	0.130081300813
-eo!	0.0557620817844	0.82156133829	0.100371747212	0.0223048327138
-kɨi	0.631073199684	0.246199728254	0.0507683931191	0.0719586789426
-eya	0.622563707169	0.185652987895	0.0779400767736	0.113843228162
-dou	0.48502994012	0.038494439692	0.233532934132	0.242942686056
-uca	0.409081685439	0.140534938149	0.0202005792819	0.43018279713
-tëi	0.258911841178	0.0596470553877	0.0400449635743	0.64139613986
-eye	0.160013275465	0.0380138356705	0.0144614630217	0.787511425843
-hɨ́	0.060552092609	0.878005342832	0.0560997328584	0.0053428317008
-ihi	0.0699481865285	0.598445595855	0.321243523316	0.0103626943005
-o'o	0.428995560241	0.469039326225	0.0413854204684	0.0605796930649
-së!	0.0645161290323	0.505376344086	0.0	0.430107526882
-lem	0.0237467018469	0.976253298153	0.0	0.0
-lea	0.00224748379532	0.987752841927	0.00670987915703	0.00328979512068
-hi?	0.706754530478	0.293245469522	0.0	0.0
-rɨí	0.6875	0.28125	0.0	0.03125
-leg	0.0	1.0	0.0	0.0
-esë	0.629648464815	0.170109973937	0.105312228508	0.09492933274
-ɨrɨ	0.095460096383	0.83413511108	0.00780049240098	0.0626043001359
-esé	0.0	0.995419847328	0.0	0.00458015267176
-ëmi	0.294277929155	0.343324250681	0.220708446866	0.141689373297
-ité	0.587590706724	0.0207489024161	0.0255067382697	0.36615365259
-íos	0.496835443038	0.199367088608	0.113924050633	0.189873417722
-agé	0.0709709216363	0.923114834894	0.0	0.00591424346969
-les	0.0251572327044	0.974842767296	0.0	0.0
-sai	0.306416845277	0.43888926341	0.177471942358	0.0772219489548
-õha	0.490683229814	0.32298136646	0.055900621118	0.130434782609
-eel	0.0	1.0	0.0	0.0
-rra	0.0	0.989836250706	0.0101637492942	0.0
-pe!	0.237393084796	0.362006084611	0.110981267142	0.289619563451
-rre	0.0645161290323	0.532258064516	0.403225806452	0.0
-sɨi	0.574277421189	0.236953311847	0.110592626485	0.0781766404794
-pɨ?	1.0	0.0	0.0	0.0
-rro	0.0	0.929032258065	0.0709677419355	0.0
-gio	0.0567823343848	0.943217665615	0.0	0.0
-ẽra	0.459957301028	0.343130926965	0.0670274564322	0.129884315575
-o'ë	0.0254718428725	0.680681295074	0.0985115850852	0.195335276968
-udá	0.00830258302584	0.990313653137	0.0	0.00138376383764
-sɨí	0.471698113208	0.0754716981132	0.11320754717	0.339622641509
-ndo	0.610426562068	0.128033939532	0.0206543224305	0.240885175969
-nda	0.271093974808	0.615877549155	0.0692932394305	0.0437352366071
-ëto	0.00900900900901	0.986486486486	0.0045045045045	0.0
