-ivu	0.251397163251	0.485677923898	0.145434088939	0.117490823911
-iva	0.0694783057999	0.920354137254	0.0101675569463	0.0
-hee	0.446712575521	0.336540528307	0.107036139282	0.10971075689
-ufu	0.157450445606	0.602255557263	0.0614308031141	0.178863194018
-oya	0.381779664823	0.412183261904	0.158889258891	0.0471478143828
-zin	0.0152260482548	0.758920902631	0.164948856094	0.0609041930194
-nso	0.120240654909	0.5186622565	0.031016372584	0.330080716007
-nsi	0.125622386131	0.442956879625	0.215058567317	0.216362166927
-zii	0.208757134675	0.51725159481	0.138249758063	0.135741512452
-nsa	0.192374350087	0.766031195841	0.0311958405546	0.0103986135182
-nti	0.11380133939	0.793471643329	0.0695452629607	0.0231817543202
-puu	0.0885330447832	0.134554848033	0.0566490448451	0.720263062338
-nta	0.00979064340845	0.97699198799	0.000979064340845	0.0122383042606
-ŋŋi	0.763336506557	0.0898036694846	0.0316099046254	0.115249919333
-ŋŋa	0.0993707061299	0.613283829465	0.039161407974	0.248184056431
-opu	0.0529131985731	0.913198573127	0.0089179548157	0.0249702734839
-ŋŋu	0.128157971335	0.608963977888	0.179132427112	0.083745623665
-opa	0.180905080325	0.790793818152	0.0233067894898	0.00499431203352
-msa	0.16384180791	0.514124293785	0.265536723164	0.0564971751412
-dee	0.660246910752	0.124532736091	0.041929167202	0.173291185956
-msi	0.437122351839	0.4443485338	0.0495721015118	0.0689570128493
-mso	0.351163494499	0.458745607879	0.112498484765	0.0775924128565
-ima	0.108265693151	0.480596059197	0.110842813401	0.300295434251
-oko	0.335341365462	0.664658634538	0.0	0.0
-oki	0.0988235294117	0.88	0.00705882352941	0.0141176470588
-kim	0.0141342756184	0.985865724382	0.0	0.0
-ivi	0.0435861091424	0.950035435861	0.0	0.00637845499646
-imi	0.535584649661	0.310148446692	0.0666508123263	0.087616091321
-oka	0.0408163265306	0.755102040816	0.204081632653	0.0
-imo	0.0584415584415	0.941558441559	0.0	0.0
-obi	0.662289045292	0.116814494276	0.058470185982	0.16242627445
-idi	0.0203076923077	0.964923076923	0.0110769230769	0.00369230769231
-lli	0.130591696477	0.269081087608	0.0632443197103	0.537082896205
-ide	0.392723854719	0.575327555455	0.0275327718641	0.00441581796255
-ida	0.0451552210724	0.825023518344	0.0112888052681	0.118532455315
-kpi	0.555364959543	0.238131127377	0.143786101029	0.0627178120515
-kpa	0.745813041929	0.208338282456	0.00926475828483	0.0365839173299
-kpe	0.39019012036	0.0465250403707	0.0101752922492	0.55310954702
-bii	0.0678030773075	0.814912456199	0.0525305016769	0.064753964817
-dam	0.0947368421052	0.833834586466	0.0225563909774	0.0488721804511
-uta	0.0623100303951	0.425531914894	0.121580547113	0.390577507599
-qma	0.738095238095	0.154761904762	0.0	0.107142857143
-eji	0.136363636364	0.25	0.579545454545	0.0340909090909
-uti	0.04224	0.8944	0.06336	0.0
-tee	0.173241325483	0.0881845952407	0.230273153667	0.50830092561
-are	0.180076628352	0.808429118774	0.0114942528736	0.0
-ara	0.431160166101	0.319892510295	0.0991836740204	0.149763649584
-nzo	0.0357865425197	0.925011421237	0.0239737202776	0.0152283159658
-aro	0.0656934306569	0.934306569343	0.0	0.0
-ari	0.497229912651	0.14990943902	0.0662423556422	0.286618292687
-aru	0.117617690887	0.569025547467	0.0872694224975	0.226087339149
-vuu	0.764150943396	0.0707547169811	0.0389150943396	0.126179245283
-aya	0.219841024682	0.711043474959	0.0389420525308	0.030173447829
-ayo	0.0	0.976744186047	0.0	0.0232558139535
-ayi	0.0996920306773	0.132429807234	0.0757786940584	0.69209946803
-ubu	0.1445626679	0.777482895474	0.0487367404413	0.0292176961847
-uba	0.326483740191	0.507351277991	0.071076853479	0.0950881283385
-ube	0.0	1.0	0.0	0.0
-umu	0.0720812182741	0.888324873096	0.0131979695432	0.0263959390863
-ŋuu	0.0	0.859375	0.140625	0.0
-ija	0.0146907595123	0.978404583517	0.00249742911709	0.00440722785368
-oti	0.0471122022469	0.915751200336	0.0130521932346	0.0240844041829
-oto	0.0623937848993	0.923039572712	0.00291332847778	0.0116533139112
-uma	0.0559070742102	0.730100894165	0.178675829344	0.0353162022801
-umi	0.823790895093	0.124475345356	0.0117510523349	0.0399827072167
-ako	0.0	1.0	0.0	0.0
ALL	0.269148579848	0.37540818493	0.0666758737366	0.288767361485
-nai	0.0594717509183	0.926534895924	0.0	0.0139933531572
-nan	0.0	1.0	0.0	0.0
-aki	0.0441746935179	0.926225037395	0.0135426067719	0.0160576623153
-nam	0.343534989884	0.517671068809	0.0993436475276	0.0394502937799
-naa	0.498667302216	0.0965499222803	0.0186122013598	0.386170574144
-aka	0.0791417516708	0.890960253254	0.0105522335561	0.0193457615195
-zum	0.00785957558292	0.964631909877	0.00785957558291	0.0196489389573
-sii	0.00557768181097	0.971113577645	0.0194565957486	0.00385214479587
-sin	0.0289855072464	0.971014492754	0.0	0.0
-sim	0.262377181519	0.617304836617	0.078263247597	0.0420547342663
-aku	0.0	0.928571428571	0.0	0.0714285714286
-wun	0.0104637804853	0.329726829098	0.0320532999735	0.627756090443
-goo	0.0282529808191	0.938180404355	0.0217729393468	0.0117936754795
-moo	0.351173765008	0.298488740219	0.236425542082	0.113911952691
-mon	0.00593237097093	0.988431876607	0.0	0.00563575242239
-mfa	0.297297297297	0.702702702703	0.0	0.0
-kiŋ	0.44	0.3	0.26	0.0
-yaa	0.189586258329	0.622960188438	0.114118430611	0.073335122622
-yam	0.111803244281	0.573476057689	0.276116158436	0.038604539594
-ofa	0.0	1.0	0.0	0.0
-iso	0.150677445303	0.540430182649	0.105008057996	0.203884314052
-igu	0.136361202043	0.619185292088	0.131290995164	0.113162510705
-isi	0.281005443046	0.596766517865	0.0685631669739	0.0536648721149
-qqu	0.160839160839	0.65034965035	0.0839160839161	0.104895104895
-ise	0.287234042553	0.191489361702	0.287234042553	0.234042553192
-isa	0.212516367882	0.648027180344	0.0547604387989	0.0846960129747
-ree	0.438356164384	0.534246575342	0.027397260274	0.0
-luŋ	0.15652173913	0.826086956522	0.00869565217391	0.00869565217391
-qqi	0.504119850187	0.366292134831	0.00898876404495	0.120599250936
-isu	0.43119266055	0.414678899083	0.154128440367	0.0
-qqa	0.0884318766067	0.8	0.00308483290488	0.108483290489
-riŋ	0.096256684492	0.839572192513	0.0	0.0641711229947
-equ	0.219619326501	0.417276720351	0.336749633968	0.0263543191801
-man	0.0249287169043	0.576211812627	0.398859470468	0.0
-maa	0.0531861754534	0.00159891579432	0.00113294604855	0.944081962704
-uni	0.483421647437	0.332469909901	0.0797255309743	0.104382911688
-une	0.441622300648	0.0942744853137	0.0290936856833	0.435009528355
-una	0.300229563829	0.389859267392	0.274578301228	0.0353328675517
-unu	0.15	0.333333333333	0.0333333333333	0.483333333333
-nko	0.378173502446	0.34423105427	0.0989688102145	0.17862663307
-nki	0.202699885768	0.773453068848	0.0	0.0238470453844
-iri	0.188624803481	0.630884201496	0.111684590475	0.0688064045484
-ade	0.0515625	0.90625	0.02109375	0.02109375
-gaa	0.501518986465	0.196335534532	0.0476831679998	0.254462311004
-ada	0.329215004029	0.648880775424	0.013395969591	0.00850825095642
-ado	0.00826446280991	0.98347107438	0.00826446280992	0.0
-adi	0.0227686703097	0.849726775956	0.102459016393	0.0250455373406
-ini	0.518639216273	0.223245342181	0.0527519122352	0.205363529311
-sem	0.0	1.0	0.0	0.0
-chi	0.0705347219749	0.846063380981	0.0630567482622	0.0203451487817
-ina	0.451219976218	0.335914718405	0.0616986178004	0.151166687576
-see	0.238191295367	0.552310100538	0.0634208530347	0.146077751061
-ine	0.0980392156863	0.823529411765	0.0392156862745	0.0392156862745
-inu	0.0761305094447	0.362335432169	0.0223239839725	0.539210074413
-seq	0.52	0.22	0.06	0.2
-roŋ	0.191489361702	0.393617021277	0.382978723404	0.031914893617
-kuu	0.284817778801	0.418619379354	0.24664632391	0.0499165179342
-eda	0.0611814345991	0.93741209564	0.0014064697609	0.0
-oog	0.73753605274	0.217964565307	0.0210135970334	0.0234857849196
-ede	0.0373831775701	0.95015576324	0.0	0.01246105919
-edi	0.0743801652893	0.801652892562	0.0	0.123966942149
-oom	0.17151042288	0.548644724735	0.140087043514	0.139757808872
-ool	0.03730398851	0.91480857977	0.00317856470145	0.0447088670182
-kum	0.103723767469	0.538307461192	0.335662584786	0.0223061865526
-mta	0.0855514963561	0.228234287171	0.63611914423	0.0500950722429
-eka	0.282051282051	0.602564102564	0.0	0.115384615385
-eki	0.0	1.0	0.0	0.0
-baa	0.357249374826	0.385345691744	0.0468827823211	0.210522151109
-gso	0.108017004335	0.696933285876	0.075432689302	0.119617020487
-gsi	0.532037065939	0.226141068997	0.061681213287	0.180140651777
-eku	0.0299596696754	0.936815824851	0.00979450739389	0.0234299980795
-gsa	0.5	0.462962962963	0.037037037037	0.0
-zoo	0.129165882132	0.390824075817	0.431180568631	0.04882947342
-asa	0.0726350181141	0.762385015847	0.0811152486555	0.083864717383
-nye	0.577416439808	0.275571316514	0.0282550156687	0.11875722801
-aso	0.222264158608	0.329349815063	0.0404823473388	0.40790367899
-nyi	0.478201546358	0.200506789682	0.102007666818	0.219283997141
-asi	0.316186956732	0.316057939593	0.0779299116848	0.289825191991
-mba	0.0860962927949	0.807061771745	0.0842955860175	0.0225463494422
-yel	0.0336134453781	0.966386554622	0.0	0.0
-yee	0.123076923077	0.453846153846	0.261538461538	0.161538461538
-mbo	0.322104056827	0.178878673316	0.0630380414246	0.435979228433
-iwu	0.0397802614131	0.880659215761	0.0795605228263	0.0
-eru	0.0	1.0	0.0	0.0
-ran	0.17094017094	0.82905982906	0.0	0.0
-eri	0.151646498165	0.573054834763	0.206744860278	0.0685538067941
-iwa	0.196007259528	0.745916515427	0.02722323049	0.0308529945553
-ram	0.0	1.0	0.0	0.0
-era	0.384538446032	0.399905394181	0.128565500193	0.0869906595934
-ere	0.0	1.0	0.0	0.0
-raa	0.115909584349	0.773449448773	0.0474175572335	0.0632234096446
-ugu	0.180013592343	0.770657529592	0.0404938551283	0.00883502293707
-oza	0.0328767123287	0.967123287671	0.0	0.0
-azu	0.0237067089467	0.899798481425	0.0314927359046	0.0450020737235
-ozi	0.025641025641	0.974358974359	0.0	0.0
-uka	0.0134529147982	0.986547085202	0.0	0.0
-uge	0.281690140845	0.605633802817	0.0845070422535	0.0281690140845
-poo	0.0464447804202	0.882021297325	0.0661576775761	0.00537624467887
-uga	0.131986554179	0.721691273398	0.133222383338	0.0130997890852
-bsi	0.148068936244	0.62426979783	0.0443690889094	0.183292177017
-aza	0.0	0.954887218045	0.0	0.0451127819549
-ugi	0.498319327731	0.452100840336	0.0294117647059	0.0201680672269
-bso	0.108917364438	0.644699199811	0.0347942116542	0.211589224097
-laa	0.360192423331	0.297654840649	0.0829825616356	0.259170174384
-ika	0.206852483408	0.707647999057	0.0558702425586	0.0296292749759
-iko	0.0233918128655	0.976608187135	0.0	0.0
-foi	0.183006535948	0.562091503268	0.156862745098	0.0980392156863
-iki	0.080383267419	0.657888813865	0.228127712935	0.0336002057812
-foo	0.0967741935483	0.5	0.403225806452	0.0
-aam	0.137076768797	0.759203546828	0.0611894017367	0.0425302826381
-iku	0.252066115702	0.661157024793	0.0330578512397	0.0537190082645
-aag	0.548450880898	0.129047816584	0.05148703016	0.271014272358
-boo	0.205882352941	0.455882352941	0.338235294118	0.0
-gee	0.18253968254	0.81746031746	0.0	0.0
-don	0.017667844523	0.971731448763	0.0	0.0106007067138
-doo	0.383928571429	0.196428571429	0.276785714286	0.142857142857
-dom	0.0167211824265	0.879468143343	0.102417242362	0.00139343186887
-sau	0.550403225806	0.226814516129	0.142137096774	0.0806451612903
-ibu	0.268332178986	0.57839646477	0.0814741832584	0.0717971729863
-mpa	0.0	1.0	0.0	0.0
-oli	0.759520426496	0.131741800632	0.0324882474743	0.0762495253976
-saa	0.183550730298	0.52097164727	0.0620948215262	0.233382800906
-gfu	0.0	0.979002220609	0.0209977793908	0.0
-ibi	0.76300198447	0.149168745831	0.0284083891208	0.0594208805777
-olo	0.109923664122	0.890076335878	0.0	0.0
-ola	0.145503737985	0.368373086508	0.452061231755	0.0340619437522
-iba	0.0896082322825	0.714172518119	0.0666545135017	0.129564736097
-loo	0.0284360189573	0.943127962085	0.0284360189573	0.0
-seŋ	0.204019550184	0.575838082297	0.0873065768927	0.132835790626
-loi	0.0	0.981132075472	0.0188679245283	0.0
-qko	0.501285347044	0.26735218509	0.107969151671	0.123393316195
-ron	0.0254237288135	0.969491525424	0.00508474576271	0.0
-deu	0.0618556701031	0.886597938144	0.0103092783505	0.041237113402
-ewu	0.0	0.883870967742	0.0387096774194	0.0774193548387
-ipi	0.0296337912262	0.916183452554	0.0415426979806	0.0126400582389
-ipo	0.0322580645161	0.967741935484	0.0	0.0
-ipa	0.058250154298	0.912699257241	0.0100559729287	0.018994615532
-ham	0.0244612696564	0.940134261104	0.0128743524507	0.0225301167888
-ipu	0.0	0.980769230769	0.0192307692308	0.0
-too	0.175430905998	0.179305991478	0.542424295559	0.102838806965
-awu	0.448275862069	0.551724137931	0.0	0.0
-stu	0.00769566150162	0.981811387088	0.00419385869603	0.00629909271472
-ŋoo	0.507099186499	0.371886210904	0.0237481683594	0.0972664342378
-poŋ	0.354430379747	0.550632911392	0.0759493670886	0.0189873417722
-eya	0.269291524732	0.553186688015	0.0985396361448	0.0789821511085
-oba	0.0533752383067	0.912516986747	0.0250040543937	0.00910372055232
-lee	0.15868130505	0.0795588937447	0.0988806928385	0.662879108367
-oin	0.0923857746821	0.14333498169	0.107163440691	0.657115802936
-eem	0.201643741837	0.511009405622	0.256731260369	0.0306155921718
-ifa	0.136378537865	0.812479510436	0.0	0.0511419516992
-een	0.00884955752214	0.964601769911	0.0176991150442	0.00884955752212
-oŋu	0.102201083951	0.707333259595	0.129410463444	0.0610551930096
-ifi	0.0581583198707	0.639741518578	0.121163166397	0.180936995153
-eeg	0.735411562117	0.128394039103	0.0639831483036	0.0722112504764
-ndi	0.209154605859	0.570282355236	0.205351794843	0.0152112440625
-gim	0.137704404976	0.776230341914	0.0563336202175	0.0297316328926
-ifu	0.040127388535	0.957961783439	0.00191082802548	0.0
-ali	0.198216418551	0.142713701418	0.0472635412831	0.611806338749
-nda	0.104294478528	0.895705521472	0.0	0.0
-ale	0.0538599640933	0.849591063236	0.0773987632156	0.0191502094554
-ala	0.106065276703	0.29631454664	0.100405377231	0.497214799426
-yoo	0.743751881963	0.0637814458953	0.172319399962	0.0201472721798
-pee	0.179173243462	0.738918988098	0.0563115908025	0.0255961776375
-iyu	0.0065264684554	0.989122552574	0.0	0.00435097897027
-ogu	0.0611664295875	0.899122807018	0.0311759127548	0.00853485064011
-che	0.385560216338	0.228010936023	0.139377963379	0.24705088426
-ogi	0.462640770514	0.374173178181	0.0694483482302	0.093737703075
-iyo	0.0411543715847	0.939890710383	0.00204918032787	0.0169057377049
-eli	0.756489940016	0.0456027648364	0.00616699714111	0.191740298006
-iyi	0.159428884226	0.108110573853	0.0328437186388	0.699616823283
-oga	0.0540363685047	0.806232727283	0.0294942534702	0.110236650742
-lsi	0.236144578313	0.742168674699	0.0144578313253	0.00722891566264
-iya	0.279354033788	0.533854062535	0.0882108758662	0.0985810278106
-ele	0.0384615384615	0.961538461538	0.0	0.0
-esu	0.00970921617397	0.685104112885	0.0047855301376	0.300401140803
-ito	0.0585417775412	0.872804683342	0.00478978179883	0.0638637573177
-esi	0.159897178594	0.384564456832	0.0593865460989	0.396151818475
-eso	0.32468776899	0.495536463493	0.11429251999	0.0654832475273
-iti	0.150303520842	0.582800485633	0.196883852691	0.0700121408337
-esa	0.00782268578879	0.487614080834	0.496740547588	0.00782268578878
-ite	0.173714024146	0.713938318933	0.0818218229673	0.0305258339532
-ita	0.0311606648354	0.892909690016	0.0101118315422	0.0658178136066
-eza	0.0	1.0	0.0	0.0
-uda	0.0309047405699	0.955654271089	0.00371772017959	0.00972326816202
-ude	0.189473684211	0.810526315789	0.0	0.0
-abu	0.370206902061	0.479445961452	0.0622739618585	0.0880731746286
-rim	0.191073933868	0.556835152278	0.195015053682	0.0570758601719
-ŋko	0.20176064281	0.400345577287	0.106189264529	0.291704515374
-abe	0.143696185208	0.82437132919	0.0	0.0319324856019
-ela	0.1132825114	0.319101544285	0.100671707162	0.466944237154
-aba	0.0563821364596	0.609935109702	0.0708441926704	0.262838561167
-abi	0.531676563866	0.271805782334	0.0321962939333	0.164321359867
-nji	0.0966306420852	0.77368086459	0.0762873490146	0.0534011443102
-gba	0.11784983618	0.0987174379754	0.177687748046	0.605744977799
-uŋu	0.0838411512384	0.831852774318	0.0134827729348	0.0708233015082
-kom	0.0915166589471	0.393186837973	0.510555775252	0.00474072782833
-koo	0.0925312057224	0.0630667541167	0.0382735949486	0.806128445212
-gbi	0.646033653846	0.3046875	0.0216346153846	0.0276442307693
-soo	0.0482832618025	0.93025751073	0.0	0.0214592274678
-son	0.0	1.0	0.0	0.0
-oro	0.206703910614	0.748603351955	0.0111731843575	0.0335195530726
-ora	0.294335144016	0.440831226639	0.194859158709	0.0699744706364
-ore	0.466448572653	0.382832885462	0.0420609884332	0.108657553452
-iim	0.266949152542	0.707627118644	0.0254237288136	0.0
-omu	0.16091954023	0.701149425287	0.137931034483	0.0
-lim	0.083053272514	0.80249139498	0.0687463559508	0.0457089765548
-omi	0.39147802587	0.245357209532	0.26840971687	0.0947550477276
-lii	0.537084398977	0.462915601023	0.0	0.0
-oma	0.107230559345	0.145975443383	0.653206002729	0.093587994543
-sba	0.777636594663	0.196950444727	0.0	0.0254129606099
-ufi	0.0	1.0	0.0	0.0
-oda	0.0359801488834	0.955334987593	0.0	0.00868486352358
-odi	0.0321340726961	0.913515705583	0.0376881099523	0.0166621117684
-uri	0.240778926305	0.578864176276	0.136680640114	0.0436762573047
-uro	0.378378378378	0.452702702703	0.168918918919	0.0
-ura	0.449500937751	0.379548599403	0.10040208827	0.0705483745759
-eha	0.0923824959482	0.907617504052	0.0	0.0
-zee	0.0902989627822	0.413666870043	0.464002440512	0.0320317266626
-qsi	0.344370860927	0.562913907285	0.0529801324503	0.0397350993377
-pai	0.0615763546798	0.931034482759	0.0	0.00738916256158
-duu	0.146797153025	0.642348754449	0.0907473309608	0.120106761566
-paa	0.471700106122	0.173441716089	0.0369518493728	0.317906328416
-pab	0.295955882353	0.450367647059	0.209558823529	0.0441176470588
-waa	0.407012195122	0.483231707317	0.00914634146342	0.100609756098
-wai	0.158976003146	0.280678921127	0.0525890200521	0.507756055675
-suu	0.120742601898	0.656668760469	0.0230318257957	0.199556811837
-nuu	0.0613742494997	0.918167667334	0.00800533689126	0.0124527462753
-dii	0.0556295224313	0.778797526641	0.103644257335	0.0619286935929
-ori	0.31747496533	0.475380553556	0.0593109936367	0.147833487476
-tuu	0.435036126252	0.564963873748	0.0	0.0
-iha	0.380952380952	0.404761904762	0.142857142857	0.0714285714286
-uku	0.124318820793	0.814418437829	0.0135368097095	0.047725931668
-afu	0.0421725239617	0.879233226837	0.0670926517572	0.0115015974441
-koŋ	0.466666666667	0.453333333333	0.0533333333333	0.0266666666667
-afi	0.0	1.0	0.0	0.0
-nni	0.0857804494015	0.823945984201	0.0217981522319	0.0684754141652
-uke	0.0	1.0	0.0	0.0
-afo	0.0178571428571	0.982142857143	0.0	0.0
-afa	0.0402804418282	0.919439116344	0.0402804418282	0.0
-nna	0.253956895272	0.652302930241	0.0683146518336	0.0254255226537
-vai	0.0575613516639	0.909889074479	0.0299798706583	0.00256970319928
-efa	0.0	1.0	0.0	0.0
-efi	0.0305026842362	0.96364080039	0.00585651537335	0.0
-nga	0.0936037441498	0.0717628705148	0.0561622464898	0.778471138846
-tia	0.402777777778	0.166666666667	0.326388888889	0.104166666667
-tim	0.0	1.0	0.0	0.0
-tii	0.138210798392	0.77922171166	0.0276421596784	0.05492533027
-uwe	0.0157068062827	0.984293193717	0.0	0.0
-ema	0.118218058171	0.145560675002	0.0366481786825	0.699573088144
-uwa	0.0666424300723	0.155053020252	0.0149621613358	0.76334238834
-emo	0.0	0.968253968254	0.031746031746	0.0
-emi	0.567576361318	0.239661855593	0.192761783089	0.0
-aŋa	0.119851198988	0.232740563634	0.14964484689	0.497763390489
-mmi	0.613070085968	0.324508232551	0.0356695322745	0.0267521492059
-jaa	0.251724137931	0.68275862069	0.0241379310345	0.0413793103448
-aŋu	0.410997346295	0.373338709765	0.174341704947	0.0413222389933
-mma	0.045	0.735384615385	0.0403846153846	0.179230769231
-zaa	0.0873242755486	0.164711311002	0.0386153883173	0.709349025132
-obu	0.190721925782	0.306450799014	0.100559982389	0.402267292815
-eŋu	0.192720660394	0.427783871154	0.276193499971	0.103301968481
-iqu	0.282352941176	0.558823529412	0.0705882352941	0.0882352941176
-eta	0.0699815837937	0.825046040516	0.0718232044199	0.0331491712707
-iqa	0.262857142857	0.685714285714	0.0	0.0514285714286
-ete	0.110236220472	0.850393700787	0.0314960629921	0.00787401574803
-eti	0.0265587454155	0.960161881877	0.00379410648792	0.0094852662198
-iqi	0.401534843421	0.372158270413	0.0604447745183	0.165862111647
-eto	0.0	0.928571428571	0.0357142857143	0.0357142857143
-uyi	0.248852157943	0.393021120294	0.148760330579	0.209366391185
-iŋa	0.0999255962826	0.437493858184	0.0467508037005	0.415829741833
-bul	0.00971731448762	0.984982332155	0.00530035335689	0.0
-uya	0.201936514274	0.530323196025	0.140524833078	0.127215456623
-ŋaa	0.216059802267	0.637810465397	0.0520858451893	0.0940438871474
-iŋi	0.337639077744	0.0396406641036	0.00604500809007	0.616675250063
-iŋu	0.117765770544	0.780790930487	0.0656770643419	0.0357662346272
-ata	0.0332219668507	0.275030515085	0.141779223676	0.549968294389
-ati	0.112003517019	0.855847325319	0.0264452748516	0.00570388281114
-uli	0.134552021546	0.332262303669	0.0214667584044	0.51171891638
-osa	0.0798582841127	0.849678524023	0.0341953725223	0.0362678193419
-oso	0.326281615011	0.471565645254	0.0623773675757	0.13977537216
-ula	0.0730010100675	0.283190240449	0.0200145400026	0.623794209481
-osi	0.666287011288	0.212909903656	0.0220785778224	0.0987245072341
-edo	0.0	1.0	0.0	0.0
-nii	0.0547153024911	0.163256227758	0.197508896797	0.584519572954
-nim	0.0237220180421	0.950217173405	0.0120280654861	0.0140327430672
-aji	0.695550351288	0.295081967213	0.0	0.00936768149882
-bee	0.179340495469	0.492978037868	0.214475776788	0.113205689874
-ŋsi	0.295279599844	0.456390211759	0.0485967592177	0.199733429179
-aje	0.0813449023861	0.829175704989	0.0488069414317	0.040672451193
-ŋso	0.24091108191	0.629106438896	0.0828953131844	0.0470871660097
-fii	0.680345572354	0.177915766739	0.113390928726	0.0283477321814
-ilu	0.196405648267	0.747753530167	0.0327342747112	0.0231065468549
-vin	0.199769053118	0.653348729792	0.0484988452656	0.0983833718244
-oja	0.128571428571	0.72380952381	0.114285714286	0.0333333333333
-ila	0.111303307596	0.742266042629	0.0656373814836	0.0807932682914
-ilo	0.0305927342256	0.929254302103	0.0344168260038	0.0057361376673
-oji	0.245664739884	0.748554913295	0.0057803468208	0.0
-yuu	0.174766979357	0.389954012682	0.278807946755	0.156471061206
-ili	0.370400812208	0.406657995413	0.0774273054596	0.145513886919
-ebi	0.725750818783	0.231064334724	0.0142814976813	0.0289033488119
-iga	0.0984409128568	0.826240867666	0.0485802515628	0.0267379679144
-igi	0.469142831703	0.20249310419	0.0888353332161	0.239528730891
-amu	0.0653846153846	0.823266078184	0.0510718789407	0.0602774274905
-ami	0.447905202142	0.293614107173	0.14444689021	0.114033800474
-amo	0.0	0.907692307692	0.0923076923077	0.0
-ama	0.0788184239329	0.282849612151	0.0395475181561	0.59878444576
-buu	0.274647887324	0.633802816902	0.0352112676056	0.056338028169
-ame	0.057054250393	0.927312120311	0.00229406516845	0.0133395641276
-ebu	0.258944505216	0.556627393946	0.144065048466	0.0403630523718
-usi	0.252756306278	0.64153304175	0.0575956807258	0.0481149712466
-iro	0.0845070422534	0.915492957747	0.0	0.0
-uso	0.272782307829	0.546420116051	0.104672280911	0.0761252952082
-him	0.0166499653126	0.942187620442	0.0363061743621	0.00485623988283
-ire	0.0117365790046	0.981743099326	0.0065203216692	0.0
-usa	0.0424171780424	0.741053974095	0.0080495938614	0.208479254001
-ira	0.498329033663	0.297954136955	0.0610774546347	0.142639374747
-guu	0.0577915376677	0.567595459236	0.0577915376677	0.316821465428
-gum	0.154740946494	0.784815408891	0.0408825945777	0.0195610500371
-iru	0.00331125827814	0.993377483444	0.0	0.00331125827815
-usu	0.349630806489	0.173250815459	0.0698713389088	0.407247039142
-uza	0.308270676692	0.270676691729	0.0300751879699	0.390977443609
-aqa	0.0	0.841463414634	0.121951219512	0.0365853658537
-ŋfu	0.215384615385	0.784615384615	0.0	0.0
-kaa	0.0679245283019	0.55167163191	0.343197616683	0.0372062231049
-buŋ	0.253057219603	0.425009099812	0.2387717314	0.0831619491842
-pii	0.0339106976275	0.365025338477	0.0241408869727	0.576923076923
-pim	0.451882845188	0.535564853556	0.0125523012552	0.0
-m-m	0.142124948054	0.3841252251	0.0473749826846	0.426374844161
-ule	0.228136882129	0.648669201521	0.0912547528517	0.0319391634981
-jon	0.0215452340409	0.958415234424	0.00911634426381	0.0109231872711
-ŋme	0.709220688041	0.174935642406	0.0435291364381	0.0723145331149
-ŋma	0.587633374147	0.122799624724	0.0617774738818	0.227789527247
-owi	0.0	0.962264150943	0.0377358490566	0.0
-owa	0.142758142758	0.555370755371	0.0352044352044	0.266666666667
-uhu	0.0985915492958	0.889671361502	0.00704225352113	0.00469483568075
-owe	0.0992366412213	0.870229007634	0.0152671755725	0.0152671755725
-agu	0.146124926579	0.42194698162	0.36101452449	0.0709135673106
-agi	0.460648669813	0.303742678685	0.0813075914045	0.154301060098
-ago	0.0597014925373	0.910447761194	0.0298507462686	0.0
-aga	0.218731414572	0.255188306315	0.302050908637	0.224029370476
-ote	0.102553793916	0.807711636407	0.025638448479	0.0640961211976
-anu	0.0323664655193	0.509591173401	0.0103407238081	0.447701637271
-ega	0.0411764705882	0.941176470588	0.0117647058824	0.00588235294118
-ona	0.519210122832	0.285020672165	0.0273198487156	0.168449356287
-ono	0.193905627106	0.387433872418	0.306715337482	0.111945162995
-egi	0.624954329558	0.206247716478	0.110157106321	0.0586408476434
-oni	0.461538461538	0.308682733575	0.128315175525	0.101463629361
-ana	0.0865159848844	0.530131753784	0.185480393035	0.197871868297
-egu	0.1567695962	0.598914149983	0.221920597217	0.0223956565999
-ane	0.0655737704918	0.901639344262	0.0327868852459	0.0
-ani	0.150620362151	0.231662110943	0.0181370474278	0.599580479478
-daa	0.713263939284	0.0366394624634	0.00754281315344	0.242553785099
-ano	0.0	0.958333333333	0.0416666666667	0.0
-tam	0.102689486553	0.863080684597	0.0195599022005	0.0146699266504
-taa	0.147538145019	0.620621572536	0.208028032115	0.0238122503307
-yil	0.282608695652	0.565217391304	0.0652173913043	0.0869565217392
-yii	0.143922163255	0.131412686379	0.0583775587566	0.66628759161
-mii	0.0775862068966	0.896551724138	0.0258620689655	0.0
-min	0.0	1.0	0.0	0.0
-eni	0.629675134805	0.242589936973	0.0550856877958	0.0726492404264
-ene	0.202266953115	0.266146681445	0.271212432208	0.260373933232
-ena	0.486182997542	0.304099846747	0.0835486088076	0.126168546904
