-hôn	0.389679866743	0.539387454862	0.0298369545394	0.0410957238562
-hôi	0.501882501792	0.0992809623671	0.0557683684852	0.343068167355
-het	0.539474639541	0.178578251235	0.117159883059	0.164787226165
-heu	0.282105555954	0.0775800757847	0.0281901515205	0.612124216741
-tak	0.221439862049	0.141687023998	0.0362120994395	0.600661014514
-hen	0.67576756449	0.206311351548	0.0949919843024	0.0229290996592
-tôi	0.394594594595	0.337837837838	0.0891891891891	0.178378378378
-tôn	0.153333333333	0.596666666667	0.21	0.04
-khu	0.197334745389	0.761362633483	0.0183567205013	0.0229459006266
-pîn	0.113186588325	0.813031658336	0.0487883305563	0.0249934227835
-pai	0.32040757543	0.620328364658	0.0233311730395	0.0359328868726
-hṳt	0.345968020246	0.484355228345	0.113309559416	0.0563671919935
--fî	0.156151419558	0.615404837014	0.0570452155625	0.171398527865
-hṳp	0.190114068441	0.753274186734	0.0528094634559	0.00380228136881
-kûi	0.347678848596	0.383378016086	0.100183434457	0.168759700861
-nai	0.197006148089	0.560678962844	0.144480085539	0.0978348035285
-puk	0.0712468193384	0.89058524173	0.0137404580153	0.024427480916
-oán	0.348668280872	0.561743341404	0.0750605326876	0.0145278450363
--fu	0.408951511286	0.422039665946	0.0485434017496	0.120465421018
-oái	0.403846153846	0.269230769231	0.288461538462	0.0384615384616
-yìn	0.389684813754	0.472779369628	0.137535816619	0.0
-yìm	0.0323119397174	0.88598876555	0.0541159315593	0.0275833631734
--ho	0.128311522502	0.683051388446	0.083306734759	0.105330354293
-iòn	0.178227054918	0.111800124555	0.365179762789	0.344793057737
-hém	0.485101311085	0.507747318236	0.00715137067938	0.0
-hén	0.411892981377	0.11098098619	0.116219803605	0.360906228828
-vùn	0.220021349781	0.596133317519	0.0984462104139	0.0853991222868
-sit	0.186681626916	0.70327307942	0.0188460802323	0.0911992134316
-u-é	0.0487121540296	0.84515948531	0.0346635077264	0.0714648529338
-héu	0.497307234429	0.259934496726	0.0279240474436	0.214834221401
-i̍p	0.495137964655	0.200279525326	0.0251980588931	0.279384451126
-pài	0.496746203905	0.31453362256	0.136659436009	0.0520607375271
-hòn	0.667062084072	0.187826807176	0.0617093864103	0.0834017223411
-i̍t	0.0929583578998	0.791656344407	0.0639016576488	0.0514836400445
-hùi	0.636015325671	0.256704980843	0.0153256704981	0.0919540229885
-a̍p	0.348068564353	0.461508023296	0.0991623023806	0.0912611099703
-vân	0.189998099702	0.463039209476	0.249414074872	0.0975486159498
-sîn	0.181905095336	0.0894780782075	0.677582678014	0.0510341484434
-sîm	0.182999728017	0.63497643971	0.10073988076	0.0812839515126
-i-ó	0.0389610389611	0.727272727273	0.0	0.233766233766
-tet	0.186505162035	0.397566950415	0.0463406117484	0.369587275802
-teu	0.161396066332	0.772657153876	0.0399151561897	0.026031623602
-i-â	0.00581649993868	0.938874191909	0.0023301038911	0.0529792042607
-kîn	0.635886011512	0.156106398767	0.016408467796	0.191599121925
-péu	0.266440578001	0.479946918313	0.124152167502	0.129460336184
-kîm	0.108264100942	0.438648981204	0.18921386449	0.263873053365
-i-é	0.0224555068775	0.925625607718	0.0104370377249	0.04148184768
-i-è	0.119633381573	0.724071394115	0.00868306801737	0.147612156295
-ten	0.0	0.894117647059	0.0	0.105882352941
-meu	0.0781122864117	0.579739625712	0.321399511798	0.0207485760781
--sṳ	0.340071288245	0.406080361866	0.111157488024	0.142690861865
--mì	0.291666666667	0.130067567568	0.498873873874	0.0793918918919
-e̍t	0.433435523894	0.349976605733	0.0706844627747	0.145903407598
-luk	0.422848664688	0.443620178042	0.0890207715133	0.0445103857566
-e̍p	0.565317919075	0.395375722543	0.035838150289	0.00346820809248
-lun	0.299997966002	0.199866544815	0.0431787994751	0.456956689708
-pha	0.14847177067	0.489570073229	0.0795451017267	0.282413054374
-ién	0.218291199016	0.550652024796	0.175931529488	0.0551252467008
-phi	0.478521207235	0.13813433678	0.17007750292	0.213266953066
-pho	0.328	0.312	0.264	0.096
-tón	0.283687943262	0.38061465721	0.141843971631	0.193853427896
-phu	0.155511145504	0.118830279307	0.0335579713956	0.692100603793
-iéu	0.574027013456	0.323896381298	0.0620916948535	0.0399849103927
-vuk	0.246555645844	0.712122448557	0.027274388625	0.0140475169732
-hṳn	0.347063842858	0.536241096681	0.0538909639039	0.0628040965572
--vu	0.357414392536	0.536844980181	0.0820458689185	0.0236947583652
-ṳ̂n	0.418386091997	0.219611907322	0.194664850778	0.167337149903
-ṳ̂m	0.202393427627	0.337746209026	0.33366452911	0.126195834237
--vi	0.106984335018	0.0719948086927	0.010285373591	0.810735482699
--ve	0.238749046529	0.31884057971	0.405797101449	0.0366132723112
--va	0.722473604827	0.165912518854	0.0482654600301	0.0633484162896
-mân	0.490641097149	0.116424423373	0.292373437449	0.100561042029
-tám	0.114174252276	0.451755526658	0.150845253576	0.28322496749
-tán	0.546134663342	0.181213632585	0.142975893599	0.129675810474
-hhè	0.428571428572	0.391534391534	0.063492063492	0.116402116402
-tái	0.248228987323	0.238457001737	0.0375285336375	0.475785477303
-hhí	0.48359695372	0.283245459871	0.100175746924	0.132981839485
-oan	0.276033881415	0.501743896363	0.12057797708	0.101644245142
-yéu	0.86	0.14	0.0	0.0
-hhâ	0.333878218226	0.506742950552	0.0980792807519	0.06129955047
-hhá	0.296066252588	0.493709189361	0.210224558051	0.0
-hhà	0.516986364687	0.349896001849	0.0693321007626	0.0637855327017
-iàu	0.211240001763	0.362208175457	0.0790669083647	0.347484914416
----	0.108107101165	0.198392985768	0.0108045006334	0.682695412434
-hhú	0.478450162401	0.197231116537	0.0823523991615	0.2419663219
-hhù	0.584541062802	0.270531400966	0.0434782608695	0.101449275362
-yén	0.0480578839091	0.12425711504	0.334925493481	0.492759507569
-iàm	0.140428115986	0.506452102626	0.221952330348	0.13116745104
-hhó	0.0488493354765	0.856470772729	0.0938565883875	0.000823303406908
-hhò	0.0	1.0	0.0	0.0
-mat	0.0327868852459	0.934426229508	0.0327868852459	0.0
-hhô	0.83295711061	0.106957907316	0.0083654229186	0.0517195591555
-hòi	0.143121545916	0.680864707127	0.137014045499	0.0389997014578
ALL	0.225182919297	0.304920581251	0.0555461450684	0.414350354384
--he	0.172393924981	0.0287487253438	0.00768546526774	0.791171884408
-nan	0.298906050249	0.627708884615	0.0366486944163	0.0367363707188
-oai	0.595294891832	0.139508102328	0.217487867072	0.0477091387678
-kie	0.0594226823033	0.866234480861	0.0316974470085	0.042645389827
-yàm	0.0567107750472	0.920604914934	0.0170132325142	0.00567107750472
-fân	0.0947083583885	0.58959711365	0.220986169573	0.0947083583885
-kin	0.400618262191	0.536736797196	0.041763293742	0.020881646871
--hi	0.493954730319	0.172158526453	0.0507823670852	0.283104376143
-kip	0.472569155334	0.371264686835	0.0555092978074	0.100656860024
-sin	0.608169204919	0.270798636415	0.0536642510109	0.0673679076554
-kiu	0.698635158153	0.250156320749	0.0124194139589	0.038789107139
-kit	0.318774643615	0.17652411283	0.0515620260843	0.45313921747
-iûn	0.375501513478	0.319737187075	0.0817516624427	0.223009637003
-nat	0.677842565598	0.155976676385	0.104956268222	0.0612244897959
-nau	0.501706484642	0.313993174061	0.122866894198	0.061433447099
-goi	0.0856123808356	0.247194002956	0.169345818029	0.497847798179
-gok	0.520408163265	0.132653061224	0.316326530612	0.030612244898
-ông	0.306451331096	0.279898381194	0.0564887943213	0.357161493388
-sên	0.434993246046	0.340979109234	0.106200574658	0.117827070062
-sêm	0.176470588235	0.808823529412	0.0	0.0147058823529
-fùn	0.0706436420722	0.85125588697	0.0105965463108	0.0675039246468
-phì	0.253083279414	0.641119611979	0.0705314057383	0.0352657028692
-phò	0.0517705529095	0.848829985504	0.0	0.0993994615862
-sêu	0.466886919958	0.423487010062	0.0342393752816	0.0753866946989
-phô	0.722495088409	0.225933202357	0.0515717092338	0.0
-phû	0.441175164262	0.531465135629	0.020519775082	0.00683992502733
-phú	0.0446428571429	0.907738095238	0.0357142857143	0.0119047619048
-phù	0.142857142857	0.791208791209	0.0659340659341	0.0
-moi	0.00815217391305	0.943117683947	0.0238555602007	0.0248745819398
-hâi	0.491433631931	0.471285195992	0.0091508331463	0.0281303389312
-hâm	0.609785202864	0.14200477327	0.170644391408	0.0775656324582
--vú	0.458279290964	0.498630926647	0.0430897823894	0.0
-hân	0.163578513943	0.585064570466	0.199700542766	0.0516563728243
--vò	0.720207253886	0.279792746114	0.0	0.0
-òng	0.152047441762	0.402760968837	0.0411634870337	0.404028102367
--ví	0.0812513900215	0.889910297279	0.0177922751872	0.011046037512
--vî	0.172523961661	0.460063897764	0.038338658147	0.329073482428
-yam	0.0637860082305	0.893004115226	0.0390946502058	0.00411522633744
-nàn	0.25255648038	0.324256837099	0.331985731272	0.0912009512485
-hâu	0.348471763747	0.180345598502	0.458979346414	0.0122032913374
--vâ	0.0920245398772	0.907975460123	0.0	0.0
-mùn	0.121290589409	0.836561313472	0.0272482855466	0.0148998115723
-tún	0.193816335948	0.757729580065	0.0	0.0484540839871
-hho	0.305956821754	0.523524642179	0.0385169773511	0.132001558715
-hûn	0.406850377361	0.398844435707	0.0823530696725	0.11195211726
-hhe	0.0745341614907	0.714285714286	0.211180124224	0.0
-hûi	0.525751072961	0.414163090129	0.0	0.0600858369099
-sái	0.558139534884	0.255813953488	0.0697674418605	0.116279069767
-sán	0.231279932226	0.669963173637	0.0210584553675	0.0776984387697
-hhu	0.293740986444	0.541476781079	0.0786847418518	0.0860974906259
-siû	0.113120033088	0.651127064315	0.235752902597	0.0
-kiâ	0.0430862934347	0.0214867510453	0.00998203395019	0.92544492157
--hâ	0.15548281127	0.706013674652	0.0276633199509	0.110840194127
--hà	0.0828402366864	0.278106508876	0.639053254438	0.0
-úng	0.133246543871	0.226932718332	0.123281412937	0.51653932486
-kiê	0.205472415328	0.741104756686	0.0369850347591	0.0164377932263
-kié	0.757939875358	0.127015679275	0.0416012112039	0.073443234163
-hak	0.106487230865	0.298703690567	0.0582145548299	0.536594523738
-mau	0.1015625	0.752604166667	0.125	0.0208333333333
-ham	0.653465059293	0.0902146250629	0.0190857226975	0.237234592946
-han	0.461871399162	0.455507284186	0.04077371352	0.041847603132
-hap	0.236734757125	0.668896748626	0.0479977686267	0.0463707256225
-hat	0.711508026227	0.235586705856	0.0298439972869	0.0230612706308
--hó	0.392748603281	0.140688318744	0.0689260988858	0.397636979089
-man	0.223817136637	0.317663866118	0.125174325657	0.333344671587
-kiú	0.110679301533	0.309891396934	0.268526405451	0.310902896082
-siá	0.873675864256	0.0621630193467	0.00380589914367	0.0603552172534
-sià	0.662613981763	0.155015197568	0.0364741641338	0.145896656535
-hoâ	0.375122428991	0.346718903036	0.248775710088	0.0293829578845
-yêu	0.50790513834	0.420948616601	0.0711462450593	0.0
-vón	0.323570432357	0.549511854951	0.0906555090656	0.0362622036262
-ung	0.226834547992	0.191578818214	0.0543321778335	0.527254455961
-yên	0.148603638227	0.745836535998	0.0694337688957	0.0361260568794
--vì	0.291696213179	0.480545411738	0.0477113009385	0.180047074144
-oân	0.594263753469	0.30367945342	0.0206391004199	0.0814176926909
-gan	0.328586238883	0.514268565504	0.0163692912097	0.140775904403
-lìn	0.0185338465127	0.863028804542	0.111873572381	0.00656377656391
-lìm	0.694290901126	0.147907448657	0.0414502030523	0.116351447164
-gau	0.122812326625	0.109194532708	0.754375346749	0.0136177939174
-tên	0.0731118305604	0.885109980548	0.0315235425273	0.0102546463643
-hia	0.426380873867	0.53165704864	0.0259686727123	0.0159934047815
--mu	0.0615694688251	0.87406540537	0.0405695338404	0.0237955919641
-hìn	0.234530101785	0.509693779965	0.0529323811756	0.202843737074
-hìm	0.677636822529	0.0975026567481	0.00657545164719	0.218285069075
-nàm	0.0452674897119	0.737373737374	0.153759820426	0.0635989524879
--mo	0.382669380634	0.546597848212	0.047324803722	0.0234079674324
--mi	0.184239191676	0.593772302145	0.208466363671	0.0135221425084
-seu	0.595929868504	0.176956793989	0.20344395742	0.0236693800877
-set	0.107780690574	0.180883832571	0.700489084063	0.0108463927915
--ma	0.23833245936	0.622443628736	0.0519140010488	0.0873099108547
-âng	0.276616263229	0.521790973326	0.114139659086	0.0874531043599
-kut	0.337991413419	0.513462132054	0.0694502904285	0.0790961640991
-hàn	0.332493799934	0.165448662692	0.0495883622079	0.452469175166
-iam	0.446224041653	0.398061278657	0.0827904495325	0.0729242301581
-nài	0.0860693947147	0.753711555235	0.102205424884	0.0580136251668
-net	0.147668393782	0.852331606218	0.0	0.0
-fuk	0.585432816538	0.301195090439	0.0649224806202	0.0484496124031
-iak	0.372446416696	0.424314858389	0.100097830842	0.103140894074
-nen	0.204157584135	0.673985857834	0.102716784518	0.0191397735127
-fut	0.0524475524475	0.94493006993	0.00262237762238	0.0
-iap	0.669248879775	0.147489936964	0.0731373889269	0.110123794334
-cha	0.134730538922	0.792130025663	0.0346449957228	0.038494439692
-kun	0.00466009471869	0.988349763203	0.00699014207803	0.0
-chṳ	0.26743100422	0.402322889047	0.102588041976	0.227658064757
-kuk	0.348889767783	0.593818859823	0.0330527148426	0.0242386575513
-kui	0.092807424594	0.535780185249	0.327566362789	0.0438460273672
-hok	0.469952506823	0.353109027	0.0562413105459	0.120697155631
-hoi	0.36564576185	0.430649392843	0.0529366288614	0.150768216445
-hon	0.403591745766	0.404957015967	0.0136750884477	0.17777614982
--lu	0.267582948815	0.590755898089	0.0478076910753	0.0938534620211
-hot	0.214943998363	0.28385414003	0.111410013809	0.389791847798
--hí	0.422807169452	0.339775718023	0.140833697471	0.0965834150545
-fôi	0.0	0.897635876188	0.0658055081647	0.0365586156471
--lî	0.324696029206	0.584305514535	0.041273557036	0.0497248992233
-yeu	0.247612479505	0.42385739275	0.227694781024	0.100835346721
-yet	0.746669568767	0.105983221432	0.0289727659721	0.118374443829
-fôn	0.398665819568	0.244282083863	0.199491740788	0.157560355781
-yen	0.270608695652	0.645217391304	0.0229565217391	0.0612173913043
--mô	0.0161600615621	0.962677953059	0.0194305502116	0.00173143516737
-iên	0.154317073703	0.489661520732	0.0661305509489	0.289890854616
-a̍t	0.450623266851	0.362824223849	0.0809460082884	0.105606501012
--mò	0.482493397378	0.104560829073	0.004633419309	0.40831235424
--mí	0.00836042731073	0.977705527171	0.00278680910358	0.0111472364143
-iêu	0.0365853658537	0.963414634146	0.0	0.0
-a̍k	0.367996843108	0.388297329716	0.173238675682	0.0704671514943
--mî	0.141891128567	0.316752962608	0.352486899071	0.188869009755
--mê	0.0180223477112	0.927910609155	0.0147783251232	0.0392887180103
-mìn	0.297943587006	0.448813474225	0.0909167268475	0.162326211921
--mà	0.120202751629	0.841419261405	0.0130340333092	0.0253439536568
--mâ	0.056920835357	0.724817872754	0.171928120447	0.0463331714425
-pot	0.272359279025	0.457396032625	0.22414661162	0.0460980767295
-pok	0.27412172192	0.203364670955	0.434933201385	0.0875804057397
-poi	0.114706981495	0.0846073974664	0.0665923264487	0.73409329459
--ǹg	0.0977862797166	0.778263003562	0.0612265445072	0.0627241722146
--nu	0.271758436945	0.637655417407	0.0852575488455	0.00532859680284
-sùn	0.0524899505	0.772399588054	0.0661107604399	0.108999701007
-lam	0.453686200378	0.357277882798	0.189035916824	0.0
-lan	0.355818614556	0.232995114618	0.351058499311	0.0601277715145
-̂-é	0.00494030465212	0.892960065871	0.094689172499	0.00741045697818
-lai	0.128571428571	0.55	0.278571428571	0.0428571428571
-lak	0.0328381548084	0.802971071149	0.164190774042	0.0
-lat	0.340909090909	0.477272727273	0.181818181818	0.0
-nok	0.0322580645161	0.954838709677	0.0129032258064	0.0
-yîm	0.0296570252259	0.698370608143	0.248262605822	0.023709760809
-yîn	0.249420581184	0.532250992273	0.0375839231921	0.180744503351
-hên	0.21885617214	0.347395243488	0.0186862967158	0.415062287656
-ì-â	0.0135491155438	0.973466315393	0.0	0.0129845690628
--ha	0.12520288194	0.0683566495148	0.0424053736957	0.76403509485
-î-â	0.0381582294581	0.931315186975	0.00915797506995	0.0213686084966
-ô-é	0.0264135369377	0.971110193974	0.0	0.00247626908791
-ì-è	0.0428590990004	0.933520471039	0.0164316034506	0.00718882650965
-fái	0.175461567309	0.17285087702	0.59138438318	0.0603031724907
-fán	0.109395109395	0.704847704848	0.031317031317	0.15444015444
-î-é	0.0856004936332	0.846076176586	0.0683233297807	0.0
-á-è	0.202422145329	0.0994809688581	0.620242214533	0.0778546712802
-sám	0.506079027356	0.411854103344	0.0592705167173	0.0227963525836
-hṳ̂	0.445477148946	0.329860288894	0.0361117688847	0.188550793275
-hṳ̀	0.507493744138	0.374034091125	0.0299218159656	0.0885503487714
-hṳ́	0.0965042560459	0.560928886273	0.0589286593913	0.28363819829
-tit	0.175650590172	0.277748590242	0.0436061784176	0.502994641168
-lùn	0.0605581781193	0.892156669103	0.0464555886942	0.000829564083825
-sap	0.319507245345	0.345533520846	0.276141987396	0.0588172464129
-hèn	0.576370657335	0.152447875532	0.0255978822435	0.24558358489
-sat	0.135100585346	0.751867052412	0.0304110879365	0.0826212743053
-ton	0.519640742203	0.402529468163	0.0251677852349	0.0526620043991
-tok	0.138888888889	0.0833333333334	0.666666666667	0.111111111111
-toi	0.021164021164	0.566137566138	0.412698412698	0.0
--fo	0.608596424496	0.224039558768	0.0988969189806	0.0684670977558
-sak	0.21407333994	0.704658077304	0.0475718533201	0.0336967294351
-voi	0.188202515096	0.0206702333964	0.00983290161788	0.78129434989
-sai	0.852791878173	0.116751269036	0.0304568527919	0.0
-san	0.252966181951	0.180751616263	0.492375612715	0.0739065890706
-von	0.397807769741	0.533498620535	0.0389605547685	0.0297330549549
-í-â	0.0295021511985	0.955746773202	0.00737553779962	0.00737553779963
-lon	0.134801468135	0.539348872682	0.270556270556	0.0552933886268
-u̍t	0.115225819897	0.77415821619	0.0404734379589	0.0701425259541
-û-é	0.032293986637	0.956570155902	0.00668151447661	0.00445434298441
-ien	0.397553822625	0.332044581723	0.0524643582846	0.217937237368
-hái	0.0912521440824	0.626758147513	0.110463121784	0.171526586621
-â-é	0.117839607201	0.837970540098	0.0343698854337	0.00981996726678
-hám	0.115081678916	0.556191604475	0.199039684775	0.129687031834
-hán	0.361840428743	0.50643154259	0.0576310125416	0.074097016125
-ièu	0.467105263158	0.0657894736842	0.46052631579	0.00657894736842
-háu	0.465479590123	0.26642029229	0.158575508147	0.109524609441
-hai	0.13564518312	0.11910442784	0.0557062649559	0.689544124084
-ieu	0.642582458216	0.311418429226	0.0291377015234	0.0168614110339
-iet	0.104330788145	0.461954673468	0.111933944357	0.321780594029
-u̍k	0.326436500605	0.410377756455	0.079664726871	0.183521016069
-ṳ̍t	0.386284714504	0.230100748947	0.152519823468	0.231094713081
--nò	0.0	1.0	0.0	0.0
-ṳ̍p	0.0633875995844	0.0907516453065	0.0124696917215	0.833391063388
-húi	0.698592257416	0.27501256913	0.000754147812972	0.025641025641
--nù	0.0	0.960784313725	0.0392156862745	0.0
--nú	0.0176991150442	0.982300884956	0.0	0.0
-hún	0.647917665127	0.227077541421	0.0495596527631	0.0754451406893
-sân	0.13717812583	0.777508627555	0.0279731882134	0.0573400584019
-sâm	0.135351723579	0.669059375981	0.08465546869	0.11093343175
--nà	0.0224358974359	0.95	0.00384615384615	0.023717948718
--ná	0.041095890411	0.779109589041	0.0	0.179794520548
--nâ	0.228855373488	0.744405510709	0.00849360149028	0.0182455143124
--nì	0.0193183079827	0.951038081492	0.0118796491618	0.0177639613634
-lùi	0.179052077238	0.63838502048	0.0866003510825	0.0959625511995
-mai	0.763336614173	0.129576771654	0.00265748031496	0.104429133858
-u-è	0.0489944921224	0.751184834123	0.163314973741	0.0365057000128
-mèu	0.372284204345	0.518496770405	0.0493247210805	0.0598943041691
--hò	0.0529507711154	0.736522066619	0.0539532814119	0.156573880854
-hau	0.272807017544	0.331263157895	0.239087719298	0.156842105263
-lân	0.691559344019	0.245066246641	0.0466969331975	0.0166774761419
-lâi	0.799306759099	0.167417677643	0.00415944540729	0.0291161178509
-hón	0.173277202686	0.389135876265	0.0274931401095	0.410093780939
-pin	0.347367840927	0.0332099180227	0.0104812267517	0.608941014299
-hói	0.0753481043472	0.839389567049	0.0503146881003	0.0349476405032
-lâu	0.081487871744	0.00081433716317	0.00353815457101	0.914159636522
-iám	0.198718179122	0.458788987034	0.2155912191	0.126901614744
-o̍t	0.686261558785	0.119550858653	0.0376486129459	0.156538969617
-iáu	0.497940258382	0.112701529727	0.0346677618315	0.354690450059
-pún	0.337290212901	0.561003815209	0.0321722972305	0.0695336746595
-iok	0.113347920429	0.736234673608	0.102934407709	0.0474829982538
-ioi	0.619047619048	0.285714285714	0.047619047619	0.047619047619
-mun	0.795490823744	0.086502927787	0.0204420272939	0.0975642211754
-muk	0.286667044389	0.267458473813	0.336591989045	0.109282492752
-vûn	0.173684210526	0.605263157895	0.221052631579	0.0
-leu	0.410122225842	0.526080983472	0.0	0.0637967906865
-git	0.0627653150707	0.652104342113	0.124618259387	0.16051208343
-ò-â	0.0	0.987410826689	0.0	0.012589173311
-gin	0.811622857071	0.076624971746	0.0319129675837	0.0798392035991
-gim	0.369257736944	0.420696324952	0.0800894584139	0.129956479691
--ôi	0.00281663693549	0.981691859919	0.00619660125809	0.00929490188714
--ôn	0.215920044985	0.741424784448	0.0165345686285	0.0261206019386
-hèu	0.184414045965	0.651193152131	0.0372701180376	0.127122683867
-áng	0.23368766013	0.605558545535	0.0738421900806	0.0869116042541
--sâ	0.0393826019782	0.925173056241	0.0327178539511	0.00272648782926
--sà	0.142955695962	0.207803638717	0.0374433829406	0.611797282381
--sé	0.0373149462584	0.911174204015	0.0125735145001	0.0389373352261
--sî	0.0850777100393	0.795831968471	0.0120456521655	0.107044669324
--sí	0.654083179959	0.233659679517	0.0649271028977	0.0473300376264
-yok	0.0818793619142	0.526794616152	0.103190428714	0.28813559322
-ê-é	0.189824945295	0.698577680525	0.00984682713348	0.101750547046
--sô	0.6	0.112558139535	0.08	0.207441860465
--sû	0.00591703089748	0.642595878206	0.00298222572393	0.348504865173
--sú	0.514450620542	0.325143048336	0.099789978034	0.060616353088
--sù	0.174291938998	0.677559912854	0.0566448801743	0.0915032679739
-chi	0.215401267976	0.597494974486	0.156641410237	0.0304623473017
-koá	0.0248704663212	0.774093264249	0.0269430051813	0.174093264249
-cho	0.527506145375	0.0828508579039	0.0184822023003	0.37116079442
-ù-è	0.0909090909091	0.909090909091	0.0	0.0
-pet	0.674401571395	0.163964443853	0.0289642773912	0.132669707361
-chu	0.124636673082	0.674906011044	0.132945784621	0.0675115312528
-lám	0.0214285714286	0.978571428571	0.0	0.0
--sa	0.277939215446	0.637195358628	0.05281834201	0.0320470839162
-û-â	0.108417658179	0.884354497943	0.0	0.00722784387857
-phî	0.372093023256	0.56511627907	0.0348837209302	0.0279069767442
-giú	0.0740740740741	0.925925925926	0.0	0.0
-giù	0.148457583547	0.832262210797	0.0154241645245	0.0038560411311
-fai	0.575647335759	0.222662101434	0.136154504601	0.0655360582067
-fan	0.633916990921	0.29766536965	0.0528534370947	0.0155642023346
-fam	0.312491070855	0.517352163797	0.107980751807	0.0621760135407
-fap	0.289784203424	0.37017898098	0.163185756479	0.176851059117
-fat	0.527987811759	0.24297483354	0.118835345898	0.110202008803
-giâ	0.0665488066675	0.0597297638591	0.0109862356358	0.862735193838
-ṳ̀n	0.379312689196	0.377155014143	0.124179197001	0.119353099659
-hun	0.469186073112	0.249622546553	0.253008189596	0.0281831907398
-hui	0.179575431941	0.600299590697	0.125275467076	0.0948495102853
--se	0.414157958967	0.257542761828	0.218501436793	0.109797842413
-huk	0.354645050206	0.503230279297	0.10266040927	0.039464261226
-iâu	0.248304585389	0.659730753355	0.0546297539994	0.0373349072559
--si	0.109844887623	0.324153213042	0.174105729661	0.391896169674
--so	0.0062893081761	0.993710691824	0.0	0.0
-gìn	0.0904798199888	0.517533528091	0.0746797052897	0.31730694663
-iâm	0.408247331027	0.183920223446	0.317179963994	0.0906524815339
--su	0.507053189664	0.328947538556	0.0376836561994	0.12631561558
-hut	0.516347422355	0.225993156728	0.0627210514337	0.194938369483
-ché	0.32298136646	0.159420289855	0.492753623188	0.0248447204969
-koa	0.464879852126	0.463955637708	0.0323475046211	0.0388170055453
-chí	0.0174825174825	0.982517482517	0.0	0.0
-chá	0.101062313986	0.694126982283	0.104046842607	0.100763861124
-châ	0.260039962851	0.704500042214	0.0118199983114	0.0236399966229
-tuk	0.00746665205839	0.963937659207	0.00365937166178	0.0249363170725
-koi	0.432558139535	0.26511627907	0.232558139535	0.0697674418604
-kok	0.155468236867	0.640642379944	0.0309242559912	0.172965127197
-kot	0.399851696745	0.563338851028	0.0173220951658	0.0194873570615
-chú	0.0245400230408	0.941646196965	0.0128629505027	0.0209508294916
-chû	0.0855407734878	0.860856653047	0.0187609007127	0.0348416727522
-soi	0.404251839738	0.500572363042	0.076206050695	0.0189697465249
-sok	0.0896159317212	0.803698435277	0.0597439544808	0.0469416785206
-chó	0.196776599539	0.274313324902	0.0706294386614	0.458280636897
-van	0.150416471689	0.305306504445	0.0264670098268	0.517810014038
-kám	0.335253763907	0.171696059973	0.0676878697969	0.425362306324
-pak	0.0510538028538	0.564340882314	0.00994894619715	0.374656368635
-lin	0.345626440362	0.5494758745	0.0127024068037	0.0921952783339
-gai	0.485148514851	0.485148514852	0.0	0.029702970297
-káu	0.545098039216	0.249019607843	0.141176470588	0.064705882353
--tú	0.0952879932571	0.82366997685	0.0273816072578	0.0536604226356
--tû	0.0282534246576	0.958261986301	0.00513698630137	0.00834760273973
-pâu	0.0587817439176	0.767536849583	0.110459953827	0.0632214526727
-nâi	0.0	0.990099009901	0.0	0.009900990099
--tó	0.696397317885	0.114508615504	0.020684186724	0.168409879887
-hài	0.417828451536	0.497032272313	0.0470419346824	0.0380973414681
--nó	0.134214539909	0.739196746314	0.0686324351805	0.0579562785969
--au	0.378571428571	0.0	0.621428571429	0.0
-àng	0.338741382219	0.388065992685	0.051109104501	0.222083520594
-hàm	0.30922158056	0.291458989311	0.238481849117	0.160837581012
--ak	0.289846153846	0.403692307692	0.195692307692	0.110769230769
-vàn	0.603700097371	0.0925024342746	0.0155793573515	0.288218111003
--tî	0.309225941709	0.591923704079	0.0277340056729	0.0711163485386
-hàu	0.148451497312	0.682876887638	0.134886101868	0.0337855131815
--tí	0.0513026052104	0.900601202405	0.0216432865731	0.0264529058116
-nâu	0.693538461539	0.0793846153846	0.184615384615	0.0424615384615
--tá	0.703604394561	0.240300880336	0.0355930996844	0.0205016254182
-pân	0.166460683113	0.0733447429534	0.0216788909258	0.738515683008
-khú	0.379655825369	0.33826323496	0.187050037006	0.0950309026655
--fì	0.296762589928	0.615107913669	0.00359712230216	0.0845323741007
--fí	0.588921282799	0.266763848396	0.118075801749	0.0262390670554
-fûn	0.374468108807	0.369973488983	0.119949354305	0.135609047906
-yùn	0.0215919487649	0.942177493138	0.0263494967978	0.00988106129918
-pan	0.288666666667	0.391333333333	0.0769999999999	0.243
--fà	0.136786188579	0.709827357238	0.0956175298805	0.0577689243028
--fâ	0.0763795074301	0.788319650837	0.0698326925075	0.0654681492258
-tiû	0.0192307692307	0.916666666667	0.025641025641	0.0384615384615
-ngà	0.478994553004	0.469570301708	0.04114811623	0.0102870290575
-ngá	0.0	0.857142857143	0.0476190476191	0.0952380952381
-ngâ	0.0374206674696	0.144224973702	0.00133645240962	0.817017906419
-hiû	0.176199444885	0.676595955591	0.0669111816019	0.0802934179222
--fù	0.295357794446	0.631867018042	0.0405432799513	0.0322319075613
--fú	0.061862244898	0.759566326531	0.15943877551	0.0191326530612
--fû	0.199882422105	0.643151087596	0.0723104056437	0.0846560846561
-ngì	0.0427658298948	0.0377802117492	0.00392841332821	0.915525545028
-ngí	0.338949845441	0.517989943931	0.0603096966371	0.0827505139905
-ngî	0.236392115912	0.500261062525	0.11552016708	0.147826654484
--fó	0.374520659425	0.543236211637	0.0526503988853	0.0295927300526
-nun	0.0	0.968253968254	0.031746031746	0.0
-kon	0.109792284866	0.796735905045	0.093471810089	0.0
-liù	0.392169082298	0.442582766521	0.0530133067436	0.112234844438
-nui	0.185423320854	0.513894152088	0.0457655421697	0.254916984888
-kún	0.229102167183	0.767801857585	0.0030959752322	0.0
-sun	0.336855071777	0.473160562846	0.0476145354622	0.142369829914
-suk	0.177090909091	0.345636363636	0.415818181818	0.0614545454545
-tun	0.00114155251142	0.988584474886	0.00742009132421	0.00285388127854
-sui	0.59131163236	0.201352321685	0.115785064624	0.0915509813308
-kúi	0.129103348464	0.810253711379	0.0445255794575	0.0161173607
-liá	0.0267185904657	0.0124551906002	0.00304024337485	0.957785975559
--li	0.194217518834	0.616348044757	0.166646247533	0.0227881888765
--vû	0.11332551778	0.457470366028	0.408362641657	0.0208414745343
-lui	0.152201409384	0.649465959967	0.0565660824349	0.141766548214
-têu	0.0225779914836	0.0226728858216	0.0041084729733	0.950640649721
-màu	0.371888726208	0.592972181552	0.00878477306003	0.0263543191801
--tu	0.0766501064585	0.637189496097	0.264017033357	0.022143364088
-màn	0.0862068965517	0.423645320197	0.490147783251	0.0
-kói	0.552722934738	0.412392728567	0.0158142326349	0.0190701040597
--ti	0.0167074946006	0.907214223444	0.00610037666617	0.0699779052889
--to	0.548362602978	0.124368808535	0.0458603122519	0.281408276235
-mài	0.885780885781	0.086247086247	0.0	0.027972027972
-sûn	0.0306315084343	0.948054320687	0.00584617258389	0.0154679982949
--te	0.103232737572	0.277533613309	0.040531301885	0.578702347234
-ong	0.208195850067	0.27755220973	0.0789958596198	0.435256080583
--kô	0.123148397531	0.330285758965	0.208157164771	0.338408678733
--ok	0.0919474621384	0.457094286477	0.397663467325	0.05329478406
--oi	0.449320786594	0.113936803127	0.0734930254006	0.363249384879
-súi	0.162365480537	0.761055748918	0.0509103061373	0.0256684644072
-fàm	0.164149289792	0.351693209004	0.0270818693596	0.457075631845
-fàn	0.322513812155	0.372928176796	0.190607734807	0.113950276243
-fài	0.244131455399	0.661971830986	0.0657276995305	0.0281690140845
-ngu	0.0244698205546	0.867862969005	0.0978792822186	0.00978792822186
-sṳn	0.195477424386	0.300650891155	0.445049890985	0.0588217934745
-chô	0.0603159406414	0.375777884155	0.536141694591	0.0277644806127
--fa	0.584477337458	0.262734242217	0.098631761496	0.0541566588288
-pûn	0.314594758432	0.0299509982011	0.00803149289002	0.647422750477
-iùn	0.080594139958	0.697771975158	0.178152577768	0.0434813071163
-sṳp	0.426829268293	0.109756097561	0.317073170732	0.146341463415
-lón	0.0	1.0	0.0	0.0
-sṳt	0.565477585034	0.175533820218	0.0369116611664	0.222076933582
-ngo	0.353333333333	0.186666666667	0.46	0.0
--pî	0.0875126191405	0.572902577249	0.269276030417	0.0703087731934
--pí	0.119483136062	0.467031559175	0.0323259169483	0.381159387815
-hùn	0.513750568728	0.275061928113	0.110712299682	0.100475203478
--fi	0.0855225374385	0.774038916759	0.0767114462773	0.0637270995254
--pâ	0.0133929577962	0.974399919213	0.00216240464417	0.0100447183471
--pà	0.0215568862275	0.0730538922156	0.883832335329	0.0215568862275
--pá	0.197987362509	0.751462672595	0.0252749824479	0.0252749824479
-iôn	0.5625	0.0714285714286	0.366071428571	0.0
-kín	0.373019383781	0.160417461327	0.0842981658263	0.382264989065
--pû	0.0626753975678	0.770813844715	0.033208606174	0.133302151543
--pó	0.129984945727	0.81020243263	0.0422206741008	0.017591947542
-ùng	0.219702847851	0.221653183477	0.0491603651369	0.509483603535
-t-è	0.0497753524927	0.868153581357	0.0304645133985	0.0516065527517
-son	0.33053493845	0.105109522085	0.0600787472846	0.504276792179
-yún	0.00530386740332	0.353149171271	0.00530386740332	0.636243093923
-khì	0.380398142751	0.38657070983	0.168315068764	0.0647160786546
-khî	0.666868915304	0.276096969028	0.0119142833503	0.0451198323175
-khó	0.139837769907	0.762481434937	0.0781446361248	0.0195361590312
-p-è	0.42036910458	0.57963089542	0.0	0.0
-p-é	0.55919395466	0.44080604534	0.0	0.0
-kôn	0.0831514775363	0.752865055975	0.0579997185792	0.105983747909
-kôi	0.419486810238	0.0446422726975	0.0505662106435	0.485304706421
--kû	0.528488852188	0.248554913295	0.148637489678	0.074318744839
--kú	0.0754750715162	0.833246066612	0.0658012362076	0.0254776256641
--kó	0.261663286004	0.511156186613	0.0579107505071	0.169269776876
-kón	0.277266193514	0.473654658162	0.0875932081574	0.161485940167
--kî	0.081723260037	0.559420133599	0.153804575027	0.205052031337
--kí	0.309402646207	0.50191810851	0.0688953260785	0.119783919205
--kâ	0.0624129073229	0.303906355589	0.125097618659	0.50858311843
--ká	0.121338912134	0.748117154812	0.105439330544	0.0251046025104
-mén	0.0746251573767	0.579031704246	0.0409751630995	0.305367975278
-fun	0.24551302194	0.459936045545	0.186900426979	0.107650505536
-iun	0.380235904934	0.418809506002	0.0317544414126	0.169200147652
-gâu	0.761904761905	0.0761904761905	0.0190476190476	0.142857142857
-kam	0.0522193211488	0.865535248042	0.0587467362924	0.023498694517
--pi	0.101585300491	0.752580587147	0.117789090754	0.028045021608
-sṳ́	0.270304973987	0.369897427819	0.0289433847037	0.330854213491
-sṳ̀	0.159495281072	0.15589193076	0.0282787243578	0.656334063809
-sṳ̂	0.0444131269128	0.722963219347	0.216922262427	0.0157013913127
--pa	0.0621890547264	0.896766169154	0.0410447761194	0.0
-vun	0.758333333333	0.241666666667	0.0	0.0
--pu	0.50208500714	0.376620271734	0.0296975275914	0.0915971935349
-yèn	0.138719491781	0.260387115962	0.0422388984319	0.558654493825
-kau	0.301908085083	0.593572434151	0.0717528510924	0.0327666296744
-kat	0.486033519553	0.35530726257	0.11843575419	0.0402234636871
-iau	0.318042813456	0.494053686714	0.108392796466	0.0795107033639
-lîm	0.63607561732	0.334719728589	0.00874390841047	0.0204607456805
-khe	0.163829787234	0.770212765957	0.0446808510639	0.0212765957447
-khi	0.407547169811	0.445283018868	0.124528301887	0.022641509434
-e-â	0.0459183673469	0.954081632653	0.0	0.0
-fit	0.616306954437	0.269784172662	0.031175059952	0.0827338129496
-kho	0.231618774926	0.181340968743	0.0816034359342	0.505436820397
-fin	0.795332136445	0.172351885099	0.0215439856373	0.0107719928187
-óng	0.712658664582	0.125196399236	0.0129222909111	0.149222645271
-tui	0.0409776069002	0.0139466625783	0.00367398244855	0.941401748073
-hîm	0.565511411665	0.404057480981	0.0164835164835	0.0139475908707
-yuk	0.430661577608	0.382951653944	0.0604325699745	0.125954198473
-hîn	0.434024005114	0.29633483438	0.0970974654571	0.172543695049
-yun	0.179240969364	0.673525377229	0.147233653407	0.0
-g-é	0.213175223828	0.616541951505	0.155270484961	0.0150123397062
-g-è	0.0375316238679	0.935586001544	0.0178684032867	0.00901397130089
--ku	0.307596815293	0.483138411566	0.0619300521762	0.147334720965
-vún	0.43178807947	0.441059602649	0.071523178808	0.0556291390729
--ki	0.343947123032	0.321320827162	0.0353792989962	0.299352750809
--ko	0.372591208463	0.105586976214	0.0376689101792	0.484152905145
--ka	0.323717608796	0.633506557783	0.0300491391805	0.0127266942412
--ke	0.057930147911	0.0981116553624	0.0736596396663	0.77029855706
-pái	0.227160598693	0.258203001957	0.151336582327	0.363299817023
-ngi	0.150518793728	0.445421204035	0.224894289369	0.179165712868
-pán	0.148636603055	0.722114176897	0.09805113245	0.0311980875977
-ûng	0.15371999753	0.442446988343	0.076412058352	0.327420955775
-nèn	0.124101784428	0.373760898641	0.175174684527	0.326962632404
--at	0.112244897959	0.295918367347	0.581632653061	0.0102040816327
--ap	0.34	0.64	0.02	0.0
-sot	0.351502801834	0.499066055357	0.103582951265	0.0458481915436
-páu	0.587457499056	0.196448809974	0.105024556101	0.11106913487
--lò	0.0277815074763	0.861714983216	0.00983826670736	0.1006652426
--ló	0.0244980971604	0.903116959154	0.0663759764572	0.00600896722802
-him	0.481766477083	0.493141518903	0.0250920040147	0.0
-hin	0.40509814001	0.0929890576047	0.0884246831387	0.413488119246
--lû	0.172804532578	0.787535410765	0.028328611898	0.0113314447592
--lù	0.123953098827	0.820770519263	0.0552763819096	0.0
--ńg	0.0273265293798	0.877955341506	0.04882163778	0.045896491334
-sèu	0.352871594895	0.279872009412	0.328364156497	0.0388922391957
--lâ	0.0267919624113	0.963610916725	0.000599820053983	0.00899730080976
--tô	0.0647143288392	0.26445723579	0.536440590714	0.134387844657
-gài	0.0469143715083	0.0138464071925	0.00128636502113	0.937952856278
-hit	0.298353016094	0.425919493651	0.191641580796	0.0840859094593
-hiu	0.166145485318	0.0330232906777	0.00939628989488	0.791434934109
--lì	0.147820343461	0.225759577279	0.0528401585205	0.57357992074
-fún	0.0396578538103	0.906687402799	0.0233281493001	0.0303265940902
-thô	0.564897033818	0.376346117514	0.0188928773852	0.0398639712829
-thó	0.703144134358	0.160968137369	0.04812393315	0.0877637951224
-thò	0.338812437281	0.634722946114	0.0147025647807	0.0117620518246
-tap	0.506650440039	0.291143778959	0.0577933657779	0.144412415224
-yèu	0.349862258953	0.548209366391	0.099173553719	0.00275482093664
-thú	0.0	0.986842105263	0.0131578947368	0.0
-thù	0.104124699479	0.756293095439	0.0620642304739	0.0775179746078
-thâ	0.0456930053507	0.393798806417	0.27796578255	0.282542405682
--am	0.0445617576275	0.849623476438	0.0912196258054	0.0145951401289
-thí	0.0373496275679	0.769404808816	0.0700904520359	0.12315511158
-thì	0.247773950468	0.497266388363	0.0375253781053	0.217434283064
-làn	0.0675396278429	0.929014472777	0.0	0.00344589937974
-làm	0.169722685255	0.620245491741	0.0700106076678	0.140021215336
-ièn	0.159134236721	0.422853527984	0.063672774579	0.354339460715
-mêu	0.406779661017	0.169491525424	0.135593220339	0.28813559322
-lài	0.274647887324	0.352112676056	0.37323943662	0.0
-ièm	0.884433962264	0.115566037736	0.0	0.0
-iuk	0.350983747068	0.285146327016	0.225341992971	0.138527932945
-pit	0.243345164153	0.552573203194	0.161934338953	0.0421472937001
-mâi	0.617263157895	0.351368421053	0.013052631579	0.0183157894737
-téu	0.24575339551	0.710362069577	0.0	0.0438845349126
-miâ	0.877145860096	0.0929580754409	0.00840826813032	0.0214877963331
--yu	0.52270531401	0.271497584541	0.0521739130435	0.153623188406
-oet	0.0381252121076	0.907401828585	0.0308595466854	0.023613412622
--ya	0.120232551824	0.823321613824	0.0125760149074	0.0438698194444
--fò	0.310748492373	0.239446612274	0.402979780064	0.0468251152891
-sôn	0.0143884892086	0.510791366907	0.453237410072	0.0215827338129
--yi	0.265563666421	0.494266636126	0.078857031888	0.161312665565
-tém	0.56462585034	0.0544217687074	0.380952380952	0.0
-tén	0.572665397906	0.167023088514	0.0419509321497	0.21836058143
-ṳ́n	0.0863309352517	0.892086330935	0.0	0.0215827338129
-ṳ́m	0.405387647832	0.176084099869	0.375821287779	0.0427069645203
--ên	0.132605725275	0.627216140079	0.162952716722	0.0772254179248
-hhê	0.0892448512586	0.581235697941	0.302059496567	0.0274599542334
-hià	0.822060883964	0.10839383518	0.0213985479556	0.0481467329003
-hín	0.155887230514	0.665008291874	0.117744610282	0.06135986733
-hiù	0.718274833146	0.11774194555	0.023868734443	0.14011448686
-hiú	0.0480723840224	0.763157104078	0.172557864739	0.0162126471605
--la	0.144117419169	0.243770961779	0.221599902593	0.390511716458
-tâm	0.329348980972	0.532188737564	0.0981358060465	0.0403264754178
-tân	0.139408284024	0.298224852071	0.103195266272	0.459171597633
-tâi	0.154534453042	0.668341339983	0.177124206975	0.0
-hhî	0.411744669255	0.209482934805	0.176442536958	0.202329858982
-sòn	0.258597241111	0.692960300499	0.00803056796839	0.0404118904216
-o̍k	0.281516617369	0.315202991376	0.143536484196	0.259743907059
-thu	0.265319642266	0.125703875455	0.251242133157	0.357734349122
-kap	0.0328149034353	0.954879507776	0.0123055887882	0.0
-n-è	0.0590691220989	0.782795156408	0.144891523713	0.01324419778
-n-é	0.174302325926	0.7131447213	0.0149200268797	0.0976329258942
-a-é	0.0963025924352	0.661623459413	0.162175945601	0.07989800255
-t-é	0.170414983455	0.658778274508	0.0852074917274	0.08559925031
-lòi	0.380143922248	0.0794356334197	0.0230353631669	0.517385081165
-ang	0.218220562741	0.400909956575	0.0723426720058	0.308526808679
-tho	0.229722257769	0.687652869295	0.0249661363576	0.0576587365783
-t-â	0.0	0.685920577617	0.314079422383	0.0
-lèu	0.35945945946	0.567567567567	0.072972972973	0.0
-thi	0.0377589219717	0.851353496405	0.0367308982774	0.0741566833462
-tan	0.0691218130312	0.915014164306	0.00793201133145	0.00793201133144
-kâu	0.746345318056	0.187503527685	0.0198679234633	0.0462832307953
-hêu	0.585513078471	0.246478873239	0.0296780684105	0.138329979879
-tai	0.709582368682	0.125730378745	0.0198141856339	0.144873066939
-kha	0.0889569242408	0.0367389149418	0.372564808887	0.501739351931
--só	0.0748122076457	0.7526321403	0.133321143972	0.0392345080831
-yit	0.181088157703	0.110965235911	0.18109309333	0.526853513056
-yip	0.00952380952381	0.742857142857	0.0	0.247619047619
-yim	0.80701754386	0.0877192982456	0.0350877192982	0.0701754385965
-yin	0.637769510936	0.188691739867	0.0555090275208	0.118029721676
-m-é	0.138282326416	0.689031773204	0.0404158490251	0.132270051355
-m-è	0.042216358839	0.87598944591	0.0501319261214	0.0316622691293
