-òde	0.512309820194	0.349930843707	0.0879668049793	0.0497925311203
-iva	0.0689655172413	0.896551724138	0.0344827586207	0.0
-700	0.236994219653	0.268786127168	0.078034682081	0.416184971098
-ive	0.689736514479	0.113319451894	0.0111917935159	0.185752240111
-ivi	0.0666666666667	0.666666666667	0.266666666667	0.0
-òdi	0.0431037827352	0.694471387003	0.0334432589719	0.22898157129
-fòm	0.273399889231	0.451240467501	0.121987588224	0.153372055043
-ivo	0.215384615384	0.553846153846	0.0461538461539	0.184615384615
-oye	0.740893207281	0.15463270787	0.00268120110366	0.101792883745
-idè	0.101694915254	0.830508474576	0.0169491525424	0.0508474576271
-kyo	0.0	1.0	0.0	0.0
-oyi	0.0	0.981981981982	0.018018018018	0.0
-ufe	0.846603151091	0.0921256396444	0.0565580393213	0.00471316994345
-ufa	0.122302158273	0.776978417266	0.0935251798561	0.00719424460432
-dra	0.0526440597581	0.937870524069	0.00853687455537	0.000948541617263
-idò	0.032189600283	0.79200565971	0.138662893527	0.0371418464803
-yel	0.406976744186	0.53488372093	0.0348837209302	0.0232558139535
-les	0.222222222222	0.444444444445	0.222222222222	0.111111111111
-apa	0.0778337674881	0.793320514966	0.0914515760753	0.0373941414704
-ham	0.0261437908497	0.934640522876	0.0392156862746	0.0
-èrè	0.333333333333	0.4	0.133333333333	0.133333333333
-waz	0.0666666666666	0.866666666667	0.0666666666667	0.0
-ivè	0.25	0.75	0.0	0.0
-òdè	0.666666666667	0.0	0.333333333333	0.0
-ido	0.0323048250155	0.957755228826	0.00993994615861	0.0
-idi	0.0453219927096	0.788821385176	0.131470230863	0.0343863912515
-ide	0.36885450527	0.549564066908	0.0378075593138	0.0437738685078
-oyè	0.0217391304348	0.934782608696	0.0434782608696	0.0
-tla	0.186046511628	0.627906976744	0.0930232558139	0.093023255814
-ufè	0.384615384615	0.615384615385	0.0	0.0
-tle	0.333333333333	0.0	0.666666666667	0.0
-uta	0.0	1.0	0.0	0.0
-ute	0.644456756318	0.0924339546045	0.0126130929518	0.250496196126
-uti	0.394793926247	0.444685466377	0.156182212581	0.00433839479393
-aad	0.0	1.0	0.0	0.0
-uto	0.277286135693	0.576204523107	0.145034414946	0.00147492625368
-oya	0.0	1.0	0.0	0.0
-wak	0.0196078431373	0.980392156863	0.0	0.0
-bza	0.0	1.0	0.0	0.0
-ije	0.488715354023	0.437101554665	0.0316448068568	0.042538284456
-ija	0.0228169763626	0.975320413322	0.00186261031531	0.0
-ijo	0.0	1.0	0.0	0.0
-iji	0.0664819944598	0.858725761773	0.0526315789474	0.0221606648199
-kbi	0.0	1.0	0.0	0.0
-845	0.0	0.142857142857	0.0	0.857142857143
-840	0.0	0.409638554217	0.0	0.590361445783
-289	0.0	0.0	0.0	1.0
-288	0.0	0.0	0.0	1.0
-yat	0.0319391634981	0.924410646388	0.0180988593156	0.0255513307985
-nam	0.0	1.0	0.0	0.0
-yas	0.0233259681015	0.955380474098	0.0140103441318	0.00728321366882
-yay	0.262937062937	0.56317016317	0.0979020979021	0.0759906759907
-yad	0.0662642866316	0.862719917812	0.0500834724541	0.0209323231026
-yaa	0.0	1.0	0.0	0.0
-lpa	0.0243902439024	0.975609756098	0.0	0.0
-yab	0.0771313227262	0.777250059368	0.142958917122	0.00265970078366
-yam	0.0105263157895	0.978947368421	0.0105263157895	0.0
-yal	0.210620258813	0.610590510189	0.148445634389	0.0303435966086
-yan	0.14344562718	0.424199971909	0.345923871116	0.0864305297948
-yak	0.0771756978653	0.852216748769	0.0656814449918	0.00492610837438
-yaj	0.150030173147	0.756665170904	0.0365172451143	0.0567874108345
-kbò	0.0	1.0	0.0	0.0
-ène	0.454545454545	0.545454545455	0.0	0.0
-067	0.0	0.333333333333	0.0	0.666666666667
-ijè	0.333333333333	0.333333333333	0.0	0.333333333333
-ipè	0.4	0.0	0.6	0.0
-667	0.0	0.181818181818	0.0	0.818181818182
-666	0.025641025641	0.0	0.0	0.974358974359
-ewò	0.0	1.0	0.0	0.0
-ade	0.627907895846	0.188006658559	0.0221953599619	0.161890085633
-052	0.0	0.294117647059	0.0	0.705882352941
-ada	0.0234104046243	0.950867052023	0.0257225433526	0.0
-ado	0.107824264373	0.815070539313	0.0418794721094	0.0352257242042
-òfè	0.0	1.0	0.0	0.0
-mam	0.5625	0.1875	0.25	0.0
-adi	0.136294334778	0.697079120526	0.128229818649	0.0383967260472
-lal	0.0281690140845	0.971830985916	0.0	0.0
-lam	0.0113888010123	0.988611198988	0.0	0.0
-naf	0.181818181818	0.727272727273	0.0	0.090909090909
-sen	0.0931405487238	0.765306865928	0.117306088745	0.0242464966039
-sel	0.0	1.0	0.0	0.0
-fle	0.513662620887	0.350425131434	0.105147011099	0.0307652365808
-sea	0.0	1.0	0.0	0.0
-erè	0.227153609426	0.546738883297	0.145408198665	0.0806993086119
-oum	0.0484429065744	0.891580161476	0.0149942329873	0.0449826989619
-lak	0.0556621880998	0.901151631478	0.0359884836852	0.00719769673704
-sep	0.313432835821	0.671641791045	0.0	0.0149253731343
-ous	0.111515784653	0.700785654999	0.142405335012	0.0452932253356
-blo	0.267759562842	0.693989071038	0.0109289617486	0.0273224043716
-bli	0.474362416107	0.30255033557	0.120805369128	0.102281879195
-uja	0.0833333333333	0.916666666667	0.0	0.0
-ble	0.456172963927	0.245616583117	0.0644862650786	0.233724187877
-bla	0.0362694300519	0.948186528497	0.0155440414508	0.0
-swè	0.0635812509241	0.733845926364	0.0171521514121	0.1854206713
-azò	0.0	0.989256938227	0.0	0.0107430617726
-ozò	0.121212121212	0.878787878788	0.0	0.0
-oup	0.136996601402	0.766474179675	0.0251135372492	0.0714156816747
-azè	0.0367183017785	0.360872059667	0.374067699369	0.228341939185
-mte	0.0	1.0	0.0	0.0
-pèk	0.0944444444444	0.644444444445	0.227777777778	0.0333333333333
-pèj	0.0	1.0	0.0	0.0
-out	0.0398202000933	0.0876508531305	0.0444149781825	0.828113968594
-pèl	0.00464756003098	0.987958594465	0.00633758186043	0.00105626364341
-pès	0.0428571428572	0.957142857143	0.0	0.0
-pèp	0.0117188888095	0.940085474566	0.00962617983153	0.0385694567928
-ouz	0.0187481691241	0.118933697881	0.00571233278	0.856605800215
-pèz	0.498452012384	0.417956656347	0.015479876161	0.0681114551084
-zon	0.15169408837	0.691739121305	0.0758854934265	0.0806812968988
-zoa	0.0	1.0	0.0	0.0
-adè	0.175525339926	0.343634116193	0.38566131026	0.0951792336217
-adò	0.0927974434612	0.882866273353	0.01401179941	0.0103244837758
-zou	0.0	1.0	0.0	0.0
-ewè	0.525037369208	0.24514200299	0.0728699551569	0.156950672646
-flè	0.18574919308	0.774307378857	0.0193590847669	0.0205843432964
-raz	0.0523255813953	0.860465116279	0.0697674418605	0.0174418604651
-ray	0.142881234144	0.759183493907	0.0551816168815	0.0427536550672
-rav	0.215352910871	0.598145285935	0.14322514168	0.0432766615147
-rat	0.00648648648649	0.924324324324	0.00216216216216	0.067027027027
-ras	0.151101005475	0.625200706135	0.110956687655	0.112741600735
-rap	0.249162759545	0.612413485153	0.13038624693	0.00803750837241
-ran	0.495142909629	0.125521257573	0.0429024310927	0.336433401706
-eri	0.732120491647	0.133440889889	0.0500137983739	0.0844248200904
-ral	0.265556040487	0.0254595227652	0.00488047816678	0.704103958581
-ram	0.0308168883445	0.943061393964	0.0215038419537	0.00461787573752
-raj	0.22236322416	0.622274820698	0.105064662855	0.0502972922875
-rak	0.0819673396725	0.825804638653	0.0890550923971	0.00317292927764
-òch	0.0884294914771	0.804688940382	0.083798794898	0.023082773243
-era	0.0228232986268	0.963595895579	0.00316885468538	0.0104119511091
-rad	0.147298504948	0.806113890578	0.0339701282624	0.0126174762118
-iwo	0.16776658562	0.739840222299	0.0892671066342	0.00312608544634
-ere	0.522087394296	0.262325831121	0.156523194335	0.059063580248
-swe	0.270627062706	0.620462046205	0.029702970297	0.0792079207921
-oza	0.0	1.0	0.0	0.0
-swa	0.254713453811	0.534632657885	0.107974300019	0.102679588285
-blè	0.415094339623	0.464622641509	0.0919811320755	0.0283018867925
-oze	0.316645705023	0.58360439679	0.0528283082937	0.0469215898938
-ozo	0.097218239174	0.891597361629	0.011184399197	0.0
-azo	0.0345727816921	0.953539033726	0.00788502038592	0.00400316419592
-azi	0.662736791245	0.247043691719	0.0447962829444	0.0454232340914
-uga	1.0	0.0	0.0	0.0
-aze	0.638063160683	0.174086180741	0.0389787859086	0.148871872667
-aza	0.0222743259086	0.947335197042	0.0110018937686	0.0193885832807
-wèl	0.0640684971951	0.888101564807	0.0478299379982	0.0
-ike	0.632411831847	0.234857131803	0.0717242846917	0.0610067516589
-ika	0.0430004777831	0.858098423316	0.0788342092689	0.0200668896321
-iko	0.00148735746158	0.998512642538	0.0	0.0
-nou	0.0309801902099	0.030705649646	0.00687422188108	0.931439938263
-iki	0.015625	0.3125	0.671875	0.0
-iks	0.0797448165869	0.877192982456	0.0334928229665	0.00956937799043
-nom	0.0	0.6	0.4	0.0
-non	0.0828363228475	0.353798853442	0.00790605736319	0.555458766347
-wèt	0.232657483816	0.628408047126	0.0887728555268	0.0501616135319
-noa	0.0	0.979381443299	0.020618556701	0.0
-noe	0.00913242009131	0.984779299848	0.00304414003044	0.00304414003044
-wès	0.0695517774343	0.696032972695	0.0937660999485	0.140649149923
-pya	0.015625	0.953125	0.03125	0.0
--ir	0.0	1.0	0.0	0.0
-pye	0.113722055997	0.741887826672	0.0269267881324	0.117463329198
-hèk	0.0	1.0	0.0	0.0
-gla	0.0	0.96875	0.03125	0.0
-gle	0.456989361027	0.36013875082	0.0506355887392	0.132236299414
-hèm	0.00818833162743	0.991811668373	0.0	0.0
-hèl	0.0710324232082	0.860814846416	0.0	0.0681527303754
-ton	0.0272607516967	0.952972564567	0.014182115807	0.00558456792942
-gli	0.0	1.0	0.0	0.0
-bos	0.0	1.0	0.0	0.0
-y’a	0.197912781729	0.0312482450083	0.00375738893075	0.767081584332
-hèf	0.0572244571378	0.839309448136	0.057458938057	0.0460071566688
-don	0.144806294752	0.784934623615	0.0372795239438	0.0329795576899
-tot	0.666666666667	0.0	0.333333333333	0.0
-tou	0.10381485662	0.137354788041	0.0517370997298	0.70709325561
-hès	0.0503078143294	0.8740038524	0.0548400498546	0.0208482834158
-von	0.164383561644	0.780821917808	0.054794520548	0.0
-hèt	0.123614814815	0.581866666667	0.120888888889	0.17362962963
-187	0.0	0.0	0.0	1.0
--wè	0.142857142857	0.714285714286	0.0	0.142857142857
-kòd	0.16999740462	0.783285751363	0.0233584220088	0.0233584220088
-kòb	0.0129200144011	0.956226900062	0.0105274191417	0.0203256663948
-kòn	0.0236686390533	0.963313609467	0.00828402366863	0.00473372781066
-kòl	0.145918305229	0.673281792171	0.171668594387	0.00913130821208
-kòm	0.343969713359	0.497566252028	0.142239048134	0.0162249864792
-kòk	0.323192331736	0.639924984372	0.0	0.0368826838925
-ikè	0.166666666667	0.5	0.333333333333	0.0
-kòv	0.0	1.0	0.0	0.0
-kòt	0.167078012217	0.768956439462	0.0425661648833	0.0213993834386
-kòs	0.0757855822551	0.835489833641	0.0887245841035	0.0
-kòz	0.345686055859	0.359612043256	0.0506210938513	0.244080807033
-tid	0.309582309582	0.469901719902	0.17628992629	0.044226044226
-nga	0.195777351247	0.631477927063	0.115163147793	0.0575815738964
-tif	0.403737690242	0.521799462847	0.0602954341988	0.0141674127126
-pyè	0.0259257128936	0.944601023156	0.0136725358308	0.0158007281192
-oèt	0.0243506493506	0.975649350649	0.0	0.0
-’av	0.4	0.6	0.0	0.0
-’ap	0.287257927407	0.0422975897285	0.0120309611792	0.658413521685
-276	0.0	0.125	0.0	0.875
-270	0.0	1.0	0.0	0.0
-273	0.229357798165	0.440366972477	0.0	0.330275229358
-oèd	0.0	1.0	0.0	0.0
-oèg	0.10989010989	0.868131868132	0.0	0.021978021978
-oèl	0.0	1.0	0.0	0.0
-’al	0.636363636364	0.0	0.181818181818	0.181818181818
-sab	0.16007109074	0.547731936463	0.132008956498	0.160188016299
--wi	0.292993630573	0.363057324841	0.305732484077	0.0382165605096
-hyo	0.030303030303	0.969696969697	0.0	0.0
-hya	0.0	1.0	0.0	0.0
-tik	0.0461864998536	0.891374553127	0.0412812158	0.0211577312189
-lek	1.0	0.0	0.0	0.0
-lem	0.5	0.5	0.0	0.0
-len	0.403094832217	0.285744776886	0.258344729344	0.0528156615533
-lea	0.0	1.0	0.0	0.0
-leb	0.0	1.0	0.0	0.0
-olo	0.4	0.6	0.0	0.0
-jat	0.0	1.0	0.0	0.0
-017	0.0	0.0	0.0	1.0
-lfi	0.0354759100342	0.947043206761	0.0	0.0174808832053
-esè	0.225177304965	0.351063829787	0.36524822695	0.0585106382978
-itè	0.0511559088342	0.899928587098	0.0417742138746	0.00714129019309
-ola	0.0134168157424	0.920393559928	0.0590339892665	0.00715563506261
-ida	0.0263036619518	0.963321398608	0.00215061387028	0.00822432556985
-lev	0.0	1.0	0.0	0.0
-'yo	0.693290734824	0.230031948882	0.038338658147	0.038338658147
-spè	0.250364826271	0.617563587205	0.107361880803	0.0247097057217
-bka	0.0	1.0	0.0	0.0
-san	0.0829769798867	0.375630829257	0.0890910107305	0.452301180126
-spò	0.214285714286	0.310344827586	0.327586206897	0.147783251232
-udè	0.0989232839838	0.0659488559893	0.827052489906	0.00807537012114
-127	0.0	0.0	0.0	1.0
-120	0.024064171123	0.048128342246	0.0	0.927807486631
-650	0.0571428571429	0.0857142857142	0.0	0.857142857143
-123	0.0	0.0689655172413	0.0	0.931034482759
-128	0.0	0.0	0.0	1.0
-pen	0.0138044051885	0.974029941949	0.00844374079938	0.00372191206288
-mga	0.0	1.0	0.0	0.0
-pep	0.555023923445	0.272727272727	0.0	0.172248803828
-oga	0.0	1.0	0.0	0.0
-sfè	0.318965517241	0.462643678161	0.103448275862	0.114942528736
-fya	0.0352941176471	0.819607843137	0.145098039216	0.0
-ito	0.314891479234	0.140652650054	0.12831122474	0.416144645972
-esi	0.150556146941	0.185297732955	0.0639392308818	0.600206889222
-721	0.0	0.2	0.0	0.8
-eso	0.0726795096322	0.881494454174	0.0309398715703	0.0148861646235
-iti	0.0856390055241	0.310584195937	0.510758880399	0.0930179181392
-tet	0.352941176471	0.235294117647	0.176470588235	0.235294117647
-esa	0.0	1.0	0.0	0.0
-ite	0.41086455209	0.308884726821	0.0947064794417	0.185544241647
-ese	0.469575078853	0.250500182031	0.160541517525	0.119383221591
-ita	0.725371557616	0.155549721826	0.0138248847926	0.105253835765
-spa	0.0	1.0	0.0	0.0
-spe	0.34375	0.369485294118	0.198529411765	0.0882352941176
-fad	0.0	1.0	0.0	0.0
-fak	0.0	1.0	0.0	0.0
-fan	0.0338123415047	0.966187658495	0.0	0.0
-fal	0.0789473684211	0.921052631579	0.0	0.0
-fam	0.0	0.932773109244	0.0672268907563	0.0
-n'a	0.0807884776476	0.0536982772526	0.0264162949593	0.839096950141
-uda	0.0	1.0	0.0	0.0
-fat	0.0	0.978021978022	0.0	0.021978021978
-ude	0.526315789474	0.157894736842	0.105263157895	0.210526315789
-faz	0.0612244897959	0.918367346939	0.0	0.0204081632653
-udi	0.110943623756	0.730479348809	0.0928549894483	0.0657220379861
-rim	0.129208017124	0.773302198871	0.0718038528896	0.025685931115
-'ka	0.386740331492	0.17679558011	0.223756906077	0.21270718232
-vòl	0.111111111111	0.888888888889	0.0	0.0
-vòs	0.0	1.0	0.0	0.0
-lsè	0.15	0.85	0.0	0.0
-ris	0.0224992292813	0.928947593409	0.0124813855405	0.0360717917689
-kre	0.313131313131	0.546608946609	0.0813852813853	0.0588744588745
-kra	0.0	1.0	0.0	0.0
-tni	0.611026033691	0.293644716692	0.0486217457886	0.0467075038285
-kri	0.288453683889	0.667766988393	0.00277337860746	0.0410059491108
-gˆn	0.0	0.75	0.25	0.0
-vni	0.363636363636	0.545454545455	0.090909090909	0.0
-eas	0.0232558139535	0.963455149502	0.0	0.0132890365448
-tel	0.0	0.6	0.0	0.4
-ize	0.566016433323	0.245059591692	0.0737227659175	0.115201209068
-eab	0.0	1.0	0.0	0.0
-iza	0.0	1.0	0.0	0.0
-eak	0.0	1.0	0.0	0.0
-izo	0.0634920634921	0.825396825397	0.111111111111	0.0
-eam	0.0	0.920792079208	0.0	0.0792079207921
-izi	0.137837837838	0.774324324324	0.0472972972973	0.0405405405406
-ean	0.0	0.63768115942	0.36231884058	0.0
-uri	0.582951372625	0.198005776346	0.180315796327	0.0387270547021
-fòt	0.234194122885	0.547937073315	0.177797566043	0.0400712377561
-fòs	0.178364175465	0.51462748101	0.244513560497	0.0624947830284
-ura	0.0	0.976744186047	0.0232558139535	0.0
-mòk	0.0	0.0	0.0	1.0
-ure	0.652638605501	0.257872052163	0.0533546645685	0.0361346777676
-klò	0.422368421053	0.189473684211	0.364473684211	0.0236842105263
-fòd	0.0	1.0	0.0	0.0
-mòt	0.0147269646813	0.893392414962	0.0860158999088	0.00586472044832
-mòv	0.320388349515	0.533980582524	0.145631067961	0.0
-mòz	0.0	1.0	0.0	0.0
-fòk	0.197996661102	0.156816917084	0.0919309961046	0.55325542571
-fòj	0.430722891566	0.487951807229	0.0813253012048	0.0
--fè	0.666666666667	0.333333333333	0.0	0.0
-zni	0.0	1.0	0.0	0.0
-dèb	0.0491437081161	0.941921072226	0.00893521965748	0.0
-/10	0.571428571429	0.183673469387	0.0	0.244897959184
-9/9	0.846153846154	0.0384615384615	0.0	0.115384615385
-krè	0.0880184331797	0.708525345622	0.187903225806	0.0155529953917
-òpè	0.02	0.9675	0.0125	0.0
-izè	0.450942710227	0.337869422947	0.174206617151	0.0369812496754
-nni	0.223286781422	0.630074699578	0.146638519	0.0
-nno	0.13680781759	0.816286644951	0.0195439739414	0.0273615635179
-kli	0.0	1.0	0.0	0.0
-kle	0.286396181384	0.692124105012	0.0190930787589	0.00238663484487
-nna	0.133333333333	0.866666666667	0.0	0.0
-nng	0.128978916908	0.747002893758	0.124018189334	0.0
-kla	0.0	1.0	0.0	0.0
-nne	0.0177431778169	0.961418904049	0.0120351012324	0.00880281690141
-dèm	0.0	0.988957055215	0.00736196319018	0.0036809815951
-tye	0.118117198762	0.733936230866	0.105477132202	0.0424694381697
-260	0.150510204082	0.122448979592	0.0382653061224	0.688775510204
-gag	0.0704225352112	0.929577464789	0.0	0.0
-tya	0.0121212121212	0.987878787879	0.0	0.0
-mdi	0.123214285714	0.833928571429	0.0321428571428	0.0107142857143
-ajè	0.0637723854926	0.74006178439	0.175127517377	0.0210383127398
-zka	0.0	1.0	0.0	0.0
-3/4	0.547069271758	0.133214920071	0.0213143872114	0.298401420959
-ajò	0.0	1.0	0.0	0.0
-vre	0.391013521333	0.264521549332	0.120780525207	0.223684404129
-000	0.117534151097	0.288694572861	0.0340749907801	0.559696285262
-005	0.0	1.0	0.0	0.0
-392	0.0	0.0	0.0	1.0
-ojè	0.0	0.833333333333	0.166666666667	0.0
-390	0.0	0.0	0.0	1.0
-frè	0.00746759142594	0.940143573514	0.0222667949973	0.0301220400627
-468	0.0	0.25	0.0	0.75
-137	0.0	0.0	0.0	1.0
-'la	0.0	1.0	0.0	0.0
-642	0.0	0.0	0.0	1.0
-133	0.0	0.375	0.0	0.625
-130	0.0	0.307692307692	0.0	0.692307692308
-648	0.0	0.0999999999999	0.0	0.9
-139	0.0	0.25	0.0	0.75
-138	0.0	0.181818181818	0.0	0.818181818182
-480	0.0	0.6	0.0	0.4
-aji	0.392023551251	0.377218606399	0.116218817085	0.114539025265
-aje	0.455988663045	0.390608524679	0.115894223277	0.0375085889988
-aja	0.0105148769079	0.982091850266	0.00739327282584	0.0
-ons	0.29023426051	0.559444408701	0.0447361084304	0.105585222358
-mra	0.0	1.0	0.0	0.0
-mre	0.107913669065	0.892086330935	0.0	0.0
-mri	0.042735042735	0.957264957265	0.0	0.0
-lda	0.0497697829635	0.870138019647	0.0489764077296	0.0311157896599
-lde	0.0282021151586	0.915393654524	0.0564042303173	0.0
-vrè	0.5953307393	0.0544747081712	0.280155642023	0.0700389105059
-fre	0.239882506527	0.485966057441	0.269255874674	0.0048955613577
-oja	0.0	1.0	0.0	0.0
-sga	0.0	1.0	0.0	0.0
-fra	0.0	0.985074626866	0.0149253731343	0.0
-oje	0.178082191781	0.438356164383	0.383561643836	0.0
-oji	0.0	1.0	0.0	0.0
-730	0.0	0.0943396226414	0.0	0.905660377359
-fri	0.608295230402	0.352712423442	0.0224804096889	0.0165119364668
-bji	0.875	0.125	0.0	0.0
-usi	0.0	0.363636363636	0.272727272727	0.363636363636
-usa	0.219996604991	0.252928195553	0.223391614327	0.30368358513
-kmò	0.0	1.0	0.0	0.0
-use	0.560578141195	0.179774167232	0.0712433803728	0.1884043112
-laf	0.0	1.0	0.0	0.0
-sàn	0.397945205479	0.201369863014	0.313698630137	0.0869863013699
-epe	0.0338960652813	0.957051769137	0.00237867124781	0.00667349433414
-epo	0.0416276787548	0.932332199831	0.0144008033412	0.0116393180729
-dès	0.0	0.886775362319	0.0452898550725	0.0679347826087
-epi	0.0800267618136	0.0756423335615	0.0185163489246	0.8258145557
-a-o	0.632447296059	0.23006416132	0.0549954170486	0.0824931255728
-wil	0.0844537396674	0.813365202669	0.102181057664	0.0
-gnè	0.424757281553	0.283980582524	0.174757281553	0.116504854369
-wif	0.0231747821105	0.789355205359	0.138443120467	0.0490268920637
-ièl	0.018648530057	0.961276875823	0.0138218516893	0.00625274243089
-ièm	0.0160204318551	0.116786626422	0.861620617599	0.00557232412352
-wiz	0.0	1.0	0.0	0.0
-wiv	0.723634914663	0.182613902734	0.0131561080181	0.0805950745847
-wit	0.09751127633	0.697957042165	0.0412924990729	0.163239182432
-wis	0.0930232558139	0.813953488372	0.093023255814	0.0
-enè	0.280888030888	0.470077220077	0.240347490347	0.00868725868725
-usè	0.0512597741095	0.657688966117	0.26875181002	0.0222994497538
-lab	0.0	1.0	0.0	0.0
-tsa	0.0	1.0	0.0	0.0
-ènè	0.0387053270398	0.945515846258	0.00445043830075	0.0113283884019
-sòn	0.108783239323	0.362610797744	0.290894439968	0.237711522965
-gèl	0.0	1.0	0.0	0.0
-sòl	0.0503564558108	0.931537852212	0.00667647391648	0.0114292180604
-sòm	0.0424506999849	0.925033870239	0.0	0.0325154297757
-sòf	0.0	0.666666666667	0.0	0.333333333333
-lòt	0.0246467456101	0.182044447513	0.330360744728	0.462948062149
-lòp	0.0	0.666666666666	0.333333333333	0.0
-lòs	0.134941686666	0.821481200792	0.0132625994695	0.0303145130731
-lòm	0.363808921227	0.296108826321	0.0695982284087	0.270484024043
-lòl	0.0	1.0	0.0	0.0
-lòn	0.0141176470588	0.939952941176	0.0290509803921	0.0168784313725
-epò	0.336580766813	0.366436203646	0.277184160905	0.0197988686361
-lòk	0.0717781402937	0.804241435563	0.123980424144	0.0
-lòj	0.182335659199	0.662871832538	0.116782959971	0.0380095482923
-lòd	0.524780444146	0.445134343943	0.00574294717607	0.024342264735
-sòt	0.0787508486083	0.594161575017	0.297759674134	0.0293279022403
-lòf	0.333333333333	0.666666666667	0.0	0.0
-sòs	0.069587628866	0.899484536083	0.0	0.0309278350515
-ksa	0.232240437158	0.459016393443	0.0464480874317	0.262295081967
-tam	0.00476947535772	0.988871224165	0.00317965023847	0.00317965023848
-tan	0.126855415794	0.358834736033	0.127857096829	0.386452751345
-hwa	0.0411399185773	0.940861367045	0.0179987143775	0.0
-kse	0.484907904465	0.156996367611	0.0906490083256	0.267446719599
-taj	0.178505106778	0.655756731662	0.11364902507	0.0520891364903
-tak	0.214629483959	0.697446437785	0.0381892461113	0.049734832145
-tad	0.0245796952439	0.813989541581	0.12289847622	0.0385322869559
-tab	0.198248357835	0.68545511417	0.0806380982171	0.0356584297779
-tay	0.156299782665	0.77495654697	0.0345671297007	0.0341765406645
-tat	0.0	1.0	0.0	0.0
-lèp	0.00958904109589	0.88904109589	0.0986301369863	0.0027397260274
-tap	0.727272727273	0.272727272727	0.0	0.0
-tas	0.0106524633822	0.965379494008	0.0239680426098	0.0
-eny	0.167832167832	0.710227272727	0.0393356643357	0.0826048951049
-enz	0.0315997366689	0.163265306122	0.15097651964	0.654158437569
-ent	0.281573819148	0.475822935583	0.153419639545	0.0891836057251
-enp	0.197556537562	0.391473875747	0.187678710684	0.223290876007
-962	0.0	0.181818181818	0.0	0.818181818182
-ens	0.0864255861766	0.688009763377	0.115387351757	0.11017729869
-enm	0.31408943735	0.0567694087722	0.0767962057164	0.552344948162
-enn	0.303453141991	0.278565468433	0.0905587957036	0.327422593872
-eni	0.651937542228	0.277001016435	0.0620118632128	0.00904957812435
-enk	0.0703361585018	0.0891928408817	0.120191862775	0.720279137842
-end	0.0	1.0	0.0	0.0
-ene	0.0297239915074	0.876857749469	0.0891719745223	0.00424628450106
-eng	0.117151607963	0.733537519142	0.140122511485	0.00918836140888
-ena	0.0174029451138	0.931726907631	0.00267737617134	0.0481927710843
-èks	0.393939393939	0.310606060606	0.265151515152	0.030303030303
-okò	0.0103092783505	0.989690721649	0.0	0.0
-hen	0.119297694523	0.824027660412	0.0470740221301	0.00960062293442
-815	0.0	0.111111111111	0.0	0.888888888889
-èka	0.109090909091	0.845454545455	0.0454545454545	0.0
-818	0.0	0.0	0.0	1.0
-hef	0.0	1.0	0.0	0.0
-jòk	0.2	0.75	0.05	0.0
-nsi	0.592269739018	0.305612508102	0.099472215241	0.00264553763939
-nse	0.688995094092	0.183082047702	0.0423198052635	0.0856030529422
-nsa	0.0361839804991	0.0618894567878	0.0252987147934	0.87662784792
-two	0.037422037422	0.962577962578	0.0	0.0
-250	0.0	0.0555555555556	0.0	0.944444444444
-254	0.0	0.0249999999999	0.0	0.975
-nan	0.00472412624094	0.00682239671131	0.00245326419487	0.986000212853
-kam	0.0	0.980744544288	0.00385109114249	0.01540436457
-nme	0.0	0.843137254902	0.156862745098	0.0
-928	0.0	0.692307692307	0.0	0.307692307693
-nma	0.0	1.0	0.0	0.0
-nmn	0.982161594963	0.0178384050367	0.0	0.0
-nmm	0.711711711712	0.135135135135	0.0	0.153153153153
-nmi	0.0376635323699	0.745028154394	0.0412787913972	0.176029521839
-èyi	0.249514563107	0.527184466019	0.131067961165	0.0922330097088
-laj	0.146576663452	0.465284474445	0.323529411765	0.0646094503375
-fis	0.384391971261	0.565795223397	0.0378804603361	0.0119323450059
-msi	0.55608365019	0.234790874525	0.0285171102662	0.180608365019
-den	0.0302700290853	0.939422494371	0.0123077314137	0.0179997451303
-zèt	0.4	0.6	0.0	0.0
-oko	0.234805045872	0.120484518349	0.0866542431192	0.558056192661
-nad	0.0	1.0	0.0	0.0
-lga	0.0281690140846	0.971830985915	0.0	0.0
-oke	0.444104134763	0.424196018377	0.128637059724	0.0030627871363
-kil	0.389640690621	0.295846943537	0.286514232384	0.0279981334578
-oka	0.0692124105012	0.890214797136	0.0214797136038	0.0190930787589
-èkè	0.0	1.0	0.0	0.0
-naz	0.0	0.9836400818	0.0163599182004	0.0
-bit	0.150250417362	0.729549248748	0.12020033389	0.0
-bis	0.00550964187327	0.980716253444	0.0110192837466	0.00275482093664
-bip	0.266666666667	0.2	0.0	0.533333333333
-biz	0.110055423595	0.8495645289	0.021377672209	0.0190023752969
-bid	0.0	1.0	0.0	0.0
-nsè	0.128238341969	0.114637305699	0.60621761658	0.150906735751
-bin	0.0	1.0	0.0	0.0
-bil	0.059405940594	0.866336633663	0.0742574257426	0.0
-bim	0.0	1.0	0.0	0.0
-bik	0.0	1.0	0.0	0.0
-100	0.124480605399	0.177374706934	0.163021715917	0.535122971749
-105	0.0	0.647058823529	0.0	0.352941176471
-zèn	0.0152983171851	0.947985721571	0.0336562978072	0.00305966343702
-10%	0.275862068966	0.724137931034	0.0	0.0
-jin	0.0	0.8	0.0	0.2
-jio	0.109090909091	0.890909090909	0.0	0.0
-jil	0.24080604534	0.529471032746	0.194458438287	0.0352644836272
-jij	0.120246562352	0.798198198198	0.0561403508772	0.0254148885728
-jid	0.00691244239631	0.979262672811	0.0	0.0138248847926
-nmè	0.0214179464747	0.920653124839	0.0488005704918	0.00912835819432
-èyè	0.286743684433	0.132101169066	0.107936869831	0.47321827667
-034	0.0	0.2	0.0	0.8
-nmò	0.0782485131155	0.643353998831	0.256372116476	0.0220253715779
-men	0.14881813526	0.253785362352	0.0250965845542	0.572299917833
-jis	0.204424017852	0.330409237005	0.430343726329	0.0348230188138
-jip	0.00221187963688	0.95680690598	0.04018248007	0.000798734313319
-yda	0.00611620795108	0.993883792049	0.0	0.0
-aye	0.651209226156	0.22065727145	0.0741227197268	0.0540107826677
-aya	0.229801972743	0.665838415782	0.0495444620134	0.0548151494616
-òti	0.186260140623	0.0161413986146	0.0152681860937	0.782330274669
-ayi	0.359854837357	0.593856355042	0.0105925219613	0.0356962856402
-743	0.0	0.288659793814	0.0	0.711340206186
-745	0.0	0.636363636364	0.0	0.363636363636
-jèm	0.150753768844	0.27135678392	0.517587939699	0.0603015075377
-jèl	0.0298507462687	0.970149253731	0.0	0.0
-jèn	0.168128212882	0.324765648624	0.0839129120049	0.423193226489
-sra	0.0	1.0	0.0	0.0
-ubi	0.0579710144928	0.797101449275	0.0	0.144927536232
-uba	0.0	0.972222222222	0.0277777777777	0.0
-jès	0.438596491228	0.41052631579	0.0701754385964	0.0807017543859
-ube	0.666666666667	0.333333333333	0.0	0.0
-ònè	0.261363636364	0.272727272727	0.102272727273	0.363636363636
-lma	0.321428571428	0.678571428572	0.0	0.0
-ako	0.133333333333	0.8	0.0	0.0666666666667
-aki	0.0427569931284	0.911431942806	0.0305407093774	0.0152703546887
-ake	0.450976404589	0.218330712723	0.0190469576949	0.311645924993
-nòt	0.0277777777778	0.948588709677	0.00739247311828	0.0162410394265
-nòs	0.0129014791727	0.980308268631	0.00679025219614	0.0
-aka	0.157829500069	0.695909654318	0.0763898452922	0.0698710003214
-nòk	0.0420219244823	0.950669914738	0.00730816077954	0.0
-nòd	0.0	1.0	0.0	0.0
-aks	0.103810726489	0.880589808349	0.0133709701382	0.00222849502303
-nòb	0.0	1.0	0.0	0.0
-gon	0.0508928571428	0.917142857143	0.0133928571429	0.0185714285714
-goa	0.0	1.0	0.0	0.0
-ayè	0.14746235892	0.786680665251	0.0314968145267	0.0343601613019
-gou	0.116889117043	0.475718685832	0.397535934292	0.00985626283368
-aèl	0.0	1.0	0.0	0.0
-eou	0.0157136621563	0.980357922305	0.0	0.00392841553906
-eon	0.051282051282	0.880341880342	0.0	0.0683760683761
-òne	0.68085106383	0.212765957447	0.063829787234	0.0425531914894
-ònn	0.534246575342	0.328767123288	0.0547945205479	0.0821917808219
-w’a	0.25722692474	0.12107626445	0.0255888217986	0.596107989011
-k'a	0.4	0.4	0.0	0.2
-upe	0.619507194801	0.112486461396	0.0221066068389	0.245899736964
-upa	0.00176020183648	0.982397981635	0.0105612110189	0.00528060550944
-upo	0.6	0.4	0.0	0.0
-upi	0.527454242928	0.32612312812	0.0981697171381	0.0482529118137
-bès	0.00732600732601	0.96336996337	0.029304029304	0.0
-bèt	0.0642628258274	0.862047738277	0.0251093863998	0.0485800494959
-bèy	0.75	0.25	0.0	0.0
-ame	0.0645235974404	0.866485107364	0.0376848678473	0.0313064273481
-bèz	0.0	1.0	0.0	0.0
-bèd	0.135766423358	0.864233576642	0.0	0.0
-bèf	0.018282226201	0.955352083947	0.0188865973151	0.00747909253678
-bèk	0.217391304348	0.652173913044	0.0	0.130434782609
-akò	0.464995134541	0.28748519208	0.112794042985	0.134725630394
-pte	0.534014755117	0.192715811757	0.0759148110984	0.197354622028
-pta	0.0579710144928	0.942028985507	0.0	0.0
-tre	0.711925163335	0.186597136762	0.0124594398972	0.0890182600066
-gad	0.10517618469	0.806318347509	0.0351397326853	0.0533657351154
-tra	0.0280304643687	0.93446712708	0.0205867737585	0.0169156347927
-gan	0.139412997904	0.244234800839	0.603773584906	0.0125786163522
-gam	0.0185185185185	0.981481481482	0.0	0.0
-gal	0.00333259275717	0.888358142635	0.0966451899578	0.0116640746501
-tri	0.09009009009	0.873873873874	0.036036036036	0.0
-gaj	0.0121321631389	0.794785751162	0.191533298916	0.00154878678369
-ltè	0.265692977839	0.714074258185	0.017197849379	0.0030349145963
-gas	0.0	0.768240343348	0.0171673819742	0.214592274678
-gaz	0.0490780944415	0.876013235095	0.0645764400546	0.0103322304087
-gay	0.0697043741485	0.655847631287	0.0234989024416	0.250949092123
-ini	0.608641835997	0.157507689027	0.0759395364893	0.157910938487
-bel	0.0	1.0	0.0	0.0
-ina	0.0771971496437	0.833729216152	0.00593824228029	0.083135391924
-ofi	0.0895091434072	0.861405197305	0.0490856592878	0.0
-ine	0.319466385817	0.619975425663	0.0605581885203	0.0
-ing	0.13	0.55	0.3	0.02
-iny	0.288990825688	0.509174311927	0.155963302752	0.045871559633
-800	0.135294117647	0.0	0.035294117647	0.829411764706
-807	0.0	0.478260869565	0.0	0.521739130435
-èjè	0.2	0.2	0.6	0.0
-kna	0.0	1.0	0.0	0.0
-ofe	0.635933806147	0.204255319149	0.150354609929	0.00945626477541
-bef	1.0	0.0	0.0	0.0
-ofa	0.0293637846656	0.941272430669	0.0293637846655	0.0
-eyò	0.168747099917	0.161516911776	0.0982390373416	0.571496950965
-ptè	0.0396056425182	0.937318342626	0.013256434066	0.00981958078963
-nlè	0.483578150946	0.303611740823	0.0411890532061	0.171621055025
-yes	0.0833333333333	0.416666666667	0.0	0.5
-trè	0.10207852194	0.133842600817	0.0443062710961	0.719772606147
-930	0.063829787234	0.170212765957	0.0638297872341	0.702127659574
-dre	0.0153631284916	0.95251396648	0.0216480446927	0.0104748603352
-lti	0.133729569094	0.866270430906	0.0	0.0
-lto	0.547550432277	0.409221902017	0.014409221902	0.028818443804
-mbe	0.5	0.5	0.0	0.0
-yen	0.181685065194	0.363374311236	0.142700144127	0.312240479443
-lta	0.243780597462	0.57438305525	0.149865121391	0.0319712258967
-dri	0.0654205607477	0.542056074766	0.373831775701	0.018691588785
-lte	0.515706094617	0.384210489628	0.0920593932569	0.00802402249824
-inè	0.191796008869	0.40022172949	0.352549889135	0.0554323725056
-nfò	0.0	0.555555555556	0.444444444444	0.0
-èja	0.285714285714	0.142857142857	0.571428571429	0.0
-inò	0.0550819672131	0.935081967213	0.00196721311476	0.00786885245902
-òmi	0.408078201757	0.326130104699	0.0935096511685	0.172282042376
-245	0.0	0.336609336609	0.0	0.663390663391
-247	0.0	0.272727272727	0.0	0.727272727273
-nri	0.149253731343	0.597014925373	0.208955223881	0.044776119403
-242	0.0	1.0	0.0	0.0
--dò	0.0	1.0	0.0	0.0
-nre	0.222509702458	0.692108667529	0.0698576972833	0.0155239327296
-119	0.0	0.0	0.0	1.0
-110	0.0	0.090909090909	0.0	0.909090909091
-112	0.0	0.056338028169	0.056338028169	0.887323943662
-023	0.0	0.444444444445	0.111111111111	0.444444444444
-sas	0.444444444444	0.555555555556	0.0	0.0
-say	0.394101540455	0.530408488877	0.0246640051836	0.0508259654844
-oli	0.438811665304	0.346080466277	0.119504371344	0.0956034970752
-maz	0.0196078431373	0.980392156863	0.0	0.0
-lfe	0.0	1.0	0.0	0.0
-saf	0.0505359877488	0.931087289433	0.0183767228178	0.0
-sad	0.048502994012	0.91377245509	0.0323353293413	0.00538922155689
-sak	0.170841343355	0.318659257219	0.025868702845	0.484630696581
-saj	0.366356641995	0.5605765485	0.0271717958707	0.0458950136345
-750	0.25	0.0	0.0	0.75
-ole	0.47998256345	0.380075281614	0.0924067974869	0.0475353574493
-sam	0.0363636363636	0.963636363636	0.0	0.0
-sal	0.195044655719	0.370210314031	0.375972342264	0.0587726879862
-ffè	0.5	0.0	0.5	0.0
-kiz	0.184931506849	0.728767123288	0.0835616438356	0.0027397260274
-dèn	0.142857142857	0.857142857143	0.0	0.0
-mas	0.0464745094358	0.900103276688	0.0460989578443	0.00732325603229
-dèl	0.164853556485	0.722056186491	0.0722056186492	0.0408846383742
-dèk	0.0588842975206	0.894628099174	0.0247933884297	0.021694214876
-mat	0.0124903623747	0.880185042406	0.0	0.10732459522
-ièd	0.0	0.0153452685422	0.984654731458	0.0
-tòb	0.0	1.0	0.0	0.0
-tòn	0.0239520958084	0.808383233533	0.0958083832335	0.0718562874252
-tòt	0.0288065843621	0.971193415638	0.0	0.0
-maj	0.112261006841	0.711103315208	0.150324504473	0.0263111734783
-830	0.0	0.111111111111	0.0	0.888888888889
-ksè	0.234096692112	0.394402035623	0.298982188295	0.0725190839694
-zki	0.0	1.0	0.0	0.0
-tòy	0.03125	0.96875	0.0	0.0
-tòz	0.00518806744488	0.0916558581929	0.201469952443	0.70168612192
-lfò	0.166666666667	0.833333333333	0.0	0.0
-dwi	0.114285714286	0.342857142857	0.0857142857142	0.457142857143
-olè	0.382402707276	0.393401015229	0.148054145516	0.0761421319797
-lfè	0.0	1.0	0.0	0.0
-725	0.0	0.333333333333	0.0	0.666666666667
-yyo	0.5	0.5	0.0	0.0
-mab	0.0	0.967213114754	0.0327868852459	0.0
-sse	0.5	0.0	0.0	0.5
-uch	0.12694334582	0.703515486976	0.0700888102122	0.0994523569918
-maf	0.305084745763	0.694915254237	0.0	0.0
-rye	0.376028853085	0.461276818139	0.14330520013	0.0193891286465
-rya	0.0	0.988325740319	0.0102505694761	0.00142369020501
-ryo	0.249056603773	0.649056603774	0.0679245283019	0.0339622641509
-162	0.0	0.142857142857	0.0	0.857142857143
-dòt	0.110817941953	0.503957783641	0.306068601583	0.0791556728232
-dòs	0.018691588785	0.981308411215	0.0	0.0
-bra	0.217701125684	0.724723742642	0.0444077248786	0.0131674067954
-dòd	0.0	0.970588235294	0.0	0.0294117647059
-dòm	0.0206948980741	0.973638641739	0.00566646018697	0.0
-dòl	0.0515942318248	0.865375979243	0.0715034179931	0.0115263709396
-dòn	0.0	1.0	0.0	0.0
-dòk	0.00525854513585	0.984224364592	0.0105170902717	0.0
-zye	0.0171184022825	0.892058963386	0.00142653352354	0.0893961008084
-zya	0.02	0.98	0.0	0.0
-aam	0.0	0.935483870968	0.0	0.0645161290322
-chi	0.250480057058	0.486201788556	0.237806550721	0.0255116036649
-cho	0.242129992169	0.407674236492	0.301644479248	0.0485512920908
-cha	0.0554524127764	0.906100988845	0.0313812330439	0.00706536533445
-che	0.487456441165	0.34668812625	0.0559997537298	0.109855678856
-iyo	0.076923076923	0.923076923077	0.0	0.0
-eli	0.0144076840982	0.971260862936	0.00343040097575	0.0109010519896
-òme	0.597933513028	0.291554357592	0.0646900269542	0.0458221024259
-iye	0.638844268	0.274480890352	0.0513823972958	0.0352924443525
-ela	0.0112412177986	0.988758782201	0.0	0.0
-iya	0.0554532056006	0.874263080324	0.0548084008843	0.0154753131909
-ele	0.77149466615	0.17934570637	0.0158998467412	0.0332597807385
-vwa	0.334232491799	0.537988713874	0.0745012919008	0.0532775024265
-vwe	0.323516085184	0.40462165836	0.231082917988	0.0407793384685
-832	0.0	0.25	0.0	0.75
-ryè	0.339719029374	0.167305236271	0.458492975735	0.0344827586207
-awo	0.0	0.818181818182	0.103896103896	0.0779220779221
--sa	0.266666666667	0.733333333333	0.0	0.0
-tal	0.0917925126734	0.677095049494	0.206485178334	0.0246272594978
-zyè	0.122031766001	0.160717093883	0.595691146407	0.12155999371
-jyo	0.04	0.96	0.0	0.0
-pwa	0.252267436806	0.731577981474	0.0104316581507	0.00572292356879
-zyò	0.0	1.0	0.0	0.0
-chè	0.0687758771848	0.804047859726	0.0905977884695	0.03657847462
-nch	0.0235454876818	0.780014092858	0.0246154698935	0.171824949566
-zwa	0.199626865671	0.684701492538	0.070895522388	0.044776119403
-vat	0.0	1.0	0.0	0.0
-kob	1.0	0.0	0.0	0.0
-900	0.0	0.0	0.0	1.0
-vay	0.313645572972	0.581250387093	0.0406634579174	0.0644405820171
-905	0.0	0.863636363636	0.0	0.136363636364
-kou	0.0848765686672	0.117658697728	0.0307901224634	0.766674611141
-kot	0.31637730072	0.0709787411711	0.0266750171068	0.585968941002
-elè	0.669724770642	0.330275229358	0.0	0.0
-iyè	0.545166759882	0.440046492286	0.00529571899088	0.00949102884079
-vad	0.0	1.0	0.0	0.0
-vaj	0.163968110463	0.734390838607	0.0753404016328	0.0263006492973
-òmè	0.0	1.0	0.0	0.0
-van	0.121505380506	0.286850631472	0.0684288431466	0.523215144875
-val	0.379679144385	0.470588235294	0.0962566844921	0.0534759358289
-koz	0.204678362573	0.377192982456	0.252923976608	0.165204678363
-liy	0.288888888889	0.533333333333	0.111111111111	0.0666666666667
-liz	0.0147421556817	0.965180978604	0.00682613434291	0.0132507313715
-lit	0.0704383664293	0.803671787186	0.112401648557	0.0134881978269
-345	0.0	0.0	0.0	1.0
-liv	0.167979210503	0.731800418349	0.034591975415	0.0656283957331
-lip	0.0259993753904	0.968379138039	0.000468457214241	0.00515302935665
-lis	0.129508499736	0.19423789102	0.343133663146	0.333119946099
-lil	0.22219946754	0.721277902929	0.0311284046693	0.0253942248618
-lim	0.0199875078076	0.946283572767	0.0337289194253	0.0
-lin	0.0352353186172	0.893294460641	0.054977092878	0.0164931278634
-omo	0.105843439912	0.386990077177	0.493936052922	0.013230429989
-lik	0.0626252983293	0.693747016706	0.107112171838	0.136515513127
-jez	0.0952380952381	0.47619047619	0.0	0.428571428571
-lie	0.305771592304	0.620548505935	0.0442079410561	0.029471960704
-oma	0.0	1.0	0.0	0.0
-ome	0.0	0.948616600791	0.0474308300395	0.00395256916996
-kèd	0.0	0.8	0.2	0.0
-kèk	0.0994922741765	0.0941637331646	0.120223103208	0.686120889451
-kèl	0.0	0.956140350877	0.0	0.0438596491228
-kèm	0.0	1.0	0.0	0.0
-230	0.307692307692	0.0	0.692307692308	0.0
-232	0.166666666667	0.0	0.0	0.833333333333
-kès	0.191701244813	0.763485477179	0.0348547717842	0.00995850622406
-kèt	0.213618131623	0.649664710976	0.0788230132134	0.0578941441879
-kèy	0.0654545454546	0.869090909091	0.0436363636363	0.0218181818182
-slè	0.0	1.0	0.0	0.0
-168	0.0	0.423076923077	0.115384615385	0.461538461539
-lwe	0.638518518519	0.2	0.117037037037	0.0444444444444
-lwa	0.0313695838597	0.935676509863	0.018436818647	0.0145170876298
-160	0.0	0.25	0.0	0.75
-693	0.0	0.766666666667	0.233333333333	0.0
-690	0.0	0.111111111111	0.0	0.888888888889
-165	0.0	1.0	0.0	0.0
-koa	0.0	0.977900552486	0.0	0.0220994475138
-paj	0.0083179297597	0.975970425139	0.0157116451016	0.0
-pak	0.137877585666	0.844500212205	0.00723340652853	0.0103887956009
-pal	0.0	0.932203389831	0.0	0.0677966101695
-pan	0.0222359481161	0.949557339922	0.0282067119621	0.0
-bya	0.0	0.991741225052	0.00825877494838	0.0
-pab	0.1863534824	0.0969294328619	0.267346856589	0.449370228149
-pad	0.0	1.0	0.0	0.0
-jwe	0.562748602064	0.390730385657	0.0259410849138	0.020579927365
-paz	0.0	1.0	0.0	0.0
-jwa	0.0	1.0	0.0	0.0
-pap	0.173913043478	0.478260869565	0.0869565217391	0.260869565217
-pas	0.0989762541948	0.843252198292	0.0407799158915	0.0169916316214
-pat	0.418129869813	0.0512185652511	0.00871325912979	0.521938305806
-jwi	0.502581755594	0.323580034423	0.0929432013769	0.0808950086059
-580	0.0	0.0	0.0	1.0
-766	0.0	0.213483146067	0.0	0.786516853933
-kon	0.0481586402267	0.883852691218	0.0679886685553	0.0
-760	0.125	0.458333333333	0.0	0.416666666667
-omò	0.0767234988881	0.836916234248	0.0700518902891	0.0163083765752
-omè	0.0	0.968253968254	0.0317460317461	0.0
-iyò	0.0877192982457	0.350877192982	0.421052631579	0.140350877193
-yòb	0.0	1.0	0.0	0.0
-did	0.190476190476	0.809523809524	0.0	0.0
-dig	0.666666666667	0.166666666667	0.166666666667	0.0
-dim	0.167837949566	0.806118230674	0.0124018189334	0.0136420008268
-din	0.0	1.0	0.0	0.0
-màn	0.0323741007194	0.960431654676	0.0	0.00719424460432
-sle	0.0181818181818	0.981818181818	0.0	0.0
-dis	0.030200999898	0.0766248342006	0.00979491888583	0.883379247016
-fen	0.15029089653	0.701678101598	0.132859681086	0.0151713207854
-sli	0.0	1.0	0.0	0.0
-diz	0.233848314607	0.730337078652	0.0358146067416	0.0
-lba	0.0	1.0	0.0	0.0
-zri	0.0	1.0	0.0	0.0
-byè	0.0	1.0	0.0	0.0
-ego	0.0	1.0	0.0	0.0
-ema	0.00403225806451	0.979838709677	0.00806451612902	0.00806451612902
-èzè	0.4	0.4	0.0	0.2
-emi	0.111554284792	0.788310372953	0.0390251772446	0.0611101650099
-tba	0.338028169014	0.661971830986	0.0	0.0
-set	0.0	1.0	0.0	0.0
-nbè	0.365853658537	0.634146341463	0.0	0.0
-òlt	0.37037037037	0.555555555556	0.074074074074	0.0
-jen	0.0	0.777777777778	0.0	0.222222222222
-rèn	0.0154320987654	0.972222222222	0.00925925925926	0.00308641975309
-lòg	0.0	1.0	0.0	0.0
-ilè	0.132147899912	0.228129728402	0.0919336841003	0.547788687585
