-eba	0.0	1.0	0.0	0.0
-can	0.0975178492492	0.106901263178	0.105220151903	0.69036073567
-hem	0.0	1.0	0.0	0.0
-hen	0.133041242488	0.68947697354	0.129115894975	0.0483658889972
-ryu	0.0214198286414	0.635862913097	0.299877600979	0.0428396572827
-asi	0.466720128308	0.353648757017	0.133921411387	0.0457097032879
-rbe	0.383408071749	0.582959641256	0.0201793721973	0.0134529147982
-ɗan	0.0204783793849	0.650055595174	0.104933205988	0.224532819453
-rbi	0.438997143712	0.554319882179	0.00445531607285	0.00222765803643
-btu	0.36301369863	0.246575342466	0.369863013699	0.0205479452055
-ufu	0.00403429147756	0.991931417045	0.00302571860817	0.00100857286939
-oye	0.635747482572	0.146785437645	0.12354763749	0.0939194422929
-oya	0.876647550055	0.0961867391085	0.0132810141865	0.0138846966496
-shi	0.112662301895	0.0780277889877	0.0184001325921	0.790909776525
-oyo	0.408080808081	0.50303030303	0.0646464646464	0.0242424242424
-nsu	0.14796602562	0.392551636398	0.0942613193682	0.365221018613
-zir	0.235124760077	0.74472168906	0.0201535508637	0.0
-asu	0.108122816614	0.133011281865	0.0341830918204	0.724682809701
-oyi	0.254811252911	0.688838322582	0.0193201455451	0.0370302789614
-zin	0.606339144216	0.27765451664	0.00855784469097	0.107448494453
-ufe	0.579889576711	0.105404048854	0.0259327421784	0.288773632257
-zil	0.84126984127	0.126984126984	0.0	0.031746031746
-rƙe	0.878891854111	0.099758546194	0.021349599695	0.0
-bta	0.246887228744	0.331554606901	0.386339381003	0.0352187833512
-ufa	0.391575133054	0.29260559393	0.254557807723	0.0612614652927
-iɗe	0.446058091286	0.42531120332	0.0414937759336	0.0871369294605
-rƙa	0.0210396039604	0.97896039604	0.0	0.0
-rƙo	0.386680988185	0.226638023631	0.322234156821	0.0644468313641
-ufo	0.38517618469	0.102065613609	0.111786148238	0.400972053463
-aul	0.15	0.775	0.025	0.05
-nti	0.0685773817299	0.840097617235	0.0250892859987	0.0662357150368
-zub	0.588235294118	0.302402651201	0.0944490472245	0.0149130074565
-mun	0.162811555583	0.0640892467542	0.0206489629019	0.752450234761
-nto	0.530472103004	0.246351931331	0.109871244635	0.11330472103
-nta	0.386799329408	0.363254181116	0.133819186056	0.11612730342
-hƙu	0.00204708290686	0.997952917093	0.0	0.0
-leg	0.0	1.0	0.0	0.0
-ntu	0.421999379717	0.144422619663	0.300837382405	0.132740618216
-āga	0.317857142857	0.435714285714	0.246428571429	0.0
-ide	0.676751592357	0.205414012739	0.0207006369427	0.0971337579618
-tas	0.0062926661836	0.988902025094	0.00251706647344	0.00228824224858
-'ir	0.0	0.987341772152	0.0	0.0126582278481
-'in	0.0541244293341	0.227214581758	0.0531692923458	0.665491696562
-nmu	0.111409150486	0.464761077412	0.0363362493777	0.387493522724
-sma	0.732381021791	0.244880110779	0.0194592230887	0.00327964434079
-ggu	0.0967741935484	0.0806451612903	0.725806451613	0.0967741935484
-msa	0.859804873538	0.130762472835	0.000971008461641	0.00846164516575
-imu	0.00490196078431	0.995098039216	0.0	0.0
-mur	0.0106951871658	0.957219251337	0.0320855614973	0.0
-den	0.157179746267	0.827102279106	0.00785898731337	0.00785898731334
-400	0.468495897226	0.32877882152	0.0311885048082	0.171536776445
-ima	0.107675812151	0.782705167006	0.0959200886434	0.0136989321999
-der	0.333333333333	0.235294117647	0.078431372549	0.352941176471
-des	0.0127172530733	0.82761056945	0.142715840045	0.0169563374311
-oki	0.124809232404	0.756089274478	0.0928458923983	0.0262556007192
-aka	0.327605544383	0.172829034782	0.061144268951	0.438421151885
-āta	0.756388415673	0.20272572402	0.0408858603066	0.0
-imi	0.200290275762	0.713497822932	0.0792452830189	0.00696661828738
-sit	0.18253968254	0.0555555555555	0.734126984127	0.0277777777778
-oka	0.335689045936	0.618926678445	0.0265017667845	0.0188825088339
-rwa	0.364043213846	0.464706829906	0.145909673417	0.0253402828311
-ido	0.248716645566	0.581465565202	0.0328920659074	0.136925723325
-eci	0.808432630614	0.144821264895	0.0	0.0467461044913
-obi	0.026904592177	0.913767332766	0.0462207096374	0.0131073654195
-obo	0.0942857142857	0.725714285714	0.18	0.0
-lle	0.203426883002	0.0863701350728	0.095264384217	0.614938597708
-idi	0.31741484516	0.607242100438	0.00945369123672	0.065889363165
-lli	0.089861751152	0.744239631337	0.165898617511	0.0
-oba	0.156351791531	0.599348534202	0.224755700326	0.0195439739414
-llo	0.386177413609	0.521197007481	0.0199501246883	0.0726754542216
-ece	0.836957813428	0.128342245989	0.0190136660725	0.0156862745098
-obe	0.0181218826047	0.866933604874	0.0838784280561	0.0310660844653
-bin	0.118940374347	0.29761798637	0.0409213588144	0.542520280468
-idu	0.102601156069	0.829479768786	0.0231213872832	0.0447976878613
-fta	0.727350917431	0.184059633028	0.0341169724771	0.0544724770643
-bba	0.0585214899714	0.473214899713	0.43782234957	0.030441260745
-uta	0.425367829615	0.423954407877	0.104535517887	0.0461422446209
-ria	0.572519083969	0.106870229008	0.18320610687	0.137404580153
-rin	0.11855103118	0.382683388473	0.0773323114629	0.421433268885
-eji	0.0124875124875	0.876123876124	0.0939060939061	0.0174825174825
-bbi	0.174603174603	0.619047619048	0.0	0.206349206349
-uto	0.965992482549	0.0221943798103	0.0	0.011813137641
-a'u	0.0325379609545	0.954446854664	0.0	0.0130151843818
-a'i	0.0655581947743	0.887173396675	0.0351543942993	0.0121140142518
-ris	0.0	1.0	0.0	0.0
-utu	0.632035788209	0.156417618126	0.176181255703	0.0353653379627
-a'a	0.0880553509081	0.678993561613	0.0374771773599	0.195473910119
-zgo	0.862745098039	0.0980392156863	0.0392156862745	0.0
-wam	0.0	0.96992481203	0.0	0.03007518797
-jin	0.400265645981	0.457255874108	0.0165992368134	0.125879243098
-are	0.163347455132	0.188363974017	0.0222814458869	0.626007124964
-jim	0.339240506329	0.237974683544	0.053164556962	0.369620253165
-ara	0.325491706657	0.363714931015	0.123669538728	0.1871238236
-nza	0.130124913787	0.273430914246	0.497356119243	0.0990880527243
-eri	0.0746978851964	0.623262839879	0.262386706949	0.0396525679758
-nzo	0.0573051109964	0.855962829117	0.0232318017553	0.0635002581311
-aro	0.171055068935	0.673058297388	0.0876127973749	0.0682738363016
-ari	0.186803576836	0.464287534865	0.216283887183	0.132625001116
-aru	0.43170653381	0.358599481606	0.0152416138811	0.194452370702
-nzu	0.0775485055295	0.0334090275889	0.0374872775666	0.851555189315
-oja	0.0406526548672	0.932798672566	0.0182522123894	0.00829646017699
-wai	0.084724574538	0.100486649114	0.0498319966793	0.764956779669
-lun	0.0369065593021	0.839791981211	0.118268746855	0.00503271263213
-men	0.171213080303	0.503212440223	0.2932192517	0.0323552277738
-ăɗi	0.620689655172	0.189655172414	0.0344827586207	0.155172413793
-jis	0.0701754385965	0.894736842105	0.0350877192982	0.0
-mek	0.0	1.0	0.0	0.0
-āne	0.261467326814	0.493023446131	0.245509227055	0.0
-aye	0.572525438184	0.2722215396	0.0784013563456	0.0768516658704
-nwa	0.0778345250255	0.363840653728	0.555873340143	0.00245148110317
-aya	0.340121950905	0.291100911392	0.0606131752461	0.308163962456
-ayo	0.536151833548	0.279662776693	0.106939656963	0.0772457327962
-ila	0.0350767869324	0.896093361111	0.0108405081027	0.0579893438543
-ayi	0.304330985212	0.549690204752	0.124567508619	0.0214113014167
-ayu	0.674741402175	0.279285651136	0.0332419768367	0.0127309698524
-era	0.429083461342	0.543266769073	0.0245775729647	0.00307219662058
-āma	0.731707317073	0.189189189189	0.0791034937376	0.0
-mor	0.0	0.96	0.04	0.0
-oɓi	0.0269230769231	0.95	0.0	0.0230769230769
-ubu	0.00465873232787	0.637500931747	0.00037269858623	0.357467637339
-ubi	0.204473368502	0.673848378774	0.076089993262	0.0455882594619
-nso	0.852867830424	0.072319201995	0.0249376558604	0.0498753117207
-ubo	0.707335907336	0.0833976833977	0.0	0.209266409266
-uba	0.274247185104	0.6426907669	0.0197730705282	0.0632889774684
-ube	0.683450087566	0.122154115587	0.0170753064799	0.177320490368
-ota	0.0	1.0	0.0	0.0
-aɓe	0.785681006367	0.117409535642	0.0125795931045	0.0843298648859
-ija	0.0	0.854545454545	0.145454545455	0.0
-aɓa	0.58678477248	0.102754197624	0.0124631587956	0.2979978711
-ƙar	0.221969545281	0.318162438875	0.160199042095	0.29966897375
-aɓo	0.189664358018	0.46989877464	0.171017581247	0.169419286095
-oti	0.00206932229695	0.996896016555	0.0	0.00103466114848
-ijo	0.335195530726	0.0614525139665	0.385474860335	0.217877094972
-iji	0.00949163750973	0.962930436088	0.00748074704287	0.0200971793597
-aɓi	0.607481175613	0.299247024532	0.0386203546272	0.0546514452272
-oto	0.557894736842	0.378947368421	0.0631578947368	0.0
-ume	0.441871236684	0.511347846225	0.0	0.0467809170913
-nhi	0.411764705882	0.392156862745	0.196078431373	0.0
-ɓin	0.0146222583266	0.976848090983	0.00609260763607	0.00243704305443
-umo	0.637096774194	0.290322580645	0.0161290322581	0.0564516129032
-ƙan	0.13767281106	0.819124423963	0.0414746543779	0.00172811059908
-ƙai	0.0389098238542	0.847690824643	0.09867671545	0.0147226360529
-ako	0.316380460335	0.594573983106	0.0322481460948	0.0567974104642
ALL	0.217436059068	0.330651484611	0.0615616626	0.390350793721
-nai	0.0894757206423	0.840394660476	0.0193461017605	0.0507835171213
-nan	0.0277544424218	0.077354913478	0.0160775167972	0.878813127303
-aki	0.298274340802	0.512435628179	0.138769194028	0.0505208369917
-ake	0.537641635459	0.0467035945648	0.0229205113125	0.392734258663
-zun	0.032967032967	0.967032967033	0.0	0.0
-kin	0.0768322247781	0.352751732638	0.0316568040106	0.538759238573
-kim	0.0	1.0	0.0	0.0
-nsa	0.147600861583	0.569745876994	0.0435472839874	0.239105977436
-zur	0.10752688172	0.177419354839	0.639784946237	0.0752688172042
-sin	0.0324773238685	0.435544111165	0.33841371471	0.193564850256
-sil	0.144578313253	0.855421686747	0.0	0.0
-nar	0.274495680056	0.606891479513	0.017806489715	0.100806350717
-nas	0.0713543739746	0.900103876436	0.00407739279855	0.0244643567913
-aku	0.148953132212	0.593490818053	0.0972041567015	0.160351893033
-zza	0.213114754098	0.754098360656	0.0327868852459	0.0
-mos	0.0	1.0	0.0	0.0
-wun	0.66935483871	0.33064516129	0.0	0.0
-gon	0.0358318594504	0.933993943118	0.0132012113765	0.0169729860555
-igo	0.594207929699	0.106736974937	0.0260741987062	0.272980896658
-zzo	0.75	0.145833333333	0.104166666667	0.0
-wuf	0.505405405405	0.364864864865	0.0513513513513	0.0783783783784
-gog	0.0	1.0	0.0	0.0
-lki	0.0844233055885	0.876337693222	0.00634165675783	0.0328973444313
-wur	0.062874251497	0.131736526946	0.787425149701	0.0179640718563
-mon	0.099706744868	0.727272727273	0.170087976539	0.00293255131965
-yau	0.054422247198	0.365124416156	0.328366763893	0.252086572753
-u'u	0.00743494423791	0.975836431227	0.0167286245353	0.0
-yas	0.0203188496405	0.971831475114	0.00385537147025	0.00399430377549
-yar	0.244811525222	0.480525307602	0.132358263511	0.142304903665
-ber	0.0	1.0	0.0	0.0
-mfa	0.436454849498	0.483277591973	0.0200668896321	0.0602006688963
-yad	0.484472049689	0.0745341614906	0.329192546584	0.111801242236
-āce	0.631578947368	0.263157894737	0.0701754385965	0.0350877192982
-ben	0.229622266402	0.212723658052	0.503976143141	0.0536779324055
-bel	0.0332594235033	0.966740576497	0.0	0.0
-ofi	0.118769547488	0.443683439566	0.373411457302	0.0641355556435
-yal	0.0	1.0	0.0	0.0
-yan	0.107154433633	0.324915126046	0.123486627732	0.444443812589
-yai	0.0184331797235	0.981566820277	0.0	0.0
-āci	0.609649122807	0.0263157894737	0.364035087719	0.0
-ofa	0.247094442817	0.723019826155	0.00761793143862	0.0222677995898
-iso	0.805054151625	0.0615974729242	0.0115072202166	0.121841155235
-ren	0.0906708720382	0.645380450984	0.233720084425	0.030228592552
-āji	0.540742959856	0.344667465548	0.0606650689035	0.053924505692
-ish	0.0	0.96875	0.03125	0.0
-ise	0.0102040816326	0.918367346939	0.0510204081633	0.0204081632653
-red	0.0	1.0	0.0	0.0
-isu	0.0353409656546	0.949726231956	0.00895968143355	0.0059731209557
-ist	0.00672923358516	0.966712724532	0.021443824358	0.00511421752472
-hab	0.0213523131672	0.978647686833	0.0	0.0
-had	0.0	1.0	0.0	0.0
-haf	0.0363636363636	0.636363636364	0.0	0.327272727273
-hai	0.0894308943089	0.105691056911	0.731707317073	0.0731707317074
-mas	0.0104159433373	0.989584056663	0.0	0.0
-mar	0.0825443264616	0.170532811744	0.0422871261133	0.704635735681
-ham	0.105843840931	0.81777400582	0.0436469447138	0.0327352085354
-han	0.354991465934	0.434865187429	0.0745607843641	0.135582562273
-mai	0.099266134083	0.2843917336	0.0232480389565	0.59309409336
-har	0.0460603654114	0.0525888177406	0.013803749416	0.887547067432
-hau	0.54785963623	0.0308653316186	0.00110233327209	0.420172698879
-man	0.355754216922	0.450856689377	0.0356807382382	0.157708355463
-haz	0.0	1.0	0.0	0.0
-nku	0.184246849026	0.409587881143	0.0535789736771	0.352586296154
-uno	0.76404494382	0.0	0.0	0.23595505618
-uni	0.429836829837	0.307412587413	0.143216783217	0.119533799534
-une	0.867360025791	0.0922438624401	0.0150329041889	0.0253632075802
-una	0.295863086445	0.180235641421	0.0443120888861	0.479589183248
-nke	0.631183144246	0.271442463533	0.0464181523501	0.0509562398704
-'ad	0.0799033974715	0.0507673672731	0.0088781552746	0.860451079981
-nka	0.249414068605	0.513637294566	0.0389129093477	0.19803572748
-nki	0.181790534799	0.604075170619	0.101789819229	0.112344475353
-iri	0.106874727441	0.614913437659	0.2186438364	0.0595679985004
-ɓen	0.286713286713	0.407925407925	0.265734265734	0.039627039627
-ade	0.134782608696	0.765217391304	0.0391304347826	0.0608695652174
-gab	0.24493731919	0.336547733848	0.201542912247	0.216972034716
-ada	0.247772990425	0.144717330797	0.0395290824907	0.567980596287
-oɗa	0.381188118812	0.455445544554	0.0907590759076	0.0726072607261
-gan	0.850409214914	0.101318581388	0.0247044558957	0.0235677478024
-gam	0.0	0.782608695652	0.188405797101	0.0289855072464
-gai	0.275203665988	0.688136456212	0.0030549898167	0.0336048879837
-adi	0.0928391507737	0.841309823678	0.0356243252969	0.0302267002519
-uƙa	0.339370829361	0.283399155658	0.186163693313	0.191066321667
-144	0.243821941292	0.154903378544	0.0146943916405	0.586580288523
-adu	0.190380456304	0.761186755612	0.0182765238052	0.0301562642785
-gar	0.315270935961	0.584935642778	0.0572064198316	0.0425870014302
-fke	0.561403508772	0.368421052632	0.0350877192982	0.0350877192982
-fka	0.555555555556	0.40404040404	0.040404040404	0.0
-ini	0.067900142096	0.223325591441	0.0199119955325	0.688862270931
-aɗi	0.665395140559	0.138796749316	0.0390268678995	0.156781242226
-aɗo	0.669772859639	0.21316249272	0.0232964472918	0.0937682003494
-u'a	0.636780831844	0.354379015506	0.00043476160572	0.0084053910439
-ino	0.0	1.0	0.0	0.0
-ina	0.150812268484	0.201008713102	0.0217887842645	0.626390234149
-aɗa	0.779407322281	0.102298849373	0.0257412333705	0.0925525949757
-ine	0.846023688663	0.0896785109983	0.0473773265652	0.0169204737733
-aɗe	0.398043996843	0.261463298484	0.155810026059	0.184682678613
-āri	0.037037037037	0.814814814815	0.0	0.148148148148
-ƙen	0.01108033241	0.275623268698	0.685595567867	0.0277008310249
-oho	0.32424677188	0.302725968436	0.350071736011	0.0229555236729
-ohi	0.309734513274	0.617256637168	0.0663716814159	0.00663716814159
-aɗu	0.779679734953	0.10215350635	0.0386526780784	0.0795140806184
-rsa	0.247343223061	0.599915409785	0.042159100934	0.11058226622
-kus	0.0170982530046	0.982901746995	0.0	0.0
-ārā	0.144927536232	0.202898550725	0.463768115942	0.188405797101
-fun	0.129032258065	0.736325385694	0.117812061711	0.0168302945301
-usa	0.147099410577	0.584207611949	0.0179117013117	0.250781276162
-edi	0.540027137042	0.236092265943	0.0976933514247	0.12618724559
-mtu	0.161971830986	0.352112676056	0.232394366197	0.253521126761
-nen	0.0789662068558	0.693821626155	0.0351610637738	0.192051103216
-rsu	0.230855593147	0.570300562377	0.0618621512045	0.136981693272
-kun	0.165507401039	0.203795198134	0.019524384901	0.611173015927
-hin	0.179946916572	0.509557969089	0.103040354677	0.207454759662
-mta	0.720423696117	0.168356073095	0.0947002911158	0.0165199396724
-ban	0.0740523519344	0.336612803673	0.222189106792	0.367145737601
-bam	0.0783327344591	0.130195232962	0.512636243862	0.278835788717
-non	0.093220338983	0.906779661017	0.0	0.0
-bai	0.42734877121	0.105544161311	0.0167237041365	0.450383363343
-hon	0.116511720165	0.324171654277	0.525208272246	0.0341083533125
-hor	0.0	1.0	0.0	0.0
-jon	0.010101010101	0.282828282828	0.656565656566	0.050505050505
-rhu	0.019267822736	0.980732177264	0.0	0.0
-eku	0.00657894736842	0.985087719298	0.00131578947368	0.00701754385966
-bar	0.363729323493	0.485184340004	0.102547136201	0.0485392003018
-bas	0.0248599274919	0.794528932624	0.174584490795	0.00602664908894
-lwa	0.2	0.670588235294	0.0882352941176	0.0411764705882
-zon	0.326602383023	0.610743282274	0.0439913413868	0.0186629933156
-nya	0.0973863747294	0.699514442006	0.130439026859	0.0726601564054
-uku	0.042199504836	0.0686241706637	0.0547458822251	0.834430442275
-asa	0.10938614022	0.229675578524	0.0497745115259	0.61116376973
-nye	0.584242933109	0.278897285194	0.0789252728799	0.0579345088162
-aso	0.410311958405	0.185441941075	0.0662911611785	0.337954939341
-nyi	0.0947515095216	0.0747793776126	0.813748258244	0.0167208546215
-nyo	0.207920792079	0.732673267327	0.039603960396	0.019801980198
-zob	0.0	0.90977443609	0.0902255639098	0.0
-mba	0.420061219684	0.469743348246	0.0720508594302	0.0381445726395
-āgi	0.811320754717	0.11320754717	0.0754716981132	0.0
-yel	0.0293159609121	0.960912052117	0.00977198697066	0.0
-yen	0.160775492905	0.618989164977	0.181580284866	0.0386550572528
-mbi	0.0788177339901	0.862068965517	0.0591133004926	0.0
-lta	0.376009944065	0.230577998757	0.238657551274	0.154754505904
-āba	0.0841283607979	0.125238508239	0.0452732003469	0.745359930616
-āge	0.243697478992	0.495798319328	0.109243697479	0.151260504202
-mbo	0.0	0.824561403509	0.175438596491	0.0
-iwu	0.133891213389	0.020920502092	0.594142259414	0.251046025105
-uza	0.016362853452	0.975025118415	0.000861202813261	0.00775082531936
-rat	0.0741190765492	0.649655731065	0.057513163224	0.218712029162
-rau	0.0225225225225	0.626126126126	0.177927927928	0.173423423423
-rar	0.288665811121	0.418629584997	0.13909361007	0.153610993812
-ras	0.00405131667792	0.959486833221	0.0364618501013	0.0
-ran	0.121421638675	0.621996145345	0.0931362219149	0.163445994066
-āna	0.389830508475	0.56779661017	0.0169491525424	0.0254237288135
-iwa	0.39712589278	0.486489975045	0.0821788142157	0.0342053179589
-ram	0.0343511450382	0.773854961832	0.0830152671755	0.108778625954
-rak	0.0	1.0	0.0	0.0
-rai	0.13351736927	0.513217924538	0.120357394978	0.232907311214
-āni	0.0333333333333	0.933333333333	0.0333333333333	0.0
-iwo	0.703201526009	0.227200082487	0.0108264164562	0.0587719750477
-ere	0.587843704776	0.263386396527	0.0827785817656	0.065991316932
-aho	0.11358923663	0.352727009693	0.509379370208	0.0243043834692
-ugu	0.130681818182	0.133928571429	0.681818181818	0.0535714285714
-azu	0.373665480427	0.316725978648	0.0213523131673	0.288256227758
-ozo	0.707317073171	0.182926829268	0.0731707317073	0.0365853658536
-uge	0.721778221778	0.236763236763	0.0104895104895	0.030969030969
-azo	0.266815517722	0.509907898409	0.16969020374	0.0535863801284
-azi	0.80170575693	0.150142146411	0.0191897654584	0.0289623312011
-uga	0.793937480265	0.13719381448	0.0360696810037	0.0327990242513
-ndo	0.054508941379	0.908195467151	0.0372955914698	0.0
-ugo	0.409952606635	0.454976303318	0.120853080569	0.0142180094787
-aza	0.209446900345	0.551637717985	0.067492777333	0.171422604337
-ugi	0.799191521905	0.114771113296	0.0344149459194	0.0516224188791
-uƙi	0.15046144138	0.381589672127	0.434819761786	0.0331291247075
-āre	0.56604850214	0.148644793153	0.191726105563	0.093580599144
-ike	0.554177079614	0.0692074259193	0.329507318815	0.0471081756516
-lci	0.035804787547	0.436841033531	0.378987737002	0.14836644192
-āra	0.165	0.74	0.05	0.045
-ika	0.370165966403	0.264771106883	0.0867253924233	0.278337534291
-iko	0.526142249131	0.314276840955	0.0456248813822	0.113956028532
-lam	0.00968144909431	0.975796377264	0.00327920049969	0.0112429731418
-lan	0.152096418265	0.790188423018	0.0363265998982	0.0213885588185
-lah	0.00411886218094	0.985233236663	0.00593904778079	0.00470885337537
-lai	0.133207843946	0.614996841278	0.209919678197	0.0418756365793
-iki	0.262246969269	0.427394792974	0.135724996182	0.174633241576
-lak	0.081799591002	0.918200408998	0.0	0.0
-lat	0.0	0.793103448276	0.206896551724	0.0
-lau	0.0922330097087	0.407766990291	0.378640776699	0.121359223301
-iku	0.00727428326915	0.986735130509	0.0	0.00599058622165
-uje	0.692085290929	0.21900975786	0.0122876761836	0.076617275027
-lar	0.176856961571	0.736504312108	0.0393015470158	0.0473371793053
-las	0.169476082005	0.714350797266	0.0874715261959	0.0287015945331
-uji	0.761176470588	0.111764705882	0.0141176470588	0.112941176471
-uƙu	0.0	1.0	0.0	0.0
-nna	0.161038004969	0.743854843861	0.0155354310676	0.0795717201024
-ɓar	0.2016534867	0.722142343638	0.02983465133	0.0463695183322
-ahi	0.184397163121	0.751773049645	0.0212765957447	0.0425531914894
-ahn	0.0121753246753	0.833603896104	0.0243506493507	0.12987012987
-gen	0.0983991775591	0.814803935967	0.0395065354678	0.047290351006
-āɓa	0.503496503497	0.309440559441	0.0611888111888	0.125874125874
-āɓo	0.37378210806	0.478299379982	0.106288751107	0.0416297608503
-bon	0.272919538973	0.141017704472	0.570274022895	0.0157887336596
-aha	0.093023255814	0.395348837209	0.201550387597	0.31007751938
-āɓi	0.668016194332	0.210526315789	0.0404858299595	0.080971659919
-āɓu	0.541567695962	0.458432304038	0.0	0.0
-mɓu	0.0234833659491	0.917808219178	0.0587084148728	0.0
-ɓad	0.721039309113	0.121500893389	0.0201012507445	0.137358546754
-don	0.078205297889	0.0784631322909	0.0107910075242	0.832540562296
-dom	0.0	1.0	0.0	0.0
-ăre	0.785467128028	0.131487889273	0.0622837370243	0.0207612456747
-ahu	0.465	0.325	0.15	0.06
-sas	0.0188679245283	0.943396226415	0.0377358490566	0.0
-sar	0.152557749482	0.58824654446	0.0139819882249	0.245213717833
-dda	0.076832406346	0.0586884988952	0.0202385953994	0.844240499359
-sau	0.0325426051212	0.496720047958	0.0133595957866	0.457377751135
-ton	0.340185210304	0.472957076094	0.0931033207147	0.0937543928875
-ibu	0.010512381249	0.361314437004	0.54251674194	0.0856564398069
-ddi	0.315315315315	0.612612612613	0.036036036036	0.036036036036
-āƙi	0.0821917808219	0.808219178082	0.027397260274	0.0821917808219
-lfa	0.0052157283185	0.968705630089	0.0260786415925	0.0
-oli	0.0247116968698	0.901153212521	0.0593080724876	0.0148270181219
-ibi	0.252667520273	0.401835253948	0.161545027742	0.183952198037
-olo	0.153846153846	0.836538461539	0.00961538461538	0.0
-sai	0.0677988463138	0.0431192400627	0.00401019915171	0.885071714472
-san	0.873636531279	0.0635820530798	0.0191145788772	0.0436668367644
-sam	0.12262459663	0.196127644317	0.0172104697024	0.664037289351
-efa	0.897492690706	0.0251743472263	0.0015188143123	0.0758141477553
-lon	0.504300677385	0.273680156471	0.0412321308554	0.180787035289
-loi	0.0	0.973684210526	0.0	0.0263157894737
-oce	0.679758308157	0.232628398792	0.0181268882175	0.0694864048338
-eɓe	0.457286432161	0.0834943950522	0.0838809431774	0.37533822961
-'ul	0.117647058823	0.823529411765	0.0294117647059	0.0294117647059
-ron	0.19032427695	0.679053461875	0.100052585451	0.030569675723
-oci	0.00809820134686	0.98857727389	0.00127866337056	0.00204586139289
-los	0.00384122919334	0.996158770807	0.0	0.0
-kaf	0.272727272727	0.710743801653	0.0165289256198	0.0
-nƙa	0.864956620143	0.0905318747642	0.00678989060732	0.0377216144851
-bɗi	0.374193548387	0.161290322581	0.116129032258	0.348387096774
-āki	0.681818181818	0.218181818182	0.0	0.1
-nƙe	0.845614035088	0.126315789474	0.0140350877193	0.0140350877193
-bɗe	0.268115942029	0.731884057971	0.0	0.0
-āke	0.0801884295771	0.111866828984	0.0490128619065	0.758931879532
-āka	0.697362992163	0.171415461201	0.0536815418059	0.0775400048306
-āsu	0.408585055644	0.45786963434	0.0953895071541	0.0381558028617
-oke	0.74025974026	0.0965556182948	0.0553359683794	0.107848673066
-rda	0.654263958914	0.108009651766	0.11585875372	0.121867635599
-ewa	0.438227758739	0.140043925223	0.0412208018993	0.380507514138
-rdi	0.153979238754	0.602076124568	0.223183391003	0.0207612456747
-awi	0.0146163215591	0.956151035323	0.0146163215591	0.014616321559
-awo	0.706523933453	0.145553798345	0.0339633513335	0.113958916868
-awa	0.154636997347	0.520459750435	0.262385637905	0.0625176143127
-awe	0.0430107526882	0.913978494624	0.0430107526882	0.0
-lal	0.34208552138	0.210802700675	0.404351087772	0.0427606901725
-awu	0.386111393952	0.44404846757	0.16250890948	0.00733122899908
-rɓa	0.784600389864	0.046146348778	0.12595591543	0.0432973459289
-rɓe	0.735694822888	0.0431753700947	0.0559566279952	0.165173179022
-rɓi	0.82912644643	0.0915322661231	0.0215840278194	0.0577572596279
-lla	0.297206642472	0.461123941493	0.128670405807	0.112999010228
-rɓo	0.840129704235	0.0891225311978	0.0221086764272	0.0486390881399
-sti	0.0357634112792	0.857404860156	0.0999541494727	0.00687757909216
-sta	0.620516047829	0.281308999371	0.0755191944619	0.0226557583386
-ssi	0.0463017461252	0.91132038454	0.029036688248	0.0133411810869
-yyo	0.171641791045	0.470149253731	0.0	0.358208955224
-yye	0.334215379681	0.457621682303	0.149947879079	0.0582150589367
-ffa	0.3125	0.419642857143	0.0200892857143	0.247767857143
-sse	0.00452488687783	0.995475113122	0.0	0.0
-ffe	0.334848484848	0.430303030303	0.189393939394	0.0454545454545
-uci	0.121158120052	0.609069849645	0.138286502928	0.131485527374
-ƙon	0.218641390205	0.692168810652	0.0610245994132	0.0281651997292
-isa	0.384889485495	0.299021457645	0.0841425439797	0.231946512881
-ssu	0.728395061728	0.0432098765432	0.0925925925926	0.135802469136
-cur	0.282051282051	0.615384615385	0.0512820512821	0.0512820512821
-uce	0.723388133361	0.190246282749	0.0507640795341	0.035601504356
-saf	0.520547945205	0.369863013699	0.027397260274	0.0821917808219
-lek	0.0	0.959731543624	0.0402684563758	0.0
-lel	0.0	1.0	0.0	0.0
-len	0.186729538565	0.759514988212	0.00282923543281	0.0509262377905
-sfa	0.0409090909091	0.931818181818	0.0272727272727	0.0
-yta	0.333333333333	0.385964912281	0.175438596491	0.105263157895
-rye	0.495926529403	0.0564360835432	0.423640942083	0.0239964449711
-fsa	0.0193548387097	0.922580645161	0.0580645161291	0.0
-mus	0.214285714286	0.619047619048	0.166666666667	0.0
-rya	0.316397838112	0.419629410688	0.152183704204	0.111789046996
-ryo	0.65	0.25	0.07	0.03
-ida	0.196123682041	0.64629067898	0.0398386979206	0.117746941058
-ryi	0.918367346939	0.0816326530612	0.0	0.0
-āye	0.708860759494	0.0759493670886	0.0506329113924	0.164556962025
-ifa	0.564346461894	0.391643960036	0.0198827512179	0.0241268268516
-āɗi	0.7539408867	0.116748768473	0.00997536945811	0.11933497537
-ife	0.672169811321	0.310141509434	0.0123820754717	0.00530660377358
-rre	0.428571428572	0.398849472675	0.152444870566	0.0201342281879
-ifi	0.312706325468	0.44925224327	0.13488423618	0.103157195081
-āɗa	0.454263818686	0.173324637208	0.00684819827164	0.365563345834
-ndu	0.0	0.909329829172	0.0906701708279	0.0
-'ya	0.125193158468	0.772213637401	0.0868592681321	0.0157339359988
-ifo	0.138888888889	0.736111111111	0.0555555555556	0.0694444444445
-gin	0.142195715295	0.789453033038	0.0360197755631	0.0323314761045
-gim	0.339285714286	0.553571428571	0.0714285714286	0.0357142857143
-ftu	0.593080724876	0.406919275124	0.0	0.0
-ifu	0.229709035222	0.66921898928	0.0597243491577	0.04134762634
-rru	0.130060450632	0.394119802162	0.431855651218	0.0439640959883
-ali	0.165479874637	0.65587344252	0.0894408413327	0.0892058415107
-nda	0.0365851291292	0.15024149109	0.00240212643959	0.810771253342
-ole	0.453016815035	0.24431256182	0.0356083086053	0.26706231454
-ale	0.638505961252	0.110003725782	0.0586810730254	0.19280923994
-ala	0.327732678875	0.44100434208	0.182405134982	0.0488578440627
-yos	0.0	1.0	0.0	0.0
-yor	0.0	1.0	0.0	0.0
-fau	0.281592039801	0.328358208955	0.00597014925373	0.38407960199
-ăta	0.363636363636	0.127272727273	0.4	0.109090909091
-yon	0.400877834674	0.502560351134	0.0724213606437	0.0241404535479
-uɗe	0.686697597559	0.089710181772	0.0988941146561	0.124698106013
-uɗa	0.451621010304	0.468962050767	0.0764011058055	0.0030158331239
-iyu	0.0340632695158	0.0527937311215	0.158286918845	0.754856080518
-rku	0.226724775983	0.507313934073	0.0612741690857	0.204687120858
-uɗi	0.138751427484	0.820898363152	0.0342596117244	0.0060905976399
-ogi	0.0581818181818	0.930909090909	0.0	0.0109090909091
-rki	0.0323204160597	0.649596212077	0.280833370995	0.0372500008691
-iyo	0.623495586261	0.325606814861	0.0359277168554	0.0149698820231
-eli	0.0714285714286	0.928571428571	0.0	0.0
-iyi	0.0775043936731	0.918804920914	0.003690685413	0.0
-rko	0.0394140104065	0.230981441024	0.559961006604	0.169643541966
-iye	0.384666357432	0.215625207077	0.101881916374	0.297826519117
-rka	0.328291795039	0.468762647889	0.120030057101	0.0829154999712
-ela	0.343015214384	0.627939142462	0.0248962655602	0.00414937759336
-oge	0.463917525773	0.494845360825	0.0412371134021	0.0
-rke	0.631763128593	0.155316199695	0.012952484832	0.199968186879
-uƙe	0.655172413793	0.172413793103	0.137931034483	0.0344827586207
-cci	0.693374956642	0.293097467915	0.00728407908429	0.00624349635796
-hum	0.00499375780275	0.990012484395	0.0	0.00499375780273
-itu	0.19440353461	0.80559646539	0.0	0.0
-cce	0.302891234511	0.261849365508	0.365993575035	0.0692658249464
-esu	0.00293217724929	0.961533810323	0.00269788705745	0.0328361253703
-ito	0.437221668328	0.0496510468594	0.0219341974078	0.491193087404
-esa	0.0683936165958	0.277574093085	0.0877251456531	0.566307144667
-ita	0.356841506924	0.11348560641	0.0571761721958	0.47249671447
-udu	0.470204978506	0.358632539779	0.0788359213813	0.0923265603342
-fai	0.0128205128205	0.916239316239	0.0478632478632	0.0230769230769
-fan	0.164736754415	0.423733755415	0.397992335888	0.0135371542819
-fal	0.0769230769231	0.846153846154	0.0769230769231	0.0
-fam	0.0144282794277	0.963929301431	0.00360706985692	0.0180353492846
-o'i	0.260869565217	0.70652173913	0.0326086956522	0.0
-fas	0.0420798065296	0.935429262394	0.0087061668682	0.013784764208
-uda	0.0360531832727	0.572713229615	0.0245503696348	0.366683217478
-fat	0.09977827051	0.44992609017	0.428122690318	0.0221729490022
-ɗon	0.181395348837	0.660465116279	0.0139534883721	0.144186046512
-faz	0.0	0.725	0.275	0.0
-udi	0.376699029126	0.407766990291	0.0349514563107	0.180582524272
-ril	0.0	0.962264150943	0.0377358490566	0.0
-abu	0.27700677928	0.354807237979	0.0298239545983	0.338362028143
-hun	0.067566794439	0.885748612621	0.0168201842211	0.029864408719
-far	0.181182182328	0.697326075994	0.0551169098344	0.0663748318432
-abe	0.377176316691	0.322577631046	0.121157380011	0.179088672252
-ɓon	0.27358490566	0.367924528302	0.25	0.108490566038
-aba	0.305545491423	0.408748221418	0.0670477109708	0.218658576188
-won	0.399326977005	0.43735277622	0.139091418957	0.0242288278183
-abo	0.302459445317	0.434327577185	0.184092098378	0.0791208791209
-abi	0.177175107435	0.751653158231	0.0556009695441	0.0155707647894
-nji	0.509749303621	0.306406685237	0.16713091922	0.016713091922
-nci	0.208398338811	0.548647371119	0.200081205658	0.0428730844113
-nce	0.693896969204	0.124445203911	0.0967957763695	0.0848620505157
-ema	0.84109916368	0.0452508960574	0.0277777777778	0.0858721624851
-kon	0.0897888090572	0.600152405835	0.158850424559	0.151208360549
-tum	0.0191073630399	0.813444391158	0.0464714829582	0.120976762844
-tun	0.110385690108	0.192891240734	0.052326566367	0.644396502791
-oru	0.74647887324	0.162977867203	0.0603621730382	0.0301810865191
-son	0.520787145542	0.319513946074	0.0614957454446	0.09820316294
-oro	0.151810777231	0.471492338135	0.365928857393	0.0107680272422
-kos	0.0347222222222	0.923611111111	0.0347222222222	0.00694444444444
-ado	0.310158013544	0.558916478555	0.119187358916	0.0117381489842
-ora	0.51968605063	0.2251472285	0.0108026257734	0.244364095096
-ore	0.645492709259	0.211260963481	0.0626544782372	0.080591849023
-rus	0.0033880227123	0.985914609279	0.00545848103648	0.0052388869718
-jen	0.117521214636	0.137698372948	0.0281907814714	0.716589630944
-rut	0.0	1.0	0.0	0.0
-lis	0.0261736601579	0.927987813322	0.0159257720537	0.0299127544661
-lin	0.133511382063	0.673452010117	0.0571198749602	0.135916732859
-run	0.152983944259	0.624659194184	0.183277794608	0.0390790669494
-ici	0.110383924045	0.236069502696	0.460432317832	0.193114255427
-rum	0.146567717996	0.359925788497	0.109461966605	0.384044526902
-oma	0.30896216728	0.166513362834	0.0194146423715	0.505109827514
-zai	0.136588342742	0.0652156839843	0.0103839403344	0.78781203294
-rug	0.0	1.0	0.0	0.0
-ome	0.0418675057093	0.632144275226	0.0302195420587	0.295768677006
-eyu	0.0	1.0	0.0	0.0
-mhm	0.208955223881	0.402985074627	0.0298507462687	0.358208955224
-ufi	0.487198795181	0.286596385542	0.00903614457831	0.217168674699
-oda	0.0325079537168	0.123245503649	0.00383327202679	0.840413270607
-gat	0.0	1.0	0.0	0.0
-aci	0.311136378139	0.556557857304	0.0573613101212	0.0749444544352
-ode	0.476063386155	0.461884904087	0.0600500417014	0.00200166805672
-rna	0.285134978566	0.198992005561	0.394218514657	0.121654501217
-bge	0.708154506438	0.175965665236	0.115879828326	0.0
-izo	0.107142857143	0.758928571429	0.116071428571	0.0178571428571
-bga	0.426829268293	0.44512195122	0.0792682926829	0.0487804878049
-rni	0.363195070197	0.604031625149	0.00697613580211	0.0257971688515
-odo	0.0933333333333	0.866666666667	0.0133333333333	0.0266666666666
-zer	0.0	1.0	0.0	0.0
-uri	0.182421797478	0.53614400177	0.121691869987	0.159742330765
-ɗau	0.698598130841	0.163551401869	0.0210280373832	0.116822429907
-rgo	0.2578125	0.4609375	0.28125	0.0
-rgi	0.0534723614731	0.742196377248	0.172648887106	0.0316823741729
-uro	0.42697228145	0.407249466951	0.0463752665246	0.119402985075
-rge	0.560606060606	0.399621212121	0.0284090909091	0.0113636363636
-hna	0.0225658169662	0.211867948182	0.0	0.765566234852
-ure	0.524934063049	0.315523700162	0.0949026565062	0.0646395802828
-ādi	0.673913043478	0.222826086956	0.0217391304348	0.0815217391304
-kya	0.264090177134	0.4653784219	0.217391304348	0.0531400966184
-eya	0.0	1.0	0.0	0.0
-rgu	0.284237726098	0.266149870801	0.434108527132	0.015503875969
-uru	0.115606936416	0.70846946469	0.150791656195	0.0251319426992
-ɗai	0.0149484117313	0.0148671703631	0.0623121293363	0.907872288569
-uɓi	0.830188679245	0.169811320755	0.0	0.0
-dus	0.0095953274927	0.952023362536	0.0367125573634	0.00166875260743
-was	0.00363269424823	0.603027245207	0.130776992936	0.262563067608
-war	0.233308535092	0.544555854769	0.150339927593	0.0717956825457
-bus	0.00449400798935	0.993508655127	0.000998668442077	0.000998668442076
-uɓa	0.122551481667	0.709693621296	0.145153189352	0.0226017076846
-uɓe	0.623139831077	0.23823568843	0.041694597131	0.0969298833624
-ime	0.47619047619	0.460317460317	0.031746031746	0.031746031746
-mce	0.620543293718	0.226655348047	0.0458404074703	0.106960950764
-wan	0.0638262858709	0.671421898091	0.16508655375	0.0996652622874
-mci	0.862643796928	0.0665426741063	0.0311014672453	0.0397120617207
-duk	0.0404228254714	0.156172918736	0.0431724806481	0.760231775144
-dun	0.13235942321	0.750519488697	0.0526415213148	0.0644795667779
-nun	0.179271876687	0.573622023631	0.0842080009596	0.162898098722
-oƙe	0.901646791596	0.0537194775696	0.0221465076661	0.0224872231687
-lus	0.00620659080833	0.97661445249	0.00177331165952	0.0154056450421
-oƙa	0.911666666667	0.0413333333333	0.002	0.045
-sen	0.0439411536972	0.9235385211	0.00977545489741	0.0227448703058
-oƙo	0.566288619476	0.414157215487	0.00234649980446	0.0172076652327
-ken	0.192829202414	0.647541932262	0.131259537037	0.0283693282869
-kem	0.0	1.0	0.0	0.0
-kel	0.265151515152	0.632575757576	0.102272727273	0.0
-sus	0.0313315926893	0.937336814621	0.0	0.0313315926893
-sur	0.0444444444444	0.911111111111	0.0444444444444	0.0
-oƙi	0.816781292985	0.103438789546	0.0137551581843	0.0660247592847
-mƙa	0.88	0.12	0.0	0.0
-sun	0.431841529356	0.0720828396622	0.0102204103287	0.485855220653
-ame	0.495775496473	0.120506190234	0.0260573566611	0.357660956632
-mƙe	0.883116883117	0.116883116883	0.0	0.0
-umi	0.182848035426	0.543380956471	0.0505053397085	0.223265668394
-i'a	0.10780711638	0.867306781626	0.00920981727331	0.0156762847205
-din	0.110831685716	0.562841882323	0.0339992988085	0.292327133152
-dik	0.00565504241282	0.994344957587	0.0	0.0
-ori	0.450279085721	0.438398453335	0.0477096261187	0.0636128348249
-i'u	0.0127329727495	0.693829882523	0.269707513694	0.0237296310332
-dis	0.0	1.0	0.0	0.0
-fen	0.47596767333	0.398979157805	0.0153126329222	0.109740535942
-lum	0.0455596233791	0.0850571975672	0.0141679316606	0.855215247393
-ska	0.0669888252185	0.876002463931	0.0297249449523	0.0272837658982
-iha	0.0925925925926	0.0925925925926	0.814814814815	0.0
-ske	0.125537285938	0.399250745843	0.251831268956	0.223380699262
-āsa	0.443115519253	0.159276546091	0.218203033839	0.179404900817
-ski	0.596194503171	0.323467230444	0.0549682875264	0.0253699788583
-ihi	0.0722049689441	0.369565217391	0.419254658385	0.138975155279
-afu	0.193675889328	0.758893280632	0.0158102766799	0.0316205533597
-nnu	0.0451336716469	0.890284353471	0.022736937601	0.0418450372807
-afi	0.570349339215	0.146719159455	0.118192602986	0.164738898344
-nni	0.062624340455	0.87552979846	0.0449788080616	0.0168670530231
-ăke	0.729166666667	0.145833333333	0.125	0.0
-uke	0.3703397076	0.050931402609	0.00667910205939	0.572049787731
-ihu	0.0293517758762	0.959676474036	0.00555620677529	0.00541554331262
-ăki	0.442307692308	0.403846153846	0.0961538461538	0.0576923076923
-afa	0.49738361093	0.367212244241	0.0965022129028	0.0389019319258
-uki	0.741147546144	0.0705490718105	0.0140101172482	0.174293264797
-uko	0.377446791897	0.0468871771278	0.0103779706323	0.565288060342
-afe	0.643456094644	0.2110739383	0.0487349530687	0.096735013988
-nne	0.49014161334	0.270401130613	0.0813558061315	0.158101449915
-kki	0.275862068966	0.724137931034	0.0	0.0
-efe	0.377880184332	0.589285714286	0.00518433179724	0.0276497695853
-iɗa	0.733674775928	0.193341869398	0.0288092189501	0.0441741357234
-ngu	0.525993883792	0.266055045871	0.162079510703	0.045871559633
-tis	0.0363416111447	0.869170199879	0.0944881889764	0.0
-kka	0.42319391635	0.482129277567	0.0239543726236	0.0707224334601
-kke	0.21251766422	0.198527601769	0.509499931623	0.0794548023886
-efi	0.867549668874	0.0927152317881	0.0397350993378	0.0
-nga	0.385620915033	0.447712418301	0.107843137255	0.0588235294117
-nge	0.327297063461	0.651811634616	0.0139275346153	0.00696376730767
-til	0.446808510638	0.276595744681	0.255319148936	0.0212765957447
-ngi	0.549738219895	0.287958115183	0.0942408376963	0.0680628272251
-tin	0.0311185065587	0.478981115883	0.0103728355196	0.479527542039
-kku	0.162835249042	0.0913154533844	0.683269476373	0.0625798212005
-ngo	0.426770126091	0.531846104106	0.00290979631426	0.0384739734885
-eme	0.821016949153	0.0528813559322	0.0	0.126101694915
-jar	0.135841836735	0.369260204082	0.470025510204	0.0248724489796
-bce	0.642424242424	0.30303030303	0.00909090909091	0.0454545454545
-uwa	0.209656338949	0.252335703585	0.0307844376081	0.507223519857
-mmu	0.223853211009	0.605504587156	0.121100917431	0.0495412844036
-bci	0.529572207867	0.438558713753	0.0211024978467	0.010766580534
-emo	0.290322580645	0.483870967742	0.129032258065	0.0967741935484
-emi	0.763719146897	0.161754133717	0.0345075485263	0.0400191708603
-uwi	0.111111111111	0.825396825397	0.0	0.0634920634921
-mmi	0.189873417721	0.322784810127	0.449367088608	0.0379746835443
-mme	0.220640569395	0.29537366548	0.430604982206	0.0533807829181
-oni	0.034155597723	0.882352941176	0.0151802656546	0.0683111954459
-mma	0.0254634803104	0.0588483560538	0.00970167586478	0.905986487771
-cik	0.329787234043	0.297872340426	0.202127659574	0.170212765957
-jja	0.116704805492	0.794050343249	0.0892448512585	0.0
-cin	0.214223880738	0.482818256727	0.0970434002948	0.20591446224
-jje	0.664670658683	0.107784431138	0.167664670659	0.059880239521
-ana	0.357665724918	0.254935961127	0.0282559523708	0.359142361584
-zan	0.0143241601893	0.0462543883918	0.0159822073712	0.923439244048
-zal	0.221783741121	0.688239936859	0.0591949486977	0.0307813733228
-dan	0.0742154652977	0.786170957404	0.0225697923946	0.117043784904
-inu	0.00786185208684	0.986758985959	0.000827563377563	0.00455159857659
-zar	0.176493557204	0.739164388911	0.0749707145646	0.00937133932058
-cir	0.27027027027	0.222972972973	0.304054054054	0.202702702703
-rje	0.425925925926	0.296296296296	0.037037037037	0.240740740741
-ane	0.128542214134	0.430342836616	0.0456538276741	0.395461121576
-uyi	0.318729463308	0.383351588171	0.238773274918	0.0591456736035
-uɗu	0.0249110320285	0.0841773884478	0.146181220914	0.744730358609
-etu	0.84388185654	0.0717299578059	0.042194092827	0.042194092827
