-heu	0.0	1.0	0.0	0.0
-iva	0.0423928403203	0.923692887423	0.0339142722562	0.0
-heo	0.265895953757	0.271676300578	0.439306358382	0.0231213872832
-hei	0.231638418079	0.683615819209	0.0169491525424	0.0677966101695
-eue	0.687203791469	0.0616113744076	0.21327014218	0.0379146919431
-hee	0.166022294149	0.431040735748	0.368257183328	0.0346797867754
-eua	0.0	0.892857142857	0.0	0.107142857143
-hea	0.496383847546	0.0825883251141	0.0204973029831	0.400530524357
-auu	0.0233463035019	0.949416342412	0.0194552529183	0.00778210116732
-aua	0.0725462695503	0.266273942515	0.0113740979318	0.649805690003
-aue	0.7442002442	0.136752136752	0.025641025641	0.0934065934066
-aui	0.863539445629	0.0788912579957	0.0	0.0575692963753
-auo	0.93670886076	0.0430379746835	0.0101265822785	0.0101265822785
-zia	0.0	1.0	0.0	0.0
-uaa	0.138629283489	0.828660436137	0.00623052959501	0.0264797507788
-puu	0.365426551246	0.512918786757	0.0966761382409	0.0249785237561
-uae	0.596745027125	0.164556962025	0.179023508137	0.0596745027125
-uai	0.624553977902	0.31938565839	0.0471553018185	0.00890506188941
-kia	0.168051878084	0.707417067995	0.10277064184	0.0217604120812
-uao	0.136015928797	0.601099359274	0.241229376377	0.0216553355514
-pue	0.0733944954128	0.522935779817	0.284403669725	0.119266055046
-ari	0.0223208914715	0.890146200797	0.0866575786541	0.000875329077314
-uau	0.158016147636	0.841983852364	0.0	0.0
-pua	0.180518793012	0.803599788248	0.0	0.0158814187401
-kie	0.294866920152	0.23206590621	0.404816223067	0.0682509505703
-opu	0.595114620416	0.360096574321	0.0190685012503	0.025720304012
-pao	0.964285714286	0.0357142857143	0.0	0.0
-opo	0.396756280731	0.369113725874	0.129553071259	0.104576922136
-opi	0.697435897436	0.220512820513	0.0205128205128	0.0615384615384
-ope	0.0704111537301	0.203824218133	0.224575845077	0.50118878306
-opa	0.608602969166	0.159649790636	0.22139322421	0.0103540159878
-dea	0.00181119125544	0.990753392012	0.00686346159957	0.000571955133296
-oku	0.121989611207	0.834363967529	0.0293112365362	0.0143351847271
-apo	0.193794740267	0.156011943498	0.620908777705	0.0292845385293
-ima	0.0459741863857	0.768420752585	0.0291643619938	0.156440699036
-oko	0.0638094982357	0.164852342091	0.014817254985	0.756520904688
-oki	0.514555973919	0.37900633667	0.0295711268252	0.0768665625861
-imi	0.88674414024	0.0610596809139	0.0166765150023	0.0355196638435
-oka	0.126625	0.714	0.14475	0.014625
-imo	0.0233918128655	0.941520467836	0.0	0.0350877192982
-ido	0.140845070423	0.56338028169	0.0281690140845	0.267605633803
-obo	0.0134557881247	0.978214438274	0.00320375907731	0.00512601452371
-oba	0.0	0.994161801501	0.00333611342786	0.00250208507089
-ida	0.0	0.998387746876	0.000806126561871	0.000806126561869
-bia	0.0237154150198	0.9604743083	0.0	0.0158102766798
-uta	0.181818181818	0.818181818182	0.0	0.0
-ute	0.259459459459	0.502702702703	0.237837837838	0.0
-rio	0.0296754250387	0.948068006182	0.0148377125193	0.00741885625966
-a'u	0.011628416303	0.0227210509852	0.00688041876846	0.958770113943
-a'i	0.58056614115	0.284333715697	0.0646391686184	0.0704609745337
-sia	0.00970711297071	0.979648535565	0.00391631799163	0.0067280334728
-a'e	0.538355964748	0.296082682077	0.104223081042	0.0613382721341
-teo	0.0048309178744	0.993558776167	0.0	0.00161030595813
-are	0.40096807954	0.486525379382	0.103087388802	0.0094191522763
-ara	0.0492940673955	0.927432667998	0.019394387172	0.00387887743439
-eri	0.0163906409744	0.484221651337	0.0446059586518	0.454781749036
-aro	0.00350877192982	0.987719298246	0.00701754385965	0.00175438596491
-luu	0.322580645161	0.112903225806	0.435483870968	0.129032258064
-lui	0.690909090909	0.254545454545	0.0	0.0545454545454
-mea	0.201985363503	0.325821452166	0.00381301355756	0.468380170773
-lua	0.120345339992	0.144601068996	0.126331521934	0.608722069078
-nui	0.0921832167509	0.18942443619	0.56720309889	0.151189248169
-na'	0.0	1.0	0.0	0.0
-uba	0.139240506329	0.84388185654	0.0168776371308	0.0
-umu	0.200104464064	0.730396507046	0.0263188588062	0.0431801700837
-ota	0.0420168067227	0.93321539142	0.015479876161	0.0092879256966
-ote	0.0	1.0	0.0	0.0
-oto	0.0	1.0	0.0	0.0
-uma	0.0924613350544	0.856583259081	0.046649315228	0.00430609063643
-umo	0.0251572327044	0.974842767296	0.0	0.0
-umi	0.171424186618	0.372467771639	0.02394106814	0.432166973603
-ako	0.364705882353	0.34806312769	0.207173601148	0.0800573888092
ALL	0.227591578688	0.343699111813	0.0651263125648	0.363582996935
-nai	0.355928672426	0.586005753368	0.0322685023071	0.0257970718994
-nao	0.562653996659	0.325765333426	0.049684551368	0.0618961185476
-aki	0.445936870383	0.324378777703	0.076561450638	0.153122901276
-nac	0.191489361702	0.0	0.0425531914894	0.765957446809
-ake	0.446349230827	0.296248541782	0.195295339461	0.0621068879303
-kio	0.241849148419	0.686618004866	0.0554744525547	0.0160583941606
-aka	0.067740591453	0.514121621754	0.0315432292842	0.386594557509
-nae	0.107271522437	0.0346729634884	0.013673187486	0.844382326589
-sio	0.0166666666667	0.983333333333	0.0	0.0
-kiu	0.48	0.431111111111	0.0444444444445	0.0444444444445
-aku	0.0484806187736	0.305953515923	0.0100547025057	0.635511162798
-nau	0.303442103381	0.651774800586	0.0230600876409	0.0217230083921
-goi	0.0833333333333	0.472222222222	0.376984126984	0.0674603174603
-moe	0.477175536828	0.27119088618	0.121357950075	0.130275626917
-moa	0.382722250126	0.612757408337	0.00150678051231	0.00301356102461
-moo	0.152811735941	0.76597974153	0.0654907439748	0.015717778554
-mom	0.375971731449	0.624028268551	0.0	0.0
-gou	0.0731132075471	0.912735849057	0.0141509433962	0.0
-moi	0.123246492986	0.786573146293	0.0811623246493	0.00901803607216
-poi	0.382236320381	0.573354480571	0.0190325138779	0.0253766851705
-bea	0.0869565217392	0.804347826087	0.108695652174	0.0
-iso	0.0935749448311	0.879689356646	0.0267356985232	0.0
-upu	0.523824803465	0.40911278678	0.035296005134	0.0317664046206
-rea	0.0105263157895	0.984210526316	0.00263157894737	0.00263157894737
-isa	0.0635641316685	0.909194097616	0.0204313280363	0.00681044267876
-upe	0.691582639193	0.134809294169	0.121657167909	0.0519508987286
-eva	0.0908402725208	0.897804693414	0.0113550340651	0.0
-upa	0.296610169491	0.661016949153	0.0169491525424	0.0254237288136
-upo	0.161955019475	0.414122377183	0.388114084684	0.0358085186581
-evi	0.00990099009901	0.955445544554	0.0346534653465	0.0
-haa	0.258587167855	0.250378051415	0.408079498812	0.0829552819184
-hae	0.506835791879	0.363206312767	0.0862699220219	0.0436879733317
-hai	0.665676048081	0.239766965413	0.0366231741293	0.0579338123758
-mau	0.197963656646	0.0860064001438	0.0862275356367	0.629802407574
-hao	0.21410922723	0.74791968419	0.0236573797961	0.0143137087842
-mai	0.223983561929	0.0579407669835	0.0241480875429	0.693927583545
-hau	0.35900644156	0.588071542486	0.0301205090802	0.0228015068738
-mao	0.135404653687	0.414558035411	0.13024896547	0.319788345431
-man	0.824175824176	0.076923076923	0.0659340659341	0.032967032967
-maa	0.22641509434	0.703662597114	0.0665926748058	0.00332963374029
-mae	0.266746843055	0.198436560433	0.507035478052	0.0277811184606
-kii	0.308312379825	0.570477739979	0.0799437952965	0.0412660848987
-uni	0.164233426809	0.700567084629	0.0559743514932	0.0792251370685
-une	0.0345160046279	0.184728114154	0.77188584651	0.00887003470883
-una	0.22850476608	0.416927464367	0.0626309834342	0.291936786119
-nka	0.182432432432	0.554054054054	0.263513513514	0.0
-unu	0.321827663273	0.512788676434	0.150484231438	0.0148994288552
-ada	0.0	1.0	0.0	0.0
-adi	0.0	0.891304347826	0.108695652174	0.0
-iko	0.0464023479844	0.657236209682	0.260134375064	0.0362270672694
-hia	0.38210073849	0.419566848848	0.10391369736	0.0944187153025
-ini	0.13036752101	0.826148764477	0.0280135468495	0.0154701676632
-ino	0.119782874013	0.591768541294	0.244710759674	0.0437378250185
-ina	0.0835571721983	0.447342076118	0.0349660216094	0.434134730074
-ine	0.0172979469791	0.873208260165	0.0370048502209	0.0724889426351
-sea	0.030303030303	0.848484848485	0.0909090909091	0.030303030303
-nou	0.20373156786	0.172855853145	0.0867288594643	0.536683719531
-uii	0.396226415094	0.358490566038	0.150943396226	0.0943396226415
-ohe	0.692074973173	0.16326422672	0.0438875378903	0.100773262217
-oha	0.387525766756	0.538440877007	0.039121744019	0.0349116122181
-uia	0.638050868248	0.254918733198	0.0633200819419	0.0437103166123
-oho	0.705847123948	0.189034388053	0.0246708263156	0.0804476616835
-ohi	0.339927070128	0.508129329646	0.0918771507614	0.0600664494638
-kuu	0.258519479339	0.0345079557095	0.0454861705959	0.661486394356
-eda	0.08	0.874285714286	0.0114285714286	0.0342857142857
-noi	0.775155128361	0.099687715456	0.0998093847588	0.0253477714239
-ooi	0.170068027211	0.725623582767	0.0907029478458	0.0136054421769
-iao	0.0847392044574	0.88894907909	0.0143166692463	0.0119950472063
-iai	0.238086940359	0.406031458377	0.24836783532	0.107513765944
-edo	0.0	0.940298507463	0.0597014925373	0.0
-ooo	0.212389380531	0.619469026549	0.0	0.16814159292
-iau	0.10407239819	0.515837104073	0.307692307692	0.0723981900452
-neo	0.209341117598	0.410341951626	0.370308590492	0.0100083402836
-aoa	0.063817824009	0.894855215069	0.024458813607	0.0168681473151
-oou	0.585365853659	0.268292682927	0.0487804878049	0.0975609756098
-kua	0.020213650819	0.969680200341	0.00711571026043	0.00299043857927
-nei	0.408059510969	0.0834522773025	0.0128092723979	0.495678939331
-aoi	0.48590021692	0.208242950108	0.279826464208	0.0260303687636
-nee	0.481416444135	0.403372782909	0.067206284224	0.0480044887314
-kui	0.305786488092	0.627499783185	0.0328999210141	0.0338138077089
-nea	0.0	1.0	0.0	0.0
-eka	0.00676506765068	0.987084870849	0.00307503075031	0.00307503075031
-hoa	0.262703752073	0.574365000998	0.147370397504	0.0155608494259
-eke	0.27161711252	0.445207599959	0.245611218768	0.0375640687528
-hoe	0.560344827586	0.379310344828	0.0344827586207	0.0258620689655
-hoi	0.234060974677	0.051612205873	0.0160333523531	0.698293467097
-eko	0.00839793281653	0.986434108527	0.00387596899225	0.00129198966408
-hou	0.0788490073061	0.071952163605	0.222015466993	0.627183362095
-uuu	0.0727272727273	0.563636363636	0.0727272727272	0.290909090909
-ase	0.0	1.0	0.0	0.0
-asa	0.0522631824545	0.875874941671	0.032664489034	0.0391973868409
-aso	0.111111111111	0.805555555556	0.0722222222222	0.0111111111111
-rao	0.00774193548387	0.984516129032	0.00774193548387	0.0
-iwa	0.0826698014259	0.272245370125	0.34369807207	0.301386756379
-ero	0.00398250819928	0.977120099953	0.0159300327971	0.00296735905044
-era	0.0310417615165	0.935433136046	0.0260750796739	0.00745002276396
-iwi	0.0317856029916	0.87877843565	0.0791523839203	0.0102835774385
-iwo	0.0705600274019	0.542729919507	0.106867614318	0.279842438774
-ere	0.161290322581	0.741935483871	0.0967741935484	0.0
-azo	0.0	0.879310344828	0.120689655172	0.0
-poo	0.0349726775956	0.951912568306	0.00819672131147	0.00491803278689
-aza	0.0444444444445	0.933333333333	0.0	0.0222222222222
-poe	0.194674711025	0.275809801545	0.0202332639333	0.509282223497
-lae	0.0	0.995095234203	0.0	0.00490476579743
-ike	0.706383430169	0.106258539152	0.0242986554247	0.163059375254
-laa	0.327183271833	0.259532595326	0.366236162362	0.0470479704797
-ika	0.267068565965	0.35274766234	0.271881634174	0.108302137521
-aau	0.135561551054	0.80416886586	0.0293583536731	0.0309112294135
-lao	0.0350877192982	0.929824561404	0.0350877192982	0.0
-lai	0.293637846656	0.603045133225	0.0793909733551	0.0239260467646
-iki	0.26123287246	0.478533589684	0.108673949828	0.151559588029
-'na	0.553976208726	0.288493931097	0.105323871783	0.0522059883943
-lau	0.682274720875	0.24618722588	0.0281891068918	0.0433489463539
-iku	0.0149203037434	0.179201339188	0.0807273344817	0.725151022587
-aai	0.105771974577	0.875204288988	0.0159799386052	0.00304379782956
-noo	0.48537414966	0.300680272109	0.127210884354	0.0867346938775
-aae	0.801369863014	0.157534246575	0.041095890411	0.0
-noa	0.187001967165	0.796394223841	0.00899198723856	0.00761182175544
-aaa	0.0	0.336680196539	0.663319803461	0.0
-ahi	0.0609574277817	0.275525030097	0.0728766580341	0.590640884087
-aho	0.13129785204	0.145726187429	0.14428335389	0.578692606642
-aha	0.181910390316	0.261899647349	0.0569886044392	0.499201357896
-ahe	0.575528098844	0.369071343165	0.0410522120367	0.0143483459546
-ahu	0.22883474285	0.726336583152	0.0312144939329	0.0136141800651
-sau	0.0123456790123	0.975308641975	0.0123456790123	0.0
-olu	0.205246714511	0.182725736777	0.253211551833	0.358815996879
-oli	0.262423890134	0.411165195993	0.28545921868	0.0409516951936
-olo	0.444558047681	0.475851377962	0.0511309144356	0.0284596599217
-ibe	0.363636363636	0.636363636364	0.0	0.0
-ole	0.0968489605998	0.0604462121513	0.0250675680159	0.817637259233
-loo	0.536213468869	0.191867852605	0.228716645489	0.0432020330368
-loi	0.817233916978	0.100924650797	0.0639386189258	0.0179028132992
-loe	0.155	0.61	0.19	0.045
-loa	0.0999648823729	0.115158412141	0.251809772645	0.533066932841
-roa	0.0	1.0	0.0	0.0
-lou	0.611510791367	0.225274584603	0.145805064134	0.0174095598966
-ipi	0.203633789523	0.746814535158	0.033270410571	0.0162812647475
-ipo	0.0243745886788	0.959700680051	0.0134872724023	0.00243745886788
-ipa	0.237004526277	0.713156587368	0.0401351434009	0.0097037429543
-oke	0.110655737705	0.0829918032787	0.0299827437446	0.776369715272
-ewe	0.604838709677	0.0241935483871	0.104838709677	0.266129032258
-ewa	0.173879856529	0.573789469813	0.215141950855	0.0371887228034
-ipu	0.219233724887	0.66088483917	0.091557799978	0.0283236359644
-awi	0.903045479946	0.045569604417	0.00807763200693	0.0433072836304
-awa	0.073708098063	0.649268927784	0.079932337455	0.197090636698
-awe	0.85321466139	0.102559408616	0.0152262728757	0.0289996571183
-sto	0.00418555051987	0.991642228739	0.00307917888563	0.00109304185551
-lei	0.486062936462	0.315164608646	0.106184633884	0.0925878210083
-ioi	0.0974529346623	0.478405315615	0.410852713178	0.0132890365448
-mua	0.0819802467358	0.158942672331	0.185021841398	0.574055239535
-leo	0.0549609333191	0.770202290485	0.159691747833	0.0151450283635
-lea	0.346859501266	0.401068220442	0.17355113932	0.0785211389728
-ioa	0.00446030330063	0.876003568243	0.119536128457	0.0
-oia	0.327705108817	0.0877960937181	0.0315323592786	0.552966438186
-ola	0.364334941256	0.557489596595	0.0498368571204	0.0283386050293
-oio	0.481842327891	0.508819356372	0.00721228021739	0.00212603551956
-iou	0.461244019139	0.235406698565	0.00574162679426	0.297607655502
-alu	0.234428376224	0.425849749488	0.157780118424	0.181941755864
-iba	0.162790697674	0.720930232558	0.116279069767	0.0
-gio	0.0869565217391	0.902173913043	0.0108695652174	0.0
-alo	0.24279653657	0.258106557107	0.0848374488143	0.414259457508
-ali	0.389698278896	0.332672827776	0.237132323085	0.0404965702437
-ale	0.107838934043	0.552248634473	0.0667051639856	0.273207267499
-gia	0.0670391061452	0.893854748603	0.0279329608938	0.0111731843575
-ala	0.405762781388	0.458470686397	0.0768428368382	0.058923695377
-pee	0.219512195122	0.728222996516	0.0418118466899	0.0104529616725
-pea	0.357798165138	0.556574923547	0.0611620795107	0.0244648318043
-elu	0.658867092098	0.312140549909	0.0146537461593	0.0143386118333
-eli	0.31198478123	0.500105685901	0.151764954555	0.0361445783133
-elo	0.583818398458	0.387331487028	0.0108480767478	0.0180020377656
-ogo	0.0	1.0	0.0	0.0
-oga	0.0172413793103	0.948275862069	0.0344827586207	0.0
-ela	0.0534119483234	0.423217215427	0.105423701241	0.417947135009
-ele	0.671103714538	0.218375833701	0.0719974157072	0.0385230360539
-esu	0.00391599375932	0.970404273805	0.0029194784488	0.0227602539868
-ito	0.0175246440307	0.947426067908	0.0219058050383	0.013143483023
-esi	0.0	1.0	0.0	0.0
-eso	0.00303867403315	0.991988950276	0.00497237569061	0.0
-esa	0.0553314269715	0.919130991349	0.0170250544528	0.00851252722638
-ite	0.0125360816537	0.976494846899	0.00470103062013	0.00626804082683
-ese	0.0149253731343	0.985074626866	0.0	0.0
-ita	0.0127770054788	0.92875541745	0.04937034917	0.00909722790089
-ria	0.00859777659648	0.973929322578	0.0163635102965	0.00110939052858
-o'u	0.0478817903043	0.0293034889276	0.00420181468022	0.918612906088
-uda	0.0116748989672	0.982038616974	0.000898069151325	0.00538841490795
-o'o	0.652542372881	0.330508474576	0.0	0.0169491525424
-ude	0.0765306122449	0.877551020408	0.015306122449	0.0306122448979
-o'e	0.103448275862	0.131034482759	0.103448275862	0.662068965517
-udo	0.0333333333333	0.6	0.3	0.0666666666667
-uoo	0.0744985673352	0.127507163324	0.763610315186	0.0343839541547
-'ka	0.08	0.9	0.02	0.0
-hui	0.494480699806	0.287316023327	0.158428214385	0.0597750624826
-uoi	0.0	0.961290322581	0.0387096774194	0.0
-hue	0.358585777707	0.628823982128	0.0069246320909	0.00566560807437
-hua	0.265727293094	0.587352030837	0.0996946400018	0.0472260360675
-'ku	0.560333532453	0.247158111179	0.0750826996017	0.117425656766
-aba	0.0160406362786	0.969923806978	0.00401015906965	0.0100253976741
-abo	0.128	0.472	0.328	0.072
-abi	0.00999000999001	0.942057942058	0.0	0.047952047952
-koe	0.403199727683	0.310016168837	0.0999063909455	0.186877712535
-koa	0.347865418396	0.36271110614	0.0732251294433	0.21619834602
-aei	0.321799307959	0.536332179931	0.0553633217993	0.0865051903114
-koo	0.329174664107	0.619001919386	0.0345489443378	0.0172744721689
-koi	0.555810697284	0.219938392607	0.17989358723	0.0443573228788
-kou	0.00708358822049	0.0298360585296	0.00383276014551	0.959247593104
-oro	0.0487804878048	0.79945799458	0.0162601626016	0.135501355013
-ora	0.0153409391476	0.917150111971	0.0129604485902	0.054548500291
-liu	0.440631058658	0.213600559223	0.151515241223	0.194253140897
-omi	0.038112522686	0.917422867514	0.0417422867513	0.00272232304901
-lio	0.129982984929	0.688350753525	0.16489426349	0.0167719980554
-omo	0.811769663453	0.0858175034564	0.0206435484176	0.0817692846727
-lii	0.0510734015157	0.841325977452	0.0867477874991	0.0208528335334
-lie	0.222536489047	0.157483256397	0.514715692291	0.105264562265
-oma	0.0154369854338	0.852200759975	0.122704243192	0.00965801139962
-lia	0.234248530361	0.672567875225	0.0282578409052	0.0649257535084
-ome	0.0	1.0	0.0	0.0
-ode	0.0231638418079	0.941807909605	0.0350282485876	0.0
-eai	0.212903225806	0.342258064516	0.0451612903226	0.399677419355
-izo	0.672202797203	0.285402097902	0.0292832167832	0.0131118881119
-eho	0.100496277916	0.597394540943	0.263027295285	0.0390818858561
-ehi	0.706440932092	0.258074592366	0.0146186043606	0.0208658711813
-ura	0.0234375	0.93359375	0.04296875	0.0
-ehe	0.617667844523	0.220212014134	0.0881978798587	0.073922261484
-eha	0.27930795469	0.320221439907	0.0985900078435	0.301880597559
-ehu	0.368475630833	0.404078810923	0.182509505703	0.0449360525407
-pai	0.440435465479	0.422929351607	0.085199767637	0.0514354152771
-wau	0.31746107081	0.0283919894556	0.0074901810835	0.646656758651
-apa	0.329847488735	0.522750446706	0.0788958106743	0.0685062538844
-ape	0.129186602871	0.822966507177	0.0478468899521	0.0
-paa	0.440788644262	0.332554029489	0.148064857338	0.0785924689116
-pae	0.515591007977	0.346265409717	0.0380710659899	0.100072516316
-sou	0.528301886792	0.471698113208	0.0	0.0
-wae	0.193277883829	0.768952822471	0.0120670848105	0.0257022088901
-apu	0.256805510003	0.470974089866	0.200065595277	0.0721548048541
-wao	0.285988483685	0.648752399232	0.0383877159309	0.0268714011516
-pau	0.0363778825957	0.180076556865	0.0589077171343	0.724637843405
-wai	0.0748408223383	0.738651299758	0.0689531933496	0.117554684554
-kee	0.155896069287	0.292471685543	0.5236508994	0.0279813457695
-kea	0.522990468082	0.373766716936	0.0462790882262	0.0569637267564
-ohu	0.325581395349	0.428396572827	0.203182374541	0.0428396572828
-keo	0.0291560102302	0.0511508951407	0.915089514067	0.00460358056266
-nue	0.0689655172413	0.931034482759	0.0	0.0
-kei	0.183486238532	0.45871559633	0.339449541284	0.0183486238532
-nua	0.00706728406733	0.958332353514	0.0270987759788	0.00750158644018
-keu	0.080974325214	0.188281764319	0.21922317314	0.511520737327
-nuu	0.0	1.0	0.0	0.0
-sua	0.126050420168	0.840336134454	0.0	0.0336134453781
-dia	0.0216465578424	0.947480482612	0.0266146202981	0.0042583392477
-dio	0.0269230769231	0.903846153846	0.0423076923077	0.0269230769231
-'hi	0.197826086957	0.653804347826	0.148369565217	0.0
-iha	0.502792736882	0.103701627595	0.368360993774	0.0251446417489
-uku	0.345270374447	0.447317921856	0.175409566089	0.0320021376091
-ihe	0.204038864546	0.663935987807	0.0960182891979	0.0360068584492
-ihi	0.301208763848	0.477035970151	0.135156488422	0.0865987775782
-iho	0.328665616588	0.0352890876127	0.103955859245	0.532089436555
-ova	0.150703586019	0.715388107127	0.0186109850204	0.115297321834
-uka	0.241225902093	0.626236650546	0.038884753464	0.0936526938971
-uke	0.106743955889	0.883830529243	0.00659786040812	0.00282765446063
-ihu	0.314410480349	0.582969432314	0.102620087336	0.0
-uki	0.414651637989	0.354914772123	0.195168071939	0.0352655179494
-uko	0.207622983755	0.718558062109	0.0627977728029	0.0110211813329
-aiu	0.0507399577167	0.873150105708	0.076109936575	0.0
-aie	0.545717756287	0.39347908886	0.0317233851406	0.0290797697122
-aia	0.529116615618	0.302607964264	0.0664113445879	0.101864075531
-tia	0.00711743772241	0.935943060498	0.0498220640569	0.00711743772242
-aio	0.0710214071869	0.659792900255	0.151061346848	0.11812434571
-tio	0.043956043956	0.945054945055	0.0	0.010989010989
-aii	0.959634424981	0.040365575019	0.0	0.0
-eme	0.0	0.979591836735	0.0204081632653	0.0
-uwe	0.410803495766	0.450913446718	0.078662557575	0.0596204999407
-ema	0.0926368634951	0.853773209021	0.0398836560682	0.013706271416
-uwa	0.155967626268	0.760803196394	0.0554451388177	0.0277840385206
-uwo	0.675213675214	0.290598290598	0.034188034188	0.0
-emo	0.335695484916	0.431666329216	0.075116420328	0.15752176554
-emi	0.0819016824489	0.730630518592	0.107662515323	0.0798052836357
-uwi	0.695568262064	0.174175509085	0.0729434881566	0.0573127406944
-emu	0.285974499089	0.200364298725	0.486338797814	0.0273224043716
-inu	0.653219249749	0.308154659156	0.0315035494742	0.00712254162025
-eta	0.0356586953446	0.949059006651	0.0152822980048	0.0
-ete	0.0113636363636	0.974431818182	0.0	0.0142045454545
-eti	0.198113207547	0.783018867924	0.0	0.0188679245283
-eto	0.0340599455041	0.905746841714	0.0509041367352	0.00928907604657
-bua	0.0625	0.875	0.0625	0.0
-weu	0.0244897959183	0.783673469388	0.191836734694	0.0
-ate	0.0	1.0	0.0	0.0
-ata	0.0785498489426	0.885196374622	0.0302114803625	0.00604229607252
-ato	0.0188611845395	0.919625634064	0.0351503893692	0.0263627920269
-ati	0.0200577200577	0.947907647908	0.00606060606061	0.025974025974
-ose	0.0327897293546	0.96486814712	0.00182165163081	0.000520471894517
-'la	0.610169491525	0.0338983050848	0.0169491525424	0.338983050847
-kai	0.273863342803	0.379086489314	0.297557654021	0.0494925138625
-uli	0.44344914263	0.369660707831	0.10105645948	0.0858336900589
-kao	0.00216493171444	0.991340273142	0.00649479514333	0.0
-ulo	0.00648588973987	0.984199268612	0.00455392258332	0.00476091906437
-kaa	0.609849336631	0.297279064538	0.0384528895885	0.0544187092422
-ula	0.028273561748	0.837441248424	0.125115727843	0.00916946198493
-kae	0.335238095238	0.438095238095	0.182857142857	0.0438095238095
-ule	0.439151347766	0.439525341599	0.10182874689	0.0194945637454
-nia	0.0762153996559	0.85388539403	0.04892944442	0.0209697618943
-nio	0.0202761946515	0.861902674266	0.11058746164	0.00723366944323
-kau	0.30152801815	0.180987353199	0.255342234816	0.262142393835
-ulu	0.603316292595	0.316063118819	0.0419350374486	0.0386855511373
-kue	0.146913258661	0.321698358948	0.531388382391	0.0
-ile	0.351610066297	0.595115681234	0.0213097009877	0.0319645514815
-ila	0.137928486358	0.178069151733	0.0490848835332	0.634917478375
-ilo	0.768962611839	0.121451119025	0.0268605849032	0.0827256842325
-ili	0.493942284193	0.358969669752	0.0714465107847	0.0756415352711
-oao	0.299261417536	0.616648597371	0.0350996069928	0.0489903781
-oai	0.666666666667	0.172972972973	0.081081081081	0.0792792792793
-ebo	0.037037037037	0.888888888889	0.0740740740741	0.0
-amu	0.3185088293	0.576520601701	0.0892740353172	0.0156965336821
-ebe	0.0102040816326	0.989795918367	0.0	0.0
-oaa	0.88661303996	0.0488897050816	0.00937435271055	0.0551229022483
-ami	0.227397260274	0.657534246575	0.112328767123	0.0027397260274
-amo	0.111527453371	0.836023593764	0.0314693717188	0.0209795811458
-ama	0.38567783675	0.488983338595	0.100609972328	0.0247288523265
-iro	0.228571428571	0.742857142857	0.0	0.0285714285714
-eio	0.268456375839	0.362416107383	0.302013422819	0.0671140939597
-hio	0.0507462686567	0.877611940298	0.0194029850746	0.0522388059701
-eia	0.213054817232	0.138026830989	0.0426894129951	0.606228938784
-ire	0.0	1.0	0.0	0.0
-usa	0.04	0.96	0.0	0.0
-hie	0.175257731959	0.40206185567	0.278350515464	0.144329896907
-osa	0.0238095238095	0.964285714286	0.0	0.0119047619048
-oua	0.432050274941	0.373527101335	0.151217596229	0.0432050274941
-hiu	0.0170616113744	0.656872037915	0.326066350711	0.0
-epe	0.536312849162	0.316201117318	0.120670391061	0.0268156424581
-epa	0.0698582466626	0.905479425122	0.0132119615438	0.0114503666713
-epo	0.0303160795797	0.912496770304	0.0540866419775	0.00310050813883
-a-u	0.8125	0.09375	0.09375	0.0
-epi	0.084388185654	0.818565400844	0.0759493670886	0.0210970464135
-a-i	0.233031674208	0.631221719457	0.115384615385	0.0203619909502
-epu	0.129032258065	0.838709677419	0.0322580645161	0.0
-a-e	0.327272727273	0.363636363636	0.254545454545	0.0545454545455
-pia	0.0851063829786	0.914893617021	0.0	0.0
-ira	0.00486618004867	0.990267639903	0.00486618004867	0.0
-pii	0.419926717927	0.210305369778	0.00912376412098	0.360644148174
-pio	0.200868372943	0.444755484461	0.336208866545	0.0181672760512
-iua	0.267857142857	0.303571428571	0.321428571429	0.107142857143
-ueu	0.516864175023	0.338195077484	0.0957155879672	0.049225159526
-uee	0.394327538884	0.44647758463	0.11527904849	0.0439158279964
-iii	0.0952380952381	0.714285714286	0.15873015873	0.031746031746
-owa	0.159756969264	0.713009292352	0.0854181558256	0.041815582559
-uhu	0.138275499474	0.465299684543	0.374342797056	0.0220820189274
-iia	0.627914455253	0.253193692865	0.0748784840223	0.0440133678603
-ago	0.0	0.987951807229	0.0120481927711	0.0
-uhi	0.533761367469	0.318734158696	0.101560457395	0.0459440164404
-age	0.133333333333	0.833333333333	0.0333333333333	0.0
-uha	0.376486743576	0.374047876183	0.191104213304	0.0583611669373
-ege	0.0078125	0.9765625	0.0078125	0.0078125
-one	0.00291545189505	0.953352769679	0.0233236151603	0.0204081632653
-anu	0.361079780435	0.523422813745	0.106925332732	0.0085720730882
-ega	0.080760835672	0.74524477705	0.166510757717	0.00748362956034
-ona	0.0487193745045	0.213093052695	0.0185597209223	0.719627851878
-ono	0.148707636622	0.24211047348	0.357716283314	0.251465606583
-uro	0.0485268630849	0.930675909879	0.0103986135182	0.0103986135182
-oni	0.300505349266	0.57846434668	0.0649517467507	0.0560785573039
-ana	0.249413684653	0.317137838602	0.02218558719	0.411262889554
-onu	0.099783666847	0.594645754462	0.240941049216	0.0646295294754
-ane	0.0211953399448	0.924589608115	0.0432665593008	0.0109484926398
-ani	0.0844301604658	0.756639015685	0.0907260372389	0.0682047866107
-ano	0.127691195199	0.385887936873	0.176080723484	0.310340144444
-mia	0.299701789264	0.271496023857	0.401590457257	0.0272117296222
-oea	0.525291828794	0.229571984436	0.163424124514	0.0817120622568
-eno	0.125874125874	0.86013986014	0.013986013986	0.0
-eni	0.456403269755	0.517711171662	0.016348773842	0.00953678474115
-oee	0.366666666667	0.42	0.0	0.213333333333
-ene	0.0594854753551	0.427637676881	0.164230444425	0.34864640334
-aao	0.143631436314	0.60433604336	0.158536585366	0.0934959349594
-ena	0.202666267392	0.525826923673	0.0608429167635	0.210663892171
