agu-	0.65700067806	0.194161791916	0.0609793938837	0.0878581361406
tut-	0.328248229491	0.184601394362	0.0685111190719	0.418639257075
enf-	0.0555473675591	0.868811921723	0.0275935478588	0.0480471628592
eho-	0.515870570108	0.363944530046	0.0770416024653	0.0431432973806
eir-	0.141926720263	0.511913656063	0.0136867713102	0.332472852364
gw'-	0.146493916126	0.492669983035	0.0775530104574	0.283283090381
fig-	0.0	1.0	0.0	0.0
maa-	0.0	1.0	0.0	0.0
mur-	0.27965786203	0.425110088719	0.0967795667894	0.198452482461
ngy-	0.52732309242	0.0805842357089	0.0332409972299	0.358851674641
000-	0.0589513574099	0.0503429266377	0.00731221001826	0.883393505934
omo-	0.0346433925894	0.0922708288713	0.0300385521525	0.843047226387
ogo-	0.285961040207	0.475482199405	0.0129546108819	0.225602149506
nas-	0.390661940963	0.246040716491	0.112646918999	0.250650423546
mah-	0.050517311907	0.816042489083	0.0784997123273	0.0549404866823
eda-	0.0325203252032	0.967479674797	0.0	0.0
tum-	0.480832877283	0.268678497902	0.0674171943815	0.183071430433
eno-	0.00811907983761	0.983761840325	0.0	0.00811907983761
eka-	0.553985717005	0.274735885052	0.0391150449355	0.132163353007
baf-	0.178986584617	0.260615488826	0.489319931344	0.0710779952125
opi-	0.888888888889	0.0740740740741	0.0	0.037037037037
lis-	0.16562021061	0.773817175063	0.0135956889307	0.0469669253968
aba-	0.217005932533	0.389889063244	0.071588948411	0.321516055812
ana-	0.298107742807	0.540297354702	0.0289051940529	0.132689708438
mpy-	0.0488599348534	0.13680781759	0.814332247557	0.0
yal-	0.528265494438	0.308908340595	0.10182242272	0.0610037422464
yaz-	0.502463766022	0.374420184096	0.0295507420198	0.0935653078624
bap-	0.311538461539	0.565384615385	0.0346153846154	0.0884615384615
nun-	0.0139921294272	0.101005684303	0.856580673371	0.028421512899
der-	0.00947119179162	0.990528808208	0.0	0.0
z'e-	0.140489493755	0.643283182307	0.124578260659	0.0916490632794
hat-	0.203963325004	0.249081287667	0.0832812729679	0.463674114361
kat-	0.211789336502	0.351561610376	0.150357671757	0.286291381365
bao-	0.842105263158	0.0526315789474	0.105263157895	0.0
neg-	0.486512996567	0.287886218735	0.0951446787641	0.130456105934
zin-	0.164858339018	0.0646072584093	0.645701766056	0.124832636516
ruy-	0.0	0.952817824377	0.0353866317169	0.0117955439056
mil-	0.239638354128	0.676005587764	0.0163675933643	0.0679884647437
tib-	0.405448134816	0.260269090155	0.105035689352	0.229247085677
gan-	0.107329404419	0.063448916503	0.209656296161	0.619565382917
teh-	0.220994475138	0.630939226519	0.148066298343	0.0
yer-	0.0141908451261	0.931101272828	0.0016602102933	0.0530476717528
mbi-	0.290823393538	0.567697908253	0.0936818407057	0.0477968575029
ari-	0.0257648953301	0.972088030059	0.0	0.00214707461084
oku-	0.298989311714	0.407067740787	0.0751010335835	0.218841913916
lya-	0.0910912293398	0.140840927108	0.0467453343977	0.721322509154
bay-	0.403007824408	0.449288125642	0.0619291174113	0.0857749325385
zon-	0.0417305752768	0.0709221892902	0.038841722189	0.848505513244
nka-	0.359549483477	0.10859126275	0.0395313195651	0.492327934208
tus-	0.374916210807	0.20449953828	0.0491696080775	0.371414642835
tai-	0.494739455042	0.180653415058	0.0731320769128	0.251475052987
kel-	0.0262725779967	0.963875205255	0.00985221674875	0.0
paf-	0.0	1.0	0.0	0.0
hum-	0.518181818182	0.372727272727	0.0545454545455	0.0545454545455
dek-	0.0	0.988549618321	0.0	0.0114503816794
kum-	0.539698786042	0.18118269422	0.0457101899727	0.233408329765
bik-	0.339485204673	0.338320549646	0.131710424189	0.190483821493
ihe-	0.0174114915844	0.888276262333	0.0609402205456	0.0333720255369
oko-	0.623829534116	0.0996479008366	0.104766290583	0.171756274465
zaw-	0.079754601227	0.234151329243	0.0184049079754	0.667689161554
nen-	0.569631161668	0.335573940021	0.0430885901413	0.0517063081696
has-	0.344588344126	0.197502312673	0.0219703977798	0.435938945421
eik-	0.20479755232	0.244587392945	0.138421798392	0.412193256342
ong-	0.689636663588	0.203998831766	0.0527678451617	0.0535966594836
her-	0.0271979405675	0.885947730707	0.0332419273602	0.0536124013655
mul-	0.43964796561	0.208536997528	0.0416448715254	0.310170165337
gaw-	0.205447288096	0.0394458793144	0.0302888001878	0.724818032402
ate-	0.451181569195	0.177571115413	0.0420037554611	0.329243559931
nta-	0.318343329144	0.256708498048	0.163396054856	0.261552117952
yoz-	0.0106135369146	0.985476212643	0.000558607206031	0.0033516432362
kam-	0.360801642443	0.191181527441	0.10743059654	0.340586233576
eru-	0.219995829419	0.413381943257	0.266247109295	0.10037511803
buj-	0.149356893857	0.480466402212	0.324077413151	0.0460992907801
ety-	0.41257367387	0.174852652259	0.294695481336	0.117878192534
biy-	0.23467617579	0.64967232074	0.0722821896685	0.0433693138011
sin-	0.116873434581	0.777955552577	0.00314130862729	0.102029704214
kim-	0.179396354513	0.107502710558	0.0616020390206	0.651498895909
bec-	0.420169616519	0.323561946903	0.0645280235988	0.191740412979
dor-	0.0	1.0	0.0	0.0
tag-	0.214665636223	0.285993544574	0.0482793108151	0.451061508387
ler-	0.178830200567	0.0774965872099	0.0605901501627	0.68308306206
pat-	0.0224418915309	0.977558108469	0.0	0.0
osh-	0.352794741141	0.267803357647	0.0208233624834	0.358578538729
alt-	0.0532544378698	0.94674556213	0.0	0.0
gwi-	0.325546439532	0.3297425941	0.114423498466	0.230287467903
maw-	0.0042735042735	0.960113960114	0.0235042735042	0.0121082621083
buc-	0.316907051282	0.316907051282	0.161858974359	0.204326923077
tuz-	0.39971448965	0.471805852962	0.0963597430407	0.0321199143468
noy-	0.486407471041	0.286198248628	0.0932078922574	0.134186388073
ehy-	0.184611662231	0.319138640213	0.445439148318	0.0508105492379
nye-	0.26902791869	0.401699134357	0.062264039884	0.267008907069
gen-	0.0722433460076	0.832699619772	0.0	0.0950570342205
chw-	0.18300307301	0.0642859665854	0.0748825544841	0.67782840592
lig-	0.37309441027	0.376838726932	0.0494784701792	0.200588392618
ngw-	0.962962962963	0.037037037037	0.0	0.0
nza-	0.442528735632	0.0344827586207	0.0344827586207	0.488505747127
uzi-	0.0	1.0	0.0	0.0
kid-	0.0	1.0	0.0	0.0
mar-	0.0905510384101	0.0990989309675	0.0019705619876	0.808379468635
mwi-	0.311420243962	0.38179555269	0.0518533858787	0.254930817469
bac-	0.626809742804	0.140265712826	0.11156532107	0.121359223301
por-	0.0989010989011	0.901098901099	0.0	0.0
pas-	0.0112520683949	0.979481522339	0.0	0.0092664092664
rwi-	0.0692063833218	0.584084681103	0.296158186019	0.0505507495566
ent-	0.0915408542172	0.755664253819	0.0410423108694	0.111752581095
nge-	0.26516458775	0.375749806899	0.0483163240152	0.310769281336
zer-	0.00869414014953	0.99130585985	0.0	0.0
nai-	0.150839750658	0.0446211895853	0.0133192573424	0.791219802414
bak-	0.464721712144	0.263601591979	0.0698642334937	0.201812462383
kab-	0.369392235644	0.152766666814	0.110383911492	0.367457186049
nkw-	0.656598603953	0.125187553004	0.0388153173723	0.17939852567
276-	0.0	0.269230769231	0.0	0.730769230769
eso-	0.592216582064	0.324873096447	0.082910321489	0.0
lin-	0.148610465324	0.319503558782	0.173682892807	0.358203083086
zis-	0.34358663952	0.33395696913	0.241016893193	0.0814394981565
gug-	0.382335242962	0.344738902856	0.0980917446317	0.17483410955
epa-	0.154006606294	0.733644312065	0.0896267954663	0.0227222861746
yac-	0.471608832808	0.417981072555	0.0347003154574	0.0757097791797
bwa-	0.088289601273	0.190965081698	0.0166264814489	0.70411883558
k'a-	0.443854237165	0.251367064385	0.0783530894938	0.226425608956
asi-	0.378193173155	0.312104245447	0.0486961746041	0.261006406794
gun-	0.083898700088	0.189756072298	0.305039100937	0.421306126677
nan-	0.13253749465	0.0382807082543	0.0226537955795	0.806528001516
enk-	0.116530335007	0.768366159701	0.0449894475371	0.0701140577543
mpe-	0.252444058223	0.67477731914	0.033673691071	0.0391049315664
153-	0.0756302521008	0.0	0.0	0.924369747899
eyo-	0.148918490167	0.038878956513	0.017173217838	0.795029335482
ruk-	0.116158037796	0.56405632061	0.243716748039	0.0760688935551
nog-	0.618043216071	0.214073303442	0.0531684727069	0.11471500778
kya-	0.147284198786	0.143816497317	0.0224576393441	0.686441664553
amu-	0.486189496802	0.106950772347	0.0208289293139	0.386030801537
tol-	0.46758552048	0.28823160309	0.0667633122011	0.17741956423
mel-	0.0213396561944	0.951985773563	0.000889152341436	0.0257854179016
haz-	0.333333333333	0.503546099291	0.163120567376	0.0
onn-	0.09963099631	0.0738007380074	0.0	0.826568265683
ail-	0.617529880478	0.135458167331	0.00796812749004	0.239043824701
hah-	0.0998668442077	0.750998668442	0.14913448735	0.0
mir-	0.19333684642	0.564260202588	0.159552667018	0.0828502839744
isa-	0.002953794219	0.991138617343	0.002953794219	0.002953794219
kez-	0.448243992606	0.426987060998	0.124768946396	0.0
aiz-	0.644958807375	0.0937622597097	0.00706159278149	0.254217340133
mus-	0.138504177142	0.488603629671	0.0655338559678	0.30735833722
eut-	0.0863309352518	0.913669064748	0.0	0.0
pud-	0.0	1.0	0.0	0.0
dio-	0.0532172230285	0.946782776971	0.0	0.0
igu-	0.0337078651685	0.784109149278	0.0413322632424	0.140850722311
yah-	0.659663572546	0.144014762931	0.0630058938082	0.133315770715
bab-	0.385575042278	0.122709865423	0.0481240306889	0.443591061611
ita-	0.0113329186224	0.801707855002	0.00508963411186	0.181869592264
nyu-	0.14708886619	0.228396322778	0.284780388151	0.33973442288
tuh-	0.525954926666	0.167951826384	0.144222743352	0.161870503597
enj-	0.0685708946317	0.546923989842	0.241884582887	0.142620532639
war-	0.477796624024	0.224516695958	0.133179384477	0.164507295541
aku-	0.683381391772	0.202149814174	0.0316673074458	0.0828014866077
kom-	0.109523809524	0.0857142857143	0.228571428571	0.576190476191
emu-	0.495407481969	0.288888257522	0.100820280949	0.11488397956
tow-	0.0	0.0182328190743	0.913043478261	0.0687237026648
ali-	0.502696376242	0.129567311129	0.0421440568937	0.325592255736
eiy-	0.163596370635	0.813307671158	0.0230959582073	0.0
zam-	0.188737277709	0.0811430488759	0.702605972486	0.0275137009283
non-	0.629167163279	0.196609480275	0.0392616014527	0.134961754994
muz-	0.148979799669	0.67060397318	0.122419010716	0.0579972164354
iua-	0.2353506244	0.674991994877	0.0672430355427	0.022414345181
mal-	0.16296509951	0.741851745025	0.0836458032882	0.0115373521777
sab-	0.00884909138793	0.959863049776	0.0	0.0312878588359
nyi-	0.128665415111	0.438444143259	0.0924088225369	0.340481619093
aki-	0.539882648243	0.336615523684	0.0353669461909	0.0881348818815
ole-	0.568477645727	0.211438093441	0.122366849022	0.0977174118091
oik-	0.533015115354	0.244232299125	0.0405727923627	0.182179793158
zit-	0.367623424405	0.362562924199	0.104627944764	0.165185706633
zow-	0.45584045584	0.458689458689	0.0	0.0854700854701
eko-	0.48322736242	0.407220638749	0.0129357597018	0.0966162391289
n'a-	0.122284950976	0.539643079128	0.068198501581	0.269873468315
nfe-	0.511705685619	0.200668896321	0.0351170568562	0.252508361204
sir-	0.0209867452135	0.979013254786	0.0	0.0
emo-	0.196417541692	0.0599135268684	0.0696417541693	0.67402717727
fez-	0.0	0.885662431942	0.10889292196	0.005444646098
ntw-	0.307130114519	0.335788686194	0.095816308914	0.261264890372
lim-	0.228394741842	0.139814478935	0.0345476844414	0.597243094782
mab-	0.0709682814131	0.528145896329	0.0126237763973	0.388262045861
ira-	0.200784886374	0.766359404947	0.019165830063	0.0136898786164
and-	0.0670540902995	0.902101028163	0.00134108180599	0.0295037997318
ALL	0.231762208055	0.299096642078	0.0541514567539	0.414989693112
iny-	0.0292843542212	0.0322404473747	0.00328489966011	0.935190298744
bir-	0.209260153672	0.442382890049	0.194673223062	0.153683733217
noa-	0.020725388601	0.974093264249	0.0	0.00518134715025
ohu-	0.381730549852	0.293064111339	0.146731690623	0.178473648186
oye-	0.472601335143	0.290657337134	0.0818159013456	0.154925426377
per-	0.0	0.995043370508	0.0	0.00495662949194
tiw-	0.507701028647	0.21727869336	0.122105777385	0.152914500608
eby-	0.180162422659	0.194587216891	0.0347517063911	0.590498654059
nea-	0.0	1.0	0.0	0.0
big-	0.183658722185	0.564448853923	0.0591960815383	0.192696342353
rur-	0.385816108339	0.465751960086	0.066108339273	0.0823235923022
bae-	0.0	0.944444444444	0.0185185185185	0.037037037037
nke-	0.167561269586	0.662388509442	0.109865407794	0.060184813178
tel-	0.467872040664	0.217215945192	0.190668250504	0.12424376364
gaa-	0.396139166177	0.534497944803	0.0539489136817	0.0154139753377
atw-	0.463611059566	0.253033958063	0.0246799035071	0.258675078864
lid-	0.0315078769692	0.968492123031	0.0	0.0
zim-	0.349790519343	0.454113091436	0.0391967832769	0.156899605943
div-	0.0193548387097	0.959139784946	0.0	0.0215053763441
ahw-	0.680405554331	0.193960767027	0.0793475865109	0.0462860921313
gas-	0.243654578626	0.30017924015	0.149777550171	0.306388631053
ata-	0.447717541484	0.163098678173	0.0827679223504	0.306415857993
far-	0.0728274173806	0.899132079671	0.0140202514744	0.0140202514743
biz-	0.347708894879	0.264690026954	0.290566037736	0.0970350404311
ego-	0.0862127371274	0.194500903342	0.0925925925926	0.626693766938
ono-	0.79746835443	0.20253164557	0.0	0.0
baw-	0.0721005037325	0.0698549493233	0.0131091824968	0.844935364447
oka-	0.479129193025	0.304642558093	0.0998750981855	0.116353150696
muh-	0.277330607812	0.463327359356	0.160307287539	0.0990347452933
lev-	0.0214745884037	0.974230493916	0.0	0.00429491768074
tw'-	0.403481012658	0.517405063291	0.0316455696202	0.0474683544304
elu-	0.0	0.874804381847	0.0782472613459	0.0469483568075
ami-	0.0182926829268	0.127235772358	0.000609756097559	0.853861788618
zat-	0.499920012798	0.34138537834	0.0771076627739	0.0815869460886
nec-	0.18991486575	0.580877537656	0.170268500328	0.0589390962671
iku-	0.088683351469	0.250128858599	0.0834717370139	0.577716052918
lek-	0.434234234234	0.338738738739	0.036036036036	0.190990990991
tek-	0.506607929516	0.14449339207	0.063436123348	0.285462555066
gaj-	0.519342359768	0.287234042553	0.193423597679	0.0
kub-	0.359088086535	0.0933165831982	0.037485955477	0.51010937479
eub-	0.0	1.0	0.0	0.0
adi-	0.0	0.993890020367	0.00610997963341	0.0
bug-	0.202084324384	0.608061111855	0.128751945539	0.0611026182218
kir-	0.037450997094	0.82858972223	0.0291602199553	0.104799060721
tal-	0.222032587638	0.170367530043	0.0286763358955	0.578923546424
ehe-	0.188976377953	0.503937007874	0.283464566929	0.0236220472441
ogy-	0.576446082666	0.0788554205302	0.0174700992532	0.32722839755
mez-	0.0415094339623	0.932075471698	0.0	0.0264150943396
k'o-	0.168007302717	0.292169030227	0.0240726842667	0.51575098279
bin-	0.0991270119296	0.177236263266	0.384671237361	0.338965487444
kos-	0.0	1.0	0.0	0.0
rod-	0.0229007633588	0.977099236641	0.0	0.0
kis-	0.211396623381	0.535723972913	0.0921648669797	0.160714536726
by'-	0.192531549486	0.466656002015	0.258286256418	0.0825261920817
450-	0.0799999999999	0.39	0.02	0.51
nem-	0.74802671524	0.166970248937	0.0	0.0850030358227
aih-	0.52883209102	0.212753295744	0.0910805604026	0.167334052833
mua-	0.0670391061453	0.865921787709	0.0	0.0670391061453
rwo-	0.216167855788	0.383724583012	0.186191453911	0.21391610729
kye-	0.356205328135	0.413125406108	0.136777128005	0.0938921377518
wan-	0.132729446625	0.0477997556728	0.00565331531204	0.81381748239
pon-	0.0	0.992907801418	0.0	0.00709219858155
kur-	0.31077699083	0.154028941687	0.131312861677	0.403881205806
hig-	0.886780905753	0.113219094247	0.0	0.0
sik-	0.0779266572638	0.739598025388	0.00264456981665	0.179830747532
nga-	0.383365050935	0.35949848875	0.0664950184708	0.190641441845
ben-	0.308224327169	0.589159524883	0.0293188994136	0.0732972485341
bog-	0.878048780488	0.121951219512	0.0	0.0
kij-	0.213758389262	0.618791946309	0.129865771812	0.0375838926175
beg-	0.122802601773	0.627816710162	0.10644216885	0.142938519215
mpa-	0.0969577856938	0.171013661985	0.29691957035	0.43510898197
gol-	0.0	0.980066445183	0.0	0.0199335548173
bun-	0.140080257791	0.318375685725	0.187208133016	0.354335923468
ili-	0.0321428571429	0.439285714286	0.496428571429	0.0321428571429
map-	0.247477351403	0.752522648597	0.0	0.0
nar-	0.402252679474	0.159243486508	0.0651442173581	0.37335961666
gat-	0.384331125438	0.253509964981	0.122118870279	0.240040039303
z'o-	0.18191827288	0.674108188641	0.112981512542	0.0309920259368
enc-	0.13990649589	0.471183750192	0.362645718589	0.0262640353295
yem-	0.703808277667	0.213277322498	0.055919013842	0.0269953859927
iwe-	0.0902391025366	0.0387988996617	0.0013815631927	0.869580434609
pur-	0.0	0.992574257426	0.00247524752475	0.0049504950495
gur-	0.206691260895	0.183225421899	0.479924673743	0.130158643462
eya-	0.153895238152	0.547937523647	0.022800295476	0.275366942725
the-	0.0	1.0	0.0	0.0
ani-	0.206896551724	0.222281167109	0.49124668435	0.0795755968169
ntu-	0.138575184912	0.683190511322	0.0493918241492	0.128842479617
evo-	0.0909090909091	0.909090909091	0.0	0.0
tiz-	0.43892578534	0.408376597926	0.110793151398	0.0419044653355
oig-	0.468197879859	0.180212014134	0.263250883392	0.0883392226148
goo-	0.164719626168	0.665887850467	0.0292056074766	0.140186915888
abi-	0.458885202579	0.396504229681	0.0578080342396	0.0868025335
aka-	0.477595379526	0.234263275517	0.0528941657238	0.235247179233
ele-	0.483524567843	0.350839115078	0.0798551413835	0.085781175696
n'o-	0.167326748883	0.335072390308	0.0501891792897	0.447411681519
ahu-	0.839120441914	0.0694621613572	0.00597910684282	0.0854382898856
ban-	0.118618859572	0.337535813165	0.203210358163	0.340634969101
ene-	0.0	1.0	0.0	0.0
nsi-	0.032690938971	0.854699131561	0.00998872831575	0.102621201152
hal-	0.136362751636	0.0857256128855	0.0503042018683	0.72760743361
ter-	0.021883548261	0.967174677608	0.0109417741305	0.0
tiy-	0.510331537442	0.233718487611	0.0802820351937	0.175667939754
zai-	0.0593661588322	0.0989546668083	0.0230119409726	0.818667233387
okw-	0.142487711386	0.0900977243564	0.00856362734761	0.75885093691
guk-	0.530271473984	0.215736151133	0.115034454176	0.138957920707
bwe-	0.249289172366	0.459566074951	0.109736417429	0.181408335254
nam-	0.614482626591	0.149145514349	0.0612706234228	0.175101235637
ebe-	0.391509902465	0.329204823106	0.112423273276	0.166862001152
ale-	0.476608421164	0.324483608813	0.0596341289626	0.13927384106
ow'-	0.31553072266	0.357665040249	0.211800870701	0.115003366389
ker-	0.0	1.0	0.0	0.0
sid-	0.0	1.0	0.0	0.0
bon-	0.0423631217877	0.0963371885737	0.00998078514809	0.851318904491
oli-	0.42421152094	0.133643243928	0.0162298869771	0.425915348155
won-	0.432692307692	0.331730769231	0.163461538462	0.0721153846154
oty-	0.229965156794	0.381533101045	0.0540069686411	0.334494773519
dau-	0.00446735395189	0.974914089347	0.0020618556701	0.0185567010309
tok-	0.324917746592	0.363862217149	0.107097294031	0.204122742228
ero-	0.233757961783	0.637579617835	0.0866242038216	0.0420382165605
net-	0.279340309281	0.561039537087	0.0871489344543	0.0724712191778
bic-	0.0116399379203	0.959260217279	0.0213398861873	0.00775995861355
kon-	0.226576762264	0.212796655085	0.153112301985	0.407514280667
itu-	0.129339956329	0.7575881399	0.0728486968958	0.040223206875
eli-	0.229297204238	0.337724524024	0.10050920985	0.332469061889
eis-	0.118496914705	0.701313781882	0.124694508581	0.0554947948313
yul-	0.0	1.0	0.0	0.0
imu-	0.603746397695	0.173631123919	0.0115273775216	0.211095100865
nal-	0.658200730752	0.263368363424	0.0178522547398	0.0605786510836
mut-	0.287567718982	0.412155852	0.108167157326	0.192109271692
eto-	0.176706128134	0.610898328691	0.0522284122563	0.160167130919
maf-	0.0686723348594	0.795945062132	0.0372792674951	0.0981033355134
eij-	0.315475795328	0.50752731001	0.0921127363118	0.0848841583501
gid-	0.130681818182	0.869318181818	0.0	0.0
waw-	0.0549803703575	0.0943265121773	0.00599312093944	0.844699996526
tuk-	0.431210917262	0.208027814531	0.0590016038712	0.301759664336
afi-	0.0676215073962	0.254754637239	0.549424747593	0.128199107772
nim-	0.534722809251	0.130734364318	0.0460957409403	0.28844708549
tor-	0.341585934697	0.611051309652	0.0043057050592	0.043057050592
omw-	0.0691049705696	0.692204862128	0.0354768502135	0.203213317089
yoe-	0.0	1.0	0.0	0.0
yam-	0.529197152415	0.177236762933	0.04740751038	0.246158574272
oru-	0.228030177246	0.570286946681	0.0733362941877	0.128346581885
ega-	0.225167678058	0.660651549026	0.0519003513255	0.0622804215905
ina-	0.0	0.264367816092	0.0	0.735632183908
ema-	0.205767636129	0.42139369184	0.163999877154	0.208838794877
baa-	0.17897753509	0.668488291128	0.0223183200792	0.130215853703
lir-	0.31291814197	0.299545121719	0.175976960189	0.211559776122
nki-	0.496389124894	0.426083262532	0.0686066270179	0.00892098555651
mai-	0.101560371999	0.425969882097	0.0124129343554	0.460056811549
baj-	0.376165871587	0.307170188931	0.183398995557	0.133264943925
pen-	0.0	1.0	0.0	0.0
rab-	0.0170777988615	0.907020872865	0.0	0.0759013282732
ape-	0.0	1.0	0.0	0.0
nzi-	0.245631552671	0.484772840739	0.171560840557	0.0980347660328
ofe-	0.20799407846	0.181347150259	0.0666173205033	0.544041450777
aja-	0.348360655738	0.200819672131	0.450819672131	0.0
ogu-	0.11761542708	0.135789044464	0.0736772307538	0.672918297702
gim-	0.135593220339	0.593220338983	0.0	0.271186440678
azi-	0.430920219913	0.347122243787	0.082012968889	0.139944567412
ber-	0.116413593637	0.792480115691	0.0238611713666	0.0672451193059
shu-	0.249276459257	0.699825977982	0.0213665536506	0.0295310091106
tia-	0.0	1.0	0.0	0.0
ndu-	0.744920993228	0.0744920993228	0.0	0.180586907449
mig-	0.191808528569	0.437047025114	0.114950278106	0.256194168212
kau-	0.245714285714	0.542857142857	0.0685714285713	0.142857142857
iba-	0.0542035509887	0.885718323223	0.0114261489235	0.0486519768651
bas-	0.385872084586	0.235371067875	0.0521561388158	0.326600708724
zii-	0.254966887417	0.541721854305	0.105298013245	0.0980132450331
eng-	0.138048604631	0.712271661724	0.0554440619138	0.0942356717314
ez'-	0.231655857889	0.411474490437	0.216836071298	0.140033580376
yes-	0.00851172003867	0.754796292356	0.00208508578128	0.234606901824
lii-	0.254178836267	0.651843164884	0.0550233879275	0.0389546109221
teo-	0.168241965973	0.684310018904	0.0793950850662	0.0680529300567
gaf-	0.176781002639	0.807387862797	0.0158311345646	0.0
ang-	0.0378566161041	0.0109133336859	0.00366132898044	0.94756872123
yar-	0.531005270936	0.301857866496	0.041171775602	0.125965086967
tur-	0.375708406733	0.197050159426	0.0577887044753	0.369452729366
tah-	0.59708621925	0.247671363745	0.126582278481	0.028660138524
eha-	0.405286039611	0.258919329239	0.221999861983	0.113794769167
666-	0.0	0.0	0.0	1.0
sod-	0.00497223833598	0.995027761664	0.0	0.0
bij-	0.178444150881	0.76562663243	0.051053693441	0.00487552324812
ont-	0.317689530686	0.617328519856	0.0216606498195	0.043321299639
kun-	0.510983234917	0.194622569518	0.0673930885509	0.227001107014
obu-	0.135930121341	0.587673720216	0.127600959653	0.14879519879
har-	0.14889962672	0.311493805391	0.0375111640369	0.502095403852
kan-	0.18033554855	0.135218515698	0.0190493887311	0.66539654702
zab-	0.13078046142	0.19119088384	0.0385025193885	0.639526135352
nei-	0.423504825127	0.0435798143709	0.0104493207941	0.522466039707
agi-	0.435444917868	0.329403866045	0.0611127454237	0.174038470663
eih-	0.101675561556	0.756416961718	0.0454921762402	0.0964153004865
mij-	0.648338607595	0.268591772152	0.0	0.0830696202532
osi-	0.611864285202	0.215622982569	0.042321210817	0.130191521412
gwo-	0.147099341803	0.0719752465505	0.252345236273	0.528580175373
sio-	0.0263286201853	0.973671379815	0.0	0.0
bum-	0.119530120243	0.684950773558	0.0897367326321	0.105782373566
nju-	0.1734559642	0.686650400837	0.0163257963323	0.123567838631
ain-	0.379586838775	0.0684925160752	0.0467489341475	0.505171711003
mum-	0.51522591854	0.205811297751	0.0786090448498	0.200353738859
emi-	0.148402730518	0.703387823018	0.0436855030868	0.104523943378
taf-	0.402018502944	0.401177460051	0.111017661901	0.0857863751051
waj-	0.544	0.36	0.0	0.096
jel-	0.109553359381	0.841952041676	0.00132791950765	0.0471666794351
met-	0.0	1.0	0.0	0.0
100-	0.0184268716437	0.0436453616932	0.133287704889	0.804640061774
rwe-	0.0355333976332	0.920437622436	0.0101316065646	0.0338973733659
kw'-	0.208964781893	0.39089065553	0.262038691624	0.138105870953
nig-	0.427331111783	0.246445006885	0.0975949871443	0.228628894187
orw-	0.108445132806	0.0348206434665	0.0083592318896	0.848374991838
bim-	0.346215121683	0.430183931994	0.15738146614	0.0662194801829
oke-	0.343852337005	0.419767788032	0.0845489729087	0.151830902054
hez-	0.0	1.0	0.0	0.0
omb-	0.0208333333333	0.0416666666667	0.075	0.8625
amw-	0.546351596988	0.221319137886	0.0262788886003	0.206050376526
ruc-	0.0909090909091	0.181818181818	0.666666666667	0.0606060606061
bub-	0.437524393644	0.326726512406	0.10686367438	0.128885419571
eta-	0.253719447672	0.317990536115	0.11495196372	0.313338052493
yom-	0.282209402559	0.0939592865195	0.0501293017704	0.573702009151
mat-	0.0573838815494	0.859467225887	0.0131529599442	0.0699959326189
ijo-	0.27027027027	0.243243243243	0.108108108108	0.378378378378
nit-	0.442210224516	0.159744737232	0.0555645516683	0.342480486584
nya-	0.0847383578881	0.557657915719	0.29614736801	0.0614563583829
eku-	0.588774452649	0.31925551669	0.0534287688387	0.0385412618215
oiz-	0.620603015075	0.211055276382	0.0150753768844	0.153266331658
sol-	0.014598540146	0.985401459854	0.0	0.0
bem-	0.745810055866	0.1242535157	0.0168560970911	0.113080331343
gok-	0.939485627837	0.0605143721634	0.0	0.0
par-	0.0	0.94587628866	0.0	0.0541237113402
aig-	0.4	0.105	0.375	0.12
jul-	0.00749063670412	0.992509363296	0.0	0.0
izo-	0.161419290355	0.780859570215	0.0112443778111	0.0464767616192
nti-	0.152313066298	0.0337695267479	0.0015958295654	0.812321577389
guh-	0.339827514547	0.241947215295	0.315357439734	0.102867830424
nah-	0.563293867999	0.255762335061	0.0441523232975	0.136791473643
aho-	0.148589565911	0.0183932728267	0.00672913570428	0.826288025558
emy-	0.0809220651625	0.666430035835	0.0369257679617	0.21572213104
bib-	0.350838745062	0.160451576035	0.197548411082	0.291161267821
eye-	0.530194764895	0.259952684339	0.167446306729	0.0424062440369
esh-	0.215753213865	0.469426516364	0.0482024778854	0.266617791886
ruj-	0.45945945946	0.291891891892	0.194594594595	0.054054054054
two-	0.251246023781	0.447496895572	0.142888733904	0.158368346743
mka-	0.490566037736	0.0377358490566	0.471698113207	0.0
gay-	0.0601659751038	0.560165975104	0.0601659751037	0.319502074689
bwi-	0.25588993787	0.458515086706	0.14022989803	0.145365077394
beb-	0.488043081417	0.351223074115	0.0502920774005	0.110441767068
kin-	0.190279055203	0.473348051892	0.0760592339916	0.260313658914
reu-	0.0	1.0	0.0	0.0
egu-	0.350210970464	0.42194092827	0.0253164556962	0.20253164557
150-	0.114285714286	0.857142857143	0.0	0.0285714285714
aim-	0.531891123299	0.026609790778	0.00487507617307	0.43662400975
ona-	0.416184971098	0.514450867052	0.0	0.0693641618497
dan-	0.0	0.875518672199	0.124481327801	0.0
mub-	0.291134091177	0.282014993992	0.0813032919111	0.34554762292
aru-	0.439997844072	0.0918964076859	0.00732117030929	0.460784577932
kag-	0.336679167762	0.245179116005	0.223729785252	0.194411930981
iro-	0.261904761905	0.671957671958	0.0	0.0661375661376
ndi-	0.476994888258	0.160493582622	0.0361844227694	0.32632710635
bam-	0.537962064548	0.136619980791	0.0344476684377	0.290970286223
mis-	0.0902947916596	0.849529794748	0.00649261041397	0.0536828031789
naw-	0.0386552622869	0.0168247352308	0.00209436538143	0.942425637101
zom-	0.419739696312	0.0759219088937	0.0151843817788	0.489154013015
jwa-	0.33606557377	0.66393442623	0.0	0.0
bha-	0.385147891756	0.254877281309	0.039018250472	0.320956576463
twa-	0.436212047665	0.192818234384	0.0799540947638	0.291015623187
din-	0.17654028436	0.712085308057	0.0580568720379	0.053317535545
yai-	0.39834960337	0.0892336702034	0.0297791919546	0.482637534472
ech-	0.126336609185	0.601705915075	0.145868100624	0.126089375116
she-	0.116044399596	0.78102926337	0.0181634712411	0.0847628657921
yon-	0.0613005616333	0.138513315708	0.187649472371	0.612536650288
w'o-	0.31746913705	0.477057361647	0.0620188713555	0.143454629948
agr-	0.04	0.96	0.0	0.0
was-	0.245204484323	0.374786484205	0.248758172501	0.131250858972
afe-	0.382642998028	0.10650887574	0.195266272189	0.315581854043
ly'-	0.124687659745	0.253586055597	0.0715951413062	0.550131143351
sos-	0.030303030303	0.969696969697	0.0	0.0
ibi-	0.0521277604019	0.13392095536	0.000568666477111	0.813382617761
don-	0.00713606089438	0.555185537583	0.437678401522	0.0
tat-	0.0218929981338	0.750783190538	0.0053415281754	0.221982283153
mbw-	0.123297158914	0.0341445827713	0.00475965332014	0.837798604995
bit-	0.305084357317	0.369186177676	0.0622160724734	0.263513392534
uri-	0.0	1.0	0.0	0.0
oza-	0.673913043478	0.228260869565	0.0652173913044	0.0326086956522
ron-	0.331161151179	0.636372069293	0.0	0.0324667795274
air-	0.871710526316	0.00164473684211	0.0	0.126644736842
rwa-	0.092616229597	0.191258606018	0.0364353678347	0.67968979655
kip-	0.523560209424	0.476439790576	0.0	0.0
pam-	0.0	1.0	0.0	0.0
mam-	0.0716287760822	0.219557770165	0.14979757085	0.559015882902
esa-	0.0517486345921	0.836255328024	0.0118878475436	0.100108189841
tit-	0.362260623028	0.357924535675	0.0687023130236	0.211112528273
taz-	0.460896767466	0.343065693431	0.158498435871	0.0375391032325
nyh-	0.0585443037974	0.00632911392404	0.759493670886	0.175632911392
hay-	0.0	0.913069365883	0.0214349508783	0.0654956832391
mag-	0.0754986786944	0.790228952814	0.0205046474051	0.113767721086
sis-	0.422018348624	0.56880733945	0.0	0.00917431192661
wat-	0.603043334436	0.264042342044	0.0535229904068	0.0793913331128
ab'-	0.241772497242	0.361233712947	0.156086125258	0.240907664553
aug-	0.0	0.969465648855	0.0305343511451	0.0
pai-	0.617032258065	0.310709677419	0.036129032258	0.0361290322581
ama-	0.132270040295	0.584617676728	0.0461081908227	0.237004092154
kok-	0.2	0.590163934426	0.170491803279	0.0393442622951
abu-	0.0931493170715	0.848692985272	0.0316251203595	0.0265325772975
ofi-	0.12641815235	0.854132901135	0.0194489465154	0.0
yaw-	0.0297209866559	0.103113627173	0.0157703194501	0.851395066721
reg-	0.0229007633588	0.977099236641	0.0	0.0
enz-	0.150514815688	0.618224213367	0.0933218056538	0.137939165291
mac-	0.242587601078	0.714285714286	0.0	0.0431266846361
kiz-	0.223444143149	0.747263231897	0.0	0.029292624954
ika-	0.38202247191	0.348314606742	0.269662921348	0.0
bet-	0.310553474373	0.621762499146	0.0363879261632	0.0312961003179
til-	0.308081868276	0.482065074784	0.0390317501968	0.170821306744
g'o-	0.259892560136	0.575400742326	0.108772076617	0.0559346209209
sal-	0.00560119492159	0.994398805078	0.0	0.0
oim-	0.484272692258	0.122865579664	0.0154063422776	0.3774553858
obw-	0.157093989019	0.375971938991	0.0954907052814	0.371443366709
gab-	0.171754701163	0.136493078931	0.0825284155237	0.609223804383
sek-	0.0	0.970588235294	0.0294117647059	0.0
400-	0.0122559747877	0.0749657124514	0.0267734687327	0.886004844028
mbe-	0.0836360639804	0.0762888932188	0.513380091324	0.326694951477
mya-	0.183537263626	0.651001112347	0.0333704115684	0.132091212458
yan-	0.185346291547	0.0763065974094	0.0202910924223	0.718056018621
emw-	0.412560386473	0.326570048309	0.101449275362	0.159420289855
zeg-	0.907975460123	0.0736196319018	0.0184049079755	0.0
sim-	0.00604643663334	0.991776846179	0.0	0.002176717188
efi-	0.30612244898	0.69387755102	0.0	0.0
eme-	0.157940982646	0.8025188548	0.00878670278978	0.0307534597642
buz-	0.219133756969	0.294686367003	0.113289930217	0.372889945811
zil-	0.284848184655	0.247471395314	0.201396800238	0.266283619793
rug-	0.0864599783187	0.812614966131	0.0487253626711	0.0521996928789
min-	0.11348981171	0.746711374774	0.0778952798555	0.0619035336601
guz-	0.541724296911	0.375288151222	0.0414937759336	0.0414937759336
ich-	0.0426969034847	0.0089662604264	0.00395920530117	0.944377630788
mpi-	0.130453197797	0.716221939856	0.0516730199069	0.10165184244
kut-	0.418984040777	0.193238797173	0.0854793351859	0.302297826864
age-	0.472951891362	0.0427673610079	0.0348408759992	0.449439871631
afa-	0.861624026696	0.0382647385985	0.0280311457175	0.0720800889877
tab-	0.253723895307	0.312208388433	0.0708600513985	0.363207664862
naz-	0.115123311615	0.835507510583	0.016209611654	0.0331595661479
gal-	0.135839186154	0.730975290875	0.0298463230976	0.103339199874
nac-	0.609202491828	0.300129525689	0.0129525689262	0.077715413557
zum-	0.211764705882	0.752941176471	0.0352941176471	0.0
kar-	0.217350930781	0.162017415253	0.216407239696	0.40422441427
nsh-	0.219935284436	0.278865183812	0.108476167772	0.39272336398
sel-	0.0357142857143	0.928571428571	0.0357142857143	0.0
kay-	0.435151191679	0.0878778172909	0.0181648347952	0.458806156234
neb-	0.524518668227	0.227901287097	0.147856610999	0.0997234336772
bii-	0.283032163698	0.201497341276	0.206774793168	0.308695701857
ons-	0.427516158818	0.481994459834	0.0147737765466	0.0757156048015
lil-	0.450455749345	0.235105378828	0.0930447155617	0.221394156265
aya-	0.543446640275	0.155938704947	0.0319973206944	0.268617334083
gak-	0.348847970771	0.248969893529	0.148792039208	0.253390096492
ati-	0.73704454471	0.0151209973039	0.00371591812244	0.244118539864
buf-	0.0954509597686	0.784117801735	0.0872995003944	0.0331317381015
ete-	0.5111347359	0.308695165622	0.113585496867	0.0665846016115
oki-	0.576901020759	0.312421149214	0.0378483771075	0.0728294529189
sha-	0.0583613285663	0.0278280023697	0.0258529889655	0.887957680099
oma-	0.230001854256	0.590357871315	0.0467272390135	0.132913035416
luk-	0.00785340314136	0.984293193717	0.0	0.00785340314135
tay-	0.351292678113	0.442470890073	0.102624827314	0.1036116045
kak-	0.130529603015	0.191991736032	0.26380274958	0.413675911372
nel-	0.674157303371	0.168539325843	0.157303370786	0.0
one-	0.0	0.987434554974	0.0	0.0125654450262
nob-	0.164307402503	0.0705548134657	0.0196367135322	0.745501070499
niz-	0.485070375994	0.295483977561	0.0659559569797	0.153489689464
gog-	0.0	0.945454545455	0.0545454545455	0.0
saf-	0.117226590422	0.48820586133	0.0300214438885	0.36454610436
kap-	0.00230591852421	0.986164488855	0.0	0.0115295926211
buh-	0.215621692298	0.385390075338	0.152478052425	0.246510179939
etw-	0.489406779661	0.283898305085	0.0741525423729	0.152542372881
sil-	0.0506798516687	0.899258343634	0.0339925834363	0.0160692212608
430-	0.475638051044	0.0696055684455	0.0	0.45475638051
ija-	0.950499348676	0.0312635692575	0.0	0.0182370820669
ngi-	0.250413778411	0.569299007478	0.0703559859944	0.109931228116
bef-	0.588235294118	0.196078431373	0.0	0.21568627451
nk'-	0.155599311813	0.146721693579	0.0733084717454	0.624370522862
kib-	0.435617471946	0.247023074602	0.090921063462	0.226438389991
oju-	0.610687022901	0.343511450382	0.0458015267176	0.0
k'e-	0.31599295795	0.45936202573	0.101333640661	0.123311375658
b'o-	0.250713493539	0.512202384044	0.154927058052	0.082157064365
gus-	0.684973378032	0.106487872215	0.10796687044	0.100571879314
nib-	0.44552460795	0.204089713635	0.063558607483	0.286827070933
him-	0.0	0.98899889989	0.0	0.01100110011
tik-	0.341349286434	0.297633965576	0.138553076931	0.222463671059
egi-	0.0835611743454	0.0548828411881	0.0194040658347	0.842151918632
ohi-	0.418152350081	0.270016207455	0.0940032414911	0.217828200972
run-	0.0976248292609	0.0400762634694	0.0741766580665	0.788122249203
lik-	0.515341119472	0.244271791042	0.0882561518234	0.152130937663
sau-	0.0106141015921	0.983320697498	0.0	0.00606520090978
zig-	0.350548080918	0.304832060337	0.0756127960117	0.269007062734
way-	0.396320938719	0.463295897823	0.0346828992072	0.105700264251
enu-	0.183294209703	0.271322378717	0.475352112676	0.0700312989046
twe-	0.377822423461	0.33866082941	0.0461782962008	0.237338450928
ser-	0.0180722891566	0.909638554217	0.0722891566264	0.0
beh-	0.46517739816	0.295663600526	0.173455978975	0.065703022339
bom-	0.0996870109546	0.316901408451	0.0287949921753	0.554616588419
kit-	0.196279491277	0.210307765114	0.039367831928	0.55404491168
kwo-	0.332158014491	0.147662540948	0.0468379350966	0.473341509464
iza-	0.115432873275	0.73400250941	0.0	0.150564617315
iyo-	0.36231884058	0.442028985507	0.0869565217391	0.108695652174
yud-	0.0387612387612	0.913686313686	0.000799200799201	0.0467532467533
nag-	0.508204449528	0.125008300518	0.0248509082174	0.341936341736
bai-	0.396229676392	0.264525498151	0.0379924980785	0.301252327379
bis-	0.141554362783	0.169715240066	0.0543827400397	0.634347657112
zey-	0.559322033898	0.338983050847	0.0338983050847	0.0677966101695
zah-	0.142186399562	0.799906095939	0.0344314891619	0.0234760153377
eiz-	0.0595765043666	0.690632850819	0.0160306256729	0.233760019141
aye-	0.635356803789	0.169001475262	0.0474881644651	0.148153556483
yek-	0.0	1.0	0.0	0.0
tam-	0.723383084577	0.179104477612	0.0646766169154	0.0328358208955
for-	0.0	1.0	0.0	0.0
gul-	0.425440347841	0.269814674173	0.129910769046	0.17483420894
yoa-	0.0	0.984939759036	0.0	0.0150602409639
oti-	0.253576383905	0.0442084110808	0.0149275154299	0.687287689584
koy-	0.510869565217	0.141304347826	0.0489130434783	0.298913043478
men-	0.0	1.0	0.0	0.0
iko-	0.0722195474241	0.917188252287	0.00481463649495	0.00577756379392
bus-	0.147511968691	0.465394502012	0.106950996154	0.280142533143
zag-	0.6314018153	0.238138596744	0.0580896124478	0.0723699755078
eib-	0.266931405508	0.576182600793	0.0221216904704	0.134764303229
mug-	0.346366806781	0.266521747495	0.168258159667	0.218853286056
noi-	0.376271660879	0.0717203614448	0.0073478599358	0.544660117741
kyo-	0.0899612427132	0.0377967376576	0.0166082380117	0.855633781618
bip-	0.0280701754386	0.845614035088	0.0	0.126315789474
uru-	0.0	1.0	0.0	0.0
bye-	0.366251084984	0.395841552908	0.115994634262	0.121912727847
mba-	0.268299693756	0.189213639847	0.0170334763375	0.52545319006
ame-	0.0	0.672514619883	0.327485380117	0.0
kuf-	0.34686732908	0.377811799365	0.05965144447	0.215669427085
y'o-	0.219734647351	0.579567598069	0.118709617814	0.081988136766
kuh-	0.473657429797	0.168456887703	0.0267766655134	0.331109016987
teg-	0.704411095953	0.0954979536152	0.0773078672123	0.12278308322
n'e-	0.159044679202	0.665599903903	0.0611039136777	0.114251503217
nch-	0.0316455696203	0.96835443038	0.0	0.0
bos-	0.423982869379	0.344753747323	0.179871520343	0.0513918629551
oib-	0.992779783394	0.0072202166065	0.0	0.0
bw'-	0.213271339273	0.574531778758	0.108070689554	0.104126192415
laz-	0.00965600482802	0.973445986723	0.004828002414	0.012070006035
aza-	0.500053225463	0.372365339578	0.0541302959336	0.0734511390249
agw-	0.675558999336	0.133606375913	0.0188177994244	0.172016825327
tuj-	0.0867175673007	0.140163233068	0.010926084381	0.76219311525
nom-	0.58776384472	0.0602054914833	0.0214719985738	0.330558665223
end-	0.211032171386	0.521168415818	0.102882128418	0.164917284378
ehi-	0.54187353018	0.247778939117	0.0182910896263	0.192056441077
eud-	0.0	0.943396226415	0.0566037735849	0.0
jub-	0.249727371865	0.109051254089	0.0261723009815	0.615049073064
tuc-	0.125	0.0347222222222	0.465277777778	0.375
nyw-	0.218755705593	0.408991828659	0.129161589853	0.243090875895
akw-	0.5412593882	0.0981241859503	0.0442173558447	0.316399070005
ajw-	0.597756603546	0.206971414787	0.0217102882644	0.173561693402
nil-	0.454826656171	0.226566856145	0.0758544825168	0.242752005167
oij-	0.609959814042	0.0937672366244	0.0196989992908	0.276573950043
dob-	0.0641711229947	0.454545454545	0.235294117647	0.245989304813
leb-	0.377026178784	0.214451870177	0.00265849425839	0.405863456781
ano-	0.877808988764	0.0294943820225	0.0	0.0926966292134
eza-	0.196267666998	0.69872616185	0.0594577052515	0.0455484659002
mye-	0.296204107032	0.562449995555	0.0648946573029	0.0764512401103
yaj-	0.652840511483	0.272727272727	0.0171766651823	0.0572555506075
zek-	0.0	0.999251123315	0.000748876684971	0.0
kig-	0.11916234068	0.730383965198	0.0259895606165	0.124464133505
ara-	0.507024090767	0.160452328789	0.0373566916109	0.295166888833
las-	0.0	1.0	0.0	0.0
pem-	0.229813664596	0.701863354038	0.0310559006211	0.0372670807453
eti-	0.319019414281	0.222606120434	0.0348798947022	0.423494570582
bes-	0.24771644162	0.284518136087	0.317182949431	0.150582472862
sip-	0.00797165633304	0.992028343667	0.0	0.0
aky-	0.4288728398	0.132461573533	0.0640530040306	0.374612582637
mib-	0.257855086666	0.322778220126	0.263183683469	0.156183009738
yus-	0.0	1.0	0.0	0.0
wen-	0.0846024106867	0.0502078110047	0.0405653276599	0.824624450649
yos-	0.0256322624744	0.974367737526	0.0	0.0
gah-	0.436969825855	0.325953230469	0.143348849665	0.0937280940116
byw-	0.617001828154	0.259597806216	0.0822669104204	0.0411334552102
reb-	0.0865384615384	0.764423076923	0.0336538461538	0.115384615385
mpu-	0.596342859828	0.213812300159	0.153710177757	0.0361346622559
bar-	0.244254923211	0.524355068515	0.0426335372913	0.188756470983
hot-	0.0	0.687074829932	0.0	0.312925170068
