-דקו	0.501672369877	0.184951243986	0.199912522191	0.113463863946
-דקה	0.0754411536483	0.762886190118	0.0792387722251	0.0824338840082
-דקד	0.0621301775148	0.849112426036	0.0532544378698	0.0355029585799
-דקם	0.736842105263	0.263157894737	0.0	0.0
-דקל	0.0	1.0	0.0	0.0
-דקי	0.153169014084	0.360915492958	0.0422535211268	0.443661971831
-דקך	0.0381406436233	0.528009535161	0.190703218117	0.243146603099
-ָ֜ח	0.0859950859952	0.82800982801	0.0	0.0859950859953
-ִךְ	0.160119470715	0.405946861514	0.0337339466561	0.400199721115
-ֽל־	0.0	0.787234042553	0.0	0.212765957447
-ּ֓ה	0.666666666667	0.333333333333	0.0	0.0
-מפז	0.0	0.195348837209	0.544186046512	0.260465116279
-דקר	0.372670807453	0.571428571429	0.0559006211181	0.0
-דקת	0.28	0.352653061224	0.132244897959	0.235102040816
-ׁ֨ר	0.0833490974896	0.0191278786058	0.000910221999929	0.896612801905
-ׁ֨ע	0.533898305085	0.148305084746	0.0	0.317796610169
-ׁ֨ק	0.384615384615	0.615384615385	0.0	0.0
-ַׂב	0.111617312073	0.861047835991	0.0	0.0273348519362
-ׁ֨ט	0.230769230769	0.25641025641	0.0	0.512820512821
-ׁ֨י	0.219616259871	0.743407791318	0.0157203135666	0.021255635245
-ׁ֨ן	0.328493215901	0.471554391812	0.0	0.199952392288
-ׁ֨ל	0.0	1.0	0.0	0.0
-ׁ֨ם	0.150044747124	0.379499268766	0.00611180232687	0.464344181782
-ׁ֨א	0.353243556328	0.572256009267	0.0745004344048	0.0
-ׁ֨ב	0.565100422758	0.269298108266	0.0	0.165601468977
-ׁ֨ח	1.0	0.0	0.0	0.0
-ׁ֨ה	0.112682474837	0.435182591813	0.15071164445	0.3014232889
-ׁ֨ו	0.853658536585	0.146341463415	0.0	0.0
-ומח	0.174757281553	0.621359223301	0.145631067961	0.0582524271845
-ָ֜ד	0.0515409224635	0.307010915872	0.236323006929	0.405125154735
-ִיץ	0.505935034473	0.304143862392	0.120975193688	0.0689459094462
-תםם	0.413929040736	0.365965834428	0.062417871222	0.157687253614
-ינת	0.21346315888	0.693848890553	0.0702181443685	0.0224698061979
-ַׂם	0.0	1.0	0.0	0.0
-ףֵף	0.771084337349	0.180722891566	0.0	0.0481927710843
-הַי	0.0842770881385	0.313706688781	0.00518309275144	0.596833130329
-מסת	0.174757281553	0.631067961165	0.194174757282	0.0
-מסר	0.714285714286	0.285714285714	0.0	0.0
-֖י֙	0.909090909091	0.0909090909091	0.0	0.0
-מסע	0.56050955414	0.40127388535	0.0	0.0382165605095
-מסס	0.0274841437632	0.951374207188	0.0211416490486	0.0
-מסך	0.21421215242	0.664263645726	0.109165808445	0.0123583934089
-מסי	0.133333333333	0.466666666667	0.0571428571429	0.342857142857
-מסל	0.337662337662	0.662337662338	0.0	0.0
-מסם	0.853259730278	0.146740269722	0.0	0.0
-מסד	0.4	0.48	0.12	0.0
-מסב	0.731707317073	0.219512195122	0.0487804878049	0.0
-מסח	0.0	0.666666666667	0.0	0.333333333333
-מסה	0.147864882091	0.681644359464	0.132249840663	0.038240917782
-מסו	0.413212966762	0.344891259746	0.137258924908	0.104636848584
-חהו	0.513113525665	0.124203821656	0.0299737729487	0.33270887973
-ֹ֛ק	0.265960196433	0.734039803567	0.0	0.0
-ֶ֚ל	0.931034482759	0.0689655172412	0.0	0.0
-ֹ֛ף	0.0	0.705882352941	0.0	0.294117647059
-ֶ֚ה	0.200787401575	0.161417322835	0.0	0.637795275591
-ֹ֛ת	0.307349268641	0.609406588179	0.0	0.0832441431798
-ֹ֛ר	0.513451631368	0.366342301087	0.0171722953635	0.103033772181
-ֹ֛ו	0.121577221442	0.232601363462	0.0178301851295	0.627991229966
-ֹ֛ה	0.0891034985422	0.660805393586	0.0163994169096	0.233691690962
-ֹ֛ד	0.379584607954	0.267879568507	0.0928674931574	0.259668330382
-ֹ֛ב	0.309734513274	0.544247787611	0.0796460176991	0.066371681416
-ֹ֛א	0.45265442706	0.249796508999	0.0759699737722	0.221579090169
-ֹ֛ן	0.097156446686	0.84687455153	0.0559690017836	0.0
-ֹ֛ם	0.114763434166	0.546145901129	0.0	0.339090664705
-ֹ֛ל	0.374748044828	0.0959445295492	0.0288908597382	0.500416565885
-ִיף	0.298050022771	0.343230381723	0.0724967701759	0.286222825329
-לָת	0.183761281606	0.6633424732	0.118601760291	0.0342944849033
-לָק	0.0276872964169	0.891205211726	0.0684039087949	0.0127035830619
-לָץ	1.0	0.0	0.0	0.0
-לָף	0.2875	0.7125	0.0	0.0
-לָע	0.0277654375833	0.944024877832	0.0282096845847	0.0
-לָן	0.297674418605	0.702325581395	0.0	0.0
-לָם	0.0836860838086	0.255992424706	0.17989589283	0.480425598655
-לָל	0.316914268211	0.556579210895	0.0418939456415	0.0846125752524
-ָ֖֣	1.0	0.0	0.0	0.0
-לָי	0.0450399650394	0.121403498879	0.0748551531641	0.758701382917
-לָט	0.404229361529	0.492069947133	0.00610004066694	0.097600650671
-לָח	0.67595487291	0.260160391464	0.0421367405192	0.0217479951067
-לָו	0.078781512605	0.921218487395	0.0	0.0
-לָה	0.166956523804	0.460930327808	0.144799826828	0.22731332156
-לָד	0.544943820225	0.342696629213	0.0674157303371	0.0449438202247
-לָג	0.0851063829787	0.914893617021	0.0	0.0
-לָב	0.00846740050805	0.944115156647	0.0351397121084	0.0122777307367
-֨חַ	0.336402762486	0.537483735362	0.0	0.126113502152
-ּ֓ם	0.0	1.0	0.0	0.0
-ָּג	0.155667701863	0.70652173913	0.021350931677	0.116459627329
-ֵא֒	0.0	0.0	1.0	0.0
-ָּב	0.396325887277	0.454694095694	0.032560646412	0.116419370618
-ָּא	0.377952014391	0.380801093766	0.0312951996945	0.209951692149
-ֵא֙	0.466494017885	0.170226410896	0.075355333571	0.287924237648
-חיק	0.194785276074	0.360429447853	0.0628834355827	0.381901840491
-חיץ	1.0	0.0	0.0	0.0
-פָר	0.069103537583	0.842604037907	0.0184433064532	0.0698491180568
-פָח	0.111842105263	0.888157894737	0.0	0.0
-פָז	0.158850226929	0.716338880484	0.124810892587	0.0
-פָה	0.26922146047	0.514998261323	0.15290026025	0.062880017956
-פָג	0.697329376855	0.0	0.302670623145	0.0
-פָא	0.078264370664	0.867102329039	0.0390237859266	0.0156095143707
-פָן	0.034056122449	0.952551020408	0.0133928571429	0.0
-פָם	0.363084395871	0.607569317952	0.00708358631854	0.0222626998583
-פָל	0.246533127889	0.208012326656	0.286594761171	0.258859784283
-פָי	0.281690140845	0.633802816902	0.0845070422535	0.0
-פָט	0.0209172844443	0.960626288105	0.010151035098	0.00830539235288
-ָּי	0.143626873211	0.600648257282	0.0787169557165	0.17700791379
-ֵא֮	0.4	0.2	0.0	0.4
-ֵא֩	0.467930246629	0.265853227282	0.12581465959	0.140401866499
-אַג	0.3058733791	0.354691075515	0.202135774218	0.137299771167
-ָּק	0.331642066421	0.373923739237	0.192958179582	0.10147601476
-אַב	0.103004291846	0.613733905579	0.206008583691	0.0772532188841
-ֵאל	0.0164138691204	0.978554141806	0.00167732969113	0.00335465938226
-אַי	0.67391835737	0.238328037155	0.0388658029821	0.0488878024931
-חים	0.22452725113	0.676680374303	0.0743079197953	0.0244844547717
-אַל	0.478728173201	0.0408365998071	0.00494543524493	0.475489791747
-֣הּ	0.206784201312	0.334585211608	0.0411594406298	0.41747114645
-חיל	0.139196511649	0.53510244294	0.152195727135	0.173505318275
-֣הָ	0.66257577448	0.106511956562	0.0229089962438	0.208003272714
-־מע	0.333333333334	0.666666666667	0.0	0.0
-חיך	0.0546011789989	0.713271330815	0.0230645688278	0.209062921359
-ֶב֒	0.267514163327	0.582561835015	0.130578969186	0.019345032472
-חיי	0.15596087761	0.563082965145	0.0215248668857	0.259431290359
-֖יר	0.163916769235	0.707151715009	0.0319221569402	0.0970093588164
-ַ֖ז	0.169589293955	0.798107983387	0.0215351484387	0.0107675742194
-נקך	0.0	0.0	0.290322580645	0.709677419355
-אַס	0.853117505995	0.0269784172662	0.0	0.119904076738
-אַק	0.285714285715	0.523809523809	0.190476190476	0.0
-אַץ	0.64768683274	0.35231316726	0.0	0.0
-אַת	0.0561299423408	0.611815887595	0.0377699974111	0.294284172653
-אַר	0.521141161278	0.204442017415	0.0987411904913	0.175675630816
-ֵאת	0.405001698586	0.108863149478	0.0272744290095	0.458860722927
-וג֩	0.326086956522	0.673913043478	0.0	0.0
-ֹּה	0.0373815233068	0.0335050362408	0.003580871187	0.925532569265
-נקי	0.0783114992722	0.0471615720524	0.780203784571	0.0943231441048
-ֹּג	1.0	0.0	0.0	0.0
-ֹּד	0.755668030229	0.15211814463	0.0461069125702	0.0461069125701
-ֹּא	0.355272943626	0.345976498587	0.0540681243493	0.244682433438
-ֹּב	0.702366260664	0.242099050276	0.0120727584912	0.0434619305682
-ֹּן	0.339981260875	0.413063846875	0.0849953152189	0.161959577031
-ֹּל	0.165072939762	0.108418202281	0.017988843605	0.708520014352
-ֹּם	0.163734301637	0.558934329908	0.152040485936	0.125290882518
-ֹּט	0.702073991031	0.224355381166	0.0399383408072	0.0336322869955
-רחך	0.649859943978	0.350140056022	0.0	0.0
-רחי	0.0911510312708	0.868928809049	0.0399201596806	0.0
-נקל	0.0232558139534	0.139534883721	0.488372093023	0.348837209302
-רחל	0.0153442358167	0.970119119725	0.0121138703816	0.00242277407632
-רחם	0.0678719620629	0.755186721992	0.014226437463	0.162714878483
-רחב	0.0165568971826	0.503338821807	0.424533479693	0.0555708013173
-רחח	0.142857142857	0.857142857143	0.0	0.0
-רחה	0.209846089706	0.238786783865	0.245978528993	0.305388597436
-רחו	0.306080242658	0.624063605864	0.00643411921504	0.0634220322625
-רחת	0.451303155007	0.480109739369	0.0438957475995	0.0246913580247
-רחר	0.141010575793	0.499412455934	0.148061104583	0.21151586369
-רחש	0.0	0.127659574468	0.872340425532	0.0
-רחע	0.148148148148	0.851851851852	0.0	0.0
-רחף	0.707317073171	0.292682926829	0.0	0.0
-רחס	0.0	1.0	0.0	0.0
-רחק	0.11930030008	0.280172729269	0.0274463880553	0.573080582595
-רחץ	0.805263157895	0.124401913876	0.0200956937799	0.0502392344498
-וג֙	0.434723909815	0.565276090185	0.0	0.0
-ֹּץ	0.629639519359	0.272452158433	0.0120160213618	0.0858923008456
-ֹּף	0.704484382054	0.202667841864	0.0225723928886	0.0702753831934
-ֹּס	0.908256880734	0.0917431192662	0.0	0.0
-ֹּת	0.247372296981	0.610129209346	0.116556202718	0.0259422909553
-ֹּר	0.549570986723	0.381346951576	0.0272582833821	0.0418237783191
-וגר	0.233766233766	0.597402597403	0.116883116883	0.051948051948
-וגש	0.171428571428	0.828571428572	0.0	0.0
-וגת	0.207207207207	0.756756756757	0.0	0.036036036036
-וגע	0.372413793103	0.434482758621	0.00689655172414	0.186206896552
-פעת	0.0	0.912681912682	0.0374220374221	0.049896049896
-ִ֛ד	0.0661698323627	0.879308208387	0.00743481262501	0.0470871466251
-ִ֛ב	0.0	0.142857142857	0.428571428571	0.428571428572
-ִ֛ה	0.294117647059	0.647058823529	0.0	0.0588235294117
-ִ֛י	0.269605532694	0.166476825247	0.0388867739447	0.525030868114
-ִ֛ן	0.016535586249	0.864408192758	0.119056220993	0.0
-ִ֛ם	0.0931093158005	0.800492445528	0.0972783896427	0.00911984902901
-ִ֛ף	0.915254237288	0.0847457627118	0.0	0.0
-ִ֛ת	0.0	1.0	0.0	0.0
-פעו	0.0	1.0	0.0	0.0
-וגי	0.731343283582	0.268656716418	0.0	0.0
-וגם	0.0490841736983	0.0330314879605	0.00679152088907	0.911092817452
-פעם	0.0655848546316	0.503042596349	0.0669371196754	0.364435429344
-וגב	0.0	1.0	0.0	0.0
-וגג	0.525547445255	0.343065693431	0.0	0.131386861314
-וגד	0.127976190476	0.46130952381	0.410714285714	0.0
-פעי	0.0	1.0	0.0	0.0
-וגו	1.0	0.0	0.0	0.0
-זֵז	0.403225806451	0.596774193549	0.0	0.0
-אשׁ	0.0918543014482	0.691764687306	0.0416263462588	0.174754664987
-זֵה	0.312342330979	0.492242684158	0.0662840565086	0.129130928355
-וֹת	0.169810270962	0.792911589607	0.00778946197074	0.0294886774606
-זֵד	0.0	0.272727272727	0.727272727273	0.0
-זֵא	0.409528511478	0.193038755863	0.397432732659	0.0
-זֵב	0.519417475728	0.305825242718	0.0582524271844	0.116504854369
-֖יז	0.71375464684	0.28624535316	0.0	0.0
-זֵל	0.20154373928	0.46397941681	0.308747855918	0.0257289879931
-֗ךָ	0.17202564457	0.483178654652	0.0689216652191	0.275874035559
-זֵי	0.268715914725	0.65483391175	0.0591968269707	0.0172533465543
-אשא	0.37412561667	0.0682939400632	0.00975627715189	0.547824166114
-אשב	0.638724911452	0.0	0.00354191263283	0.357733175915
-ֵ֖ז	0.183673469388	0.816326530612	0.0	0.0
-אשד	0.0	1.0	0.0	0.0
-אשה	0.0448277983002	0.630917793995	0.00719632694263	0.317058080762
-אשו	0.0874926020911	0.750147958177	0.0386664036299	0.123693036102
-ֵ֖ג	0.48124717578	0.51875282422	0.0	0.0
-ֵ֖ד	0.307336661287	0.509480928949	0.0955137039567	0.0876687058069
-ֵ֖ל	0.0704034713632	0.681955417007	0.0125068058045	0.235134305825
-אשי	0.0823854095178	0.689901954581	0.0173765752084	0.210336060693
-אשך	0.0541320822808	0.603753157705	0.101768314688	0.240346445327
-ֵ֖ן	0.15220456609	0.475845144277	0.0915423399159	0.280407949717
-אשל	0.030303030303	0.848484848485	0.0	0.121212121212
-אשם	0.144446516253	0.572337207616	0.108562786169	0.174653489962
-אשן	0.218487394958	0.336134453781	0.243697478991	0.201680672269
-ֵ֖ץ	0.247829341317	0.532372754491	0.0311751497006	0.188622754491
-אשף	0.0	0.739130434783	0.260869565217	0.0
-ֵ֖ס	0.447105659366	0.477245226901	0.0	0.0756491137324
-ֵ֖ף	0.140702137998	0.790813896987	0.047055393586	0.0214285714285
-אשר	0.122286818981	0.00997383650147	0.000627930865156	0.867111413653
-אשת	0.022062151154	0.900211193242	0.0205536279982	0.0571730276061
-ֵ֖ר	0.408022875074	0.420935991451	0.0749345406111	0.0961065928638
-ֵ֖ת	0.0426421808723	0.0312632740851	0.0089136738733	0.917180871169
-ֹׁר	0.35987002437	0.571892770106	0.0633631194151	0.00487408610885
-ֵ֤ף	0.311642668184	0.678470420843	0.00217029753058	0.0077166134421
-וֹן	0.080362037621	0.75491387847	0.0206284303975	0.144095653512
-וֹו	0.618914639871	0.244560071922	0.0	0.136525288207
-֗ךְ	0.375413267071	0.240095600469	0.0798880786026	0.304603053858
-זֵר	0.237502305848	0.701623316731	0.0304371887106	0.0304371887106
-קטי	0.0508474576271	0.338983050847	0.610169491526	0.0
-ענש	0.572672836146	0.410996189439	0.0	0.0163309744148
-ענר	0.113475177305	0.631205673759	0.0425531914895	0.212765957447
-ענת	0.167441860465	0.540697674418	0.122093023256	0.169767441861
-ענף	0.0	0.966292134831	0.0337078651686	0.0
-ֽאם	0.714285714286	0.285714285714	0.0	0.0
-ענק	0.03	0.97	0.0	0.0
-כְק	0.0	0.8	0.2	0.0
-ֹׁד	0.19242642519	0.765779600108	0.0	0.041793974702
-עני	0.221228380522	0.556858172468	0.105065034394	0.116848412617
-ענך	0.388614970865	0.38278798745	0.0475123263111	0.181084715374
-ענם	0.715489989463	0.173867228662	0.0105374077977	0.100105374078
-ענן	0.021560283688	0.78780141844	0.151489361702	0.0391489361702
-ענב	0.0	0.908675799087	0.0913242009132	0.0
-ענא	0.121621621622	0.878378378378	0.0	0.0
-ענג	0.333027242118	0.455769819406	0.0826446280992	0.128558310377
-ענו	0.505797101449	0.124051803885	0.0328091273512	0.337341967314
-ענה	0.386533387003	0.40678250369	0.0359474931795	0.170736616128
-ענח	0.0	1.0	0.0	0.0
-חֵל	0.346335925475	0.57325232328	0.0243434012556	0.0560683499886
-ֶר֮	0.604302315998	0.0665952361329	0.0106321602242	0.318470287645
-ֶר֩	0.368141346981	0.0450387503409	0.0	0.586819902678
-ָּ֜	0.729098211026	0.0408908360715	0.0	0.230010952902
-ָ֤֨	0.0	1.0	0.0	0.0
-ָּ֛	0.508650969169	0.325094315078	0.0582802133472	0.107974502406
-ֶר֙	0.314429970152	0.121171840096	0.00535381841307	0.559044371339
-ֹ֜ר	0.451184834123	0.514691943128	0.0341232227488	0.0
-כןן	0.8	0.2	0.0	0.0
-מֹד	0.732213710046	0.0883648188127	0.0167701228014	0.162651348339
-מֹה	0.0262847225726	0.93113503587	0.00887929207825	0.0337009494788
-מֹו	0.166830906634	0.460734564427	0.0248743931348	0.347560135804
-ָּ֥	0.585558564709	0.189659182127	0.0193462718591	0.205435981305
-מֹל	0.440930787589	0.381264916468	0.0680190930789	0.109785202864
-ָ֤ן	0.104586828627	0.776709417416	0.0311653078844	0.0875384460733
-ָ֤ם	0.180545991536	0.448904653133	0.0407248186456	0.329824536686
-ָּ֤	0.705677771293	0.177598589788	0.0183422861159	0.098381352803
-ָ֤י	0.220363519382	0.695994852823	0.00643397136882	0.0772076564259
-ָד֙	0.0866837406098	0.167250542977	0.030725708272	0.715340008141
-ָ֤ח	0.0	1.0	0.0	0.0
-ָ֤ז	0.0787194961952	0.0797690894778	0.0228286538966	0.81868276043
-ָ֤ו	0.0	1.0	0.0	0.0
-ָ֤ה	0.222244269942	0.404838243031	0.0353453545666	0.337572132461
-ָ֤ד	0.0430261464172	0.183339576508	0.176994013363	0.596640263712
-ָ֤ב	0.146228082886	0.58501086799	0.139127662658	0.129633386466
-ָ֤א	0.597962612777	0.186936060193	0.0289779076304	0.186123419399
-ָד֮	0.0310170463431	0.837616639733	0.0985247354429	0.0328415784809
-ַ֧י	0.193221898482	0.462659101365	0.0	0.344119000153
-ָ֤ת	0.249087296086	0.731503304219	0.019409399695	0.0
-ָ֤ר	0.133320401895	0.616513044911	0.0665653656235	0.18360118757
-ָ֤ק	0.0346140121329	0.965385987867	0.0	0.0
-ָ֤ץ	0.594059405941	0.405940594059	0.0	0.0
-ֹ֜ב	0.0293757649938	0.970624235006	0.0	0.0
-ָ֤ף	0.293478260869	0.706521739131	0.0	0.0
-ָ֤ע	0.0540115482261	0.662899638275	0.169853288099	0.113235525399
-ָ֤ס	0.764331210191	0.235668789809	0.0	0.0
-מֹף	0.0	1.0	0.0	0.0
-מֹס	0.57384341637	0.149911032028	0.0760676156585	0.200177935943
-מֹק	0.0526315789474	0.0263157894737	0.776315789474	0.144736842105
-ֹ֜ן	0.081977421558	0.909979510666	0.00185609256357	0.0061869752119
-מֹת	0.458264464566	0.439003870814	0.0154365182217	0.0872951463984
-מֹר	0.697091401462	0.0332269460224	0.00697880398265	0.262702848533
-יוש	0.0101867572156	0.982173174873	0.00254668930391	0.00509337860781
-יור	0.0967741935484	0.903225806452	0.0	0.0
-לחה	0.488516932659	0.168583460137	0.027601825967	0.315297781238
-לחו	0.617055736377	0.0716365844922	0.0214909753477	0.289816703783
-לחג	0.367346938776	0.632653061224	0.0	0.0
-ַ֖ד	0.0908799036473	0.145887439877	0.04591112889	0.717321527586
-לחא	0.0	1.0	0.0	0.0
-ַ֖ב	0.245013218561	0.260534682292	0.242252657101	0.252199442045
-לחן	0.0501838632922	0.940298507463	0.00951762924507	0.0
-לחל	0.184501845018	0.247232472325	0.568265682657	0.0
-ַ֖ם	0.125843622033	0.6719923794	0.0051446912669	0.1970193073
-לחך	0.577777777778	0.0847736625514	0.0148148148148	0.322633744856
-ַ֖ט	0.368706318642	0.198081586079	0.362608757666	0.0706033376126
-ַ֖י	0.114441296402	0.300163384029	0.0608878111131	0.524507508456
-ֹד֮	0.936608557845	0.0633914421553	0.0	0.0
-צֹן	0.0	1.0	0.0	0.0
-ֹד֩	1.0	0.0	0.0	0.0
-ֶ֖ה	0.311045473778	0.302901241651	0.0483035535831	0.337749730988
-צֹא	0.591456736035	0.191675794085	0.052573932092	0.164293537787
-צֹב	0.417705735661	0.582294264339	0.0	0.0
-צֹו	0.127275078395	0.562215110077	0.152264571817	0.158245239712
-צֹת	0.072972972973	0.705405405405	0.0824324324324	0.139189189189
-צֹר	0.177789571448	0.710096855513	0.0162531511211	0.0958604219185
-ֹד֙	0.446281746579	0.191090650099	0.00389052883597	0.358737074485
-צֹף	0.0384615384615	0.140876565295	0.771466905188	0.0491949910555
-ֹד֒	0.169755269486	0.184608855567	0.645635874947	0.0
-יוי	0.175953079179	0.621700879765	0.114369501466	0.0879765395894
-ַ֖ק	0.426531826294	0.141582391434	0.167757287329	0.264128494944
-יוך	0.233317778815	0.71068595427	0.0559962669155	0.0
-יום	0.0271372813809	0.642955224947	0.00772599342316	0.322181500249
-ַ֖ף	0.488182505506	0.345726088338	0.149063695035	0.0170277111206
-יון	0.0684897015629	0.597642969154	0.247780153133	0.0860871761501
-ַ֖ס	0.544561811521	0.290294795756	0.116366863227	0.0487765294963
-יוב	0.0647506925208	0.665512465374	0.00484764542936	0.264889196676
-לחת	0.409979513178	0.510851071218	0.0145838397166	0.0645855758881
-יוה	0.0116913484022	0.961808261886	0.0265003897117	0.0
-ַ֖ר	0.464248896941	0.121408699148	0.0300383014942	0.384304102416
-לחש	0.229591836735	0.658163265306	0.112244897959	0.0
-יו֩	0.283307158749	0.495833878637	0.0319111809099	0.188947781704
-ִ֣ר	0.169252468265	0.830747531735	0.0	0.0
-יו֮	0.376394988018	0.404764651731	0.0475119158356	0.171328444416
-ִ֣ף	0.6	0.0	0.4	0.0
-ִ֣ק	0.357142857143	0.642857142857	0.0	0.0
-יוּ	0.522148927872	0.0362174242608	0.0117256039401	0.429908043927
-ָּֽ	0.719019218025	0.141815772034	0.0	0.13916500994
-לח־	0.8	0.2	0.0	0.0
-יו֙	0.070046796665	0.30657595264	0.0132932340016	0.610084016693
-ִ֣ט	0.142857142857	0.857142857143	0.0	0.0
-ִ֣י	0.285429648309	0.1902663388	0.0206369281349	0.503667084756
-ִ֣ן	0.135048231511	0.264737406216	0.150053590568	0.450160771704
-ִ֣ל	0.301435406699	0.698564593301	0.0	0.0
-ִ֣ם	0.0835210509453	0.426994809356	0.0288164049984	0.4606677347
-ִ֣ד	0.0369463136215	0.843997808817	0.0150703642483	0.103985513313
-ִ֣א	0.882251381215	0.0621546961326	0.0120856353591	0.0435082872928
-יו֒	0.433692714523	0.203356989139	0.0052411595139	0.357709136823
-ִ֣ה	0.281818181818	0.690909090909	0.0272727272727	0.0
-תחס	0.458149779736	0.462555066079	0.0	0.079295154185
-יחף	0.291836734694	0.118367346939	0.589795918367	0.0
-יחס	0.238095238095	0.761904761905	0.0	0.0
-סָי	0.0	1.0	0.0	0.0
-חֵה	0.544117647059	0.397058823529	0.0	0.0588235294118
-סָן	0.0	1.0	0.0	0.0
-יחץ	0.892857142857	0.107142857143	0.0	0.0
-סָם	0.238267148014	0.570397111913	0.169675090253	0.0216606498195
-סָג	0.333333333333	0.666666666667	0.0	0.0
-יחת	0.193024043346	0.651202167288	0.0237047070775	0.132069082289
-יחש	0.280429594272	0.488066825776	0.171837708831	0.0596658711218
-יחר	0.595492742551	0.0504201680672	0.319709702063	0.0343773873185
-סָה	0.233798435027	0.654513323097	0.0789508165877	0.0327374252875
-לוט	0.0617678381257	0.923855165069	0.00212992545261	0.0122470713525
-לוי	0.0526687299777	0.887187562216	0.0464063998841	0.013737307922
-לוך	0.416347673112	0.21975533873	0.00879607760095	0.355100910557
-לול	0.408914728682	0.364341085271	0.0562015503876	0.170542635659
-לום	0.0766781709669	0.789919670846	0.0123432601881	0.121058897999
-לון	0.141884967793	0.804435344976	0.024292997141	0.0293866900899
-לוא	0.228079880124	0.0984217233605	0.0105031719579	0.662995224558
-לוב	0.0	0.961904761905	0.0	0.0380952380952
-ַ֔ג	0.13680781759	0.667752442997	0.0	0.195439739413
-ַ֔ד	0.226576135032	0.619886676071	0.0742821622397	0.0792550266574
-לוה	0.203557270998	0.616075249401	0.0335134130889	0.146854066511
-לוו	0.960227272727	0.0397727272727	0.0	0.0
-לוז	0.131191432396	0.748326639893	0.120481927711	0.0
-לוח	0.510099718742	0.443237023779	0.0185374584505	0.0281257990283
-ַ֔ר	0.469893622157	0.112593289044	0.0174483081886	0.40006478061
-לוש	0.0340664594788	0.131604111881	0.172125268946	0.662204159694
-לות	0.216226042944	0.484816706101	0.130970746415	0.16798650454
-ֹם֒	0.0	0.75	0.0	0.25
-צֻר	0.884615384615	0.0	0.115384615385	0.0
-ֹם֙	0.218740993865	0.645474954773	0.102217658441	0.0335663929205
-ַ֔ס	0.106661549922	0.870990315808	0.0142215399896	0.00812659427977
-ַ֔ע	0.680226341116	0.117202815897	0.052864908216	0.149705934771
-ַ֔ף	0.77729796422	0.142504626773	0.0	0.080197409007
-לוץ	0.534591194969	0.11320754717	0.314465408805	0.0377358490567
-ַ֔ק	0.311053984576	0.370822622108	0.318123393316	0.0
-יחד	0.140465574309	0.0748693820609	0.0180539978663	0.766611045764
-סָר	0.337235705361	0.409390773144	0.00611331807616	0.247260203419
-יחא	0.0	1.0	0.0	0.0
-יחח	0.0972017673048	0.424153166421	0.478645066274	0.0
-חתה	0.369433007215	0.338193631247	0.100101990707	0.192271370831
-יחו	0.354384223381	0.556658525438	0.0680881873564	0.0208690638243
-יחה	0.45962657614	0.322138700291	0.0509214354995	0.16731328807
-יחך	0.469580119966	0.284490145673	0.0616966580978	0.184233076264
-יחי	0.63023356646	0.202575074934	0.0184741832714	0.148717175335
-סָס	0.0	1.0	0.0	0.0
-יחן	0.377007339067	0.589169838118	0.0249220799687	0.00890074284597
-יחם	0.316567571911	0.484975092399	0.126144946167	0.0723123895227
-יחל	0.573989455185	0.120913884007	0.0	0.305096660808
-חתת	0.22054054054	0.736216216216	0.0432432432433	0.0
-חתר	0.62962962963	0.148148148148	0.0	0.222222222222
-ַד֮	0.329268292683	0.577861163227	0.0590994371481	0.0337711069418
-יחַ	0.410348674148	0.417312554961	0.117832698399	0.0545060724926
-קלה	0.178301886792	0.608490566038	0.0990566037734	0.114150943396
-ּ֗ק	0.471956480961	0.265428625023	0.210091915213	0.0525229788033
-ִיה	0.625	0.125	0.0	0.25
-ֹוט	0.116445342971	0.825267365487	0.0200322177142	0.0382550738284
-ִ֡ם	0.00746733042939	0.0124455507156	0.0093341630367	0.970752955818
-ִ֡ן	0.376963350785	0.329842931937	0.0	0.293193717277
-לוּ	0.536828125228	0.166890640593	0.0430857088688	0.25319552531
-ִ֡י	0.445276230701	0.117238995843	0.0623442736697	0.375140499786
-קלי	0.130796150481	0.522747156606	0.207349081365	0.139107611548
-ִ֡ה	0.178571428571	0.0714285714285	0.0	0.75
-גיע	0.36016784521	0.381070790271	0.0442924858186	0.214468878701
-דבש	0.0115562403698	0.966101694915	0.00963020030816	0.0127118644068
-ִ֡ד	0.0376246009512	0.569320476904	0.00410450192195	0.388950420223
-֑יו	0.096177662234	0.401348278449	0.0323190362452	0.470155023072
-ּ֑ץ	0.326409495549	0.673590504451	0.0	0.0
-ּ֑ק	0.497000160768	0.240227125692	0.26277271354	0.0
-֑יב	0.22460039081	0.211698809365	0.0547983445196	0.508902455306
-֑יא	0.116237011202	0.48555745456	0.0164074731161	0.381798061122
-֑יד	0.115850905503	0.62799953178	0.057089346332	0.199060216384
-ּ֑ף	0.211820706069	0.468068226894	0.174930583102	0.145180483935
-֑ים	0.113892940872	0.599985510366	0.12939652746	0.156725021302
-֑יל	0.331947039012	0.233088345583	0.173814036571	0.261150578835
-֑ין	0.230078811633	0.641347827559	0.117179997569	0.0113933632385
-ֹומ	0.25	0.75	0.0	0.0
-ּ֑ר	0.311490079377	0.512822867973	0.045928967249	0.1297580854
-֑יט	0.443548387097	0.556451612903	0.0	0.0
-ּ֑ת	0.148478681318	0.662170222144	0.117865738744	0.0714853577942
-ֹוב	0.172608372982	0.128090080778	0.438775638255	0.260525907985
-ִים	0.157468029456	0.589671783952	0.101069881905	0.151790304687
-וָת	0.230025465891	0.729876709705	0.0150366841516	0.0250611402528
-ִימ	0.159256801593	0.678168546782	0.109489051095	0.0530856005307
-ִין	0.28852290542	0.479500289832	0.111957817043	0.120018987705
-ִיט	0.44046107258	0.400410276448	0.0858649995117	0.0732636514603
-ָֽס	0.0728865328517	0.834749692745	0.0923637744037	0.0
-֨וּ	0.504269025053	0.196960022184	0.0391925145613	0.259578438202
-ּ֑ו	0.0831881473694	0.310813298002	0.0217738260163	0.584224728612
-֑יק	0.0413930916357	0.0994385764583	0.615567608716	0.24360072319
-ּ֑ח	0.299106976049	0.358255800919	0.15431752793	0.188319695102
-֑יס	0.426829268293	0.573170731707	0.0	0.0
-֔שׁ	0.218946891038	0.577527975611	0.119617699027	0.0839074343251
-ּ֑ג	0.123680587425	0.812069756769	0.0321248279027	0.0321248279027
-ּ֑ד	0.344038580202	0.537193825261	0.0645837029898	0.0541838915476
-ּ֑ל	0.241915233868	0.486187990665	0.0779626967629	0.193934078704
-ּ֑ם	0.163947920494	0.372119773067	0.0435658281993	0.42036647824
-ּ֑ן	0.0962108058418	0.829152197597	0.0291785823716	0.0454584141899
-ּ֑ט	0.122302232599	0.709193846663	0.0318204828862	0.136683437852
-֑יר	0.108472095159	0.760567793247	0.0480376185131	0.0829224930804
-ּ֑ך	0.0	1.0	0.0	0.0
-֑ית	0.278894997462	0.369330080482	0.24250301756	0.109271904496
-ׁ֪ר	0.565217391305	0.434782608695	0.0	0.0
-ֹור	0.13164967338	0.611117068388	0.137600780308	0.119632477924
-וָע	0.763513513514	0.236486486486	0.0	0.0
-֨ול	0.396920212422	0.431364948899	0.0572382795596	0.114476559119
-֨ום	0.0800484090053	0.528525908768	0.00753208947798	0.383893592749
-֨ון	0.0935150936642	0.756820372087	0.0655993868915	0.084065147357
-֨וט	0.0	1.0	0.0	0.0
-דָם	0.0959244863497	0.642427263033	0.0264760985833	0.235172152034
-דָן	0.0228372878666	0.837815011733	0.133792837628	0.00555486277222
-דָא	0.0618720052597	0.893934364618	0.0102503360326	0.0339432940895
-זהר	0.394495412844	0.571100917431	0.0344036697248	0.0
-דָד	0.17179604961	0.528709232889	0.0624712907672	0.237023426734
-דָה	0.115281780513	0.803598699875	0.0304890989223	0.0506304206899
-דָו	0.240506329114	0.303797468355	0.0759493670886	0.379746835443
-֨וג	0.0	0.0	1.0	0.0
-֨וד	0.0547911463858	0.216591974274	0.0853477472546	0.643269132086
-זהב	0.00702363674061	0.895630313083	0.0838689612274	0.0134770889488
-דָת	0.389477722731	0.565894343525	0.0	0.0446279337436
-זהו	1.0	0.0	0.0	0.0
-ִיע	1.0	0.0	0.0	0.0
-֨ות	0.295505971254	0.40585789409	0.0664689742814	0.232167160374
-֨וץ	0.186046511628	0.651162790698	0.162790697675	0.0
-דָע	0.257380000319	0.644525338134	0.0186790078221	0.0794156537254
-גיב	0.235294117647	0.717647058824	0.0470588235294	0.0
-זהם	0.0	1.0	0.0	0.0
-֜שׁ	0.380478721811	0.240906161006	0.0315512597651	0.347063857417
-֨וף	0.16250890948	0.746258018532	0.0513186029936	0.039914468995
-ׁ֪י	0.584884162552	0.351310292442	0.0638055450057	0.0
-ׁ֪ה	0.0	0.788732394366	0.0	0.211267605634
-ׁ֪ב	0.0	1.0	0.0	0.0
-ִיר	0.138754432577	0.729073205022	0.0292986093776	0.102873753024
-הֻד	0.0	1.0	0.0	0.0
-ֹוץ	0.234978780433	0.749385749386	0.0156354701809	0.0
-תןן	0.141261498029	0.819316688568	0.0	0.0394218134034
-ִית	0.186524045932	0.513141113569	0.193485254701	0.106849585798
-ַ֜ד	0.0	0.653846153846	0.346153846154	0.0
-חגר	0.774647887324	0.14647887324	0.0338028169013	0.0450704225352
-ֻ֣ץ	1.0	0.0	0.0	0.0
-ַ֜י	0.100913719772	0.164983514796	0.135174073822	0.59892869161
-֕הָ	0.341968911917	0.39896373057	0.155440414508	0.103626943005
-֕הּ	0.604395604396	0.263736263736	0.131868131868	0.0
-יקף	0.631578947368	0.368421052632	0.0	0.0
-ֹ֭א	0.333333333333	0.0	0.0	0.666666666667
-רצח	0.130361648444	0.752943650126	0.0	0.11669470143
-לםם	0.378881987577	0.0621118012423	0.0	0.559006211181
-חגא	0.347826086957	0.652173913043	0.0	0.0
-חגב	0.0475382003395	0.938879456706	0.0135823429542	0.0
-חגה	0.785714285714	0.0	0.0	0.214285714286
-חגו	0.903225806452	0.0967741935484	0.0	0.0
-חגך	0.0	1.0	0.0	0.0
-ֹ֭ו	0.833333333333	0.166666666667	0.0	0.0
-חגי	0.0769789397242	0.851851851852	0.0188816267248	0.0522875816995
-ֹ֥ט	0.277286135693	0.722713864307	0.0	0.0
-ֹ֥ם	0.322741906881	0.628505500408	0.0247359045207	0.0240166881899
-ֶ֔ה	0.245471324	0.458035914691	0.0523337684464	0.244158992862
-ֹ֥ן	0.061577671836	0.887676501041	0.0196839194894	0.0310619076335
-ֹ֥ב	0.17985129429	0.492371947861	0.173306407197	0.154470350652
-ֹ֥א	0.145564952511	0.00795739185642	0.00240866990736	0.844068985725
-ֹ֥ד	0.410105912362	0.240975200882	0.0920304439833	0.256888442773
-ֹ֥ג	0.546407185629	0.229041916168	0.134730538922	0.0898203592814
-ֹ֥ו	0.243732481489	0.193170839438	0.0304331100837	0.532663568989
-ֶ֔ל	0.0490343480539	0.843931912529	0.0280389416744	0.0789947977432
-ֶ֔ן	0.232484154369	0.376257249835	0.0274086581994	0.363849937596
-ֹ֥ז	0.190551237509	0.750026863426	0.0594218990652	0.0
-חֵד	0.627599243856	0.177693761815	0.0264650283554	0.168241965973
-ַ֬ע	0.0	1.0	0.0	0.0
-ַ֬ף	0.0999999999999	0.600000000001	0.0	0.3
-ִשׁ	0.195386448886	0.689182578535	0.0760860796698	0.0393448929091
-ַ֬ת	0.35761589404	0.629139072848	0.0132450331126	0.0
-ַ֬ב	0.0	1.0	0.0	0.0
-ַ֬ד	0.403987408185	0.17628541448	0.1259181532	0.293809024134
-ַ֬ח	0.0	0.368421052632	0.631578947368	0.0
-ַ֬י	0.574162679426	0.425837320574	0.0	0.0
-ַ֬ל	0.0	0.0	0.117647058823	0.882352941177
-חֵז	0.623501199041	0.218225419664	0.0503597122302	0.107913669065
-ֹ֥ר	0.526968397808	0.280563587696	0.0372194419702	0.155248572526
-ֹ֥ת	0.223145748423	0.647931659394	0.048548331732	0.0803742604504
-ֹ֥ס	0.329470198676	0.670529801324	0.0	0.0
-ֶ֔ר	0.0	1.0	0.0	0.0
-ֹ֥ף	0.592677928123	0.194970901256	0.0407931811225	0.171557989498
-ֶ֔ת	0.0759358288769	0.445989304813	0.374331550802	0.103743315508
-ֹ֥ץ	0.555742447689	0.331225190069	0.0565161811208	0.0565161811208
-ֹ֥ק	0.598097849162	0.379702303689	0.0	0.0221998471486
-רצץ	0.826086956522	0.0	0.173913043478	0.0
-וָי	0.170575692964	0.744136460554	0.0	0.0852878464819
-ּשׁ	0.437273038636	0.344988586406	0.0720450369082	0.14569333805
-ּשׂ	0.660531323185	0.189036885246	0.0937134074941	0.0567183840749
-לֶס	0.0693703308431	0.802561366062	0.128068303095	0.0
-לֶף	0.0245459091341	0.0641315095381	0.00683012707409	0.904492454254
-חֵר	0.108644811882	0.116522381324	0.154884503344	0.619948303451
-לֶץ	0.0	1.0	0.0	0.0
-לֶק	0.0989852127877	0.805029510713	0.00932326922521	0.0866620072743
-לֶת	0.100596778062	0.582658689374	0.290171901385	0.0265726311786
-֗וב	0.1377321506	0.266246025437	0.330069374187	0.265952449776
-לֶב	0.0593057614567	0.527483439294	0.362573482425	0.0506373168249
-לֶא	0.0965422719975	0.748036182794	0.148842855465	0.0065786897443
-לֶד	0.59070817664	0.340383878639	0.0170537234648	0.0518542212566
-לֶג	0.0295911146663	0.856604005784	0.0991600775313	0.0146448020183
-רצף	0.0	1.0	0.0	0.0
-לֶי	0.285714285714	0.714285714286	0.0	0.0
-לֶט	0.0520760028149	0.931034482759	0.0	0.0168895144265
-רצע	0.0736196319018	0.852760736196	0.0736196319018	0.0
-לֶם	0.103226743929	0.734592686936	0.0254878288877	0.136692740248
-לֶן	0.601176470588	0.395294117647	0.0	0.0035294117647
-לֶמ	0.285714285715	0.714285714285	0.0	0.0
-חֵס	0.0290556900726	0.970944309927	0.0	0.0
-חֵק	0.393654524089	0.133960047004	0.0846063454761	0.387779083431
-ֵ֜ב	0.0808625336928	0.768194070081	0.134770889488	0.0161725067386
-חֵץ	0.0701001430616	0.761087267525	0.0658082975679	0.103004291845
-יקל	1.0	0.0	0.0	0.0
-ֶג֙	0.35294117647	0.64705882353	0.0	0.0
-ביו	0.0609421385762	0.664179689688	0.0146698033944	0.260208368342
-ביה	0.0738117302207	0.688567175362	0.0110414448519	0.226579649566
-ביח	0.4	0.6	0.0	0.0
-ביב	0.0928337319515	0.235243747601	0.0139368707001	0.657985649748
-ביא	0.419640564827	0.473712651718	0.0054883813887	0.101158402066
-ביד	0.0773524832252	0.471893088304	0.00549849533239	0.445255933138
-בים	0.235766058682	0.375332266459	0.263946614367	0.124955060492
-ביל	0.0	1.0	0.0	0.0
-בין	0.12002833008	0.0727121719982	0.016169205985	0.791090291937
-בימ	0.666666666667	0.333333333333	0.0	0.0
-ביט	0.50783461034	0.315455235729	0.0441775384828	0.132532615448
-ביך	0.0579529385595	0.665080474746	0.0221166526319	0.254849934063
-המס	0.357558139535	0.479651162791	0.0508720930232	0.111918604651
-המנ	0.727272727273	0.272727272727	0.0	0.0
-ׂא֩	0.172839506173	0.481481481481	0.0	0.345679012346
-המץ	0.0	1.0	0.0	0.0
-המק	0.625	0.0	0.0	0.375
-המר	0.178911773747	0.507531509376	0.295112204119	0.0184445127574
-המת	0.258130069699	0.403823430356	0.305680345696	0.0323661542501
-המו	0.264388489208	0.263489208633	0.00269784172662	0.469424460432
-המה	0.200033335995	0.230157269504	0.00945908874667	0.560350305754
-ָא֒	0.222496909765	0.703337453646	0.0	0.0741656365884
-המי	0.329268292683	0.414634146341	0.182926829268	0.0731707317073
-המם	0.641196013289	0.249169435216	0.0897009966776	0.0199335548173
-המל	0.666666666667	0.333333333333	0.0	0.0
-המן	0.00601805416248	0.970912738215	0.00100300902708	0.0220661985958
-ביץ	0.773195876288	0.226804123712	0.0	0.0
-ביק	0.411764705882	0.588235294118	0.0	0.0
-בינ	0.285714285714	0.285714285714	0.0	0.428571428572
-ביע	0.550412465628	0.342346471127	0.0	0.107241063245
-ביש	0.339022954679	0.604080831862	0.0262899744948	0.030606238964
-ביר	0.274789893403	0.472008162608	0.100421555729	0.152780388261
-בית	0.0254762204338	0.573249068892	0.00912649038135	0.392148220293
-ַל֩	0.197232091833	0.0812234452258	0.0156533406217	0.705891122319
-ַל֮	0.234731131936	0.602057897537	0.0594477044965	0.10376326603
-רול	0.0	1.0	0.0	0.0
-רום	0.184851735499	0.206765765075	0.39795801088	0.210424488545
-רון	0.0679787507736	0.850598329822	0.0515933443195	0.029829575085
-רוט	0.422110552764	0.0	0.276381909548	0.301507537689
-והַ	0.0787428835206	0.80712417295	0.0725880904754	0.0415448530544
-רוך	0.483584853254	0.380501805388	0.100175909638	0.0357374317193
-רוכ	0.0	0.8	0.0	0.2
-רוה	0.360912129895	0.481017191977	0.0553963705826	0.102674307545
-רוו	0.35294117647	0.470588235294	0.176470588235	0.0
-רוז	0.0	1.0	0.0	0.0
-רוח	0.0597943199267	0.757932360418	0.0294003793597	0.152872940296
-רוא	0.194736842105	0.789473684211	0.0157894736842	0.0
-רוב	0.152939804013	0.363684087727	0.0365725618292	0.44680354643
-רוג	0.220043572985	0.681917211329	0.0196078431373	0.078431372549
-רוד	0.158440741905	0.841559258095	0.0	0.0
-רור	0.5416574002	0.299260535972	0.0426489121168	0.116433151711
-רוש	0.176947518352	0.614221540484	0.195244877835	0.0135860633286
-רות	0.209715664241	0.680735685272	0.0665869399369	0.0429617105507
-רוץ	0.441564407113	0.349760482971	0.125008202638	0.0836669072774
-רוק	0.396226415094	0.415094339623	0.188679245283	0.0
-רונ	0.0	1.0	0.0	0.0
-רוס	0.402925260364	0.564912191137	0.032162548499	0.0
-רוע	0.0882607441593	0.670031727718	0.220940294202	0.0207672339198
-רוף	0.706896551725	0.215517241379	0.0775862068964	0.0
-ַל֒	0.239436619718	0.253521126761	0.169014084507	0.338028169014
-֔הַ	0.0	0.754716981132	0.245283018868	0.0
-ַל֙	0.234909816565	0.158454895663	0.0622933892966	0.544341898475
-֔הָ	0.0909890662311	0.61442754807	0.236521301999	0.0580620837001
-֔הּ	0.196860878115	0.260117020664	0.0233082918109	0.51971380941
-פנם	0.0	0.475116640747	0.0	0.524883359253
-פנך	0.655172413793	0.344827586207	0.0	0.0
-פני	0.0322109215194	0.19814975913	0.0142245310359	0.755414788315
-֖ךָ	0.373227093144	0.502335452452	0.112712819881	0.011724634523
-פנז	0.0	1.0	0.0	0.0
-והר	0.223404255319	0.755319148936	0.0	0.0212765957447
-פנה	0.259581335967	0.501650085516	0.0450943078072	0.19367427071
-פנג	0.0	1.0	0.0	0.0
-֖ךְ	0.427902950392	0.33009776759	0.023651313986	0.218347968032
-ֶרa	0.0	0.315789473684	0.315789473684	0.368421052631
-ִ֙ד	0.0	0.3	0.1	0.6
-סנת	0.0	1.0	0.0	0.0
-סנא	0.0	1.0	0.0	0.0
-סנה	0.256074766355	0.50093457944	0.199856218548	0.0431344356577
-סנו	0.603800332597	0.163954090674	0.0146942558818	0.217551320847
-סני	0.630155664129	0.211907737757	0.120440858993	0.0374957391206
-רוּ	0.568520844321	0.107452925246	0.0282090919189	0.295817138514
-והב	0.0	0.9375	0.0625	0.0
-פנת	0.277533039648	0.616740088106	0.0264317180617	0.079295154185
-והו	0.458796764409	0.406471183013	0.0224974721941	0.112234580384
-פנק	0.8	0.0	0.0	0.2
-והי	0.170579229024	0.586808281224	0.0201646392332	0.22244785052
-והן	0.135922330097	0.0582524271844	0.0	0.805825242719
-פנס	0.0	1.0	0.0	0.0
-והם	0.180177223498	0.0518542829012	0.00393829996718	0.764030193633
-֜את	0.12885662432	0.294010889292	0.0	0.577132486388
-זַי	0.109121432569	0.289311695579	0.0307778399553	0.570789031897
-זַל	0.709110867179	0.172886937431	0.0192096597146	0.0987925356751
-־רץ	0.0	1.0	0.0	0.0
-ֵר֩	0.316028596245	0.526124139774	0.0385848867509	0.11926237723
-֔֡ה	0.0	0.322580645161	0.0	0.677419354839
-זַב	0.886705959397	0.0740013097578	0.0	0.0392927308448
-זַז	0.736842105263	0.263157894737	0.0	0.0
-זַח	0.138389366693	0.813135261923	0.0	0.0484753713839
-זַר	0.638658253072	0.110262371305	0.0	0.251079375623
-זַת	0.02	0.98	0.0	0.0
-ֵר֙	0.189540793608	0.604571993789	0.0575680344661	0.148319178137
-זַע	0.0	1.0	0.0	0.0
-ֵר֒	0.131964809384	0.551319648094	0.0	0.316715542522
-זַק	0.461577608143	0.0559796437659	0.450381679389	0.0320610687023
-רֹא	0.707710011507	0.103567318757	0.0161104718067	0.172612197929
-רֹג	0.554523130019	0.328997146081	0.0248888298931	0.0915908940068
-֗הָ	0.0922761449078	0.493506493506	0.352699931647	0.0615174299385
-שיש	0.216441644165	0.65904590459	0.0993099309931	0.025202520252
-שיר	0.134158228729	0.516620581273	0.25134774911	0.0978734408881
-שית	0.53634571208	0.140560624239	0.122531923402	0.200561740279
-שיק	1.0	0.0	0.0	0.0
-שיע	0.571711558038	0.231655982612	0.0180757696646	0.178556689685
-שים	0.142534179974	0.460438432982	0.0684518616796	0.328575525364
-שיל	0.812030075188	0.187969924812	0.0	0.0
-שין	0.458851350417	0.343668321555	0.11616489884	0.0813154291879
-ֵשׂ	0.539585211903	0.379260595131	0.0522993688008	0.0288548241659
-שיט	0.46733612889	0.424519973516	0.0115868461708	0.0965570514236
-שיך	0.218136554707	0.562829041342	0.0427294616986	0.176304942252
-שיו	0.0921927592151	0.796617683277	0.0220343157376	0.08915524177
-שיה	0.085720887246	0.808918669131	0.0623844731977	0.0429759704251
-שיח	0.669780728845	0.276791229154	0.021772699197	0.0316553428042
-שיב	0.345979370993	0.157682657949	0.0103905319446	0.485947439114
-שיא	0.0386173198595	0.939975806835	0.00285424977404	0.0185526235312
-שיד	0.0679347826087	0.932065217391	0.0	0.0
-שיג	0.566640481802	0.208169677926	0.09557475779	0.129615082482
-uel	0.774193548387	0.225806451613	0.0	0.0
-ֽ֣א	0.25	0.0	0.0	0.75
-עעה	0.851648351648	0.0	0.0	0.148351648352
-עעי	0.0	1.0	0.0	0.0
-ֶת֮	0.223696682464	0.743127962086	0.0	0.0331753554503
-כםם	0.714285714286	0.285714285714	0.0	0.0
-ֶת֩	0.305103757712	0.312114413909	0.35333707235	0.0294447560292
-ֶ֑ל	0.106631866176	0.843540158975	0.00996559496974	0.039862379879
-ֶת־	0.214305214305	0.243106743107	0.0491400491401	0.493447993448
-ֻ֥ז	0.185185185185	0.814814814815	0.0	0.0
-ֵ֨ק	0.16720464816	0.83279535184	0.0	0.0
-ׂר֩	0.135135135135	0.54054054054	0.324324324325	0.0
-קָף	0.725	0.1625	0.0	0.1125
-יָּ	0.253112033195	0.0	0.746887966805	0.0
-ׂר֮	0.323076923077	0.676923076923	0.0	0.0
-ׂר֒	0.35294117647	0.64705882353	0.0	0.0
-ׂר֙	0.0417890651337	0.303774358087	0.160379689481	0.494056887299
-דְּ	0.345656192236	0.654343807764	0.0	0.0
-ֵ֨ף	0.380200860832	0.457197513152	0.0621712099473	0.100430416069
-ֶת֙	0.256738344649	0.459999174464	0.112924051078	0.170338429809
-ֶת֒	0.201584703957	0.798415296043	0.0	0.0
-הֹם	0.297604685065	0.516915497914	0.00514628261198	0.180333534409
-יָת	0.047287899861	0.952712100139	0.0	0.0
-מֻם	0.0	0.6	0.4	0.0
-מֻן	0.0	0.631578947369	0.368421052631	0.0
-ָ֪ב	0.0	1.0	0.0	0.0
-ָ֪א	0.705882352941	0.0	0.294117647059	0.0
-ָב֒	0.212645560949	0.597849718557	0.174494445603	0.0150102748905
-ֵ֨ם	0.340439970593	0.626307753209	0.00950065034213	0.0237516258553
-ָ֪ה	0.691942189665	0.195604830727	0.0847356959017	0.0277172837062
-ֻ֜ת	0.0	1.0	0.0	0.0
-ָ֪י	1.0	0.0	0.0	0.0
-ָב֙	0.0763763353519	0.836735240646	0.0661170300656	0.020771393936
-ָ֪ם	0.321428571429	0.0	0.678571428571	0.0
-־רע	0.293164885002	0.35914048159	0.21164021164	0.136054421769
-ָב֩	0.33806000822	0.594122482532	0.043156596794	0.0246609124538
-ָב֮	0.238938053097	0.681415929203	0.0	0.0796460176992
