-eme	0.110075020015	0.120094501576	0.0462203237234	0.723610154686
-itü	0.155830473674	0.175065675891	0.0524403426673	0.616663507768
-üyu	0.213746084393	0.230391253609	0.0448375406916	0.511025121307
-ema	0.105703064677	0.647547552998	0.0984832426553	0.14826613967
-uni	0.362514496603	0.452751617678	0.0597909682829	0.124942917436
-esü	0.130676756658	0.0681859257828	0.0125579995341	0.788579318025
-une	0.463335583286	0.236361538506	0.0468774698997	0.253425408309
-cai	0.403266092822	0.347241629706	0.101544444948	0.147947832524
-acü	0.357089782851	0.391638909982	0.0877320444278	0.163539262739
-emi	0.0	1.0	0.0	0.0
-una	0.37707255175	0.510621787438	0.0364571114492	0.075848549362
-emu	0.0	1.0	0.0	0.0
-iva	0.281830743202	0.43564865092	0.0932480721354	0.189272533743
-ive	0.152804660145	0.436315777571	0.12476585351	0.286113708774
-cau	0.0	1.0	0.0	0.0
-ivi	0.462979933639	0.445579870438	0.0532825090851	0.0381576868384
-üni	0.550186515124	0.219996790146	0.0571209220219	0.172695772708
-arü	0.0819672131148	0.726775956284	0.109289617486	0.0819672131148
-axe	0.278797828855	0.394692756148	0.224820746499	0.101688668498
-üri	0.23861690822	0.42601524774	0.0710645328722	0.264303311168
-xei	0.257188777223	0.154053370785	0.02245304485	0.566304807142
-üre	0.233299553579	0.427910218697	0.0579897689479	0.280800458776
-rri	0.450980392157	0.235294117647	0.0	0.313725490196
-ümü	0.597232337946	0.0851628342525	0.00884403287901	0.308760794922
-üya	0.148737799735	0.340888499078	0.134195964296	0.376177736891
-upu	0.0318615153036	0.954089312594	0.0140491721023	0.0
-uru	0.0119004856982	0.94384903077	0.0192084787647	0.0250420047673
-ica	0.33519793908	0.340079268241	0.0589340912151	0.265788701464
-hüa	0.424768297405	0.517041435394	0.0328901510262	0.025300116174
-ütü	0.283203878161	0.397540356817	0.0559459670924	0.26330979793
-üru	0.209014645244	0.445613536186	0.34537181857	0.0
-axü	0.516821538611	0.342418711671	0.0658614067313	0.0748983429866
-i'u	0.213884992987	0.621707963223	0.0561009817672	0.108306062023
-asü	0.281643981533	0.142371880336	0.0240793163787	0.551904821752
-icu	0.143131743658	0.663518590543	0.129738052373	0.0636116134258
-üna	0.207200561767	0.226618528277	0.115693932367	0.450486977589
-üme	0.0996105508739	0.0780423775346	0.0137052540045	0.808641817587
-ini	0.28840014305	0.290522654635	0.0908604325408	0.330216769774
-raü	0.0978260869565	0.902173913043	0.0	0.0
-erü	0.0458956202465	0.954104379753	0.0	0.0
-süa	0.123402300546	0.246470511102	0.0227816318632	0.607345556489
-ücu	0.387588668504	0.267248000723	0.0355803551258	0.309582975647
-uai	0.270636632012	0.563856352536	0.0279654522372	0.137541563214
-ina	0.350546683242	0.495648847662	0.113480603105	0.0403238659909
-tüa	0.462826391516	0.340073936381	0.0690558544861	0.128043817617
-apa	0.147753136823	0.348072425549	0.0211667216928	0.483007715936
-ine	0.435894239955	0.195788235791	0.0320810476479	0.336236476606
-uvu	0.00207003622563	0.994479903398	0.000690012075209	0.00276004830084
-eta	0.0981272301451	0.19947746862	0.0496728641033	0.652722437131
-uva	0.265727835973	0.171997726004	0.0385844289049	0.523690009118
-ete	0.0969120706362	0.597330483685	0.0402145464209	0.265542899258
-seu	0.0240561309722	0.937854994988	0.0280654861343	0.0100233879051
-eti	0.017628541448	0.971353620147	0.0	0.011017838405
-uie	0.128104105035	0.642718073801	0.0443250424997	0.184852778664
-inu	0.0299593771158	0.803317535545	0.0306364251862	0.136086662153
-utü	0.364927349279	0.383447672363	0.123494287529	0.128130690829
-ank	0.386206896552	0.4	0.048275862069	0.165517241379
-amü	0.396782654532	0.173981798436	0.00469963609574	0.424535910935
-ü'a	0.633999549266	0.186456640611	0.0717959362805	0.107747873842
-uya	0.117137505755	0.645749777638	0.0228421460678	0.214270570539
-ena	0.112334717222	0.0969055165954	0.0143135496612	0.776446216522
-üsi	0.11926121372	0.764643799472	0.0728232189973	0.04327176781
-uye	0.0794419974521	0.816548319344	0.041047671767	0.0629620114365
-püa	0.162488988548	0.751069111876	0.0258989348923	0.0605429646832
-peu	0.0	0.959322033898	0.0	0.0406779661017
-'au	0.495689655172	0.301724137931	0.0	0.202586206897
-ate	0.385506629702	0.368047527921	0.07973875479	0.166707087587
-u'i	0.649551752241	0.280358598207	0.0619396903016	0.0081499592502
-ata	0.212849281082	0.346696315341	0.0460245327293	0.394429870847
-iye	0.536665276702	0.370107821529	0.0750580806576	0.0181688211116
-ahi	0.0	1.0	0.0	0.0
-'ie	0.464312907137	0.318283936343	0.0289519942096	0.18845116231
-e'ü	0.409638554217	0.532530120482	0.0433734939759	0.0144578313253
-iya	0.313111255477	0.29287432752	0.0456857365145	0.348328680488
-ati	0.0397981664416	0.93284059413	0.012436927013	0.0149243124156
-acu	0.303180317414	0.28261115998	0.0769507126137	0.337257809993
-neu	0.0	0.906976744186	0.0	0.093023255814
-imu	0.0449438202247	0.955056179775	0.0	0.0
-niu	0.361917868332	0.205851889377	0.0369179489992	0.395312293291
-itu	0.0135626206202	0.966754229367	0.00143230724024	0.0182508427725
-esu	0.103555866372	0.849373285276	0.039539512615	0.00753133573617
-u'u	0.200436795876	0.553955031507	0.0634905480237	0.182117624594
-ima	0.142507486062	0.463516091424	0.111187496137	0.282788926377
-esi	0.317420144052	0.560729890573	0.0928146343692	0.0290353310063
-rie	0.321826391936	0.309210428181	0.0772521040252	0.291711075858
-ime	0.106938701887	0.182731247457	0.0352509447566	0.675079105899
-'ai	0.398243263362	0.395563495608	0.0267976775346	0.179395563496
-aca	0.461814701645	0.309785433817	0.0676775979805	0.160722266558
-nie	0.38242906524	0.425664196678	0.0640921404797	0.127814597603
-imi	0.301670536201	0.637652305487	0.0105059390717	0.0501712192403
-emü	0.284495021337	0.246088193457	0.0170697012802	0.452347083926
-esa	0.277524556473	0.468965256838	0.202007670358	0.0515025163305
-ite	0.0985149148637	0.515899073188	0.300824853488	0.0847611584612
-ese	0.242534950007	0.135173958286	0.0965630608213	0.525728030886
-ita	0.17224578016	0.211168911449	0.0144826346704	0.602102673721
-ase	0.336870026525	0.637341585617	0.0180518715001	0.00773651635721
-rau	0.0	1.0	0.0	0.0
-que	0.165441671226	0.0566312239532	0.0117156096631	0.766211495157
-asa	0.388531284607	0.398636489479	0.0747508305647	0.138081395349
-qui	0.104806448429	0.307968883673	0.0256653175539	0.561559350344
-üta	0.16297798048	0.0958019143811	0.0386910792402	0.702529025899
-yeu	0.315415370946	0.586850288761	0.0488671701465	0.0488671701466
-asi	0.0957383458752	0.127836866898	0.0601108111386	0.716313976088
-üma	0.345686466903	0.155228696505	0.0500886859386	0.448996150653
-asu	0.0	0.810526315789	0.189473684211	0.0
-va'	0.117445054945	0.48592032967	0.0	0.396634615385
-a'ü	0.117394179894	0.869378306878	0.00661375661376	0.00661375661375
-ecu	0.38568539037	0.403231063506	0.0770124768817	0.134071069242
-uta	0.120936905239	0.215656424646	0.0396050915734	0.623801578542
-teu	0.0	0.999118165785	0.0	0.000881834215167
-ute	0.102015256746	0.883320050097	0.0146646931572	0.0
-yua	0.490019224817	0.356243270224	0.0330788914997	0.120658613459
-uti	0.327598524923	0.510243993967	0.0469802048077	0.115177276303
-eru	0.105789225586	0.0335977196874	0.00619581616872	0.854417238558
-a'u	0.185344827586	0.159482758621	0.655172413793	0.0
-vie	0.398935821414	0.331802677334	0.107829725597	0.161431775654
-eri	0.114396391399	0.532962735911	0.0512007701985	0.301440102491
-a'i	0.707201244559	0.257454386659	0.0124182917343	0.022926077048
-riu	0.0574162679426	0.885167464115	0.0	0.0574162679425
-inü	0.6	0.376623376623	0.0233766233766	0.0
-ücü	0.276770068009	0.113115944604	0.0344355468993	0.575678440488
-rai	0.0758583976577	0.832313015704	0.00399254724514	0.0878360393932
-uvü	0.704384724187	0.295615275813	0.0	0.0
-tei	0.363958826225	0.381224560578	0.114662273476	0.140154339721
-a'a	0.414089608231	0.419482756261	0.0820288667042	0.0843987688034
-ere	0.448867121998	0.369828217368	0.0816881949658	0.0996164656679
-a'e	0.69455058329	0.241630907222	0.0444600131822	0.0193584963057
-üte	0.163335470143	0.0893936609822	0.0119673548309	0.735303514043
-tua	0.470008547958	0.380030318134	0.0585444713308	0.0914166625778
-e'e	0.390286592697	0.325784210767	0.0242378582409	0.259691338295
-axa	0.15753826107	0.281525489353	0.200163677715	0.360772571862
-ara	0.166431412806	0.251073448558	0.0176933934793	0.564801745156
-e'a	0.659718322029	0.181189787013	0.0353177517605	0.123774139197
-vau	0.696410295288	0.234600659566	0.0318410977597	0.0371479473864
-tui	0.147276828875	0.852723171125	0.0	0.0
-atü	0.265548236556	0.205500776668	0.0672478261275	0.461703160648
-ari	0.0808786023441	0.634396583019	0.026703409543	0.258021405094
-e'i	0.252716843694	0.339331442643	0.363912058313	0.0440396553504
-ami	0.0376238307273	0.944340892617	0.0115632874254	0.00647198923061
-'üa	0.155786650327	0.705132577619	0.0808125184256	0.0582682536287
-e'u	0.339066339066	0.587223587224	0.014742014742	0.058968058968
-veu	0.0	0.910891089109	0.029702970297	0.0594059405941
-usü	0.12227084188	0.0406353981494	0.0116801130407	0.82541364693
-uyü	0.621488662984	0.127656200355	0.0332234913279	0.217631645333
-nüi	0.523076923077	0.292307692308	0.0	0.184615384615
-'üi	0.721138471378	0.237927726255	0.0185481291973	0.0223856731692
-ü'ü	0.458079464516	0.330816098859	0.0815240710547	0.129580365571
-vai	0.135302247763	0.56026769477	0.150214592275	0.154215465192
-ame	0.120449985849	0.468528210274	0.0476975043802	0.363324299497
-üsü	0.238374071093	0.0834510323882	0.00500408245056	0.673170814068
-cüa	0.128808656796	0.0667287564286	0.0998078482673	0.704654738508
-aye	0.33843339162	0.457450942296	0.0642324007512	0.139883265333
-usi	0.0294159649529	0.851951956659	0.00641554989131	0.112216528496
-aya	0.118213164315	0.732948362345	0.0455025137819	0.103335959558
-iri	0.394902990186	0.3970525909	0.0549283216105	0.153116097304
-ire	0.375246046806	0.354140417457	0.176217583808	0.0943959519292
-usa	0.482683494854	0.403575989783	0.0517617008489	0.0619788145143
-ira	0.0849011669445	0.890985949036	0.0199452250536	0.00416765896641
-use	0.0272306435509	0.972769356449	0.0	0.0
-ayu	0.225508888551	0.384355008921	0.0605498498629	0.329586252665
-icü	0.261893354767	0.237837548477	0.0562620648239	0.444007031933
-ava	0.286129902463	0.202119189164	0.260141388213	0.25160952016
-era	0.336228097141	0.365047648325	0.129880110667	0.168844143867
-iru	0.0057246942493	0.920634920635	0.0390320062451	0.0346083788707
-aru	0.0846271794628	0.851415564092	0.0236796762618	0.0402775801837
-üye	0.131501424347	0.471307246863	0.213633149623	0.183558179167
-usu	0.110034580517	0.0783617350489	0.019471011558	0.792132672877
-etü	0.278541425622	0.283937307565	0.165161594018	0.272359672795
-üxü	0.787892580792	0.205279927173	0.00682749203459	0.0
-epa	0.0965438126736	0.365423406858	0.0137965058622	0.524236274607
-aha	0.456489618166	0.278715296679	0.0742670503149	0.190528034839
-ixü	0.416875651791	0.293622947011	0.0380609112971	0.2514404899
-cüi	0.118324350808	0.881675649192	0.0	0.0
-üva	0.403651503531	0.320638564897	0.0741994282697	0.201510503302
-üve	0.270777126392	0.181402228824	0.283439444609	0.264381200174
-exi	0.124552244629	0.494713826686	0.0223345699066	0.358399358779
-üvi	0.271966527197	0.284518828452	0.428451882845	0.0150627615063
-xai	0.0459023919225	0.837151265171	0.0883763894277	0.0285699534788
-reu	0.00162999185004	0.978810105949	0.0	0.0195599022005
-iyu	0.141682242991	0.762218068536	0.0588411214954	0.0372585669782
-ixi	0.0513826598362	0.822286855896	0.0805382294947	0.0457922547732
-exa	0.152938775446	0.281830076113	0.223040328564	0.342190819877
-umu	0.501974550241	0.232558139535	0.146994295744	0.11847301448
-uri	0.294578424056	0.424909150293	0.034194478548	0.246317947103
-ipa	0.0699022431469	0.811404132823	0.0475269281954	0.0711666958346
-pie	0.556789780616	0.175229103027	0.130519300194	0.137461816162
-are	0.247567709703	0.411911648698	0.303707599264	0.036813042335
-ura	0.230084715734	0.457337916065	0.028076149531	0.28450121867
-ecü	0.204037738159	0.202269795556	0.101029485691	0.492662980594
ALL	0.230117818157	0.293732469446	0.0548657129554	0.421283999441
-eha	0.03125	0.6875	0.1875	0.09375
-ume	0.207247141758	0.669951333846	0.0283990266769	0.0944024977188
-eve	0.419539566204	0.344580229919	0.12287391644	0.113006287436
-isü	0.178769808573	0.168192408231	0.0391656889224	0.613872094274
-uma	0.262222807979	0.457948461611	0.075616745717	0.204211984693
-epe	0.223602484472	0.186335403727	0.44099378882	0.149068322981
-ehu	0.554231110235	0.2815486159	0.00384198601123	0.160378287853
-umi	0.344505982069	0.448798996359	0.0599736850157	0.146721336556
-xie	0.136573101775	0.260583875042	0.0370862839698	0.565756739213
-pai	0.211250401142	0.305884669188	0.0972349058733	0.385630023797
-'ei	0.751151753514	0.0333678454044	0.00379401157659	0.211686389505
-nai	0.094466117427	0.376127232125	0.0318064211779	0.49760022927
-atu	0.0205252770609	0.900751480188	0.0339304691058	0.0447927736451
-eyü	0.571716899892	0.237082884822	0.114908503767	0.0762917115177
-ucü	0.385458639103	0.306638257455	0.118334195048	0.189568908394
-ueu	0.0	1.0	0.0	0.0
-api	0.527472527472	0.208791208791	0.032967032967	0.230769230769
-ave	0.471219617315	0.136760976869	0.0494497663564	0.34256963946
-axu	0.0745542949757	0.899513776337	0.00648298217182	0.0194489465154
-axi	0.0910623076588	0.80950251544	0.0256145785636	0.073820598338
-uei	0.63981184948	0.187349879904	0.0305244195357	0.142313851081
-apu	0.0	1.0	0.0	0.0
-ahu	0.362502906484	0.198885167193	0.18042192714	0.258189999183
-pau	0.5	0.255319148936	0.031914893617	0.212765957447
-sie	0.116612143402	0.500953616016	0.0461472127326	0.33628702785
-üra	0.212543410523	0.72788293915	0.048043266393	0.0115303839343
-ipi	0.100015725743	0.68558997746	0.180583949258	0.0338103475389
-unu	0.128342245989	0.768270944742	0.0409982174688	0.0623885918003
-uve	0.453368723342	0.235410282863	0.107099687418	0.204121306376
-eyu	0.4226942043	0.303646917147	0.10933186064	0.164327017912
-uhu	0.83325207216	0.100438810336	0.00585080448563	0.060458313018
-nua	0.622819950949	0.116353982216	0.023195443115	0.23763062372
-enu	0.139275766017	0.710306406685	0.050139275766	0.100278551532
-cua	0.116357900614	0.0787909652325	0.0268822363103	0.777968897843
-uhi	0.0	0.979591836735	0.0204081632653	0.0
-ayü	0.47009471855	0.150089881645	0.0244338453637	0.355381554441
-sue	0.035046728972	0.93691588785	0.0	0.0280373831776
-uhe	0.18552097429	0.681867388363	0.0	0.132611637348
-ipu	0.0209387130926	0.976590989295	0.00247029761204	0.0
-nüa	0.269465159997	0.542586815956	0.140847398104	0.0471006259425
-exü	0.227329580988	0.567854909318	0.0797373358349	0.125078173859
-ipe	0.00131578947368	0.989473684211	0.0	0.00921052631579
-anu	0.0180703099332	0.896506406746	0.0722812397327	0.0131420435878
-xüa	0.187376125943	0.101587732924	0.201273068148	0.509763072986
-ixu	0.274412855377	0.725587144623	0.0	0.0
-etu	0.0	1.0	0.0	0.0
-xaü	0.13841194414	0.186651940675	0.0139216305014	0.661014484683
-uxa	0.409772846439	0.39720018718	0.113182123144	0.0798448432364
-ana	0.185440161049	0.106948887357	0.0215253706159	0.686085580978
-u'e	0.00956414810768	0.918704741085	0.0	0.0717311108075
-ixa	0.15492836922	0.308539787688	0.26794913364	0.268582709451
-ane	0.202683998432	0.115227173795	0.0179951605383	0.664093667235
-üxi	0.156019562657	0.764961838648	0.0211808791539	0.0578377195414
-yüa	0.353449342087	0.352735014905	0.0549325175363	0.238883125472
-ani	0.523037906454	0.251102199498	0.0572237795591	0.168636114488
-uxu	0.011371635891	0.970758650566	0.00162451941301	0.01624519413
-üxa	0.148256935	0.56887624298	0.0404985315041	0.242368290516
-ahü	0.212416495052	0.108995931488	0.063287960219	0.61529961324
-iha	0.718085106383	0.239361702128	0.0212765957447	0.0212765957447
-tai	0.0498415263191	0.893045802001	0.00946698982868	0.0476456818511
-isi	0.0809603681411	0.576679393768	0.101611284326	0.240748953766
-ihe	0.52651249708	0.416257883672	0.0245269796776	0.0327026395702
-umü	0.567989714041	0.357794233196	0.00778589966427	0.0664301530989
-ise	0.0948065528059	0.771000348554	0.113279888463	0.0209132101778
-üpe	0.0450360001147	0.265081322968	0.627635466567	0.0622472103497
-uvi	0.199941873983	0.6722971402	0.0105789351314	0.117182050686
-ure	0.361191780028	0.273558105338	0.35860920346	0.00664091117518
-ama	0.0588787653822	0.749075291463	0.037698505624	0.154347437531
-upe	0.176524708057	0.590613090691	0.127370255796	0.105491945456
-eva	0.364668713541	0.334649912901	0.0583286399014	0.242352733656
-upa	0.262592898431	0.718139278833	0.019267822736	0.0
-tau	0.0792983903187	0.795303700076	0.0075780031704	0.117819906435
-isu	0.046511627907	0.953488372093	0.0	0.0
-iti	0.077033492823	0.864114832536	0.0588516746411	0.0
-evi	0.109329518756	0.52080532339	0.0251634580898	0.344701699764
-upi	0.255874673629	0.744125326371	0.0	0.0
-avi	0.243492569098	0.52688874839	0.125977090509	0.103641592004
-hai	0.493243243243	0.506756756757	0.0	0.0
-mie	0.560336126147	0.232016491233	0.0421057366755	0.165541645945
-üpa	0.231644341735	0.358996305331	0.177019586026	0.232339766908
-cui	0.190805098845	0.0973759996329	0.180622325229	0.531196576293
-mei	0.0	1.0	0.0	0.0
-cue	0.814227035101	0.173170276326	0.00980209111277	0.00280059746079
-uxi	0.243917750601	0.149099444414	0.0210840567075	0.585898748277
-mau	0.0	0.9	0.0	0.1
-'ui	0.0839906459835	0.486529163628	0.311727861284	0.117752329105
-ucu	0.425856629246	0.448308753393	0.0715386308607	0.0542959864994
-i'a	0.459592841183	0.323070704199	0.102287214431	0.115049240186
-mai	0.632661628883	0.329554995802	0.0251889168766	0.0125944584383
-tie	0.49146250928	0.250927988122	0.230883444692	0.0267260579064
-üca	0.219334924705	0.0536821359551	0.065131743448	0.661851195892
-paü	0.169207728698	0.077991127586	0.0126695666921	0.740131577024
-eni	0.482359400982	0.253358591472	0.0772158723612	0.187066135185
-üsa	0.372340425532	0.446808510638	0.117021276596	0.0638297872341
-eya	0.0909445254377	0.790030578992	0.0219231052598	0.097101790311
-ene	0.33293573736	0.344840931364	0.073243257958	0.248980073319
-uca	0.138619418434	0.444598885943	0.0344084890003	0.382373206623
-üne	0.327780063136	0.35391216567	0.0940144227838	0.22429334841
-eca	0.403938933726	0.235776347433	0.151515625571	0.208769093271
