-דקו	0.2079002079	0.298336798337	0.0987525987526	0.39501039501
-דקה	0.183227162278	0.595947987128	0.116405069942	0.104419780653
-כסי	0.0322580645161	0.741935483871	0.0322580645161	0.193548387097
-במה	0.321324851334	0.14901120177	0.0767528695893	0.452911077306
-במו	0.579974811083	0.0371536523929	0.0774559193955	0.305415617129
-כסך	0.565656565657	0.151515151515	0.20202020202	0.0808080808081
-במי	0.0868852459016	0.167213114754	0.0	0.745901639344
-דקן	0.827711490029	0.137607860947	0.0346806490236	0.0
-כסא	0.110663501187	0.792597775834	0.0187179807572	0.0780207422217
-כסו	0.403225806452	0.596774193548	0.0	0.0
-כסה	0.36093418259	0.562632696391	0.0254777070064	0.0509554140128
-טמו	0.674925668979	0.280475718533	0.029732408325	0.0148662041625
-הבר	0.263897250652	0.521974714028	0.21412803532	0.0
-הבת	0.295774437438	0.483160505633	0.0286136927353	0.192451364193
-רסי	0.342657342657	0.503496503496	0.0839160839161	0.0699300699301
-הבל	0.216455868017	0.57850717538	0.163576461297	0.0414604953049
-ציך	0.0	0.81845688351	0.0	0.18154311649
-הבן	0.0141171184394	0.748767577403	0.00470570614645	0.232409598011
-הבט	0.784836065574	0.110655737705	0.0122950819672	0.0922131147541
-הבי	0.300309597523	0.396284829721	0.222910216718	0.0804953560372
-חיי	0.137580800577	0.637816718943	0.0686387802962	0.155963700184
-הבה	0.324362004829	0.492810474084	0.0152725936159	0.167554927471
-הבו	0.508453773887	0.337031471991	0.0771922908128	0.0773224633099
-הבא	0.399315344342	0.145992750705	0.0482279500604	0.406463954893
-הבד	0.199758599879	0.456246228123	0.108630054315	0.235365117683
-כסת	0.5	0.434782608696	0.0	0.0652173913044
-דקק	0.11214953271	0.345794392523	0.542056074766	0.0
-כתב	0.443894150344	0.401335634031	0.023907058839	0.130863156786
-עתו	0.286232698545	0.422492694049	0.113202093837	0.178072513568
-דקף	0.626907073509	0.0804438280166	0.0790568654646	0.21359223301
-משב	0.325892857143	0.647321428572	0.0	0.0267857142857
-כסף	0.169801952609	0.703621327037	0.0457162350899	0.0808604852642
-עתה	0.265139274332	0.0410993622345	0.0167544258438	0.677006937589
-דקר	0.88178913738	0.0798722044728	0.0	0.038338658147
-דקת	0.333872707659	0.489482200647	0.0997842502697	0.0768608414239
-מחד	0.230475808071	0.685203774343	0.0843204175868	0.0
-מחה	0.174228742127	0.414066804998	0.0900185349726	0.321685917903
-מחו	0.47022295802	0.231892839059	0.180204013131	0.11768018979
-ויר	0.101611869219	0.730561406722	0.110129132704	0.0576975913544
-מחט	0.0	0.948078553264	0.0519214467363	0.0
-צים	0.424738820925	0.261636064625	0.0481351653315	0.265489949118
-קטע	0.511601726187	0.440240165113	0.00875601976357	0.0394020889361
-רהם	0.0937934101885	0.819436803197	0.0276592067015	0.0591105799127
-חצו	0.65625	0.248511904762	0.0342261904762	0.0610119047619
-חצב	0.651376146789	0.128440366972	0.110091743119	0.110091743119
-רהו	0.341726618705	0.106115107914	0.462230215827	0.089928057554
-עיל	0.341845809271	0.317845457939	0.25976592521	0.0805428075799
-חצי	0.0131629887728	0.365079365079	0.0782036391793	0.543554006969
-עים	0.475504006608	0.247742998611	0.123407675968	0.153345318813
-חצף	0.6375	0.220833333333	0.0666666666667	0.0750000000001
-רהר	0.816513761468	0.0	0.0275229357798	0.155963302752
-חצר	0.153783893161	0.690004046945	0.0145690004047	0.14164305949
-ומה	0.183344626335	0.291971201658	0.0942175646272	0.43046660738
-קטן	0.14304227694	0.117783700516	0.468738538279	0.270435484265
-מחק	0.750586562389	0.135940277284	0.0955563455386	0.0179168147885
-מחר	0.0452126841572	0.849721649802	0.0430596991972	0.062005966844
-מחת	0.267810712428	0.53718148726	0.0733229329173	0.121684867395
-יפה	0.400980887678	0.205752032488	0.181052859833	0.212214220001
-אטא	0.417278617711	0.434557235421	0.102807775378	0.0453563714902
-וור	0.134079267547	0.111267902977	0.672163024034	0.0824898054423
-וות	0.209659256604	0.634241283618	0.0386001719313	0.117499287846
-ומא	0.0687765790389	0.868537208532	0.0202021916831	0.0424840207454
-אטי	0.370919881306	0.611275964392	0.0178041543027	0.0
-ווע	0.491376573907	0.432441011533	0.0190456036398	0.0571368109195
-ברת	0.273419872828	0.594536583936	0.0466639317842	0.0853796114514
-ברר	0.490517546205	0.320695811162	0.0967822614725	0.092004381161
-דות	0.303264191539	0.447861249695	0.081415564316	0.167458994449
-דוש	0.0721904266389	0.244797086368	0.561654526535	0.121357960458
-דור	0.172998568226	0.63272387691	0.078524749924	0.11575280494
-דוק	0.37933563353	0.471410782051	0.0306982787898	0.118555305629
-דוף	0.373262399176	0.292517590527	0.214947657457	0.11927235284
-דוע	0.190993492246	0.0311645478811	0.0116925284277	0.766149431445
-דוס	0.0751811594203	0.79643194707	0.0559231253938	0.0724637681159
-ברך	0.401474598766	0.357762235146	0.0493494574406	0.191413708647
-דום	0.0392070382916	0.706708788377	0.225200714907	0.0288834584249
-ברי	0.194985415905	0.354560049794	0.0467621187592	0.403692415541
-ברם	0.208626760563	0.147887323944	0.0105633802817	0.632922535211
-ססו	0.764944275583	0.174265450861	0.0	0.0607902735562
-ברד	0.191061452514	0.757541899441	0.0513966480447	0.0
-ברא	0.657543103448	0.125215517241	0.0244612068966	0.192780172414
-דוד	0.102070104021	0.803222871507	0.0272949827882	0.0674120416834
-ברח	0.648810674918	0.217752852446	0.00870237865018	0.124734093986
-דוב	0.0	0.883720930233	0.116279069767	0.0
-ברו	0.453796684136	0.371888203394	0.0428616502273	0.131453462242
-וול	0.27229020979	0.370410839161	0.241477272727	0.115821678322
-וון	0.350431864257	0.241920646008	0.0333906880867	0.374256801649
-ווי	0.389852615104	0.432502934655	0.116342767706	0.0613016825356
-ווט	0.41394335512	0.315904139433	0.00871459694991	0.261437908497
-ווך	0.188006482982	0.607779578606	0.0680713128039	0.136142625608
-ווה	0.390115695444	0.376460318327	0.0701748521083	0.16324913412
-ווח	0.585335102126	0.343675653156	0.0341515825942	0.036837662124
-ווא	0.233319342708	0.190202203207	0.459104838999	0.117373615086
-סדת	0.373333333333	0.471111111111	0.0977777777778	0.0577777777778
-סדר	0.120887660824	0.803902944478	0.0605301787411	0.0146792159572
-מסת	0.188123880215	0.0537496800614	0.758126439724	0.0
-מסר	0.654276226855	0.137544973692	0.0339339068707	0.174244892583
-רתק	0.666666666667	0.251141552511	0.054794520548	0.027397260274
-מסע	0.345921730653	0.536767095307	0.0389954041131	0.0783157699271
-רתת	0.0158814187401	0.771307570143	0.152461619905	0.0603493912123
-שדה	0.138473588822	0.786553234957	0.00320170147564	0.0717714747456
-טטו	0.574402467232	0.417887432537	0.0	0.00771010023131
-טטה	0.722222222222	0.166666666667	0.0	0.111111111111
-מסך	0.172413793103	0.522167487685	0.0689655172414	0.23645320197
-רתא	0.00139534883721	0.984651162791	0.0	0.0139534883721
-רתו	0.336387831052	0.496157183477	0.0689838735803	0.0984711118907
-רתה	0.400763217825	0.263679448513	0.162171477811	0.17338585585
-הוב	0.448642658248	0.255642164669	0.100941524879	0.194773652204
-רתי	0.456653045626	0.21218610118	0.048546417241	0.282614435952
-רתך	0.542066957787	0.433478893741	0.0244541484716	0.0
-רתם	0.507754452854	0.318732384749	0.0592025775272	0.114310584869
-מסה	0.394480519481	0.487012987013	0.0892857142857	0.0292207792208
-מסו	0.608553400327	0.221313390979	0.120401963075	0.0497312456181
-סדו	0.075047657269	0.818501053476	0.05468044547	0.0517708437845
-סדא	0.0	1.0	0.0	0.0
-סדם	0.107784431138	0.526946107785	0.179640718563	0.185628742515
-בכך	0.271096467143	0.105436573311	0.0497894929526	0.573677466593
-עסק	0.230598669623	0.760532150776	0.00886917960089	0.0
-וטו	0.231578947368	0.705263157895	0.0315789473684	0.0315789473684
-שמר	0.21343692503	0.564479001792	0.0677008428208	0.154383230358
-שמש	0.0863235371401	0.853991696601	0.0167332103305	0.0429515559286
-שמת	0.43760764052	0.449663378738	0.0109597620166	0.101769218726
-רין	0.0986987540193	0.659641278135	0.165042202572	0.0766177652733
-שמע	0.519270638296	0.131217743673	0.0317558111074	0.317755806923
-שמץ	0.313807531381	0.529288702929	0.0941422594142	0.0627615062761
-שמי	0.0589339799106	0.64015311419	0.0154826557392	0.28543025016
-שמך	0.0691160282078	0.673633711009	0.00959010128494	0.247660159499
-שמם	0.0817021276596	0.60170212766	0.0204255319149	0.296170212766
-שמן	0.0919853751959	0.778944924845	0.0593117056468	0.0697579943126
-שמא	0.119284294235	0.0914512922465	0.245384833854	0.543879579665
-שמה	0.380597953707	0.422739852399	0.0600679302247	0.13659426367
-שמו	0.249539594843	0.500791573778	0.0130851991858	0.236583632193
-שמח	0.324815783218	0.182057681642	0.276127089771	0.216999445369
-עסם	0.842105263158	0.0947368421053	0.0	0.0631578947369
-עסו	0.223728813559	0.179661016949	0.506779661017	0.0898305084745
-זבח	0.16258156495	0.818500849921	0.0049350222076	0.0139825629215
-שרף	0.764658024624	0.157003127768	0.0365750031639	0.0417638444433
-כמי	0.22815022815	0.476424476425	0.207675207675	0.08775008775
-שרק	0.264241592313	0.123541523679	0.17295813315	0.439258750858
-שרת	0.363469362282	0.396125958422	0.0697897196083	0.170614959688
-שרר	0.534606205251	0.369928400955	0.0286396181384	0.0668257756563
-כמה	0.0994168061833	0.221965147652	0.107194919617	0.571423126547
-כמו	0.0686177122335	0.0401925574998	0.0239932757698	0.867196454497
--דם	0.869070616012	0.130929383988	0.0	0.0
-באה	0.453512661458	0.149671697985	0.087860196641	0.308955443916
-ויה	0.26431994578	0.461433204393	0.110650290195	0.163596559632
-כמת	0.107678268805	0.703884760787	0.122669795333	0.0657671750749
-שרב	0.128834355828	0.631901840491	0.110429447853	0.128834355828
-שרה	0.0823580653839	0.267380264849	0.0517261744642	0.598535495303
-שרו	0.502616095874	0.342893910428	0.0781254137297	0.0763645799683
-שרי	0.272882638194	0.35622666132	0.242774794175	0.128115906311
-שרם	0.1869039832	0.672840568733	0.0848280373188	0.0554274107481
-חסו	0.490902014206	0.31594823392	0.0554636567091	0.137686095164
-כוב	0.434615384615	0.461538461538	0.0461538461539	0.0576923076923
-ירד	0.311829791382	0.115933905245	0.0840807174888	0.488155585884
-חיר	0.339497900474	0.514875368534	0.0571785937639	0.0884481372286
-נקת	0.403522818254	0.572457966373	0.0	0.0240192153723
-זהר	0.475165399427	0.316480695171	0.140219215957	0.0681346894441
-עגל	0.582338126574	0.310748233	0.0864408156633	0.0204728247624
-נקר	0.337777777778	0.431111111111	0.231111111111	0.0
-ותו	0.115646411336	0.0992633756195	0.0183934310912	0.766696781953
-כול	0.26540639976	0.272301247415	0.0683317244383	0.393960628387
-נלך	0.870967741936	0.0322580645161	0.0	0.0967741935484
-ירו	0.536273945991	0.268403545241	0.0643145995359	0.131007909233
-דמת	0.166165006599	0.618485144849	0.063807362534	0.151542486018
-תתם	0.692033293698	0.0225921521998	0.285374554102	0.0
-חסד	0.100058513751	0.700175541252	0.0681100058513	0.131655939146
-גני	0.333333333333	0.229166666667	0.395833333333	0.0416666666667
-תתף	0.512712935349	0.252691704999	0.0336147197089	0.200980639943
-יהת	0.382978723404	0.0	0.36170212766	0.255319148936
-גנן	0.181586978637	0.786368260427	0.0	0.0320447609359
-גנב	0.209320362947	0.734751852579	0.0186425948249	0.0372851896498
-ריו	0.344865768862	0.202644959611	0.0342658943938	0.418223377133
-גנו	0.40876316024	0.303783510605	0.073591232824	0.213862096331
-גנה	0.328281199613	0.422605611093	0.0669138987424	0.182199290551
-ותם	0.109532310611	0.11517560815	0.0210262159202	0.754265865319
-להט	0.228226652676	0.543546694649	0.183630640084	0.0445960125918
-להן	0.162029658637	0.161341570157	0.0239060152088	0.652722755997
-להם	0.0690747811643	0.0303880099244	0.00325678133015	0.897280427581
-הנח	0.682416731216	0.122385747483	0.158017041053	0.0371804802479
-ומר	0.689317055657	0.0587370641054	0.0175559837134	0.234389896525
-להב	0.224206349206	0.329365079365	0.416666666667	0.0297619047619
-הנה	0.313991511862	0.19654908509	0.0230466847561	0.466412718291
-להו	0.327137546468	0.390725885345	0.176482097437	0.105654470749
-להר	0.0513833992095	0.948616600791	0.0	0.0
-כוס	0.040177574961	0.913146995362	0.0265866421964	0.0200887874805
-הנר	0.0311379505567	0.947631628609	0.0155689752783	0.00566144555576
-הנץ	0.236664162284	0.0262960180315	0.637866265965	0.099173553719
-הנף	0.325504212407	0.674495787593	0.0	0.0
-חצה	0.462501597036	0.313913376773	0.0472722626805	0.176312763511
-הנס	0.209419680404	0.491169049622	0.0908326324642	0.208578637511
-יהן	0.28200964419	0.39477861221	0.124736981528	0.198474762072
-יהל	0.137931034483	0.862068965517	0.0	0.0
-יהם	0.19634298139	0.332954918994	0.0414604735565	0.429241626059
-יהי	0.359976998275	0.494537090282	0.0741805635423	0.0713053479011
-יהה	0.261245334905	0.210371243371	0.0805342761736	0.447849145551
-יהו	0.109204611615	0.718672347423	0.00804977082905	0.164073270133
-יהא	0.03	0.33	0.06	0.58
-מזג	0.465916398714	0.156591639871	0.290675241158	0.0868167202572
-תתר	0.243404522613	0.44817839196	0.1608040201	0.147613065327
-מזו	0.125550660793	0.149779735683	0.308370044053	0.416299559471
-קיר	0.531020288151	0.320493972361	0.0779182593355	0.0705674801529
-קיץ	0.0673400673401	0.868380777472	0.0642791551883	0.0
-קיף	0.346512904997	0.434742815303	0.0814570748673	0.137287204832
-קיע	0.174461538462	0.549846153846	0.254153846154	0.0215384615385
-קיס	0.0	1.0	0.0	0.0
-מזל	0.451776649746	0.245346869712	0.282571912013	0.0203045685279
-בשו	0.4720460604	0.446155344297	0.0255620610324	0.0562365342715
-בשה	0.242456291788	0.520620082872	0.0933306033346	0.143593022005
-זיר	0.353683742276	0.390317733282	0.0393843883756	0.216614136066
-רחי	0.196449940167	0.695851615477	0.0239329876346	0.0837654567211
-חקו	0.453623964729	0.214059087725	0.0838518274342	0.248465120112
-אוס	0.311968606933	0.583387835186	0.0549378678876	0.0497056899935
-רחל	0.183305352751	0.683871471518	0.0590325225472	0.073790653184
-אוף	0.331003534411	0.558476629205	0.0844287359517	0.0260911004329
-בשם	0.299341844422	0.544960748553	0.0299738323686	0.125723574657
-בשל	0.33908045977	0.147988505747	0.119252873563	0.393678160919
-בשן	0.125470514429	0.680677540778	0.193851944793	0.0
-רחב	0.0436621470332	0.755380022391	0.144980718995	0.0559771115811
-אור	0.098318052191	0.659240746987	0.13948514305	0.102956057772
-חקל	0.0	1.0	0.0	0.0
-אות	0.409726624833	0.337569478109	0.0678245540645	0.184879342993
-רחו	0.625557783919	0.209478318755	0.0333093745919	0.131654522734
-רחת	0.522502744237	0.203073545554	0.241492864984	0.032930845225
-אוו	0.0211267605634	0.0422535211268	0.93661971831	0.0
-רחש	0.522965627337	0.258795239154	0.0454664861479	0.172772647362
-זין	0.0	1.0	0.0	0.0
-אוג	0.248396501458	0.437900874636	0.128279883382	0.185422740525
-אוד	0.344857894931	0.0332483525384	0.0535148915805	0.56837886095
-אול	0.319125219894	0.504559411482	0.00861986246602	0.167695506157
-אום	0.462799265452	0.413536664652	0.017451210749	0.106212859147
-חקת	0.0	0.242647058823	0.220588235294	0.536764705882
-זיז	0.962648556876	0.0373514431239	0.0	0.0
-רחק	0.217555629045	0.294795132585	0.124216266561	0.363432971809
-זיה	0.00297929390735	0.985898008839	0.0111226972541	0.0
-רחץ	0.767017236342	0.170172363424	0.0255623721881	0.0372480280456
-קין	0.100599729155	0.849100406268	0.0116076610563	0.0386922035209
-קים	0.30906594807	0.372560732536	0.194375027939	0.123998291455
-קיי	0.929577464789	0.0281690140845	0.0422535211268	0.0
-מזת	0.185185185185	0.612794612795	0.20202020202	0.0
-קיו	0.564825253664	0.246335963923	0.135287485908	0.0535512965051
-קיה	0.0466768911285	0.905579317374	0.032807186336	0.0149366051611
-קיד	0.447632511716	0.252544544395	0.0680357646547	0.231787179235
-קיא	0.0943129835658	0.789913593494	0.0909244931383	0.0248489298018
-ינת	0.101336117901	0.817262738211	0.0365474523578	0.04485369153
-אכן	0.205418233372	0.133784681556	0.0347226502839	0.626074434787
-אכל	0.65843835695	0.239764377645	0.038591998777	0.0632052666278
-אכם	0.290911726337	0.397448905638	0.159443397594	0.15219597043
-תלד	0.290484140234	0.599332220367	0.0	0.110183639399
-אכי	0.0905360806351	0.804098653109	0.03121933815	0.0741459281062
-וגע	0.259057392323	0.169814459884	0.0414603630943	0.529667784699
-ינס	0.547137283368	0.0899192450776	0.00544415207331	0.357499319481
-תלי	0.0	1.0	0.0	0.0
-ינק	0.11743772242	0.690391459075	0.128113879004	0.0640569395018
-לני	0.617384424099	0.180852266305	0.155985079688	0.0457782299085
-תלך	0.493530499076	0.0961182994455	0.011090573013	0.399260628466
-מנו	0.128833210511	0.123707235096	0.0228921520126	0.72456740238
-מנה	0.259120760544	0.340343435471	0.0536157466838	0.346920057301
-מנא	0.0	1.0	0.0	0.0
-מנם	0.252894105761	0.135374198641	0.0167332102693	0.594998485328
-אדע	0.286746987952	0.130120481928	0.0626506024096	0.520481927711
-מנן	0.140127388535	0.547770700637	0.312101910828	0.0
-מני	0.0653137718353	0.110571880114	0.0104893637851	0.813624984266
-מנך	0.322929500342	0.351266255989	0.153319644079	0.172484599589
-פשה	0.260416666667	0.495138888889	0.0916666666667	0.152777777778
-צצר	0.244008714597	0.305010893246	0.450980392157	0.0
-מנס	0.0	0.944108057755	0.0419189566838	0.0139729855612
-מנע	0.630540963966	0.128928209382	0.0829416643627	0.157589162289
-מנת	0.295176480865	0.13382203769	0.0620423967669	0.508959084678
-פעו	0.256183745583	0.503533568905	0.240282685512	0.0
-פעה	0.165205664194	0.409507754552	0.425286581254	0.0
-תלק	0.361702127659	0.414893617021	0.0	0.223404255319
-יני	0.254708010786	0.164654416753	0.0474644190678	0.533173153393
-וגל	0.195507992574	0.264998062939	0.105231951764	0.434261992723
-וגם	0.0699518756042	0.0367948944485	0.0288954255839	0.864357804363
-לנס	0.736363636364	0.263636363636	0.0	0.0
-ינם	0.311689590087	0.101946073862	0.0333845776768	0.552979758374
-פעם	0.161962057745	0.280521143312	0.0334270975068	0.524089701436
-פעל	0.500222499593	0.276637542736	0.0594128181473	0.163727139524
-וגד	0.474504768892	0.34115920763	0.016507703595	0.167828319883
-וגה	0.179127725857	0.482866043614	0.294392523364	0.0436137071651
-וגו	0.750472589792	0.113421550095	0.0453686200378	0.0907372400757
-ינה	0.372764766439	0.298207556919	0.0784774336827	0.250550242959
-ינו	0.298990027599	0.212035440879	0.0348505521945	0.454123979327
-חות	0.238630006999	0.56578013233	0.0729712482758	0.122618612396
-חוש	0.407166214819	0.232454791917	0.0352161882669	0.325162804997
-חור	0.373029480919	0.336791463194	0.182817869416	0.107361186471
-חוף	0.238678461932	0.520886561063	0.0224674246295	0.217967552376
-חוס	0.501298701299	0.132467532468	0.187012987013	0.179220779221
-רכב	0.20135544466	0.640000871669	0.0396609209179	0.118982762754
-חוק	0.182352750179	0.418984999026	0.0993246314696	0.299337619326
-חוץ	0.25030997333	0.108061301035	0.08407784181	0.557550883826
-אשב	0.384615384615	0.111111111111	0.461538461539	0.042735042735
-אשה	0.168042677505	0.800203226216	0.0165121300648	0.0152419662136
-אשו	0.0690372874879	0.74626213269	0.0254305241554	0.159270055666
-אשי	0.135488269836	0.660065956085	0.10713967662	0.0973060974592
-אשך	0.342857142857	0.538775510204	0.0081632653061	0.110204081633
-פתע	0.275684726707	0.0308575529243	0.0114818801579	0.681975840211
-אשם	0.333573392693	0.455479900484	0.106193531492	0.104753175331
-רכם	0.390435871689	0.333599795997	0.0871897304811	0.188774601832
-אשר	0.101839744937	0.0359728372951	0.00475286140615	0.857434556362
-זמן	0.108164561072	0.259936940382	0.0663965829479	0.565501915598
-אשת	0.018922852984	0.947113051917	0.0252304706453	0.00873362445415
-חוי	0.33185840708	0.383480825959	0.0294985250737	0.255162241888
-חוט	0.148639278904	0.755806898943	0.0955538221528	0.0
-חון	0.27079002079	0.456778640989	0.106740343582	0.165690994638
-חום	0.062146253113	0.888498981209	0.00520715417704	0.044147611501
-חול	0.131493440559	0.722797611795	0.0483327240973	0.097376223549
-חוד	0.288705583756	0.289340101523	0.0666243654822	0.355329949239
-חוג	0.462209302326	0.241279069767	0.0261627906977	0.270348837209
-חוב	0.414816778834	0.510254715783	0.0243814977832	0.0505470075993
-סאי	0.136956041529	0.849790148001	0.0132538104705	0.0
-חוח	0.210701834167	0.652872517811	0.100045475216	0.0363801728058
-חוז	0.387685290764	0.301337203276	0.248782004768	0.0621955011921
-חוו	0.617315738655	0.300772449308	0.00466688123592	0.0772449308014
-חוה	0.0909090909091	0.842572062084	0.0	0.0665188470066
-נשא	0.595377218367	0.15126901394	0.0574864082752	0.195867359418
-נשב	0.255319148936	0.531914893617	0.170212765957	0.0425531914894
-ענת	0.368932038835	0.572815533981	0.0	0.0582524271845
-נשה	0.0	1.0	0.0	0.0
-נשו	0.461157842652	0.347352795646	0.0875804057397	0.103908955962
-נשי	0.123714907078	0.487841043891	0.0466587584026	0.341785290629
-ענף	0.110298420129	0.854593329432	0.030719719134	0.00438853130485
-ענע	0.178482895389	0.732275656916	0.0892414476946	0.0
-נשם	0.395647873393	0.393669634026	0.13649851632	0.0741839762611
-ענק	0.0615706319703	0.183550185874	0.566682156134	0.188197026022
-קנה	0.461466437791	0.219408342065	0.104108611811	0.215016608333
-קנו	0.521889451663	0.304536445717	0.0739925126624	0.0995815899581
-קנא	0.483021148036	0.466223564955	0.0	0.0507552870091
-קני	0.0683375683375	0.848540848541	0.0609840609841	0.0221375221375
-ירש	0.592048929664	0.0503567787971	0.0383282364934	0.319266055046
-מגש	0.030303030303	0.931818181818	0.0378787878788	0.0
-זוב	0.617629924992	0.181263591332	0.00962474355124	0.191481740125
-עני	0.101058231993	0.416452291862	0.102315247895	0.380174228251
-ענך	0.122417554215	0.0922622866675	0.00923906069549	0.776081098422
-ענם	0.386381025249	0.113017816155	0.0448136408351	0.455787517761
-ענן	0.0190987848785	0.94951620162	0.0146489648965	0.0167360486048
-נשק	0.147472330242	0.839066706551	0.00448698773558	0.00897397547116
-נשר	0.168606584636	0.791486531427	0.0299301629531	0.00997672098437
-ענג	0.5	0.31308411215	0.0747663551402	0.11214953271
-ענו	0.427909267726	0.233252923792	0.0194624769507	0.319375331532
-ענה	0.743192463545	0.122343988486	0.016025028864	0.118438519105
-ענח	0.603174603175	0.396825396825	0.0	0.0
-ופי	0.12544653381	0.475510907212	0.134948410612	0.264094148367
-ששת	0.0622837370242	0.0311418685121	0.0	0.906574394464
-ופן	0.339027037229	0.262067663851	0.0463360543575	0.352569244562
-יכו	0.496225443707	0.164210811543	0.0719035361062	0.267660208644
-יכה	0.399663173488	0.39572794646	0.0346261181626	0.169982761889
-מיל	0.0578778135048	0.903536977492	0.0096463022508	0.0289389067524
-יכן	0.147866285789	0.150875509715	0.0453346126169	0.655923591879
-קטה	0.588235294118	0.112044817927	0.148459383754	0.151260504202
-יכם	0.185410208676	0.19190050172	0.0331881332628	0.589501156341
-יכל	0.0899959823222	0.845922057051	0.0126556850141	0.0514262756127
-יכך	0.105726872247	0.105097545626	0.0151038388924	0.774071743235
-יכי	0.18018018018	0.81981981982	0.0	0.0
-זות	0.485577152682	0.238788862887	0.126868522852	0.148765461579
--אש	0.0857142857143	0.182142857143	0.732142857143	0.0
-וצר	0.284877907705	0.616968598288	0.0682806914831	0.0298728025238
-יכת	0.465061120234	0.300127713921	0.0609377850757	0.17387338077
-יכר	0.245615853252	0.503398096474	0.0233179607518	0.227668089522
-ששם	0.265381083563	0.48668503214	0.03367003367	0.214263850628
-ורק	0.184878022511	0.0637352576875	0.0355431094836	0.715843610318
-ששו	0.363751584284	0.133079847909	0.424588086185	0.0785804816223
-ששה	0.0	0.0	0.016806722689	0.983193277311
-ווק	0.111103669971	0.112777926601	0.457339941066	0.318778462363
-פלט	0.796019900498	0.18407960199	0.0	0.0199004975124
-פלל	0.787879157897	0.0891983595073	0.00566266108439	0.117259821512
-פלג	0.0	1.0	0.0	0.0
-פלא	0.302206110823	0.214023821854	0.215722423615	0.268047643708
-פלו	0.742376589269	0.140711500505	0.0271452793958	0.0897666308296
-פלה	0.517685470706	0.154362416107	0.0308362053328	0.297115907854
-ורץ	0.874217978268	0.115903852486	0.0	0.00987816924597
-פלת	0.25086971306	0.570217886009	0.17577358688	0.00313881405143
-פלס	0.667473137408	0.270262577386	0.0622642852059	0.0
-לחה	0.342183654967	0.3642015283	0.193886802228	0.0997280145058
-יות	0.412506738483	0.331850049051	0.0619142678672	0.193728944599
-לחג	0.229166666667	0.4	0.0	0.370833333333
-יוס	0.0365486389287	0.885480931357	0.0159352065729	0.0620352231416
-לחן	0.184686470452	0.686846386242	0.00645924184221	0.122007901464
-ססת	0.387212129881	0.168359319124	0.14447146331	0.299957087684
-לחך	0.4	0.47323943662	0.0422535211268	0.0845070422535
-יוק	0.214620093626	0.133717440883	0.104189172968	0.547473292522
-לחי	0.516236232705	0.281810241075	0.016132382272	0.185821143948
-וגר	0.410666666667	0.322666666667	0.245333333333	0.0213333333333
-צקה	0.172588832487	0.827411167513	0.0	0.0
-ברק	0.0251156642432	0.937871777925	0.0211500330469	0.0158625247852
-יוט	0.128969223254	0.693698094773	0.166585246703	0.0107474352712
-לחץ	0.58869613878	0.0979294907666	0.195858981533	0.11751538892
-יום	0.139648571726	0.525770893269	0.017623252871	0.316957282133
-יון	0.198933460819	0.652172511376	0.109770816739	0.0391232110661
-יוב	0.33918990867	0.5016996355	0.12470819511	0.03440226072
-יוד	0.416576185306	0.449511400651	0.0651465798045	0.0687658342382
-יוו	0.659949622166	0.189636559914	0.0640518172005	0.0863620007197
-רכז	0.22834043483	0.53949524746	0.0693761608216	0.162788156888
-לחש	0.241646667897	0.278382868747	0.413513014584	0.0664574487724
-זרו	0.492563119359	0.17112501782	0.0406844342743	0.295627428546
-דון	0.092276373736	0.798805027122	0.0109206032877	0.0979979958542
-זרח	0.143593130779	0.392998678996	0.43152796125	0.031880228974
-עזר	0.243806436675	0.681639268349	0.0122713591109	0.0622829358647
-זרם	0.382518499779	0.422111188413	0.0607172221871	0.134653089621
-276	0.0	0.279069767442	0.0	0.720930232558
-זרי	0.11116725619	0.74397844029	0.0640053899276	0.0808489135927
-עזע	0.800912424566	0.180896832501	0.0	0.0181907429331
-גבל	0.275290303723	0.454999601414	0.138017165785	0.131692929078
-דול	0.0525750944061	0.0928844020679	0.469447659169	0.385092844357
-וזת	0.180327868852	0.0983606557377	0.327868852459	0.393442622951
-גבי	0.451410658307	0.154858934169	0.105956112853	0.287774294671
-גבה	0.67620450242	0.262991794656	0.0292446875657	0.0315590153587
-גבו	0.470311581423	0.457671957672	0.0102880658436	0.0617283950617
-צמד	0.440758293839	0.417061611374	0.142180094787	0.0
-צמא	0.0965391621129	0.231329690346	0.648451730419	0.023679417122
-צמח	0.495808628092	0.44448987937	0.0106317726436	0.0490697198937
-צמו	0.151932373648	0.0618159551684	0.0693914026012	0.716860268582
-צמה	0.248937247559	0.127194686827	0.0807809611286	0.543087104485
-צמך	0.143812380156	0.148188209843	0.0665593195339	0.641440090467
-צמי	0.126172701144	0.112723920392	0.142079861174	0.61902351729
-צמן	0.682692307692	0.259615384615	0.0	0.0576923076923
-צמם	0.110682244941	0.11193407052	0.0613394533695	0.71604423117
-זרק	0.864576802508	0.0771159874608	0.00564263322885	0.0526645768025
-חתי	0.499669492265	0.270785610649	0.0580654280595	0.171479469026
-זרע	0.30328179115	0.539701785388	0.0442295222885	0.112786901174
-עזו	0.619100499722	0.255413659078	0.0555247084953	0.0699611327041
-עזה	0.0677749360614	0.54347826087	0.0920716112531	0.296675191816
-עזב	0.792086081222	0.0645609163485	0.00312391530718	0.140229087123
-זרת	0.199382227747	0.272686179229	0.0301352318529	0.497796361171
-מלא	0.467404773514	0.17050030325	0.167907811961	0.194187111275
-קשב	0.145454545455	0.418181818182	0.109090909091	0.327272727273
-יחס	0.454174703775	0.31165610361	0.0873518875723	0.146817305043
-יחק	0.0704225352113	0.246478873239	0.471830985915	0.211267605634
-יחת	0.323504151159	0.495419410249	0.106999713713	0.0740767248783
-גסה	0.314095784862	0.204713702976	0.333131893035	0.148058619127
-דבה	0.162534435262	0.666666666667	0.170798898072	0.0
-דוג	0.151260504202	0.798319327731	0.0336134453782	0.0168067226891
-לוט	0.328268200754	0.542868478477	0.0694306685182	0.0594326522516
-לוי	0.161981300228	0.576753494481	0.056599643516	0.204665561775
-לוך	0.338808491584	0.624147686797	0.0	0.0370438216198
-לול	0.356673341459	0.302270154971	0.0757987985374	0.265257705032
-לום	0.0891691511894	0.773162088711	0.0298285892692	0.10784017083
-לון	0.271597633136	0.672781065089	0.0426035502958	0.0130177514793
-לוא	0.281267054757	0.447334909951	0.0716299799891	0.199768055303
-לוב	0.501913779956	0.415841804061	0.0614112368867	0.0208331790957
-לוג	0.189945637548	0.746003552398	0.0640508100543	0.0
-לוד	0.222222222222	0.754385964912	0.0116959064327	0.0116959064327
-לוה	0.640449438202	0.359550561798	0.0	0.0
-לוו	0.309210526316	0.157894736842	0.0394736842105	0.493421052632
-לוח	0.759309942056	0.12826649566	0.0316629640657	0.0807605982181
-לוש	0.0257990540347	0.0698212494114	0.0781957042528	0.826183992301
-לות	0.266548951899	0.546475367303	0.0961212028302	0.0908544779679
-הסר	0.267206477733	0.218623481781	0.0485829959514	0.465587044534
-לוס	0.0760322053306	0.775863514794	0.0060583660199	0.142045913856
-לוע	0.368715083799	0.608938547486	0.0223463687151	0.0
-לוף	0.460954446855	0.29989154013	0.133405639913	0.105748373102
-הסס	0.375415282392	0.232558139535	0.318936877077	0.0730897009967
-לוק	0.16762060507	0.385391114745	0.00545107658761	0.441537203598
-יחד	0.127886635407	0.0561071659651	0.0529199849827	0.763086213645
-תחת	0.160392703613	0.09117578715	0.0160334611363	0.7323980481
-יחו	0.420956082524	0.329452267073	0.0793412797467	0.170250370656
-יחה	0.430784112095	0.346264047772	0.0809102864937	0.142041553639
-יחי	0.198788826726	0.623926687922	0.0426718001163	0.134612685235
-יחם	0.259931895573	0.587968217934	0.0802118804388	0.0718880060537
-יחל	0.558943089431	0.237804878049	0.010162601626	0.193089430894
-תחה	0.537231253277	0.281419332285	0.0546233176018	0.126726096836
-עטף	0.50958208266	0.49041791734	0.0	0.0
-תחו	0.544584512477	0.274710573707	0.105222536661	0.0754823771546
-כזה	0.119317649264	0.124097853595	0.26619177055	0.490392726591
-גדה	0.300684570827	0.468667719853	0.044233807267	0.186413902054
-גדו	0.297351725838	0.334772209557	0.0593901333468	0.308485931258
-זתי	0.484536082474	0.0412371134021	0.185567010309	0.288659793814
-גדי	0.163121157129	0.340050969247	0.0167777848433	0.48005008878
-גדך	0.0756784490499	0.0367031315852	0.0	0.887618419365
-גדל	0.60037937045	0.210813339485	0.089267404901	0.0995398851636
-גדם	0.339310995753	0.488437942426	0.0589900896649	0.113260972157
-גדף	0.454415954416	0.393874643875	0.0897435897436	0.0619658119658
-מלך	0.0358363798308	0.774009872227	0.0202710835407	0.169882664402
-גדר	0.228893788095	0.59473479445	0.0376086110751	0.13876280638
-גדת	0.533333333333	0.433333333333	0.0333333333333	0.0
-צטט	0.584	0.2	0.072	0.144
-ת-ה	0.5	0.378449408673	0.0788436268069	0.0427069645204
-תאר	0.475142624287	0.0733496332518	0.00977995110024	0.441727791361
-אסר	0.465776183975	0.473287164218	0.0255629945222	0.0353736572848
-צעת	0.574282147316	0.269662921348	0.0624219725343	0.0936329588015
-בטי	0.00266666666667	0.990666666667	0.00666666666667	0.0
-בטן	0.114182692308	0.737580128205	0.0641025641025	0.0841346153846
-בטל	0.617780949334	0.211865449445	0.0594256748444	0.110927926376
-בטא	0.419161676647	0.239520958084	0.161676646707	0.179640718563
-בטח	0.400576923077	0.256682692308	0.0982692307693	0.244471153846
-בטו	0.593252827295	0.0962238834579	0.00575043128235	0.304772857964
-ופף	0.800175284838	0.163014899211	0.0262927256792	0.0105170902717
-אסף	0.629417879418	0.0836798336798	0.0654885654886	0.221413721414
-מדת	0.487114211451	0.237069109521	0.0964446315339	0.179372047494
-זול	0.159699881907	0.423575762512	0.319450665798	0.097273689783
-מבט	0.589098532495	0.104821802935	0.00628930817609	0.299790356394
-מבי	0.280656303972	0.444732297064	0.119170984456	0.155440414508
-לנו	0.0895141830389	0.0644501076321	0.0226145890646	0.823421120264
-מבד	0.304272517321	0.545612009238	0.150115473441	0.0
-זהב	0.0126747165079	0.679064827527	0.299180062049	0.00908039391614
-ולת	0.199375150204	0.398029319875	0.138620523913	0.263975006008
-זהו	0.446316765103	0.0514696457271	0.00573856969602	0.496475019474
-זהה	0.914132379249	0.0608228980322	0.0	0.0250447227191
-וזי	0.223516153269	0.380540946656	0.105184072126	0.290758827949
-גיל	0.266403413993	0.41669840727	0.162203549247	0.15469462949
-פסל	0.234408250123	0.700114585039	0.0376493697823	0.0278277950565
-אמה	0.166150742583	0.679002469479	0.018503704219	0.136343083719
-וחף	0.210339943343	0.446175637394	0.32223796034	0.0212464589235
-אמא	0.0662251655629	0.735099337748	0.0993377483444	0.0993377483444
-וחס	0.0	1.0	0.0	0.0
-אמם	0.0	0.980424143556	0.0	0.0195758564437
-פסו	0.793456388344	0.156609445259	0.00546543114799	0.0444687352495
-אמן	0.0569280976968	0.320912590686	0.151808260525	0.470351051093
-פסח	0.015931869317	0.9061789918	0.0302497257294	0.0476394131538
-אמי	0.00726392251816	0.673123486683	0.0	0.319612590799
-וחת	0.338140713311	0.620931592282	0.0292340674332	0.0116936269733
-וחש	0.273867417456	0.370360890709	0.0307141028922	0.325057588943
-וחר	0.287971321348	0.12614614111	0.0417589835163	0.544123554025
-חפר	0.912355103195	0.0876448968052	0.0	0.0
-חפש	0.697472972457	0.129144859992	0.0316546968713	0.14172747068
-תנה	0.490517482217	0.26533678608	0.0849576286362	0.159188103067
-פקת	0.531934306569	0.320255474453	0.0821167883211	0.0656934306569
-בתנ	0.133447390932	0.493584260051	0.0393498716852	0.333618477331
-חפץ	0.390472817425	0.290773862228	0.111563662121	0.207189658226
-בתם	0.489687099574	0.317653866821	0.123754805109	0.0689042284958
-בתי	0.537882211002	0.313101290033	0.0485458098499	0.100470689115
-בתך	0.101168798978	0.673804030736	0.0435105916449	0.181516578641
-בתה	0.167396745932	0.589017521902	0.0347309136421	0.208854818523
-בתו	0.320828889228	0.525278074051	0.0307786073442	0.123114429377
-דכם	0.22013901801	0.280924375527	0.0555206043641	0.443416002099
-חפו	0.531908831909	0.38547008547	0.017094017094	0.0655270655271
-דכן	0.322580645161	0.643463497453	0.0339558573854	0.0
-וחח	0.611277944611	0.241241241241	0.0173506840174	0.13013013013
-וחז	0.771312584574	0.0798376184032	0.0270635994587	0.121786197564
-וחו	0.184132312857	0.486533101314	0.0925666415141	0.236767944315
-וחה	0.335903177832	0.417907998427	0.14234773244	0.103841091301
-וחד	0.12073691432	0.303493169352	0.0665960786033	0.509173837725
-וחב	0.298569875387	0.429037383959	0.0812076607845	0.19118507987
-וחן	0.413230391297	0.428145288647	0.113002281102	0.0456220389542
-וחם	0.195794419189	0.403496091149	0.227949708025	0.172759781637
-פסק	0.433103448276	0.302068965517	0.0882758620689	0.176551724138
-אמש	0.197080291971	0.0656934306569	0.547445255474	0.189781021898
-אמר	0.821100624113	0.0346912822417	0.00245059318208	0.141757500463
-וחי	0.170672920331	0.243371767312	0.0653051918441	0.520650120513
-אמת	0.235280574219	0.355926454029	0.0808902437351	0.327902728016
-ררת	0.37668161435	0.188340807175	0.125560538117	0.309417040359
-תיד	0.262537018756	0.358390918065	0.0411648568608	0.337907206318
-ויי	0.3602804702	0.371623015055	0.265003093421	0.00309342132398
-טמן	0.786343612335	0.151982378855	0.0462555066079	0.0154185022026
-וים	0.355119613074	0.351714490208	0.130891187889	0.162274708829
-וין	0.395161290323	0.338709677419	0.0967741935484	0.16935483871
-ויב	0.221450355379	0.604905125882	0.0782472214069	0.0953972973317
-ויד	0.130974783591	0.709697653996	0.0439091707439	0.11541839167
-ויו	0.407127789497	0.383035416898	0.0205395803264	0.189297213279
-טמא	0.242686733287	0.143942510102	0.555058191585	0.058312565027
-ויח	0.385302904309	0.475080846346	0.0313899411746	0.108226308171
-ויש	0.134780599591	0.203764652628	0.0169748865983	0.644479861183
-יקף	0.327102803738	0.140186915888	0.17445482866	0.358255451713
-רצח	0.303305314069	0.660669916828	0.00929671460747	0.0267280544964
-ויק	0.194312796208	0.398104265403	0.113744075829	0.293838862559
-תני	0.480212158303	0.491908064736	0.00611995104039	0.0217598259214
-כשף	0.0425531914894	0.617021276596	0.0141843971631	0.326241134752
-ררו	0.665994608928	0.14312638338	0.0567596590037	0.134119348688
-ררה	0.554358101721	0.321799962186	0.0718472301002	0.0519947059936
-כני	0.295681063123	0.471760797342	0.0	0.232558139535
-שטף	0.33371559633	0.618119266055	0.0481651376147	0.0
-ובר	0.511497747221	0.28715526246	0.0826668537487	0.11868013657
-שטת	0.69545154911	0.0892111623819	0.0807514831905	0.134585805317
-שטר	0.0813143441356	0.475522480325	0.0	0.443163175539
-גלת	0.204545454545	0.121212121212	0.44696969697	0.227272727273
-יקר	0.180801710937	0.315418462354	0.165989313105	0.337790513604
-שטה	0.606915377616	0.15923566879	0.00818926296633	0.225659690628
-שטו	0.211314475873	0.540765391015	0.131447587354	0.116472545757
-שטן	0.0876138389194	0.722234848701	0.0732410524719	0.116910259908
-אסם	0.168557536467	0.753646677472	0.0777957860616	0.0
-כלל	0.298851579382	0.147056109938	0.0659771287056	0.488115181975
-כלם	0.0196078431373	0.725490196078	0.21568627451	0.0392156862745
-שתק	0.319529652352	0.151329243354	0.437116564417	0.0920245398773
-יפר	0.664406290579	0.0702640311643	0.0318857307748	0.233443947482
-כלי	0.147100246094	0.658063272749	0.111557505856	0.0832789753016
-כלך	0.335059256702	0.596479116327	0.0442986998044	0.0241629271661
-שתף	0.531209456537	0.31310364711	0.0850511748594	0.0706357214934
-כלה	0.215069141504	0.408597591213	0.134212236542	0.242121030742
-כלו	0.329148459037	0.0956134956435	0.105256403942	0.469981641377
-כלא	0.159934984942	0.780926516011	0.0123317722518	0.0468067267953
-כלב	0.0188679245283	0.981132075472	0.0	0.0
-כנו	0.357731312494	0.309292513438	0.0729538553194	0.260022318749
-ובו	0.440434584171	0.28157633814	0.0705071372739	0.207481940415
-ערת	0.448469788125	0.485221030604	0.0349202197227	0.0313889615485
-יקו	0.415469608471	0.368497926127	0.141055183384	0.0749772820193
-החן	0.381818181818	0.209090909091	0.409090909091	0.0
-קבר	0.299204201933	0.625074706814	0.036141978906	0.0395791123467
-שתה	0.414108185705	0.326403367064	0.0519414988285	0.207546948403
-שתו	0.232218874162	0.605677637273	0.0461929352758	0.11591055329
-כלת	0.312543930957	0.286011160755	0.355237181329	0.0462077269588
-שתל	0.310344827586	0.551724137931	0.0344827586207	0.103448275862
-שתם	0.472226567652	0.270222353096	0.11283292384	0.144718155411
-שתי	0.209591094517	0.203625989677	0.0853051514187	0.501477764388
-שתך	0.390788555478	0.393405443126	0.0474528960223	0.168353105373
-טבע	0.173004019739	0.698744240008	0.0487556782901	0.0794960619628
-260	0.0	0.11301369863	0.041095890411	0.845890410959
-ובן	0.212030534351	0.342473282443	0.0403053435114	0.405190839695
-ביו	0.21324746963	0.692330193347	0.0246159400021	0.0698063970208
-ביה	0.119292938841	0.745628131203	0.103885055298	0.0311938746573
-ביב	0.137875311628	0.337508048793	0.0308547254503	0.49376191413
-ביא	0.278514417553	0.52020803096	0.0430571871291	0.158220364358
-ביד	0.266500211994	0.399255664955	0.0391011447685	0.295142978282
-כנן	0.497904442582	0.349643755239	0.0424350377201	0.110016764459
-בים	0.220651651911	0.289968431403	0.3279236323	0.161456284386
-ביל	0.496568635914	0.405451151382	0.0480443514035	0.0499358613013
-בין	0.176762139887	0.077684022799	0.0259839015749	0.719569935739
-000	0.109283369156	0.207960463904	0.0155454429453	0.667210723996
-כנה	0.308773666957	0.342682812604	0.269902990567	0.0786405298722
-ביט	0.707268697684	0.0589235764955	0.0110813689088	0.222726356912
-ביך	0.0621612152319	0.786641034437	0.0121343417464	0.139063408585
-המס	0.206310679612	0.718851132686	0.0748381877022	0.0
-פקח	0.442091330245	0.393778954335	0.0820648577102	0.0820648577102
-המת	0.25960462514	0.300261096606	0.15106303618	0.289071242074
-המו	0.664735698769	0.199131064446	0.0905141202028	0.0456191165822
-המה	0.373434833175	0.273430301932	0.124760221729	0.228374643165
-טנו	0.532381535635	0.265463522927	0.0856043787798	0.116550562658
-טנה	0.171345355394	0.666294850344	0.0483361219558	0.114023672306
-טנך	0.0683229813664	0.798580301686	0.0798580301686	0.0532386867791
-טני	0.155792784635	0.383834532717	0.340275461087	0.12009722156
-המן	0.0804469273742	0.830167597765	0.0	0.0893854748603
-כנר	0.647058823529	0.323529411765	0.0294117647059	0.0
-כנת	0.298103511625	0.546733302905	0.125794759198	0.0293684262719
-ביס	0.345432490436	0.108705794532	0.0335914901558	0.512270224876
-ביע	0.616180758018	0.197157434402	0.103571428571	0.0830903790087
-כנס	0.598339461988	0.0681476555223	0.0114976279417	0.322015254548
-כנע	0.562366013467	0.186297895468	0.0908843866059	0.16045170446
-כנף	0.165957446809	0.834042553191	0.0	0.0
-ביש	0.527516113039	0.403073872087	0.0416460089241	0.0277640059494
-ביר	0.578211124102	0.125167028562	0.0271421413062	0.26947970603
-בית	0.136639484326	0.556153411506	0.0205207606048	0.286686343563
-מאו	0.52701720378	0.25006057669	0.0775381633147	0.145384056215
-מאה	0.106729013516	0.228138012344	0.100714141195	0.564418832945
-מאז	0.123199195434	0.200828076225	0.0325483588679	0.643424369473
-מאב	0.221923335575	0.347679892401	0.322797579018	0.107599193006
-קחת	0.555466085639	0.191834028041	0.0314039408867	0.221295945434
