kud-	0.544349625032	0.289716403758	0.136626152918	0.0293078182915
agu-	0.603722846965	0.269330166934	0.0670531535936	0.0598938325068
ivi-	0.442589782499	0.122913505311	0.372787051087	0.0617096611027
tut-	0.44633358023	0.0997575920813	0.0182030390771	0.435705788611
siu-	0.396753711985	0.272381846481	0.101376090125	0.229488351409
vas-	0.596621150749	0.151980871107	0.0967622068238	0.154635771321
fuu-	0.738738738739	0.09009009009	0.009009009009	0.162162162162
muw-	0.239084958767	0.572336004219	0.0978045990002	0.0907744380134
fig-	0.160564667648	0.651094297466	0.113085868075	0.0752551668106
del-	0.0091743119266	0.990825688073	0.0	0.0
maa-	0.0	1.0	0.0	0.0
uti-	0.330078125	0.494140625	0.0390624999999	0.13671875
pev-	0.590938122325	0.198706390872	0.0561129202874	0.154242566516
nzo-	0.103442723262	0.163569611285	0.543106502206	0.189881163248
ipu-	0.949157928186	0.0346361614235	0.0	0.0162059103909
fal-	0.0515804787727	0.948419521227	0.0	0.0
epw-	0.186536554584	0.0175786532047	0.116965654016	0.678919138195
man-	0.125560784961	0.215534087469	0.017890072386	0.641015055184
ogo-	0.50390625	0.12109375	0.3046875	0.0703124999999
yeh-	0.300411522634	0.0246913580247	0.131687242798	0.543209876543
udi-	0.338512116231	0.508563550559	0.0118776181134	0.141046715096
poy-	0.250329380764	0.182696530523	0.101449275362	0.465524813351
giw-	0.460869565217	0.243478260869	0.295652173913	0.0
mah-	0.221747157711	0.564959673501	0.195802157225	0.0174910115635
eak-	0.569004524887	0.0859728506787	0.0938914027149	0.251131221719
hem-	0.0505475989891	0.898904802022	0.0505475989891	0.0
nyu-	0.457046603032	0.322852330152	0.0887142055025	0.131386861314
aku-	0.657538790977	0.127143218963	0.0258772436019	0.189440746458
emu-	0.467556484683	0.246200852296	0.141513226662	0.144729436359
ite-	0.318854568854	0.630148005148	0.00386100386101	0.0471364221364
sol-	0.0	1.0	0.0	0.0
ufu-	0.602655771195	0.185903983657	0.00612870275792	0.20531154239
yeu-	0.476974035688	0.378779784165	0.0833422374185	0.060903942729
lis-	0.0929662011608	0.795251853099	0.0343469011792	0.0774350445608
peo-	0.313432835821	0.39552238806	0.246268656716	0.044776119403
san-	0.299856513725	0.154800534211	0.0476503779064	0.497692574157
puh-	0.501949317739	0.390838206628	0.0584795321637	0.0487329434698
piv-	0.104569124811	0.120527465144	0.197883420124	0.577019989921
yal-	0.277482122405	0.359793927081	0.242269230302	0.120454720211
sak-	0.18190080266	0.172284648668	0.036938356058	0.608876192614
pid-	0.140001969085	0.24032686817	0.322929999016	0.296741163729
viy-	0.508855372677	0.183428249578	0.0867388447336	0.220977533012
ALL	0.221281321235	0.300421728746	0.0546305982665	0.423666351752
vil-	0.545439565479	0.189547990542	0.0797844805474	0.185227963431
ihu-	0.505175701444	0.0888041405611	0.0751838736039	0.330836284391
nun-	0.131386861314	0.0	0.868613138686	0.0
fiy-	0.230740351404	0.128773089052	0.267307403514	0.373179156029
kat-	0.38425686173	0.202485758674	0.326255825997	0.0870015535992
kuv-	0.235282514508	0.272069803613	0.221066381313	0.271581300566
ayu-	0.0	0.977099236641	0.0229007633588	0.0
mil-	0.110446536741	0.776703011571	0.050415438476	0.062435013212
igi-	0.235082263242	0.368599518459	0.140780497592	0.255537720706
gan-	0.0903378871624	0.114036917301	0.013687558661	0.781937636876
mbi-	0.246039872869	0.0412666859289	0.0133256284311	0.699367812771
jij-	0.466439135381	0.533560864619	0.0	0.0
sog-	0.545454545455	0.181818181818	0.0	0.272727272727
sen-	0.23355438073	0.133897053883	0.0201154169101	0.612433148477
swa-	0.517647058824	0.322058823529	0.0397058823529	0.120588235294
lya-	0.0858618098718	0.0518002130719	0.014909651256	0.8474283258
mig-	0.336926711151	0.295678227173	0.105308085311	0.262086976365
gig-	0.150035562561	0.268795294208	0.0298725514696	0.551296591761
tus-	0.493180515759	0.288863419293	0.0739255014327	0.144030563515
paf-	0.327443881245	0.623895727734	0.0364952932657	0.0121650977553
hum-	0.497797356828	0.279001468429	0.0587371512481	0.164464023495
uyi-	0.6	0.4	0.0	0.0
uli-	0.470149253731	0.278099827171	0.12888488542	0.122866033678
kum-	0.375175679095	0.284716597329	0.0776346172538	0.262473106322
vam-	0.610626174188	0.200142881537	0.0435889663862	0.145641977889
ihe-	0.605326152005	0.229503291442	0.032315978456	0.132854578097
git-	0.42100318011	0.285776235906	0.0151777970512	0.278042786933
wip-	0.47092662335	0.264412531557	0.0867028100816	0.177958035012
nen-	0.0792885650691	0.0314883137544	0.00152555213804	0.887697569038
aig-	0.671262699565	0.243105950653	0.00870827285921	0.076923076923
ong-	0.616670010605	0.203760497578	0.0180572673335	0.161512224483
val-	0.18753092544	0.077145982548	0.0236055352894	0.711717556723
mul-	0.33994393226	0.364028647992	0.0593984263061	0.236628993442
gaw-	0.0582073237383	0.0215886318091	0.0119329568227	0.90827108763
ate-	0.692520216178	0.154636593503	0.0203171576983	0.132526032621
fip-	0.309055524201	0.489702819999	0.118957631901	0.0822840238989
naw-	0.059318046565	0.0250721334087	0.00502731723876	0.910582502788
kam-	0.232642019838	0.577998196574	0.00757439134356	0.181785392245
ibi-	0.644416707031	0.0910428853534	0.0154625731212	0.249077834495
jat-	0.462765957447	0.117021276596	0.276595744681	0.143617021277
sin-	0.455178530942	0.228312977555	0.0940947690176	0.222413722485
kim-	0.116227883332	0.409701513732	0.0479963647724	0.426074238164
aal-	0.324324324324	0.22972972973	0.202702702703	0.243243243243
gin-	0.256304707831	0.261793233972	0.235391530636	0.246510527561
som-	0.02	0.97	0.0	0.01
pat-	0.0448186817699	0.225417303628	0.0270019180329	0.70276209657
kov-	0.141891891892	0.153153153153	0.0518018018017	0.653153153153
wes-	0.442869057512	0.297483582437	0.0955287466907	0.16411861336
gwi-	0.458493140107	0.34371541095	0.0922546268887	0.105536822055
maw-	0.0597204574333	0.684879288437	0.0914866581957	0.163913595934
eap-	0.374587458746	0.419141914191	0.03300330033	0.173267326733
kem-	0.773672055427	0.183025404157	0.00866050808313	0.0346420323326
aid-	0.943462897526	0.0565371024735	0.0	0.0
vae-	0.0	1.0	0.0	0.0
nye-	0.0398436949669	0.0435915500333	0.0116488548375	0.904915900162
inw-	0.850193050193	0.0864864864864	0.0277992277992	0.0355212355212
gen-	0.104870166054	0.157360971804	0.014265017274	0.723503844868
saw-	0.118933822338	0.262506884732	0.0315920091753	0.586967283755
viw-	0.715052560948	0.150301945874	0.0382464772981	0.0963990158801
ngw-	0.518035283166	0.242413968861	0.0874396070983	0.152111140874
nza-	0.37043600336	0.388433080561	0.170765105923	0.0703658101561
wib-	0.607501201948	0.28019502916	0.0296306360919	0.0826731327996
uvi-	0.695251937985	0.124354005168	0.128714470284	0.0516795865633
kid-	0.264735584206	0.41711044535	0.185962904366	0.132191066079
vel-	0.424191361857	0.264338836169	0.251162437127	0.0603073648469
kiv-	0.188838318756	0.531091492337	0.0428399089737	0.237230279933
luf-	0.144987355373	0.744421295386	0.0433717258278	0.0672196234129
pas-	0.101126841953	0.434369529378	0.0165966993558	0.447906929313
uho-	0.697022767075	0.218914185639	0.0630472854641	0.0210157618214
sig-	0.377375118301	0.311578737638	0.134106296482	0.176939847579
jum-	0.0438212094654	0.919368974584	0.00525854513587	0.0315512708151
nge-	0.413475387613	0.214288740151	0.0919046005253	0.280331271711
nai-	0.101694915254	0.322033898305	0.203389830508	0.372881355932
ngi-	0.314996504592	0.166646578116	0.0870477062893	0.431309211002
wut-	0.116120753661	0.677724054848	0.16008658951	0.0460686019803
vab-	0.586428632772	0.0980118515974	0.0692416695293	0.246317846101
ped-	0.316185696361	0.173149309912	0.0614805520702	0.449184441656
say-	0.154488811556	0.621614360103	0.189864510434	0.0340323179079
che-	0.396915608965	0.224030963067	0.0668581486053	0.312195279363
gug-	0.196256630492	0.261542847978	0.104781082381	0.437419439148
epa-	0.0345125107852	0.870578084556	0.0115041702617	0.0834052343974
bwa-	0.0380165289256	0.937190082645	0.0247933884297	0.0
yei-	0.544608339957	0.196367113927	0.0793366617742	0.179687884342
sap-	0.531016222577	0.335882995713	0.0790955703119	0.0540052113979
asi-	0.512009245399	0.327602621581	0.0603910289941	0.0999971040252
gun-	0.194912190442	0.223271271049	0.566486366228	0.0153301722819
nan-	0.0973734696874	0.0377395878183	0.00842744073487	0.856459501759
uva-	0.135563373707	0.291648417891	0.0379546078936	0.534833600508
pok-	0.7906002792	0.12563983248	0.0279199627734	0.0558399255468
geg-	0.552618257495	0.240958434108	0.142302716688	0.0641205917093
usi-	0.461047307102	0.31705294581	0.123636966707	0.0982627803807
mue-	0.0	0.802752293578	0.197247706422	0.0
mog-	0.268085106383	0.582978723404	0.148936170213	0.0
aso-	0.374381970795	0.464240542716	0.0906634471657	0.0707140393238
tol-	0.0114678899082	0.987003058104	0.00152905198777	0.0
mel-	0.273203392352	0.635887516739	0.0175569111739	0.0733521797352
iim-	0.928251121076	0.0582959641255	0.0134529147982	0.0
tew-	0.112359550562	0.887640449438	0.0	0.0
ail-	0.767883211679	0.180535279805	0.0437956204379	0.00778588807786
hah-	0.338028169014	0.0	0.0	0.661971830986
mii-	0.311581422693	0.547325102881	0.0617283950617	0.079365079365
isa-	0.109237375795	0.286203151128	0.0268953853324	0.577664087744
tum-	0.515344070816	0.254632605462	0.0487594350885	0.181263888634
mle-	0.730263157895	0.171052631579	0.0	0.0986842105263
luv-	0.330693681291	0.0976805044371	0.0582221883291	0.513403625943
fik-	0.196920798325	0.295151110664	0.259318516351	0.248609574659
pud-	0.0	1.0	0.0	0.0
dio-	0.0	1.0	0.0	0.0
igu-	0.693160813309	0.140480591497	0.138632162662	0.0277264325323
yah-	0.413937943182	0.205094620839	0.204371979585	0.176595456393
bab-	0.0207939508507	0.95652173913	0.00567107750474	0.0170132325142
ita-	0.325401413716	0.561054197597	0.0506440348727	0.0629003538145
eno-	0.015625	0.984375	0.0	0.0
tuh-	0.408164709212	0.165911985284	0.132658836847	0.293264468657
mum-	0.243664452679	0.511493248814	0.0715060718257	0.173336226681
siy-	0.394735885771	0.275974508657	0.103950893816	0.225338711755
vaw-	0.170002507686	0.115321030194	0.0447064614699	0.66997000065
fwe-	0.162471395881	0.556064073227	0.199084668192	0.0823798627002
ily-	0.167055532191	0.150724676351	0.0412493786111	0.640970412847
jev-	0.311377245509	0.479041916168	0.155688622754	0.0538922155689
mee-	0.689865689866	0.23199023199	0.0488400488401	0.0293040293041
baf-	0.04	0.44	0.52	0.0
yih-	0.103717567372	0.142380490848	0.0415260185154	0.712375923265
aan-	0.679245283019	0.207547169811	0.0754716981132	0.0377358490566
ali-	0.44978047385	0.2565046299	0.0340931117832	0.259621784467
wee-	0.438917337235	0.200195074372	0.0256035113387	0.335284077054
eiy-	0.0	0.285714285714	0.0	0.714285714286
non-	0.147669589294	0.270881402861	0.26303645593	0.318412551915
uba-	0.846153846154	0.0961538461539	0.0576923076923	0.0
mal-	0.0336861132978	0.785323187265	0.058293244701	0.122697454736
esi-	0.493421052632	0.348684210526	0.118421052632	0.0394736842105
umb-	0.6201961304	0.266366286774	0.0212032865094	0.092234296316
sab-	0.0261118249265	0.916690844282	0.0149210428151	0.0422762879761
nyi-	0.0905770884233	0.0541249180635	0.0289310371247	0.826366956389
aki-	0.422821810006	0.471838111299	0.0419336706015	0.0634064080944
ole-	0.536997294019	0.360362041616	0.0139964542316	0.0886442101334
nin-	0.733568670102	0.216107357807	0.0251619860457	0.0251619860457
ayo-	0.639210347175	0.236895847515	0.00272294077604	0.121170864534
veg-	0.358452138493	0.635437881874	0.0061099796334	0.0
uni-	0.87173990711	0.0523996665476	0.00714540907466	0.0687150172681
yif-	0.46470411535	0.204265545209	0.16821868429	0.162811655152
wot-	0.0166898470097	0.941585535466	0.0417246175243	0.0
tuw-	0.444563816072	0.374516544908	0.0532874946283	0.127632144392
ena-	0.0927479832989	0.0610888159229	0.00972880943695	0.836434391341
yav-	0.584075602868	0.276522557752	0.0564849011514	0.0829169382287
afu-	0.578853632828	0.226147639298	0.0637880274779	0.131210700396
lim-	0.253065016507	0.531346948256	0.0316040944307	0.183983940807
mab-	0.311241244116	0.437038794341	0.20347363558	0.0482463259624
vip-	0.733458319996	0.064627250141	0.0175591019251	0.184355327937
pey-	0.479036806724	0.229570341554	0.0822206914006	0.209172160321
vaa-	0.774804807439	0.0587770857092	0.0200017545399	0.146416352312
wim-	0.289639891058	0.206131543991	0.0734040037354	0.430824561215
gos-	0.0583941605839	0.0	0.0	0.941605839416
and-	0.222760193524	0.661333100172	0.0170863571449	0.0988203491592
apa-	0.0997622938996	0.126557913744	0.0463731422352	0.727306650122
uwa-	0.159894199678	0.367161097469	0.128783883089	0.344160819765
ana-	0.34070170636	0.559152294917	0.0845195729537	0.0156264257688
swe-	0.137880839019	0.019446730611	0.00290402972102	0.839768400649
puk-	0.583553299492	0.142335025381	0.0548223350254	0.219289340102
wuu-	0.236641221374	0.396946564886	0.0458015267176	0.320610687023
ine-	0.18340279879	0.716203145797	0.0328117156715	0.0675823397412
uku-	0.429425868792	0.156253868993	0.0522664643389	0.362053797876
fib-	0.26962747847	0.169712597637	0.158972561586	0.401687362307
hwe-	0.0206749790844	0.00338374282313	0.000605348486706	0.975335929606
muh-	0.269774748114	0.390315229372	0.173486692276	0.166423330238
sau-	0.386014781126	0.429789653212	0.0716316088687	0.112563956794
kui-	0.468652037618	0.288401253918	0.12539184953	0.117554858934
noo-	0.5	0.192307692308	0.0769230769231	0.230769230769
lon-	0.538693131133	0.24776984835	0.0451605709189	0.168376449599
liv-	0.425203770194	0.293480541381	0.0849322877287	0.196383400696
tel-	0.0964482547458	0.807103490508	0.0551132884262	0.0413349663196
yev-	0.555809301339	0.239829330902	0.0896788243077	0.114682543451
gaa-	0.697754749568	0.184801381693	0.0967184801381	0.020725388601
atw-	0.779133924093	0.0854372178566	0.0476508944993	0.0877779635513
lid-	0.327146171694	0.393851508121	0.248839907193	0.0301624129931
lwa-	0.115288659964	0.0555325048251	0.0166069475693	0.812571887642
gas-	0.20368792502	0.549057119432	0.114463932608	0.132791022941
ata-	0.671355592427	0.147647511424	0.0654007003292	0.11559619582
fit-	0.170066972806	0.419467224966	0.111852682961	0.298613119267
uty-	0.410256410256	0.230769230769	0.0769230769231	0.282051282051
yot-	0.0	1.0	0.0	0.0
pig-	0.573337733047	0.295330803498	0.0643458175219	0.066985645933
nag-	0.134563853336	0.28232611554	0.0634954978946	0.519614533229
lum-	0.215350249155	0.153216106306	0.0949882582049	0.536445386334
kog-	0.0176691187076	0.247800375018	0.413120823117	0.321409683158
mes-	0.0754242614707	0.901948460088	0.0	0.0226272784412
num-	0.108869725901	0.759033980084	0.0220716558875	0.110024638128
iwu-	0.505879361851	0.321235619399	0.0413144346278	0.131570584123
tuy-	0.484008528785	0.257995735608	0.0533049040512	0.204690831557
haw-	0.0528169014085	0.947183098592	0.0	0.0
ami-	0.175015150565	0.752262136125	0.0285248573757	0.0441978559338
uki-	0.581744161131	0.159702878366	0.0624955360331	0.19605742447
iku-	0.667592592593	0.223148148148	0.0944444444444	0.0148148148149
lek-	0.594824726308	0.121641048325	0.0130487670021	0.270485458366
kub-	0.422847017541	0.357729665249	0.0137139573257	0.205709359885
saa-	0.634921510834	0.187839245993	0.054106634999	0.123132608173
adi-	0.555167423524	0.34003692799	0.0314386945457	0.0733569539398
pel-	0.365632712229	0.322106071781	0.142169160527	0.170092055463
eat-	0.453400503778	0.445843828715	0.0302267002519	0.0705289672543
nze-	0.375639512003	0.208382526564	0.39590712318	0.0200708382527
vik-	0.580278737749	0.231559118464	0.083918758144	0.104243385644
tal-	0.0298763360449	0.870535877139	0.0183854375661	0.0812023492503
heg-	0.580967473342	0.175328803058	0.0221589535602	0.221544770039
sop-	0.149732620321	0.770053475936	0.0695187165775	0.0106951871658
epi-	0.0	0.184782608696	0.815217391304	0.0
uke-	0.369061481137	0.171576618537	0.0407545412203	0.418607359106
lem-	0.383416998442	0.382897697767	0.0311580405054	0.202527263285
paw-	0.111862952173	0.734492792671	0.0232570662018	0.130387188955
aih-	0.559770322814	0.200018084818	0.0693100642011	0.170901528167
lud-	0.100621772474	0.331557313903	0.224876863205	0.342944050418
uhi-	0.530835284934	0.153005464481	0.0585480093676	0.257611241218
giv-	0.227828282828	0.12148989899	0.090404040404	0.560277777778
pon-	0.106874719857	0.755201329747	0.0562154489766	0.0817085014194
umi-	0.69245049505	0.162128712871	0.108292079208	0.0371287128713
wii-	0.588815789474	0.134868421053	0.0197368421052	0.256578947368
chi-	0.240252293578	0.344036697248	0.0611620795107	0.354548929664
sik-	0.351470272853	0.258356004711	0.0710053390301	0.319168383406
nga-	0.495964804718	0.146883464894	0.0324156906112	0.324736039776
nzw-	0.0829504849413	0.705717202654	0.0673813169984	0.143950995406
bog-	0.0	1.0	0.0	0.0
kij-	0.0164835164835	0.972527472527	0.0	0.010989010989
vib-	0.740921603379	0.132471058486	0.0444963988084	0.0821109393265
ome-	0.0	0.948497854077	0.0515021459227	0.0
inz-	0.132792531034	0.699422107278	0.107559078621	0.0602262830673
pog-	0.305869682283	0.312152216837	0.125650691079	0.256327409801
ade-	0.792658413541	0.12464235522	0.0356664930934	0.0470327381452
muu-	0.541871921182	0.332512315271	0.0615763546798	0.0640394088669
ili-	0.124096786772	0.723224484299	0.0675682698891	0.08511045904
jap-	0.583333333333	0.416666666667	0.0	0.0
lam-	0.367960382356	0.306691235748	0.01842681101	0.306921570886
til-	0.00801068090788	0.988429016466	0.00356030262572	0.0
gat-	0.279659218385	0.060425067459	0.0390807385623	0.620834975593
uve-	0.358647830849	0.0902003007296	0.0120663090089	0.539085559413
idi-	0.212835977272	0.666138326595	0.0307601380848	0.090265558048
weu-	0.438976938408	0.31854417766	0.102970484958	0.139508398975
gek-	0.183823529412	0.441176470588	0.0220588235294	0.352941176471
usu-	0.269058295964	0.408071748879	0.0	0.322869955157
yem-	0.487228115605	0.238874090777	0.0690815411476	0.20481625247
sat-	0.471075977502	0.260422505267	0.0719959798219	0.196505537409
myu-	0.0661375661375	0.890873015873	0.00661375661375	0.0363756613756
peg-	0.355322846831	0.24546237654	0.0833688746087	0.315845902021
ani-	0.33230316124	0.167885757467	0.0101725457522	0.489638535541
iyo-	0.261497077233	0.0344376538055	0.0154452138312	0.68862005513
upi-	0.549139946171	0.138269834322	0.0650278923792	0.247562327128
afw-	0.632399520969	0.129483922236	0.127144727859	0.110971828937
kis-	0.285360157045	0.444625943917	0.10789188363	0.162122015408
aaf-	0.747540983607	0.0786885245901	0.0819672131147	0.0918032786885
abi-	0.68718414403	0.12280874921	0.0137693461781	0.176237760581
aka-	0.517826267217	0.302949802681	0.0866790534835	0.0925448766181
hag-	0.0	0.990476190476	0.00952380952381	0.0
aiv-	0.622183406114	0.101484716157	0.0793013100436	0.197030567686
awo-	0.327820039658	0.233734404797	0.350023244561	0.0884223109839
ahu-	0.496344374813	0.0721426439869	0.0550581915846	0.376454789615
kiw-	0.280971659919	0.539271255061	0.126315789474	0.0534412955466
weg-	0.536548749286	0.383523988751	0.0606855137124	0.0192417482503
miv-	0.182666937284	0.41100060889	0.369799066369	0.0365333874569
ise-	0.360616581602	0.477594746622	0.0584787970076	0.103309874768
ute-	0.450309547084	0.350928641251	0.039100684262	0.159661127403
iin-	0.507462686567	0.199004975124	0.0398009950248	0.253731343284
wen-	0.1345962175	0.231404348521	0.0244988864142	0.609500547564
iyi-	0.227348912468	0.186204440714	0.0743608043744	0.512085842443
guk-	0.380382165605	0.130021231423	0.152441613588	0.337154989384
jag-	0.186968838527	0.218130311615	0.237960339943	0.356940509915
wug-	0.204602153553	0.373354600109	0.20105282223	0.220990424109
nam-	0.0913909983925	0.0537178610155	0.00739888264189	0.84749225795
uuu-	0.725714285714	0.0	0.0	0.274285714286
sev-	0.463040321394	0.323358005105	0.0810522073452	0.132549466156
ale-	0.341821839024	0.165955493931	0.052288283714	0.43993438333
ugw-	0.159354846757	0.123704267342	0.053450921202	0.663489964699
sid-	0.151515151515	0.628942486085	0.0213358070501	0.198206555349
oli-	0.0	1.0	0.0	0.0
muf-	0.312948981588	0.476794469926	0.0995042931983	0.110752255288
yit-	0.563203704415	0.300282442455	0.114994428006	0.0215194251239
ula-	0.58428750701	0.279127550366	0.0457487821869	0.090836160437
mov-	0.276705276705	0.490347490348	0.0	0.232947232947
kon-	0.189291959819	0.111797958437	0.0129326121436	0.6859774696
wuh-	0.238926418834	0.29249423567	0.17080619716	0.297773148335
gud-	0.773930249815	0.0806331931734	0.0883007667573	0.0571357902547
eli-	0.00162498138042	0.989708451257	0.0	0.00866656736224
yul-	0.0344288253711	0.0836164271115	0.000623961796899	0.88133078572
fif-	0.423598082135	0.283718991036	0.0792161767772	0.213466750052
hwa-	0.319693094629	0.450127877238	0.140664961637	0.0895140664962
aib-	0.474874371859	0.152010050251	0.0288944723618	0.344221105528
mut-	0.100105188146	0.736977381898	0.094710477643	0.0682069523129
eto-	0.0	0.912408759124	0.0875912408759	0.0
maf-	0.0469353948095	0.80489600589	0.0635008282717	0.0846677710289
vit-	0.566443649346	0.051338485364	0.00696515894752	0.375252706342
peu-	0.434095287349	0.264826427048	0.053324713944	0.247753571659
waw-	0.19461392777	0.10596263614	0.0356404633497	0.66378297274
tuk-	0.545881903252	0.173805959496	0.0553307325026	0.224981404749
siv-	0.472392240131	0.182611330953	0.0830919795387	0.261904449377
pan-	0.254303520972	0.156289453117	0.122181920202	0.467225105709
fwa-	0.0998080614204	0.842610364683	0.00959692898274	0.0479846449137
nim-	0.0	1.0	0.0	0.0
guh-	0.209526288392	0.42608016658	0.298021863613	0.0663716814159
ukw-	0.273447179101	0.163763381034	0.0406663231195	0.522123116746
nug-	0.0	0.319444444444	0.0	0.680555555556
tul-	0.452171253823	0.140466360856	0.045374617737	0.361987767584
eah-	0.259259259259	0.666666666667	0.0	0.0740740740741
yam-	0.565885937351	0.290821669999	0.0590307531181	0.0842616395316
wuy-	0.392195249282	0.384625424171	0.146175933177	0.0770033933699
ina-	0.378237656113	0.380300526814	0.0549788929497	0.186482924123
baa-	0.0	1.0	0.0	0.0
pen-	0.464712842027	0.187034218149	0.0405021011559	0.307750838668
gev-	0.406838059899	0.473628412404	0.0924993373973	0.0270341902995
ape-	0.438142551577	0.240817406104	0.145380528531	0.175659513788
uwe-	0.255797245287	0.598458752211	0.0262788544808	0.119465148021
umu-	0.0703440118276	0.665194874983	0.0741392380537	0.190321875136
nzi-	0.572463376399	0.294772690416	0.053300178388	0.0794637547975
ipo-	0.178905494033	0.0312869583916	0.0104289861305	0.779378561445
sif-	0.407785853062	0.410664172123	0.0875008994748	0.0940490753401
dun-	0.0242914979757	0.2995951417	0.676113360324	0.0
vet-	0.0126171644243	0.026135554879	0.00108200888054	0.960165271816
yup-	0.546218487395	0.390756302521	0.063025210084	0.0
und-	0.680007162682	0.223296624586	0.0	0.0966962127317
gim-	0.0918331320264	0.14789556815	0.0633652327418	0.696906067082
lab-	0.0557083906466	0.851444291609	0.0	0.0928473177441
gul-	0.3098131505	0.145700251518	0.101107100386	0.443379497595
jil-	0.60824742268	0.20618556701	0.185567010309	0.0
ndu-	0.723899913719	0.18550474547	0.0	0.0905953408112
nal-	0.321098252982	0.231379294938	0.115432733122	0.332089718958
awi-	0.589918759232	0.144202363368	0.0240029542097	0.241875923191
wit-	0.148939605909	0.0299560091202	0.0073042708029	0.813800114168
wav-	0.546284586199	0.274283599124	0.139270181067	0.0401616336099
ino-	0.143164369499	0.0671907017864	0.149652126209	0.639992802506
mim-	0.371593724195	0.27250206441	0.198183319571	0.157720891825
lwe-	0.371296406814	0.140438976958	0.0534528249209	0.434811791307
sit-	0.3994955591	0.348575014551	0.0898516037203	0.162077822628
uko-	0.25403428641	0.0882305654517	0.0470631223166	0.610672025821
yes-	0.0488855671421	0.7065169142	0.0159560920475	0.22864142661
efu-	0.0	1.0	0.0	0.0
isw-	0.87323943662	0.0281690140845	0.0985915492958	0.0
teo-	0.177570093458	0.710280373832	0.0280373831776	0.0841121495328
gaf-	0.566176470588	0.419117647059	0.0	0.0147058823529
sah-	0.32846343501	0.215885241559	0.0815453267315	0.374105996699
kuk-	0.338154697638	0.380270063093	0.0423536683807	0.239221570888
ito-	0.746417197452	0.209792993631	0.0199044585987	0.0238853503185
ava-	0.197087674166	0.466674806802	0.0789588683163	0.257278650715
muv-	0.327613426671	0.284476287453	0.109417117367	0.278493168509
tud-	0.330773366101	0.394900545273	0.169111435374	0.105214653252
sod-	0.00489795918369	0.995102040816	0.0	0.0
kun-	0.117761577842	0.391764456083	0.419679618751	0.0707943473235
ide-	0.703163017032	0.150851581508	0.0656934306569	0.0802919708029
wey-	0.499078624079	0.242936117936	0.14742014742	0.110565110565
kan-	0.0531606949954	0.0314723141207	0.0335466299331	0.881820360951
agi-	0.22120539841	0.473624206569	0.10403956369	0.201130831331
eih-	0.735632183908	0.16091954023	0.103448275862	0.0
yea-	0.560348621534	0.186555365989	0.0954433099293	0.157652702548
lig-	0.157141050324	0.528295788305	0.0338256580334	0.280737503338
uhu-	0.148867313916	0.624595469256	0.0	0.226537216829
guv-	0.46208889206	0.258750089177	0.098630234715	0.180530784048
nav-	0.0871134895039	0.0173383995596	0.00417849185064	0.891369619086
gap-	0.0872727272727	0.672727272727	0.152727272727	0.0872727272728
fis-	0.237324506991	0.538360580354	0.0945542681145	0.12976064454
unz-	0.342829289428	0.418110918544	0.125324956672	0.113734835355
ifi-	0.171953801065	0.576397360234	0.0898657017769	0.161783136923
pwa-	0.352648249462	0.16775351886	0.0442080658548	0.435390165823
jaw-	0.0435361469844	0.0574490746904	0.010784183198	0.888230595127
luh-	0.18921946854	0.517281831955	0.156770784453	0.136727915052
daw-	0.0284552845528	0.949864498645	0.0	0.0216802168022
vak-	0.32766138463	0.132986012826	0.0465679842143	0.492784618329
mug-	0.168226362383	0.235927722663	0.120027105419	0.475818809535
uka-	0.561438843646	0.270238186372	0.0682439375202	0.100079032462
met-	0.0	1.0	0.0	0.0
udu-	0.628571428571	0.371428571429	0.0	0.0
diy-	0.0307692307692	0.969230769231	0.0	0.0
alw-	0.645657186779	0.0230591852421	0.253651037663	0.0776325903151
kuw-	0.265890814898	0.492054031334	0.110197176335	0.131857977433
fya-	0.163311511838	0.129177605086	0.0353895576178	0.672121325458
iho-	0.663074532032	0.204934518776	0.0503965442369	0.0815944049551
waa-	0.578313253012	0.341365461847	0.0	0.0803212851406
ken-	0.145420207743	0.808309726157	0.0349386213409	0.0113314447592
pib-	0.115702479339	0.793388429752	0.0247933884298	0.0661157024793
hil-	0.170921055753	0.0318528533718	0.0985744153816	0.698651675494
wid-	0.523671096345	0.139119601329	0.187707641196	0.14950166113
ilu-	0.350433526012	0.570809248555	0.00433526011561	0.0744219653179
mat-	0.11203778135	0.847534833869	0.0202639335477	0.0201634512326
vif-	0.553081096449	0.228482077282	0.021085550475	0.197351275794
ijo-	0.175455889601	0.0916707737801	0.0650566781666	0.667816658453
kie-	0.00411240575737	0.960932145305	0.0328992460589	0.00205620287868
aat-	0.52972972973	0.251351351351	0.0	0.218918918919
nya-	0.320136417556	0.589368876587	0.0402497693423	0.0502449365142
eku-	0.235294117647	0.264705882353	0.382352941176	0.117647058824
nif-	0.691588785047	0.168224299065	0.0	0.140186915888
myo-	0.0318701142514	0.147925435959	0.689116055322	0.131088394468
yim-	0.244993314403	0.174561680263	0.0498790583074	0.530565947026
leh-	0.0	1.0	0.0	0.0
viv-	0.415520279125	0.0630722896795	0.0420076898374	0.479399741358
sug-	0.367683429514	0.450948062655	0.0741962077493	0.107172300082
yip-	0.456566114765	0.241778180993	0.0476298480382	0.254025856203
eik-	0.5	0.12676056338	0.0633802816901	0.30985915493
eag-	0.575361187036	0.207926591175	0.0585708707536	0.158141351035
upe-	0.491581562241	0.150427822247	0.14269942037	0.215291195142
nah-	0.035534455474	0.088044885628	0.00474751834268	0.871673140555
aho-	0.559396704262	0.232567377252	0.0867026974976	0.121333220988
wud-	0.107790451756	0.181326491696	0.613690207907	0.0971928486403
idw-	0.136150234742	0.807511737089	0.0	0.056338028169
ame-	0.607675376314	0.114349616586	0.210877591593	0.067097415507
gea-	0.510688836104	0.299287410926	0.0237529691211	0.166270783848
seb-	0.0	1.0	0.0	0.0
ayi-	0.638478521993	0.250133272322	0.0409197506149	0.0704684550707
pec-	0.542592592593	0.190740740741	0.133333333333	0.133333333333
fiv-	0.183838010465	0.173110143881	0.0642480059193	0.578803839734
anu-	0.695020746888	0.161758800696	0.0441707937358	0.0990496586802
geh-	0.15931372549	0.61887254902	0.22181372549	0.0
yen-	0.360526560077	0.155564333751	0.0844913639012	0.39941774227
gay-	0.189848706686	0.714006832601	0.0785749145925	0.0175695461201
ben-	0.0	1.0	0.0	0.0
kin-	0.230445484771	0.333648514623	0.0781435479478	0.357762452659
lot-	0.0	1.0	0.0	0.0
dan-	0.0178411184682	0.958742413542	0.0100356291384	0.0133808388512
egu-	0.840540540541	0.154054054054	0.00540540540539	0.0
lyu-	0.0797872340425	0.877659574468	0.0	0.0425531914894
nof-	0.163348647269	0.172537008678	0.624298111281	0.0398162327718
ubi-	0.705100880932	0.171639670361	0.0174055129298	0.105853935777
mub-	0.156388784994	0.726359192601	0.0543980651575	0.0628539572477
wuk-	0.3956381591	0.281201824082	0.179152427258	0.14400758956
min-	0.293253991986	0.45287363196	0.0974822080019	0.156390168052
uyu-	0.0544086150136	0.191673298166	0.0581679159524	0.695750170868
fid-	0.0314502739166	0.0697985931197	0.0363350524973	0.862416080466
lug-	0.255630319231	0.294343564691	0.234030786248	0.215995329831
ndi-	0.531220821726	0.171224512412	0.0667206144438	0.230834051418
wig-	0.495884146341	0.347865853659	0.046493902439	0.109756097561
mis-	0.0542540254641	0.892244052764	0.0299132150479	0.0235887067235
sac-	0.579617834395	0.166426957058	0.0335935894802	0.220361619067
twa-	0.51137269683	0.285658369696	0.0519925776663	0.150976355808
din-	0.0884421006373	0.783014722039	0.0483410239508	0.0802021533729
yai-	0.146198830409	0.803675856307	0.00501253132833	0.0451127819548
lav-	0.464548987031	0.317727641503	0.00699703814695	0.210726333319
ind-	0.0801850004723	0.837679937973	0.042857750787	0.0392773107674
nac-	0.1382396115	0.19570449514	0.142881079144	0.523174814215
yin-	0.153374990877	0.172497038497	0.075146390896	0.59898157973
imi-	0.207108352494	0.611978287504	0.0865362747639	0.0943770852383
vav-	0.346453466396	0.120382593614	0.0571440043951	0.476019935595
fij-	0.163987138264	0.836012861736	0.0	0.0
wet-	0.126219908913	0.107715120062	0.0413066832095	0.724758287815
sos-	0.0141843971631	0.985815602837	0.0	0.0
mup-	0.573139446239	0.25558869955	0.0686112314909	0.102660622721
ule-	0.485834467401	0.208895212174	0.0788692317209	0.226401088705
mbw-	0.577777777778	0.127777777778	0.140277777778	0.154166666667
bit-	0.530054644809	0.434098360656	0.00459016393443	0.0312568306011
dog-	0.373563218391	0.626436781609	0.0	0.0
yii-	0.683469573115	0.207538601271	0.0408719346049	0.0681198910081
pin-	0.399293286219	0.325088339223	0.212014134275	0.0636042402827
ave-	0.244865739935	0.111968293403	0.0422185149317	0.600947451729
wek-	0.10890321826	0.494992031115	0.119752599026	0.276352151599
kag-	0.503311258278	0.344671884407	0.067730282962	0.0842865743528
vef-	0.4681724846	0.433264887064	0.0492813141683	0.0492813141684
kip-	0.219686673009	0.587456127026	0.0596312671394	0.133225932825
pam-	0.121632239663	0.201697732723	0.0385032882785	0.638166739336
mam-	0.349242065372	0.527593557556	0.00236854571292	0.120795831359
utu-	0.570500221898	0.288055537945	0.0517339757814	0.0897102643759
esa-	0.178321678322	0.561771561772	0.0862470862471	0.17365967366
sia-	0.534178294426	0.21398257904	0.117448319304	0.134390807231
eal-	0.504934210526	0.194078947368	0.141447368421	0.159539473684
sis-	0.408264843928	0.217623250192	0.118109886105	0.256002019776
wat-	0.756544106521	0.134513542139	0.0590104403087	0.0499319110304
vep-	0.458841643965	0.0789608748865	0.0931738323661	0.369023648782
pai-	0.159694107063	0.460124670651	0.0568086883876	0.323372533899
ama-	0.119237957119	0.74706264142	0.0546783738335	0.079021027627
yig-	0.590469337171	0.275205884704	0.0705205085152	0.063804269609
abu-	0.0448259418217	0.900015895724	0.00929899856938	0.0458591638849
tuv-	0.23398949552	0.12033808536	0.0503928145827	0.595279604537
ifu-	0.697726077044	0.170602677267	0.0545098497691	0.0771613959198
yaw-	0.214205537541	0.103579446246	0.0576827138937	0.62453230232
ogw-	0.265573770492	0.0	0.708196721312	0.0262295081967
ain-	0.192810457516	0.66339869281	0.133986928105	0.00980392156862
mac-	0.102164142463	0.0876232201534	0.0745930430186	0.735619594365
map-	0.144656266926	0.827335672218	0.00546498748421	0.0225430733723
jaa-	0.955223880597	0.0298507462686	0.0149253731343	0.0
bet-	0.00506115563054	0.989877688739	0.0	0.00506115563054
wiv-	0.651983436356	0.207285602833	0.0366080537718	0.10412290704
ges-	0.45017539301	0.533909315318	0.0159152916721	0.0
law-	0.0	1.0	0.0	0.0
sal-	0.245070377336	0.514860440311	0.0840626390805	0.156006543272
asu-	0.174362961194	0.146261112647	0.0214481647106	0.657927761449
siw-	0.358902940584	0.356070213699	0.130068388427	0.15495845729
kiy-	0.167970380104	0.477017056301	0.229962619976	0.125049943619
vey-	0.0869565217391	0.434782608696	0.0	0.478260869565
wap-	0.769603097773	0.125847047435	0.0116166505324	0.0929332042594
vay-	0.296166452309	0.408341285317	0.112797162179	0.182695100195
wun-	0.241133333939	0.121956982017	0.12194789499	0.514961789054
sek-	0.188976377953	0.744881889764	0.0188976377953	0.0472440944882
den-	0.313059033989	0.232558139535	0.37030411449	0.0840787119857
dek-	0.0170454545455	0.786931818182	0.0	0.196022727273
pip-	0.262837837838	0.0610135135135	0.0275675675675	0.648581081081
yan-	0.0663157431063	0.0822504625144	0.0111223680733	0.840311426306
emw-	0.497417052777	0.248175959951	0.0772221334611	0.177184853811
wuv-	0.430617685082	0.196922443283	0.0437585090439	0.328701362591
ufw-	0.385714285714	0.338095238095	0.152380952381	0.123809523809
yew-	0.570146588987	0.210980078933	0.0781573012592	0.140716030821
yee-	0.553533014249	0.172403843821	0.0823252898377	0.191737852092
lic-	0.0441176470588	0.926470588235	0.0	0.0294117647059
tun-	0.533641499743	0.264338298237	0.0770416024653	0.124978599555
ich-	0.157911023882	0.202880625664	0.0252503316632	0.61395801879
mpi-	0.661417322835	0.0787401574803	0.0	0.259842519685
pif-	0.0443053817272	0.888485607009	0.0270337922403	0.0401752190238
nee-	0.203619909502	0.214680744093	0.347913524384	0.233785822021
age-	0.693025506325	0.195859542407	0.0394000138246	0.0717149374439
fuk-	0.359296482412	0.324120603015	0.0301507537688	0.286432160804
lul-	0.154339099729	0.150156279007	0.047975524371	0.647529096893
kom-	0.63137254902	0.243137254902	0.109803921569	0.0156862745098
waf-	0.250946969697	0.497474747475	0.151515151515	0.100063131313
igo-	0.304562916287	0.289472956914	0.203659176962	0.202304949838
gal-	0.0723706160913	0.887133823661	0.0101733714406	0.0303221888074
luy-	0.254545454546	0.745454545454	0.0	0.0
yon-	0.00815930063139	0.983681398737	0.0	0.00815930063138
ida-	0.127947045483	0.761994760808	0.00773571968565	0.102322474024
sel-	0.0183299389002	0.957230142566	0.0244399185336	0.0
awe-	0.597717523443	0.111189062107	0.0970936179556	0.193999796494
ulw-	0.172701680562	0.0925312460277	0.0185958128656	0.716171260545
suk-	0.226041425787	0.122179643884	0.0304747117703	0.621304218559
fye-	0.347712613319	0.244933283604	0.114845673139	0.292508429938
jey-	0.702479338843	0.256198347107	0.0	0.0413223140496
lil-	0.200448255547	0.32365745779	0.0690800020849	0.406814284579
wuw-	0.209786674755	0.484480841169	0.0944292791427	0.211303204934
gak-	0.148255094974	0.0858169271864	0.0457249208548	0.720203056985
ati-	0.857715987772	0.0368509016044	0.00671261776436	0.0987204928588
nek-	0.0252510501673	0.0330392947016	0.000396816594328	0.941312838537
ung-	0.354923127249	0.481266198636	0.0290631841172	0.134747489998
van-	0.0879971090219	0.523756770793	0.0659498057618	0.322296314423
taw-	0.314685314685	0.314685314685	0.188811188811	0.181818181818
gik-	0.211014383043	0.421839515519	0.26684330053	0.100302800908
ugo-	0.281933358928	0.0832589060195	0.0271575501627	0.60765018489
wao-	0.0428571428571	0.192857142857	0.721428571429	0.0428571428571
mun-	0.0905558911437	0.613336924647	0.0562806082226	0.239826575987
ked-	0.0535714285714	0.946428571429	0.0	0.0
pav-	0.271997255479	0.251594123109	0.0310607492379	0.445347872174
kak-	0.389105058366	0.390402075227	0.220492866407	0.0
uly-	0.754285714286	0.181428571429	0.0042857142857	0.06
nel-	0.210526315789	0.636672325976	0.142614601019	0.0101867572156
wev-	0.530667685386	0.257651003863	0.0888620060274	0.122819304724
one-	0.00848656294201	0.838755304102	0.041018387553	0.111739745403
kik-	0.207846035841	0.127330497641	0.088933826093	0.575889640425
imy-	0.105092940012	0.650785955731	0.214270060632	0.0298510436244
gog-	0.0363636363636	0.927272727273	0.0363636363636	0.0
vek-	0.494421906694	0.0228194726166	0.098630831643	0.384127789047
kap-	0.00217155266015	0.99565689468	0.0	0.00217155266015
alo-	0.521440185943	0.1231521949	0.0473905160678	0.308017103088
sil-	0.210973237692	0.279050734969	0.0865594280942	0.423416599245
ake-	0.522119679242	0.0992779086381	0.0596851630176	0.318917249102
ija-	0.253728543289	0.213300816059	0.0542163024106	0.478754338242
jas-	0.175373686547	0.396921710818	0.0503181885452	0.377386414089
ipe-	0.678789104249	0.270660619891	0.0141540772408	0.0363961986193
kib-	0.203480981715	0.531289723282	0.124181089273	0.14104820573
yad-	0.64347826087	0.310869565217	0.0	0.0456521739131
pag-	0.109335203329	0.258912800429	0.0242377231921	0.60751427305
ibw-	0.231400117165	0.484475688342	0.125951962507	0.158172231986
gus-	0.315021636101	0.502658149598	0.10269936122	0.0796208530806
him-	0.0689655172414	0.931034482759	0.0	0.0
tik-	0.00465838509316	0.995341614907	0.0	0.0
pof-	0.157327586207	0.0862068965517	0.0840517241379	0.672413793103
pit-	0.0362384743462	0.812931118915	0.121447859971	0.0293825467672
egi-	1.0	0.0	0.0	0.0
iny-	0.144845555584	0.637218594152	0.134165285355	0.0837705649092
gel-	0.321951219512	0.619512195122	0.0	0.0585365853659
anz-	0.676012831175	0.18320066532	0.0724723773316	0.0683141261732
way-	0.463438735178	0.109683794466	0.154150197628	0.272727272727
umo-	0.164361408501	0.573468927608	0.0328878315023	0.229281832389
sag-	0.661720063399	0.244247720228	0.0471844236098	0.0468477927637
twe-	0.341513774999	0.21886614359	0.131673647572	0.307946433839
bom-	0.0162380641404	0.932400232981	0.0111195439222	0.0402421589565
kit-	0.192433240975	0.279482348138	0.0451239369813	0.482960473905
pop-	0.105900151286	0.343419062027	0.350983358548	0.199697428139
gol-	0.18759936407	0.81240063593	0.0	0.0
ela-	0.106927710843	0.871987951807	0.00451807228915	0.0165662650602
aiw-	0.593007467753	0.37983706721	0.020366598778	0.00678886625932
yud-	0.0191631265626	0.949244578805	0.0065190449241	0.0250732497081
fin-	0.269317806199	0.362404332681	0.173637773653	0.194640087467
uwu-	0.121788011122	0.642906189331	0.130866072002	0.104439727545
jam-	0.172661870504	0.172661870504	0.453237410072	0.201438848921
vaf-	0.565179633947	0.20072708363	0.129056403992	0.10503687843
tiy-	0.0	1.0	0.0	0.0
pak-	0.163298397783	0.0594114429877	0.0121540264687	0.76513613276
mud-	0.276863512956	0.467909127091	0.166024647837	0.089202712115
leg-	0.0223463687151	0.977653631285	0.0	0.0
sew-	0.463240897709	0.417002348477	0.021229606358	0.0985271474563
itu-	0.380307692308	0.566153846154	0.0350769230769	0.0184615384615
vig-	0.314186032023	0.506588374556	0.0925954769173	0.0866301165037
weo-	0.744525547445	0.233576642336	0.0	0.021897810219
kad-	0.00791615071643	0.757252786131	0.126039271183	0.108791791969
uso-	0.336734693878	0.234693877551	0.336734693878	0.0918367346939
yek-	0.454457659856	0.218799769577	0.0361729524584	0.290569618108
tam-	0.0	1.0	0.0	0.0
upa-	0.019801980198	0.980198019802	0.0	0.0
yoa-	0.0	1.0	0.0	0.0
oti-	0.11320754717	0.849056603774	0.0	0.0377358490565
koy-	0.02	0.26	0.0	0.72
men-	0.0635470826112	0.875794338533	0.0606585788561	0.0
ivy-	0.614285714286	0.3	0.0857142857143	0.0
iko-	0.246604263112	0.372615353309	0.0351019992878	0.345678384291
sie-	0.337351951459	0.180148909674	0.030338358814	0.452160780054
neg-	0.635547576302	0.202872531418	0.0	0.16157989228
lub-	0.256338683415	0.413351942312	0.108862526169	0.221446848104
sih-	0.278646717857	0.205219579828	0.0487992293686	0.467334472947
amw-	0.607527267814	0.314623289714	0.0143310454457	0.0635183970262
lup-	0.337381046788	0.185319191118	0.386597938144	0.0907018239492
mba-	0.0815514784882	0.0278078403401	0.0162427219699	0.874397959202
mow-	0.10502283105	0.771689497717	0.0	0.123287671233
jet-	0.0334925771819	0.265320799301	0.0123285560179	0.688858067499
kuf-	0.283950949041	0.478945529788	0.124687609169	0.112415912002
wea-	0.570977890938	0.219418940582	0.0720623408688	0.137540827611
