-eṭe	0.592499571893	0.295621896227	0.0296820594783	0.0821964724014
-eeṭ	0.512192842296	0.456402633066	0.00224318033123	0.0291613443059
-ivs	0.193211488251	0.733681462141	0.041775456919	0.0313315926893
-eṭa	0.0417724268983	0.874484719652	0.00668248830565	0.0770603651443
-lei	0.233036536667	0.118997420846	0.0309101875045	0.617055854983
-het	0.0453839694826	0.928576354621	0.016957988597	0.00908168729982
-hum	0.0	1.0	0.0	0.0
-eṭi	0.0740664291419	0.891256158741	0.02336956034	0.0113078517774
-her	0.305217831814	0.506079027356	0.0856129685917	0.103090172239
-hes	0.242696629214	0.534831460674	0.222471910112	0.0
-eum	0.0695538057743	0.867891513561	0.0402449693788	0.0223097112861
-hem	0.0	1.0	0.0	0.0
-hei	0.824500029066	0.0309774157049	0.000856886190784	0.143665669038
-hej	0.88638589618	0.0530525628469	0.00293829578844	0.0576232451844
-gta	0.620296671872	0.0951834548217	0.0362147046241	0.248305168682
-hed	0.100388710495	0.72671962143	0.157174243705	0.0157174243704
-hee	0.316252926594	0.125757471423	0.067397741358	0.490591860625
-ash	0.212027278363	0.659640421575	0.0340979541228	0.0942343459393
-mne	0.211999883947	0.25662227638	0.0286070734326	0.50277076624
-uft	0.30985915493	0.230046948357	0.107981220657	0.352112676056
-aup	0.273275862069	0.584482758621	0.0310344827586	0.111206896552
-aus	0.178702570379	0.77723378213	0.014687882497	0.0293757649939
-aur	0.00373212235849	0.00298684439493	0.00737730036851	0.985903732878
-aut	0.136457122418	0.775596888134	0.0710006259501	0.0169453634982
-oya	0.559439724998	0.313193278788	0.0987246573525	0.0286423388615
-umi	0.22064516129	0.64	0.0232258064516	0.116129032258
-zaṭ	0.0945533769064	0.881263616558	0.00980392156862	0.0143790849673
-jaṛ	0.171444349616	0.702043275265	0.0873537828204	0.0391585922988
-oyi	0.0	0.976470588235	0.0	0.0235294117647
-uru	0.197820698944	0.673634762833	0.029145667618	0.0993988706054
-zin	0.0	1.0	0.0	0.0
-ang	0.279459111397	0.41596909208	0.227301996137	0.0772698003864
-aub	0.150082462892	0.741066520066	0.0395821880154	0.0692688290269
-bta	0.64	0.276923076923	0.0830769230769	0.0
-ufa	0.0689655172414	0.931034482759	0.0	0.0
-auf	0.0824175824175	0.882260596546	0.0353218210361	0.0
-aik	0.153089887641	0.718993085566	0.0872947277442	0.0406222990493
-ple	0.0157894736842	0.881578947368	0.102631578947	0.0
-auj	0.324840764331	0.458598726115	0.12101910828	0.0955414012738
-aul	0.409001956947	0.502935420744	0.0763209393347	0.0117416829746
-jre	0.433628318584	0.0398230088495	0.526548672566	0.0
-aun	0.0505805802207	0.9030449006	0.00388251788475	0.0424920012942
-nti	0.346965917865	0.571093045724	0.0481863420826	0.033754694328
-nth	0.0592070250133	0.891098988824	0.0317323044172	0.0179616817456
-ole	0.741159077208	0.0764394880345	0.0113927484376	0.17100868632
-pus	0.0498442367601	0.903426791277	0.0311526479751	0.0155763239875
-nta	0.848673533334	0.0884980637282	0.0300684524288	0.0327599505086
-iṭh	0.76945637373	0.0494396145386	0.00471352257253	0.176390489159
-nte	0.488687782805	0.333333333333	0.0482654600302	0.129713423831
-ual	0.300664663782	0.448781449733	0.227586446891	0.0229674395945
-izḍ	0.0	0.692307692308	0.307692307692	0.0
-uan	0.0843195266272	0.854289940828	0.0258875739645	0.0355029585799
-uar	0.0431237931775	0.947865264965	0.0064363870414	0.00257455481656
-eus	0.0	1.0	0.0	0.0
-anḍ	0.508290145884	0.277936592833	0.182235665148	0.0315375961343
-tor	0.326732673267	0.392079207921	0.192079207921	0.0891089108911
-nts	0.268656716418	0.619402985075	0.10447761194	0.00746268656716
-yst	0.0	0.936	0.064	0.0
-ntu	0.506184150252	0.418231791113	0.0412276683463	0.0343563902886
-lta	0.76342805962	0.0974687689115	0.0282720540246	0.110831117444
-kam	0.110795760293	0.156736026996	0.074030661429	0.658437551282
-war	0.0186649829928	0.901754646121	0.0145797225105	0.0650006483753
-pra	0.389240506329	0.392405063291	0.21835443038	0.0
-hel	0.222222222222	0.718954248366	0.0588235294117	0.0
-dhe	0.448275862069	0.327586206897	0.155172413793	0.0689655172413
-meñ	0.00738007585561	0.000870575434353	0.000412548806577	0.991336799903
-eñd	0.305882352941	0.550226244344	0.0760180995475	0.0678733031674
-dha	0.231343845318	0.242956996744	0.382631387451	0.143067770487
-nma	0.10071942446	0.654676258993	0.230215827338	0.0143884892086
-dho	0.232213438735	0.400197628458	0.145256916996	0.22233201581
-das	0.01287001287	0.0419562419562	0.00849420849421	0.93667953668
-eñk	0.848636417768	0.0882458020722	0.0250089317613	0.0381088483983
-akh	0.540443601441	0.15744506856	0.203512125467	0.0985992045308
-pte	0.895652173913	0.0834782608695	0.0104347826087	0.0104347826087
-dhi	0.0780776738238	0.822305983711	0.0788853738979	0.020730968567
-aaj	0.086423967707	0.832464718761	0.027538790119	0.0535725234132
-aji	0.515703351808	0.253365003959	0.163367643178	0.0675640010557
-eñs	0.0	1.0	0.0	0.0
-pṭi	0.210743801653	0.685950413223	0.0785123966942	0.0247933884297
-sma	0.72709595393	0.244035599432	0.0246054894922	0.00426295714606
-ṭta	0.344708803973	0.501161579749	0.0932067611952	0.0609228550829
-ake	0.226938149401	0.142493742663	0.175124582139	0.455443525797
-ṭte	0.53911205074	0.169133192389	0.0634249471459	0.228329809725
-uki	0.223200587019	0.755631156472	0.0168100860517	0.00435817045783
-lḍa	0.646153846154	0.238461538461	0.0846153846154	0.0307692307692
-ims	0.0479792776617	0.933388278927	0.0119212315662	0.0067112118447
-sip	0.118198874296	0.577861163227	0.157598499062	0.146341463415
-rbe	0.0123076923077	0.987692307692	0.0	0.0
-kaṭ	0.0780141843971	0.730496453901	0.0496453900709	0.141843971631
-deh	0.43661971831	0.488262910798	0.056338028169	0.018779342723
-dei	0.301364887225	0.0574185397591	0.00598588519186	0.635230687824
-ṛan	0.611111111111	0.351851851852	0.0	0.037037037037
-heñ	0.195235328298	0.444799535154	0.292852992446	0.0671121441022
-den	0.703363914373	0.272171253823	0.0152905198777	0.00917431192661
-deo	0.671898264912	0.083259898508	0.0336534078823	0.211188428697
-ima	0.0934179002698	0.79029250424	0.10784094818	0.00844864731121
-ḍem	0.838709677419	0.0	0.0	0.161290322581
-oko	0.818713450292	0.0847953216374	0.0906432748538	0.00584795321637
-des	0.120574437757	0.775076086924	0.0460522221531	0.0582972531657
-det	0.513546497437	0.269709543568	0.0380766414449	0.178667317549
-aka	0.388418998048	0.215354586857	0.128822381262	0.267404033832
-oke	0.659324144446	0.138649147666	0.0575378934261	0.144488814462
-dmi	0.0292552116605	0.796979745415	0.0344971839185	0.139267859006
-ṭka	0.191176470588	0.691176470588	0.0882352941176	0.0294117647059
-twa	0.0314410480349	0.12576419214	0.842794759825	0.0
-oka	0.640221046544	0.161329706342	0.080322145351	0.118127101763
-rwa	0.111194270879	0.788372194134	0.0932597110595	0.00717382392765
-sḍi	0.145454545455	0.854545454545	0.0	0.0
-nes	0.139534883721	0.770410687778	0.0692726373082	0.0207817911925
-lla	0.126448280676	0.780024196175	0.0625843376297	0.0309431855195
-ech	0.119050292293	0.687330493991	0.0666172650993	0.127001948617
-lle	0.199794026777	0.086508753862	0.268795056643	0.444902162719
-viḍ	0.00698145260757	0.986735240046	0.00209443578227	0.00418887156454
-rpa	0.226666666667	0.233333333333	0.293333333333	0.246666666667
-ṛhi	0.117327729621	0.713685316522	0.100691708257	0.0682952456002
-lli	0.448385053832	0.349588347055	0.148828372388	0.0531982267258
-ppi	0.00510204081633	0.969387755102	0.0102040816327	0.015306122449
-ida	0.394248108855	0.550457856156	0.0117567156139	0.0435373193752
-kaṛ	0.724049371532	0.212334729929	0.0198102140188	0.0438056845204
-shṭ	0.0689933753433	0.400549361771	0.499272903539	0.0311843593472
-bia	0.161361150731	0.806395839452	0.0277268456186	0.00451616419852
-bil	0.45195954488	0.298356510746	0.205436156764	0.0442477876106
-ilḍ	0.141791044776	0.253731343284	0.60447761194	0.0
-bik	0.585574572127	0.117522412388	0.0343113284434	0.262591687042
-ñdh	0.497189883581	0.307105580088	0.0953432356483	0.100361300682
-ñdi	0.0704296786747	0.854045729725	0.0683317733524	0.00719281824763
-eja	0.793741823696	0.184185981963	0.00471444927681	0.0173577450646
-bba	0.108744793621	0.848834636732	0.0282803797651	0.0141401898825
-uta	0.128565634717	0.544004326078	0.205759091524	0.121670947681
-tar	0.323252056366	0.196388058894	0.0252359266718	0.455123958069
-eje	0.846959070449	0.0923270176907	0.0236574897938	0.0370564220664
-hla	0.381355932203	0.521186440678	0.0635593220339	0.0338983050847
-ria	0.0696877881702	0.840534843894	0.0795020418917	0.010275326044
-rin	0.404310650269	0.0862403380787	0.0350576241176	0.474391387534
-eji	0.601273148148	0.31712962963	0.03125	0.0503472222222
-uth	0.13997235114	0.394193739508	0.236990224153	0.228843685198
-uti	0.413995174078	0.321268528094	0.204756980352	0.0599793174767
-rik	0.396933560477	0.480408858603	0.12265758092	0.0
-hli	0.0858623242044	0.898593634345	0.00444115470022	0.0111028867506
-ejo	0.735549132948	0.160404624277	0.0606936416185	0.0433526011561
-uañ	0.20158859674	0.143310908697	0.0106572527601	0.644443241803
-rit	0.0483675937122	0.891475211608	0.0352680370817	0.0248891575977
-ḍḍi	0.163731084098	0.805011163483	0.0193500372116	0.0119077152072
-ris	0.471080863103	0.085409866442	0.0252498969453	0.41825937351
-dui	0.0140548137737	0.0165284609979	0.0196486296557	0.949768095573
-hoṛ	0.500028346278	0.0672460936648	0.0567143610967	0.37601119896
-tej	0.286821705426	0.294573643411	0.318936877076	0.0996677740864
-gri	0.303965581743	0.584736251403	0.0439580995137	0.0673400673401
-tel	0.0580229374803	0.881778264884	0.0456930632657	0.0145057343701
-sia	0.196350364963	0.683211678832	0.102919708029	0.0175182481752
-inḍ	0.141911069063	0.389782403027	0.354777672658	0.113528855251
-jin	0.781791192479	0.160316674913	0.0118753092529	0.0460168233548
-are	0.252125049839	0.186352607446	0.0286697807268	0.532852561989
-nze	0.252475247525	0.420792079208	0.326732673267	0.0
-wal	0.582126786096	0.293171918601	0.0794984813155	0.045202813987
-tua	0.260869565217	0.695652173913	0.0434782608696	0.0
-ara	0.431952345839	0.200002225919	0.171895573324	0.196149854919
-i–i	0.293333333333	0.573333333333	0.133333333333	0.0
-rao	0.129186602871	0.741626794258	0.061004784689	0.0681818181818
-wak	0.0791770573566	0.85980361596	0.0374064837905	0.0236128428928
-jid	0.193984962406	0.503759398496	0.293233082707	0.00902255639098
-aro	0.465153224736	0.126996819375	0.056947749095	0.350902206794
-ari	0.295210105278	0.260846902567	0.0779820678227	0.365960924333
-gya	0.220472440945	0.577755905512	0.0597112860893	0.142060367454
-aṭi	0.226184777405	0.719895218339	0.0279240465933	0.0259959576618
-aṭh	0.126244502259	0.189640893259	0.140936750367	0.543177854116
-luk	0.354545454546	0.372727272727	0.218181818182	0.0545454545454
-mea	0.0	0.911111111111	0.0444444444444	0.0444444444444
-aṭo	0.404469273743	0.501675977654	0.0603351955307	0.0335195530726
-bao	0.0	1.0	0.0	0.0
-aṭa	0.258699535744	0.617602583302	0.0929242617897	0.0307736191641
-mel	0.158848920863	0.563741007194	0.0	0.277410071942
-men	0.129547471162	0.625554569654	0.191659272405	0.053238686779
-aṭe	0.443951593615	0.470551093699	0.0345916689138	0.0509056437728
-jis	0.810665505821	0.0937227433036	0.0122773641432	0.0833343867323
-yda	0.38355754858	0.392825112108	0.0681614349776	0.155455904335
-ayd	0.359281437126	0.101796407186	0.502994011976	0.0359281437126
-alu	0.0505392912172	0.696764252696	0.191063174114	0.0616332819723
-aya	0.381572351769	0.46827531226	0.0556096206724	0.0945427152984
-tya	0.310012634239	0.611655085281	0.00821225521162	0.0701200252685
-usṭ	0.104734576758	0.38737446198	0.469153515065	0.0387374461979
-gis	0.638063541708	0.169212879426	0.0378790916503	0.154844487215
-ḍas	0.0340370529944	0.912609507396	0.00919144047106	0.0441619991383
-ḍar	0.259457667715	0.340689891149	0.369111011313	0.030741429824
-ayi	0.219512195122	0.646341463415	0.0853658536585	0.0487804878049
-sad	0.198347107438	0.578512396694	0.0	0.223140495868
-ayk	0.136310491345	0.10760353989	0.692426878071	0.0636590906931
-als	0.0347109982298	0.946586623567	0.0110828907873	0.0076194874163
-ṛki	0.0246046795907	0.66368380636	0.0139478756915	0.297763638358
-tyu	0.0333333333333	0.85	0.0833333333333	0.0333333333333
-eṛa	0.11134455694	0.869175679619	0.0078583136608	0.01162144978
-ḍam	0.0469543610918	0.860963934666	0.00274052691198	0.0893411773303
-ḍan	0.0112504018001	0.986820957891	0.00192864030858	0.0
-ṛka	0.012095212425	0.943000745192	0.00319367968525	0.0417103626978
-eṛi	0.138662316476	0.73735725938	0.1044045677	0.0195758564437
-ṛke	0.564705882353	0.0941176470588	0.0941176470588	0.247058823529
-yus	0.00968188105118	0.947441217151	0.0138312586445	0.0290456431535
-aua	0.356667463053	0.643332536947	0.0	0.0
-gon	0.0	1.0	0.0	0.0
-sri	0.131891137474	0.566643405443	0.238660153524	0.062805303559
-sre	0.5	0.346153846154	0.134615384615	0.0192307692308
-sra	0.0428800552479	0.181776742955	0.388287573094	0.387055628703
-ubh	0.391782831988	0.332355099046	0.192223037417	0.0836390315481
-kva	0.0	0.909090909091	0.0	0.0909090909091
-kue	0.227586206897	0.537931034483	0.0206896551724	0.213793103448
-uba	0.608355091384	0.281984334204	0.0391644908616	0.0704960835509
-ube	0.487148102815	0.384740922073	0.0840473276213	0.0440636474908
-iar	0.293103448276	0.0862068965517	0.620689655172	0.0
-zik	0.407284768212	0.307947019868	0.264900662252	0.0198675496689
-ota	0.295977331502	0.316789784328	0.0386057388916	0.348627145279
-uuv	0.522130532633	0.198799699925	0.23855963991	0.0405101275319
-ote	0.599161095819	0.146677152969	0.0495477782147	0.204613972998
-oth	0.0143540669856	0.622009569378	0.0956937799043	0.267942583732
-oti	0.113942361188	0.834872593747	0.0302659396907	0.0209191053744
-hwa	0.0140522535651	0.720481593283	0.175392942646	0.0900732105062
-esi	0.297627117696	0.690045131866	0.0123277504371	0.0
-jiu	0.291909924937	0.474562135113	0.143869891576	0.0896580483737
-oto	0.0375939849624	0.624060150376	0.0	0.338345864662
-ume	0.29923713334	0.41012141399	0.0193402815086	0.271301171161
-iṛe	0.536723163842	0.361581920904	0.0338983050848	0.0677966101695
-shu	0.00473540347044	0.655054529271	0.00346589698027	0.336744170278
-nha	0.240455458808	0.71935699933	0.0	0.040187541862
-jra	0.535158680772	0.278158058494	0.149346608587	0.0373366521469
-mke	0.355691056911	0.23450203252	0.379319105691	0.0304878048781
-ako	0.301851644495	0.110028877567	0.254083875837	0.334035602101
-nak	0.236199711761	0.266822330715	0.141080785172	0.355897172351
-kia	0.0261923377639	0.923964034402	0.0117279124316	0.0381157154027
-nai	0.0801973696142	0.0479989104974	0.0155198158089	0.85628390408
-nan	0.0821355236139	0.733059548255	0.131416837782	0.0533880903491
-nao	0.0	0.326885880077	0.214700193424	0.458413926499
-aki	0.18303840568	0.232686363911	0.0993769644891	0.48489826592
-nam	0.50193050193	0.415486915487	0.0195195195195	0.0630630630631
-sis	0.466141573681	0.317136020615	0.0729903559311	0.143732049773
-sir	0.0794701986755	0.807947019868	0.0	0.112582781457
-dla	0.595744680851	0.297872340426	0.0212765957447	0.0851063829787
-naa	0.0930707409937	0.0694662124565	0.0219312497187	0.815531796831
-kin	0.0419363708136	0.0286304914646	0.00899639032593	0.920436747396
-dle	0.25443577005	0.180624556423	0.0660042583393	0.498935415188
-kil	0.143733231123	0.508240705251	0.240705251054	0.107320812572
-kis	0.427148799223	0.276118043538	0.086665452227	0.210067705013
-hañ	0.0838963940052	0.0992912018142	0.0176244006642	0.799188003516
-nay	0.119047619048	0.333333333333	0.52380952381	0.0238095238095
-ees	0.354458573001	0.0344364315107	0.00614893683733	0.604956058651
-kit	0.587223469827	0.180483221049	0.212225460685	0.02006784844
-nas	0.126829268293	0.820731707317	0.0134146341463	0.0390243902439
-aku	0.120215090726	0.841505635082	0.0275492916247	0.0107299825669
-akt	0.244186046512	0.267441860465	0.372093023256	0.116279069767
-ñga	0.227907658927	0.162274350581	0.553594792545	0.0562231979476
-nat	0.71257725071	0.156104893937	0.0589276766327	0.0723901787206
-ṭhe	0.637812089356	0.228482260184	0.0755584756899	0.05814717477
-mos	0.0	1.0	0.0	0.0
-mor	0.0	0.966101694915	0.0338983050847	0.0
-aga	0.550789592907	0.0783120833603	0.0318749595496	0.339023364184
-daṛ	0.146616541353	0.853383458647	0.0	0.0
-rte	0.381087600816	0.166485332685	0.0434880265537	0.408939039945
-dma	0.271714586783	0.625922023182	0.0538160469668	0.0485473430679
-hod	0.706235203251	0.28406820357	0.0	0.00969659317963
-gog	0.0421052631579	0.936842105263	0.0210526315789	0.0
-enḍ	0.149523604306	0.83442228239	0.00755487684914	0.00849923645528
-lki	0.4	0.557446808511	0.0	0.0425531914894
-mon	0.0	1.0	0.0	0.0
-gos	0.259966072943	0.71529544812	0.01625671473	0.00848176420698
-lka	0.571428571429	0.123486682809	0.225181598063	0.0799031476997
-lke	0.672222222222	0.255555555555	0.0	0.0722222222222
-bki	0.298476739399	0.219843557019	0.132976533553	0.348703170029
-yat	0.35799086758	0.467579908676	0.123287671233	0.0511415525114
-yar	0.0837209302325	0.4	0.511627906977	0.00465116279069
-ber	0.212927756654	0.684410646388	0.0342205323194	0.0684410646388
-row	0.253012048193	0.650602409639	0.0963855421687	0.0
-ies	0.452830188679	0.358490566038	0.188679245283	0.0
-jli	0.0454232622161	0.954576737784	0.0	0.0
-eor	0.188679245283	0.811320754717	0.0	0.0
-ñhu	0.0481064483112	0.861821903787	0.0593654042989	0.0307062436029
-eon	0.1	0.9	0.0	0.0
-ñhi	0.0184597849249	0.910724020021	0.0305267852718	0.0402894097825
-kṭa	0.041257367387	0.834970530452	0.117878192534	0.00589390962673
-bel	0.23991126399	0.629228046562	0.0889852688252	0.0418754206237
-yab	0.378670788254	0.148377125193	0.106646058733	0.366306027821
-yam	0.271559633028	0.684403669725	0.0146788990826	0.0293577981651
-yal	0.034180543383	0.837861524978	0.0981595092025	0.0297984224365
-yan	0.342857142857	0.414285714286	0.242857142857	0.0
-yah	0.00724637681159	0.992753623188	0.0	0.0
-bed	0.0	1.0	0.0	0.0
-ḍru	0.0	1.0	0.0	0.0
-rek	0.37037037037	0.037037037037	0.425925925926	0.166666666667
-hhi	0.577425457166	0.277542563733	0.029276641744	0.115755337357
-ala	0.311631231067	0.164697654175	0.0534153438451	0.470255770912
-hho	0.512195121951	0.268292682927	0.181571815718	0.0379403794038
-isi	0.00682029554613	0.977679032758	0.00668251179773	0.00881815989804
-rem	0.466330193043	0.49809416187	0.0236839177708	0.0118917273158
-rat	0.208536236823	0.589243870757	0.052500705353	0.149719187067
-hha	0.190383846499	0.127364650115	0.488833375365	0.19341812802
-laṭ	0.0365153321053	0.890670711886	0.0461588471124	0.0266551088959
-hhe	0.561265979057	0.108057121553	0.0307531267524	0.299923772637
-nḍi	0.236254832934	0.42437576658	0.329097451228	0.010271949258
-rez	0.0	1.0	0.0	0.0
-ama	0.395647368869	0.461944839145	0.0255765657449	0.116831226242
-mia	0.0384615384615	0.942307692308	0.0	0.0192307692308
-yer	0.0	1.0	0.0	0.0
-nḍs	0.135253600501	0.6631183469	0.164057608015	0.0375704445836
-upa	0.470294558163	0.359460808787	0.110833749376	0.0594108836745
-res	0.131477709889	0.731764350909	0.124085388851	0.0126725503508
-rso	0.10962438686	0.690328886795	0.145285331983	0.0547613943627
-sef	0.188481675393	0.623036649215	0.0	0.188481675393
-evi	0.0583918315252	0.909700063816	0.0156349712827	0.0162731333759
-ñsi	0.920634920635	0.0793650793651	0.0	0.0
-upi	0.487106017192	0.226361031519	0.25787965616	0.0286532951289
-avi	0.11811023622	0.88188976378	0.0	0.0
-eḍa	0.119658119658	0.760683760684	0.0940170940171	0.025641025641
-hag	0.0533222820831	0.154717502417	0.0216880784639	0.770272137036
-hah	0.0	1.0	0.0	0.0
-hai	0.368	0.28	0.352	0.0
-haj	0.145846958797	0.125572269457	0.589928057554	0.138652714192
-mar	0.481410843465	0.188496147739	0.275245544904	0.0548474638929
-miṭ	0.876524390244	0.108231707317	0.0	0.015243902439
-ham	0.00927833197686	0.0440093976763	0.00196697178853	0.944745298558
-han	0.127677041556	0.786006138319	0.0292869381837	0.0570298819409
-kri	0.183192169194	0.674798397322	0.121496959758	0.0205124737254
-mah	0.0	1.0	0.0	0.0
-mak	0.183527267933	0.644659970597	0.070287038783	0.101525722687
-has	0.25117370892	0.463615023474	0.154929577465	0.130281690141
-hat	0.384054123147	0.38671901249	0.0941403111533	0.13508655321
-mal	0.416666666667	0.468579234973	0.106557377049	0.00819672131148
-man	0.151483148394	0.528122432165	0.0424652977422	0.277929121699
-hay	0.584041480628	0.126746363244	0.0432089874694	0.246003168659
-din	0.0605489411629	0.798888269124	0.0323709872863	0.108191802427
-jul	0.346391752577	0.385567010309	0.232989690722	0.0350515463917
-uno	0.36012827278	0.12606749344	0.0234681732505	0.490336060529
-uni	0.764209964575	0.127099582026	0.0303911170668	0.0782993363318
-unj	0.391304347826	0.0434782608695	0.565217391304	0.0
-nks	0.381818181818	0.618181818182	0.0	0.0
-une	0.829184167339	0.127187004534	0.00952685599844	0.0341019721288
-ila	0.396544249629	0.241801933278	0.263753957214	0.0978998598795
-una	0.804426445651	0.120990222738	0.0371009224675	0.0374824091431
-nke	0.684638096196	0.150104432308	0.0310634344916	0.134194037004
-ṛhe	0.651080945199	0.248617395676	0.0615887380593	0.0387129210659
-ush	0.0680072432842	0.82962400692	0.0753792156908	0.0269895341048
-nka	0.286532951289	0.670487106017	0.0171919770774	0.025787965616
-eeṛ	0.0315174528991	0.889791149409	0.0271651818314	0.0515262158609
-ṭur	0.646984924623	0.124371859297	0.0213567839196	0.207286432161
-unt	0.582802547771	0.257961783439	0.101910828025	0.0573248407643
-hil	0.875	0.0384615384615	0.0576923076923	0.0288461538461
-666	0.314285714286	0.2	0.0	0.485714285714
-him	0.446281736466	0.225709072067	0.272815337133	0.0551938543333
-tre	0.391156462585	0.261904761905	0.0136054421769	0.333333333333
-gad	0.0	1.0	0.0	0.0
-tra	0.121345602016	0.734755032242	0.136275558285	0.00762380745651
-lab	0.391920965758	0.258311766118	0.066741535424	0.283025732699
-ada	0.145872384655	0.354979489676	0.177175131086	0.321972994583
-yeñ	0.283104100413	0.195375768634	0.0948725333686	0.426647597584
-gan	0.0520218579235	0.854426229508	0.0288524590164	0.0646994535519
-tro	0.579081632653	0.283163265306	0.0382653061224	0.0994897959184
-gal	0.182125024451	0.214067828696	0.0363693570264	0.567437789826
-tri	0.0332714954025	0.883247297951	0.0695676722052	0.013913534441
-ifṭ	0.105125523013	0.782949790795	0.0674686192468	0.0444560669456
-adh	0.14930875576	0.834101382488	0.0138248847926	0.00276497695853
-adi	0.301459785753	0.586801292358	0.0890532660407	0.0226856558477
-144	0.0333333333333	0.111111111111	0.0	0.855555555556
-gat	0.525779073664	0.305602928747	0.0747690661118	0.0938489314775
-gar	0.061149230823	0.0712771630095	0.00727513549536	0.860298470672
-140	0.176470588235	0.617647058824	0.0882352941177	0.117647058824
-aat	0.32171316523	0.367532767264	0.0161376314537	0.294616436052
-hio	0.838709677419	0.161290322581	0.0	0.0
-ana	0.371010292693	0.445603165088	0.104965889172	0.0784206530473
-pna	0.244233378562	0.704884667571	0.0366350067843	0.0142469470828
-gay	0.628594370641	0.0654493794781	0.0184826196857	0.287473630196
-ady	0.552	0.216	0.184	0.048
-ini	0.100632460552	0.806789860042	0.0120298679454	0.0805478114606
-nee	0.0	0.921568627451	0.0392156862745	0.0392156862745
-ate	0.609107259948	0.257185801545	0.0509295968176	0.0827773416897
-inn	0.322495611133	0.32762880847	0.328375872988	0.0214997074088
-chi	0.287106918239	0.44213836478	0.190251572327	0.0805031446541
-ina	0.152180610302	0.296746265591	0.0659594132377	0.485113710869
-uis	0.971214603323	0.0203604025275	0.0028083313831	0.00561666276621
-sed	0.166666666667	0.547619047619	0.285714285714	0.0
-ṛwa	0.159101329665	0.744612563045	0.0550206327373	0.041265474553
-ine	0.700142000631	0.161012937835	0.10255601136	0.0362890501736
-sea	0.0440251572327	0.932914046122	0.0167714884696	0.0062893081761
-ing	0.232096960028	0.657781618364	0.0795444473988	0.030576974209
-216	0.0481651376147	0.584862385321	0.091743119266	0.275229357798
-kni	0.285464098074	0.413309982487	0.290718038529	0.0105078809107
-aas	0.387542629235	0.481044714203	0.0529145358664	0.0784981206956
-uin	0.225	0.675	0.0	0.1
-kna	0.309498744838	0.254676492024	0.423192161309	0.0126326018301
-omi	0.0120671563484	0.663693599161	0.316369359916	0.00786988457503
-peṛ	0.0549450549451	0.915114500504	0.0195263768808	0.0104140676697
-aam	0.338499545974	0.537816362205	0.042424032031	0.08126005979
-eda	0.789699570816	0.19313304721	0.00858369098712	0.00858369098712
-kus	0.0408163265306	0.951762523191	0.00742115027831	0.0
-rse	0.366533864542	0.577689243028	0.0557768924303	0.0
-ede	0.840053763441	0.0846774193548	0.0443548387097	0.0309139784946
-ble	0.279792746114	0.378238341969	0.341968911917	0.0
-ial	0.0356371490281	0.94060475162	0.0237580993521	0.0
-ful	0.157368042383	0.446464778599	0.365164497351	0.0310026816665
-ian	0.0805714285714	0.651428571429	0.189142857143	0.0788571428571
-ner	0.0	1.0	0.0	0.0
-edo	0.73977726882	0.163202761499	0.0	0.0970199696812
-beg	0.161709302632	0.838290697368	0.0	0.0
-opt	0.283018867925	0.641509433962	0.0	0.0754716981132
-nel	0.0	0.898608349901	0.101391650099	0.0
-aan	0.293082953503	0.508827853866	0.138649954126	0.0594392385047
-uḍa	0.0254237288136	0.960451977401	0.00847457627118	0.00564971751412
-fus	0.0093896713615	0.971830985915	0.018779342723	0.0
-kua	0.0819875776397	0.875776397516	0.0149068322981	0.0273291925466
-cha	0.206025083812	0.482648689963	0.227827686509	0.0834985397161
-ghe	0.0408591392024	0.0228604437762	0.0214646604239	0.914815756597
-kum	0.477026141411	0.459622806379	0.0108497779072	0.0525012743028
-kul	0.165671516273	0.436969136322	0.075687494744	0.321671852662
-uḍi	0.118644067797	0.372881355932	0.203389830508	0.305084745763
-gha	0.110216881209	0.657770662924	0.0171706760817	0.214841779786
-aom	0.0729199127454	0.895917731381	0.00124649423496	0.0299158616391
-mte	0.380952380952	0.584415584416	0.034632034632	0.0
-ban	0.592309773622	0.173411899107	0.0361963743499	0.198081952921
-uul	0.319247397873	0.508887085677	0.0888131858745	0.0830523305745
-eka	0.405293770118	0.506948647034	0.0408072760242	0.0469503068235
-uun	0.0188715088605	0.948589923725	0.0119358261169	0.0206027412972
-lar	0.264150943396	0.615094339623	0.105660377359	0.0150943396226
-uuk	0.269544924154	0.224037339557	0.4504084014	0.0560093348892
-och	0.233558178752	0.485063840039	0.183329318237	0.0980486629728
-hoj	0.53056338572	0.322122253543	0.0668031046067	0.0805112561301
-uud	0.846824408468	0.0859277708593	0.052303860523	0.0149439601494
-eki	0.19267822736	0.691714836223	0.115606936416	0.0
-ekh	0.705530450662	0.0849397412106	0.0170440855079	0.192485722619
-eko	0.513238289206	0.42566191446	0.0366598778004	0.0244399185336
-ñsu	0.274328081557	0.672845227062	0.0444856348471	0.00834105653381
-hol	0.682493972676	0.102866327351	0.152692204661	0.0619474953121
-uub	0.531540438995	0.227407553886	0.132885109749	0.10816689737
-eks	0.0505248481703	0.938725184134	0.00752497738706	0.00322499030874
-jon	0.0193723423697	0.0253187009744	0.00182704083652	0.953481915819
-mko	0.181818181818	0.621212121212	0.136363636364	0.0606060606061
-hot	0.426573426574	0.353846153846	0.0783216783217	0.141258741259
-aad	0.327320690987	0.212666687813	0.0822684300961	0.377744191104
-iṭi	0.0687659064181	0.835313084629	0.0475552044385	0.0483658045142
-uut	0.200422488233	0.516065670978	0.211466478894	0.0720453618945
-mka	0.709677419355	0.241935483871	0.0	0.0483870967742
-hoy	0.493341288114	0.0255401423605	0.0241008920293	0.457017677496
-bar	0.129254238364	0.732284589498	0.072623658645	0.0658375134929
-uup	0.147854077253	0.64356223176	0.104291845494	0.104291845494
-job	0.037037037037	0.925925925926	0.037037037037	0.0
-uur	0.207438645161	0.320694614001	0.079560150668	0.39230659017
-jhi	0.671916010499	0.241469816273	0.0393700787402	0.0472440944882
-ogi	0.140376975283	0.493018692572	0.357323209812	0.00928112233279
-ase	0.571428571429	0.355400696864	0.0627177700348	0.0104529616725
-his	0.843228620045	0.0639177825766	0.0101471334348	0.0827064639438
-mbu	0.0534676481984	0.871367686943	0.0647036032545	0.010461061604
-asa	0.0651474571609	0.349989416192	0.564367297428	0.0204958292192
-jha	0.188851727982	0.689260497956	0.0431066518023	0.0787811222593
-chh	0.0797642199487	0.342197242923	0.0437557647187	0.53428277241
-ṛap	0.484848484849	0.151515151515	0.363636363636	0.0
-jhe	0.595335588392	0.295038413607	0.0448501116117	0.0647758863889
-asi	0.154738662602	0.683537928022	0.0854260829255	0.0762973264511
-faṭ	0.365765765766	0.426126126126	0.197297297297	0.0108108108108
-ṛak	0.410901467505	0.400419287212	0.125786163522	0.062893081761
-mba	0.189493353718	0.50473521043	0.199600798403	0.106170637449
-lti	0.296413306077	0.319643188998	0.314068017097	0.0698754878275
-ast	0.244122965642	0.552441229657	0.176311030741	0.0271247739602
-dra	0.03	0.455	0.0425	0.4725
-yel	0.0259984688018	0.953944430267	0.00490461911445	0.015152481817
-rri	0.130434782609	0.869565217391	0.0	0.0
-anṭ	0.356756756757	0.318918918919	0.227027027027	0.0972972972973
-nyx	0.0	0.775	0.225	0.0
-ust	0.0952380952381	0.833333333333	0.0	0.0714285714286
-dri	0.00981893712104	0.961164844848	0.020141409479	0.0088748085517
-ise	0.128524215394	0.093779471317	0.0268354545936	0.750860858695
-lte	0.533096795654	0.211553387294	0.0507816831134	0.204568133939
-opi	0.0138248847927	0.73732718894	0.221198156682	0.0276497695852
-ebh	0.152924594785	0.830866807611	0.00211416490486	0.0140944326991
-ove	0.030303030303	0.80303030303	0.136363636364	0.030303030303
-see	0.28125	0.703125	0.015625	0.0
-ṛhu	0.410256410256	0.347985347985	0.131868131868	0.10989010989
-dia	0.729927760578	0.0764361885106	0.0138286893705	0.179807361541
-430	0.547619047619	0.0714285714285	0.0	0.380952380952
-loṭ	0.132345156167	0.867654843833	0.0	0.0
-ert	0.433333333333	0.1	0.366666666667	0.1
-ras	0.101235732203	0.800647843869	0.0639741769888	0.034142246939
-ran	0.113096323463	0.207443676795	0.0519748440668	0.627485155675
-ṛha	0.481309921362	0.412258968006	0.057739954756	0.0486911558763
-ral	0.254900345907	0.367072969857	0.259430077417	0.118596606819
-ram	0.0891992250565	0.478527607362	0.398450113013	0.0338230545689
-raj	0.0782874338865	0.708781688856	0.147182199526	0.0657486777312
-red	0.0361794500724	0.911722141823	0.0434153400868	0.00868306801737
-rah	0.0304765080777	0.171789313769	0.0219542018675	0.775779976286
-ero	0.0289256198347	0.971074380165	0.0	0.0
-raf	0.2630424843	0.184335022255	0.0285530330599	0.524069460385
-era	0.113719336711	0.742556506282	0.121727740705	0.0219964163028
-rad	0.676923076923	0.107692307692	0.153846153846	0.0615384615385
-ree	0.472553924576	0.163543682447	0.227969981592	0.135932411384
-ere	0.116777821368	0.57277363672	0.0908853145024	0.21956322741
-ṛho	0.412520064206	0.313001605136	0.197431781701	0.0770465489567
-fig	0.0254957507082	0.906515580737	0.0339943342776	0.0339943342776
-aoñ	0.0694884794032	0.89812282257	0.00529996876804	0.0270887292589
-ela	0.0550100365661	0.829243617026	0.00752239622512	0.108223950183
-swa	0.100056369786	0.879650507328	0.0	0.0202931228861
-obi	0.0952380952381	0.438095238095	0.238095238095	0.228571428571
-koṭ	0.153809087843	0.593504553558	0.0673637546379	0.185322603961
-uuṭ	0.314977823269	0.438485158649	0.150938246332	0.0955987717503
-pṭa	0.360902255639	0.548872180451	0.0	0.0902255639097
-pok	0.0994475138121	0.491712707182	0.375690607735	0.0331491712707
-hoṭ	0.348547717842	0.500565824217	0.0814786872878	0.0694077706526
-iañ	0.171013937259	0.0924855109337	0.0409328513557	0.695567700451
-pol	0.0412716818285	0.82325798238	0.00349658709192	0.1319737487
-huṛ	0.840336134454	0.0336134453781	0.00840336134454	0.117647058823
-haṭ	0.413163716814	0.307522123894	0.0625	0.216814159292
-kli	0.841061946903	0.133451327434	0.0	0.0254867256637
-ṛte	0.471234647705	0.284421460892	0.126050420168	0.118293471235
-ike	0.162264150943	0.792452830189	0.0301886792453	0.0150943396226
-lag	0.487775234468	0.234205035753	0.0907488808313	0.187270848948
-aay	0.595007494238	0.173389310347	0.0451088151939	0.186494380221
-paḍ	0.0730155418796	0.914467508084	0.0125169500365	0.0
-ika	0.383292383292	0.432432432433	0.081081081081	0.103194103194
-aaz	0.324607329843	0.455497382199	0.125654450262	0.0942408376963
-iko	0.0	0.994029850746	0.0	0.00597014925373
-lam	0.0368702874003	0.943721997596	0.00367172986559	0.0157359851382
-lan	0.513742789277	0.340006786563	0.0773668137089	0.0688836104513
-aav	0.488888888889	0.311111111111	0.0888888888889	0.111111111111
-lah	0.0442192538001	0.87517273146	0.0115154306771	0.0690925840626
-aap	0.144337723495	0.653509052313	0.0558032569727	0.146349967218
-iki	0.0893371757925	0.723342939481	0.146974063401	0.0403458213257
-lak	0.313641574322	0.493771494077	0.0742835307604	0.118303400841
-ous	0.00695277904235	0.90961387245	0.0834333485081	0.0
-uja	0.220239007201	0.721158265666	0.0275777539452	0.0310249731883
-aao	0.603896074529	0.270876023229	0.0422513276186	0.082976574624
-nok	0.538408172266	0.437380753607	0.0103761746261	0.0138348995015
-aai	0.398564405686	0.234020441775	0.0668725374263	0.300542615113
-aah	0.328064714503	0.534834715987	0.0846493551308	0.0524512143788
-aak	0.250035995455	0.565100298632	0.110918223548	0.0739454823652
-las	0.0323767476085	0.943340691685	0.014348785872	0.00993377483444
-ujh	0.362204724409	0.259842519685	0.0157480314961	0.362204724409
-noa	0.00443491758444	0.982260329662	0.00443491758444	0.00886983516889
-aag	0.311424344478	0.543145170283	0.0573930756592	0.0880374095799
-aaf	0.781204098557	0.147113818049	0.0537039402922	0.0179781431021
-uñṭ	0.0870786516853	0.912921348315	0.0	0.0
-lay	0.138682516097	0.75730559683	0.104011887073	0.0
-ppe	0.130565068493	0.167915239726	0.434503424658	0.267016267123
-aab	0.551907328613	0.165380554017	0.224176577335	0.0585355400351
-ahi	0.185668326894	0.107095420868	0.0585355443545	0.648700707883
-lṭa	0.212795549374	0.292999536393	0.200278164117	0.293926750116
-mse	0.360736514523	0.328708506224	0.103086099585	0.207468879668
-ish	0.232265205017	0.463449984189	0.260013702962	0.0442711078318
-ṭha	0.709716814587	0.112853981766	0.0737436821359	0.103685521511
-bol	0.686042788088	0.131429268516	0.0123515149667	0.17017642843
-ṭho	0.479372208077	0.264431243663	0.00878388165462	0.247412666605
-bon	0.0	0.089552238806	0.664179104478	0.246268656716
-aha	0.823245472031	0.0258047618803	0.00387421958876	0.1470755465
-hre	0.551598476064	0.366407155872	0.0596322676826	0.022362100381
-ahe	0.210494863977	0.0854054927755	0.0295365314392	0.674563111808
-osṭ	0.0	1.0	0.0	0.0
-dod	0.0	0.934782608696	0.0217391304348	0.0434782608696
-hhu	0.0331034482759	0.966896551724	0.0	0.0
-ile	0.19290407845	0.159758782426	0.114781051695	0.53255608743
-bos	0.277382645804	0.566145092461	0.0142247510669	0.142247510669
-don	0.0810810810811	0.872586872587	0.023166023166	0.023166023166
-ger	0.134259259259	0.587962962963	0.222222222222	0.0555555555556
-reu	0.0	1.0	0.0	0.0
-box	0.0461538461538	0.923076923077	0.0153846153846	0.0153846153846
-dok	0.0	0.790628115653	0.209371884347	0.0
-ahu	0.0	1.0	0.0	0.0
-sas	0.306306306306	0.63963963964	0.042042042042	0.012012012012
-ñṭh	0.836390679227	0.10411502231	0.0446207238473	0.0148735746158
-oṛo	0.426707597851	0.360706062932	0.113584036838	0.0990023023791
-vos	0.24511002445	0.690709046455	0.0128361858191	0.0513447432763
-oṛi	0.6591796875	0.181640625	0.0791015625	0.080078125
-gle	0.319910514541	0.290827740492	0.268456375839	0.120805369127
-uṛe	0.621519939804	0.264108352144	0.0342362678706	0.0801354401806
-sat	0.507131537242	0.379952456418	0.106973058637	0.00594294770206
-oṛe	0.70467032967	0.186355311355	0.0254120879121	0.0835622710623
-gli	0.121672075346	0.499294178415	0.364735875634	0.0142978706052
-uṛi	0.379494007989	0.380825565912	0.159786950732	0.0798934753662
-mpe	0.324401913876	0.404784688995	0.114832535885	0.155980861244
-oṛa	0.13164502137	0.278113222463	0.357801859849	0.232439896318
-toh	0.0452625226313	0.846107423054	0.0	0.108630054315
-rti	0.0255446371794	0.903307073829	0.0504692969895	0.0206789920024
-uṭe	0.586716509533	0.180597931155	0.0120575758409	0.220627983471
-oli	0.6313512982	0.196413146992	0.00361793336007	0.168617621448
-yke	0.648888888889	0.191111111111	0.0133333333333	0.146666666667
-paṛ	0.420042643923	0.314712153518	0.173560767591	0.091684434968
-uṭa	0.152145137429	0.382387292689	0.435100833139	0.0303667367438
-saf	0.0196078431373	0.937908496732	0.0122549019608	0.0302287581699
-olo	0.638892729605	0.179435589608	0.0488793321287	0.132792348659
-fṭs	0.459016393443	0.475409836066	0.0	0.0655737704918
-had	0.473597359736	0.372937293729	0.0495049504951	0.10396039604
-ñṭs	0.268493150685	0.641095890411	0.0575342465753	0.0328767123288
-sah	0.0574630424416	0.864568431092	0.0100143061516	0.0679542203147
-uṭi	0.493440249983	0.296509891322	0.120625875974	0.0894239827218
-uṭh	0.532123238596	0.0480057320277	0.007165034631	0.412705994746
-sam	0.420806809806	0.543534603022	0.0239497973541	0.0117087898176
-sal	0.191172761665	0.609499789828	0.0608659100463	0.138461538462
-lon	0.0532255997619	0.689854763318	0.0495074375334	0.207412199387
-dom	0.00522444376258	0.915102788858	0.0796727673796	0.0
-bhu	0.00929727510755	0.959155058761	0.00294685561889	0.0286008105122
-lok	0.0724450194049	0.875808538163	0.0413971539457	0.0103492884864
-loh	0.0801603206413	0.799599198397	0.0	0.120240480962
-ros	0.392345799989	0.588382601121	0.00293973542381	0.0163318634656
-log	0.0372251573954	0.167046686917	0.00537116873604	0.790356986952
-der	0.78247734139	0.167673716012	0.0271903323263	0.0226586102719
-boy	0.874639571605	0.125360428395	0.0	0.0
-bha	0.298348889067	0.542964093124	0.0484276457616	0.110259372047
-liḍ	0.048	0.232	0.624	0.096
-lge	0.180136319377	0.140214216164	0.0584225900682	0.621226874392
-rol	0.176081138188	0.727426398084	0.0247922242569	0.0717002394704
-oki	0.608856088561	0.319188191882	0.049815498155	0.0221402214022
-waṭ	0.626817447496	0.287560581583	0.0662358642972	0.0193861066236
-uñḍ	0.0645161290322	0.833746898263	0.091811414392	0.00992555831268
-mas	0.0211202938476	0.955004591368	0.00367309458218	0.020202020202
-roj	0.035293797013	0.728265016897	0.0131908862967	0.223250299793
-yja	0.00141542816702	0.998584571833	0.0	0.0
-weh	0.064082278481	0.935917721519	0.0	0.0
-hak	0.210616859179	0.645695092979	0.0820840501352	0.0616039977062
-gna	0.110276720502	0.775537496142	0.0570928916778	0.0570928916778
-sar	0.259889364367	0.555370003131	0.103329506315	0.0814111261872
-hal	0.585560214011	0.227453114018	0.0513395438522	0.135647128119
-rag	0.0135293724195	0.851265072329	0.0846421861034	0.0505633691482
-ipa	0.447095435685	0.413900414938	0.132780082988	0.00622406639003
-aañ	0.102864419418	0.37576379676	0.069841608	0.451530175822
-uṛa	0.39960068128	0.431111805431	0.132906834523	0.0363806787656
-mat	0.444158478444	0.300381704494	0.119264089012	0.13619572805
-ewe	0.468650222181	0.191925731172	0.064342242598	0.275081804049
-hke	0.130016051364	0.611556982344	0.234349919743	0.024077046549
-rda	0.0833931480615	0.417186136485	0.446883032175	0.0525376832788
-pan	0.0398247269988	0.0314804222923	0.0793142601632	0.849380590546
-ewa	0.701234104127	0.16901104711	0.0297117177282	0.100043131035
-mis	0.501166518342	0.380737328095	0.0376875156724	0.0804086378901
-aiḍ	0.0833198511568	0.712344280861	0.0245914900502	0.179744377932
-ṭin	0.619342292705	0.205188697022	0.0705493958831	0.10491961439
-rdi	0.104529616725	0.12543554007	0.628919860627	0.141114982578
-kho	0.600349938246	0.209908777708	0.038894065134	0.150847218912
-ipt	0.015140543743	0.925635793123	0.0377197024554	0.0215039606785
-oṛh	0.894273127753	0.0528634361234	0.0	0.0528634361233
-añṭ	0.24768683274	0.690391459075	0.0149466192171	0.046975088968
-sau	0.0117647058823	0.964705882353	0.0235294117647	0.0
-enṭ	0.146587405603	0.749742414009	0.0802607848167	0.0234093955716
-ppa	0.0234311246514	0.959065309588	0.00468338651421	0.012820179246
-oñs	0.507692307692	0.153846153846	0.276923076923	0.0615384615385
-har	0.169175978606	0.666071708828	0.0567380868506	0.108014225716
-awe	0.54300790713	0.30202107425	0.0681274038761	0.0868436147431
-ñṭa	0.0114576702737	0.939528962444	0.035646085296	0.013367281986
-jua	0.474576271186	0.525423728814	0.0	0.0
-jti	0.666666666667	0.259259259259	0.0	0.0740740740741
-ṭke	0.544303797468	0.379746835443	0.0506329113924	0.0253164556962
-ami	0.165547173711	0.671799111295	0.11160483621	0.0510488787848
-oñg	0.383576742904	0.178561587214	0.333976302012	0.10388536787
-jta	0.868189388532	0.0996906971211	0.005710206995	0.0264097073519
-ddi	0.302441810652	0.324860773954	0.350421248037	0.0222761673569
-tia	0.133333333333	0.866666666667	0.0	0.0
-añḍ	0.271428571429	0.657142857143	0.0571428571428	0.0142857142857
-uṛo	0.333333333333	0.631578947368	0.0350877192982	0.0
