-tə́	0.0330266206997	0.00796341478565	0.00516540885352	0.953844555661
-eba	0.00987690586327	0.950615470684	0.0197538117265	0.0197538117266
-rba	0.00921658986174	0.990783410138	0.0	0.0
-"wə	0.0915134924381	0.558515354549	0.192993800884	0.156977352128
-həa	0.32801593584	0.419130416791	0.178076806531	0.0747768408378
-ivi	0.5513505901	0.110278730023	0.282129231723	0.0562414481539
-əwə	0.350882406183	0.452860348591	0.14929349441	0.0469637508155
-ufu	0.0376710321136	0.958061225686	0.001477295377	0.00279044682323
-vyə	0.592233009709	0.254854368932	0.0946601941748	0.0582524271844
-vwə	0.105166607488	0.857273889838	0.00682900048623	0.0307305021881
--za	0.881125939217	0.0744645059997	0.0222047773915	0.0222047773915
-nkə	0.644660993687	0.279851770519	0.0450178424376	0.0304693933571
-unə	0.165517241379	0.772413793103	0.0620689655172	0.0
-tlá	0.326494201606	0.497377341659	0.0788938447814	0.0972346119536
-ráa	0.594802126403	0.240992321323	0.0224453632605	0.141760189014
-ufi	0.0	1.0	0.0	0.0
-nti	0.183898099296	0.742404909601	0.0213514647122	0.0523455263914
-ənə	0.262859511311	0.103604373388	0.0848785142234	0.548657601077
-mtə	0.400850548792	0.345114218917	0.188204153783	0.0658310785084
-ghə	0.628256556982	0.213674005547	0.0454760361274	0.112593401344
-nta	0.290835924639	0.542253521127	0.123315651485	0.0435949027498
-dli	0.684210526316	0.280701754386	0.0	0.0350877192982
-dus	0.0162267169466	0.925494229231	0.0466232430579	0.0116558107645
-ára	0.101620815469	0.0582007790299	0.00859809174099	0.83158031376
-əva	0.133333333333	0.588888888889	0.155555555556	0.122222222222
-gyí	0.181448484799	0.205611674111	0.12133857046	0.491601270629
-ará	0.0373134328358	0.94776119403	0.0	0.0149253731343
-əvi	0.252839224128	0.396239263669	0.0604090240098	0.290512488193
-aɗə	0.0215547844496	0.131671196082	0.0837954920927	0.762978527376
-máa	0.55737704918	0.213114754098	0.196721311475	0.0327868852459
-əma	0.216803192114	0.268684531975	0.053874341609	0.460637934302
-imu	0.0271186440678	0.95593220339	0.0101694915254	0.00677966101694
-əmi	0.0580497322906	0.683303023138	0.153547839653	0.105099404918
-mbə	0.52090187988	0.419998399346	0.0207640457432	0.0383356750316
-ima	0.0371135270406	0.95751774063	0.00333380959185	0.00203492273788
-ilu	0.0350246969017	0.964975303098	0.0	0.0
-imi	0.245412844037	0.280963302752	0.473623853211	0.0
-nyə	0.251596986936	0.499515690095	0.0592141572398	0.189673165729
-oka	0.110429447853	0.852760736196	0.0368098159509	0.0
-asə	0.0546558949638	0.844026307502	0.0872071897484	0.0141106077857
-əra	0.0800679221254	0.713348584366	0.157345848614	0.0492376448946
-lla	0.0555555555556	0.87037037037	0.0740740740741	0.0
-və́	0.607640066952	0.0653534220839	0.015930096066	0.311076414898
-lli	0.614425923041	0.255647297087	0.111232279171	0.018694500701
-cəw	0.836018957346	0.124170616114	0.0398104265403	0.0
-́tə	0.838850426835	0.0640008306372	0.0161114963284	0.0810372461992
-tli	0.172229105239	0.764609072777	0.0477648980885	0.0153969238946
-tla	0.403335150535	0.414915412212	0.101733961733	0.0800154755205
-wə"	0.212370005473	0.536398467433	0.16091954023	0.0903119868637
-tle	0.194297352342	0.405906313646	0.362525458248	0.0372708757638
-sin	0.0	0.742718446602	0.257281553398	0.0
-zhə	0.266947778138	0.266623418748	0.395718456049	0.0707103470645
-rie	0.202403846154	0.272115384615	0.424519230769	0.100961538462
-bbi	0.8	0.163636363636	0.0	0.0363636363636
-uti	0.804898455922	0.110671636115	0.00912755761771	0.075302350346
-átə	0.615878032909	0.35065538719	0.0167332899507	0.0167332899508
-dzi	0.0217467282824	0.947445406651	0.0308078650667	0.0
-ris	0.0	1.0	0.0	0.0
-ədi	0.0856378233719	0.913470115968	0.000892060660124	0.0
-mja	0.0381239360568	0.956429787364	0.00544627657955	0.0
-əli	0.11535668841	0.730556824215	0.0400391690341	0.114047318341
-dza	0.445402733767	0.0783337572322	0.0286704456027	0.447593063398
-əda	0.220408163265	0.448979591837	0.263265306122	0.0673469387755
-erə	0.244195147404	0.45734411688	0.040177406731	0.258283328985
-ara	0.10751736496	0.323456174085	0.035113576993	0.533912883962
-gyi	0.0981607303959	0.155043124351	0.0211499841866	0.725646161066
-wəw	0.500723379168	0.325658966749	0.139648982632	0.033968671451
-gye	0.0887537367282	0.898257911555	0.00865890114421	0.00432945057211
-lus	0.0299259202444	0.913852722543	0.0028762631589	0.0533450940538
-ari	0.107329806804	0.622809672231	0.102921788373	0.166938732591
-aru	0.0208	0.94848	0.01344	0.01728
-bi"	0.673469387755	0.142857142857	0.0	0.183673469388
-lum	0.201117318436	0.263687150838	0.535195530726	0.0
-lun	0.0	0.978062157221	0.0219378427788	0.0
-jis	0.0304568527919	0.939086294416	0.0304568527919	0.0
-wəa	0.335696564456	0.43152022687	0.0372296377508	0.195553570923
-tye	0.788793103448	0.162068965517	0.0387931034483	0.0103448275862
-aya	0.106194690265	0.85580426861	0.0247267048412	0.0132743362832
-tya	0.0311457174639	0.893214682981	0.0622914349276	0.0133481646274
-myə	0.043537020948	0.892412395019	0.0134182836181	0.0506323004151
-pyə	0.752747252747	0.088598901099	0.154532967033	0.00412087912088
-ila	0.0606520366489	0.878649278466	0.0342398053379	0.0264588795472
-ayi	0.629850611	0.189942613376	0.0366329068673	0.143573868757
-tyi	0.0924795804163	0.295663016656	0.142954196554	0.468903206373
-əkə	0.64663536816	0.0926905562458	0.016061091363	0.244612984231
-ahə	0.418173466863	0.230501308197	0.215567260041	0.135757964899
-ppə	0.493700313811	0.25040203956	0.172290480869	0.0836071657597
-əpə	0.0910507751619	0.881880075466	0.0157493232713	0.0113198261012
-ubu	0.00483688934272	0.992260977052	0.000644918579031	0.0022572150266
-arə	0.217912014684	0.370158528469	0.166582021685	0.245347435162
-uba	0.108108108108	0.810810810811	0.0810810810811	0.0
--va	0.0	1.0	0.0	0.0
-ikə	0.239805453342	0.569710617651	0.0727808796387	0.117703049368
-ámə	0.277044854881	0.627968337731	0.0474934036939	0.0474934036939
-ota	0.020942408377	0.979057591623	0.0	0.0
-nəa	0.29897314376	0.296603475513	0.238546603476	0.165876777251
-ɗaa	0.646486486487	0.100540540541	0.00648648648648	0.246486486486
-aɓa	0.146409606154	0.540203701571	0.0107979269833	0.302588765292
-oti	0.0	0.996415770609	0.0	0.00358422939068
-hwa	0.0227645611157	0.968006562756	0.00799835931091	0.00123051681706
-rár	0.787610619469	0.0530973451327	0.0	0.159292035398
-nər	0.45045045045	0.450450450451	0.0	0.0990990990991
-el"	0.107142857143	0.892857142857	0.0	0.0
-fyə	0.548256285483	0.291159772912	0.0729927007299	0.0875912408759
-uma	0.0174690651971	0.980347301653	0.0	0.00218363314963
-nəw	0.65306122449	0.0816326530612	0.163265306122	0.102040816327
-umi	0.0	0.836734693878	0.0	0.163265306122
-əsa	0.637635715604	0.332647845184	0.0215447493048	0.00817168990746
-jə́	0.0433562867514	0.0158017623683	0.001309778728	0.939532172152
-nak	0.152091254753	0.761216730038	0.0684410646388	0.0182509505703
ALL	0.228574612977	0.318979421344	0.0597331379786	0.3927128277
-ibə	0.0844143272024	0.335527589545	0.526621490803	0.0534365924492
-aki	0.270769230769	0.461538461538	0.267692307692	0.0
-dla	0.479358425226	0.450924997722	0.0143534129226	0.0553631641301
-naa	0.441918491821	0.399500970335	0.0765178818964	0.0820626559468
-wci	0.409714280289	0.524629361822	0.0303693882137	0.0352869696749
-aka	0.170477224679	0.18683832405	0.0778494344396	0.564835016832
-kis	0.0	0.92523364486	0.0747663551402	0.0
-əbə	0.567249495629	0.200403496974	0.0975117686618	0.134835238736
-mpə	0.485592665357	0.409626719057	0.0376555337262	0.0671250818598
-nas	0.0313234142522	0.960845732185	0.00313234142522	0.00469851213782
-aku	0.011693952556	0.981623788841	0.00400935516204	0.00267290344137
-naw	0.365648459746	0.304944343774	0.117136940202	0.212270256278
-sie	0.167759952585	0.0932725245361	0.0176800908114	0.721287432067
-mos	0.0	1.0	0.0	0.0
-əar	0.285714285714	0.266666666667	0.285714285714	0.161904761905
-sə́	0.556581957557	0.186677419247	0.0234534833567	0.233287139839
-yəa	0.138557247583	0.29089836808	0.488349406957	0.0821949773796
-is"	0.0	0.954751131222	0.0452488687783	0.0
-dye	0.258933795644	0.193054502113	0.0675587820999	0.480452920143
-awə	0.160002066951	0.275171854873	0.299584026052	0.265242052124
-lki	0.0	1.0	0.0	0.0
-dya	0.111085126286	0.837464920486	0.0304022450889	0.0210477081384
-yəw	0.264889964583	0.502406421279	0.0258970635766	0.206806550561
-dyi	0.454018017653	0.392408315085	0.0892307773323	0.0643428899299
-yaw	0.570203587175	0.404914801748	0.0	0.0248816110767
-yas	0.0532875665833	0.915893131848	0.00664524838579	0.0241740531829
-yar	0.213812677389	0.333964049196	0.401135288553	0.0510879848628
-mfa	0.037037037037	0.962962962963	0.0	0.0
-ipə	0.041016700312	0.373371260782	0.573132684896	0.0124793540099
-ben	0.0	1.0	0.0	0.0
-uga	0.275229357798	0.724770642202	0.0	0.0
-yal	0.220618556701	0.742268041237	0.0	0.0371134020618
-yan	0.069176882662	0.854640980736	0.0249562171629	0.0512259194396
-hyə	0.126214287236	0.593911584507	0.0209549592615	0.258919168996
-ucə	0.0185726683286	0.964015455113	0.0104471259348	0.00696475062323
-lyi	0.122366375498	0.300732854668	0.0130193545316	0.563881415302
-isi	0.0216310127971	0.971322056688	0.00367665939894	0.0033702711157
-lya	0.09640646569	0.576746671417	0.315269181102	0.0115776817918
-isa	0.0164912661387	0.97461212976	0.00716068134968	0.00173592275143
-yə"	0.0293255131965	0.697947214076	0.0175953079179	0.255131964809
-ssə	0.235764235764	0.476923076923	0.139460539461	0.147852147852
-pəa	0.384802727715	0.568436434486	0.029225523624	0.0175353141744
-ffə	0.369177970257	0.191207713679	0.336656316392	0.102957999673
-yyə	0.456376674916	0.251979458695	0.231701596408	0.0599422699805
-isu	0.0285413293275	0.936908640434	0.0135195770499	0.0210304531887
-haa	0.253280860868	0.622057465423	0.0277025941575	0.0969590795511
-bwe	0.096807006655	0.105763594359	0.0100858591083	0.787343539878
-bwi	0.319798010833	0.456379061712	0.0812503406957	0.14257258676
-zhe	0.0213523262394	0.0601616996002	0.00316772913772	0.915318245023
-mas	0.0527732902531	0.934302638665	0.0032310177706	0.00969305331179
-bwa	0.199874223143	0.54709233501	0.190108020124	0.0629254217224
-əyə	0.676720751033	0.10775741261	0.0477588387779	0.167762997579
-man	0.00790294018645	0.983403825608	0.00658578348871	0.00210745071639
-maa	0.16944174178	0.646797496007	0.105006149836	0.0787546123768
--ra	0.204841263251	0.336523634885	0.0571710129711	0.401464088893
-uni	0.622587066267	0.306460080007	0.0539413956247	0.0170114581012
-una	0.160315094741	0.742016180541	0.0164998935491	0.0811688311688
-vyi	0.0	0.28	0.12	0.6
-nka	0.664440141125	0.173658381304	0.0570443271348	0.104857150436
-unu	0.0	1.0	0.0	0.0
-laa	0.113679846939	0.78443877551	0.0696747448979	0.032206632653
-əwa	0.210793936948	0.190522849858	0.0540094644532	0.544673748742
-yíe	0.394088669951	0.458128078818	0.0872624912034	0.0605207600281
-"wi	0.123140447464	0.800974190777	0.050368982078	0.0255163796806
-gaa	0.364385297845	0.233206590621	0.282636248416	0.119771863118
-ada	0.0279475158725	0.930819695365	0.0262520177589	0.0149807710037
-ivə	0.576703591809	0.345977397337	0.037037037037	0.0402819738167
-əwi	0.0802203065134	0.385536398467	0.0216714559387	0.512571839081
-jər	0.230181470869	0.14517669532	0.229226361032	0.395415472779
-"wa	0.0954773869346	0.804020100503	0.100502512563	0.0
-adi	0.021427526693	0.964019306713	0.00351031154015	0.0110428550534
-gaw	0.387755102041	0.551020408163	0.0	0.0612244897959
-gat	0.0	1.0	0.0	0.0
-yaa	0.365760537611	0.441475747443	0.0673096763057	0.125454038641
-usa	0.177075805617	0.723749953236	0.0374034248096	0.0617708163369
-jəa	0.234188526564	0.184690752378	0.0488002218969	0.532320499161
-ini	0.173042435445	0.124642111472	0.104046859171	0.598268593912
-ina	0.0541521035857	0.914800250901	0.010283296603	0.0207643489099
-ing	0.522839072382	0.0948699929726	0.154602951511	0.227687983134
-use	0.215136521899	0.749862561847	0.0212571009712	0.0137438152831
-əvə	0.597118311278	0.301679525266	0.0489405341489	0.0522616293074
--ma	0.20883991908	0.177422547715	0.222894006205	0.390843527
-inu	0.00817438692097	0.979564032698	0.00817438692098	0.00408719346049
-kus	0.0367907801418	0.946586879433	0.00265957446808	0.0139627659574
-sa"	0.0368098159509	0.963190184049	0.0	0.0
-ntə	0.401172333363	0.173399388748	0.0877047339594	0.33772354393
-əni	0.257910444818	0.400179156515	0.310669291099	0.0312411075677
-ghi	0.13535593996	0.447620409446	0.045104697639	0.371918952956
-ghe	0.199622661826	0.11177027585	0.024482476835	0.664124585488
-kum	0.0633802816902	0.908450704225	0.0140845070422	0.0140845070422
-nee	0.433607542417	0.00471250839707	0.00187206906348	0.559807880123
-əne	0.0194848824188	0.880627099664	0.0851063829787	0.0147816349384
-əng	0.0731707317073	0.743902439024	0.109756097561	0.0731707317074
-ban	0.127994011976	0.544910179641	0.327095808383	0.0
-tlə	0.342159083361	0.263868733518	0.0306845513829	0.363287631738
-álə	0.4375	0.166666666667	0.270833333333	0.125
-eki	0.376633169393	0.525630379106	0.0339155798877	0.063820871613
-baa	0.362694300518	0.375277572169	0.226498889711	0.0355292376017
-uuu	0.229166666667	0.4375	0.0	0.333333333333
-llə	0.359215170186	0.216067476222	0.120236884609	0.304480468984
-bas	0.0186196482703	0.969799838781	0.00885568637246	0.00272482657614
-nya	0.0343188221932	0.889317163767	0.0406956681002	0.03566834594
-məw	0.160027710426	0.839972289574	0.0	0.0
-asa	0.192666603827	0.73267980017	0.0439249693657	0.0307286266377
-ɗɗə	0.476821192053	0.453642384106	0.00993377483443	0.0596026490066
-nyi	0.56137287895	0.317583317461	0.0218786007956	0.099165202793
-uɗu	0.0666666666666	0.922222222222	0.0111111111111	0.0
-asi	0.0982673320433	0.160366701357	0.718688889974	0.0226770766254
-mba	0.0643005072114	0.788595805896	0.114091546064	0.0330121408287
-əmə	0.387759535574	0.224041139171	0.0218324315057	0.366366893749
-mbi	0.0369249509888	0.467919069643	0.483735891433	0.0114200879347
-lta	0.07	0.885	0.03	0.015
-yee	0.182873198143	0.144392865869	0.52736379184	0.145370144149
-ɓwa	0.510870050444	0.222043658765	0.232221775814	0.034864514977
-fwə	0.0450139679021	0.837644344413	0.0868045737811	0.0305371139034
-rat	0.00739528308905	0.986355181906	0.00499962800386	0.00124990700097
-rau	0.0	0.868131868132	0.0989010989011	0.032967032967
-ras	0.00619408121127	0.963523743978	0.0302821748107	0.0
-ral	0.019801980198	0.693069306931	0.287128712871	0.0
-gyə	0.409844723777	0.558466251188	0.0190134150206	0.0126756100137
-iwi	0.879479736519	0.0877697718158	0.00708513324344	0.0256653584219
-ere	0.198620689655	0.584827586207	0.191724137931	0.0248275862069
-raa	0.471793092658	0.35736430549	0.101532791848	0.0693098100038
-ela	0.526693643128	0.371491972327	0.0427489883827	0.0590653961624
-dzə	0.730265225917	0.156971764342	0.0435085595108	0.0692544502304
-as"	0.295145631068	0.669902912621	0.0	0.0349514563107
-azu	0.00921658986175	0.990783410138	0.0	0.0
-səa	0.272727272727	0.145454545455	0.145454545455	0.436363636364
-yə́	0.0786437015483	0.158919901407	0.032875128701	0.729561268344
-zhi	0.268376068376	0.4	0.31282051282	0.0188034188034
-"el	0.342857142857	0.571428571429	0.0857142857143	0.0
-e"a	0.521367521368	0.364672364672	0.0740740740741	0.039886039886
-zha	0.010016025641	0.905181623932	0.0410657051282	0.0437366452991
-́fa	0.739811912226	0.112852664577	0.057053291536	0.0902821316614
-utə	0.194043275782	0.185920206972	0.115664671414	0.504371845832
-səw	0.362745098039	0.0588235294118	0.450980392157	0.127450980392
-aza	0.0119047619048	0.892857142857	0.0	0.0952380952381
-ike	0.089375232748	0.743905583087	0.0891842600285	0.0775349241361
-uju	0.0551181102362	0.913385826772	0.0314960629921	0.0
-ika	0.337899053024	0.388817400229	0.0373059380541	0.235977608693
-shə	0.359279827302	0.1821191175	0.086223901543	0.372377153655
-iko	0.0	1.0	0.0	0.0
-iki	0.109609160001	0.26236614336	0.603499165847	0.0245255307924
-lak	0.0833995234313	0.222299444003	0.694301032566	0.0
-lat	0.0	0.85625	0.14375	0.0
-uja	0.0	1.0	0.0	0.0
-ppi	0.663024217366	0.231541642056	0.0652687536917	0.0401653868872
-əpi	0.301091982137	0.248631077307	0.0910116614856	0.359265279071
-non	0.0	1.0	0.0	0.0
-las	0.0499906733818	0.936019399366	0.00335758254057	0.0106323447118
-ri"	0.214315574342	0.646337498258	0.133773050304	0.005573877096
-əpa	0.181818181818	0.584415584416	0.0779220779221	0.155844155844
-yáw	0.4	0.285542168675	0.0867469879518	0.227710843373
-ahi	0.37343470483	0.42084078712	0.134168157424	0.0715563506261
-"in	0.0357142857143	0.892857142857	0.0	0.0714285714286
-kaa	0.135416666667	0.729166666667	0.114583333333	0.0208333333333
-yár	0.390728476821	0.370860927152	0.158940397351	0.0794701986755
-aha	0.021151586369	0.947121034078	0.0	0.0317273795535
-iwe	0.107885949139	0.773953249422	0.0585666581043	0.0595941433342
-pya	0.049710948819	0.880137231582	0.0103758236251	0.0597759959742
-ɓaa	0.125	0.6875	0.104166666667	0.0833333333333
-yáa	0.430749682338	0.271918678526	0.0381194409149	0.259212198221
-əka	0.140086654859	0.648518293078	0.0776588121576	0.133736239905
-myi	0.0788753204809	0.332538805817	0.0246973795518	0.563888494151
-mye	0.187795064618	0.278209257944	0.418062953724	0.115932723715
-ayə	0.341975718554	0.406378955364	0.0951837070946	0.156461618987
-tyə	0.0728922005345	0.812910018628	0.114197780837	0.0
-əki	0.760947397411	0.169650234095	0.0495731203525	0.019829248141
-sas	0.0392156862745	0.921568627451	0.0392156862745	0.0
-sar	0.03066439523	0.910517349592	0.0464449027168	0.0123733524612
-dda	0.0614525139665	0.938547486034	0.0	0.0
-saw	0.35103926097	0.37182448037	0.103926096998	0.173210161663
-əbi	0.416016940995	0.466166137261	0.0935604966792	0.024256425065
-la"	0.174418604651	0.686046511628	0.0	0.139534883721
-avi	0.0578847362811	0.119200151861	0.155308113317	0.667606998541
-ddi	0.0	1.0	0.0	0.0
-əba	0.400307929176	0.420066717988	0.119322555812	0.0603027970234
-mpa	0.259011760257	0.498058201703	0.0295188171575	0.213411220882
-oli	0.0	1.0	0.0	0.0
-dlə	0.255044235933	0.496212167657	0.173598354395	0.0751452420149
-ibi	0.059633027523	0.926605504587	0.0045871559633	0.0091743119266
-akə	0.439068131643	0.224650923409	0.0733512854367	0.262929659511
-pyi	0.424003707136	0.460611677479	0.0931417979612	0.0222428174235
-san	0.0434782608695	0.944099378882	0.0124223602484	0.0
-fyi	0.122578943533	0.139885961777	0.703416461622	0.0341186330683
-təa	0.481334503504	0.297206429156	0.088696616256	0.132762451084
-əsə	0.00408163265306	0.0428571428571	0.40612244898	0.54693877551
-́lə	0.792254820618	0.0889623380952	0.0458589201382	0.0729239211491
-umə	0.405933798424	0.426112368464	0.0665554492638	0.101398383848
-́rə	0.0390703770921	0.913994757007	0.0241984271022	0.0227364387981
-hwə	0.640430213014	0.0628657450195	0.0272193636247	0.269484678342
-ɗyi	0.138436482085	0.689739413681	0.160423452769	0.0114006514658
-ava	0.0841320553781	0.821589161046	0.0517986037155	0.0424801798604
-hyá	0.0346682436082	0.0194009215988	0.000704899965048	0.945225934828
-ɗya	0.0	0.980944393651	0.0190556063491	0.0
-hku	0.0780399274047	0.870689655172	0.0226860254084	0.0285843920145
-hie	0.136493083808	0.625	0.0437347436941	0.194772172498
-efi	0.0715380446501	0.907483056626	0.00839155948974	0.0125873392346
-rdi	0.032	0.776	0.192	0.0
-wə́	0.174906572697	0.730985130562	0.0508165257583	0.0432917709826
-ik"	0.512612612613	0.379279279279	0.0	0.108108108108
-awi	0.239666939365	0.658939374337	0.0522544270314	0.0491392592661
-tie	0.437357630979	0.466970387244	0.0410022779043	0.0546697038724
-awa	0.335651812844	0.520357422302	0.0538243415327	0.0901664233221
-wdi	0.593652677331	0.330760131438	0.0185709909488	0.0570162002815
-əha	0.0952380952381	0.809523809524	0.047619047619	0.047619047619
-us"	0.409356725146	0.27485380117	0.0	0.315789473684
-"tá	0.393939393939	0.424242424242	0.0606060606061	0.121212121212
-wie	0.17978294652	0.591818170333	0.0984194766964	0.129979406451
-yew	0.539748953975	0.410041841004	0.0502092050209	0.0
-"al	0.0186335403727	0.931677018634	0.0372670807453	0.0124223602484
-əyi	0.539624392786	0.253990167371	0.0786594321823	0.12772600766
-haw	0.10334460729	0.173243141676	0.599398722285	0.124013528749
-əya	0.112064036592	0.746140651801	0.0331618067467	0.10863350486
-avə	0.595321590071	0.279603479724	0.066999206999	0.0580757232061
-saá	0.492317880795	0.325496688742	0.0737086092714	0.108476821192
-sto	0.0113636363636	0.943181818182	0.0	0.0454545454545
-bwə	0.433092575334	0.319198508854	0.223089468779	0.0246194470332
-cə́	0.0357142857143	0.857142857143	0.0595238095238	0.047619047619
-sta	0.25641025641	0.641025641026	0.0769230769231	0.025641025641
-ffi	0.773255813954	0.0872093023256	0.0174418604651	0.122093023256
-yyi	0.158940397351	0.403973509934	0.0	0.437086092715
-ssa	0.0056338028169	0.994366197183	0.0	0.0
-saa	0.3	0.53125	0.15	0.01875
-hyi	0.186342651831	0.297855483105	0.0896090735073	0.426192791557
-hhə	0.810126582278	0.189873417722	0.0	0.0
-lyə	0.27921065945	0.195950551632	0.103520931213	0.421317857706
-hya	0.222633155504	0.450013301737	0.0795899629103	0.247763579848
-hye	0.46165884194	0.308294209703	0.00938967136149	0.220657276995
-sfa	0.0480769230769	0.913461538462	0.0384615384616	0.0
-lee	0.844282686815	0.155717313185	0.0	0.0
-muw	0.146341463415	0.853658536585	0.0	0.0
-fsa	0.0	0.934426229508	0.0655737704918	0.0
-mus	0.0409556313993	0.945392491468	0.0136518771331	0.0
-mur	0.00888888888889	0.977777777778	0.0133333333333	0.0
-ida	0.115223097113	0.848556430446	0.0209973753281	0.0152230971129
-puw	0.156862745098	0.235294117647	0.254901960784	0.352941176471
-mmə	0.31010079348	0.286403602831	0.22110229466	0.182393309029
-wwə	0.440751000308	0.416435826408	0.104647583872	0.0381655894121
-ifi	0.337078651685	0.41011235955	0.185393258427	0.0674157303371
-əgə	0.120686103741	0.157174558802	0.00705864348133	0.715080693976
-iba	0.0	0.943396226415	0.0	0.0566037735848
-ndi	0.0434782608696	0.95652173913	0.0	0.0
-uda	0.0275925646454	0.861314427235	0.0880748076396	0.02301820048
-ali	0.259152740807	0.688762541613	0.0331554334134	0.0189292841671
-nda	0.237528568176	0.0977485122194	0.058740303932	0.605982615673
-gie	0.149122807018	0.552631578947	0.166666666667	0.131578947368
-uwə	0.0896352771481	0.673397898207	0.0978776014837	0.139089223161
-ala	0.135223507807	0.262188906972	0.070523476296	0.532064108924
-rəɓ	0.734939759036	0.0103270223752	0.0481927710843	0.206540447504
-yos	0.0	0.963190184049	0.0368098159509	0.0
-úlə	0.0946928930304	0.485670865265	0.37419620017	0.0454400415352
-atə	0.640654574333	0.155102149693	0.0599350205116	0.144308255462
-ɓɓə	0.458667501272	0.324596064317	0.122060952232	0.0946754821799
-əfa	0.835227272727	0.130681818182	0.0	0.0340909090909
-cəa	0.24614800669	0.158421008932	0.0178217704342	0.577609213944
-gwa	0.440750251446	0.275782466723	0.0753441448653	0.208123136966
-gwe	0.533142785371	0.217670891562	0.0329125056669	0.216273817401
-gwi	0.0713297936785	0.810872941384	0.0849604167512	0.0328368481864
-etə	0.50217781194	0.268511401486	0.0954394055854	0.133871380989
-uɗi	0.671328671329	0.27972027972	0.00699300699301	0.041958041958
-elu	0.0652455977757	0.869508804449	0.0652455977757	0.0
-wɗa	0.148830072881	0.699271192942	0.101265822785	0.0506329113924
-iyo	0.0555555555555	0.922222222222	0.0111111111111	0.0111111111111
-eli	0.0142112742776	0.971577451445	0.0142112742776	0.0
-iyi	0.390806702683	0.476879406648	0.0734364984892	0.0588773921802
-vəa	0.330110834892	0.423562806076	0.100541371033	0.145784987998
-iya	0.0218608366215	0.936985202369	0.0325896398382	0.00856432117179
-zzi	0.510638297872	0.336170212766	0.0510638297873	0.102127659574
-i"i	0.101623147495	0.487649964714	0.262526464361	0.14820042343
-cci	0.830508474576	0.0677966101695	0.0338983050847	0.0677966101695
-vwi	0.423729823099	0.362016134903	0.107246146617	0.107007895381
-láa	0.184615384615	0.815384615385	0.0	0.0
-əɓə	0.231997971602	0.574036511156	0.0874746450304	0.106490872211
-hum	0.0155459146782	0.982646420824	0.00108459869848	0.000723065798987
-vwa	0.0188848920863	0.790467625899	0.124100719424	0.0665467625899
-itu	0.0	1.0	0.0	0.0
-əzi	0.449848825241	0.363732408305	0.0789770590448	0.107441707409
-esu	0.00759798592077	0.662515769372	0.00341929631661	0.32646694839
-uta	0.0	1.0	0.0	0.0
-ajə	0.103199639477	0.619197836864	0.00540784136999	0.272194682289
-ɗyə	0.222727272727	0.582761578045	0.0144082332762	0.180102915952
-ttə	0.569244604317	0.357913669065	0.0431654676259	0.0296762589928
-rrə	0.409013209013	0.30878010878	0.189898989899	0.0923076923077
-ita	0.329825823957	0.627797173894	0.0190398679335	0.0233371342157
-tu"	0.6	0.25	0.116666666667	0.0333333333333
-faa	0.482737916542	0.420594416091	0.0216151305914	0.0750525367757
-ərə	0.202941780659	0.359324217308	0.231482544328	0.206251457705
-udu	0.0	1.0	0.0	0.0
-fan	0.0337078651685	0.966292134831	0.0	0.0
-ɓyi	0.632206878187	0.262178930419	0.0121546658836	0.0934595255101
-acə	0.740659480718	0.103555952077	0.0199828848185	0.135801682386
-va"	0.0	0.974522292994	0.0254777070064	0.0
-fas	0.00354924578527	0.988464951198	0.00798580301686	0.0
-təw	0.708592777086	0.171855541718	0.0597758405977	0.0597758405978
-fat	0.041095890411	0.958904109589	0.0	0.0
-faz	0.0	0.876470588235	0.123529411765	0.0
-udi	0.0294057586277	0.966918521544	0.00245047988564	0.00122523994282
-ril	0.0	0.937062937063	0.0629370629371	0.0
-alá	0.137026381236	0.678890135076	0.109962451846	0.0741210318428
-amə	0.215242735825	0.423073209201	0.140090713964	0.22159334101
-abu	0.0	1.0	0.0	0.0
--sa	0.261337432744	0.623366641045	0.0830130668716	0.032282859339
-pə"	0.347290640394	0.43842364532	0.177339901478	0.0369458128079
-kwə	0.156400633506	0.101433278203	0.0103966754945	0.731769412796
-pwa	0.021978021978	0.648351648352	0.32967032967	0.0
-aba	0.227603605068	0.401206462685	0.0983571042762	0.272832827971
-hur	0.0756302521009	0.924369747899	0.0	0.0
-əwe	0.0329146560112	0.552441680702	0.362189634649	0.0524540286373
-"vi	0.308132875143	0.233676975945	0.355097365407	0.103092783505
-əti	0.0443732281524	0.84370762973	0.100825835079	0.0110933070381
-tul	0.0612244897959	0.328571428571	0.610204081633	0.0
-tun	0.023178807947	0.973509933775	0.0	0.00331125827814
-ilə	0.403256704981	0.415708812261	0.0862068965517	0.0948275862068
-tus	0.0439677522463	0.894910679405	0.0409489647335	0.0201726036154
-aɓə	0.395789372722	0.334372402327	0.236588017137	0.0332502078138
-kos	0.00787401574803	0.984251968504	0.00787401574802	0.0
-jəw	0.349302179708	0.28022581151	0.158773718049	0.211698290732
-ələ	0.496914060851	0.218080667357	0.0630158534453	0.221989418346
-a"u	0.0566666666666	0.906666666667	0.0333333333333	0.00333333333333
-wsi	0.130150875572	0.26920336747	0.0128340750209	0.587811681936
-əci	0.0347282058247	0.900708145337	0.0165729327557	0.0479907160826
-rus	0.0300669536542	0.927415807372	0.00743255337029	0.035084685603
-fəa	0.173821989529	0.116230366492	0.0	0.709947643979
-lis	0.0215749730313	0.881337648328	0.0	0.0970873786407
-lim	0.0	0.961538461538	0.0384615384615	0.0
-run	0.0333333333333	0.966666666667	0.0	0.0
-a"a	0.666887724261	0.176886439891	0.0299011500522	0.126324685796
-iɓə	0.176004736163	0.699341013422	0.0640934809826	0.0605607694324
-rə́	0.382690302398	0.421272158498	0.0980187695516	0.0980187695516
-lie	0.508902727481	0.30651790003	0.0308988124517	0.153680560037
-hə"	0.307692307692	0.653846153846	0.0384615384615	0.0
-a"i	0.216417910448	0.449253731343	0.0940298507462	0.240298507463
--ɗá	0.260180995475	0.588989441931	0.105580693816	0.0452488687783
-ə́w	0.335640138408	0.249134948097	0.0519031141868	0.363321799308
-ə́r	0.460317460317	0.34126984127	0.198412698413	0.0
-oda	0.31914893617	0.659574468085	0.0212765957447	0.0
-usə	0.864864864865	0.0720720720721	0.0630630630631	0.0
-ə́a	0.163470722965	0.228890851761	0.0407752431622	0.566863182112
-irə	0.0754716981132	0.849056603774	0.0754716981132	0.0
-rna	0.0	0.98125	0.01875	0.0
-izi	0.119623480193	0.880376519807	0.0	0.0
-rni	0.0	1.0	0.0	0.0
-uri	0.240366475975	0.0877774669093	0.00838784798756	0.663468209128
-əna	0.101844027929	0.849607766277	0.0298640382648	0.0186841675298
--yə	0.206046575856	0.379729196049	0.0808989816783	0.333325246417
-ura	0.380693623142	0.544510148634	0.0556177081669	0.0191785200575
-ure	0.167920929529	0.497939884372	0.0651999157563	0.268939270342
-kya	0.0597014925373	0.52736318408	0.412935323383	0.0
-kye	0.543072986475	0.261971487754	0.036554161082	0.158401364689
-ɗan	0.0113781823354	0.963732043806	0.0248897738586	0.0
-kyi	0.131127236186	0.713449831154	0.12758380949	0.0278391231699
-wza	0.147055664633	0.729107986202	0.0335939032309	0.0902424459339
-uru	0.0	1.0	0.0	0.0
-nci	0.51120227201	0.318396970653	0.142000631114	0.0284001262228
-waw	0.269230769231	0.603238866397	0.0283400809716	0.0991902834008
-uɓi	0.261809903244	0.647125782584	0.0	0.0910643141719
-wat	0.218181818182	0.727272727273	0.0	0.0545454545455
-was	0.0296979653734	0.947428282573	0.00859345381019	0.0142802982434
-war	0.0752688172043	0.666666666667	0.0	0.258064516129
-duv	0.203045685279	0.547761882787	0.249192431934	0.0
-paa	0.289389067524	0.353697749196	0.35691318328	0.0
-ɓya	0.0394500896593	0.193066347878	0.757919904363	0.00956365809922
-ɓye	0.342105263158	0.464912280702	0.0	0.19298245614
-byi	0.540864243128	0.40848414499	0.0250092333668	0.0256423785153
-mca	0.239583333333	0.697916666667	0.0625	0.0
-tsi	0.157074385769	0.338439107535	0.0381590555582	0.466327451138
-waa	0.161370423301	0.121889414464	0.271758539482	0.444981622753
-ə́"	0.444444444444	0.458585858586	0.0	0.0969696969696
-wan	0.548387096774	0.0	0.290322580645	0.161290322581
-wam	0.0	0.948717948718	0.0	0.051282051282
-wal	0.868131868132	0.131868131868	0.0	0.0
-dun	0.0563934426229	0.937704918033	0.00393442622952	0.00196721311476
-zob	0.0357142857143	0.964285714286	0.0	0.0
-mwə	0.0542199004782	0.810275266953	0.0262755740606	0.109229258508
-ggə	0.604026791171	0.19785705473	0.094801898565	0.103314255534
-anə	0.563125844108	0.381646110144	0.0210233648467	0.0342046809014
-sus	0.0510204081632	0.923469387755	0.0	0.0255102040816
-sur	0.00954198473282	0.969465648855	0.0171755725191	0.00381679389313
-sue	0.355329949239	0.159898477157	0.0228426395939	0.46192893401
-nus	0.0872913992298	0.851732991014	0.00385109114249	0.0571245186136
-die	0.0404964243338	0.408361393494	0.0159531368588	0.535189045313
-agə	0.0522348692353	0.156193993007	0.0880049505955	0.703566187162
-tsə	0.0961765884657	0.198045155684	0.0613461641202	0.64443209173
-uhə	0.238545487685	0.260759609031	0.425736483562	0.0749584197216
-dik	0.0488840608335	0.939265257752	0.0118506814141	0.0
-vaa	0.131221473593	0.666241034558	0.0855792219083	0.116958269941
-ti"	0.157434402332	0.807580174927	0.0	0.0349854227405
--ta	0.685714285714	0.285714285714	0.0285714285714	0.0
-ska	0.0119760479042	0.85628742515	0.0239520958084	0.107784431138
-uku	0.0	1.0	0.0	0.0
-məa	0.27465341355	0.570378120731	0.0654517975993	0.0895166681199
-uka	0.0126582278481	0.93670886076	0.0	0.0506329113924
-afa	0.0734707704903	0.814495126651	0.0921031272718	0.0199309755874
-nna	0.0	1.0	0.0	0.0
-anu	0.0	0.995041322314	0.00165289256198	0.00330578512397
-kki	0.34184823441	0.370147758578	0.215877786126	0.0721262208865
-di"	0.475374732334	0.10278372591	0.396145610278	0.0256959314775
-tis	0.0592592592593	0.844444444444	0.0962962962963	0.0
-"yə	0.0350089766607	0.89407540395	0.0359066427289	0.0350089766607
-"ká	0.187891440501	0.334029227557	0.206680584551	0.27139874739
-mnə	0.122730654955	0.838412746317	0.0165989353786	0.0222576633486
-vwe	0.0248962655602	0.846011987091	0.115260488704	0.0138312586445
-wtə	0.526816587782	0.373372244157	0.0926993157907	0.00711185226967
-nga	0.193471433908	0.411964386395	0.0800427673473	0.31452141235
-waá	0.0579233709717	0.0132286797778	0.00316271884342	0.925685230407
-ngi	0.274860568515	0.432007030305	0.266507730725	0.0266246704544
-əhi	0.457948853151	0.229369891906	0.271552860533	0.0411283944107
-ndə	0.394009316559	0.119749815935	0.133494480545	0.352746386961
-uwa	0.08125	0.86875	0.0375	0.0125
-alə	0.112168325194	0.414822372449	0.116072732745	0.356936569612
-kaá	0.0286738351254	0.10712863401	0.00132749236692	0.862870038497
-uwi	0.0175739329598	0.201812131776	0.00201668083145	0.778597254433
-mmm	0.333333333333	0.666666666667	0.0	0.0
-əga	0.0473518063837	0.90213960014	0.012627148369	0.0378814451069
-mmi	0.413085731682	0.411844601082	0.0386858066178	0.136383860619
-əge	0.218796618598	0.489308801591	0.0696171059175	0.222277473894
-jaa	0.110538193424	0.839046852411	0.0279326097403	0.0224823444251
-wwi	0.426012696493	0.368991837969	0.0309854897219	0.174009975816
-ifə	0.00438007358524	0.0320913391345	0.105121766046	0.858406821235
-əgi	0.152538691284	0.311105077383	0.0659245180559	0.470431713277
-oni	0.0454545454546	0.522727272727	0.0454545454545	0.386363636364
-mdi	0.105338846556	0.393387419881	0.0111738083744	0.490099925189
-zaa	0.187559808612	0.450717703349	0.20956937799	0.152153110048
-mda	0.0193995543248	0.934761780544	0.0128244865657	0.0330141785654
-mcə	0.188975203695	0.743362267811	0.0297523174939	0.0379102110003
-cie	0.167979002625	0.541732283465	0.0251968503937	0.265091863517
-rə"	0.44224555735	0.373586429726	0.0872374798062	0.0969305331179
-hə́	0.392823418319	0.558073654391	0.0491029272899	0.0
-ciw	0.832298136646	0.055900621118	0.0372670807454	0.0745341614907
-ɓɓi	0.326597487712	0.406881485527	0.0185690879301	0.247951938831
-́kə	0.275915053377	0.685252457629	0.0367886737837	0.0020438152102
-wɗə	0.065353711337	0.479951318297	0.451913961373	0.00278100899305
-ggi	0.416649670017	0.32695053305	0.219453298417	0.0369464985165
-eta	0.489991238121	0.300089544478	0.0977286513445	0.112190566056
-iri	0.141848429639	0.367539962156	0.308513124368	0.182098483838
-gwə	0.569142182951	0.241442989599	0.14497864755	0.0444361798992
-uyi	0.543860814131	0.341257719636	0.0770303473006	0.0378511189322
-atu	0.0505232767954	0.920348507501	0.0144352219415	0.0146929937619
-ats	0.637362637363	0.032967032967	0.263736263736	0.0659340659339
-əfə	0.0928540889418	0.0530159715593	0.0613209481026	0.792808991396
-wde	0.386592741935	0.225806451613	0.387600806452	0.0
-wem	0.370473537604	0.571030640669	0.058495821727	0.0
-ata	0.78840619599	0.129983041273	0.0319074167919	0.0497033459454
-bus	0.0212423559704	0.976504666881	0.00128741551336	0.000965561635018
-atl	0.724137931034	0.0344827586207	0.0	0.241379310345
-kwá	0.0910424058305	0.133902964579	0.598871610443	0.176183019147
-wee	0.167971853365	0.20202020202	0.531040744524	0.0989672000908
-ati	0.153907496013	0.291866028708	0.243540669856	0.310685805423
-uli	0.0377239718409	0.0680131918067	0.8853436027	0.0089192336523
-niw	0.425249169435	0.405315614618	0.129568106312	0.0398671096346
-oso	0.125252525253	0.862626262626	0.0121212121212	0.0
-ula	0.0113452698779	0.952349866513	0.0363048636092	0.0
-osi	0.0229591836735	0.93112244898	0.0382653061224	0.00765306122448
-gəa	0.428563888742	0.246345067821	0.0716208370718	0.253470206365
-ule	0.334478224569	0.426954439328	0.0237577430144	0.214809593089
-əri	0.135675004999	0.450597877069	0.319448122492	0.0942789954399
-aca	0.0814977973568	0.727973568282	0.140969162996	0.0495594713656
-nie	0.184713375796	0.305732484076	0.127388535032	0.382165605096
-kas	0.0432	0.8944	0.0288	0.0336
-kar	0.0	0.982456140351	0.0	0.0175438596491
-kaw	0.483128834356	0.516871165644	0.0	0.0
-oma	0.0478987558071	0.803225289689	0.128157206173	0.0207187483313
-ulu	0.0168653024511	0.941983359568	0.00168653024511	0.0394648077356
-tta	0.00757575757577	0.992424242424	0.0	0.0
-aji	0.0731707317073	0.878048780488	0.0487804878049	0.0
-"ul	0.0240963855421	0.927710843374	0.0240963855422	0.0240963855421
-itə	0.45579783086	0.140469522464	0.0379722003485	0.365760446328
-fis	0.205128205128	0.74358974359	0.051282051282	0.0
-tti	0.668103448276	0.231681034483	0.042025862069	0.0581896551724
-aja	0.0544388057734	0.907147093992	0.0220316163109	0.0163824839235
-mə́	0.462879489191	0.0890204699358	0.0390972460038	0.40900279487
-shi	0.0635442109886	0.842566491613	0.0478414194929	0.046047877905
-kəa	0.481576417815	0.295418135213	0.131368151234	0.0916372957385
-ome	0.0366972477064	0.908256880734	0.0366972477064	0.0183486238532
-əɓi	0.210776545166	0.456418383518	0.177496038035	0.155309033281
-ngə	0.207160585847	0.132535554124	0.178177776148	0.482126083881
-sha	0.249765448763	0.239864887475	0.0313520834676	0.479017580294
-əɓe	0.00903263139607	0.58675711363	0.399693939276	0.00451631569804
-am"	0.0731707317073	0.756097560976	0.121951219512	0.0487804878049
-kən	0.381338742393	0.547667342799	0.0608519269777	0.0101419878296
-əɓa	0.139206059916	0.421994390049	0.125430169855	0.31336938018
-fie	0.604166666667	0.3125	0.03125	0.0520833333333
-əle	0.26650204548	0.344580400251	0.216157446652	0.172760107618
-yum	0.0816326530612	0.918367346939	0.0	0.0
-əla	0.100204652879	0.718584083687	0.10021921892	0.0809920445138
-rəa	0.193651318737	0.190625839932	0.364587425311	0.251135416021
-vie	0.480541455161	0.397631133672	0.0524534686971	0.0693739424704
-ni"	0.0	0.900826446281	0.0	0.099173553719
-ncə	0.608410266902	0.254976174036	0.0418893691021	0.0947241899598
-ətə	0.666203286864	0.169424479887	0.0433221829651	0.121050050284
-yus	0.186440677966	0.71186440678	0.101694915254	0.0
-ili	0.00612843058886	0.973887556621	0.0162536637357	0.00373034905409
-iga	0.537313432836	0.194029850746	0.10447761194	0.164179104478
-ige	0.450813871196	0.198867657466	0.15923566879	0.191082802548
-́nə	0.267929350248	0.518122795302	0.0577056557596	0.156242198691
-igi	0.050898544131	0.627606536245	0.054500303306	0.266994616318
-pwə	0.299605871161	0.375781462354	0.265697200326	0.0589154661593
-amu	0.0120108097288	0.773767819609	0.00607689777943	0.208144472883
-njə	0.133388555828	0.277063937655	0.0404514290827	0.549096077434
-ami	0.0394477317554	0.941157133465	0.0193951347797	0.0
-kwi	0.166947103182	0.727735254615	0.0534743338176	0.0518433083853
-ama	0.099818850121	0.609919653722	0.129785041021	0.160476455136
-kwa	0.0840967669259	0.127534206997	0.00906029312768	0.77930873295
-sti	0.00508108345578	0.9780686796	0.00600018728908	0.0108500496547
-him	0.0248139918396	0.932944154969	0.0386804066243	0.00356144656669
-bəa	0.258519388954	0.401096748923	0.340383862123	0.0
-ɓəa	0.601307189543	0.202614379085	0.156862745098	0.0392156862745
-ira	0.123623645323	0.0523013795986	0.00247981226114	0.821595162817
-rfa	0.011396011396	0.954415954416	0.034188034188	0.0
-yie	0.306595116618	0.49749702506	0.128628437249	0.067279421073
-iru	0.0	1.0	0.0	0.0
-tsá	0.422482267128	0.0246399967485	0.0180956493995	0.534782086724
-uza	0.1	0.9	0.0	0.0
-epe	0.0645161290323	0.790322580645	0.112903225806	0.0322580645161
-ɗif	0.478476821192	0.438741721854	0.0331125827814	0.0496688741722
-iɓe	0.111540491309	0.867213700822	0.0212458078684	0.0
-ləa	0.097082196929	0.381314184067	0.130739694251	0.390863924753
-wsə	0.47191011236	0.443820224719	0.0393258426966	0.0449438202247
-əcə	0.244499126281	0.461821137183	0.00902122607828	0.284658510458
-ləw	0.371134020619	0.139175257732	0.324742268041	0.164948453608
-daá	0.47915960354	0.209320654214	0.0158399868939	0.295679755352
-wa"	0.341758820432	0.421274354924	0.0947867298578	0.142180094787
-vvi	0.17495120457	0.241498197775	0.516590446069	0.0669601515864
-wtá	0.110119047619	0.83630952381	0.015625	0.0379464285714
-hi"	0.15	0.592857142857	0.242857142857	0.0142857142857
-apə	0.0796504986412	0.293622236192	0.436309199116	0.19041806605
-byə	0.125	0.675	0.175	0.025
-kyə	0.164212925486	0.655470856261	0.120999813645	0.0593164046078
-lə"	0.566820276498	0.405529953917	0.0	0.0276497695853
-urə	0.207560717093	0.685680072035	0.0785519277312	0.0282072831398
--ye	0.191632684664	0.706163216848	0.085170082073	0.0170340164146
-ndá	0.378832838773	0.387734915925	0.105835806133	0.127596439169
-əɗa	0.4048	0.4896	0.0576	0.048
-əɗi	0.722611582351	0.277388417649	0.0	0.0
-uhu	0.0320945945946	0.944256756757	0.0	0.0236486486486
-sda	0.0	0.897727272727	0.0	0.102272727273
-ta"	0.403409090909	0.528409090909	0.0340909090909	0.0340909090909
-evə	0.2	0.675	0.125	0.0
-gəw	0.118811881188	0.762376237624	0.0	0.118811881188
-agi	0.433962264151	0.469002695418	0.0646900269541	0.032345013477
-hwi	0.368387716076	0.464169895069	0.0821139678771	0.0853284209777
-əre	0.104517271922	0.654561558902	0.0938883968113	0.147032772365
-tsa	0.110186434986	0.0164445898292	0.00564986508088	0.867719110104
-tse	0.109589041096	0.575342465753	0.0821917808219	0.232876712329
-rta	0.00131521262604	0.916264796142	0.0	0.0824199912319
-ulə	0.0514384495106	0.463741733495	0.441053635831	0.0437661811631
-ona	0.0194805194805	0.95670995671	0.012987012987	0.0108225108225
