jer-	0.00328130542745	0.984524654133	0.000266051791415	0.0119279886484
kud-	0.223761321257	0.639850825786	0.0671283963772	0.0692594565796
gin-	0.562970688225	0.324889609561	0.0381423828546	0.0739973193596
fig-	0.0	1.0	0.0	0.0
del-	0.0689655172414	0.931034482759	0.0	0.0
son-	0.0909090909091	0.727272727273	0.121212121212	0.0606060606061
dok-	0.0363636363636	0.945454545455	0.0181818181818	0.0
maa-	0.115989183157	0.124134948589	0.613555337095	0.146320531159
jac-	0.0	0.993529253168	0.0	0.00647074683202
niy-	0.061497862478	0.00558522788473	0.000668555956277	0.932248353681
pro-	0.0116753755715	0.971505551927	0.00285760940562	0.013961463096
coo-	0.0	1.0	0.0	0.0
dru-	0.0409836065574	0.614754098361	0.344262295082	0.0
nas-	0.649789468643	0.180869128906	0.0664036841379	0.102937718313
mah-	0.459769596619	0.191688623524	0.227961019291	0.120580760566
eda-	0.0404984423676	0.16199376947	0.772585669782	0.0249221183801
tum-	0.180739927822	0.629297427347	0.120190785725	0.0697718591056
eno-	0.0383141762452	0.954022988506	0.00766283524903	0.0
mar-	0.0151230312355	0.906589386519	0.00414329622891	0.0741442860163
bis-	0.0993783723045	0.170732366538	0.00822539241201	0.721663868745
lis-	0.0565152084116	0.875140818626	0.0582050319189	0.0101389410439
san-	0.0275236018274	0.0362049808697	0.00220632109932	0.934065096204
sak-	0.0761563695942	0.871132780709	0.00964425641148	0.0430665932858
duo-	0.0525557019539	0.746237791656	0.00401774899704	0.197188757393
bap-	0.170818505338	0.807829181495	0.0213523131672	0.0
uwa-	0.112656467316	0.86230876217	0.0250347705146	0.0
seg-	0.0	1.0	0.0	0.0
euf-	0.0	1.0	0.0	0.0
der-	0.0285714285714	0.971428571429	0.0	0.0
hat-	0.747631500466	0.105774087678	0.0247854713687	0.121808940487
kat-	0.0861961679762	0.531367769718	0.233070769854	0.149365292452
neg-	0.11647429171	0.830010493179	0.0346274921301	0.01888772298
ayu-	0.882529200918	0.063648390416	0.018996144235	0.0348262644308
mil-	0.0256035934868	0.828860190904	0.130039303762	0.0154969118473
dis-	0.0425531914894	0.957446808511	0.0	0.0
tib-	0.0265134776845	0.895271763146	0.0702607158639	0.00795404330535
gan-	0.0893121379952	0.0369629947273	0.00901048492792	0.86471438235
ari-	0.014261567716	0.944538347771	0.041200084513	0.0
itl-	0.0	1.0	0.0	0.0
ini-	0.131464207702	0.0410288453318	0.0110221952931	0.816484751673
bay-	0.205610094134	0.443405735357	0.0365304713527	0.314453699157
mig-	0.0086956521739	0.991304347826	0.0	0.0
uga-	0.111935697877	0.158261927186	0.0269503185038	0.702852056433
paf-	0.0	1.0	0.0	0.0
hum-	0.368098159509	0.3306066803	0.113156100886	0.188139059305
fes-	0.0177595628416	0.972677595628	0.00273224043716	0.00683060109289
uli-	0.0803798094359	0.523391909268	0.106063103755	0.290165177541
abr-	0.039180811058	0.905783108039	0.0482518548633	0.00678422603923
aml-	0.185185185185	0.296296296296	0.351851851852	0.166666666667
zaq-	0.0	0.945945945946	0.0486486486487	0.0054054054054
sug-	0.301260190879	0.552514595442	0.0191791502519	0.127046063427
adm-	0.0	1.0	0.0	0.0
zac-	0.0289634146341	0.948170731707	0.0015243902439	0.0213414634146
dah-	0.392405063291	0.602848101266	0.0	0.00474683544303
her-	0.0273897261027	0.916070839292	0.0439995600044	0.0125398746013
mul-	0.140889167188	0.859110832812	0.0	0.0
gaw-	0.556390977444	0.398496240602	0.0451127819549	0.0
ate-	0.0	1.0	0.0	0.0
tii-	0.0143448275862	0.955954022989	0.00165517241379	0.0280459770115
har-	0.0210765082116	0.940932233915	0.02667419515	0.0113170627233
kam-	0.141921377135	0.188416165722	0.0105685671517	0.659093889992
ibi-	0.498721183799	0.33371905339	0.0277067324333	0.139853030377
sin-	0.147574625556	0.114258773103	0.0232348287262	0.714931772615
bod-	0.0404494382022	0.919101123596	0.0	0.0404494382022
dor-	0.0	1.0	0.0	0.0
tag-	0.0510623199475	0.583251642614	0.0309799550012	0.334706082438
pat-	0.316573159545	0.273412763508	0.365902549077	0.0441115278698
buh-	0.137927152498	0.752083223925	0.082891207716	0.0270984158611
gni-	0.0604026845638	0.939597315436	0.0	0.0
luw-	0.52528837622	0.332741792369	0.0674356699201	0.0745341614907
alt-	0.00424808836024	0.988954970263	0.00679694137636	0.0
maw-	0.627725437416	0.215612382234	0.0629878869448	0.0936742934051
awt-	0.0171455050973	0.954587581094	0.00525177633612	0.0230151374729
lat-	0.185779458447	0.704938507173	0.0546410171903	0.0546410171902
jor-	0.0	1.0	0.0	0.0
noy-	0.0875	0.425	0.4625	0.025
sil-	0.0927220509281	0.0494484312428	0.00540765673644	0.852421861093
him-	0.391524226549	0.43014440685	0.0798873331476	0.0984440334536
saw-	0.139711465452	0.76411035181	0.0242976461656	0.071880536573
igt-	0.181818181818	0.4	0.290909090909	0.127272727273
jam-	0.0229445506692	0.889101338432	0.0305927342256	0.057361376673
rek-	0.341317365269	0.51497005988	0.0898203592815	0.0538922155689
nig-	0.037037037037	0.925925925926	0.037037037037	0.0
por-	0.0636515912898	0.900614182021	0.0290340591848	0.00670016750417
alf-	0.0	1.0	0.0	0.0
pas-	0.174322871311	0.702278687326	0.0823458867241	0.0410525546388
cos-	0.0	1.0	0.0	0.0
dam-	0.00086956521739	0.997391304348	0.0	0.00173913043478
sig-	0.352299298519	0.336710833983	0.16134060795	0.149649259548
ezr-	0.0	1.0	0.0	0.0
nai-	0.435152941536	0.222679429699	0.270710935208	0.0714566935575
bak-	0.00805724480596	0.980432405471	0.00633069234753	0.00517965737525
276-	0.0	0.166666666667	0.0	0.833333333333
ped-	0.0219280745277	0.956161199105	0.00194299394549	0.019967732422
say-	0.497460854846	0.230462688673	0.183559035125	0.088517421357
ayh-	0.185367908068	0.153420371819	0.0270741832622	0.634137536851
gug-	0.114150129422	0.862985332183	0.00440034512511	0.0184641932701
epa-	0.0	1.0	0.0	0.0
500-	0.0208333333333	0.0104166666667	0.015625	0.953125
ele-	0.0	1.0	0.0	0.0
sap-	0.0729420024424	0.793973470109	0.0413020947255	0.0917824327232
asi-	0.0145343741995	0.975083929944	0.0103816958568	0.0
lua-	0.0339162936643	0.0366849706981	0.0389922015597	0.890406534078
tip-	0.675928120999	0.201744820065	0.0341377838888	0.0881892750462
153-	0.0392156862745	0.0196078431372	0.0392156862745	0.901960784314
usi-	0.416634127294	0.49433814916	0.0257711831316	0.0632565404139
tol-	0.0171837708831	0.95799522673	0.0133651551313	0.0114558472554
mel-	0.0525143220878	0.944302991725	0.00318268618714	0.0
kri-	0.033393501805	0.756768953069	0.207129963899	0.00270758122744
mir-	0.0189633375474	0.965865992415	0.0151706700379	0.0
isa-	0.0188878468817	0.133819506647	0.0569299636731	0.790362682798
joe-	0.0384615384615	0.923076923077	0.0	0.0384615384615
mus-	0.0483870967742	0.848790322581	0.102822580645	0.0
eut-	0.0344827586207	0.965517241379	0.0	0.0
pud-	0.0307692307692	0.969230769231	0.0	0.0
dio-	0.0255372220351	0.935754522061	0.0104326461381	0.0282756097662
igu-	0.664	0.312	0.024	0.0
yah-	0.338686820973	0.635805384979	0.0	0.0255077940482
bab-	0.0185519741842	0.843415855771	0.0133564246645	0.124675745381
ita-	0.470863495773	0.433589970294	0.0610593234599	0.0344872104727
tuh-	0.242280285036	0.432304038005	0.125890736342	0.199524940617
siy-	0.0172620009698	0.880103442702	0.0143526749636	0.0882818813642
hur-	0.0344544708778	0.854799015587	0.0959803117309	0.0147662018048
moi-	0.0366759888134	0.950139832201	0.00383539752297	0.00934878146224
kom-	0.0101914762199	0.8786287832	0.105620753552	0.00555898702902
ali-	0.252072020577	0.495855958845	0.0420120034296	0.210060017148
jud-	0.0214803285954	0.848885269896	0.102083097125	0.0275513043837
tua-	0.0238095238095	0.97619047619	0.0	0.0
uba-	0.109412171797	0.79934061157	0.0275994667595	0.0636477498741
cis-	0.0	1.0	0.0	0.0
mal-	0.216793678083	0.206729962213	0.424297004273	0.152179355432
sab-	0.345362563238	0.479932546374	0.0313659359191	0.143338954469
joa-	0.0	1.0	0.0	0.0
nin-	0.103960507038	0.0361161887418	0.007501538934	0.852421765287
gra-	0.0128704487722	0.852599491956	0.124572396274	0.00995766299746
utd-	0.827957813578	0.0447820039645	0.0260653385756	0.101194843882
sir-	0.0679875006879	0.873073694759	0.0176082735594	0.0413305309937
lim-	0.0397512769265	0.112591605596	0.011769931157	0.83588718632
mab-	0.49511360017	0.170683392568	0.270333383959	0.0638696233027
esr-	0.0	1.0	0.0	0.0
and-	0.0567951318459	0.91299469164	0.0290017694532	0.00120840706055
apa-	0.0831921360667	0.119265343077	0.164133738602	0.633408782254
ALL	0.209213992505	0.257645701149	0.0470214871374	0.486118819208
ana-	0.0834967130465	0.824568319706	0.0192242484827	0.0727107187652
puk-	0.849056603774	0.0	0.0	0.150943396226
mae-	0.0	0.977435918629	0.0	0.0225640813712
cil-	0.0	1.0	0.0	0.0
per-	0.0386176650223	0.0317096155223	0.00186451617895	0.927808203276
ger-	0.0	0.962962962963	0.0	0.037037037037
kuw-	0.11027417897	0.780398570998	0.0456247578875	0.0637024921448
arm-	0.0255863539446	0.974413646055	0.0	0.0
cal-	0.0	1.0	0.0	0.0
dag-	0.0810742146636	0.829390461388	0.0602128602884	0.0293224636598
ots-	0.0	0.0769230769231	0.0	0.923076923077
zor-	0.0	1.0	0.0	0.0
tel-	0.0338809034907	0.966119096509	0.0	0.0
sob-	0.0623229461756	0.0855822275235	0.273296555837	0.578798270464
lid-	0.0	0.991228070175	0.0	0.00877192982455
guy-	0.0964125560538	0.871076233184	0.00784753363231	0.0246636771301
gas-	0.938775510204	0.0612244897959	0.0	0.0
ata-	0.0	1.0	0.0	0.0
ign-	0.38679245283	0.14465408805	0.449685534591	0.0188679245283
far-	0.00285678009142	0.992572371762	0.0	0.00457084814627
dap-	0.336078928876	0.0367685926257	0.0483821819244	0.578770296574
ins-	0.0562227074236	0.872816593886	0.0665938864629	0.00436681222707
baw-	0.232514560269	0.233444018859	0.417784140738	0.116257280134
agd-	0.654287796176	0.194452121913	0.0158295434559	0.135430538456
lum-	0.661141719524	0.154127505903	0.145840085189	0.0388906893838
lol-	0.147058823529	0.823529411765	0.0294117647059	0.0
lev-	0.0307212822796	0.943900267142	0.0173642030276	0.0080142475512
num-	0.0263157894737	0.956140350877	0.0	0.0175438596491
sag-	0.58950617284	0.231481481481	0.0555555555555	0.123456790123
adi-	0.0	1.0	0.0	0.0
ami-	0.0276497186689	0.855370702347	0.0425380287214	0.0744415502625
kur-	0.101446051168	0.861179087875	0.0106785317019	0.0266963292547
ome-	0.0234697959728	0.923723163088	0.0528070409388	0.0
amb-	0.298418972332	0.65744400527	0.0105401844532	0.0335968379447
imn-	0.0	0.41935483871	0.516129032258	0.0645161290323
cau-	0.0737704918033	0.901639344262	0.0	0.0245901639344
haw-	0.558776167472	0.257648953301	0.164251207729	0.0193236714976
bug-	0.052871668302	0.239180018396	0.277499284925	0.430449028378
jai-	0.0785714285714	0.885714285714	0.0214285714285	0.0142857142857
tal-	0.163254729602	0.589451084625	0.202012652311	0.0452815334624
gid-	0.371329834121	0.0210487011001	0.0431381174885	0.56448334729
alp-	0.0	0.966762350808	0.0332376491917	0.0
paa-	0.111485940139	0.113575881068	0.0111711526347	0.763767026158
bin-	0.113438211773	0.808754477876	0.0482053794909	0.0296019308608
lem-	0.0	0.979591836735	0.0204081632653	0.0
rod-	0.0338983050847	0.966101694915	0.0	0.0
kab-	0.117195653269	0.683560429629	0.0424061906387	0.156837726463
450-	0.0666666666666	0.2	0.0333333333333	0.7
sud-	0.641221374046	0.312977099237	0.030534351145	0.0152671755725
dak-	0.113865008231	0.0461945225069	0.675457704907	0.164482764355
lac-	0.0576923076923	0.596153846154	0.346153846154	0.0
pon-	0.0	0.993174061433	0.0	0.00682593856655
esk-	0.03436020635	0.96563979365	0.0	0.0
hig-	0.207024878471	0.631680920646	0.0260436414281	0.135250559455
sik-	0.443284620738	0.26791927627	0.254001391788	0.0347947112039
nga-	0.16351297913	0.034013221017	0.000683637714412	0.801790162139
ben-	0.0500438981563	0.848990342406	0.064091308165	0.036874451273
lai-	0.107199159222	0.139779295849	0.260465930986	0.492555613943
pin-	0.204178630473	0.289770924701	0.468020812719	0.0380296321072
hug-	0.423506866816	0.273075694666	0.0574896199297	0.245927818588
bun-	0.144774862418	0.677376270154	0.158065336824	0.0197835306038
ili-	0.296738902691	0.578762459218	0.0609117303721	0.0635869077195
lam-	0.0619289938503	0.134239739081	0.083226909248	0.720604357821
til-	0.498727735369	0.368956743003	0.10941475827	0.0229007633587
gat-	0.0200333889816	0.91652754591	0.00333889816361	0.060100166945
lar-	0.0163678485093	0.872784045125	0.0591760676874	0.0516720386785
cua-	0.0689655172414	0.931034482759	0.0	0.0
bee-	0.075	0.925	0.0	0.0
sat-	0.0729550478998	0.903463522476	0.0103168754606	0.0132645541636
pur-	0.0400410677618	0.137577002053	0.822381930185	0.0
esl-	0.0	1.0	0.0	0.0
saf-	0.0104384133612	0.544885177453	0.0	0.444676409186
nad-	0.716820525117	0.112336650282	0.094952643568	0.0758901810334
yad-	0.487190043758	0.159742154049	0.0692255211029	0.28384228109
sun-	0.408599769958	0.133536854304	0.0140792694001	0.443784106338
eub-	0.0	1.0	0.0	0.0
fle-	0.0	1.0	0.0	0.0
ban-	0.15249488887	0.752416127444	0.0407579353699	0.0543310483167
hal-	0.110846531659	0.182761528102	0.0209219322904	0.685470007949
nau-	0.422419539999	0.152651948652	0.266635228002	0.158293283347
ter-	0.0	0.989958158996	0.0100418410042	0.0
nag-	0.724868861423	0.141985997915	0.0426790361957	0.0904661044666
dab-	0.429809358752	0.487001733102	0.0623916811092	0.0207972270364
did-	0.31505808848	0.0372452635935	0.0148627779516	0.632833869975
puy-	0.0202247191011	0.96404494382	0.0157303370786	0.0
nam-	0.0760208463933	0.0497738966585	0.0146094483715	0.859595808577
arq-	0.0921052631579	0.894736842105	0.0	0.0131578947368
ale-	0.0115567641061	0.894629503739	0.0938137321549	0.0
ker-	0.367688022284	0.506963788301	0.08356545961	0.041782729805
sid-	0.0525376179546	0.616934455496	0.318286151492	0.0122417750574
oli-	0.0117312477782	0.944543192321	0.037326697476	0.00639886242446
luc-	0.00787401574803	0.984251968504	0.0	0.00787401574803
jec-	0.0	1.0	0.0	0.0
ula-	0.0115384615385	0.653205128205	0.316025641026	0.0192307692308
kon-	0.099594907491	0.0648268023152	0.00473427101737	0.830844019176
eli-	0.00972421058318	0.983792982361	0.0	0.00648280705545
col-	0.0	1.0	0.0	0.0
jul-	0.0152284263959	0.918781725888	0.0659898477157	0.0
hel-	0.0380952380952	0.952380952381	0.0	0.0095238095238
tuk-	0.101029597118	0.877906316997	0.00936181594908	0.0117022699364
ene-	0.0	1.0	0.0	0.0
pan-	0.160802352871	0.7515027033	0.0455270814143	0.0421678624143
nim-	0.397557666214	0.268656716418	0.0407055630937	0.293080054274
tor-	0.36076275554	0.61839317414	0.0160339002462	0.00481017007388
sen-	0.0881801125703	0.844277673546	0.0675422138837	0.0
jod-	0.0	1.0	0.0	0.0
lin-	0.0556889438047	0.889102089788	0.0257915565284	0.029417409879
pug-	0.0731707317073	0.791158536585	0.114329268293	0.0213414634146
ina-	0.229838205969	0.338778097499	0.0276222134281	0.403761483104
cre-	0.0	1.0	0.0	0.0
mai-	0.189109611303	0.268120375504	0.445538496836	0.0972315163566
cip-	0.0	0.986254295533	0.0137457044674	0.0
pen-	0.0129032258065	0.974193548387	0.0129032258065	0.0
rab-	0.116883116883	0.720779220779	0.0	0.162337662338
ape-	0.08	0.92	0.0	0.0
jon-	0.00218350827393	0.997816491726	0.0	0.0
dun-	0.188009970855	0.513326241751	0.236941291563	0.0617224958314
got-	0.0116339193381	0.965098241986	0.0232678386763	0.0
hul-	0.497331392528	0.409509946628	0.0363901018923	0.056768558952
isr-	0.0138022697066	0.960229015438	0.0173806359268	0.00858807892854
lab-	0.0751804535642	0.0773013014158	0.434512430295	0.413005814725
upa-	0.162248144221	0.837751855779	0.0	0.0
ber-	0.0133928571429	0.972718253968	0.00396825396825	0.00992063492063
tia-	0.0	1.0	0.0	0.0
obr-	0.413268832066	0.477539737388	0.0760193503801	0.0331720801658
nal-	0.537906105511	0.244685424508	0.145026715448	0.0723817545337
kau-	0.0752962128983	0.344743961336	0.154283416625	0.425676409141
iba-	0.0900368563589	0.31594477937	0.145639317358	0.448379046913
ino-	0.642201834862	0.0275229357798	0.119266055046	0.211009174312
bas-	0.213123991252	0.290406746316	0.0561556313211	0.440313631111
dir-	0.302682960445	0.0577479671062	0.0283916019663	0.611177470483
teo-	0.0753911806543	0.881934566145	0.0341394025604	0.00853485064012
men-	0.135262397441	0.788366272769	0.0147066412095	0.0616646885804
sah-	0.0492782414634	0.658922328719	0.135708664972	0.156090764845
pun-	0.140003217467	0.597867898428	0.194735593118	0.0673932909864
dug-	0.0817327972581	0.784075929344	0.0428387819668	0.0913524914316
ito-	0.0	0.02	0.98	0.0
tur-	0.164948453608	0.577319587629	0.20618556701	0.0515463917526
day-	0.0635806137875	0.0906012335737	0.0222522751181	0.823565877521
tah-	0.326113366739	0.592912906145	0.0244030410485	0.056570686067
666-	0.0	0.0	0.0	1.0
tud-	0.398538858798	0.343620103288	0.108451946089	0.149389091825
cai-	0.00284900284901	0.992877492877	0.0014245014245	0.00284900284901
sod-	0.00948811256214	0.990511887438	0.0	0.0
kun-	0.104340543785	0.0708621689519	0.0128910125315	0.811906274732
adl-	0.0136055685709	0.916635277863	0.0116377861519	0.0581213674145
kan-	0.110511871669	0.712985555101	0.131247574669	0.0452549985599
zab-	0.0	1.0	0.0	0.0
agi-	0.14125956445	0.795173631548	0.0211889346675	0.0423778693349
lig-	0.598684210526	0.190789473684	0.0328947368421	0.177631578947
ref-	0.0	1.0	0.0	0.0
gap-	0.634207240949	0.315855181024	0.0349563046192	0.0149812734082
sio-	0.048	0.94	0.0	0.012
bum-	0.217245989305	0.684993315508	0.0977606951872	0.0
luh-	0.280773143438	0.707019328586	0.0	0.0122075279756
daw-	0.127998943179	0.10335540726	0.10152301569	0.667122633871
gir-	0.274752475248	0.539603960396	0.059405940594	0.126237623762
met-	0.0634920634921	0.771428571429	0.0888888888889	0.0761904761904
100-	0.0461553504418	0.195448891319	0.0303177301921	0.728078028047
mna-	0.0	1.0	0.0	0.0
nef-	0.0	1.0	0.0	0.0
ces-	0.0291637385805	0.919184820801	0.0	0.0516514406184
waa-	0.375	0.303125	0.176041666667	0.145833333333
tuy-	0.52196969697	0.292424242424	0.0477272727273	0.137878787879
hil-	0.136899035336	0.510777711329	0.277438310929	0.0748849424062
abo-	0.0138888888889	0.986111111111	0.0	0.0
bub-	0.0510638297872	0.568794326241	0.0	0.380141843972
ilu-	0.716049382716	0.259259259259	0.0123456790123	0.0123456790123
mat-	0.240497477466	0.296363373326	0.30999046373	0.153148685479
mad-	0.148213792034	0.143363486769	0.578841140456	0.129581580742
has-	0.0385852090032	0.924758842444	0.0366559485531	0.0
par-	0.0692640518781	0.406149010284	0.0566533062377	0.4679336316
seb-	0.00646551724138	0.967672413793	0.0	0.0258620689655
ala-	0.133865454963	0.758089599716	0.0394354277721	0.0686095175496
but-	0.0549719469776	0.779530698482	0.0395381975982	0.125959156943
reu-	0.0	1.0	0.0	0.0
guh-	0.52380952381	0.452380952381	0.0	0.0238095238095
nah-	0.438656075883	0.112553563488	0.147105022778	0.30168533785
bib-	0.106399383192	0.814957594449	0.0323824209715	0.0462606013878
feb-	0.0	1.0	0.0	0.0
tha-	0.191387559809	0.688995215311	0.0	0.11961722488
anu-	0.542372881356	0.457627118644	0.0	0.0
hik-	0.43257918552	0.545701357466	0.0217194570136	0.0
tre-	0.0	0.106990014265	0.427009034712	0.466000951022
gay-	0.0217391304348	0.9375	0.0054347826087	0.0353260869566
ipa-	0.728002820367	0.182864583743	0.0290525487478	0.0600800471422
kin-	0.267607194103	0.336811148485	0.116558140641	0.279023516772
gob-	0.0395265743636	0.953774006253	0.0	0.00669941938365
dan-	0.0434115325586	0.869765402324	0.0868230651173	0.0
lug-	0.111253709794	0.792091120558	0.0104275286757	0.0862276409721
tio-	0.0451266860437	0.738593119272	0.0126707447059	0.203609449978
aru-	0.0	0.845238095238	0.146825396825	0.0079365079365
kag-	0.0082995084217	0.00463989931742	0.00086938093955	0.986191211321
hay-	0.147713950762	0.584994138335	0.116060961313	0.15123094959
cri-	0.0176854330857	0.963045363701	0.00683283683397	0.0124363663788
mis-	0.17439103255	0.199504203492	0.0588488898469	0.567255874111
naw-	0.47499954495	0.276288246965	0.175321720454	0.0733904876318
elm-	0.0	1.0	0.0	0.0
din-	0.236232171157	0.649366085578	0.0802297939778	0.0341719492868
agr-	0.00882352941176	0.99	0.00117647058823	0.0
was-	0.148288973384	0.851711026616	0.0	0.0
iwi-	0.0176991150442	0.982300884956	0.0	0.0
gre-	0.0223559759243	0.974204643164	0.0	0.00343938091144
sos-	0.0	0.987261146497	0.0	0.0127388535032
suy-	0.329032258065	0.632258064516	0.0387096774194	0.0
get-	0.0	1.0	0.0	0.0
tat-	0.0647703906785	0.0753084304318	0.0245887594243	0.835332419465
bit-	0.011243851019	0.981026001405	0.00351370344343	0.00421644413211
uri-	0.0	1.0	0.0	0.0
tyo-	0.0557768924303	0.916334661355	0.00796812749004	0.0199203187251
cef-	0.0245901639344	0.926229508197	0.0	0.0491803278689
mam-	0.405818734299	0.254215470031	0.279051827439	0.0609139682315
esa-	0.0	0.9875	0.0	0.0125
jua-	0.0212218929754	0.942870838417	0.0112428098309	0.0246644587763
sia-	0.0384771811443	0.0266869348114	0.000648174535419	0.934187709509
gil-	0.0752060973713	0.0429304713019	0.00419972001866	0.877663711308
pri-	0.100917431193	0.813073394495	0.0779816513762	0.00802752293578
mag-	0.60262105365	0.209917798687	0.0893686460016	0.0980925016615
aug-	0.0483870967742	0.951612903226	0.0	0.0
pai-	0.349148099607	0.491830493665	0.0671035386632	0.0919178680647
ama-	0.0427717633371	0.945326984534	0.00456373653473	0.00733751559375
abu-	0.175054704595	0.557500607829	0.204230488694	0.0632141988816
fri-	0.0	0.965517241379	0.0344827586207	0.0
reg-	0.0378378378378	0.861261261261	0.0882882882883	0.0126126126126
pla-	0.219009025603	0.689629766071	0.0408915085651	0.0504696997606
unh-	0.0420454545454	0.444886363636	0.0170454545455	0.496022727273
mac-	0.00549954170486	0.988084326306	0.00366636113657	0.00274977085243
map-	0.540960538774	0.214656008958	0.171303976448	0.0730794758205
ico-	0.0	1.0	0.0	0.0
ika-	0.120433162342	0.0888274539904	0.25760795196	0.533131431707
bet-	0.0263432991846	0.956721722768	0.00125444281831	0.0156805352289
law-	0.0184077713947	0.923071218882	0.033282297569	0.0252387121539
sal-	0.054411710907	0.860653220393	0.0693404714349	0.0155945972651
asu-	0.00507614213198	0.994923857868	0.0	0.0
gab-	0.0317626006561	0.901559371139	0.0131012739125	0.0535767542925
sek-	0.135997313633	0.62323707186	0.187374076562	0.0533915379449
400-	0.133540372671	0.195652173913	0.111801242236	0.55900621118
leo-	0.0202702702703	0.87027027027	0.109459459459	0.0
kuh-	0.802843128611	0.104674999812	0.0206549049196	0.0718269666575
ind-	0.128140943311	0.0608896685554	0.0216478527031	0.78932153543
yar-	0.558621317356	0.0906018328739	0.0146667248357	0.336110124934
min-	0.020526801249	0.296117324443	0.643048700947	0.0403071733617
diu-	0.055837926838	0.048679218269	0.724103371752	0.171379483141
est-	0.0555127216654	0.803392444102	0.091364687741	0.0497301464919
kas-	0.114627883438	0.772953830104	0.0604774690242	0.0519408174343
suo-	0.129032258065	0.0645161290323	0.774193548387	0.0322580645161
sul-	0.110752888113	0.625851516739	0.0353120787598	0.228083516388
lul-	0.0253028984537	0.948992569784	0.00803266617578	0.0176718655867
das-	0.113953488372	0.104651162791	0.143410852713	0.637984496124
tab-	0.366072587513	0.470484207816	0.0492339161613	0.11420928851
naz-	0.00355871886121	0.989323843416	0.00355871886121	0.00355871886121
gal-	0.0230091383812	0.952186684073	0.0119941253264	0.0128100522193
ida-	0.152879756538	0.0856821602853	0.0109007572883	0.750537325889
kar-	0.142885984784	0.180177060948	0.0241217352272	0.65281521904
ark-	0.0716981132076	0.894339622641	0.0339622641509	0.0
kay-	0.0581312465004	0.0345403538025	0.00158031893541	0.905748080762
kus-	0.137751004016	0.678313253012	0.135742971887	0.0481927710843
ons-	0.0126582278481	0.0	0.0253164556962	0.962025316456
imo-	0.0119346883323	0.0430889898899	0.0486197261449	0.896356595633
ray-	0.0336794835812	0.915801291047	0.0	0.0505192253719
huo-	0.0465220308656	0.0986356519794	0.019458734064	0.835383583091
nar-	0.146551724138	0.756269592477	0.0877742946708	0.00940438871474
not-	0.0521739130435	0.84347826087	0.0521739130435	0.0521739130435
gik-	0.0392511237778	0.0445803790722	0.0115389962464	0.904629500904
tak-	0.204741856858	0.232015722695	0.459387855374	0.103854565073
tuo-	0.0128960943257	0.431374355195	0.544399410464	0.0113301400147
lob-	0.00755434179801	0.992445658202	0.0	0.0
luk-	0.545371456533	0.298036739116	0.0350981630442	0.121493641307
tay-	0.173512178968	0.608909056929	0.0165249694256	0.201053794677
clo-	0.05	0.883333333333	0.0	0.0666666666667
kak-	0.307728119181	0.3947858473	0.235567970205	0.0619180633147
one-	0.080622347949	0.899575671853	0.0	0.019801980198
nob-	0.0697584751208	0.833908392569	0.0581320626007	0.0382010697091
gog-	0.0	0.962025316456	0.0379746835443	0.0
kap-	0.0774088126956	0.767819721014	0.128229983106	0.0265414831842
jup-	0.0	1.0	0.0	0.0
hoy-	0.530612244898	0.365198711063	0.00751879699249	0.0966702470461
430-	0.447852760736	0.0368098159509	0.0	0.515337423313
lal-	0.0353696482729	0.872503840246	0.0401748788845	0.0519516325968
bua-	0.0490381368532	0.491097033016	0.403859044336	0.0560057857946
ngi-	0.00798403193612	0.984031936128	0.00798403193612	0.0
ano-	0.0329847559361	0.0789997009289	0.00531800776943	0.882697535366
gus-	0.517647058824	0.183529411765	0.155294117647	0.143529411765
gen-	0.0234858218543	0.832700869513	0.0917321540623	0.0520811545702
tik-	0.270202651989	0.478358769077	0.243932949712	0.00750562922191
nuw-	0.00515463917525	0.0309278350515	0.396907216495	0.567010309278
egi-	0.00528238763921	0.906897917859	0.0719725315843	0.0158471629176
iny-	0.00637474219263	0.00847292504767	0.00259987766178	0.982552455098
sau-	0.0412009642779	0.931185623493	0.00262984878369	0.0249835634452
esm-	0.0208333333333	0.666666666667	0.3125	0.0
anh-	0.593625498008	0.0956175298805	0.0358565737052	0.274900398406
nan-	0.433057197134	0.333410395874	0.115470400991	0.118062006001
tro-	0.00585215605749	0.994147843943	0.0	0.0
ser-	0.238760631835	0.628189550425	0.0965978128797	0.0364520048603
kit-	0.0248578181679	0.0121932485887	0.00623191087495	0.956717022369
gol-	0.0	1.0	0.0	0.0
ela-	0.102564102564	0.897435897436	0.0	0.0
luy-	0.661249742271	0.0938977733517	0.0360596737627	0.208792810615
dup-	0.189544103072	0.494549058474	0.0891972249752	0.226709613479
tiy-	0.0606507663306	0.877714941398	0.0222932546512	0.0393410376199
eff-	0.0666666666667	0.933333333333	0.0	0.0
arp-	0.0191693290735	0.980830670927	0.0	0.0
itu-	0.534502411223	0.177202981149	0.0310390179746	0.257255589654
had-	0.0983606557377	0.773770491803	0.0885245901639	0.0393442622951
kad-	0.177419776025	0.584207321859	0.132013066025	0.106359836091
des-	0.0103469263542	0.984783931832	0.00243457090688	0.00243457090688
fen-	0.0404721753794	0.91568296796	0.0185497470489	0.0252951096121
ras-	0.092944859138	0.844209005538	0.0339513604623	0.0288947748616
gul-	0.318925233645	0.146612149533	0.502920560748	0.0315420560748
tir-	0.00316957210777	0.996830427892	0.0	0.0
man-	0.142912110088	0.357400255987	0.121776818105	0.37791081582
uko-	0.0225919107635	0.0175370638664	0.0047215171948	0.955149508175
lek-	0.322307039864	0.660729431722	0.0169635284139	0.0
rob-	0.0	1.0	0.0	0.0
iko-	0.125	0.866666666667	0.0	0.00833333333333
bus-	0.271886895052	0.626971179989	0.0913539967373	0.00978792822185
lub-	0.16073621816	0.803129283184	0.0249203439007	0.0112141547553
daa-	0.138529886914	0.0866316639741	0.561591276252	0.213247172859
tap-	0.194244810719	0.0561006632143	0.0225382890314	0.727116237036
lup-	0.486754966888	0.185430463576	0.198675496689	0.129139072848
sol-	0.0280261348005	0.944119669876	0.0226960110041	0.00515818431912
ame-	0.042872454448	0.614147909968	0.0857449088961	0.257234726688
dom-	0.12962962963	0.722222222222	0.0	0.148148148148
aby-	0.109958822632	0.768644197041	0.0558182095471	0.0655787707793
adt-	0.302457466919	0.206049149338	0.0	0.491493383743
iso-	0.0	0.92131147541	0.0786885245902	0.0
hut-	0.150388541825	0.532835593479	0.0191985372543	0.297577327442
pre-	0.210678210678	0.620490620491	0.127946127946	0.0408850408851
pam-	0.428113343141	0.305478408351	0.19753419686	0.068874051649
laz-	0.022869022869	0.940748440748	0.00415800415801	0.0322245322245
agw-	0.0471932439146	0.896174863388	0.0506706408345	0.00596125186289
job-	0.0	1.0	0.0	0.0
gih-	0.156858538272	0.144030346644	0.0439078754071	0.655203239677
aqu-	0.00702576112412	0.983606557377	0.0	0.00936768149882
bot-	0.112994350282	0.80790960452	0.0790960451977	0.0
nil-	0.050618386195	0.0242670842908	0.000444945333197	0.924669584181
dob-	0.0827067669173	0.117794486215	0.185463659148	0.614035087719
taw-	0.0246240013548	0.810945695274	0.0363572217276	0.128073081644
leb-	0.0154888673766	0.959664407873	0.02484672475	0.0
alo-	0.0	0.921052631579	0.0394736842105	0.0394736842105
ram-	0.0	1.0	0.0	0.0
pit-	0.000667111407605	0.00213475650433	0.00613742494996	0.991060707138
lap-	0.173064977016	0.656044229097	0.113057522674	0.0578332712138
hit-	0.537055837563	0.277664974619	0.0243654822335	0.160913705584
las-	0.0	1.0	0.0	0.0
apd-	0.16393442623	0.770491803279	0.0655737704918	0.0
eti-	0.0	0.942196531792	0.0578034682081	0.0
esp-	0.0104044396411	0.909068918946	0.0599689572457	0.0205576841671
bes-	0.0927613941018	0.471313672922	0.0707774798928	0.365147453083
pad-	0.318304611085	0.556963204471	0.0462040055892	0.0785281788542
huk-	0.142561547232	0.775685148431	0.0282082682319	0.0535450361049
di--	0.105123767819	0.285435649339	0.574810452142	0.0346301306996
lio-	0.0733650083846	0.926634991615	0.0	0.0
gah-	0.0262866854787	0.874759089541	0.0213464963284	0.0776077286515
arf-	0.0	1.0	0.0	0.0
eud-	0.157894736842	0.842105263158	0.0	0.0
reb-	0.110869565217	0.823913043478	0.0260869565217	0.0391304347826
dum-	0.503497588068	0.276799442791	0.0517194172281	0.167983551913
ema-	0.0283018867925	0.971698113208	0.0	0.0
adr-	0.041095890411	0.958904109589	0.0	0.0
zeb-	0.0	1.0	0.0	0.0
pis-	0.0279478788122	0.937358202662	0.0318027586484	0.00289115987713
amo-	0.410849738012	0.0462845180388	0.0233005627686	0.51956518118
ang-	0.178372202788	0.0451709025262	0.000846532172754	0.775610362514
anf-	0.0	1.0	0.0	0.0
apo-	0.0370038966662	0.877644681772	0.0190503680184	0.0663010535431
fan-	0.0408163265306	0.959183673469	0.0	0.0
pum-	0.319938176198	0.436373003606	0.152498712004	0.0911901081916
suw-	0.178947368421	0.75	0.0236842105263	0.0473684210526
tra-	0.412915851272	0.39530332681	0.0998043052837	0.091976516634
lot-	0.0	1.0	0.0	0.0
atu-	0.068134319078	0.37302386406	0.0210199488943	0.537821867967
aro-	0.0411522633745	0.893004115226	0.0658436213992	0.0
awa-	0.403071017274	0.556621880998	0.0	0.0403071017274
sed-	0.0	0.547169811321	0.452830188679	0.0
kao-	0.520661157025	0.280991735537	0.0	0.198347107438
kuy-	0.0697674418604	0.770764119601	0.0847176079734	0.0747508305648
300-	0.0119047619048	0.202380952381	0.166666666667	0.619047619048
bau-	0.0939991607218	0.883620086725	0.00923206042803	0.0131486921248
cle-	0.0127388535032	0.974522292994	0.0127388535032	0.0
guw-	0.03125	0.0625	0.875	0.03125
tis-	0.0294117647059	0.911764705882	0.0588235294118	0.0
ukb-	0.128712871287	0.63696369637	0.0990099009901	0.135313531353
edu-	0.0983606557377	0.516393442623	0.33606557377	0.0491803278689
bul-	0.22062445274	0.463138078665	0.27550866426	0.0407288043347
ilo-	0.0102244067951	0.969326779615	0.00727068927649	0.0131781243136
ihi-	0.0948036472632	0.842361377225	0.0518112955973	0.0110236799143
dav-	0.00136394635145	0.98090475108	0.00511479881792	0.0126165037509
ebe-	0.0	1.0	0.0	0.0
gis-	0.312056737589	0.203094777563	0.484848484849	0.0
luo-	0.316666666667	0.283333333333	0.214285714286	0.185714285714
jop-	0.0172744721689	0.975047984645	0.00383877159309	0.00383877159309
tan-	0.0596755440033	0.21959137063	0.0160033926404	0.704729692726
hub-	0.241821723651	0.263955128636	0.439813259891	0.0544098878216
dep-	0.276595744681	0.531914893617	0.148936170213	0.0425531914894
bar-	0.0220373613543	0.953152364273	0.0138645650905	0.010945709282
bil-	0.122640878062	0.796803194575	0.0533953509124	0.0271605764512
kup-	0.00663773295889	0.98800102119	0.00153178452898	0.00382946132244
aga-	0.0368835119635	0.862557566799	0.0153606877911	0.085198233446
mos-	0.0	0.936833257904	0.0610978211677	0.00206892092843
inu-	0.172351119593	0.756045970119	0.0182748901945	0.0533280200934
mau-	0.410945055686	0.181985139256	0.282050850028	0.12501895503
ngu-	0.266666666667	0.688888888889	0.0444444444444	0.0
boa-	0.103448275862	0.862068965517	0.0344827586207	0.0
wal-	0.242432314073	0.0550520231236	0.0135084877432	0.68900717506
jef-	0.0	1.0	0.0	0.0
ord-	0.231121281464	0.212814645309	0.508009153318	0.0480549199085
ant-	0.0225326723749	0.942917229983	0.0105152471083	0.0240348505333
upd-	0.388429752066	0.446280991736	0.165289256198	0.0
dut-	0.00758850293368	0.942860187484	0.0248967479229	0.024654561659
asd-	0.0	1.0	0.0	0.0
nak-	0.817711147781	0.0949132643056	0.0281327902755	0.0592427976378
000-	0.0567607177977	0.123988501373	0.00812288309604	0.811127897733
pol-	0.0375782881002	0.958246346555	0.0	0.00417536534446
pih-	0.0323478260869	0.331826086956	0.505043478261	0.130782608696
aya-	0.298850574713	0.206896551724	0.448275862069	0.0459770114943
sar-	0.186998526281	0.193016210906	0.243163582774	0.376821680039
lao-	0.0278357689631	0.770354906054	0.201809324983	0.0
yaw-	0.0258497162836	0.844959018742	0.115263369061	0.0139278959133
kah-	0.17718955595	0.681316626541	0.0736733962355	0.0678204212731
teu-	0.363636363636	0.584415584416	0.0	0.0519480519481
gub-	0.41342065241	0.538160712623	0.0316583382476	0.0167602967193
noe-	0.0	1.0	0.0	0.0
qui-	0.0	0.966666666667	0.0333333333333	0.0
nap-	0.549715207052	0.159253137584	0.116226311141	0.174805344223
gaz-	0.0	0.958333333333	0.0416666666667	0.0
art-	0.00653594771243	0.986928104575	0.0	0.00653594771241
ido-	0.0136054421769	0.953741496599	0.0272108843538	0.00544217687075
nab-	0.707317505342	0.164599626022	0.064661599882	0.0634212687541
bal-	0.32329120843	0.450575827605	0.0710849683232	0.155047995641
han-	0.167905088979	0.581017795816	0.177021542304	0.0740555729004
dec-	0.0	0.731958762887	0.0	0.268041237113
sad-	0.26292126691	0.261423965675	0.0233852692928	0.452269498122
pub-	0.0	0.977485928705	0.0225140712946	0.0
dim-	0.297872340426	0.340425531915	0.36170212766	0.0
top-	0.0	1.0	0.0	0.0
kub-	0.0828950136756	0.0410267199663	0.723753418893	0.152324847465
ags-	0.0532981495511	0.940610633357	0.00152280427289	0.00456841281866
tun-	0.0682407264142	0.188365010615	0.0129247296977	0.730469533273
isc-	0.0	1.0	0.0	0.0
lut-	0.1152368758	0.628681177977	0.225352112676	0.0307298335467
sop-	0.0723981900452	0.927601809955	0.0	0.0
beo-	0.0	1.0	0.0	0.0
lip-	0.509955302722	0.273059731816	0.080455099553	0.136529865908
tas-	0.199335548173	0.611295681063	0.14950166113	0.0398671096345
amp-	0.0	1.0	0.0	0.0
set-	0.0	1.0	0.0	0.0
kaa-	0.0751099455639	0.58761371313	0.10941231068	0.227864030626
hag-	0.100222717149	0.846325167038	0.0534521158129	0.0
huy-	0.412438625205	0.440361057382	0.119426672618	0.0277736447949
tya-	0.0754716981132	0.867924528302	0.0377358490566	0.0188679245283
hak-	0.233160621762	0.212435233161	0.554404145078	0.0
abi-	0.375395226631	0.397882808401	0.0378821755068	0.188839789461
rom-	0.0516059669399	0.763069479909	0.154952291359	0.0303722617927
tug-	0.638636363636	0.112337662338	0.18474025974	0.0642857142857
sib-	0.0526315789474	0.647368421053	0.205263157895	0.0947368421053
agt-	0.0356238125396	0.961842938569	0.0	0.0025332488917
hen-	0.0	0.901639344262	0.0983606557377	0.0
sit-	0.258928571429	0.526785714286	0.1875	0.0267857142857
era-	0.0	1.0	0.0	0.0
sus-	0.0	1.0	0.0	0.0
jes-	0.00923677473766	0.749886569773	0.00241779709285	0.238458858396
bla-	0.428571428571	0.482142857143	0.0892857142857	0.0
dua-	0.803921568627	0.137254901961	0.0392156862745	0.0196078431373
pah-	0.337817505974	0.552703779095	0.051774493318	0.0577042216125
huw-	0.152542372881	0.813559322034	0.0	0.0338983050847
uno-	0.0965468857787	0.769469680896	0.105413436513	0.0285699968121
mak-	0.600475238128	0.199505974125	0.103058363215	0.0969604245314
uto-	0.00584561178732	0.97408178518	0.0101697629725	0.00990284005979
hiw-	0.312	0.624	0.064	0.0
sam-	0.104064846823	0.259029681726	0.0240195494099	0.612885922041
buy-	0.411036616813	0.478726147499	0.0982465188242	0.0119907168644
hup-	0.499507065396	0.185014788038	0.0714755175814	0.244002628985
lit-	0.122077922078	0.745454545455	0.101298701299	0.0311688311688
isl-	0.0237629298295	0.947721554375	0.0083869164104	0.020128599385
144-	0.0114068441065	0.0684410646388	0.0	0.920152091255
rut-	0.0	1.0	0.0	0.0
bag-	0.106979876635	0.226211537433	0.345239097843	0.321569488089
duh-	0.0247955141725	0.0502083440506	0.0233036678841	0.901692473893
jas-	0.0210970464135	0.978902953587	0.0	0.0
pie-	0.0164243911648	0.95336983198	0.00641872758165	0.0237870492732
ruf-	0.0	1.0	0.0	0.0
emb-	0.207547169811	0.650943396226	0.11320754717	0.0283018867925
lib-	0.0379027676325	0.864864864865	0.00827854881909	0.0889538186835
nay-	0.110650069156	0.522821576764	0.060857538036	0.305670816044
may-	0.306390578654	0.119663186647	0.0122069605167	0.561739274183
uta-	0.616962940024	0.360851748777	0.00950799051408	0.0126773206854
naa-	0.323965791567	0.250131264916	0.368683373111	0.0572195704058
uya-	0.455882352941	0.102941176471	0.411764705882	0.0294117647059
cap-	0.0109289617486	0.965027322404	0.0	0.024043715847
sum-	0.250053291073	0.539816871616	0.0476002619703	0.16252957534
gam-	0.163764961915	0.37513601741	0.418117519042	0.0429815016322
gri-	0.0399257195914	0.428040854225	0.527855153203	0.00417827298049
ara-	0.112429731418	0.852435977514	0.00702685821363	0.0281074328545
gad-	0.0	1.0	0.0	0.0
sem-	0.0	1.0	0.0	0.0
cla-	0.0437158469945	0.956284153005	0.0	0.0
bih-	0.130898021309	0.733637747336	0.103500761035	0.0319634703196
heb-	0.00309278350515	0.969072164948	0.0278350515464	0.0
gwa-	0.0777489818586	0.377341725287	0.0740466493891	0.470862643465
lik-	0.325011775789	0.222483906422	0.105197048202	0.347307269587
isu-	0.734101487225	0.185370535334	0.0221678140144	0.0583601634257
rub-	0.0	1.0	0.0	0.0
hun-	0.148311306902	0.772603314454	0.0289490245437	0.0501363541011
ose-	0.0	1.0	0.0	0.0
pag-	0.449996537515	0.423778885317	0.0514216089128	0.0748029682552
kul-	0.356908665105	0.233723653396	0.229508196721	0.179859484778
buk-	0.0685422700317	0.856433595366	0.0659219418011	0.00910219280099
suh-	0.242697051789	0.637188475122	0.0736318174072	0.0464826556816
ago-	0.0819050478158	0.074459134378	0.0026070572249	0.841028760581
put-	0.0406779661017	0.0807203389831	0.862288135593	0.016313559322
chu-	0.0	0.986013986014	0.013986013986	0.0
dos-	0.00522963459604	0.0305062018102	0.00321823667449	0.961045926919
eun-	0.0487804878049	0.951219512195	0.0	0.0
kal-	0.0775779752412	0.828571932773	0.0693540951133	0.0244959968721
aba-	0.322931998822	0.541654400942	0.0647630261996	0.070650574036
tam-	0.19942171082	0.382226221917	0.173150068047	0.245201999217
kil-	0.36987607245	0.535488343877	0.0296386168645	0.0649969668082
res-	0.38593974175	0.529890004782	0.0210425633668	0.0631276901005
pau-	0.333550065019	0.544213263979	0.0214564369311	0.10078023407
unt-	0.449045879009	0.423467316281	0.0560292326431	0.0714575720666
sim-	0.0120147277308	0.94231638783	0.0107874168335	0.0348814676055
jus-	0.013698630137	0.986301369863	0.0	0.0
asn-	0.0161645848641	0.95958853784	0.0198383541514	0.00440852314475
jar-	0.0	1.0	0.0	0.0
lak-	0.407020164302	0.492345033607	0.0128827483196	0.0877520537715
eze-	0.0	1.0	0.0	0.0
wag-	0.240601503759	0.669172932331	0.0451127819549	0.0451127819548
jos-	0.0164259416596	0.975502690456	0.00254885301614	0.00552251486831
mas-	0.348091288808	0.204831013988	0.263658600374	0.18341909683
jez-	0.0457815565729	0.954218443427	0.0	0.0
aso-	0.0	0.998576850095	0.0	0.00142314990512
gut-	0.0970493856147	0.668153713704	0.218361117633	0.0164357830476
iga-	0.422925047053	0.176292578514	0.179355648227	0.221426726206
iul-	0.620429869267	0.211167737647	0.0487480611567	0.11965433193
pil-	0.0690353814521	0.544510792466	0.197895767612	0.18855805847
tin-	0.150823267211	0.728160623401	0.0640491640708	0.0569669453174
hin-	0.233457319681	0.257970613535	0.23459437105	0.273977695734
cen-	0.0	0.977570093458	0.0	0.0224299065421
gom-	0.0	1.0	0.0	0.0
tri-	0.00779641070904	0.977199176228	0.00706090026478	0.00794351279789
mun-	0.290452711788	0.709547288212	0.0	0.0
usa-	0.148760330579	0.702479338843	0.0	0.148760330579
800-	0.0	0.309090909091	0.0	0.690909090909
tul-	0.223636174819	0.646487885542	0.0416516883553	0.0882242512842
ako-	0.0815413791112	0.0144067761777	0.00174245351022	0.902309391201
idu-	0.390862944162	0.472081218274	0.0253807106599	0.111675126904
hab-	0.365842696629	0.314157303371	0.26606741573	0.0539325842697
efe-	0.016553067186	0.975657254138	0.00778967867576	0.0
asa-	0.0274334398296	0.932822151225	0.0237273695421	0.0160170394036
dii-	0.0880546130958	0.0645420055088	0.00351972889902	0.843883652496
yab-	0.0300859598854	0.906399235912	0.00811843361987	0.0553963705826
bah-	0.0879323430554	0.738805161011	0.0499837363114	0.123278759623
lic-	0.0	1.0	0.0	0.0
