-het	0.0942039378533	0.733714366905	0.137740419092	0.0343412761497
-tto	0.472010414729	0.440952203831	0.0223172772922	0.0647201041472
-her	0.427308447937	0.410609037328	0.154715127701	0.00736738703342
-aja	0.0634069888859	0.892656026983	0.025250818532	0.0186861655988
-hel	0.237020316027	0.762979683973	0.0	0.0
-iva	0.342857142857	0.5	0.0571428571428	0.1
-hen	0.078714912673	0.0552637378783	0.00592108625382	0.860100263195
-eun	0.599264970815	0.331123441666	0.00907977228508	0.0605318152338
-nba	0.266666666667	0.733333333333	0.0	0.0
-hej	0.933831376734	0.0277481323373	0.0	0.0384204909285
-hed	0.102981453948	0.729791063464	0.124501134674	0.0427263479145
-hee	0.208694698018	0.104137721031	0.0848773275105	0.60229025344
-rbh	0.223427331887	0.670281995662	0.0303687635575	0.0759219088937
-aup	0.262295081967	0.491803278689	0.0	0.245901639344
-aus	0.147779896486	0.805230182512	0.0255380005448	0.0214519204576
-aur	0.0028812520446	0.00180016073456	0.0038711470018	0.991447440219
-hoi	0.892294698316	0.084478541641	0.0116133800215	0.0116133800215
-oya	0.681880787969	0.24769545852	0.0536561931517	0.0167675603599
-nsu	0.24	0.25	0.18	0.33
-nij	0.236031331593	0.162402088773	0.169190600522	0.432375979112
-aua	0.0864864864864	0.843243243243	0.0702702702703	0.0
-ang	0.265971411902	0.664892065344	0.0387981330222	0.0303383897316
-nsh	0.0916185326287	0.864292736881	0.0184343124002	0.0256544180902
-ufa	0.0129468599034	0.983574879227	0.00115942028985	0.00231884057971
-nse	0.433734939759	0.289156626506	0.150602409639	0.126506024096
-auk	0.0445544554455	0.871287128713	0.0643564356435	0.019801980198
-aul	0.0395047169811	0.947228773585	0.0106132075472	0.00265330188679
-aun	0.116475309303	0.418432605543	0.0314291693841	0.43366291577
-nti	0.297010228167	0.45285864149	0.133097298715	0.117033831629
-naj	0.0	0.916167664671	0.0119760479042	0.0718562874251
-uae	0.173967459324	0.782853566959	0.0281602002503	0.0150187734669
-shn	0.562711864407	0.386440677966	0.0101694915254	0.0406779661017
-pus	0.00508646998983	0.990844354018	0.00101729399797	0.0030518819939
-nta	0.365270284727	0.394553040608	0.121043542052	0.119133132613
-yen	0.422764227642	0.512195121951	0.0650406504065	0.0
-nah	0.0143884892086	0.915467625899	0.00719424460432	0.0629496402878
-uan	0.0	1.0	0.0	0.0
-kta	0.0350885335685	0.954920981179	0.00292404446404	0.0070664407881
-dus	0.0360721442886	0.915831663327	0.0	0.0480961923847
-pua	0.470149253731	0.417910447761	0.111940298507	0.0
-sha	0.0606334543883	0.885731698468	0.0136546144175	0.0399802327259
-akk	0.240143369175	0.322580645161	0.376344086022	0.0609318996416
-pun	0.0387096774194	0.41935483871	0.541935483871	0.0
-ntu	0.0123935643932	0.0176229729781	0.00371806931796	0.966265393311
-ntt	0.556558457053	0.374946828929	0.0284270700406	0.0400676439769
-dhe	0.388858347077	0.378596298332	0.127359354957	0.105185999633
-nme	0.821862348178	0.0526315789474	0.076923076923	0.0485829959514
-dha	0.271457706573	0.344592811803	0.148219973615	0.235729508009
-nma	0.809625668449	0.166844919786	0.0149732620321	0.00855614973262
-dho	0.18366396324	0.202621102251	0.528506063907	0.0852088706019
-nam	0.299703836509	0.60901880241	0.0223994916427	0.0688778694384
-rba	0.0103383458647	0.918233082707	0.0131578947369	0.0582706766917
-dhi	0.0608695652174	0.939130434783	0.0	0.0
-dhs	0.352626892253	0.462600178095	0.156723063223	0.0280498664292
-sma	0.741950870498	0.235153827808	0.0200333889816	0.00286191271166
-ope	0.297872340426	0.702127659574	0.0	0.0
-opa	0.242424242424	0.757575757576	0.0	0.0
-dhy	0.327272727273	0.0909090909091	0.0	0.581818181818
-roj	0.0	0.558823529412	0.441176470588	0.0
-dee	0.263847778405	0.417026346828	0.20748181347	0.111644061297
-mra	0.0292207792208	0.163961038961	0.738636363636	0.0681818181818
-deh	0.0692635459793	0.883775044574	0.01855489408	0.0284065153667
-apn	0.0	1.0	0.0	0.0
-dek	0.490778508246	0.328710590719	0.00623830318153	0.174272597853
-del	0.608228980322	0.327370304114	0.00715563506261	0.0572450805009
-den	0.407400970113	0.418389050025	0.0301517272838	0.144058252578
-pae	0.576914973312	0.0922253956363	0.0565361925274	0.274323438524
-ima	0.132919661861	0.72109493668	0.139060097785	0.00692530367456
-der	0.130311614731	0.482317463218	0.112400621402	0.274970300649
-des	0.00951374207188	0.95107218363	0.0376019329507	0.00181214134703
-oki	0.237194044916	0.14038186559	0.0100933636134	0.612330725881
-aka	0.0617010136694	0.0776471949149	0.0283491804399	0.832302610976
-oke	0.578360019408	0.348859776807	0.0436681222708	0.0291120815138
-sit	0.714285714286	0.240601503759	0.0451127819549	0.0
-oka	0.620749137506	0.31468703795	0.0113356333169	0.0532281912272
-enn	0.527093596059	0.103448275862	0.251231527094	0.118226600985
-lla	0.380977754096	0.253629945384	0.0277074730252	0.337684827494
-ech	0.0953609355518	0.356765123178	0.0417902747324	0.506083666538
-bir	0.0	1.0	0.0	0.0
-idh	0.0	0.91065830721	0.0799373040752	0.00940438871473
-oba	0.496929617383	0.47472838923	0.0283419933868	0.0
-ida	0.339151911421	0.452524698134	0.0038180690116	0.204505321434
-dta	0.586417970192	0.239269323848	0.0576570601016	0.116655645859
-bin	0.241119483315	0.223896663079	0.176533907427	0.358449946179
-bil	0.014194464159	0.971611071682	0.00709723207948	0.00709723207948
-idr	0.0904287746392	0.251168461695	0.0873806136964	0.57102214997
-bik	0.759036144578	0.0722891566265	0.144578313253	0.0240963855422
-eja	0.990136229774	0.0062129804384	0.0	0.00365078978753
-hle	0.036144967136	0.0310136726944	0.893985520498	0.0388558396713
-tes	0.276978417266	0.694244604317	0.0107913669065	0.0179856115108
-eje	0.838308886971	0.143054357205	0.00621225194133	0.0124245038827
-hla	0.11764700176	0.104966056742	0.361395291986	0.415991649512
-ute	0.106830122592	0.126094570928	0.404553415061	0.362521891419
-uti	0.404868673927	0.501601537476	0.0153747597694	0.0781550288276
-uto	0.472440944882	0.185039370079	0.153543307087	0.188976377953
-jho	0.736639383727	0.15214251324	0.0346653827636	0.0765527202696
-rit	0.0815435020022	0.843829632326	0.0358572988715	0.0387695668001
-tee	0.404545509407	0.363436707274	0.0788637078447	0.153154075474
-utt	0.380568356375	0.334965437788	0.0171850998464	0.267281105991
-tej	0.0249653259362	0.846509477577	0.109107720758	0.0194174757282
-tel	0.0348432055749	0.855400696864	0.102787456446	0.006968641115
-ten	0.312011041335	0.542263061518	0.0106483790191	0.135077518128
-dan	0.186943097344	0.654649035961	0.056466363499	0.101941503197
-jin	0.106120772498	0.0763391611644	0.0192581915124	0.798281874826
-are	0.0890174057916	0.0820689907165	0.129846601994	0.699067001498
-ara	0.169148675844	0.132796380658	0.0645450257082	0.63350991779
-mes	0.025	0.85	0.125	0.0
-aro	0.449977025551	0.127066049048	0.0243603314151	0.398596593986
-mee	0.0901344876024	0.526811374225	0.295252919221	0.0878012189516
-ile	0.125494843213	0.10912595062	0.215491197	0.549888009168
-eya	0.313034891376	0.643515470705	0.0335747202107	0.00987491770903
-eed	0.0140543843569	0.936510846318	0.0315918117935	0.0178429575313
-mel	0.260679079956	0.67552026287	0.00575027382257	0.0580503833516
-jit	0.302387267905	0.236074270557	0.366047745358	0.0954907161803
-men	0.00810104692286	0.00235641801201	0.00210701610563	0.987435518959
-jis	0.0694386900063	0.0697412333838	0.00293915714636	0.857880919463
-mej	0.00536193029491	0.986595174263	0.00536193029489	0.00268096514745
-aye	0.109659236485	0.516013323085	0.293107865744	0.0812195746861
-aya	0.737866597517	0.104242671381	0.034174646373	0.123716084729
-tya	0.219244566364	0.758387845537	0.00506435956953	0.0173032285292
-ndu	0.106382978723	0.627659574468	0.265957446808	0.0
-ayo	0.162503761661	0.760256796068	0.0561741398335	0.0210653024375
-rai	0.147259587567	0.399143822018	0.417613668594	0.0359829218208
-kia	0.480179506358	0.329094988781	0.118922961855	0.0718025430067
-ayu	0.330337078652	0.355056179775	0.280898876405	0.0337078651685
-tyu	0.105103257316	0.880359958466	0.00961427527593	0.00492250894128
-rad	0.454991816694	0.158756137479	0.250409165303	0.135842880524
-rae	0.518768915357	0.287684272186	0.0711461485893	0.122400663868
-alo	0.454979481807	0.341553294386	0.0812403904581	0.122226833349
-sre	0.241615578795	0.646952758745	0.0238009376127	0.0876307248467
-ubh	0.157894736842	0.778947368421	0.0210526315789	0.0421052631579
-aem	0.453417366032	0.530189726676	0.00480031348986	0.011592593802
-nsa	0.318102949682	0.587622903413	0.0798149219202	0.0144592249855
-paj	0.346715328467	0.379562043796	0.131386861314	0.142335766423
-iar	0.552297991289	0.205161541962	0.126243255542	0.116297211207
-aud	0.0817287996723	0.912740680049	0.00122900450635	0.00430151577222
-ota	0.377012104212	0.142218179061	0.0235008718065	0.45726884492
-ote	0.431829227771	0.188375730866	0.0470849557245	0.332710085638
-oth	0.053503624439	0.93096306524	0.015533310321	0.0
-oti	0.0398481973435	0.778100234401	0.179819176247	0.00223239200804
-ali	0.466240162011	0.473926450959	0.0349795185714	0.0248538684586
-nho	0.332399764151	0.495135613208	0.0840212264151	0.0884433962264
-tka	0.313513513513	0.482282282282	0.165765765766	0.0384384384385
-ott	0.526000191002	0.338755472951	0.0708361493932	0.0644081866533
-umb	0.0428571428571	0.721428571429	0.217857142857	0.0178571428571
-nhe	0.0181818181818	0.836363636364	0.0909090909091	0.0545454545455
-nha	0.149558123725	0.30727396329	0.0163154316791	0.526852481305
-ako	0.214632023869	0.483512555942	0.160989557434	0.140865862755
-nak	0.196157876353	0.263988822913	0.295913377576	0.243939923157
ALL	0.229789874931	0.276433948182	0.0524456736325	0.441330503254
-nai	0.105083708528	0.13262228439	0.220352318923	0.541941688159
-nan	0.35617214043	0.589467723669	0.0254813137033	0.0288788221971
-nao	0.532990849253	0.344999197303	0.0834804944614	0.0385294589822
-aki	0.0577575505502	0.0460372696765	0.00468763197725	0.891517547796
-akh	0.286890556452	0.369010572174	0.0205061768099	0.323592694564
-sis	0.0	1.0	0.0	0.0
-sir	0.0248823133826	0.966375252186	0.0030262273033	0.00571620712844
-ake	0.067612205089	0.0583222711293	0.0234291898506	0.850636333931
-kin	0.314442413163	0.084704448507	0.0329067641682	0.567946374162
-nad	0.0623700623701	0.93762993763	0.0	0.0
-nae	0.576149152187	0.273590965399	0.0692801289908	0.0809797534231
-kis	0.0454274799457	0.0480367166436	0.00722557854807	0.899310224863
-ene	0.418925309098	0.306698652888	0.0144284000738	0.259947637941
-aky	0.188571428571	0.7	0.0342857142857	0.0771428571428
-kit	0.701072881983	0.0808361080281	0.169256381798	0.0488346281909
-nar	0.0546072410698	0.798277360614	0.136892124873	0.0102232734423
-nas	0.0218632333293	0.912547066683	0.00728774444309	0.0583019555447
-nap	0.612087139845	0.371047083626	0.00843288826425	0.00843288826422
-eer	0.0309427617291	0.80999976647	0.124541696831	0.0345157749702
-nav	0.0330997465335	0.963769196362	0.0	0.00313105710452
-akr	0.471590909091	0.426136363636	0.102272727273	0.0
-nat	0.290625	0.5546875	0.0609375	0.09375
-nau	0.443349753695	0.142857142857	0.0443349753694	0.369458128079
-oen	0.442906574394	0.42214532872	0.0934256055363	0.0415224913495
-mos	0.0	1.0	0.0	0.0
-mor	0.0	0.964912280702	0.0350877192982	0.0
-gon	0.026927616118	0.873710994354	0.019388847026	0.0799725425023
-god	0.0844155844155	0.837662337662	0.0551948051948	0.0227272727273
-ale	0.391250318535	0.290948283168	0.0703743290129	0.247427069284
-mod	0.924346629986	0.0756533700138	0.0	0.0
-dam	0.0548137737175	0.937807449051	0.00210822206606	0.00527055516514
-mon	0.149215565738	0.721405730994	0.0286704652881	0.10070823798
-mol	0.719743010939	0.088557041153	0.179197777392	0.0125021705157
-moh	0.558139534884	0.383720930233	0.0116279069767	0.046511627907
-yat	0.369897959184	0.288657770801	0.183967817896	0.157476452119
-yav	0.322858850653	0.384424899667	0.142259414226	0.150456835454
-htt	0.212123539415	0.262713259093	0.408118931373	0.117044270119
-yas	0.0540739830404	0.895088279874	0.0416205808857	0.00921715620007
-yar	0.448875766523	0.103293209176	0.415989098342	0.0318419259596
-yay	0.346445029625	0.537722185649	0.0803489137591	0.0354838709677
-bet	0.368	0.552	0.016	0.064
-yae	0.178571428571	0.125	0.625	0.0714285714285
-yad	0.287735849057	0.530660377358	0.0283018867925	0.153301886792
-yag	0.41401820993	0.410754165951	0.0463837828552	0.128843841264
-yaa	0.425963272509	0.502950739139	0.0234960279755	0.0475899603767
-bel	0.344905320108	0.655094679892	0.0	0.0
-yam	0.0347702510659	0.932164850782	0.0243486499289	0.00871624822358
-yal	0.48087431694	0.271402550091	0.225865209472	0.0218579234972
-yan	0.193932786817	0.712799498563	0.0517815030472	0.0414862115724
-lka	0.254901960784	0.210784313726	0.504901960784	0.0294117647059
-yah	0.0898553049805	0.142485128805	0.00491317435416	0.762746391861
-bed	0.322033898305	0.677966101695	0.0	0.0
-bee	0.0650334075724	0.821232368226	0.0397921306607	0.0739420935412
-hhk	0.179104477612	0.246268656716	0.417910447761	0.15671641791
-upt	0.236441669918	0.441279750293	0.272727272727	0.049551307062
-ren	0.351911778395	0.261105726848	0.0246946027783	0.362287891979
-anm	0.604021447721	0.35254691689	0.0281501340483	0.0152815013405
-ish	0.220099350401	0.662208635843	0.0848299579671	0.0328620557891
-ooi	0.476053087132	0.402769763416	0.0692440854011	0.0519330640507
-hha	0.479839497798	0.155742322683	0.165882934569	0.19853524495
-tke	0.343373493976	0.462760131435	0.146221248631	0.0476451259584
-hhe	0.531624429269	0.0677158726242	0.13288089464	0.267778803467
-ree	0.107024679485	0.313860166822	0.137723425647	0.441391728047
-hol	0.692084241104	0.0951343500363	0.167392883079	0.0453885257807
-eva	0.534260540304	0.421830626957	0.0101944221947	0.0337144105439
-lus	0.0109627267291	0.980785329878	0.00167430735499	0.00657763603747
-isr	0.0290322580645	0.848387096774	0.00645161290322	0.116129032258
-hht	0.18284789644	0.741100323625	0.0	0.0760517799353
-may	0.0640760947553	0.529110988113	0.0387443662529	0.368068550879
-haa	0.595467769101	0.270708926657	0.044709845353	0.0891134588884
-hab	0.0445544554455	0.937623762376	0.0178217821782	0.0
-had	0.105138647102	0.87928116452	0.00530389391581	0.0102762944619
-hae	0.448852237255	0.0636922473588	0.0252823623151	0.462173153071
-hag	0.514207149404	0.345878039575	0.0115921712406	0.12832263978
-hah	0.151491966335	0.460596786534	0.371843917368	0.0160673297628
-ava	0.230871942004	0.707939937247	0.0304360876012	0.0307520331472
-haj	0.24232198748	0.633215962441	0.0975645539907	0.0268974960876
-hak	0.0702584772399	0.87604925489	0.0377177088341	0.0159745590356
-hal	0.395037920082	0.43775557191	0.0750923896146	0.0921141183925
-ham	0.00525418809398	0.0132991984758	0.000915389710424	0.98053122372
-han	0.139119324921	0.380427806612	0.0288360069697	0.451616861497
-hao	0.64724660814	0.212024474594	0.0917797286512	0.048949188614
-mai	0.229337304542	0.610573343261	0.0871183916605	0.0729709605361
-mah	0.06237006237	0.93762993763	0.0	0.0
-mak	0.252206951124	0.677080819588	0.0542127091202	0.016499520167
-has	0.184802158273	0.267535971223	0.114658273381	0.433003597122
-mam	0.344827586207	0.310344827586	0.0344827586207	0.310344827586
-hau	0.19557195572	0.656155652466	0.0342167058034	0.114055686011
-hav	0.272153191222	0.46466328406	0.151808856564	0.111374668154
-man	0.162623888376	0.482853098825	0.0628238331634	0.291699179636
-hay	0.266454932696	0.108780471341	0.0418336626022	0.582930933361
-mae	0.645795426492	0.209556638536	0.0352019310774	0.109446003895
-kii	0.594855305466	0.308681672026	0.0	0.096463022508
-unn	0.0441176470588	0.558823529412	0.338235294118	0.0588235294118
-uno	0.882608986808	0.0699457577178	0.0187504185361	0.0286948369383
-unh	0.0975360067778	0.811811635131	0.00614233267438	0.0845100254166
-und	0.0360676268002	0.915341264872	0.0262993112085	0.0222917971196
-une	0.845848105168	0.0632087728184	0.0707121308876	0.0202309911259
-una	0.810157984152	0.108409951288	0.0414705146672	0.0399615498926
-rva	0.0986001217286	0.549908703591	0.296104686549	0.0553864881314
-nke	0.861538461539	0.107692307692	0.0153846153846	0.0153846153846
-ush	0.259661016949	0.543050847458	0.166779661017	0.0305084745763
-nka	0.71200750469	0.217636022514	0.0393996247655	0.0309568480301
-nkh	0.122660699756	0.843775427177	0.0103742880391	0.0231895850285
-nki	0.0652962917452	0.0266294752939	0.00786368902882	0.900210543932
-gae	0.342271293375	0.298107255521	0.148790746583	0.210830704521
-ade	0.179290147052	0.343669897019	0.346550793722	0.130489162207
-tra	0.0357551201212	0.755345491	0.191360369296	0.0175390195829
-ika	0.465897014781	0.360689788426	0.0487875567578	0.124625640035
-gaa	0.729466216473	0.0320952995182	0.0195758564437	0.218862627565
-ada	0.200075466042	0.164446190386	0.348436017977	0.287042325595
-gao	0.581845238095	0.357142857143	0.0223214285714	0.0386904761905
-gan	0.281105865015	0.52553150842	0.161021806173	0.0323408203924
-gam	0.336573511543	0.433778857837	0.215066828676	0.0145808019441
-gal	0.0784988898939	0.617075076063	0.285132801579	0.0192932324644
-adk	0.167992725619	0.434189588543	0.210653936501	0.187163749337
-gai	0.727136733233	0.029918688725	0.010696735485	0.232247842557
-gah	0.0399448661099	0.778675517107	0.00707309774477	0.174306519038
-lal	0.0357142857143	0.407738095238	0.556547619048	0.0
-gat	0.0196061908373	0.966321170754	0.00921322434763	0.00485941406141
-gar	0.0414046925318	0.950237693605	0.00356540407913	0.00479220978378
-adp	0.356153050672	0.643846949328	0.0	0.0
-ire	0.510952486079	0.199548654549	0.10817573037	0.181323129001
-ben	0.0	1.0	0.0	0.0
-nor	0.0871776244097	0.618597893208	0.0980748274609	0.196149654922
-gay	0.361377752682	0.31112365895	0.268210050819	0.0592885375494
-inh	0.0399496697075	0.881304393415	0.0708818286673	0.00786410821013
-ped	0.00712468193384	0.978117048346	0.0117048346056	0.00305343511451
-lao	0.817768913863	0.101626075437	0.0575750076427	0.0230300030571
-hem	0.0	0.955882352941	0.0441176470588	0.0
-inn	0.357868020305	0.467005076142	0.152284263959	0.0228426395939
-ino	0.533073929961	0.342412451362	0.0778210116731	0.0466926070039
-ina	0.174963578865	0.0690757914935	0.114628859752	0.64133176989
-see	0.0733218068211	0.256720167435	0.105548290509	0.564409735235
-apa	0.330316742081	0.485207100592	0.109293421511	0.0751827358162
-ine	0.397651408812	0.230773620003	0.330263503258	0.0413114679265
-lai	0.19034139161	0.143180660137	0.556870293835	0.109607654419
-ohe	0.00906344410876	0.990936555891	0.0	0.0
-hsm	0.754232659749	0.206444565811	0.0	0.0393227744402
-laj	0.25	0.1875	0.53125	0.03125
-uin	0.58779342723	0.23661971831	0.0816901408451	0.093896713615
-lak	0.0349241686378	0.903297620704	0.0450813969668	0.0166968136914
-int	0.274336283186	0.619469026549	0.0530973451327	0.0530973451327
-ser	0.0547945205479	0.858447488585	0.0593607305936	0.0273972602739
-iae	0.445884330623	0.191248661845	0.0482698662095	0.314597141323
-aam	0.275189654295	0.644239091696	0.0343668855965	0.046204368413
-oob	0.0828764044944	0.902292134831	0.00485393258427	0.00997752808989
-kus	0.00649350649351	0.985930735931	0.00541125541125	0.0021645021645
-ood	0.187396351575	0.812603648425	0.0	0.0
-oog	0.0	1.0	0.0	0.0
-ede	0.426778242678	0.4674237896	0.0878661087867	0.0179318589361
-nev	0.150849564857	0.796933278077	0.0323249067551	0.0198922503108
-ooh	0.0360644652316	0.932379127691	0.0270483489237	0.00450805815395
-ook	0.393375796178	0.418853503185	0.11898089172	0.0687898089172
-ooj	0.339622641509	0.584905660378	0.0754716981132	0.0
-iai	0.730941704036	0.0	0.161434977578	0.107623318386
-nes	0.00985221674876	0.990147783251	0.0	0.0
-ooo	0.416666666667	0.458333333333	0.0833333333333	0.0416666666667
-oon	0.496326376045	0.143688884748	0.0113000310212	0.348684708186
-nen	0.517496635263	0.291049798116	0.0683041722746	0.123149394347
-oop	0.116605708369	0.718723382935	0.0258864004543	0.138784508242
-oos	0.299156895048	0.689504796976	0.00116290338211	0.0101754045935
-kud	0.272727272727	0.454545454546	0.0887949260042	0.183932346723
-oot	0.0147211931915	0.955158470739	0.0188857412653	0.011234594804
-aod	0.674157303371	0.0224719101123	0.0	0.303370786517
-lap	0.276178894744	0.678421834887	0.0308066477503	0.0145926226186
-nee	0.149348939378	0.342159587986	0.155932739262	0.352558733375
-aon	0.0661925285605	0.8857970117	0.0300399397908	0.017970519949
-agu	0.552380952381	0.352380952381	0.0761904761905	0.0190476190476
-iry	0.302761279719	0.118294441122	0.29736858517	0.281575693988
-ban	0.44971675702	0.375586282512	0.0538466224036	0.120850338064
-bal	0.12468055448	0.366529853636	0.406677655961	0.102111935923
-bam	0.0	0.75652173913	0.0	0.24347826087
-bak	0.27597687051	0.549237778167	0.064394603119	0.110390748204
-eke	0.0944680851064	0.866382978723	0.0289361702128	0.0102127659574
-bai	0.0166898470097	0.838664812239	0.0945757997218	0.0500695410292
-hoj	0.650587172538	0.298283649503	0.00379403794038	0.0473351400181
-hok	0.624194702935	0.296349319971	0.0493915533285	0.0300644237652
-bad	0.0523394131642	0.0307947000701	0.0391879923823	0.877677894383
-bae	0.826923076923	0.134615384615	0.0384615384615	0.0
-hon	0.106207439264	0.205069731076	0.0176119774029	0.671110852258
-hoo	0.243792226509	0.284979757369	0.00583092134579	0.465397094776
-jor	0.191919191919	0.49494949495	0.0353535353535	0.277777777778
-hom	0.0	1.0	0.0	0.0
-hor	0.0715396368715	0.726427633868	0.0648379039428	0.137194825318
-aae	0.703459927521	0.073642989966	0.0365210293713	0.186376053142
-jon	0.114168697843	0.542056667543	0.326015059395	0.0177595752199
-joo	0.349417637271	0.580698835275	0.0299500831947	0.0399334442596
-joh	0.743489583333	0.125	0.05078125	0.0807291666666
-hot	0.0	1.0	0.0	0.0
-hou	0.432098765432	0.277777777778	0.148148148148	0.141975308642
-jod	0.488372093023	0.352159468439	0.0996677740864	0.0598006644518
-hho	0.397350993378	0.576158940397	0.0264900662252	0.0
-bat	0.142691788562	0.447022725846	0.0295451691883	0.380740316404
-bar	0.0457207607829	0.450204557583	0.0635742567082	0.440500424926
-bas	0.116878048781	0.846048780488	0.00721951219512	0.0298536585366
-bap	0.0841767712196	0.615191902996	0.300631325784	0.0
-ase	0.359396781143	0.366873653529	0.124699024205	0.149030541123
-nya	0.541490857946	0.142053445851	0.316455696203	0.0
-asa	0.293675641828	0.44096072994	0.163431433939	0.101932194293
-jhn	0.222222222222	0.574074074074	0.148148148148	0.0555555555556
-aso	0.0901287553648	0.845493562232	0.0257510729614	0.038626609442
-hhl	0.303466666667	0.627733333333	0.0368	0.032
-jhe	0.0714884306378	0.0109400058094	0.00504152861819	0.912530034935
-jhd	0.354554358472	0.533790401567	0.0822722820764	0.0293829578844
-kam	0.412929454814	0.455680207113	0.0315741399696	0.0998161981026
-ash	0.379823267178	0.511957228753	0.0452620056161	0.0629574984532
-dre	0.29537366548	0.245551601423	0.444839857651	0.0142348754449
-yek	0.340659340659	0.241758241758	0.0	0.417582417582
-ast	0.446428571429	0.357142857143	0.125	0.0714285714286
-dra	0.0280094413847	0.84012588513	0.114555468135	0.0173092053501
-mbe	0.283110571081	0.0972053462941	0.430133657351	0.189550425273
-nyu	0.0727566693614	0.715440582053	0.211802748585	0.0
-mbh	0.345030908226	0.544365192582	0.044888254874	0.0657156443177
-dro	0.194837635304	0.276852622814	0.52581182348	0.00249791840133
-ust	0.152293048745	0.749062590136	0.0571098932795	0.0415344678396
-yee	0.195930232558	0.612209302326	0.151744186047	0.0401162790698
-ise	0.0997083412524	0.093457505344	0.028304742329	0.778529411075
-okh	0.476345840131	0.0496387788394	0.430668841762	0.0433465392683
-ebh	0.0450781968721	0.939742410304	0.00827966881324	0.00689972401104
-ape	0.482216597842	0.334621020381	0.0819235380311	0.101238843746
-kop	0.0241025641026	0.915897435897	0.0569230769231	0.00307692307693
-ray	0.177631578947	0.769736842105	0.0263157894737	0.0263157894737
-rav	0.284121083378	0.655071694105	0.0180562931492	0.0427509293681
-rat	0.0624931516856	0.864312063991	0.0200153402243	0.0531794440995
-rau	0.785478547855	0.155115511551	0.0	0.0594059405941
-ras	0.0365096643229	0.936027183666	0.0196669706687	0.00779618134212
-rap	0.136258660508	0.845265588914	0.0184757505774	0.0
-vek	0.0613157334469	0.836278475623	0.0679156908665	0.0344901000639
-ran	0.154494701252	0.16189891384	0.0154131955441	0.668193189364
-rao	0.463244438303	0.47664778223	0.0248721846069	0.0352355948598
-ram	0.305303979189	0.450814143944	0.149942190962	0.0939396859042
-raj	0.0918704347171	0.692438439278	0.128554062631	0.0871370633734
-rak	0.220359230872	0.642991967971	0.0743223441404	0.062326457016
-rah	0.098376388615	0.622625386183	0.0452770656675	0.233721159535
-ero	0.442367601246	0.283489096573	0.274143302181	0.0
-era	0.0274509026239	0.0900778653048	0.0126714293125	0.869799802759
-hde	0.815433679199	0.134078965099	0.0056596146072	0.0448277410951
-hhd	0.66401816118	0.33598183882	0.0	0.0
-rab	0.153241650295	0.658153241651	0.165029469548	0.0235756385069
-ere	0.0198054409106	0.0314098162423	0.0411273500829	0.907657392764
-hda	0.740432183719	0.174962134983	0.0129822913891	0.0716233899088
-raa	0.494210674951	0.384354702062	0.117198531488	0.00423609149958
-ado	0.27197265625	0.64013671875	0.0556640625	0.0322265625
-ond	0.357142857143	0.134615384615	0.206043956044	0.302197802198
-iya	0.360477776901	0.292470921115	0.00753347089411	0.339517831091
-uka	0.517182130584	0.13058419244	0.0166093928981	0.335624284078
-tva	0.352941176471	0.156862745098	0.333333333333	0.156862745098
-uge	0.908396946565	0.0916030534351	0.0	0.0
-pon	0.00813029114185	0.948826991048	0.0398543683424	0.00318834946739
-poo	0.0	0.993103448276	0.00689655172413	0.0
-uga	0.78947368421	0.177631578947	0.0328947368421	0.0
-lad	0.278460006638	0.635911052108	0.0597411218055	0.0258878194491
-lae	0.811475277771	0.108499900155	0.0307590603742	0.0492657616993
-ike	0.276740237691	0.603565365026	0.0662139219015	0.053480475382
-lag	0.38333568154	0.143320074998	0.0754316184201	0.397912625042
-aay	0.595744680851	0.404255319149	0.0	0.0
-laa	0.257142857143	0.622857142857	0.0857142857143	0.0342857142857
-lab	0.62389380531	0.225663716814	0.0265486725663	0.12389380531
-vai	0.321428571429	0.459821428571	0.178571428571	0.0401785714286
-iko	0.508196721311	0.295081967213	0.131147540984	0.0655737704918
-aat	0.51619509975	0.34267617386	0.0519987863157	0.0891299400743
-lan	0.385470734692	0.439296113432	0.118791408195	0.0564417436807
-aav	0.0483870967742	0.859237536657	0.0791788856305	0.0131964809384
-lah	0.298312883436	0.641871165644	0.0414110429448	0.0184049079755
-oun	0.608442503639	0.15866084425	0.180494905386	0.0524017467249
-oum	0.730769230769	0.107692307692	0.115384615385	0.0461538461538
-aar	0.589771724865	0.343359366596	0.0487962305558	0.0180726779836
-lat	0.433497536946	0.546798029557	0.00656814449917	0.0131362889983
-uja	0.0819672131147	0.426229508197	0.360655737705	0.131147540984
-aao	0.0960960960961	0.825825825826	0.0780780780781	0.0
-oor	0.156376514188	0.38181102613	0.0494774175907	0.412335042091
-aai	0.759565577963	0.0440501417652	0.00126582903187	0.19511845124
-aah	0.116591928251	0.614349775785	0.0538116591929	0.215246636771
-lar	0.658536585366	0.243902439024	0.0975609756098	0.0
-las	0.142493344137	0.741057992823	0.0694524829263	0.0469961801134
-ujh	0.0340623605683	0.0100070781196	0.00401089334503	0.951919667967
-aad	0.738853503185	0.0955414012738	0.00636942675159	0.15923566879
-ppa	0.0	1.0	0.0	0.0
-jar	0.0223005620192	0.420072758399	0.0145291540428	0.543097525539
-lay	0.00673022994953	0.98605880939	0.00192292284272	0.00528803781749
-iky	0.0	0.843137254902	0.156862745098	0.0
-ahi	0.423822714681	0.476454293629	0.0	0.0997229916898
-aho	0.604562706833	0.161680609171	0.0306759858281	0.203080698167
-bol	0.580979827089	0.257060518732	0.103170028818	0.0587896253602
-aha	0.593630728294	0.0381935482893	0.00494568488352	0.363230038533
-boi	0.752401280683	0.183564567769	0.025613660619	0.0384204909285
-gee	0.361374291505	0.260031784648	0.0797147537008	0.298879170146
-ahe	0.631902448473	0.0787628578057	0.0163066368462	0.273028056875
-dod	0.341085271318	0.550387596899	0.031007751938	0.0775193798449
-ypi	0.139525845317	0.171395258453	0.0295375048581	0.659541391372
-don	0.0716386585581	0.840996633564	0.0622161657497	0.025148542128
-doo	0.464882943144	0.360646599777	0.112040133779	0.0624303232998
-dol	0.214387803716	0.732934050228	0.0367521949228	0.0159259511332
-dom	0.00477326968973	0.99522673031	0.0	0.0
-dok	0.0	1.0	0.0	0.0
-sas	0.00407608695652	0.995923913043	0.0	0.0
-sar	0.282299403166	0.502121277492	0.0246540725446	0.190925246798
-tod	0.654543150425	0.274363198581	0.017108097833	0.0539855531618
-sav	0.251239669421	0.659504132231	0.0760330578512	0.0132231404958
-sau	0.00949667616335	0.0489078822412	0.0346628679962	0.906932573599
-sat	0.0328821847987	0.0396666322278	0.0389571925474	0.888493990426
-ton	0.0637157929588	0.671367295268	0.110132844646	0.154784067127
-too	0.0227278266592	0.0277334324502	0.00286382802408	0.946674912867
-ddh	0.264749073232	0.221140704459	0.415490140304	0.0986200820042
-tok	0.206896551724	0.379310344828	0.23275862069	0.181034482759
-sab	0.0115370440563	0.119636170595	0.00842316226249	0.860403623086
-ibo	0.0	0.961538461538	0.0384615384615	0.0
-sag	0.142857142857	0.602040816327	0.244897959184	0.0102040816326
-top	0.018691588785	0.953271028037	0.0	0.0280373831776
-sad	0.316239316239	0.521367521368	0.119658119658	0.042735042735
-sak	0.170037466484	0.420530212902	0.163325461228	0.246106859385
-ola	0.781431334623	0.103803997421	0.0541586073501	0.060606060606
-sai	0.207547169811	0.283018867925	0.0188679245283	0.490566037736
-sah	0.195386406637	0.722820550138	0.0358026488139	0.0459903944113
-san	0.0462490621682	0.90577548631	0.0419785200819	0.00599693144028
-von	0.0835673566516	0.875723936613	0.0103290748434	0.0303796318923
-sal	0.238532110092	0.495412844037	0.155963302752	0.110091743119
-lon	0.185747304609	0.621493789947	0.0888505248399	0.103908380604
-loo	0.101788617886	0.736260162602	0.132682926829	0.0292682926829
-iah	0.0	1.0	0.0	0.0
-bhr	0.429305544621	0.128527565649	0.159174354607	0.282992535124
-bhu	0.00350273094277	0.975842490447	0.00126292610263	0.0193918525075
-lok	0.0877646945842	0.77928112979	0.0870177610133	0.0459364146122
-loh	0.0	0.954545454545	0.0	0.0454545454545
-loi	0.0	0.97619047619	0.0238095238095	0.0
-bhy	0.145211901251	0.696192960569	0.129106650032	0.0294884881479
-log	0.0822933271128	0.577112735378	0.0168798517424	0.323714085767
-air	0.171257339892	0.815222343801	0.00599543438058	0.00752488192665
-iee	0.632154575283	0.0809332847247	0.193583667517	0.0933284724753
-oko	0.0	0.396186440678	0.603813559322	0.0
-rod	0.264	0.36	0.06	0.316
-rog	0.27560718057	0.321013727561	0.384371700106	0.0190073917634
-bhe	0.245630174793	0.519779208832	0.206991720331	0.0275988960442
-bhg	0.0323574730355	0.0381355932203	0.0115562403698	0.917950693374
-hai	0.250717004623	0.646544795464	0.0674830279298	0.0352551719835
-rom	0.0123076923077	0.987692307692	0.0	0.0
-ron	0.09783173876	0.611980856438	0.141487837239	0.148699567563
-roo	0.108578469121	0.73309718158	0.0234098259664	0.134914523333
-dhl	0.291512915129	0.0719557195572	0.143911439114	0.492619926199
-mas	0.0426944971537	0.857685009488	0.0398481973435	0.0597722960151
-hve	0.0508474576271	0.915254237288	0.0338983050847	0.0
-rok	0.767741935484	0.152073732719	0.0110599078341	0.0691244239631
-ois	0.0377358490566	0.924528301887	0.0377358490566	0.0
-hkt	0.210169491525	0.2	0.574576271186	0.0152542372881
-mar	0.584794902229	0.175198212768	0.204979434641	0.0350274503617
-lee	0.35671384422	0.37436696062	0.178828129808	0.0900910653526
-oly	0.0950395998332	0.20050020842	0.591913297207	0.112546894539
-dda	0.354978354978	0.554112554113	0.0779220779221	0.012987012987
-hus	0.0368906455863	0.94861660079	0.0131752305666	0.00131752305665
-mat	0.363442042804	0.256503498984	0.0404445351096	0.339609923102
-rde	0.411149825784	0.128919860627	0.452961672474	0.00696864111498
-rda	0.0899182561308	0.232970027248	0.636239782016	0.0408719346049
-hka	0.821013348644	0.0813836658533	0.0889909573705	0.00861202813263
-kho	0.501473221863	0.226836620948	0.0158749629703	0.255815194218
-ipu	0.287425149701	0.299401197605	0.377245508982	0.0359281437126
-hap	0.260891850333	0.572014351615	0.123782675551	0.0433111225013
-nga	0.488296224867	0.120413697064	0.0499514766113	0.341338601458
-har	0.19598942736	0.454189043437	0.0838580198894	0.265963509314
-ila	0.617898567664	0.160714234178	0.134892942796	0.0864942553615
-maj	0.217270194986	0.490250696379	0.200557103064	0.091922005571
-dva	0.590379746835	0.104303797468	0.195949367089	0.109367088608
-hat	0.354755784062	0.40616966581	0.107969151671	0.131105398458
-ant	0.0861370817349	0.288316038534	0.25318834799	0.372358531742
-dve	0.0941176470588	0.576470588235	0.329411764706	0.0
-npo	0.343377715487	0.597056762439	0.0385423966363	0.021023125438
-ura	0.18916927611	0.224350709154	0.513170012894	0.073310001842
-mal	0.177645396323	0.358979179091	0.443092540255	0.0202828843312
-mao	0.368794326241	0.368794326241	0.230496453901	0.031914893617
-stu	0.148983847106	0.553022503309	0.0321846638346	0.26580898575
-vas	0.369110462509	0.59218320995	0.00660839738496	0.0320979301555
-nvo	0.0263157894737	0.736842105263	0.0350877192982	0.201754385965
-obh	0.11078140455	0.797230464886	0.080118694362	0.0118694362018
-iey	0.534591194969	0.163522012579	0.150943396226	0.150943396226
-sth	0.140300230947	0.789260969977	0.0571593533487	0.0132794457275
-ail	0.217279626386	0.687448920023	0.0287215411559	0.0665499124343
-ste	0.557142857143	0.307142857143	0.0857142857143	0.05
-eeo	0.715273412948	0.222501571339	0.0226272784412	0.0395977372721
-lle	0.0363636363636	0.927272727273	0.0363636363636	0.0
-ssa	0.0476190476191	0.769841269841	0.15873015873	0.0238095238095
-ank	0.204309656824	0.54748603352	0.156424581006	0.0917797286512
-sse	0.0555555555555	0.944444444444	0.0	0.0
-mad	0.394160583942	0.284671532847	0.189781021898	0.131386861314
-uch	0.0898162062189	0.137093977575	0.0624205294186	0.710669286788
-hym	0.020618556701	0.979381443299	0.0	0.0
-eyo	0.0	0.418996415771	0.53082437276	0.0501792114695
-hyo	0.0307692307692	0.784615384615	0.0923076923077	0.0923076923077
-isa	0.0662492792668	0.0573314760104	0.023330833091	0.853088411632
-tor	0.525796661609	0.110015174507	0.286798179059	0.0773899848255
-eye	0.0729166666666	0.864583333333	0.0416666666666	0.0208333333333
-lek	0.0413793103448	0.91724137931	0.0413793103448	0.0
-lel	0.0	1.0	0.0	0.0
-lem	0.00257277621612	0.994425651532	0.00157225213207	0.00142932012006
-len	0.575532282658	0.242620481712	0.0461486159862	0.135698619644
-leo	0.133333333333	0.555555555556	0.155555555556	0.155555555556
-mun	0.0	1.0	0.0	0.0
-mui	0.0965250965251	0.841698841699	0.0463320463321	0.015444015444
-muh	0.114285714286	0.0857142857143	0.4	0.4
-kul	0.276650682405	0.422722242715	0.167834747326	0.132792327554
-hro	0.15	0.342857142857	0.442857142857	0.0642857142857
-rya	0.304498193185	0.591748509101	0.0691688651429	0.0345844325714
-hra	0.3899654346	0.214865737306	0.302953132291	0.0922156958025
-ryo	0.0390804597701	0.490804597701	0.350574712644	0.119540229885
-les	0.0851063829788	0.914893617021	0.0	0.0
-hre	0.296684851028	0.111624003357	0.532522031053	0.0591691145615
-jas	0.304347826087	0.152173913043	0.45652173913	0.0869565217391
-eem	0.00686789893165	0.951161607597	0.0396811938274	0.00228929964389
-eel	0.0199239812605	0.955738236247	0.0160287574766	0.00830902501546
-rra	0.488372093023	0.488372093023	0.0232558139535	0.0
-een	0.168929437534	0.0808357379689	0.0412357885108	0.708999035986
-eeh	0.00249807134198	0.993595630824	0.00160415365588	0.0023021441779
-eek	0.128088804457	0.157959652381	0.321249840509	0.392701702652
-eej	0.0606144096983	0.929329108693	0.00688800110208	0.00316848050695
-eee	0.251633196226	0.612872005807	0.113718848294	0.0217759496733
-ndp	0.0393700787401	0.944881889764	0.0157480314961	0.0
-alu	0.131666872912	0.067937136493	0.779606484346	0.0207895062492
-gis	0.0151515151515	0.954545454545	0.030303030303	0.0
-gir	0.893218197136	0.0351727042965	0.00884582982308	0.0627632687447
-alp	0.243082311734	0.490718038529	0.168126094571	0.0980735551663
-ole	0.35975176465	0.317258041594	0.259889146809	0.0631010469468
-gin	0.35873015873	0.249206349206	0.357142857143	0.0349206349206
-eey	0.0676145356547	0.43718719254	0.43616588955	0.059032382256
-ndl	0.078431372549	0.21568627451	0.627450980392	0.078431372549
-ndo	0.532630191167	0.0138431114041	0.453526697429	0.0
-ndn	0.583643122677	0.24907063197	0.167286245353	0.0
-nda	0.336301741654	0.385950420663	0.213369199809	0.0643786378736
-eet	0.377539903505	0.355456793539	0.15399380912	0.113009493835
-ald	0.373094170404	0.0959641255605	0.0466367713004	0.484304932735
-eev	0.0423387096774	0.582661290323	0.362903225806	0.0120967741935
-nde	0.1536998288	0.736731976412	0.0913068289899	0.018261365798
-eep	0.37106918239	0.0817610062893	0.138364779874	0.408805031447
-ees	0.0552147118587	0.205582842722	0.0163854132448	0.722817032175
-ala	0.508064276421	0.240429522434	0.0614625824852	0.19004361866
-uve	0.287569154341	0.655978322231	0.0259681607768	0.030484362651
-uva	0.058091286307	0.896265560166	0.0124481327801	0.0331950207469
-bdo	0.377777777778	0.577777777778	0.0	0.0444444444444
-uvo	0.083899320815	0.916100679185	0.0	0.0
-obe	0.143511450382	0.824427480916	0.0137404580153	0.018320610687
-yon	0.0686787273032	0.726437730508	0.0723175742652	0.132565967924
-chh	0.135790141886	0.499908690891	0.0330360285087	0.331265138714
-pee	0.191471120566	0.63642714254	0.126123265488	0.0459784714063
-cho	0.435575826682	0.491448118586	0.0410490307868	0.0319270239453
-cha	0.413973200908	0.302196155657	0.122140370867	0.161690272568
-pen	0.532319391635	0.201520912548	0.0	0.266159695817
-bhv	0.161787365177	0.620570107858	0.0323574730354	0.185285053929
-chd	0.698630136986	0.27397260274	0.027397260274	0.0
-che	0.335841319407	0.167824198701	0.24514554395	0.251188937942
-rkh	0.133116883117	0.567532467533	0.285714285714	0.0136363636364
-iyo	0.0334948218211	0.908677510888	0.0396014201609	0.0182262471298
-ogo	0.121203438395	0.681088825215	0.0194842406877	0.178223495702
-oga	0.455740769069	0.0444324761145	0.0101455930941	0.489681161722
-rka	0.483870967742	0.329493087558	0.165898617511	0.0207373271889
-ela	0.180666320938	0.528431468737	0.0625814680365	0.228320742288
-oge	0.564693879563	0.137500361792	0.0353558497934	0.262449908852
-ele	0.0734683562583	0.844507021914	0.0532149175061	0.0288097043215
-hul	0.796889295517	0.0978956999085	0.05901189387	0.0462031107045
-ity	0.462389380531	0.146017699115	0.0796460176991	0.311946902655
-lob	0.0807017543859	0.845614035088	0.0736842105263	0.0
-itt	0.547834168	0.28623057463	0.0695957457793	0.0963395115907
-rid	0.0	1.0	0.0	0.0
-ore	0.346196133115	0.411520205948	0.133812448044	0.108471212893
-ito	0.271111111111	0.515555555556	0.16	0.0533333333332
-esh	0.401769680808	0.53758798739	0.0133672732888	0.0472750585137
-esa	0.115067165036	0.0825051984334	0.0703861511181	0.732041485413
-ite	0.037037037037	0.925925925926	0.0	0.037037037037
-ese	0.165634613345	0.137762543757	0.185358544606	0.511244298292
-ita	0.0182352591186	0.961438167089	0.0118696238235	0.00845694996867
-bha	0.380692980889	0.532863011252	0.0634934809788	0.0229505268798
-faa	0.037279867944	0.942318214276	0.00778982315247	0.0126120946278
-thm	0.309918950212	0.0895407178696	0.418757236588	0.18178309533
-fae	0.0428571428571	0.807142857143	0.15	0.0
-unp	0.572684553585	0.089889343641	0.0297104744581	0.307715628316
-fai	0.0	1.0	0.0	0.0
-fan	0.129682997118	0.829971181556	0.0345821325649	0.0057636887608
-fal	0.17977327362	0.708536273674	0.0824744214806	0.0292160312256
-bra	0.0204810669207	0.956180042867	0.0133365086926	0.0100023815194
-uda	0.637400950872	0.166719492868	0.0827258320127	0.113153724247
-fat	0.0416666666667	0.958333333333	0.0	0.0
-ude	0.57173485796	0.267464713239	0.150080400214	0.0107200285868
-jai	0.592672413793	0.276221264368	0.113146551724	0.0179597701149
-udo	0.372549019608	0.627450980392	0.0	0.0
-gen	0.516635703429	0.317851714237	0.083938523898	0.0815740584361
-abt	0.000354819633353	0.991839148433	0.000709639266708	0.00709639266706
-uon	0.0690748655728	0.562916494324	0.24934509858	0.118663541523
-hun	0.768324231101	0.209255533199	0.0103478010923	0.0120724346077
-hui	0.601089782007	0.0631955908684	0.011272846265	0.32444178086
-huk	0.431952662722	0.343195266272	0.153846153846	0.0710059171598
-ojh	0.344062947067	0.542918454936	0.0937052932761	0.019313304721
-gua	0.161290322581	0.677419354839	0.0322580645161	0.129032258065
-hug	0.937321394551	0.0283863593065	0.0	0.0342922461421
