-kna	0.0177356449455	0.939778517949	0.0354712898909	0.00701454721439
-msà	0.330097087379	0.297734627832	0.129449838188	0.242718446602
-hey	0.856338028169	0.069014084507	0.00281690140845	0.0718309859155
-het	0.437090081261	0.477452580097	0.0453071235045	0.0401502151381
-her	0.0791736157464	0.903688021725	0.0154526219519	0.00168574057658
-yet	0.116989369045	0.828461067005	0.0162569510479	0.0382926129017
-hen	0.347553589275	0.441990581045	0.0914293716364	0.119026458044
-hek	0.683373493976	0.168032128514	0.0248995983936	0.123694779116
-okà	0.281680811426	0.131856758435	0.0500517491203	0.536410681018
-àye	0.436486060797	0.292447629548	0.084147109781	0.186919199874
-xem	0.426655620435	0.339231394677	0.117086944327	0.117026040561
-xen	0.312131137835	0.416458204256	0.0984485321639	0.172962125746
-xeh	0.258041710852	0.485683987275	0.22622834924	0.0300459526334
-xek	0.480260689247	0.434442579244	0.0518416115335	0.0334551199763
-nsu	0.0181582360571	0.839169909209	0.111543450065	0.0311284046693
-asu	0.0	0.588665447898	0.411334552102	0.0
-uff	0.214553297764	0.660385212094	0.0297044689144	0.0953570212283
-nso	0.134288272158	0.158460161146	0.626678603402	0.0805729632945
-oys	0.0545454545454	0.618181818182	0.0727272727273	0.254545454545
-ufa	0.121166604081	0.861058956065	0.0132682438353	0.00450619601953
-xet	0.133690718076	0.722629345919	0.033429112318	0.110250823688
-xer	0.333227868126	0.211605391381	0.146174776941	0.308991963551
-xes	0.0280373831776	0.915887850467	0.0560747663551	0.0
-nto	0.193226763349	0.432968029005	0.096942979565	0.276862228082
-two	0.219903691814	0.53290529695	0.247191011236	0.0
-nta	0.0775310727646	0.0254816781304	0.00241341860746	0.894573830498
-yen	0.0945872863741	0.762984532261	0.0416647922752	0.10076338909
-nte	0.0	1.0	0.0	0.0
-ntu	0.0912076166904	0.86127948022	0.00885988721222	0.0386530158775
-smu	0.178809714438	0.805177475314	0.0160128102482	0.0
-arà	0.16729066725	0.751391467192	0.0419630636799	0.0393548018779
-opu	0.291139240506	0.708860759494	0.0	0.0
-sme	0.209044368601	0.637372013652	0.153583617747	0.0
-ope	0.0639232920495	0.927515552765	0.0	0.00856115518521
-xwà	0.794117647059	0.105042016807	0.0504201680672	0.0504201680672
-oku	0.0	1.0	0.0	0.0
-rya	0.0172625226501	0.940698157485	0.0420393198654	0.0
-mso	0.634721463003	0.324839735626	0.0180142125926	0.022424588779
-400	0.0714285714286	0.124149659864	0.0544217687075	0.75
-oko	0.333584242191	0.215974929714	0.042260678336	0.408180149759
-rwo	0.0808552087682	0.846949717195	0.056560993378	0.0156340806588
-oke	0.145058723643	0.209118257211	0.0252844922976	0.620538526849
-rwe	0.721847531894	0.243540705788	0.0230745082119	0.0115372541059
-wya	0.103633579104	0.0362083005557	0.00475034256298	0.855407777777
-pàn	0.33496352058	0.316342360003	0.138555356636	0.210138762781
-ymo	0.0222612690232	0.0263627079278	0.0684526452129	0.882923377836
-mxe	0.233171705647	0.49393896178	0.225114090131	0.0477752424415
-100	0.0213857998289	0.584928357571	0.0199689905902	0.37371685201
-tes	0.021650879567	0.964817320704	0.00270635994587	0.0108254397835
-ufu	0.0743119266055	0.909174311927	0.0165137614679	0.0
-tey	0.735415950654	0.264584049346	0.0	0.0
-oye	0.214375129173	0.14659189491	0.0335933502248	0.605439625692
-ytà	0.350312604491	0.154428511044	0.0291722132145	0.466086671251
-ras	0.0634864650384	0.800061722952	0.0357111365841	0.100740675425
-yàr	0.384797197221	0.382314961553	0.0605719570118	0.172315884215
-yar	0.475138121547	0.345303867403	0.0787292817679	0.100828729282
-teh	0.0	1.0	0.0	0.0
-tek	0.169461354979	0.450852646944	0.267542454342	0.112143543736
-ten	0.423973780852	0.293504632122	0.0432859172367	0.239235669789
-mew	0.0332982489714	0.785092335662	0.0197110324371	0.16189838293
-pas	0.488138686131	0.281270736563	0.0116124751162	0.21897810219
-àpo	0.416949152542	0.24406779661	0.0847457627119	0.254237288136
-ara	0.0229122521123	0.914658375461	0.0378074404758	0.0246219319509
-mes	0.7784107092	0.2215892908	0.0	0.0
-àpa	0.604926609504	0.190524633048	0.0116262171196	0.192922540328
-aro	0.0662563248006	0.0389246632131	0.0408943334796	0.853924678507
-mey	0.0	1.0	0.0	0.0
-mex	0.320708935542	0.265006857263	0.0522206983859	0.362063508809
-aru	0.0577951408465	0.890525999279	0.0237717802968	0.0279070795775
-xee	0.318278052223	0.398729710656	0.128440366972	0.154551870148
-men	0.393111410948	0.344828367446	0.0949630414312	0.167097180174
-meh	0.0	1.0	0.0	0.0
-mek	0.355371900827	0.440082644628	0.0971074380166	0.107438016529
-yda	0.0257621296694	0.963933018463	0.0103048518678	0.0
-aye	0.292787989442	0.17952276754	0.0360903862585	0.49159885676
-aya	0.127409891031	0.739312657167	0.0231743996844	0.110103052118
-ayo	0.232364096081	0.315297092288	0.14816687737	0.30417193426
-tyo	0.0199122910987	0.967524001422	0.00497807277468	0.00758563470428
-ayu	0.034620505992	0.949400798935	0.0	0.0159786950732
-xho	0.295614047143	0.403207919129	0.0711192986062	0.230058735122
-xok	0.432520256347	0.294554936632	0.0659618344217	0.206962972599
-xhe	0.398877457327	0.243581901519	0.0572495605248	0.30029108063
-wun	0.0555555555556	0.518518518519	0.425925925926	0.0
-wàt	0.147091637303	0.642113268427	0.191832746069	0.0189623482009
-xar	0.244958189867	0.725528775209	0.0295130349238	0.0
-yxa	0.0544733475248	0.12095819949	0.0592281893285	0.765340263657
-yxe	0.637188438383	0.274893594952	0.0158732369273	0.0720447297386
-xay	0.710292637331	0.146919039402	0.0221455277538	0.120642795513
-exu	0.165540540541	0.800675675676	0.0337837837838	0.0
-xah	0.344468135054	0.35669575229	0.152338878868	0.146497233788
-xak	0.422324557755	0.208620117252	0.088542809514	0.280512515479
-wàh	0.58	0.405	0.0	0.015
-xam	0.244690011481	0.204506314581	0.0198048220436	0.530998851894
-xan	0.273112039359	0.258873962873	0.0459958590689	0.422018138699
-xey	0.43732192934	0.241517193833	0.0387921727155	0.282368704112
-ota	0.260998151571	0.506839186691	0.052495378928	0.17966728281
-hwo	0.508245481113	0.355895659703	0.0471479597359	0.088710899448
-sus	0.0547342083636	0.722267151788	0.00495370518549	0.218044934662
-oto	0.0875257586271	0.674592680221	0.0371614045517	0.2007201566
-ume	0.0	0.974446337308	0.0	0.0255536626917
-nho	0.173674439799	0.735676760964	0.0388297447953	0.0518190544421
-otu	0.0333333333333	0.9	0.0333333333333	0.0333333333333
-otx	0.266485952093	0.685263939915	0.040174776111	0.0080753318816
-ako	0.329527095595	0.345393137646	0.0590169770403	0.266062789719
-nak	0.2821010066	0.602824508714	0.0433334879571	0.0717409967288
ALL	0.225587980394	0.278792546858	0.0524116604255	0.443207812323
-nan	0.368921651537	0.43814306281	0.0763417262993	0.116593559354
-yàm	0.0667309438068	0.705550924746	0.0160934320455	0.211624699402
-ake	0.0982640643552	0.457530569076	0.192185325546	0.252020041022
-aka	0.234650060524	0.172078022522	0.0350596703936	0.55821224656
-twa	0.00366076876144	0.996339231239	0.0	0.0
-nay	0.569775668175	0.0665526363655	0.0262493601661	0.337422335293
-nar	0.165711285863	0.327862867492	0.122594976212	0.383830870433
-nas	0.0234940325157	0.934122732826	0.0107132788272	0.0316699558312
-aku	0.030278542667	0.908139866333	0.0155983893509	0.0459832016494
-aun	0.0	1.0	0.0	0.0
-naw	0.0558471162905	0.873576872948	0.0341950140636	0.0363809966978
-nat	0.117454066944	0.791507636524	0.0246124432504	0.0664258532813
-dyu	0.0140845070422	0.985915492958	0.0	0.0
-mos	0.0288739172281	0.971126082772	0.0	0.0
-mor	0.222968347622	0.68249828862	0.0251817322424	0.0693516315155
-mox	0.230287918705	0.507797798269	0.0765901392548	0.185324143771
-dye	0.706689536878	0.0720411663808	0.0154373927958	0.205831903945
-mon	0.206670854157	0.478102156557	0.0377784453487	0.277448543937
-mok	0.3786563294	0.180574377313	0.0711423814817	0.369626911805
-moh	0.0571428571429	0.914285714286	0.0285714285714	0.0
-yaw	0.183391918658	0.386312128112	0.0299421581101	0.40035379512
-bey	0.412891469255	0.381150146205	0.017798872738	0.188159511802
-yas	0.028516664628	0.942046291621	0.00405117695905	0.0253858667918
-nàr	0.328921073014	0.269472532449	0.0623858670362	0.339220527502
-bes	0.517097966728	0.482902033272	0.0	0.0
-ofu	0.806896551724	0.0724137931034	0.120689655172	0.0
-yay	0.410298729163	0.368542663806	0.0924244924904	0.12873411454
-àwo	0.754929577465	0.211267605634	0.0338028169014	0.0
-wàà	0.142757660167	0.620473537604	0.194986072423	0.041782729805
-òna	0.613636363636	0.340909090909	0.0454545454545	0.0
-yam	0.263795409605	0.25416618134	0.055687238297	0.426351170757
-yan	0.494620087634	0.294923499032	0.0903388659472	0.120117547387
-yah	0.152978264477	0.619296499087	0.0248880039821	0.202837232454
-yak	0.332664543833	0.348038423746	0.166261092409	0.153035940012
-otà	0.328681923064	0.57797435413	0.00373264294395	0.0896110798619
-atà	0.165080400622	0.0143630697474	0.000329139601474	0.820227390029
-oaw	0.0	1.0	0.0	0.0
-nhà	0.153419486481	0.316322642054	0.345251412316	0.185006459149
-may	0.603673453242	0.1829462154	0.0384052636448	0.174975067714
-max	0.210384959713	0.555058191585	0.18442256043	0.0501342882722
-oas	0.0366972477064	0.963302752294	0.0	0.0
-mas	0.0158311345646	0.965699208443	0.00527704485488	0.0131926121372
-hak	0.28801887326	0.0695642370702	0.014119331166	0.628297558504
-ham	0.630769230769	0.276923076923	0.0923076923077	0.0
-han	0.378947368421	0.221052631579	0.173684210526	0.226315789474
-mah	0.116959064327	0.883040935673	0.0	0.0
-har	0.272230889236	0.661466458658	0.0195007800312	0.0468018720748
-mam	0.255711196766	0.717025477108	0.0188022938798	0.00846103224593
-man	0.356500165213	0.431309327425	0.150846332248	0.0613441751141
-hay	0.459763096837	0.369275857858	0.11845158139	0.052509463915
-kak	0.283891829377	0.230455588796	0.0795701970225	0.406082384805
-àkà	0.091935483871	0.519758064516	0.0524193548387	0.335887096774
-nku	0.00700825416601	0.866453823392	0.00934433888803	0.117193583554
-uno	0.0182997655479	0.922311243776	0.00767226195332	0.0517167287223
-una	0.0479194652997	0.904078655667	0.00613982314013	0.041862055893
-nke	0.21575937985	0.503602040838	0.190757415873	0.089881163439
-uny	0.172727272727	0.0818181818182	0.727272727273	0.0181818181818
-pta	0.0	1.0	0.0	0.0
-unu	0.102841454159	0.504273286032	0.358247521029	0.0346377387807
-nko	0.0851063829787	0.829787234043	0.0425531914894	0.0425531914894
-666	0.553014553015	0.446985446985	0.0	0.0
-wna	0.582089552239	0.194029850746	0.179104477612	0.044776119403
-tra	0.00443951165372	0.995560488346	0.0	0.0
-asà	0.0769727580569	0.869023433126	0.0137831964769	0.0402206123407
-àny	0.159536185526	0.0503798480608	0.0	0.790083966413
-tru	0.0608617606457	0.864228356575	0.0017982588474	0.0731116239321
-sna	0.437222946545	0.195501955671	0.0234680573664	0.343807040417
-àna	0.535413941682	0.0769294320555	0.0101087319252	0.377547894338
-owà	0.449390288474	0.236698012372	0.0507490972498	0.263162601905
-sno	0.150624985747	0.823643288086	0.00877995383237	0.0169517723344
-ohu	0.0479100106496	0.814510117146	0.129392971246	0.00818690095847
-sem	0.0	1.0	0.0	0.0
-sek	0.686508613338	0.0895446017397	0.223946784922	0.0
-see	0.124645892351	0.337110481587	0.402266288952	0.13597733711
-hsu	0.115203021719	0.842304060434	0.0339943342776	0.00849858356943
-knu	0.247583381346	0.544715447154	0.106875360092	0.100825811408
-hso	0.305463783119	0.467618132743	0.15873848449	0.0681795996483
-oha	0.0	1.0	0.0	0.0
-sew	0.0315220457457	0.911639754866	0.0089483475811	0.0478898518068
-oho	0.174925603656	0.285670229154	0.0658810027619	0.473523164428
-ses	0.0433847970537	0.938222332406	0.0044640672758	0.0139288032646
-ser	0.0	1.0	0.0	0.0
-kne	0.0724845376377	0.895270779906	0.00509126565093	0.0271534168049
-nàn	0.186674911274	0.493318853688	0.161126407659	0.158879827379
-kus	0.150579150579	0.816602316602	0.00579150579152	0.027027027027
-kur	0.183700191983	0.230926190563	0.0766955021211	0.508678115333
-new	0.0	0.993761372498	0.0	0.00623862750195
-nes	0.016643735298	0.925436065865	0.0389463405974	0.0189738582398
-fuh	0.299781181619	0.700218818381	0.0	0.0
-nok	0.198620013744	0.105244077388	0.0115434806389	0.684592428229
-tke	0.397660818713	0.251461988304	0.0	0.350877192983
-kun	0.0368140888513	0.963185911149	0.0	0.0
-kum	0.161870503597	0.512589928057	0.325539568345	0.0
-mta	0.382648401827	0.516894977169	0.0	0.100456621004
-kuk	1.0	0.0	0.0	0.0
-tko	0.172654296618	0.647716804843	0.137518094486	0.0421108040532
-rha	0.0902146293173	0.0179027157786	0.0438207167617	0.848061938142
-eka	0.0360043067578	0.910825637217	0.016254237875	0.03691581815
-tày	0.600177274742	0.28162820032	0.0479664541643	0.0702280707736
-eke	0.495163737412	0.323003297959	0.114034780271	0.0677981843583
-hok	0.355122524125	0.238763198973	0.058914312161	0.347199964741
-ràn	0.0759238251306	0.870147358418	0.0293017036534	0.0246271127982
-hon	0.113471274489	0.211875654679	0.0775253123162	0.597127758516
-hor	0.5214176995	0.330289193303	0.0621874320505	0.0861056751468
-hos	0.346885813149	0.445501730104	0.15570934256	0.0519031141869
-mko	0.626005542844	0.215273265978	0.0106400007533	0.148081190425
-eku	0.0527840360476	0.915030576118	0.0321853878339	0.0
-baw	0.201511335013	0.748110831234	0.0503778337531	0.0
-wye	0.600602887514	0.225257813739	0.0533079485959	0.120831350151
-hoy	0.578523992082	0.214369768984	0.0315924331691	0.175513805764
-mke	0.300699300699	0.585081585082	0.058275058275	0.055944055944
-yey	0.789947426081	0.106669761813	0.0237522073174	0.0796306047883
-yex	0.816240832089	0.173273031836	0.0104861360751	0.0
-ase	0.0	0.993723849372	0.00627615062762	0.0
-nya	0.0310775520815	0.939321965803	0.0184338331738	0.0111666489418
-asa	0.0397050482133	0.938637652761	0.0	0.0216572990254
-nye	0.205366591023	0.25774964506	0.0499880196129	0.486895744304
-aso	0.0454948956947	0.398002663116	0.136573457612	0.419928983577
-yes	0.0297589524849	0.875012399564	0.00297589524849	0.0922527527031
-yer	0.287593984962	0.624060150376	0.0225563909775	0.0657894736842
-nyo	0.270917658836	0.529982972403	0.0619476909204	0.13715167784
-yew	0.0140569091838	0.967626512183	0.00553757028454	0.012779008349
-oru	0.0398373027407	0.240475481042	0.642308823316	0.0773783929006
-yeh	0.0459809264306	0.732629427793	0.0544959128065	0.16689373297
-yek	0.330888592557	0.371317735483	0.108073705904	0.189719966057
-yem	0.198095328058	0.412263788642	0.352966128952	0.0366747543472
-ànà	0.21375094856	0.173761177496	0.0369267373103	0.575561136633
-nyu	0.00773694390716	0.939716312057	0.0486782720825	0.00386847195359
-ery	0.51094890511	0.401459854015	0.0875912408759	0.0
-ywà	0.406272793581	0.418672501824	0.131291028446	0.0437636761488
-xow	0.35891859177	0.225189219201	0.0643617966416	0.351530392387
-àxe	0.661971830986	0.080985915493	0.112676056338	0.144366197183
-ray	0.449151038277	0.343214644907	0.0422790544367	0.165355262379
-raw	0.0310393394604	0.938561754635	0.0244691545767	0.00592975132807
-rar	0.124113475177	0.715130023641	0.146572104019	0.0141843971631
-eru	0.105707127116	0.857488021674	0.0165714334458	0.0202334177639
-ran	0.253939545677	0.369635323441	0.148583557231	0.227841573651
-ram	0.0	1.0	0.0	0.0
-ohà	0.0736290820868	0.68280244772	0.0560933543923	0.187475115801
-ehà	0.193131129144	0.681243388721	0.0296014067099	0.0960240754249
-rah	0.358229759554	0.464049250784	0.104541758625	0.0731792310373
-ero	0.214417127867	0.290309799717	0.206464798501	0.288808273916
-era	0.308462050351	0.304968584232	0.06690459933	0.319664766087
-knà	0.0929037422538	0.811084673981	0.0209261328448	0.0750854509206
-xon	0.294642857143	0.625	0.0535714285714	0.0267857142857
-orà	0.197741032889	0.26320342304	0.0409071158992	0.498148428171
-hsà	0.235404448671	0.695831352037	0.0	0.068764199292
-xom	0.839621118347	0.0826112695765	0.00565093374952	0.0721166783273
-swe	0.260964078039	0.576218683767	0.0456496929515	0.117167545242
-poy	0.653562653563	0.21352033852	0.0330671580672	0.0998498498498
-pos	0.0547389761784	0.866700456158	0.00760263558033	0.0709579320831
-poo	0.283715724678	0.442081701175	0.232232792389	0.0419697817571
-rày	0.82740606188	0.0422590185099	0.00360290033477	0.126732019276
-noy	0.807142857143	0.0857142857143	0.0642857142857	0.0428571428571
-500	0.0460122699387	0.042944785276	0.0184049079754	0.89263803681
-nor	0.185053380783	0.800711743772	0.0142348754448	0.0
-nos	0.027397260274	0.972602739726	0.0	0.0
-ràt	0.274759552898	0.678450740837	0.0467897062646	0.0
-noh	0.0	1.0	0.0	0.0
-ràk	0.802704552859	0.0685839169159	0.0184501169606	0.110261413264
-fos	0.019801980198	0.980198019802	0.0	0.0
-non	0.163725152558	0.565340985658	0.0496194990924	0.221314362692
-fow	0.511965811966	0.211111111111	0.017094017094	0.259829059829
-tàr	0.24417059523	0.657038719987	0.0665011224413	0.0322895623415
-dow	0.657296650718	0.32476076555	0.0	0.0179425837321
-aho	0.329367956101	0.439144992729	0.125440662716	0.106046388454
-aha	0.512844249051	0.119051709055	0.0202338897149	0.347870152179
-ahe	0.0260041189337	0.877264159436	0.0522752057921	0.0444565158384
-mya	0.275324675325	0.651082251082	0.047619047619	0.025974025974
-pya	0.363636363636	0.636363636364	0.0	0.0
-mye	0.617941973204	0.169091710847	0.0278425208256	0.185123795123
-ahu	0.0	0.96178343949	0.0382165605096	0.0
-sar	0.330983231707	0.487995426829	0.045731707317	0.135289634146
-yku	0.0342857142857	0.537142857143	0.428571428571	0.0
-saw	0.0848946135831	0.90925058548	0.0	0.00585480093676
-wsà	0.0576725025747	0.923789907312	0.0185375901133	0.0
-ton	0.307118919084	0.297038621814	0.012634470054	0.383207989048
-too	0.237780713342	0.735799207398	0.0264200792602	0.0
-say	0.66398557759	0.160005547081	0.0316183608376	0.144390514492
-mpe	0.388624386796	0.302154516827	0.112743942932	0.196477153446
-tok	0.360686662594	0.265965703034	0.0533131194785	0.320034514893
-toh	0.149711413145	0.727378514243	0.0318376466207	0.0910724259915
-mpa	0.148316062176	0.851683937824	0.0	0.0
-tot	0.338829907386	0.392365032754	0.214592274678	0.0542127851818
-tor	0.279418973627	0.392575110631	0.110945202037	0.217060713705
-tos	0.264705882353	0.176470588235	0.558823529412	0.0
-yka	0.777777777778	0.222222222222	0.0	0.0
-wru	0.0696730669053	0.77439339338	0.0116332519635	0.144300287751
-sak	0.0227972187393	0.0775865344428	0.0114746000988	0.888141646719
-kàr	0.119773656083	0.804778371581	0.0330084878969	0.0424394844389
-sah	0.306562430301	0.489675417574	0.0847187964357	0.119043355689
-san	0.224025974026	0.702380952381	0.0670995670996	0.00649350649351
-toy	0.78594076245	0.0951005043538	0.018362024416	0.10059670878
-row	0.189089988609	0.605872674345	0.129097582584	0.0759397544614
-ror	0.214978857446	0.610563799589	0.0874138703606	0.0870434726048
-àmà	0.0876748959459	0.817766389754	0.0216074153921	0.0729512989079
-des	0.145689099118	0.812685443991	0.0189206622232	0.0227047946678
-ron	0.125456668834	0.351502675877	0.128581268174	0.394459387115
-roh	0.538253900104	0.190677396958	0.0233010346365	0.247767668302
-ewu	0.128118402949	0.692255460795	0.0136312466975	0.165994889559
-mar	0.48275862069	0.351135407906	0.0862068965517	0.0798990748528
-mat	0.361201930562	0.358555192278	0.0342519072085	0.245990969952
-ewe	0.130027088977	0.794290477183	0.0410918941446	0.0345905396958
-hke	0.167776839786	0.66039398155	0.122819313116	0.0490098655477
-maw	0.00970481196926	0.988273352204	0.00121310149616	0.000808734330772
-hka	0.147887323944	0.697183098592	0.154929577465	0.0
-hko	0.463804278452	0.176085400776	0.0593054109911	0.30080490978
-xke	0.206013728157	0.308326315579	0.239265912607	0.246394043657
-awo	0.174723418376	0.203309819035	0.0528136355897	0.569153126999
-xko	0.249759490295	0.18903939333	0.131458250259	0.429742866116
-awa	0.0503781745171	0.884930019773	0.0116327124876	0.0530590932226
-uxe	0.486772486773	0.338624338624	0.0317460317461	0.142857142857
-mak	0.0680343882901	0.0299245089583	0.0107003217183	0.891340781033
-awe	0.448412071417	0.0379206825723	0.0181703270659	0.495496918944
-ese	0.0374707259953	0.888256942121	0.0160588825694	0.0582134493142
-aws	0.027027027027	0.972972972973	0.0	0.0
-wda	0.158940397351	0.701986754967	0.139072847682	0.0
-awu	0.0677579142882	0.867029121788	0.0164477141457	0.048765249778
-wku	0.121703853955	0.73630831643	0.0608519269777	0.0811359026368
-wrà	0.408821699352	0.322283163951	0.174064173177	0.0948309635195
-sax	0.421041921042	0.017908017908	0.00366300366302	0.557387057387
-txa	0.177137044795	0.764129471479	0.0156098936513	0.0431235900741
-bàn	0.136686762282	0.686821286113	0.0493973422515	0.127094609353
-stu	0.0152141064392	0.921603649784	0.00625564028276	0.0569266034939
-276	0.0	0.181818181818	0.0	0.818181818182
-wro	0.0859798978131	0.0167300010571	0.0074907578398	0.88979934329
-wke	0.0	1.0	0.0	0.0
-ste	0.086114101184	0.654825977754	0.194474345174	0.0645855758881
-wko	0.378106111484	0.298858294157	0.170584284755	0.152451309604
-sta	0.0	0.686411149826	0.313588850174	0.0
-sàn	0.0450057536639	0.866160215122	0.0604437738161	0.0283902573984
-àme	0.135086115229	0.463176940562	0.15490660002	0.246830344189
-eyu	0.0857053433617	0.884920952959	0.0200153243893	0.00935837929039
-dàk	0.501818181818	0.229090909091	0.0218181818182	0.247272727273
-eya	0.0442203689756	0.814349386418	0.015219035928	0.126211208678
-200	0.0515184381779	0.34273318872	0.0162689804772	0.589479392625
-eye	0.537151346476	0.189516339604	0.0639050074796	0.209427306441
-hye	0.491990437548	0.344851597477	0.039926998973	0.123230966001
-ryu	0.10111614543	0.857995358603	0.0267985412753	0.0140899546911
-mun	0.163108786106	0.702995941717	0.122483743298	0.0114115288787
-kem	0.249117869128	0.496551187729	0.220087245646	0.0342436974965
-yko	0.187156901626	0.669592352168	0.0228453943935	0.120405351813
-rye	0.226001985781	0.336035087903	0.139388378263	0.298574548052
-mur	0.122729525881	0.474878585986	0.036215269932	0.366176618201
-hra	0.304241261573	0.200424993629	0.133508864804	0.361824879994
-ryo	0.0263666725259	0.94697369192	0.0196285228804	0.00703111267358
-esà	0.0595942792949	0.89233710681	0.0264647424819	0.0216038714138
-fte	0.0	1.0	0.0	0.0
-eey	0.341155234657	0.501805054152	0.00361010830325	0.153429602888
-dey	0.241836325567	0.517151512452	0.219182964316	0.0218291976656
-emo	0.276345821751	0.363798608763	0.242639832545	0.117215736941
-faw	0.176630780105	0.698516121647	0.0251426482959	0.0997104499525
-120	0.0441176470588	0.0588235294118	0.0	0.897058823529
-yos	0.0	0.917920656635	0.0820793433653	0.0
-yor	0.0	0.870813397129	0.129186602871	0.0
-yow	0.317782710913	0.564690507075	0.0660619719114	0.0514648101006
-yoh	0.149152910989	0.482048007395	0.042101910507	0.326697171109
-yon	0.0426019104525	0.853178190967	0.0310055426707	0.0732143559103
-wno	0.742424242424	0.159090909091	0.0227272727273	0.0757575757575
-xuu	0.735883841907	0.0728280150679	0.132092958364	0.0591951846611
-pen	0.389530931339	0.356220258328	0.0679809653297	0.186267845003
-153	0.0322580645161	0.193548387097	0.0241935483871	0.75
-rko	0.565154080142	0.192838031598	0.107871733139	0.134136155121
-xuf	0.185437687483	0.760839923643	0.0537223888737	0.0
-rke	0.227524972253	0.390677025527	0.267480577137	0.114317425083
-rox	0.435583758168	0.168736985711	0.0129245350757	0.382754721045
-sya	0.0714285714286	0.928571428571	0.0	0.0
-esu	0.0698188744505	0.852387115723	0.00174911585262	0.0760448939735
-uta	0.0	1.0	0.0	0.0
-hrà	0.255509623775	0.535789401683	0.0698298017105	0.138871172831
-esa	0.0430146771292	0.904585625277	0.010949190542	0.0414505070518
-syu	0.0372670807453	0.962732919255	0.0	0.0
-spe	0.0328048113723	0.857845817387	0.109349371241	0.0
-fah	0.0	1.0	0.0	0.0
-tew	0.0	1.0	0.0	0.0
-fan	0.0	0.970149253731	0.0	0.0298507462687
-fas	0.0557586837294	0.909506398537	0.0146252285192	0.0201096892139
-spu	0.0	1.0	0.0	0.0
-exe	0.211020456601	0.406651414682	0.222800213415	0.159527915302
-hun	0.0939452133876	0.667241962765	0.1949087794	0.0439040444475
-wos	0.0288875085042	0.685065223179	0.134717662023	0.151329606295
-wot	0.613309818974	0.354012137559	0.0	0.032678043467
-wok	0.117133137467	0.774470388124	0.0991186021339	0.00927787227462
-wom	0.259978902236	0.714839895192	0.0129308878075	0.012250314765
-won	0.192280335114	0.637668059591	0.0595912749552	0.11046033034
-hur	0.140761946708	0.576260735521	0.0229024443955	0.260074873376
-ory	0.397239151186	0.333284382113	0.160070489757	0.109405976944
-soy	0.660240866473	0.190632072422	0.0424345295829	0.106692531523
-sox	0.297621090934	0.420205279599	0.0497751536164	0.23239847585
-kom	0.0376742472656	0.393898464068	0.0296959091302	0.538731379536
-sot	0.219223186692	0.631777959619	0.0433551919655	0.105643661723
-koo	0.759582873616	0.0806135886394	0.119585720895	0.0402178168487
-kon	0.456769825486	0.105588147932	0.0188055688371	0.418836457745
-koh	0.0	1.0	0.0	0.0
-kok	0.276580706459	0.649986896119	0.0131914486387	0.0602409487835
-aen	0.0	0.78125	0.0	0.21875
-som	0.408814870755	0.43678655772	0.0734159890369	0.0809825824883
-kot	0.72719374457	0.0842745438749	0.134665508254	0.0538662033015
-tur	0.31145287715	0.473643151677	0.0	0.214903971173
-son	0.242185315598	0.344454048159	0.0146994842999	0.398661151943
-soh	0.0	1.0	0.0	0.0
-sok	0.230992137236	0.0357921157307	0.014410344202	0.718805402832
-ora	0.0	0.827806122449	0.141581632653	0.030612244898
-koy	0.203225806452	0.618882769473	0.118410700236	0.0594807238395
-wso	0.512	0.445333333333	0.0106666666667	0.032
-ruy	0.55679033453	0.390494101556	0.0102581637887	0.0424574001254
-kra	0.117606980949	0.838290401195	0.0441026178559	0.0
-rus	0.0566994926888	0.761265293942	0.0425246195166	0.139510593853
-tno	0.326724617822	0.583351175438	0.035969682696	0.053954524044
-yha	0.130136986301	0.818493150685	0.0513698630137	0.0
-omo	0.0276723486313	0.363372753007	0.0100761859273	0.598878712434
-yhe	0.317024337036	0.116562896392	0.0347599390012	0.53165282757
-oma	0.0486883220696	0.904004069472	0.0109003706126	0.0364072378461
-ome	0.0	0.987348734873	0.0	0.0126512651265
-owo	0.0541522805743	0.897510448846	0.0348900599673	0.0134472106124
-hàe	0.369383037133	0.478904782546	0.0	0.151712180321
-hàn	0.197832214118	0.552724766499	0.0873298734868	0.162113145896
-hàr	0.43309364086	0.36871619724	0.067674794751	0.130515367149
-eho	0.381899409137	0.384637555844	0.0835855310563	0.149877503963
-hno	0.322377166891	0.515271881959	0.10028019594	0.0620707552103
-uro	0.292184427902	0.0491045238386	0.00493127050639	0.653779777753
-hne	0.0	1.0	0.0	0.0
-ura	0.425863572413	0.332774782268	0.142552120241	0.0988095250791
-ehe	0.503061702077	0.199336368981	0.0416074862216	0.25599444272
-hna	0.0328447405845	0.443804997355	0.447554706866	0.075795555195
-eha	0.0475138121547	0.939226519337	0.0132596685083	0.0
-kya	0.223300970874	0.669902912621	0.106796116505	0.0
-kye	0.810019705354	0.0783963405689	0.0135099097086	0.0980740443687
-hnu	0.385488012058	0.398231585138	0.111423395373	0.104857007432
-ehu	0.0392156862745	0.882352941176	0.078431372549	0.0
-uru	0.129144748814	0.551307988862	0.0661483780915	0.253398884233
-waw	0.0270960818618	0.937161008268	0.0128996967951	0.0228432130747
-xàr	0.720588235294	0.279411764706	0.0	0.0
-apa	0.252190276441	0.49584080245	0.0139216758245	0.238047245285
-war	0.219399538106	0.63388841619	0.127871642154	0.0188404035493
-pan	0.934205743366	0.065794256634	0.0	0.0
-way	0.718507673433	0.12312099257	0.0293604314715	0.129010902526
-àra	0.404788829782	0.318082637952	0.13698160484	0.140146927426
-wan	0.28603614052	0.489435987632	0.081212294796	0.143315577052
-duk	0.554385964912	0.312280701754	0.0982456140351	0.0350877192982
-hku	0.00796812749004	0.99203187251	0.0	0.0
-àro	0.0373987951822	0.0838192231598	0.00676271718059	0.872019264477
-tuk	0.0385151425975	0.0871543101911	0.770990622355	0.103339924857
-krà	0.0593894926283	0.835859809418	0.020765556863	0.0839851410905
-sen	0.352274534803	0.347799932283	0.250938746814	0.0489867860995
-ken	0.323032932347	0.25485505747	0.0920319337773	0.330080076406
-suu	0.840860866929	0.0863898150955	0.0727493179752	0.0
-kek	0.574283335316	0.233971690258	0.0945640537647	0.0971809206614
-sur	0.167512690355	0.11421319797	0.371827411168	0.346446700508
-keh	0.235605268343	0.104881856348	0.597008138953	0.0625047363555
-kew	0.605871654975	0.256430241621	0.0675500129904	0.0701480904131
-suk	0.574206755374	0.28505629478	0.125383828045	0.0153531218014
-sos	0.137356962862	0.780228859421	0.0433758830091	0.0390382947081
-ràà	0.139985028339	0.380797544416	0.23059536919	0.248622058054
-fom	0.266322148628	0.733677851372	0.0	0.0
-omà	0.277486965221	0.562601157295	0.0779702245546	0.0819416529293
-few	0.0	1.0	0.0	0.0
-hàà	0.589991220369	0.224934152765	0.00737489025462	0.177699736611
-hxu	0.310290237467	0.613720316623	0.0189973614776	0.0569920844327
-màn	0.0448926075702	0.822970599385	0.0823230228095	0.0498137702355
-màm	0.0125362375617	0.949463292329	0.0137115098331	0.0242889602758
-fen	0.0	0.739726027397	0.260273972603	0.0
-hxa	0.358208955224	0.329068941009	0.0568585643212	0.255863539446
-fek	0.00429799426935	0.947349570201	0.0483524355301	0.0
-hxe	0.188021690624	0.237187471082	0.233501815164	0.341289023131
-oro	0.130378072889	0.118965594922	0.043383401834	0.707272930355
-ske	0.786666666667	0.16	0.0266666666667	0.0266666666667
-kos	0.221686746988	0.684337349398	0.0	0.0939759036144
-uku	0.0283154424816	0.840672808723	0.0650832558533	0.0659284929423
-hnà	0.21470821985	0.391604522231	0.279939266546	0.113747991373
-sko	0.289496035218	0.173780952984	0.0532686197442	0.483454392054
-uka	0.0256227758007	0.805693950178	0.160142348754	0.0085409252669
-sku	0.0465401102266	0.936313533374	0.00489895897122	0.0122473974281
-uke	0.0	1.0	0.0	0.0
-afa	0.13093575419	0.704725325885	0.136173184358	0.0281657355679
-afe	0.00492791347089	0.958352813333	0.0166159133698	0.0201033598261
-day	0.0947368421053	0.307236842105	0.315789473684	0.282236842105
-efe	0.0374359647971	0.919654976137	0.0197031393669	0.0232059196988
-efa	0.0460992907801	0.780141843972	0.173758865248	0.0
-àrà	0.392762911998	0.400684753524	0.0704133875935	0.136138946885
-any	0.366631689455	0.308363695575	0.0792441655497	0.24576044942
-ahà	0.0975875196457	0.842618971207	0.0428708178791	0.016922691268
-kno	0.210898848159	0.603496039466	0.0660663773796	0.119538734994
-eme	0.106075216972	0.57087753134	0.0655737704918	0.257473481196
-hme	0.0	1.0	0.0	0.0
-ema	0.0	1.0	0.0	0.0
-osà	0.0270986071904	0.509252365426	0.00301961173719	0.460629415647
-uwa	0.878151260504	0.0882352941176	0.0	0.0336134453782
-kes	0.0	0.956896551724	0.0431034482758	0.0
-emu	0.0743851229754	0.904619076185	0.00179964007198	0.0191961607679
-erà	0.120745200962	0.733541334621	0.0830289246363	0.0626845397807
-mma	0.10101010101	0.742424242424	0.156565656566	0.0
-hse	0.0	0.238981390793	0.761018609207	0.0
-ana	0.100660769259	0.413448657283	0.0568573916182	0.42903318184
-àhà	0.0544492544492	0.78835978836	0.0282828282828	0.128908128908
-kro	0.408128047622	0.191966943195	0.0262649610538	0.373640048129
-tum	0.103174603175	0.753968253968	0.0	0.142857142857
-hsa	0.0885142255005	0.867228661749	0.0	0.0442571127503
-ane	0.0	0.97212543554	0.0	0.0278745644599
-mrà	0.406861580415	0.407493498011	0.079505295924	0.10613962565
-etu	0.0347031507465	0.920607180307	0.0147301143456	0.0299595546013
-etx	0.102759121218	0.804669041313	0.0376023298498	0.0549695076193
-000	0.104160514587	0.117752276919	0.00758358886731	0.770503619627
-eta	0.0226730868122	0.84820718994	0.0253377588706	0.103781964378
-omu	0.129404968226	0.760947429232	0.0466782206817	0.0629693818602
-ete	0.0	1.0	0.0	0.0
-eto	0.019073872317	0.95784963809	0.0178168908258	0.00525959876775
-oxe	0.244424721096	0.509622622432	0.0743969710928	0.17155568538
-wey	0.0999444752915	0.900055524708	0.0	0.0
-atu	0.0	1.0	0.0	0.0
-oxo	0.125	0.40625	0.46875	0.0
-wew	0.113970588235	0.882352941177	0.0	0.00367647058824
-atx	0.0698689956332	0.550218340611	0.157205240175	0.222707423581
-300	0.0110701107011	0.243542435424	0.158671586716	0.586715867159
-oxu	0.155156379168	0.484138192339	0.0	0.360705428493
-kru	0.203577481957	0.632219834357	0.0769703757226	0.0872323079632
-wen	0.545539558144	0.302621327055	0.0707449792259	0.0810941355754
-ata	0.101438624621	0.811041332621	0.0721539283805	0.0153661143773
-bur	0.0	1.0	0.0	0.0
-run	0.250181829481	0.63432469315	0.0704064832986	0.0450869940708
-ano	0.249891292153	0.441869041764	0.0550724980572	0.253167168025
-hto	0.131296266198	0.179605195112	0.0279259445323	0.661172594158
-kah	0.0	0.958904109589	0.0	0.041095890411
-osa	0.0503144654088	0.899371069182	0.0125786163522	0.0377358490566
-emà	0.22955351226	0.520035872905	0.166516048478	0.0838945663569
-uye	0.476537108393	0.311492712347	0.115220304909	0.0967498743508
-oso	0.335936744516	0.493121441186	0.0321915534566	0.138750260841
-txe	0.267700540454	0.327714206076	0.040719995512	0.363865257958
-hta	0.036440152044	0.880905282755	0.00523621131021	0.0774183538904
-kay	0.492585736848	0.280681719141	0.0632134192514	0.16351912476
-kax	0.316697026441	0.179585493548	0.106209670685	0.397507809326
-kas	0.00961538461538	0.980769230769	0.0	0.00961538461537
-htu	0.111111111111	0.888888888889	0.0	0.0
-kaw	0.021582733813	0.513189448441	0.20623501199	0.258992805755
-kat	0.156015005613	0.0195915343878	0.00219330339591	0.822200156603
-yru	0.0824135092715	0.865745734896	0.00797550089723	0.0438652549348
-tak	0.688109161793	0.251461988304	0.0604288499025	0.0
-ate	0.0	1.0	0.0	0.0
-àho	0.171052631579	0.493421052632	0.177631578947	0.157894736842
-mra	0.251292579137	0.379671327352	0.258298564932	0.110737528579
-età	0.140147317819	0.737424678947	0.0752954712227	0.0471325320117
-ato	0.0523381234378	0.885265070289	0.0408077324607	0.0215890738121
-yur	0.520028233633	0.43097464855	0.0251161696371	0.0238809481795
-amà	0.426220052316	0.0109388712795	0.00729323496602	0.555547841438
-amu	0.0619260321623	0.93127720821	0.0	0.00679675962757
-amo	0.228403338876	0.437618010668	0.0739492123897	0.260029438066
-ama	0.0855458162279	0.705225950641	0.0226663919225	0.186561841208
-nur	0.284708865412	0.591589704141	0.0698367100745	0.0538647203725
-ame	0.358407412838	0.153515985716	0.306334441719	0.181742159726
-tay	0.484038370926	0.310933733338	0.0293683660598	0.175659529676
-ose	0.0135111727005	0.985969166811	0.000519660488481	0.0
-sàr	0.283054791623	0.521260841972	0.183202877089	0.0124814893167
-uso	0.128119800333	0.818635607321	0.00748752079868	0.0457570715475
-sày	0.520688202328	0.352263610811	0.0334087485499	0.0936394383106
-usa	0.05625	0.94375	0.0	0.0
-sàh	0.372462064544	0.43970399658	0.00961743962386	0.178216499252
-usu	0.0300057187647	0.763078566866	0.0041503524325	0.202765361937
-kan	0.412490431055	0.30612522397	0.0939604580787	0.187423886897
-epe	0.0114316820904	0.983669025585	0.00217746325531	0.00272182906913
-onà	0.290213748647	0.212137752214	0.0260115389399	0.471636960198
-epa	0.0385809312639	0.926829268293	0.0266075388026	0.0079822616408
-anà	0.303869232801	0.584374839596	0.0252465374586	0.0865093901445
-epu	0.0192307692308	0.961538461539	0.0192307692308	0.0
-wtà	0.0296468099609	0.867872217735	0.0190158702664	0.0834651020377
-eko	0.507683350795	0.273884536877	0.108051021565	0.110381090763
-tun	0.0356294536817	0.849131532067	0.0862900831354	0.0289489311164
-mnà	0.139128952732	0.472406509025	0.254462172815	0.134002365427
-sru	0.00127632418635	0.970431823016	0.00255264837268	0.0257392044246
-àtà	0.0362251536936	0.810350665957	0.0852356557497	0.0681885245998
-axa	0.178959406322	0.0954733694774	0.100929885838	0.624637338363
-enà	0.166241825963	0.606846296778	0.114100369374	0.112811507885
-axe	0.464822625334	0.308043667215	0.0567806472523	0.170353060199
-hpu	0.0	1.0	0.0	0.0
-yya	0.0	0.0916271721959	0.0947867298578	0.813586097946
-kmu	0.0631487889274	0.910899653979	0.0103806228374	0.0155709342561
-uhu	0.158937053168	0.841062946832	0.0	0.0
-owe	0.0271125169453	0.941256213285	0.0	0.0316312697696
-hpa	0.369792460335	0.32282457124	0.0450156457402	0.262367322686
-kme	0.0413074480196	0.94258613458	0.00100665108754	0.0150997663131
-rte	0.432020330368	0.432020330369	0.0343074968234	0.10165184244
-one	0.05	0.75	0.0	0.2
-anu	0.154855643045	0.727034120735	0.0472440944882	0.0708661417323
-ona	0.10487716715	0.22538069325	0.0388463709135	0.630895768686
-ono	0.241301454996	0.458682104669	0.116107447447	0.183908992888
-das	0.228155339806	0.71359223301	0.0	0.0582524271845
-450	0.160788466238	0.710922863892	0.0256577339741	0.102630935896
-dam	0.393991712707	0.606008287293	0.0	0.0
-nfa	0.0	1.0	0.0	0.0
-eno	0.260228849124	0.160873304159	0.0362220145443	0.542675832174
-wnà	0.663613487056	0.170882784562	0.0406670812255	0.124836647157
-tho	0.301989543925	0.427085840824	0.127144396679	0.143780218572
-ank	0.182215623196	0.247710962633	0.0635981192774	0.506475294894
-ony	0.305687294737	0.34321538527	0.102936950969	0.248160369024
-mnu	0.0498496047513	0.0595788047489	0.867047057921	0.0235245325792
-tan	0.248429420264	0.477426672863	0.0261920044869	0.247951902386
-wto	0.118048206522	0.720534189927	0.0309052775867	0.130512325965
-wta	0.338852891769	0.596352291817	0.0431965442764	0.0215982721382
-taa	0.200002523896	0.0821017428265	0.00491703678746	0.71297869649
-tax	0.223982737361	0.629007398274	0.0446670776818	0.102342786683
-mna	0.0446766672627	0.0224666660211	0.00444599101308	0.928410675703
-mno	0.311122222513	0.562753039906	0.0375415000574	0.0885832375234
-tar	0.194885521483	0.541776424794	0.00859311813481	0.254744935588
-tas	0.0	1.0	0.0	0.0
-eny	0.301812137943	0.546675688166	0.047592129225	0.103920044665
-tus	0.213903743315	0.449197860963	0.144385026738	0.192513368984
-àto	0.187641789458	0.098069005489	0.0324510306582	0.681838174395
-enu	0.0	1.0	0.0	0.0
-taw	0.199771908303	0.638302154412	0.0620399831328	0.0998859541517
-rma	0.0429021059263	0.0143450626035	0.00245376992808	0.940299061542
-rme	0.0338800752891	0.515998924442	0.450121000269	0.0
-ene	0.0130963517306	0.986903648269	0.0	0.0
-ena	0.0328079433412	0.899848979308	0.0136699763922	0.0536731009582
