-ösa	0.705882352941	0.264705882353	0.0294117647059	0.0
-noa	0.241688143329	0.108576848548	0.0354192130921	0.614315795031
-her	0.472664792252	0.394251796314	0.099343955014	0.0337394564199
-hes	0.0	1.0	0.0	0.0
-hel	0.0567299828948	0.916573554566	0.0222470521156	0.00444941042312
-hem	0.175500238209	0.698606479276	0.0646141019533	0.0612791805622
-hen	0.784901905947	0.203205640933	0.0	0.0118924531204
-pön	0.722602739726	0.22602739726	0.0102739726027	0.041095890411
-hei	0.163877987786	0.696124005258	0.082996967727	0.0570010392297
-ois	0.142857142857	0.642857142857	0.214285714286	0.0
-lem	0.153422457326	0.772223167873	0.0199546960313	0.0543996787696
-aus	0.0	1.0	0.0	0.0
-aut	0.0107198075932	0.343411784917	0.195636488576	0.450231918914
-aua	0.0992854270424	0.859386890216	0.0252420577226	0.0160856250193
-itö	0.176326376666	0.791614282122	0.032059341212	0.0
-aue	0.577701871544	0.223471480505	0.192199093019	0.00662755493167
-aui	0.0	0.717217056749	0.161590253286	0.121192689965
-apa	0.562289473292	0.111431576284	0.0511420427904	0.275136907634
-aun	0.0843977529357	0.769957071392	0.0135505361982	0.132094639474
-pur	0.950875375558	0.0491246244425	0.0	0.0
-pus	0.335453017518	0.31857640393	0.279486424203	0.06648415435
-uai	0.547691955002	0.213631302297	0.0469960208944	0.191680721806
-uam	0.253788940168	0.193446101862	0.0641431102687	0.488621847701
-uan	0.284980744544	0.414634146341	0.300385109114	0.0
-pue	0.772532188841	0.0922746781116	0.0160944206009	0.119098712446
-uas	0.351294903926	0.27694235589	0.167084377611	0.204678362573
-uar	0.262293201225	0.134431914478	0.0451391695456	0.558135714751
-öte	0.127659574468	0.872340425532	0.0	0.0
-pua	0.423351158645	0.361853832442	0.0401069518717	0.174688057041
-pul	0.585360838873	0.238229045302	0.0240559248852	0.15235419094
-pum	0.46439628483	0.479876160991	0.0	0.0557275541796
-pun	0.232558139535	0.627906976744	0.015503875969	0.124031007752
-pui	0.872677688768	0.106868927902	0.0	0.0204533833305
-oun	0.105173011896	0.737867748476	0.0692352845343	0.0877239550938
-kie	0.852199914566	0.0743272105937	0.0187953865869	0.0546774882529
-iva	0.0	0.96	0.04	0.0
-opu	0.750081339869	0.110691676213	0.029483273753	0.109743710165
-ape	0.617690375119	0.114073464437	0.0387680845534	0.22946807589
-opo	0.456572112254	0.250874615699	0.107907131715	0.184646140332
-opi	0.308312984393	0.232614927275	0.350355664083	0.108716424249
-sma	0.272727272727	0.494318181818	0.090909090909	0.142045454545
-ope	0.679871520343	0.173982869379	0.125267665953	0.0208779443255
-opa	0.0803897685749	0.899678883845	0.0199313475805	0.0
-smi	0.36117598902	0.298271170933	0.158158965592	0.182393874455
-uki	0.0326147042565	0.920950801548	0.0331674958541	0.0132669983416
-löe	0.367088607595	0.278481012658	0.20253164557	0.151898734177
-mus	0.206956903867	0.228171596557	0.541201963874	0.0236695357013
-oku	0.243018470117	0.436385001179	0.252827190168	0.0677693385355
-dei	0.0197368421053	0.967105263158	0.0	0.0131578947368
-dek	0.0434089785152	0.953294137041	0.0	0.00329688444419
-gki	0.0330992978937	0.938816449348	0.0	0.0280842527583
-400	0.165242165242	0.225071225071	0.045584045584	0.564102564103
-ima	0.421707373178	0.226954618259	0.0646876025176	0.286650406045
-oio	0.598639455782	0.144800777454	0.064139941691	0.192419825073
-oko	0.439304486836	0.23816898985	0.26087658425	0.0616499390641
-atu	0.0999358818457	0.807872161666	0.0455570541025	0.0466349023856
-ime	0.127653554539	0.0925548542285	0.015984555844	0.763807035388
-kim	0.0	1.0	0.0	0.0
-imi	0.414317862035	0.344698272638	0.155895363908	0.0850885014194
-lua	0.284353059178	0.673520561685	0.0421263791374	0.0
-oka	0.122908993132	0.741496370212	0.101826063653	0.0337685730035
-lgi	0.268045521386	0.380794066876	0.0436353174349	0.307525094303
-bir	0.105331380737	0.205685618729	0.177979853951	0.511003146583
-bis	0.712166172107	0.0623145400594	0.225519287834	0.0
-let	0.103265666372	0.872903795234	0.0238305383937	0.0
-oba	0.0557115093932	0.874757071907	0.0338299863241	0.035701432376
-ida	0.00194174757282	0.994822006472	0.00323624595468	0.0
-its	0.509766021618	0.420261359051	0.0346797691529	0.0352928501783
-bie	0.935142857143	0.0274285714286	0.01	0.0274285714286
-bia	0.332163375752	0.622541618463	0.0288240945901	0.0164709111943
-bin	0.665071770335	0.210526315789	0.0478468899522	0.0765550239234
-bil	0.560287942412	0.212357528494	0.191361727654	0.0359928014397
-bim	0.176470588235	0.682352941176	0.0705882352942	0.0705882352941
-obu	0.210709966744	0.699567923007	0.0683702005442	0.0213519097047
-ter	0.471578278819	0.360326029427	0.103101513708	0.064994178046
-uta	0.0304013509147	0.810173787946	0.0367212622898	0.122703598849
-tet	0.0	0.960451977401	0.0395480225988	0.0
-ute	0.593425666701	0.210905920831	0.0861827148438	0.109485697624
-rin	0.0728332119446	0.890021849964	0.0109249817917	0.0262199563001
-rio	0.378559013323	0.243290053588	0.0582795993513	0.319871333738
-ril	0.0	0.911164381147	0.0888356188529	0.0
-uti	0.221114664746	0.301644267197	0.400369732291	0.0768713357664
-uto	0.566957384435	0.228906828426	0.0553253382123	0.148810448927
-ras	0.0305902323443	0.948367931534	0.0143225943346	0.00671924178662
-uts	0.323123720455	0.338384784935	0.0658897159118	0.272601778699
-rit	0.447294087437	0.46748411119	0.0813699685434	0.00385183283046
-riu	0.419734674521	0.357047474041	0.144281649361	0.0789362020767
-rir	0.212576739916	0.35238204525	0.0990686021383	0.335972612695
-ris	0.00842242386128	0.957869164196	0.0297405144791	0.00396789746354
-utu	0.592187791087	0.180326956466	0.111844114469	0.115641137978
-mur	0.5544307661	0.0332180282837	0.0897344592533	0.322616746363
-tei	0.605626885292	0.107933250989	0.0392991856465	0.247140678073
-gri	0.15625	0.8125	0.0	0.03125
-aku	0.0623229461756	0.901503595555	0.0152538679451	0.0209195903247
-ten	0.128559000012	0.49524972911	0.0259931474793	0.350198123398
-are	0.843470008145	0.0991498429136	0.0234175005818	0.0339626483593
-ara	0.0573324706303	0.0700409142269	0.0706186764209	0.802007938722
-mes	0.142857142857	0.857142857143	0.0	0.0
-mer	0.223065439957	0.184033226716	0.0950819003377	0.497819432989
-lur	0.557932840323	0.316523718599	0.0923616596489	0.0331817814294
-aro	0.433333333333	0.132575757576	0.35	0.0840909090909
-ari	0.436660100233	0.268741788592	0.128267198986	0.166330912189
-aru	0.0793650793651	0.920634920635	0.0	0.0
-luk	0.0128205128205	0.948717948718	0.0	0.0384615384615
-lum	0.30801540077	0.607468178287	0.0450754245029	0.03944099644
-lun	0.0654062828225	0.776950253032	0.139406091855	0.0182373722907
-mem	0.529554032119	0.207919925368	0.0635524864504	0.198973556063
-mel	0.0233821761012	0.756825368548	0.20108671447	0.018705740881
-men	0.233989812495	0.169685043439	0.0407565733556	0.55556857071
-mei	0.306716125598	0.537660887867	0.0394224121846	0.11620057435
-lue	0.609926537944	0.153147655564	0.0468625379329	0.190063268559
-mek	0.0	1.0	0.0	0.0
-rai	0.544638850822	0.209676451942	0.0799474609279	0.165737236308
-mou	0.290630486721	0.300826327239	0.0458294490042	0.362713737035
-nör	0.657534246575	0.260273972603	0.0	0.0821917808219
-gol	0.631987688147	0.329902501512	0.0381098103405	0.0
-sri	0.412602309676	0.131516986209	0.238816010763	0.217064693351
-ohi	0.254576659039	0.588863463005	0.0913424866515	0.0652173913044
-ubu	0.154370034052	0.132236095346	0.582292849035	0.131101021566
-nta	0.0	1.0	0.0	0.0
-uba	0.114208189443	0.473359644795	0.310804144055	0.101628021707
-ube	0.469668688754	0.299346710219	0.230984601027	0.0
-ota	0.276437847866	0.657699443414	0.0111317254174	0.0547309833024
-ote	0.365337491646	0.485780054949	0.0865077597089	0.0623746936957
-ebi	0.018779342723	0.981220657277	0.0	0.0
-oti	0.0245374361695	0.939606958905	0.0170214647302	0.018834140195
-eba	0.366570269888	0.523122346146	0.0117706049964	0.0985367789697
-oam	0.213382899628	0.653903345725	0.0728624535316	0.0598513011152
-oto	0.178444368058	0.131564479952	0.0735594445685	0.616431707421
-ume	0.370214170847	0.363685740758	0.134849888708	0.131250199687
-ots	0.0814116260223	0.1680542253	0.485743755986	0.264790392691
-uma	0.18842737549	0.716412836968	0.014384717728	0.0807750698143
-otu	0.0508121266084	0.872363999311	0.0347577263327	0.0420661477482
-umo	0.457489878543	0.294736842105	0.145748987854	0.102024291498
-umi	0.403533478811	0.33503335301	0.196428164199	0.0650050039796
-ako	0.113886113886	0.681318681319	0.108891108891	0.0959040959041
ALL	0.220232401468	0.314834792921	0.0599557697563	0.404977035854
-nai	0.384819469971	0.306367463094	0.0732940060474	0.235519060888
-nan	0.249237779492	0.195856238956	0.220013700615	0.334892280936
-ige	0.503730826495	0.177538866383	0.0740538762509	0.244676430871
-aki	0.141891891892	0.398648648649	0.452702702703	0.00675675675676
-nam	0.28463460718	0.399646492351	0.157249954288	0.158468946182
-sis	0.0296296296296	0.955555555556	0.0148148148148	0.0
-sir	0.466047018919	0.255517806216	0.0933773888063	0.185057786058
-ake	0.800483912775	0.100437691002	0.0280432419716	0.0710351542505
-sip	0.022513371832	0.969878188887	0.0026629537483	0.00494548553255
-moe	0.515837104072	0.282805429864	0.201357466063	0.0
-aka	0.427039018174	0.268028748395	0.201951574702	0.102980658729
-kis	0.330185122008	0.641763368336	0.0099408608557	0.0181106488003
-kir	0.248348745046	0.410832232497	0.309114927345	0.0317040951123
-sii	0.375494071146	0.466403162055	0.0909090909091	0.0671936758893
-sio	0.797342192691	0.132890365448	0.0	0.0697674418605
-sin	0.346638022062	0.189306912556	0.042327184065	0.421727881317
-sim	0.400256666191	0.295308712391	0.113788678169	0.190645943248
-sil	0.175744163161	0.0891083933211	0.0248084850027	0.710338958515
-nar	0.248891401959	0.596129098749	0.0665465221218	0.0884329771706
-nas	0.149616102926	0.795912014941	0.035795808259	0.0186760738743
-sia	0.317559968585	0.540744142436	0.0445026150139	0.0971932739648
-sie	0.649454049135	0.157415832575	0.101683348499	0.0914467697908
-ker	0.388775510204	0.363265306122	0.214285714286	0.0336734693878
-goi	0.298047686125	0.146625202043	0.0379317238817	0.51739538795
-gok	0.0	0.98275862069	0.0172413793103	0.0
-mos	0.192596035496	0.131226276241	0.04617794648	0.629999741782
-mor	0.153488372093	0.660465116279	0.13488372093	0.0511627906977
-önu	0.0851063829787	0.68085106383	0.170212765957	0.063829787234
-gon	0.236842229861	0.441760650739	0.217806312321	0.103590807079
-goa	0.384675054311	0.196059148138	0.0766534583009	0.342612339251
-goe	0.8070105138	0.106908364728	0.0358671339467	0.0502139875254
-alo	0.486842105263	0.279605263158	0.0366541353383	0.196898496241
-öna	0.325017296365	0.28409374553	0.242968671759	0.147920286346
-moa	0.0477816879304	0.046585778194	0.0302988193449	0.875333714531
-mon	0.0728024374857	0.781055796411	0.0722118572407	0.0739299088627
-öni	0.666666666667	0.280701754386	0.0175438596491	0.0350877192982
-gor	0.550007154099	0.28459007011	0.0738303047646	0.0915724710259
-öno	0.0176470588235	0.911764705882	0.0705882352941	0.0
-got	0.0458148076551	0.812681229461	0.0920162381597	0.0494877247246
-moi	0.498643274749	0.175982006855	0.0539579063306	0.271416812065
-lka	0.0385964912281	0.845614035088	0.115789473684	0.0
-ber	0.581168126221	0.312441195629	0.0542809582398	0.0521097199102
-bes	0.0525908739367	0.491363753545	0.454498582109	0.0015467904099
-eor	0.0	1.0	0.0	0.0
-bet	0.0778173190984	0.875682087782	0.00569395017794	0.0408066429419
-bek	0.046875	0.84375	0.03125	0.078125
-bei	0.3165374677	0.357462113276	0.104755918709	0.221244500314
-ben	0.236938403947	0.708549899954	0.0454264134164	0.00908528268327
-sua	0.235713074445	0.731219264033	0.0127183313549	0.0203493301679
-bel	0.0963145147663	0.874960103637	0.0185870116216	0.0101383699754
-bem	0.490623179965	0.495748398369	0.0	0.0136284216657
-bea	0.0	0.923076923077	0.0769230769231	0.0
-iso	0.0558139534884	0.855813953488	0.0186046511628	0.0697674418604
-rek	0.0	1.0	0.0	0.0
-oho	0.400008480675	0.417001318527	0.0962230260438	0.0867671747544
-upu	0.213065906653	0.666052605716	0.0874670926758	0.0334143949548
-ren	0.0743678878725	0.162932864321	0.0304455951826	0.732253652623
-uga	0.729777211967	0.100657755145	0.0179503500955	0.151614682792
-isi	0.068817525933	0.897911312968	0.0134148376014	0.0198563234981
-rem	0.523944805195	0.296469155844	0.0744724025974	0.105113636364
-ise	0.557264524154	0.193626590041	0.0415757317501	0.207533154055
-isa	0.0721255403898	0.240465386877	0.175363861392	0.512045211341
-röo	0.0316205533597	0.731225296443	0.205533596838	0.0316205533597
-upe	0.479874341417	0.326069890423	0.14892651975	0.0451292484091
-eva	0.203223140367	0.796776859633	0.0	0.0
-upa	0.0802469135802	0.895061728395	0.0	0.0246913580246
-rer	0.528520917794	0.147603827135	0.0450314672764	0.278843787794
-res	0.0	0.957626947647	0.0423730523529	0.0
-rep	0.0152615771656	0.971060958742	0.0011591071265	0.0125183569662
-ret	0.00854711840009	0.98068865354	0.00697264922113	0.00379157883913
-upi	0.251602651165	0.541954147879	0.10580214049	0.100641060466
-jut	0.0526315789474	0.75	0.0131578947368	0.184210526316
-map	0.369718309859	0.327464788732	0.302816901408	0.0
-mas	0.0212744237326	0.928969558382	0.0300128626554	0.0197431552298
-mar	0.0650690519575	0.358862803971	0.0901196660146	0.485948478057
-hal	0.0707660804626	0.55597618474	0.191864266786	0.181393468011
-ham	0.0129338758191	0.953910175537	0.0284193845523	0.00473656409204
-han	0.0328513945443	0.878249601263	0.0100798492182	0.0788191549743
-hap	0.0899772209567	0.756264236902	0.0170842824601	0.136674259681
-har	0.296403899483	0.540209042342	0.139373398327	0.024013659847
-has	0.0488542279904	0.0295951019985	0.0425020148563	0.879048655155
-mam	0.148929784545	0.195283425254	0.111449292761	0.54433749744
-mal	0.22098936662	0.610725843736	0.145168747111	0.0231160425335
-man	0.0990279248113	0.43845003945	0.0536550937136	0.408866942025
-akö	0.197643596828	0.710369072489	0.0429049576566	0.049082373026
-nir	0.332377660587	0.480253181654	0.136781940855	0.050587216905
-ulö	0.0526349454574	0.259424732362	0.0221514357221	0.665788886458
-lva	0.00571791613725	0.940914866582	0.0533672172808	0.0
-uno	0.0989583333333	0.880208333333	0.0	0.0208333333333
-uni	0.383190883191	0.320512820513	0.10113960114	0.195156695157
-une	0.462682762513	0.438812111943	0.04269769305	0.055807432494
-ung	0.435287979811	0.377749440721	0.0112576683194	0.175704911148
-una	0.332614693751	0.369288165878	0.110401596887	0.187695543483
-pta	0.0	1.0	0.0	0.0
-unu	0.343511450382	0.58320610687	0.0274809160305	0.0458015267175
-666	0.0952380952381	0.031746031746	0.0	0.873015873016
-iri	0.377227333629	0.362308999396	0.113124690592	0.147338976383
-tra	0.0	1.0	0.0	0.0
-oue	0.842354533153	0.0995763958346	0.0236512325705	0.0344178384421
-gan	0.305619663051	0.57408262174	0.0810639279945	0.0392337872144
-gam	0.284671532847	0.351824817518	0.0503649635036	0.313138686131
-gal	0.0415484816538	0.92055230864	0.0208312607011	0.0170679490051
-tri	0.158469945355	0.464480874317	0.169398907104	0.207650273224
-gai	0.518689432395	0.251499769266	0.166128287956	0.063682510383
-eia	0.547688459472	0.275285148936	0.0696900217514	0.10733636984
-144	0.0123121606263	0.0625078924106	0.0	0.925179946963
-sna	0.447838821237	0.327461107794	0.109552669228	0.115147401742
-gas	0.444507683552	0.471826977803	0.0443938531588	0.0392714854866
-gar	0.174782550524	0.223551062602	0.189363751226	0.412302635648
-sni	0.389470994122	0.385126501405	0.179401993356	0.0460005111168
-oui	0.800415800416	0.0665280665281	0.0873180873181	0.045738045738
-sen	0.403471484237	0.412327311371	0.0828905419767	0.101310662416
-sem	0.423431184973	0.319843457267	0.122302118026	0.134423239733
-sel	0.4173290938	0.532591414944	0.0	0.0500794912559
-sek	0.0139405079162	0.972118984168	0.0	0.0139405079162
-sei	0.391428110076	0.249558947553	0.065106789933	0.293906152438
-ino	0.132665696871	0.497409201842	0.293162937761	0.0767621635269
-ina	0.288717526036	0.293049765053	0.1397153497	0.278517359211
-uir	0.145714285714	0.682857142857	0.154285714286	0.0171428571428
-uit	0.0	0.0	1.0	0.0
-ing	0.0398925316691	0.908268958048	0.0195022708369	0.0323362394462
-ohe	0.532242431153	0.36187924055	0.0285078966874	0.0773704316096
-öer	0.402384500745	0.327868852459	0.104321907601	0.165424739195
-iki	0.0661112863099	0.897578751883	0.0148481025964	0.0214618592102
-uio	0.401646639964	0.598353360036	0.0	0.0
-uin	0.257494418124	0.676964736538	0.026304018196	0.0392368271424
-uia	0.631574901165	0.180420991084	0.0402868149417	0.14771729281
-ins	0.160755689137	0.593868613139	0.0134821811936	0.231893516531
-ses	0.0489659108053	0.923320629965	0.00531311289381	0.0224003463363
-inu	0.196446873932	0.229017196219	0.337660858672	0.236875071176
-sep	0.0178764446662	0.971647127297	0.0036584351875	0.00681799284942
-ous	0.402177765874	0.3589317809	0.155733824032	0.0831566291945
-kus	0.0271923174122	0.968663128633	0.00232499368208	0.00181956027293
-kur	0.493507207343	0.445755980927	0.0387506355379	0.0219861761917
-noi	0.325394525204	0.147055707327	0.0603640688374	0.467185698632
-iam	0.275028371581	0.209660038987	0.0704879601201	0.444823629312
-ian	0.784339768532	0.11217948718	0.0260151651202	0.0774655791679
-ner	0.271181180812	0.139874960538	0.0356591071827	0.553284751467
-nes	0.125	0.8	0.0166666666667	0.0583333333333
-nen	0.0697757008858	0.204748294543	0.0167666399484	0.708709364623
-iat	0.0	1.0	0.0	0.0
-kue	0.244479093744	0.416725004773	0.111690956533	0.22710494495
-nem	0.414907448524	0.179978317311	0.0620977001148	0.34301653405
-oan	0.307086534396	0.0850352953096	0.0309164700404	0.576961700254
-ias	0.0305318085933	0.936493838126	0.0147662928833	0.0182080603975
-nei	0.178087718096	0.0740109181123	0.0271982418523	0.72070312194
-kun	0.541653119266	0.23518288057	0.0347934628651	0.188370537299
-kum	0.0987345394432	0.585179440146	0.0322431489857	0.283842871425
-kul	0.12890398322	0.750713000995	0.111941413839	0.008441601946
-kui	0.259324860098	0.597189674539	0.0674106407079	0.0760748246549
-aol	0.0566037735849	0.943396226415	0.0	0.0
-ban	0.244399881579	0.106653972428	0.0494827467077	0.599463399285
-eka	0.0218574082703	0.015931874577	0.00925013986778	0.952960577285
-lar	0.267049408398	0.33397770797	0.113153513485	0.285819370147
-eke	0.525157232704	0.455974842767	0.0188679245283	0.0
-bai	0.0491202752955	0.801021257701	0.0	0.149858467003
-ogu	0.212302667392	0.432770821992	0.240609689711	0.114316820904
-eki	0.424962852897	0.111441307578	0.463595839525	0.0
-las	0.287853075103	0.446553102027	0.0361634910238	0.229430331846
-eko	0.68188857936	0.250916629968	0.0270164622289	0.0401783284429
-hol	0.11018597816	0.61509726549	0.0343701091034	0.240346647247
-hom	0.406626506024	0.361445783132	0.0	0.231927710843
-hor	0.489727420667	0.176922294548	0.0793327908869	0.254017493897
-hos	0.0165975103735	0.970954356846	0.00622406639005	0.00622406639004
-jon	0.0263794289264	0.921482927695	0.0120249373239	0.0401127060546
-rei	0.285970923941	0.370001444807	0.0373087334494	0.306718897803
-hou	0.405030800821	0.193018480493	0.13090349076	0.271047227926
-bar	0.239912607504	0.323882651579	0.0250053673137	0.411199373603
-bas	0.0216933184579	0.957481095822	0.0156191892897	0.00520639642989
-kör	0.496341800689	0.284618801384	0.199126725388	0.0199126725388
-pet	0.0178714756958	0.973730972121	0.00556743791146	0.00283011427166
-ase	0.30659944787	0.241711987365	0.0647758902993	0.386912674466
-eir	0.420896793652	0.39861351691	0.0962365861964	0.084253103241
-asa	0.258660033584	0.207684479409	0.152045640514	0.381609846492
-asi	0.145868653447	0.435495771424	0.0509507327454	0.367684842384
-mba	0.0	0.957627118644	0.0423728813559	0.0
-asu	0.72453628228	0.0547007488338	0.0300917872372	0.190671181649
-köe	0.543756272866	0.318904393434	0.0664357172921	0.0709036164082
-lta	0.394557823129	0.353741496599	0.170068027211	0.0816326530612
-köi	0.0965346534653	0.769801980198	0.0891089108911	0.0445544554455
-kön	0.542662116041	0.341296928328	0.0648464163822	0.0511945392492
-köm	0.320512820513	0.464102564103	0.0923076923077	0.123076923077
-per	0.531849946659	0.305081436155	0.0900931586662	0.0729754585195
-öra	0.0342530922931	0.956232159848	0.0	0.00951474785917
-dia	0.0208709836022	0.952880411672	0.0194466407101	0.0068019640152
-430	0.457627118644	0.101694915254	0.0338983050847	0.406779661017
-iar	0.464401117685	0.470036371583	0.00983437660981	0.0557281341222
-rar	0.536441828882	0.309642372114	0.105930285197	0.0479855138071
-eru	0.514367816092	0.382183908046	0.0862068965517	0.0172413793103
-öri	0.24375	0.529166666667	0.0677083333334	0.159375
-ran	0.0281690140845	0.971830985916	0.0	0.0
-eri	0.374496268685	0.26145866356	0.0891503194874	0.274894748268
-ral	0.0566037735849	0.660377358491	0.283018867925	0.0
-ram	0.21643454039	0.758495821727	0.00752089136492	0.0175487465181
-rak	0.0	1.0	0.0	0.0
-ero	0.0461165048544	0.949029126214	0.0	0.00485436893203
-era	0.169701637101	0.117420503298	0.0357010022871	0.677176857314
-ere	0.0423414305768	0.0570477451848	0.00679150445409	0.893819319784
-inö	0.00862068965516	0.991379310345	0.0	0.0
-gen	0.343707335425	0.231458165203	0.0957173109713	0.329117188401
-ugu	0.364095521304	0.291489796382	0.172689714662	0.171724967653
-por	0.126582278481	0.848101265823	0.0253164556962	0.0
-pos	0.135698542104	0.82526489099	0.0	0.0390365669065
-pou	0.618066561014	0.353407290016	0.0095087163233	0.0190174326466
-uge	0.696619950536	0.164880461665	0.111294311624	0.0272052761748
-poi	0.0681818181818	0.897727272727	0.0340909090908	0.0
-pon	0.383019877361	0.333552821104	0.0701674966048	0.21325980493
-pol	0.0304949039656	0.913058466181	0.00312201213682	0.0533246177161
-poa	0.197576952877	0.762485032049	0.0251461576389	0.0147918574347
-ugi	0.482456140351	0.375243664717	0.0662768031189	0.0760233918129
-poe	0.734745737661	0.0702033763352	0.00498548521961	0.190065400784
-oua	0.71294949075	0.199750571607	0.0436499688215	0.0436499688215
-ika	0.108513296448	0.664822416563	0.209530608603	0.0171336783866
-vai	0.0914751749601	0.872706232435	0.0264506530005	0.00936793960433
-iko	0.136867088608	0.799050632911	0.064082278481	0.0
-lam	0.0526015188038	0.0819496988499	0.0143824647536	0.851066317593
-lan	0.0437138702327	0.896066293968	0.0163300859769	0.0438897498226
-nos	0.02	0.98	0.0	0.0
-not	0.0	0.708628394637	0.112616019251	0.178755586112
-lai	0.09534974727	0.46718327852	0.0570098139272	0.380457160283
-oum	0.215928086703	0.3214289668	0.0450565143749	0.417586432122
-oul	0.202176238661	0.355530755938	0.168826687725	0.273466317675
-lat	0.0637967810743	0.865619546248	0.0464417296878	0.0241419429901
-our	0.356005788712	0.601157742402	0.0127351664255	0.0301013024602
-nok	0.0121951219512	0.987804878049	0.0	0.0
-iks	0.0165542611895	0.902513795218	0.0202329858982	0.0606989576947
-nom	0.174334140436	0.506053268765	0.217917675545	0.101694915254
-non	0.045	0.8425	0.1125	0.0
-out	0.264465910157	0.386570383569	0.330793397731	0.0181703085436
-nio	0.339456764204	0.350872588899	0.0366093688492	0.273061278048
-imu	0.138461538462	0.584615384615	0.123076923077	0.153846153846
-ahe	0.518711511132	0.241050280842	0.121134195033	0.119104012993
-ipö	0.323590814196	0.492693110647	0.108559498956	0.0751565762005
-noe	0.463649170086	0.273289642923	0.0471611441172	0.215900042874
-gei	0.380302570841	0.353347484753	0.130563698238	0.135786246167
-ahi	0.212354312354	0.637529137529	0.0769230769231	0.0731934731935
-aho	0.534196759455	0.408095968195	0.0447635850932	0.0129436872559
-bol	0.0999423409571	0.869946825549	0.00768787238132	0.0224229611122
-aha	0.0577448519165	0.100485785913	0.0299944720598	0.81177489011
-göi	0.973684210526	0.0263157894737	0.0	0.0
-gör	0.741630901288	0.115021459227	0.0763948497854	0.0669527896996
-don	0.0	0.996870109546	0.0	0.00312989045384
-ger	0.404184100418	0.298744769874	0.138912133891	0.158158995816
-dol	0.0	0.99298245614	0.00701754385965	0.0
-dom	0.00942913636915	0.990570863631	0.0	0.0
-dok	0.0	1.0	0.0	0.0
-get	0.0	1.0	0.0	0.0
-sas	0.0123483692889	0.968765889446	0.014527493281	0.00435824798431
-sar	0.199614515696	0.231954121048	0.0369685767098	0.531462786546
-toe	0.691444677056	0.124594917915	0.0348231737928	0.149137231236
-toa	0.0770456290081	0.232868138745	0.0880295996727	0.602056632574
-ton	0.32460931059	0.258052195696	0.0715764101548	0.345762083559
-öia	0.4423542304	0.301630062554	0.183142322268	0.0728733847769
-toi	0.391319391882	0.343439804503	0.0892065483013	0.176034255315
-oli	0.83426028921	0.135706340378	0.0133481646274	0.0166852057842
-tou	0.0635423837971	0.517096389734	0.276818519423	0.142542707046
-tor	0.256971313817	0.284615112807	0.0834790904754	0.374934482901
-ibi	0.394495412844	0.577981651376	0.0275229357798	0.0
-olo	0.186218344501	0.601365918338	0.145562157129	0.066853580032
-sak	0.0	0.997432605905	0.00256739409499	0.0
-ibe	0.567441860465	0.202325581395	0.139534883721	0.0906976744186
-sai	0.318929341046	0.241578768289	0.15878416695	0.280707723715
-san	0.552600803376	0.320486093456	0.0793206894798	0.0475924136879
-sam	0.0594701748063	0.471256082177	0.0309965759596	0.438277167057
-sal	0.046511627907	0.906976744186	0.046511627907	0.0
-rot	0.0241292080171	0.914639683466	0.0439774275151	0.0172536810015
-rou	0.317573235797	0.222811315057	0.103687795712	0.355927653434
-lom	0.460218129805	0.181834435902	0.289766970618	0.0681804636748
-iem	0.516526799646	0.275823388015	0.0826550837094	0.12499472863
-iel	0.0474022525818	0.901352068951	0.0179359874634	0.0333096910034
-ror	0.490566037736	0.358490566038	0.0	0.150943396226
-ien	0.159764029544	0.295559510608	0.0254682851738	0.519208174674
-tis	0.00963302752294	0.831422018349	0.158944954128	0.0
-ösö	0.801652892562	0.148760330579	0.0	0.0495867768595
-loa	0.390946502058	0.154320987654	0.207818930041	0.246913580247
-eio	0.523838139647	0.228220620554	0.059209225241	0.188732014558
-muö	0.711111111111	0.155555555556	0.133333333333	0.0
-roa	0.383555062989	0.223760747775	0.0547747574863	0.33790943175
-hai	0.471428571429	0.0285714285714	0.471428571429	0.0285714285714
-rom	0.0503297791215	0.635329846014	0.309925481959	0.0044148929054
-lot	0.0106111030724	0.989388896928	0.0	0.0
-ahu	0.187883211679	0.614890510949	0.0391240875913	0.158102189781
-lor	0.138721025449	0.729654341093	0.089590662269	0.042033971189
-roi	0.320511513223	0.174870245291	0.0539281492111	0.450690092275
-ipa	0.010889292196	0.981851179673	0.00181488203267	0.005444646098
-ein	0.429566431087	0.376317855255	0.0721366746368	0.121979039021
-oke	0.56632016632	0.381288981289	0.0299376299376	0.0224532224532
-sap	0.313253012048	0.361445783132	0.0361445783133	0.289156626506
-wik	0.0112306972391	0.905942910622	0.00421151146467	0.0786148806738
-gou	0.378394733561	0.117774883786	0.0340018130116	0.469828569641
-nga	0.430843970408	0.350377763818	0.00565833768523	0.213119928088
-sat	0.0	1.0	0.0	0.0
-mak	0.0154929577464	0.976056338028	0.00845070422537	0.0
-ila	0.107017195615	0.228059549913	0.0302587420658	0.634664512406
-aia	0.394746477714	0.363701258685	0.0411012100289	0.200451053572
-ahö	0.0235121234387	0.501469507715	0.441219691403	0.033798677443
-hau	0.00293842660612	0.979698143449	0.0117537064245	0.00560972352077
-tom	0.252802026822	0.351141464489	0.0884807093878	0.307575799301
-276	0.0	0.253731343284	0.0	0.746268656716
-olö	0.04726494075	0.770495999865	0.0790054579343	0.103233601451
-sto	0.00569503425023	0.974944516762	0.00263011886217	0.0167303301253
-dot	0.0357142857143	0.928571428571	0.0357142857143	0.0
-sta	0.284831846259	0.540150995196	0.102951269732	0.0720658888126
-ain	0.0492862257568	0.803235979707	0.0738912503619	0.0735865441748
-ank	0.172664812694	0.210289546867	0.0362342548667	0.580811385572
-dou	0.09	0.91	0.0	0.0
-iok	0.0562261753494	0.917407878018	0.000952986022871	0.0254129606099
-lei	0.621153214928	0.19165646759	0.0576568124926	0.129533504989
-lek	0.0559036669754	0.944096333025	0.0	0.0
-mua	0.193921232877	0.255136986301	0.49272260274	0.0582191780822
-ion	0.0419185239433	0.860603145802	0.0397870735733	0.0576912566813
-len	0.266401146254	0.548385433176	0.0484365720461	0.136776848524
-mum	0.81779661017	0.139830508475	0.021186440678	0.021186440678
-mul	0.0944881889764	0.803149606299	0.102362204724	0.0
-mun	0.0725760533594	0.810053006887	0.0483806463858	0.068990293368
-oie	0.610445859873	0.186496815287	0.08025477707	0.122802547771
-tiu	0.0067415730337	0.989887640449	0.0	0.00337078651685
-oia	0.408401209842	0.329977437468	0.0954055785987	0.166215774091
-ola	0.633306962025	0.184335443038	0.103243670886	0.0791139240506
-ios	0.0	0.924528301887	0.0754716981132	0.0
-oin	0.669813441223	0.179141380085	0.0496740840638	0.101371094628
-ler	0.40187162248	0.245016375039	0.0939190112325	0.259192991249
-obe	0.255933952528	0.389060887513	0.141382868937	0.213622291022
-oik	0.169811320755	0.415094339623	0.415094339623	0.0
-iou	0.264147051989	0.399157651552	0.0242570339553	0.312438262504
-iot	0.0309788348351	0.9624993052	0.00652185996528	0.0
-rra	0.573770491803	0.114754098361	0.0655737704918	0.245901639344
-eie	0.631927850133	0.250581823458	0.0567417845122	0.0607485418968
-alu	0.445993031359	0.289198606272	0.216027874564	0.0487804878049
-gir	0.163629563447	0.66474120556	0.145448500842	0.0261807301515
-ole	0.513113284176	0.317640853614	0.0797493591569	0.0894965030539
-gin	0.238709677419	0.674193548387	0.0870967741936	0.0
-gil	0.411239911498	0.425409548009	0.0424187222574	0.120931818236
-oki	0.360379346681	0.394099051633	0.0948366701792	0.150684931507
-ali	0.496362480576	0.414606582851	0.0503249046475	0.0387060319254
-nda	0.0	1.0	0.0	0.0
-ale	0.704566925545	0.125228346277	0.0278083885562	0.142396339622
-gia	0.433759517773	0.19407260211	0.0356115726616	0.336556307455
-ala	0.378553546325	0.341965722731	0.109252973916	0.170227757028
-iei	0.429138298317	0.389702065196	0.135738452267	0.0454211842207
-120	0.043795620438	0.211678832117	0.0	0.744525547445
-nat	0.0350877192982	0.71052631579	0.254385964912	0.0
-ömi	0.185410334346	0.136778115502	0.577507598784	0.100303951368
-öme	0.65671641791	0.34328358209	0.0	0.0
-lok	0.0	0.866716306776	0.0212211466865	0.112062546538
-öli	0.282282282282	0.486486486487	0.219219219219	0.012012012012
-pel	0.0	0.541666666667	0.440476190476	0.0178571428571
-pem	0.342281879195	0.342281879195	0.255033557047	0.0604026845638
-pen	0.313645621181	0.625254582485	0.0366598778004	0.0244399185336
-loi	0.465601965602	0.455773955774	0.0712530712531	0.00737100737101
-orö	0.263941346368	0.736058653632	0.0	0.0
-pei	0.199170124481	0.170878913617	0.0233874009808	0.606563560921
-ogi	0.407750659631	0.409083113457	0.0920976253297	0.0910686015831
-150	0.0730282375852	0.75170399221	0.0292112950341	0.14605647517
-153	0.0425531914894	0.063829787234	0.0425531914894	0.851063829787
-eli	0.123781488273	0.681980503812	0.107615095068	0.0866229128462
-elo	0.0164540022994	0.96888252257	0.00915996004297	0.00550351508755
-ogo	0.580168776371	0.419831223629	0.0	0.0
-ela	0.435820130389	0.389901682459	0.0957408066759	0.0785373804764
-oge	0.798927613941	0.16890080429	0.0321715817694	0.0
-ele	0.446124376428	0.119490284052	0.103766530428	0.330618809092
-loe	0.894736842105	0.105263157895	0.0	0.0
-abu	0.151578947368	0.848421052632	0.0	0.0
-öma	0.421065434201	0.501094624179	0.00364874726345	0.0741911943566
-pni	0.87898089172	0.12101910828	0.0	0.0
-100	0.0360411899313	0.144450800915	0.0	0.819508009153
-esu	0.00419213184916	0.735730277422	0.00337135475709	0.256706235972
-ito	0.171648099013	0.772115881616	0.0184988084851	0.0377372108856
-esi	0.196970247886	0.135050162829	0.0373607016552	0.63061888763
-rie	0.576237623762	0.315247524752	0.049900990099	0.0586138613861
-eso	0.157608695652	0.239130434783	0.0	0.603260869565
-iti	0.434042553191	0.540425531915	0.0	0.0255319148936
-esa	0.00167673341843	0.994321970924	0.0	0.00400129565764
-ite	0.924812030075	0.018045112782	0.0270676691729	0.0300751879699
-ese	0.484602480999	0.219282622652	0.262047756125	0.0340671402241
-ita	0.0230132902306	0.943482291212	0.0088876807659	0.0246167377915
-spa	0.0533333333334	0.884444444444	0.0622222222222	0.0
-töl	0.374906749083	0.495379321895	0.10680084649	0.0229130825328
-bru	0.0	0.961384152457	0.0325977933801	0.00601805416248
-alö	0.179986001358	0.0754413306379	0.00472887525423	0.73984379275
-mma	0.703125	0.140625	0.0	0.15625
-ötö	0.641151997415	0.222886456356	0.0959728561619	0.0399886900674
-töe	0.963963963964	0.0	0.036036036036	0.0
-uda	0.0438291731253	0.951894809984	0.00427601689029	0.0
-hul	0.772327964861	0.120058565154	0.01756954612	0.0900439238653
-hum	0.645962732919	0.27950310559	0.0745341614907	0.0
-hun	0.0345414677502	0.91383270545	0.0176434835271	0.0339823432723
-uol	0.407127231757	0.0668068292401	0.143309796434	0.382756142569
--si	0.225750434135	0.661374348797	0.0677251302406	0.0451500868271
-hua	0.129668050657	0.795568388604	0.0228629638867	0.0519005968524
-rik	0.0175541252194	0.565493605283	0.399398144278	0.0175541252194
-abe	0.67391285029	0.25467393951	0.0362042581326	0.0352089520671
-aba	0.0396169674723	0.0326960028388	0.00397313225182	0.923713897437
-ron	0.221409813278	0.196068238633	0.0661762464807	0.516345701609
-ria	0.167110515011	0.347954686198	0.0241939461556	0.460740852636
-hus	0.585350193512	0.344379246999	0.0438745117623	0.0263960477269
-koe	0.481101968625	0.364522454629	0.101507228545	0.0528683482005
-tua	0.0983606557377	0.491803278689	0.377049180328	0.0327868852459
-tam	0.0	1.0	0.0	0.0
-ier	0.732862312677	0.0804889664962	0.0318284652639	0.154820255563
-tue	0.326732673267	0.584158415842	0.0	0.0891089108911
-kom	0.0	0.978768577495	0.0212314225053	0.0
-tui	0.258710452543	0.31718061674	0.366439727673	0.0576692030437
-kon	0.258964143426	0.621513944223	0.107569721116	0.0119521912351
-tul	0.0666666666666	0.92	0.0133333333333	0.0
-ael	0.0355586795739	0.94177783061	0.00847619687518	0.0141872929405
-sos	0.0169014084507	0.881690140845	0.0	0.101408450704
-oru	0.0888129524632	0.0497124401202	0.129187442954	0.732287164462
-kou	0.200269136389	0.799730863611	0.0	0.0
-kot	0.272946588238	0.516038149652	0.0202163913039	0.190798870806
-tur	0.353580922045	0.393462156653	0.228911586578	0.0240453347246
-ori	0.0356977257757	0.0455083297146	0.00459953310234	0.914194411407
-tut	0.0831342570473	0.199235547062	0.701385570951	0.0162446249403
-kop	0.0965726417956	0.86169244768	0.0325144070367	0.00922050348801
-kos	0.419658886894	0.534111310592	0.0354578096948	0.0107719928187
-soe	0.631332813718	0.284489477786	0.0280592361652	0.0561184723305
-ora	0.211240310078	0.630087209302	0.0578972868217	0.100775193798
-soa	0.686259541985	0.226717557252	0.0274809160305	0.0595419847328
-ore	0.308396946565	0.327226463104	0.143511450382	0.220865139949
-rur	0.587975761638	0.0826561670995	0.122657842562	0.206710228701
-rus	0.382670196373	0.458334979652	0.0889275224887	0.0700673014869
-hir	0.431762935525	0.377011228151	0.081953929853	0.109271906471
-lip	0.00146950771491	0.996326230713	0.0017634092579	0.000440852314474
-rut	0.0	1.0	0.0	0.0
-lis	0.547924549377	0.35003187989	0.0280403408588	0.0740032298749
-lil	0.00275482093664	0.517906336088	0.446280991736	0.0330578512397
-lim	0.165644171779	0.723926380368	0.110429447853	0.0
-omi	0.157093157179	0.418934336672	0.268616528929	0.155355977221
-rui	0.453374638867	0.187615301612	0.0702078039612	0.288802255561
-run	0.343391415215	0.360815979601	0.146196345091	0.149596260093
-lii	0.271481942715	0.724782067248	0.0	0.00373599003736
-rum	0.114632701422	0.522808056872	0.269253554502	0.0933056872039
-lie	0.894220283533	0.0665212649945	0.00654307524536	0.0327153762268
-öho	0.516567083107	0.4520640956	0.0264801738186	0.0048886474742
-sbe	0.408163265306	0.591836734694	0.0	0.0
-lia	0.0768631551357	0.0460858729111	0.00294362085406	0.874107351099
-rue	0.346778808164	0.185424027466	0.114932924005	0.352864240365
-eas	0.195121951219	0.772357723577	0.0	0.0325203252033
-eat	0.0	1.0	0.0	0.0
-lna	0.594717774921	0.267149701998	0.0958279770948	0.0423045459857
-abi	0.0686339965282	0.24569368407	0.087595139538	0.598077179864
-oda	0.0247320692498	0.962901896125	0.0123660346249	0.0
-gat	0.77623166604	0.100152067629	0.0	0.123616266331
-eam	0.00683111954459	0.979506641366	0.0	0.0136622390892
-eal	0.0	0.986301369863	0.0	0.013698630137
-rni	0.0	1.0	0.0	0.0
-uri	0.226822444902	0.3297754004	0.122096413326	0.321305741372
-ehi	0.484098939929	0.254416961131	0.0494699646642	0.212014134276
-ura	0.381701889351	0.339169393109	0.138237981549	0.140890735992
-ehe	0.191860465116	0.773255813954	0.0	0.0348837209302
-ure	0.473394495413	0.444036697248	0.0165137614679	0.0660550458715
-eha	0.0877749576988	0.0618503746676	0.045322697607	0.805051970027
-rim	0.0	1.0	0.0	0.0
-skö	0.193807911214	0.254653941038	0.361259137912	0.190279009836
-uru	0.00702127480658	0.0142425508125	0.00452120287682	0.974214971504
-isu	0.698863636364	0.232954545454	0.0681818181818	0.0
-pai	0.0693374422188	0.892141756549	0.0138674884438	0.0246533127889
-pak	0.116883116883	0.256029684601	0.627087198516	0.0
-pal	0.053605376708	0.364397863019	0.0943275548905	0.487669205383
-pam	0.459610027855	0.181058495822	0.158774373259	0.200557103064
-pan	0.0810998947679	0.417408808712	0.335296492628	0.166194803893
-ikö	0.104335633574	0.688046994566	0.170731036758	0.036886335102
-ais	0.692545932251	0.291073117721	0.0132063473091	0.00317460271852
-api	0.473825432735	0.368829027902	0.0421774433981	0.115168095965
-apo	0.687857749146	0.190872091758	0.0440725183363	0.07719764076
-apu	0.354761472882	0.585180482496	0.0111735896971	0.0488844549247
-par	0.533	0.243	0.023	0.201
-pas	0.0563310211073	0.929510914764	0.0141580641286	0.0
-pat	0.0	0.959318497914	0.0406815020862	0.0
-mir	0.231003543116	0.473184471464	0.245214243838	0.0505977415819
-nun	0.0490124859472	0.554702295529	0.0311957493844	0.36508946914
-lus	0.733171278983	0.142109199701	0.103403141361	0.0213163799551
-ohu	0.666436940041	0.243969676085	0.0482425913163	0.0413507925569
-kem	0.0	1.0	0.0	0.0
-kel	0.209698601898	0.783518693997	0.00678270410453	0.0
-sus	0.101913638118	0.691170793581	0.188385815916	0.0185297523851
-sur	0.33534018599	0.236747657611	0.15006298418	0.277849172218
-kei	0.625927985905	0.187904216515	0.02344495907	0.162722838511
-sop	0.0	0.916666666667	0.0833333333333	0.0
-ens	0.0449064449065	0.936382536383	0.018711018711	0.0
-sun	0.366119762167	0.311531976425	0.282309214201	0.0400390472064
-sum	0.308247643413	0.347034570599	0.0379689155582	0.30674887043
-sul	0.602323644871	0.208351507461	0.115190927475	0.0741339201925
-tun	0.0414938079333	0.541344439041	0.0364748419221	0.380686911104
-sui	0.525547445256	0.313868613139	0.029197080292	0.131386861314
-500	0.169675090253	0.0830324909747	0.0	0.747292418773
-sor	0.0741918388977	0.925808161102	0.0	0.0
-nur	0.224507664362	0.606562732773	0.0661892502907	0.102740352574
-nus	0.0	1.0	0.0	0.0
-lel	0.111600545641	0.0587164270877	0.144338333316	0.685344693956
-som	0.304347826087	0.289855072464	0.376811594203	0.0289855072464
-tsa	0.00194931773879	0.998050682261	0.0	0.0
-ngö	0.880134581071	0.0507289017122	0.00882654417068	0.0603099730458
-lui	0.69068287037	0.240451388889	0.0199652777778	0.048900462963
-oen	0.436443696037	0.24942477673	0.036323912974	0.27780761426
--tu	0.231932773109	0.171428571429	0.489075630252	0.10756302521
-son	0.0429659038256	0.819736772433	0.0454794842291	0.0918178395123
-dis	0.0	1.0	0.0	0.0
-soi	0.320388349514	0.101941747573	0.0873786407767	0.490291262136
-oro	0.105236399901	0.552509406132	0.0312677618113	0.310986432156
-ska	0.0020093770931	0.974101361911	0.00468854655057	0.0192007144452
-öem	0.48322740113	0.333686440678	0.132415254237	0.0506709039548
-uku	0.281535048259	0.173737015265	0.108612655437	0.436115281039
-ihe	0.79347826087	0.152173913043	0.0326086956522	0.0217391304348
-ven	0.140224528702	0.777165854692	0.0	0.0826096166067
-eis	0.063202247191	0.932584269663	0.00421348314607	0.0
-iho	0.020618556701	0.814432989691	0.164948453608	0.0
-nön	0.0159574468085	0.984042553192	0.0	0.0
-uka	0.260588235294	0.619411764706	0.116470588235	0.00352941176471
-uke	0.630465444288	0.263751763047	0.0592383638928	0.0465444287729
-ihu	0.57299270073	0.383211678832	0.0437956204379	0.0
-nna	0.446672019033	0.300411771274	0.138114243207	0.114801966487
-öei	0.626333606894	0.265695527288	0.044752769799	0.0632180960197
-ait	0.0	0.849149338374	0.150850661626	0.0
-jiu	0.0340275095227	0.778618265032	0.123763513943	0.0635907115021
-tir	0.535559190119	0.208815069652	0.227990525069	0.0276352151599
-örö	0.0605652759085	0.335127860027	0.592193808883	0.0121130551817
-sol	0.0389579220159	0.909888867481	0.019938243029	0.0312149674738
-ögu	0.99250396425	0.00749603575032	0.0	0.0
