-leh	0.309560271275	0.536206519361	0.150951651717	0.00328155764603
-caa	0.605882568942	0.278999742959	0.0605882568942	0.0545294312048
-cak	0.415743635465	0.241289764963	0.183922321328	0.159044278245
-cai	0.564676616916	0.323383084577	0.0261194029851	0.0858208955224
-cah	0.43621817159	0.305013633771	0.152198201436	0.106569993203
-hep	0.524558116804	0.26814368331	0.164942575548	0.0423556243382
-cam	0.669046879851	0.271344303011	0.0186277553555	0.0409810617821
-cal	0.281318368561	0.546225390211	0.140830991472	0.0316252497567
-hel	0.389027988912	0.388342424513	0.151479924886	0.0711496616889
-iva	0.00861326442721	0.982342807924	0.0	0.00904392764859
-hen	0.0149679020259	0.897333568187	0.0111109211908	0.0765876085958
-cap	0.63240917782	0.237571701721	0.0702676864244	0.0597514340344
-heh	0.654345931384	0.25394184296	0.00118849536487	0.0905237302908
-euh	0.62490508732	0.309035687168	0.0318906605922	0.0341685649203
-cau	0.483726379056	0.255284470025	0.203229256863	0.0577598940559
-hek	0.682768924303	0.0494687915007	0.00962815405046	0.258134130146
-hee	0.272058823529	0.560160427807	0.0133689839572	0.154411764706
-lem	0.0181761593526	0.944849050731	0.0110799875506	0.0258948023654
-'be	0.488	0.112	0.352	0.048
-hba	0.313432835821	0.537313432836	0.149253731343	0.0
-'bi	0.413426169207	0.449947451393	0.0315291644771	0.105097214924
-zin	0.0	1.0	0.0	0.0
-nso	0.847826086957	0.0543478260869	0.0326086956521	0.0652173913043
-nsi	0.0	0.969387755102	0.0	0.0306122448979
-auh	0.463201651851	0.232237159486	0.188618932152	0.115942256511
-aum	0.0124223602485	0.978260869565	0.00465838509317	0.00465838509317
-nsa	0.192501802451	0.165104542177	0.620043258832	0.0223503965393
-pla	0.27324992319	0.324663565522	0.208997974468	0.19308853682
-puu	0.135338345865	0.827067669173	0.0375939849624	0.0
-pup	0.207989435457	0.513370749422	0.133377352262	0.145262462859
-lah	0.425908706813	0.0899343199456	0.0335390520661	0.450617921175
--um	0.142255819947	0.525298513873	0.316983077055	0.0154625891246
-kia	0.056206088993	0.925058548009	0.0140515222482	0.00468384074943
--uk	0.0615524155574	0.746548877117	0.173795055692	0.0181036516345
-pue	0.376052208455	0.623947791545	0.0	0.0
-wma	0.557823129252	0.221088435374	0.149659863945	0.0714285714285
-pak	0.514117647059	0.324705882353	0.104705882353	0.0564705882353
-aah	0.191489361702	0.468085106383	0.0	0.340425531915
--up	0.104166666667	0.560606060606	0.125	0.210227272727
-her	0.0455235204856	0.954476479514	0.0	0.0
-pum	0.0801134884171	0.527568891994	0.221043450298	0.171274169291
-pui	0.107461993504	0.722716699756	0.0699449665126	0.0998763402275
-puk	0.724137931034	0.189655172414	0.051724137931	0.0344827586207
-ban	0.413678985108	0.288472145615	0.23166023166	0.0661886376172
-hem	0.0560349923159	0.874019781692	0.0496512590141	0.020293966978
-das	0.0680428900692	0.912716705081	0.0	0.0192404048502
-sis	0.0	1.0	0.0	0.0
-sma	0.720875616745	0.246303119097	0.026716652662	0.00610461149534
-msa	0.0604052204816	0.810063111456	0.102438675681	0.0270929923817
-kih	0.281409364859	0.53685674548	0.0908669448308	0.0908669448308
-gka	0.146128462649	0.786709254734	0.02865057691	0.0385117057069
-rbe	0.0821167883211	0.917883211679	0.0	0.0
-vik	0.524777525737	0.192374803699	0.0209387541441	0.261908916419
-dek	0.0596317047046	0.913178709731	0.0123589025295	0.0148306830354
-gki	0.15888583533	0.782112699503	0.0464578465878	0.0125436185787
-'tu	0.0600065533583	0.0655037189678	0.01395638189	0.860533345784
-den	0.377245508982	0.488023952096	0.0359281437126	0.0988023952096
-ima	0.111111111111	0.861111111111	0.0	0.0277777777778
-'ti	0.446156668501	0.103467253715	0.030269675289	0.420106402495
-der	0.302702702703	0.6	0.0972972972973	0.0
-ime	0.168360583296	0.729120636323	0.0662836942112	0.0362350861688
-kim	0.0	1.0	0.0	0.0
-imi	0.0161544415346	0.0270080782503	0.00255661833933	0.954280861876
-vin	0.0465596483048	0.925864250983	0.0173183241191	0.0102577765936
-kil	0.0663441603317	0.891499654457	0.0165860400829	0.0255701451279
-enn	0.36232957526	0.444427984601	0.0876748108037	0.105567629335
-lla	0.23621037185	0.38756884703	0.218251520334	0.157969260786
-bir	0.227327690447	0.453446191052	0.217654171705	0.101571946796
-obo	0.284810126582	0.0379746835443	0.0379746835443	0.639240506329
-idi	0.321658515991	0.631003060901	0.047338423108	0.0
-voe	0.751943462898	0.248056537102	0.0	0.0
-let	0.345565617673	0.521607261933	0.0835681559079	0.0492589644862
-ide	0.422935619314	0.302834149755	0.0516095171449	0.222620713786
-ida	0.0138121546961	0.986187845304	0.0	0.0
-tlo	0.122269217711	0.21447491591	0.583791184245	0.0794646821344
-bia	0.0574712643678	0.896551724138	0.00766283524903	0.0383141762452
-bin	0.0	0.35303514377	0.0	0.64696485623
-tla	0.45178640956	0.316889507929	0.0500218760411	0.18130220647
-bim	0.298850574713	0.597701149425	0.0344827586207	0.0689655172414
-bih	0.84100715385	0.0830632703274	0.0123813870321	0.0635481887902
-bii	0.346050087325	0.460450193363	0.0433897829341	0.150109936377
-ter	0.0205908527754	0.951227598723	0.00471146631302	0.0234700821889
-hla	0.0750390282484	0.581656454755	0.0782782002588	0.265026316738
-ria	0.00830742844892	0.953505198842	0.0337656769214	0.00442169578733
-rin	0.0310858143608	0.946584938704	0.0105078809107	0.0118213660245
-bbi	0.0756302521008	0.689075630252	0.0	0.235294117647
-rim	0.00684931506848	0.993150684932	0.0	0.0
-rik	0.0928224913098	0.37969364758	0.504564727453	0.0229191336567
-hli	0.0174070503194	0.0643173435467	0.0186552432948	0.899620362839
-rii	0.311281910513	0.573428493	0.115289596486	0.0
-hlu	0.545454545455	0.272727272727	0.0	0.181818181818
-riu	0.0	1.0	0.0	0.0
-tee	0.0665342601787	0.646474677259	0.0119165839126	0.275074478649
-rip	0.0317157371804	0.0471806674338	0.0970978697128	0.824005725673
-gre	0.262443438914	0.651583710407	0.0678733031674	0.0180995475113
-teh	0.06006006006	0.681681681682	0.24024024024	0.018018018018
-tek	0.827662018786	0.121417303299	0.027202362149	0.0237183157654
-tel	0.0336071695295	0.932785660941	0.0	0.0336071695295
-tem	0.664233576642	0.273722627737	0.0109489051095	0.051094890511
-ten	0.136640557006	0.79634464752	0.0121845082681	0.0548302872062
-gyo	0.598765432099	0.243827160494	0.0416666666667	0.115740740741
-are	0.143462250118	0.0434459238835	0.202989514929	0.610102311069
-ara	0.357091684797	0.457125858675	0.147870283393	0.0379121731349
-lup	0.468409700668	0.283023830817	0.187805776211	0.0607606923037
-pat	0.256325941372	0.462833005841	0.0316798331796	0.249161219607
-lur	0.572727272727	0.372727272727	0.0272727272727	0.0272727272727
-arh	0.162222222222	0.510617283951	0.058024691358	0.269135802469
-luu	0.0270157938487	0.959995843724	0.00394846217789	0.00903990024937
-gya	0.26162260711	0.0765724703738	0.0601640838651	0.601640838651
-dum	0.120483487582	0.817965386158	0.0205035084175	0.0410476178419
-lui	0.0386382079968	0.891943994585	0.0399479777594	0.0294698196586
-luk	0.552339279704	0.354762706159	0.0464490070684	0.0464490070683
-lum	0.380587998389	0.498187676198	0.104309303262	0.0169150221506
-lun	0.387912247566	0.401133226791	0.065378468691	0.145576056952
-mel	0.548526046574	0.0868219141204	0.021088526944	0.343563512361
-alh	0.207200943318	0.393398560783	0.218424308527	0.180976187373
-lut	0.256329113924	0.534810126582	0.208860759494	0.0
-lue	0.459078220586	0.310179960801	0.165112549742	0.0656292688721
-mek	0.0	1.0	0.0	0.0
-pha	0.63967402533	0.128594244875	0.0191614389438	0.212570290851
-aya	0.0501272258563	0.820901288475	0.0499364466903	0.0790350389786
-phe	0.656352146437	0.182346801849	0.0404628918123	0.120838159902
-uut	0.54643460951	0.267669253311	0.125875859704	0.0600202774748
-phi	0.196261682243	0.764485981308	0.011214953271	0.0280373831776
-pho	0.786968635299	0.066361490269	0.0784941790301	0.0681756954017
-nah	0.108331358232	0.748472018819	0.0049807521026	0.138215870847
-phu	0.187341855972	0.470276799642	0.261566046136	0.0808152982499
--ka	0.0555555555555	0.361111111111	0.425925925926	0.157407407407
-vui	0.359504781918	0.595692612094	0.0339632658295	0.0108393401583
-mnu	0.0145044319098	0.98549556809	0.0	0.0
-gim	0.193812690598	0.788000146967	0.00936914428482	0.00881801815043
-cik	0.124636058231	0.865957446809	0.0094064949608	0.0
-ota	0.021778584392	0.94555353902	0.032667876588	0.0
-sut	0.167705056842	0.0836719789467	0.0620279371544	0.686595027057
-ote	0.0177558569667	0.972626387176	0.00369913686806	0.0059186189889
-nan	0.0854633668819	0.041932487402	0.00737734610479	0.865226799611
-vet	0.0	0.255813953488	0.418604651163	0.325581395349
--el	0.0323659510195	0.948214478369	0.0	0.0194195706117
-umm	0.132919805051	0.845813026141	0.0106335844041	0.0106335844041
-kbo	0.605605605606	0.201201201201	0.106106106106	0.0870870870871
-keh	0.21864866173	0.71685784812	0.0644934901505	0.0
-nha	0.257731958763	0.20618556701	0.451733833177	0.0843486410497
-iil	0.421484699419	0.399076854277	0.118986775698	0.0604516706062
ALL	0.218499660483	0.283157936948	0.053285967999	0.44505643457
-nai	0.17089843216	0.647435511831	0.146175005332	0.0354910506773
-akk	0.203427307905	0.371475953566	0.24543946932	0.17965726921
-nam	0.248533461032	0.529510355561	0.118520292111	0.103435891297
-kik	0.208638360176	0.366764275256	0.0732064421669	0.351390922401
-hbu	0.397196261682	0.491588785047	0.109345794392	0.00186915887851
-naa	0.101287407676	0.836805728753	0.0453767586388	0.0165301049327
-kin	0.0	1.0	0.0	0.0
-aka	0.0570193317588	0.023817867202	0.00349386889361	0.915668932146
-sit	0.473962930274	0.157105030891	0.293027360988	0.0759046778464
-sik	0.0633802816902	0.169014084507	0.767605633803	0.0
-kir	0.0643367752184	0.792692613185	0.0571882446386	0.0857823669579
-sii	0.246339362618	0.665980525263	0.0375771909079	0.0501029212105
-sih	0.51065494546	0.104708427302	0.0270631012105	0.357573526027
-sil	0.224851407424	0.719449740197	0.0323352398041	0.0233636125752
-nas	0.0180785123967	0.9375	0.0118801652892	0.032541322314
-sia	0.00398600469463	0.986713317685	0.00398600469463	0.00531467292617
-naw	0.0577062955744	0.892602172125	0.0496915323002	0.0
-nat	0.263043833507	0.355480275247	0.301066757307	0.0804091339392
-nau	0.0409219203997	0.898030352132	0.0303161241895	0.0307316032784
-mos	0.0263157894737	0.947368421053	0.0131578947368	0.0131578947368
-mor	0.0	0.964285714286	0.0357142857143	0.0
-oen	0.150326784043	0.040670243217	0.0124410336247	0.796561939115
-suh	0.00763225656907	0.775759083364	0.00354432427566	0.213064335792
-goe	0.495451442855	0.275696753633	0.116060269247	0.112791534265
-gog	0.0373831775701	0.943925233645	0.018691588785	0.0
-moe	0.170848587671	0.664404559931	0.0619102896092	0.102836562788
-lki	0.53125	0.31875	0.1125	0.0375
-mob	0.0835266821346	0.825986078886	0.0348027842227	0.0556844547564
-mon	0.00861543729096	0.989684147454	0.000453444067945	0.00124697118685
-mok	0.794871794872	0.186813186813	0.0	0.018315018315
-moi	0.0918264379415	0.78102926337	0.0302724520686	0.0968718466196
-uuk	0.676083884827	0.192675709573	0.0726090784857	0.058631327114
-yat	0.192368338064	0.545884578997	0.110375275938	0.151371807001
-cok	0.14375	0.2	0.65625	0.0
-mfa	0.0	1.0	0.0	0.0
-bet	0.0985412241009	0.294695146733	0.254684204295	0.352079424871
-eng	0.299883436879	0.215492500195	0.129737031734	0.354887031192
-eon	0.039309683605	0.94343240652	0.0115052732502	0.00575263662511
-yaa	0.0350877192983	0.140350877193	0.649122807018	0.175438596491
-lpa	0.127516778523	0.768456375839	0.10067114094	0.00335570469799
-bem	0.234042553191	0.734042553192	0.031914893617	0.0
-yam	0.400824317362	0.503348789284	0.0278207109737	0.0680061823802
-cot	0.625625892267	0.242092723233	0.0585507767459	0.0737306077542
-yan	0.0628195318749	0.109627691024	0.433911244044	0.393641533057
-yai	0.334437086093	0.533112582781	0.132450331126	0.0
-yah	0.285601090668	0.363520898635	0.150316363509	0.200561647188
-yak	0.114513344565	0.362069465453	0.504669430031	0.018747759951
-rek	0.628715954776	0.282761744776	0.0262358203884	0.0622864800589
-reh	0.387096774193	0.564516129032	0.0161290322581	0.0322580645161
-isi	0.0230932792636	0.956612626838	0.0160953158504	0.00419877804792
-ish	0.0217391304348	0.978260869565	0.0	0.0
-ise	0.47311827957	0.41935483871	0.010752688172	0.0967741935484
-rea	0.217573221757	0.707112970711	0.00836820083681	0.0669456066945
-isa	0.0731498551488	0.554911772452	0.366407690282	0.00553068211747
-ree	0.430009149131	0.479806561234	0.0117631682133	0.0784211214221
-rez	0.0	1.0	0.0	0.0
-eva	0.376067980743	0.402189161707	0.100687398056	0.121055459495
-ann	0.0933333333333	0.844235294118	0.0451764705882	0.0172549019608
-rep	0.063274203957	0.496062413759	0.0437567878111	0.396906594473
-evi	0.103676913803	0.881856540084	0.00723327305606	0.00723327305607
-ret	0.0282907662082	0.96463654224	0.00353634577603	0.00353634577603
-reu	0.76053002765	0.116762606545	0.0498498673585	0.0728574984471
-haa	0.145346329682	0.835245406711	0.00905718968344	0.0103510739239
-hab	0.0362903225806	0.963709677419	0.0	0.0
-hah	0.385318731274	0.415280504184	0.146709370803	0.0526913937391
-hai	0.207917273552	0.250832509964	0.155346303573	0.38590391291
-mas	0.0285714285714	0.939097744361	0.00902255639098	0.0233082706767
-mar	0.0	1.0	0.0	0.0
-hal	0.222713656111	0.531673959755	0.180053012124	0.0655593720102
-ham	0.0268914549756	0.0817549920124	0.00998111652039	0.881372436492
-han	0.0621244939499	0.859734459005	0.0351258613086	0.043015185736
-mai	0.15943765616	0.100923393249	0.0551448892667	0.684494061324
-mah	0.0694396054606	0.058752432602	0.108649265812	0.763158696125
-har	0.0792452830189	0.750943396226	0.101886792453	0.0679245283019
-has	0.0731707317073	0.926829268293	0.0	0.0
-hat	0.0298243378441	0.110221623044	0.0491569234618	0.81079711565
-mal	0.828451882845	0.0460251046025	0.0125523012552	0.112970711297
-man	0.251492095312	0.61524443027	0.0758576700533	0.0574058043647
-maa	0.615442846329	0.267221801665	0.0772142316427	0.0401211203633
-haz	0.0	1.0	0.0	0.0
-wca	0.0924564389619	0.768247673528	0.0794597787877	0.0598361087227
-eii	0.20369119964	0.114505964438	0.0351676794958	0.646635156426
-unn	0.796721311475	0.0590163934426	0.104918032787	0.0393442622951
-hii	0.159725624694	0.657030867222	0.143557079863	0.0396864282215
-ung	0.328490298158	0.527925899585	0.0654928722581	0.0780909299996
-una	0.370452129834	0.367406589813	0.158919957485	0.103221322868
-eor	0.0	1.0	0.0	0.0
-wnn	0.396226415094	0.528301886792	0.0754716981132	0.0
-pta	0.0	1.0	0.0	0.0
-wng	0.131915420155	0.0548936248946	0.0148296684708	0.798361286479
-wna	0.416314805268	0.270801475022	0.0666839975882	0.246199722123
-nla	0.290014811182	0.166780715418	0.0790413066267	0.464163166773
-bar	0.0960698689956	0.860262008734	0.00436681222707	0.0393013100437
-tra	0.0	0.98682766191	0.01317233809	0.0
-w-u	0.714285714286	0.285714285714	0.0	0.0
-gaa	0.0152986822809	0.0735497093078	0.0224741704304	0.888677437981
-gan	0.201680672269	0.564945978391	0.151260504202	0.082112845138
-gam	0.496284062758	0.185796862097	0.157720891825	0.16019818332
-gak	0.323308568337	0.246506288022	0.395544939891	0.0346402037504
-gai	0.328914873242	0.192782621844	0.228945113654	0.249357391261
-gah	0.0938855558966	0.0276917507458	0.00581911738072	0.872603575977
-gaw	0.208216489063	0.624929893438	0.121985417835	0.0448681996635
-iko	0.00607902735562	0.993920972644	0.0	0.0
-gau	0.180597193908	0.369109005876	0.374865091738	0.0754287084783
-adu	0.0985576923077	0.538461538462	0.290865384615	0.0721153846154
-gar	0.0513552068473	0.928673323823	0.00855920114123	0.0114122681883
-aat	0.445624737064	0.33708456037	0.130206142196	0.0870845603702
-ben	0.114305071206	0.280772454748	0.168121784288	0.436800689757
-aaw	0.24359996526	0.329580692625	0.0263644566605	0.400454885455
-sen	0.0214092459711	0.968160608556	0.00541112810258	0.0050190173705
-rzi	0.0526315789474	0.921052631579	0.0263157894737	0.0
-sek	0.0	1.0	0.0	0.0
-bel	0.432163780796	0.55539627157	0.007108541505	0.00533140612875
-inn	0.562781390695	0.369684842421	0.0	0.0675337668834
-seh	0.480902665239	0.0655785441144	0.00840207856226	0.445116712084
-ina	0.207634734835	0.296040222731	0.0419799696732	0.454345072761
-see	0.451178451178	0.510101010101	0.0252525252525	0.013468013468
-sea	0.0344827586207	0.965517241379	0.0	0.0
-ing	0.465905350868	0.403137501444	0.0679962650761	0.0629608826122
-uii	0.0810313075506	0.460405156538	0.447513812155	0.0110497237569
-cou	0.120481927711	0.867469879518	0.0	0.0120481927711
-oha	0.274841437632	0.53488372093	0.0507399577167	0.139534883721
-hsi	0.351906158358	0.243401759531	0.387096774194	0.0175953079179
-kna	0.23451935163	0.568013772666	0.133220546136	0.064246329568
-lca	0.137580098002	0.114210327931	0.701093102149	0.0471164719186
-inu	0.0643402949296	0.531609201543	0.00785835663262	0.396192146894
-sep	0.104579198824	0.864961411246	0.0112507656499	0.0192086242803
-lat	0.141211593353	0.73905067135	0.0537623363779	0.0659753989193
-kuu	0.30612244898	0.571428571429	0.0816326530612	0.0408163265306
-kut	0.178484355695	0.753039939721	0.00627903259769	0.0621966719859
-ede	0.0242192850171	0.0115328605384	0.00415202122445	0.96009583322
-iam	0.0443349753694	0.9039408867	0.0443349753694	0.00738916256158
-ghu	0.680290046144	0.185234014502	0.122610415293	0.0118655240606
-net	0.113636363636	0.0909090909091	0.704545454545	0.0909090909091
-ian	0.106288751107	0.674933569531	0.123117803366	0.0956598759964
-ner	0.0	0.913043478261	0.0869565217391	0.0
-nes	0.0	0.99	0.0	0.00999999999999
-nep	0.220004074149	0.119983703402	0.534732124669	0.12528009778
-sli	0.0	1.0	0.0	0.0
-nen	0.749103942652	0.193548387097	0.0	0.0573476702509
-nel	0.583333333333	0.128787878788	0.159090909091	0.128787878788
-aan	0.0563191238216	0.839789216421	0.0714225450958	0.0324691146621
-ghi	0.0178137651822	0.493522267206	0.0643724696357	0.424291497976
-neh	0.448038176034	0.192470837752	0.216330858961	0.143160127253
-iar	0.00183576061681	0.927181495533	0.0581324195325	0.0128503243177
-aai	0.223881371832	0.234812461275	0.327770012793	0.213536154101
-kum	0.0134601316752	0.946061936113	0.0222384784199	0.0182394537918
-kul	0.0917808219178	0.0349315068494	0.00410958904108	0.869178082192
-gha	0.0357686397913	0.928588749538	0.0117758459564	0.0238667647143
-kui	0.189595375723	0.761849710983	0.0138728323699	0.0346820809248
--na	0.381382738364	0.3059195662	0.260280162675	0.0524175327609
-uum	0.316476135015	0.327648099037	0.0722170960362	0.283658669912
-uul	0.399158122948	0.55515536164	0.040424866165	0.00526164924688
-bal	0.0363636363636	0.763636363636	0.145454545455	0.0545454545455
-uun	0.644626626713	0.206297565641	0.02068788657	0.128387921076
-uui	0.292174399756	0.439942718389	0.13108896327	0.136793918585
-aak	0.697290354824	0.185677345734	0.0283179180136	0.0887143814285
-bah	0.667667121419	0.154433833561	0.156616643929	0.0212824010914
-hoe	0.423094354825	0.159434643211	0.294344753496	0.123126248468
-ekk	0.178166247464	0.208136080061	0.100680856238	0.513016816237
-hok	0.622193533902	0.201448136506	0.050516389762	0.125841939829
-hoi	0.163306451613	0.727822580645	0.054435483871	0.0544354838709
-hon	0.234420605254	0.60428081315	0.00645194326385	0.154846638333
-hol	0.066237350506	0.873965041398	0.0597976080956	0.0
-hom	0.75796178344	0.24203821656	0.0	0.0
-hor	0.0	1.0	0.0	0.0
-hos	0.0344827586207	0.965517241379	0.0	0.0
-hop	0.61974789916	0.22268907563	0.063025210084	0.0945378151261
-iha	0.453343678328	0.465655433902	0.0496457054077	0.0313551823628
-him	0.472066055333	0.507846027418	0.0200879172482	0.0
-how	0.0439242969164	0.948293143093	0.000707505453687	0.00707505453688
-hot	0.199758162031	0.167110036276	0.135429262394	0.497702539299
-gse	0.043321299639	0.837545126354	0.119133574007	0.0
-baw	0.346539695473	0.509089983195	0.0962468808881	0.0481234404441
-bat	0.312809624912	0.398443029016	0.179051663128	0.109695682944
-gsa	0.0144265448425	0.973551334455	0.0120221207021	0.0
-bas	0.0306010928962	0.961338797814	0.00437158469946	0.00368852459016
-dru	0.0	1.0	0.0	0.0
-ase	0.00888888888887	0.991111111111	0.0	0.0
-his	0.0	1.0	0.0	0.0
-asa	0.493849777071	0.404408023486	0.0457268312103	0.0560153682326
-yet	0.357703169125	0.45403200502	0.0941324129275	0.0941324129276
-asi	0.013515386748	0.978375381203	0.0	0.00810923204879
-yeh	0.193382791283	0.207491554613	0.0440484864543	0.555077167649
-mbe	0.0276833414279	0.924235065566	0.0174842156387	0.0305973773676
-lta	0.0	0.96	0.04	0.0
-zor	0.0	1.0	0.0	0.0
-raw	0.531490015361	0.284178187404	0.10599078341	0.0783410138249
-rat	0.424299065421	0.209345794393	0.28785046729	0.0785046728972
-rau	0.270004470273	0.404112650872	0.293696915512	0.0321859633438
-ras	0.0203187250996	0.898406374502	0.0717131474104	0.00956175298805
-rap	0.452915200774	0.280830627789	0.21745663497	0.0487975364674
-ran	0.224364592463	0.712532865907	0.0210341805434	0.0420683610868
-eri	0.0059986669629	0.878582537214	0.0	0.115418795823
-ral	0.415155179363	0.440951229343	0.122128174123	0.0217654171705
-ram	0.0609212723448	0.745389825739	0.0212503611822	0.172438540734
-rak	0.232014779396	0.394153444903	0.0673766572484	0.306455118453
-rah	0.373326532394	0.456324953427	0.15887193	0.0114765841785
-rai	0.367040741756	0.325500343389	0.25404341276	0.0534155020947
-era	0.43371943372	0.298584298584	0.213642213642	0.054054054054
-raa	0.0892448512586	0.883295194508	0.0274599542334	0.0
-'ca	0.583941605839	0.197080291971	0.21897810219	0.0
-nni	0.0398009950249	0.880597014925	0.0597014925373	0.0199004975124
-pok	0.0983606557377	0.803278688525	0.0819672131148	0.016393442623
-poh	0.0246913580247	0.294238683128	0.631687242798	0.0493827160494
-aza	0.0344827586207	0.931034482759	0.0	0.0344827586207
-poe	0.511761055626	0.120069313538	0.0248217400977	0.343347890737
-laa	0.340087682572	0.45713908953	0.152824766402	0.049948461496
-ika	0.0	0.964912280702	0.0	0.0350877192982
-lal	0.4132	0.2594	0.1114	0.216
-lam	0.341765410192	0.441757343202	0.0625740377657	0.15390320884
-lan	0.100166597221	0.153485169506	0.0203582639228	0.72598996935
-nos	0.0	1.0	0.0	0.0
-not	0.134831460674	0.713483146068	0.151685393258	0.0
-lai	0.1039099288	0.812709685566	0.0416009278931	0.0417794577409
-oum	0.0344827586207	0.793103448276	0.103448275862	0.0689655172414
-lak	0.0649344081352	0.129308857105	0.0634490043519	0.742307730408
-kca	0.200095556617	0.651027233636	0.0561872909699	0.0926899187769
-aal	0.178289491486	0.555183006777	0.088528487368	0.177999014369
-law	0.888856095604	0.024535303801	0.010504205056	0.0761043955391
-lap	0.813164983303	0.111363627074	0.0145514594378	0.0609199301857
-nom	0.861367837338	0.110905730129	0.0	0.0277264325323
-non	0.0	0.905759162304	0.0942408376963	0.0
-las	0.0566778232726	0.912740617408	0.0171256732191	0.0134558861007
-ppa	0.0741831027377	0.913453046806	0.00264939652635	0.00971445392993
-ahe	0.0690130427168	0.0715276567856	0.0509426648639	0.808516635634
-noe	0.452388195923	0.334651658047	0.0730149072102	0.139945238819
-boe	0.283294798306	0.388472267249	0.234790539265	0.0934423951806
-ahi	0.775401069519	0.128342245989	0.0	0.096256684492
-gen	0.315028901734	0.0780346820809	0.606936416185	0.0
-aha	0.0308221740107	0.31675020573	0.0181790977781	0.634248522481
--im	0.051725235668	0.903968809806	0.0161493893419	0.0281565651837
-boi	0.0920770877945	0.8852248394	0.00256959314775	0.0201284796574
-bok	0.339460462278	0.502151296772	0.0332049296363	0.125183311314
-bot	0.217616580311	0.699481865285	0.0725388601036	0.0103626943005
-dod	0.0333333333333	0.866666666667	0.0333333333333	0.0666666666667
-doe	0.424988556147	0.468427012311	0.0556532633049	0.0509311682367
-don	0.0029225523624	0.991232342913	0.0029225523624	0.0029225523624
-dom	0.00937499999999	0.990625	0.0	0.0
-dok	0.433809297194	0.287665415403	0.180753873831	0.0977714135721
-geu	0.871794871795	0.0769230769231	0.0	0.0512820512819
-ahu	0.32884416161	0.213852301317	0.421784815747	0.0355187213261
-sas	0.0	0.97609561753	0.0239043824701	0.0
-gla	0.106809564973	0.0628869279616	0.0640299890395	0.766273518026
-rla	0.247968326735	0.533236090852	0.12085851219	0.097937070223
-toe	0.109300182472	0.188583526298	0.0459339472645	0.656182343965
-saw	0.253049549928	0.421552957012	0.160006730041	0.165390763018
-mia	0.04	0.946666666667	0.0133333333333	0.0
-sau	0.0357142857143	0.904761904762	0.047619047619	0.0119047619047
-sat	0.420365535248	0.532637075718	0.046997389034	0.0
-ibu	0.0322580645161	0.903225806452	0.0	0.0645161290323
-ddi	0.0	1.0	0.0	0.0
-tom	0.241379310345	0.264367816092	0.0689655172414	0.425287356322
-tok	0.179190751445	0.693641618497	0.104046242775	0.0231213872832
-toi	0.531774499188	0.299810503519	0.143543584191	0.0248714131023
-olh	0.272290333943	0.457737276869	0.241338953971	0.0286334352168
-oli	0.03125	0.9375	0.03125	0.0
-oll	0.280155642023	0.673151750973	0.0466926070039	0.0
-ibi	0.196945760927	0.746708794102	0.0310689836756	0.0252764612954
-sad	0.0	1.0	0.0	0.0
-sak	0.460810572476	0.0630233407433	0.00653531381309	0.469630772968
-ibe	0.0893749632504	0.800670312225	0.101134826836	0.00881989768918
-sai	0.747962324021	0.0966212340539	0.0105668533829	0.144849588543
-mpu	0.32	0.36	0.32	0.0
-iba	0.470045794074	0.48931798889	0.0151627675508	0.0254734494853
-sam	0.103717094114	0.829284826573	0.0387526833126	0.0282453960005
-sal	0.138784561201	0.786459340689	0.0493876027222	0.0253684953874
-lon	0.023644481317	0.951630333926	0.00687720370714	0.0178479810495
-lok	0.104575808415	0.811835915655	0.0749037797296	0.00868449620053
-loi	0.0	0.95474137931	0.0387931034483	0.00646551724137
-loe	0.083725967876	0.34381225927	0.272038120203	0.300423652651
-rod	0.0224311701082	0.915621927237	0.0519911504425	0.00995575221239
-roe	0.141755044133	0.13110944823	0.30788239378	0.419253113858
-oca	0.0208986415883	0.0752351097178	0.851619644723	0.0522466039707
-doh	0.194740416364	0.554879048311	0.176193710044	0.0741868252816
-map	0.0425490168885	0.675213014717	0.248807970708	0.0334299976864
-rom	0.04251831855	0.660721172387	0.253760123409	0.0430003856537
-ron	0.0955172588063	0.895992318189	0.008490423005	0.0
-los	0.0126811594203	0.980072463768	0.0	0.00724637681159
-ipi	0.263859535035	0.632336205495	0.00520240611283	0.0986018533572
-mau	0.078431372549	0.921568627451	0.0	0.0
-ipa	0.00888442132455	0.971993520227	0.00510762655168	0.014014431897
-dda	0.0292397660819	0.970760233918	0.0	0.0
-mat	0.705882352941	0.227344992051	0.0286168521462	0.0381558028616
-sap	0.509769094138	0.106571936057	0.351687388988	0.0319715808171
-taa	0.128057349577	0.684096795544	0.0332292683516	0.154616586528
-maw	0.0825045945621	0.69747170265	0.190223458889	0.0298002438982
-hka	0.0574714487828	0.912797362932	0.0131401233938	0.0165910648911
-ipp	0.235023041475	0.599078341014	0.165898617512	0.0
-ipt	0.00698117199069	0.917918341443	0.0624074465835	0.0126930399831
-awk	0.222717895368	0.412903567083	0.338987533722	0.0253910038263
-hap	0.412093747787	0.393046803087	0.078736812292	0.116122636834
-awi	0.129666581527	0.502493264934	0.0922515128591	0.275588640681
-awh	0.182571829392	0.0630333028919	0.0501749979279	0.704219869788
-pbu	0.0635294117647	0.738823529412	0.155294117647	0.0423529411764
-awn	0.615311211378	0.218219142555	0.0402567841166	0.126212861951
-awm	0.616249593576	0.0811563125311	0.0290610820275	0.273533011865
-awl	0.238177297789	0.609517836101	0.0215368706422	0.130767995468
-mak	0.224264705882	0.588235294118	0.0992647058824	0.0882352941177
-awr	0.143017865072	0.742057064781	0.0255389044771	0.0893861656699
-awp	0.692609785252	0.231443813586	0.0436780945654	0.0322683065973
-kad	0.0	1.0	0.0	0.0
-tol	0.078431372549	0.676470588235	0.186274509804	0.0588235294118
-hau	0.187958465612	0.156500472343	0.141082259385	0.514458802659
-kda	0.158878504673	0.81308411215	0.0	0.0280373831776
-haw	0.0945311306247	0.150888594475	0.0128582675432	0.741722007357
-bit	0.286334913112	0.55766192733	0.0908372827804	0.0651658767772
-ngh	0.127382525005	0.864125306662	0.0	0.00849216833365
-mpa	0.119207729939	0.686129569538	0.180758221914	0.0139044786088
-sta	0.0146914789422	0.904505386876	0.0808031341821	0.0
-wkk	0.401792096679	0.49508828149	0.0646040888878	0.0385155329428
-'uk	0.575757575758	0.280303030303	0.0984848484848	0.0454545454545
-cuk	0.507552870091	0.450151057402	0.0	0.0422960725076
-cui	0.390266925376	0.280402747916	0.131627248414	0.197703078295
-tal	0.0365124142209	0.807607920026	0.119353913664	0.036525752089
-red	0.0	1.0	0.0	0.0
-tor	0.0294117647059	0.904411764706	0.0220588235294	0.0441176470588
-cuu	0.156263269639	0.76050955414	0.0577494692144	0.0254777070064
--la	0.347916666667	0.483333333333	0.0375	0.13125
-cup	0.0882352941176	0.705882352941	0.0588235294118	0.147058823529
-mue	0.220032840722	0.303776683087	0.0821018062397	0.394088669951
-een	0.151065557465	0.246451000625	0.491951212871	0.110532229038
-lek	0.175172037882	0.57709341146	0.192750562104	0.0549839885535
-lel	0.343137254902	0.5	0.156862745098	0.0
-ion	0.0870552611658	0.899318697956	0.00454201362604	0.00908402725209
-len	0.119428161768	0.354784295534	0.428794332223	0.0969932104752
-mum	0.0	1.0	0.0	0.0
-mul	0.0659340659341	0.846153846154	0.0769230769231	0.010989010989
-mun	0.0963855421687	0.55421686747	0.301204819277	0.0481927710843
-mui	0.767741935484	0.193548387097	0.0387096774194	0.0
-lee	0.512465373961	0.116343490305	0.349030470914	0.0221606648199
-muk	0.730157038505	0.251774239928	0.0	0.0180687215666
-ios	0.0504201680672	0.949579831933	0.0	0.0
-oik	0.21978021978	0.494505494506	0.285714285714	0.0
-iot	0.0	1.0	0.0	0.0
-eem	0.280051333278	0.531154309173	0.15255144613	0.0362429114188
-eel	0.578427359972	0.235839841688	0.0364212317831	0.149311566556
-sah	0.747204352746	0.171682881427	0.0134292658653	0.0676834999612
-eek	0.627568146696	0.208657148143	0.0213383647981	0.142436340363
-ifi	0.285714285714	0.673469387755	0.0408163265306	0.0
-san	0.22159548751	0.423596561912	0.226886919151	0.127921031426
--ee	0.205128205128	0.68115942029	0.113712374582	0.0
-mmu	0.12074408241	0.798667867159	0.0550593015789	0.0255287488524
-all	0.173132266605	0.519511914355	0.193852883619	0.113502935421
-gii	0.0	1.0	0.0	0.0
-ali	0.0	0.945148356055	0.0548516439454	0.0
-nda	0.0	0.921568627451	0.078431372549	0.0
-eet	0.432511793207	0.277027276724	0.0772244834247	0.213236446644
-tdi	0.363636363636	0.602272727273	0.0340909090909	0.0
-eep	0.443586865001	0.215969688465	0.261857984844	0.0785854616896
-ala	0.810124543671	0.0762889000346	0.0225104792219	0.0910760770728
-rot	0.594624626943	0.24826354502	0.0650268399373	0.0920849880991
-wnu	0.323232323232	0.652525252525	0.0	0.0242424242424
-tca	0.195233766747	0.299055447971	0.230209856539	0.275500928744
-yok	0.489436619718	0.306338028169	0.0633802816901	0.140845070422
-gpe	0.0717131474104	0.784860557769	0.143426294821	0.0
-mla	0.0359268106571	0.0180361474781	0.00986364020268	0.936173401662
-gpa	0.113946547735	0.681918782066	0.140421179706	0.0637134904933
-yom	0.357142857143	0.27380952381	0.369047619048	0.0
-wva	0.268138801262	0.682649842271	0.0264984227129	0.0227129337539
-yoe	0.358933755608	0.352731591449	0.231591448931	0.0567432040116
-iel	0.0422517178097	0.952114719816	0.0	0.00563356237464
-iok	0.0158982511924	0.965023847377	0.000953895071542	0.0181240063593
-pel	0.698630136986	0.191780821918	0.0821917808219	0.027397260274
-peh	0.539137908238	0.211126537088	0.0755321962184	0.174203358456
-diw	0.27223880597	0.246567164179	0.0770149253731	0.404179104478
-pek	0.579162822878	0.14606396064	0.085524292743	0.189248923739
-pet	0.81338028169	0.0704225352113	0.0880281690141	0.0281690140845
-elh	0.485958896109	0.276931700079	0.131852443409	0.105256960403
-eli	0.0321199143469	0.942184154176	0.0256959314775	0.0
-ell	0.117579754165	0.802757089919	0.0467255049123	0.0329376510038
-rka	0.012987012987	0.974025974026	0.0	0.012987012987
-ela	0.227342385614	0.190807567383	0.195911046018	0.385939000985
-iya	0.108808290155	0.891191709845	0.0	0.0
-pna	0.292663808076	0.545053692894	0.10554769858	0.0567348004509
-whi	0.07533632287	0.744394618834	0.107623318386	0.0726457399103
-hum	0.12121780809	0.260778291182	0.131891145196	0.486112755533
-itt	0.4	0.26511627907	0.167441860465	0.167441860465
-itu	0.165581395349	0.25023255814	0.0139534883721	0.57023255814
-hle	0.253311258278	0.332781456954	0.228476821192	0.185430463576
-esi	0.00459770114942	0.995402298851	0.0	0.0
-unu	0.412698412698	0.34126984127	0.18253968254	0.063492063492
-esa	0.014402765331	0.957111765459	0.0115222122648	0.0169632569453
-ite	0.0595808422351	0.0133033559952	0.00472118356576	0.922394618204
-ita	0.0	1.0	0.0	0.0
-spa	0.0545454545454	0.854545454546	0.0854545454545	0.00545454545455
-ias	0.035438986151	0.939410765613	0.0093088581134	0.0158413901228
-bru	0.0	0.960718870347	0.0323491655969	0.00693196405648
-'do	0.717246072285	0.0885436031574	0.156349828074	0.0378604964843
-'de	0.500683994528	0.296853625171	0.106703146375	0.0957592339261
-fas	0.0116504854369	0.984466019417	0.0	0.00388349514563
-uda	0.13296398892	0.734072022161	0.0997229916898	0.0332409972299
-fat	0.0804584204749	0.906131842779	0.0	0.0134097367458
-geh	0.764419475655	0.223895131086	0.0116853932584	0.0
-bri	0.0197693574959	0.822075782537	0.0988467874794	0.0593080724876
-ril	0.0	0.617647058824	0.382352941176	0.0
-abu	0.0146475685493	0.957996614176	0.00921747304346	0.0181383442316
-hun	0.143504248128	0.542088653246	0.0673624068523	0.247044691775
-huh	0.913479631815	0.0315720098786	0.0106056091267	0.0443427491798
-hui	0.690859645411	0.125943117632	0.00915978390571	0.174037453051
-huk	0.278564903369	0.112723187863	0.0209597190349	0.587752189733
-hue	0.298365411231	0.0803627813859	0.00762500241394	0.613646804969
-hua	0.0963855421687	0.879518072289	0.0	0.0240963855421
-oah	0.0	0.995432042216	0.0	0.00456795778405
-abe	0.0369863013698	0.208219178082	0.68698630137	0.0678082191781
-rih	0.0460203045349	0.746649817894	0.0797225245371	0.127607353034
-hut	0.8521719291	0.110386226926	0.0114693395572	0.0259725044166
-huu	0.240382279096	0.558759212764	0.183688345347	0.0171701627926
-abo	0.225627649169	0.217476361265	0.388653407238	0.168242582328
-hup	0.412516527104	0.517849272807	0.0493609519612	0.020273248127
-lot	0.557423657372	0.37697118864	0.0510751534401	0.0145300005476
-hur	0.326710816777	0.434878587197	0.0662251655629	0.172185430464
-koe	0.450896614229	0.258108370557	0.16443322328	0.126561791934
-tam	0.663657811057	0.224535849831	0.02666940199	0.0851369371218
-tue	0.0920148291261	0.763633561341	0.0216842926494	0.122667316883
-vat	0.231448748462	0.757686658794	0.00197538049897	0.00888921224533
-kob	0.00301122365179	0.984670134136	0.00164248562825	0.0106761565836
-tuh	0.731025776264	0.226277142999	0.0124209689418	0.0302761117957
-tui	0.0987139059559	0.851263634382	0.0206438422151	0.0293786174472
-tuk	0.286363833196	0.576711557615	0.0839215346642	0.0530030745247
-gbo	0.0531914893617	0.0744680851064	0.776595744681	0.0957446808511
-tun	0.51087910565	0.0958562387398	0.0159837390862	0.377280916524
-aen	0.0	0.979020979021	0.020979020979	0.0
-lru	0.0190745319675	0.935358530555	0.0413281525962	0.00423878488167
-orh	0.475524475524	0.286713286713	0.111888111888	0.125874125874
-son	0.130856219709	0.854604200323	0.0121163166397	0.00242326332795
-tuu	0.0647938387874	0.913762485995	0.00092562626839	0.0205180489493
-kos	0.0590909090909	0.904545454545	0.00909090909091	0.0272727272727
-vak	0.381562277784	0.454911031738	0.145357058203	0.0181696322754
-vai	0.630518950023	0.108460910027	0.0335133023124	0.227506837637
-van	0.166389173144	0.0437849946568	0.0527508602122	0.737074971987
-ris	0.0198675496689	0.960264900662	0.0	0.0198675496689
-tna	0.188909345868	0.646420693402	0.115700968515	0.0489689922149
-gma	0.298319327731	0.436974789916	0.252100840336	0.0126050420168
-wsi	0.3529856387	0.316704459562	0.0854119425549	0.244897959184
-utt	0.693512304251	0.257270693512	0.0156599552573	0.0335570469799
-kra	0.421383647799	0.474842767296	0.0377358490566	0.0660377358491
-lit	0.461689587426	0.365422396857	0.143418467584	0.0294695481336
-gmi	0.0122162661281	0.0193707036659	0.00409330937922	0.964319720827
-liw	0.313979019273	0.657843376433	0.0100634301049	0.0181141741888
-lip	0.0726209150735	0.87931928829	0.026186027036	0.0218737696005
-lis	0.0385674931129	0.848484848485	0.0165289256198	0.0964187327823
-lim	0.745684754858	0.189377058552	0.0162566344661	0.048681552124
-ruh	0.203910341241	0.746656848761	0.0105044721245	0.0389283378733
-lio	0.0	1.0	0.0	0.0
-lih	0.496753246753	0.308441558442	0.0779220779221	0.116883116883
-lii	0.11898846741	0.433074770186	0.0178570157559	0.430079746647
-gmu	0.0958475059352	0.768321024311	0.111075614355	0.0247558553987
-rum	0.413462675973	0.0440080444813	0.0383295871288	0.504199692417
-lif	0.0258476931629	0.90161200667	0.0683713173985	0.00416898276821
-adi	0.197044334975	0.510673234811	0.154351395731	0.137931034483
-lia	0.0126849894292	0.983086680761	0.00422832980973	0.0
-ica	0.222609628537	0.429107837315	0.0977030211307	0.250579513017
-rue	0.0	1.0	0.0	0.0
-gri	0.492091388401	0.302284710018	0.126537785589	0.079086115993
-ulh	0.315072618968	0.574426075899	0.0385516364367	0.0719496686969
-mha	0.0414585414585	0.0584415584416	0.438561438561	0.461538461538
-lna	0.240578198902	0.460429830881	0.0602681767546	0.238723793463
-dut	0.0669813285209	0.885125286319	0.0343582980496	0.0135350871104
--au	0.121700879765	0.488269794721	0.384164222874	0.0058651026393
--at	0.383512253465	0.331009016646	0.177546055726	0.107932674164
-abi	0.0670050761421	0.902538071066	0.0121827411168	0.0182741116751
--ai	0.0541624874623	0.945837512538	0.0	0.0
--ah	0.32653758437	0.316962595681	0.0822691892192	0.27423063073
--am	0.142243436754	0.684964200477	0.162291169451	0.0105011933174
-rna	0.197594425458	0.652345657095	0.11837024544	0.0316896720075
--an	0.496296296296	0.483501683502	0.020202020202	0.0
--aa	0.220746039857	0.35002554931	0.220235053654	0.208993357179
-eah	0.324070732587	0.344640923854	0.155900396969	0.17538794659
-lnu	0.116045845272	0.780802292264	0.0945558739255	0.00859598853868
-rni	0.0	1.0	0.0	0.0
-urh	0.293193717277	0.476439790576	0.0942408376963	0.13612565445
-uri	0.245614035088	0.701754385965	0.0350877192982	0.0175438596491
-bed	0.0	1.0	0.0	0.0
-ura	0.00529100529101	0.984126984127	0.010582010582	0.0
-bai	0.222046428995	0.683694353711	0.0468387796231	0.0474204376707
-hna	0.237024970559	0.55256665747	0.111072953862	0.09933541811
-gtu	0.429086538462	0.442307692308	0.0997596153846	0.0288461538461
-gti	0.18474056222	0.749361392527	0.0565088778555	0.00938916739754
-gto	0.0900932749091	0.888324639812	0.00562088707497	0.0159611982034
-hnu	0.0208478109799	0.91382904795	0.0361362056984	0.0291869353718
-gta	0.0171086398631	0.982891360137	0.0	0.0
-gte	0.402159446081	0.119263036684	0.0626598274237	0.415917689811
-pah	0.634535199038	0.218457909862	0.101212017145	0.0457948739547
-pai	0.665632401636	0.220122832121	0.0203455318411	0.0938992344023
-apa	0.0151554930068	0.967968618504	0.00325137171194	0.0136245167773
-pal	0.0542880016011	0.91193835685	0.00984022148837	0.0239334200607
-pam	0.384504918504	0.411933654053	0.173404178933	0.0301572485101
-pan	0.515294117647	0.227973856209	0.125490196078	0.131241830065
-paa	0.376021798365	0.41416893733	0.103542234332	0.106267029973
-pae	0.0294117647059	0.794117647059	0.176470588235	0.0
-mca	0.0757890016257	0.809406356859	0.105050731543	0.00975390997253
-sop	0.0	0.914590747331	0.085409252669	0.0
-due	0.324503311258	0.659602649007	0.00794701986755	0.00794701986757
-apu	0.111733674105	0.818522887382	0.0108129362037	0.05893050231
-dui	0.0	0.911111111111	0.0	0.0888888888889
-pas	0.0655927035489	0.902196593815	0.0286968078026	0.00351389483298
-dul	0.281553398058	0.127184466019	0.0524271844661	0.538834951456
-pau	0.204940039377	0.684088061572	0.110971899051	0.0
-paw	0.34132466477	0.450832994718	0.135107679805	0.0727346607071
-tis	0.0106157112526	0.879688605803	0.109695682944	0.0
-kee	0.893939393939	0.060606060606	0.0	0.0454545454545
-kon	0.0	1.0	0.0	0.0
-nui	0.461267605634	0.285211267606	0.147887323944	0.105633802817
-ken	0.061433447099	0.360068259386	0.578498293515	0.0
-kem	0.373520904549	0.346437023403	0.268209308441	0.0118327636077
-kel	0.189473684211	0.374162679426	0.401913875598	0.0344497607655
-kek	0.531598513011	0.349442379182	0.00743494423792	0.111524163569
-sur	0.138102991213	0.771969479625	0.0558032435424	0.0341242856195
-ari	0.0744500846024	0.807952622673	0.0313028764805	0.0862944162436
-wla	0.233261339093	0.604031677466	0.0475161987041	0.115190784737
-sum	0.329994852969	0.538903626496	0.0638699715425	0.0672315489921
-ket	0.752508361204	0.210702341137	0.0	0.0367892976589
