iam-	0.519031141868	0.399901136925	0.0247157686604	0.0563519525458
kud-	0.119601328904	0.604651162791	0.196013289036	0.0797342192691
agu-	0.243503887982	0.237014694081	0.0516783352243	0.467803082713
ris-	0.0281138068527	0.873487869163	0.0140569034264	0.0843414205582
tut-	0.164025870457	0.171260298743	0.322568711566	0.342145119234
siu-	0.11170212766	0.877659574468	0.00531914893617	0.00531914893617
gin-	0.129674875369	0.115915592163	0.0202356931503	0.734173839318
yar-	0.228070175439	0.771929824561	0.0	0.0
maa-	0.227479521401	0.0961959734571	0.0643912916814	0.611933213461
uti-	0.273996509599	0.60034904014	0.125654450262	0.0
ipu-	0.738335435057	0.176544766709	0.0662042875157	0.0189155107188
niy-	0.0647338145873	0.0147054428061	0.00379528057225	0.916765462034
mah-	0.251312578372	0.224482296202	0.279556829043	0.244648296383
tum-	0.451186125218	0.417953312307	0.0822078216653	0.0486527408097
aku-	0.177985733071	0.0179616555296	0.000944011478663	0.80310859992
lis-	0.0764053840063	0.860649247823	0.0467141726049	0.0162311955661
ism-	0.0474040632054	0.738148984199	0.158013544018	0.0564334085779
ana-	0.0276224368751	0.918234197594	0.0159182059538	0.0382251595775
duy-	0.388868522953	0.125571021266	0.0221754998073	0.463384955974
sak-	0.207402825409	0.329897845012	0.334846403653	0.127852925926
iud-	0.175438596491	0.824561403509	0.0	0.0
pid-	0.0319018242386	0.930149773667	0.00377497193607	0.034173430158
bap-	0.295454545455	0.136363636364	0.25	0.318181818182
ils-	0.484419263456	0.340887629839	0.132200188857	0.042492917847
uwa-	0.0802819716001	0.492503250956	0.410011497815	0.0172032796286
kat-	0.136687005014	0.363347014406	0.126335402288	0.373630578292
abi-	0.139838621444	0.114195842451	0.0074364059081	0.738529130197
ayu-	0.569453174104	0.36769327467	0.0377121307354	0.0251414204902
mil-	0.205368135927	0.701305097267	0.0391529180005	0.0541738488058
dis-	0.060606060606	0.858585858586	0.0808080808081	0.0
igi-	0.46052631579	0.526315789474	0.0131578947368	0.0
gan-	0.31900456511	0.267616957476	0.334768119692	0.0786103577221
ari-	0.0743722878571	0.834574961748	0.08503273384	0.00602001655505
itl-	0.0	1.0	0.0	0.0
ini-	0.377588890993	0.50793726032	0.0360743595351	0.0783994891512
bay-	0.221801938294	0.237961666637	0.0316933531717	0.508543041898
mig-	0.528731551453	0.344981488056	0.0197798853781	0.106507075113
uga-	0.330674894345	0.425377894164	0.0772122689206	0.16673494257
hum-	0.420860257469	0.434019760208	0.0523121225505	0.0928078597719
uli-	0.135595924983	0.633928796392	0.0466124114994	0.183862867125
abr-	0.0195028301959	0.939861194701	0.0396151238353	0.00102085126806
sug-	0.326921566485	0.588546753451	0.0233963610783	0.0611353189862
adm-	0.0	1.0	0.0	0.0
dah-	0.0795144921628	0.0312210438371	0.00207114547475	0.887193318525
mul-	0.436264929424	0.31444082519	0.0684039087948	0.180890336591
tii-	0.828571428571	0.126315789474	0.00902255639098	0.0360902255639
adl-	0.0414937759336	0.834024896266	0.124481327801	0.0
kam-	0.129770485006	0.196931731699	0.022911938442	0.650385844853
ibi-	0.493586341118	0.296532200991	0.122523000708	0.0873584571832
ilm-	0.0	1.0	0.0	0.0
sin-	0.749296161066	0.129625887857	0.0134338348669	0.10764411621
tag-	0.167160046368	0.270301442692	0.0115486994973	0.550989811442
pat-	0.147937159443	0.782782432294	0.0289302115907	0.0403501966723
iar-	0.522821576763	0.427385892116	0.0	0.0497925311203
luw-	0.137107755063	0.254715353092	0.0959329803225	0.512243911523
hud-	0.0245500775299	0.846230069659	0.0922543708723	0.0369654819385
maw-	0.647732285359	0.202245213494	0.0182459798693	0.131776521278
him-	0.0	0.943396226415	0.0	0.0566037735849
saw-	0.282338806568	0.480576692031	0.180216259511	0.0568682418902
kid-	0.626245847176	0.363787375415	0.00498338870433	0.00498338870431
nig-	0.782418925407	0.120858976038	0.00261882938327	0.094103269172
pas-	0.387587962646	0.354060210171	0.162213632098	0.0961381950851
sig-	0.328865979381	0.326288659794	0.118041237113	0.226804123711
buu-	0.126878130217	0.134822405158	0.362328017961	0.375971446664
nai-	0.3334406454	0.464239993002	0.0501065941859	0.152212767412
bak-	0.12867502271	0.815861605432	0.032254083942	0.023209287916
miu-	0.527888780684	0.226972027268	0.0980556768192	0.147083515229
say-	0.301044850956	0.303890284576	0.202504644487	0.192560219981
gug-	0.0	0.98275862069	0.0172413793103	0.0
nap-	0.513671611973	0.280331939813	0.0739770590939	0.13201938912
sap-	0.059767386166	0.782796572226	0.0468559647643	0.110580076844
asi-	0.260477962378	0.582997070026	0.0857484605087	0.0707765070865
gun-	0.155487804878	0.707317073171	0.137195121951	0.0
tip-	0.659405447376	0.120792736832	0.0150844383387	0.204717377453
lau-	0.0782410051399	0.387207310108	0.528840662479	0.00571102227299
usi-	0.403225806452	0.58064516129	0.0161290322581	0.0
ruk-	0.171962616822	0.743925233645	0.0728971962616	0.011214953271
amu-	0.0277900845132	0.927645635817	0.0176504590827	0.0269138205871
mir-	0.38626799557	0.381173864895	0.0365448504984	0.196013289037
isa-	0.184810325526	0.769190382857	0.0240758857341	0.0219234058837
mus-	0.107294117647	0.819294117647	0.0197647058824	0.0536470588235
pud-	0.161284840245	0.37168592794	0.429554724677	0.037474507138
igu-	0.0625141352695	0.859024245974	0.0325328663137	0.0459287524429
yah-	0.159021406728	0.582568807339	0.218654434251	0.039755351682
bab-	0.0176672886921	0.596591388894	0.0127081950058	0.373033127408
ita-	0.649199551054	0.329104502144	0.0183382407499	0.0033577060528
tuh-	0.0460633690199	0.233512451894	0.363505073197	0.356919105888
mum-	0.363173957274	0.566632756867	0.057985757884	0.0122075279756
siy-	0.0621078010068	0.0279187269554	0.00268256112035	0.907290910917
hur-	0.107134869157	0.854171326325	0.0292999329009	0.00939387161708
ura-	0.0772430184195	0.841948900772	0.0760546642899	0.00475341651812
biu-	0.0	1.0	0.0	0.0
ali-	0.301007481611	0.298282704355	0.331269039986	0.0694407740481
tua-	0.0751879699248	0.924812030075	0.0	0.0
uba-	0.0329413962457	0.924635142491	0.0188470675038	0.0235763937594
tau-	0.728666114333	0.17149958575	0.0447390223695	0.0550952775476
utr-	0.360526315789	0.339473684211	0.189473684211	0.11052631579
mal-	0.248557074575	0.344516212332	0.300792627232	0.106134085861
sab-	0.562058053566	0.241779580564	0.0195621529875	0.176600212882
ugs-	0.258160237389	0.741839762611	0.0	0.0
aki-	0.00951776649746	0.984771573604	0.0	0.00571065989847
nin-	0.0936159789797	0.866262887172	0.0	0.0401211338485
nau-	0.456841459573	0.151893108779	0.354899215716	0.0363662159315
hui-	0.0	1.0	0.0	0.0
uni-	0.0616987179487	0.820512820513	0.0420673076923	0.0757211538461
ian-	0.85788863109	0.0516241299304	0.0104408352668	0.0800464037123
iki-	0.588633556373	0.288573447914	0.0867279200491	0.036065075664
sir-	0.0447284112812	0.790651685891	0.0206430167759	0.143976886052
isl-	0.351063829787	0.63475177305	0.0141843971631	0.0
lim-	0.0204633964833	0.174736448673	0.00630721124485	0.798492943599
ins-	0.185022026432	0.444933920705	0.361233480176	0.00881057268722
mab-	0.419861961329	0.219509192103	0.249424975001	0.111203871568
ump-	0.168873371307	0.59776224551	0.173527361855	0.0598370213292
and-	0.00532859680284	0.984902309059	0.0	0.00976909413855
apa-	0.292428198433	0.621409921671	0.0417754569191	0.0443864229765
ALL	0.223159446571	0.286614929733	0.0524304224978	0.437795201198
san-	0.0561893235767	0.86690012181	0.0153518609503	0.0615586936628
puk-	0.889423076923	0.110576923077	0.0	0.0
arm-	0.115718418515	0.858244937319	0.00867888138861	0.0173577627772
big-	0.249556055404	0.0697288978335	0.0783710192969	0.602344027465
rur-	0.000856286570572	0.992578849722	0.00256885971172	0.003996003996
lid-	0.0425531914893	0.898345153664	0.016548463357	0.0425531914894
gas-	0.299625468165	0.677902621723	0.0149812734082	0.00749063670414
ata-	0.515460596951	0.0733415770105	0.00551635283926	0.405681473199
pig-	0.0	1.0	0.0	0.0
rud-	0.24578313253	0.739759036145	0.0144578313253	0.0
baw-	0.514122685199	0.196886675692	0.206421885078	0.0825687540311
agd-	0.0540540540541	0.945945945946	0.0	0.0
un--	0.0311457174638	0.108453837597	0.475111234705	0.385289210234
adi-	0.580810731992	0.28573928259	0.0151647710703	0.118285214348
ami-	0.0209290454313	0.287051216607	0.0102092904543	0.681810447507
kur-	0.27605997465	0.581336460514	0.0835359038678	0.059067660968
iku-	0.110115911486	0.836670179136	0.0405690200211	0.0126448893572
haw-	0.00911854103344	0.990881458967	0.0	0.0
bug-	0.181821435602	0.27808300077	0.391023461408	0.149072102221
win-	0.871951219512	0.0853658536585	0.0243902439024	0.0182926829268
tal-	0.420779395461	0.387979139172	0.0994744649831	0.091767000384
gid-	0.253451114987	0.020718412647	0.043974916447	0.681855555919
alp-	0.0	0.984398699892	0.0156013001083	0.0
paa-	0.654542436504	0.226144072547	0.0641516412121	0.0551618497362
bin-	0.662692369846	0.214546966277	0.0338324389345	0.0889282249419
iaw-	0.385630498534	0.284457478006	0.158357771261	0.171554252199
paw-	0.107784431138	0.664670658683	0.155688622755	0.0718562874252
sud-	0.0256931329726	0.957178111712	0.00856437765754	0.00856437765755
dak-	0.216932117104	0.0995275549331	0.498148172384	0.18539215558
umi-	0.616798340092	0.267757631524	0.0636176118412	0.051826416543
hig-	0.429129590885	0.36301076353	0.176098409417	0.0317612361675
rap-	0.038564542046	0.865024102839	0.0224959828602	0.0739153722549
sik-	0.00442420299285	0.268184775537	0.719843851659	0.00754716981132
nga-	0.272040683788	0.131108020917	0.0162842167903	0.580567078505
nip-	0.529828853876	0.338132306671	0.0759767213075	0.0560621181454
pin-	0.521896266482	0.324120006722	0.0722021006033	0.0817816261922
hug-	0.260054324017	0.578025059143	0.073600280382	0.0883203364584
bun-	0.0423956931359	0.519515477793	0.379542395693	0.0585464333782
ili-	0.383817615441	0.485053071115	0.0676796456487	0.0634496677957
lam-	0.276231633535	0.686430423509	0.0141745894555	0.0231633535004
nar-	0.582825103285	0.277591973244	0.0725949242573	0.0669879992131
gat-	0.0112669833204	0.16105158511	0.0417541146581	0.785927316911
idi-	0.589125667429	0.304323989321	0.033609839817	0.0729405034326
usu-	0.0	0.828571428571	0.171428571429	0.0
ray-	0.108278018578	0.817010148603	0.0516125221888	0.0230993106299
pur-	0.0964226922745	0.80067282697	0.0169054110894	0.085999069666
gur-	0.0583111407013	0.704837993786	0.213992454505	0.0228584110075
rak-	0.287298387097	0.53125	0.181451612903	0.0
dik-	0.00956937799042	0.751196172249	0.0	0.239234449761
nad-	0.779738618094	0.083801871624	0.0880309127111	0.0484285975708
yad-	0.775862068966	0.0344827586207	0.0344827586207	0.155172413793
nib-	0.48257495054	0.299193425658	0.0642215796683	0.154010044133
sun-	0.2236180705	0.716983379523	0.0347020940371	0.0246964559394
ban-	0.130810465205	0.707058683247	0.0679082303227	0.0942226212254
hal-	0.291549376687	0.462528337406	0.124198487788	0.121723798118
iin-	0.747436735579	0.156726248945	0.0181670647214	0.0776699507551
nag-	0.665921234072	0.177218114807	0.0509517602559	0.105908890865
iyi-	0.617438282158	0.233618272584	0.0297886890515	0.119154756206
dab-	0.000690567992174	0.982045232203	0.00345283996087	0.0138113598435
puy-	0.294025157233	0.320754716981	0.339622641509	0.0455974842767
nam-	0.462669520236	0.183471769895	0.281145289404	0.0727134204646
sid-	0.0873111547114	0.0363108701086	0.00166566081151	0.874712314369
ula-	0.0390243902439	0.951684088269	0.00371660859465	0.00557491289199
hak-	0.0358755048705	0.932050368258	0.00997861724875	0.0220955096222
lum-	0.545099919307	0.222091661558	0.0407715439175	0.192036875217
mut-	0.0380067567568	0.846002252252	0.112612612613	0.00337837837837
unm-	0.16915689503	0.0450917156622	0.0179262787422	0.767825110566
tuk-	0.0688039274026	0.884830903501	0.0369433700288	0.00942179906774
ugy-	0.0526315789474	0.877192982456	0.0701754385965	0.0
pan-	0.0710170756838	0.800409979862	0.082629693507	0.0459432509469
ugp-	0.0	0.489915419649	0.456733897202	0.053350683149
nim-	0.154440554614	0.0268280298334	0.00730192217469	0.811429493378
tul-	0.0754740342688	0.729167470687	0.013686336462	0.181672158582
yam-	0.810481155037	0.142923238488	0.0211798211247	0.0254157853496
pug-	0.0186125211506	0.107163000564	0.868584320361	0.00564015792442
ina-	0.343899772976	0.555170508462	0.0559152442613	0.0450144743006
baa-	0.0167597765363	0.905027932961	0.0335195530726	0.0446927374302
mai-	0.258689709357	0.58083906131	0.106715753105	0.0537554762286
dip-	0.0336633663366	0.59900990099	0.0341584158415	0.333168316832
rab-	0.315315315315	0.531531531532	0.0	0.153153153153
umu-	0.390117875049	0.163523480394	0.0950636887561	0.3512949558
dun-	0.324057425797	0.431136068159	0.190866089458	0.053940416586
hul-	0.00948616600791	0.977865612648	0.00316205533597	0.00948616600791
lab-	0.084253222459	0.488431677246	0.124513576268	0.302801524026
upa-	0.0247854077253	0.0482832618026	0.0206008583691	0.906330472103
isp-	0.00558504058666	0.948768397026	0.0412821554102	0.00436440697745
igy-	0.0322776492649	0.941900231323	0.0193665895589	0.00645552985297
kau-	0.163569905574	0.757403458896	0.0318137205131	0.0472129150167
iba-	0.0785034630968	0.328842788225	0.12950032075	0.463153427928
bas-	0.170491115487	0.2075214425	0.131158014179	0.490829427834
mim-	0.580037664784	0.173258003766	0.112994350282	0.133709981168
dir-	0.0660792951542	0.933920704846	0.0	0.0
mid-	0.625453887823	0.244391571321	0.0874290380828	0.0427255027734
ang-	0.199609070828	0.473651479757	0.0373202811724	0.289419168243
pun-	0.27875087962	0.396677444354	0.314036035061	0.0105356409644
dug-	0.104295859803	0.490064057151	0.0668973785156	0.33874270453
tur-	0.24242273645	0.501823264482	0.12918154993	0.126572449138
day-	0.231607844404	0.200567825893	0.0448227707207	0.523001558982
ma--	0.349315068493	0.554794520548	0.0547945205479	0.041095890411
ugb-	0.0759493670886	0.908860759494	0.0	0.0151898734177
inm-	0.559790984991	0.269238694151	0.0821224583989	0.0888478624589
kun-	0.229626406242	0.0590168232954	0.0233897085282	0.687967061935
har-	0.0617245953161	0.812204897103	0.0315217484627	0.0945487591181
kan-	0.0355775931825	0.0294721996042	0.00778771892449	0.927162488289
lig-	0.304041641151	0.505817513778	0.0248009797918	0.165339865279
diy-	0.0580545443028	0.865579480466	0.0143847228142	0.0619812524175
gap-	0.662303936032	0.261371075057	0.0320072534142	0.0443177354966
bum-	0.612650716903	0.22466070841	0.0573736420552	0.105314932631
luh-	0.758493547538	0.241506452462	0.0	0.0
gir-	0.0611931709188	0.652599271053	0.258776136582	0.0274314214464
kum-	0.443087936119	0.365728037906	0.0715586102886	0.119625415686
uka-	0.043795620438	0.956204379562	0.0	0.0
alw-	0.276073619632	0.527607361963	0.196319018405	0.0
kuw-	0.109204368175	0.833853354134	0.0327613104524	0.0241809672387
dap-	0.05807853276	0.0302606272614	0.0129857481505	0.898675091828
giy-	0.536992840096	0.1861575179	0.0334128878282	0.243436754177
pib-	0.0	1.0	0.0	0.0
hil-	0.263879369431	0.525702535984	0.165181631254	0.045236463331
ipa-	0.631510014431	0.219377139759	0.0515801573858	0.097532688424
bub-	0.0353557398516	0.789175032737	0.095591444784	0.0798777826277
ilu-	0.277610290423	0.3471761632	0.224349311627	0.15086423475
mat-	0.400457617881	0.342908958557	0.168103194857	0.0885302287055
nit-	0.0528426631169	0.026621460439	0.00701170969917	0.913524166745
lup-	0.274368231047	0.169675090253	0.547292418773	0.00866425992779
aka-	0.0209953343701	0.94634525661	0.0209953343702	0.0116640746501
kin-	0.606568599652	0.286691287947	0.0533700562002	0.0533700562003
has-	0.0366259711432	0.878468368479	0.0615982241954	0.023307436182
par-	0.125034719929	0.321788985278	0.0532228988955	0.499953395898
ala-	0.701348006779	0.186192994214	0.0320348718269	0.0804241271797
but-	0.094509923542	0.317360580926	0.55703268198	0.0310968135525
lay-	0.168846996	0.802480872604	0.0159289618868	0.0127431695094
nah-	0.461257656692	0.464392517582	0.0512508507435	0.023098974983
duu-	0.0269085596006	0.954097163034	0.00986241324729	0.00913186411786
huw-	0.0592072865808	0.899985112288	0.0158420528246	0.0249655483068
hib-	0.00321543408359	0.96463022508	0.0289389067524	0.0032154340836
ayi-	0.829499150929	0.107552776998	0.0249557445497	0.0379923275235
anu-	0.045611001713	0.727874901942	0.0850583545458	0.141455741799
hik-	0.108552631579	0.891447368421	0.0	0.0
gay-	0.400121248863	0.395776497929	0.0284934828736	0.175608770334
puu-	0.0995254345084	0.691911212865	0.0601310898982	0.148432262728
aam-	0.220125786164	0.559748427673	0.0	0.220125786164
apy-	0.0165289256198	0.96694214876	0.0165289256198	0.0
ira-	0.187376725838	0.638395792242	0.0602673679597	0.11396011396
dan-	0.263805315141	0.259979908838	0.0290694539614	0.447145322059
ubi-	0.222335369993	0.549389002037	0.22827562797	0.0
lug-	0.273086439633	0.12957390493	0.0285817390292	0.568757916408
aru-	0.25742966583	0.469158631621	0.0760797781006	0.197331924449
kag-	0.216816264336	0.362700558899	0.0727328279095	0.347750348855
hay-	0.0878197479239	0.231409350349	0.0208966406197	0.659874261107
mis-	0.379396200434	0.521411587636	0.073973852965	0.0252183589653
naw-	0.44395627757	0.334685634312	0.0930076000495	0.128350488069
ran-	0.385892116183	0.423236514523	0.190871369295	0.0
ayn-	0.536312849162	0.435754189944	0.0279329608939	0.0
din-	0.717370310353	0.165371749003	0.0324789195021	0.0847790211416
rin-	0.767979677504	0.10944510706	0.0347485762378	0.0878266391983
yin-	0.425389755011	0.160356347439	0.0133630289532	0.400890868597
agr-	0.00938967136151	0.987480438185	0.0	0.00312989045384
was-	0.68857729749	0.288202197017	0.0	0.0232205054926
iwi-	0.22131147541	0.729508196721	0.0491803278689	0.0
luu-	0.0501193317423	0.949880668258	0.0	0.0
isi-	0.642389233536	0.226106696128	0.0345595397065	0.0969445306298
suy-	0.322834645669	0.608923884515	0.0524934383202	0.015748031496
tat-	0.27156023189	0.0408637872192	0.0411577171661	0.646418263725
bit-	0.160493580337	0.766844868468	0.0146666613353	0.0579948898601
uri-	0.129535707991	0.503789139758	0.335833317015	0.0308418352361
rig-	0.115384615385	0.884615384615	0.0	0.0
nia-	0.613110607578	0.223006797703	0.139379248564	0.0245033461559
lap-	0.0764591094554	0.856129146709	0.0525102004613	0.0149015433741
utu-	0.0888888888889	0.822222222222	0.0888888888889	0.0
sis-	0.00446262551134	0.980661956118	0.00185942729639	0.0130159910747
pai-	0.54294295334	0.308273540078	0.056605243342	0.0921782632404
ama-	0.0290813909443	0.953329659125	0.00616731189298	0.0114216380374
abu-	0.310538833101	0.397425943024	0.158947152546	0.133088071329
dub-	0.258692628651	0.732962447844	0.00834492350486	0.0
map-	0.329745866408	0.340076553979	0.280779626414	0.0493979531983
hip-	0.0	1.0	0.0	0.0
law-	0.170745465591	0.135424802569	0.0572767508461	0.636552980994
sal-	0.153365593012	0.57012769503	0.149469469402	0.127037242556
asu-	0.0172384071712	0.970694707809	0.0	0.0120668850198
nih-	0.147058823529	0.698529411765	0.132352941176	0.0220588235294
isk-	0.0201765447667	0.968474148802	0.00378310214376	0.00756620428751
gab-	0.0862329803328	0.804841149773	0.108925869894	0.0
ind-	0.0736546935785	0.0349567198532	0.00483214785834	0.88655643871
yan-	0.0524193548387	0.637096774194	0.213709677419	0.0967741935484
bad-	0.109792284866	0.462908011869	0.0178041543027	0.409495548961
liu-	0.335637963545	0.424261470773	0.0628535512257	0.177247014456
rug-	0.101573591165	0.660743906631	0.0165129937086	0.221169508496
min-	0.501418828609	0.242457861459	0.04280437862	0.213318931313
kas-	0.13736761527	0.733712049725	0.055926721305	0.0729936136998
sul-	0.148152583277	0.505115688057	0.0721623587446	0.274569369921
lul-	0.0216941459182	0.967492156732	0.00120152192778	0.0096121754222
tab-	0.259904174578	0.101074125959	0.0265378231249	0.612483876338
tid-	0.197997720176	0.209743767656	0.0832631213758	0.508995390791
gal-	0.0790013074101	0.853030239129	0.0362363459998	0.0317321074607
nul-	0.714584170349	0.13081558859	0.00096424266774	0.153635998393
ida-	0.271614384086	0.281752104055	0.39766641163	0.0489671002295
kar-	0.137122657672	0.708823375655	0.0710189610439	0.0830350056294
ark-	0.545755237045	0.44762954796	0.0	0.0066152149945
kay-	0.11943051497	0.057534605717	0.0150158974975	0.808018981816
kus-	0.0792079207921	0.910891089109	0.0	0.009900990099
bii-	0.0998593877198	0.880602905987	0.0130251375287	0.00651256876433
lil-	0.177039966694	0.134471273938	0.67537468776	0.013114071607
ati-	0.207419868836	0.0567987298275	0.00983627669793	0.725945124638
sat-	0.0795137955145	0.818985639757	0.0659603076427	0.035540257086
udy-	0.182495485452	0.0653360982547	0.0442855281927	0.707882888101
ung-	0.205614500952	0.298615703739	0.0727241083768	0.423045686933
tak-	0.220507399577	0.514080338266	0.180972515856	0.0844397463003
luk-	0.203932520972	0.633071688785	0.136330580318	0.0266652099245
tay-	0.135194207086	0.202192791334	0.037266188314	0.625346813266
iat-	0.368837735347	0.631162264653	0.0	0.0
kak-	0.213631055083	0.579735568489	0.106935679991	0.0996976964372
ihu-	0.436904024768	0.430464396285	0.132631578947	0.0
ani-	0.286429343143	0.585399543223	0.120950205823	0.00722090781034
kap-	0.0894227271591	0.686421744234	0.0795228694913	0.144632659116
buh-	0.218277497235	0.718284359517	0.0444383835735	0.0189997596741
unu-	0.0893109364211	0.170741489985	0.0144021130624	0.725545460531
sil-	0.033945607854	0.932801551799	0.00712560864574	0.0261272317011
upi-	0.0330932125487	0.88417375608	0.0827330313717	0.0
lal-	0.0474129477334	0.455238559484	0.156624578948	0.340723913834
bua-	0.0748299319728	0.767006802721	0.117346938776	0.0408163265306
ngi-	0.00431215188357	0.965502784931	0.030185063185	0.0
nis-	0.653706277728	0.229859669834	0.0197071536016	0.0967268988366
gus-	0.64460531505	0.042490823044	0.0547583654401	0.258145496466
kis-	0.45660706498	0.225032708242	0.0841692106411	0.234191016136
suu-	0.45810729355	0.315250150693	0.0650994575045	0.161543098252
asn-	0.00938232994529	0.983580922596	0.00234558248632	0.00469116497264
tik-	0.184176394293	0.712926934717	0.00691742325983	0.0959792477302
nuw-	0.00318406149788	0.945870954536	0.0191043689873	0.0318406149787
iny-	0.97191011236	0.0224719101124	0.0	0.00561797752808
run-	0.31934493347	0.560900716479	0.0	0.119754350051
sau-	0.0638845955693	0.860793405461	0.00123647604328	0.0740855229263
sag-	0.548416166029	0.241698525396	0.0382304751502	0.171654833424
kit-	0.0308602381175	0.0230830886511	0.00519297655054	0.940863696681
dup-	0.0491803278689	0.754098360656	0.0327868852459	0.16393442623
tiy-	0.0942397289284	0.860440491317	0.00762388818298	0.0376958915714
arp-	0.0	1.0	0.0	0.0
itu-	0.663187506633	0.196748652517	0.0154681662922	0.124595674558
kad-	0.0846957770775	0.45842914308	0.132867026776	0.324008053067
ras-	0.386237513874	0.320754716981	0.109877913429	0.183129855716
gul-	0.0646094503375	0.853423336548	0.0337512054002	0.0482160077145
nal-	0.593258976988	0.254370594458	0.0832284486246	0.0691419799297
man-	0.197937945428	0.177455822228	0.014399570786	0.610206661558
ald-	0.0265379975874	0.865500603136	0.0705669481303	0.037394451146
tud-	0.335107394326	0.579604962427	0.0459281578549	0.0393594853928
bus-	0.268857770105	0.493701643328	0.0963829741885	0.141057612379
ain-	0.607755605495	0.159758714496	0.166061200007	0.0664244800027
lub-	0.252584298275	0.150939903669	0.238658133589	0.357817664466
daa-	0.357219945701	0.137139339977	0.273941417514	0.231699296808
tap-	0.335490394338	0.301061678463	0.0421132457027	0.321334681496
uru-	0.199876272251	0.364864220712	0.193492998087	0.24176650895
muu-	0.0	1.0	0.0	0.0
bib-	0.0501509171117	0.887856977014	0.00487578360808	0.0571163222661
aby-	0.0	1.0	0.0	0.0
yum-	0.375802016499	0.245340666056	0.349526428353	0.0293308890926
hut-	0.0	1.0	0.0	0.0
pam-	0.0925304539521	0.775993846473	0.0363816745663	0.0950940250082
mag-	0.588819650457	0.23868617823	0.0682602639202	0.104233907393
agw-	0.762195121951	0.134146341463	0.103658536585	0.0
ika-	0.157700296491	0.304157868254	0.475641751927	0.0625000833288
bir-	0.0476984414643	0.932366799565	0.00971366437115	0.0102210945995
tim-	0.00917860822328	0.958977240798	0.0199182042397	0.0119259467391
nil-	0.526080524177	0.227029037961	0.0938708533163	0.153019584546
kip-	0.426998256401	0.264109387905	0.181701385702	0.127190969992
taw-	0.0247980957159	0.631280859316	0.0293712045418	0.314549840427
ram-	0.0886556902479	0.708702732043	0.075990591641	0.126650986068
asy-	0.0	0.994674313806	0.00368701351905	0.00163867267513
pit-	0.00384461353624	0.010893071686	0.00744893872647	0.977813376051
mam-	0.562120342721	0.270537654074	0.0747949483242	0.0925470548801
las-	0.0514574657942	0.896192742415	0.00535395597858	0.046995835812
apd-	0.11320754717	0.849056603774	0.0377358490566	0.0
laa-	0.0	1.0	0.0	0.0
sip-	0.0221760221761	0.941094941095	0.028413028413	0.008316008316
pad-	0.481838491854	0.314079875493	0.136556467606	0.0675251650475
sup-	0.0927400468384	0.268852459016	0.629976580796	0.00843091334894
mib-	0.599399610737	0.233184152362	0.103088815826	0.0643274210752
gah-	0.116883116883	0.883116883117	0.0	0.0
dum-	0.286126813078	0.33863809111	0.147536949292	0.227698146519
bar-	0.132100878922	0.630860605214	0.0258336286366	0.211204887227
usy-	0.0	0.985037406484	0.0149625935162	0.0
ing-	0.667532089581	0.194916560281	0.0411589594568	0.0963923906818
rup-	0.0	0.980198019802	0.019801980198	0.0
udw-	0.122411814983	0.0627285957388	0.0141103727602	0.800749216518
lih-	0.10916308303	0.335428382402	0.0979159775058	0.457492557063
his-	0.0155217416985	0.752794725279	0.00307542710467	0.228608105918
pum-	0.611487374309	0.223447470959	0.0850681173723	0.0799970373596
suw-	0.444444444444	0.305555555556	0.0833333333333	0.166666666667
amb-	0.294322132097	0.62224797219	0.034762456547	0.0486674391657
rit-	0.194117647059	0.505882352941	0.264705882353	0.0352941176471
way-	0.177817597158	0.0738894430096	0.0666742940477	0.681618665785
atu-	0.0652604786046	0.400471511131	0.0107863386952	0.52348167157
awa-	0.520974582384	0.312411644211	0.0584230114538	0.108190761951
ima-	0.380134388095	0.0484465948397	0.0110875403634	0.560331476702
nay-	0.0592550790067	0.922121896163	0.00338600451469	0.015237020316
kuy-	0.716193656094	0.163606010017	0.0	0.12020033389
rub-	0.0	1.0	0.0	0.0
bau-	0.0193236714976	0.980676328502	0.0	0.0
mik-	0.545454545455	0.18449197861	0.0	0.270053475936
guw-	0.13358941528	0.780196329492	0.0307298335467	0.0554844216816
tis-	0.0437678401523	0.934665398034	0.0082461148113	0.0133206470028
mii-	0.384615384615	0.43956043956	0.0879120879121	0.0879120879121
bul-	0.421381144689	0.40398699751	0.0461483178283	0.128483539972
ihi-	0.344471102268	0.524840540699	0.0520802855638	0.078608071469
gis-	0.390052356021	0.280104712042	0.314136125654	0.0157068062827
rat-	0.0816326530612	0.755102040816	0.163265306122	0.0
tan-	0.0534058446717	0.224982006105	0.0356576828481	0.685954466375
udt-	0.09453197405	0.638554216868	0.127896200185	0.139017608897
bil-	0.138285874301	0.565159345219	0.0703011301904	0.22625365029
kup-	0.97617274758	0.0104244229337	0.0134028294862	0.0
aga-	0.0548104956268	0.855976676385	0.0822157434402	0.00699708454809
ipi-	0.603564575252	0.264162231318	0.0386187220836	0.0936544713456
inu-	0.512120781497	0.274880988745	0.120253909928	0.0927443198306
lah-	0.0492721164613	0.896976483763	0.047032474804	0.00671892497202
ngu-	0.202158810358	0.0218997859234	0.0103347304358	0.765606673283
sii-	0.0	1.0	0.0	0.0
sur-	0.15745958989	0.663804763065	0.082442475901	0.096293171144
miy-	0.558588828223	0.34929301414	0.0744785104298	0.017639647207
pis-	0.0363190775903	0.922954189772	0.0163964767762	0.0243302558615
wal-	0.169367315365	0.375693256973	0.077626686209	0.377312741452
ant-	0.0896037980533	0.834487307526	0.0178033747224	0.0581055196983
asd-	0.0	1.0	0.0	0.0
nak-	0.469327198437	0.0861167608901	0.0257680452678	0.418787995405
nan-	0.588363910929	0.224621411281	0.054037253999	0.132977423791
pih-	0.243303656471	0.114341501434	0.0510711287665	0.591283713329
lui-	0.0	0.981651376147	0.0183486238532	0.0
aya-	0.492468989959	0.313349084465	0.01993502658	0.174246898996
rum-	0.617420450262	0.230525015639	0.0820996403049	0.0699548937945
sar-	0.165376656129	0.63891067382	0.0675478242897	0.128164845761
mar-	0.156064975808	0.498029339687	0.243321615299	0.102584069206
kah-	0.132240072788	0.761182016091	0.0460807876589	0.0604971234628
dam-	0.0432946145723	0.915522703273	0.0116156282999	0.0295670538543
put-	0.0714285714286	0.876623376623	0.051948051948	0.0
tin-	0.575109095494	0.304984812105	0.0336313929184	0.086274699482
art-	0.0301810865191	0.951710261569	0.0120724346077	0.00603621730382
nab-	0.49260271149	0.332472283945	0.105896796055	0.0690282085094
bal-	0.0985647151007	0.400655678309	0.0332531148179	0.467526491773
adr-	0.147651006711	0.805369127517	0.0335570469798	0.0134228187919
han-	0.0336902811153	0.0158195472909	0.00951226476453	0.940977906829
mip-	0.572264196929	0.223495003656	0.0906653668048	0.11357543261
sad-	0.075969865494	0.198718883122	0.328436340059	0.396874911325
pub-	0.118181818182	0.8	0.0818181818182	0.0
gub-	0.141723356009	0.825720764496	0.0136054421769	0.0189504373178
tun-	0.14419201988	0.0789321022448	0.0176068021124	0.759269075763
lut-	0.0837481698389	0.719472913616	0.191508052709	0.00527086383602
iru-	0.702786377709	0.260061919505	0.0185758513932	0.0185758513932
tas-	0.51051051051	0.241741741742	0.202702702703	0.045045045045
amp-	0.275515093436	0.600383325347	0.075227599425	0.0488739817921
kaa-	0.122538934972	0.569603635565	0.208234500664	0.0996229288001
nku-	0.406026962728	0.493259318002	0.0793021411578	0.0214115781126
hag-	0.641727597347	0.31304199966	0.0221050841694	0.0231253188233
adu-	0.163963963964	0.253153153153	0.488288288288	0.0945945945946
ukl-	0.218181818182	0.654545454545	0.0909090909091	0.0363636363636
tug-	0.190856352696	0.189376343621	0.0435360333596	0.576231270323
ugu-	0.0526315789474	0.947368421053	0.0	0.0
sib-	0.00625814863103	0.989048239896	0.0	0.00469361147327
gim-	0.31310535679	0.473413718126	0.0272781182052	0.186202806879
tuu-	0.389110225764	0.442673749446	0.141655599823	0.0265604249668
sit-	0.237410367064	0.0731643752804	0.0355858346048	0.653839423051
lus-	0.26376146789	0.70871559633	0.0	0.0275229357798
sus-	0.0669939123893	0.258655841914	0.0124062800721	0.661943965625
rip-	0.101694915254	0.898305084746	0.0	0.0
ial-	0.63306875777	0.100124318638	0.114755666061	0.152051257531
ipr-	0.0	1.0	0.0	0.0
dua-	0.447973713034	0.410733844469	0.0509309967141	0.0903614457831
pah-	0.209765243449	0.674487288756	0.0643739210403	0.0513735467545
uda-	0.0658512181312	0.808767752294	0.014581895181	0.110799134394
ily-	0.0012012012012	0.998798798799	0.0	0.0
gum-	0.449069441665	0.460876525916	0.0684410646388	0.0216129677807
mak-	0.487173405735	0.271554119035	0.153729451272	0.0875430239588
sam-	0.107286286907	0.342914706826	0.011581387577	0.53821761869
buy-	0.332671401165	0.20507556124	0.371781495069	0.0904715425264
hup-	0.042909685329	0.839395177769	0.10298324479	0.0147118921128
nik-	0.0136511044985	0.0299569692457	0.00226381952722	0.954128106729
lit-	0.372848948375	0.569789674952	0.057361376673	0.0
yun-	0.0848484848484	0.915151515152	0.0	0.0
kiy-	0.0510638297872	0.846808510638	0.102127659574	0.0
rut-	0.179238822033	0.717411864462	0.0546260965985	0.0487232169064
bag-	0.0585616230249	0.191464662575	0.0330757722263	0.716897942173
lib-	0.0781014110997	0.360366855589	0.0227636521748	0.538768081137
tig-	0.434750465251	0.30967487275	0.149614365052	0.105960296947
may-	0.228928638741	0.10768567046	0.208600931642	0.454784759157
uta-	0.67627119173	0.292225491885	0.018901989831	0.012601326554
tib-	0.0	0.995447647951	0.00455235204857	0.0
apu-	0.0545612164958	0.867852526058	0.0381271151416	0.0394591423041
uya-	0.0795405599426	0.825556353195	0.0178033022254	0.0770997846374
sum-	0.668623864548	0.250657241802	0.0316055237365	0.0491133699136
dar-	0.365013769075	0.417874092742	0.113223351125	0.103888787058
dit-	0.03	0.95	0.02	0.0
gam-	0.161829976101	0.749971548879	0.0427904859451	0.0454079890748
igh-	0.267441860465	0.232558139535	0.383720930233	0.116279069767
ara-	0.172694427545	0.252436888111	0.0558619020948	0.519006782249
gad-	0.0	0.927565392354	0.0241448692153	0.0482897384306
bih-	0.12606122974	0.562644713147	0.123488551582	0.187805505531
lik-	0.227655403068	0.431668780994	0.250259485642	0.0904163302964
isu-	0.563423089282	0.247823972661	0.0544104713462	0.134342466711
hun-	0.0681974371698	0.915182594809	0.0147761113868	0.00184385663459
pag-	0.319920894679	0.223827061349	0.0473864521801	0.408865591792
kul-	0.050839408922	0.895192603145	0.0125143160423	0.0414536718903
gip-	0.0	0.875	0.125	0.0
kal-	0.105466875277	0.76435830228	0.0551798119111	0.0749950105324
aba-	0.230789068037	0.078813873223	0.0188396041256	0.671557454615
kil-	0.536709028689	0.347957092745	0.04891699748	0.0664168810855
pau-	0.34127287145	0.314301937404	0.220251206594	0.124173984552
unt-	0.0637707948244	0.814232902033	0.110905730129	0.0110905730129
sim-	0.0123574843693	0.957999264435	0.025671202648	0.00397204854726
buk-	0.16472514471	0.0962718553955	0.0981503939322	0.640852605963
alu-	0.10771219302	0.863851788022	0.0103403705299	0.0180956484274
lak-	0.328376703841	0.287120052482	0.0545229244114	0.329980319265
mas-	0.342811145685	0.278240535091	0.191468686474	0.18747963275
any-	0.263061411549	0.607393828292	0.0452184540177	0.0843263061411
iga-	0.724122276029	0.101089588378	0.174788135593	0.0
nir-	0.0	1.0	0.0	0.0
iul-	0.388862217955	0.138742198752	0.0345655304848	0.437830052808
pil-	0.0990798771717	0.759636377314	0.102056280183	0.0392274653312
hin-	0.220592192557	0.169154244573	0.0186525793208	0.591600983549
lag-	0.264447565533	0.25274939669	0.290519860726	0.192283177051
usa-	0.0193140778057	0.0571294979518	0.112244573	0.811311851242
bur-	0.237525791399	0.643207149975	0.0284404811852	0.0908265774405
uns-	0.239226560743	0.73559169602	0.0	0.0251817432361
dur-	0.241930176697	0.681237866474	0.0230331348096	0.0537988220197
kiu-	0.679611650485	0.0582524271845	0.203883495146	0.0582524271845
idu-	0.12291890222	0.777053974921	0.0403094375702	0.0597176852891
hab-	0.046875	0.950657894737	0.0	0.00246710526316
mit-	0.518901773576	0.240101394839	0.158719462932	0.0822773686525
asa-	0.272362260819	0.532958470897	0.0419787072877	0.152700560997
dii-	0.0879264023447	0.110762842954	0.552796548075	0.248514206627
yab-	0.0150800880925	0.907124051782	0.0250118665405	0.0527839935847
bah-	0.264365016334	0.523823657041	0.0926009317405	0.119210394884
puw-	0.00840336134454	0.972388955582	0.0	0.0192076830732
iwa-	0.391859261814	0.353225250086	0.184546395309	0.0703690927906
pik-	0.0357142857143	0.928571428571	0.0357142857143	0.0
rar-	0.391530022414	0.101922850065	0.0266603751327	0.479886752389
dib-	0.158774373259	0.690807799443	0.150417827298	0.0
bis-	0.345043573729	0.610100761686	0.0289836601932	0.0158720043916
rib-	0.151456826176	0.762593747926	0.0418132342205	0.0441361916772
iri-	0.587134102746	0.270707249085	0.0799213172975	0.0622373308709
yub-	0.109756097561	0.890243902439	0.0	0.0
mur-	0.237901931537	0.431678719106	0.330419349357	0.0
urb-	0.0357142857142	0.964285714286	0.0	0.0
naa-	0.4189488991	0.14235649251	0.0385645218437	0.400130086546
lip-	0.3546375682	0.269290724864	0.132501948558	0.243569758379
tir-	0.0460567625267	0.929203817657	0.00816275273138	0.0165766670853
hai-	0.0393258426966	0.865168539326	0.0224719101124	0.0730337078651
lat-	0.0388768898488	0.915766738661	0.0453563714903	0.0
pal-	0.36265564362	0.364410472713	0.179675433985	0.0932584496823
hus-	0.11664375733	0.83200144042	0.0219090453286	0.0294457569217
kug-	0.0685826257348	0.892227302417	0.0195950359242	0.0195950359242
tub-	0.515672985966	0.352075261432	0.0571458190253	0.0751059335761
hub-	0.0	0.891891891892	0.0675675675676	0.0405405405406
kut-	0.191489361702	0.437689969605	0.334346504559	0.0364741641337
dag-	0.0809546980666	0.784627128077	0.0149976561876	0.119420517669
saa-	0.410351201479	0.539741219963	0.0295748613678	0.0203327171904
lar-	0.40350877193	0.456140350877	0.140350877193	0.0
pak-	0.358412889079	0.365708059024	0.0730488550151	0.202830196882
tup-	0.715986106666	0.135468305641	0.0524562937823	0.0960892939101
iad-	0.579155672823	0.218997361478	0.150395778364	0.0514511873351
suh-	0.1640625	0.791766826923	0.0378605769231	0.00631009615386
lin-	0.370055869282	0.497486159407	0.0577385727702	0.074719398541
upr-	0.0	1.0	0.0	0.0
isr-	0.0334355319854	0.923599602254	0.0153712296984	0.0275936360623
api-	0.368020270142	0.324916377526	0.21762189349	0.0894414588426
dul-	0.104062072113	0.827476038339	0.0657234139662	0.00273847558192
piy-	0.0729237002025	0.367994598244	0.364618501013	0.19446320054
pul-	0.211487506524	0.601135707419	0.098088420651	0.0892883654065
pir-	0.119348289133	0.484264743912	0.104177282536	0.292209684418
yap-	0.402508551881	0.472063854048	0.0971493728621	0.0282782212087
iti-	0.701732741837	0.19245858228	0.0294829061961	0.0763257696869
hir-	0.0226475568457	0.947599177552	0.0143928398645	0.0153604257378
mad-	0.309485793241	0.220737551257	0.157143804714	0.312632850788
wis-	0.242914979757	0.744939271255	0.0121457489879	0.0
rag-	0.0918727915193	0.82332155477	0.0848056537102	0.0
niu-	0.375342465753	0.471232876712	0.0246575342466	0.128767123288
abw-	0.0164778578785	0.324407826982	0.494335736354	0.164778578785
yuk-	0.154320987654	0.783950617284	0.037037037037	0.0246913580247
arn-	0.0	1.0	0.0	0.0
imp-	0.00348172533809	0.993036549324	0.0034817253381	0.0
diw-	0.560975609756	0.0975609756098	0.0	0.341463414634
gar-	0.320636725412	0.51108584423	0.113700966458	0.0545764639
int-	0.481258120608	0.30639047015	0.147306833438	0.0650445758039
duk-	0.084789311408	0.610739979445	0.304470709147	0.0
bat-	0.130080214704	0.685921848283	0.0633263371306	0.120671599882
mih-	0.660915726609	0.266755142667	0.0285335102853	0.0437956204379
tad-	0.273029966704	0.673695893452	0.023307436182	0.0299667036626
wad-	0.251872415488	0.104305832683	0.093693068448	0.550128683381
ury-	0.283711519006	0.115334585923	0.265356265356	0.335597629715
nid-	0.0467508238086	0.0296781784368	0.00189931853421	0.92167167922
pay-	0.39644132911	0.529082698659	0.0202197209679	0.0542562512637
hap-	0.0943396226415	0.716981132075	0.188679245283	0.0
suk-	0.281340118203	0.636723881302	0.0639047770848	0.0180312234098
sub-	0.183885761524	0.232649687045	0.19928748573	0.384177065701
lun-	0.208955546191	0.438455961752	0.256811868466	0.0957766235909
dau-	0.169596265543	0.256487685731	0.475565559956	0.0983504887708
iha-	0.725396825397	0.189682539683	0.0511904761905	0.0337301587302
tam-	0.208835374509	0.297238635989	0.123192651768	0.370733337735
imi-	0.534347677983	0.41251277393	0.044282956739	0.00885659134778
mau-	0.459562187706	0.239796081713	0.2304690612	0.0701726693804
kaw-	0.125980571003	0.05399056878	0.0052999770732	0.814728883144
ulu-	0.0278998242531	0.952328646749	0.00922671353251	0.0105448154657
mia-	0.358536585366	0.350406504065	0.239837398374	0.0512195121951
liy-	0.0215517241379	0.855603448276	0.122844827586	0.0
aar-	0.024	0.892	0.0679999999999	0.016
pab-	0.162171693811	0.748227546402	0.0169603064851	0.0726404533018
hua-	0.0	1.0	0.0	0.0
bud-	0.206718858389	0.731592508176	0.040878010108	0.0208106233277
una-	0.0637127102013	0.092891611175	0.013274293611	0.830121385013
pap-	0.38511169934	0.471766353567	0.101454499889	0.0416674472039
ila-	0.180331935208	0.743516162534	0.0372827021471	0.0388692001109
dal-	0.147967191535	0.716895347071	0.0610298212749	0.0741076401195
igl-	0.0140420711465	0.95233955852	0.0155564121525	0.0180619581806
ist-	0.0787637088734	0.808906613493	0.0329012961117	0.0794283815221
buw-	0.531818170111	0.312090312245	0.0211563078714	0.134935209773
kab-	0.124507303944	0.320032716845	0.12189806974	0.433561909471
hii-	0.0	1.0	0.0	0.0
lan-	0.10088326566	0.338042468487	0.0652978360139	0.495776429839
duw-	0.0225563126058	0.0236368753323	0.0066293044442	0.947177507618
kai-	0.261872487327	0.0991064198936	0.0436068247532	0.595414268026
ada-	0.116010619878	0.616183770057	0.076647812536	0.19115779753
git-	0.0252808988764	0.962078651685	0.0126404494382	0.0
pus-	0.178100733775	0.621714041462	0.144617795825	0.0555674289378
nas-	0.151614369891	0.725381477085	0.0635293686854	0.0594747843387
dil-	0.0506666666666	0.858666666667	0.0173333333334	0.0733333333332
yag-	0.0	0.914741900481	0.0852580995194	0.0
uma-	0.502118782679	0.209855722434	0.130692743599	0.157332751287
nat-	0.52556841951	0.252517619473	0.0847770420602	0.137136918957
rah-	0.0239808153477	0.976019184652	0.0	0.0
ibu-	0.373353838614	0.205168006692	0.0585583492122	0.362919805482
biy-	0.0801843317972	0.715207373272	0.157603686636	0.047004608295
