-het	0.373602351555	0.605740216967	0.00763095035016	0.0130264811272
-her	0.0477225949998	0.0906463801571	0.699020050994	0.162610973849
-hel	0.426666666667	0.541333333333	0.0213333333333	0.0106666666667
-hem	0.0	0.994652406417	0.00534759358288	0.0
-hia	0.142219929393	0.218895569404	0.31327829131	0.325606209894
-rbe	0.0847457627119	0.915254237288	0.0	0.0
-hek	0.776532025895	0.14559846733	0.0519130045166	0.0259565022583
-hed	0.203389830508	0.694915254237	0.0508474576271	0.0508474576271
-ois	0.59472743521	0.3945487042	0.00536193029491	0.00536193029491
-heb	0.140724946695	0.769722814499	0.089552238806	0.0
-lem	0.0249143280541	0.939983328702	0.0122719273872	0.0228304158562
-aup	0.606409531558	0.134589130824	0.0135140725623	0.245487265055
-aus	0.218579234973	0.655737704918	0.0437158469945	0.0819672131147
-aur	0.00365779662454	0.00628673989412	0.00141798568808	0.988637477793
-aut	0.198347736237	0.679098732495	0.054175532981	0.0683779982869
-ufa	0.132596685083	0.867403314917	0.0	0.0
-ple	0.606793259549	0.234684625932	0.0377933518058	0.120728762713
-aum	0.00481927710843	0.995180722892	0.0	0.0
-aul	0.0175746924429	0.95079086116	0.0316344463972	0.0
-pla	0.104166666667	0.635416666667	0.260416666667	0.0
-aun	0.0705148553415	0.037043874635	0.00626035177703	0.886180918246
-nta	0.0857208109451	0.820240913285	0.0682711092319	0.0257671665376
-nte	0.251611808619	0.319562266712	0.0257889379029	0.403036986766
-kia	0.048385229772	0.893621946985	0.0353050121542	0.0226878110893
-pak	0.322400327518	0.30934685394	0.342460792341	0.0257920262014
-pra	0.151795062799	0.739313743352	0.0616890679557	0.0472021258931
-pre	0.555555555556	0.259259259259	0.074074074074	0.111111111111
-kie	0.0282555488845	0.0182588492868	0.00559974326202	0.947885858567
-dha	0.155694691785	0.223121541299	0.574305333977	0.0468784329399
-ósa	0.0	1.0	0.0	0.0
--ha	0.0567107750473	0.258979206049	0.0387523629489	0.645557655955
-pro	0.178723404255	0.706382978723	0.102127659574	0.0127659574468
-ope	0.939879759519	0.0420841683366	0.00601202404811	0.0120240480962
-opa	0.080069124424	0.860599078341	0.0259216589862	0.0334101382489
-gke	0.0349352481436	0.0262576630871	0.00885369988816	0.929953388881
-dea	0.0141931387379	0.957047080135	0.0106448540535	0.0181149270734
-deb	0.752461322082	0.149085794655	0.0175808720113	0.0808720112518
-mse	0.0640455090747	0.0458960566541	0.0256956000155	0.864362834256
-hle	0.846072244885	0.0935596408535	0.0167980839685	0.0435700302934
-dei	0.424767725591	0.0842515650212	0.0340353380705	0.456945371317
-jgo	0.10078387458	0.026875699888	0.010078387458	0.862262038074
-der	0.254468451655	0.23006245065	0.141590697007	0.373878400689
-des	0.146829403987	0.659966390653	0.0232826652745	0.169921540085
-okh	0.214193130266	0.217433570966	0.549902786779	0.0184705119896
-oke	0.055679109229	0.0281238026604	0.00527321299882	0.910923875112
-rwa	0.201337507114	0.672381900968	0.10422595333	0.0220546385885
-lla	0.422597864769	0.39590747331	0.105575326216	0.0759193357058
-lle	0.473621007125	0.218157073093	0.0852613881995	0.222960531583
-ida	0.421842491217	0.403901906613	0.119683481701	0.054572120468
-bie	0.228982290115	0.32189346808	0.382334900838	0.0667893409664
-bia	0.101609622687	0.850233845814	0.0227936523922	0.025362879107
-tle	0.485453606473	0.385092098468	0.0571526940954	0.072301600964
-eno	0.130749682338	0.187369758577	0.0337992376112	0.648081321474
-eja	0.256809338521	0.719844357977	0.0233463035019	0.0
-bba	0.365655702691	0.587782998719	0.00768902178556	0.0388722768048
-rie	0.20435189977	0.594143813278	0.0710628914635	0.130441395489
-eje	0.287926947139	0.177539803519	0.18371409749	0.350819151852
-bbe	0.152765388046	0.114146595302	0.0280627415998	0.705025275052
-ria	0.0628196542548	0.790075679904	0.0593230885935	0.0877815772474
-hlo	0.503816793893	0.343511450382	0.0458015267175	0.106870229008
-bbo	0.172603977596	0.0513581939565	0.0288543184102	0.747183510037
-tea	0.0	0.991266375546	0.00873362445415	0.0
-tel	0.0348589503583	0.871127516857	0.0855628781521	0.00845065463231
-tem	0.0563393268276	0.712576117524	0.0297715821614	0.201312973487
-are	0.254630099169	0.180461879019	0.0404317497369	0.524476272075
-wal	0.512934265847	0.366118568391	0.0572139837375	0.0637331820247
-ara	0.196446080655	0.176964251313	0.145718057834	0.480871610198
-mes	0.0359690256742	0.940051623876	0.0239793504495	0.0
-wak	0.0344827586207	0.892572944297	0.026525198939	0.0464190981432
-jie	0.0944533555929	0.423207604835	0.22333510815	0.259003931422
-arh	0.350590928148	0.422952714417	0.0908205006175	0.135635856817
-mea	0.0	1.0	0.0	0.0
-sie	0.179027700065	0.609500317696	0.114971306163	0.096500676076
-men	0.00666296501943	0.846751804553	0.0133259300389	0.133259300389
-mek	0.0	1.0	0.0	0.0
-nwe	0.248062015504	0.736434108527	0.0	0.015503875969
-era	0.311920854699	0.335127383644	0.176317803375	0.176633958282
-fos	0.0	1.0	0.0	0.0
-ota	0.11894051389	0.275377792301	0.497034109006	0.108647584803
-ija	0.124577498793	0.7914051183	0.0608401738291	0.0231772090777
-oth	0.139026812314	0.819265143992	0.0417080436941	0.0
-otj	0.388405712048	0.24268021192	0.192321799637	0.176592276395
-hwa	0.0748153618907	0.567355982275	0.206720827179	0.151107828656
-hwe	0.621428571429	0.228571428571	0.0	0.15
-tje	0.401622560716	0.195051636414	0.0722181137173	0.331107689153
-end	0.0787037037037	0.691437571592	0.167143948072	0.0627147766323
-nhe	0.333594976452	0.282574568289	0.247252747253	0.136577708006
-nha	0.0892430278884	0.844143426295	0.0269322709163	0.0396812749004
-auk	0.547697368421	0.171052631579	0.22697368421	0.0542763157895
-ako	0.609218436874	0.310621242485	0.060120240481	0.0200400801603
ALL	0.243474992666	0.277970622962	0.0525600418653	0.425994342507
-nai	0.0463601775951	0.569072629335	0.0370848316071	0.347482361462
-nan	0.168097281831	0.831902718169	0.0	0.0
-nal	0.434943547692	0.317122652322	0.18659293549	0.0613408644964
-akh	0.440862557177	0.465040296232	0.0235242866478	0.0705728599434
-nab	0.429002009377	0.349854878321	0.100803750837	0.120339361465
-tja	0.14741147591	0.442884673217	0.318197004411	0.0915068464615
-ake	0.173928639174	0.138265710445	0.130932390896	0.556873259485
-nag	0.00501190327026	0.984964290189	0.0100238065405	0.0
-aka	0.255547463424	0.597319148544	0.120029869184	0.027103518848
-twa	0.0349075975359	0.574316853578	0.341336281788	0.0494392670984
-nas	0.0225890896808	0.936433879412	0.018852389799	0.0221246411079
-sia	0.034856473345	0.924428822496	0.0113559551169	0.0293587490424
-aks	0.202797202797	0.734265734266	0.0629370629371	0.0
-nat	0.681618107983	0.172024474667	0.0624471941348	0.0839102232155
-nau	0.106915815835	0.316124060875	0.227316509343	0.349643613947
-mos	0.0884831460674	0.88202247191	0.00842696629215	0.0210674157303
-mor	0.177777777778	0.777777777778	0.0444444444444	0.0
-gon	0.0	1.0	0.0	0.0
-gog	0.0677966101695	0.898305084746	0.0338983050847	0.0
-dam	0.159955855395	0.167158414739	0.16268512765	0.510200602215
-mon	0.0179236297515	0.980777556498	0.0	0.00129881375011
-gos	0.311989100817	0.668463452198	0.00888520317498	0.01066224381
-gor	0.108666312216	0.826428366938	0.00826142080079	0.056643900045
-lke	0.355933462053	0.331167384524	0.0865141838704	0.226384969553
-jle	0.683221202443	0.155031353797	0.0194096932512	0.142337750509
-nam	0.287623474724	0.619988378849	0.0366066240558	0.0557815223707
-jla	0.648734177215	0.351265822785	0.0	0.0
-ber	0.136431464506	0.567043274355	0.175015988062	0.121509273076
-ies	0.788523257425	0.0865326748988	0.0162957725074	0.108648295169
-eor	0.0952380952381	0.904761904762	0.0	0.0
-bet	0.0335448776065	0.95829555757	0.0	0.00815956482321
-eon	0.131935881628	0.845869297164	0.0184956843403	0.00369913686806
-lpe	0.675862068966	0.268965517241	0.0413793103448	0.0137931034483
-bel	0.348987505386	0.651012494614	0.0	0.0
-rle	0.517972887292	0.251503175769	0.0793692936306	0.151154643308
-lka	0.262090483619	0.413416536661	0.318252730109	0.00624024960997
-bed	0.296875	0.703125	0.0	0.0
-rem	0.220597897503	0.664805081034	0.0689334209374	0.0456636005256
-ise	0.15290459065	0.0709322365559	0.0214548870778	0.754708285717
-rea	0.0135087095627	0.971560611447	0.00853181656594	0.00639886242446
-isa	0.238868717555	0.635699673959	0.0553278879355	0.0701037205505
-upe	0.470967741935	0.438709677419	0.0645161290322	0.0258064516129
-rer	0.252293577982	0.235091743119	0.485091743119	0.0275229357798
-res	0.0102127659574	0.924255319149	0.0170212765957	0.0485106382979
-ret	0.0408247257104	0.914626434186	0.0331188537892	0.0114299863148
-dia	0.027397260274	0.970776255708	0.0	0.00182648401826
-ahe	0.340656326581	0.1267328033	0.0319109584456	0.500699911674
-hab	0.425489658951	0.260238323517	0.0473907683879	0.266881249144
-iew	0.153336096146	0.709904682967	0.0978035640283	0.0389556568587
-hag	0.0733579755473	0.0952516349161	0.0216093261302	0.809781063406
-hai	0.788727114696	0.0254665840563	0.000878120674251	0.184928180573
-mas	0.00497512437812	0.985074626866	0.0099502487562	0.0
-hak	0.350073082751	0.504968286109	0.106741045687	0.0382175854532
-hal	0.340563043368	0.588543196138	0.0315014568544	0.0393923036401
-ham	0.00858980203768	0.0547550450938	0.00203822267869	0.93461693019
-han	0.135240489433	0.321575968925	0.0674047803637	0.475778761279
-mai	0.172451193059	0.440708604483	0.12147505423	0.265365148228
-har	0.129406563661	0.464657993374	0.0648765906039	0.341058852361
-has	0.317987152034	0.495182012848	0.0883297644539	0.0985010706638
-mam	0.0196078431372	0.980392156863	0.0	0.0
-mal	0.052985567231	0.45542611457	0.491588318199	0.0
-man	0.193820081949	0.46342060456	0.0921109083054	0.250648405185
-toe	0.0733583401712	0.0223947954519	0.00444262102919	0.899804243348
-kgo	0.0264037194855	0.0273517652965	0.0136802628919	0.932564252326
-uno	0.297066416663	0.22066241753	0.0200096550084	0.462261510799
-una	0.193181818182	0.714015151515	0.092803030303	0.0
-mfa	0.0223880597015	0.977611940299	0.0	0.0
-nke	0.61744898969	0.181133136555	0.0591199631786	0.142297910576
-pte	0.0147667524332	0.89954133572	0.0731625461461	0.0125293657009
-pta	0.014950166113	0.671926910299	0.00249169435216	0.310631229236
-nko	0.278501238316	0.241431652952	0.0571223136534	0.422944795079
-nki	0.0923076923077	0.892307692308	0.0153846153846	0.0
-nle	0.843731019523	0.08147505423	0.0333188720173	0.0414750542299
-gab	0.605398967844	0.249305279873	0.0643112346169	0.0809845176658
-ada	0.152320208327	0.436849715414	0.115747413014	0.295082663245
-gan	0.113528454361	0.22065416572	0.0142042013436	0.651613178576
-gam	0.428848641656	0.315006468305	0.168822768435	0.0873221216041
-gal	0.516762074971	0.105397183725	0.0189972879056	0.358843453398
-adj	0.090329836007	0.798552520688	0.039969415817	0.0711482274879
-rlo	0.431854969246	0.509873745549	0.0582712852056	0.0
-adh	0.0	0.846808510638	0.153191489362	0.0
-gat	0.592400946359	0.125450724153	0.049355101945	0.232793227543
-gas	0.0	0.966386554622	0.0336134453782	0.0
-gar	0.262638900142	0.288565116097	0.220187024354	0.228608959407
-lam	0.278278278278	0.637637637638	0.024024024024	0.0600600600601
-lan	0.100210372757	0.287870702142	0.031669238805	0.580249686295
-sem	0.0	1.0	0.0	0.0
-sek	0.0	1.0	0.0	0.0
-oes	0.237391720253	0.444318684214	0.280580371529	0.0377092240041
-sei	0.0263157894737	0.631578947368	0.342105263158	0.0
-ina	0.383027522936	0.598623853211	0.0	0.0183486238532
-sea	0.0581509310683	0.912446912774	0.0137210062071	0.015681149951
-hie	0.191140796565	0.192146502264	0.0444953308906	0.57221737028
-oha	0.00423549343499	0.990681914443	0.0	0.00508259212198
-kna	0.577464788732	0.253521126761	0.0	0.169014084507
-ses	0.0391014975041	0.1846921797	0.0823627287853	0.69384359401
-ser	0.022113022113	0.89312039312	0.0847665847665	0.0
-aam	0.267911957271	0.568504441409	0.036798962071	0.126784639248
-eda	0.149514563107	0.807766990291	0.00906148867314	0.0336569579288
-rse	0.343294460641	0.57361516035	0.0568513119533	0.0262390670554
-ede	0.460580912863	0.464730290456	0.0580912863071	0.0165975103734
-edj	0.0856476484294	0.593518496701	0.028468721385	0.292365133484
-ena	0.169084010635	0.173444651737	0.299434756973	0.358036580655
-edh	0.132028580305	0.855545200373	0.00310655483069	0.00931966449209
-ian	0.127655791339	0.663740931838	0.162347570832	0.0462557059911
-ner	0.17984975696	0.378700839593	0.0998674326116	0.341581970835
-nes	0.354845580405	0.565282215123	0.0498402555911	0.0300319488818
-rso	0.21978021978	0.582417582418	0.135164835165	0.0626373626374
-iau	0.592079207921	0.118811881188	0.0633663366337	0.225742574257
-nem	0.152971956504	0.668690213392	0.0735835172921	0.104754312812
-ias	0.0489963129865	0.922408848832	0.0108152396559	0.0177795985252
-tke	0.557135162707	0.189426525854	0.0311511118265	0.222287199613
-ghe	0.0959993829655	0.0846294602013	0.0172876018639	0.802083554969
-gha	0.0363636363636	0.945454545455	0.0181818181818	0.0
-rha	0.290419161677	0.431137724551	0.230538922156	0.0479041916168
-bal	0.114717796381	0.840561706724	0.0311099108831	0.0136105860114
-rhe	0.509043553755	0.282303574012	0.0775575170019	0.131095355231
-aak	0.102638734633	0.741679751829	0.118532419287	0.0371490942515
-eke	0.385212134182	0.38085174683	0.0612594296721	0.172676689316
-hoe	0.0757281259034	0.85296418864	0.0198368695547	0.0514708159023
-jot	0.705882352941	0.264705882353	0.0	0.0294117647059
-hok	0.743842364532	0.192118226601	0.0344827586207	0.0295566502463
-hoi	0.501337781441	0.0711666940386	0.0365599228582	0.390935601662
-eko	0.0060422960725	0.993957703927	0.0	0.0
-jor	0.240786430512	0.476079296308	0.255764415095	0.0273698580845
-hor	0.528439641167	0.180080525535	0.0852157943067	0.206264038991
-how	0.650242196773	0.24582170468	0.0558175344047	0.048118564142
-gse	0.192049233906	0.0375441572063	0.00878948980146	0.761617119086
-joe	0.228501228501	0.690417690418	0.058968058968	0.022113022113
-bat	0.112490695251	0.804335268721	0.0279708203067	0.0552032157213
-bar	0.101033064179	0.758314533335	0.112598380988	0.0280540214984
-bas	0.121311636114	0.385367744695	0.0200960690129	0.473224550178
-job	0.206896551724	0.655172413793	0.0862068965517	0.051724137931
-ase	0.546218487395	0.411764705882	0.0252100840336	0.0168067226891
-asa	0.0895375066408	0.844376253778	0.0441387799419	0.0219474596396
-jha	0.37565044179	0.197436769524	0.240332156694	0.186580631992
-jhe	0.58584849484	0.152312242558	0.0597438004734	0.202095462129
-mba	0.119503945885	0.26193160466	0.375046974821	0.243517474634
-dra	0.0535714285714	0.446428571429	0.0178571428571	0.482142857143
-lta	0.363621262458	0.372757475083	0.182225913621	0.0813953488372
-lte	0.33575677462	0.314606741573	0.151354923992	0.198281559815
-rat	0.197394656887	0.481642229709	0.0258227882841	0.29514032512
-ras	0.0255519651973	0.940871199738	0.00942992933839	0.0241469057259
-rap	0.587659775919	0.309136815528	0.0890011046237	0.0142023039293
-ran	0.298446815539	0.487195470518	0.115153422598	0.099204291345
-ral	0.433524933106	0.198985273019	0.234464078386	0.133025715488
-ram	0.0875447759012	0.686274147261	0.171906014539	0.0542750622987
-rak	0.193167631685	0.756174993917	0.0340627172676	0.0165946571304
-rah	0.0106951871658	0.92513368984	0.0106951871658	0.0534759358289
-rai	0.159229129828	0.743970782435	0.0455942442239	0.051205843513
-raf	0.0	0.968253968254	0.031746031746	0.0
-rag	0.0130937070586	0.871178652976	0.092558332947	0.0231693070188
-rab	0.422042718651	0.186097675866	0.0667490891693	0.325110516314
-ere	0.346855830125	0.417216431837	0.0810210572883	0.154906680749
-swa	0.0995347097197	0.889663073722	0.00771586897052	0.0030863475882
-ata	0.291769427552	0.593817496668	0.0770974709333	0.0373156048467
-bse	0.242470557701	0.0810098558775	0.0315995891721	0.644919997249
-ugo	0.0950920245398	0.141104294478	0.0398773006135	0.723926380368
-poe	0.646568233768	0.327965514164	0.0215536473027	0.00391260476514
-ike	0.60958322412	0.148647829501	0.0488404085292	0.19292853785
-lag	0.37661726171	0.163179659351	0.307637979037	0.152565099902
-lab	0.427355733145	0.20207867897	0.0288048037441	0.341760784141
-lal	0.697403411444	0.106830710049	0.111308726459	0.0844571520477
-aat	0.206674177049	0.441340485646	0.0340336537443	0.31795168356
-aaw	0.472656030467	0.387510167141	0.0584088185836	0.0814249838087
-nos	0.0	1.0	0.0	0.0
-lah	0.0	0.966480446927	0.0	0.0335195530727
-aap	0.105813083493	0.737257742462	0.0263230909861	0.130606083059
-aas	0.295517260149	0.446875405442	0.0283159607371	0.229291373672
-lak	0.0965438493467	0.107818248435	0.04114857031	0.754489331908
-lat	0.4532217401	0.362795204693	0.0675304851905	0.116452570017
-aal	0.180321482761	0.473120988499	0.238634683911	0.107922844829
-aao	0.0204778156997	0.959044368601	0.0	0.0204778156997
-aan	0.208981845565	0.595649900927	0.123041900181	0.0723263533262
-aai	0.359505007344	0.42524900368	0.073605203251	0.141640785724
-aah	0.523485272405	0.352835289597	0.0588564455561	0.0648229924424
-non	0.0	1.0	0.0	0.0
-las	0.0310497099437	0.920973589164	0.00445980599844	0.0435168948939
-aad	0.287120801751	0.394814529435	0.0358405353393	0.282224133475
-aag	0.342676058105	0.477504231611	0.0613518360942	0.118467874189
-aaf	0.748493931913	0.166770905983	0.0457300874843	0.039005074619
-ppe	0.20946256316	0.338079926504	0.188332567754	0.264124942582
-aab	0.17642332571	0.24085891777	0.398163089445	0.184554667075
-boe	0.110664993726	0.826097867001	0.0632371392723	0.0
-dos	0.290909090909	0.672727272727	0.0363636363636	0.0
-bol	0.706019402999	0.103352189594	0.0362990783109	0.154329329096
-aha	0.747106602079	0.0733452436502	0.00619787465866	0.173350279612
-boi	0.719101123596	0.228464419476	0.0	0.0524344569288
-kja	0.0916030534351	0.908396946565	0.0	0.0
-bot	0.196551879767	0.780317732545	0.000676986956719	0.0224534007311
-dod	0.0615384615385	0.8	0.0153846153846	0.123076923077
-doe	0.169139465875	0.661721068249	0.169139465875	0.0
-don	0.26433137707	0.595184447705	0.0665478935234	0.0739362817019
-dol	0.0435458786936	0.950233281493	0.00622083981336	0.0
-dom	0.00937499999999	0.9796875	0.00625	0.0046875
-dok	0.0	1.0	0.0	0.0
-sas	0.0450588481092	0.93401351069	0.0068946305453	0.0140330106553
-sar	0.0709358437903	0.281694150383	0.179779607663	0.467590398164
-dek	0.0609893198426	0.891793142215	0.0303541315346	0.0168634064081
-gle	0.343832504451	0.444710505311	0.0515748756677	0.15988211457
-sau	0.00714711137581	0.13412745682	0.0439547349613	0.814770696843
-sat	0.488862837046	0.330597889801	0.138335287222	0.042203985932
-toh	0.030737704918	0.861680327869	0.0	0.107581967213
-lfa	0.104047466282	0.849022033192	0.0261937677354	0.0207367327905
-sab	0.0409393183111	0.0871026396934	0.0186064018014	0.853351640194
-tor	0.0329994229283	0.0857080956912	0.0109798948845	0.870312586496
-saf	0.00541692567267	0.983749222982	0.00319687416748	0.00763697717787
-top	0.46674445741	0.423376118242	0.071956437184	0.0379229871645
-sad	0.0	1.0	0.0	0.0
-ola	0.545922580019	0.398708047987	0.0233134197872	0.0320559522075
-sai	0.0175953079179	0.979472140762	0.0	0.00293255131964
-ole	0.763566342417	0.102863430477	0.0197113498015	0.113858877305
-sam	0.275336142886	0.620911097732	0.0216736905479	0.082079068834
-sal	0.166551690789	0.338466881228	0.373041797227	0.121939630756
-lon	0.0282263604881	0.937541670409	0.0324302865182	0.00180168258434
-ieh	0.178913738019	0.70607028754	0.0191693290735	0.0958466453674
-iek	0.194973680955	0.333294810807	0.204554263241	0.267177244997
-row	0.2257806245	0.753402722178	0.0160128102482	0.00480384307447
-iem	0.0352296450939	0.15605427975	0.758872651357	0.0498434237996
-iel	0.200058529846	0.486134690563	0.144502357169	0.169304422422
-ien	0.0592049379746	0.272987455128	0.0257516885364	0.642055918361
-log	0.0313561896988	0.0600925782215	0.00732462065113	0.901226611429
-ieb	0.0352649548665	0.175560856212	0.74754844644	0.0416257424816
-ied	0.00557600089216	0.976023196164	0.00501840080294	0.0133824021412
-ieg	0.754650141082	0.140095168556	0.0487290233157	0.0565256670462
-bha	0.287357644081	0.621189462786	0.0490049465086	0.0424479466237
-roe	0.413592087267	0.38429462588	0.0474947459719	0.154618540881
-lot	0.00596947042269	0.994030529577	0.0	0.0
-ier	0.424842677926	0.360826803621	0.146236450002	0.0680940684504
-iet	0.337917737582	0.498231879797	0.0554102539664	0.108440128655
-lop	0.556933483653	0.186020293123	0.054114994363	0.202931228861
-rok	0.570684039088	0.143973941368	0.0156351791531	0.269706840391
-mar	0.570722324665	0.13616990638	0.235081856231	0.0580259127241
-mat	0.437497328946	0.370699602547	0.0826958417026	0.109107226805
-ewe	0.349520090451	0.106179819122	0.0384798316577	0.505820258769
-hke	0.630428100674	0.121392881906	0.0457550912457	0.202423926174
-rda	0.11596477461	0.751765629087	0.093905309966	0.038364286337
-ewa	0.208402914894	0.18104541604	0.0156985718705	0.594853097196
-ewo	0.418859649123	0.451754385965	0.0372807017544	0.0921052631579
-pie	0.164648259216	0.703626295859	0.110699971624	0.0210254733011
-awo	0.5539326462	0.317918756545	0.00496059086149	0.123188006394
-nga	0.112142995071	0.47848042234	0.379537364603	0.0298392179866
-awa	0.171053772715	0.163860287678	0.573939325173	0.0911466144344
-mak	0.118520497272	0.796416944877	0.0680500462807	0.0170125115702
-awe	0.514227190373	0.306457957159	0.0608758423	0.118439010168
-jte	0.649122807018	0.184210526316	0.114035087719	0.0526315789474
-hat	0.239263592705	0.134047622111	0.0629454783133	0.563743306871
-hau	0.0818965517242	0.098275862069	0.212068965517	0.60775862069
-276	0.0	0.206896551724	0.0	0.793103448276
-pke	0.157658378714	0.149165939665	0.0246378232702	0.668537858351
-aim	0.0666666666666	0.933333333333	0.0	0.0
-wka	0.132972174341	0.867027825659	0.0	0.0
-sta	0.255542047983	0.579891210737	0.0338518854566	0.130714855824
-ssa	0.152944253149	0.694590942771	0.0852547618009	0.0672100422787
-red	0.0	1.0	0.0	0.0
-rta	0.131793431138	0.710401276315	0.0877466791524	0.0700586133943
-tos	0.0	1.0	0.0	0.0
-lei	0.377369718609	0.15982317436	0.0661735951713	0.396633511859
-lek	0.305867755479	0.109391005757	0.123501320137	0.461239918628
-lel	0.0	1.0	0.0	0.0
-ion	0.0333333333334	0.941666666667	0.025	0.0
-lea	0.0144108505227	0.965103136479	0.0121503249506	0.00833568804748
-leb	0.438805970149	0.250746268657	0.0716417910448	0.238805970149
-éla	0.0	1.0	0.0	0.0
-leg	0.0	1.0	0.0	0.0
-ios	0.0	0.962962962963	0.037037037037	0.0
-les	0.0444444444444	0.862626262626	0.0	0.0929292929292
-let	0.367924528302	0.603773584906	0.0	0.0283018867925
-iot	0.000909918107369	0.991810737034	0.00363967242948	0.00363967242948
-fta	0.0	1.0	0.0	0.0
-bke	0.0525540880098	0.0529265093924	0.0109288397436	0.883590562854
-san	0.167582994728	0.246262525854	0.15489616372	0.431258315698
-ndj	0.273640167364	0.226220362622	0.495955369596	0.00418410041841
-tjh	0.120841841974	0.272164188302	0.034248001335	0.572745968388
-nda	0.180595042646	0.740419653225	0.0570616265567	0.0219236775718
-gie	0.358705725936	0.504615180976	0.0735682991016	0.0631107939863
-ale	0.5309749293	0.1989178484	0.0631485233016	0.206958698998
-nde	0.367816091954	0.471264367816	0.0574712643678	0.103448275862
-gia	0.0	0.935897435897	0.0576923076923	0.00641025641025
-ala	0.140264636912	0.274521731598	0.109322033093	0.475891598397
-wat	0.517073981643	0.224453241068	0.0761252772909	0.182347499998
-obe	0.414634146342	0.214430894309	0.0721544715447	0.298780487805
-lok	0.0603015075377	0.879396984925	0.0301507537688	0.0301507537688
-gwa	0.0191335382175	0.926605201414	0.0413072932157	0.0129539671524
-gwe	0.426534557757	0.291928467859	0.0202996616723	0.261237312712
-jke	0.594939310852	0.253453860665	0.0851156591594	0.0664911693229
-pen	0.309133341449	0.672893789862	0.0	0.0179728686889
-loi	0.0	0.961538461538	0.0192307692308	0.0192307692308
-pet	0.27349601353	0.616815655956	0.0562937907707	0.0533945397439
-153	0.0	0.0	0.148648648649	0.851351351351
-elo	0.570102842896	0.277191038471	0.116347518958	0.0363585996745
-per	0.0701148257291	0.873691697998	0.0112341790017	0.0449592972711
-pes	0.581632653061	0.112244897959	0.30612244898	0.0
-rka	0.0780981906989	0.341370886497	0.447390099438	0.133140823366
-ela	0.43705335673	0.308266319162	0.0768715137586	0.177808810348
-rke	0.460456028794	0.149675837483	0.037789689259	0.352078444464
-ele	0.308769941369	0.120490138762	0.0842733712117	0.486466548657
-loe	0.217344368478	0.455559553796	0.275278877294	0.0518172004318
-pna	0.327964860908	0.610541727672	0.0439238653001	0.01756954612
-ter	0.0284178187404	0.875192012289	0.0322580645161	0.0641321044546
-est	0.00611164969314	0.961157201934	0.00407050027825	0.0286606480944
-mme	0.0595651958386	0.0128928248908	0.00278029824626	0.924761681024
-uta	0.284711632887	0.670322891302	0.0207398900059	0.0242255858052
-itj	0.0234375	0.9765625	0.0	0.0
-hgo	0.350475287674	0.215051215209	0.026068409827	0.40840508729
-ith	0.748212533296	0.208327491939	0.0134585728305	0.0300014019347
-esa	0.303360191647	0.518945942158	0.0340224182676	0.143671447928
-ite	0.529194903768	0.231770127406	0.0457576579019	0.193277310924
-ese	0.232016981589	0.188070900173	0.0268426679965	0.553069450242
-ita	0.448929159802	0.358441637684	0.0397624422885	0.152866760225
-ute	0.301699367868	0.313480009851	0.258599458173	0.126221164108
-666	0.0547945205479	0.0	0.0	0.945205479452
-fas	0.0584236634209	0.912548227081	0.0102884438729	0.0187396656256
-uda	0.202605655258	0.450505607382	0.0561463577408	0.290742379619
-fat	0.248062015504	0.651162790698	0.015503875969	0.0852713178294
-udj	0.214153846154	0.555076923077	0.115692307692	0.115076923077
-abe	0.615448167308	0.163093282013	0.0521346780835	0.169323872596
-nje	0.195979899497	0.798994974874	0.0	0.00502512562813
-aba	0.726114649682	0.235668789809	0.0	0.0382165605096
-tra	0.0128205128205	0.980769230769	0.00641025641025	0.0
-ron	0.0116504854369	0.976699029126	0.0116504854369	0.0
-koe	0.0557103064067	0.873060087545	0.0596896140072	0.0115399920414
-djh	0.591808660883	0.181352139543	0.0858384842538	0.141000715321
-kob	0.000943099654197	0.996856334486	0.0	0.0022005658598
-dje	0.115333744609	0.231127807131	0.0131205532035	0.640417895057
-dke	0.696147585459	0.210255018991	0.0162778079219	0.0773195876288
-dja	0.312976383065	0.453433586463	0.0332438549773	0.200346175495
-ael	0.0449982514419	0.766464703781	0.0996848802446	0.0888521645329
-sor	0.0820754716981	0.892452830189	0.0254716981132	0.0
-orh	0.0576923076923	0.942307692308	0.0	0.0
-son	0.0455531453362	0.941431670282	0.00867678958785	0.00433839479392
-bho	0.421635372325	0.409098198146	0.148419732929	0.0208466966004
-kos	0.119402985075	0.880597014925	0.0	0.0
-soe	0.0114253933231	0.742158924502	0.00286328458219	0.243552397593
-ora	0.146775240132	0.43488790795	0.247461592594	0.170875259324
-ore	0.352809826305	0.245500399004	0.0534298325648	0.348259942126
-tna	0.574163745834	0.389884675657	0.00188880836969	0.0340627701389
-kra	0.354581673307	0.613545816733	0.0159362549801	0.0159362549801
-jen	0.00686184812443	0.979414455627	0.0	0.0137236962488
-jel	0.0106538144461	0.960048195827	0.00665863402879	0.0226393556979
-lio	0.031746031746	0.904761904762	0.0	0.063492063492
-omo	0.0	0.995650913308	0.0	0.0043490866918
-gai	0.0	1.0	0.0	0.0
-lie	0.481179830566	0.172026098807	0.0564030416006	0.290391029027
-oma	0.0914710933029	0.575157412707	0.283686319405	0.049685174585
-lia	0.024064171123	0.944251336898	0.0168449197861	0.0148395721925
-ome	0.0	1.0	0.0	0.0
-eas	0.051196949368	0.945413459501	0.000847397782642	0.00254219334793
-lna	0.133333333333	0.106666666667	0.733333333333	0.0266666666667
-oda	0.0	0.96887966805	0.0	0.0311203319502
-ode	0.175213675214	0.628205128205	0.196581196581	0.0
-rna	0.0283687943262	0.971631205674	0.0	0.0
-odj	0.0979037893039	0.746466003762	0.0391292663263	0.116500940607
-eam	0.0	1.0	0.0	0.0
-eho	0.433682373473	0.369109947644	0.110820244328	0.0863874345549
-rgo	0.0	0.195996978852	0.0	0.804003021148
-uro	0.12453307286	0.0570494686946	0.260751058171	0.557666400274
-ura	0.108912961646	0.445773558074	0.35835877703	0.0869547032498
-ehe	0.596927791404	0.158471220943	0.047946970893	0.196654016759
-hna	0.0730770160218	0.926922983978	0.0	0.0
-rga	0.273963053329	0.722202858139	0.0	0.00383408853258
-eha	0.276137705514	0.659278771914	0.0504132982105	0.0141702243619
-tgo	0.0700615331004	0.0357185433803	0.0913367630471	0.802883160472
-gte	0.36815920398	0.385074626866	0.089552238806	0.157213930348
-apa	0.478260869565	0.25	0.195652173913	0.0760869565217
-pal	0.355375047595	0.451072471126	0.160045691078	0.0335067902018
-war	0.0414133598114	0.832845910222	0.00937592358856	0.116364806378
-pan	0.0604846453395	0.0373867403758	0.0738833522358	0.828245262049
-ape	0.472176079734	0.44061461794	0.0436046511628	0.0436046511628
-ais	0.703830970693	0.156482971884	0.0379881645803	0.101697892843
-pab	0.510348738305	0.428409413099	0.0	0.0612418485965
-oeh	0.160868807712	0.60115279633	0.0747357570126	0.163242638945
-jwa	0.0	0.0628019323671	0.937198067633	0.0
-wan	0.125980739033	0.724735649831	0.0526698048179	0.0966138063176
-par	0.0552458657435	0.041101543737	0.00568327043096	0.897969320089
-pas	0.0241740531829	0.957292506044	0.00584206285254	0.012691377921
-pat	0.502073124764	0.288352808142	0.130418394271	0.0791556728232
-aro	0.218914860025	0.263134249811	0.0563749085448	0.461575981619
-koi	0.0928122096619	0.442557117155	0.0051946465211	0.459436026662
-kem	0.0	1.0	0.0	0.0
-kel	0.270225187656	0.171809841535	0.177648040033	0.380316930776
-sop	0.0	0.914590747331	0.085409252669	0.0
-ket	0.0998890122087	0.234184239734	0.665926748058	0.0
-kes	0.018691588785	0.96261682243	0.018691588785	0.0
-die	0.119685623404	0.752709429872	0.0759981171638	0.0516068295605
-pse	0.448869664572	0.254876356811	0.0832449196115	0.213009059006
-fes	0.133333333333	0.766666666667	0.0333333333333	0.0666666666667
-sla	0.244979919679	0.694779116466	0.0240963855422	0.0361445783132
-ane	0.34402663087	0.133800885601	0.0747871000092	0.44738538352
-ang	0.324671772429	0.298504741065	0.106765134938	0.270058351568
-oro	0.156807617158	0.0678789313912	0.0246804971366	0.750632954314
-ska	0.0125	0.9125	0.0	0.075
-rte	0.409538882548	0.246990724685	0.130447119356	0.213023273411
-ske	0.562275281138	0.205537295076	0.102706205199	0.129481218587
--or	0.338345864662	0.424812030075	0.169172932331	0.0676691729323
-ihe	0.466248476159	0.181570863293	0.0691250427107	0.283055617837
-iho	0.441814595661	0.429322813938	0.0473372781065	0.0815253122946
-uka	0.222161228345	0.595637502624	0.0377803251691	0.144420943862
-afa	0.186802224261	0.197400102222	0.50911072658	0.106686946937
-nna	0.098676639816	0.852991944764	0.0336593785961	0.014672036824
-kla	0.708333333333	0.166666666667	0.0416666666667	0.0833333333333
-nne	0.64	0.12	0.09	0.15
-ait	0.286135266249	0.270856792755	0.0755660583737	0.367441882622
-efa	0.0831408775981	0.817551963049	0.0993071593533	0.0
-kko	0.160778271882	0.230400224097	0.065770276737	0.543051227284
-air	0.130074565037	0.622756144711	0.182270091135	0.0648991991163
-kka	0.321137388656	0.214936055308	0.3873639998	0.0765625562359
-kke	0.523365965889	0.146939649953	0.0448969326639	0.284797451494
-eft	0.181897302002	0.266318537859	0.088772845953	0.463011314186
-tie	0.281406998994	0.58288606098	0.0602054232121	0.0755015168142
-nge	0.500455621719	0.113025306897	0.0802093691273	0.306309702257
-ngh	0.461538461538	0.512820512821	0.025641025641	0.0
-ail	0.753493206279	0.0486915504964	0.0193159028192	0.178499340405
-ain	0.45139412208	0.356945491083	0.0401909068073	0.15146948003
-aik	0.297826331595	0.428226576963	0.194864484981	0.0790826064604
-ngo	0.123802505527	0.317612380251	0.0434782608696	0.515106853353
-eme	0.110512447067	0.0702962545145	0.00774521606628	0.811446082352
-jat	0.463113829207	0.384155159101	0.0860393397577	0.0666916719351
-jar	0.144442143027	0.230423517182	0.608720459901	0.0164138798895
-jas	0.161027313494	0.648185894823	0.0782715042805	0.112515287403
-uwa	0.109717653509	0.786938048246	0.0756578947368	0.0276864035088
-260	0.108303249097	0.162454873646	0.0	0.729241877256
-jab	0.0524806823041	0.0243756267635	0.00279478759469	0.920348903338
-jan	0.461016783763	0.504626919074	0.0109777517564	0.0233785454072
-jal	0.558084783503	0.145952998908	0.0201960033471	0.275766214242
-jam	0.471737671922	0.394917812815	0.110701107011	0.0226434082523
-mma	0.413202757318	0.471070797185	0.0875366703116	0.0281897751851
-jai	0.673913043478	0.195652173913	0.0	0.130434782609
-dal	0.522913327847	0.372504006584	0.0426647030797	0.0619179624897
-set	0.0	1.0	0.0	0.0
-ana	0.180085130864	0.349371038811	0.108512342376	0.362031487949
-the	0.326882685005	0.309452043561	0.147682636805	0.215982634629
-and	0.554613026498	0.271952294965	0.129173140721	0.0442615378155
-los	0.0361938120257	0.954465849387	0.0	0.00934033858727
-kta	0.513201320132	0.301155115512	0.0767326732673	0.108910891089
-etr	0.0212797170928	0.695510135054	0.271523346704	0.0116868011494
-ame	0.26728014581	0.454979464727	0.0541422211456	0.223598168317
-nor	0.0	1.0	0.0	0.0
-000	0.205035971223	0.118705035971	0.0	0.676258992806
-anh	0.583375570198	0.232640648758	0.165737455651	0.0182463253928
-eta	0.0217729331444	0.94292586789	0.00677352319214	0.0285276757732
-ete	0.411409342841	0.368763323998	0.0841571728321	0.135670160329
-etj	0.217970561639	0.42623215398	0.0651589269762	0.290638357404
-eth	0.423076785013	0.353833464919	0.119327075618	0.10376267445
-tia	0.39561972287	0.437903178939	0.0900630142218	0.0764140839692
-iam	0.0573038985439	0.894786284641	0.0338186942226	0.0140911225928
-ate	0.718816273688	0.119137483872	0.0202183246615	0.141827917778
-wel	0.0124973963757	0.975005207248	0.00624869818787	0.00624869818789
-ato	0.0803574348706	0.113206484412	0.026900280904	0.779535799813
-atj	0.289403544627	0.215902343916	0.160225451091	0.334468660367
-ath	0.118892142441	0.456865225022	0.0130944034314	0.411148229105
-ose	0.134388147484	0.0802832657617	0.0116710794219	0.773657507333
-kai	0.152307404018	0.171923366529	0.268688476855	0.407080752599
-osa	0.304251347593	0.535513609265	0.0824746195311	0.077760423611
-kan	0.0196151073059	0.933251962298	0.0277067326311	0.0194261977652
-kam	0.143735715485	0.291739962579	0.119768994311	0.444755327625
-kal	0.469495412054	0.20001368581	0.0744173315526	0.256073570584
-kab	0.229707850801	0.18593187654	0.0588835837519	0.525476688907
-hte	0.715644820296	0.159619450317	0.0507399577167	0.0739957716702
-nia	0.0341015405124	0.914471541321	0.0224432819002	0.0289836362662
-nie	0.14212085112	0.66752633583	0.144232385761	0.0461204272887
-kas	0.0600372736955	0.894635250266	0.0345447284345	0.0107827476038
-kar	0.130198629005	0.0617393770671	0.0198058100137	0.788256183914
-kat	0.368695067429	0.27529722034	0.128686031301	0.22732168093
-kha	0.477161122456	0.288393147537	0.0678794794005	0.166566250607
-tta	0.108994204436	0.757432491421	0.12148522232	0.0120880818229
-khe	0.654927001495	0.163789401699	0.04822831515	0.133055281656
-aja	0.035914078195	0.876464225004	0.0683047442436	0.0193169525575
-afe	0.0312077125686	0.580399358085	0.0343421116475	0.354050817699
-fia	0.0127388535032	0.987261146497	0.0	0.0
-fie	0.51969012266	0.306003873467	0.0813428018076	0.0929632020658
-mra	0.103410036041	0.693789853063	0.120598835597	0.082201275298
-éna	0.0	1.0	0.0	0.0
-iar	0.17277195066	0.764501927126	0.0367867483662	0.025939373848
-lde	0.078431372549	0.921568627451	0.0	0.0
-ile	0.561851173073	0.196440557755	0.0917249205359	0.149983348636
-fra	0.0174442009214	0.964217023751	0.00268372321868	0.015655052109
-ila	0.484288924717	0.299960716855	0.0901314302216	0.125618928207
-ilo	0.238805970149	0.611940298508	0.0945273631841	0.0547263681592
-sgo	0.0230292294066	0.148509005019	0.0124003542958	0.816061411278
--ke	0.0	0.424242424242	0.181818181818	0.393939393939
-lma	0.0	1.0	0.0	0.0
-iga	0.456360819847	0.117371252992	0.0263618811355	0.399906046026
-oah	0.0	1.0	0.0	0.0
-eba	0.0493730407524	0.925940438871	0.0246865203762	0.0
-igo	0.0340909090909	0.123459167951	0.0196456086287	0.82280431433
-ebe	0.412011603886	0.134482228525	0.0167973397347	0.436708827854
-ama	0.616196094709	0.348276421651	0.0115913486589	0.0239361349807
-tma	0.00747432646716	0.966378507159	0.0195552256701	0.00659194070367
-kwa	0.10989684219	0.473529533849	0.27368062755	0.142892996411
-wam	0.0116959064327	0.929824561404	0.0	0.0584795321637
-ban	0.617161716172	0.239823982398	0.0432709937661	0.0997433076641
-ire	0.122448979592	0.69387755102	0.0816326530612	0.102040816327
-ira	0.0	1.0	0.0	0.0
-eis	0.578201743782	0.0289172780633	0.0028227706128	0.390058207542
-hod	0.762845849802	0.177865612648	0.0592885375494	0.0
-epa	0.0313152400835	0.964509394572	0.0	0.00417536534446
-ges	0.848484848485	0.0787878787879	0.0	0.0727272727273
-ros	0.0597014925373	0.313432835821	0.626865671642	0.0
-pia	0.0736842105263	0.768421052632	0.0947368421052	0.0631578947369
-ekh	0.494893246247	0.314782013593	0.0944567667427	0.0958679734171
-oas	0.0286298568507	0.893660531697	0.0081799591002	0.0695296523517
-wie	0.0352453351762	0.927436074637	0.00725639253628	0.0300621976503
-hol	0.370157068063	0.492670157068	0.107329842932	0.0298429319372
-nok	0.0	1.0	0.0	0.0
-mie	0.0563188320193	0.737935946308	0.0380802849476	0.167664936725
-eks	0.063829787234	0.851063829787	0.0270793036751	0.0580270793036
-owa	0.144363341444	0.602595296026	0.209245742092	0.0437956204379
-owe	0.565786739684	0.109215915335	0.037331868071	0.287665476911
-sda	0.027397260274	0.972602739726	0.0	0.0
-olo	0.411764705882	0.372549019608	0.0392156862745	0.176470588235
-agh	0.493036211699	0.456824512535	0.050139275766	0.0
-ago	0.133947258267	0.163248221013	0.00753453327753	0.695269987442
-aga	0.598944591029	0.385224274406	0.0158311345646	0.0
-age	0.112940441245	0.123069473111	0.0226733042306	0.741316781413
-ote	0.544651619235	0.364082433759	0.0618253189401	0.0294406280667
-aar	0.211985323757	0.338791039648	0.0739597398035	0.375263896791
-ege	0.384455239417	0.302567661346	0.312977099237	0.0
-one	0.36	0.437647058823	0.131764705882	0.0705882352941
-ant	0.0767573993319	0.301494043192	0.0752286086925	0.546519948783
-ega	0.40967699561	0.179235587596	0.0496445817987	0.361442834995
-ona	0.0276161600763	0.758251559952	0.188389309048	0.0257429709239
-ego	0.0	0.358288770053	0.0534759358289	0.588235294118
-dar	0.159348740217	0.676920287422	0.106214871957	0.0575161004035
-das	0.0674049842694	0.333947358829	0.0452413114758	0.553406345426
-gga	0.436005625879	0.255977496484	0.177215189873	0.130801687764
-kte	0.527472527473	0.187912087912	0.087912087912	0.196703296703
-dan	0.12972972973	0.825675675676	0.0364864864865	0.0081081081081
-dat	0.422154111393	0.343422249892	0.0703989272545	0.16402471146
-gge	0.296089385475	0.502793296089	0.201117318436	0.0
-mke	0.163566063885	0.054283338405	0.021681064114	0.760469533596
-tha	0.368545086509	0.159682924307	0.155508931606	0.316263057579
-dak	0.0	0.843137254902	0.156862745098	0.0
-tho	0.276785714286	0.419642857143	0.232142857143	0.0714285714286
-oeg	0.0516129866698	0.780895842581	0.131341997206	0.0361491735431
-ank	0.260926118626	0.299037460978	0.0781737773153	0.36186264308
-ijn	0.0	0.943396226415	0.0566037735849	0.0
-dab	0.0	1.0	0.0	0.0
-tal	0.487237853969	0.323126655461	0.0750540464785	0.114581444091
-tam	0.0992366412213	0.870229007634	0.0152671755725	0.0152671755725
-tan	0.215463558013	0.726581311546	0.0302230193128	0.0277321111277
-kse	0.468571428571	0.459047619048	0.0380952380952	0.0342857142857
-tai	0.318588398618	0.64993926391	0.00993863288583	0.021533704586
-tak	0.267141563242	0.551406330322	0.0462656972901	0.135186409145
-wta	0.0606366851945	0.757453259222	0.181910055584	0.0
-tab	0.0164079297463	0.0517782116585	0.000824975479655	0.930988883116
-ure	0.520345252774	0.381011097411	0.0480887792848	0.0505548705302
-mne	0.358870967742	0.386424731183	0.146505376344	0.108198924731
-eka	0.16276187248	0.779867754714	0.0178485604286	0.0395218123776
-tat	0.44081563584	0.462729503342	0.0786868601405	0.0177680006769
-tar	0.284313860825	0.409874644273	0.0639952850543	0.241816209848
-tas	0.0640475489003	0.905593912921	0.0148590313449	0.0154995068339
-mia	0.183357879234	0.730486008836	0.0272459499264	0.0589101620029
-oer	0.310913618473	0.314419609988	0.152239670423	0.222427101117
-oep	0.279967819791	0.314963797265	0.318181818182	0.0868865647627
-oew	0.579787234043	0.404255319149	0.0	0.0159574468085
-oet	0.161345512873	0.270203936944	0.189129216219	0.379321333964
-roi	0.583333333333	0.197916666667	0.21875	0.0
-ens	0.0125786163522	0.987421383648	0.0	0.0
-oeb	0.409074328197	0.182129270962	0.0822317566746	0.326564644166
-rma	0.102753525856	0.515110812626	0.359973136333	0.0221625251847
