kud-	0.282097649186	0.59734779988	0.0771549125979	0.0433996383363
ivi-	0.224612703823	0.544217903386	0.0186016636565	0.212567729134
vas-	0.131416183128	0.417649684372	0.429892240005	0.021041892495
son-	0.0382717008311	0.868986506048	0.0303914022836	0.0623503908374
dok-	0.150252103645	0.349425640923	0.272284770698	0.228037484735
uti-	0.596066565809	0.317700453858	0.0090771558245	0.0771558245083
ipu-	0.471498155606	0.42044231914	0.068421970139	0.039637555115
boŋ-	0.245388669302	0.341238471673	0.359025032938	0.054347826087
huv-	0.437931034483	0.310344827586	0.155172413793	0.0965517241379
nij-	0.620194689648	0.186050730958	0.0204389239734	0.17331565542
sto-	0.171875	0.46875	0.359375	0.0
lau-	0.0274127670156	0.158721999432	0.00155880884736	0.812306424705
eda-	0.636329161926	0.20534698521	0.115282518013	0.0430413348502
wav-	0.117647058824	0.27731092437	0.260504201681	0.344537815126
eka-	0.345524442828	0.155618473687	0.0493532131539	0.449503870331
ola-	0.796381205116	0.140474225741	0.019508780077	0.043635789066
hôl-	0.633624938393	0.185285581293	0.0414133946663	0.139676085647
nôs-	0.54013862953	0.267932110777	0.0957845836366	0.0961446760563
amô-	0.3217045065	0.117474883316	0.0403449094217	0.520475700762
eth-	0.359392344958	0.210463693322	0.0424748949277	0.387669066793
lis-	0.0832420591457	0.905257393209	0.00821467688938	0.00328587075575
yuo-	0.103448275862	0.896551724138	0.0	0.0
epl-	0.0547945205479	0.780821917808	0.027397260274	0.13698630137
ana-	0.315343832636	0.241992001772	0.0188231922571	0.423840973335
hêk-	0.183462234972	0.032949927656	0.0111627299523	0.77242510742
yal-	0.405855785558	0.265374424299	0.102102985748	0.226666804395
sak-	0.123626373626	0.686813186813	0.0412087912088	0.148351648352
sme-	0.0	1.0	0.0	0.0
ôbô-	0.64081255771	0.191597414589	0.127423822715	0.0401662049861
bap-	0.424192212096	0.310687655344	0.049710024855	0.215410107705
ôlê-	0.832462473243	0.0838418890351	0.0182149362477	0.0654807014744
nun-	0.625575513881	0.177138216438	0.0480858970755	0.149200372605
hat-	0.192530544011	0.0398018640076	0.0369811767563	0.730686415225
kat-	0.489638401925	0.162480857629	0.0692256801681	0.278655060278
abi-	0.210176475268	0.585215909933	0.0581849904122	0.146422624387
mil-	0.230383140568	0.456775883031	0.0989805779843	0.213860398416
tib-	0.174812030075	0.503759398496	0.174812030075	0.146616541353
vôn-	0.451074650782	0.388149231895	0.0148570035183	0.145919113805
aeŋ-	0.0675675675676	0.854954954955	0.0720720720721	0.00540540540541
yêm-	0.0541027953111	0.882596934175	0.00649233543734	0.0568079350767
sen-	0.0765550239234	0.866028708134	0.0191387559809	0.0382775119617
ôwê-	0.45	0.226315789474	0.228947368421	0.0947368421052
wai-	0.0818881932517	0.881467117292	0.0280569560641	0.00858773339243
ini-	0.0558152942166	0.0209368556569	0.0255901766127	0.897657673514
bay-	0.180285343709	0.80804150454	0.00778210116731	0.00389105058366
lij-	0.182683590209	0.328082502267	0.453573587186	0.0356603203385
tai-	0.00813743218806	0.974683544304	0.00542495479204	0.0117540687161
kaê-	0.165947270182	0.424346710219	0.309146056929	0.100559962669
uli-	0.0	1.0	0.0	0.0
kum-	0.0350877192982	0.789473684211	0.0350877192982	0.140350877193
nen-	0.226666150991	0.0212824837894	0.00375204279554	0.748299322424
has-	0.644541399786	0.199586006084	0.081115878704	0.0747567154265
ôvp-	0.169717138103	0.605657237937	0.214642262895	0.00998336106489
dah-	0.109902560616	0.752957171992	0.0774529798323	0.0596872875595
lên-	0.223861720067	0.634485666105	0.0531197301855	0.0885328836425
val-	0.128804901155	0.774732122735	0.0617538019382	0.0347091741723
êbô-	0.296970651856	0.625275313225	0.04163425274	0.0361197821784
adl-	0.246696035242	0.669603524229	0.0748898678414	0.00881057268723
kam-	0.158514468898	0.448492023635	0.221323025389	0.171670482078
ibi-	0.690061923476	0.158674534408	0.0350549847815	0.116208557335
buj-	0.294117647059	0.4	0.282352941176	0.0235294117647
vum-	0.294510005131	0.119035402771	0.547973319651	0.0384812724474
sin-	0.0697536360938	0.806817057485	0.116008706837	0.00742059958444
ênd-	0.239675799914	0.0348639261552	0.0144527960615	0.71100747787
kêk-	0.131208565148	0.380630375701	0.47104689848	0.0171141606714
owa-	0.569772525137	0.175543060434	0.0606750380632	0.194009376366
pat-	0.0157894736842	0.984210526316	0.0	0.0
jem-	0.00467071461934	0.978981784213	0.0163475011677	0.0
hud-	0.472770450982	0.134383934335	0.084098035599	0.308747579083
alt-	0.0384615384615	0.961538461538	0.0	0.0
lat-	0.206685545031	0.267226507828	0.0611919408912	0.464896006249
oma-	0.44137644985	0.277467521887	0.117084154236	0.164071874028
noy-	0.637938879199	0.234713480448	0.0847425494806	0.0426050908723
lom-	0.114248602248	0.465169408538	0.198014998155	0.22256699106
sil-	0.0881180811808	0.890922509225	0.0121033210332	0.00885608856088
kôl-	0.118959107807	0.0855018587361	0.75092936803	0.0446096654275
gen-	0.0700636942675	0.929936305732	0.0	0.0
saw-	0.207036158034	0.329470892084	0.276420494206	0.187072455675
ake-	0.0594594594595	0.918918918919	0.0	0.0216216216216
loŋ-	0.0614682476876	0.198501201663	0.0376955638037	0.702334986845
jek-	0.00418728587743	0.993528740008	0.000761324704987	0.00152264940997
jam-	0.0438596491228	0.859649122807	0.0263157894737	0.0701754385965
kid-	0.0540540540541	0.945945945946	0.0	0.0
dôŋ-	0.565559440559	0.341783216783	0.062062937063	0.0305944055944
vel-	0.62473347548	0.262260127932	0.0255863539446	0.0874200426439
nig-	0.0	0.965517241379	0.0344827586207	0.0
oŋg-	0.644830598078	0.218912333931	0.0501999724176	0.0860570955731
ent-	0.404166666667	0.104166666667	0.0833333333334	0.408333333333
hôw-	0.420454545455	0.402272727273	0.15	0.0272727272727
nai-	0.0520029715984	0.791988113606	0.124807131836	0.031201782959
bak-	0.452423107657	0.475189195118	0.0361938486126	0.0361938486125
nôn-	0.57073525135	0.205184827758	0.0532619064076	0.170818014485
276-	0.0	0.289473684211	0.0	0.710526315789
eso-	0.618260266818	0.155217612897	0.0775543048478	0.148967815437
epa-	0.274827930143	0.638989948334	0.073450671753	0.0127314497705
duv-	0.09200968523	0.852784503632	0.0406779661017	0.0145278450363
sap-	0.0615815604462	0.145346252408	0.0859984811974	0.707073705948
asi-	0.0	1.0	0.0	0.0
eve-	0.606040200239	0.135821919549	0.0596142606663	0.198523619546
nan-	0.440506640265	0.20788774709	0.082550954218	0.269054658428
oto-	0.695151515151	0.266363636364	0.020303030303	0.0181818181818
jeŋ-	0.0175438596491	0.970760233918	0.0116959064328	0.0
tel-	0.0	1.0	0.0	0.0
153-	0.134615384615	0.0	0.0	0.865384615385
mah-	0.0	1.0	0.0	0.0
sôk-	0.241379310345	0.706896551724	0.051724137931	0.0
eyo-	0.716262975779	0.231833910035	0.0415224913494	0.0103806228374
yis-	0.00467497561726	0.675136775424	0.00332093593174	0.316867313027
mel-	0.0684782608695	0.916847826087	0.00978260869565	0.00489130434783
pal-	0.286677102509	0.511680797603	0.0500853230856	0.151556776803
isa-	0.0142045454545	0.957386363636	0.0284090909091	0.0
hoŋ-	0.504219409283	0.229957805907	0.189873417722	0.0759493670886
êdê-	0.043795620438	0.452554744526	0.0	0.503649635036
luv-	0.15971595229	0.29508687875	0.0843010416622	0.460896127298
êkô-	0.372011112606	0.315466626564	0.264992916109	0.0475293447203
dio-	0.115942028985	0.826086956522	0.0289855072464	0.0289855072464
yah-	0.410961155477	0.127978883691	0.0370307945933	0.424029166239
bab-	0.0637189374465	0.837806341045	0.0628277634962	0.035646958012
ita-	0.00846859562457	0.956245589273	0.0211714890614	0.014114326041
nôw-	0.522842639594	0.326565143824	0.0541455160744	0.0964467005076
enj-	0.620796613691	0.154976102468	0.0443401135646	0.179887170276
uvu-	0.0828402366864	0.861932938856	0.0	0.0552268244576
ulb-	0.0	1.0	0.0	0.0
neb-	0.626596244078	0.281529022232	0.0439309071436	0.0479438265461
ivu-	0.537732082252	0.318526652026	0.100618886005	0.0431223797165
opo-	0.721153846154	0.173076923077	0.105769230769	0.0
lôm-	0.295746785361	0.57962413452	0.053412462908	0.0712166172106
ali-	0.142917386681	0.672536315473	0.0775271496127	0.107019148233
jud-	0.0187276232443	0.953249793445	0.00454420269898	0.0234783806114
non-	0.638160667875	0.215072861833	0.0319057544113	0.114860715881
voŋ-	0.227540873083	0.709253328839	0.0318557222316	0.031350075847
mal-	0.138670086728	0.438815209752	0.0695406493922	0.352974054128
umb-	0.658925810526	0.211858516844	0.0237183643834	0.105497308247
thi-	0.106191052532	0.672389306018	0.178696742172	0.0427228992779
ôvô-	0.552029520295	0.315867158672	0.0523985239853	0.079704797048
aki-	0.0	1.0	0.0	0.0
ole-	0.466165413534	0.235457063712	0.155916106055	0.1424614167
nin-	0.401409387724	0.383019678459	0.0954840540996	0.120086879718
eko-	0.254881808839	0.5950668037	0.0729701952723	0.0770811921891
hui-	0.362731152205	0.402275960171	0.159886201991	0.075106685633
uvô-	0.0	0.873684210526	0.0578947368421	0.0684210526315
uni-	0.0679656008521	0.0638994214512	0.0320388991073	0.836096078589
vol-	0.593896713615	0.159624413145	0.211267605634	0.0352112676056
êyô-	0.617232715611	0.084959737561	0.0259477854392	0.271859761389
lov-	0.0423674063395	0.911655297086	0.0294727696107	0.016504526964
ena-	0.609118342983	0.0363595521706	0.00408796597235	0.350434138874
yav-	0.198875802998	0.656584582441	0.118843683084	0.0256959314775
lim-	0.13571411044	0.798849963601	0.0307548852008	0.0346810407584
ova-	0.563994464566	0.252845568387	0.0704993080708	0.112660658976
keŋ-	0.5	0.413043478261	0.0869565217391	0.0
and-	0.0555000998203	0.903773208225	0.0311439409064	0.00958275104811
viy-	0.496716866879	0.19015209734	0.038191329105	0.274939706676
ALL	0.227801906605	0.286485660053	0.0536471231579	0.432065310184
san-	0.0430839002267	0.922052154195	0.0348639455783	0.0
ith-	0.793835616438	0.101369863014	0.0527397260274	0.0520547945206
ato-	0.243556288056	0.510918829831	0.0175800027469	0.227944879366
nes-	0.508798341026	0.284937515963	0.111036845414	0.0952272975966
plo-	0.0717935852805	0.88636605759	0.00924439923432	0.032595957895
liv-	0.119736240778	0.796239472482	0.0280080955801	0.0560161911602
alê-	0.389990557129	0.259249721006	0.050905657138	0.299854064727
vos-	0.464063806231	0.332587722271	0.0462052915791	0.157143179918
lid-	0.0571156592099	0.895763921942	0.00142789148025	0.0456925273679
gas-	0.0	0.901639344262	0.0327868852459	0.0655737704918
ata-	0.657473637638	0.216060762481	0.0383452547747	0.0881203451073
yov-	0.0287234042553	0.96170212766	0.0031914893617	0.00638297872342
sôp-	0.191800105578	0.701474267265	0.0630790534699	0.0436465736866
pig-	0.0357142857143	0.964285714286	0.0	0.0
dôê-	0.280966575759	0.449165979578	0.184245576203	0.0856218684595
oka-	0.592036873506	0.317212948804	0.0907501776906	0.0
loh-	0.408163265306	0.367346938776	0.204081632653	0.0204081632653
lol-	0.970588235294	0.0294117647059	0.0	0.0
mes-	0.0588747234027	0.902008165986	0.00277754631558	0.0363395642956
num-	0.590065502183	0.204772301934	0.0750935745477	0.130068621335
ken-	0.084705882353	0.814117647059	0.0941176470588	0.00705882352941
nej-	0.709078018092	0.128969621001	0.02132415	0.140628210907
haw-	0.718516165041	0.0518711146339	0.012643930184	0.216968790141
ami-	0.107623093254	0.0876132372892	0.00808005594393	0.796683613513
asê-	0.566720418657	0.370042900173	0.0303039522926	0.032932728877
pôŋ-	0.525631216526	0.364192807957	0.0459066564652	0.0642693190513
uik-	0.470809420146	0.326340787651	0.0605580843064	0.142291707896
dev-	0.0100427747815	0.969871675656	0.00508337982767	0.0150021697353
adi-	0.0	1.0	0.0	0.0
vuv-	0.896551724138	0.103448275862	0.0	0.0
jai-	0.104368932039	0.878640776699	0.0145631067961	0.00242718446602
vik-	0.276018099547	0.554298642534	0.100452488688	0.0692307692308
tal-	0.11233791933	0.735660095119	0.0805623939306	0.0714395916205
gid-	0.0689655172414	0.896551724138	0.0	0.0344827586207
alp-	0.0	1.0	0.0	0.0
bin-	0.927184466019	0.0728155339806	0.0	0.0
jeh-	0.0	1.0	0.0	0.0
lem-	0.399943691958	0.429444076594	0.0760234163735	0.0945888150746
ôkê-	0.349648375485	0.602672300585	0.0317862159532	0.0158931079766
dôm-	0.534644264205	0.198413661183	0.0562356252742	0.210706449338
450-	0.0	0.2	0.04	0.76
nem-	0.485713384308	0.300342291781	0.0527479694597	0.161196354451
lêk-	0.627511064176	0.0414911228118	0.0152453552187	0.315752457793
thê-	0.0768383950179	0.129865806444	0.0644806635677	0.728815134971
dak-	0.16961622589	0.295486180155	0.0286339232452	0.50626367071
apô-	0.587802885924	0.223523005717	0.113258916417	0.0754151919412
vak-	0.0948077100433	0.847643641059	0.02951212764	0.0280365212579
pon-	0.016921837228	0.91539081386	0.0604351329573	0.00725221595488
umi-	0.461877978283	0.254648074369	0.101749863292	0.181724084056
nêm-	0.615717733489	0.0875006206356	0.0474136603294	0.249367985546
eta-	0.480544586804	0.0963624034992	0.028491489907	0.39460151979
sik-	0.0	0.969696969697	0.0	0.030303030303
ben-	0.0	0.992694805195	0.00730519480519	0.0
vib-	0.179791492479	0.377392694098	0.163010262595	0.279805550828
seg-	0.133136094674	0.831360946746	0.0355029585799	0.0
nip-	0.211429633258	0.316992415156	0.431846208423	0.0397317431626
mat-	0.0362332275251	0.721988861526	0.224012326605	0.0177655843433
pin-	0.142051860203	0.695603156708	0.0473506200676	0.114994363021
miŋ-	0.171226387007	0.0447315717684	0.0192594200876	0.764782621137
bun-	0.340023612751	0.404958677686	0.255017709563	0.0
ili-	0.396226415094	0.461288223813	0.0702667534157	0.0722186076773
lam-	0.204826063569	0.643082186403	0.103681492572	0.0484102574563
gat-	0.0	1.0	0.0	0.0
nut-	0.420346959388	0.337913582028	0.12786219297	0.113877265614
avô-	0.0231700313398	0.387858363073	0.0125652361476	0.57640636944
yôh-	0.045073941522	0.749037747316	0.167128097778	0.0387602133838
usu-	0.445614202154	0.416308157742	0.0878675891572	0.050210050947
êlê-	0.741839209682	0.0656434687279	0.010496992208	0.182020329382
eya-	0.598748505037	0.265327842479	0.0334433866875	0.102480265796
peg-	0.0	0.986666666667	0.0	0.0133333333333
the-	0.176442536958	0.620227477957	0.160310068081	0.043019917004
upi-	0.55618981375	0.420635610677	0.0	0.0231745755729
nad-	0.432738284986	0.35862288811	0.100573796621	0.108065030284
yad-	0.290590975526	0.129713605673	0.120291754509	0.459403664292
kis-	0.225460554457	0.208762142223	0.370436041517	0.195341261804
nêl-	0.730841656699	0.17598538053	0.0312653977638	0.0619075650075
ele-	0.4642845029	0.185685468987	0.0375700572829	0.31245997083
buê-	0.189178797034	0.605492996429	0.11381488602	0.0915133205164
thô-	0.530314961083	0.211966951893	0.0756437585567	0.182074328467
ded-	0.132417263639	0.671185494674	0.16405240401	0.032344837677
mom-	0.0849259123515	0.717472118959	0.14126394052	0.056338028169
lôk-	0.0626656127747	0.251691065073	0.0564998565707	0.629143465582
hôt-	0.612920168067	0.28781512605	0.00630252100841	0.0929621848739
nôk-	0.261416160177	0.372164482133	0.333664349553	0.0327550081367
hal-	0.534528803503	0.115942566795	0.021599430733	0.327929198969
nôb-	0.442810197199	0.335964270381	0.1652008846	0.0560246478208
alô-	0.554203442512	0.336128786324	0.0425182535261	0.0671495176378
tiy-	0.491251682369	0.0343203230148	0.413862718708	0.0605652759085
noj-	0.617001763898	0.189150864774	0.0425053156103	0.151342055717
did-	0.074114088159	0.905466724287	0.020419187554	0.0
isl-	0.0280881379437	0.815259317267	0.116504204201	0.0401483405887
hôs-	0.138461538462	0.6	0.261538461538	0.0
nam-	0.400028826481	0.350824938463	0.0813084842332	0.167837750823
ebe-	0.0	1.0	0.0	0.0
ale-	0.228868273563	0.246671123484	0.0702406681563	0.454219934796
môl-	0.0321011677924	0.0424529817491	0.0108259483921	0.914619902066
naŋ-	0.532604293236	0.236938031592	0.111178614824	0.119279060348
êvh-	0.284447002536	0.653765490944	0.0180423404141	0.0437451661061
neŋ-	0.532436384908	0.409066978649	0.021643755484	0.0368528809593
aŋe-	0.0180819128206	0.959851131436	0.00884784860348	0.0132191071397
net-	0.531575130052	0.266906762705	0.100727791116	0.100790316126
amd-	0.209384683488	0.421868083223	0.0898627711377	0.278884462151
kon-	0.0726643598616	0.88284725655	0.0266930301532	0.0177953534355
eli-	0.0228903420746	0.940485110606	0.00332950430176	0.0332950430175
pôp-	0.526469514421	0.399415845199	0.0328587075575	0.0412559328222
uth-	0.668582375479	0.302681992337	0.0114942528736	0.0172413793103
eto-	0.657973329629	0.284136685651	0.0105570218086	0.0473329629115
ove-	0.395776798359	0.532804832012	0.0535637772216	0.0178545924072
vit-	0.230452654147	0.223574225693	0.24085214215	0.305120978009
hel-	0.0269556552068	0.914549078226	0.0493273542601	0.00916791230692
siv-	0.0516804407714	0.135096418733	0.803966942149	0.00925619834713
pan-	0.0	1.0	0.0	0.0
ôpê-	0.0957897424049	0.286583337109	0.0267567161442	0.590870204342
nim-	0.527000238064	0.236591775067	0.0923788407776	0.144029146092
avi-	0.0508764023238	0.543138947775	0.0219862333707	0.383998416531
jod-	0.0	1.0	0.0	0.0
yam-	0.326054512522	0.287745718895	0.113724208822	0.272475559762
hôm-	0.263551077854	0.269956704239	0.0391581058827	0.427334112024
ina-	0.171419617675	0.115324349734	0.192416170479	0.520839862112
baa-	0.1875	0.758928571429	0.0535714285713	0.0
nôp-	0.56985981267	0.220939466201	0.13679218229	0.0724085388387
mai-	0.0769230769231	0.879120879121	0.0	0.043956043956
pen-	0.0697674418604	0.8	0.120930232558	0.00930232558139
sib-	0.0	0.979765677582	0.0	0.0202343224176
ape-	0.259191655802	0.399217731421	0.316558018253	0.0250325945241
ônd-	0.411113735281	0.342589156179	0.166334896589	0.0799622119504
ba--	0.0332409972299	0.950138504155	0.016620498615	0.0
kab-	0.330212488806	0.642432630465	0.0136774403647	0.0136774403647
hul-	0.683156654888	0.269729093051	0.0235571260306	0.0235571260306
nuŋ-	0.528625110522	0.304210875332	0.0734969053934	0.0936671087534
und-	0.556320740177	0.109516459412	0.0359243383064	0.298238462105
liŋ-	0.487890967514	0.248956753453	0.0153668953134	0.24778538372
lab-	0.0468406667024	0.822980867142	0.07235114422	0.0578273219358
akô-	0.268703898841	0.434141201265	0.148577449947	0.148577449947
atm-	0.0	1.0	0.0	0.0
tia-	0.341463414634	0.548780487805	0.0365853658536	0.0731707317073
kau-	0.167400881057	0.700440528634	0.0264317180617	0.105726872247
wit-	0.156289707751	0.832274459975	0.0114358322744	0.0
ino-	0.11170212766	0.880319148936	0.0	0.00797872340427
ple-	0.0	1.0	0.0	0.0
bas-	0.248780487805	0.705691056911	0.0357723577235	0.00975609756098
ômô-	0.429654838551	0.168459177163	0.0290226077179	0.372863376568
ayê-	0.720503695593	0.172187243362	0.0284697508897	0.078839310156
nôy-	0.487934362934	0.149613899614	0.294401544401	0.0680501930502
mid-	0.0601503759398	0.894736842105	0.0451127819549	0.0
yêl-	0.0309511961346	0.0176183564548	0.00647014077928	0.944960306631
men-	0.0831153739908	0.157920258898	0.023097474602	0.735866892509
kwê-	0.19404681503	0.771031347291	0.0170491047161	0.0178727329633
spe-	0.0366972477064	0.963302752294	0.0	0.0
lou-	0.634146341463	0.307926829268	0.0365853658536	0.0213414634147
666-	0.0967741935484	0.0	0.0	0.903225806452
sod-	0.0118764845606	0.988123515439	0.0	0.0
ôdô-	0.300927253127	0.4017816569	0.0528962970013	0.244394792971
bôk-	0.629801006667	0.031507447034	0.0126192418347	0.326072304464
jot-	0.0	1.0	0.0	0.0
ôsô-	0.464451827243	0.380066445183	0.0956810631229	0.0598006644518
kan-	0.0	0.964285714286	0.0357142857143	0.0
agi-	0.194029850746	0.805970149254	0.0	0.0
êdô-	0.637325306386	0.220296710385	0.0396473876586	0.102730595571
kuk-	0.0307219662058	0.915002560164	0.0389144905274	0.0153609831029
hum-	0.535545023697	0.36018957346	0.0142180094787	0.0900473933649
nup-	0.450495049505	0.245874587459	0.25	0.0536303630363
vul-	0.360633916752	0.47697087807	0.0887851154581	0.0736100897191
bum-	0.0621104428649	0.791580098414	0.021323127392	0.124986331329
dek-	0.0261248185776	0.747460087083	0.0	0.22641509434
jel-	0.0132109944385	0.9741201036	0.00369425984299	0.00897464211859
met-	0.0	1.0	0.0	0.0
nês-	0.651637504539	0.267088149876	0.0372707797799	0.0440035658047
100-	0.00431845060377	0.176615418214	0.116598166302	0.70246796488
udu-	0.54953888694	0.213536456997	0.0294368712392	0.207487784824
bim-	0.404761904762	0.380952380952	0.0952380952381	0.119047619048
vad-	0.651335311573	0.177546983185	0.00544015825915	0.165677546983
omb-	0.591867509722	0.280968632327	0.0829651578084	0.044198700142
ŋas-	0.0454545454545	0.886363636364	0.0227272727273	0.0454545454545
pib-	0.107692307692	0.892307692308	0.0	0.0
kôk-	0.0333333333333	0.9	0.0666666666667	0.0
aên-	0.255987815874	0.0923226243049	0.0179458584323	0.633743701388
bub-	0.102040816327	0.836734693878	0.0408163265306	0.0204081632653
ilu-	0.513648738136	0.330181737915	0.116253402987	0.0399161209624
jal-	0.191163976211	0.569243840272	0.0152931180968	0.224299065421
lai-	0.114462718934	0.79482972351	0.0731234297193	0.0175841278363
nit-	0.510752688172	0.39247311828	0.0430107526881	0.0537634408602
nya-	0.0695584967636	0.826103758091	0.104337745145	0.0
aka-	0.0365950676213	0.960222752586	0.0	0.00318217979316
mad-	0.0949124726477	0.697757111597	0.155087527352	0.0522428884026
noŋ-	0.739592559787	0.18689105403	0.0341009743136	0.0394154118689
gok-	0.0169491525424	0.949152542373	0.0338983050847	0.0
leh-	0.0	1.0	0.0	0.0
viv-	0.0184013801035	0.722829212191	0.258769407706	0.0
seb-	0.0174459060936	0.973508068524	0.00904602538189	0.0
ala-	0.0727749729896	0.132529904264	0.0237647422226	0.770930380523
but-	0.166414689191	0.608229803458	0.0179670895506	0.207388417801
nah-	0.019512195122	0.946341463415	0.0341463414634	0.0
jiŋ-	0.571428571429	0.330612244898	0.0734693877551	0.0244897959184
hôp-	0.398786503323	0.351103494593	0.147981751233	0.102128250851
sêb-	0.253018263112	0.183212516951	0.0595813668985	0.504187853039
nêp-	0.480465042168	0.206239327292	0.230966523083	0.0823291074572
hib-	0.0288650776296	0.948830089657	0.0209927837306	0.00131204898316
eye-	0.647183846971	0.162592986185	0.0754516471838	0.11477151966
tha-	0.0849298848006	0.357781381369	0.129794291752	0.427494442079
anu-	0.361386138614	0.50495049505	0.0742574257426	0.0594059405941
hik-	0.479157188127	0.0426880951917	0.0127718321724	0.465382884509
yen-	0.0148919501993	0.0353858067124	0.0143242736461	0.935397969442
via-	0.00780132622546	0.253803146535	0.728643869458	0.00975165778182
nêw-	0.340457256461	0.480119284294	0.143638170974	0.0357852882704
iyu-	0.469172932331	0.381954887218	0.130827067669	0.0180451127819
ona-	0.51066845227	0.0953630916288	0.0178078558373	0.376160600264
dan-	0.0751159879225	0.887326018116	0.0375579939613	0.0
ubi-	0.358391608391	0.282398452611	0.0487278678768	0.31048207112
ate-	0.249597659108	0.621214337966	0.0359912216533	0.0931967812729
eba-	0.539687650942	0.204636934471	0.200933827081	0.0547415875061
hay-	0.578142786112	0.16736056287	0.044040874399	0.210455776619
bam-	0.206546275395	0.768058690745	0.015237020316	0.010158013544
mis-	0.0727272727272	0.927272727273	0.0	0.0
nôt-	0.675438596491	0.275289287047	0.0	0.0492721164613
elm-	0.0	1.0	0.0	0.0
ŋaŋ-	0.180437890887	0.772962037136	0.0229304257327	0.0236696462441
mol-	0.0635712364606	0.581554561236	0.323149710262	0.0317244920414
yai-	0.195725480916	0.115616598931	0.0694855278039	0.619172392349
mak-	0.158636121587	0.809331584632	0.0205921888598	0.0114401049221
tum-	0.378048780488	0.621951219512	0.0	0.0
sti-	0.163978494624	0.774731182796	0.0112903225807	0.0499999999999
was-	0.252631578947	0.747368421053	0.0	0.0
yaŋ-	0.181517419136	0.270089868474	0.14977616899	0.398616543399
êtô-	0.249141650226	0.0576123940688	0.0117261130301	0.681519842675
umy-	0.0719794344473	0.900064267352	0.0231362467866	0.00482005141388
sos-	0.069498069498	0.703667953668	0.199806949807	0.027027027027
kle-	0.08	0.76	0.0959999999999	0.064
nep-	0.534172661871	0.347347122302	0.095548561151	0.0229316546763
ope-	0.407183895817	0.492539473124	0.0474034983189	0.0528731327403
hut-	0.449025742542	0.267660396092	0.187094059393	0.0962198019733
bit-	0.0275229357798	0.97247706422	0.0	0.0
tov-	0.696428571429	0.303571428571	0.0	0.0
leg-	0.0689655172414	0.931034482759	0.0	0.0
hak-	0.59871571323	0.202985014794	0.137386455935	0.0609128160417
ave-	0.162171547633	0.518578539183	0.026391943512	0.292857969672
yôv-	0.408414691469	0.0598697875195	0.0321330131172	0.499582507894
nom-	0.550112424149	0.318244641513	0.036271148845	0.0953717854925
ŋga-	0.207275070264	0.666189156232	0.0798461030661	0.046689670437
nia-	0.235741444867	0.728136882129	0.00950570342206	0.0266159695817
pot-	0.0	1.0	0.0	0.0
êpô-	0.589233683324	0.192802188808	0.0827818441176	0.13518228375
mam-	0.19001165229	0.372235880132	0.283841437588	0.15391102999
esa-	0.284177386257	0.0663845435828	0.0216901038575	0.627747966303
sia-	0.0	1.0	0.0	0.0
tiŋ-	0.308505198568	0.433441281745	0.203852053861	0.0542014658258
sis-	0.0938589624991	0.882800825447	0.007685191774	0.0156550202804
loy-	0.18708730741	0.73587674248	0.030814380044	0.0462215700661
laŋ-	0.224431818182	0.465909090909	0.25	0.0596590909091
ŋgw-	0.0633715123602	0.826584148653	0.0574017322103	0.0526426067762
pai-	0.0650613154961	0.878394648829	0.0356744704571	0.0208695652174
mos-	0.0457009486523	0.931636801687	0.00639963860864	0.0162626110526
jep-	0.0	1.0	0.0	0.0
abu-	0.478218780252	0.469506292352	0.0319457889642	0.0203291384318
tuv-	0.137724550898	0.61606199366	0.0422684043678	0.203945051074
vêŋ-	0.13927077107	0.66168559474	0.0824865511059	0.116557083084
tol-	0.153846153846	0.846153846154	0.0	0.0
pla-	0.0	0.89	0.11	0.0
biŋ-	0.120965267122	0.398097363649	0.108132236016	0.372805133212
bet-	0.133741392502	0.734353481255	0.0206579954093	0.111247130834
maj-	0.200096084554	0.565564363306	0.107561320629	0.12677823151
sal-	0.0466105298971	0.903206600323	0.0409968529387	0.00918601684103
adu-	0.311134600595	0.173450718322	0.0761059274268	0.439308753657
end-	0.450977277479	0.179252440689	0.0527283876256	0.317041894206
wap-	0.0404889018044	0.872610226081	0.0141871997772	0.0727136723376
isk-	0.00868055555555	0.987847222222	0.0	0.00347222222222
eŋg-	0.429431707764	0.441591795637	0.0998700905494	0.0291064060498
baŋ-	0.088148842863	0.677280086347	0.00895949365761	0.225611577133
sek-	0.129823700536	0.576706039045	0.20370824717	0.0897620132488
400-	0.351851851852	0.179012345679	0.0246913580247	0.444444444444
vêm-	0.171133375627	0.0771673064386	0.034790337057	0.716908980877
ind-	0.595518614281	0.171481115478	0.0664897817366	0.166510488504
yan-	0.11561272535	0.0570058107796	0.0149035767317	0.812477887139
bad-	0.0718257704453	0.83973930186	0.0414345465422	0.0470003811524
hôb-	0.578947368421	0.276315789474	0.138157894737	0.00657894736842
ŋôŋ-	0.770491803279	0.0327868852459	0.0327868852459	0.16393442623
eme-	0.318681318681	0.483516483517	0.131868131868	0.0659340659341
pik-	0.0261587226239	0.85106807695	0.0460065810877	0.0767666193389
anô-	0.113769551174	0.203416492365	0.303476116422	0.379337840038
joe-	0.04	0.96	0.0	0.0
age-	0.0	1.0	0.0	0.0
tab-	0.132051156015	0.795016667709	0.0389121750244	0.0340200012512
lok-	0.220364224534	0.219516131194	0.129175141338	0.430944502935
gal-	0.0162534548905	0.954292314673	0.023761395982	0.00569283445402
bêl-	0.145454545455	0.818181818182	0.0	0.0363636363636
ida-	0.365142905131	0.213979788931	0.198891470481	0.221985835456
hav-	0.309277113549	0.145146679758	0.0560111681473	0.489565038545
sel-	0.0696683342598	0.888271261812	0.0383546414675	0.00370576246063
kli-	0.0130533484676	0.951191827469	0.0272417707151	0.00851305334846
kus-	0.0666666666667	0.933333333333	0.0	0.0
kob-	0.217626786392	0.409845706336	0.11221069938	0.260316807892
lil-	0.619089828512	0.26144671092	0.0302433701684	0.0892200903995
ati-	0.573529411765	0.125	0.257352941176	0.0441176470588
ubu-	0.531598513011	0.345724907063	0.0557620817844	0.0669144981413
lan-	0.0711231150123	0.879360792258	0.0225073148773	0.0270087778528
yaô-	0.137061756192	0.256255506454	0.431032975793	0.175649761562
ete-	0.693864335438	0.19685931682	0.061788354649	0.0474879930927
not-	0.507709247151	0.269821857034	0.0591060214259	0.163362874389
vav-	0.0988372093023	0.686046511628	0.127906976744	0.0872093023256
lop-	0.552624032119	0.395755663894	0.0344135359908	0.0172067679954
tak-	0.0984507836781	0.121140275481	0.0126785728628	0.767730367979
lob-	0.240625	0.7125	0.0375	0.00937499999999
mun-	0.881720430108	0.0573476702509	0.0394265232975	0.0215053763441
dop-	0.586481547864	0.20211231279	0.211406139346	0.0
okd-	0.138197424893	0.823175965665	0.0206008583691	0.018025751073
lel-	0.170262256263	0.152345428066	0.632956486206	0.0444358294653
esl-	0.0	1.0	0.0	0.0
kak-	0.110694321859	0.823845248602	0.0261106207708	0.0393498087673
nel-	0.0	1.0	0.0	0.0
yôk-	0.241935483871	0.612903225806	0.0483870967742	0.0967741935484
one-	0.0776505724241	0.854654056745	0.0268790443006	0.0408163265306
nob-	0.469128683134	0.357932701488	0.0906193796554	0.0823192357221
kik-	0.219063067167	0.371384242042	0.325193000329	0.0843596904619
bea-	0.0	0.835443037975	0.164556962025	0.0
den-	0.186791034985	0.0721439618943	0.00799965011471	0.733065353006
nêt-	0.119047619048	0.409013605442	0.255102040816	0.216836734694
sôm-	0.532547478716	0.14931237721	0.037721021611	0.280419122462
aêŋ-	0.102050360366	0.0658691526446	0.0470138753485	0.785066611641
unu-	0.587088515508	0.246341232968	0.0069574797934	0.159612771731
hoy-	0.673802507208	0.188063651926	0.0435954320461	0.0945384088191
430-	0.590551181102	0.0314960629921	0.0	0.377952755906
evo-	0.0952380952381	0.142857142857	0.571428571429	0.190476190476
lal-	0.76149749879	0.192351137647	0.046151363563	0.0
jas-	0.0349462365591	0.927419354839	0.0376344086022	0.0
nis-	0.595022007557	0.323647411678	0.0504810501305	0.0308495306353
leu-	0.0	1.0	0.0	0.0
ŋgô-	0.107470299587	0.79342071281	0.069021177686	0.0300878099173
may-	0.3590359267	0.272815865616	0.171043642501	0.197104565182
ôêk-	0.515306122449	0.352040816327	0.0408163265307	0.0918367346939
him-	0.0149253731343	0.746268656716	0.0	0.238805970149
tik-	0.0851305334847	0.904653802497	0.0	0.0102156640182
egi-	0.411764705882	0.0882352941176	0.470588235294	0.0294117647059
sêŋ-	0.60843373494	0.355421686747	0.0361445783133	0.0
gel-	0.032967032967	0.956043956044	0.010989010989	0.0
siô-	0.0417451349655	0.912037037037	0.0330351537979	0.0131826741996
ôpa-	0.0659985927231	0.318939070314	0.00789419910619	0.607168137856
bom-	0.071505615126	0.60488547681	0.210291225176	0.113317682888
abô-	0.220120079092	0.362525222166	0.055303829159	0.362050869582
moa-	0.203217612193	0.796782387807	0.0	0.0
pop-	0.398680490104	0.295947219604	0.155513666353	0.14985862394
gol-	0.0178097172317	0.717856584909	0.257303546321	0.00703015153882
ela-	0.781777782588	0.11902070211	0.0226524600038	0.0765490552985
iyo-	0.146499324536	0.0630934884255	0.0931653988037	0.697241788235
nag-	0.798981692727	0.0972399977742	0.0300484113294	0.0737298981692
itu-	0.603796445881	0.233844911147	0.0775444264944	0.0848142164782
had-	0.276676568449	0.0342647406459	0.0110240964324	0.678034594473
bôs-	0.198079576817	0.346251149954	0.366835326587	0.0888339466421
oda-	0.295930752856	0.228973017615	0.0704464542731	0.404649775256
êsô-	0.755955401769	0.165613225682	0.0286966551326	0.0497347174164
ôpô-	0.460912942463	0.254954216209	0.174251742517	0.109881098811
vôk-	0.285349928586	0.498367680065	0.185676392573	0.0306059987757
nal-	0.0873203709785	0.826899339803	0.0181752295967	0.0676050596215
man-	0.0791191402388	0.696314366717	0.184017933672	0.0405485593723
lek-	0.348837209302	0.33488372093	0.274418604651	0.0418604651163
ava-	0.0931423326155	0.396232027677	0.138894144919	0.371731494789
jol-	0.00950679880156	0.926480755935	0.00691403549206	0.0570984097718
hop-	0.572197245229	0.324027144316	0.056539815351	0.0472357951034
ain-	0.0546448087431	0.836065573771	0.109289617486	0.0
lub-	0.0641848523748	0.707744972187	0.142062473256	0.0860077021823
okt-	0.0677966101694	0.932203389831	0.0	0.0
pôk-	0.269731989181	0.634865994591	0.0629456601918	0.0324563560364
lup-	0.0	0.962962962963	0.037037037037	0.0
deb-	0.0729613733906	0.918454935622	0.00858369098712	0.0
sol-	0.0643951484201	0.908341312906	0.00917650813916	0.0180870305352
ame-	0.0886565657872	0.740680838951	0.125700311825	0.0449622834371
aby-	0.223185502801	0.673061875998	0.0600920158994	0.0436606053019
iso-	0.0	0.884615384615	0.0961538461538	0.0192307692308
kos-	0.0	1.0	0.0	0.0
ban-	0.0230713770728	0.963410237924	0.00811103100217	0.00540735400144
auk-	0.19786719659	0.496580496807	0.0919899414531	0.21356236515
pam-	0.0633869441816	0.896877956481	0.0340586565752	0.00567644276252
tlo-	0.0105708245243	0.985200845666	0.0	0.00422832980973
mag-	0.0305832147937	0.962304409673	0.00426742532006	0.00284495021337
map-	0.132114882507	0.253785900783	0.590600522193	0.023498694517
maŋ-	0.133689839572	0.72192513369	0.133689839572	0.0106951871658
hob-	0.329571106095	0.338600451467	0.23927765237	0.0925507900677
vau-	0.155684454756	0.249574632637	0.49837587007	0.0963650425367
joa-	0.0	1.0	0.0	0.0
ket-	0.117922054984	0.0987973219854	0.0282041516953	0.755076471335
akw-	0.0198863636364	0.980113636364	0.0	0.0
ênt-	0.145217639022	0.0486290627332	0.0125916223808	0.793561675864
leb-	0.171301446051	0.761957730812	0.0444938820912	0.0222469410456
opa-	0.14816066314	0.143241553013	0.0223773845552	0.686220399292
alo-	0.140247735231	0.769736602191	0.0524011247627	0.0376145378156
tho-	0.144630336152	0.645687255104	0.0550371210559	0.154645287688
tôp-	0.0569254640968	0.820736198613	0.0690583462639	0.0532799910265
pit-	0.0276542529798	0.927247966222	0.00456091561862	0.04053686518
lap-	0.603908886389	0.174634420697	0.204583802025	0.0168728908887
vua-	0.332603339721	0.614700246373	0.0218998083766	0.0307966055297
las-	0.124327242389	0.806965597343	0.0433509463593	0.0253562139083
sip-	0.145593869732	0.775223499362	0.037037037037	0.0421455938698
nud-	0.844806007509	0.117647058824	0.0	0.0375469336671
ôêv-	0.3717039534	0.447252404725	0.0367327577798	0.144310884095
sea-	0.0	1.0	0.0	0.0
dum-	0.0823280919972	0.885472893687	0.0064773527341	0.0257216615818
ema-	0.578037696491	0.216419578336	0.122252849587	0.0832898755867
hot-	0.422603130581	0.259742409694	0.196863965597	0.120790494127
pis-	0.0196078431372	0.980392156863	0.0	0.0
diŋ-	0.311234817814	0.541497975709	0.0394736842105	0.107793522267
pet-	0.419871794872	0.49358974359	0.0320512820513	0.0544871794872
sai-	0.0149536115125	0.974352817464	0.00217349004541	0.00852008097803
apo-	0.0385946233697	0.917487356934	0.027947830716	0.0159701889806
yas-	0.726761099934	0.132790052359	0.0577883347382	0.0826605129688
doŋ-	0.0882856488657	0.0385000205147	0.0115608484866	0.861653482133
nop-	0.362984539547	0.269773694824	0.182164463365	0.185077302263
lot-	0.0214053640823	0.978594635918	0.0	0.0
lôŋ-	0.0948868733181	0.725107146417	0.100867138443	0.079138841822
atu-	0.0676712922874	0.0922721089216	0.0060391486264	0.834017450165
awa-	0.296813133469	0.269915722616	0.113894363767	0.319376780148
ima-	0.0	0.900473933649	0.0331753554502	0.0663507109005
nay-	0.610944092003	0.195324853902	0.0616019250602	0.132129129035
nus-	0.580910540616	0.341849276698	0.0370109208702	0.0402292618155
wat-	0.0410138248848	0.672350230415	0.157142857143	0.129493087558
300-	0.0905172413793	0.219827586207	0.140086206897	0.549568965517
êgê-	0.540415704388	0.367205542725	0.0508083140877	0.041570438799
êth-	0.671566427289	0.185292679332	0.0525201639915	0.0906207293871
ôtô-	0.147565543071	0.608239700374	0.165543071161	0.0786516853933
êmô-	0.292779324329	0.0463421587828	0.0326754103435	0.628203106545
lep-	0.00129912309191	0.899317960377	0.0993829165314	0.0
ewa-	0.658908582679	0.109831194084	0.0275200091305	0.203740214107
êyê-	0.782212990937	0.0685611782477	0.0128398791541	0.136385951662
ath-	0.267216975627	0.575613283311	0.04637111894	0.110798622122
jut-	0.0377358490566	0.905660377358	0.0566037735849	0.0
uny-	0.0714167722578	0.771092360836	0.00801076602498	0.149480100881
lêl-	0.23281613326	0.383934384645	0.137530123029	0.245719359067
van-	0.388580816507	0.546799632896	0.0382824063669	0.0263371442299
dôl-	0.19768477293	0.724844167409	0.0614425645592	0.0160284951024
jop-	0.0565217391304	0.91902173913	0.0130434782609	0.0114130434783
vag-	0.0877192982456	0.877192982456	0.0	0.0350877192982
hub-	0.642544697838	0.147662122563	0.0598802395209	0.149912940077
aha-	0.0	1.0	0.0	0.0
bil-	0.0356435643564	0.768316831683	0.142574257426	0.0534653465346
gav-	0.286159439107	0.617761620358	0.0711503505583	0.0249285899766
kup-	0.160485451622	0.684305551341	0.0540307654965	0.10117823154
aga-	0.0	0.980769230769	0.0192307692308	0.0
aêv-	0.292981146164	0.542572801941	0.0342425798021	0.130203472093
nod-	0.580158495582	0.307576540945	0.0409156193385	0.071349344135
500-	0.092936802974	0.342007434944	0.0706319702603	0.494423791822
inu-	0.562433949414	0.307531528146	0.106784716188	0.0232498062516
osa-	0.476238003839	0.356391554702	0.0664875239923	0.100882917466
lah-	0.350484346352	0.249108308829	0.0837315570169	0.316675787802
êvê-	0.0574112734864	0.850730688935	0.0918580375783	0.0
law-	0.243243243243	0.513513513514	0.109697933227	0.133545310016
oaŋ-	0.698538367844	0.211327649208	0.0389768574909	0.0511571254567
eky-	0.428484479611	0.377358490566	0.184418746196	0.00973828362751
kêd-	0.037770443711	0.879028643605	0.0508495293974	0.0323513832865
boa-	0.0205128205128	0.965811965812	0.0136752136752	0.0
wal-	0.0412818860811	0.741880831365	0.209678573985	0.00715870856895
oli-	0.0086110668155	0.973847871153	0.0175410620316	0.0
ant-	0.07582061951	0.867082755432	0.0152565880721	0.0418400369857
aês-	0.305177111717	0.351498637602	0.188010899183	0.155313351499
êŋa-	0.373983739837	0.260162601626	0.0394889663182	0.326364692218
mek-	0.551894184004	0.41929452992	0.00648028142936	0.0223310046468
nak-	0.0240513987299	0.910678004476	0.0128274126559	0.052443184138
niy-	0.494444444444	0.461111111111	0.0333333333333	0.0111111111111
pol-	0.0293392099464	0.901380346238	0.00774046420858	0.0615399796073
esi-	0.00265017667844	0.984540636042	0.00795053003534	0.00485865724382
geb-	0.0	1.0	0.0	0.0
aya-	0.691559480989	0.0805069584377	0.0977382723489	0.130195288224
lao-	0.0	1.0	0.0	0.0
kio-	0.0444444444444	0.955555555556	0.0	0.0
daŋ-	0.140938042938	0.349315426864	0.202797385742	0.306949144457
ŋam-	0.0566027177466	0.440801782149	0.492481472452	0.0101140276522
okn-	0.0431992271065	0.860484832951	0.0243500892179	0.071965850725
ske-	0.0277777777778	0.958333333333	0.0	0.0138888888889
teu-	0.313333333333	0.673333333333	0.0	0.0133333333333
dlu-	0.0	1.0	0.0	0.0
dam-	0.0910921469936	0.850082361662	0.0473710227332	0.0114544686117
put-	0.204006930379	0.23839039508	0.43168452134	0.1259181532
nap-	0.400426346261	0.368111237615	0.160243211163	0.0712192049612
ses-	0.495700556399	0.348002023268	0.0895295902883	0.0667678300456
ney-	0.613945031144	0.235795309521	0.0502707603898	0.0999888989456
nab-	0.361386138614	0.423267326733	0.0798267326733	0.13551980198
bal-	0.0544095952069	0.855753887609	0.0342376823375	0.0555988348462
jaŋ-	0.608955223881	0.301492537313	0.0	0.089552238806
obi-	0.500763358779	0.499236641221	0.0	0.0
han-	0.860615276314	0.0203243822304	0.00100642584775	0.118053915607
ayo-	0.00110363094581	0.23645293014	0.148990177685	0.613453261229
eva-	0.564715996517	0.259729165868	0.0567021317373	0.118852705877
sad-	0.0514792180987	0.917924642843	0.0216115585414	0.00898458051722
pub-	0.123711340206	0.711340206186	0.020618556701	0.144329896907
dim-	0.101204819277	0.869879518072	0.0144578313253	0.0144578313253
mok-	0.177489177489	0.78354978355	0.038961038961	0.0
top-	0.0	0.772727272727	0.227272727273	0.0
kub-	0.0132158590308	0.599118942731	0.237885462555	0.149779735683
usi-	0.673418942545	0.192138421655	0.0180864532465	0.116356182553
lut-	0.0	1.0	0.0	0.0
sop-	0.0571428571428	0.7	0.2	0.0428571428571
beo-	0.117647058823	0.882352941177	0.0	0.0
tas-	0.00989865661089	0.98161678058	0.00494932830544	0.00353523450389
ôyê-	0.814533654848	0.0977940519782	0.0163734333601	0.0712988598137
amp-	0.02	0.98	0.0	0.0
set-	0.0	1.0	0.0	0.0
nôl-	0.671815833689	0.112470847857	0.0298417634225	0.185871555032
hag-	0.336035880628	0.319648093842	0.220113851992	0.124202173538
ais-	0.136156291568	0.227525061479	0.0110900743988	0.625228572554
saê-	0.6875	0.15625	0.09375	0.0625
dal-	0.175210863193	0.542860561106	0.0850631094095	0.196865466292
huy-	0.534246575342	0.383561643836	0.027397260274	0.0547945205479
auv-	0.294466403162	0.308300395257	0.130434782609	0.266798418972
nêj-	0.0851258581236	0.713958810069	0.161556064073	0.0393592677346
atô-	0.226771653543	0.464566929134	0.0188976377953	0.289763779528
alk-	0.0188679245283	0.962264150943	0.0188679245283	0.0
how-	0.367818063321	0.318320584502	0.0692896099887	0.244571742188
muk-	0.0509204857031	0.235644339992	0.699334116725	0.0141010575793
