-đam	0.483790523691	0.317539484622	0.118869492934	0.079800498753
-đao	0.74795640327	0.133514986376	0.0490463215259	0.0694822888283
-đan	0.0245398773006	0.365030674847	0.610429447853	0.0
-ivu	0.248498744404	0.635167594716	0.0846708155912	0.0316628452888
-rbu	0.0929777851735	0.796197686996	0.0855520425992	0.0252724852317
-đaj	0.426829268293	0.414634146341	0.0146341463415	0.143902439024
-euu	0.0	1.0	0.0	0.0
-caj	0.287081339713	0.641148325359	0.0574162679426	0.0143540669856
-cah	0.0	0.2	0.0	0.8
-cao	0.732312516208	0.149692340335	0.0734375368367	0.0445576066199
-eus	0.0	1.0	0.0	0.0
-iva	0.466466413	0.318872877793	0.142533638392	0.0721270708151
-rba	0.0181488203267	0.916515426497	0.0653357531762	0.0
-ive	0.506024215033	0.265607554032	0.13264855846	0.0957196724748
-rbe	0.103082149145	0.877496576378	0.0119515535241	0.00746972095257
-cat	0.353738204694	0.399951609001	0.196951367046	0.0493588192596
-ivi	0.459003109756	0.242649958758	0.192396513071	0.105950418415
-rbi	0.349680170576	0.543710021322	0.0759061833689	0.0307036247335
-đav	0.333333333333	0.0	0.666666666667	0.0
-ivo	0.345179893299	0.264432352827	0.236553582112	0.153834171762
-ufu	0.0	1.0	0.0	0.0
-aus	0.364285714286	0.628571428571	0.00714285714284	0.0
-đak	0.0870263756862	0.418262150221	0.386263221315	0.108448252778
-ufe	0.0	1.0	0.0	0.0
-mko	0.467889908257	0.366972477064	0.0550458715596	0.110091743119
-ufa	0.0	1.0	0.0	0.0
-auk	0.164120256284	0.788565795959	0.0295712173484	0.0177427304091
-aum	0.0942669516822	0.862980722938	0.00346640476053	0.0392859206193
-aul	0.00699912510936	0.991251093613	0.0	0.00174978127734
-oću	0.246897710133	0.483465880525	0.0451060377531	0.224530371589
-svu	0.0734829988686	0.037098791163	0.0906330018461	0.798785208122
-oći	0.620978622492	0.247664431648	0.0436040034969	0.0877529423627
-näa	0.177631578947	0.782894736842	0.0394736842106	0.0
-svi	0.0302283549487	0.122363201813	0.0133553599664	0.834053083272
-svo	0.198529411765	0.691176470588	0.0441176470588	0.0661764705882
-oća	0.10597478531	0.688744746939	0.197058286132	0.00822218161885
-sva	0.0450302383286	0.0496234389954	0.0762139692643	0.829132353412
-oće	0.460342477298	0.273801462522	0.0584535591677	0.207402501013
-dro	0.431292862586	0.405829311659	0.12192024384	0.0409575819152
-sve	0.0383226946944	0.253255266232	0.0281922420516	0.680229797022
-car	0.0289855072464	0.971014492754	0.0	0.0
-ciš	0.3	0.4	0.1	0.2
-fon	0.0	1.0	0.0	0.0
-ut'	0.507368421053	0.271578947368	0.132631578947	0.0884210526317
-zna	0.755879517433	0.105487107369	0.0537094691408	0.0849239060575
-đat	0.0	1.0	0.0	0.0
-rpi	0.730177316828	0.172800267648	0.0388926062228	0.0581298093008
-ido	0.0	1.0	0.0	0.0
-eci	0.46410421428	0.462515809052	0.0208070854897	0.0525728911791
-eco	0.0392156862745	0.626559714795	0.193048128342	0.141176470588
-idi	0.645890214897	0.243503361229	0.0655943463822	0.0450120774922
-rpa	0.211458479818	0.747278509908	0.0291268307812	0.0121361794922
-eca	0.0371186523677	0.909211106214	0.0136624063464	0.0400078350717
-ide	0.714835043626	0.137054138553	0.0224176359169	0.125693181905
-rpe	0.597224294881	0.352633935234	0.0268616624384	0.0232801074467
-žeć	0.833333333333	0.166666666667	0.0	0.0
-tlu	0.0562423273475	0.865675050675	0.0652353898421	0.0128472321352
-ida	0.0728176818862	0.89257495628	0.00853332209604	0.0260740397379
-tli	0.50229250897	0.388447489079	0.0853593765243	0.0239006254268
-tlo	0.0728897693643	0.770573167325	0.138440292986	0.018096770325
-tla	0.0784435383797	0.750044318383	0.138273355788	0.033238787449
-idu	0.241427091265	0.668131374287	0.010111475901	0.0803300585467
-rpu	0.5	0.5	0.0	0.0
-ecu	0.0488944423317	0.890241031492	0.0108654316293	0.0499990945474
-uta	0.19219761533	0.617943694746	0.0677811036307	0.122077586293
-ute	0.321629830942	0.277506894209	0.338815395068	0.062047879781
-uti	0.63346821859	0.200696290866	0.0825750474855	0.0832604430581
-uto	0.359607671031	0.164984333378	0.0410292001347	0.434378795456
-utu	0.1717661954	0.731307589506	0.019835408314	0.0770908067806
-znu	0.435397633107	0.348171528987	0.131607438808	0.0848233990989
-iab	0.0	0.967213114754	0.0327868852459	0.0
-caš	0.327102803738	0.504672897196	0.11214953271	0.0560747663551
-đaš	0.361858190709	0.449062754686	0.0994295028525	0.0896495517523
-euš	0.0	1.0	0.0	0.0
-čma	0.0616797900263	0.938320209974	0.0	0.0
-7a]	0.0	1.0	0.0	0.0
-ije	0.254338556259	0.193038641312	0.0374470267823	0.515175775647
-ija	0.0607597841039	0.851257132835	0.0466724836109	0.0413105994504
-ijo	0.0639777468706	0.8859527121	0.0458970792768	0.00417246175243
-iji	0.0672507772327	0.687064758919	0.1653226671	0.0803617967476
-iju	0.20850731675	0.651088634568	0.0275498047847	0.112854243898
-dih	0.537944129763	0.211669670443	0.18666323378	0.0637229660144
-jle	0.0	1.0	0.0	0.0
-lpu	0.0	1.0	0.0	0.0
-jla	0.0	1.0	0.0	0.0
-lpe	0.0	1.0	0.0	0.0
-lpa	0.0	1.0	0.0	0.0
-mfu	0.0	1.0	0.0	0.0
-goe	0.545454545455	0.454545454545	0.0	0.0
-ofe	0.0	1.0	0.0	0.0
-ofa	0.0629370629371	0.909090909091	0.027972027972	0.0
-nab	0.0	1.0	0.0	0.0
-čni	0.061128585219	0.0810420570606	0.7046274263	0.15320193142
-nož	0.0	1.0	0.0	0.0
-lag	0.0645304850912	0.543836226079	0.338228749444	0.0534045393859
-žne	0.128459103441	0.272337383846	0.5599918309	0.0392116818135
-noš	0.0	1.0	0.0	0.0
-666	0.0181818181818	0.0	0.0	0.981818181818
-ade	0.66807519521	0.185908078376	0.022634739841	0.123381986573
-ada	0.108514271518	0.182236693461	0.0119373057978	0.697311729224
-ado	0.192635393203	0.56919008912	0.0852022328861	0.152972284791
-toč	0.235734331151	0.194574368569	0.161833489242	0.407857811038
-adi	0.232538977745	0.407499405144	0.0222334789456	0.337728138165
-ćuk	0.0	0.538461538461	0.461538461539	0.0
-ćuj	0.717948717949	0.158974358974	0.0461538461538	0.0769230769231
-adu	0.134389389294	0.780303135609	0.0174487890649	0.0678586860313
-aat	0.0	1.0	0.0	0.0
-ćud	0.0	0.25	0.75	0.0
-seo	0.195833333333	0.558333333333	0.220833333333	0.025
-sen	0.68932038835	0.0838017373531	0.0602963719979	0.166581502299
-sem	0.499201653048	0.31858739551	0.126796280642	0.0554146707993
-sel	0.0	1.0	0.0	0.0
-sek	0.0	1.0	0.0	0.0
-seh	0.0	1.0	0.0	0.0
-lbe	0.272485364556	0.582756785524	0.10643959553	0.0383182543906
-sed	0.0	0.714285714286	0.285714285714	0.0
-sec	0.00611945169713	0.946148825065	0.0244778067885	0.0232539164491
-kiš	0.0683229813665	0.919254658385	0.0124223602484	0.0
-ohe	0.0	1.0	0.0	0.0
-aas	0.0	1.0	0.0	0.0
-uin	0.0	1.0	0.0	0.0
-lbu	0.301568154403	0.589867310012	0.0579010856454	0.0506634499397
-set	0.0155243781561	0.0295816417449	0.0125519801872	0.942341999912
-ses	0.0	0.941176470588	0.0588235294118	0.0
-ser	0.0240963855421	0.934939759036	0.0409638554217	0.0
-aam	0.0	1.0	0.0	0.0
-blo	0.00290979631426	0.991270611057	0.00436469447139	0.00145489815713
-cäa	0.0	1.0	0.0	0.0
-bli	0.116093366093	0.810196560197	0.029484029484	0.044226044226
-aal	0.0421455938697	0.915708812261	0.0383141762452	0.00383141762451
-ble	0.0	1.0	0.0	0.0
-bla	0.0144389438944	0.971947194719	0.00371287128713	0.00990099009901
-mti	0.323788546256	0.257709251101	0.308370044053	0.11013215859
-žnu	0.106958776753	0.115707014731	0.649284968741	0.128049239775
-pša	0.0727272727273	0.0545454545454	0.872727272727	0.0
-blu	0.069594034797	0.838442419221	0.00248550124275	0.089478044739
-fot	0.0	1.0	0.0	0.0
-mta	0.0	1.0	0.0	0.0
-noć	0.0513110768831	0.8839237664	0.0133612930763	0.0514038636406
-fov	0.0249653259362	0.916782246879	0.0499306518724	0.00832177531207
-žga	0.89552238806	0.0597014925372	0.0447761194029	0.0
-neć	0.4	0.2	0.0	0.4
-zom	0.16	0.705507246377	0.127536231884	0.00695652173914
-zon	0.5	0.5	0.0	0.0
-zov	0.0611620795106	0.902140672783	0.0183486238532	0.0183486238532
-zop	0.0	1.0	0.0	0.0
-zor	0.0822558459422	0.871526822558	0.0198074277854	0.0264099037139
-bod	0.260869565217	0.739130434783	0.0	0.0
-nče	0.177941176471	0.744607843137	0.0544117647059	0.0230392156863
-raz	0.156133828996	0.832713754647	0.0111524163569	0.0
-nča	0.622641509434	0.292452830189	0.0424528301887	0.0424528301887
-rav	0.267685329424	0.516631540365	0.128401905984	0.087281224228
-rat	0.0956773080421	0.857619229351	0.021734696051	0.0249687665556
-rau	0.0	1.0	0.0	0.0
-rar	0.0757780784844	0.924221921516	0.0	0.0
-ras	0.089026915114	0.695652173913	0.0	0.215320910973
-rap	0.0	1.0	0.0	0.0
-ran	0.209361823406	0.338261984798	0.364494488269	0.0878817035275
-rao	0.674234115881	0.182779507689	0.0405090234848	0.102477352945
-ral	0.0	1.0	0.0	0.0
-ram	0.145932258086	0.699168867434	0.0172548916301	0.13764398285
-raj	0.16093304354	0.444738397585	0.0196228321981	0.374705726677
-rak	0.0997136252286	0.743125280337	0.134044094814	0.0231169996205
-rah	0.322098648242	0.519224660477	0.0970944330228	0.0615822582584
-ero	0.0803966073349	0.557400549516	0.0305817703978	0.331621072751
-raf	0.0	1.0	0.0	0.0
-rag	0.184928648919	0.061086539264	0.0195276641909	0.734457147626
-rad	0.0208135863364	0.952526710014	0.00406762981701	0.0225920738321
-rab	0.0	1.0	0.0	0.0
-rac	0.114373765653	0.619983939927	0.185558955661	0.080083338759
-mac	0.101792626349	0.663491366294	0.163065857743	0.0716501496143
-ugu	0.0826413339533	0.646681724573	0.171726566133	0.0989503753405
-oza	0.179874869656	0.601147028154	0.0333227546811	0.185655347509
-ozd	0.0	0.9	0.1	0.0
-oze	0.0469061876247	0.893213572854	0.0149700598802	0.0449101796406
-azu	0.237783953984	0.696961825848	0.0145458323593	0.0507083878081
-ozi	0.547624031819	0.354615867699	0.046682018003	0.0510780824785
-pšu	0.270416134072	0.371680159068	0.286322965488	0.071580741372
-uge	0.0407355312017	0.459629275827	0.190727633317	0.308907559654
-azi	0.71727503982	0.103841976452	0.0201172832521	0.158765700475
-uga	0.0613407384755	0.648390089955	0.225197352694	0.0650718188752
-ozu	0.0141676505313	0.982290436836	0.00354191263282	0.0
-ugo	0.0762641926962	0.253198280206	0.334456445233	0.336081081865
-aze	0.61609501128	0.229693950208	0.0497430797045	0.104467958807
-aza	0.642450759098	0.219411892026	0.00989456108345	0.128242787793
-ugi	0.0192353043127	0.276866208088	0.33705822018	0.366840267419
-ike	0.142933392194	0.555929568447	0.202452184122	0.098684855237
-ika	0.139248808295	0.620357322654	0.170499023985	0.0698948450655
-iko	0.0723283360725	0.0698530885477	0.321431434641	0.536387140738
-nor	1.0	0.0	0.0	0.0
-nos	0.187914649453	0.678401370709	0.0842746996594	0.0494092801786
-not	0.0	1.0	0.0	0.0
-nou	0.101960784314	0.741176470588	0.156862745098	0.0
-nov	0.0734224998948	0.80380125355	0.0997316955852	0.0230445509696
-noi	0.0	1.0	0.0	0.0
-iku	0.10468589239	0.592663364866	0.237489175209	0.0651615675348
-nok	0.0	1.0	0.0	0.0
-iks	0.00712589073635	0.989707046714	0.0	0.00316706254948
-nom	0.162457790044	0.374629783405	0.0805784813797	0.382333945172
-non	0.0	0.980519480519	0.00974025974027	0.00974025974026
-kci	0.585365853659	0.414634146341	0.0	0.0
-noa	0.0	1.0	0.0	0.0
-nob	0.166666666667	0.833333333333	0.0	0.0
-nod	0.0	1.0	0.0	0.0
-noe	0.233463035019	0.206225680934	0.466926070039	0.0933852140078
-nog	0.231421541303	0.294021212721	0.243254943262	0.231302302715
-dog	0.0	0.153846153846	0.692307692308	0.153846153846
-dod	0.0	1.0	0.0	0.0
-gla	0.248132872589	0.262624010701	0.0939694571397	0.39527365957
-vor	0.212672501745	0.676094077216	0.035923320625	0.0753101004134
-vot	0.0703517815798	0.882665199116	0.00676864099947	0.0402143783042
-gle	0.487113351316	0.198074386186	0.0159483352694	0.298863927228
-ton	0.0220994475138	0.977900552486	0.0	0.0
-gli	0.410565791619	0.0865264416545	0.113593130061	0.389314636665
-tol	0.113439188083	0.776068096251	0.0314290391226	0.0790636765428
-tom	0.130212306783	0.544259491788	0.105309760471	0.220218440958
-toj	0.152456213147	0.216175783772	0.390016988164	0.241351014917
-tok	0.0605964717981	0.612293331224	0.263032987897	0.0640772090815
-seš	0.390410958904	0.47602739726	0.0308219178082	0.102739726027
-glo	0.310294354389	0.388045026191	0.0639728554976	0.237687763922
-tov	0.0413813043243	0.898624839625	0.0243950920689	0.035598763982
-tot	0.0	1.0	0.0	0.0
-tou	0.0	1.0	0.0	0.0
-tor	0.0770350513086	0.865603020869	0.0210423152312	0.0363196125908
-glu	0.379679144385	0.469060351413	0.102368220015	0.0488922841864
-top	0.0	0.992412746586	0.00758725341426	0.0
-vog	0.135392114849	0.16559531462	0.234715377473	0.464297193058
-voj	0.0598271692643	0.13718822231	0.0671139007589	0.735870707667
-vol	0.0264900662251	0.973509933775	0.0	0.0
-vom	0.102717129576	0.445845530871	0.0897136973619	0.361723642191
-von	0.133333333333	0.49696969697	0.206060606061	0.163636363636
-rot	0.0642602142007	0.247124157081	0.164220547402	0.524395081317
-rov	0.0470935685351	0.899028196276	0.0247440783828	0.0291341568056
-rop	0.222222222222	0.666666666667	0.111111111111	0.0
-iel	0.0106129799961	0.964301794558	0.00578889817971	0.0192963272657
-ros	0.0	1.0	0.0	0.0
-roz	0.0531315929123	0.029639792392	0.00543611912867	0.911792495567
-rod	0.0293528912375	0.908974858068	0.0151619486756	0.0465103020185
-rog	0.222348197387	0.354460587552	0.396693761486	0.0264974535746
-roa	0.0	1.0	0.0	0.0
-rob	0.0166646623258	0.935231157765	0.0177813665023	0.0303228134073
-ime	0.135705953039	0.50237161818	0.0205396670964	0.341382761685
-ron	0.0167874856925	0.980160244182	0.00152613506295	0.00152613506295
-roi	0.391304347826	0.0869565217391	0.0	0.521739130435
-roj	0.0604276740026	0.748304696926	0.0625078004742	0.128759828598
-rok	0.0256700641752	0.910381275953	0.0355605889015	0.0283880709702
-8b]	0.307692307692	0.384615384615	0.0	0.307692307692
-rđi	0.0	1.0	0.0	0.0
-rđe	0.0613253337215	0.881503629358	0.0435212045765	0.0136498323445
-rđa	0.0725862068966	0.824655172414	0.0706896551724	0.0320689655172
-hko	0.0	0.0	0.8	0.2
-rđu	0.0986301369863	0.86095890411	0.0219178082192	0.0184931506849
-rač	0.048495645289	0.951504354711	0.0	0.0
-rma	0.178588125292	0.769050958392	0.0196353436185	0.0327255726975
-raž	0.181818181818	0.818181818182	0.0	0.0
-pko	0.129032258064	0.290322580645	0.580645161291	0.0
-pki	0.185430463576	0.576158940398	0.238410596026	0.0
-pke	0.124515997554	0.645200733646	0.200733645812	0.0295496229876
-pka	0.107142857143	0.709821428572	0.0892857142857	0.0937499999999
-pku	0.30870712401	0.69129287599	0.0	0.0
-raš	0.601331360947	0.286982248521	0.0306952662722	0.0809911242603
-sac	0.0948275862069	0.887931034483	0.0172413793103	0.0
-žoj	0.010989010989	0.28021978022	0.659340659341	0.0494505494505
-žom	0.17063081696	0.69803516029	0.0754912099276	0.0558428128231
-čju	0.0775904727345	0.637630719493	0.0403292316828	0.244449576089
-čji	0.0067728844969	0.948015140923	0.00439643379623	0.0408155407839
-ćah	0.435897435898	0.564102564102	0.0	0.0
-čja	0.0662824207493	0.724783861671	0.125840537944	0.0830931796349
-čje	0.0737089053038	0.771106109121	0.0854389246425	0.0697460609327
-saf	0.0	1.0	0.0	0.0
-leh	0.590769230769	0.246153846154	0.08	0.083076923077
-lei	0.166666666667	0.833333333333	0.0	0.0
-lej	0.0	0.869565217391	0.130434782609	0.0
-lek	0.0	0.90990990991	0.0720720720721	0.018018018018
-lel	0.0	1.0	0.0	0.0
-lem	0.00590752628151	0.980416782957	0.00251186156852	0.0111638291934
-len	0.140689043979	0.243159410657	0.548354935195	0.0677966101695
-leo	0.523457583548	0.404562982005	0.0353470437018	0.0366323907454
-šat	0.515039142975	0.36361763494	0.0082406262876	0.113102595797
-leb	0.0	1.0	0.0	0.0
-mun	0.00173544157347	0.993636714231	0.0	0.00462784419591
-led	0.437498734206	0.32422829996	0.0195438514262	0.218729114407
-muk	0.0216606498195	0.935018050542	0.0216606498195	0.0216606498195
-leg	0.0	1.0	0.0	0.0
-šam	0.539802257838	0.373050982667	0.0236903812217	0.0634563782725
-mut	0.0	1.0	0.0	0.0
-šao	0.760413578402	0.0591951508654	0.0162705784119	0.164120692321
-šan	0.374900159744	0.263079073482	0.299321086262	0.0626996805112
-ece	0.0195250239082	0.917994899586	0.0342684093083	0.028211667198
-šak	0.247720364742	0.683890577508	0.0293095961789	0.0390794615719
-šaj	0.43107358871	0.49470766129	0.0228074596774	0.0514112903226
-šad	0.0	1.0	0.0	0.0
-šaf	0.0	1.0	0.0	0.0
-let	0.322774750227	0.441984559491	0.197774750227	0.0374659400545
-leu	0.0	1.0	0.0	0.0
-hma	0.248226950355	0.709219858156	0.0354609929078	0.00709219858156
-kou	0.0	1.0	0.0	0.0
-mpu	0.0	1.0	0.0	0.0
-âme	0.378571428571	0.15	0.342857142857	0.128571428571
-âmi	0.0708382526564	0.492325855962	0.0	0.436835891381
-san	0.329420517484	0.3879267587	0.219269240307	0.0633834835083
-äan	0.266666666667	0.733333333333	0.0	0.0
-og'	0.0350877192983	0.140350877193	0.157894736842	0.666666666667
-lon	0.0397700318522	0.903223620304	0.0481509928389	0.00885535500487
-jka	0.0359073324174	0.907661210138	0.0321900535107	0.0242414039338
-jke	0.0371264595144	0.881462251812	0.0484099913277	0.0330012973462
-jki	0.201117318436	0.723463687151	0.0586592178771	0.0167597765363
-peo	0.272727272727	0.658570437196	0.0104094378904	0.0582928521861
-ogu	0.0687440801626	0.770226068447	0.0251689400897	0.135860911301
-jko	0.021897810219	0.452554744526	0.525547445255	0.0
-ogi	0.010239129026	0.174432419588	0.765774523146	0.0495539282397
-tle	0.371262037506	0.299163710086	0.0337050177395	0.295869234668
-ogo	0.0659913112423	0.0735530204245	0.604903971535	0.255551696798
-oga	0.0654541779957	0.376854635238	0.0987927490388	0.458898437728
-oge	0.0334439581229	0.616949641672	0.325381174547	0.0242252256585
-zgu	0.285714285714	0.714285714286	0.0	0.0
-itu	0.147163349703	0.409731196692	0.354258206255	0.0888472473507
-rid	0.0577507598784	0.942249240122	0.0	0.0
-esu	0.51605981015	0.349651033208	0.050244928631	0.0840442280113
-est	0.255466420067	0.312218240666	0.0315570454282	0.400758293839
-ito	0.134853869953	0.307780817715	0.342611675062	0.21475363727
-esi	0.494657938473	0.38734185802	0.0307634908252	0.0872367126819
-eso	0.242654341367	0.719379333113	0.0161769560911	0.0217893694289
-iti	0.696190948693	0.13295055941	0.0490701235302	0.121788368367
-jit	0.570281124498	0.230923694779	0.156626506024	0.0421686746988
-esa	0.0669253450303	0.871446774967	0.0441947879197	0.0174330920829
-ite	0.604744916258	0.240033333271	0.0639391179779	0.091282632493
-ese	0.553556513691	0.268674236439	0.0249528119232	0.152816437947
-ita	0.69393772901	0.199802510137	0.0376480003761	0.0686117604766
-däe	1.0	0.0	0.0	0.0
-spa	0.115808823529	0.726102941176	0.0110294117647	0.147058823529
-spe	0.42796967144	0.551811288964	0.0101095197978	0.0101095197978
-udu	0.434801063118	0.332562990362	0.0499790964095	0.18265685011
-faj	0.0	1.0	0.0	0.0
-spi	0.130863700423	0.76343869539	0.0815381518019	0.0241594523858
-fah	0.0	1.0	0.0	0.0
-fan	0.0	0.971014492754	0.0289855072464	0.0
-far	0.0	0.958762886598	0.0412371134021	0.0
-uda	0.139957464387	0.651884777199	0.0647132794836	0.14344447893
-spu	0.357591952216	0.543382584093	0.0	0.0990254636907
-fat	0.0102040816326	0.989795918367	0.0	0.0
-eji	0.00742399799521	0.981612291885	0.000720472379281	0.0102432377402
-faz	0.047619047619	0.952380952381	0.0	0.0
-udi	0.166228307484	0.59803479854	0.0470494298637	0.188687464113
-udo	0.106511523831	0.610203624972	0.232266726337	0.0510181248601
-pća	0.185840707965	0.557522123894	0.0973451327434	0.159292035398
-pće	0.366295264624	0.167363045497	0.0485143918292	0.41782729805
-pći	0.538653366583	0.401496259352	0.0	0.0598503740648
-tku	0.170452709089	0.499181357173	0.15765082223	0.172715111508
-pću	0.5	0.4	0.0	0.1
-it'	0.453524456923	0.268656716418	0.0809812324517	0.196837594207
-ejo	0.067415730337	0.629213483146	0.202247191011	0.101123595506
-ael	0.0241808471586	0.9546224259	0.00142100962734	0.0197757173138
-§io	1.0	0.0	0.0	0.0
-šom	0.220525503917	0.511715686697	0.0518868331021	0.215871976284
-eju	0.0148250500166	0.953077997035	0.00726859248385	0.0248283604646
-tna	0.106649386317	0.566044112794	0.269184913935	0.0581215869535
-peć	0.095936651354	0.848100302023	0.0532981396411	0.00266490698205
-tne	0.304348732923	0.39098967567	0.279486912087	0.0251746793201
-vnu	0.32972972973	0.429954954955	0.168693693694	0.0716216216216
-kra	0.307692307692	0.692307692308	0.0	0.0
-tni	0.113991143331	0.542513720998	0.314001402021	0.0294937336502
-leš	0.0	1.0	0.0	0.0
-tno	0.198037878487	0.418131274981	0.191112653788	0.192718192744
-kri	0.655337763944	0.305543871456	0.0113569445613	0.0277614200387
-krv	0.0309835724683	0.946419907119	0.00686213349969	0.0157343869134
-vna	0.139568877273	0.409771744728	0.220886821202	0.229772556797
-kru	0.0425531914893	0.957446808511	0.0	0.0
-tnu	0.420926233397	0.335744781784	0.17439516129	0.0689338235294
-vne	0.200623848008	0.315716716291	0.419059265561	0.0646001701404
-vni	0.194563756992	0.411137770168	0.323335574654	0.0709628981865
-muž	0.0458488228005	0.893019413466	0.0128046261875	0.0483271375464
-vno	0.131905226168	0.173820107604	0.15882240186	0.535452264368
-izu	0.0300208173551	0.0758189985756	0.025857346335	0.868302837734
-rnu	0.288606249914	0.528538190612	0.125435675715	0.0574198837587
-zgo	0.136363636364	0.132231404959	0.0247933884298	0.706611570248
-eat	1.0	0.0	0.0	0.0
-zgi	0.0	1.0	0.0	0.0
-ize	0.22869955157	0.466367713004	0.0896860986547	0.215246636771
-rne	0.323033729636	0.34405856184	0.237016182785	0.095891525739
-eab	0.0	1.0	0.0	0.0
-iza	0.0792859279944	0.110568132708	0.529736378445	0.280409560852
-rna	0.169561291693	0.436610367538	0.335139154451	0.0586891863182
-rno	0.200124491278	0.357149101404	0.165432106838	0.27729430048
-eah	0.0	1.0	0.0	0.0
-teo	0.739130434783	0.130434782609	0.130434782609	0.0
-eam	0.0532319391635	0.916349809886	0.0	0.0304182509506
-izi	0.102511125238	0.849809281627	0.0367132867133	0.0109663064209
-rni	0.189302412568	0.33004873541	0.420235646157	0.0604132058659
-ean	0.0	0.631578947368	0.368421052632	0.0
-uri	0.197674418605	0.545491636067	0.0956752345981	0.16115871073
-haš	0.0	0.857142857143	0.0714285714287	0.0714285714285
-ura	0.212041884817	0.687958115183	0.0314136125654	0.0685863874345
-ure	0.0785214785215	0.815384615385	0.018981018981	0.0871128871129
-zbu	0.0956298200514	0.864267352185	0.0185089974293	0.0215938303342
-baš	0.205533596838	0.107890499195	0.0895915678525	0.596984336115
-uru	0.189701897019	0.761517615176	0.020325203252	0.0284552845528
-zno	0.203366939916	0.386601337982	0.308165038684	0.101866683418
-zni	0.336474268493	0.28852657303	0.316131869907	0.0588672885703
-zne	0.388574234162	0.280190780129	0.266180364376	0.065054621333
-šću	0.116508712891	0.736499151456	0.0924981944214	0.0544939412315
-šći	0.5	0.17469879518	0.27108433735	0.05421686747
-zbo	0.666666666667	0.333333333333	0.0	0.0
-šća	0.468973747017	0.491646778043	0.0393794749403	0.0
-šće	0.388419877382	0.514034434803	0.0199792372632	0.0775664505514
-ih'	1.0	0.0	0.0	0.0
-eđ'	0.25	0.428571428572	0.0	0.321428571428
-pje	0.555555555556	0.148148148148	0.0740740740741	0.222222222222
-rdo	0.0801276935355	0.886352753392	0.00861931364725	0.0249002394254
-moć	0.185675411482	0.698819053658	0.036036036036	0.0794694988243
-žni	0.143427611468	0.204944156667	0.471292195453	0.180336036413
-žno	0.205097716779	0.317298083613	0.281892353425	0.195711846183
-žna	0.250438310014	0.284781188765	0.376946612121	0.087833889099
-čku	0.171410104586	0.768922781949	0.0460028890075	0.0136642244577
-čki	0.091436495007	0.732188382186	0.16185596498	0.0145191578267
-čko	0.228281013085	0.492053686752	0.217891840287	0.0617734598754
-kšu	0.615384615385	0.153846153846	0.230769230769	0.0
-čka	0.234619924128	0.610081404377	0.110829129602	0.0444695418931
-čke	0.152342242104	0.708179113967	0.0944428044839	0.0450358394454
-eđa	0.17277220862	0.528341109623	0.0563588488012	0.242527832956
-iha	0.131600324939	0.0861088545897	0.762794476036	0.0194963444354
-eđe	0.280735235034	0.50683005223	0.0607673764564	0.15166733628
-ihe	0.307692307692	0.615384615385	0.0	0.076923076923
-eđi	0.310268616117	0.583985039102	0.0598435906154	0.0459027541653
-klu	0.10055086814	0.651488738582	0.218673732655	0.0292866606234
-ihi	0.407766990291	0.584951456311	0.00728155339806	0.0
-iho	0.217665615142	0.422712933754	0.15141955836	0.208201892744
-klo	0.270638629284	0.321456386293	0.193730529595	0.214174454829
-eđu	0.0411344200252	0.0577400596248	0.0177872005662	0.883338319784
-kli	0.687585585995	0.139767130439	0.0651399260083	0.107507357558
-jen	0.528122195179	0.295220257644	0.126053504085	0.050604043092
-ihu	0.0974729241878	0.880866425993	0.0108303249098	0.0108303249098
-kle	0.103073910026	0.0446315562106	0.021389219254	0.83090531451
-kla	0.295875817378	0.410420927464	0.139179767238	0.154523487919
-uć'	0.583946378944	0.268105280366	0.0956351152525	0.0523132254373
-uću	0.0530173272257	0.761003784107	0.00812587134037	0.177853017327
-uće	0.0943284900209	0.469682031527	0.193844158777	0.242145319675
-uća	0.0687918152709	0.390288877897	0.0377621002149	0.503157206617
-ućo	0.666666666667	0.333333333333	0.0	0.0
-ući	0.558984456886	0.290243548213	0.040469549737	0.110302445164
-mda	0.185832772921	0.0821564671599	0.0208473436449	0.711163416274
-vre	0.823529411765	0.176470588235	0.0	0.0
-vrd	0.6	0.2	0.2	0.0
-hju	0.0	1.0	0.0	0.0
-vri	0.558823529412	0.352941176471	0.0	0.0882352941175
-vrh	0.0535160289555	0.450103412616	0.166752843847	0.329627714581
-hja	0.0	1.0	0.0	0.0
-vrt	0.0102189781022	0.925547445255	0.0525547445255	0.0116788321168
-hje	0.0	1.0	0.0	0.0
-zki	0.0	1.0	0.0	0.0
-hjo	0.0	1.0	0.0	0.0
-c-a	0.0	0.333333333333	0.333333333333	0.333333333333
-jep	0.0209172903473	0.0303204759163	0.937248128958	0.0115141047784
-oj'	0.562130177515	0.201183431953	0.118343195266	0.118343195266
-tač	0.112572770255	0.846150547318	0.021764068916	0.0195126135109
-aji	0.196134206107	0.71027108537	0.0564618389937	0.0371328695295
-crv	0.10033444816	0.829431438127	0.0	0.0702341137124
-aje	0.62585483589	0.219410791841	0.0373667155208	0.117367656748
-crt	0.0	1.0	0.0	0.0
-aja	0.151889269956	0.750724599188	0.031476655124	0.0659094757321
-crn	0.0	0.571428571429	0.428571428571	0.0
-aju	0.581622695719	0.231012473657	0.0494100424377	0.137954788187
-dbe	0.118884002199	0.803365271342	0.0257205686013	0.0520301578575
-mra	0.0	1.0	0.0	0.0
-fru	0.0	1.0	0.0	0.0
-dba	0.105062907028	0.775250344296	0.0870077729278	0.0326789757475
-mre	0.825711402382	0.11816618934	0.0205223731761	0.0356000351014
-oju	0.0697156239061	0.0454709288576	0.0424991757777	0.842314271459
-mri	0.122699386503	0.877300613497	0.0	0.0
-mrk	0.0	0.0	1.0	0.0
-dbi	0.293483416069	0.570556802732	0.075568343504	0.0603914376956
-taš	0.428434107969	0.116540960884	0.430615808327	0.0244091228196
-mro	0.7010320478	0.0978815860945	0.17175448126	0.0293318848452
-dbu	0.0936456759232	0.877803813125	0.00999267883327	0.0185578321189
-fre	0.0	0.979591836735	0.0204081632653	0.0
-oja	0.102885041867	0.092666777496	0.0186739912786	0.785774189358
-mrt	0.117867779027	0.827204504664	0.0140031161864	0.0409246001223
-mru	0.482127096205	0.374448367167	0.0926743159753	0.0507502206531
-fra	0.0229709035222	0.963246554364	0.00459418070444	0.00918836140888
-oje	0.0748823196426	0.0558963425929	0.043337790775	0.825883546989
-ojh	0.666666666667	0.333333333333	0.0	0.0
-oji	0.0553965930803	0.0403960102922	0.00439788976305	0.899809506864
-fri	0.0	0.96875	0.03125	0.0
-bja	0.0373831775701	0.96261682243	0.0	0.0
-bje	0.0693330817847	0.115649467031	0.0475426846524	0.767474766532
-but	0.0	1.0	0.0	0.0
-bju	0.0	1.0	0.0	0.0
-ulj	0.0	1.0	0.0	0.0
-usi	0.245529757139	0.685615158794	0.0592473979183	0.00960768614892
-usa	0.0019421818353	0.904221008522	0.00070624794011	0.0931305617025
-use	0.073194046156	0.82725658883	0.00327734535027	0.0962720196641
-na'	0.0	0.666666666667	0.166666666667	0.166666666667
-usu	0.01243339254	0.887044044585	0.00244549128633	0.0980770715885
-ust	0.127222441723	0.652311339392	0.168312919794	0.0521532990913
-epe	0.238815340573	0.324606532695	0.416446585627	0.0201315411061
-epa	0.186104866956	0.335563803649	0.462648334989	0.0156829944064
-epo	0.250235626767	0.205702167766	0.289114043355	0.254948162111
-vrč	0.0	1.0	0.0	0.0
-zme	0.821935147326	0.0507989597797	0.0128876853564	0.114378207538
-epu	0.216882750846	0.605552423901	0.169109357384	0.00845546786922
-zmu	0.61266908611	0.224018475751	0.0643352029033	0.0989772352359
-ćit	1.0	0.0	0.0	0.0
-ćio	0.617122473246	0.200951248514	0.0356718192628	0.146254458977
-ćin	0.268597466081	0.69568478577	0.0228593588154	0.0128583893336
-ćim	0.37411207577	0.255196001052	0.276506182584	0.0941857405946
-ćih	0.345499484442	0.284057135925	0.301449626979	0.0689937526536
-iud	0.0	1.0	0.0	0.0
-štu	0.219273363124	0.672819117933	0.0648338838159	0.0430736351273
-uel	0.0	1.0	0.0	0.0
-šte	0.285803203916	0.615060890645	0.0433205201883	0.0558153852512
-šta	0.136317795595	0.65413005397	0.0238589557947	0.18569319464
-što	0.103913612925	0.0783907140611	0.00253413269947	0.815161540314
-šti	0.659502671434	0.254127666412	0.0393684971679	0.0470011649861
-päe	0.0	1.0	0.0	0.0
-päi	0.5	0.166666666667	0.333333333333	0.0
-en-	0.0	0.0	1.0	0.0
-par	0.0515685431886	0.943274602493	0.0	0.00515685431886
-ksa	0.0587765467243	0.821008007536	0.103012554015	0.0172028917242
-tam	0.516674348128	0.326113595853	0.086949684614	0.0702623714052
-tan	0.213995690841	0.38222047553	0.326016984877	0.077766848752
-tao	0.555828184834	0.28875215482	0.057650606705	0.0977690536409
-kse	0.116042134346	0.663356933172	0.211535140736	0.00906579174581
-taj	0.148747760349	0.230657602126	0.0353596080518	0.585235029473
-tak	0.136338610672	0.732757510549	0.0415443447621	0.0893595340165
-tad	0.166380051591	0.0679277730009	0.0262252794497	0.739466895959
-gne	0.600132386115	0.165650952828	0.0860936801331	0.148122980923
-kso	0.0	1.0	0.0	0.0
-gna	0.77486437613	0.0678119349005	0.0162748643761	0.141048824593
-ksu	0.0	0.966101694915	0.0	0.0338983050847
-tat	0.523786660652	0.34230428408	0.0398494100461	0.0940596452221
-tau	0.0	1.0	0.0	0.0
-tav	0.159035168163	0.0804453070016	0.712533856555	0.0479856682804
-gnu	0.707682366306	0.139420721857	0.0260560517786	0.126840860058
-tap	0.0238406270411	0.946766819073	0.0235140431091	0.00587851077727
-tar	0.0189348622191	0.89846585882	0.0510267487002	0.0315725302602
-tas	0.105263157895	0.894736842105	0.0	0.0
-cna	0.205882352941	0.611764705882	0.0941176470588	0.0882352941177
-rmu	0.0372078561434	0.871068041665	0.0792869357931	0.0124371663989
-enu	0.255995342873	0.612289635412	0.0608690803611	0.0708459413535
-eno	0.454182622726	0.229347252081	0.173165013579	0.143305111614
-eni	0.349781092612	0.193141889078	0.114446933942	0.342630084368
-enj	0.230769230769	0.692307692308	0.0769230769229	0.0
-rme	0.408163265306	0.338192419825	0.253644314869	0.0
-ene	0.138100211761	0.286933919599	0.0411983589155	0.533767509724
-rmi	0.224469160768	0.447927199191	0.234580384226	0.093023255814
-ena	0.174311893268	0.657011055604	0.0832263241572	0.0854507269713
-ića	0.049165471163	0.757328040096	0.180738142499	0.0127683462423
-iće	0.180476988569	0.650337796272	0.103252741604	0.0659324735545
-het	0.0	1.0	0.0	0.0
-čvu	0.0	1.0	0.0	0.0
-ići	0.591323411408	0.0992061213836	0.105586790586	0.203883676622
-her	0.0	0.928571428571	0.0	0.0714285714286
-dme	0.0437716578516	0.219405434981	0.601860295459	0.134962611709
-đeš	0.671486510316	0.148474695821	0.0206312819609	0.159407511903
-hem	0.0	1.0	0.0	0.0
-hen	0.0	1.0	0.0	0.0
-iću	0.141843971631	0.55364905056	0.304506977808	0.0
-čve	0.0	1.0	0.0	0.0
-heb	0.0	1.0	0.0	0.0
-ešu	0.0810810810813	0.918918918919	0.0	0.0
-ešt	0.0415224913495	0.356401384083	0.532871972318	0.0692041522491
-eša	0.232201533406	0.691128148959	0.0700985761227	0.0065717415115
-eše	0.718085102995	0.147044604965	0.041263621581	0.0936066704585
-eši	0.367618803638	0.508367404166	0.0654904295867	0.0585233626095
-vje	0.495641224332	0.187039907013	0.183068578071	0.134250290585
-put	0.0621292088035	0.338684093111	0.0154466289704	0.583740069115
-naj	0.0557462334657	0.223663710164	0.0146045125673	0.705985543803
-ić'	0.190476190476	0.333333333333	0.0	0.476190476191
-pur	0.0	0.606060606061	0.333333333333	0.0606060606062
-dâm	0.431818181818	0.568181818182	0.0	0.0
-läa	0.0	1.0	0.0	0.0
-pue	0.0	1.0	0.0	0.0
-pua	0.0	1.0	0.0	0.0
-šuć	0.513661202186	0.409836065574	0.0109289617486	0.0655737704918
-pul	0.0	1.0	0.0	0.0
-pun	0.302097583219	0.0830673354613	0.5193291787	0.0955059026194
-puj	1.0	0.0	0.0	0.0
-puk	0.0628445424476	0.854465270121	0.0661521499448	0.0165380374862
-iđu	0.506491803279	0.087606557377	0.0346229508197	0.371278688525
-vcu	0.0624561403508	0.894736842105	0.0385964912281	0.00421052631579
-zea	0.0	1.0	0.0	0.0
-dmu	0.0	1.0	0.0	0.0
-iđe	0.499152751444	0.0324919531656	0.0137019144459	0.454653380945
-vce	0.094355265762	0.866330040171	0.015930109804	0.0233845842635
-žme	0.2421875	0.4765625	0.0	0.28125
-iđa	0.3	0.566666666667	0.0666666666666	0.0666666666667
-vca	0.0819134299926	0.845909620066	0.0427558471796	0.0294211027622
-gda	0.0972186453773	0.142415657996	0.0468709760494	0.713494720577
-iđi	0.490078117985	0.159737810901	0.046332046332	0.303852024782
-vci	0.0871590346715	0.807603854327	0.0776396611453	0.0275974498559
-sgu	0.0	1.0	0.0	0.0
-msa	0.428571428572	0.285714285714	0.0	0.285714285714
-lgu	0.0	1.0	0.0	0.0
-ded	0.529411764706	0.235294117647	0.0	0.235294117647
-oku	0.0593233529073	0.719798597879	0.163557822509	0.0573202267052
-dej	0.00205592105264	0.997944078947	0.0	0.0
-dek	0.0279069767442	0.916279069767	0.0496124031007	0.00620155038759
-dem	0.62144041057	0.169195680488	0.0101295275093	0.199234381433
-den	0.271608643457	0.275710284114	0.379151660664	0.0735294117647
-kin	0.0185185185185	0.962962962963	0.0	0.0185185185185
-oko	0.105537219479	0.227169847186	0.0491830967923	0.618109836543
-des	0.299496644295	0.612416107383	0.011744966443	0.0763422818792
-oki	0.242212924221	0.471873547187	0.264993026499	0.0209205020921
-zul	0.0191082802548	0.942675159236	0.0382165605096	0.0
-lga	0.0	1.0	0.0	0.0
-oke	0.0444870834893	0.856645451142	0.0693841257956	0.0294833395732
-oka	0.0365980334881	0.829272399465	0.110452129623	0.0236774374243
-biv	0.0918518518518	0.284444444444	0.58962962963	0.0340740740741
-naz	0.0	1.0	0.0	0.0
-bit	0.808526144356	0.0781565209771	0.0140632491711	0.0992540854957
-bir	0.0	0.795454545455	0.170454545454	0.0340909090908
-kir	0.0	1.0	0.0	0.0
-fiš	0.0	1.0	0.0	0.0
-bib	0.0	1.0	0.0	0.0
-bin	0.0102389078498	0.938566552901	0.0307167235495	0.0204778156996
-bio	0.692085127247	0.0323890776463	0.0072476908548	0.268278104252
-bil	0.0	1.0	0.0	0.0
-bim	0.759268392931	0.193777229758	0.00897657213317	0.0379778051788
-bij	0.468274194602	0.507155459714	0.00359406652291	0.0209762791609
-bik	0.25	0.45	0.3	0.0
-bih	0.100346082809	0.022342962684	0.0144888554163	0.862822099091
-aža	0.174326465927	0.679873217116	0.0792393026941	0.0665610142631
-ažd	0.2	0.8	0.0	0.0
-aže	0.767601567439	0.10050083358	0.0210494031291	0.110848195851
-eel	0.0	1.0	0.0	0.0
-aži	0.573852228331	0.269945178698	0.0473584234128	0.108844169559
-žam	0.625806451613	0.2	0.109677419355	0.0645161290323
-hob	0.0	1.0	0.0	0.0
-ažu	0.514508471491	0.186547241646	0.0434571571587	0.255487129704
-nas	0.0185953493255	0.14577712456	0.00789459870873	0.827732927405
-jin	0.0432566506759	0.935155909289	0.00605102485825	0.0155364151766
-jio	0.551757004892	0.346200748497	0.0447135668531	0.0573286797583
-luz	0.0	1.0	0.0	0.0
-jim	0.0693084947116	0.135140304419	0.0541325609068	0.741418639962
-jik	0.142857142857	0.571428571429	0.0	0.285714285714
-jih	0.0487273518327	0.0818810776627	0.0394721605266	0.829919409978
-mer	0.0159574468085	0.984042553192	0.0	0.0
-lup	0.115384615385	0.307692307692	0.346153846154	0.230769230769
-lut	0.0	1.0	0.0	0.0
-vge	0.0	0.875	0.125	0.0
-luh	0.195349386213	0.609891406988	0.123937677054	0.070821529745
-med	0.0101608806097	0.966977138019	0.0228619813717	0.0
-luj	0.229340319124	0.691355084544	0.0435818051917	0.0357227911407
-luk	0.0699942627654	0.916236374068	0.0	0.0137693631669
-žad	0.185022026432	0.762114537445	0.0176211453745	0.035242290749
-lun	0.0	0.986516853933	0.0134831460674	0.0
-jiv	0.227350989231	0.187672176309	0.469493488605	0.115483345855
-lua	0.0	1.0	0.0	0.0
-lub	0.945330296128	0.0546697038724	0.0	0.0
-men	0.0324341756697	0.576420722858	0.011241390431	0.379903711041
-lud	0.0907394113424	0.390476190476	0.454654223498	0.0641301746829
-mek	0.0505263157895	0.936842105263	0.0126315789474	0.0
-mej	0.0677631578947	0.916447368421	0.0157894736842	0.0
-0a]	0.125	0.625	0.25	0.0
-đer	0.087411759132	0.0933102762117	0.11631212394	0.702965840716
-mov	0.0112423948505	0.974869940922	0.00330658672075	0.0105810775064
-ćju	0.0	1.0	0.0	0.0
-mot	0.0185873605948	0.951672862454	0.0148698884758	0.0148698884758
-đeg	0.0	0.0	1.0	0.0
-đem	0.654086181278	0.158395245171	0.0418028727093	0.145715700842
-heš	0.0	1.0	0.0	0.0
-đeo	0.0128472307353	0.916247824062	0.00853213033564	0.0623728148675
-đen	0.714912888429	0.177665307789	0.0690256193345	0.0383961844475
-sro	0.0	1.0	0.0	0.0
-šur	0.0	1.0	0.0	0.0
-šuu	0.0	1.0	0.0	0.0
-sri	0.0	1.0	0.0	0.0
-ak'	0.074074074074	0.296296296296	0.0	0.62962962963
-sre	0.0	1.0	0.0	0.0
-ubu	0.180722891566	0.768674698795	0.0506024096385	0.0
-sra	0.0	1.0	0.0	0.0
-šua	0.0373242382316	0.802438945912	0.0	0.160236815856
-ubi	0.646628237466	0.276008403056	0.0144712835014	0.0628920759764
-šub	0.0	1.0	0.0	0.0
-šue	0.0	1.0	0.0	0.0
-ubo	0.141463414634	0.312195121951	0.234146341463	0.312195121951
-šui	0.013468013468	0.979797979798	0.0	0.00673400673401
-uba	0.289069358216	0.656672267692	0.0337031538727	0.0205552202191
-šuj	0.43085106383	0.553191489362	0.0159574468085	0.0
-šum	0.179203539823	0.767699115044	0.0420353982301	0.0110619469026
-ube	0.628692261944	0.298751073812	0.0479746249917	0.024582039252
-srp	0.0	0.974264705882	0.0220588235294	0.00367647058824
-šun	0.0	0.428571428572	0.571428571428	0.0
-šit	0.676048122809	0.187308678567	0.0985355336694	0.038107664955
-puž	0.0909090909091	0.909090909091	0.0	0.0
-gih	0.0470277891481	0.18415427298	0.577432118979	0.191385818893
-tje	0.466269218701	0.387825541261	0.145905240037	0.0
-ako	0.0715609680858	0.061149227731	0.0322801016201	0.835009702563
-aki	0.0391191819763	0.125737197166	0.154652297509	0.680491323348
-tja	0.0	1.0	0.0	0.0
-ake	0.103092115033	0.392574991581	0.148722931182	0.355609962204
-aka	0.122274559365	0.643217836364	0.0984413825397	0.136066221731
-aku	0.0947989706994	0.429707503882	0.057395945933	0.418097579485
-goi	0.0	1.0	0.0	0.0
-deš	0.475011285226	0.151931385826	0.0227316695686	0.35032565938
-goj	0.171155813161	0.288100920559	0.381861575179	0.158881691101
-gom	0.0682634429054	0.779084338428	0.0515507171787	0.101101501488
-gol	0.0585271733305	0.135598670811	0.765355343552	0.0405188123057
-gon	0.0759193357058	0.906287069988	0.0177935943061	0.0
-gob	0.0	1.0	0.0	0.0
-vlu	0.0322580645161	0.934955050238	0.0	0.0327868852459
-god	0.0761218361218	0.240274560275	0.0204890604891	0.663114543115
-gog	0.10205908684	0.232766338406	0.280513279618	0.384661295136
-vli	0.28	0.5	0.1	0.12
-goz	0.395604395604	0.604395604396	0.0	0.0
-luč	0.0	1.0	0.0	0.0
-vla	0.0257859941966	0.937838403781	0.00215381854079	0.0342217834814
-gor	0.0648867860764	0.0537343697195	0.0898952348766	0.791483609328
-vle	0.0309806034483	0.928699712644	0.0150862068965	0.0252334770115
-dež	0.0	0.75	0.25	0.0
-gov	0.0613171839515	0.0595429598789	0.0100775927328	0.869062263437
-com	0.131369303485	0.633639413183	0.0475420256654	0.187449257667
-lka	0.0	1.0	0.0	0.0
-rlu	0.281167108753	0.68700265252	0.0318302387267	0.0
-eov	0.0	0.985781990521	0.0142180094787	0.0
-eor	0.166666666667	0.5	0.333333333333	0.0
-moj	0.0660163707092	0.026230954868	0.00549292223463	0.902259752188
-eon	0.00774193548385	0.976774193548	0.0	0.0154838709677
-rlo	0.202572848313	0.147462645221	0.179372197309	0.470592309157
-eol	0.0298507462687	0.940298507463	0.0298507462687	0.0
-rli	0.481957514631	0.311066688021	0.123637479281	0.0833383180673
-biš	0.734818317571	0.156918865107	0.0466650074664	0.0615978098556
-rle	0.548034934498	0.0786026200873	0.0393013100437	0.334061135371
-rla	0.30762525234	0.277160946963	0.303037254542	0.112176546155
-lmu	0.168367346939	0.821428571429	0.0	0.0102040816326
-k'o	0.0307941653161	0.0151944894651	0.0158022690438	0.938209076175
-upu	0.18811661006	0.64630842633	0.0799571405467	0.0856178230632
-bić	0.112	0.512	0.376	0.0
-upe	0.718724464576	0.139739929585	0.0204787797472	0.121056826092
-upa	0.249510219117	0.235012704975	0.0387765684133	0.476700507495
-upo	0.256944444444	0.414351851852	0.025462962963	0.303240740741
-bič	0.146393398989	0.853606601011	0.0	0.0
-upi	0.732865925278	0.0946287589201	0.0266018719941	0.145903443808
-zlu	0.179654510557	0.401535508637	0.363915547025	0.0548944337812
-deć	0.547231270358	0.159609120521	0.156351791531	0.13680781759
-oču	0.787018255578	0.192697768763	0.0	0.0202839756592
-jiš	0.588866532529	0.24010731053	0.0402414486921	0.130784708249
-zle	0.154829547387	0.180717450359	0.357650541196	0.306802461058
