-ɨza	0.44615064651	0.281730237507	0.0966814495356	0.175437666448
-caa	0.778846153846	0.105769230769	0.0288461538462	0.0865384615384
-ɨma	0.0700817663731	0.791035355789	0.0300820355569	0.108800842281
-cae	0.200612074181	0.712926379314	0.0618758822607	0.0245856642443
-cai	0.498202862526	0.272737773735	0.0567383253222	0.172321038418
-ɨmo	0.145507920113	0.247725814907	0.0546627611485	0.552103503832
-cao	0.228637413395	0.535796766744	0.0277136258661	0.207852193995
-can	0.119402985075	0.701492537313	0.0298507462687	0.149253731343
-ɨtá	0.607384749836	0.340179156653	0.0426043259777	0.00983176753331
-cas	0.00735242630067	0.900742244941	0.0514669841047	0.0404383446537
-car	0.0	1.0	0.0	0.0
-ive	0.0	1.0	0.0	0.0
-rbe	0.0	1.0	0.0	0.0
-caz	0.0	1.0	0.0	0.0
-nós	0.0	1.0	0.0	0.0
-ivo	0.0594978165939	0.931222707424	0.00163755458515	0.00764192139738
-foi	0.0439560439561	0.912087912088	0.0439560439561	0.0
-dío	0.127050389092	0.630374118021	0.157678607891	0.0848968849967
-díe	0.355850422195	0.446320868516	0.100120627262	0.0977080820266
-adɨ	0.192584764547	0.0665458845159	0.0209640067637	0.719905344173
-gaɨ	0.120274066178	0.801108759835	0.0633021400937	0.0153150338936
-aui	0.514543548188	0.049234117564	0.028590977082	0.407631357166
-zie	0.0860911541987	0.711878314888	0.135616812664	0.0664137182489
-aum	0.00139082058414	0.993045897079	0.0	0.00556328233658
-ufi	0.414346895075	0.428265524625	0.144539614561	0.0128479657388
-zia	0.609199151851	0.258685369434	0.0782906540532	0.0538248246616
-nto	0.0325091777611	0.638029103454	0.0390463974524	0.290415321332
-uai	0.13881888804	0.150263319503	0.00956447010153	0.701353322356
-nte	0.0150363378164	0.657171497786	0.00701695764766	0.32077520675
-uan	0.0488730587859	0.883005049421	0.0101083789879	0.0580135128047
-ɨji	0.121215159999	0.631755839365	0.229118042966	0.0179109576707
-ɨco	0.372233516289	0.394424143182	0.0586135201547	0.174728820374
-pre	0.030737704918	0.920081967213	0.0122950819672	0.0368852459016
-nmo	0.0836909871244	0.845493562232	0.0	0.0708154506438
-más	0.0145454545455	0.963636363636	0.0	0.0218181818182
-són	0.00486730791516	0.985398076254	0.00486730791518	0.00486730791518
-iaɨ	0.206826849605	0.5118554269	0.0922739475488	0.189043775946
-eño	0.0211274094959	0.935491336459	0.0114110465837	0.0319702074611
-ɨca	0.265274616471	0.151019814363	0.0298440740879	0.553861495078
-lís	0.0444444444444	0.666666666667	0.0666666666666	0.222222222222
-tín	0.0286532951289	0.744985673352	0.143266475645	0.0830945558739
-mán	0.0	0.746987951807	0.253012048193	0.0
-smo	0.0756347466241	0.872253848029	0.0353399185687	0.0167714867784
-tía	0.0555555555556	0.944444444444	0.0	0.0
-ɨto	0.0759493670886	0.610759493671	0.113924050633	0.199367088608
-dea	0.00656670679654	0.977673196892	0.00722337747619	0.0085367188355
-dec	0.0222399256456	0.961826993295	0.00597490539733	0.00995817566221
-íua	0.0625	0.25	0.0625	0.625
-baɨ	0.197226194137	0.0544790755573	0.0198811311349	0.728413599171
-ɨte	0.380239215359	0.496868301645	0.0650836511428	0.0578088318533
-ɨta	0.497809748896	0.384384512099	0.0297704033586	0.0880353356461
-deo	0.000754337440281	0.981141563993	0.0	0.0181040985668
-ima	0.101272657721	0.749666535607	0.0224686863538	0.126592120319
-des	0.0401590457256	0.808548707753	0.0452617627568	0.106030483764
-zna	0.605340160936	0.245062179956	0.116678858815	0.0329188002926
-imo	0.161338407997	0.516411251306	0.0529382366051	0.269312104093
-ido	0.208328270434	0.366468083354	0.0734776984622	0.35172594775
-lla	0.341627085961	0.274807347063	0.0408913183775	0.342674248598
-eco	0.259738998971	0.393340128879	0.0484804142678	0.298440457882
-obo	0.00484652665589	0.940226171244	0.0	0.0549273021001
-lle	0.383254219065	0.385482614475	0.0598200910184	0.171443075442
-rpa	0.0708024275117	0.898853674983	0.030343897505	0.0
-eca	0.499426557957	0.214230994447	0.0359125255307	0.250429922065
-ide	0.410496158785	0.224199043843	0.118925873076	0.246378924296
-llo	0.0495316883539	0.0978470367027	0.568931078988	0.283690195955
-ida	0.133997559984	0.847092313949	0.00183001220008	0.0170801138674
-bie	0.164889682118	0.0333567518558	0.00724635890784	0.794507207118
-llu	0.107178568313	0.859703515801	0.00281854603289	0.0302993698536
-bia	0.474474474475	0.315315315315	0.100900900901	0.109309309309
-güi	0.964950711939	0.0284775465499	0.0	0.0065717415115
-idu	0.234772085518	0.603872529246	0.00645421540945	0.154901169827
-bii	0.514824797844	0.32884097035	0.0269541778976	0.129380053908
-eja	0.235669889503	0.570787292818	0.0224447513812	0.171098066298
-ter	0.0112275449102	0.943862275449	0.0449101796407	0.0
-rie	0.170220702716	0.130294790621	0.0641867738778	0.635297732785
-ria	0.233340980711	0.63202515146	0.0450730774907	0.0895607903387
-eji	0.172050756358	0.520418906189	0.139912450823	0.167617886629
-rim	0.0	1.0	0.0	0.0
-eru	0.096	0.808	0.096	0.0
-ños	0.0	1.0	0.0	0.0
-tea	0.0510638297872	0.948936170213	0.0	0.0
-ris	0.0	0.976789168279	0.0	0.0232108317215
-raɨ	0.0886715792394	0.544159294814	0.0193875979864	0.34778152796
-üeo	0.00923076923077	0.990769230769	0.0	0.0
-gro	0.0472440944882	0.952755905512	0.0	0.0
-teo	0.0101536058318	0.987503254361	0.00156209320489	0.000781046602446
-lux	0.0719424460432	0.820143884892	0.0719424460432	0.0359712230216
-are	0.238034866091	0.206682153067	0.0762243639907	0.479058616851
-luz	0.670103092783	0.0927835051547	0.0824742268041	0.154639175258
-ara	0.111906573546	0.67454619589	0.134734091871	0.0788131386935
-mes	0.0	1.0	0.0	0.0
-eri	0.370377807111	0.257102331021	0.0767509111691	0.2957689507
-rói	0.172549019608	0.788235294118	0.0392156862745	0.0
-aro	0.0229661346828	0.901518100428	0.0140132347217	0.0615025301674
-ari	0.427820038247	0.372025958664	0.0767424257118	0.123411577377
-rón	0.0138996138996	0.902702702703	0.0741312741313	0.00926640926641
-mea	0.0	0.917241379311	0.0	0.0827586206895
-mec	0.0	1.0	0.0	0.0
-zɨa	0.359734093067	0.49591642925	0.129154795821	0.0151946818613
-lua	0.421731225626	0.160257033017	0.0600113805115	0.358000360846
-meo	0.0	0.978779840849	0.0106100795756	0.0106100795756
-mei	0.13460666633	0.0181858663887	0.000613238817686	0.846594228463
-lue	0.145095459817	0.0913990964638	0.431204888096	0.332300555623
-ugɨ	0.040404040404	0.959595959596	0.0	0.0
-bán	0.13880126183	0.470031545741	0.277602523659	0.11356466877
-aya	0.0203274985884	0.957651044608	0.0152456239413	0.0067758328628
-dɨ́	0.160516605166	0.171955719557	0.551291512915	0.116236162362
-bái	0.099725226912	0.0131848890623	0.00253149869997	0.884558385326
-foɨ	0.15348045839	0.775008757444	0.0582495120852	0.0132612720813
-ɨia	0.314942557647	0.248627608801	0.158461664225	0.277968169328
-ayo	0.00851063829786	0.991489361702	0.0	0.0
-ero	0.163235948391	0.541650600623	0.0682188936675	0.226894557319
-laɨ	0.186236723245	0.523965791796	0.0362542628583	0.253543222101
-noɨ	0.284905986827	0.291899727646	0.0234153713057	0.399778914221
-iji	0.143510243366	0.798398185068	0.0439983500619	0.0140932215042
-bás	0.00862110254322	0.953541836295	0.0320896594664	0.00574740169548
-mor	0.0566037735849	0.88679245283	0.0566037735849	0.0
-ɨfe	0.0797972991683	0.810314112446	0.0546904566307	0.0551981317555
-aɨi	0.294224647567	0.405638926785	0.0272851296044	0.272851296044
-aɨo	0.0130553267	0.923442550225	0.00190126116991	0.0616008619051
-aón	0.104154267349	0.729198904892	0.116652779431	0.0499940483276
-ɨfo	0.141768977561	0.642139086173	0.0699279993924	0.146163936874
-aɨa	0.697623254109	0.227174239141	0.0312010400347	0.0440014667156
-aɨe	0.149898727311	0.242338988301	0.539878560025	0.0678837243628
-dán	0.0163265306122	0.923918367347	0.00457142857143	0.0551836734694
-xad	0.0	1.0	0.0	0.0
-nta	0.0234389396266	0.0764955952477	0.0201123413885	0.879953123737
-ube	0.208767583284	0.515837752616	0.0308837882294	0.244510875871
-ota	0.633118334594	0.216451902233	0.0214164611807	0.129013301993
-tán	0.0	1.0	0.0	0.0
-enó	0.212047558041	0.111914654151	0.0208335827776	0.655204205031
-ote	0.606839095107	0.176009925328	0.0210075667411	0.196143412824
-táa	0.360606060606	0.242424242424	0.215151515151	0.181818181818
-nee	0.270509977827	0.20399113082	0.0	0.525498891353
-oto	0.206540447504	0.586919104991	0.103270223752	0.103270223752
-rán	0.406451612903	0.593548387097	0.0	0.0
-uma	0.336226851852	0.517939814815	0.0	0.145833333333
-eví	0.0402665121669	0.879258400927	0.0104287369641	0.070046349942
-umo	0.112749303354	0.475790953613	0.0096024810021	0.40185726203
-umi	0.0458015267176	0.81679389313	0.0	0.137404580153
ALL	0.217419146293	0.269994230237	0.0511872676641	0.461399355806
-nai	0.16149068323	0.83850931677	0.0	0.0
-nao	0.336610068514	0.353589514447	0.238308013107	0.0714924039321
-nam	0.0	1.0	0.0	0.0
-íza	0.0613026819924	0.501915708812	0.436781609195	0.0
-naa	0.00602462893451	0.0158061893956	0.000101538689907	0.97806764298
-aús	0.0754716981132	0.849056603774	0.0754716981132	0.0
-aúl	0.181818181818	0.818181818182	0.0	0.0
-sio	0.0	1.0	0.0	0.0
-aúd	0.32967032967	0.420024420024	0.250305250305	0.0
-nas	0.00518591505471	0.980293522792	0.0	0.0145205621532
-sia	0.0421511627907	0.949127906977	0.00348837209302	0.00523255813952
-ala	0.0	1.0	0.0	0.0
-roɨ	0.293361507308	0.688395844339	0.0	0.0182426483536
-ocɨ	0.149565098076	0.741915685587	0.0247132397012	0.0838059766359
-mos	0.00555555555554	0.994444444444	0.0	0.0
-ɨía	0.445567913718	0.227502527806	0.072463768116	0.254465790361
-cáe	0.078203374373	0.836890104879	0.0114911080711	0.0734154126767
-amu	0.0135396518375	0.968085106383	0.00483558994197	0.0135396518375
-gog	0.0705882352941	0.858823529412	0.0705882352942	0.0
-éco	0.195281538421	0.675718807352	0.0106391467404	0.118360507487
-aán	0.0257142857143	0.725714285714	0.248571428571	0.0
-moo	0.0414643568906	0.925142046749	0.00107756748217	0.0323160288787
-mol	0.0	1.0	0.0	0.0
-moi	0.114615345861	0.825432011688	0.0317396342385	0.028213008212
-áɨi	0.513982102908	0.103467561521	0.0335570469798	0.348993288591
-aɨí	0.122061985472	0.0486321815333	0.0038501467923	0.825455686202
-ber	0.0	1.0	0.0	0.0
-áɨa	0.397082658023	0.31658562939	0.189086980011	0.0972447325769
-eor	0.0	1.0	0.0	0.0
-bet	0.0293911826452	0.951714485654	0.0	0.0188943317005
-cob	0.039586919105	0.953528399312	0.00344234079174	0.00344234079174
-ofo	0.210734441346	0.2809131842	0.00816716224773	0.500185212207
-tɨe	0.0825688073395	0.807339449541	0.0275229357798	0.0825688073395
-beo	0.0	0.826086956522	0.0434782608696	0.130434782609
-tɨa	0.733806726021	0.187470713333	0.00908337238221	0.0696391882637
-tɨo	0.504037989292	0.254962489103	0.0669087296245	0.17409079198
-ofe	0.356662403613	0.488797444308	0.117938537113	0.036601614966
-rla	0.00616332819722	0.969183359014	0.0246533127889	0.0
-cos	0.0112766814338	0.980265807491	0.00845751107531	0.0
-cor	0.0	1.0	0.0	0.0
-iso	0.152542372881	0.822033898305	0.0254237288136	0.0
-otá	0.551761322789	0.207105200096	0.00658998322549	0.234543493889
-hɨɨ	0.816	0.088	0.096	0.0
-reo	0.00500083347224	0.959993332222	0.0350058343057	0.0
-uái	0.0744229731666	0.827814284	0.0176601033154	0.0801026395183
-rea	0.0159872102318	0.969690913936	0.00299760191846	0.0113242739142
-red	0.0	1.0	0.0	0.0
-eve	0.0378947368421	0.212631578947	0.0442105263158	0.705263157895
-mia	0.246542393265	0.539386650631	0.0288634996994	0.185207456404
-eva	0.0396039603961	0.960396039604	0.0	0.0
-res	0.0420423742878	0.614205896996	0.00331913481219	0.340432593904
-ret	0.0154193805663	0.973414861093	0.00478532500334	0.00638043333776
-upi	0.270328954511	0.579850179134	0.0586255564	0.0911953099555
-hab	0.0160550458716	0.983944954128	0.0	0.0
-avo	0.0	0.922413793103	0.0517241379311	0.0258620689655
-ɨaɨ	0.0978975034751	0.792239559735	0.0355490015331	0.0743139352563
-ava	0.205460434984	0.602036094401	0.00092549745488	0.191577973161
-mas	0.0773480662983	0.922651933702	0.0	0.0
-mar	0.0	1.0	0.0	0.0
-ham	0.0143584834707	0.918225017948	0.0377631088049	0.0296533897763
-úna	0.0775193798449	0.441860465116	0.116279069767	0.364341085271
-mai	0.358862508849	0.0905580991519	0.0165924932622	0.533986898737
-ucɨ	0.0229299363057	0.914649681529	0.0624203821656	0.0
-oɨa	0.753846153846	0.215384615385	0.0307692307692	0.0
-baí	0.808080808081	0.040404040404	0.0303030303031	0.121212121212
-uni	0.0364889305266	0.85009131042	0.0583822888426	0.055037470211
-caɨ	0.221452753016	0.141844281369	0.0310255456016	0.605677420013
-una	0.0488667346679	0.383696439523	0.0115636537012	0.555873172108
-üia	0.341365461847	0.127175368139	0.330655957162	0.200803212851
-́ia	0.701030927835	0.177319587629	0.0680412371134	0.0536082474227
-pta	0.0	1.0	0.0	0.0
-pto	0.0293072824156	0.865008880995	0.0683836589698	0.0373001776199
-́io	0.014440433213	0.790613718412	0.00722021660651	0.187725631769
-áɨe	0.0604314111064	0.0889802166474	0.176246318843	0.674342053403
-óua	0.261194029851	0.611940298507	0.0970149253731	0.0298507462686
-ɨbi	0.728838325853	0.199144139443	0.0253974880841	0.0466200466201
-ade	0.457333743567	0.213973138449	0.0920453218384	0.236647796146
-tra	0.0706955530217	0.929304446978	0.0	0.0
-ada	0.548820604744	0.341226010284	0.034698404274	0.075254980698
-ɨba	0.276983901156	0.420728649401	0.0780134328096	0.224274016634
-ado	0.2908762224	0.43513047574	0.0627723693807	0.211220932479
-tro	0.0313643969591	0.154323532724	0.0318391190425	0.782472951275
-ɨbe	0.176160778123	0.678153515075	0.101088041455	0.0445976653476
-gai	0.0578592092575	0.942140790742	0.0	0.0
-adi	0.0	1.0	0.0	0.0
-gau	0.0	1.0	0.0	0.0
-sna	0.217102503146	0.696056495595	0.0286673192561	0.0581736820024
-gar	0.0	0.977186311787	0.0228136882129	0.0
-aat	0.0	1.0	0.0	0.0
-seo	0.0303036093012	0.926476488908	0.0268261459388	0.0163937558515
-sem	0.0	1.0	0.0	0.0
-lao	0.43347639485	0.540772532189	0.00858369098712	0.0171673819742
-bel	0.0437172223263	0.926537038771	0.0108166323282	0.0189291065743
-ino	0.114675307265	0.210510867221	0.0543422722689	0.620471553245
-uaɨ	0.071569456122	0.781415134171	0.0865385959142	0.060476813793
-rza	0.248253627082	0.359269210102	0.286082751209	0.106394411607
-sec	0.0	1.0	0.0	0.0
-ine	0.23372376285	0.066398667005	0.0263695073214	0.673508062823
-́ɨe	0.63	0.03	0.01	0.33
--mo	0.0	0.97250653077	0.0274934692304	0.0
-uim	0.0	1.0	0.0	0.0
-feo	0.172549019608	0.767156862745	0.0377450980392	0.0225490196079
-uia	0.53146530626	0.260586165294	0.0937737869072	0.114174741538
-ɨjɨ	0.263638096794	0.573385625187	0.0988642862979	0.0641119917205
-set	0.0	1.0	0.0	0.0
-ses	0.0530973451328	0.946902654867	0.0	0.0
-ser	0.0	1.0	0.0	0.0
-dɨe	0.00850599000769	0.973264330355	0.0064108303637	0.0118188492739
-fue	0.207470209941	0.422121640112	0.0851924360137	0.285215713934
-dón	0.00461538461539	0.969230769231	0.0	0.0261538461538
--do	0.0377030162413	0.901392111369	0.0609048723898	0.0
-ɨcɨ	0.176682795604	0.699373239079	0.0376905625523	0.086253402764
-ede	0.344197792955	0.286210957287	0.141931628	0.227659621758
-dɨo	0.411782093165	0.354738596665	0.0798643791173	0.153614931052
-cɨa	0.458553836438	0.248095989896	0.0309567413957	0.26239343227
-iai	0.371109485203	0.0764639966185	0.0606799068817	0.491746611297
-edo	0.24647684424	0.336816789885	0.0528360189693	0.363870346906
-dɨi	0.5	0.283018867925	0.188679245283	0.0283018867924
-rso	0.0	1.0	0.0	0.0
-áie	0.0	0.837837837838	0.162162162162	0.0
-neo	0.0	0.959183673469	0.0408163265306	0.0
-ate	0.463923322377	0.336282556859	0.0584682392229	0.141325881541
-áia	0.604472881157	0.300518852784	0.0578311184707	0.0371771475883
-bed	0.300940438871	0.699059561129	0.0	0.0
-ias	0.0666944560234	0.912046686119	0.0162567736556	0.00500208420176
-edu	0.262867913586	0.640990153822	0.0767659193062	0.0193760132864
-ooz	0.0373831775701	0.96261682243	0.0	0.0
-ban	0.0388625592416	0.924170616114	0.0170616113744	0.0199052132701
-bai	0.198796769142	0.495148870222	0.178735746611	0.127318614024
-aré	0.0	1.0	0.0	0.0
-rei	0.419633810455	0.338432777247	0.00899062406348	0.232942788235
-íma	0.495192307692	0.0288461538462	0.0288461538462	0.447115384615
-bas	0.0	1.0	0.0	0.0
-job	0.0408163265306	0.918367346939	0.0408163265306	0.0
-jɨɨ	0.256341733325	0.0836524445453	0.0242089288352	0.635796893295
-ecɨ	0.17647063127	0.285626838084	0.0104088923361	0.52749363831
-que	0.300605245461	0.478816408877	0.162071284465	0.058507061197
-ído	0.338806032502	0.513723524251	0.017128295108	0.130342148139
-asa	0.0	0.936552367623	0.00466526708654	0.0587823652904
-qui	0.0	1.0	0.0	0.0
-ɨɨ́	0.336283185841	0.407079646018	0.0442477876106	0.212389380531
-llɨ	0.445626656998	0.326967546743	0.0984498323537	0.128955963905
-íde	0.639299880375	0.19700308506	0.0277025750803	0.135994459485
-opo	0.0224215246637	0.439461883408	0.0	0.538116591928
-dro	0.0256755716375	0.915312957118	0.00392639926091	0.055085071984
-zor	0.0	1.0	0.0	0.0
-ejɨ	0.65091433696	0.18532381955	0.0	0.16376184349
-dia	0.0	1.0	0.0	0.0
-ras	0.0326223337515	0.967377666248	0.0	0.0
-uíe	0.249160272955	0.229183608528	0.0452568680833	0.476399250433
-rao	0.133631093215	0.750068808594	0.109458915944	0.00684118224651
-ram	0.0	1.0	0.0	0.0
-uía	0.111188811189	0.858741258741	0.0174825174825	0.0125874125874
-ɨɨe	0.215614610966	0.0686166516223	0.0136117405682	0.702156996843
-tɨ́	0.250413896268	0.272074911232	0.0380092521121	0.439501940388
-rai	0.0603013175554	0.78034441693	0.10680327404	0.0525509914747
-era	0.0894856772864	0.477670788954	0.260729641525	0.172113892235
-uío	0.0	0.891402714932	0.0542986425339	0.0542986425339
-ere	0.326859862057	0.121435560018	0.0665426067526	0.485161971173
-raa	0.157725739321	0.238425289048	0.0110878439019	0.592761127729
-oza	0.402585569821	0.383720166797	0.0825032893026	0.131190974079
-pos	0.0	0.885088919289	0.016415868673	0.0984952120383
-ozi	0.490529365385	0.504244824614	0.00522581000054	0.0
-arɨ	0.326830541982	0.314148233802	0.0313327613861	0.32768846283
-azi	0.268156424581	0.709497206704	0.0	0.0223463687151
-aze	0.236435377132	0.65094006202	0.0408435484538	0.0717810123946
-aza	0.352850625103	0.366361097282	0.106677210446	0.174111067169
-lac	0.0	1.0	0.0	0.0
-lam	0.0540540540541	0.945945945946	0.0	0.0
-nor	0.0	1.0	0.0	0.0
-nos	0.0654205607476	0.934579439252	0.0	0.0
-lai	0.153610771114	0.722521419829	0.0697674418604	0.0541003671971
-aam	0.051948051948	0.948051948052	0.0	0.0
-noi	0.0666053838122	0.807140587408	0.0112351899769	0.115018838803
-eón	0.164483477225	0.723355165228	0.0526198273295	0.0595415302173
-las	0.00732421875	0.982421875	0.00732421875	0.0029296875
-noa	0.886211512718	0.0959393128067	0.0133868808568	0.00446229361891
-noc	0.0390697674418	0.918604651163	0.00325581395348	0.0390697674418
-aac	0.0	1.0	0.0	0.0
-aɨɨ	0.0655926352128	0.656693517453	0.173379363253	0.104334484081
-ɨga	0.0545365101616	0.0095253477516	0.0409504513328	0.894987690754
-dos	0.0742347553627	0.330762432715	0.0179963043303	0.577006507592
-gel	0.0320480721081	0.886830245368	0.0	0.0811216825238
-fán	0.0	1.0	0.0	0.0
-afe	0.0362534828993	0.00305930257034	0.000377049101133	0.960310165429
-fás	0.00142857142857	0.975	0.015	0.00857142857141
-doc	0.0	1.0	0.0	0.0
-ges	0.0888888888889	0.866666666667	0.0444444444444	0.0
-fɨe	0.0967741935484	0.903225806452	0.0	0.0
-ión	0.0602766798419	0.930830039526	0.00592885375493	0.00296442687747
-vos	0.072202166065	0.833935018051	0.0505415162455	0.043321299639
-fɨa	0.149025601834	0.66946885747	0.0592281238059	0.12227741689
-íre	0.272727272727	0.0	0.727272727273	0.0
-íri	0.582899747838	0.141131475804	0.0794199502258	0.196548826131
-eɨe	0.127409467231	0.606269354737	0.239777539025	0.0265436390065
-ijɨ	0.0846962616823	0.797167056075	0.0275992990654	0.0905373831775
-rvo	0.521052631579	0.478947368421	0.0	0.0
-oli	0.0	1.0	0.0	0.0
-tos	0.0556183192839	0.108716433475	0.043104197445	0.792561049796
-ibe	0.199279527861	0.312102399019	0.0191614930635	0.469456580057
-sam	0.0	1.0	0.0	0.0
-sal	0.0280999107939	0.939116859947	0.0327832292596	0.0
-loo	0.0726632169988	0.0432676428493	0.884069140152	0.0
-naɨ	0.160637431106	0.0426124658923	0.00978706757883	0.786963035423
-iel	0.0462071877848	0.894383570778	0.0550085568867	0.00440068455094
-ien	0.0161019792016	0.129486749413	0.0	0.854411271385
-naí	0.0	1.0	0.0	0.0
-loc	0.0	1.0	0.0	0.0
-roz	0.193271295633	0.727272727273	0.0526127415891	0.0268432355046
-aní	0.0	1.0	0.0	0.0
-oce	0.00560274310302	0.0367764057282	0.0016808229309	0.955940028238
-iez	0.0145099002165	0.0287072795053	0.0113177221689	0.945465098109
-oca	0.441584618366	0.237426748313	0.0337840256952	0.287204607625
-ámo	0.0	1.0	0.0	0.0
-rom	0.0	1.0	0.0	0.0
-oco	0.220625839453	0.261731244622	0.0774459241883	0.440196991737
-roi	0.288542041765	0.542915696741	0.115141389855	0.053400871639
-goɨ	0.197500261844	0.769681946723	0.0244387808539	0.0083790105785
-ipo	0.0	1.0	0.0	0.0
-ipa	0.0064829821718	0.990275526742	0.0	0.0032414910859
-éra	0.308464849354	0.605451936872	0.0860832137734	0.0
-ipe	0.0154510338559	0.954783003863	0.0	0.0297659622813
-noé	0.0	1.0	0.0	0.0
-écɨ	0.311111111111	0.355555555556	0.0444444444445	0.288888888889
-rdo	0.0	0.657701711491	0.342298288509	0.0
-moɨ	0.204356034276	0.107164617349	0.0305626783857	0.657916669989
-aie	0.343099515255	0.1874821785	0.0670088394639	0.402409466781
-coɨ	0.445406699835	0.208256608651	0.0387223569822	0.307614334531
-ahí	0.234734595078	0.159337796954	0.199220355431	0.406707252536
-jua	0.228571428571	0.6	0.12380952381	0.047619047619
-acɨ	0.135318799455	0.322261908449	0.041014633546	0.50140465855
-tɨɨ	0.311258278146	0.223509933775	0.367549668874	0.0976821192053
-ɨɨɨ	0.0	0.421404682274	0.538461538462	0.0401337792642
-saú	0.073754789272	0.854406130268	0.0	0.0718390804598
-sto	0.0249360625607	0.905499966004	0.00240875828684	0.0671552131489
-uém	0.0	1.0	0.0	0.0
-sta	0.00609751671373	0.978223154594	0.00348429526498	0.0121950334275
-saí	0.0	1.0	0.0	0.0
-loí	0.0	0.980392156863	0.0	0.0196078431373
-ona	0.202225661581	0.340329057253	0.0683230698049	0.389122211361
-cui	0.116883116883	0.750360750361	0.132756132756	0.0
-loé	0.163532297629	0.77105478332	0.0163532297629	0.0490596892886
-cue	0.276071814044	0.122854495596	0.0328558864113	0.568217803949
-ián	0.0652173913044	0.880434782609	0.0543478260869	0.0
-cua	0.202072884546	0.679819379219	0.0143107354301	0.103797000805
-jɨa	0.980392156863	0.0196078431372	0.0	0.0
-apu	0.423868312757	0.351165980795	0.142661179698	0.082304526749
-isa	0.0	1.0	0.0	0.0
-lli	0.161401098901	0.43853021978	0.364010989011	0.0360576923077
-ibi	0.559241706161	0.440758293839	0.0	0.0
-mue	0.0377957130743	0.0268883235371	0.866523379244	0.0687925841448
-eñe	0.199496434229	0.108315060628	0.244416161141	0.447772344002
-rac	0.0	1.0	0.0	0.0
-ódo	0.093779383382	0.365813826892	0.010392438264	0.530014351462
-ɨze	0.184372256365	0.716125256073	0.0995024875622	0.0
-lem	0.0	1.0	0.0	0.0
-len	0.150753768844	0.788944723618	0.0	0.0603015075377
-lea	0.00596880816379	0.970155959181	0.010268917271	0.0136063153841
-mui	0.0427698547432	0.559880315912	0.00572598554234	0.391623843802
-itó	0.0320911143168	0.916910104791	0.00184016219716	0.0491586186954
-leg	0.0	1.0	0.0	0.0
-ɨrɨ	0.351907287034	0.538758695404	0.0727349184628	0.0365990990991
-gón	0.00673400673399	0.983164983165	0.0	0.010101010101
-oia	0.521920800731	0.322381538706	0.0517138658299	0.103983794733
-les	0.0340952290439	0.871103402395	0.0	0.0948013685611
-jaɨ	0.0364967119522	0.947032087879	0.00346762108809	0.0130035790803
-itá	0.431951089846	0.44976076555	0.0810738968634	0.0372142477405
-eel	0.0	1.0	0.0	0.0
-rra	0.0763005780347	0.913680154143	0.00847784200385	0.00154142581888
-ife	0.118483412322	0.647111566543	0.0333034456257	0.201101575509
-eza	0.400993574232	0.304998579536	0.0911100371933	0.202897809039
-rro	0.00419562082078	0.972204012062	0.0	0.0236003671169
-zaɨ	0.0785968836277	0.841939355352	0.072528741877	0.00693501914363
-ifo	0.0823031198147	0.250351001951	0.0363537734989	0.630992104735
-gio	0.0712290502793	0.912011173184	0.0167597765363	0.0
-udá	0.0	1.0	0.0	0.0
-ndo	0.140929535232	0.842203898051	0.0	0.0168665667166
-nɨ́	0.19465648855	0.503816793893	0.301526717557	0.0
-gia	0.0	0.927536231884	0.072463768116	0.0
-áno	0.571760797342	0.33853820598	0.021926910299	0.0677740863787
-uva	0.141809290954	0.858190709046	0.0	0.0
-osé	0.0710777748013	0.928386463077	0.000535762121619	0.0
-ude	0.816400580552	0.129172714078	0.0	0.0544267053701
-obe	0.143013100437	0.788365564566	0.0436681222707	0.0249532127262
-oɨe	0.182170542636	0.573643410853	0.0	0.244186046512
-ína	0.235114503817	0.453435114504	0.018320610687	0.293129770992
-abé	0.0224887556222	0.95952023988	0.00449775112444	0.0134932533733
-zói	0.221701989098	0.0284301503775	0.00906735663516	0.740800503889
-cho	0.031594032962	0.0388248322585	0.0843593251254	0.845221809654
-ros	0.02898690758	0.920769119281	0.0135272235374	0.0367167496014
-zoi	0.299645376129	0.0934052540947	0.0517389150554	0.555210454721
-elo	0.0363636363636	0.963636363636	0.0	0.0
-ogo	0.327789595823	0.417714175208	0.0	0.254496228969
-oga	0.218418134434	0.285253100844	0.0382581087283	0.458070655994
-aén	0.078431372549	0.882352941176	0.0392156862745	0.0
-atɨ	0.59141376758	0.0155440414508	0.0	0.39304219097
-rɨa	0.15563479682	0.810935294555	0.0156006240249	0.0178292845999
-itu	0.795918367347	0.163265306123	0.0	0.0408163265306
-ɨɨé	0.275862068966	0.439655172414	0.284482758621	0.0
-odɨ	0.405405405405	0.416461916462	0.104422604423	0.0737100737101
-ito	0.0399182385926	0.862632173523	0.0307507588436	0.0666988290409
-ɨgɨ	0.161261573501	0.641679457345	0.0163390602565	0.180719908897
-tes	0.0	0.967799642218	0.0322003577818	0.0
-eso	0.0	1.0	0.0	0.0
-lás	0.0458015267176	0.954198473282	0.0	0.0
-esa	0.0	1.0	0.0	0.0
-ite	0.30937554534	0.120754493818	0.0374799406707	0.532390020172
-xna	0.456464003198	0.429591341349	0.053973784162	0.0599708712911
-ita	0.334019526827	0.133799249205	0.0281718885143	0.504009335453
-faa	0.255555555556	0.311111111111	0.3	0.133333333333
-ajɨ	0.33177268689	0.499900276119	0.0757099905191	0.0926170464719
-spe	0.106275303644	0.738107287449	0.132844129555	0.0227732793522
-udu	0.0126547821154	0.975017714617	0.0097092724851	0.0026182307825
-fté	0.0	1.0	0.0	0.0
-fai	0.0674237047552	0.861130825645	0.0657676839366	0.00567778566359
-ɨdɨ	0.166666666667	0.419769503546	0.0540780141844	0.359485815603
-spo	0.0	1.0	0.0	0.0
-fas	0.127617148554	0.806580259222	0.011964107677	0.0538384845463
-alí	0.0	1.0	0.0	0.0
-ɨoi	0.529411764706	0.186274509804	0.186274509804	0.0980392156863
-eze	0.310161789275	0.166934508497	0.0580981522684	0.464805549959
-bre	0.116182572614	0.651452282158	0.207468879668	0.0248962655602
-rio	0.0956689585967	0.874821605927	0.0281286463833	0.00138078909315
-ezi	0.164073348575	0.372455741115	0.428623473445	0.0348474368654
-udo	0.311993116744	0.300892046243	0.0430886332959	0.344026203716
-hum	0.0	1.0	0.0	0.0
-món	0.0110664911678	0.981891196271	0.00201208930323	0.00503022325807
-gua	0.0966542750929	0.832300702189	0.0536968194961	0.0173482032218
-ɨdo	0.213128224311	0.413299057064	0.0669796809246	0.3065930377
-abe	0.209918123709	0.535172906818	0.0670751251471	0.187833844326
-ela	0.204606525912	0.775239923225	0.0	0.0201535508637
-aba	0.225	0.6625	0.065625	0.046875
-nja	0.326203208556	0.342245989305	0.0855614973262	0.245989304813
-ojɨ	0.0558312655086	0.906947890819	0.0372208436724	0.0
-abo	0.10245017817	0.165971657492	0.366774180036	0.364803984302
-lot	0.102853443832	0.71949060773	0.177655948437	0.0
-ɨda	0.677393108814	0.179734029281	0.047841254442	0.095031607463
-tua	0.407989964296	0.367750651356	0.110778732027	0.113480652321
-nco	0.0108062294735	0.00953490835893	0.00635660557263	0.973302256595
-tue	0.223529411765	0.341176470588	0.388235294118	0.0470588235294
-nce	0.00532552256691	0.333643988816	0.0359472773266	0.62508321129
-igɨ	0.0921535893155	0.711519198664	0.0	0.19632721202
-ael	0.0169795016614	0.95097681131	0.00449876617996	0.0275449208484
-los	0.0525529678599	0.878851579355	0.0	0.0685954527854
-ufo	0.0	0.978221415608	0.021778584392	0.0
-ori	0.285911432983	0.359324853973	0.0978989181108	0.256864794933
-oro	0.0300660049378	0.771802287499	0.193335012848	0.00479669471457
-jón	0.53247734139	0.46752265861	0.0	0.0
-elí	0.00711743772242	0.978647686833	0.0	0.0142348754448
-ómo	0.179856115108	0.772182254197	0.0287769784173	0.0191846522782
-ora	0.251887271831	0.521803224379	0.0603912326028	0.165918271187
-ore	0.590325051055	0.324370319946	0.0563733832539	0.0289312457454
-ruz	0.426716141002	0.294990723562	0.0834879406308	0.194805194805
-irɨ	0.350834789722	0.0979994794184	0.391086899937	0.160078830922
-jeo	0.0	0.88	0.12	0.0
-rut	0.0	1.0	0.0	0.0
-lis	0.0350364963504	0.833576642336	0.0	0.131386861314
-ico	0.185333699266	0.699951181955	0.0528983588879	0.0618167598905
-lim	0.0	1.0	0.0	0.0
-rui	0.196712181325	0.312858123778	0.0411225349883	0.449307159908
-omo	0.183930787402	0.295374263669	0.0506112594466	0.470083689483
-ruo	0.549180327869	0.0	0.199795081967	0.251024590164
-sué	0.0190839694657	0.955470737913	0.0190839694657	0.00636132315524
-lie	0.359751149581	0.640248850419	0.0	0.0
-oma	0.0373304542526	0.789124106768	0.0658086500518	0.107736788927
-rua	0.530850181152	0.417860663764	0.0317958106685	0.0194933444153
-ɨde	0.424470544889	0.058270963358	0.00550841165183	0.511750080101
-émo	0.340909090909	0.613636363636	0.0454545454545	0.0
-rue	0.0352046304692	0.74313700638	0.114110776371	0.107547586781
-édo	0.197158081705	0.802841918295	0.0	0.0
-eas	0.0479683972912	0.810948081264	0.0	0.141083521445
-afo	0.0481254548442	0.888724558067	0.059159095711	0.00399089137733
-lna	0.249427409262	0.636132665832	0.0252972465582	0.0891426783479
-mɨɨ	0.220985691574	0.674085850556	0.0476947535771	0.0572337042925
-oda	0.373296819025	0.439454508576	0.0435190592128	0.143729613186
-ode	0.591226437399	0.165904448048	0.0400464354476	0.202822679105
-rna	0.0	1.0	0.0	0.0
-rno	0.0111181284703	0.902844661983	0.0629457119549	0.0230914975922
-óɨe	0.273750270504	0.495347327418	0.0238043713482	0.207098030729
-rni	0.0	1.0	0.0	0.0
-odo	0.195201106702	0.252514568555	0.0314991165662	0.520785208176
-zer	0.0	1.0	0.0	0.0
-uri	0.190495368506	0.765203383004	0.036246476037	0.00805477245268
-ɨnɨ	0.0693369534401	0.638786753706	0.0600138201489	0.231862472705
-uro	0.141935483871	0.645161290322	0.212903225807	0.0
-ura	0.0985626283368	0.870636550308	0.0123203285421	0.0184804928131
-ehe	0.433333333333	0.566666666667	0.0	0.0
-ure	0.314317597728	0.229609089679	0.211923441093	0.2441498715
-nɨɨ	0.125714878552	0.209568025314	0.0685245944158	0.596192501718
-uru	0.03125	0.93125	0.0375	0.0
-nio	0.0390455531453	0.960954446855	0.0	0.0
-pan	0.0494398265269	0.924611492591	0.013516443802	0.0124322370799
-jii	0.060636454819	0.294702288684	0.0273547916476	0.617306464849
-ave	0.0	1.0	0.0	0.0
-dua	0.39924107503	0.442553436732	0.0601898716158	0.0980156166221
-due	0.118038588765	0.10607385958	0.220563247167	0.555324304487
-aín	0.0100250626566	0.984962406015	0.00501253132832	0.0
-aía	0.285930408472	0.573373676248	0.0499243570348	0.090771558245
-pas	0.0599536721624	0.940046327838	0.0	0.0
-fat	0.0	1.0	0.0	0.0
-nue	0.933847850055	0.0661521499448	0.0	0.0
-icó	0.0	1.0	0.0	0.0
-sur	0.0	0.97353608334	0.0	0.0264639166597
-nua	0.535896274468	0.273589245562	0.0270041961345	0.163510283836
-amo	0.147266770818	0.534544678597	0.0683566945608	0.249831856024
-omé	0.0	1.0	0.0	0.0
-agɨ	0.0	0.47598989048	0.507160909857	0.016849199663
-ruí	0.226815642458	0.301675977654	0.245810055866	0.225698324022
-die	0.270440251572	0.440251572327	0.0251572327044	0.264150943396
-zín	0.0	0.923747276688	0.0326797385621	0.0435729847495
-fes	0.0737100737099	0.92628992629	0.0	0.0
-dio	0.0525290881652	0.931648897327	0.00316440290152	0.0126576116061
-onɨ	0.0263157894737	0.967105263158	0.0	0.00657894736842
-zíe	0.0933960247916	0.781577260098	0.0480871981192	0.0769395169908
-ría	0.00412891386627	0.903199908246	0.0106663608212	0.0820048170662
-daɨ	0.103413766263	0.865228511064	0.0	0.0313577226732
-dis	0.0	1.0	0.0	0.0
-anɨ	0.256504900142	0.0932440383835	0.157211537133	0.493039524342
-azɨ	0.143668831169	0.742694805195	0.113636363636	0.0
-sli	0.0	1.0	0.0	0.0
-sús	0.0252383991503	0.580023385711	0.00258547197675	0.392152743162
-lɨo	0.172052799272	0.601729631315	0.101957214383	0.12426035503
-one	0.814497860559	0.0641832368488	0.0	0.121318902592
-nno	0.03125	0.9375	0.03125	0.0
-lɨi	0.0	0.340400471142	0.282685512367	0.37691401649
-tɨi	0.0	0.981595092025	0.0184049079755	0.0
-lɨe	0.0787135774526	0.906493564273	0.00233571446446	0.0124571438105
-iñɨ	0.412379110251	0.527272727273	0.0603481624758	0.0
-lɨa	0.407407407407	0.472222222222	0.0833333333333	0.037037037037
-úmo	0.106266031513	0.864174911445	0.0185660192989	0.0109930377428
-efe	0.0	0.867069486405	0.132930513595	0.0
-efo	0.246169660942	0.666250748146	0.0546780689207	0.0329015219913
-dna	0.372093023256	0.612403100775	0.015503875969	0.0
-uño	0.0	1.0	0.0	0.0
-eta	0.332731020074	0.436545357012	0.0556198650442	0.17510375787
-aia	0.498369782512	0.262497453964	0.0775141635046	0.16161860002
-aio	0.0387941999491	0.913508013228	0.0286186720936	0.0190791147291
-tio	0.283636363636	0.454545454545	0.130909090909	0.130909090909
-lón	0.0	1.0	0.0	0.0
-ngo	0.0698386043935	0.383628844094	0.0431950259227	0.50333752559
-eme	0.659858601728	0.340141398272	0.0	0.0
-ema	0.159090909091	0.704545454545	0.0454545454545	0.0909090909091
-emo	0.13552194926	0.223481529006	0.0263623494513	0.614634172282
-ɨru	0.151402333085	0.811367585009	0.0	0.0372300819062
-ɨri	0.175979674828	0.454082010248	0.0503584208292	0.319579894094
-jae	0.592194477865	0.0363277273013	0.013866381165	0.357611413668
-lix	0.130909090909	0.836363636364	0.00727272727273	0.0254545454545
-das	0.0396136050004	0.90169656628	0.000974105040994	0.0577157236789
-ɨre	0.207941427026	0.154778894395	0.106029046518	0.531250632061
-jai	0.657006151844	0.27140942593	0.00384097655027	0.0677434456756
-cio	0.00530443678249	0.960343020245	0.0343525429723	0.0
-mdo	0.654109589041	0.320205479452	0.0256849315069	0.0
-ana	0.208763650422	0.246429131311	0.0496933650752	0.495113853192
-cia	0.0245928880027	0.944167497507	0.0252575606514	0.00598205383847
-zai	0.591342046814	0.251388177003	0.029899196993	0.12737057919
-xto	0.0689655172414	0.0804597701149	0.850574712644	0.0
-tór	0.0343249427918	0.862700228833	0.0686498855835	0.0343249427918
-zar	0.0	1.0	0.0	0.0
-egɨ	0.0511322132944	0.643535427319	0.305332359386	0.0
-cis	0.0	0.908396946565	0.0916030534352	0.0
-ane	0.0718791040764	0.0521817476616	0.0766386538276	0.799300494434
-blo	0.0452580824865	0.765814395759	0.00253568204084	0.186391839714
-ócɨ	0.0967741935484	0.870967741935	0.0322580645161	0.0
-eda	0.430730536667	0.390844130018	0.0351040343701	0.143321298945
-rce	0.0	0.0	0.0	1.0
-ete	0.344589807234	0.126189072192	0.0193131379621	0.509907982611
-xmo	0.0833333333333	0.611111111111	0.0	0.305555555556
-ínɨ	0.685039370079	0.299212598425	0.0	0.015748031496
-eto	0.0334060539951	0.933869648214	0.0327242977911	0.0
-rco	0.0265046935395	0.966869133076	0.00662617338488	0.0
-dɨa	0.131932021467	0.353756708408	0.333184257603	0.181127012522
-uya	0.0922693266833	0.907730673317	0.0	0.0
-ías	0.0252021313803	0.939514884687	0.00554446890365	0.0297385150287
-fua	0.299319727891	0.0816326530612	0.537414965986	0.0816326530612
-gad	0.0	1.0	0.0	0.0
-ebú	0.225120109815	0.766643788607	0.0	0.00823610157858
-lio	0.154138398914	0.782903663501	0.0195386702849	0.0434192672999
-dab	0.0	1.0	0.0	0.0
-ata	0.372591739772	0.560882777408	0.0357417827433	0.0307837000762
-ato	0.106373522178	0.770067261252	0.0603474670855	0.0632117494839
-nis	0.0	1.0	0.0	0.0
-osa	0.0	1.0	0.0	0.0
-ulo	0.0421399462412	0.879823116275	0.000624295499869	0.0774126419838
-rɨɨ	0.577464788732	0.422535211268	0.0	0.0
-oso	0.0	0.859375	0.140625	0.0
-nes	0.0537331021954	0.879858768202	0.00465477543941	0.0617533541629
-lén	0.00312066574202	0.939667128988	0.0301664355062	0.0270457697642
-nia	0.30067553499	0.341348173325	0.0565305116464	0.301445780039
-ena	0.270892144049	0.227297396082	0.0624856587738	0.439324801095
-ɨgo	0.185577931944	0.049054125766	0.114493550802	0.650874391488
-aca	0.3166726488	0.11654776484	0.0201266637668	0.546652922593
-aco	0.100614081419	0.843531075202	0.018724669661	0.0371301737176
-ope	0.0	1.0	0.0	0.0
-oía	0.438655761024	0.225284495021	0.133357041252	0.202702702703
-fui	0.484981684982	0.18021978022	0.106227106227	0.228571428571
-ice	0.0353654429101	0.935373863254	0.0204193331088	0.00884136072753
-aji	0.424491594384	0.338989194049	0.181112504842	0.0554067067256
-cía	0.104166666667	0.826388888889	0.0	0.0694444444445
-ogɨ	0.166414523449	0.579425113465	0.217851739788	0.036308623298
-aje	0.0146840706375	0.00795225185319	0.0352038164145	0.942159861095
-faɨ	0.0981090288212	0.625790713007	0.0180952266438	0.258005031528
-aja	0.465474828554	0.357554760399	0.0820698419392	0.0949005691077
-rug	0.0	1.0	0.0	0.0
-nón	0.0	1.0	0.0	0.0
-óna	0.0907981875218	0.827291739282	0.0400836528407	0.0418264203555
-ica	0.272047954639	0.126299437311	0.0104793484827	0.591173259568
-fil	0.0	0.894273127753	0.105726872247	0.0
-ezɨ	0.388566694283	0.611433305717	0.0	0.0
-fia	0.110520233688	0.14151964366	0.017586203734	0.730373918918
-ldo	0.862068965517	0.137931034483	0.0	0.0
-ɨui	0.0374538666861	0.959992460585	0.0	0.00255367272861
-uoɨ	0.129032258064	0.311827956989	0.0	0.559139784946
-éna	0.417833666762	0.482137753644	0.0943126607602	0.00571591883395
-lda	0.0118389897395	0.688239936859	0.299921073402	0.0
-vid	0.0250478992591	0.93794952229	0.00925064461276	0.0277519338383
-fre	0.884003741815	0.115996258185	0.0	0.0
-etá	0.500562429696	0.114735658043	0.0337457817773	0.350956130484
-lia	0.0082940457482	0.975990920203	0.0157150340492	0.0
-ila	0.0412583806086	0.949458483755	0.00309437854564	0.00618875709128
-ilo	0.0	0.91802563879	0.0819743612104	0.0
-oji	0.119760479042	0.640718562874	0.239520958084	0.0
-abɨ	0.0846307933389	0.449126936466	0.0127987831506	0.453443487044
-ebi	0.593091365514	0.320145389885	0.0483238324355	0.0384394121646
-oam	0.0	1.0	0.0	0.0
-oal	0.323416506718	0.604606525912	0.0575815738962	0.0143953934741
-mín	0.0	1.0	0.0	0.0
-ina	0.222456697884	0.482501906183	0.096316929811	0.198724466122
-eba	0.123076923077	0.0461538461538	0.0538461538461	0.776923076923
-igo	0.053430316092	0.933548850575	0.00269396551725	0.0103268678161
-ebe	0.358389042883	0.39377140062	0.0733735529105	0.174466003587
-lmo	0.227540303856	0.503384257457	0.0270881314114	0.241987307276
-iga	0.455794863381	0.182544053035	0.123441629222	0.238219454362
-ome	0.153234249003	0.374505834812	0.0758562945711	0.396403621615
-sía	0.211656441718	0.51226993865	0.193251533742	0.0828220858896
-atá	0.505050505051	0.368561649553	0.0479171884131	0.078470656983
-ama	0.113045575057	0.238037036472	0.131548427289	0.517368961182
-íta	0.212177121771	0.60332103321	0.129151291513	0.0553505535055
-ame	0.40573372206	0.389941690962	0.0619533527697	0.142371234208
-iro	0.19029507862	0.665290702763	0.0943106566702	0.0501035619475
-iri	0.405803365297	0.226306390123	0.0736030164444	0.294287228136
-gao	0.292338470809	0.474711503634	0.189214348822	0.0437356767351
-eia	0.369443451317	0.396972947205	0.139832360068	0.0937512414095
-ire	0.274444887692	0.133346081107	0.0486620870303	0.543546944171
-usa	0.0816326530612	0.918367346939	0.0	0.0
-ira	0.168875040423	0.0450718303563	0.00215718593764	0.783895943283
-tat	0.0	1.0	0.0	0.0
-agé	0.112676056338	0.887323943662	0.0	0.0
-bɨ́	0.375228165353	0.163930095222	0.086137718629	0.374704020796
-icɨ	0.133479389808	0.677661473548	0.116794466082	0.0720646705615
-iru	0.0915750915751	0.592843054382	0.298675683291	0.0169061707524
-eis	0.0258732212161	0.0396722725312	0.0287480235734	0.905706482679
-ñua	0.33663068088	0.446463449	0.114875960782	0.102029909339
-uza	0.0	1.0	0.0	0.0
-mɨe	0.186994038962	0.224961664084	0.0604094110262	0.527634885927
-ñue	0.219003951821	0.0271230640928	0.0726808389983	0.681192145088
-zmo	0.261212269339	0.539838689967	0.0109984113406	0.187950629353
-ize	0.168554546765	0.41420954028	0.128116443292	0.289119469664
-cer	0.0	0.636363636364	0.363636363636	0.0
-ceo	0.0342205323194	0.942965779468	0.0228136882129	0.0
-aná	0.0240668422487	0.923712650985	0.0195259286168	0.0326945781491
-ɨnó	0.169150186953	0.177156560561	0.0864386237256	0.567254628761
-bén	0.0	1.0	0.0	0.0
-eaɨ	0.533903481979	0.441661576054	0.024434941967	0.0
-izɨ	0.122952176072	0.834436538143	0.0215124937945	0.0210987919907
-ɨoɨ	0.379094768754	0.162087602003	0.0476536050977	0.411164024145
-cea	0.0	1.0	0.0	0.0
-iza	0.225833546386	0.377615517036	0.121141961105	0.275408975473
-óia	0.268378063011	0.381563593932	0.0700116686114	0.280046674446
-ɨno	0.248313306537	0.391684848561	0.152416533025	0.207585311877
