-imu	0.413747643521	0.348566357168	0.0657660009789	0.171919998332
-can	0.181887494472	0.774882203144	0.0168117842602	0.0264185181232
-aja	0.283220756333	0.240287524384	0.0504283374254	0.426063381858
-cas	0.0	0.904077669903	0.0260194174757	0.0699029126213
-car	0.0470718942783	0.946788293425	0.00613981229716	0.0
-eun	0.285294017036	0.606951048473	0.0862039475934	0.0215509868984
-ive	0.355260051932	0.644739948068	0.0	0.0
-rbe	0.0872727272727	0.890909090909	0.0218181818182	0.0
-aan	0.330035216621	0.393129632835	0.0410568803379	0.235778270206
-caz	0.0	1.0	0.0	0.0
-ion	0.105333146697	0.830977043673	0.0465425531915	0.017147256439
-aur	0.104121475054	0.53579175705	0.273318872017	0.0867678958785
-oya	0.0686048572948	0.709306860486	0.186988122673	0.0351001595462
-dío	0.0482859226521	0.73737881251	0.112267998246	0.102067266592
-áwa	0.456688596491	0.510416666667	0.0	0.0328947368421
-nso	0.0275496878298	0.641854058212	0.182829746507	0.147766507451
-aug	0.373848987109	0.529465930018	0.0414364640884	0.0552486187845
-auk	0.281034420402	0.401819079097	0.088527271603	0.228619228898
-ufo	0.0	1.0	0.0	0.0
-aum	0.550607717212	0.336128655591	0.0301470197973	0.0831166073988
-aun	0.335072531405	0.283415485005	0.119513756418	0.261998227172
-nti	0.139474657788	0.670921198668	0.0369959304476	0.152608213097
-pur	0.112359707118	0.570897108103	0.0236521084862	0.293091076293
-nta	0.140285601264	0.391608318335	0.0552879205842	0.412818159817
-waj	0.654705646776	0.180696836203	0.0335602723268	0.131037244694
-uak	0.446207157149	0.121224738897	0.0601182874747	0.372449816479
-uaj	0.588899148456	0.263157894737	0.0344721452754	0.113470811532
-uam	0.437491518016	0.324796447649	0.0565716528489	0.181140381486
-kia	0.174858807272	0.206769141698	0.0805596507746	0.537812400255
-uan	0.113054427606	0.802268602099	0.00693475187758	0.0777422184172
-uap	0.331746097442	0.535510312701	0.00474084249491	0.128002747363
-uas	0.328348062542	0.599818717426	0.0147292091548	0.057104010877
-uar	0.0534328636456	0.268042815486	0.00376974510063	0.674754575768
-pua	0.355334538879	0.451627486438	0.0452079566004	0.147830018083
-aju	0.460730770586	0.324689052535	0.186039956309	0.0285402205701
-nts	0.0469151102062	0.925688235815	0.00747986191024	0.0199167920687
-ntu	0.246700531264	0.381644980804	0.0522935766459	0.319360911287
-pui	0.412579218113	0.486956895671	0.00903046168234	0.0914334245339
-puk	0.583254043768	0.339105613701	0.0627973358706	0.0148430066603
-pra	0.08600130086	0.694297896943	0.187902001879	0.031798800318
-nme	0.437067112491	0.364700262718	0.148077382374	0.050155242417
-pre	0.0200333889816	0.979966611018	0.0	0.0
-nma	0.493706293706	0.275772614482	0.0823144597339	0.148206632078
-ósa	0.0	1.0	0.0	0.0
-arí	0.287547061969	0.256792285339	0.0370059581131	0.418654694579
-más	0.0	0.968533433227	0.0112380595617	0.0202285072111
-aré	0.0	1.0	0.0	0.0
-nmi	0.771615008157	0.195758564437	0.0326264274062	0.0
-sme	0.50723992547	0.367115412743	0.0469625380756	0.0786821237115
-opo	0.0	0.901129943503	0.0859739621715	0.0128960943257
-sma	0.249172718081	0.549751815424	0.162468976928	0.0386064895671
-mán	0.0420168067227	0.901960784314	0.0560224089636	0.0
-kii	0.349541930937	0.286645525018	0.0713530655391	0.292459478506
-smi	0.497033972154	0.326250153304	0.048979802609	0.127736071933
-gke	0.207025531881	0.181759208235	0.0174824061016	0.593732853783
-dea	0.0101073122036	0.968180683803	0.00524082855004	0.016471175443
-msa	0.204958035273	0.497472662528	0.0467504910766	0.250818811122
-dec	0.0475073313783	0.948973607038	0.0	0.00351906158357
-gka	0.210446468285	0.32229657692	0.0574949776023	0.409761977194
-das	0.0736255075471	0.890260083602	0.00119716272434	0.0349172461267
-gki	0.197877210791	0.217650612546	0.0249914595443	0.559480717119
-deo	0.00137665198238	0.992015418502	0.0	0.00660792951541
-ima	0.292228699317	0.102162571295	0.0601454529128	0.545463276475
-des	0.0491841365095	0.890247700209	0.0370981853772	0.0234699779042
-ime	0.692047377327	0.135363790186	0.172588832487	0.0
-aka	0.233241028378	0.140150077294	0.0294859662817	0.597122928047
-imi	0.447298595461	0.409546487724	0.0374710626533	0.105683854162
-oka	0.178717372275	0.530703694462	0.0220200334075	0.268558899855
-imo	0.00671922594517	0.870811682494	0.0237412650063	0.0987278265543
-lla	0.0162586938849	0.67708427423	0.295817902629	0.0108391292566
-ech	0.381408065618	0.105946684894	0.232399179768	0.28024606972
-obo	0.0982735723771	0.85192563081	0.00597609561752	0.0438247011952
-rpo	0.0	0.968586387435	0.0314136125655	0.0
-aúm	0.155241935484	0.639112903226	0.0	0.20564516129
-rpa	0.425503332946	0.326300613479	0.107832950518	0.140363103057
-llo	0.129594028982	0.779094589621	0.0158177196121	0.075493661785
-ida	0.0	1.0	0.0	0.0
-bia	0.0	0.992076069731	0.0	0.00792393026941
-ivo	0.0442708333333	0.916666666667	0.0	0.0390625
-eja	0.0851740921003	0.858016050006	0.00447642146729	0.0523334364267
-ter	0.0278293135436	0.922077922078	0.0500927643785	0.0
-uta	0.249806670856	0.435889395408	0.0687205718363	0.2455833619
-eje	0.069530667991	0.887260988329	0.0357586292525	0.00744971442761
-ria	0.248559739422	0.65619968328	0.041239927179	0.0540006501193
-rin	0.202937463637	0.548478891625	0.0507152054451	0.197868439293
-rio	0.0230490615739	0.944023707606	0.00823180770497	0.0246954231149
-rim	0.232472075023	0.678443341524	0.0476947164801	0.0413898669728
-rij	0.644772117962	0.167560321716	0.167560321716	0.0201072386059
-rik	0.275319153387	0.243642645831	0.0664639216773	0.414574279105
-eru	0.273526280572	0.437114474482	0.0602498026252	0.229109442321
-mji	0.385392826234	0.298270630265	0.0763749130864	0.239961630414
-eká	0.469545646364	0.100998733999	0.00422000281333	0.425235616824
-rir	0.962837837838	0.0	0.0	0.0371621621622
-ris	0.0	1.0	0.0	0.0
-rip	0.0567107750473	0.943289224953	0.0	0.0
-utu	0.4125125331	0.171966989742	0.0106049309715	0.404915546186
-mja	0.379007555646	0.467837451501	0.0796405962834	0.0735143965693
-tek	0.249575771742	0.0343468084428	0.034746273629	0.681331146186
-sia	0.286649244404	0.59938643336	0.0784001817975	0.0355641404386
-ten	0.114936496274	0.679332423638	0.167943738847	0.0377873412407
-teo	0.00796317033718	0.973373149185	0.00671892497201	0.0119447555058
-lux	0.201321548099	0.690551789239	0.108126662662	0.0
-ara	0.186073392139	0.42966055904	0.0908114308014	0.29345461802
-mes	0.0	1.0	0.0	0.0
-jii	0.103389783312	0.849585327028	0.0251774020634	0.0218474875969
-jig	0.707580236652	0.236667738318	0.0557520250296	0.0
-aro	0.0902929350948	0.815048822516	0.0344629523263	0.0601952900632
-ari	0.237203142322	0.469364365643	0.0158724503248	0.27756004171
-rón	0.045845543057	0.847339067965	0.09547216183	0.0113432271481
-jia	0.41603388801	0.323823189812	0.0690774782271	0.191065443951
-mee	0.0401069518717	0.929812834225	0.0200534759358	0.0100267379679
-aru	0.422633226348	0.300908434999	0.0800955236786	0.196362814974
-etá	0.656455142232	0.179720684773	0.00337881323208	0.160445359763
-mea	0.348134038886	0.374517329436	0.06435918284	0.212989448838
-mec	0.0	1.0	0.0	0.0
-mem	0.523076923077	0.411188811189	0.0657342657342	0.0
-raj	0.440033407448	0.274373218512	0.136110719268	0.149482654773
-meo	0.0	1.0	0.0	0.0
-men	0.198959425871	0.471931809575	0.0323475343167	0.296761230237
-mei	0.0	1.0	0.0	0.0
-oni	0.0	0.864864864865	0.0	0.135135135135
-mek	0.341545907754	0.217752446254	0.0645160121405	0.376185633852
-rak	0.296535321047	0.430716968424	0.0773543367925	0.195393373736
-bán	0.191741025109	0.462544096286	0.293421871758	0.0522930068479
-aya	0.0965019896787	0.73930194372	0.0469168962716	0.11727917033
-eea	0.121739130435	0.772173913043	0.106086956522	0.0
-ayo	0.0	1.0	0.0	0.0
-ayi	0.322319722633	0.294637388281	0.0640082432257	0.31903464586
-ayu	0.422788156943	0.164251328228	0.016213115163	0.396747399666
-era	0.149291195691	0.404091383267	0.174050453817	0.272566967225
-ayá	0.125252525253	0.674747474747	0.0484848484848	0.151515151515
-bás	0.0150462962963	0.974537037037	0.00231481481481	0.00810185185186
-éta	0.17371163868	0.73943254198	0.0868558193399	0.0
-sri	0.0418527208053	0.835540755317	0.0466207522894	0.0759857715886
-aón	0.0742857142857	0.857142857143	0.0685714285714	0.0
-nui	0.107979842969	0.026104432776	0.0046187762206	0.861296948034
-dán	0.085063495263	0.719209836726	0.0108849022375	0.184841765773
-xad	0.0	1.0	0.0	0.0
-ken	0.287645934856	0.574937833941	0.0352829427663	0.102133288436
-bpa	0.0	1.0	0.0	0.0
-xai	0.401174168297	0.499021526419	0.0352250489237	0.0645792563601
-sru	0.349693251534	0.4	0.0274028629857	0.22290388548
-suu	0.0	0.618357487923	0.0858829844337	0.295759527644
-xan	0.426136363636	0.426136363636	0.0795454545454	0.0681818181818
-umu	0.167779334881	0.696114883209	0.119816526096	0.0162892558137
-ota	0.00410621407063	0.991787571859	0.00410621407062	0.0
-tán	0.00496894409938	0.995031055901	0.0	0.0
-ote	0.0278145080845	0.889892949744	0.0581469010031	0.0241456411684
-oti	0.338403041825	0.493210211841	0.097772949484	0.0706137968495
-ume	0.430846776157	0.282217814283	0.0818647177757	0.205070691784
-iju	0.223276721966	0.263152299454	0.0137809743805	0.4997900042
-uma	0.0899535667596	0.0370520753363	0.00840255058428	0.86459180732
-eví	0.0174449031808	0.953189509798	0.0215153805896	0.00785020643136
-umi	0.121021196813	0.199759475239	0.0152526972376	0.66396663071
-jra	0.582723279649	0.322596388482	0.0	0.0946803318692
-mke	0.385094715852	0.46111665005	0.0112163509472	0.142572283151
-naj	0.386805878628	0.278933550848	0.100981991528	0.233278578997
-nak	0.368031684167	0.199651344697	0.0517180528582	0.380598918278
ALL	0.224517905153	0.271704776305	0.0507660092918	0.45301130925
-nai	0.420633089613	0.269865797342	0.043421515429	0.266079597615
-nan	0.093655220634	0.193044982676	0.0302649034247	0.683034893266
-aki	0.329389462963	0.10116644238	0.0585083888654	0.510935705791
-nam	0.169154333602	0.532804213112	0.0374144749044	0.260626978382
-kik	0.152624182807	0.590456406183	0.176422068797	0.080497342213
-kij	0.586261068266	0.214224507284	0.083833190517	0.115681233933
-ake	0.248623247134	0.32682973401	0.0870077562759	0.33753926258
-naa	0.499417807175	0.28682293413	0.127558143079	0.0862011156156
-kin	0.366482317235	0.273049440089	0.0931300364192	0.267338206257
-kim	0.354047666625	0.345797967731	0.0407844147846	0.259369950859
-aús	0.030612244898	0.938775510204	0.0	0.030612244898
-aúl	0.0	0.968017057569	0.0319829424307	0.0
-kir	0.313287087735	0.318245136563	0.0383982060036	0.330069569699
-aún	0.112	0.888	0.0	0.0
-sio	0.0165289256198	0.98347107438	0.0	0.0
-sin	0.569293478261	0.158967391304	0.271739130435	0.0
-kit	0.359181639917	0.390435601155	0.0907350845266	0.159647674402
-nar	0.281882678125	0.213461533668	0.0623677474509	0.442288040756
-nas	0.314329018085	0.254760826486	0.0352304913078	0.395679664121
-aku	0.334816909285	0.287448493868	0.0947975537293	0.282937043118
-ala	0.00581395348837	0.994186046512	0.0	0.0
-nat	0.439905734485	0.465828750982	0.0942655145326	0.0
-nau	0.19751153835	0.399493127777	0.116749197241	0.286246136631
-put	0.244501239157	0.232884138786	0.0216852540273	0.50092936803
-mos	0.0	1.0	0.0	0.0
-gon	0.0318951005581	0.968104899442	0.0	0.0
-amu	0.299849431452	0.328061264028	0.0988921436025	0.273197160918
-uts	0.353639493204	0.104429144338	0.255350108244	0.286581254214
-cár	0.0	1.0	0.0	0.0
-aán	0.0	1.0	0.0	0.0
-lka	0.214181039342	0.649419456657	0.0405816706121	0.0958178333897
-yau	0.363587395637	0.438459466738	0.107729598707	0.0902235389173
-yat	0.411283306579	0.226760027327	0.0820694318594	0.279887234235
-con	0.301575578533	0.462087641556	0.164943377646	0.0713934022649
-nto	0.0358134775618	0.303318228329	0.00877064756614	0.652097646543
-yas	0.346749226006	0.411764705882	0.222910216718	0.0185758513932
-yar	0.44918575989	0.454640966582	0.0	0.096173273528
-ber	0.0	1.0	0.0	0.0
-coa	0.0	0.181112548512	0.818887451488	0.0
-cob	0.00529167191635	0.980219226408	0.0	0.0144891016757
-eon	0.156545159671	0.795543885392	0.004459976059	0.0434509788779
-yag	0.399532946936	0.287412075854	0.0308029936413	0.282251983569
-ixa	0.0440313111546	0.636007827789	0.240704500978	0.0792563600783
-yaa	0.264479638181	0.227954740494	0.0272432028439	0.480322418482
-cor	0.0	1.0	0.0	0.0
-bel	0.0201900721948	0.723457192968	0.00856548517357	0.247787249664
-ejé	0.632784958872	0.216803760282	0.0246768507638	0.125734430082
-yam	0.342444163162	0.305883794047	0.116728594177	0.234943448614
-yan	0.205700443569	0.539983081972	0.0491893797711	0.205127094689
-yai	0.497237359497	0.303978960944	0.142936617314	0.0558470622448
-cos	0.0130598030146	0.882461772868	0.104478424117	0.0
-yaj	0.466341999843	0.262665933548	0.14374361794	0.127248448669
-iso	0.0	0.985018726592	0.0149812734082	0.0
-áku	0.268779093122	0.411226105243	0.163866638312	0.156128163323
-upu	0.692426584235	0.307573415765	0.0	0.0
-ren	0.14090617063	0.760932349427	0.0533993407266	0.0447621392159
-reo	0.00657587346635	0.960198660598	0.0269956910724	0.00622977486285
-ish	0.271307814403	0.627920711676	0.0449595806725	0.0558118932486
-nte	0.0	0.480769230769	0.0	0.519230769231
-rea	0.027713625866	0.928406466513	0.00230946882217	0.041570438799
-red	0.286304931588	0.6617791228	0.0438600230169	0.00805592259494
-eve	0.0837694598347	0.0523939332009	0.113316052257	0.750520554707
-upe	0.109170305677	0.707423580786	0.117903930131	0.0655021834061
-eva	0.351851851852	0.505291005291	0.0899470899471	0.05291005291
-upa	0.06678272573	0.918734273509	0.00675873368833	0.00772426707239
-rer	0.666666666667	0.333333333333	0.0	0.0
-res	0.0393999542933	0.0123665674095	0.134529482491	0.813703995806
-isu	0.360661568558	0.197759203272	0.384314422906	0.0572648052641
-iaj	0.353206860096	0.414325149771	0.0398801832492	0.192587806884
-sán	0.0	0.714285714286	0.0	0.285714285714
-ret	0.0484183344093	0.924467398322	0.0116204002582	0.015493867011
-dia	0.047229791099	0.938237965486	0.00544959128065	0.00908265213442
-jur	0.216939115722	0.748227215048	0.0348336692294	0.0
-haa	0.325717083408	0.245106270616	0.0382861649816	0.390890480994
-hab	0.0244450688396	0.97555493116	0.0	0.0
-jut	0.11942895415	0.693503297855	0.0317227471935	0.155345000801
-juu	0.484602621536	0.121171395387	0.0602289696366	0.33399701344
-hai	0.449159071543	0.21131307832	0.0705905651675	0.268937284969
-mas	0.30291065435	0.239080367801	0.0661109114438	0.391898066405
-hak	0.217450841982	0.147679375013	0.27997162851	0.354898154496
-mau	0.324008284966	0.281726490276	0.0809337554294	0.313331469329
-mat	0.17898725727	0.666107086058	0.0653114017004	0.0895942549724
-han	0.158503903073	0.229227592544	0.114423434502	0.497845069881
-tme	0.300325139193	0.397027764792	0.105503363094	0.197143732921
-mai	0.243981875919	0.215049163207	0.0437245363173	0.497244424557
-mak	0.319214533056	0.3043665033	0.0662610803198	0.310157883324
-maj	0.511349252072	0.311527204309	0.044719809213	0.132403734405
-mam	0.406754550865	0.32199226506	0.0515239765074	0.219729207568
-hau	0.235193074152	0.260587970168	0.239604553611	0.264614402068
-iik	0.22051186086	0.198379680474	0.157464191993	0.423644266673
-man	0.181094610256	0.256348046004	0.0391402508366	0.523417092904
-maa	0.39710818111	0.331621199877	0.0116961406012	0.259574478412
-juk	0.265166930439	0.440462732685	0.077134674806	0.217235662069
-kak	0.393493030545	0.350649778724	0.0635613006719	0.192295890058
-jui	0.239479483019	0.0425161477702	0.0134091210436	0.704595248167
-jun	0.0384096036532	0.0979983345542	0.80194135043	0.0616507113623
-mag	0.244261745007	0.585064500066	0.0345524042888	0.136121350638
-uat	0.23729253112	0.461358921162	0.280601659751	0.0207468879668
-nku	0.339075222005	0.51023974331	0.136976808996	0.0137082256886
-ptu	0.09931425869	0.521447150627	0.316150390163	0.0630882005202
-uni	0.159211868985	0.554928069789	0.0433832209528	0.242476840273
-eos	0.0	0.477707006369	0.522292993631	0.0
-una	0.0780529328471	0.0367567813326	0.00425221055775	0.880938075262
-nke	0.570259694059	0.184765208111	0.0918267520456	0.153148345784
-hik	0.0818062275521	0.115923879414	0.0693754769908	0.732894416043
-nka	0.269864038597	0.324580170918	0.0625459907063	0.343009799779
-pta	0.1953125	0.8046875	0.0	0.0
-pto	0.042735042735	0.951566951567	0.00569800569801	0.0
-unu	0.199842259785	0.482678804093	0.0449358094609	0.272543126661
-pun	0.22532664688	0.454832326954	0.0327499744141	0.287091051752
-iri	0.111539054931	0.725867363324	0.0237712436267	0.138822338119
-dka	0.439085762214	0.472845460264	0.0251625078633	0.0629062696582
-tra	0.261890138477	0.265230081056	0.0895225481021	0.383357232365
-asá	0.0	1.0	0.0	0.0
-ada	0.0	1.0	0.0	0.0
-ado	0.121518987342	0.716455696203	0.0202531645569	0.141772151899
-tro	0.0200636146208	0.14174389538	0.0292512190454	0.808941270954
-tri	0.116869733492	0.727405229408	0.0544528682233	0.101272168877
-gai	0.0	1.0	0.0	0.0
-adi	0.0	1.0	0.0	0.0
-tru	0.29062049062	0.374025974026	0.0496392496392	0.285714285714
-gau	0.0	1.0	0.0	0.0
-sna	0.648781823159	0.0104024089789	0.0	0.340815767862
-gar	0.230300723258	0.663113818043	0.00380662352494	0.102778835173
-war	0.325276193792	0.18800544037	0.0288895644439	0.457828801394
-seo	0.0180445961835	0.951426567879	0.000424995395883	0.0301038405417
-ini	0.0977181699183	0.36926529578	0.30665000618	0.226366528121
-sem	0.0	1.0	0.0	0.0
-nos	0.0618556701031	0.938144329897	0.0	0.0
-sek	0.120611762755	0.319434658267	0.440999709869	0.118953869109
-jka	0.79971077368	0.17859725235	0.0216919739696	0.0
-ina	0.105531983692	0.107710659946	0.0213715329634	0.765385823399
-rza	0.567164179105	0.432835820895	0.0	0.0
-apa	0.442506191977	0.376952504324	0.0117168453303	0.168824458369
-uit	0.233535767436	0.363848101029	0.043423910752	0.359192220784
-sea	0.457927128009	0.146721232017	0.0430985922873	0.352253047686
-món	0.0144594795539	0.972544237918	0.00175464684015	0.0112416356877
-uik	0.293990703035	0.283463980408	0.0528507531385	0.369694563419
-uij	0.625894234815	0.23495581428	0.0416608219947	0.0974891289101
-uim	0.0600431585941	0.939956841406	0.0	0.0
-aas	0.430549806652	0.142972823613	0.0378785698844	0.38859879985
-uin	0.199046683456	0.518209560443	0.104000290931	0.178743465171
-kna	0.268594569162	0.323064255948	0.27975534346	0.128585831429
-ses	0.314009661836	0.24959742351	0.249597423511	0.186795491143
-inu	0.2661965202	0.205359953182	0.0630371060205	0.465406420598
-uig	0.285163265907	0.145430321232	0.0143538556665	0.555052557195
-rsa	0.224278544542	0.276584065245	0.325831242158	0.173306148055
-kuu	0.354782608696	0.619130434783	0.0208695652174	0.00521739130435
-kut	0.230672818829	0.410557022117	0.123272477207	0.235497681847
-kus	0.243485449114	0.485975162981	0.0221691998422	0.248370188062
-kur	0.365819575959	0.388104577557	0.0688962512684	0.177179595215
-són	0.0112359550562	0.949438202247	0.0318352059925	0.00749063670414
-iam	0.653667897077	0.216360692691	0.0257324759211	0.104238934311
-úsa	0.0953273343968	0.445279064125	0.0262259874755	0.433167614003
-ian	0.247436261116	0.588163703728	0.0817276331929	0.0826724019626
-iai	0.542666142352	0.209594966575	0.0117970900511	0.235941801022
-nes	0.114900754822	0.694716242662	0.0464076041375	0.143975398378
-iak	0.668721291737	0.152319899028	0.0175437987289	0.161415010505
-rso	0.0	0.964819700968	0.0211081794195	0.014072119613
-kug	0.430300190833	0.199472066369	0.0597639153935	0.310463827405
-iat	0.403546924811	0.297079389817	0.118197408137	0.181176277235
-nem	0.269784172662	0.546762589928	0.161870503597	0.021582733813
-iap	0.230823584832	0.565831828531	0.178613488263	0.0247310983748
-kua	0.434851622953	0.263336539048	0.0867160567317	0.215095781267
-iar	0.479813517009	0.135140997	0.0249163150742	0.360129170916
-kun	0.36918589375	0.303130021337	0.0876038079463	0.240080276967
-kum	0.369272772893	0.364128611183	0.0914809978629	0.175117618061
-tki	0.441268451725	0.110540219503	0.0216749774187	0.426516351353
-kuk	0.313186611522	0.353712507413	0.0717755940572	0.261325287008
-kui	0.416656150408	0.38781556286	0.124232062769	0.0712962239623
-nea	0.459899817186	0.293433531832	0.0141968787571	0.232469772224
-ban	0.0257340811613	0.865390960079	0.0692840646651	0.0395908940943
-eka	0.31529988776	0.171240662592	0.0446717338626	0.468787715786
-uun	0.18358937332	0.160692894907	0.255712657119	0.400005074653
-non	0.118404118404	0.42471042471	0.437580437581	0.019305019305
-uuk	0.361143559791	0.51251152782	0.0368890255149	0.0894558868737
-uuj	0.392655367232	0.279661016949	0.276836158192	0.0508474576271
-eki	0.40888196488	0.154097666994	0.0490065970419	0.388013771085
-aaj	0.583596672842	0.188042570194	0.0391195379754	0.18924121899
-mku	0.338217385353	0.555802780225	0.0610231591803	0.0449566752415
-mki	0.353689144423	0.380932493746	0.0441553912963	0.221222970535
-eku	0.349823125861	0.287269907859	0.315175178086	0.0477317881941
-hoz	0.0	0.724074074074	0.275925925926	0.0
-uut	0.220365933188	0.739010646795	0.0145083642918	0.0261150557253
-mka	0.169860881672	0.165512013505	0.0369234944771	0.627703610346
-bas	0.0	1.0	0.0	0.0
-uus	0.0579623589936	0.546461324891	0.00593529028833	0.389641025827
-uur	0.752867264037	0.204872371439	0.0164973615521	0.0257630029718
-ase	0.140564554085	0.774717895148	0.0236474464202	0.0610701043472
-his	0.235521559601	0.105334717323	0.0137771894172	0.645366533658
-asa	0.250129046902	0.220306025857	0.036459271204	0.493105656038
-qui	0.0	1.0	0.0	0.0
-kam	0.372200308227	0.407265908497	0.0568670246633	0.163666758613
-ash	0.314675912778	0.441256314445	0.0640636930223	0.180004079755
-cka	0.129899726527	0.788817988453	0.0136736554239	0.0676086295958
-asu	0.340960477392	0.217438869527	0.0816981727597	0.359902480321
-dro	0.0189535146129	0.938268959942	0.00548466436425	0.0372928610809
-jme	0.441860678308	0.286565276226	0.0478486220656	0.2237254234
-mol	0.0	1.0	0.0	0.0
-zor	0.0	1.0	0.0	0.0
-tín	0.0	0.953488372093	0.0465116279069	0.0
-chi	0.167564498562	0.257427895409	0.0826142713989	0.49239333463
-iná	0.208272220593	0.331182164858	0.308008213552	0.152537400997
-rat	0.428310884958	0.338832798957	0.0917466799703	0.141109636115
-rau	0.392021149059	0.33537968812	0.0904330649552	0.182166097866
-rar	0.345711472644	0.260543544274	0.0555076065428	0.33823737654
-ras	0.388067326678	0.402733938114	0.0550350026925	0.154163732516
-ran	0.213850946188	0.255692108827	0.133770362415	0.39668658257
-eri	0.535323501427	0.309348239772	0.0454329210276	0.109895337774
-iwa	0.431077694236	0.323308270677	0.0375939849624	0.208020050125
-ram	0.227315356312	0.198800416999	0.0999482091228	0.473936017566
-uía	0.0718562874251	0.928143712575	0.0	0.0
-isa	0.294645001657	0.249433509421	0.067320732098	0.388600756824
-rai	0.446643815476	0.368960030232	0.0683823105321	0.116013843759
-rag	0.252087575879	0.429324473113	0.112743712913	0.205844238096
-ere	0.0574286772879	0.781307891812	0.0264912930715	0.134772137829
-raa	0.232481001587	0.329221323857	0.305197864487	0.133099810069
-ría	0.0315131715811	0.778714355059	0.0	0.18977247336
-oza	0.0	1.0	0.0	0.0
-pos	0.032	0.908	0.028	0.032
-rke	0.430401185561	0.443950460464	0.0523975865354	0.0732507674394
-nás	0.0380592570535	0.934954961662	0.0098637683317	0.0171220129532
-pon	0.118962432916	0.709481216458	0.171556350626	0.0
-cón	0.641025641026	0.358974358974	0.0	0.0
-aza	0.0321788078256	0.838060837199	0.0594070298319	0.0703533251435
-uju	0.332159943659	0.147594287823	0.253048123272	0.267197645245
-ika	0.216806323223	0.098506193746	0.0220302097225	0.662657273309
-nce	0.015786704087	0.452727591651	0.0385897211016	0.492895983161
-aat	0.163654127992	0.836345872008	0.0	0.0
-lan	0.11256411138	0.834949726677	0.00441942672471	0.0480667352188
-lao	0.473214285714	0.428571428571	0.0	0.0982142857143
-lah	0.0	1.0	0.0	0.0
-iki	0.193201916971	0.123334267461	0.0455940518547	0.637869763713
-aar	0.211497234292	0.568441830851	0.049635630662	0.170425304195
-aam	0.369569320269	0.283599324744	0.125075216013	0.221756138975
-uja	0.227354761488	0.129257806938	0.0567774362828	0.586609995291
-iku	0.267713917867	0.383723845718	0.101521012168	0.247041224247
-fos	0.0	0.872420262664	0.015009380863	0.112570356473
-eón	0.0064308681672	0.959271168274	0.0278670953912	0.00643086816721
-aak	0.734555716819	0.0648139265248	0.00920205082385	0.191428305832
-las	0.0062630480167	0.665970772443	0.0250521920668	0.302713987474
-uji	0.317282379808	0.323173589203	0.0829847618577	0.276559269132
-aag	0.29932885906	0.212080536913	0.136912751678	0.351677852349
-noc	0.00833382939461	0.991666170605	0.0	0.0
-uki	0.422885111394	0.0462405982903	0.00767664541673	0.523197644899
-aac	0.000805109763298	0.992431968225	0.0	0.00676292201171
-dos	0.0986558942022	0.174969753431	0.0394847922219	0.686889560145
-uwí	0.0209050838329	0.95273325113	0.0126139149907	0.0137477500461
-kji	0.305522711597	0.376465661642	0.0969307320919	0.221080894669
-bon	0.0260964912281	0.939254385965	0.0	0.0346491228071
-fán	0.0	1.0	0.0	0.0
-ája	0.127803488786	0.348878604486	0.121039515842	0.402278390886
-kja	0.564963965809	0.1665021695	0.054749622898	0.213784241792
-fás	0.0013037809648	0.994784876141	0.00391134289439	0.0
-doc	0.0	1.0	0.0	0.0
-pia	0.291695678411	0.594810379242	0.04409785081	0.0693960915378
-ges	0.0359281437126	0.928143712575	0.0359281437126	0.0
-api	0.410959159176	0.333266841934	0.0709356393127	0.184838359577
-yák	0.379006274377	0.300152619976	0.101746650839	0.219094454808
-sas	0.25390625	0.72265625	0.0	0.0234375
-sar	0.165329721959	0.0886600506295	0.0193025129171	0.726707714494
-vos	0.0604838709678	0.912239089184	0.0	0.0272770398482
-sau	0.227750060286	0.0850245122172	0.183117728616	0.504107698881
-jus	0.163591991442	0.0373818129807	0.0203223566782	0.778703838899
-ton	0.107368472744	0.538550578232	0.00964597517301	0.344434973851
-íri	0.255669775328	0.439063162357	0.037356930903	0.267910131412
-mpe	0.0392389469362	0.890495962039	0.0647898891272	0.00547520189808
-tok	0.274350362383	0.310235106947	0.0707088562842	0.344705674386
-mpa	0.166063401316	0.729812005859	0.0320124152697	0.0721121775548
-yám	0.035294117647	0.823529411765	0.0352941176471	0.105882352941
-saa	0.141550638257	0.0805402057544	0.0132718805048	0.764637275484
-sag	0.257923598023	0.147846029175	0.0514721299414	0.54275824286
-tos	0.0516697138978	0.0856749725163	0.0455222440901	0.817133069496
-sak	0.166275111049	0.488917235116	0.0411823858396	0.303625267996
-saj	0.555022361711	0.270848175755	0.109012161632	0.0651173009023
-sai	0.280403465871	0.454381428964	0.0312909676675	0.233924137497
-rla	0.0	0.900826446281	0.0892561983471	0.0099173553719
-san	0.14282286341	0.303744985807	0.0187577713141	0.534674379469
-sam	0.285413619119	0.160087363501	0.0438777810504	0.51062123633
-lon	0.125873639892	0.740178699837	0.00787132530725	0.126076334964
-gku	0.286509022946	0.498200133488	0.0449081106159	0.17038273295
-tir	0.52806122449	0.47193877551	0.0	0.0
-ien	0.0197147605444	0.204031478444	0.0351579896375	0.741095771374
-naí	0.0158186132349	0.984181386765	0.0	0.0
-ámu	0.352703793382	0.293785310734	0.114608555287	0.238902340597
-loc	0.0	0.966235227912	0.0337647720878	0.0
-oce	0.0245111481427	0.0150431370895	0.000442972556795	0.960002742211
-iez	0.0137034273795	0.0274373068198	0.00182712365059	0.95703214215
-oca	0.0	1.0	0.0	0.0
-roa	0.066352571653	0.284255987436	0.480565371025	0.168826069886
-jum	0.596941292551	0.403058707449	0.0	0.0
-áma	0.0	1.0	0.0	0.0
-rom	0.0	1.0	0.0	0.0
-ron	0.0635193616169	0.904373874325	0.00813508938696	0.0239716746715
-sén	0.00952380952381	0.987755102041	0.00272108843537	0.0
-haj	0.701155198393	0.117612589988	0.0113008538423	0.169931357777
-rok	0.00414213662514	0.638926219593	0.356089823867	0.00084181991458
-mar	0.253703945565	0.1813503548	0.0554245117101	0.509521187926
-ión	0.00260040450737	0.99162091881	0.00231147067322	0.00346720600982
-ipa	0.351540892157	0.450907956075	0.115092769051	0.0824583827172
-húm	0.0	1.0	0.0	0.0
-ham	0.0973532225796	0.23528326869	0.0377042047536	0.629659303976
-lia	0.0	1.0	0.0	0.0
-noé	0.0	0.986906075339	0.0	0.0130939246614
-ewe	0.244880007218	0.655652291592	0.0142096715987	0.0852580295922
-aká	0.375428431965	0.201126921975	0.081070469763	0.342374176296
-hka	0.159409056491	0.212838338459	0.226078100459	0.40167450459
-rdo	0.0286396181384	0.81861575179	0.152744630072	0.0
-sji	0.329728632837	0.243252795201	0.0443368529107	0.382681719052
-hap	0.190020983912	0.650967591513	0.0960596875728	0.0629517370016
-awi	0.0	0.559803386128	0.374658656472	0.0655379574003
-úmi	0.124973588201	0.368624191799	0.00246510121001	0.50393711879
-nag	0.701357466063	0.108597285068	0.0	0.190045248869
-xka	0.116089613035	0.866598778004	0.0	0.0173116089613
-awa	0.34497073913	0.36912193772	0.0478412055676	0.238066117582
-sat	0.0605531686359	0.739560955961	0.0143774615109	0.185508413892
-har	0.658015087938	0.108740530465	0.134073967568	0.0991704140279
-awe	0.218049662948	0.720604654324	0.00666012951331	0.0546855532147
-jua	0.148556186942	0.276077395873	0.545392911623	0.029973505562
-jti	0.658783783784	0.290540540541	0.0506756756757	0.0
-hat	0.192671966615	0.203330632846	0.0494123526875	0.554585047851
-jta	0.203809523809	0.466666666667	0.238095238095	0.0914285714286
-jug	0.118531721718	0.652158413636	0.00171559070908	0.227594273937
-úlo	0.041095890411	0.917808219178	0.0410958904109	0.0
-pki	0.981308411215	0.018691588785	0.0	0.0
-stu	0.0886396367851	0.637856314604	0.00869847768561	0.264805570925
-ato	0.0217342823519	0.869334433797	0.0459159544813	0.0630153293698
-pka	0.166462668299	0.436964504284	0.335373317013	0.0611995104039
-sto	0.0779936478123	0.686933015072	0.00792393026941	0.227149406847
-sti	0.36285311983	0.341951646104	0.0940337429123	0.201161491154
-sta	0.448993981708	0.191126164582	0.101123690386	0.258756163324
-saí	0.0	1.0	0.0	0.0
-cum	0.0234375	0.82421875	0.0	0.15234375
-ain	0.320322016137	0.378553353972	0.0970099923744	0.204114637517
-tse	0.0838016454902	0.75105820791	0.015052548994	0.150087597606
-loé	0.0442815697053	0.853412734769	0.0381737669873	0.0641319285387
-lón	0.0	1.0	0.0	0.0
-ián	0.0555555555556	0.861111111111	0.0833333333333	0.0
-cuc	0.448717948718	0.217948717949	0.205128205128	0.128205128205
-cua	0.0168914956012	0.952140762463	0.0138416422288	0.0171260997067
-eyi	0.384810126582	0.562025316456	0.053164556962	0.0
-uch	0.124714962058	0.18906917879	0.386274271512	0.29994158764
-kki	0.388807927718	0.611192072282	0.0	0.0
-eya	0.0256171479409	0.182787205561	0.345652734242	0.445942912257
-tor	0.098609570929	0.797492109528	0.103898319543	0.0
-ngo	0.0449148167269	0.536912751678	0.210635002581	0.207537429014
-ooz	0.122017353579	0.877982646421	0.0	0.0
-mua	0.301975505416	0.423636710562	0.0982846069312	0.17610317709
-lem	0.132158590308	0.762114537445	0.0	0.105726872247
-lea	0.0346549636804	0.95308716707	0.000907990314769	0.0113498789346
-mun	0.35832115759	0.317504077865	0.0978348557889	0.226339908756
-mui	0.257115261931	0.652144218029	0.0175605155205	0.0731800045191
-uwe	0.114202132947	0.779548133316	0.0263707238103	0.0798790099264
-muk	0.456849692414	0.226384689458	0.0796748452652	0.237090772863
-leg	0.0	1.0	0.0	0.0
-hri	0.146981659325	0.688464776873	0.0233681924124	0.14118537139
-mut	0.0308022922636	0.310888252149	0.374641833811	0.283667621776
-mus	0.415080160321	0.315631262525	0.0400801603206	0.229208416834
-mur	0.43281670887	0.190666535924	0.0695145421999	0.307002213006
-oin	0.340909090909	0.431818181818	0.113636363636	0.113636363636
-les	0.151898734177	0.848101265823	0.0	0.0
-itá	0.381018076261	0.202107265103	0.0040212989579	0.412853359678
-eem	0.213223787167	0.58489827856	0.118935837246	0.0829420970266
-eel	0.0	1.0	0.0	0.0
-rra	0.00447427293065	0.995525727069	0.0	0.0
-een	0.148739056824	0.603534486426	0.0228121729809	0.22491428377
-eek	0.161374738311	0.629274249825	0.0157013258897	0.193649685974
-fas	0.0373220469411	0.908811081185	0.0307810696422	0.0230858022316
-rro	0.0293604917882	0.958711808423	0.011927699789	0.0
-gio	0.0	0.933481152993	0.0665188470067	0.0
-ána	0.0	1.0	0.0	0.0
-udá	0.0220829603103	0.975927583806	0.0	0.00198945588382
-tji	0.332530051315	0.31697578505	0.0989095368685	0.251584626767
-tja	0.423916660264	0.31149106802	0.109185590554	0.155406681162
-gia	0.0	0.921052631579	0.0789473684211	0.0
-eer	0.208333333333	0.347222222222	0.402777777778	0.0416666666667
-uva	0.0279864592926	0.964749879517	0.0	0.00726366119043
-osé	0.0373147802641	0.942463016238	0.00108333233025	0.0191388711677
-suk	0.354099045402	0.251955790146	0.0954581609421	0.29848700351
-abé	0.00711321873147	0.992886781269	0.0	0.0
-iel	0.0500959283735	0.904071626519	0.0458324451077	0.0
-pee	0.356407888662	0.194248400501	0.0920124002375	0.3573313106
-pea	0.272541367503	0.349398814105	0.136921865019	0.241137953372
-cho	0.0121710181466	0.0386608811715	0.131669449466	0.817498651216
-cha	0.208120546328	0.377618675349	0.082789074896	0.331471703427
-pen	0.0885839575922	0.783005082525	0.0311715154524	0.0972394444301
-loi	0.0	0.977653631285	0.0	0.0223463687151
-rku	0.425600681643	0.439864568352	0.0255616025011	0.108973147505
-pek	0.122671832489	0.813030951749	0.0335737332733	0.0307234824882
-pet	0.308641975309	0.599761051374	0.0557546794106	0.0358422939068
-rki	0.621324883944	0.125046054086	0.0498857858669	0.203743276103
-oré	0.232468035645	0.701666020922	0.0116234017823	0.0542425416505
-iyi	0.36724137931	0.501724137931	0.0793103448276	0.051724137931
-elo	0.126220127903	0.854238026412	0.0133050864237	0.00623675926109
-ogo	0.0	1.0	0.0	0.0
-pes	0.352858856457	0.447221111555	0.0119952019192	0.187924830068
-rka	0.26154259959	0.290047716966	0.0727174631205	0.375692220324
-ela	0.0993425272611	0.791613213599	0.0449005772931	0.0641436818473
-iya	0.205743094828	0.443057314235	0.0713328471696	0.279866743768
-chu	0.275456170645	0.373032899218	0.199444142711	0.152066787425
-loe	0.0345489443378	0.861804222649	0.0345489443378	0.0690978886756
-pna	0.401064610866	0.488803230543	0.0165198237886	0.0936123348018
-rig	0.258246542236	0.452461996926	0.148668772287	0.140622688551
-itu	0.304573918311	0.192931981494	0.0860237097884	0.416470390406
-its	0.170261066969	0.795686719637	0.0	0.0340522133938
-esu	0.102997976825	0.725951811661	0.165532462755	0.00551774875851
-ito	0.0	1.0	0.0	0.0
-esi	0.49481865285	0.317357512953	0.187823834197	0.0
-tes	0.49373881932	0.388193202147	0.0429338103757	0.0751341681574
-eso	0.0166666666666	0.983333333333	0.0	0.0
-iti	0.389377873354	0.23701129821	0.0684189013079	0.305191927129
-esa	0.148636528367	0.247380470718	0.252769805767	0.351213195148
-ite	0.00251428571428	0.776228571429	0.221257142857	0.0
-ápi	0.104388581167	0.808975997728	0.0589404914075	0.0276949296975
-ita	0.229510213459	0.243823453007	0.0353893503533	0.491276983181
-spa	0.348837209302	0.197674418605	0.232558139535	0.220930232558
-apu	0.0907312624893	0.583180900431	0.0108355801867	0.315252256893
-spe	0.0424028268551	0.893992932862	0.0636042402827	0.0
-mma	0.133136094675	0.835798816568	0.0199704142012	0.0110946745562
-kap	0.118039490993	0.0779766489228	0.514934193038	0.289049667046
-nki	0.438194430475	0.0580354559339	0.0229193197239	0.480850793867
-eza	0.0	0.908802537669	0.0911974623314	0.0
-bra	0.003367003367	0.996632996633	0.0	0.0
-alí	0.0	1.0	0.0	0.0
-bre	0.0233009708738	0.656310679612	0.273786407767	0.0466019417476
-íya	0.0616438356164	0.849315068493	0.0410958904109	0.0479452054794
-uag	0.0500834724541	0.792988313856	0.138716041888	0.0182121718015
-hun	0.258758130806	0.285536718126	0.369648103803	0.0860570472648
-uti	0.444807656836	0.276963396389	0.075945832394	0.202283114381
-huk	0.364371481669	0.0765174718743	0.0730937963484	0.486017250108
-hua	0.354043180904	0.315810647714	0.267520450583	0.0626257207992
-gad	0.0	1.0	0.0	0.0
-aba	0.0	1.0	0.0	0.0
-nja	0.261109309114	0.679208563088	0.017515407071	0.0421667207265
-ejo	0.577710130222	0.271943176053	0.0805005919161	0.0698461018096
-lot	0.0075741636861	0.96212918157	0.0151483273722	0.0151483273722
-hur	0.48275862069	0.324393358876	0.0383141762452	0.154533844189
-tua	0.225337658967	0.477901833856	0.141050144161	0.155710363016
-nco	0.0119231445828	0.0172983327144	0.0	0.970778522703
-nch	0.106533122119	0.613706206288	0.115106411856	0.164654259737
-tea	0.298808148545	0.450015496887	0.157490631428	0.0936857231411
-nik	0.241949909609	0.191642791445	0.0728351076764	0.49357219127
-tui	0.334301102096	0.299854592762	0.0543513596122	0.31149294553
-ema	0.250425553219	0.450685891659	0.11164513868	0.187243416441
-tuk	0.218690604933	0.141097633341	0.0433159236565	0.59689583807
-tum	0.0683118863032	0.0237275340785	0.00419661892432	0.903763960694
-tun	0.334361976087	0.304859403497	0.0379276995328	0.322850920883
-aen	0.181956027293	0.265352539803	0.0	0.552691432904
-iag	0.191874358396	0.739247666796	0.0295191320609	0.0393588427478
-zan	0.0906334231805	0.894204851752	0.0151617250674	0.0
-los	0.0668151447661	0.870824053452	0.0	0.0623608017817
-ori	0.0	0.676043557169	0.323956442831	0.0
-tut	0.29952627395	0.463691818492	0.195898700498	0.0408832070605
-tuu	0.250753600466	0.0554596105989	0.00953978921253	0.684246999723
-elí	0.0	0.970266040689	0.0109546165884	0.018779342723
-kta	0.4803358267	0.324406160757	0.0415901519446	0.153667860598
-ora	0.00312061163989	0.783637592968	0.00416081551984	0.209080979872
-van	0.364194170914	0.61799198377	0.00593794843882	0.0118758968776
-ser	0.0232358090534	0.933976298665	0.0385374394057	0.00425045287564
-tna	0.302436173045	0.510400648658	0.0703496212473	0.116813557049
-jea	0.204193041773	0.381115995602	0.0101591307588	0.404531831867
-lix	0.0	0.993421052632	0.00657894736842	0.0
-jeg	0.406069693517	0.577136688058	0.016793618425	0.0
-aén	0.0	0.932126696833	0.0407239819005	0.027149321267
-kra	0.44621067141	0.370398700338	0.0713114137533	0.112079214498
-rur	0.436536718042	0.40514505893	0.0759292837715	0.0823889392565
-jek	0.192536648459	0.264640247457	0.254718814217	0.288104289867
-gmi	0.487804878049	0.337028824834	0.0266075388026	0.148558758315
-pak	0.308178920726	0.619968440459	0.039699403181	0.0321532356341
-jen	0.192039254931	0.579249120315	0.0917971398134	0.13691448494
-rut	0.289957327791	0.571564594075	0.0627592551794	0.0757188229543
-kri	0.143356063032	0.729732035785	0.0370411495602	0.0898707516229
-ico	0.0577912945393	0.92251897225	0.0141925995731	0.00549713363746
-ruk	0.688639167751	0.0539549691517	0.00622024280019	0.251185620297
-ipi	0.363814756672	0.469976452119	0.0720172684459	0.094191522763
-tnu	0.177867828584	0.681679141545	0.0165238858672	0.123929144004
-sué	0.0425778982001	0.837429843236	0.0	0.119992258564
-rum	0.322616846331	0.237080184229	0.0673373871955	0.372965582245
-émi	0.307486631016	0.505347593583	0.187165775401	0.0
-oma	0.0716356813918	0.577918016942	0.0616862811985	0.288760020467
-rua	0.300556911878	0.447056453176	0.0717295811556	0.18065705379
-rug	0.211209439528	0.765191740413	0.0147492625369	0.00884955752212
-eas	0.225902825604	0.26034745327	0.138564209015	0.37518551211
-abo	0.0	1.0	0.0	0.0
-eau	0.330300386389	0.383023806556	0.0642683534837	0.222407453571
-eat	0.425895456271	0.326189371247	0.073675624745	0.174239547737
-pem	0.143671801855	0.829517405737	0.00638352200187	0.020427270406
-gro	0.0384615384615	0.923076923077	0.0384615384615	0.0
-eaa	0.385464389838	0.0799666805498	0.00624739691796	0.528321532695
-nji	0.288553937344	0.422158691194	0.127198431349	0.162088940113
-rna	0.214966175052	0.546111384831	0.0713318444259	0.167590595691
-eai	0.393313298272	0.319684447784	0.0194872276484	0.267515026296
-eak	0.497878703614	0.196447910913	0.0554500544925	0.250223330981
-eaj	0.273025810416	0.375057612537	0.104406718902	0.247509858145
-eam	0.444933281429	0.329006630075	0.0599066938691	0.166153394627
-rni	0.0	1.0	0.0	0.0
-ean	0.238331119475	0.412063685337	0.0767471035348	0.272858091654
-zer	0.0	1.0	0.0	0.0
-jin	0.199579613466	0.538414718975	0.07059926472	0.191406402839
-ura	0.0411396390649	0.0139263158893	0.00196474505236	0.942969299993
-ure	0.0199004975124	0.965174129353	0.0149253731343	0.0
-ana	0.405805887797	0.308412566862	0.0390262464568	0.246755298884
-lco	0.0204081632653	0.979591836735	0.0	0.0
-gti	0.338153618764	0.38568307457	0.0508276024539	0.225335704212
-gta	0.581659973226	0.246318607764	0.0142793395805	0.157742079429
-ipe	0.00665529010239	0.992320819113	0.0	0.00102389078498
-uru	0.12681858724	0.761039579072	0.0230963916281	0.08904544206
-jna	0.562415065036	0.356047369443	0.0698893418753	0.0116482236459
-jik	0.485117462572	0.190378128883	0.0327238298124	0.291780578733
-pai	0.489998801225	0.357855570663	0.0260734654937	0.126072162619
-wat	0.207659115426	0.506809600863	0.228896979504	0.0566343042071
