-to̱	0.526831392185	0.358223576793	0.0287362577555	0.0862087732665
-u-o	0.0781280117192	0.714772790549	0.0743586778205	0.132740519911
-hea	0.614765784114	0.158910386965	0.0185845213849	0.207739307536
-oya	0.177966101695	0.474576271186	0.169491525424	0.177966101695
-mba	0.245928895064	0.103963688711	0.112766012826	0.537341403399
-oyi	0.122686181662	0.831683168317	0.0404649160568	0.0051657339647
-oyu	0.321458024645	0.347981562531	0.183125677974	0.14743473485
-lo̱	0.293423271501	0.494097807757	0.121416526138	0.0910623946037
-uai	0.537190082645	0.301652892562	0.115702479339	0.0454545454545
-kia	0.352380952381	0.247619047619	0.0	0.4
-̱i̱	0.359410377821	0.559469503774	0.0319300567786	0.0491900616258
-la̱	0.677966101695	0.169491525424	0.0847457627119	0.0677966101695
-i-o	0.167083006209	0.722717864535	0.0272642923417	0.0829348369139
-ope	0.46512689431	0.254298470313	0.201342805626	0.0792318297507
-imu	0.412688400874	0.159398336352	0.0627197066099	0.365193556164
-400	0.378854625551	0.264317180617	0.0264317180617	0.330396475771
-ima	0.254858762866	0.402167551377	0.027908071361	0.315065614396
-ime	0.165646208076	0.360465679006	0.0576420760774	0.416246036841
-imi	0.42638259332	0.250378938258	0.0607122288992	0.262526239522
-ido	0.37058520568	0.0804120959504	0.043191023002	0.505811675367
-obi	0.321636079234	0.363562353762	0.0770263201886	0.237775246815
-obo	0.0364571974956	0.16371036187	0.619012069136	0.180820371498
-idi	0.0730348918976	0.909294161638	0.0149935303334	0.00267741613097
-oba	0.439671308964	0.236828856146	0.0519128866743	0.271586948215
-ida	0.240395880446	0.635814774244	0.0350666960247	0.0887226492845
-bia	0.193712418811	0.232589633281	0.0251447031518	0.548553244756
-ále	0.511111111111	0.39012345679	0.0839506172839	0.0148148148148
-obu	0.387317909169	0.581833761782	0.0102827763496	0.0205655526992
-100	0.0580854533492	0.218433378968	0.172547964361	0.550933203322
-ria	0.371170759034	0.160630671878	0.0213959395362	0.446802629552
-are	0.121594277432	0.261509186965	0.0462761232409	0.570620412361
-̠be	0.612129760226	0.176304654443	0.0	0.211565585332
-ara	0.178173830389	0.385368184216	0.083826774101	0.352631211294
-̠bi	0.147502356268	0.194627709708	0.0619698397738	0.595900094251
-aro	0.334795199888	0.197522653662	0.100590903277	0.367091243173
-ari	0.0837942943907	0.639337965131	0.0675546005113	0.209313139967
-aru	0.27799794264	0.157532151839	0.0491081968097	0.515361708711
-lua	0.253753436244	0.670120532882	0.0	0.0761260308733
-lue	0.05	0.65	0.06	0.24
-aya	0.350201913762	0.297696141573	0.074077959502	0.278023985163
-rai	0.774762595621	0.16750197837	0.0051107887101	0.0526246372989
-ayi	0.409669710956	0.293512062588	0.0659596058791	0.230858620577
-ayu	0.0804367469879	0.675685240964	0.196325301205	0.0475527108434
-ubu	0.581826611034	0.337042188224	0.0533147890589	0.0278164116829
-ne̱	0.0882352941176	0.735294117647	0.0	0.176470588235
-ubi	0.151994536074	0.338272326035	0.0804823374925	0.429250800398
-uba	0.533692722372	0.323212303789	0.072538449342	0.0705565244966
-ili	0.37286779567	0.484207797733	0.0390090614399	0.103915345157
-ube	0.198165635969	0.553338626107	0.0846983118836	0.16379742604
-umu	0.349072595909	0.521609255937	0.0901482859071	0.0391698622471
-ume	0.249482861095	0.210659014119	0.0325443492397	0.507313775546
-uma	0.128781492929	0.73672379882	0.0728669101808	0.0616277980706
-otu	0.237705223186	0.564107814303	0.0678492982391	0.130337664272
-umi	0.0	0.709677419355	0.161290322581	0.129032258065
ALL	0.218028177391	0.258304569899	0.0482218352575	0.475445417453
-nai	0.349423728814	0.505491525424	0.016	0.129084745763
-aki	0.204036567593	0.697036611756	0.0680121891976	0.0309146314534
-ga̱	0.642589437819	0.171379897785	0.117546848382	0.0684838160136
-sia	0.0265263883155	0.945684062021	0.0155188394227	0.0122707102412
-̱ha	0.129993384867	0.116635861929	0.0104092677472	0.742961485457
-̱he	0.0512820512821	0.666666666667	0.0512820512821	0.230769230769
-amu	0.348832914389	0.457911485427	0.0473727888393	0.145882811345
-wua	0.317880794702	0.44076526858	0.181015452539	0.0603384841795
-moa	0.435356200528	0.445910290237	0.0369393139842	0.0817941952507
-íha	0.119079332661	0.100315444741	0.00907009342831	0.77153512917
-beo	0.0408163265306	0.959183673469	0.0	0.0
-yai	0.599214978394	0.169345488111	0.00870229221735	0.222737241277
-iso	0.0218119922087	0.783794549634	0.00436941758647	0.190024040571
-upu	0.122010822133	0.806161633793	0.0433758072962	0.0284517367778
-isi	0.0871925942678	0.872646162938	0.0186520240315	0.0215092187627
-rea	0.182721382289	0.312742980562	0.00518358531319	0.499352051836
-isa	0.0	0.980758952432	0.0192410475681	0.0
-upe	0.463566917162	0.276033733438	0.0841128450282	0.176286504372
-hai	0.27640970787	0.0798823323664	0.0471669884535	0.59654097131
-mai	0.837849162011	0.0671787709498	0.0251396648045	0.0698324022347
-̠na	0.103455018955	0.0306068609708	0.00395205388754	0.861986066187
-hau	0.0379186854856	0.390773119865	0.571308194649	0.0
-̠ni	0.103442554957	0.115553712153	0.0301119867275	0.750891746163
-uni	0.146842788118	0.211817366141	0.110123373377	0.531216472363
-une	0.804347826087	0.108695652174	0.0434782608696	0.0434782608696
-una	0.147138964578	0.523160762943	0.0354223433243	0.294277929155
-unu	0.256036504571	0.706512826405	0.00815757147075	0.029293097554
-666	0.0	0.0416666666667	0.0	0.958333333333
-ade	0.539392998525	0.221532251805	0.0952159176175	0.143858832053
-ada	0.289995428406	0.527784377166	0.0759577457411	0.106262448686
-gao	0.206106870229	0.473282442748	0.137404580153	0.18320610687
-ado	0.64085552436	0.169587897497	0.0628181683379	0.126738409805
-gai	0.366702026688	0.335575903076	0.065602143934	0.232119926302
-adi	0.0997370976195	0.753470353576	0.0654684538221	0.0813240949821
-gau	0.495733126455	0.310318076028	0.163692785105	0.0302560124127
-adu	0.118361153263	0.881638846737	0.0	0.0
-ini	0.178852828045	0.43303023533	0.025845846631	0.362271089994
-ina	0.0564028882927	0.0411767637911	0.00859663165999	0.893823716256
-ine	0.370301423057	0.260291781846	0.266737586369	0.102669208728
-sea	0.027027027027	0.972972972973	0.0	0.0
-̱la	0.289660794559	0.16659342707	0.0844558660259	0.459289912346
-ohe	0.111108092444	0.198453234804	0.585461493878	0.104977178874
-800	0.0	0.45747217806	0.0	0.54252782194
-oha	0.25480358119	0.394865167988	0.0459375413712	0.304393709451
-oho	0.277669650967	0.358115998443	0.208511742572	0.155702608019
-inu	0.44648939029	0.159622505712	0.0300980166796	0.363790087318
-eda	0.361389248122	0.301139390823	0.0948122229846	0.242659138071
-ede	0.0958815714557	0.742038337445	0.060353008161	0.101727082938
-edi	0.0263832811372	0.941424274906	0.00782623324253	0.0243662107139
-iai	0.434539048413	0.186817379972	0.0283453688236	0.350298202791
-edo	0.531006180982	0.200553335551	0.0440608946433	0.224379588824
-iau	0.790865384615	0.185096153846	0.0240384615384	0.0
-̱a̱	0.702237521515	0.24760265552	0.0442586673223	0.00590115564301
-kui	0.280948851001	0.472448727452	0.158636026686	0.0879663948605
-hoa	0.562600612764	0.109830191619	0.0448321822368	0.28273701338
-bai	0.225457065776	0.66211105537	0.0321375203409	0.0802943585132
-̠da	0.326530612245	0.397959183673	0.0	0.275510204082
-bau	0.336347197107	0.381555153707	0.195298372514	0.0867992766726
-ase	0.0	1.0	0.0	0.0
-mbu	0.285432650736	0.24988845552	0.0741246543546	0.390554239389
-asa	0.0455512303747	0.930006063756	0.00803704815905	0.0164056577108
-asi	0.0316240482051	0.838132066356	0.0117982915761	0.118445593862
-ha̱	0.770491803279	0.229508196721	0.0	0.0
-asu	0.0309399949424	0.684018821574	0.0017543621979	0.283286821285
-mbe	0.159574468085	0.653024769768	0.13857573833	0.0488250238171
-mbi	0.109400177177	0.781378112494	0.0374780378582	0.0717436724715
-mbo	0.0455645812039	0.746785733498	0.194738824036	0.0129108612621
-mo̱	0.478260869565	0.521739130435	0.0	0.0
-430	0.327272727273	0.0	0.0	0.672727272727
-eru	0.230508637281	0.497255431689	0.156541108678	0.115694822353
-eri	0.0119900217269	0.813390198761	0.0	0.174619779512
-iwa	0.0679710071469	0.0445537026712	0.0139895585179	0.873485731664
-ero	0.334800099656	0.192057882008	0.0223688636688	0.450773154667
-era	0.278547529979	0.381861545175	0.292771233637	0.0468196912091
-iwi	0.0931378619978	0.538875005024	0.282578464799	0.0854086681796
-ere	0.373111147185	0.301468661205	0.0531552280146	0.272264963596
-boa	0.545691906005	0.344647519582	0.0156657963446	0.0939947780677
-ugu	0.462493890696	0.319729487209	0.0648826966203	0.152893925474
-ya̱	0.809523809524	0.0952380952381	0.031746031746	0.063492063492
-iya	0.31607696518	0.379962738023	0.0532965492771	0.250663747521
-be̱	0.0955056179776	0.657303370786	0.162921348315	0.0842696629214
-̱bi	0.118967694319	0.113741252212	0.0250540206479	0.742237032821
-̱bu	0.916633896972	0.0338183248132	0.0	0.0495477782147
-uga	0.0539177657099	0.917119213861	0.0206878717352	0.00827514869407
-ugo	0.432165264482	0.123991468561	0.0463161454103	0.397527121547
-poa	0.737233054782	0.0860414732281	0.0817084493964	0.0950170225936
-ugi	0.0310354844135	0.968964515587	0.0	0.0
-500	0.095744680851	0.351063829787	0.11170212766	0.441489361702
-lai	0.365429696683	0.230541078759	0.0825612335079	0.321467991051
-noa	0.0631617745611	0.46676048787	0.451983648305	0.0180940892642
-e̱a	0.522033898305	0.430508474576	0.0	0.0474576271186
-aho	0.363043618312	0.440053303056	0.118141847179	0.0787612314528
-aha	0.161524376364	0.487399548131	0.0495715724719	0.301504503032
-ahe	0.137447494201	0.117724274801	0.123409959512	0.621418271485
-doa	0.809842931937	0.126073298429	0.0364397905759	0.0276439790576
-ibu	0.133489094907	0.0459368794209	0.00650612527424	0.814067900398
-he̱	0.385692566216	0.547091301912	0.0104024965992	0.0568136352725
-oli	0.140605043243	0.691676093858	0.110182583415	0.0575362794828
-ibi	0.156424788239	0.559786227256	0.111363919631	0.172425064875
-olo	0.248506674384	0.557465540811	0.0796776616302	0.114350123175
-ibe	0.313493250895	0.159583844758	0.0408266833682	0.48609622098
-ole	0.270638632884	0.181346834817	0.0199094977092	0.528105034589
-ége	0.104010876954	0.800815771584	0.0530251529572	0.0421481985044
-loi	0.0	0.976047904192	0.0	0.0239520958084
-loa	0.480025229124	0.33732870647	0.0273315516026	0.155314512803
-ére	0.0800854244527	0.101708489055	0.818206086492	0.0
-ipe	0.204684817591	0.244738932559	0.0531144146914	0.497461835159
-ewa	0.0999545773922	0.162329044209	0.538974726577	0.198741651821
-ewi	0.394916777017	0.339238743338	0.181542647043	0.0843018326015
-awi	0.106483088786	0.120169203501	0.0911159025709	0.682231805142
-lu̱	0.752196836555	0.237258347979	0.0105448154657	0.0
-awa	0.399642193078	0.391025232059	0.067187407137	0.142145167726
-awe	0.166776117403	0.428747570864	0.253943577029	0.150532734705
-276	0.0	0.182926829268	0.0	0.817073170732
-eyu	0.401870298133	0.218497492338	0.238750348286	0.140881861243
-eyi	0.328776486671	0.368421052632	0.155844155844	0.146958304853
-eya	0.497240653457	0.241220885004	0.170663066856	0.0908753946827
-200	0.0600272851296	0.552523874489	0.100500227376	0.286948613006
-ide	0.389645776567	0.389645776567	0.0326975476839	0.188010899183
-mua	0.341727765381	0.502072043354	0.103602167676	0.0525980235894
-lea	0.333052134301	0.511051121984	0.0637759406107	0.0921208031044
-̱me	0.379541960023	0.585336246662	0.011103018532	0.0240187747835
-ola	0.458306145519	0.116645166072	0.0362561749968	0.388792513412
-obe	0.295683754399	0.12504500038	0.0447167335276	0.534554511693
-leu	0.0	1.0	0.0	0.0
-alu	0.307110505954	0.0463659843377	0.0080846192052	0.638438890504
-ndu	0.313792207277	0.606161752183	0.0325461923077	0.0474998482329
-iba	0.159390495204	0.479787228822	0.0300851575475	0.330737118426
-ndi	0.0420854620757	0.549132515287	0.0203660344421	0.388415988195
-alo	0.360463277821	0.439823041542	0.0612321164707	0.138481564167
-ndo	0.161279107897	0.143028708068	0.0185320857846	0.677160098251
-ali	0.0372515404088	0.382603389546	0.0139332268199	0.566211843225
-nda	0.243310710227	0.348196833309	0.0146373931744	0.39385506329
-ale	0.288785945503	0.130750184157	0.107361963725	0.473101906614
-nde	0.0920985530951	0.0996060160219	0.0699067924064	0.738388638477
-gia	0.154790937464	0.598630258153	0.0521866589166	0.194392145466
-ala	0.25395326858	0.210609206441	0.067619424624	0.467818100356
-120	0.0530973451327	0.106194690265	0.0	0.840707964602
-áli	0.0378758895095	0.728556125182	0.233567985309	0.0
-ína	0.87969924812	0.12030075188	0.0	0.0
-hi̱	0.702127659574	0.148936170213	0.0	0.148936170213
-íni	0.102628979183	0.238001151378	0.040760193602	0.618609675837
-iyu	0.456666666667	0.543333333333	0.0	0.0
-ogi	0.159847764034	0.840152235966	0.0	0.0
-153	0.0670391061453	0.0	0.0	0.932960893855
-eli	0.122131898128	0.787506121807	0.0539046970415	0.0364572830232
-iyi	0.533627342889	0.298787210584	0.0882028665931	0.0793825799338
-elo	0.428908031746	0.190195943364	0.0244061390073	0.356489885882
-ogo	0.27853224645	0.315349391731	0.0492472173338	0.356871144484
-oga	0.61635845248	0.201343115725	0.141637071543	0.0406613602516
-ela	0.515598097501	0.289323080619	0.0420193203816	0.153059501498
-oge	0.105656845705	0.837451006608	0.050685731576	0.00620641611135
-ele	0.319433837072	0.544008269305	0.0745853830817	0.0619725105407
-esi	0.0439854656722	0.935934213043	0.00286861732645	0.0172117039587
-esa	0.0212665406427	0.968100189036	0.00708884688091	0.00354442344045
-ese	0.0214036915264	0.942275139165	0.00952179432924	0.0267993749797
-ita	0.0416666666667	0.847222222222	0.0138888888889	0.0972222222222
-udu	0.31470299424	0.527047822837	0.116186191028	0.0420629918952
-uda	0.226989483018	0.582128519002	0.0717962611758	0.119085736805
-ude	0.617771705148	0.130543526088	0.23795650865	0.0137282601144
-udi	0.243612596554	0.654783125371	0.0766488413547	0.0249554367201
-abu	0.310799534484	0.506133841164	0.0475320449719	0.13553457938
-abe	0.24891396114	0.443186015522	0.045744842077	0.262155181261
-̱o̱	0.222054949191	0.69326307866	0.084681972149	0.0
-aba	0.336301905288	0.447314040409	0.0161824223614	0.200201631941
-abo	0.277442622485	0.238306600938	0.0528122775601	0.431438499016
-abi	0.21469168162	0.324118414749	0.0810636200324	0.380126283599
-aea	0.260338983051	0.561355932203	0.0230508474576	0.155254237288
-aeo	0.66170388751	0.0736145574855	0.0	0.264681555004
-oru	0.178595115698	0.644230008093	0.110778680115	0.0663961960946
-oro	0.0325704000613	0.785348736892	0.00278513388371	0.179295729163
-ora	0.501145193699	0.451360883556	0.0193910098782	0.0281029128669
-ore	0.253094999249	0.284232739844	0.166303065212	0.296369195695
-lio	0.0	1.0	0.0	0.0
-omo	0.332709274507	0.433112694317	0.0479613646355	0.186216666541
-oma	0.212187382248	0.246132869796	0.288132419766	0.25354732819
-rua	0.482642541553	0.34399326741	0.0799495055754	0.0934146854618
-lia	0.291904567313	0.311621335842	0.0176258757565	0.378848221088
-ome	0.268899194856	0.24995060069	0.0840825218522	0.397067682601
-144	0.011396011396	0.0997150997151	0.0	0.888888888889
-oda	0.293279330112	0.539396880094	0.120199780927	0.0471240088675
-ode	0.0328647436586	0.700530904172	0.00243859254982	0.26416575962
-odi	0.256191406585	0.548297256071	0.0227089653281	0.172802372016
-bu̱	0.0557029177718	0.657824933687	0.0318302387268	0.254641909814
-odo	0.303369702633	0.52787138067	0.0813136690851	0.087445247612
-uri	0.318122797255	0.285846781673	0.396030421072	0.0
-ura	0.220936591249	0.386549597019	0.0608278350463	0.331685976685
-ehe	0.258125058764	0.254175477286	0.17633263784	0.31136682611
-ure	0.289801907557	0.268158473955	0.161408657373	0.280630961115
-eha	0.202089393018	0.452798381457	0.0840374222962	0.261074803229
-uru	0.382964965786	0.294083238136	0.146203523151	0.176748272927
-pai	0.669142471303	0.237677245105	0.0607697501688	0.0324105334234
-ape	0.346876215883	0.157731879956	0.0980019359654	0.397389968195
-ári	0.352086892848	0.466194776666	0.148523309739	0.0331950207469
-̠la	0.330188679245	0.233490566038	0.0507075471699	0.385613207547
-apu	0.557449147883	0.2281473337	0.171522814733	0.0428807036833
-pau	0.717948717949	0.205128205128	0.0769230769231	0.0
-wai	0.327694857188	0.563159740402	0.0119425169639	0.097202885446
-̱lo	0.330392172917	0.486993483019	0.0911962277159	0.0914181163479
-áyu	0.192536035154	0.129356180641	0.0371015285789	0.641006255626
-yu̱	0.393442622951	0.606557377049	0.0	0.0
-sua	0.0673076923077	0.918269230769	0.0	0.0144230769231
-dia	0.0883158894229	0.73102320359	0.0660148817797	0.114646025207
-diu	0.12955465587	0.846153846154	0.00809716599189	0.0161943319838
-̱na	0.00624023151414	0.011497203084	0.00107792483264	0.981184640569
-iha	0.160501845396	0.408392237951	0.0524403678557	0.378665548797
-ihe	0.261764024051	0.427309888265	0.277238434052	0.0336876536315
-̱ni	0.134983364003	0.157588502495	0.13304070649	0.574387427012
-iho	0.665168539326	0.208988764045	0.0786516853932	0.047191011236
-uki	0.301435406698	0.641148325359	0.0	0.0574162679426
-ngu	0.149438919881	0.138584459271	0.0508525847358	0.661124036112
-nga	0.498716430801	0.114746180672	0.0189602152877	0.36757717324
-aia	0.0229118019322	0.93565382829	0.00895403753673	0.0324803322411
-nge	0.153363118239	0.29286469116	0.242285822272	0.311486368329
-ono	0.0906045165977	0.805543036109	0.0161915406461	0.0876609066469
-ngi	0.24351395029	0.250014496314	0.0482357914208	0.458235761975
-ngo	0.136215300903	0.414629901111	0.141448643613	0.307706154374
-eme	0.172171669801	0.472656469456	0.0928657838831	0.26230607686
-ema	0.269209798346	0.420525465424	0.170769823018	0.139494913212
-uwa	0.307428408276	0.0521397865759	0.0184349390865	0.621996866061
-emi	0.531276111686	0.174419855222	0.0675243019648	0.226779731127
-uwi	0.293233082707	0.65037593985	0.0112781954887	0.0451127819549
-260	0.0	0.101483216237	0.0468384074942	0.851678376268
-oni	0.32834663112	0.106376667264	0.0240067614726	0.541269940143
-450	0.0528634361233	0.0440528634361	0.0528634361233	0.850220264317
-wa̱	0.0332502078138	0.828207259629	0.138542532558	0.0
-dai	0.560329950197	0.0717389736554	0.00915967694703	0.358771399201
-000	0.0856881119255	0.299075558514	0.0147217461017	0.600514583458
-o-o	0.0561248727519	0.875602307431	0.00719375636239	0.0610790634543
-ete	0.0241935483871	0.969208211144	0.0	0.00659824046921
-uyi	0.362714013951	0.441978440076	0.181357006975	0.0139505389981
-uya	0.21926121372	0.599736147757	0.0960422163588	0.0849604221636
-bua	0.34093606607	0.360205522755	0.141913326209	0.156945084966
-300	0.0837696335078	0.38219895288	0.268760907504	0.265270506108
-̠ha	0.288746468197	0.467507408173	0.0468610019985	0.196885121632
-ate	0.0517188926073	0.92911469425	0.0127776087618	0.00638880438089
-ata	0.0967741935484	0.870967741935	0.0	0.0322580645161
-uyu	0.285957981684	0.614832106303	0.052522894595	0.0466870174178
-kai	0.177215189873	0.822784810127	0.0	0.0
-uli	0.285453830974	0.374375422762	0.079430025885	0.260740720379
-ulo	0.381678056296	0.204205060156	0.0701028145832	0.344014068965
-oso	0.0786160536261	0.878543893963	0.0049372400828	0.0379028123279
-ula	0.314451386976	0.360431023273	0.0803936016747	0.244723988076
-osi	0.0584295282885	0.874352762339	0.0391905372667	0.0280271721058
-ule	0.376758770965	0.126831914601	0.0546843663369	0.441724948097
-nia	0.0979813164394	0.871416299796	0.019327821325	0.0112745624396
-kau	0.155172413793	0.519704433498	0.302955665025	0.0221674876847
-ulu	0.243101538253	0.398584367151	0.220505534837	0.137808559758
-ilu	0.316843728745	0.508137830614	0.0724214237132	0.102597016927
-yua	0.251844046365	0.583508956797	0.0368809272919	0.127766069547
-ile	0.210144087616	0.282351659798	0.0829091105709	0.424595142015
-ke̱	0.172858917502	0.439834613979	0.288360999208	0.0989454693113
-ila	0.334981114848	0.500808181611	0.0870612876152	0.0771494159255
-ilo	0.334026009653	0.161889543705	0.0527276739646	0.451356772677
-nu̱	0.784988272088	0.196247068022	0.0	0.0187646598905
-ebi	0.165415375959	0.427165123533	0.118188263312	0.289231237196
-iga	0.257304058504	0.423003423247	0.0750899014982	0.244602616751
-oai	0.301017099361	0.285789384969	0.0313863958487	0.381807119821
-ebo	0.0572584333204	0.413479751808	0.130270509671	0.398991305201
-eba	0.115021051192	0.166759323096	0.0368595700806	0.681360055632
-igi	0.207786203111	0.387690440374	0.138029872661	0.266493483854
-igo	0.237394821202	0.215822714634	0.0432931722033	0.503489291961
-ebe	0.281280713379	0.304318430994	0.0492014753121	0.365199380316
-ami	0.370620513416	0.265918630376	0.0317600039124	0.331700852296
-amo	0.310446780552	0.563896189225	0.0591327201051	0.0665243101182
-ama	0.16784509825	0.463716198612	0.0746326784988	0.293806024639
-ame	0.147001140183	0.233400925835	0.042892999605	0.576704934377
-ebu	0.311041282419	0.343944258488	0.0647129813057	0.280301477788
-usi	0.0359078590786	0.943766937669	0.00813008130082	0.0121951219512
-iri	0.217734853082	0.471645886337	0.111856565029	0.198762695552
-usa	0.0	1.0	0.0	0.0
-ira	0.174554052889	0.117987054809	0.0267080486949	0.680750843607
-gui	0.154914579379	0.786209238082	0.0110190286587	0.0478571538806
-iru	0.317441410347	0.255457838512	0.0730850568042	0.354015694337
-gua	0.150821180086	0.0911244526043	0.0295068940547	0.728547473255
-usu	0.140712945591	0.765478424015	0.0225140712946	0.0712945590994
-íbu	0.528038834642	0.0421797097755	0.00736711320664	0.422414342376
-ála	0.279034690799	0.441930618401	0.0618401206637	0.217194570136
-a-o	0.0813284625945	0.866850000015	0.0200093836542	0.0318121537359
-íbi	0.211379529561	0.0514939605848	0.0359980928163	0.701128417038
-pia	0.0305084745763	0.522033898305	0.183050847458	0.264406779661
-e-o	0.108954261446	0.778644964757	0.0548106641763	0.0575901096214
-wia	0.403461754847	0.221082303851	0.018091141377	0.357364799925
-le̱	0.0997851011344	0.752039510281	0.0504192303205	0.0977561582642
-owi	0.0918823577669	0.544074818491	0.303539931909	0.0605028918331
-eho	0.285714285714	0.576881134133	0.104689203926	0.0327153762268
-owa	0.0765088526341	0.0183091200056	0.00700629937129	0.898175727989
-agu	0.37270680847	0.393289929502	0.137759984903	0.096243277124
-uho	0.475247524753	0.267326732673	0.168316831683	0.089108910891
-agi	0.16497259214	0.210606365631	0.0802884937889	0.544132548441
-ago	0.39419744452	0.140274350304	0.0525942289912	0.412933976185
-aga	0.146118939415	0.269762150822	0.0465090875487	0.537609822214
-uhe	0.331695784037	0.317636115229	0.311018090559	0.0396500101741
-age	0.214920197505	0.662646949903	0.0774920889671	0.0449407636249
-uha	0.20739811421	0.455729496973	0.0397295932474	0.297142795569
-ege	0.114611909012	0.189417202375	0.107214845035	0.588756043578
-one	0.112941414289	0.387834293984	0.0863884413092	0.412835850418
-anu	0.399159663866	0.600840336134	0.0	0.0
-ega	0.185443447328	0.679440536826	0.0241531247474	0.110962891099
-ona	0.0	1.0	0.0	0.0
-ego	0.342741630903	0.228216450966	0.105619425532	0.323422492599
-dau	0.175895765472	0.394136807818	0.0390879478827	0.390879478827
-egi	0.0	1.0	0.0	0.0
-áhe	0.331450094162	0.354048964218	0.308851224105	0.00564971751413
-íya	0.44262295082	0.262295081967	0.0983606557377	0.196721311475
-ana	0.0870638056512	0.337420887853	0.0355555871373	0.539959719359
-ko̱	0.0544747081712	0.256809338521	0.618677042801	0.0700389105059
-ane	0.104912445203	0.51452840973	0.0772259393993	0.303333205668
-ani	0.0839320304509	0.132701034994	0.0162631849024	0.767103749652
-ano	0.0961282755188	0.649109048033	0.150453435154	0.104309241294
-tai	0.692509834068	0.0935644354843	0.0464726498256	0.167453080622
-mia	0.460683601046	0.344508778483	0.0700410907732	0.124766529697
-oea	0.204188481675	0.681791739383	0.101221640489	0.0127981384526
-̱ya	0.342446751973	0.363247877071	0.0461107524821	0.248194618474
-eni	0.117112795141	0.633477635248	0.0448637860612	0.20454578355
-ene	0.320999092631	0.181067636726	0.0490250946827	0.448908175961
-ena	0.128330370188	0.849128784136	0.0129582639392	0.00958258173657
