-épj	0.28	0.6	0.04	0.08
-zûk	0.107142857143	0.107142857143	0.25	0.535714285715
-épi	0.478671442527	0.507652230544	0.0	0.0136763269293
-úrd	0.206896551724	0.793103448276	0.0	0.0
-nní	0.0	1.0	0.0	0.0
-tűz	0.0273876404494	0.941889044944	0.0096558988764	0.0210674157303
-cak	0.375	0.625	0.0	0.0
-caj	0.0	1.0	0.0	0.0
-cai	0.111111111111	0.888888888889	0.0	0.0
-cah	0.0	1.0	0.0	0.0
-can	0.0559651474531	0.338471849866	0.0402144772118	0.565348525469
-eus	0.00965939581426	0.960015572882	0.0178246367204	0.0125003945832
-épe	0.0585744636285	0.796473064225	0.0309704060564	0.11398206609
-iva	0.0	0.75	0.2	0.0499999999999
-rba	0.173719562938	0.661080924899	0.134702119624	0.030497392539
-ive	0.270757930405	0.639735315742	0.00671300653896	0.0827937473139
-rbe	0.230439868015	0.650273413193	0.0399795855776	0.0793071332146
-gta	0.635199491005	0.133710964764	0.0316222799379	0.199467264293
-ök-	0.0	0.857142857143	0.0	0.142857142857
-úbb	0.0155642023346	0.307392996109	0.647859922179	0.0291828793774
-úba	0.306623859412	0.457755998648	0.0165596485299	0.21906049341
-yei	0.0232599258921	0.636066850826	0.299032395283	0.041640827999
-aus	0.12	0.852307692308	0.0	0.0276923076923
-ehu	0.4	0.6	0.0	0.0
-aut	0.00339558573853	0.994057724958	0.0	0.00254668930391
-idé	0.0449974433271	0.722856655872	0.0306800749957	0.201465825805
-rpá	0.0	1.0	0.0	0.0
-yek	0.300311924988	0.228277081211	0.0661930532543	0.405217940547
-log	0.358117124987	0.363771323833	0.0309775064715	0.247134044708
-tlé	0.0	1.0	0.0	0.0
-íbá	0.0	1.0	0.0	0.0
-ufa	0.0	1.0	0.0	0.0
-yem	0.544047272414	0.291437563254	0.0598451999655	0.104669964367
-tlá	0.0	1.0	0.0	0.0
-idõ	0.0252272305695	0.775520929945	0.043745749088	0.155506090398
-aum	0.220077013584	0.763878489678	0.0	0.0160444967376
-idó	0.0388672108912	0.708310703732	0.184189637453	0.0686324479241
-mbe	0.0936883436812	0.84384575793	0.00986397215796	0.052601926231
-árd	0.352608732658	0.287292535535	0.282134649757	0.0779640820495
-i-s	0.0	1.0	0.0	0.0
-köd	0.144144144144	0.765765765766	0.0540540540541	0.036036036036
-fol	0.714285714286	0.285714285714	0.0	0.0
-ótt	1.0	0.0	0.0	0.0
-péé	0.657142857143	0.342857142857	0.0	0.0
-mír	0.0	1.0	0.0	0.0
-õvé	0.423832007952	0.441351888668	0.0789015904573	0.0559145129225
-vam	0.301694915254	0.437288135593	0.159322033898	0.101694915254
-óőr	0.414285714286	0.585714285714	0.0	0.0
-apa	0.0644663305066	0.899791248346	0.00529173507903	0.0304506860688
-i-e	0.499419630176	0.315984191497	0.0515494646921	0.133046713634
-tűr	0.668652925662	0.170460095731	0.0962195955846	0.0646673830223
-őón	0.0	0.666666666667	0.333333333333	0.0
-fja	0.485714285714	0.428571428572	0.0857142857142	0.0
-gub	0.0	1.0	0.0	0.0
-sva	0.612329333885	0.205626810095	0.093090608192	0.0889532478279
--fa	0.0999999999999	0.9	0.0	0.0
-óta	0.279367121425	0.174400884797	0.096782779099	0.449449214679
-sve	0.757364586633	0.105796642382	0.020905923345	0.11593284764
-tíz	0.0179542848779	0.0237845485815	0.00336642841461	0.954894738126
-gyé	0.433196020519	0.293603295507	0.00854966578579	0.264651018187
-car	0.0	0.992047713718	0.00795228628231	0.0
-tír	0.0	1.0	0.0	0.0
-tít	0.668649107901	0.231308411215	0.0660577740017	0.0339847068819
-úbi	0.0	1.0	0.0	0.0
-gyá	0.549320894499	0.137467416655	0.191247084648	0.121964604198
-kűt	0.5	0.0	0.5	0.0
-apj	0.181818181818	0.454545454546	0.363636363636	0.0
-tíl	0.0	1.0	0.0	0.0
-tím	0.0	1.0	0.0	0.0
-efí	0.0	1.0	0.0	0.0
-xbe	0.0395778364116	0.914248021108	0.0	0.0461741424802
-héj	0.0	1.0	0.0	0.0
-ivó	0.144743524632	0.682579989843	0.126968004063	0.0457084814627
-hél	0.0	1.0	0.0	0.0
-öjj	0.923226559461	0.017377772014	0.00700298275191	0.0523926857736
-hén	0.0579891531081	0.890279516062	0.0350438047559	0.0166875260743
-cat	0.0	0.157894736842	0.0	0.842105263158
-öre	0.5	0.25	0.0	0.25
-ári	0.02130070247	0.931565828235	0.0376161341491	0.00951733514616
-ivá	0.244585516879	0.624046695923	0.0715066820048	0.0598611051936
-héz	0.106331414723	0.0842169039685	0.623548419671	0.185903261638
-eué	0.0	1.0	0.0	0.0
-tűé	0.350877192982	0.575438596491	0.0526315789474	0.021052631579
-écz	0.0	1.0	0.0	0.0
-od-	0.428571428571	0.428571428571	0.142857142857	0.0
-ivé	0.553073189437	0.31993259266	0.0380932199114	0.0889009979919
-hér	0.0131357112489	0.0508568999135	0.933075310434	0.00293207840377
-öjt	0.00863930885528	0.496760259179	0.4686825054	0.0259179265659
-hét	0.0110036021913	0.0600079667965	0.00464015922171	0.924348271791
-épp	0.287973739182	0.328558639212	0.14622500746	0.237242614145
-hév	0.0	0.0147824276494	0.985217572351	0.0
-éfa	0.0	1.0	0.0	0.0
-eci	0.0	1.0	0.0	0.0
-jtõ	0.142857142857	0.857142857143	0.0	0.0
-rpa	0.0584016393443	0.929303278689	0.0122950819672	0.0
-idd	0.702724550348	0.123367198839	0.00716503463099	0.166743216182
-ide	0.244315320061	0.0389094158699	0.00715133532787	0.709623928742
-rpe	0.0	0.255319148936	0.744680851064	0.0
-yóé	0.12	0.72	0.16	0.0
-ida	0.00939784197702	0.98224852071	0.0	0.00835363731291
-ezû	0.20910623946	0.357504215852	0.362563237774	0.070826306914
-tli	0.685714285714	0.228571428571	0.0857142857143	0.0
-íjj	0.228813559322	0.745762711864	0.0	0.0254237288136
-ufá	0.0	1.0	0.0	0.0
-éda	0.117647058823	0.882352941177	0.0	0.0
-únt	0.0	1.0	0.0	0.0
-õve	0.267558528428	0.33779264214	0.0334448160535	0.361204013378
-uta	0.52450188476	0.39831269072	0.00718003949021	0.0700053850296
-éfá	0.0	0.99043062201	0.00956937799042	0.0
-yűl	0.365168539326	0.280898876404	0.185393258427	0.168539325843
-uth	0.0358208955224	0.659701492537	0.0179104477612	0.286567164179
-apu	0.0152037955575	0.948619797283	0.0235604916972	0.0126159154626
-pém	1.0	0.0	0.0	0.0
-yűk	0.145922746781	0.755364806867	0.0	0.0987124463519
-yűt	0.0	0.705882352941	0.294117647059	0.0
-iûz	0.5	0.0	0.0	0.5
-pés	0.329113924051	0.670886075949	0.0	0.0
-pét	0.0865055550923	0.809933395537	0.0163010213314	0.087260028039
-utt	0.0711974110032	0.340394233598	0.0135333921742	0.574874963225
--fõ	0.0957446808511	0.226063829787	0.476063829787	0.202127659574
-i-é	0.441458575181	0.373255612913	0.0636829928948	0.121602819012
-ziz	0.0	1.0	0.0	0.0
-svá	0.0	1.0	0.0	0.0
-vor	0.0	1.0	0.0	0.0
-ótá	0.0	1.0	0.0	0.0
-gyo	0.5	0.0	0.0	0.5
-gyj	0.637816433319	0.210154150757	0.00848536274926	0.143544053175
-gyi	0.145679012346	0.769135802469	0.0777777777777	0.00740740740741
-õr-	0.0	0.0	1.0	0.0
-gye	0.61480577498	0.18547368548	0.0147603375239	0.184960202016
-gyd	0.782680292536	0.104712549039	0.0254274228701	0.0871797355548
-gya	0.32905982906	0.551282051282	0.0801282051282	0.0395299145299
-üje	0.215419501134	0.631519274376	0.136054421769	0.0170068027211
-órá	0.4	0.6	0.0	0.0
-inû	0.0	0.0666666666667	0.933333333333	0.0
-yög	0.573082489146	0.409551374819	0.0	0.0173661360348
-yök	0.0395393767814	0.887197046502	0.0298410390803	0.043422537636
-yöm	0.333333333333	0.666666666667	0.0	0.0
-yön	0.184486373166	0.794549266247	0.020964360587	0.0
-osb	0.227848101266	0.46835443038	0.0	0.303797468354
-rzó	0.771428571429	0.0571428571427	0.171428571429	0.0
-yös	0.0179015415216	0.0969666832422	0.885131775236	0.0
-yöt	0.0346054973304	0.707583547558	0.24396875618	0.0138421989322
-yöv	0.0785340314136	0.915183246073	0.00628272251308	0.0
-idá	0.0	1.0	0.0	0.0
-eél	0.0	1.0	0.0	0.0
-ivő	0.276261373036	0.5682382134	0.103391232424	0.0521091811414
-rgõ	0.0882352941175	0.764705882353	0.147058823529	0.0
-inó	0.157894736842	0.842105263158	0.0	0.0
-dáz	0.25	0.75	0.0	0.0
-íhá	0.0	1.0	0.0	0.0
-dát	0.102801945671	0.749483931412	0.135003129357	0.0127109935603
-ülõ	0.423721181556	0.382474783862	0.157600864553	0.0362031700288
-nui	0.0487804878048	0.951219512195	0.0	0.0
-dár	0.0457478846981	0.914097232181	0.024857784789	0.0152970983317
-dás	0.130789750495	0.76809194654	0.0595821037626	0.0415361992025
-dál	0.67960199005	0.209950248756	0.04776119403	0.0626865671642
-tné	0.457234988417	0.175223843216	0.0748231168994	0.292718051468
-dán	0.00621118012423	0.956239412761	0.0364201016375	0.00112930547713
-dáh	0.0	1.0	0.0	0.0
-dái	0.133425852498	0.814333862014	0.0373711340206	0.0148691514671
-jló	0.127107652399	0.540856031128	0.332036316472	0.0
-dák	0.468379388045	0.407428546015	0.0605950545541	0.0635970113852
-dád	0.331555365906	0.441007040751	0.0661403883081	0.161297205035
-íhú	0.0	0.95	0.0499999999999	0.0
-kem	0.0177609985585	0.0700264928953	0.00424353271417	0.907968975832
-dáb	0.0	1.0	0.0	0.0
-zõi	0.148148148148	0.822222222222	0.0296296296297	0.0
-ije	0.281190179137	0.221575306727	0.0529344055724	0.444300108563
-eéb	0.0	1.0	0.0	0.0
-ráz	0.334394904459	0.592356687898	0.0445859872611	0.0286624203822
-ija	0.0160808145162	0.925170609784	0.0227275511829	0.0360210245163
-ódí	0.0	1.0	0.0	0.0
-kúr	0.0	1.0	0.0	0.0
-rát	0.0884318918095	0.862008130447	0.0167075101748	0.0328524675691
-rár	0.0	1.0	0.0	0.0
-rás	0.253842970541	0.674977722018	0.0412623087527	0.0299169986888
-rán	0.105131005596	0.504171686577	0.0496999313164	0.34099737651
-rál	0.717976318622	0.130247578041	0.0871905274488	0.064585575888
-kbe	0.272790438184	0.565873118782	0.0220226812461	0.139313761787
-ráj	0.0	1.0	0.0	0.0
-rák	0.222571121051	0.697484966081	0.0414333817184	0.0385105311491
-ráh	0.0576923076923	0.692307692308	0.0384615384615	0.211538461538
-kba	0.181728354519	0.714385093385	0.0563163728072	0.0475701792887
-r-é	0.213529856387	0.657974300831	0.0547996976568	0.0736961451247
-rág	0.172101449275	0.782608695652	0.0163043478261	0.0289855072464
-rád	0.145291174707	0.14502344575	0.0268747166236	0.68281066292
-nha	0.215189873418	0.101265822785	0.0303797468354	0.653164556962
-úsí	0.0	1.0	0.0	0.0
-aac	0.0	1.0	0.0	0.0
-aút	0.114893617021	0.885106382979	0.0	0.0
-bós	0.666666666667	0.333333333333	0.0	0.0
-ég5	0.230642504119	0.291598023064	0.0988467874794	0.378912685338
-aul	0.0130195071187	0.974315258065	0.00106281690765	0.0116024179085
-úsá	0.0	1.0	0.0	0.0
-dűt	0.0	0.142857142857	0.857142857143	0.0
-jõ-	0.285714285714	0.642857142857	0.0	0.0714285714286
-jin	0.0	1.0	0.0	0.0
-ker	0.0643776824035	0.896995708155	0.038626609442	0.0
-yót	0.0580175162449	0.906263873754	0.0302700084756	0.0054486015256
-ntú	0.272727272727	0.181818181818	0.545454545455	0.0
-cád	0.226548496315	0.501593308106	0.0507866958773	0.221071499701
-cák	0.0	1.0	0.0	0.0
-cái	0.0	0.279329608938	0.653631284916	0.0670391061453
-aró	0.236518448439	0.720908230842	0.0331125827814	0.00946073793754
-cán	0.107699254911	0.81056671935	0.046060058704	0.0356739670354
-cám	0.0	1.0	0.0	0.0
-cár	0.0	1.0	0.0	0.0
-cát	0.0888222902686	0.821703911221	0.0102069624514	0.0792668360588
-iök	0.67718426501	0.230890269151	0.0285714285714	0.0633540372671
-óhi	0.0	1.0	0.0	0.0
-idő	0.03476521183	0.741876501505	0.036036109904	0.187322176761
-yat	0.109735755936	0.718559551066	0.0570036163518	0.114701076645
-jla	0.285714285714	0.428571428571	0.285714285714	0.0
-yas	0.217898832685	0.599221789883	0.167315175097	0.0155642023346
-pok	0.0542975739919	0.87283126041	0.0589485488277	0.01392261677
-lvû	0.0	1.0	0.0	0.0
-mfa	0.0	1.0	0.0	0.0
-kez	0.493781094527	0.257462686567	0.0248756218905	0.223880597015
-yad	0.380049464138	0.445177246496	0.0956306677658	0.0791426215993
-yag	0.0467289719627	0.870596693027	0.0826743350107	0.0
-dáé	0.0151133501259	0.984886649874	0.0	0.0
-lpa	0.0425531914894	0.759574468085	0.0255319148936	0.172340425532
-yam	0.274709302326	0.628270348837	0.0370639534883	0.0599563953488
-yal	0.0364077101172	0.89412490188	0.0185171416547	0.0509502463485
-yan	0.121258821944	0.0559153645858	0.0214857417658	0.801340071704
-yai	0.0513573443039	0.890136146792	0.0104740831316	0.0480324257723
-dáá	0.0	1.0	0.0	0.0
-yak	0.220859770443	0.440721465745	0.322021815071	0.0163969487417
-zki	0.0	1.0	0.0	0.0
-áúl	0.0	0.8	0.0	0.2
-ijá	0.0	0.646112600536	0.353887399464	0.0
-izõ	0.494252873563	0.316091954023	0.137931034483	0.051724137931
-edõ	0.133525290807	0.725730504832	0.125239946843	0.0155042575183
-lui	0.0	1.0	0.0	0.0
-cin	0.0	1.0	0.0	0.0
-ijõ	0.328767123288	0.0547945205479	0.0	0.616438356164
-yûl	0.332307692308	0.293846153846	0.110769230769	0.263076923077
-éth	0.0	1.0	0.0	0.0
-zs-	0.222222222222	0.777777777778	0.0	0.0
-utó	0.798657718121	0.120805369127	0.0805369127517	0.0
-atá	0.727413683741	0.18581194841	0.0323416784783	0.0544326893711
-svi	0.0	1.0	0.0	0.0
-yûk	0.206896551724	0.702586206897	0.0258620689655	0.0646551724137
-izá	0.0	1.0	0.0	0.0
-ya-	0.0932349186969	0.62939119818	0.277373883123	0.0
-óth	0.00411522633745	0.987654320988	0.0082304526749	0.0
-áté	0.00456412596987	0.991523766056	0.0	0.00391210797418
-gyű	0.0	0.433962264151	0.566037735849	0.0
-óti	0.0213751335946	0.978624866405	0.0	0.0
-rdõ	0.017094017094	0.982905982906	0.0	0.0
-sjá	0.0	1.0	0.0	0.0
-maj	0.0	1.0	0.0	0.0
-óul	0.0712001218398	0.856838257691	0.0536856533658	0.0182759671033
-zlõ	0.0	0.941176470588	0.0588235294118	0.0
-őre	0.178078862701	0.378388945524	0.0449011541397	0.398631037636
-fod	0.0	1.0	0.0	0.0
-édá	0.0	1.0	0.0	0.0
-add	0.644497945824	0.102031175827	0.0158656200291	0.23760525832
-gzé	0.832487309645	0.152284263959	0.0	0.0152284263959
-rdó	0.0347826086957	0.965217391304	0.0	0.0
-ada	0.55171364063	0.196884751008	0.132042923463	0.119358684898
-fog	0.168599994496	0.0143996593442	0.00379472012491	0.813205626035
-adj	0.621467662804	0.244665145618	0.0468915432679	0.0869756483097
-adi	0.031746031746	0.706349206349	0.134920634921	0.126984126984
-cpa	0.0	1.0	0.0	0.0
-adt	0.626642999328	0.129027838183	0.0466963181016	0.197632844387
-üvé	0.432432432432	0.201663201663	0.045738045738	0.320166320166
-cpe	0.0	1.0	0.0	0.0
-aat	0.0	1.0	0.0	0.0
-gzó	0.319833211073	0.359715841087	0.105169684568	0.215281263272
-ûzd	0.663594470046	0.202764976958	0.133640552995	0.0
-döz	0.744680851064	0.148936170213	0.106382978723	0.0
-gzõ	0.0	0.925	0.025	0.05
-óka	0.208030962748	0.559748427673	0.232220609579	0.0
-sen	0.338835498401	0.192213651986	0.126451231882	0.342499617731
-sem	0.127806586378	0.103162227881	0.0178945585234	0.751136627218
-sel	0.310929608304	0.514622549662	0.113470548264	0.0609772937703
-sek	0.189005230797	0.326322681608	0.344191007372	0.140481080223
-sei	0.233571908006	0.635065955812	0.0538618840444	0.077500252138
-ebá	0.0	1.0	0.0	0.0
-lbe	0.14892394269	0.786970515432	0.0418079620941	0.0222975797835
-sef	0.0178062980749	0.974799201054	0.00254982788662	0.00484467298457
-sed	0.354796474792	0.498795626504	0.057758789896	0.0886491088088
-lba	0.113753020261	0.828449181395	0.0304198938656	0.027377904479
-raó	0.004439378487	0.991121243026	0.000719899214111	0.0037194792729
-sea	0.038338658147	0.961661341853	0.0	0.0
-ácz	0.089850249584	0.820299500832	0.089850249584	0.0
-õkõ	0.0	1.0	0.0	0.0
-eré	0.408929663609	0.511070336391	0.0494189602446	0.0305810397554
-égő	0.319618633222	0.557205016637	0.088622984387	0.0345533657538
-uim	0.173913043478	0.826086956522	0.0	0.0
-oha	0.124034574133	0.0538942163119	0.0129537340938	0.809117475461
-õke	0.0	1.0	0.0	0.0
-uin	0.02	0.98	0.0	0.0
-ûen	0.409136047666	0.201588877855	0.0536246276067	0.335650446872
-set	0.170824769377	0.604213734887	0.191152874001	0.0338086217352
-ses	0.129139423926	0.475030924192	0.349949396778	0.0458802551045
-ser	0.00493015612161	0.985209531635	0.00986031224323	0.0
-uig	0.0	0.947136563877	0.0264317180616	0.0264317180617
-aam	0.0	1.0	0.0	0.0
-ozá	0.728192161821	0.165823851664	0.0364517488411	0.0695322376739
-bli	0.0	1.0	0.0	0.0
-átó	0.376149665552	0.216555183946	0.391617892977	0.0156772575251
-aal	0.0	0.975782038345	0.0242179616549	0.0
-ble	0.357142857143	0.642857142857	0.0	0.0
-mts	1.0	0.0	0.0	0.0
-ad-	0.461538461539	0.0512820512819	0.48717948718	0.0
-bla	0.0285714285714	0.971428571429	0.0	0.0
-azó	0.264607210037	0.306591424748	0.11402641224	0.314774952974
-ozó	0.240018441485	0.453354502653	0.130176824324	0.176450231539
-égű	0.0189513581807	0.628763950305	0.152663718678	0.199620972836
-mti	0.545740086376	0.371809972517	0.0824499411072	0.0
-azé	0.475875486381	0.197276264591	0.0264591439689	0.300389105058
-ívj	0.634146341463	0.307317073171	0.0585365853658	0.0
-átá	0.858363597522	0.0636616107669	0.0137791070284	0.0641956846827
-ívd	0.778381977583	0.0699515407095	0.0140568934265	0.137609588281
-íve	0.073794897371	0.782012381774	0.0238317798875	0.120360940967
-mta	0.226771653543	0.390551181102	0.277165354331	0.105511811024
-íva	0.415417558887	0.41755888651	0.0385438972163	0.128479657388
-ugé	0.0	1.0	0.0	0.0
-mte	0.652173913043	0.173913043478	0.0	0.173913043478
-érû	0.0	0.692307692308	0.0	0.307692307692
-ved	0.227436526004	0.656959070704	0.0269604388889	0.0886439644025
-mõk	0.0388349514563	0.766990291262	0.155339805825	0.0388349514563
-aré	0.0	1.0	0.0	0.0
-fód	0.0	1.0	0.0	0.0
-mõt	0.1	0.9	0.0	0.0
-tív	0.0542986425339	0.633484162896	0.31221719457	0.0
-aad	0.15	0.7	0.0	0.15
-lhi	0.0	1.0	0.0	0.0
-fón	0.0	0.818181818182	0.0	0.181818181818
-éja	0.0	1.0	0.0	0.0
-zol	0.615341134247	0.267864631725	0.0403920565493	0.0764021774792
-zom	0.599198852962	0.211873421268	0.0420409134385	0.146886812331
-zon	0.200951918859	0.12350157397	0.108575641427	0.566970865744
-gzi	0.537811518838	0.31887755102	0.0419446624804	0.101366267661
-ábi	0.0	0.950911640954	0.0490883590463	0.0
-zok	0.156394156656	0.0807968515272	0.0161967128933	0.746612278924
-zod	0.55192508146	0.351439194347	0.0420554994706	0.0545802247228
-rdé	0.910101210558	0.0565588410399	0.00952569954356	0.0238142488589
-léb	0.0	1.0	0.0	0.0
-zog	0.832116788321	0.0875912408758	0.0802919708029	0.0
-úak	0.154775472988	0.512195121951	0.254729883747	0.078299521313
-úah	0.0	0.925465838509	0.0745341614907	0.0
-gze	0.0	0.857142857143	0.142857142857	0.0
-cpá	0.0	1.0	0.0	0.0
-máj	0.0	1.0	0.0	0.0
-adó	0.266942939114	0.451322919987	0.137169270003	0.144564870896
-zot	0.181026269225	0.742752143732	0.0734993875051	0.00272219953722
-gyû	0.0714285714287	0.357142857143	0.571428571429	0.0
-zor	0.0710802031541	0.331943379229	0.308196926926	0.288779490691
-zos	0.355343179844	0.290182450043	0.351867940921	0.00260642919201
-áfú	0.0	1.0	0.0	0.0
-raz	0.105671267849	0.0795943770961	0.794754493487	0.0199798615681
-sma	0.0	1.0	0.0	0.0
-evá	0.0	1.0	0.0	0.0
-ohó	1.0	0.0	0.0	0.0
-óké	0.249213074576	0.576141542454	0.0961530760174	0.078492306953
-rat	0.0644510305619	0.882891419961	0.0145135066351	0.0381440428424
-cbe	0.177402625273	0.779677384742	0.00214599949927	0.0407739904861
-ert	0.106991878664	0.0860855825143	0.00473328109758	0.802189257724
-ras	0.038961038961	0.961038961039	0.0	0.0
-erv	0.0936555891238	0.779456193354	0.0181268882175	0.108761329305
-cba	0.273478010371	0.592535689136	0.00896229434735	0.125024006146
-ran	0.154638788266	0.202331124833	0.0551401584114	0.58788992849
-eri	0.363413567596	0.316608071869	0.20932302703	0.110655333505
-ral	0.150506504402	0.752662265737	0.0335213287773	0.0633099010841
-ram	0.0186684331951	0.929496749482	0.0011848438425	0.0506499734801
-raj	0.0	1.0	0.0	0.0
-rak	0.0789706484751	0.860645526286	0.0507635096939	0.00962031554458
-rah	0.0	0.987124463519	0.0077253218884	0.00515021459227
-rai	0.0877821689329	0.824469153996	0.0646392926519	0.0231093844196
-era	0.0789133247089	0.828589909444	0.0912031047866	0.0012936610608
-rad	0.628594936777	0.162908708679	0.022468847981	0.186027506563
-erd	0.339097189034	0.468001911631	0.0221575357345	0.170743363601
-ere	0.295573638513	0.647022494145	0.0329995494082	0.0244043179344
-dos	0.0296029515109	0.919448348559	0.0439212930429	0.00702740688687
-fbe	0.0	0.714285714286	0.142857142857	0.142857142857
-oza	0.614397719173	0.0855310049893	0.133285816108	0.166785459729
-ozd	0.709515078134	0.20877902824	0.0342981829585	0.0474077106671
-zád	0.236378072035	0.0334427384045	0.0128229830378	0.717356206523
-azt	0.180395357657	0.0503794014064	0.0129299904247	0.756295250512
-gyó	0.0481829980532	0.878136491456	0.0612426995458	0.0124378109453
-hín	0.0	0.968831168831	0.0311688311688	0.0
-ívó	0.300463439753	0.415808444902	0.256179196704	0.0275489186406
-lút	0.0	1.0	0.0	0.0
-mté	0.67936736161	0.196621135873	0.102444284687	0.0215672178289
-azi	0.0438084699728	0.0830399356201	0.723066089931	0.150085504476
-ozt	0.135135135135	0.611486486486	0.253378378378	0.0
-áta	0.782037893481	0.108309712069	0.00686259883635	0.102789795614
-ozz	0.536849661113	0.234004665737	0.0396863741148	0.189459299035
-ehú	0.0	1.0	0.0	0.0
-mtá	0.0	1.0	0.0	0.0
-aza	0.0961066189087	0.722602629547	0.0179226364104	0.163368115134
-bló	0.126546534308	0.749963610957	0.120433175162	0.00305667957265
-pkő	0.063339731286	0.879078694818	0.0460652591171	0.0115163147793
-õzé	0.645348837209	0.0523255813954	0.21511627907	0.0872093023256
-ike	0.170946335834	0.635747259088	0.0656376226197	0.127668782458
-úmá	0.0	1.0	0.0	0.0
-vsá	0.0	1.0	0.0	0.0
-ika	0.0032345013477	0.946091644205	0.0215633423181	0.0291105121294
-eór	0.0139697322468	0.986030267753	0.0	0.0
-nos	0.0196212422097	0.88142583784	0.0663211662054	0.0326317537453
-not	0.0854978354978	0.798701298701	0.0670995670996	0.0487012987013
-iki	0.0334605212176	0.183533801654	0.0141507050083	0.76885497212
-óhu	0.0	1.0	0.0	0.0
-ődd	1.0	0.0	0.0	0.0
-nok	0.232572549993	0.321935167619	0.27628255105	0.169209731337
-nol	0.625	0.173076923077	0.201923076923	0.0
-nom	0.580364994682	0.249340446737	0.0695776346536	0.100716923927
-non	0.0482186307436	0.907506976851	0.0233483690686	0.0209260233369
-eól	0.214285714286	0.214285714286	0.571428571429	0.0
-nod	0.499092068733	0.31827117881	0.118856456817	0.0637802956405
-őek	0.382228490832	0.160789844852	0.41466854725	0.0423131170663
-seb	0.41619626574	0.329787234043	0.178028658272	0.0759878419452
-ivõ	0.143920595534	0.655086848635	0.133995037221	0.0669975186105
-yát	0.0903153771225	0.851085750371	0.0185432917154	0.0400555807906
-yás	0.312148768775	0.33381015633	0.222233575151	0.131807499745
-yár	0.0	0.961627741722	0.0383722582785	0.0
-fáj	0.214285714286	0.517857142857	0.107142857143	0.160714285714
-fák	0.0483292540869	0.936036543068	0.00443045430153	0.0112037485439
-fái	0.0217155266015	0.972855591748	0.00542888165038	0.0
-fán	0.22750428861	0.708686385611	0.0340489681343	0.0297603576441
-dod	0.725987003128	0.0934256461064	0.0169041414707	0.163683209295
-fál	0.0	0.833333333333	0.166666666667	0.0
-yáz	0.637356124645	0.161764247169	0.0698711750211	0.131008453164
-fár	0.12571716628	0.845574822391	0.0287080113294	0.0
-yád	0.0678300713316	0.770478245355	0.0412382823052	0.120453401008
-tyû	0.0967741935482	0.806451612904	0.0967741935482	0.0
-sís	0.0	0.75	0.25	0.0
-fát	0.048973130684	0.914945216393	0.0179394328164	0.018142220107
-eáé	0.0	1.0	0.0	0.0
-yál	0.640559110458	0.32419490192	0.00881149690548	0.0264344907165
-yán	0.126723223754	0.844644750795	0.0254506892895	0.00318133616119
-yái	0.286465177398	0.642575558476	0.0	0.0709592641261
-yák	0.118286985539	0.829098998888	0.0204115684093	0.0322024471635
-yáj	0.140043645283	0.844987104803	0.00180352408607	0.0131657258283
-gla	0.0524017467248	0.89519650655	0.0	0.0524017467249
-tod	0.618818698989	0.187971495585	0.0370088114334	0.156200993993
-vos	0.019874264855	0.896302305144	0.0371797471777	0.0466436828229
-gle	1.0	0.0	0.0	0.0
-ton	0.0546927441455	0.853315667422	0.0132264734761	0.0787651149568
-gli	0.0	1.0	0.0	0.0
-tol	0.241717738054	0.616938355949	0.0440396055045	0.0973043004932
-tom	0.473711095439	0.412782893537	0.0390505158396	0.0744554951839
-ívő	0.37281972265	0.348228043143	0.0591679506934	0.219784283513
-tot	0.172675973186	0.754839677389	0.0444170696659	0.028067279759
-apá	0.808510638298	0.191489361702	0.0	0.0
-tor	0.0405589143046	0.843460365607	0.100468147286	0.0155125728017
-tos	0.145359862819	0.244950283673	0.354301097897	0.255388755611
-vok	0.350175087544	0.579789894948	0.040020010005	0.0300150075038
-vol	0.0578487234135	0.1404027663	0.093775825323	0.707972684964
-vom	0.645904661575	0.26915986305	0.0296286542007	0.0553068211746
-von	0.21465545131	0.744581041734	0.00388223875768	0.036881268198
-árá	0.556962025316	0.342922899885	0.0	0.100115074799
-rot	0.154101924675	0.773003388964	0.027175650617	0.0457190357439
-iek	0.108874498494	0.655485032725	0.123069045864	0.112571422918
-iel	0.0150783593462	0.961502061244	0.00994530084534	0.0134742785647
-ége	0.123318530374	0.760271213964	0.0579362796138	0.0584739760475
-ros	0.0292030107647	0.816848439849	0.0928310449205	0.0611175044656
-vők	0.311575471389	0.36243432957	0.102801756309	0.223188442733
-égi	0.0428087510588	0.311743275875	0.544214149289	0.101233823777
-vői	0.206422018349	0.481651376147	0.0275229357798	0.284403669725
-vőn	0.578073089701	0.252491694352	0.0	0.169435215947
-ied	0.140285050262	0.533503206115	0.00168006048218	0.324531683141
-roz	0.656900539707	0.225905936777	0.0639938319198	0.053199691596
-vőm	0.0	0.636363636364	0.181818181818	0.181818181818
-rod	0.492599400213	0.160007739189	0.123149850053	0.224243010545
-rog	0.600530795278	0.210945364693	0.0924315914707	0.0960922485586
-vőt	0.146637515078	0.730850422195	0.0670989143547	0.0554131483716
-zsa	0.0728155339806	0.883495145631	0.0291262135922	0.0145631067961
-rol	0.600890207715	0.26962503372	0.0890207715134	0.0404639870515
-rom	0.222633517739	0.073361438352	0.0337362601362	0.670268783773
-égy	0.282976613256	0.0890071413145	0.00967327462143	0.618342970808
-gor	0.166666666667	0.75	0.0833333333333	0.0
-őve	0.451906197957	0.341045145609	0.110726020615	0.0963226358194
-rok	0.418066370053	0.332046959472	0.0180556993244	0.231830971151
-apé	0.262390670554	0.737609329446	0.0	0.0
-iká	0.0	1.0	0.0	0.0
-oly	0.147716193515	0.635962862184	0.0347692551289	0.181551689172
-zül	0.051290502274	0.0356786252413	0.00691257656367	0.906118295921
-iké	0.195406489245	0.49216186657	0.0303803621339	0.282051282051
-áré	0.0473337327741	0.922708208508	0.0095865787897	0.0203714799281
-noé	0.0	0.993264481365	0.0	0.00673551863494
-ûz-	0.6	0.4	0.0	0.0
-ikó	0.0502207505519	0.937637969095	0.00993377483443	0.00220750551876
-zõm	1.0	0.0	0.0	0.0
-gző	0.0565656565656	0.816835016835	0.0383838383838	0.0882154882155
-úbá	0.0	1.0	0.0	0.0
-tûr	0.605172413793	0.112068965517	0.163793103448	0.118965517241
-eás	0.0126452700668	0.94761245258	0.0	0.0397422773529
-hés	0.0	1.0	0.0	0.0
-eát	0.0881178999079	0.849861836045	0.00337734111145	0.0586429229352
-apó	0.588235294118	0.0	0.411764705882	0.0
-fáé	1.0	0.0	0.0	0.0
-zsz	0.7004048583	0.105263157895	0.0485829959513	0.145748987854
-ó-e	0.22576079264	0.405520169851	0.0969568294409	0.271762208068
-eáb	0.0	1.0	0.0	0.0
-eád	0.098589217724	0.474405429765	0.00579395589236	0.421211396619
-íri	0.0	1.0	0.0	0.0
-eáh	0.0	1.0	0.0	0.0
-eák	0.0	1.0	0.0	0.0
-eám	0.0979049989629	0.118232731798	0.0217797137523	0.762082555486
-ddi	0.596187175043	0.403812824957	0.0	0.0
-eán	0.432475884244	0.38424437299	0.0771704180064	0.106109324759
-glá	0.0	1.0	0.0	0.0
-llá	0.794800657624	0.147348951911	0.0142827784628	0.0435676120017
-on-	0.0	1.0	0.0	0.0
-erű	0.118817790233	0.212050443718	0.590975141419	0.0781566246302
-uét	0.0	1.0	0.0	0.0
-uél	0.0	1.0	0.0	0.0
-stó	0.0	1.0	0.0	0.0
-tin	0.042194092827	0.645569620253	0.151898734177	0.160337552743
-erő	0.0575902335456	0.877123142251	0.0258757961784	0.0394108280254
-égé	0.136769078295	0.815659068385	0.0267591674926	0.0208126858275
-vőé	0.0	0.818181818182	0.181818181818	0.0
-yke	0.425	0.425	0.15	0.0
-égó	0.0	1.0	0.0	0.0
-ővé	0.297547008295	0.438380021844	0.202497269534	0.0615757003276
-áig	0.160558048666	0.602097273797	0.0974066284111	0.139938049125
-égõ	0.257550335571	0.538590604027	0.193791946309	0.010067114094
-ar-	0.0	0.714285714286	0.285714285714	0.0
-égû	0.0254957507082	0.678470254958	0.151558073654	0.14447592068
-óga	0.0165653027901	0.971365690891	0.0106491232222	0.00141988309629
-gfi	0.0521739130435	0.84347826087	0.104347826087	0.0
-roé	0.0	1.0	0.0	0.0
-mlõ	0.110429447853	0.742331288344	0.147239263804	0.0
-lei	0.0879253859095	0.821069822811	0.0435347244768	0.0474700668024
-ágy	0.15358573139	0.786714008505	0.0495437843194	0.0101564757855
-lek	0.303719857246	0.556609173922	0.0340966632972	0.105574305535
-lel	0.331467729338	0.568072565047	0.0584993718555	0.0419603337593
-iző	0.377358490566	0.528301886792	0.0754716981132	0.0188679245283
-len	0.0999433511082	0.128962458207	0.25905787149	0.512036319195
-ódd	0.617391304348	0.260869565217	0.0	0.121739130435
-lea	0.0154542616297	0.973930689978	0.00686856072432	0.00374648766781
-leb	0.0	1.0	0.0	0.0
-sfa	0.0204603580563	0.90537084399	0.0664961636829	0.00767263427109
-led	0.116672284887	0.0644774376369	0.0128154410666	0.80603483641
-óda	0.215039175118	0.742902689686	0.000678357019299	0.0413797781772
-muk	0.174994757211	0.75294072789	0.0173488646979	0.0547156502011
-yta	0.808793104308	0.0873278195714	0.00788677345218	0.0959923026686
-űvé	0.0922374429224	0.171689497717	0.719634703196	0.0164383561644
-ági	0.242866847826	0.411430027174	0.307489809783	0.0382133152174
-rûk	0.0	1.0	0.0	0.0
-ûvé	0.3125	0.375	0.3125	0.0
-mus	0.00299625468165	0.997003745318	0.0	0.0
-saj	0.0	0.979130434783	0.0	0.0208695652174
-lep	0.0661236224245	0.902571474205	0.0124580737901	0.0188468295799
-évé	0.234834344816	0.567162680357	0.105937729466	0.0920652453605
-ága	0.0791808147516	0.758325736686	0.113547036325	0.0489464122381
-les	0.0873677759718	0.237679074188	0.623351362873	0.0516017869672
-let	0.105918355416	0.808835170096	0.0364188711944	0.0488276032933
-jük	0.521415087775	0.171982961589	0.0447703871399	0.261831563497
-ágd	0.789237173597	0.145289990896	0.00400854094942	0.0614642945578
-udó	0.0532835820895	0.846268656716	0.0767164179104	0.0237313432836
-vük	0.0602101123724	0.598328703545	0.0194336797101	0.322027504373
-sah	0.0	1.0	0.0	0.0
-vül	0.0876657070166	0.107671900107	0.136708288698	0.667954104178
-ecz	0.0	1.0	0.0	0.0
-gúb	0.0	1.0	0.0	0.0
-nép	0.0107890790238	0.952263154191	0.00702255910884	0.029925207676
-yzé	0.857142857143	0.142857142857	0.0	0.0
-ûlj	1.0	0.0	0.0	0.0
-yzõ	0.537507383343	0.462492616657	0.0	0.0
-úát	0.0	1.0	0.0	0.0
-udá	0.385093167702	0.540372670807	0.0	0.0745341614907
-og-	0.333333333333	0.493333333333	0.0333333333333	0.14
-yzó	0.0791411042945	0.81226993865	0.0386503067485	0.0699386503067
-gúr	0.0	1.0	0.0	0.0
-udé	0.0	1.0	0.0	0.0
-gút	0.0	1.0	0.0	0.0
-édű	0.1875	0.59375	0.03125	0.1875
-rül	0.31620507576	0.241147781294	0.0561893789063	0.38645776404
-ülő	0.459943061885	0.211494427065	0.0665995532992	0.261962957751
-120	0.101910828025	0.605095541401	0.0	0.292993630573
-rük	0.228418866805	0.681585582913	0.0458691782854	0.0441263719964
-jaz	0.25	0.25	0.5	0.0
-lom	0.227105854596	0.681641193998	0.0301342995579	0.0611186518479
-fők	0.00938967136149	0.943661971831	0.018779342723	0.0281690140845
-é-é	0.260869565217	0.478260869565	0.260869565218	0.0
-jé-	0.0	1.0	0.0	0.0
-óvá	0.387954123129	0.285283574955	0.123226711423	0.203535590492
-lyg	0.0	0.625	0.375	0.0
-őrű	0.0	0.0	1.0	0.0
-ogy	0.0577901518779	0.0129483625023	0.00163575809339	0.927625727526
-jka	0.0935251798561	0.812949640288	0.0503597122302	0.0431654676259
-ülű	0.0769230769231	0.125	0.682692307692	0.115384615385
-peg	0.135746606335	0.79185520362	0.0723981900452	0.0
-lsz	0.616791380017	0.2067568608	0.0562073965939	0.120244362589
-pem	0.0246093429299	0.626125448127	0.0291453435866	0.320119865357
-pen	0.134350096703	0.18325815281	0.0875704786333	0.594821271853
-pei	0.127856365615	0.756800870511	0.0397170837867	0.0756256800871
-pek	0.0309479480273	0.898238195215	0.0439015211535	0.0269123356045
-pet	0.0278217182001	0.938587372764	0.0088284621558	0.0247624468796
-yfa	0.0	0.916666666667	0.0833333333333	0.0
-ogj	0.684507042254	0.208450704225	0.0563380281691	0.0507042253521
-per	0.137931034483	0.793103448276	0.0	0.0689655172413
-pes	0.204389695804	0.28157704322	0.253428162999	0.260605097977
-oga	0.124877089479	0.810226155359	0.0530973451328	0.0117994100295
-yfi	0.166666666667	0.8	0.0	0.0333333333333
-ogd	0.758049001913	0.196558842284	0.0136176467409	0.0317745090622
-pez	0.0159574468086	0.718085106383	0.119680851064	0.146276595745
-õbb	0.0688811862436	0.0600588127174	0.181171870068	0.689888130971
-esz	0.515788175315	0.041770570686	0.00682093891968	0.43562031508
-údó	0.0909090909091	0.727272727273	0.181818181818	0.0
-ódé	0.0	1.0	0.0	0.0
-évá	0.565445026178	0.408376963351	0.0261780104712	0.0
-eja	0.0	1.0	0.0	0.0
-ess	0.759433244493	0.171317797672	0.0171575662316	0.0520913916035
-iáé	0.134328358209	0.865671641791	0.0	0.0
-itt	0.302346716161	0.0677366263584	0.00975448437104	0.620162173109
-ódá	0.0	1.0	0.0	0.0
-est	0.0621673750874	0.776103036465	0.110291319665	0.0514382687823
-éva	0.0719794344473	0.907455012854	0.0	0.0205655526992
-esi	0.61054376173	0.288064539716	0.0370469667796	0.0643447317751
-éve	0.26382883981	0.509284851758	0.063386745733	0.163499562699
-ódú	0.0	0.166666666667	0.833333333333	0.0
-iti	0.0	1.0	0.0	0.0
-évi	0.00849533139447	0.982320526557	0.000459207102403	0.00872493494566
-ágá	0.593144560358	0.080476900149	0.0134128166915	0.312965722802
-ite	0.0522085188542	0.814216478191	0.0120178100004	0.121557192955
-űve	0.375	0.410714285714	0.0	0.214285714286
-ese	0.535300316122	0.365911485774	0.0650684931507	0.0337197049526
-ita	0.130203720106	0.752453498671	0.0544198405669	0.0629229406554
-spa	0.0	1.0	0.0	0.0
-udt	0.501847696978	0.065659231886	0.0273195195988	0.405173551537
-faj	0.0875912408759	0.824817518248	0.0656934306569	0.021897810219
-ődő	0.389380530973	0.575221238938	0.0353982300885	0.0
-fah	0.0	1.0	0.0	0.0
-fai	0.0	1.0	0.0	0.0
-yzi	1.0	0.0	0.0	0.0
-fal	0.0614981162739	0.912646819827	0.0114500997267	0.0144049641723
-uda	0.123966942149	0.809917355372	0.0413223140496	0.0247933884298
-füm	0.262857142857	0.531428571428	0.205714285714	0.0
-fül	0.00995575221238	0.915376106195	0.0	0.0746681415929
-udd	0.459346353129	0.249701076126	0.105121562375	0.18583100837
-péi	0.192660550459	0.752293577982	0.0183486238532	0.0366972477064
-udj	0.702005730659	0.177650429799	0.00859598853868	0.111747851003
-udi	0.0	1.0	0.0	0.0
-ául	0.195659011447	0.558775356257	0.0982993379281	0.147266294368
-cúf	0.125	0.875	0.0	0.0
-űin	0.0	1.0	0.0	0.0
-ódó	0.255813953488	0.632558139535	0.111627906977	0.0
-óvj	1.0	0.0	0.0	0.0
-bül	0.5625	0.3125	0.125	0.0
-ela	0.079952737298	0.645923591965	0.00708940527766	0.267034265459
-é-e	0.319526627219	0.502958579882	0.0355029585799	0.14201183432
-pén	0.0957636970462	0.72722159027	0.0343879298491	0.142626782835
-es-	0.44578313253	0.536144578313	0.0	0.0180722891566
-váh	0.0	1.0	0.0	0.0
-óvd	0.659638554217	0.268072289157	0.0	0.0722891566266
-lsó	0.0379109011975	0.206423448948	0.70288038132	0.0527852685346
-ogú	0.0	1.0	0.0	0.0
-nüt	0.5	0.166666666667	0.0	0.333333333333
-lsõ	0.0370104611201	0.119774160656	0.716857383839	0.126357994385
-ogó	0.144411648548	0.55616759165	0.271290195182	0.0281305646206
-ael	0.0316928446771	0.953647469459	0.00628272251309	0.00837696335078
-lúg	0.0	1.0	0.0	0.0
-fa-	0.05354996175	0.799825142982	0.146624895268	0.0
-lsá	0.0	1.0	0.0	0.0
-yuk	0.227211007513	0.541504480855	0.117226396307	0.114058115325
-ted	0.388694885285	0.326061205681	0.0486272864592	0.236616622574
-nük	0.154221080258	0.214338060537	0.062330098817	0.569110760388
-nül	0.270124820409	0.276786967305	0.262096670404	0.190991541882
-zga	0.0	1.0	0.0	0.0
-tna	0.454098828906	0.283119108826	0.152527849186	0.110254213082
-kre	0.255721519149	0.474608309784	0.0768392970601	0.192830874008
-tne	0.381220877873	0.272900270175	0.098868397353	0.247010454599
-kra	0.265501717545	0.415929736206	0.0763110018342	0.242257544415
-tni	0.680573350257	0.204335412003	0.0491914206042	0.0658998171356
-teg	0.0628086315362	0.277345599675	0.594601907597	0.0652438611919
-rrt	0.545454545455	0.0454545454545	0.272727272727	0.136363636364
-öt-	0.0	1.0	0.0	0.0
-kri	0.0	1.0	0.0	0.0
-pjú	0.00757575757575	0.96645021645	0.025974025974	0.0
-vni	0.634203168686	0.209226467847	0.0335507921715	0.123019571295
-ádé	0.00990916597852	0.975227085054	0.0	0.0148637489678
-oéé	0.0	1.0	0.0	0.0
-izt	0.0	1.0	0.0	0.0
-gri	0.0	1.0	0.0	0.0
-édj	0.470158343483	0.493300852619	0.0	0.0365408038977
-ûzi	0.729175565998	0.186245194361	0.0410081161896	0.0435711234515
-édi	0.397857189521	0.484549552492	0.0529169660939	0.0646762918926
-his	0.0	1.0	0.0	0.0
-tel	0.274792585993	0.603038878715	0.0648536122746	0.0573149230173
-édd	1.0	0.0	0.0	0.0
-éde	0.0581759883171	0.862060207783	0.00976213719375	0.0700016667064
-rny	0.0385852090032	0.889067524116	0.0578778135048	0.0144694533762
-lyű	0.0	0.944444444444	0.0555555555556	0.0
-izd	0.522551264569	0.342166876785	0.0802222965498	0.0550595620964
-ize	0.237414965986	0.713605442177	0.00816326530612	0.0408163265306
-rne	0.508216953556	0.203637544657	0.136407924651	0.151737577135
-óná	0.0	0.818181818182	0.181818181818	0.0
-boa	0.0	1.0	0.0	0.0
-rna	0.325555450917	0.250512528886	0.0963481864083	0.327583833789
-eai	0.0164618645611	0.953965051316	0.0206137507557	0.00895933336733
-eal	0.0	1.0	0.0	0.0
-rni	0.678410810212	0.191142714737	0.0414270366063	0.0890194384449
-ádó	0.037797480168	0.586094260383	0.341577228185	0.0345310312646
-ósé	0.0818965517241	0.915229885057	0.00287356321839	0.0
-lső	0.0269329886431	0.0994419107545	0.736887138339	0.136737962263
-éjá	0.0	1.0	0.0	0.0
-ura	0.0455375485049	0.859469115167	0.00535008209939	0.0896432542283
-õét	0.0	0.951219512195	0.0487804878048	0.0
-kló	0.512529832936	0.458830548926	0.0	0.0286396181384
-nné	0.413484298258	0.25807712677	0.157082650422	0.171355924549
-klé	1.0	0.0	0.0	0.0
-õtt	0.0465499919378	0.246939458963	0.0127631073019	0.693747441797
-ihú	0.0	0.970149253731	0.0298507462687	0.0
-nná	0.468126147858	0.143693630848	0.25608695176	0.132093269533
-urt	0.0	1.0	0.0	0.0
-õég	0.197278911565	0.761904761905	0.0408163265306	0.0
-éjû	0.384279475983	0.454148471616	0.161572052402	0.0
-rde	0.0	1.0	0.0	0.0
-őír	0.0	1.0	0.0	0.0
-pan	0.0	1.0	0.0	0.0
-zni	0.623749212437	0.221615174792	0.0777486083235	0.0768870044481
-ült	0.620545123616	0.166674055763	0.113870372878	0.0989104477433
-zne	0.661525278492	0.191088260497	0.0908311910883	0.0565552699229
-zna	0.101498011096	0.54013980524	0.2336762662	0.124685917463
-iúé	0.454545454545	0.0	0.0	0.545454545455
-cza	0.0611205432937	0.854838709677	0.0331069609508	0.0509337860781
-rib	0.0	1.0	0.0	0.0
-üle	0.369698558191	0.516479161676	0.02949582456	0.0843264555725
-üld	0.596486247792	0.258500504668	0.0628469593742	0.0821662881656
-ülj	0.339824849042	0.572570050756	0.0389298403854	0.0486752598161
-üli	0.303262851802	0.274106006362	0.309015723359	0.113615418476
-crá	0.0	1.0	0.0	0.0
-tná	0.521958243341	0.224687479547	0.0513777079652	0.201976569147
-sgõ	0.9	0.0999999999999	0.0	0.0
-oét	0.0	1.0	0.0	0.0
-oér	0.0	1.0	0.0	0.0
-mme	0.0	1.0	0.0	0.0
-air	0.0	1.0	0.0	0.0
-pja	0.162774066584	0.75847011647	0.0235002736595	0.0552555432857
-krí	0.0	1.0	0.0	0.0
-pje	0.657024793388	0.206611570248	0.0619834710744	0.0743801652893
-vre	0.0858131036283	0.764160793527	0.0610154006786	0.0890107021666
-itű	0.0955829109341	0.248370745836	0.473569876901	0.182476466329
-oég	0.0	1.0	0.0	0.0
-vná	0.551020408163	0.326530612245	0.122448979592	0.0
-yző	0.30193236715	0.679951690821	0.018115942029	0.0
-fõi	0.0	1.0	0.0	0.0
-oék	0.0	1.0	0.0	0.0
-évő	0.210121508205	0.210021295252	0.061756231993	0.51810096455
-zín	0.0	1.0	0.0	0.0
-zíl	0.0	1.0	0.0	0.0
-édé	0.0666666666666	0.933333333333	0.0	0.0
-zíb	0.0	1.0	0.0	0.0
-rdi	0.608695652174	0.314578005115	0.0	0.076726342711
-eső	0.16329267604	0.765105313682	0.062708227455	0.00889378282229
-zía	0.0	1.0	0.0	0.0
-zíf	0.0	1.0	0.0	0.0
-fõt	0.192825112107	0.699551569507	0.107623318386	0.0
-űri	0.478547854785	0.335808580858	0.0990099009901	0.0866336633664
-zíz	0.0	1.0	0.0	0.0
-vív	1.0	0.0	0.0	0.0
-édû	0.166666666667	0.703703703704	0.12962962963	0.0
-rná	0.504672897196	0.411214953271	0.0841121495327	0.0
-zír	0.0271125169453	0.883416177135	0.0894713059195	0.0
-sz—	0.511235955056	0.370786516854	0.0294943820225	0.0884831460674
-zív	0.0367437492974	0.87873207118	0.0452940359601	0.0392301435628
-ldá	0.866227037212	0.11681582666	0.0	0.0169571361281
-zít	0.692542613636	0.187073863636	0.0500710227273	0.0703125
-éje	0.14937873619	0.69177386206	0.0365559763388	0.122291425412
-nny	0.0315711865746	0.950084698902	0.00886485917162	0.00947925535183
-iha	0.0	1.0	0.0	0.0
-smá	0.0	1.0	0.0	0.0
-őli	0.25	0.75	0.0	0.0
-kóm	0.0909090909091	0.727272727273	0.181818181818	0.0
-bon	0.122621024396	0.814791161068	0.0395963724614	0.0229914420743
-alú	0.0	0.571428571429	0.428571428571	0.0
-éji	0.0	0.545454545455	0.454545454545	0.0
-kól	0.0	1.0	0.0	0.0
-éjt	0.677207637231	0.3138424821	0.0	0.00894988066826
-nni	0.721789979625	0.124525781399	0.0320954943547	0.121588744621
-úmi	0.00831140047098	0.850394791522	0.0	0.141293808007
-kli	0.701719707452	0.230084997035	0.0622652698162	0.00593002569677
-õtõ	0.056258790436	0.943741209564	0.0	0.0
