-cac	0.269861975513	0.182088827089	0.191480666576	0.356568530822
-cab	0.291751373329	0.564427527142	0.0767766771919	0.0670444223366
-leo	0.208092485549	0.346820809249	0.312138728324	0.132947976879
-hey	0.138126640967	0.577400971189	0.12144255846	0.163029829383
-ua'	0.160616126207	0.223240588938	0.157445975834	0.458697309021
-can	0.462261387543	0.436611496499	0.0277359029429	0.0733912130149
-cam	0.0744034335459	0.568877517684	0.299283463186	0.057435585584
-cal	0.269431352141	0.618060062796	0.0656988458056	0.0468097392579
-hel	0.244310035104	0.464887848773	0.102757222671	0.188044893452
-car	0.051724137931	0.844827586207	0.0	0.103448275862
-mél	0.39150374125	0.331160994448	0.205406710113	0.0719285541878
-cau	0.215809150401	0.451899858754	0.00791377035574	0.32437722049
-cat	0.142956328223	0.228359260102	0.207668546457	0.421015865218
-caz	0.0	1.0	0.0	0.0
-cay	0.517760013186	0.305175539805	0.0505604087688	0.12650403824
-cax	0.146529697033	0.255583946046	0.506370478525	0.091515878396
-ivo	0.118366653452	0.787053293311	0.0237866002152	0.0707934530214
-oye	0.111957771061	0.814929121791	0.0458686305393	0.0272444766081
-'ba	0.527827648115	0.340215439856	0.0377019748654	0.0942549371634
-'ná	0.567937178641	0.342893005211	0.0444396803607	0.0447301357879
-'be	0.165829145729	0.479061976549	0.345058626466	0.0100502512563
-hba	0.353555416832	0.453436240849	0.0340502809148	0.158958061404
-ráb	0.0410958904109	0.958904109589	0.0	0.0
-mub	0.00572655690766	0.959436888571	0.0136005726557	0.0212359818659
-axe	0.337171052632	0.287006578947	0.244243421053	0.131578947368
-xáb	0.044652581137	0.849161402745	0.106186016118	0.0
-sól	0.111108054889	0.876659865674	0.0101933995311	0.00203867990622
-zin	0.063211125158	0.823008849558	0.0	0.113780025284
-ák'	0.129997630252	0.542977081147	0.318900436711	0.00812485189074
-xey	0.587301587302	0.285714285714	0.0634920634921	0.0634920634921
-lea	0.00331865530068	0.991381402652	0.00351678397535	0.00178315807201
-'i'	0.0554996749181	0.830953259339	0.0820769840337	0.0314700817089
-nse	0.0210526315789	0.931578947368	0.0473684210526	0.0
-ufo	0.0180722891566	0.951807228916	0.0301204819277	0.0
-aum	0.00474495848162	0.992882562278	0.0	0.00237247924081
-má'	0.0382503514682	0.918618530996	0.0118836043396	0.0312475131966
-yel	0.227272727273	0.764462809917	0.0	0.00826446280992
-nti	0.112531969309	0.0671355498722	0.01726342711	0.803069053708
-uac	0.569230769231	0.215384615385	0.0615384615385	0.153846153846
-uab	0.303611770425	0.377477194086	0.150905087363	0.168005948125
-ca'	0.68460200452	0.164857329646	0.0623390935071	0.0882015723274
-'óx	0.710360725217	0.187727799858	0.0245342439634	0.0773772309615
-nto	0.0138504537372	0.93374675113	0.0425472934486	0.00985550168388
-kat	0.0717984181684	0.638799246183	0.239447223134	0.0499551125149
-nta	0.169846269843	0.159404260936	0.0168278175642	0.653921651657
-pux	0.186086214255	0.678190354247	0.130601792574	0.00512163892444
-puy	0.764752791069	0.158692185008	0.00956937799044	0.066985645933
-uan	0.106279886253	0.838721464089	0.0114858531781	0.0435127964796
-'óm	0.657210401891	0.200945626478	0.106382978723	0.0354609929078
-'ól	0.302492809204	0.657957813998	0.0395493767977	0.0
-nai	0.190660403426	0.718154186239	0.0828958275766	0.00828958275768
-uat	0.458018747436	0.233600629455	0.145005772794	0.163374850315
-hix	0.25557969937	0.578273841131	0.059337372037	0.106809087462
-'ój	0.254403131115	0.514677103718	0.183953033268	0.0469667318982
-pul	0.682787377199	0.279685377642	0.00751808446789	0.0300091606912
-uax	0.00314465408805	0.943396226415	0.0534591194968	0.0
-pun	0.616412213741	0.280534351145	0.0801526717557	0.0229007633588
-he'	0.0709077352534	0.0842755869816	0.503770398428	0.341046279337
-eya	0.0	0.847457627119	0.152542372881	0.0
-lta	0.11889191644	0.653860127157	0.0581289736603	0.169118982743
-ché	0.334841628959	0.58371040724	0.0542986425339	0.027149321267
-'ób	0.886435224843	0.0451911856953	0.0283288029732	0.0400447864885
-máy	0.078453038674	0.861878453039	0.0331491712707	0.0265193370166
-cas	0.159791576205	0.725575336518	0.0312635692575	0.08336951802
-líb	0.350686978047	0.56740073511	0.0639939740961	0.0179183127469
-pre	0.00409276944065	0.989540700318	0.00636653024101	0.0
-bná	0.585803242894	0.258784521451	0.0404350814767	0.114977154179
-'iy	0.488162826995	0.179238322978	0.0505766294599	0.282022220568
-'ix	0.0738087396825	0.784960825855	0.0161121335323	0.125118300931
-'úb	0.0561221714505	0.906628599711	0.0151480197278	0.022101209111
-das	0.0736933719482	0.894381837007	0.0014255488363	0.0304992422083
-más	0.0870616711355	0.0972145272956	0.283432738653	0.532291062916
-xe'	0.253781426042	0.0900251964356	0.0210789693165	0.635114408206
-líl	0.0892475268207	0.323847560972	0.0736158755414	0.513289036666
-aré	0.0	1.0	0.0	0.0
-'in	0.527523023828	0.32966973907	0.0323619626014	0.110445274501
-'im	0.0577849117175	0.939004815409	0.00321027287319	0.0
-opo	0.0378947368421	0.861052631579	0.101052631579	0.0
-'ik	0.37531849043	0.309207995484	0.173021487488	0.142452026598
-'ij	0.0946557839698	0.686805938125	0.0201271903119	0.198411087593
-tín	0.11477151966	0.700318809777	0.07651434644	0.108395324123
-mán	0.0249238438106	0.472445306009	0.50263085018	0.0
-líx	0.574472529768	0.236473783163	0.0263212868185	0.162732400251
-ope	0.0556449018977	0.936957220971	0.00578964297202	0.00160823415889
-'ic	0.132569558101	0.310965630115	0.543371522095	0.013093289689
-'ib	0.0830322963283	0.686741791125	0.0954332237019	0.134792688845
-odh	0.340807669608	0.258814680911	0.350728200428	0.0496494490532
-dea	0.00634328643378	0.982651493729	0.0066489869848	0.00435623285211
-dec	0.0491212257773	0.945470932853	0.00540784137001	0.0
-hél	0.271830985916	0.57676056338	0.0612676056338	0.0901408450704
-xla	0.563335200448	0.268464431464	0.0489617508201	0.119238617268
-dek	0.0229047371161	0.975533576262	0.0	0.00156168662155
-deo	0.0050390526581	0.992693373646	0.0	0.00226757369615
-ima	0.608391608392	0.244755244755	0.136363636364	0.0104895104895
-héy	0.234502817669	0.743682966733	0.0	0.0218142155972
-oko	0.463314097279	0.237427864798	0.252267106348	0.0469909315746
-des	0.0359461748377	0.894106207459	0.0464853674602	0.0234622502431
-ime	0.735632183908	0.17816091954	0.0	0.0862068965517
-úná	0.841016548463	0.0575912792225	0.00630417651694	0.0950879957972
-xlá	0.731589639411	0.138902996445	0.0467242254952	0.0827831386491
-te'	0.127195514497	0.532726579515	0.154914964263	0.185162941725
-'ta	0.151464266523	0.0946399785062	0.00322407307899	0.750671681891
-kil	0.0570096536347	0.680555907467	0.241530899232	0.0209035396661
-hét	0.0181508167868	0.98019910896	0.00165007425334	0.0
-'te	0.485347886869	0.260278883034	0.0614761443883	0.192897085708
-imo	0.0579862941487	0.859778597786	0.0390089615182	0.0432261465472
-júl	0.087912087912	0.528693528694	0.380952380952	0.002442002442
-lak	0.387109365424	0.306426460855	0.144987111628	0.161477062092
-ido	0.0789473684211	0.792763157895	0.0197368421053	0.108552631579
-ót'	0.0636852533258	0.909142371922	0.0203792810642	0.00679309368809
-obo	0.00102845389098	0.996914638327	0.00102845389098	0.00102845389098
-rpo	0.019512195122	0.960975609756	0.0	0.019512195122
-rpa	0.0772727272727	0.842424242424	0.0712121212121	0.0090909090909
-muy	0.376470588235	0.517647058824	0.105882352941	0.0
-eca	0.115766262404	0.801543550165	0.0496141124586	0.0330760749725
-'bé	0.293975903614	0.202409638554	0.474698795181	0.0289156626506
-llo	0.306682557534	0.651897671764	0.0414197707015	0.0
-bix	0.250998043053	0.522387475538	0.19397260274	0.0326418786693
-biy	0.569844055455	0.190862967404	0.0517760905359	0.187516886605
-búk	0.00333099579242	0.00639901823282	0.00306802244039	0.987201963534
-bid	0.00834734218307	0.977276679613	0.00104341777288	0.0133325604313
-bia	0.00277777777777	0.997222222222	0.0	0.0
-bin	0.0657664868819	0.095907775224	0.0283232229291	0.810002514965
-k'u	0.526315789474	0.342105263158	0.131578947368	0.0
-bil	0.201924746827	0.526231103588	0.0753680933583	0.196476056226
-bim	0.779232891107	0.0664521213714	0.0173387626428	0.136976224878
-bij	0.268747899184	0.600909142415	0.0221967082497	0.108146250151
-wíy	0.117647058824	0.571895424837	0.271241830065	0.0392156862745
-tle	0.570110701107	0.319188191882	0.0442804428044	0.0664206642066
-eja	0.0325644504749	0.964721845319	0.00271370420625	0.0
-ter	0.0149775336994	0.965052421368	0.0099850224663	0.00998502246629
-uta	0.0	1.0	0.0	0.0
-ria	0.0235618642607	0.946439859778	0.0120682719384	0.0179300040228
-tey	0.666905753668	0.0555436338676	0.0190485709162	0.258502041548
-uth	0.295856540385	0.309278075342	0.250938662206	0.143926722067
-xa'	0.481942714819	0.137401411374	0.013698630137	0.36695724367
-a'u	0.714751958224	0.169153301007	0.0	0.116094740768
-ats	0.234092298412	0.144249108087	0.0438886194097	0.577769974091
-ase	0.0	1.0	0.0	0.0
-uts	0.335069448948	0.412949609279	0.199424150518	0.0525567912545
-hlu	0.903930131004	0.032751091703	0.0	0.0633187772926
-ris	0.0	1.0	0.0	0.0
-im'	0.402903811252	0.330308529946	0.185117967332	0.08166969147
-utu	0.599572581076	0.226553400652	0.0899182561308	0.0839557621414
-a'a	0.3515625	0.3984375	0.0	0.25
-kux	0.180837386103	0.705685057857	0.0575772821286	0.0559002739113
-tel	0.703579583119	0.14064226265	0.0633424173234	0.092435736908
-tem	0.116516834127	0.168164992068	0.188260179799	0.527057994007
-teo	0.0335223634867	0.920378670081	0.00704289764932	0.0390560687826
-jin	0.409892560308	0.451449422258	0.0754105007095	0.0632475167241
-met	0.130941811228	0.315684332741	0.0224809907572	0.530892865274
-jil	0.126034617358	0.765655164396	0.0303148222901	0.0779953959559
-bók	0.0816326530612	0.34693877551	0.571428571429	0.0
-ara	0.0781468043539	0.854870220486	0.0100474462741	0.0569355288864
-mes	0.0	1.0	0.0	0.0
-wak	0.38164996145	0.427525057826	0.190824980725	0.0
-aro	0.105166572558	0.794889892716	0.0283738001129	0.0715697346132
-jib	0.0575421087925	0.859892114709	0.0496528736539	0.0329129028441
-rón	0.0725112658746	0.901679639492	0.0172060630889	0.00860303154446
-jia	0.0	0.972850678733	0.0271493212669	0.0
-oyo	0.0666666666667	0.908333333333	0.0	0.025
-lul	0.072182596291	0.362910128388	0.552924393723	0.0119828815977
-lum	0.365096952909	0.616066481994	0.00886426592797	0.00997229916898
-lun	0.398296593186	0.362725450902	0.171342685371	0.0676352705411
-jiy	0.572866705382	0.25428152639	0.0309564831338	0.141895285094
-mel	0.425939107428	0.207953370311	0.258934447145	0.107173075115
-meo	0.0295358649789	0.877637130802	0.0928270042194	0.0
-mei	0.0	1.0	0.0	0.0
-náb	0.334659321371	0.538703726855	0.0580572813805	0.0685796703937
-mek	0.0	1.0	0.0	0.0
-yda	0.0258964143426	0.966135458167	0.00796812749004	0.0
-aye	0.115707873454	0.105220359675	0.0553081932273	0.723763573644
-tná	0.382299819386	0.485851896448	0.0848886213125	0.0469596628537
-bál	0.078174518712	0.80105453985	0.0182838773129	0.102487064125
-bám	0.35593220339	0.555084745763	0.0381355932203	0.0508474576271
-aya	0.0163276997995	0.981953594958	0.0	0.00171870524205
-kis	0.0	1.0	0.0	0.0
-ot'	0.0782940146286	0.909343772535	0.0	0.0123622128361
-ayo	0.0223367697595	0.951890034364	0.00859106529209	0.0171821305842
-tá'	0.0565266125616	0.0736828369018	0.0113081621059	0.858482388431
-ay'	0.0905494637727	0.845223590993	0.0389573274371	0.0252696177971
-éts	0.938547486034	0.0614525139665	0.0	0.0
-wál	0.220650557879	0.429823951979	0.0519668190471	0.297558671095
-iéx	0.458015267176	0.503816793893	0.0381679389313	0.0
-tól	0.0499412455934	0.521592244418	0.329612220917	0.0988542890716
-tóm	0.320601851852	0.586805555556	0.0520833333333	0.0405092592593
-yná	0.443071491615	0.328920270668	0.165342747867	0.0626654898499
-ech	0.179902533888	0.0415014936126	0.00889623333303	0.769699739166
-lká	0.704994019139	0.154605263158	0.0977870813397	0.0426136363636
-bás	0.0130921209236	0.971197333968	0.00785527255414	0.00785527255416
-bte	0.411764705882	0.255991285403	0.155773420479	0.176470588235
-kná	0.801775684001	0.0661351694147	0.0405870628737	0.0915020837108
-xat	0.447259870359	0.377725397761	0.0972304065998	0.0777843252799
-kúx	0.177756192326	0.0961631860126	0.135016998543	0.591063623118
-wen	0.3	0.5	0.075	0.125
-ak'	0.0	1.0	0.0	0.0
-cte	0.404188725307	0.316817582784	0.0776035851766	0.201390106732
-exu	0.219562525794	0.664878250103	0.0462236896409	0.0693355344614
-na'	0.363623079749	0.18155087927	0.0398536154708	0.41497242551
-xmé	0.131147540984	0.72131147541	0.147540983607	0.0
-wé'	0.153678885526	0.259938443273	0.369146787629	0.217235883571
-dán	0.0225733634312	0.943047824685	0.0116652412265	0.0227135706574
-xac	0.0963551764249	0.37776269872	0.0895696006204	0.436312524234
-xad	0.0	1.0	0.0	0.0
-lap	0.252763729837	0.523581935282	0.0543093401909	0.169344994689
-bó'	0.0081340892285	0.0147892531427	0.0278530934188	0.94922356421
-uba	0.00881980451146	0.98922023893	0.0019599565581	0.0
-xak	0.193265007321	0.174231332357	0.0834553440703	0.549048316252
-xal	0.116480280609	0.80903573043	0.0207604309657	0.0537235579953
-xan	0.133644637601	0.116788639017	0.026093707991	0.723473015391
-exa	0.191505356136	0.788197707198	0.0	0.0202969366661
-tál	0.203739268506	0.163673333485	0.147601311559	0.48498608645
-ota	0.00770547945206	0.953767123288	0.0154109589041	0.0231164383562
-tán	0.0244150559512	0.946535548774	0.0236238272861	0.00542556798915
-mná	0.413770491803	0.410491803279	0.0793442622951	0.0963934426229
-ote	0.0	0.99619047619	0.0	0.00380952380952
-'me	0.684091551286	0.15202034473	0.0703588584345	0.0935292455496
-oth	0.256845983253	0.491780067303	0.132665324143	0.118708625302
-bá'	0.162690046206	0.180577683225	0.0606748647694	0.5960574058
-k'á	0.617548192358	0.25656856692	0.0452768059271	0.0806064347945
-aín	0.0245319561007	0.932214331827	0.0180761781795	0.0251775338928
-hé'	0.410401206171	0.0505534139863	0.0102762778654	0.528769101977
-oto	0.0181818181818	0.945454545455	0.0363636363636	0.0
-ume	0.679734913716	0.204515493058	0.0625126189147	0.0532369743108
-yél	0.441253263708	0.441253263708	0.0391644908616	0.0783289817232
-rál	0.0626659585768	0.92936802974	0.00159320233669	0.00637280934678
-ots	0.345570578701	0.502906627428	0.0322239061922	0.119298887679
-táx	0.306878306878	0.613756613757	0.063492063492	0.015873015873
-búl	0.467110741049	0.472939217319	0.022481265612	0.03746877602
-já'	0.0648880637627	0.0420549029611	0.0151818311568	0.877875202119
-eví	0.0392268334281	0.91813530415	0.02728823195	0.0153496304719
-jaw	0.219635153042	0.446104634168	0.0639560549035	0.270304157887
-éla	0.0891719745222	0.910828025478	0.0	0.0
-umi	0.0196721311475	0.832786885246	0.0	0.147540983607
-xik	0.0383824537354	0.110349554489	0.15627141878	0.694996572995
-nak	0.11203841317	0.291528524065	0.0342974734195	0.562135589345
-siy	0.592709371591	0.0954798025381	0.0227075926551	0.289103233216
-six	0.18188190984	0.762032532588	0.0277066495882	0.0283789079837
-nan	0.0190175077463	0.0252574148916	0.00224805889486	0.953477018467
-nal	0.404715133012	0.33910067864	0.104292089449	0.151892098899
-nam	0.170168422238	0.567664620064	0.117515349518	0.144651608179
-nab	0.280158678308	0.369616090857	0.211973098666	0.138252132169
-nac	0.274864490105	0.272595487205	0.0485314509013	0.404008571788
-bós	0.0357142857143	0.964285714286	0.0	0.0
-kúl	0.204837490552	0.485638699924	0.255102040816	0.0544217687075
-kim	0.0	1.0	0.0	0.0
-aús	0.18313253012	0.809638554217	0.0	0.00722891566265
-aúl	0.746543778802	0.198156682028	0.0	0.0552995391705
-aúm	0.00439479948728	0.995055850577	0.0	0.000549349935909
-nax	0.210747064304	0.173057530902	0.0697410350009	0.546454369792
-lki	0.0	1.0	0.0	0.0
-sio	0.0911602209944	0.900552486188	0.0	0.00828729281768
-sin	0.548920665964	0.220824363102	0.0395840671312	0.190670903803
-sim	0.0436447166922	0.931087289433	0.0126339969372	0.0126339969372
-sil	0.0350965981604	0.945792809048	0.00924173744664	0.0098688553448
-nas	0.0165505226481	0.975900116144	0.0	0.00754936120789
-sia	0.00755865318544	0.978992834004	0.0108962403063	0.00255227250417
-úk'	0.431146478876	0.445668812873	0.12318470825	0.0
-níl	0.116280864968	0.322494135554	0.132714028445	0.428510971032
-nat	0.259681746884	0.315063045818	0.204707413567	0.220547793731
-lko	0.0615384615385	0.938461538462	0.0	0.0
-cáb	0.0183710961421	0.976117575015	0.00551132884262	0.0
-mos	0.0119760479042	0.964071856287	0.0239520958084	0.0
-mor	0.0	0.953488372093	0.046511627907	0.0
-tik	0.00887862738063	0.971487562544	0.00117634810721	0.0184574619679
-jca	0.423972529241	0.460671745896	0.0640626676682	0.051293057195
-tú'	0.0288488425434	0.63329133889	0.160310438036	0.177549380531
-éch	0.486375620116	0.206329130151	0.0787081942836	0.22858705545
-gog	0.04	0.928	0.032	0.0
-kub	0.04796030871	0.815325248071	0.101984564498	0.034729878721
-wáx	0.0208333333333	0.868055555556	0.0277777777778	0.0833333333333
-ale	0.53008167675	0.223489920582	0.0466184232454	0.199809979423
-aán	0.0377358490566	0.962264150943	0.0	0.0
-mob	0.0724637681159	0.927536231884	0.0	0.0
-yna	0.698412698413	0.222222222222	0.047619047619	0.031746031746
-lúm	0.711111111111	0.155555555556	0.0	0.133333333333
-pup	0.0	0.927855711423	0.0	0.0721442885771
-mom	0.0602107375815	0.578524836929	0.0376317109885	0.323632714501
-mol	0.118343195266	0.674556213018	0.183431952663	0.0236686390532
-xúl	0.941205291524	0.026130981545	0.00489955903969	0.0277641678915
-yne	0.503126776578	0.138715179079	0.0	0.358158044343
-com	0.254516735268	0.545455593603	0.0274981840822	0.172529487046
-yat	0.532583269715	0.250244146472	0.0574964183582	0.159676165455
-u'u	0.892943485919	0.0321922162744	0.00713488524681	0.0677294125593
-bey	0.739695098803	0.170610383715	0.0116668206923	0.0780276967899
-jla	0.587759067358	0.339378238342	0.0	0.0728626943005
-ha'	0.65710424514	0.164244001003	0.050651091643	0.128000662214
-ber	0.0	1.0	0.0	0.0
-eos	0.155555555556	0.277777777778	0.566666666667	0.0
-eor	0.0189873417722	0.981012658228	0.0	0.0
-bet	0.00681334279632	0.836905606813	0.0	0.15628105039
-cob	0.0235451761103	0.949081163859	0.00689127105667	0.020482388974
-hu'	0.21052631579	0.59649122807	0.175438596491	0.0175438596491
-cox	0.0	0.468085106383	0.446808510638	0.0851063829787
-yac	0.351485148515	0.492574257426	0.0965346534653	0.0594059405941
-ixe	0.447311827957	0.250752688172	0.131612903226	0.170322580645
-cou	0.0525420525421	0.925155925156	0.014742014742	0.00756000756001
-yal	0.523670206546	0.275146199097	0.0849439962015	0.116239598156
-yan	0.096835595324	0.135014281869	0.558198316669	0.209951806138
-rla	0.0169950306324	0.956970028824	0.0173566270288	0.0086783135144
-bed	0.228070175439	0.771929824561	0.0	0.0
-cor	0.0	1.0	0.0	0.0
-iso	0.0131362889984	0.788724685276	0.182813355227	0.0153256704981
-jle	0.192381018406	0.203421262435	0.0844050053728	0.519792713786
-k'o	0.503287507472	0.17393903168	0.0573819485953	0.265391512253
-k'i	0.172431349677	0.267891500276	0.0910313292237	0.468645820823
-reo	0.00738188976378	0.912893700787	0.0789862204724	0.000738188976377
-col	0.442857142857	0.385714285714	0.123809523809	0.047619047619
-nte	0.0354633656741	0.888926062228	0.0756105720976	0.0
-'mé	0.171853022888	0.344810350239	0.451114185081	0.0322224417915
-rea	0.0473728507875	0.881988697848	0.0167728748347	0.0538655765299
-lpu	0.175595238095	0.360119047619	0.4375	0.0267857142857
-red	0.0	1.0	0.0	0.0
-ual	0.312730406603	0.322707455218	0.130048665519	0.23451347266
-mo'	0.372727272727	0.0181818181818	0.518181818182	0.0909090909091
-sáb	0.476410197255	0.396755300278	0.0722156806839	0.0546188217831
-eva	0.141494435612	0.825119236884	0.0	0.033386327504
-kbá	0.760479041916	0.125748502994	0.0179640718563	0.0958083832335
-sák	0.0021164021164	0.993650793651	0.0042328042328	0.0
-res	0.0628166160081	0.821681864235	0.00607902735562	0.109422492401
-k'w	0.0581196581196	0.849572649573	0.0820512820513	0.0102564102564
-evi	0.0628272251309	0.801047120419	0.13612565445	0.0
-ret	0.0145839290821	0.981126680011	0.0025736345439	0.0017157563626
-dia	0.111338332197	0.884571688253	0.0	0.0040899795501
-may	0.213952572354	0.424387012452	0.285031376727	0.0766290384667
-max	0.0992766959708	0.0444787476458	0.00760714216696	0.848637414216
-hab	0.33192069345	0.326283332157	0.171965406688	0.169830567705
-hac	0.0769866222798	0.115862153998	0.760544972566	0.0466062511559
-'éy	0.08156265023	0.113530343439	0.00632788526989	0.798579121061
-naí	0.0187332738626	0.965209634255	0.0	0.0160570918823
-ame	0.438666216167	0.37198300923	0.0845631258189	0.104787648784
-mas	0.089427107592	0.899394503959	0.00558919422451	0.00558919422451
-mar	0.0	1.0	0.0	0.0
-hal	0.488558335825	0.356102653049	0.0585051999475	0.0968338111783
-ham	0.0148556340049	0.957954958575	0.0234582783231	0.00373112909706
-han	0.559883758288	0.164059533932	0.0254242925273	0.250632415252
-atá	0.0871653324464	0.869861465541	0.00956022291709	0.0334129790952
-jub	0.0538663663664	0.873808183183	0.0206925675676	0.0516328828829
-'én	0.0363204344874	0.931545598552	0.00373387644263	0.0284000905182
-ya'	0.521372640842	0.171057360356	0.0470797076985	0.260490291104
-'él	0.301596705082	0.52827672714	0.0886036005413	0.0815229672368
-hat	0.442481953789	0.350076884677	0.11396456815	0.0934765933846
-mal	0.556638360765	0.295378081403	0.0568247018204	0.0911588560115
-man	0.161569371582	0.645886817725	0.157383636567	0.0351601741266
-juj	0.0313706027452	0.124186105082	0.00388891769568	0.840554374477
-hay	0.231463695736	0.160391855551	0.57933154053	0.0288129081829
-mac	0.441238862961	0.336020364871	0.0940461038043	0.128694668364
-mab	0.00310541376322	0.987923390921	0.00897119531595	0.0
-jun	0.0440991399279	0.0825547076453	0.0285030235671	0.84484312886
-jul	0.437152391546	0.38042269188	0.0341119762699	0.148312940304
-sib	0.177352830896	0.791151106112	0.00674915635546	0.0247469066367
-tsá	0.0048462703018	0.970450617363	0.00283056495503	0.0218725473798
-nku	0.601879327399	0.086053412463	0.00939663699307	0.302670623145
-hoy	0.457142857143	0.377142857143	0.0914285714286	0.0742857142857
-uni	0.297256097561	0.382621951219	0.0	0.32012195122
-tat	0.472912757443	0.164273497659	0.107624717246	0.255189027652
-noy	0.742822435184	0.0602455296572	0.0172225228106	0.179709512348
-se'	0.217286064631	0.237306542393	0.00440142812149	0.541005964855
-una	0.336426914153	0.415313225058	0.131477184842	0.116782675947
-yax	0.137585794345	0.539638561803	0.3104968201	0.0122788237517
-léy	0.014450867052	0.979768786127	0.00578034682082	0.0
-uay	0.342465753425	0.369863013699	0.123287671233	0.164383561644
-jám	0.542520293777	0.252802473908	0.0796289137997	0.125048318516
-hik	0.95053400787	0.0112422709387	0.0	0.0382237211917
-wlo	0.0503490585996	0.892109160144	0.00190395599746	0.0556378252591
-pta	0.0468227424749	0.953177257525	0.0	0.0
-pto	0.00671092435239	0.940117905779	0.0171386683461	0.0360325015229
-unu	0.459321504993	0.246745720399	0.112785306705	0.181147467903
-két	0.0666666666667	0.830107526882	0.0645161290322	0.0387096774193
-ui'	0.24096278265	0.223074543681	0.0434348498122	0.492527823857
-hak	0.15217505211	0.244217641939	0.483169998118	0.120437307832
-igo	0.00557370747646	0.961560638093	0.0213338458581	0.011531808572
-gad	0.0	0.955089820359	0.0	0.0449101796407
-tra	0.0606589503337	0.887041459979	0.0458693122665	0.00643027742054
-ika	0.00839748075577	0.987403778866	0.00419874037789	0.0
-ada	0.0502092050209	0.832635983264	0.100418410042	0.0167364016736
-ado	0.0673474266589	0.902598954954	0.0078549229876	0.0221986953997
-tro	0.103082156479	0.807751778167	0.0561797752809	0.0329862900732
-yíl	0.128753200878	0.0831464244899	0.0470888056372	0.741011568995
-gai	0.0	1.0	0.0	0.0
-adi	0.0	1.0	0.0	0.0
-ku'	0.612804878049	0.387195121951	0.0	0.0
-iko	0.0921630094044	0.900313479624	0.00188087774295	0.00564263322884
-gau	0.0	1.0	0.0	0.0
-gas	0.0645703509347	0.859380124631	0.0717448343719	0.00430469006231
-gar	0.0161138713576	0.830132939439	0.0281992748758	0.125553914328
-wal	0.310136966997	0.370907890052	0.0971919955376	0.221763147413
-lam	0.162106467156	0.211931719779	0.241981042346	0.383980770718
-tém	0.224430370532	0.0893936085026	0.237460872097	0.448715148868
-ebú	0.0251151109251	0.974884889075	0.0	0.0
-ltá	0.126186960411	0.733668179222	0.0482867890363	0.0918580713308
-lan	0.740334084509	0.162827720519	0.020711274689	0.0761269202821
-beo	0.0	0.869565217391	0.0434782608696	0.0869565217391
-uiy	0.591363303386	0.16211004384	0.0391551452634	0.207371507511
-uix	0.32194729621	0.544164261721	0.0832663102616	0.0506221318067
-sem	0.0	1.0	0.0	0.0
-sel	0.380416731136	0.418489865388	0.0646242714941	0.136469131982
-bel	0.229525632682	0.232217748771	0.0909402928711	0.447316325675
-ino	0.0414697656476	0.946378628605	0.0104156620696	0.00173594367827
-lbe	0.362247604672	0.366005773014	0.225107182293	0.0466394400204
-ina	0.50778726605	0.264169727003	0.0311933100305	0.196849696916
-uis	0.0	1.0	0.0	0.0
-yab	0.159322011179	0.0505532292844	0.0187910865307	0.771333673006
-uit	0.369298574075	0.0605325549579	0.00629872412643	0.56387014684
-sea	0.0143312101911	0.985668789809	0.0	0.0
-ira	0.0618216139689	0.887682869278	0.0169891458235	0.0335063709297
-yam	0.0	1.0	0.0	0.0
-uij	0.248561384032	0.484697936904	0.11342399852	0.153316680544
-uim	0.320005171537	0.0737785912555	0.0242110550522	0.582005182155
-uil	0.0758925074666	0.805792146139	0.0457194037577	0.0725959426371
-sey	0.148128198222	0.792283867493	0.0222192297334	0.0373687045516
-uin	0.104407104083	0.0381288415185	0.00976664142506	0.847697412974
-uia	0.250501002004	0.653306613227	0.060120240481	0.0360721442886
-lib	0.0233247299494	0.71685307332	0.248351018067	0.0114711786636
-uib	0.0516085790885	0.890750670241	0.0402144772118	0.0174262734584
-ser	0.0	0.97461212976	0.0	0.0253878702398
-hdá	0.425981873112	0.392749244713	0.126888217523	0.0543806646526
-aam	0.065934065934	0.89010989011	0.021978021978	0.021978021978
-blo	0.0435256420179	0.873810002941	0.00364390644108	0.0790204485999
-eda	0.0	0.761146496815	0.238853503185	0.0
-dón	0.010402965443	0.964486428315	0.00860935071147	0.0165012555303
-'úl	0.0470152007501	0.882403164407	0.0406564525057	0.0299251823375
-són	0.0727993066733	0.91803887582	0.00569518385539	0.00346663365111
-ble	0.404135338346	0.440789473684	0.0	0.15507518797
-ena	0.0600098376783	0.903098868667	0.0	0.0368912936547
-edh	0.104166666667	0.891369047619	0.0	0.00446428571429
-'úm	0.668918918919	0.231418918919	0.0236486486487	0.0760135135135
-nes	0.0509970578621	0.882314481857	0.0431513566525	0.0235371036287
-kuy	0.507430853357	0.187348263109	0.234610759422	0.0706101241123
-rso	0.0	0.942079553384	0.0579204466155	0.0
-neo	0.0	0.939698492462	0.0	0.0603015075377
-nel	0.165684533453	0.696492107333	0.0434032602522	0.0944200989624
-nok	0.0323886639676	0.967611336032	0.0	0.0
-cos	0.0129823296069	0.982690227191	0.00432744320231	0.0
-ias	0.115363431528	0.822148043061	0.0298422765585	0.0326462488525
-átá	0.746481721126	0.165197347137	0.0526528631511	0.0356680685862
-nol	0.482456140351	0.249601275917	0.0167464114833	0.251196172249
-yál	0.475839574777	0.441531770959	0.0217443827011	0.0608842715632
-ooz	0.0	1.0	0.0	0.0
-kuk	0.0285434891773	0.567090414145	0.394851600285	0.00951449639242
-nec	0.541549933817	0.229943027556	0.102803297869	0.125703740759
-nom	0.228639948394	0.638812977864	0.0337139169087	0.0988331568334
-ban	0.0382676240581	0.029055598717	0.00360521840162	0.929071558823
-uní	0.0553590676368	0.098903597413	0.0470265763945	0.798710758556
-bal	0.0373609112788	0.0995135560193	0.00692182796944	0.856203704732
-joy	0.575626464756	0.166396250225	0.187849287903	0.0701279971155
-túl	0.302681992337	0.436781609195	0.0	0.260536398467
-jou	0.176470588235	0.297872340426	0.0	0.525657071339
-bab	0.232496346486	0.582170851601	0.0	0.185332801913
-bac	0.150630947186	0.717217881486	0.0229235929267	0.109227578401
-hol	0.504597701149	0.374712643678	0.111494252874	0.00919540229884
-hom	0.293873681347	0.6146428575	0.0615418537896	0.0299416073629
-jol	0.113932649859	0.801933842845	0.0385426035546	0.0455909037416
-jom	0.0406352171882	0.918729565624	0.0336291452592	0.00700607192901
-jon	0.438059565138	0.281015896218	0.190115110543	0.0908094281016
-'at	0.202661944949	0.237127417389	0.252025662842	0.30818497482
-xo'	0.254102968796	0.119826261499	0.0354598115195	0.590610958185
-bax	0.233075070921	0.197864168196	0.181254543548	0.387806217334
-bay	0.67482293972	0.221444953116	0.0399243576933	0.0638077494709
-ske	0.132728564341	0.0615368036016	0.0234762428845	0.782258389172
-bat	0.290813681467	0.177247135456	0.122653742134	0.409285440943
-ebí	0.0467514609831	0.953248539017	0.0	0.0
-bas	0.0	1.0	0.0	0.0
-job	0.0	1.0	0.0	0.0
-'ol	0.587509612077	0.175444649454	0.0869171021216	0.150128636348
-yey	0.778553633201	0.130187332871	0.0912590339283	0.0
-ídh	0.0548223350254	0.840101522843	0.102030456853	0.00304568527919
-sad	0.0	1.0	0.0	0.0
-que	0.164716351502	0.140044493882	0.163581757508	0.531657397108
-asa	0.0104275286757	0.90545707334	0.0382342718109	0.0458811261731
-qui	0.139685034949	0.0519913091225	0.00937148214086	0.798952173787
-'u'	0.267498267498	0.320166320166	0.257796257796	0.154539154539
-léb	0.152957535565	0.0485613434592	0.158519627768	0.639961493208
-sát	0.330928091565	0.669071908435	0.0	0.0
-xun	0.546428571429	0.310714285714	0.0785714285714	0.0642857142857
-ruz	0.338057630057	0.462082349105	0.0213945424034	0.178465478434
-át'	0.354243542435	0.571955719557	0.0590405904059	0.0147601476015
-lti	0.129861728362	0.035913191678	0.0235812859009	0.810643794059
-'il	0.215095378605	0.566115984228	0.146991690736	0.07179694643
-mbe	0.219823246448	0.463418726927	0.241386061081	0.0753719655442
-tíl	0.377777777778	0.6	0.0	0.0222222222222
-dro	0.0244977165865	0.951730800411	0.00271915365076	0.021052329352
-xi'	0.219512195122	0.682926829268	0.0487804878049	0.0487804878048
-xál	0.905230219043	0.0545373267769	0.0	0.0402324541797
-xám	0.0592885375494	0.922924901186	0.00592885375494	0.0118577075099
-lte	0.34071407643	0.459768671606	0.144266320651	0.055250931313
-mál	0.287464655985	0.627709707823	0.0848256361923	0.0
-'íb	0.0	1.0	0.0	0.0
-lím	0.435897435897	0.230769230769	0.0512820512821	0.282051282051
-sáx	0.606118546845	0.143403441683	0.0	0.250478011472
-lbé	0.349914236707	0.28923670669	0.334476843911	0.0263722126929
-au'	0.304195804196	0.576923076923	0.0559440559441	0.0629370629371
-'ti	0.853658536585	0.0975609756098	0.0487804878049	0.0
-ba'	0.502847243479	0.127552360627	0.037336622455	0.332263773439
-cbe	0.0865064974313	0.584957691145	0.276405258386	0.0521305530372
-lbá	0.685430463576	0.115894039735	0.188741721854	0.00993377483443
-ras	0.119502074689	0.789211618257	0.0174273858921	0.0738589211618
-'ím	0.230158730159	0.738095238095	0.031746031746	0.0
-'íl	0.22123139269	0.479045460017	0.096998756169	0.202724391125
-eri	0.0	1.0	0.0	0.0
-ral	0.0486725663716	0.946902654867	0.00442477876106	0.0
-ram	0.0	1.0	0.0	0.0
-uía	0.0677885378632	0.906493094142	0.00571519288776	0.0200031751072
-rak	0.0	1.0	0.0	0.0
-ero	0.0400230532787	0.936123206967	0.0103259477459	0.0135277920082
-ok'	0.0	1.0	0.0	0.0
-era	0.00432703256661	0.947847870645	0.0450922341152	0.00273286267365
-uín	0.631578947368	0.210526315789	0.0105263157895	0.147368421053
-xon	0.168502258352	0.122430493452	0.00349513916756	0.705572109029
-rac	0.0	1.0	0.0	0.0
-xol	0.00649702219816	0.990254466703	0.0	0.00324851109908
-xom	0.548272301913	0.139187883048	0.0311106473651	0.281429167673
-ék'	0.31884057971	0.376811594203	0.188405797101	0.115942028985
-kun	0.526341557835	0.121488836007	0.094731688433	0.257437917725
-ela	0.0113705275925	0.988629472408	0.0	0.0
-'íw	0.0188679245283	0.962264150943	0.0	0.0188679245283
-por	0.0231600057434	0.0212536836174	0.00328575812639	0.952300552513
-pos	0.0633543710277	0.0451604994734	0.00552306898929	0.88596206051
-kas	0.00584795321637	0.976608187135	0.0116959064327	0.00584795321637
-gel	0.0450574207374	0.915379965932	0.0089565360734	0.030606077257
-'ca	0.797872340426	0.0106382978723	0.191489361702	0.0
-yón	0.0175438596491	0.473684210526	0.0175438596491	0.491228070175
-nás	0.0458866271836	0.933907330911	0.0174190016424	0.00278704026278
-wix	0.69696969697	0.189393939394	0.0454545454545	0.0681818181818
-pol	0.501625432835	0.190938429965	0.223589917964	0.0838462192364
-xá'	0.179640718563	0.820359281437	0.0	0.0
-ugo	0.0610894281351	0.913456643475	0.0254539283896	0.0
-aza	0.00783187573426	0.918940086151	0.066570943741	0.0066570943741
-ích	0.522641385422	0.352536590266	0.0373724693691	0.0874495549433
-nox	0.583123425693	0.399244332494	0.00755667506297	0.0100755667506
-to'	0.724637681159	0.0144927536232	0.0	0.260869565217
-ike	0.0	1.0	0.0	0.0
-póm	0.551785262092	0.257786781464	0.0982527222081	0.0921752342364
-uju	0.751156840329	0.107735859328	0.0286352006097	0.112472099733
-lab	0.150443633875	0.67604327741	0.098280602374	0.0752324863413
-lac	0.471898007177	0.248250045898	0.0925134349306	0.187338511995
-lal	0.612705998995	0.217976073699	0.0276450962402	0.141672831066
-aat	0.0	1.0	0.0	0.0
-nor	0.0	1.0	0.0	0.0
-'ne	0.419537186917	0.223259529094	0.075516693645	0.281686590345
-lém	0.564795026229	0.254517194482	0.134058674956	0.0466291043326
-iki	0.412280701754	0.412280701754	0.0701754385965	0.105263157895
-'na	0.433375834148	0.374095477803	0.10244904042	0.0900796476296
-lat	0.104688706877	0.538493893439	0.173481899547	0.183335500136
-aal	0.0	1.0	0.0	0.0
-fos	0.0	1.0	0.0	0.0
-sa'	0.587114792698	0.0205453121012	0.00303090112112	0.389308994079
-eón	0.12600896861	0.858295964126	0.00807174887892	0.00762331838565
-las	0.0762780446648	0.843190936171	0.00878144532259	0.0717495738416
-noc	0.0	1.0	0.0	0.0
-lax	0.216294160058	0.714491708724	0.0519105984138	0.0173035328046
-aac	0.00662251655629	0.979470198675	0.00596026490067	0.00794701986754
-ut'	0.0208188757807	0.877168632894	0.102012491325	0.0
-bec	0.0	0.870148607705	0.129851392295	0.0
-súm	0.0693277310925	0.886554621849	0.0126050420168	0.031512605042
-dor	0.0354919053549	0.950809464508	0.00373599003736	0.00996264009962
-dos	0.0	1.0	0.0	0.0
-nix	0.265734757745	0.202024608249	0.101948059258	0.430292574748
-boc	0.0371119667268	0.896086493165	0.0668015401082	0.0
-uko	0.0	0.525	0.475	0.0
-hib	0.0113350125945	0.933669185558	0.0314861460957	0.0235096557515
-fán	0.0	1.0	0.0	0.0
-yáx	0.369519832985	0.486430062631	0.131524008351	0.0125260960334
-fás	0.00529287226535	0.985179957657	0.00317572335921	0.00635144671841
-oc'	0.0384226831897	0.785885865661	0.0341089709052	0.141582480244
-doc	0.0	1.0	0.0	0.0
-bor	0.0	0.94	0.012	0.048
-yáb	0.625905711016	0.242276138375	0.0480928890641	0.0837252615454
-ges	0.0230769230769	0.976923076923	0.0	0.0
-áju	0.0069290465632	0.0321507760532	0.00110864745011	0.959811529933
-sál	0.69789257238	0.155880234949	0.0103072211281	0.135919971542
-dok	0.0	1.0	0.0	0.0
-sas	0.0778301886792	0.844339622642	0.0778301886792	0.0
-ión	0.0129286115795	0.954187745925	0.0134907251265	0.0193929173693
-'uy	0.737662315958	0.180302321306	0.050010862844	0.0320244998914
-vos	0.0106194690266	0.989380530973	0.0	0.0
-tob	0.672853828306	0.222737819026	0.104408352668	0.0
-sat	0.540831877731	0.316349948178	0.0934902111684	0.0493279629228
-ton	0.158464566929	0.748687664042	0.0206692913385	0.0721784776903
-tol	0.108785328713	0.462496758834	0.274909836645	0.153808075808
-tom	0.168335839457	0.737471747004	0.0619438060922	0.0322486074465
-lóm	0.614197530864	0.277777777778	0.0555555555555	0.0524691358024
-bak	0.106298750057	0.737476311367	0.0112888148788	0.144936123697
-sac	0.370874931376	0.199385941725	0.146397999227	0.283341127671
-sab	0.0502578926668	0.0664637207532	0.0286991529353	0.854579233645
-'ui	0.284635981707	0.325601266493	0.111109720604	0.278653031196
-tou	0.190085653515	0.113770351492	0.203467019245	0.492676975748
-tor	0.10752688172	0.831029185868	0.0268817204301	0.0345622119816
-'un	0.465618619845	0.502654144549	0.0317272356064	0.0
-'um	0.249813571961	0.640247150314	0.0695642910408	0.0403749866837
-'ul	0.194132722122	0.450278488293	0.290626072096	0.064962717489
-sak	0.5	0.265625	0.03125	0.203125
-'ub	0.0854025602636	0.812984711983	0.0361192993726	0.0654934283805
-sai	0.0	1.0	0.0	0.0
-ebé	0.0617198335645	0.228848821082	0.705270457698	0.00416088765603
-san	0.49761312487	0.137676692265	0.00758967432552	0.357120508539
-sam	0.0	0.854223433243	0.129427792916	0.016348773842
-no'	0.185185185185	0.351851851852	0.407407407407	0.0555555555556
-lon	0.5675333383	0.291067570588	0.130671235938	0.010727855174
-cle	0.236697247706	0.691743119266	0.0165137614679	0.0550458715596
-lol	0.464626232885	0.426254367619	0.0799282225606	0.0291911769352
-lom	0.185603431087	0.591302069661	0.142666970716	0.0804275285354
-múl	0.396375328851	0.473838059047	0.0736626717334	0.0561239403683
-iel	0.0439763488544	0.929416112343	0.0221729490022	0.00443458980045
-loi	0.0	0.972222222222	0.0185185185185	0.00925925925925
-jbé	0.454859183643	0.366007083802	0.168596454169	0.0105372783855
-ybe	0.475609756098	0.487804878049	0.0365853658537	0.0
-loe	0.0736196319018	0.822085889571	0.0490797546012	0.0552147239264
-hál	0.608330280325	0.235331380582	0.0795480138419	0.0767903252511
-hám	0.366010964205	0.35536923573	0.154788777814	0.123831022251
-xná	0.215258855586	0.58310626703	0.201634877384	0.0
-aní	0.112359550562	0.831460674157	0.0224719101124	0.0337078651685
-múx	0.242696629214	0.532584269663	0.0898876404494	0.134831460674
-clu	0.945054945055	0.054945054945	0.0	0.0
-sué	0.0616388687455	0.883973894126	0.0145032632342	0.0398839738941
-mín	0.116845530103	0.829949127916	0.0287061379992	0.0244992039821
-póx	0.475442043222	0.188605108055	0.0471512770138	0.288801571709
-loy	0.71151412906	0.102488401518	0.0	0.185997469422
-háx	0.290191840043	0.566603620643	0.111321264523	0.0318832747906
-rom	0.0	1.0	0.0	0.0
-lot	0.00611139101444	0.814748459875	0.119172124781	0.0599680243291
-lou	0.552380952381	0.379365079365	0.0634920634921	0.00476190476191
-och	0.0	1.0	0.0	0.0
-ain	0.0	1.0	0.0	0.0
-ách	0.471084932373	0.401367195979	0.0688529489578	0.0586949226899
-ik'	0.056471651231	0.93242225736	0.00225886604924	0.00884722535953
-sal	0.525342088941	0.327213529969	0.0712848083165	0.0761595727736
-juy	0.463235294118	0.430672268908	0.0640756302521	0.0420168067227
-ipo	0.0324324324324	0.958301158301	0.0092664092664	0.0
-pia	0.0357142857143	0.964285714286	0.0	0.0
-ch'	0.0151802168602	0.967419534565	0.00792011314448	0.0094801354305
-ipa	0.00793078586878	0.982696467195	0.00648882480172	0.0028839221341
-húm	0.231541751906	0.723823693509	0.0334759159383	0.0111586386461
-ida	0.0181818181818	0.976136363636	0.0	0.00568181818182
-mat	0.137557445053	0.824899584136	0.0315360954816	0.00600687532982
-noé	0.0	1.0	0.0	0.0
-sap	0.0698234488972	0.750472853174	0.0732944077712	0.106409290157
-dío	0.0201533124131	0.846696789274	0.10190766286	0.0312422354532
-rdo	0.0294464075383	0.740871613663	0.229681978799	0.0
-wil	0.284149492352	0.498113756838	0.0892781329225	0.128458617887
-jál	0.636659818403	0.186298744773	0.0324075692459	0.144633867578
-mec	0.0	1.0	0.0	0.0
-dhá	0.557169054094	0.270329778878	0.0600127775574	0.11248838947
-núx	0.375	0.479166666667	0.0	0.145833333333
-síl	0.121993726037	0.325374695016	0.457476472639	0.0951551063088
-cu'	0.306336434776	0.445658532278	0.169199695374	0.0788053375717
-xna	0.348931841302	0.362156663276	0.241098677518	0.0478128179044
-mak	0.637010676157	0.284697508897	0.0355871886121	0.0427046263345
-awe	0.00828271673109	0.374378796245	0.0629486471562	0.554389839867
-lao	0.291666666667	0.60119047619	0.0	0.107142857143
-wá'	0.0168815144835	0.013396798191	0.00534323164845	0.964378455677
-jto	0.230501722502	0.0871129027	0.2094063072	0.472979067598
-gás	0.0334656021418	0.956494717216	0.0	0.0100396806425
-júm	0.589665653495	0.164133738602	0.127659574468	0.118541033435
-kor	0.0	1.0	0.0	0.0
-wda	0.0	1.0	0.0	0.0
-uc'	0.294895093342	0.486535602181	0.156120931769	0.0624483727077
-ey'	0.338983050847	0.559322033898	0.0	0.101694915254
-saú	0.0407285892069	0.842742391673	0.0554361353094	0.0610928838104
-síx	0.415267175572	0.366412213741	0.177099236641	0.0412213740458
-hax	0.251924698418	0.699318159401	0.0220366926078	0.0267204495732
-hól	0.819466248038	0.16169544741	0.0094191522763	0.00941915227629
-sto	0.0186903972356	0.937318688411	0.00375230870766	0.040238605646
-'au	0.519877675841	0.379204892966	0.0275229357798	0.0733944954129
-ma'	0.0943137239391	0.806261330167	0.0458567292343	0.0535682166599
-ste	0.491110347925	0.215062948188	0.188888595356	0.104938108531
-hi'	0.0850144092218	0.622478386167	0.0201729106628	0.272334293948
-hná	0.634615384615	0.121202467977	0.0204714640198	0.223710683388
