-ɨma	0.112277824165	0.760553088394	0.0306113726901	0.0965577147512
-cae	0.0915099135739	0.87036095577	0.0305033045247	0.00762582613115
-cai	0.416393569033	0.246636079732	0.113737132282	0.223233218954
-ɨmo	0.164232525959	0.296602997769	0.0355527281267	0.503611748145
-cao	0.123287671233	0.72602739726	0.150684931507	0.0
-cas	0.0070796460177	0.964601769912	0.0	0.0283185840708
-car	0.0	0.978021978022	0.021978021978	0.0
-ive	0.557789120065	0.267390899504	0.105208404513	0.0696115759182
-rbe	0.0	1.0	0.0	0.0
-caz	0.0	1.0	0.0	0.0
-eua	0.172891178364	0.539600772698	0.138763683194	0.148744365744
-ivo	0.158118522455	0.630613871911	0.151474887058	0.0597927185756
-dío	0.157274590164	0.728995901639	0.0691598360656	0.0445696721312
-día	0.0648148148148	0.569444444445	0.337962962963	0.0277777777778
-adɨ	0.232380737532	0.58625551007	0.0701357099009	0.111228042497
-gaɨ	0.126295757579	0.695596993867	0.0319098323671	0.146197416187
-émo	0.0658046096489	0.893092918289	0.000970160630883	0.0401323114308
-asɨ	0.436893203884	0.533980582524	0.0291262135922	0.0
-ufo	0.0	1.0	0.0	0.0
-aum	0.0779753761969	0.848153214774	0.0656634746922	0.00820793433653
-inɨ	0.169551852451	0.162109690989	0.138165345413	0.530173111147
-nto	0.139711191336	0.538267148015	0.0404332129964	0.281588447653
-uai	0.269426443697	0.154294668744	0.00470515586699	0.571573731692
-nte	0.0888236216655	0.680063873166	0.0636593050942	0.167453200074
-bbí	0.52972972973	0.275675675676	0.0	0.194594594595
-uan	0.0377324336012	0.89571789173	0.0115651115782	0.0549845630902
-dro	0.0218860493219	0.949603902788	0.00362529651345	0.0248847513763
-ɨco	0.199817950058	0.194765157245	0.0422249424173	0.56319195028
-pre	0.0126849894292	0.955602536998	0.0190274841438	0.0126849894292
-ñaɨ	0.277945619335	0.300100704934	0.257804632427	0.164149043303
-nmo	0.102685624013	0.801737756714	0.0189573459716	0.0766192733017
-edɨ	0.182533216512	0.118273682726	0.0255019883553	0.673691112406
-iaɨ	0.248130453812	0.394662421822	0.0336091976126	0.323597926753
-eño	0.0204142647201	0.908330350639	0.0260483996614	0.0452069849799
-ɨca	0.359880471766	0.533284558292	0.0317331593886	0.075101810553
-mán	0.0432945057211	0.740232965674	0.216472528605	0.0
-smo	0.0677966101695	0.900912646675	0.0	0.0312907431551
-ope	0.0785714285714	0.814285714286	0.0	0.107142857143
-gɨa	0.120689655172	0.775862068966	0.103448275862	0.0
-dea	0.0215887074453	0.965125934127	0.0	0.0132853584279
-dec	0.0407016383959	0.916530650193	0.0278919857028	0.0148757257081
-baɨ	0.188063844552	0.131944727926	0.0527921786341	0.627199248888
-ɨte	0.393777133569	0.185346142917	0.115393005436	0.305483718078
-ɨta	0.614901256732	0.277079593058	0.0332136445243	0.0748055056852
-deo	0.00176004693459	0.998239953065	0.0	0.0
-ima	0.179892200098	0.652902133725	0.0388792373825	0.128326428794
-des	0.0452200946796	0.874796862856	0.03801314209	0.0419699003745
-ime	0.0839872130194	0.790903807033	0.0754141238013	0.0496948561464
-imo	0.167382441082	0.494814267129	0.0306034809491	0.307199810839
-ido	0.185930710528	0.365765999872	0.0761942642191	0.37210902538
-ídɨ	0.0171086398631	0.982891360137	0.0	0.0
-obi	0.489622641509	0.276886792453	0.208018867925	0.0254716981132
-eco	0.0797213299404	0.825914646865	0.0748404321889	0.0195235910058
-obo	0.00110874988451	0.996673750346	0.0011087498845	0.00110874988451
-lle	0.35418261237	0.396453312135	0.0605816011187	0.188782474376
-jɨa	0.186722585925	0.458224222586	0.0665916530278	0.288461538462
-eca	0.6768588735	0.181703998325	0.0236347552452	0.117802372929
-ide	0.461803317326	0.204651361485	0.0821383625881	0.2514069586
-llo	0.236940288195	0.641306330457	0.0807129157247	0.0410404656227
-ida	0.521508355374	0.284216941111	0.083573728726	0.110700974789
-bie	0.125562094603	0.0543178321526	0.0179386095843	0.80218146366
-llu	0.0976251583769	0.278288554628	0.395292550599	0.228793736396
-bia	0.480857915512	0.121469902013	0.0199257118623	0.377746470613
-ter	0.0647302904564	0.92531120332	0.00995850622406	0.0
-rie	0.146782683941	0.133190783452	0.0329845736729	0.687041958934
-eje	0.170013919268	0.606283555379	0.205806323325	0.0178962020282
-ute	0.5	0.325	0.175	0.0
-rio	0.0346474388988	0.792115366607	0.173237194494	0.0
-rim	0.0	1.0	0.0	0.0
-ñoo	0.116279069767	0.786046511628	0.0383720930232	0.0593023255814
-úri	0.46080760095	0.389548693587	0.0570071258907	0.0926365795724
-erɨ	0.214285714286	0.785714285714	0.0	0.0
-tea	0.0	1.0	0.0	0.0
-ris	0.0	1.0	0.0	0.0
-raɨ	0.129641520963	0.472521316483	0.0262464186806	0.371590743874
-tel	0.0952380952381	0.880952380952	0.0	0.0238095238095
-gro	0.0	1.0	0.0	0.0
-teo	0.033556926027	0.900789002267	0.0189230785866	0.0467309931192
-are	0.176929169305	0.20979074392	0.373319614824	0.239960471951
-ara	0.0863328263435	0.725630746505	0.0618919939126	0.126144433239
-mes	0.0	1.0	0.0	0.0
-eri	0.349451884758	0.237756401897	0.125407055755	0.28738465759
-aro	0.0964812712827	0.860953461975	0.00681044267877	0.0357548240635
-ari	0.427564564129	0.350180993362	0.104332290543	0.117922151966
-rón	0.0867083560426	0.819384858357	0.0159237987198	0.077982986881
-jia	0.434320093369	0.414308292321	0.0778887204613	0.0734828938494
-mec	0.0	1.0	0.0	0.0
-lua	0.418161146755	0.142618820451	0.0140316397479	0.425188393046
-meo	0.0345489443378	0.948176583493	0.0172744721689	0.0
-mei	0.189068363653	0.0285867035793	0.0100473633787	0.772297569389
-lue	0.0812757201646	0.162731073225	0.506303481612	0.249689724998
-ugɨ	1.0	0.0	0.0	0.0
-aya	0.0	1.0	0.0	0.0
-ɨio	0.0265486725664	0.929203539823	0.0176991150442	0.0265486725664
-ɨia	0.505669315955	0.295850517633	0.0666370074669	0.131843158945
-ayo	0.0893854748603	0.854748603352	0.0223463687151	0.0335195530726
-ero	0.275738438373	0.158380595346	0.0100719057895	0.555809060492
-laɨ	0.291965434823	0.558301158301	0.0683949255378	0.0813384813385
-noɨ	0.00550660792949	0.839574155654	0.110866372981	0.0440528634361
-bás	0.00386174937246	0.961382506275	0.0193087468623	0.0154469974898
-vui	0.521413483712	0.140624899069	0.011982507477	0.325979109742
-ɨfe	0.0870898956268	0.810841345255	0.0242789270884	0.0777898320302
-aɨi	0.769535113749	0.0999010880316	0.0830860534124	0.0474777448071
-aɨo	0.0892287483581	0.708106586602	0.0295552636517	0.173109401389
-aón	0.126903553299	0.839255499154	0.0135363790186	0.0203045685279
-ɨfo	0.287088312445	0.333624793549	0.19906732731	0.180219566696
-aɨa	0.498781859367	0.234172356075	0.081758515632	0.185287268926
-ɨfi	0.370477568741	0.473227206946	0.0694645441389	0.0868306801737
-aɨe	0.109464949488	0.144866106766	0.172593773668	0.573075170078
-dán	0.0629633854226	0.901839691049	0.00423666672099	0.0309602568072
-fue	0.186068382168	0.319688388765	0.0281930304143	0.466050198653
-xad	0.0	1.0	0.0	0.0
-nta	0.0747127214162	0.0975684609611	0.0279285472456	0.799790270377
-ube	0.225212065688	0.45926228053	0.0430703284994	0.272455325282
-ota	0.429422013607	0.362490699326	0.0930357425395	0.115051544528
-tán	0.0276012347921	0.926275649174	0.0203377519521	0.0257853640821
-ote	0.570894482069	0.0917045260125	0.0129668360875	0.324434155831
-oam	0.0	1.0	0.0	0.0
-toɨ	0.246913580247	0.703703703704	0.0246913580247	0.0246913580247
-oto	0.0240142968837	0.286272757735	0.359097509215	0.330615436167
-ɨña	0.854838709677	0.0967741935484	0.0	0.0483870967742
-uma	0.0880134115675	0.855825649623	0.00502933780388	0.0511316010059
-eví	0.0102459016393	0.961065573771	0.016393442623	0.0122950819672
-umo	0.154438600258	0.668223128667	0.0173536567912	0.159984614284
-saɨ	0.0218304410302	0.933403338123	0.0328838288936	0.0118823919531
-umi	0.113924050633	0.73417721519	0.0	0.151898734177
-ɨño	0.0771702176276	0.746054936609	0.0669570214858	0.109817824278
ALL	0.230661207001	0.281619565597	0.0519475002475	0.435771727155
-nai	0.228109664437	0.338656952652	0.0927232380755	0.340510144835
-nao	0.144578313253	0.807228915663	0.0240963855422	0.0240963855422
-nam	0.0	1.0	0.0	0.0
-ɨna	0.172645298502	0.308851160703	0.0363308943741	0.482172646421
-aús	0.122448979592	0.857142857143	0.0	0.0204081632653
-aúl	0.25641025641	0.641025641026	0.0	0.102564102564
-sio	0.0	1.0	0.0	0.0
-nas	0.107459161582	0.742963983468	0.0979137964967	0.0516630584531
-sia	0.0134294643686	0.980938824767	0.00129962558406	0.0043320852802
-ocɨ	0.166669828682	0.71513403783	0.0365212772012	0.0816748562864
-sie	0.30529840457	0.558794563719	0.0709080165451	0.0649990151664
-mos	0.0956810631229	0.865780730897	0.0	0.0385382059801
-mor	0.0	0.965517241379	0.0344827586207	0.0
-gog	0.08	0.92	0.0	0.0
-nɨe	0.192891139583	0.0767439265922	0.0241217755851	0.70624315824
-aán	0.397633136095	0.519526627219	0.0213017751479	0.0615384615385
-údɨ	0.135379362039	0.623136503706	0.0092446073124	0.232239526943
-moo	0.0434275500163	0.920399871034	0.0048311039423	0.0313414750074
-mon	0.508196721311	0.295081967213	0.131147540984	0.0655737704918
-gos	0.0610696889162	0.857504059196	0.0814262518882	0.0
-rdɨ	0.100316789863	0.810982048574	0.0411826821542	0.0475184794086
-moi	0.175531914894	0.218085106383	0.446808510638	0.159574468085
-ber	0.0	1.0	0.0	0.0
-bes	0.1	0.9	0.0	0.0
-eos	0.240019775059	0.430354715116	0.024718823384	0.304906686442
-eor	0.0416666666667	0.958333333333	0.0	0.0
-bet	0.0121580547112	0.872340425532	0.0851063829787	0.0303951367782
-cob	0.012641815235	0.971150729335	0.00064829821718	0.0155591572123
-ofo	0.125609540392	0.637310001553	0.0433630776958	0.19371738036
-tɨe	0.114149008886	0.816131237184	0.0697197539303	0.0
-bei	0.162339848205	0.350974716174	0.428030745439	0.0586546901816
-tɨa	0.563492063492	0.368253968254	0.00634920634919	0.0619047619048
-tɨo	0.467062358424	0.279604798271	0.0599284800751	0.19340436323
-ofe	0.183928657975	0.402898269762	0.359860417777	0.0533126544855
-rla	0.121565617805	0.878434382195	0.0	0.0
-cos	0.0128113879004	0.985053380783	0.0	0.00213523131673
-cor	0.0	1.0	0.0	0.0
-iso	0.336206896552	0.646551724138	0.0172413793103	0.0
-rei	0.466962036483	0.151393367902	0.0297003499348	0.35194424568
-reo	0.0393442622951	0.639344262295	0.32131147541	0.0
-isi	0.252336448598	0.478504672897	0.134579439252	0.134579439252
-ise	0.309232911408	0.111626797191	0.0349442535791	0.544196037821
-rea	0.0436241610738	0.927852348993	0.0184563758389	0.010067114094
-isa	0.143886649566	0.695737144253	0.108831073653	0.0515451325272
-eve	0.08203125	0.0234374999999	0.03125	0.86328125
-eva	0.0378416257884	0.875262789068	0.00840925017519	0.0784863349685
-res	0.0873307176306	0.614605746108	0.0550563219846	0.243007214277
-ret	0.0472932778108	0.942891136228	0.00356930398572	0.00624628197501
-hab	0.0124254473161	0.957753479125	0.0298210735587	0.0
-naí	0.0699856847463	0.888659137904	0.0413551773501	0.0
-ɨaɨ	0.0705809582358	0.288477699846	0.0226139183535	0.618327423564
-ava	0.264505753965	0.621298034914	0.0	0.114196211121
-mas	0.0965909090909	0.886363636364	0.00852272727272	0.00852272727271
-mar	0.0	1.0	0.0	0.0
-ave	0.0286396181384	0.852028639618	0.119331742243	0.0
-úna	0.0514257436336	0.520600390541	0.00322664776375	0.424747218061
-mai	0.31794089296	0.1458453016	0.0493451788146	0.486868626625
-oɨa	0.463917525773	0.536082474227	0.0	0.0
-caɨ	0.254989407391	0.176592206912	0.0461059266282	0.522312459069
-una	0.0953942667639	0.31910176586	0.0174470357842	0.568056931592
-euɨ	0.856046065259	0.115163147793	0.0287907869482	0.0
-pta	0.0988235294118	0.901176470588	0.0	0.0
-pto	0.0554339897885	0.719183078045	0.212983223924	0.0123997082421
-ɨbi	0.565310492505	0.314645383168	0.0129777431705	0.107066381156
-ade	0.557830691385	0.224587285293	0.0672620491541	0.150319974168
-tra	0.264705882353	0.676470588235	0.0588235294118	0.0
-ada	0.70288248337	0.223946784922	0.00997782705099	0.0631929046563
-ɨba	0.50688559322	0.297492937853	0.055790960452	0.139830508475
-ado	0.288152835253	0.341894518022	0.225930133877	0.144022512847
-tro	0.0196868535037	0.638844487098	0.0226602728088	0.318808386589
-gai	0.383575883576	0.591476091476	0.0	0.024948024948
-adi	0.204762874008	0.373498880521	0.0179116629351	0.403826582536
-gau	0.0	1.0	0.0	0.0
-sna	0.202999545523	0.727011058931	0.0121193758521	0.057870019694
-gar	0.228531855956	0.702216066482	0.0	0.0692520775623
-seo	0.0373608498958	0.89088259713	0.0290584388079	0.0426981141666
-ini	0.0149253731343	0.970149253731	0.0149253731343	0.0
-sem	0.0	1.0	0.0	0.0
-nos	0.148872820076	0.695874096129	0.119098256061	0.0361548277329
-bel	0.0171068427371	0.939675870348	0.0432172869147	0.0
-ino	0.196713183591	0.223716455307	0.0847500831321	0.49482027797
-ina	0.133491055389	0.41646530325	0.0379296677369	0.412113973624
-uis	0.0	1.0	0.0	0.0
-ine	0.748230224685	0.129270544783	0.0221606648199	0.100338565712
-sea	0.0392156862745	0.960784313725	0.0	0.0
-món	0.0138211382114	0.976964769648	0.000271002710027	0.0089430894309
-uez	0.295846023033	0.614018299037	0.0376873914691	0.0524482864612
-uim	0.0	1.0	0.0	0.0
-uia	0.444979359661	0.330351763203	0.0567213086207	0.167947568515
-ɨjɨ	0.225511623286	0.383402874363	0.0847738260812	0.30631167627
-set	0.0	1.0	0.0	0.0
-ses	0.0188679245283	0.981132075472	0.0	0.0
-ser	0.0	1.0	0.0	0.0
-blo	0.0299477327306	0.861421104676	0.00203418561944	0.106596976974
-eda	0.239089666571	0.580369346175	0.0654778932647	0.115063093989
-dón	0.0308293083958	0.947590175727	0.00924879251876	0.0123317233583
-ɨcɨ	0.32104300122	0.579485246347	0.03250361325	0.0669681391825
-són	0.0565149136578	0.934065934066	0.0	0.00941915227629
-dɨo	0.381363613	0.372210673966	0.0949982353179	0.151427477716
-cɨa	0.41794765268	0.429580390528	0.0598255089323	0.0926464478604
-edo	0.272853380057	0.274495513905	0.0863317889193	0.366319317118
-dɨi	0.481481481481	0.234567901235	0.222222222222	0.0617283950617
-rso	0.0	0.985401459854	0.014598540146	0.0
-neo	0.0	0.874433205441	0.0	0.125566794559
-ate	0.488737788604	0.282050379848	0.0529189734054	0.176292858142
-bed	0.235294117647	0.764705882353	0.0	0.0
-ias	0.0339222614841	0.959717314488	0.00212014134276	0.00424028268551
-edu	0.0659459459459	0.912972972973	0.0194594594595	0.00162162162162
-ooz	0.03125	0.96875	0.0	0.0
-más	0.00415512465375	0.968836565097	0.0228531855956	0.00415512465374
-ban	0.0614828209765	0.781796262809	0.0108499095841	0.14587100663
-bai	0.28298136646	0.571428571429	0.0660869565217	0.0795031055901
-uua	0.0666666666667	0.622222222222	0.244444444444	0.0666666666667
-aré	0.0	1.0	0.0	0.0
-ímo	0.0	0.270386266094	0.660944206009	0.068669527897
-bas	0.263513513514	0.736486486486	0.0	0.0
-job	0.0	0.919642857143	0.0803571428572	0.0
-jɨɨ	0.25102528189	0.244787940468	0.0228534577443	0.481333319898
-ase	0.200747149037	0.752457727094	0.0176956350767	0.0290994887928
-ecɨ	0.265042076823	0.340536934483	0.0312260666179	0.363194922076
-que	0.0851063829788	0.914893617021	0.0	0.0
-asa	0.20668669588	0.43957905651	0.0946258836227	0.259108363987
-qui	0.0	1.0	0.0	0.0
-llɨ	0.238337656341	0.573838379121	0.049650988786	0.138172975752
-asi	0.1646884273	0.795252225519	0.0155786350148	0.0244807121662
-lsa	0.378445999166	0.538155029421	0.00555993142751	0.0778390399852
-lta	0.173076923077	0.730769230769	0.0576923076923	0.0384615384615
-rmo	0.301152985717	0.663578653512	0.00803074628579	0.0272376144859
-ɨɨa	0.64402173913	0.252717391304	0.0244565217392	0.0788043478261
-zor	0.0	1.0	0.0	0.0
-ñua	0.541885709245	0.215933663775	0.0570285548077	0.185152072173
-ras	0.0521445358402	0.669800235018	0.214159811986	0.0638954171562
-rao	0.357748995087	0.56543099598	0.0107190710138	0.0661009379187
-ram	0.0	1.0	0.0	0.0
-uía	0.204545454545	0.768181818182	0.0	0.0272727272727
-red	0.0	1.0	0.0	0.0
-rai	0.0790059795971	0.854955876836	0.0132456910439	0.0527924525226
-era	0.0420053275049	0.633221774469	0.324772898026	0.0
-uío	0.0	0.806451612903	0.193548387097	0.0
-ere	0.338190072325	0.182608804257	0.0325830363838	0.446618087034
-dos	0.143410852713	0.43992248062	0.046511627907	0.37015503876
-aén	0.0	1.0	0.0	0.0
-uñu	0.0911928348487	0.852083050617	0.0453250101778	0.0113991043561
-pos	0.05	0.925	0.025	0.0
-arɨ	0.0875239923224	0.414587332054	0.0	0.497888675624
-ozo	0.118980169972	0.604815864023	0.0042492917847	0.271954674221
-opa	0.339046901488	0.649651535129	0.0	0.0113015633829
-nás	0.0486318626589	0.806351438448	0.137692623191	0.00732407570165
-aza	0.201089292054	0.354552418677	0.376674576335	0.0676837129351
-oua	0.303468208092	0.566473988439	0.0867052023121	0.0433526011561
-oue	0.461538461538	0.410256410256	0.128205128205	0.0
-lac	0.300250208507	0.699749791493	0.0	0.0
-aat	0.0	1.0	0.0	0.0
-nor	0.0	1.0	0.0	0.0
-lao	0.447368421053	0.5	0.0	0.0526315789474
-lai	0.0414183984886	0.937363755268	0.00813835198372	0.0130794942595
-aam	0.053412462908	0.899109792285	0.0237388724036	0.0237388724036
-noi	0.395244471431	0.300988328742	0.040081012498	0.263686187329
-fos	0.0294117647059	0.941176470588	0.0	0.0294117647059
-eón	0.0955102040816	0.833469387755	0.0563265306123	0.014693877551
-las	0.0124934929724	0.982821447163	0.0031233732431	0.00156168662155
-noc	0.0126582278481	0.962025316456	0.0126582278481	0.0126582278481
-lɨe	0.00218656899992	0.995353540875	0.000819963374966	0.00163992674994
-aac	0.0435146443515	0.950209205021	0.00251046025104	0.00376569037656
-dor	0.164014229545	0.795543905636	0.0157273918742	0.0247144729451
-boa	0.0997150997151	0.811396011396	0.0752136752137	0.0136752136752
-fán	0.0	1.0	0.0	0.0
-ɨfɨ	0.0677374446776	0.89538097118	0.0180771708189	0.0188044133231
-fás	0.0362585391487	0.856542301629	0.0882816605359	0.0189174986863
-cel	0.0797612588172	0.907216494845	0.0	0.0130222463375
-doc	0.0	1.0	0.0	0.0
-doi	0.431578947368	0.157894736842	0.3	0.110526315789
-fɨe	0.0901803607215	0.670770111652	0.118809046665	0.120240480962
-ión	0.00675675675675	0.923423423423	0.0698198198198	0.0
-vos	0.0858572015897	0.89255858572	0.0	0.0215842126902
-uta	0.370713623726	0.607043558851	0.0	0.0222428174235
-odɨ	0.248709099122	0.510994127473	0.0818994651735	0.158397308231
-tos	0.173881242967	0.387889148562	0.0584696615597	0.379759946911
-olo	0.0125	0.93125	0.01875	0.0375
-sai	0.450635978195	0.502119927317	0.0	0.0472440944882
-sam	0.0	1.0	0.0	0.0
-sal	0.0710876409059	0.882705392505	0.0462069665888	0.0
-naɨ	0.411873840445	0.43351886209	0.102659245516	0.0519480519481
-iel	0.0354864147967	0.938490214352	0.026023370851	0.0
-ien	0.0500682749204	0.0373236231224	0.0204824761038	0.892125625853
-loe	0.0588235294118	0.852941176471	0.0294117647059	0.0588235294118
-loc	0.118518518518	0.851851851852	0.0296296296296	0.0
-oce	0.00812023648406	0.0303440415984	0.0183773773061	0.943158344611
-iez	0.0110864745011	0.009977827051	0.0	0.978935698448
-oca	0.363971334068	0.224870398854	0.178820891718	0.232337375359
-ámo	0.102482751674	0.852193181246	0.0120864178879	0.0332376491917
-rom	0.0	1.0	0.0	0.0
-lot	0.031036834925	0.899130286494	0.0698328785812	0.0
-los	0.0369476055174	0.877671015557	0.0511432644793	0.0342381144461
-goɨ	0.310504634397	0.689495365603	0.0	0.0
-ipo	0.0	0.989473684211	0.0	0.0105263157895
-sar	0.0	0.937619130133	0.0363888407555	0.0259920291111
-ipa	0.0125852123755	0.971683272155	0.0157315154693	0.0
-ipe	0.00978970268306	0.990210297317	0.0	0.0
-noé	0.057361376673	0.918738049713	0.0	0.0239005736138
-údo	0.131147540984	0.55737704918	0.180327868852	0.131147540984
-moɨ	0.223280838132	0.145059648292	0.0451578381168	0.586501675458
-úmo	0.135418533787	0.446316544183	0.0102168847464	0.408048037283
-aia	0.429425916313	0.204426967904	0.0954350174808	0.270712098302
-acɨ	0.342437502049	0.18074390992	0.051436253549	0.425382334482
-tɨɨ	0.082191780822	0.698630136986	0.109589041096	0.109589041096
-isɨ	0.0450150983899	0.924590091586	0.00923386633638	0.0211609436876
-saú	0.1569154898	0.550325039229	0.191885227527	0.100874243443
-lla	0.299362202267	0.214528731225	0.0555322667762	0.430576799732
-sto	0.0376148086614	0.701437567115	0.0164602836202	0.244487340603
-sta	0.0422696115765	0.908987052551	0.018278750952	0.03046458492
-saí	0.0	1.0	0.0	0.0
-cui	0.259634888438	0.682048681542	0.0583164300202	0.0
-loé	0.142792315837	0.775525639086	0.00907578278626	0.0726062622901
-ɨai	0.0753635324241	0.613761896327	0.122465740189	0.18840883106
-cue	0.264338119349	0.156482029264	0.0334692666199	0.545710584767
-ián	0.206896551724	0.689655172414	0.103448275862	0.0
-cua	0.18126153193	0.757719249547	0.0184510882876	0.0425681302353
-rpa	0.0	0.925373134328	0.0	0.0746268656716
-uca	0.476843910806	0.0	0.102915951973	0.420240137221
-lli	0.336297943302	0.571984435798	0.0333518621457	0.0583657587548
-ibi	0.218579234973	0.142076502732	0.0	0.639344262295
-mue	0.0754601226994	0.0503067484663	0.825153374233	0.0490797546013
-rac	0.0	1.0	0.0	0.0
-fai	0.178201992968	0.372072700669	0.356783340898	0.0929419654652
-ion	0.0192307692308	0.903846153846	0.0	0.0769230769231
-leo	0.252336448598	0.529595015576	0.0249221183801	0.193146417445
-lea	0.0160102465578	0.976625040026	0.00544348382965	0.00192122958693
-mui	0.0134982222257	0.393147243291	0.0037018337945	0.589652700689
-leg	0.0	1.0	0.0	0.0
-ɨrɨ	0.185686653772	0.814313346228	0.0	0.0
-gón	0.00954653937945	0.639618138425	0.322195704057	0.0286396181385
-oia	0.439419656896	0.222093007266	0.0691558776199	0.269331458219
-ódɨ	0.317028985507	0.492753623188	0.0670289855073	0.123188405797
-agé	0.0571428571429	0.885714285714	0.0	0.0571428571429
-les	0.0392156862745	0.960784313725	0.0	0.0
-éis	0.0	0.0357142857143	0.0357142857143	0.928571428571
-eel	0.0	1.0	0.0	0.0
-rra	0.138547486033	0.815642458101	0.0391061452514	0.00670391061454
-ife	0.400829302004	0.550794747754	0.0483759502419	0.0
-sɨi	0.586051743532	0.400449943757	0.0134983127109	0.0
-ifi	0.127140633108	0.509600415153	0.0996367410482	0.26362221069
-rro	0.180873180873	0.781704781705	0.037422037422	0.0
-ifo	0.107391052555	0.506044592442	0.103156218329	0.283408136673
-gio	0.0	1.0	0.0	0.0
-ána	0.0435779816514	0.860091743119	0.0137614678899	0.0825688073394
-udá	0.0	1.0	0.0	0.0
-ndo	0.0	1.0	0.0	0.0
-gia	0.0113636363636	0.988636363636	0.0	0.0
-ala	0.0589887640449	0.941011235955	0.0	0.0
-obe	0.0405405405405	0.868243243243	0.081081081081	0.0101351351351
-oɨe	0.368306986232	0.4277154513	0.0815910249873	0.122386537481
-ína	0.163149350649	0.763798701299	0.0243506493506	0.0487012987013
-ɨsi	0.414524361289	0.50247522641	0.0591154015668	0.023885010734
-abé	0.00498200941046	0.993357320786	0.00166066980349	0.0
-ɨsa	0.382608695652	0.486956521739	0.0521739130435	0.0782608695652
-cho	0.0620378855181	0.115310897683	0.112245290542	0.710405926258
-loi	0.417883861774	0.48592803705	0.0363377271108	0.0598503740648
-oré	0.0	1.0	0.0	0.0
-elo	0.063829787234	0.906710310966	0.0294599018003	0.0
-ogo	0.0368698269375	0.959179834462	0.00395033860045	0.0
-oga	0.272394391391	0.32964980903	0.0476864069071	0.350269392672
-ela	0.351351351351	0.648648648649	0.0	0.0
-atɨ	0.91389031266	0.0246027678114	0.00922603792927	0.0522808815992
-rɨa	0.571782736083	0.324543610548	0.0518368266847	0.0518368266847
-ito	0.038194592293	0.879859484778	0.017351500958	0.0645944219715
-tes	0.054054054054	0.710424710425	0.196911196911	0.03861003861
-eso	0.00762388818297	0.965692503177	0.00762388818297	0.0190597204574
-lás	0.0	1.0	0.0	0.0
-esa	0.484784827669	0.32124968263	0.105265543882	0.0886999458196
-ite	0.374262244429	0.149834410318	0.0467558662452	0.429147479008
-xna	0.015625	0.890625	0.09375	0.0
-ese	0.189159556895	0.097183271296	0.0209188566103	0.692738315199
-ita	0.554395393674	0.352443827776	0.0323399885768	0.0608207899726
-spe	0.0526315789474	0.896616541353	0.0507518796992	0.0
-udu	0.0519800604117	0.828771565702	0.0978448195986	0.0214035542872
-fté	0.027027027027	0.972972972973	0.0	0.0
-ria	0.39434370943	0.257848956359	0.0351138649604	0.31269346925
-ádɨ	0.0436363636363	0.836363636364	0.0654545454545	0.0545454545454
-fas	0.0470588235294	0.929411764706	0.0235294117647	0.0
-uda	0.177487659483	0.772341056834	0.00566449977073	0.0445067839128
-fat	0.0	1.0	0.0	0.0
-ude	0.572526909277	0.324961558175	0.0671450538186	0.0353664787289
-sɨa	0.376327769347	0.605462822458	0.0182094081942	0.0
-hum	0.0	1.0	0.0	0.0
-ɨdo	0.301855461532	0.243955744135	0.031859154854	0.422329639479
-abe	0.11461691664	0.785547629543	0.053310193786	0.0465252600314
-gad	0.0	1.0	0.0	0.0
-aba	0.0666240723448	0.695158991498	0.178847004472	0.0593699316853
-ɨde	0.460427589501	0.21587031522	0.0603521888883	0.26334990639
-abo	0.0	1.0	0.0	0.0
-oco	0.238460737779	0.247534717216	0.059911073927	0.454093471078
-ɨda	0.536779324056	0.272365805169	0.143141153082	0.0477137176938
-ebɨ	0.0223638331129	0.971864855116	0.00432848382831	0.00144282794277
-ños	0.012256623045	0.953080114906	0.00861793807853	0.0260453239706
-nco	0.011445527766	0.00953793980501	0.00826621449767	0.970750317931
-aei	0.426229508197	0.196721311476	0.298360655738	0.0786885245902
-nce	0.0303382390911	0.311902917635	0.0400206558224	0.617738187452
-igɨ	0.226468222044	0.760659694288	0.00804505229281	0.00482703137573
-ael	0.0142517814727	0.964370546318	0.00814387512725	0.0132337970818
-roi	0.177392754301	0.727289994621	0.0263668283275	0.0689504227503
-gao	0.0	0.875621890547	0.0	0.124378109453
-ori	0.205519387825	0.21811755339	0.0698468355805	0.506516223204
-soi	0.122962811905	0.0405054941405	0.0419653646001	0.794566329354
-oro	0.0173439048563	0.880574826561	0.0787908820614	0.0232903865213
-jón	0.109356305336	0.770997846375	0.0550370902129	0.0646087580761
-elí	0.0172910662824	0.948126801153	0.0	0.0345821325649
-ómo	0.0777983948492	0.82763631486	0.0362164941539	0.0583487961369
-ora	0.112690209589	0.822136089578	0.0254569815294	0.0397167193033
-ore	0.119129083736	0.176616019524	0.258834080134	0.445420816606
-tna	0.424528301887	0.396226415094	0.0566037735849	0.122641509434
-lix	0.0623229461756	0.900849858357	0.0169971671388	0.0198300283286
-jee	0.511726078799	0.1787054409	0.0267354596623	0.282833020638
-rut	0.0	1.0	0.0	0.0
-lis	0.0381194409149	0.828462515883	0.0	0.133418043202
-ico	0.076543661249	0.743660913593	0.120039714152	0.0597557110058
-lim	0.0	1.0	0.0	0.0
-rui	0.219486144557	0.371977129926	0.0749014287972	0.33363529672
-omo	0.16919373056	0.377394374389	0.0461862333651	0.407225661686
-sué	0.028441410694	0.926052332196	0.0	0.0455062571103
-oma	0.0661001110319	0.744493362947	0.0249917835531	0.164414742468
-rua	0.258785118996	0.684766732537	0.0309304923103	0.025517656156
-rug	0.0	1.0	0.0	0.0
-ome	0.134514259652	0.200309205055	0.0880328924423	0.577143642851
-rue	0.0948851407238	0.707470993863	0.0882133864637	0.10943047895
-eas	0.0	0.956937799043	0.0287081339713	0.0143540669856
-lna	0.146029983343	0.800666296502	0.023320377568	0.0299833425875
-abi	0.382740893298	0.326253399783	0.0914993632777	0.199506343641
-oda	0.512832813624	0.393619573039	0.0143919405133	0.0791556728232
-ode	0.581641732689	0.216589199373	0.0503153379938	0.151453729944
-rna	0.35039817975	0.608646188851	0.0	0.0409556313993
-rno	0.150117949818	0.773965258417	0.0347415826721	0.0411752090928
-odo	0.297664988543	0.340631732357	0.10528450304	0.25641877606
-zer	0.0	1.0	0.0	0.0
-uri	0.110074888451	0.788066921243	0.0374854635579	0.0643727267478
-ɨnɨ	0.0713570750986	0.509620029968	0.0162322041939	0.402790690739
-vas	0.173780832876	0.721102956018	0.0305176096758	0.0745986014298
-rge	0.0634920634921	0.936507936508	0.0	0.0
-ure	0.297489341544	0.389388915206	0.128375177641	0.184746565609
-sda	0.0	1.0	0.0	0.0
-uru	0.69387755102	0.183673469388	0.102040816327	0.0204081632653
-nio	0.166666666667	0.812056737589	0.0212765957447	0.0
-xdɨ	0.137254901961	0.78431372549	0.0392156862745	0.0392156862745
-zna	0.172727272727	0.803409090909	0.0102272727273	0.0136363636364
-dua	0.579982912168	0.249746875086	0.0674695718008	0.102800640946
-aín	0.0127758420441	0.844367015099	0.0243902439024	0.118466898955
-pas	0.240226787527	0.743394113324	0.0	0.0163790991495
-sdɨ	0.0409356725146	0.943469785575	0.0155945419103	0.0
-nui	0.0850745191441	0.86756161813	0.0166901230558	0.0306737396702
-nue	0.404623855887	0.491448783868	0.020785472049	0.0831418881961
-icó	0.0520191649556	0.939767282683	0.0	0.00821355236141
-nua	0.361273473449	0.353025679291	0.0539526592878	0.231748187973
-omé	0.0	0.99331997328	0.0	0.00668002672012
-sui	0.468085106383	0.234042553191	0.170212765957	0.127659574468
-año	0.0893930799773	0.757345433919	0.0626205331821	0.0906409529212
-zín	0.0	0.957968476357	0.0	0.0420315236427
-dia	0.129263913824	0.765409934171	0.0526630760024	0.0526630760024
-dio	0.0133333333333	0.986666666667	0.0	0.0
-onɨ	0.137209302326	0.632558139535	0.174418604651	0.0558139534883
-egɨ	0.556121212121	0.218424242424	0.0741818181818	0.151272727273
-ría	0.00995619275189	0.941855834329	0.00398247710076	0.0442054958184
-daɨ	0.264604810996	0.563573883162	0.171821305842	0.0
-uaɨ	0.108194605021	0.708065957175	0.0837614753137	0.0999779624906
-anɨ	0.212939059239	0.101964662523	0.0973246781622	0.587771600076
-feo	0.0	1.0	0.0	0.0
-lem	0.0	1.0	0.0	0.0
-sli	0.0	1.0	0.0	0.0
-fei	0.394045534151	0.553415061296	0.0525394045534	0.0
-sús	0.0249176129124	0.588647853784	0.0042973929372	0.382137140367
-tua	0.516121758737	0.272829763247	0.0674182638106	0.143630214205
-lɨo	0.648648648649	0.173745173745	0.00579150579151	0.171814671815
-one	0.248206599713	0.298216847715	0.0114777618365	0.442098790736
-nno	0.0	0.964285714286	0.0357142857143	0.0
-afo	0.212263114462	0.568090706225	0.0442983891051	0.175347790208
-nna	0.0	0.905263157895	0.0842105263158	0.0105263157895
-afe	0.128435782109	0.606696651674	0.264867566217	0.0
-bna	0.15	0.683333333333	0.166666666667	0.0
-avo	0.0	0.556818181818	0.0	0.443181818182
-efo	0.0710689961504	0.840094758662	0.0577435593722	0.0310926858158
-efi	0.729927007299	0.240875912409	0.0	0.029197080292
-aie	0.105303935589	0.0299894073202	0.00791101868516	0.856795638406
-uño	0.0818181818182	0.890909090909	0.0272727272727	0.0
-enɨ	0.256320836966	0.290322580645	0.359197907585	0.0941586748038
-aio	0.137830975698	0.688671261033	0.0646838350864	0.108813928183
-lón	0.00687285223367	0.979381443299	0.0137457044674	0.0
-ngo	0.0314943527368	0.855125977411	0.0	0.113379669852
-ruz	0.150943396226	0.622641509434	0.0	0.22641509434
-ema	0.0968858131488	0.840830449827	0.0	0.0622837370242
-emo	0.170766387627	0.246760614433	0.058533808133	0.523939189807
-osé	0.0548526789505	0.935722170332	0.00636834507939	0.00305680563811
-ɨri	0.249688329948	0.179453700632	0.0797822752676	0.491075694153
-mmo	0.0754716981132	0.924528301887	0.0	0.0
-ɨro	0.0	0.97619047619	0.0	0.0238095238095
-irɨ	0.116883116883	0.224025974026	0.175324675325	0.483766233766
-das	0.0473481936972	0.894081475788	0.00230591852421	0.0562644119908
-ɨre	0.192487466734	0.214189679826	0.110411909963	0.482910943478
-jai	0.593330029931	0.0185869681257	0.0128157034605	0.375267298483
-cio	0.0691126279864	0.884812286689	0.0383959044369	0.00767918088737
-ana	0.251973751219	0.301005009537	0.055842115586	0.391179123658
-cia	0.0137790252616	0.914008675683	0.0153100280684	0.0569022709875
-ndɨ	0.300271522121	0.483708672736	0.0862482031625	0.129771601981
-zar	0.0	1.0	0.0	0.0
-zas	0.0769230769231	0.692307692308	0.0	0.230769230769
-cis	0.0	0.935483870968	0.0645161290323	0.0
-dai	0.160407087875	0.436121299788	0.262437361161	0.141034251175
-eta	0.411531196444	0.516080877662	0.0178780663751	0.054509859519
-rce	0.0162381596752	0.0527740189445	0.244925575101	0.686062246279
-ete	0.392944485143	0.147082628569	0.0123517196858	0.447621166603
-eto	0.211345821141	0.408893825156	0.288558064034	0.0912022896687
-rco	0.0706860706861	0.838877338877	0.0841995841996	0.006237006237
-bui	0.406666307103	0.340920122971	0.0841378566421	0.168275713284
-dɨa	0.557034220532	0.34505703422	0.0399239543726	0.0579847908745
-ías	0.0281685069738	0.906495382377	0.00956246684111	0.0557736438081
-ede	0.335324786245	0.283058333513	0.186589994723	0.195026885519
-bue	0.255300073309	0.0880053644667	0.108124591349	0.548569970874
-ogɨ	0.0489527436386	0.894581962957	0.00727020945128	0.0491950839536
-ebú	0.220349967595	0.744005184705	0.00388852883992	0.0317563188594
-lio	0.0285888077859	0.920316301703	0.00729927007299	0.0437956204379
-dab	0.0	1.0	0.0	0.0
-ata	0.407429669878	0.486130370353	0.0764451374465	0.0299948223223
-amá	0.118032786885	0.881967213115	0.0	0.0
-ato	0.0228762851381	0.89522749562	0.0416533515521	0.04024286769
-rín	0.0332931981347	0.945204944737	0.0117913410061	0.00971051612263
-osa	0.394470390972	0.376373896385	0.127010057741	0.102145654902
-ulo	0.0302286526288	0.954527838781	0.00232528097145	0.0129182276192
-oso	0.0	0.833333333333	0.166666666667	0.0
-osi	0.379618122246	0.38312055135	0.0664331713931	0.170828155011
-nes	0.0696588554585	0.830122275075	0.0511045612396	0.0491143082266
-lén	0.150768172438	0.765621417106	0.00765306122449	0.0759573492318
-nia	0.298776175487	0.167650399686	0.045695226198	0.487878198629
-aca	0.263443684587	0.205445296777	0.0540947302346	0.477016288402
-aco	0.066418489195	0.905643574874	0.0137054025323	0.014232533399
-fui	0.302083333333	0.666666666667	0.03125	0.0
-ice	0.0185471406491	0.915765069552	0.0425038639876	0.0231839258114
-aci	0.0371517027864	0.925696594427	0.0	0.0371517027864
-cía	0.188235294118	0.741176470588	0.0705882352941	0.0
-dmo	0.24	0.42	0.18	0.16
-aje	0.109678043887	0.0903312552546	0.100495522311	0.699495178547
-faɨ	0.553698007222	0.430252775177	0.0	0.0160492176007
-aja	0.529408052729	0.251025448342	0.0695125603139	0.150053938615
-nós	0.0263157894737	0.973684210526	0.0	0.0
-nón	0.0	0.977272727273	0.0227272727272	0.0
-óna	0.194811106054	0.694583522986	0.0345926263086	0.0760127446518
-ica	0.254919006946	0.490670365295	0.0412229210053	0.213187706754
-udɨ	0.423527789271	0.15170321335	0.0848158874638	0.339953109916
-fia	0.26800408	0.525891959301	0.0776623620027	0.128441598697
-éna	0.182648401826	0.720700152207	0.031202435312	0.0654490106545
-lda	0.0337078651685	0.713483146067	0.252808988764	0.0
-ɨua	0.85485539776	0.0623995238334	0.00175224871919	0.080992829687
-lde	0.0461538461539	0.938461538462	0.0153846153846	0.0
-fre	0.183615819209	0.786723163842	0.0296610169491	0.0
-lia	0.190255891282	0.761168136475	0.00809599537372	0.0404799768686
-ila	0.0	0.996146435453	0.00385356454721	0.0
-ilo	0.208178438662	0.666666666667	0.0545229244114	0.0706319702603
-abɨ	0.142944179003	0.292954657712	0.0982474460649	0.46585371722
-ebi	0.544478527607	0.363496932515	0.0	0.0920245398773
-iga	0.346763634489	0.237862771766	0.168616792076	0.24675680167
-mín	0.0	1.0	0.0	0.0
-eba	0.0	0.651245551601	0.209964412811	0.138790035587
-igo	0.0570117478753	0.887643514421	0.0233381424051	0.0320065952985
-ebe	0.255102040816	0.433673469388	0.269132653061	0.0420918367347
-lmo	0.116623434979	0.816180225077	0.0269602336554	0.0402361062887
-cmo	0.429936305732	0.474522292994	0.0	0.0955414012739
-orɨ	0.196075188382	0.0200615395853	0.00243480060505	0.781428471428
-soɨ	0.0685358255452	0.86292834891	0.0685358255452	0.0
-amo	0.178638085653	0.498257013411	0.0689261607719	0.254178740164
-tmo	0.12269446672	0.802726543705	0.0360866078588	0.0384923817161
-ama	0.0509888843094	0.699887935872	0.0328454561576	0.216277723661
-oas	0.0714285714286	0.928571428571	0.0	0.0
-iro	0.0995035793991	0.860029295881	0.0120875827087	0.0283795420117
-iri	0.279108574556	0.473431271533	0.162295778729	0.0851643751811
-eia	0.331545452222	0.463920461806	0.0777490954101	0.126784990562
-ire	0.257185653832	0.316682029581	0.174204969204	0.251927347383
-ira	0.13586736404	0.0224134649142	0.00191215678233	0.839807014263
-mós	0.0	1.0	0.0	0.0
-gui	0.810344827586	0.103448275862	0.051724137931	0.0344827586207
-icɨ	0.0938903079725	0.788921714491	0.0434406451329	0.0737473324036
-eis	0.0124095139607	0.0386073767666	0.0103412616339	0.938641847639
-vid	0.0601000866134	0.86512366471	0.00433067077278	0.070445577904
-uza	0.0	1.0	0.0	0.0
-mɨe	0.104888265615	0.103785599035	0.037878389988	0.753447745362
-zmo	0.324658115128	0.548128909149	0.026237676243	0.100975299481
-édɨ	0.198198198198	0.66966966967	0.0480480480481	0.0840840840841
-ces	0.174880763116	0.713831478537	0.0	0.111287758347
-cer	0.111918604651	0.713662790698	0.130813953488	0.0436046511628
-aná	0.0272727272727	0.959090909091	0.0136363636364	0.0
-ros	0.0578635014837	0.910979228487	0.00445103857567	0.026706231454
-bén	0.0	1.0	0.0	0.0
-aní	0.0	1.0	0.0	0.0
-cea	0.0924369747899	0.873949579832	0.0	0.0336134453782
-iza	0.79746835443	0.120253164557	0.0379746835443	0.0443037974683
-mia	0.0	1.0	0.0	0.0
-ɨno	0.214445670076	0.44051325492	0.11482395111	0.230217123895
-ɨni	0.0220112807814	0.896271839318	0.00632824322466	0.0753886366763
-ɨne	0.114867566185	0.0147055624843	0.00757590352069	0.86285096781
-ham	0.0426605847603	0.923988633814	0.0215359306064	0.0118148508188
-pio	0.0153846153846	0.953846153846	0.0	0.0307692307692
-rés	0.00140845070422	0.94014084507	0.0	0.0584507042254
-iua	0.455008488964	0.41765704584	0.0611205432937	0.0662139219015
-nán	0.00632911392404	0.993670886076	0.0	0.0
-nɨa	0.397260273973	0.256849315069	0.0479452054794	0.297945205479
-iud	0.0	1.0	0.0	0.0
-tés	0.0686695278969	0.821173104435	0.110157367668	0.0
-ace	0.0	0.875	0.125	0.0
-uem	0.0994475138122	0.867403314917	0.0	0.0331491712706
-uel	0.0722666873883	0.895096744114	0.0233118346414	0.00932473385654
-ueo	0.427290228671	0.392298341446	0.077743083272	0.102668346611
-esɨ	0.761061946903	0.238938053097	0.0	0.0
-uei	0.307981220657	0.442253521127	0.219718309859	0.0300469483568
-itɨ	0.710853355427	0.114333057166	0.089478044739	0.0853355426678
-iie	0.227272727273	0.681818181818	0.0	0.0909090909091
-lco	0.0779220779221	0.922077922078	0.0	0.0
-ago	0.0421052631579	0.957894736842	0.0	0.0
-aga	0.176540164101	0.232610535587	0.0377477719352	0.553101528377
-rte	0.237592397043	0.730728616684	0.0316789862724	0.0
-ɨga	0.0631119812965	0.0192330837658	0.0599247870353	0.857730147902
-rta	0.160508249018	0.633685049315	0.0497272010256	0.156079500641
-alí	0.0	1.0	0.0	0.0
-ega	0.404289404861	0.332947350503	0.0612695718432	0.201493672793
-ona	0.269201353898	0.373022765732	0.072550385834	0.285225494536
-ego	0.00254625700221	0.185197759294	0.812255983704	0.0
-ono	0.475484561623	0.115108122712	0.0392774517231	0.370129863942
-rto	0.312056737589	0.436170212766	0.0638297872341	0.187943262411
-oni	0.189179053589	0.135388136839	0.0203599770387	0.655072832534
-dam	0.0	1.0	0.0	0.0
-ane	0.0825855735838	0.103239233915	0.0645743311753	0.749600861326
-ani	0.0207801676996	0.0500364564346	0.0817535545024	0.847429821363
-ank	0.195495885665	0.293460372456	0.0640970116933	0.446946730186
-ɨdɨ	0.262140289303	0.498613791863	0.0583786652414	0.180867253592
-ano	0.389868095396	0.296531927323	0.0614307676597	0.252169209621
-tam	0.0	1.0	0.0	0.0
-tai	0.46872670924	0.302132428244	0.0846376158841	0.144503246631
-iji	0.0987753159079	0.82700796261	0.0514973169464	0.0227194045352
-iña	0.726962457338	0.221843003413	0.0102389078498	0.0409556313993
-sco	0.058326042578	0.801983085448	0.116360454943	0.0233304170312
-ene	0.261791618346	0.187208510954	0.0355304662121	0.515469404488
-tat	0.0	1.0	0.0	0.0
-iño	0.150306928042	0.338872608575	0.0774682124175	0.433352250965
-aal	0.0	0.972972972973	0.0	0.027027027027
-tar	0.0	0.936144085141	0.0	0.0638559148588
-tas	0.212115072933	0.724068071313	0.0328200972448	0.0309967585089
-sas	0.181590482154	0.718221665623	0.0	0.100187852223
-mie	0.263959390863	0.152284263959	0.0	0.583756345178
-idɨ	0.143175715317	0.566033901695	0.0366380505679	0.25415233242
-ɨso	0.105325645502	0.729897319251	0.0123428490822	0.152434186165
-sés	0.0363245773454	0.777367104709	0.0154402816556	0.17086803629
-mil	0.0358708648864	0.0556994818653	0.00239139099242	0.906038262256
-mio	0.0315283038182	0.889650936636	0.0	0.0788207595455
-ena	0.21837446754	0.186409820906	0.0583957171524	0.536819994402
-eno	0.37972930618	0.301255596962	0.128600894133	0.190414202724
-eni	0.518635170604	0.368387284923	0.0492855059784	0.0636920384952
-ibɨ	0.0	0.918367346939	0.0	0.0816326530612
-oeo	0.277461350692	0.6639544345	0.0585842148088	0.0
-pía	0.0	0.94633273703	0.0536672629696	0.0
-oel	0.348837209302	0.554561717352	0.0214669051878	0.0751341681574
