-hey	0.343672456576	0.248138957816	0.37841191067	0.029776674938
-hep	0.0812130557697	0.840657928553	0.0478026214341	0.0303263942432
-can	0.311925834097	0.403228762598	0.0972980626727	0.187547340632
-cam	0.224000119592	0.225700714749	0.0209776676896	0.52932149797
-cal	0.510729613734	0.437768240343	0.0	0.0515021459227
-cas	0.15474196292	0.276199906501	0.13665774889	0.432400381689
-car	0.245735694506	0.676075675424	0.0237358341284	0.0544527959416
-hen	0.268987341772	0.647943037975	0.0059335443038	0.0771360759493
-caw	0.429600250496	0.52656298925	0.0175347041019	0.0263020561528
-ive	0.139805825243	0.825242718447	0.0349514563107	0.0
-hej	0.510086455331	0.208933717579	0.159942363112	0.121037463977
-cat	0.342105263158	0.605263157895	0.0526315789474	0.0
-aan	0.127966496045	0.0809678920428	0.78268962308	0.00837598883204
-caz	0.0	1.0	0.0	0.0
-ivo	0.192771084337	0.751004016064	0.0441767068273	0.0120481927711
-oye	0.347014925373	0.59328358209	0.0223880597015	0.0373134328358
-üéj	0.185269121813	0.393201133144	0.168271954674	0.253257790368
-dío	0.0432523188809	0.78069979332	0.125933597653	0.0501142901464
-día	0.0584415584416	0.532467532468	0.38961038961	0.0194805194805
-wül	0.25852253241	0.235955826874	0.0171479525345	0.488373688182
-wün	0.446733690881	0.278246362572	0.0506983426087	0.224321603939
-xec	0.161607230573	0.834954317713	0.0	0.00343845171431
-plo	0.0659090909091	0.821590909091	0.0920454545454	0.0204545454545
-ang	0.332531769266	0.268190024542	0.0989762565402	0.300301949652
-xey	0.0454968719832	0.797908215102	0.023907973199	0.132686939716
-wüw	0.401734022108	0.104029098995	0.0235305152164	0.470706363681
-wüx	0.0493596917062	0.0286459633677	0.0162838138109	0.905710531115
-wüy	0.139623983702	0.135496451343	0.038021212692	0.686858352263
-ufo	0.0	0.990291262136	0.00970873786408	0.0
-xep	0.0225744476465	0.790105667627	0.0561959654179	0.131123919308
-óng	0.167315843919	0.645442516205	0.045175277858	0.142066362018
-nto	0.0265694723575	0.908710018054	0.0146472732227	0.0500732363661
-nta	0.14484007242	0.804465902233	0.050694025347	0.0
-nte	0.0102301790281	0.989769820972	0.0	0.0
-ual	0.0449397381229	0.764805772007	0.0221711499207	0.168083339949
-uan	0.029684855288	0.939026060978	0.0109379212205	0.0203511625132
-les	0.0157137598583	0.919529247066	0.0150797753107	0.0496772177653
-süw	0.234995787057	0.279096733494	0.0345695954884	0.45133788396
-süp	0.519912472648	0.385557986871	0.0	0.0945295404814
-was	0.628134641348	0.0675482591458	0.0211414500759	0.28317564943
-nts	0.443038347214	0.357757732717	0.149246593484	0.0499573265841
-eoc	0.326396495071	0.641840087623	0.0164293537787	0.0153340635268
-süy	0.683188211654	0.243804420629	0.0569323509712	0.0160750167448
-pra	0.00746083063914	0.940935090773	0.049117135041	0.00248694354638
-pre	0.0	0.997386759582	0.00261324041812	0.0
-más	0.121643702179	0.221645273296	0.265903627708	0.390807396817
-aré	0.0	1.0	0.0	0.0
-opo	0.0	0.920754716981	0.0792452830189	0.0
-tín	0.0113421550094	0.920604914934	0.0680529300567	0.0
-mán	0.200513314084	0.526788578762	0.23419955085	0.0384985563041
-ope	0.00965250965252	0.982625482625	0.003861003861	0.003861003861
-opa	0.27857724681	0.505294596796	0.00977464023893	0.206353516155
-dea	0.002915026964	0.988339892144	0.0048097944906	0.0039352864014
-dec	0.0374760101665	0.925998928022	0.0109791310061	0.0255459308055
-rbe	0.0442477876106	0.946902654867	0.00884955752214	0.0
-oes	0.121951219512	0.829268292683	0.0243902439024	0.0243902439024
-dej	0.387559808613	0.382775119617	0.0861244019138	0.143540669856
-del	0.316014234875	0.607473309609	0.0213523131673	0.0551601423488
-düy	0.150699762262	0.195125844643	0.0543255069504	0.599848886145
-den	0.144108021919	0.790852074383	0.0237668097293	0.0412730939688
-deo	0.00147565174619	0.974913920315	0.0	0.023610427939
-ios	0.0531044778101	0.871925193473	0.00913016785971	0.0658401608574
-des	0.019585781556	0.89488269367	0.0606325790724	0.0248989457015
-det	0.285714285714	0.640211640212	0.0	0.074074074074
-dex	0.425268817204	0.337634408602	0.0	0.237096774194
-dey	0.710419485792	0.289580514208	0.0	0.0
-jün	0.191873589165	0.653337633022	0.13060303128	0.0241857465334
-imo	0.0894519131334	0.878490175801	0.00930713547053	0.0227507755946
-ido	0.0266666666666	0.635555555556	0.08	0.257777777778
-lla	0.304918032787	0.626229508197	0.0688524590164	0.0
-ech	0.168913780603	0.599528827007	0.100712645628	0.130844746762
-güt	0.519930993234	0.226298250825	0.114325007222	0.139445748719
-obo	0.00195217179112	0.996095656418	0.000976085895559	0.00097608589556
-lle	0.00903614457831	0.943524096386	0.042921686747	0.00451807228915
-güw	0.395364186109	0.151759863707	0.0493866517844	0.4034892984
-rpa	0.0679933665008	0.932006633499	0.0	0.0
-güy	0.321286778183	0.176507216074	0.10937431976	0.392831685982
-eca	0.163366336634	0.683168316832	0.108910891089	0.0445544554455
-llo	0.146293669225	0.824052208635	0.0136865179109	0.0159676042294
-biy	0.539152624467	0.353416144776	0.0532099014392	0.0542213293178
-bia	0.204545454545	0.795454545455	0.0	0.0
-rat	0.376526191414	0.245372193777	0.183536825522	0.194564789287
-gün	0.227358990699	0.280473017829	0.123497084009	0.368670907463
-tep	0.537426476513	0.362460720329	0.0437112239143	0.0564015792442
-100	0.0646616808484	0.346934787629	0.00746096317482	0.580942568348
-cüw	0.358275381418	0.224031306481	0.0578533613959	0.359839950705
-tet	0.71296723581	0.229549968901	0.0171545514737	0.0403282438153
-eje	0.197027075969	0.217123444057	0.0355475423776	0.550301937597
-ria	0.0055129434324	0.988015340364	0.0	0.00647171620326
-rin	0.177419354839	0.790322580645	0.0322580645161	0.0
-tey	0.0411826821542	0.819429778247	0.0823653643083	0.0570221752904
-ril	0.0	0.347826086957	0.652173913043	0.0
-rim	0.0	1.0	0.0	0.0
-üet	0.379731992475	0.498672397026	0.095130865372	0.0264647451279
-cüy	0.294333451187	0.439012188071	0.102718937749	0.163935422993
-riw	0.460788473168	0.208954202796	0.08787359717	0.242383726866
-tec	0.0951156812339	0.874035989717	0.0154241645244	0.0154241645244
-üel	0.692753623189	0.228985507246	0.0202898550725	0.0579710144927
-ris	0.0	1.0	0.0	0.0
-rip	0.238095238095	0.730158730159	0.031746031746	0.0
-gre	0.342168674699	0.585542168675	0.0578313253012	0.0144578313253
-cül	0.532261506097	0.23177641783	0.0437455390808	0.192216536992
-cün	0.0418929402637	0.897595034911	0.0605120248254	0.0
-tem	0.834749460341	0.115624856474	0.0141229963716	0.035502686814
-rix	0.404432132964	0.277008310249	0.301939058172	0.016620498615
-teo	0.0461248041031	0.896406183217	0.00801396210286	0.049455050577
-lux	0.0201342281879	0.879194630872	0.0805369127517	0.0201342281879
-met	0.645936981758	0.204809286899	0.0435323383085	0.105721393035
-ara	0.138880577948	0.13502887725	0.00973640684985	0.716354137952
-mes	0.253991291727	0.70488630866	0.00483792936623	0.0362844702467
-aro	0.0228449588791	0.89552238806	0.00639658848615	0.0752360645751
-rón	0.0230547550432	0.965417867435	0.0115273775216	0.0
-mea	0.0	1.0	0.0	0.0
-mec	0.0	1.0	0.0	0.0
-mem	0.0714285714286	0.0357142857143	0.821428571429	0.0714285714286
-jiw	0.0666256979954	0.0354516261601	0.00448334498101	0.893439330863
-meo	0.0188679245283	0.981132075472	0.0	0.0
-men	0.0671641791045	0.149253731343	0.0	0.783582089552
-mei	0.0	1.0	0.0	0.0
-aye	0.670412999323	0.227758970887	0.0341232227488	0.0677048070413
-aya	0.1059972106	0.849372384937	0.00557880055788	0.0390516039052
-ayo	0.0161290322581	0.983870967742	0.0	0.0
-mos	0.061000685401	0.919808087731	0.0130226182317	0.00616860863605
-bás	0.0125195618153	0.971830985915	0.00938967136149	0.00625978090767
-gol	0.0408163265306	0.897959183673	0.0204081632653	0.0408163265306
-xar	0.0758396533044	0.841820151679	0.0	0.0823401950162
-xaw	0.360787147132	0.415704256602	0.013454777157	0.210053819109
-xay	0.403726708075	0.417480035492	0.142413487134	0.0363797692991
-aól	0.401384697319	0.568791052725	0.0149121249778	0.0149121249778
-ugo	0.388489208633	0.280575539568	0.0647482014389	0.26618705036
-dán	0.0187165775401	0.97504456328	0.0	0.00623885918003
-oob	0.407608695652	0.315217391304	0.0271739130435	0.25
-cüx	0.110882956879	0.82135523614	0.00616016427106	0.0616016427105
-aóp	0.301801801802	0.68018018018	0.0	0.018018018018
-exe	0.327204447006	0.672795552994	0.0	0.0
-iüc	0.367363621304	0.450569679936	0.0221168475448	0.159949851214
-xan	0.173306033423	0.301946026032	0.091087877223	0.433660063322
-ota	0.0	0.981790591806	0.0182094081942	0.0
-tán	0.164451827242	0.820598006645	0.0	0.014950166113
-ote	0.0121580547112	0.987841945289	0.0	0.0
-oto	0.0425531914894	0.957446808511	0.0	0.0
-rán	0.0	1.0	0.0	0.0
-xet	0.0	0.750716332378	0.171919770774	0.0773638968481
-ots	0.233928498099	0.112974941954	0.0354608067071	0.617635753239
-eví	0.0173913043479	0.933333333333	0.0449275362319	0.00434782608695
-jaw	0.452487763511	0.0931868662256	0.0269448666485	0.427380503615
-umi	0.0	0.835616438356	0.0	0.164383561644
-naj	0.601638184221	0.332609008761	0.0394516842111	0.0263011228075
-cás	0.507462686567	0.164179104478	0.238805970149	0.089552238806
ALL	0.216727195564	0.258518622653	0.0483911303846	0.476363051398
-nan	0.337186291003	0.309516058443	0.101017007922	0.252280642632
-aum	0.00760022800684	0.983279498385	0.0	0.0091202736082
-siw	0.349315068493	0.650684931507	0.0	0.0
-zul	0.0	0.335025380711	0.664974619289	0.0
-aús	0.0260869565217	0.973913043478	0.0	0.0
-aúl	0.375321336761	0.562982005141	0.0616966580977	0.0
-sio	0.089552238806	0.910447761194	0.0	0.0
-üwa	0.0364223014443	0.0328481625765	0.00856121254725	0.922168323432
-nas	0.511580438754	0.440804488384	0.0205819992373	0.0270330736251
-sia	0.00838414634146	0.988567073171	0.0	0.00304878048781
-ala	0.238095238095	0.700680272109	0.047619047619	0.0136054421769
-naw	0.102459220774	0.137798915186	0.0196748160643	0.740067047975
-mow	0.0267260579065	0.973273942094	0.0	0.0
-goj	0.453474130814	0.258948377063	0.038825121817	0.248752370306
-gom	0.0808302976149	0.849886590144	0.0519623341811	0.0173207780603
-mor	0.0	0.968085106383	0.031914893617	0.0
-gon	0.502976808982	0.365790872512	0.111933448138	0.0192988703686
-aáw	0.564123245685	0.240038715922	0.0616228423939	0.134215195999
-gog	0.0851063829787	0.893617021277	0.0212765957447	0.0
-goy	0.411931818182	0.318181818182	0.213068181818	0.0568181818182
-aán	0.0496894409938	0.714285714286	0.23602484472	0.0
-mom	0.458239277652	0.17381489842	0.297968397291	0.0699774266365
-mol	0.0	0.910447761194	0.0895522388059	0.0
-gos	0.120988218566	0.754367255738	0.0502869185456	0.0743576071501
-gow	0.14244138007	0.133811351242	0.0279098804649	0.695837388223
-com	0.517410495341	0.286414909269	0.159391858754	0.0367827366356
-yat	0.51906577693	0.101525262154	0.318875119161	0.060533841754
-yaw	0.660488446769	0.236081980497	0.0450869977043	0.0583425750293
-con	0.0221074224899	0.0150970595606	0.00367881838174	0.959116699568
-yas	0.175	0.775	0.0	0.05
-yar	0.368061743968	0.431523446031	0.0412350737191	0.159179736282
-ber	0.577223088924	0.301092043682	0.0655226209048	0.0561622464899
-üig	0.103065984712	0.810308003597	0.0259245728417	0.060701438849
-yay	0.163338211364	0.0634431307396	0.340906221196	0.432312436701
-eor	0.12980402138	0.656401119878	0.201068974294	0.012725884449
-bet	0.361672334467	0.619123824765	0.00720144028806	0.0120024004801
-cob	0.0	0.992397282433	0.000808799741185	0.00679391782595
-bej	0.334661354582	0.446215139442	0.107569721115	0.111553784861
-eon	0.731343283582	0.238805970149	0.0298507462687	0.0
-eol	0.266148718019	0.251373588563	0.0393801091984	0.44309758422
-ben	0.101306326795	0.806783229907	0.0224432477822	0.0694671955164
-beo	0.0384615384615	0.807692307692	0.0384615384615	0.115384615385
-bel	0.32023171458	0.613448107845	0.0583617562666	0.00795842130908
-bem	0.561261977806	0.28920955952	0.0715827746847	0.0779456879901
-yam	0.570497147514	0.395273023635	0.0228198859006	0.0114099429503
-pon	0.0717961914565	0.160319094184	0.0146680391148	0.753216675244
-cow	0.0815059188822	0.853289346012	0.0652047351057	0.0
-yan	0.241076655858	0.246751760362	0.18750304708	0.3246685367
-rla	0.0	0.991452991453	0.0	0.00854700854703
-cos	0.140351277799	0.0255710881454	0.00129208523705	0.832785548818
-yaj	0.549648264598	0.0660082117737	0.00571518760759	0.378628336021
-iso	0.0384615384615	0.961538461538	0.0	0.0
-reo	0.00925925925926	0.965277777778	0.025462962963	0.0
-col	0.022113022113	0.896805896806	0.0810810810811	0.0
-rec	0.472303206997	0.336734693878	0.112244897959	0.0787172011662
-rea	0.0127863612147	0.96483750666	0.000266382525306	0.0221097496004
-red	0.0	1.0	0.0	0.0
-eve	0.0459477637945	0.954052236206	0.0	0.0
-rey	0.138799816766	0.648648648649	0.0998625744388	0.112688960146
-eva	0.0769230769231	0.89010989011	0.021978021978	0.010989010989
-rer	0.0	0.987654320988	0.0	0.0123456790123
-res	0.157583366398	0.257649692354	0.0526610329083	0.53210590834
-rep	0.461835748792	0.462801932367	0.0521739130435	0.0231884057971
-rso	0.0	1.0	0.0	0.0
-ret	0.0782451151536	0.904318889119	0.00728668478149	0.0101493109456
-dia	0.0557103064066	0.944289693593	0.0	0.0
-hab	0.0177165354331	0.958661417323	0.0236220472441	0.0
-amb	0.503104940622	0.106798968776	0.0574242794702	0.332671811132
-naí	0.0221238938053	0.96017699115	0.0176991150442	0.0
-ame	0.455630999766	0.272301568719	0.0917817841255	0.180285647389
-mas	0.257341655232	0.313976698439	0.119898193538	0.308783452791
-coj	0.193023676125	0.671787457076	0.0314476775709	0.103741189228
-mat	0.136699961125	0.0328066003558	0.0629972712412	0.767496167278
-han	0.405404994525	0.413734705664	0.076385654706	0.104474645105
-eow	0.324784620894	0.284089424277	0.27576460479	0.115361350038
-har	0.43557168784	0.558983666062	0.0	0.00544464609802
-maj	0.45441994992	0.211991375291	0.0341510305588	0.29943764423
-hat	0.106745737583	0.871015567087	0.0133432171979	0.00889547813197
-mal	0.0937900374786	0.642717779659	0.0259819237947	0.237510259067
-haw	0.431770624324	0.348562354782	0.114484905259	0.105182115635
-üna	0.381921858757	0.38594624826	0.11149139498	0.120640498003
-hay	0.520736521637	0.243769314551	0.113407610892	0.12208655292
-mac	0.921254101349	0.0370032810791	0.00218738607365	0.0395552314984
-üne	0.432692307692	0.480769230769	0.0576923076923	0.0288461538462
-ünd	0.276009177379	0.609381470932	0.033877409048	0.0807319426408
-üng	0.394845480618	0.161791014692	0.0188834518209	0.424480052868
-eos	0.00907629762693	0.973968674167	0.0137405061297	0.0032145220762
-coc	0.0541299117883	0.278267842823	0.667602245389	0.0
-pta	0.0405405405405	0.959459459459	0.0	0.0
-íüc	0.48101370044	0.28144491477	0.170324168351	0.0672172164384
-pto	0.0151863782789	0.917625402669	0.0526921306949	0.0144960883571
-üic	0.447862279193	0.218153040488	0.0986986087229	0.235286071596
-üch	0.472914077456	0.161152222592	0.0432180322922	0.322715667659
-gad	0.0	1.0	0.0	0.0
-tra	0.0380078319169	0.908381120958	0.0536110471248	0.0
-ada	0.036280143939	0.73353832107	0.227361834685	0.00281970030614
-üre	0.289341600236	0.236295640193	0.251943706328	0.222419053243
-ado	0.281828136707	0.581810846637	0.0819549305516	0.0544060861045
-tro	0.0480656506448	0.803634232122	0.0978898007035	0.0504103165299
-gal	0.829820161161	0.162708789156	0.00426917124714	0.00320187843536
-gaj	0.024866631459	0.777310643052	0.178421236382	0.019401489106
-gai	0.0	1.0	0.0	0.0
-adi	0.0	1.0	0.0	0.0
-gau	0.0	1.0	0.0	0.0
-gas	0.22527432838	0.224584813601	0.0332280455211	0.516912812498
-gar	0.37331838565	0.474215246637	0.0941704035875	0.0582959641256
-lam	0.150915063351	0.768934772407	0.0341623650868	0.0459877991553
-coy	0.278575355856	0.616459049534	0.0528160214152	0.0521495731954
-lan	0.0829198642842	0.593826665496	0.0429177274837	0.280335742736
-eoj	0.0828070175439	0.149239766082	0.324210526316	0.443742690059
-uiy	0.401305689876	0.180360741206	0.235859135391	0.182474433527
-uix	0.09375	0.875	0.03125	0.0
-sem	0.0	1.0	0.0	0.0
-lao	0.36	0.6	0.0	0.04
-yac	0.482890966313	0.173301377651	0.0448161802821	0.298991475755
-ino	0.0250463821892	0.817254174397	0.141001855288	0.0166975881262
-ina	0.0540865384616	0.754807692308	0.151442307692	0.0396634615385
-uis	0.0	1.0	0.0	0.0
-ixe	0.205063745735	0.681810019752	0.0430957083857	0.0700305261268
-ind	0.104901497955	0.375181188628	0.0765295529334	0.443387760483
-ine	0.101851781743	0.403695752582	0.264008515478	0.230443950197
-uiw	0.394099330833	0.217134217572	0.0721072878976	0.316659163698
-ing	0.182699836847	0.178731195083	0.107807443134	0.530761524936
-uim	0.0	1.0	0.0	0.0
-sey	0.145939111406	0.0882263977354	0.0304180838583	0.735416407
-íüt	0.0706189229024	0.573116033464	0.184924026339	0.171341017294
-uia	0.331356693621	0.260916442048	0.0427672955975	0.364959568733
-set	0.0	1.0	0.0	0.0
-ses	0.0570572268717	0.853596471387	0.0825605066727	0.00678579506898
-ser	0.0	1.0	0.0	0.0
-aam	0.616821125131	0.20108630616	0.0447419856666	0.137350583042
-blo	0.0379267801976	0.921516007063	0.0106414464386	0.0299157663005
-aop	0.736486486486	0.182432432432	0.0	0.0810810810811
-dón	0.00589390962671	0.985756385069	0.000982318271116	0.0073673870334
-ood	0.486090673165	0.38312098738	0.0797665147227	0.0510218247325
-oog	0.326400924321	0.543616406701	0.108318890815	0.0216637781629
-són	0.00346420323326	0.9896073903	0.00346420323325	0.00346420323326
-iam	0.46192420233	0.376042252309	0.0685856276659	0.0934479176948
-ial	0.52718668061	0.106867336577	0.0284749693084	0.337471013504
-net	0.33001300862	0.535656843057	0.0600610759329	0.0742690723901
-ian	0.13768230346	0.125918728379	0.0716461622779	0.664752805883
-oom	0.483870967742	0.367245657568	0.0744416873449	0.0744416873449
-ool	0.723549488055	0.276450511945	0.0	0.0
-iaj	0.181459902286	0.0387367903952	0.00817646237978	0.771626844939
-iat	0.661766243786	0.203293957978	0.0549031728806	0.0800366253547
-iaw	0.115029177926	0.482260279321	0.0831774574637	0.31953308529
-law	0.516975308642	0.353395061728	0.101851851852	0.0277777777778
-nej	0.0669877876283	0.0597714678486	0.017871173058	0.855369571465
-bed	0.230769230769	0.769230769231	0.0	0.0
-ias	0.276804281177	0.664866894123	0.0453439626649	0.0129848620358
-iar	0.478260869565	0.495652173913	0.0	0.0260869565217
-ooz	0.03125	0.96875	0.0	0.0
-iay	0.590411106031	0.163493349469	0.0298998959664	0.216195648533
-müm	0.115591789328	0.531320650218	0.0290579164316	0.324029644022
-ban	0.360373649082	0.190305994479	0.0532464587606	0.396073897678
-rej	0.0179986568166	0.0102081934184	0.229684351914	0.742108797851
-baj	0.0931401417229	0.727129917009	0.0170025218391	0.162727419429
-joy	0.480841627559	0.341447063071	0.0647723170543	0.112938992316
-los	0.526867630992	0.430996661198	0.0303171556195	0.0118185521907
-jow	0.296584688255	0.374456403712	0.0634926977462	0.265466210287
-hom	0.167597765363	0.698324022347	0.120670391061	0.0134078212291
-jon	0.0975879211932	0.547597127601	0.323010997472	0.0318039537336
-how	0.00888888888889	0.991111111111	0.0	0.0
-aǘm	0.169591024721	0.778227121518	0.0285369512752	0.0236449024852
-baw	0.0888173998182	0.813623330303	0.0146863417022	0.0828729281768
-bat	0.525896414343	0.191235059761	0.250996015936	0.0318725099602
-bar	0.711530398323	0.146750524109	0.0201257861635	0.121593291405
-bas	0.183668854328	0.146741019772	0.103480675985	0.566109449915
-job	0.02	0.86	0.08	0.04
-ímb	0.490036900369	0.239114391144	0.137269372694	0.133579335793
-yey	0.202431407539	0.467711354004	0.0560450591122	0.273812179344
-que	0.115054714083	0.0318269739267	0.00210921962216	0.851009092368
-asa	0.208850687931	0.680651099392	0.0250580828578	0.0854401298187
-qui	0.0	1.0	0.0	0.0
-yes	0.0191082802548	0.751592356688	0.0	0.229299363057
-mba	0.293068631076	0.2310930345	0.0497738843539	0.42606445007
-ümb	0.137564439241	0.698483481186	0.049229578853	0.11472250072
-yej	0.377341050566	0.34280717169	0.147341636543	0.132510141201
-dra	0.0302145313609	0.912649889914	0.0396673763124	0.0174682024128
-dro	0.0183705383994	0.963997869086	0.00429619700641	0.0133353955079
-hiw	0.495036640521	0.247703774567	0.0720151605713	0.185244424341
-zor	0.0	1.0	0.0	0.0
-xor	0.085835652556	0.885601289	0.0241687417607	0.00439431668376
-iüt	0.14390892588	0.58360400279	0.0383847160218	0.234102355308
-xot	0.491803278689	0.313216306398	0.107355287973	0.0876251269404
-raw	0.30277304732	0.427677196858	0.127411128147	0.142138627675
-430	0.466666666667	0.0222222222222	0.0	0.511111111111
-rar	0.602665242879	0.377067579053	0.0071915793144	0.0130755987535
-ras	0.173443602113	0.709395818975	0.0878704341833	0.0292901447278
-ran	0.232503025929	0.596237126604	0.072494883247	0.09876496422
-eri	0.0	1.0	0.0	0.0
-ral	0.0367722165475	0.963227783453	0.0	0.0
-ram	0.364288330938	0.387451742892	0.18513821963	0.0631217065404
-uía	0.030082330589	0.94806839772	0.0	0.0218492716909
-iwe	0.350636584634	0.403794197456	0.101359106721	0.144210111189
-ero	0.0574360592442	0.0298168103477	0.0127652163771	0.899981914031
-uío	0.0	0.975903614458	0.0240963855421	0.0
-rac	0.203850805933	0.623639264667	0.0942971357004	0.0782127937001
-xom	0.546570544977	0.243700304862	0.0936968034394	0.116032346721
-pox	0.760259179266	0.226781857451	0.0	0.0129589632829
-aén	0.0	0.938775510204	0.0612244897959	0.0
-por	0.15903484452	0.270448116812	0.0957047025913	0.474812336077
-pos	0.0117955439056	0.980340760157	0.0	0.00786369593708
-pop	0.566176470588	0.433823529412	0.0	0.0
-boc	0.128187598277	0.739693717099	0.12425651193	0.00786217269435
-pow	0.258114558473	0.621599045346	0.0	0.120286396181
-pot	0.0	1.0	0.0	0.0
-poj	0.214357640976	0.15940242876	0.0232768726705	0.602963057593
-nás	0.0396408605794	0.939352871421	0.00745383703202	0.0135524309673
-raj	0.316256050224	0.543289056882	0.0818545071168	0.0586003857768
-pol	0.597362296354	0.301784328937	0.0543056633049	0.0465477114041
-pom	0.0161800914527	0.924023918396	0.0471333098839	0.0126626802673
-moj	0.591130072599	0.21022040285	0.0660533272094	0.132596197341
-aza	0.0	0.93724340176	0.0422287390029	0.0205278592375
-iür	0.394679274447	0.246134533717	0.121066909198	0.238119282638
-500	0.0528846153846	0.288461538462	0.139423076923	0.519230769231
-lac	0.14121037464	0.85878962536	0.0	0.0
-nop	0.034502085686	0.104293772662	0.0526981088819	0.80850603277
-aat	0.0	1.0	0.0	0.0
-aaw	0.18755985953	0.747525806108	0.0208843247845	0.0440300095775
-eóp	0.37037037037	0.555555555556	0.0	0.0740740740741
-not	0.456154808778	0.357110154748	0.0888807496261	0.097854286848
-aar	0.220098433811	0.689517501445	0.0801733126597	0.010210752084
-lat	0.127491538172	0.830011282437	0.0308386611508	0.0116585182399
-aal	0.0	0.951612903226	0.016129032258	0.0322580645161
-noj	0.062637803167	0.875826819002	0.0428943676087	0.0186410102225
-fos	0.0	1.0	0.0	0.0
-eón	0.0749905314986	0.837141775028	0.0787779320793	0.00908976139376
-non	0.417346399859	0.562936447392	0.0197171527492	0.0
-las	0.133718445031	0.781925671188	0.0574769548806	0.0268789289
-aad	0.611750644776	0.282317418381	0.0600113228911	0.0459206139523
-aag	0.183005963025	0.127538585397	0.0384923410529	0.650963110525
-noc	0.0	1.0	0.0	0.0
-aac	0.00107449856734	0.993553008596	0.00429799426934	0.00107449856733
-aab	0.372430502216	0.546537379947	0.0451840164898	0.0358481013474
-dot	0.241344513728	0.118369525633	0.0437007560888	0.59658520455
-dor	0.093220338983	0.872881355932	0.0169491525424	0.0169491525424
-dos	0.0430129798398	0.920878210439	0.0229908864954	0.0131179232256
-úva	0.0	0.939680450003	0.060319549997	0.0
-gel	0.0287853939929	0.945755014507	0.011009553081	0.0144500384187
-bol	0.35681042507	0.27701195278	0.208974188496	0.157203433654
-bom	0.76240667545	0.135265700483	0.0311813790075	0.0711462450593
-fán	0.0	1.0	0.0	0.0
-boj	0.524038461538	0.293269230769	0.073717948718	0.108974358974
-bot	0.510373443983	0.141078838174	0.0373443983402	0.311203319502
-fás	0.0439783491204	0.947902571042	0.00811907983761	0.0
-doc	0.163612565445	0.766080777861	0.0605833956619	0.00972326103214
-ges	0.0337078651685	0.932584269663	0.0337078651685	0.0
-ger	0.0352941176471	0.964705882353	0.0	0.0
-dom	0.124383255024	0.0664869785868	0.055876576125	0.753253190264
-doj	0.256816244428	0.0223874087419	0.014581305964	0.706215040866
-boy	0.4673551154	0.508944190508	0.0118503470459	0.0118503470459
-sas	0.239189928845	0.636015325671	0.0492610837438	0.0755336617406
-ión	0.178081014945	0.804460062021	0.0040737487079	0.013385174326
-vor	0.433962264151	0.264150943396	0.0	0.301886792453
-vos	0.00493242576698	0.990628391043	0.0029594554602	0.0014797277301
-saw	0.235267757114	0.583239973112	0.0761819403989	0.105310329375
-toc	0.0	0.961490212096	0.0385097879044	0.0
-sat	0.803482587065	0.0883084577114	0.0192786069652	0.0889303482587
-ton	0.0532624148352	0.028312602469	0.0400937600087	0.878331222687
-tol	0.101004420888	0.860051088472	0.0286430447293	0.0103014459114
-tom	0.555111364934	0.348943460879	0.0137064534552	0.082238720731
-toj	0.573388962843	0.187544639655	0.103146906159	0.135919491343
-sac	0.0	0.956834532374	0.0431654676259	0.0
-tow	0.244326207923	0.319555041034	0.106018295565	0.330100455477
-tot	0.586046511628	0.4	0.00697674418604	0.00697674418605
-éle	0.196550340955	0.472745910772	0.318224361546	0.0124793867273
-tor	0.0849056603773	0.832547169811	0.0471698113207	0.0353773584905
-tos	0.454155955441	0.339331619537	0.0994001713796	0.107112253642
-top	0.230769230769	0.369230769231	0.338461538462	0.0615384615385
-saj	0.651731838077	0.0596658650364	0.0104883553539	0.278113941532
-400	0.393822393822	0.34749034749	0.0	0.258687258687
-san	0.216592565044	0.223085046207	0.0479138146235	0.512408574126
-sam	0.193346969315	0.792562968144	0.0140900625412	0.0
-sal	0.365803953536	0.4181781129	0.0464642347667	0.169553698798
-rot	0.546774132896	0.279491582787	0.0541509457613	0.119583338556
-lol	0.0238317757009	0.78738317757	0.0177570093458	0.171028037383
-lom	0.43460004199	0.56539995801	0.0	0.0
-loj	0.288475975976	0.288851351351	0.286411411411	0.136261261261
-iel	0.0254686947294	0.936328263177	0.0339582596392	0.0042447824549
-ror	0.0291828793774	0.970817120623	0.0	0.0
-ros	0.265481056287	0.689674170692	0.0331851320358	0.0116596409855
-iec	0.0662479144175	0.924591880132	0.00654300389309	0.00261720155723
-loc	0.0683065663753	0.871925188046	0.0597682455783	0.0
-aní	0.0	1.0	0.0	0.0
-imb	0.578897508769	0.31894410733	0.096781626853	0.0053767570474
-oca	0.0425531914894	0.957446808511	0.0	0.0
-lox	0.726591624742	0.134423974809	0.0542907814253	0.0846936190235
-roc	0.520661157025	0.322314049587	0.0247933884298	0.132231404959
-rom	0.48884786602	0.225101536001	0.0894614095718	0.196589188407
-ron	0.465011940083	0.289359939214	0.169151892322	0.0764762283812
-ier	0.389596602972	0.514861995754	0.0955414012739	0.0
-iet	0.27664399093	0.651927437642	0.0578231292517	0.0136054421769
-lop	0.138871975765	0.606492369472	0.233304919285	0.0213307354776
-mar	0.0	1.0	0.0	0.0
-ipo	0.0595667870036	0.924187725632	0.0108303249097	0.00541516245487
-sar	0.0892184557439	0.898069679849	0.00635593220339	0.00635593220339
-ipa	0.0	0.990950226244	0.00904977375565	0.0
-ave	0.0	0.970588235294	0.0147058823529	0.0147058823529
-noé	0.00464282490102	0.995357175099	0.0	0.0
-sap	0.230264903779	0.67216290554	0.0312030581777	0.0663691325036
-maw	0.482399166667	0.135549166667	0.0366333333333	0.345418333333
-rdo	0.0251046025105	0.824267782427	0.150627615063	0.0
-wil	0.144827383773	0.650289126415	0.0801335139238	0.124749975889
-awa	0.145600264276	0.129460153569	0.0117036523549	0.7132359298
-eác	0.00989619467752	0.444163732279	0.404094615999	0.141845457044
-has	0.380769230769	0.451923076923	0.0576923076923	0.109615384615
-got	0.515570012042	0.308935418543	0.0323325545247	0.14316201489
-biw	0.0	0.946564885496	0.0	0.0534351145038
-wic	0.33371559633	0.483944954129	0.0516055045871	0.130733944954
-276	0.0	0.33	0.0	0.67
-man	0.375436349322	0.296320110515	0.0910912492121	0.237152290951
-sto	0.0364242551127	0.899053023672	0.00731328960842	0.057209431607
-üye	0.371443581916	0.327276515186	0.0961965235192	0.205083379378
-yme	0.0269375138	0.0538750276	0.0622654007507	0.856922057849
-xiw	0.408467026245	0.52051489721	0.0250297254915	0.0459883510538
-nap	0.723410163843	0.218272702027	0.00833101916135	0.049986114968
-saí	0.0140955364135	0.985904463587	0.0	0.0
-rpo	0.0356856500773	0.912524985602	0.0288421361701	0.022947228151
-iác	0.00347171994792	0.270938810936	0.719947924201	0.00564154491538
-loé	0.0210526315789	0.921052631579	0.0	0.0578947368421
-eic	0.0793662971035	0.317302870285	0.131052373304	0.472278459307
-ián	0.0138888888889	0.902777777778	0.0833333333333	0.0
-cua	0.0473419469376	0.934115790512	0.00572048525496	0.0128217772956
-uco	0.0	0.836734693878	0.163265306122	0.0
-200	0.120481927711	0.43395805444	0.171798304328	0.273761713521
-eye	0.429230769231	0.463076923077	0.0646153846153	0.043076923077
-rés	0.00863309352518	0.991366906475	0.0	0.0
-iüg	0.146907395008	0.728418719553	0.0757278415257	0.0489460439129
-iüd	0.397662948408	0.488437697802	0.036076935764	0.0778224180262
-iüb	0.185134325365	0.0825318534824	0.0240813997627	0.70825242139
-ion	0.094017094017	0.880341880342	0.0	0.025641025641
-len	0.216368767639	0.767638758231	0.00940733772345	0.00658513640642
-iol	0.256959314775	0.638115631692	0.104925053533	0.0
-iün	0.400440328982	0.270044183933	0.0643457752443	0.265169711841
-lea	0.00255669712609	0.983807584868	0.0110790208797	0.00255669712608
-iül	0.0273339128631	0.0282066051416	0.00496595745343	0.939493524542
-iüm	0.405984207085	0.31876974985	0.0482654956439	0.226980547422
-jüy	0.470901697543	0.370415327667	0.0560630381418	0.102619936648
-leg	0.0	1.0	0.0	0.0
-oig	0.473906595107	0.247001072332	0.147521633359	0.131570699203
-ley	0.431980906921	0.326968973747	0.0334128878281	0.207637231504
-muw	0.0	0.650485436893	0.26213592233	0.0873786407767
-oic	0.119915266087	0.128968539069	0.0580671553955	0.693049039448
-iüs	0.54816780396	0.229692281905	0.0517594705367	0.170380443599
-iüp	0.0623739827965	0.0667111504374	0.00174066928734	0.869174197479
-ola	0.476702508961	0.329749103943	0.0716845878136	0.121863799283
-jüm	0.00631578947368	0.992421052632	0.0	0.00126315789474
-lüw	0.306982192314	0.489832038295	0.0646686454418	0.13851712395
-ler	0.0975609756097	0.886178861789	0.0162601626016	0.0
-ida	0.0219318712086	0.957069528698	0.0	0.0209986000933
-iow	0.291029762971	0.262646943314	0.10679937906	0.339523914655
-eel	0.734736842105	0.218713450292	0.0105263157895	0.0360233918129
-rra	0.00241468126207	0.98792659369	0.0096587250483	0.0
-xic	0.0379202489079	0.00585930423919	0.00030740213359	0.955913044719
-rre	0.0886833927083	0.908587887516	0.0	0.00272871977564
-giw	0.439024390244	0.414634146341	0.146341463415	0.0
-eed	0.437731740705	0.49485645882	0.0437175537731	0.0236942467014
-eeg	0.834421504617	0.124404446797	0.00352920416446	0.0376448444209
-eeb	0.554794520548	0.301369863014	0.0205479452054	0.123287671233
-gio	0.0	1.0	0.0	0.0
-udá	0.0109024833434	0.989097516657	0.0	0.0
-tox	0.260440053884	0.739559946116	0.0	0.0
-ndo	0.308068459658	0.662591687042	0.0	0.0293398533007
-nda	0.379367720466	0.615640599002	0.00499168053245	0.0
-íwe	0.0	0.434782608696	0.0	0.565217391304
-nde	0.331981315748	0.0985873456218	0.0387661447722	0.530665193858
-lüy	0.412846536103	0.112401425162	0.0255477930477	0.449204245688
-gia	0.036	0.904	0.054	0.00599999999999
-eer	0.668571428571	0.314285714286	0.00857142857141	0.00857142857143
-rül	0.111993329827	0.849342481986	0.00265631827235	0.0360078699142
-120	0.0540540540541	0.27027027027	0.0	0.675675675676
-uva	0.141012953738	0.824010703871	0.0	0.0349763423906
-yos	0.555064130916	0.232640424591	0.0995134896063	0.112781954887
-yor	0.707317073171	0.240418118467	0.0	0.0522648083623
-yow	0.293132673159	0.663221680083	0.0219086049177	0.0217370418408
-índ	0.791640673737	0.0798502807236	0.0667498440424	0.0617592014972
-yoj	0.923076923077	0.0	0.0769230769231	0.0
-üca	0.137893825519	0.788328586306	0.0105396554536	0.0632379327218
-rüy	0.234143936904	0.647551758133	0.0221820571804	0.0961222477818
-yon	0.352286123707	0.446578710351	0.128937078988	0.0721980869537
-yom	0.509615384615	0.375	0.0961538461539	0.0192307692308
-abí	0.00301955159659	0.924511210085	0.0	0.0724692383181
-rüw	0.468002052575	0.262317311292	0.0901100408449	0.179570595288
-jay	0.235339620358	0.306131886351	0.208617518494	0.249910974797
-abé	0.0232004759072	0.954788816181	0.0196311719215	0.00237953599048
-gwa	0.382289416847	0.294816414687	0.0928725701944	0.230021598272
-cha	0.45229244114	0.491945477076	0.0557620817844	0.0
-ien	0.633561643836	0.243150684932	0.102739726027	0.0205479452055
-che	0.445192806847	0.372555805503	0.130073076258	0.0521783113927
-pej	0.460317460317	0.465608465609	0.074074074074	0.0
-pet	0.16918049271	0.822523881347	0.00678733031674	0.00150829562594
-153	0.0434782608696	0.0	0.0289855072463	0.927536231884
-oré	0.0	0.969230769231	0.0307692307692	0.0
-pep	0.21932830706	0.629883481837	0.138450993831	0.0123372172721
-elo	0.0226804717538	0.83950386168	0.109929486533	0.0278861800325
-ogo	0.0	1.0	0.0	0.0
-oga	0.0111493461803	0.983069511356	0.00165175498968	0.00412938747419
-aél	0.288822799935	0.316871516788	0.208982272267	0.18532341101
-ela	0.215747055177	0.706757594544	0.0472721636702	0.0302231866088
-ele	0.178819444444	0.737847222222	0.0	0.0833333333333
-itu	0.0327352533731	0.937970044469	0.01380464338	0.0154900587773
-ter	0.150856956973	0.789369531774	0.0204937752869	0.0392797359664
-iej	0.0456905843188	0.933356893392	0.00308125327776	0.017871269011
-ito	0.0267652755767	0.91970417327	0.031343546399	0.0221870047544
-tes	0.00925925925926	0.990740740741	0.0	0.0
-eso	0.00876338851022	0.983771502759	0.00357026939305	0.00389483933788
-lás	0.109756097561	0.853658536585	0.0365853658537	0.0
-esa	0.0	1.0	0.0	0.0
-ite	0.149269495157	0.570302490458	0.167547392523	0.112880621862
-ita	0.03375	0.92125	0.04125	0.00375
-spe	0.0533980582524	0.898058252427	0.0485436893204	0.0
-fté	0.0	1.0	0.0	0.0
-jaj	0.046357615894	0.139072847682	0.0264900662251	0.788079470199
-spo	0.0	1.0	0.0	0.0
-fas	0.00374298190892	0.922645040549	0.0149719276357	0.0586400499064
-alí	0.0	1.0	0.0	0.0
-bre	0.0868873764514	0.614969665137	0.245896954271	0.0522460041407
-rio	0.0261847542621	0.901683658525	0.0706494313109	0.00148215590163
-hum	0.0	1.0	0.0	0.0
-büy	0.0976169549134	0.720261860547	0.163180581348	0.0189406031921
-iem	0.769230769231	0.230769230769	0.0	0.0
-rij	0.00863309352518	0.387050359712	0.604316546763	0.0
-büw	0.609909745964	0.146688236458	0.0700847384844	0.173317279093
-nce	0.00860215053763	0.991397849462	0.0	0.0
-bür	0.205882352941	0.637254901961	0.137254901961	0.0196078431373
-nja	0.0817438692098	0.885558583106	0.0326975476839	0.0
-njo	0.0	0.961538461538	0.0384615384615	0.0
-abo	0.0	1.0	0.0	0.0
-jüw	0.405468510508	0.141665808124	0.0298655246124	0.423000156756
-vas	0.0347734457323	0.958904109589	0.00632244467861	0.0
-ámb	0.390748765988	0.189556968353	0.0519210464703	0.367773219189
-nch	0.200586716207	0.573530034341	0.189948126916	0.0359351225355
-nüt	0.129624456409	0.602988672598	0.0508164607649	0.216570410228
-nüw	0.465361555396	0.269063275031	0.0547075727967	0.210867596776
-tea	0.0165975103735	0.983402489627	0.0	0.0
-nüy	0.243694000186	0.0513046710633	0.0339218380242	0.671079490727
-sot	0.439393939394	0.30303030303	0.136363636364	0.121212121212
-sow	0.066028708134	0.93014354067	0.0	0.00382775119617
-ael	0.048787398347	0.854071845819	0.0424938058752	0.0546469499587
-üma	0.383978058397	0.403534083767	0.0509970858808	0.161490771956
-och	0.251538922358	0.567768704194	0.0417350123842	0.138957361064
-sol	0.234042553192	0.297872340426	0.148936170213	0.31914893617
-son	0.353770260747	0.365750528541	0.0493305144468	0.231148696265
-roj	0.444610371979	0.310344827586	0.160195492805	0.0848493076297
-elí	0.0132890365448	0.97342192691	0.0	0.0132890365448
-ora	0.215836526181	0.199233716475	0.0919540229885	0.492975734355
-soc	0.468431771894	0.372708757638	0.0122199592668	0.146639511202
-ore	0.0828729281768	0.786898184688	0.0236779794791	0.106550907656
-ruz	0.512318433512	0.455501163631	0.010191798411	0.0219886044459
-lix	0.0366032210834	0.937042459736	0.010980966325	0.0153733528551
-üen	0.0	0.15	0.85	0.0
-lit	0.314361095017	0.351086288913	0.284770072784	0.0497825432862
-liw	0.593783700051	0.234851543889	0.0488626376503	0.122502118409
-jen	0.222909880565	0.0794788273616	0.128338762215	0.569272529859
-rut	0.0	1.0	0.0	0.0
-lis	0.0261904761905	0.854761904762	0.0	0.119047619048
-ico	0.0540037243947	0.918063314711	0.00744878957169	0.0204841713222
-lim	0.0	0.964912280702	0.0350877192982	0.0
-jep	0.875	0.0357142857143	0.0535714285714	0.0357142857143
-lio	0.0644307149162	0.922330097087	0.00794351279789	0.00529567519859
-jew	0.261443661972	0.0871478873239	0.566901408451	0.0845070422535
-sué	0.056206088993	0.929742388759	0.0	0.0140515222482
-ich	0.464648904333	0.250982171754	0.0961873023372	0.188181621575
-omb	0.193569216288	0.154057651532	0.153692716007	0.498680416173
-oma	0.074495779624	0.843221830401	0.0529954376108	0.0292869523639
-tej	0.166337581523	0.796565547777	0.00478669299346	0.032310177706
-ome	0.055308595388	0.0407420168928	0.010323200431	0.893626187288
-lic	0.630596121618	0.177040938473	0.0709839597797	0.121378980129
-eap	0.648619382783	0.237141310233	0.0568489442339	0.0573903627504
-eas	0.329284452297	0.561727031802	0.031691696113	0.077296819788
-ear	0.169307946642	0.302474062251	0.484779386615	0.0434386044921
-eat	0.0457198426987	0.169959697656	0.0137831085881	0.770537351057
-eaw	0.117314000412	0.0933366688175	0.00490311175242	0.784446219018
-üga	0.239430543572	0.647325280414	0.0	0.113244176014
-eay	0.245418525153	0.199386050145	0.0475390216931	0.507656403009
-eax	0.482840236686	0.421301775148	0.0213017751479	0.0745562130178
-144	0.027297543221	0.145586897179	0.0	0.8271155596
-oda	0.463453046351	0.458728345119	0.0259395361764	0.0518790723528
-eac	0.268174292163	0.383687143923	0.0235777320343	0.324560831881
-ten	0.684325295023	0.207157516675	0.0950487429451	0.0134684453566
-rna	0.0	0.986197377502	0.0	0.0138026224983
-zar	0.0	1.0	0.0	0.0
-eaj	0.210253917295	0.231884899593	0.236527933573	0.321333249539
-eam	0.0927357032457	0.89057187017	0.0148377125193	0.00185471406491
-eal	0.15602145295	0.419795221843	0.409556313993	0.014627011214
-ean	0.473978542911	0.40123166593	0.061559907473	0.0632298836864
-zer	0.0	1.0	0.0	0.0
-uro	0.00746825989544	0.932785660941	0.0	0.0597460791635
-rge	0.0	0.986666666667	0.0	0.0133333333333
-sda	0.0	0.959183673469	0.0	0.0408163265306
-nco	0.457317073171	0.542682926829	0.0	0.0
-soy	0.478935698448	0.179600886918	0.30155210643	0.039911308204
-ipe	0.00213675213675	0.995726495726	0.0	0.00213675213675
-nio	0.0108695652174	0.978260869565	0.0108695652174	0.0
-paj	0.668701773049	0.188662206142	0.0562508251078	0.0863851957013
-apa	0.145413870246	0.727815063386	0.0633855331842	0.0633855331842
-pal	0.505973548568	0.320334039238	0.0908458864427	0.0828465257522
-war	0.680272108844	0.170068027211	0.0272108843537	0.122448979592
-pan	0.165030373529	0.462650960226	0.033188298558	0.339130367687
-pac	0.370658611106	0.283387787887	0.187366403309	0.158587197698
-aíw	0.0162100472674	0.0151329677147	0.127902149716	0.840754835302
-/10	0.20580474934	0.76253298153	0.0	0.0316622691293
-üla	0.127310061602	0.792607802875	0.0616016427105	0.0184804928131
-lot	0.115585384042	0.802386278896	0.0671140939597	0.0149142431022
-wac	0.0786802030457	0.489847715736	0.208121827411	0.223350253807
-nüx	0.0318154662471	0.528830419469	0.117440950891	0.321913163394
-wan	0.19294010844	0.157538846494	0.0444981835489	0.605022861516
-par	0.234688878001	0.287114159726	0.0842724154826	0.393924546791
-pas	0.499594976131	0.368188979681	0.120104650827	0.0121113933608
-pat	0.164365601329	0.369688573233	0.454267985201	0.0116778402365
-fat	0.0	1.0	0.0	0.0
-seo	0.0272071071627	0.93947806774	0.0166574125486	0.0166574125486
-icó	0.0365168539326	0.957865168539	0.0	0.00561797752809
-sop	0.331334878266	0.386259722951	0.141278002773	0.14112739601
-1/3	0.101313320826	0.696060037523	0.180112570356	0.0225140712946
-omé	0.0	1.0	0.0	0.0
-sor	0.274546392545	0.537951549345	0.0351031250343	0.152398933076
-aga	0.0120652116694	0.00372729490926	0.000694337340622	0.983513156081
-zín	0.0	1.0	0.0	0.0
-fes	0.046511627907	0.953488372093	0.0	0.0
-üpa	0.0	1.0	0.0	0.0
-dic	0.779303984857	0.111003251954	0.0116487890113	0.0980439741785
-dil	0.00936830835117	0.943790149893	0.0281049250535	0.0187366167024
-dio	0.0	0.986486486486	0.0135135135135	0.0
-aña	0.0520231213873	0.947976878613	0.0	0.0
-diw	0.526660563255	0.296877014043	0.0434289718174	0.133033450885
-dis	0.00507614213198	0.994923857868	0.0	0.0
