-raʼ	0.687622789784	0.0473298803357	0.0500089301661	0.215038399714
-nyi	0.259809173238	0.567842167287	0.132971640835	0.03937701864
-iot	0.00177304964539	0.991134751773	0.0	0.00709219858157
-eus	0.0211412351962	0.955564255652	0.0105706175981	0.0127238915533
-hel	0.0180722891566	0.873493975904	0.0	0.10843373494
-hem	0.037037037037	0.942028985507	0.00644122383252	0.0144927536232
-heo	0.0513431196192	0.0845897453262	0.219773597394	0.64429353766
-heh	0.66	0.32	0.02	0.0
-hei	0.533958560332	0.285456616257	0.0609076092598	0.119677214151
-rbe	0.0248901903367	0.975109809663	0.0	0.0
-aro	0.661333730665	0.228853729175	0.0450723112597	0.0647402289003
-eue	0.303008899562	0.0101709280972	0.0	0.686820172341
-hee	0.36655603894	0.268699566463	0.0718618923128	0.292882502283
-kho	0.0	1.0	0.0	0.0
-eua	0.627906976744	0.302325581395	0.0697674418604	0.0
-hea	0.0188769610466	0.970702956456	0.00860789423725	0.00181218826047
-lem	0.00399362814386	0.994929438424	0.0	0.00107693343205
-aus	0.118034738141	0.805589843061	0.020829659672	0.0555457591253
-tuu	0.500653635855	0.304317394359	0.016648814494	0.178380155293
-oya	0.122511485452	0.877488514548	0.0	0.0
-aua	0.172248803828	0.698564593301	0.129186602871	0.0
-ang	0.31713848508	0.550242285131	0.0784238714614	0.0541953583269
-zim	0.0	1.0	0.0	0.0
-aud	0.00615215934702	0.990558567339	0.00182737406347	0.00146189925077
-aui	0.369230769231	0.369230769231	0.123076923077	0.138461538462
-jra	0.461538461538	0.25641025641	0.230769230769	0.0512820512821
-aum	0.0199374511337	0.972243940579	0.0	0.00781860828772
-aul	0.0952380952381	0.809523809524	0.0952380952381	0.0
-aun	0.0994841562269	0.8784082535	0.0221075902727	0.0
-puu	0.385892127613	0.586008931056	0.0168593647986	0.0112395765324
-ppo	0.428747858742	0.425905045936	0.0404123107746	0.104934784548
-uae	0.0414486908639	0.899632835918	0.0229698950324	0.0359485781861
-pus	0.0104797773047	0.989028983134	0.00049123956116	0.0
-nta	0.00983606557377	0.990163934426	0.0	0.0
-kia	0.0236150202513	0.93272465161	0.00659023820965	0.0370700899293
-uan	0.386841708813	0.393027009577	0.0665877542236	0.153543527386
-i-a	0.418604651163	0.139534883721	0.395348837209	0.046511627907
-pue	0.624431228671	0.307821705889	0.0197863715548	0.0479606938848
-baʼ	0.814941901271	0.0756843172424	0.109373781486	0.0
--he	0.297520661157	0.0495867768595	0.528925619835	0.123966942149
-pua	0.941605839416	0.0	0.0	0.0583941605839
-aju	0.0173811076727	0.959929781713	0.0103731560761	0.0123159545385
-hoʼ	0.0723399979906	0.584045011554	0.162764995479	0.180849994976
-dhe	0.264941613582	0.117179909596	0.035403679033	0.582474797789
-kie	0.238636363636	0.607954545455	0.136363636364	0.0170454545455
-dha	0.194790472936	0.484726562886	0.25111895116	0.0693640130174
-dho	0.0934802728991	0.161430111882	0.0212808554745	0.723808759745
-dhi	0.679304697346	0.131784124337	0.0331999672225	0.155711211094
-dhu	0.233148906572	0.572831471003	0.0975122048091	0.0965074176153
-opo	0.309122516783	0.561003092485	0.125044351407	0.00483003932474
-ope	0.146249325418	0.806260118726	0.028332433891	0.0191581219644
-kii	0.365384615385	0.490384615385	0.0576923076923	0.0865384615385
-gke	0.109375	0.78125	0.046875	0.0625
-dea	0.0159179032681	0.973586775896	0.00524766041806	0.00524766041806
-imu	0.349927098521	0.354092897313	0.249697979588	0.0462820245782
-dee	0.5	0.0555555555556	0.305555555556	0.138888888889
-dei	0.557530030775	0.311426585923	0.0285912836295	0.102452099672
-dek	0.0387096774194	0.946774193548	0.0145161290323	0.0
-deo	0.0195121310849	0.89800388373	0.0270714129231	0.0554125722621
-ima	0.26808988764	0.382696629213	0.173595505618	0.175617977528
-hra	0.433345266064	0.314665416225	0.078269409289	0.173719908422
-oko	0.135353256896	0.129590090776	0.0368329006293	0.698223751699
-des	0.0299906793136	0.892044519985	0.047919293821	0.0300455068809
-oki	0.536652835408	0.280774550484	0.0248962655602	0.157676348548
-kim	0.0216060496939	0.852358660425	0.0216060496939	0.104429240187
-oke	0.619748977427	0.194787669854	0.101595446183	0.0838679065359
-oka	0.260210632758	0.644024515198	0.0532256535052	0.0425391985391
-imo	0.6975	0.11125	0.1	0.09125
-ido	0.360185924412	0.284045968627	0.113215374963	0.242552731997
-lla	0.532803464778	0.163997390339	0.0437738012494	0.259425343633
-obo	0.35476466646	0.349868438493	0.228398015745	0.0669688793025
-lle	0.680972043525	0.0695847895409	0.0192407664668	0.230202400468
-idi	0.372618680781	0.396907683663	0.0405118816727	0.189961753884
-lli	0.466421952949	0.374490197562	0.0602629967302	0.0988248527593
-ide	0.648212226067	0.216839677047	0.100346020761	0.0346020761246
-llo	0.562188510236	0.247527573326	0.122572347142	0.0677115692959
-obe	0.606053708905	0.246551495767	0.0902644787832	0.0571303165448
-bie	0.343319067998	0.495007132668	0.0827389443652	0.0789348549691
-llu	0.23957129288	0.336804817697	0.194138533433	0.22948535599
-bia	0.0472103004292	0.875536480687	0.0600858369099	0.0171673819743
-idu	0.0250860717521	0.128458876823	0.0859284515473	0.760526599877
-ooʼ	0.0348297213622	0.37306501548	0.0870743034056	0.505030959752
-bii	0.436320047947	0.353910698232	0.191789032065	0.0179802217561
-eja	0.12245857123	0.816129369169	0.0208362345077	0.040575825094
-bba	0.202231283003	0.630922542586	0.113401481705	0.0534446927063
-rie	0.733333333333	0.166666666667	0.1	0.0
-bbe	0.525105427213	0.412289581927	0.02038302028	0.04222197058
-ute	0.627395511169	0.182030993257	0.0492437553847	0.141329740189
-eji	0.201680672269	0.55462184874	0.142857142857	0.100840336134
-bbi	0.0950441864495	0.661497140877	0.103101715474	0.1403569572
-rim	0.0	1.0	0.0	0.0
-bbo	0.299431171786	0.259385665529	0.332878270762	0.108304891923
-rii	0.460916442049	0.199460916442	0.307277628032	0.0323450134771
-unʼ	0.031746031746	0.873015873016	0.0	0.0952380952381
-tea	0.0382995021065	0.961700497894	0.0	0.0
-ʼdi	0.152284263959	0.796954314721	0.0507614213198	0.0
-riu	0.245333333333	0.568727272727	0.132848484848	0.0530909090909
-ʼdo	0.284798776307	0.0933593543963	0.00712062872516	0.614721240572
-tee	0.237707543644	0.514361219369	0.157306070151	0.0906251668357
-bbu	0.382396110147	0.341428921414	0.127465370049	0.14870959839
-utu	0.528740188451	0.243989061327	0.071136400359	0.156134349863
-tei	0.552704449848	0.321774535911	0.067370035892	0.058150978349
-a'a	0.075	0.7	0.225	0.0
-lau	0.221026215354	0.559149392509	0.138974466599	0.0808499255374
-sia	0.00571837026447	0.972122944961	0.0207290922087	0.00142959256612
-are	0.395153171557	0.440106522557	0.0790694413992	0.0856708644874
-ara	0.105440820941	0.140045548634	0.035597052993	0.718916577432
-mes	0.0	0.96261682243	0.0373831775701	0.0
-rao	0.1734619373	0.730818824082	0.0607000049771	0.0350192336407
-jie	0.299039780521	0.449227004783	0.0797093389686	0.172023875728
-ari	0.107119533469	0.200803580049	0.0771927550998	0.614884131382
-aru	0.289688365654	0.211010102209	0.286434745823	0.212866786314
-mea	0.052787663108	0.460557532622	0.470640569395	0.0160142348755
-eya	0.283018867925	0.11320754717	0.0566037735849	0.547169811321
-lun	0.0322580645161	0.903225806452	0.0645161290323	0.0
-lua	0.164066642858	0.0859790188071	0.0280405111825	0.721913827152
-jiu	0.209302325581	0.71511627907	0.0	0.0755813953488
-mei	0.0	1.0	0.0	0.0
-lue	0.828368794326	0.123404255319	0.031914893617	0.0163120567376
-aya	0.00523903077931	0.994760969221	0.0	0.0
-rah	0.143581081081	0.847972972973	0.0	0.00844594594594
-rai	0.175333257498	0.562150068569	0.0750501537872	0.187466520145
-ote	0.246636561454	0.461218091205	0.259014015302	0.0331313320387
-nah	0.229367526195	0.115142156986	0.0480304350271	0.607459881792
-oha	0.194070941017	0.670751070523	0.0538119237063	0.0813660647536
-uʼu	0.113527517743	0.80644669277	0.0603071146538	0.0197186748329
-uʼi	0.964912280702	0.0350877192982	0.0	0.0
-weh	0.188679245283	0.490566037736	0.188679245283	0.132075471698
--ka	0.796248934356	0.0912190963342	0.0971867007672	0.0153452685422
-uʼe	0.466582133461	0.271025051197	0.160298156281	0.10209465906
-kea	0.375249500998	0.321357285429	0.189620758483	0.11377245509
-iwo	0.534675778601	0.273060670875	0.173952736189	0.0183108143356
-ubu	0.264563421437	0.457824351086	0.266940008104	0.0106722193732
-ojo	0.0445927085816	0.892432855635	0.00408482826701	0.0588896075161
-uba	0.356846269831	0.546864878628	0.0544966809119	0.0417921706291
-ube	0.590909090909	0.25696969697	0.104848484848	0.0472727272727
-umu	0.22476781843	0.297413794528	0.105393267189	0.372425119853
-ota	0.175495349778	0.70642943793	0.0986655883542	0.0194096239385
-ija	0.716348708724	0.245923907011	0.00565910763972	0.0320682766249
-oan	0.429223744292	0.337899543379	0.191780821918	0.041095890411
-oti	0.0164519786115	0.980869999911	0.00241021932996	0.000267802147773
-ijo	0.791932606745	0.110483280575	0.0975841126796	0.0
-iga	0.190910886118	0.604749816959	0.0756534012718	0.128685895651
-oto	0.161168532998	0.790354994186	0.0226643249529	0.025812147863
-iju	0.480686511107	0.298030336778	0.168286766945	0.0529963851704
-oas	0.0547263681592	0.910447761194	0.00497512437811	0.0298507462687
-uma	0.177137704462	0.289910765362	0.439547653753	0.0934038764225
-gog	0.0	0.981651376147	0.0183486238532	0.0
-ulu	0.218429789572	0.698760360188	0.053025055533	0.029784794707
-ako	0.824994407332	0.117041062427	0.00759296483233	0.0503715654081
-gdi	0.352	0.12	0.0	0.528
ALL	0.239623251793	0.340618185439	0.0615242103851	0.358234352383
-nai	0.368919974948	0.39743971662	0.0319520434143	0.201688265018
-nan	0.044094488189	0.60157480315	0.354330708661	0.0
-nao	0.305007761743	0.631961955138	0.0221764092287	0.0408538738902
-aki	0.188193152855	0.400564854998	0.323069504719	0.0881724874285
-nam	0.0	1.0	0.0	0.0
-sis	0.170984455958	0.782383419689	0.0310880829016	0.0155440414508
-sir	0.0254190862277	0.897666264928	0.0703407472335	0.0065739016106
-ake	0.395100961206	0.237313059088	0.0467577521195	0.320828227586
-ebo	0.00450450450452	0.97972972973	0.0	0.0157657657658
-aka	0.155075178955	0.702638496966	0.100961231736	0.0413250923434
-nae	0.626920212361	0.230171597498	0.0518319860614	0.0910762040792
-kis	0.0	1.0	0.0	0.0
-sim	0.0	1.0	0.0	0.0
-nar	0.155579152312	0.642764246086	0.178888920776	0.0227676808261
-nas	0.0369326758579	0.929858106068	0.0120760792996	0.0211331387743
-aku	0.500080977898	0.390691183759	0.0556120847962	0.0536157535471
-nau	0.340662427327	0.23178433566	0.128008347304	0.299544889709
-wui	0.169611622487	0.602887231621	0.127355001038	0.100146144855
-mos	0.0152284263959	0.984771573604	0.0	0.0
-mor	0.0	0.962962962963	0.037037037037	0.0
-gon	0.0	1.0	0.0	0.0
-amu	0.326346451141	0.509569871316	0.0886173252324	0.0754663523098
-goe	0.651948051948	0.285714285714	0.0311688311688	0.0311688311689
-wue	0.132451181445	0.254032179345	0.0850970617486	0.528419577461
-moe	0.797077244259	0.13235908142	0.0150313152401	0.0555323590814
-moa	0.739534883721	0.183509513742	0.0325581395349	0.0443974630021
-moo	0.609813084112	0.189252336449	0.116822429907	0.0841121495326
-mon	0.0153208058236	0.980446927374	0.000507872016253	0.00372439478585
-ree	0.653175785717	0.222495581967	0.0973006687688	0.0270279635469
-wuu	0.277966151238	0.627605156236	0.0864488030166	0.00797988950922
-yau	0.708108108108	0.145945945946	0.0324324324324	0.113513513514
-ber	0.0	1.0	0.0	0.0
-ʼhe	0.40625	0.09375	0.375	0.125
-eot	0.916666666667	0.0833333333333	0.0	0.0
-mfa	0.0	1.0	0.0	0.0
-bet	0.0339077265147	0.801000555864	0.0333518621456	0.131739855475
-yae	0.172413793103	0.793103448276	0.0	0.0344827586207
-uai	0.0500153821772	0.936746622913	0.00186450632534	0.0113734885846
-loʼ	0.388926893784	0.554156975418	0.0	0.0569161307977
-ben	0.0	0.914893617021	0.0	0.0851063829788
-ieʼ	0.141025641026	0.564102564103	0.102564102564	0.192307692308
-bel	0.0605811551985	0.917576659594	0.0123635010609	0.00947868414669
-bed	0.0377358490566	0.962264150943	0.0	0.0
-bee	0.0267379679144	0.866310160428	0.106951871658	0.0
-hhi	0.116216431	0.248141791862	0.0294395843187	0.606202192819
-rei	0.1072319202	0.85536159601	0.0249376558603	0.0124688279302
-noʼ	0.510337515462	0.409082876833	0.0	0.0805796077045
-amo	0.185058095143	0.714001125688	0.0883231817729	0.0126175973961
-isi	0.0122887864823	0.966461853559	0.0109447004608	0.0103046594982
-iʼa	0.308900775845	0.18300018267	0.256704373268	0.251394668217
-iʼo	0.577403766039	0.311781369772	0.0758206965506	0.0349941676387
-hha	0.328750386122	0.452082689797	0.119906541798	0.099260382283
-rea	0.0158004627278	0.931662998702	0.0189605552734	0.0335759832967
-red	0.0	1.0	0.0	0.0
-iʼi	0.0917720037462	0.859005661575	0.0294785569802	0.0197437776984
-iʼu	0.0896567656279	0.561696064815	0.0495562990925	0.299090870465
-upa	0.328766345204	0.621255651282	0.0251423085164	0.0248356949979
-laʼ	0.313953488372	0.593023255814	0.0	0.0930232558139
-res	0.0277777777778	0.909722222222	0.0625	0.0
-hhu	0.0874950313577	0.59323454905	0.0332516381568	0.286018781436
-dia	0.111501316945	0.851624231782	0.0	0.036874451273
-haa	0.190280629706	0.705681040383	0.0718685831622	0.0321697467488
-hab	0.0461538461539	0.938461538462	0.0	0.0153846153846
-hae	0.53019493275	0.307867895327	0.0950582186096	0.0668789533137
-juu	0.449300699301	0.134615384615	0.166083916084	0.25
-hhe	0.60264252508	0.306092488378	0.0672865182285	0.0239784683142
-mas	0.0227108868061	0.970800288392	0.00432588320116	0.00216294160058
-mar	0.0	1.0	0.0	0.0
-mau	0.053648843665	0.585200574207	0.325731183425	0.0354193987027
-ham	0.0566579047354	0.9154279777	0.0246574705157	0.00325664704924
-han	0.037037037037	0.962962962963	0.0	0.0
-hao	0.476637483275	0.357133074159	0.166229442566	0.0
-mai	0.758759778036	0.109916566025	0.0151159945377	0.116207661402
-har	0.186163237621	0.464390685055	0.0967216821162	0.252724395207
-hau	0.281025491277	0.316554599509	0.0695501286638	0.33286978055
-man	0.0269144504966	0.623197693047	0.349887856456	0.0
-maa	0.0582717885364	0.898327721987	0.0062551637412	0.0371453257353
-mae	0.525550440021	0.350368260023	0.0491286365312	0.0749526634257
--re	0.382243377483	0.54946192053	0.0310430463576	0.0372516556291
-hii	0.292181069959	0.602880658436	0.0493827160494	0.0555555555556
-une	0.653908012067	0.240671304447	0.066549929101	0.0388707543848
-yol	0.0454545454545	0.936363636364	0.0	0.0181818181818
-una	0.152016513872	0.296436390926	0.462421042444	0.0891260527582
--ro	0.323825586587	0.409692941118	0.101195495808	0.165285976487
-oël	0.0	1.0	0.0	0.0
-luu	0.637531086226	0.154243884619	0.101161957484	0.107063071671
-unu	0.556089437849	0.239346791331	0.0642889955565	0.140274775263
-riʼ	0.534248971108	0.39563961536	0.0	0.0701114135313
-666	0.0508474576271	0.0	0.0	0.949152542373
-laa	0.38355607178	0.346983649944	0.198453853595	0.0710064246808
-eoo	0.0214285714286	0.210714285714	0.0428571428571	0.725
-ade	0.386860187234	0.35929549235	0.141337227246	0.112507093169
-tra	0.0	1.0	0.0	0.0
-gaa	0.10850848316	0.424158014687	0.438845277285	0.0284882248671
-ada	0.280362007648	0.561397838917	0.0431766219431	0.115063531492
-ado	0.388320614818	0.408047843265	0.068192888456	0.135438653461
-gai	0.548530314995	0.366359568307	0.0461524962709	0.0389576204264
-adi	0.533733187279	0.273313340636	0.0769479411712	0.116005530914
-jiʼ	0.353063343717	0.584631360332	0.0623052959502	0.0
-adu	0.105945926309	0.420213856333	0.0388832787605	0.434956938597
-gar	0.121428571428	0.864285714286	0.0142857142857	0.0
-sne	0.34375	0.53125	0.0833333333333	0.0416666666667
-ohu	0.300297324083	0.650148662042	0.0297324083251	0.0198216055501
-sem	0.0	1.0	0.0	0.0
-lao	0.371121581733	0.265074726878	0.26762570401	0.0961779873787
-ino	0.605984213017	0.332192554576	0.0298592299624	0.0319640024449
--mu	0.103448275862	0.336206896552	0.051724137931	0.508620689655
-ina	0.0956031717096	0.178730877168	0.0440567304197	0.681609220703
-uir	0.381818181818	0.2	0.254545454545	0.163636363636
-ine	0.440847665848	0.139584064584	0.0487012987013	0.370866970867
-sea	0.0	0.954198473282	0.0	0.0458015267175
-ira	0.124302880038	0.65646164266	0.146046231622	0.0731892456792
-ohe	0.19630680117	0.157096281366	0.0752705729986	0.571326344465
--mo	0.491071428571	0.446428571429	0.0535714285714	0.00892857142857
--mi	0.470588235294	0.247058823529	0.0235294117647	0.258823529412
-ppu	0.138484565826	0.754354758238	0.0416494934814	0.0655111824551
--me	0.342205323194	0.198986058302	0.357414448669	0.101394169835
-oho	0.203578278188	0.648690334089	0.0581403146417	0.0895910730811
--ma	0.373443983403	0.471645919779	0.121715076072	0.0331950207469
-inu	0.536186256982	0.397085710398	0.0304756701925	0.0362523624268
-iae	0.298270285473	0.489101392209	0.0885951342989	0.124033188019
-eda	0.150762403518	0.73743273091	0.0277238221191	0.0840810434523
-kus	0.0928702972902	0.876085240726	0.017363851618	0.0136806103657
--do	0.32954541654	0.375987958732	0.185232754466	0.109233870262
-ede	0.421178096246	0.448164511799	0.0249952900977	0.105662101857
-iam	0.0	1.0	0.0	0.0
-ooh	0.611111111111	0.0277777777778	0.0	0.361111111111
-biʼ	0.286486486486	0.421621621622	0.0	0.291891891892
-ian	0.123809523809	0.819047619048	0.0571428571429	0.0
-iai	0.127320954907	0.59151193634	0.143236074271	0.137931034483
-nes	0.0211313215119	0.928368545147	0.0119371647964	0.0385629685443
-nen	0.5	0.369565217391	0.0869565217391	0.0434782608696
-aan	0.0935550935551	0.596673596674	0.224532224532	0.0852390852391
-ghi	0.436295584261	0.444848257186	0.0462960317959	0.0725601267571
-ias	0.0630278850643	0.903399685922	0.0206273078392	0.0129451211748
-nei	0.195652173913	0.228260869565	0.0652173913043	0.510869565217
-ghe	0.152904997786	0.223422331675	0.0737424289694	0.54993024157
-aoi	0.45652173913	0.217391304348	0.0	0.326086956522
-nee	0.438118286473	0.191548473303	0.0469948194082	0.323338420816
-gha	0.114076759892	0.801618561368	0.0611677179648	0.0231369607746
-rha	0.2	0.721739130435	0.0782608695652	0.0
-eka	0.563212377168	0.179917011891	0.194934424028	0.061936186913
-hoa	0.334244773299	0.560204245659	0.077404052764	0.0281469282778
-rhe	0.07128007128	0.271755271755	0.648054648055	0.00891000891001
-ʼro	0.325878594249	0.182108626198	0.185303514377	0.306709265176
-eke	0.758357383652	0.17037942831	0.0206295731688	0.0506336148688
-hoe	0.187826086957	0.247536231884	0.48347826087	0.0811594202898
-puʼ	0.31884057971	0.550724637681	0.130434782609	0.0
-hoi	0.198113207547	0.72641509434	0.0	0.0754716981132
-eko	0.313644782877	0.457913150854	0.0370446593949	0.191397406874
-hoo	0.347329888028	0.510551248923	0.0788113695091	0.06330749354
-hor	0.0	1.0	0.0	0.0
-upu	0.50866895022	0.236076111723	0.023539708168	0.231715229889
-him	0.0	1.0	0.0	0.0
-eku	0.40243902439	0.134146341463	0.463414634146	0.0
-iru	0.0768392465487	0.862024629862	0.0409170698452	0.0202190537445
-hho	0.450914707169	0.414279221024	0.0540068143703	0.0807992574369
-ila	0.267742007014	0.524936241748	0.129947252966	0.0773744982724
-bar	0.0	0.957446808511	0.0425531914894	0.0
-bas	0.0244865190339	0.958854619656	0.0126446778618	0.00401418344819
-jhi	0.0249339642608	0.0368220880944	0.0284660920832	0.909777855562
-nya	0.234630015953	0.612958645233	0.123726837649	0.0286845011658
-uku	0.139217849139	0.786059444811	0.0379038574427	0.0368188486072
-jho	0.34453891768	0.423766291437	0.163653524202	0.068041266681
-nye	0.573158929854	0.239908844005	0.131676708394	0.0552555177474
-jha	0.479422658467	0.450919169766	0.0348680291118	0.0347901426556
-yer	0.0	0.964912280702	0.0	0.0350877192982
-jhe	0.0413888817061	0.0148132135428	0.00462040455704	0.939177500194
-nyo	0.131354079727	0.656810142681	0.17407893168	0.0377568459123
-asi	0.0	0.983333333333	0.00666666666666	0.00999999999999
-zur	0.0	1.0	0.0	0.0
-ʼla	0.323076923077	0.161538461538	0.0	0.515384615385
-lta	0.0876288659793	0.850515463918	0.0309278350515	0.0309278350515
-jhu	0.246750733859	0.581777697383	0.124086089783	0.0473854789748
-iwu	0.314081571896	0.475662399524	0.133968442989	0.076287585591
-rat	0.018018018018	0.981981981982	0.0	0.0
-rau	0.211009526736	0.568300553165	0.179202519975	0.0414874001229
-rar	0.555555555556	0.444444444444	0.0	0.0
-ras	0.0670391061453	0.908220271349	0.0151636073424	0.0095770151636
-ran	0.202816901408	0.797183098592	0.0	0.0
-eri	0.361842105263	0.595394736842	0.0197368421053	0.0230263157895
-iwa	0.372173484254	0.461401769014	0.0505594167288	0.115865330003
-ram	0.135135135135	0.787644787645	0.0386100386101	0.0386100386099
-rak	0.476821192053	0.503311258278	0.0	0.0198675496689
-iwe	0.020662707786	0.979337292214	0.0	0.0
-ero	0.247148088349	0.253173774021	0.0449552030899	0.454722934541
-era	0.218471798574	0.232368157221	0.02138009431	0.527779949896
-rae	0.0433146569188	0.891086582306	0.00873008589061	0.0568686748849
-rab	0.00763358778626	0.961832061069	0.0	0.030534351145
-ere	0.354715341449	0.327647941777	0.128514723205	0.189121993568
-raa	0.0263997360027	0.964690353096	0.00395996040039	0.0049499505005
-ugu	0.478615708917	0.416673730622	0.0670489964802	0.0376615639804
-auʼ	0.536262413482	0.36442973217	0.0	0.0993078543485
-opa	0.160774410774	0.378787878788	0.415824915825	0.0446127946128
-uge	0.584341637011	0.240569395018	0.0896797153025	0.085409252669
-upe	0.488283271089	0.278605093085	0.135652533843	0.097459101984
-poo	0.377672209026	0.579572446556	0.042755344418	0.0
-uga	0.356347438753	0.336302895323	0.253897550111	0.0534521158129
-epo	0.372238887374	0.24311426234	0.335014998636	0.0496318516499
-nno	0.652393199615	0.278890634522	0.0448575987449	0.0238585671183
-aza	0.0	1.0	0.0	0.0
-ugi	0.616161616162	0.235996326905	0.0982552800734	0.0495867768595
-lae	0.292964645391	0.57005778565	0.122259712346	0.0147178566128
-ike	0.158776402039	0.72396212673	0.0721048798252	0.0451565914057
-aha	0.186148312588	0.658751355628	0.0872299109872	0.067870420797
-uju	0.533807829182	0.309608540925	0.153024911032	0.00355871886121
-ika	0.554724677091	0.377102861903	0.0234582204307	0.044714240576
-iko	0.504905166776	0.1209941138	0.262916939176	0.111183780249
-aat	0.0154162996119	0.938424085141	0.0220828075522	0.0240768076951
-nor	0.0	1.0	0.0	0.0
-nos	0.0344827586207	0.965517241379	0.0	0.0
-lah	0.0	1.0	0.0	0.0
-lai	0.144215844503	0.517657946324	0.0434880113915	0.294638197781
-iki	0.0841978780835	0.702067763706	0.157681511018	0.0560528471919
-lak	0.243902439024	0.756097560976	0.0	0.0
-noh	0.0749581199897	0.906302350013	0.00936976499872	0.00936976499874
--ne	0.37293434569	0.312192943278	0.158552925413	0.156319785619
-iku	0.835616438356	0.131506849315	0.0164383561644	0.0164383561644
-fos	0.0181818181818	0.981818181818	0.0	0.0
-iks	0.0695284159613	0.876058041112	0.0126964933495	0.0417170495768
-uje	0.699286832039	0.204290340073	0.055428691481	0.0409941364078
-non	0.0	1.0	0.0	0.0
-las	0.0525981681328	0.935914875608	0.00181372993561	0.00967322632326
-uji	0.421995475322	0.497514505133	0.0401680594672	0.0403219600782
-ppa	0.350962241882	0.135009566718	0.0716053553085	0.442422836092
-uki	0.3645364088	0.575858893318	0.0325049221992	0.0270997756831
-ppe	0.622669310199	0.247579868675	0.0847335128879	0.0450173082374
-ujo	0.592105263158	0.118421052632	0.230263157895	0.0592105263158
-gei	0.719334719335	0.24948024948	0.031185031185	0.0
-ahi	0.114774678071	0.660051596616	0.133242059335	0.0919316659792
--ie	0.305783733966	0.415286192909	0.172324947602	0.106605125523
-aho	0.580100468712	0.258779132638	0.0285615038762	0.132558894773
-oʼo	0.455529230886	0.397217211383	0.0954464423322	0.0518071153979
-oʼa	0.0898374834344	0.780986259329	0.06709911418	0.0620771430564
-boo	0.0	0.948497854077	0.0515021459228	0.0
-oʼe	0.249079059224	0.584301501842	0.143383394729	0.0232360442052
-ahe	0.396235045995	0.472245947506	0.0872132191954	0.0443057873043
-dod	0.0357142857143	0.928571428571	0.0357142857143	0.0
-doe	0.923306236803	0.0508577501139	0.00579654139697	0.0200394716867
-ret	0.0059512001587	0.990478079746	0.00357072009522	0.0
-doa	0.896302437487	0.0667001199956	0.00636582912137	0.0306316133959
-don	0.0144617032673	0.961971076593	0.0219603642207	0.00160685591859
-dom	0.0280506575007	0.971949342499	0.0	0.0
-haʼ	0.15	0.764285714286	0.0428571428571	0.0428571428571
-ʼya	0.403293264287	0.0399552139386	0.00590905881738	0.550842462957
-geu	0.0	0.666666666667	0.078431372549	0.254901960784
-ahu	0.114100260234	0.694117014348	0.0400160351988	0.151766690219
-dda	0.725806451613	0.246543778802	0.0138248847926	0.0138248847926
-toe	0.494456843877	0.485724391107	0.00256119424829	0.0172575707682
-dde	0.868696356162	0.0809370059371	0.0132097091628	0.0371569287378
-toa	0.221655328798	0.536848072562	0.176870748299	0.0646258503401
-too	0.174157005982	0.353131120639	0.339844370335	0.132867503044
-ddi	0.678416283456	0.141844981894	0.0298873808896	0.14985135376
-ddo	0.12887992784	0.844758886386	0.0171211825134	0.00924000326117
-olu	0.0257510729614	0.759656652361	0.214592274678	0.0
-toi	0.90749364945	0.0421758691723	0.023127377507	0.027203103871
-oli	0.638597759306	0.252258764004	0.0238525478858	0.0852909288037
-tor	0.0516129032258	0.832258064516	0.116129032258	0.0
-ddu	0.1621632133	0.15487516899	0.630542654928	0.0524189627811
-olo	0.272242211655	0.506341012443	0.0504060825632	0.171010693339
-ola	0.0798277938469	0.687650514786	0.110614640699	0.121907050667
-sai	0.0	1.0	0.0	0.0
-400	0.0	0.583333333333	0.0416666666667	0.375
-lis	0.0147601476015	0.922509225092	0.00369003690037	0.0590405904059
-ole	0.426522898006	0.121861061748	0.0520200239939	0.399596016252
-sam	0.0	1.0	0.0	0.0
-ngu	0.339863411964	0.489060478819	0.0934027832278	0.0776733259897
-lon	0.0520694259012	0.671562082777	0.0120160213618	0.26435246996
-eoʼ	0.343748397573	0.410135885822	0.0976326809674	0.148483035638
-bhu	0.206699765266	0.657214362849	0.0992820539466	0.036803817938
-iel	0.0771916740118	0.822225235609	0.0771916740118	0.0233914163672
-loi	0.188390941445	0.756982688916	0.0336162274698	0.0210101421686
-yaʼ	0.331271847271	0.39069642377	0.242538316752	0.0354934122076
-loe	0.0657608577737	0.392762276307	0.517528135625	0.0239487302937
-der	0.0	1.0	0.0	0.0
-dok	0.0	1.0	0.0	0.0
-bha	0.283737604009	0.478155389482	0.034159035429	0.20394797108
-roe	0.168831168831	0.675324675325	0.0779220779221	0.0779220779221
-bhe	0.639412545862	0.249486626635	0.0553811122913	0.0557197152119
-roa	0.403805496829	0.494714587738	0.076109936575	0.0253699788583
-hai	0.374008159583	0.0714691451475	0.0973605296992	0.457162165571
-bhi	0.466442783557	0.298038076962	0.109584890415	0.125934249066
-lot	0.0360966313548	0.921529062272	0.0423743063729	0.0
-roo	0.0815347721822	0.817745803357	0.10071942446	0.0
-roh	0.114285714286	0.771428571429	0.114285714286	0.0
-roi	0.412371134021	0.371134020618	0.0618556701031	0.154639175258
-bho	0.362629910093	0.431595870212	0.0504988732042	0.15527534649
-okh	0.0793201133144	0.909348441926	0.0113314447592	0.0
-wio	0.719396127338	0.0876271742698	0.157531998687	0.0354446997046
-ewu	0.820779220779	0.0350649350649	0.0233766233766	0.120779220779
-ipi	0.472341412501	0.51528856933	0.000773126135532	0.0115968920329
-pia	0.059891107078	0.722323049002	0.130671506352	0.0871143375681
-hal	0.345396825397	0.237248677249	0.37417989418	0.0431746031746
-ipa	0.0767181543425	0.618216103737	0.131813045106	0.173252696814
-ida	0.160863826532	0.326992067968	0.181345905301	0.330798200199
-ipe	0.211009174312	0.412844036697	0.100917431193	0.275229357798
-ewe	0.201032187597	0.492969014325	0.256544639253	0.0494541588254
-ewa	0.0299240160505	0.951506872706	0.00256125672329	0.0160078545206
-ewo	0.214800759013	0.571157495256	0.0774193548387	0.136622390892
-rdi	0.0	0.850746268657	0.149253731343	0.0
-ewi	0.0222170793798	0.950474427216	0.0152742420736	0.0120342513307
-awi	0.110717246086	0.808100591372	0.0677828594645	0.0133993030774
-awo	0.146623005594	0.500059982139	0.298933206556	0.0543838057111
-sau	0.175115207373	0.769585253456	0.0	0.0552995391705
-awa	0.0611884559214	0.78692690159	0.0889887733342	0.0628958691548
-awe	0.129588832565	0.437731618402	0.0192588565946	0.413420692438
-dne	0.511278195489	0.428571428571	0.0451127819549	0.0150375939849
-wie	0.784523909576	0.10195952604	0.0170331202877	0.0964834440957
-awu	0.230329687317	0.576446412255	0.108846788766	0.0843771116618
-nge	0.456448131964	0.272905423013	0.053457920699	0.217188524324
-deu	0.02	0.9	0.06	0.02
-neʼ	0.0558026688233	0.720986655883	0.223210675293	0.0
-sta	0.0	1.0	0.0	0.0
-tio	0.708502024292	0.291497975708	0.0	0.0
-ubʼ	0.173136379251	0.826863620749	0.0	0.0
-loë	0.121212121212	0.848484848485	0.0	0.030303030303
-ʼpa	0.249406175772	0.401425178147	0.0	0.349168646081
-ilo	0.090783090783	0.875952875953	0.016632016632	0.016632016632
-udu	0.385503520721	0.220857624944	0.0813141486059	0.31232470573
-hyu	0.129963898917	0.783393501805	0.0	0.086642599278
-isa	0.0	1.0	0.0	0.0
-dou	0.767795254599	0.0722474006932	0.0959744068248	0.0639829378833
-ngo	0.061803512211	0.822732744648	0.0869111890467	0.0285525540939
--wa	0.0447812607647	0.485015501206	0.268687564588	0.201515673441
-lei	0.0367647058824	0.933823529412	0.0294117647059	0.0
-oiu	0.262	0.222	0.468	0.048
-ois	0.0	0.978260869565	0.0217391304348	0.0
-ion	0.022086824067	0.964204112719	0.0137090632141	0.0
-maʼ	0.0214592274678	0.692417739628	0.0	0.286123032904
-leo	0.554935855717	0.258787126478	0.0748719351967	0.111405082608
-lea	0.00609699769053	0.978198614319	0.0145958429561	0.00110854503464
-sad	0.0	1.0	0.0	0.0
-mui	0.511111111111	0.244444444444	0.111111111111	0.133333333333
-muh	0.353293413174	0.646706586826	0.0	0.0
-leg	0.0	1.0	0.0	0.0
-muu	0.0128604832424	0.969602494154	0.0175370226032	0.0
-oie	0.0510226614397	0.140816310625	0.679947106854	0.128213921081
-mus	0.0305307656176	0.953029591357	0.00986378581496	0.00657585720995
-mur	0.0237010027347	0.965360072926	0.0109389243391	0.0
-ios	0.0	0.966101694915	0.0338983050847	0.0
-ema	0.0508370552416	0.028334425894	0.0802517163116	0.840576802553
-les	0.0	1.0	0.0	0.0
-uni	0.350425116403	0.492849847475	0.1076856271	0.0490394090217
-fta	0.0	1.0	0.0	0.0
-eel	0.0	1.0	0.0	0.0
-rra	0.3182587868	0.199148540546	0.134251506643	0.348341166011
-keʼ	0.443902439024	0.351219512195	0.0	0.20487804878
-eeh	0.435574229692	0.238095238095	0.015406162465	0.310924369748
-rre	0.0851980097351	0.193979798696	0.0314336699992	0.68938852157
-eee	0.379232505643	0.469525959368	0.0406320541761	0.110609480813
-bka	0.190404797601	0.577211394303	0.2023988006	0.0299850074963
-rri	0.16480610945	0.12007597195	0.15597716153	0.559140757069
-alu	0.30170520409	0.530518137902	0.112265262381	0.0555113956272
-rro	0.261028482225	0.608060260825	0.0790130522611	0.0518982046887
-iba	0.490957218361	0.438537553669	0.0373774013979	0.0331278265723
--ee	0.297169811321	0.495283018868	0.0707547169811	0.13679245283
-alo	0.218313500901	0.740911993094	0.0407745060049	0.0
-dos	0.0487804878049	0.90243902439	0.0487804878049	0.0
-rru	0.248906605121	0.443972514497	0.258069179515	0.0490517008673
-ali	0.724756931275	0.162476927673	0.0334746437988	0.0792914972531
-ale	0.658554269029	0.132763855332	0.0286941976512	0.179987677987
--ei	0.237805431919	0.697338541194	0.0152602416205	0.0495957852666
--eh	0.506329113924	0.284810126582	0.132911392405	0.0759493670886
-gia	0.0	0.954838709677	0.0322580645161	0.0129032258065
-ala	0.153853474635	0.408280117122	0.209974976547	0.227891431696
-eho	0.348042704626	0.547330960854	0.070462633452	0.0341637010676
-kaʼ	0.197530864197	0.802469135803	0.0	0.0
-hia	0.0406649107362	0.477837802947	0.46206132369	0.019435962627
-lok	0.0	0.949090909091	0.0509090909091	0.0
-mgo	0.363636363636	0.636363636364	0.0	0.0
-pee	0.583344887521	0.132595601646	0.0219730007362	0.262086510097
-ʼki	0.276139410188	0.125111706881	0.00536193029493	0.593386952636
-mmo	0.126506024096	0.560240963856	0.10843373494	0.204819277108
-elu	0.727124715076	0.136437642462	0.0348420709867	0.101595571475
-peu	0.6125	0.05	0.0	0.3375
-eli	0.457343189822	0.343919540595	0.0266505917066	0.172086677877
-elo	0.591609771914	0.313060426068	0.0557798434813	0.0395499585359
-ogo	0.307692307692	0.692307692308	0.0	0.0
-ori	0.0	0.713972835954	0.286027164046	0.0
-ela	0.244301921118	0.56269324225	0.13418891305	0.0588159235822
-iya	0.959040959041	0.024975024975	0.015984015984	0.0
-ele	0.346611484424	0.132416275303	0.0879216760519	0.433050564221
-pna	0.23166023166	0.471042471043	0.216216216216	0.0810810810811
-abu	0.785343278919	0.115109739905	0.039912520503	0.0596344606733
-itu	0.586095440207	0.169087321212	0.0306514881624	0.214165750419
-ter	0.0558464223386	0.828970331588	0.0523560209424	0.0628272251309
-sye	0.0845070422535	0.605633802817	0.0	0.30985915493
-ore	0.494122229304	0.271191841938	0.0722328446994	0.162453084059
-ito	0.592658634177	0.306974616282	0.042196822254	0.0581699272876
-uta	0.307251908397	0.452290076336	0.0343511450382	0.206106870229
-iti	0.471783295711	0.450338600451	0.0609480812641	0.0169300225733
-esa	0.0	1.0	0.0	0.0
-ite	0.341374045802	0.506870229008	0.125496183206	0.0262595419847
-ita	0.143167762547	0.0781053623953	0.0103987354939	0.768328139564
-weʼ	0.556060977636	0.420443488098	0.0234955342663	0.0
-kko	0.654081066074	0.255889585151	0.0312524787816	0.0587768699929
-ria	0.0218588768974	0.810099449166	0.013160190424	0.154881483512
-fan	0.0480549199085	0.951945080092	0.0	0.0
-fas	0.0241175531065	0.764254911356	0.205238779748	0.00638875578982
-uda	0.0445143357777	0.893165594133	0.0605394966577	0.00178057343111
-fat	0.0789177001127	0.921082299887	0.0	0.0
-ude	0.505485372341	0.31133643617	0.122506648936	0.0606715425532
-udi	0.0283119652914	0.684116242966	0.23147473598	0.0560970557631
-udo	0.0562685093781	0.812438302073	0.0468904244817	0.0844027640671
-hum	0.0	1.0	0.0	0.0
-set	0.0	1.0	0.0	0.0
-uti	0.295444493587	0.617425917736	0.0415745245467	0.0455550641309
--pe	0.515576323988	0.43769470405	0.0	0.0467289719626
-hui	0.586545015993	0.298227675528	0.0828483037072	0.0323790047716
-hud	0.0	1.0	0.0	0.0
-hue	0.0904634856657	0.221906946623	0.160283162782	0.527346404929
-woi	0.046875	0.5546875	0.0	0.3984375
-abe	0.66829862564	0.202656375621	0.0260664461294	0.10297855261
-gad	0.117647058824	0.803921568627	0.0	0.0784313725491
-aba	0.475490566368	0.424726684236	0.0624289403186	0.0373538090769
-woo	0.139285327672	0.305822637192	0.164451750375	0.390440284761
-geo	0.758915834522	0.16119828816	0.0399429386591	0.0399429386591
-huu	0.745192307692	0.225961538462	0.0	0.0288461538462
-abo	0.552185398479	0.265050454788	0.147522629649	0.0352415170829
-woe	0.257142857143	0.725714285714	0.0171428571429	0.0
-ron	0.0	0.989969909729	0.0100300902708	0.0
-hus	0.018018018018	0.963963963964	0.018018018018	0.0
-aea	0.460240963855	0.404819277109	0.055421686747	0.0795180722892
-tua	0.158357771261	0.451612903226	0.231671554252	0.158357771261
-djo	0.633385335413	0.117004680187	0.0702028081123	0.179407176287
-lou	0.0	0.96231884058	0.0376811594203	0.0
-aee	0.159132007233	0.198915009041	0.0216998191682	0.620253164557
-tue	0.761475431981	0.169383336302	0.0414847390304	0.027656492687
-aei	0.815384615385	0.107692307692	0.0769230769231	0.0
-tui	0.144113090627	0.335398915569	0.162780790085	0.357707203718
-koo	0.127744191992	0.710446498152	0.144776750924	0.0170325589322
-ael	0.0131569887946	0.974338925614	0.00654090300074	0.00596318259051
-tun	0.008991008991	0.915084915085	0.0719280719281	0.003996003996
-los	0.0838227442605	0.879871863321	0.00854244527496	0.0277629471436
-son	0.0361119470358	0.936804092687	0.0225699668974	0.00451399337947
-oro	0.202100809375	0.356085557242	0.168193827924	0.273619805459
-kos	0.0697674418605	0.93023255814	0.0	0.0
-ora	0.085288150765	0.140005183018	0.0451270015166	0.729579664701
-ʼtu	0.0555555555555	0.444444444444	0.333333333333	0.166666666667
-eju	0.333155934007	0.313996806812	0.0255455029271	0.327301756253
-tna	0.0	0.754098360656	0.245901639344	0.0
-aʼo	0.435710773622	0.496912297702	0.0144308045169	0.0529461241587
-aʼi	0.421586931045	0.286726600199	0.0470814426012	0.244605026155
-rus	0.0320489031294	0.922500352818	0.00925166085606	0.036199083197
-jeh	0.656509695291	0.216066481994	0.0332409972299	0.0941828254848
-aʼe	0.634770490055	0.172101239194	0.0449165590794	0.148211711671
-rut	0.0	1.0	0.0	0.0
-ruu	0.0	1.0	0.0	0.0
-lim	0.0	0.966666666667	0.0333333333333	0.0
-rui	0.341564149081	0.41956482181	0.166814630192	0.072056398917
-run	0.0	1.0	0.0	0.0
-lii	0.891726597031	0.0725399167671	0.00181875625263	0.0339147299493
-rub	0.0745341614907	0.850931677019	0.0745341614907	0.0
-lie	0.278541323071	0.63899578523	0.0604727872458	0.021990104453
-oma	0.127650976051	0.561453446489	0.219088784636	0.0918067928242
-aʼu	0.155019286113	0.185687542537	0.198754699119	0.460538472231
-lia	0.106154790045	0.83318532993	0.0190785106532	0.0415813693723
-ome	0.13567839196	0.72585147962	0.0759352317141	0.0625348967057
-rue	0.429542009021	0.365793857268	0.0845046697487	0.120159463962
-eas	0.0140306122449	0.970663265306	0.015306122449	0.0
-eau	0.330612244898	0.644897959184	0.0244897959184	0.0
--au	0.43143812709	0.411371237458	0.0969899665552	0.0602006688963
-iʼe	0.15484804631	0.753979739508	0.082489146165	0.00868306801737
-abi	0.0188962774334	0.970040402041	0.00314937957222	0.00791394095363
--ai	0.387890357379	0.441136314064	0.0748666086155	0.0961067199416
-oda	0.570682730924	0.316064257028	0.0602409638554	0.0530120481928
-eae	0.313262815297	0.449416870084	0.18036343911	0.0569568755085
-ode	0.351823546376	0.482916218997	0.140858528109	0.0244017065193
-rna	0.0	1.0	0.0	0.0
--an	0.349236641221	0.338740458015	0.231870229008	0.0801526717557
-odi	0.211287183764	0.658975071819	0.107496988231	0.0222407561857
--ae	0.0758258570376	0.483373724721	0.380879458381	0.0599209598604
-rni	0.0	1.0	0.0	0.0
-odo	0.11015367091	0.660869290076	0.196281100693	0.0326959383207
-zer	0.0	1.0	0.0	0.0
-uri	0.154723745348	0.721184178726	0.0436802988338	0.0804117770926
-uja	0.607452339688	0.333622183709	0.0181975736568	0.0407279029462
-ehi	0.262295081967	0.131147540984	0.163934426229	0.44262295082
-ura	0.432926622591	0.360684241432	0.135818608047	0.07057052793
-ehe	0.100440342111	0.854776165902	0.0149278306623	0.0298556613246
-ure	0.666320816541	0.194893147929	0.0173864585168	0.121399577013
-eha	0.602762595193	0.267683582226	0.0482539392137	0.0812998833672
-gti	0.0337065409546	0.932586918091	0.0337065409546	0.0
-dji	0.690647482014	0.0	0.201438848921	0.107913669065
-ehu	0.246285289747	0.588317236256	0.0567421991084	0.108655274889
-uru	0.130663362886	0.346113417675	0.0694278388436	0.453795380596
-ʼmu	0.27139874739	0.423277661795	0.0234864300626	0.281837160752
-pah	0.0	0.821428571429	0.178571428571	0.0
-pai	0.287609752103	0.257381198895	0.427855283175	0.0271537658276
-wau	0.136837283866	0.688824000916	0.145711668384	0.0286270468339
-dus	0.0530191458027	0.840942562592	0.0176730486009	0.0883652430044
-ape	0.430471232583	0.237257917068	0.0905573245563	0.241713525793
-api	0.304254513822	0.49666844918	0.143435160929	0.0556418760686
-pae	0.409387222947	0.445893089961	0.0234680573664	0.121251629726
-dua	0.365384615385	0.365384615385	0.0769230769231	0.192307692308
-wae	0.632263976681	0.0857284652653	0.0695303043329	0.21247725372
-due	0.488368690563	0.412289685443	0.0545720555962	0.0447695683979
-waa	0.152298850575	0.803520114943	0.0416666666667	0.0025143678161
-apu	0.0669225036385	0.876012208625	0.0321824778644	0.0248828098719
-dui	0.229882057944	0.342769454199	0.354053088108	0.0732953997493
-pas	0.0304789550072	0.915094339623	0.0544267053701	0.0
-apa	0.116380624926	0.440459468457	0.214637668219	0.228522238398
-dum	0.0519777343606	0.940280900947	0.00110590924171	0.0066354554503
-wai	0.192438747363	0.729677105306	0.0369949699822	0.0408891773487
-wah	0.207343412527	0.624190064795	0.0129589632829	0.155507559395
-kee	0.550751582279	0.352412974683	0.0726265822785	0.0242088607595
-lus	0.0397951903735	0.879365275599	0.0061684991874	0.0746710348397
-nuh	0.00289042203603	0.988438311856	0.00867126610808	0.0
-nui	0.518410852713	0.408914728682	0.0436046511628	0.0290697674418
-sus	0.011755939659	0.630423763171	0.00376905146044	0.35405124571
-kei	0.755555555556	0.244444444444	0.0	0.0
-sop	0.0	0.956834532374	0.0	0.0431654676259
-gne	0.6484375	0.33984375	0.01171875	0.0
-sul	0.0645264847513	0.888362760835	0.0291332263242	0.0179775280899
-kes	0.0	1.0	0.0	0.0
-sos	0.121212121212	0.833333333333	0.0	0.0454545454545
-suf	0.0267932038356	0.964489547525	0.0034540041777	0.00526324446125
-nur	0.0554121961157	0.923672416135	0.0162977047399	0.00461768300964
-nus	0.0568583980128	0.876249369031	0.00585917368959	0.0610330592666
-sua	0.05	0.81	0.0	0.14
-eti	0.386908619572	0.303953337654	0.265716137395	0.0434219053791
-uhe	0.60103626943	0.286269430052	0.0427461139897	0.0699481865286
