-rbs	0.235714285714	0.75	0.0	0.0142857142857
-hey	0.233532934132	0.520958083832	0.0299401197605	0.215568862275
-mud	0.152694610778	0.838323353293	0.00898203592816	0.0
-cah	0.436363636364	0.263636363636	0.0	0.3
-can	0.178501095188	0.0551789100618	0.124177594309	0.642142400441
-her	0.0208742952304	0.0949957619806	0.0132974491847	0.870832493604
-hes	0.0723175288473	0.89459990012	0.0228285930615	0.0102539779709
-hel	0.0102040816327	0.795918367347	0.015306122449	0.178571428572
-hem	0.0	0.994926004228	0.00507399577168	0.0
-hen	0.236946872506	0.708577491386	0.0385315474916	0.0159440886172
-ive	0.569088403422	0.254998240474	0.0615052187713	0.114408137333
-rbe	0.060606060606	0.935064935065	0.004329004329	0.0
-hea	0.186558413784	0.0943779083728	0.0298319285	0.689231749343
-lem	0.0185084148235	0.941411004323	0.0110798673773	0.0290007134763
-aus	0.196754224527	0.754057219341	0.0	0.0491885561318
-urs	0.0261295590637	0.712574850299	0.235166031573	0.0261295590637
-urt	0.600289968215	0.219706685998	0.125606423911	0.0543969218759
-zit	0.490566037736	0.132075471698	0.339622641509	0.0377358490566
-zin	0.0	1.0	0.0	0.0
-uff	0.0682597978287	0.530176279826	0.0582088184561	0.343355103889
-oys	0.0243421052632	0.934438596491	0.0155789473684	0.0256403508772
-nse	0.0866310160428	0.882887700535	0.0192513368984	0.0112299465241
-ple	0.0122291766972	0.920305729417	0.0604236880116	0.00704140587386
-aum	0.00253485424588	0.994930291508	0.00253485424588	0.0
-aul	0.0337232277825	0.908486148934	0.0030289476813	0.0547616756025
-xes	0.186883202327	0.616780359431	0.13961702275	0.0567194154922
-put	0.858470875414	0.0577312939679	0.0178988981891	0.065898932429
-nth	0.222857142857	0.708571428572	0.0342857142857	0.0342857142857
-hew	0.0490797546012	0.932515337423	0.0122699386503	0.00613496932515
-net	0.0815846244362	0.746960188272	0.146597372034	0.0248578152579
-pus	0.036496350365	0.941605839416	0.014598540146	0.00729927007301
-nta	0.024948024948	0.962577962578	0.012474012474	0.0
ALL	0.246413901888	0.296699652634	0.0554980867971	0.401388358681
-nty	0.0452403393026	0.134778510839	0.0169651272384	0.80301602262
-wat	0.0944048071705	0.121993815967	0.011228809899	0.772372566963
-eus	0.0415723399876	0.908828977156	0.00370446593949	0.0458942169171
-sha	0.47438796554	0.43645314805	0.0630381189067	0.0261207675028
-nan	0.0373134328358	0.962686567164	0.0	0.0
-nts	0.222002605453	0.584924307084	0.162256861776	0.0308162256862
-cal	0.234680573664	0.693176879618	0.0677966101695	0.00434593654932
-lta	0.25	0.704545454545	0.0227272727273	0.0227272727273
-ute	0.463465553236	0.480167014614	0.0187891440501	0.0375782881003
-law	0.12155809268	0.825721961048	0.0285426460712	0.0241773002015
-cas	0.0	1.0	0.0	0.0
-sms	0.111111111111	0.851851851852	0.037037037037	0.0
-opy	0.166069295102	0.816009557945	0.0179211469534	0.0
-nma	0.24513618677	0.684824902724	0.0700389105058	0.0
-das	0.0617478693939	0.868508369034	0.0338982313304	0.0358455302419
-nam	0.0	1.0	0.0	0.0
-ops	0.0303285593934	0.886267902275	0.0808761583824	0.00252737994945
-opo	0.0161556200116	0.601964401977	0.0312092036489	0.350670774363
-asy	0.131489139599	0.159794435299	0.604649295379	0.104067129723
-nda	0.144324122479	0.116131441374	0.0197908887229	0.719753547423
-ope	0.391424394997	0.564398245899	0.0246873477343	0.0194900113692
-asʼ	0.0	1.0	0.0	0.0
-dea	0.0742220053095	0.109738758691	0.0116637528888	0.804375483111
-imu	0.0333333333333	0.8	0.166666666667	0.0
-dee	0.0299184043518	0.964641885766	0.0	0.00543970988213
-oes	0.109565217391	0.890434782609	0.0	0.0
-dek	0.128907508862	0.786013535288	0.0696100547857	0.0154689010635
-dem	0.0354913701922	0.0659932353352	0.00850213540576	0.890013259067
-den	0.050666715115	0.026545361925	0.00691078592735	0.915877137033
-der	0.0180638463535	0.838878795744	0.138074227874	0.00498313002855
-imb	0.841225626741	0.0696378830083	0.00557103064068	0.08356545961
-ime	0.0849779278226	0.44283724359	0.0476602966664	0.424524531921
-dle	0.380213251712	0.453468476379	0.0937700393888	0.0725482325197
-oke	0.541317759748	0.302822834719	0.12301024955	0.0328491559837
-dey	0.0504849643949	0.0263140750915	0.00394647415043	0.919254486363
-she	0.0284797129033	0.0848587097783	0.0130789985887	0.87358257873
-eck	0.385749321789	0.433307707731	0.133371291719	0.0475716787613
-bit	0.193594129715	0.254622690127	0.396967414955	0.154815765203
-les	0.0413640860664	0.905976233261	0.0418576373699	0.0108020433024
-pay	0.60535755739	0.324494937609	0.0480587463061	0.0220887586941
-ide	0.0493758337816	0.0964454269705	0.0195084952904	0.834670243957
-ece	0.190707675049	0.773534635879	0.0140226231654	0.0217350659063
-ida	0.0133333333333	0.986666666667	0.0	0.0
-lls	0.0487804878049	0.889602053915	0.0308087291399	0.0308087291399
-big	0.203169952229	0.154098086554	0.422362277081	0.220369684136
-bia	0.0121212121212	0.963636363636	0.0	0.0242424242424
-lly	0.292269946083	0.290937178167	0.168110498576	0.248682377173
-ids	0.0529446516431	0.916885014499	0.0205194348361	0.00965089902184
-tle	0.0759894459103	0.557255936676	0.360422163588	0.00633245382586
-ect	0.0220125786163	0.941823899371	0.0314465408805	0.00471698113208
-tep	0.488764044944	0.426966292135	0.0421348314606	0.0421348314607
-fta	0.0925376365424	0.0548184095084	0.0233020334407	0.829341920509
-rid	0.692392502756	0.188533627343	0.0661521499448	0.0529217199559
-uta	0.271774560161	0.197880669992	0.00596833132224	0.524376438526
-ria	0.0120861570337	0.934130444166	0.037265650854	0.0165177479461
-uth	0.0	1.0	0.0	0.0
-gry	0.0942452043369	0.157909368919	0.739505143175	0.00834028356964
-tea	0.0177777777778	0.964444444444	0.0177777777778	0.0
-rit	0.0176904876194	0.918643722203	0.0570708851403	0.00659490503761
-ted	0.380149812734	0.14138576779	0.406367041199	0.0720973782771
-ris	0.0	1.0	0.0	0.0
-rip	0.596713993661	0.319522853874	0.0330851323218	0.0506780201437
-utu	0.122171945701	0.877828054299	0.0	0.0
-our	0.0790973795482	0.0788703715594	0.0247301127244	0.817302136168
-sia	0.0257088846881	0.957655954631	0.00302457466919	0.0136105860113
-ten	0.604502215504	0.173463165512	0.0760678768454	0.145966742139
-dan	0.0290037831021	0.941992433796	0.00126103404792	0.0277427490542
-ard	0.152240063588	0.495132936684	0.190784971642	0.161842028085
-are	0.423468606123	0.441336547843	0.0874851839608	0.0477096620734
-mew	0.0	0.962264150943	0.0377358490566	0.0
-ara	0.025	0.975	0.0	0.0
-mes	0.0363926643806	0.73925067653	0.0309650525345	0.193391606555
-arl	0.0260869565217	0.942608695652	0.0208695652174	0.0104347826087
-arm	0.216020237135	0.642873537311	0.114940832736	0.026165392818
-arn	0.690750415578	0.228112878968	0.030079949339	0.0510567561149
-lus	0.257244825125	0.562883654532	0.0630977872948	0.116773733048
-‛au	0.132809998297	0.829455684638	0.03662448421	0.00110983285485
-ark	0.140354476159	0.671271893585	0.149748227334	0.0386254029217
-art	0.294033296146	0.546355296882	0.0898563263606	0.0697550806107
-ile	0.141808008393	0.548609896835	0.16392726001	0.145654834761
-mea	0.0	1.0	0.0	0.0
-lun	0.0	0.959183673469	0.0408163265306	0.0
-ars	0.0523328540198	0.913051356691	0.0217678485837	0.0128479407054
-mel	0.0126021003501	0.98739789965	0.0	0.0
-lub	0.638888888889	0.263888888889	0.0833333333333	0.0138888888889
-men	0.0766226520365	0.873721405988	0.0334759159383	0.0161800260368
-ary	0.0403062373339	0.924904300833	0.0206034676874	0.0141859941455
-mek	0.0	1.0	0.0	0.0
-eef	0.389481799128	0.450071068925	0.11780577706	0.0426413548869
-rah	0.10662053782	0.709231011165	0.105991508099	0.0781569429155
-uʼs	0.0	1.0	0.0	0.0
-ote	0.412060301507	0.497487437186	0.0603015075377	0.0301507537688
-nah	0.193212384879	0.509714027302	0.0218414000298	0.275232187789
-ked	0.156794425087	0.146341463415	0.658536585366	0.0383275261324
-ays	0.0763305659401	0.804475051393	0.0935090647974	0.0256853178693
-oup	0.254237288136	0.576271186441	0.169491525424	0.0
-pes	0.150593919871	0.798268572579	0.0370444936581	0.0140930138917
-fos	0.0	1.0	0.0	0.0
-kua	0.481835581906	0.414873255217	0.0734606227534	0.0298305401242
-ubs	0.214130434783	0.785869565217	0.0	0.0
-cta	0.0634723086496	0.861854387057	0.0684505289359	0.00622277535781
--do	0.709251101322	0.105726872247	0.0	0.185022026432
-mʼs	0.0591524187668	0.819706668827	0.101693541852	0.0194473705534
-ifs	0.351898734177	0.615189873418	0.00759493670886	0.0253164556962
-xad	0.0	1.0	0.0	0.0
-ota	0.0217391304348	0.978260869565	0.0	0.0
-ump	0.731699399448	0.153384190878	0.0204512254504	0.0944651842233
-oth	0.0678328665719	0.771028892298	0.0346200937276	0.126518147403
-ume	0.118300526213	0.817384525434	0.0596374975638	0.00467745078932
-fty	0.0519897304236	0.335044929397	0.00770218228498	0.605263157895
-ots	0.170919881306	0.690207715134	0.113946587537	0.0249258160237
-eet	0.171568980156	0.78421666115	0.032845980055	0.011368378639
-oty	0.0861857533186	0.810868957208	0.0201157462189	0.0828295432542
-mat	0.0688	0.9248	0.0064	0.0
-rry	0.557186318419	0.290838829672	0.0954227484083	0.0565521035004
-two	0.0296155624783	0.0193319246658	0.0294478368009	0.921604676055
-kia	0.429268292683	0.321951219512	0.229268292683	0.019512195122
-six	0.00775480059085	0.0387740029542	0.360044313146	0.593426883309
-hʼs	0.10092200977	0.838786919459	0.0285071910712	0.0317838797001
-yʼs	0.178350631346	0.458503503316	0.147513957061	0.215631908277
-nal	0.0	1.0	0.0	0.0
-kid	0.128919656719	0.753124881666	0.0665080845878	0.0514473770272
-sis	0.0	1.0	0.0	0.0
-ake	0.647024501649	0.0960350117052	0.0169146697851	0.24002581686
-oah	0.0151139846341	0.964734035854	0.0	0.0201519795122
-kin	0.550770678184	0.394535222739	0.0334547406826	0.0212393583938
-kim	0.0	1.0	0.0	0.0
-sit	0.896751837007	0.0898881095524	0.00726452905812	0.0060955243821
-kip	0.16081612981	0.0752670897261	0.0192786569202	0.744638123544
-ees	0.277958236659	0.686890951276	0.015313225058	0.019837587007
-aky	0.420792079208	0.527227722772	0.0519801980198	0.0
-amp	0.0358808754934	0.924650161464	0.0251166128453	0.0143523501973
-sic	0.054844606947	0.835466179159	0.109689213894	0.0
-nas	0.133813737116	0.783727082003	0.0706011128341	0.0118580680471
-nap	0.066339066339	0.700245700246	0.228501228501	0.004914004914
-ala	0.0571057480742	0.907952835296	0.00312908208625	0.0318123345436
-aks	0.837238341373	0.0985663606261	0.00785685681552	0.0563384411856
-oad	0.0641105806366	0.86288501291	0.033020811111	0.0399835953419
-mos	0.20429350997	0.370216563133	0.169715482033	0.255774444864
-mor	0.166666666667	0.708333333333	0.102272727273	0.0227272727273
-gon	0.0541000340252	0.873766587275	0.0333446750596	0.0387887036407
-lks	0.349206349206	0.460317460317	0.031746031746	0.15873015873
-god	0.0673181730063	0.810009877278	0.00720465753601	0.11546729218
-gog	0.0491803278688	0.934426229508	0.0163934426229	0.0
-ign	0.29994297662	0.49952480517	0.0167268580118	0.183805360198
-lki	0.0	1.0	0.0	0.0
-moa	0.230577187973	0.138022956151	0.149131211862	0.482268644014
-mon	0.0106920356962	0.980973227816	0.00555649099175	0.00277824549588
-lka	0.182058920887	0.755047997352	0.0271433300232	0.0357497517378
-iah	0.0891183263144	0.866186659421	0.0126341529683	0.032060861296
-nʼs	0.159836114672	0.766367567956	0.0592047728008	0.0145915445713
-con	0.0	0.728744939271	0.271255060729	0.0
-rly	0.214683789678	0.336564090138	0.0755997092319	0.373152410952
-ber	0.0183010523105	0.963397895379	0.0183010523105	0.0
-bes	0.359223300971	0.458737864078	0.0946601941748	0.0873786407767
-oft	0.338709677419	0.129032258064	0.241935483871	0.290322580645
-mfa	0.0	1.0	0.0	0.0
-bet	0.00941492938803	0.984532616005	0.00605245460659	0.0
-cob	0.00184530216823	0.993387667231	0.00476703060126	0.0
-eon	0.090034965035	0.909965034965	0.0	0.0
-ben	0.0	1.0	0.0	0.0
-lpa	0.159024390244	0.698861788618	0.118699186992	0.0234146341464
-off	0.292934466624	0.297793405133	0.0541266369501	0.355145491293
-rld	0.0116470530637	0.935637147915	0.0457043761483	0.00701142287306
-cow	0.023777173913	0.961956521739	0.00407608695652	0.0101902173913
-beg	0.928076096962	0.0292114145443	0.0279840441853	0.0147284443081
-cos	0.0	1.0	0.0	0.0
-ism	0.146739130435	0.788043478261	0.0244565217391	0.0407608695653
-ren	0.154302597964	0.397603636987	0.240574931235	0.207518833814
-ups	0.235602094241	0.732984293194	0.0314136125654	0.0
-rel	0.0	0.866666666667	0.0	0.133333333333
-ish	0.13613619518	0.701028014764	0.115886542214	0.0469492478419
-fes	0.244207914225	0.701714410569	0.0463522930339	0.00772538217231
-ise	0.374890320901	0.583789624422	0.0274946299551	0.0138254247217
-rea	0.0518885000603	0.899239773139	0.0300470616628	0.0188246651382
-red	0.200450713261	0.254878397216	0.383663589082	0.161007300441
-ree	0.0377732190182	0.28185500005	0.149206383504	0.531165397428
-rez	0.0	1.0	0.0	0.0
-eve	0.858115738681	0.111221381883	0.0180007528832	0.0126621265528
-iʼs	0.0530775677438	0.92457398268	0.0111742247882	0.0111742247882
-res	0.155640478436	0.742915281156	0.05002729664	0.0514169437689
-ist	0.0217373791376	0.93274869594	0.00405636247457	0.0414575624475
-iss	0.553084509766	0.40398375556	0.0150841229936	0.0278476116805
-rew	0.012351326624	0.941903019213	0.01967063129	0.0260750228728
-ret	0.0412480223551	0.868756292507	0.0844480059175	0.00554767922085
-kʼs	0.163774614935	0.819847923572	0.0	0.0163774614935
-jus	0.222077050469	0.307223131919	0.0914038298415	0.37929598777
-hab	0.0511727078891	0.936034115139	0.0	0.0127931769723
-had	0.458300065326	0.0847821353169	0.0584081760176	0.398509623339
-hah	0.651162790698	0.127906976744	0.0232558139535	0.197674418605
-ava	0.114583333333	0.875	0.0	0.0104166666667
-mas	0.117099813937	0.81807814657	0.00900306104075	0.0558189784526
-mar	0.0	1.0	0.0	0.0
-ham	0.0704020222481	0.888290882306	0.0264917846172	0.0148153108286
-han	0.0	1.0	0.0	0.0
-mai	0.11265884653	0.594330400782	0.284213098729	0.00879765395894
-avy	0.227737226277	0.401459854015	0.270072992701	0.100729927007
-har	0.0	1.0	0.0	0.0
-has	0.0676722944922	0.853169111542	0.0584002214226	0.0207583725436
-jug	0.225	0.691666666667	0.0166666666666	0.0666666666667
-man	0.131386273632	0.825076612639	0.0192324143171	0.0243046994118
-haz	0.0	1.0	0.0	0.0
-ugh	0.420491716788	0.450564524639	0.103935844677	0.0250079138968
-jun	0.442404006678	0.49081803005	0.0333889816361	0.0333889816361
-mad	0.379256965944	0.344814241486	0.179953560372	0.0959752321982
-irl	0.0209532081207	0.898273803062	0.0464661817392	0.0343068070785
-unk	0.162196993463	0.437567299458	0.357206447182	0.0430292598967
-und	0.388823992181	0.457052947767	0.0933320618876	0.0607909981644
-ung	0.0836223356583	0.114138754516	0.789263030155	0.0129758796711
-wns	0.0512374323279	0.905839133797	0.0116009280742	0.0313225058004
-pty	0.284707158351	0.0889370932755	0.626355748373	0.0
-rls	0.0973437421757	0.74105292114	0.12597425458	0.0356290821035
-unt	0.298023971493	0.604146420473	0.0706187236799	0.0272108843537
-666	0.117647058824	0.0588235294118	0.0	0.823529411765
-wna	0.204958636342	0.774373265876	0.012917561114	0.0077505366684
-add	0.927710843373	0.0361445783133	0.0	0.0361445783133
-ade	0.257660924751	0.723300090662	0.0190389845875	0.0
-tra	0.0570117955439	0.85255570118	0.0786369593709	0.0117955439056
-ika	0.0260434056761	0.95592654424	0.00601001669449	0.012020033389
-ada	0.0625416691921	0.808003515365	0.0449269652706	0.0845278501727
-ein	0.0	1.0	0.0	0.0
-gai	0.0	1.0	0.0	0.0
-ird	0.298181818182	0.474545454545	0.22	0.00727272727271
-144	0.0324909747292	0.108303249097	0.0	0.859205776173
-gas	0.398686057909	0.347426421892	0.0930885586373	0.160798961562
-ads	0.173097620189	0.7877895349	0.0251439717288	0.0139688731827
-aat	0.0	1.0	0.0	0.0
-ana	0.0571644105444	0.854486347352	0.0371136842652	0.0512355578379
-try	0.598133821768	0.210142991492	0.0468853105768	0.144837876163
-lan	0.403418057281	0.491824195011	0.0423060134977	0.0624517342109
-ady	0.381707142084	0.146827662104	0.180936149485	0.290529046327
-ini	0.530054644809	0.207650273224	0.251366120219	0.0109289617486
-ink	0.51538491996	0.235440236295	0.0877896863272	0.161385157418
-sek	0.0	1.0	0.0	0.0
-bel	0.0507692307693	0.934615384615	0.00461538461538	0.01
-seh	0.114379084967	0.885620915033	0.0	0.0
-not	0.164177292217	0.0736689200642	0.0293857870785	0.732768000641
-see	0.723883503827	0.237743216888	0.0172770953588	0.0210961839259
-sed	0.787878787879	0.090909090909	0.0606060606061	0.060606060606
-ind	0.573445687106	0.203754240312	0.162051597307	0.0607484752748
-uit	0.0781120501972	0.899315247125	0.0190030659754	0.00356963670256
-sea	0.0668613587458	0.886515011784	0.0143457321447	0.0322778973255
-ing	0.420061963495	0.363194587382	0.0510808085849	0.165662640539
-fly	0.512589928058	0.487410071942	0.0	0.0
-216	0.025974025974	0.454545454545	0.0519480519481	0.467532467532
-oha	0.390260969604	0.491032548451	0.0597995098598	0.0589069720851
-ohn	0.0203470453144	0.951478024646	0.00818245790125	0.0199924721387
-ins	0.139850087916	0.439300858357	0.0349727972162	0.38587625651
-ses	0.13864033694	0.793760544901	0.0424266157934	0.0251725023661
-ous	0.135002093168	0.659694253172	0.15860436245	0.0466992912101
-kus	0.078025477707	0.865711252654	0.04033970276	0.015923566879
-ood	0.242362279015	0.291465396262	0.347781243987	0.118391080737
-nex	0.0385662431942	0.104420534094	0.807752138968	0.0492610837438
-oof	0.304049969776	0.619484182954	0.0444287729196	0.0320370743502
-fun	0.563439356868	0.35826634044	0.0587207270185	0.0195735756728
-ial	0.0	0.989966555184	0.0100334448161	0.0
-ful	0.0416666666667	0.916666666667	0.0381944444444	0.00347222222222
-ian	0.150159744409	0.634717784878	0.170394036209	0.0447284345048
-oom	0.143068157839	0.780755433636	0.0584511500317	0.0177252584934
-nes	0.153247010512	0.766533454741	0.034540241218	0.0456792935288
-oon	0.0431248168201	0.479812151106	0.0939414869326	0.383121545141
-nen	0.0261450566476	0.918659823763	0.0551951195894	0.0
-eds	0.0961969097023	0.820182231077	0.0559667168015	0.0276541424196
-oor	0.0558254902515	0.60878814052	0.330185236596	0.00520113263212
-rst	0.0770432644292	0.13618063909	0.468575918043	0.318200178438
-oot	0.131875895363	0.802598269129	0.0407991051279	0.0247267303805
-ias	0.0323791647114	0.940872829657	0.0119662130455	0.0147817925856
-kum	0.0	0.836734693878	0.0	0.163265306122
-edy	0.186352941176	0.519058823529	0.272	0.0225882352941
-pen	0.661097064319	0.155524515091	0.0714971916238	0.111881228967
-ban	0.0157827385184	0.943551827101	0.0184131949381	0.0222522394426
-bal	0.0392156862745	0.921568627451	0.0392156862745	0.0
-hoa	0.155555555556	0.488888888889	0.0	0.355555555556
-bag	0.282568957833	0.570015791828	0.0282058060215	0.119209444317
-bad	0.116691487059	0.535340591603	0.296306734465	0.051661186872
-out	0.166526758837	0.14846420598	0.0314858915742	0.653523143609
-hon	0.0	1.0	0.0	0.0
-hor	0.688456189152	0.303198887343	0.00834492350486	0.0
-irt	0.059433522997	0.894443586761	0.0349791046805	0.0111437855619
-hop	0.756944444445	0.118055555556	0.104166666667	0.0208333333333
-how	0.253096250489	0.148138792701	0.0376246523457	0.561140304464
-hot	0.184869739479	0.63126252505	0.157815631262	0.0260521042084
-bay	0.115384615385	0.865384615385	0.0192307692308	0.0
-owl	0.378031383737	0.609129814551	0.0128388017118	0.0
-fur	0.108225108225	0.857142857143	0.034632034632	0.0
-bas	0.0561533614464	0.917672434686	0.0153894624594	0.0107847414086
-wya	0.0819672131147	0.885245901639	0.0	0.0327868852459
-and	0.390363202545	0.470357900318	0.0102200424178	0.129058854719
-cks	0.0819964616182	0.694352060015	0.189872205142	0.0337792732248
-mbs	0.0779850961816	0.90121887817	0.0207960256484	0.0
-asa	0.00814111261872	0.943012211669	0.0	0.0488466757123
-cky	0.260869565217	0.500749625187	0.220389805097	0.0179910044978
-yes	0.0219475277497	0.970484359233	0.00302724520686	0.00454086781029
-dry	0.717125382263	0.0733944954128	0.181957186544	0.0275229357798
-yet	0.165952024632	0.0968466069917	0.0355144395058	0.70168692887
-ash	0.645243726112	0.260381757249	0.0719577668434	0.0224167497954
-mba	0.395783679865	0.17697483639	0.348122934306	0.0791185494384
-ast	0.134194158378	0.361203548354	0.418210806351	0.0863914869162
-ass	0.32531389489	0.086096885095	0.0257045066923	0.562884713322
-nyx	0.0	0.830985915493	0.169014084507	0.0
-ust	0.276049204052	0.615412445731	0.0792329956584	0.0293053545586
-zor	0.0	1.0	0.0	0.0
-ery	0.0813129757557	0.120473445681	0.0581686980244	0.740044880539
-ape	0.169187655309	0.755378705071	0.0307373030789	0.0446963365413
-ell	0.639394519523	0.0402990500085	0.0042937823868	0.316012648082
-ray	0.473062390917	0.45899422697	0.0344751529565	0.0334682291567
-raw	0.612903225806	0.193548387097	0.0322580645161	0.161290322581
-ers	0.103388549159	0.844917176261	0.0253594554541	0.0263348191254
-ras	0.188092016238	0.75101488498	0.0365358592693	0.0243572395129
-rap	0.69175257732	0.264948453608	0.0231958762887	0.0201030927835
-ran	0.186440677966	0.813559322034	0.0	0.0
-eri	0.0	1.0	0.0	0.0
-ral	0.105149247002	0.728199116241	0.166651636757	0.0
-ram	0.0	1.0	0.0	0.0
-rak	0.0	1.0	0.0	0.0
-ern	0.27868852459	0.196721311475	0.524590163934	0.0
-rag	0.858948769128	0.105788423154	0.0	0.0352628077179
-rab	0.757281553398	0.202323162275	0.00658807212205	0.0338072122053
-ugs	0.101694915254	0.754237288136	0.14406779661	0.0
-azy	0.167925366504	0.23989338072	0.516215015549	0.0759662372279
-oze	0.17880794702	0.612582781457	0.188741721854	0.0198675496689
-pos	0.0219125028665	0.903878003414	0.0564374347084	0.0177720590109
-pot	0.246575342466	0.638356164384	0.0328767123287	0.0821917808219
-nno	0.84216646722	0.0575962247057	0.0389732876296	0.0612640204449
-aza	0.0	0.962962962963	0.0	0.037037037037
-eva	0.272320329274	0.115515125892	0.0583742000369	0.553790344797
-ppy	0.487179487179	0.273504273504	0.239316239316	0.0
-500	0.0	0.630136986301	0.0821917808219	0.287671232877
-oud	0.158428720083	0.349895941727	0.420187304891	0.0714880332986
-lam	0.0	1.0	0.0	0.0
-nor	0.25540025413	0.30749682338	0.318932655654	0.118170266836
-nos	0.0	1.0	0.0	0.0
-lah	0.0	1.0	0.0	0.0
-oun	0.144332940159	0.473121480786	0.0573019012096	0.325243677846
-now	0.495471775561	0.0914507855611	0.0246586143834	0.388418824495
-lat	0.0193756727664	0.897739504844	0.069967707212	0.0129171151776
-lau	0.280169971671	0.319121813031	0.369830028329	0.0308781869689
-ppi	0.0525	0.886666666667	0.015	0.0458333333333
-aan	0.0689655172414	0.712643678161	0.206896551724	0.0114942528736
-lap	0.664666166542	0.317329332333	0.00450112528131	0.013503375844
-aah	0.349474645957	0.339881224303	0.085883965281	0.224760164459
-non	0.0	0.964912280702	0.0350877192982	0.0
-las	0.0712443584784	0.921985815603	0.00290135396518	0.00386847195358
-ppa	0.0711234454959	0.912120070624	0.0118927728534	0.00486371102688
-nod	0.962962962963	0.037037037037	0.0	0.0
-lay	0.392393736018	0.481879194631	0.096196868009	0.0295302013423
-aac	0.0580267252426	0.90993959363	0.0148270181219	0.0172066630057
-dow	0.0465580312604	0.907881609578	0.0345859660791	0.0109743930828
-dot	0.11935679947	0.677736641432	0.183013759187	0.0198927999116
-ahi	0.339591385975	0.0971838763115	0.463832136941	0.099392600773
-gel	0.0111455191009	0.969855931374	0.00729686679658	0.0117016827287
-boo	0.0395683453238	0.931654676259	0.0143884892086	0.0143884892086
-ypt	0.0371219469183	0.865003086148	0.083987302707	0.0138876642271
-evi	0.0851423738371	0.872568367635	0.0389061178461	0.00338314068226
-dog	0.0629921259842	0.763779527559	0.173228346457	0.0
-bow	0.0188284518828	0.981171548117	0.0	0.0
-aka	0.241675617615	0.326530612245	0.406015037594	0.0257787325456
-bor	0.0	1.0	0.0	0.0
-don	0.00328947368421	0.996710526316	0.0	0.0
-ahs	0.327731092437	0.571428571429	0.0	0.100840336134
-dol	0.065896843726	0.751193225558	0.16351039261	0.0193995381062
-reu	0.0	1.0	0.0	0.0
-box	0.069976359338	0.867612293144	0.0510638297873	0.0113475177305
-dok	0.0	1.0	0.0	0.0
-get	0.672300854707	0.0370015537889	0.0130760163447	0.277621575159
-sar	0.0636492220651	0.922206506365	0.0134370579915	0.000707213578503
-dda	0.0787691855119	0.534859895786	0.135683134256	0.250687784446
-saw	0.328947368421	0.552631578947	0.118421052632	0.0
-gle	0.0672782874617	0.810397553517	0.119266055046	0.00305810397554
-sau	0.130263157895	0.777631578947	0.0078947368421	0.0842105263158
-max	0.159161193506	0.258857714083	0.507454247381	0.0745268450298
-ter	0.0245085072467	0.94563504751	0.00549745024117	0.0243589950017
-too	0.0792179186055	0.0653935677778	0.052306600811	0.803081912806
-say	0.806740764818	0.108162043864	0.00344665600961	0.0816505353086
-ols	0.356060606061	0.621212121212	0.0227272727273	0.0
-ges	0.173445894091	0.767613200307	0.0285495011512	0.0303914044512
-yke	0.0714285714286	0.928571428571	0.0	0.0
-oll	0.573913043478	0.329192546584	0.0447204968944	0.0521739130435
-oks	0.0843672456576	0.796526054591	0.0833746898263	0.0357320099255
-top	0.173344771652	0.0918876898792	0.0231653807118	0.711602157757
-sad	0.306243621857	0.262362000186	0.393914092216	0.0374802857408
-gly	0.208955223881	0.641791044776	0.149253731343	0.0
-ddy	0.0508474576271	0.847457627119	0.0	0.101694915254
-sah	0.0	1.0	0.0	0.0
-old	0.265814768687	0.349069834029	0.360581756259	0.024533641026
-ole	0.119327182557	0.486017465233	0.307353069948	0.0873022822618
-sam	0.0	1.0	0.0	0.0
-lon	0.0832920178483	0.763510163609	0.0624690133862	0.0907288051562
-cle	0.376876876877	0.569069069069	0.036036036036	0.018018018018
-dom	0.0414827890556	0.921447484554	0.0317740511915	0.00529567519859
-rop	0.519101451086	0.355568046968	0.052755397331	0.0725751046156
-iel	0.0670344249703	0.920396620348	0.0125689546819	0.0
-ror	0.0380952380952	0.942857142857	0.0095238095238	0.00952380952381
-loi	0.0	0.96261682243	0.018691588785	0.018691588785
-ybe	0.314749470713	0.314043754411	0.118913196895	0.252293577982
-loe	0.0378787878788	0.886363636364	0.060606060606	0.0151515151515
-iet	0.346806790623	0.310428455942	0.313662085691	0.0291026677445
-ied	0.359967431518	0.296063689476	0.32097095977	0.0229979192359
-boy	0.0104231667652	0.944485247423	0.00715125878721	0.0379403270251
-rod	0.0500877149837	0.871706589281	0.0634499040873	0.0147557916482
-des	0.154761904762	0.464285714286	0.321428571429	0.0595238095238
-rom	0.0413090303201	0.0231884852339	0.00426666480437	0.931235819642
-lot	0.0479846449137	0.829174664108	0.119001919386	0.00383877159309
-lor	0.049943246311	0.77752553916	0.172531214529	0.0
-los	0.0588235294118	0.917647058823	0.00672268907564	0.0168067226891
-ock	0.67122827662	0.266483863224	0.0364537148784	0.025834145278
-ews	0.0388327842606	0.853328304443	0.0997567659103	0.00808214538625
-rds	0.273302262635	0.673795596389	0.0357891622467	0.0171129787295
-win	0.587106695633	0.343325115337	0.0585837381307	0.0109844508995
-lfs	0.0556358381503	0.763547687861	0.097362716763	0.0834537572254
-ave	0.362360552794	0.429742394329	0.117285507005	0.0906115458719
-tʼs	0.218896708597	0.72144357696	0.0323239924406	0.0273357220023
-ies	0.0943375157756	0.816858356356	0.0703819949598	0.018422132909
-hke	0.357950416911	0.306638565379	0.304119150753	0.0312918669571
-ips	0.591314188711	0.354929975951	0.0537558353374	0.0
-rdo	0.224175824176	0.459340659341	0.29010989011	0.0263736263736
-awk	0.529079616036	0.379446640316	0.0745341614907	0.016939582157
-tie	0.791266375546	0.154210854648	0.0436681222708	0.0108546475359
-cam	0.609523809524	0.352380952381	0.0190476190476	0.0190476190476
-aws	0.252208346025	0.629911666159	0.0630520865062	0.0548279013098
-ant	0.609980101026	0.349150466861	0.0133170059697	0.0275524261442
-ddi	0.0	1.0	0.0	0.0
-mal	0.117690654413	0.789668717113	0.0652190024457	0.0274216260283
-tom	0.106888361045	0.642517814727	0.194774346793	0.0558194774347
-sty	0.0840998685939	0.323258869908	0.578186596584	0.0144546649146
-spa	0.371160163679	0.499740648954	0.0806869921042	0.0484121952625
-efs	0.0175438596491	0.982456140351	0.0	0.0
-lla	0.189680064811	0.75207172631	0.0373385954352	0.0209096134437
-sts	0.117647058824	0.852941176471	0.0294117647059	0.0
-ail	0.270735158617	0.709497361632	0.00892282072064	0.0108446590297
-ste	0.595427690727	0.311584895967	0.0626765990239	0.030310814282
-sta	0.0666742410199	0.88109860014	0.0150689764458	0.0371581823944
-cum	0.0606060606061	0.939393939394	0.0	0.0
-oli	0.0740740740741	0.925925925926	0.0	0.0
-ssa	0.417573872473	0.468895800933	0.0342146189736	0.0793157076205
-ffa	0.553552873471	0.410738550076	0.0160258972105	0.0196826792423
-hys	0.0	0.675	0.325	0.0
-sse	0.27868852459	0.655737704918	0.00819672131148	0.0573770491803
-uck	0.415270675366	0.382648562864	0.117263269265	0.0848174925057
-uch	0.647304389313	0.160782442748	0.15976860687	0.0321445610687
-cuz	0.0354067763504	0.0528516400944	0.00470675860943	0.907034824946
-ffs	0.164910125965	0.651995444401	0.0597996366187	0.123294793015
-tor	0.0975609756098	0.853658536585	0.0487804878049	0.0
-cut	0.621080901866	0.309245471735	0.0163138247179	0.0533598016816
-eye	0.0214801907491	0.901615422619	0.00159112524067	0.0753132613917
-uce	0.25	0.75	0.0	0.0
-cup	0.0109449106166	0.987960598322	0.00109449106166	0.0
-iok	0.0491228070175	0.930781499203	0.00191387559808	0.0181818181818
-lei	0.337662337662	0.298701298701	0.363636363636	0.0
-ois	0.185454545455	0.749090909091	0.0654545454545	0.0
-ion	0.154204226393	0.739988177922	0.0650214275158	0.0407861681691
-mum	0.0	1.0	0.0	0.0
-lea	0.0	1.0	0.0	0.0
-olo	0.117612977984	0.530127462341	0.25	0.102259559676
-hru	0.0849252491694	0.0838870431894	0.0560631229236	0.775124584718
-lee	0.0074242724213	0.975945357355	0.0142546030489	0.00237576717482
-leg	0.216535433071	0.665950847053	0.0817227392031	0.0357909806729
-ley	0.0565800502934	0.798407376362	0.0251466890193	0.119865884325
-oic	0.142857142857	0.583333333333	0.273809523809	0.0
-mus	0.0548476454293	0.918559556787	0.0	0.0265927977839
-ios	0.04	0.82	0.14	0.0
-oin	0.179455740417	0.0343253467837	0.00612820330059	0.780090709498
-ryl	0.0	0.702290076336	0.297709923664	0.0
-oil	0.043729417481	0.948982346272	0.0	0.00728823624683
-let	0.740849918017	0.0691995083577	0.0369193268679	0.153031246758
-rve	0.586666666667	0.28	0.0533333333333	0.08
-iot	0.0277185501066	0.972281449893	0.0	0.0
-ndy	0.204081632653	0.530612244898	0.183673469388	0.0816326530612
-eel	0.404656908632	0.272252761506	0.220573827746	0.102516502115
-rʼs	0.0929210171354	0.815656691812	0.0599490433132	0.0314732477394
-een	0.177076760504	0.332163844943	0.121971430526	0.368787964026
-ife	0.0508978594311	0.91401740243	0.0129443691994	0.0221403689395
-iff	0.345679012346	0.551440329218	0.0658436213991	0.037037037037
-aly	0.0	0.90465631929	0.0886917960089	0.00665188470067
-eed	0.390025146636	0.432906285346	0.059331984159	0.117736583859
-nds	0.174221428425	0.678485428419	0.0990269898731	0.0482661532835
-rrh	0.0692840646651	0.870669745958	0.0600461893764	0.0
-als	0.116787122208	0.802069645204	0.0660315374507	0.015111695138
-mps	0.0784025745418	0.900214905129	0.0106912601648	0.0106912601648
-alo	0.361724031433	0.560378847672	0.0677739267698	0.0101231941251
-all	0.113445320113	0.0755882405487	0.0673178398087	0.743648599529
-alm	0.138398914518	0.74355495251	0.113975576662	0.00407055630936
-ift	0.712328767123	0.232876712329	0.0	0.0547945205479
-alk	0.511971561266	0.35979963203	0.0483821207031	0.0798466860011
-ali	0.0192307692308	0.980769230769	0.0	0.0
-alf	0.169896907216	0.48412371134	0.0305154639175	0.315463917526
-gif	0.110559402557	0.77402554545	0.0145669483098	0.100848103684
-ald	0.0491803278689	0.72131147541	0.229508196721	0.0
-ale	0.0535714285714	0.928571428571	0.0178571428571	0.0
-eep	0.18162631287	0.570900579774	0.166281775432	0.0811913319245
-gia	0.100558659218	0.843575418994	0.0446927374302	0.0111731843575
-eer	0.43735763098	0.48291571754	0.0523917995444	0.0273348519362
-rot	0.32	0.51	0.05	0.12
-tch	0.509677502992	0.341610021909	0.103667468984	0.0450450061146
-ait	0.38248040391	0.293714189149	0.111092470522	0.212712936419
-obe	0.0892787524367	0.815204678363	0.0955165692008	0.0
-you	0.0362207954699	0.0276363190808	0.00393455081901	0.93220833463
-una	0.141364450448	0.748307532959	0.0938367472804	0.0164912693122
-any	0.266225221952	0.464452578521	0.108574410134	0.160747789394
-row	0.774051835903	0.145005522221	0.0232355732328	0.0577070686436
-yon	0.0	1.0	0.0	0.0
-oal	0.217391304348	0.417391304348	0.330434782609	0.0347826086957
-yoa	0.0369256392345	0.0588841229023	0.0134199561021	0.890770281761
-eek	0.0586503153431	0.620111912453	0.229584867841	0.0916529043625
-cho	0.0133587786259	0.986641221374	0.0	0.0
-cha	0.0407425579619	0.907583953891	0.0300911117874	0.0215823763594
-elp	0.477405376911	0.256435181026	0.05915430214	0.207005139922
-elt	0.293089092423	0.686927560366	0.00999167360533	0.00999167360533
-pet	0.247283626827	0.74597227426	0.00224803297115	0.0044960659423
-chy	0.0518134715026	0.59585492228	0.321243523316	0.0310880829016
-eli	0.0	0.955825510767	0.0276090557703	0.0165654334622
-per	0.0488588878174	0.903889424622	0.0376084860174	0.00964320154291
-lse	0.435051546392	0.263917525773	0.0618556701031	0.239175257732
-rka	0.0275534052703	0.931393066887	0.0286851690012	0.0123683588417
-elf	0.140926785943	0.238605483589	0.0910410330874	0.529426697381
-eld	0.0298311472732	0.949234714289	0.0201491082459	0.000785030191399
-ele	0.218181818182	0.625837320574	0.0535885167464	0.102392344498
-who	0.0951682002212	0.0609569751468	0.0231941899603	0.820680634672
-ity	0.144048826835	0.701032255987	0.116913860573	0.038005056605
-ess	0.553356167975	0.262172128392	0.126923762431	0.0575479412015
-oʼs	0.270769230769	0.484195804196	0.140979020979	0.104055944056
-its	0.027059712774	0.903514739229	0.0580498866213	0.0113756613757
-est	0.051703505089	0.923139318437	0.0162444746837	0.00891270179027
-ane	0.0	1.0	0.0	0.0
-tes	0.225577212278	0.485374340223	0.250346474803	0.0387019726948
-nai	0.0658165364048	0.891285185403	0.0358465064348	0.00705177175768
-why	0.092255199139	0.191400322091	0.017428052123	0.698916426647
-esa	0.0	1.0	0.0	0.0
-ite	0.497888705641	0.365445859873	0.113277695632	0.0233877388535
-ese	0.175677116656	0.162934527618	0.0293905950096	0.631997760717
-ita	0.0	1.0	0.0	0.0
-uds	0.0385026737968	0.83743315508	0.117647058824	0.00641711229948
-apu	0.14945696223	0.0643540282055	0.706759604474	0.0794294050899
-udy	0.589743589744	0.333333333333	0.0769230769231	0.0
-fan	0.392156862745	0.56862745098	0.0	0.0392156862745
-far	0.047449699453	0.428535534123	0.177042463132	0.346972303292
-fas	0.0966719492868	0.887480190174	0.00633914421553	0.0095087163233
-uda	0.0333333333333	0.933333333333	0.0	0.0333333333333
-eze	0.284153005464	0.715846994536	0.0	0.0
-fat	0.0794701986755	0.718910963944	0.153053715968	0.0485651214128
-ude	0.237623762376	0.600660066007	0.151815181518	0.00990099009901
-uns	0.0597014925373	0.880597014925	0.0597014925373	0.0
-pʼs	0.0679245283018	0.77106918239	0.0301886792453	0.130817610063
-bbi	0.604938271605	0.302469135802	0.0	0.0925925925926
-ove	0.466718405077	0.424596440397	0.0721233443708	0.0365618101545
-hum	0.0	1.0	0.0	0.0
-set	0.86790400928	0.0997607482056	0.00913506851301	0.0232001740013
-rim	0.676230357809	0.245408184419	0.0609478004892	0.0174136572826
-hui	0.0991379310344	0.844827586207	0.0474137931034	0.00862068965516
-tis	0.247592847318	0.731774415406	0.00412654745529	0.0165061898212
-hug	0.195568400771	0.685934489403	0.0780346820809	0.0404624277457
-hua	0.267127816595	0.243401258537	0.142667135148	0.34680378972
-wow	0.405832921404	0.280771131982	0.111220958972	0.202174987642
-wot	0.352335302085	0.401700268668	0.0769367409019	0.169027688345
-gad	0.0	1.0	0.0	0.0
-nja	0.0869701973735	0.858614453094	0.0111661555398	0.0432491939923
-low	0.662729972026	0.192102424075	0.102443169342	0.0427244345576
-hut	0.559573206876	0.0954356846473	0.288085358625	0.0569057498518
-lai	0.432815311167	0.336899001776	0.18148848842	0.0487971986364
-ron	0.0340450571621	0.907952252858	0.0554808338937	0.00252185608608
-hus	0.0427807486631	0.909090909091	0.0374331550802	0.0106951871658
-vas	0.124973810093	0.590020981435	0.203528776437	0.0814764320346
-tub	0.0526315789474	0.578947368421	0.368421052632	0.0
-ory	0.166476032027	0.69293958615	0.0854736404284	0.0551107413955
-nch	0.316455696202	0.627285513362	0.028129395218	0.028129395218
-tue	0.0471092077088	0.936371979199	0.00183542367696	0.0146833894157
-uts	0.238255033557	0.528523489933	0.145134228188	0.0880872483221
-ors	0.0635268346111	0.870755750274	0.0427163198248	0.0230010952902
-ema	0.0	1.0	0.0	0.0
-wel	0.0681114551084	0.520123839009	0.393188854489	0.0185758513932
-ael	0.0267693093419	0.947769328027	0.0205783615788	0.00488300105258
-ort	0.306017925736	0.409731113956	0.228937259923	0.0553137003841
-och	0.139784946237	0.817204301075	0.0	0.0430107526882
-ork	0.448837321054	0.447349619538	0.0509425732531	0.0528704861547
-son	0.102456940223	0.775202634245	0.117781155015	0.00455927051672
-orn	0.541226047547	0.382563409398	0.0444064562296	0.0318040868252
-ncy	0.174963549261	0.14955217663	0.660487398459	0.0149968756509
-orm	0.321728691477	0.537414965986	0.104841936775	0.0360144057623
-ord	0.0202774813234	0.954108858058	0.00213447171825	0.0234791889008
-ore	0.320251042837	0.425496657206	0.2221957677	0.0320565322566
-lix	0.0366716144242	0.937134375273	0.0209552082424	0.00523880206061
-utt	0.409638554217	0.397590361446	0.0240963855422	0.168674698795
-lit	0.46307651293	0.454145561184	0.0435883764329	0.0391895494535
-rus	0.399998749541	0.547720252513	0.0296332742289	0.0226477237173
-dus	0.078947368421	0.717105263158	0.0131578947368	0.190789473684
-lip	0.00385749943272	0.991377354209	0.0	0.00476514635807
-rut	0.0664087313045	0.733614367385	0.14569498181	0.0542819195011
-lis	0.0552995391705	0.94470046083	0.0	0.0
-lim	0.0	1.0	0.0	0.0
-lio	0.0324675324675	0.967532467532	0.0	0.0
-ick	0.519297984377	0.218795988249	0.160702239412	0.101203787963
-jew	0.154779093272	0.654634709789	0.155934161132	0.0346520358071
-sʼs	0.247799413177	0.645950031119	0.0408997955011	0.0653507602027
-lid	0.345441583902	0.287584452617	0.333435945626	0.0335380178545
-omb	0.0526838647653	0.895401377984	0.0369171607114	0.014997596539
-ice	0.203470145818	0.729407392805	0.0518657170663	0.0152567443109
-aʼs	0.222615211404	0.665791290071	0.0631823138532	0.0484111846718
-ome	0.601267382573	0.144944394217	0.0406985445548	0.213089678655
-rue	0.114692189992	0.583748412931	0.269394797669	0.0321645994075
-eap	0.106194690265	0.346607669617	0.516224188791	0.0309734513274
-eas	0.068669527897	0.652360515022	0.278969957081	0.0
-ear	0.740059408452	0.151313019872	0.0239518882712	0.084675683405
-rns	0.0961186008722	0.800540013219	0.0966741997213	0.00666718618768
-eat	0.657370334153	0.285993650286	0.0229846927396	0.0336513228214
-ody	0.0965523303559	0.476297972188	0.0404481704529	0.386701527003
-ize	0.833538346437	0.138936538053	0.0244667693417	0.00305834616771
-ead	0.162842643515	0.581852183009	0.22497535598	0.0303298174968
-rna	0.107741694539	0.824210919436	0.0161468373618	0.0519005486629
-eaf	0.22633744856	0.748971193416	0.0164609053498	0.00823045267489
-eah	0.291340318696	0.220985851058	0.0503508298103	0.437323000436
-eak	0.51953125	0.2138671875	0.08203125	0.1845703125
-eam	0.214317293157	0.641890299916	0.111664403199	0.0321280037274
-eal	0.201696704932	0.364641268445	0.155394685655	0.278267340967
-rni	0.0	1.0	0.0	0.0
-ean	0.443346551881	0.275289183833	0.162660918397	0.118703345889
-lʼs	0.14306071698	0.756768839588	0.0523903992847	0.0477800441476
-lux	0.142857142857	0.714285714286	0.107142857143	0.0357142857143
-dab	0.0	1.0	0.0	0.0
-urm	0.185185185185	0.518518518519	0.0740740740741	0.222222222222
-urn	0.801230826987	0.154986324145	0.0295170545962	0.0142657942722
-met	0.054054054054	0.918918918919	0.0	0.027027027027
-rge	0.270502324805	0.466588489868	0.156430878092	0.106478307234
-rga	0.0	0.986666666667	0.0	0.0133333333333
-urf	0.264150943396	0.584905660377	0.150943396226	0.0
-ury	0.704774535809	0.278514588859	0.0111405835544	0.0055702917772
-sin	0.0526315789474	0.842105263158	0.105263157895	0.0
-ipe	0.671890955625	0.265466049662	0.0318143039954	0.0308286907178
-zen	0.0909090909091	0.701298701299	0.194805194805	0.012987012987
-fix	0.762727356465	0.125973372634	0.0720171752885	0.0392820956119
-pai	0.281638624726	0.269690319434	0.416483784443	0.0321872713972
-apa	0.265472312704	0.656351791531	0.0	0.0781758957655
-was	0.784646890371	0.038727552711	0.0103909153423	0.166234641575
-war	0.153219837158	0.840118430792	0.0	0.00666173205032
-pan	0.0302267002519	0.954659949622	0.0151133501259	0.0
-bya	0.078431372549	0.862745098039	0.0392156862745	0.0196078431372
-way	0.223217853022	0.221598089971	0.0388002306446	0.516383826362
