-ṛot	0.0467438310862	0.365619435258	0.574281353345	0.0133553803103
-ṛow	0.0565419284348	0.133570062824	0.0606391696258	0.749248839115
-ṛov	0.0760528488853	0.288521882741	0.0121387283237	0.62328654005
-ւա՛	0.773042616452	0.215064420218	0.0	0.01189296333
-ṛom	0.0	1.0	0.0	0.0
-zaṛ	0.0335575931453	0.888762793093	0.0646294386502	0.013050175112
-գսը	0.0	0.530434782609	0.0	0.469565217391
-ւած	0.471895644608	0.403082114469	0.0566895378596	0.0683327030637
-ւակ	0.166892798456	0.741891290911	0.0387816019176	0.0524343087151
-ւալ	0.789333333333	0.0906666666666	0.104	0.016
-ովր	0.0	1.0	0.0	0.0
-ւաթ	0.828110414722	0.141885584745	0.00600080010668	0.0240032004267
-ւազ	0.142517814727	0.040380047506	0.484560570071	0.332541567696
-oyn	0.0426782742245	0.205705783876	0.288674821892	0.462941120007
-էծք	0.0675675675676	0.891891891892	0.0	0.0405405405405
-oyl	0.803217821782	0.0903465346534	0.0516707920792	0.0547648514852
-oyk	0.0351317440402	0.715181932246	0.215809284818	0.0338770388959
-ւագ	0.0683760683761	0.111111111111	0.820512820513	0.0
-oyi	0.0	1.0	0.0	0.0
-ւատ	0.160733549083	0.470642625982	0.28941285252	0.0792109724148
-ւառ	0.056	0.36	0.552	0.032
-ւաս	0.853877185119	0.0788883908561	0.0672344240251	0.0
-oys	0.122636819818	0.688921237535	0.15793229479	0.0305096478572
-oyr	0.0513642116731	0.177499719628	0.760369771056	0.0107662976433
-ւան	0.0940441568925	0.785461629237	0.0564423747567	0.0640518391143
-աշտ	0.186483556198	0.334658474882	0.460787856885	0.0180701120347
-ւամ	0.727272727273	0.123966942149	0.0	0.148760330578
-ւայ	0.104406659739	0.667963826918	0.134101311164	0.0935282021801
-oyz	0.0	1.0	0.0	0.0
-ղվէ	0.646883005978	0.301878736123	0.0256191289496	0.0256191289496
-ե՛տ	0.0220708185395	0.968908933884	0.00355052298244	0.00546972459457
-ոթն	0.0	0.142857142857	0.0	0.857142857143
-ոթը	0.0	0.848484848485	0.151515151515	0.0
-apa	0.0	1.0	0.0	0.0
-mbi	0.113895216401	0.840546697039	0.0455580865604	0.0
-ցաք	0.725154336212	0.163277067898	0.0491175966646	0.0624509992264
-ցար	0.568336230647	0.280631091419	0.0703764834351	0.0806561944987
-ցաւ	0.68505293407	0.111230294998	0.0678293973325	0.135887373599
-գար	0.759403832505	0.0687197210479	0.0249945999321	0.146881846515
-իռք	0.161016949152	0.78813559322	0.0508474576271	0.0
-կեց	0.824647973335	0.0839174782062	0.0167544754283	0.0746800730307
-իհը	0.0882352941178	0.911764705882	0.0	0.0
-ծեմ	0.591472198214	0.280034572169	0.0593488908095	0.0691443388073
-ոհն	0.0	1.0	0.0	0.0
-իզէ	0.724528301887	0.230188679245	0.0452830188679	0.0
-պպէ	0.00608828006088	0.969558599696	0.0121765601218	0.0121765601218
-lil	0.222222222222	0.385185185185	0.259259259259	0.133333333333
-ēir	0.634004732447	0.193314636143	0.0248923122341	0.147788319176
-է՛դ	0.203700783262	0.584713241865	0.0919939021184	0.119592072754
-waz	0.148409893993	0.0400471142521	0.481743227326	0.329799764429
-ēii	0.0	1.0	0.0	0.0
-ēin	0.707625859053	0.124255574045	0.0243637063131	0.143754860589
-՛լը	0.553875236295	0.113421550095	0.0491493383743	0.283553875236
-aln	0.180124223602	0.608695652174	0.105590062112	0.105590062112
-zkĕ	0.0888888888889	0.896296296296	0.0148148148148	0.0
-wag	0.111117224683	0.723651269636	0.110924647171	0.0543068585105
-րաս	0.0577475434619	0.168707482993	0.0362811791383	0.737263794407
-mēr	0.700980392157	0.229166666667	0.0625	0.00735294117646
-ցայ	0.572701344756	0.180404716409	0.121546786782	0.125347152053
-ցան	0.655558798125	0.12934920568	0.0921923674662	0.122899628729
-ցաղ	0.0840140023337	0.0793465577596	0.829638273046	0.00700116686114
-ցախ	0.19212962963	0.671296296296	0.108796296296	0.0277777777778
-ցած	0.477994333647	0.161541642841	0.195560434656	0.164903588857
-idz	0.223649285041	0.511773268259	0.244027742101	0.020549704598
-հրի	0.0999999999999	0.9	0.0	0.0
-rpt	0.367521367521	0.303418803419	0.0213675213675	0.307692307692
-ւկդ	0.172536211304	0.585345072423	0.0312411246805	0.210877591593
-oyg	0.301587301587	0.47619047619	0.222222222222	0.0
-ւկէ	0.06135986733	0.822553897181	0.0696517412936	0.0464344941957
-ւաք	0.375	0.0	0.0	0.625
-ւկը	0.0635919581847	0.844937000513	0.0348680543669	0.0566029869349
-ւար	0.0771567436209	0.646719319563	0.250911300121	0.025212636695
-ւկի	0.102456336976	0.766788082563	0.0224152423648	0.108340338097
-տիա	0.0	1.0	0.0	0.0
-ւկն	0.0182529335072	0.852020860495	0.0469361147327	0.0827900912646
-ռադ	0.624203821656	0.337579617834	0.0	0.0382165605096
-ղիա	0.012012012012	0.987987987988	0.0	0.0
-ոջն	0.10941586748	0.772667829119	0.0507846556234	0.0671316477768
-rtʾ	0.106885919836	0.565262076053	0.286742034943	0.0411099691676
-՛ւմ	0.314332247557	0.409880564604	0.0162866449512	0.259500542888
-ծէի	0.716071231059	0.151531910187	0.0477823249641	0.0846145337905
-mĕn	0.0363621671852	0.0522807159306	0.0263423700052	0.885014746879
-խմէ	0.492089249493	0.490872210953	0.00730223123731	0.00973630831644
-sʾē	0.448728514245	0.181039557335	0.0809689192371	0.289263009183
-ոջդ	0.340582683627	0.59786622897	0.049240869922	0.0123102174805
-ենէ	0.15883023438	0.64907031417	0.175001781007	0.0170976704424
-sʾĕ	0.0899692149821	0.811741063793	0.0659654523688	0.0323242688558
-ոջի	0.363636363636	0.636363636364	0.0	0.0
-ոջը	0.0438436741544	0.843926051244	0.00142968502677	0.110800589575
-mas	0.0703399765533	0.927315357562	0.0	0.00234466588511
-իսպ	0.0	1.0	0.0	0.0
-րթն	0.0	1.0	0.0	0.0
-դեղ	0.141176470588	0.482352941176	0.376470588235	0.0
-եխի	0.0547701609318	0.841291010936	0.0298746332355	0.0740641948964
-րթա	0.0488798370672	0.904276985743	0.0366598778004	0.010183299389
-եխն	0.0	1.0	0.0	0.0
-րթը	0.0	1.0	0.0	0.0
-ahi	0.759398637362	0.123669738546	0.058465812046	0.058465812046
-րթի	0.212680577849	0.751203852328	0.0	0.0361155698234
-՛լն	0.755102040816	0.214285714286	0.030612244898	0.0
-zin	0.307581210964	0.487784046743	0.132347875671	0.0722868666219
-ētʾ	0.0310924765629	0.88122673953	0.0587647807038	0.0289160032034
-այն	0.0640389731079	0.0524377381	0.0264338773449	0.857089411447
-այո	0.0	0.472972972973	0.0675675675675	0.459459459459
-այս	0.0301920224957	0.0241135571349	0.00547755243543	0.940216867934
-այռ	0.405217391304	0.56347826087	0.0313043478261	0.0
-այտ	0.364428086364	0.091132941085	0.344858868355	0.199580104196
-oyt	0.167785234899	0.719463087248	0.00805369127518	0.104697986577
-այդ	0.0397088886658	0.0164201506685	0.00475004872386	0.939120911942
-այէ	0.661711440615	0.235327068208	0.0517381493162	0.0512233418603
-ken	0.42860020141	0.517019133938	0.016918429003	0.0374622356495
-այթ	0.307317073171	0.648780487805	0.0	0.0439024390244
-այը	0.0197368421053	0.953947368421	0.0263157894737	0.0
-այի	0.0786063776525	0.843228688723	0.0424279723831	0.0357369612416
-այլ	0.0326745886832	0.0231197550546	0.044017836211	0.900187820051
-այծ	0.0	1.0	0.0	0.0
-lia	0.0192307692308	0.980769230769	0.0	0.0
-mps	0.46875	0.375	0.09375	0.0625
-hkʾ	0.0780303988723	0.821212340279	0.0516889266415	0.0490683342069
-iji	0.107838589981	0.892161410019	0.0	0.0
-ijt	0.0612765957447	0.916595744681	0.0	0.0221276595745
-վմէ	0.0	1.0	0.0	0.0
-oyĕ	0.160839160839	0.727272727273	0.111888111888	0.0
-oyē	0.66757493188	0.217983651226	0.0635785649409	0.0508628519528
-՛վս	0.161032738887	0.641469257386	0.0638807559223	0.133617247804
-ձէք	0.684800897364	0.231071228267	0.0370162647224	0.0471116096467
-հքը	0.0231764283148	0.916996047431	0.0404240028746	0.0194035213798
-ետի	0.0327599948103	0.592770559561	0.36084647749	0.0136229681389
-rbĕ	0.442804428044	0.376383763838	0.180811808118	0.0
-ետը	0.0351344728297	0.761042700484	0.190038595846	0.0137842308399
-ետէ	0.729217818309	0.148018239214	0.0122763942476	0.110487548229
-ետդ	0.4	0.0	0.0	0.6
-սմա	0.0	1.0	0.0	0.0
-ետա	0.149253731343	0.850746268657	0.0	0.0
-ետս	0.209846650525	0.538337368846	0.209846650525	0.0419693301049
-ket	0.193103448276	0.6	0.206896551724	0.0
-լէր	0.701499817095	0.164370198756	0.0207291793684	0.11340080478
-ետն	0.0758187528039	0.640945117392	0.229699416779	0.0535367130253
-ker	0.24276169265	0.636971046771	0.0712694877505	0.0489977728286
-լէն	0.504438619292	0.266581492169	0.0428442408088	0.18613564773
-տիտ	0.0	0.0	1.0	0.0
-կրի	0.0345159326959	0.922250800071	0.00600789272181	0.0372253745116
-sʾi	0.538453786237	0.305987991397	0.0608949963269	0.0946632260392
-sʾn	0.223963133641	0.322580645161	0.171428571429	0.28202764977
-ետր	0.00480769230769	0.987980769231	0.0	0.00721153846154
-sʾr	0.0599613152805	0.429400386847	0.31334622824	0.197292069632
-sʾs	0.0766319772943	0.701986754967	0.204351939451	0.0170293282876
-խրի	0.268714011516	0.347408829175	0.268714011516	0.115163147793
-sʾt	0.0608108108108	0.939189189189	0.0	0.0
-osn	0.016474791584	0.972409686383	0.000595474394601	0.010520047638
-լէի	0.382222222222	0.515555555556	0.0533333333333	0.0488888888889
-րջի	0.632418674119	0.213318985029	0.0683080476096	0.0859542932421
-րջը	0.128281938326	0.105726872247	0.0254919236417	0.740499265786
-mōt	0.0378504672898	0.0591900311526	0.0313084112149	0.871651090343
-րջդ	0.357142857143	0.642857142857	0.0	0.0
-լէ՛	0.615049073065	0.382769901854	0.0	0.00218102508179
-mōr	0.0169204737733	0.954878736605	0.0112803158488	0.0169204737733
-փիչ	0.0192307692308	0.519230769231	0.230769230769	0.230769230769
-owṛ	0.0820203892493	0.699258572753	0.202038924931	0.0166821130676
-րջս	0.139746835443	0.459240506329	0.0243037974684	0.37670886076
-sen	0.824133669306	0.0947288216942	0.00814734821214	0.0729901607872
-րջն	0.437718277066	0.338766006985	0.0	0.223515715949
-իփը	0.150684931507	0.821917808219	0.0	0.027397260274
-ջող	0.700055035773	0.118326912493	0.165107319758	0.0165107319758
-ʾaw	0.701443137289	0.111831794416	0.0619279320114	0.124797136283
-բթի	0.0	0.804761904762	0.0714285714286	0.123809523809
-kēs	0.0701754385965	0.877192982456	0.0526315789474	0.0
-այց	0.0421926048928	0.0161700230504	0.0017719797985	0.939865392258
-այր	0.05726491991	0.860197548131	0.021273573567	0.0612639583925
-այք	0.0552644116246	0.913768461172	0.0	0.0309671272034
-ikʾ	0.587025377597	0.179558205886	0.119749680463	0.113666736053
-rpē	0.389121338912	0.610878661088	0.0	0.0
-rpĕ	0.111111111111	0.209150326797	0.31045751634	0.369281045752
-kēr	0.60498960499	0.232848232848	0.0343035343035	0.127858627859
-աար	0.0	1.0	0.0	0.0
-ոթի	0.0	0.8	0.0	0.2
-ղօտ	0.106666666667	0.413333333333	0.24	0.24
-ēgi	0.0	1.0	0.0	0.0
-ղօն	0.666666666667	0.333333333333	0.0	0.0
-րմէ	0.095611988514	0.0548277099785	0.0423994974874	0.80716080402
-րմդ	0.0666666666666	0.906666666667	0.0266666666666	0.0
-էփը	0.0276804484933	0.931324456903	0.00210231254379	0.0388927820603
-էփի	0.0231458437033	0.955948232952	0.00746640119462	0.0134395221503
-րմի	0.260680379747	0.595727848101	0.0466772151899	0.096914556962
-րմը	0.0442852491045	0.920547053077	0.0169325952458	0.0182351025724
-րմն	0.0150905432595	0.763581488934	0.221327967807	0.0
-տռի	0.629751915912	0.158931330082	0.00979614091416	0.201520613092
-ջոյ	1.0	0.0	0.0	0.0
-եզն	0.225806451613	0.774193548387	0.0	0.0
-ոթա	0.0	0.993896236012	0.0	0.00610376398779
-էփն	0.0280701754386	0.943859649123	0.0	0.0280701754386
-տռէ	0.865343588916	0.112054153165	0.0	0.0226022579194
-ʾaz	0.0	1.0	0.0	0.0
-ʾay	0.646424303161	0.150635928076	0.0892967882819	0.113642980482
-տող	0.17880794702	0.495860927152	0.297185430464	0.0281456953643
-սաց	0.973491272545	0.0080368172653	0.000359142777496	0.0181127674117
-սար	0.702277289914	0.0458537066003	0.176369884103	0.0754991193822
-սաւ	0.922581819655	0.0142736839336	0.00117863502818	0.0619658613828
-ւիմ	0.678655286065	0.172886134654	0.0399157500897	0.108542829191
-սաք	0.787929589271	0.0913663034367	0.027940765577	0.0927633417155
-ʾat	0.0830634207501	0.130080451363	0.780587190471	0.0062689374151
-wmn	0.464566929134	0.372047244094	0.122047244095	0.0413385826772
-ʾak	0.0	0.836734693878	0.102040816327	0.0612244897959
-ʾan	0.572613592833	0.126291259476	0.0794994400749	0.221595707616
-ʾal	0.792134831461	0.0566905005107	0.0	0.151174668029
-ʾam	0.828753990422	0.103001845044	0.0204339532963	0.0478102112381
-adz	0.520359317372	0.277816156401	0.0860694929576	0.11575503327
-lan	0.762585709722	0.0526777314436	0.0266744846477	0.158062074186
-ռամ	0.394736842105	0.122807017544	0.464912280702	0.0175438596491
-ռայ	0.0936895563378	0.8696037145	0.0157314553552	0.0209752738069
-ռան	0.279824667002	0.647946068816	0.0395136562878	0.0327156078942
-sel	0.839736956304	0.0665954534833	0.00921320559469	0.0844543846179
-կցի	0.566160520607	0.329718004338	0.0260303687636	0.0780911062906
-թքի	0.489896722048	0.498652896273	0.0	0.0114503816794
-թքը	0.27238292011	0.548037190083	0.0711088154269	0.10847107438
-նդր	0.021897810219	0.748175182482	0.229927007299	0.0
-օ՞ք	0.5	0.0	0.0	0.5
-ռաս	0.0846153846154	0.796153846154	0.05	0.0692307692308
-թքդ	0.448979591837	0.510204081633	0.0408163265306	0.0
-ռատ	0.163494132986	0.440156453716	0.250325945241	0.146023468057
-ւղտ	0.0	0.909090909091	0.0909090909091	0.0
-՛ւդ	0.247606019152	0.567715458276	0.123119015048	0.061559507524
-sea	0.0357142857143	0.964285714286	0.0	0.0
-ռաջ	0.104634382478	0.125440695614	0.024733755914	0.745191165994
-պիր	0.18954248366	0.736928104575	0.0147058823529	0.0588235294117
-պից	0.207357859532	0.739130434783	0.0133779264214	0.0401337792642
-ո՞վ	0.0332271132823	0.053128629814	0.00984097531489	0.903803281589
-ւղէ	0.385542168675	0.493975903614	0.0	0.120481927711
-sez	0.0154643809752	0.0178769442863	0.00338657955465	0.963272095184
-ւղի	0.100030312216	0.856926341316	0.0339496817217	0.0090936647469
-ռած	0.299804402077	0.0829604982126	0.544946304248	0.0722887954615
-ռակ	0.123572548142	0.473522167488	0.102300716525	0.300604567846
-ses	0.807970017879	0.0825195984046	0.0144409297208	0.0950694539953
-ser	0.0741936592586	0.0274593830031	0.00599841722803	0.89234854051
-ո՞ղ	0.166023166023	0.0810810810811	0.196911196911	0.555984555985
-ձգէ	0.572139303483	0.373134328358	0.0199004975125	0.0348258706468
-իշկ	0.0	0.658501440922	0.237752161383	0.103746397695
-րպի	0.0	1.0	0.0	0.0
-ծաթ	0.0377453447408	0.852038248616	0.061902365375	0.0483140412682
-ծած	0.564070805594	0.301749496826	0.0737988336688	0.0603808639109
-ʾsi	0.379888268156	0.48938547486	0.130726256983	0.0
-ծալ	0.574776785714	0.0987723214286	0.284598214286	0.0418526785714
-ոմի	0.00173913043478	0.998260869565	0.0	0.0
-lor	0.0101887923284	0.0852262511237	0.0124662870842	0.892118669464
-ձգի	0.938775510204	0.0	0.0	0.0612244897959
-ծադ	0.06611165524	0.93388834476	0.0	0.0
-օղը	0.032786885246	0.967213114754	0.0	0.0
-ւդն	0.0909090909091	0.909090909091	0.0	0.0
-օղի	0.11214953271	0.401869158878	0.429906542056	0.0560747663551
-ծառ	0.0593500666283	0.89661601297	0.0319086379722	0.0121252824294
-ṛtē	0.629370629371	0.370629370629	0.0	0.0
-ծան	0.106435529928	0.866019043072	0.01322180496	0.01432362204
-ծամ	0.466019417476	0.0631067961165	0.364077669903	0.106796116505
-ծայ	0.348010748028	0.615584640721	0.00520065875011	0.0312039525007
-ւծէ	0.587131367292	0.131367292225	0.193029490617	0.0884718498658
-էկը	0.0122226762493	0.435275100353	0.00313679301974	0.549365430378
-էկի	0.140545115964	0.257745048248	0.0231081767395	0.578601659049
-man	0.0805568599051	0.122374004322	0.144866958148	0.652202177625
-ծաւ	0.672727272727	0.109090909091	0.0	0.218181818182
-ētĕ	0.210526315789	0.670175438597	0.0561403508771	0.0631578947369
-ծաց	0.547762998791	0.133010882709	0.232164449819	0.087061668682
-ւծի	0.0225465764804	0.903880384478	0.0308532099205	0.0427198291207
-nēr	0.71294530787	0.123589783089	0.022258516319	0.141206392721
-ւծը	0.03932296119	0.94272525218	0.0179517866302	0.0
-nēn	0.105808585272	0.714306725934	0.0610676785973	0.118817010196
-էկս	0.731481481481	0.148148148148	0.12037037037	0.0
-nēi	0.345280031025	0.511262644217	0.0574928093591	0.0859645153993
-ւծս	0.057317539167	0.931218953	0.0114635078334	0.0
-էկն	0.064406779661	0.234680573664	0.0045197740113	0.696392872664
-թող	0.559793068755	0.0284753216121	0.00651152611206	0.405220083521
-zom	0.149066288086	0.194059189691	0.0229332750901	0.633941247133
-պիճ	0.0	0.857142857143	0.122448979592	0.0204081632653
-zoh	0.256786750896	0.729212907632	0.00921973706676	0.00478060440499
-պին	0.100759488185	0.868687634752	0.0188517752088	0.0117011018537
-պիշ	0.20382585752	0.130606860158	0.0	0.665567282322
-stĕ	0.388841825003	0.370567590464	0.182349025778	0.058241558756
-wgh	0.0920854677188	0.825400341502	0.0698693986801	0.0126447920993
-յկը	0.0440324449594	0.855156431055	0.0973348783314	0.00347624565469
-թով	0.210839574881	0.564562966069	0.0980249247001	0.12657253435
-ո՞ր	0.327188940092	0.125192012289	0.170506912442	0.377112135177
-ո՞ւ	0.088633788504	0.0264675285665	0.00266778927774	0.882230893652
-ռաք	0.781527531084	0.11190053286	0.0781527531083	0.0284191829485
-ռար	0.498327759197	0.327759197324	0.0602006688963	0.113712374582
-zoy	0.00387782648265	0.971918732716	0.00849428658105	0.0157091542205
-ռաւ	0.811096539897	0.0226369413901	0.0626248360739	0.103641682639
-ւղք	0.0	1.0	0.0	0.0
-դիա	0.108	0.796	0.084	0.012
-zov	0.149943448053	0.745516238488	0.0282759735014	0.076264339958
-zow	0.143790849673	0.539869281046	0.281045751634	0.0352941176471
-պիլ	0.581395348837	0.321705426357	0.0581395348837	0.0387596899224
-օ՞ձ	0.0377930892637	0.951408885232	0.0	0.0107980255039
-iws	0.0591800356507	0.16577540107	0.597266785502	0.177777777778
-iwr	0.0202330805953	0.309140690817	0.0305812973884	0.640044931199
-երս	0.182469639681	0.524490055854	0.023665377963	0.269374926502
-raz	0.191150442478	0.407079646018	0.316814159292	0.0849557522124
-սալ	0.373831775701	0.457943925234	0.11214953271	0.0560747663552
-սակ	0.0712793362948	0.668451692732	0.123957889612	0.136311081361
-սած	0.767237011119	0.0758772777653	0.0293731777592	0.127512533357
-wgi	0.0609218867519	0.848823466208	0.0322338025142	0.0580208445256
-եքի	0.0832957721085	0.397998737943	0.136302172541	0.382403317407
-եքը	0.045759609518	0.364246491763	0.124466137889	0.46552776083
-ers	0.137176485313	0.594596434633	0.030588449572	0.237638630482
-rar	0.139707999178	0.163355953115	0.19403660292	0.502899444787
-ras	0.0714831220406	0.174125553689	0.0375744615854	0.716816862685
-wgn	0.012987012987	0.867965367965	0.0454545454546	0.073593073593
-ran	0.221861164141	0.689101913157	0.0241277062432	0.0649092164588
-eri	0.381448081886	0.341635978775	0.0927885870038	0.184127352336
-ral	0.603053435114	0.259541984733	0.137404580153	0.0
-erk	0.192170818505	0.807829181495	0.0	0.0
-սաս	0.608695652174	0.29347826087	0.0652173913043	0.0326086956522
-erm	0.204393542587	0.773443302193	0.0147754368135	0.00738771840677
-rah	0.0344827586207	0.931034482759	0.0344827586207	0.0
-իքս	0.0233491426487	0.967894928858	0.00437796424663	0.00437796424663
-era	0.0978260869566	0.869565217391	0.0326086956522	0.0
-erb	0.457627118644	0.389830508475	0.0508474576271	0.101694915254
-սայ	0.718678683325	0.0534173983677	0.00208873244884	0.225815185858
-iwn	0.187583002507	0.682584888133	0.069262925398	0.060569183962
-սան	0.695232429029	0.16020117676	0.00923559057624	0.135330803635
-էսն	0.0354455445545	0.885346534653	0.0192079207921	0.06
-ēnĕ	0.156790976353	0.297158418747	0.0393317207525	0.506718884148
-nni	0.111111111111	0.222222222222	0.111111111111	0.555555555556
-յգի	0.373240068155	0.626759931845	0.0	0.0
-azm	0.220588235294	0.779411764706	0.0	0.0
-սա՛	0.186424309128	0.0480579907582	0.00564845047446	0.759869249639
-յգը	0.268235294118	0.56	0.0964705882353	0.075294117647
-էսէ	0.0655737704918	0.852459016393	0.0131147540984	0.0688524590164
-azi	0.0225390984361	0.977460901564	0.0	0.0
-սա՞	0.443708609271	0.0529801324503	0.0132450331126	0.490066225166
-էսի	0.0237284839055	0.949479723816	0.0222697656326	0.00452202664592
-ver	0.273596690829	0.111518749272	0.0572612109814	0.557623348917
-էսը	0.0366153955962	0.91327932622	0.0152028835516	0.0349023946326
-aza	0.0	0.890909090909	0.0363636363636	0.0727272727273
-երգ	0.19014084507	0.80985915493	0.0	0.0
-noy	0.0140845070423	0.985915492958	0.0	0.0
-aha	0.454772826109	0.230593055709	0.00635769609204	0.30827642209
-նձէ	0.438349141246	0.497308382466	0.0428095360164	0.0215329402717
-նձդ	0.269441069259	0.396415552855	0.0364520048602	0.297691373025
-նձի	0.172939979654	0.64918317276	0.0555023637125	0.122374483873
-նձը	0.0711750245345	0.722157479984	0.0416431961728	0.165024299309
-nos	0.0616570327553	0.853564547206	0.0635838150289	0.0211946050096
-ims	0.0946175441028	0.397520766183	0.300026571472	0.207835118243
-nov	0.174010954796	0.471668763582	0.036651543457	0.317668738165
-ղէ՛	0.333333333333	0.266666666667	0.222222222222	0.177777777778
-rak	0.183200829589	0.601912662749	0.161308906556	0.0535776011061
-դիդ	0.075495049505	0.80198019802	0.0129950495049	0.10952970297
-խեց	0.660095245468	0.278089815157	0.01766141125	0.0441535281249
-խեր	0.37441314554	0.465962441315	0.0774647887324	0.0821596244131
-իռը	0.266877637131	0.582805907173	0.0474683544304	0.102848101266
-esē	0.578163771712	0.223325062035	0.0347394540943	0.163771712159
-nna	0.0198873052701	0.948293006298	0.0159098442161	0.0159098442161
-նձս	0.122314049587	0.714049586777	0.0363636363636	0.127272727273
-եռի	0.101694915254	0.762711864407	0.0677966101695	0.0677966101695
-եռը	0.054892601432	0.881498391616	0.0218947805334	0.041714226419
-ժից	0.571428571429	0.0	0.428571428571	0.0
-նդէ	0.768539325843	0.170786516854	0.0269662921348	0.0337078651685
-wṛĕ	0.0697750852321	0.899011552329	0.0270927865394	0.00412057589954
-եռա	0.266666666667	0.466666666667	0.133333333333	0.133333333333
-ադի	0.015479876161	0.976780185759	0.00773993808051	0.0
-ադը	0.0	1.0	0.0	0.0
-ēli	0.00389117011581	0.986258025538	0.00399356932938	0.00585723501642
-ադն	0.0	1.0	0.0	0.0
-եռս	0.0	0.493545183714	0.476663356504	0.0297914597815
-ղաք	0.150431430433	0.756451828182	0.0117769909003	0.0813397504848
-ղաւ	0.750455835853	0.0250421215408	0.00675098668267	0.217751055924
-ղար	0.262135362989	0.302988791233	0.277594627985	0.157281217793
-ղաց	0.62800516008	0.258238536414	0.0562917790547	0.0574645244517
-tog	0.130434782609	0.869565217391	0.0	0.0
-vor	0.120689655172	0.0775862068966	0.724137931034	0.0775862068965
-ճել	0.660852063066	0.0956055015096	0.209996645421	0.0335457900033
-vov	0.114285714286	0.868571428571	0.0171428571428	0.0
-vow	0.0179640718563	0.946107784431	0.0239520958084	0.0119760479042
-ton	0.0205792682927	0.958079268293	0.0	0.0213414634146
-tom	0.051724137931	0.887931034483	0.0431034482758	0.0172413793103
-նգ՚	0.0	0.428571428571	0.0	0.571428571429
-tov	0.120147137712	0.42951950341	0.0204153574987	0.429918001379
-tow	0.0337480087791	0.851844722989	0.0340232315729	0.080384036659
-tot	0.0939759036144	0.0361445783132	0.812048192771	0.0578313253012
-tor	0.169404672193	0.414770158252	0.0373775433308	0.378447626225
-tos	0.0082343412527	0.973056155508	0.0108531317495	0.00785637149028
-ջէի	0.252	0.732727272727	0.0	0.0152727272727
-ahs	0.0	1.0	0.0	0.0
-շխի	0.833333333333	0.0	0.166666666667	0.0
-ճեն	0.796015057113	0.129023883697	0.0214174454828	0.0535436137072
-ճեմ	0.609756097561	0.268292682927	0.0487804878049	0.0731707317073
-իծէ	0.516703786192	0.308092056422	0.0356347438753	0.139569413511
-toy	0.0578978045463	0.0340975325432	0.0113658441811	0.896638818729
-rot	0.0367892976588	0.722408026756	0.177257525084	0.0635451505017
-նգն	0.502092050209	0.456066945607	0.0	0.0418410041841
-row	0.0967539994671	0.602213252153	0.111574580761	0.189458167618
-yki	0.084985835694	0.915014164306	0.0	0.0
-վատ	0.0515837104072	0.0380090497738	0.881900452489	0.0285067873303
-վառ	0.23987595768	0.500182415177	0.248996716527	0.0109449106166
-ros	0.00594516182731	0.975838862334	0.00214025825783	0.016075717581
-վաղ	0.0616822429906	0.319626168224	0.0504672897196	0.568224299065
-ոդը	0.0	1.0	0.0	0.0
-roy	0.0831995329149	0.822945555393	0.0526930375128	0.041161874179
-վամ	0.0519480519481	0.766233766234	0.0	0.181818181818
-inĕ	0.0273187429839	0.781144308111	0.114072378976	0.0774645699287
-զդա	0.046511627907	0.93023255814	0.0	0.0232558139535
-ēki	0.148936170213	0.829787234043	0.0212765957447	0.0
-՛ղք	0.58407079646	0.256637168142	0.159292035398	0.0
-նգէ	0.785046728972	0.194926568758	0.00801068090788	0.0120160213618
-ված	0.813815789474	0.106578947368	0.0697368421053	0.00986842105262
-վակ	0.15652173913	0.826086956522	0.0173913043478	0.0
-վախ	0.271368798565	0.484757919904	0.188284518828	0.0555887627017
-վաբ	0.0	1.0	0.0	0.0
-rom	0.0192307692308	0.865384615385	0.0769230769231	0.0384615384615
-ron	0.0148148148148	0.977777777778	0.0	0.0074074074074
-ier	0.0	1.0	0.0	0.0
-նգը	0.0841975562172	0.498100420988	0.0316254235548	0.38607659924
-hēt	0.355060034305	0.610634648371	0.0343053173242	0.0
-նգի	0.320653535809	0.476429609583	0.0892497368817	0.113667117727
-ւռն	0.45253164557	0.136075949367	0.113924050633	0.29746835443
-azĕ	0.080684596577	0.870415647922	0.0488997555012	0.0
-vsi	0.02	0.98	0.0	0.0
-itē	0.911994322214	0.0432931156849	0.00709723207949	0.0376153300213
-օտը	0.292917166867	0.519807923169	0.079231692677	0.108043217287
-ozē	0.834155972359	0.0769990128331	0.0118460019743	0.0769990128331
-ozĕ	0.471698113208	0.42641509434	0.0679245283019	0.033962264151
-՛ղծ	0.529411764706	0.078431372549	0.294117647059	0.0980392156863
-վար	0.0733961580283	0.122326930047	0.0293584632113	0.774918448713
-՛ղը	0.846004465116	0.0481262892493	0.0142424994127	0.0916267462218
-iwē	0.0685714285714	0.765714285714	0.131428571429	0.0342857142857
-ղքն	0.375854214123	0.289293849658	0.0683371298406	0.266514806378
-ցէք	0.416599104134	0.329165162602	0.113261943071	0.140973790192
-ղքս	0.0	1.0	0.0	0.0
-erē	0.474120403476	0.411236295693	0.0725843567969	0.0420589440338
-erĕ	0.105501477978	0.75371581126	0.0754097179587	0.0653729928036
-ճեց	0.747110991669	0.131953775867	0.104810534802	0.0161246976619
-ճեր	0.255639097744	0.684210526316	0.0601503759398	0.0
-ւնէ	0.20834845735	0.335390199637	0.0892921960072	0.366969147005
-wgē	0.107033639144	0.804281345566	0.0550458715596	0.0336391437308
-ըսէ	0.882331046951	0.0539209288612	0.00411838918778	0.0596296350005
-wgĕ	0.0426649605172	0.918441567188	0.0134359267927	0.025457545502
-ռկի	0.75	0.166666666667	0.0	0.0833333333333
-քիլ	0.485714285714	0.457142857143	0.0285714285714	0.0285714285714
-ջէք	0.620909170843	0.326281544008	0.0336059087312	0.0192033764178
-իիս	0.315584415584	0.616883116883	0.0285714285714	0.038961038961
-ղքը	0.0315186246418	0.888968481375	0.0508595988539	0.0286532951289
-ղքի	0.0663953192572	0.851182905113	0.0488425337064	0.0335792419232
-ծից	0.438271604938	0.432098765432	0.0925925925926	0.0370370370371
-ղաս	0.147465437788	0.811059907834	0.0172811059908	0.0241935483871
-ղան	0.42543331846	0.432980904863	0.016460318272	0.125125458405
-րձդ	0.0	0.954455087656	0.0303632748961	0.015181637448
-ղամ	0.748031496063	0.118110236221	0.0866141732283	0.0472440944882
-ղայ	0.553528708134	0.130980861244	0.0385765550239	0.276913875598
-ղաղ	0.137931034483	0.508620689655	0.301724137931	0.051724137931
-եռք	0.18761544551	0.789691265723	0.0021110036063	0.0205822851614
-՞յդ	0.36496350365	0.43795620438	0.0656934306569	0.131386861314
-ղած	0.367312371773	0.0779617348156	0.0214704900043	0.533255403407
-ղակ	0.584055459272	0.261698440208	0.00866551126516	0.145580589255
-ղալ	1.0	0.0	0.0	0.0
-ղախ	0.0	1.0	0.0	0.0
-աղդ	0.0571428571429	0.942857142857	0.0	0.0
-ngi	0.164932362123	0.777315296566	0.0515088449532	0.00624349635796
-խեմ	0.66985465773	0.33014534227	0.0	0.0
-շտի	0.17536262566	0.76437190862	0.0543377149933	0.00592775072653
-խեն	0.588623666836	0.301675977654	0.0182833925851	0.0914169629253
-խես	0.4	0.2	0.4	0.0
-՛րք	0.333333333333	0.666666666667	0.0	0.0
-ապն	0.0662251655629	0.900662251656	0.0132450331126	0.0198675496689
-օդի	0.227027027027	0.6	0.151351351351	0.0216216216216
-ւնս	0.122483058267	0.772137738724	0.0710093706429	0.034369832366
-շտէ	0.813333333333	0.133333333333	0.0266666666666	0.0266666666666
-ētn	0.573770491803	0.262295081967	0.131147540984	0.0327868852459
-gov	0.12101709028	0.721721962855	0.0353483646799	0.121912582185
-ēti	0.561983471074	0.396694214876	0.0165289256198	0.0247933884298
-ապի	0.484152282432	0.45901244963	0.0568352679377	0.0
-խել	0.606392694064	0.29497716895	0.0657534246575	0.0328767123287
-rsē	0.196721311475	0.704918032787	0.0163934426229	0.0819672131147
-ապէ	0.762553133007	0.200339658574	0.0371072084188	0.0
-iēs	0.78932531479	0.1514752866	0.0197331328698	0.0394662657395
-ապա	0.0654521206024	0.0220566143903	0.00749570527299	0.904995559734
-շտն	0.123711340206	0.0	0.865979381443	0.0103092783505
-թիզ	0.333333333333	0.666666666667	0.0	0.0
-lel	0.751849743882	0.175298804781	0.0455321570859	0.0273192942516
-lem	0.481409001957	0.272015655577	0.0821917808219	0.164383561644
-len	0.718982219974	0.128765773126	0.0308653983322	0.121386608567
-՜ռք	0.0825014679977	0.81708749266	0.0325895478567	0.0678214914856
-իղծ	0.0553619436423	0.057353380464	0.835905605895	0.051379069999
-lea	0.00224719101124	0.997752808989	0.0	0.0
-օդը	0.200364298725	0.772313296903	0.0273224043716	0.0
-քող	0.545454545455	0.454545454545	0.0	0.0
-իղը	0.11797752809	0.848314606742	0.0	0.0337078651686
-թին	0.197519736433	0.732952073102	0.0447566357929	0.0247715546714
-wgt	0.196699572712	0.58376307647	0.0191542655076	0.20038308531
-իղճ	0.0	0.625	0.0	0.375
-ցիի	0.231325301205	0.667469879518	0.0433734939759	0.0578313253012
-ler	0.425760286225	0.441608506135	0.0465620197032	0.0860691879362
-les	0.746762713318	0.101963810994	0.0432209930538	0.108052482634
-թիչ	0.169117647059	0.742647058824	0.0441176470588	0.0441176470588
-էակ	0.222222222222	0.703703703704	0.0	0.0740740740741
-ʾea	0.111111111111	0.8	0.0888888888889	0.0
-ճիր	0.41567695962	0.146476642914	0.324228028504	0.113618368963
-ջիս	0.31797235023	0.626728110599	0.0	0.0552995391705
-ճիք	0.680203045685	0.289340101523	0.0304568527919	0.0
-ʾri	0.846153846154	0.134615384615	0.0192307692308	0.0
-wzē	0.631073113207	0.197744693396	0.0123820754717	0.158800117925
-վսի	0.0192307692308	0.980769230769	0.0	0.0
-ջին	0.0439117306335	0.0861253176679	0.710027047332	0.159935904366
-շից	0.540983606557	0.426229508197	0.0	0.0327868852459
-շիր	0.797953964194	0.166240409207	0.0358056265985	0.0
-ջեց	0.49918699187	0.292682926829	0.120325203252	0.0878048780488
-ջեր	0.484372885942	0.38912190502	0.0284129346503	0.0980922743878
-իլք	0.00707964601769	0.98407079646	0.0070796460177	0.00176991150443
-թի՛	0.0184362139918	0.969053497942	0.00263374485596	0.00987654320988
-lon	0.0497237569061	0.911602209945	0.0331491712707	0.00552486187845
-յղի	0.109723461195	0.227475468332	0.577163247101	0.0856378233719
-rnē	0.716108452951	0.245614035088	0.0	0.0382775119617
-neṛ	0.154639175258	0.783505154639	0.0618556701031	0.0
-նկն	0.0547445255474	0.908759124088	0.036496350365	0.0
-nkĕ	0.0560505892498	0.552074350867	0.00862316757689	0.383251892306
-էլը	0.0401461054987	0.935502978051	0.00987199315543	0.0144789232946
-չիս	0.515463917526	0.484536082474	0.0	0.0
-էլի	0.00590336717473	0.982893963954	0.00205931413072	0.00914335474039
-ա՞ճ	0.253731343284	0.179104477612	0.507462686567	0.0597014925373
-տի՞	0.160714285714	0.741071428571	0.0	0.0982142857143
-ֆան	0.0	0.959666577037	0.0403334229632	0.0
-էլն	0.0133928571429	0.910714285714	0.0	0.0758928571429
-նկէ	0.0956801611456	0.126962319094	0.00574737810084	0.771610141659
-նկը	0.0275064555967	0.7642303806	0.192545189177	0.0157179746267
-նկի	0.251604847965	0.698515594456	0.0392856692437	0.0105938883354
-ոչը	0.0868935553947	0.663287472846	0.0506879073134	0.199131064446
-տիլ	0.498293515358	0.387372013652	0.0580204778156	0.056313993174
-տիկ	0.47318682578	0.137472983834	0.181211123522	0.208129066863
-թել	0.560240963855	0.30421686747	0.0512048192771	0.0843373493976
-տիժ	0.151515151515	0.666666666667	0.181818181818	0.0
-sew	0.0	0.0	1.0	0.0
-տիդ	0.181109989909	0.63156407669	0.0474672048436	0.139858728557
-pen	0.427952329361	0.252437703142	0.303358613218	0.0162513542795
-չի՛	0.573770491803	0.163934426229	0.0	0.262295081967
-ոչէ	0.689002107285	0.142948598255	0.0112032862973	0.156846008162
-տիս	0.386870618228	0.51051625239	0.0267686424474	0.0758444869344
-ogh	0.424335790829	0.168063473097	0.0811765429206	0.326424193154
-tnē	0.811422731784	0.0585872431012	0.00891542119585	0.121074603919
-թես	0.652635780221	0.303923310368	0.00919925140483	0.0342416580069
-krē	0.705970034005	0.0606841284253	0.00474601703533	0.228599820535
-ērs	0.10573452747	0.857773024997	0.011228445395	0.0252640021387
-oga	0.411411411411	0.408408408408	0.162162162162	0.018018018018
-տիմ	0.514235909355	0.31435212086	0.0958744915747	0.0755374782103
-տին	0.101766393722	0.693633501436	0.117486122802	0.0871139820403
-թեմ	0.826480263158	0.151315789474	0.00493421052631	0.0172697368421
-թեն	0.779608650875	0.121524201854	0.0525231719876	0.0463439752832
-ṛir	0.508196721311	0.229508196721	0.0983606557377	0.163934426229
-իրգ	0.5	0.5	0.0	0.0
-ṛiw	0.281468531468	0.618881118881	0.0576923076923	0.041958041958
-whi	0.0648648648649	0.918918918919	0.0162162162162	0.0
-ṛit	0.096654275093	0.769516728625	0.133828996283	0.0
-թեց	0.816155258327	0.147390506163	0.0152111198531	0.021243115657
-թեր	0.0728450020234	0.796033994334	0.131121003642	0.0
-թեւ	0.13220338983	0.541525423729	0.275423728814	0.0508474576271
-տից	0.137856412021	0.608931465669	0.0304234840322	0.222788638277
-տիր	0.394792091782	0.245996608406	0.24133058902	0.117880710791
-տիւ	0.166049369501	0.603759446788	0.0737331135327	0.156458070179
-ʾnē	0.721010218539	0.14999987656	0.0643889861357	0.0646009187651
-esi	0.236983842011	0.736086175943	0.0107719928187	0.016157989228
-ēkĕ	0.10888252149	0.882521489971	0.0	0.00859598853868
-iti	0.166346655385	0.00668806165552	0.00123181677262	0.825733466187
-իրէ	0.898763978811	0.0623896409653	0.0135373749264	0.0253090052972
-ṛin	0.595291467948	0.293755493817	0.0583183007205	0.0526347375147
-ita	0.0	1.0	0.0	0.0
-տկէ	0.410054512417	0.123561477892	0.0236220472441	0.442761962447
-իւի	0.176712328767	0.638356164384	0.147945205479	0.0369863013698
-yis	0.101892285298	0.525473071325	0.250363901019	0.122270742358
-nnē	0.660588235294	0.245882352941	0.0282352941177	0.065294117647
-ria	0.001953125	0.99609375	0.0	0.001953125
-fan	0.0	0.959666577037	0.0403334229632	0.0
-չիք	0.558558558559	0.324324324324	0.081081081081	0.036036036036
-չից	0.0810514786419	0.741511500548	0.0328587075575	0.144578313253
-չիր	0.467774534022	0.394116326072	0.00673703121491	0.131372108691
-եղճ	0.0281954887218	0.0225563909774	0.949248120301	0.0
-բակ	0.107142857143	0.357142857143	0.107142857143	0.428571428572
-ջեն	0.560347436596	0.204497306458	0.0985109860177	0.136644270928
-շիշ	0.00942408376963	0.868062827225	0.122513089005	0.0
-շին	0.104611563113	0.317965557025	0.043862722329	0.533560157532
-sōr	0.0438581750966	0.876155268022	0.0347840699042	0.045202486977
-ւաւ	0.83207977208	0.0123076923077	0.0017094017094	0.153903133903
-ջես	0.365714285714	0.634285714286	0.0	0.0
-ազմ	0.146853146853	0.632867132867	0.199300699301	0.020979020979
-ազը	0.0465444287729	0.925246826516	0.0282087447108	0.0
-շիէ	0.0	1.0	0.0	0.0
-ազի	0.0129755706848	0.977412895475	0.0	0.00961153384059
-իլը	0.524483081578	0.296766808354	0.0896552276202	0.0890948824476
-ճին	0.28606693058	0.668855856116	0.0277398235714	0.0173373897321
-ջից	0.0907582586301	0.332994898717	0.0111435788222	0.565103263831
-ջիր	0.809119830329	0.165429480382	0.0	0.0254506892895
-շիկ	0.245454545454	0.604545454546	0.0954545454546	0.0545454545455
-ազգ	0.0386904761905	0.934523809524	0.0178571428572	0.00892857142857
-շիթ	0.403940886699	0.566502463054	0.0295566502463	0.0
-ճիռ	0.341610449261	0.523467776661	0.0918616334147	0.0430601406631
-ազէ	0.403846153846	0.50641025641	0.00641025641027	0.0833333333333
-թիք	0.433333333333	0.3	0.233333333333	0.0333333333333
-թիւ	0.0590375188828	0.124240836082	0.76893670808	0.0477849369548
-թից	0.0729969633263	0.671221677178	0.00350385423966	0.252277505256
-թիր	0.176470588235	0.573529411765	0.205882352941	0.0441176470588
-օնը	0.0386521308226	0.869672943508	0.00148662041625	0.0901883052527
-զող	0.753488372093	0.190697674419	0.0558139534884	0.0
-rit	0.04466143749	0.102929406115	0.834160396991	0.0182487594045
-շի՛	0.449781659389	0.135371179039	0.0131004366812	0.401746724891
-los	0.0	0.976653696498	0.0233463035019	0.0
-aew	0.035190137578	0.0277364785162	0.0111112166683	0.925962167237
-սէ՛	0.789322617681	0.111079219288	0.00631458094145	0.0932835820896
-lsē	0.922518461697	0.0625120695392	0.00059877875056	0.0143706900134
-զով	0.124322069253	0.740091781394	0.0504797663746	0.0851063829787
-լել	0.766939936423	0.134682951313	0.0321231386983	0.0662539735653
-tni	0.252204223908	0.279680131228	0.269838015173	0.19827762969
-լեա	0.00224719101124	0.997752808989	0.0	0.0
-tea	0.0	1.0	0.0	0.0
-գեղ	0.0	0.232804232804	0.767195767196	0.0
-հմէ	0.0867279894875	0.860709592641	0.0131406044678	0.0394218134034
-բի՛	0.00659449359785	0.943397263285	0.0	0.050008243117
-լեռ	0.03	0.888421052632	0.0	0.0815789473684
-լես	0.73300850607	0.130564043274	0.03237261541	0.104054835246
-եղն	0.147190008921	0.728813559322	0.0338983050847	0.0900981266726
-ews	0.156432050425	0.0862912382347	0.0566007703817	0.700675940959
-հմի	0.0213178294573	0.862403100775	0.0697674418605	0.046511627907
-lin	0.301648170744	0.483198729495	0.170685414367	0.044467685395
-հմը	0.135593220339	0.796610169492	0.0508474576271	0.0169491525424
-իցի	0.287323943662	0.304225352113	0.0676056338028	0.340845070423
-օշն	0.25	0.375	0.375	0.0
-իցը	0.105706175981	0.668200058726	0.202603503964	0.0234902613292
-izp	0.621978021978	0.345054945055	0.0	0.032967032967
-բիծ	0.0773679475646	0.6103328621	0.289165916977	0.0231332733582
-eay	0.0628415300546	0.742258652095	0.181466302368	0.0134335154827
-բիա	0.03	0.955	0.0	0.015
-րչի	0.878571428571	0.0581632653061	0.0142857142857	0.0489795918367
-իցէ	0.242574257426	0.155940594059	0.00742574257426	0.594059405941
-դմա	0.0	1.0	0.0	0.0
-իցդ	0.285714285714	0.444444444444	0.0	0.269841269841
-բիչ	0.0416666666667	0.770833333333	0.1875	0.0
-նէ՛	0.651494002185	0.234300951024	0.020605391697	0.0935996550942
-onn	0.468181818182	0.372727272727	0.0772727272728	0.0818181818182
-իցս	0.181071211199	0.627206329884	0.164333536214	0.0273889227024
-eal	0.161642202189	0.183762358747	0.192230619331	0.462364819732
-բին	0.0240859683794	0.937932312253	0.0379817193676	0.0
-ean	0.126804814726	0.714403561696	0.0843650237294	0.0744265998485
-՛շկ	0.0132978723404	0.98670212766	0.0	0.0
-tsʾ	0.328978762196	0.0978191613361	0.0225542754645	0.550647801004
-՛շը	0.0594965675057	0.446224256293	0.0274599542334	0.466819221968
-ւպի	0.5	0.5	0.0	0.0
-՛շդ	0.190023752969	0.239904988124	0.0285035629454	0.541567695962
-՞րը	0.284574143303	0.141534667701	0.0386050194403	0.535286169555
-՛շտ	0.365800865801	0.34632034632	0.119047619048	0.168831168831
-wzi	0.0294117647059	0.955882352941	0.0	0.0147058823529
-չեց	0.852140194782	0.0667608512685	0.0110015630636	0.0700973908861
-չեր	0.322346422088	0.486920798701	0.0797172064584	0.111015572752
-ʾrĕ	0.0	0.275862068965	0.6	0.124137931034
-չեւ	0.0397836272791	0.0319310027338	0.019627763016	0.908657606971
-ʾrē	0.727272727273	0.0707070707071	0.195286195286	0.006734006734
-ara	0.0	1.0	0.0	0.0
-mēg	0.0328913569978	0.0730851089855	0.0201672089439	0.873856325073
-zni	0.698351115422	0.103782735208	0.0174587778855	0.180407371484
-ṛay	0.109745641612	0.850814518434	0.0197199199771	0.0197199199771
-mēi	0.35552193646	0.432677760968	0.121028744327	0.0907715582451
-mēn	0.0532601751233	0.304493169718	0.00680105055471	0.635445604604
-վրի	0.0	1.0	0.0	0.0
-mēs	0.166927068484	0.781342304841	0.033050122598	0.0186805040771
-խմի	0.596112311015	0.393088552916	0.00863930885529	0.00215982721382
-hdz	0.0690052959991	0.0515180116407	0.836217293273	0.0432593990876
-՞վը	0.0	0.920792079208	0.029702970297	0.049504950495
-mēt	0.318147759628	0.456316499326	0.041960137869	0.183575603177
-ytĕ	0.0816326530612	0.857142857143	0.0612244897959	0.0
-ytē	0.203493449782	0.634061135371	0.0890829694324	0.0733624454148
-ոջս	0.10790144435	0.806287170773	0.0050977060323	0.0807136788445
-կիի	0.0550458715596	0.885321100917	0.0596330275229	0.0
-նէ՞	0.541928628354	0.252634375277	0.0531302576817	0.152306738688
-՛կս	0.105549510337	0.713819368879	0.0130576713819	0.167573449401
-ynĕ	0.095002188707	0.691612066192	0.162438975509	0.0509467695915
-kʾi	0.118671303118	0.759105505946	0.04363024383	0.0785929471053
-arj	0.148514851485	0.079207920792	0.722772277228	0.049504950495
-էպի	0.0462150965729	0.0280841448324	0.010975412923	0.914725345672
-չես	0.291208322674	0.0553423723032	0.0250703504733	0.628378954549
-ւգը	0.0	1.0	0.0	0.0
-ւգի	0.119383825417	0.86136071887	0.0192554557125	0.0
-չեմ	0.362616651498	0.0277951723808	0.00251353222695	0.607074643895
-չեն	0.358007569746	0.0357157190495	0.0134974848369	0.592779226368
