-ɨme	0.0605998588887	0.895090840427	0.0167569718953	0.0275523287894
-ɨma	0.070813447064	0.055641687837	0.161712543611	0.711832321488
-ɨmb	0.282352941176	0.642016806723	0.0302521008403	0.0453781512605
-uke	0.752097315436	0.163310961969	0.0599832214765	0.0246085011185
-hep	0.0486008836524	0.907216494845	0.0441826215022	0.0
-hem	0.0070671378092	0.978798586572	0.0141342756184	0.0
-iap	0.641711229947	0.256684491979	0.0695187165775	0.0320855614973
-fit	0.0	0.878048780488	0.0	0.121951219512
-aan	0.260697685303	0.59966444282	0.123004028846	0.0166338430298
-ion	0.154500464427	0.768981037629	0.0125440160563	0.0639744818874
-ɨbɨ	0.204755614267	0.47820343461	0.237780713342	0.0792602377807
-aus	0.16038649873	0.727434601587	0.095682002671	0.0164968970122
-nst	0.0	0.511520737327	0.488479262673	0.0
-dap	0.0	0.959183673469	0.0	0.0408163265306
-adɨ	0.376678889185	0.413575188971	0.102713535585	0.107032386259
-aua	0.0879368658399	0.803833145434	0.0879368658399	0.0202931228861
-nsn	0.467741935484	0.380184331797	0.0276497695852	0.124423963134
-nso	0.573964497041	0.355029585799	0.0	0.0710059171598
-pli	0.351648351648	0.461538461539	0.0879120879121	0.0989010989011
-aul	0.0973451327433	0.823008849558	0.0796460176991	0.0
-pla	0.152542372881	0.613559322034	0.0	0.233898305085
-mbe	0.019313304721	0.980686695279	0.0	0.0
-put	0.206840974212	0.503044412607	0.0780802292264	0.212034383954
-two	0.241758241758	0.659340659341	0.0	0.0989010989011
-yen	0.0540540540541	0.513513513514	0.0	0.432432432432
-kia	0.127572016461	0.620576131687	0.217283950617	0.0345679012346
-ɨja	0.376101860921	0.56513222331	0.0470127326151	0.0117531831538
-apa	0.191298981796	0.682582536254	0.0528386300524	0.0732798518976
-uat	0.273236874392	0.316812624276	0.0522485933071	0.357701908025
-puk	0.294642857143	0.392857142857	0.294642857143	0.0178571428571
-ɨcn	0.242718446602	0.543689320388	0.116504854369	0.0970873786408
-lai	0.243327926865	0.526503981126	0.0762496313772	0.153918460631
-nal	0.426229508197	0.229508196721	0.245901639344	0.0983606557377
-iva	0.142517814727	0.857482185273	0.0	0.0
-gɨt	0.123350152323	0.351102081986	0.0138356305696	0.511712135122
-edɨ	0.406382978724	0.357446808511	0.102127659574	0.134042553191
-gɨp	0.0416666666666	0.479166666667	0.479166666667	0.0
-dɨɨ	0.251410153102	0.748589846898	0.0	0.0
-fda	0.284810126582	0.525316455696	0.189873417722	0.0
-gɨn	0.244370039794	0.566093561859	0.129877396454	0.0596590018934
-opo	0.144	0.856	0.0	0.0
-sma	0.426052889324	0.364348677767	0.180215475024	0.0293829578844
-gɨk	0.236008464676	0.315485335171	0.0687487429229	0.379757457231
-opa	0.173076923077	0.713942307692	0.0552884615385	0.0576923076923
-naa	0.379310344828	0.354406130268	0.151340996169	0.114942528736
-ded	0.111111111111	0.453703703704	0.0	0.435185185185
-ɨti	0.22	0.373333333333	0.2	0.206666666667
-ɨtg	0.321656050955	0.541401273885	0.0987261146497	0.0382165605096
-dek	0.154684095861	0.786734446865	0.0440571290245	0.0145243282498
-mso	0.182795698925	0.688172043011	0.0	0.129032258064
-ɨta	0.0481283578361	0.147043096538	0.0394274658757	0.76540107975
-400	0.330769230769	0.267692307692	0.0323076923077	0.369230769231
-ima	0.465176841885	0.261420123218	0.0477766638439	0.225626371053
-imb	0.273825503356	0.495302013423	0.193288590604	0.0375838926174
-ime	0.099353414288	0.802081690585	0.0417915155338	0.0567733795931
-kim	0.0	1.0	0.0	0.0
-ɨty	0.168818272095	0.101290963257	0.595829195631	0.134061569017
-lga	0.476923076923	0.338461538461	0.153846153846	0.0307692307692
-oke	0.169652265543	0.417808219178	0.328240252898	0.0842992623815
-dey	0.253012048193	0.0722891566265	0.0722891566265	0.602409638554
-sit	0.504812834225	0.311229946524	0.0042780748663	0.179679144385
-oka	0.540305010893	0.265795206972	0.0610021786492	0.132897603486
-lgi	0.275434243176	0.501240694789	0.0	0.223325062035
-ido	0.324693042292	0.628922237381	0.0	0.0463847203274
-jɨk	0.0815138282387	0.764192139738	0.107714701601	0.0465793304222
-bis	0.0387931034483	0.716594827586	0.244612068965	0.0
-idi	0.3	0.121428571429	0.578571428571	0.0
-kɨk	0.263800683928	0.653150952614	0.0439667806546	0.0390815828041
-ida	0.00193798449612	0.97480620155	0.0	0.0232558139535
-kɨp	0.0425531914894	0.872340425532	0.0425531914894	0.0425531914894
-kɨt	0.362441354241	0.417135128281	0.0399425165899	0.180481000888
-bia	0.175691071536	0.618036817173	0.0899442345746	0.116327876716
-mbɨ	0.146236491365	0.394302352153	0.0398562377359	0.419604918746
-bio	0.232208329416	0.525712136881	0.201184544514	0.0408949891887
-bik	0.631578947368	0.289473684211	0.0789473684211	0.0
-100	0.118237067313	0.40511975508	0.0443389002424	0.432304277364
-uta	0.265697550739	0.449018398244	0.039427220048	0.245856830969
-tet	0.105946684894	0.639439507861	0.22043745728	0.0341763499658
-ria	0.0488391878531	0.882086932528	0.0334792172853	0.0355946623336
-rin	0.186079545455	0.774147727273	0.0163352272727	0.0234375
-rio	0.0371747211896	0.873605947955	0.0	0.0892193308551
-ril	0.0	0.8125	0.1875	0.0
-uti	0.379562043796	0.377128953771	0.206812652068	0.0364963503649
-rik	0.133858267717	0.617547806524	0.228346456693	0.0202474690664
-ɨlɨ	0.385682323403	0.27105170392	0.0605382617641	0.282727710913
-rit	0.0	0.990131578947	0.00986842105262	0.0
-ris	0.205958389757	0.563584882433	0.1986950634	0.0317616644097
-utu	0.610038610039	0.11583011583	0.0579150579151	0.216216216216
-nap	0.544946856422	0.145919654116	0.129706359215	0.179427130247
-ten	0.0785862106524	0.841847293323	0.0542424572487	0.0253240387757
-pga	0.334866605336	0.52529898804	0.0735970561177	0.066237350506
-ara	0.0587188612099	0.859430604982	0.0480427046263	0.0338078291815
-mes	0.1875	0.8125	0.0	0.0
-wak	0.221064031406	0.599702179505	0.0938134560715	0.0854203330175
-aro	0.0	1.0	0.0	0.0
-ɨlu	0.526341583981	0.308335639459	0.0461365888077	0.119186187753
-gya	0.177514792899	0.662721893491	0.159763313609	0.0
-sik	0.860793544048	0.0988567585743	0.0403496973772	0.0
-luk	0.0132450331126	0.960264900662	0.0132450331126	0.0132450331126
-lun	0.122400523989	0.734075650892	0.121786474537	0.0217373505813
-mem	0.0	1.0	0.0	0.0
-mel	0.0	0.644435297393	0.331594048498	0.0239706541083
-meo	0.066717791411	0.828220858896	0.0184049079754	0.0866564417178
-duo	0.05869644968	0.873639587494	0.0444299514939	0.0232340113317
-mek	0.0	1.0	0.0	0.0
-nwa	0.734693877551	0.142857142857	0.0	0.122448979592
-vut	0.101530908512	0.149477429151	0.169093684799	0.579897977537
-git	0.351053159478	0.212637913741	0.300902708124	0.135406218656
-aya	0.226422622313	0.576978704304	0.0703206822603	0.126277991123
-ayo	0.0857142857143	0.723809523809	0.190476190476	0.0
-rai	0.0	1.0	0.0	0.0
-laɨ	0.873949579832	0.100840336134	0.0	0.0252100840336
-gok	0.0408163265306	0.959183673469	0.0	0.0
-ɨnd	0.36690647482	0.546762589928	0.0431654676259	0.0431654676259
-tyu	0.0109356014581	0.967193195626	0.0	0.0218712029162
-fos	0.0	1.0	0.0	0.0
-vul	0.551724137931	0.344827586207	0.0344827586207	0.0689655172414
-vuk	0.0680317018002	0.132109364956	0.317452320479	0.482406612765
-gol	0.14859437751	0.655510932619	0.195894689871	0.0
-aɨn	0.2	0.766666666667	0.0333333333334	0.0
-wul	0.0714285714286	0.892857142857	0.0357142857143	0.0
-bpa	0.348837209302	0.651162790698	0.0	0.0
-uba	0.276315789474	0.190789473684	0.0	0.532894736842
-ili	0.0651309979393	0.901438769503	0.00942007653812	0.02401015602
-wqa	0.142857142857	0.701298701299	0.12987012987	0.025974025974
-umu	0.0416666666667	0.0625	0.0416666666667	0.854166666667
-ota	0.231820667031	0.669764898852	0.00546746856206	0.0929469655549
-ija	0.00683803976193	0.984044573889	0.000759782195769	0.00835760415348
-oti	0.0285391201335	0.93807549405	0.0032308437887	0.0301545420279
-ijo	0.532467532468	0.350649350649	0.0	0.116883116883
-lmb	0.037037037037	0.962962962963	0.0	0.0
-olɨ	0.0722891566265	0.21686746988	0.710843373494	0.0
-uma	0.370801612181	0.368562472011	0.110165696373	0.150470219436
-otu	0.697732997481	0.211586901763	0.0151133501259	0.0755667506297
-umb	0.331891066429	0.391957241028	0.237974039196	0.0381776533469
-mat	0.233510225056	0.313213023581	0.150665658792	0.302611092571
-umi	0.0264599483204	0.142201550388	0.0687338501293	0.762604651163
-job	0.418604651163	0.53488372093	0.046511627907	0.0
-naj	0.230769230769	0.0576923076923	0.0288461538462	0.682692307692
-nak	0.420525000771	0.289907153213	0.0996792004689	0.189888645547
ALL	0.211440960564	0.252323961565	0.0478183040424	0.488416773829
-nai	0.268862205946	0.154694775081	0.053861328624	0.52258169035
-nan	0.384146448616	0.405688892087	0.0886471527924	0.121517506504
-nao	0.29968684912	0.620749522991	0.016400367042	0.0631632608473
-aki	0.53488372093	0.162790697674	0.108527131783	0.193798449612
-nam	0.255376344086	0.520609318997	0.197132616487	0.0268817204301
-sis	0.110946745562	0.862426035503	0.0133136094675	0.0133136094675
-nde	0.0374586852736	0.716489166361	0.0	0.246052148366
-sip	0.0393774580689	0.901096978014	0.0308346611895	0.0286909027272
-kin	0.054298642534	0.837104072398	0.108597285068	0.0
-aka	0.44626619815	0.238471199049	0.147129300359	0.168133302443
-twa	0.33607907743	0.397034596376	0.227347611203	0.0395387149917
-kis	0.0324635298952	0.94616807068	0.00678035750977	0.0145880419149
-tuɨ	0.75	0.0625	0.09375	0.09375
-nay	0.715328467153	0.284671532847	0.0	0.0
-sio	0.0181970299101	0.95858606986	0.00188245137	0.0213344488601
-sin	0.327399686479	0.621041307777	0.00515590057445	0.0464031051702
-sil	0.536697247706	0.25	0.178899082569	0.0344036697248
-nas	0.0162436548223	0.971573604061	0.00406091370558	0.00812182741117
-sia	0.0295329352405	0.9487108272	0.0165100526161	0.00524618494345
-akt	0.391061452514	0.378491620112	0.188547486034	0.0418994413408
-naw	0.292735555023	0.628146727404	0.050347638456	0.0287700791177
-nat	0.0659540188311	0.154005205553	0.114962306671	0.665078468945
-nau	0.539910447508	0.353362253566	0.0280400128542	0.0786872860722
-wuk	0.204314105563	0.140160136393	0.0396404818855	0.615885276159
-wui	0.476821192053	0.384105960265	0.0	0.139072847682
-mos	0.0498338870432	0.950166112957	0.0	0.0
-wun	0.264477483366	0.134556254518	0.0368525124512	0.564113749664
-gon	0.0	1.0	0.0	0.0
-wua	0.254385964912	0.657894736842	0.0219298245614	0.0657894736842
-god	0.0945796697044	0.61701687768	0.00692753481624	0.2814759178
-dya	0.457089552239	0.464552238806	0.0261194029851	0.0522388059701
-moa	0.19298245614	0.631578947368	0.175438596491	0.0
-mon	0.0378911756414	0.949478432478	0.00766845221314	0.00496193966733
-vla	0.0937738303196	0.0532802074899	0.0503899558653	0.802556006325
-yna	0.176748790441	0.638210500554	0.0703358355376	0.114704873467
-wup	0.26102647396	0.323142132509	0.305518882674	0.110312510857
-vle	0.164202605319	0.264711168757	0.172575332968	0.398510892956
-wut	0.208435887736	0.368191115617	0.0514818455937	0.371891151053
-yat	0.221475934243	0.551124555264	0.0422877526749	0.185111757818
-yaw	0.0	1.0	0.0	0.0
-tɨt	0.795402298851	0.112643678161	0.0	0.0919540229884
-yap	0.0	0.961553398058	0.0384466019418	0.0
-yas	0.0186335403727	0.981366459627	0.0	0.0
-bet	0.00770547945208	0.982020547945	0.0102739726028	0.0
-tɨg	0.230769230769	0.692307692308	0.0384615384615	0.0384615384615
-bek	0.0939039408867	0.432266009852	0.166256157635	0.307573891626
-ben	0.0	1.0	0.0	0.0
-key	0.395833333333	0.0	0.604166666667	0.0
-tɨa	0.0655737704918	0.655737704918	0.229508196721	0.0491803278689
-tɨn	0.226053639847	0.333333333333	0.287356321839	0.153256704981
-yan	0.193155221164	0.25216403387	0.0335313776496	0.521149367317
-tɨk	0.695585478098	0.0920402249872	0.0274416226351	0.18493267428
-yak	0.277768919147	0.466834441433	0.197160770285	0.0582358691357
-iso	0.0406320541761	0.911963882619	0.0474040632054	0.0
-rek	0.0	1.0	0.0	0.0
-uga	0.426694511278	0.348623568956	0.0735300137178	0.151151906048
-isi	0.0240625139251	0.955520807593	0.00340277974698	0.0170138987349
-isa	0.0253271422541	0.930638167236	0.01467823017	0.02935646034
-ual	0.18025751073	0.716738197425	0.0515021459227	0.0515021459227
-eva	0.0557744579727	0.944225542027	0.0	0.0
-upa	0.527272727273	0.167676767677	0.147474747475	0.157575757576
-res	0.1001001001	0.67967967968	0.15015015015	0.0700700700701
-ist	0.0131711671971	0.885485612388	0.00357109841673	0.0977721219981
-evi	0.0152091254753	0.825095057034	0.159695817491	0.0
-ret	0.0656748911466	0.897314949202	0.0195936139332	0.0174165457184
-upi	0.208835659606	0.164827823869	0.466019954224	0.160316562301
-avi	0.228929923575	0.656986653777	0.0246793038762	0.0894041187714
-oat	0.247278382582	0.650077760498	0.0839813374805	0.0186625194401
-bwi	0.0334953039863	0.685820420378	0.0530057862699	0.227678489366
-jut	0.078431372549	0.882352941176	0.0392156862745	0.0
-avo	0.143956127656	0.671719095133	0.143194455023	0.0411303221876
-map	0.0733944954128	0.330275229358	0.091743119266	0.504587155963
-mas	0.0181200453001	0.97644394111	0.00407701019253	0.00135900339751
-bwa	0.548828125	0.2421875	0.208984375	0.0
-hap	0.0693069306932	0.712871287129	0.039603960396	0.178217821782
-mak	0.37509806572	0.231751682959	0.0454753540384	0.347674897283
-has	0.0	1.0	0.0	0.0
-hat	0.0594503645541	0.923724060572	0.00673022994953	0.0100953449243
-mao	0.0337078651685	0.876404494382	0.0898876404494	0.0
-man	0.265227173808	0.327436450017	0.121860269134	0.285476107041
-maa	0.0399124891207	0.00272448960259	0.000167420499954	0.957195600777
-avu	0.240538885487	0.331969789753	0.0773014901	0.35018983466
-uno	0.178526908124	0.104531236534	0.0302418253609	0.686700029981
-uni	0.496363636364	0.205454545455	0.0436363636364	0.254545454545
-unj	0.533333333333	0.166666666667	0.0333333333333	0.266666666667
-una	0.0536607345521	0.102546585462	0.0260463827101	0.817746297276
-ɨes	0.176829268293	0.146341463415	0.676829268293	0.0
-pta	0.507936507937	0.460317460317	0.0	0.0317460317461
-wni	0.796511627907	0.116279069767	0.0174418604651	0.0697674418605
-nki	0.0505689001264	0.857458912769	0.0	0.0919721871049
-pti	0.161523309258	0.763624425476	0.0315167432699	0.043335521996
-wna	0.195083594956	0.731996808871	0.0416683406702	0.0312512555027
-vbu	0.145856353591	0.668508287293	0.0265193370166	0.159116022099
-tra	0.0	1.0	0.0	0.0
-ika	0.124013528749	0.679819616686	0.104847801578	0.0913190529876
-gaa	0.401438509181	0.352616379389	0.103474580889	0.142470530541
-ada	0.2194092827	0.417721518987	0.0	0.362869198312
-nli	0.173482032218	0.789343246592	0.0371747211896	0.0
-gan	0.0425103609583	0.859123453149	0.0367633906414	0.0616027952511
-gak	0.310482513109	0.641169961995	0.0252561697215	0.0230913551739
-gai	0.0	1.0	0.0	0.0
-adi	0.319397993311	0.595317725753	0.0501672240803	0.0351170568561
-pɨk	0.577372087437	0.331828008648	0.0778284890704	0.0129714148451
-144	0.00533333333332	0.205333333333	0.0	0.789333333333
-sna	0.114836655803	0.598357699846	0.0268411001824	0.259964544169
-gas	0.0964408725602	0.793340987371	0.110218140069	0.0
-aat	0.463397048353	0.38464021528	0.0847029649205	0.0672597714465
-yaa	0.407591725286	0.144421795682	0.0867151282311	0.361271350801
-lan	0.173169450388	0.572432876466	0.107636744905	0.146760928241
-gay	0.111364314497	0.739481696925	0.00899319162338	0.140160796954
-ini	0.118259089746	0.668618699719	0.067856838275	0.14526537226
-ywa	0.435770598238	0.314577214407	0.0695625289844	0.180089658371
-sel	0.026599968068	0.918522158965	0.0183006575326	0.0365772154339
-sek	0.344994670026	0.444713635042	0.128888458184	0.0814032367478
-bel	0.0247997535428	0.968730745533	0.0	0.00646950092423
-ino	0.172975914558	0.135497866161	0.0988637339409	0.59266248534
-dfa	0.214285714286	0.553571428571	0.232142857143	0.0
-ina	0.0867869842924	0.189465809952	0.0278952737924	0.695851931964
-ind	0.46683046683	0.48402948403	0.02457002457	0.02457002457
-vka	0.369477911647	0.417670682731	0.156626506024	0.0562248995984
-ing	0.0591693253552	0.875709652168	0.0274501170978	0.0376709053789
-kno	0.352161679727	0.365564396575	0.135237346081	0.147036577618
-kna	0.264903564587	0.517794258413	0.0933599125233	0.123942264476
-ses	0.0543608482456	0.862261865865	0.0101423328589	0.073234953031
-omi	0.0	1.0	0.0	0.0
-sep	0.0157786885246	0.981762295082	0.00122950819672	0.00122950819672
-dɨd	0.317647058824	0.0823529411764	0.0882352941176	0.511764705882
-kus	0.0479041916168	0.952095808383	0.0	0.0
-ood	0.746268656716	0.253731343284	0.0	0.0
-dɨa	0.594202898551	0.289855072464	0.0869565217391	0.0289855072464
-gja	0.37074829932	0.459183673469	0.126336248785	0.0437317784257
-ble	0.0	0.554455445545	0.445544554455	0.0
-edi	0.579908675799	0.255707762557	0.0958904109589	0.0684931506849
-bla	0.0843327328536	0.287666722667	0.106336563755	0.521663980725
-nes	0.337922403004	0.506883604506	0.135168961201	0.0200250312891
-dɨi	0.490611750454	0.300423985463	0.136281041793	0.0726832222895
-nen	0.099173553719	0.669421487603	0.0165289256198	0.214876033058
-iat	0.177989017752	0.752336623409	0.0123304302424	0.057343928597
-dɨt	0.159700697024	0.202258027242	0.119429840483	0.518611435252
-fus	0.0	1.0	0.0	0.0
-ias	0.080456061095	0.871306707706	0.0117904038524	0.0364468273471
-dɨp	0.247713499304	0.210500579209	0.112508591625	0.429277329862
-kun	0.0921022499571	0.907897750043	0.0	0.0
-kul	0.505089885207	0.350877192982	0.0682261208577	0.075806800953
-pen	0.0743034055727	0.907120743034	0.0	0.0185758513932
-ban	0.381259643709	0.485762379015	0.0628419133118	0.0701360639641
-vɨt	0.219651240778	0.164380220718	0.54950917627	0.0664593622341
-eka	0.277642944303	0.304825435879	0.231603930293	0.185927689525
-bak	0.147390735292	0.596368043689	0.0454280960218	0.210813124997
-ɨtɨ	0.426838104523	0.380294307508	0.0221323461604	0.170735241809
-gst	0.0774193548387	0.445161290323	0.477419354839	0.0
-jop	0.342465753425	0.301369863014	0.219178082192	0.13698630137
-baa	0.29280400656	0.179138355202	0.0595272961574	0.468530342081
-kan	0.174097766391	0.0881320864246	0.0145686884002	0.723201458785
-hos	0.193993506493	0.6875	0.0121753246753	0.106331168831
-jon	0.0421321136424	0.897897792242	0.0079045357258	0.0520655583898
-vɨa	0.502431118314	0.440842787682	0.0162074554295	0.0405186385737
-gwo	0.311281596588	0.609271906372	0.0306635602609	0.0487829367788
-baw	0.277882441598	0.540693293142	0.0142238131123	0.167200452148
-bat	0.247379610928	0.48266184756	0.152599128309	0.117359413203
-vɨn	0.84375	0.109375	0.046875	0.0
-bar	0.0137931034482	0.944827586207	0.0413793103448	0.0
-bas	0.0915310650888	0.867048816568	0.0255177514793	0.0159023668639
-bap	0.189082900739	0.786534528866	0.0243825703948	0.0
-dru	0.0189993666878	0.975300823306	0.0	0.00569981000634
-nya	0.130567599004	0.652306677366	0.0666407859892	0.150484937641
-mbu	0.187679013815	0.579364176917	0.0570642288454	0.175892580422
-asa	0.294255043058	0.547811725847	0.0691282293264	0.0888050017695
-l00	0.14811171588	0.0395880923416	0.0	0.812300191779
-aso	0.138469479933	0.745386501484	0.0110982062202	0.105045812363
-yɨn	0.297007578684	0.27433208797	0.0544395553449	0.374220778
-asm	0.212121212121	0.751515151515	0.0	0.0363636363637
-nyi	0.520408163265	0.387755102041	0.0918367346939	0.0
-nyo	0.131876963141	0.227397504387	0.535034664883	0.105690867589
-asi	0.0505494505494	0.923076923077	0.0	0.0263736263736
-ɨvɨ	0.397629462396	0.229151968393	0.313014439584	0.060204129627
-mba	0.202586282564	0.349590997322	0.0399893482201	0.407833371894
-ast	0.234782608696	0.55652173913	0.182608695652	0.0260869565217
-yel	0.154623773193	0.738328999213	0.107047227595	0.0
-nyu	0.0246913580247	0.666666666667	0.259259259259	0.0493827160494
-iwa	0.193036269034	0.499604522543	0.141207756551	0.166151451873
-mbi	0.127590657352	0.710801925907	0.0737823288654	0.0878250878751
-lta	0.0	1.0	0.0	0.0
-mbo	0.0738303681101	0.34663331303	0.0215380772082	0.557998241652
-wga	0.53164556962	0.308860759494	0.053164556962	0.106329113924
-neɨ	0.0	1.0	0.0	0.0
-ɨla	0.146239897362	0.125929804189	0.0602364007975	0.667593897652
-ɨlo	0.328347124973	0.335136855506	0.071292170592	0.265223848929
-430	0.476821192053	0.0794701986755	0.0	0.443708609271
-ɨlk	0.30195811129	0.436299417524	0.117238815219	0.144503655967
-ras	0.0727820615085	0.842222813082	0.0173712665071	0.0676238589028
-ɨli	0.0991100168478	0.112421260907	0.0665033727314	0.721965349514
-ran	0.0938967136149	0.906103286385	0.0	0.0
-eri	0.15737704918	0.472131147541	0.252459016393	0.118032786885
-ral	0.026936026936	0.653198653199	0.319865319865	0.0
-ram	0.0	0.976939061682	0.0230609383183	0.0
-rak	0.0	1.0	0.0	0.0
-ern	0.3125	0.520833333333	0.03125	0.135416666667
-ero	0.18080888184	0.796986518636	0.0222045995242	0.0
-era	0.106480421342	0.772154797344	0.0137394092054	0.107625372109
-lɨp	0.311428571429	0.465714285714	0.121428571429	0.101428571429
-dsɨ	0.263157894737	0.631578947368	0.0263157894737	0.0789473684211
-epa	0.189134808853	0.804828973843	0.00603621730382	0.0
-uge	0.0686498855835	0.725400457666	0.137299771167	0.0686498855835
-klo	0.0	0.0576923076923	0.173076923077	0.769230769231
-pol	0.0644597526498	0.752788911342	0.00396030283718	0.178791033171
-eik	0.136029411765	0.726102941177	0.0684742647059	0.0693933823529
-ugi	0.171641791045	0.223880597015	0.335820895522	0.268656716418
-bso	0.530434782609	0.24347826087	0.121739130435	0.104347826087
-laa	0.376132005206	0.120200511896	0.0406080864498	0.463059396448
-500	0.227340284579	0.113589492482	0.0580678610518	0.601002361887
-bɨt	0.351633725699	0.296398364838	0.049066531078	0.302901378385
-rel	0.0509976413591	0.908735470984	0.0127494103398	0.0275174773167
-lam	0.124061884998	0.811841560897	0.0270407337633	0.0370558203424
-aaw	0.386633975017	0.170802822968	0.0278320797853	0.414731122229
-nos	0.0	1.0	0.0	0.0
-oun	0.472201295166	0.325923455409	0.0591975820376	0.142677667387
-aas	0.818181818182	0.181818181818	0.0	0.0
-lak	0.3619251969	0.187461699764	0.071678603791	0.378934499544
-lat	0.224879909308	0.555075866156	0.14419540985	0.0758488146849
-law	0.311231393775	0.641407307172	0.0405953991881	0.00676589986468
-lap	0.0850948593358	0.891971774318	0.0205193277831	0.00241403856271
-aak	0.368822244667	0.375478034168	0.0383290601611	0.217370661004
-las	0.133740923859	0.79997312448	0.0261164162269	0.0401695354347
-noa	0.01875	0.98125	0.0	0.0
-aaa	0.298095810784	0.584646221688	0.103708157947	0.0135498095811
-tqa	0.312616300707	0.464086341645	0.200967621883	0.0223297357648
-yɨm	0.87323943662	0.0845070422535	0.0422535211268	0.0
-myu	0.00456621004566	0.940639269406	0.0	0.0547945205479
-gen	0.105633802817	0.55985915493	0.334507042254	0.0
-boi	0.4375	0.325	0.0375	0.2
-kla	0.425389606046	0.378737208213	0.0274898000134	0.168383385727
-bot	0.157120743034	0.803405572756	0.00464396284829	0.0348297213622
-oku	0.265017667845	0.537102473498	0.0989399293286	0.0989399293286
-ypi	0.305084745763	0.694915254237	0.0	0.0
-don	0.0215938722295	0.939292698827	0.029335071708	0.009778357236
-dol	0.0627674750357	0.649548264384	0.0627674750357	0.224916785544
-dom	0.0	0.97835729022	0.0	0.0216427097797
-dok	0.0	1.0	0.0	0.0
-get	0.0	0.984435797665	0.0155642023346	0.0
-sas	0.0228029573142	0.638649451457	0.00147804699448	0.337069544235
-gla	0.412087665519	0.444246806385	0.0662868521181	0.0773786759786
-sat	0.305071915216	0.535200605602	0.0787282361848	0.0809992429977
-otɨ	0.351178781925	0.583988212181	0.0324165029469	0.032416502947
-del	0.110473457676	0.781922525108	0.107604017217	0.0
-say	0.06993006993	0.8445998446	0.0854700854701	0.0
-ɨwa	0.361987072116	0.236428532327	0.0801708724271	0.32141352313
-olu	0.0	0.957364341085	0.0426356589147	0.0
-mpa	0.151898734177	0.848101265823	0.0	0.0
-oli	0.179596820177	0.46308033968	0.310552834889	0.0467700052544
-saa	0.444444444444	0.0138888888889	0.0	0.541666666667
-ibi	0.0	1.0	0.0	0.0
-olo	0.341403674046	0.576636834668	0.0593499764484	0.0226095148375
-sak	0.0427483188863	0.922056435983	0.00747161628477	0.0277236288461
-ola	0.211660746264	0.573264465319	0.0677578828304	0.147316905586
-iba	0.0	1.0	0.0	0.0
-sam	0.145328719723	0.704152249135	0.0311418685121	0.11937716263
-ɨwu	0.0656934306569	0.569343065693	0.36496350365	0.0
-rot	0.062013790054	0.831617636899	0.038800071852	0.0675685011952
-iel	0.00844594594595	0.978040540541	0.00337837837838	0.0101351351351
-ros	0.0722873682647	0.925486121419	0.00222651031616	0.0
-ngw	0.375	0.292613636364	0.28125	0.0511363636364
-esi	0.0131004366812	0.986899563319	0.0	0.0
-pmɨ	0.0491803278689	0.950819672131	0.0	0.0
-boy	0.043293960696	0.896451557923	0.060254481381	0.0
-ava	0.160538467053	0.338499834226	0.0481026149147	0.452859083806
-rom	0.120527306968	0.79472693032	0.0	0.0847457627118
-ron	0.0408163265306	0.935174069628	0.00960384153661	0.0144057623049
-los	0.0	0.987096774194	0.0129032258065	0.0
-win	0.472317327766	0.353545581072	0.0517466945025	0.12239039666
-ipa	0.0970822281168	0.822281167109	0.0350132625994	0.0456233421751
-ave	0.198429693076	0.416845110635	0.350463954318	0.03426124197
-vlɨ	0.758478931141	0.241521068859	0.0	0.0
-wil	0.141141141141	0.480480480481	0.378378378378	0.0
-ewa	0.739644970414	0.14201183432	0.0828402366864	0.0355029585799
-ɨni	0.189928900433	0.154898714971	0.101227044142	0.553945340454
-awi	0.310524974917	0.510214223483	0.0728095640988	0.106451237502
-tdɨ	0.328	0.328	0.0	0.344
-awa	0.31239598764	0.251265393095	0.0719891368831	0.364349482382
-ila	0.305002504733	0.453210565217	0.129913424453	0.111873505597
-pba	0.477486910995	0.36335078534	0.00628272251308	0.152879581152
-ami	0.13963555824	0.792509815766	0.0197322057787	0.0481224202154
-mam	0.0593697670878	0.940630232912	0.0	0.0
-nge	0.12278382074	0.686399822083	0.0962213164743	0.0945950407028
-kɨa	0.446640316206	0.181818181818	0.201581027668	0.169960474308
-ɨna	0.0936048210841	0.0803321707224	0.0196678119282	0.806395196265
-ɨha	0.0579710144928	0.652173913044	0.0289855072464	0.260869565217
-lla	0.173913043478	0.652173913044	0.104347826087	0.0695652173913
-pka	0.774193548387	0.0	0.058064516129	0.167741935484
-aim	0.0	1.0	0.0	0.0
-sto	0.024517315354	0.930432117683	0.00735519460619	0.0376953723567
-ail	0.0267295597484	0.954402515723	0.0	0.0188679245283
-glo	0.0	0.953488372093	0.0	0.046511627907
-avɨ	0.548981409329	0.181824928569	0.0367360569965	0.232457605106
-ɨaa	0.539940828402	0.171597633136	0.134615384615	0.153846153846
-ain	0.116131550698	0.820435249341	0.0136625353762	0.0497706645847
-bwɨ	0.51724137931	0.206896551724	0.0	0.275862068966
-ank	0.162613568359	0.185381644089	0.0385180349274	0.613486752625
-ɨan	0.512953367876	0.39378238342	0.0621761658031	0.0310880829016
-dno	0.0292865656394	0.894602417844	0.0112378682105	0.0648731483058
-eyn	0.540229885058	0.137931034483	0.114942528736	0.206896551724
-eya	0.369492101304	0.364139366243	0.0943914895835	0.17197704287
-200	0.0489109169166	0.221729490022	0.0247815312378	0.704578061823
-iok	0.0957792207792	0.790584415584	0.0194805194805	0.0941558441558
-lei	0.202816174098	0.235947850274	0.190384370469	0.370851605158
-lek	0.0973307771715	0.902669222828	0.0	0.0
-ois	0.0	0.964912280702	0.0350877192982	0.0
-lem	0.040012390934	0.909520367598	0.00309773349166	0.0473695079767
-len	0.0671140939597	0.608501118568	0.0	0.324384787472
-lea	0.293339170929	0.383132002627	0.113614201278	0.209914625167
-sɨt	0.25450951322	0.724075446833	0.00988386459106	0.0115311753562
-rya	0.416184971098	0.549132947977	0.0	0.0346820809249
-lep	0.0717270529467	0.846235130245	0.0697097295826	0.0123280872252
-asɨ	0.216390423573	0.694468054965	0.0517778722199	0.0373636492421
-let	0.188758389262	0.714485458613	0.0167785234899	0.0799776286353
-iot	0.0763908040214	0.906510893273	0.00496402336602	0.0121342793392
-fta	0.0	1.0	0.0	0.0
-mdɨ	0.888888888889	0.0277777777778	0.0	0.0833333333333
-tna	0.205814703585	0.336362208134	0.0383049263194	0.419518161962
-alw	0.78968452679	0.0350525788683	0.0525788683025	0.122684026039
-alu	0.182597820261	0.715115240307	0.0491334643559	0.053153475076
-ndu	0.183529359705	0.532082511287	0.0521216918779	0.23226643713
-ndi	0.35086171644	0.158721736765	0.0366718091093	0.453744737686
-gin	0.11038961039	0.538961038961	0.344155844156	0.00649350649351
-uda	0.0459767898101	0.786629203554	0.08851149216	0.0788825144761
-ndo	0.172110978866	0.393834370394	0.173967204623	0.260087446117
-ali	0.459506561478	0.370778588029	0.0573747754795	0.112340075013
-nda	0.25986964243	0.259726287677	0.0493181138444	0.431085956048
-tlo	0.510204081633	0.102040816327	0.204081632653	0.183673469388
-ale	0.146479045331	0.701197409685	0.0698488983016	0.0824746466827
-tja	0.145881006865	0.525171624714	0.122997711671	0.205949656751
-gia	0.540241843665	0.326547838719	0.117898786856	0.0153115307605
-ala	0.256348832981	0.220087195191	0.055637236432	0.467926735397
-gdɨ	0.0273348519362	0.924829157175	0.0478359908884	0.0
-bda	0.457943925234	0.168224299065	0.0747663551401	0.299065420561
-hma	0.541176470588	0.247058823529	0.0705882352941	0.141176470588
-uvi	0.349834983498	0.531353135314	0.079207920792	0.039603960396
-uvu	0.92169146437	0.0783085356304	0.0	0.0
-490	0.0144230769231	0.0	0.0192307692308	0.966346153846
-ɨsk	0.338624338624	0.492063492063	0.169312169312	0.0
-etɨ	0.421649833026	0.264193927255	0.0953378794493	0.21881836027
-jay	0.0680713128039	0.931928687196	0.0	0.0
-le4	0.421947449768	0.578052550232	0.0	0.0
-lok	0.0206536003959	0.724403519718	0.052279426002	0.202663453884
-gwa	0.320098369988	0.395852177941	0.0722781082281	0.211771343843
-gwe	0.421523397044	0.505037190472	0.0649656341211	0.0084737783636
-gwi	0.258600089222	0.561376196977	0.0510412411466	0.128982472655
-gwk	0.47005988024	0.389221556886	0.0329341317365	0.107784431138
-loi	0.0	0.970588235294	0.0294117647059	0.0
-mga	0.607697432481	0.217034797315	0.137600573976	0.0376671962281
-ogi	0.258358662614	0.711246200608	0.0303951367781	0.0
-153	0.133333333333	0.0666666666667	0.0222222222222	0.777777777778
-eli	0.136347521029	0.190057743632	0.0232665147117	0.650328220627
-gwu	0.138120020703	0.465682741189	0.32437152501	0.0718257130972
-elo	0.176307448494	0.692551505547	0.0736925515056	0.0574484944532
-oam	0.0294272201787	0.854201500024	0.0	0.116371279797
-oga	0.415605389431	0.283840631781	0.102413637218	0.19814034157
-ela	0.276734744348	0.436483729366	0.122941697752	0.163839828535
-iya	0.294588900283	0.337614568853	0.135374978606	0.232421552258
-atɨ	0.363615148686	0.331510868116	0.117182290972	0.187691692226
-vwi	0.107200350664	0.749843371746	0.0675260596071	0.0754302179832
-ulɨ	0.428421933863	0.517161992466	0.0439514441189	0.0104646295521
-pna	0.144286503471	0.769335267606	0.0346674954648	0.0517107334587
-ems	0.0107941403238	0.962220508867	0.0246723207402	0.00231303006939
-vwa	0.271687326215	0.306453659348	0.0402981949392	0.381560819498
-pno	0.478873239437	0.0845070422535	0.43661971831	0.0
-ɨgɨ	0.279111644658	0.402010804322	0.0825330132053	0.236344537815
-eso	0.522857142857	0.462857142857	0.00857142857143	0.00571428571431
-esa	0.00626304801672	0.979123173278	0.0146137787057	0.0
-ite	0.239940387481	0.593144560358	0.0417287630403	0.125186289121
-ese	0.420233463035	0.533073929961	0.0	0.0466926070039
-ita	0.0850224252559	0.818431904281	0.0124535325136	0.0840921379494
-spa	0.043956043956	0.803888419273	0.111580726965	0.0405748098056
-bru	0.158333333333	0.841666666667	0.0	0.0
-sɨp	0.15987933635	0.386123680241	0.363499245852	0.0904977375566
-fan	0.171428571429	0.8	0.0	0.0285714285714
-666	0.21	0.09	0.0	0.7
-fas	0.190028901734	0.74710982659	0.0411849710982	0.021676300578
-sɨk	0.144023265	0.650617848068	0.132332272675	0.0730266142563
-sɨm	0.208243756993	0.614951584842	0.0381346251853	0.13867003298
-fat	0.0261532873229	0.973846712677	0.0	0.0
-wgɨ	0.45	0.528571428571	0.0	0.0214285714286
-udo	0.145326001571	0.624901806756	0.0471327572663	0.182639434407
-loa	0.648501362398	0.138964577657	0.114441416894	0.0980926430518
-rim	0.0	1.0	0.0	0.0
-tal	0.0725806451613	0.524193548387	0.0483870967742	0.354838709677
-utɨ	0.438050260372	0.330492439051	0.0167326066899	0.214724693887
-aba	0.330327868852	0.457172131147	0.0905737704918	0.121926229508
-nja	0.276922646839	0.295777375104	0.0599383061052	0.367361671952
-abn	0.104142559593	0.597315436242	0.242999305716	0.0555426984494
-pwi	0.308483290488	0.388174807198	0.241645244216	0.0616966580977
-lot	0.0	0.989424206816	0.0105757931845	0.0
-ilɨ	0.196234601331	0.337852558716	0.0352947767465	0.430618063207
-tua	0.287693280451	0.676093579353	0.0241420934644	0.0120710467322
-vap	0.350723533892	0.12185833968	0.0752094440213	0.452208682407
-gba	0.231764425748	0.411064370188	0.212715294865	0.144455909199
-vat	0.482818706419	0.127326435683	0.0240470503221	0.365807807576
-kom	0.0	1.0	0.0	0.0
-kol	0.336170598089	0.663829401911	0.0	0.0
-aek	0.0235682780089	0.935106151733	0.00339558854826	0.0379299817095
-nca	0.37	0.33	0.27	0.03
-sos	0.018691588785	0.943925233645	0.0	0.0373831775701
-aen	0.0	0.971830985915	0.0281690140845	0.0
-sol	0.075044768742	0.845512379448	0.0255564286371	0.0538864231727
-vaa	0.550627751508	0.209033099625	0.038561878363	0.201777270504
-hai	0.211267605634	0.37323943662	0.0	0.415492957746
-kop	0.00978108989287	0.97484862599	0.00139729855613	0.0139729855613
-kos	0.0704686987873	0.875450671911	0.0147492625369	0.039331366765
-vak	0.161806007644	0.10137816044	0.0157409450082	0.721074886907
-ora	0.0693069306931	0.827282728273	0.0462046204621	0.057205720572
-soa	0.389204545454	0.463068181818	0.130681818182	0.0170454545455
-val	0.31007751938	0.605620155039	0.0261627906977	0.0581395348837
-ɨvu	0.297163822491	0.616705155505	0.0439752471783	0.0421557748253
-usɨ	0.220086794792	0.590824550527	0.0976441413516	0.0914445133291
-ɨdi	0.327586206897	0.594827586207	0.0	0.0775862068966
-liv	0.0476858345021	0.949976624591	0.0	0.00233754090697
-hdɨ	0.656488549618	0.297709923664	0.0	0.0458015267176
-lip	0.00748273215656	0.985034535687	0.00115118956255	0.00633154259402
-tno	0.171546803135	0.463798741188	0.104699984646	0.259954471032
-lis	0.0958904109588	0.904109589041	0.0	0.0
-lil	0.0	1.0	0.0	0.0
-lim	0.0	0.933333333333	0.0333333333333	0.0333333333333
-vna	0.598039215686	0.401960784314	0.0	0.0
-lio	0.207889793363	0.71696931747	0.0375704445836	0.0375704445836
-ɨva	0.319183840869	0.342458730647	0.0803171673674	0.258040261116
-ruo	0.0342075256556	0.965792474344	0.0	0.0
-rum	0.0244648318043	0.85626911315	0.100917431193	0.0183486238532
-omb	0.266272189349	0.556213017751	0.10650887574	0.0710059171598
-oma	0.145820159352	0.790944732515	0.0531174908309	0.0101176173011
-ɨvi	0.257985257985	0.47542997543	0.266584766585	0.0
-lia	0.327329702154	0.404425379474	0.146136365222	0.12210855315
-sba	0.733333333333	0.0888888888889	0.155555555556	0.0222222222222
-eas	0.244680851064	0.558510638298	0.0265957446808	0.170212765957
-kap	0.138467234358	0.826730840429	0.0192521288412	0.0155497963717
-eat	0.0984753775632	0.870141253898	0.0132775789973	0.0181057895418
-lno	0.186567164179	0.598880597015	0.0	0.214552238806
-lna	0.118479036904	0.755754696078	0.048573327753	0.0771929392649
-oda	0.0	1.0	0.0	0.0
-gat	0.384765993841	0.373917388547	0.0843273894025	0.15698922821
-ɨda	0.488505747126	0.511494252874	0.0	0.0
-eak	0.324723247233	0.265682656827	0.354243542435	0.0553505535055
-eam	0.0483170466884	0.927252985885	0.00705754614548	0.0173724212812
-eal	0.312138728324	0.445086705202	0.173410404624	0.0693641618497
-eho	0.0	1.0	0.0	0.0
-kaw	1.0	0.0	0.0	0.0
-ɨnɨ	0.377445061579	0.445061579329	0.0912822989616	0.0862110601304
-tga	0.449652777778	0.265625	0.0885416666666	0.196180555556
-waw	0.766816143498	0.233183856502	0.0	0.0
-pai	0.0	0.993220338983	0.0	0.00677966101696
-wat	0.105269409951	0.252606990217	0.273466393376	0.368657206456
-was	0.376237623762	0.342574257426	0.164356435644	0.116831683168
-pam	0.0	0.316666666667	0.05	0.633333333333
-api	0.442953020134	0.255033557047	0.302013422819	0.0
-zna	0.611940298507	0.194029850746	0.164179104478	0.0298507462687
-apm	0.486413043478	0.426630434783	0.0380434782608	0.0489130434783
-dua	0.404198439939	0.347839424837	0.13977269411	0.108189441114
-waa	0.0688858065223	0.0594686357211	0.00936208013469	0.862283477622
-wao	0.75	0.185714285714	0.0	0.0642857142857
-wan	0.0531014781546	0.0271970146692	0.0145835587656	0.905117948411
-bɨk	0.25067945214	0.202734955227	0.0451912868569	0.501394305776
-pas	0.153365723143	0.614246732704	0.0277056852899	0.204681858863
-pat	0.0565749235474	0.925076452599	0.0183486238532	0.0
-wai	0.424963304145	0.485097784232	0.00919829777956	0.0807406138428
-paw	0.166890982503	0.816958277254	0.0161507402423	0.0
-ɨkt	0.198473282443	0.687022900763	0.114503816794	0.0
-kea	0.608695652174	0.0	0.204968944099	0.186335403727
-sen	0.200341388914	0.76686730752	0.0206630132064	0.0121282903603
-ken	0.0	0.987206823028	0.0	0.0127931769723
-kem	0.0	1.0	0.0	0.0
-kel	0.257270693512	0.711409395973	0.00894854586131	0.0223713646532
-sus	0.0	1.0	0.0	0.0
-sem	0.0	1.0	0.0	0.0
-sop	0.127986348123	0.436860068259	0.102389078498	0.332764505119
-wla	0.0825017165637	0.538354365405	0.188055383344	0.191088534688
-agɨ	0.691633017806	0.235884027272	0.00794333752565	0.0645396173959
-way	0.253479768629	0.280020030386	0.144326086512	0.322174114473
-ɨka	0.3027197164	0.269644048737	0.0435376435557	0.384098591307
-iyu	0.172932330827	0.484962406015	0.342105263158	0.0
-kat	0.00868936375498	0.0090177262397	0.0029081980554	0.97938471195
-sua	0.111111111111	0.533333333333	0.0148148148148	0.340740740741
-ɨki	0.16247582205	0.698259187621	0.139264990329	0.0
-fet	0.0400743717053	0.943108430882	0.0011698919939	0.0156473054184
-dia	0.0774484136977	0.866935734221	0.0168515891609	0.03876426292
-kot	0.16673903604	0.713417281806	0.0364741641337	0.08336951802
-dio	0.175454436018	0.496809919345	0.317804261466	0.00993138317082
-son	0.0745953553835	0.925404644616	0.0	0.0
-ɨkɨ	0.794117647059	0.168067226891	0.0378151260504	0.0
-dis	0.121841155235	0.837545126354	0.0	0.0406137184116
-anɨ	0.204018547141	0.157650695518	0.261205564142	0.377125193199
-aet	0.375131717598	0.433087460485	0.0948366701791	0.0969441517387
-ska	0.271880819367	0.610800744879	0.00558659217877	0.111731843575
-dfɨ	0.171171171171	0.576576576577	0.171171171171	0.0810810810811
-omo	0.483333333333	0.45	0.0	0.0666666666667
-ven	0.151685393258	0.619273984443	0.038029386344	0.191011235955
-veo	0.232142857143	0.696428571429	0.0	0.0714285714286
-vel	0.597609561753	0.378486055777	0.0	0.0239043824701
-kta	0.0384215991692	0.840083073728	0.121495327103	0.0
-ova	0.00864204643659	0.97407386069	0.0	0.0172840928732
-uka	0.43749084084	0.190934529478	0.0537064365493	0.317868193133
-lɨl	0.155325443787	0.621301775148	0.186390532544	0.0369822485207
-lɨk	0.137546367013	0.190508274936	0.110565229365	0.561380128686
-kli	0.308510638298	0.468085106383	0.0638297872341	0.159574468085
-lɨi	0.175230566535	0.332015810277	0.0197628458498	0.472990777339
-ukk	0.701157973016	0.263784128333	0.0350578986508	0.0
-uki	0.044776119403	0.820895522388	0.134328358209	0.0
-gyu	0.259259259259	0.62962962963	0.037037037037	0.0740740740741
-lɨa	0.339784946237	0.479569892473	0.0258064516129	0.154838709677
-ait	0.112660030181	0.738049457236	0.031945188142	0.117345324441
-qan	0.566210045662	0.287671232877	0.0913242009132	0.054794520548
-ngu	0.219304855122	0.529154247161	0.0425801072301	0.208960790487
-ais	0.0461796809404	0.613116895232	0.0	0.340703423827
-tis	0.193340494092	0.758324382385	0.0483351235231	0.0
-kka	0.328842023042	0.190001952744	0.399140792814	0.0820152314001
-van	0.878306878307	0.121693121693	0.0	0.0
-dna	0.0222456376552	0.578244003371	0.0397929527856	0.359717406188
-nga	0.293590414274	0.485051477387	0.0861512882865	0.135206820052
-aia	0.121612487632	0.824135623542	0.0132149011495	0.0410369876768
-tia	0.0764705882353	0.888235294118	0.0235294117647	0.0117647058823
-ɨyo	0.522186495177	0.297749196141	0.0540192926045	0.126045016077
-dni	0.382054992764	0.579739507959	0.0	0.0382054992764
-ngi	0.209236062545	0.209124717276	0.0525529482416	0.529086271938
-aio	0.0	1.0	0.0	0.0
-tio	0.0650887573964	0.923076923077	0.0	0.0118343195266
-aik	0.014358385297	0.863882507384	0.103380374139	0.0183787331802
-ngo	0.154172560113	0.654879773692	0.0912305516266	0.0997171145686
-eme	0.179509283339	0.811363125983	0.00912759067827	0.0
-jaw	0.488619119879	0.220030349014	0.245827010622	0.0455235204856
-ema	0.37815739524	0.367790918382	0.173017958826	0.0810337275515
-jas	0.199383657933	0.652745576741	0.0483750514329	0.099495713893
-uwa	0.355366150895	0.226123527957	0.0520908628798	0.366419458269
-uwo	0.215909090909	0.0606060606061	0.0	0.723484848485
-uwn	0.521837349398	0.0650100401607	0.315512048193	0.0976405622489
-emo	0.0506329113924	0.924050632911	0.0253164556962	0.0
-uwk	0.400731930467	0.349496797804	0.0466605672461	0.203110704483
-uwi	0.139487859258	0.802557997301	0.015077247992	0.0428768954493
