-yer	0.0352112676056	0.929577464789	0.0352112676056	0.0
-hew	0.0102857142857	0.982857142857	0.00685714285716	0.0
-eus	0.0162432319867	0.958767180342	0.00999583506872	0.0149937526031
-hel	0.181034482759	0.758620689655	0.0301724137931	0.0301724137931
-hem	0.0441176470588	0.939075630252	0.00840336134453	0.00840336134455
-rbe	0.0101522842639	0.989847715736	0.0	0.0
-ois	0.0	1.0	0.0	0.0
-lem	0.000845427645484	0.997745526279	0.000281809215161	0.00112723686064
-aup	0.368886584333	0.549022177677	0.0427922410802	0.0392989969105
-aus	0.0675398527081	0.399972033187	0.526615083434	0.00587303067027
-aut	0.892268571119	0.0848563544879	0.00123356597955	0.0216415084131
-ang	0.160526152829	0.266872476815	0.0209099100598	0.551691460297
-nsi	0.300213675214	0.552350427351	0.099358974359	0.0480769230769
-auh	0.232522035993	0.261113645393	0.0814927086246	0.424871609989
-auk	0.818181818182	0.0956937799043	0.00956937799043	0.0765550239235
-aum	0.238451217175	0.472365983004	0.0318190530957	0.257363746725
-aul	0.0397909490438	0.888097029206	0.00424964696255	0.0678623747872
-aun	0.0815353760842	0.884936058049	0.0237748012507	0.00975376461568
-nti	0.078622849104	0.0186145998091	0.00395175618337	0.898810794903
-pah	0.26473625794	0.448075697043	0.0404503271288	0.246737717888
-pur	0.640625	0.171875	0.1875	0.0
-pus	0.0444983818771	0.946601941748	0.00889967637541	0.0
-uai	0.203490335075	0.21826401327	0.0476018731194	0.530643778536
-uah	0.23621545709	0.282413581975	0.0195119273519	0.461859033583
-uak	0.0141231439039	0.389235969771	0.0395200254854	0.557120860839
-kia	0.391076115486	0.362204724409	0.0551181102362	0.191601049869
-uan	0.0773328216259	0.0942208935186	0.0263699868813	0.802076297974
-uap	0.551558752998	0.376498800959	0.0719424460432	0.0
-uas	0.332631318137	0.116699702676	0.418731417245	0.131937561943
-wat	0.0	1.0	0.0	0.0
-uat	0.1	0.833333333333	0.0666666666667	0.0
-pul	0.427565492895	0.494102330707	0.0367554310687	0.0415767453293
-pal	0.0714311879556	0.839554562438	0.0219788270633	0.0670354225429
-pun	0.53394620098	0.374510981677	0.0432655392746	0.048277278069
-ntu	0.125572472863	0.595333245261	0.0581830592069	0.22091122267
-puk	0.78013425919	0.0882174255776	0.000414225248158	0.131234089985
-opa	0.0527272727273	0.94	0.00181818181818	0.00545454545454
-dea	0.00398744379401	0.989366816549	0.00579734736009	0.000848392296597
-gka	0.631125182936	0.220973390568	0.0757258224149	0.0721756040813
-das	0.0732354863305	0.316475601786	0.564297189849	0.0459917220347
-deh	0.268308580349	0.0623281663658	0.032482424353	0.636880828932
-dek	0.0819341840161	0.912693082606	0.00134318334453	0.00402955003358
-gki	0.0201342281879	0.879194630872	0.10067114094	0.0
-den	0.0	1.0	0.0	0.0
-ima	0.648308475116	0.114971031578	0.0505725389104	0.186147954396
-der	0.0	1.0	0.0	0.0
-des	0.0363636363636	0.963636363636	0.0	0.0
-aka	0.316057744312	0.143700323012	0.0774204011086	0.462821531568
-sit	0.643243243243	0.081081081081	0.27027027027	0.0054054054054
-kis	0.0	0.979591836735	0.0204081632653	0.0
-bit	0.257076557226	0.724800552317	0.00201365449525	0.016109235962
-bir	0.10843373494	0.674698795181	0.0722891566265	0.144578313253
-bis	0.309409359633	0.241601745953	0.122796839604	0.32619205481
-sus	0.00253234344558	0.778356873537	0.00290144885554	0.216209334162
-ida	0.033493119339	0.0268499221377	0.000851653948974	0.938805304574
-bia	0.0298062593144	0.943368107303	0.00894187779435	0.0178837555887
-bin	0.0121334681497	0.93023255814	0.0576339737108	0.0
-bik	0.0566318926975	0.853949329359	0.0894187779434	0.0
-bih	0.0527464822399	0.0535034181633	0.321347186589	0.572402913008
-eja	0.707571172623	0.188122037153	0.0271531808012	0.0771536094228
-100	0.177777777778	0.555555555556	0.0666666666667	0.2
-uta	0.0488169078796	0.170457155984	0.752584424535	0.0281415116012
-ria	0.00978269176878	0.855577917611	0.0263164598884	0.108322930731
-rin	0.00941422594144	0.984309623431	0.00627615062763	0.0
-bbi	0.52	0.28	0.0	0.2
-sil	0.0495644960597	0.899211945251	0.0340107839071	0.0172127747822
-rik	0.689017341041	0.208670520231	0.0763005780346	0.0260115606936
-tea	0.00980392156863	0.980392156863	0.00980392156863	0.0
-rit	0.520142903601	0.288897831412	0.129053088173	0.061906176814
-ris	0.156474820144	0.746402877698	0.0863309352519	0.0107913669065
-aku	0.250893326243	0.0616955949786	0.00226349273027	0.685147586048
-ard	0.0826825907212	0.717501148369	0.188332567754	0.0114836931557
-jil	0.06637986237	0.90967468456	0.0129873643767	0.0109580886929
-duk	0.639961419191	0.21887773503	0.0537874503104	0.087373395468
-ara	0.221576976288	0.539293457054	0.069225600146	0.169903966512
-mes	0.0	0.999071494893	0.000928505106777	0.0
-lup	0.746751766583	0.199908821518	0.0451333485297	0.00820606336904
-pat	0.217910035068	0.139546850052	0.137572050047	0.504971064832
-lus	0.0849056603773	0.77358490566	0.121293800539	0.0202156334232
-lut	0.223774943553	0.707878196131	0.0336852382986	0.0346616220174
-ari	0.0515547178345	0.215231183066	0.00449598941498	0.728718109685
-dum	0.00604299156859	0.986187447843	0.0017265690196	0.00604299156859
-luh	0.0601578309171	0.128007074006	0.0186791438464	0.79315595123
-aru	0.11959456358	0.047725157839	0.170962640261	0.66171763832
-luk	0.193534726143	0.695793337098	0.0499717673631	0.0607001693958
-mea	0.0	1.0	0.0	0.0
-lum	0.0	0.172794117647	0.827205882353	0.0
-lun	0.0536334939417	0.848972956832	0.0725271111257	0.0248664381002
-men	0.0429184549356	0.759656652361	0.19313304721	0.00429184549356
-meh	0.528392607894	0.0557801826844	0.0283804481582	0.387446761263
-jip	0.00937566588537	0.901768591519	0.0747922437673	0.014063498828
-alu	0.0520002361128	0.0128385949848	0.00598373086138	0.929177438041
-aya	0.150692218086	0.586098100605	0.114454807039	0.14875487427
-ndu	0.0874810176676	0.721920203992	0.0258955545965	0.164703223744
-nah	0.0670261841774	0.470881669982	0.363130985259	0.0989611605821
-ayu	0.125865127592	0.812932726429	0.0208560884361	0.0403460575422
-mar	0.0982815469252	0.145898434843	0.645066193778	0.110753824454
-lap	0.0670391061453	0.510216576108	0.351572663963	0.0711716537844
-uba	0.381857764877	0.172133526851	0.0648766328011	0.381132075472
-umu	0.435762816553	0.117047560222	0.0673255095738	0.37986411365
-ota	0.0867652148119	0.907302120927	0.00593266426064	0.0
-ija	0.0829353017803	0.883847155884	0.0143291359097	0.0188884064264
-oti	0.0229989210341	0.959957445452	0.0113467608371	0.005696872677
-oam	0.0	0.93521317949	0.0	0.0647868205096
----	0.515463917526	0.443298969072	0.0	0.0412371134021
-uma	0.210684725357	0.355906696764	0.20993227991	0.223476297968
-nua	0.0754573103149	0.54286111185	0.00786198376175	0.373819594073
-ulu	0.0845858530098	0.144079492134	0.156525230221	0.614809424635
-nak	0.0179257059199	0.813908099073	0.0144502140567	0.153715980951
ALL	0.214291837013	0.256139962018	0.0477727996314	0.481795401338
-nai	0.0	1.0	0.0	0.0
-nan	0.00299988461982	0.248298142379	0.734856351679	0.0138456213222
-aki	0.0468007041932	0.830686971309	0.0294492403629	0.0930630841353
-nam	0.352228163993	0.256340279058	0.138717806872	0.252713750077
-sis	0.0	1.0	0.0	0.0
-sir	0.0636182902584	0.86083499006	0.0218687872764	0.0536779324056
-kih	0.308681672026	0.324758842444	0.347266881029	0.0192926045016
-kin	0.391237656212	0.201283539506	0.0396361351734	0.367842669109
-kim	0.438464329709	0.541971645081	0.0106862322576	0.00887779295248
-nsa	0.209526352088	0.67080468976	0.0700238047565	0.0496451533961
-sik	0.203861298107	0.728216689953	0.0136225073034	0.0542995046361
-kir	0.826994489698	0.119549592717	0.0251557259224	0.0283001916627
-sih	0.0894617538084	0.820237438836	0.0741723336077	0.0161284737483
-sin	0.0518878499266	0.774477686417	0.159207110263	0.0144273533942
-kit	0.0779103912096	0.563607085346	0.326750023681	0.0317324997632
-nas	0.0627184659942	0.883351642864	0.0299610506342	0.0239688405073
-sia	0.0269213053511	0.837112611422	0.0901230610628	0.0458430221646
-nau	0.0564756113339	0.901313235865	0.0295963255272	0.0126148272739
-put	0.225163904011	0.71682443513	0.0314639516523	0.0265477092066
-gok	0.0	0.981132075472	0.0188679245283	0.0
-mos	0.0	1.0	0.0	0.0
-mor	0.0377358490566	0.924528301887	0.0377358490566	0.0
-gon	0.0	1.0	0.0	0.0
-bal	0.0964705882353	0.557647058824	0.0564705882353	0.289411764706
-lki	0.0	1.0	0.0	0.0
-mon	0.00177664511218	0.99544251906	0.000926945275918	0.00185389055184
-lka	0.797604229717	0.0692560029338	0.0130417530998	0.120098014249
-yau	0.507794765177	0.117429539085	0.0347211090024	0.340054586736
-yat	0.56644009063	0.323603891777	0.0649740103958	0.0449820071971
-nto	0.102316602317	0.781853281853	0.0984555984555	0.0173745173745
-yas	0.372340425532	0.202127659574	0.281914893617	0.143617021277
-yar	0.69878042453	0.247122419052	0.0211227412867	0.0329744151308
-ber	0.0	1.0	0.0	0.0
-eor	0.0	1.0	0.0	0.0
-bet	0.010359441218	0.975827970491	0.0	0.0138125882907
-nta	0.587155190261	0.0922355021765	0.137675982032	0.18293332553
-puh	0.288756388416	0.488926746167	0.117546848382	0.104770017036
-rli	0.0	0.980263157895	0.0	0.0197368421053
-lpa	0.0	1.0	0.0	0.0
-yan	0.197414148373	0.72465354878	0.0501608468603	0.027771455987
-yai	0.0292996100567	0.490703836956	0.464592713876	0.0154038391107
-yak	0.0931909582582	0.838579947303	0.0330051310498	0.0352239633893
-rek	0.0270541082164	0.922845691383	0.0350701402805	0.0150300601202
-upu	0.493880489561	0.430525557955	0.0583153347732	0.0172786177106
-isi	0.569962360541	0.203772830257	0.0116600308804	0.214604778321
-rea	0.0643863179074	0.839034205231	0.00603621730382	0.0905432595573
-isa	0.637800123127	0.32561343848	0.0262085544253	0.010377883967
-ual	0.82207747686	0.0965277437681	0.00323228365738	0.0781624957148
-res	0.0626131953428	0.834928848642	0.0739974126779	0.0284605433376
-isu	0.287476280835	0.0906072106261	0.559297912714	0.0626185958254
-ist	0.233644859813	0.710280373832	0.0373831775701	0.0186915887851
-rew	0.00222855020428	0.971771697412	0.0200569518386	0.00594280054476
-ret	0.0105263157895	0.985964912281	0.00350877192982	0.0
-upi	0.594902795906	0.272034072955	0.100982345263	0.0320807858763
-jur	0.549344375431	0.23740510697	0.0931677018633	0.120082815735
-jut	0.157342657343	0.667832167832	0.13986013986	0.034965034965
-hah	0.484907497566	0.424537487829	0.0467380720546	0.0438169425511
-mas	0.097933776678	0.733821017234	0.164327855021	0.00391735106712
-hak	0.176409402954	0.706261701685	0.0411899313501	0.0761389640108
-mau	0.250947368421	0.627789473684	0.121263157895	0.0
-ham	0.0311677699577	0.775273958278	0.10326026158	0.090298010185
-han	0.00555807622505	0.97316861904	0.00365554363966	0.0176177610955
-hap	0.0535714285714	0.946428571429	0.0	0.0
-mah	0.0460194209518	0.832218484238	0.0740836929039	0.0476784019062
-har	0.530343288341	0.305133382931	0.144117334467	0.0204059942608
-has	0.12413014858	0.81380477713	0.0	0.06206507429
-hat	0.544522011683	0.269981478843	0.137626442513	0.0478700669611
-hau	0.532694475761	0.366121758737	0.04396843292	0.0572153325817
-man	0.111237717636	0.747490380966	0.104563454578	0.03670844682
-juk	0.569995937286	0.346916245357	0.0536355503916	0.0294522669657
-juh	0.00599553820413	0.0135248187395	0.0801031790296	0.900376464027
-jun	0.571601941748	0.36286407767	0.0182038834951	0.0473300970874
-jum	0.342465753425	0.547945205479	0.0273972602739	0.082191780822
-uni	0.0672823218997	0.790237467018	0.10290237467	0.0395778364116
-ung	0.403793093692	0.412718860262	0.102888148957	0.0805998970888
-una	0.207963303731	0.336741013355	0.38435667446	0.0709390084541
-nka	0.569810311283	0.241513796359	0.112075500089	0.076600392269
-unu	0.716342692585	0.196184305256	0.0766738660907	0.0107991360691
-666	0.0	0.0	0.0	1.0
-tra	0.0	0.98064516129	0.0193548387097	0.0
-ada	0.560954007718	0.337318909344	0.0387170241032	0.0630100588347
-gan	0.034847557168	0.312302954427	0.0622016710987	0.590647817306
-gam	0.45424223473	0.446946007922	0.0312695434647	0.0675422138837
-gal	0.112875586388	0.244110602028	0.0570048157732	0.586008995811
-gak	0.267558528428	0.190635451505	0.394648829431	0.147157190635
-gai	0.0569134808806	0.0229099083785	0.00902916727818	0.911147443463
-adi	0.359416768846	0.330571133235	0.0169230021084	0.293089095811
-gau	0.0241502491648	0.0124130052115	0.00307638032863	0.960360365295
-adu	0.182393834515	0.447981849453	0.266706534698	0.102917781334
-gas	0.3481730694	0.229324778969	0.361474063062	0.061028088569
-gar	0.271220263097	0.239978588896	0.372554186545	0.116246961462
-gap	0.281812861695	0.41257559009	0.211977371741	0.0936341764743
-ben	0.0	0.653929343908	0.0	0.346070656092
-nor	0.0260006842285	0.936366746493	0.0321587410195	0.00547382825863
-ini	0.098786102972	0.685518661211	0.0352551233972	0.18044011242
-sem	0.0	1.0	0.0	0.0
-bel	0.0540784136998	0.905362776025	0.0	0.0405588102749
-ina	0.154241975027	0.0678986829352	0.0318575745482	0.74600176749
-apa	0.120053788417	0.106788428676	0.0541549272127	0.719002855694
-uit	0.101703668259	0.85223760127	0.0245272101288	0.0215315203421
-sea	0.0	0.980769230769	0.0	0.0192307692308
-ing	0.30543491733	0.515329809921	0.100691819639	0.0785434531105
-kah	0.21838295398	0.562620484414	0.0628334208698	0.156163140736
-iki	0.415027061445	0.0175740210124	0.00229226361032	0.565106653932
-uin	0.0168161434978	0.938340807175	0.0	0.0448430493273
-ohn	0.0123417248521	0.930753955544	0.0137082826212	0.0431960369825
-set	0.0	1.0	0.0	0.0
-int	0.00478468899522	0.980861244019	0.00478468899523	0.00956937799044
-inu	0.339397949057	0.40092623222	0.189216010586	0.0704598081376
-sep	0.0188710478398	0.954808806489	0.00794570435358	0.0183744413177
-aam	0.0133333333333	0.973333333333	0.0	0.0133333333333
-eda	0.668798163656	0.0813709181488	0.0249708173778	0.224860100818
-kus	0.186271242919	0.786237920693	0.0174941686105	0.00999666777741
-kur	0.592035120727	0.30260269677	0.0225776105362	0.0827845719661
-kup	0.213973580685	0.322187722201	0.210159323403	0.253679373711
-iam	0.657276995305	0.0590560909315	0.283666913763	0.0
-ian	0.0945644801861	0.78286987695	0.100862319543	0.0217033233214
-iah	0.013476553371	0.962979115152	0.0068968243722	0.0166475071053
-iak	0.0979759608943	0.692068597236	0.167555444219	0.042399997651
-iau	0.631097527746	0.230454547106	0.0244145335908	0.114033391557
-iat	0.0914976078593	0.588793140164	0.211388577351	0.108320674626
-nel	0.0361445783133	0.963855421687	0.0	0.0
-tka	0.718801371284	0.142915619918	0.0762089836209	0.0620740251767
-iap	0.0827790096083	0.10273466371	0.115668883962	0.69881744272
-ias	0.0943236373906	0.870658006213	0.0293702343971	0.00564812199944
-edu	0.0188679245283	0.943396226415	0.0377358490566	0.0
-kun	0.245669202909	0.48900805795	0.184385903565	0.0809368355765
-kum	0.463823795115	0.426962243976	0.0764404087642	0.0327735521447
-kul	0.116161113684	0.737887745198	0.0574807576321	0.0884703834859
-kuk	0.213211691164	0.727318803852	0.0442642338233	0.0152052711607
-kui	0.0181818181818	0.889510489511	0.0923076923076	0.0
-kuh	0.398137059215	0.522022621424	0.0311377245509	0.0487025948104
-ban	0.0809322748994	0.0541764044697	0.0115601134235	0.853331207207
-eka	0.195075173658	0.0353014323644	0.00993790582054	0.759685488157
-bam	0.0755107600109	0.674584581858	0.239117406701	0.0107872514301
-bak	0.467207093453	0.454304704148	0.0581783685821	0.0203098338165
-bah	0.333592018517	0.334788231533	0.250024650105	0.0815950998453
-bai	0.708826960032	0.0946084971763	0.0305028992439	0.166061643548
-jop	0.0175438596491	0.982456140351	0.0	0.0
-hor	0.0	1.0	0.0	0.0
-hop	0.220768601799	0.746524938675	0.0265739983647	0.00613246116109
-mka	0.923697533043	0.0429143158393	0.00994956001609	0.0234385911018
-bau	0.144212523719	0.460626185958	0.303130929791	0.0920303605313
-bar	0.495475802075	0.313181916636	0.114301836454	0.0770404448348
-bas	0.0729211810593	0.794143694296	0.097039814588	0.0358953100564
-bap	0.181818181818	0.672727272727	0.145454545455	0.0
-nya	0.154808842601	0.111316740346	0.00606304376629	0.727811373287
-mbu	0.759932136293	0.132899759649	0.0387388661106	0.0684292379471
-asa	0.0994758727483	0.741089809356	0.0819226054711	0.0775117124249
-nyi	0.139228238302	0.173172179899	0.0991008462944	0.588498735504
-asi	0.250937588452	0.479992216247	0.246780356637	0.022289838664
-mba	0.101708175773	0.836556989902	0.0431173121224	0.0186175222034
-asu	0.745221592102	0.148918294476	0.0762444864524	0.0296156269691
-mbi	0.795491856887	0.156548962636	0.0102701432296	0.0376890372471
-lta	0.00481540930979	0.988764044944	0.00642054574639	0.0
-rat	0.190028086549	0.667953476641	0.0491188979643	0.0928995388457
-rau	0.140827301257	0.723864944568	0.103846335809	0.0314614183659
-gur	0.0931547348023	0.892669296358	0.00239883437259	0.0117771344673
-ras	0.24254587156	0.615252293578	0.0905963302753	0.0516055045872
-rap	0.265078278042	0.693146888786	0.0209909379031	0.0207838952683
-ran	0.331501393867	0.120456657374	0.065047125979	0.48299482278
-eri	0.53216278677	0.343865761552	0.0173425837492	0.106628867929
-ral	0.218181818182	0.430303030303	0.30303030303	0.0484848484849
-ram	0.681886513173	0.21873092261	0.0134756019278	0.0859069622895
-rak	0.120747006711	0.469193204442	0.381442378999	0.0286174098475
-rah	0.0328458102613	0.885781942283	0.0623513686317	0.0190208788236
-rai	0.324400961466	0.399834747991	0.106193194622	0.169571095921
-era	0.0524861878453	0.895948434623	0.0303867403315	0.0211786372007
-ugu	0.216592177293	0.72848843872	0.0364072320807	0.0185121519054
-pos	0.0	1.0	0.0	0.0
-uga	0.911111111111	0.0222222222222	0.0666666666667	0.0
-ugi	0.210854092527	0.663701067616	0.114768683274	0.0106761565836
-ike	0.0	1.0	0.0	0.0
-uju	0.54183764496	0.350044603033	0.0629794826049	0.0451382694023
-ika	0.336296766609	0.129892412496	0.0323708790633	0.501439941832
-iko	0.0	1.0	0.0	0.0
-lam	0.0236310510819	0.108483531886	0.0230812296786	0.844804187353
-lan	0.0990159901599	0.707493613398	0.0831677547545	0.110322641688
-nos	0.0384615384615	0.961538461538	0.0	0.0
-lah	0.0412636287931	0.494352942825	0.0628084812801	0.401574947101
-lai	0.283629839681	0.196619084568	0.0275587331084	0.492192342643
-oum	0.0338983050847	0.745762711864	0.0847457627118	0.135593220339
-lak	0.578028236886	0.30812451298	0.0735655989829	0.0402816511504
-lat	0.473744949128	0.116385899804	0.181793455199	0.228075695869
-lau	0.235625704622	0.562119503946	0.163697857948	0.0385569334837
-iku	0.0472476810708	0.131715000348	0.065993435866	0.755043882716
-aan	0.012987012987	0.753246753247	0.233766233766	0.0
-iks	0.0055086301873	0.976863753213	0.00881380829966	0.00881380829967
-lar	0.151962570229	0.786101896416	0.0345151579068	0.0274203754482
-las	0.105084323282	0.310917093585	0.020137882177	0.563860700956
-uji	0.632493234608	0.291243864432	0.040075145068	0.036187755892
-ppa	0.456	0.28	0.0	0.264
-aaa	0.239130434783	0.347826086957	0.413043478261	0.0
-uki	0.0	0.991044776119	0.00895522388059	0.0
-don	0.0127795527157	0.979233226837	0.0	0.00798722044729
-ger	0.037037037037	0.925925925926	0.037037037037	0.0
-dom	0.00473933649289	0.995260663507	0.0	0.0
-dok	0.0	1.0	0.0	0.0
-sar	0.17300986871	0.616310324836	0.140097216918	0.0705825895355
-sap	0.356309420916	0.479904926534	0.0373811581677	0.126404494382
-sau	0.387007039419	0.357534503886	0.243249045161	0.0122094115332
-mpi	0.52436262999	0.450729620933	0.00687688695068	0.0180308621268
-ter	0.0286927374302	0.898458100559	0.00509497206704	0.0677541899441
-ibu	0.00822753605324	0.265592259337	0.0254221619623	0.700758042648
-ddi	0.0	1.0	0.0	0.0
-mpa	0.761325079536	0.187899542325	0.027620865423	0.0231545127163
-ges	0.0740740740741	0.888888888889	0.037037037037	0.0
-tor	0.085386679678	0.90892087501	0.0	0.00569244531186
-sak	0.580202960305	0.35924534649	0.0334716304104	0.0270800627944
-sai	0.0845804012439	0.30499881955	0.541737923563	0.0686828556438
-mpu	0.134455805308	0.189863896924	0.255699373387	0.419980924381
-iba	0.196915776987	0.508896797153	0.104389086596	0.189798339265
-sam	0.0353634577603	0.579567779961	0.37721021611	0.00785854616895
-sal	0.19355117975	0.0861934862506	0.0159549932568	0.704300340743
-lon	0.0239948119326	0.964332036316	0.00778210116733	0.00389105058365
-ieh	0.347018572825	0.314760508309	0.325513196481	0.0127077223851
-atu	0.134378165679	0.290442056571	0.0498977677125	0.525282010037
-iel	0.0658844199034	0.923574072912	0.00527075359226	0.00527075359226
-loi	0.0235294117647	0.952941176471	0.0117647058824	0.0117647058824
-rod	0.0147314248955	0.930845931168	0.0418140881313	0.0126085558057
-ron	0.00967316429723	0.975817089257	0.0145097464458	0.0
-roh	0.00338775341869	0.921109533433	0.0676863313478	0.00781638180079
-los	0.00384615384615	0.996153846154	0.0	0.0
-ipi	0.0107526881721	0.983870967742	0.0	0.00537634408602
-ipa	0.0740570377185	0.910763569457	0.00689972401104	0.00827966881325
-mat	0.28572973014	0.162151294676	0.20229081474	0.349828160444
-hka	0.642246161348	0.128338120537	0.0416117282701	0.187803989845
-lin	0.184474916842	0.634444369018	0.166315932387	0.0147647817528
-ewi	0.0457399103139	0.92331838565	0.0161434977579	0.014798206278
-ipu	0.629726433177	0.262879711913	0.0565139106697	0.0508799442412
-mai	0.652530657983	0.147171972157	0.0289138247342	0.171383545126
-awa	0.154183913347	0.732633989598	0.0286322779633	0.0845498190919
-sat	0.63311082549	0.167046726647	0.0642646875907	0.135577760272
-mak	0.125141776938	0.0928376391514	0.0543583280823	0.727662255829
-cha	0.830178547456	0.150132008771	0.00841276233947	0.0112766814337
-mam	0.00717814140166	0.914749922816	0.0736724297623	0.00439950602038
-mal	0.227122381477	0.539415656009	0.0322491730981	0.201212789416
-pik	0.230714791224	0.55838641189	0.193913658882	0.0169851380042
-276	0.0	0.206349206349	0.0	0.793650793651
-pka	0.712654351951	0.139526646706	0.0770862575105	0.0707327438329
-til	0.082121471343	0.887082976903	0.0205303678358	0.0102651839179
-sti	0.0	0.92	0.08	0.0
-nap	0.0640116574075	0.15752332132	0.0142855284214	0.764179492851
-oli	0.0	1.0	0.0	0.0
-gku	0.158653846154	0.8125	0.0192307692308	0.00961538461538
-pir	0.197320341048	0.63946406821	0.126674786845	0.0365408038977
-pit	0.179397195173	0.605599407661	0.18785046615	0.0271529310162
-iok	0.0483714930668	0.938084488875	0.0	0.0135440180587
-lek	0.0	0.980891719745	0.0191082802548	0.0
-lel	0.0	1.0	0.0	0.0
-ion	0.0133037694013	0.977827050998	0.00886917960088	0.0
-mum	0.0	1.0	0.0	0.0
-lea	0.0	1.0	0.0	0.0
-mun	0.153879973621	0.726313475489	0.107715981534	0.0120905693559
-muh	0.630665380906	0.299903567985	0.0520732883317	0.0173577627772
-muk	0.635703918723	0.312046444122	0.00870827285921	0.0435413642961
-mut	0.835694050992	0.070821529745	0.0453257790368	0.0481586402266
-mus	0.00562851782364	0.988742964353	0.0	0.00562851782364
-mur	0.111822078648	0.466670808225	0.363483878984	0.058023234143
-ios	0.0	0.918367346939	0.0816326530612	0.0
-jar	0.332520115213	0.61639526073	0.030504860335	0.020579763722
-les	0.0	1.0	0.0	0.0
-oik	0.22641509434	0.462264150943	0.311320754717	0.0
-iot	0.0	1.0	0.0	0.0
-sah	0.169867194739	0.550351543339	0.246655644981	0.0331256169419
-git	0.0489223740102	0.89259484912	0.0407810934498	0.0177016834205
-gis	0.439285714286	0.442857142857	0.0535714285714	0.0642857142857
-gir	0.362745970973	0.163565132223	0.458730300062	0.0149585967412
-san	0.17551712816	0.737586188027	0.0119514063697	0.0749452774434
-ndi	0.227653016292	0.753852928225	0.00792602377809	0.0105680317041
-gin	0.246683843878	0.616471037313	0.10258612463	0.0342589941788
-gil	0.770428015564	0.15953307393	0.0	0.0700389105058
-ali	0.28292637559	0.4097381804	0.0340659993619	0.273269444649
-nda	0.298101377375	0.0525974383615	0.0122439401566	0.637057244107
-gia	0.0375	0.925	0.025	0.0125
-ala	0.080494438516	0.586626776796	0.00949883140378	0.323379953284
-chi	0.348132131154	0.160298681953	0.459697974415	0.0318712124775
-yap	0.027027027027	0.952702702703	0.00675675675675	0.0135135135135
-pen	0.174534470483	0.127512340144	0.0180894448201	0.679863744552
-elu	0.0369373888458	0.805235076839	0.0694970130877	0.0883305212276
-eli	0.358305194641	0.370921293061	0.257732175787	0.0130413365107
-pes	0.166666666667	0.8	0.0333333333334	0.0
-rka	0.660342184562	0.236028992731	0.0379028250253	0.0657259976813
-ela	0.39177447686	0.205565222092	0.0648541695008	0.337806131547
-iya	0.0233565257926	0.0449250988558	0.000495264596636	0.931223110755
-chu	0.135135135135	0.864864864865	0.0	0.0
-abu	0.187632490262	0.630253622131	0.11589065575	0.0662232318572
-itu	0.257033447952	0.0546655204751	0.0178180681463	0.670482963426
-rid	0.0564389749262	0.922105457227	0.00172842920354	0.0197271386431
-esu	0.0781326781327	0.162162162162	0.749877149877	0.00982800982801
-esi	0.0421984592388	0.7512935495	0.175002874554	0.0315051167069
-iti	0.0472612340741	0.134557556494	0.156589555637	0.661591653795
-esa	0.604376108812	0.259018332348	0.0532229450029	0.083382613838
-ese	0.427564102564	0.466666666667	0.0769230769231	0.0288461538462
-ita	0.0149110526681	0.0455278979462	0.0182275547911	0.921333494595
-udu	0.277777777778	0.244444444444	0.388888888889	0.0888888888889
-uda	0.0437987857762	0.930615784909	0.0195143104944	0.00607111882047
-ude	0.0363636363636	0.945454545455	0.0181818181818	0.0
-udi	0.0565493786789	0.0785088293003	0.68474558535	0.180196206671
-hum	0.0	1.0	0.0	0.0
-hun	0.215163934426	0.407786885246	0.377049180328	0.0
-rim	0.0	1.0	0.0	0.0
-huk	0.428423236515	0.53112033195	0.0155601659751	0.0248962655602
-gua	0.0128755364807	0.935622317597	0.0128755364807	0.038626609442
-hut	0.777777777778	0.037037037037	0.0	0.185185185185
-lot	0.0400667779633	0.959933222037	0.0	0.0
-ses	0.0349840628158	0.955220399596	0.00186581668351	0.00792972090492
-tua	0.18312262468	0.504847591716	0.0195454898007	0.292484293803
-tuh	0.845026178011	0.142408376963	0.0125654450262	0.0
-tuk	0.155760906481	0.19398415648	0.072116788637	0.578138148402
-tul	0.198582918422	0.324779777863	0.183837610111	0.292799693604
-ael	0.0151002657647	0.953415680116	0.0210648707417	0.0104191833776
-tun	0.340687865023	0.641791044776	0.0116807268008	0.00584036340039
-sor	0.0	1.0	0.0	0.0
-tup	0.535695187166	0.418449197861	0.0251336898396	0.0207219251337
-kot	0.0708705357143	0.857142857143	0.0133928571429	0.05859375
-tur	0.249478305378	0.639981494606	0.0566973777463	0.0538428222695
-tus	0.051179776958	0.888608343203	0.0147478809095	0.0454639989294
-tut	0.226815607444	0.0447563046278	0.213838843116	0.514589244812
-kop	0.00501532460295	0.988018946782	0.00167177486765	0.00529395374756
-kos	0.0	0.990566037736	0.00943396226415	0.0
-bba	0.0975609756098	0.786585365854	0.0	0.115853658537
-eju	0.25221238938	0.473451327434	0.265486725664	0.00884955752213
-tna	0.0	0.780487804878	0.219512195122	0.0
-lit	0.666276432282	0.178971244604	0.138142972123	0.0166093509914
-rus	0.0884524560655	0.471108523392	0.288985515987	0.151453504556
-rup	0.643871796702	0.313798272539	0.0306231708188	0.01170675994
-dus	0.0491538635484	0.61524875658	0.273008343825	0.062589036047
-lip	0.00168161434978	0.994955156951	0.0	0.00336322869955
-rut	0.116179001721	0.755002151463	0.0731497418245	0.0556691049914
-lis	0.76736726521	0.213751498371	0.00757363028003	0.011307606139
-ruk	0.433912229617	0.297680948419	0.2481281198	0.0202787021631
-ruh	0.116703764704	0.222602008118	0.159912067314	0.500782159864
-lio	0.0128205128205	0.987179487179	0.0	0.0
-lih	0.233830932908	0.069804772155	0.11214606216	0.584218232777
-rum	0.034242852484	0.885857158387	0.0798999891292	0.0
-rub	0.275362318841	0.63768115942	0.0434782608696	0.0434782608695
-gah	0.200405350628	0.282691528172	0.072611809215	0.444291311985
-lia	0.0351649740845	0.767140027812	0.158063292739	0.0396317053643
-ome	0.0107514036555	0.668498387289	0.312686656313	0.00806355274158
-144	0.0106761565836	0.0818505338078	0.0	0.907473309609
-abi	0.142866772569	0.824510306427	0.0140539289316	0.0185689920726
-oda	0.0	1.0	0.0	0.0
-gat	0.160274877071	0.658624423343	0.157476334293	0.0236243652926
-rna	0.0	1.0	0.0	0.0
-rni	0.0	1.0	0.0	0.0
-jin	0.0993377483443	0.46357615894	0.327814569536	0.109271523179
-ura	0.19870887867	0.591130173329	0.173019101521	0.0371418464804
-mew	0.00253164556962	0.99746835443	0.0	0.0
-uru	0.458668587762	0.278478162083	0.00969494475197	0.253158305403
-jik	0.176470588235	0.598615916955	0.186851211073	0.0380622837371
-dup	0.310991739451	0.579603344812	0.0821149982072	0.0272899175298
-pai	0.0120906402804	0.979687955913	0.00231364104132	0.00590776276512
-dur	0.0472592981404	0.561318986203	0.0177901919616	0.373631523695
-pak	0.110706640193	0.735736519784	0.135404161709	0.0181526783139
-was	0.205973223481	0.614830072091	0.117404737384	0.0617919670443
-jih	0.0948651643886	0.78485408201	0.117620982638	0.00265977096417
-pan	0.486897143579	0.154974559348	0.0792781262717	0.278850170801
-wap	0.445583201553	0.377864963869	0.108092959946	0.0684588746322
-ais	0.299763965382	0.619984264359	0.0330448465775	0.0472069236821
-api	0.0456559859716	0.922684520963	0.0286944045911	0.00296508847441
-dua	0.0589309305499	0.0317863816836	0.182642743467	0.726639944299
-sop	0.0	0.939546599496	0.0604534005038	0.0
-apu	0.486293206198	0.303933253874	0.171632896305	0.0381406436234
-duh	0.502051983584	0.159370725034	0.274965800274	0.0636114911081
-par	0.190554637976	0.484942022647	0.316937199339	0.00756614003728
-pas	0.246778904348	0.621031990758	0.0718406979137	0.0603484069801
-dul	0.374581939799	0.222742474916	0.369230769231	0.0334448160535
-pau	0.316021724372	0.314494229464	0.206720977597	0.162763068568
-wai	0.0367240271031	0.924370633424	0.0253116536877	0.0135936857856
-nun	0.381461675579	0.319073083779	0.256684491979	0.0427807486631
-kon	0.125144843569	0.760139049826	0.100811123986	0.0139049826188
-nuk	0.105309346204	0.884159719175	0.00263273365511	0.00789820096533
-nuh	0.583303928688	0.251587109536	0.133839265121	0.0312696966536
-sen	0.0476849549101	0.897817953764	0.0544970913259	0.0
-kem	0.0199203187251	0.972111553785	0.00796812749006	0.0
-sut	0.293664627205	0.045265367103	0.0188887307911	0.6421812749
-kek	0.0	0.828828828829	0.162162162162	0.009009009009
-sur	0.673520028359	0.198865650479	0.0425381070542	0.0850762141085
-sup	0.45	0.25	0.3	0.0
-sun	0.310843373494	0.331325301205	0.114457831325	0.243373493976
-sul	0.026468129895	0.935841872272	0.0277837971705	0.00990620066248
-suk	0.37024588714	0.399964620555	0.182027242172	0.0477622501327
-sos	0.019801980198	0.980198019802	0.0	0.0
-sui	0.814925981509	0.134172024284	0.0188983380579	0.032003656149
-suh	0.612991193599	0.143112602898	0.00886550411731	0.235030699385
-ark	0.0628645495787	0.906027219702	0.00777705767984	0.0233311730395
-nus	0.00952380952381	0.990476190476	0.0	0.0
-sua	0.270598438855	0.715524718127	0.0104076322636	0.00346921075455
-dia	0.128408430103	0.111604192426	0.172110959173	0.587876418298
-lui	0.538461538462	0.132569558101	0.0687397708674	0.26022913257
-din	0.273650454302	0.158738642437	0.0753607696419	0.492250133618
-dik	0.40453513202	0.314713757923	0.262854624953	0.0178964851032
-son	0.0199909132213	0.975011358473	0.00499772830531	0.0
-dis	0.201013726799	0.446833456592	0.305308537311	0.046844279298
-sli	0.0	1.0	0.0	0.0
-ska	0.599723768626	0.215344982818	0.130278918267	0.0546523302898
-uku	0.334926824869	0.578313695184	0.0629776935651	0.0237817863813
-uka	0.465623974661	0.101073840855	0.0564002644647	0.376901920019
-uke	0.0131578947368	0.973684210526	0.0	0.0131578947368
-rta	0.00660501981506	0.97357992074	0.0	0.0198150594452
-nna	0.0225225225225	0.925675675676	0.0225225225225	0.0292792792793
-ait	0.0881104033971	0.354564755839	0.557324840764	0.0
-ngu	0.00894454382826	0.0500894454383	0.933810375671	0.00715563506261
-tir	0.201342281879	0.697986577181	0.0805369127517	0.0201342281879
-tis	0.0579710144927	0.925465838509	0.00828157349896	0.00828157349896
-kka	0.587207336165	0.168627941529	0.0314467931727	0.212717929133
-nga	0.858556356463	0.103028850079	0.00787235548078	0.0305424379777
-aia	0.00358744394619	0.992825112108	0.0	0.00358744394619
-mek	0.0	1.0	0.0	0.0
-reu	0.0	1.0	0.0	0.0
-aim	0.0344827586207	0.931034482759	0.0344827586207	0.0
-ngi	0.154037338882	0.390266458586	0.057337726143	0.398358476389
-tin	0.0903426791277	0.697819314642	0.177570093458	0.0342679127725
-ain	0.117334296859	0.755521165553	0.076218548538	0.05092598905
-tih	0.689536878216	0.179245283019	0.0437392795883	0.0874785591767
-aik	0.0725071511482	0.885944565031	0.0193577231438	0.022190560677
-tik	0.182116696135	0.476635514019	0.312957817631	0.0282899722152
-jau	0.521774252772	0.424249100389	0.0231328486451	0.0308437981934
-ema	0.218576271186	0.121627118644	0.0363389830509	0.623457627119
-jap	0.19689119171	0.689119170985	0.0829015544041	0.0310880829015
-emi	0.120797413793	0.256573275862	0.590732758621	0.0318965517242
-emu	0.751119654974	0.0799724900243	0.0317668593695	0.137140995632
-uli	0.030205177082	0.813015570445	0.142395834815	0.0143834176581
-dar	0.0931956778815	0.451102939504	0.190473460051	0.265227922564
-jan	0.209585838343	0.780394121576	0.00501002004008	0.00501002004008
-jal	0.209081309398	0.576557550158	0.0971488912355	0.117212249208
-jam	0.0539898768981	0.715334624758	0.177810410548	0.052865087796
-jak	0.60972090438	0.0898596942356	0.0548646630472	0.245554738337
-jah	0.0425859142978	0.949246924056	0.00700042426814	0.00116673737802
-jai	0.1074191506	0.242118743031	0.598063379016	0.0523987273525
-gga	0.289215686274	0.691176470588	0.0	0.0196078431372
-ana	0.080437219731	0.634715994021	0.192825112108	0.0920216741404
-uie	0.543901001768	0.15556865056	0.0388921626399	0.261638185032
-egu	0.872014149508	0.101661552896	0.0122033167664	0.0141209808297
-ser	0.0173913043478	0.965217391304	0.0	0.0173913043478
-dai	0.157168113729	0.21596077169	0.0162315580194	0.610639556562
-uar	0.0513769301928	0.158258023198	0.240233402121	0.550131644489
-etu	0.761796042618	0.0673515981735	0.0372907153729	0.133561643836
-000	0.113636363636	0.0909090909091	0.0113636363636	0.784090909091
-eta	0.048056402742	0.0430917879139	0.0100354670701	0.898816342274
-eti	0.569156153997	0.183052487091	0.0431400745147	0.204651284398
-non	0.0	1.0	0.0	0.0
-buk	0.215080789946	0.55092758827	0.207420706164	0.0265709156194
-buh	0.128947562361	0.125667733902	0.00826168740085	0.737123016336
-ank	0.0449859418932	0.955014058107	0.0	0.0
-bun	0.162901013086	0.784253178117	0.0218446057662	0.0310012030307
-lim	0.0	0.962962962963	0.037037037037	0.0
-uya	0.314821907315	0.509000382995	0.173879739563	0.00229797012639
-bus	0.352620702611	0.513995866992	0.0894232575615	0.0439601728349
-tia	0.0445344129555	0.894736842105	0.0566801619433	0.00404858299595
-omi	0.00952380952381	0.971428571429	0.0190476190476	0.0
-300	0.207142857143	0.342857142857	0.0214285714286	0.428571428571
-weh	0.0288628054647	0.971137194535	0.0	0.0
-ata	0.109914116568	0.606587175853	0.0997581922788	0.183740515301
-bur	0.0541865565733	0.921183190439	0.0154818733067	0.00914837968121
-run	0.196591288405	0.432969146228	0.00313868504043	0.367300880326
-bup	0.0801405432888	0.887288458745	0.00362253050552	0.0289484674608
-uyu	0.140664409017	0.832110221496	0.0181502463248	0.00907512316237
-but	0.748257354792	0.185270442538	0.0144844799681	0.0519877227024
-ati	0.323671924516	0.25949395432	0.126936870341	0.289897250823
-kak	0.653632286996	0.206098654709	0.0749775784753	0.0652914798206
-nis	0.0343486714193	0.697342838626	0.264419961115	0.00388852883992
-kai	0.206913574897	0.25322247107	0.0683185492682	0.471545404764
-edi	0.0785070785071	0.88416988417	0.01287001287	0.024453024453
-osa	0.113652864842	0.7868676436	0.0829234371964	0.0165560543619
-kan	0.286028069057	0.650286935288	0.0238637947384	0.0398212009171
-kam	0.693877551021	0.238095238095	0.0	0.0680272108843
-kal	0.507396345335	0.284118435596	0.0896027845065	0.118882434562
-lik	0.315569001629	0.588550151268	0.0517570397952	0.0441238073074
-osi	0.0	1.0	0.0	0.0
-nes	0.0339805825243	0.898058252427	0.0388349514563	0.0291262135922
-nia	0.00488102501525	0.956070774863	0.0378279438682	0.00122025625381
-kas	0.155718879192	0.432521819017	0.097565457051	0.31419384474
-kar	0.252006693367	0.586045431586	0.119288434791	0.0426594402564
-nih	0.101286691762	0.829464037458	0.0198169614317	0.049432309349
-kap	0.574612980021	0.355260074107	0.0339323931639	0.0361945527082
-nin	0.00556586270872	0.952690166976	0.0417439703154	0.0
-mua	0.0168821462684	0.147529183471	0.041463602309	0.794125067952
-kat	0.310274517401	0.570773910463	0.0342276693501	0.0847239027855
-aji	0.215630328089	0.735163706959	0.0135251997905	0.0356807651617
-aja	0.075568390994	0.450440650015	0.0625798119254	0.411411147066
-ate	0.022482197355	0.884130213632	0.0369277721261	0.0564598168871
-aju	0.159762109357	0.774433539867	0.0407037221293	0.0251006286464
-yuh	0.0267941677713	0.450719560689	0.429477642221	0.0930086293181
-yuk	0.0392857142857	0.932142857143	0.0285714285714	0.0
-ilu	0.0	0.019801980198	0.980198019802	0.0
-yua	0.119874029572	0.863504781454	0.0135991546153	0.00302203435895
-tke	0.529411764706	0.137254901961	0.137254901961	0.196078431373
-vid	0.00683760683761	0.985299145299	0.00410256410257	0.00376068376068
-ila	0.148836661057	0.52863921096	0.115940630265	0.206583497719
-ill	0.254656800204	0.696861444246	0.0178616994131	0.0306200561367
-yur	0.103448275862	0.862068965517	0.0344827586207	0.0
-yut	0.821917808219	0.150684931507	0.0	0.027397260274
-ili	0.00528465949553	0.97560061467	0.0151793411042	0.00393538473071
-iga	0.269221307784	0.0532486289542	0.221842162429	0.455687900833
-aoh	0.0552147239264	0.871165644172	0.0736196319018	0.0
-oah	0.0	0.995	0.0	0.00499999999999
-eba	0.466264080827	0.251538729532	0.214260829172	0.0679363604692
-igi	0.171406018944	0.343881139843	0.0467107629591	0.438002078254
-amu	0.0652977412731	0.630390143737	0.29568788501	0.00862422997946
-ebe	0.0	1.0	0.0	0.0
-ami	0.026566118705	0.0298746295976	0.00846161459857	0.935097637099
-ama	0.254305761414	0.27454368084	0.108769750877	0.362380806869
-oas	0.0	1.0	0.0	0.0
-ebu	0.3972513089	0.190445026178	0.327879581152	0.0844240837697
-usi	0.0133272713843	0.978370493983	0.00764679505653	0.000655439576274
-hik	0.649025069638	0.284122562674	0.066852367688	0.0
-iri	0.258321341353	0.0787999850301	0.0598282692484	0.603050404369
-hin	0.162513542795	0.702058504875	0.135427952329	0.0
-ein	0.0	1.0	0.0	0.0
-gus	0.414486921529	0.545271629779	0.0402414486922	0.0
-ire	0.0	0.996551724138	0.0	0.00344827586207
-usa	0.184049079755	0.560327198364	0.163599182004	0.0920245398773
-ira	0.323739765405	0.248697421164	0.0451271761296	0.382435637301
-use	0.04	0.96	0.0	0.0
-gut	0.169863013699	0.613150684932	0.21698630137	0.0
-guk	0.180952380952	0.742857142857	0.0380952380952	0.0380952380952
-eon	0.0682046138415	0.925777331996	0.00601805416249	0.0
-guh	0.418181818182	0.141649048626	0.0342494714588	0.405919661734
-gum	0.117647058824	0.882352941176	0.0	0.0
-gul	0.65625	0.15625	0.15625	0.03125
-iru	0.157873647656	0.465473487378	0.306932015494	0.0697208494724
-hir	0.534246575342	0.223744292237	0.10502283105	0.13698630137
-usu	0.0981981981982	0.464414414414	0.404954954955	0.0324324324325
-tap	0.274431339511	0.356571187869	0.27548441449	0.0935130581298
-epi	0.658772874058	0.285522066738	0.0266415500538	0.0290635091496
-epu	0.709219858156	0.265957446809	0.0118203309693	0.0130023640662
-pia	0.125114541482	0.153309367731	0.0231197575245	0.698456333263
-ula	0.211119853134	0.537372147915	0.206661421453	0.044846577498
-pih	0.389863547758	0.537037037037	0.0116959064328	0.0614035087719
-ius	0.0388246326977	0.944170053142	0.00587683651141	0.0111284776493
-iur	0.0	0.967032967033	0.032967032967	0.0
-pil	0.738562091503	0.235294117647	0.00653594771242	0.0196078431372
-iut	0.136025045882	0.863974954118	0.0	0.0
-pin	0.146748939307	0.0345374998819	0.0146465457775	0.804067015034
-iuk	0.0143540669857	0.946172248804	0.0394736842105	0.0
-pis	0.0871794871795	0.882051282051	0.0	0.0307692307692
-ium	0.433912275537	0.523108625258	0.017662643509	0.0253164556962
-nok	0.0	0.98773006135	0.0	0.0122699386503
-uel	0.00762388818297	0.984752223634	0.00762388818299	0.0
-kut	0.261100771071	0.354013412508	0.374309433071	0.0105763833496
-pap	0.134328358209	0.477611940299	0.328358208955	0.0597014925373
-uri	0.427268462676	0.525145107124	0.0415299754475	0.00605645475275
-agu	0.54228907868	0.398936432954	0.027830084683	0.0309444036832
-agi	0.217518166904	0.107500799148	0.143672482124	0.531308551824
-aga	0.503307684887	0.324752310568	0.103715031281	0.0682249732627
-min	0.0373657838225	0.329420186113	0.0300644237652	0.603149606299
-bat	0.128305831499	0.835933177866	0.0301844005113	0.00557659012379
-ong	0.318181818182	0.204545454545	0.477272727273	0.0
