-ajọ	0.0416154237941	0.225866159828	0.679225828892	0.0532925874855
-nyi	0.0171212238276	0.719678590744	0.0214478868887	0.24175229854
-ina	0.4165232358	0.543889845095	0.0327022375215	0.00688468158348
-àyi	0.245021122511	0.114363307182	0.0515992757996	0.589016294508
-ebo	0.00562045846883	0.965574691878	0.0154562607893	0.0133485888635
-eus	0.0212765957447	0.957446808511	0.0212765957447	0.0
-zoa	0.0	1.0	0.0	0.0
-hel	0.0293542074364	0.911937377691	0.0	0.0587084148728
-èrè	0.31884057971	0.565217391304	0.0	0.115942028985
-oké	0.0430127298595	0.0554515724086	0.510653951747	0.390881745985
-okè	0.23236914186	0.160431026698	0.493874725341	0.113325106101
-ùtù	0.198694029851	0.741138059701	0.0223880597015	0.0377798507463
-mua	0.411327179855	0.492606864414	0.00465991576306	0.0914060399677
-lem	0.0422661870504	0.951899456045	0.00311458150552	0.00271977539919
-ufu	0.623268749467	0.279694619468	0.0264999635038	0.0705366675615
-oye	0.647058823529	0.21568627451	0.078431372549	0.0588235294118
-àla	0.604444444445	0.262222222222	0.0177777777778	0.115555555556
-obì	0.26213592233	0.427184466019	0.233009708738	0.0776699029126
-obí	0.0579896907216	0.926546391753	0.00773195876288	0.00773195876288
-ṅùm	0.0350690754516	0.741764080765	0.159404888417	0.0637619553666
-nsu	0.0338258164852	0.945762052877	0.00991446345257	0.0104976671851
-oyi	0.014393569626	0.570722690123	0.412266727592	0.00261701265928
-zin	0.0	1.0	0.0	0.0
-kpé	0.299340522562	0.591088170522	0.0557171749767	0.0538541319384
-nso	0.113002730675	0.0785153221185	0.0385665644068	0.7699153828
-ìhe	0.464566929134	0.291338582677	0.0787401574803	0.165354330709
-͕ọ̀	0.106870229008	0.893129770992	0.0	0.0
-'bu	0.508393285372	0.263788968825	0.0767386091127	0.151079136691
-kpà	0.338899948389	0.394639828946	0.119147681192	0.147312541473
-nse	0.0	1.0	0.0	0.0
-ufo	0.142212189616	0.581264108352	0.172686230248	0.103837471783
-aum	0.00239234449761	0.995215311005	0.0	0.00239234449761
-ukú	0.284090909091	0.715909090909	0.0	0.0
-nti	0.327203055811	0.430801327676	0.0296867422972	0.212308874216
-nth	0.0235756385069	0.500982318271	0.475442043222	0.0
-sọs	0.00572792362768	0.983770883055	0.00286396181384	0.00763723150358
-zọm	0.0217290349919	0.154378388233	0.00569093773597	0.818201639039
-nta	0.0404939876503	0.851673708157	0.0969125771856	0.0109197270068
-uam	0.653976051581	0.194043598403	0.00690819772799	0.145072152287
-#me	0.381642512077	0.251207729469	0.251207729469	0.115942028986
-igọ	0.451127819549	0.165413533835	0.360902255639	0.0225563909775
--ju	0.0111814822296	0.865691505163	0.0965338593343	0.0265931532731
-kwọ	0.389531777983	0.525718542784	0.0252606282346	0.059489050998
-pue	0.65590248693	0.205260776215	0.10379057027	0.0350461665848
-zua	0.784753363229	0.107623318386	0.0941704035875	0.0134529147982
-͕ei	0.0434782608696	0.847826086957	0.0652173913043	0.0434782608695
-pua	0.45559175136	0.0208667977722	0.0207667172073	0.502774733661
-ọkọ	0.348714069592	0.272314674735	0.0635400907716	0.315431164902
-ǹkà	0.0650759219089	0.891540130152	0.0433839479393	0.0
-pum	0.48550267453	0.387162254835	0.0343985735839	0.0929364970512
-sọm	0.210970464135	0.789029535865	0.0	0.0
-sọl	0.0	1.0	0.0	0.0
-ntu	0.177443609023	0.62030075188	0.142105263158	0.0601503759399
-mọ̀	0.317829457364	0.364341085271	0.116279069767	0.201550387597
-ílì	0.0189511517726	0.947720960627	0.0107825518706	0.0225453357295
-ena	0.0	1.0	0.0	0.0
-òkù	0.179401312192	0.669901585566	0.0574084199016	0.0932886823401
-fia	0.0	1.0	0.0	0.0
-arà	0.330708661417	0.582677165354	0.0866141732283	0.0
-hem	0.0749884277117	0.779972226508	0.00740626446536	0.137633081315
-arì	0.714285714286	0.171428571429	0.0	0.114285714286
-opu	0.553550759175	0.146183699871	0.182474296997	0.117791243957
--ya	0.124287298658	0.584708487064	0.0618608207823	0.229143393496
-nam	0.00480359144369	0.811310799434	0.00104534114319	0.182840267979
-ēbo	0.473514568048	0.413673183765	0.0424106196191	0.0704016285678
-zìe	0.654708520179	0.291479820628	0.0	0.0538116591928
--ra	0.563937655299	0.187354680672	0.0771319397239	0.171575724305
-ùfè	0.290026748185	0.590752770348	0.0779518532671	0.0412686282002
-ùtú	0.0963130173063	0.901429646351	0.0	0.00225733634312
-ilọ	0.488532110092	0.121559633027	0.376146788991	0.0137614678899
-ìsì	0.0644476221489	0.108719967153	0.810833769874	0.0159986408234
-ive	0.0165492957747	0.888732394366	0.0897887323944	0.00492957746479
-gbe	0.74297188755	0.172690763052	0.0240963855422	0.0602409638554
-dea	0.08	0.92	0.0	0.0
-nwè	0.890243902439	0.109756097561	0.0	0.0
-ātu	0.508551307847	0.142354124749	0.243796109993	0.105298457411
-ụma	0.506115069659	0.493884930341	0.0	0.0
-das	0.00459594025278	0.990808119494	0.0011489850632	0.00344695518958
-etó	0.988	0.012	0.0	0.0
-oge	0.050622874006	0.575157126445	0.0308508481449	0.343369151405
-nọm	0.491281737534	0.0483328234934	0.0214132762313	0.438972162741
-dem	0.37186360712	0.247265708771	0.0626206304954	0.318250053614
-kin	0.190476190476	0.559523809524	0.047619047619	0.202380952381
-ima	0.72318901668	0.154754019389	0.0497982778346	0.0722586860962
-oko	0.14552238806	0.783582089552	0.00746268656716	0.0634328358208
-ọhu	0.0656986816395	0.161802464547	0.703794361968	0.0687044918461
-ime	0.0938842928769	0.0300265849413	0.012663258581	0.863425863601
-aka	0.0865682556337	0.249901678821	0.17554045545	0.487989610095
-āta	0.582220670016	0.320742551648	0.066571743277	0.030465035059
-oke	0.0440619572336	0.825987301045	0.0158736938014	0.11407704792
-ère	0.704747283892	0.229924421351	0.0119036372225	0.0534246575343
-èkè	0.207853757617	0.749492213947	0.0121868652674	0.0304671631686
-chọ	0.650479704797	0.133795061028	0.0382741981266	0.177451036049
-ido	0.436257876878	0.414929714009	0.0770722249152	0.0717401841978
-bit	0.150537634409	0.60752688172	0.10752688172	0.134408602151
-obi	0.214971221679	0.443585870872	0.130664440293	0.210778467156
-obo	0.544555497107	0.122041031036	0.244608100999	0.0887953708575
-pàm	0.194594594595	0.643243243243	0.0972972972973	0.0648648648649
-idi	0.406135532687	0.260095148704	0.0646845149551	0.269084803654
-let	0.307692307692	0.538461538462	0.115384615385	0.0384615384615
-uwọ	0.243243243243	0.648648648649	0.027027027027	0.0810810810811
-ide	0.502969540796	0.144804418854	0.053336906947	0.298889133404
-kpu	0.400464877365	0.176363445249	0.0506946386392	0.372477038747
-ida	0.228677733257	0.380151688609	0.0585289066972	0.332641671437
-kpi	0.251614559674	0.559812770328	0.177512689353	0.011059980645
-rọ́	0.124656278643	0.484876260312	0.353345554537	0.0371219065078
-bia	0.836767711214	0.0619007219273	0.0409730474543	0.0603585194042
-kpa	0.455085464905	0.33604073221	0.101345617651	0.107528185235
-bim	0.166822263715	0.534720369876	0.0827998577399	0.215657508669
-kpe	0.589471734765	0.276785224797	0.0398651632314	0.0938778772073
-obu	0.0	1.0	0.0	0.0
-ter	0.0	0.822368421053	0.177631578947	0.0
-uta	0.473258511538	0.222304172915	0.0686132468625	0.235824068685
-eje	0.411371237458	0.387959866221	0.120401337793	0.0802675585284
-ótú	0.0359085963003	0.921653971708	0.0293797606093	0.0130576713819
-ute	0.552208841093	0.0708707123643	0.0115103119404	0.365410134602
-uṅu	0.354073131035	0.573264080531	0.0359364877584	0.0367263006761
-ntà	0.0410735598056	0.240182807906	0.521788490088	0.1969551422
-rim	0.327773120853	0.328999200068	0.165974088008	0.177253591071
-pém	0.107462686567	0.355223880597	0.402985074627	0.134328358209
-rii	0.0	1.0	0.0	0.0
-rit	0.0118343195266	0.985207100592	0.00295857988165	0.0
-eju	0.537402216428	0.173565840939	0.254807692308	0.034224250326
-utu	0.0457178059161	0.19983458311	0.649296657367	0.105150953607
-atọ	0.00890672554752	0.032919078594	0.357947424957	0.600226770902
-adà	0.728571428571	0.185714285714	0.0428571428571	0.0428571428571
-tem	0.472071002013	0.0244481837078	0.0145501336237	0.488930680656
-ēze	0.646575342466	0.224657534246	0.0630136986301	0.0657534246576
-ard	0.0162009573293	0.882952174447	0.0945055844208	0.00634128380313
-eze	0.0302868588891	0.941422062516	0.00853641105557	0.0197546675392
-jim	0.229044313935	0.118793379605	0.0694073678591	0.582754938601
-ara	0.539301288085	0.216838829763	0.0506876024993	0.193172279653
-mes	0.00529100529101	0.988455988456	0.004329004329	0.001924001924
-nmá	0.115	0.795	0.09	0.0
-arl	0.00508905852417	0.956743002545	0.0356234096692	0.00254452926209
-ulọ	0.283582089552	0.6	0.116417910448	0.0
-bìa	0.135136980456	0.774532730221	0.0378168473159	0.0525134420073
-ari	0.353016086882	0.148048385054	0.137684297124	0.361251230939
-efù	0.25	0.443820224719	0.0702247191011	0.23595505618
-opì	0.22601676498	0.772120459485	0.00186277553555	0.0
-aru	0.214138100011	0.478499610202	0.0940692727475	0.21329301704
-nzu	0.469696969697	0.166666666667	0.363636363636	0.0
-luk	0.0146341463415	0.978048780488	0.0	0.00731707317073
-lum	0.218083305113	0.464866237724	0.00177785303081	0.315272604131
-lun	0.0	0.980707395498	0.0192926045016	0.0
-mem	0.225209277968	0.0968850781402	0.0484953094482	0.629410334444
-mel	0.00463499420626	0.949015063731	0.0278099652375	0.018539976825
-ìsi	0.0668485675307	0.31468849477	0.591177808095	0.0272851296044
-jis	0.031746031746	0.936507936508	0.031746031746	0.0
-mek	0.0	1.0	0.0	0.0
-aye	0.681717574148	0.168239323408	0.0587125183476	0.0913305840964
-nwa	0.0841058443929	0.738474880673	0.0597796514734	0.117639623461
-ǹtì	0.0	1.0	0.0	0.0
-rrh	0.0132450331126	0.986754966887	0.0	0.0
-nwe	0.471219767286	0.24595586857	0.0438196818717	0.239004682272
-arọ	0.00287742183004	0.975541914445	0.0071935545751	0.0143871091502
-iam	0.557264957265	0.271794871795	0.131623931624	0.0393162393162
-ero	0.00817438692098	0.975476839237	0.0163487738419	0.0
-āmu	0.665676077266	0.166419019316	0.0713224368499	0.0965824665676
-nwo	0.93762993763	0.06237006237	0.0	0.0
-ọdú	0.736677115988	0.15987460815	0.0394984326019	0.0639498432602
-b͕é	0.0346964064436	0.90458488228	0.0346964064436	0.0260223048327
-ǹtú	0.0	1.0	0.0	0.0
-nwu	0.245290202167	0.498450207385	0.217463025355	0.0387965650921
-āma	0.722864340534	0.161721751211	0.0421817329662	0.0732321752886
-mos	0.0	1.0	0.0	0.0
-ēfe	0.613131474104	0.204143426295	0.0903585657371	0.0923665338645
-anọ	0.0399570475868	0.149542217701	0.16988809766	0.640612637052
-kpè	0.515037593985	0.462406015037	0.0225563909775	0.0
-oji	0.0338097433533	0.841452794426	0.115516623124	0.00922083909635
-ufe	0.0751704759007	0.881230648077	0.0303903495427	0.0132085264797
-gon	0.00430416068867	0.991391678623	0.00430416068867	0.0
-ọṅù	0.0205034172362	0.830805134189	0.107684614102	0.0410068344724
-ubu	0.176991150442	0.685688129387	0.109856576137	0.0274641440342
-mia	0.513905307037	0.447769551422	0.00348410377652	0.0348410377652
-gọs	0.0	1.0	0.0	0.0
-ubi	0.183445214156	0.772390534554	0.0235542673548	0.0206099839355
-udá	0.109090909091	0.781818181818	0.109090909091	0.0
-jọn	0.00780279310173	0.98419561652	0.00710700263406	0.000894587744147
-ofè	0.0838846880907	0.550803402647	0.0262287334593	0.339083175803
-ubo	0.408675354989	0.25364715036	0.0601050379304	0.277572456721
-uba	0.650281559858	0.152618425537	0.119082780221	0.0780172343844
-ili	0.152863605829	0.782968318704	0.0450179403178	0.0191501351493
-ube	0.173797448506	0.650649809609	0.151048846304	0.0245038955811
-nsi	0.128571428571	0.742857142857	0.128571428571	0.0
-umu	0.0217530019143	0.922559313185	0.0147920413017	0.0408956435988
-ota	0.469158878505	0.335202492212	0.0523364485981	0.143302180685
-'ma	0.290909090909	0.636363636364	0.0727272727273	0.0
-isì	0.348502994012	0.263473053892	0.388023952096	0.0
-ija	0.00764006791171	0.988539898132	0.00127334465195	0.0025466893039
-'me	0.537979094077	0.319860627178	0.108710801394	0.0334494773519
-ēri	0.87121993718	0.112158103492	0.00355366027008	0.0130682990577
-ēre	0.691424196018	0.228177641654	0.0321592649311	0.0482388973966
-upú	0.787445523172	0.195700708199	0.0168537686291	0.0
-oam	0.0	0.974248927039	0.0	0.0257510729614
-ume	0.102826632215	0.626248619062	0.169905781581	0.101018967142
-iju	0.835657500326	0.115078847908	0.0175159650723	0.0317476866936
-dọm	0.00483091787439	0.995169082126	0.0	0.0
-uma	0.104905986345	0.849974558923	0.0231336307375	0.0219858239951
-otu	0.186770428016	0.311284046693	0.0933852140078	0.408560311284
-jọọ	0.431226765799	0.368029739777	0.111524163569	0.089219330855
-ābọ	0.306796116505	0.460194174757	0.0699029126213	0.163106796117
-ēru	0.520946114766	0.0988589989173	0.0433080702923	0.336886816024
-umi	0.265740338689	0.48588797221	0.196265740339	0.0521059487625
-udè	0.494866529774	0.188911704312	0.103696098563	0.212525667351
-āṅa	0.639145496536	0.12817551963	0.183025404157	0.0496535796767
ALL	0.216063383679	0.315224778467	0.0611573682817	0.407554469572
-zie	0.165837530041	0.132406170797	0.110344538545	0.591411760617
-nan	0.0	1.0	0.0	0.0
-zue	0.37897115705	0.206333569949	0.257587390807	0.157107882194
-sis	0.0	1.0	0.0	0.0
-yst	0.0	1.0	0.0	0.0
-yss	0.0346083788707	0.624772313297	0.322404371585	0.0182149362477
-zuo	0.108955504099	0.753050879279	0.137993616622	0.0
-kim	0.0	1.0	0.0	0.0
-zum	0.0791034937376	0.0336189848385	0.0375741595254	0.849703361899
-kis	0.0	1.0	0.0	0.0
-b͕e	0.0957286427726	0.067096991726	0.00117393476453	0.836000430737
-hua	0.398648648648	0.581081081081	0.0	0.0202702702702
-ayọ	0.103204780011	0.42123845736	0.3989679522	0.0765888104291
-āṅu	0.693660109007	0.284193949236	0.0103347728195	0.0118111689366
-sim	0.701597299704	0.0463346537277	0.0358861884479	0.21618185812
-nas	0.022813688213	0.954372623574	0.00912547528518	0.0136882129278
-sia	0.123310555406	0.601984073651	0.0403146209932	0.23439074995
-sie	0.625226869665	0.158274649713	0.119372335902	0.0971261447195
-àka	0.284722222222	0.645833333333	0.0555555555555	0.0138888888889
-nwà	0.38275862069	0.513793103448	0.0	0.103448275862
-wui	0.608391608392	0.118881118881	0.125874125874	0.146853146853
-igh	0.347042253521	0.24676056338	0.160563380282	0.245633802817
-gom	0.566534914361	0.380764163373	0.0	0.0527009222662
-wum	0.0637354474125	0.480196254419	0.027620855135	0.428447443033
-ǹti	0.232558139535	0.767441860465	0.0	0.0
-ayí	0.328530259366	0.21613832853	0.00864553314121	0.446685878962
-ǹdò	0.369230769231	0.630769230769	0.0	0.0
-wua	0.757735959416	0.170106745554	0.0503357591982	0.0218215358312
-ọda	0.482281763181	0.398444252377	0.0726015557476	0.0466724286949
-uzọ	0.0901686618817	0.345130484726	0.0610131146793	0.503687738713
-wue	0.769481332999	0.127787521924	0.0150338261088	0.0876973189677
-pọs	0.00859598853868	0.982808022923	0.0	0.00859598853867
-pọl	0.00433065851484	0.990192332187	0.00050948923704	0.00496752006114
-pọm	0.6698044895	0.120926864591	0.032585083273	0.176683562636
-moa	0.0	0.96992481203	0.0300751879699	0.0
-eyì	0.0560344827586	0.909051724138	0.0	0.0349137931034
-mon	0.0058009817046	0.993752788934	0.000223114680946	0.000223114680946
-mom	0.0164818993427	0.983518100657	0.0	0.0
-ụzọ	0.152542372881	0.71186440678	0.101694915254	0.0338983050847
-̀kà	0.0675818373812	0.783526927138	0.142555438226	0.00633579725449
-ọdu	0.292248728196	0.128022145039	0.0408200937924	0.538909032973
-ọṅu	0.496330829664	0.126564793231	0.363636363636	0.013468013468
-ami	0.459879912664	0.212609170306	0.32751091703	0.0
-íhe	0.298076923077	0.298076923077	0.288461538462	0.115384615385
-usọ	0.0313520574788	0.354670150229	0.0313520574788	0.582625734814
-ofu	0.09375	0.739583333333	0.145833333333	0.0208333333333
-àwo	0.594972067039	0.354748603352	0.0167597765363	0.0335195530726
-bet	0.0	0.990708478513	0.0	0.00929152148666
-eon	0.0155279503106	0.972049689441	0.00621118012422	0.00621118012425
-ubì	0.155844155844	0.727272727273	0.0	0.116883116883
-bel	0.0157936299026	0.984206370097	0.0	0.0
-bem	0.115384615385	0.461538461538	0.423076923077	0.0
-ubà	0.764395771691	0.118655387902	0.0317638825797	0.0851849578274
-ání	0.019925430951	0.0150106527213	0.0910565562657	0.874007360062
-ùzù	0.139553752535	0.797160243408	0.0316430020284	0.0316430020284
-bed	0.287878787879	0.712121212121	0.0	0.0
-oaz	0.0294117647059	0.970588235294	0.0	0.0
-iso	0.329705335811	0.0780461906026	0.049641624635	0.542606848952
-ism	0.759908474299	0.200621067255	0.0227997058102	0.0166707526355
-upu	0.654685034253	0.12661245559	0.029203897587	0.189498612569
-uga	0.566947909024	0.169479090242	0.0671313279531	0.196441672781
-isi	0.132288053634	0.636562723227	0.0424754819541	0.188673741184
-rem	0.547773046963	0.116997151336	0.0229534833686	0.312276318333
-ìwo	0.871951219512	0.0914634146341	0.0	0.0365853658536
-ise	0.0322399316181	0.169396372848	0.0857716514089	0.712592044125
-lọk	0.0	0.963414634146	0.0365853658537	0.0
-āja	0.665893271462	0.250580046404	0.0835266821346	0.0
-isa	0.370736803294	0.566582682972	0.0379770171449	0.0247034965894
-rez	0.0	1.0	0.0	0.0
-eve	0.0	1.0	0.0	0.0
-zem	0.156844106464	0.686311787072	0.0285171102661	0.128326996198
-lọs	0.0148760330578	0.923140495868	0.0619834710744	0.0
-̀bu	0.675	0.255	0.04	0.03
-aze	0.53	0.263333333333	0.206666666667	0.0
-otù	0.0222837570742	0.027323414979	0.116698924877	0.83369390307
-otú	0.0380411954572	0.0807163607964	0.142908021727	0.73833442202
-ist	0.00327670949383	0.981583907168	0.00133039332832	0.0138089900097
-ret	0.0132397191575	0.981945837513	0.00481444332999	0.0
-reu	0.0	1.0	0.0	0.0
-sri	0.413043478261	0.0326086956522	0.0	0.554347826087
-hab	0.013986013986	0.958041958042	0.027972027972	0.0
-kpù	0.675027262814	0.211559432933	0.111232279171	0.00218102508179
--hà	0.0336123631681	0.722730199614	0.0119768190599	0.231680618158
-àkù	0.0260847327594	0.827039468076	0.108430653823	0.0384451453414
-kwa	0.0410186657552	0.027879972114	0.0038165654817	0.927284796649
-mas	0.0152462861611	0.980062548866	0.00234558248632	0.00234558248632
-fùa	0.991124260355	0.00295857988166	0.00591715976331	0.0
-ham	0.0121166951384	0.824084661173	0.0251914545436	0.138607189145
-akà	0.291262135922	0.592233009709	0.116504854369	0.0
-ízù	0.0369230769231	0.875384615385	0.0138461538462	0.0738461538462
-mak	0.0478260869565	0.94347826087	0.0	0.00869565217391
-jua	0.960018677406	0.0280744761571	0.000350201365785	0.0115566450709
-mam	0.154049295775	0.507042253521	0.172535211268	0.166373239437
-gog	0.0344827586207	0.948275862069	0.0172413793103	0.0
-jue	0.398286937901	0.569593147752	0.0	0.0321199143469
-haz	0.0	1.0	0.0	0.0
-'zu	0.326203208556	0.545454545454	0.128342245989	0.0
-͕é'	0.111111111111	0.87037037037	0.0	0.0185185185185
-jum	0.624343264688	0.146306148284	0.0451751156268	0.184175471401
-ēwe	0.402253299678	0.313865737289	0.183937852452	0.099943110581
-nku	0.0572461803255	0.32881898578	0.60845381663	0.0054810172652
-uno	0.292682926829	0.463414634146	0.0487804878049	0.19512195122
-ìhi	0.0981848184818	0.0445544554455	0.0280528052806	0.829207920792
-und	0.0172924901186	0.891441589811	0.00576416337285	0.0855017566974
--ri	0.732296845647	0.0716406255894	0.0200683531125	0.175994175651
-una	0.701612903226	0.25	0.0241935483871	0.0241935483871
-izù	0.3856	0.5904	0.024	0.0
-ēwu	0.628913091619	0.355384212751	0.00603949831901	0.00966319731041
-nke	0.0359329015501	0.00988531342766	0.00764223420946	0.946539550813
-nka	0.0374927708634	0.064124204795	0.00329131422177	0.89509171012
-ọla	0.380750476998	0.517913928344	0.059359762561	0.0419758320967
-unu	0.0732294235638	0.114053971314	0.0186942694481	0.794022335674
-eji	0.465878733911	0.104670930138	0.116279446288	0.313170889662
-ezọ	0.706860706861	0.171234171234	0.10206010206	0.019845019845
-uju	0.325696790541	0.500721424549	0.0651921452703	0.10838963964
-nla	0.171234780675	0.80541502196	0.0233501973648	0.0
-ọra	0.0895633971292	0.457685406699	0.260017942584	0.192733253589
-nyà	0.529619442205	0.368510962168	0.033810167514	0.0680594281126
-nyá	0.0870831541498	0.716173423512	0.109660268189	0.0870831541498
-tra	0.0	1.0	0.0	0.0
-ēso	0.13541313046	0.738606524319	0.00310460787642	0.122875737344
-lìe	1.0	0.0	0.0	0.0
-ada	0.510095288865	0.353301792497	0.0866262410876	0.0499766775505
-ọri	0.73858007705	0.145294441387	0.0247660979637	0.0913593835993
-gam	0.430572109654	0.278903456496	0.147497020262	0.143027413588
-asì	0.840821966738	0.106314120315	0.0250032020695	0.0278607108775
-gai	0.0	1.0	0.0	0.0
-adi	0.295682312797	0.182944195169	0.242349337704	0.27902415433
-mbà	0.654855643045	0.0433070866142	0.254593175853	0.0472440944882
-itọ	0.386904761905	0.476190476191	0.0357142857143	0.10119047619
-ìrè	0.618181818182	0.254545454545	0.0545454545454	0.0727272727273
-hia	0.0654087273931	0.748686467594	0.164661970612	0.021242834401
-ben	0.0	1.0	0.0	0.0
-orú	0.06261414036	0.0434820419167	0.0136243731339	0.880279444589
-hìe	0.137529137529	0.237762237762	0.568764568765	0.055944055944
-ink	0.0251572327044	0.962264150943	0.0	0.0125786163522
-sek	0.0	1.0	0.0	0.0
-hìa	0.907407407407	0.037037037037	0.0	0.0555555555556
-āfù	0.182008368201	0.705020920502	0.106694560669	0.00627615062763
-sef	0.00176090784582	0.994717276463	0.00352181569164	0.0
-ine	0.0235605802901	0.95552016008	0.0164818409205	0.00443741870935
-ọsọ	0.325681706852	0.131510912752	0.0283024002613	0.514504980134
-ing	0.027179691039	0.911989571874	0.059212898335	0.00161783875232
-erè	0.457939508507	0.502835538752	0.0	0.039224952741
-izì	0.805462509662	0.153311002319	0.0103066220046	0.0309198660139
-ezé	0.316761385279	0.629378513857	0.0538601008639	0.0
-ibū	0.26673479816	0.531425651507	0.114971895759	0.0868676545733
-set	0.0	1.0	0.0	0.0
-ses	0.0325514600287	0.963858305409	0.00191479176639	0.0016754427956
-inu	0.652019716249	0.174081059697	0.0571929159174	0.116706308137
-lat	0.00927246790299	0.922967189729	0.0442225392297	0.0235378031384
--di	0.23652248029	0.746430854464	0.00639249946729	0.0106541657788
-kus	0.04	0.96	0.0	0.0
-azù	0.0401074625345	0.945568443703	0.00515667375444	0.00916742000789
-azú	0.21329142344	0.44723843736	0.208801077683	0.130669061518
-ede	0.232220609579	0.105466860184	0.0503144654088	0.611998064828
-utò	0.691588785047	0.224299065421	0.0280373831776	0.0560747663552
-ial	0.046511627907	0.883720930233	0.046511627907	0.0232558139535
-nma	0.150810119789	0.13341200354	0.465464945922	0.250312930749
-edo	0.0958579030635	0.646627355099	0.226233280598	0.0312814612398
-ujọ	0.344050509956	0.303059737737	0.293734822729	0.0591549295775
-nen	0.0652173913043	0.782608695652	0.0652173913043	0.0869565217391
-ghm	0.593662986516	0.166929593859	0.0953968392559	0.144010580369
-kue	0.429508196721	0.550819672131	0.0196721311475	0.0
-gho	0.74242036353	0.25757963647	0.0	0.0
-ghi	0.353177286131	0.102106579702	0.101154801486	0.443561332681
-kua	0.556592765461	0.401400233372	0.0	0.0420070011669
-edu	0.515134837645	0.484865162355	0.0	0.0
-ghe	0.702639640687	0.208876863617	0.0430206810045	0.0454628146917
-njọ	0.0440637404798	0.0940343013428	0.686406715922	0.175495242256
-elu	0.0594841176209	0.0618265505367	0.0914882485099	0.787201083332
-ọma	0.106140501817	0.304389516021	0.382179363574	0.207290618588
-gha	0.174460794824	0.678256724322	0.125300021025	0.0219824598289
-ban	0.105740181269	0.555891238671	0.33836858006	0.0
-urè	0.28125	0.03125	0.53125	0.15625
-eka	0.0190476190476	0.952380952381	0.0	0.0285714285714
-yìm	0.224420401855	0.729779516134	0.0124909314576	0.0333091505536
-tùa	0.30701754386	0.464912280702	0.0	0.228070175439
-eke	0.00561761732139	0.948878202757	0.00887277749007	0.0366314024315
-bai	0.0102214650767	0.944207836457	0.0	0.0455706984667
-kọs	0.00941230486685	0.990587695133	0.0	0.0
-hon	0.0	1.0	0.0	0.0
-uná	0.0754441882544	0.0257131877571	0.0264478502645	0.872394773724
-oju	0.417177914111	0.378323108384	0.0736196319018	0.130879345603
-rùe	0.0990566037736	0.14858490566	0.396226415094	0.356132075472
-him	0.198611269383	0.38079701449	0.0139038583844	0.406687857743
-nká	0.355533790402	0.0783545543584	0.519098922625	0.0470127326151
-eku	0.173535791757	0.598698481562	0.201735357918	0.0260303687635
-noa	0.0	0.995670995671	0.00432900432901	0.0
-íme	0.139534883721	0.302325581395	0.488372093023	0.0697674418605
-mka	0.252380952381	0.519047619048	0.114285714286	0.114285714286
-rùm	0.348050036792	0.479764532745	0.0529801324503	0.119205298013
-bas	0.00368154624943	0.989875747814	0.00460193281178	0.00184077312471
-job	0.0	1.0	0.0	0.0
-dru	0.0	1.0	0.0	0.0
-òkè	0.147914645975	0.7398157129	0.0145489815713	0.0977206595537
-ase	0.0	0.989010989011	0.010989010989	0.0
-nya	0.310834021459	0.351514535921	0.11465367033	0.22299777229
-ādà	0.781584582441	0.186295503212	0.0107066381156	0.0214132762313
-asa	0.074014602963	0.0765898142819	0.0874359984246	0.761959584331
-nye	0.135862965735	0.215258573601	0.0107943250665	0.638084135597
-aso	0.697350069735	0.172942817294	0.0376569037657	0.092050209205
-ish	0.0	0.96	0.04	0.0
-nyo	0.102884049441	0.74031783402	0.0734549735138	0.0833431430253
-āgu	0.573905346417	0.212871052547	0.0980767153095	0.115146885727
-mba	0.0252557839432	0.922850032261	0.0373767167481	0.0145174670476
-asu	0.367178276269	0.289649744195	0.18968909878	0.153482880756
-yem	0.284562315205	0.0411253471911	0.0186363229101	0.655676014694
-mbe	0.237691001698	0.536502546689	0.0237691001698	0.202037351443
-ayi	0.0248977022812	0.376093035404	0.00819227470124	0.590816987613
-nyu	0.40132942606	0.254520763348	0.175827317561	0.168322493031
-gwu	0.168860192406	0.592006801987	0.198093199308	0.0410398062987
-nyx	0.0	0.846153846154	0.153846153846	0.0
-ọjo	0.125	0.75	0.0	0.125
-āpu	0.52392120075	0.0684803001876	0.109287054409	0.298311444653
-ūsū	0.0909090909091	0.909090909091	0.0	0.0
-̀nu	0.758620689655	0.241379310345	0.0	0.0
-ery	0.243902439024	0.593495934959	0.162601626016	0.0
-zùm	0.118357487923	0.772946859903	0.108695652174	0.0
-ānu	0.842342135124	0.0825282914711	0.0309672769651	0.0441622964394
-iwu	0.146646636131	0.788712862966	0.030487036181	0.0341534647225
-ọnu	0.264071742768	0.433386228773	0.059476415338	0.24306561312
-ókè	0.237243394457	0.186192069197	0.149543028381	0.427021507965
-gwọ	0.227160825211	0.491175435819	0.0607766304506	0.220887108519
-eru	0.432287885905	0.203424569794	0.281902515052	0.0823850292498
-uri	0.599264787558	0.177074335388	0.108445795398	0.115215081656
-zùa	0.546568627451	0.275735294118	0.0441176470588	0.133578431373
-ran	0.0764331210191	0.923566878981	0.0	0.0
-eri	0.433493449066	0.489510776851	0.0343142086167	0.0426815654658
-iwa	0.731073446328	0.149152542373	0.0180790960452	0.101694915254
-ram	0.523610163256	0.23371258228	0.0468393647885	0.195837889675
-rak	0.0	1.0	0.0	0.0
-iwe	0.0329572446556	0.659144893112	0.288301662708	0.0195961995249
-rai	0.0	1.0	0.0	0.0
-èji	0.14371257485	0.754491017964	0.065868263473	0.0359281437125
-era	0.0226700251889	0.709068010076	0.0188916876574	0.249370277078
-iwo	0.523052861213	0.216795287434	0.177604367068	0.0825474842845
-ere	0.467542935949	0.128116955048	0.0325811605281	0.371758948474
-āno	0.0851063829787	0.31914893617	0.0	0.595744680851
-ugu	0.0769682342965	0.645750440285	0.237492661927	0.0397886634923
-gwụ	0.529494382023	0.259831460674	0.168539325843	0.0421348314607
-ado	0.596330275229	0.192660550459	0.045871559633	0.165137614679
-urù	0.275499361322	0.36684093483	0.217113075357	0.140546628492
-azu	0.187685825253	0.196496024123	0.328518475186	0.287299675438
-ozi	0.0797972559116	0.788545150845	0.0978710226408	0.0337865706021
-igo	0.271871624749	0.092578305817	0.0180527696343	0.6174972998
-vet	0.184210526316	0.789473684211	0.0263157894737	0.0
-ege	0.318181818182	0.409090909091	0.0	0.272727272727
-ānọ	0.414708198514	0.0895807733881	0.0349971657225	0.460713862375
-ìwu	0.502103786816	0.319775596073	0.0897615708275	0.0883590462833
-azi	0.443745632425	0.282320055905	0.215234102027	0.0587002096436
-nri	0.0902785102332	0.66415673886	0.199585137317	0.0459796135894
-ozu	0.0658436213992	0.714067977443	0.169181527206	0.0509068739521
-ugo	0.175126903553	0.763959390863	0.0380710659899	0.0228426395939
-umá	0.692307692308	0.230769230769	0.0384615384615	0.0384615384615
-ama	0.0464568700993	0.159058566943	0.0203083569803	0.774176205978
-aza	0.696721311475	0.180327868852	0.0	0.122950819672
-ugh	0.464944649447	0.143911439114	0.0221402214022	0.369003690037
-ēsi	0.193268151135	0.0533242473902	0.0102708933202	0.743136708155
--nu	0.482174355954	0.291489246617	0.125736599966	0.100599797463
-ike	0.0953382374643	0.454230948246	0.169665685336	0.280765128954
-laa	0.527859237537	0.340175953079	0.0879765395894	0.0439882697947
-ika	0.128632899086	0.0519233756667	0.0093750887397	0.810068636507
-iko	0.0859889849267	0.733169707483	0.166029011477	0.0148122961132
-lam	0.328692413426	0.606127787877	0.0252737994945	0.0399059992019
-nos	0.037037037037	0.962962962963	0.0	0.0
-ēse	0.576966932725	0.0638540478905	0.279361459521	0.0798175598632
-iki	0.0	1.0	0.0	0.0
-lak	0.0	1.0	0.0	0.0
-ọwo	0.632091086254	0.155476654476	0.0696761792893	0.142756079981
-our	0.016455197685	0.896474375439	0.0129278608243	0.074142566052
-iku	0.954198473282	0.0	0.0	0.0458015267176
-nok	0.00720288115246	0.992797118848	0.0	0.0
-iks	0.0116204002582	0.929632020658	0.0245319561007	0.0342156229826
-non	0.0	1.0	0.0	0.0
-las	0.0	0.996987951807	0.0	0.00301204819277
-imu	0.582582582583	0.137137137137	0.172172172172	0.108108108108
-ēsu	0.378378378378	0.396396396396	0.0540540540541	0.171171171171
-isu	0.550185873606	0.204460966543	0.2156133829	0.0297397769517
-ọwa	0.434365781711	0.521386430678	0.0309734513274	0.0132743362832
-ewè	0.414269275029	0.461449942463	0.0414269275029	0.0828538550058
-dow	0.181132075472	0.818867924528	0.0	0.0
--ha	0.153033954651	0.525701558565	0.074818433837	0.246446052947
-gem	0.416666666667	0.216666666667	0.0333333333333	0.333333333333
-ato	0.275862068965	0.0	0.48275862069	0.241379310345
-ùru	0.701993488138	0.136212601209	0.113034101963	0.0487598086899
-aha	0.0804241547889	0.658082581652	0.0184534875714	0.243039775987
-mọs	0.0159090909091	0.981363636364	0.0	0.00272727272727
-ēji	0.383783235041	0.128980987701	0.032453833391	0.454781943867
-mọm	0.0243041130038	0.738886580806	0.0124636476942	0.224345658496
-ēju	0.645517161988	0.20260547572	0.0886398956275	0.0632374666641
-ọna	0.042535479295	0.911608893542	0.0245565653662	0.0212990617972
-don	0.0	0.993355481728	0.0	0.00664451827242
-ēdo	0.644986381519	0.195248663371	0.100373247251	0.0593917078584
-agh	0.599344854852	0.264656048797	0.0316276968259	0.104371399526
-dok	0.0	1.0	0.0	0.0
-ahu	0.0391770621917	0.00382076317767	0.00281333684754	0.954188837783
-dim	0.318117090733	0.168435476504	0.0574975147102	0.455949918053
-dek	0.0	1.0	0.0	0.0
-eọs	0.15625	0.84375	0.0	0.0
-mpi	0.0	0.973718791064	0.00525624178712	0.0210249671485
-ton	0.290909090909	0.672727272727	0.0363636363636	0.0
-ibu	0.46465480194	0.216921219397	0.0218967645996	0.296527214063
-mpe	0.126050420168	0.823529411765	0.0	0.0504201680672
-olu	0.0836176205113	0.853872705013	0.0340441015353	0.02846557294
-lfa	0.0	0.931034482759	0.0689655172414	0.0
-oli	0.700575815739	0.264875239923	0.0115163147793	0.0230326295585
--n'	0.604790419162	0.179640718563	0.14371257485	0.0718562874251
-ibi	0.313541769405	0.571719761975	0.055889798468	0.0588486701516
-sad	0.0	1.0	0.0	0.0
-sak	0.0	0.995841995842	0.004158004158	0.0
-ola	0.481040086674	0.34127843987	0.145178764897	0.032502708559
-aja	0.268571428571	0.577857142857	0.108571428571	0.0449999999999
-ngọ	0.665482796892	0.2743618202	0.0279689234184	0.0321864594895
-sam	0.0	1.0	0.0	0.0
-lon	0.0193944578693	0.936595041581	0.0402807971132	0.00372970343641
-lom	0.0588235294118	0.700610432852	0.0091564927858	0.23140954495
-iem	0.644981929386	0.267445093133	0.0208507089241	0.0667222685571
-iel	0.00296340198548	0.995554897022	0.0	0.00148170099274
-ùla	0.64	0.16	0.12	0.08
-ùnu	0.361148132168	0.0963956638667	0.0208552891499	0.521600914815
-āsọ	0.7	0.0333333333333	0.0333333333333	0.233333333333
-juu	0.913043478261	0.0652173913043	0.0217391304348	0.0
-àmà	0.235306548947	0.621715546998	0.00967431375771	0.133303590297
-ētó	0.692427965155	0.115479115479	0.0982800982801	0.0938128210856
-rod	0.0122156697557	0.95197978096	0.0341196293176	0.0016849199663
-ìri	0.799132947977	0.145592485549	0.0184248554913	0.0368497109827
-afọ	0.437584170724	0.361442038744	0.12452087434	0.0764529161918
-ọtọ	0.138912677554	0.25635649529	0.530313321324	0.0744175058323
-rom	0.361560020106	0.376300397545	0.146817357927	0.115322224422
-ron	0.0142857142857	0.978571428571	0.00714285714285	0.0
-uzi	0.380706287683	0.118001722653	0.139534883721	0.361757105943
-som	0.487845457066	0.0517607912007	0.0236620759774	0.436731675756
-los	0.0	0.992258064516	0.00387096774194	0.00387096774194
-ukọ	0.173775059989	0.712126444652	0.0319148302738	0.0821836650848
-nọs	0.012012012012	0.987987987988	0.0	0.0
-ewu	0.021485249237	0.967772126144	0.0107426246185	0.0
-ipi	0.0	1.0	0.0	0.0
-des	0.0	1.0	0.0	0.0
-ēsì	0.0432775533756	0.796595499135	0.14281592614	0.0173110213502
-ipa	0.0	1.0	0.0	0.0
-ọbu	0.0295303412033	0.0145794871932	0.0026369715704	0.953253200033
-iké	0.307378244386	0.564887722368	0.0857392825897	0.0419947506562
-imi	0.0889137258927	0.674818781226	0.208301136581	0.0279663563003
-ewe	0.708974716546	0.0210998605469	0.00623294731098	0.263692475596
-ewa	0.32493949225	0.590349657552	0.0355322107215	0.0491786394768
-ewo	0.671350585736	0.129339903804	0.0305231786125	0.168786331848
-izọ	0.72641509434	0.216981132075	0.0566037735849	0.0
-āku	0.249621785174	0.712556732224	0.0378214826021	0.0
-ipt	0.00212765957447	0.934042553192	0.0609929078014	0.00283687943262
-ipu	0.718293046852	0.0934915913401	0.0271656992135	0.161049662595
-awo	0.693139011813	0.159336941813	0.0539534798669	0.0935705665069
-ùrù	0.341281669151	0.510680576254	0.0437158469945	0.104321907601
-ùrú	0.227027027027	0.0594594594595	0.713513513514	0.0
-b͕ọ	0.263845001088	0.662552799042	0.0253983735474	0.0482038263227
-awa	0.674617015933	0.180717554483	0.0358916762006	0.108773753383
-ájà	0.757763975155	0.149068322981	0.0931677018633	0.0
-ájá	0.0275223199302	0.933912868363	0.0325233268444	0.00604148486274
-ila	0.476546545098	0.371010018171	0.0358595848007	0.116583851931
-ahú	0.776315789474	0.0526315789473	0.0394736842105	0.131578947368
-āzọ	0.825581395349	0.156976744186	0.0174418604651	0.0
-ālọ	0.735159817352	0.127853881279	0.027397260274	0.109589041096
-íri	0.780739934712	0.0832426550598	0.00816104461373	0.127856365615
-àjà	0.061940246811	0.766905164821	0.167235697533	0.00391889083514
-tie	0.835226248423	0.046511627907	0.0667027221922	0.0515594014783
-nge	0.106666666667	0.853333333333	0.04	0.0
-rọs	0.00273317389819	0.984284250085	0.0129825760164	0.0
-àdu	0.460021905805	0.406423347348	0.0296788326326	0.103875914214
-tom	0.22695035461	0.744680851064	0.0283687943262	0.0
-bàm	0.37037037037	0.481481481481	0.148148148148	0.0
-ibù	0.0	0.101708706265	0.722538649308	0.175752644426
-'di	0.128374118861	0.122012722792	0.0361052209295	0.713507937418
-ālu	0.432306969207	0.40490584348	0.0287416124534	0.134045574859
-'la	0.583333333333	0.266666666667	0.15	0.0
-hie	0.161382277322	0.645193744937	0.14531179769	0.0481121800506
-ēyi	0.640221914008	0.174202496533	0.133148404993	0.052427184466
-āje	0.451263537906	0.187725631769	0.0361010830325	0.324909747292
-ibì	0.785714285714	0.0892857142857	0.0535714285714	0.0714285714286
-aim	0.0	1.0	0.0	0.0
-erū	0.129032258065	0.806451612903	0.0645161290323	0.0
-tim	0.575625680087	0.359085963003	0.0217627856366	0.0435255712731
-ibà	0.593637121423	0.0409836065574	0.00958599611003	0.35579327591
-rọm	0.397498360349	0.288297573316	0.0499859458447	0.264218120491
-nọ̄	0.473684210526	0.148476454294	0.128531855956	0.249307479224
-ēzi	0.597962382445	0.379310344828	0.00470219435737	0.0180250783699
-urọ	0.122776572668	0.186550976139	0.690672451193	0.0
-bùa	0.595744680851	0.31914893617	0.0851063829787	0.0
-ọlū	0.0547945205479	0.821917808219	0.0616438356164	0.0616438356164
-ādọ	0.812244897959	0.069387755102	0.0448979591837	0.0734693877551
-eyi	0.225679873563	0.705651534144	0.0343342961469	0.0343342961469
-ibo	0.191623036649	0.428272251309	0.3277486911	0.0523560209424
-àkà	0.747658945293	0.138984721538	0.0295712173484	0.0837851158206
-red	0.0	1.0	0.0	0.0
-ēte	0.918367346939	0.0612244897959	0.0	0.0204081632653
-riọ	0.750109964027	0.15251718261	0.0193109188183	0.0780619345453
-eye	0.321146483438	0.135298441593	0.514052908071	0.029502166898
-ihi	0.0492263559658	0.0480865811842	0.00186673517594	0.900820327674
-ùlù	0.109977275651	0.757535479998	0.124769540797	0.00771770355443
-ārọ	0.142250530786	0.552016985138	0.28025477707	0.0254777070063
-āju	0.736149808851	0.150456813322	0.0501522711074	0.0632411067194
-ois	0.0	1.0	0.0	0.0
-ion	0.0288629012192	0.872107489425	0.0164219955213	0.0826076138343
-itù	0.204545454545	0.486363636364	0.118181818182	0.190909090909
-mum	0.0266821345707	0.722737819026	0.0591647331787	0.191415313225
-lea	0.0	1.0	0.0	0.0
-asọ	0.345565749236	0.247706422018	0.351681957187	0.0550458715596
-ìzù	0.377450980392	0.556678921569	0.0110294117647	0.0548406862745
-lee	0.331337325349	0.429141716567	0.0	0.239520958084
-leg	0.0	1.0	0.0	0.0
-hri	0.655339805825	0.177184466019	0.0436893203883	0.123786407767
-ley	0.0	0.984924623116	0.0	0.0150753768844
-tiu	0.0	1.0	0.0	0.0
-wem	0.361439773489	0.057135630007	0.0123553694656	0.569069227038
-āgọ	0.768421052632	0.147368421053	0.021052631579	0.0631578947368
-ibe	0.0951399877794	0.758338947467	0.109945634293	0.0365754304605
-ema	0.487349051179	0.455865439908	0.0215641173088	0.0352213916043
-ryl	0.0	0.896551724138	0.103448275862	0.0
-obe	0.553429452221	0.404160514567	0.0149754675888	0.0274345656238
-oik	0.134615384615	0.471153846154	0.394230769231	0.0
-iot	0.0	1.0	0.0	0.0
-fta	0.0	1.0	0.0	0.0
-eel	0.0	1.0	0.0	0.0
-́gù	0.8375	0.125	0.0375	0.0
-ife	0.653571428572	0.303571428571	0.0214285714286	0.0214285714286
-fas	0.0339147286821	0.953488372093	0.00484496124031	0.0077519379845
-ezù	0.381488430269	0.0494058786742	0.512820512821	0.0562851782364
-íwu	0.716789667897	0.244464944649	0.0387453874539	0.0
-alu	0.312421580928	0.244918444166	0.361355081556	0.08130489335
-ndu	0.222422763514	0.685797797141	0.0843004786916	0.00747896065341
-ekọ	0.364144168107	0.539167442479	0.0454847719111	0.0512036175024
-ole	0.016668981803	0.0562578135852	0.487567717738	0.439505486873
-íwo	0.378091872791	0.468197879859	0.0689045936395	0.0848056537102
-ọbọ	0.333635950976	0.496141625057	0.0817067635043	0.088515660463
-udà	0.435380384968	0.421020470516	0.0710357470211	0.0725633974946
-bie	0.801242236025	0.16149068323	0.0372670807453	0.0
-ifu	0.815384615385	0.123076923077	0.0	0.0615384615385
-ndo	0.0424204616344	0.95258889582	0.00349344978166	0.00149719276357
-ali	0.0852348545502	0.822107686149	0.0394482252469	0.0532092340539
-nda	0.0552813425468	0.926949654492	0.0	0.0177690029615
-áni	0.413427561837	0.113074204947	0.0	0.473498233216
-ald	0.0390879478827	0.667752442997	0.293159609121	0.0
-ezì	0.0369167663647	0.955904973509	0.00410186292942	0.00307639719706
-ezí	0.569072164949	0.251546391753	0.136082474227	0.0432989690721
-úru	0.633378016086	0.229222520107	0.117292225201	0.0201072386059
-ala	0.124758263084	0.532458561948	0.0322181837726	0.310564991196
-āza	0.691177296205	0.224525600719	0.0176847069391	0.0666123961374
-àmì	0.254237288136	0.728813559322	0.0169491525424	0.0
-ìhu	0.133333333333	0.0444444444444	0.0444444444444	0.777777777778
-kpo	0.136323473724	0.533723229688	0.239070980772	0.090882315816
-͕ọm	0.09375	0.79375	0.075	0.0375
-abù	0.314076193883	0.678411733143	0.0	0.00751207297442
-ozọ	0.30549898167	0.670061099796	0.0244399185336	0.0
-ọgu	0.0164135284463	0.135388492036	0.044154703285	0.804043276233
-azọ	0.418621013133	0.285881801126	0.246247654784	0.0492495309568
-nrọ	0.103448275862	0.896551724138	0.0	0.0
-rei	0.096	0.808	0.048	0.048
-abà	0.590057574239	0.245223195563	0.0809931659798	0.0837260642183
-yom	0.0315585672798	0.894804775734	0.0321393998064	0.0414972571797
-ezi	0.158005189693	0.14716605036	0.503940225749	0.190888534199
-ako	0.0592592592592	0.0814814814815	0.859259259259	0.0
-é-è	0.072602739726	0.0871232876713	0.0208219178082	0.819452054795
-ugọ	0.0	0.977564102564	0.0224358974359	0.0
-ebà	0.718981972428	0.118769883351	0.0795334040297	0.0827147401909
-ìme	0.384615384615	0.5	0.0769230769231	0.0384615384615
-͕um	0.432492282915	0.475070460341	0.0216413904174	0.0707958663267
-chi	0.184258511377	0.652653157124	0.0266256876905	0.136462643808
-iọs	0.0124014985144	0.9755845498	0.00232528097145	0.00968867071439
-orù	0.125110572757	0.807786588346	0.0542533591078	0.0128494797887
-gwe	0.00957375679992	0.923265561797	0.0603524297573	0.00680825164542
-cho	0.67671893848	0.165259348613	0.0892641737033	0.0687575392039
-͕ue	0.78104831921	0.148072282395	0.0224760087547	0.0484033896403
