jer-	0.0132136750802	0.972674822582	0.000546503548369	0.0135649987899
het-	0.143500880758	0.100327432119	0.0201968399422	0.735974847181
agu-	0.312	0.576	0.112	0.0
ni'-	0.381474571999	0.29201084073	0.0650255872016	0.26148900007
omo-	0.397626768868	0.258107311321	0.113502358491	0.230763561321
siu-	0.0554089709762	0.79419525066	0.0184696569921	0.131926121372
gin-	0.302731254208	0.461836475745	0.0727925986832	0.162639671363
e'n-	0.364611501713	0.486058530136	0.0857821044408	0.0635478637101
del-	0.0892857142857	0.821428571429	0.0	0.0892857142857
maa-	0.0	1.0	0.0	0.0
ica-	0.0879382055852	0.730243612597	0.139037433155	0.0427807486631
jac-	0.0127068810915	0.970260491062	0.0102736485421	0.006758979304
gum-	0.131975289733	0.750855159034	0.0556491550518	0.0615203961811
ta'-	0.387692307692	0.360146520147	0.11706959707	0.135091575092
ton-	0.033216100039	0.837045720985	0.0711215318484	0.0586166471277
tut-	0.206817363884	0.436410687049	0.275916436736	0.0808555123306
ogo-	0.104412678682	0.624611559975	0.229956494717	0.0410192666252
unn-	0.166795004226	0.0449666635365	0.0230303314865	0.765208000751
syc-	0.0	0.932203389831	0.0338983050847	0.0338983050847
udi-	0.0865384615385	0.336538461538	0.407051282051	0.169871794872
pey-	0.443609022556	0.451127819549	0.105263157895	0.0
sto-	0.0555555555556	0.319444444444	0.625	0.0
mah-	0.278293708177	0.16641098402	0.0750467668222	0.480248540981
alm-	0.191780821918	0.534246575342	0.109589041096	0.164383561644
tum-	0.376167926888	0.300754561991	0.200416548796	0.122660962324
eno-	0.0	1.0	0.0	0.0
eka-	0.193737856611	0.72233707267	0.00252004306983	0.0814050276495
ola-	0.0077922077922	0.962597402597	0.0187012987013	0.0109090909091
uld-	0.0572571851173	0.850733144654	0.0334635630626	0.0585461071665
pa"-	0.500754053808	0.25254229416	0.141917951585	0.104785700447
rac-	0.33386327504	0.66613672496	0.0	0.0
puh-	0.47383857344	0.409549507273	0.0952604411075	0.0213514781793
duy-	0.386369746393	0.601308360964	0.00896137646742	0.00336051617528
pre-	0.0705882352941	0.741176470588	0.164705882353	0.0235294117647
fig-	0.0134755755194	0.944413250983	0.0387422796182	0.00336889387985
pid-	0.233609203498	0.415272641897	0.171509068498	0.179609086107
dyi-	0.164705882353	0.58431372549	0.0	0.250980392157
ipy-	0.788203753351	0.163538873995	0.0	0.0482573726542
uwa-	0.678832116788	0.299270072993	0.0	0.021897810219
apt-	0.178039215686	0.235966386555	0.217591036415	0.368403361345
ihu-	0.304297779503	0.16780212279	0.0720758100999	0.455824287607
nun-	0.410134258313	0.320362545315	0.147212400164	0.122290796209
der-	0.0122699386503	0.975460122699	0.0	0.0122699386503
hat-	0.237362941889	0.19461600212	0.0276166014864	0.540404454504
uhh-	0.0	1.0	0.0	0.0
abi-	0.0599634088408	0.689833941072	0.0631594280937	0.187043221993
ayu-	0.211623786802	0.0475621153204	0.0174819056345	0.723332192243
aya-	0.47917208165	0.299281201083	0.0638841716212	0.157662545646
mil-	0.461947774277	0.407896293257	0.0579863877332	0.0721695447328
tib-	0.0551520156397	0.922601793178	0.0111230955912	0.0111230955912
gan-	0.162123983408	0.589375728081	0.12948960817	0.119010680341
teh-	0.162393162393	0.584045584046	0.017094017094	0.236467236467
imm-	0.574812000558	0.139514660248	0.0462472188626	0.239426120331
ari-	0.00535236396074	0.989295272079	0.00535236396075	0.0
puo-	0.0549266247379	0.867924528302	0.0360587002096	0.0410901467505
itl-	0.0	1.0	0.0	0.0
ini-	0.58716848005	0.103934149502	0.0373802112658	0.271517159182
bay-	0.112773508311	0.831807814401	0.0237327767423	0.0316859005455
mig-	0.586614173228	0.165354330709	0.0590551181102	0.188976377953
iwa-	0.4	0.365714285714	0.128571428571	0.105714285714
hed-	0.466786791614	0.0601118841203	0.016128027117	0.456973297148
uga-	0.237646375166	0.353640600118	0.188995425459	0.219717599256
mey-	0.142857142857	0.340136054422	0.102040816327	0.414965986395
til-	0.546838947854	0.443931702815	0.0	0.00922934933089
hum-	0.449936754967	0.286390011032	0.118956933378	0.144716300623
abr-	0.0230496800617	0.926329454964	0.0240806526958	0.0265402122782
aml-	0.434223331782	0.228483476495	0.211409892946	0.125883298777
oko-	0.343356570596	0.216753950913	0.135608504145	0.304280974346
nen-	0.103513591231	0.0378364509213	0.0102631824849	0.848386775363
ong-	0.190642382314	0.130110583022	0.39130691094	0.287940123724
her-	0.0175460584033	0.890546016627	0.0482516606091	0.0436562643606
mul-	0.0146627565983	0.190615835777	0.794721407625	0.0
euo-	0.153846153846	0.846153846154	0.0	0.0
naw-	0.0927242249995	0.254174711961	0.556557533578	0.0965435294616
cum-	0.115384615385	0.884615384615	0.0	0.0
kam-	0.0591865106787	0.895285404184	0.0341460638531	0.0113820212844
ibi-	0.35754453192	0.226571119933	0.18365777436	0.232226573787
sin-	0.0113555713272	0.860894251242	0.0454222853087	0.082327892122
kim-	0.155429894851	0.60207259083	0.0345487823766	0.207948731942
dor-	0.0	1.0	0.0	0.0
ma"-	0.195852382868	0.278482864562	0.369788961633	0.155875790937
pat-	0.593923194317	0.303222881264	0.0276541211881	0.0751998032309
niy-	0.449987883722	0.332156681692	0.105726406518	0.112129028069
hud-	0.0815879221757	0.674715291445	0.111579865009	0.13211692137
mog-	0.242316099389	0.688316902351	0.0559842976313	0.013382700629
maw-	0.424053223007	0.341917403919	0.146589827091	0.0874395459838
agg-	0.245474940666	0.0479335297718	0.0118790171776	0.694712512385
jor-	0.0	1.0	0.0	0.0
noy-	0.0	0.324884792627	0.410138248848	0.264976958525
lom-	0.345441067457	0.601186063751	0.0177909562639	0.0355819125278
myr-	0.0361290322581	0.948387096774	0.00774193548386	0.00774193548389
him-	0.216341747727	0.436169499312	0.0389158841199	0.308572868841
i'i-	0.14139250998	0.590313731139	0.0776180434316	0.19067571545
bi'-	0.421596244132	0.388732394366	0.145539906103	0.0441314553991
jam-	0.0362173038229	0.84708249497	0.0804828973843	0.036217303823
ngu-	0.342854326122	0.420002150962	0.182562870817	0.0545806520998
ham-	0.231062207496	0.63507099392	0.0456364086083	0.088230389976
atd-	0.254961832061	0.451908396947	0.293129770992	0.0
imb-	0.153103298589	0.723444678946	0.0311984247791	0.092253597686
rek-	0.0	1.0	0.0	0.0
a'u-	0.280198489476	0.512233255338	0.134564920379	0.073003334808
nig-	0.377537694408	0.509972693815	0.0483794372551	0.0641101745221
por-	0.0425531914894	0.957446808511	0.0	0.0
sce-	0.0	0.862068965517	0.0	0.137931034483
pas-	0.0211267605634	0.894366197183	0.0845070422535	0.0
cos-	0.0	1.0	0.0	0.0
dam-	0.259574419	0.216041548788	0.0636211717144	0.460762860497
ent-	0.793193717278	0.0919970082274	0.0105958613812	0.104213413114
buu-	0.0552755318077	0.876878488341	0.0451158546219	0.0227301252294
zer-	0.0	1.0	0.0	0.0
nai-	0.0	0.890909090909	0.0	0.109090909091
bak-	0.10016374269	0.874011695906	0.0184795321638	0.00734502923976
odn-	0.174615577408	0.787612967905	0.0154801043801	0.0222913503074
haa-	0.20023491189	0.521310982785	0.0554911566231	0.222962948703
umm-	0.391819418875	0.438685663972	0.0682382133995	0.101256703754
che-	0.117559246128	0.843254338496	0.0261242769173	0.0130621384587
dih-	0.303198960233	0.141018384588	0.0215709703792	0.5342116848
epa-	0.120427687113	0.828925154755	0.0168823860439	0.0337647720878
sap-	0.0	1.0	0.0	0.0
asi-	0.00304259634888	0.990872210953	0.0	0.00608519269777
gun-	0.247307303353	0.148061157533	0.047925460642	0.556706078472
nan-	0.116135037652	0.0627556689459	0.01735999267	0.803749300732
oto-	0.378410209535	0.0534559133736	0.054844606947	0.513289270145
blu-	0.0	0.43956043956	0.56043956044	0.0
phr-	0.0	0.886597938144	0.113402061856	0.0
hid-	0.389550143328	0.0604786524862	0.0102827572155	0.539688446971
egt-	0.215439856373	0.763016157989	0.0	0.0215439856373
azo-	0.0	1.0	0.0	0.0
nog-	0.813704496788	0.154175588865	0.0321199143469	0.0
bu'-	0.425324675325	0.477272727273	0.0	0.0974025974026
amu-	0.592675765952	0.289092046105	0.0552911577183	0.0629410302245
tol-	0.251705276004	0.555717305555	0.0	0.192577418441
mel-	0.124990064383	0.858715523408	0.0115253159526	0.00476909625625
kri-	0.029196107027	0.913261704217	0.00570255067115	0.0518396380845
add-	0.0	1.0	0.0	0.0
onn-	0.386485023526	0.44730912302	0.0838516017428	0.0823542517116
hah-	0.344748060661	0.536585365854	0.0608008945419	0.0578656789433
isa-	0.018535204016	0.963444458746	0.002316900502	0.0157034367357
joe-	0.0705882352941	0.841176470588	0.0	0.0882352941177
mus-	0.00881057268721	0.953744493392	0.0352422907489	0.00220264317181
eut-	0.0508474576271	0.949152542373	0.0	0.0
pud-	0.0377358490566	0.962264150943	0.0	0.0
dio-	0.132833599278	0.808798235829	0.00711902219193	0.0512491427013
yah-	0.0204081632653	0.979591836735	0.0	0.0
bab-	0.0646744606576	0.653264379991	0.0177303707175	0.264330788634
ita-	0.317503825524	0.276821861864	0.232660998704	0.173013313908
obo-	0.196940200715	0.724758273699	0.0711832050778	0.00711832050777
tuh-	0.302131289216	0.29502699183	0.0536039384093	0.349237780545
mum-	0.334449259793	0.410890577827	0.116531054591	0.13812910779
hol-	0.0935774720929	0.738893316588	0.0189669776467	0.148562233673
hi'-	0.245977709354	0.211197363286	0.444945574396	0.0978793529641
udd-	0.201030927835	0.768041237113	0.0309278350515	0.0
ne'-	0.511199155415	0.321914233785	0.108101542208	0.0587850685926
ila-	0.428719854831	0.438343034927	0.0621737592807	0.0707633509619
lau-	0.812949640288	0.0359712230216	0.0647482014389	0.0863309352518
bo'-	0.105064171516	0.0664977741285	0.0365754850576	0.791862569298
be'-	0.155660377358	0.816037735849	0.0	0.0283018867925
ede-	0.358279758788	0.158230676935	0.075399497966	0.40809006631
jud-	0.0164673320603	0.946809744331	0.00440675083303	0.0323161727756
tua-	0.332398316971	0.227208976157	0.0084151472651	0.431977559607
hu'-	0.0721811665735	0.809108535589	0.024405245589	0.0943050522488
non-	0.371056906984	0.182667478731	0.0878811530025	0.358394461282
uba-	0.444070655455	0.284258746351	0.127894962873	0.14377563532
mi'-	0.258533667973	0.230298230805	0.0472734672463	0.463894633976
mal-	0.308963127364	0.28799103562	0.0953766980596	0.307669138957
umb-	0.279027423997	0.602596182474	0.055020013894	0.0633563796355
eph-	0.0121571953633	0.932994062765	0.0313825275657	0.0234662143059
sab-	0.0145190562613	0.985480943739	0.0	0.0
aki-	0.0	1.0	0.0	0.0
iju-	0.053412462908	0.896142433235	0.0237388724035	0.026706231454
nin-	0.412156873604	0.168787727751	0.0397094386295	0.379345960015
udm-	0.506198500483	0.313414000445	0.106153960359	0.0742335387128
gog-	0.120909056984	0.879090943016	0.0	0.0
hui-	0.112939340745	0.396855861127	0.475787009947	0.0144177881802
utd-	0.140728476821	0.417770419426	0.264900662252	0.176600441501
tuw-	0.348820519221	0.220471376269	0.161788567149	0.268919537361
ena-	0.19257221458	0.724896836314	0.0825309491059	0.0
lyd-	0.0	1.0	0.0	0.0
lim-	0.423367338994	0.292074285617	0.0691583666185	0.215400008771
eho-	0.467611336032	0.267206477733	0.253036437247	0.0121457489878
mab-	0.345630837902	0.277698112285	0.13516611686	0.241504932953
aph-	0.573426573427	0.384615384615	0.0419580419581	0.0
ump-	0.0555555555555	0.423611111111	0.0416666666667	0.479166666667
and-	0.0721465011802	0.862179243128	0.0451153582578	0.0205588974339
apa-	0.330663535268	0.511487773042	0.123135078995	0.0347136126953
ALL	0.241810133815	0.314625879297	0.0586452078652	0.384918779023
ana-	0.191380122477	0.342367533906	0.0648504008312	0.401401942786
dud-	0.0702917771884	0.599469496021	0.0258620689655	0.304376657825
ith-	0.0168539325843	0.957865168539	0.0252808988764	0.0
ine-	0.429594272076	0.405727923628	0.0572792362768	0.107398568019
sem-	0.0	1.0	0.0	0.0
top-	0.0833091857432	0.507389162562	0.310055056505	0.0992465951898
per-	0.0129111589302	0.945127574547	0.0387334767907	0.00322778973256
e'k-	0.493724385246	0.367955942623	0.0998975409836	0.0384221311475
oh'-	0.0949845020907	0.0996442761748	0.349171017869	0.456200203865
arm-	0.238574040219	0.564899451554	0.118829981719	0.0776965265081
rhe-	0.00772200772201	0.992277992278	0.0	0.0
dag-	0.151047252336	0.696096546199	0.0687400669311	0.0841161345342
lid-	0.116959064328	0.883040935672	0.0	0.0
guy-	0.658767772512	0.203791469194	0.0568720379147	0.0805687203791
ud'-	0.376146788991	0.376146788991	0.247706422018	0.0
ata-	0.216648133661	0.518677929324	0.144980357907	0.119693579108
fra-	0.0	0.908745247148	0.0912547528517	0.0
pig-	0.761627906977	0.063953488372	0.122093023256	0.0523255813953
baw-	0.381502890173	0.42774566474	0.121387283237	0.0693641618497
dat-	0.137851338193	0.115545814151	0.0229657487134	0.723637098942
agd-	0.0412371134021	0.958762886598	0.0	0.0
lum-	0.350767613596	0.378837894823	0.170289579026	0.100104912556
tot-	0.639705882353	0.0735294117647	0.0220588235294	0.264705882353
lev-	0.0408801857273	0.920258403149	0.00706571111337	0.0317957000101
arc-	0.208762886598	0.775773195876	0.0	0.0154639175258
num-	0.3678275024	0.306841137421	0.112095634372	0.213235725807
ken-	0.0384615384615	0.923076923077	0.0384615384615	0.0
adi-	0.18822870921	0.061814429641	0.0228683834943	0.727088477655
ami-	0.0496978241294	0.169771313212	0.0412206082175	0.739310254441
ume-	0.457874003726	0.342046599689	0.165450270254	0.0346291263322
iku-	0.282658959538	0.634104046243	0.0	0.0832369942197
atn-	0.141245400806	0.132177794828	0.191465987759	0.535110816608
ram-	0.00769512641993	0.99230487358	0.0	0.0
amb-	0.228148148148	0.0874074074074	0.684444444445	0.0
sec-	0.0609756097561	0.731199186992	0.1875	0.020325203252
eub-	0.0916030534351	0.908396946565	0.0	0.0
cau-	0.0	0.945454545455	0.0	0.0545454545455
haw-	0.407649604122	0.535416093627	0.0478248138914	0.00910948836025
dol-	0.0577560359792	0.635000789017	0.11488085845	0.192362316554
pu'-	0.63651125029	0.184875898863	0.0487125956854	0.129900255161
bug-	0.357449032712	0.399550714398	0.182250189668	0.0607500632226
jai-	0.122109158187	0.867715078631	0.00277520814061	0.00740055504162
win-	0.698546827988	0.242302029319	0.0042250816209	0.0549260610716
tal-	0.2198457223	0.745441795232	0.0284011220196	0.0063113604488
gid-	0.028901734104	0.971098265896	0.0	0.0
od'-	0.495849306409	0.201341956852	0.136263931532	0.166544805206
alp-	0.258357029539	0.443404095244	0.0546646275893	0.243574247627
pa'-	0.355339882542	0.350865735895	0.203771928824	0.0900224527383
bin-	0.361323622365	0.516720595769	0.0508215277897	0.0711342540756
jeh-	0.0117647058824	0.988235294118	0.0	0.0
lem-	0.200276385367	0.120306743259	0.0268458034994	0.652571067874
edn-	0.0204081632653	0.622448979592	0.122448979592	0.234693877551
paw-	0.304182509506	0.496197718631	0.171102661597	0.0285171102662
she-	0.0	0.991723259762	0.0	0.00827674023768
kab-	0.0584016393443	0.841700819672	0.044140773923	0.0557567670606
wan-	0.282819816174	0.302618648477	0.0211717440314	0.393389791317
pon-	0.0	0.991561181435	0.0	0.00843881856539
umi-	0.281612301276	0.508864524246	0.146285605163	0.0632375693153
hig-	0.0439158279963	0.885178408051	0.0530649588289	0.0178408051235
uy'-	0.408983451537	0.378250591017	0.18439716312	0.0283687943263
ayd-	0.463880288958	0.242002063983	0.0526315789474	0.241486068111
pil-	0.10313939712	0.793694316198	0.0528828055102	0.0502834811716
nga-	0.290547130014	0.51340190001	0.0162342407748	0.179816729201
ben-	0.277579534603	0.605357591597	0.0633261295673	0.0537367442328
bog-	0.04	0.96	0.0	0.0
syr-	0.0404624277457	0.933015980959	0.00816048962937	0.0183611016661
nip-	0.351816243554	0.396379437737	0.100974163381	0.150830155328
pin-	0.475442998026	0.296834029155	0.0684730834147	0.159249889405
pog-	0.101004759675	0.44894444525	0.21540933953	0.234641455545
hug-	0.116168271668	0.537151545869	0.301064368981	0.045615813482
gol-	0.0956651718983	0.834080717489	0.0627802690583	0.00747384155458
amp-	0.0	0.819711538462	0.00721153846154	0.173076923077
bun-	0.0992428532524	0.820464025979	0.0366948364967	0.043598284272
ay'-	0.332089552239	0.502798507463	0.0671641791044	0.097947761194
map-	0.18437326317	0.23669971258	0.329003897804	0.249923126446
igg-	0.247853205329	0.569673644995	0.0509742806787	0.131498868997
gat-	0.00992227550852	0.990077724491	0.0	0.0
idi-	0.504386174951	0.294535892625	0.0673246291886	0.133753303236
u'b-	0.807692307692	0.192307692308	0.0	0.0
hih-	0.419944255187	0.15701455559	0.109012078043	0.31402911118
hag-	0.341814267773	0.396377219531	0.122804392183	0.139004120513
chr-	0.0	0.912451361868	0.0875486381323	0.0
sat-	0.051478088447	0.834459813726	0.089800665402	0.0242614324255
aym-	0.185628742515	0.407185628743	0.221556886228	0.185628742515
esl-	0.0	1.0	0.0	0.0
the-	0.0521126760563	0.892253521127	0.00845070422535	0.0471830985916
ani-	0.0658236618742	0.855505514175	0.0321900802587	0.0464807436919
upi-	0.167177043142	0.620248058889	0.157220721462	0.055354176507
nad-	0.227264478194	0.425673678698	0.221094167241	0.125967675867
nib-	0.324625778276	0.401437477696	0.126967993677	0.146968750352
neg-	0.609296482412	0.25	0.00502512562816	0.13567839196
aka-	0.463518644629	0.482761604069	0.0271783722	0.0265413791015
ho'-	0.211622305558	0.271898533492	0.339339614013	0.177139546937
eup-	0.0	1.0	0.0	0.0
ded-	0.335904760543	0.443471725786	0.16601373306	0.0546097806118
ahu-	0.210308101004	0.694958520165	0.0564493741898	0.0382840046408
mom-	0.781914893617	0.218085106383	0.0	0.0
ban-	0.176462573063	0.724072708941	0.0403744358256	0.0590902821704
hal-	0.353058765502	0.493372912458	0.0571244482951	0.096443873745
tey-	0.875	0.125	0.0	0.0
akk-	0.30542089026	0.290877038343	0.0546496253857	0.349052446011
ter-	0.082435556331	0.894665678022	0.0228987656475	0.0
igr-	0.0884040895443	0.37797879214	0.462544183041	0.0710729352743
iyi-	0.593054318789	0.33481745325	0.0	0.0721282279608
did-	0.111819874125	0.0656782723048	0.0105508200446	0.811951033525
nam-	0.447372948531	0.314226552373	0.0841373076095	0.154263191486
ebe-	0.0	1.0	0.0	0.0
ale-	0.0893951539914	0.794445450079	0.0817666985597	0.0343926973701
ugw-	0.0971266098583	0.190834068224	0.0364991164555	0.675540205462
sid-	0.0	1.0	0.0	0.0
bon-	0.500172387087	0.287166905677	0.0713532636123	0.141307443624
oli-	0.0173285198556	0.927436823105	0.0498194945849	0.00541516245487
luc-	0.0	1.0	0.0	0.0
hin-	0.0659096039621	0.0817936901825	0.0193937216937	0.832902984162
dec-	0.0	0.767676767677	0.0	0.232323232323
bo"-	0.545454545455	0.454545454545	0.0	0.0
kon-	0.0	0.968944099379	0.0217391304348	0.00931677018634
eli-	0.00558314477976	0.970174252887	0.000881549175752	0.0233610531574
nay-	0.251282051282	0.430769230769	0.0102564102564	0.307692307692
pi'-	0.318043336812	0.502950357686	0.0863525009629	0.0926538045391
ahl-	0.611940298508	0.313432835821	0.0149253731343	0.0597014925373
di'-	0.226019845645	0.319184123484	0.140573318633	0.314222712238
unm-	0.201447058538	0.0789083934251	0.0463738558283	0.673270692209
but-	0.162889283403	0.689278425777	0.14783229082	0.0
uzz-	0.0	1.0	0.0	0.0
hel-	0.0777791937471	0.76526060915	0.0987638587996	0.0581963383034
e'w-	0.567213114754	0.15606557377	0.0865573770492	0.190163934426
ene-	0.335280245517	0.240864872246	0.0346666176503	0.389188264587
pan-	0.297664191388	0.448535242835	0.0986786544461	0.155121911331
huu-	0.336411609499	0.402374670185	0.0	0.261213720317
phl-	0.0	1.0	0.0	0.0
jez-	0.246917979049	0.717808023944	0.035273997007	0.0
all-	0.02166690741	0.886369107805	0.00866676296404	0.083297221821
tul-	0.0695963152788	0.156690392417	0.0723030625339	0.70141022977
lin-	0.262757409321	0.56845624214	0.0354607776539	0.133325570885
hoh-	0.506118453255	0.238864415076	0.128242780225	0.126774351444
pug-	0.0	0.924528301887	0.0377358490566	0.0377358490566
iro-	0.206522754883	0.322493224932	0.301373703392	0.169610316793
ina-	0.637582714088	0.112727028323	0.0201698216465	0.229520435943
baa-	0.128844721019	0.731235942479	0.0450190465197	0.0949002899828
lat-	0.0777202072539	0.813471502591	0.0621761658031	0.0466321243523
he'-	0.292307692308	0.211834319527	0.248520710059	0.247337278106
pen-	0.461077173342	0.26228293806	0.0474438201438	0.229196068455
pra-	0.0	0.992523364486	0.007476635514	0.0
ape-	0.0155268022181	0.975157116451	0.00931608133087	0.0
ity-	0.0	0.931818181818	0.0340909090909	0.0340909090909
umu-	0.526390651869	0.217503444232	0.0165299061583	0.239575997741
ipo-	0.526320458981	0.288105518424	0.0705329153605	0.115041107234
dun-	0.0446981365709	0.915632267222	0.00135906496331	0.0383105312434
got-	0.127547063386	0.724858398552	0.0196244330067	0.127970105055
hul-	0.244083031529	0.336689376395	0.285412997159	0.133814594916
ato-	0.32630050093	0.164455502375	0.0421635349479	0.467080461747
und-	0.282457692961	0.0867401814909	0.0147650631699	0.616037062378
hen-	0.326567413003	0.234016639764	0.0306496097539	0.408766337479
lab-	0.143727161997	0.779537149817	0.0255785627284	0.0511571254568
ber-	0.0128768803246	0.942373677413	0.0109590470848	0.0337903951781
tia-	0.358490566038	0.528301886792	0.0	0.11320754717
awi-	0.131322094055	0.822094055013	0.00798580301685	0.0385980479149
iba-	0.550727413545	0.265129294816	0.0590894540389	0.1250538376
ino-	0.307907934214	0.470796925301	0.174211068042	0.0470840724438
mim-	0.475548060708	0.224704890388	0.064502529511	0.235244519393
upp-	0.0484512891503	0.69717944281	0.254369268039	0.0
eng-	0.239601459913	0.200196063821	0.0465786146344	0.513623861632
mid-	0.307075926535	0.107020573123	0.0549162579949	0.530987242347
me"-	0.765357155175	0.204463146277	0.00672576139067	0.0234539371573
ang-	0.0567795535899	0.423170504884	0.083991799409	0.436058142117
pun-	0.302928538877	0.497729152386	0.0892585594714	0.110083749266
inh-	0.571230066069	0.218399651061	0.0598313895402	0.15053889333
dug-	0.164300882978	0.688163630267	0.00335307924444	0.144182407511
zec-	0.00990262419541	0.974143147934	0.00275072894317	0.0132034989272
ivo-	0.0357142857143	0.767857142857	0.196428571429	0.0
ne"-	0.623838200652	0.292127854601	0.0374634088647	0.0465705358815
day-	0.172565926401	0.673321578013	0.0334972305075	0.120615265078
tud-	0.289381639964	0.482335457865	0.0602324985996	0.168050403571
cai-	0.00285714285714	0.992857142857	0.00142857142857	0.00285714285714
sod-	0.00891972249752	0.991080277502	0.0	0.0
amm-	0.351513942899	0.361152657294	0.0677202778609	0.219613121946
ihd-	0.611337130458	0.296446975861	0.0846216436127	0.00759425006781
ide-	0.0	1.0	0.0	0.0
har-	0.144144144144	0.855855855856	0.0	0.0
kan-	0.280794422143	0.604056623706	0.048330868371	0.0668180857806
agi-	0.0692780996639	0.808261116707	0.021640057042	0.100820726587
aid-	0.351590106007	0.227915194346	0.217314487632	0.203180212014
lig-	0.198245804421	0.531322551461	0.113450313442	0.156981330676
isy-	0.0	0.251170046802	0.748829953198	0.0
diy-	0.0441463250622	0.839217268509	0.0890995898057	0.0275368166229
gap-	0.226926400126	0.266986096929	0.110831827822	0.395255675124
ill-	0.0701754385965	0.824561403509	0.0	0.105263157895
eg'-	0.506849315068	0.493150684932	0.0	0.0
bum-	0.369591432597	0.365404854681	0.124313589868	0.140690122853
uya-	0.156518861681	0.670558912064	0.0978918041886	0.0750304220662
luh-	0.175675675676	0.716216216216	0.108108108108	0.0
log-	0.120858266331	0.70073919004	0.0371528678351	0.141249675794
we'-	0.0182370820669	0.696048632219	0.0820668693009	0.203647416413
kum-	0.404125007146	0.424293516859	0.0246628525027	0.146918623492
met-	0.181897097057	0.320087478614	0.0680216189327	0.429993805397
git-	0.212389380531	0.74778761062	0.0398230088496	0.0
el'-	0.375	0.442073170732	0.137195121951	0.0457317073171
udu-	0.116541449894	0.214922429194	0.12594962499	0.542586495922
mna-	0.185185185185	0.666666666667	0.0925925925926	0.0555555555555
kuw-	0.196925067269	0.630969855072	0.064502248449	0.10760282921
bim-	0.51935100294	0.175611177434	0.114993016463	0.190044803163
iho-	0.546762589928	0.345323741007	0.107913669065	0.0
dap-	0.571708054606	0.270964447613	0.0132166406492	0.144110857132
ept-	0.173798281682	0.223318225316	0.0530007466375	0.549882746364
hez-	0.0	1.0	0.0	0.0
tuy-	0.196799251773	0.689797615027	0.0385804473773	0.0748226858226
mys-	0.0	1.0	0.0	0.0
hil-	0.142680839205	0.73247342649	0.0457024563079	0.0791432779967
tit-	0.13908440349	0.76745417116	0.0401921380257	0.0532692873248
bub-	0.14651097267	0.559527909088	0.0582287199073	0.235732398335
ilu-	0.375577981588	0.391397147949	0.0781364493234	0.154888421139
mat-	0.286678541129	0.506250060611	0.111014320471	0.0960570777887
ste-	0.102733443405	0.724454228582	0.0407264722069	0.132085855806
nit-	0.452680089448	0.354309959804	0.0509707946408	0.142039156107
aat-	0.222970680253	0.131210923233	0.0296025916527	0.616215804861
bob-	0.686560614372	0.255470422735	0.0490506609099	0.00891830198363
kin-	0.743227339221	0.136476126577	0.027079644071	0.0932168901305
smy-	0.0	1.0	0.0	0.0
mem-	0.146047733742	0.790453251587	0.0306546967375	0.032844317933
mad-	0.253526117777	0.445687421932	0.116625157713	0.184161302578
par-	0.0	1.0	0.0	0.0
chi-	0.0	0.969696969697	0.030303030303	0.0
ala-	0.429173893445	0.415312749922	0.0450173227681	0.110496033864
jul-	0.0468431771894	0.953156822811	0.0	0.0
gob-	0.0639393118396	0.898130587917	0.00975345434842	0.0281766458954
qua-	0.0	1.0	0.0	0.0
nah-	0.237185710999	0.327682904562	0.224245555726	0.210885828712
zac-	0.0	1.0	0.0	0.0
zeu-	0.0	1.0	0.0	0.0
huw-	0.0498063087991	0.797085408596	0.0903892270799	0.0627190555248
ame-	0.0495905026674	0.156773611842	0.0276128935307	0.76602299196
hib-	0.191489361702	0.68085106383	0.127659574468	0.0
ayi-	0.0182171003129	0.951421065832	0.0130687893549	0.0172930444999
cni-	0.0594059405941	0.683168316832	0.0	0.257425742574
tha-	0.010101010101	0.989898989899	0.0	0.0
anu-	0.264916303205	0.313375971865	0.0424086748151	0.379299050115
tre-	0.0	0.437797776601	0.33562731604	0.226574907358
gay-	0.213462253626	0.691706954258	0.0278914094458	0.0669393826701
puu-	0.347549155359	0.407366380504	0.0207698698421	0.224314594295
ipa-	0.413504758963	0.378390476122	0.102498409055	0.105606355859
wod-	0.195918367347	0.771428571429	0.0326530612244	0.0
reu-	0.0	1.0	0.0	0.0
iyu-	0.459384769964	0.333732443422	0.0462685803179	0.160614206297
ona-	0.301513380141	0.0361648118125	0.252682164334	0.409639643713
dan-	0.169107930334	0.48842801941	0.0203720118542	0.322092038401
cap-	0.0384176492963	0.949410422214	0.00228223659186	0.00988969189806
lug-	0.156327794824	0.583699994211	0.0517715509755	0.20820065999
gre-	0.256169212691	0.725029377203	0.0	0.0188014101058
um'-	0.748631628509	0.240774527691	0.0105938437997	0.0
ser-	0.0	1.0	0.0	0.0
hay-	0.319128040791	0.0296486336275	0.0258176990979	0.625405626484
cri-	0.0	1.0	0.0	0.0
elm-	0.0	1.0	0.0	0.0
anl-	0.410256410256	0.153846153846	0.205128205128	0.230769230769
ayn-	0.183620239958	0.498174230569	0.286906624935	0.0312989045383
din-	0.254398120012	0.0162288021113	0.00607404498341	0.723299032893
mol-	0.368509042043	0.325551773221	0.0838128476944	0.222126337041
yin-	0.26821192053	0.529801324503	0.0927152317881	0.109271523179
agr-	0.0034344590727	0.989696622782	0.0034344590727	0.0034344590727
heh-	0.285804776082	0.521631722303	0.152657249636	0.0399062519795
iwi-	0.128508124077	0.862629246677	0.0	0.00886262924668
fox-	0.170382835507	0.829617164493	0.0	0.0
sos-	0.0	0.986784140969	0.0132158590308	0.0
don-	0.596669824433	0.263713061294	0.0388549916045	0.100762122669
ule-	0.227272727273	0.465909090909	0.193181818182	0.113636363636
nep-	0.242702251877	0.364136780651	0.116763969975	0.276396997498
hiw-	0.33332230386	0.413812500109	0.16666115193	0.0862040441017
tat-	0.0893388416315	0.590128289467	0.0370842673776	0.283448601523
bit-	0.0494165161841	0.879905244558	0.0644647676744	0.00621347158308
dog-	0.280206353516	0.254276405105	0.340401846321	0.125115395058
alh-	0.282352941177	0.421176470588	0.225882352941	0.0705882352941
atl-	0.126984126984	0.079365079365	0.492063492064	0.301587301587
du'-	0.557213750377	0.227083598398	0.090723449188	0.124979202037
nom-	0.295777440233	0.346377933905	0.0869731441762	0.270871481686
hon-	0.735584405882	0.13544827071	0.0201629471605	0.108804376248
pot-	0.247381191043	0.594249960432	0.0579780813074	0.100390767217
nol-	0.399180062574	0.257309310605	0.0258927608156	0.317617866005
mam-	0.497693885868	0.297833673583	0.0633689617828	0.141103478767
cit-	0.0	0.724137931035	0.275862068965	0.0
esa-	0.0	0.985981308411	0.0140186915888	0.0
cyp-	0.0325203252032	0.907859078591	0.00542005420054	0.0542005420054
joh-	0.0546933455625	0.880406579614	0.00996838116386	0.0549316936593
ah'-	0.529455932221	0.27145416511	0.110594636502	0.0884952661669
ehm-	0.0641247833622	0.589254766031	0.138648180243	0.207972270364
pri-	0.0	1.0	0.0	0.0
huh-	0.47131147541	0.315573770492	0.188524590164	0.0245901639344
laz-	0.052141113823	0.906367872199	0.00221877080097	0.0392722431772
a'i-	0.101114649682	0.551751592357	0.148089171975	0.199044585987
ep'-	0.738589211618	0.0248962655602	0.174273858921	0.0622406639004
mos-	0.0525880332452	0.907597999273	0.00377330107432	0.0360406664076
li'-	0.627177846983	0.262351653901	0.0927952192576	0.0176752798586
jep-	0.0	1.0	0.0	0.0
abu-	0.126363709321	0.701073370844	0.045896946808	0.126665973028
omm-	0.0807915075404	0.774895666196	0.0483438455638	0.0959689806995
gop-	0.23305588585	0.481569560048	0.107015457788	0.178359096314
lyc-	0.0609137055837	0.725888324873	0.213197969543	0.0
pla-	0.183505154639	0.661855670103	0.129896907216	0.0247422680412
tag-	0.127797115876	0.49793623185	0.0450979090401	0.329168743234
mac-	0.00846527668913	0.973663583634	0.00940586298792	0.00846527668914
lo'-	0.216561814612	0.741359172834	0.0105197531386	0.0315592594158
ico-	0.0	1.0	0.0	0.0
ika-	0.359895833333	0.5390625	0.0270833333333	0.0739583333333
bet-	0.0129577318786	0.978490165082	0.00155492782543	0.00699717521445
law-	0.00755508919203	0.984889821616	0.0	0.00755508919202
epe-	0.334019055868	0.563447379818	0.0684278908618	0.0341056734517
sal-	0.0349080754015	0.953455899465	0.00930882010706	0.00232720502676
nih-	0.426639301388	0.260550908883	0.158768014506	0.154041775223
aun-	0.478260869565	0.45652173913	0.0	0.0652173913043
gab-	0.281038776236	0.711846318036	0.0	0.0071149057275
e'l-	0.0	0.922680412371	0.0386597938144	0.0386597938144
den-	0.612380592825	0.105432548897	0.028333549198	0.25385330908
ind-	0.562966393284	0.276930480582	0.0518447151371	0.108258410996
bad-	0.389387585767	0.329297843595	0.0539220066562	0.227392563981
ooa-	0.2	0.0166666666667	0.0222222222222	0.761111111111
eme-	0.0192307692308	0.692307692308	0.288461538462	0.0
bi"-	0.266666666667	0.706666666667	0.0266666666667	0.0
min-	0.569601142904	0.239443584869	0.0977525883865	0.0932026838406
ady-	0.263364495362	0.173956914628	0.0415157601224	0.521162829888
lul-	0.946428571429	0.0357142857143	0.0178571428571	0.0
cep-	0.340425531915	0.659574468085	0.0	0.0
tab-	0.14721320071	0.797285730516	0.0274121132357	0.0280889555378
naz-	0.0032967032967	0.986813186813	0.0	0.00989010989012
gal-	0.0467911532473	0.872592401838	0.0240108547773	0.0566055901376
ida-	0.542304569688	0.207095818634	0.0740974045265	0.176502207152
kar-	0.0350877192982	0.964912280702	0.0	0.0
nue-	0.0328227571116	0.249452954048	0.288840262582	0.428884026258
kay-	0.336283185841	0.266470009833	0.196656833825	0.200589970501
ibe-	0.0	0.927917620137	0.058352402746	0.0137299771167
neb-	0.0368098159509	0.0368098159509	0.0	0.926380368098
amn-	0.371323105747	0.419882458338	0.0817066960087	0.127087739907
wad-	0.217409496866	0.117482047617	0.0262618030782	0.638846652439
do"-	0.156862745098	0.078431372549	0.549019607843	0.21568627451
me'-	0.240072416784	0.516824507435	0.166491138042	0.0766119377396
ubu-	0.274633259548	0.597054479844	0.11480570686	0.0135065537482
udy-	0.557184750733	0.24926686217	0.193548387097	0.0
lu'-	0.130434782609	0.869565217391	0.0	0.0
ehd-	0.388847023361	0.312735493595	0.0904295403165	0.207987942728
bag-	0.24830493572	0.530024914052	0.178710818788	0.0429593314395
tak-	0.210526315789	0.647058823529	0.0681114551084	0.0743034055727
ta"-	0.115744283366	0.0592475839239	0.0356201624603	0.78938797025
lob-	0.0215330818073	0.898776111162	0.0574215514862	0.0222692555443
luk-	0.276923076923	0.623529411765	0.0597285067873	0.0398190045249
tay-	0.570951637256	0.187801192072	0.0321806237765	0.209066546895
lel-	0.0315789473684	0.873684210526	0.0394736842105	0.0552631578948
clo-	0.0	1.0	0.0	0.0
nel-	0.491747936984	0.491372843211	0.0	0.0168792198049
att-	0.264469608469	0.436035627283	0.112050816158	0.18744394809
one-	0.0191846522782	0.851318944844	0.0	0.129496402878
nob-	0.158864588181	0.220009306654	0.14909260121	0.472033503955
bea-	0.0	0.857142857143	0.142857142857	0.0
rep-	0.0	0.947328818661	0.0526711813394	0.0
buh-	0.151694160312	0.585273472792	0.18994939316	0.0730829737362
unu-	0.269129616894	0.11834127486	0.0234191233347	0.589109984911
sil-	0.0397301659562	0.908123991226	0.027935272938	0.0242105698796
ake-	0.0	1.0	0.0	0.0
dik-	0.296259127245	0.573718725127	0.0555334463785	0.0744887012493
lal-	0.0810300977141	0.712985560466	0.0341039327717	0.171880409049
ngi-	0.231830938986	0.647319655009	0.0527995283926	0.0680498776127
inw-	0.575146043548	0.279872543813	0.0392989909718	0.105682421668
mep-	0.428854948658	0.347657261196	0.223487790146	0.0
try-	0.0	1.0	0.0	0.0
kis-	0.0	1.0	0.0	0.0
gen-	0.429902309633	0.520282072847	0.0271721550107	0.0226434625089
gra-	0.360248447205	0.490683229814	0.149068322981	0.0
nuw-	0.0926705981466	0.578770008425	0.126368997473	0.202190395956
pe'-	0.162790697674	0.627906976744	0.0418604651163	0.167441860465
pim-	0.286209274305	0.446167361532	0.101604120605	0.166019243558
sau-	0.0811485642946	0.85746982938	0.0	0.0613816063254
sad-	0.0304501323919	0.960282436011	0.00661959399825	0.00264783759929
way-	0.106531613267	0.100314809981	0.0344776827793	0.758675893973
umo-	0.439227519614	0.342426071213	0.186843693422	0.0315027157514
anh-	0.510686164229	0.230596175478	0.134983127109	0.123734533183
tro-	0.0857093066427	0.862949970071	0.0210030231624	0.0303377001235
beh-	0.14731502357	0.733603197377	0.0688665710187	0.0502152080344
pop-	0.236036036036	0.252852852853	0.218618618619	0.292492492493
at'-	0.264705882353	0.417647058824	0.247058823529	0.0705882352941
ela-	0.416236406919	0.27726596022	0.161179890403	0.145317742458
iyo-	0.443808294117	0.324091220559	0.110599548088	0.121500937236
uri-	0.0	1.0	0.0	0.0
e'g-	0.363731338613	0.418525642323	0.0763775513022	0.141365467761
luy-	0.315789473684	0.631578947368	0.0526315789474	0.0
o'o-	0.0807171308789	0.813834269739	0.0152856431134	0.0901629562685
nag-	0.515504145526	0.384549853849	0.0355564685276	0.0643895320973
aen-	0.0	1.0	0.0	0.0
miw-	0.481188118812	0.318811881188	0.116831683168	0.0831683168317
oot-	0.186770428016	0.0	0.0700389105058	0.743190661479
arp-	0.0	1.0	0.0	0.0
itu-	0.473542015697	0.2799731942	0.058453894668	0.188030895436
had-	0.357142857143	0.362766377269	0.113358326756	0.166732438832
oda-	0.870967741935	0.0645161290322	0.0	0.0645161290323
tam-	0.224342809124	0.436162593802	0.101164841984	0.23832975509
que-	0.0	0.993008998673	0.00699100132651	0.0
gul-	0.0802669230393	0.0536202237327	0.0090925718095	0.857020281418
nal-	0.247193958609	0.186543476058	0.0710610309458	0.495201534387
kid-	0.0	1.0	0.0	0.0
men-	0.0	1.0	0.0	0.0
edh-	0.976358357528	0.023641642472	0.0	0.0
iko-	0.0	0.908557533259	0.0130632095344	0.0783792572067
hop-	0.259327838658	0.205796280101	0.176858850027	0.358017031214
lub-	0.0894029808882	0.807327403345	0.0401027989215	0.0631668168448
daa-	0.0167597765363	0.891061452514	0.0	0.0921787709497
tap-	0.593452714046	0.290710688304	0.0856183547846	0.0302182428651
lup-	0.181199489579	0.700127605274	0.0191407911527	0.099532113994
sol-	0.0	1.0	0.0	0.0
bib-	0.480342556739	0.336225657839	0.16788671886	0.0155450665611
elh-	0.742335916604	0.257664083396	0.0	0.0
pro-	0.079974984884	0.767222221336	0.0122523016938	0.140550492086
iso-	0.135222150676	0.459111397296	0.405666452028	0.0
vel-	0.655644241733	0.0684150513113	0.173318129989	0.102622576967
mar-	0.00703724765425	0.823215808928	0.0	0.169746943418
a'e-	0.305782621859	0.565243717832	0.107175295186	0.0217983651226
pam-	0.408408073696	0.463372766921	0.0517427835243	0.0764763758582
mag-	0.262586730227	0.309397911918	0.0620947929081	0.365920564947
agw-	0.0958046899934	0.324379809422	0.457081849452	0.122733651133
job-	0.435244161359	0.437367303609	0.0636942675159	0.0636942675159
ust-	0.340425531915	0.539007092199	0.120567375887	0.0
end-	0.500121447656	0.355598736944	0.0454214233665	0.098858392033
hem-	0.308407175276	0.285065917441	0.3650313378	0.0414955694835
aqu-	0.00931677018635	0.978260869565	0.0	0.0124223602484
bot-	0.241008462623	0.602080394923	0.098730606488	0.0581805359662
tim-	0.288638126846	0.566073568285	0.0711355234755	0.0741527813931
nil-	0.456541628545	0.366351040025	0.0382169115621	0.138890419868
lag-	0.326875849633	0.537276614111	0.0442896638701	0.0915578723863
taw-	0.0237084749582	0.87619950799	0.0626279318698	0.0374640851815
meg-	0.28576733793	0.648175890488	0.0660567715818	0.0
opa-	0.0454724254583	0.161907009677	0.00377625678546	0.78884430808
wim-	0.693310165074	0.178974804518	0.0660295395308	0.0616854908775
alo-	0.139318885449	0.643962848297	0.170278637771	0.046439628483
tho-	0.0	0.996478873239	0.0	0.00352112676056
ano-	0.566117439122	0.239814804479	0.0767968661687	0.117270890231
asy-	0.0	1.0	0.0	0.0
pit-	0.0428920708678	0.0493064284516	0.0542826694543	0.853518831226
hit-	0.183450994109	0.174857128171	0.0329231360631	0.608768741657
las-	0.0	1.0	0.0	0.0
umd-	0.302375195563	0.324135969279	0.222159010098	0.15132982506
thy-	0.0	1.0	0.0	0.0
hiy-	0.131342133096	0.0640209262482	0.010789094357	0.793847846299
pad-	0.286043869925	0.280975189634	0.104908866058	0.328072074383
huk-	0.494581617748	0.344487903758	0.0583448739217	0.102585604572
mib-	0.401564665103	0.319827768313	0.106897455938	0.171710110646
hog-	0.227027027027	0.432432432432	0.178378378378	0.162162162162
cuz-	0.0	1.0	0.0	0.0
gah-	0.14771116294	0.175652810171	0.0656239996342	0.611012027256
lam-	0.151460197917	0.773369744941	0.0326068790914	0.0425631780507
reb-	0.244140625	0.755859375	0.0	0.0
inn-	0.598925477813	0.169186745494	0.0457611593636	0.186126617329
dum-	0.14738742522	0.259267565958	0.0299123409292	0.563432667892
bar-	0.0363227638429	0.943563653573	0.0113582584004	0.00875532418363
adr-	0.169491525424	0.627118644068	0.203389830509	0.0
zeb-	0.0	1.0	0.0	0.0
pis-	0.0741839762611	0.925816023739	0.0	0.0
amo-	0.265017937562	0.54181614635	0.138030175814	0.0551357402743
aku-	0.551607445009	0.128595600677	0.233502538071	0.0862944162436
pet-	0.0249801255517	0.934448586858	0.00390635708216	0.036664930508
tem-	0.758275797902	0.106862482409	0.00180330857273	0.133058411116
sai-	0.0447227191413	0.472271914132	0.397137745975	0.0858676207514
apo-	0.100638712135	0.500936010082	0.01965772581	0.378767551973
go'-	0.876117919841	0.0950645909242	0.0288174892348	0.0
pum-	0.264615696366	0.561969819076	0.0750120614751	0.0984024230834
tra-	0.0740740740741	0.925925925926	0.0	0.0
lot-	0.0280461202867	0.953256466189	0.0186974135245	0.0
da'-	0.0463256306433	0.0497189276317	0.010112577564	0.893842864161
gag-	0.176676179177	0.551030878251	0.0834321993138	0.188860743258
atu-	0.385815236126	0.394576582788	0.167470987016	0.052137194071
tu'-	0.113591200332	0.0879931530837	0.0192625226154	0.779153123969
u'u-	0.40828631724	0.499117102373	0.0615874930014	0.0310090873853
fir-	0.538384845464	0.188434695912	0.213359920239	0.0598205383848
tig-	0.659621983645	0.18914531824	0.0444346670948	0.106798031019
idd-	0.25793068422	0.428852223296	0.0935951006032	0.219621991881
ibo-	0.598505072077	0.244741057128	0.0846769887881	0.0720768820075
neh-	0.237487406915	0.354153900481	0.0370678105169	0.371290882087
gil-	0.257755474453	0.559762773723	0.155109489051	0.0273722627738
bau-	0.301435406699	0.0526315789474	0.645933014354	0.0
fes-	0.016333938294	0.974137931034	0.0	0.00952813067151
guw-	0.0666666666666	0.933333333333	0.0	0.0
iga-	0.0485886163813	0.850943493239	0.0755822921487	0.0248855982313
lep-	0.0	1.0	0.0	0.0
ped-	0.403865717192	0.213631739573	0.321464903357	0.0610376398779
aly-	0.553267665725	0.0812026171328	0.0324766443301	0.333053072812
bul-	0.0786278417478	0.819447519929	0.0515481989962	0.0503764393268
uny-	0.110440817171	0.0538288723704	0.0185134180743	0.817216892385
ihi-	0.322780476406	0.463740226815	0.10004079862	0.113438498159
dav-	0.00963683218918	0.978019360288	0.000974511120256	0.011369296403
na'-	0.260905853612	0.407306070669	0.144465251251	0.187322824468
hep-	0.129650209028	0.870349790972	0.0	0.0
dot-	0.16835016835	0.694083694084	0.016354016354	0.121212121212
ab'-	0.26897689769	0.666666666667	0.0346534653465	0.029702970297
jop-	0.0127272727273	0.976363636364	0.00545454545455	0.00545454545454
tan-	0.204052528112	0.645093987231	0.0643999198107	0.086453564846
