jer-	0.008956206783	0.970058171441	0.00316101415871	0.0178246076172
kud-	0.193950913875	0.127995283226	0.338798102731	0.339255700168
agu-	0.047619047619	0.809523809524	0.047619047619	0.0952380952381
tut-	0.26654764668	0.592853142269	0.0769919350395	0.0636072760115
gin-	0.414545406475	0.366724895809	0.0772667573106	0.141462940406
fig-	0.011320754717	0.949056603774	0.0396226415094	0.0
dok-	0.0	0.887323943662	0.0643863179074	0.0482897384306
maa-	0.41108450494	0.227107628824	0.100909381715	0.260898484521
uti-	0.106060606061	0.863636363636	0.030303030303	0.0
ica-	0.0	1.0	0.0	0.0
ied-	0.765138475982	0.10061023314	0.0572680331716	0.0769832577062
ipu-	0.82978059686	0.148383071644	0.0	0.0218363314963
kih-	0.342768139107	0.439995354265	0.0610236655956	0.156212841033
pro-	0.0368384303868	0.94322022064	0.00670297444492	0.0132383745287
ogo-	0.0721649484536	0.201030927835	0.69587628866	0.0309278350515
pao-	0.674063800277	0.267683772538	0.0332871012483	0.0249653259362
unn-	0.446379967338	0.288513881328	0.201415351116	0.0636908002177
syc-	0.0545454545455	0.727272727273	0.190909090909	0.0272727272727
udi-	0.0798427822485	0.15585744467	0.730171723677	0.0341280494044
pey-	0.300649901102	0.40389234247	0.0815908448714	0.213866911557
poy-	0.255813953488	0.255813953488	0.139534883721	0.348837209302
ug--	0.273959341723	0.335914811229	0.119070667957	0.27105517909
mah-	0.359487926709	0.234091932387	0.0687460188796	0.337674122025
eda-	0.268716888239	0.109107056623	0.00857450110144	0.613601554036
tum-	0.440759748232	0.232075820235	0.187362305065	0.139802126469
eno-	0.0260115606936	0.973988439306	0.0	0.0
eka-	0.440347251441	0.222819926714	0.0287556581426	0.308077163703
ola-	0.0130057803468	0.943641618497	0.0130057803468	0.0303468208092
uh--	0.321428571429	0.214285714286	0.292857142857	0.171428571429
opi-	0.141479099678	0.800643086817	0.0192926045016	0.0385852090032
lis-	0.223534606469	0.685947676344	0.0430511093939	0.0474666077934
ism-	0.608895705521	0.253067484663	0.0460122699387	0.0920245398773
ma--	0.35929183897	0.367186029791	0.0547189021477	0.218803229091
rac-	0.0	1.0	0.0	0.0
puh-	0.587155963303	0.192660550459	0.0642201834862	0.155963302752
duy-	0.376789549034	0.608446671439	0.0120794559771	0.00268432355047
sak-	0.059073777519	0.847333430388	0.0138787790557	0.0797140130377
pid-	0.390806892834	0.343064235938	0.0469639184521	0.219164952776
bap-	0.0870563674322	0.859394572025	0.0152400835073	0.0383089770355
wa--	0.0	1.0	0.0	0.0
alg-	0.086245036789	0.741667864319	0.0273205564996	0.144766542393
iem-	0.546201232033	0.268993839836	0.166324435318	0.0184804928131
ALL	0.238075166715	0.308687252736	0.0574772508576	0.395760329691
ipl-	0.413988657845	0.381852551985	0.158790170132	0.0453686200378
ihu-	0.408007870488	0.393864628978	0.0697489670248	0.128378533509
nun-	0.378874894965	0.372297818099	0.134621078742	0.114206208194
ibb-	0.146115312862	0.402203521427	0.107056361982	0.344624803728
kat-	0.219542080808	0.423015030657	0.186648450688	0.170794437847
neg-	0.0	0.958620689655	0.0413793103448	0.0
ayu-	0.496074232691	0.379014989293	0.124910778016	0.0
mao-	0.393208030756	0.295813754806	0.053823152499	0.257155061939
mil-	0.173189907413	0.641045659642	0.126954344306	0.0588100886386
atb-	0.193452380952	0.199404761905	0.00892857142857	0.598214285714
dis-	0.0744572782255	0.824086810956	0.00598061919644	0.0954752916216
tib-	0.674241321946	0.13730230937	0.0425418840899	0.145914484594
gan-	0.283794093072	0.680604497403	0.0264467613615	0.00915464816361
imm-	0.641757270144	0.14622290541	0.0395981035994	0.172421720847
aan-	0.0915492957746	0.760563380282	0.147887323944	0.0
itl-	0.0	1.0	0.0	0.0
ini-	0.595798489995	0.113733409861	0.0284441725947	0.262023927549
bay-	0.0861856023758	0.852805216679	0.0342980314295	0.0267111495153
mig-	0.666019564252	0.254186208346	0.0123624859354	0.0674317414661
iit-	0.29107373868	0.346701164295	0.300129366106	0.0620957309185
ked-	0.223387700594	0.160946597143	0.027261669442	0.588404032821
jac-	0.00329652216911	0.977144112961	0.000824130542279	0.0187352343278
hum-	0.400276718669	0.328158033277	0.105917120812	0.165648127242
dek-	0.107914418409	0.0501798976028	0.00894441967329	0.832961264315
abr-	0.0250877482274	0.938870697981	0.016960731196	0.0190808225954
bik-	0.679205046945	0.241181174659	0.0646861949471	0.0149275834493
git-	0.185808536421	0.787262690185	0.0269287733944	0.0
sug-	0.156643356643	0.818181818182	0.0251748251748	0.0
ong-	0.132043658065	0.15162839381	0.353883004648	0.362444943476
dah-	0.11439854434	0.0488391091171	0.0079094858472	0.828852860696
her-	0.0191076529105	0.913621589678	0.0463902294889	0.0208805279228
gaw-	0.142651891479	0.685074512801	0.0549560565533	0.117317539167
naw-	0.110119370591	0.148554147649	0.629328779803	0.111997701957
kam-	0.178390685387	0.127903155307	0.0263772450483	0.667328914258
dey-	0.420401551692	0.116579142911	0.0316541175496	0.431365187848
sin-	0.0745618282173	0.887673089958	0.0145250314709	0.0232400503534
bod-	0.651162790698	0.209302325581	0.0116279069767	0.127906976744
ice-	0.0902255639098	0.864661654135	0.0451127819549	0.0
kim-	0.395576033889	0.387343073127	0.0781201054348	0.138960787549
dor-	0.0262582056892	0.973741794311	0.0	0.0
tag-	0.138443509785	0.475531504806	0.0274202267727	0.358604758637
ha--	0.100733351212	0.032760765794	0.00218179231561	0.864324090679
pat-	0.373408534	0.499423308065	0.0414102668215	0.0857578911137
iar-	0.0909090909091	0.903581267218	0.0	0.00550964187328
alt-	0.0	0.994470046083	0.00552995391705	0.0
dol-	0.0706226154721	0.759801931975	0.0507346375518	0.118840815001
maw-	0.370066788099	0.418791742562	0.0482695810565	0.162871888282
agg-	0.0638089790194	0.856660454302	0.0284169542192	0.0511136124592
jor-	0.0	1.0	0.0	0.0
inw-	0.648998698322	0.130866290382	0.0501297550478	0.170005256249
him-	0.125877019658	0.393700273259	0.112695167439	0.367727539644
uy--	0.497991967872	0.319946452476	0.174029451138	0.00803212851404
jam-	0.00154400411734	0.997426659804	0.00102933607823	0.0
aaw-	0.224719101124	0.752808988764	0.0224719101123	0.0
ium-	0.394257703081	0.252801120448	0.205882352941	0.147058823529
niu-	0.718775750441	0.154443790465	0.0121247792819	0.114655679812
mar-	0.0344466347508	0.666313714447	0.000168966488313	0.299070684314
i-a-	0.647058823529	0.132352941176	0.0147058823529	0.205882352941
nig-	0.403394025102	0.337369630546	0.0974014495316	0.161834894821
por-	0.171875	0.828125	0.0	0.0
he--	0.0670946263669	0.0645558823824	0.00822027793619	0.860129213315
alf-	0.00867052023121	0.869942196532	0.0	0.121387283237
dam-	0.179861284555	0.139302289581	0.0883031106327	0.592533315232
buu-	0.00199441563621	0.982449142401	0.0143597925807	0.00119664938173
nai-	0.337336846305	0.265224959346	0.281803200712	0.115634993638
bak-	0.105945945946	0.843963963964	0.0360360360361	0.014054054054
miu-	0.504944676948	0.265450323912	0.0625609126871	0.167044086453
ap--	0.133996873864	0.71948767422	0.0613518911939	0.0851635607218
odn-	0.49987149833	0.153173991262	0.0	0.346954510409
huy-	0.620437956204	0.302919708029	0.0109489051095	0.0656934306569
ped-	0.0366018235082	0.920707020835	0.00480563510088	0.0378855205556
say-	0.476635514019	0.411214953271	0.0841121495327	0.0280373831776
ib--	0.472893533638	0.430437622469	0.0339647289353	0.0627041149575
dih-	0.180676961405	0.150071948626	0.0296385386912	0.639612551277
epa-	0.0	0.991501416431	0.00849858356941	0.0
sap-	0.117841409692	0.561674008811	0.151982378855	0.168502202643
asi-	0.0173946656359	0.982605334364	0.0	0.0
gun-	0.215339667575	0.69688934718	0.0136259851219	0.0741450001227
nan-	0.17557951606	0.0831324664768	0.0245248872845	0.716763130178
pen-	0.181902985075	0.578358208955	0.0410447761194	0.198694029851
hom-	0.163306953097	0.670042043628	0.0657429760255	0.10090802725
al--	0.390436241611	0.467785234899	0.137416107383	0.00436241610737
ta--	0.252631578947	0.747368421053	0.0	0.0
hid-	0.255865093769	0.0803578457864	0.029342510735	0.63443454971
amu-	0.642163372367	0.214284930364	0.0556427450421	0.0879089522263
tol-	0.185653803105	0.795440167405	0.0102194754003	0.00868655409022
mel-	0.0259001895136	0.969046114972	0.00126342387871	0.00379027163614
iim-	0.30047439654	0.528603320776	0.0837170364169	0.0872052462676
kri-	0.0257226034254	0.928571701821	0.00783843165058	0.0378672631033
tew-	0.214285714286	0.738095238095	0.0	0.047619047619
hah-	0.596054628225	0.330500758725	0.0224582701062	0.0509863429439
mir-	0.0106951871658	0.978609625668	0.0106951871658	0.0
isa-	0.0872112950889	0.850608111663	0.0159580488774	0.0462225443709
joe-	0.0408163265306	0.959183673469	0.0	0.0
mus-	0.0138328530259	0.956772334294	0.0207492795389	0.00864553314121
pud-	0.0839483394834	0.75	0.166051660517	0.0
dio-	0.126644074276	0.788365489333	0.00883853296179	0.0761519034297
ag--	0.125645438898	0.0826161790017	0.750430292599	0.0413080895009
yah-	0.122222222222	0.877777777778	0.0	0.0
bab-	0.0289765677696	0.568821305779	0.020190209499	0.382011916952
ita-	0.500520281413	0.395678286924	0.0412897014859	0.0625117301768
tuh-	0.12830255542	0.138035030739	0.0161835458327	0.717478868008
hol-	0.19982753766	0.670913698437	0.0556982964945	0.0735604674081
hei-	0.0	1.0	0.0	0.0
tok-	0.120209973753	0.787401574803	0.0619422572179	0.0304461942257
udd-	0.225255972696	0.436860068259	0.307167235495	0.0307167235495
gla-	0.027027027027	0.632882882883	0.255630630631	0.0844594594595
sor-	0.0	1.0	0.0	0.0
kom-	0.188888888889	0.388888888889	0.0333333333333	0.388888888889
kod-	0.238683127572	0.362139917695	0.399176954732	0.0
ali-	0.577539820291	0.251932836287	0.0338051549693	0.136722188453
jud-	0.0878185945061	0.739284977343	0.0825570175797	0.0903394105713
ite-	0.0387096774193	0.961290322581	0.0	0.0
non-	0.397581210366	0.39157917534	0.0530012039651	0.157838410329
uba-	0.700282752121	0.101790763431	0.0791705937794	0.118755890669
la--	0.551523947751	0.274310595065	0.0870827285921	0.0870827285922
gey-	0.0212014134275	0.943462897526	0.035335689046	0.0
mal-	0.251248828539	0.417422558508	0.134543722886	0.196784890066
umb-	0.551756367318	0.166695225485	0.0394734792429	0.242074927954
eph-	0.0331034482759	0.912068965517	0.0196551724138	0.0351724137931
sab-	0.0113701784686	0.918249856074	0.0338226827864	0.0365572826713
ieg-	0.0885074426713	0.444816950516	0.442537213357	0.0241383934558
aki-	0.0	1.0	0.0	0.0
iju-	0.0	1.0	0.0	0.0
nin-	0.405408845004	0.146400326876	0.0516354206596	0.396555407461
udm-	0.471367521368	0.351282051282	0.071794871795	0.105555555556
nau-	0.22806785752	0.414709068809	0.307743631751	0.0494794419195
ad--	0.253489773528	0.233166112443	0.311156607627	0.202187506402
gog-	0.202559934986	0.630841121495	0.114790735473	0.0518082080455
ian-	0.817343803346	0.104131102765	0.0109252304541	0.0675998634347
tuw-	0.256754507286	0.136818756125	0.0319966966081	0.574430039981
ena-	0.317942300848	0.0442559151388	0.0312833641383	0.606518419874
inl-	0.435025490456	0.231866673176	0.251092032983	0.0820158033853
lim-	0.18974040736	0.171564697587	0.0438731540671	0.594821740986
mab-	0.225008658085	0.377723631893	0.170745521613	0.22652218841
ipp-	0.611746156878	0.200236499803	0.0402049664959	0.147812376823
ump-	0.790087463557	0.069970845481	0.0	0.139941690962
and-	0.101720595322	0.758862353443	0.0652208522946	0.0741961989407
apa-	0.110314096294	0.826105858059	0.0032605151614	0.0603195304858
ius-	0.285119667014	0.495317377732	0.0686784599375	0.150884495317
ana-	0.159889152478	0.681103436693	0.0869985094367	0.0720089013919
dud-	0.0590809628009	0.696571845368	0.0299051787017	0.214442013129
puk-	0.594400648899	0.37614199571	0.0	0.0294573553905
ine-	0.289735241934	0.239849792431	0.109382805368	0.361032160267
rah-	0.021186440678	0.953389830508	0.0	0.0254237288136
nii-	0.323900080778	0.322389565523	0.147331541168	0.206378812531
cil-	0.0	1.0	0.0	0.0
per-	0.0	0.988603988604	0.0	0.011396011396
ger-	0.0135440180587	0.979683972912	0.0	0.00677200902935
un--	0.565912584307	0.178423038212	0.048070956691	0.207593420791
bar-	0.0464657842861	0.917370693701	0.00880033793298	0.0273631840796
big-	0.0922614907493	0.663808128831	0.0715589123372	0.172371468083
uwa-	0.203514017305	0.179534303018	0.0461192928601	0.570832386817
tel-	0.0	1.0	0.0	0.0
yuh-	0.159591507797	0.0436629174406	0.00552166181668	0.791223912946
mii-	0.29532471854	0.350646109478	0.0601741445289	0.293855027453
guy-	0.616883116883	0.168831168831	0.155844155844	0.0584415584415
ata-	0.335727353826	0.375326972799	0.222900948032	0.0660447253429
tie-	0.215982721382	0.54149953718	0.0239123727245	0.218605368713
dap-	0.563909917885	0.387611038188	0.00440718581153	0.0440718581153
arm-	0.407608695652	0.228260869565	0.152173913043	0.211956521739
ins-	0.24259418389	0.7145312288	0.0200805029171	0.0227940843924
dat-	0.127625344685	0.182836534976	0.0316402993685	0.65789782097
muh-	0.248459335127	0.147990625814	0.0578074819894	0.54574255707
kog-	0.319037045694	0.547738693467	0.0350590160103	0.0981652448288
mes-	0.125874125874	0.832167832168	0.0	0.041958041958
arc-	0.218181818182	0.763636363636	0.0181818181818	0.0
um--	0.918071415624	0.0449519666486	0.00978792822186	0.0271886895052
num-	0.452010582419	0.329200315331	0.0784859036171	0.140303198633
kla-	0.1036889332	0.836490528415	0.0239282153539	0.0358923230309
adi-	0.234111254727	0.0693526352983	0.0279402073569	0.668595902618
bin-	0.376365351067	0.432847218568	0.0853052485014	0.105482181863
ume-	0.66130816919	0.107231884905	0.00591893991822	0.225541005987
ni--	0.257317517314	0.14684364172	0.0552587413865	0.54058009958
iku-	0.466819221968	0.191990846682	0.0257437070938	0.315446224256
iss-	0.0	0.65625	0.0	0.34375
amb-	0.164794007491	0.812734082397	0.0224719101124	0.0
saa-	0.117459771104	0.194469875762	0.355588596675	0.332481756458
haw-	0.209302325581	0.275747508306	0.119601328904	0.395348837209
jai-	0.0989254108723	0.801517067004	0.0132743362832	0.0862831858407
win-	0.0241374414312	0.515121397132	0.437739599602	0.0230015618344
tal-	0.372785792707	0.47476215695	0.0319685490839	0.120483501259
ehe-	0.269230769231	0.161538461538	0.0	0.569230769231
bok-	0.0921703575934	0.173581595559	0.0413888432606	0.692859203587
alp-	0.0	1.0	0.0	0.0
paa-	0.547052708582	0.23881569322	0.138614715281	0.0755168829169
u-u-	0.208963216213	0.541294229106	0.197594430943	0.0521481237385
iaw-	0.21052631579	0.684210526316	0.105263157895	0.0
rod-	0.205607476635	0.757009345795	0.018691588785	0.018691588785
she-	0.0	0.984683247302	0.0	0.0153167526982
ien-	0.480897513645	0.431776834445	0.0545785324439	0.0327471194664
lud-	0.68	0.32	0.0	0.0
dak-	0.076410987574	0.0693177593363	0.119436954777	0.734834298312
wan-	0.0185625892432	0.950975725845	0.009519276535	0.020942408377
pon-	0.0291852452371	0.951357924605	0.0145926226186	0.00486420753952
at--	0.305670422065	0.332161203823	0.0939013250302	0.268267049082
umi-	0.477110562113	0.372394572335	0.096043534394	0.0544513311586
apt-	0.408866995074	0.192118226601	0.399014778325	0.0
ilu-	0.789805269187	0.153493699885	0.00515463917525	0.0515463917526
pil-	0.178484275649	0.692730709744	0.0521051727101	0.0766798418972
nga-	0.173143124873	0.277418513759	0.0223940748349	0.527044286533
i-e-	0.475073313783	0.507331378299	0.0	0.0175953079179
bog-	0.00746268656716	0.992537313433	0.0	0.0
syr-	0.0308008213552	0.952772073922	0.0123203285421	0.0041067761807
seg-	0.0	0.977777777778	0.0222222222222	0.0
nip-	0.345735537871	0.345641562889	0.102288846599	0.20633405264
aah-	0.597366421879	0.402633578121	0.0	0.0
iun-	0.373889204008	0.246903951598	0.0692474948006	0.309959349593
pin-	0.398502889347	0.14897503324	0.0358870810853	0.416634996327
pog-	0.65625	0.0703125	0.0546875	0.21875
hug-	0.484300159659	0.44119212347	0.0745077168707	0.0
amp-	0.0905028026764	0.909497197324	0.0	0.0
bun-	0.16403171303	0.759083722409	0.0499700194381	0.0269145451231
der-	0.0236686390533	0.976331360947	0.0	0.0
map-	0.139585201551	0.224525121997	0.433852499235	0.202037177217
nar-	0.0	0.879432624113	0.120567375887	0.0
gat-	0.128557807317	0.270434443475	0.0433882599695	0.557619489238
idi-	0.373890261181	0.254369544955	0.135581493225	0.236158700639
las-	0.0350236028628	0.803715547434	0.0877112836912	0.0735495660119
an--	0.403640256959	0.471092077088	0.085653104925	0.0396145610279
hih-	0.811982582832	0.180960108384	0.00470487252246	0.00235243626122
chr-	0.0	0.833333333333	0.166666666667	0.0
am--	0.0443580487471	0.183642615422	0.0420862688752	0.729913066956
sat-	0.0662732013468	0.813243951043	0.0914310583097	0.0290517893001
eya-	0.130515387468	0.0484488938326	0.0118650352243	0.809170683475
ani-	0.328838951311	0.531835205993	0.038202247191	0.101123595506
upi-	0.175	0.825	0.0	0.0
nad-	0.0606652282894	0.0444373638779	0.0133056962635	0.881591711569
yad-	0.3583681554	0.0914909242024	0.0249917651558	0.525149155242
nib-	0.452484070539	0.296393777465	0.0777679820627	0.173354169933
abi-	0.13367991088	0.84961010026	0.0111399925733	0.00556999628667
bob-	0.104489421619	0.653274742171	0.0267749610915	0.215460875119
ele-	0.0	1.0	0.0	0.0
eup-	0.0	1.0	0.0	0.0
ibt-	0.0206033848418	0.855776306107	0.123620309051	0.0
ahu-	0.079620215311	0.892531399522	0.027100777512	0.000747607655505
ban-	0.178675379272	0.745909687918	0.0281619399443	0.0472529928653
hal-	0.389108754362	0.329545244664	0.157789822208	0.123556178766
rom-	0.0858817233773	0.66583786888	0.216988396831	0.0312920109114
tey-	0.492988133765	0.263214670982	0.0237324703344	0.220064724919
iin-	0.408966139615	0.39559871402	0.115296395871	0.0801387504935
ter-	0.00843881856539	0.966244725738	0.0253164556962	0.0
wen-	0.0391544777135	0.0368039719424	0.00666801374015	0.917373536604
did-	0.0945220253932	0.0624947250186	0.00928342483143	0.833699824757
nam-	0.391953286066	0.231651510475	0.155317673685	0.221077529774
bai-	0.188895594448	0.546167773084	0.210621605311	0.0543150271576
ale-	0.0163461538461	0.923076923077	0.0605769230769	0.0
ikn-	0.28125	0.609375	0.046875	0.0625
sid-	0.0177165354331	0.942913385827	0.0	0.0393700787402
bon-	0.1670420837	0.0772436842278	0.0404299902077	0.715284241864
oli-	0.0307467057101	0.96046852123	0.0	0.00878477306002
luc-	0.00806451612903	0.983870967742	0.0	0.00806451612903
mod-	0.331233963144	0.216235129461	0.153953813856	0.298577093539
jec-	0.0	1.0	0.0	0.0
ula-	0.690481480659	0.142374149206	0.123336369898	0.043808000237
opy-	0.379310344828	0.120689655172	0.5	0.0
kon-	0.397791559142	0.123046411315	0.0410747020728	0.438087327471
kau-	0.222899019701	0.585799942895	0.105643856477	0.085657180927
eli-	0.0166898470097	0.884927896933	0.000439206500257	0.0979430495571
lum-	0.337489224604	0.351721647676	0.0687082493128	0.242080878408
mut-	0.0738827434918	0.828644032184	0.0346078959996	0.0628653283245
col-	0.239130434783	0.673913043478	0.0	0.0869565217391
but-	0.338582648363	0.575264005997	0.0673562520454	0.0187970935941
gid-	0.0	1.0	0.0	0.0
waw-	0.0915690866511	0.170725995316	0.732084309134	0.0056206088993
tuk-	0.358548822848	0.537244307217	0.00463141644153	0.0995754534929
ene-	0.0	1.0	0.0	0.0
pan-	0.29649221528	0.467086186222	0.0846401698642	0.151781428634
ogg-	0.234080349822	0.334790926483	0.0497403662203	0.381388357475
ab--	0.114309728935	0.486341668418	0.0510611472999	0.348287455348
eyu-	0.332672958775	0.167672068382	0.0451874276556	0.454467545187
nim-	0.312643678161	0.351724137931	0.170114942529	0.165517241379
all-	0.381773399015	0.48275862069	0.0615763546798	0.0738916256158
ari-	0.0759493670886	0.886075949367	0.0379746835443	0.0
tul-	0.0564473385326	0.461796430268	0.0249640342243	0.456792196975
ina-	0.368803498114	0.416855041221	0.0348596420081	0.179481818657
baa-	0.407189157336	0.461402474956	0.0465527401296	0.0848556275781
lat-	0.0587787090453	0.849787743551	0.0653096767171	0.0261238706868
rut-	0.051724137931	0.948275862069	0.0	0.0
icy-	0.0279542566709	0.966963151207	0.00508259212198	0.0
rab-	0.0674157303371	0.730337078652	0.0	0.202247191011
ape-	0.0	1.0	0.0	0.0
umu-	0.26209177346	0.550640760645	0.114923522117	0.0723439437784
ba--	0.434846266472	0.472913616398	0.0658857979502	0.0263543191801
anh-	0.247742638051	0.155935689762	0.0497602734546	0.546561398733
ipo-	0.325966850828	0.642725598527	0.0313075506446	0.0
qui-	0.0392156862745	0.960784313725	0.0	0.0
dun-	0.197492163009	0.752351097179	0.0	0.0501567398119
uku-	0.279001555779	0.446627619658	0.22227509838	0.0520957261828
isr-	0.0387846014051	0.939274395514	0.017286850912	0.00465415216861
jeh-	0.0	1.0	0.0	0.0
lab-	0.308139534884	0.366279069767	0.296511627907	0.0290697674419
isp-	0.242966751918	0.663865546218	0.0602849835586	0.0328827183047
tia-	0.0401539233729	0.919692153254	0.0401539233729	0.0
nal-	0.188280592431	0.246861384095	0.14041807217	0.424439951304
awi-	0.603030940855	0.173200378868	0.0272311092401	0.196537571038
iba-	0.561578897643	0.2624279034	0.0602168715942	0.115776327363
ino-	0.342068207576	0.527080399766	0.065322663736	0.0655287289213
bas-	0.0877742946708	0.890282131661	0.00313479623825	0.0188087774295
mim-	0.246238030096	0.663474692202	0.0	0.0902872777018
upp-	0.426966292135	0.322097378277	0.0898876404494	0.161048689139
iwe-	0.750731863118	0.104615538886	0.0554417622981	0.0892108356978
mid-	0.485992824581	0.279469227526	0.107946934077	0.126591013816
teo-	0.152173913043	0.639130434783	0.0652173913044	0.14347826087
ang-	0.0640864691349	0.867083406417	0.0224485895765	0.0463815348719
pun-	0.329258593261	0.497026850626	0.0756210077345	0.0980935483784
inh-	0.544314986985	0.293121436575	0.046056744571	0.116506831869
dug-	0.0437956204379	0.948905109489	0.00729927007299	0.0
ito-	0.563816270743	0.235667808878	0.0129365109922	0.187579409387
ivo-	0.704180064309	0.199356913183	0.0964630225081	0.0
tur-	0.0	0.537037037037	0.462962962963	0.0
day-	0.172268354229	0.204079973873	0.046479040491	0.577172631408
tah-	0.227979274611	0.396373056995	0.215025906736	0.160621761658
tud-	0.238081490811	0.610372738722	0.0457217504899	0.105824019978
toa-	0.530541012216	0.180628272251	0.0279232111693	0.260907504363
sod-	0.00943396226415	0.985849056604	0.0	0.00471698113209
amm-	0.105461779518	0.746634505304	0.0186694731641	0.129234242014
ihd-	0.599810785241	0.303689687796	0.0510879848628	0.0454115421003
kun-	0.0321061273579	0.0165882190508	0.00450488999647	0.946800763595
ay--	0.513748191028	0.425470332851	0.0434153400868	0.0173661360347
ide-	0.0	0.947368421053	0.0	0.0526315789473
har-	0.145454545455	0.854545454545	0.0	0.0
kan-	0.643491315032	0.0871336254204	0.00853295846257	0.260842101085
yea-	0.0196473551637	0.952644836272	0.0261964735517	0.00151133501259
lig-	0.136362522063	0.536747401451	0.0946263973328	0.232263679153
diy-	0.164076599443	0.0831560549503	0.019461086367	0.73330625924
gap-	0.150313570095	0.167840888971	0.0299150432862	0.651930497648
nup-	0.402256639523	0.137012791172	0.0677701492008	0.392960420104
osi-	0.0	1.0	0.0	0.0
bum-	0.386892927043	0.329745972178	0.16221839444	0.121142706339
uli-	0.030303030303	0.575757575758	0.257575757576	0.136363636364
mum-	0.408128985224	0.399182992535	0.119508226261	0.0731797959806
uhu-	0.164432776012	0.116346552439	0.0310902307586	0.68813044079
log-	0.507142857143	0.269642857143	0.101785714286	0.121428571429
kum-	0.465267714059	0.292051119472	0.0996530073055	0.143028159164
uka-	0.194857916103	0.772665764547	0.0162381596752	0.0162381596752
met-	0.404435400141	0.429860044022	0.0796544707006	0.0860500851364
tao-	0.152671755725	0.847328244275	0.0	0.0
aml-	0.356816578439	0.328895426407	0.205937164708	0.108350830446
udu-	0.0889348453733	0.227475549285	0.121458534977	0.562131070365
kuw-	0.0855973204318	0.767026423521	0.0815035355415	0.0658727205061
bim-	0.382763179027	0.279039982869	0.227905233724	0.11029160438
ces-	0.0583456425406	0.894879369769	0.0108321024126	0.0359428852782
na--	0.375974658869	0.312814199241	0.0924002257105	0.218810916179
hez-	0.0	1.0	0.0	0.0
tuy-	0.191743119266	0.223853211009	0.048623853211	0.535779816514
dim-	0.507716629377	0.300376593206	0.0469448781558	0.144961899261
hil-	0.169964264989	0.492080266333	0.209792003909	0.128163464769
tit-	0.0662811387901	0.923487544484	0.00400355871886	0.00622775800714
bub-	0.183456136311	0.531314759383	0.117718167166	0.16751093714
eta-	0.424776411635	0.150994740073	0.0438050674498	0.380423780842
iek-	0.293577981651	0.544342507645	0.0978593272171	0.0642201834862
mat-	0.329075248044	0.457157275282	0.119275431321	0.0944920453537
ijo-	0.269841269841	0.666666666667	0.0	0.0634920634921
nit-	0.430133846488	0.38570944343	0.0691878782532	0.114968831829
lyd-	0.15625	0.504807692308	0.00721153846154	0.331730769231
e-e-	0.306213965407	0.315182575272	0.0749519538757	0.303651505445
aka-	0.779733089498	0.212255954103	0.0	0.00801095639894
olm-	0.413793103448	0.551724137931	0.0344827586207	0.0
smy-	0.0	1.0	0.0	0.0
mad-	0.347372251512	0.390905548366	0.130178144209	0.131544055913
par-	0.0350338045483	0.921634910879	0.0169022741242	0.0264290104487
too-	0.00419776119403	0.907999067164	0.0731110074627	0.0146921641791
ala-	0.597054062547	0.300720264476	0.0225903330317	0.0796353399447
jul-	0.0	1.0	0.0	0.0
dig-	0.0157480314961	0.931102362205	0.0472440944882	0.00590551181102
nah-	0.0328997339985	0.0479106330161	0.0254620322498	0.893727600736
ihw-	0.731205272607	0.135700759905	0.029215748961	0.103878218528
zeu-	0.0	1.0	0.0	0.0
huw-	0.0490845749018	0.825121933141	0.0787636201912	0.0470298717664
bib-	0.15112809394	0.798495874747	0.0267622666352	0.0236137646781
hib-	0.881188118812	0.0	0.029702970297	0.0891089108911
seb-	0.00442233278054	0.944720840243	0.0	0.0508568269762
anu-	0.261998188953	0.537579233323	0.122849381225	0.0775731964986
hik-	0.482154038823	0.273638071384	0.14402003757	0.100187852223
gay-	0.142650811326	0.783266116606	0.0292125678502	0.0448705042179
puu-	0.214741729541	0.654091700522	0.0475914103309	0.0835751596053
aam-	0.0736487458142	0.7914826304	0.0518725476098	0.0829960761756
ipa-	0.487413857835	0.298887164541	0.0739503484017	0.139748629222
iuk-	0.794055201699	0.205944798301	0.0	0.0
kin-	0.318015254505	0.219299808263	0.0426929643994	0.419991972833
gob-	0.185525481091	0.740475250752	0.0507975973807	0.023201670776
ya--	0.614558267446	0.209049501547	0.0126761773805	0.163716053627
dan-	0.115485410776	0.1063663573	0.0130505403675	0.765097691557
lug-	0.0782918149466	0.836298932384	0.085409252669	0.0
gre-	0.0317891320905	0.634093844167	0.32616974072	0.00794728302262
ser-	0.0	1.0	0.0	0.0
uyu-	0.386040163775	0.613959836225	0.0	0.0
iro-	0.153121319199	0.516293678838	0.248135060856	0.0824499411072
cri-	0.0	1.0	0.0	0.0
mis-	0.26	0.691111111111	0.0288888888889	0.02
ted-	0.276758059557	0.270693401512	0.145167980091	0.30738055884
anl-	0.30634516108	0.352545252565	0.196039992158	0.145069594197
din-	0.62872365122	0.161463731673	0.0224973031308	0.187315313976
kia-	0.333465982837	0.319388528642	0.0866742450345	0.260471243487
ind-	0.381971694399	0.14050347365	0.0500057661825	0.427519065769
agr-	0.0130947184636	0.981667394151	0.00523788738542	0.0
iwi-	0.0	0.978021978022	0.0	0.021978021978
hoo-	0.0151606076877	0.954044407947	0.0208458355706	0.00994914879505
pig-	0.121212121212	0.878787878788	0.0	0.0
sos-	0.04	0.933333333333	0.0133333333333	0.0133333333333
ibi-	0.358407937431	0.153665373211	0.10711527644	0.380811412917
don-	0.471881399612	0.22394207716	0.0922106035214	0.211965919707
ule-	0.189302884615	0.525991586539	0.262169471154	0.0225360576923
tat-	0.106063300638	0.50761344784	0.0409827512357	0.345340500286
bit-	0.0355786053045	0.875474881434	0.0757692520375	0.0131772612239
dog-	0.500242636903	0.279284407779	0.0901489417299	0.130324013588
iaa-	0.642857142857	0.314285714286	0.0	0.0428571428571
hak-	0.12588642613	0.770269518074	0.0401660970532	0.0636779587429
kag-	0.22085466665	0.441606649741	0.13703837831	0.2005003053
nom-	0.285413659348	0.428515921189	0.0626071122245	0.223463307239
kip-	0.17723034771	0.28689485926	0.166462981944	0.369411811086
pot-	0.273650086046	0.58280149613	0.0408641481397	0.102684269684
mam-	0.453108753346	0.298985487093	0.0967295187323	0.151176240829
esa-	0.0125786163522	0.987421383648	0.0	0.0
hiy-	0.0748978345877	0.0494075931969	0.00533573701827	0.870358835197
hay-	0.248355259031	0.119274097324	0.0299914725428	0.602379171102
old-	0.1171875	0.5546875	0.291666666667	0.0364583333334
sis-	0.0500639706291	0.949936029371	0.0	0.0
gil-	0.055785123967	0.944214876033	0.0	0.0
huh-	0.375245579568	0.347740667976	0.218074656189	0.0589390962672
pai-	0.391428571429	0.530476190476	0.0452380952381	0.0328571428572
mos-	0.0604398252978	0.868358126785	0.00910171467425	0.0621003332433
exe-	0.0772727272727	0.45	0.254545454545	0.218181818182
daw-	0.691842437046	0.188298633591	0.0351824718029	0.0846764575596
abu-	0.191903263337	0.140771209853	0.0777205242437	0.589605002566
ili-	0.463007159904	0.195704057279	0.248210023866	0.0930787589499
reg-	0.132231404959	0.830578512397	0.0371900826446	0.0
lit-	0.0715980342315	0.832231825114	0.0948991696323	0.00127097102186
pla-	0.108086024478	0.735555204471	0.0689469604586	0.0874118105922
mac-	0.0531691198558	0.920096124962	0.01411835386	0.0126164013217
lam-	0.125136811383	0.73330901131	0.119664356074	0.0218898212331
ika-	0.399781589156	0.391435773186	0.0866211461091	0.122161491549
bet-	0.0148443558214	0.955466932536	0.0	0.0296887116428
hip-	0.326673326673	0.661338661339	0.011988011988	0.0
til-	0.515151515151	0.484848484849	0.0	0.0
sal-	0.0325756219796	0.950301294672	0.00751745122605	0.00960563212221
bop-	0.532786885246	0.319672131148	0.0	0.147540983607
nih-	0.276851861982	0.391367749251	0.118447445551	0.213332943216
isk-	0.0782000873744	0.90869375273	0.0104849279162	0.00262123197903
gab-	0.258237566749	0.741762433251	0.0	0.0
sek-	0.0	1.0	0.0	0.0
duk-	0.443625319918	0.38611336327	0.141884430677	0.0283768861355
pip-	0.65610494746	0.239622212608	0.0224384592258	0.0818343807058
bad-	0.441404169094	0.277468273764	0.0506922766717	0.23043528047
itk-	0.385321100917	0.587155963303	0.0	0.0275229357798
eme-	0.0194174757282	0.68932038835	0.291262135922	0.0
min-	0.167759094221	0.0748612745922	0.039196233395	0.718183397792
tun-	0.121325481079	0.144549909178	0.0181220916228	0.716002518121
est-	0.0	1.0	0.0	0.0
aap-	0.0846007604563	0.826758555133	0.0403992395437	0.0482414448669
kas-	0.339810083229	0.376594462298	0.102573968194	0.181021486279
kut-	0.399296394019	0.579595426561	0.0	0.0211081794195
lul-	0.266211604095	0.535836177475	0.105802047782	0.0921501706484
das-	0.239838886855	0.61576955938	0.0299035762236	0.114487977542
tab-	0.0682011935209	0.770199867387	0.063843895046	0.0977550440465
lok-	0.381348414282	0.189066311821	0.111776447106	0.317808826791
gal-	0.092381862126	0.837646125254	0.00916766570716	0.0608043469124
ida-	0.605742161707	0.230902471412	0.0247551478938	0.138600218987
kar-	0.0372563031706	0.939567294542	0.00431364875223	0.018862753535
ark-	0.289915966387	0.659663865546	0.0	0.0504201680673
kay-	0.232974981204	0.0962013768165	0.0353286012189	0.635495040761
ibe-	0.0	0.970042796006	0.0299572039943	0.0
kus-	0.0	1.0	0.0	0.0
wad-	0.216250600567	0.118140235783	0.0222571677786	0.643351995871
lil-	0.206896551724	0.741379310345	0.051724137931	0.0
bea-	0.0	0.72	0.28	0.0
ubu-	0.0774124660764	0.86766472394	0.0402411353828	0.0146816746007
ung-	0.155996864385	0.580611444996	0.171239439073	0.092152251546
bag-	0.385911640878	0.532685122374	0.0361792163323	0.0452240204154
tak-	0.12267974804	0.0897214162425	0.0252826403961	0.762316195321
lob-	0.157808667212	0.714636140638	0.0883074407195	0.0392477514309
mun-	0.380632364184	0.382681919477	0.0850960216582	0.151589694682
dop-	0.63429694078	0.229020488352	0.0645523435307	0.0721302273365
tay-	0.588435788473	0.184015387059	0.0122101160551	0.215338708413
imb-	0.136409113277	0.768977575289	0.0322455018592	0.0623678095741
iat-	0.351894818252	0.180394431555	0.0448569218871	0.422853828306
kak-	0.247010908115	0.303575588153	0.210155610122	0.23925789361
ibk-	0.612745098039	0.372549019608	0.0147058823529	0.0
one-	0.116599190283	0.742510121458	0.0	0.140890688259
kik-	0.268817204301	0.516129032258	0.0295698924731	0.185483870968
sto-	0.177049180328	0.459016393443	0.363934426229	0.0
rep-	0.342633382281	0.657366617719	0.0	0.0
buh-	0.0792560498785	0.801965550037	0.0295889252879	0.0891894747967
unu-	0.757853512207	0.204962086493	0.0106241146571	0.0265602866427
sil-	0.0342599268338	0.919276883228	0.010414163262	0.0360490266763
ake-	0.0	1.0	0.0	0.0
dik-	0.0538116591929	0.856502242152	0.0807174887892	0.00896860986549
lal-	0.143358691794	0.705003699	0.0669668629488	0.0846707462572
ngi-	0.452370476295	0.30150698493	0.125123748762	0.120998790012
lib-	0.102448857772	0.613985800826	0.00844406060693	0.275121280795
nis-	0.405172413793	0.413793103448	0.181034482759	0.0
zio-	0.00845070422535	0.991549295775	0.0	0.0
kis-	0.0	1.0	0.0	0.0
gen-	0.0411899313501	0.945080091533	0.0	0.0137299771167
gra-	0.0738851262204	0.915559855748	0.0	0.0105550180315
nuw-	0.0281359906213	0.957796014068	0.00703399765533	0.00703399765533
pim-	0.243120491584	0.495191023243	0.20184344109	0.0598450440823
sau-	0.0669003797838	0.818969714675	0.00350569675723	0.110624208784
way-	0.357204486626	0.472821397757	0.0785159620362	0.0914581535807
umo-	0.388092212743	0.220729715012	0.300417498639	0.0907605736069
pri-	0.0467153284671	0.941605839416	0.0	0.0116788321168
tro-	0.00625000000002	0.99375	0.0	0.0
a-a-	0.251944012442	0.706065318818	0.0186625194401	0.0233281493001
kit-	0.295720952836	0.253538682647	0.048370251753	0.402370112764
pop-	0.147703816923	0.194319653882	0.552473802821	0.105502726374
gol-	0.0713277282593	0.888214594264	0.0204395558084	0.0200181216681
yud-	0.184381778742	0.380151843818	0.103036876356	0.332429501085
nag-	0.366744777526	0.213909098147	0.0373065582979	0.382039566029
pak-	0.476516960941	0.303813543433	0.117030289463	0.102639206163
aen-	0.0	1.0	0.0	0.0
miw-	0.605699194957	0.292712016016	0.0881714017975	0.01341738723
iid-	0.487272727273	0.323636363636	0.0581818181818	0.130909090909
ias-	0.0	1.0	0.0	0.0
itu-	0.565213058198	0.246614149043	0.0430000295748	0.145172763185
had-	0.550795978215	0.172880882558	0.0404971372713	0.235826001955
kad-	0.212880032519	0.111874331651	0.0796103583886	0.595635277441
klo-	0.0629370629371	0.895104895105	0.0	0.041958041958
tam-	0.27645762339	0.576204845532	0.129759300689	0.017578230389
gul-	0.197588473095	0.164121582531	0.0186016555612	0.619688288813
tir-	0.037037037037	0.962962962963	0.0	0.0
kid-	0.149734450049	0.698646950641	0.0650585656395	0.0865600336703
uko-	0.452603471295	0.373831775701	0.11214953271	0.0614152202937
iko-	0.0558606024058	0.923191671692	0.0125686355413	0.00837909036087
hop-	0.258536585366	0.29512195122	0.280487804878	0.165853658537
ded-	0.0720720720719	0.801801801802	0.126126126126	0.0
lub-	0.0892337536372	0.839961202716	0.0475266731329	0.0232783705141
daa-	0.166846780358	0.122501157874	0.122678133696	0.587973928072
tap-	0.101758097829	0.717058754387	0.0602824374927	0.120900710292
lah-	0.118251928021	0.555269922879	0.0925449871465	0.233933161954
lup-	0.127355425601	0.85510071475	0.00779727095517	0.00974658869397
ia--	0.36231884058	0.536231884058	0.0289855072464	0.0724637681159
sol-	0.00459607042416	0.995403929576	0.0	0.0
ame-	0.00139843841044	0.108029367207	0.0104882880783	0.880083906305
dom-	0.160645657187	0.401229823213	0.106072252114	0.332052267487
uky-	0.330058939096	0.669941060904	0.0	0.0
lai-	0.26768226333	0.653971708379	0.0326441784548	0.0457018498367
yum-	0.644444444445	0.118518518518	0.111111111111	0.125925925926
kos-	0.0	1.0	0.0	0.0
bos-	0.0	1.0	0.0	0.0
pam-	0.330864326531	0.533416426706	0.0703104819198	0.0654087648436
mag-	0.30747467732	0.583095865237	0.0526525055864	0.0567769518573
job-	0.473684210526	0.380566801619	0.145748987854	0.0
ben-	0.0	1.0	0.0	0.0
aqu-	0.0639127045985	0.862821512081	0.0	0.0732657833203
ket-	0.171671626195	0.125877382278	0.0423926129523	0.660058378575
hok-	0.573002754821	0.426997245179	0.0	0.0
dru-	0.0	0.971830985915	0.0281690140845	0.0
nil-	0.343148431806	0.444726606189	0.0968153717749	0.115309590229
nia-	0.358378050866	0.432703374181	0.126528151028	0.0823904239252
taw-	0.145952109464	0.749144811859	0.0775370581528	0.0273660205245
leb-	0.18186975566	0.433861945221	0.147765053565	0.236503245554
opa-	0.0588782150604	0.137124264022	0.00790207623179	0.796095444686
iab-	0.585799584631	0.106438213915	0.0610072689512	0.246754932503
alo-	0.0	0.911111111111	0.0888888888889	0.0
cyp-	0.0829268292683	0.917073170732	0.0	0.0
ram-	0.0	0.984321923177	0.0	0.0156780768226
pit-	0.102441580862	0.114102287441	0.0733322029718	0.710123928726
da--	0.238010657194	0.266429840142	0.0	0.495559502664
lap-	0.283630446663	0.479914617441	0.134496056614	0.101958879282
ara-	0.0932642487046	0.818652849741	0.020725388601	0.0673575129534
hit-	0.190606462426	0.113152126457	0.0248976308713	0.671343780246
man-	0.373957877651	0.395828153933	0.0635481293731	0.166665839043
pem-	0.404290963616	0.137262705825	0.0997214020604	0.358724928499
esp-	0.0188603119418	0.94550191524	0.0259878665054	0.00964990631265
pad-	0.0648011354205	0.844024932771	0.0622696789614	0.0289042528468
huk-	0.159267240774	0.725407868549	0.019617120579	0.0957077700978
mib-	0.535699143207	0.175394048136	0.0633043850237	0.225602423634
gah-	0.318153067679	0.333965844402	0.110056925996	0.237824161923
cle-	0.0546875	0.9296875	0.015625	0.0
reb-	0.220720720721	0.747747747748	0.0	0.0315315315315
inn-	0.275969221663	0.214190588932	0.0658478839893	0.443992305416
dum-	0.428221725003	0.3172495348	0.112893019461	0.141635720735
ema-	0.0461538461539	0.861538461538	0.0923076923077	0.0
adr-	0.1	0.725	0.175	0.0
dib-	0.127659574468	0.86401480111	0.0	0.00832562442183
pis-	0.150537634409	0.827956989247	0.0215053763441	0.0
mie-	0.482888729689	0.24002191567	0.20041899923	0.0766703554102
amo-	0.235080408185	0.527862371106	0.185499813004	0.0515574077042
ten-	0.266513936617	0.200840015273	0.0580374188622	0.474608629248
op--	0.207072220557	0.249925082409	0.456697632604	0.0863050644291
apo-	0.0546393050485	0.879936212178	0.0296697301607	0.0357547526124
pum-	0.40344362664	0.406833206397	0.0948445223246	0.0948786446385
mop-	0.279475982533	0.417758369723	0.244541484716	0.0582241630276
heb-	0.239501312336	0.471784776903	0.131233595801	0.157480314961
zea-	0.00735835172921	0.855285749325	0.00490556781946	0.132450331126
gag-	0.174718541583	0.331919133293	0.31486203024	0.178500294883
atu-	0.225913621262	0.760797342193	0.0132890365449	0.0
pi--	0.0	0.98976109215	0.0102389078498	0.0
tyr-	0.0	1.0	0.0	0.0
iib-	0.142632718963	0.65147536041	0.0775962614153	0.128295659211
ima-	0.397538015931	0.461259956553	0.091962346126	0.0492396813903
lot-	0.0988900990285	0.901109900971	0.0	0.0
sel-	0.0	1.0	0.0	0.0
kao-	0.283273136821	0.298069827955	0.263155850713	0.155501184512
ibo-	0.490213937296	0.377739996357	0.0691400004047	0.0629060659421
kuy-	0.107566020003	0.0399080799466	0.00684511036383	0.845680789687
ado-	0.112435537535	0.627645619076	0.0432322062143	0.216686637175
rub-	0.129032258065	0.784946236559	0.0	0.0860215053764
mik-	0.154782409022	0.142426430813	0.638627753095	0.0641634070696
fes-	0.0374401393121	0.94558119286	0.00522420548542	0.0117544623422
guw-	0.0471897180126	0.929790907347	0.00920774985612	0.0138116247842
iga-	0.226696939588	0.681920964379	0.0525013668262	0.0388807292062
iap-	0.407312175072	0.53150278711	0.038850622173	0.0223344156454
bul-	0.130439896985	0.746337839827	0.0577896739693	0.0654325892187
ihi-	0.475752835354	0.298787641768	0.0946421587798	0.130817364099
dav-	0.00608460047183	0.99216359517	0.00140144348679	0.000350360871698
wak-	0.235804460589	0.7396812143	0.0105061393332	0.0140081857776
dot-	0.16021243638	0.737257505348	0.102530058272	0.0
spi-	0.12915851272	0.823874755382	0.0469667318983	0.0
jop-	0.0167364016737	0.979079497908	0.0	0.00418410041841
tan-	0.161111172384	0.727860880103	0.0261979576972	0.0848299898162
hub-	0.0	0.991304347826	0.0086956521739	0.0
igg-	0.111111111111	0.888888888889	0.0	0.0
gug-	0.365012615643	0.634987384357	0.0	0.0
moy-	0.347879545605	0.0665488176459	0.0497201430748	0.535851493674
ogn-	0.960526315789	0.0394736842105	0.0	0.0
nea-	0.0	1.0	0.0	0.0
aga-	0.348303552674	0.447229876545	0.104086456727	0.100380114054
ama-	0.0385204627855	0.906740652542	0.0104473097387	0.0442915749337
niw-	0.388786764706	0.396139705882	0.193014705882	0.0220588235294
inu-	0.592471664078	0.261905293952	0.0601892800603	0.0854337619094
ilt-	0.195918367347	0.742857142857	0.0612244897959	0.0
mau-	0.249985829927	0.413388375515	0.214894907077	0.121730887482
jep-	0.0	1.0	0.0	0.0
nym-	0.0	1.0	0.0	0.0
buw-	0.0993362152108	0.85548649693	0.0203312744833	0.0248460133759
