jer-	0.014762741652	0.96645186487	0.00296817027924	0.0158172231986
agu-	0.128571428571	0.871428571429	0.0	0.0
ni'-	0.45424943406	0.257027152764	0.0536818542504	0.235041558925
omo-	0.345415849342	0.260712281267	0.0844646221042	0.309407247287
siu-	0.152849247189	0.544120449781	0.272536687631	0.0304936153993
hem-	0.231108451817	0.316638235727	0.3199963179	0.132256994555
fig-	0.0357142857143	0.964285714286	0.0	0.0
maa-	0.0	1.0	0.0	0.0
ipu-	0.614423076923	0.272115384615	0.0375	0.0759615384615
aot-	0.191693290735	0.536741214058	0.115015974441	0.156549520767
tut-	0.450966850829	0.131906077348	0.149171270718	0.267955801105
pao-	0.0281848928974	0.971815107103	0.0	0.0
ug--	0.418353576248	0.336482231219	0.0445344129555	0.200629779577
mah-	0.313461545544	0.166088324899	0.0955608696494	0.424889259908
eda-	0.415986949429	0.448069603045	0.0668841761827	0.0690592713432
tum-	0.472757025909	0.360028422509	0.0772879433921	0.0899266081893
eno-	0.241068739905	0.613293547592	0.0942812559884	0.051356456514
eka-	0.56706437048	0.314252152618	0.044155535565	0.0745279413369
mar-	0.162756125228	0.565760194643	0.0299232012076	0.241560478921
uyy-	0.324675324675	0.636363636364	0.038961038961	0.0
lis-	0.0148102437519	0.985189756248	0.0	0.0
ism-	0.572916666667	0.177083333333	0.125	0.125
epl-	0.885020242915	0.0955465587044	0.00971659919028	0.00971659919028
san-	0.00798963506803	0.910028071691	0.0632174476355	0.0187648456057
puh-	0.0741962077494	0.788010835002	0.0476975621247	0.0900953951242
u'j-	0.426900371693	0.561074265724	0.0	0.0120253625829
tom-	0.333410781417	0.402692324464	0.174335976395	0.0895609177244
pre-	0.33747300216	0.372570194384	0.225161987041	0.0647948164147
pid-	0.449695121951	0.263719512195	0.0823170731707	0.204268292683
a'l-	0.0845070422535	0.511737089202	0.403755868545	0.0
tu--	0.290890702434	0.679922939462	0.0116745432415	0.0175118148623
apt-	0.238805970149	0.402985074627	0.238805970149	0.119402985075
ihu-	0.276749798874	0.560740144811	0.0804505229284	0.0820595333869
nun-	0.401198730686	0.368648264132	0.129421697439	0.100731307743
jim-	0.663484486874	0.212410501193	0.0238663484487	0.100238663484
der-	0.0120967741935	0.987903225806	0.0	0.0
idc-	0.491531802785	0.240873165224	0.0952201731275	0.172374858863
hat-	0.117416485496	0.0985764842686	0.00803044271602	0.77597658752
neg-	0.295379039315	0.406695550341	0.0483810495431	0.249544360801
mil-	0.130569831074	0.748833150453	0.0976679428321	0.0229290756414
dis-	0.0585948376706	0.856996177516	0.00634576229039	0.0780632225233
tib-	0.0103359173127	0.989664082687	0.0	0.0
zak-	0.0102739726027	0.965753424658	0.00342465753424	0.0205479452055
imm-	0.690916011119	0.124882205815	0.0306376182331	0.153564164833
ari-	0.0274635115735	0.911159549332	0.0214746618782	0.0399022772168
ini-	0.66611064098	0.146530747758	0.114350326123	0.0730082851398
bay-	0.0329424552162	0.942747852261	0.00326080140465	0.0210488911185
lij-	0.0803910917979	0.879413362303	0.00869092884305	0.0315046170559
uga-	0.167315507109	0.420821911964	0.234702475548	0.177160105379
paf-	0.0102040816327	0.989795918367	0.0	0.0
hum-	0.552228588068	0.189589121631	0.08769328277	0.170489007531
uma-	0.386166004707	0.231003979632	0.118536292245	0.264293723416
dek-	0.0	0.820105820106	0.0	0.179894179894
abr-	0.00992063492064	0.948696145125	0.0337706511176	0.00761256883706
ihe-	0.228571428571	0.6	0.0	0.171428571429
ta'-	0.248188405797	0.519927536232	0.119565217391	0.11231884058
ti--	0.106194690265	0.893805309735	0.0	0.0
nen-	0.509742684937	0.232942252215	0.0385876004533	0.218727462394
has-	0.0358905338717	0.880813518768	0.0832959473606	0.0
ong-	0.358885017422	0.405923344948	0.214285714286	0.0209059233449
agh-	0.295180722892	0.590361445783	0.0	0.114457831325
her-	0.0603142292581	0.713672686261	0.163959453698	0.0620536307829
gaw-	0.320092559781	0.190876130185	0.035258336604	0.45377297343
ate-	0.0287169986105	0.908754052802	0.0	0.0625289485873
euo-	0.444444444445	0.555555555555	0.0	0.0
naw-	0.310932465203	0.306946151546	0.333289040959	0.0488323422915
kam-	0.133227785474	0.822689491391	0.0244904017416	0.0195923213932
kle-	0.0571428571429	0.874285714286	0.0685714285714	0.0
sin-	0.035696430357	0.952904709529	0.001199880012	0.010198980102
esy-	0.0	0.230430958663	0.769569041337	0.0
kim-	0.0431034482759	0.241379310345	0.672413793104	0.0431034482759
dor-	0.192934782609	0.774456521739	0.0326086956522	0.0
tag-	0.00944103102053	0.91173385284	0.0467555821969	0.0320695339428
ha--	0.0914860596158	0.0226481976349	0.00139946961822	0.884466273131
pat-	0.668829278797	0.241816688245	0.0137738348806	0.0755801980774
niy-	0.341641285956	0.162859560068	0.024703891709	0.470795262267
hud-	0.0473395723379	0.754342553215	0.119076715188	0.0792411592597
alt-	0.00247066090179	0.992588017295	0.00494132180356	0.0
gwi-	0.760485651214	0.139072847682	0.0165562913907	0.083885209713
maw-	0.392682926829	0.578048780488	0.0146341463415	0.0146341463415
agg-	0.622950819672	0.327868852459	0.0491803278688	0.0
jor-	0.0	1.0	0.0	0.0
lom-	0.519643869437	0.345037755705	0.0642851072162	0.0710332676422
pic-	0.259615384615	0.400641025641	0.24358974359	0.0961538461539
him-	0.233815020101	0.316609988089	0.0698470266019	0.379727965208
uy--	0.0460324419114	0.593891568026	0.237322811632	0.122753178431
jam-	0.00494863912424	0.985379020769	0.00382394841419	0.00584839169228
uk--	0.204506065858	0.778162911612	0.0173310225303	0.0
uzi-	0.0	1.0	0.0	0.0
kid-	0.0	1.0	0.0	0.0
aji-	0.039908018693	0.928937022476	0.00741784734071	0.0237371114903
i-a-	0.397189676467	0.491822061033	0.0528629439923	0.0581253185074
lal-	0.0424589274983	0.838409636677	0.033374409451	0.0857570263736
nig-	0.201705812398	0.575126356474	0.188791437491	0.0343763936376
por-	0.288610888982	0.674387714994	0.022200837614	0.0148005584093
euf-	0.0	0.980392156863	0.0196078431373	0.0
he--	0.0387525837959	0.0738167973213	0.00460733909391	0.882823279789
alf-	0.00171969045572	0.995700773861	0.00257953568358	0.0
pas-	0.0907258064516	0.818548387097	0.0181451612903	0.0725806451613
ent-	0.584011742372	0.175743252056	0.0300819350399	0.210163070532
ah--	0.538282490565	0.292290889454	0.0324894796839	0.136937140297
nge-	0.430183356841	0.380818053597	0.0253878702398	0.163610719323
zer-	0.0	1.0	0.0	0.0
nai-	0.03125	0.78125	0.0	0.1875
ngi-	0.341644207789	0.577146427041	0.0311203771639	0.0500889880066
ap--	0.0800123571208	0.67608897127	0.0839898053753	0.159908866234
haa-	0.231452581032	0.477791116447	0.127490996399	0.163265306123
eso-	0.601073345259	0.326069279558	0.0182143437957	0.0546430313872
hic-	0.198954155167	0.0378218097601	0.0180839083906	0.745140126682
lin-	0.169604609333	0.712774323476	0.0366320370317	0.08098903016
che-	0.796902127146	0.0763145578888	0.00955630368817	0.117227011277
epa-	0.525878654671	0.301328233469	0.0723686222024	0.100424489658
asi-	0.00252525252525	0.988636363636	0.00252525252525	0.00631313131313
dia-	0.217516843118	0.531280076997	0.251203079884	0.0
nan-	0.550475526592	0.259915270959	0.069976662203	0.119632540246
oto-	0.157017294759	0.110611654049	0.44736422887	0.285006822322
ohn-	0.79901659496	0.20098340504	0.0	0.0
ta--	0.114902942033	0.0518360801183	0.0137157348675	0.819545242982
egt-	0.0208333333333	0.979166666667	0.0	0.0
unc-	0.290136714374	0.174864415877	0.0605866046218	0.474412265127
amu-	0.531024899027	0.317162346844	0.0587043421612	0.0931084119681
tol-	0.128887197758	0.193780483586	0.0367013732748	0.64063094538
mel-	0.0789130176813	0.894090423638	0.0220125786164	0.00498398006409
kri-	0.00946969060016	0.95230480986	0.00485785122522	0.033367648315
hah-	0.315452221332	0.556666191203	0.0356049550686	0.0922766323966
mir-	0.0170987313844	0.96304467733	0.0132377275234	0.00661886376171
isa-	0.0135467204335	0.973536639153	0.00567072018146	0.00724592023187
joe-	0.0	0.951219512195	0.0	0.0487804878049
maj-	0.219047619048	0.333333333333	0.390476190476	0.0571428571429
eut-	0.227488151659	0.552132701422	0.206161137441	0.0142180094787
pud-	0.0	1.0	0.0	0.0
dio-	0.0582524271845	0.912621359223	0.00970873786407	0.0194174757282
bab-	0.0396732788798	0.835180863477	0.0315052508751	0.0936406067678
ita-	0.420223282626	0.458473915132	0.0699439551641	0.0513588470777
pfo-	0.165161939109	0.788501196702	0.0337385702192	0.01259829397
kug-	0.208638360176	0.611273792094	0.1317715959	0.0483162518302
hol-	0.0316635508324	0.931627477726	0.0110339104911	0.0256750609505
u-i-	0.685788787484	0.173402868318	0.0469361147327	0.0938722294655
aku-	0.234498930961	0.227394992758	0.436719773778	0.101386302504
hur-	0.478421701603	0.267570900123	0.0098643649815	0.244143033292
ne'-	0.345053060231	0.482003172646	0.0531369322081	0.119806834915
ibp-	0.0703478590555	0.712269851425	0.0860465391815	0.131335750338
opf-	0.0345493211189	0.915786029773	0.0367086536889	0.0129559954196
kom-	0.367497186302	0.0485640261384	0.0376466968618	0.546292090697
im--	0.587912087912	0.0989010989011	0.0989010989011	0.214285714286
ali-	0.249001104043	0.670167183639	0.0227380263919	0.0580936859261
jud-	0.0317000591006	0.930212865966	0.00373267159057	0.0343544033428
adu-	0.234602530437	0.617241585104	0.0657973263308	0.0823585581285
hu'-	0.2	0.8	0.0	0.0
non-	0.643270024773	0.230388109001	0.0445912469034	0.0817506193228
uba-	0.0689031166868	0.924463353446	0.00256781801317	0.00406571185418
mi'-	0.501612642635	0.321114111378	0.0703637346473	0.10690951134
la--	0.32357450102	0.277211365294	0.0943634929376	0.304850640749
mal-	0.296095974218	0.382088448018	0.231732858665	0.0900827190983
apf-	0.181692344048	0.544242340054	0.0937761628293	0.180289153069
eph-	0.498096791735	0.373028820011	0.0880913539967	0.0407830342578
kem-	0.0929646530001	0.861744875026	0.0452904719744	0.0
rey-	0.0	1.0	0.0	0.0
aki-	0.0617447882088	0.922321072899	0.0119506041694	0.00398353472314
iju-	0.59808433139	0.257536012471	0.0377737472457	0.106605908893
nin-	0.419399818127	0.23019096696	0.0537132464383	0.296695968475
eko-	0.112930322693	0.746880311204	0.0311531924671	0.109036173635
ad--	0.293432942819	0.133435206671	0.177750108476	0.395381742034
paj-	0.0510910058542	0.863757317722	0.00319318786589	0.0819584885577
uni-	0.370169004875	0.377318664449	0.174335138516	0.0781771921595
tuw-	0.0444773906598	0.110452186805	0.0	0.845070422535
ena-	0.515195584783	0.232606425258	0.0363582224307	0.215839767528
inl-	0.435622111914	0.365196554741	0.0933227226162	0.105858610729
emo-	0.259459459459	0.27027027027	0.0648648648649	0.405405405405
pub-	0.050699464839	0.329640409351	0.600346043966	0.0193140818434
ur--	0.422757056452	0.265372983871	0.270287298387	0.0415826612903
eho-	0.589832560695	0.232940754402	0.0249225025646	0.152304182339
mab-	0.407486016228	0.337777188212	0.226879794831	0.0278570007296
aph-	0.227297062787	0.386674543541	0.260121476176	0.125906917496
ump-	0.312101402423	0.571762430679	0.0942588128124	0.0218773540849
and-	0.0	0.992	0.00266666666667	0.00533333333333
apa-	0.16251835947	0.292980919324	0.0870057762351	0.457494944971
ALL	0.258011423625	0.316934298687	0.0587353724581	0.36631890523
ana-	0.100232027107	0.14841908515	0.0103353344137	0.741013553329
puk-	0.496505555469	0.326835164495	0.123661496025	0.0529977840108
kha-	0.120667414171	0.251079668056	0.0223968194841	0.605856098289
uku-	0.606149341142	0.156661786237	0.193265007321	0.0439238653001
per-	0.0365034034056	0.926563741384	0.0334972407721	0.00343561443817
e'k-	0.390243902439	0.414634146341	0.146341463415	0.0487804878049
ahh-	0.526315789474	0.0662139219015	0.203735144312	0.203735144312
lum-	0.401378283254	0.24889455693	0.267777891344	0.0819492684717
ak--	0.175298804781	0.175298804781	0.541832669323	0.107569721116
mor-	0.183923705722	0.816076294278	0.0	0.0
320-	0.0560747663551	0.289719626168	0.18691588785	0.467289719626
lid-	0.0519330640508	0.908251586844	0.00519330640508	0.0346220427005
jod-	0.0	1.0	0.0	0.0
ata-	0.186074091079	0.551716397321	0.0972268951957	0.164982616404
far-	0.00949593495935	0.980097560976	0.00175609756098	0.00865040650406
arm-	0.147214314762	0.781618544124	0.0260268401789	0.0451403009353
ins-	0.0286214024487	0.859543117613	0.111835479939	0.0
dat-	0.16000984676	0.814142408764	0.0258477444766	0.0
un--	0.20704845815	0.396475770925	0.277533039648	0.118942731278
tac-	0.0125	0.15	0.8375	0.0
lev-	0.028310940499	0.952015355086	0.0067178502879	0.0129558541267
um--	0.563912426548	0.310611587209	0.0218853464378	0.103590639806
num-	0.44651086251	0.278016994633	0.099087328557	0.1763848143
kla-	0.0131578947368	0.986842105263	0.0	0.0
haw-	0.243312222327	0.277436430665	0.383401077607	0.0958502694016
bin-	0.595289339553	0.267006465789	0.100465122562	0.0372390720963
kur-	0.0443883074702	0.914290869722	0.0384337784193	0.00288704438831
ni--	0.496945189257	0.310040360971	0.0775743838927	0.115440065879
ome-	0.417999435733	0.41996077325	0.0955514689636	0.0664883220537
okh-	0.734375	0.234375	0.0	0.03125
lut-	0.219115422922	0.427865284592	0.0852115533587	0.267807739127
nuj-	0.474782608696	0.354782608696	0.113043478261	0.0573913043478
eub-	0.0	0.943396226415	0.0566037735849	0.0
adi-	0.0	1.0	0.0	0.0
pu'-	0.831081081081	0.123873873874	0.018018018018	0.027027027027
a-u-	0.211509555508	0.542838737385	0.161906806957	0.0837449001504
jai-	0.0761783843834	0.911918743057	0.00476114902396	0.00714172353596
win-	0.622641509434	0.218160377358	0.116745283019	0.0424528301887
tal-	0.0823589222165	0.714285714286	0.0427046263345	0.160650737163
heg-	0.360501567398	0.451410658307	0.188087774295	0.0
ugn-	0.664440734558	0.265442404007	0.0500834724541	0.0200333889816
paa-	0.00992555831265	0.9735318445	0.0165425971877	0.0
u-u-	0.504347826087	0.403864734299	0.0338164251208	0.0579710144928
ami-	0.0273828525168	0.151624548736	0.0449280387004	0.776064560046
kos-	0.0434782608695	0.95652173913	0.0	0.0
lem-	0.202320060487	0.161291385619	0.0455515649154	0.590836988979
rod-	0.0736196319018	0.907975460123	0.0184049079754	0.0
she-	0.0	0.993524647453	0.0	0.00647535254699
kab-	0.0162601626016	0.0325203252033	0.837398373984	0.113821138211
loc-	0.294943820225	0.705056179775	0.0	0.0
pon-	0.0506329113924	0.908227848101	0.0253164556962	0.0158227848101
at--	0.278951201748	0.498907501821	0.034231609614	0.187909686817
nec-	0.396231010442	0.405364264621	0.105854415928	0.0925503090084
umi-	0.398732828611	0.4332969614	0.0741020719597	0.0938681380292
hig-	0.0202171471359	0.925496068888	0.0453013852489	0.00898539872707
ilu-	0.462061747776	0.346677132391	0.129774986918	0.0614861329147
sik-	0.0252525252525	0.853535353535	0.121212121212	0.0
nga-	0.148988067413	0.292527561792	0.00742952399027	0.551054846805
ben-	0.0	1.0	0.0	0.0
syr-	0.0	0.997536945813	0.0	0.00246305418719
nip-	0.352802281588	0.449343145377	0.107011336825	0.0908432362097
iku-	0.337840988575	0.54383306132	0.0693634879925	0.0489624621124
pin-	0.55368707532	0.237320420062	0.063316344999	0.145676159618
pog-	0.102117781795	0.358352860315	0.307590353407	0.231939004483
hug-	0.434519466163	0.433981221709	0.060461096772	0.0710382153562
amp-	0.0333037300177	0.848134991119	0.0683836589698	0.0501776198934
ili-	0.377591048198	0.275705406628	0.169707741332	0.176995803843
lam-	0.181815810411	0.741290542441	0.0400813465727	0.0368123005756
nar-	0.230986372718	0.178887141087	0.0487087618961	0.541417724299
an--	0.171894184619	0.576738475276	0.185958254269	0.0654090858355
hih-	0.17924008125	0.311443840883	0.312844246656	0.196471831211
am--	0.101934603573	0.564218441495	0.299126871619	0.034720083313
sat-	0.0434507942867	0.820249302784	0.108180151307	0.0281197516217
ecy-	0.0227848101266	0.967088607595	0.0101265822785	0.0
esl-	0.0	1.0	0.0	0.0
ani-	0.610934711044	0.141642126635	0.0198050501872	0.227618112134
nad-	0.194074726999	0.700179428161	0.0526655776259	0.0530802672135
lot-	0.0504232944937	0.867438035615	0.0207014684969	0.0614372013941
kis-	0.0	0.977272727273	0.0227272727273	0.0
sec-	0.0	0.959731543624	0.0402684563758	0.0
abi-	0.00735504433457	0.977934866996	0.00735504433457	0.00735504433457
ele-	0.238983050847	0.64406779661	0.0864406779661	0.0305084745763
e-o-	0.246753246753	0.0995670995671	0.476190476191	0.177489177489
fle-	0.0	1.0	0.0	0.0
ahu-	0.216005521946	0.67712858825	0.0613910430792	0.0454748467254
li--	0.267477203647	0.51367781155	0.218844984802	0.0
hal-	0.292258454106	0.543475615151	0.127754244285	0.0365116864584
azo-	0.0176991150442	0.920353982301	0.00884955752213	0.0530973451327
akk-	0.397614314115	0.304174950298	0.0	0.298210735587
ter-	0.0882352941176	0.86678200692	0.0207612456747	0.0242214532872
wen-	0.041898141462	0.0293736300062	0.00353831489558	0.925189913636
tra-	0.0	0.981132075472	0.0188679245283	0.0
nam-	0.29748941164	0.55399088564	0.0435966955669	0.104923007154
ebe-	0.0	0.984093319194	0.0159066808059	0.0
hen-	0.417961853512	0.441243801313	0.0565820307133	0.0842123144613
ale-	0.060274517605	0.857370200915	0.0740003978516	0.0083548836284
juh-	0.354716981132	0.543396226415	0.0339622641509	0.0679245283019
ar--	0.16274527213	0.601615910503	0.154310574447	0.0813282429193
ugw-	0.125060117693	0.242183168271	0.0547875126745	0.577969201361
sid-	0.00430416068867	0.967718794835	0.0	0.0279770444763
bon-	0.0483870967742	0.729032258065	0.222580645161	0.0
oli-	0.0010643959553	0.988291644492	0.00851516764236	0.00212879191059
luc-	0.0	1.0	0.0	0.0
ula-	0.38990451318	0.436714570829	0.0957038350534	0.0776770809375
net-	0.270565555136	0.204677785195	0.0556738210355	0.469082838633
kon-	0.0777799116574	0.815440752833	0.0791242558095	0.0276550797004
odp-	0.365979381443	0.479381443299	0.0927835051546	0.0618556701031
eli-	0.0228394357358	0.909890313654	0.00187208489637	0.0653981657134
imu-	0.0538116591928	0.892376681614	0.0538116591928	0.0
pi'-	0.275413605502	0.56228029966	0.0576826779294	0.104623416908
mut-	0.0447382458387	0.0164535902875	0.00395368571338	0.93485447816
eto-	0.504855345912	0.178062893082	0.053534591195	0.263547169811
apl-	0.285990194622	0.714009805378	0.0	0.0
ehe-	0.442423796617	0.206251308486	0.166354516186	0.184970378711
ehn-	0.669714285714	0.238285714286	0.0645714285715	0.0274285714286
tuk-	0.347012820292	0.497363982756	0.0556242054426	0.0999989915091
ene-	0.506768930896	0.276630255974	0.0558785865196	0.16072222661
pan-	0.30540503446	0.486368933658	0.093151459873	0.115074572009
a-i-	0.447876447877	0.34749034749	0.181467181467	0.023166023166
ab--	0.205176250146	0.695280477808	0.0831479095913	0.0163953624546
nim-	0.0	1.0	0.0	0.0
tor-	0.129710200579	0.420427028768	0.374538204173	0.0753245664794
all-	0.665087110996	0.0701283127928	0.0166510277942	0.248133548417
tul-	0.342021653	0.572433693083	0.0398685176053	0.0456761363116
efr-	0.0573248407643	0.923566878981	0.0	0.0191082802548
tug-	0.608735092656	0.169412860706	0.0381506761134	0.183701370524
ina-	0.833362139822	0.0654169423764	0.00794842484091	0.0932724929604
baa-	0.0	1.0	0.0	0.0
lat-	0.18281535649	0.747714808044	0.0694698354662	0.0
he'-	0.761467889908	0.0366972477064	0.0	0.201834862385
pen-	0.429306034857	0.251549170339	0.0922689706	0.226875824204
rab-	0.00951783839315	0.933375131248	0.00713837879487	0.0499686515641
ape-	0.117400840011	0.882599159989	0.0	0.0
epo-	0.500429922614	0.295313843508	0.0681427343078	0.13611349957
umu-	0.554034920403	0.165816009288	0.0100671737101	0.270081896599
tub-	0.0200668896321	0.959866220736	0.0200668896321	0.0
anh-	0.358479863868	0.230289279637	0.0697674418605	0.341463414634
aja-	0.665999622008	0.198990539083	0.0205449754861	0.114464863423
hul-	0.634088200238	0.268176400477	0.0643623361144	0.0333730631704
ne--	0.557679410106	0.212355002886	0.0443468313202	0.185618755688
ato-	0.387592338676	0.173732394296	0.0254176439622	0.413257623065
jeh-	0.0	1.0	0.0	0.0
isp-	0.0395730756292	0.838748891403	0.0918988348267	0.0297791981406
meh-	0.363795575837	0.359192321727	0.11089171753	0.166120384907
nal-	0.304610052346	0.304540616033	0.186506495682	0.204342835939
kau-	0.128755364807	0.690987124464	0.0772532188841	0.103004291845
ino-	0.593933463796	0.225048923679	0.122309197652	0.0587084148728
mim-	0.518306138278	0.234752193747	0.0862939015561	0.160647766419
nay-	0.438772790276	0.11435121015	0.0293208231155	0.417555176458
eng-	0.596956497536	0.275566520074	0.0679093970705	0.0595675853197
pfa-	0.0998180676639	0.720054608905	0.10727993412	0.0728473893114
mid-	0.382734837937	0.236516314261	0.0413927835163	0.339356064286
teo-	0.187017001546	0.676970633694	0.0185471406492	0.117465224111
po'-	0.0789473684211	0.868421052632	0.0526315789474	0.0
ang-	0.0666501785787	0.560218264831	0.0651977360159	0.307933820574
pun-	0.265943976332	0.570940219195	0.0759595176843	0.0871562867895
inh-	0.524398966773	0.263945516402	0.139941747618	0.0717137692076
khe-	0.492824359414	0.253011053349	0.133748093209	0.120416494029
ito-	0.431391905232	0.380256663376	0.138993089832	0.0493583415598
day-	0.285239641731	0.600297621833	0.0433797860492	0.071082950387
ma--	0.281325413869	0.157246520965	0.0653384454189	0.496089619747
eha-	0.518107187829	0.300427052078	0.0568549966842	0.124610763409
666-	0.0989010989011	0.115384615385	0.0	0.785714285714
arh-	0.253416149068	0.555279503106	0.176397515528	0.0149068322981
tud-	0.184180319315	0.62835974419	0.125191932142	0.0622680043529
sod-	0.0218631178707	0.969581749049	0.00855513307984	0.0
amm-	0.0816908392215	0.792322631296	0.0241725548531	0.101813974629
jot-	0.0	1.0	0.0	0.0
ay--	0.261583577713	0.436950146628	0.21935483871	0.0821114369502
pe'-	0.316307778527	0.418070490809	0.13241859042	0.133203140244
har-	0.104046242775	0.85549132948	0.0173410404624	0.0231213872832
kan-	0.252776507919	0.608277086078	0.0640008605158	0.0749455454864
tih-	0.479214968618	0.418130892335	0.0207350365023	0.0819191025451
om--	0.124857117735	0.0550426448606	0.12274685659	0.697353380814
gwo-	0.219131757282	0.103753183794	0.0300892439159	0.647025815008
sio-	0.0118890356671	0.978863936592	0.0	0.0092470277411
erg-	0.272268907563	0.61512605042	0.0521008403361	0.0605042016807
mum-	0.383141096664	0.351987231764	0.149782889801	0.115088781772
uhu-	0.18411046628	0.290174104463	0.172103261957	0.3536121673
log-	0.592233009709	0.203883495146	0.0485436893204	0.155339805825
ref-	0.0	0.940119760479	0.059880239521	0.0
kum-	0.490902457932	0.436134798668	0.0524419718181	0.020520771581
tod-	0.703488372093	0.261627906977	0.0	0.0348837209303
met-	0.406267274961	0.273516926802	0.0382016404248	0.282014157812
tao-	0.4504084014	0.20536756126	0.0875145857643	0.256709451575
otn-	0.47242206235	0.322541966427	0.0779376498801	0.127098321343
amj-	0.460063897764	0.367412140575	0.0958466453674	0.0766773162939
iho-	0.528571428571	0.3	0.171428571429	0.0
ces-	0.00254237288136	0.992372881356	0.0	0.00508474576271
na--	0.354423224328	0.394609807265	0.109222158929	0.141744809478
hez-	0.0	1.0	0.0	0.0
ken-	0.518900343643	0.470103092783	0.0	0.0109965635739
i-i-	0.226196381689	0.453571155471	0.165386643975	0.154845818865
hil-	0.0651478429471	0.790402326709	0.11206980126	0.0323800290839
eta-	0.505828799057	0.356781772382	0.075776110711	0.0616133178496
mat-	0.402801417146	0.355642206779	0.103133994929	0.138422381146
ipf-	0.475430918718	0.242950278688	0.139381631047	0.142237171547
nit-	0.515557107115	0.320486537995	0.0408418141615	0.123114540728
lup-	0.0500960684919	0.90452278711	0.0256373997576	0.0197437446409
aka-	0.435466499028	0.368132400577	0.0335145338942	0.162886566502
mad-	0.337084882251	0.441918489861	0.125180786972	0.0958158409161
leh-	0.259946949602	0.628647214854	0.111405835544	0.0
par-	0.230040434472	0.681994767304	0.0449536192817	0.0430111789424
chi-	0.275666706266	0.0352200371353	0.00493592394558	0.684177332653
ala-	0.489950095645	0.367482815014	0.0329574547534	0.109609634587
jul-	0.0191082802548	0.968152866242	0.0	0.0127388535032
gob-	0.141185321408	0.78843099557	0.0175541252194	0.0528295578032
nah-	0.258484232984	0.319947859748	0.23141788685	0.190150020418
sol-	0.0	1.0	0.0	0.0
zeu-	0.0	1.0	0.0	0.0
pom-	0.265643893513	0.535143439775	0.0988367032893	0.100375963423
hib-	0.0508905852417	0.885496183206	0.0127226463104	0.0508905852417
feb-	0.0294117647059	0.970588235294	0.0	0.0
anu-	0.361416003099	0.498265987735	0.049569536107	0.0907484730591
hik-	0.152654867257	0.727876106195	0.0730088495575	0.0464601769911
lod-	0.0631578947368	0.936842105263	0.0	0.0
gay-	0.0161290322581	0.983870967742	0.0	0.0
puu-	0.13256006628	0.371720519194	0.0234741784038	0.472245236123
aam-	0.076095311299	0.661798616449	0.252882398155	0.00922367409686
ipa-	0.486560649308	0.292323402102	0.073854521017	0.147261427573
kin-	0.168186315043	0.649917311441	0.128960929656	0.0529354438603
reu-	0.0	1.0	0.0	0.0
dan-	0.309639368434	0.398414941328	0.230017816551	0.0619278736868
cap-	0.376811594203	0.333333333333	0.130434782609	0.159420289855
lug-	0.38858003243	0.554088487376	0.0445911512625	0.0127403289321
gre-	0.0	1.0	0.0	0.0
eba-	0.0265910023003	0.71463151513	0.242194326064	0.0165831565058
hay-	0.139557791215	0.109227161451	0.00772509118545	0.743489956148
mis-	0.191887675507	0.689547581903	0.0280811232449	0.0904836193447
elm-	0.0	1.0	0.0	0.0
anl-	0.17071229606	0.621567847195	0.157580580979	0.050139275766
a'--	0.246335963923	0.138857572341	0.0458474257798	0.568959037956
ech-	0.417229756971	0.319518134464	0.0801819090777	0.183070199487
nac-	0.283981986409	0.433230549596	0.0314348003552	0.25135266364
adn-	0.298217853291	0.124113788653	0.0161772245894	0.561491133467
agr-	0.00536672629696	0.991055456172	0.0035778175313	0.0
heh-	0.566725020199	0.321842176138	0.0649744142203	0.0464583894425
eni-	0.0	1.0	0.0	0.0
e'c-	0.565217391304	0.330434782609	0.104347826087	0.0
sos-	0.006	0.97	0.012	0.012
mi--	0.46808420458	0.229061134992	0.273689312808	0.0291653476197
nep-	0.418881909381	0.387952191103	0.0904095375874	0.102756361928
tat-	0.0358595130941	0.657719185123	0.0583595692502	0.248061732532
bit-	0.0	1.0	0.0	0.0
uri-	0.0	1.0	0.0	0.0
leg-	0.532110091743	0.412844036697	0.0366972477064	0.0183486238532
nom-	0.227996284467	0.520600310558	0.0529856252009	0.198417779774
hon-	0.388497221294	0.131571834705	0.0785613231548	0.401369620846
pot-	0.180899526812	0.624827051397	0.0847482608101	0.10952516098
lap-	0.036994107988	0.698444895199	0.011301072153	0.25325992466
umc-	0.427803782249	0.369724198672	0.160018208627	0.0424538104521
cyp-	0.0536277602523	0.907465825447	0.00315457413249	0.0357518401683
joh-	0.035146632796	0.908109824528	0.0110050719027	0.0457384707735
hot-	0.1197202051	0.0373425138171	0.0107813443341	0.832155936749
mag-	0.113697651452	0.4077937156	0.289099787729	0.189408845219
kae-	0.181019332162	0.27065026362	0.231985940246	0.316344463972
huh-	0.291262135922	0.218446601942	0.432038834951	0.0582524271845
ekh-	0.401511095132	0.394260390068	0.107887501635	0.0963410131658
mos-	0.0450095693883	0.893442110055	0.027388373319	0.0341599472371
li'-	0.746604578968	0.223127667831	0.0302677532014	0.0
kok-	0.364130434783	0.350543478261	0.0326086956522	0.252717391304
abu-	0.0537634408602	0.913978494624	0.0322580645161	0.0
omm-	0.246686746988	0.626232201533	0.0971796276013	0.0299014238773
epu-	0.689399555226	0.310600444774	0.0	0.0
fri-	0.16339869281	0.732026143791	0.078431372549	0.0261437908497
reg-	0.0588235294118	0.941176470588	0.0	0.0
gid-	0.0	1.0	0.0	0.0
kho-	0.174719393223	0.669965797328	0.110619150718	0.0446956587314
pla-	0.261974584555	0.594330400782	0.114369501466	0.0293255131965
or--	0.641025641026	0.179487179487	0.179487179487	0.0
mac-	0.314806677695	0.310897092053	0.125299712058	0.248996518194
map-	0.197339552663	0.219817652865	0.381730362784	0.201112431688
ika-	0.688	0.168	0.096	0.048
bet-	0.0314238952537	0.961374795417	0.00261865793781	0.00458265139116
til-	0.735294117647	0.210084033613	0.0317035905271	0.0229182582124
sal-	0.0314606741573	0.955056179775	0.00449438202247	0.00898876404497
asu-	0.0206718346253	0.961240310078	0.0180878552972	0.0
nih-	0.525447782715	0.227465262974	0.0927091129291	0.154377841381
isk-	0.0	1.0	0.0	0.0
gab-	0.0328638497653	0.840375586854	0.12676056338	0.0
400-	0.0	0.5625	0.075	0.3625
den-	0.0616679718089	0.87079091621	0.0323022709475	0.0352388410337
ind-	0.682603163061	0.238320305399	0.0299945464461	0.0490819850936
pfe-	0.177912603635	0.675567171864	0.060763789655	0.0857564348457
din-	0.604341562764	0.204758829666	0.144304803537	0.0465948040336
eme-	0.0	1.0	0.0	0.0
egn-	0.646338797814	0.190163934426	0.055956284153	0.107540983606
min-	0.823883403855	0.117630465444	0.0376116596145	0.020874471086
ikh-	0.36643176456	0.334813113126	0.140941264125	0.157813858189
ich-	0.59819271873	0.238135028113	0.0608565851646	0.102815667993
kaj-	0.790476190476	0.209523809524	0.0	0.0
lul-	0.822222222222	0.177777777778	0.0	0.0
tab-	0.128026852074	0.715415967394	0.0582594102134	0.0982977703189
lok-	0.165354330709	0.433070866142	0.314960629921	0.0866141732283
naz-	0.0171673819742	0.965665236051	0.0171673819743	0.0
gal-	0.00699368625546	0.985721223895	0.00378824672171	0.00349684312773
ida-	0.44322616614	0.507340643003	0.0289908938859	0.0204422969708
kar-	0.0823301464076	0.891227445881	0.00867511167821	0.0177672960332
ark-	0.0473128042168	0.849108471413	0.00835063708635	0.0952280872838
kay-	0.255016365448	0.309475949907	0.124919951615	0.31058773303
neb-	0.179008008993	0.598145285935	0.0365322467332	0.186314458339
amn-	0.341463414634	0.51800232288	0.112659698026	0.0278745644599
ihc-	0.516126654134	0.403516532124	0.0298573482251	0.0504994655167
me'-	0.466448931407	0.337995125015	0.0995108299337	0.0960451136438
bea-	0.0	0.90625	0.09375	0.0
ist-	0.0810810810811	0.918918918919	0.0	0.0
imo-	0.616896272285	0.383103727715	0.0	0.0
oh--	0.0655667362627	0.197940377702	0.105780652318	0.630712233717
oht-	0.229702970297	0.258085808581	0.339273927393	0.172937293729
ung-	0.0748805131777	0.614548454511	0.241593831092	0.0689772012198
lop-	0.153835254814	0.805410968098	0.0178973586481	0.0228564184403
oma-	0.342003872863	0.218414316492	0.062895166456	0.376686644189
het-	0.137565251438	0.101991236097	0.0371081810534	0.723335331411
mun-	0.371436436088	0.40167163143	0.109380947112	0.11751098537
era-	0.0	1.0	0.0	0.0
tay-	0.196919652454	0.0459671218058	0.0205241399419	0.736589085798
imb-	0.430528375734	0.498182834778	0.00838691641042	0.062901873078
jek-	0.0	1.0	0.0	0.0
kak-	0.271076523995	0.440985732815	0.20233463035	0.0856031128405
nel-	0.479293672483	0.466680681101	0.0287996636536	0.0252259827622
adc-	0.410144460987	0.127399299827	0.0659933201883	0.396462918997
one-	0.077675328304	0.799664710813	0.0287789885443	0.0938809723386
ut--	0.41089583733	0.45213888356	0.072511030117	0.0644542489929
aan-	0.54035867812	0.253056263769	0.0516462645279	0.154938793584
gog-	0.0327868852459	0.934426229508	0.0327868852459	0.0
rak-	0.218778486782	0.781221513218	0.0	0.0
unu-	0.574589827405	0.141114654745	0.0661535679491	0.218141949901
sil-	0.081886574074	0.884548611111	0.0162037037037	0.0173611111111
ake-	0.0	1.0	0.0	0.0
ija-	0.349601813193	0.564842083821	0.0288208058785	0.0567352971066
pri-	0.0	1.0	0.0	0.0
juy-	0.345342706503	0.276801405975	0.201230228471	0.176625659051
jas-	0.0270676691729	0.972932330827	0.0	0.0
ram-	0.0	1.0	0.0	0.0
don-	0.0317700453858	0.931921331316	0.00151285930408	0.0347957639939
mep-	0.38108819101	0.394155992724	0.084552857442	0.140202958824
gen-	0.181474480151	0.797731568998	0.00567107750472	0.0151228733459
tik-	0.58446384129	0.197861435796	0.0464481597542	0.17122656316
pim-	0.374483165978	0.495569994093	0.0691080921441	0.060838747785
sau-	0.0483974616435	0.872359225641	0.0	0.0792433127159
sad-	0.0454545454545	0.944155844156	0.0103896103896	0.0
eh--	0.650817884406	0.225736095965	0.0881134133042	0.035332606325
esm-	0.0203045685279	0.695431472081	0.284263959391	0.0
jak-	0.0168990337023	0.97290789835	0.00563301123409	0.00456005671331
sag-	0.285587661762	0.56284346747	0.0585002659103	0.0930686048573
tro-	0.0428042649577	0.927318932656	0.00660736975858	0.023269432628
a-a-	0.0630327567433	0.798722805411	0.0501427525877	0.0881016852582
ser-	0.0	1.0	0.0	0.0
aag-	0.0362903225806	0.818548387097	0.133064516129	0.0120967741935
zek-	0.030534351145	0.833626932864	0.0164415736935	0.119397142298
tij-	0.0	0.959331548883	0.0406684511168	0.0
gol-	0.0111731843575	0.988826815642	0.0	0.0
tex-	0.346153846154	0.653846153846	0.0	0.0
hac-	0.207248326667	0.0210320636089	0.00411800728591	0.767601602438
e'g-	0.691588785047	0.233644859813	0.0373831775701	0.0373831775701
orm-	0.611940298507	0.328358208955	0.0	0.0597014925373
nag-	0.35096500866	0.441548235356	0.123373355923	0.0841134000607
eff-	0.0208333333333	0.958333333333	0.0	0.0208333333333
arp-	0.290834568763	0.367314903636	0.100287782332	0.241562745269
itu-	0.517318806398	0.29922623575	0.0562543280639	0.127200629788
had-	0.472791839293	0.483340876649	0.0292448560387	0.0146224280193
klo-	0.051724137931	0.931034482759	0.0	0.0172413793103
fen-	0.00847457627119	0.936440677966	0.00847457627118	0.0466101694915
tam-	0.30131456759	0.492568590671	0.0678754713899	0.138241370349
upa-	0.261899812929	0.454375389732	0.0654749532322	0.218249844107
tir-	0.0291925465838	0.954037267081	0.0149068322982	0.00186335403727
man-	0.492882513124	0.313633745944	0.0817922669837	0.111691473948
toj-	0.320747663551	0.391775700935	0.0239252336449	0.263551401869
men-	0.363847718686	0.45190351642	0.114501598373	0.0697471665213
iko-	0.0	1.0	0.0	0.0
hop-	0.327901861776	0.346751959357	0.0841826461386	0.241163532728
tap-	0.177975772472	0.731170997191	0.0724192415731	0.0184339887641
laj-	0.474452554745	0.481751824818	0.043795620438	0.0
e-e-	0.175499730731	0.542877055152	0.218265910603	0.0633573035132
hoc-	0.361290322581	0.623225806452	0.0	0.0154838709677
aho-	0.102164226607	0.880012730745	0.00541056651814	0.0124124761299
ame-	0.0854359230577	0.076442667999	0.00374718960779	0.834374219335
urc-	0.0413763040437	0.89201579198	0.034406491897	0.0322014120793
pfi-	0.245936867135	0.522968005874	0.0866117970662	0.144483329925
haj-	0.315789473684	0.578947368421	0.0701754385965	0.0350877192982
juw-	0.5241901025	0.125106199031	0.00559633561387	0.345107362856
bos-	0.0	1.0	0.0	0.0
pam-	0.217650308578	0.676146401478	0.0467108506306	0.0594924393134
sop-	0.125	0.875	0.0	0.0
laz-	0.028431372549	0.87385620915	0.0264705882353	0.0712418300654
agw-	0.144248941226	0.39656452126	0.329763545753	0.129422991761
job-	0.140077821012	0.673151750973	0.140077821012	0.0466926070039
end-	0.222222222222	0.777777777778	0.0	0.0
joa-	0.0	1.0	0.0	0.0
pig-	0.274511277388	0.276110830802	0.110390656032	0.338987235778
tuc-	0.726867887185	0.108857001484	0.066303809995	0.0979713013359
dru-	0.0	1.0	0.0	0.0
nil-	0.490225198557	0.398586494019	0.0532582649004	0.0579300425233
adr-	0.116883116883	0.753246753247	0.103896103896	0.025974025974
meg-	0.229856339788	0.490318550906	0.227357901312	0.052467207995
opa-	0.567619047619	0.306666666667	0.0228571428571	0.102857142857
edc-	0.592321755027	0.252285191956	0.0950639853747	0.0603290676417
ano-	0.0998514635212	0.0634818698121	0.044255133246	0.792411533421
pit-	0.491243051128	0.355400622778	0.0693874524622	0.0839688736319
da--	0.17722823287	0.665636269964	0.0798557444616	0.0772797527048
mam-	0.512541030912	0.339432285429	0.0637067020053	0.084319981653
ot--	0.182766684656	0.111710739342	0.549019607843	0.15650296816
hit-	0.0880661758318	0.0269188984091	0.0117821889796	0.873232736779
las-	0.0	1.0	0.0	0.0
pem-	0.198825579404	0.746180111399	0.0126909944301	0.0423033147669
eti-	0.0268786144743	0.836040451707	0.126329488029	0.0107514457897
esp-	0.0126249249567	0.965680215654	0.0173688361526	0.00432602323693
enc-	0.530404669045	0.30216658781	0.0711201740791	0.0963085690655
pad-	0.212505501723	0.390999794239	0.22580229771	0.170692406328
huk-	0.191468233704	0.759035029713	0.00985386792618	0.0396428686568
hog-	0.0	0.915343915344	0.0	0.0846560846561
arf-	0.0	1.0	0.0	0.0
reb-	0.291697830965	0.401645474944	0.179506357517	0.127150336574
inn-	0.391459074733	0.213523131673	0.259786476868	0.135231316726
och-	0.288	0.192	0.304	0.216
bar-	0.0250229044024	0.946960480285	0.00779494538944	0.0202216699233
zeb-	0.0	1.0	0.0	0.0
pis-	0.0326086956522	0.945652173913	0.0217391304348	0.0
lih-	0.239809288412	0.507114662824	0.151644108848	0.101431939916
ten-	0.356781273769	0.529568011425	0.0323753938811	0.0812753209258
op--	0.159898477157	0.748730964467	0.0913705583756	0.0
pet-	0.0311500835123	0.683106657122	0.00861369601527	0.27712956335
his-	0.043956043956	0.824175824176	0.0	0.131868131868
apo-	0.104278384381	0.64206783187	0.011906031792	0.241747751957
fan-	0.0	1.0	0.0	0.0
pum-	0.448346700744	0.359394176008	0.0732255719537	0.119033551294
abp-	0.215852795471	0.779900920028	0.00212314225053	0.00212314225053
upf-	0.370292028196	0.564362319769	0.0408410325216	0.024504619513
heb-	0.111570247934	0.690082644628	0.185950413223	0.0123966942149
eb--	0.84375	0.15625	0.0	0.0
obe-	0.220183486238	0.779816513762	0.0	0.0
pi--	0.483366336634	0.26297029703	0.040198019802	0.213465346535
tu'-	0.0105263157895	0.989473684211	0.0	0.0
ima-	0.589254977984	0.310982783883	0.0509774073976	0.0487848307354
tig-	0.756906077348	0.160220994475	0.0	0.0828729281767
ela-	0.513282732448	0.277514231499	0.0654648956356	0.143738140418
sel-	0.0	1.0	0.0	0.0
muy-	0.452054794521	0.276146988476	0.0391389432485	0.232659273755
neh-	0.286400987472	0.292135048413	0.167800319607	0.253663644508
ece-	0.239669421488	0.661157024793	0.099173553719	0.0
rub-	0.0	1.0	0.0	0.0
bau-	0.243158916548	0.6939656816	0.0329638029128	0.0299115989394
fes-	0.0536051340128	0.926764816912	0.00377500943753	0.0158550396376
phi-	0.00628212450028	0.984009137636	0.0	0.00970873786408
khu-	0.184341385144	0.0689249790228	0.0497298326984	0.697003803135
ped-	0.266401590457	0.667992047714	0.0536779324056	0.0119284294235
ilo-	0.871281423324	0.128718576676	0.0	0.0
ihi-	0.499077092453	0.389948460287	0.0454490244608	0.0655254227998
dav-	0.00731362856854	0.947795823666	0.00100877635428	0.0438817714113
sev-	0.0	1.0	0.0	0.0
hep-	0.111527377522	0.879538904899	0.00893371757925	0.0
et--	0.115384615385	0.586538461539	0.240384615385	0.0576923076923
glo-	0.115545871711	0.796639265789	0.0577729358555	0.0300419266449
jop-	0.004158004158	0.966735966736	0.0	0.029106029106
tan-	0.347226394996	0.214937317346	0.0175142708874	0.42032201677
ema-	0.238123417233	0.519779347275	0.104541988053	0.137555247439
bil-	0.630434782609	0.369565217391	0.0	0.0
nea-	0.0	0.954022988506	0.0	0.0459770114943
aga-	0.371403276785	0.213493006526	0.0434481278956	0.371655588794
ipi-	0.433682622716	0.267322154108	0.0460962223024	0.252899000874
ker-	0.22143489814	0.730735163862	0.0265721877768	0.0212577502214
mit-	0.511152018139	0.265321843252	0.0534596504862	0.170066488122
inu-	0.631912462575	0.229794933515	0.0307968150388	0.107495788871
ep--	0.33216168717	0.31136496778	0.108084358524	0.248388986526
cyr-	0.0	1.0	0.0	0.0
lah-	0.350975211618	0.567204617741	0.0629385928008	0.0188815778402
ngu-	0.396343404656	0.294006829174	0.231044768596	0.0786049975743
itn-	0.356421356421	0.431457431457	0.0	0.212121212121
i'n-	0.19669060256	0.80330939744	0.0	0.0
ton-	0.179593238486	0.654247662914	0.0445447796246	0.121614318975
te'-	0.420760308053	0.462848223624	0.0731309225746	0.0432605457484
mem-	0.076850103059	0.851733029762	0.0427414555898	0.0286754115892
ant-	0.047896468851	0.916046638868	0.0104941701415	0.0255627221396
po--	0.211180124224	0.521739130435	0.267080745342	0.0
pa--	0.449986576463	0.260466925298	0.155586220959	0.13396027728
len-	0.294940295207	0.583354721768	0.0575020509822	0.0642029320437
nak-	0.467369701515	0.241528930484	0.0917152329588	0.199386135042
tip-	0.781538461538	0.08	0.0184615384615	0.12
pol-	0.178417729301	0.32161481878	0.0417700369602	0.458197414959
esi-	0.0506084919981	0.862743635339	0.0682447846641	0.0184030879993
pih-	0.19403641431	0.657073833783	0.0992027230776	0.0496870288299
hij-	0.137443643325	0.0590002212943	0.00761975293123	0.79593638245
en--	0.39966502952	0.293363540154	0.106225511486	0.20074591884
sar-	0.0400574561492	0.816221246637	0.132796536446	0.010924760768
lao-	0.0	1.0	0.0	0.0
kio-	0.0	1.0	0.0	0.0
bee-	0.0755506108741	0.918577579991	0.00587180913528	0.0
saf-	0.0465408805031	0.54213836478	0.0867924528302	0.324528301887
kah-	0.0	0.975	0.025	0.0
zad-	0.0	1.0	0.0	0.0
teu-	0.309160305343	0.610687022901	0.0	0.0801526717557
mon-	0.426847662142	0.455505279035	0.0723981900452	0.0452488687783
dam-	0.021251475797	0.978748524203	0.0	0.0
put-	0.0374739764053	0.861207494795	0.0208188757807	0.0804996530186
nap-	0.143590354919	0.257329012375	0.362192051846	0.23688858086
gaz-	0.0	1.0	0.0	0.0
art-	0.0143884892086	0.972661870504	0.00863309352517	0.00431654676259
pij-	0.843373493976	0.102409638554	0.0	0.0542168674699
