kud-	0.09703610269	0.0925688767418	0.0349405313148	0.775454489253
ris-	0.0	0.945945945946	0.0540540540542	0.0
neu-	0.352299194371	0.211470948672	0.166813382732	0.269416474224
fig-	0.0446409033218	0.913781784761	0.0258216989803	0.0157556129371
del-	0.0910250957039	0.83933888315	0.015798748253	0.053837272893
jac-	0.00338271316925	0.923014114079	0.00244955091567	0.0711536218361
kih-	1.0	0.0	0.0	0.0
sto-	0.0372670807453	0.447204968944	0.515527950311	0.0
geu-	0.0	1.0	0.0	0.0
inb-	0.666666666667	0.333333333333	0.0	0.0
pid-	0.18232743043	0.17166606433	0.233104445248	0.412902059993
umt-	0.350175023328	0.411136604244	0.158928094083	0.0797602783446
der-	0.020202020202	0.979797979798	0.0	0.0
hat-	0.0660088011736	0.90098679824	0.0330044005867	0.0
ihl-	0.613636363636	0.198863636364	0.0340909090909	0.153409090909
neg-	0.265703299266	0.140423007601	0.0409603463371	0.552913346796
ayu-	0.25	0.5	0.25	0.0
cai-	0.0	0.988461538462	0.0	0.0115384615385
tib-	0.00976403580146	0.990235964199	0.0	0.0
bay-	0.0543693311809	0.898821670642	0.0214136599543	0.0253953382224
hed-	0.122174391477	0.0295091186394	0.00511800106047	0.843198488823
spe-	0.0	1.0	0.0	0.0
abr-	0.0134225692508	0.963338910578	0.0204498977505	0.00278862242052
bik-	0.0	1.0	0.0	0.0
sug-	0.5	0.0	0.5	0.0
dah-	0.404949381327	0.415073115861	0.0337457817773	0.146231721035
her-	0.0246945924179	0.923781523205	0.0378424009548	0.0136814834221
ate-	0.0559701492537	0.861240671642	0.0349813432836	0.0478078358209
dor-	0.0	1.0	0.0	0.0
pat-	0.139536470255	0.8199745911	0.0124287279137	0.0280602107308
jem-	0.0	1.0	0.0	0.0
oma-	0.0	1.0	0.0	0.0
jam-	0.00101159967629	0.992918802266	0.00606959805773	0.0
kid-	0.0956749672347	0.83879423329	0.0078636959371	0.0576671035387
rek-	0.0	1.0	0.0	0.0
ia--	0.482440158321	0.458189357291	0.0263868819501	0.0329836024376
he--	0.639924168445	0.193526326337	0.0607861162094	0.105763389009
ent-	0.298656800888	0.0771060080962	0.0302498617256	0.59398732929
nge-	0.415579783475	0.255677063806	0.11618396998	0.212559182739
nai-	0.0	0.757575757576	0.0	0.242424242424
che-	0.0	1.0	0.0	0.0
dih-	0.459677419355	0.314516129032	0.145161290323	0.0806451612903
asi-	0.0385035499727	0.956581103222	0.00163844893501	0.00327689787001
tip-	0.0	1.0	0.0	0.0
ebb-	0.535452008678	0.181256292795	0.0785664147242	0.204725283803
blu-	0.0	0.227450980392	0.772549019608	0.0
al--	0.539382482672	0.31884057971	0.0604914933837	0.0812854442343
hid-	0.128048780488	0.817073170732	0.0548780487805	0.0
nog-	0.0	1.0	0.0	0.0
amu-	0.641791407465	0.169226283048	0.0358184292379	0.153163880249
tol-	0.156862745098	0.843137254902	0.0	0.0
hah-	0.139662587884	0.132171594534	0.491786887587	0.236378929994
mus-	0.0113924050633	0.955696202532	0.0303797468354	0.00253164556961
pud-	0.0408163265306	0.918367346939	0.0408163265306	0.0
tuh-	0.642292490119	0.278656126482	0.0	0.0790513833992
hol-	0.0	1.0	0.0	0.0
war-	0.190476190476	0.809523809524	0.0	0.0
hur-	0.0180505415162	0.967509025271	0.014440433213	0.0
im--	0.3	0.7	0.0	0.0
ell-	0.597719614743	0.191414987613	0.0304311818343	0.180434215809
joi-	0.0	1.0	0.0	0.0
uba-	0.347826086957	0.565217391304	0.0869565217391	0.0
dod-	0.0	1.0	0.0	0.0
ias-	0.073754789272	0.861111111111	0.0574712643678	0.00766283524905
aki-	0.00595238095238	0.982142857143	0.0119047619048	0.0
ipp-	0.5184536835	0.220292390896	0.0634170527826	0.197836872821
gub-	0.250256875468	0.531338807172	0.0241972063057	0.194207111054
san-	0.26790314271	0.701184956208	0.015455950541	0.015455950541
ith-	0.0205011389522	0.941913439636	0.0375854214123	0.0
mae-	0.325966850829	0.454389195826	0.13664825046	0.0829957028852
lo--	0.0	1.0	0.0	0.0
arm-	0.0	1.0	0.0	0.0
tel-	0.0555504555959	0.0897946876924	0.0293457711436	0.825309085568
yuh-	0.484472049689	0.180124223603	0.0	0.335403726708
lum-	0.838594422886	0.0768722184364	0.010912946006	0.0736204126714
mes-	0.124319023752	0.798049684027	0.0694595772499	0.00817171497058
sed-	0.0117508813161	0.976498237368	0.00117508813161	0.0105757931845
adi-	0.0	1.0	0.0	0.0
ami-	0.0	0.976744186047	0.0232558139535	0.0
win-	0.0522347694304	0.134481899354	0.086482102058	0.726801229158
gid-	0.0332278481013	0.95253164557	0.00474683544303	0.00949367088607
u-u-	0.196676658408	0.682028647568	0.0371703536044	0.08412434042
wan-	0.0440169829304	0.702365479595	0.238887444762	0.0147300927129
at--	0.527983104541	0.472016895459	0.0	0.0
umi-	0.612675313719	0.267109564484	0.0558894864494	0.0643256353475
ged-	0.125484810808	0.818976747639	0.0204205095849	0.0351179319687
i-e-	0.445412768995	0.381181124611	0.0871492095597	0.0862568968338
157-	0.0	0.7	0.0	0.3
cyp-	0.0383658969805	0.933925399645	0.0063943161634	0.0213143872114
bun-	0.0767010560026	0.778502949105	0.0981251393476	0.0466708555445
ili-	0.339781365698	0.47074835148	0.142178018271	0.0472922645519
iew-	0.267015706806	0.513089005236	0.219895287958	0.0
igg-	0.329155467534	0.444900268779	0.12561889942	0.100325364267
gat-	0.0917531679698	0.421424238339	0.00724588837961	0.479576705311
128-	0.0	0.0	0.0	1.0
sat-	0.0831465687601	0.819664129537	0.0634980674255	0.033691234277
eya-	0.163561807069	0.0788785498028	0.0179473455179	0.73961229761
peg-	0.188536238749	0.720985315017	0.0819516816674	0.00852676456655
the-	0.131042516016	0.802562609202	0.0524170064065	0.0139778683751
saf-	0.0	1.0	0.0	0.0
upi-	0.143312101911	0.824840764331	0.0	0.0318471337579
sun-	0.0959999999999	0.888	0.0	0.016
hag-	0.304851634406	0.533258279774	0.0447667204554	0.117123365365
ahu-	0.0187989556136	0.974934725849	0.00313315926893	0.00313315926893
ban-	0.197347088009	0.70814605795	0.0382977938893	0.0562090601517
asm-	0.08	0.86	0.02	0.04
ise-	0.0932642487046	0.906735751295	0.0	0.0
bi--	0.808306709265	0.153354632588	0.0	0.0383386581469
ale-	0.696267099467	0.248265529972	0.0187269257522	0.0367404448091
sid-	0.00617788168135	0.990733177478	0.00308894084068	0.0
luc-	0.0133630289532	0.982182628062	0.0044543429844	0.0
mea-	0.376200308779	0.362821226423	0.175764368063	0.0852140967351
dec-	0.00947867298577	0.800947867299	0.0	0.189573459716
net-	0.350768946936	0.274502908667	0.277708645469	0.0970194989278
be--	0.4813445132	0.35179964117	0.050364322068	0.116491523562
adu-	0.269230769231	0.730769230769	0.0	0.0
imu-	0.107142857143	0.657142857143	0.0428571428571	0.192857142857
jab-	0.0225806451613	0.977419354839	0.0	0.0
peu-	0.58981113542	0.304817609501	0.0267893021387	0.0785819529401
isu-	0.156421514819	0.7365532382	0.0164654226125	0.0905598243688
ekk-	0.145068173581	0.283903591065	0.397944030543	0.173084204811
yim-	0.749241729562	0.172532975947	0.0224306976088	0.0557945968823
ina-	0.662831887628	0.143473655083	0.0206551904289	0.17303926686
cre-	0.0383782719937	0.955717378469	0.00590434953749	0.0
icy-	0.0	1.0	0.0	0.0
umu-	0.192719486081	0.749464668094	0.0449678800856	0.0128479657387
pae-	0.722949080622	0.120933521924	0.0420792079208	0.114038189533
tia-	0.0268456375839	0.93288590604	0.0201342281879	0.0201342281879
idb-	0.0	1.0	0.0	0.0
ino-	0.545454545455	0.454545454545	0.0	0.0
ang-	0.352047231474	0.487008546768	0.0671289252305	0.0938152965272
dug-	0.0783783783783	0.897297297297	0.0189189189189	0.00540540540539
day-	0.384499742187	0.485743271748	0.0564978939685	0.0732590920962
ma--	0.164242240436	0.058708401497	0.0136888745465	0.76336048352
sod-	0.0152532031727	0.981086028066	0.0	0.00366076876144
cum-	0.0	1.0	0.0	0.0
lig-	0.1891758903	0.563371848304	0.0541264769177	0.193325784478
isy-	0.042281545349	0.844138617145	0.113579837506	0.0
diy-	0.422018348624	0.321100917431	0.0137614678899	0.243119266055
daw-	0.655733029093	0.195379349686	0.0444951511695	0.104392470051
koh-	0.0	0.949733434882	0.025133282559	0.025133282559
yen-	0.2	0.4	0.2	0.2
kuw-	0.0469845660133	0.800138294194	0.103853620914	0.049023518878
pa--	0.479772964579	0.40178308479	0.0502262322294	0.068217718401
aam-	0.0611726880447	0.878162281073	0.0158219815551	0.0448430493274
jal-	0.0	1.0	0.0	0.0
lai-	0.0425111220959	0.859614434009	0.0177953534355	0.0800790904598
ijo-	0.189591078067	0.765799256506	0.0	0.0446096654275
kiw-	0.2	0.8	0.0	0.0
too-	0.00263258926123	0.981407338343	0.0111885043602	0.00477156803598
245-	0.0	0.682926829269	0.0	0.317073170731
dig-	0.0353697749196	0.894962486602	0.069667738478	0.0
nah-	0.128843484845	0.6905066788	0.039831335772	0.140818500583
ity-	0.291666666667	0.708333333333	0.0	0.0
esh-	0.0	1.0	0.0	0.0
hik-	0.567164179105	0.312075983718	0.0203527815468	0.100407055631
tre-	0.0	0.854948805461	0.145051194539	0.0
ehp-	0.0	0.351351351351	0.567567567568	0.081081081081
puu-	0.372208436725	0.449131513648	0.0744416873449	0.104218362283
beb-	0.0599368705707	0.778356677728	0.0159665100459	0.145739941655
ira-	0.0	1.0	0.0	0.0
ily-	0.0	1.0	0.0	0.0
iyu-	0.468468468469	0.477477477477	0.018018018018	0.036036036036
iro-	0.384401114206	0.437325905292	0.0779944289694	0.100278551532
idl-	0.48833592535	0.195956454121	0.0505443234837	0.265163297045
eba-	0.0188679245283	0.981132075472	0.0	0.0
hay-	0.154639175258	0.727540500736	0.0147275405008	0.103092783505
agr-	0.00327689787002	0.959038776625	0.0180229382851	0.0196613872201
gik-	0.744680851064	0.0343698854337	0.0490998363339	0.171849427169
hoo-	0.0	1.0	0.0	0.0
mup-	0.0	1.0	0.0	0.0
ser-	0.0112008813808	0.986595666544	0.0	0.00220345207491
leg-	0.200470630826	0.705101517483	0.0721030560835	0.0223247956074
e-k-	0.506700554105	0.150281022004	0.0326509842152	0.310367439675
hiy-	0.159892659473	0.258288142226	0.182814334433	0.399004863868
kew-	0.0857281208	0.652344058819	0.0924974306269	0.169430389754
old-	0.222447428427	0.711679756777	0.0415505447175	0.0243222700785
cym-	0.0337078651687	0.966292134831	0.0	0.0
pri-	0.00649350649352	0.993506493506	0.0	0.0
jep-	0.0340136054422	0.965986394558	0.0	0.0
kea-	0.338205819616	0.221185656216	0.0442065440496	0.396401980118
mu--	0.0989010989011	0.901098901099	0.0	0.0
sek-	0.071974522293	0.914649681529	0.00254777070064	0.0108280254777
ull-	0.691409507923	0.173477898248	0.0150125104254	0.120100083403
yan-	0.165592273807	0.0889307130625	0.00743772636559	0.738039286765
itk-	0.530330882353	0.334558823529	0.046875	0.0882352941176
min-	0.0736742461567	0.0654368284562	0.0114190251501	0.849469900237
est-	0.0155172413793	0.968965517241	0.0051724137931	0.0103448275862
aap-	0.0811379890364	0.832097002553	0.0546970485376	0.0320679598727
goy-	0.0	0.853658536585	0.0	0.146341463415
lul-	0.055030094583	0.923473774721	0.0214961306964	0.0
arb-	0.0	0.918478260869	0.0407608695654	0.0407608695652
ibl-	0.529411764706	0.361702127659	0.063829787234	0.0450563204005
kay-	0.164557801576	0.154960948477	0.230014495127	0.45046675482
amn-	0.481966832889	0.223820016236	0.0616954656152	0.23251768526
giw-	0.0	0.875	0.125	0.0
550-	0.0	0.5	0.25	0.25
iat-	0.766233766234	0.233766233766	0.0	0.0
kak-	0.246231732103	0.388928950324	0.193809778761	0.171029538812
ek--	0.118902439024	0.224085365854	0.579268292683	0.077743902439
aan-	0.135384615385	0.541948717949	0.322666666667	0.0
gog-	0.13842220599	0.77319211103	0.0438276113951	0.0445580715852
sos-	0.0145454545454	0.970909090909	0.0145454545454	0.0
iet-	0.0393013100437	0.7903930131	0.165938864629	0.00436681222707
ipe-	0.604415356962	0.290132276352	0.0471954648108	0.0582569018758
myr-	0.0294117647059	0.911764705882	0.0588235294117	0.0
mep-	0.383543385342	0.420318301607	0.107675721361	0.0884625916903
nuw-	0.163742690058	0.748538011696	0.0175438596491	0.0701754385965
sau-	0.0240284781964	0.930633837635	0.00207653515277	0.0432611490161
anh-	0.317651559633	0.208744838222	0.0257493282918	0.447854273853
uph-	0.0	1.0	0.0	0.0
apu-	0.0940982548837	0.615157946889	0.0123121836574	0.27843161457
dup-	0.0326086956522	0.967391304348	0.0	0.0
bai-	0.176141757199	0.436135428752	0.30534753718	0.0823752768696
arp-	0.0	1.0	0.0	0.0
138-	0.0	1.0	0.0	0.0
men-	0.470967326947	0.336160391671	0.067332066882	0.1255402145
ald-	0.109243697479	0.890756302521	0.0	0.0
bus-	0.0540540540539	0.945945945946	0.0	0.0
lub-	0.0	0.888779913692	0.111220086308	0.0
lup-	0.0792280920178	0.842392688379	0.0537619195835	0.0246173000198
deb-	0.00518134715025	0.99481865285	0.0	0.0
new-	0.123591126103	0.339608853832	0.41683415774	0.119965862325
bos-	0.0	0.931034482759	0.0689655172413	0.0
rim-	0.0866425992781	0.913357400722	0.0	0.0
jub-	0.0	1.0	0.0	0.0
iab-	0.0	1.0	0.0	0.0
iut-	1.0	0.0	0.0	0.0
pit-	0.011239879742	0.0316238569878	0.0617507266626	0.895385536608
da--	0.146500355925	0.089695270412	0.0102296058941	0.753574767769
gew-	0.0	1.0	0.0	0.0
052-	0.0	0.25	0.0	0.75
umd-	0.521477061707	0.221133063411	0.0576882096867	0.199701665195
utb-	0.515087545014	0.434248106296	0.0506643486899	0.0
bes-	0.261479591837	0.681760204082	0.0357142857143	0.0210459183674
hor-	0.015503875969	0.976744186047	0.0	0.00775193798449
pad-	0.0436223343972	0.883797716111	0.0558330185227	0.0167469309687
ebr-	0.0	1.0	0.0	0.0
cle-	0.0343511450382	0.919847328244	0.0229007633588	0.0229007633588
fai-	0.0	1.0	0.0	0.0
inn-	0.3240101824	0.199710876752	0.04058164913	0.435697291718
pet-	0.197353316049	0.472664437477	0.0998469823352	0.230135264138
sai-	0.0	1.0	0.0	0.0
lot-	0.0	0.988223748773	0.00588812561335	0.00588812561335
atu-	0.0889513108614	0.854868913858	0.0561797752809	0.0
awa-	0.754462938261	0.131445464729	0.0134621353404	0.100629461669
ere-	0.0	1.0	0.0	0.0
nay-	0.0	0.939393939394	0.0606060606061	0.0
sua-	0.0307692307692	0.938461538462	0.0307692307692	0.0
fes-	0.039522437217	0.943186496501	0.0	0.0172910662824
guw-	0.162914449448	0.757265656979	0.0368399508801	0.0429799426934
lep-	0.26593738212	0.609581290079	0.0905318747642	0.0339494530366
osn-	0.0	1.0	0.0	0.0
ony-	0.0	0.851590106007	0.148409893993	0.0
dav-	0.00185003179742	0.991250891291	0.00254379372146	0.00435528318977
hep-	0.329397672827	0.556411133927	0.0782569016655	0.0359342915811
dot-	0.0	1.0	0.0	0.0
spi-	0.210526315789	0.59649122807	0.175438596491	0.0175438596491
tan-	0.299133727293	0.608880148054	0.0298990669556	0.0620870576974
dep-	0.284748728744	0.60464246313	0.0366159854931	0.0739928226328
gug-	0.205689422158	0.742888222303	0.0514223555394	0.0
ihn-	0.294117647059	0.235294117647	0.0	0.470588235294
nea-	0.31639509044	0.371859339473	0.110289946038	0.201455624049
rem-	0.0	1.0	0.0	0.0
ohe-	0.0	1.0	0.0	0.0
lah-	0.166666666667	0.833333333333	0.0	0.0
ngu-	0.293750120796	0.309707121576	0.0713610300844	0.325181727543
sur-	0.0	1.0	0.0	0.0
dia-	0.0461538461538	0.953846153846	0.0	0.0
nak-	0.14789121846	0.0675409073674	0.0319127886148	0.752655085558
niy-	0.0186164103743	0.017083270391	0.00404446971005	0.960255849525
ga--	0.738938053097	0.110619469026	0.106194690266	0.0442477876106
esi-	0.0	1.0	0.0	0.0
pih-	0.230433146242	0.655184827609	0.0483000878183	0.0660819383308
aya-	0.644384667115	0.202017484869	0.0408876933423	0.112710154674
kek-	0.225681627407	0.422603749776	0.256869315403	0.0948453074147
bee-	0.016620498615	0.93351800554	0.0498614958449	0.0
iuh-	0.457142857143	0.485714285714	0.0	0.0571428571428
ask-	0.0	1.0	0.0	0.0
tin-	0.471117424242	0.372159090909	0.0994318181818	0.0572916666667
pe--	0.533495736906	0.2856272838	0.126065773447	0.0548112058465
han-	0.260763694267	0.261836863854	0.0720373955824	0.405362046297
rai-	0.0361445783133	0.855421686747	0.10843373494	0.0
pub-	0.056338028169	0.915492957747	0.0	0.0281690140845
amy-	0.2	0.3	0.0999999999999	0.4
top-	0.0	0.911330049261	0.0886699507389	0.0
tun-	0.136340406627	0.0152236361009	0.00288236689884	0.845553590373
273-	0.2	0.2	0.0	0.6
du--	0.714285714286	0.0	0.0	0.285714285714
gip-	0.142857142857	0.857142857143	0.0	0.0
dad-	0.190471460504	0.0831754318419	0.0325744253747	0.693778682279
e-h-	0.593336389195	0.146566727603	0.0296551404284	0.230441742773
akk-	0.06	0.666666666667	0.0733333333333	0.2
720-	0.0	0.0	0.0	1.0
jea-	0.0	0.832535885167	0.167464114833	0.0
rom-	0.136534072383	0.575827355722	0.218963971307	0.0686746005869
kep-	0.232270223581	0.510276900028	0.201589443722	0.0558634326682
ge--	0.6	0.4	0.0	0.0
keb-	0.0914575599804	0.605117554313	0.065985386323	0.237439499384
can-	0.0	0.957081545064	0.0429184549356	0.0
jes-	0.0112111188208	0.643477648968	0.00300797911	0.342303253101
uda-	0.0787671232877	0.894863013699	0.0123287671233	0.0140410958904
con-	0.0	1.0	0.0	0.0
ieg-	0.0250176180408	0.755109231854	0.209302325581	0.0105708245243
mak-	0.320548329838	0.281730429622	0.173157389427	0.224563851113
enh-	0.0	0.5	0.5	0.0
hup-	0.0	1.0	0.0	0.0
nik-	0.00663716814161	0.973451327434	0.0199115044248	0.0
miy-	0.212962962963	0.493827160494	0.123456790123	0.16975308642
teb-	0.187059060673	0.763354162467	0.0120943358194	0.0374924410401
yun-	0.0655915532865	0.0557700447842	0.0149610610542	0.863677340875
pli-	0.5	0.5	0.0	0.0
jas-	0.0354978354978	0.943722943723	0.0207792207792	0.0
ega-	0.616326530612	0.157142857143	0.0857142857142	0.140816326531
i-u-	0.294913512588	0.486042130502	0.165610549752	0.0534338071588
wih-	0.25	0.75	0.0	0.0
cap-	0.0599490253796	0.91312775963	0.00933338119684	0.017589833794
ara-	0.0524203986539	0.920269220813	0.0116489774786	0.0156614030546
gad-	0.104145601618	0.829625884732	0.0601617795753	0.00606673407482
amo-	0.0166074641325	0.983392535868	0.0	0.0
aey-	0.246492985972	0.238476953908	0.196392785571	0.318637274549
zea-	0.0283400809717	0.777327935223	0.0	0.194331983806
hun-	0.330943188086	0.611141753999	0.0496414782129	0.00827357970218
uhy-	0.333333333333	0.333333333333	0.333333333333	0.0
400-	0.105263157895	0.231578947368	0.0631578947369	0.6
put-	0.384095243755	0.51965393866	0.0197495781364	0.0765012394477
wah-	0.134969325153	0.782208588957	0.0460122699387	0.0368098159509
kal-	0.109007373148	0.808216749353	0.0401121533267	0.0426637241716
pip-	0.245258285862	0.540636328327	0.200511393061	0.0135939927499
i-k-	0.535135135135	0.464864864865	0.0	0.0
jus-	0.0113895216401	0.98861047836	0.0	0.0
alu-	0.145833333333	0.614583333333	0.09375	0.145833333333
eas-	0.0	1.0	0.0	0.0
ipd-	0.0	1.0	0.0	0.0
eze-	0.156862745098	0.725490196078	0.0	0.117647058824
jos-	0.0354863979967	0.933245398485	0.00301299605632	0.0282552074616
ewe-	0.230188679245	0.724528301887	0.045283018868	0.0
cyr-	0.0118890356671	0.980184940555	0.0	0.00792602377808
sav-	0.0	1.0	0.0	0.0
iga-	0.297805022741	0.585525014831	0.0707929602531	0.0458770021752
kel-	0.152624754579	0.301091520321	0.0230972086486	0.523186516452
pee-	0.61716959198	0.188835923821	0.0394225976382	0.15457188656
ile-	0.601860574659	0.28214790391	0.0259067357513	0.0900847856806
akr-	0.0	1.0	0.0	0.0
bol-	0.0	1.0	0.0	0.0
igs-	0.133333333333	0.866666666667	0.0	0.0
bah-	0.425327144615	0.239385974723	0.167654624762	0.1676322559
ore-	0.0	1.0	0.0	0.0
139-	0.0	0.25	0.0	0.75
sep-	0.0160642570281	0.95983935743	0.0240963855422	0.0
meo-	0.0	1.0	0.0	0.0
opi-	0.0290811591213	0.946787666289	0.0129937093946	0.0111374651954
rib-	0.0283018867924	0.971698113208	0.0	0.0
alg-	0.0	1.0	0.0	0.0
bor-	0.173410404624	0.566473988439	0.260115606936	0.0
kug-	0.486887115165	0.290954009882	0.123717217788	0.0984416571646
omr-	0.0	1.0	0.0	0.0
iki-	0.293257514216	0.658001624695	0.0365556458164	0.0121852152721
kut-	0.377358490566	0.396226415094	0.0	0.22641509434
okr-	0.0	1.0	0.0	0.0
sot-	0.0	1.0	0.0	0.0
ume-	0.564754853652	0.259464128685	0.0672012386111	0.108579779052
iuu-	0.555555555556	0.444444444444	0.0	0.0
642-	0.0	1.0	0.0	0.0
pak-	0.370633859894	0.313190631914	0.162037529199	0.154137978993
eth-	0.0	0.976157082749	0.023842917251	0.0
ums-	0.4	0.6	0.0	0.0
cry-	0.0122199592668	0.871690427699	0.116089613035	0.0
ber-	0.00373366521468	0.968263845675	0.0130678282514	0.0149346608587
si--	1.0	0.0	0.0	0.0
piy-	0.0349472825986	0.911038227065	0.0227917060426	0.0312227842941
emi-	0.0641894147434	0.167861448607	0.0374399841761	0.730509152473
iis-	0.0728155339806	0.90857605178	0.00323624595471	0.0153721682848
lay-	0.0719579249343	0.859191967487	0.0652641644753	0.00358594310303
pes-	0.584918363215	0.302536555269	0.0460349234529	0.0665101580632
epp-	0.333333333333	0.566666666667	0.0	0.1
ane-	0.25904860393	0.496380558428	0.0201654601861	0.224405377456
ahi-	0.0797654212269	0.856544643972	0.0459416185686	0.0177483162321
bid-	0.779620526485	0.144576652731	0.0372122938393	0.0385905269444
sup-	0.0	1.0	0.0	0.0
cor-	0.0334171757097	0.926697808121	0.0366510959396	0.00323392022997
liw-	0.169041914745	0.691640159161	0.0661447616441	0.0731731644504
att-	0.209879682105	0.171660091694	0.0218163327237	0.596643893477
ahb-	0.0	1.0	0.0	0.0
duk-	0.141868268058	0.450260461273	0.221669168841	0.186202101827
bat-	0.069659205732	0.878349000276	0.0134113108178	0.0385804831746
uss-	0.222050195567	0.642275097784	0.0525586701434	0.0831160365059
loi-	0.0	1.0	0.0	0.0
kou-	0.0428571428571	0.828571428571	0.0	0.128571428571
lew-	0.28203125	0.6359375	0.08203125	0.0
pay-	0.195584016902	0.290595779872	0.0622067082778	0.451613494947
neb-	0.185826766116	0.47666975145	0.234486358261	0.103017124172
abe-	0.0272885140163	0.954849913173	0.00893078640536	0.00893078640536
ku--	0.467862826322	0.343359370255	0.116327943731	0.0724498596922
dau-	0.0278481012658	0.126582278481	0.0126582278481	0.832911392405
iha-	0.604005815132	0.272863781566	0.0514686964223	0.07166170688
tam-	0.336690969237	0.235967157409	0.0329978657003	0.394344007654
imi-	0.0632447296058	0.917506874427	0.0082493125573	0.0109990834097
dew-	0.0970270897868	0.0776938927337	0.0319100440662	0.793368973413
jan-	0.0	1.0	0.0	0.0
lag-	0.054054054054	0.13963963964	0.761261261261	0.045045045045
kig-	0.166666666667	0.666666666667	0.0	0.166666666667
ann-	0.0918860837413	0.616530838711	0.0479550431939	0.243628034354
toa-	0.0	1.0	0.0	0.0
edo-	0.0491803278688	0.946543121882	0.0	0.00427655024947
nod-	0.0	1.0	0.0	0.0
fel-	0.0615384615385	0.935897435897	0.0	0.0025641025641
bed-	0.389492753623	0.561594202898	0.0380434782609	0.0108695652174
pus-	0.65625	0.25	0.0	0.0937499999998
tim-	0.0844229675953	0.875497441728	0.011654349062	0.0284252416146
tri-	0.0	1.0	0.0	0.0
pua-	0.0	1.0	0.0	0.0
shi-	0.0	1.0	0.0	0.0
rah-	0.0203221436098	0.783983140148	0.00903206382659	0.186662652416
irs-	0.0	0.0	1.0	0.0
mol-	0.0139211136891	0.937354988399	0.00696055684455	0.0417633410672
ham-	0.121233608306	0.335137582658	0.0477553816188	0.495873427418
iya-	0.484357205065	0.360554699538	0.0720171501307	0.0830709452669
tes-	0.333333333333	0.666666666667	0.0	0.0
oba-	0.0645161290323	0.935483870968	0.0	0.0
whe-	0.0280373831776	0.920560747664	0.0420560747664	0.00934579439252
jon-	0.0119499480347	0.971917622118	0.00537747661562	0.0107549532313
jer-	0.0165139027195	0.967972961899	0.00192455257256	0.0135885828092
mun-	0.135839157013	0.076063403455	0.0221096617966	0.765987777735
e-g-	0.535162950257	0.365351629503	0.0	0.0994854202401
uln-	0.0	0.878787878788	0.0606060606061	0.0606060606061
dok-	0.0164383561644	0.880821917808	0.102739726027	0.0
ied-	0.019693654267	0.973741794311	0.0	0.00656455142233
ipu-	0.311320754717	0.528301886792	0.0471698113208	0.11320754717
unn-	0.523363158143	0.308758872007	0.0753298582659	0.0925481115838
mah-	0.287949271975	0.202021918176	0.0593571697787	0.45067164007
eda-	0.184657127029	0.36393171679	0.251893759035	0.199517397146
tum-	0.421099448293	0.345883631387	0.0593775898889	0.173639330432
eno-	0.00754716981133	0.98679245283	0.0056603773585	0.0
ite-	0.376975741696	0.338390668582	0.178133716508	0.106499873214
tea-	0.111842105263	0.388157894737	0.210526315789	0.289473684211
yal-	0.176385814867	0.154781868069	0.0358960605694	0.632936256495
seg-	0.0	1.0	0.0	0.0
ibb-	0.54252674319	0.257792616082	0.0576177891103	0.142062851618
mil-	0.0796848419734	0.754678126959	0.075208165458	0.0904288656102
ast-	0.0	1.0	0.0	0.0
asp-	0.024347826087	0.975652173913	0.0	0.0
gig-	0.444444444445	0.333333333333	0.111111111111	0.111111111111
hum-	0.168136319816	0.0419737365187	0.010259079294	0.779630864371
aml-	0.287161671448	0.494700039132	0.110158528896	0.107979760523
170-	0.0	1.0	0.0	0.0
gaw-	0.159086316883	0.61235819919	0.0486284169305	0.179927066996
jid-	0.714285714286	0.285714285714	0.0	0.0
kam-	0.300164219376	0.42968155323	0.0965263728816	0.173627854513
i-h-	0.307086614173	0.377952755906	0.102362204724	0.212598425197
iar-	0.0649038461539	0.834134615385	0.0865384615384	0.0144230769231
alt-	0.0119993766558	0.964625214275	0.0182328190743	0.00514258999533
kem-	0.313299944352	0.559821925431	0.0868113522537	0.0400667779633
435-	0.0	0.0	0.0	1.0
por-	0.107004765758	0.573239816563	0.25681143782	0.0629439798579
ild-	1.0	0.0	0.0	0.0
sig-	0.374028349337	0.344307270233	0.100594421582	0.181069958848
buu-	0.25	0.552083333333	0.197916666667	0.0
ezr-	0.0441176470588	0.926470588235	0.0	0.0294117647059
bak-	0.0341419364416	0.936416828511	0.0181842922352	0.0112569428123
ap--	0.0859598633502	0.793099523325	0.0456755505446	0.0752650627798
ped-	0.54767244471	0.298735206216	0.0340848774656	0.119507471608
say-	0.0	0.962962962963	0.0	0.037037037037
epa-	0.0501349240165	0.150925531411	0.0287364484211	0.770203096151
oak-	0.0	0.942992874109	0.0570071258909	0.0
kib-	0.0	0.900826446281	0.0991735537189	0.0
geg-	0.436183927804	0.429737859905	0.0928233777395	0.0412548345509
eke-	0.132564841499	0.149855907781	0.440922190202	0.276657060519
oph-	0.0	1.0	0.0	0.0
650-	0.0	0.0	0.0	1.0
mel-	0.29723618529	0.475146599407	0.0840571200221	0.143560095282
add-	0.439666765063	0.42405457706	0.0639574928663	0.0723211650104
le--	0.571428571429	0.428571428571	0.0	0.0
ie--	0.666666666667	0.0	0.222222222222	0.111111111111
siy-	0.0294912754977	0.926271811256	0.0442369132465	0.0
jud-	0.0194059796731	0.959584580469	0.00148011709371	0.0195293227642
uhd-	0.514285714286	0.4	0.0	0.0857142857142
sou-	0.0268232900153	0.45890949452	0.328354067428	0.185913148037
la--	0.343886030867	0.541353383459	0.0356153541749	0.0791452314998
gey-	0.0663615560641	0.91647597254	0.0171624713959	0.0
umb-	0.398433304687	0.259878587988	0.201249547104	0.140438560222
tik-	0.0	1.0	0.0	0.0
utd-	0.0259661835749	0.589371980676	0.203502415459	0.18115942029
etk-	0.0	0.571428571429	0.428571428571	0.0
ian-	0.67458432304	0.175771971496	0.0356294536817	0.114014251781
inl-	0.670384492958	0.173506453741	0.079629550083	0.0764795032178
ump-	0.436020423952	0.402289958224	0.0803032647378	0.0813863530868
sak-	0.284815813118	0.672656483977	0.0299490865528	0.0125786163522
iny-	0.723704866562	0.224489795918	0.0282574568289	0.0235478806907
dud-	0.0263432991846	0.936023416266	0.0351243989128	0.00250888563662
per-	0.00707797569894	0.992922024301	0.0	0.0
sok-	0.0	1.0	0.0	0.0
675-	0.0909090909091	0.363636363636	0.0	0.545454545455
bae-	0.0	1.0	0.0	0.0
lid-	0.0241935483871	0.975806451613	0.0	0.0
guy-	0.694029850747	0.20895522388	0.0	0.097014925373
ahw-	0.0716945702725	0.804198281964	0.0325327226096	0.0915744251543
ata-	0.0624999999999	0.8125	0.125	0.0
baw-	0.190305206463	0.453770197487	0.0428635547576	0.313061041293
dat-	0.364637789395	0.561846527259	0.0382281553398	0.035287528006
lev-	0.0288329457206	0.960422701865	0.00625620520353	0.00448814721123
um--	0.56910922186	0.220211406533	0.0843069176268	0.126372453979
abd-	0.0	1.0	0.0	0.0
ome-	0.0	0.571428571429	0.428571428571	0.0
imn-	0.0	1.0	0.0	0.0
jai-	0.0757674722403	0.863487916395	0.0215545395167	0.0391900718485
tal-	0.155327303302	0.771848619779	0.0451693641651	0.0276547127542
450-	0.0	0.5	0.0	0.5
nem-	0.130596690693	0.117034321608	0.0570284719435	0.695340515755
esk-	0.0	1.0	0.0	0.0
nga-	0.154387550115	0.722167762027	0.012573201606	0.110871486252
beg-	0.0610201617432	0.86019880939	0.043985173537	0.0347958553297
iun-	0.743856726364	0.149937526031	0.0249895876718	0.0812161599333
pin-	0.439489952462	0.166191489479	0.0423498227012	0.351968735358
til-	0.0	1.0	0.0	0.0
idi-	0.389020776655	0.395345613336	0.109514980332	0.106118629676
an--	0.359612362493	0.378994237821	0.203247773704	0.0581456259822
hih-	0.333333333333	0.444444444445	0.222222222222	0.0
pur-	0.0	0.245669291339	0.754330708661	0.0
rak-	0.0	1.0	0.0	0.0
ard-	0.0	1.0	0.0	0.0
722-	0.0	1.0	0.0	0.0
li--	0.263988522238	0.572453371592	0.0258249641321	0.137733142037
hal-	0.222028433847	0.637182012902	0.0996187178353	0.0411708354153
ter-	0.0294659300184	0.959484346225	0.0110497237569	0.0
for-	0.0	1.0	0.0	0.0
dab-	0.0	1.0	0.0	0.0
did-	0.627628149435	0.195482189401	0.0496959165943	0.12719374457
nam-	0.359235205419	0.393004246392	0.0826699179049	0.165090630284
sho-	0.0	1.0	0.0	0.0
roc-	0.0	1.0	0.0	0.0
ker-	0.0280143433438	0.841999103541	0.0246526221425	0.105333930973
oli-	0.0241406538226	0.811794381259	0.135084828665	0.0289801362534
led-	0.479591836735	0.45918367347	0.0612244897959	0.0
ibs-	0.353658536585	0.512195121951	0.0365853658537	0.0975609756097
kon-	0.110817941952	0.810026385224	0.0751978891822	0.00395778364116
yul-	0.221211654633	0.124436494532	0.0344384747954	0.619913376039
e-d-	0.667695019833	0.163067430586	0.0846187747907	0.0846187747907
col-	0.150837988827	0.849162011173	0.0	0.0
ipt-	0.25	0.75	0.0	0.0
ab--	0.165887850467	0.707943925234	0.11214953271	0.0140186915888
nim-	0.366812227074	0.606986899563	0.0	0.0262008733625
tul-	0.199356844983	0.299497695462	0.0542958233094	0.446849636245
enn-	0.446069562235	0.350223083094	0.10466908985	0.0990382648221
itd-	0.0	1.0	0.0	0.0
mai-	0.441958009396	0.342199564442	0.112049578888	0.103792847274
ese-	0.0	1.0	0.0	0.0
ape-	0.0	1.0	0.0	0.0
ba--	0.204807666327	0.373418234547	0.0616044167846	0.360169682341
hul-	0.348097348419	0.5391547622	0.0279765294249	0.0847713599564
148-	0.0	1.0	0.0	0.0
arg-	0.0	1.0	0.0	0.0
iba-	0.264655006727	0.595041322314	0.034595425716	0.105708245243
ple-	0.375	0.625	0.0	0.0
mim-	0.0	1.0	0.0	0.0
pun-	0.265306122449	0.734693877551	0.0	0.0
tur-	0.0	0.815789473684	0.184210526316	0.0
inm-	0.528428093646	0.334448160535	0.123745819398	0.0133779264214
amm-	0.0827956588222	0.883878289316	0.014065671769	0.0192603800928
kan-	0.607524656312	0.0656165999898	0.0114634062046	0.315395337493
agi-	0.0471567545214	0.773520848688	0.0247122737626	0.154610123028
yea-	0.013611615245	0.952359346642	0.0340290381125	0.0
gap-	0.159192654234	0.20244706256	0.0332138190676	0.605146464139
gir-	0.148514851485	0.851485148515	0.0	0.0
uka-	0.323885901759	0.399070445639	0.14034448191	0.136699170692
100-	0.222222222222	0.666666666667	0.0	0.111111111111
ken-	0.306620410272	0.48493551065	0.0285330102904	0.179911068787
bub-	0.0949405258363	0.7164359129	0.126647248277	0.0619763129868
ilu-	0.48447204969	0.51552795031	0.0	0.0
iek-	0.133333333333	0.8	0.0666666666666	0.0
iey-	0.8	0.2	0.0	0.0
sih-	0.0633484162896	0.93665158371	0.0	0.0
mem-	0.497418481232	0.299665113513	0.0740900851526	0.128826320102
ala-	0.596756453035	0.317677682884	0.0343090179648	0.0512568461161
but-	0.295034052271	0.565139382671	0.131436971154	0.00838959390346
qua-	0.333333333333	0.666666666667	0.0	0.0
upe-	0.333333333333	0.571428571429	0.095238095238	0.0
pom-	0.0	1.0	0.0	0.0
tha-	0.0114635078334	0.954145968666	0.0114635078334	0.0229270156668
anu-	0.460796139928	0.329312424608	0.065138721351	0.144752714113
geh-	0.0449438202247	0.910112359551	0.0	0.0449438202247
i-i-	0.257931752894	0.419653555988	0.147818668098	0.17459602302
gob-	0.0733176758909	0.849177984275	0.0376799754927	0.0398243643419
lug-	0.193298969072	0.756443298969	0.0309278350516	0.0193298969072
aru-	0.0	0.888888888889	0.0	0.111111111111
ney-	0.157688540646	0.611165523996	0.0822722820763	0.148873653281
cri-	0.0	0.939393939394	0.0606060606061	0.0
wed-	0.745142857143	0.166857142857	0.0571428571428	0.0308571428571
rin-	0.0	1.0	0.0	0.0
aah-	0.0536432722397	0.798837729102	0.0268216361197	0.120697362539
deg-	0.49267543115	0.268167166571	0.133394918732	0.105762483548
nep-	0.299277923823	0.308119735824	0.179908839038	0.212693501314
bit-	0.0476226020751	0.911323430619	0.0349331939986	0.00612077330746
uri-	0.021021021021	0.966966966967	0.012012012012	0.0
utu-	0.0485408841375	0.897524800154	0.0539343157084	0.0
ikk-	0.419920261445	0.341018906111	0.106601932084	0.13245890036
pai-	0.527302216616	0.3591638133	0.103516266842	0.0100177032428
abu-	0.423090670797	0.362444894555	0.0629095674967	0.151554867151
ink-	0.0877192982456	0.859649122807	0.0	0.0526315789474
ico-	0.0214285714286	0.978571428571	0.0	0.0
bet-	0.0363082546451	0.906792567773	0.0082851050868	0.0486140724947
law-	0.287942855548	0.183441654314	0.197250140551	0.331365349587
epr-	0.00276880479927	0.990309183203	0.0	0.00692201199817
sal-	0.0564735411002	0.92721188036	0.00878477306003	0.00752980548001
580-	0.0	1.0	0.0	0.0
bop-	0.0	1.0	0.0	0.0
hob-	0.0588235294117	0.823529411765	0.117647058823	0.0
phi-	0.00471698113207	0.990891346779	0.0	0.00439167208848
isk-	0.0272334772501	0.962803055463	0.00265692460976	0.00730654267686
soh-	0.0	1.0	0.0	0.0
bad-	0.411691714175	0.305536442415	0.0461285343753	0.236643309035
eme-	0.0227985180963	0.72071815332	0.256483328584	0.0
lic-	0.0869565217391	0.878260869565	0.0347826086956	0.0
jok-	0.0188976377953	0.981102362205	0.0	0.0
sul-	0.0428921568627	0.920343137255	0.0367647058823	0.0
das-	0.278650481971	0.620409377603	0.00809234797096	0.0928477924551
naz-	0.00265095729013	0.99204712813	0.00530191458027	0.0
dru-	0.0	0.967741935484	0.0322580645161	0.0
deu-	0.0	1.0	0.0	0.0
kus-	0.0371024734982	0.936395759717	0.0265017667844	0.0
imo-	0.0	0.975144987573	0.0149130074565	0.00994200497099
jah-	0.0	0.989847715736	0.0101522842639	0.0
lae-	0.0	1.0	0.0	0.0
tak-	0.262610330057	0.382707047428	0.306127479917	0.0485551425967
365-	0.25	0.25	0.0	0.5
tay-	0.157082664956	0.0758159487914	0.0230244275654	0.744076958687
nel-	0.197021333401	0.334327540542	0.202692351828	0.265958774228
ihu-	0.360120813333	0.555336821099	0.0293673480395	0.0551750175288
nob-	0.0124223602484	0.950310559006	0.0	0.0372670807453
kik-	0.785714285714	0.214285714286	0.0	0.0
rep-	0.00867302688638	0.987857762359	0.00346921075456	0.0
ani-	0.102263765773	0.151450274066	0.0185018898702	0.727784070291
ija-	0.0675675675675	0.905405405405	0.027027027027	0.0
leu-	0.0	1.0	0.0	0.0
try-	0.0204081632653	0.979591836735	0.0	0.0
asn-	0.0	1.0	0.0	0.0
muk-	0.193985544239	0.102977528177	0.0341599109071	0.668877016677
pim-	0.300495438342	0.608573500091	0.0573983445109	0.0335327170564
tro-	0.0	1.0	0.0	0.0
beh-	0.824618736383	0.0980392156863	0.041394335512	0.0359477124183
ela-	0.21765562332	0.332643604703	0.0734242477122	0.376276524264
aen-	0.0	1.0	0.0	0.0
itu-	0.582743842968	0.262260550782	0.0363494543804	0.11864615187
gul-	0.134382743147	0.0949977905371	0.0182736438054	0.752345822511
nal-	0.170908606538	0.174632291638	0.0376609389732	0.616798162851
jeb-	0.0177777777778	0.982222222222	0.0	0.0
lek-	0.251722866073	0.392444625629	0.0881330926174	0.267699415682
kes-	0.185640603977	0.727836746898	0.0147630438033	0.0717596053222
ain-	0.0	1.0	0.0	0.0
e-w-	0.581543154951	0.151519003432	0.0724545570103	0.194483284607
daa-	0.0455610518094	0.686539963551	0.202291070034	0.0656079146055
e-e-	0.373145512815	0.191484127079	0.159531751342	0.275838608764
ibr-	0.0	1.0	0.0	0.0
jet-	0.0297619047619	0.970238095238	0.0	0.0
yum-	0.741132408019	0.139237717559	0.0356906807667	0.083939193655
teg-	0.503673160277	0.425772754977	0.0426644700696	0.0278896146759
job-	0.153674002238	0.737411413652	0.0223797090638	0.0865348750466
nil-	0.0167224080267	0.963210702341	0.0	0.0200668896321
taw-	0.512303564584	0.210042161748	0.118972786508	0.15868148716
736-	0.0	0.0	0.0	1.0
man-	0.393117502478	0.340316495062	0.071899219862	0.194666782598
huk-	0.2016985138	0.78025477707	0.0	0.0180467091295
mib-	0.0	1.0	0.0	0.0
sea-	0.0	1.0	0.0	0.0
egd-	0.19587628866	0.340206185567	0.0309278350515	0.432989690722
his-	0.0	1.0	0.0	0.0
rad-	0.0	1.0	0.0	0.0
pum-	0.419308357349	0.487031700288	0.0461095100865	0.0475504322766
psa-	0.0963995354239	0.879210220674	0.0	0.0243902439024
gia-	0.0	0.916666666667	0.0833333333333	0.0
gag-	0.312329545187	0.53465397885	0.0490763886597	0.103940087303
jei-	0.0	1.0	0.0	0.0
rub-	0.197183098592	0.746478873239	0.0281690140846	0.0281690140845
de--	0.25	0.75	0.0	0.0
iap-	0.423490033472	0.458610181346	0.0599490433132	0.0579507418694
jut-	0.0	1.0	0.0	0.0
wak-	0.395955658633	0.533919815062	0.055249626786	0.0148748995193
jop-	0.00992063492064	0.988095238095	0.0	0.00198412698413
cas-	0.0	1.0	0.0	0.0
ipi-	0.0734557595993	0.854340567613	0.0470575959933	0.0251460767946
ilt-	0.0	1.0	0.0	0.0
ieh-	0.359778597786	0.263837638376	0.0166051660517	0.359778597786
buw-	0.0436442989635	0.934331494615	0.00969873310299	0.0123254733184
boa-	0.0618238021638	0.863987635239	0.0	0.0741885625967
652-	0.0	1.0	0.0	0.0
mej-	0.0	0.333333333333	0.666666666667	0.0
ant-	0.0375265132974	0.950726056453	0.0039158100832	0.00783162016642
dut-	0.053702196908	0.917005695688	0.0292921074044	0.0
iol-	0.741514360313	0.164490861619	0.0430809399478	0.0509138381201
peb-	0.452080981655	0.289564909032	0.11785597306	0.140498136253
mar-	0.0075488933576	0.802206306815	0.00152246588724	0.18872233394
ske-	0.546142208775	0.36308623298	0.0907715582451	0.0
ode-	0.222222222222	0.777777777778	0.0	0.0
hys-	0.127659574468	0.872340425532	0.0	0.0
ses-	0.0394736842104	0.96052631579	0.0	0.0
orp-	0.0	1.0	0.0	0.0
kub-	0.0592475560382	0.913597314111	0.0236990224154	0.00345610743557
asr-	0.0	1.0	0.0	0.0
amb-	0.439976345358	0.217622708456	0.183914843288	0.158486102898
kaa-	0.403970651705	0.382598187311	0.126940008632	0.0864911523521
see-	0.0	1.0	0.0	0.0
a-b-	0.153846153846	0.846153846154	0.0	0.0
utt-	1.0	0.0	0.0	0.0
ikl-	0.416058394161	0.452554744526	0.0875912408758	0.043795620438
hen-	0.120320012533	0.0815759533534	0.0518008861688	0.746303147945
uup-	0.2	0.8	0.0	0.0
way-	0.18313253012	0.639759036145	0.0831325301205	0.0939759036144
era-	0.0232558139535	0.976744186047	0.0	0.0
abt-	0.263157894737	0.442105263158	0.21052631579	0.0842105263158
ial-	0.427104722793	0.289527720739	0.271047227926	0.0123203285421
bro-	0.0	0.666666666667	0.333333333333	0.0
bew-	0.0318590264895	0.924733049919	0.032522756208	0.0108851673839
bla-	0.12	0.8	0.08	0.0
pah-	0.351034485913	0.499659212025	0.0367776552873	0.112528646774
pep-	0.497775020438	0.382848608792	0.0518451985682	0.0675311722018
sam-	0.0131093814011	0.966992450401	0.00596945045942	0.0139287177386
buy-	0.200501253133	0.766808325161	0.0	0.0326904217064
aro-	0.020202020202	0.939393939394	0.0404040404041	0.0
lit-	0.0357142857143	0.946428571429	0.0178571428571	0.0
isl-	0.0	1.0	0.0	0.0
bag-	0.32905982906	0.42735042735	0.141025641026	0.102564102564
rea-	0.0	1.0	0.0	0.0
oha-	0.0	1.0	0.0	0.0
lib-	0.10940758278	0.468126902484	0.0177320884506	0.404733426285
zio-	0.0340345072087	0.956038761522	0.0	0.00992673126921
lad-	0.352363239397	0.18004285772	0.0152832248413	0.452310678041
jak-	0.0	0.951351351351	0.0486486486487	0.0
hel-	0.0951807287731	0.578600723376	0.027059569971	0.29915897788
sum-	0.0	1.0	0.0	0.0
aia-	0.0	1.0	0.0	0.0
dar-	0.0121951219512	0.987804878049	0.0	0.0
dit-	0.279801009236	0.174354946206	0.0592687803485	0.48657526421
iml-	0.0	1.0	0.0	0.0
det-	0.252801379141	0.668021179658	0.023765546115	0.0554118950869
opr-	0.0470588235295	0.95294117647	0.0	0.0
uel-	0.0	1.0	0.0	0.0
300-	0.0	0.086956521739	0.0	0.913043478261
ihb-	0.5	0.5	0.0	0.0
kul-	0.378686701828	0.393060243106	0.0775535632131	0.150699491853
noa-	0.0167574361123	0.983242563888	0.0	0.0
ebl-	0.358208955224	0.558208955224	0.0	0.0835820895522
imb-	0.515226230148	0.309928492784	0.0896770293025	0.0851682477656
kil-	0.105866983987	0.762074139224	0.0547119538505	0.0773469229377
res-	0.0229885057471	0.977011494253	0.0	0.0
tob-	0.0	0.966666666667	0.0333333333333	0.0
ros-	0.0	1.0	0.0	0.0
let-	0.61695002576	0.321226172076	0.0231839258114	0.0386398763524
jeu-	0.0	0.896551724138	0.103448275862	0.0
aso-	0.0	0.830985915493	0.0845070422535	0.0845070422535
bey-	0.537136551195	0.399289895404	0.0218309183379	0.0417426350638
iul-	0.379493915929	0.287610619469	0.217782079646	0.115113384956
pil-	0.224370047511	0.655457377153	0.0443875703748	0.0757850049611
sco-	0.0	1.0	0.0	0.0
hin-	0.427889485212	0.237206679833	0.0608607609087	0.274043074046
ako-	0.0	1.0	0.0	0.0
bek-	0.113432036628	0.0619647757972	0.0381511661495	0.786452021425
idu-	0.388934426229	0.545901639344	0.0454918032787	0.0196721311475
hab-	0.091036098968	0.872684663572	0.0178767257049	0.0184025117551
asa-	0.012084592145	0.963746223565	0.012084592145	0.012084592145
itt-	0.535159670797	0.280599705415	0.0639096437831	0.120330980004
nao-	0.0	0.682724252492	0.0	0.317275747508
oho-	0.0773195876289	0.850515463917	0.00515463917526	0.0670103092784
dib-	0.0842903456233	0.890433540304	0.0043958459256	0.0208802681466
tep-	0.255146632714	0.0096932806948	0.00287089262557	0.732289193966
ono-	0.0	1.0	0.0	0.0
lod-	0.1	0.9	0.0	0.0
wol-	0.0	1.0	0.0	0.0
e-b-	0.4	0.6	0.0	0.0
naa-	0.103332472229	0.830793076724	0.0503745802118	0.0154998708344
