-cac	0.588150289017	0.267341040462	0.0578034682081	0.0867052023122
-ivu	0.0527108433735	0.418507362784	0.506191432396	0.0225903614458
-épa	0.378751278213	0.451531633001	0.0390058834863	0.1307112053
-eus	0.0	1.0	0.0	0.0
-cas	0.0171679959941	0.883758360456	0.0568689867306	0.0422046568189
-car	0.0	0.982913284921	0.0128150363093	0.00427167876975
-ive	0.0213165037403	0.97868349626	0.0	0.0
-rbe	0.0101738024587	0.984739296312	0.0	0.00508690122934
-caz	0.0	1.0	0.0	0.0
-ivo	0.0	1.0	0.0	0.0
-shi	0.494864427491	0.196505829122	0.255457577859	0.0531721655273
-día	0.0977198697068	0.902280130293	0.0	0.0
-yti	0.366666666667	0.0	0.533333333333	0.1
-plo	0.0187075823439	0.959385577567	0.00922664559029	0.0126801944984
-nso	0.0354815579777	0.953027973069	0.010732855616	0.000757613337602
-lea	0.00801150949251	0.981099607887	0.00564190809331	0.00524697452678
-nse	0.0330396475771	0.966960352423	0.0	0.0
-ufo	0.0	1.0	0.0	0.0
-aum	0.00892163157717	0.9572167213	0.0182487918624	0.0156128552601
-bre	0.00179517866302	0.99564028039	0.00256454094717	0.0
-bbá	0.125	0.772727272727	0.0	0.102272727273
-nto	0.0516571280011	0.825799821624	0.0616090675698	0.0609339828051
-nta	0.0365572699632	0.14786553239	0.0433177823677	0.772259415279
-250	0.0344174527443	0.671522744655	0.0560877007685	0.237972101832
-nte	0.0428066087571	0.848784784513	0.0441406900598	0.0642679166705
-ual	0.2352736145	0.534681073545	0.0836528407111	0.146392471244
-uan	0.066566369739	0.888025644309	0.00917991256791	0.0362280733844
-ntu	0.120683049641	0.173840254727	0.641856107557	0.0636205880743
-dro	0.0253873346059	0.955172742618	0.0030866314562	0.0163532913195
-ára	0.670677817545	0.0762362135709	0.00766927178438	0.2454166971
-pra	0.071599045346	0.839444564982	0.0889563896724	0.0
-lía	0.0	1.0	0.0	0.0
-pre	0.0	1.0	0.0	0.0
-iva	0.187314494807	0.468926956041	0.184524548953	0.159234000199
-eñi	0.19274140724	0.146913352657	0.0285268265131	0.63181841359
-más	0.0144917535022	0.959285073494	0.0	0.0262231730039
-aré	0.086908891729	0.896050149108	0.0	0.0170409591626
-tín	0.0	0.808673469388	0.191326530612	0.0
-mán	0.0487465181058	0.613683844011	0.337569637883	0.0
-meí	0.0	1.0	0.0	0.0
-ope	0.0465821881135	0.922363019811	0.0149919685882	0.0160628234874
-opa	0.0306438022792	0.318662593379	0.155196030898	0.495497573444
-'ia	0.584683357879	0.187039764359	0.110456553756	0.117820324006
-dea	0.0202205995815	0.969669100628	0.00440705375494	0.00570324603581
-dec	0.0127270225647	0.981081452944	0.0	0.00619152449092
-deo	0.0102245388933	0.980152365678	0.0	0.00962309542903
-ima	0.0630988051008	0.842646695343	0.0333704246088	0.0608840749472
-des	0.0382043935052	0.910954375138	0.0387921534054	0.0120490779517
-ime	0.130275150102	0.66974788706	0.188386390797	0.0115905720415
-zul	0.0	0.360494880546	0.639505119454	0.0
-ivi	0.341044237181	0.163004563544	0.183386856379	0.312564342896
-oke	0.00401069518716	0.995989304813	0.0	0.0
-imo	0.027443864822	0.63168223101	0.264794343586	0.0760795605826
-ji.	0.077519379845	0.829457364341	0.0	0.093023255814
-ido	0.415010061252	0.356522123698	0.0232182738872	0.205249541163
-lla	0.417121258252	0.510634695499	0.0610160177629	0.0112280284859
-obo	0.00480890334104	0.992443151893	0.00137397238316	0.00137397238316
-lle	0.0831239126232	0.809974869515	0.00463947419293	0.102261743669
-rpa	0.242528172465	0.572758451739	0.0244977951984	0.160215580598
-eca	0.44692045246	0.292120867904	0.0863425796003	0.174616100036
-ide	0.0	1.0	0.0	0.0
-llo	0.0584011652229	0.898712346685	0.0306946770963	0.0121918109962
-ida	0.00397189123129	0.996028108769	0.0	0.0
-úpa	0.496350364963	0.102189781022	0.357664233577	0.043795620438
-llu	0.0395152792413	0.960484720759	0.0	0.0
-bia	0.080770425598	0.891270580926	0.00931966449208	0.0186393289842
-ecu	0.180414905122	0.117245108642	0.0162225936486	0.686117392587
-íva	0.135135135135	0.578078078078	0.0900900900901	0.196696696697
-eja	0.0328947368421	0.927631578947	0.0394736842105	0.0
-ter	0.00434362934363	0.947876447876	0.0304054054054	0.0173745173745
-tes	0.0	1.0	0.0	0.0
-ria	0.0543237552061	0.920792021508	0.0	0.0248842232859
-eji	0.256901206963	0.616835187573	0.0634091444362	0.0628544610272
-uti	0.120871821184	0.122151611891	0.0153764470928	0.741600119832
-rra	0.0981654370961	0.824691519227	0.0265064960501	0.0506365476268
-a'u	0.157717606171	0.43716276615	0.0430897711949	0.362029856485
-ejo	0.112179487179	0.86188543872	0.0216125617502	0.00432251235004
-tea	0.0163934426229	0.974664679583	0.0	0.00894187779434
-a'i	0.33975926197	0.279508077692	0.0836875787557	0.297045081583
-ris	0.0	1.0	0.0	0.0
-utu	0.116867161398	0.191140885078	0.03294804532	0.659043908204
-a'a	0.320513345604	0.160884869956	0.0527842020362	0.465817582404
-tel	0.0	0.95461507914	0.0238270834515	0.0215578374085
-aku	0.190265112542	0.187685867712	0.109429982194	0.512619037552
-a'e	0.19373205044	0.0952409933574	0.0188733030584	0.692153653145
-teo	0.0298692463474	0.951030028419	0.00321593843218	0.0158847868014
-lux	0.14135021097	0.782700421941	0.0253164556962	0.0506329113924
-are	0.32746255891	0.313960065037	0.0778882638553	0.280689112198
-e'e	0.0719106029009	0.21112125627	0.0180769300869	0.698891210743
-ara	0.337955575915	0.304600267366	0.0526189773024	0.304825179417
-e'a	0.387543364439	0.32742996698	0.126914372867	0.158112295714
-mer	0.417413572343	0.236875800256	0.345710627401	0.0
-aro	0.0141398111979	0.958190917969	0.0054931640625	0.0221761067708
-ari	0.136886692032	0.526804780385	0.253941525736	0.0823670018468
-e'i	0.381883955203	0.286564145614	0.0861159673397	0.245435931843
-aru	0.263890624345	0.587993808119	0.0241663210735	0.123949246463
-e'u	0.0664819944598	0.598337950139	0.137119113573	0.198060941828
-bro	0.172345002255	0.787235888006	0.0135308607709	0.0268882489678
-mea	0.0	1.0	0.0	0.0
-mec	0.0	1.0	0.0	0.0
-meo	0.0167189132706	0.970741901776	0.012539184953	0.0
-éya	0.490300599	0.161565093147	0.050008243117	0.298126064736
-aye	0.194757277388	0.653956711071	0.128762039599	0.0225239719416
-aya	0.35562576085	0.380024699184	0.101837247616	0.16251229235
-ayo	0.0148830616584	0.985116938342	0.0	0.0
-ero	0.0281839070194	0.931867571128	0.00830581532475	0.0316427065274
-ote	0.00653659016071	0.906767582445	0.00963286971054	0.0770629576842
-ayu	0.0592925316177	0.911165224559	0.0158113417647	0.0137309020588
-tón	0.0	0.894736842105	0.0789473684211	0.0263157894737
-éti	0.0399960440852	0.0219595067006	0.00697017924977	0.931074269964
-bás	0.0579954801644	0.895444768154	0.0441092384349	0.00245051324639
-éta	0.262190082645	0.141255665156	0.03838976273	0.558164489469
-cto	0.0579131689974	0.894873260449	0.00245632050842	0.0447572500448
-na.	0.255770430443	0.562694946974	0.100436681223	0.08109794136
-aón	0.0909090909091	0.909090909091	0.0	0.0
-p'i	0.605263157895	0.394736842105	0.0	0.0
-ubu	0.014072119613	0.97273526825	0.0131926121372	0.0
-ere	0.24290173186	0.583981999413	0.128048426359	0.0450678423688
-dán	0.0386012589779	0.866767421868	0.00540750395164	0.089223815202
-xad	0.0	1.0	0.0	0.0
-rru	0.138323840521	0.723352318959	0.0650935720098	0.073230268511
-umu	0.0370356430427	0.931348564116	0.0316157928413	0.0
-ota	0.0936270653029	0.87922895358	0.0129819040126	0.0141620771047
-tán	0.0245577523413	0.963995837669	0.00395421436005	0.00749219562956
-ija	0.219623152786	0.227752230644	0.127809885193	0.424814731378
-sus	0.00911458333332	0.471354166667	0.0	0.51953125
-iji	0.168680432519	0.718681173474	0.0527545030236	0.0598838909833
-oto	0.0510529674537	0.948947032546	0.0	0.0
-ume	0.0751656657814	0.567510119803	0.32635633384	0.0309678805758
-iju	0.0853840641939	0.747890012635	0.166725923171	0.0
-uma	0.0457294352646	0.8696758281	0.0496894834593	0.0349052531765
-eví	0.0242374354049	0.967530982759	0.0	0.00823158183565
-éñi	0.0686324351805	0.413573970513	0.159379766141	0.358413828165
ALL	0.219428120467	0.278680067465	0.0504508421452	0.451440969923
-nai	0.0	1.0	0.0	0.0
-aki	0.193988693936	0.296234796833	0.0388673612818	0.47090914795
-nam	0.377598152425	0.441108545035	0.18129330254	0.0
-sir	0.0483425414364	0.622582872928	0.0821823204421	0.246892265193
-aka	0.319771393806	0.285524743943	0.0871844272997	0.307519434951
-aús	0.0367261280168	0.900314795383	0.0629590766002	0.0
-aúl	0.15534798792	0.812697520893	0.022122340052	0.00983215113422
-aúm	0.00824289050694	0.986811375189	0.0	0.00494573430416
-sio	0.0625	0.854166666667	0.0	0.0833333333333
-nas	0.014233026269	0.98023190796	0.00553506577127	0.0
-sia	0.0106241278701	0.966066218445	0.000951414436129	0.022358239249
-áno	0.0371782650143	0.700667302193	0.144899904671	0.117254528122
-mos	0.166968451842	0.808656591685	0.0170624695313	0.00731248694198
-mor	0.0857142857143	0.914285714286	0.0	0.0
-amu	0.0933788223401	0.424564063685	0.0176901693202	0.464366944655
-gog	0.0229007633588	0.969465648855	0.00763358778624	0.0
-aám	0.0	1.0	0.0	0.0
-aál	0.0	1.0	0.0	0.0
-aán	0.0290182169918	0.970981783008	0.0	0.0
-cos	0.0559993672388	0.891006881278	0.00806770544966	0.0449260460333
-mol	0.0	0.981927710843	0.0180722891566	0.0
-éca	0.582938388626	0.270142180095	0.0900473933649	0.0568720379147
-u'u	0.11763588598	0.808325704511	0.011084890294	0.0629535192153
-íha	0.034188034188	0.675213675214	0.0769230769231	0.213675213675
-ber	0.0	1.0	0.0	0.0
-eos	0.0275229357798	0.376146788991	0.596330275229	0.0
-eor	0.0	1.0	0.0	0.0
-bet	0.0259049925986	0.931368591038	0.0279235634504	0.0148028529135
-cob	0.00738334317778	0.983559755857	0.00196889151408	0.00708800945067
-v'i	0.287671232877	0.493150684932	0.205479452055	0.013698630137
-u'e	0.350470292097	0.320529853534	0.0398054538441	0.289194400525
-ubí	0.0	0.858108108108	0.141891891892	0.0
-bel	0.0481636987809	0.932120167215	0.0112663622879	0.00844977171595
-re–	0.131386861314	0.0802919708029	0.0	0.788321167883
-rla	0.0	0.971525930075	0.0284740699248	0.0
-u'i	0.348834597874	0.304281210728	0.0782953063008	0.268588885097
-cor	0.0	1.0	0.0	0.0
-iso	0.0044276085994	0.672012594087	0.287056624194	0.0365031731195
-reo	0.00640786030863	0.92684359481	0.0539328242645	0.0128157206173
-ya–	0.248447204969	0.416149068323	0.0745341614907	0.260869565217
-rea	0.00257910535748	0.964644764058	0.00297313534265	0.029802995242
-año	0.018031013343	0.942585457513	0.00294190217701	0.0364416269668
-isa	0.0677682058669	0.452328190355	0.47117808371	0.0087255200687
-eve	0.177756336373	0.484272166512	0.0986103341731	0.239361162942
-rey	0.0775545660865	0.85238162377	0.0214216517867	0.0486421583565
-eva	0.336032278925	0.453303838311	0.0948332616954	0.115830621069
-upa	0.294539012769	0.241249777409	0.0536441279092	0.410567081913
-res	0.0317489114659	0.839078374456	0.00870827285921	0.120464441219
-evi	0.195939863873	0.384757513068	0.0981712805773	0.321131342482
-ret	0.0325463518741	0.961051087102	0.00320128051221	0.00320128051221
-upi	0.311815550755	0.193280059451	0.0698641016962	0.425040288098
-avi	0.431180199847	0.280318151138	0.0751590951319	0.213342553883
-hab	0.0084159341687	0.991584065831	0.0	0.0
-naé	0.275956284153	0.573770491803	0.150273224044	0.0
-ícu	0.0508083140877	0.353348729792	0.526558891455	0.0692840646651
-naí	0.0686999063183	0.931300093682	0.0	0.0
-ava	0.320099748079	0.299939220704	0.0931620879631	0.286798943253
-mas	0.0378233257002	0.944409976424	0.00829112567543	0.00947557220048
-mar	0.0867011536613	0.799842936887	0.0118858571806	0.101570052271
-ham	0.0145150350441	0.933977349804	0.0388670791112	0.0126405360409
-hat	0.0	1.0	0.0	0.0
-ya.	0.0897435897436	0.538461538461	0.160256410256	0.211538461539
-avu	0.130434782609	0.417036379769	0.346051464064	0.106477373558
-ohi	0.178718425894	0.628563962642	0.0467965953089	0.145921016155
-nku	0.0151454874125	0.0853102731073	0.00537420521088	0.894170034269
-uni	0.0	0.767441860465	0.0	0.232558139535
-une	0.0819498771024	0.854970655367	0.0244018173272	0.0386776502039
-una	0.256330281153	0.386179377362	0.132649315015	0.22484102647
-pta	0.0	1.0	0.0	0.0
-ui.	0.0580146920324	0.922998681484	0.0189866264833	0.0
-pto	0.0281616688396	0.935332464146	0.0235984354628	0.0129074315515
-unu	0.312335892532	0.215990210587	0.128303651688	0.343370245193
-ús–	0.0441826215022	0.499263622975	0.19145802651	0.265095729013
-nki	0.177222645693	0.401635368304	0.135299009078	0.285842976925
-tre	0.0822400626591	0.808106520462	0.109653416879	0.0
-ade	0.0	1.0	0.0	0.0
-tra	0.0600565237871	0.898681111634	0.0327837965144	0.00847856806406
-asá	0.0	0.857142857143	0.0	0.142857142857
-ada	0.217998815086	0.709601633213	0.0329023578838	0.0394971938177
-ado	0.091445699383	0.798969400593	0.0319726749539	0.0776122250701
-tro	0.0312584540469	0.828656452129	0.00558274513662	0.134502348688
-lac	0.0504822861263	0.949517713874	0.0	0.0
-quí	0.0	1.0	0.0	0.0
-gai	0.0	1.0	0.0	0.0
-íni	0.387984200435	0.34961911379	0.118733709477	0.143662976298
-tru	0.17679558011	0.475138121547	0.0	0.348066298343
-gau	0.0	1.0	0.0	0.0
-sna	0.284042553192	0.658510638298	0.0	0.0574468085107
-gar	0.0176330390188	0.842885101051	0.127726500585	0.0117553593458
-aat	0.0	1.0	0.0	0.0
-sni	0.742105263158	0.257894736842	0.0	0.0
-beo	0.0	0.943050847458	0.0569491525424	0.0
-seo	0.236135157777	0.733370566881	0.0211114213907	0.0093828539514
-ini	0.375012526618	0.314251392091	0.0972493415716	0.21348673972
-sem	0.0	1.0	0.0	0.0
-nos	0.0220588235294	0.977941176471	0.0	0.0
-hem	0.0	1.0	0.0	0.0
-u'a	0.361411266443	0.475691139952	0.0783344595588	0.0845631340465
-ino	0.028272713886	0.918274186423	0.0472684435282	0.00618465616257
-ina	0.259098599687	0.242059593716	0.0888676582572	0.40997414834
-uis	0.0	1.0	0.0	0.0
-éhi	0.487028301887	0.445165094339	0.00884433962264	0.0589622641509
-sec	0.0	1.0	0.0	0.0
-ine	0.204652680628	0.585908241123	0.0843815353062	0.125057542943
-sea	0.151289899432	0.779842588544	0.0688675120244	0.0
-ira	0.246763887947	0.488777293586	0.0709000507045	0.193558767762
-ohe	0.125832092801	0.216695222313	0.633879167486	0.0235935174002
-uim	0.0	1.0	0.0	0.0
-erí	0.0	1.0	0.0	0.0
-ávi	0.559794126552	0.0158946412352	0.116560702392	0.307750529821
-set	0.0	1.0	0.0	0.0
-ser	0.0197286974845	0.980271302515	0.0	0.0
-ñal	0.0905829876166	0.870114476434	0.0	0.0393025359493
-blo	0.0456919392859	0.890915487333	0.00198845337417	0.0614041200074
-eda	0.0247125450489	0.653852754419	0.268577312511	0.0528573880213
-dón	0.0412163734422	0.901464207764	0.00742265854886	0.0498967602452
-són	0.00966113263606	0.974354084275	0.00966113263604	0.0063236504527
-bla	0.168481877079	0.787392750832	0.029416914726	0.014708457363
-nes	0.0318991379637	0.950157596932	0.0179432651046	0.0
-rso	0.019749835418	0.980250164582	0.0	0.0
-neo	0.00378214826021	0.958396369138	0.00756429652043	0.0302571860817
-bed	0.299212598425	0.700787401575	0.0	0.0
-ias	0.0167808698084	0.979723115648	0.00349601454341	0.0
-ooz	0.0321715817694	0.967828418231	0.0	0.0
-e'í	0.53300124533	0.46699875467	0.0	0.0
-nea	0.101763907734	0.264586160109	0.633649932157	0.0
-ban	0.0584609266256	0.750718559627	0.016703121893	0.174117391855
-eka	0.458743605186	0.34696876772	0.0593705179723	0.134917109122
-áca	0.630521610955	0.222631670708	0.0250820217774	0.121764696559
-eke	0.0542635658915	0.801033591731	0.144702842377	0.0
-rhi	0.100991884581	0.649233543733	0.249774571686	0.0
-eki	0.0664599025255	0.933540097475	0.0	0.0
-hol	0.820798964904	0.179201035096	0.0	0.0
-hor	0.0	1.0	0.0	0.0
-eku	0.15549340572	0.294014422418	0.027748073812	0.52274409805
-iru	0.233784164905	0.236238113277	0.385689609296	0.144288112522
-íma	0.0	0.0416666666667	0.958333333333	0.0
-bas	0.0	1.0	0.0	0.0
-job	0.0	0.939061547837	0.0609384521633	0.0
-ase	0.0127974714923	0.985467278136	0.0	0.00173525037184
-'nu	0.370967741935	0.483870967742	0.0	0.145161290323
-que	0.192508513053	0.783995459705	0.0234960272418	0.0
-isi	0.306530720408	0.32763511723	0.180482125558	0.185352036805
-asa	0.125331449715	0.62176949693	0.0712047772817	0.181694276073
-adá	0.0	1.0	0.0	0.0
-aso	0.0475812846947	0.916732751784	0.0	0.035685963521
-adí	0.0	1.0	0.0	0.0
-ra–	0.448398576512	0.372241992883	0.119572953737	0.0597864768683
-asi	0.183327950757	0.559883367693	0.102840377872	0.153948303678
-asu	0.218116805721	0.777115613826	0.00238379022646	0.00238379022647
-lto	0.0756885954928	0.788413384931	0.0960619166856	0.039836102891
-lta	0.0	0.988127208481	0.0	0.0118727915194
-áse	0.0	1.0	0.0	0.0
-zor	0.0	1.0	0.0	0.0
-dia	0.0701960648709	0.918306303814	0.0018154154708	0.00968221584427
-430	0.0776699029126	0.0	0.0	0.922330097087
-ras	0.062893081761	0.895178197065	0.0	0.041928721174
-smo	0.0490998363339	0.513093289689	0.437806873977	0.0
-iwa	0.17007518801	0.520789456648	0.195163615919	0.113971739423
-ram	0.0	1.0	0.0	0.0
-uía	0.0338724701499	0.931831653823	0.0	0.0342958760268
-red	0.0	1.0	0.0	0.0
-rah	0.0	1.0	0.0	0.0
-rai	0.8	0.2	0.0	0.0
-era	0.189752717835	0.124826107431	0.0430755459299	0.642345628804
-uío	0.0	0.96632996633	0.03367003367	0.0
-rac	0.0	1.0	0.0	0.0
-áji	0.328534247377	0.372700031403	0.0529797799695	0.245785941251
-átu	0.0	0.905863367402	0.0941366325982	0.0
-pos	0.0	1.0	0.0	0.0
-ozo	0.0	0.895316804408	0.104683195592	0.0
-chu	0.290035344772	0.222367445183	0.0976907135439	0.389906496501
-zhi	0.14440433213	0.509025270758	0.238267148014	0.108303249097
-ugo	0.0640048765621	0.910393172813	0.0256019506248	0.0
-aza	0.110167546563	0.768685752063	0.0707629087481	0.0503837926262
-áti	0.155031852809	0.636477034793	0.208491112398	0.0
-ike	0.509423399888	0.470983392424	0.019593207688	0.0
-ika	0.416511255112	0.260522159279	0.0893595540871	0.233607031522
-'ni	0.264897703922	0.573394085589	0.0643259179844	0.0973822925043
-lam	0.0	1.0	0.0	0.0
-nor	0.0	1.0	0.0	0.0
-lao	0.306539509537	0.448228882834	0.0	0.245231607629
-lah	0.0	1.0	0.0	0.0
-iki	0.139210464741	0.705226056372	0.0173818092681	0.138181669619
-'na	0.354838709677	0.645161290323	0.0	0.0
-aam	0.0813270751164	0.896186176003	0.0224867488801	0.0
-uja	0.0881442389439	0.884532918411	0.0153457061431	0.0119771365019
-iku	0.0112722014164	0.70825762913	0.244873743928	0.0355964255256
-fos	0.0	1.0	0.0	0.0
-eón	0.137177400605	0.780516159033	0.00976517089049	0.0725412694722
-lar	0.0	1.0	0.0	0.0
-las	0.0232094140641	0.824931796897	0.0109328555723	0.140925933466
-uji	0.318364490918	0.403030752373	0.153239793465	0.125364963244
-noc	0.0179775280899	0.98202247191	0.0	0.0
--ni	0.104166666667	0.645833333333	0.166666666667	0.0833333333333
-aac	0.00596225149522	0.973728829349	0.0141603473012	0.00614857185445
-ahi	0.331393897642	0.279124438486	0.0837030580367	0.305778605835
-dor	0.05846143572	0.712731756864	0.215663176401	0.0131436310154
-dos	0.0340678653508	0.160876030823	0.0340678653508	0.770988238475
-gel	0.33228558599	0.533004041311	0.0269420745398	0.107768298159
-aha	0.28186537106	0.147771706929	0.0483294406791	0.522033481332
-fán	0.0947635611545	0.905236438846	0.0	0.0
-ahe	0.181376859227	0.0930218746216	0.0147132554064	0.710888010745
-fás	0.00923990760094	0.761302386976	0.216257837422	0.0131998680013
-doc	0.0	1.0	0.0	0.0
-ges	0.0697674418605	0.93023255814	0.0	0.0
-ahu	0.173647973401	0.424690576005	0.0375426662986	0.364118784295
-sas	0.0236220472441	0.929133858268	0.0	0.0472440944882
-ión	0.112628983282	0.791435985571	0.0665720166566	0.0293630144896
-efe	0.0	0.854838709677	0.0645161290323	0.0806451612904
-vai	0.0541516245487	0.534296028881	0.26714801444	0.14440433213
-mpa	0.172131147541	0.733021077283	0.0667447306792	0.0281030444965
-oli	0.0213523131673	0.978647686833	0.0	0.0
-ápa	0.756207674944	0.0948081264108	0.0677200902935	0.0812641083522
-tor	0.181929796015	0.706906498232	0.0284750676745	0.0826886380782
-tos	0.0	0.0920988851187	0.0145419292293	0.893359185652
-aác	0.110091743119	0.889908256881	0.0	0.0
-olo	0.0240860106226	0.959535502154	0.0	0.0163784872234
-ole	0.143025255726	0.514800398298	0.0416402643251	0.300534081651
-sam	0.0	1.0	0.0	0.0
-háb	0.350693784452	0.500285116898	0.0798327314199	0.0691883672306
-iel	0.01347254968	0.982317278545	0.00336813742	0.000842034355001
-ien	0.00519545583167	0.0443608429627	0.00487073984218	0.945572961363
-avo	0.0	1.0	0.0	0.0
-loc	0.116768027802	0.839443961772	0.0	0.0437880104257
-oce	0.00576549476719	0.00369743686156	0.00827223162249	0.982264836749
-iez	0.0283439874563	0.152092630563	0.0199010975757	0.799662284405
-hai	0.0338736994919	0.966126300508	0.0	0.0
-áma	0.689235284785	0.186749695912	0.0268390713417	0.0971759479613
-oki	0.0134831460674	0.986516853933	0.0	0.0
-lot	0.00105174589819	0.984223811527	0.00736222128734	0.00736222128732
-los	0.0206794682423	0.937961595273	0.0413589364845	0.0
-íhi	0.612704918033	0.387295081967	0.0	0.0
-ipi	0.121559820298	0.71812059813	0.0291179203029	0.131201661268
-ipo	0.00574437529918	0.988511249402	0.00574437529918	0.0
-ihe	0.532429348707	0.152961281905	0.080266083537	0.234343285851
-mpo	0.0832177531207	0.404993065187	0.428571428571	0.0832177531207
-ipa	0.365276265596	0.201849530702	0.0618156945607	0.371058509142
-húm	0.0	1.0	0.0	0.0
-éra	0.372915509093	0.338160821219	0.123446428788	0.165477240899
-ipe	0.0151728308442	0.97493535554	0.00141311623083	0.00847869738497
-yni	0.0191387559808	0.885167464115	0.0765550239234	0.0191387559809
-noé	0.0	0.99734948883	0.0	0.00265051117001
-ewa	0.139818701461	0.726311715329	0.0727261391787	0.0611434440312
-adi	0.0	1.0	0.0	0.0
-rdo	0.0904356813484	0.738432183177	0.171132135475	0.0
-ahí	0.577783063749	0.407944814462	0.0142721217888	0.0
-awa	0.343798870508	0.312041207799	0.100229018856	0.243930902837
-ñía	0.0	0.382978723404	0.617021276596	0.0
-saú	0.0	0.977116704806	0.0137299771167	0.00915331807778
-276	0.0	0.459016393443	0.0	0.540983606557
-hón	0.0343499531592	0.831372957219	0.0281045071302	0.106172582492
-sto	0.0225990244035	0.9013668173	0.00369511987239	0.0723390384244
-uél	0.111111111111	0.805555555556	0.0	0.0833333333333
-sta	0.209618181718	0.61581112736	0.0529167406858	0.121653950237
-saí	0.00228093518343	0.997719064817	0.0	0.0
-cum	0.0	0.788732394366	0.0985915492958	0.112676056338
-loí	0.0	0.980769230769	0.0192307692308	0.0
-rpo	0.0362976406533	0.739866908651	0.0362976406534	0.187537810042
-loé	0.0252398651569	0.909413086697	0.0	0.0653470481459
-ián	0.0356249204801	0.931718902413	0.0326561771067	0.0
-cua	0.00760226861349	0.987168657737	0.0	0.00522907364951
-eya	0.401605362939	0.316942831403	0.105758403688	0.17569340197
-200	0.0	0.587073608617	0.0	0.412926391383
-uca	0.239682244469	0.16731492736	0.0406915666476	0.552311261523
-eye	0.137931034483	0.463054187192	0.354679802956	0.0443349753695
-uce	0.0293135738132	0.220747496132	0.0073283934533	0.742610536601
-oba	0.0716253443526	0.556473829201	0.047225501771	0.324675324675
-lem	0.0157109190888	0.984289080911	0.0	0.0
-leo	0.0270548827622	0.504715279567	0.0880185519196	0.380211285751
-óde	0.0	0.987564766839	0.0	0.0124352331606
-leg	0.0	1.0	0.0	0.0
-ley	0.338278332829	0.380462206075	0.0133212231305	0.267938237965
-ora	0.046253997259	0.729594944419	0.126541799909	0.0976092584133
-ios	0.162961153188	0.657708282433	0.0620571707794	0.117273393599
-esá	0.0	1.0	0.0	0.0
-les	0.0621276595744	0.937872340426	0.0	0.0
-itá	0.0	1.0	0.0	0.0
-eel	0.0	1.0	0.0	0.0
-úri	0.42807839508	0.148836895431	0.194319923649	0.22876478584
-ánu	0.353288781242	0.588125641969	0.0319557691576	0.0266298076313
-rre	0.0375041857351	0.945618930684	0.0168768835808	0.0
-rro	0.0405639798282	0.939919847256	0.011045323395	0.00847084952102
-'ya	0.463878326996	0.355513307985	0.0	0.180608365019
-gio	0.0120902740462	0.979849543256	0.00806018269746	0.0
-ána	0.294295962417	0.371579799391	0.242358113255	0.0917661249366
-udá	0.0	0.997919824077	0.0	0.00208017592345
-ndo	0.0	1.0	0.0	0.0
-nda	0.0665070497473	0.933492950253	0.0	0.0
-áni	0.252245043123	0.355205832667	0.0680181381702	0.324530986041
-ale	0.0925914813058	0.749445859756	0.127479102485	0.0304835564528
-gia	0.0440587449933	0.885847797063	0.0700934579439	0.0
-ala	0.0	1.0	0.0	0.0
-uva	0.17433578336	0.488898872556	0.114599171976	0.222166172107
-uvi	0.26774456935	0.513888088001	0.13615846071	0.0822088819384
-íne	0.350631136045	0.21458625526	0.196353436185	0.23842917251
-ína	0.226900623481	0.543883440554	0.173648436337	0.0555674996279
-abé	0.0162126023734	0.968744776868	0.00557134102178	0.00947127973704
-cla	0.227382680213	0.721819061442	0.0507982583454	0.0
-chi	0.362050620836	0.502335015803	0.045554210279	0.090060153082
-cho	0.0580572075899	0.0523930897762	0.0885018408383	0.801047861796
-iyu	0.0323165227697	0.881756438613	0.0859270386168	0.0
-cha	0.255027454873	0.187293296851	0.0362350376944	0.521444210581
-uez	0.0960238489866	0.712324427675	0.0273222498147	0.164329473523
-che	0.0681201277441	0.784673756832	0.0113657690857	0.135840346338
-oré	0.121518987342	0.787341772152	0.0455696202531	0.0455696202532
-elo	0.165168539326	0.802655771195	0.032175689479	0.0
-ogo	0.0	1.0	0.0	0.0
-iye	0.0647016534867	0.91013659238	0.0251617541337	0.0
-ela	0.126436386156	0.776749466731	0.091997522879	0.00481662423451
-iya	0.100110383642	0.774075981861	0.0132890518748	0.112524582622
-lso	0.0448387992875	0.442717780283	0.423223360622	0.0892200598068
-ele	0.045607601402	0.859933376032	0.0176716562578	0.0767873663084
-éne	0.378095975232	0.440015479876	0.123839009288	0.0580495356038
-loe	0.0652985074627	0.897388059701	0.0	0.0373134328358
-leá	0.0	1.0	0.0	0.0
-itu	0.0209967204873	0.933540560871	0.030852679513	0.0146100391289
-esu	0.147534703524	0.239151478025	0.00919975045234	0.604114067999
-ito	0.030158425393	0.927800073991	0.0115552662511	0.0304862343647
-esi	0.0358970812007	0.908701065154	0.0444044819477	0.0109973716973
-uta	0.0783738861443	0.9085137818	0.013112332056	0.0
-eso	0.0154326308327	0.972262049963	0.00173760241349	0.010567716791
-éve	0.545513583721	0.292780603961	0.122740556337	0.0389652559801
-iti	0.230978524686	0.0576913650134	0.00879775161199	0.702532358689
-évi	0.11324570273	0.634695941066	0.0758341759352	0.176224180269
-esa	0.221866567352	0.11626855444	0.00717449237176	0.654690385836
-ite	0.0256155858212	0.828718318752	0.102732930459	0.042933164968
-ese	0.0106382978723	0.797872340426	0.191489361702	0.0
-ita	0.0931516301535	0.787081988221	0.059143892161	0.060622489465
-spa	0.0	0.239352963478	0.508909389612	0.25173764691
-apu	0.0763175186604	0.0963947268452	0.796294109796	0.0309936446986
-spe	0.0697674418604	0.895348837209	0.0348837209302	0.0
-fté	0.0	1.0	0.0	0.0
-ute	0.170731707317	0.829268292683	0.0	0.0
-spo	0.0	1.0	0.0	0.0
-o'i	0.117779220131	0.76164561386	0.0821309101802	0.038444255829
-fas	0.0106902871106	0.985746283853	0.00356342903686	0.0
-alí	0.0	1.0	0.0	0.0
-fat	0.0	1.0	0.0	0.0
-rio	0.0431447009624	0.792495519316	0.126577112132	0.0377826675894
-n'i	0.239288163737	0.27430242212	0.421975959282	0.0644334548604
-o'e	0.12	0.208	0.624	0.048
-hum	0.0	1.0	0.0	0.0
-rim	0.0	1.0	0.0	0.0
-hud	0.0	1.0	0.0	0.0
-gad	0.0	1.0	0.0	0.0
-rom	0.0	1.0	0.0	0.0
-abo	0.0	0.99	0.0	0.01
-ies	0.234147587029	0.292418503702	0.0355242999404	0.437909609328
-nco	0.0132031233297	0.142229327657	0.0031594375726	0.84140811144
-nce	0.00289827069848	0.829807103984	0.0597365793965	0.107558045921
-ael	0.0875769672996	0.863759836847	0.0269263156128	0.0217368802402
-sor	0.254525068076	0.728656094826	0.0	0.0168188370975
-oro	0.000583127594335	0.841389294341	0.156861322876	0.00116625518867
-elí	0.00287852619459	0.96257915947	0.00575705238917	0.0287852619459
-aén	0.0	1.0	0.0	0.0
-é'i	0.904255319149	0.0957446808511	0.0	0.0
-ore	0.025734505683	0.893845164057	0.0514690113661	0.0289513188934
-lix	0.0572127547191	0.918267493258	0.0	0.0245197520225
-icu	0.0538153685209	0.844806403348	0.0915250526111	0.00985317552034
-íso	0.109386026817	0.84827099506	0.031757233592	0.0105857445307
-rut	0.0	1.0	0.0	0.0
-lis	0.012573255945	0.855777358278	0.0	0.131649385777
-uña	0.313413282346	0.582767436257	0.0460614321369	0.0577578492597
-lim	0.0	0.978798586572	0.0212014134276	0.0
-lio	0.0251329954342	0.945126293302	0.0129853809743	0.0167553302895
-sué	0.223813786929	0.62996120561	0.0	0.14622500746
-ich	0.778321678322	0.148251748252	0.0	0.0734265734266
-ice	0.0333898526151	0.92226424938	0.0443458980044	0.0
-pa–	0.56862745098	0.0549019607843	0.0	0.376470588235
-rug	0.0	1.0	0.0	0.0
-ome	0.362484157161	0.523447401774	0.0855513307985	0.0285171102662
-eas	0.0	0.982438534872	0.0111754778087	0.00638598731925
-pa.	0.729365611934	0.166933360863	0.0368554173334	0.0668456098694
-144	0.185099856022	0.0496342167375	0.0	0.76526592724
-i'í	0.178748758689	0.19364448858	0.329692154916	0.297914597815
-gro	0.0	0.963746223565	0.036253776435	0.0
-'ji	0.337127845885	0.319614711033	0.0262697022767	0.316987740806
-ode	0.0348837209302	0.96511627907	0.0	0.0
-rna	0.0	0.97628458498	0.0237154150197	0.0
-mes	0.0	1.0	0.0	0.0
-slí	0.0	1.0	0.0	0.0
-odo	0.132352941176	0.735294117647	0.0882352941176	0.0441176470588
-zer	0.0	1.0	0.0	0.0
-uri	0.214225956754	0.229428281904	0.127545471569	0.428800289772
-uro	0.103448275862	0.26724137931	0.629310344828	0.0
-ura	0.280993146382	0.590905461637	0.0405647776795	0.0875366143019
-ehe	0.08974098424	0.179114852262	0.0207125476513	0.710431615846
-ure	0.0943258963657	0.67297128916	0.156089714168	0.076613100306
-eha	0.384123470036	0.338594896478	0.125480755492	0.151800877994
-íji	0.411148524876	0.264479083509	0.201748411032	0.122623980582
-á'i	0.297332297332	0.370284036951	0.0495553828887	0.282828282828
-uru	0.181171276676	0.650747092355	0.144011907889	0.0240697230808
-á'e	0.317596566524	0.439198855508	0.0	0.243204577969
-áre	0.0	0.948318754514	0.0516812454859	0.0
-afa	0.0513368983957	0.76256684492	0.173262032085	0.0128342245989
-apa	0.458203877624	0.158499219927	0.0430263273034	0.340270575145
-nza	0.262445081103	0.718725582706	0.0188293361912	0.0
-pan	0.0310282749126	0.934925341523	0.0104310070952	0.0236153764693
-ape	0.221341126757	0.223404716846	0.101751135844	0.453503020553
-ru–	0.405882352941	0.0882352941177	0.305882352941	0.2
-api	0.31228178235	0.482104702714	0.0901734296256	0.115440085311
-áru	0.456713780919	0.437279151943	0.106007067138	0.0
-aín	0.0	0.976570635196	0.0	0.0234293648039
-pas	0.0430305824497	0.929306900261	0.0	0.0276625172891
-áye	0.127916462718	0.108011094795	0.0342633382281	0.729809104258
-r'i	0.325757575757	0.472727272727	0.00454545454545	0.19696969697
-icó	0.0	0.99673113593	0.0	0.00326886406974
-omé	0.0	0.907902081174	0.00418626903755	0.0879116497887
-éha	0.799760191847	0.149880095923	0.0503597122302	0.0
-s'a	0.0746268656716	0.582089552239	0.0	0.34328358209
-rón	0.0163073020475	0.950172132633	0.0149483602102	0.0185722051096
-éru	0.215909090909	0.458333333333	0.257575757576	0.0681818181818
-i'a	0.0638922075076	0.0528005796827	0.013228165302	0.870079047508
-zín	0.0416288097795	0.95837119022	0.0	0.0
-fes	0.30612244898	0.638932496075	0.054945054945	0.0
-i'e	0.631210180963	0.137795713446	0.113662000921	0.117332104669
-i'i	0.315420519441	0.305148819532	0.0999286548267	0.2795020062
-dio	0.0101723650749	0.74145238768	0.017801638881	0.230573608364
-aña	0.0	1.0	0.0	0.0
-i'u	0.113043478261	0.834782608696	0.0521739130435	0.0
-dis	0.0	1.0	0.0	0.0
-añu	0.0153188457428	0.888493053082	0.00213751335946	0.0940505878162
-feo	0.00356718192628	0.996432818074	0.0	0.0
-rní	0.0	1.0	0.0	0.0
-uha	0.376783723771	0.4947030061	0.0604499171927	0.0680633529368
-sli	0.0	1.0	0.0	0.0
-iha	0.0973543093101	0.060236616504	0.0133729101216	0.829036164064
-sús	0.0401450656063	0.683754701031	0.00540877267415	0.270691460688
-uku	0.0575527556746	0.901636762961	0.00788654238236	0.0329239389818
-ovi	0.834862385321	0.165137614679	0.0	0.0
-ihi	0.3237092801	0.304626244002	0.0941574106387	0.277507065259
-éji	0.413252013264	0.386857531975	0.0601018474656	0.139788607295
-uka	0.222538766101	0.178033828702	0.0347406236631	0.564686781534
-áhi	0.190925457387	0.463533228846	0.172895953363	0.172645360403
-uke	0.387131952017	0.0163576881134	0.0894220283533	0.507088331516
-ihu	0.443008356546	0.420761374188	0.0218384401114	0.114391829155
-úti	0.0906071316107	0.0309133730535	0.00202381657774	0.876455678758
-uki	0.0830956818442	0.652905970171	0.185904021037	0.0780943269475
-tiu	0.195670046588	0.303864072349	0.500465881063	0.0
-apá	0.941391941392	0.0	0.014652014652	0.043956043956
-áki	0.051759744164	0.707653296852	0.00862662402733	0.231960334957
-mei	0.0	1.0	0.0	0.0
-waú	0.58615136876	0.0805152979066	0.048309178744	0.285024154589
-áka	0.705471428876	0.162801098971	0.0735842225204	0.0581432496326
-oga	0.237062734894	0.543220583984	0.0173460537728	0.202370627349
-tia	0.0	1.0	0.0	0.0
-y'i	0.0317063797079	0.89239046887	0.0586087624904	0.0172943889316
-tio	0.0340264650284	0.909262759924	0.0340264650284	0.0226843100189
-lón	0.0	0.874504338055	0.118364612708	0.00713104923667
-eme	0.0913004154964	0.531930664454	0.00737829218037	0.369390627869
-waí	0.430769230769	0.369230769231	0.0769230769231	0.123076923077
-áha	0.777580071174	0.0533807829182	0.0	0.169039145907
-ema	0.0978473889626	0.0123548025551	0.000433784524294	0.889364023958
-uwa	0.186219835985	0.481481800434	0.0819765950859	0.250321768495
-emo	0.00797607178465	0.9222333001	0.0358923230309	0.0338983050847
-osé	0.0272186046512	0.960886821705	0.00408062015504	0.00781395348837
-das	0.0891144952058	0.888700883625	0.0188005264147	0.00338409475465
-víd	0.0659340659341	0.269230769231	0.318681318681	0.346153846154
-450	0.0	0.0841121495327	0.0	0.915887850467
-cio	0.0543574338472	0.85731402778	0.0446042619057	0.0437242764673
-ana	0.136117272741	0.542403545767	0.104065047974	0.217414133518
-cia	0.100011523433	0.704943616278	0.0768056408211	0.118239219468
-bín	0.286399548533	0.65039503386	0.0118510158014	0.0513544018059
-inu	0.337219396288	0.30332944727	0.0347812301226	0.324669926319
-zar	0.0	1.0	0.0	0.0
-ía.	0.341463414634	0.658536585366	0.0	0.0
-cis	0.0	1.0	0.0	0.0
-rja	0.0931151241535	0.906884875846	0.0	0.0
-sé.	0.0203537678701	0.241822146838	0.0	0.737824085292
-etu	0.785631517961	0.214368482039	0.0	0.0
-ucu	0.0927410995821	0.861161118567	0.0026185722235	0.0434792096276
-000	0.214199514756	0.276735113693	0.0115755080438	0.497489863507
-rca	0.267031062926	0.508886295131	0.0826660088682	0.141416633075
-eta	0.134509652846	0.0198092648629	0.00137489896616	0.844306183325
-rce	0.0	0.0542940245956	0.0	0.945705975404
-ete	0.133750422726	0.125210137576	0.0120078614734	0.729031578225
-úca	0.558936804991	0.258041768375	0.0634119880662	0.119609438568
-ésu	0.0500008632001	0.0433490435744	0.0091844485878	0.897465644638
-eti	0.0619290601252	0.099754373698	0.00798421042544	0.830332355751
-eto	0.0	1.0	0.0	0.0
-rco	0.008	0.992	0.0	0.0
-ico	0.0455124493341	0.751347116727	0.163493306993	0.0396471269458
-énu	0.765178480626	0.0853249262687	0.118987084308	0.0305095087969
-atu	0.0582884650286	0.690665808191	0.0840751367655	0.166970590015
-uya	0.309637163331	0.524364222776	0.0688729185628	0.0971256953299
-áva	0.103168754606	0.0817980840088	0.0103168754606	0.804716285925
-ías	0.0248227585265	0.93792698966	0.00815548651819	0.0290947652954
-uye	0.060381268131	0.901326150021	0.0382925818483	0.0
-mén	0.00519572953737	0.0740925266904	0.0	0.920711743772
-ebú	0.112749349523	0.887250650477	0.0	0.0
-ría	0.00744906915508	0.956535547651	0.01001870929	0.025996673904
-amí	0.582149398545	0.417850601455	0.0	0.0
-ata	0.0431751116584	0.699049392746	0.00586886819324	0.251906627402
-amá	0.0838379133675	0.916162086632	0.0	0.0
-ato	0.0324409111975	0.880982088747	0.0437468488518	0.0428301512042
-666	0.0592885375494	0.142292490119	0.0237154150198	0.774703557312
-ati	0.454635945486	0.318379637217	0.0361758028578	0.190808614439
-iñu	0.676855895197	0.305676855895	0.0	0.0174672489083
-acu	0.182687170571	0.194906855363	0.0656157435051	0.556790230562
-osa	0.0426742532005	0.871977240398	0.0	0.0853485064011
-ulo	0.0530678048428	0.901460268904	0.0065107530771	0.0389611731757
-sda	0.0	1.0	0.0	0.0
-oso	0.204717593594	0.506383899589	0.259684051071	0.0292144557455
-éma	0.0780919976741	0.0450361657854	0.00249992412708	0.874371912413
-ule	0.0551210037272	0.65263268413	0.0404220694	0.251824242742
-lén	0.0337831670607	0.939232228753	0.00499160269809	0.0219930014878
-nia	0.0116856137111	0.97519331756	0.0050421259161	0.00807894281262
-aca	0.298709309868	0.283375299227	0.0857516464709	0.332163744434
-ave	0.227208440585	0.652186518824	0.119120018103	0.00148502248749
-oma	0.0540278543745	0.749788445387	0.172586980885	0.023596719354
-yhi	0.175592173018	0.583676622039	0.0862512873327	0.154479917611
-aji	0.168507230588	0.656672903225	0.098757537304	0.0760623288828
-aje	0.03078242492	0.902139455105	0.0454844786131	0.0215936413618
-aja	0.162052398269	0.760491598758	0.0110291189977	0.0664268839753
-nós	0.0	1.0	0.0	0.0
-cro	0.398613518197	0.315424610052	0.0	0.28596187175
-nón	0.0	1.0	0.0	0.0
-ate	0.296703296703	0.673992673993	0.029304029304	0.0
-ica	0.385994865601	0.259287036456	0.0892574955243	0.265460602419
-fil	0.0573248407643	0.761146496815	0.18152866242	0.0
-am.	0.0645161290323	0.870967741935	0.0645161290323	0.0
-yre	0.841666666667	0.158333333333	0.0	0.0
-fia	0.0	1.0	0.0	0.0
-óno	0.127954505065	0.808068242403	0.0639772525323	0.0
-éni	0.311626363936	0.30692381752	0.114501388702	0.266948429841
-ldo	0.108333333333	0.843181818182	0.00909090909091	0.0393939393939
-éno	0.0364741641337	0.571428571429	0.392097264438	0.0
-éna	0.0895465170431	0.0611683587645	0.0171136622468	0.832171461946
-lda	0.0	0.792682926829	0.207317073171	0.0
-rnu	0.316933293088	0.619680048295	0.0633866586175	0.0
-lde	0.18018018018	0.74974974975	0.04004004004	0.03003003003
-fre	0.733695652174	0.266304347826	0.0	0.0
-lia	0.00708564179044	0.99291435821	0.0	0.0
-ila	0.0461964890668	0.940868493994	0.0	0.0129350169387
-ilo	0.123817104449	0.79570177766	0.0654461837799	0.0150349341116
-ípa	0.572185987797	0.256581807981	0.137849779087	0.033382425135
-ni.	0.429118773946	0.283524904214	0.114942528736	0.172413793103
-ojo	0.0728903840762	0.893467900196	0.0168208578637	0.0168208578637
-oam	0.0	1.0	0.0	0.0
-mín	0.0	1.0	0.0	0.0
-eba	0.0	1.0	0.0	0.0
-igo	0.0203650874792	0.923206305757	0.0297148887753	0.0267137179889
-ebe	0.132075471698	0.867924528302	0.0	0.0
-lmo	0.33237685318	0.541088793241	0.0426430734896	0.0838912800893
-ami	0.276849421197	0.399174082443	0.171689615851	0.152286880509
-íti	0.0718689776885	0.0431685189156	0.0163620986562	0.86860040474
-amo	0.0	1.0	0.0	0.0
-atá	0.00477326968975	0.973747016706	0.0	0.0214797136038
-ama	0.251477568267	0.547854984632	0.0985485112265	0.102118935874
-íta	0.142683667274	0.550698239223	0.273224043716	0.0333940497875
-ame	0.217896333877	0.668098223532	0.0927167203166	0.0212887222753
-usi	0.231936719638	0.479174669165	0.02304719568	0.265841415517
-iro	0.0270197966827	0.964151952916	0.000802568218299	0.00802568218298
-uso	0.110091743119	0.477064220183	0.275229357798	0.137614678899
-iri	0.0332778702163	0.648918469218	0.201331114809	0.116472545757
-ire	0.347222886476	0.347760932294	0.186004431903	0.119011749326
-usa	0.0816326530611	0.918367346939	0.0	0.0
-món	0.0137683592253	0.98045526018	0.0	0.00577638059453
-mós	0.0	1.0	0.0	0.0
-agé	0.0822784810126	0.594936708861	0.0284810126582	0.294303797468
-guo	0.135135135135	0.165341812401	0.651828298887	0.0476947535771
-emá	0.0	0.979661016949	0.0	0.0203389830508
-eis	0.201210748661	0.186011062236	0.0219502634903	0.590827925613
-áhe	0.392991385357	0.391894322249	0.10181105336	0.113303239034
-usu	0.23598550905	0.549265098092	0.0231749935719	0.191574399286
-vid	0.0121519652519	0.962107216461	0.000164215746648	0.0255766025404
-uza	0.0	1.0	0.0	0.0
-eru	0.170708800968	0.405960401624	0.166166595964	0.257164201444
-uda	0.0	1.0	0.0	0.0
-epa	0.408036556459	0.17715967574	0.0606809579961	0.354122809805
-epo	0.070945945946	0.929054054054	0.0	0.0
-epi	0.292224198588	0.519073063515	0.0596260638333	0.129076674064
-aná	0.00928648815975	0.980266212661	0.00232162203993	0.00812567713975
-cel	0.0943709548073	0.826811071779	0.0189551960729	0.0598627773413
-bén	0.0	1.0	0.0	0.0
-aní	0.0607818759497	0.922641248791	0.00828843762952	0.00828843762951
-cea	0.0	1.0	0.0	0.0
-pia	0.0	0.957356076759	0.042643923241	0.0
-oas	0.0	1.0	0.0	0.0
-hi.	0.468034696008	0.345805557787	0.0680969400048	0.1180628062
-pio	0.0	0.964071856287	0.0	0.0359281437126
-rno	0.10893897409	0.60146570936	0.127928771172	0.161666545378
-rés	0.00154938670109	0.984377017431	0.000903808908972	0.0131697869593
-taz	0.0554675118859	0.900158478605	0.0126782884311	0.0316957210777
-iud	0.0	1.0	0.0	0.0
-tés	0.0	1.0	0.0	0.0
-ace	0.0	0.970149253731	0.0298507462686	0.0
-uem	0.0584415584416	0.922077922078	0.0194805194805	0.0
-uel	0.0252632499913	0.973205643949	0.00153110606008	0.0
-ueo	0.0213903743315	0.949732620321	0.0	0.0288770053476
-uen	0.0327868852459	0.967213114754	0.0	0.0
-ená	0.0	1.0	0.0	0.0
