-ᑬᐊᒥ	0.0	1.0	0.0	0.0
-ᖏᒃᑕ	0.263253988567	0.512430679976	0.17176008873	0.0525552427268
-ᓵᕗᖅ	0.631578947368	0.280701754386	0.0	0.0877192982456
-ᓵᕋᓗ	0.115264797508	0.884735202492	0.0	0.0
-ᒋᔪᑦ	0.141115265811	0.57971061616	0.219996748496	0.0591773695334
-ᑲᒧᑦ	0.0911090633453	0.740762759728	0.00918522041556	0.158942956511
-ᕐᖓᕋ	0.17094017094	0.65811965812	0.102564102564	0.068376068376
-ᓗᒋᑦ	0.342923511449	0.241969566612	0.0564136107741	0.358693311165
-ᓴᒥᑦ	0.00928217821781	0.600866336634	0.0371287128713	0.352722772277
-ᓐᓇᑕ	0.413613787126	0.47508250275	0.0373345778193	0.0739691323044
-ᓯᕚᑦ	0.634362886082	0.223083656371	0.0	0.142553457546
-ᖓᓇᓯ	0.604395604396	0.346153846154	0.032967032967	0.0164835164835
-ᐸᒥᓗ	0.0466433449941	0.813426620023	0.0699650174913	0.0699650174913
-ᒃᑕᓕ	0.0454545454545	0.136363636364	0.0	0.818181818182
-ᓛᑑᓯ	0.112285336856	0.745046235139	0.0554821664465	0.0871862615588
-ᕋᕗᑦ	0.437782583055	0.108118734028	0.377432671516	0.0766660114016
-ᑎᒍᕚ	0.794572774165	0.156985871272	0.0	0.0484413545638
-ᑕᐅᓕ	0.308240671413	0.526284008035	0.0298593962606	0.135615924291
-ᓖᓯᑦ	0.0	0.518072289157	0.0	0.481927710843
-ᖃᖅᐹ	0.37912707154	0.419879101457	0.0624855920699	0.138508234933
-ᓵᕋᓯ	0.761306532663	0.163316582915	0.0753768844221	0.0
-ᐳᐊᒻ	0.0	1.0	0.0	0.0
-ᓱᐊᓂ	0.0686314089624	0.913201453371	0.0	0.0181671376665
-ᓚᕋᒥ	0.554896142433	0.231454005935	0.0	0.213649851632
-ᒃᑕᓯ	0.114871158025	0.577149953431	0.206561109386	0.101417779158
-ᐱᔩᑦ	0.112175102599	0.607387140903	0.00273597811218	0.277701778386
-ᒪᐅᓇ	0.1581667117	0.335888948933	0.23642258849	0.269521750878
-ᓚᕖᑦ	0.086556169429	0.902394106814	0.0	0.0110497237569
-ᕆᕚᒃ	0.231884057971	0.449275362319	0.130434782609	0.188405797101
-ᓪᓕᖅ	0.0678665645477	0.190068930304	0.714407284486	0.0276572206621
-ᖓᕆᑦ	0.161545783362	0.65082809823	0.0146582905007	0.172967827908
-ᓗᕖᑦ	0.0	0.71493913685	0.28506086315	0.0
-ᓄᖕᓂ	0.465331278891	0.395993836672	0.0462249614792	0.0924499229583
-ᔪᖅᓗ	0.307101781764	0.394171966225	0.186632916037	0.112093335975
-ᕆᐊᑉ	0.15434187861	0.708906677475	0.108379775053	0.0283716688621
-ᔪᖅᓕ	0.399448341317	0.231830112853	0.255572197589	0.113149348242
-ᑳᖅᓗ	0.0165745856353	0.983425414365	0.0	0.0
-ᓯᔩᑦ	0.0362766023848	0.737407052436	0.176825978126	0.0494903670536
-ᑑᓗᑕ	0.295950155763	0.369158878505	0.0661993769471	0.268691588785
-ᐳᐊᓯ	0.0466926070038	0.953307392996	0.0	0.0
-ᒪᑐᒪ	0.109603541186	0.103541185527	0.0271362586605	0.759719014627
-ᓯᓖᑦ	0.376418663304	0.289407313998	0.201765447667	0.132408575032
-ᓯᑎᓕ	0.0978323763742	0.53883473539	0.0168246761917	0.346508212044
-ᑎᓪᓕ	0.141637694201	0.374564421945	0.0751077299991	0.408690153855
-ᑦᓮᑕ	0.0431965442765	0.956803455724	0.0	0.0
-ᓘᕚᑦ	0.639344262295	0.0245901639344	0.237704918033	0.0983606557377
-ᕆᐊᑦ	0.0156209320489	0.959385576673	0.0249934912783	0.0
-ᔭᒋᕚ	0.792247276412	0.177349885989	0.0	0.0304028375982
-ᑎᑐᑦ	0.232485374958	0.510549641326	0.113149698932	0.143815284784
-ᐊᔭᕆ	0.0	1.0	0.0	0.0
-ᑭᒃᐹ	0.814238042269	0.0	0.0122358175751	0.173526140156
--ᓄᑦ	0.0156813981169	0.257419754401	0.0138863352655	0.713012512217
-ᖁᑎᒥ	0.630611141157	0.369388858843	0.0	0.0
-ᑕᐅᑉ	0.0293198501182	0.931443686845	0.00779354402776	0.0314429190086
-ᓐᓇᓗ	0.222885006598	0.0454835777976	0.0111704178074	0.720460997797
-ᓐᓇᓕ	0.0948825526513	0.0406442352811	0.00734908498716	0.85712412708
-ᓯᑐᑦ	0.339220197132	0.401661939988	0.0796858576444	0.179432005236
-ᓚᓯᒃ	0.632	0.12	0.096	0.152
-ᒐᓮᑦ	0.188153310104	0.731707317073	0.01393728223	0.0662020905923
-ᒥᔪᖅ	0.484543027521	0.288829561616	0.0454103146286	0.181217096235
-ᕗᖅᓕ	0.426394749179	0.263791217378	0.0746210345367	0.235192998906
-ᓚᖕᒥ	0.00696344192986	0.834701152284	0.0303407112658	0.12799469452
-ᑉᐲᑦ	0.745098039216	0.137254901961	0.0	0.117647058824
-ᒪᓰᑦ	0.0495049504951	0.950495049505	0.0	0.0
-ᓐᓇᓯ	0.223704299801	0.17193141043	0.0479972661181	0.556367023651
-ᑐᓯᓗ	0.158692280158	0.510559599093	0.330748120749	0.0
-ᒥᔪᖓ	0.0845070422535	0.68544600939	0.0985915492958	0.131455399061
-ᔨᔪᖅ	0.550100310049	0.232682837862	0.124749224877	0.0924676272113
-ᓱᐊᑉ	0.0	1.0	0.0	0.0
-ᐳᖓᓗ	0.465074036669	0.227620597032	0.114141993197	0.193163373103
-ᕆᐊᒥ	0.0520159386313	0.835908311449	0.0697605063249	0.0423152435943
-ᔪᖅᐹ	0.313322368421	0.0822368421053	0.0370065789474	0.567434210526
-ᖁᑏᑦ	0.275167785235	0.58389261745	0.0201342281879	0.120805369127
-ᓚᖕᓂ	0.51066098081	0.279317697228	0.0271855010661	0.182835820896
-ᓐᓇᒃ	0.0948616600791	0.0711462450593	0.0	0.833992094862
-ᒃᐸᖓ	0.053715308863	0.340196956132	0.498657117278	0.107430617726
-ᒪᓗᓯ	0.356557607952	0.320556159201	0.119159724737	0.203726508109
-ᕈᑦᓯ	0.388842557809	0.345586529535	0.105281818822	0.160289093835
-ᕆᐊᓗ	0.227699530516	0.772300469484	0.0	0.0
-ᑑᕘᒃ	0.0	0.877640203933	0.0	0.122359796067
-ᒪᐅᑉ	0.033615601745	0.646651270208	0.00179625352836	0.317936874519
-ᕌᑉᐰ	0.00398406374502	0.900398406374	0.0	0.0956175298805
-ᓐᓇᒍ	0.380356444368	0.2386734047	0.0794828679204	0.301487283011
-ᑎᒊᑦ	0.217650566488	0.487179487179	0.035778175313	0.25939177102
-ᒍᓗᒍ	0.455054432348	0.182892690513	0.0	0.362052877138
-ᖂᓪᓗ	0.140581068416	0.848172446111	0.0112464854733	0.0
-ᕔᕈᒃ	0.402259996137	0.518640139077	0.0790998647865	0.0
-ᕐᖓᖓ	0.326858108108	0.647804054054	0.0253378378378	0.0
-ᑑᒐᒥ	0.221689059501	0.181190019194	0.578694817658	0.0184261036468
-ᑑᒐᒪ	0.0665362035226	0.199608610568	0.704500978473	0.0293542074364
-ᓂᓯᒃ	0.578231292517	0.0408163265305	0.0	0.380952380952
-ᔭᕕᑦ	0.419630156472	0.238975817923	0.0	0.341394025605
-ᒪᐅᑦ	0.229563949957	0.591886311187	0.0	0.178549738856
-ᖔᖅᓕ	0.477509681263	0.0905570449807	0.122132856717	0.309800417039
-ᕋᑏᑦ	0.0129222817057	0.760291674359	0.226786043936	0.0
-ᓐᓇᒥ	0.526684295432	0.0918192552679	0.0263433617722	0.355153087528
-ᓐᓇᒪ	0.422253932609	0.284990316891	0.121683278668	0.171072471832
-ᓛᓪᓗ	0.160426295556	0.50897631735	0.0835046081231	0.247092778971
-ᕚᑏᑦ	0.231527093596	0.733374384236	0.0	0.0350985221675
-ᓛᓪᓕ	0.00983606557377	0.131147540984	0.209836065574	0.649180327869
-ᕆᒃᐹ	0.274562184624	0.493915108341	0.195903829029	0.0356188780053
-ᕆᐊᓯ	0.0119284294235	0.976143141153	0.0	0.0119284294235
-ᔪᖅᑳ	0.541944074567	0.238348868176	0.0	0.219707057257
-ᒌᓪᓗ	0.231175242073	0.655667362825	0.0569584203532	0.0561989747485
-ᓴᒥᒃ	0.18564230034	0.342514816028	0.179148844349	0.292694039282
-ᑭᕘᒃ	0.0	1.0	0.0	0.0
-ᓗᒋᒃ	0.380849692921	0.391939090635	0.0617134852328	0.165497731211
-ᓕᑎᑦ	0.183150059402	0.776056710754	0.0313339301701	0.00945929967396
-ᒪᐅᖓ	0.160546689157	0.102806972017	0.0256044288742	0.711041909952
-ᕐᖓᑕ	0.370634171458	0.297348322321	0.0502016648073	0.281815841414
-ᖁᖅᓗ	0.375939849624	0.330827067669	0.0	0.293233082707
-ᖏᑕᓂ	0.540684410646	0.107984790875	0.0	0.351330798479
-ᒌᕋᒥ	0.570850202429	0.0890688259109	0.0	0.34008097166
-ᑕᒐᓗ	0.0	0.738207512306	0.0	0.261792487694
-ᑕᒐᓕ	0.337241764377	0.388051367951	0.0	0.274706867672
-ᐃᖅᐹ	0.539353204754	0.376436781609	0.0381842976816	0.0460257159556
-ᑎᖅᐹ	0.795562599049	0.0903328050713	0.0380348652932	0.0760697305863
-ᓈᓗᒃ	0.613986013986	0.33006993007	0.0559440559441	0.0
-ᕕᓂᖅ	0.472271964186	0.366055773177	0.0711854131692	0.0904868494684
-ᐅᖅᐹ	0.476669519501	0.288413392958	0.0734185719006	0.16149851564
-ᐅᖅᐸ	0.57707641196	0.251162790698	0.101993355482	0.0697674418605
-ᓕᓐᖓ	0.769781636583	0.0675392499266	0.00639749322714	0.156281620263
-ᒋᒍᓂ	0.699539219321	0.0457602881203	0.0166834383772	0.238017054181
-ᓗᓄᑦ	0.577840112202	0.093267882188	0.25175315568	0.07713884993
-ᐅᖅᑏ	0.0	0.86384634087	0.0340384147824	0.102115244347
-ᒥᔪᑦ	0.52499233364	0.465808034345	0.0	0.00919963201474
-ᒍᓪᓕ	0.171887477314	0.0935660043939	0.0542781067915	0.680268411501
-ᒍᓪᓗ	0.211293129133	0.318411821266	0.041867698443	0.428427351157
-ᒪᑐᖓ	0.903846153846	0.0961538461539	0.0	0.0
-ᑐᕾᑦ	0.382557845721	0.259394289427	0.350467458398	0.00758040645418
-ᓯᐅᑦ	0.385141684246	0.499116255203	0.115742060551	0.0
-ᒡᒥᓗ	0.031185031185	0.927234927235	0.04158004158	0.0
-ᔨᔪᑦ	1.0	0.0	0.0	0.0
-ᐅᖅᑕ	0.336543700029	0.410258092065	0.0781464382332	0.175051769673
-ᐊᑏᑦ	0.70243902439	0.151219512195	0.146341463415	0.0
-ᕙᖏᑦ	0.164904862579	0.798097251586	0.0	0.0369978858351
-ᓇᖔᑦ	0.53050397878	0.310344827586	0.159151193634	0.0
-ᒃᑭᕚ	0.709532949456	0.0927703134997	0.021113243762	0.176583493282
-ᐃᔩᒃ	0.0721153846153	0.715144230769	0.0685096153846	0.144230769231
-ᓗᑕᓗ	0.361524157454	0.391826457784	0.125183904992	0.12146547977
-ᐱᓂᒃ	0.0433884532441	0.947538175244	0.00907337151174	0.0
-ᔨᑬᐊ	0.0	1.0	0.0	0.0
-ᕙᖏᑕ	0.00922367409684	0.193697156034	0.797079169869	0.0
-ᓇᒡᓗ	0.163566322184	0.146105122791	0.581427566026	0.108900988999
-ᑰᖕᒥ	0.0753768844221	0.693467336683	0.0	0.231155778894
-ᒋᕖᑦ	0.293193717277	0.560209424084	0.0628272251309	0.0837696335077
-ᓗᑕᓕ	0.33531878078	0.569180087848	0.090842539598	0.00465859177426
-ᓕᖓᓂ	0.295336787565	0.533678756477	0.0777202072538	0.0932642487047
-ᒪᑎᑦ	0.475044168128	0.254149788732	0.0533712205182	0.217434822622
-ᓯᐅᑉ	0.0424619636851	0.651739834394	0.0147112982359	0.291086903685
-ᒋᒍᒃ	0.410357958873	0.526732673267	0.037319116527	0.0255902513328
-ᔨᒥᒃ	0.277087308545	0.649811768346	0.0348099633851	0.0382909597236
-ᑕᐅᕙ	0.424657534247	0.520547945206	0.0	0.0547945205479
-ᔫᓂᖓ	0.0268817204301	0.841013824885	0.0860215053763	0.0460829493088
-ᑕᐅᕚ	0.256578947368	0.615131578947	0.0493421052632	0.078947368421
-ᖓᔫᑉ	0.361636194608	0.199876045863	0.435388906105	0.00309885342424
-ᕆᐊᖓ	0.291675790659	0.669346513592	0.0389776957488	0.0
-ᐃᔩᑦ	0.11811023622	0.88188976378	0.0	0.0
-ᖃᖓᓗ	0.427077280651	0.109238814643	0.0	0.463683904707
-ᒪᑎᒐ	0.261639344262	0.604590163934	0.0996721311475	0.0340983606558
-ᐅᔨᕚ	0.752727272727	0.16	0.0872727272727	0.0
-ᑎᒧᑦ	0.114876532824	0.438181865275	0.0117282945883	0.435213307313
-ᕕᐅᒃ	0.621362007727	0.208678834239	0.0360794831214	0.133879674913
-ᒃᐲᑦ	0.502804691484	0.219275879653	0.0152983171851	0.262621111678
-ᐅᒪᕚ	0.72110365399	0.27889634601	0.0	0.0
-ᒪᑐᕚ	0.031914893617	0.968085106383	0.0	0.0
-ᒪᑎᒃ	0.476528946146	0.257026690154	0.136438522498	0.130005841202
-ᓗᒡᓗ	0.107053597814	0.751801140359	0.109009939775	0.0321353220519
-ᓗᒡᓖ	0.237051792829	0.733731739708	0.0292164674635	0.0
-ᖔᑎᒃ	0.579374275782	0.323290845886	0.0695249130939	0.0278099652375
-ᐄᓛᒃ	0.412414965986	0.114795918367	0.170918367347	0.301870748299
-ᑑᓪᓕ	0.103353163872	0.516549486209	0.354858482062	0.0252388678565
-ᑑᓪᓗ	0.126550424496	0.518559214918	0.345641147985	0.00924921260114
-ᓯᐅᒃ	0.518409490964	0.292645633179	0.082117140766	0.106827735092
-ᑕᒪᑦ	0.0188034188034	0.279914529914	0.0025641025641	0.698717948718
-ᔭᓯᒃ	0.469823832809	0.449795699645	0.00401902337733	0.076361444169
-ᒤᕗᖅ	0.398230088495	0.601769911505	0.0	0.0
-ᑎᒧᑎ	0.125440451022	0.742071881607	0.0	0.132487667371
-ᑎᒧᑏ	0.0337078651685	0.915730337079	0.0	0.0505617977528
-ᐊᓇᓯ	0.0437991240175	0.776884462311	0.0044999100018	0.17481650367
-ᖑᔫᑉ	0.294651384909	0.437917860554	0.174307545368	0.0931232091691
-ᓐᓇᖅ	0.170129541025	0.159679174747	0.12731139588	0.542879888347
-ᑎᖅᓗ	0.049365303244	0.901269393512	0.049365303244	0.0
-ᓇᒃᑯ	0.493226943774	0.357951382446	0.122471701614	0.0263499721655
-ᓐᓇᖓ	0.228010433815	0.477211735787	0.0779829961888	0.216794834209
-ᖅᕖᑦ	0.0416016503134	0.935706540425	0.0226918092619	0.0
-ᑐᖃᓯ	0.173652694611	0.221556886228	0.431137724551	0.173652694611
-ᐅᖅᓕ	0.447359279946	0.291724176091	0.0289847498839	0.231931794079
-ᓱᒋᑦ	0.557605747161	0.307667849087	0.0512614143341	0.0834649894179
-ᐅᖅᓗ	0.634175691938	0.146811070999	0.219013237064	0.0
-ᓗᓄᒃ	0.482193278076	0.350214044995	0.0193095910375	0.148283085891
-ᖏᒧᑦ	0.661538461538	0.0615384615385	0.0923076923076	0.184615384615
-ᔭᓯᓗ	0.469893601903	0.280389469293	0.206396721417	0.0433202073869
-ᔭᓯᓕ	0.153005464481	0.650273224044	0.0	0.196721311475
-ᖃᕕᑦ	0.309090909091	0.527272727273	0.0727272727273	0.0909090909091
-ᒋᔪᖅ	0.251757768201	0.0844484766009	0.303167762909	0.360625992289
-ᓕᑎᒃ	0.66814159292	0.121681415929	0.21017699115	0.0
-ᒪᑎᓯ	0.0899632802937	0.553855569156	0.0	0.356181150551
-ᓁᓴᓇ	0.0	1.0	0.0	0.0
-ᕋᕘᒃ	0.241610738255	0.758389261745	0.0	0.0
-ᓯᐅᓇ	0.319339791891	0.0958019375673	0.100466451381	0.48439181916
-ᓵᓇᓂ	0.0588235294118	0.450980392157	0.254901960784	0.235294117647
-ᓄᑯᐊ	0.157788944724	0.101507537688	0.0568844221105	0.683819095478
-ᒋᕚᖔ	0.19298245614	0.0701754385965	0.0	0.736842105263
-ᓪᓛᖅ	0.169491525424	0.378531073446	0.225988700565	0.225988700565
-ᐹᖅᐹ	0.7592778335	0.150451354062	0.0902708124373	0.0
-ᒨᕋᓗ	0.0	1.0	0.0	0.0
-ᒪᔫᒃ	0.313765092132	0.55821981796	0.0044842650343	0.123530824873
-ᒃᓗᖓ	0.360951385259	0.467590172504	0.0266596968113	0.144798745426
-ᑕᖅᑕ	0.390557939914	0.326180257511	0.0	0.283261802575
-ᓪᑬᑉ	0.0	1.0	0.0	0.0
-ᓗ-ᐃ	0.0	0.98418972332	0.0158102766798	0.0
-ᒤᕗᑦ	0.64880952381	0.0396825396825	0.0	0.311507936508
-ᔭᓂᑦ	0.0970394153061	0.434756755122	0.269300021077	0.198903808494
-ᓯᕗᑦ	0.530359826361	0.253503542147	0.0770306144923	0.139106017
-ᑕᑦᑕ	0.00481830957639	0.746436458542	0.0	0.248745231881
-ᑎᒃᓗ	0.454898430026	0.300433290192	0.0478307354679	0.196837544314
-ᐊᑎᕚ	0.303867403315	0.386740331492	0.187845303867	0.121546961326
-ᑕᖓᒃ	0.20670421611	0.0755728112867	0.419150216	0.298572756603
-ᖃᓖᑦ	0.0140845070423	0.668231611894	0.0547730829421	0.262910798122
-ᕋᒐᒪ	0.0491942651776	0.48958534606	0.401708080535	0.0595123082274
-ᑐᓗᓂ	0.604519774011	0.361581920904	0.0338983050848	0.0
-ᑭᓗᒍ	0.494905385735	0.257641921397	0.225618631732	0.0218340611354
-ᔩᓪᓗ	0.0945650584406	0.728474234972	0.117660044274	0.059300662314
-ᓂᖁᕚ	0.731254463223	0.192573196858	0.0	0.0761723399191
-ᕈᐊᑉ	0.0153452685422	0.869565217391	0.0	0.115089514066
-ᑕᓄᑦ	0.0780216793985	0.760235816299	0.160474350071	0.00126815423171
-ᓘᕕᑦ	0.522123893805	0.212389380531	0.0353982300885	0.230088495575
-ᒋᓇᖓ	0.199354656196	0.586090862876	0.099907048371	0.114647432557
-ᑯᐊᖓ	0.502248875562	0.359820089955	0.0179910044978	0.119940029985
-ᕙᒍᒃ	0.262579525737	0.0867553499133	0.0364372469636	0.614227877386
-ᔪᐊᑕ	0.17627308338	0.287912702854	0.26440962507	0.271404588696
-ᖏᓖᑦ	0.020909757887	0.950476889215	0.0	0.028613352898
-ᐅᓃᑦ	0.262989007988	0.483716802075	0.130231446713	0.123062743224
-ᐃᔅᓕ	0.0	1.0	0.0	0.0
-ᖁᐊᓂ	0.0594059405941	0.405940594059	0.415841584158	0.118811881188
-ᑭᓗᓯ	0.317343173432	0.660516605166	0.0	0.0221402214022
-ᔨᒪᕙ	0.213649851632	0.569732937685	0.181008902077	0.0356083086053
-ᔪᓐᖓ	0.342857142857	0.571428571429	0.0571428571429	0.0285714285714
-ᒤᕘᒃ	0.560465116279	0.344573643411	0.0	0.09496124031
-ᐋᒻᓗ	0.0	0.995198079232	0.0	0.00480192076831
-ᒐᒃᑯ	0.483007560529	0.265014175992	0.0703680507635	0.181610212715
-ᖃᖏᑕ	0.251700680272	0.0272108843537	0.721088435374	0.0
-ᕌᐲᑦ	0.612244897959	0.266581632653	0.121173469388	0.0
-ᖅᓘᒃ	0.259597806216	0.429616087751	0.310786106033	0.0
-ᕙᔫᑉ	0.372935535429	0.131592967501	0.0479488545552	0.447522642515
-ᓗᖑᓇ	0.0847672064777	0.235829959514	0.0151821862348	0.664220647773
-ᐊᐅᒃ	0.0185185185185	0.981481481482	0.0	0.0
-ᖏᕈᑖ	0.233909610151	0.507149154751	0.00536665772223	0.253574577376
-ᑕᖅᐹ	0.503073836795	0.313466640782	0.0543583770142	0.129101145409
-ᓈᓁᑦ	0.0242424242424	0.975757575758	0.0	0.0
-ᑎᓂᑦ	0.161421803533	0.703125964261	0.0404146520336	0.0950375801727
-ᓪᓇᓯ	0.476923076923	0.307692307692	0.215384615385	0.0
-ᓐᓂᒃ	0.190027642742	0.262934510632	0.0453509169386	0.501686929688
-ᕋᒐᒥ	0.287527133077	0.282935381533	0.122724995826	0.306812489564
-ᓗᖑᓗ	0.701492537313	0.238805970149	0.0597014925373	0.0
-ᐊᐅᒐ	0.419785320568	0.527995358283	0.0	0.0522193211489
-ᒨᕋᒥ	0.0	0.847009735744	0.152990264256	0.0
-ᓚᔪᖅ	0.721417069243	0.0885668276973	0.0257648953301	0.164251207729
-ᖑᓗᓂ	0.17557734894	0.311293894337	0.385004745334	0.128124011389
-ᖏᕈᑎ	0.314396384764	0.298256939961	0.0	0.387346675274
-ᑎᒡᓕ	0.502625987251	0.253808683799	0.0903359660026	0.153229362947
-ᑕᖓᓗ	0.107142857143	0.714285714286	0.00857142857144	0.17
-ᔨᕕᑦ	0.722291928063	0.177331660393	0.100376411543	0.0
-ᑕᖓᓕ	0.068669527897	0.407725321888	0.317596566523	0.206008583691
-ᓂᒎᖅ	0.282931231668	0.371731773163	0.0758933503458	0.269443644823
-ᕅᔪᖅ	0.475645855759	0.335979547901	0.136571582347	0.0518030139935
-ᒪᓐᓇ	0.193987951314	0.0452850293021	0.00540961436007	0.755317405024
-ᕌᖓᕚ	0.425696594427	0.357585139319	0.0232198142415	0.193498452012
-ᑉᐳᖅ	0.422754851566	0.15408649749	0.0877415429118	0.335417108032
-ᔩᓇᓯ	0.15961305925	0.380894800484	0.241837968561	0.217654171705
-ᓲᓂᒃ	0.0	0.683706070288	0.316293929712	0.0
-ᓇᐅᕚ	0.595712861416	0.189930209372	0.0274177467597	0.186939182453
-ᑲᖏᑦ	0.362678204915	0.473955733067	0.128418483386	0.034947578632
-ᕙᔫᒃ	0.213903743316	0.475935828877	0.0	0.310160427807
-ᓪᓗᒍ	0.294952817421	0.30139406683	0.0717233532606	0.331929762489
-ᖅᓘᑉ	0.262864549579	0.464938431627	0.0155541153597	0.256642903435
-ᖅᑐᖓ	0.408711001827	0.341573800447	0.0679211125899	0.181794085136
-ᑕᑦᓯ	0.130537650434	0.369676590037	0.0244513580983	0.475334401431
-ᕈᓂᓕ	0.265784982935	0.278725824801	0.0782138794084	0.377275312856
-ᓇᐅᕖ	0.192307692308	0.153846153846	0.0	0.653846153846
-ᕈᓂᓗ	0.47355606655	0.357635601244	0.0961720546462	0.0726362775599
-ᕾᕗᖓ	0.983097619869	0.0169023801311	0.0	0.0
-ᒦᒡᓕ	0.12999623727	0.549686236906	0.254044934274	0.0662725915496
-ᔭᓂᓕ	0.53916146298	0.20089206066	0.157359500446	0.102586975914
-ᓵᓪᓗ	0.036036036036	0.936936936937	0.0	0.027027027027
-ᕚᑎᑦ	0.22894825837	0.568075752452	0.0180926614812	0.184883327697
-ᐊᐅᑉ	0.0174247567323	0.974654899299	0.0	0.00792034396922
-ᓴᓃᑦ	0.596153846154	0.239010989011	0.0	0.164835164835
-ᒧᖔᖅ	0.194513055752	0.694336626676	0.0	0.111150317572
-ᓘᕕᓯ	0.195357833656	0.16247582205	0.618955512573	0.0232108317215
-ᕾᕗᖅ	0.749386610585	0.123378899404	0.00385559060639	0.123378899404
-ᒍᒥᒃ	0.255924170616	0.715639810427	0.0	0.0284360189573
-ᒍᒧᑦ	0.0	0.523137946232	0.0308505949758	0.446011458792
-ᑐᒍᒃ	0.043630017452	0.386561954625	0.303664921466	0.266143106457
-ᐅᕗᑦ	0.517106888916	0.258766965651	0.0754868757703	0.148639269663
-ᑍᑑᓯ	0.020316027088	0.955981941309	0.00677200902935	0.0169300225733
-ᑏᖕᓂ	0.653465346535	0.108910891089	0.0	0.237623762376
-ᖓᖏᑕ	0.108262108262	0.85754985755	0.017094017094	0.017094017094
-ᒪᔫᑉ	0.363794983642	0.480609758927	0.136105246061	0.0194900113692
-ᑐᒥᖓ	0.112490041062	0.0383495740639	0.00404486118772	0.845115523687
-ᑕᖓᑦ	0.314727952818	0.44174633474	0.0958041365481	0.147721575894
-ᒋᕗᖓ	0.633113899258	0.132446306957	0.0139604091062	0.220479384679
-ᕌᒃᑲ	0.218181818182	0.563636363636	0.0	0.218181818182
-ᖅᐴᒃ	0.475612750648	0.291682712966	0.0363943030197	0.196310233366
-ᕐᓯᓯ	0.0	1.0	0.0	0.0
-ᓗᒌᑦ	0.384903774056	0.366408397901	0.101224693827	0.147463134216
-ᑎᓂᓗ	0.156024601526	0.395336388559	0.0277434568771	0.420895553038
-ᖁᐊᑕ	0.347602739726	0.532534246575	0.0171232876713	0.102739726027
-ᑎᓂᓕ	0.580498866213	0.0680272108844	0.249433106576	0.102040816327
-ᒍᒥᓕ	0.380733944954	0.45871559633	0.0917431192661	0.0688073394496
-ᒍᒥᓗ	0.173535791757	0.826464208243	0.0	0.0
-ᐱᖕᓂ	0.414634146341	0.239467849224	0.0532150776053	0.292682926829
-ᑎᑭᓂ	0.685314685315	0.314685314685	0.0	0.0
-ᔭᒧᑦ	0.270337162604	0.59318670029	0.0760016811432	0.0604744559633
-ᑐᕆᑦ	0.538919617264	0.13127296217	0.170838548185	0.158968872381
-ᐊᑎᖓ	0.0812149224167	0.738527566854	0.00396170353252	0.176295807197
-ᐅᑏᑦ	0.315426301207	0.636271759397	0.0219554269982	0.0263465123979
-ᐹᖅᓗ	0.0425409416581	0.336809109519	0.620649948823	0.0
-ᓴᓯᓗ	0.384210526316	0.468421052632	0.0842105263158	0.0631578947369
-ᔭᓂᒃ	0.163847655218	0.661850691326	0.0231287760203	0.151172877435
-ᖓᖏᑦ	0.0780516431924	0.85524256651	0.00547730829421	0.0612284820032
-ᖁᒧᑦ	0.0572207084469	0.523160762943	0.209809264305	0.209809264305
-ᑕᖓᑕ	0.186615308717	0.601444600458	0.042281760338	0.169658330487
-7-ᑦ	0.00405542412977	0.00202771206488	0.0	0.993916863805
-ᕇᕋᒥ	0.296398500984	0.128594513785	0.00458000754693	0.570426977685
-ᐅᔧᑦ	0.149790100106	0.655533514785	0.00092263689625	0.193753748212
-ᑍᑲᓂ	0.468918918919	0.0283783783784	0.0	0.502702702703
-ᑯᐊᓖ	0.673708920188	0.227699530516	0.0	0.0985915492958
-ᑯᐊᓗ	0.145538498023	0.0308221327884	0.0051858465101	0.818453522679
-ᑯᐊᓕ	0.160346875269	0.0411366999078	0.0112794177167	0.787237007106
-ᕼᐊᔾ	0.0	1.0	0.0	0.0
-ᓇᐅᓇ	0.183673469388	0.122448979592	0.0	0.69387755102
-ᑯᐊᓂ	0.25142920575	0.345784536826	0.0399622578676	0.362823999556
-ᓕᕗᖅ	0.219313671672	0.197545288051	0.398134069148	0.185006971129
-ᓵᓄᑦ	0.211756373938	0.101983002833	0.0169971671388	0.669263456091
-ᒃᓗᒍ	0.655690811429	0.0488192480056	0.00858150843849	0.286908432127
-ᒋᔧᑦ	0.380113689311	0.303746155997	0.0521852576648	0.263954897027
-ᔨᒥᑦ	0.151407407407	0.727259259259	0.0751851851851	0.0461481481481
-ᒋᓇᒍ	0.327693879868	0.335064709165	0.058343339075	0.278898071892
-ᐸᓯᓗ	0.377304147465	0.578917050691	0.0230414746544	0.020737327189
-ᒥᖑᓇ	0.170648464164	0.726962457338	0.0	0.102389078498
-ᐸᓯᓕ	0.445407279029	0.457538994801	0.0138648180242	0.0831889081455
-ᓄᐊᒥ	0.11743772242	0.811387900356	0.00711743772241	0.0640569395017
-ᓂᕚᓗ	0.393431783117	0.421423848358	0.185144368525	0.0
-3-ᑉ	0.0	0.449451887942	0.0	0.550548112058
-ᔪᑏᑦ	0.440982887231	0.385256691531	0.0737165423431	0.100043878894
-ᒋᕗᑦ	0.411879530482	0.432734345439	0.0604387684622	0.0949473556164
-ᕌᒎᒃ	0.405405405405	0.220374220374	0.0	0.37422037422
-ᓴᐅᑉ	0.106013287098	0.80664849233	0.0239485438874	0.0633896766838
-ᑎᓂᕋ	0.503039513678	0.387537993921	0.0	0.109422492401
-ᓂᖓᑕ	0.0885737439211	0.763664884172	0.0258374623712	0.121923909536
-ᓂᖏᒃ	0.0693706925771	0.844537340414	0.0454185967687	0.0406733702406
-ᓇᐅᒃ	0.45145631068	0.315533980582	0.0	0.233009708738
-ᑖᓘᑉ	0.0645855758881	0.806243272336	0.129171151776	0.0
-ᑍᒪᓕ	0.28640776699	0.0517799352751	0.0194174757281	0.642394822007
-ᑍᒪᓖ	0.708932753429	0.147206423553	0.0	0.143860823018
-ᑐᖏᑕ	0.3663003663	0.391941391941	0.175824175824	0.065934065934
-ᕆᒥᑦ	0.0	0.98773006135	0.0	0.0122699386503
-ᑯᐊᒃ	0.11596125151	0.0538831387224	0.0124345704744	0.817721039293
-ᓅᒪᑕ	0.417633410673	0.129930394432	0.452436194896	0.0
-ᕾᕗᑦ	0.775790921596	0.0110041265475	0.0646492434663	0.148555708391
-ᒃᓗᓂ	0.581054789545	0.152083157104	0.031208793396	0.235653259956
-ᕅᔪᑦ	0.0352941176471	0.964705882353	0.0	0.0
-ᑉᐳᑦ	0.339925833862	0.145622872769	0.0869800782347	0.427471215134
-ᓃᑦᑐ	0.279329608939	0.126097366321	0.047885075818	0.546687948923
-ᓕᒃᓰ	0.36815920398	0.393034825871	0.149253731343	0.089552238806
-ᖁᓖᑦ	0.0356718192628	0.934601664685	0.0	0.0297265160523
-ᐸᓯᒃ	0.751875106058	0.186653656881	0.0347446122518	0.0267266248091
-ᐊᓂᓕ	0.0737420347176	0.0131839156229	0.0131839156229	0.899890134036
-ᓂᖓᑦ	0.280267812688	0.535711852415	0.0981735279473	0.0858468069495
-ᕌᖓᒥ	0.46095913858	0.3907509414	0.0785796533159	0.0697102667041
-ᓂᕚᒃ	0.743451981195	0.14237743452	0.0134318334453	0.100738750839
-ᓯᔭᓂ	0.312138728324	0.445809248555	0.173410404624	0.0686416184971
-ᒃᓗᓯ	0.136177405954	0.77357247228	0.0340944904449	0.0561556313211
-ᒫᑎᑦ	0.622410546139	0.275517890772	0.0286252354049	0.0734463276836
-ᓂᓪᓕ	0.406108405522	0.289985490382	0.0729963079487	0.230909796147
-ᐅᒪᑕ	0.206896551724	0.463054187192	0.192118226601	0.137931034483
-ᑐᓯᒃ	0.19341563786	0.567901234568	0.189300411523	0.0493827160494
-ᓇᐅᑉ	0.0822206906058	0.396588324488	0.0286001791991	0.492590805707
-ᐅᑍᑦ	0.29189373297	0.364100817439	0.0374659400545	0.306539509537
-ᕌᖓᑕ	0.395423233176	0.408533354268	0.0288501167743	0.167193295782
-ᐱᐅᒃ	0.419136874919	0.356617391563	0.0550398602162	0.169205873301
-ᑎᓂᖅ	0.127375791931	0.490830276759	0.292097365789	0.0896965655219
-ᓗᒐᓯ	0.404109589041	0.595890410959	0.0	0.0
-ᓂᖏᑕ	0.285603316102	0.487339610951	0.137824905135	0.0892321678132
-ᕔᒥᒃ	0.0	1.0	0.0	0.0
-ᐊᖁᓯ	0.291095890411	0.143835616438	0.41095890411	0.154109589041
-ᒫᑎᒃ	0.518969219757	0.481030780243	0.0	0.0
-ᑯᐊᑉ	0.0474777448071	0.899109792285	0.0178041543027	0.0356083086053
-ᓂᕚᑦ	0.41857064522	0.441235605922	0.121001645037	0.0191921038201
-ᓂᖏᑦ	0.266874379129	0.53374414908	0.0633697651819	0.136011706609
-ᓴᓕᒃ	0.33086804204	0.277929155313	0.358115998443	0.0330868042039
-ᓐᓂᓗ	0.197439341738	0.503122137104	0.0690467224586	0.230391798699
-ᑕᒃᑲ	0.565062927355	0.188258256374	0.0465817389644	0.200097077307
-ᓐᓅᒃ	0.217665615142	0.429022082019	0.0	0.353312302839
-ᓯᐱᓗ	0.186295503212	0.698072805139	0.0	0.115631691649
-ᒋᕗᓯ	0.52820363021	0.229104131832	0.0537279155503	0.188964322408
-ᖅᐸᒍ	0.753743154854	0.162188391546	0.0247260157647	0.0593424378353
-ᑯᐊᑦ	0.531496062992	0.468503937008	0.0	0.0
-ᕆᒥᒃ	0.0198609731877	0.821865985719	0.0211377500354	0.137135291058
-ᒋᓕᓯ	0.178084245241	0.235646829561	0.0151401588967	0.571128766302
-ᐊᖅᓗ	0.158672340863	0.737701950544	0.0201430850405	0.0834826235528
-ᑳᒧᓪ	0.0	0.923034634414	0.0769653655855	0.0
-ᖏᓖᖓ	0.08357154868	0.615436354465	0.00336304018833	0.297629056667
-ᑰᓪᓗ	0.0311282515446	0.960607610877	0.0	0.0082641375782
-ᕆᔫᒃ	0.793332513224	0.206667486776	0.0	0.0
-ᒃᓗᑕ	0.438459940775	0.342418901852	0.0758483978905	0.143272759483
-ᐅᖁᕚ	0.568050821973	0.35181936648	0.0380287690458	0.042101042502
-ᓄᐊᑉ	0.0469825304394	0.921254632081	0.0	0.0317628374801
-ᓂᖓᓕ	0.228846388217	0.326927764333	0.154702108397	0.289523739053
-ᓂᖓᓗ	0.27974626809	0.462713564022	0.117123105557	0.140417062331
-ᐱᓐᓂ	0.0217741935484	0.349193548387	0.268548387097	0.360483870968
-ᓂᖓᓂ	0.256539313586	0.306555732764	0.0549951665393	0.38190978711
-ᐂᒨᓯ	0.0	1.0	0.0	0.0
-ᓄᐊᑕ	0.565495207668	0.357827476038	0.0	0.076677316294
-ᕈᓂᖓ	0.764949521098	0.0253688842868	0.116489774786	0.0931918198291
-ᑕᕝᕙ	0.147156357966	0.00508459096166	0.00229557482236	0.84546347625
-ᐳᓂᒃ	0.0	1.0	0.0	0.0
-ᑭᕋᖅ	0.747667560322	0.207292225201	0.0	0.0450402144772
-ᑕᕝᕚ	0.434389140272	0.135746606335	0.0	0.429864253394
-ᑉᐳᓯ	0.204009538108	0.457210986488	0.163748564868	0.175030910536
-ᕆᒥᓗ	0.153583617747	0.846416382253	0.0	0.0
-ᓯᓯᓗ	0.190674879131	0.479501953772	0.00397377309755	0.325849394
-ᓴᒥᓗ	0.114854517611	0.683001531394	0.110260336907	0.0918836140888
-ᑖᕈᓂ	0.542483660131	0.37908496732	0.0	0.078431372549
-ᒃᐹᑦ	0.525457560908	0.0737991956681	0.00847736912191	0.392265874302
-ᑬᔫᑉ	0.691588785047	0.252336448598	0.0560747663551	0.0
-ᑕᓂᖅ	0.0530356825848	0.864474229244	0.00621338540742	0.0762767027634
-ᓪᓕᑦ	0.165217391304	0.3	0.469565217391	0.0652173913044
-ᐊᑎᒃ	0.176470588235	0.734456681724	0.0182713292392	0.0708014008019
-ᐸᒥᑦ	0.0	0.945945945946	0.0	0.0540540540541
-ᒋᐸᓯ	0.7	0.3	0.0	0.0
-ᕌᒪᒥ	0.0	0.628318584071	0.0	0.371681415929
-ᖓᑐᖅ	0.361666666667	0.638333333333	0.0	0.0
-ᓗᓂᓕ	0.323841398991	0.246799653201	0.201866678835	0.227492268973
-ᖓᓅᑦ	0.533333333333	0.266666666667	0.111111111111	0.0888888888889
-ᖓᓖᒃ	0.0	1.0	0.0	0.0
-ᑭᒡᓕ	0.0721902154884	0.226406085877	0.634560906516	0.0668427921189
-ᑭᒡᓗ	0.195652173913	0.804347826087	0.0	0.0
-ᔮᓱᐊ	0.016694490818	0.983305509182	0.0	0.0
-ᐊᓂᒃ	0.126201010489	0.343081116632	0.112271470987	0.418446401892
-ᐱᓱᓯ	0.334199415395	0.636570315037	0.029230269568	0.0
-ᖓᔪᖅ	0.407250112015	0.487881375729	0.0831549399335	0.021713572323
-ᓚᑐᖅ	0.141025641026	0.717948717949	0.102564102564	0.0384615384615
-ᐱᐅᑦ	0.0	1.0	0.0	0.0
-ᓕᓯᓗ	0.0925164473685	0.164268092105	0.0616776315789	0.681537828947
-ᓕᓯᓕ	0.082258647704	0.310292876943	0.0189827648548	0.588465710498
-ᒃᑕᖓ	0.0816088603905	0.883415913728	0.0349752258816	0.0
-ᑲᕋᒥ	0.247758376593	0.44549315715	0.0566304860784	0.250117980179
-ᕇᕈᓂ	0.762942779292	0.209809264305	0.0	0.0272479564032
-ᐃᓗᐊ	0.268292682927	0.631929046563	0.0332594235033	0.0665188470067
-ᑯᒪᓗ	0.501917177914	0.449386503067	0.0333588957055	0.0153374233129
-ᐅᔪᑦ	0.38920744709	0.300101202177	0.149618197862	0.161073152871
-ᑯᒪᓕ	0.509056658455	0.312418490074	0.0	0.178524851471
-ᓕᒋᕚ	0.78592519685	0.0206692913386	0.156496062992	0.0369094488189
-ᖁᔭᖓ	0.252436874458	0.559441081273	0.0520488400944	0.136073204175
-ᑎᖕᓂ	0.569470212327	0.330550401979	0.00618429189857	0.093795093795
-ᖅᐸᕌ	0.408163265306	0.291993720565	0.183673469388	0.116169544741
-ᖅᐸᕋ	0.510539968589	0.316359444158	0.0487208548307	0.124379732423
-ᒌᓕᓯ	0.0227272727273	0.545454545455	0.0454545454545	0.386363636364
-ᐱᐅᑉ	0.142228432963	0.683357907179	0.0581557449782	0.11625791488
-ᖁᔭᖅ	0.0634448574969	0.8458488228	0.0208178438662	0.0698884758365
-ᓗᓂᓯ	0.359813084112	0.556074766355	0.0560747663552	0.0280373831776
-ᐸᖓᖅ	0.0931483578709	0.550113250283	0.356738391846	0.0
-ᐅᑎᕙ	0.0881057268723	0.787077826725	0.014684287812	0.11013215859
-ᐅᑎᕚ	0.579448685774	0.0228239007356	0.000247743499122	0.397479669992
-ᑐᐊᓂ	0.0227488151659	0.0824644549763	0.519431279621	0.375355450237
-ᐱᔨᖓ	0.0287000562746	0.951041080473	0.00675295441755	0.0135059088351
-ᓕᓯᒃ	0.373015873016	0.515873015873	0.0	0.111111111111
-ᒫᓄᑦ	0.123441266893	0.468137512737	0.0331064859108	0.375314734459
-ᓗᓂᒃ	0.130878593282	0.761957427785	0.073425661611	0.0337383173218
-ᑍᐊᓯ	0.0327630141973	0.967236985803	0.0	0.0
-ᒋᕚᑦ	0.604363846738	0.264701827236	0.061199828063	0.0697344979631
-ᐰᒋᓗ	0.356275303644	0.206477732794	0.0	0.437246963563
-ᑎᐅᓂ	0.0	0.909090909091	0.0909090909091	0.0
-ᐃᓗᓂ	0.584786149484	0.206822706159	0.113379984316	0.095011160041
-ᑕᐅᑦ	0.895941727367	0.0208116545266	0.0208116545265	0.0624349635796
-ᐊᒥᑦ	0.1220215152	0.801060936467	0.0343594972715	0.0425580510614
-ᓪᒧᓂ	0.0	1.0	0.0	0.0
-ᔪᐊᖅ	0.126167716813	0.704809799624	0.0556786161553	0.113343867408
-ᓚᑦᓰ	0.556213017751	0.159763313609	0.0	0.284023668639
-ᐸᓪᓕ	0.344627183842	0.348843025402	0.0643570841621	0.242172706594
-ᒪᔭᖓ	0.388008188721	0.297080542886	0.028069696207	0.286841572185
-ᑍᕕᑎ	0.071530758226	0.862660944206	0.00572246065808	0.0600858369099
-ᓗᕕᖅ	0.720082328727	0.123493090268	0.156424581006	0.0
-ᑕᑎᒃ	0.40845366901	0.486436800965	0.0717102401101	0.0333992899143
-ᔪᐊᖓ	0.106789865192	0.791935404996	0.0586370280212	0.0426377017915
-ᑎᐅᓯ	0.015037593985	0.967418546366	0.00250626566416	0.015037593985
-ᑦᓯᖓ	0.446951934349	0.385990621337	0.0175849941383	0.149472450176
-ᑎᐅᓪ	0.0	1.0	0.0	0.0
-ᕐᕈᑖ	0.152173913043	0.413043478261	0.347826086957	0.0869565217391
-ᓚᑦᓯ	0.505345834545	0.208006444539	0.0689207634989	0.217726957417
-ᑳᕋᑕ	0.890756302521	0.109243697479	0.0	0.0
-ᐋᑉᐹ	0.472602739726	0.36301369863	0.082191780822	0.082191780822
-ᓕᓃᑦ	0.247887576201	0.491098247881	0.106743110749	0.15427106517
-ᕐᖑᓇ	0.333998669328	0.0698602794411	0.00798403193612	0.588157019295
-ᐊᒥᒃ	0.198438736744	0.613220572802	0.113538244206	0.0748024462473
-ᐅᔪᓂ	0.687528140477	0.249437190455	0.0	0.0630346690679
-ᑯᑎᒥ	0.715517241379	0.284482758621	0.0	0.0
-ᒻᒧᑦ	0.167994631099	0.472319956785	0.0679679309218	0.291717481194
-ᓚᒋᕚ	0.11214953271	0.180685358255	0.0467289719626	0.660436137072
-ᐅᑎᖓ	0.262355848435	0.711010433828	0.00961010433826	0.0170236133992
-ᕋᐹᓯ	0.314613911934	0.570516911296	0.0995532865347	0.0153158902361
-ᓐᖓᑦ	0.155049524409	0.060291610973	0.0147903947684	0.769868469849
-ᓯᔪᑦ	0.392837884399	0.469619644907	0.0505847397525	0.0869577309409
-ᑯᒐᒥ	0.738664066309	0.00828863968796	0.0	0.253047294003
-ᒧᑎᓗ	0.0135287485907	0.856820744081	0.011273957159	0.118376550169
-ᐱᐅᓪ	0.0	1.0	0.0	0.0
-ᑳᖕᓂ	0.349233390119	0.076660988075	0.293015332198	0.281090289608
-ᐅᑐᑦ	0.516556291391	0.132450331126	0.350993377484	0.0
-ᓈᓗᒍ	0.302590673575	0.355440414508	0.155440414508	0.186528497409
-ᔭᒃᑳ	0.118590168279	0.307009407712	0.240492911091	0.333907512919
-ᓕᔨᒪ	0.788541469866	0.0106036274324	0.0	0.200854902702
-ᑯᑎᒃ	0.563737302127	0.208779024581	0.0468520683747	0.180631604918
-ᓔᓪᓕ	0.310157523085	0.526887561108	0.048886474742	0.114068441065
-ᓔᓪᓗ	0.26626815342	0.46969637491	0.018783968658	0.245251503012
-ᑯᑎᒍ	0.402654867257	0.482300884956	0.0	0.115044247788
-ᓚᒧᑦ	0.0785833746061	0.687475326055	0.0229117767394	0.211029522599
-ᐅᔪᓯ	0.245157283098	0.617513350944	0.081620559133	0.0557088068241
-ᒪᔭᕋ	0.490412979351	0.111356932153	0.16592920354	0.232300884956
-ᓗᓂᑦ	0.190669923288	0.294005572547	0.0172978161059	0.498026688059
-ᓄᖅᓕ	0.0735647238595	0.0	0.0	0.926435276141
-ᓄᖅᓖ	0.0778210116731	0.43579766537	0.0	0.486381322957
-ᓄᖅᓗ	0.107214428858	0.0300601202405	0.00300601202405	0.859719438878
-ᒋᕚᒃ	0.603167328034	0.230168015535	0.099627302223	0.0670373542076
-ᑐᖂᑉ	0.00931098696461	0.949720670391	0.00372439478585	0.0372439478585
-ᒪᑐᐊ	0.423631123919	0.0432276657061	0.108069164265	0.42507204611
-ᒃᑕᕋ	0.408855850032	0.406916612799	0.0581771170006	0.126050420168
-ᕆᖓᑕ	0.179730404393	0.670494258612	0.0449326010983	0.104842735896
-ᑦᓯᔨ	0.21488875414	0.633751574234	0.0925882737068	0.0587713979196
-ᔪᖅᑎ	0.0245901639344	0.950819672131	0.0	0.0245901639344
-ᐅᑕᖓ	0.0	1.0	0.0	0.0
-ᒋᕚᓯ	0.39822204263	0.448227093646	0.0464693403374	0.107081523386
-ᖓᕗᑦ	0.450054884742	0.451152579583	0.06586169045	0.032930845225
-ᐊᒥᓗ	0.0816324851767	0.776656816154	0.0186573350461	0.123053363623
-ᐊᒥᓕ	0.623750764838	0.204925555782	0.0	0.17132367938
-ᖏᓂᖓ	0.301675977654	0.597765363128	0.0	0.100558659218
-ᕘᓇᓗ	0.654891304348	0.122282608696	0.0489130434782	0.173913043478
-ᖅᕆᕚ	0.0879765395894	0.0175953079179	0.894428152493	0.0
-ᓄᖓᓕ	0.172093023256	0.172093023256	0.0	0.655813953489
-ᑐᓄᑦ	0.20302172243	0.460525817983	0.187702615733	0.148749843854
-ᕆᓃᑦ	0.0937758877783	0.453912851383	0.266747666648	0.18556359419
-ᐊᓂᒐ	0.0597826086957	0.597826086957	0.0	0.342391304348
-ᑯᑎᓂ	0.0641025641026	0.850427350427	0.034188034188	0.0512820512821
-ᐅᔪᒥ	0.375898649833	0.368556023146	0.117460108715	0.138085218306
-ᓈᓇᖓ	0.0	1.0	0.0	0.0
-ᒃᐱᖔ	0.897091722595	0.0357941834452	0.0	0.0671140939598
-ᒍᖅᐹ	0.617100371747	0.24907063197	0.0	0.133828996283
-ᖅᐸᖓ	0.544871794872	0.200320512821	0.0240384615385	0.230769230769
-ᑭᐅᕚ	0.767868358247	0.0349308140342	0.000333203313521	0.196867624406
-ᓇᖓᓕ	0.144439912996	0.551522566613	0.0071370309951	0.296900489396
-ᖁᔭᕋ	0.187548942835	0.628425998434	0.0	0.184025058731
-ᐅᕔᑦ	0.606283029947	0.0466823253083	0.0	0.347034644745
-ᐃᓗᓯ	0.494047619048	0.339285714286	0.0863095238095	0.0803571428572
-ᓇᖓᓗ	0.12795088218	0.723151912333	0.0510957437531	0.0978014617339
-ᓴᑎᒃ	0.512974051896	0.333333333333	0.109780439122	0.0439121756487
-ᒻᒪᓯ	0.440298507463	0.308208955224	0.168656716418	0.0828358208956
-ᑕᕗᑦ	0.282525218114	0.355120247256	0.142647920027	0.219706614603
-ᕆᓯᓗ	0.753937592868	0.0915304606241	0.154531946508	0.0
-ᔪᐊᓯ	0.00755287009061	0.983383685801	0.00906344410876	0.0
-ᐱᔨᓗ	0.0742589703588	0.83728549142	0.0196567862715	0.0687987519501
-ᔨᑎᒃ	0.180502341422	0.819497658578	0.0	0.0
-ᐱᔨᓕ	0.333930937719	0.432808480786	0.049107490841	0.184153090654
-ᑭᐅᒥ	0.0	1.0	0.0	0.0
-ᒪᔭᓯ	0.522096426796	0.218501132159	0.101286795162	0.158115645883
-ᒃᐰᑦ	0.754945146277	0.0999833776596	0.0206117021277	0.124459773936
-ᐱᔨᓂ	0.0226923076923	0.515769230769	0.00230769230769	0.459230769231
-ᒥᓗᖓ	0.371219065078	0.285059578368	0.0	0.343721356554
-ᕈᕗᖅ	0.613733905579	0.0965665236052	0.19313304721	0.0965665236051
-ᐰᐊᑕ	0.0	1.0	0.0	0.0
-ᑑᔪᑦ	0.119804400978	0.674816625917	0.0	0.205378973105
-ᑖᒧᑦ	0.0675909878683	0.286209457786	0.646199554345	0.0
-ᒍᓂᓕ	0.560087173101	0.258302200083	0.159817351598	0.0217932752179
-ᔪᐊᓂ	0.509908480271	0.412031519536	0.0526182223521	0.0254417778406
-ᓂᕋᒪ	0.133965038392	0.757392582911	0.108642378696	0.0
-ᖏᓔᒃ	0.248226950355	0.751773049645	0.0	0.0
-ᐱᖅᓗ	0.0	0.886124401914	0.106568073075	0.00730752501087
-ᓛᒍᑦ	0.0721707916115	0.502739467221	0.0358964670319	0.389193274136
-ᕔᓪᓗ	0.298430681194	0.102829397994	0.0672523915494	0.531487529262
-ᒍᓂᓗ	0.666537978959	0.292925393302	0.0202683138693	0.0202683138693
-ᓂᕋᒥ	0.696629213483	0.0674157303371	0.0337078651685	0.202247191011
-ᔫᒐᒥ	0.0239493642014	0.568246184258	0.234836821197	0.172967630343
-ᔪᓂᒃ	0.26685093945	0.346156370947	0.23332969647	0.153662993133
-ᔪᐊᓗ	0.426470588235	0.25	0.0588235294117	0.264705882353
-ᑦᓯᓕ	0.23870639814	0.0787583221714	0.032304445394	0.650230834294
-ᑦᓯᓖ	0.448275862069	0.051724137931	0.0	0.5
-ᐂᕗᖅ	0.790865384615	0.0757211538461	0.0324519230769	0.100961538462
-ᒪᔭᓂ	0.563784746382	0.183269845388	0.0529996579906	0.199945750239
-ᖁᖕᒪ	0.396291434197	0.603708565803	0.0	0.0
-ᓗᓂᖓ	0.532332332332	0.333995533996	0.068992068992	0.0646800646801
-ᑲᓯᓗ	0.0	1.0	0.0	0.0
-ᒐᒧᑦ	0.0735684489951	0.824042472507	0.0455062571104	0.0568828213879
-ᔪᐊᒥ	0.170946002864	0.668924269228	0.0113217083649	0.148808019543
-ᐱᔨᒐ	0.0339366515837	0.579185520362	0.00339366515837	0.383484162896
-ᒨᓯᓯ	0.0835710211067	0.876212207644	0.00171135196805	0.0385054192813
-ᕅᐊᓯ	0.224852071006	0.520710059172	0.0	0.254437869823
-ᕕᑐᑦ	1.0	0.0	0.0	0.0
-8-ᑦ	0.0465425531915	0.135638297872	0.0	0.817819148936
-ᑭᕚᑦ	0.707037643208	0.240589198036	0.0523731587561	0.0
-ᖁᔭᓯ	0.459459459459	0.306306306306	0.0720720720721	0.162162162162
-ᓗᓂᖅ	0.178217821782	0.70297029703	0.0	0.118811881188
-ᒃᑕᓗ	0.358407079646	0.477876106195	0.0398230088496	0.12389380531
-ᖅᑯᑦ	0.123744619799	0.756097560976	0.096843615495	0.0233142037303
-ᐱᒊᑦ	0.145706851691	0.781439722463	0.0728534258456	0.0
-ᕕᓂᓗ	0.677740863787	0.139534883721	0.0	0.182724252492
-ᓂᕋᓕ	0.202706512546	0.281420919086	0.20603326755	0.309839300818
-ᓂᕋᓗ	0.278267535454	0.511115369874	0.100996550402	0.10962054427
-ᔪᐊᒃ	0.0	0.978260869565	0.0	0.0217391304348
-ᑯᒪᖓ	0.26467252027	0.714153678108	0.0211738016217	0.0
-ᑦᓯᒃ	0.532716998502	0.332635712817	0.0126071159251	0.122040172757
-ᐸᒐᒥ	0.530434782609	0.130434782609	0.0	0.339130434783
-ᒍᒃᑯ	0.55038278502	0.301882888475	0.0724187875026	0.0753155390026
-ᐱᕗᑦ	0.164107641624	0.413498520594	0.0210819332028	0.40131190458
-ᒧᓪᓕ	0.222907703263	0.348980031039	0.059976869389	0.368135396309
-ᒡᓘᑉ	0.0709301655037	0.576725679027	0.0369067527824	0.315437402687
-ᕅᐊᓕ	0.102362204724	0.708661417323	0.0472440944882	0.141732283465
-ᓐᓇᒫ	0.493902439024	0.182926829268	0.0	0.323170731707
-ᔨᖏᑦ	0.0730992674918	0.604344531447	0.0580954786562	0.264460722405
-ᐅᑎᑦ	0.532775539081	0.390753329847	0.0506321326402	0.0258389984312
-ᐊᕔᑦ	0.174226124789	0.7570004049	0.0137546940623	0.055018776249
-ᐱᔨᒥ	0.179871520343	0.597430406852	0.222698072805	0.0
-ᔫᓂᒃ	0.326395458846	0.673604541154	0.0	0.0
-ᐋᒃᑲ	0.00687285223367	0.0137457044674	0.0	0.979381443299
-ᔪᐊᑦ	0.105512319164	0.616708914458	0.144296344187	0.133482422191
-ᐃᓗᖓ	0.489916963227	0.485172004745	0.0	0.0249110320285
-ᓐᖏᓛ	0.49725340636	0.316867652598	0.0923586396189	0.0935203014229
-ᔭᓄᑦ	0.0715055518372	0.632444989083	0.0208940679826	0.275155391097
-ᖅᐸᓯ	0.472666069161	0.316413946099	0.0695515048262	0.141368479914
-ᐸᓪᓗ	0.22719253746	0.596276301742	0.163810922747	0.0127202380502
-ᔅᑑᓯ	0.0581127275618	0.867954527387	0.0	0.0739327450513
-ᓯᓯᒥ	0.4	0.363636363636	0.0727272727273	0.163636363636
-ᑯᕕᕚ	0.734939759036	0.132530120482	0.0361445783132	0.0963855421687
-ᕗᑎᑦ	0.344081761728	0.330275410468	0.057440269004	0.2682025588
-ᒑᓕᐅ	0.0411805078929	0.895676046671	0.0631434454358	0.0
-ᐋᒃᑬ	0.333333333333	0.187878787879	0.0	0.478787878788
-ᒌᓪᓕ	0.077943615257	0.673300165838	0.00663349917081	0.242122719735
-ᔭᕆᑎ	0.0	1.0	0.0	0.0
-ᓱᒐᓯ	0.169230769231	0.215384615385	0.530769230769	0.0846153846154
-ᒐᒃᑲ	0.0446575955652	0.846179393053	0.0	0.109163011382
-ᒋᒃᓗ	0.477211343687	0.375590817016	0.0450708980418	0.102126941256
-ᕝᕗᖓ	0.309887193099	0.0561822605618	0.00840522008405	0.625525326255
-ᔪᐊᑉ	0.108434603051	0.678690527584	0.0357300995998	0.177144769765
-ᒋᕚᖓ	0.272066021378	0.358029893988	0.0503939773052	0.319510107329
-ᑍᕕᖔ	0.689655172414	0.0344827586207	0.0	0.275862068966
-ᑎᒡᓘ	0.0353892821031	0.31698685541	0.10970677452	0.537917087968
-ᓚᒋᑦ	0.480248371889	0.124614532264	0.0296352821885	0.365501813659
-ᓈᓇᓂ	0.313131313131	0.282828282828	0.026936026936	0.377104377104
-ᓴᑐᑦ	0.230327378976	0.422538017133	0.177468623415	0.169665980477
-ᕙᒥᒃ	0.0	0.862815884477	0.0649819494585	0.072202166065
-ᒐᒃᑭ	0.137299771167	0.725400457666	0.0	0.137299771167
-ᓃᕆᑦ	0.303619441572	0.203516028955	0.273940020683	0.21892450879
-ᑎᒡᓗ	0.469855076731	0.279978326882	0.100840854656	0.149325741731
-ᐅᕕᒃ	0.211447598854	0.647783582233	0.0378586040439	0.102910214869
-ᓇᒃᑲ	0.923076923077	0.0	0.0	0.0769230769231
-ᕌᕗᑦ	0.231702439674	0.175576589788	0.0719904012799	0.520730569258
-ᕋᕈᒃ	0.76397515528	0.198757763975	0.0372670807453	0.0
-ᐅᔪᖅ	0.425100081745	0.321710070126	0.127090127353	0.126099720776
-ᖏᓔᑦ	0.459850382442	0.300368454786	0.0888297226959	0.150951440076
-ᑎᐅᕙ	0.510835913313	0.0673374613003	0.0	0.421826625387
-ᖏᓂᒃ	0.112948769665	0.500458395981	0.278778099674	0.10781473468
-ᐅᑎᓗ	0.754797441365	0.245202558635	0.0	0.0
-ᓯᒪᓕ	0.518072289157	0.355421686747	0.0542168674699	0.0722891566265
-ᒥᒍᑦ	0.253936454515	0.447086985151	0.0741201942331	0.224856366101
-ᓕᓮᔨ	0.0292397660819	0.883040935673	0.0116959064327	0.0760233918128
-ᐅᑎᓂ	0.18679019725	0.696652719665	0.0732217573222	0.0433353257621
-ᓈᓇᒥ	0.317559153176	0.26899128269	0.226650062266	0.186799501868
-ᐊᑭᒻ	0.0	1.0	0.0	0.0
-ᖅᕆᑦ	0.0736196319018	0.926380368098	0.0	0.0
-ᖓᑐᑦ	0.287846199103	0.538159604561	0.06748655099	0.106507645347
-ᓴᑎᑦ	0.0606199770379	0.746498277842	0.02411021814	0.16877152698
-ᕅᐊᑉ	0.0	1.0	0.0	0.0
-ᓈᓇᒐ	0.0526315789474	0.815789473684	0.0	0.131578947368
-ᔨᑎᑦ	0.610749185668	0.157166123778	0.0610749185668	0.171009771987
-ᔅᒥᒃ	0.0208333333333	0.979166666667	0.0	0.0
