jer-	0.00242033077854	0.983729998655	0.0013446282103	0.0125050423558
ig--	0.600898780227	0.144874812754	0.146372779799	0.10785362722
ris-	0.326923076923	0.519230769231	0.0769230769231	0.0769230769231
siu-	0.0357837235248	0.847274548585	0.0292477989066	0.0876939289838
gin-	0.559503042165	0.376462579245	0.0268050887121	0.0372292898778
fig-	0.0	1.0	0.0	0.0
del-	0.0652173913043	0.934782608696	0.0	0.0
agu-	0.490557304203	0.293964973019	0.136320137056	0.0791575857216
dok-	0.111202297907	0.732868280673	0.049240869922	0.106688551498
maa-	0.568041104348	0.207047155536	0.105648604081	0.119263136036
jac-	0.00688073394495	0.989678899083	0.0	0.00344036697248
ipu-	0.485013379177	0.403676602709	0.0726415254689	0.0386684926451
ann-	0.0996632969544	0.779103492942	0.0451552172881	0.0760779928154
unn-	0.321229050279	0.678770949721	0.0	0.0
lau-	0.010582010582	0.973544973545	0.0	0.015873015873
tum-	0.443767884905	0.381107644426	0.0629718982315	0.112152572438
eno-	0.0202702702703	0.97972972973	0.0	0.0
ite-	0.673628380001	0.112386988834	0.0311454762914	0.182839154874
lis-	0.0652446675031	0.840652446675	0.0872020075282	0.00690087829359
san-	0.106242638364	0.440523413033	0.0335005663987	0.419733382205
sue-	0.0301185919558	0.759051264353	0.0978854238565	0.112944719834
yal-	0.705009276438	0.118738404453	0.064935064935	0.111317254174
sak-	0.12619902303	0.512218323696	0.0219409869875	0.339641666286
une-	0.214038702082	0.217423294827	0.0463542049886	0.522183798102
seg-	0.464635253759	0.195742104732	0.0364241751589	0.30319846635
euf-	0.0	1.0	0.0	0.0
der-	0.047373358349	0.918855534709	0.0281425891182	0.00562851782364
kat-	0.0982108888405	0.688446452097	0.119841706276	0.093500952786
neg-	0.0149625935162	0.970074812968	0.0149625935162	0.0
ayu-	0.0122574055158	0.846782431052	0.140960163432	0.0
mil-	0.0833955223881	0.784328358209	0.120429104478	0.0118470149254
dis-	0.090746093893	0.657628648444	0.0318343151963	0.219790942466
igi-	0.072508644269	0.346132012179	0.00387056819941	0.577488775352
gan-	0.171546792757	0.679863075834	0.102219959732	0.0463701716773
yer-	0.129380053908	0.870619946092	0.0	0.0
imm-	0.538833108703	0.141821556807	0.114005760276	0.205339574213
ari-	0.0473520721267	0.86911129631	0.0212137283128	0.0623229032501
puo-	0.27662835249	0.670114942529	0.0486590038314	0.00459770114941
itl-	0.0	1.0	0.0	0.0
ini-	0.443585533117	0.430029578827	0.033716540543	0.092668347513
bay-	0.200021513118	0.28844413003	0.0233311529944	0.488203203857
mig-	0.0232558139535	0.976744186047	0.0	0.0
uga-	0.277967700106	0.551023615859	0.0888836496522	0.0821250343825
paf-	0.0	1.0	0.0	0.0
mar-	0.214736538086	0.553779168543	0.0589497625742	0.172534530797
uli-	0.194413716814	0.569413716814	0.0500553097345	0.186117256637
abr-	0.028413866784	0.947155078281	0.0166539667078	0.00777708822675
iri-	0.324232841936	0.561194495168	0.0350732641518	0.0794993987441
ud--	0.2	0.333333333333	0.05	0.416666666667
sug-	0.409040793826	0.453142227122	0.119073869901	0.018743109151
has-	0.0526315789473	0.842105263158	0.0971659919028	0.0080971659919
rep-	0.75956937799	0.204545454545	0.0358851674641	0.0
zac-	0.0292119565217	0.868885869565	0.00679347826087	0.0951086956522
her-	0.0301695090975	0.906018350526	0.041573790887	0.0222383494894
mul-	0.243339979992	0.623245090091	0.0850441140937	0.0483708158227
gaw-	0.662251655629	0.198675496689	0.139072847682	0.0
ate-	0.0455075845974	0.954492415403	0.0	0.0
naw-	0.332651274281	0.377406354017	0.216478712306	0.0734636593969
bee-	0.0566750629723	0.943324937028	0.0	0.0
kam-	0.1733711757	0.532780634278	0.0995376209832	0.194310569039
ibi-	0.572550153836	0.267844118609	0.0545760921506	0.105029635405
sin-	0.56615663032	0.261041217521	0.0579446563024	0.114857495857
bod-	0.0322580645161	0.903225806452	0.0	0.0645161290323
kim-	0.531106745252	0.166266462927	0.0145528632758	0.288073928545
dor-	0.00614439324118	0.0844854070661	0.0	0.909370199693
tag-	0.114296446926	0.776499872738	0.0659358947142	0.0432677856216
pat-	0.407101230015	0.419656685753	0.0715176389508	0.101724445281
alt-	0.0240502869637	0.959825088822	0.0144848319213	0.00163979229298
maw-	0.361879466011	0.246251276003	0.347370194547	0.0444990634384
agg-	0.265090914096	0.208730390841	0.0395094504403	0.486669244622
jor-	0.0	1.0	0.0	0.0
ut--	0.30234741784	0.607511737089	0.0225352112676	0.0676056338028
inw-	0.689495183822	0.132381864945	0.0323768218266	0.145746129406
gen-	0.0	1.0	0.0	0.0
saw-	0.659295891	0.0943734652076	0.0292530016861	0.217077642106
coo-	0.0	1.0	0.0	0.0
naa-	0.44825336482	0.229914333978	0.186860969536	0.134971331666
jam-	0.0233463035019	0.918287937743	0.011673151751	0.0466926070039
uk--	0.630136986301	0.205479452055	0.0821917808219	0.0821917808219
kid-	0.174603174603	0.793650793651	0.0	0.031746031746
rek-	0.138075313808	0.686192468619	0.175732217573	0.0
por-	0.127659574468	0.872340425532	0.0	0.0
alf-	0.0	0.986835176409	0.0131648235914	0.0
pas-	0.221458599004	0.599553729999	0.0479716807316	0.131015990265
cos-	0.0	1.0	0.0	0.0
dam-	0.115996518712	0.779550180935	0.0560230864367	0.048430213916
sig-	0.427175274104	0.250801698073	0.156522004703	0.165501023119
nge-	0.0508210109919	0.0121530279104	0.00865682838461	0.928369132713
nai-	0.367929149832	0.222917896363	0.294260882698	0.114892071106
bak-	0.0877978526803	0.600182086256	0.284022983566	0.0279970774981
ap--	0.151898734177	0.791139240506	0.0569620253164	0.0
ped-	0.0299537499372	0.95602262647	0.00213017067232	0.0118934529204
say-	0.464658169177	0.320973348783	0.115874855156	0.098493626883
epa-	0.0965759438103	0.853672812409	0.0263388937664	0.0234123500146
500-	0.37668161435	0.488789237668	0.0269058295964	0.107623318386
216-	0.111111111111	0.333333333333	0.0	0.555555555556
sap-	0.402139499204	0.381658937954	0.033881380339	0.182320182503
asi-	0.108989869372	0.453316594186	0.0905690463794	0.347124490063
gun-	0.272992382733	0.527215561565	0.0760114614061	0.123780594297
nan-	0.638099259603	0.185679921828	0.0723417234322	0.103879095137
al--	0.364889786599	0.440853604988	0.105558970756	0.0886976376569
153-	0.0	0.0588235294118	0.107843137255	0.833333333333
mah-	0.0	1.0	0.0	0.0
usi-	0.563917525773	0.182474226804	0.0958762886598	0.157731958763
ruk-	0.236674816626	0.703667481663	0.0352078239608	0.0244498777506
dao-	0.0239234449761	0.976076555024	0.0	0.0
bir-	0.577658010779	0.189612934836	0.170014698677	0.062714355708
tol-	0.0718849840255	0.82268370607	0.0670926517572	0.038338658147
mel-	0.0273156195679	0.969704494661	0.0	0.00297988577106
kri-	0.0864758629161	0.667117061786	0.151578430168	0.0948286451295
add-	0.29270424522	0.102659484738	0.00890188023516	0.595734389807
hus-	0.256302521008	0.396358543417	0.0294117647059	0.317927170868
mir-	0.0115979381443	0.980670103093	0.00773195876289	0.0
isa-	0.372963572146	0.511283683566	0.0579360888771	0.0578166554105
joe-	0.0	1.0	0.0	0.0
mus-	0.0868582904481	0.905610643906	0.00753106564579	0.0
eut-	0.0655737704918	0.901639344262	0.0163934426229	0.016393442623
pud-	0.0674731348264	0.359418280305	0.211681693454	0.361426891415
dio-	0.0276044675045	0.881524654597	0.00853923091733	0.0823316469816
ag--	0.161157024793	0.152892561983	0.0	0.685950413223
bab-	0.0674156693083	0.309892490654	0.0326492378166	0.590042602221
ita-	0.153247571968	0.150134809848	0.0278948664992	0.668722751684
war-	0.773600129095	0.121187671454	0.0935936743586	0.0116185250928
tok-	0.0559120073327	0.944087992667	0.0	0.0
ulb-	0.1559714473	0.456213515564	0.283761813086	0.10405322405
moi-	0.043321299639	0.946397739758	0.00141265107519	0.00886830952754
ura-	0.103593925413	0.0513396979121	0.0172060534824	0.827860323192
kom-	0.427462744618	0.0869028154913	0.0119382882331	0.473696151658
biu-	0.111111111111	0.518518518519	0.37037037037	0.0
rid-	0.214797136038	0.732696897375	0.0238663484487	0.0286396181384
im--	0.241976218036	0.607755445649	0.119330737662	0.0309375986531
ali-	0.210477081384	0.645463049579	0.110383536015	0.0336763330215
jud-	0.0241152878186	0.839111600556	0.09489267727	0.0418804343553
tua-	0.241935483871	0.758064516129	0.0	0.0
sae-	0.102564102564	0.717948717949	0.179487179487	0.0
uba-	0.00829612149736	0.977600471957	0.0	0.0141034065455
mal-	0.327529379311	0.280435014806	0.0605794534477	0.331456152435
sab-	0.083291629863	0.170321015649	0.217272883077	0.529114471412
lyd-	0.00793650793651	0.460317460317	0.0	0.531746031746
aki-	0.154187818743	0.554670391425	0.160005197336	0.131136592496
nin-	0.526446280992	0.25041322314	0.173553719008	0.0495867768595
as--	0.110024449878	0.220048899756	0.376528117359	0.293398533007
tik-	0.0399824566772	0.951449874035	0.00856766928798	0.0
ad--	0.121276193504	0.0858856294201	0.302005374377	0.490832802699
uni-	0.113402061856	0.798969072165	0.0515463917525	0.0360824742268
toy-	0.0743938280676	0.102222630419	0.00551065393094	0.817872887583
tub-	0.109937798351	0.82930710256	0.0347171994793	0.0260378996094
sir-	0.147328378815	0.602509244844	0.084305143495	0.165857232846
inl-	0.555130691612	0.214292050143	0.067629283168	0.162947975077
ur--	0.484924623116	0.440954773869	0.0646984924623	0.00942211055276
mab-	0.33121621526	0.194147542679	0.198923064333	0.275713177728
esr-	0.0	0.958308516974	0.0	0.0416914830256
and-	0.0	1.0	0.0	0.0
apa-	0.101616482276	0.11400398527	0.0719401735724	0.712439358882
ALL	0.212385176796	0.296806578687	0.0549341903725	0.435874054144
ana-	0.0247907965793	0.891665519299	0.00393164746738	0.0796120366546
dud-	0.131591494231	0.688757509297	0.0572136931439	0.122437303328
puk-	0.574308312104	0.361262515552	0.038213164287	0.0262160080573
ub--	0.242782152231	0.0826771653543	0.654855643045	0.0196850393701
nue-	0.0	0.0597014925373	0.388059701493	0.55223880597
mae-	0.0377293259979	0.928322683572	0.0153774313087	0.0185705591215
cil-	0.0	1.0	0.0	0.0
per-	0.158545909502	0.772989504414	0.0396191005769	0.0288454855078
ger-	0.0522875816993	0.908496732026	0.0261437908496	0.0130718954248
nef-	0.0	1.0	0.0	0.0
arm-	0.107370528041	0.823587430287	0.0192911587024	0.0497508829694
nea-	0.0	1.0	0.0	0.0
big-	0.332152864259	0.483382627646	0.0826976961394	0.101766811955
rur-	0.297195771818	0.253341486852	0.284353979209	0.165108762121
bae-	0.332187857961	0.378579610538	0.160366552119	0.128865979381
zor-	0.0	1.0	0.0	0.0
lid-	0.13125	0.5425	0.22875	0.0975
guy-	0.624790057105	0.219012428619	0.115888478334	0.0403090359422
gas-	0.077743902439	0.208841463415	0.0137195121951	0.699695121951
ata-	0.0204991087344	0.54367201426	0.414438502674	0.0213903743316
tie-	0.0941719808536	0.692113593614	0.0352138163764	0.178500609156
far-	0.0102067521591	0.981811044229	0.00117770217221	0.00680450143941
dap-	0.161149825784	0.814459930314	0.0	0.0243902439024
ins-	0.690842108218	0.155683550158	0.0202701960636	0.133204145561
rud-	0.0404267265581	0.959573273442	0.0	0.0
oka-	0.0234113712375	0.722408026756	0.254180602007	0.0
agd-	0.376391007989	0.382428078671	0.129441365057	0.111739548284
lum-	0.468740232898	0.230407823764	0.0803548923728	0.220497050965
yik-	0.578713968958	0.268292682927	0.0665188470066	0.0864745011087
lev-	0.0375462718138	0.945002644104	0.0111052353252	0.00634584875727
sed-	0.0	0.541666666667	0.458333333333	0.0
um--	0.741176470588	0.117647058823	0.0705882352941	0.0705882352941
num-	0.197320341047	0.69305724726	0.0109622411693	0.0986601705237
kla-	0.144736842105	0.640350877193	0.131578947368	0.0833333333332
adi-	0.0721096792951	0.766779907213	0.047355137512	0.11375527598
bin-	0.686307563071	0.217466018855	0.0285427858617	0.0676836322128
ume-	0.317101675107	0.0444098169069	0.48188546942	0.156603038566
kur-	0.035498489426	0.95996978852	0.0	0.00453172205439
iku-	0.535349108969	0.275854513585	0.0854513584576	0.103345018989
eub-	0.048	0.952	0.0	0.0
cau-	0.0	0.95	0.05	0.0
bug-	0.376098809391	0.143763213531	0.269834204963	0.210303772115
umn-	0.209979209979	0.253638253638	0.230769230769	0.305613305613
jai-	0.0762167125803	0.912764003673	0.00550964187328	0.00550964187329
win-	0.669817135813	0.187589891103	0.0899938360386	0.0525991370455
tal-	0.0623489352219	0.453777282274	0.0149176992713	0.468956083233
gid-	0.139534883721	0.813953488372	0.0	0.046511627907
paa-	0.718105268306	0.183608174311	0.0256771848024	0.07260937258
ami-	0.0241331703672	0.185537487744	0.0234163645219	0.766912977367
lem-	0.0224719101123	0.910112359551	0.0674157303371	0.0
rod-	0.0	1.0	0.0	0.0
paw-	0.421052631579	0.157894736842	0.360902255639	0.0601503759398
agm-	0.190536678311	0.348447402212	0.138449749403	0.322566170075
pue-	0.25	0.701388888889	0.0	0.0486111111111
dak-	0.0901027591717	0.116683286844	0.405067106176	0.388146847809
wan-	0.755102040816	0.183673469388	0.0	0.0612244897959
pon-	0.0	0.997633136095	0.0	0.00236686390532
umi-	0.491025204812	0.334069311652	0.089907070932	0.0849984126041
chi-	0.0	0.996905621454	0.00309437854564	0.0
sik-	0.220751453051	0.131894655733	0.0284486673777	0.618905223839
bui-	0.0574563098623	0.887616440069	0.0416681016395	0.0132591484297
nga-	0.107953311018	0.0165701373114	0.00456040596855	0.870916145702
ben-	0.288479391014	0.562445847258	0.0749628666914	0.0741118950365
mat-	0.450040173654	0.378262200504	0.0727963606023	0.0989012652405
ome-	0.0254777070064	0.917197452229	0.0573248407643	0.0
pin-	0.62663077663	0.206979843136	0.0655577111338	0.100831669101
bun-	0.291240374267	0.623449277456	0.0274772196381	0.0578331286389
ili-	0.115009153299	0.702798191196	0.0763377048203	0.105854950684
map-	0.587920950978	0.21022015583	0.0841242116638	0.117734681528
igg-	0.490960989534	0.445833899687	0.0203887454125	0.0428163653663
gat-	0.231805049475	0.740993337576	0.0260189341248	0.00118267882385
idi-	0.30414788937	0.0214688057025	0.0056580295008	0.668725275427
cua-	0.0	1.0	0.0	0.0
an--	0.196189131969	0.699364855328	0.0423429781228	0.06210303458
ruo-	0.0249159117555	0.961241915047	0.00830530391851	0.00553686927902
am--	0.800269955135	0.0707474832471	0.0322757483787	0.0967068132391
sat-	0.0755218216319	0.914800759013	0.00512333965845	0.0045540796964
pur-	0.0729281369027	0.379208260375	0.529631568496	0.0182320342257
gur-	0.462453674782	0.475650197044	0.0214540364589	0.0404420917157
peg-	0.0569259962049	0.869070208729	0.0626185958254	0.011385199241
ani-	0.124713117312	0.203063046053	0.0207095915292	0.651514245107
dik-	0.361190566791	0.124283738758	0.0354589918977	0.479066702553
nad-	0.376472570512	0.229132218614	0.279557809189	0.114837401685
yad-	0.558500140964	0.0665351000846	0.165773893431	0.20919086552
kis-	0.355912743972	0.591274397245	0.0183696900115	0.0344431687715
abi-	0.0121862759321	0.93906862034	0.0243725518642	0.0243725518642
ibt-	0.628939693292	0.169536174617	0.11026437106	0.0912597610312
ban-	0.0987432675045	0.767500522206	0.0288072807461	0.104948929543
cus-	0.0	1.0	0.0	0.0
ise-	0.483403642041	0.391892230012	0.0434362692849	0.081267858662
ter-	0.0	0.983978638184	0.0160213618158	0.0
wen-	0.0431733193774	0.027128915623	0.00611929526789	0.923578469732
ums-	0.705467912391	0.22055444938	0.0482462858018	0.0257313524276
may-	0.115530681983	0.0978950626043	0.0616723076355	0.724901947777
did-	0.111092410977	0.154000027575	0.0237739274376	0.711133634011
puy-	0.604166666667	0.270833333333	0.0416666666667	0.0833333333333
nam-	0.490608340059	0.32602388455	0.0440247027386	0.139343072653
kae-	0.093220338983	0.381355932203	0.466101694915	0.0593220338983
ale-	0.00449438202248	0.865168539326	0.121348314607	0.00898876404493
ar--	0.487512915266	0.347848851821	0.0527780621981	0.111860170714
sid-	0.356781310837	0.389698247891	0.120457495133	0.133062946139
oli-	0.00106990014265	0.958273894437	0.0363766048502	0.00427960057062
luc-	0.00801068090788	0.983978638184	0.0	0.00801068090787
led-	0.0408163265306	0.897959183674	0.0612244897959	0.0
jec-	0.678314491264	0.239465570401	0.0	0.0822199383351
dec-	0.0	0.736749116608	0.0	0.263250883392
rir-	0.169052597716	0.658838668168	0.0360302396654	0.136078494451
kon-	0.132818541055	0.64432404183	0.0737258624459	0.149131554669
adu-	0.0387349804855	0.0986411616612	0.73382081517	0.128803042683
imu-	0.585510103499	0.272548053228	0.0502710694924	0.0916707737802
ord-	0.185626441199	0.134511913912	0.518447348194	0.161414296695
col-	0.359281437126	0.520958083832	0.0	0.119760479042
but-	0.321697543969	0.42919078374	0.189442867678	0.0596688046126
tuk-	0.0571627139258	0.861714881418	0.0592303014508	0.0218921032056
ene-	0.0166666666666	0.983333333333	0.0	0.0
pan-	0.305758724438	0.527527375346	0.0632821171401	0.103431783075
nim-	0.0	1.0	0.0	0.0
tor-	0.147715929873	0.784756787899	0.0633068270886	0.00422045513924
all-	0.58613638085	0.258935108433	0.109569212903	0.0453592978145
sen-	0.305744888023	0.584225900682	0.0555014605648	0.0545277507303
tul-	0.27111388714	0.582470751995	0.0730921653549	0.0733231955102
lin-	0.131317071545	0.771030754676	0.0387690411145	0.0588831326647
yam-	0.411320754717	0.418867924528	0.0452830188679	0.124528301887
pug-	0.275991024682	0.701570680628	0.0224382946896	0.0
ina-	0.493436220167	0.285695193768	0.0558838599878	0.164984726077
baa-	0.0245361140929	0.393037877626	0.343198895875	0.239227112406
lir-	0.335299596399	0.664700403601	0.0	0.0
mai-	0.362050841499	0.169771208077	0.169606212808	0.298571737616
pen-	0.0	1.0	0.0	0.0
rab-	0.0681359824164	0.648553253469	0.0211378955351	0.262172868579
ape-	0.0	1.0	0.0	0.0
umu-	0.111447591539	0.139665971619	0.384574817652	0.36431161919
dun-	0.320693660803	0.248257550614	0.196647859276	0.234400929306
hen-	0.0172743735631	0.836972296785	0.0861149998073	0.0596383298442
lab-	0.422954303932	0.280552603613	0.102019128587	0.194473963868
isp-	0.784163473819	0.0932311621967	0.0613026819923	0.0613026819923
imk-	0.40350877193	0.456140350877	0.0	0.140350877193
tia-	0.102065321806	0.781219980788	0.0331412103746	0.0835734870317
nal-	0.227900495939	0.275660934591	0.33445894914	0.161979620331
kau-	0.0663085519087	0.758840897366	0.108950051444	0.0659004992815
iba-	0.64963355039	0.0947338135331	0.0396967968607	0.215935839216
bas-	0.11630855051	0.61683399174	0.154110878554	0.112746579196
dir-	0.0297029702971	0.970297029703	0.0	0.0
sit-	0.415364920676	0.345901214624	0.0469390554277	0.191794809272
mid-	0.0	0.914285714286	0.0857142857143	0.0
yuu-	0.571428571429	0.371428571428	0.0	0.0571428571429
teo-	0.351606805293	0.534971644612	0.0907372400757	0.0226843100189
ang-	0.0263653301605	0.943100179684	0.00824906311127	0.0222854270441
pun-	0.210176533992	0.632087747614	0.118363221061	0.0393724973333
yar-	0.646411483254	0.339234449761	0.0	0.0143540669856
ito-	0.124864277959	0.625407166124	0.0217155266015	0.228013029316
tur-	0.10503322668	0.822114201329	0.0273197144967	0.0455328574945
day-	0.0782577727675	0.134946259976	0.0209630929658	0.765832874291
ma--	0.317869415808	0.561855670103	0.0687285223368	0.0515463917526
666-	0.0	0.0	0.0	1.0
kop-	0.0256473489519	0.947965474723	0.0103575832306	0.016029593095
cai-	0.0	0.995674116799	0.00144196106705	0.0028839221341
sod-	0.00538599640934	0.994614003591	0.0	0.0
amm-	0.653674802743	0.0830848964747	0.0128917389806	0.250348561801
kun-	0.571610212875	0.0740958754307	0.0193057063042	0.33498820539
ay--	0.401523912706	0.161090688131	0.155358196109	0.282027203054
pul-	0.121051404507	0.303006819818	0.0314523969073	0.544489378767
har-	0.00552231937414	0.994477680626	0.0	0.0
kan-	0.0859952611172	0.0831949478545	0.115671403125	0.715138387903
zab-	0.0	1.0	0.0	0.0
agi-	0.179040239757	0.261352670846	0.0545232985625	0.505083790835
kuk-	0.384282527627	0.343958617945	0.0923513620363	0.179407492393
diy-	0.304194531253	0.0923691383867	0.0307126320971	0.572723698263
gap-	0.0815770560044	0.137830158067	0.00660088692468	0.773991899003
nup-	0.140874371235	0.0469788238216	0.0286282059244	0.783518599019
bia-	0.107286661922	0.758928865978	0.0147653460328	0.119019126067
sio-	0.0	0.987792472024	0.0	0.0122075279756
bum-	0.424626917931	0.228625134066	0.0538697704932	0.292878177509
mum-	0.131147540984	0.196721311475	0.182513661202	0.489617486339
daw-	0.6499152801	0.218748694506	0.0288366290189	0.102499396375
kum-	0.475546843487	0.393765191253	0.0648631907844	0.0658247744754
met-	0.0710574225198	0.0308144007951	0.0831762932313	0.814951883454
tao-	0.0572053282025	0.729191693472	0.0548324125743	0.158770565751
100-	0.150602409638	0.0903614457831	0.0	0.759036144578
mna-	0.0	1.0	0.0	0.0
suo-	0.611341477082	0.307407822481	0.0425865740222	0.0386641264148
bim-	0.585388698095	0.139375914028	0.0368075981399	0.238427789737
ces-	0.0358271865121	0.919915700738	0.0	0.0442571127503
ken-	0.00954509104127	0.0101024324988	0.000763174276619	0.979589302183
dim-	0.446842393072	0.122530476632	0.0287021987086	0.401924931588
saa-	0.13603619788	0.0728671304462	0.0200690355308	0.771027636143
bub-	0.0393184796854	0.528178243775	0.0	0.43250327654
ilu-	0.39527779066	0.437943467978	0.152170384455	0.0146083569077
lai-	0.564476885645	0.292781832928	0.0989456609895	0.0437956204379
nen-	0.111111111111	0.197530864198	0.654320987654	0.037037037037
kin-	0.619058596494	0.195939318619	0.0464308238341	0.138571261053
bem-	0.542857142857	0.428571428571	0.0	0.0285714285714
mad-	0.454366235623	0.284745165698	0.0915574247211	0.169331173959
par-	0.153733245933	0.606880789932	0.0628717718069	0.176514192327
seb-	0.10752688172	0.709677419355	0.0	0.182795698925
ala-	0.492766061663	0.336982079769	0.0517128036788	0.118539054889
jul-	0.0127388535032	0.96178343949	0.0	0.0254777070064
orn-	0.0	0.857142857143	0.142857142857	0.0
nah-	0.0	1.0	0.0	0.0
zeu-	0.0202702702702	0.97972972973	0.0	0.0
aon-	0.7875	0.1875	0.0	0.025
bib-	0.197959954666	0.715527011711	0.0600680015112	0.0264450321118
rag-	0.119560585059	0.61426650392	0.182526842791	0.0836460682293
feb-	0.0338983050847	0.966101694915	0.0	0.0
anu-	0.281258915889	0.449446716345	0.157625251946	0.11166911582
sag-	0.274778590073	0.606461171844	0.0466364405256	0.072123797557
tre-	0.0	0.0991882795486	0.284102157988	0.616709562463
wai-	0.0	1.0	0.0	0.0
gay-	0.193030254465	0.678846804495	0.0620581583774	0.0660647826629
ipa-	0.554203727268	0.282020898943	0.0569573808711	0.106817992917
ira-	0.354963258189	0.266409266409	0.0510648897746	0.327562585627
gob-	0.0433243967828	0.888471849866	0.0304557640751	0.0377479892761
dat-	0.101913974069	0.545626672155	0.019674830212	0.332784523565
ubi-	0.0755722978847	0.671921182266	0.0151840046363	0.237322515213
lug-	0.145511443902	0.539380578625	0.0322760473086	0.282831930165
gre-	0.0	1.0	0.0	0.0
ser-	0.228810270818	0.374370181418	0.286323047675	0.110496500089
kag-	0.165537590055	0.656219684898	0.0765049055042	0.101737819543
cri-	0.015443997582	0.953749737845	0.00254444293663	0.0282618216361
mis-	0.111111111111	0.132785019656	0.215704531347	0.540399337885
ted-	0.289450741064	0.452484742807	0.251089799477	0.00697471665213
elm-	0.0	1.0	0.0	0.0
ran-	0.308675736651	0.402816708826	0.221850003418	0.0666575511042
din-	0.321871948481	0.100162933625	0.0309068641622	0.547058253732
bla-	0.201940807242	0.49732719924	0.0676116150422	0.233120378476
nac-	0.0	1.0	0.0	0.0
rin-	0.54635938078	0.32872349352	0.0588185936246	0.066098532076
agr-	0.212950860569	0.262905965747	0.0921105679085	0.432032605776
was-	0.589963833635	0.342224231465	0.0135623869801	0.0542495479204
tuo-	0.698198198198	0.256756756757	0.045045045045	0.0
jon-	0.00426833606033	0.991463327879	0.0	0.00426833606033
pig-	0.275390946502	0.566172839506	0.109053497942	0.0493827160494
sos-	0.0	1.0	0.0	0.0
ule-	0.0185287195152	0.958852888644	0.0186121822158	0.00400620962492
kua-	0.122529966068	0.79152440882	0.0270246136715	0.0589210114402
tat-	0.0431539322589	0.710881187306	0.0258059218346	0.220158958601
bit-	0.0177508388354	0.931377854746	0.0333369412274	0.017534365191
uri-	0.0	1.0	0.0	0.0
yii-	0.342342342342	0.27027027027	0.36036036036	0.027027027027
rig-	0.182727763816	0.646170467623	0.0857270357236	0.085374732837
cef-	0.0176991150442	0.982300884956	0.0	0.0
lap-	0.209917858229	0.7118953453	0.0435047155461	0.0346820809249
sei-	0.485714285714	0.2	0.114285714286	0.2
esa-	0.129914529914	0.864957264957	0.0051282051282	0.0
jua-	0.0291363163372	0.928459937565	0.00901838362817	0.0333853624696
ikk-	0.649739882918	0.204109893055	0.0266022155936	0.119548008433
sia-	0.180169996132	0.203673314834	0.0106385504913	0.605518138542
mag-	0.516020903794	0.328769309382	0.0486950961215	0.106514690703
sis-	0.249460398463	0.260284524469	0.295356618443	0.194898458625
gil-	0.0773899848255	0.722306525038	0.072837632777	0.12746585736
glo-	0.0490314769976	0.794794188862	0.123486682809	0.0326876513317
aug-	0.0839160839161	0.916083916084	0.0	0.0
pai-	0.532361724517	0.240602967504	0.141262455259	0.0857728527204
ama-	0.0327054799465	0.738323996654	0.0162850267642	0.212685496635
sur-	0.41368724489	0.456346821174	0.0244872650196	0.105478668916
ofi-	0.0784493634591	0.826585617617	0.036013304278	0.0589517146462
fri-	0.0	0.919540229885	0.0804597701149	0.0
reg-	0.134029466457	0.720068659705	0.104419968531	0.0414819053068
ink-	0.572969474147	0.301884887243	0.0340578584436	0.0910877801655
pla-	0.253813016649	0.658089804789	0.0520045018822	0.0360926766795
mac-	0.0	0.976091807459	0.0239081925406	0.0
lam-	0.0664960474377	0.64466098169	0.263145197663	0.0256977732093
ico-	0.0	1.0	0.0	0.0
ika-	0.455129079165	0.415888594483	0.059503091861	0.0694792344916
bet-	0.0359446030236	0.94375726821	0.00126863304789	0.0190294957184
til-	0.700033590863	0.249916022842	0.0	0.0500503862949
sal-	0.413213264234	0.468862410524	0.0460447280164	0.0718795972263
asu-	0.0497496772568	0.904751409049	0.0388866148179	0.00661229887591
ila-	0.558478548542	0.279938556125	0.067326206389	0.0942566889445
gab-	0.1569664903	0.812463256908	0.0270429159318	0.00352733686067
sek-	0.130136986301	0.835616438356	0.013698630137	0.0205479452055
fie-	0.0179350973664	0.931622441291	0.00784660509781	0.0425958562452
den-	0.467701488668	0.215221033632	0.0393945731611	0.277682904538
ind-	0.626773426385	0.232753387162	0.0534898391741	0.0869833472788
yan-	0.23194761268	0.124518209707	0.0273588059467	0.616175371667
bad-	0.375057918311	0.523848303169	0.0884570562053	0.012636722315
inf-	0.0849997231206	0.86349798159	0.0389407598533	0.0125615354365
gua-	0.0853265618174	0.854193971166	0.014744429882	0.0457350371341
isl-	0.126315789474	0.810526315789	0.0631578947368	0.0
ayw-	0.451336258476	0.40526525728	0.0714000797766	0.0719984044675
rug-	0.367251711315	0.474655960586	0.106693668727	0.0513986593714
min-	0.399285794216	0.255570612857	0.249488919902	0.0956546730246
apr-	0.0902255639098	0.90977443609	0.0	0.0
est-	0.0485535100141	0.786769168521	0.0655472385192	0.0991300829455
inr-	0.579763711966	0.163553560821	0.0524057817966	0.204276945416
cre-	0.00204603580563	0.995907928389	0.00204603580563	0.0
sul-	0.231904427266	0.598032326072	0.0260014054814	0.144061841181
age-	0.113336590132	0.861748900831	0.0146555935515	0.0102589154861
lul-	0.259124087591	0.653284671533	0.0	0.0875912408759
tab-	0.0138577976762	0.986142202324	0.0	0.0
naz-	0.0	0.998154414026	0.00184558597355	0.0
gal-	0.0128093412339	0.975949808296	0.00601254792611	0.00522830254444
arb-	0.0291340706771	0.961154572431	0.00647423792825	0.00323711896414
ida-	0.136971015369	0.0765290587924	0.016175315657	0.770324610182
kar-	0.0973557282845	0.790359574535	0.0520352268315	0.0602494703485
ark-	0.229830631943	0.724458204334	0.0238572209069	0.0218539428155
kay-	0.38717245548	0.180465064239	0.0261705993829	0.406191880898
ibe-	0.734057100236	0.186383789831	0.0348071105954	0.044751999337
suk-	0.375462059227	0.413465132699	0.183162354114	0.0279104539602
ati-	0.0756302521008	0.06362545018	0.518607442977	0.342136854742
imo-	0.14447592068	0.13597733711	0.685552407932	0.0339943342776
beg-	0.140770252324	0.758300132802	0.0770252324037	0.0239043824701
nar-	0.254320791248	0.358800840803	0.31365085705	0.0732275108993
lae-	0.107245604165	0.0424243857378	0.0798722093786	0.770457800719
tak-	0.507723227103	0.365087568188	0.0910134941143	0.0361757105943
lob-	0.0	1.0	0.0	0.0
luk-	0.477854023706	0.401746724891	0.0954460386774	0.0249532127261
tay-	0.171879867334	0.548494676855	0.144943470214	0.134681985597
imb-	0.669808409464	0.134874249884	0.0364464292689	0.158870911383
esl-	0.0	1.0	0.0	0.0
kak-	0.0344454984788	0.805911932458	0.0453020896465	0.114340479417
abb-	0.347027027027	0.633513513514	0.0194594594594	0.0
one-	0.163934426229	0.606557377049	0.0393442622951	0.190163934426
nob-	0.0565990549275	0.875587379727	0.0146038724284	0.0532096929173
agn-	0.279992890767	0.147976227211	0.298810575501	0.273220306522
aan-	0.138728323699	0.687861271676	0.0693641618497	0.104046242775
gog-	0.0	1.0	0.0	0.0
rak-	0.422794117647	0.577205882353	0.0	0.0
sil-	0.148141867197	0.565555588043	0.149513172129	0.13678937263
430-	0.442953020134	0.0201342281879	0.0	0.536912751678
gud-	0.0395226286423	0.617172969622	0.0340979541227	0.309206447613
lal-	0.0550288240628	0.74717044958	0.0226223084621	0.175178417895
ngi-	0.0837849481872	0.83775878098	0.0260765062017	0.0523797646312
kib-	0.961832061069	0.0248091603054	0.0	0.013358778626
rae-	0.349576054755	0.384308918173	0.145060782511	0.12105424456
pik-	0.72	0.28	0.0	0.0
deg-	0.55	0.25	0.0333333333333	0.166666666667
yeb-	0.164835164835	0.725274725275	0.0627943485086	0.0470957613815
asn-	0.050704225352	0.944466800805	0.0	0.00482897384305
nau-	0.413333703502	0.239929968732	0.268794441919	0.077941885847
egi-	0.00452147701582	0.935694549108	0.0597839738759	0.0
pim-	0.723403916193	0.0806270371934	0.0237489938555	0.172220052758
run-	0.00713860797146	0.883402736466	0.0880428316479	0.0214158239144
sau-	0.031431119037	0.924877396344	0.0	0.0436914846188
ul--	0.220338983051	0.559322033898	0.0508474576271	0.169491525424
way-	0.430868518924	0.353751914242	0.182563990374	0.0328155764603
umo-	0.0224719101124	0.977528089888	0.0	0.0
pri-	0.00841908325538	0.991580916745	0.0	0.0
tro-	0.0300026150628	0.955326882845	0.00489016736402	0.00978033472804
rob-	0.0	1.0	0.0	0.0
kit-	0.470257611241	0.293208430913	0.0713765287536	0.165157429092
gol-	0.0	1.0	0.0	0.0
ela-	0.0	1.0	0.0	0.0
nag-	0.484322641167	0.286918356384	0.0723515917429	0.156407410707
bai-	0.189349112426	0.67258382643	0.0828402366864	0.0552268244576
arp-	0.118066996156	0.722679846238	0.0247116968699	0.134541460736
itu-	0.420333030817	0.286005997711	0.0908732194294	0.202787752042
had-	0.0499049429658	0.761169201521	0.167538022814	0.0213878326996
kad-	0.0315132060795	0.0377966877354	0.00920698544189	0.921483120743
eli-	0.0121844334136	0.961153159352	0.0	0.0266624072345
fen-	0.0372381691233	0.939487975175	0.0139643134213	0.00930954228083
pus-	0.040493847969	0.776125063206	0.00733187257711	0.176049216248
ras-	0.138537658054	0.844969763606	0.0164925783397	0.0
upa-	0.646033892911	0.353966107089	0.0	0.0
tir-	0.0	1.0	0.0	0.0
man-	0.43555846333	0.242274223186	0.0688662381503	0.253301075334
uko-	0.4841817768	0.409908201199	0.0312571125104	0.0746529094909
men-	0.166299373322	0.725504297171	0.0209287228419	0.0872676066649
ald-	0.0276650785379	0.909523189161	0.00562048686072	0.0571912454403
tud-	0.14964028777	0.769784172662	0.0748201438849	0.00575539568345
bus-	0.608776791665	0.256561546287	0.0621742028275	0.0724874592205
fle-	0.0	1.0	0.0	0.0
mug-	0.0166551006246	0.934767522554	0.0249826509369	0.0235947258848
daa-	0.0550083345961	0.0166691923019	0.841036520685	0.087285952417
tap-	0.099582561746	0.0584127926416	0.0030113472882	0.838993298324
bam-	0.0792385596399	0.810249437359	0.0295386346587	0.080973368342
lup-	0.0845744680851	0.770212765957	0.121276595745	0.0239361702128
sol-	0.0772973106463	0.883004469908	0.0178425900773	0.021855629368
ame-	0.00357097309015	0.0543298048718	0.00153041703864	0.940568804999
ike-	0.160254649856	0.725452502809	0.104156784421	0.0101360629135
adt-	0.387299290515	0.285030806572	0.00840179238237	0.31926811053
cin-	0.130434782609	0.608695652174	0.0217391304348	0.239130434783
bos-	0.0	1.0	0.0	0.0
pam-	0.154178235279	0.741036338562	0.0274232777649	0.0773621483947
laz-	0.0284938941655	0.906377204885	0.0468113975577	0.0183175033921
agw-	0.506573859242	0.332559938128	0.0348027842227	0.126063418407
rim-	0.372776393138	0.0603437762483	0.0251296418124	0.541750188802
job-	0.0	1.0	0.0	0.0
siw-	0.141923181694	0.208662489785	0.5734132389	0.0760010896214
ket-	0.0386697637741	0.00447519350508	0.00337721075179	0.953477831969
dru-	0.0	1.0	0.0	0.0
tim-	0.30205920458	0.560222249975	0.0217458640568	0.115972681389
taw-	0.0364525608305	0.877169613715	0.0564836751502	0.0298941503045
leb-	0.0169491525424	0.91054613936	0.0725047080979	0.0
mon-	0.262096774193	0.717741935484	0.0201612903226	0.0
abe-	0.0896860986546	0.910313901345	0.0	0.0
alo-	0.016129032258	0.91935483871	0.0322580645161	0.0322580645161
ram-	0.232736931321	0.729890618848	0.0261607148816	0.0112117349493
pit-	0.00487140321182	0.0231598067952	0.00198158774718	0.969987202246
sip-	0.198879308473	0.605542644919	0.103870295159	0.0917077514497
mam-	0.41373765903	0.425740488815	0.0645224811049	0.0959993710501
sun-	0.268372943327	0.449725776965	0.155393053016	0.126508226691
las-	0.102852007926	0.762276178821	0.0738736616812	0.0609981515712
umd-	0.153979238754	0.268166089966	0.285467128028	0.292387543253
eti-	0.0	0.948863636364	0.0511363636364	0.0
esp-	0.0135140374295	0.944706909698	0.0117601664516	0.0300188864212
ent-	0.0557478593551	0.0816906540353	0.381417380215	0.481144106395
pad-	0.146479427348	0.740164103815	0.0556761066931	0.0576803621444
is--	0.301059001513	0.0968229954614	0.0559757942511	0.546142208775
sea-	0.0	1.0	0.0	0.0
cle-	0.0143198090692	0.980906921241	0.00477326968972	0.0
reb-	0.339765147165	0.252190799639	0.0887625778391	0.319281475356
inn-	0.665418780837	0.084661740474	0.0211922755556	0.228727203133
dum-	0.562028532952	0.228282439495	0.0380836361394	0.171605391413
ema-	0.0372670807453	0.832298136646	0.0745341614907	0.055900621118
adr-	0.0159362549801	0.962815405046	0.00531208499335	0.0159362549801
zeb-	0.0	1.0	0.0	0.0
pis-	0.429314830876	0.546400693842	0.0	0.0242844752819
rup-	0.110390848427	0.827645376549	0.0177311725453	0.0442326024786
mie-	0.0211267605634	0.535211267606	0.443661971831	0.0
ten-	0.132807516094	0.668706141623	0.11772893348	0.0807574088036
his-	0.0	0.922794117647	0.0772058823529	0.0
sai-	0.343949044586	0.636942675159	0.0191082802548	0.0
apo-	0.0128190312667	0.867508193973	0.00593014777968	0.113742626981
fan-	0.0	1.0	0.0	0.0
yas-	0.796666666667	0.0766666666667	0.0966666666666	0.03
pum-	0.646752653082	0.179075644674	0.0291519815457	0.145019720697
tra-	0.206828253466	0.607574915573	0.0422491058579	0.143347725103
lot-	0.0121408336706	0.987859166329	0.0	0.0
gag-	0.126782963073	0.599348938919	0.172332389046	0.101535708961
atu-	0.203389830508	0.745762711864	0.0508474576271	0.0
awa-	0.183591927977	0.164137346053	0.0361863947676	0.616084331203
nep-	0.0	0.978647686833	0.0213523131672	0.0
fir-	0.552486187845	0.21546961326	0.132596685083	0.0994475138122
tig-	0.479569892473	0.30752688172	0.0709677419354	0.141935483871
idd-	0.203304957436	0.733892505425	0.0283341679186	0.0344683692205
arf-	0.0	1.0	0.0	0.0
sua-	0.939723692296	0.00794830627737	0.0392460010703	0.0130820003568
300-	0.203703703704	0.185185185185	0.203703703704	0.407407407407
bau-	0.328767123288	0.369863013699	0.219178082192	0.0821917808219
fes-	0.00973574408901	0.979137691238	0.0	0.0111265646731
iga-	0.419612164291	0.460615043183	0.0554051013045	0.0643676912213
lep-	0.592079969243	0.248596693579	0.0904267589389	0.0688965782391
umm-	0.398320472084	0.32137993645	0.121425329097	0.158874262369
bul-	0.0707691580317	0.404585665476	0.495965451988	0.0286797245035
dav-	0.00135165577833	0.961590448299	0.00101374183374	0.0360441540888
gis-	0.171428571429	0.00952380952381	0.0761904761905	0.742857142857
aw--	0.5	0.342042755344	0.0154394299287	0.142517814727
tae-	0.197727272727	0.594318181818	0.204545454545	0.00340909090909
jop-	0.00867052023121	0.973988439306	0.0173410404624	0.0
tan-	0.11419318129	0.819780390486	0.0263199548565	0.0397064733673
dep-	0.764111204718	0.130581297388	0.0547598989047	0.0505475989891
bar-	0.0550402891229	0.551564545572	0.35919089853	0.0342042667749
bil-	0.15639672907	0.692722573305	0.0409622793468	0.109918418278
abo-	0.118043844857	0.814502529511	0.0202360876897	0.0472175379426
aga-	0.522410929675	0.289696826359	0.0689206327624	0.118971611204
mos-	0.0	0.96671709531	0.0332829046899	0.0
ker-	0.0842105263158	0.747368421053	0.126315789474	0.0421052631579
inu-	0.613851025218	0.235886250196	0.0623774908075	0.0878852337789
mau-	0.336161424219	0.174156600401	0.426189451868	0.0634925235125
ngu-	0.857142857143	0.107142857143	0.0357142857143	0.0
sii-	0.127363213971	0.735249939918	0.082712488985	0.0546743571257
abu-	0.243945454417	0.638526168758	0.0345671696542	0.0829612071702
ing-	0.246151656694	0.195538534411	0.0474312162401	0.510878592654
wal-	0.0530361260569	0.132590315142	0.0368946963874	0.777478862413
jef-	0.0	1.0	0.0	0.0
leo-	0.0110521662246	0.879162982611	0.0744179192455	0.0353669319186
ant-	0.0134460238187	0.967729542835	0.00717121270329	0.0116532206428
iny-	0.625249476248	0.178850555166	0.0421068667673	0.153793101819
dia-	0.0488028592213	0.185659613499	0.0032261125344	0.762311414745
dut-	0.171771559714	0.798570041486	0.0296583987996	0.0
nak-	0.53131861129	0.214768560543	0.138291237452	0.115621590715
000-	0.102988096845	0.142639339966	0.015579713022	0.738792850166
pol-	0.192233009709	0.796116504854	0.0116504854369	0.0
320-	0.206106870229	0.511450381679	0.129770992366	0.152671755725
aya-	0.300661388173	0.391568707986	0.0249751119485	0.282794791893
rum-	0.256257364683	0.191029957164	0.125021383089	0.427691295064
sar-	0.328570038036	0.465973074965	0.0890138468757	0.116443040123
lao-	0.0	1.0	0.0	0.0
yaw-	0.527607011123	0.269436422383	0.0636491007349	0.139307465759
saf-	0.194082840237	0.648520710059	0.0319526627219	0.125443786982
kah-	0.0576368876081	0.942363112392	0.0	0.0
teu-	0.151260504202	0.848739495798	0.0	0.0
noe-	0.0	1.0	0.0	0.0
put-	0.451838080403	0.290046034145	0.0762984063914	0.18181747906
nap-	0.508565038765	0.124394794394	0.214443524254	0.152596642587
gaz-	0.151260504202	0.848739495798	0.0	0.0
art-	0.00275862068966	0.99724137931	0.0	0.0
nab-	0.365346419783	0.239215677665	0.272149710805	0.123288191747
dus-	0.441049111072	0.350994543214	0.090934694596	0.117021651118
bal-	0.10566195188	0.707137397353	0.0561619483734	0.131038702393
obi-	0.3	0.583333333333	0.116666666667	0.0
efa-	0.0176991150442	0.982300884956	0.0	0.0
sad-	0.102498147983	0.181676038442	0.029053094923	0.686772718653
pub-	0.126994464344	0.565613806578	0.14001953761	0.167372191469
gub-	0.241648960638	0.657766192802	0.0110398002322	0.0895450463277
top-	0.0	0.961538461538	0.0384615384615	0.0
kub-	0.473684210526	0.0701754385965	0.280701754386	0.175438596491
ags-	0.423449412019	0.23950650972	0.0400930890081	0.296950989253
rii-	0.251141552511	0.58904109589	0.123287671233	0.0365296803653
tun-	0.25790134077	0.111417899146	0.0222838720582	0.608396888025
isc-	0.00361663652803	0.992766726944	0.0	0.00361663652803
sop-	0.0916030534351	0.908396946565	0.0	0.0
dad-	0.145633078315	0.402057586259	0.186531722332	0.265777613093
ubo-	0.361584082648	0.47771188062	0.0401760091831	0.120528027549
iru-	0.592907184778	0.280184593777	0.0326048790275	0.0943033424181
tas-	0.0444773906598	0.896960711638	0.0133432171979	0.045218680504
amp-	0.0	1.0	0.0	0.0
set-	0.0188679245283	0.981132075472	0.0	0.0
kaa-	0.207571053775	0.419472121739	0.0899111068859	0.2830457176
ele-	0.0	1.0	0.0	0.0
clo-	0.141509433962	0.801886792453	0.0	0.0566037735849
rom-	0.0446010958172	0.561506080449	0.344113323533	0.0497795002005
tug-	0.0419580419581	0.916083916084	0.041958041958	0.0
sib-	0.251651671921	0.509411750693	0.1666362272	0.0723003501862
agt-	0.492496703065	0.294301051143	0.0731651356972	0.140037110094
gim-	0.616279069767	0.203851744186	0.0428779069767	0.13699127907
bot-	0.0217391304348	0.869565217391	0.108695652174	0.0
law-	0.089530217186	0.723146836638	0.116147308782	0.0711756373938
era-	0.0	1.0	0.0	0.0
sus-	0.0209059233449	0.937282229965	0.0	0.0418118466898
amf-	0.0416666666667	0.958333333333	0.0	0.0
jes-	0.0287918362644	0.703132260776	0.00293111953206	0.265144783427
bro-	0.0	0.971830985916	0.0281690140845	0.0
ref-	0.0	1.0	0.0	0.0
fam-	0.0585425575942	0.836839564078	0.0427127879708	0.0619050903573
dua-	0.0888070108986	0.0487939257244	0.0211084519895	0.841290611388
aud-	0.0183823529412	0.705882352941	0.0110294117647	0.264705882353
uno-	0.377171215881	0.275434243176	0.133995037221	0.213399503722
mak-	0.555832243932	0.230618321238	0.109224042711	0.10432539212
uto-	0.659574468085	0.225531914894	0.0382978723405	0.0765957446808
get-	0.0	1.0	0.0	0.0
