-eus	0.0229508196722	0.934426229508	0.016393442623	0.0262295081967
-hem	0.0223449816895	0.958103159332	0.00558624542238	0.013965613556
-ive	0.0991501416431	0.900849858357	0.0	0.0
-rbe	0.018691588785	0.981308411215	0.0	0.0
-lel	0.0	1.0	0.0	0.0
-lem	0.0177145192921	0.961737189468	0.000780779953245	0.0197675112869
-aus	0.273127753304	0.647577092511	0.0	0.079295154185
-oya	0.38534215093	0.280460718998	0.10199190029	0.232205229781
-aue	0.121127592544	0.793876345498	0.015095825676	0.0699002362825
-aun	0.397772655697	0.446427348867	0.019397978046	0.13640201739
-pus	0.020905923345	0.968641114983	0.0	0.0104529616725
-kia	0.115577889447	0.763819095477	0.100502512563	0.0201005025126
-apa	0.0416827434791	0.882717674421	0.031020713881	0.0445788682189
-opu	0.271671949566	0.13065899833	0.011884078491	0.585784973612
-opo	0.270004286964	0.295148481633	0.0466532391374	0.388193992266
-opi	0.106060606061	0.863636363636	0.0	0.030303030303
-ope	0.456739237743	0.270832611747	0.0835031021664	0.188925048343
-opa	0.25140189176	0.159624670605	0.0673732178124	0.521600219823
-dea	0.0344827586207	0.896551724138	0.0689655172414	0.0
-sip	0.0969714748189	0.847807319487	0.0204019232861	0.0348192824083
-imu	0.303773057318	0.273146765056	0.0315631403494	0.391517037276
-oku	0.659420289855	0.340579710145	0.0	0.0
-dek	0.0259770247648	0.936500606131	0.0184725509438	0.0190498181608
-del	0.0154539600773	0.912427559562	0.0721184803606	0.0
-400	0.409722222222	0.0347222222222	0.0	0.555555555556
-ima	0.181125462725	0.484292950552	0.151098293457	0.183483293266
-der	0.0535714285714	0.94012605042	0.0	0.0063025210084
-des	0.0	1.0	0.0	0.0
-ime	0.0947414490743	0.338876364597	0.502161472526	0.064220713802
-aka	0.205182752627	0.325288900157	0.220278305698	0.249250041517
-oke	0.435093814407	0.310769872525	0.0136197359407	0.240516577127
-imo	0.566245251429	0.17500549469	0.0508515261401	0.207897727741
-let	0.127553656131	0.765274972996	0.0696942657211	0.0374771051519
-ida	0.0500905250453	0.931804465902	0.00543150271575	0.0126735063367
-bia	0.0	1.0	0.0	0.0
-ter	0.0223880597015	0.932835820896	0.044776119403	0.0
-uta	0.103555223709	0.820630635805	0.0292918270059	0.04652231348
-tet	0.172233820459	0.644050104384	0.172233820459	0.0114822546973
-ria	0.0199619659083	0.866762034383	0.00963987952481	0.103636120184
-rin	0.148667691519	0.554605431719	0.0752626184986	0.221464258263
-ril	0.0	1.0	0.0	0.0
-uti	0.0947368421053	0.852631578947	0.0526315789473	0.0
-rik	0.0610401301347	0.703975110157	0.193054217533	0.0419305421753
-eru	0.517209171175	0.254648150433	0.040269284317	0.187873394075
-tea	0.178128523112	0.742953776776	0.0135287485907	0.065388951522
-rit	0.0323299888517	0.954292084727	0.0133779264214	0.0
-ris	0.0122365737593	0.987763426241	0.0	0.0
-aku	0.0243386327763	0.0370081736031	0.0112623976755	0.927390795945
-ten	0.115127158556	0.526995290424	0.10819466248	0.24968288854
-teo	0.262480711525	0.0809748533775	0.0515409035629	0.605003531534
-are	0.152200342128	0.154263799395	0.0778394732386	0.615696385238
-ara	0.227820904638	0.647463166437	0.0362358368702	0.0884800920544
-mes	0.0811287477954	0.897707231041	0.010582010582	0.010582010582
-aro	0.4440042527	0.172267920094	0.339969783448	0.043758043758
-ari	0.241810475325	0.266151983046	0.0533454435362	0.438692098093
-aru	0.61945903213	0.122818905641	0.1189790502	0.138743012028
-luk	0.00966494845361	0.966494845361	0.0	0.0238402061856
-mea	0.0	1.0	0.0	0.0
-lun	0.0264150943396	0.928301886792	0.0452830188679	0.0
-mel	0.06375	0.655	0.28125	0.0
-men	0.0805729632945	0.892569382274	0.0268576544315	0.0
-mek	0.0	1.0	0.0	0.0
-aye	0.160296088316	0.130049135345	0.178564085111	0.531090691227
-aya	0.332082936752	0.334942711198	0.104126528278	0.228847823772
-tyu	0.0114503816794	0.988549618321	0.0	0.0
-ndi	0.299139205543	0.525025056392	0.0863887132101	0.0894470248552
-umu	0.426238342135	0.197350791652	0.0480113742209	0.328399491992
-ota	0.0	1.0	0.0	0.0
-ija	0.00481695568401	0.993256262042	0.0019267822736	0.0
-oti	0.011969040083	0.980051599862	0.00319174402213	0.0047876160332
-ume	0.181268372785	0.510516014104	0.189354230964	0.118861382147
-uma	0.195661120586	0.460620811132	0.0377558797762	0.305962188506
-umo	0.495111745102	0.194145954502	0.0503903954635	0.260351904932
-mat	0.0	1.0	0.0	0.0
-umi	0.386766076421	0.473438956198	0.0698974836906	0.0698974836906
-ako	0.40133630663	0.328686160759	0.230701519064	0.0392760135475
ALL	0.221928903431	0.257070492105	0.0484734399703	0.472527164494
-nai	0.0644405389572	0.923842999414	0.0	0.0117164616286
-nan	0.0398515871925	0.778754981448	0.164903119417	0.0164903119417
-aki	0.199632648376	0.382543144683	0.040561741859	0.377262465083
-nam	0.0	1.0	0.0	0.0
-sis	0.0	1.0	0.0	0.0
-ake	0.0861305108989	0.491020740227	0.397310818706	0.0255379301687
-naa	0.0921507386914	0.0413966316081	0.0126813734261	0.853771256274
-kim	0.0	1.0	0.0	0.0
-kis	0.0283562577105	0.960301239205	0.00824909315214	0.00309340993205
-sin	0.0775200611723	0.782205542421	0.0729057718167	0.0673686245902
-sil	0.0745077168707	0.881733782745	0.0153746082431	0.0283838921412
-nas	0.056925996205	0.911764705882	0.0284629981025	0.00284629981025
-sia	0.0195741547524	0.953807449224	0.0141130269375	0.0125053690863
-nat	0.0	0.721212121212	0.278787878788	0.0
-gok	0.0491803278688	0.918032786885	0.0327868852459	0.0
-mos	0.00739827373614	0.963008631319	0.0295930949445	0.0
-gol	0.0	0.959918809897	0.040081190103	0.0
-gon	0.0	1.0	0.0	0.0
-lko	0.330162963759	0.170676243841	0.0370638397407	0.462096952659
-moa	0.121212121212	0.757575757576	0.0606060606061	0.060606060606
-mon	0.00789063216809	0.988806312506	0.00110101844206	0.00220203688411
-lka	0.232508063008	0.120575660267	0.0430785425782	0.603837734147
-moi	0.482606843674	0.517393156326	0.0	0.0
-lke	0.128508636569	0.491594830432	0.0095027037972	0.370393829202
-ber	0.0	1.0	0.0	0.0
-eor	0.0776699029126	0.922330097087	0.0	0.0
-bet	0.0438718662953	0.876740947075	0.00417827298049	0.0752089136491
-beu	0.263292132627	0.577790857367	0.147145379635	0.0117716303708
-bek	0.185840707965	0.628318584071	0.159292035398	0.0265486725664
-bei	0.822377460665	0.0382246762662	0.00317143017308	0.136226432896
-bel	0.0905823148814	0.886772106398	0.0	0.0226455787203
-bea	0.0	0.826086956522	0.130434782609	0.0434782608696
-iso	0.102040816327	0.801749271137	0.0	0.0962099125364
-upu	0.276616415776	0.433602235637	0.0480312639864	0.241750084601
-isi	0.03587616789	0.933313921098	0.00159056901975	0.0292193419925
-isa	0.135522168355	0.691995071921	0.0246403942463	0.147842365478
-upe	0.234721767405	0.272319045629	0.131819998566	0.3611391884
-eva	0.721854304636	0.278145695364	0.0	0.0
-res	0.0307692307692	0.939743589744	0.0153846153846	0.0141025641026
-ist	0.00849504010061	0.941678539656	0.00133780159065	0.048488618653
-ret	0.0243094214411	0.953907154205	0.00972552885314	0.0120578955012
-upi	0.353783231084	0.61554192229	0.0306748466257	0.0
-jut	0.0725806451613	0.879032258065	0.0483870967742	0.0
-ame	0.108313015553	0.784712525778	0.0146375289998	0.0923369296701
-mas	0.0254381006218	0.962690785755	0.0	0.0118711136235
-mar	0.0	1.0	0.0	0.0
-ham	0.0412122749176	0.945684335109	0.000845379998311	0.0122580099755
-mai	0.037463661967	0.660475284665	0.0249726399381	0.27708841343
-mak	0.0332552693208	0.966744730679	0.0	0.0
-has	0.0	1.0	0.0	0.0
-man	0.157140962392	0.72225444124	0.0403228952385	0.0802817011294
-maa	0.524388605214	0.147944101048	0.0332571889277	0.294410104811
-uno	0.506820436508	0.184399801587	0.0409226190476	0.267857142857
-uni	0.170982127323	0.319071576351	0.0479502402335	0.461996056092
-une	0.175544427416	0.560933100474	0.196186334961	0.0673361371494
-una	0.207557742108	0.235490732536	0.0318920640897	0.525059461266
-pta	0.0	1.0	0.0	0.0
-unu	0.188268403286	0.151779309588	0.140811534298	0.519140752828
-nko	0.413407821229	0.45251396648	0.0	0.134078212291
-nki	0.0156228773265	0.98356201603	0.0	0.000815106643118
-tra	0.0192926045016	0.929260450161	0.0514469453376	0.0
-500	0.0281690140845	0.197183098592	0.267605633803	0.507042253521
-eon	0.0707070707071	0.89898989899	0.0151515151515	0.0151515151515
-gai	0.201663007781	0.630019836119	0.0127031815925	0.155613974508
-adi	0.0	1.0	0.0	0.0
-gau	0.536644575706	0.445198276996	0.0181571472983	0.0
-gar	0.0	0.986710963455	0.0132890365449	0.0
-ini	0.0821916839877	0.585493136798	0.141697755834	0.19061742338
-sel	0.0502821670429	0.899463882619	0.0159706546275	0.034283295711
-sek	0.0	1.0	0.0	0.0
-ino	0.0981811596108	0.0467001972241	0.00915597103332	0.845962672132
-ina	0.193283079937	0.56457491086	0.0545208778668	0.187621131336
-ine	0.500894454383	0.415623136553	0.0655933214073	0.0178890876565
-sea	0.0879120879121	0.912087912088	0.0	0.0
-ing	0.0468740892531	0.900570632252	0.0174061285615	0.0351491499339
-800	0.0	0.542857142857	0.0	0.457142857143
-ins	0.120587463939	0.727039076842	0.0141620771046	0.138211382114
-ses	0.0889762241859	0.800273397452	0.00341746814432	0.107332910218
-inu	0.50763072883	0.270837198938	0.0919043509383	0.129627721294
-sep	0.0135616595794	0.986438340421	0.0	0.0
-kus	0.0425048054796	0.944500094756	0.00974632482334	0.00324877494112
-iam	0.0171722953635	0.9811104751	0.00171722953635	0.0
-net	0.0817469204927	0.884658454647	0.020156774916	0.013437849944
-edi	0.0143540669857	0.980861244019	0.00478468899521	0.0
-nes	0.0228310502283	0.919330289193	0.0319634703196	0.0258751902587
-nok	0.0270880361174	0.972911963883	0.0	0.0
-fus	0.0	0.97489539749	0.0251046025105	0.0
-ias	0.0279092020626	0.957338791133	0.00598054329913	0.00877146350539
-kum	0.0	0.946902654867	0.0	0.0530973451328
-kul	0.336633663366	0.415841584158	0.20297029703	0.0445544554455
-kui	0.731707317073	0.207317073171	0.0609756097561	0.0
-eka	0.218848996832	0.283086941218	0.0708377331926	0.427226328757
-eke	0.289739330926	0.38290935251	0.250387261611	0.0769640549529
-bai	0.440797193215	0.255534267814	0.0603685467447	0.243299992226
-eki	0.558139534884	0.209302325581	0.093023255814	0.139534883721
-eko	0.396272320531	0.0676201653931	0.0264458373267	0.509661676749
-jon	0.0313895162561	0.934594779138	0.00627002468617	0.0277456799202
-eku	0.135428159325	0.205146679982	0.191236286624	0.468188874069
-iru	0.484831291857	0.191589356759	0.0546425975713	0.268936753812
-bat	0.0302888454443	0.950023405017	0.0123908913181	0.00729685822067
-bas	0.031701815209	0.952265604893	0.00386053623606	0.0121720436619
-dru	0.00404244567964	0.99595755432	0.0	0.0
-ase	0.0	1.0	0.0	0.0
-nya	0.382080329557	0.553038105046	0.0216271884655	0.043254376931
-mbu	0.0822357146744	0.228037998217	0.00861637377187	0.681109913336
-asa	0.085201793722	0.846038863976	0.0388639760837	0.0298953662183
-nye	0.0294949915246	0.0468596140548	0.00258277424251	0.921062620178
-asi	0.0243198192864	0.91519032308	0.0110213413246	0.0494685163088
-mba	0.412861717289	0.13994546289	0.036738313886	0.410454505934
-lto	0.227306924279	0.14724737856	0.0716572192765	0.553788477885
-mbe	0.14112930069	0.0337291548219	0.0203693556101	0.804772188878
-mbi	0.275405229704	0.301617978409	0.148574170828	0.27440262106
-lta	0.0284342750096	0.960861056751	0.00769398029672	0.0030106879422
-lte	0.237405328823	0.325971610629	0.173555544905	0.263067515644
-mbo	0.184287131675	0.206286505098	0.0363823218458	0.573044041381
-430	0.281690140845	0.0281690140845	0.0	0.69014084507
-ras	0.159090909091	0.80303030303	0.0151515151515	0.0227272727273
-ran	0.201117318436	0.798882681564	0.0	0.0
-eri	0.114226363362	0.252462681674	0.284575142867	0.348735812097
-ral	0.0979591836735	0.69387755102	0.208163265306	0.0
-ram	0.0	1.0	0.0	0.0
-rak	0.0335195530726	0.966480446927	0.0	0.0
-ero	0.346873642055	0.128602648318	0.0320507374981	0.492472972129
-era	0.130804424422	0.448009088437	0.108824787624	0.312361699517
-iwi	0.560273400302	0.142791833125	0.0274556058086	0.269479160765
-ere	0.312411845221	0.430697688232	0.047088551966	0.209801914581
-poi	0.207289293849	0.683371298406	0.0683371298406	0.0410022779044
-pol	0.0449219260848	0.857200149958	0.0076068666684	0.0902710572891
-ike	0.78542194504	0.207951666342	0.000779575131551	0.00584681348665
-ika	0.25282195161	0.714791593758	0.023667024539	0.0087194300933
-iko	0.187623253229	0.119684110018	0.027826192151	0.664866444602
-lam	0.0496607762701	0.936928053014	0.0118333859262	0.00157778479015
-nor	0.0	1.0	0.0	0.0
-nos	0.0508474576271	0.949152542373	0.0	0.0
-iki	0.183668316332	0.473437026563	0.272447227553	0.0704474295526
-lak	0.0845070422535	0.915492957746	0.0	0.0
-lat	0.0318987341772	0.92253164557	0.0177215189873	0.0278481012658
-lau	0.704453441296	0.0720647773279	0.0	0.223481781377
-iku	0.303249097473	0.56678700361	0.0649819494585	0.0649819494585
-fos	0.0	1.0	0.0	0.0
-iks	0.0294117647059	0.912729026037	0.0347155255545	0.023143683703
-las	0.0547103709747	0.901977252004	0.0179968325575	0.0253155444642
-noa	0.0	1.0	0.0	0.0
-gei	0.507927935862	0.171078489253	0.044406903522	0.276586671363
-myu	0.0	0.989637305699	0.0	0.0103626943005
-boa	0.44630968578	0.248021526008	0.15796120515	0.147707583062
-gea	0.584905660377	0.38679245283	0.0	0.0283018867925
-boi	0.441221820793	0.25813719877	0.0907904508909	0.209850529546
-don	0.00340425531915	0.994893617021	0.0	0.00170212765957
-dom	0.0138632162662	0.970425138632	0.0157116451017	0.0
-dok	0.0	1.0	0.0	0.0
-get	0.0	1.0	0.0	0.0
-sas	0.0226212800012	0.723395796398	0.00280454632391	0.251178377277
-sar	0.0976290097629	0.899581589958	0.0	0.00278940027894
-sat	0.0	1.0	0.0	0.0
-olu	0.0472036942021	0.835813237558	0.0123140071832	0.104669061057
-lfa	0.041749502982	0.946322067595	0.0119284294235	0.0
-oli	0.153781680243	0.57185592493	0.10585054385	0.168511850976
-ibi	0.313725490196	0.686274509804	0.0	0.0
-olo	0.282020394588	0.166196670504	0.070414315156	0.481368619752
-sak	0.00301356102461	0.984932194877	0.0	0.0120542440984
-ola	0.210517095392	0.164446285632	0.032332384803	0.592704234172
-sam	0.0	1.0	0.0	0.0
-rot	0.0246934849399	0.941424756654	0.0330203577684	0.000861400637435
-iem	0.0	1.0	0.0	0.0
-iel	0.026058029939	0.962853446683	0.0	0.0110885233783
-loi	0.177924202435	0.656098347097	0.0452298130602	0.120747637407
-air	0.0181590482154	0.976205385097	0.0	0.00563556668754
-oko	0.226868605451	0.157820939644	0.0570100446922	0.558300410213
-loa	0.593917710197	0.236135957066	0.132379248658	0.0375670840787
-rom	0.131703024289	0.521202425028	0.183708937734	0.163385612949
-ron	0.024494142705	0.949946751864	0.00638977635782	0.0191693290735
-los	0.0550607287449	0.915789473684	0.0072874493927	0.0218623481781
-ipi	0.216648628124	0.504421187016	0.04468127091	0.23424891395
-ipo	0.316646661427	0.127908151792	0.0387476973741	0.516697489407
-pia	0.466580685954	0.483196039618	0.0136874589107	0.0365358155175
-ipa	0.0496688741723	0.914853358562	0.0	0.0354777672658
-ipe	0.272410221432	0.128935891265	0.0279247253904	0.570729161912
-ewe	0.117788461538	0.780229499274	0.0257166182874	0.0762654208999
-ewa	0.154506437768	0.381974248927	0.463519313305	0.0
-ewi	0.51702653263	0.22189295351	0.0557347213569	0.205345792502
-ipu	0.0574641382717	0.704060704246	0.0843058059716	0.154169351511
-hap	0.0421545667447	0.957845433255	0.0	0.0
-awi	0.230161063739	0.345944003398	0.286190336176	0.137704596687
-nga	0.133242022584	0.319074096127	0.0568724539036	0.490811427386
-awa	0.0414760513697	0.852904701538	0.0684837127267	0.0371355343659
-awe	0.18779342723	0.403755868545	0.122065727699	0.286384976526
-nge	0.201664810335	0.121326552173	0.0624377088535	0.614570928638
-276	0.0	0.235294117647	0.0	0.764705882353
-dot	0.0357142857143	0.928571428571	0.0357142857143	0.0
-aio	0.486765728551	0.259800859339	0.0440707105213	0.209362701589
-ain	0.0627240859556	0.89317930483	0.00808437835601	0.0360122308586
-eyo	0.610055180871	0.245861434703	0.101164929491	0.0429184549356
-eya	0.265806227844	0.194730854102	0.0452459773369	0.494216940717
-200	0.0534857985983	0.245665805976	0.073773515308	0.627074880118
-ngo	0.161064858059	0.129503468441	0.032228455933	0.677203217567
-eye	0.735981308411	0.0525700934579	0.113317757009	0.0981308411215
-iok	0.0452841555659	0.943670928442	0.00502041635987	0.00602449963184
-lek	0.0	1.0	0.0	0.0
-ois	0.0117130307467	0.966325036603	0.0219619326501	0.0
-ion	0.0741141466054	0.773329726805	0.113605626183	0.0389505004057
-mum	0.0	1.0	0.0	0.0
-lea	0.201254605155	0.420109479642	0.120598068232	0.258037846971
-mus	0.0288728484176	0.927817878956	0.00666296501946	0.0366463076069
-ios	0.0	0.948275862069	0.051724137931	0.0
-les	0.0	1.0	0.0	0.0
-oik	0.0875912408759	0.328467153285	0.583941605839	0.0
-iot	0.00660264105642	0.992196878752	0.0	0.00120048019207
-alu	0.614105896233	0.302999121819	0.0267002563579	0.0561947255906
-ndu	0.453679035334	0.215725400805	0.0456837138198	0.28491185004
-gio	0.714104193138	0.130876747141	0.124523506989	0.0304955527319
-alo	0.173200591249	0.147016947234	0.0327973876088	0.646985073908
-oki	0.559400230681	0.204152249135	0.212226066897	0.0242214532872
-ndo	0.239141936176	0.213258431954	0.0600994645348	0.487500167335
-ali	0.0200535227696	0.125615271799	0.0280968619561	0.826234343475
-nda	0.251007315603	0.0855093657479	0.142343402059	0.521139916591
-ale	0.206376450153	0.406257886715	0.0500436087469	0.337322054385
-nde	0.103999920005	0.831711289182	0.0357286377261	0.0285601530868
-gia	0.0	0.878504672897	0.121495327103	0.0
-ala	0.235190551335	0.253335711237	0.0884925552317	0.422981182197
-lon	0.0661057692308	0.897836538462	0.0126201923077	0.0234375
-120	0.031746031746	0.269841269841	0.0	0.698412698413
-lok	0.173941398426	0.692597941026	0.0195649135883	0.11389574696
-pea	0.227972027972	0.518881118881	0.0559440559441	0.197202797203
-pel	0.0359477124183	0.944147355912	0.0	0.0199049316696
-pen	0.0518999073216	0.879518072289	0.064874884152	0.00370713623725
-elu	0.405164737311	0.525378450579	0.0480854853072	0.0213713268032
-153	0.15	0.0333333333333	0.0166666666667	0.8
-eli	0.222167849022	0.350679666048	0.0578650870058	0.369287397925
-elo	0.26496261068	0.126625305591	0.0583402125826	0.550071871147
-iye	0.0814882641345	0.143307976492	0.00956815456407	0.765635604809
-ela	0.425317268139	0.415634092499	0.0894489547771	0.0695996845848
-iya	0.289189167229	0.242398290418	0.0566989786383	0.411713563715
-ele	0.29432379418	0.148500809676	0.0456960139495	0.511479382194
-100	0.00903497827304	0.219549972035	0.0576517661232	0.713763283569
-esi	0.252464893935	0.248580818644	0.0328652524649	0.466089034957
-iti	0.132140255957	0.755488502757	0.0515034855894	0.0608677556966
-esa	0.325097529259	0.674902470741	0.0	0.0
-ite	0.140528513281	0.0949102008812	0.0687189496911	0.695842336146
-ita	0.0299769804276	0.940710285511	0.00532542345706	0.0239873106039
-spa	0.0554875560995	0.858833129335	0.0856793145655	0.0
-bru	0.0156555772994	0.933463796478	0.0234833659491	0.027397260274
-fan	0.0	1.0	0.0	0.0
-666	0.0	0.0	0.0	1.0
-fas	0.048427672956	0.947798742138	0.0	0.00377358490566
-uda	0.0643910978668	0.708189478223	0.116824993429	0.110594430481
-fat	0.0575539568345	0.870503597122	0.0	0.0719424460431
-hum	0.0	1.0	0.0	0.0
-rim	0.0	1.0	0.0	0.0
-nje	0.398459287554	0.286963033332	0.0890456858552	0.225531993259
-ait	0.0	1.0	0.0	0.0
-njo	0.344446630206	0.367610676761	0.126964556653	0.16097813638
-lot	0.0135440180587	0.98344620015	0.00300978179082	0.0
-tui	0.287902944547	0.400154451697	0.214040157441	0.0979024463156
-koi	0.492957746479	0.267605633803	0.239436619718	0.0
-ael	0.0549589610728	0.841625482598	0.0184466530233	0.0849689033063
-sos	0.25	0.65	0.0	0.1
-oru	0.652465781423	0.110490162268	0.0279857501712	0.209058306139
-kou	0.196089024965	0.537390956194	0.0346735751295	0.231846443712
-kot	0.327326295852	0.442270819063	0.013695776681	0.216707108405
-son	0.0546331012319	0.932512051419	0.0128548473487	0.0
-kop	0.0	0.997007779773	0.00119688809096	0.00179533213645
-kos	0.137055837563	0.852791878173	0.010152284264	0.0
-ora	0.386542933507	0.13403532986	0.0774056743262	0.402016062307
-ore	0.246007455321	0.304619985071	0.302784514894	0.146588044714
-rus	0.0375429315858	0.912913031463	0.00947455686708	0.0400694800837
-liv	0.0363568911148	0.950287516231	0.0111296605453	0.00222593210906
-lip	0.028281606879	0.960634152895	0.0	0.0110842402257
-omu	0.206624458276	0.382726655627	0.0858145987674	0.324834287329
-lis	0.0326086956522	0.864130434783	0.0054347826087	0.0978260869565
-ruk	0.0	1.0	0.0	0.0
-omi	0.0858437243683	0.443193506099	0.00805559872447	0.462907170808
-lio	0.376459986983	0.132575032245	0.0425343368802	0.448430643892
-omo	0.54200865515	0.197087287088	0.0593193050565	0.201584752705
-lie	0.41051212108	0.104073089632	0.0257324040478	0.45968238524
-oma	0.102190769681	0.302863610725	0.0459141533061	0.549031466287
-lia	0.247143988236	0.605531048524	0.115088790861	0.0322361723787
-ome	0.154631755715	0.789540422907	0.037321361253	0.0185064601254
-144	0.16149068323	0.111801242236	0.0	0.726708074534
-oda	0.0236034618411	0.952793076318	0.0236034618411	0.0
-rna	0.0	1.0	0.0	0.0
-eam	0.00818394388154	0.964146531567	0.0	0.0276695245519
-rni	0.0	1.0	0.0	0.0
-uro	0.180602009828	0.474213549774	0.194194793251	0.150989647147
-ura	0.135191569026	0.778348706597	0.0738837644675	0.0125759599094
-ure	0.284312145098	0.286914568562	0.0942373282697	0.33453595807
-uru	0.413880888706	0.377408626483	0.0527069190153	0.156003565796
-pai	0.13358490566	0.77358490566	0.0181132075472	0.0747169811321
-dus	0.0186046511628	0.75503875969	0.0558139534883	0.170542635659
-ape	0.0733305142037	0.120720575159	0.0140255218541	0.791923388783
-paa	0.0997267236281	0.0229733012383	0.0759552450321	0.801344730101
-api	0.397456243866	0.497168916663	0.0420546579749	0.0633201814962
-apo	0.34293385404	0.410056138638	0.122528679522	0.124481327801
-apu	0.205874568563	0.594183570201	0.0679683399075	0.131973521328
-wan	0.224307384193	0.719615769759	0.0186922820161	0.0373845640322
-pas	0.0456580125336	0.927484333035	0.0268576544315	0.0
-pat	0.125	0.75	0.125	0.0
-wai	0.120072865214	0.696282138	0.0392757593586	0.144369237427
-lus	0.158702949789	0.785586743804	0.0471394900364	0.00857081637026
-sen	0.0391982182628	0.910022271715	0.0160356347439	0.0347438752784
-kem	0.0	1.0	0.0	0.0
-kel	0.203313927452	0.762352589939	0.0343334826093	0.0
-sus	0.0130688924624	0.953493120964	0.008168057789	0.0252699287847
-sop	0.0	0.917525773196	0.0824742268041	0.0
-ket	0.363709618343	0.61870925207	0.00988938539302	0.00769174419457
-sor	0.0	1.0	0.0	0.0
-nus	0.0	1.0	0.0	0.0
-sua	0.035294117647	0.941176470588	0.0	0.0235294117647
-fet	0.0147915031269	0.970707511484	0.0036522229943	0.0108487623944
-dia	0.0493231470312	0.920318992092	0.0212438010991	0.00911405977751
-sol	0.0434098360656	0.926950819672	0.0	0.0296393442623
-tus	0.0476482233218	0.912871122784	0.0184636865372	0.0210169673566
-dis	0.0	1.0	0.0	0.0
-sli	0.0	1.0	0.0	0.0
-oro	0.402015625593	0.277954605134	0.0652320082784	0.254797760995
-uku	0.29729258667	0.0588820933936	0.00944522399964	0.634380095936
-ven	0.0797259420741	0.840859545313	0.0224229212084	0.0569915914045
-ova	0.00393180112235	0.98552382314	0.00589770168352	0.00464667405369
-uke	0.904989747095	0.0622009569378	0.0164046479836	0.0164046479836
-uki	0.443263513056	0.512908898345	0.00899166063183	0.0348359279675
-uko	0.37896317656	0.2366005834	0.0542680060346	0.330168234005
-tiu	0.643365550311	0.222147299018	0.0644339551959	0.0700531954746
-vai	0.0184501845018	0.968634686347	0.00369003690036	0.00922509225091
-ngu	0.171040388582	0.0992037262526	0.010380914301	0.719374970865
-ais	0.203044227455	0.702083241285	0.025283877524	0.0695886537357
-tis	0.00767754318617	0.982725527831	0.00959692898274	0.0
-aie	0.102876899993	0.529845391089	0.334985974297	0.0322917346207
-tie	0.335403726708	0.552795031056	0.0372670807453	0.0745341614907
-aia	0.0456458290911	0.913968641825	0.00882372904364	0.0315618000407
-tia	0.131578947368	0.815789473684	0.0526315789474	0.0
-reu	0.0	1.0	0.0	0.0
-ngi	0.471930109061	0.182023756952	0.0298214962558	0.316224637732
-tin	0.0	0.963636363636	0.0363636363636	0.0
-tio	0.286877137447	0.417540487832	0.133348407337	0.162233967384
-tik	0.275590551181	0.614173228346	0.110236220472	0.0
-eme	0.270855547175	0.633914404528	0.0202501569215	0.0749798913751
-uwe	0.530784580619	0.341200724188	0.081471105179	0.0465435900147
-ema	0.158152808534	0.445075188626	0.0526515643724	0.344120438467
-uwa	0.309595129964	0.638225915547	0.0278287757271	0.0243501787612
-emo	0.443654752374	0.0518540988967	0.0198226516662	0.484668497063
-uwi	0.504262663555	0.243844770424	0.028811067816	0.223081498206
-260	0.220623501199	0.167865707434	0.0287769784173	0.58273381295
-emu	0.161243197497	0.449418236432	0.0571874705656	0.332151095505
-ems	0.00116504854369	0.991844660194	0.00116504854369	0.00582524271845
-das	0.0391547545059	0.932463227678	0.00124300807955	0.0271390097369
-set	0.0	1.0	0.0	0.0
-ana	0.25774588754	0.484979905692	0.0854498502674	0.171824356501
-mda	0.0	1.0	0.0	0.0
-ser	0.0	1.0	0.0	0.0
-kta	0.0324786324786	0.837606837607	0.0735042735042	0.0564102564102
-ges	0.0240963855422	0.927710843373	0.0481927710843	0.0
-000	0.0818948562447	0.121532878968	0.0138804841093	0.782691780678
-rut	0.0681818181818	0.931818181818	0.0	0.0
-ete	0.0681818181819	0.931818181818	0.0	0.0
-buk	0.422434257627	0.492867878869	0.0265230333809	0.0581748301228
-ank	0.166339512904	0.145837877136	0.0468556888404	0.64096692112
-bul	0.0420757363253	0.957924263675	0.0	0.0
-lim	0.0	1.0	0.0	0.0
-uya	0.385618083391	0.416476757676	0.0324535950904	0.165451563843
-uye	0.722222222222	0.25	0.0	0.0277777777778
-lin	0.0184049079755	0.953987730061	0.0	0.0276073619632
-300	0.295918367347	0.336734693878	0.122448979592	0.244897959184
-wel	0.152873732177	0.779509040129	0.0558577098339	0.0117595178598
-bus	0.0	1.0	0.0	0.0
-nis	0.332087269761	0.618432678584	0.029497723102	0.019982328553
-kai	0.255405202976	0.354945823139	0.0280870824387	0.361561891446
-ian	0.113105924596	0.754039497307	0.125673249551	0.00718132854579
-osa	0.0	1.0	0.0	0.0
-niu	0.200243986991	0.10464183927	0.0200984945315	0.675015679207
-ula	0.367537489677	0.445856708831	0.0786056674092	0.108000134082
-osi	0.248952026083	0.585700978109	0.0768514205869	0.0884955752212
-ule	0.277318754769	0.31493267469	0.083211754042	0.324536816499
-nia	0.0459023609723	0.927196947994	0.0232324149833	0.00366827605
-nie	0.299014166363	0.649859059078	0.0278240949983	0.0233026795611
-kas	0.0834160873882	0.913604766634	0.00297914597815	0.0
-kar	0.209302325581	0.666666666667	0.0	0.124031007752
-kap	0.00203873598369	0.997961264016	0.0	0.0
-nio	0.32433956067	0.152600613415	0.0413620510085	0.481697774907
-kau	0.198254921359	0.0609807223991	0.0617042583839	0.679060097858
-kat	0.0805832693783	0.919416730622	0.0	0.0
-fik	0.0326870217666	0.925711314167	0.0416016640665	0.0
-fia	0.0	1.0	0.0	0.0
-ilu	0.0232558139535	0.364341085271	0.612403100775	0.0
-ata	0.0278293135436	0.972170686456	0.0	0.0
-upo	0.440284940787	0.350754264329	0.0318850259224	0.177075768962
-ila	0.261090194404	0.556080607507	0.0903618438959	0.0924673541936
-ilo	0.105263157895	0.723684210526	0.0394736842105	0.131578947368
-yus	0.0555555555556	0.944444444444	0.0	0.0
-vit	0.0480085348506	0.930654338549	0.0	0.0213371266003
-ili	0.310012788154	0.330727724122	0.0920710179613	0.267188469762
-oam	0.0121089808274	0.975782038345	0.0	0.0121089808274
-nee	0.255208333333	0.03125	0.713541666667	0.0
-amu	0.176252665783	0.463301998001	0.259686008239	0.100759327978
-ami	0.177769185649	0.745747445611	0.0179922099662	0.058491158773
-amo	0.224627502876	0.135983159627	0.034321785076	0.605067552421
-ama	0.146712184004	0.292548003298	0.443890153211	0.116849659487
-oas	0.0258684405026	0.943089430894	0.0	0.0310421286031
-lva	0.0	0.933856789281	0.0661432107194	0.0
-usi	0.0105944673337	0.980576809888	0.00882872277811	0.0
-iro	0.582537379762	0.0899524074892	0.0532347517585	0.27427546099
-iri	0.553416086635	0.287750830149	0.0759169551394	0.0829161280766
-eio	0.480608054806	0.257191756866	0.0374992474794	0.224700940848
-gus	0.00549954170485	0.994500458295	0.0	0.0
-ire	0.367283989794	0.279902514566	0.117858366865	0.234955128775
-usa	0.0983606557377	0.901639344262	0.0	0.0
-ira	0.0876712328767	0.882191780822	0.0109589041096	0.0191780821918
-uli	0.167468447606	0.582937155348	0.153958942952	0.0956354540934
-kao	0.0638997456418	0.917488677958	0.00372231528009	0.0148892611204
-epe	0.370217076385	0.424905512411	0.0970471947806	0.107830216423
-epa	0.208771471871	0.0603056406526	0.0210308478246	0.709892039651
-epo	0.190264447143	0.118004726369	0.0778605583725	0.613870268116
-epi	0.678614771565	0.161447533135	0.063279406003	0.0966582892965
-epu	0.382252559727	0.420932878271	0.0477815699659	0.149032992036
-wio	0.42447418738	0.196940726577	0.14913957935	0.229445506692
-win	0.00840336134453	0.991596638655	0.0	0.0
-pie	0.386915887851	0.493457943925	0.0971962616822	0.0224299065421
-jop	0.0869565217391	0.869565217391	0.0	0.0434782608696
-ius	0.0477337050648	0.930300342162	0.0114053985553	0.0105605542179
-iut	0.0	1.0	0.0	0.0
-wia	0.736111111111	0.0138888888889	0.0138888888889	0.236111111111
-pio	0.41638446574	0.0951077166943	0.33143598242	0.157071835147
-ium	0.147887323944	0.781690140845	0.0422535211267	0.0281690140845
-wit	0.0889937558454	0.885742448997	0.00244488340235	0.0228189117552
-uel	0.0129449838188	0.962783171521	0.0242718446602	0.0
-owi	0.539290970254	0.253966360336	0.0482718584254	0.158470810985
-owa	0.405157711787	0.282997592715	0.129425529207	0.18241916629
-owe	0.299175043112	0.47920518278	0.14401789737	0.0776018767381
-sda	0.0	1.0	0.0	0.0
-min	0.0	0.969283276451	0.0204778156997	0.0102389078498
-age	0.0510948905109	0.948905109489	0.0	0.0
-ote	0.0483229005227	0.801448885076	0.0106875020466	0.139540712355
-one	0.194497447488	0.258957728925	0.155641046827	0.39090377676
-rta	0.0	0.994129158513	0.0	0.00587084148729
-anu	0.206286055301	0.107994606901	0.253147816605	0.432571521193
-ona	0.337743667654	0.401615534423	0.0586307463689	0.202010051554
-ono	0.261852967071	0.420341963686	0.121939187763	0.19586588148
-dap	0.0	1.0	0.0	0.0
-oni	0.128251395035	0.239864057565	0.0263515801917	0.605532967209
-450	0.0387096774193	0.187096774194	0.0387096774193	0.735483870968
-dam	0.0113636363636	0.912878787879	0.0700757575758	0.00568181818182
-dan	0.0362710785873	0.954183900732	0.00190900413618	0.00763601654471
-eno	0.0536803667693	0.0315999354587	0.0056841823859	0.909035515386
-ane	0.302340625528	0.554863431245	0.0321883659534	0.110607577274
-ang	0.0	0.973684210526	0.0	0.0263157894737
-ani	0.143976142926	0.328800886546	0.0321030575411	0.495119912987
-ulu	0.219991127903	0.327871879438	0.0450160198961	0.407120972763
-ano	0.128843369693	0.036354658357	0.019541254148	0.815260717802
-tam	0.0	1.0	0.0	0.0
-tan	0.0900393922341	0.879347214406	0.00472706809229	0.0258863252673
-tai	0.275659824047	0.366568914956	0.304985337243	0.0527859237537
-yis	0.0393984009542	0.797724434836	0.150483627486	0.012393536724
-rga	0.0	1.0	0.0	0.0
-tat	0.0	1.0	0.0	0.0
-mia	0.10650887574	0.89349112426	0.0	0.0
-mie	0.764453741873	0.107262249021	0.119054943703	0.00922906540329
-enu	0.0322008881263	0.905642882374	0.0186203764445	0.0435358530554
-ens	0.00485067529009	0.97574662355	0.0152178048317	0.00418489632871
-mis	0.0322003577817	0.960644007156	0.0	0.0071556350626
-mir	0.269461077844	0.658682634731	0.0718562874252	0.0
-eni	0.143992155118	0.549797268289	0.019494279078	0.286716297515
-ene	0.174272877749	0.54467452623	0.111812991927	0.169239604094
-eng	0.0425790754258	0.957420924574	0.0	0.0
-ena	0.19733351768	0.46375483292	0.0318850793169	0.307026570084
