-imú	0.286643261789	0.511090720498	0.129258756882	0.0730072608314
-eus	0.0336322869955	0.831838565022	0.134529147982	0.0
-imá	0.712850528523	0.107451734079	0.143006901371	0.0366908360269
-ive	0.0	1.0	0.0	0.0
-rbe	0.0102040816326	0.989795918367	0.0	0.0
-gta	0.364490845737	0.181539621258	0.0409529299443	0.41301660306
-rbi	0.180277349769	0.514637904468	0.237288135593	0.0677966101695
-llá	0.401972504483	0.399880454274	0.0257023311417	0.172444710102
-nsu	0.115274591441	0.804004871555	0.0203925567168	0.0603279802872
-llí	0.21	0.72	0.05	0.02
-idá	0.601869158879	0.285981308411	0.0672897196262	0.0448598130841
-bta	0.0144230769231	0.951923076923	0.0192307692308	0.0144230769231
-nsi	0.185057073677	0.700795572466	0.0985818056036	0.0155655482532
-lea	0.0067298105683	0.983923230309	0.000373878364906	0.00897308075773
-aum	0.00702421287497	0.984298818279	0.0	0.00867696884557
-aul	0.169367223493	0.736296110571	0.0	0.0943366659353
-nti	0.147788766561	0.301955928005	0.245161071435	0.305094233999
-uag	0.563230605739	0.366631243358	0.0255047821466	0.0446333687566
-nta	0.190079882901	0.655376312499	0.033499559823	0.121044244777
-nte	0.093023255814	0.906976744186	0.0	0.0
-kia	0.0106382978723	0.975683890578	0.0	0.0136778115502
-gpi	0.250380201221	0.358534364253	0.0673424277161	0.323743006809
-uan	0.0134209552018	0.977138097001	0.00499814883377	0.00444279896335
-pug	0.298540965208	0.631874298541	0.0426487093154	0.0269360269361
-ntu	0.0151908261292	0.83330775744	0.0521551697104	0.0993462467203
-dro	0.0492788933863	0.868825401816	0.00558022556687	0.0763154792313
-grí	0.51362332696	0.452915869981	0.0284416826004	0.0050191204589
-cas	0.0	0.88679245283	0.0	0.11320754717
-pre	0.0191938579654	0.97216890595	0.00287907869482	0.00575815738964
-ará	0.734458940906	0.123561013047	0.0613967766692	0.0805832693784
-nma	0.0634206342063	0.844478444784	0.00060000600006	0.0915009150092
-arí	0.381591641959	0.313658044544	0.110529441571	0.194220871927
-más	0.0	1.0	0.0	0.0
-aré	0.0	1.0	0.0	0.0
-nmi	0.382324770873	0.21738561341	0.0478560837365	0.35243353198
-opo	0.0	0.93220338983	0.0677966101695	0.0
-opi	0.117466016927	0.802000512952	0.0225698897153	0.0579635804052
-tín	0.0	0.951219512195	0.0487804878049	0.0
-mán	0.063476070529	0.841309823678	0.0952141057935	0.0
-ope	0.0	1.0	0.0	0.0
-opa	0.0488880368098	0.905811787905	0.0138036809816	0.0314964943032
-smi	0.263580839602	0.314870998525	0.0751370986929	0.346411063181
-dea	0.0232578321618	0.967369608609	0.00520697734964	0.00416558187972
-msa	0.0295739526452	0.0851931476768	0.138191015087	0.747041884591
-gka	0.341332040621	0.348714961209	0.0986606016323	0.211292396537
-dek	0.0304614685156	0.896794726074	0.00454648783815	0.0681973175721
-gki	0.059415340796	0.7920871425	0.0375888805517	0.110908636152
-deo	0.00704225352112	0.992957746479	0.0	0.0
-ima	0.153288934737	0.170482169429	0.0186152297762	0.657613666058
-des	0.0452856890147	0.907305855298	0.0222890500619	0.0251194056253
-kim	0.0	1.0	0.0	0.0
-imi	0.317906598357	0.30573699891	0.0825800670396	0.293776335694
-aús	0.122448979592	0.795918367347	0.0816326530612	0.0
-oka	0.0499815499962	0.893485026108	0.0082682140723	0.0482652098238
-rwa	0.119749842351	0.828958704195	0.00502446890983	0.0462669845447
-imo	0.0251527128997	0.746077374536	0.0718648939992	0.156905018565
-rpi	0.0265571955493	0.753326885991	0.135194653622	0.0849212648378
-ido	0.0769230769231	0.538461538462	0.0576923076923	0.326923076923
-lla	0.222090838511	0.241042442858	0.160317955853	0.376548762777
-bir	0.648854961832	0.305343511451	0.0	0.0458015267175
-rpa	0.0924863779753	0.872024663034	0.0354889589905	0.0
-lli	0.183959349327	0.149139829805	0.344728016901	0.322172803968
-llo	0.205058099795	0.753930280246	0.041011619959	0.0
-ida	0.0791974656811	0.870116156283	0.0427666314678	0.00791974656812
-big	0.288597053171	0.437540038437	0.0240230621397	0.249839846252
-llu	0.139059965151	0.702427446975	0.0835937030583	0.0749188848165
-bia	0.38260727688	0.557023984337	0.0571055637135	0.00326317506934
-kpa	0.00805252032701	0.956382181562	0.0181181707358	0.0174471273752
-idu	0.131608678414	0.769013339927	0.0725190676973	0.0268589139619
-rpu	0.0882644846827	0.784609955669	0.0372731082244	0.0898524514237
-ltu	0.0976517089049	0.874447802837	0.0	0.0279004882586
-rig	0.212898778822	0.463294613297	0.168506923799	0.155299684082
-ter	0.037037037037	0.888888888889	0.0740740740741	0.0
-tes	0.0	0.968992248062	0.031007751938	0.0
-ria	0.0118304304962	0.987183700296	0.0	0.000985869208018
-rin	0.0460067343498	0.681689447112	0.12540922003	0.146894598508
-rio	0.0184049079754	0.944785276074	0.0	0.0368098159509
-ril	0.0	0.691176470588	0.0882352941177	0.220588235294
-uti	0.16460137858	0.0833737899585	0.0149222312995	0.737102600162
-rii	0.417194488693	0.295661683634	0.128156099556	0.158987728116
-tea	0.0111524163569	0.988847583643	0.0	0.0
-gra	0.0811563404536	0.828710658411	0.0227164474407	0.0674165536951
-puá	0.448630445507	0.146543403187	0.0636322687201	0.341193882585
-utu	0.14725001826	0.822072894602	0.0153385435688	0.0153385435687
-aku	0.287403899614	0.439929920126	0.0451386921605	0.2275274881
-teo	0.00282386163078	0.997176138369	0.0	0.0
-lux	0.0684210526316	0.710526315789	0.157894736842	0.0631578947368
-jio	0.0831683168317	0.916831683168	0.0	0.0
-jil	0.019554796146	0.906212919455	0.0	0.0742322843989
-jim	0.228282828283	0.142760942761	0.548148148148	0.080808080808
-ara	0.189591776754	0.0828657123667	0.0153160863983	0.712226424481
-mes	0.0	0.917695473251	0.0823045267489	0.0
-aro	0.0337620578778	0.823687031083	0.008038585209	0.134512325831
-ari	0.159845784233	0.291370247565	0.0955027319852	0.453281236217
-rón	0.0225	0.955	0.0225	0.0
-jia	0.0	0.882352941176	0.117647058824	0.0
-aru	0.0450953087968	0.604793566771	0.0655680256739	0.284543098758
-mea	0.0	1.0	0.0	0.0
-meo	0.0	1.0	0.0	0.0
-mei	0.0	1.0	0.0	0.0
-mek	0.0	1.0	0.0	0.0
-bán	0.0808210391276	0.550994227069	0.2604233483	0.107761385504
-nwa	0.191858798477	0.481756009665	0.103607846349	0.22277734551
-ins	0.684671532847	0.157664233577	0.0379562043795	0.119708029197
-ila	0.0593837084821	0.82984875238	0.0636913350042	0.0470762041335
-sés	0.015915773165	0.963661332066	0.00718322505678	0.0132396697125
-bás	0.0302267002519	0.958438287154	0.0113350125944	0.0
-zpa	0.0269662921348	0.973033707865	0.0	0.0
-dás	0.111940298508	0.84328358209	0.0447761194029	0.0
-ubi	0.174573055028	0.102466793169	0.0683111954459	0.654648956357
-dán	0.00447486180574	0.988418004738	0.00236904448539	0.00473808897078
-xad	0.0	1.0	0.0	0.0
-bpa	0.023148998714	0.969992038704	0.00171474064548	0.00514422193643
-ota	0.094416872176	0.79147840185	0.0259266733479	0.0881780526263
-tán	0.0	1.0	0.0	0.0
-ija	0.00161250587893	0.990324964726	0.0	0.00806252939464
-oto	0.0576923076923	0.769230769231	0.0576923076923	0.115384615385
-rán	0.18487394958	0.81512605042	0.0	0.0
-iju	0.29417773238	0.302349336057	0.0	0.403472931563
-uma	0.101575552457	0.15797485002	0.016975461196	0.723474136327
-eví	0.0239043824701	0.97609561753	0.0	0.0
-umi	0.171571074094	0.536215967472	0.0991533171756	0.193059641259
ALL	0.236117527207	0.285524851703	0.0546689043887	0.423688716701
-nai	0.300535448287	0.239663432505	0.253331454567	0.20646966464
-kig	0.403819464181	0.434551415274	0.096268128224	0.0653609923205
-aki	0.165186525119	0.695214467567	0.0115487475784	0.128050259735
-nam	0.0	1.0	0.0	0.0
-sis	0.093023255814	0.906976744186	0.0	0.0
-kii	0.392197170513	0.281268299389	0.0706398014678	0.25589472863
-nag	0.185687478676	0.463323097919	0.0417946093484	0.309194814057
-aka	0.274672036039	0.232948872746	0.0439611037979	0.448417987417
-díu	0.0222940586333	0.805651543864	0.106479464132	0.0655749333712
-sik	0.21719481023	0.235315425197	0.0529207137314	0.494569050841
-sii	0.282211538462	0.423557692308	0.0144230769231	0.279807692308
-lki	0.148293633223	0.570473656837	0.0361115094672	0.245121200473
-sio	0.0620831559529	0.898183624237	0.0347665673337	0.00496665247624
-sin	0.022521113544	0.801063497029	0.120112605568	0.0563027838599
-sil	0.179094313926	0.736295539666	0.0621382362955	0.0224719101124
-nas	0.0258564964448	0.94828700711	0.0	0.0258564964448
-sia	0.138964285916	0.8233361572	0.0154404762128	0.0222590806718
-ala	0.0753249638929	0.682879680036	0.14836129319	0.0934340628819
-sig	0.272194785804	0.506718732055	0.11427586999	0.106810612151
-mos	0.00242102836062	0.985473829836	0.0121051418031	0.0
-gog	0.0	0.959650302623	0.0403496973773	0.0
-lku	0.0723119116397	0.92768808836	0.0	0.0
-aán	0.0168067226891	0.801120448179	0.182072829132	0.0
-lko	0.0746268656716	0.925373134328	0.0	0.0
-cos	0.0986301369863	0.901369863014	0.0	0.0
-lka	0.0158486065582	0.894687157871	0.021361165361	0.06810307021
-nto	0.0	0.957801006582	0.0421989934185	0.0
-rlu	0.0515097690941	0.671403197158	0.138543516874	0.138543516874
-uai	0.453401456855	0.345634932931	0.098387464565	0.102576145649
-bel	0.0222346496695	0.939966445892	0.00889385986778	0.0289050445704
-rla	0.138648180243	0.545927209705	0.315424610052	0.0
-lpi	0.18175843701	0.742003546293	0.000892034676483	0.075345982021
-upu	0.0	0.683012259194	0.168126094571	0.148861646235
-reo	0.00510609327131	0.918302507659	0.0765913990696	0.0
-isi	0.290033116549	0.522590563877	0.0838574010892	0.103518918484
-ise	0.0483870967742	0.844758064516	0.0584677419355	0.0483870967741
-rea	0.0152741713762	0.952904638257	0.000254569522937	0.0315666208442
-red	0.0	1.0	0.0	0.0
-eve	0.554089709763	0.445910290237	0.0	0.0
-eva	0.0	0.714285714286	0.0476190476191	0.238095238095
-upa	0.152691787123	0.423763820194	0.13416197588	0.289382416802
-res	0.0102669404517	0.989733059548	0.0	0.0
-isu	0.142899716883	0.82267918343	0.0281627179258	0.0062583817613
-utí	0.516795865633	0.273901808785	0.162790697674	0.0465116279069
-ret	0.0131578947368	0.975563909774	0.00187969924812	0.0093984962406
-upi	0.169765478647	0.478993688976	0.017054235149	0.334186597228
-akí	0.481894150418	0.41782729805	0.066852367688	0.033426183844
-naí	0.0190174326466	0.980982567353	0.0	0.0
-hai	0.40971474704	0.284983853606	0.112217438106	0.193083961249
-mas	0.139215540649	0.0355054776708	0.1961991775	0.629079804181
-mar	0.049226250374	0.893660420463	0.0155021893443	0.0416111398189
-ham	0.0178041543027	0.945902761926	0.0	0.0362930837708
-mai	0.309649226194	0.362786607313	0.0140527112666	0.313511455226
-ber	0.0	1.0	0.0	0.0
-har	0.242847384957	0.214589282512	0.108010996852	0.434552335679
-uar	0.0992768721657	0.823507782817	0.0367692119132	0.0404461331045
-mal	0.139617402036	0.373341561247	0.482412835545	0.00462820117247
-siá	0.279056306261	0.52254446019	0.156483902517	0.0419153310313
-mag	0.161937471556	0.654386453153	0.0296042615469	0.154071813744
-uni	0.505012528755	0.226743152104	0.0876207851244	0.180623534017
-una	0.270730278898	0.311283319894	0.0449051222585	0.373081278949
-gsí	0.296516415834	0.554609732502	0.0190289885586	0.129844863106
-nka	0.159545982208	0.278783634603	0.0237754797015	0.537894903488
-pta	0.0	1.0	0.0	0.0
-pto	0.0	1.0	0.0	0.0
-gsá	0.360505973296	0.286718200984	0.0744905130007	0.27828531272
-dka	0.0452488687783	0.954751131222	0.0	0.0
-tra	0.315899346466	0.250855127497	0.0644527535199	0.368792772517
-ada	0.151945519614	0.726364994177	0.0446486604075	0.0770408258013
-gai	0.354843429909	0.442493415277	0.104623939128	0.0980392156863
-pui	0.34394124847	0.0342717258262	0.168910648715	0.452876376989
-tru	0.0688775510204	0.706632653061	0.0	0.224489795918
-gau	0.0	1.0	0.0	0.0
-adu	0.0631469332224	0.221228386795	0.0723820441992	0.643242635784
-gar	0.0	0.977246871445	0.0227531285552	0.0
-lam	0.0470588235294	0.952941176471	0.0	0.0
-sni	0.0	1.0	0.0	0.0
-mbí	0.112244897959	0.132653061224	0.714285714286	0.0408163265306
-seo	0.00219695912959	0.989015204352	0.00878783651834	0.0
-ini	0.477240838606	0.205112151057	0.133882154982	0.183764855355
-sem	0.0	1.0	0.0	0.0
-sek	0.0	1.0	0.0	0.0
-lpa	0.106697550926	0.414016177566	0.0142934286985	0.464992842809
-ino	0.0	1.0	0.0	0.0
-ina	0.271984138842	0.467386580677	0.12241416577	0.13821511471
-uiu	0.193791667396	0.492073352115	0.0251098006964	0.289025179793
-sea	0.0	1.0	0.0	0.0
-ira	0.133929990131	0.682616744099	0.110254081834	0.0731991839365
-iwá	0.446006098058	0.288320751333	0.132461561038	0.133211589571
-kin	0.144593881155	0.114983677957	0.0604389332767	0.679983507612
-uia	0.291927316056	0.384867441168	0.323205242776	0.0
-bwa	0.321141837645	0.57181088314	0.107047279215	0.0
-inu	0.0298858094445	0.949149518259	0.0160580468657	0.00490662543119
-iag	0.247836092465	0.546642459569	0.0995357651912	0.105985682776
-ñai	0.485476650823	0.211326230287	0.144818378665	0.158378740225
-tku	0.480446927374	0.486033519553	0.0335195530726	0.0
-ena	0.0	1.0	0.0	0.0
-ñag	0.353260869565	0.532608695652	0.114130434783	0.0
-iai	0.320264968727	0.352834248407	0.0548651322208	0.272035650645
-nes	0.0108108108108	0.989189189189	0.0	0.0
-rso	0.0	1.0	0.0	0.0
-kug	0.432988620979	0.344931048379	0.0627202262847	0.159360104358
-neo	0.012882447665	0.914653784219	0.00483091787441	0.0676328502415
-tka	0.23700559078	0.298706533949	0.169550153404	0.294737721867
-bed	0.148409893993	0.851590106007	0.0	0.0
-kua	0.0120556033952	0.976872924099	0.0	0.0110714725058
-blu	0.0259557102563	0.668096981336	0.012932845226	0.293014463182
-kun	0.0	0.0165153308394	0.0626353364717	0.920849332689
-kum	0.0	0.784946236559	0.0430107526882	0.172043010753
-ooz	0.111842105263	0.888157894737	0.0	0.0
-kui	0.111076164482	0.14930356262	0.0499465039372	0.689673768961
-ban	0.081592039801	0.823880597015	0.0547263681592	0.0398009950249
-eka	0.0789606883753	0.908891513413	0.00101231651763	0.0111354816939
-bai	0.528963414634	0.274390243902	0.0868902439024	0.109756097561
-uná	0.342105263158	0.322966507177	0.0233253588517	0.311602870813
-gsi	0.233146067416	0.512640449438	0.0955056179776	0.158707865168
-mka	0.15384473061	0.277429322084	0.0164668442866	0.552259103019
-gsa	0.15833970862	0.615484848467	0.126353107931	0.0998223349816
-bas	0.0149815077159	0.971035751749	0.00799013744847	0.00599260308636
-job	0.218181818182	0.509090909091	0.218181818182	0.0545454545455
-urí	0.629469273743	0.245251396648	0.0670391061452	0.0582402234637
-ase	0.0	0.857142857143	0.142857142857	0.0
-his	0.00586143566097	0.00890938220467	0.00359501387207	0.981634168262
-mbu	0.230944687322	0.674016346702	0.095038965976	0.0
-asa	0.142843566431	0.0428382853201	0.00825358569955	0.806064562549
-aso	0.0833333333334	0.833333333333	0.0	0.0833333333333
-asi	0.197316701289	0.602799195741	0.05533909672	0.14454500625
-ash	0.405003380663	0.324543610548	0.077755240027	0.192697768763
-mba	0.0480982497053	0.119323582718	0.0108997351111	0.821678432466
-sná	0.428571428571	0.27619047619	0.295238095238	0.0
-dra	0.212389380531	0.787610619469	0.0	0.0
-mbi	0.104693668665	0.549349320076	0.0250036555052	0.320953355754
-lta	0.0932736864322	0.860235896861	0.0255026170386	0.0209877996682
-zor	0.0	1.0	0.0	0.0
-sma	0.0436442989635	0.0889252591381	0.85979268958	0.00763775231862
-ran	0.286816771422	0.635213620813	0.011138515395	0.0668310923701
-eri	0.0	1.0	0.0	0.0
-iwa	0.162072028372	0.368759053908	0.0776256318982	0.391543285822
-ram	0.0	1.0	0.0	0.0
-isa	0.322841419117	0.52253357535	0.0291058833946	0.125519122139
-rai	0.427383208495	0.188069668802	0.0234635863189	0.361083536384
-uiá	0.551558752998	0.276148312119	0.0247186865892	0.147574248294
-rag	0.176528346995	0.270363729508	0.142588797814	0.410519125683
-ugu	0.0270113833687	0.966235770789	0.00675284584217	0.0
-aén	0.0	0.923076923077	0.0769230769231	0.0
-swa	0.134872498644	0.313905313983	0.0167331862156	0.534489001157
-pos	0.0	1.0	0.0	0.0
-nri	0.195093574588	0.738355813519	0.0346427842727	0.0319078276196
-dag	0.089975287404	0.70270048786	0.0166127386401	0.190711486096
-aza	0.162822252374	0.674355495251	0.0814111261873	0.0814111261873
-lag	0.259630246106	0.510908334324	0.0380454167162	0.191416002853
-uju	0.256737296852	0.711170541041	0.0320921621066	0.0
-ika	0.231856625484	0.22221572207	0.0508678131853	0.495059839261
-iko	0.0547525186158	0.932106876916	0.00438020148927	0.00876040297854
-aat	0.0	1.0	0.0	0.0
-nor	0.0	1.0	0.0	0.0
-lao	0.428571428572	0.481203007519	0.0	0.0902255639097
-lai	0.491463664886	0.227521749226	0.0556907100697	0.225323875818
-iki	0.415304472637	0.206135088862	0.0435437895267	0.335016648975
-lak	0.162386081193	0.837613918807	0.0	0.0
-aam	0.0269058295964	0.973094170404	0.0	0.0
-uja	0.0336513948576	0.963143710394	0.00320489474834	0.0
-iku	0.321927883722	0.562244076335	0.0316743171354	0.0841537228076
-fos	0.0	1.0	0.0	0.0
-eón	0.0444078947368	0.856907894737	0.00986842105265	0.0888157894737
-aak	0.0	1.0	0.0	0.0
-las	0.00342205323194	0.801140684411	0.0912547528517	0.104182509506
-imu	0.381024096385	0.370481927711	0.114457831325	0.134036144578
-awá	0.306688046868	0.287325917602	0.123603237333	0.282382798197
-fán	0.209189391109	0.790810608891	0.0	0.0
-fás	0.0	1.0	0.0	0.0
-dok	0.0	1.0	0.0	0.0
-sas	0.0	1.0	0.0	0.0
-ión	0.00906056270862	0.982355746304	0.0	0.00858369098714
-vos	0.03772070626	0.954253611557	0.00642054574638	0.0016051364366
-hab	0.0212765957447	0.978723404255	0.0	0.0
-mpa	0.00493233480376	0.910852615399	0.0706967988538	0.0135182509436
-stí	0.479289940828	0.426035502959	0.0	0.094674556213
-tor	0.169230769231	0.584615384615	0.246153846154	0.0
-tos	0.0827700946241	0.864198814599	0.00499116148487	0.0480399292919
-sai	0.327793045519	0.549847956708	0.0174140055432	0.10494499223
-mpu	0.653333333333	0.306666666667	0.0133333333333	0.0266666666667
-sam	0.0	1.0	0.0	0.0
-iel	0.079386257505	0.911274182789	0.00933955970647	0.0
-npi	0.023507287259	0.948910829024	0.0	0.0275818837172
-lsi	0.200426439232	0.663646055437	0.0399786780384	0.0959488272921
-hag	0.128859697087	0.570533555566	0.271158749086	0.0294479982608
-mín	0.0	1.0	0.0	0.0
-rom	0.0	1.0	0.0	0.0
-lot	0.0	1.0	0.0	0.0
-los	0.0774299835255	0.887973640857	0.0	0.0345963756178
-ipi	0.15903660442	0.300343240297	0.06404745222	0.476572703062
-iká	0.38813865341	0.446304574993	0.0	0.165556771597
-ipa	0.0650798933946	0.156425026917	0.0381002965692	0.74039478312
-ipe	0.0	0.978827861307	0.0	0.0211721386929
-noé	0.0	1.0	0.0	0.0
-ikó	0.0	1.0	0.0	0.0
-ewa	0.178055447091	0.764154627099	0.0249902381882	0.032799687622
-hka	0.0735335021438	0.131987382483	0.475928028235	0.318551087138
-adi	0.0	1.0	0.0	0.0
-rdo	0.0108616944243	0.851556842868	0.137581462708	0.0
-rdi	0.0480769230769	0.528846153846	0.423076923077	0.0
-ikú	0.472054503916	0.207898172324	0.0263136422976	0.293733681462
-hki	0.0	0.156560898402	0.843439101598	0.0
-awi	0.118485367031	0.441525163442	0.322092053881	0.117897415646
-xka	0.0	1.0	0.0	0.0
-awa	0.158646069918	0.368136763884	0.0726117425198	0.400605423678
-zka	0.0	1.0	0.0	0.0
-akú	0.439589734338	0.237748374654	0.0939974781215	0.228664412887
-stu	0.241890620171	0.721282499158	0.0368268806712	0.0
-sto	0.0446807675705	0.862578974218	0.0012949809677	0.0914452772437
-ngi	0.428351264937	0.259951825779	0.0466985188006	0.264998390483
-sta	0.121131300306	0.452742293121	0.0123947244619	0.413731682111
-saí	0.0	1.0	0.0	0.0
-ssi	0.296979349575	0.485811335444	0.0538706727137	0.163338642267
-loé	0.136030694105	0.759330310429	0.0	0.104638995466
-ián	0.0818181818182	0.836363636364	0.0818181818182	0.0
-sag	0.187568065678	0.331490324202	0.0536985842339	0.427243025886
-iul	0.538461538462	0.316239316239	0.0299145299146	0.115384615385
-mug	0.395249123461	0.292717378055	0.0901920856965	0.221841412787
-lem	0.0	1.0	0.0	0.0
-mul	0.0	0.89010989011	0.10989010989	0.0
-mui	0.567966114679	0.30517921341	0.0367592868973	0.0900953850137
-leg	0.0	1.0	0.0	0.0
-mus	0.0666666666667	0.933333333333	0.0	0.0
-les	0.0606060606061	0.939393939394	0.0	0.0
-itá	0.457070707071	0.40404040404	0.138888888889	0.0
-eel	0.0	1.0	0.0	0.0
-rra	0.0	1.0	0.0	0.0
-bka	0.0	0.991489361702	0.0	0.00851063829787
-ndu	0.204740638956	0.0360700790107	0.57883888698	0.180350395053
-ndi	0.0717570070229	0.540405372228	0.157478047642	0.230359573107
-udá	0.0195971692977	0.898747958628	0.0	0.081654872074
-ndo	0.0	1.0	0.0	0.0
-ali	0.0751094169137	0.257094451504	0.392347875194	0.275448256389
-nda	0.174208527993	0.344105005614	0.0549043868721	0.42678207952
-udí	0.233803217998	0.198917841378	0.348284209028	0.218994731596
-osé	0.00669393826703	0.988843436222	0.0	0.00446262551135
-gpa	0.101051057306	0.209249022108	0.176557169213	0.513142751373
-abí	0.441860465116	0.348837209302	0.0	0.209302325581
-abé	0.0426621160409	0.953924914676	0.00341296928329	0.0
-lok	0.0	0.963736833017	0.0362631669833	0.0
-gwa	0.328431688882	0.458613231526	0.0745342778575	0.138420801735
-chi	0.258202266415	0.110433173888	0.0376238697897	0.593740689908
-cho	0.0	1.0	0.0	0.0
-cha	0.103769800317	0.558471602236	0.0692753707723	0.268483226675
-rku	0.145561357702	0.766971279373	0.0313315926893	0.0561357702349
-oré	0.162895927602	0.782805429864	0.0542986425339	0.0
-elo	0.0	1.0	0.0	0.0
-rko	0.00803212851406	0.991967871486	0.0	0.0
-rka	0.649809030921	0.130148900867	0.0291010783118	0.1909409899
-bii	0.662761506276	0.187029288703	0.0523012552301	0.0979079497909
-chu	0.389944419176	0.236317936554	0.0728659650279	0.300871679242
-itu	0.0641315722231	0.844420963944	0.0272759093333	0.0641715545
-ito	0.0917182487688	0.848190484797	0.0316269823341	0.0284642841006
-uta	0.109082572282	0.779244504115	0.0360516256724	0.0756212979303
-eso	0.0070771408351	0.978768577495	0.00141542816702	0.0127388535032
-iti	0.178051511758	0.697368421053	0.0741881298992	0.05039193729
-esa	0.0	1.0	0.0	0.0
-ite	0.0	0.993630573248	0.00636942675159	0.0
-ita	0.120955356337	0.413694433185	0.0154154137659	0.449934796712
-spa	0.375526636214	0.236313338322	0.0432535989241	0.344906426539
-apu	0.106801658355	0.126209217088	0.750766087845	0.0162230367121
-spe	0.0666666666666	0.9	0.0333333333334	0.0
-bru	0.142523364486	0.308411214953	0.0	0.549065420561
-udu	0.302325581395	0.43023255814	0.267441860465	0.0
-spi	0.504079376999	0.415008057508	0.00925277512944	0.0716597903641
-spo	0.0	1.0	0.0	0.0
-fas	0.159793814433	0.817010309278	0.00773195876288	0.0154639175258
-bra	0.045508047558	0.878343430603	0.00827779734846	0.0678707244906
-alí	0.281304096942	0.620600115407	0.0721292556261	0.0259665320254
-fat	0.0	1.0	0.0	0.0
-bri	0.185546875	0.669921875	0.064453125	0.080078125
-udi	0.18864292589	0.231953801732	0.246390760347	0.333012512031
-hun	0.0	1.0	0.0	0.0
-rim	0.0	1.0	0.0	0.0
-hui	0.474145643228	0.395061728395	0.0277330470567	0.10305958132
-hug	0.02331002331	0.763014763015	0.213675213675	0.0
-bía	0.0	0.734806629834	0.265193370166	0.0
-nja	0.041601255887	0.304727019013	0.590877376592	0.0627943485086
-abo	0.0204778156996	0.938566552901	0.0409556313993	0.0
-abi	0.343891402715	0.62443438914	0.0180995475113	0.0135746606335
-rkú	0.136363636364	0.809090909091	0.0545454545455	0.0
-chí	0.416886604502	0.385336222478	0.0673035450213	0.130473627999
-kob	0.00540540540542	0.967567567568	0.0	0.027027027027
-tui	0.128479657388	0.571734475375	0.299785867238	0.0
-ael	0.0	1.0	0.0	0.0
-tun	0.0261658552588	0.227730176514	0.075858074771	0.670245893456
-riu	0.536134039522	0.398216894414	0.0656490660639	0.0
-oro	0.104278074866	0.818181818182	0.0721925133689	0.00534759358288
-kos	0.0239329876346	0.545273234942	0.430793777423	0.0
-elí	0.0	0.980198019802	0.0	0.019801980198
-ris	0.0341296928328	0.931740614334	0.0	0.0341296928327
-gma	0.320249612704	0.262102815007	0.0254859757635	0.392161596526
-lix	0.0732451678535	0.894201424212	0.0	0.0325534079349
-rus	0.147887323944	0.598591549296	0.0105633802817	0.242957746479
-gmi	0.253265460472	0.475944488402	0.118790131155	0.151999919972
-íso	0.00789473684212	0.992105263158	0.0	0.0
-rut	0.0	1.0	0.0	0.0
-lis	0.0223642172524	0.789137380192	0.00638977635783	0.182108626198
-lim	0.394173873464	0.297223486573	0.0655439235321	0.243058716431
-omi	0.131490360094	0.757115168826	0.0197558570506	0.0916386140298
-rui	0.495321959274	0.143093010457	0.229499174463	0.132085855806
-run	0.0708102108768	0.828368479467	0.0379578246393	0.0628634850166
-sué	0.0767123287671	0.879452054795	0.0328767123288	0.0109589041096
-oma	0.0145675265554	0.933535660091	0.0	0.0518968133536
-lig	0.295	0.4225	0.2825	0.0
-rug	0.0	1.0	0.0	0.0
-eas	0.0292326431181	0.897685749087	0.0292326431181	0.0438489646772
-añá	0.80073800738	0.177121771218	0.0221402214022	0.0
-oli	0.0839160839161	0.916083916084	0.0	0.0
-sna	0.179836238509	0.673230521927	0.124328125785	0.0226051137791
-ode	0.0	1.0	0.0	0.0
-rna	0.010479739171	0.979040521658	0.0	0.0104797391709
-gii	0.113636363636	0.5	0.340909090909	0.0454545454545
-rni	0.0	1.0	0.0	0.0
-zer	0.0	1.0	0.0	0.0
-jin	0.222018348624	0.722935779817	0.0220183486239	0.0330275229358
-lwa	0.0849148156135	0.867532887643	0.00549924520164	0.042053051542
-ura	0.212551034319	0.140674875368	0.0531787648288	0.593595325484
-skí	0.475543478261	0.358695652174	0.100543478261	0.0652173913044
-gtu	0.0451245830881	0.827153227389	0.0853443201883	0.0423778693349
-uká	0.220512061566	0.131419268906	0.0248631049282	0.6232055646
-rgu	0.0	0.996894409938	0.00310559006212	0.0
-uru	0.455148247865	0.422652417105	0.0850082330642	0.0371911019656
-pai	0.0894674719365	0.0312580701396	0.0141360124157	0.865138445508
-dur	0.357365687143	0.442165819115	0.0827392039083	0.117729289834
-apa	0.3895298741	0.190217925563	0.051197021153	0.369055179184
-pal	0.116152450091	0.774954627949	0.065335753176	0.0435571687841
-war	0.022641509434	0.912864493997	0.00514579759864	0.0593481989708
-api	0.163710790728	0.40039743671	0.0351416590638	0.400750113499
-pag	0.218543046358	0.649006622517	0.132450331126	0.0
-wag	0.390470901559	0.294553313159	0.123576746944	0.191399038337
-ngá	0.637426900585	0.27485380117	0.0877192982456	0.0
-aiá	0.617166883676	0.0871498268585	0.0170980331495	0.278585256315
-rje	0.0	0.986666666667	0.0	0.0133333333333
-chá	0.702868487363	0.160452034921	0.0458143500725	0.0908651276439
-rda	0.00921441228588	0.969049025399	0.0124040165387	0.00933254577672
-pas	0.209311217466	0.305288697525	0.0613834346459	0.424016650363
-wai	0.576569990359	0.259155355104	0.0364030449198	0.127871609617
-nui	0.109996333456	0.461017966068	0.362987900403	0.0659978000733
-keo	0.18947368421	0.747368421053	0.021052631579	0.0421052631579
-kem	0.0	1.0	0.0	0.0
-kel	0.270793036751	0.613152804642	0.116054158607	0.0
-nua	0.098166539343	0.872039724981	0.00458365164246	0.0252100840336
-omé	0.0	1.0	0.0	0.0
-sul	0.0	0.217472118959	0.782527881041	0.0
-sug	0.0452675360328	0.022115964783	0.0608863317066	0.871730167478
-dig	0.0260167192716	0.733752155455	0.182117034901	0.0581140903728
-zín	0.0416666666666	0.916666666667	0.0	0.0416666666667
-dia	0.0301659125189	0.969834087481	0.0	0.0
-dio	0.0	1.0	0.0	0.0
-aña	0.123287671233	0.808219178082	0.0	0.0684931506849
-sla	0.0510204081633	0.908163265306	0.0408163265306	0.0
-dis	0.0	1.0	0.0	0.0
-sli	0.0	1.0	0.0	0.0
-ska	0.264150572061	0.435333466594	0.0791384265483	0.221377534797
-sús	0.0910021241785	0.487720014346	0.000579631364194	0.420698230111
-uku	0.147550678094	0.299747110906	0.20116429206	0.35153791894
-ski	0.159613388466	0.346657137509	0.348409821839	0.145319652186
-urá	0.362126436482	0.21515276394	0.0358683574942	0.386852442084
-kor	0.0	1.0	0.0	0.0
-sko	0.0	1.0	0.0	0.0
-igu	0.0244131455399	0.95117370892	0.0037558685446	0.0206572769953
-uka	0.0316408509835	0.0534858798072	0.0142541381644	0.900619131045
-sku	0.0375093773444	0.0895223805952	0.0129577849008	0.86001045716
-gtá	0.355816226784	0.315738025415	0.0	0.328445747801
-uki	0.27842077497	0.616929188962	0.0542629816647	0.0503870544028
-tpa	0.00986842105262	0.990131578947	0.0	0.0
-aiu	0.201257861635	0.723270440252	0.0754716981132	0.0
-apá	0.440392706872	0.426367461431	0.0070126227209	0.126227208976
-ngu	0.19525712433	0.605776660782	0.110919469995	0.0880467448926
-tis	0.507692307692	0.276923076923	0.0307692307692	0.184615384615
-kka	0.115615615616	0.866366366366	0.0	0.018018018018
-nga	0.345981506158	0.229173730896	0.0803915443393	0.344453218607
-tig	0.514785506039	0.354019158684	0.0	0.131195335277
-aia	0.0288617871196	0.777391345836	0.0918943895119	0.101852477533
-tia	0.507341036006	0.0517121741142	0.0270951966605	0.41385159322
-apú	0.426315789474	0.4	0.0210526315789	0.152631578947
-tim	0.383745963402	0.0793864370291	0.28256189451	0.254305705059
-aio	0.0	1.0	0.0	0.0
-tio	0.164251207729	0.763285024155	0.0724637681159	0.0
-lón	0.0	1.0	0.0	0.0
-tii	0.625273439487	0.203540723406	0.0796154041817	0.0915704329247
-ema	0.145535714286	0.715178571429	0.0696428571428	0.0696428571428
-uwa	0.0783629743975	0.853279489236	0.0246389493968	0.0437185869702
-̈ag	0.102040816327	0.857142857143	0.0408163265306	0.0
-̈ai	0.287912087912	0.276923076923	0.228571428571	0.206593406593
-emo	0.0	1.0	0.0	0.0
-emi	0.0765957446807	0.923404255319	0.0	0.0
-kío	0.0	0.935414424112	0.0645855758881	0.0
-jag	0.588235294118	0.317226890756	0.0	0.0945378151261
-mmi	0.205960115192	0.46964410328	0.0997611629301	0.224634618598
-jaa	0.0	0.659793814433	0.0	0.340206185567
-mma	0.262376237624	0.60396039604	0.0	0.133663366337
-jai	0.330167633374	0.365861431576	0.181592198356	0.122378736695
-set	0.0	1.0	0.0	0.0
-ajé	0.0628571428571	0.937142857143	0.0	0.0
-ana	0.193784275736	0.032506691529	0.0102925030239	0.763416529711
-dpa	0.00897719791729	0.989227362499	0.0	0.00179543958346
-ser	0.0	1.0	0.0	0.0
-zar	0.0	1.0	0.0	0.0
-xta	0.0856610800745	0.869646182495	0.0223463687151	0.0223463687151
-dai	0.0622738025435	0.859193717402	0.0064421175045	0.0720903625504
-blo	0.0314646079268	0.832039139997	0.0021544952646	0.134341756811
-eta	0.0387769539131	0.938428485341	0.00471611601645	0.0180784447297
-dón	0.0	0.996237064911	0.00376293508936	0.0
-eto	0.0	1.0	0.0	0.0
-amú	0.434989107294	0.336582259501	0.0743673942437	0.154061238962
-jes	0.025	0.975	0.0	0.0
-ías	0.0208710444906	0.955556329118	0.00476749747247	0.0188051289192
-són	0.0477897252091	0.928315412186	0.0119474313022	0.0119474313023
-lin	0.0816326530612	0.891156462585	0.0272108843538	0.0
-gad	0.0	1.0	0.0	0.0
-ebú	0.0409556313993	0.959044368601	0.0	0.0
-lio	0.0189739985945	0.968376669009	0.0	0.0126493323964
-dab	0.0	1.0	0.0	0.0
-ata	0.204287097752	0.336388883829	0.0498265180727	0.409497500346
-amá	0.0	1.0	0.0	0.0
-ato	0.0	1.0	0.0	0.0
-rín	0.0472388922535	0.952761107747	0.0	0.0
-ati	0.196929882762	0.175389531636	0.124751961931	0.50292862367
-nis	0.0	0.975806451613	0.0241935483871	0.0
-kai	0.0604105967271	0.16905696003	0.00925834957777	0.761274093665
-kan	0.163600354572	0.170380158682	0.0132229168922	0.652796569854
-kam	0.0278545615372	0.0327971725472	0.00282240934829	0.936525856567
-tam	0.0	1.0	0.0	0.0
-kag	0.110482550084	0.188627421809	0.367148204686	0.333741823422
-kaz	0.0	1.0	0.0	0.0
-lén	0.00169385753766	0.964607292502	0.00374431666221	0.0299545332976
-nia	0.0144335909025	0.969383292025	0.00874763084998	0.00743548622248
-nsa	0.0225988700565	0.581920903955	0.090395480226	0.305084745763
-nig	0.557522123894	0.132743362832	0.0796460176991	0.230088495575
-ibi	0.197530864198	0.679012345679	0.0	0.123456790123
-kas	0.0	1.0	0.0	0.0
-kar	0.303500849858	0.348281925818	0.138699904873	0.209517319451
-nii	0.671657708387	0.107584677075	0.011944373347	0.208813241191
-usi	0.013698630137	0.986301369863	0.0	0.0
-nio	0.0	1.0	0.0	0.0
-dmi	0.0432900432901	0.939393939394	0.0	0.017316017316
-aji	0.00816079794468	0.632159588938	0.0716336708478	0.28804594227
-aja	0.358851674641	0.444976076555	0.0143540669857	0.181818181818
-nós	0.0	1.0	0.0	0.0
-shi	0.833243967828	0.121256223669	0.0	0.0454998085025
-nón	0.0769230769231	0.871794871795	0.0512820512821	0.0
-ría	0.0131010980689	0.817114729269	0.00999621355547	0.159787959106
-aju	0.321232697832	0.572995560198	0.0587620788718	0.0470096630974
-fia	0.0	1.0	0.0	0.0
-ilu	0.0334673986437	0.943633854916	0.0193758623727	0.00352288406776
-ias	0.00997071103633	0.986601857045	0.000934754159654	0.00249267775909
-lda	0.0419790104947	0.688155922039	0.269865067466	0.0
-vid	0.0145757418011	0.979177511713	0.0	0.0062467464862
-lia	0.0	1.0	0.0	0.0
-bus	0.0	1.0	0.0	0.0
-ilo	0.351798669891	0.537107013301	0.0317412333736	0.0793530834341
-fri	0.0119343610144	0.988065638986	0.0	0.0
-lma	0.106695118698	0.827954121099	0.0253400906908	0.0400106695119
-oam	0.0	1.0	0.0	0.0
-mta	0.0460709385555	0.0974785239226	0.00336123340735	0.853089304114
-atu	0.104835258879	0.261018399658	0.372272143774	0.261874197689
-lmi	0.21946400962	0.596375193266	0.0678577563992	0.116303040715
-ami	0.279871130696	0.296258255798	0.0853599471424	0.338510666364
-ñas	0.355091383812	0.558746736293	0.0	0.0861618798955
-amo	0.0	1.0	0.0	0.0
-ama	0.21377985207	0.368649007656	0.0716104444382	0.345960695836
-oas	0.0	1.0	0.0	0.0
-hii	0.472370146909	0.25160958056	0.0440014816815	0.23201879085
-xpa	0.0710059171598	0.751479289941	0.177514792899	0.0
-iro	0.00294767870302	0.983787767133	0.0132645541636	0.0
-iri	0.0527472527473	0.118681318681	0.828571428572	0.0
-gus	0.0686930091185	0.882674772037	0.0303951367781	0.0182370820668
-gur	0.0	0.907407407407	0.0185185185185	0.074074074074
-usa	0.17798588569	0.621351215991	0.0361535298722	0.164509368446
-món	0.00159948816379	0.997760716571	0.0	0.000639795265515
-hig	0.117611756184	0.793680296293	0.0566180232417	0.0320899242807
-mós	0.0	1.0	0.0	0.0
-gui	0.433746609841	0.282448663309	0.0524990313832	0.231305695467
-iru	0.119541217839	0.470369275798	0.23016217224	0.179927334123
-jma	0.268676277851	0.238532110092	0.259501965924	0.233289646134
-gug	0.29234953711	0.123405759146	0.41177324389	0.172471459854
-usu	0.0954413563224	0.0848540802379	0.673904702525	0.145799860915
-ulo	0.0509440684004	0.911293195582	0.00427502671891	0.0334877092982
-uza	0.0	1.0	0.0	0.0
-uda	0.167822779145	0.700156634594	0.0648914746028	0.0671291116581
-ñug	0.383032243311	0.248342099245	0.26114795335	0.107477704093
-epa	0.012285731001	0.966555510053	0.0197936777238	0.00136508122234
-ñui	0.128674431503	0.692734331669	0.0668330560177	0.11175818081
-epi	0.0460905349794	0.827160493827	0.0	0.126748971193
-aná	0.0746644295302	0.855704697987	0.0570469798658	0.0125838926174
-dta	0.223552894212	0.584830339321	0.167664670659	0.0239520958084
-ñur	0.281826503309	0.629664835939	0.0441252405764	0.0443834201756
-bén	0.0	1.0	0.0	0.0
-aní	0.0	1.0	0.0	0.0
-mia	0.0327024080864	0.883559607571	0.0173421861065	0.066395798236
-npa	0.0618383697287	0.198195049975	0.258796747657	0.481169832639
-pii	0.541560524578	0.330125483536	0.0264175865648	0.101896405321
-ius	0.198481605628	0.56932909087	0.00596596422544	0.226223339277
-iur	0.173228346457	0.377952755905	0.448818897638	0.0
-pil	0.503619441572	0.434332988625	0.0620475698036	0.0
-pio	0.0	0.855263157895	0.0	0.144736842105
-iui	0.457446808511	0.223404255319	0.223404255319	0.0957446808511
-iñá	0.565217391304	0.304347826087	0.0434782608696	0.0869565217391
-piu	0.275280898876	0.376404494382	0.0449438202247	0.303370786517
-iun	0.0773943584332	0.910698817192	0.0119068243743	0.0
-nok	0.0	0.986013986014	0.0	0.013986013986
-iud	0.0	1.0	0.0	0.0
-iug	0.157025531749	0.572470736491	0.175325848521	0.0951778832393
-tés	0.0	0.985093167702	0.0	0.0149068322981
-uel	0.138248847926	0.789861751152	0.0276497695852	0.0442396313364
-rmá	0.185950413223	0.690082644628	0.0826446280991	0.0413223140496
-irí	0.324499219563	0.273900884495	0.145031217482	0.25656867846
-uri	0.0489132028981	0.774353935056	0.111466369423	0.0652664926227
-owa	0.118945461353	0.670596584497	0.00935233697225	0.201105617178
-usá	0.634146341463	0.114777618364	0.0573888091822	0.19368723099
-agu	0.0502092050209	0.422594142259	0.217573221757	0.309623430962
-ago	0.00159616919393	0.996807661612	0.00159616919393	0.0
-tsa	0.0214256312469	0.0611984984467	0.0140374825411	0.903338387765
-lás	0.0	1.0	0.0	0.0
-ote	0.0	1.0	0.0	0.0
-rte	0.211382113821	0.788617886179	0.0	0.0
-aín	0.0089365504915	0.88382484361	0.0	0.107238605898
-rta	0.114656578349	0.729179477582	0.00481244819934	0.151351495869
-anu	0.479148181012	0.520851818988	0.0	0.0
-ego	0.0094831673779	0.32195353248	0.630630630631	0.0379326695116
-rti	0.0048449612403	0.273255813953	0.591085271318	0.130813953488
-das	0.0317600352889	0.908248786943	0.00264666960741	0.0573445081605
-dam	0.0	1.0	0.0	0.0
-rma	0.156133605671	0.511594377028	0.0106331851496	0.321638832152
-kta	0.220941402498	0.767531219981	0.0115273775216	0.0
-ukú	0.185091197462	0.253925455987	0.0123711340206	0.54861221253
-ani	0.496971270335	0.137301626641	0.0300129595172	0.335714143506
-ank	0.380893300248	0.315136476427	0.161290322581	0.142679900744
-mwa	0.0689457052571	0.185291582879	0.00603274921	0.739729962654
-ano	0.0250626566416	0.974937343358	0.0	0.0
-iñu	0.351658515253	0.601896020468	0.0464454642787	0.0
-piá	0.286604361371	0.598130841122	0.0218068535825	0.0934579439252
-tan	0.127680311891	0.69395711501	0.134502923977	0.0438596491228
-tai	0.656043269334	0.220871851229	0.0185747839766	0.10451009546
-tak	0.139703354304	0.0765238518867	0.0263150391307	0.757457754679
-nás	0.0175021531212	0.909336272986	0.0731615738927	0.0
-tat	0.0	1.0	0.0	0.0
-aal	0.197080291971	0.605839416058	0.109489051095	0.0875912408759
-tar	0.0	1.0	0.0	0.0
-tas	0.0287812041116	0.92187958884	0.0246696035243	0.0246696035242
-oes	0.0288461538462	0.913461538461	0.0576923076923	0.0
-nán	0.0253592561285	0.974640743872	0.0	0.0
-mii	0.509761388286	0.325379609544	0.0477223427332	0.117136659436
-min	0.0	1.0	0.0	0.0
-rés	0.0	0.994962216625	0.0	0.00503778337531
-eno	0.176470588235	0.78431372549	0.0	0.0392156862745
-miu	0.351535836178	0.58361774744	0.0511945392491	0.0136518771331
-ene	0.00838183934808	0.99091967404	0.000698486612341	0.0
-rmi	0.0547540385455	0.513601371675	0.0250242474808	0.406620342299
-pía	0.0	0.903846153846	0.0961538461538	0.0
-oel	0.121212121212	0.757575757576	0.0	0.121212121212
