-rbs	0.0	1.0	0.0	0.0
-rbu	0.480460647333	0.321601894251	0.0647234941881	0.133213964228
-cak	0.0902686041391	0.608542492294	0.233377366799	0.0678115367679
-cai	0.572164948454	0.170103092783	0.180412371134	0.0773195876288
-cah	0.47256215835	0.346076529713	0.0417915711515	0.139569740786
-can	0.12250780687	0.783809752582	0.0936824405477	0.0
-eus	0.00765744647601	0.970464135021	0.00359431161119	0.0182841068917
-eur	0.0	1.0	0.0	0.0
-eum	0.0	1.0	0.0	0.0
-car	0.598401984361	0.266377000669	0.0440938092292	0.0911272057403
-rba	0.294691993609	0.438132433872	0.201491212498	0.0656843600213
-cap	0.570890095567	0.37202643061	0.0248252469692	0.0322582268543
-700	0.0718232044199	0.132596685083	0.0	0.795580110497
-cau	0.291509643095	0.540456661494	0.113056971847	0.0549767235646
-cat	0.191717579385	0.404122076268	0.360518255979	0.0436420883678
-rbi	0.0	1.0	0.0	0.0
-aup	0.894736842105	0.105263157895	0.0	0.0
-aus	0.0681336753912	0.517569621021	0.40952204113	0.00477466245789
-aur	0.662621359223	0.211165048544	0.0825242718447	0.0436893203883
-aut	0.047005694137	0.908805118131	0.0236826240731	0.0205065636584
-oya	0.219494295817	0.265628127293	0.360764560678	0.154113016212
-aud	0.0022766078543	0.98598153968	0.00207864195393	0.00966321051199
-aui	0.289553893045	0.171238570241	0.119146577999	0.420060958714
-auh	0.0978386501357	0.247987073611	0.0825246219246	0.571649654328
-auk	0.252688172043	0.715053763441	0.0	0.0322580645161
-aum	0.0315769166985	0.872781916208	0.00708196122097	0.0885592058727
-aul	0.0620565353289	0.899911021879	0.0258264698501	0.0122059729415
-aun	0.0797593206593	0.905034229421	0.00787157407628	0.0073348758438
-wat	0.529761909074	0.1695366474	0.0344310759114	0.266270367615
-cam	0.211245742882	0.384959340176	0.227069480805	0.176725436137
--11	0.012987012987	0.025974025974	0.0	0.961038961039
--10	0.00609756097561	0.111788617886	0.0772357723577	0.804878048781
--12	0.026242452392	0.0557361820715	0.0	0.918021365536
--15	0.0	0.921568627451	0.0392156862745	0.0392156862745
--14	0.0483870967742	0.0887096774193	0.604838709678	0.258064516129
-gka	0.800781993611	0.133833865085	0.0197491281305	0.0456350131732
-rbe	0.0379506641366	0.962049335863	0.0	0.0
-gki	0.135499207607	0.605982567353	0.237717908082	0.0208003169572
-gku	0.170181566892	0.586833096396	0.0654572743797	0.177528062333
-ido	0.012539184953	0.981191222571	0.00626959247648	0.0
-rpa	0.482040546496	0.283274570295	0.0297487880123	0.204936095196
-ida	0.00908907291457	0.97657038982	0.0122197535851	0.00212078368006
-tla	0.0	1.0	0.0	0.0
-rpu	0.11170212766	0.760638297872	0.127659574468	0.0
-uta	0.0198755319411	0.0831180970654	0.86832460089	0.0286817701031
-uth	0.0	1.0	0.0	0.0
-uti	0.690715191289	0.0943700123878	0.0389695824552	0.175945213868
-utu	0.478336221837	0.406585788561	0.0786828422877	0.0363951473137
-iab	0.0	0.980392156863	0.0196078431373	0.0
-ked	0.458333333333	0.541666666667	0.0	0.0
-keb	0.0	0.866666666667	0.133333333333	0.0
-nuh	0.555259712024	0.218796986232	0.149379141874	0.0765641598702
-ufa	0.0	0.945945945946	0.0540540540541	0.0
-ija	0.0	1.0	0.0	0.0
-nub	0.0	1.0	0.0	0.0
-iji	0.120169055076	0.785983828146	0.0666099275668	0.0272371892112
-845	0.0	0.428571428571	0.0	0.571428571429
-840	0.0	0.333333333333	0.0	0.666666666667
-284	0.0	0.0	0.0	1.0
-yat	0.0950240585526	0.752188442066	0.118427380681	0.0343601186998
-yap	0.451567364419	0.215600042315	0.0335923807023	0.299240212564
-yas	0.00222882615156	0.982726597326	0.0	0.0150445765229
-yar	0.701330563856	0.243035217227	0.0164045993756	0.0392296195412
-mfa	0.0189573459716	0.981042654028	0.0	0.0
-yaa	0.0	1.0	0.0	0.0
-lpa	0.0229885057471	0.954022988506	0.0229885057471	0.0
-yam	0.0708234128665	0.79040399762	0.00937614922109	0.129396440292
-yal	0.295081967213	0.573770491803	0.0983606557377	0.0327868852459
-yan	0.0881093748476	0.820028820673	0.0516031795905	0.0402586248891
-yai	0.76949071655	0.0588520130514	0.0317723233457	0.139884947053
-yah	0.130152447408	0.74493501774	0.0243864442529	0.100526090598
-yak	0.0519013766719	0.404904234371	0.465649320184	0.0775450687729
-ofa	0.0	1.0	0.0	0.0
-328	0.0	0.333333333333	0.0	0.666666666667
-067	0.0	0.2	0.0	0.8
-iti	0.529392834156	0.161563066841	0.114002067446	0.195042031558
-laf	0.225641025641	0.717948717949	0.00512820512821	0.051282051282
-667	0.0	0.2	0.0	0.8
-666	0.0	0.0102040816327	0.0	0.989795918367
-052	0.0	0.2	0.0	0.8
-ada	0.15102849633	0.0250034362845	0.0088873317594	0.815080735626
-mam	0.0109173936777	0.949238032443	0.0326510940546	0.00719347982467
-adi	0.563221614444	0.0383198811274	0.0133875779089	0.385070926519
-adu	0.0620689655172	0.912931034483	0.0120689655172	0.0129310344828
-lam	0.042565866943	0.104055784066	0.00431997969439	0.849058369297
-sen	0.0	1.0	0.0	0.0
-sem	0.0	1.0	0.0	0.0
-sel	0.0	1.0	0.0	0.0
-sek	0.153846153846	0.846153846154	0.0	0.0
-sei	0.0	1.0	0.0	0.0
-sef	0.0	1.0	0.0	0.0
-sed	0.0	0.944444444444	0.0555555555555	0.0
-lba	0.0	1.0	0.0	0.0
-uit	0.126144123943	0.812210783814	0.0582203648965	0.00342472734686
-sea	0.0146878824969	0.969889840881	0.00660954712362	0.00881272949816
-uih	0.65992970123	0.305799648506	0.0289982425308	0.00527240773286
-oha	0.0	1.0	0.0	0.0
-set	0.0249791840133	0.956286427977	0.007493755204	0.011240632806
-ses	0.020207253886	0.970466321244	0.00621761658031	0.00310880829016
-ser	0.388861508132	0.519467718088	0.0754066042385	0.0162641695417
-bap	0.2	0.5	0.0	0.3
-aam	0.0	1.0	0.0	0.0
-aal	0.00463678516229	0.968867299625	0.0264959152131	0.0
-bla	0.0	1.0	0.0	0.0
-fos	0.00397614314115	0.996023856859	0.0	0.0
-aai	0.0	1.0	0.0	0.0
-mta	0.0	1.0	0.0	0.0
-wya	0.0	1.0	0.0	0.0
-zom	0.0	0.946428571429	0.0535714285714	0.0
-zon	0.0	1.0	0.0	0.0
-ral	0.0652173913043	0.565217391304	0.369565217391	0.0
-zor	0.0	1.0	0.0	0.0
-raz	0.157894736842	0.842105263158	0.0	0.0
-rat	0.173495621818	0.711818018563	0.0484247923175	0.0662615673009
-rau	0.111798287345	0.78219156359	0.101252775135	0.00475737392958
-rar	0.131440913298	0.813020672632	0.0339401419315	0.0215982721382
-ras	0.194968972141	0.294298124149	0.31994597753	0.190786926179
-rap	0.447762218178	0.444816002592	0.0206630223228	0.0867587569075
-ran	0.194201106716	0.679711499428	0.0864347527567	0.0396526410991
-eri	0.399489647908	0.394141754993	0.0157339178003	0.190634679299
-iwa	0.202156622004	0.623124966636	0.045347781989	0.129370629371
-ram	0.102767777209	0.67546728906	0.186178281204	0.035586652527
-rak	0.16254965439	0.757296681567	0.058465174578	0.0216884894643
-rah	0.0676312681629	0.750816500463	0.124294778001	0.0572574533733
-rai	0.365683479837	0.545698507926	0.0459589152742	0.042659096963
-raf	0.0833333333333	0.916666666667	0.0	0.0
-era	0.0856739355251	0.426279752514	0.0222996435955	0.465746668365
-rad	0.00609756097561	0.969512195122	0.0243902439024	0.0
-rab	0.0615296147211	0.882403680276	0.0336400230017	0.0224266820011
-boa	0.0	1.0	0.0	0.0
-ugu	0.0576690956234	0.741159640574	0.199159551165	0.00201171263803
-oza	0.0	1.0	0.0	0.0
-swa	0.0	1.0	0.0	0.0
-oze	0.0	1.0	0.0	0.0
-swi	0.0	1.0	0.0	0.0
-azo	0.0	1.0	0.0	0.0
-azi	0.0519480519482	0.922077922078	0.0	0.025974025974
-uga	0.0969616731754	0.0265326218045	0.0785890448102	0.79791666021
-aza	0.0	0.984466019417	0.00776699029126	0.00776699029126
-ugi	0.306543578604	0.465924518056	0.203638338311	0.0238935650285
-ike	0.0152817574021	0.984718242598	0.0	0.0
-ika	0.0828034997392	0.0458239613539	0.0120772884427	0.859295250464
-nop	0.0	1.0	0.0	0.0
-nor	0.0	1.0	0.0	0.0
-nos	0.0222016651249	0.977798334875	0.0	0.0
-not	0.0645161290323	0.774193548387	0.161290322581	0.0
-iki	0.651850696104	0.177650067593	0.0499420500591	0.120557186244
-ikh	0.0	1.0	0.0	0.0
-noh	0.101351351351	0.286196911197	0.416988416988	0.195463320463
-iku	0.103015357686	0.253011513829	0.0342206728523	0.609752455633
-nok	0.0	1.0	0.0	0.0
-iks	0.0253452193672	0.945464079706	0.00996329313057	0.0192274077958
-nom	0.0	0.987577639752	0.0	0.0124223602485
-non	0.00277777777778	0.975198412698	0.00654761904761	0.0154761904762
-noa	0.0	0.8125	0.1875	0.0
-nob	0.0	1.0	0.0	0.0
-nod	0.0	1.0	0.0	0.0
-mya	0.0	1.0	0.0	0.0
-188	0.0	0.5	0.0	0.5
--ir	0.0	1.0	0.0	0.0
-gla	0.0	1.0	0.0	0.0
-tob	0.0	1.0	0.0	0.0
-toa	0.175541252194	0.445289643066	0.37916910474	0.0
-ton	0.155025553663	0.791311754685	0.0178875638841	0.0357751277683
-gli	0.0	1.0	0.0	0.0
-tol	0.0527859237536	0.806451612903	0.140762463343	0.0
-bos	0.56036036036	0.115315315315	0.0144144144144	0.30990990991
-tok	0.708378540594	0.238902098386	0.02726863501	0.0254507260094
-toh	0.10543616734	0.811403211883	0.021828331958	0.0613322888185
-glo	0.0999999999999	0.9	0.0	0.0
-182	0.0	0.0	0.0	1.0
-tot	0.0318725099601	0.96015936255	0.00796812749005	0.0
-tou	0.0	1.0	0.0	0.0
-tor	0.175076022075	0.527030070954	0.267672785974	0.0302211209971
-tos	0.0	1.0	0.0	0.0
-ngu	0.0607097230581	0.0410714474254	0.896107186975	0.00211164254115
-rot	0.00198807157057	0.980119284294	0.00596421471172	0.0119284294234
-iel	0.0208234681709	0.964628629408	0.00641819224445	0.0081297101763
-ror	0.0	1.0	0.0	0.0
-ros	0.00536792663833	0.801386714382	0.19324535898	0.0
-roz	0.0	1.0	0.0	0.0
-187	0.0	0.0	0.0	1.0
-rod	0.0446428571429	0.955357142857	0.0	0.0
-rom	0.0	1.0	0.0	0.0
-ron	0.0107482853926	0.986180775924	0.00307093868359	0.0
-roh	0.0105515610628	0.956554633585	0.0194185324132	0.0134752729392
-roi	0.313846153846	0.575384615385	0.0	0.110769230769
-rok	0.125014469267	0.701354323417	0.135432341706	0.0381988656094
-hku	0.10639569904	0.530857715781	0.0731182064413	0.289628378738
-sar	0.0474058816563	0.260167395858	0.610519077016	0.0819076454696
-mpi	0.210018682232	0.775410964414	0.00983275379679	0.00473759955663
-276	0.0	0.235294117647	0.0	0.764705882353
-273	0.115384615385	0.307692307692	0.0	0.576923076923
-tim	0.0159095544742	0.502724438358	0.460969142458	0.0203968647105
-pku	0.138021622714	0.317874103264	0.0373850661817	0.506719207841
-oli	0.0458015267176	0.946564885496	0.0	0.00763358778626
-tih	0.107924287452	0.0819953327882	0.799389672298	0.0106907074616
-hyu	0.187359215582	0.759639591891	0.0235855306744	0.0294156618524
-tit	0.109090909091	0.654545454546	0.127272727273	0.109090909091
-hyo	0.0	1.0	0.0	0.0
-hya	0.012207535008	0.947100681632	0.0107118370251	0.029979946335
-roë	0.0	1.0	0.0	0.0
-leh	0.153396879433	0.0417751735782	0.030008277766	0.774819669223
-fsu	0.0907915741828	0.691696849099	0.189624461437	0.0278871152813
-lek	0.21695668271	0.582500308528	0.139454523016	0.061088485746
-mua	0.0300991976213	0.111214585978	0.0142903189168	0.844395897483
-lem	0.00273291081425	0.994028363387	0.000369924391984	0.00286880140722
-len	0.0160305343511	0.111450381679	0.865648854962	0.00687022900763
-mum	0.159196290572	0.332689335394	0.1885625966	0.319551777434
-mul	0.486111111111	0.433333333333	0.0361111111111	0.0444444444445
-leb	0.00148588410104	0.996285289747	0.00222882615156	0.0
-mun	0.137997165572	0.187327387307	0.0237895152773	0.650885931843
-mui	0.520722831551	0.0359478631454	0.0144824596198	0.428846845683
-muk	0.45793549	0.325067692746	0.201605624436	0.0153911928174
-leg	0.0	1.0	0.0	0.0
-mut	0.171066525871	0.790918690602	0.0316789862724	0.00633579725448
-muq	0.2	0.4	0.4	0.0
-mus	0.0261347095408	0.943843456398	0.00223302897975	0.0277888050814
-mur	0.0602855189912	0.433362836154	0.391487818459	0.114863826397
-oim	0.0	1.0	0.0	0.0
-les	0.1828741857	0.802998194804	0.0141276194961	0.0
-let	0.0330882352941	0.952205882353	0.0147058823529	0.0
-fsi	0.0	1.0	0.0	0.0
-lew	0.0	1.0	0.0	0.0
-sah	0.419231465249	0.358222793617	0.142635464025	0.0799102771097
-bka	0.0392699115044	0.831305309735	0.0680309734513	0.0613938053097
-bku	0.232714138287	0.525799793602	0.0325077399381	0.208978328173
-127	0.0	0.0	0.0	1.0
-652	0.0	0.111111111111	0.0	0.888888888889
-650	0.0588235294118	0.0	0.0	0.941176470588
-123	0.0	0.0769230769231	0.0	0.923076923077
-128	0.0	0.0	0.0	1.0
-lsu	0.0355167568537	0.103441059523	0.785554127179	0.0754880564441
-pel	0.0	1.0	0.0	0.0
-pet	0.235487129893	0.733203236307	0.0258697360354	0.00543989776446
-lsa	0.0	1.0	0.0	0.0
-per	0.420091324201	0.331050228311	0.0388127853881	0.210045662101
-pes	0.205882352941	0.735294117647	0.0588235294117	0.0
-oga	0.203071776156	0.424178832117	0.0125912408759	0.360158150852
-esy	0.0	0.6	0.4	0.0
-fya	0.0	1.0	0.0	0.0
-itu	0.15036673685	0.0139466359371	0.00246594953703	0.833220677676
-ter	0.0466213882813	0.897857984079	0.0271847411251	0.0283358865148
-esu	0.434635984924	0.131190901276	0.358262249554	0.0759108642466
-720	0.0	0.714285714286	0.0	0.285714285714
-721	0.0	0.2	0.0	0.8
-725	0.0	0.2	0.0	0.8
-tet	0.0	1.0	0.0	0.0
-esa	0.0327603484159	0.778745599836	0.0980497957296	0.0904442560189
-ite	0.0	1.0	0.0	0.0
-ita	0.0660460764645	0.103225305253	0.0197035094993	0.811025108783
-spa	0.0	1.0	0.0	0.0
-fah	0.0524017467249	0.742358078603	0.196506550218	0.00873362445415
-fai	0.0	1.0	0.0	0.0
-fan	0.184804307059	0.73433750731	0.0687597039905	0.0120984816406
-fal	0.0	1.0	0.0	0.0
-fam	0.0	1.0	0.0	0.0
-far	0.0	0.959595959596	0.0202020202021	0.020202020202
-fas	0.0399689130676	0.954341068058	0.00111024758521	0.004579771289
-uda	0.0198630222405	0.700572875864	0.260018525216	0.0195455766795
-n'e	0.0	1.0	0.0	0.0
-fat	0.185573520522	0.679256689372	0.0983585095281	0.0368112805782
-udi	0.0287416885068	0.783766588789	0.131861811961	0.0556299107424
-ael	0.00510359713937	0.981388332128	0.00833900636882	0.00516906436425
-aen	0.0	0.960526315789	0.0394736842105	0.0
-eju	0.0	1.0	0.0	0.0
-tna	0.0	0.668020062097	0.331979937903	0.0
-tni	0.0	1.0	0.0	0.0
-750	0.1	0.0	0.0	0.9
-kri	0.0	1.0	0.0	0.0
-gmu	0.243185220051	0.559460262336	0.0484372563878	0.148917261225
-eas	0.00454641128184	0.986613344559	0.000505156809093	0.00833508735003
-gri	0.0260416666667	0.953125	0.0	0.0208333333333
-eat	0.0	1.0	0.0	0.0
-tel	0.00846560846561	0.978835978836	0.0042328042328	0.00846560846561
-rne	0.0	1.0	0.0	0.0
-eab	0.0	1.0	0.0	0.0
-ead	0.00245248313918	0.988963825874	0.00490496627836	0.00367872470877
-rna	0.127687838102	0.171090771162	0.609989763772	0.091231626964
-eah	0.0	1.0	0.0	0.0
-eam	0.0259342638451	0.973525438991	0.0	0.00054029716344
-izi	0.0192635942453	0.100950987564	0.879785418191	0.0
-rni	0.0497519469689	0.189340079999	0.716350298936	0.0445576740965
-ean	0.0	0.547826086956	0.452173913044	0.0
-uri	0.282486873782	0.650491858451	0.0522585427426	0.0147627250242
-ura	0.311852217443	0.519548050483	0.131671719664	0.0369280124092
-uru	0.0543980419519	0.85286274491	0.053856422132	0.038882791006
-zni	0.0	1.0	0.0	0.0
-zbi	0.0	1.0	0.0	0.0
--ta	0.0334728033473	0.648535564854	0.309623430962	0.00836820083682
-iha	0.0	1.0	0.0	0.0
-ihi	0.647938297209	0.163492721975	0.0889295196793	0.099639461137
-klo	0.0	1.0	0.0	0.0
-ihu	0.0148148148148	0.955555555556	0.0296296296296	0.0
-nna	0.0126607717042	0.972467845659	0.0064308681672	0.00844051446946
-nng	0.0	0.25	0.75	0.0
-kla	0.0	1.0	0.0	0.0
-260	0.00287769784172	0.112230215827	0.00863309352518	0.876258992806
-000	0.0413780393072	0.197945388286	0.0107926558193	0.749883916588
-392	0.0	0.2	0.0	0.8
-468	0.0	0.142857142857	0.0	0.857142857143
-lmu	0.307690106315	0.516762934098	0.128208185673	0.0473387739138
-137	0.0	0.857142857143	0.142857142857	0.0
-642	0.0	0.0	0.0	1.0
-133	0.0	1.0	0.0	0.0
-130	0.0	0.090909090909	0.0	0.909090909091
-648	0.0	0.2	0.0	0.8
-139	0.0	0.5	0.0	0.5
-138	0.0	0.428571428571	0.0	0.571428571429
-aji	0.443346891342	0.405578152237	0.130156885532	0.020918070889
-aja	0.0511090760311	0.642872156936	0.0156465839556	0.290372183077
-aju	0.402796395919	0.318645997184	0.0270806198591	0.251476987038
-mra	0.0	1.0	0.0	0.0
-yum	0.736842105263	0.157894736842	0.105263157895	0.0
-yul	0.193548387097	0.250620347395	0.555831265509	0.0
-yun	0.332335329341	0.50374251497	0.0696107784431	0.0943113772455
-yua	0.0	1.0	0.0	0.0
-mri	0.0176600441501	0.98233995585	0.0	0.0
-lda	0.0	1.0	0.0	0.0
-yub	0.0440826052423	0.90389197776	0.0131056393963	0.0389197776013
-oja	0.0	1.0	0.0	0.0
-sga	0.0	1.0	0.0	0.0
-fra	0.0149253731343	0.970149253731	0.0149253731343	0.0
-yup	0.461538461538	0.0	0.538461538462	0.0
-yus	0.0177562550444	0.982243744956	0.0	0.0
-736	0.0	0.142857142857	0.0	0.857142857143
-730	0.0	0.2	0.0	0.8
-usi	0.275649350649	0.379545454545	0.130844155844	0.213961038961
-ush	0.0	0.934426229508	0.0655737704918	0.0
-usa	0.0453011072871	0.936415030484	0.00472218148109	0.0135616807479
-usy	0.0444444444444	0.955555555556	0.0	0.0
-usu	0.0506607929515	0.907672540382	0.0275330396476	0.0141336270191
-epa	0.100375234522	0.713883677298	0.0562851782364	0.129455909944
-epi	0.0614779375035	0.458505583578	0.050427031046	0.429589447872
-win	0.570150496835	0.338388159935	0.0616359522756	0.0298253909537
-wim	0.0	1.0	0.0	0.0
-iup	0.597437078186	0.359459759544	0.0315842137322	0.0115189485376
-ius	0.0218623238032	0.96153397503	0.00457189731857	0.0120318038487
-iut	0.842216358839	0.0691292875989	0.088654353562	0.0
-iuh	0.161538461538	0.724358974359	0.10641025641	0.0076923076923
-iuk	0.0425629976789	0.911958730829	0.0279866286108	0.0174916428817
-ium	0.330564961682	0.634361076457	0.021172696489	0.0139012653716
-iul	0.75	0.125	0.0	0.125
-iun	0.0184899845917	0.913713405239	0.00462249614792	0.0631741140215
-wit	0.0	1.0	0.0	0.0
-iud	0.0	1.0	0.0	0.0
-uel	0.00887355188563	0.982006408676	0.00406704461425	0.00505299482376
-pap	0.111111111111	0.833333333333	0.0555555555555	0.0
-iih	0.758928571429	0.196428571429	0.0	0.0446428571429
-kmu	0.100785154132	0.513902622899	0.0378535436364	0.347458679332
-lab	0.0	1.0	0.0	0.0
-tal	0.304751532677	0.576765277478	0.097452893074	0.0210302967713
-tam	0.0989561237267	0.497820792677	0.395516220378	0.00770686321859
-tan	0.174063289489	0.664108684362	0.110136096089	0.0516919300602
-tah	0.240617073274	0.613090467593	0.0339870422395	0.112305416893
-tai	0.227255946149	0.323117306282	0.0261588270757	0.423467920493
-tak	0.268966032945	0.181202974141	0.0654446943953	0.484386298519
-tad	0.529406847727	0.229676148526	0.052660844536	0.188256159211
-taa	0.548780487805	0.30487804878	0.0731707317073	0.0731707317073
-tab	0.16236689631	0.773509365071	0.0188188952114	0.0453048434068
-tat	0.350297928169	0.486524900235	0.0863718362215	0.0768053353742
-tau	0.0259105614685	0.0158874016137	0.00342652626928	0.954775510649
-tap	0.590644810326	0.135084368179	0.0563241229828	0.217946698512
-tar	0.394873928569	0.28851879561	0.133288071142	0.18331920468
-tas	0.0311445152213	0.0463250770619	0.0184822249419	0.904048182775
-rmu	0.159140868647	0.658528280095	0.0467515003225	0.135579350935
-ens	0.0117073170732	0.988292682927	0.0	0.0
-eno	0.0	1.0	0.0	0.0
-eni	0.00992720052944	0.982792852416	0.00595632031767	0.00132362673726
-dma	0.0	1.0	0.0	0.0
-ene	0.00640147945303	0.986396856162	0.0056012945214	0.00160036986326
-rmi	0.05	0.95	0.0	0.0
-ena	0.0661902662538	0.0612944862656	0.00343287716048	0.86908237032
-het	0.0	0.997283838841	0.0027161611589	0.0
-her	0.193779904306	0.715311004785	0.0406698564593	0.0502392344498
-hes	0.0	1.0	0.0	0.0
-hel	0.0145392444208	0.949112644527	0.00363481110522	0.0327132999469
-hem	0.00425813777442	0.994038607116	0.00113550340651	0.000567751703255
-hen	0.0185185185185	0.953703703704	0.0277777777778	0.0
-815	0.0	0.0	0.0	1.0
-818	0.0	0.0	0.0	1.0
-heb	0.0	1.0	0.0	0.0
-yut	0.562481150096	0.33045139238	0.0407157937066	0.0663516638182
-nsi	0.0413971539457	0.892626131953	0.0310478654593	0.0349288486417
-put	0.389073840043	0.55965914425	0.0243509658783	0.0269160498285
-pur	0.458815770389	0.390624155658	0.122463851622	0.0280962223313
-pus	0.0862318557064	0.851559137681	0.0101725419617	0.0520364646504
-250	0.183673469388	0.204081632653	0.367346938775	0.244897959184
-kia	0.00183729043406	0.994488128698	0.00209976049607	0.00157482037205
-254	0.0	0.2	0.0	0.8
-pua	0.0	1.0	0.0	0.0
-pul	0.537445585823	0.0893317384173	0.0210257611819	0.352196914577
-zuf	0.0	1.0	0.0	0.0
-pun	0.167760178472	0.101525294841	0.0116318109128	0.719082715774
-puh	0.301954455801	0.244985783447	0.423192192423	0.0298675683291
-puk	0.403678905657	0.502673524685	0.0492725723081	0.0443749973498
-928	0.0	1.0	0.0	0.0
-nab	0.0	1.0	0.0	0.0
-nmu	0.162678164182	0.587869599113	0.0619828950434	0.187469341662
-hol	0.0	1.0	0.0	0.0
-dea	0.0017094017094	0.991178266178	0.00445665445665	0.00265567765568
-naa	0.0	1.0	0.0	0.0
-ded	0.242424242424	0.757575757576	0.0	0.0
-yuh	0.0555555555556	0.708333333333	0.236111111111	0.0
-msi	0.0	1.0	0.0	0.0
-dek	0.111486317683	0.756624639829	0.102596559018	0.0292924834696
-del	0.047619047619	0.550264550265	0.402116402116	0.0
-den	0.0190149214314	0.965139310709	0.0158457678595	0.0
-nag	0.0	1.0	0.0	0.0
-der	0.0	1.0	0.0	0.0
-des	0.0243883908221	0.890467507471	0.036848503267	0.0482955984399
-oki	0.442953020134	0.557046979866	0.0	0.0
-okh	0.02690086241	0.964395917399	0.00553841284912	0.00316480734235
-lga	0.0	1.0	0.0	0.0
-kil	0.303841144821	0.563770030607	0.109026090825	0.0233627337481
-mre	0.0	1.0	0.0	0.0
-zur	0.0	0.98931229722	0.0106877027801	0.0
-bit	0.43357867394	0.443761623573	0.0587252804286	0.0639344220588
-bir	0.0383264702212	0.919781806514	0.0292350749594	0.0126566483056
-bis	0.4619954412	0.265502943385	0.0520883502158	0.220413265199
-bib	0.0378006872852	0.943751130403	0.0184481823114	0.0
-bia	0.0116265550517	0.968840832461	0.0167422392745	0.00279037321242
-bin	0.000873427829907	0.997329806349	0.00044919145538	0.00134757436614
-bil	0.541507977996	0.0490076908743	0.00920872045926	0.40027561067
-bim	0.117903930131	0.855895196507	0.0174672489083	0.00873362445414
-bik	0.463291301286	0.46546757985	0.0389809895667	0.0322601292965
-bih	0.108467020429	0.0280931100695	0.338860529995	0.524579339507
-100	0.0108701586755	0.0561078883459	0.0202305730905	0.912791379888
-105	0.0	0.0	0.0	1.0
-jin	0.1758150839	0.262559143677	0.418853582232	0.142772190191
-met	0.0	1.0	0.0	0.0
-jil	0.0290408630423	0.752124323777	0.203792326705	0.0150424864755
-dsi	0.0	1.0	0.0	0.0
-jik	0.548117154812	0.225941422594	0.154811715481	0.071129707113
-mes	0.00350603817686	0.910011686794	0.0864822750292	0.0
-mer	0.0139941690962	0.951020408163	0.0314868804665	0.00349854227405
-lup	0.80751604033	0.142988084326	0.0494958753437	0.0
-lur	0.235768691121	0.668771296853	0.0721587492483	0.0233012627781
-lus	0.0302305916739	0.813189544937	0.0518647649168	0.104715098472
-lut	0.14268644103	0.797896953492	0.0173695293775	0.0420470761004
-luh	0.0813080662438	0.184769702526	0.0212210388166	0.712701192414
-lui	0.0713843995285	0.0304955691356	0.00489309500539	0.893226936331
-034	0.0	0.0	0.0	1.0
-luk	0.145776037539	0.724016843021	0.0688844347074	0.061322684732
-mea	0.0	0.994439295644	0.0	0.00556070435589
-lum	0.178196729025	0.0320319036997	0.0121930179288	0.777578349346
-lun	0.379275653924	0.457746478873	0.0995975855131	0.0633802816901
-mel	0.387838948233	0.601479046836	0.0	0.0106820049302
-lub	0.0	1.0	0.0	0.0
-men	0.0105152471083	0.977216964599	0.00175254118472	0.0105152471083
-jir	0.133009288582	0.817939774678	0.0312963031958	0.0177546335438
-jis	0.180175193029	0.0886745528741	0.703354632031	0.0277956220651
-mek	0.0	1.0	0.0	0.0
-aya	0.196944969577	0.127905231674	0.0340334623742	0.641116336375
-ndu	0.295335726374	0.388427168558	0.120956353954	0.195280751113
-ayo	0.543411644535	0.398365679265	0.0	0.0582226762002
-ayi	0.100905078914	0.772084673498	0.0860198967761	0.0409903508116
-ayu	0.23565320073	0.658283654966	0.0572360168505	0.0488271274531
-743	0.0	0.333333333333	0.0	0.666666666667
-745	0.0	0.285714285714	0.142857142857	0.571428571429
-zek	0.0	0.944444444444	0.0555555555557	0.0
-zpa	0.0	1.0	0.0	0.0
-yur	0.0177808172337	0.937083262096	0.0328261241238	0.0123097965464
-sri	0.0	0.943661971831	0.056338028169	0.0
-ubu	0.412572694544	0.423428413182	0.138078094711	0.025920797563
-sra	0.114224137931	0.685344827586	0.168103448276	0.0323275862069
-ubi	0.0	1.0	0.0	0.0
-uba	0.0	0.985714285714	0.0142857142857	0.0
-lma	0.364937388193	0.610017889088	0.0035778175313	0.0214669051878
-365	0.0	0.0	0.0	1.0
-ako	0.0	1.0	0.0	0.0
-akn	1.0	0.0	0.0	0.0
-aki	0.199354562335	0.683251207984	0.0447592339386	0.0726349957425
-akh	0.0221811460259	0.938077634011	0.0147874306839	0.0249537892791
-ake	0.00771456123433	0.949212471874	0.0430729668917	0.0
-aka	0.0717781374371	0.0793312551223	0.0125247168313	0.836365890609
-aku	0.0716605754801	0.0533765518359	0.00454152744242	0.870421345242
-gok	0.589640654068	0.196514246548	0.102810143934	0.111034955449
-gol	0.790322580645	0.209677419355	0.0	0.0
-gon	0.00925925925926	0.990740740741	0.0	0.0
-goa	0.0	1.0	0.0	0.0
-gob	0.0	1.0	0.0	0.0
-god	0.0	1.0	0.0	0.0
-gog	0.0199600798403	0.962075848303	0.0159680638722	0.00199600798403
-gos	0.0	0.843137254902	0.0588235294118	0.0980392156863
-gor	0.78431372549	0.136852918844	0.0357318325964	0.0431015230693
-con	0.0714285714286	0.414285714286	0.485714285714	0.0285714285714
-coh	0.728971962617	0.16955941255	0.0694259012016	0.0320427236315
-cok	0.438871747467	0.219579528562	0.176283212372	0.165265511599
-rlu	0.397274883695	0.266305646985	0.0986061820789	0.23781328724
-eot	0.0	0.454545454545	0.545454545455	0.0
-eor	0.00987491770901	0.984200131666	0.00592495062541	0.0
-eon	0.0286462916251	0.967834027493	0.00175984044113	0.00175984044113
-eom	0.0	1.0	0.0	0.0
-cor	0.266666666667	0.6	0.133333333333	0.0
-upu	0.0	0.93023255814	0.0697674418605	0.0
-upa	0.296757483534	0.395608051133	0.104422119727	0.203212345606
-upi	0.674211529645	0.181064646123	0.0426509978041	0.102072826428
-oër	0.0	1.0	0.0	0.0
-oël	0.00711743772242	0.992882562278	0.0	0.0
-pta	0.34051648416	0.603736019207	0.0469637524155	0.00878374421737
-oëd	0.0	1.0	0.0	0.0
-gag	0.0547945205479	0.945205479452	0.0	0.0
-gad	0.00301053687908	0.984947315605	0.00903161063723	0.00301053687908
-tra	0.00830564784053	0.979117228287	0.00189843379212	0.0106786900807
-gab	0.0	1.0	0.0	0.0
-gan	0.0922102152426	0.132322183336	0.0159109495947	0.759556651827
-gam	0.137502241884	0.699886411191	0.151850301907	0.010761045017
-gal	0.683329626224	0.133412037222	0.0692066301279	0.114051706426
-tri	0.0843444131119	0.81941644885	0.0290947675038	0.0671443705342
-gai	0.100294392825	0.198766529773	0.0554923631806	0.645446714221
-gah	0.242186550392	0.384622402427	0.0596611446888	0.313529902492
-tru	0.299587309776	0.258124838793	0.0880835697704	0.354204281661
-eia	0.319845857418	0.378933847142	0.156069364162	0.145150931278
-gau	0.0839160839161	0.706293706294	0.195804195804	0.013986013986
-gat	0.380102835751	0.127380374859	0.140429348836	0.352087440554
-gas	0.292208686645	0.514036044673	0.06115803567	0.132597233012
-gar	0.80514115583	0.0781051429064	0.008333618098	0.108420083165
-gap	0.61936503376	0.187542019825	0.0716161471053	0.12147679931
-ini	0.223655269802	0.0468858782785	0.0110530514452	0.718405800475
-rzi	0.0	1.0	0.0	0.0
-218	0.0	0.0999999999998	0.0	0.9
-ina	0.311842623279	0.506511577914	0.113191153767	0.0684546450401
-rza	0.0	0.982456140351	0.0175438596491	0.0
-ing	0.186503774531	0.309131220764	0.146122102039	0.358242902666
-kni	0.0872860316216	0.0814930963892	0.0294873470099	0.801733524979
-807	0.0	0.0	0.0	1.0
-kna	0.248287671233	0.643835616438	0.0642123287671	0.0436643835616
-inu	0.0	1.0	0.0	0.0
-lyo	0.0	1.0	0.0	0.0
-iru	0.292017010121	0.290877540533	0.343628279699	0.0734771696469
-mbu	0.0398179749716	0.930081532044	0.0137805406577	0.0163199523268
-yer	0.00236686390532	0.992899408284	0.00473372781065	0.0
-yet	0.0	1.0	0.0	0.0
-930	0.0	0.555555555555	0.0	0.444444444445
-mba	0.0530853498457	0.697979863643	0.0167554417276	0.232179344784
-lti	0.0	0.878787878788	0.121212121212	0.0
-yem	0.0	1.0	0.0	0.0
-hap	0.308552702432	0.456128744404	0.107697278336	0.127621274828
-yen	0.0	0.994318181818	0.00568181818182	0.0
-mbi	0.0364017153685	0.892191084073	0.0498653635185	0.02154183704
-lta	0.0	1.0	0.0	0.0
-hdo	0.0	1.0	0.0	0.0
-uja	0.594744121715	0.317842323651	0.0791147994467	0.00829875518672
-245	0.0	0.15625	0.1875	0.65625
-247	0.0	0.2	0.0	0.8
-242	0.0	1.0	0.0	0.0
-119	0.0	0.0	0.0	1.0
-110	0.0	1.0	0.0	0.0
-112	0.333333333333	0.333333333333	0.0	0.333333333334
-ahi	0.369901158975	0.497338895484	0.0570594880749	0.0757004574664
-rem	0.0	1.0	0.0	0.0
-aha	0.581788570435	0.204387205308	0.0714428253551	0.142381398902
-023	0.0	0.285714285714	0.142857142857	0.571428571429
-ahu	0.794351412342	0.163031451096	0.00747688563689	0.035140250925
-sas	0.0535885167464	0.801594896332	0.123763955343	0.0210526315789
-mpo	0.282722513089	0.65445026178	0.0	0.0628272251309
-dda	0.0	1.0	0.0	0.0
-sap	0.0995350829669	0.879633946083	0.0101634979232	0.0106674730268
-sau	0.0795177264246	0.897229797617	0.00861202813263	0.0146404478255
-sat	0.470735123809	0.182240465513	0.175732654036	0.171291756642
-mpa	0.417910512794	0.308627440606	0.0714412472748	0.202020799325
-lfa	0.018075400241	0.94697882596	0.0349457737993	0.0
-sab	0.532400932401	0.259207459207	0.0601398601398	0.148251748252
-sag	0.14371257485	0.85628742515	0.0	0.0
-saf	0.179090334807	0.763423878711	0.0413771320278	0.0161086544536
-sad	0.0667331919671	0.915554446801	0.0112261444431	0.00648621678931
-sak	0.439143897574	0.377977571091	0.132749802848	0.0501287284873
-ola	0.165309446254	0.758957654723	0.0659609120521	0.00977198697067
-sai	0.489539358874	0.31934505975	0.0728700723326	0.118245509044
-mpu	0.117585051936	0.619662314639	0.216072992046	0.0466796413796
-san	0.26476558695	0.593447190506	0.0698318496267	0.071955372917
-sam	0.0320953334435	0.638106161488	0.319184300308	0.0106142047608
-sal	0.577070345664	0.147605138568	0.0514804983392	0.223844017429
-jib	0.210356371346	0.124650846281	0.0547124083218	0.610280374052
-ah'	0.2	0.0	0.4	0.4
-hak	0.1517370034	0.678099082603	0.0471742535625	0.122989660435
-mau	0.409734025879	0.0294191053128	0.0489326014088	0.511914267399
-mat	0.128291590956	0.694526946635	0.0966808683881	0.0805005940205
-mai	0.17296725755	0.752201551292	0.0429563459362	0.0318748452216
-har	0.0506387921022	0.915214866434	0.00696864111498	0.0271777003484
-jua	0.0793013924947	0.325820155771	0.0160490913382	0.578829360396
-zki	0.0	1.0	0.0	0.0
-maa	0.0	1.0	0.0	0.0
-haz	0.0	1.0	0.0	0.0
-ucu	0.0980827447023	0.791725529768	0.0774974772956	0.0326942482341
-uci	0.117086858173	0.357473169851	0.392123809263	0.133316162713
-maf	0.0	1.0	0.0	0.0
-iok	0.0	1.0	0.0	0.0
-ion	0.0124869948619	0.957183321664	0.00664048281672	0.023689200657
-rye	0.0	1.0	0.0	0.0
-rya	0.0341316672452	0.934629179683	0.0234293648039	0.00780978826796
-ios	0.0	0.974970202622	0.0250297973778	0.0
-ior	0.0	1.0	0.0	0.0
-iot	0.00100312082033	0.996321890325	0.00100312082033	0.00167186803388
--el	0.0	1.0	0.0	0.0
-zya	0.0	1.0	0.0	0.0
-chi	0.0	1.0	0.0	0.0
-rku	0.209642341723	0.536254256162	0.08301273934	0.171090662775
-elu	0.215162943622	0.0731070496084	0.63920317184	0.0725268349289
-rki	0.0	1.0	0.0	0.0
-eli	0.782977697923	0.198547062391	0.0051553072022	0.0133199324842
-rka	0.0269715190656	0.844258035781	0.118724172915	0.0100462722391
-ela	0.295242675384	0.404768308683	0.203652958917	0.0963360570166
-iya	0.0	1.0	0.0	0.0
-ele	0.35393258427	0.46172752809	0.0811095505618	0.103230337079
-hga	0.0	1.0	0.0	0.0
-832	0.0	0.142857142857	0.0	0.857142857143
-830	0.0	0.2	0.0	0.8
-hul	0.0	1.0	0.0	0.0
-hum	0.216314199396	0.750453172205	0.0271903323263	0.00604229607251
-hun	0.0125764249198	0.95961278632	0.0174078176927	0.010402971068
-hui	0.874332039704	0.0469354056273	0.0288734233898	0.0498591312785
-hud	0.0113809572198	0.98861904278	0.0	0.0
-hua	0.4	0.6	0.0	0.0
-mei	0.0146113383986	0.985388661601	0.0	0.0
-hut	0.813907508318	0.130009162367	0.00694410956262	0.0491392197521
-hur	0.171469397476	0.631578947369	0.113003095975	0.0839485591807
-hus	0.0338266384778	0.936190659235	0.0242167980011	0.00576590428599
-tua	0.0380864672935	0.664883434567	0.28366694408	0.0133631540591
-tub	0.0	1.0	0.0	0.0
-koa	0.0	0.988505747126	0.0	0.0114942528736
-nci	0.760088574331	0.200499400801	0.0267959945555	0.0126160303134
-tuh	0.810219042282	0.125010979008	0.0210899171824	0.0436800615277
-kol	0.490664675131	0.471247199402	0.0112023898432	0.0268857356236
-tuk	0.0309341510338	0.0258021563657	0.00557653924007	0.93768715336
-koi	0.153846153846	0.846153846154	0.0	0.0
-nca	0.233576642336	0.744525547445	0.0	0.021897810219
-kok	0.480404137402	0.377221385919	0.103928101349	0.0384463753301
-905	0.0	0.5	0.0	0.5
-tup	0.70848639636	0.192846937938	0.0538135790876	0.0448530866148
-kot	0.0104712041885	0.989528795812	0.0	0.0
-tur	0.522543729539	0.337039781181	0.0969232147583	0.0434932745218
-tus	0.145851442459	0.756896697576	0.0085465250257	0.0887053349393
-tut	0.364756797113	0.15196740921	0.16864278695	0.314633006728
-kop	0.0	1.0	0.0	0.0
-kos	0.113023821944	0.850460789428	0.0208659363589	0.0156494522692
-kor	0.0695652304169	0.197412441754	0.0331441972373	0.699878130592
-lit	0.0935082987983	0.688471737323	0.165134122755	0.0528858411236
-345	0.0	0.0588235294117	0.0	0.941176470588
-lir	0.4521925201	0.409506427302	0.0667117705367	0.0715892820617
-lis	0.542362112523	0.413289085956	0.0142405260971	0.0301082754241
-lim	0.0689000048098	0.48210764273	0.419412245683	0.029580106777
-omi	0.0	0.876470588235	0.0141176470588	0.109411764706
-lio	0.0842349304482	0.915765069552	0.0	0.0
-omo	0.00364537576099	0.992377850682	0.00397677355744	0.0
-lik	0.39423795769	0.358822398729	0.0433296244449	0.203610019136
-lid	0.0	1.0	0.0	0.0
-oma	0.0235474254428	0.725898688072	0.208156920971	0.0423969655141
-sbe	0.0526315789473	0.947368421053	0.0	0.0
-lia	0.0462580164327	0.7329970075	0.204298688148	0.0164462879188
-lib	0.105083098647	0.854755860537	0.00356987029471	0.0365911705208
-ufi	0.0	1.0	0.0	0.0
-’eg	0.333333333333	0.333333333333	0.166666666667	0.166666666667
-lwa	0.0	1.0	0.0	0.0
-160	0.0	1.0	0.0	0.0
-162	0.0	0.0	0.0	1.0
-pah	0.383072564069	0.518539755124	0.0530998347016	0.0452878461048
-pai	0.25621878109	0.0449322080571	0.0223881225808	0.676460888272
-dur	0.502997133177	0.255759708105	0.0271305707584	0.214112587959
-pak	0.501675370614	0.263536515974	0.0172395039886	0.217548609423
-dut	0.0274752889931	0.898475456525	0.0459038364884	0.028145417993
-pam	0.333333333333	0.222222222222	0.444444444445	0.0
-pan	0.113288254455	0.491083999655	0.051688550578	0.343939195312
-bya	0.00188916876574	0.988664987406	0.00472292191436	0.00472292191435
-pad	0.0	1.0	0.0	0.0
-dua	0.0487046053708	0.0398629728933	0.150765649793	0.760666771943
-tui	0.263157894737	0.140350877193	0.456140350877	0.140350877193
-duh	0.544841749215	0.2568011597	0.13242329065	0.0659338004349
-dui	0.470149253731	0.223880597015	0.0671641791045	0.238805970149
-par	0.302437525112	0.249046328505	0.431989575646	0.0165265707366
-duk	0.702292265239	0.208574494687	0.0285120980007	0.0606211420731
-pat	0.192663998	0.158272448861	0.0834927503297	0.565570802809
-dum	0.0147815656295	0.961391958344	0.0166116642313	0.00721481179538
-580	0.0	0.0	0.0	1.0
-kon	0.0	0.866666666667	0.133333333333	0.0
-760	0.166666666667	0.5	0.0	0.333333333333
-ohu	0.0	1.0	0.0	0.0
-tul	0.142156862745	0.411816854401	0.112015018773	0.33401126408
-tum	0.48718989722	0.373063526998	0.0269236522148	0.112822923567
-tun	0.232074512407	0.707253520132	0.038979196972	0.0216927704888
-lbi	0.22	0.74	0.0	0.04
-did	0.117647058823	0.882352941177	0.0	0.0
-fet	0.0	1.0	0.0	0.0
-fer	0.0218181818182	0.92	0.0581818181818	0.0
-dia	0.0173300282317	0.0755973064456	0.0102034175695	0.896869247753
-dil	0.0429470875203	0.245173664679	0.436526973902	0.275352273898
-dim	0.0080738177624	0.949019607843	0.0401384083045	0.00276816608997
-din	0.0	1.0	0.0	0.0
-dih	0.237540663378	0.242409287399	0.401040388198	0.119009661024
-dik	0.319223966467	0.490758830928	0.131180327797	0.0588368748086
-dit	0.0	1.0	0.0	0.0
-feg	0.0714285714286	0.928571428571	0.0	0.0
-dir	0.376747309093	0.178179746475	0.229515535028	0.215557409404
-dis	0.0496674448469	0.628690211116	0.147648912406	0.173993431631
-fel	0.0	0.993690851735	0.00630914826498	0.0
-fek	0.0	1.0	0.0	0.0
-fei	0.0	1.0	0.0	0.0
-seb	0.0	1.0	0.0	0.0
-ggu	0.398224811852	0.441757335091	0.0541649437846	0.105852909272
-ait	0.0103760471941	0.984162875335	0.00230145407689	0.00315962339369
-zai	0.0	1.0	0.0	0.0
-ais	0.0728269381362	0.861393891934	0.0657791699295	0.0
-air	0.0346243676736	0.917487076743	0.0144729414109	0.033415614173
-aid	0.242424242424	0.681818181818	0.0454545454545	0.030303030303
-aif	0.0	0.571428571429	0.428571428571	0.0
-aib	0.078709707299	0.668696739533	0.238467951093	0.0141256020748
-aim	0.00690382587017	0.976699587688	0.00719148528143	0.00920510116022
-ail	0.00478550268185	0.935598085799	0.0494144816726	0.0102019298466
-ain	0.0416788613448	0.272787709459	0.249131062707	0.436402366489
-aih	0.537848605578	0.390438247012	0.0239043824701	0.0478087649403
-aik	0.145738865951	0.138365420825	0.474551449485	0.241344263739
-uil	0.0345655304849	0.91134581533	0.0507281164986	0.00336053768603
-ema	0.229965156794	0.662020905923	0.00696864111499	0.101045296167
-emo	0.0	1.0	0.0	0.0
-emi	0.0918946415691	0.150196272047	0.0127568070401	0.745152279344
-emu	0.838306955884	0.0635646211566	0.0524170943119	0.0457113286472
-tba	0.0	1.0	0.0	0.0
-cik	0.427909133055	0.363622314944	0.173079894916	0.0353886570855
-cih	0.462686567164	0.253731343284	0.0298507462686	0.253731343284
-cin	0.0918761192535	0.732676828161	0.175447052586	0.0
-cil	0.0461602756058	0.156802894411	0.737050374555	0.0599864554284
-ohi	0.396551724138	0.586206896552	0.0172413793103	0.0
-jek	0.493369499699	0.423749246534	0.0575647980711	0.0253164556962
-cir	0.736842105263	0.163742690058	0.0292397660819	0.0701754385966
-rja	0.492400537152	0.401813418311	0.0336255021225	0.0721605424143
-cit	0.222222222222	0.666666666667	0.0555555555555	0.0555555555556
-lin	0.283032884311	0.664223454834	0.0289718700475	0.0237717908082
-lih	0.808660198825	0.125417623333	0.0339168049178	0.0320053729237
-ksa	0.570971502493	0.280658438876	0.0594918292403	0.0888782293905
-hti	0.0	1.0	0.0	0.0
-hta	0.0986545710871	0.885102209691	0.00343252934506	0.0128106898771
-lif	0.0105848107965	0.941783540619	0.0476316485843	0.0
-kha	0.00884244372991	0.986334405145	0.00482315112541	0.0
-lig	0.186868686869	0.517957351291	0.170594837262	0.124579124579
-khe	0.108910891089	0.891089108911	0.0	0.0
-khi	0.0	1.0	0.0	0.0
-tti	0.0350877192982	0.929824561404	0.0	0.0350877192982
-kho	0.00198570293884	0.99642573471	0.00158856235107	0.0
-ksi	0.276630636074	0.650731244117	0.0178121785759	0.0548259412329
-khu	0.0	1.0	0.0	0.0
-ilu	0.0	0.715517241379	0.284482758621	0.0
-ifa	0.0	1.0	0.0	0.0
-ila	0.0707318669666	0.12607582796	0.0337696258268	0.769422679247
-ilo	0.00970873786409	0.990291262136	0.0	0.0
-822	0.0	1.0	0.0	0.0
-ili	0.614340242547	0.320819442431	0.0456104749481	0.0192298400734
-910	0.0	0.5	0.0	0.5
-912	0.0	0.5	0.0	0.5
-t-m	0.776119402985	0.044776119403	0.0223880597015	0.15671641791
-t-n	0.355555555556	0.111111111111	0.177777777778	0.355555555556
-npa	0.107997315928	0.0586103824803	0.039565668273	0.793826633319
-350	0.0	0.0	0.0	1.0
-223	0.0	0.0	0.0	1.0
-222	0.0	1.0	0.0	0.0
-220	0.2	0.6	0.0	0.2
-172	0.0	0.125	0.0	0.875
-ong	0.381825592758	0.321189445008	0.163851612211	0.133133350023
-one	0.0	0.928281461434	0.00811907983761	0.063599458728
-anu	0.467984934087	0.164783427495	0.344632768362	0.0225988700565
-ona	0.235333185743	0.666371485499	0.0584458711534	0.0398494576046
-ono	0.0575079872204	0.583067092652	0.340255591054	0.0191693290735
-oni	0.0	1.0	0.0	0.0
-ana	0.0914926802184	0.178486537657	0.0588312004367	0.671189581688
-rma	0.0607056381875	0.918540297475	0.0124524386026	0.00830162573504
-ons	0.115350488021	0.874001774623	0.0106477373558	0.0
-ang	0.167552677063	0.163730530174	0.0133174378939	0.655399354869
-ani	0.186857874109	0.474426712125	0.133450359169	0.205265054597
-ank	0.240543720218	0.573958614661	0.0639869994668	0.121510665654
-595	0.0	0.0	0.666666666667	0.333333333333
-690	0.0	1.0	0.0	0.0
-775	0.0	0.222222222222	0.0	0.777777777778
-777	0.0	0.142857142857	0.0	0.857142857143
-yit	0.0	0.892086330935	0.107913669065	0.0
-yir	0.0	1.0	0.0	0.0
-yim	0.0	1.0	0.0	0.0
-mna	0.0	1.0	0.0	0.0
-lhi	0.0	1.0	0.0	0.0
-lha	0.0	1.0	0.0	0.0
-eng	0.23475112739	0.545416693131	0.14434823111	0.0754839483694
-ziw	0.0	1.0	0.0	0.0
-zir	0.0127659574468	0.782978723404	0.204255319149	0.0
-zis	0.0	1.0	0.0	0.0
-zin	0.287954705829	0.647187110768	0.037508347028	0.0273498363746
-zil	0.0	1.0	0.0	0.0
-zim	0.072877485223	0.740462117141	0.165502418055	0.0211579795809
-zif	0.0	1.0	0.0	0.0
-zib	0.0	1.0	0.0	0.0
-zia	0.00489621053704	0.99143163156	0.00122405263427	0.00244810526852
-dup	0.4104729164	0.464899007383	0.0715650063121	0.053063069905
-uai	0.539797031505	0.197712204833	0.0321926176123	0.23029814605
-uah	0.0717452877911	0.30109205372	0.0266032996173	0.600559358872
