-iva	0.258751902588	0.695585996956	0.0456621004566	0.0
-heo	0.326337980057	0.0940151613798	0.0254556207235	0.55419123784
-ive	0.101171362575	0.898828637425	0.0	0.0
-ivi	0.0431726351913	0.893618198926	0.0398516632535	0.0233575026291
-hea	0.400765107754	0.0631478523898	0.0187676873263	0.51731935253
-ufu	0.457358813463	0.257415858528	0.285225328009	0.0
-oya	0.141967050631	0.68353306057	0.0568230576694	0.117676831129
-ufe	0.216906737155	0.64874583777	0.0385300456476	0.095817379427
-ufa	0.136944801184	0.319947186285	0.144016635936	0.399091376595
-ufi	0.217047205118	0.651409148608	0.0561315309474	0.0754121153266
-4'a	0.0322323915639	0.527258257063	0.0477516912058	0.392757660167
-opu	0.0424437299035	0.938263665595	0.0192926045016	0.0
-ape	0.426024462864	0.277331007665	0.0467804842635	0.249864045208
-opo	0.322183791094	0.531386023711	0.0225277207993	0.123902464396
-opi	0.162309007859	0.46783299683	0.0187842757393	0.351073719572
-opa	0.100288617422	0.611722621652	0.151629131571	0.136359629356
-imu	0.582352941177	0.247058823529	0.070588235294	0.1
-oku	0.00934579439253	0.728387850467	0.0	0.26226635514
-400	0.466800804829	0.193158953722	0.0241448692153	0.315895372233
-ima	0.158893104218	0.746708324035	0.0127203749163	0.0816781968311
-oko	0.36822402048	0.0713390203487	0.0	0.560436959171
-oki	0.0971014275282	0.284821575798	0.0213282333365	0.596748763337
-.00	0.0658528750401	0.500481850305	0.122068743977	0.311596530678
-oke	0.100151745068	0.899848254932	0.0	0.0
-oka	0.118058101783	0.652846504471	0.0261380903305	0.202957303416
-imo	0.156436301425	0.684693126553	0.0518952915193	0.106975280503
-100	0.0644198244341	0.0868517275852	0.208214075403	0.640514372578
-uta	0.077132394884	0.312428514853	0.0483144440513	0.562124646211
-ute	0.234453030237	0.225844710261	0.0920470710482	0.447655188454
-uti	0.0843125586287	0.861991315487	0.00440132179377	0.0492948040903
-uto	0.347735824575	0.418710263397	0.0116776956014	0.221876216427
-tea	0.307810926836	0.510563846493	0.109353012661	0.07227221401
-a'a	0.185340685763	0.34459377525	0.0540875927874	0.4159779462
-aku	0.254365934931	0.251750434625	0.0482489519536	0.445634678491
-teo	0.377857632582	0.285299451343	0.0776421404234	0.259200775652
-e'e	0.1590597559	0.0483350592291	0.0261577967593	0.766447388111
-e'a	0.351968131814	0.21637588336	0.0573010530069	0.374354931819
-lui	0.0519915823152	0.028995305522	0.919013112163	0.0
-mea	0.345063848854	0.395694869689	0.0710551863192	0.188186095139
-meo	0.50617834055	0.21105977148	0.044297278248	0.238464609722
-aye	0.620629370629	0.218531468531	0.108391608392	0.0524475524475
-aya	0.204676475383	0.336438046057	0.0335973576085	0.425288120952
-ayo	0.0403632075978	0.849253057338	0.0142092026747	0.0961745323891
-ayi	0.107227352515	0.244218881172	0.240250324353	0.40830344196
-ayu	0.345593176172	0.18714864325	0.125840610689	0.341417569888
-umu	0.529182879377	0.330739299611	0.11673151751	0.0233463035019
-ota	0.333278715386	0.518304814962	0.0569509140704	0.0914655555816
-'ma	0.338980857839	0.593090707821	0.0286808944989	0.0392475398406
-ote	0.119852874281	0.26116454992	0.372210209453	0.246772366346
-'me	0.064658681242	0.861495522735	0.0626817071753	0.0111640888475
-oti	0.0297771475438	0.161950662216	0.013712582303	0.794559607937
-'mo	0.154141370835	0.510114747011	0.0443361874235	0.291407694731
-oto	0.148148148148	0.648148148148	0.185185185185	0.0185185185185
-ume	0.316498026689	0.22583730227	0.0338300083523	0.423834662688
-uma	0.114376737582	0.427171306184	0.00684890644204	0.451603049792
-otu	0.486386840613	0.349593495935	0.056091258587	0.107928404865
-'mu	0.842351002472	0.14117000824	0.0164789892887	0.0
-umo	0.180292782081	0.248376631504	0.0484507282003	0.522879858215
-umi	0.265893587995	0.315279672578	0.0422919508868	0.37653478854
-ako	0.23209670405	0.0756493085849	0.0206423748403	0.671611612525
ALL	0.219592729716	0.254716897879	0.049787758561	0.475902613844
-nai	0.173553719008	0.6391184573	0.176308539945	0.0110192837466
-nao	0.102237778624	0.723447680874	0.0182664937652	0.156048046737
-aki	0.307640915653	0.249379699906	0.0815576706726	0.361421713768
-ake	0.354543108573	0.190570172856	0.0734663217094	0.381420396862
-aka	0.251408420511	0.31008263455	0.0848253155102	0.353683629429
-nae	0.45362910924	0.145672286966	0.0284163225363	0.372282281258
-sia	0.00513079519309	0.987173012017	0.00432910844416	0.00336708434546
-nau	0.310242232015	0.330199006372	0.166025766975	0.193532994639
-moe	0.339123480245	0.348043043072	0.0808256590577	0.232007817625
-moa	0.309176954039	0.458931909662	0.0854708051939	0.146420331105
-yae	0.399552625053	0.458390330142	0.0923948258897	0.0496622189157
-ofo	0.249029513571	0.663972443577	0.00424587812847	0.0827521647239
-u'a	0.107849567485	0.111880514388	0.0148394968646	0.765430421262
-ofi	0.138314766735	0.316455888904	0.017589132767	0.527640211595
-yao	0.641791044776	0.28144989339	0.0255863539446	0.0511727078891
-ofe	0.295403746517	0.498725166465	0.0544423173169	0.151428769701
-ofa	0.508539339559	0.391381309894	0.0256363303425	0.0744430202038
-iso	0.122641509434	0.141509433962	0.062893081761	0.672955974843
-isi	0.0153312928605	0.920763922034	0.037258008998	0.0266467761072
-ise	0.236342424298	0.142455178121	0.217122903653	0.404079493927
-isa	0.109244642335	0.766399064517	0.095077469698	0.02927882345
-eve	0.490258030542	0.270247498684	0.0558188520274	0.183675618747
-upe	0.510308122107	0.34837578254	0.0642345887967	0.077081506556
-eva	0.443417978558	0.23151617226	0.0387545505777	0.286311298605
-upa	0.231977249921	0.227158608069	0.131837121034	0.409027020976
-upi	0.265067900102	0.410648358263	0.0491636007815	0.275120140854
-avi	0.318742811473	0.147947250894	0.10997468943	0.423335248204
-hae	0.417686933299	0.0638750564478	0.00939882337947	0.509039186874
-avo	0.412327961338	0.277477170616	0.0201899664164	0.290004901629
-ava	0.229648968135	0.0545737008246	0.0141813289646	0.701596002076
-ave	0.247113327725	0.453459423395	0.125413101045	0.174014147835
-hao	0.674152379909	0.0869803363093	0.0120501725366	0.226817111245
-hap	0.0	0.318777292576	0.10480349345	0.576419213974
-hau	0.455453457713	0.18545182008	0.0353490554365	0.32374566677
-mao	0.423397274104	0.233026249369	0.0624684502777	0.281108026249
-mae	0.521089804963	0.393908782917	0.0278088001434	0.0571926119764
-avu	0.317055393586	0.508017492712	0.0874635568512	0.0874635568514
-uno	0.0779446590141	0.0128237023745	0.00342124895439	0.905810389657
-lae	0.521465800506	0.288361843037	0.0808748737538	0.109297482702
-une	0.289780735483	0.376071592741	0.0491432966576	0.285004375118
-una	0.250547742972	0.289177185016	0.0675333811327	0.392741690879
-pta	0.0589390962672	0.941060903733	0.0	0.0
-unu	0.685752346804	0.186387291153	0.0145663703593	0.113293991683
-666	0.0666666666667	0.0	0.0	0.933333333333
-500	0.0638297872341	0.170212765957	0.297872340425	0.468085106383
-144	0.0	0.0623441396508	0.0	0.937655860349
-seo	0.314501619288	0.214105793451	0.262684418856	0.208708168406
-ohu	0.316885468538	0.145314622001	0.0932548664554	0.444545043006
-ino	0.236084538774	0.0965034550072	0.0265617191418	0.640850287077
-ina	0.121997790718	0.358388446053	0.0191682096332	0.500445553596
-ine	0.377223345755	0.276001839396	0.111525642689	0.23524917216
-sea	0.335300596213	0.314988980375	0.0609313138356	0.288779109576
-ohe	0.268639053254	0.21775147929	0.121893491124	0.391715976331
-oho	0.276331113895	0.124815962379	0.040037796383	0.558815127343
-fue	0.286532951289	0.421203438396	0.137535816619	0.154727793696
-iao	0.142857142857	0.514285714286	0.0	0.342857142857
-neo	0.292850225123	0.43215355149	0.117718666832	0.157277556556
-nea	0.263012317477	0.226982882314	0.0680678221296	0.441936978079
-eka	0.261922925454	0.314361187512	0.0392186125109	0.384497274524
-hoa	0.339583477548	0.0815374225343	0.0164677459913	0.562411353927
-eke	0.255734471614	0.388681123426	0.117730269148	0.237854135812
-hoe	0.387427850367	0.0585142657825	0.00793533751473	0.546122546335
-eki	0.276585219528	0.381992516617	0.201467206256	0.139955057599
-eko	0.302292483107	0.181318238263	0.0165666779557	0.499822600674
-eku	0.1908065915	0.757155247181	0.0520381613183	0.0
-ase	0.154349410959	0.29757121642	0.226695745007	0.321383627615
-asa	0.0975859640135	0.879362233464	0.0138310815137	0.00922072100917
-aso	0.155139625663	0.26023421079	0.357421679511	0.227204484036
-153	0.0694143167028	0.0759219088937	0.0433839479392	0.811279826464
-asi	0.0335953841872	0.637951068173	0.0135350867504	0.31491846089
-asu	0.46788704652	0.332530728548	0.0533609513496	0.146221273583
-430	0.0631578947368	0.0	0.0	0.936842105263
-320	0.0307298335467	0.277848911652	0.0	0.691421254801
-poe	0.0294943820225	0.970505617978	0.0	0.0
-foa	0.264043000452	0.58673265746	0.052366887523	0.0968574545648
-ike	0.299714508888	0.259642843939	0.126493320062	0.31414932711
-foe	0.432269717038	0.280553883203	0.0610074252458	0.226168974513
-ika	0.135722206965	0.40508862742	0.0402981598788	0.418891005736
-'ni	0.224712822998	0.287534810533	0.058200732819	0.42955163365
-iko	0.376509933415	0.349664660465	0.0798657434517	0.193959662668
-'ne	0.39343330389	0.168433544145	0.0309726148139	0.407160537152
-lai	0.139299317735	0.742078607007	0.056674061362	0.0619480138965
-iki	0.34304396946	0.299956719428	0.103638891762	0.253360419351
-'na	0.245952018544	0.178577633892	0.0372026131176	0.538267734447
-lau	0.3583868011	0.233730522456	0.343721356554	0.06416131989
-iku	0.272706338393	0.0964863464528	0.0270256439779	0.603781671176
-noa	0.323799792655	0.268224486427	0.0485716723843	0.359404048534
-noe	0.550114457963	0.151125743726	0.0280453523532	0.270714445957
-aha	0.45412311266	0.391405342625	0.0917537746806	0.0627177700348
-toe	0.452751079762	0.295384191576	0.0553537672527	0.196510961409
-efe	0.380000961451	0.274260983677	0.0482014357239	0.297536619147
-oli	0.207804507852	0.276990386469	0.342233932557	0.172971173122
-sae	0.404001068778	0.234714072441	0.0634603158357	0.297824542945
-olo	0.146373207608	0.780715869069	0.0263077944436	0.0466031288797
-ola	0.0603170548329	0.184665898768	0.243879380833	0.511137665566
-ole	0.221019086366	0.079048320216	0.0261924341904	0.673740159228
-loe	0.361415831135	0.28893909759	0.0905354873594	0.259109583916
-loa	0.3447490664	0.204845614355	0.0473631478277	0.403042171418
-hai	0.263500644314	0.358249023605	0.109449624034	0.268800708047
-ime	0.344243047247	0.303742307783	0.0526159573882	0.299398687581
-ipi	0.118731684002	0.717756903799	0.0285231769633	0.134988235235
-ipa	0.125971983782	0.240380520558	0.0175298104464	0.616117685214
-ipe	0.565901100983	0.222880660169	0.0552596678104	0.155958571038
-imi	0.122146575891	0.877853424109	0.0	0.0
-mai	0.110206114515	0.633063749269	0.104989133709	0.151741002507
-toa	0.309297360248	0.646205357143	0.0198951863354	0.0246020962733
-276	0.0	0.364485981309	0.0	0.635514018691
-0'a	0.571428571429	0.0	0.285714285714	0.142857142857
-eyo	0.421451463958	0.247795462365	0.139994930016	0.190758143662
-eya	0.0575676412706	0.0252992236655	0.00601122203136	0.911121913033
-200	0.00846895784767	0.640270933327	0.0383119521681	0.312948156657
-eye	0.38943597173	0.357074335833	0.18496838231	0.0685213101275
-leo	0.439633948791	0.277263685465	0.0639198553569	0.219182510388
-lea	0.257182257875	0.206682309645	0.0667526953571	0.469382737123
-'yo	0.594438756859	0.16017484401	0.12357017169	0.121816227441
-ifa	0.3744830242	0.332190086006	0.0951015077801	0.198225382014
-ife	0.129154985218	0.341652214965	0.0318438025236	0.497348997293
-'yi	0.593786095206	0.0613319342858	0.00292687486011	0.341955095648
-ifi	0.302004885592	0.331741998641	0.0738326384711	0.292420477296
-'ye	0.20595314811	0.559062934194	0.148767552421	0.0862163652756
-alu	0.187717666003	0.339376758877	0.0438808391802	0.42902473594
-'ya	0.230649041834	0.337571570345	0.0593556675397	0.372423720281
-alo	0.398912322076	0.15095079269	0.0370675051314	0.413069380103
-ifu	0.213808463252	0.772828507795	0.0133630289532	0.0
-ali	0.286647183476	0.305104729589	0.266906134005	0.141341952931
-'yu	0.0	1.0	0.0	0.0
-ale	0.155129609849	0.319666276326	0.158144114189	0.367059999635
-ala	0.0872329256534	0.186273558018	0.128881853047	0.597611663281
-uve	0.517700467498	0.258700919518	0.0330010411046	0.190597571879
-120	0.0346820809249	0.138728323699	0.0	0.826589595376
-uva	0.367786032689	0.318537890045	0.064190193165	0.249485884101
-uvo	0.438243837477	0.183823598177	0.00471342559428	0.373219138752
-uvi	0.107719928187	0.892280071813	0.0	0.0
-pea	0.0	0.810574521232	0.189425478768	0.0
-iyu	0.232283464567	0.661417322835	0.0590551181101	0.0472440944882
-peo	0.0891089108911	0.910891089109	0.0	0.0
-elu	0.232636100851	0.212391601092	0.37581299181	0.179159306247
-iyo	0.476744222079	0.15937940307	0.0581855613892	0.305690813462
-eli	0.0640371233181	0.784201199057	0.0323037715379	0.119457906087
-elo	0.337139423077	0.628155048077	0.0148737980769	0.0198317307692
-iye	0.400210638014	0.21920092181	0.0635153116757	0.3170731285
-6'a	0.0	0.0	0.037037037037	0.962962962963
-ela	0.0504814945045	0.796660730692	0.0642332951465	0.0886244796569
-iya	0.182183044918	0.190590195818	0.085114960994	0.54211179827
-ele	0.294493790015	0.368282387774	0.0635054652339	0.273718356977
-itu	0.119122257053	0.74921630094	0.112852664577	0.0188087774294
-esu	0.0876676392799	0.114767882733	0.646610269425	0.150954208561
-ito	0.305484568508	0.200511106743	0.156084136033	0.337920188716
-esi	0.216091433567	0.594900201445	0.0514308476158	0.137577517372
-eso	0.151319431629	0.590330319247	0.158700867319	0.0996493818047
-iti	0.16387731791	0.602936852858	0.046701786068	0.186484043164
-esa	0.216308442777	0.108050477918	0.0420619858034	0.633579093502
-ite	0.239234693854	0.38760881132	0.0320899113779	0.341066583448
-ese	0.387240736079	0.415285958692	0.0586360556321	0.138837249597
-ita	0.221042564145	0.345542321021	0.0357368588245	0.397678256009
-fae	0.202063878885	0.720001509629	0.0237766611314	0.0541579503548
-fai	0.310943793681	0.539322563136	0.0245006042555	0.125233038927
-o'a	0.163227134271	0.457465142425	0.0355074166187	0.343800306685
-'ke	0.221711193318	0.188181873911	0.0904476784073	0.499659254364
-'ka	0.241412396208	0.227681371896	0.0281741595827	0.502732072313
-'ko	0.0683609191119	0.131539073473	0.0655090813801	0.734590926035
-'ki	0.128181978286	0.519755778881	0.182405693574	0.169656549259
-'ku	0.211985574236	0.359132309188	0.0300086883875	0.398873428188
-koe	0.332160356311	0.233603703882	0.0399300764165	0.39430586339
-koa	0.470562047858	0.400890372844	0.0321368948247	0.0964106844742
-vae	0.316713111874	0.247785467482	0.0241901649857	0.411311255658
-soe	0.448992065718	0.193495977594	0.0429203857068	0.314591570982
-vai	0.23379548657	0.549985245475	0.0689359339323	0.147283334022
-soa	0.408056845953	0.227886402184	0.0416402032921	0.322416548572
-omu	0.0664227262919	0.622947977625	0.217277839357	0.0933514567261
-omo	0.403733651919	0.375277909853	0.0458104374936	0.175178000734
-lia	0.0282905606999	0.916530959145	0.0346143330916	0.0205641470634
-ome	0.123546511628	0.845930232558	0.00872093023256	0.0218023255814
-eho	0.0	1.0	0.0	0.0
-ehe	0.199158013868	0.0512289248167	0.000164923929253	0.749448137386
-pai	0.195871070235	0.555022544798	0.198176168708	0.0509302162587
-apa	0.250931873788	0.215184907994	0.0591843995636	0.474698818655
-pao	0.320137769057	0.458269072515	0.163653393323	0.0579397651047
-api	0.185167928927	0.344047784866	0.0937400871832	0.377044199024
-apo	0.00597758405978	0.156164383562	0.835367372354	0.0024906600249
-apu	0.296802580958	0.610557844355	0.0544704795371	0.0381690951501
-pau	0.308974291818	0.329371720976	0.0791604930931	0.282493494113
-kea	0.27769023477	0.491503035848	0.0436897028187	0.187117026563
-ini	0.10221733777	0.640672222731	0.101754332407	0.155356107092
-keo	0.461711553295	0.288590601239	0.0421217278786	0.207576117587
-nue	0.58904109589	0.041095890411	0.102739726027	0.267123287671
-i'a	0.126302646812	0.442953246818	0.0233733488001	0.407370757569
-i'e	0.589914945322	0.382746051033	0.0273390036452	0.0
-fea	0.115129379158	0.655050300495	0.0171048927425	0.212715427604
-feo	0.436829190942	0.162306180685	0.0121347801876	0.388729848185
-ovo	0.603002906038	0.262673555053	0.0221181788828	0.112205360026
-uku	0.412442949796	0.480662983425	0.0924813836176	0.0144126831612
-vea	0.252115110328	0.488567832872	0.06154878765	0.19776826915
-veo	0.466589576821	0.190579011307	0.0285498003225	0.314281611549
-ove	0.521924519052	0.300636146187	0.0801151868667	0.0973241478952
-'oe	0.388700564972	0.132768361582	0.0542372881356	0.424293785311
-afu	0.237864300975	0.482595489452	0.0205929197776	0.258947289795
-ova	0.15625	0.667763157895	0.0361842105263	0.139802631579
-afi	0.230093794886	0.429378228055	0.035590953325	0.304937023734
-uka	0.13789702939	0.40283482974	0.0847745624906	0.374493578379
-uke	0.379641550033	0.121776591668	0.0365019474662	0.462079910833
-afo	0.330985915493	0.612676056338	0.0281690140845	0.0281690140845
-afa	0.277964207955	0.23396349253	0.0923963836134	0.395675915902
-uki	0.349644721563	0.156131310912	0.0382553693856	0.45596859814
-uko	0.14598540146	0.616788321168	0.226277372263	0.0109489051095
-afe	0.092182867524	0.0654457584307	0.00595604772164	0.836415326324
-tiu	0.274390243902	0.634146341463	0.0731707317073	0.0182926829268
-'ve	0.431249080797	0.102662011188	0.00310486265068	0.462984045364
-efa	0.280044253601	0.477109904903	0.140201137446	0.102644704049
-'va	0.0031341412453	0.10029251985	0.896573338905	0.0
-'vo	0.310039370079	0.689960629921	0.0	0.0
-efi	0.245919286368	0.48527603637	0.0500513567804	0.218753320481
-efu	0.443193938471	0.154363996509	0.235860817531	0.166581247489
-tia	0.0385221502364	0.932148485379	0.00420241638942	0.0251269479951
-eme	0.440575021463	0.313531710485	0.102437082934	0.143456185118
-ema	0.195255740671	0.727949114463	0.0392145420594	0.0375806028069
-emo	0.169540865914	0.422837651615	0.0885410284736	0.319080453997
-emi	0.283887468031	0.703324808184	0.0	0.0127877237851
-260	0.080376940133	0.0388026607539	0.0186252771618	0.862195121951
-emu	0.0167786618296	0.957496805046	0.00333924228058	0.0223852908439
-pae	0.408935663276	0.351394471598	0.0778321972076	0.161837667918
-000	0.0850244608567	0.227804577704	0.0106474843059	0.676523477133
-eta	0.346069226272	0.277124120681	0.0993835881348	0.277423064912
-ete	0.192036535202	0.175177496713	0.0607960288541	0.57198993923
-eti	0.205412598653	0.475770810852	0.0465618488804	0.272254741615
-eto	0.370319825959	0.417666015502	0.0352475741544	0.176766584384
-'ae	0.112126820909	0.392843017041	0.0440273846356	0.451002777414
-atu	0.103567824473	0.508309189752	0.314420635437	0.0737023503369
-uya	0.137705080791	0.383417309936	0.37371242771	0.105165181563
-'ai	0.0314671639198	0.127360177414	0.00497244987402	0.836200208792
-300	0.535248041776	0.266318537859	0.0	0.198433420365
-'ao	0.479698923734	0.225005016133	0.0327697216524	0.26252633848
-'au	0.325301204819	0.66265060241	0.0120481927711	0.0
-ate	0.152127156776	0.308081931107	0.0796107713462	0.46018014077
-ata	0.129059156745	0.489122363231	0.14696357185	0.234854908174
-ato	0.365520829745	0.416206162561	0.0885943339762	0.129678673717
-uyu	0.240740740741	0.681481481482	0.0777777777777	0.0
-ati	0.220715404993	0.431379889851	0.0882848855551	0.259619819601
-ose	0.203811540498	0.759131815776	0.0370566437268	0.0
-kai	0.143370994162	0.611509933219	0.0414431517493	0.20367592087
-uli	0.32367418228	0.545570022229	0.0210384248968	0.109717370594
-kao	0.686495891723	0.197626608305	0.012343072334	0.103534427638
-oso	0.588235294118	0.340336134454	0.0	0.0714285714286
-ula	0.27397260274	0.72602739726	0.0	0.0
-osi	0.0636558466668	0.899331229958	0.00765784621556	0.0293550771596
-kae	0.30090022483	0.175938722311	0.0305367443151	0.492624308544
-ule	0.11009188944	0.32412883424	0.0266081242646	0.539171152056
-osu	0.0	1.0	0.0	0.0
-nia	0.0552094150225	0.902215299412	0.0342679127726	0.00830737279335
-nie	0.487568614788	0.434937035841	0.0387471746852	0.0387471746852
-nio	0.0709219858156	0.290780141844	0.395136778115	0.243161094225
-kau	0.277882205514	0.429197994988	0.208333333333	0.0845864661654
-ulu	0.419467511512	0.208226743805	0.134073228646	0.238232516038
-fia	0.0	1.0	0.0	0.0
-ile	0.242083638524	0.306556660002	0.0430765671162	0.408283134358
-ila	0.0363665111866	0.907502569373	0.0561309194402	0.0
-ilo	0.532368621477	0.382330540746	0.0548362528561	0.03046458492
-ili	0.173291458102	0.756293480514	0.0273213783304	0.0430936830538
-amu	0.144344943787	0.709383103574	0.0579859835944	0.0882859690445
-ami	0.173691596288	0.739958867272	0.0440018710596	0.0423476653806
-amo	0.104581786661	0.485457396113	0.0225747049505	0.387386112276
-ama	0.127668209905	0.591857340399	0.222756097596	0.0577183521005
-ame	0.369362659389	0.254885505555	0.0261064337312	0.349645401325
-usi	0.24015902912	0.0706947755499	0.223746229605	0.465399965725
-usa	0.243226409218	0.593273123637	0.112114606042	0.0513858611025
-use	0.259176979096	0.283571949357	0.116645377705	0.340605693842
-osa	0.219263056093	0.490446808511	0.0519516441006	0.238338491296
-eit	0.0408163265306	0.108843537415	0.850340136054	0.0
-usu	0.178403755869	0.797839244301	0.0118784999152	0.0118784999152
-epe	0.28626624517	0.509308043555	0.0885142255006	0.115911485774
-epa	0.263273857775	0.18133752569	0.136191540185	0.41919707635
-epi	0.311648287953	0.513736810107	0.0872499643401	0.0873649376004
-epu	0.0228983750764	0.762773374902	0.0453858229967	0.168942427025
-pia	0.0	0.926370854448	0.0736291455516	0.0
-'ea	0.183673469388	0.687074829932	0.047619047619	0.0816326530612
-'no	0.184365781711	0.599311701082	0.172074729597	0.0442477876106
-one	0.342327732785	0.401661477396	0.0399419895956	0.216068800224
-anu	0.733033576136	0.200791692796	0.0114842523674	0.054690478701
-ona	0.27403548712	0.426212020199	0.0508078095732	0.248944683107
-ono	0.0617323973927	0.771681202163	0.0458990498539	0.12068735059
-oni	0.106713893811	0.679038669071	0.0819644886028	0.132282948515
-450	0.387755102041	0.489795918367	0.0	0.122448979592
-ana	0.296591176775	0.272640860985	0.0430850808454	0.387682881395
-ane	0.385136161547	0.202576607551	0.0360000424631	0.376287188439
-ani	0.0466590752782	0.0582072669774	0.00512582136341	0.890007836381
-ank	0.0836513344007	0.0987829687858	0.0164558028674	0.801109893946
-ano	0.178081990937	0.131003251119	0.0546813382745	0.63623341967
-tao	0.453892555793	0.375233740168	0.0393283365927	0.131545367446
-tai	0.0	1.0	0.0	0.0
-tae	0.305258560604	0.426390187619	0.0958380716327	0.172513180143
-tau	0.405693950178	0.537366548043	0.0569395017794	0.0
-mia	0.0	1.0	0.0	0.0
-enu	0.0293159609121	0.970684039088	0.0	0.0
-eno	0.360694276332	0.16642092744	0.0553193130063	0.417565483222
-eni	0.159425041347	0.113590139143	0.0403800312485	0.686604788262
-ene	0.348263210007	0.222558486502	0.10405878277	0.32511952072
-ena	0.362742647839	0.371447739302	0.0729949899556	0.192814622903
