-i-1	0.0	1.0	0.0	0.0
-i-2	0.0	1.0	0.0	0.0
-iot	0.0837616986127	0.891251760784	0.0	0.0249865406031
-eus	0.0938666666667	0.880533333333	0.0	0.0256
-eum	0.0	1.0	0.0	0.0
-hem	0.0728384765082	0.869706236679	0.0268742470577	0.0305810397554
-lek	0.00994694960212	0.980106100796	0.00994694960211	0.0
-ive	0.0341619803437	0.965838019656	0.0	0.0
-kbo	0.0	1.0	0.0	0.0
-okä	0.107532677537	0.875488478642	0.0169788438216	0.0
-umo	0.582278481013	0.417721518987	0.0	0.0
-jip	0.103053435114	0.839694656489	0.00572519083968	0.0515267175572
-lem	0.0268119641568	0.964781789694	0.00132035279827	0.0070858933507
-reŋ	0.501347318202	0.301802602526	0.0737405953498	0.123109483922
-yek	0.446670276123	0.312849666125	0.0915899657102	0.148890092041
-obä	0.0755999358935	0.79746604697	0.0218267531451	0.105107263991
-aua	0.109803921569	0.854901960784	0.0117647058824	0.0235294117647
-mul	0.0	1.0	0.0	0.0
-aum	0.0	0.4	0.6	0.0
-aul	0.0	1.0	0.0	0.0
-put	0.427042207427	0.165162480468	0.0365802938962	0.371215018208
-naŋ	0.0467409295927	0.034719788717	0.00214486894814	0.916394412742
-hon	0.25	0.75	0.0	0.0
-utä	0.0737138820897	0.636629108982	0.00829036851004	0.281366640418
-pus	0.015873015873	0.960317460317	0.0238095238095	0.0
-nta	0.115221356391	0.137341467781	0.0337366351693	0.713700540658
-kia	0.0148643626904	0.901523597176	0.0780379041249	0.00557413600891
-uan	0.109489051095	0.649635036496	0.197080291971	0.043795620438
-uap	0.142904757937	0.742104824598	0.094992083993	0.0199983334722
-uas	0.0	1.0	0.0	0.0
-äsi	0.476307692308	0.357538461539	0.0443076923076	0.121846153846
-ŋit	0.535006991264	0.297495312392	0.0624327270525	0.105064969292
-pun	0.529784360381	0.282455968063	0.0477634252205	0.139996246336
--12	0.0	0.935897435897	0.0	0.0641025641025
-puk	0.666400524731	0.138767870754	0.0478521559724	0.146979448542
-arä	0.0888945819689	0.0676385612983	0.0235602868549	0.819906569878
-opi	0.195176437751	0.281978797154	0.221916667155	0.30092809794
-sma	0.0	1.0	0.0	0.0
-opa	0.0	0.984636871508	0.0125698324022	0.00279329608939
-imä	0.441548771407	0.494229337305	0.0437453462398	0.0204765450484
-msi	0.0	1.0	0.0	0.0
-dek	0.0914935707221	0.744477415101	0.0280250576986	0.136003956479
-7tä	0.222572178478	0.135958005249	0.0314960629921	0.609973753281
-den	0.220570184494	0.115650982527	0.180931288827	0.482847544153
-400	0.193460490463	0.125340599455	0.0108991825613	0.670299727521
-ima	0.28689751835	0.194718337991	0.0754467524746	0.442937391184
-beŋ	0.363083483336	0.403016375107	0.0352318204855	0.198668321071
-des	0.0616966580977	0.938303341902	0.0	0.0
-det	0.156946254995	0.271962537321	0.030668594831	0.540422612853
-kim	0.0	1.0	0.0	0.0
-950	0.0	0.0	0.0	1.0
-imi	0.17217716781	0.249740070701	0.0253690996049	0.552713661884
-äwa	0.312446777793	0.178885957641	0.0557220385911	0.452945225975
-oim	0.0	1.0	0.0	0.0
-yaŋ	0.295634644347	0.469976798939	0.0211444571316	0.213244099583
-psa	0.0	1.0	0.0	0.0
-kis	0.0378043120543	0.941310493228	0.0183536559639	0.00253153875364
-goŋ	0.366666666667	0.633333333333	0.0	0.0
-iop	0.0	1.0	0.0	0.0
-ide	0.201696003501	0.0415054787631	0.0195370977441	0.737261419992
-ida	0.102576335878	0.828721374046	0.0510496183206	0.0176526717557
-tkä	0.464089782506	0.278593110362	0.0398228856276	0.217494221504
-bia	0.0233236151603	0.97667638484	0.0	0.0
-bin	0.0487238979118	0.696055684455	0.0788863109049	0.176334106729
-bim	0.28	0.657142857143	0.0514285714286	0.0114285714285
-moŋ	0.408297680189	0.213991844628	0.0341631621678	0.343547313015
-bik	0.377300613497	0.466257668712	0.0920245398773	0.0644171779141
-100	0.0636604774536	0.0389036251105	0.0079575596817	0.889478337754
-uta	0.126689368186	0.506720241488	0.0449553081745	0.321635082152
-tet	0.275952317664	0.54131992012	0.105438212662	0.0772895495533
-ria	0.0135517268902	0.914100181298	0.011972497463	0.060375594349
-rin	0.117713399591	0.871713540565	0.00422922393741	0.00634383590611
-ril	0.0	0.787401574803	0.212598425197	0.0
-rim	0.0530973451327	0.946902654867	0.0	0.0
-rik	0.16823922358	0.400872684743	0.276368911731	0.154519179946
-tea	0.0267558528428	0.915273132664	0.0	0.0579710144927
-rit	0.17920283825	0.634499748464	0.0346504795254	0.151646933761
-ris	0.133853876185	0.859453430006	0.0	0.00669269380926
-rip	0.271356320248	0.529990830608	0.0903675253601	0.108285323783
-utu	0.0515786354928	0.848699846189	0.00816781289327	0.0915537054247
-tek	0.266680884669	0.596032496084	0.0461221989571	0.0911644202904
-tel	0.0	1.0	0.0	0.0
-tem	0.376165524397	0.476749395796	0.00498340134515	0.142101678462
-ten	0.174418604651	0.825581395349	0.0	0.0
-jin	0.201626418613	0.464036036922	0.0687644996236	0.265573044841
-are	0.0783410138249	0.706678370273	0.00300289895245	0.21197771695
-pas	0.0757646618651	0.844261528388	0.0463006266954	0.0336731830511
-ara	0.165789099408	0.575761994517	0.170830811023	0.0876180950518
-mes	0.019313304721	0.954935622318	0.0257510729614	0.0
-bät	0.210478892693	0.678255599848	0.0699101861023	0.0413553213563
-wak	0.324597333984	0.319479881378	0.118735938305	0.237186846333
-aro	0.551614241998	0.238546926761	0.0278459112547	0.181992919986
-iwa	0.325143460954	0.529952981541	0.0598754750738	0.0850280824307
-pau	0.0	1.0	0.0	0.0
-luk	0.0213523131673	0.978647686833	0.0	0.0
-mea	0.374233128834	0.233128834356	0.282208588957	0.110429447853
-lun	0.0	1.0	0.0	0.0
-opä	0.256	0.744	0.0	0.0
-mel	0.0612244897959	0.938775510204	0.0	0.0
-jit	0.156705976414	0.843294023586	0.0	0.0
-men	0.12294737314	0.674589677537	0.0512829222097	0.151180027113
-mek	0.267693665133	0.136363745703	0.0290652458717	0.566877343292
-aye	0.0806447843784	0.624978255037	0.0460249825251	0.248351978059
-5ta	0.708108108108	0.291891891892	0.0	0.0
-ayä	0.628135223555	0.332606324973	0.0	0.0392584514722
-rai	0.0837988826815	0.871508379888	0.0111731843575	0.0335195530726
-wat	0.313632530821	0.280834908549	0.0509458404473	0.354586720183
-ebo	0.0	1.0	0.0	0.0
-num	0.0195435578643	0.867126515087	0.0700275341338	0.0433023929149
-ewä	0.372843798151	0.237563969499	0.065964935554	0.323627296795
-wun	0.625737318128	0.249410145497	0.0285096342902	0.0963429020841
-gon	0.0	1.0	0.0	0.0
-sra	0.0	1.0	0.0	0.0
-lap	0.0	1.0	0.0	0.0
-ubo	0.226207586078	0.694119852528	0.0178091607824	0.0618634006124
-uba	0.345149253731	0.221393034826	0.0242537313433	0.4092039801
-ŋna	0.248877120064	0.669672186096	0.0241335389154	0.0573171549239
-umu	0.166962699822	0.231518343848	0.176548049244	0.424970907086
-ota	0.194293956237	0.747440723282	0.0209755153732	0.037289805108
-ŋut	0.539098235679	0.223480723154	0.123066869963	0.114354171205
-ija	0.0141670737665	0.978505129458	0.0	0.00732779677577
-oti	0.198849582416	0.515844916726	0.0192059596675	0.266099541191
-iji	0.0	0.0999999999999	0.0	0.9
-ume	0.305151443736	0.549564652272	0.00938231293055	0.135901591061
-962	0.0	1.0	0.0	0.0
-tka	0.24111325772	0.627732648889	0.017381915853	0.113772177537
-uma	0.0	1.0	0.0	0.0
-ŋun	0.75	0.142857142857	0.107142857143	0.0
-ŋum	0.177684082281	0.32844060167	0.281239368849	0.2126359472
-365	0.0	1.0	0.0	0.0
-umi	0.228031145718	0.546854529724	0.043060190335	0.182054134223
-ako	0.383700633887	0.317984627477	0.0678800004083	0.230434738228
-nak	0.240425014646	0.590478571588	0.0399355154634	0.129160898303
ALL	0.219341926165	0.260590048623	0.0481352910258	0.471932734186
-nai	0.0441367373432	0.93898745132	0.00129813933362	0.0155776720035
-nan	0.0370525394104	0.901632369447	0.010155140431	0.0511599507118
-aki	0.119870423658	0.43188070778	0.22803512014	0.220213748422
-nam	0.254779705907	0.174635142219	0.00965597152867	0.560929180346
-sis	0.0	1.0	0.0	0.0
-sip	0.00997531879885	0.950925545043	0.031386260798	0.00771287535993
-kin	0.0	1.0	0.0	0.0
-aka	0.111712457538	0.334443241066	0.00985791921224	0.543986382184
-sit	0.095962420311	0.904037579689	0.0	0.0
-sik	0.194010071561	0.574344023324	0.20355155049	0.028094354625
-sin	0.0894522841425	0.902654867257	0.00789284860081	0.0
-sim	0.125	0.75	0.0	0.125
-nas	0.0327817670933	0.887605369966	0.00936621916952	0.0702466437714
-sia	0.00983882451938	0.978768852353	0.00699074373746	0.00440157939025
-nat	0.440898345154	0.488179669031	0.0224586288416	0.048463356974
-puŋ	0.493348154649	0.336527230135	0.044383280523	0.125741334693
-wuk	0.509484370826	0.351322468608	0.123163238044	0.016029922522
-ägo	0.180373831776	0.629439252337	0.118224299065	0.0719626168224
-gok	0.0192307692308	0.961538461538	0.0192307692308	0.0
-mos	0.0	0.973614775726	0.0263852242744	0.0
-gol	0.0540918629051	0.867568197715	0.0783399393798	0.0
-5tä	0.0	0.029702970297	0.970297029703	0.0
-mop	0.0150033715442	0.847756050049	0.123061362104	0.0141792163033
-haf	0.0	1.0	0.0	0.0
-äga	0.174314028291	0.13410902014	0.231778264719	0.459798686849
-127	0.0	0.0	0.0	1.0
-mon	0.145398395159	0.763384022227	0.0140253420439	0.0771922405708
-mom	0.0299914310197	0.88089117395	0.0685518423307	0.0205655526992
-ägu	0.0706965796975	0.836250063031	0.0150687321812	0.0779846250902
-mok	0.279483008344	0.59646002082	0.0188582365624	0.105198734273
-biŋ	0.122340425532	0.537234042553	0.25	0.0904255319149
-wut	0.421379711346	0.185214696995	0.0416543729323	0.351751218727
-yat	0.14481130429	0.0941098717895	0.013090817634	0.747988006287
-1tä	0.25	0.0	0.5	0.25
-lka	0.0	1.0	0.0	0.0
-yap	0.173204503668	0.142123320128	0.538767367364	0.145904808841
-deŋ	0.290846926135	0.48470746554	0.0444003365411	0.180045271784
-mfa	0.0	1.0	0.0	0.0
-bet	0.279212379572	0.651906383629	0.0228620807362	0.0460191560626
-600	0.0	0.0416666666666	0.25	0.708333333334
-bek	0.47230007794	0.400035892504	0.0337888609185	0.0938751686375
-ben	0.357750449618	0.462013318427	0.0514266271326	0.128809604822
-beo	0.0735294117647	0.926470588235	0.0	0.0
-bel	0.101168969182	0.887608926674	0.0112221041446	0.0
-ofi	0.0	1.0	0.0	0.0
-yam	0.78417266187	0.021582733813	0.194244604317	0.0
-yan	0.231108523298	0.109911145852	0.0123669979421	0.646613332908
-ubä	0.0727333040115	0.0602015169437	0.0258274492796	0.841237729765
-iak	0.736842105263	0.263157894737	0.0	0.0
-yak	0.71475359689	0.0608403758723	0.00514703061383	0.219258996624
-iso	0.00518806744487	0.987029831388	0.00259403372244	0.00518806744487
-rek	0.409497436753	0.307556531991	0.0681861780465	0.214759853209
-ebe	0.0200549483391	0.424835759723	0.0188218407101	0.536287451228
-otä	0.130142194579	0.708255066289	0.0645824481407	0.0970202909915
-jiŋ	0.315267023129	0.498903445645	0.0679791735632	0.117850357662
-rel	0.0261481342367	0.930909695035	0.0116655350255	0.0312766357031
-rem	0.0224719101123	0.539325842697	0.14606741573	0.292134831461
-rat	0.401619148187	0.359028511088	0.0580781414995	0.181274199226
-isa	0.0385733317186	0.94132251423	0.00738767106697	0.0127164829841
-ŋin	0.213591472018	0.367142185296	0.0112870355855	0.407979307101
-umä	0.0	1.0	0.0	0.0
-upe	0.127635368152	0.841255732926	0.0129768549792	0.0181320439436
-eva	0.193548387097	0.73732718894	0.0138248847926	0.0552995391705
-res	0.0889370932755	0.826464208243	0.058568329718	0.0260303687635
-rep	0.278817139409	0.721182860591	0.0	0.0
-meŋ	0.24380952381	0.380952380952	0.257142857143	0.118095238095
-upi	0.0649550618293	0.548847662903	0.149615444347	0.23658183092
-jut	0.0192307692308	0.923076923077	0.0576923076923	0.0
-969	0.0	0.0	0.0	1.0
-oas	0.024	0.96	0.0	0.016
-mas	0.0621412957156	0.890126984387	0.0103568826193	0.0373748372783
-akä	0.193298969072	0.455730745907	0.17131594906	0.179654335961
-ham	0.0774857225215	0.825387788927	0.054746248221	0.0423802403301
-han	0.130293271602	0.121196541725	0.120907065223	0.627603121451
-hap	0.0917444124524	0.0248813139476	0.188635880964	0.694738392636
-mak	0.321177470459	0.417956413305	0.137520080201	0.123346036035
-has	0.0	1.0	0.0	0.0
-mam	0.0706713780919	0.717314487632	0.0353356890459	0.17667844523
-man	0.136064181551	0.167751568513	0.0154495084904	0.680734741446
-juk	0.577697542008	0.400638800167	0.0	0.0216636578253
-teŋ	0.46127946128	0.397306397306	0.121212121212	0.020202020202
-rät	0.429611650485	0.32730214769	0.0901000294204	0.152986172404
-ptu	0.0	1.0	0.0	0.0
-uno	0.551265649465	0.251916799357	0.0593403204426	0.137477230735
-räp	0.237915699162	0.232508166398	0.0846314298083	0.444944704632
-ekä	0.0697674418605	0.674418604651	0.220930232558	0.0348837209302
-une	0.442970822281	0.0895225464191	0.0139257294429	0.453580901857
-una	0.323963743762	0.195539260617	0.0362562379061	0.444240757715
-782	0.0	0.0	0.0	1.0
-nka	0.254101362668	0.579096725032	0.0444447498032	0.122357162497
-pta	0.170023214377	0.61883760636	0.112187315367	0.0989518638959
-räm	0.297176019122	0.454669941085	0.207114480282	0.0410395595115
-unu	0.163676706168	0.285911863328	0.198541337075	0.35187009343
-rän	0.376140940146	0.150674274704	0.0397988652653	0.433385919885
-doŋ	0.565807327001	0.383989145183	0.0502035278154	0.0
-räk	0.453230145586	0.390421149423	0.0623785052086	0.0939701997819
-sva	0.0	1.0	0.0	0.0
-tra	0.0119680851064	0.985372340426	0.0	0.00265957446808
-500	0.0325443786982	0.0266272189349	0.0177514792899	0.923076923077
-ada	0.0	1.0	0.0	0.0
-wäp	0.32773328473	0.383086865947	0.0996555117875	0.189524337535
-tro	0.25	0.75	0.0	0.0
-äpä	0.379836157902	0.388388340858	0.0255352038925	0.206240297348
-wät	0.34139626352	0.467256637168	0.124090462144	0.0672566371682
-gai	0.0	1.0	0.0	0.0
-adi	0.0	1.0	0.0	0.0
-147	0.0	0.0	0.0	1.0
-144	0.0343511450381	0.125954198473	0.0	0.839694656489
-noŋ	0.143527204503	0.56660412758	0.27861163227	0.0112570356473
-äip	0.0600385568714	0.359955935004	0.566786009364	0.0132194987607
-wäm	0.337423854507	0.517965922133	0.089520614461	0.0550896088991
-wän	0.430082071517	0.1840192068	0.0424769036361	0.343421818047
-ana	0.0929444070116	0.674298054952	0.0138782177705	0.218879320266
-uŋi	0.181818181818	0.497502497502	0.282717282717	0.037962037962
-uŋo	0.506176267315	0.177883379535	0.0463911449513	0.269549208199
-ltä	0.0576192222122	0.830697097009	0.00721150821619	0.104472172562
-kŋi	0.154318989798	0.329165001221	0.226463979476	0.290052029506
-ini	0.1405297612	0.237487449899	0.107903582889	0.514079206011
-sem	0.0	1.0	0.0	0.0
-sel	0.0237154150198	0.905138339921	0.0	0.0711462450591
-sek	0.0622222222221	0.937777777778	0.0	0.0
-lpa	0.0	1.0	0.0	0.0
-kŋo	0.108562510949	0.0661843116334	0.00993734692619	0.815315830491
-ino	0.617200674536	0.123102866779	0.0607082630692	0.198988195615
-kŋa	0.238833458236	0.0646065076729	0.0232661797912	0.6732938543
-ina	0.210874884456	0.458107546563	0.0813918062039	0.249625762777
-kän	0.2774049217	0.618568232662	0.104026845638	0.0
-äŋi	0.113417332953	0.72033837807	0.0863792118789	0.0798650770988
-sei	0.0	1.0	0.0	0.0
-äŋo	0.0303366893359	0.0206421735541	0.00582885700302	0.943192280107
-sea	0.0121457489879	0.975708502024	0.0	0.0121457489879
-owä	0.143115141708	0.11659196164	0.034825117435	0.705467779217
-kät	0.159981634627	0.380395686133	0.0513210550242	0.408301624216
-ohe	0.333333333333	0.666666666667	0.0	0.0
-800	0.0	0.0	0.0	1.0
-käp	0.452383186339	0.457856383311	0.00422218052168	0.085538249828
-fon	0.0	1.0	0.0	0.0
-iwä	0.347083222129	0.40555993163	0.0934828301478	0.153874016093
-kna	0.198556300449	0.528405947892	0.0470434251353	0.225994326524
-erä	0.507200078636	0.342962107436	0.0506831473927	0.0991546665357
-roŋ	0.401671592001	0.269866018819	0.0536649926573	0.274797396523
-105	0.0	0.25	0.0	0.75
-kut	0.431375273968	0.152096205502	0.0375053513888	0.379023169141
-kus	0.0420185810811	0.929898648649	0.0166807432432	0.011402027027
-4tä	0.030534351145	0.330788804071	0.503816793893	0.134860050891
-iam	0.0	1.0	0.0	0.0
-yät	0.336898395722	0.363636363636	0.0855614973262	0.213903743316
-edi	0.00253378378378	0.997466216216	0.0	0.0
-nes	0.0164835164835	0.901098901099	0.0494505494505	0.032967032967
-nep	0.13968896229	0.400431527893	0.0293318606584	0.430547649158
-182	0.0	0.0	0.0	1.0
-nen	0.265873015873	0.714285714286	0.0	0.0198412698412
-yäm	0.104963163172	0.194559483848	0.62840577183	0.07207158115
-äne	0.329667322007	0.150506177989	0.0419059284013	0.477920571603
-iap	0.465454545455	0.330909090909	0.0363636363636	0.167272727273
-ias	0.0270060920719	0.909728473632	0.0569849477673	0.00628048652835
-äni	0.0830100863354	0.632478009139	0.0337783129846	0.250733591541
-kun	0.0795512083254	0.462021515122	0.167261793522	0.291165483031
-kum	0.341636363636	0.241636363637	0.32	0.0967272727272
-mta	0.298382092216	0.243330941992	0.171813430192	0.286473535599
-kuk	0.558875884078	0.0808984019188	0.0160720039216	0.344153710082
-äno	0.425312391323	0.287992870762	0.0658697490077	0.220824988907
-nea	0.0	1.0	0.0	0.0
-ban	0.0893839669455	0.328467911052	0.140315179702	0.4418329423
-eka	0.135604542418	0.64065909597	0.0834558004899	0.140280561122
-bam	0.0628999768407	0.908899000485	0.00636797286197	0.0218330498125
-bak	0.448979591837	0.551020408163	0.0	0.0
-eke	0.0	0.75	0.25	0.0
-bai	0.714285714286	0.178571428571	0.0	0.107142857143
-unä	0.330931842902	0.355474428973	0.083675249572	0.229918478553
-efo	0.0	1.0	0.0	0.0
-eki	0.0831222797601	0.44298586639	0.217635876475	0.256255977375
-eko	0.459952664578	0.293741226632	0.081814268759	0.164491840031
-hos	0.0764864864865	0.883783783784	0.0210810810811	0.0186486486486
-jon	0.0175924643302	0.933197118715	0.0129173015653	0.03629311539
-ptä	0.12768485789	0.414121732486	0.341865208881	0.116328200743
-tde	0.523862276117	0.203574694612	0.144980334719	0.127582694552
-jok	0.0	1.0	0.0	0.0
-ren	0.438936304016	0.367476417213	0.0700763633097	0.123510915461
-mka	0.364154628647	0.482854621707	0.0164900209199	0.136500728726
-bas	0.0749159014456	0.880352759342	0.0278207109737	0.0169106282389
-bap	0.046511627907	0.839379844961	0.0843410852713	0.0297674418605
-dru	0.0	0.993439037726	0.0	0.00656096227444
-ase	0.0	1.0	0.0	0.0
-isi	0.0436615988429	0.915501565163	0.015576937441	0.025259898553
-asa	0.0829869445582	0.898571512207	0.0	0.0184415432352
-aso	0.0	1.0	0.0	0.0
-hit	0.0	1.0	0.0	0.0
-äpe	0.116196945896	0.796143756328	0.0110206285312	0.0766386692454
-yet	0.0670164156372	0.180910475546	0.625486545947	0.12658656287
-äpa	0.591441739969	0.232482829257	0.0253042535245	0.15077117725
-930	0.0	0.75	0.0	0.25
-mba	0.276821563074	0.126521211367	0.489588844969	0.107068380591
-näk	0.120962111925	0.0246882981727	0.00402833209728	0.850321257805
-näm	0.574666682031	0.334124615402	0.0160177001348	0.0751910024315
-yen	0.300583017271	0.50664514309	0.0578315518916	0.134940287747
-lta	0.102327253619	0.848076293725	0.0287622550714	0.0208341975838
-äŋä	0.455291913721	0.190028241638	0.0393782071901	0.315301637451
-bäm	0.181818181818	0.818181818182	0.0	0.0
-430	0.297297297297	0.027027027027	0.0	0.675675675676
-bän	0.479568747504	0.115000665513	0.0298149873553	0.375615599627
-inä	0.0645032368098	0.0540963430447	0.0212760229661	0.860124397179
-ras	0.0639442861665	0.818296929408	0.00759734093067	0.110161443495
-bäk	0.516977968251	0.263936453647	0.0311048863944	0.187980691708
-ran	0.191189091256	0.676742633737	0.112043482407	0.0200247926003
-eri	0.201789078884	0.563902474708	0.033973780759	0.200334665649
-ral	0.155172413793	0.844827586207	0.0	0.0
-ram	0.138937893475	0.786456371473	0.0220148070647	0.0525909279879
-rak	0.0279494998308	0.0426205368839	0.00480160050681	0.924628362779
-ero	0.125591523015	0.78636099526	0.0338384311065	0.054209050619
-era	0.433775480251	0.224402191375	0.113070692121	0.228751636252
-iwi	0.338323353293	0.571856287425	0.0	0.0898203592814
-gäk	0.0878497878077	0.04212276955	0.00229211551478	0.867735327127
-gäm	0.142139267767	0.829145728643	0.0287150035894	0.0
-gän	0.182045934399	0.168670199019	0.10730563101	0.541978235571
-lda	0.0	1.0	0.0	0.0
-pok	0.25	0.75	0.0	0.0
-änä	0.471373438346	0.145408508694	0.0459774208349	0.337240632126
-pol	0.0566528438564	0.834832527665	0.00930534413071	0.0992092843475
-pom	0.052594633671	0.902563726466	0.0122581118317	0.0325835280313
-gät	0.0331908097226	0.892608182075	0.0514083218261	0.022792686376
-mtä	0.0920584291758	0.835654938122	0.0390711956198	0.0332154370823
-ike	0.0	1.0	0.0	0.0
-119	0.0	0.0	0.0	1.0
-iäŋ	0.337762688053	0.589650529766	0.0409764092958	0.0316103728853
-ika	0.232926013489	0.534773385382	0.0376851037314	0.194615497398
-iko	0.146521458766	0.825535573547	0.0150462133697	0.0128967543168
-lam	0.0299500831947	0.966722129784	0.00332778702162	0.0
-nos	0.0252100840336	0.974789915966	0.0	0.0
-not	0.436725567977	0.185748287054	0.070566173819	0.30695997115
-lai	0.0	0.98	0.02	0.0
-iki	0.19502313848	0.637185291612	0.058180329786	0.109611240122
-lak	0.0769230769231	0.923076923077	0.0	0.0
-lat	0.136374214568	0.844077263207	0.0195485222248	0.0
-fos	0.0	1.0	0.0	0.0
-iks	0.0305283757339	0.899021526419	0.0234833659491	0.0469667318983
-nom	0.383794201078	0.511509062168	0.0342132045646	0.0704835321886
-non	0.132135306554	0.836152219873	0.0317124735729	0.0
-las	0.0573342781679	0.936867873478	0.0	0.00579784835406
-noa	0.0	1.0	0.0	0.0
-bok	0.0473094331943	0.0251514772322	0.034639317553	0.89289977202
-nna	0.186293399246	0.237578009258	0.0384193194292	0.537709272067
-ämi	0.302047069502	0.325862032206	0.111092836424	0.260998061868
-dot	0.3525	0.435	0.015	0.1975
-aho	0.0	1.0	0.0	0.0
-ämo	0.0782326972709	0.0293083787719	0.0111437604078	0.881315163549
-äma	0.0289642449938	0.282140548462	0.00325429875997	0.685640907784
-bon	0.0	1.0	0.0	0.0
-aha	0.409594095941	0.169741697417	0.0664206642066	0.354243542435
-awä	0.357303578163	0.335427167513	0.102850505663	0.204418748661
-bot	0.0539700984258	0.562122246201	0.0615337274244	0.322373927949
-bop	0.369033621742	0.266742433762	0.142343783658	0.221880160839
-ret	0.266806807995	0.453167704191	0.153125224502	0.126900263312
-ätä	0.0711678691816	0.255627660812	0.0078164738461	0.665387996161
-don	0.00489662676823	0.991838955386	0.0	0.00326441784549
-anä	0.330607622772	0.377385819721	0.0582999203355	0.233706637171
-180	0.0	0.0	0.0	1.0
-dom	0.0177179305457	0.976966690291	0.00354358610914	0.00177179305457
-dok	0.0646551724138	0.706896551724	0.202586206896	0.0258620689655
-räŋ	0.315410311104	0.174668974122	0.451966032117	0.0579546826579
-get	0.16689801255	0.73046345184	0.0813833627116	0.0212551728987
-äba	0.655837004405	0.121145374449	0.0	0.223017621145
-sat	0.0	1.0	0.0	0.0
-ton	0.227436640448	0.500067320798	0.0413397485322	0.231156290222
-403	0.0	0.111111111111	0.0	0.888888888889
-tom	0.0477469970353	0.794296209377	0.028598314145	0.129358479443
-äbi	0.639419588875	0.170253929867	0.0756952841596	0.114631197098
-fus	0.0	0.978761061947	0.0212389380531	0.0
-äbu	0.0966183574879	0.835748792271	0.0579710144927	0.00966183574878
-ges	0.0344827586207	0.948275862069	0.0172413793103	0.0
-dus	0.0361445783133	0.963855421687	0.0	0.0
-yäŋ	0.327195031877	0.133216614899	0.0299673155459	0.509621037678
-sak	0.00351339481774	0.992387644562	0.0040989606207	0.0
-ola	0.0	0.818181818182	0.181818181818	0.0
-kuŋ	0.45631014774	0.0942469124188	0.02648582369	0.422957116151
-iba	0.0640143751579	0.935985624842	0.0	0.0
-sam	0.114999381724	0.883516755286	0.00148386298999	0.0
-sal	0.0	1.0	0.0	0.0
-rot	0.0966147232671	0.854379365932	0.0279419666846	0.0210639441161
-2tä	0.015503875969	0.0697674418604	0.906976744186	0.0077519379845
-rop	0.26050700467	0.489993328886	0.172448298866	0.0770513675784
-iel	0.0331690674754	0.953563305534	0.0132676269901	0.0
-ros	0.0	1.0	0.0	0.0
-loe	0.0363636363636	0.963636363636	0.0	0.0
-187	0.0	0.0	0.0	1.0
-hur	0.0	1.0	0.0	0.0
-kka	0.176833498513	0.572447968285	0.0552279484639	0.195490584737
-uiŋ	0.0	0.825757575758	0.128787878788	0.0454545454545
-rom	0.301970762239	0.366190555301	0.132736127695	0.199102554765
-ron	0.199522362252	0.70045869234	0.0588439031809	0.0411750422269
-eyä	0.156134463763	0.601159631175	0.0173721955783	0.225333709483
-rok	0.254984696877	0.367816841157	0.123831717643	0.253366744323
-ipi	0.405046165267	0.327985714382	0.0768181726515	0.190149947699
-buŋ	0.588851095649	0.112837254392	0.0273942141972	0.270917435762
-ipa	0.0708927836159	0.888827225693	0.0241679944145	0.0161119962763
-mat	0.196232245795	0.77553931182	0.0160456409342	0.0121828014501
-ein	0.0	1.0	0.0	0.0
-yeŋ	0.190144464112	0.58573631017	0.0805116199394	0.143607605778
-ewa	0.430188271995	0.321362891093	0.0403288656498	0.208119971261
-ewi	0.449079124411	0.286788566827	0.0526638632039	0.211468445558
-awi	0.137844611529	0.645989974937	0.15037593985	0.0657894736841
-baŋ	0.0343135542905	0.900464499005	0.0448782872909	0.020343659414
-ätu	0.0959383778567	0.114244380676	0.116935968445	0.672881273022
-awa	0.37973420684	0.546576156766	0.0217614512623	0.0519281851324
-ämä	0.248621508943	0.602097996145	0.0842784776079	0.065002017304
-ahä	0.351648351648	0.230769230769	0.153846153846	0.263736263736
-äta	0.225724161801	0.177722825197	0.0646694111394	0.531883601863
-830	0.0	0.454545454545	0.0	0.545454545455
-hat	0.0	1.0	0.0	0.0
-rus	0.01817566042	0.952133664484	0.0174983066155	0.0121923684805
-äbä	0.546420170607	0.0745978064748	0.0176393625363	0.361342660381
-gäŋ	0.0478260869565	0.886956521739	0.0652173913043	0.0
-mäk	0.301101416144	0.48283116246	0.100346471447	0.115720949949
-276	0.0	0.261538461538	0.0	0.738461538462
-bit	0.567412818617	0.300055758749	0.0960548842945	0.0364765383397
-pka	0.134473855734	0.47865871022	0.0269099584248	0.359957475621
-sto	0.00802449472663	0.964526859429	0.00234816559354	0.0251004802512
-tim	0.0	1.0	0.0	0.0
-ibä	0.770503427086	0.160718506263	0.0177263058379	0.051051760813
--39	0.262773722628	0.350364963504	0.0	0.386861313869
-nap	0.219839142091	0.780160857909	0.0	0.0
-oli	0.0	0.960784313725	0.0392156862745	0.0
-udu	0.319413657049	0.152142905658	0.044136261755	0.484307175539
-bäŋ	0.203592964771	0.312889257241	0.0469619891916	0.436555788796
-eyi	0.494880546075	0.122866894198	0.163822525597	0.21843003413
-raŋ	0.284728526012	0.45227081494	0.0898730399532	0.173127619095
-200	0.0348432055749	0.599303135889	0.0326655052265	0.33318815331
-205	0.0	0.666666666667	0.0	0.333333333333
-207	0.0	1.0	0.0	0.0
-neŋ	0.441545144794	0.231771257837	0.0729475622629	0.253736035107
-iok	0.0715758468336	0.882179675994	0.000883652430045	0.0453608247423
-eme	0.0513596070916	0.900949329181	0.0476910637279	0.0
-oba	0.699421965318	0.196531791907	0.0462427745665	0.0578034682081
-ois	0.0	1.0	0.0	0.0
-ion	0.0382888206098	0.832663672891	0.0850862680218	0.0439612384779
-tät	0.422343324251	0.422343324251	0.0735694822888	0.0817438692098
-mum	0.0	1.0	0.0	0.0
-lea	0.013986013986	0.972027972028	0.013986013986	0.0
-mun	0.314071316163	0.421467777223	0.190093271408	0.0743676352052
-muk	0.0	1.0	0.0	0.0
-mut	0.494983228877	0.273982800456	0.0637407155616	0.167293255105
-mup	0.0922496658546	0.834347374218	0.0440417759565	0.029361183971
-mus	0.0610986547085	0.843049327354	0.00672645739911	0.0891255605381
-täk	0.326353448899	0.213592714876	0.0392534367725	0.420800399453
-wek	0.418125693222	0.222546927339	0.0621570121145	0.297170367324
-itä	0.133544175223	0.298764824115	0.0508721374194	0.516818863243
-les	0.0	1.0	0.0	0.0
-let	0.0	1.0	0.0	0.0
-tän	0.604617604618	0.271284271284	0.0	0.124098124098
-uni	0.173770720156	0.728954821934	0.0588522078284	0.0384222500813
-ifa	0.0743801652892	0.677685950413	0.198347107438	0.0495867768596
-wit	0.379842263976	0.437601484574	0.0575272558571	0.125028995593
-uwa	0.75	0.25	0.0	0.0
-btä	0.0	1.0	0.0	0.0
-jeŋ	0.227670944851	0.772329055149	0.0	0.0
-alu	0.0	1.0	0.0	0.0
-san	0.0	1.0	0.0	0.0
-ŋät	0.635656041512	0.183005930319	0.071071163825	0.110266864344
-ruŋ	0.199693333552	0.25714691069	0.393427952483	0.149731803275
-oŋi	0.151442132989	0.359728230901	0.247286141957	0.241543494154
-oki	0.317787866281	0.395652772046	0.0979501994772	0.188609162196
-ali	0.0	0.938557435441	0.0614425645592	0.0
-nde	0.0	0.921632653061	0.0195918367347	0.0587755102041
-ala	0.0	1.0	0.0	0.0
-lon	0.059665459562	0.740515606139	0.0428953267804	0.156923607519
-paŋ	0.207867260906	0.711295470963	0.0808372681303	0.0
-120	0.333333333333	0.0833333333335	0.0833333333335	0.5
-uva	0.0	1.0	0.0	0.0
-hät	0.0973389355742	0.647759103642	0.254901960784	0.0
-ŋeŋ	0.321691438703	0.172283963616	0.0778298201876	0.428194777493
-ŋkä	0.428181680392	0.272217450614	0.120244530895	0.179356338099
-yot	0.188998915126	0.650205048896	0.00338542267771	0.1574106133
-abä	0.387032685595	0.219004752942	0.0641851098258	0.329777451638
-hän	0.58714554539	0.225974952956	0.0863019920836	0.100577509571
-häm	0.122448979592	0.838367346939	0.00979591836734	0.029387755102
-mla	0.0	1.0	0.0	0.0
-häk	0.408442222892	0.330643582786	0.0599916250033	0.200922569319
-yon	0.405041785288	0.210258058591	0.0334052713748	0.351294884746
-iem	0.0	1.0	0.0	0.0
-duŋ	0.662068965517	0.31724137931	0.0	0.0206896551724
-waŋ	0.229106998759	0.512809723777	0.067777132593	0.190306144871
-ähä	0.301530884655	0.129211733193	0.0515165051722	0.51774087698
-tuä	0.284810126582	0.573575949367	0.0466772151899	0.0949367088607
-jäŋ	0.333333333333	0.5	0.0	0.166666666667
-wep	0.204954795179	0.247976227072	0.0400025223265	0.507066455422
-iyu	0.0127795527157	0.987220447284	0.0	0.0
-ian	0.396830742861	0.0999396427249	0.0469853041707	0.456244310243
-pen	0.286316854225	0.108785748102	0.0264560754812	0.578441322191
-peo	0.0	1.0	0.0	0.0
-pek	0.443510551052	0.1685284582	0.0550168503616	0.332944140386
-pet	0.270100114302	0.129628425046	0.044004340953	0.556267119698
-150	0.0459770114943	0.183908045977	0.0	0.770114942529
-153	0.0	0.0	0.0545454545455	0.945454545455
-eli	0.0196721311476	0.960655737705	0.00983606557376	0.00983606557376
-pes	0.0	0.917808219178	0.0821917808219	0.0
-iye	0.099129490997	0.647791315648	0.0450747384954	0.20800445486
-ela	0.0	1.0	0.0	0.0
-iya	0.0191082802548	0.904458598726	0.0764331210191	0.0
-pne	0.362885359538	0.32557773161	0.0868443595475	0.224692549305
-hul	0.0	1.0	0.0	0.0
-pna	0.178109349073	0.357339553441	0.0285361646821	0.436014932803
-esu	0.0286648709452	0.710543474887	0.00308738983738	0.25770426433
-ito	0.986767485822	0.0132325141777	0.0	0.0
-esi	0.0	1.0	0.0	0.0
-k20	0.0314536224036	0.863700969584	0.104845408012	0.0
-iti	0.744680851064	0.170212765957	0.0	0.0851063829787
-3tä	0.0734265734266	0.202797202797	0.723776223776	0.0
-esa	0.0	1.0	0.0	0.0
-aku	0.341961447225	0.0699252343894	0.0277801085507	0.560333209835
-ese	0.0	0.939393939394	0.0	0.060606060606
-ita	0.214875443184	0.143748364961	0.0353788824529	0.605997309402
-spa	0.0575342465753	0.860273972603	0.0821917808219	0.0
-apu	0.232727272727	0.218181818182	0.505454545454	0.0436363636364
-män	0.290758422301	0.202538250334	0.133632148386	0.37307117898
-bru	0.0	0.971653543307	0.0188976377953	0.00944881889764
-mäm	0.520547945206	0.356164383562	0.0958904109589	0.027397260274
-ute	0.2	0.75	0.05	0.0
-fan	0.0	0.96282527881	0.0371747211896	0.0
-666	0.0	0.0	0.0	1.0
-fas	0.0353079639074	0.936445664967	0.0	0.0282463711259
-uda	0.0638268029514	0.70700322337	0.123969107829	0.10520086585
-fat	0.0193112327004	0.9806887673	0.0	0.0
-ude	0.0451896710653	0.021108850211	0.00187510488811	0.931826373836
-udo	0.697777777778	0.266666666667	0.0177777777778	0.0177777777778
-mät	0.249868182084	0.33241549007	0.0515554514032	0.366160876443
-ŋki	0.116292901375	0.791029632999	0.00384844138124	0.0888290242452
-hum	0.0	1.0	0.0	0.0
-uom	0.256809338521	0.719844357977	0.023346303502	0.0
-ŋka	0.0991135319877	0.742390259532	0.0115347644986	0.146961443982
-bum	0.23753432577	0.396805896806	0.227814713109	0.137845064316
-dän	0.462767705212	0.28697049104	0.0113199970154	0.238941806732
-däm	0.275867139253	0.393435899023	0.100798650343	0.229898311381
-ntä	0.14058392984	0.415313280502	0.0401582570588	0.403944532599
-däp	0.101099527461	0.766727342931	0.0323606744259	0.0998124551823
-aba	0.135546071184	0.799862815334	0.0217209054188	0.0428702080634
-dät	0.588301697798	0.240460007886	0.0866089638878	0.0846293304275
-hut	0.45693754341	0.389672490249	0.087567452049	0.0658225142918
-däk	0.408586914393	0.196406443552	0.0640435252646	0.330963116791
-lot	0.00439624853458	0.941090269637	0.0228604923799	0.031652989449
-aiŋ	0.3	0.275862068966	0.424137931034	0.0
-iäk	0.582159624413	0.305164319249	0.0	0.112676056338
-äha	0.610169491525	0.227118644068	0.0813559322034	0.0813559322034
-kom	0.395604395604	0.353218210361	0.227629513344	0.0235478806907
-kol	0.0	1.0	0.0	0.0
-kon	0.482526396806	0.415494143397	0.0618130216225	0.040166438175
-maŋ	0.433552017163	0.131259933055	0.0396257219988	0.395562327783
-kok	0.287744227353	0.229129662522	0.440497335702	0.0426287744227
-los	0.0378732702113	0.871813546977	0.0240349599417	0.0662782228696
-kot	0.339967556195	0.203894528547	0.0632715039083	0.39286641135
-ori	0.15766542519	0.572633484819	0.139411624535	0.130289465455
-910	0.0	0.294117647059	0.0	0.705882352941
-kop	0.0154545454545	0.965681818182	0.00545454545454	0.0134090909091
-kos	0.0271985494107	0.96554850408	0.0	0.00725294650953
-kta	0.378677453255	0.243023192279	0.0710876833757	0.30721167109
-ora	0.0110192837466	0.900826446281	0.0881542699725	0.0
-van	0.0	1.0	0.0	0.0
-ogä	0.156424581006	0.810055865922	0.0335195530726	0.0
-ore	0.418604651163	0.395348837209	0.139534883721	0.046511627907
-tna	0.315254100104	0.376659728783	0.0643553050693	0.243730866044
-ehi	0.0	1.0	0.0	0.0
-gal	0.0	1.0	0.0	0.0
-tne	0.339747956403	0.194756172926	0.0778550661536	0.387640804517
-gak	0.290889308458	0.501104035329	0.098563154021	0.109443502192
-rup	0.212227687983	0.630358397751	0.0	0.157413914266
-pak	0.120429168306	0.613400916806	0.0902942801784	0.175875634709
-lip	0.0273465776562	0.930346658087	0.0381243464972	0.00418241775919
-rut	0.524129183161	0.270988205366	0.0651959223774	0.139686689096
-lis	0.0331369661267	0.867452135493	0.00552282768777	0.0938880706922
-lim	0.0	0.951219512195	0.0487804878049	0.0
-omi	0.185818275313	0.482726491827	0.0974737632209	0.233981469639
-ikä	0.280579497524	0.516963139556	0.14964239868	0.0528149642399
-run	0.597613671777	0.232384620804	0.0406198769941	0.129381830426
-rum	0.303981883616	0.570422309326	0.11558817303	0.0100076340285
-kek	0.170114831018	0.130335794529	0.0744476076107	0.625101766843
-lia	0.0	0.992327365729	0.0	0.00767263427109
-ome	0.0441359186024	0.520667746079	0.0112072256765	0.423989109642
-ioŋ	0.217624521073	0.782375478927	0.0	0.0
-eat	0.0714285714286	0.785714285714	0.142857142857	0.0
-137	0.0	0.0	0.0	1.0
-ŋku	0.322815311534	0.0197477631766	0.00133452560142	0.656102399688
-lne	0.0	1.0	0.0	0.0
-abi	0.673333333334	0.32	0.00666666666667	0.0
-oda	0.182632223153	0.763254525543	0.0338207820653	0.0202924692392
-wäk	0.331484899495	0.296828791962	0.124402553857	0.247283754686
-ode	0.109908247955	0.00721569426746	0.00165929887629	0.881216758902
-täŋ	0.16969949873	0.0800137897504	0.0225783370075	0.727708374513
-gas	0.0	1.0	0.0	0.0
-eam	0.0216620716818	0.926742812131	0.00236313509255	0.0492319810949
--tä	0.194055772193	0.72336730347	0.0	0.0825769243373
-uri	0.127751503245	0.330120027566	0.282989518247	0.259138950942
-140	0.0	0.625	0.0	0.375
-iut	0.0	1.0	0.0	0.0
-met	0.403221424784	0.205216600823	0.0509637984076	0.340598175985
-ura	0.502719457278	0.377741388385	0.0581320545062	0.0614070998304
-162	0.0	0.0	0.0	1.0
-ure	0.033025984912	0.165465213747	0.788935456832	0.0125733445097
-peŋ	0.408926596045	0.130752063684	0.026672749844	0.433648590427
-won	0.0	1.0	0.0	0.0
-ukä	0.152095956473	0.807097811302	0.0408062322246	0.0
-tai	0.176470588235	0.823529411765	0.0	0.0
-ehu	0.0	1.0	0.0	0.0
-uru	0.685279187817	0.246192893401	0.0380710659899	0.0304568527919
-jik	0.536345280162	0.203937405351	0.0762241292277	0.18349318526
-dup	0.0346202605388	0.126376281126	0.0644623879368	0.774541070398
-pai	0.0433284096504	0.93008370261	0.0	0.02658788774
-apa	0.0503144654088	0.786163522013	0.163522012579	0.0
-pam	0.529386343993	0.178910976664	0.125324114088	0.166378565255
-318	0.0	0.333333333333	0.666666666667	0.0
-ŋen	0.283582089552	0.519402985075	0.0537313432836	0.14328358209
-api	0.153755891809	0.015270439584	0.0028601010802	0.828113567526
-ŋek	0.204050307625	0.59855801276	0.128195723445	0.0691959561695
-näŋ	0.155760959554	0.766775033823	0.0624709730832	0.01499303354
-ave	0.0	1.0	0.0	0.0
-sop	0.0	0.92429022082	0.0757097791798	0.0
-häŋ	0.349610643613	0.0625556818912	0.0196853147201	0.568148359775
-sua	0.164516129032	0.835483870968	0.0	0.0
-ŋep	0.270491803279	0.669398907104	0.0546448087432	0.0054644808743
-wan	0.312430022051	0.25005536414	0.0253620902134	0.412152523595
-wam	0.224291658411	0.398256389935	0.341787200317	0.0356647513374
-duk	0.719549641761	0.21494370522	0.0655066530194	0.0
-pat	0.297383905624	0.165893971908	0.102926161228	0.43379596124
-dum	0.0831024930748	0.659279778393	0.257617728532	0.0
-nun	0.0	1.0	0.0	0.0
-mäŋ	0.190449646516	0.114447210561	0.0199024531395	0.675200689784
-lus	0.166469428008	0.805128205128	0.0189349112426	0.00946745562133
-tnä	0.391874180865	0.251638269987	0.26998689384	0.086500655308
-sen	0.117056856187	0.591973244147	0.0200668896321	0.270903010034
-ken	0.182163010686	0.311143554792	0.067767017044	0.438926417477
-kem	0.0373134328358	0.940298507463	0.0	0.0223880597015
-kel	0.358490566038	0.641509433962	0.0	0.0
-sus	0.0126366950182	0.973511543135	0.00364520048603	0.0102065613609
-ari	0.204906015088	0.271322745188	0.0861212127873	0.437650026937
-gaŋ	0.875920471281	0.101988217968	0.00883652430045	0.0132547864507
-ket	0.414154334542	0.142739512897	0.0679706812162	0.375135471345
-sos	0.0	0.905759162304	0.0	0.0942408376964
-nut	0.232744783307	0.488362760835	0.162520064206	0.116372391653
-905	0.0	0.0	0.0	1.0
-601	0.545454545455	0.272727272727	0.0	0.181818181818
-nus	0.018154311649	0.975037821483	0.00226928895613	0.00453857791227
-lel	0.0	1.0	0.0	0.0
-slu	0.0	1.0	0.0	0.0
-fet	0.0402046058361	0.925328791437	0.00644905248536	0.028017550242
-dia	0.0201542672307	0.968026872356	0.00510077133616	0.00671808907688
-sol	0.06738170347	0.857917981072	0.00302839116719	0.0716719242903
-lio	0.292307692308	0.661538461538	0.0153846153846	0.0307692307692
-dim	0.0983606557378	0.803278688525	0.0	0.0983606557376
-815	0.0	0.0	0.0	1.0
-äŋe	0.8	0.2	0.0	0.0
-dit	0.0	1.0	0.0	0.0
-irä	0.320302382003	0.171398457037	0.0474914116811	0.460807749279
-son	0.0622270742358	0.931222707424	0.0065502183406	0.0
-dis	0.0	1.0	0.0	0.0
-fel	0.0	1.0	0.0	0.0
-mit	0.259467463046	0.178884232188	0.255979120134	0.305669184631
-sli	0.0	1.0	0.0	0.0
-oro	0.0432235843285	0.883109378895	0.0303641431194	0.0433028936575
-ska	0.0	1.0	0.0	0.0
-awe	0.00818777292578	0.978438864629	0.00491266375548	0.00846069868994
-uku	0.428424163713	0.135421412561	0.0213511497256	0.414803274
-ven	0.133427628477	0.76897689769	0.015558698727	0.0820367751061
-nek	0.231189002665	0.177904338611	0.0540317627738	0.53687489595
-tuŋ	0.210526315789	0.789473684211	0.0	0.0
-urä	0.581091322471	0.32938613111	0.0227358848048	0.0667866616142
-koŋ	0.025	0.975	0.0	0.0
-ova	0.0148618399325	0.940919599281	0.00568786466552	0.0385306961213
-uka	0.481763745237	0.3385955362	0.0	0.179640718563
-ihu	0.0	1.0	0.0	0.0
-uki	0.204018547141	0.533230293663	0.250386398763	0.0123647604328
-uko	0.452622487171	0.195305756628	0.0471207202736	0.304951035927
-kla	0.0	1.0	0.0	0.0
-efe	0.0	1.0	0.0	0.0
-vai	0.0292307692308	0.947692307692	0.00692307692307	0.0161538461539
-efa	0.0	0.9	0.1	0.0
-kko	0.560975609756	0.40243902439	0.0	0.0365853658537
-tis	0.0202758849926	0.693867375769	0.285856739239	0.0
-däŋ	0.257592857418	0.0623919903648	0.0123621635095	0.667652988708
-soa	0.0555555555557	0.944444444444	0.0	0.0
-ede	0.285714285714	0.321428571429	0.0	0.392857142857
-woŋ	0.365008332819	0.420807357571	0.0777729769767	0.136411332634
-eta	0.241280090846	0.338778678546	0.0760417926098	0.343899437998
-aia	0.0435750636133	0.904792196777	0.00763358778626	0.0439991518236
-tia	0.0546875	0.9140625	0.03125	0.0
-reu	0.0	1.0	0.0	0.0
-ono	0.483870967742	0.516129032258	0.0	0.0
-aim	0.0	0.985981308411	0.0	0.0140186915888
-807	0.0	0.375	0.0	0.625
-ain	0.0259707025029	0.944042939339	0.0200258545743	0.00996050358408
-aik	0.396284829721	0.417956656347	0.185758513932	0.0
-oha	0.0	1.0	0.0	0.0
-aŋo	0.514595103578	0.358286252354	0.0254237288136	0.101694915254
-jat	0.0928159702399	0.82832728679	0.0175871530911	0.0612695898786
-ema	0.0	0.962382445141	0.0	0.0376175548589
-aŋi	0.25837764489	0.181159181928	0.242719075304	0.317744097879
-keŋ	0.332288401254	0.667711598746	0.0	0.0
-dap	0.0986157999362	0.688296726476	0.0474709389889	0.165616534599
-emi	0.223867819019	0.259862619766	0.0566111786944	0.45965838252
-aŋa	0.407030724323	0.270264644518	0.159086838449	0.163617792709
-260	0.0	0.0887573964497	0.0295857988166	0.881656804734
-ŋtä	0.305110602593	0.563043478261	0.0670099160946	0.0648360030511
-840	0.0	0.4	0.0	0.6
-äya	0.213080119931	0.680446384126	0.0152614904939	0.0912120054486
-ems	0.0130841810408	0.981571575999	0.00110570544007	0.00423853752027
