-eme	0.0274309836903	0.930142088447	0.0032489088904	0.0391780189725
-ema	0.434706179571	0.217438331438	0.0894578056831	0.258397683308
-uni	0.189523547363	0.650815539833	0.091837792624	0.0678231201804
-uwa	0.350418795066	0.372384869847	0.129041274088	0.148155060999
-lea	0.11910875504	0.0855553812439	0.00963472410671	0.785701139609
-emo	0.0	1.0	0.0	0.0
-lee	0.223272259724	0.179556412729	0.554484088717	0.04268723883
-aŋa	0.200694602596	0.529748348896	0.158107492598	0.11144955591
-260	0.0	0.139072847682	0.0397350993377	0.82119205298
-uwu	0.338461538461	0.138461538462	0.0	0.523076923077
-awe	0.352866349026	0.311430982707	0.0239459873572	0.31175668091
-unu	0.526841910404	0.438356164383	0.0107367641614	0.0240651610514
-666	0.19325762591	0.791057697204	0.0156846768855	0.0
-gae	0.826022282339	0.0471564680047	0.0131303937857	0.113690855871
-oya	0.373622189648	0.286641664604	0.195492013935	0.144244131813
-oyo	0.264689091841	0.265450826698	0.100964256815	0.368895824647
-alu	0.343607879133	0.119668391198	0.0226727983739	0.514050931295
-ndu	0.353641073158	0.548856505075	0.0256917828413	0.0718106389251
-gai	0.0649350649351	0.727272727273	0.181818181818	0.025974025974
-inu	0.347697623677	0.113253051624	0.0271843702082	0.51186495449
-ndi	0.114831230478	0.0782743083958	0.00805530099479	0.798839160131
-alo	0.273202030718	0.536784712315	0.0566646467356	0.133348610231
-oŋo	0.480883518225	0.503268621236	0.0	0.0158478605388
-ndo	0.284853919504	0.266595735052	0.0474790440792	0.401071301365
-ali	0.0424401797914	0.370286512439	0.00696883415488	0.580304473615
-nda	0.195563549454	0.404508326149	0.0311971498426	0.368730974555
-ale	0.461604801054	0.210427186941	0.0438416892936	0.284126322712
-nde	0.355645482975	0.362710083543	0.109653612221	0.171990821261
-ayo	0.405068815687	0.113845432848	0.0175300434507	0.463555708014
-ala	0.139328165437	0.0302391275749	0.00942983030441	0.821002876684
-ini	0.283638786053	0.421590386429	0.0597437347867	0.235027092731
-loo	0.0250128808868	0.882773520136	0.0314025938917	0.0608110050859
-uai	0.193384712487	0.248966191272	0.234453180255	0.323195915986
-ina	0.0944446625519	0.257316597053	0.031400196166	0.616838544229
-bia	0.161602918543	0.419825571453	0.334378384541	0.0841931254631
-sea	0.0487804878049	0.951219512195	0.0	0.0
-una	0.0905349794239	0.319958847737	0.404320987654	0.185185185185
-eta	0.250275562794	0.504175645214	0.110349244809	0.135199547183
-yoo	0.21003665992	0.507879221235	0.125370719487	0.156713399359
-pua	0.0978960951547	0.0572167399553	0.0200488446684	0.824838320221
-ete	0.234524356379	0.0878017054882	0.137448699603	0.54022523853
-upi	0.157798527059	0.532912712275	0.147815444685	0.161473315982
-eto	0.229622762453	0.640243880815	0.0120233633348	0.118109993397
-iae	0.0762267746545	0.171033825631	0.0	0.752739399714
-pee	0.145178817222	0.128637318587	0.00821037888483	0.717973485306
-kuu	0.508620689655	0.317528735632	0.139367816092	0.0344827586207
-atu	0.307000631218	0.0317537035026	0.0162174998403	0.645028165439
-pea	0.518366026356	0.0991546734785	0.02507291293	0.357406387236
-iyu	0.534255875614	0.211593899526	0.0379877044757	0.216162520384
-ŋaa	0.140625	0.859375	0.0	0.0
-bua	0.0928736964664	0.182262132121	0.525411848133	0.19945232328
-iai	0.426481047197	0.261190644551	0.132785359836	0.179542948416
-ank	0.124334798601	0.0865632008612	0.0155988158249	0.773503184713
-iŋi	0.0481984398157	0.870125199209	0.0226532124542	0.0590231485214
-elu	0.0228879507655	0.893189563094	0.0839224861401	0.0
-iau	0.160533734978	0.15201948294	0.0406220624828	0.646824719599
-uya	0.215405876344	0.724208375894	0.0447635642612	0.0156221835006
-iyo	0.390302571144	0.298765498908	0.0444339220607	0.266498007887
-opo	0.131790968588	0.805401726433	0.0327850448273	0.0300222601508
-opi	0.149965152953	0.291192938203	0.0678937286685	0.490948180175
-kua	0.278428669883	0.705031013094	0.00827015851137	0.00827015851136
-ata	0.271928770699	0.240237513077	0.0340353571258	0.453798359099
-ato	0.181879705682	0.140673256114	0.0136287018319	0.663818336372
-nee	0.120842794176	0.852303251562	0.018283543327	0.00857041093451
-iya	0.347442522551	0.489658043618	0.0315990270229	0.131300406809
-opa	0.212284458396	0.753063693761	0.0133553199202	0.0212965279231
-wee	0.163902439024	0.812682926829	0.0117073170732	0.0117073170732
-ele	0.370661089462	0.318417621146	0.10677807478	0.204143214612
-ose	0.043956043956	0.956043956044	0.0	0.0
-dea	0.484505363528	0.374851013111	0.0119189511323	0.128724672229
-eka	0.269340974212	0.489825427146	0.0191021967526	0.221731401889
-uli	0.387792538479	0.314231755375	0.0209440973599	0.277031608786
-imu	0.442447344259	0.213600066776	0.0383962605381	0.305556328427
-ulo	0.198982248099	0.0626403529274	0.124756723386	0.613620675588
-eke	0.304072964178	0.114614735099	0.0874634046171	0.493848896106
-kaa	0.0228571428571	0.449142857143	0.486857142857	0.0411428571428
-ula	0.346816881312	0.45905383523	0.0821442568149	0.111985026643
-eko	0.064949032782	0.0214564642825	0.00794477997098	0.905649722965
-100	0.264650755966	0.496188929152	0.106210171186	0.132950143696
-kae	0.489911130242	0.193086099924	0.0623789838456	0.254623785989
-ule	0.24689681924	0.65157098526	0.0559542280838	0.0455779674166
-ima	0.109246393849	0.0816897380345	0.0199376560226	0.789126212094
-ito	0.0886900800919	0.415017113064	0.00860624924918	0.487686557595
-oko	0.14945501486	0.0428152322052	0.0117609849614	0.795968767974
-nia	0.0724083544425	0.847536204177	0.069301725374	0.0107537160063
-eso	0.0	1.0	0.0	0.0
-iti	0.176182350113	0.716282391976	0.0480876724294	0.0594475854818
-imi	0.457029802559	0.286788023262	0.0390746900739	0.217107484106
-esa	0.0924860093257	0.742336103912	0.0117839651773	0.153393921585
-oka	0.466550013421	0.435801791802	0.0340136028781	0.0636345918989
-gua	0.421927776884	0.416243976581	0.0755383626879	0.0862898838478
-kau	0.281844802343	0.665446559297	0.0	0.0527086383602
-ulu	0.28954474059	0.45214269769	0.0405436673842	0.217768894336
-300	0.0202702702703	0.27027027027	0.141891891892	0.567567567568
-apu	0.474977171394	0.179809142815	0.0707352316476	0.274478454144
-mbu	0.475819360215	0.357349453127	0.100768864502	0.066062322157
-asa	0.0613390658503	0.662477294739	0.0212747613501	0.254908878061
-aso	0.0736842105263	0.926315789474	0.0	0.0
-asi	0.364238410596	0.41059602649	0.0927152317881	0.132450331126
-yei	0.626963350785	0.196335078534	0.176701570681	0.0
-mba	0.23265298794	0.0468597694195	0.0131361577429	0.707351084898
-asu	0.606407322654	0.347826086956	0.045766590389	0.0
-ate	0.266054713761	0.566034028029	0.0456896105911	0.122221647619
-mbe	0.393259323084	0.452206421659	0.0908303722112	0.0637038830458
-nyu	0.144077839456	0.622029564024	0.185242936444	0.0486496600761
-mbi	0.473586580841	0.206218093034	0.270190569807	0.0500047563179
-yee	0.316526610644	0.499533146592	0.183940242764	0.0
-mbo	0.259609344575	0.0483889766841	0.0136444745937	0.678357204147
-nju	0.253628230616	0.473260437376	0.143638170974	0.129473161034
-uta	0.102340855811	0.665104673101	0.130262974745	0.102291496343
-yua	0.184905660377	0.135849056604	0.0679245283019	0.611320754717
-uti	0.587455526225	0.314989096752	0.0619763571674	0.0355790198554
-uto	0.388326791148	0.185617350047	0.0822459079388	0.343809950866
-tea	0.636808921092	0.135379690035	0.0251164512609	0.202694937612
-iwa	0.412706377312	0.330055741575	0.165037520224	0.092200360889
--ko	0.398393628042	0.330390697761	0.0938068787143	0.177408795483
-tee	0.702888554025	0.15837171297	0.0453127321349	0.0934270008702
-nja	0.026226323458	0.943661971831	0.00534239922292	0.0247693054881
-ope	0.374768466795	0.347882039215	0.0431510027119	0.234198491279
-ilo	0.266547295628	0.419331933811	0.164238083477	0.149882687083
-yuu	0.0259090823871	0.559069791373	0.00657609636806	0.408445029872
-sia	0.19188381974	0.317919677765	0.077201319405	0.41299518309
-ili	0.134953065934	0.157246784733	0.0241116731213	0.683688476212
-tua	0.0281974341358	0.94365397255	0.0216527640881	0.00649582922644
-ngi	0.324519162338	0.326208516436	0.0493876440849	0.299884677141
-koa	0.369760943806	0.437752250854	0.173859049985	0.0186277553555
-eŋe	0.184237461617	0.733879222109	0.0204708290686	0.0614124872057
-oai	0.0934771443245	0.123266563944	0.040061633282	0.743194658449
-ani	0.109335432102	0.733742872882	0.0451890394778	0.111732655538
-koo	0.120463747606	0.344659870817	0.242854054016	0.29202232756
-amu	0.174963197808	0.774152390212	0.0132741944297	0.0376102175508
-luu	0.0714150084668	0.662765676168	0.0730527887313	0.192766526634
-jia	0.0614705274781	0.110641810632	0.015125050082	0.812762611808
-mee	0.180555772486	0.101221106331	0.0562098185912	0.662013302592
-lui	0.615384615385	0.283243887895	0.0119260584377	0.0894454382826
-soo	0.843333333333	0.138333333333	0.015	0.00333333333333
-mea	0.500961538462	0.2	0.194230769231	0.104807692308
-poo	0.520080321285	0.409638554217	0.0	0.070281124498
-amo	0.442088022264	0.335116724107	0.069096433512	0.153698820116
-ama	0.19747353515	0.0761158249507	0.0324418901813	0.693968749718
-lua	0.442112917467	0.2770737028	0.0476289409442	0.233184438789
-nea	0.469262295082	0.327868852459	0.0717213114754	0.131147540984
-ame	0.0876085604654	0.328569957066	0.0255114921502	0.558309990318
-000	0.200069152032	0.340096950613	0.0190737839417	0.440760113413
-lae	0.491244199282	0.381166272656	0.0476052885036	0.0799842395586
-usi	0.0700164635315	0.867166217959	0.0244643512248	0.0383529672848
-aya	0.308201208475	0.356422718314	0.0363044522451	0.299071620966
-laa	0.363852889667	0.121751313485	0.0623817863397	0.452014010508
-ika	0.282621871201	0.16478791066	0.0912214512377	0.461368766901
-mua	0.0643224699829	0.832761578045	0.0514579759862	0.0514579759863
-usa	0.131289353489	0.777792330319	0.0389972915673	0.0519210246246
-utu	0.132844862677	0.791382324067	0.043926442066	0.0318463711898
-lai	0.419997487978	0.317183462429	0.0838514711929	0.1789675784
-iko	0.373206885559	0.501122960559	0.0319500391225	0.0937201147593
-ayu	0.420354190726	0.371244274458	0.0790702255755	0.12933130924
-lau	0.723140495868	0.138547042477	0.0202100400592	0.118102421596
-ipu	0.730622039008	0.138731311143	0.0132898541808	0.117356795668
-omo	0.312408983046	0.43805668378	0.0654101614498	0.184124171724
-lii	0.409275834011	0.497965825875	0.0732302685109	0.0195280716029
-osa	0.0972575267845	0.637463071282	0.0555368873065	0.209742514627
-oma	0.459559504415	0.27359080696	0.0997149949309	0.167134693694
-lia	0.280576646149	0.512993367402	0.157161534647	0.0492684518016
-ome	0.548111573627	0.392552137421	0.0121412829402	0.0471950060116
-dee	0.153980509484	0.103519498182	0.0211822206606	0.721317771674
-epe	0.354657074034	0.371691706733	0.0631553262344	0.210495892998
-epa	0.39101502191	0.178519129095	0.0227352515314	0.407730597464
-epo	0.390362030972	0.0847140150144	0.0497879467968	0.475136007217
-gea	0.531879060069	0.380303151817	0.0573422086775	0.030475579437
-nai	0.0390377238817	0.826104684527	0.0483252287898	0.0865323628016
-144	0.0253611702368	0.10850957837	0.0	0.866129251393
-gee	0.870478087387	0.0386531846798	0.00531914504973	0.0855495828831
-epi	0.17651870196	0.630242007238	0.109905802816	0.0833334879858
-kao	0.235	0.5425	0.165	0.0575
-eae	0.642820203413	0.277538355456	0.0	0.0796414411308
-eai	0.357729222185	0.11504067065	0.0208700988214	0.506360008344
-doo	0.308219178082	0.630136986301	0.0205479452055	0.041095890411
-api	0.165681443182	0.362898277399	0.0430985869308	0.428321692488
-wua	0.427908872263	0.184095851264	0.032010510923	0.355984765549
-eao	0.663941752229	0.194144703856	0.0328079698297	0.109105574085
-umu	0.0990099572514	0.679250697371	0.141334668316	0.0804046770612
-ota	0.0998638220609	0.867453472537	0.0163413527009	0.0163413527009
-itu	0.767879288962	0.202769739562	0.0	0.0293509714758
-gii	0.368127782044	0.258631919809	0.0400577915579	0.333182506589
-osi	0.46194824962	0.233637747336	0.0684931506849	0.235920852359
-oto	0.291667200952	0.118419240155	0.0116077217731	0.578305837119
-oli	0.0330491538667	0.844100688848	0.0557306659596	0.0671194913253
-bea	0.0	0.801339285714	0.198660714286	0.0
-uma	0.283140914553	0.394102746798	0.199609325468	0.123147013182
-otu	0.139360265971	0.809561071119	0.0189104154909	0.0321682474194
-olo	0.168887769561	0.679047890722	0.0308765103032	0.121187829414
-ola	0.474157576488	0.162797397503	0.0449215588363	0.318123467173
-sai	0.0094032488563	0.979941990749	0.00164895101347	0.00900580938126
-baa	0.366197183099	0.0492957746479	0.0704225352112	0.514084507042
-umi	0.178779736549	0.709810603578	0.0340782489023	0.0773314109706
-ole	0.0854885938135	0.733807365954	0.0556732855684	0.125030754664
-oti	0.0591741048617	0.831798905644	0.00793395819377	0.101093031301
-ako	0.231246910289	0.271133030896	0.199187627188	0.298432431627
-pai	0.189244842953	0.464053011707	0.0433900597318	0.303312085607
ALL	0.210452199027	0.236699734388	0.0437657308198	0.509082335765
-apa	0.420579452269	0.395128328436	0.0399946006396	0.144297618655
-aki	0.0907238414715	0.176227152396	0.0289413367049	0.704107669428
-ape	0.361985164874	0.323649464127	0.0538505159951	0.260514855005
-ake	0.482734993377	0.329846645309	0.100819480537	0.0865988807766
-naa	0.810145330001	0.0877996852727	0.0120336943442	0.0900212903822
-esi	0.0129013761468	0.918291284404	0.0688073394495	0.0
-aka	0.217528569733	0.267630114249	0.0735668800309	0.441274435986
-nae	0.522522522523	0.297297297297	0.0540540540541	0.126126126126
--ya	0.511743592543	0.357991920736	0.0792573081857	0.0510071785354
-wae	0.443973513929	0.341272115718	0.0646163592211	0.150138011131
-ene	0.2014023527	0.376144574174	0.158485262406	0.263967810721
-waa	0.413504362941	0.346285229995	0.0381379018101	0.202072505254
-apo	0.11080991742	0.109539649257	0.0690312922568	0.710619141066
-mae	0.270194399607	0.280300371956	0.0368446908555	0.412660537582
-oki	0.040404040404	0.484848484848	0.474747474748	0.0
-aku	0.127602681819	0.683156052771	0.157881284285	0.031359981125
-oae	0.581151832461	0.282722513089	0.13612565445	0.0
-wai	0.265075656431	0.299009790832	0.278482421006	0.157432131731
-owi	0.571428571428	0.428571428572	0.0	0.0
-kee	0.214756616726	0.521549226746	0.144551287472	0.119142869056
-ipi	0.256014062639	0.554272042177	0.0242812480903	0.165432647093
-kea	0.102651983369	0.897348016631	0.0	0.0
-pia	0.306655175849	0.113555935877	0.0288296936288	0.550959194645
-owa	0.0869657227858	0.148565399227	0.0786136350661	0.685855242921
-suu	0.379761904762	0.620238095238	0.0	0.0
-ipa	0.366011546007	0.238008415904	0.0261897998904	0.369790238199
-ipe	0.448409560816	0.237302167969	0.0484647074836	0.265823563732
-uku	0.206616393932	0.475169955539	0.262716029535	0.0554976209938
-oke	0.355540214014	0.540904383845	0.0931998619262	0.010355540214
--la	0.126777860428	0.799237910159	0.0352728885374	0.038711340876
-ewa	0.4281748651	0.274992561756	0.0790441533863	0.217788419758
-aga	0.674603174603	0.0396825396825	0.15873015873	0.126984126984
-nuu	0.0580841275058	0.817121261913	0.114442983897	0.0103516266842
-sua	0.200926462073	0.660104226983	0.0521134916039	0.0868558193399
-ote	0.188434756079	0.694640876089	0.00836552001039	0.108558847821
-yau	0.0242627846211	0.0802538260545	0.00959846424572	0.885884925079
-ami	0.120794049386	0.771767875543	0.0478788679306	0.05955920714
-awi	0.205735660848	0.678304239402	0.0523690773067	0.0635910224439
-one	0.0679866813539	0.156779589425	0.041440471317	0.733793257904
-une	0.141666666667	0.433333333333	0.191666666667	0.233333333333
-dia	0.244058596332	0.713072827865	0.0428685758029	0.0
-upa	0.122843031209	0.0565359745341	0.00965092916255	0.810970065094
-ona	0.0219551597737	0.0572669239116	0.00454994819317	0.916227968122
-ono	0.0585725368503	0.332079131109	0.569200930954	0.0401474010861
-awa	0.430313631535	0.323788093368	0.0837847458538	0.162113529243
-dii	0.694798274025	0.217195600211	0.0103475750458	0.0776585507186
-ila	0.0071309721892	0.969693368196	0.0106964582838	0.0124792013311
-oni	0.34056554675	0.0617591201917	0.00735449275722	0.590320840301
-yae	0.506190613303	0.348881850465	0.105576350897	0.0393511853345
-ana	0.102306611112	0.153570326241	0.0200923829461	0.7240306797
-yaa	0.416729102002	0.254201006101	0.0574761853795	0.271593706518
-imo	0.419729206963	0.353965183752	0.0754352030947	0.15087040619
-pii	0.28668288158	0.240460966411	0.00420528485825	0.468650867151
-ane	0.164011860681	0.224315223537	0.0524535871786	0.559219328604
-ita	0.140431830167	0.681856174273	0.0407211108557	0.136990884704
-yai	0.446189598065	0.158117128638	0.0331242292838	0.362569044013
-daa	0.418862790032	0.245273560584	0.0873675164709	0.248496132913
-tuu	0.265188894617	0.37337064585	0.322188673687	0.0392517858458
-iso	0.0193548387097	0.898387096774	0.0822580645161	0.0
-ano	0.361901715905	0.421964796083	0.00625886468436	0.209874623328
-iki	0.185126396047	0.245366024085	0.148582940412	0.420924639456
-upu	0.740157480315	0.133858267716	0.015748031496	0.110236220472
-tai	0.229733314722	0.354882677041	0.207434388376	0.207949619861
-isi	0.343949044586	0.627388535032	0.0286624203822	0.0
-taa	0.533483027341	0.198124422137	0.0808347642319	0.18755778629
-isa	0.0822595339521	0.845707899193	0.0342732212325	0.0377593456228
-eya	0.436421488472	0.13023845182	0.0336134539938	0.399726605714
-uka	0.82847112951	0.114489098493	0.0145205685893	0.0425192034077
-upe	0.407786841142	0.305447345199	0.194950821083	0.0918149925748
-200	0.064094827888	0.432863128854	0.0412305910391	0.461811452219
--oo	0.293268414199	0.599728245485	0.0	0.107003340316
-tau	0.605187319885	0.291066282421	0.0605187319885	0.043227665706
-ati	0.121829836303	0.669510205192	0.104341698274	0.104318260232
-yia	0.332516834468	0.452112408077	0.0723073832165	0.143063374238
-anu	0.109454908974	0.0304048124806	0.0099591507204	0.850181127825
-mia	0.394219038817	0.313544362292	0.0549098890943	0.237326709797
-poa	0.0736809789044	0.123503355116	0.0	0.80281566598
-ngu	0.0950071697552	0.10658520286	0.061261207206	0.737146420179
-puu	0.685975028278	0.135283761403	0.00592499946644	0.172816210853
-too	0.298615678012	0.454738701191	0.139692375276	0.106953245521
-guu	0.327123568621	0.368654930781	0.121346778328	0.18287472227
-soa	0.469043887147	0.185344827586	0.0	0.345611285266
-ena	0.0740534056384	0.267681769404	0.0373800153612	0.620884809596
-mau	0.113310580205	0.771331058021	0.0286689419795	0.0866894197952
-tii	0.212100690254	0.609586618157	0.163154377119	0.0151583144699
-mai	0.566316775706	0.157024330707	0.0442262694116	0.232432624176
-nga	0.264464317299	0.308439634439	0.0743202324127	0.352775815848
-eno	0.397098688549	0.543556304491	0.0307714850905	0.0285735218697
-tia	0.808080808081	0.151515151515	0.040404040404	0.0
-eyo	0.454016696353	0.111572225273	0.0239783954787	0.410432682895
-dau	0.036	0.964	0.0	0.0
-maa	0.667699380372	0.272836298221	0.0209874075555	0.0384769138517
-o-o	0.81862745098	0.0539215686274	0.0392156862745	0.0882352941176
-nge	0.21095890411	0.73541035277	0.0392047520912	0.0144259910292
-kii	0.0340355505229	0.797357664143	0.0119922353776	0.156614549957
-ngo	0.326085690075	0.356196617723	0.206697320176	0.111020372026
