-úbu	0.0	0.796610169491	0.203389830509	0.0
-úbi	0.626198083067	0.220447284345	0.038338658147	0.115015974441
-rbe	0.0102739726027	0.989726027397	0.0	0.0
-áwi	0.417910447761	0.34328358209	0.0149253731343	0.223880597015
-idí	0.388888600794	0.250458934442	0.0161145624825	0.344537902281
-áwo	0.195284274577	0.630728275338	0.0827153451226	0.0912721049629
-aut	0.515625	0.234375	0.25	0.0
-oya	0.0168539325843	0.932584269663	0.0505617977528	0.0
-tló	0.425	0.3	0.25	0.025
-áwa	0.0354339414041	0.596572692095	0.00978441127695	0.358208955224
-áwe	0.169491525424	0.0847457627119	0.64406779661	0.101694915254
-ufa	0.129032258064	0.352150537634	0.150537634409	0.368279569893
-tlí	0.235188509874	0.743267504488	0.0	0.0215439856373
-éfú	0.161764705882	0.455882352941	0.294117647059	0.0882352941177
-ufo	0.0	1.0	0.0	0.0
-ufi	0.291497975708	0.708502024292	0.0	0.0
-tí'	0.906401766004	0.0662251655629	0.00397350993378	0.0233995584989
-utá	0.583877995643	0.298474945534	0.0522875816993	0.0653594771242
-óts	0.571090047393	0.279620853081	0.0781990521327	0.0710900473933
-utú	0.24985931345	0.628587507034	0.0810354530107	0.0405177265054
-ára	0.0514285714286	0.948571428571	0.0	0.0
-qtá	0.170468187275	0.519447779112	0.0272509003602	0.282833133253
-tíq	0.189473684211	0.608421052632	0.202105263158	0.0
-tír	0.14781684831	0.682054972925	0.132120090479	0.0380080882857
-tís	0.69049993547	0.160358320329	0.0588576926236	0.0902840515775
-tít	0.543506215173	0.362194599229	0.0377196742392	0.0565795113588
-'in	0.45076994867	0.452169855343	0.0242650489967	0.0727951469902
-'ii	0.0449578088256	0.895282888366	0.0257296998202	0.034029602988
-tía	0.905511811024	0.0944881889763	0.0	0.0
-hék	0.875	0.075	0.0	0.05
-árh	0.550458715596	0.325688073395	0.110091743119	0.0137614678899
-hér	0.0939317131355	0.538429998509	0.140636648278	0.227001640078
-foo	0.0453757680794	0.883724594297	0.00378131400662	0.0671183236174
-ido	0.0871862615588	0.338537288339	0.197430046836	0.376846403267
-rpo	0.0	1.0	0.0	0.0
-idi	0.115226337449	0.80658436214	0.0781893004115	0.0
-tlw	0.488372093023	0.372093023256	0.0	0.139534883721
-ufú	0.117802382113	0.803662696479	0.0785349214084	0.0
-ida	0.0	1.0	0.0	0.0
-tli	0.66081871345	0.186577554999	0.0459482038429	0.106655527708
-tlh	0.452976704055	0.524374460742	0.0	0.0226488352027
-tlo	0.11942570287	0.795688380874	0.0535659402579	0.0313199759978
-éfu	0.232142857143	0.75	0.0	0.0178571428571
-tll	0.0482800241399	0.697042848521	0.182257091129	0.0724200362101
-tlb	0.214592274678	0.699570815451	0.0858369098713	0.0
-tla	0.262518968134	0.509104704097	0.110394537177	0.117981790592
-tlg	0.325242718447	0.495145631068	0.0922330097087	0.0873786407767
-tle	0.0136286201022	0.812606473595	0.146507666099	0.0272572402044
-uta	0.304288771412	0.57493379716	0.0592161192921	0.0615613121354
-ute	0.0678270231473	0.289574735331	0.605418984389	0.0371792571326
-uti	0.321116891564	0.522700469353	0.0623334287529	0.0938492103304
-uto	0.543039458263	0.303945826279	0.0787863002995	0.0742284151582
-utl	0.570048309179	0.335748792271	0.0652173913044	0.0289855072464
-hé'	0.513250126733	0.144460759464	0.0787607577162	0.263528356087
-pér	0.0589868213365	0.912897964755	0.00661534444895	0.0214998694591
-utu	0.0448153899241	0.885740165631	0.0310559006211	0.0383885438233
-qto	0.103769151236	0.328038349469	0.0490647617257	0.519127737569
-qti	0.180358829084	0.587346553352	0.0963172804533	0.135977337111
-'ií	0.273333333333	0.24	0.3	0.186666666667
-nun	0.32380008495	0.0967247156543	0.00991080277503	0.569564396621
-rá/	0.0565199838514	0.816310052483	0.127169963666	0.0
-rá'	0.410785443372	0.219237601421	0.201701954006	0.1682750012
-dáy	0.213483146067	0.76404494382	0.0	0.0224719101124
-dát	0.655649600882	0.0851964281758	0.022057924336	0.237096046606
-dáw	0.437228260869	0.154076086957	0.0671195652174	0.341576086957
-dár	0.14122333481	0.368126784267	0.0726654655062	0.417984415417
-dán	0.625984251969	0.232283464567	0.0236220472441	0.11811023622
-dáh	0.88686865377	0.0174079732613	0.000983038490053	0.0947403344789
-dáe	0.11320754717	0.830188679245	0.0424528301887	0.0141509433962
-hhí	0.229765013055	0.284595300261	0.0509138381201	0.434725848564
-ráy	0.238955997408	0.515799689462	0.14933618846	0.0959081246698
-ráw	0.330687830688	0.314814814815	0.232804232804	0.121693121693
-rát	0.212328767123	0.541095890411	0.133561643836	0.11301369863
-rár	0.172387706142	0.725321025379	0.0302566804658	0.072034588013
-rás	0.0966183574879	0.903381642512	0.0	0.0
-rán	0.772218564845	0.116524028966	0.0500329163924	0.0612244897959
-ráh	0.663932609178	0.232431833296	0.0437818665484	0.0598536909776
-tlá	0.339100346021	0.477508650519	0.18339100346	0.0
-dá/	0.130718954248	0.790849673203	0.0522875816994	0.0261437908496
-dá'	0.12264157091	0.32966062925	0.0302324483286	0.517465351511
-yór	0.0158802870667	0.941975874179	0.0109940448923	0.0311497938617
-yau	0.0289505428227	0.934861278649	0.0	0.0361881785284
-íhe	0.732394366197	0.211267605634	0.0422535211268	0.0140845070422
-émí	0.031746031746	0.968253968254	0.0	0.0
-yay	0.432989690722	0.443298969072	0.123711340206	0.0
-mfa	0.05	0.95	0.0	0.0
-íhh	0.318146111547	0.406912804399	0.040259230165	0.234681853888
-eét	0.755519083255	0.156006314843	0.015072482648	0.0734021192541
-yan	0.262910798122	0.535211267606	0.0	0.201877934272
-hhi	0.459609993455	0.207781269826	0.0525256751377	0.28008306158
-hha	0.252828968639	0.413676042677	0.17555771096	0.157937277724
-yóh	0.511109639392	0.339382098745	0.0382462995463	0.111261962317
-hhe	0.050424491896	0.108052482634	0.00771803447389	0.833804990996
-'és	0.377420026369	0.122545277913	0.0507945319547	0.449240163764
-'ér	0.204185161699	0.765377298668	0.0228281547241	0.00760938490806
-atá	0.554414784394	0.264887063655	0.180698151951	0.0
-'én	0.825	0.117857142857	0.0357142857143	0.0214285714286
-ya'	0.400311125349	0.410806874155	0.115526326758	0.0733556737388
-se/	0.0792025862069	0.667025862069	0.227909482759	0.0258620689655
-érí	0.272834978843	0.518928067701	0.0380818053597	0.170155148096
-se'	0.360217972051	0.456227316751	0.129913151761	0.0536415594368
-ado	0.215415019763	0.717391304348	0.0	0.0671936758893
-adi	0.0	1.0	0.0	0.0
-adu	0.129520120477	0.682697066038	0.128220647031	0.0595621664536
-quú	0.332633053221	0.500300120048	0.104041616647	0.0630252100841
-a/í	0.37	0.465	0.15	0.015
-sen	0.684647302905	0.199170124481	0.0165975103734	0.0995850622407
-erú	0.105263157895	0.578947368421	0.315789473684	0.0
-sel	0.411764705882	0.588235294118	0.0	0.0
-óke	0.206455072561	0.56094781647	0.0804370412575	0.152160069712
-sej	0.0552995391705	0.917050691244	0.0	0.0276497695853
-ywi	0.236087689713	0.72849915683	0.0	0.035413153457
-eró	0.247335061942	0.136127917027	0.034212042639	0.582324978392
-ywo	0.15106555539	0.455266019668	0.262918454571	0.130749970371
-seb	0.0689655172414	0.793103448276	0.0	0.137931034483
-oha	0.51832635363	0.151688099915	0.0747137086314	0.255271837824
-erá	0.0573574771191	0.332609760161	0.0171133468961	0.592919415824
-seu	0.0401337792642	0.939799331104	0.0200668896321	0.0
-lak	0.601941747573	0.116504854369	0.0511915269196	0.230361871138
-ohi	0.496925184343	0.392711763963	0.0209845239136	0.0893785277802
-iwí	0.684210526316	0.252631578947	0.0	0.0631578947368
-raá	0.00745225953738	0.0443099093035	0.00370992433	0.944527906829
-aam	0.46195370519	0.334157614915	0.108868305233	0.0950203746623
-law	0.579341602228	0.194647707025	0.0217966682236	0.204214022523
-mto	0.164125820147	0.769008104979	0.048629872636	0.0182362022385
-uum	0.445488721805	0.376691729323	0.096992481203	0.0808270676692
-'it	0.533073929961	0.182879377432	0.0544747081712	0.229571984436
-uui	0.369836695485	0.576849183477	0.0100864553314	0.043227665706
-fór	0.0904495985	0.709793951005	0.128291484939	0.0714649655566
-'is	0.612061206121	0.275927592759	0.01600160016	0.0960096009601
-aré	0.457459556621	0.147094068304	0.0212702216896	0.374176153385
-ra/	0.168049792531	0.757261410788	0.0746887966805	0.0
-uux	0.709549129501	0.179955581222	0.0669424015329	0.0435528877443
-ra'	0.386196338482	0.404888815772	0.0965667852142	0.112348060532
-uuw	0.510707961735	0.198962404716	0.0779789025892	0.212350730959
-uuq	0.443564356436	0.130693069307	0.373267326733	0.0524752475248
-ouy	0.607157217531	0.123642943305	0.148572577402	0.120627261761
-uus	0.475181583362	0.28613963049	0.0720116337694	0.166667152378
-uur	0.628978058905	0.194702510377	0.100810436845	0.0755089938724
-o/e	0.0981595092025	0.539877300614	0.128834355828	0.233128834356
-a/u	0.0	0.64768683274	0.35231316726	0.0
-adá	0.357791225416	0.528744326778	0.102118003026	0.0113464447806
-o/i	0.54007811047	0.0896410637902	0.226148409894	0.144132415845
-adí	0.285575992256	0.191553727009	0.00290416263311	0.519966118103
-o/o	0.534031413613	0.400523560209	0.065445026178	0.0
-qun	0.607843137255	0.352941176471	0.0	0.0392156862745
-a/a	0.0838658004906	0.334029895327	0.248756949269	0.333347354914
-qut	0.66265060241	0.301204819277	0.0361445783132	0.0
-a/e	0.198122390028	0.784608621935	0.00596565041289	0.0113033376244
-a/i	0.29321356918	0.460380275728	0.181799775442	0.0646063796499
-éqw	0.76	0.169411764706	0.0423529411765	0.0282352941177
-see	0.0200121813277	0.933938049247	0.0382189158618	0.00783085356304
-tín	0.612567281116	0.238130987759	0.0606802926079	0.0886214385171
-ray	0.270861833105	0.320109439124	0.40902872777	0.0
-rat	0.363184079602	0.410447761194	0.0895522388059	0.136815920398
-mán	0.573128567983	0.258985285841	0.0289458872718	0.138940258905
-rar	0.634551495017	0.255813953488	0.0697674418604	0.0398671096345
-ras	0.0824524312896	0.871035940803	0.0211416490486	0.0253699788584
-ohú	0.0714285714286	0.785714285714	0.0357142857143	0.107142857143
-ran	0.333184518699	0.367011229781	0.112297812425	0.187506439095
-eri	0.170836011429	0.540168258676	0.084601319002	0.204394410893
-iwa	0.229789763802	0.0299334710602	0.0114171319705	0.728859633168
-rah	0.40968180582	0.311612727767	0.141637204243	0.13706826217
-ero	0.0395698260479	0.137562927192	0.0799463650095	0.742920881751
-ywú	0.0960334029227	0.80375782881	0.0375782881002	0.062630480167
-iwi	0.129373491158	0.805939763262	0.0442593522384	0.0204273933408
-iwo	0.0594422928723	0.88281376548	0.0249844154187	0.0327595262287
-ere	0.0236641221374	0.962340966921	0.00737913486006	0.00661577608142
-áts	0.555939546266	0.149040941861	0.197513063033	0.0975064488392
-xká	0.439359267734	0.414187643021	0.146453089245	0.0
-átf	0.808510638298	0.0	0.0	0.191489361702
-átd	0.0851063829787	0.872340425532	0.0	0.0425531914894
-áte	0.0494417047807	0.907632163937	0.00766538058615	0.0352607506963
-átb	0.613003095975	0.377708978328	0.00928792569659	0.0
-átc	0.576388888889	0.423611111111	0.0	0.0
-uga	0.4696485623	0.253993610224	0.0814696485623	0.194888178914
-áta	0.347826086956	0.31884057971	0.0144927536232	0.31884057971
-átl	0.319310939601	0.20416738214	0.383461179281	0.0930604989777
-mtá	0.481228668942	0.342434584755	0.101251422071	0.075085324232
-ugi	0.0	1.0	0.0	0.0
-áti	0.580591071054	0.275833158667	0.077551875917	0.0660238943618
-ike	0.0225187656381	0.943703085905	0.0312760633862	0.00250208507089
-iko	0.0200881920627	0.921117099461	0.0543851053405	0.00440960313572
-nos	0.831758034027	0.168241965973	0.0	0.0
-iki	0.140350877193	0.766692851532	0.0479183032208	0.0450379680544
-iku	0.363636363636	0.606060606061	0.030303030303	0.0
-hká	0.608440425194	0.215452958908	0.102332222751	0.0737743931461
-/es	0.731443994602	0.178137651822	0.0418353576248	0.0485829959514
-/et	0.171875	0.744791666667	0.0833333333333	0.0
-fák	0.288697788698	0.307739557739	0.0423832923833	0.361179361179
-yáy	0.000803697006228	0.227580202264	0.761770812404	0.0098452883263
-ie'	0.850439882698	0.0967741935484	0.0175953079179	0.0351906158357
-fár	0.113144758735	0.846921797005	0.0299500831947	0.00998336106489
-fát	0.5	0.384615384615	0.0384615384615	0.0769230769231
-pká	0.412698412698	0.428571428571	0.15873015873	0.0
-ngu	0.249890342133	0.0516887311588	0.00520874870404	0.693212178005
-fá'	0.595488721805	0.0812030075188	0.153383458647	0.16992481203
-ros	0.533625730994	0.199561403509	0.0877192982456	0.179093567251
-tis	0.629274316624	0.195795257977	0.116363410728	0.0585670146711
-yá'	0.392537168996	0.302227042713	0.0935888854388	0.211646902852
-rog	0.0718954248366	0.849673202614	0.0	0.078431372549
-/e'	0.617760617761	0.266409266409	0.100386100386	0.015444015444
-roa	0.0	1.0	0.0	0.0
-u/i	0.618507681053	0.320226773958	0.0137161667886	0.0475493782004
-ikí	0.427631578947	0.355263157895	0.0197368421053	0.197368421053
-noó	0.146293122551	0.728268658951	0.0506874338329	0.0747507846644
-ikó	0.382566585956	0.389830508475	0.1598062954	0.0677966101695
-ué'	0.919681177192	0.0257510729614	0.00551808706314	0.0490496627835
-eár	0.108829568789	0.889117043121	0.00205338809035	0.0
-efu	0.0092717790226	0.990148734788	0.000579486188914	0.0
-eáy	0.688311688312	0.12987012987	0.155844155844	0.025974025974
-/eé	0.270676691729	0.624060150376	0.0	0.105263157895
-tia	0.109619686801	0.826994780015	0.0499627143923	0.0134228187919
-wúy	0.446888110376	0.033086804204	0.0454565113966	0.474568574024
-wúw	0.457142857143	0.485714285714	0.0	0.0571428571429
-toó	0.0628276056287	0.608154143842	0.269497360986	0.059520889543
-ngi	0.284826968727	0.0865719571816	0.0185286484204	0.610072425671
-mpa	0.0241200643202	0.11900855978	0.853947731739	0.00292364416002
-tin	0.38403322422	0.19075597281	0.0593916919621	0.365819111008
-óge	0.362745098039	0.343137254902	0.0	0.294117647059
-roó	0.285948545123	0.213546257297	0.0499348667968	0.450570330783
-yke	0.043310911977	0.937451474208	0.00346907790107	0.015768535914
-árú	0.329153605016	0.323406478579	0.164576802508	0.182863113898
-qká	0.571428571429	0.285714285714	0.126984126984	0.015873015873
-esú	0.0651003426334	0.867107195301	0.00440528634361	0.063387175722
-itú	0.0241448692153	0.945674044266	0.0241448692153	0.00603621730382
-ódi	0.00626170342187	0.991233615209	0.0	0.00250468136875
-len	0.0987801249627	0.672716453437	0.225528116632	0.00297530496876
-yti	0.834532374101	0.0791366906474	0.0	0.0863309352518
-óde	0.0769230769231	0.849358974359	0.0544871794871	0.0192307692308
-muo	0.403669724771	0.110091743119	0.0275229357798	0.45871559633
-mui	0.199784743711	0.363648594107	0.392170052469	0.0443966097134
-muh	0.554885404101	0.227985524729	0.120627261761	0.0965018094089
-muk	0.538461538462	0.288461538462	0.0	0.173076923077
-yta	0.322580645161	0.6	0.0774193548387	0.0
-muu	0.0297528517753	0.682224435491	0.0335094452621	0.254513267472
-mut	0.704838709677	0.251612903226	0.0145161290323	0.0290322580645
-esé	0.0	0.979452054795	0.0	0.0205479452055
-mus	0.217573221757	0.171548117155	0.0188284518828	0.592050209205
-ité	0.0897009966777	0.860465116279	0.0	0.0498338870432
-oin	0.792207792208	0.166233766234	0.0207792207792	0.0207792207792
-let	0.108670520231	0.28323699422	0.41387283237	0.194219653179
-itá	0.114843936145	0.786037645937	0.0798189182749	0.0192994996426
-gúi	0.351351351351	0.207207207207	0.0	0.441441441441
-udú	0.299363057325	0.624203821656	0.0254777070064	0.0509554140128
-'ya	0.304678998912	0.352557127312	0.0326441784548	0.310119695321
-stá	0.351989892609	0.467593177511	0.153885028427	0.0265319014529
-íwo	0.34554973822	0.48990276739	0.0	0.16454749439
-udá	0.476702508961	0.480286738351	0.0430107526882	0.0
-gúr	0.148148148148	0.522633744856	0.279835390946	0.0493827160494
-gús	0.797619047619	0.154761904762	0.0	0.047619047619
-íwa	0.503355704698	0.281879194631	0.120805369128	0.0939597315436
-udí	0.220661985958	0.494483450351	0.131394182548	0.153460381143
-le/	0.221601489758	0.685288640596	0.0633147113594	0.0297951582868
-le'	0.453795379538	0.26897689769	0.0891089108911	0.188118811881
-gú/	0.644349477683	0.0792972459639	0.00854700854702	0.267806267806
-ogu	0.0	1.0	0.0	0.0
-gú'	0.305172413793	0.578448275862	0.0051724137931	0.111206896552
-ogi	0.603174603175	0.333333333333	0.031746031746	0.031746031746
-oúw	0.410312273057	0.0595497458243	0.470588235294	0.0595497458242
-ogo	0.0	1.0	0.0	0.0
-oga	0.274509803922	0.389978213508	0.0610021786492	0.274509803922
-oúy	0.65143412737	0.206055976109	0.054170428502	0.0883394680185
-oge	0.234008117123	0.373270592681	0.0675023414778	0.325218948718
-rif	0.0579498626373	0.82432606456	0.069325206044	0.0483988667582
-bo/	0.690836948092	0.0800102475232	0.169661210939	0.0594915934462
-ódé	0.078125	0.921875	0.0	0.0
-its	0.757446808511	0.0829787234043	0.00638297872341	0.153191489362
-esu	0.00350309494365	0.822624453558	0.00347050801394	0.170401943485
-ito	0.0621669626998	0.904319849861	0.0278159455746	0.00569724186467
-itl	0.80890052356	0.130890052356	0.0497382198953	0.0104712041885
-eso	0.00293973542381	0.991180793729	0.00293973542381	0.00293973542381
-iti	0.494701393661	0.280327537738	0.0739261718964	0.151044896704
-esa	0.349800639349	0.405303109561	0.128892763732	0.116003487358
-ite	0.0202702702703	0.932432432433	0.0472972972972	0.0
-ese	0.0	1.0	0.0	0.0
-muú	0.140815481096	0.579259400438	0.113533350603	0.166391767863
-ae'	0.249008723235	0.385804916733	0.109436954798	0.255749405234
-spi	0.0376344086021	0.924731182796	0.0268817204301	0.0107526881721
-spo	0.0	1.0	0.0	0.0
-n'a	0.362702366127	0.439601494396	0.127646326276	0.0700498132005
-íwí	0.0584415584415	0.772727272727	0.0519480519481	0.116883116883
-uda	0.0189653843189	0.969007786601	0.00092514069848	0.0111016883818
-ude	0.0	1.0	0.0	0.0
-n'i	0.0346820809249	0.843930635838	0.0	0.121387283237
-udi	0.0140063869124	0.835656695817	0.119072115066	0.0312648022043
-'ko	0.144578313253	0.710843373494	0.0481927710843	0.0963855421687
-fa'	0.227848101266	0.544303797468	0.113924050633	0.113924050633
-aen	0.797202797203	0.202797202797	0.0	0.0
-ris	0.108888888889	0.544444444444	0.295555555556	0.0511111111111
-gma	0.149253731343	0.791044776119	0.0	0.0597014925373
-gmo	0.18025751073	0.562231759657	0.231759656652	0.0257510729614
-éro	0.209658566595	0.249923100584	0.0139956936327	0.526422639188
-laá	0.142731023969	0.179067153586	0.0386579394618	0.639543882984
-rnu	0.727848101266	0.196202531646	0.0	0.0759493670886
-rne	0.8125	0.09375	0.0	0.09375
-rna	0.341521869383	0.0980768516996	0.0283143422218	0.532086936696
-uri	0.115719611783	0.0313322049918	0.00358621070238	0.849361972523
-uro	0.0430107526882	0.908004778972	0.00716845878134	0.041816009558
-ura	0.305913837082	0.108735617872	0.0288125746001	0.556537970446
-ure	0.130845536136	0.550149582743	0.236813100299	0.082191780822
-uru	0.14792000675	0.647835625686	0.130790650578	0.0734537169859
-r'o	0.0	1.0	0.0	0.0
-oés	0.617176128093	0.142649199418	0.152838427948	0.0873362445415
-r'i	0.0	0.908396946565	0.0916030534352	0.0
-wé'	0.389797253107	0.311968606933	0.153041203401	0.14519293656
-r'a	0.109572893859	0.81873892943	0.0229570739158	0.0487311027951
-oén	0.0712809917355	0.356404958678	0.538223140496	0.0340909090909
-rdi	0.0	1.0	0.0	0.0
-ósú	0.483660130719	0.516339869281	0.0	0.0
-ló'	0.130612751848	0.202202169769	0.35357299075	0.313612087633
-wén	0.192186266772	0.279005524862	0.441199684294	0.0876085240726
-urí	0.818181818182	0.181818181818	0.0	0.0
-ihe	0.126674612274	0.186421152612	0.0360508122806	0.650853422834
-ihh	0.297872340426	0.255319148936	0.446808510638	0.0
-ihi	0.478769280141	0.422013625636	0.0187202064571	0.0804968877656
-awi	0.171183059076	0.766566688727	0.00628026125238	0.0559699909445
-oé'	0.398108982334	0.18039313262	0.206519034586	0.21497885046
-/ák	0.710866708169	0.143183233036	0.0297433769108	0.116206681884
-wét	0.440081245768	0.122545700745	0.14759647935	0.289776574137
-wés	0.552971576227	0.333333333333	0.0342377260982	0.0794573643411
-wér	0.175045080705	0.711483485068	0.0976382108458	0.0158332233804
-lór	0.0441154608095	0.615991508811	0.0232677939849	0.316625236395
-lós	0.0455417181364	0.0450610667577	0.149242253101	0.760154962004
-kór	0.0870870870871	0.888888888889	0.0	0.024024024024
-lóe	0.234375	0.12890625	0.2109375	0.42578125
-lók	0.180435382543	0.0709404068116	0.0131491371893	0.735475073457
-lóh	0.457627118644	0.406779661017	0.0677966101695	0.0677966101695
-kít	0.902316213494	0.0976837865055	0.0	0.0
-kír	0.137775418105	0.737987788691	0.0525617202017	0.0716750730024
-ádá	0.75	0.25	0.0	0.0
-ádí	0.348351716832	0.196734592136	0.0348974886272	0.420016202405
-yút	0.578947368421	0.289473684211	0.105263157895	0.0263157894737
-rí'	0.294671623296	0.276579925651	0.0232961586122	0.405452292441
-yús	0.58905424868	0.355256841094	0.00816130580893	0.0475276044167
-aír	0.209333438262	0.722987329818	0.0535138112851	0.0141654206343
-kók	0.138113709321	0.323198235559	0.0166278947864	0.522060160334
-kón	0.643217696042	0.0797350737871	0.0631064527538	0.213940777417
-kí/	0.536162005786	0.153326904532	0.0327868852459	0.277724204436
-kós	0.0841565002811	0.577669725708	0.027086025509	0.311087748501
-yuú	0.0283822138127	0.529328287606	0.0510879848628	0.391201513718
-rír	0.157500649699	0.621769336435	0.0619094499087	0.158820563958
-rís	0.514285714286	0.378571428571	0.0	0.107142857143
-/át	0.271756713038	0.485926884503	0.222689528739	0.0196268737194
-rít	0.541538461539	0.28	0.076923076923	0.101538461538
-ría	0.168067226891	0.739495798319	0.0672268907563	0.0252100840336
-ríf	0.260963557752	0.458616429895	0.216337245213	0.0640827671402
-gáy	0.558886954373	0.28082294604	0.0299443043184	0.130345795268
-rín	0.764079054582	0.116398634475	0.0548199661842	0.0647023447583
-gín	0.62850678733	0.110407239819	0.119457013575	0.141628959276
-gím	0.638613861386	0.10396039604	0.0742574257426	0.183168316832
-gís	0.877659574468	0.0585106382978	0.063829787234	0.0
-gír	0.151407952455	0.704259233055	0.0679213244658	0.0764114900241
-gíp	0.233600447261	0.491986582184	0.240868430861	0.0335445396944
-gít	0.528957528958	0.320463320463	0.104247104247	0.046332046332
-áda	0.41455575166	0.520436791138	0.0213139203939	0.0436935368074
-nór	0.314814814815	0.388888888889	0.111111111111	0.185185185185
-ádi	0.0	0.828571428572	0.171428571428	0.0
-qtí	0.440871644964	0.447515280361	0.0	0.111613074674
-hót	0.380078636959	0.440366972477	0.0550458715596	0.124508519004
-amá	0.0611077524067	0.458029112217	0.0256708366275	0.455192298749
-eén	0.454126526189	0.190725935977	0.032362556702	0.322784981132
-fra	0.0	0.9875	0.0125	0.0
-yus	0.507010107597	0.434300619498	0.0293446364526	0.0293446364525
-fri	0.0	1.0	0.0	0.0
-qún	0.607692307692	0.0923076923077	0.288461538462	0.0115384615385
-nía	0.0	1.0	0.0	0.0
-íts	0.810795893587	0.0468042830334	0.0827905949884	0.0596092283916
-ríá	0.417910447761	0.34328358209	0.0597014925373	0.179104477612
-nír	0.118914287779	0.713243149783	0.0737020846129	0.0941404778249
-nís	0.690115312508	0.0811262730916	0.00576010395972	0.222998310441
-ítl	0.492666804379	0.237037802107	0.225366659781	0.0449287337327
-ítb	0.634146341463	0.256097560976	0.0	0.109756097561
-íta	0.776397515528	0.186335403727	0.0372670807453	0.0
-ítf	0.6	0.306666666667	0.0	0.0933333333333
-qús	0.166071428571	0.755357142857	0.0785714285714	0.0
-usi	0.640065169716	0.265808639811	0.0559239034717	0.0382022870016
-usa	0.0978935218584	0.823979223777	0.0175058914057	0.0606213629587
-use	0.0760989815941	0.72536247969	0.150950778529	0.0475877601878
-ndu	0.537664338271	0.0760753575304	0.020338798069	0.365921506129
-mós	0.252190019697	0.0893747332229	0.00328943503953	0.65514581204
-mór	0.105936013653	0.109747688153	0.015880886204	0.76843541199
-tsí	0.0	0.981012658228	0.0189873417721	0.0
-eru	0.0125344228489	0.79422655823	0.177018001116	0.0162210178045
-bér	0.177347242921	0.701937406855	0.0849478390462	0.0357675111773
-á/a	0.378787878788	0.166666666667	0.30303030303	0.151515151515
-bén	0.0652573233218	0.0490477264671	0.877960748929	0.00773420128259
-yaá	0.119229738042	0.780860157396	0.055198952797	0.0447111517656
-á/i	0.222222222222	0.545454545455	0.151515151515	0.0808080808081
-gá'	0.028177186458	0.0277933756275	0.0107003164111	0.933329121503
-xit	0.0213805742211	0.00366524129505	0.974954184484	0.0
-taá	0.0698701646366	0.770713425244	0.0520679962522	0.107348413867
-í/a	0.448504983389	0.182724252492	0.0199335548173	0.348837209302
-wit	0.240414507772	0.220725388601	0.355440414508	0.183419689119
-wis	0.0253164556962	0.464135021097	0.333333333333	0.177215189873
-ówa	0.46	0.48	0.0	0.06
-ówo	0.456948442816	0.511646165925	0.0235540434441	0.0078513478147
-axw	0.419572798605	0.0832970066841	0.41321563499	0.083914559721
-bé'	0.533197139939	0.391215526047	0.046986721144	0.0286006128703
-axi	0.595675675676	0.187027027027	0.0637837837837	0.153513513513
-axo	0.0192554557125	0.336970474968	0.637997432606	0.00577663671374
-axe	0.104838709677	0.697580645161	0.173387096774	0.0241935483871
-iim	0.551104517823	0.21884982732	0.115302009048	0.114743645808
-éke	0.297840508116	0.370755116443	0.157657021877	0.173747353564
-iin	0.419196495614	0.377718304076	0.0914111929378	0.111674007372
-iik	0.384546911163	0.359088481396	0.224319031511	0.0320455759302
-usá	0.114754098361	0.879781420765	0.00546448087432	0.0
-iif	0.491620111732	0.276536312849	0.159217877095	0.072625698324
-iia	0.261783439491	0.491878980892	0.158121019108	0.0882165605095
-tsi	0.465751231034	0.410945193963	0.0773449697746	0.0459586052284
-tso	0.0562324273664	0.940955951265	0.0	0.00281162136832
-iit	0.642815147256	0.165001135847	0.0695704275025	0.122613289395
-iiw	0.488095238095	0.404761904762	0.0714285714286	0.0357142857143
-tsa	0.280428432327	0.554040895813	0.0954235637779	0.0701071080818
-iiq	0.0443548387097	0.0120967741936	0.866935483871	0.0766129032258
-iis	0.613660156577	0.244792898202	0.0494685201354	0.0920784250857
-iir	0.032294811506	0.0631867206878	0.739565212512	0.164953255295
-/ún	0.79890167364	0.0614539748954	0.015690376569	0.123953974895
-/ús	0.590816326531	0.0642857142857	0.030612244898	0.314285714286
-/út	0.64161849711	0.323699421965	0.0346820809249	0.0
-tam	0.0542841951882	0.0300048600104	0.0143485206463	0.901362424155
-tan	0.313054499366	0.256020278834	0.0595690747782	0.371356147022
-ii'	0.466106572663	0.133810995122	0.0281198343809	0.371962597834
-qin	0.776892430279	0.223107569721	0.0	0.0
-taa	0.597069132317	0.0190072088316	0.00150056911829	0.382423089733
-tay	0.447022805928	0.0897595172598	0.0195669535895	0.443650723223
-tar	0.452691286507	0.045377745595	0.0170166545981	0.4849143133
-tas	0.337672583826	0.231952662722	0.0615384615385	0.368836291913
-ówí	0.174193548387	0.0387096774194	0.0774193548387	0.709677419355
-rma	0.0469383359903	0.885411282912	0.0334889560504	0.0341614250474
-eni	0.0621170504965	0.804352419184	0.0255651806465	0.107965349673
-rme	0.0	0.947368421053	0.0526315789474	0.0
-ene	0.157100455281	0.415284921439	0.0807292756927	0.346885347587
-eng	0.334936085376	0.41878738126	0.0591063680075	0.187170165357
-ena	0.0506472859415	0.820349761526	0.0281626163979	0.100840336134
-hek	0.334029227557	0.444676409186	0.221294363257	0.0
-hee	0.0434343034253	0.584130643726	0.0222230061324	0.350212046716
-nós	0.0554492739114	0.0282453780922	0.00181910097509	0.914486247021
-oká	0.183303465736	0.489130425695	0.184333453369	0.143232655201
-nsl	1.0	0.0	0.0	0.0
-/it	0.403225806452	0.5	0.0241935483871	0.0725806451613
-/is	0.564640883978	0.241620626151	0.00883977900552	0.184898710866
-/in	0.197080291971	0.693430656934	0.021897810219	0.0875912408759
-he'	0.365804965942	0.405225462708	0.156702602518	0.0722669688317
-luú	0.310737386805	0.328072445019	0.282018111255	0.0791720569211
-fia	0.015503875969	0.984496124031	0.0	0.0
-'ún	0.539056117943	0.335911512702	0.0233559843129	0.101676385042
-nmo	0.0566037735849	0.728301886792	0.181132075472	0.0339622641509
-ydí	0.103868734006	0.867228661749	0.000903206382658	0.0279993978624
-'ús	0.377696833847	0.543849817876	0.0448304847296	0.0336228635472
-meé	0.678010471204	0.188481675393	0.0392670157068	0.0942408376964
-'út	0.322887116282	0.384529089029	0.104494212389	0.1880895823
-dea	0.00329877474081	0.984684260132	0.00636192271442	0.00565504241282
-naa	0.603497629669	0.0224744399746	0.00227609959401	0.371751830762
-msi	0.168336673347	0.807615230461	0.0240480961924	0.0
-ófa	0.0579710144928	0.550724637681	0.246376811594	0.144927536232
-mso	0.348837209302	0.209302325581	0.116279069767	0.325581395349
-den	0.0933908045977	0.580100574713	0.297413793103	0.0290948275862
-kin	0.373720665771	0.186601881526	0.103587304869	0.336090147834
-oko	0.202061251391	0.600973226152	0.096402871868	0.100562650589
-oki	0.611295681063	0.388704318937	0.0	0.0
-heé	0.0456348350843	0.326524258609	0.00417422965882	0.623666676648
-oka	0.102596314908	0.840347571189	0.0235552763819	0.033500837521
-xé'	0.649253731343	0.0858208955224	0.167910447761	0.0970149253731
-bit	0.287425149701	0.508982035928	0.203592814371	0.0
-bir	0.142465432177	0.122441800684	0.0287726957039	0.706320071436
-de'	0.406453923285	0.512374661786	0.0338214228872	0.047349992042
-xér	0.217391304348	0.717391304348	0.0652173913044	0.0
-xés	0.558080090883	0.0929423459245	0.0237148537347	0.325262709457
-nar	0.457135567273	0.234648749787	0.179877530192	0.128338152747
-rúy	0.405269761606	0.398996235885	0.0715181932246	0.124215809285
-rúx	0.372320217096	0.468113975577	0.159565807327	0.0
-rús	0.65	0.25	0.0	0.1
-rúr	0.222222222222	0.246913580247	0.432098765432	0.0987654320987
-rúw	0.433165829146	0.180904522613	0.156783919598	0.229145728643
-rút	0.522940038685	0.151743575573	0.03249516441	0.292821221332
-met	0.251262626263	0.277777777778	0.165404040404	0.305555555556
-e'e	0.648648648649	0.264864864865	0.0648648648649	0.0216216216216
-mes	0.0	0.848214285714	0.0446428571428	0.107142857143
-mee	0.131274131274	0.138996138996	0.158301158301	0.571428571429
-mei	0.0	1.0	0.0	0.0
-luf	0.0313634862991	0.95873225487	0.0099042588313	0.0
-yda	0.0273336468375	0.93563367035	0.0116388431695	0.0253938396426
-aye	0.162971839425	0.666866387058	0.099860195726	0.0703015777911
-ayd	0.353571428571	0.528571428571	0.0428571428572	0.0749999999999
-qé'	0.681355932203	0.227118644068	0.0	0.0915254237288
-aya	0.0911211999191	0.870187728157	0.0114492133923	0.0272418585319
-tór	0.130076849277	0.583797691614	0.26940856099	0.016716898119
-tós	0.127582529452	0.651017608064	0.0412173657035	0.180182496781
-ayo	0.00728971854762	0.97993884843	0.0056740553339	0.00709737768885
-tá'	0.526247500192	0.242481396578	0.12246298371	0.10880811952
-ayi	0.697043646077	0.165662103011	0.0582949920987	0.0789992588138
-ayu	0.0194884287455	0.856272838002	0.124238733252	0.0
-tók	0.0893477407915	0.685815701973	0.0791278972808	0.145708659954
-bú'	0.448160535117	0.28093645485	0.230769230769	0.0401337792642
-ayz	0.122282608696	0.877717391304	0.0	0.0
-ndi	0.468052930057	0.151228733459	0.115689981096	0.265028355388
-sri	0.0	0.943340691685	0.056659308315	0.0
-ubu	0.0533333333332	0.946666666667	0.0	0.0
-ópo	0.116504854369	0.883495145631	0.0	0.0
-uba	0.337423312883	0.478527607362	0.184049079755	0.0
-tám	0.0124558045996	0.032501865127	0.288429725259	0.666612605015
-búr	0.207547169811	0.349056603774	0.22641509434	0.216981132075
-ié'	0.584577114428	0.324287652646	0.0210312075984	0.0701040253279
-bút	0.927895595432	0.0721044045677	0.0	0.0
-qét	0.21	0.0849999999999	0.525	0.18
-búi	0.0	0.964114832536	0.0358851674641	0.0
-táy	0.550339822601	0.358944822025	0.0665245939408	0.024190761433
-qés	0.590163934426	0.196721311475	0.188524590164	0.0245901639344
-qér	0.131679389313	0.770992366412	0.057251908397	0.0400763358778
-tár	0.255812540448	0.638353510296	0.0442475431989	0.0615864060571
-ako	0.00649195167918	0.955564309327	0.0113155374301	0.0266282015633
-áee	0.105527638191	0.532663316583	0.0	0.361809045226
-aki	0.0930865541644	0.570495372891	0.316820903647	0.0195971692978
-ake	0.12563558839	0.28729735276	0.0189251430786	0.568141915772
-aka	0.0750013555769	0.877022068791	0.00364379055434	0.0443327850778
-ees	0.630949082579	0.17552979036	0.0849471356661	0.108573991395
-akw	0.0816771364621	0.372586366264	0.50272842785	0.0430080694241
-lko	0.0416666666667	0.958333333333	0.0	0.0
-ayá	0.60103626943	0.39896373057	0.0	0.0
-ayí	0.170454545455	0.607954545455	0.0170454545455	0.204545454545
-/é'	0.479916393428	0.305951102775	0.149085934659	0.0650465691386
-sá'	0.407858875563	0.371812777041	0.138059508908	0.0822688384873
-ayó	0.0	1.0	0.0	0.0
-sá/	0.0196078431373	0.980392156863	0.0	0.0
-ami	0.255058557258	0.364078202083	0.218569752981	0.162293487679
-ubú	0.162679425837	0.636363636364	0.0574162679426	0.143540669856
-íti	0.502195215067	0.426539832018	0.0545622295749	0.0167027233393
-éhh	0.700500871441	0.0739441262089	0.00902926978776	0.216525732563
-sár	0.20158934514	0.271187982641	0.125291039476	0.401931632743
-/ét	0.342626805509	0.196506550218	0.0376217668794	0.423244877393
-/ér	0.0655021834061	0.927947598253	0.0	0.00655021834062
-sát	0.710359408034	0.209302325581	0.0486257928118	0.0317124735729
-sáy	0.221671268718	0.510950023969	0.2514889969	0.0158897104125
-sán	0.567567567568	0.162162162162	0.0810810810811	0.189189189189
-akí	0.0506329113924	0.839662447257	0.10970464135	0.0
-úni	0.0655172413794	0.934482758621	0.0	0.0
-úng	0.0890627445284	0.208242975748	0.0226590156675	0.680035264056
-aká	0.455646593502	0.221564073877	0.143814872115	0.178974460507
-pta	0.0	1.0	0.0	0.0
-gae	0.415204678363	0.406015037594	0.0434419381788	0.135338345865
-mbó	0.051724137931	0.818965517241	0.129310344828	0.0
-tra	0.0	1.0	0.0	0.0
-gaa	0.419107889821	0.0571202556029	0.0147851740747	0.508986680502
-gan	0.226130827711	0.0680984505722	0.0697763223365	0.63599439938
-tro	0.0125791904771	0.937323133661	0.00328629069067	0.0468113851715
-tri	0.0	1.0	0.0	0.0
-dó'	0.0885506745071	0.646143203044	0.0269802836389	0.23832583881
-gai	0.0	1.0	0.0	0.0
-gah	0.322580645161	0.623655913978	0.0	0.0537634408602
-gau	0.0	1.0	0.0	0.0
-gas	0.30612244898	0.591836734694	0.0612244897959	0.0408163265306
-gar	0.497584541063	0.260869565217	0.135265700483	0.106280193237
-ltí	0.336440786189	0.634303493272	0.0117022882153	0.0175534323229
-gur	0.116197695341	0.135592052372	0.0464504932175	0.70175975907
-mbé	0.107930622761	0.346289197511	0.322849242758	0.22293093697
-ltá	0.0737424209524	0.842194370547	0.0421497812067	0.0419134272935
-gay	0.214227879564	0.137834937014	0.0155346752782	0.632402508144
-ini	0.0997946833802	0.881294575319	0.00594337583747	0.0129673654636
-lay	0.400742154758	0.226388606129	0.0785823042557	0.294286934858
-ino	0.0	1.0	0.0	0.0
-ina	0.400232459987	0.0592608220956	0.0574316622684	0.483075055649
-rza	0.063829787234	0.393617021277	0.462765957447	0.0797872340426
-ine	0.186038043503	0.35865902682	0.0612645747168	0.39403835496
-ing	0.469348659004	0.367816091954	0.0191570881226	0.14367816092
-ga'	0.454198473282	0.465648854962	0.0	0.0801526717558
-dók	0.703910614525	0.27374301676	0.0	0.0223463687151
-sók	0.548053879478	0.0275831873905	0.0165461900069	0.407816743124
-dór	0.0675736512567	0.0347137639706	0.020854317302	0.876858267471
-sór	0.125561598487	0.814849846299	0.0255379522346	0.0340506029795
-ídi	0.0	0.653846153846	0.346153846154	0.0
-mba	0.102643856921	0.305339554173	0.561949196475	0.0300673924313
-lto	0.127659574468	0.872340425532	0.0	0.0
-tró	0.451162790698	0.548837209302	0.0	0.0
-yen	0.185733512786	0.480484522207	0.296096904441	0.0376850605652
-mbi	0.31877082562	0.642354683451	0.0388744909293	0.0
-xui	0.690321354672	0.139880072632	0.0561631687851	0.11363540391
-iní	0.0341961982997	0.0286560320948	0.372528417232	0.564619352374
-iná	0.0486637331409	0.0601081879349	0.777561823013	0.113666255911
-'íi	0.393442622951	0.491803278689	0.114754098361	0.0
-'ín	0.177225313098	0.459624099607	0.051377474695	0.3117731126
-'ís	0.761497691913	0.21798598051	0.0136775517182	0.00683877585912
-'ír	0.197280922122	0.75838628639	0.0265996748929	0.0177331165952
-'ít	0.24398340249	0.185892116183	0.0473029045643	0.522821576764
-rtá	0.593077878846	0.271310206441	0.0522248725939	0.0833870421188
-ela	0.0	1.0	0.0	0.0
-xua	0.315	0.42	0.1	0.165
-rtí	0.182481751825	0.56204379562	0.109489051095	0.14598540146
-ye'	0.443006616482	0.366732791535	0.105309987529	0.0849506044544
-már	0.132037834254	0.382686561206	0.0191112952042	0.466164309336
-sa'	0.490678105266	0.349243247393	0.0796017522376	0.0804768951031
-umú	0.246376811594	0.586956521739	0.0821256038647	0.084541062802
-uqí	0.239651416122	0.420479302832	0.0522875816994	0.287581699347
-ahh	0.22979951071	0.118677019914	0.0396577146763	0.611865754699
-ahi	0.816319276117	0.0432595191467	0.00818792160506	0.132233283131
-úmí	0.0532544378698	0.739644970414	0.207100591716	0.0
-aha	0.402366203471	0.292929292929	0.153654407798	0.151050095802
-ahe	0.290212770828	0.382849211506	0.199393094091	0.127544923575
-xúa	0.343949044586	0.0764331210191	0.426751592357	0.152866242038
-xún	0.584734360215	0.207246536305	0.0747902538191	0.13322884966
-ógu	0.0	0.961538461538	0.0384615384615	0.0
-sar	0.655050727834	0.313756380364	0.0069317537337	0.0242611380679
-eín	0.146101903008	0.809699201964	0.0294659300184	0.0147329650092
-íre	0.385620915033	0.398692810458	0.21568627451	0.0
-sau	0.0192307692308	0.980769230769	0.0	0.0
-sat	0.899244332494	0.0251889168766	0.0755667506296	0.0
-íri	0.0417149478563	0.9258400927	0.00463499420625	0.0278099652375
-say	0.0240288755509	0.0515751694802	0.471170461866	0.453225493103
-íro	0.291187739464	0.597701149425	0.0613026819923	0.0498084291187
-lfa	0.0	0.962406015038	0.0375939849624	0.0
-oli	0.108916177256	0.891083822744	0.0	0.0
-saa	0.560260586319	0.0814332247557	0.29315960912	0.0651465798046
-wká	0.403674160019	0.274836838289	0.171621948272	0.14986705342
-olo	0.0299465240642	0.970053475936	0.0	0.0
-yko	0.0512367491166	0.86925795053	0.00530035335688	0.0742049469965
-ola	0.164684354986	0.478499542543	0.307410795974	0.0494053064958
-sai	0.0	1.0	0.0	0.0
-mpu	0.0203432096335	0.0417363913771	0.930045608163	0.00787479082587
-san	0.882857142857	0.102857142857	0.0	0.0142857142857
-xú'	0.867111339148	0.03899435608	0.0328373524884	0.0610569522832
-hai	0.0625	0.75	0.0625	0.125
-naá	0.207956600362	0.671247739602	0.0889692585895	0.0318264014467
-win	0.0260707635009	0.0378026070764	0.0	0.936126629423
-uqa	0.170272812794	0.750235183443	0.0380997177798	0.0413922859831
-húp	0.53842676311	0.249547920434	0.0542495479205	0.157775768535
-han	0.571913056883	0.200400801603	0.0971173115462	0.130568829968
-uqi	0.0714729023604	0.746691625458	0.0873891369197	0.0944463352619
-uqo	0.478978591695	0.292752127934	0.0322414237813	0.19602785659
-úmo	0.0122252947169	0.971183233882	0.00261970601077	0.0139717653908
-gán	0.0436363636363	0.818181818182	0.0	0.138181818182
-gám	0.803921568627	0.187363834423	0.00871459694989	0.0
-mak	0.669707153145	0.0681709073451	0.0374459913586	0.224675948152
-gát	0.959595959596	0.0	0.0	0.0404040404041
-gás	0.531204644412	0.0986937590711	0.22496371553	0.145137880987
-gár	0.239192624054	0.130101327203	0.0101296634168	0.620576385327
-pú'	0.63829787234	0.0	0.297872340426	0.063829787234
-hú'	0.876712328767	0.0760273972603	0.00821917808221	0.0390410958904
-saú	0.03125	0.6875	0.25	0.03125
-írí	0.0198198198198	0.790990990991	0.162162162162	0.027027027027
-saá	0.0	0.553191489362	0.0	0.446808510638
-yká	0.411609560147	0.136226118117	0.147436410357	0.304727911379
-wko	0.0	1.0	0.0	0.0
-púy	0.758241758242	0.153846153846	0.014652014652	0.0732600732601
-áxw	0.798906646777	0.0841183546241	0.0995917170733	0.0173832815255
-iís	0.679010607461	0.189834707949	0.0473150303584	0.0838396542316
-iír	0.0295147766854	0.131283990879	0.763540872675	0.0756603597606
-iít	0.632029603188	0.138215734974	0.0492933651964	0.180461296642
-aé'	0.353467473693	0.370731179669	0.170986938276	0.104814408362
-xu'	0.636743215031	0.111691022964	0.0125260960334	0.239039665971
-qod	0.111111111111	0.574074074074	0.0	0.314814814815
-qoo	0.105651105651	0.496314496315	0.199017199017	0.199017199017
-qon	0.498166259169	0.208435207824	0.096271393643	0.197127139364
-amú	0.150845253576	0.810143042913	0.0312093628088	0.0078023407022
-huú	0.722145804677	0.277854195323	0.0	0.0
-ekó	0.806818181818	0.125	0.0	0.0681818181818
-aér	0.144272288545	0.671577343155	0.0967741935483	0.0873761747524
-rku	0.177966101695	0.36406779661	0.259661016949	0.198305084746
-rki	0.484240687679	0.30659025788	0.0773638968481	0.131805157593
-xun	0.538083171859	0.325284443782	0.0988721617729	0.0377602225866
-eli	0.0170638342115	0.923906936924	0.00949945409713	0.0495297747669
-elo	0.0677732539931	0.77243971187	0.00225493266521	0.157532101472
-koó	0.0371821340104	0.910046911717	0.0171471006359	0.0356238536368
-rko	0.0119723818918	0.978436107615	0.00918336111017	0.000408149382674
-rka	0.193364924777	0.575061045991	0.068742817718	0.162831211514
