ris-	0.0	1.0	0.0	0.0
omo-	0.594444973774	0.258568416629	0.0996157069112	0.0473709026857
gin-	0.546489429483	0.327713703927	0.0658397587112	0.0599571078792
del-	0.639705882353	0.316176470588	0.0220588235294	0.0220588235294
son-	0.059316473257	0.894577654462	0.028695874968	0.0174099973129
maa-	0.204820118007	0.320394500191	0.247126344216	0.227659037587
aay-	0.782497604599	0.150431172149	0.0479080166081	0.0191632066433
ogo-	0.381932021467	0.179785330948	0.125223613596	0.313059033989
pao-	0.404161904106	0.123495196186	0.224995242304	0.247347657404
poy-	0.188823529412	0.217058823529	0.0758823529412	0.518235294118
mah-	0.057846275837	0.155580636803	0.724199329447	0.0623737579124
rok-	0.397321428571	0.245535714286	0.316964285714	0.0401785714286
sig-	0.0539892021595	0.902819436113	0.0107978404319	0.0323935212957
lis-	0.0241967473225	0.965688218961	0.000595001983339	0.00952003173344
atp-	0.733031674208	0.131221719457	0.027149321267	0.108597285068
ana-	0.0761497851602	0.836608584222	0.046927038474	0.0403145921436
asw-	0.169491525424	0.627118644068	0.203389830508	0.0
and-	0.13011013627	0.767967145791	0.0666417771141	0.0352809408251
pid-	0.00939476737657	0.970954822772	0.00134745667553	0.0183029531759
kat-	0.188427136322	0.630508281669	0.104098664295	0.0769659177132
abi-	0.269429886995	0.614225389075	0.0563353400082	0.0600093839217
mil-	0.0546875	0.939144736842	0.00246710526316	0.00370065789474
atb-	0.378378378378	0.621621621622	0.0	0.0
dis-	0.400200870002	0.0347609451325	0.0102391526938	0.554799032172
oay-	0.0632911392405	0.911392405063	0.00632911392404	0.0189873417721
gan-	0.388875215358	0.252768889983	0.0994339158258	0.258921978833
sog-	0.105968486154	0.800813646527	0.0247534007882	0.0684644665305
ari-	0.073043833101	0.888484601172	0.0166853696966	0.0217861960304
itl-	0.0	1.0	0.0	0.0
ini-	0.69495996353	0.187555593169	0.0437349255141	0.0737495177871
bay-	0.228677124012	0.174685818182	0.192175068329	0.404461989477
mig-	0.0223880597015	0.977611940299	0.0	0.0
ked-	0.106348345089	0.877373846989	0.0162778079219	0.0
som-	0.564720275319	0.322296205032	0.0324398890088	0.0805436306402
mar-	0.114790806383	0.10926851841	0.0175997929436	0.758340882264
abr-	0.0191021967526	0.960145871321	0.018147086915	0.00260484501172
has-	0.0104757747708	0.979048450458	0.0104757747708	0.0
rep-	0.303571428571	0.446428571429	0.214285714286	0.0357142857143
ong-	0.025855964802	0.930215272052	0.0282057993107	0.0157229638351
dah-	0.326932449556	0.355590213471	0.134710985476	0.182766351496
agh-	0.743766122098	0.127257093723	0.0773860705073	0.0515907136715
ira-	0.0318241063105	0.786133118903	0.0348392757284	0.147203499058
gaw-	0.673701654678	0.26968053174	0.0105686585353	0.0460491550465
ate-	0.393164635455	0.533377853037	0.0434067113454	0.0300508001622
naw-	0.141852939854	0.0579545673982	0.0205791154465	0.779613377301
kam-	0.305519160128	0.440390141923	0.151708758121	0.102381939828
ilm-	0.0	1.0	0.0	0.0
sin-	0.813974019751	0.0907388434557	0.0112348319258	0.084052304867
bod-	0.130880121396	0.869119878604	0.0	0.0
aal-	0.331053351573	0.259917920657	0.127222982216	0.281805745554
dor-	0.179425837321	0.77033492823	0.0358851674641	0.0143540669856
tag-	0.0676615162377	0.73934497992	0.0215611410495	0.171432362793
te:-	0.691588785047	0.280373831776	0.0	0.0280373831776
pat-	0.501234463	0.191256485321	0.0408748051199	0.266634246559
ror-	0.240740740741	0.388888888889	0.259259259259	0.111111111111
agg-	0.602508773992	0.240315024097	0.114859532166	0.0423166697453
lat-	0.092819614711	0.683012259194	0.15761821366	0.0665499124343
kem-	0.14	0.63	0.18	0.05
noy-	0.0	1.0	0.0	0.0
lom-	0.386890468884	0.170740163752	0.0891991613274	0.353170206037
sil-	0.0680272108844	0.901133786848	0.0145124716553	0.0163265306122
him-	0.138655462185	0.827731092437	0.0	0.0336134453782
saw-	0.0519796771187	0.873793704717	0.0543246249587	0.0199019932057
naa-	0.0300322957302	0.0235969798517	0.00578020660871	0.940590517809
aaw-	0.254545454545	0.618181818182	0.109090909091	0.0181818181818
kid-	0.0682588952118	0.108064608841	0.00761625567626	0.816060240271
lal-	0.0564004336066	0.589949166991	0.115789806035	0.237860593368
por-	0.1189706123	0.690991173101	0.0222356984031	0.167802516196
tip-	0.872549019608	0.0490196078431	0.0	0.078431372549
pas-	0.255179067518	0.535186067091	0.129973616542	0.0796612488484
hor-	0.0	1.0	0.0	0.0
oln-	0.107648725212	0.600566572238	0.246458923513	0.0453257790368
nai-	0.187536400699	0.623179965055	0.124635993011	0.0646476412347
bak-	0.0579069277743	0.890450621183	0.0450094756791	0.00663297536324
rat-	0.776863915509	0.076651471127	0.0105818080112	0.135902805353
tin-	0.672641887363	0.202182486736	0.0316034872032	0.0935721386977
asb-	0.927696078431	0.0232843137255	0.0110294117647	0.0379901960784
sap-	0.0948408728335	0.843022469783	0.026971851932	0.0351648054511
asi-	0.11032250407	0.833145778007	0.0462532237559	0.010278494168
dia-	0.580813050951	0.104348006875	0.00305621777457	0.3117827244
nan-	0.529571572765	0.182787274733	0.194172613783	0.0934685387193
ta--	0.471698113208	0.188679245283	0.339622641509	0.0
hid-	0.255622991789	0.532131381649	0.102106390575	0.110139235987
eke-	0.159798994975	0.800502512563	0.0276381909548	0.0120603015075
dao-	0.312200956938	0.677033492823	0.00358851674641	0.00717703349282
bir-	0.0339611593637	0.931296964965	0.0230311310627	0.0117107446082
tol-	0.372299111441	0.216737449941	0.0778435729291	0.333119865688
kri-	0.0623376623377	0.937662337662	0.0	0.0
mir-	0.0428954423592	0.946380697051	0.0107238605898	0.0
isa-	0.0534411757453	0.85334747121	0.00497127216235	0.0882400808818
ag--	0.420138678587	0.424771067012	0.0553893765715	0.0997008778288
bab-	0.0830782241871	0.7029744587	0.011698305265	0.202249011848
ita-	0.0	0.980861244019	0.0191387559809	0.0
obo-	0.0161648177496	0.976545166403	0.00475435816165	0.00253565768621
siy-	0.0754215157292	0.144687917368	0.0433272537168	0.736563313186
war-	0.269151138716	0.383022774327	0.111801242236	0.23602484472
sor-	0.440516159899	0.518910934879	0.0103421130956	0.0302307921258
kom-	0.0877298954285	0.0483493711074	0.00962981247482	0.854290920989
dat-	0.103448275862	0.827586206897	0.0	0.0689655172414
mee-	0.329787234043	0.468085106383	0.159574468085	0.0425531914894
tow-	0.497866083199	0.0571154663119	0.00756383998771	0.437454610502
ali-	0.175127962613	0.594233337042	0.195142984311	0.0354957160343
oni-	0.0180859080633	0.938960060286	0.0	0.0429540316503
mal-	0.250559731852	0.290029543396	0.305621971954	0.153788752798
pek-	0.0	1.0	0.0	0.0
sab-	0.491826419997	0.129921680621	0.0367089925978	0.341542906784
aki-	0.913875815842	0.0290406595343	0.00668883101209	0.050394693612
nin-	0.0210980246685	0.978901975332	0.0	0.0
ism-	0.0	1.0	0.0	0.0
toy-	0.116129032258	0.622580645161	0.164516129032	0.0967741935484
sir-	0.0683739433118	0.721282943809	0.199900546992	0.0104425658876
lim-	0.252703351654	0.156724229163	0.0148702043591	0.575702214824
mab-	0.203116265442	0.408305574417	0.303400371408	0.0851777887335
pey-	0.0913705583756	0.817258883249	0.0609137055837	0.0304568527919
sak-	0.0883302819064	0.657965361566	0.0947269067628	0.158977449765
apa-	0.153118297235	0.669574112851	0.0444696898823	0.132837900031
ALL	0.212590367921	0.285811114206	0.052096330221	0.449502187651
san-	0.127012928102	0.727602630982	0.091177137673	0.0542073032434
ine-	0.349479542208	0.603193678299	0.0170522307614	0.0302745487314
mae-	0.247294158347	0.115739596718	0.517427350005	0.119538894929
ger-	0.905063291139	0.0569620253164	0.0379746835443	0.0
sok-	0.0417080715811	0.793073891576	0.122476209436	0.0427418274067
arm-	0.196105702364	0.65090403338	0.152990264256	0.0
big-	0.256906077348	0.270718232044	0.0662983425414	0.406077348066
tel-	0.128342245989	0.775401069519	0.096256684492	0.0
lid-	0.0152091254753	0.977186311787	0.0	0.00760456273763
gas-	0.443548387097	0.435483870968	0.0322580645161	0.0887096774193
ata-	0.27676832686	0.266579641446	0.377862591994	0.0787894397008
pig-	0.0	1.0	0.0	0.0
baw-	0.3825	0.4775	0.11	0.03
oka-	0.493096646943	0.333333333333	0.112426035503	0.0611439842209
agd-	0.559579439252	0.174065420561	0.210280373832	0.0560747663551
sed-	0.513966480447	0.324022346369	0.162011173184	0.0
anh-	0.215508559919	0.684793554884	0.0422960725075	0.0574018126888
adi-	0.417218543046	0.523178807947	0.0397350993377	0.0198675496689
bin-	0.629540673073	0.225291746816	0.0819042895265	0.0632632905836
ome-	0.56338028169	0.380281690141	0.0	0.056338028169
tek-	0.179640718563	0.179640718563	0.640718562874	0.0
aas-	0.513513513514	0.358722358722	0.085995085995	0.041769041769
win-	0.709827357238	0.178618857902	0.0776892430279	0.0338645418327
tal-	0.102526920042	0.795125264428	0.0388198616612	0.0635279538688
gid-	0.18264402645	0.045895594906	0.094712448679	0.676747929965
alp-	0.0	1.0	0.0	0.0
paa-	0.378473348867	0.477694650436	0.0282628663141	0.115569134382
ami-	0.327538883806	0.665141811528	0.0	0.00731930466606
kos-	0.150052796354	0.619866249236	0.0500175987848	0.180063355625
lem-	0.58012070452	0.371843823131	0.0221702180071	0.0258652543417
alb-	0.729350649351	0.0462337662338	0.0374025974026	0.187012987013
paw-	0.255244755245	0.744755244755	0.0	0.0
dak-	0.162167861662	0.315267819485	0.118937157318	0.403627161535
pon-	0.0444301352222	0.893754024469	0.0367031551835	0.0251126851256
anr-	0.00728155339806	0.983009708738	0.00485436893206	0.00485436893203
sik-	0.329306366228	0.354961313968	0.201167367992	0.114564951812
nga-	0.113911263989	0.125877386329	0.0269176774761	0.733293672206
ben-	0.475243506494	0.128246753247	0.288555194805	0.107954545455
bog-	0.0780700690993	0.863862286338	0.0425506121954	0.0155170323676
ion-	0.0314136125654	0.968586387435	0.0	0.0
nip-	0.0	1.0	0.0	0.0
aob-	0.665760869565	0.10597826087	0.0896739130435	0.138586956522
pin-	0.677329170629	0.179985700136	0.0391230357559	0.103562093479
pog-	0.0	1.0	0.0	0.0
ade-	0.590558673856	0.237329508626	0.114024079105	0.0580877384121
ili-	0.0166145926049	0.965768210064	0.00343750191825	0.0141796954128
lam-	0.206001052816	0.68941919635	0.0670293033866	0.0375504474469
nar-	0.591697358696	0.213530389338	0.0851338970646	0.109638354902
gat-	0.047619047619	0.880952380952	0.0714285714286	0.0
an--	0.312382739212	0.670731707317	0.0	0.0168855534709
sat-	0.170256834192	0.153939534985	0.0143668570707	0.661436773752
asm-	0.749196141479	0.147909967846	0.0514469453376	0.0514469453376
iwp-	0.0	1.0	0.0	0.0
eya-	0.167891464104	0.625211984172	0.145845110232	0.0610514414924
rak-	0.213243546577	0.554807332585	0.15899738122	0.0729517396184
dik-	0.225505443235	0.61399688958	0.0578538102644	0.102643856921
nad-	0.634509975883	0.20850690638	0.0320105240079	0.124972593729
yad-	0.332381099444	0.299529030266	0.305551266214	0.0625386040766
kis-	0.0744680851064	0.893617021277	0.031914893617	0.0
bob-	0.246676514032	0.620384047267	0.1329394387	0.0
ded-	0.481605351171	0.518394648829	0.0	0.0
ban-	0.142866561508	0.664714724642	0.132218217856	0.0602004959948
hal-	0.134393302367	0.739342170489	0.0692162226669	0.0570483044779
ter-	0.279735682819	0.528634361234	0.145374449339	0.0462555066079
tiy-	0.045714320687	0.12012239304	0.0118067732265	0.822356513046
dab-	0.0271440667216	0.959861433252	0.0017326000035	0.0112619000228
nam-	0.63092438706	0.250392909578	0.062252082539	0.0564306208234
ale-	0.280386808827	0.66124473097	0.0354574758245	0.0229109843789
sid-	0.0726852125013	0.0651979743766	0.00606303522054	0.856053777902
bon-	0.529490227919	0.318854027721	0.102505364496	0.0491503798643
oli-	0.057002758198	0.805087342936	0.0882623352743	0.0496475635918
mod-	0.397790055249	0.591160220994	0.0	0.0110497237569
tok-	0.0805105046701	0.862241533886	0.022864082045	0.0343838793991
opy-	0.953630627328	0.0463693726724	0.0	0.0
rir-	0.4	0.292307692308	0.246153846154	0.0615384615385
kon-	0.0404978985654	0.029571450548	0.00522871128865	0.924701939598
hak-	0.00883466554481	0.981068573833	0.0	0.0100967606226
soo-	0.520046710782	0.381860646166	0.0245231607629	0.0735694822888
ala-	0.429931734366	0.228029366404	0.0501509857369	0.291887913493
apl-	0.526315789474	0.473684210526	0.0	0.0
omp-	0.205752725586	0.739967524936	0.0320111343076	0.0222686151705
ene-	0.0167597765363	0.974461292897	0.00478850758182	0.00399042298482
pan-	0.0928689242522	0.386589819882	0.0153398298982	0.505201425967
nim-	0.0	1.0	0.0	0.0
koa-	0.0248514316586	0.963983432379	0.00108049702863	0.0100846389339
rik-	0.44	0.46	0.06	0.04
yam-	0.0134325415846	0.00920865595924	0.00327765720583	0.97408114525
ina-	0.612330839857	0.210769706814	0.0568810134558	0.120018439873
baa-	0.301948051948	0.581168831169	0.116883116883	0.0
mai-	0.195769836091	0.326321446394	0.406510306706	0.0713984108096
pen-	0.5859375	0.3984375	0.015625	0.0
how-	0.0228357561293	0.937676285528	0.0128010414407	0.0266869169017
rab-	0.263473053892	0.592814371258	0.0	0.14371257485
ape-	0.585365853659	0.213414634146	0.201219512195	0.0
ba--	0.634920634921	0.0952380952381	0.0	0.269841269841
ipo-	0.714285714286	0.247252747253	0.00549450549451	0.032967032967
pae-	0.495027124774	0.331374321881	0.130198915009	0.0433996383364
lab-	0.072709631424	0.126080440501	0.145169401572	0.656040526503
isp-	0.0116774849194	0.943275103256	0.033518706713	0.0115287051115
tia-	0.0	1.0	0.0	0.0
nal-	0.67673974893	0.156363142603	0.0728673461914	0.0940297622753
awi-	0.388646992421	0.475084663764	0.0709562973714	0.0653120464441
iba-	0.116634454538	0.0691239504094	0.011785532117	0.802456062935
ino-	0.729851383039	0.174658939452	0.0180055716202	0.0774841058894
bas-	0.272689251359	0.541196152238	0.141781681305	0.0443329150983
dir-	0.0365659777424	0.953895071542	0.00953895071541	0.0
hoa-	0.0	1.0	0.0	0.0
mid-	0.0	1.0	0.0	0.0
ang-	0.161681511487	0.315647546711	0.0649638831042	0.457707058698
rob-	0.0338850782437	0.762804452294	0.0	0.203310469462
ito-	0.0	0.990099009901	0.00990099009901	0.0
omi-	0.427611596871	0.217579383341	0.0208007363092	0.334008283479
day-	0.283156486909	0.390826686689	0.0367895120275	0.289227314374
ma--	0.666666666667	0.285714285714	0.047619047619	0.0
sod-	0.00471698113207	0.990566037736	0.0	0.00471698113208
ay--	0.730221969266	0.143426294821	0.0102447353443	0.116107000569
har-	0.0	1.0	0.0	0.0
kan-	0.110699453358	0.229185893795	0.270969402243	0.389145250603
hop-	0.00940438871473	0.985579937304	0.00376175548589	0.00125391849529
agi-	0.216814159292	0.734513274336	0.0486725663717	0.0
lig-	0.0474991912513	0.303529300373	0.620803383331	0.0281681250444
diy-	0.0243575883462	0.855527091853	0.010431301208	0.109684018592
gap-	0.280951489043	0.57744896048	0.114628207529	0.0269713429481
osi-	0.0	0.937306556689	0.0313467216554	0.0313467216553
sio-	0.0346820809249	0.95464650956	0.00533570475767	0.00533570475767
daw-	0.093896713615	0.884976525822	0.0105633802817	0.0105633802817
gir-	0.113804576628	0.578189719563	0.161200516059	0.14680518775
tod-	0.301394245031	0.581726490656	0.0314446751706	0.0854345891427
dap-	0.194749114984	0.0530421832262	0.0959506748938	0.656258026896
lol-	0.103448275862	0.181034482759	0.508620689655	0.206896551724
pib-	0.0	1.0	0.0	0.0
ipa-	0.0315217391304	0.948913043478	0.0130434782609	0.00652173913043
mat-	0.0804785701648	0.502889354785	0.290990314473	0.125641760577
hir-	0.0119678846057	0.961677639845	0.0119678846057	0.0143865909433
aka-	0.467137032355	0.30051028758	0.13482982564	0.0975228544258
a-d-	0.127659574468	0.0425531914894	0.0425531914894	0.787234042553
bem-	0.708463949843	0.0156739811912	0.100313479624	0.175548589342
adm-	0.0	1.0	0.0	0.0
par-	0.139693768809	0.211453730477	0.00986645329211	0.638986047423
too-	0.312796208531	0.483412322275	0.161137440758	0.042654028436
rog-	0.372069317024	0.239551478084	0.134556574924	0.253822629969
nah-	0.469884735825	0.349740155906	0.0870977413552	0.0932773669132
sol-	0.157603913471	0.764537319236	0.0621896523428	0.0156691149494
pom-	0.707232683864	0.133538071404	0.0533427316404	0.105886513092
hib-	0.00307850179579	0.96305797845	0.0277065161621	0.00615700359159
tha-	0.382165605095	0.522292993631	0.0	0.0955414012739
raw-	0.0716860787577	0.792515945646	0.114392678869	0.0214052967277
sag-	0.312506908978	0.511783953483	0.077822732197	0.0978864053416
hik-	0.619265608259	0.252167137431	0.0321418135775	0.0964254407325
bib-	0.0222990492653	0.945030250648	0.0155574762316	0.0171132238548
gay-	0.274932236658	0.182727357697	0.150107486681	0.392232918964
aam-	0.291666666667	0.458333333333	0.25	0.0
apy-	0.0	1.0	0.0	0.0
kin-	0.448577411132	0.452353844194	0.0476089484907	0.0514597961827
gob-	0.0454458293385	0.922531160115	0.0143815915628	0.0176414189837
ona-	0.311435840564	0.391480200926	0.0258333876965	0.271250570813
dan-	0.0310800810785	0.871625752067	0.0932402432354	0.00405392361893
tio-	0.25641025641	0.717948717949	0.0	0.025641025641
ser-	0.234563920683	0.550056424311	0.0814122198936	0.133967435112
kag-	0.127032958125	0.732054789761	0.0994064341127	0.0415058180012
hay-	0.0847136275989	0.7886031933	0.0620426472605	0.0646405318402
mis-	0.672921967769	0.22683418151	0.0219465648855	0.0782972858355
ran-	0.551470588235	0.330882352941	0.0882352941176	0.0294117647059
lay-	0.221514124359	0.236447807066	0.0638131624258	0.478224906149
din-	0.101978270031	0.0600890540365	0.0915501371093	0.746382538824
yon-	0.0480549199085	0.897025171625	0.0549199084668	0.0
rin-	0.534173085917	0.349770221121	0.0201563810503	0.0959003119118
yin-	0.660938713953	0.187742790549	0.0582240299804	0.093094465518
agr-	0.251702481096	0.684012641267	0.0313428756638	0.0329420019732
was-	0.230769230769	0.723076923077	0.0	0.0461538461538
sos-	0.00398406374502	0.96015936255	0.0318725099601	0.00398406374504
deg-	0.131320754717	0.596981132076	0.24	0.0316981132076
tat-	0.0536275249281	0.0496241100069	0.0280156158048	0.86873274926
bit-	0.0257112750264	0.965437302424	0.00189673340358	0.00695468914647
dog-	0.190989226249	0.739419557709	0.0695912160421	0.0
ron-	0.173007896626	0.597272074659	0.152907394113	0.0768126346016
rig-	0.0222222222222	0.977777777778	0.0	0.0
dae-	0.105889074711	0.310569155223	0.447930846497	0.135610923569
pot-	0.415191337999	0.391506465294	0.043561058413	0.149741138295
mam-	0.618887978735	0.232451681398	0.041057296631	0.107603043237
hot-	0.0	1.0	0.0	0.0
sis-	0.0904566378279	0.866260774274	0.0140569138679	0.0292256740304
gil-	0.0684345594525	0.803250641574	0.0427715996578	0.0855431993157
pai-	0.432434219225	0.330556657411	0.140817136057	0.0961919873066
ama-	0.774968913144	0.0685943285309	0.0289222311942	0.127514527131
reg-	0.805978411293	0.0932742872959	0.100747301412	0.0
map-	0.150550724423	0.432470034957	0.323436773556	0.0935424670644
bet-	0.179659929419	0.497754250882	0.0891883221046	0.233397497594
hip-	0.0	1.0	0.0	0.0
law-	0.0435347690173	0.869751547146	0.0549977157651	0.0317159680715
sal-	0.0996030995802	0.793541981165	0.0786371877868	0.0282177314682
siw-	0.612765957447	0.212765957447	0.0553191489361	0.11914893617
kiy-	0.0	0.965517241379	0.0344827586207	0.0
isk-	0.0	0.99176276771	0.0	0.00823723228995
anl-	0.337078651685	0.454064771976	0.161269001983	0.0475875743556
gab-	0.00247218788628	0.915945611867	0.0778739184178	0.00370828182942
soh-	0.0	0.898113207547	0.101886792453	0.0
bad-	0.118741921586	0.758552348126	0.037052994399	0.0856527358897
sim-	0.0884438556846	0.891373801917	0.0146497311619	0.00553261123665
eme-	0.505485232068	0.162025316456	0.158649789029	0.173839662447
min-	0.656061746988	0.256212349398	0.0135542168675	0.074171686747
apr-	0.00970873786408	0.52427184466	0.466019417476	0.0
alt-	0.0919540229885	0.724137931034	0.183908045977	0.0
age-	0.458333333333	0.375	0.0555555555556	0.111111111111
das-	0.0579710144927	0.449275362319	0.173913043478	0.31884057971
tab-	0.345810879881	0.513195638436	0.0588348889822	0.0821585927005
lok-	0.0964364437913	0.800698016165	0.0411462160176	0.0617193240264
igo-	0.00464876033058	0.939566115702	0.0309917355372	0.0247933884298
gal-	0.102458435676	0.690893542932	0.0436420787756	0.163005942616
ida-	0.500792018347	0.325767784949	0.0291273612786	0.144312835426
kar-	0.342601961608	0.487676937407	0.0909937718032	0.0787273291813
soa-	0.12	0.674285714286	0.0571428571429	0.148571428571
ark-	0.143181818182	0.856818181818	0.0	0.0
kay-	0.123793367438	0.0776960818778	0.0145712540276	0.783939296657
ibe-	0.0764550192299	0.151499198351	0.668742922212	0.103302860207
abl-	0.13597733711	0.723796033994	0.0977337110482	0.0424929178471
bii-	0.0382352941177	0.961764705882	0.0	0.0
kob-	0.218735759391	0.704706724823	0.0	0.0765575157867
ati-	0.0	0.993189557321	0.00681044267877	0.0
beg-	0.398132427844	0.418505942275	0.137521222411	0.0458404074703
als-	0.523059617548	0.230596175478	0.0911136107986	0.155230596175
ete-	0.530545614366	0.216111006467	0.197777359201	0.0555660199661
aon-	0.561643835616	0.156164383562	0.249315068493	0.0328767123288
lop-	0.0592886800069	0.848754397094	0.0293812352229	0.0625756876766
oma-	0.28699161047	0.196839748419	0.0844188785772	0.431749762534
lob-	0.117251782776	0.825150850247	0.0390839275919	0.0185134393856
tay-	0.186099230444	0.104306349161	0.0260149864997	0.683579433895
kak-	0.166344556754	0.497617209931	0.22810321513	0.107935018184
aan-	0.336734693878	0.510204081633	0.15306122449	0.0
gog-	0.0	0.982456140351	0.0175438596491	0.0
ani-	0.109536549789	0.481335523288	0.0641274104776	0.345000516446
hoy-	0.101507228545	0.651645647493	0.198400492156	0.0484466318056
ake-	0.395368072787	0.361455748553	0.185277088503	0.0578990901572
aog-	0.704752275025	0.17593528817	0.0546006066734	0.0647118301314
ngi-	0.00800302300891	0.966654070796	0.0253429061948	0.0
ano-	0.212162894347	0.725841454707	0.0385750716995	0.0234205792461
may-	0.245773562507	0.343812090743	0.219146009702	0.191268337048
asn-	0.00775360758132	0.989661856558	0.00258453586044	0.0
tik-	0.0539568345323	0.845323741007	0.0510791366906	0.0496402877699
pri-	0.0	0.985221674877	0.0	0.0147783251231
aag-	0.953407319087	0.0234797762084	0.0115564523526	0.0115564523526
bom-	0.638483794138	0.249143484354	0.0432653626671	0.0691073588414
kit-	0.213574922192	0.165449222755	0.102089131338	0.518886723714
gol-	0.139059461953	0.780969538519	0.066129864994	0.0138411345336
sow-	0.24391563007	0.554894537588	0.107084910763	0.0941049215792
nag-	0.519628190906	0.311433024699	0.0756712203754	0.0932675640197
bai-	0.723048889591	0.139564256394	0.0473963267025	0.089990527313
arp-	0.0	1.0	0.0	0.0
had-	0.060060447227	0.869748203662	0.022680168883	0.0475111802279
kad-	0.102595155378	0.687720715545	0.109671081049	0.100013048028
oda-	0.0904365185407	0.47827886676	0.0114343126313	0.419850302068
tir-	0.0589562340202	0.927507895924	0.00812152203339	0.00541434802226
oti-	0.0547945205479	0.945205479452	0.0	0.0
koy-	0.0686675509191	0.086502950796	0.0164539609554	0.828375537329
ald-	0.00923825338541	0.904326442788	0.0133812675619	0.0730540362647
iko-	0.0796963946869	0.916508538899	0.0	0.00379506641366
sie-	0.0852272727272	0.846590909091	0.0284090909091	0.0397727272727
ain-	0.465753424658	0.472602739726	0.0616438356164	0.0
daa-	0.0	0.025564131557	0.0342903495403	0.940145518903
tap-	0.0	0.905759162304	0.0628272251309	0.0314136125654
aho-	0.7125	0.08125	0.05625	0.15
ame-	0.551648351648	0.30989010989	0.0659340659341	0.0725274725274
dom-	0.524610526631	0.165494380509	0.0442974514	0.26559764146
lai-	0.413874655105	0.262908947576	0.0591249507292	0.26409144659
iso-	0.015306122449	0.928571428571	0.0561224489796	0.0
bos-	0.121676635812	0.557779344538	0.240169210125	0.0803748095249
pam-	0.18908373068	0.748164420163	0.0362771399711	0.0264747091855
mag-	0.496233838804	0.361327526508	0.059697986685	0.0827406480033
agw-	0.560373216246	0.343029637761	0.0570801317234	0.0395170142701
rim-	0.0401978972266	0.924975292557	0.0225074122329	0.0123193979836
ika-	0.0452200643833	0.144974668848	0.762639189403	0.0471660773656
hob-	0.0	1.0	0.0	0.0
ket-	0.382222222222	0.101111111111	0.428888888889	0.0877777777778
bot-	0.0677102003426	0.841478472139	0.0430158919823	0.0477954355359
lag-	0.0727493179751	0.891482267354	0.0266747499242	0.00909366474688
dob-	0.367213114754	0.206557377049	0.255737704918	0.170491803279
taw-	0.0385940268834	0.269926956822	0.0078013571336	0.683677659161
leb-	0.0599097250718	0.881548351799	0.048009848174	0.0105320749556
mon-	0.0903362580622	0.170187228876	0.199665192597	0.539811320466
alo-	0.381369016984	0.485846628924	0.0972722593927	0.0355120946989
ram-	0.150501672241	0.849498327759	0.0	0.0
asy-	0.30479064504	0.26593738212	0.352319879291	0.0769520935496
pit-	0.00688707840295	0.0538970646666	0.00711412494371	0.932101731987
opa-	0.411678832117	0.518248175183	0.0394160583941	0.0306569343066
da--	0.247914465006	0.2114010487	0.0584820330295	0.482202453264
lap-	0.10332103321	0.660516605166	0.166051660517	0.070110701107
hit-	0.0458553791887	0.927689594356	0.0	0.026455026455
las-	0.0563125096577	0.845223168104	0.0613079742241	0.0371563480146
pem-	0.15737704918	0.449180327869	0.354098360656	0.0393442622951
sip-	0.09477124183	0.87091503268	0.0212418300654	0.0130718954248
pad-	0.304717250276	0.403614532554	0.0795842171201	0.21208400005
lio-	0.105263157895	0.491228070175	0.368421052632	0.0350877192982
bar-	0.0782881611682	0.877879145015	0.0224919951523	0.0213406986646
adr-	0.101694915254	0.822033898305	0.0661016949152	0.0101694915254
pis-	0.0305000502058	0.956069886535	0.00828396425344	0.00514609900593
lih-	0.123711340206	0.525773195876	0.319587628866	0.0309278350516
ten-	0.0476459510358	0.573822975518	0.0689265536723	0.309604519774
yod-	0.127659574468	0.872340425532	0.0	0.0
his-	0.0107644074751	0.809661520615	0.003645552854	0.175928519056
sai-	0.0202471132096	0.0752800396498	0.0363265401456	0.868146306995
apo-	0.207776103671	0.722050065119	0.0334022444941	0.0367715867157
amb-	0.28705795964	0.0518321966377	0.00237069330527	0.658739150418
lot-	0.00567577155019	0.93614757006	0.0496630010642	0.00851365732529
pi--	0.492890995261	0.32701421801	0.0663507109005	0.113744075829
awa-	0.414640670738	0.264794674452	0.0453986135844	0.275166041226
ima-	0.0204081632653	0.979591836735	0.0	0.0
tig-	0.217565959911	0.534419917849	0.112658200616	0.135355921624
kao-	0.0778120926703	0.483083827817	0.249959401762	0.189144677751
ibo-	0.00249687890137	0.985018726592	0.00749063670411	0.00499375780277
ado-	0.622950819672	0.311475409836	0.0327868852459	0.0327868852459
aer-	0.816666666667	0.0333333333333	0.15	0.0
mik-	0.729166666667	0.270833333333	0.0	0.0
tis-	0.00459066564651	0.995409334353	0.0	0.0
kot-	0.210084503889	0.57557781633	0.083384632604	0.130953047177
ilo-	0.0	0.985239852399	0.0147601476015	0.0
ihi-	0.0135849056604	0.918167115903	0.0653369272237	0.00291105121294
wak-	0.0491997628927	0.917012448133	0.0	0.0337877889745
say-	0.415978249503	0.329812820245	0.0462198055004	0.207989124752
tan-	0.22092524349	0.533150214251	0.0670687558404	0.178855786419
loo-	0.01643017177	0.859596713966	0.0	0.123973114264
ley-	0.0781938325991	0.842511013216	0.0	0.0792951541851
dep-	0.158450704225	0.640845070423	0.0387323943661	0.161971830986
aha-	0.384045250634	0.409986346792	0.115857226448	0.0901111761264
moy-	0.0370260006213	0.943573389464	0.00741788026146	0.0119827296531
abo-	0.223475837695	0.691293413988	0.059946985659	0.0252837626589
aga-	0.134391191411	0.275271419103	0.0241842331804	0.566153156306
mos-	0.00808843354003	0.953087085468	0.0323537341602	0.00647074683203
pob-	0.0225563909774	0.921052631579	0.0563909774436	0.0
rem-	0.372391030765	0.412205266615	0.0403069422129	0.175096760406
rop-	0.0519113708302	0.405502800097	0.0162162162162	0.526369612856
oro-	0.0241935483871	0.83064516129	0.145161290323	0.0
osa-	0.262357414449	0.578707224335	0.0973384030418	0.0615969581749
sii-	0.0590551181102	0.917322834646	0.0157480314961	0.00787401574803
bel-	0.135829966139	0.827787007217	0.031531956425	0.00485107021924
boa-	0.139021699154	0.820154468555	0.00772342773077	0.0331004045605
wal-	0.158867904134	0.148787545368	0.024792919643	0.667551630854
ton-	0.0404771345493	0.906208696801	0.031109569125	0.0222045995242
ant-	0.0322491144076	0.943360799066	0.00162600576845	0.0227640807583
ori-	0.0379027163613	0.962097283639	0.0	0.0
nak-	0.0819941596113	0.407334687283	0.0181627926065	0.492508360499
niy-	0.0	1.0	0.0	0.0
pol-	0.193873403377	0.707095963639	0.0539495239385	0.0450811090446
pih-	0.304587155963	0.20256880734	0.108623853211	0.384220183486
aya-	0.321369955576	0.147507779345	0.0397743045484	0.491347960531
sar-	0.337226606539	0.551657271702	0.0315670800451	0.0795490417136
lao-	0.0	1.0	0.0	0.0
bee-	0.0852354810749	0.824039295001	0.0837908119041	0.00693441201965
ret-	0.0696055684454	0.916473317865	0.0139211136891	0.0
kah-	0.162552076742	0.748420729132	0.0445883739237	0.0444388202019
dam-	0.072095268748	0.903765690377	0.0202767943354	0.00386224654007
ask-	0.6	0.08	0.3	0.02
nap-	0.514888115218	0.301589194052	0.0906249261089	0.0928977646219
hee-	0.0568237968178	0.133412392529	0.0355766380077	0.774187172645
art-	0.0115384615385	0.953846153846	0.0115384615385	0.0230769230769
rad-	0.0598967297763	0.710499139415	0.146643717728	0.0829604130809
ido-	0.0323741007194	0.967625899281	0.0	0.0
igw-	0.0899193232553	0.89692175139	0.00328973133861	0.00986919401582
bal-	0.119156044364	0.699173578412	0.033975180902	0.147695196322
obi-	0.00904522613067	0.168844221106	0.822110552764	0.0
han-	0.295225453861	0.293801831125	0.349689610733	0.0612831042809
ayo-	0.487096774194	0.31935483871	0.0774193548387	0.116129032258
sad-	0.0723941488871	0.171759844427	0.281039794479	0.474806212206
orp-	0.0488720473138	0.87250770266	0.0701207635371	0.00849948648936
dim-	0.00581395348837	0.953488372093	0.0203488372093	0.0203488372093
mok-	0.506024096386	0.349397590361	0.144578313253	0.0
top-	0.0124153761727	0.975920355822	0.00238587300116	0.00927839500453
ags-	0.630891593357	0.237923011833	0.0437284649365	0.0874569298729
eln-	0.149377593361	0.286307053942	0.124481327801	0.439834024896
sop-	0.685943060498	0.247330960854	0.0320284697509	0.0346975088968
amp-	0.317647058823	0.635294117647	0.0117647058824	0.035294117647
kaa-	0.148038207947	0.382375004372	0.0627412170894	0.406845570593
ele-	0.291891891892	0.659459459459	0.0	0.0486486486486
boh-	0.0371624281552	0.956538855208	0.00503897330919	0.00125974332729
nab-	0.0669787980777	0.0768071166131	0.0249455737017	0.831268511607
yog-	0.050996754752	0.93973110802	0.00927213722763	0.0
rom-	0.13186191827	0.380374177818	0.19464078759	0.293123116322
ga--	0.0540540540541	0.702702702703	0.243243243243	0.0
sib-	0.151681293146	0.425975962861	0.22695887381	0.195383870183
agt-	0.559205786648	0.287748419112	0.0518414228803	0.10120437136
sit-	0.0	1.0	0.0	0.0
era-	0.164955360747	0.572900017759	0.0100902471707	0.252054374324
rod-	0.0194805194805	0.980519480519	0.0	0.0
bia-	0.0	0.994005994006	0.0	0.005994005994
ipr-	0.0	1.0	0.0	0.0
ena-	0.376288659794	0.623711340206	0.0	0.0
bla-	0.177777777778	0.688888888889	0.133333333333	0.0
yat-	0.00936768149884	0.962529274005	0.0281030444965	0.0
pah-	0.285829469865	0.60310421286	0.0651078411611	0.0459584761137
kwa-	0.0628669094152	0.890614550048	0.0271977409527	0.0193207995839
mak-	0.180859833032	0.124368438328	0.0703418082205	0.62442992042
sam-	0.0891790873227	0.594746541815	0.0218910435681	0.294183327295
hon-	0.00117812313607	0.987187910895	0.00353436940822	0.0080995965605
olb-	0.710227272727	0.221590909091	0.0	0.0681818181818
bow-	0.0208333333333	0.9375	0.0416666666667	0.0
nik-	0.0	0.971641634282	0.0126037180968	0.015754647621
teb-	0.231686432676	0.256445959572	0.0336102175061	0.478257390247
isl-	0.0686015831135	0.808267370273	0.0175901495163	0.105540897098
yao-	0.00643431635389	0.991957104558	0.0	0.00160857908847
mas-	0.182640864254	0.432622662305	0.322721178783	0.0620152946582
bag-	0.267322380351	0.190944557393	0.263201274795	0.278531787461
lib-	0.0276169265033	0.892204899777	0.0694877505568	0.0106904231626
nay-	0.488927692674	0.255893324867	0.0928645130566	0.162314469402
lad-	0.0376051828133	0.868568024425	0.0390944969841	0.0547322957778
ing-	0.363228699552	0.47533632287	0.0807174887892	0.0807174887893
tib-	0.0764768363428	0.754228286625	0.0359506495629	0.13334422747
kas-	0.255710334226	0.543588759041	0.0473601024624	0.15334080427
ned-	0.236117184084	0.340183646699	0.104503716659	0.319195452558
dar-	0.101256810519	0.289162643582	0.0429123959632	0.566668149935
gam-	0.299512118761	0.616021811161	0.0415481750111	0.0429178950664
ara-	0.205713683009	0.270357089251	0.38028451158	0.14364471616
gad-	0.0107913669065	0.902877697842	0.021582733813	0.0647482014389
sem-	0.719972994981	0.0465912468934	0.0427423553132	0.190693402812
amo-	0.214172519374	0.713171486712	0.0482565929728	0.0243994009413
lik-	0.0821917808219	0.520547945205	0.397260273973	0.0
rot-	0.111111111111	0.888888888889	0.0	0.0
pag-	0.123670647877	0.233734907878	0.0211356249484	0.621458819296
abs-	0.549450549451	0.257142857143	0.167032967033	0.0263736263736
yom-	0.597775305896	0.134816462736	0.0480533926585	0.21935483871
los-	0.107600875821	0.722865186112	0.0638098217078	0.105724116359
ago-	0.310769230769	0.652307692308	0.0184615384615	0.0184615384615
kal-	0.16255872004	0.40856560702	0.0628517551005	0.36602391784
aba-	0.361494776488	0.12029163369	0.223880788772	0.294332801051
kil-	0.78240565527	0.122838561286	0.0541940506721	0.0405617327711
tob-	0.0701381509033	0.863974495218	0.0510095642933	0.0148777895855
les-	0.0269461077844	0.955089820359	0.0179640718563	0.0
oya-	0.113372086909	0.818604660946	0.0194352148987	0.0485880372466
lak-	0.143863565499	0.0644900312739	0.0622136399723	0.729432763255
let-	0.0	0.952380952381	0.0	0.047619047619
hol-	0.0792452830189	0.905660377359	0.0	0.0150943396226
ora-	0.0	0.948936170213	0.0510638297872	0.0
tor-	0.0728702943338	0.89549206898	0.0160781432338	0.015559493452
tog-	0.421554252199	0.565249266862	0.0109970674487	0.00219941348974
orb-	0.0338983050847	0.966101694915	0.0	0.0
iga-	0.06	0.82	0.12	0.0
ota-	0.294781106183	0.544075134698	0.131203151307	0.0299406078121
nir-	0.0	1.0	0.0	0.0
nas-	0.467812054394	0.42298194971	0.0271276040761	0.08207839182
pil-	0.0161028216871	0.919436647461	0.0412173142266	0.0232432166248
hin-	0.497134949157	0.319582932407	0.134810021127	0.0484720973081
gom-	0.759478354396	0.145872546383	0.0165367034149	0.0781123958053
pos-	0.040808072837	0.903064797735	0.0152894640796	0.0408376653482
hos-	0.168341893757	0.75284538309	0.02814685091	0.050665872243
ako-	0.179341724481	0.021307097139	0.00134721004962	0.798003968331
olo-	0.042697947214	0.909208211144	0.0130205278592	0.035073313783
nid-	0.0229007633588	0.916030534351	0.0	0.06106870229
man-	0.444580108913	0.26910912439	0.0426567857522	0.243653980945
mit-	0.0877071823204	0.763121546961	0.116022099447	0.0331491712707
anw-	0.244625217896	0.737943056363	0.0174317257409	0.0
asa-	0.567982876965	0.17312864418	0.130418481069	0.128469997786
bah-	0.36060550108	0.334376407097	0.131841932213	0.17317615961
nao-	0.582741247901	0.193773414288	0.126081901563	0.0974034362485
sep-	0.0158939406688	0.984106059331	0.0	0.0
kae-	0.400258231117	0.338121368625	0.167688831504	0.093931568754
gis-	0.0670051924252	0.809598350641	0.0893402565669	0.0340562003665
rar-	0.178571428571	0.702380952381	0.119047619048	0.0
irg-	0.121546961326	0.546961325967	0.28729281768	0.0441988950276
bis-	0.466666666667	0.166666666667	0.15	0.216666666667
rib-	0.226913988495	0.429979486475	0.0228516018785	0.320254923152
tom-	0.625383816277	0.194918394749	0.0314724702869	0.148225318687
tep-	0.607929646891	0.279955034495	0.0661550016663	0.0459603169471
aso-	0.190956657541	0.63113644882	0.139050855056	0.0388560385833
owa-	0.18118466899	0.81881533101	0.0	0.0
nat-	0.555718639816	0.20785825029	0.187028472618	0.0493946372759
log-	0.13138108429	0.581321725366	0.277799762564	0.00949742777998
igt-	0.862068965517	0.137931034483	0.0	0.0
emp-	0.500547645126	0.156261409273	0.19423147134	0.148959474261
lip-	0.036036036036	0.711711711712	0.0990990990991	0.153153153153
hai-	0.108808290155	0.79792746114	0.0259067357513	0.0673575129534
hom-	0.640736128991	0.250575100775	0.0725998775932	0.0360888926408
bor-	0.26213592233	0.582524271845	0.155339805825	0.0
kod-	0.30398963251	0.647412755716	0.00860871980006	0.0399888919744
pal-	0.279995445057	0.440376324323	0.0344959017438	0.245132328876
ka--	0.160583941606	0.576642335766	0.248175182482	0.014598540146
kol-	0.100231797965	0.266192983917	0.051819839548	0.58175537857
agp-	0.497877811729	0.300058859926	0.126377179924	0.0756861484206
kor-	0.0427454897115	0.0361918901912	0.00325067314751	0.91781194695
rap-	0.0228240820605	0.0898233787603	0.880584933452	0.00676760572725
sao-	0.0532249606712	0.916885159937	0.0	0.0298898793917
sot-	0.0	0.977777777778	0.0	0.0222222222222
tot-	0.117640888862	0.314832851342	0.329502374994	0.238023884802
saa-	0.0751139975968	0.0796646109335	0.0108061384873	0.834415252982
gem-	0.880281690141	0.056338028169	0.0633802816901	0.0
sob-	0.182586644125	0.443786982249	0.246830092984	0.126796280642
bok-	0.241359147609	0.502942159192	0.136898574399	0.1188001188
bil-	0.0515284963688	0.90239235985	0.023607128628	0.0224720151536
mao-	0.0853440808082	0.114383402688	0.661109872864	0.13916264364
mol-	0.392852539825	0.409726123039	0.0095526453453	0.187868691791
pak-	0.54136140032	0.284961885135	0.0686804030801	0.104996311465
hod-	0.010192681471	0.973661254037	0.000612173061323	0.0155338914311
low-	0.0844237076906	0.151210664346	0.154942334114	0.609423293849
yoy-	0.747967479675	0.0569105691057	0.170731707317	0.0243902439024
boy-	0.178919985334	0.680290518009	0.0982593362082	0.0425301604484
lin-	0.509758419521	0.324605791503	0.0820729059319	0.0835628830441
dip-	0.132075471698	0.509433962264	0.132075471698	0.22641509434
ato-	0.5857038868	0.218149397237	0.0967772343078	0.0993694816553
ber-	0.469548551959	0.3867120954	0.124574105622	0.0191652470187
api-	0.21875862069	0.606482758621	0.107862068966	0.0668965517242
yay-	0.297352342159	0.421588594705	0.0244399185336	0.256619144603
gor-	0.141689844272	0.702874699572	0.00698039855102	0.148455057605
piy-	0.101764546908	0.0936465425991	0.565334873543	0.23925403695
pir-	0.0591617434603	0.571857995162	0.346726952525	0.0222533088526
iti-	0.0	0.866164542294	0.133835457706	0.0
ipi-	0.0151813325836	0.943491706494	0.0269890357042	0.0143379252179
mga-	0.0732410056214	0.0698760962874	0.00359071709156	0.853292181
mad-	0.068255833575	0.570510856948	0.293452574512	0.0677807349655
pes-	0.212765957447	0.771276595745	0.0	0.0159574468085
rag-	0.0806451612903	0.715053763441	0.118279569892	0.0860215053764
ahi-	0.392352941176	0.244705882353	0.135882352941	0.227058823529
bid-	0.225382932166	0.286652078775	0.336980306346	0.150984682713
isi-	0.0	1.0	0.0	0.0
tem-	0.863741339492	0.0587295763096	0.00369083335132	0.0738382508472
arn-	0.884014643848	0.075182731407	0.000950076639518	0.0398525481055
imp-	0.0808635917566	0.880863591757	0.0241413150147	0.0141315014721
diw-	0.0331051732247	0.778381132558	0.130931317462	0.057582376756
gar-	0.587794432548	0.295503211991	0.0974304068523	0.0192719486081
int-	0.358974358974	0.57264957265	0.034188034188	0.034188034188
bol-	0.0786930729479	0.828646685313	0.0694951813046	0.0231650604349
bat-	0.238297960357	0.0518687180048	0.00552074281371	0.704312578825
rao-	0.225663716814	0.376991150442	0.276548672566	0.120796460177
tad-	0.010101010101	0.989898989899	0.0	0.0
loi-	0.0151515151515	0.984848484848	0.0	0.0
oso-	0.0421545667447	0.831381733021	0.126463700234	0.0
pay-	0.185282522996	0.633377135348	0.0788436268068	0.102496714849
kap-	0.199438734638	0.555374535604	0.155019512888	0.0901672168708
abe-	0.701120338067	0.260797995185	0.00958183873028	0.0284998280183
agk-	0.477944410569	0.177433383954	0.173467553093	0.171154652385
aib-	0.240443896424	0.556103575832	0.0184956843403	0.184956843403
agb-	0.405617291489	0.470997679814	0.0407375747955	0.0826474539016
lon-	0.371337756483	0.491194073059	0.124068745901	0.0133994245573
tam-	0.0470556541016	0.0204151238238	0.0057660909724	0.926763131102
gen-	0.637770897833	0.287925696594	0.0557275541796	0.0185758513932
are-	0.392601338056	0.548760330579	0.0231404958678	0.0354978354978
kaw-	0.109506282523	0.0586551592842	0.00206625206244	0.82977230613
bio-	0.0	1.0	0.0	0.0
isr-	0.0302086202148	0.947311346736	0.00645483337923	0.0160251996695
aol-	0.397312859885	0.31094049904	0.124760076775	0.166986564299
liy-	0.0392498909725	0.911033580462	0.0497165285651	0.0
aar-	0.0	1.0	0.0	0.0
dag-	0.0374150724819	0.901165763904	0.0266480200104	0.0347711436036
pab-	0.431617510732	0.46540058964	0.0189955012076	0.0839863984208
pap-	0.425576052978	0.450108878333	0.0482936234012	0.0760214452877
