-eus	0.00717213114754	0.983606557377	0.00102459016394	0.00819672131148
-eum	0.10158013544	0.88374717833	0.0112866817156	0.00338600451467
-rbe	0.0102040816326	0.989795918367	0.0	0.0
-aan	0.0	1.0	0.0	0.0
-mæl	0.576923076923	0.203846153846	0.0346153846154	0.184615384615
-aup	0.0688259109311	0.923076923077	0.0	0.00809716599192
-aus	0.252100959226	0.269913132056	0.332333550267	0.145652358451
-aur	0.08	0.92	0.0	0.0
-aut	0.619187047882	0.273165690665	0.0461591457113	0.0614881157424
-kyn	0.114551083591	0.792569659443	0.0402476780186	0.0526315789473
-ufa	0.113043478261	0.452173913044	0.382608695652	0.0521739130435
-aug	0.449627961621	0.47929312708	0.0549246132759	0.0161542980223
-auk	0.696258719087	0.0903614457832	0.0481927710843	0.165187064046
-aum	0.0504231311707	0.934767277856	0.00846262341326	0.00634696755995
-ufi	0.0972222222222	0.173611111111	0.645833333333	0.0833333333333
-mær	0.338028169014	0.549295774648	0.056338028169	0.056338028169
-aun	0.280442485524	0.578657234219	0.0558508339815	0.0850494462758
-ótt	0.0583303940116	0.189399202642	0.0218934932324	0.730376910114
-óts	0.797520661157	0.152892561983	0.0	0.0495867768595
-óti	0.410908373307	0.084621106321	0.0280527050823	0.476417815289
-óta	0.517915922129	0.324837769209	0.0208783974419	0.13636791122
-tír	0.225540679712	0.573635427395	0.0834191555098	0.117404737384
-tíu	0.00433158091473	0.119726500772	0.0114546250856	0.864487293227
-ídu	0.0	1.0	0.0	0.0
-tíg	0.713973799127	0.150655021834	0.0131004366812	0.122270742358
-hér	0.130951942552	0.0604676855091	0.00795433621801	0.800626035721
-hét	0.650442477876	0.227433628319	0.00530973451328	0.116814159292
-rpi	0.0651066238913	0.776372900547	0.0226457822231	0.135874693338
-auð	0.393857202888	0.525696858565	0.0488342183342	0.0316117202124
-úpt	0.248120300752	0.142857142857	0.372180451128	0.236842105263
-áru	0.679353680431	0.152962298025	0.0129263913824	0.154757630162
-rpa	0.696152145069	0.203007518797	0.030517470146	0.0703228659885
-éfi	0.0563674321503	0.939457202505	0.00417536534446	0.0
-idd	0.226890756302	0.552521008403	0.144957983193	0.0756302521008
-úuð	0.61	0.07	0.14	0.18
-tlu	0.00365185636032	0.0419963481436	0.850273889227	0.104077906269
-úpa	0.337708830549	0.427207637232	0.1861575179	0.0489260143198
-tli	0.535488404779	0.190442726634	0.189739985945	0.0843288826423
-efð	0.0892857142857	0.553571428571	0.285714285714	0.0714285714286
-tla	0.316408437558	0.33224885997	0.250140003733	0.101202698739
-rpu	0.0	0.964285714286	0.0	0.0357142857143
-uta	0.184392361457	0.718632390131	0.0557557896414	0.0412194587706
-ufu	0.351851851852	0.537037037037	0.0	0.111111111111
-uti	0.128196937754	0.782789241679	0.0127771034307	0.0762367171362
-utt	0.677387431964	0.0875804057398	0.138050470064	0.0969816922315
-utu	0.477052359405	0.414996767938	0.0588235294118	0.0491273432449
-tíð	0.102876869965	0.575604142693	0.0317606444189	0.289758342923
-nþá	0.295774647887	0.382293762575	0.144869215292	0.177062374245
-ört	0.803232631542	0.0563976275537	0.0362110228573	0.104158718047
-gys	0.65676077266	0.307578008915	0.0178306092125	0.0178306092125
-ðna	0.441041347626	0.282542113323	0.267228177642	0.00918836140887
-ðni	0.217064846416	0.677815699659	0.0846416382253	0.0204778156997
-ðnu	0.502305435238	0.306273578315	0.141120581249	0.0503004051977
-öxt	0.135893298342	0.815737900553	0.0289554727702	0.0194133283346
-ruð	0.796362133939	0.0553976562786	0.0123783407359	0.135861869046
-ýfi	0.798353909465	0.201646090535	0.0	0.0
-rát	0.192307692308	0.807692307692	0.0	0.0
-rár	0.0799373040752	0.562695924765	0.329153605016	0.0282131661442
-rás	0.253968253968	0.603174603175	0.0	0.142857142857
-ráp	0.0487804878049	0.934959349593	0.0	0.0162601626016
-rái	0.223404255319	0.122340425532	0.106382978723	0.547872340426
-ráa	0.046511627907	0.883720930233	0.0348837209302	0.0348837209302
-rýn	0.719298245614	0.280701754386	0.0	0.0
-oft	0.0813038591233	0.244286249532	0.0168602472836	0.657549644061
-ofu	0.0	0.813333333333	0.186666666667	0.0
-dáð	0.0	0.965517241379	0.0	0.0344827586207
-ofs	0.283018867924	0.691823899371	0.0	0.0251572327044
-nus	0.0	1.0	0.0	0.0
-ofn	0.0693374422188	0.838212634823	0.0462249614792	0.0462249614792
-lpa	0.808174027686	0.168094924193	0.0	0.0237310481213
-ofi	0.094017094017	0.666666666667	0.213675213675	0.025641025641
-lpi	0.0740740740741	0.851851851852	0.037037037037	0.037037037037
-ofa	0.618601297765	0.286950252343	0.0338860850757	0.0605623648162
-ráð	0.294987080103	0.525374677003	0.0719379844961	0.107700258398
-svo	0.095970499678	0.0681221495294	0.0204135133989	0.815493837394
-býr	0.503008423586	0.398315282792	0.0168471720818	0.0818291215402
-óun	0.173076923077	0.788461538462	0.0384615384615	0.0
-óum	0.603773584906	0.0943396226415	0.150943396226	0.150943396226
-nýt	0.0749682337992	0.156289707751	0.734434561626	0.0343074968234
-úðu	0.891441848457	0.080676390861	0.00154898670453	0.026332773977
-nýs	0.0461538461539	0.0153846153846	0.938461538462	0.0
-úða	0.0901639344262	0.745901639344	0.0901639344262	0.0737704918032
-ads	0.0	1.0	0.0	0.0
-úað	0.931863067808	0.0533245556287	0.00888742593812	0.00592495062541
-úði	0.781749369218	0.107232968881	0.0	0.111017661901
-nýi	0.196428571429	0.0357142857143	0.732142857143	0.0357142857143
-fli	0.235632183908	0.701149425287	0.00574712643678	0.0574712643678
-sem	0.0530695849472	0.0234551558124	0.000795290786123	0.922679968454
-sel	0.946808510638	0.0425531914893	0.0	0.0106382978723
-sei	0.0409207161125	0.925831202046	0.0	0.0332480818414
-erð	0.330655771761	0.466311197286	0.113842531681	0.0891904992729
-sef	0.0048270313757	0.995172968624	0.0	0.0
-áfu	0.676883451384	0.238892466194	0.0267868641339	0.0574372182872
-sea	0.00480192076831	0.992797118848	0.0	0.00240096038416
-ókn	0.030303030303	0.919696969697	0.0409090909091	0.00909090909092
-óku	0.779853570544	0.0683691154105	0.0147702755279	0.137007038517
-erí	0.0	1.0	0.0	0.0
-ænu	0.0	0.544554455446	0.455445544554	0.0
-sex	0.0109223300971	0.0175970873786	0.0127427184466	0.958737864078
-áfa	0.119065997684	0.660941721343	0.196835198765	0.0231570822076
-seu	0.0	1.0	0.0	0.0
-set	0.421906853524	0.531903997479	0.0206817085061	0.0255074404909
-flt	0.596330275229	0.201834862385	0.0	0.201834862385
-æri	0.608452008799	0.0783836980433	0.0104202848211	0.302744008336
-mtu	0.294117647059	0.588235294118	0.0	0.117647058824
-mti	0.0782208588957	0.139570552147	0.745398773006	0.0368098159509
-mta	0.379518072289	0.238554216867	0.253012048193	0.128915662651
-fót	0.880952380952	0.119047619048	0.0	0.0
-býð	0.767906336088	0.214876033058	0.0	0.017217630854
-sæi	0.595238095238	0.126984126984	0.18253968254	0.0952380952381
-fór	0.8760972826	0.0338374259387	0.00130918612263	0.0887561053391
-kýi	0.0260303687636	0.973969631236	0.0	0.0
-yrt	0.950203983681	0.026877849772	0.00143988480921	0.0214782817375
-fól	0.738885410144	0.132748904195	0.0594865372573	0.0688791484032
-sæt	0.0	0.018691588785	0.981308411215	0.0
-úar	0.134654130289	0.787777031565	0.0352585627938	0.0423102753526
-rat	0.0	1.0	0.0	0.0
-ers	0.0633995016189	0.183858554695	0.0277160922853	0.725025851401
-rar	0.227684850436	0.393600589467	0.0965609173706	0.282153642726
-eru	0.848872220105	0.0414761772177	0.00761641039481	0.102035192282
-rap	0.761904761905	0.161904761905	0.0761904761905	0.0
-ran	0.354566121927	0.529913948025	0.0770132866982	0.0385066433492
-eri	0.4003143708	0.533690285234	0.0257899893654	0.0402053546003
-erk	0.224702709523	0.683981011261	0.0468804214112	0.0444358578052
-flý	0.506622516556	0.324503311258	0.119205298013	0.0496688741722
-rak	0.724204065976	0.248945147679	0.018411967779	0.0084388185654
-ern	0.131854777457	0.106182591524	0.0235454959745	0.738417135045
-er`	0.48275862069	0.241379310345	0.0	0.275862068966
-era	0.768592314771	0.0432359222795	0.0178963148177	0.170275448131
-erf	0.125	0.8	0.025	0.05
-ugu	0.0643233260962	0.719185944948	0.0531556487235	0.163335080233
-átu	0.59802767522	0.0564852521675	0.164157395989	0.181329676623
-ugs	0.195652173913	0.369565217391	0.434782608696	0.0
-áts	0.205636856369	0.16	0.275447154471	0.35891598916
-ýgt	0.827095808383	0.065119760479	0.0673652694611	0.0404191616766
-ugg	0.791946308725	0.120805369127	0.0805369127517	0.00671140939596
-uga	0.127122887262	0.684826176976	0.0916951973693	0.0963557383926
-áta	0.52877906432	0.112010491114	0.111420008462	0.247790436104
-ugi	0.247931734221	0.383162495447	0.286175139185	0.0827306311463
-áti	0.313382122321	0.172503920544	0.312075274438	0.202038682697
-ike	0.0384615384615	0.961538461538	0.0	0.0
-ika	0.187343199882	0.713938608142	0.0706259355301	0.0280922564459
-nor	0.0	1.0	0.0	0.0
-súa	0.0581395348837	0.941860465116	0.0	0.0
-iki	0.193727449348	0.638703857896	0.113447127394	0.0541215653621
-iku	0.0868755817561	0.7328575861	0.0788085634502	0.101458268694
-ikt	0.282928770394	0.179864703542	0.477516912057	0.0596896140072
-iks	0.244224422442	0.376237623762	0.339933993399	0.039603960396
-non	0.0	1.0	0.0	0.0
-pyr	0.730658696402	0.05862742844	0.0	0.210713875158
-fáa	0.154929577465	0.0845070422535	0.633802816901	0.12676056338
-fái	0.535974040506	0.0556115027414	0.0615419044422	0.346872552311
-fán	0.0284697508897	0.97153024911	0.0	0.0
-fát	0.306451612903	0.532258064516	0.129032258065	0.0322580645161
-gla	0.216319510797	0.758360405121	0.0207338047009	0.00458627938085
-vor	0.0136803830846	0.009873226382	0.00188195746137	0.974564433072
-gli	0.235887978739	0.689861567905	0.0108519893367	0.0633984640195
-ðið	0.420341715838	0.408575655404	0.0534134640515	0.117669164706
-gls	0.0	0.960784313725	0.0	0.0392156862745
-glu	0.0833333333333	0.791666666667	0.125	0.0
-vog	0.0243902439024	0.975609756098	0.0	0.0
-von	0.179032882012	0.785686653772	0.0171760154739	0.0181044487428
-efa	0.877076291932	0.04243345282	0.00496072872225	0.075529526526
-rot	0.32272523532	0.622590766473	0.043926490363	0.010757507844
-rom	0.0	1.0	0.0	0.0
-ron	0.0878136200717	0.89605734767	0.010752688172	0.00537634408602
-rok	0.217948717949	0.730769230769	0.0512820512821	0.0
-sar	0.136238671891	0.722301586906	0.0567177700534	0.0847419711498
-rag	0.463703355284	0.536296644716	0.0	0.0
-lfs	0.177104377104	0.173063973064	0.418181818182	0.23164983165
-ögu	0.0210272059696	0.762554320282	0.211889537078	0.00452893667037
-uðu	0.665271811705	0.164573698994	0.103113467573	0.0670410217278
-lfu	0.182510634088	0.0528242160451	0.0445147888021	0.720150361064
-uðs	0.00468520820331	0.702169356291	0.00700158912472	0.286143846381
-efu	0.0	0.0	0.0	1.0
-sat	0.848239727916	0.0555198088059	0.00827281919294	0.087967644085
-íri	0.964467005076	0.0304568527919	0.0	0.00507614213197
-ngd	0.264827586207	0.582068965517	0.0455172413793	0.107586206897
-ði`	0.0138888888889	0.597222222222	0.263888888889	0.125
-éfa	0.337078651686	0.629213483146	0.0337078651686	0.0
-ðin	0.180224857096	0.682340293438	0.0712989168222	0.0661359326443
-ðir	0.289984937276	0.536561177314	0.111736419406	0.0617174660039
-ðis	0.221981271562	0.520551996057	0.0682109413504	0.18925579103
-toð	0.771739130435	0.130434782609	0.0652173913044	0.0326086956522
-ðum	0.207408950097	0.484025069181	0.2035516495	0.105014331223
-tin	0.0738007380074	0.85665392074	0.0201219475127	0.0494233937397
-oll	0.141479099678	0.800643086817	0.0578778135049	0.0
-rta	0.168238155311	0.784161995552	0.0126412714102	0.0349585777269
-íru	0.0091509913574	0.862735129639	0.128113879004	0.0
-fst	0.633737723859	0.192374350087	0.0690352397458	0.104852686308
-lei	0.0588235294117	0.941176470588	0.0	0.0
-æra	0.781782345488	0.112980430804	0.0247782627059	0.0804589610024
-æmi	0.470711696241	0.357756153406	0.0383514596451	0.133180690708
-mum	0.331119460387	0.516152890362	0.0758091237204	0.076918525531
-mul	0.77628032345	0.126684636119	0.0323450134771	0.0646900269542
-æmd	0.0555174777245	0.555174777245	0.364633310487	0.0246744345442
-mun	0.0417467883698	0.0110791747294	0.00379111979604	0.943382917105
-óda	0.0	1.0	0.0	0.0
-águ	0.684501845018	0.149446494465	0.132841328413	0.0332103321033
-ágt	0.0545454545455	0.509090909091	0.327272727273	0.109090909091
-sak	0.0	1.0	0.0	0.0
-fsa	0.332402234637	0.442737430168	0.220670391061	0.00418994413408
-mus	0.0095238095238	0.985714285714	0.0047619047619	0.0
-mur	0.543964765473	0.172979295497	0.0661668068515	0.216889132178
-íos	0.0	1.0	0.0	0.0
-ytt	0.671794167468	0.188115185643	0.0741656365884	0.0659250103008
-æmu	0.130293159609	0.14006514658	0.636264929425	0.0933767643865
-leu	0.00230610510984	0.995509163733	0.00218473115669	0.0
-spá	0.804794520548	0.164383561644	0.0102739726028	0.0205479452055
-old	0.0189680115737	0.915769168944	0.0395434817553	0.0257193377271
-san	0.566566063045	0.197015425889	0.205399061033	0.0310194500336
-fað	0.79812655324	0.129070286115	0.0318613394507	0.0409418211942
-yki	0.124648170486	0.851226377161	0.0241254523522	0.0
-uði	0.0106652652405	0.961908386917	0.011727927538	0.0156984203042
-rps	0.0	0.74358974359	0.205128205128	0.0512820512821
-yft	0.755060728745	0.109311740891	0.082995951417	0.0526315789474
-lst	0.487262872629	0.172899728997	0.0959349593496	0.243902439024
-lsu	0.0161290322581	0.40770609319	0.528673835125	0.0474910394265
-mæð	0.0	0.649842271293	0.312302839117	0.0378548895899
-ogi	0.0890322580644	0.858064516129	0.0503225806451	0.00258064516129
-yfa	0.674308300395	0.126482213439	0.0379446640316	0.161264822134
-lsa	0.554073353317	0.252891602191	0.0720350287983	0.121000015694
-ogn	0.140229885057	0.108045977011	0.696551724138	0.0551724137931
-oga	0.283377929507	0.625392138771	0.0314864366119	0.0597434951098
-yfi	0.523364485981	0.439252336449	0.018691588785	0.018691588785
-lsi	0.0337825696316	0.943575920934	0.0150943396226	0.00754716981132
-sfé	0.427528675704	0.384775808133	0.0938477580813	0.0938477580814
-ess	0.138365258316	0.0931250982599	0.0103585031012	0.758151140323
-itt	0.136081480357	0.164432211287	0.0486557280606	0.650830580295
-itu	0.679380214541	0.0858164481525	0.098927294398	0.135876042908
-its	0.284722222222	0.607638888889	0.0104166666667	0.0972222222222
-est	0.458542713568	0.355672593738	0.111857363742	0.0739273289525
-esk	0.0405844155844	0.209415584416	0.613636363636	0.136363636364
-esi	0.0235544837642	0.917559306825	0.0588862094106	0.0
-muð	0.902777777778	0.0833333333333	0.0	0.0138888888889
-iti	0.292823203186	0.543865585718	0.0531019839876	0.110209227108
-esa	0.716060337178	0.267968056788	0.0	0.0159716060337
-ita	0.759887424085	0.141002038499	0.0282145149572	0.0708960224587
-fan	0.0522413596441	0.112495722596	0.0666704688035	0.768592448956
-far	0.506709762094	0.3820201735	0.0478813126405	0.0633887517655
-fas	0.00769230769231	0.973076923077	0.00384615384615	0.0153846153846
-fat	0.00810081008101	0.954095409541	0.010801080108	0.02700270027
-áum	0.658984392774	0.121809164126	0.0986258361014	0.120580606998
-ýdd	0.901960784314	0.0392156862745	0.0588235294118	0.0
-isn	0.60621761658	0.331606217617	0.0310880829016	0.0310880829016
-ael	0.00659521846661	0.990931574608	0.00247320692498	0.0
-aen	0.0	1.0	0.0	0.0
-íið	0.768725361367	0.152431011827	0.0394218134034	0.0394218134034
-tna	0.439787586512	0.42190023713	0.0568257221522	0.0814864542057
-kra	0.143915929204	0.208075221239	0.297787610619	0.350221238938
-tni	0.0877817683655	0.82906402165	0.0425699910817	0.040584218903
-kri	0.0416612716001	0.832400838677	0.117351215423	0.00858667429927
-tns	0.0856079404466	0.906947890819	0.0	0.00744416873451
-kru	0.103364410215	0.131333603567	0.0364815565464	0.728820429672
-tnu	0.0731707317073	0.487804878049	0.373983739837	0.0650406504065
-pjó	0.6875	0.3125	0.0	0.0
-rnu	0.123912722984	0.579021082117	0.259472209937	0.0375939849624
-tek	0.686156950075	0.237899465159	0.0439673385485	0.0319762462171
-rnd	0.097322092735	0.774857426233	0.103644929333	0.0241755516985
-rna	0.215376175252	0.614176803314	0.0660222091901	0.104424812243
-lri	0.0198526094149	0.115506091141	0.0938486990525	0.770792600391
-eam	0.0334572490706	0.921933085502	0.0	0.0446096654275
-rni	0.151030054401	0.611923660038	0.201997681263	0.0350486042986
-uri	0.341379310345	0.637931034483	0.0206896551724	0.0
-urn	0.145603100613	0.418722393897	0.101084166972	0.334590338518
-ur`	0.286885245902	0.159836065574	0.0245901639344	0.52868852459
-ura	0.0134474327628	0.132029339853	0.854523227384	0.0
-urr	0.829268292683	0.158536585366	0.0121951219512	0.0
-hún	0.048855537977	0.0324832721309	0.00751846959955	0.911142720293
-urt	0.262174452253	0.0835055808185	0.0577924762299	0.596527490699
-uru	0.0676691729323	0.932330827068	0.0	0.0
-lóð	0.041915696708	0.934489374682	0.00721727228085	0.0163776563296
-þín	0.0174757281553	0.0526512322629	0.00201643017177	0.92785660941
-ífs	0.0435895092753	0.535502147492	0.378324042767	0.042584300466
-lóí	0.0	0.964285714286	0.0178571428571	0.0178571428571
-krá	0.422442244224	0.412541254125	0.072607260726	0.092409240924
-ýðs	0.0563471502591	0.924222797927	0.0	0.0194300518134
-eða	0.0359763498328	0.018095485325	0.00394740505111	0.941980759791
-eði	0.0280440184594	0.852443497811	0.0861436516389	0.0333688320909
-eðs	0.0	1.0	0.0	0.0
-rní	0.0	1.0	0.0	0.0
-smá	0.76	0.12	0.08	0.04
-nns	0.0389753477482	0.694119267319	0.118578708167	0.148326676766
-klu	0.0283279884299	0.0671256995535	0.467521851223	0.437024460794
-ars	0.0577233456755	0.161682331719	0.187410994019	0.593183328586
-nnu	0.245760802208	0.348628246296	0.224776068954	0.180834882542
-nnt	0.481284737593	0.275982489794	0.143131178988	0.0996015936255
-nni	0.102602757222	0.55153554549	0.049091555546	0.296770141741
-kli	0.0179028132992	0.242966751918	0.710997442455	0.0281329923274
-urð	0.358095238095	0.568677248677	0.0173544973545	0.0558730158731
-nna	0.207008756917	0.52929984946	0.0588477210745	0.204843672549
-nn`	0.292682926829	0.658536585366	0.0487804878049	0.0
-kla	0.0501400589393	0.0991971342587	0.787558184336	0.0631046224657
-nnd	0.305132743363	0.370619469027	0.0311504424779	0.293097345133
-lós	0.0	1.0	0.0	0.0
-fræ	0.0428571428571	0.785714285714	0.0428571428571	0.128571428571
-kós	0.0	1.0	0.0	0.0
-lóa	0.0633802816901	0.93661971831	0.0	0.0
-lóe	0.0	1.0	0.0	0.0
-lóm	0.0802469135802	0.814814814815	0.0802469135802	0.0246913580247
-kíu	0.0	0.990506329114	0.00356012658228	0.00593354430379
-kín	0.284841075795	0.458435207824	0.256723716381	0.0
-kím	0.0	1.0	0.0	0.0
-kía	0.0	1.0	0.0	0.0
-mdi	0.634361818725	0.158059052111	0.169716696005	0.0378624331595
-ífi	0.214344841019	0.608852315333	0.11734917466	0.0594536689877
-ygt	0.507692307692	0.358704453441	0.133603238866	0.0
-mda	0.208333333333	0.758333333333	0.0333333333333	0.0
-ífa	0.315362562059	0.106006572967	0.508705684917	0.0699251800573
-vil	0.475676767247	0.0296534058903	0.0140295683782	0.480640258484
-ygg	0.451882845188	0.133891213389	0.242677824268	0.171548117155
-íft	0.0262803866971	0.027864604813	0.877048177865	0.0688068306252
-ífu	0.0301065653178	0.100380058127	0.0992622401073	0.770251136448
-ygi	0.238733252132	0.716199756395	0.0292326431181	0.0158343483557
-lra	0.0168286667634	0.186807872721	0.0264035978529	0.769959862663
-mdu	0.500577589526	0.343088178668	0.0646900269542	0.0916442048517
-vít	0.0533333333334	0.0566666666666	0.85	0.04
-frú	0.0392156862745	0.93137254902	0.00980392156863	0.0196078431373
-vín	0.00870387890255	0.984484389782	0.00113528855251	0.00567644276254
-kóp	0.906040268456	0.0939597315436	0.0	0.0
-víl	0.428571428571	0.357142857143	0.190476190476	0.0238095238095
-vík	0.405882352941	0.282352941176	0.00294117647059	0.308823529412
-frá	0.0418804088402	0.0155141232589	0.00109238847983	0.941513079421
-rír	0.0050511763924	0.0079755416722	0.0039877708361	0.982985511099
-rís	0.718115664496	0.211413251628	0.00229797012639	0.0681731137494
-rít	0.0	1.0	0.0	0.0
-ríu	0.00684618895481	0.956184390689	0.0342309447741	0.00273847558192
-ría	0.0016748080949	0.969295184927	0.00167480809491	0.0273551988835
-ríf	0.82633622773	0.121164647256	0.0524991250145	0.0
-níð	0.709960325747	0.0102317811652	0.0	0.279807893088
-bjó	0.639386189258	0.238582389478	0.0518816222141	0.0701497990501
-rík	0.413043478261	0.0217391304348	0.260869565217	0.304347826087
-ríl	0.25	0.66	0.0899999999999	0.0
-gíu	0.0	0.986111111111	0.0138888888889	0.0
-ygð	0.0909090909091	0.565656565657	0.20202020202	0.141414141414
-áda	0.0	0.957142857143	0.0428571428572	0.0
-aja	0.0056338028169	0.992488262911	0.0	0.0018779342723
-nón	0.0	0.385093167702	0.422360248447	0.192546583851
-nói	0.0	1.0	0.0	0.0
-nóg	0.0812101910828	0.136942675159	0.191082802548	0.59076433121
-ífð	0.369009584665	0.420127795527	0.0958466453674	0.115015974441
-nóa	0.0	1.0	0.0	0.0
-æli	0.186617501574	0.598614983362	0.0974907815451	0.117276733519
-mra	0.239234449761	0.150717703349	0.358851674641	0.251196172249
-ldi	0.324468031851	0.376721786954	0.0455356572114	0.253274523984
-óel	0.04	0.96	0.0	0.0
-æll	0.42886802494	0.414531908044	0.122106660184	0.0344934068316
-oju	0.0	0.993377483444	0.00662251655629	0.0
-æla	0.555384021613	0.286633217548	0.0674128393156	0.0905699215232
-mri	0.0352781749424	0.245047056232	0.250867021813	0.468807747013
-lda	0.441579884502	0.249566309323	0.0734764468538	0.235377359321
-hjú	0.195933456562	0.804066543438	0.0	0.0
-æld	0.0983981693364	0.505720823799	0.389016018307	0.00686498855835
-víð	0.018591983946	0.976096020641	0.00354133027542	0.00177066513771
-hjá	0.0658111771768	0.0379118765074	0.00794896276056	0.888327983555
-fra	0.107382550336	0.519015659955	0.295302013423	0.0782997762864
-lds	0.255470631347	0.683802743168	0.0403099151921	0.0204167102921
-ælu	0.60460251046	0.232217573222	0.125523012552	0.0376569037657
-ælt	0.730644722861	0.109471915388	0.0318778263771	0.128005535375
-ldu	0.708868631416	0.0741542376501	0.0211610205434	0.195816110391
-ríð	0.109598140153	0.766854865493	0.0219196280306	0.101627366323
-nía	0.0373831775701	0.934579439252	0.018691588785	0.00934579439253
-ítt	0.0799147575918	0.102671436182	0.703249866809	0.114163939417
-ítu	0.327433628319	0.0	0.672566371681	0.0
-íti	0.24225796954	0.679518749498	0.0487138995209	0.0295093814405
-nís	0.0	1.0	0.0	0.0
-íta	0.641519735363	0.264155185149	0.0471143655458	0.0472107139416
-usi	0.0855497669317	0.869207567864	0.00246778173842	0.0427748834659
-usn	0.279024825331	0.59610524751	0.124869927159	0.0
-usa	0.298623734095	0.259211171702	0.37811246718	0.0640526270232
-món	0.0261405365034	0.884981639385	0.0888778241115	0.0
-mót	0.0151515151515	0.893939393939	0.0909090909091	0.0
-iið	0.06875	0.86875	0.05	0.0125
-usu	0.359759431383	0.406232914161	0.192454893384	0.0415527610716
-ust	0.531066029829	0.279492568705	0.103119225293	0.0863221761728
-ull	0.0889556724268	0.590683696469	0.27468069121	0.0456799398948
-epa	0.948051948052	0.025974025974	0.012987012987	0.012987012987
-epu	0.53634085213	0.455304928989	0.00835421888055	0.0
-vís	0.598354525056	0.136593118923	0.187920718025	0.0771316379955
-ula	0.0856123662307	0.834126040428	0.0338882282996	0.0463733650416
-gný	0.201257861635	0.728661275831	0.0592991913747	0.010781671159
-xin	0.0366972477064	0.889908256881	0.0	0.0733944954128
-tað	0.598528199188	0.254301401971	0.0271784700816	0.119991928759
-axi	0.610169491525	0.254237288136	0.0847457627119	0.0508474576271
-axa	0.916955017301	0.0484429065744	0.0276816608997	0.00692041522491
-fla	0.552934059286	0.313974591652	0.100423472474	0.032667876588
-kmu	0.130841121495	0.869158878505	0.0	0.0
-ékk	0.693515497553	0.0617862969005	0.0338499184339	0.210848287113
-tst	0.501165501166	0.27972027972	0.124708624709	0.0944055944056
-móð	0.154109589041	0.623287671233	0.205479452055	0.0171232876712
-tal	0.445517241379	0.451034482759	0.0827586206897	0.0206896551724
-tam	0.0	1.0	0.0	0.0
-tan	0.105911830203	0.554665376358	0.176906299942	0.162516493497
-tak	0.765134039551	0.159884437079	0.0427314057916	0.0322501175786
-xið	0.532620320856	0.371122994652	0.0385026737968	0.0577540106952
-taf	0.155815799921	0.559845176657	0.0729456133386	0.211393410083
-gna	0.110104101338	0.228980819136	0.0272801148054	0.633634964721
-kst	0.577316574101	0.247880736627	0.0648933060509	0.109909383221
-gnt	0.106007067138	0.134275618375	0.127208480565	0.632508833922
-íða	0.788848229693	0.120427370302	0.0176479947129	0.073076405292
-gns	0.155766944114	0.445897740785	0.341260404281	0.0570749108204
-tar	0.415609256568	0.449840984112	0.0860979591975	0.048451800123
-rmt	0.442890442891	0.055944055944	0.328671328671	0.172494172494
-ent	0.843784728922	0.0816682147446	0.0144487272107	0.0600983291228
-enu	0.011826544021	0.972404730618	0.00788436268068	0.00788436268068
-ens	0.0	1.0	0.0	0.0
-fir	0.148219691039	0.160119025296	0.0452676648077	0.646393618857
-enn	0.0842847108238	0.513381861868	0.054365982582	0.347967444727
-rma	0.462479221088	0.453811446212	0.0658988363809	0.0178104963192
-eni	0.0411899313501	0.945080091533	0.0137299771167	0.0
-fis	0.288759689922	0.290697674419	0.0455426356589	0.375
-end	0.750271444083	0.189467969598	0.0114006514658	0.0488599348534
-ene	0.0	0.999061913696	0.000938086303938	0.0
-eng	0.217391304348	0.664031620553	0.102766798419	0.0158102766798
-ena	0.0590994371482	0.897748592871	0.0351782363978	0.00797373358348
-hey	0.0	1.0	0.0	0.0
-her	0.130434782609	0.849498327759	0.0200668896321	0.0
-öst	0.158823529412	0.205882352941	0.635294117647	0.0
-hem	0.0	1.0	0.0	0.0
-hef	0.85872857692	0.0470292990082	0.0051470988237	0.0890950252483
-bið	0.569070106734	0.351992628427	0.00552868002764	0.0734085848115
-nst	0.674471385589	0.150937503253	0.0855777539484	0.089013357209
-nsi	0.651162790698	0.302325581395	0.046511627907	0.0
-ns`	0.572359236854	0.260120986505	0.0	0.16751977664
-nsa	0.522589659991	0.343269678621	0.067070330694	0.067070330694
-æki	0.431674500513	0.265022614689	0.159633097262	0.143669787536
-pur	0.156698564593	0.685406698565	0.12230861244	0.035586124402
-pus	0.0	1.0	0.0	0.0
-óne	0.0	1.0	0.0	0.0
-ðka	0.342465753425	0.497716894977	0.159817351598	0.0
-pum	0.311517484761	0.570099454604	0.0721847930703	0.046198267565
-pun	0.140100465572	0.797414849302	0.0312423425631	0.0312423425631
-rúð	0.0	0.936507936508	0.0634920634921	0.0
-með	0.0634729723589	0.00990291544975	0.00169449886584	0.924929613326
-luð	0.327154358961	0.150179154238	0.0195121884072	0.503154298394
-æka	0.0585384915983	0.0338413442751	0.873153575615	0.0344665885111
-jið	0.636698195899	0.26109110595	0.0286148782336	0.0735958199172
-æst	0.336890951276	0.213921113689	0.0709976798144	0.37819025522
-yju	0.015873015873	0.666666666667	0.253968253968	0.063492063492
-lgt	0.956164383562	0.00821917808218	0.00821917808218	0.027397260274
-lgu	0.0537918871252	0.127865961199	0.818342151675	0.0
-íum	0.00771869639796	0.987135506003	0.0	0.00514579759863
-ófa	0.441558441558	0.48051948052	0.025974025974	0.0519480519481
-hjó	0.807407407407	0.0915824915824	0.0	0.10101010101
-oks	0.178993163456	0.367308887508	0.237414543194	0.216283405842
-der	0.0	1.0	0.0	0.0
-des	0.011357769747	0.951471347444	0.0289106866288	0.00826019617966
-oki	0.246786632391	0.568123393316	0.154241645244	0.0308483290488
-deu	0.00204756654591	0.99275476453	0.00425263821074	0.000945030713499
-íus	0.0105876124934	0.980824657373	0.00564672666314	0.00294100347038
-mst	0.598246939338	0.24545247431	0.083096514263	0.0732040720889
-júk	0.192118226601	0.506403940887	0.289655172414	0.0118226600985
-ófs	0.040899795501	0.877300613497	0.081799591002	0.0
-oka	0.461096480728	0.461335887	0.0316016279627	0.0459660043094
-lgi	0.304318099077	0.592502153278	0.0323213667321	0.0708583809126
-bil	0.0149253731343	0.5	0.0597014925373	0.425373134328
-rúi	0.564648480816	0.229540918164	0.187624750499	0.0181858505212
-puð	0.770547945206	0.190924657534	0.0	0.0385273972603
-rún	0.141935483871	0.516129032258	0.341935483871	0.0
-rúm	0.0621890547263	0.89552238806	0.00995024875625	0.0323383084577
-rúa	0.725109785672	0.127416923379	0.0912368093334	0.056236481615
-úri	0.184615384615	0.784615384615	0.0	0.0307692307692
-nar	0.124423513771	0.586435053498	0.0686652207764	0.220476211954
-rúr	0.0824484697064	0.37039350406	0.514366021237	0.0327920049969
-rúu	0.126903553299	0.355329949239	0.517766497462	0.0
-meu	0.0	0.951219512195	0.0	0.0487804878049
-met	0.678873239437	0.202816901408	0.0845070422535	0.0338028169014
-ígi	0.450793650794	0.409523809524	0.0	0.139682539682
-lur	0.379414534184	0.198614145283	0.226167221463	0.195804099071
-lus	0.0291722377537	0.961103682995	0.00972407925126	0.0
-lut	0.281865284974	0.589291882556	0.0176165803109	0.111226252159
-íga	0.800953895072	0.115103338633	0.00572337042925	0.0782193958665
-lum	0.124870170535	0.325773541745	0.0855208283507	0.463835459369
-lun	0.368683001531	0.502679938744	0.0264165390505	0.102220520674
-ígu	0.0	0.881188118812	0.118811881188	0.0
-men	0.00748524542968	0.05801065208	0.0	0.93450410249
-jir	0.250327653997	0.155963302752	0.128440366973	0.465268676278
-nds	0.0381165919283	0.943946188341	0.0	0.017937219731
-ins	0.0361693023941	0.498885534959	0.0419172553157	0.423027907331
-tór	0.0432276657061	0.0634005763688	0.867435158501	0.0259365994236
-ndu	0.505734770343	0.326413716517	0.0926729480999	0.0751785650403
-étt	0.192185402388	0.33526460821	0.13834522716	0.334204762241
-étu	0.660702102586	0.0505799168889	0.0130248713019	0.275693109223
-tók	0.798049037701	0.0374813252483	0.00593197996309	0.158537657088
-tól	0.126582278481	0.79746835443	0.0379746835443	0.0379746835443
-tóm	0.397260273973	0.400684931507	0.0993150684931	0.102739726027
-goð	0.0127388535032	0.910828025478	0.0764331210191	0.0
-ópa	0.477626699629	0.347342398022	0.0296662546354	0.145364647713
-sri	0.0774193548387	0.0774193548387	0.806451612903	0.0387096774194
-ópi	0.210788381743	0.404979253112	0.073582295989	0.310650069156
-sra	0.147960386701	0.507781183683	0.301815609526	0.0424428200896
-gil	0.0036190257353	0.984317555147	0.00482536764706	0.00723805147058
-fri	0.0613275613276	0.582251082251	0.21645021645	0.139971139971
-ift	0.230808597748	0.533265097236	0.114124872057	0.121801432958
-tál	0.0635796972395	0.880320569902	0.0560997328584	0.0
-tán	0.0	0.0365044247788	0.0298672566371	0.933628318584
-sáð	0.566869235808	0.329914689464	0.0481675015397	0.0550485731883
-lma	0.444444444444	0.52380952381	0.031746031746	0.0
-búr	0.0	1.0	0.0	0.0
-búi	0.5	0.0961538461538	0.173076923077	0.230769230769
-búl	0.245098039216	0.71568627451	0.0196078431373	0.0196078431372
-búa	0.691923990499	0.195961995249	0.046080760095	0.0660332541567
-tár	0.927835051546	0.0721649484536	0.0	0.0
-úní	0.196428571429	0.660714285714	0.0357142857143	0.107142857143
-ýti	0.424418604651	0.354651162791	0.0174418604651	0.203488372093
-akk	0.516587677725	0.459466201048	0.00598653030681	0.0179595909204
-aki	0.443078729755	0.21084307873	0.031237461467	0.314840730048
-ake	0.0	0.976331360947	0.0236686390533	0.0
-ýta	0.225281231498	0.674659561871	0.0894020130255	0.0106571936057
-aka	0.646279913803	0.140925484859	0.0652126573665	0.147581943972
-upi	0.2935694315	0.671481826654	0.0139794967381	0.0209692451072
-aks	0.0	0.995352439969	0.00464756003098	0.0
-yll	0.0	1.0	0.0	0.0
-ýtt	0.254730023686	0.0985643157539	0.599603615797	0.0471020447624
-ýtu	0.0	0.214285714286	0.785714285714	0.0
-gon	0.0	1.0	0.0	0.0
-tóð	0.741614831077	0.146908159532	0.00439077936334	0.107086230028
-öng	0.138526222616	0.762115512281	0.0834255366231	0.0159327284798
-önd	0.0780596758491	0.882423687074	0.00721608155317	0.0323005555237
-önn	0.166975881262	0.515769944341	0.272727272727	0.0445269016698
-rlu	0.0	1.0	0.0	0.0
-rls	0.0	0.652173913043	0.0217391304348	0.326086956522
-eon	0.0520231213873	0.943641618497	0.00433526011561	0.0
-níu	0.011639185257	0.902198512771	0.00533462657614	0.0808276753961
-rla	0.121062180439	0.357083951839	0.0531090219363	0.468744845786
-sár	0.289628180039	0.444227005871	0.25831702544	0.0078277886497
-upu	0.834710743802	0.0798898071625	0.0330578512397	0.0523415977961
-ups	0.0189633375474	0.943109987358	0.0379266750948	0.0
-sáu	0.951764357023	0.00701789067905	0.00118612236829	0.0400316299298
-sát	0.502024291498	0.400809716599	0.0485829959514	0.0485829959514
-fðu	0.794726255528	0.0397566715799	0.00635194670879	0.159165126184
-búð	0.0771761890518	0.847442416991	0.0143583607538	0.0610230332037
-fði	0.835323448366	0.0518506555772	0.00541015211006	0.107415743946
-jær	0.0909090909091	0.878787878788	0.0	0.030303030303
-upa	0.904722452361	0.0878210439105	0.00248550124275	0.0049710024855
-sái	0.690909090909	0.181818181818	0.0	0.127272727273
-fða	0.51269035533	0.48730964467	0.0	0.0
-sál	0.0354319458996	0.932755500524	0.0114296599676	0.0203828936089
-úna	0.23958608632	0.600215495334	0.127264225742	0.032934192604
-únu	0.111848482589	0.387070315413	0.210275147267	0.290806054731
-ðji	0.290791599354	0.0656973613355	0.564889606893	0.0786214324179
-ptu	0.817418090171	0.108373004761	0.00980117614113	0.0644077289275
-ðja	0.348922116377	0.335215777697	0.275131637124	0.0407304688023
-sýn	0.273629864972	0.600675138999	0.0226370135028	0.103057982526
-eik	0.217612401711	0.634758843164	0.103272922781	0.0443558323439
-pta	0.359251968504	0.511811023622	0.0698818897638	0.0590551181102
-orp	0.0227129337539	0.941324921136	0.0321766561514	0.00378548895899
-ðju	0.146402877698	0.811510791367	0.0129496402878	0.0291366906475
-pti	0.579136690647	0.16780089442	0.0312074664593	0.221854948474
-iri	0.027925704637	0.0824782439278	0.670346798286	0.21924925315
-gaf	0.829858689929	0.0206842082794	0.0121671813408	0.137289920451
-tra	0.162666734181	0.162304490844	0.28690256628	0.388126208695
-dró	0.534659433394	0.264014466546	0.0108499095841	0.190476190476
-egi	0.563825758324	0.352877471529	0.0302878627822	0.0530089073642
-gan	0.153628386738	0.371524125661	0.123721338187	0.351126149414
-irk	0.25	0.265625	0.46875	0.015625
-tri	0.111130773314	0.540376334572	0.324780274878	0.0237126172359
-tru	0.0238252812707	0.626737260093	0.349437458637	0.0
-gat	0.377721518987	0.319367088608	0.0846835443037	0.218227848101
-gar	0.102443042681	0.261423337515	0.0593091717008	0.576824448103
-ini	0.0910965354214	0.715755747071	0.102179306608	0.090968410899
-væm	0.120689655172	0.0931034482759	0.620689655172	0.165517241379
-inn	0.153806855969	0.470249774647	0.0509067555434	0.32503661384
-kns	0.137566137566	0.862433862434	0.0	0.0
-ind	0.297452229299	0.568789808917	0.0923566878981	0.0414012738854
-ing	0.191385619222	0.659293590014	0.0665285041206	0.082792286644
-kni	0.344962907214	0.543489947318	0.0696161703043	0.041930975164
-rfa	0.713148480541	0.177955352838	0.0306328839206	0.0782632826996
-örð	0.127342487684	0.818510978568	0.0169713016224	0.0371752321253
-kna	0.455911548451	0.340301482301	0.17247738098	0.0313095882671
-int	0.142359200147	0.165290772335	0.595487066593	0.0968629609246
-inu	0.0570760694481	0.784292321163	0.0672679365077	0.0913636728815
-dók	0.0	1.0	0.0	0.0
-dón	0.0	1.0	0.0	0.0
-sól	0.0	0.994047619048	0.0	0.00595238095238
-dóm	0.177836669224	0.733314736035	0.0595578492224	0.0292907455192
-sóa	0.461538461538	0.346153846154	0.0384615384615	0.153846153846
-dód	0.0	0.961538461538	0.0384615384616	0.0
-fær	0.300777138318	0.141603494138	0.166577854382	0.391041513162
-sór	0.566878980892	0.350318471338	0.0095541401274	0.0732484076433
-dóu	0.887128712871	0.0257425742574	0.0396039603961	0.0475247524753
-mon	0.0207271885132	0.953798054655	0.00104214914312	0.0244326076887
-gum	0.111636448376	0.591522467419	0.145058358902	0.151782725304
-æku	0.110497237569	0.209944751381	0.646408839779	0.0331491712707
-eip	0.608187134503	0.330409356725	0.0263157894737	0.0350877192982
-rfu	0.309532505478	0.57249817385	0.0513148283419	0.0666544923301
-óða	0.121572163581	0.199968174826	0.616082321116	0.0623773404763
-eir	0.0379561602771	0.0488727399548	0.00314649214091	0.910024607627
-xum	0.106382978723	0.893617021277	0.0	0.0
-óði	0.0632224411835	0.715561860043	0.183508477391	0.0377072213818
-gaí	0.0	1.0	0.0	0.0
-ída	0.0	1.0	0.0	0.0
-tré	0.00259321834113	0.967349023614	0.0300577580449	0.0
-ltu	0.576390752313	0.154135668729	0.0396992326143	0.229774346343
-lti	0.886072654124	0.0772452964146	0.00298189563365	0.033700153828
-óðs	0.157814291173	0.373328238441	0.443637753152	0.0252197172335
-dra	0.339701648783	0.298612928553	0.322952106778	0.0387333158859
-óðu	0.486685375741	0.148238228874	0.323168069847	0.0419083255379
-gað	0.396145432393	0.100600891646	0.0392656384127	0.463988037549
-mbi	0.368421052632	0.323684210526	0.26052631579	0.0473684210526
-lta	0.398646570286	0.221162719163	0.380190710551	0.0
-dri	0.0383211678832	0.505474452555	0.446167883212	0.0100364963504
-trú	0.186621500604	0.785500136277	0.0142506716505	0.0136276914691
-örg	0.0968490432794	0.149880620103	0.706190940579	0.0470793960386
-örf	0.412289395441	0.501288404361	0.0404360753221	0.0459861248761
-öra	0.831441444197	0.0436901425053	0.0129814805005	0.111886932797
-kný	1.0	0.0	0.0	0.0
-örn	0.0479911141752	0.901221800912	0.0225209697805	0.0282661151327
-örk	0.0506224688765	0.91600419979	0.00937453127345	0.02399880006
-öri	0.889572666404	0.0405671524222	0.015064986215	0.0547951949587
-öru	0.184922436625	0.64103291714	0.123912220961	0.0501324252743
-kné	0.386206896552	0.514482758621	0.00137931034483	0.0979310344828
-örs	0.0	0.761904761905	0.190476190476	0.0476190476191
-örp	0.511363636364	0.488636363636	0.0	0.0
-kýt	0.783783783784	0.216216216216	0.0	0.0
-nri	0.137931034483	0.0632183908046	0.76724137931	0.0316091954023
-ásn	0.0110497237569	0.889502762431	0.0994475138122	0.0
-fæð	0.431818181818	0.545454545455	0.0227272727273	0.0
-nra	0.0619088564059	0.295786758383	0.126397248495	0.515907136715
-húð	0.179856115108	0.611510791367	0.165467625899	0.0431654676259
-lys	0.0427046263345	0.743772241993	0.199288256228	0.0142348754448
-ógu	0.816736792894	0.0981767180926	0.0444132772324	0.0406732117812
-íra	0.967948717949	0.0042735042735	0.0	0.0277777777778
-æru	0.50136307311	0.207930607187	0.0289962825279	0.261710037175
-ært	0.646793760832	0.210121317158	0.0960831889082	0.0470017331022
-ærs	0.0	0.915094339623	0.0849056603774	0.0
-lft	0.220297029703	0.282178217822	0.133663366337	0.363861386139
-mpi	0.0333399484025	0.966660051597	0.0	0.0
-éuð	0.521794871795	0.0461538461539	0.05	0.382051282051
-ddi	0.712134541872	0.190665522561	0.0239611664922	0.0732387690745
-írn	0.237961335677	0.732513181019	0.0189806678383	0.0105448154657
-mpa	0.0132183546296	0.982375527161	0.0	0.00440611820985
-lfa	0.097850296554	0.510948722441	0.0172676993919	0.373933281614
-oli	0.678571428571	0.0714285714286	0.142857142857	0.107142857143
-írt	0.920634920635	0.021164021164	0.010582010582	0.047619047619
-saf	0.0	0.857142857143	0.0	0.142857142857
-ddu	0.522200902427	0.391963603112	0.0554048179406	0.0304306765204
-uða	0.129662426877	0.709225567541	0.15155906188	0.00955294370203
-uðn	0.487900956669	0.337647720878	0.0675295441756	0.106921778278
-ola	0.548235774016	0.39506424638	0.0395676116663	0.017132367938
-ógn	0.109756097561	0.170731707317	0.463414634146	0.256097560976
-ykk	0.337672281776	0.52450229709	0.12404287902	0.0137825421133
-uðk	0.00727272727274	0.861818181818	0.130909090909	0.0
-olf	0.23	0.49	0.12	0.16
-sal	0.0262428925499	0.462020702726	0.439568450211	0.0721679545123
-lát	0.599627925193	0.255262900225	0.0716733574856	0.0734358170958
-haf	0.263193641093	0.653746547498	0.0276866038033	0.0553732076065
-hag	0.1515625	0.5875	0.1734375	0.0875
-mat	0.264053254438	0.671597633136	0.00665680473372	0.0576923076923
-hús	0.0352051207448	0.945592086122	0.0040733197556	0.0151294733779
-úmi	0.3125	0.229166666667	0.0416666666667	0.416666666667
-gát	0.385474860335	0.308060654429	0.174780526736	0.1316839585
-úms	0.0	1.0	0.0	0.0
-úmt	0.166666666667	0.104166666667	0.541666666667	0.1875
-oði	0.39217112922	0.48559371362	0.0414726426077	0.0807625145518
-sað	0.693277764581	0.136474551383	0.12101319398	0.0492344900559
-ærð	0.167776298269	0.663781624501	0.139147802929	0.029294274301
-saú	0.00636942675159	0.993630573248	0.0	0.0
-ddí	0.0	1.0	0.0	0.0
-írð	0.786585365854	0.103658536585	0.0	0.109756097561
-éum	0.353281853282	0.121621621622	0.214285714286	0.310810810811
-ðar	0.0599010586398	0.200139387436	0.0281952336467	0.711764320277
-saí	0.0	1.0	0.0	0.0
-ssi	0.233912761823	0.0859605556755	0.0102569639387	0.669869718563
-ssa	0.0842303057653	0.0689209696161	0.0123425394438	0.834506185175
-sse	0.0	1.0	0.0	0.0
-ssu	0.140157385534	0.164005958382	0.00962970764809	0.686206948436
-sst	0.834862385321	0.0825688073395	0.0825688073394	0.0
-ðuð	0.682903638432	0.138755971621	0.0477214657758	0.130618924172
-ömu	0.0812701829925	0.0987621097955	0.64800861141	0.171959095802
-ömm	0.0360655737704	0.737704918033	0.206557377049	0.0196721311476
-ömb	0.0	1.0	0.0	0.0
-vað	0.0752366471799	0.0907062788468	0.00404562075616	0.830011453217
