-cab	0.00578034682081	0.994219653179	0.0	0.0
-caa	0.0	1.0	0.0	0.0
-cad	0.0	0.970149253731	0.0298507462688	0.0
-cai	0.540315464372	0.324288550629	0.0559783807633	0.0794176042356
-cah	0.0	1.0	0.0	0.0
-cao	0.0322580645162	0.91935483871	0.0483870967742	0.0
-can	0.378860672615	0.545641729581	0.0487302676733	0.0267673301304
-eus	0.0	0.944700460829	0.0552995391705	0.0
-trè	0.00852713178295	0.0503875968992	0.0302325581396	0.910852713178
-cas	0.0204081632653	0.969387755102	0.0102040816326	0.0
-iva	0.547755036208	0.240574122066	0.0752781033782	0.136392738348
-rba	0.0870545863967	0.862322326112	0.0333705680336	0.017252519458
-ive	0.522562164206	0.286665624495	0.146669108937	0.0441031023623
-rbe	0.033301994161	0.930526003266	0.0283042208917	0.00786778168142
-cat	0.0	1.0	0.0	0.0
-caz	0.0	1.0	0.0	0.0
-rbi	0.0970655641936	0.140939798379	0.725595050855	0.0363995865726
-rbo	0.179321486268	0.558158319871	0.225228863759	0.0372913301023
-ivo	0.338289021948	0.244458066849	0.118998326111	0.298254585092
-eè	0.428571428571	0.142857142857	0.0	0.428571428571
-idì	0.752789776818	0.138318934485	0.0265478761699	0.082343412527
-idí	0.832535885167	0.138755980861	0.0	0.0287081339713
-fca	0.0	1.0	0.0	0.0
-ròr	0.0	1.0	0.0	0.0
-ecà	0.0	1.0	0.0	0.0
-ìro	0.0	1.0	0.0	0.0
-idà	0.4	0.6	0.0	0.0
-log	0.681034482759	0.275862068966	0.0431034482758	0.0
-ufa	0.0	1.0	0.0	0.0
-ecò	0.865246376124	0.057768498968	0.0170814452801	0.059903679628
-ufo	0.0	0.987493486191	0.0125065138093	0.0
-idò	0.80687108744	0.0752347078195	0.0359341975612	0.0819600071795
-aul	0.00539334201227	0.984842849172	0.0034870745769	0.00627673423843
-utì	0.8	0.2	0.0	0.0
-utí	1.0	0.0	0.0	0.0
-utò	0.789563596832	0.132784593881	0.0242273644976	0.0534244447896
-svi	0.0	1.0	0.0	0.0
-cam	0.00311041990669	0.984447900467	0.00622083981337	0.00622083981338
-nè	0.256684491979	0.139037433155	0.0	0.604278074866
-eur	0.0	1.0	0.0	0.0
-vad	0.0	1.0	0.0	0.0
-lta	0.344888481757	0.278641547991	0.126759922895	0.249710047357
-car	0.462030084584	0.478771909154	0.0305630237399	0.0286349825227
-'io	0.0542420027817	0.0210609974171	0.00139082058414	0.923306179217
-ca’	0.519031141869	0.134948096886	0.0415224913495	0.304498269896
-rbò	0.522566995769	0.130465444288	0.116361071932	0.230606488011
-ivò	0.815402182187	0.0902055315909	0.0194113169246	0.0749809692971
-api	0.0647705686322	0.84022295694	0.07962560061	0.0153808738177
-leu	0.0	1.0	0.0	0.0
-èri	0.139245585875	0.817415730337	0.0353130016051	0.00802568218298
-èro	0.0705882352941	0.929411764706	0.0	0.0
-ivi	0.194331837995	0.247814989206	0.124832535855	0.433020636944
-èra	0.333333333333	0.666666666667	0.0	0.0
-ère	0.0632911392405	0.835443037975	0.101265822785	0.0
-rbì	0.828571428571	0.157142857143	0.0142857142857	0.0
-rpi	0.125342170419	0.784859434538	0.0797600953687	0.010038299674
-ido	0.260026964723	0.486449724305	0.228220586743	0.0253027242285
-eci	0.114810784091	0.301194333374	0.0257103091544	0.55828457338
-ech	0.0456104787151	0.919694370809	0.0323561515671	0.00233899890847
-eco	0.0485315225657	0.062685683965	0.378263452994	0.510519340475
-rpo	0.0109954625934	0.965077038493	0.00721423184391	0.0167132670698
-idi	0.677830151967	0.166539492432	0.0700858813495	0.0855444742516
-rpa	0.093730208993	0.877770740975	0.0284990500317	0.0
-eca	0.451638550885	0.328505254425	0.139224972345	0.0806312223451
-ide	0.301484596279	0.664520294073	0.0221144155815	0.0118806940665
-rpe	0.0703677903302	0.895104542105	0.0222107803051	0.0123168872601
-ece	0.413187009709	0.0334512577902	0.00729414958762	0.546067582913
-ida	0.337924724325	0.488248457955	0.120016947281	0.053809870439
-its	0.0	1.0	0.0	0.0
-tla	0.0	1.0	0.0	0.0
-ecu	0.0	1.0	0.0	0.0
-uta	0.66590098805	0.204252382343	0.0600426410609	0.0698039885462
-ute	0.532362446706	0.344841515208	0.0800169129047	0.0427791251817
-fìa	0.0	1.0	0.0	0.0
-uth	0.00919540229884	0.795402298851	0.0183908045977	0.177011494253
-uti	0.66103118621	0.200178778692	0.0754435253536	0.0633465097438
-uto	0.776689063224	0.0975909882323	0.0556052706441	0.0701146779001
-uts	0.0	1.0	0.0	0.0
-utt	0.0	1.0	0.0	0.0
-fìr	0.0	1.0	0.0	0.0
-bìm	0.0	1.0	0.0	0.0
-bìa	0.0	1.0	0.0	0.0
-uèl	0.0	1.0	0.0	0.0
-num	0.142857142857	0.857142857143	0.0	0.0
-ce	0.285714285714	0.714285714286	0.0	0.0
-àba	0.0	1.0	0.0	0.0
-lpò	0.491329479769	0.433526011561	0.0404624277457	0.0346820809248
-ofò	0.389400921659	0.331797235023	0.145161290323	0.133640552995
-v'è	0.121213494347	0.107551487414	0.00611731653715	0.765117701702
-lpí	0.866133866134	0.10989010989	0.0	0.023976023976
-lpì	0.83429672447	0.111202862648	0.0173410404624	0.0371593724195
-ofà	0.0	1.0	0.0	0.0
-kel	0.0	1.0	0.0	0.0
-ija	0.00135135135135	0.998648648649	0.0	0.0
-eòr	0.111111111111	0.777777777778	0.111111111111	0.0
-icò	0.795474435622	0.0985037800905	0.0408059975327	0.0652157867544
-tka	0.0	1.0	0.0	0.0
-eòn	0.0	1.0	0.0	0.0
-keh	0.0	0.917808219178	0.082191780822	0.0
-iaà	0.0	1.0	0.0	0.0
-rpò	0.6	0.4	0.0	0.0
-aum	0.00338855421687	0.994352409639	0.0	0.00225903614458
-ufi	0.166666666667	0.833333333333	0.0	0.0
-edè	0.8	0.2	0.0	0.0
-ulò	0.9	0.1	0.0	0.0
-cè	0.540572332963	0.0316216100607	0.00673710325947	0.421068953717
-iah	0.00541777028654	0.990127618589	0.00445461112448	0.0
-ghì	0.285714285714	0.714285714286	0.0	0.0
-mfi	0.0	1.0	0.0	0.0
-ìno	0.0252100840336	0.949579831933	0.0252100840336	0.0
-ofo	0.0	1.0	0.0	0.0
-lpe	0.0843599671477	0.807931479526	0.0323829637451	0.0753255895811
-lpa	0.112458654906	0.562092813471	0.235241054425	0.0902074771975
-ofi	0.0524842547236	0.335549335199	0.611966410077	0.0
-lpo	0.388571428571	0.282077922078	0.0550649350649	0.274285714286
-ghè	0.0	1.0	0.0	0.0
-ofe	0.834170854271	0.158291457286	0.00753768844221	0.0
-lpi	0.134803018015	0.787362677874	0.00860183341936	0.0692324706923
-ofa	0.0733983877811	0.921510394569	0.0	0.00509121764955
-zki	0.0	1.0	0.0	0.0
-èni	0.0032292787944	0.990312163617	0.00645855758881	0.0
-ène	0.00656060357554	0.990979170084	0.00082007544694	0.00164015089388
-èna	0.0	1.0	0.0	0.0
-atà	0.0537808329963	0.897695107157	0.0	0.0485240598463
-nhé	0.432835820896	0.34328358209	0.134328358209	0.089552238806
-nac	0.0	1.0	0.0	0.0
-mak	0.0	1.0	0.0	0.0
-eàb	0.0	1.0	0.0	0.0
-eàl	0.0	1.0	0.0	0.0
-eàm	0.0689655172414	0.931034482759	0.0	0.0
-hii	0.321428571429	0.535714285714	0.142857142857	0.0
-666	0.0	0.0181818181818	0.0	0.981818181818
-ade	0.207181759934	0.752974639724	0.0146374372364	0.0252061631054
-lab	0.0	1.0	0.0	0.0
-ada	0.150698778559	0.790391771878	0.0157312316775	0.0431782178853
-ado	0.599273349532	0.183626767691	0.159101551086	0.0579983316913
-rdò	0.834599622416	0.0443891881936	0.0102224064097	0.110788782981
-quí	0.13963187959	0.108260041708	0.0	0.752108078702
-mam	0.0	1.0	0.0	0.0
-adi	0.119593320904	0.798772134035	0.0522255070613	0.029409038
-v’è	0.0664306629955	0.0670862287488	0.0150780123246	0.851405095931
-tìo	0.0416666666667	0.53125	0.40625	0.0208333333333
-se’	0.661466458658	0.257410296412	0.0530421216849	0.0280811232449
-lam	0.00263852242744	0.996042216359	0.00131926121372	0.0
-tìa	0.0431654676259	0.74964028777	0.207194244604	0.0
-seo	0.00771341427511	0.931462486899	0.0100686552752	0.0507554435506
-sen	0.125888324873	0.874111675127	0.0	0.0
-sem	0.0	0.996466431095	0.00353356890459	0.0
-sel	0.0803059273423	0.902485659656	0.0	0.0172084130019
-sek	0.0	1.0	0.0	0.0
-sei	0.39152805346	0.394432849337	0.0026083881347	0.211430709069
-sef	0.0	1.0	0.0	0.0
-erò	0.60201758112	0.134030681022	0.0299856723981	0.23396606546
-uir	0.765903307888	0.150127226463	0.0458015267176	0.0381679389313
-lba	0.106871083259	0.660810205909	0.0792300805729	0.15308863026
-sea	0.0584403835715	0.918762438936	0.013026958567	0.00977021892528
-uii	0.6875	0.1640625	0.03125	0.1171875
-erì	0.826209199766	0.120199237872	0.0144147744302	0.0391767879316
-erí	0.877673224979	0.0607356715141	0.00769888793842	0.0538922155689
-uio	0.0409361775628	0.579411002677	0.325071249676	0.0545815700838
-erà	0.712793379795	0.151502059464	0.0429177643331	0.0927867964076
-erá	0.0	1.0	0.0	0.0
-set	0.00183486238532	0.987155963303	0.00733944954128	0.00366972477064
-ses	0.00674157303371	0.993258426966	0.0	0.0
-ser	0.739216617009	0.0942035595949	0.0109159671531	0.155663856243
-lat	0.0521739130435	0.927536231884	0.0202898550725	0.0
-ugò	0.911532385466	0.0315955766193	0.0410742496051	0.0157977883096
-bla	0.0	1.0	0.0	0.0
-gùb	0.0	1.0	0.0	0.0
-mta	0.0	1.0	0.0	0.0
-gùr	0.0	1.0	0.0	0.0
-los	0.0	1.0	0.0	0.0
-rdí	0.857142857143	0.142857142857	0.0	0.0
-aad	0.000793755787803	0.998412488424	0.000793755787801	0.0
-lhi	0.0	1.0	0.0	0.0
-rha	0.133333333333	0.866666666667	0.0	0.0
-qua	0.0365356271105	0.857709914139	0.00667155368047	0.0990829050697
-er’	0.117647058824	0.372549019608	0.509803921569	0.0
-zon	0.0306513409961	0.819923371648	0.137931034483	0.0114942528736
-que	0.0783579782209	0.151395704978	0.0138700212577	0.756376295543
-adà	0.0	1.0	0.0	0.0
-ra’	0.0304568527919	0.172588832487	0.0659898477159	0.730964467005
-qui	0.095527987392	0.0480707204347	0.0196899593476	0.836711332826
-adì	0.788068709378	0.125464252553	0.0324976787372	0.0539693593315
-adí	0.757575757576	0.0606060606061	0.109090909091	0.0727272727273
-quo	0.0982474774296	0.228890069039	0.611258629846	0.0616038236856
-naz	0.0	1.0	0.0	0.0
-zot	0.0134831460674	0.973033707865	0.0	0.0134831460674
-sè	0.666666666667	0.333333333333	0.0	0.0
-zor	0.0	1.0	0.0	0.0
-seì	0.0	1.0	0.0	0.0
-sma	0.0682984603237	0.871298855113	0.0414528227398	0.0189498618239
-cbi	0.0	1.0	0.0	0.0
-rat	0.0	1.0	0.0	0.0
-uiò	0.263157894737	0.140350877193	0.59649122807	0.0
-rar	0.725155493672	0.177509080042	0.0397026080903	0.0576328181955
-ras	0.0	1.0	0.0	0.0
-cba	0.0	1.0	0.0	0.0
-ran	0.194401717602	0.072541052609	0.613048266098	0.120008963691
-eri	0.142985560311	0.595703289799	0.215659304193	0.0456518456969
-ral	0.21387283237	0.396917148362	0.366088631985	0.0231213872832
-ram	0.00251940623723	0.987471060874	0.00428979980934	0.00571973307912
-rak	0.0	1.0	0.0	0.0
-rah	0.00353773584906	0.990271226415	0.00619103773584	0.0
-ero	0.595595835915	0.164024036338	0.0798327048315	0.160547422915
-raf	0.0	1.0	0.0	0.0
-era	0.679142570656	0.199351455012	0.0412658110043	0.0802401633267
-rad	0.0	1.0	0.0	0.0
-rae	0.730932049075	0.190345916622	0.0193745939347	0.0593474403685
-rab	0.0	1.0	0.0	0.0
-rac	0.0	1.0	0.0	0.0
-oza	0.0	1.0	0.0	0.0
-oze	0.0	1.0	0.0	0.0
-boc	0.0	1.0	0.0	0.0
-aké	0.0	0.888888888889	0.111111111111	0.0
-uge	0.175572519084	0.75572519084	0.0458015267176	0.0229007633588
-azo	0.0	1.0	0.0	0.0
-azi	0.483137440198	0.321953812533	0.13820802079	0.0567007264781
-uga	0.47708474004	0.448430114787	0.0341829844699	0.0403021607023
-ugo	0.482412060302	0.311557788945	0.206030150754	0.0
-aza	0.0	0.996381182147	0.0	0.00361881785283
-ugi	0.507930367505	0.328046421663	0.123017408124	0.0410058027079
-ika	0.0	1.0	0.0	0.0
-nor	0.00784549656302	0.970365974122	0.00876012699135	0.0130284023236
-nos	0.0257234726688	0.974276527331	0.0	0.0
-not	0.332386363636	0.565340909091	0.0767045454546	0.0255681818182
-ràt	0.0	1.0	0.0	0.0
-ie’	0.852272727273	0.0454545454545	0.0	0.102272727273
-noi	0.00683190532099	0.00320547132761	0.000976017877834	0.988986605474
-iku	0.0	1.0	0.0	0.0
-nok	0.0	1.0	0.0	0.0
-nol	0.357527826596	0.0232571763328	0.0242530755712	0.5949619215
-nom	0.0	0.979381443299	0.020618556701	0.0
-non	0.174146710241	0.0385178048681	0.0104801382773	0.776855346613
-ràn	0.0	1.0	0.0	0.0
-noa	0.0116959064328	0.988304093567	0.0	0.0
-nob	0.0484848484848	0.951515151515	0.0	0.0
-noc	0.0	1.0	0.0	0.0
-nod	0.0	1.0	0.0	0.0
-urò	0.782317833016	0.143044533351	0.0440086574408	0.030628976192
-nof	0.0	1.0	0.0	0.0
-no]	0.0645161290323	0.774193548387	0.0	0.161290322581
-vo’	0.433962264151	0.0	0.339622641509	0.22641509434
--ir	0.0	1.0	0.0	0.0
-gl’	0.170170555861	0.224635707232	0.0875942430004	0.517599493906
-to’	1.0	0.0	0.0	0.0
-gla	0.0	1.0	0.0	0.0
-vor	0.215517241379	0.590517241379	0.155172413793	0.0387931034483
-tob	0.0	1.0	0.0	0.0
-hèl	0.0	1.0	0.0	0.0
-ton	0.2805907173	0.639240506329	0.0379746835443	0.042194092827
-gli	0.0448508604858	0.130871556723	0.00876611069412	0.815511472097
-tom	0.0	1.0	0.0	0.0
-toi	0.0444634917234	0.949108051642	0.00160711415868	0.00482134247603
-tot	0.0	1.0	0.0	0.0
-tou	0.0	1.0	0.0	0.0
-tor	0.119109891112	0.82387860581	0.0332567101291	0.0237547929494
-voi	0.0130082634744	0.0322148547587	0.00908007519894	0.945696806568
-vol	0.127031019202	0.314623338257	0.466765140325	0.0915805022156
-von	0.332046332046	0.413127413127	0.208494208494	0.0463320463321
-iei	0.0140012882677	0.0282635859038	0.0290093269567	0.928725798872
-ieh	0.0	1.0	0.0	0.0
-iem	0.340699815838	0.158379373849	0.0165745856354	0.484346224678
-iel	0.0454257263268	0.93227165927	0.00529593853728	0.0170066758662
-ror	0.160739687055	0.702702702703	0.136557610242	0.0
-ien	0.524977966181	0.11369111776	0.0815350104819	0.279795905577
-clo	0.041598960026	0.782905427364	0.17549561261	0.0
-cli	0.0474783106111	0.91152636095	0.00228811135475	0.0387072170845
-roz	0.0	1.0	0.0	0.0
-bòn	0.0	1.0	0.0	0.0
-rod	0.0	1.0	0.0	0.0
-roe	0.232	0.352	0.344	0.072
-ìri	0.0	1.0	0.0	0.0
-roa	0.0	1.0	0.0	0.0
-roc	0.0	1.0	0.0	0.0
-rom	0.0	1.0	0.0	0.0
-ron	0.46521825612	0.38521984955	0.0122807977196	0.137281096611
-ier	0.496975447752	0.351796939865	0.0960740125727	0.0551535998102
-ieu	0.0166666666666	0.983333333333	0.0	0.0
-roi	0.223463687151	0.381750465549	0.320297951583	0.0744878957169
-rok	0.0	1.0	0.0	0.0
-kòd	0.0	1.0	0.0	0.0
-vsa	0.0	1.0	0.0	0.0
-èin	0.0	1.0	0.0	0.0
-sar	0.217009934577	0.719360310153	0.0341167918585	0.0295129634117
-ìdi	0.0	0.714285714286	0.285714285714	0.0
-noè	0.00276647912573	0.993913745923	0.0	0.00331977495088
-noé	0.0	1.0	0.0	0.0
-hka	0.0	1.0	0.0	0.0
-qab	0.0	1.0	0.0	0.0
-nga	0.710724737933	0.0998253620723	0.044545988724	0.144903911271
-evé	1.0	0.0	0.0	0.0
-ddi	0.580556326452	0.243109963068	0.14345793395	0.0328757765301
-tia	0.0423472095879	0.895003225858	0.0391124153547	0.0235371491991
-glà	0.0	1.0	0.0	0.0
-fek	0.0	1.0	0.0	0.0
-glì	0.5	0.5	0.0	0.0
-glí	0.285714285714	0.571428571429	0.142857142857	0.0
-tim	0.00438596491229	0.995614035088	0.0	0.0
-oèl	0.0	1.0	0.0	0.0
-toù	0.0	1.0	0.0	0.0
-sac	0.0114285714286	0.988571428571	0.0	0.0
-àmo	0.0	1.0	0.0	0.0
-còn	0.0	0.846153846154	0.153846153846	0.0
-àma	0.0	1.0	0.0	0.0
-dàn	0.0	0.731629392971	0.268370607029	0.0
-dàm	0.0	1.0	0.0	0.0
-dàk	0.0	1.0	0.0	0.0
-tit	0.0	0.923076923077	0.0	0.0769230769231
-dài	0.445062586926	0.354659248957	0.0751043115438	0.125173852573
-dàd	0.00816326530611	0.824489795918	0.159183673469	0.00816326530611
-dàb	0.00544959128066	0.994550408719	0.0	0.0
-sté	0.666666666667	0.222222222222	0.0	0.111111111111
-leh	0.0	1.0	0.0	0.0
-esú	0.00268804715034	0.946935958106	0.00286061314024	0.047515381603
-esù	0.00370016212658	0.874429755285	0.00271603777454	0.119154044814
-lek	0.0167938931298	0.952671755725	0.0282442748092	0.00229007633588
-itú	0.107926829268	0.842682926829	0.0310975609756	0.0182926829268
-lem	0.00472999605833	0.995270003942	0.0	0.0
-len	0.0	1.0	0.0	0.0
-leo	0.0290767663673	0.812019631447	0.135568108158	0.0233354940272
-lea	0.0173875755606	0.963039298411	0.00990414009655	0.00966898593225
-leb	0.00195083886071	0.997268825595	0.000780335544284	0.0
-sad	0.0	1.0	0.0	0.0
-itò	0.779978935754	0.126285169768	0.0277847434676	0.0659511510106
-ìco	0.0	0.942307692308	0.0576923076923	0.0
-lef	0.0	1.0	0.0	0.0
-leg	0.0	1.0	0.0	0.0
-mut	0.0465116279069	0.953488372093	0.0	0.0
-oie	0.186959030583	0.631852279285	0.115406809002	0.065781881131
-fsa	0.0	1.0	0.0	0.0
-esí	0.235565819861	0.214780600462	0.013856812933	0.535796766744
-esì	0.115451118763	0.0520533670234	0.0171219879521	0.815373526262
-oio	0.156817659232	0.808691653254	0.0106921131295	0.0237985743849
-ler	0.46678200692	0.321799307958	0.10830449827	0.103114186851
-ccò	0.863804157762	0.0667621915679	0.0097386827278	0.0596949679425
-let	0.0	1.0	0.0	0.0
-pe’	0.0452488687783	0.954751131222	0.0	0.0
-ità	0.0726307022547	0.742936298952	0.0974301481574	0.0870028506362
-osà	0.0	1.0	0.0	0.0
-spè	0.0	1.0	0.0	0.0
-san	0.032422829225	0.928492116367	0.0273151232512	0.011769931157
-lfo	0.0306905370844	0.966751918159	0.00255754475703	0.0
-n'è	0.103448275862	0.406403940887	0.064039408867	0.426108374384
-udì	0.916238640853	0.0568945080996	0.00612406163572	0.0207427894113
-udí	0.950399087799	0.0171037628278	0.00342075256556	0.0290763968073
-120	0.0392156862745	0.078431372549	0.0	0.882352941176
-hmi	0.0	1.0	0.0	0.0
-fa	0.755818701511	0.103171362461	0.0179665169457	0.123043419083
-kìm	0.0212765957447	0.978723404255	0.0	0.0
-lom	0.00651819663226	0.990222705052	0.00325909831613	0.0
-kìa	0.0	1.0	0.0	0.0
-pea	0.769230769231	0.0769230769231	0.0769230769231	0.0769230769231
-pel	0.301408623977	0.546041705112	0.029525742757	0.123023928154
-peh	0.0	1.0	0.0	0.0
-pei	0.118811881188	0.549504950495	0.232673267327	0.0990099009901
-ogi	0.0522739153162	0.867224255097	0.0564558285416	0.0240460010455
-lsa	0.104472271914	0.186404293381	0.606440071556	0.102683363148
-per	0.0172756328308	0.0243576842243	0.00327809769072	0.955088585254
-lse	0.763513921283	0.0994032468201	0.0426176200163	0.0944652118811
-oga	0.0285102225422	0.964699681415	0.000818083860608	0.00597201218244
-shi	0.0	1.0	0.0	0.0
-lsi	0.101998744045	0.0872507913149	0.784299297807	0.0264511668327
-lso	0.163162447975	0.164414928187	0.586298469047	0.086124154791
-cci	0.552449780008	0.334965856378	0.0425053256087	0.0700790380059
-oiò	0.857142857143	0.0	0.0	0.142857142857
-cco	0.3581497105	0.336509009661	0.0868592436985	0.21848203614
-cca	0.120734555917	0.814828933351	0.0323169632565	0.032119547476
-sfà	0.307692307692	0.538461538462	0.0	0.153846153846
-acà	0.0344827586207	0.965517241379	0.0	0.0
-cce	0.0871117770961	0.847969578309	0.0514397998275	0.0134788447674
-rid	0.0	1.0	0.0	0.0
-est	0.0568546560979	0.359839438927	0.372621466382	0.210684438593
-ito	0.329049566828	0.508820297218	0.0461233374074	0.116006798547
-esi	0.326952858465	0.522117740115	0.0411555840141	0.109773817405
-esh	0.00729040097205	0.905224787363	0.0874848116647	0.0
-eso	0.581861369132	0.248723599802	0.0316376391574	0.137777391908
-ith	0.0	0.997222222222	0.00277777777779	0.0
-iti	0.298583032091	0.567006256037	0.0561180057818	0.0782927060902
-sfò	0.4	0.4	0.2	0.0
-tet	0.0	1.0	0.0	0.0
-esa	0.225557227315	0.702291754573	0.0261104989093	0.0460405192024
-ite	0.694614777149	0.164603425598	0.0581590895313	0.0826227077214
-ese	0.377978128588	0.547009733751	0.00919366365932	0.0658184740015
-ita	0.241724305751	0.674592427732	0.0488681881798	0.0348150783367
-spa	0.0302114803625	0.969788519637	0.0	0.0
-spe	0.103448275862	0.827586206897	0.0689655172413	0.0
-fad	0.0	0.964285714286	0.0357142857144	0.0
-spi	0.142857142857	0.571428571429	0.285714285714	0.0
-fah	0.0	1.0	0.0	0.0
-fai	0.773696043165	0.0673561151079	0.0151978417266	0.14375
-fan	0.187163453187	0.735539343408	0.0442939030745	0.03300330033
-fal	0.0	1.0	0.0	0.0
-spo	0.0	1.0	0.0	0.0
-far	0.547324608071	0.0641497810998	0.0218982550574	0.366627355771
-uda	0.011651600091	0.970330568255	0.0133840839039	0.00463374775036
-fat	0.00465477114041	0.99456943367	0.0	0.000775795190067
-ude	0.524792591163	0.277445494887	0.180156280147	0.0176056338028
-faz	0.0633245382586	0.912928759894	0.0	0.023746701847
-udi	0.169847873726	0.47546606536	0.31276399784	0.0419220630736
-udo	0.0839525355605	0.39959938593	0.465823433951	0.0506246445591
-gìa	0.166666666667	0.666666666667	0.0	0.166666666667
-fa’	0.730628459204	0.0953847527227	0.02276379218	0.151222995894
-lot	0.00103116322578	0.991750694194	0.00412465290309	0.00309348967732
-ucà	0.0	1.0	0.0	0.0
-cìa	0.0	1.0	0.0	0.0
-aei	0.0	1.0	0.0	0.0
-lor	0.0147269288123	0.0179995796595	0.0133983526657	0.953875138862
-ogò	0.889725420726	0.100531443755	0.0029102872327	0.00683284828546
-aem	0.0	1.0	0.0	0.0
-ael	0.0108754758021	0.989124524198	0.0	0.0
-aen	0.0	0.957446808511	0.031914893617	0.0106382978723
-dmà	0.631578947369	0.368421052631	0.0	0.0
-tec	0.0	1.0	0.0	0.0
-tee	0.154241645244	0.794344473008	0.0	0.0514138817481
-tna	0.0	1.0	0.0	0.0
-gma	0.0588235294118	0.882352941176	0.0588235294118	0.0
-tni	0.0	1.0	0.0	0.0
-gmi	0.0677966101695	0.796610169492	0.135593220339	0.0
-kri	0.0	1.0	0.0	0.0
-t'è	0.202898550725	0.144927536232	0.159420289855	0.492753623188
-éri	0.0956175298805	0.856573705179	0.0478087649403	0.0
-cme	0.0	1.0	0.0	0.0
-ear	0.0	1.0	0.0	0.0
-eat	0.0118343195266	0.988165680473	0.0	0.0
-òpo	0.0193861066236	0.961227786753	0.0193861066236	0.0
-cmi	0.0	1.0	0.0	0.0
-tem	0.0	1.0	0.0	0.0
-rne	0.149844644911	0.682098548263	0.127848188	0.0402086188265
-eab	0.0	1.0	0.0	0.0
-ead	0.0	1.0	0.0	0.0
-rna	0.0907800721529	0.263002683959	0.563043553027	0.083173690861
-rno	0.0437231698703	0.759505613955	0.0345801331836	0.162191082992
-eah	0.0	0.998127340824	0.00187265917603	0.0
-eam	0.0149625935162	0.985037406484	0.0	0.0
-izi	0.195302880882	0.725479037577	0.0453617333131	0.0338563482273
-rni	0.0499732113883	0.904648323737	0.0125318838405	0.032846581034
-ean	0.724256471691	0.0842752226678	0.0350018230116	0.156466482629
-uri	0.211299285525	0.312595924848	0.403307753374	0.072797036253
-uro	0.179792712566	0.245397267545	0.488970272083	0.0858397478068
-nnò	0.914980232513	0.0744510118605	0.0	0.0105687556269
-ure	0.127721400383	0.275016253335	0.0526483009984	0.544614045284
-mòn	0.0849420849421	0.880308880309	0.015444015444	0.019305019305
-nné	0.0	1.0	0.0	0.0
-nnè	0.0	1.0	0.0	0.0
-mòt	0.0	0.9875	0.0	0.0125
-nnì	0.0	1.0	0.0	0.0
-fòn	0.0	1.0	0.0	0.0
-nnà	0.0	1.0	0.0	0.0
-klà	0.0	1.0	0.0	0.0
-ara	0.229190443826	0.629236608918	0.0964898500917	0.0450830971647
-zni	0.0	1.0	0.0	0.0
-sha	0.0	0.991150442478	0.00884955752212	0.0
-vr’	0.166666666667	0.166666666667	0.0333333333333	0.633333333334
-bàt	0.0119047619048	0.988095238095	0.0	0.0
-t'e	0.0982800982801	0.176904176904	0.04914004914	0.675675675676
-rnó	0.222222222222	0.777777777778	0.0	0.0
-rnò	0.74988067702	0.0399823769138	0.00624150971106	0.203895436355
-rní	0.709677419355	0.290322580645	0.0	0.0
-rnì	0.773424190801	0.180579216354	0.045996592845	0.0
-iha	0.0	1.0	0.0	0.0
-urì	0.540620384047	0.096011816839	0.33234859675	0.0310192023634
-urí	0.588235294118	0.294117647059	0.117647058824	0.0
-urà	0.0	1.0	0.0	0.0
-nnu	0.0	1.0	0.0	0.0
-nni	0.0428027231381	0.875950658661	0.0176353738809	0.0636112443204
-nno	0.558706307447	0.145717216443	0.0282470746385	0.267329401472
-ihu	0.00992555831266	0.980148883375	0.00992555831265	0.0
-nna	0.0436739590999	0.870793648842	0.015146273132	0.0703861189258
-kla	0.0	1.0	0.0	0.0
-nne	0.498730942751	0.387119661122	0.0177736147957	0.0963757813316
-fàm	0.0	1.0	0.0	0.0
-fàn	0.0225861095426	0.971767363072	0.00564652738566	0.0
-fàz	0.0	1.0	0.0	0.0
-fàt	0.0	1.0	0.0	0.0
-fàr	0.0	1.0	0.0	0.0
-gta	0.0	1.0	0.0	0.0
-crò	0.760613207547	0.0766509433963	0.162735849057	0.0
-thà	0.0482654600301	0.870286576169	0.0	0.0814479638009
-crì	0.0	1.0	0.0	0.0
-ìpa	0.0793650793651	0.920634920635	0.0	0.0
-mèr	0.0	1.0	0.0	0.0
-ìpi	0.114093959732	0.43288590604	0.355704697987	0.0973154362416
-vre	0.0272727272727	0.781818181818	0.190909090909	0.0
-vra	0.390243902439	0.518292682927	0.0548780487805	0.0365853658537
-000	0.0	0.315457413249	0.143758449752	0.540784136999
-mrì	0.0	1.0	0.0	0.0
-frà	0.0	0.931034482759	0.0689655172413	0.0
-ldò	0.785714285714	0.0714285714286	0.142857142857	0.0
-frí	0.866995073892	0.0506685432794	0.0190007037298	0.0633356790992
-frì	0.848317922487	0.111745032461	0.00924650796773	0.0306905370844
-h;	0.0	1.0	0.0	0.0
-coi	0.0912092026001	0.0628935098526	0.0198073716094	0.826089915938
-buz	0.0	1.0	0.0	0.0
-zpà	0.0	1.0	0.0	0.0
-cru	0.0	1.0	0.0	0.0
-aja	0.0	1.0	0.0	0.0
-cro	0.085510433358	0.823475784452	0.0717651853221	0.0192485968678
-cri	0.021931884098	0.87826054931	0.0918892541134	0.00791831247871
-cre	0.0808605341246	0.416543026706	0.472551928783	0.0300445103858
-saù	0.00638217995245	0.986860217745	0.00225253410087	0.00450506820173
-cra	0.199648968846	0.184291355858	0.602896007021	0.0131636682756
-mra	0.0	1.0	0.0	0.0
-ldi	0.331115697026	0.427171943801	0.170911970437	0.0708003887363
-ldo	0.217924336301	0.503408049752	0.236084697659	0.0425829162886
-mre	0.0	1.0	0.0	0.0
-vrà	0.3271685524	0.0596995595812	0.00864340352715	0.604488484492
-mri	0.0180654873918	0.981934512608	0.0	0.0
-lda	0.274689532821	0.29095209935	0.356298048492	0.0780603193377
-lde	0.167452830189	0.455188679245	0.306603773585	0.0707547169811
-fre	0.662308548239	0.203184317319	0.058908234062	0.0755989003796
-sga	0.0	1.0	0.0	0.0
-vrò	0.324955703679	0.0466166047924	0.0271051299359	0.601322561593
-fra	0.0570107300749	0.053168269908	0.0296339414589	0.860187058558
-bus	0.0714285714285	0.928571428571	0.0	0.0
-fro	0.777572984893	0.136972529495	0.0254478431419	0.0600066424705
-fri	0.513687304795	0.411354032703	0.0154326658093	0.059525996693
-usi	0.367996298962	0.313405983345	0.274904903876	0.0436928138172
-ush	0.0	0.929824561403	0.0701754385966	0.0
-uso	0.514214452532	0.271242319117	0.155817064599	0.058726163753
-usa	0.200674628534	0.34725449355	0.0378376942693	0.414233183647
-use	0.473696305102	0.382095382907	0.0609606155981	0.0832476963932
-sàd	0.0	1.0	0.0	0.0
-sàf	0.0	0.869565217391	0.0	0.130434782609
-sài	0.0	0.987068965517	0.0	0.0129310344828
-sàm	0.0	1.0	0.0	0.0
-sàn	0.0	0.965909090909	0.0340909090909	0.0
-eru	0.0	1.0	0.0	0.0
-epe	0.031122558489	0.965657866495	0.00321957501609	0.0
-kur	0.0	1.0	0.0	0.0
-epi	0.0420456327427	0.950309706759	0.0	0.00764466049867
-hoa	0.0	1.0	0.0	0.0
-ta	0.256198347107	0.595041322314	0.0826446280992	0.0661157024794
-sùe	1.0	0.0	0.0	0.0
-cum	0.0855614973261	0.828877005348	0.0	0.0855614973262
-ièl	0.0	1.0	0.0	0.0
-òam	0.0	1.0	0.0	0.0
-ium	0.0	0.851590106007	0.148409893993	0.0
-iun	0.0515818050861	0.250900326888	0.0271483184664	0.67036954956
-mmò	0.851063829787	0.063829787234	0.0	0.0851063829787
-gnò	0.755730121203	0.122225412517	0.0568661242887	0.0651783419921
-iud	0.0	1.0	0.0	0.0
-rmò	0.791329581428	0.0840661273303	0.0495075624341	0.0750967288076
-loè	0.0	0.75	0.25	0.0
-enò	0.827148585523	0.0969257692467	0.0403742541787	0.0355513910515
-uer	0.0	1.0	0.0	0.0
-enì	0.0	1.0	0.0	0.0
-uel	0.0408175893926	0.0567279004366	0.0129384482612	0.88951606191
-rmà	0.0	0.842105263158	0.157894736842	0.0
-uei	0.0689149921198	0.12269749803	0.0196759259259	0.788711583924
-enà	0.0	1.0	0.0	0.0
-bùl	0.038029386344	0.961970613656	0.0	0.0
-rmì	0.533333333333	0.466666666667	0.0	0.0
-rmí	1.0	0.0	0.0	0.0
-iim	0.0	1.0	0.0	0.0
-usà	0.0	1.0	0.0	0.0
-iia	0.0	1.0	0.0	0.0
-tsi	0.0	1.0	0.0	0.0
-usò	0.6114996115	0.27195027195	0.039627039627	0.0769230769231
-tsa	0.0	1.0	0.0	0.0
-sòn	0.0	1.0	0.0	0.0
-lòt	0.0	1.0	0.0	0.0
-epì	0.714506172839	0.0354938271605	0.247685185185	0.00231481481482
-epí	0.561538461538	0.161538461538	0.246153846154	0.0307692307692
-lòn	0.0	1.0	0.0	0.0
-epò	0.535714285714	0.335714285714	0.0	0.128571428571
-ta’	0.667282382822	0.256060955899	0.0567998152851	0.019856845994
-gn’	0.211121583412	0.320452403393	0.0381715362865	0.430254476908
-sòr	0.0	1.0	0.0	0.0
-mci	1.0	0.0	0.0	0.0
-tal	0.185313303024	0.147756473611	0.228898991896	0.438031231469
-gno	0.111485330918	0.749955308375	0.111728798121	0.0268305625863
-tan	0.0998970359497	0.843198895875	0.02776743269	0.0291366354854
-tah	0.0	0.943925233645	0.056074766355	0.0
-tai	0.589563472153	0.187554993201	0.0492302769839	0.173651257663
-gni	0.0575129193942	0.203607876635	0.0534876071895	0.685391596781
-tad	0.0	0.851063829787	0.148936170213	0.0
-gne	0.141614198352	0.761085985439	0.0691834069715	0.0281164092372
-boe	0.0	1.0	0.0	0.0
-gna	0.133488415714	0.582140538106	0.125963767577	0.158407278603
-tat	0.0	1.0	0.0	0.0
-tau	0.0	1.0	0.0	0.0
-tar	0.615818786204	0.28426411071	0.0426218257998	0.057295277286
-eno	0.320281968608	0.308688794029	0.159170004816	0.211859232547
-eni	0.478367040132	0.297109109546	0.173741250769	0.0507825995525
-rme	0.319343745088	0.456355849235	0.0974343841612	0.126866021517
-ene	0.400360356206	0.166756547646	0.237108107694	0.195774988454
-rmi	0.483906576653	0.264824331337	0.152363087212	0.0989060047974
-ena	0.198061334573	0.377077566586	0.163334567158	0.261526531683
-iok	0.181818181818	0.772727272727	0.0454545454545	0.0
-lgò	0.203846153846	0.665384615385	0.0269230769231	0.103846153846
-a!	0.166666666667	0.5	0.166666666667	0.166666666667
-het	0.0616438356163	0.842465753425	0.0	0.095890410959
-hum	0.0923076923077	0.9	0.0	0.00769230769231
-her	0.0323886639676	0.967611336032	0.0	0.0
-hes	0.0112994350282	0.966101694915	0.0225988700565	0.0
-hel	0.0	1.0	0.0	0.0
-hem	0.00237937871778	0.993654990086	0.0039656311963	0.0
-hen	0.105263157895	0.894736842105	0.0	0.0
-heo	0.002	0.995428571429	0.00257142857143	0.0
-hei	0.0	1.0	0.0	0.0
-vìo	0.625	0.0	0.0	0.375
-vìa	0.333333333333	0.555555555556	0.0	0.111111111111
-hea	0.0692640692641	0.878787878788	0.0	0.0519480519481
-heb	0.0	0.768240343347	0.171673819743	0.06008583691
-a;	0.517241379311	0.482758620689	0.0	0.0
-biò	0.733097799904	0.0766018949735	0.149349606552	0.0409506985708
-hè	0.75	0.25	0.0	0.0
-còr	0.0399999999999	0.96	0.0	0.0
-rìm	0.0136054421769	0.938775510204	0.0408163265306	0.00680272108844
-nso	0.234031810149	0.641908608937	0.0664226205504	0.0576369603635
-nsi	0.586919885922	0.249740731138	0.0797251750065	0.0836142079336
-bià	0.0	1.0	0.0	0.0
-nse	0.740145723706	0.105950346837	0.0261857920521	0.127718137405
-còb	0.0	1.0	0.0	0.0
-nsa	0.328430038599	0.544566562993	0.0814600547075	0.0455433437007
-rìb	0.0	1.0	0.0	0.0
-put	0.506493506493	0.48051948052	0.012987012987	0.0
-hon	0.0377754459601	0.961699895068	0.0	0.000524658971668
-pur	0.169840683952	0.0466849891761	0.0277705729193	0.755703753953
-nah	0.00619578686494	0.978934324659	0.0148698884758	0.0
-esà	0.0	1.0	0.0	0.0
-pua	0.0	1.0	0.0	0.0
-puc	0.0	0.333333333333	0.666666666667	0.0
-pul	0.0	1.0	0.0	0.0
-zuf	0.0	1.0	0.0	0.0
-puk	0.0	0.333333333333	0.666666666667	0.0
-he’	0.108597285068	0.760180995475	0.0633484162896	0.0678733031674
-zìr	0.0	1.0	0.0	0.0
-nmi	0.671428571429	0.242857142857	0.0	0.0857142857142
-zìa	0.0	1.0	0.0	0.0
-meà	0.0	1.0	0.0	0.0
-zìb	0.0	1.0	0.0	0.0
-zìm	0.0294117647059	0.970588235294	0.0	0.0
-meì	0.232558139535	0.581395348837	0.0	0.186046511628
-zìn	0.0	1.0	0.0	0.0
-dea	0.0282245171271	0.941780709869	0.0235112108566	0.00648356214681
-dec	0.00309437854564	0.979886539453	0.0108303249097	0.00618875709128
-ded	0.207547169811	0.792452830189	0.0	0.0
-dee	0.215932066316	0.386575010109	0.27780024262	0.119692680954
-deh	0.448700311346	0.0367822749982	0.0055028600391	0.509014553617
-dei	0.0128437005504	0.219036551557	0.0306562154764	0.737463532416
-msi	0.0	1.0	0.0	0.0
-dek	0.0088094946776	0.96476202129	0.0264284840328	0.0
-del	0.0095744247821	0.00753274856594	0.00183530116726	0.981057525485
-den	0.00131969646981	0.964038271198	0.0346420323326	0.0
-deo	0.0187719390852	0.921844070838	0.0487938451794	0.0105901448969
-der	0.72830500406	0.173384951415	0.0229761138025	0.0753339307216
-lge	0.725058737337	0.142308566809	0.0426193062679	0.0900133895864
-lga	0.645115972384	0.194653489433	0.0331511458309	0.127079392352
-lgo	0.768021137244	0.116594093864	0.0352021328821	0.0801826360091
-oka	0.0	1.0	0.0	0.0
-lgi	0.682299113526	0.199885616242	0.0257363454389	0.0920789247927
-nìa	0.00337837837838	0.929054054054	0.0641891891892	0.00337837837838
-zur	0.0	1.0	0.0	0.0
-bit	0.0	1.0	0.0	0.0
-biu	0.0	1.0	0.0	0.0
-bir	0.0277264325324	0.889094269871	0.0776340110906	0.00554528650647
-bis	0.0232558139535	0.860465116279	0.116279069767	0.0
-nsò	0.540043763676	0.15886214442	0.0236323851204	0.277461706783
-nsì	0.222139719077	0.261803106243	0.16645009591	0.34960707877
-nsí	0.475420439845	0.301423027167	0.00970245795601	0.213454075032
-bie	0.142937898732	0.739804570783	0.117257530485	0.0
-bib	0.0	0.929824561403	0.0350877192982	0.0350877192983
-nìt	0.0	1.0	0.0	0.0
-bia	0.484355451198	0.241027930331	0.0305993326322	0.244017285839
-bin	0.0380952380952	0.942857142857	0.0	0.0190476190476
-bio	0.273763049715	0.548531629847	0.0614408659391	0.1162644545
-bil	0.0	1.0	0.0	0.0
-bim	0.0	1.0	0.0	0.0
-bii	0.0	1.0	0.0	0.0
-100	0.0	0.470588235294	0.0	0.529411764706
-può	0.24653586709	0.108583260282	0.186417295995	0.458463576634
-ifa	0.0175381617408	0.967846703475	0.0126664501462	0.00194868463786
-gru	0.3	0.7	0.0	0.0
-met	0.0	1.0	0.0	0.0
-luz	0.0	1.0	0.0	0.0
-dsi	0.0	1.0	0.0	0.0
-mes	0.0	0.817927170868	0.182072829132	0.0
-’un	0.306174411203	0.118077657543	0.0359643539147	0.539783577339
-lus	0.0	0.833333333333	0.166666666667	0.0
-lut	0.0	1.0	0.0	0.0
-luu	0.0	1.0	0.0	0.0
-mee	0.0	1.0	0.0	0.0
-lui	0.0134294231259	0.151021719511	0.0011650345197	0.834383822844
-luk	0.0	1.0	0.0	0.0
-mea	0.0086393088553	0.961123110151	0.0172786177106	0.0129589632829
-lum	0.0121212121212	0.987878787879	0.0	0.0
-mec	0.0185185185185	0.981481481481	0.0	0.0
-luo	0.152380952381	0.550671550672	0.210500610501	0.0864468864469
-de’	0.00743414055348	0.00967055307903	0.00267839309212	0.980216913275
-meo	0.0344046685829	0.909154254856	0.0381499869349	0.0182910896263
-men	0.0160380583698	0.0827487524715	0.0160132041727	0.885199984986
-mei	0.00880687775215	0.969804990564	0.0188718808975	0.00251625078633
-ìso	0.0	1.0	0.0	0.0
-mek	0.015873015873	0.984126984127	0.0	0.0
-zzà	0.0	1.0	0.0	0.0
-goà	0.0	1.0	0.0	0.0
-zzó	0.666666666667	0.333333333333	0.0	0.0
-zzò	0.762515116253	0.124968626646	0.0590959910557	0.0534202660461
-eeb	0.0	1.0	0.0	0.0
-éta	0.21568627451	0.764705882353	0.0	0.0196078431373
-ndi	0.309439537223	0.148473903758	0.25511677137	0.286969787649
-sri	0.0	1.0	0.0	0.0
-sre	0.0	1.0	0.0	0.0
-rló	0.8	0.0	0.0	0.2
-rlò	0.938883238048	0.0251657255094	0.00406860509978	0.0318824313423
-ubi	0.376955903272	0.559845559846	0.049786628734	0.0134119081487
-ubo	0.209115281501	0.758713136729	0.0321715817694	0.0
-uba	0.584093872229	0.384615384615	0.00782268578878	0.0234680573664
-ube	0.0451273235199	0.941979155474	0.0128935210057	0.0
-upò	0.555384615385	0.366153846154	0.0369230769231	0.0415384615385
-gii	0.840909090909	0.159090909091	0.0	0.0
-oan	0.0	1.0	0.0	0.0
-sìm	0.0	1.0	0.0	0.0
-upì	0.851851851852	0.148148148148	0.0	0.0
-sìo	0.0	1.0	0.0	0.0
-aki	0.0	1.0	0.0	0.0
-ake	0.0	0.913043478261	0.0869565217391	0.0
-nòt	0.0	0.333333333333	0.666666666667	0.0
-aka	0.111111111111	0.888888888889	0.0	0.0
-nòn	0.0	0.972972972973	0.027027027027	0.0
-al	0.170316301703	0.787104622871	0.0182481751825	0.0243309002433
-ees	0.0129032258065	0.987096774194	0.0	0.0
-ai	1.0	0.0	0.0	0.0
-csa	0.0	1.0	0.0	0.0
-ad	0.666666666667	0.333333333333	0.0	0.0
-d’è	0.0899653979238	0.487889273356	0.287197231834	0.134948096886
-nòb	0.333333333333	0.666666666667	0.0	0.0
-goi	0.0	1.0	0.0	0.0
-zza	0.134255824555	0.687295099409	0.120001521128	0.0584475549086
-gol	0.0	0.833333333333	0.166666666667	0.0
-zze	0.0439315158409	0.830951210879	0.0975387216611	0.0275785516192
-gon	0.370969372283	0.519862529061	0.0303244718488	0.0788436268069
-goa	0.0	1.0	0.0	0.0
-zzi	0.262307495306	0.622754321966	0.0877299116551	0.0272082710724
-gob	0.0	1.0	0.0	0.0
-zzo	0.068048128119	0.398203075643	0.0293142424407	0.504434553797
-god	0.0	1.0	0.0	0.0
-gog	0.012252899853	0.961444208463	0.0224636497304	0.00383924195393
-gor	0.304347826087	0.521739130435	0.173913043478	0.0
-com	0.0982142857143	0.833333333333	0.0178571428571	0.0505952380952
-col	0.0924959452732	0.0513509510988	0.0452666306247	0.810886473003
-coo	0.0	1.0	0.0	0.0
-con	0.0309329093187	0.00795470983021	0.00148959783676	0.959622783014
-aèn	0.0	1.0	0.0	0.0
-gi’	1.0	0.0	0.0	0.0
-aèl	0.0142180094787	0.985781990521	0.0	0.0
-cod	0.0	1.0	0.0	0.0
-ubò	0.9375	0.0624999999999	0.0	0.0
-eos	0.0	1.0	0.0	0.0
-eor	0.0119840213049	0.984021304927	0.00399467376831	0.0
-coc	0.0	1.0	0.0	0.0
-cob	0.0	1.0	0.0	0.0
-eon	0.215949990529	0.764349308581	0.0151543853002	0.00454631559009
-rlo	0.642557984526	0.171989384884	0.0424042936601	0.14304833693
-eol	0.0119760479042	0.946107784431	0.0419161676645	0.0
-ubì	0.752287532	0.205130154868	0.0	0.0425823131321
-òna	0.0	1.0	0.0	0.0
-rle	0.420501125504	0.439877807677	0.0502297014875	0.0893913653311
-cot	0.00478468899521	0.995215311005	0.0	0.0
-eod	0.0	1.0	0.0	0.0
-rla	0.691710518818	0.184262104546	0.0300377110869	0.0939896655494
-eob	0.0	1.0	0.0	0.0
-cos	0.0	1.0	0.0	0.0
-cor	0.0996762484058	0.141224369665	0.0510154027274	0.708083979201
-upe	0.0125944584383	0.900083963056	0.0596137699412	0.0277078085642
-co’	0.0365031318368	0.0175023226541	0.00485509635268	0.941139449156
-upa	0.533902730121	0.329404744144	0.115433388035	0.0212591376995
-upo	0.0613989725405	0.738151440636	0.186905695822	0.0135438910016
-upi	0.0637815194781	0.861488637228	0.0662926029221	0.0084372403719
-bès	0.0	1.0	0.0	0.0
-bèt	0.0	1.0	0.0	0.0
-gàb	0.0	1.0	0.0	0.0
-akè	0.0	1.0	0.0	0.0
-gàl	0.0	1.0	0.0	0.0
-os’	0.148614609572	0.0965575146935	0.0327455919395	0.722082283795
-bèz	0.0	1.0	0.0	0.0
-gài	0.0263157894737	0.973684210526	0.0	0.0
-bèa	0.0	1.0	0.0	0.0
-zz’	0.044776119403	0.10447761194	0.10447761194	0.746268656716
-bèl	0.133333333333	0.866666666667	0.0	0.0
-gàz	0.0	1.0	0.0	0.0
-sàr	0.0	1.0	0.0	0.0
-pta	0.0143678160919	0.985632183908	0.0	0.0
-ue’	0.057006501071	0.151948442374	0.00653864943069	0.784506407125
-pti	0.545454545455	0.0909090909091	0.363636363636	0.0
-tre	0.08003250608	0.118325544077	0.0603287537946	0.741313196049
-mbò	0.522504892368	0.318982387476	0.0587084148728	0.0998043052837
-gad	0.00139541374018	0.987441276338	0.0111633099214	0.0
-tra	0.069883900635	0.214852733057	0.133369372742	0.581893993566
-gab	0.0	1.0	0.0	0.0
-drò	0.736424784211	0.0936865503604	0.0184755727909	0.151413092638
-nli	0.675675675676	0.216216216216	0.0540540540542	0.0540540540542
-gan	0.605514912774	0.259425998874	0.0945413618458	0.0405177265053
-tro	0.0551788799215	0.249624897632	0.0521507319288	0.643045490518
-gal	0.0	0.989655172414	0.00775862068964	0.00258620689656
-tri	0.0395539889978	0.274224143074	0.125151384774	0.561070483154
-nlo	0.583612040134	0.275919732442	0.0602006688963	0.0802675585285
-gah	0.0	1.0	0.0	0.0
-gau	0.0	1.0	0.0	0.0
-gat	0.00460829493088	0.995391705069	0.0	0.0
-àna	0.0	1.0	0.0	0.0
-drà	0.687842051447	0.0929896683028	0.0202581221945	0.198910158056
-gur	0.0	1.0	0.0	0.0
-drì	0.666666666667	0.333333333333	0.0	0.0
-ltà	0.127282665628	0.574329525809	0.131087463319	0.167300345243
-àni	0.0	1.0	0.0	0.0
-gaz	0.0	1.0	0.0	0.0
-ini	0.057936918011	0.827342405193	0.0479510805953	0.0667695962008
-rzi	0.281001832621	0.504581551619	0.0916310323763	0.122785583384
-rzo	0.0290396003557	0.152105587739	0.768304855124	0.0505499567812
-ino	0.161466956331	0.419227238201	0.0476949770444	0.371610828423
-ina	0.219962677077	0.626276264215	0.0543618969524	0.0993991617558
-rza	0.0602731260296	0.502977545449	0.367361640585	0.0693876879364
-ine	0.0992826238493	0.748354667649	0.0973602256014	0.0550024829005
-rze	0.209772722689	0.647750418456	0.0572730756045	0.0852037832496
-tr’	0.0668827342369	0.0335886859163	0.0212139068945	0.878314672952
-inu	0.0	1.0	0.0	0.0
-bea	0.0116009280743	0.96403712297	0.0127610208816	0.0116009280742
-dra	0.0285225328009	0.953223046206	0.00912721049629	0.00912721049629
-òni	0.0062999890435	0.931521858223	0.0258025638216	0.036375588912
-tuí	0.849785407725	0.101573676681	0.0143061516452	0.0343347639485
-rdó	0.571428571429	0.285714285714	0.0	0.142857142857
-iru	0.0	1.0	0.0	0.0
-rùn	0.0	1.0	0.0	0.0
-eir	0.00221975582686	0.995560488346	0.00221975582686	0.0
-trà	0.114880043408	0.052005853446	0.0866815606175	0.746432542529
-trí	0.272727272727	0.727272727273	0.0	0.0
-trì	0.8	0.2	0.0	0.0
-tré	0.0	0.0120336943442	0.0505415162454	0.93742478941
-io’	0.383073496659	0.463251670379	0.0200445434298	0.133630289532
-dre	0.002651519534	0.992764874438	0.000473237082183	0.00411036894539
-mba	0.208678040385	0.77081938365	0.011753703468	0.00874887249666
-lti	0.136795269628	0.092245748023	0.737522052025	0.0334369303239
-lto	0.347167865791	0.209140243491	0.174565909441	0.269125981277
-mbe	0.360949593407	0.606904244724	0.014031782502	0.0181143793669
-tró	0.6	0.0	0.4	0.0
-trò	0.881184196627	0.0417180182401	0.00700728898905	0.0700904961442
-mbi	0.0852060828894	0.748857045078	0.0172430435507	0.148693828482
-dro	0.0300319712084	0.955537308478	0.00725030136795	0.00718041894513
-dri	0.0216436953347	0.938707673712	0.0143535850387	0.0252950459147
-lte	0.06784958525	0.280034096688	0.494088541455	0.158027776607
-mbo	0.104698151951	0.836410677618	0.0220123203285	0.0368788501027
-lt’	0.0947368421053	0.505263157895	0.4	0.0
-inì	0.403189066059	0.5284738041	0.0136674259681	0.0546697038724
-iní	0.75	0.0	0.0	0.25
-hdo	0.0	1.0	0.0	0.0
