jer-	0.00697221367785	0.985132779658	0.000492156259612	0.007402850405
tut-	0.387492102639	0.430312638528	0.0944547562967	0.0877405025359
siu-	0.097357732151	0.695639738995	0.0165020204205	0.190500508433
gin-	0.45207292837	0.451168823593	0.0276848567185	0.069073391319
fig-	0.0	1.0	0.0	0.0
son-	0.0316211943082	0.86560992419	0.101187821786	0.00158105971541
ure-	0.357566927356	0.212457120115	0.0558052429977	0.374170709532
maa-	0.0	1.0	0.0	0.0
pev-	0.475290697674	0.155523255814	0.107558139535	0.261627906977
jac-	0.0	0.9945452066	0.0	0.00545479339969
gum-	0.608161177355	0.209583843422	0.0454831723128	0.13677180691
fal-	0.155457924975	0.16998986144	0.626900980061	0.0476512335249
000-	0.140985064476	0.149041353875	0.0183097486333	0.691663833015
ann-	0.21572978748	0.171695242435	0.0326177065507	0.579957263534
no--	0.293628808864	0.540166204986	0.0498614958448	0.116343490305
unn-	0.044220237112	0.126332642922	0.527593173819	0.301853946148
mah-	0.418873868696	0.483258404974	0.0	0.0978677263307
tum-	0.654091001624	0.102708318333	0.0626142728034	0.18058640724
eno-	0.0153649167734	0.984635083227	0.0	0.0
aku-	0.541760722348	0.322799097065	0.0318682777851	0.103571902802
/aw-	0.221122112211	0.260726072607	0.075907590759	0.442244224422
kak-	0.192071300779	0.470277358657	0.104133946621	0.233517393943
ufu-	0.868421052632	0.131578947368	0.0	0.0
lis-	0.00113096584483	0.986315313278	0.0108572721104	0.00169644876725
san-	0.0553657770682	0.237468036102	0.015517729729	0.691648457101
sue-	0.584858044164	0.171293375394	0.229652996845	0.0141955835962
pre-	0.116884270945	0.830900419314	0.022356555033	0.0298587547086
pid-	0.652873563218	0.250574712644	0.0620689655172	0.0344827586207
wah-	0.0268484678099	0.923249929716	0.0123699746978	0.0375316277762
ihu-	0.459375	0.296875	0.05625	0.1875
seg-	0.520805660878	0.102458521506	0.0508971912961	0.325838626319
euf-	0.0	1.0	0.0	0.0
der-	0.162563501368	0.750293083236	0.0656506447831	0.0214927706135
kat-	0.291771862904	0.107629017444	0.072541967214	0.528057152438
neg-	0.450877368394	0.262592324029	0.137509122222	0.149021185356
zin-	0.541726340151	0.0655201988373	0.0194132520411	0.373340208971
aya-	0.313511828429	0.639311726405	0.0196476268749	0.0275288182907
mil-	0.0820849961284	0.792615948935	0.115657325233	0.00964172970398
dis-	0.0744376747061	0.878229131873	0.0100047423568	0.0373284510642
igi-	0.684680059046	0.206726140813	0.0184840510878	0.0901097490534
gan-	0.0643716113831	0.771785004244	0.0264384787992	0.137404905574
ono-	0.158823529412	0.841176470588	0.0	0.0
imm-	0.519493670886	0.295696202532	0.0997468354431	0.0850632911392
ari-	0.21065813274	0.483790176708	0.0973980798664	0.208153610686
ini-	0.773866359561	0.136445549426	0.0251671676301	0.0645209233829
bay-	0.226830848995	0.582631237848	0.169151004537	0.0213869086196
mig-	0.0666666666666	0.933333333333	0.0	0.0
gig-	0.507986450311	0.348143261314	0.0372997043935	0.106570583981
ked-	0.171951263504	0.705520988962	0.0682483544896	0.0542793930444
uga-	0.558441558442	0.350649350649	0.0909090909091	0.0
paf-	0.156069364162	0.705202312139	0.0231213872832	0.115606936416
mar-	0.124024959292	0.0931865476459	0.0210854926282	0.761703000434
uli-	0.17939980907	0.0553638635214	0.0654540624215	0.699782264987
abr-	0.00937480443082	0.965561048877	0.0185743788723	0.00648976782027
bik-	0.174738919497	0.3820615081	0.0598223830277	0.383377189376
onu-	0.028358589337	0.0123296499575	0.00635930677971	0.952952453926
nor-	0.258168430741	0.508513575702	0.176714219972	0.0566037735849
nen-	0.474617570053	0.243241348137	0.157767613314	0.124373468496
has-	0.0659340659341	0.830455259027	0.103610675039	0.0
zac-	0.0	0.992490613267	0.0	0.00750938673341
dah-	0.0171054743923	0.956160663022	0.0114386301151	0.0152952324704
her-	0.0102472711072	0.942637558476	0.0384272666518	0.00868790376476
mul-	0.253935478013	0.658732214734	0.0550865322673	0.0322457749857
gaw-	0.143678160919	0.241379310345	0.477011494253	0.137931034483
ate-	0.00692041522491	0.993079584775	0.0	0.0
euo-	0.150943396226	0.849056603774	0.0	0.0
naw-	0.268721481212	0.536410707703	0.162396056071	0.0324717550133
bee-	0.00590144585423	0.982295662437	0.0118028917085	0.0
kam-	0.0469113098743	0.107285400266	0.0967374130093	0.74906587685
ibi-	0.494675301667	0.287100647625	0.0916123698353	0.126611680872
sin-	0.389778755369	0.523537875638	0.0353871394703	0.0512962295227
bod-	0.0153256704981	0.952107279693	0.0134099616858	0.0191570881226
dor-	0.0154716530736	0.949377537456	0.0194141984241	0.0157366110467
tag-	0.117331036377	0.38234722675	0.0457498551187	0.454571881754
mew-	0.332149440826	0.493867518741	0.0790832001966	0.094899840236
pat-	0.229530159915	0.688494512002	0.0417312044318	0.0402441236503
maw-	0.339365640456	0.173706204745	0.0760784085155	0.410849746283
agg-	0.504049961363	0.343901412466	0.0684817530653	0.0835668731052
kem-	0.368421052632	0.631578947368	0.0	0.0
gen-	0.00666666666667	0.98	0.0	0.0133333333333
coo-	0.0	1.0	0.0	0.0
naa-	0.0125796306749	0.955971292638	0.0314490766874	0.0
jam-	0.339622641509	0.509433962264	0.150943396226	0.0
kid-	0.634900678904	0.242896655771	0.0301734976113	0.0920291677144
nig-	0.0	0.961538461538	0.0384615384616	0.0
por-	0.552586670075	0.291978802016	0.0231719815476	0.132262546362
alf-	0.0	0.986711045785	0.013288954215	0.0
pas-	0.380987352112	0.445396419652	0.108372788036	0.0652434401994
cos-	0.0	1.0	0.0	0.0
noe-	0.0	1.0	0.0	0.0
sig-	0.24350930402	0.425671385335	0.19425482174	0.136564488905
zer-	0.0	1.0	0.0	0.0
nai-	0.0	0.918367346939	0.0	0.0816326530612
bak-	0.0803510111987	0.425827252875	0.0127654598403	0.481056276086
ped-	0.0160389600921	0.974811542219	0.000984208914746	0.00816528877419
gug-	0.254491017964	0.285179640718	0.0449101796407	0.415419161677
epa-	0.0	0.992084432718	0.00791556728231	0.0
sap-	0.114285714286	0.847619047619	0.0380952380952	0.0
ord-	0.222392638037	0.527607361963	0.153374233129	0.0966257668712
dia-	0.152184781522	0.322367763224	0.0438456154385	0.481601839816
nan-	0.638346786242	0.181724731263	0.0660844557547	0.11384402674
ka--	0.0351142633044	0.120502763097	0.0399509973882	0.80443197621
al--	0.15	0.05	0.5	0.3
vul-	0.151631931787	0.293567957887	0.210370336772	0.344429773554
usi-	0.66814159292	0.132743362832	0.0353982300885	0.163716814159
ass-	0.313434840096	0.580729381869	0.0607439467813	0.0450918312536
amu-	0.554089709763	0.369920844327	0.0	0.0759894459103
tol-	0.0347287553264	0.778741276655	0.0382013980301	0.148328569989
mel-	0.522453381946	0.332263022446	0.0863681672403	0.0589154283675
kri-	0.0368455074337	0.747899159664	0.211376858436	0.00387847446671
add-	0.14441586055	0.33258605592	0.0439699041944	0.479028179336
kaf-	0.147500842413	0.166101314164	0.635291474784	0.0511063686398
fug-	0.173806355016	0.8053984362	0.00998170021624	0.0108135085676
mir-	0.0307692307692	0.963076923077	0.00615384615384	0.0
isa-	0.0271334533559	0.139370094175	0.0715764008161	0.761920051653
joe-	0.0	1.0	0.0	0.0
mus-	0.025195968645	0.944848824188	0.0293952967525	0.000559910414335
eut-	0.0545454545454	0.945454545455	0.0	0.0
pud-	0.0	1.0	0.0	0.0
dio-	0.0761899811921	0.884883373733	0.00596662529335	0.0329600197815
igu-	0.458830669634	0.372243576775	0.0467327533886	0.122193000202
bab-	0.055178661646	0.793491416754	0.0350683982181	0.116261523382
ita-	0.51014342795	0.296014683648	0.117190162917	0.0766517254846
tuh-	0.0452147701583	0.954785229842	0.0	0.0
aff-	0.556021569802	0.382863990413	0.0503295386459	0.0107849011384
war-	0.723709008669	0.276290991331	0.0	0.0
hur-	0.373417721519	0.417721518987	0.208860759494	0.0
fla-	0.0	0.992227979275	0.00777202072539	0.0
moi-	0.0380801269337	0.955493851646	0.00214200714002	0.00428401428004
ura-	0.254588537692	0.446419534921	0.0189324872485	0.280059440138
kom-	0.142708907724	0.74123387194	0.0520795728046	0.0639776475315
ivu-	0.721633205504	0.17008797654	0.0433115271825	0.0649672907737
opo-	0.228291316527	0.586834733894	0.180672268907	0.00420168067227
ali-	0.0956558256731	0.336078577761	0.444846250758	0.123419345808
jud-	0.0233774494126	0.858545858323	0.0975183357829	0.0205583564814
tua-	0.0672268907563	0.932773109244	0.0	0.0
non-	0.165932710939	0.56328166285	0.0490576008455	0.221728025366
uba-	0.11883147908	0.855402361613	0.00409528359839	0.0216708757081
mal-	0.408129407822	0.34207721704	0.101330228037	0.148463147101
sab-	0.0	0.966542750929	0.0185873605948	0.0148698884758
aki-	0.0165745856354	0.972375690608	0.0	0.0110497237569
nin-	0.0	1.0	0.0	0.0
tik-	0.00803212851406	0.991967871486	0.0	0.0
riv-	0.0459820451063	0.0446945478432	0.00919640902124	0.900126998029
iki-	0.748625949484	0.105709257086	0.0263231025752	0.119341690854
sir-	0.0161754964337	0.909263167624	0.0708640796142	0.0036972563277
lyd-	0.0192307692308	0.980769230769	0.0	0.0
mo--	0.814992025518	0.121212121212	0.0255183413078	0.0382775119617
lim-	0.0138923344083	0.0609443479699	0.0104192508063	0.914744066816
mab-	0.573059655774	0.219946335104	0.119443489128	0.0875505199951
esr-	0.0	1.0	0.0	0.0
and-	0.00145772594752	0.99416909621	0.0	0.00437317784257
apa-	0.697593687027	0.211132372614	0.0391174030109	0.0521565373478
ALL	0.225640681543	0.292640110669	0.0546819735499	0.427037234239
ana-	0.020991492214	0.920382312015	0.0348588191073	0.0237673766641
dud-	0.0640744584612	0.276399842381	0.119060833273	0.540464865885
puk-	0.657740758587	0.118193708267	0.195153851449	0.0289116816961
ine-	0.372040586246	0.154077414506	0.368658399098	0.10522360015
nue-	0.0	0.0793650793651	0.412698412698	0.507936507937
cil-	0.0	1.0	0.0	0.0
per-	0.098944809679	0.841168996188	0.0450803822993	0.0148058118336
ger-	0.142596710612	0.834888019292	0.0100067867096	0.012508483387
arm-	0.119651017865	0.850436227669	0.0124636476942	0.0174491067719
cal-	0.0232558139535	0.976744186047	0.0	0.0
mor-	0.281629116118	0.525129982669	0.121317157712	0.0719237435009
liv-	0.0131004366812	0.711790393013	0.275109170306	0.0
tel-	0.0973813420621	0.882978723404	0.0147299509001	0.00490998363338
lid-	0.0828729281768	0.883977900552	0.0110497237569	0.0220994475138
zim-	0.514404429894	0.365981973243	0.0710205731377	0.0485930237258
guy-	0.638016528926	0.290909090909	0.0710743801652	0.0
gas-	0.385074626866	0.465671641791	0.0238805970149	0.125373134328
ata-	0.0958191710328	0.65451939634	0.202351883668	0.0473095489597
tie-	0.0458224159463	0.798632367706	0.0112642946348	0.144280921713
far-	0.00459858210385	0.991186050968	0.0019160758766	0.00229929105193
dap-	0.0996761576313	0.728308869916	0.011986373386	0.160028599066
fra-	0.0	0.902073732719	0.0979262672811	0.0
ins-	0.0872065764385	0.172420529491	0.0173475447754	0.723025349295
uff-	0.5328360304	0.315265996912	0.0355932543263	0.116304718362
baw-	0.768574908648	0.211936662606	0.00121802679659	0.0182704019489
dat-	0.294460641399	0.542274052478	0.069970845481	0.0932944606414
lum-	0.759951728952	0.118256702431	0.0164863530805	0.105305215537
mes-	0.251237789578	0.571716857767	0.0440832821608	0.132962070495
meg-	0.0809511908098	0.0957601633607	0.0382719911243	0.785016654705
sed-	0.0189274447949	0.823343848581	0.157728706625	0.0
kla-	0.0717577353523	0.668861092824	0.0971033574719	0.162277814352
adi-	0.0	1.0	0.0	0.0
ami-	0.0065005417118	0.967497291441	0.0260021668472	0.0
kur-	0.206639190156	0.376334429743	0.16476615793	0.252260222171
iku-	0.487093206521	0.247274022867	0.12356278469	0.142069985922
iss-	0.0	0.991991991992	0.00800800800801	0.0
eub-	0.196078431373	0.803921568627	0.0	0.0
cau-	0.047619047619	0.952380952381	0.0	0.0
vuv-	0.452830188679	0.490566037736	0.0	0.0566037735849
bug-	0.101083032491	0.882671480144	0.00541516245487	0.0108303249097
jai-	0.0734966592427	0.88864142539	0.0289532293987	0.00890868596883
win-	0.931034482759	0.0689655172414	0.0	0.0
tal-	0.148545974344	0.269156048852	0.092321458547	0.489976518256
ehe-	0.0474576271186	0.932203389831	0.0135593220339	0.00677966101694
bin-	0.709107886674	0.231810235929	0.0241488076708	0.0349330697265
alb-	0.0235602094241	0.547993019197	0.0776614310646	0.350785340314
paw-	0.784	0.136	0.048	0.032
nem-	0.60152441398	0.227506097532	0.115235964238	0.0557335242501
pue-	0.143919176515	0.815097216927	0.0297369424323	0.0112466641251
dak-	0.0932268385773	0.197647673468	0.319235741141	0.389889746814
wan-	0.0983606557377	0.770491803279	0.131147540984	0.0
pon-	0.212980164866	0.742087639475	0.00755359268447	0.0373786029747
chi-	0.0	0.986754966887	0.0132450331126	0.0
sik-	0.184691674538	0.566556470112	0.180272567805	0.0684792875455
nga-	0.148743245625	0.0387798672113	0.00416184953969	0.808315037624
ben-	0.326891684667	0.587696011344	0.04666347882	0.0387488251686
nun-	0.503217132431	0.099875156055	0.0300105637184	0.366897147796
ome-	0.0428061831153	0.885850178359	0.0713436385256	0.0
pin-	0.67991027977	0.190361429989	0.0469758645457	0.0827524256954
amp-	0.0	1.0	0.0	0.0
ili-	0.486590038314	0.261083743842	0.147235905857	0.105090311987
lam-	0.248040659484	0.153522312735	0.0283732849241	0.570063742857
nar-	0.176686121361	0.220435292858	0.474604696238	0.128273889543
gat-	0.435737702961	0.490408449079	0.0393887189118	0.0344651290478
ent-	0.0	1.0	0.0	0.0
cua-	0.0	1.0	0.0	0.0
ra/-	0.0	1.0	0.0	0.0
ses-	0.591066997519	0.230769230769	0.0491315136476	0.129032258065
sat-	0.0578757684969	0.858490566038	0.0772736909053	0.0063599745601
pur-	0.422976969263	0.255309615557	0.313349463811	0.00836395136961
gur-	0.237876199238	0.564988829018	0.197134971744	0.0
ziv-	0.0516446357209	0.948355364279	0.0	0.0
esl-	0.0	1.0	0.0	0.0
rak-	0.0300731006974	0.0127239243814	0.00714608333404	0.950056891587
nad-	0.562641662433	0.223646631616	0.0751786495316	0.138533056419
kis-	0.0454545454545	0.931818181818	0.0227272727273	0.0
abi-	0.181009844395	0.671514766593	0.13985392188	0.00762146713241
abb-	0.301659774868	0.483904778314	0.118500650892	0.0959347959262
fle-	0.0	1.0	0.0	0.0
ahu-	0.00913612831185	0.990863871688	0.0	0.0
mom-	0.156327543424	0.285359801489	0.483870967742	0.0744416873449
ban-	0.245259589833	0.474799442511	0.25575292979	0.0241880378661
ene-	0.0	1.0	0.0	0.0
cus-	0.0	1.0	0.0	0.0
ter-	0.0471043156922	0.0199242226822	0.00688177921093	0.926089682415
dab-	0.544296116505	0.264563106796	0.0	0.191140776699
guk-	0.287398673545	0.349299926308	0.0427413411938	0.320560058953
nam-	0.626367962763	0.162623547256	0.0393191064275	0.171689383554
ebe-	0.0	1.0	0.0	0.0
ale-	0.0325977933802	0.920762286861	0.043630892678	0.00300902708125
ker-	0.806198190389	0.142764262881	0.0195047949287	0.0315327518015
sid-	0.171034482759	0.811954022988	0.0032183908046	0.0137931034483
bon-	0.879210938869	0.071240969027	0.00467251163261	0.0448755804715
oli-	0.00109529025191	0.89156626506	0.10295728368	0.00438116100768
soy-	0.298701298701	0.701298701299	0.0	0.0
luc-	0.00796812749004	0.98406374502	0.0	0.00796812749004
mod-	0.0467706013363	0.939866369711	0.0	0.0133630289532
jec-	0.0	1.0	0.0	0.0
ula-	0.142241927181	0.56477548696	0.262118771471	0.0308638143882
net-	0.557767739279	0.319955430858	0.0493048790165	0.0729719508465
rir-	0.0232198142414	0.0325077399381	0.939628482972	0.00464396284829
kon-	0.133692709128	0.571977741413	0.0732420209402	0.221087528519
me--	0.36591873548	0.15291215361	0.0512613236782	0.429907787231
eli-	0.0105312810837	0.974271680391	0.000799844132939	0.0143971943929
fut-	0.118136439268	0.734146792383	0.0403031983731	0.107413569976
imu-	0.216292134831	0.463483146067	0.0168539325843	0.303370786517
col-	0.0	1.0	0.0	0.0
maf-	0.0897433025835	0.119346646572	0.0387493960406	0.752160654804
uzz-	0.128780487805	0.175609756098	0.645853658537	0.0497560975609
gid-	0.0794293089615	0.840757665609	0.0222555551679	0.0575574702619
waw-	0.0121906746549	0.878457931753	0.0103542589216	0.0989971346705
tuk-	0.753048051638	0.240403704435	0.00436549595153	0.00218274797576
afi-	0.0549163179917	0.932531380753	0.00941422594142	0.00313807531381
pan-	0.212378772032	0.521895755889	0.123557432714	0.142168039365
nim-	0.0	1.0	0.0	0.0
tor-	0.193388743051	0.765170812009	0.0414404449395	0.0
mef-	0.415384615385	0.430769230769	0.153846153846	0.0
all-	0.157504894981	0.761403184193	0.0647758458066	0.0163160750192
sen-	0.148269792196	0.480795976872	0.0339265881322	0.337007642799
tul-	0.186966116463	0.755787725056	0.0390869929887	0.0181591654927
lin-	0.511662474274	0.341413217471	0.0671163960668	0.0798079121884
yam-	0.0539215686274	0.0460784313726	0.0712418300653	0.828758169935
ina-	0.573735259245	0.305957038252	0.0393327414286	0.0809749610748
cre-	0.00527704485488	0.97889182058	0.0	0.0158311345646
lir-	0.44262295082	0.44262295082	0.0655737704918	0.0491803278689
lat-	0.339649820397	0.585335495344	0.043758565818	0.0312561184414
pen-	0.398834304746	0.558701082431	0.0124895920067	0.029975020816
rab-	0.051282051282	0.711538461539	0.0	0.237179487179
ape-	0.0357142857143	0.964285714286	0.0	0.0
uvo-	0.0699797160243	0.905679513185	0.00608519269776	0.0182555780933
umu-	0.436974789916	0.0722689075631	0.0168067226891	0.473949579832
ipo-	0.877922077922	0.0571428571428	0.025974025974	0.038961038961
qui-	0.101694915254	0.898305084746	0.0	0.0
fre-	0.0363636363636	0.963636363636	0.0	0.0
kab-	0.111451254344	0.253236215862	0.0454806695058	0.589831860288
ne--	0.666700367734	0.194402940338	0.0370941694861	0.101802522442
ult-	0.015052782484	0.197901733351	0.774143099179	0.0129023849863
vur-	0.496415014762	0.29945170814	0.107971320118	0.0961619569802
gim-	0.0567252910577	0.926182809017	0.016348773842	0.000743126083727
lab-	0.281781613399	0.519169165509	0.0933811160682	0.105668105024
isp-	0.0492087201151	0.907355649839	0.0197934516664	0.0236421783793
tia-	0.0862607065451	0.217027115378	0.113530463745	0.583181714331
nal-	0.45972544409	0.206707860218	0.166741232358	0.166825463334
iba-	0.486556222227	0.270780005324	0.13454016751	0.108123604939
ino-	0.624444444445	0.262222222222	0.0999999999999	0.0133333333333
bas-	0.0767067246229	0.721171055996	0.0659677831757	0.136154436206
mid-	0.078431372549	0.862745098039	0.0588235294118	0.0
teo-	0.21724137931	0.720689655173	0.0206896551724	0.0413793103448
gaf-	0.0849485555415	0.0463499467647	0.00601101359907	0.862690484095
ang-	0.212004709679	0.716984560313	0.0284390195617	0.0425717104466
pun-	0.222222222222	0.722222222222	0.0	0.0555555555556
nes-	0.650307949326	0.153974663031	0.0436546051284	0.152062782514
fir-	0.084974533107	0.326740237691	0.11765704584	0.470628183362
ito-	0.471893917555	0.228019602191	0.0735082156241	0.22657826463
tur-	0.454954181281	0.444250520208	0.0161567802951	0.0846385182159
day-	0.259398373364	0.676862651101	0.0375608081975	0.0261781673376
ma--	0.098295328758	0.512286916095	0.377020146115	0.0123976090326
ozi-	0.0	1.0	0.0	0.0
666-	0.0674157303371	0.0674157303371	0.0	0.865168539326
kop-	0.0183184593706	0.978863316111	0.00281822451856	0.0
kes-	0.389261671441	0.428645767716	0.0680977864933	0.113994774349
cai-	0.000952380952378	0.999047619048	0.0	0.0
sod-	0.00273473108478	0.997265268915	0.0	0.0
amm-	0.720874252149	0.180454159389	0.0319099674744	0.0667616209868
kun-	0.477692421914	0.0610242246999	0.00354421841075	0.457739134975
ide-	0.201051486585	0.149021029732	0.273749093546	0.376178390138
har-	0.0	1.0	0.0	0.0
kan-	0.0395721498852	0.0149272333883	0.00334208366318	0.942158533063
zab-	0.0	1.0	0.0	0.0
lig-	0.0	0.913959613696	0.0280948200175	0.0579455662862
nav-	0.435858486061	0.398673929274	0.0867499958436	0.0787175888211
gap-	0.3374291569	0.5609000491	0.00736744884061	0.0943033451598
amf-	0.0384615384615	0.961538461538	0.0	0.0
ill-	0.512820512821	0.307692307692	0.145299145299	0.034188034188
sio-	0.0119968008531	0.981738203146	0.0	0.00626499600107
erg-	0.0541470884585	0.860024493559	0.0206668778029	0.06516154018
daw-	0.186252771619	0.813747228381	0.0	0.0
taf-	0.858506188759	0.0728250980187	0.0317521616473	0.0369165515752
gir-	0.0921686991046	0.686831242376	0.0696385726568	0.151361485863
ref-	0.0	1.0	0.0	0.0
kum-	0.360732506816	0.407658724706	0.129493720395	0.102115048083
uka-	0.0368098159509	0.766871165644	0.196319018405	0.0
met-	0.483249471959	0.318787193356	0.0843068567376	0.113656477947
mna-	0.0	0.98	0.02	0.0
nef-	0.415013577187	0.517988715285	0.02791571147	0.039081996058
ces-	0.0136531365314	0.967527675277	0.0	0.0188191881919
na--	0.133065829826	0.317132885851	0.512776691505	0.0370245928177
lol-	0.436363636364	0.345454545455	0.0727272727273	0.145454545455
ken-	0.328358208955	0.441364605544	0.11513859275	0.115138592751
tit-	0.0276923076923	0.958461538462	0.00461538461539	0.00923076923077
ilu-	0.0	1.0	0.0	0.0
mat-	0.454422228634	0.3407528793	0.101170807696	0.103654084369
kie-	0.948863636364	0.0340909090909	0.00852272727273	0.00852272727273
sih-	0.34	0.6	0.06	0.0
aka-	0.0	1.0	0.0	0.0
kin-	0.557161620285	0.22556979335	0.0318798727317	0.185388713633
mem-	0.390559246024	0.273595680542	0.253069065255	0.0827760081796
par-	0.18123979371	0.398859991047	0.0530326583489	0.366867556895
ala-	0.453856160476	0.173988362604	0.093168906225	0.278986570695
jul-	0.0689655172414	0.862068965517	0.0	0.0689655172414
orn-	0.0	0.851063829787	0.148936170213	0.0
nah-	0.33535660091	0.520485584219	0.0546282245827	0.0895295902883
zeu-	0.036253776435	0.963746223565	0.0	0.0
bib-	0.386920980926	0.255387664107	0.310131285608	0.0475600693584
rag-	0.0176144942124	0.284851534977	0.696024157021	0.00150981378963
zir-	0.0518822675077	0.758680940361	0.104030597926	0.085406194205
sag-	0.238995087523	0.595602851164	0.0976913107819	0.0677107505319
iyu-	0.506136091245	0.310773374447	0.0846842487297	0.0984062855782
tre-	0.0196656833825	0.127171419207	0.400524418224	0.452638479187
gay-	0.0347928346225	0.963422917448	0.00178424792936	0.0
beb-	0.0278384981355	0.94747331876	0.016201620162	0.00848656294201
ipa-	0.644341114143	0.231109798276	0.0556128797949	0.0689362077862
ira-	0.138505614442	0.12915507471	0.00480718946303	0.727532121384
dan-	0.261172644218	0.440024560145	0.117189707818	0.181613087819
fuf-	0.892857142857	0.0714285714286	0.0	0.0357142857143
nof-	0.415750915751	0.188644688645	0.252747252747	0.142857142857
ubi-	0.0086455331412	0.0561959654179	0.935158501441	0.0
lug-	0.0516365838579	0.671913815366	0.0200019778364	0.25644762294
leh-	0.574257425743	0.366336633663	0.019801980198	0.039603960396
gre-	0.0	1.0	0.0	0.0
ser-	0.155185297922	0.46877647501	0.303167564996	0.0728706620721
kag-	0.0706323389897	0.177223511678	0.101727857559	0.650416291773
cri-	0.00545061925396	0.982587994965	0.00291723284014	0.0090441529405
mis-	0.111588852056	0.133769275179	0.182020075983	0.572621796782
elm-	0.0	1.0	0.0	0.0
ran-	0.285366183836	0.107756870177	0.059293353188	0.547583592798
gua-	0.0841049382716	0.853395061728	0.041087962963	0.021412037037
mak-	0.528253367041	0.269947128221	0.118074723027	0.0837247817111
uvv-	0.0159151193634	0.763925729443	0.20424403183	0.0159151193634
nac-	0.0	1.0	0.0	0.0
rin-	0.181818181818	0.754010695187	0.0427807486631	0.0213903743315
agr-	0.00757575757576	0.992424242424	0.0	0.0
gik-	0.0878726938883	0.789090962082	0.0583486345487	0.0646877094809
afe-	0.767123287671	0.0958904109589	0.027397260274	0.109589041096
sos-	0.0	1.0	0.0	0.0
don-	0.267739575713	0.732260424287	0.0	0.0
iri-	0.37422037422	0.550935550936	0.0	0.0748440748441
kua-	0.560443625464	0.272587490569	0.028057418797	0.138911465169
tat-	0.342103313235	0.501287845508	0.058467300736	0.0981415405211
sud-	0.0717136366428	0.892675139682	0.0173144225456	0.0182968011297
aru-	0.0239059051464	0.0690026403395	0.776163816468	0.130927638046
meb-	0.515157134784	0.220525411524	0.117149847044	0.147167606648
uyu-	0.353983457251	0.333193952619	0.312822590129	0.0
cef-	0.162162162162	0.783783783784	0.0	0.0540540540541
lap-	0.278360988825	0.639011175076	0.0487639688453	0.0338638672536
utu-	0.123860164798	0.580600453422	0.0221328384977	0.273406543282
esa-	0.0	0.986754966887	0.0	0.0132450331126
ikk-	0.647869441771	0.250724906473	0.0281682365987	0.0732374151568
eks-	0.381904978404	0.355535348943	0.151170720618	0.111388952035
sia-	0.0146043778361	0.0324599683572	0.0584175113444	0.894518142462
mag-	0.407221853519	0.288834614004	0.0828104835371	0.22113304894
sis-	0.044226044226	0.257985257985	0.653562653563	0.044226044226
wat-	0.0645161290322	0.935483870968	0.0	0.0
glo-	0.0140876686456	0.90138631948	0.0633945089054	0.0211315029685
aug-	0.0689655172414	0.931034482759	0.0	0.0
ama-	0.0464532580788	0.888824405937	0.00520715981512	0.0595151761688
kok-	0.0400188611482	0.839850446405	0.115684152319	0.00444654012758
abu-	0.0	0.960264900662	0.0397350993377	0.0
ifu-	0.324324324324	0.659459459459	0.0162162162162	0.0
sak-	0.157512953368	0.767875647668	0.0746113989637	0.0
fri-	0.0	0.965986394558	0.0340136054421	0.0
reg-	0.053484318442	0.903446730392	0.0236456986796	0.0194232524868
pla-	0.148481215028	0.763689048761	0.068345323741	0.01948441247
mac-	0.00159723146546	0.987488353521	0.010914415014	0.0
map-	0.502188200103	0.258903179977	0.11970016762	0.119208452299
ico-	0.0	1.0	0.0	0.0
ika-	0.128932580139	0.0716597106994	0.0135783652426	0.785829343919
bet-	0.0226854690374	0.974862047823	0.0	0.00245248313918
igg-	0.0400317189328	0.0441495932588	0.00154613685496	0.914272550953
sal-	0.107935032406	0.826800423477	0.0542257339841	0.0110388101325
asu-	0.0243664717349	0.925113710201	0.0505198180637	0.0
jar-	0.0	1.0	0.0	0.0
gab-	0.0117102251557	0.911428115186	0.0127747910789	0.0640868685793
sek-	0.0710659898478	0.59475465313	0.203891708968	0.130287648054
fie-	0.0101413021432	0.943394631871	0.0207896693935	0.0256743965925
ull-	0.633819951338	0.24695863747	0.0474452554744	0.0717761557177
pip-	0.486888174437	0.497896570112	0.0152152554512	0.0
yan-	0.0448824090569	0.11302622431	0.0105268278504	0.831564538782
bad-	0.094674556213	0.660749506903	0.0670611439842	0.177514792899
inf-	0.14407625313	0.778866570504	0.0469428775566	0.0301142988099
bav-	0.0404435746902	0.946183953033	0.00587084148729	0.0075016307893
zil-	0.0369465345596	0.844394489368	0.0918776256243	0.0267813504479
min-	0.56757280519	0.319453455178	0.0487795435154	0.0641941961173
diu-	0.500475682532	0.273503041485	0.0	0.226021275982
apr-	0.646706586826	0.179640718563	0.173652694611	0.0
est-	0.0309583217817	0.884391461048	0.0328065797985	0.0518436373718
ren-	0.031746031746	0.809523809524	0.063492063492	0.095238095238
sul-	0.250839865621	0.702127659575	0.043673012318	0.003359462486
lul-	0.855291576674	0.144708423326	0.0	0.0
das-	0.0852514919011	0.8789428815	0.0179028132992	0.0179028132992
tab-	0.298636728148	0.606648684115	0.0579718597361	0.0367427280018
lok-	0.29284164859	0.329718004338	0.325379609544	0.0520607375271
naz-	0.195380404681	0.557526092959	0.0572410495003	0.18985245286
gal-	0.0669998745992	0.903575715233	0.0150033141649	0.0144210960033
ida-	0.569274081725	0.308902270669	0.0270470850648	0.0947765625411
kar-	0.129077129445	0.746133380017	0.0930481637146	0.0317413268242
ark-	0.109422492401	0.841945288754	0.0395136778116	0.00911854103345
kay-	0.386499675233	0.106825798391	0.0105671419736	0.496107384402
kus-	0.191695104323	0.676338770041	0.0506267285364	0.0813393970997
gak-	0.0825322243825	0.846992691006	0.027408727587	0.0430663570246
ist-	0.232300594671	0.502354347872	0.176896704971	0.0884483524855
dad-	0.100484721031	0.517502543491	0.319957015408	0.0620557200702
ung-	0.340877914952	0.543895747599	0.0576131687243	0.0576131687244
not-	0.063829787234	0.882978723404	0.0531914893617	0.0
jor-	0.0	1.0	0.0	0.0
mun-	0.0817416933007	0.785781724432	0.0161849412722	0.116291640995
sar-	0.00155869069981	0.965708804604	0.0280564325966	0.00467607209946
pav-	0.722707000194	0.15086290479	0.0290866783013	0.0973434167151
peg-	0.800714924039	0.174262734584	0.0250223413762	0.0
aww-	0.525	0.225	0.175	0.075
nel-	0.349765532405	0.134523692306	0.271575269931	0.244135505359
are-	0.534578035963	0.368500079999	0.0710760482948	0.0258458357436
one-	0.00956937799043	0.99043062201	0.0	0.0
nob-	0.0294528643268	0.930431669038	0.00487976450383	0.0352357021316
kik-	0.21568627451	0.78431372549	0.0	0.0
gog-	0.0	1.0	0.0	0.0
saf-	0.0	0.715133531157	0.284866468843	0.0
kap-	0.216944987438	0.592806854217	0.140756871787	0.0494912865577
imb-	0.232080787128	0.183670179963	0.109785838426	0.474463194483
unu-	0.0645491803279	0.449795081967	0.454918032787	0.030737704918
sil-	0.112574457621	0.653405468423	0.199591963131	0.0344281108257
ake-	0.0	1.0	0.0	0.0
lal-	0.0342418853481	0.868337955733	0.0429686152997	0.0544515436189
ngi-	0.445488238781	0.0857679949704	0.0452795951787	0.42346417107
gro-	0.0	1.0	0.0	0.0
ipe-	0.661591501765	0.257655417872	0.0251664218318	0.0555866585307
did-	0.479262672811	0.267281105991	0.175115207373	0.0783410138249
mep-	0.321676758687	0.127648506526	0.328147030442	0.222527704345
may-	0.467366033861	0.201730113677	0.180071600747	0.150832251715
asn-	0.0227511375569	0.961498074904	0.0	0.0157507875394
itr-	0.490196078431	0.490196078431	0.0196078431373	0.0
gra-	0.18	0.32	0.22	0.28
egi-	0.0154777927322	0.921938088829	0.0578734858681	0.00471063257065
sau-	0.0341836734694	0.961224489796	0.000765306122449	0.00382653061225
sad-	0.0111248454883	0.98022249691	0.00741656365884	0.00123609394314
esm-	0.0100755667506	0.848866498741	0.141057934509	0.0
pri-	0.165111561866	0.783367139959	0.00933062880324	0.0421906693712
tro-	0.0237014785199	0.970195136454	0.00244135401063	0.00366203101595
bit-	0.144473996944	0.512081942165	0.0749250183917	0.268519042499
pop-	0.488158728144	0.472065375489	0.00723198115771	0.0325439152096
gol-	0.0	1.0	0.0	0.0
ela-	0.0	1.0	0.0	0.0
iyo-	0.610959968908	0.307034589973	0.0291488534785	0.0528565876409
uri-	0.0	1.0	0.0	0.0
fin-	0.757190265487	0.186762536873	0.0394542772861	0.016592920354
nag-	0.552197885778	0.110352785848	0.0504661006853	0.286983227688
eff-	0.0652173913044	0.891304347826	0.0	0.0434782608696
bis-	0.180747774874	0.316310934052	0.379743259964	0.12319803111
arp-	0.0	1.0	0.0	0.0
itu-	0.647250328715	0.195487997601	0.053065824239	0.104195849446
had-	0.00788081127164	0.818426108301	0.126408212797	0.0472848676299
kad-	0.0637245822703	0.194528454311	0.0559776969479	0.685769266471
fen-	0.0611353711791	0.912663755458	0.00873362445415	0.0174672489083
ras-	0.195028680688	0.57552581262	0.217973231357	0.0114722753346
gul-	0.174985978688	0.754346606842	0.0420639371845	0.0286034772854
tir-	0.0112	0.976	0.0128	0.0
man-	0.53759276057	0.275261761523	0.063508298793	0.123637179115
men-	0.325846463292	0.513576935971	0.135769359705	0.0248072410325
ava-	0.0978260869565	0.554347826087	0.0869565217391	0.260869565217
iko-	0.929824561404	0.0350877192982	0.0	0.0350877192982
jes-	0.0123109773404	0.717720969222	0.00315109271764	0.26681696072
bus-	0.250554323725	0.473762010347	0.0613451589062	0.214338507021
lub-	0.339819514946	0.626339537507	0.00846023688665	0.0253807106599
tap-	0.29100722048	0.70899277952	0.0	0.0
uru-	0.217607614103	0.375081116158	0.10253082414	0.304780445598
lup-	0.0641711229946	0.285204991087	0.600713012478	0.0499108734403
sol-	0.0	0.992089650626	0.00791034937376	0.0
ame-	0.00880392403471	0.076216828072	0.00528235442083	0.909696893473
new-	0.702736517303	0.231677543899	0.0315317013448	0.0340542374523
iso-	0.0	0.892569382274	0.107430617726	0.0
fuw-	0.859756097561	0.140243902439	0.0	0.0
pam-	0.333201379915	0.49903291409	0.105670011524	0.0620956944709
pos-	0.154869794654	0.635195594815	0.00344155099231	0.206493059539
laz-	0.0221320545924	0.920693471044	0.00221320545924	0.0549612689044
job-	0.0	1.0	0.0	0.0
nom-	0.032	0.96	0.008	0.0
lua-	0.114427860697	0.842039800995	0.0286069651741	0.0149253731343
aqu-	0.155172413793	0.594827586207	0.103448275862	0.146551724138
ket-	0.410809613468	0.433248421752	0.115007199025	0.0409347657548
afa-	0.0701754385965	0.929824561404	0.0	0.0
dru-	0.0	1.0	0.0	0.0
lag-	0.258915446165	0.706230551467	0.0248957159774	0.00995828639095
dob-	0.157068062827	0.198952879581	0.596858638743	0.0471204188482
taw-	0.0130718954248	0.986928104575	0.0	0.0
leb-	0.0155312389693	0.9632897988	0.0169431697847	0.00423579244618
mon-	0.195357565139	0.192399197698	0.10505076616	0.507192471003
kof-	0.0556655121227	0.913656605641	0.0188025729837	0.0118753092528
alo-	0.0197368421053	0.940789473684	0.0394736842105	0.0
ofr-	0.209025539301	0.728985866601	0.0619885940986	0.0
ram-	0.0	1.0	0.0	0.0
pit-	0.00937731706963	0.100322754169	0.00741462279924	0.882885305962
mam-	0.480770270222	0.33075792666	0.0530853968879	0.13538640623
azz-	0.0655004094421	0.0526678350325	0.0109587829953	0.87087297253
las-	0.0	1.0	0.0	0.0
pem-	0.452	0.42	0.116	0.012
eti-	0.276978417266	0.658273381295	0.0431654676259	0.021582733813
vin-	0.613512184714	0.232200669765	0.0589615859146	0.0953255596064
esp-	0.0129926680419	0.961273159507	0.018508549187	0.00722562326408
sip-	0.174603174603	0.777777777778	0.015873015873	0.031746031746
pad-	0.2464491979	0.513945996432	0.0603225912372	0.179282214431
di--	0.375821287779	0.185282522996	0.0709592641261	0.367936925098
kew-	0.668941979522	0.300341296928	0.0	0.0307167235495
atl-	0.645569620253	0.26582278481	0.0582278481012	0.0303797468354
gah-	0.00403632694248	0.943491422805	0.00807265388498	0.0443995963673
sea-	0.0	1.0	0.0	0.0
cle-	0.0342857142857	0.942857142857	0.0228571428571	0.0
reb-	0.0219421101774	0.892156862745	0.0718954248366	0.0140056022409
inn-	0.154397725141	0.319153302438	0.00639791864425	0.520051053777
dum-	0.150760527012	0.801720543868	0.0166316251922	0.0308873039284
ema-	0.0277777777778	0.888888888889	0.0277777777778	0.0555555555556
adr-	0.0352941176471	0.929411764706	0.0117647058823	0.0235294117647
tuy-	0.0588235294118	0.75	0.191176470588	0.0
zeb-	0.00380952380952	0.99619047619	0.0	0.0
pis-	0.411804521457	0.545959117368	0.0369568160281	0.00527954514688
mie-	0.222680252003	0.695807731197	0.0555339503772	0.0259780664229
ten-	0.38386090058	0.534997770843	0.0481497993758	0.032991529202
sai-	0.0	0.469387755102	0.367346938776	0.163265306122
apo-	0.0294884653962	0.918756268806	0.0278836509529	0.0238716148445
fan-	0.0	1.0	0.0	0.0
tra-	0.103846550479	0.816128699598	0.0305249046097	0.049499845313
avv-	0.160827490126	0.527994890541	0.158732017942	0.15244560139
lot-	0.0	1.0	0.0	0.0
kef-	0.154891304348	0.779891304348	0.0489130434783	0.0163043478261
gag-	0.0601378912415	0.072412928005	0.0184818678497	0.848967312904
atu-	0.065533721798	0.485650446642	0.0112645500438	0.437551281516
nua-	0.376237623762	0.564356435644	0.0594059405941	0.0
awa-	0.107464480888	0.142705444462	0.0511659750536	0.698664099596
ere-	0.19924800987	0.723599565256	0.0456922127897	0.0314602120847
ima-	0.077233648699	0.894920258735	0.00870676261126	0.0191393299544
nay-	0.188811483907	0.097071887278	0.0598701151255	0.654246513689
idd-	0.769601617141	0.125450637928	0.0286883479779	0.0762593969531
arf-	0.0	1.0	0.0	0.0
neh-	0.26747860942	0.674709011023	0.0312186849611	0.0265936945965
gil-	0.303497179794	0.580450192917	0.0730218778452	0.0430307494445
rub-	0.0	1.0	0.0	0.0
fes-	0.00567375886525	0.992907801418	0.0	0.00141843971631
guw-	0.302325581395	0.66976744186	0.0279069767442	0.0
iga-	0.498032978991	0.367205156106	0.0343182388884	0.100443626015
lep-	0.050193050193	0.891891891892	0.057915057915	0.0
paz-	0.839612486545	0.108180839613	0.0279870828848	0.024219590958
ilo-	0.63976945245	0.204336489639	0.083985179086	0.0719088788253
fun-	0.0828471954507	0.852103580745	0.0266182053824	0.038431018422
dav-	0.00692503948487	0.989794678654	0.00109342728708	0.00218685457417
gis-	0.0699570179339	0.835778864681	0.0346820809249	0.0595820364606
jop-	0.0	0.988847583643	0.0	0.0111524163569
tan-	0.138338349698	0.404282670254	0.194573848459	0.26280513159
giz-	0.279681930354	0.317247052372	0.304359747738	0.0987112695366
kuk-	0.394082779045	0.492845670528	0.0365955967674	0.076475953659
bar-	0.044797153877	0.924461044798	0.0174949627153	0.0132468386095
bil-	0.174978127734	0.743145314383	0.0303735617953	0.0515029960877
kav-	0.31818516327	0.326872833612	0.189536223799	0.165405779319
abo-	0.299209002612	0.688323955612	0.0124670417755	0.0
aga-	0.0883534136546	0.803212851406	0.100401606426	0.00803212851406
ibb-	0.706293706294	0.293706293706	0.0	0.0
ipi-	0.301941049605	0.579439252337	0.0862688713156	0.0323508267433
pob-	0.0943591258122	0.398109864147	0.47273085253	0.0348001575113
inu-	0.612251030591	0.22905557332	0.11416604841	0.0445273476793
vut-	0.111801242236	0.785714285714	0.10248447205	0.0
lah-	0.459816753927	0.281020942408	0.0739528795811	0.185209424084
isi-	0.233348560271	0.101084651972	0.169999660068	0.495567127689
bel-	0.321167883212	0.605839416058	0.0417101147028	0.0312825860271
boa-	0.0267857142857	0.955357142857	0.0178571428571	0.0
git-	0.222780043928	0.712373182721	0.0165254680473	0.0483213053028
jef-	0.0	1.0	0.0	0.0
asi-	0.0683566234793	0.909909475722	0.0161251522054	0.00560874859317
ant-	0.282862713191	0.635415140433	0.0257403662426	0.0559817801342
dif-	0.0369230769231	0.710769230769	0.233846153846	0.0184615384615
gun-	0.165788671688	0.526862292655	0.074818233271	0.232530802386
nak-	0.539537157217	0.0996494080108	0.0775735810804	0.283239853692
kih-	0.278350515464	0.360824742268	0.298969072165	0.0618556701031
pol-	0.606177606178	0.185328185328	0.208494208494	0.0
peb-	0.218096552958	0.0502104445326	0.0988781881089	0.632814814401
nek-	0.433120433075	0.393753129655	0.0572964616966	0.115829975574
ziz-	0.0994475138122	0.867403314917	0.0331491712707	0.0
rum-	0.156219864995	0.719796115167	0.06612481058	0.0578592092574
ofi-	0.0647134578236	0.860914359305	0.0505473277527	0.0238248551191
lao-	0.0	1.0	0.0	0.0
dok-	0.194630872483	0.63422818792	0.16610738255	0.00503355704698
yaw-	0.090556047624	0.0374627470341	0.0104762055674	0.861504999775
emp-	0.0575627679118	0.910593998775	0.0281690140845	0.00367421922841
kah-	0.111111111111	0.777777777778	0.111111111111	0.0
teu-	0.305389221557	0.658682634731	0.0	0.0359281437126
dam-	0.0516593613024	0.870538509706	0.0674702567314	0.0103318722605
put-	0.0	1.0	0.0	0.0
ige-	0.371848739496	0.504201680672	0.123949579832	0.0
gaz-	0.0448330683625	0.834022257552	0.119236883943	0.00190779014308
art-	0.00727272727272	0.985454545455	0.0	0.00727272727272
nab-	0.63741563328	0.157649594055	0.116062734	0.0888720386656
bal-	0.129843418568	0.636803156714	0.0511076096259	0.182245815092
han-	0.0732157337825	0.105784877963	0.00393968344643	0.817059704808
dec-	0.0178571428571	0.705357142857	0.0	0.276785714286
zit-	0.132391879965	0.745807590468	0.11120917917	0.0105913503972
die-	0.246919321088	0.239944199024	0.0139502441293	0.499186235759
kue-	0.378639172367	0.165421478002	0.0408708976375	0.415068451993
pub-	0.0689655172414	0.908045977012	0.0229885057471	0.0
gub-	0.101766099505	0.846543183287	0.0219685548137	0.029722162395
top-	0.0	0.768115942029	0.231884057971	0.0
kub-	0.568181818182	0.25	0.0909090909091	0.0909090909091
tun-	0.56404136993	0.310175421507	0.0161478443426	0.10963536422
isc-	0.0	1.0	0.0	0.0
fus-	0.229300411523	0.188641975309	0.280823045267	0.301234567901
lut-	0.0996596985902	0.769081186193	0.109382596014	0.0218765192027
def-	0.684782608696	0.189130434783	0.0478260869565	0.0782608695652
sop-	0.0943396226415	0.905660377358	0.0	0.0
nol-	0.579185520362	0.384615384615	0.0	0.0361990950226
iru-	0.5	0.133333333333	0.266666666667	0.1
tas-	0.109356963696	0.0517013015392	0.00147325439115	0.837468480374
bie-	0.0301964245744	0.94959519898	0.0132399707749	0.00696840567101
set-	0.0266666666667	0.973333333333	0.0	0.0
ele-	0.143845089903	0.764868603043	0.0746887966805	0.0165975103734
akk-	0.318453252182	0.537686725836	0.0886316322903	0.0552283896909
adu-	0.0233463035019	0.805447470817	0.147859922179	0.0233463035019
bir-	0.0232220609579	0.134978229318	0.841799709724	0.0
rom-	0.0284608663089	0.70765197853	0.254150543003	0.00973661215828
kep-	0.411568619546	0.448853443323	0.0627670805575	0.0768108565727
sib-	0.59793814433	0.175257731959	0.0927835051546	0.134020618557
hen-	0.0940170940171	0.803418803419	0.102564102564	0.0
keb-	0.521586269906	0.264031364567	0.0374940728833	0.176888292643
sit-	0.259894578998	0.455764075067	0.0856545644568	0.198686781479
law-	0.021828765462	0.0540868299781	0.873150618482	0.0509337860781
lus-	0.0494448618746	0.890839646909	0.0325719565581	0.0271435346578
era-	0.0	1.0	0.0	0.0
nez-	0.494923857868	0.439086294416	0.0203045685279	0.0456852791878
mot-	0.202247191011	0.539325842697	0.179775280899	0.0786516853933
koh-	0.0289222679086	0.867472238539	0.0980671869318	0.0055383066208
ipr-	0.765100671141	0.234899328859	0.0	0.0
bla-	0.152542372881	0.771186440678	0.0508474576271	0.0254237288135
fam-	0.0961986035686	0.764158262219	0.105508145849	0.0341349883631
dua-	0.0658380153038	0.071170745706	0.0176230284049	0.845368210585
vuy-	0.239564428312	0.526315789474	0.212341197822	0.021778584392
