-ivq	0.283483464818	0.593030835695	0.0799829767337	0.0435027227536
-caa	0.589616810878	0.223733003708	0.0809641532757	0.105686032138
-จ๋า	0.227963326676	0.553240022966	0.0665341855805	0.152262464777
-ຕັດ	0.0845437616388	0.880074487896	0.00670391061452	0.028677839851
-euz	0.0	0.974358974359	0.025641025641	0.0
-เถง	0.330774397514	0.117597020788	0.0196423475499	0.531986234149
-໋ວໆ	0.477741343856	0.232812760518	0.1120435725	0.177402323126
-euq	0.664200140944	0.138830162086	0.0926708949964	0.104298801973
-จ๋ว	0.317050768203	0.425350701403	0.0678022712091	0.189796259185
-ivb	0.29926732094	0.232241260772	0.0523433277821	0.416148090506
-ທັດ	0.0501367365542	0.932087511395	0.0127620783956	0.00501367365542
-ivd	0.223707147008	0.526438117374	0.162696106914	0.0871586287043
-ຕັງ	0.0219234444893	0.95302119038	0.0125276825653	0.0125276825653
-euj	0.303859841226	0.470602548894	0.187517109225	0.0380205006539
-eud	0.0	0.976744186047	0.0232558139535	0.0
-eug	0.900857852359	0.0438503478612	0.0117578448341	0.0435339549457
-ິ໊ມ	0.171466424593	0.693751073383	0.111288304424	0.0234941976005
-ທັບ	0.838129496403	0.161870503597	0.0	0.0
-ທັນ	0.0	1.0	0.0	0.0
-eub	0.384248210024	0.200477326969	0.229116945107	0.1861575179
-auq	0.120262913578	0.731569199762	0.0500376213229	0.0981302653368
-นุๆ	0.488905891354	0.0482019892884	0.00459066564651	0.458301453711
-ິ໊ບ	0.633877748945	0.280724039235	0.0491820629593	0.0362161488613
-ິ໊ດ	0.375494977818	0.441792906539	0.100707465315	0.082004650328
-auz	0.182317723284	0.795169359468	0.0125481833839	0.00996473386369
-เถย	0.763250883392	0.0989399293287	0.0226148409894	0.11519434629
-auc	0.224412835254	0.326397022019	0.41861821292	0.0305719298075
-aub	0.0750909262598	0.251852133959	0.0841491639089	0.588907775872
-aud	0.165932011549	0.809825753274	0.00863422074774	0.0156080144286
-aug	0.227510312731	0.284309663999	0.438662543253	0.0495174800167
-ກອຍ	0.43548607763	0.0912943290695	0.0951866303186	0.378032962982
-auj	0.196044514921	0.0991279966588	0.0162752929393	0.688552195481
-cai	0.113314447592	0.886685552408	0.0	0.0
-เถา	0.304923494721	0.0253381623619	0.0111730594101	0.658565283507
-ຕັບ	0.58530183727	0.166229221347	0.213473315836	0.0349956255468
-ฮ่น	0.345268542199	0.351662404092	0.230179028133	0.0728900255754
-apc	0.195304475422	0.75884079237	0.0377842993397	0.00807043286867
-໊າບ	0.603858965496	0.28125196405	0.0355728741122	0.0793161963422
-ດຸຍ	0.161693689408	0.54326214992	0.103758653203	0.191285507469
-ดาง	0.0769298754597	0.737550771028	0.146758531646	0.0387608218662
-^me	0.0363636363636	0.927272727273	0.0363636363636	0.0
-໋ວນ	0.405362443572	0.184601377384	0.0166341826373	0.393401996407
-ທຽນ	0.125523012552	0.543933054393	0.305439330544	0.0251046025105
-ฮ่ง	0.670981661273	0.285868392665	0.0431499460626	0.0
-i-o	0.0603882099209	0.905104241553	0.0258806613947	0.00862688713156
-^mi	0.0440097799511	0.926650366748	0.0	0.0293398533008
-໊ານ	0.156000120697	0.693702664373	0.0253462478501	0.12495096708
-ฮ่า	0.224066390041	0.375518672199	0.325726141079	0.0746887966805
-ฮ่อ	0.107593484744	0.440467997247	0.387703601744	0.0642349162652
-ຈູ໊	0.0237230606398	0.966057774777	0.00875928392853	0.00145988065475
-แคะ	0.188067863756	0.721073935323	0.0671747836197	0.0236834173018
-ฮ่ว	0.158349328215	0.0930902111324	0.725527831094	0.0230326295585
-ไกว	0.0579351779949	0.270875056198	0.591797114481	0.0793926513263
-แบน	0.0585774058577	0.92050209205	0.00836820083681	0.0125523012552
-ตีง	0.876430593302	0.112472610662	0.0011284877324	0.00996830830284
-ivg	0.403617544075	0.478295488744	0.0541838141674	0.0639031530131
-ຄຽດ	0.0117845117845	0.951178451178	0.03367003367	0.003367003367
--จา	0.231823778146	0.652596339625	0.050838547839	0.0647413343909
-โด้	0.74303851193	0.215164879777	0.0369064973889	0.00489011090403
-ivj	0.122389878555	0.661680291311	0.0750847609137	0.14084506922
-ับๆ	0.0678571428571	0.9	0.0214285714286	0.0107142857143
-ide	0.0253231392356	0.917534797606	0.00559262745806	0.0515494357004
-แบะ	0.125619834711	0.815702479339	0.0363636363636	0.0223140495868
-๋อ-	0.287408759124	0.513686131387	0.103102189781	0.095802919708
-ตีย	0.0630099394948	0.922250863683	0.00286408815886	0.011875108663
-ເກ່	0.555194414349	0.225713253882	0.101119537739	0.117972794029
-ເກ້	0.535367545076	0.426105717368	0.0218831869317	0.0166435506241
-เขา	0.133808900407	0.0988760942941	0.0172637972339	0.750051208065
-euc	0.89478315482	0.0459816284536	0.010926934212	0.048308282514
-ໄຮ່	0.178113937942	0.0530252223943	0.166164680453	0.60269615921
-ໄຮ໌	0.896576957644	0.0623881729207	0.00364855171049	0.037386317725
-ໄຈ໊	0.476391740128	0.304311073542	0.0700398502596	0.149257336071
-rpv	0.337962962963	0.578703703704	0.00555555555556	0.0777777777778
-utc	0.30516085861	0.550291187018	0.126616689146	0.0179312652259
-สิน	0.171428571429	0.102040816327	0.0489795918367	0.677551020408
-utg	0.219470057505	0.364596966092	0.376026174896	0.039906801507
-ຮ໌ວ	0.287482806052	0.691884456671	0.00825309491059	0.0123796423659
-ตี๊	0.39859019545	0.242550464595	0.095482217238	0.263377122717
-ເກະ	0.56	0.24	0.08	0.12
-สิด	0.0	1.0	0.0	0.0
-โดน	0.0	1.0	0.0	0.0
-utq	0.382299446924	0.176285974494	0.158456379225	0.282958199357
-โดก	0.0	1.0	0.0	0.0
-ິ໊ນ	0.813228315154	0.0815712972396	0.0440612550832	0.0611391325233
-ມວດ	0.349875930521	0.47270471464	0.00744416873449	0.169975186104
-ลวน	0.384282597246	0.300579339403	0.188473403055	0.126664660296
-ເກນ	0.0303589964424	0.89459081297	0.0595111367956	0.0155390537919
-โดะ	0.164931044188	0.176470588235	0.452575288489	0.206023079088
-auv	0.13556379252	0.703993633986	0.0549410443294	0.105501529164
-ไซ-	0.292759706191	0.483735571878	0.0661070304302	0.157397691501
-โดม	0.0140515222482	0.981264637002	0.0	0.00468384074941
-ວນໆ	0.170470756063	0.780313837375	0.00427960057061	0.0449358059914
-โขว	0.243902439024	0.690007867821	0.066089693155	0.0
-່ອມ	0.137914757092	0.816563623792	0.0314976606735	0.0140239584427
-ຮນະ	0.868852459016	0.0983606557377	0.0	0.0327868852459
-ສັງ	0.180145307289	0.449440209624	0.308182467842	0.0622320152454
-ບັດ	0.0547442550037	0.920932171979	0.0164751667902	0.00784840622684
-ຮນງ	0.565656565657	0.272727272727	0.121212121212	0.040404040404
-ສັກ	0.00030225177573	0.995466223364	0.00423152486021	0.0
-ສັຍ	0.379221216516	0.51585204127	0.0648612572025	0.0400654850106
-อี้	0.0997450842088	0.118254321813	0.0476853398671	0.734315254111
-ເສດ	0.0145137880987	0.854862119013	0.0870827285921	0.0435413642961
-อี๊	0.587155963303	0.357798165138	0.0	0.0550458715596
-ສັດ	0.196879643388	0.790861812779	0.0111441307578	0.00111441307578
-ເສຍ	0.00599467140319	0.98068383659	0.00333037300178	0.00999111900533
-ายๆ	0.525941719972	0.324804548685	0.0724946695096	0.0767590618337
-ພານ	0.458687258687	0.357837837838	0.122316602317	0.0611583011583
-โขด	0.0357142857143	0.964285714286	0.0	0.0
-ເສກ	0.0	1.0	0.0	0.0
-kem	0.270197243988	0.537152121048	0.176438800324	0.0162118346393
-ສັນ	0.0695652173912	0.913043478261	0.0173913043478	0.0
-ສອບ	0.626943005181	0.19896373057	0.130569948187	0.0435233160622
-ຝຽນ	0.042989632362	0.852520235383	0.0138012618296	0.0906888704251
-งาด	0.485841938951	0.457086267016	0.0329260350192	0.0241457590141
-ຊຽບ	0.264399230691	0.063063063063	0.120659985829	0.551877720417
-auh	0.0663142549987	0.234965023441	0.083174458454	0.615546263106
-๊ดๆ	0.208728652751	0.696394686907	0.0607210626186	0.034155597723
-ค้บ	0.00626959247649	0.990595611285	0.00156739811912	0.00156739811912
-ค้ว	0.220567980129	0.463414180557	0.191289096144	0.12472874317
-ປອງ	0.153846153846	0.076923076923	0.692307692308	0.0769230769231
--ho	0.0	1.0	0.0	0.0
-ຊຽມ	0.18317342003	0.136468162715	0.287843945762	0.392514471493
-ຊຽວ	0.440440142731	0.388895976541	0.0190584935398	0.151605387188
-ค้า	0.517325227964	0.236474164134	0.0729483282675	0.173252279635
-loz	0.408810844116	0.176524953789	0.37831176833	0.0363524337647
-ຝຽວ	0.748633879781	0.185792349727	0.0546448087432	0.0109289617486
-ຈູງ	0.222126929674	0.72384219554	0.0420240137221	0.0120068610635
-เฟน	0.156620298815	0.763008758372	0.0139103554869	0.0664605873261
-ບ່ນ	0.449108500642	0.281208318973	0.186785520267	0.0828976601185
-ฮลบ	0.200274348422	0.525034293553	0.234224965706	0.0404663923182
-ຢ່ວ	0.437250996016	0.374501992032	0.0737051792829	0.114541832669
-ฮลน	0.138042154567	0.551025761124	0.0455644028103	0.265367681499
-ໂພວ	0.194174757282	0.582524271845	0.203883495146	0.0194174757282
-ລິມ	0.0	1.0	0.0	0.0
-ບ່ຍ	0.46394984326	0.51724137931	0.0188087774295	0.0
-ปุน	0.29204279589	0.00602564173049	0.00334839844961	0.69858316393
-໌າວ	0.618996798292	0.371398078976	0.00960512273212	0.0
-ບ່ງ	0.713697219362	0.240988671473	0.0113285272914	0.0339855818744
-yau	0.749167591565	0.184239733629	0.023307436182	0.0432852386237
-ວັງ	0.570613192099	0.299869948705	0.0690037178211	0.0605131413748
-ปุย	0.0898876404495	0.483146067416	0.38202247191	0.0449438202247
-yav	0.421116875191	0.252364967959	0.184111484081	0.14240667277
-ນາດ	0.0986460348162	0.802707930368	0.0812379110251	0.0174081237911
-ฮลุ	0.2	0.533333333333	0.266666666667	0.0
-ລິບ	0.00970873786407	0.985711668804	0.00183183733285	0.00274775599927
-ดิ๊	0.789233113255	0.169629253428	0.0335195530726	0.00761808024377
-ฮลา	0.00670016750419	0.970458352368	0.00913659205117	0.0137048880767
-ລິກ	0.0848532910389	0.881839809675	0.00951625693896	0.0237906423473
-yaa	0.033810292111	0.789986012704	0.0103937444777	0.165809950708
-ฮลย	0.0294680443934	0.950631458094	0.0155632095931	0.00433728791938
-ຫລະ	0.350615114236	0.441124780316	0.129173989455	0.0790861159929
-เงา	0.0838283828383	0.743234323432	0.170297029703	0.0026402640264
-ุ๋ย	0.266256874798	0.353930766742	0.221287609188	0.158524749272
-ธัง	0.327915194346	0.577385159011	0.0657243816254	0.0289752650177
-คอย	0.633598937583	0.156440903054	0.158565737052	0.0513944223108
-ສອຍ	0.956812482586	0.0247979938702	0.0158818612427	0.00250766230148
-cin	0.0240499149178	0.0913216108906	0.00839478162223	0.876233692569
-ด้ง	0.627777777778	0.333333333333	0.0388888888889	0.0
-່ຽມ	0.324571855127	0.0643262414124	0.0437269147164	0.567374988744
-໌ານ	0.45907746805	0.292348878517	0.198187102061	0.0503865513714
-แมง	0.0045871559633	0.775229357798	0.220183486239	0.0
-​ສີ	0.0141361256544	0.978883071553	0.00139616055846	0.00558464223385
-​ສາ	0.0	0.857142857143	0.0	0.142857142857
-​ສຳ	0.0	1.0	0.0	0.0
-แมะ	0.816815286624	0.143694267516	0.0257324840764	0.0137579617834
-ແນດ	0.498939929329	0.310247349823	0.0212014134275	0.169611307421
-ดิด	0.036138358286	0.945792462571	0.018069179143	0.0
-ดิบ	0.255319148936	0.702127659574	0.0	0.0425531914894
-ดิน	0.138499587799	0.42374278648	0.326463314097	0.111294311624
-ุ๋น	0.443905701388	0.428022069888	0.0642033104832	0.0638689182411
-บ่น	0.450115474344	0.282413902251	0.186337685277	0.0811329381284
-ຖສຍ	0.6	0.371428571429	0.0	0.0285714285714
-ດູງ	0.0654022236756	0.0595160235448	0.863309352518	0.0117724002616
-^lu	0.00705596107055	0.97201946472	0.0150851581508	0.00583941605839
-ນີ່	0.511494252874	0.344827586207	0.0402298850574	0.103448275862
-ติ๊	0.270472495497	0.257032007759	0.261881668283	0.210613828461
-ฮ้น	0.172252754341	0.111360528421	0.667879350827	0.0485073664112
-ິ໊ວ	0.116542037404	0.786154105992	0.079973594562	0.0173302620423
-ຍ໌ວ	0.176866427139	0.737454592373	0.0294777378566	0.0562012426306
-กง-	0.717314487633	0.141342756184	0.0212014134276	0.120141342756
-ຍິມ	0.180198417929	0.788456328483	0.0248701777297	0.00647507585863
-บ่ง	0.733890214797	0.218377088305	0.0119331742243	0.035799522673
-aax	0.384565453299	0.388835139688	0.0435660935067	0.183033313506
-ฮ้า	0.126653595197	0.0694143872951	0.133833411979	0.670098605529
-cpq	0.0704225352113	0.845070422535	0.0845070422535	0.0
-cic	0.0948616600791	0.213438735178	0.545454545455	0.146245059289
-ຖສວ	0.186592695331	0.60021574973	0.159192479581	0.0539990753583
-ฮ้ย	0.130337078652	0.788764044944	0.0629213483146	0.0179775280899
-aau	0.272248131939	0.568507232092	0.109993717628	0.0492509183408
-ฮ้ว	0.688675776702	0.206768184325	0.0794625896195	0.0250934493535
-ຖສາ	0.102781844802	0.897218155198	0.0	0.0
-sen	0.0384756320997	0.952290216196	0.0	0.00923415170392
-sem	0.0	1.0	0.0	0.0
-ົ໌ວ	0.0783465942004	0.52745169864	0.041145602617	0.353056104542
-sej	0.0	1.0	0.0	0.0
-sei	0.12526965029	0.854738249324	0.00659313948895	0.0133989608969
-ແຊງ	0.0330952527554	0.898282125485	0.0505510744413	0.0180715473185
-ົ໌ມ	0.219786758467	0.7244365415	0.0338644250205	0.0219122750133
-ລູ້	0.415492957746	0.492957746479	0.0352112676056	0.056338028169
-​ມຳ	0.0	1.0	0.0	0.0
-ติด	0.036253776435	0.960725075529	0.00302114803625	0.0
-​ມາ	0.0575969248574	0.754050591056	0.167644870629	0.0207076134579
-uic	0.143341841369	0.804759604487	0.0171506409565	0.0347479131879
-ติน	0.0	0.980392156863	0.0196078431373	0.0
-ะกี	0.0335658450583	0.953597604377	0.00156120209573	0.0112753484692
-ัวะ	0.315573371819	0.349097733224	0.230171794933	0.105157100023
-ติว	0.422222222222	0.483333333333	0.0777777777778	0.0166666666667
-ດຽນ	0.111111111111	0.822222222222	0.0666666666667	0.0
-ຖຸຍ	0.460195530726	0.155493482309	0.0945065176909	0.289804469274
-ເຜຍ	0.595983617387	0.237283657022	0.084819659136	0.0819130664553
--ซิ	0.137161841481	0.652112007594	0.176554342667	0.0341718082582
-aan	0.241719265071	0.504699595757	0.0421787054353	0.211402433737
-ouv	0.139119882509	0.658723635717	0.03816162117	0.163994860603
-เฮา	0.0384615384615	0.923076923077	0.0384615384615	0.0
-บัว	0.212864159869	0.00723199679639	0.000487237573593	0.779416605761
-เฮม	0.025459688826	0.95756718529	0.0	0.016973125884
-สีง	0.00358760983528	0.884733263224	0.105788075798	0.00589105114203
-เฮย	0.123855681206	0.437264404954	0.377490576198	0.0613893376414
-zom	0.561177934467	0.416424720033	0.00808793031936	0.0143094151804
-บัด	0.0540085931072	0.925066276625	0.0131821921565	0.00774293811134
-ດ່ຳ	0.960784313725	0.0392156862745	0.0	0.0
-zoi	0.960773002596	0.0201903663109	0.0129795211999	0.00605710989328
-zoj	0.428571428571	0.461224489796	0.110204081633	0.0
-qui	0.414109206855	0.377839776804	0.184137106417	0.0239139099243
-โตว	0.87987987988	0.12012012012	0.0	0.0
-zob	0.0807582225672	0.859828272048	0.0248011060444	0.0346123993402
-สีย	0.00599866696289	0.980670962008	0.00333259275717	0.00999777827149
-rmx	0.134819532909	0.144904458599	0.0414012738854	0.678874734607
-เฮง	0.13897122689	0.202845601313	0.57518646685	0.082996704948
-ฌัง	0.0830617784731	0.730261001836	0.168930826166	0.0177463935247
-zox	0.423631123919	0.459654178674	0.0691642651297	0.0475504322767
-aac	0.0826028101096	0.133095349616	0.00490498435583	0.779396855919
-zoz	0.0	1.0	0.0	0.0
-່ອຍ	0.231651964336	0.508591610813	0.102220522688	0.157535902163
-zou	0.111363941712	0.866691689077	0.0125396395493	0.00940472966201
-zov	0.362402384112	0.545256792326	0.0329555589393	0.0593852646233
-zoq	0.173770491803	0.334426229508	0.491803278689	0.0
-โต๊	0.390739236393	0.536149471974	0.0731112916329	0.0
-โต๋	0.760877036222	0.0254313011204	0.00824798955255	0.205443673105
-โต่	0.402985074627	0.567164179104	0.0298507462687	0.0
-โต์	0.173519362927	0.767631890045	0.0241305844603	0.034718162568
-rav	0.0998358862145	0.511305616338	0.33688913202	0.0519693654267
-ແມງ	0.00434153400868	0.76989869754	0.225759768452	0.0
-ິ໋ມ	0.365308744443	0.56306208998	0.0573033324617	0.0143258331154
-ິ໋ວ	0.570292683852	0.205603334716	0.0875893700931	0.136514611339
-ມັບ	0.270207852194	0.424942263279	0.277136258661	0.027713625866
-ມັດ	0.0228286538966	0.942009971136	0.00629755969562	0.0288638152716
-สี่	0.127411171133	0.552207968531	0.0268884062916	0.293492454045
-cie	0.292607802875	0.658110882957	0.0308008213552	0.0184804928131
-วดๆ	0.170568561873	0.471571906354	0.0	0.357859531773
-ໄງ່	0.476934749621	0.3531107739	0.137025796662	0.0329286798179
-ຢຽດ	0.0508567279215	0.0620978992944	0.0588293355432	0.828216037241
-ปอง	0.16	0.08	0.72	0.04
-ຢຽນ	0.226485104068	0.656627197374	0.107361715641	0.00952598291787
-swi	0.0697305863709	0.484944532488	0.435816164818	0.0095087163233
-nni	0.0	1.0	0.0	0.0
-ຮໍ່	0.110422659881	0.431511396327	0.402743969905	0.055321973888
-ถิว	0.896460751684	0.0844630245962	0.00487052520497	0.0142056985145
-opc	0.315730520617	0.641915385154	0.0346533498238	0.00770074440528
-เฮ่	0.00324675324675	0.974025974026	0.0194805194805	0.00324675324675
-ikg	0.0636306093214	0.38451544125	0.543858480195	0.00799546923411
-ແຮະ	0.597388465724	0.216902430178	0.110264780559	0.0754443235401
-ກວນ	0.649433776465	0.176760216642	0.0590841949778	0.114721811915
-งัด	0.315867707172	0.338535860275	0.200668896321	0.144927536232
-ikc	0.0846319183235	0.44734013971	0.453519613111	0.0145083288555
-kcv	0.461510464058	0.413648771611	0.084440400364	0.0404003639672
-ໝຽດ	0.717354019635	0.229615976028	0.0275006899815	0.0255293143556
-์ยง	0.256880733945	0.275229357798	0.247706422018	0.220183486239
-อิด	0.0714285714286	0.928571428571	0.0	0.0
-ຈຽນ	0.137701563379	0.768166841593	0.0549100970996	0.0392214979283
-໊ຽບ	0.313043478261	0.606211180124	0.0583850931677	0.0223602484472
-ikv	0.0747206703911	0.864525139665	0.0125698324023	0.0481843575419
-໊ຽນ	0.0556951711776	0.00664415635548	0.00199909040166	0.935661582065
-์ยน	0.604999726492	0.216946556534	0.136754006892	0.0412997100815
-ikq	0.0995723885156	0.806963958461	0.0329871716555	0.0604764813684
-ກວກ	0.905660377358	0.0943396226415	0.0	0.0
-อิก	0.142857142857	0.408163265306	0.448979591837	0.0
-໊ຽດ	0.0866832221015	0.119354338041	0.35286357287	0.441098866987
-ົງໆ	0.383839626122	0.234657483704	0.152994711598	0.228508178576
-bou	0.0647896152847	0.893217115549	0.0327947435392	0.00919852562685
-​ໂຮ	0.0	1.0	0.0	0.0
-์ยว	0.635922330097	0.218446601942	0.145631067961	0.0
-໊ຽມ	0.532426757113	0.406608347034	0.0304824479263	0.0304824479263
--im	0.0	1.0	0.0	0.0
-໊ຽວ	0.0167655751306	0.943164607396	0.00545225568123	0.0346175617919
--in	0.015625	0.96875	0.0078125	0.0078125
-otc	0.175582560216	0.7658347489	0.0167254671371	0.0418572237467
-ໂປ໋	0.377192982456	0.526315789474	0.0	0.0964912280702
-อิม	0.123272319761	0.417258124767	0.45199850579	0.0074710496825
-​ຢີ	0.0823529411764	0.882352941177	0.0	0.0352941176471
-ເລດ	0.0317013032758	0.96090172596	0.00422684043677	0.00317013032758
-tog	0.405660377359	0.566037735849	0.0283018867925	0.0
-tod	0.168910640738	0.77342161514	0.0234867837964	0.0341809603253
-ຊ້ຍ	0.649816439449	0.113662466199	0.0377195775085	0.198801516843
-tob	0.315243233358	0.436859912217	0.0933613752743	0.154535479151
-bor	0.483552631579	0.207236842105	0.171052631579	0.138157894737
-ton	0.197928227895	0.725613515847	0.0	0.0764582562584
-ຊ້ງ	0.0667718801495	0.772089029174	0.0168264209622	0.144312669715
-์ยๆ	0.178557802366	0.583365127814	0.238077069821	0.0
-toj	0.763406657408	0.0282245419112	0.00739214192912	0.200976658752
-ເລນ	0.0	1.0	0.0	0.0
-໌ວນ	0.0168561835942	0.915580916589	0.00414496317891	0.0634179366374
-tov	0.608567677236	0.191699443687	0.0404710835941	0.159261795483
-ເຜວ	0.65503875969	0.158914728682	0.162790697674	0.0232558139535
-ກວ້	0.297906602254	0.443639291465	0.18115942029	0.0772946859904
-tor	0.92439516129	0.0695564516129	0.0	0.00604838709677
-ເລກ	0.0	0.982188295165	0.0178117048346	0.0
-ຫາະ	0.111542162325	0.800940141082	0.0205923991984	0.0669252973947
-toq	0.679017334699	0.139972713184	0.00762768469447	0.173382267423
-ເລຍ	0.0148693301292	0.945854610994	0.0361219585461	0.00315410033043
-ທອຍ	0.483648665581	0.386041849392	0.095226162135	0.0350833228919
-pxv	0.16	0.04	0.72	0.08
-iei	0.00981986681806	0.397182925707	0.00664886815806	0.586348339317
-ieh	0.0952208926018	0.613667494543	0.210431248589	0.0806803642658
-rov	0.251549714853	0.724646665014	0.0126456731961	0.0111579469378
-ໂອນ	0.0909913164254	0.870844079292	0.0206994463906	0.0174651578921
-iem	0.0718120754638	0.0262601387429	0.00444977886293	0.89747800693
-หอบ	0.22817623459	0.270827949664	0.223592610864	0.277403204882
-ien	0.101504020024	0.441431405271	0.172713467413	0.284351107292
-ຊ້ວ	0.852411672255	0.120524037289	0.00527668556061	0.0217876048954
-iec	0.142037828141	0.129444580677	0.0368634005317	0.691654190651
-ຫາຍ	0.204975886867	0.157536183831	0.00202680705021	0.635461122252
-imc	0.302720179912	0.619721269	0.0476751895326	0.0298833615548
-วุย	0.392146681033	0.133457691198	0.405303117301	0.0690925104677
-rod	0.0	1.0	0.0	0.0
-iex	0.233265380495	0.349654965846	0.10900547631	0.308074177348
-iez	0.496069224103	0.123361808245	0.0799419889991	0.300626978653
-ຟີງ	0.15625	0.630681818182	0.159801136364	0.0532670454545
-ເລມ	0.00999100809272	0.959336597063	0.00284743730643	0.0278249575382
-คุม	0.031746031746	0.968253968254	0.0	0.0
-roj	0.446976336547	0.479404031551	0.0473269062226	0.0262927256792
-iev	0.493934462918	0.342538771928	0.0448253544164	0.118701410737
-จาน	0.124423963134	0.806451612903	0.0552995391705	0.0138248847926
-ดีย	0.0855612859881	0.858893038512	0.0441638508506	0.0113818246488
-໌ອຍ	0.187022900763	0.74427480916	0.0572519083969	0.0114503816794
-พอย	0.010152284264	0.964467005076	0.00507614213198	0.0203045685279
-เคม	0.0	1.0	0.0	0.0
-จาง	0.120457671382	0.433848944503	0.4095560827	0.0361373014147
-เคน	0.835369641748	0.139573410644	0.00600538413751	0.0190515634707
-ngc	0.232367089784	0.307039694527	0.110117377547	0.350475838142
-ເຫ່	0.0993835310847	0.0336537509421	0.824671853682	0.0422908642914
-ສ້ວ	0.378151260504	0.533613445378	0.0567226890756	0.031512605042
-ุ่ย	0.142427686329	0.794469699747	0.0190636800235	0.0440389339004
-จาย	0.0344827586207	0.965517241379	0.0	0.0
-ฮิด	0.499105260258	0.415017126218	0.0161401188539	0.0697374946707
-ສານ	0.388118811881	0.528712871287	0.0277227722772	0.0554455445545
-ແງະ	0.12685560054	0.828947368421	0.0161943319838	0.0280026990553
-ໂດນ	0.0	1.0	0.0	0.0
-ธีย	0.32210031348	0.626175548589	0.037617554859	0.0141065830721
-ສາດ	0.645161290323	0.0645161290323	0.0	0.290322580645
-ານໆ	0.0899470899471	0.539682539683	0.031746031746	0.338624338624
-โอก	0.0323846908734	0.942100098135	0.00588812561335	0.0196270853778
-ສາຍ	0.365714285714	0.569142857143	0.0445714285714	0.0205714285714
-ຕສິ	0.199805542052	0.506562955761	0.065143412737	0.228488089451
-ສ້ມ	0.896984924623	0.072864321608	0.0226130653266	0.00753768844223
-ສາງ	0.140378548896	0.799684542587	0.0425867507886	0.0173501577287
-ເຫມ	0.55900621118	0.248447204969	0.0683229813664	0.124223602484
-ไอ๊	0.077498495314	0.740678111834	0.162448769024	0.0193746238285
-ເຫບ	0.0971976016176	0.157620785981	0.745181612402	0.0
-zcn	0.237569060773	0.729281767956	0.0331491712707	0.0
-tih	0.38672985782	0.387677725119	0.0568720379146	0.168720379147
-ບາງ	0.621230932955	0.332210003547	0.017293366442	0.0292656970557
-ฟับ	0.10865529829	0.866121150322	0.0213430050212	0.00388054636749
--wi	0.08151502676	0.878962536023	0.0234664470976	0.0160559901194
-ฝู่	0.366197183099	0.37558685446	0.140845070423	0.117370892019
-ເຫງ	0.241758241758	0.226773226773	0.411588411589	0.11988011988
--we	0.0264626962342	0.973537303766	0.0	0.0
-ฟัด	0.210983742516	0.184137876189	0.0586905397576	0.546187841538
-ສາວ	0.0363636363636	0.381818181818	0.545454545455	0.0363636363636
-ຫລໍ	0.0882352941176	0.764705882353	0.0882352941176	0.0588235294117
-ບາດ	0.187898089172	0.799363057325	0.0063694267516	0.00636942675159
-oiv	0.349975776498	0.610405339936	0.0162028314583	0.0234160521074
-lem	0.00887863432585	0.95096306897	0.0025409249551	0.037617371749
-len	0.127224632314	0.423070574542	0.0457094487356	0.403995344408
-mun	0.332516693087	0.515203919873	0.106403420282	0.0458759667579
-oiz	0.102615694165	0.851106639839	0.0402414486921	0.00603621730382
-แดน	0.00886524822695	0.991134751773	0.0	0.0
-๋อง	0.076343731637	0.467806638445	0.05343540176	0.402414228158
-oic	0.233197182316	0.502560044275	0.104331892327	0.159910881083
-ฝาว	0.358938174606	0.0593081353217	0.031847133758	0.549906556314
-ຽບໆ	0.176155115512	0.118399339934	0.18399339934	0.521452145215
-oih	0.177002949074	0.293247632758	0.375598619018	0.154150799151
-ัดๆ	0.673469387755	0.224489795918	0.0408163265306	0.0612244897959
-ເດກ	0.133910901975	0.808625415952	0.034375595526	0.0230880865473
-ໄຕ໋	0.66056914438	0.323060816598	0.00251261064052	0.0138574283811
-ຊກໆ	0.415384615385	0.246153846154	0.276923076923	0.0615384615385
-dcn	0.00891265597148	0.991087344029	0.0	0.0
-ປ໋ງ	0.261311642095	0.595153363837	0.0528723945094	0.0906625995594
-​ໂທ	0.0328947368421	0.934210526316	0.00657894736842	0.0263157894737
-ຍຸຍ	0.424	0.048	0.472	0.056
-ອຸມ	0.0114678899083	0.961009174312	0.00229357798165	0.0252293577982
-ສ້ຍ	0.469671675014	0.423483583751	0.0801335559265	0.0267111853088
-ແປງ	0.185156326691	0.655541376264	0.0122705408854	0.14703175616
-ຜຽນ	0.512054001929	0.386692381871	0.0752169720347	0.0260366441659
-บาะ	0.382300884956	0.511504424779	0.0991150442477	0.00707964601768
-ທຈະ	0.116006524872	0.702738229099	0.078492469474	0.102762776555
-ທຈຳ	0.538043478261	0.308423913043	0.0353260869565	0.118206521739
-โถว	0.320267686424	0.206500956023	0.437380497132	0.0358508604206
-pen	0.036605657238	0.913477537438	0.0399334442596	0.00998336106491
-บาง	0.624609060852	0.328478241444	0.0174247162899	0.0294879814136
-pei	0.363081617086	0.23646071701	0.0996694635139	0.30078820239
-ແປະ	0.346206306685	0.404396464978	0.153274596453	0.0961226318853
-peu	0.642433696816	0.211216490772	0.112476562061	0.0338732503504
-ໂອ່	0.47885794711	0.173136848868	0.0202563427584	0.327748861264
-ຝັງ	0.0528386210749	0.829822397058	0.0823072088639	0.0350317730034
-บาด	0.193037974684	0.794303797468	0.00632911392406	0.00632911392404
-กวน	0.650793650794	0.175595238095	0.0595238095238	0.114087301587
-ໄພ້	0.169421487603	0.53305785124	0.0	0.297520661157
-ສິ໊	0.74358974359	0.193293885602	0.0236686390532	0.0394477317554
-esu	0.00389405141535	0.596678331206	0.00323018005446	0.396197437325
-itq	0.234277407529	0.644344872163	0.0322845795733	0.0890931407347
-ິ່ວ	0.231948178805	0.281587624023	0.107110204537	0.379353992635
-โคะ	0.410714285714	0.178571428571	0.0357142857143	0.375
-ິ່ມ	0.307844462636	0.627621135414	0.0448667746891	0.019667627261
-xnj	0.0	1.0	0.0	0.0
-itg	0.296782088768	0.50346594829	0.164271165281	0.0354807976609
-xng	0.716426134347	0.223559110943	0.0325079921344	0.0275067625753
-itc	0.308441134764	0.455675995441	0.19690906402	0.0389738057747
-xnb	0.263751910812	0.470093085156	0.179958536149	0.0861964678834
-faa	0.117827676829	0.860667960664	0.00835829938942	0.0131460631173
-gru	0.0984759671747	0.778429073857	0.123094958968	0.0
-โสน	0.0378698224852	0.947928994083	0.014201183432	0.0
-ິ່ນ	0.0244305867843	0.0223690674623	0.00205136992976	0.951148975824
-แอ๋	0.296296296296	0.444444444444	0.0246913580247	0.234567901235
-fav	0.0766199265692	0.739364434921	0.171359472702	0.0126561658083
-กวย	0.550682507583	0.21473710819	0.0925176946411	0.142062689585
-omh	0.0808405723531	0.140556171608	0.437751507881	0.340851748158
-ຮງະ	0.876802096986	0.0310179117519	0.0301441677589	0.0620358235037
-ຈ໊າ	0.0897936855268	0.271256642701	0.597530478275	0.041419193498
-หาย	0.204012506649	0.155891698301	0.00196801360129	0.638127781448
-ລຸນ	0.0326789233418	0.227929253873	0.707211814304	0.0321800084815
-ฑัด	0.196879643388	0.791976225854	0.010029717682	0.00111441307578
-ລຸດ	0.287925696594	0.647058823529	0.0526315789474	0.0123839009288
-ສ້ນ	0.093352192362	0.74540311174	0.0509193776521	0.110325318246
-'ki	0.032691184421	0.951842018649	0.00246062678438	0.013006170146
-กว๋	0.245656706046	0.567407922168	0.160528144545	0.0264072272411
-กว๊	0.0350584307179	0.109515859766	0.85041736227	0.00500834724541
-กว้	0.298616761595	0.445077298617	0.183075671277	0.073230268511
-ລຸຍ	0.0500070252526	0.913589393146	0.0203093665777	0.0160942150238
-หาะ	0.112702570486	0.809272573024	0.0208066283973	0.0572182280926
-ฑัง	0.0673383365888	0.357972653439	0.488331448545	0.086357561427
-ລຸກ	0.0	1.0	0.0	0.0
-ช้ว	0.342857142857	0.447619047619	0.190476190476	0.0190476190476
-aen	0.0264423076923	0.962740384615	0.00480769230769	0.00600961538461
-กีก	0.0802398629355	0.439177612793	0.464306110794	0.016276413478
-ີ່ຍ	0.0302901761353	0.0640222115452	0.0194178971429	0.886269715177
-ต้ง	0.12710480519	0.0329836380474	0.0343631229094	0.805548433853
-กีง	0.164206052347	0.349880989968	0.356088885021	0.129824072664
-ກູ໋	0.239436619718	0.704225352113	0.0281690140845	0.0281690140845
-utv	0.366279546526	0.173404538838	0.179918612518	0.280397302118
-ธ่ง	0.419939577039	0.29003021148	0.0181268882175	0.271903323263
-ມອນ	0.00336700336701	0.993265993266	0.0	0.00336700336701
-ຫັບ	0.056338028169	0.943661971831	0.0	0.0
-ว์ๆ	0.565610859728	0.285067873303	0.0610859728507	0.0882352941177
-เซน	0.0375195414278	0.953100573215	0.0	0.00937988535695
-ฑวย	0.547368421053	0.410526315789	0.0421052631579	0.0
-๊าะ	0.34453053109	0.335865951317	0.262435777354	0.0571677402393
-ມອດ	0.0575539568345	0.942446043166	0.0	0.0
-ຊອດ	0.735337243402	0.200146627566	0.0520527859238	0.0124633431085
-ຫັດ	0.587755288946	0.288130781207	0.0266507921971	0.0974631376499
-ອາະ	0.532551319648	0.35366568915	0.033724340176	0.0800586510264
-ຟິມ	0.156157776024	0.528273515096	0.15523306307	0.16033564581
-kru	0.359746434231	0.557844690967	0.0475435816164	0.0348652931855
-ີ່ງ	0.365325681611	0.189846317859	0.0176529074909	0.42717509304
-๊าย	0.118055555556	0.840277777778	0.0291666666667	0.0125
-๊าม	0.452966714906	0.323203087313	0.129040038591	0.0947901591896
-๊าว	0.243396213677	0.461599361265	0.178602239388	0.11640218567
-ຊອງ	0.0	0.984848484848	0.0151515151515	0.0
-๊าบ	0.638508496948	0.246823956443	0.0412473189243	0.0734202276852
-๊าน	0.393566619566	0.226913806001	0.0498711661541	0.329648408279
-eau	0.754423592493	0.158713136729	0.0418230563003	0.0450402144773
-rnq	0.43320529236	0.306855426441	0.168096054888	0.0918432263104
-​ຟາ	0.119734850146	0.860097608782	0.00682838004812	0.0133391610242
-๊าด	0.450462189372	0.48732127632	0.0444256051287	0.0177909291784
-rng	0.360131279342	0.381069382717	0.127693453052	0.131105884889
-ฑวน	0.444709280306	0.105823446859	0.0171172204244	0.43235005241
-rnd	0.0168305643048	0.923060277464	0.00360654949388	0.0565026087374
-ອາດ	0.0222634508349	0.977736549165	0.0	0.0
-rnb	0.137545368918	0.724639187107	0.075543851989	0.0622715919868
-เซย	0.128261611306	0.847644815841	0.00921841048265	0.0148751623697
-rnj	0.384019376915	0.282458506256	0.034984590116	0.298537526713
-พุย	0.160640831349	0.589305044382	0.213682615285	0.0363715089846
-ุ้น	0.335029880361	0.260299625468	0.112594366759	0.292076127411
-ดาว	0.046875	0.578125	0.15625	0.21875
-ดาม	0.701532038618	0.212547060797	0.0430536399896	0.0428672605957
--ฒุ	0.524802068186	0.37566650509	0.0271449345613	0.0723864921635
-ดาะ	0.57399577167	0.340380549683	0.0364693446089	0.049154334038
-ญ่ย	0.0714106299336	0.367804667851	0.33382432709	0.226960375126
-คู่	0.247158049138	0.47194719472	0.255225522552	0.02566923359
-คู้	0.0399578179464	0.231676336168	0.686895447575	0.0414703983101
-ພໍ້	0.434699103713	0.411651728553	0.0454545454545	0.108194622279
-ว์ย	0.71824034544	0.191059843763	0.0321118509414	0.0585879598557
-ຮາບ	0.441509433962	0.0452830188679	0.51320754717	0.0
-ดาด	0.0649000317359	0.909076483656	0.00380831482069	0.0222151697874
-ว์า	0.0870817595666	0.770611575293	0.124566021899	0.0177406432414
-ุ้ย	0.529088025543	0.332461585321	0.0630809465293	0.0753694426064
-ดาน	0.0430955309605	0.895187412355	0.0159613077631	0.045755748921
-າວໆ	0.42576419214	0.235807860262	0.314410480349	0.0240174672489
-นี่	0.522988505747	0.344827586207	0.0402298850574	0.0919540229886
-ຢ່າ	0.0136527725607	0.0033833875372	0.000545532854371	0.982418307048
-ກ່ງ	0.0787401574803	0.0314960629921	0.606299212598	0.283464566929
-i^o	0.0702028081123	0.892355694228	0.0280811232449	0.00936037441497
-ສິນ	0.0398221144128	0.0600363856883	0.0131392763291	0.88700222357
-ิ๊ว	0.118017355598	0.785192571557	0.0795231040402	0.0172669688055
-ิ๊ม	0.388796106313	0.410793529608	0.132270840292	0.0681395237868
-มาน	0.567223617003	0.408114486606	0.0149732942376	0.00968860215376
-เสย	0.514742456879	0.375031558365	0.0392129477931	0.0710130369622
-ิ๊น	0.81863314672	0.0794581989259	0.0429833185722	0.0589253357818
-ิ๊ด	0.376926992365	0.443925197575	0.0974564086723	0.0816914013871
-พ้อ	0.438821268418	0.40935297886	0.0454836643177	0.106342088405
-໌າຍ	0.911691988675	0.081030426287	0.00269170953463	0.00458587550345
--ti	0.0344827586207	0.931034482759	0.0	0.0344827586207
--to	0.0330396475771	0.933920704846	0.00881057268722	0.0242290748899
-hxb	0.0948373891289	0.473049806686	0.366158744599	0.065954059586
-໌າງ	0.0762826442752	0.852060058351	0.00725823667545	0.0643990606987
-hxg	0.287414848964	0.631115392555	0.0517443060621	0.0297254524187
--te	0.0213085537226	0.927098029122	0.00560408446528	0.0459893326904
-່ອງ	0.294381300463	0.353862892179	0.24531450265	0.106441304709
-ฒุด	0.421875	0.15625	0.421875	0.0
-ฒุน	0.34004759685	0.584386270517	0.0755661326333	0.0
-ບິມ	0.333333333333	0.622222222222	0.0222222222222	0.0222222222222
-จ่ม	0.0446775888015	0.256480876799	0.682231182032	0.0166103523666
-แงะ	0.124579124579	0.831313131313	0.0161616161616	0.0279461279461
-นีง	0.443552433517	0.556447566483	0.0	0.0
-ລໍ່	0.273788116908	0.651949093212	0.0447366204097	0.0295261694705
-ກໍ໋	0.0634273621854	0.833388899027	0.003860353468	0.0993233853194
-ອູ໊	0.559160305344	0.37213740458	0.0687022900763	0.0
-เทน	0.0283687943262	0.971631205674	0.0	0.0
-່ອນ	0.734786317899	0.206156890098	0.0282445526973	0.0308122393062
-ຮີ່	0.413793103448	0.540229885058	0.0459770114943	0.0
-pxq	0.476298701299	0.383441558442	0.0246753246753	0.115584415584
-เอ๊	0.452107279694	0.340996168582	0.183908045977	0.0229885057471
-x'b	0.40727595386	0.342502218279	0.0585625554569	0.191659272405
-นีย	0.023978873678	0.915108558901	0.0489542719765	0.0119582954446
-x'g	0.263015447237	0.389785738841	0.0789269513815	0.268271862541
-pxj	0.140845070423	0.845070422535	0.0140845070422	0.0
-pxi	0.0152284263959	0.954314720812	0.010152284264	0.0203045685279
-x'q	0.61470479191	0.139491022848	0.0805840948779	0.165220090364
-ย่า	0.0135283490397	0.00333435074201	0.000614269909793	0.982523030308
-ແບນ	0.0663900414937	0.912863070539	0.00829875518671	0.0124481327801
-ญัง	0.0185888996222	0.956556279535	0.0112786581977	0.0135761626454
-​อา	0.0458015267176	0.940839694656	0.0	0.013358778626
-ย่ว	0.308154789221	0.515473060215	0.14710545839	0.0292666921742
-ซ้บ	0.0478212290503	0.919106145251	0.00491620111732	0.028156424581
-ย่อ	0.0109289617486	0.956284153005	0.0327868852459	0.0
-ญัด	0.290849673203	0.660130718954	0.0490196078432	0.0
-ล่ะ	0.536940081443	0.229203025015	0.116055846422	0.11780104712
-ລີ້	0.395121951219	0.0487804878049	0.556097560976	0.0
-ັບໆ	0.0674955595027	0.90053285968	0.0213143872114	0.0106571936057
-ແບະ	0.131267835304	0.810843864656	0.0358744394619	0.0220138605789
-ໝັດ	0.0514018691589	0.948598130841	0.0	0.0
-ປົາ	0.199516324063	0.800483675937	0.0	0.0
-ซ้ก	0.30536779324	0.273558648111	0.40675944334	0.0143141153081
-ซ้ง	0.0623472299594	0.784501870189	0.0164849532168	0.136665946634
-โท้	0.681351783111	0.124029790283	0.007606501341	0.187011925266
-ສິບ	0.252383319026	0.695432160123	0.0275154746306	0.0246690462206
-ສິດ	0.384800044038	0.286608730616	0.288047159402	0.0405440659428
-ม์า	0.0379717923828	0.903214754754	0.0216981670759	0.0371152857877
-ຢ້ວ	0.300992012341	0.525487381245	0.149117068079	0.024403538335
-คิม	0.0	1.0	0.0	0.0
-ລວດ	0.697674418605	0.208500400962	0.0938251804331	0.0
-คิว	0.04	0.96	0.0	0.0
-ົ່ນ	0.0382165605096	0.299363057325	0.0764331210191	0.585987261146
-ซ้ด	0.208499687436	0.399337448683	0.101815583408	0.290347280474
-ม์ว	0.206816292602	0.265336658354	0.0724854530341	0.45536159601
-ລວນ	0.379565348627	0.30297313613	0.190159975853	0.12730153939
--ไซ	0.0115606936416	0.94894026975	0.014450867052	0.0250481695569
-ซ้ว	0.851802244079	0.120728502755	0.00544844690886	0.0220208062566
-คิด	0.0	1.0	0.0	0.0
-ກ໌າ	0.076867616882	0.607975153902	0.269036659087	0.0461205701292
--ไบ	0.308034473172	0.311648596052	0.380316930776	0.0
--ไฝ	0.103267583027	0.496054194828	0.36432803292	0.0363501892255
-ສິວ	0.286637244643	0.408981300332	0.288002183903	0.0163792711224
-ພຽນ	0.305367057372	0.217149907465	0.0592227020358	0.418260333128
-ກວ໋	0.244636678201	0.567128027682	0.161937716263	0.0262975778546
-หับ	0.056338028169	0.943661971831	0.0	0.0
-ก๊ว	0.127685467113	0.60603372706	0.166024579151	0.100256226676
-ຈ໋າ	0.230386427103	0.550324808202	0.067167480647	0.152121284047
-ລົດ	0.0256319395228	0.916489487361	0.0485471296952	0.00933144342074
-'li	0.0567437800087	0.530336097774	0.412920122217	0.0
-ລົນ	0.0517563521431	0.82332899255	0.019303720529	0.105610934778
-หัด	0.590878142161	0.286742889466	0.0263052455985	0.0960737227749
-ຈ໋ວ	0.55001640853	0.375410426747	0.0165683539915	0.0580048107315
-ຫຍຍ	0.192366714987	0.679719335357	0.104116005534	0.023797944122
-ລົງ	0.205185022015	0.145592932167	0.454423148971	0.194798896846
-ຮ່ນ	0.348214285714	0.355229591837	0.225765306123	0.0707908163265
-ธ้ย	0.637614678899	0.237003058104	0.0948012232416	0.0305810397553
-ธ้ว	0.761904761905	0.206349206349	0.0	0.031746031746
-ธ้น	0.093352192362	0.74540311174	0.0509193776521	0.110325318246
-ສ່ຍ	0.20509019142	0.267136837478	0.00383494759684	0.523938023505
-ໂກ໋	0.172717787973	0.5578315284	0.0855251468169	0.18392553681
-ໂກ້	0.590909090909	0.287878787879	0.0606060606061	0.0606060606061
-ໂກໆ	0.294022617124	0.129240710824	0.441033925687	0.135702746365
-ີ໌ຍ	0.27750549173	0.305238728894	0.0447283987703	0.372527380606
-ສ່ງ	0.200267276813	0.167366024783	0.286594495948	0.345772202456
-ສ່ນ	0.220436280138	0.438576349024	0.313432835821	0.0275545350172
-ລົວ	0.914985958642	0.0418687771254	0.00153178452898	0.0416134797038
-ຈ໋ຍ	0.337659295624	0.0344247984169	0.0450699353911	0.582845970568
-หัว	0.276595744681	0.677304964539	0.0354609929078	0.0106382978724
-yum	0.0391676866585	0.919216646267	0.0367197062423	0.00489596083231
-ຍົມ	0.8421875	0.1578125	0.0	0.0
-ຫຍໍ	0.150611175786	0.788307625145	0.0567156577415	0.00436554132713
-mru	0.111111111111	0.574074074074	0.314814814815	0.0
-ບ໋ງ	0.725121359223	0.185072815534	0.0109223300971	0.0788834951456
-yuq	0.744680851064	0.212765957447	0.0	0.0425531914894
-ຍົາ	0.726500214828	0.180598653745	0.0721821740583	0.0207189573686
-ธิน	0.0167157151266	0.0563861094761	0.00824014125956	0.918658034138
-โตะ	0.539815095883	0.263607148042	0.0883441776981	0.108233578376
-oix	0.209646216277	0.0312824738557	0.00865099020762	0.750420319659
-ก๊ะ	0.578538102644	0.377916018662	0.0435458786936	0.0
-ธิด	0.601094455107	0.279086052181	0.0599097463561	0.0599097463561
-ທິບ	0.669050715215	0.208062418726	0.0409622886866	0.0819245773732
-ໂກກ	0.0504201680672	0.915966386555	0.0336134453782	0.0
-ຢໍ໊	0.0	0.981818181818	0.0181818181818	0.0
-​ไท	0.0333521334519	0.793726545044	0.133855940476	0.0390653810278
-າຍໆ	0.523977433004	0.327926657264	0.0719322990127	0.0761636107193
-ແຄະ	0.188721707819	0.720186042524	0.0662294238683	0.0248628257887
-ບ໋ວ	0.245742092457	0.622871046229	0.131386861314	0.0
-ໄກວ	0.0602012664786	0.269472574859	0.591338681368	0.0789874772946
-ฒ่ม	0.896984924623	0.072864321608	0.0226130653266	0.00753768844223
-ว๋ง	0.440625	0.3625	0.1125	0.084375
-ฒ่ย	0.13753452105	0.155952978753	0.0319341151255	0.674578385072
-ฒ่ว	0.124137931034	0.751724137931	0.0931034482759	0.0310344827586
-ฒ่อ	0.828420417467	0.0943101059313	0.067156840835	0.0101126357663
-ฒ่า	0.65579740303	0.211857000167	0.0424504744465	0.0898951223573
-ว๋น	0.453543307087	0.258267716535	0.222047244094	0.0661417322834
-ulo	0.0479338386489	0.844621754009	0.00198343455545	0.105460972787
-epg	0.283343693602	0.181951343061	0.0684603063385	0.466244656998
-epc	0.280914446077	0.181782241684	0.061086598093	0.476216714147
-ฒ่ง	0.244592540629	0.5823687595	0.0986788261429	0.0743598737286
-ว๋ย	0.644363120172	0.269695950243	0.0555708266494	0.0303701029363
-ທິດ	0.288372093023	0.66511627907	0.0279069767442	0.0186046511628
-มีย	0.0754716981132	0.924528301887	0.0	0.0
-เบน	0.0	1.0	0.0	0.0
-ธีง	0.40422766203	0.170552147239	0.0504970742473	0.374723116484
-epq	0.133687692238	0.606404954401	0.0570451600618	0.202862193299
-ไหธ	0.523002421308	0.382566585956	0.094430992736	0.0
-ไหน	0.0367346938775	0.0612244897959	0.889795918367	0.0122448979592
-เบด	0.082962962963	0.899259259259	0.00592592592593	0.0118518518518
-ไฝๆ	0.424242424242	0.414141414141	0.030303030303	0.131313131313
-win	0.493814373669	0.244663099143	0.127932178683	0.133590348505
-iuz	0.27526694856	0.02741651093	0.143024807711	0.5542917328
-wij	0.312586088164	0.167219419112	0.408105294972	0.112089197751
-iuq	0.83139679019	0.105193900823	0.0297189850005	0.0336903239865
-xiq	0.367055989845	0.603134476529	0.00992746979717	0.0198820638287
