-unɨ	0.434594234109	0.198425564432	0.0811876345954	0.285792566864
-ɨma	0.0913981500388	0.0470066979354	0.0091648140571	0.852430337969
-rbu	0.502352750284	0.256530910271	0.0804802855752	0.16063605387
-ɨmo	0.21164021164	0.57671957672	0.0999412110523	0.111699000588
-ɨmi	0.371660555264	0.524620220011	0.0518596123625	0.0518596123625
-hel	0.117032392894	0.882967607106	0.0	0.0
-hem	0.0242879222786	0.939500993597	0.0	0.0362110841245
-gir	0.425863817175	0.417986116527	0.156150066298	0.0
-nkɨ	0.141529977765	0.243431886277	0.0616529660195	0.553385169938
-lem	0.00734580584302	0.986582384161	0.00346960571184	0.00260220428388
-aur	0.0975164814878	0.107888766354	0.0612134844562	0.733381267702
-auu	0.543332252975	0.189694097905	0.0524791346394	0.214494514481
-dkɨ	0.466148723641	0.361820199778	0.110987791343	0.0610432852386
-asu	0.182078876144	0.676601366155	0.0467521587834	0.0945675989174
-aua	0.1556320792	0.411442313024	0.0264336204372	0.406491987339
-nsi	0.291146515136	0.167944614177	0.0686891720928	0.472219698595
-aui	0.0912250217203	0.708948740226	0.199826238054	0.0
-nsa	0.516782773908	0.330826472451	0.102517416086	0.0498733375554
-inɨ	0.517536922628	0.0527955142954	0.0134693902363	0.41619817284
-uae	0.60876370282	0.24417182032	0.0779287346572	0.0691357422024
-nak	0.411886662059	0.522460262612	0.0	0.0656530753283
-uai	0.523465282952	0.302757431562	0.0787428324855	0.0950344529999
-uam	0.446965606042	0.263895647257	0.0611902119008	0.227948534801
-nah	0.148514851485	0.490099009901	0.361386138614	0.0
-uan	0.141452118264	0.700425475243	0.0661475564964	0.0919748499971
-pud	0.0640903368558	0.87334528669	0.0106817228093	0.0518826536451
-uap	0.536004331348	0.175961017867	0.00649702219816	0.281537628587
-pug	0.0424416401188	0.776894621538	0.148545740416	0.0321179979277
-pua	0.0881203363733	0.867108847566	0.0152789292906	0.0294918867701
-kig	0.336956521739	0.440217391304	0.173913043478	0.0489130434783
-war	0.273732531932	0.256024358504	0.054438406921	0.415804702643
-iva	0.183488456425	0.760667230751	0.01595551795	0.0398887948749
-pri	0.354297497422	0.616177711126	0.0253069641016	0.00421782735027
-gɨu	0.751459333469	0.126425220852	0.043216180451	0.0788992652271
-nmi	0.243462807819	0.520690530592	0.126681898959	0.10916476263
-gɨm	0.413309503515	0.337270916237	0.0848628199719	0.164556760276
-gɨn	0.444202821039	0.285799492857	0.0644027712878	0.205594914817
-opo	0.683098591549	0.316901408451	0.0	0.0
-opi	0.42636457611	0.119215175592	0.0536906313154	0.400729616982
-gɨd	0.0	1.0	0.0	0.0
-gɨe	0.20564516129	0.274193548387	0.520161290323	0.0
-tkɨ	0.277286135693	0.0442477876107	0.625368731563	0.0530973451327
-opa	0.161440434374	0.697138530189	0.0171956633499	0.124225372087
-smi	0.012205850011	0.914928524302	0.066729711898	0.00613591378931
-ɨto	0.440034512511	0.387402933563	0.0	0.172562553926
-sip	0.0819912152269	0.878477306003	0.0	0.0395314787701
-imu	0.0399316349493	0.016293197495	0.00283249802511	0.940942669531
-ɨti	0.80517878384	0.0830819569536	0.0293705271048	0.0823687321012
-msi	0.455172601596	0.279548322093	0.104523133062	0.16075594325
-ekɨ	0.19245715842	0.405089779938	0.209141050172	0.193312011471
-ɨta	0.559646359453	0.220257774615	0.0728888906657	0.147206975266
-400	0.271038251366	0.249180327869	0.0	0.479781420765
-ima	0.451708099875	0.172781918077	0.0675896208454	0.307920361203
-oko	0.365527360608	0.234766097014	0.111988606939	0.287717935439
-mkɨ	0.299258840705	0.305473518779	0.137224742966	0.25804289755
-oki	0.488437057048	0.243470159345	0.0842703697672	0.183822413839
-nad	0.0	0.485286741348	0.252048152483	0.262665106169
-msu	0.511961722488	0.358851674641	0.129186602871	0.0
-imi	0.116465863454	0.852472389558	0.00909889558232	0.0219628514056
-nɨt	0.549788235294	0.219058823529	0.118352941176	0.1128
-oka	0.264439349335	0.408821173076	0.109098576245	0.217640901344
-ɨui	0.257641470467	0.603211482858	0.0813197026022	0.0578273440727
-ido	0.348914858097	0.355137350129	0.0455304295037	0.25041736227
-kɨb	0.137404580153	0.862595419847	0.0	0.0
-kɨd	0.321885913853	0.598370197904	0.058789289872	0.0209545983702
-kɨg	0.85579438973	0.0369859079167	0.00862907670954	0.0985906256433
-kɨi	0.610452555975	0.220336202886	0.049931260748	0.11927998039
-oba	0.249541284404	0.743119266055	0.0	0.00733944954128
-kɨm	0.306250148833	0.255965008504	0.131587778749	0.306197063914
-kɨn	0.362068992925	0.262540565193	0.0805000208542	0.294890421027
-ida	0.165208553267	0.661289054603	0.0960670245502	0.0774353675794
-kɨp	0.143541582061	0.639667927871	0.132373587118	0.084416902951
-big	0.217774372725	0.655621528443	0.0863819191724	0.040222179659
-bid	0.118833912006	0.664179986886	0.049726429393	0.167259671715
-kɨt	0.308641975308	0.0987654320988	0.592592592593	0.0
-kɨu	0.349806888787	0.453729797804	0.113121788791	0.0833415246182
-bia	0.188774877351	0.706775536042	0.0	0.104449586607
-bin	0.38183378279	0.359769551361	0.154613058756	0.103783607093
-ɨni	0.417827148942	0.0924795098749	0.0232503598954	0.466442981288
-obu	0.773109243698	0.201680672269	0.0	0.0252100840336
-rig	0.159309021113	0.134357005758	0.0	0.706333973129
-rid	0.0973395328363	0.781021817481	0.0802707238562	0.0413679258261
-uta	0.0	1.0	0.0	0.0
-tet	0.00655737704917	0.993442622951	0.0	0.0
-ria	0.0103364723097	0.96237926799	0.0165115077154	0.0107727519851
-rin	0.120179508633	0.823001445197	0.0332395223245	0.0235795238458
-ril	0.0	0.8	0.2	0.0
-rik	0.0375791738643	0.661029790587	0.291390126375	0.0100009091736
-rii	0.255594369244	0.271840486332	0.0820449159683	0.390520228456
-bɨi	0.106690834831	0.171319565923	0.287382160412	0.434607438834
-rit	0.0	0.912727272727	0.0218181818182	0.0654545454546
-gra	0.111917725348	0.820024198427	0.00907441016333	0.0589836660617
-rir	0.162790697674	0.418604651163	0.0232558139535	0.395348837209
-ris	0.0623032821579	0.901686097964	0.0171334025934	0.0188772172842
-nas	0.0230664857531	0.957485300769	0.00949796472187	0.00995024875621
-par	0.386126140304	0.347486310923	0.056724878033	0.20966267074
-ten	0.332129963899	0.667870036101	0.0	0.0
-dsi	0.405599866139	0.286519047353	0.287801885214	0.020079201294
-ara	0.0659714489154	0.0477734664873	0.0102284937666	0.876026590831
-mes	0.17880794702	0.791390728477	0.0198675496689	0.00993377483443
-rao	0.297408906313	0.427060402384	0.161236154255	0.114294537047
-bɨm	0.10362102929	0.507080615789	0.361411481069	0.0278868738511
-aro	0.92	0.0266666666667	0.0	0.0533333333333
-ari	0.394897318651	0.196273172232	0.0738066607608	0.335022848356
-aru	0.107142857143	0.191854779562	0.0512386928531	0.649763670443
-luk	0.0	0.979797979798	0.0	0.020202020202
-pgu	0.439024390244	0.396341463415	0.0182926829268	0.146341463415
-men	0.0670391061453	0.832402234637	0.0335195530726	0.0670391061453
-ugɨ	0.325081815375	0.424414942884	0.154288360605	0.0962148811362
-ɨii	0.510919875774	0.275793625706	0.0886789913257	0.124607507194
-eko	0.325490196078	0.359590792839	0.11031543052	0.204603580563
-mou	0.0801733477789	0.540628385699	0.0639219934995	0.315276273023
-nwo	0.392052171733	0.0862754660394	0.0424262112438	0.479246150984
-tyu	0.00785340314136	0.992146596859	0.0	0.0
-gol	0.00378024193548	0.666708669355	0.32951108871	0.0
-aɨn	0.313222453357	0.494847995652	0.108216355066	0.083713195925
-aɨm	0.418213355463	0.376091726481	0.0770810352145	0.128613882842
-aɨe	0.618320610687	0.206106870229	0.0381679389313	0.137404580153
-dgɨ	0.222570252372	0.513871487382	0.147216753177	0.11634150707
-aɨr	0.267819529418	0.567342365822	0.07182700025	0.09301110451
-aɨs	0.145569620253	0.664556962025	0.189873417721	0.0
-aɨu	0.65046728972	0.0990654205608	0.205607476636	0.0448598130841
-umu	0.602150537635	0.376344086021	0.0215053763441	0.0
-ota	0.0	1.0	0.0	0.0
-uɨu	0.664902151354	0.233121676143	0.026172425389	0.0758037471133
-ija	0.00426985482494	0.994022203245	0.0	0.00170794192997
-oan	0.438434462316	0.438216511922	0.0377599058454	0.0855891199163
-nhu	0.243093922652	0.635359116022	0.0552486187845	0.0662983425415
-oti	0.0111268939394	0.915956439394	0.00852272727273	0.064393939394
-iga	0.149970769985	0.511741472177	0.143047869939	0.195239887899
-yɨe	0.147108436131	0.274746670398	0.202774403617	0.375370489854
-nda	0.152598358187	0.276535742648	0.0547168381707	0.516149060995
-uma	0.33180778032	0.366132723112	0.00686498855837	0.295194508009
-saɨ	0.571665285833	0.20463960232	0.0745650372825	0.149130074565
-umi	0.274520441775	0.618058515792	0.00651036620809	0.100910676226
-ako	0.382619439868	0.551482701812	0.0576606260296	0.00823723228995
-two	0.461534119772	0.310597569727	0.0599908078601	0.167877502641
ALL	0.228541586721	0.266776471791	0.0508120722836	0.453869869205
-nai	0.390588626538	0.504378671988	0.00775967187675	0.0972730295976
-nan	0.156591561636	0.206203636804	0.09394368991	0.54326111165
-nao	0.318555603354	0.43460027988	0.0808790791416	0.165965037625
-aki	0.513007685552	0.289877448108	0.0536765239782	0.143438342362
-nam	0.431051429992	0.242394602087	0.0587154478057	0.267838520116
-sis	0.00176015757601	0.990905852524	0.00293359596002	0.00440039394004
-kii	0.501089640684	0.273946292609	0.0723025653031	0.152661501404
-naa	0.764219737482	0.16577540107	0.0700048614486	0.0
-nag	0.255292652553	0.483188044832	0.242839352428	0.0186799501868
-aka	0.116840426527	0.262554460897	0.0499105097592	0.570694602816
-nae	0.345225012368	0.378919083545	0.0724375665906	0.203418337497
-kis	0.206890880684	0.719924348327	0.0189129183456	0.0542718526437
-sii	0.479269111123	0.206798161381	0.122025857157	0.191906870339
-uɨm	0.258749577321	0.55215396209	0.0616532610209	0.127443199568
-sin	0.152773248376	0.764255073627	0.0513634197125	0.0316082582846
-sil	0.302921407458	0.634014252743	0.0481839899583	0.0148803498401
-nar	0.219690167546	0.220920581448	0.104791259831	0.454597991175
-sib	0.029725043349	0.960105138579	0.00218809346875	0.00798172460298
-nap	0.450466641649	0.242814824771	0.0418380679435	0.264880465637
-igi	0.524616317068	0.255193087579	0.0677906025279	0.152399992825
-nau	0.218777075209	0.485294877924	0.0446055554312	0.251322491436
-ipɨ	0.116585001133	0.0753894654016	0.0864564652022	0.721569068264
-mos	0.0	0.980830670927	0.0191693290735	0.0
-mor	0.0285855225979	0.832395517214	0.0918957687891	0.0471231913986
-ɨpu	0.266880513232	0.580433039294	0.056134723336	0.0965517241378
-gon	0.0	1.0	0.0	0.0
-ɨpa	0.153457319004	0.245744339269	0.0808316967914	0.519966644936
-mob	0.0109271244852	0.955450954022	0.021013700933	0.0126082205598
-ɨko	0.242496475714	0.334076637191	0.00538254517494	0.41804434192
-mon	0.0412202786097	0.943944176925	0.00394362574398	0.0108919187215
-ɨpi	0.237124517931	0.0957953933579	0.0363913617613	0.63068872695
-mok	0.224086035801	0.522640903199	0.157749537432	0.0955235235679
-mom	0.140431711385	0.507825091435	0.0575263280134	0.294216869166
-yau	0.0887890378465	0.551351530953	0.0503073930512	0.30955203815
-ami	0.510961822972	0.244564938227	0.0940075852529	0.150465653548
-tɨr	0.378675885878	0.0672254216465	0.0338271007758	0.5202715917
-yas	0.296706443914	0.361145584726	0.0	0.34214797136
-yar	0.274283920281	0.136677834323	0.0855934003723	0.503444845024
-gou	0.136624820436	0.69286740366	0.0393479482855	0.131159827619
-bii	0.216346153846	0.649725274725	0.0789835164835	0.0549450549451
-bet	0.0407793384686	0.936565473493	0.00226551880381	0.0203896692342
-yae	0.365925567417	0.467620536704	0.106810452383	0.0596434434959
-tɨd	0.182362547632	0.239520958084	0.545454545455	0.0326619488296
-tɨb	0.268749384054	0.336552675668	0.257218882428	0.13747905785
-bel	0.020022246941	0.979977753059	0.0	0.0
-yab	0.288335517693	0.446920052425	0.0851900393185	0.179554390563
-tɨo	0.360697668859	0.462933625405	0.0747047712045	0.101663934531
-tɨn	0.569560758912	0.308920216086	0.0184762001646	0.103042824837
-tɨm	0.593750967586	0.218244187214	0.0271909190962	0.160813926104
-yan	0.0888383683499	0.688340869201	0.124831352279	0.0979894101696
-yai	0.148971115017	0.244772699595	0.0223014144666	0.583954770922
-yak	0.843230403801	0.0950118764846	0.0617577197149	0.0
-iso	0.164130110415	0.819158460161	0.0	0.016711429424
-nab	0.600403632694	0.323915237134	0.0151362260343	0.0605449041372
-ɨhɨ	0.173638500432	0.0960311505451	0.0297116709345	0.700618678089
-ɨɨn	0.303066039217	0.176395032794	0.0302951432906	0.490243784698
-rel	0.0214304802313	0.868269138465	0.0772768588001	0.0330235225033
-rem	0.0	1.0	0.0	0.0
-ɨɨg	0.578873239437	0.191373239437	0.081866197183	0.147887323944
-isa	0.0985846577627	0.862543266704	0.0145883546873	0.0242837208459
-res	0.0	1.0	0.0	0.0
-isu	0.108895036983	0.760076788437	0.0184969792784	0.112531195302
-ist	0.564885496183	0.343511450382	0.091603053435	0.0
-wkɨ	0.274368231047	0.541516245487	0.086642599278	0.0974729241878
-ret	0.0481187228302	0.94288712337	0.0	0.00899415380003
-yap	0.635372501514	0.187764990915	0.0290732889158	0.147789218655
-hab	0.0722492888263	0.649074882844	0.27867582833	0.0
-bwo	0.0663665068413	0.826628464507	0.0982341246638	0.00877090398785
-hae	0.259933774834	0.520695364238	0.00745033112582	0.211920529801
-hai	0.455372668378	0.105198213165	0.0701837263017	0.369245392156
-mas	0.0410351808284	0.907944411008	0.0151830169065	0.0358373912568
-mar	0.25094761849	0.253170718009	0.100174154307	0.395707509194
-mau	0.188296731036	0.64383756153	0.0640540199419	0.103811687492
-ham	0.0242577268902	0.950909560594	0.0199578343875	0.00487487812805
-han	0.582887700535	0.192513368984	0.160427807487	0.0641711229947
-hao	0.00802016498625	0.943858845096	0.0481209899176	0.0
-mai	0.319522787055	0.471839718914	0.135567401436	0.0730700925949
-dwo	0.390188862095	0.1456888749	0.051915479603	0.412206783402
-mak	0.0481012240559	0.88443346169	0.0211150983543	0.0463502158997
-uar	0.271340398276	0.440782578316	0.124606964015	0.163270059392
-mam	0.513855560905	0.307616754935	0.0659749638902	0.11255272027
-hau	0.240735448223	0.668762503572	0.0562065352006	0.0342955130037
-mao	0.497950781191	0.390590181277	0.0590431658278	0.0524158717044
-man	0.188237609027	0.679920481018	0.0768719931006	0.0549699168541
-mab	0.146502835539	0.853497164461	0.0	0.0
-mae	0.177997620806	0.0660828620302	0.0241466974255	0.731772819738
-mti	0.25	0.653846153846	0.0961538461538	0.0
-lva	0.0	0.940617577197	0.0296912114014	0.0296912114014
-uno	0.329305135952	0.631419939577	0.0392749244713	0.0
-uni	0.437897806422	0.367059527476	0.0883636622797	0.106679003822
-hii	0.106166595174	0.679815030428	0.0556110736626	0.158407300736
-ɨmɨ	0.351955307263	0.497206703911	0.0502793296089	0.100558659218
-una	0.639180321309	0.211237146551	0.064450726589	0.0851318055504
-nka	0.38065608623	0.297507941802	0.0568540605438	0.264981911424
-pta	0.0	1.0	0.0	0.0
-nko	0.543828707571	0.282279773508	0.0770444630093	0.0968470559114
-nki	0.677485724447	0.0719070016917	0.0153437138855	0.235263559975
-ɨbi	0.134255202435	0.286037478766	0.356310305776	0.223397013024
-gae	0.100072837825	0.777781296513	0.048833011369	0.0733128542927
-dka	0.452830188679	0.283018867925	0.22641509434	0.0377358490566
-tra	0.0	1.0	0.0	0.0
-yɨt	0.882964278254	0.0402653018592	0.00731146856068	0.0694589513265
-ɨbo	0.775510204082	0.224489795918	0.0	0.0
-ada	0.300228310502	0.666952054795	0.0299657534246	0.00285388127854
-ɨba	0.212601980913	0.443161634103	0.215582382515	0.128654002469
-gan	0.200563820569	0.457727620831	0.0900658705782	0.251642688021
-gam	0.626423359712	0.240365097338	0.0378602580572	0.095351284893
-gak	0.218182796401	0.404261195891	0.211509910359	0.16604609735
-dko	0.20761398849	0.318282425852	0.474103585657	0.0
-gai	0.285978082456	0.513372598243	0.135596697886	0.0650526214154
-adi	0.0225324990444	0.800641370833	0.00410513659652	0.172720993526
-iko	0.234233645882	0.56270051315	0.0605494611349	0.142516379833
-gau	0.504816375677	0.261890427453	0.182119205298	0.0511739915713
-adu	0.391972993248	0.427981995499	0.0393848462115	0.140660165041
-gas	0.120838471023	0.775585696671	0.0850801479655	0.0184956843403
-gar	0.280763775183	0.246383847541	0.223541482492	0.249310894784
-sni	0.121475581621	0.788661559265	0.0255101520564	0.0643527070584
-lan	0.113605130554	0.804855703161	0.0160329821347	0.0655061841502
-ini	0.291636049444	0.499529878881	0.0877061292414	0.121127942434
-sel	0.0583831414625	0.880157447736	0.0244536015611	0.03700580924
-ɨmu	0.302083333333	0.0520833333333	0.645833333333	0.0
-ino	0.557522123894	0.321844434094	0.0	0.120633442012
-ina	0.343899060778	0.414177477511	0.0715382637249	0.170385197986
-apa	0.181289539083	0.342414777527	0.0814514137682	0.394844269622
-ywo	0.507243103544	0.299616610378	0.0657578135902	0.127382472488
-ira	0.29377347839	0.429890856837	0.0396346016544	0.236701063119
-uii	0.0420667331357	0.714376442629	0.239971591297	0.00358523293769
-yam	0.483077000952	0.313523997852	0.063954115746	0.13944488545
-kni	0.254108624198	0.554938174988	0.111911097198	0.0790421036156
-kna	0.349014080229	0.275515859683	0.0613534530055	0.314116607082
-ses	0.0457879330285	0.853814346218	0.0240164253473	0.0763812954064
-yao	0.290150457868	0.429446531102	0.109188888785	0.171214122246
-bap	0.448275862069	0.0	0.551724137931	0.0
-sep	0.0363345096582	0.906551820208	0.00696508172364	0.0501485884102
-dɨg	0.205993641901	0.107480436379	0.211141129669	0.475384792051
-lat	0.0466676991379	0.883640493521	0.045531980796	0.0241598265448
-dɨe	0.363173174176	0.187235048122	0.160281682344	0.289310095357
-aop	0.151079136691	0.61690647482	0.156474820144	0.0755395683453
-dɨb	0.330179624297	0.336121394945	0.276109511404	0.0575894693541
-iam	0.0597277119016	0.895476504172	0.0368906455863	0.00790513833992
-dɨn	0.112932038033	0.706826382173	0.0369954644475	0.143246115346
-dɨm	0.295022954513	0.525135189711	0.122340606121	0.0575012496556
-edi	0.0	1.0	0.0	0.0
-nes	0.043795620438	0.956204379562	0.0	0.0
-nen	0.0377358490566	0.924528301887	0.0	0.0377358490566
-oop	0.479063719116	0.497529258778	0.0	0.0234070221067
-dɨu	0.296396885751	0.447401774398	0.191019373529	0.0651819663226
-tka	0.27488097937	0.339492178644	0.0988437995919	0.286783042394
-iap	0.431072210066	0.568927789934	0.0	0.0
-kua	0.306382978723	0.43829787234	0.0	0.255319148936
-nei	0.376	0.48	0.096	0.048
-aai	0.583333333333	0.333333333333	0.0833333333333	0.0
-tki	0.496664422547	0.323398004774	0.132199032989	0.0477385396903
-tko	0.366459627329	0.405279503106	0.0605590062112	0.167701863354
-aom	0.785714285714	0.190476190476	0.0	0.0238095238095
-ban	0.21752265861	0.728096676737	0.0181268882175	0.036253776435
-wɨm	0.348662212778	0.247149519658	0.0669500729209	0.337238194644
-bal	0.062176165803	0.901554404145	0.020725388601	0.0155440414508
-uun	0.0743538472932	0.871139746723	0.0174035399541	0.0371028660298
-uui	0.449050086356	0.343696027634	0.0604490500863	0.146804835924
-wɨi	0.253008480988	0.404172725299	0.256877232921	0.0859415607914
-bai	0.235294117647	0.411764705882	0.0	0.352941176471
-wɨe	0.448983392619	0.519728566083	0.0	0.0312880412975
-eki	0.578709781416	0.331334053222	0.0433437734535	0.0466123919084
-bae	0.156968586796	0.709447345857	0.063430509003	0.0701535583444
-hon	0.0	1.0	0.0	0.0
-hos	0.0497550520515	0.934935701163	0.0	0.015309246785
-mki	0.404402240098	0.373501155302	0.0499262024812	0.172170402119
-mko	0.311164992495	0.491975522457	0.0386791363584	0.15818034869
-okɨ	0.120539772072	0.0459234621372	0.0511023711871	0.782434394603
-yɨk	0.102195729284	0.15325605869	0.405014015879	0.339534196148
-wɨt	0.881989042963	0.0532386170018	0.00235917062046	0.0624131694147
-imɨ	0.349053525955	0.0887832586295	0.0166008720906	0.545562343325
-mka	0.278130817969	0.478184493424	0.0945100894841	0.149174599123
-bar	0.286949981196	0.414253478751	0.25930801053	0.0394885295224
-bas	0.00989523615059	0.976439913927	0.00471201721457	0.00895283270768
-wɨr	0.20177687615	0.322446273906	0.0684748787692	0.407301971175
-wɨs	0.217316748768	0.273092583898	0.0542385017988	0.455352165536
-dru	0.0058326042578	0.989792942549	0.0	0.00437445319335
-ogi	0.268939393939	0.639069264069	0.0919913419914	0.0
-nya	0.431893687708	0.426910299003	0.0913621262458	0.0498338870432
-mbu	0.230078339457	0.470377661743	0.189884615429	0.109659383371
-asa	0.101567985022	0.189776336465	0.452509110361	0.256146568152
-aso	0.0	0.945269741986	0.0	0.0547302580141
-iyo	0.347614911551	0.406818619967	0.072411666078	0.173154802404
-asi	0.233026423341	0.0722197549948	0.0209251569741	0.67382866469
-mba	0.298008431458	0.66274167757	0.0218054949847	0.0174443959878
-lti	0.0156985871272	0.984301412873	0.0	0.0
-sid	0.0577601530974	0.625467058087	0.177188242255	0.139584546561
-yen	0.0428571428571	0.935714285714	0.0214285714286	0.0
-iwa	0.11320754717	0.458221024259	0.396226415094	0.0323450134771
-mbi	0.453284480503	0.260795603245	0.0994504056529	0.186469510599
-lta	0.0	1.0	0.0	0.0
-gɨi	0.574297188755	0.377510040161	0.0481927710843	0.0
-rɨb	0.21029589372	0.624018719807	0.0460446859904	0.119640700483
-mɨg	0.26938668759	0.65188962992	0.0143847260364	0.0643389564535
-430	0.173652694611	0.0	0.0	0.826347305389
-rar	0.218091392244	0.117432331483	0.0568728827411	0.607603393532
-ras	0.105298852947	0.82680682924	0.0380385103058	0.0298558075074
-ran	0.184556134371	0.370915499091	0.0795463260896	0.364982040448
-eri	0.257092198582	0.377659574468	0.210992907801	0.154255319149
-ral	0.115384615385	0.865384615385	0.0192307692308	0.0
-ram	0.219519878147	0.130315886009	0.038925260302	0.611238975542
-rak	0.396668060696	0.464386699707	0.0707834239452	0.068161815651
-ero	0.0588803779798	0.841774643854	0.0180399455938	0.0813050325722
-era	0.0432717678101	0.644643799472	0.312084432718	0.0
-iwi	0.129156769596	0.738902909739	0.0237529691211	0.108187351544
-rae	0.4995	0.3244375	0.041625	0.1344375
-rab	0.320099255583	0.387096774194	0.151364764268	0.141439205955
-ugu	0.569713632885	0.31333452115	0.0446104979454	0.0723413480196
-pos	0.0818181818182	0.918181818182	0.0	0.0
-swo	0.329205694028	0.311546369776	0.0644043618613	0.294843574335
-arɨ	0.300832337116	0.102867985637	0.0752826604284	0.521017016819
-uka	0.120396600567	0.771010387158	0.00708215297452	0.101510859301
-pou	0.201581027668	0.762845849802	0.0355731225296	0.0
-pon	0.187779433681	0.624441132638	0.125186289121	0.0625931445604
-uga	0.289754551591	0.415316708397	0.173925115974	0.121003624038
-ugo	0.457397049684	0.361953357538	0.0427392361452	0.137910356633
-ugi	0.596491911151	0.230676427237	0.0327001302726	0.14013153134
-yɨr	0.355576294914	0.291647223518	0.319178721419	0.0335977601493
-yɨs	0.0433017591339	0.634641407307	0.300405953992	0.021650879567
-oua	0.256431157608	0.128560640915	0.00770138624952	0.607306815227
-ika	0.243278073038	0.32364332745	0.0631403387429	0.369938260769
-yɨu	0.183377839803	0.573850483393	0.0503550046355	0.192416672168
-nop	0.345521722513	0.517199643267	0.120716014779	0.016562619442
-lam	0.346020761246	0.551903114187	0.0743944636678	0.0276816608996
-oui	0.44776119403	0.45671641791	0.0955223880597	0.0
-not	0.0	0.855603448276	0.112068965517	0.0323275862069
-lai	0.01246105919	0.98753894081	0.0	0.0
-iki	0.487679609733	0.307089341796	0.122250564702	0.0829804837689
-lak	0.0	0.889908256881	0.110091743119	0.0
-aam	0.282560564736	0.656345259105	0.0610941761591	0.0
-fos	0.0262008733624	0.868995633188	0.0	0.10480349345
-iks	0.0673811204518	0.88577295771	0.0077006994802	0.0391452223577
-nom	0.0	0.984886649874	0.0151133501259	0.0
-ouu	0.420534267559	0.294977554388	0.215690383361	0.0687977946927
-las	0.0802870871602	0.906483790524	0.00775500273705	0.00547411957909
-noa	0.0	1.0	0.0	0.0
-yɨn	0.374598358478	0.342819371116	0.0775286076035	0.205053662803
-yɨo	0.479187648848	0.144723889644	0.0177642819804	0.358324179527
-yɨm	0.359266838665	0.367482621428	0.080429617749	0.192820922158
-dot	0.0	0.88	0.04	0.08
-myu	0.0504201680672	0.899159663866	0.0	0.0504201680672
-dop	0.0818144997975	0.77035236938	0.123531794249	0.0243013365735
-kim	0.0	1.0	0.0	0.0
-mya	0.661691542289	0.338308457711	0.0	0.0
-don	0.0	1.0	0.0	0.0
-mɨr	0.175263455376	0.601285624699	0.102398196135	0.121052723789
-dom	0.0123355263158	0.987664473684	0.0	0.0
-sas	0.027205408886	0.948969735995	0.0141661300708	0.00965872504829
-sar	0.242063370198	0.0916829493937	0.0409115512033	0.625342129205
-wra	0.0547125012904	0.908124290286	0.0247754722824	0.0123877361412
-sau	0.288921314834	0.444104029637	0.0634014602108	0.203573195319
-wɨu	0.496886653519	0.294695684376	0.075551402513	0.132866259592
-pni	0.358780094764	0.575678860909	0.0265771941217	0.0389638502056
-wro	0.655737704918	0.191256830601	0.0874316939891	0.0655737704918
-mpa	0.133333333333	0.866666666667	0.0	0.0
-saa	0.380952380952	0.337474120083	0.256728778468	0.0248447204969
-ɨnu	0.5238864151	0.288787404447	0.11836826188	0.0689579185727
-sae	0.278753230714	0.202713523867	0.28352036797	0.235012877449
-sak	0.0	0.985551742821	0.00496658840527	0.00948166877369
-old	0.0	1.0	0.0	0.0
-iba	0.0	0.997611464968	0.0	0.00238853503185
-sam	0.265145808673	0.532163058684	0.0689064700406	0.133784662603
-bwi	0.752571986896	0.247428013104	0.0	0.0
-rot	0.023685299102	0.913478603168	0.0414993127927	0.0213367849375
-rou	0.189172105983	0.70030442971	0.0527334176105	0.0577900466964
-rop	0.578485183949	0.253936792238	0.0188633531327	0.148714670681
-iel	0.0699600228442	0.914049114791	0.0119931467733	0.0039977155911
-akɨ	0.252666964051	0.265406303466	0.139620413981	0.342306318502
-loe	0.0	0.979381443299	0.020618556701	0.0
-rɨs	0.0812581913499	0.908912188729	0.0	0.00982961992137
-rwo	0.305052430887	0.694947569113	0.0	0.0
-puk	0.175925925926	0.507716049383	0.316358024691	0.0
-rom	0.104514805042	0.523746701847	0.320580474934	0.0511580181765
-lot	0.0508228460794	0.822120038722	0.119796708616	0.00726040658275
-los	0.0408858603067	0.945485519591	0.0	0.0136286201022
-rok	0.83682983683	0.04662004662	0.0815850815851	0.034965034965
-eɨn	0.157894736842	0.736842105263	0.0225563909774	0.0827067669173
-hak	0.379609544469	0.35032537961	0.156182212581	0.113882863341
-ipa	0.0821434174708	0.366183666186	0.102554033634	0.44911888271
-sap	0.573806881243	0.129855715871	0.179800221976	0.11653718091
-pid	0.0	0.724233983287	0.0557103064067	0.220055710306
-ɨpɨ	0.0852687997401	0.880623680364	0.0	0.0341075198961
-ewi	0.0237178499923	0.907284768212	0.00646850454335	0.0625288772524
-ipu	0.118329466357	0.672853828306	0.127610208817	0.0812064965197
-hap	0.22533240028	0.77466759972	0.0	0.0
-nɨu	0.405152253777	0.231261595103	0.0841750667192	0.2794110844
-has	0.169014084507	0.206572769953	0.62441314554	0.0
-pii	0.0939057830736	0.859039865586	0.0126324219537	0.0344219293867
-hɨk	0.454482244937	0.254733179268	0.0833335406734	0.207451035121
-pko	0.820627802691	0.134529147982	0.0	0.0448430493273
-hɨi	0.124694271812	0.602380040054	0.098083713132	0.174841975003
-wid	0.484617261856	0.38896933214	0.0400227771902	0.0863906288131
-hɨo	0.279611650485	0.335922330097	0.314563106796	0.0699029126214
-hɨn	0.299155465683	0.511716426787	0.0190317592483	0.170096348281
-pki	0.761174205814	0.142038319095	0.012787803867	0.0839996712238
-276	0.0	0.214285714286	0.0	0.785714285714
-dwi	0.146341463415	0.302063789869	0.142589118199	0.409005628518
-hɨe	0.0778715435686	0.819621099735	0.0291835890951	0.0733237676014
-pka	0.247800351944	0.688209886418	0.031994880819	0.0319948808191
-ikɨ	0.259109280877	0.0897800171453	0.0314621222146	0.619648579763
-nɨs	0.5646144599	0.303511935428	0.0683410613086	0.0635325433625
-hɨs	0.0931882686849	0.323202459792	0.0490775780511	0.534531693472
-hɨr	0.113401962924	0.0732057471652	0.00981241727491	0.803579872636
-nɨr	0.505288545463	0.395210562128	0.0852864792074	0.0142144132012
-hɨu	0.0684075480273	0.877327986972	0.0173149208934	0.0369495441075
-eli	0.0	0.932432432432	0.0675675675676	0.0
-idi	0.36678207288	0.27859520536	0.220394493861	0.134228227899
-ɨan	0.0201342281879	0.859060402685	0.0402684563758	0.0805369127517
-maɨ	0.0633802816901	0.471830985915	0.450704225352	0.0140845070422
-eyo	0.612284069098	0.188419705694	0.0710172744722	0.128278950736
-eya	0.236266264871	0.234237620997	0.0482368579558	0.481259256176
-200	0.374932759548	0.321140398064	0.0484131253361	0.255513717052
-iok	0.033568567614	0.943162311654	0.00228876597368	0.0209803547587
-kɨk	0.406504065041	0.219512195122	0.325203252033	0.0487804878049
-ois	0.14371257485	0.85628742515	0.0	0.0
-ion	0.0671967171069	0.909720441139	0.0184662734034	0.00461656835085
-len	0.37037037037	0.574074074074	0.037037037037	0.0185185185185
-ɨɨm	0.191096178077	0.767954640907	0.0	0.0409491810164
-nɨe	0.218153341289	0.646405131265	0.0899463007161	0.0454952267303
-hro	0.512026302128	0.358193459076	0.0770029416854	0.0527772971102
-ios	0.0956066469383	0.904393353062	0.0	0.0
-iop	0.434832756632	0.392156862745	0.173010380623	0.0
-iot	0.0	1.0	0.0	0.0
-sao	0.546655252538	0.350372997432	0.0406016876605	0.06237006237
-kɨr	0.472934472935	0.264957264957	0.0	0.262108262108
-san	0.182181697429	0.75868915516	0.019177020782	0.0399521266292
-ndi	0.196524290063	0.176756173115	0.157076944226	0.469642592595
-gin	0.65671641791	0.242537313433	0.0559701492537	0.044776119403
-gik	0.518114759844	0.248046221492	0.016511589286	0.217327429378
-gii	0.490573019876	0.347424279406	0.0598502799292	0.102152420788
-ali	0.0	0.901408450704	0.0798122065728	0.018779342723
-gig	0.433571618234	0.28089767649	0.0741862674192	0.211344437857
-nua	0.212445420665	0.313505220963	0.0455668446959	0.428482513676
-nde	0.0280541510357	0.967052683086	0.0	0.00489316587832
-ala	0.0307062436029	0.708290685773	0.0	0.261003070624
-oɨu	0.662396583934	0.203095809981	0.0829997331198	0.051507872965
-120	0.0	0.0	0.0	1.0
-sɨn	0.121934891616	0.782409381891	0.0393424538117	0.0563132726812
-oɨs	0.31838308813	0.621911155549	0.0468504499357	0.0128553063848
-pol	0.0248218557587	0.902154480278	0.00575304856957	0.0672706153941
-emi	0.237525773196	0.576082474227	0.0552577319588	0.131134020619
-ɨsu	0.361450963318	0.411889082399	0.0965195384783	0.130140415805
-yok	0.363664349457	0.385922781423	0.120221702798	0.130191166323
-ɨso	0.129544620504	0.280728475223	0.0564874166171	0.533239487655
-ɨsi	0.378764564836	0.129512351807	0.0209135115361	0.470809571821
-oɨm	0.21989435032	0.36143059496	0.0829294939235	0.335745560796
-oɨn	0.439235057126	0.177875371395	0.0258184463953	0.357071125083
-oɨi	0.345407872219	0.334141471763	0.133770678836	0.186679977182
-ɨsa	0.249090093304	0.395108519959	0.0440824015963	0.31171898514
-mgi	0.0	0.629753220549	0.370246779451	0.0
-iyu	0.00512820512821	0.994871794872	0.0	0.0
-pen	0.0	0.924981245311	0.0750187546886	0.0
-ros	0.0535714285714	0.785714285714	0.160714285714	0.0
-gwo	0.321906571697	0.289105488234	0.0312272033883	0.35776073668
-pet	0.709030100334	0.290969899666	0.0	0.0
-rki	0.462307784861	0.332857648882	0.0646845998706	0.140149966386
-153	0.176470588235	0.0784313725491	0.0196078431373	0.725490196078
-iyn	0.4453125	0.1171875	0.0	0.4375
-ogo	0.35632183908	0.509578544061	0.0478927203065	0.0862068965517
-rko	0.58444411894	0.314193642888	0.0310531712319	0.0703090669401
-oga	0.517715858273	0.410044719642	0.0722394220846	0.0
-rka	0.472765209752	0.368463734816	0.0993427832874	0.0594282721452
-ela	0.0	0.909365558912	0.0906344410876	0.0
-iya	0.2020331052	0.165117627486	0.0254958872365	0.607353380078
-atɨ	0.62676056338	0.330985915493	0.0	0.0422535211268
-ɨei	0.140762628924	0.10944440262	0.420725739667	0.329067228789
-who	0.374736842105	0.372631578947	0.126315789474	0.126315789474
-pna	0.552194953336	0.193743518839	0.1451780159	0.108883511925
-ems	0.0119318181818	0.985795454545	0.00227272727273	0.0
-rɨg	0.0923566878981	0.592875129611	0.113316545697	0.201451636794
-rɨi	0.767618252118	0.0908567528983	0.0221915555804	0.119333439404
-rɨm	0.193060204855	0.186205494299	0.0775518948837	0.543182405962
-100	0.0159616919393	0.10275339186	0.023942537909	0.857342378292
-rɨo	0.263282930431	0.358470576905	0.182574079425	0.19567241324
-rɨn	0.131305325046	0.0782986697054	0.0279132068439	0.762482798404
-rɨp	0.539591782888	0.248459068649	0.0612236529887	0.150725495474
-ɨgɨ	0.22094736026	0.369175905109	0.227924645321	0.181952089309
-rɨr	0.430467670376	0.339624699978	0.0703687540912	0.159538875555
-rɨu	0.368743598049	0.446915244741	0.0633059891616	0.121035168048
-ɨou	0.244813278008	0.149377593361	0.55601659751	0.0497925311203
-esa	0.372093023256	0.627906976744	0.0	0.0
-ita	0.0404225218234	0.930019257202	0.00417180703369	0.0253864139408
-spa	0.0602150537635	0.939784946237	0.0	0.0
-bru	0.0	0.96040475143	0.0343158820941	0.00527936647602
-udu	0.0967741935484	0.790322580645	0.0645161290322	0.0483870967742
-sɨr	0.551445055633	0.235276114134	0.0873232606256	0.125955569608
-sɨs	0.0369608983614	0.861753995268	0.00304617590795	0.0982389304628
-fan	0.0	1.0	0.0	0.0
-sɨu	0.15873015873	0.84126984127	0.0	0.0
-666	0.0474308300395	0.142292490119	0.0	0.810276679842
-fas	0.0105857445307	0.987297106563	0.0	0.00211714890614
-uda	0.0192127754992	0.775197638024	0.127743732208	0.0778458542684
-sɨm	0.123100005889	0.622472127715	0.0521758890005	0.202251977395
-fat	0.0	1.0	0.0	0.0
-sɨo	0.0662199448167	0.514387071344	0.320063066614	0.0993299172251
-sɨb	0.607137916724	0.15465486236	0.0377645594134	0.200442661502
-udi	0.236213910873	0.643211227159	0.0451274337191	0.0754474282491
-gag	0.0	0.147179067866	0.635322976288	0.217497955846
-tis	0.0	0.953473945409	0.0465260545905	0.0
-wop	0.119804400978	0.850855745721	0.0293398533007	0.0
-ɨdu	0.723418017811	0.135663894734	0.0817786933754	0.0591393940794
-wou	0.305459141705	0.526412936621	0.0303954416869	0.137732479987
-wok	0.430626958243	0.39456407851	0.0774304143671	0.09737854888
-aba	0.143027425035	0.161705342381	0.258577115723	0.436690116862
-ɨdi	0.633587381855	0.0474515185	0.00901775284935	0.309943346796
-won	0.403726708075	0.355133357691	0.20825721593	0.0328827183047
-wob	0.454545454545	0.0574162679426	0.488038277512	0.0
-abi	0.158924205379	0.370415647922	0.419315403423	0.0513447432762
-ɨda	0.166445729775	0.312347300904	0.0364991707436	0.484707798577
-gab	0.193029490617	0.0107238605898	0.603217158177	0.193029490617
-gok	0.0246153846154	0.975384615385	0.0	0.0
-kog	0.501510574018	0.34944612286	0.118831822759	0.0302114803625
-bɨd	0.21	0.41	0.2	0.18
-aei	0.504261247961	0.324604653452	0.0774345133798	0.0936995852078
-wel	0.0	0.821428571429	0.0	0.178571428571
-ael	0.297491039426	0.47311827957	0.0430107526882	0.186379928315
-sos	0.0204498977505	0.948875255624	0.0	0.0306748466258
-oru	0.598053884699	0.333058855427	0.0485022544009	0.0203850054728
-kou	0.190746077732	0.495375484722	0.170009675127	0.143868762419
-gao	0.619979114134	0.190519854308	0.0701714169278	0.11932961463
-son	0.0034965034965	0.996503496503	0.0	0.0
-kop	0.0326212949164	0.9478390462	0.00794833581719	0.0115913230667
-sok	0.801490730713	0.113779703128	0.0535134102058	0.0312161559534
-ado	0.0425212206468	0.867960420097	0.0134277538885	0.0760906053679
-ora	0.0406988694759	0.930113052415	0.00863309352518	0.0205549845837
-van	0.379746835443	0.620253164557	0.0	0.0
-dgo	0.703422053232	0.0456273764259	0.0912547528517	0.15969581749
-kra	0.247339229501	0.340428721331	0.313296357368	0.0989356918004
-tni	0.129112304441	0.848787391195	0.0052342826125	0.0168660217513
-liv	0.0386983289358	0.957783641161	0.0	0.00351802990325
-pak	0.250438442652	0.48184847422	0.191424061733	0.076289021396
-lip	0.0154330350372	0.983808584863	0.0	0.000758380100106
-omu	0.214814814815	0.407407407407	0.377777777778	0.0
-lis	0.0485294117648	0.833088235294	0.014705882353	0.103676470588
-ruk	0.369609856263	0.630390143737	0.0	0.0
-omi	0.194553015853	0.729620712298	0.0293924517682	0.0464338200807
-ipi	0.0	0.0666666666667	0.0	0.933333333333
-oma	0.320356853204	0.532238442822	0.0316301703163	0.115774533658
-rua	0.282249857274	0.317546603123	0.113187876983	0.287015662621
-lia	0.0538365229833	0.855839742443	0.00536576641031	0.0849579681632
-lni	0.0122929227887	0.763507580636	0.224199496576	0.0
-eas	0.255375164546	0.735849056604	0.00877577885035	0.0
-nii	0.319673860064	0.310028298674	0.144482966692	0.22581487457
-bgu	0.401795481249	0.0957783972593	0.0916831379615	0.41074298353
-144	0.0112359550562	0.0898876404494	0.0	0.898876404494
-ibu	0.616547334925	0.278440731901	0.0572792362768	0.0477326968974
-pwo	0.13112668282	0.395475680379	0.0678367278205	0.40556090898
-oda	0.157205240175	0.764192139738	0.0262008733624	0.0524017467249
-sna	0.335971330446	0.447513812155	0.182171121398	0.0343437360012
-bgi	0.333009309067	0.371321430919	0.194206999616	0.101462260398
-rna	0.424684159378	0.24101068999	0.00583090379009	0.328474246842
-wik	0.0993520518358	0.719222462203	0.0259179265658	0.155507559395
-eam	0.0214833759591	0.973913043478	0.00460358056267	0.0
-rni	0.125343887269	0.225316263673	0.0846930170597	0.564646831998
-ean	0.526315789474	0.375438596491	0.0842105263158	0.0140350877193
-uri	0.0432447710571	0.0339174674958	0.249858677219	0.672979084228
-rgo	0.334480932203	0.497303543914	0.0687596302003	0.0994558936827
-ɨnɨ	0.374125093075	0.1882725242	0.0927029039464	0.344899478779
-uro	0.167195450464	0.832804549536	0.0	0.0
-pkɨ	0.161957451722	0.771007752752	0.0280610771968	0.0389737183289
-ura	0.0487643996325	0.0881292845532	0.33277580155	0.530330514264
-rga	0.327222585369	0.340357284674	0.194501932219	0.137918197739
-kya	0.770764119601	0.229235880399	0.0	0.0
-uru	0.0857142857143	0.604761904762	0.171428571429	0.138095238095
-tga	0.422394043528	0.309564719359	0.0279209621993	0.240120274914
-pai	0.221857331461	0.583154793034	0.089503204978	0.105484670527
-wau	0.00241476456046	0.992755706319	0.0	0.0048295291209
-bɨr	0.674557297541	0.196650124069	0.0320747800586	0.0967177983307
-was	0.0429977052296	0.941313942862	0.0	0.0156883519081
-pam	0.324265117425	0.277016481717	0.093219043623	0.305499357235
-pan	0.216567075974	0.401260752512	0.296211176046	0.0859609954692
-api	0.306888524524	0.190322542938	0.0657747989934	0.437014133545
-lim	0.0	1.0	0.0	0.0
-pae	0.110475395582	0.725855575606	0.101423965993	0.0622450628177
-kom	0.141996332198	0.763688760807	0.0707361802463	0.0235787267487
-wae	0.130124074572	0.628639497863	0.124378429342	0.116857998222
-bɨe	0.0540460981425	0.790453622207	0.0557092814459	0.0997909982043
-wab	0.0371517027864	0.94427244582	0.0185758513932	0.0
-waa	0.119552222584	0.527768720791	0.352679056624	0.0
-apu	0.0734742247681	0.900651787478	0.0	0.0258739877543
-wao	0.431266683607	0.331156235298	0.0765213059569	0.161055775138
-wan	0.131889810359	0.551572343699	0.108340774068	0.208197071873
-wam	0.395855957587	0.280731954829	0.0686367070205	0.254775380563
-pas	0.0999999999999	0.861538461538	0.023076923077	0.0153846153846
-wak	0.559959349593	0.288617886179	0.0701219512195	0.0813008130082
-wai	0.241697776401	0.59671957456	0.0818791715245	0.0797034775144
-bɨn	0.211442928392	0.540664112439	0.124346975173	0.123545983996
-igɨ	0.187237135516	0.291027673054	0.348845548861	0.17288964257
-sen	0.389931740614	0.149317406143	0.0682593856655	0.392491467577
-ken	0.0303336703741	0.969666329626	0.0	0.0
-rsi	0.213381870725	0.24624810147	0.0803688695615	0.460001158244
-kel	0.158940397351	0.688741721854	0.0728476821192	0.0794701986755
-sus	0.0676691729323	0.932330827068	0.0	0.0
-uɨs	0.14705324036	0.775895670661	0.0269365595616	0.050114529417
-sop	0.422695405569	0.292852773726	0.165131767494	0.119320053212
-uɨn	0.152274114668	0.634629082754	0.0408623821783	0.1722344204
-1/2	0.107591153616	0.641362821279	0.143454871488	0.107591153616
-agɨ	0.0333333333333	0.866666666667	0.0666666666667	0.0333333333333
-ɨka	0.0901158367689	0.114359920217	0.0336263281897	0.761897914824
-500	0.044776119403	0.208955223881	0.328358208955	0.417910447761
-sua	0.171717171717	0.727272727273	0.0585858585859	0.0424242424242
-ɨki	0.582554761718	0.27887257596	0.0859700086362	0.0526026536861
-did	0.212488862109	0.348342053653	0.356654468301	0.0825146159376
-som	0.541127674206	0.366767561363	0.0229043594089	0.0692004050227
-fet	0.0251449672289	0.946867385679	0.0140811816482	0.013906465444
-dia	0.00788458312364	0.974165408489	0.00939439691327	0.00855561147459
-amɨ	0.356449316014	0.232425667803	0.100893280974	0.310231735209
-dii	0.15625	0.09375	0.59375	0.15625
-sia	0.0180508200009	0.963821219742	0.0116481787185	0.0064797815388
-psi	0.352464635134	0.104006979498	0.467626347604	0.075902037764
-psu	0.04243281471	0.95756718529	0.0	0.0
-iis	0.176912348643	0.205115731545	0.0539341913968	0.564037728415
-dis	0.0	1.0	0.0	0.0
-anɨ	0.524841132294	0.314846909301	0.0303292894281	0.129982668977
-.00	0.160910518053	0.278649921507	0.180533751962	0.379905808477
-iir	0.0281593749903	0.0122189734385	0.00273837628028	0.956883275291
-dek	0.0335301692998	0.93458868612	0.00659609887865	0.0252850457016
