kud-	0.315789473684	0.413533834586	0.270676691729	0.0
xiꞌ-	0.0160333845816	0.974083022183	0.00329453107841	0.00658906215683
vas-	0.140176884153	0.310885147811	0.068766018641	0.480171949395
fig-	0.0	1.0	0.0	0.0
ye'-	0.156838831604	0.0906322444812	0.0238291003155	0.728699823599
jac-	0.013570146898	0.975392087948	0.00671027736373	0.0043274877903
viu-	0.590027700831	0.326869806094	0.0	0.0831024930748
júp-	0.0	1.0	0.0	0.0
sto-	0.313572178784	0.555490722371	0.0119033726223	0.119033726222
oxl-	0.040404040404	0.107744107744	0.104377104377	0.747474747475
qa'-	0.262901655307	0.560207724765	0.0714053878611	0.105485232067
txa-	0.407132444855	0.430880624409	0.0881891638526	0.0737977668839
e'p-	0.548991022128	0.349198945238	0.0516881704144	0.0501218622199
der-	0.0584415584416	0.941558441558	0.0	0.0
tꞌe-	0.0922610851005	0.716657069177	0.174056733682	0.0170251120403
kuv-	0.16658376704	0.547230545884	0.0429056116981	0.243280075378
xev-	0.404761904762	0.357142857143	0.142857142857	0.0952380952381
tib-	0.133822743358	0.0979425141956	0.0423133516963	0.725921390751
atk-	0.238037100787	0.301235193961	0.15124619267	0.309481512581
iit-	0.193286762965	0.233838503434	0.0769595074592	0.495915226143
uuv-	0.0945897557315	0.859991002194	0.0148319507157	0.0305872913592
paf-	0.0	1.0	0.0	0.0
abr-	0.0364971581984	0.925970353869	0.02863579242	0.0088966955131
tzu-	0.156520034427	0.60891838749	0.0796731227748	0.154888455308
zaq-	0.139116202946	0.805237315876	0.0343698854337	0.0212765957447
zac-	0.0723298423346	0.867387683392	0.0195085221439	0.0407739521299
her-	0.0271150041544	0.864578907199	0.0387780081247	0.0695280805216
ate-	0.275728881136	0.566159980065	0.0509593820085	0.10715175679
urí-	0.0	1.0	0.0	0.0
dor-	0.0186567164179	0.914179104478	0.0223880597015	0.044776119403
pat-	0.021151586369	0.971797884841	0.0	0.00705052878965
ikꞌ-	0.350103224828	0.407114744308	0.0468952026351	0.19588682823
vuj-	0.0154979673805	0.070974755377	0.00696998532984	0.906557291913
laj-	0.231249055527	0.642107560824	0.0978474402673	0.028795943382
q'o-	0.332334893413	0.429287706956	0.183856348524	0.0545210511074
jam-	0.20245398773	0.687116564417	0.079754601227	0.0306748466258
niu-	0.156528131839	0.784148420934	0.0328780550895	0.0264453921372
ane-	0.147540983607	0.590163934426	0.0983606557377	0.16393442623
nig-	0.0	0.970149253731	0.0298507462687	0.0
nai-	0.0	0.989795918367	0.0	0.0102040816326
eso-	0.701574752736	0.180959397953	0.0631800651644	0.0542857841461
che-	0.218424733618	0.273497021257	0.0835606855454	0.424517559579
nap-	0.373391776474	0.451414925559	0.12564367834	0.049549619627
asi-	0.0507461182177	0.9084434227	0.0259898186785	0.0148206404034
tip-	0.221854443374	0.672979427662	0.0326811078057	0.0724850211589
tér-	0.307046979866	0.661073825503	0.0318791946309	0.0
amu-	0.62312633833	0.197002141328	0.154175588865	0.0256959314775
tol-	0.332789293292	0.301289374898	0.220989064795	0.144932267015
uyt-	0.53488372093	0.395348837209	0.0	0.0697674418605
laꞌ-	0.513426810635	0.299230120085	0.0653853811236	0.121957688157
pud-	0.0199335548173	0.980066445183	0.0	0.0
moi-	0.0542691709369	0.9273182548	0.00983685474317	0.00857571951968
oni-	0.0	0.8	0.2	0.0
uzí-	0.0	1.0	0.0	0.0
qoo-	0.598638499538	0.114382103699	0.0453783284469	0.241601068316
ku--	0.0	0.800399201597	0.156051533297	0.0435492651061
ole-	0.254113418827	0.188283866369	0.260554891376	0.297047823429
koj-	0.162059067785	0.0342663784121	0.0112681765112	0.792406377292
ta'-	0.148213791969	0.0934631698176	0.0358397603285	0.722483277885
apa-	0.382804407195	0.444762084135	0.0655832537366	0.106850254934
san-	0.384174133866	0.49796041495	0.049725271232	0.0681401799526
nii-	0.48453192851	0.436016361888	0.0251116802371	0.0543400293656
xij-	0.563492063492	0.0634920634921	0.0555555555555	0.31746031746
ato-	0.436573642106	0.240063784122	0.0794876301466	0.243874943625
arm-	0.0	1.0	0.0	0.0
cal-	0.0980392156863	0.901960784314	0.0	0.0
tel-	0.341592722772	0.231641430854	0.0895359057999	0.337229940574
mii-	0.0	1.0	0.0	0.0
oke-	0.219807948412	0.644914838438	0.0648349337632	0.070442279386
sxo-	0.243471467897	0.439401830221	0.24006150336	0.077065198522
lum-	0.629232039637	0.311312964492	0.0594549958712	0.0
mes-	0.0706624605678	0.891482649842	0.0	0.0378548895899
sed-	0.0	0.8125	0.1875	0.0
adi-	0.0	1.0	0.0	0.0
ami-	0.061855670103	0.884020618557	0.0	0.0541237113402
kax-	0.036648394675	0.92920908379	0.0164447924824	0.0176977290525
nuj-	0.306306306306	0.162162162162	0.477477477477	0.0540540540541
jii-	0.0952380952381	0.642857142857	0.261904761905	0.0
aas-	0.0724051469408	0.0160585352034	0.000719430394645	0.910816887461
uke-	0.0619530170428	0.779709811147	0.152118839245	0.00621833256564
—vi-	0.169095408303	0.737111630465	0.0221679956008	0.071624965631
gól-	0.0	1.0	0.0	0.0
ged-	0.0898203592814	0.910179640719	0.0	0.0
qꞌa-	0.295443280726	0.433766940245	0.120825702938	0.149964076092
veh-	0.479452054795	0.392694063927	0.127853881279	0.0
ili-	0.447549160979	0.376350747517	0.110658933359	0.0654411581447
nut-	0.0949367088608	0.905063291139	0.0	0.0
kaj-	0.0341112793931	0.269454606615	0.0610907741508	0.635343339841
stu-	0.323648687726	0.147285995038	0.0502330746186	0.478832242617
sat-	0.485663623102	0.26323996777	0.0643703064856	0.186726102642
eya-	0.455951390676	0.31048968109	0.153823060536	0.0797358676982
ani-	0.655042222671	0.140905553794	0.0805833357351	0.1234688878
xaa-	0.405133037007	0.323252743112	0.108518560574	0.163095659307
abi-	0.0166813400676	0.971085677216	0.00111208933785	0.0111208933784
iqi-	0.613843949615	0.299892543729	0.0350725329831	0.0511909736732
poq-	0.0231425091352	0.282582216809	0.0	0.694275274056
akꞌ-	0.197227852802	0.19518343272	0.333381473304	0.274207241174
atx-	0.369122951296	0.462902513935	0.0769459839478	0.0910285508212
aab-	0.573623079805	0.140127388535	0.102660172349	0.183589359311
—ee-	0.330457746479	0.125704225352	0.00845070422536	0.535387323944
arq-	0.0736015701668	0.90284592738	0.00588812561335	0.01766437684
ale-	0.449480392552	0.355836069878	0.0383416609533	0.156341876616
sid-	0.00277264325324	0.985212569316	0.00184842883549	0.0101663585952
luc-	0.0101095197978	0.979780960404	0.0	0.0101095197978
dec-	0.0132158590308	0.735682819383	0.0	0.251101321586
net-	0.541081609436	0.175529741576	0.0541753673833	0.229213281606
imu-	0.688700564415	0.16296286806	0.0423582236353	0.10597834389
—sa-	0.458288741908	0.198985947122	0.0259653678135	0.316759943157
—va-	0.31200129394	0.225684709942	0.0494392926461	0.412874703472
vit-	0.132727583745	0.663530650143	0.0545428520181	0.149198914094
var-	0.301455301455	0.511434511434	0.12474012474	0.0623700623701
siv-	0.0759035523238	0.703226018181	0.0452467685903	0.175623660905
ina-	0.456304016393	0.377494533105	0.0869150507415	0.0792863997611
cre-	0.0214876033058	0.957260920897	0.00850059031877	0.0127508854782
ool-	0.540274358072	0.309883925431	0.0633134013366	0.08652831516
eju-	0.537614384331	0.174377909777	0.153604109809	0.134403596083
vet-	0.416798259886	0.270445824918	0.0671719827628	0.245583932433
iq'-	0.280913963463	0.581753733913	0.073180538958	0.0641517636662
tia-	0.0343600492217	0.804189870146	0.0869938301781	0.074456250454
—ye-	0.366293818668	0.20404625843	0.0235535212921	0.406106401611
ino-	0.435563942767	0.286788134645	0.228743342731	0.0489045798571
—no-	0.22447403099	0.119371109193	0.0629345208343	0.593220338983
lii-	0.247259415072	0.462299259739	0.223089680838	0.067351644351
oné-	0.0714285714285	0.895089285714	0.0200892857143	0.0133928571429
—lo-	0.739130434783	0.0434782608696	0.0	0.217391304348
sod-	0.00676381156774	0.99084896082	0.0	0.00238722761215
cum-	0.0192926045016	0.826366559486	0.0	0.154340836013
can-	0.013125	0.924375	0.0615625	0.000937500000001
zab-	0.0	1.0	0.0	0.0
xoq-	0.105326876513	0.894673123487	0.0	0.0
—to-	0.42349137931	0.427801724138	0.0969827586206	0.051724137931
mot-	0.176291731598	0.0363125832498	0.0184170145082	0.768978670644
etx-	0.341030329	0.357256229569	0.139694426082	0.162019015349
tzꞌ-	0.40106904189	0.430794364034	0.107041830616	0.0610947634592
—la-	0.700909090909	0.149090909091	0.0109090909091	0.139090909091
suu-	0.0536999657234	0.87968922573	0.0426172068401	0.0239936017062
jel-	0.394904458599	0.331210191083	0.0191082802548	0.254777070064
leq-	0.831460674157	0.168539325843	0.0	0.0
nef-	0.0	1.0	0.0	0.0
vuu-	0.242729306488	0.300894854586	0.442953020134	0.013422818792
—vo-	0.898876404494	0.0411985018727	0.0149812734083	0.0449438202247
lai-	0.394427514149	0.38528515455	0.145407052677	0.0748802786243
ijo-	0.600286921017	0.29128502493	0.0250002508051	0.0834278032484
nit-	0.476532556327	0.27458110173	0.0925558788385	0.156330463105
too-	0.582970934114	0.183812731927	0.0647484590036	0.168467874955
nah-	0.0	1.0	0.0	0.0
quꞌ-	0.165332265813	0.801040832666	0.0	0.0336269015212
feb-	0.206896551724	0.793103448276	0.0	0.0
puu-	0.0	0.866492146597	0.0785340314136	0.0549738219895
ebꞌ-	0.415310087158	0.339998491392	0.0696745244869	0.175016896963
ira-	0.607843137255	0.299719887955	0.0672268907563	0.0252100840336
pii-	0.0898203592814	0.844311377246	0.0299401197604	0.0359281437126
iyu-	0.755332379098	0.134852288993	0.0619471103081	0.0478682216017
apó-	0.0516554689803	0.867403774212	0.0480278720365	0.0329128847709
tio-	0.088556038885	0.804406405368	0.0259602136133	0.0810773421335
elm-	0.0	1.0	0.0	0.0
ile-	0.811044237517	0.0446956548713	0.00707124892006	0.137188858691
xik-	0.465863453815	0.518072289157	0.0160642570281	0.0
agr-	0.0178881987578	0.976894409938	0.00521739130434	0.0
eni-	0.520061027484	0.230292991158	0.0746281958229	0.175017785536
moj-	0.0753319263684	0.0319904943155	0.0103013647275	0.882376214589
leg-	0.0	0.916955017301	0.0	0.083044982699
ixq-	0.127688630932	0.721406623421	0.0751109593719	0.0757937862752
qal-	0.192539146971	0.125591356484	0.0303369817296	0.651532514816
jep-	0.0365853658536	0.951219512195	0.0121951219512	0.0
unh-	0.0445583596215	0.435725552051	0.236395899054	0.283320189274
eq'-	0.568794594765	0.243866776424	0.0742841506002	0.113054478211
maj-	0.109930519937	0.076700388212	0.0277615062969	0.785607585554
isb-	0.319088319088	0.190883190883	0.05698005698	0.433048433049
neá-	0.0	1.0	0.0	0.0
tec-	0.312765794003	0.284494134038	0.133092350854	0.269647721104
sek-	0.297315795534	0.11673095023	0.0321461953364	0.5538070589
cam-	0.0327441004004	0.9672558996	0.0	0.0
yan-	0.371134868556	0.426192787216	0.143292827645	0.0593795165834
min-	0.248629488004	0.180027748638	0.101011810091	0.470330953267
est-	0.0726306706305	0.202035491358	0.016135793889	0.709198044122
je'-	0.147900903028	0.0710889403187	0.045850297139	0.735159859514
see-	0.0718051487121	0.0358544382283	0.0107583492707	0.881582063789
kay-	0.0211681693454	0.978831830655	0.0	0.0
qeꞌ-	0.431125131441	0.155099894848	0.161409043113	0.252365930599
—pe-	0.179046383393	0.00875770353551	0.0	0.812195913072
max-	0.281099502889	0.674874772151	0.0256552785736	0.018370446386
oki-	0.365507752553	0.426787320739	0.0984283219559	0.109276604752
eel-	0.245270982009	0.182079820644	0.179622739798	0.393026457549
—at-	0.272965543694	0.313622706642	0.0891772677875	0.324234481877
iat-	0.258845537785	0.310944559994	0.0304513614956	0.399758540725
aan-	0.0568870343172	0.634733584249	0.0414407953215	0.266938586113
gog-	0.0	0.972222222222	0.0277777777778	0.0
vek-	0.379106430309	0.505484472422	0.0448351888671	0.0705739084019
jup-	0.493145857377	0.371175715245	0.0461909668318	0.0894874605462
ipe-	0.766826062882	0.188409753033	0.0191528349814	0.025611349103
k'e-	0.279069767442	0.139534883721	0.581395348837	0.0
yeb-	0.380368098159	0.220858895706	0.361963190184	0.0368098159509
qul-	0.354563201562	0.32186432406	0.0912640312348	0.232308443143
nep-	0.471901862804	0.374809946417	0.0667052597764	0.0865829310033
sau-	0.171493248652	0.733579672267	0.017849853416	0.0770772256652
pri-	0.0277368554737	0.966167132334	0.0	0.00609601219202
yoj-	0.0695988400193	0.704204929918	0.226196230063	0.0
arp-	0.0650406504065	0.886178861789	0.0487804878049	0.0
voy-	0.386015406755	0.145432997545	0.2057055786	0.2628460171
sja-	0.466606207764	0.363718807594	0.0424187461604	0.127256238481
squ-	0.346055979644	0.361323155216	0.262086513995	0.030534351145
okp-	0.0720720720721	0.81981981982	0.0	0.108108108108
vau-	0.579948354306	0.383517099097	0.0297031055731	0.00683144102416
jub-	0.171116249737	0.759512297667	0.00441454698339	0.0649569056128
tze-	0.135268319584	0.557535391899	0.0311494393972	0.27604684912
yij-	0.347692307692	0.175384615385	0.341538461538	0.135384615385
pit-	0.240558572537	0.419829325058	0.312800620636	0.0268114817688
vee-	0.248613704604	0.473871052876	0.0265254077107	0.250989834809
eti-	0.353320661286	0.287482678739	0.0813504515239	0.277846208451
elí-	0.0320940895046	0.961327618858	0.00299013256254	0.00358815907505
a'n-	0.215631011444	0.0850735327585	0.098494848275	0.600800607523
evu-	0.166877370417	0.34386852086	0.261694058154	0.227560050569
cle-	0.0272727272727	0.942424242424	0.0121212121212	0.0181818181818
pet-	0.0408131201559	0.0211774410333	0.00794558557894	0.930063853232
sai-	0.29201353953	0.115448419241	0.0261753158046	0.566362725424
quí-	0.0478087649403	0.95219123506	0.0	0.0
heb-	0.0344245429845	0.91044343032	0.0258513809386	0.029280645757
atu-	0.238172920065	0.615008156607	0.00978792822186	0.137030995106
tu'-	0.157894736842	0.684210526316	0.135338345865	0.0225563909774
nay-	0.417121982154	0.376049091668	0.0758033108751	0.131025615303
xop-	0.0550458715596	0.229357798165	0.715596330275	0.0
chu-	0.188045893457	0.644890048201	0.068407078107	0.0986569802351
lep-	0.124521072797	0.840996168582	0.0229885057471	0.0114942528736
dav-	0.0073261979519	0.973765619489	0.0026309550656	0.0162772274938
pát-	0.0	1.0	0.0	0.0
tan-	0.205638618975	0.0275692458786	0.00450969930876	0.762282435838
a'i-	0.334390243902	0.26756097561	0.0512195121951	0.346829268293
kup-	0.228419980493	0.518379690594	0.0599893633097	0.193210965603
vii-	0.0274645851402	0.852269442035	0.0416305290546	0.0786354437699
rem-	0.305483028721	0.532637075718	0.0287206266318	0.13315926893
q'i-	0.0623031878818	0.707603008301	0.0129038002013	0.217190003615
vut-	0.718791064389	0.27332457293	0.00788436268068	0.0
220-	0.0	0.68458781362	0.0394265232975	0.275985663082
vai-	0.0	0.732265955081	0.267734044919	0.0
ton-	0.06427289548	0.649420570109	0.245405600924	0.0409009334873
yaa-	0.174324233544	0.631053347553	0.0732258768799	0.121396542024
itx-	0.449052703483	0.321374669649	0.130119603059	0.0994530238088
nak-	0.419122462344	0.289039709472	0.213133297613	0.0787045305709
niy-	0.404916406587	0.399675316689	0.108991673438	0.0864166032862
esi-	0.583428286569	0.306117362199	0.0246403646204	0.0858139866116
aya-	0.280281199277	0.198883151704	0.077573434306	0.443262214713
bee-	0.0507042253521	0.943661971831	0.0056338028169	0.0
noe-	0.0493199820654	0.950680017935	0.0	0.0
put-	0.0	1.0	0.0	0.0
tin-	0.200116991472	0.49231858625	0.0838952002709	0.223669222007
ido-	0.137483787289	0.815823605707	0.0466926070039	0.0
liꞌ-	0.0584297011826	0.622491079433	0.0162836872148	0.302795532169
ayo-	0.338649367032	0.457269000315	0.129522007478	0.0745596251746
pub-	0.0620689655172	0.896551724138	0.0206896551724	0.0206896551724
evi-	0.0925308549067	0.656189795304	0.234685430464	0.0165939193257
top-	0.488337154668	0.216775251496	0.0324919850158	0.26239560882
tun-	0.191407408533	0.561994044457	0.134808483271	0.111790063738
vaꞌ-	0.236487952344	0.0396880892424	0.0371679563885	0.686656002025
onk-	0.0939267653571	0.354869900697	0.451649084809	0.099554249137
rom-	0.0376980943302	0.761871501789	0.18636676829	0.0140636355914
joo-	0.142477234265	0.835603191232	0.0219195745024	0.0
ti'-	0.0198748598354	0.0320487026987	0.00796941074388	0.940107026722
eqo-	0.803738317757	0.0841121495327	0.11214953271	0.0
ulo-	0.59857513467	0.165745738998	0.0644885382032	0.171190588129
pér-	0.0132048103238	0.986795189676	0.0	0.0
jes-	0.0192514168393	0.712222872406	0.00443804109335	0.264087669662
to'-	0.21021021021	0.0884850367609	0.349746298022	0.351558455007
qam-	0.563106796117	0.0873786407767	0.0	0.349514563107
con-	0.114754098361	0.885245901639	0.0	0.0
anc-	0.427049603454	0.332676333943	0.0178328405838	0.222441222019
mak-	0.407085252238	0.54193253401	0.0324432269336	0.0185389868192
nik-	0.576925047703	0.151849763199	0.0564466020088	0.214778587089
miy-	0.030303030303	0.924242424242	0.0	0.0454545454546
teb-	0.893617021277	0.106382978723	0.0	0.0
a's-	0.50729086723	0.31465848043	0.0736761320031	0.104374520338
gov-	0.0471574534975	0.932407649987	0.0110034058161	0.0094314906995
saꞌ-	0.462195757194	0.250905536939	0.0931306156606	0.193768090206
may-	0.35253164557	0.514556962025	0.026582278481	0.106329113924
esu-	0.488630210303	0.342567124323	0.0959655234645	0.0728371419101
aaq-	0.379292254263	0.217805112816	0.0676352559877	0.335267376933
apu-	0.703296703297	0.296703296703	0.0	0.0
oq'-	0.517010670263	0.415324654976	0.038233825933	0.0294308488282
cap-	0.0198131443299	0.969555412371	0.000966494845361	0.00966494845361
ara-	0.0878303964758	0.906112334802	0.00275330396476	0.00330396475772
gad-	0.0359940009998	0.928011998	0.0239960006665	0.0119980003333
jik-	0.108730881966	0.377035443184	0.328325893696	0.185907781154
amo-	0.204245002381	0.310563245644	0.0437172202151	0.44147453176
ilb-	0.254362698868	0.362046656401	0.330963879447	0.0526267652832
afr-	0.0602409638554	0.867469879518	0.0481927710843	0.0240963855422
okn-	0.335237775164	0.368677533188	0.107628969921	0.188455721727
—ja-	0.363025210084	0.436974789916	0.0	0.2
alu-	0.529411764706	0.137254901961	0.294117647059	0.0392156862745
kal-	0.121726910121	0.170293673921	0.191993717321	0.515985698638
qeq-	0.583511319949	0.155061939342	0.0768902178556	0.184536522853
vej-	0.321724273886	0.317518727822	0.325272703378	0.0354842949139
b'e-	0.556589642624	0.124240187993	0.0131941417329	0.30597602765
jus-	0.00230946882217	0.997690531178	0.0	0.0
teó-	0.0954907161803	0.819628647215	0.0689655172413	0.0159151193634
eze-	0.0	1.0	0.0	0.0
ixb-	0.12080180539	0.816275056418	0.0254878534449	0.0374352847471
jos-	0.222581790915	0.577462935922	0.190483707592	0.00947156557085
sav-	0.37311324504	0.153534444479	0.0780999987098	0.395252311771
eb'-	0.4538015805	0.257547705763	0.0729298967128	0.215720817024
pee-	0.211128650355	0.61038961039	0.116416732439	0.0620650068164
cor-	0.0590316849275	0.88286941072	0.0407092093574	0.0173896949956
atz-	0.542601756221	0.106221015156	0.0344358884364	0.316741340187
sax-	0.451120587443	0.32151881783	0.105791881667	0.12156871306
quc-	0.425682507583	0.32760364004	0.184024266936	0.0626895854398
yok-	0.288461538461	0.711538461539	0.0	0.0
o'l-	0.028982007004	0.261321096486	0.0932254558628	0.616471440647
aco-	0.517305893358	0.44340505145	0.0392890551918	0.0
sep-	0.457085559863	0.340050624243	0.0706171511023	0.132246664792
t'o-	0.323596160633	0.203126635269	0.382043044272	0.0912341598261
rib-	0.243616701712	0.275758486032	0.437368579153	0.043256233103
—yu-	0.315668202765	0.684331797235	0.0	0.0
aca-	0.0150121065375	0.978450363196	0.000726392251815	0.00581113801453
ooj-	0.647530828916	0.181396615846	0.0606856235363	0.110386931701
six-	0.458944739307	0.364658133	0.0686856072432	0.10771152045
nev-	0.603253643601	0.303461070741	0.058979522898	0.0343057627595
vat-	0.109484363329	0.175971794705	0.0299912213553	0.684552620611
jue-	0.0296494846905	0.932053264251	0.0148247423452	0.0234725087133
nee-	0.554831199069	0.295227008149	0.0784633294529	0.0714784633294
ced-	0.027972027972	0.972027972028	0.0	0.0
sot-	0.527995677374	0.289970505297	0.0840113480037	0.0980224693253
yik-	0.743882544861	0.159053833605	0.0872756933116	0.00978792822185
iuu-	0.514197212184	0.485802787816	0.0	0.0
ved-	0.232044198895	0.325966850829	0.0607734806629	0.381215469613
cir-	0.0480123902942	0.951987609706	0.0	0.0
vev-	0.11598677209	0.792090101483	0.0678594807661	0.0240636456617
pak-	0.463414634146	0.243902439024	0.146341463415	0.146341463415
—le-	0.543175487465	0.1643454039	0.050139275766	0.242339832869
for-	0.0406320541761	0.945823927765	0.0	0.0135440180587
evt-	0.104464285714	0.26875	0.551785714286	0.075
ber-	0.0440658892423	0.92275527062	0.0147702619493	0.0184085781886
iqu-	0.137001528415	0.223148534111	0.102125885786	0.537724051688
lay-	0.460075916637	0.363958224878	0.0755157125481	0.100450145937
viv-	0.135144230956	0.754258452154	0.0535128780136	0.0570844388765
pes-	0.457142857143	0.114285714286	0.257142857143	0.171428571429
álo-	0.0754716981132	0.849056603774	0.0377358490566	0.0377358490566
zar-	0.0	1.0	0.0	0.0
uns-	0.391709964665	0.140731508011	0.0350489485487	0.432509578775
att-	0.475132275132	0.273015873016	0.139682539683	0.112169312169
—ta-	0.138151973887	0.726449689041	0.0296183862345	0.105779950838
xhe-	0.0461954060347	0.91565475461	0.0209397861265	0.0172100532286
loi-	0.0697674418604	0.93023255814	0.0	0.0
oso-	0.0	0.819095477387	0.180904522613	0.0
neb-	0.257228600744	0.185238511089	0.075016948742	0.482515939424
sub-	0.154593441722	0.67227954407	0.136493532047	0.0366334821607
leꞌ-	0.523483819256	0.277523563079	0.0893962515643	0.1095963661
tam-	0.105025745316	0.830232356886	0.032938860283	0.0318030375146
imi-	0.665188470066	0.30155210643	0.0332594235033	0.0
kuq-	0.314770667227	0.450297498963	0.0801272397665	0.154804594043
jan-	0.0994004075541	0.195347967114	0.0308236678065	0.674427957525
niv-	0.358312580121	0.123249205434	0.0491997670615	0.469238447384
toa-	0.040404040404	0.959595959596	0.0	0.0
vah-	0.331920903955	0.597457627119	0.0282485875706	0.0423728813559
loꞌ-	0.586409508176	0.182975772916	0.0292737358306	0.201340983077
ist-	0.0638095238096	0.792380952381	0.0952380952381	0.0485714285714
fel-	0.00836751435603	0.988187038556	0.0	0.00344544708778
die-	0.156069364162	0.782273603083	0.0385356454721	0.0231213872832
nix-	0.47950599096	0.368125866661	0.0819299688385	0.0704381735408
eja-	0.589286421643	0.240512878558	0.06702989227	0.103170807529
etz-	0.378471531918	0.362885646263	0.0876576454115	0.170985176407
toy-	0.239052725648	0.667751819226	0.0673432912039	0.0258521639219
tim-	0.048076196977	0.761333416676	0.147037291361	0.0435530949852
tri-	0.0496404546509	0.942172554478	0.00191029787002	0.00627669300149
unl-	0.578996127557	0.283291597792	0.0542307804337	0.0834814942173
pua-	0.110781898089	0.849175085297	0.0243320879992	0.0157109286149
zen-	0.0671462829736	0.836930455636	0.00959232613908	0.0863309352517
—ra-	0.529411764706	0.470588235294	0.0	0.0
rah-	0.0190369540873	0.967525195969	0.013437849944	0.0
mol-	0.3892303548	0.441796105617	0.0617030954321	0.107270444151
tos-	0.0219819938227	0.943615692975	0.00433725438654	0.0300650588158
ena-	0.347611898007	0.436916777834	0.124912217592	0.090559106567
iya-	0.373998130091	0.307453056509	0.221805850765	0.0967429626341
tes-	0.0490374137305	0.935706501998	0.0130766436615	0.00217944061024
—lu-	0.201634877384	0.75204359673	0.0	0.0463215258855
naj-	0.0447695654189	0.309818007201	0.0142031818224	0.631209245558
elo-	0.457608859559	0.348592146512	0.0800863795582	0.113712614371
oyo-	0.208791208791	0.395604395604	0.043956043956	0.351648351648
suꞌ-	0.623762921641	0.181168077691	0.0324949581859	0.162574042482
qoj-	0.172557172557	0.823284823285	0.00415800415799	0.0
luꞌ-	0.106828263097	0.819751908044	0.00628923837323	0.0671305904855
lee-	0.0836366027974	0.908690314377	0.00306923313019	0.00460384969527
jon-	0.0213047414369	0.949352819221	0.0125891653945	0.0167532739481
jer-	0.0114147224487	0.983003582996	0.00196877781684	0.00361291673835
ivi-	0.189263946752	0.467139027746	0.21032961567	0.133267409832
kec-	0.176807444524	0.662133142448	0.00214745884037	0.158911954188
uln-	0.469889308799	0.329031932931	0.0682609468864	0.132817811384
—xe-	0.534482758621	0.293103448276	0.0689655172414	0.103448275862
ipu-	0.30030414599	0.627767995304	0.0367109545916	0.035216904114
qaj-	0.0	1.0	0.0	0.0
unn-	0.345878247235	0.342698961999	0.0997659529052	0.21165683786
nij-	0.446491797515	0.349850701843	0.140141096347	0.0635164042951
mah-	0.0	1.0	0.0	0.0
neꞌ-	0.448205246465	0.439966740667	0.0639527613529	0.0478752515156
tum-	0.332514332514	0.495495495496	0.11466011466	0.05733005733
eno-	0.170668058455	0.767223382046	0.0464509394572	0.0156576200418
ite-	0.0674035151296	0.780721145135	0.122775865193	0.0290994745425
seꞌ-	0.513147912978	0.28827672705	0.068356589432	0.13021877054
sme-	0.181140317843	0.688559162461	0.0964073209309	0.0338931987648
sni-	0.521459227468	0.210300429185	0.223175965665	0.0450643776824
seg-	0.0	0.956678700361	0.043321299639	0.0
—et-	0.318403115871	0.0730282375852	0.0233690360272	0.585199610516
mil-	0.0177020448025	0.38821159817	0.0161970126533	0.577889344375
qix-	0.646788990826	0.252293577982	0.0266055045872	0.0743119266055
eej-	0.172134367363	0.510922464264	0.0234467801841	0.293496388189
aml-	0.013896010461	0.9005924036	0.0527333198718	0.0327782660674
oko-	0.482770812074	0.136144221825	0.0641361712989	0.316948794802
ya'-	0.408439979557	0.286557271951	0.128509400589	0.176493347903
svi-	0.0360712778871	0.0548109185815	0.00246096809102	0.90665683544
—it-	0.545617440645	0.389577422727	0.043900253845	0.0209048827833
nuq-	0.281690140845	0.718309859155	0.0	0.0
kam-	0.201012194414	0.266275820355	0.0733742283583	0.459337756873
aal-	0.294445957745	0.0903384729905	0.078739428028	0.536476141237
eex-	0.22641509434	0.603773584906	0.12051125989	0.0493000608643
iar-	0.296551724138	0.703448275862	0.0	0.0
alt-	0.689439686433	0.172840327483	0.0745703339284	0.0631496521556
jor-	0.00424553334513	0.994693083319	0.0	0.00106138333628
bꞌi-	0.194894589735	0.307771907926	0.289318755859	0.20801474648
ixe-	0.405635530644	0.396393742755	0.103810593073	0.094160133528
sej-	0.318355826917	0.1231803307	0.0550065066699	0.503457335714
nuꞌ-	0.514454189373	0.301377299046	0.0517498297003	0.13241868188
uzi-	0.0	1.0	0.0	0.0
por-	0.329150835027	0.316514977468	0.119289564372	0.235044623133
alf-	0.0	1.0	0.0	0.0
qav-	0.571554965716	0.368281353683	0.0601636806016	0.0
cos-	0.0	1.0	0.0	0.0
lix-	0.0234636871508	0.95843575419	0.0100558659218	0.00804469273742
iib-	0.222222222222	0.16374848585	0.0330360092501	0.580993282678
say-	0.487824357597	0.286985759978	0.0930919641153	0.13209791831
epa-	0.342759731387	0.416773798542	0.13598869152	0.10447777855
yaꞌ-	0.233902115457	0.427408843468	0.254160536766	0.0845285043091
seq-	0.51247856869	0.31642365798	0.043996570285	0.127101203046
yoꞌ-	0.491849385834	0.203191367237	0.173631041212	0.131328205717
axe-	0.502590673575	0.316062176166	0.0725388601036	0.108808290155
mel-	0.0238137829256	0.963440812128	0.00737891865302	0.0053664862931
sqe-	0.10248428601	0.0854630352341	0.0378095566435	0.774243122113
sku-	0.235629798713	0.225669225981	0.0621498236149	0.476551151691
ook-	0.364286591341	0.397391391804	0.130073008096	0.108249008759
siy-	0.707421039664	0.161188253855	0.0640108570036	0.0673798494775
láz-	0.0760183591509	0.785331803404	0.0946643717728	0.0439854656722
neq-	0.492104468535	0.297903739586	0.0813837275075	0.128608064372
—ut-	0.421267893661	0.181322426721	0.079754601227	0.317655078391
jud-	0.0210987261146	0.960796870673	0.00373857657158	0.0143658266408
oks-	0.211508426063	0.611013504343	0.106064648932	0.0714134206621
cis-	0.0	0.96449704142	0.0355029585799	0.0
paj-	0.0924400379463	0.10284416562	0.042068520263	0.762647276171
veq-	0.383876177539	0.468504285088	0.0436647476885	0.103954789684
oxv-	0.0335711683543	0.0626166658835	0.0277449793509	0.876067186411
yu'-	0.257471264368	0.742528735632	0.0	0.0
sak-	0.466031224323	0.243309455428	0.0718033258502	0.218855994399
viy-	0.179341059712	0.620234545665	0.0443961547898	0.156028239833
sb'-	0.324546562969	0.23785243276	0.126065955789	0.311535048482
lax-	0.444962572095	0.534421401399	0.0206160265063	0.0
per-	0.0	0.947318007663	0.0397509578544	0.0129310344828
lid-	0.0136363636364	0.986363636364	0.0	0.0
ata-	0.15859030837	0.565478574289	0.200240288346	0.0756908289948
spo-	0.0995475113122	0.809954751131	0.0723981900452	0.0180995475113
lev-	0.0446555280137	0.92506953774	0.0251660390925	0.00510889515412
arc-	0.0809121000368	0.902905479956	0.00809121000368	0.00809121000368
jaꞌ-	0.105308955946	0.854417483874	0.0128078459935	0.027465714186
tꞌi-	0.724137931035	0.0689655172414	0.0	0.206896551724
nec-	0.671596549894	0.204892125769	0.0808513589608	0.0426599653765
e't-	0.197008767406	0.3017019082	0.467251160392	0.034038164002
ijl-	0.08833855215	0.833045269583	0.0364685872454	0.0421475910212
jai-	0.0868412509469	0.893680337626	0.011362406666	0.00811600476138
vik-	0.0882510042149	0.822679040997	0.0481517161929	0.0409182385955
tal-	0.645739108286	0.0780998319122	0.0307025206624	0.245458539139
vay-	0.167449687834	0.370766741327	0.022101517001	0.439682053838
450-	0.0	0.076	0.0	0.924
nem-	0.43685853046	0.257796736407	0.0897826528539	0.215562080279
vak-	0.246738202658	0.632311316471	0.00803612429206	0.112914356578
q'u-	0.478940253106	0.241535898107	0.259070884242	0.0204529645455
chi-	0.205071677923	0.185360397782	0.0681764173616	0.541391506934
kuꞌ-	0.379204472981	0.173973045785	0.024583314029	0.422239167205
txo-	0.1202648756	0.557944027493	0.0683489858343	0.253442111073
pax-	0.43941448486	0.397673447295	0.0495998486673	0.113312219178
til-	0.666615916111	0.118234103733	0.0402467867601	0.174903193396
cás-	0.188405797101	0.695652173913	0.115942028986	0.0
idi-	0.0949736995908	0.887492694331	0.00876680303915	0.00876680303915
pur-	0.0346687211094	0.909861325116	0.0277349768875	0.0277349768876
evo-	0.0892857142858	0.910714285714	0.0	0.0
ik'-	0.440933746074	0.397619828401	0.0533875167961	0.108058908729
exo-	0.366184876814	0.430370231859	0.133343657059	0.0701012342674
eln-	0.344453507341	0.326264274062	0.22145187602	0.107830342577
iqꞌ-	0.369417458195	0.391096400984	0.0630205969729	0.176465543849
ter-	0.108128267998	0.112208649671	0.219952881747	0.559710200585
itz-	0.462977510646	0.345621073541	0.0762833351473	0.115118080665
nam-	0.348443099601	0.433869768071	0.217687132328	0.0
qok-	0.27112059644	0.410070653281	0.0962452160993	0.222563534179
oli-	0.0705672305801	0.90118831587	0.00936603641047	0.0188784171398
siꞌ-	0.421334898078	0.112125873897	0.0379787029597	0.428560525065
uxh-	0.0538719876259	0.443796952049	0.0390582090021	0.463272851323
jec-	0.426458504519	0.532456861134	0.012325390304	0.0287592440427
ula-	0.733333333333	0.0666666666667	0.0	0.2
aꞌx-	0.293307086614	0.344488188976	0.285433070866	0.0767716535433
pi'-	0.0549031806517	0.932032039816	0.00559919122794	0.00746558830391
col-	0.0594479830148	0.851380042463	0.0891719745223	0.0
joc-	0.461024784898	0.21253371003	0.272505457814	0.0539360472583
díd-	0.0495867768595	0.801652892562	0.148760330578	0.0
nim-	0.205091762977	0.456464815821	0.2000036647	0.138439756502
avi-	0.276233495483	0.558959072455	0.0521195274496	0.112687904612
tul-	0.197942772369	0.0769690735295	0.00760865394264	0.717479500159
efr-	0.0	1.0	0.0	0.0
yam-	0.135135135135	0.696696696697	0.048048048048	0.12012012012
alp-	0.491954285627	0.231513365094	0.0765506289344	0.199981720344
mai-	0.0	1.0	0.0	0.0
ese-	0.0	1.0	0.0	0.0
ka'-	0.156202078171	0.199228609161	0.0985656050901	0.546003707577
ape-	0.0104166666667	0.989583333333	0.0	0.0
éfe-	0.0418669561173	0.943712203442	0.00558226081563	0.00883857962475
aꞌt-	0.356216216216	0.151891891892	0.0749549549549	0.416936936937
aja-	0.479709418838	0.356963927856	0.0165330661323	0.146793587174
b'u-	0.284593267842	0.531469472062	0.12332157211	0.0606156879864
—tu-	0.475195822454	0.261096605744	0.0365535248042	0.227154046997
uls-	0.85048251033	0.101020707123	0.0238508766627	0.0246459058848
koy-	0.308080808081	0.247474747475	0.414141414141	0.030303030303
pól-	0.103448275862	0.896551724138	0.0	0.0
440-	0.0	0.677852348993	0.0	0.322147651007
kan-	0.336538459826	0.231000804576	0.0224878750755	0.409972860523
juu-	0.0	1.0	0.0	0.0
slo-	0.0419903099285	0.356148581097	0.538875644082	0.0629854648927
okb-	0.616497829233	0.22489146165	0.0486251808972	0.10998552822
—aq-	0.778185993111	0.130884041332	0.0105625717566	0.0803673938002
ias-	0.032967032967	0.571428571429	0.296703296703	0.0989010989011
—ok-	0.442196531792	0.514450867052	0.0	0.043352601156
100-	0.0323891841601	0.121718762351	0.0901464132043	0.755745640284
daa-	0.044776119403	0.955223880597	0.0	0.0
mna-	0.0192307692308	0.961538461538	0.0192307692308	0.0
xe'-	0.499016474704	0.195586886012	0.0373510830217	0.268045556263
—iꞌ-	0.360933119744	0.201041249499	0.0350420504605	0.402983580296
poc-	0.565268065268	0.34324009324	0.0617715617716	0.0297202797203
unc-	0.180286122118	0.111086668274	0.030740234172	0.677886975436
eku-	0.313865867735	0.413213493638	0.152117946124	0.120802692502
xi'-	0.0301337746518	0.917114880706	0.048613984278	0.00413736036408
mem-	0.349982894287	0.0874101950052	0.510263427985	0.0523434827232
ala-	0.490907237286	0.190779236246	0.0363493120668	0.281964214401
unq-	0.018425742711	0.0486809820882	0.0124101808198	0.920483094381
iqe-	0.463325967638	0.343383942785	0.0818542542828	0.111435835294
pom-	0.0185156611634	0.981484338837	0.0	0.0
yeꞌ-	0.262841933197	0.0907139508283	0.0487648405557	0.597679275419
eye-	0.379536812997	0.37988247494	0.071897684065	0.168683027999
pec-	0.79273541057	0.160268548804	0.00895162678604	0.0380444138406
anu-	0.479508196721	0.459016393443	0.0	0.061475409836
jet-	0.756342744417	0.0654454011039	0.0317291135571	0.146482740922
aam-	0.215579766036	0.414459573739	0.162409550077	0.207551110148
gob-	0.081081081081	0.878378378378	0.0	0.0405405405405
dió-	0.188211986132	0.767211490837	0.0445765230312	0.0
lug-	0.125	0.875	0.0	0.0
ser-	0.0	1.0	0.0	0.0
—ey-	0.607843137255	0.392156862745	0.0	0.0
cri-	0.0173000689429	0.955596615972	0.00791743009929	0.0191858849856
vot-	0.0147540983607	0.877049180328	0.00491803278689	0.103278688525
vav-	0.108640939597	0.699374032008	0.0319437274135	0.160041300981
—ko-	0.759162303665	0.178010471204	0.0	0.0628272251309
fij-	0.0	1.0	0.0	0.0
aq'-	0.283083393594	0.312620188937	0.0366128293813	0.367683588088
luu-	0.107032203549	0.885456764623	0.00751103182798	0.0
isi-	0.691657477824	0.196360295397	0.0332999387253	0.0786822880537
fél-	0.0240621730683	0.966970557465	0.0	0.00896726946644
bit-	0.0	1.0	0.0	0.0
uri-	0.0	1.0	0.0	0.0
iaa-	0.0	0.996007455719	0.00299440821107	0.000998136070355
cef-	0.00972841507904	0.912444264289	0.0437778678557	0.0340494527767
—uk-	0.970588235294	0.0294117647059	0.0	0.0
qee-	0.469280719281	0.267982017982	0.184815184815	0.0779220779221
qꞌo-	0.107093015766	0.770956637491	0.070851433847	0.0510989128957
vep-	0.215424863406	0.600891002659	0.0508175792774	0.132866554657
xoc-	0.435252284287	0.454246747986	0.0686411306657	0.0418598370617
nax-	0.410625	0.325	0.084375	0.18
fri-	0.0149625935162	0.925187032419	0.0598503740648	0.0
ico-	0.0	0.993400065999	0.00659993400065	0.0
bet-	0.0135752874359	0.969940434963	0.00249342014129	0.0139908574595
vix-	0.22566530091	0.649692960451	0.079756320611	0.0448854180281
peq-	0.558782011518	0.344505717258	0.0193424542448	0.0773698169793
sal-	0.14465446174	0.731557412131	0.0375030085993	0.0862851175292
xhu-	0.0355458015625	0.922252547136	0.0124582250859	0.0297434262151
iiq-	0.399756246191	0.417428397319	0.036563071298	0.146252285192
eme-	0.253572147313	0.605554437513	0.0764741396659	0.0643992755082
lic-	0.16997198264	0.679283634566	0.146898862825	0.00384551996924
vij-	0.215995452511	0.527132955094	0.0505293016233	0.206342290772
ren-	0.0	1.0	0.0	0.0
sul-	0.0679857940132	0.350076103501	0.551496702182	0.0304414003044
ma'-	0.598522871232	0.200385590214	0.00814375440851	0.192947784146
lok-	0.0	0.0	1.0	0.0
naz-	0.0021532896113	0.994155356769	0.0029530828955	0.000738270723875
—ya-	0.450777202073	0.279792746114	0.0984455958549	0.170984455959
kus-	0.330159470711	0.242078760461	0.0578780019883	0.369883766839
t'u-	0.157146497217	0.693923815878	0.043138254138	0.105791432767
imo-	0.466827327427	0.202619100533	0.0654406524619	0.265112919578
—so-	0.569105691057	0.276422764228	0.00813008130081	0.146341463415
—qo-	0.28813559322	0.186440677966	0.0338983050847	0.491525423729
vuq-	0.110638297872	0.791489361702	0.0978723404255	0.0
lae-	0.735849056604	0.22641509434	0.0377358490566	0.0
vax-	0.409962341664	0.308456008216	0.10698390962	0.1745977405
tak-	0.307732629667	0.529067823092	0.104467915018	0.0587316322232
vaj-	0.100816040283	0.538352818523	0.0859569597193	0.274874181474
mun-	0.369044740024	0.371946795647	0.0660217654172	0.192986698912
tay-	0.164383561644	0.703196347032	0.0913242009132	0.041095890411
toc-	0.44763382467	0.449961210241	0.102404965089	0.0
nel-	0.504052936311	0.299421009098	0.0764267990074	0.120099255583
saf-	0.126321087066	0.663311524912	0.156014091595	0.0543532964268
vuc-	0.4054098952	0.375308513062	0.126870063791	0.0924115279466
ija-	0.624538241134	0.225912788519	0.0747098917818	0.0748390785661
abe-	0.110658520027	0.866259334691	0.0108621860149	0.0122199592668
xeo-	0.306477826794	0.65172974228	0.0208962154632	0.0208962154632
tik-	0.0880955075455	0.35167266192	0.0629020594983	0.497329771036
xuꞌ-	0.0952101743659	0.826471778978	0.0276416635255	0.0506763831302
sq'-	0.0844831677798	0.762450418687	0.0762958944977	0.0767705190358
pim-	0.0558139534883	0.739534883721	0.204651162791	0.0
tro-	0.14308679444	0.851924222897	0.00498898266329	0.0
ela-	0.246531009493	0.17735501175	0.130083873779	0.446030104978
iyo-	0.408353063136	0.430343577832	0.0592257679995	0.102077591033
tiy-	0.195377166305	0.239322161416	0.340064420389	0.225236251889
itu-	0.0742445677163	0.771380056261	0.0616722141224	0.0927031619
teq-	0.774559968605	0.120152021299	0.0500425461953	0.0552454639003
fen-	0.0708929788684	0.86366734833	0.0259032038173	0.0395364689843
nal-	0.271047475333	0.101685313833	0.0333963137738	0.593870897061
—za-	0.0456273764259	0.931558935361	0.0	0.0228136882129
lek-	0.390361445783	0.410843373494	0.130120481928	0.0686746987952
rob-	0.0	1.0	0.0	0.0
jol-	0.37116768905	0.141530012194	0.0507690449249	0.436533253831
epí-	0.474934036939	0.353562005277	0.0554089709762	0.116094986807
uqꞌ-	0.0660279160762	0.775304430705	0.102083045937	0.0565846072812
koo-	0.205504510133	0.669823544534	0.0865433770306	0.0381285683021
tx'-	0.119089463016	0.724381502515	0.117884641533	0.0386443929366
txꞌ-	0.10248826738	0.725458402546	0.118387407598	0.0536659224758
okꞌ-	0.51803563668	0.301173402868	0.0721425467188	0.108648413733
com-	0.173913043478	0.802371541502	0.0237154150198	0.0
job-	0.102925327084	0.747832948645	0.128656658855	0.0205850654167
ixu-	0.443228671107	0.437836980653	0.102283539486	0.0166508087536
tuc-	0.039951478639	0.0187093839443	0.0191673749332	0.922171762483
nil-	0.432510261877	0.375377859802	0.125926750883	0.0661851274382
adr-	0.156583629893	0.758007117438	0.0782918149466	0.00711743772243
ise-	0.48285691845	0.301854099932	0.0520860439399	0.163202937678
man-	0.0408961308889	0.886272096322	0.0211098789827	0.0517218938065
esp-	0.0146674944167	0.962005549083	0.0159613157918	0.00736564070884
tíq-	0.0170523751523	0.975639464068	0.0	0.00730816077955
arf-	0.0	1.0	0.0	0.0
yax-	0.0	1.0	0.0	0.0
zeb-	0.0	1.0	0.0	0.0
—pa-	0.641666666667	0.241666666667	0.0166666666667	0.1
his-	0.0	0.917667238422	0.0823327615781	0.0
pum-	0.86895475819	0.0405616224649	0.0717628705148	0.0187207488299
—ab-	0.327942925089	0.246254458977	0.0064209274673	0.419381688466
yiꞌ-	0.322003125671	0.176389064065	0.420092313113	0.0815154971501
jit-	0.0817363022798	0.0403808958422	0.0201192479729	0.857763553905
pap-	0.0227148554024	0.848525763808	0.0274437152636	0.101315665526
ch'-	0.293856283332	0.331510629167	0.11474148248	0.259891605021
300-	0.032967032967	0.205651491366	0.218210361067	0.5431711146
aer-	0.0221811460259	0.966728280961	0.0110905730129	0.0
—oj-	0.0796829370046	0.0200250312891	0.0325406758448	0.867751355861
jut-	0.336045228902	0.350110314396	0.292884721456	0.0209597352454
okc-	0.358855375097	0.443155452436	0.0574890435679	0.140500128899
sev-	0.113530682435	0.228453976116	0.0491435418958	0.608871799553
jop-	0.00588235294118	0.988235294118	0.00392156862745	0.00196078431373
qop-	0.158564001686	0.249543346916	0.0843051847689	0.507587466629
cas-	0.198555956679	0.801444043321	0.0	0.0
ekꞌ-	0.161093469409	0.271505397792	0.03804374752	0.529357385279
ive-	0.340186021207	0.411033351472	0.130120088457	0.118660538864
ipi-	0.644980220509	0.191002931259	0.138910358615	0.0251064896177
ilt-	0.474794841735	0.451934349355	0.0369284876905	0.0363423212192
unp-	0.182212728027	0.152962171663	0.0570746828028	0.607750417507
sii-	0.395605929633	0.308054184944	0.0868183258077	0.209521559616
boa-	0.0759878419453	0.893617021277	0.0303951367781	0.0
