-yer	0.466666666667	0.444444444444	0.0888888888889	0.0
-can	0.452234206472	0.395223420647	0.0508474576271	0.101694915254
-cam	0.154690508332	0.1842344037	0.637794055813	0.0232810321553
-hem	0.0	1.0	0.0	0.0
-hen	0.0572827621251	0.864397001164	0.070716330234	0.00760390647678
-ics	0.192408376963	0.642670157068	0.0	0.164921465969
-rbe	0.089430894309	0.910569105691	0.0	0.0
-hek	0.375996015936	0.525398406375	0.0836653386454	0.0149402390438
-aan	0.206956792604	0.240719734393	0.321287583506	0.231035889496
-nym	0.793885601578	0.146942800789	0.0266272189349	0.0325443786982
-ufu	0.136437859985	0.392064010451	0.0166780476219	0.454820081943
-ziz	0.177660086663	0.730861819933	0.0110736639384	0.0804044294655
-ufr	0.615751789976	0.299522673031	0.046539379475	0.0381861575179
-ufs	0.0474068071313	0.905186385737	0.0474068071313	0.0
-zip	0.021978021978	0.978021978022	0.0	0.0
-ufe	0.0733062717256	0.0520572575924	0.0788153161839	0.795821154498
-zim	0.463695183321	0.357296908699	0.120776419842	0.058231488138
-zik	0.14966848841	0.521252719766	0.300296390207	0.0287824016173
-nsk	0.603690685413	0.309314586995	0.00790861159929	0.079086115993
-ufn	0.0363537710255	0.939229517092	0.00976668475312	0.0146500271297
-ufo	0.0	0.862068965517	0.137931034483	0.0
-ufi	0.328	0.672	0.0	0.0
-nti	0.0267260579064	0.955456570156	0.00890868596881	0.00890868596882
-mun	0.738317757009	0.261682242991	0.0	0.0
-paf	0.201117318436	0.346368715084	0.167597765363	0.284916201117
-akn	0.280665280665	0.575883575884	0.0405405405405	0.102910602911
-nta	0.0	1.0	0.0	0.0
-yen	0.0454545454545	0.931818181818	0.0227272727273	0.0
-uan	0.227330229664	0.302729459873	0.0560261208284	0.413914189635
-dus	0.0247224722472	0.925232523252	0.0424842484248	0.00756075607561
-her	0.700795228628	0.174329025845	0.0782803180915	0.0465954274354
-nan	0.436241610738	0.454028904352	0.0570263927204	0.0527030921892
-ban	0.292997411769	0.33590519316	0.133819383736	0.237278011335
-wm!	0.253521126761	0.695774647887	0.0	0.0507042253521
-sma	0.665994079024	0.313762135521	0.018259100607	0.00198468484859
-opa	0.0	0.995575221239	0.00442477876106	0.0
-hl!	0.492063492064	0.0	0.452380952381	0.0555555555556
-ri!	0.151515151515	0.585858585859	0.030303030303	0.232323232323
-dek	0.0437415881561	0.936069986541	0.0121130551817	0.00807537012114
-den	0.0357142857143	0.964285714286	0.0	0.0
-ima	0.00538053989597	0.991565640163	0.0	0.00305381994096
-des	0.0	1.0	0.0	0.0
-sa!	0.0772532188842	0.536480686695	0.0257510729614	0.360515021459
-kis	0.594284729106	0.314339899142	0.0348260850825	0.0565492866687
-obi	0.353260869565	0.570652173913	0.0543478260869	0.0217391304348
-bir	0.569100021729	0.227612057422	0.0703356556158	0.132952265234
-bis	0.428372739917	0.525730180807	0.0375521557719	0.00834492350487
-kpr	0.33552631579	0.546052631579	0.118421052632	0.0
-ida	0.461227922624	0.203111858705	0.0391925988225	0.296467619849
-its	0.110996533302	0.836769803968	0.0522336627301	0.0
-kpk	0.0	0.945205479452	0.0	0.0547945205479
-me!	0.218581341557	0.0851966075559	0.0	0.696222050887
-bin	0.366757000903	0.268593797049	0.0511894007829	0.313459801265
-kpa	0.54369173406	0.271180591087	0.0431844890994	0.141943185754
-bim	0.105263157895	0.842105263158	0.0263157894737	0.0263157894737
-bik	0.0398185404339	0.846177514793	0.102358974359	0.0116449704142
-rif	0.119198047	0.580856969359	0.118985706577	0.180959277063
-ter	0.343897505057	0.455495616993	0.104517869184	0.0960890087661
-tes	0.463832181948	0.385751448914	0.0420126919461	0.108403677191
-tet	0.720588235294	0.22794117647	0.0367647058824	0.0147058823529
-sim	0.482586027112	0.122210636079	0.10740354536	0.287799791449
-tew	0.300653594771	0.18954248366	0.450980392157	0.0588235294118
-rin	0.244488708574	0.510436015251	0.108881611106	0.13619366507
-utk	0.763636363636	0.0909090909091	0.0	0.145454545455
-bbi	0.171428571429	0.626530612245	0.0	0.202040816326
-rim	0.139438934566	0.59366285709	0.203402408677	0.0634957996668
-rik	0.425808009555	0.302837290184	0.0710743167794	0.200280383482
-eru	0.484344422701	0.0582191780822	0.0307520268381	0.426684372379
-im!	0.630769230769	0.0615384615385	0.123076923077	0.184615384615
-teb	0.838151034838	0.0511254797614	0.0216297041248	0.0890937812761
-ris	0.025641025641	0.961538461538	0.0	0.0128205128205
-rip	0.916993505362	0.0548987866798	0.00223770102192	0.0258700069364
-utu	0.0677844724107	0.847258007518	0.0313040125936	0.0536535074782
-tei	0.885788449059	0.0817650876055	0.0259571706684	0.00648929266709
-tek	0.0870392384439	0.589850265353	0.274516161294	0.048594334909
-ok!	0.526958290946	0.287894201424	0.122075279756	0.0630722278738
-nap	0.0352292100479	0.950855251983	0.00704584200957	0.00686969595934
-ten	0.631578947368	0.125563909774	0.018045112782	0.224812030075
-riy	0.215185345243	0.30326975881	0.064838926525	0.416705969423
-duk	0.199022173934	0.49990031515	0.28490844541	0.0161690655048
-gyk	0.325301204819	0.132530120482	0.0722891566265	0.469879518072
-oya	0.00619195046438	0.956656346749	0.0185758513932	0.0185758513932
-mes	0.0	0.92523364486	0.0747663551401	0.0
-ba?	0.435897435897	0.391025641026	0.115384615385	0.0576923076923
-nzo	0.0256362484629	0.903007042516	0.0219473115475	0.0494093974736
-arm	0.0320855614974	0.967914438503	0.0	0.0
-lus	0.0248197270152	0.927407932011	0.0068568117435	0.04091552923
-ari	0.130916378627	0.821172009292	0.0171473137976	0.030764298284
-gya	0.176092415871	0.16614766449	0.0638874937217	0.593872425917
-ark	0.109135004042	0.838722716249	0.0291026677445	0.0230396119644
-g'a	0.302521008403	0.596638655462	0.0	0.100840336134
-g'e	0.195730483347	0.433193536613	0.240924190393	0.130151789647
-lun	0.0	1.0	0.0	0.0
-g'i	0.209146593039	0.512396605764	0.0837281211335	0.194728680064
-men	0.384410393071	0.492671552298	0.0769487008661	0.0459693537642
-gyr	0.0948792130406	0.156676727037	0.41188340639	0.336560653532
-mek	0.0	1.0	0.0	0.0
-aye	0.163636363636	0.109090909091	0.618181818182	0.109090909091
-aya	0.0797310286223	0.214468773693	0.0167845566396	0.689015641045
-ayo	0.0995436727309	0.118009850236	0.0526846919288	0.729761785104
-ila	0.0457128743895	0.926869210607	0.00897581117304	0.0184421038309
-ayi	0.115747565662	0.170740723776	0.0474415988016	0.66607011176
-ayu	0.239467340145	0.116863735507	0.0337504304902	0.609918493858
-da!	0.211764705882	0.72	0.0282352941176	0.04
-ayr	0.007395774317	0.00743196928682	0.00192394652476	0.983248309871
-gip	0.0551346569521	0.0453012056614	0.0577486344763	0.84181550291
-mor	0.0	0.95652173913	0.0434782608696	0.0
-ndi	0.0560914368626	0.0241437777774	0.0236213004361	0.896143484924
-p'e	0.14283526816	0.733702136397	0.0440272089202	0.0794353865231
-ubs	0.384615384615	0.409141583055	0.172798216276	0.0334448160535
-ubu	0.0	0.75	0.0166666666667	0.233333333333
-ak!	0.394060033889	0.436267145021	0.041617861777	0.128054959314
-ak?	0.340425531915	0.404255319149	0.0	0.255319148936
-ubi	0.0615835777126	0.674486803519	0.263929618768	0.0
-ubk	0.137920518969	0.587548341489	0.00895790305367	0.265573236489
-uba	0.338258042113	0.357893739938	0.146794203997	0.157054013953
-si!	0.0	1.0	0.0	0.0
-ube	0.21992481203	0.661654135338	0.0479323308271	0.0704887218045
-ufa	0.285733863232	0.194189392901	0.130190489242	0.389886254625
-ota	0.0207612456748	0.979238754325	0.0	0.0
-'ma	0.338709677419	0.5	0.0322580645161	0.129032258064
-'me	0.209294844316	0.57547520372	0.0631247470611	0.152105204902
-oti	0.0126300148588	0.975482912333	0.0074294205052	0.00445765230312
-iji	0.166666666667	0.388888888889	0.444444444444	0.0
-uma	0.198305084746	0.772881355932	0.0254237288135	0.00338983050848
-umi	0.149714828897	0.42647704007	0.0222652822463	0.401542848786
-kbk	0.21652830803	0.762468946156	0.0	0.0210027458136
-umk	0.0	0.0075187969925	0.992481203008	0.0
-ako	0.124137931034	0.186206896552	0.675862068966	0.0137931034483
-nak	0.59275477707	0.332006369427	0.0214968152867	0.0537420382165
ALL	0.205261099377	0.345449986231	0.0631050144225	0.386183899969
-nai	0.0	1.0	0.0	0.0
-akk	0.11648315028	0.69050065492	0.112019050528	0.0809971442721
-aki	0.047995001704	0.895774167897	0.0494149721686	0.00681585823015
-nam	0.133036054941	0.674921308661	0.182277756581	0.00976487981686
-sis	0.0	1.0	0.0	0.0
-sip	0.314365024289	0.614850798057	0.0499653018737	0.0208188757807
-sum	0.135598072427	0.411422300682	0.427787585286	0.025192041605
-aka	0.206913027356	0.326888159518	0.0653850668909	0.400813746235
-ysp	0.74347271629	0.200416135311	0.0561111483992	0.0
-sik	0.241286599963	0.53866552084	0.107740470198	0.112307408999
-ysm	0.211943220754	0.368086147822	0.377386196769	0.0425844346549
-nay	0.322625375549	0.526692858794	0.0596256066559	0.0910561590016
-sin	0.0856236786469	0.866807610994	0.0380549682875	0.00951374207188
-aky	0.06953721872	0.0154208241139	0.00333987391976	0.911702083246
-nar	0.0484612081401	0.148174245494	0.175359675354	0.628004871012
-nas	0.470384966426	0.501907425962	0.00934326303175	0.0183643445796
-aku	0.0060606060606	0.985858585859	0.00606060606061	0.0020202020202
-eer	0.553463855422	0.333584337349	0.0542168674699	0.058734939759
-akp	0.0658873538789	0.884378320935	0.0127523910733	0.0369819341126
-uup	0.0833333333333	0.694444444444	0.222222222222	0.0
-gok	0.079365079365	0.888888888889	0.031746031746	0.0
-mos	0.27619047619	0.596825396826	0.101587301587	0.0253968253968
-wun	0.132671989677	0.824098717638	0.0229050729898	0.0203242196951
-wum	0.0571978550804	0.897772583528	0.0347174480957	0.0103121132958
-gon	0.022105162689	0.93661695929	0.00703569204758	0.0342421859731
-ebe	0.692573669815	0.140475821851	0.079475667028	0.0874748413067
-lki	0.0	1.0	0.0	0.0
-gop	0.0584182144997	0.262133013781	0.571599760335	0.107849011384
-wus	0.00369609856263	0.987679671458	0.00246406570842	0.00616016427104
-mon	0.0114285714286	0.987428571429	0.00114285714286	0.0
-gor	0.469135802469	0.0689494525973	0.0220824598183	0.439832285115
-mok	0.0786960537499	0.101495619117	0.00653643600972	0.813271891123
-yng	0.0441427074794	0.914311214893	0.0164453223943	0.0251007552334
-was	0.0090909090909	0.990909090909	0.0	0.0
-yas	0.496019877605	0.341439285879	0.144710808448	0.0178300280679
-yar	0.0	0.803278688525	0.196721311475	0.0
-ber	0.0	1.0	0.0	0.0
-s'i	0.275826446281	0.440082644628	0.051652892562	0.232438016529
-bep	0.0122699386503	0.963190184049	0.0	0.0245398773006
-pus	0.0084388185654	0.991561181435	0.0	0.0
-mfa	0.0	1.0	0.0	0.0
-bek	0.63625	0.27375	0.0825	0.0075
-u'e	0.234567901235	0.479423868313	0.156378600823	0.12962962963
-ben	0.115704320341	0.633362393323	0.0115184240989	0.239414862237
-bel	0.060492905153	0.932785660941	0.0	0.0067214339059
-yan	0.101694915254	0.847457627119	0.0508474576271	0.0
-cop	0.131394182548	0.355065195587	0.123370110331	0.390170511535
-yak	0.0266244387986	0.427470156266	0.0538579333867	0.492047471548
-zhl	0.199882794408	0.167655982684	0.576906717582	0.0555545053263
-wur	0.448398759719	0.511446127471	0.0	0.0401551128106
-rek	0.281709507299	0.662773602188	0.0317819601837	0.0237349303289
-ren	0.667170444701	0.20348354074	0.029267535262	0.100078479297
-isi	0.137997193528	0.795741326657	0.0212681384573	0.0449933413575
-rem	0.0485414057786	0.902973962017	0.0369028231065	0.0115818090981
-rat	0.215384615385	0.753846153846	0.0	0.0307692307692
-wu!	0.142857142857	0.857142857143	0.0	0.0
-k'a	0.270833333333	0.666666666667	0.0	0.0625
-isa	0.00764256319812	0.98177542622	0.00587889476779	0.00470311581423
-eve	0.0274420124142	0.972557987586	0.0	0.0
-zem	0.403118040089	0.344988864143	0.193095768374	0.0587973273942
-l'e	0.0486904007657	0.619306310071	0.286588571506	0.0454147176577
-res	0.198485129728	0.721130841893	0.0519737656231	0.0284102627563
-rep	0.048128342246	0.935828877005	0.0160427807487	0.0
-isr	0.415671641791	0.364925373134	0.100746268657	0.118656716418
-ret	0.0373275628888	0.948065999459	0.0105490938599	0.00405734379226
-isp	0.192897851819	0.31024404501	0.44424959813	0.0526085050416
-map	0.191780821918	0.780821917808	0.027397260274	0.0
-mas	0.33098060714	0.641677516618	0.015829507298	0.011512368944
-hak	0.37242335657	0.369462559029	0.124990630387	0.133123454014
-ham	0.162294608196	0.0939478719147	0.0696489947628	0.674108525126
-han	0.810017165462	0.0711620762205	0.0489598598372	0.0698608984803
-ebu	0.629335976214	0.147670961348	0.0148662041625	0.208126858275
-hap	0.491355270496	0.445064138316	0.0368098159509	0.026770775237
-mak	0.0557832246758	0.0647539696402	0.0400353475001	0.839427458184
-has	0.583505492704	0.274635186096	0.110181997049	0.0316773241515
-ya!	0.15625	0.625	0.0	0.21875
-hau	0.337434094903	0.372583479789	0.242530755712	0.0474516695958
-iik	0.21794432682	0.492830160286	0.169260964489	0.119964548404
-man	0.12091188823	0.839520471424	0.0137188488568	0.0258487914901
-kak	0.0524693439139	0.302979198962	0.0689328529409	0.575618604183
-mwu	0.016393442623	0.983606557377	0.0	0.0
-unn	0.132391879965	0.84478628168	0.00882612533098	0.0139957130248
-uni	0.481271282633	0.413166855846	0.0510783200908	0.0544835414302
-unk	0.0928070420847	0.849841133448	0.0129890891651	0.0443627353023
-in!	0.445161290323	0.258064516129	0.0129032258065	0.283870967742
-ung	0.302988995355	0.539191975902	0.0419357201454	0.115883308597
-una	0.203430469713	0.504749331629	0.184964726719	0.106855471938
-se!	0.921568627451	0.0	0.0392156862745	0.0392156862745
-hik	0.158255987529	0.713277387301	0.0825413582013	0.0459252669691
-nka	0.46408839779	0.226519337017	0.128913443831	0.180478821363
-wng	0.26247556333	0.536474945982	0.164214425352	0.0368350653359
-666	0.0416666666667	0.0416666666667	0.0	0.916666666667
-unr	0.329493087558	0.615207373272	0.0276497695852	0.0276497695852
-uns	0.525	0.408333333333	0.0333333333333	0.0333333333333
-ade	0.066511627907	0.894418604651	0.00697674418605	0.0320930232558
-ada	0.0054937436955	0.988762796986	0.00149829373514	0.00424516558288
-gan	0.0385219843581	0.261192663043	0.00718117210685	0.693104180492
-gam	0.0853513971211	0.872988992379	0.0264182895851	0.0152413209145
-adm	0.0745727602279	0.724495080269	0.200932159503	0.0
-gak	0.496847990266	0.348672065117	0.0977857262734	0.0566942183435
-adi	0.0274250888776	0.966480446927	0.00609446419502	0.0
-144	0.0358422939068	0.0430107526882	0.0	0.921146953405
-adu	0.0172166427546	0.932568149211	0.00430416068867	0.0459110473457
-gas	0.0641996075133	0.873563218391	0.0428931875526	0.0193439865433
-sng	0.399953948883	0.26115588303	0.250656228413	0.0882339396731
-ku!	0.193548387097	0.612903225806	0.0	0.193548387097
-gap	0.151066924394	0.30126041006	0.429238171551	0.118434493994
-sen	0.558872196466	0.158513338241	0.027673922825	0.254940542467
-nik	0.192558139535	0.493953488372	0.186976744186	0.126511627907
-ink	0.443734202335	0.463098744543	0.0637128950722	0.0294541580498
-sek	0.260925114523	0.216363912157	0.0810081126688	0.441702860651
-inn	0.109632540273	0.706586326481	0.132037434828	0.051743698418
-ina	0.0135593220339	0.986440677966	0.0	0.0
-ing	0.244028148888	0.455062505211	0.0906116396462	0.210297706255
-iki	0.0677966101695	0.93220338983	0.0	0.0
-hsh	0.458770424057	0.324814037765	0.120795981944	0.0956195562337
-ins	0.221153846154	0.548076923077	0.0865384615385	0.144230769231
-kng	0.151289834133	0.251889222872	0.015636204684	0.581184738311
-aam	0.408842509156	0.344153579111	0.141956032457	0.105047879276
-kut	0.250185108702	0.59964216747	0.0654298800793	0.084742843748
-kus	0.42804089798	0.365964719347	0.163516127209	0.042478255464
-kur	0.0731065499258	0.724128032152	0.177407779532	0.0253576383905
-kup	0.232876712329	0.759295499022	0.0	0.0078277886497
-rsh	0.321273516642	0.664254703329	0.0144717800289	0.0
-edi	0.331321777967	0.608039132284	0.00717779668226	0.0534612930668
-ner	0.0217502151223	0.302115436965	0.00647351591979	0.669660831993
-nes	0.157638795083	0.240983385114	0.0792921788464	0.522085640956
-kuy	0.378325123153	0.142857142857	0.464039408867	0.0147783251231
-oon	0.0827026728306	0.190262280367	0.0165722011926	0.71046284561
-kuf	0.512174310529	0.351409416425	0.083406978516	0.05300929453
-oos	0.787653904753	0.137594762469	0.0357463440758	0.0390049887015
-oor	0.334326786767	0.262372701989	0.389144331985	0.0141561792595
-kuc	0.813820078227	0.161147327249	0.00938722294654	0.0156453715776
-kub	0.298585713113	0.659914220563	0.011180383165	0.0303196831593
-fup	0.0276816608997	0.750865051903	0.179930795848	0.0415224913495
-kun	0.479660456399	0.159712269871	0.0823595340462	0.278267739683
-kum	0.116609453213	0.145022429498	0.0256776717087	0.712690445581
-kuk	0.0691246114573	0.925115004255	0.0	0.0057603842881
-ikr	0.0933609794836	0.573987198973	0.0359733040218	0.296678517521
-uum	0.509652509652	0.199719199719	0.157248157248	0.13338013338
-eka	0.0380729806096	0.697994235741	0.00663748932438	0.257295294325
-bak	0.395258997807	0.301323658414	0.0417498717006	0.261667472078
-eke	0.303024187445	0.163076053723	0.516584090978	0.017315667854
-ekk	0.815165876777	0.0995260663507	0.0284360189573	0.0568720379147
-ikp	0.540190152982	0.380819777478	0.0637016689837	0.0152884005561
-hon	0.0	1.0	0.0	0.0
-ekn	0.0896860986546	0.910313901345	0.0	0.0
-hor	0.0	1.0	0.0	0.0
-hip	0.46875	0.383223684211	0.123355263158	0.0246710526316
-eku	0.322161707685	0.0532528991467	0.00920645454007	0.615378938628
-hou	0.449805854893	0.486508005759	0.00752584965752	0.0561602896907
-er!	0.463069269039	0.440896479143	0.0552525832376	0.0407816685802
-tsn	0.224933451642	0.6264418811	0.0146406388642	0.133984028394
-bar	0.0289592760181	0.950527903469	0.00995475113121	0.0105580693816
-bas	0.0882678407459	0.584441880724	0.0754126150731	0.251877663457
-uus	0.433135810551	0.403098705604	0.0505766310904	0.113188852754
-uur	0.240450850075	0.641757376652	0.0610873086764	0.0567044645966
-zom	0.0194384449244	0.956803455724	0.0237580993521	0.0
-ase	0.766432456888	0.10308883845	0.0505894394866	0.0798892651754
-nya	0.0	0.581818181818	0.418181818182	0.0
-uku	0.0333333333334	0.966666666667	0.0	0.0
-asa	0.232975504059	0.69586419132	0.0188043672255	0.052355937396
-nye	0.559523486499	0.0456650326148	0.00838624510016	0.386425235786
-aso	0.0	1.0	0.0	0.0
-nyk	0.337579091022	0.258343327406	0.318018278814	0.0860593027583
-yes	0.6	0.31256281407	0.0753768844221	0.0120603015075
-nyi	0.144297622208	0.692380165455	0.0760983605168	0.0872238518204
-ask	0.027944280287	0.952047277332	0.00759814267623	0.0124102997045
-153	0.115384615385	0.144230769231	0.0576923076923	0.682692307692
-asi	0.0302114803625	0.87915407855	0.0845921450151	0.00604229607251
-ash	0.0905797101449	0.131642512077	0.705314009662	0.0724637681159
-nyr	0.0156657963446	0.937336814621	0.0469973890339	0.0
-k'e	0.213223060598	0.474614131929	0.11481076298	0.197352044494
-yek	0.309278350515	0.690721649485	0.0	0.0
-eli	0.0253164556962	0.974683544304	0.0	0.0
-yem	0.130425079716	0.376397017328	0.219772152092	0.273405750863
-yel	0.00508905852417	0.994910941476	0.0	0.0
-asp	0.216099507217	0.29432333333	0.342033357974	0.147543801479
-ral	0.037037037037	0.685185185185	0.277777777778	0.0
-lta	0.0	1.0	0.0	0.0
-ise	0.388832828793	0.274470232089	0.079717457114	0.256979482005
-zor	0.0103546466477	0.165242902753	0.818707394943	0.00569505565622
-zos	0.0422747861097	0.938349270257	0.0045294413689	0.0148465022647
-iwr	0.469387755102	0.0816326530612	0.163265306122	0.285714285714
-ek!	0.116838487972	0.484536082474	0.085910652921	0.312714776632
-iwp	0.0736458654348	0.872818647621	0.00474115013529	0.048794336809
-iwu	0.359100044115	0.572962109701	0.0145581098966	0.0533797362874
-erp	0.808933002481	0.161290322581	0.014888337469	0.014888337469
-ba'	0.261984392419	0.332218506131	0.0943887030844	0.311408398365
-430	0.391304347826	0.0	0.0	0.608695652174
-isk	0.00240673886883	0.0566385880465	0.047492980345	0.89346169274
-ras	0.454093170511	0.502487562189	0.0217096336499	0.0217096336499
-rap	0.116468774094	0.869282960679	0.0103623747109	0.00388589051657
-ba!	0.440934065934	0.384615384615	0.043956043956	0.130494505495
-ran	0.0769230769231	0.923076923077	0.0	0.0
-eri	0.0	1.0	0.0	0.0
-iwa	0.137931034483	0.862068965517	0.0	0.0
-ram	0.128087065718	0.772708246128	0.0577647551277	0.0414399330264
-rak	0.456145922457	0.169131822138	0.0758612840131	0.298860971392
-iwe	0.253803861399	0.341196777906	0.381536887866	0.0234624728296
-ero	0.523076923077	0.453846153846	0.0230769230769	0.0
-iwk	0.823008849558	0.12389380531	0.0353982300885	0.0176991150442
-era	0.400513145304	0.294618639614	0.0773968843242	0.227471330758
-iwh	0.183302159497	0.352491072947	0.373065805135	0.0911409624214
-ere	0.0511945392492	0.836177474403	0.0580204778157	0.0546075085324
-bsp	0.349988157013	0.612385096753	0.0191589619884	0.0184677842458
-use	0.376749040391	0.206939989341	0.0616937337635	0.354617236504
-as!	0.458987266805	0.106603494226	0.413088540124	0.0213206988451
-azu	0.0897435897435	0.84188034188	0.017094017094	0.051282051282
-nru	0.717948717949	0.128205128205	0.153846153846	0.0
-zhr	0.72057936029	0.173506336753	0.0633675316838	0.0425467712734
-zhi	0.293857319879	0.691980881572	0.0	0.0141617985484
-zhk	0.201743462017	0.398505603985	0.336239103362	0.0635118306351
-h'i	0.503816793893	0.404580152672	0.0	0.0916030534351
-azi	0.628401173688	0.267711955327	0.0709641559918	0.032922714993
-zha	0.0958142980615	0.822159114294	0.0519817261391	0.0300448615055
-aze	0.115059607722	0.072213756631	0.0132579307198	0.799468704928
-ugk	0.0836704279327	0.321268895039	0.0721737279114	0.522886949116
-aza	0.0532071437924	0.758827633243	0.0862683866278	0.101696836337
-ika	0.0772795544884	0.856817069095	0.0158874211004	0.0500159553161
-to!	0.563909774436	0.407894736842	0.0	0.0281954887218
-iko	0.0	1.0	0.0	0.0
-ikn	0.0975786573873	0.731622444541	0.165869218501	0.00492967957083
-fok	0.816595406505	0.0830533896377	0.0184254828395	0.0819257210173
-aap	0.0318302387268	0.926487305798	0.0341038272073	0.00757862826829
-aas	0.530811078598	0.254277859593	0.0482600225691	0.16665103924
-aar	0.138683641079	0.114588595426	0.207973626075	0.538754137419
-lat	0.0	0.833333333333	0.166666666667	0.0
-lau	0.277777777778	0.598765432099	0.123456790123	0.0
-for	0.111748646523	0.709291564481	0.167622969784	0.0113368192125
-fos	0.211382113821	0.569105691057	0.121951219512	0.0975609756097
-nom	0.0157987585832	0.901642936676	0.0114956947702	0.0710626099709
-non	0.00938379730998	0.956834532374	0.0337816703159	0.0
-las	0.0	0.894736842105	0.105263157895	0.0
-ish	0.4	0.357142857143	0.2125	0.0303571428572
-irr	0.277533039648	0.590308370044	0.0528634361234	0.079295154185
-bom	0.43428737751	0.536315125643	0.0116425730086	0.0177549238382
-bon	0.134481206392	0.754107584965	0.0557056043214	0.0557056043214
-afo	0.0030959752322	0.968180254558	0.0287237702098	0.0
-bok	0.473437026524	0.3685839868	0.0850601144351	0.0729188722403
-fur	0.0188679245283	0.981132075472	0.0	0.0
-bop	0.0582998276852	0.382825962091	0.0855829982769	0.473291211947
-bor	0.0715328467153	0.90802919708	0.00875912408759	0.0116788321168
-bos	0.0738758029978	0.902569593148	0.0085653104925	0.0149892933619
-don	0.011653718091	0.981687014428	0.0	0.00665926748057
-'e?	0.481481481482	0.172839506173	0.185185185185	0.16049382716
-dom	0.0210084033613	0.918067226891	0.0588235294118	0.00210084033614
-dok	0.133179875041	0.649786254522	0.217033870437	0.0
-sas	0.232225164264	0.383740315779	0.30950279494	0.0745317250172
-sar	0.0503775498704	0.903978361321	0.0449678800857	0.000676208723091
-aa?	0.0316697737542	0.053995418567	0.00902371635737	0.905311091321
-sap	0.623017017595	0.278771271993	0.0553792904528	0.0428324199596
-ik!	0.230274297325	0.308161192008	0.174737555029	0.286826955638
-ton	0.845380146186	0.0509152245892	0.0687199350284	0.0349846941963
-wrk	0.634146341463	0.221290650406	0.0706300813009	0.0739329268293
-tom	0.871858848106	0.110299775473	0.00661361367332	0.0112277627477
-k'i	0.139395724868	0.605816960609	0.0532383214655	0.201548993058
-tok	0.167219327333	0.629559450497	0.181430601611	0.021790620559
-wha	0.274599542334	0.426086956522	0.227917620137	0.0713958810069
-lfa	0.0173745173745	0.944015444015	0.03861003861	0.0
-oli	0.0	1.0	0.0	0.0
-saa	0.337953091684	0.278251599147	0.265458422175	0.118336886994
-tor	0.588818599731	0.27459216468	0.0338676213335	0.102721614255
-tos	0.677930818763	0.242641269293	0.0163083925663	0.063119519377
-top	0.10063463282	0.853127833182	0.040797824116	0.00543970988213
-ibk	0.0900540794733	0.760028215377	0.0190924053609	0.130825299788
-sak	0.428012214586	0.277529309681	0.0905184739002	0.203940001833
-sus	0.0	0.993506493506	0.0064935064935	0.0
-ole	0.489361702128	0.297872340426	0.170212765957	0.0425531914894
-sam	0.25039366545	0.661303063383	0.0418179769051	0.0464852942612
-ngu	0.00641150184575	0.10374975714	0.0	0.889838741014
-lon	0.0267857142857	0.875	0.0	0.0982142857143
-rop	0.325187032419	0.224438902743	0.414463840399	0.0359102244389
-iel	0.0560628583563	0.873858568698	0.0700785729454	0.0
-ros	0.400473933649	0.351895734597	0.112559241706	0.135071090047
-fya	0.338028169014	0.535211267606	0.056338028169	0.0704225352113
-rod	0.031746031746	0.968253968254	0.0	0.0
-esh	0.560355779763	0.383543107607	0.020764137598	0.0353369750318
-ge?	0.821643286573	0.0581162324649	0.120240480962	0.0
-rom	0.0477914554671	0.678804179166	0.254163649529	0.0192407158374
-lot	0.0775826868109	0.861167823602	0.0530828909759	0.00816659861168
-los	0.0713562753036	0.89979757085	0.0136639676113	0.0151821862348
-rok	0.528268140501	0.125219756936	0.0266378360373	0.319874266526
-ewu	0.482876712329	0.27397260274	0.109589041096	0.133561643836
-mar	0.0	1.0	0.0	0.0
-dda	0.0384615384615	0.961538461538	0.0	0.0
-aat	0.0	1.0	0.0	0.0
-ewk	0.625	0.375	0.0	0.0
-rdk	0.179577464789	0.415492957747	0.383802816901	0.0211267605634
-awi	0.0561417094183	0.922079179169	0.0145194076082	0.00725970380408
-awn	0.253272251309	0.686518324607	0.0405759162304	0.0196335078534
-awa	0.0983313468414	0.783671036949	0.0589988081049	0.0589988081049
-har	0.631147540984	0.0737704918033	0.0245901639344	0.270491803279
-awe	0.0326573963877	0.679750711928	0.0644717740361	0.223120117649
-ese	0.576374346351	0.133448449	0.0253499393806	0.264827265268
-na!	0.130256410256	0.0553846153846	0.141538461538	0.672820512821
-baŕ	0.208333333333	0.309895833333	0.325520833333	0.15625
-awu	0.5160098418	0.251665301402	0.0449629934967	0.187361863301
-dng	0.132934081609	0.104216901419	0.373627555099	0.389221461873
-obk	0.0375	0.4875	0.05	0.425
-sti	0.00801241924983	0.979159054559	0.00482228936333	0.00800623682758
-sta	0.0535714285714	0.885869565217	0.0605590062112	0.0
-ar!	0.115384615385	0.288461538462	0.0192307692308	0.576923076923
-ssk	0.303797468354	0.20253164557	0.443037974684	0.0506329113924
-cuk	0.68085106383	0.205673758865	0.0992907801418	0.0141843971631
-eyu	0.0	1.0	0.0	0.0
-uci	0.137254901961	0.78431372549	0.0549019607843	0.0235294117647
-ir?	0.831424644984	0.0174072377462	0.0274851122309	0.123683005039
-eyo	0.0357142857143	0.964285714286	0.0	0.0
-eya	0.504646009098	0.382994440341	0.0252711791921	0.0870883713697
-200	0.0148588410104	0.508172362556	0.111441307578	0.365527488856
-eye	0.185567010309	0.721649484536	0.0	0.0927835051546
-ibi	0.346918971373	0.519165453663	0.0203784570597	0.113537117904
-lek	0.0152207001522	0.984779299848	0.0	0.0
-ryr	0.394366197183	0.241197183099	0.0211267605634	0.343309859155
-len	0.344938403856	0.392608462774	0.0599892876272	0.202463845742
-mum	0.0	1.0	0.0	0.0
-hrp	0.381818181818	0.254545454545	0.0727272727273	0.290909090909
-arr	0.16192560175	0.798687089716	0.0	0.0393873085339
-hrr	0.201388888889	0.53125	0.204861111111	0.0625
-hrk	0.688524590164	0.245901639344	0.0655737704918	0.0
-mus	0.0175746924429	0.96309314587	0.00175746924429	0.0175746924429
-rya	0.00156853281853	0.968508687259	0.0	0.0299227799228
-fsm	0.392697209783	0.444023424044	0.124009645195	0.0392697209782
-les	0.0384615384615	0.961538461538	0.0	0.0
-ifa	0.0829617045374	0.0962695547533	0.0374460253415	0.783322715368
-een	0.539614561028	0.203961456103	0.194325481799	0.0620985010707
-ife	0.108553988867	0.230586904422	0.0774375161696	0.583421590541
-fas	0.0740511991734	0.312177579969	0.597356110897	0.0164151099602
-eea	0.149298170991	0.377924287537	0.373245427478	0.099532113994
-ifn	0.0206355757325	0.9408446829	0.00687852524418	0.0316412161233
-san	0.531778425656	0.193986880467	0.0818148688047	0.192419825073
-ifp	1.0	0.0	0.0	0.0
-ifu	0.469168900804	0.266085790885	0.188337801609	0.0764075067024
-ndo	0.0542495479204	0.94575045208	0.0	0.0
-ali	0.0	1.0	0.0	0.0
-nda	0.0135135135135	0.986486486486	0.0	0.0
-rk!	0.648648648649	0.189189189189	0.0540540540541	0.108108108108
-ale	0.0	1.0	0.0	0.0
-iy!	0.0768245838668	0.539052496799	0.384122919334	0.0
-ees	0.392067548987	0.318015031505	0.233570362122	0.0563470573846
-rk'	0.534188034188	0.288461538462	0.113247863248	0.0641025641026
-120	0.106194690265	0.185840707965	0.0	0.70796460177
-yos	0.194747052679	0.747052678705	0.017907774959	0.0402924936577
-yot	0.0140105078809	0.985989492119	0.0	0.0
-yon	0.199104389825	0.800895610175	0.0	0.0
-n'e	0.226213420359	0.416508673956	0.177439050798	0.179838854887
-iyu	0.127157511007	0.154256294855	0.0406766381625	0.677909555976
-udn	0.0750418226719	0.883693141082	0.0237393451765	0.0175256910699
-jik	0.316666666667	0.683333333333	0.0	0.0
-gwm	0.0270837327806	0.906151414046	0.0162743274796	0.0504905256939
-rku	0.724770642202	0.0660550458715	0.0770642201835	0.132110091743
-kpe	0.0	0.986577181208	0.0134228187919	0.0
-iym	0.397273243704	0.38771066086	0.133497443666	0.0815186517705
-iyo	0.0125	0.975	0.0	0.0125
-iyn	0.157170923379	0.538310412574	0.0785854616896	0.225933202358
-iyi	0.300868486352	0.221464019851	0.317617866005	0.160049627792
-pes	0.0552763819095	0.313232830821	0.616415410385	0.0150753768844
-ela	0.0201897533207	0.950284629981	0.0213282732448	0.00819734345351
-iya	0.039810256953	0.331546506051	0.0580244495542	0.570618787442
-tep	0.125	0.46875	0.34375	0.0625
-whn	0.690322580645	0.176431863068	0.0434496379197	0.0897959183673
-whi	0.0871916919082	0.741237559498	0.162159238425	0.00941151016875
-abu	0.0812929449337	0.808199458047	0.0876439562566	0.0228636407626
-itu	0.407914764079	0.573820395738	0.0	0.0182648401826
-itr	0.546755725191	0.185687022901	0.187404580153	0.0801526717557
-bba	0.135593220339	0.745762711864	0.00564971751412	0.112994350282
-esu	0.733086190918	0.17516218721	0.0	0.0917516218721
-ple	0.111495246327	0.823681936042	0.00777873811582	0.057044079516
-eso	0.00396288275586	0.72345527682	0.00292044583851	0.269661394586
-itk	0.113387137507	0.66805504672	0.20130325137	0.0172545644032
-ite	0.102495602901	0.482404958421	0.0488443493401	0.366255089338
-whr	0.0247587401922	0.115321214638	0.801186991764	0.0587330534049
-whs	0.127693535515	0.840383080607	0.0319233838787	0.0
-spa	0.0507614213198	0.92385786802	0.0253807106599	0.0
-m'i	0.32271818879	0.549513435061	0.0525498966421	0.0752184795073
-udu	0.0604229607251	0.785498489426	0.140986908358	0.0130916414904
-m'e	0.270807280396	0.500683472478	0.152630778195	0.0758784689309
-ute	0.503007030475	0.303644462425	0.089170260197	0.104178246903
-fan	0.169546938848	0.228761878955	0.0292314408823	0.572459741315
-fam	0.235087719298	0.666666666667	0.0842105263158	0.0140350877193
-far	0.0863460863461	0.84204984205	0.0589680589681	0.012636012636
-n'a	0.431359123588	0.568640876412	0.0	0.0
-uda	0.0165111799091	0.878234584209	0.0915372556501	0.0137169802322
-eze	0.0	1.0	0.0	0.0
-fat	0.0786885245902	0.92131147541	0.0	0.0
-brk	0.372272143774	0.0423620025674	0.554557124519	0.0308087291399
-n'i	0.11879523252	0.463270871896	0.0593350265695	0.358598869015
-udi	0.435856754306	0.416817769719	0.0874886672711	0.0598368087036
-o'e	0.716417910448	0.283582089552	0.0	0.0
-ril	0.0	0.944444444444	0.0555555555555	0.0
-hum	0.0	1.0	0.0	0.0
-abp	0.78	0.173333333333	0.0	0.0466666666667
-yir	0.00985110882103	0.00764255198024	0.00502793452637	0.977478404672
-abs	0.209869203329	0.413198573127	0.339575901704	0.0373563218391
-hud	0.0248447204969	0.968944099379	0.00621118012424	0.0
-wor	0.16363424091	0.11398479793	0.0521073361968	0.670273624962
-uto	0.435237746445	0.372489775987	0.124977110419	0.0672953671488
-gad	0.0	0.952586206897	0.0	0.0474137931034
-aba	0.350556907045	0.177377229153	0.100762075198	0.371303788605
-won	0.625753391283	0.074202877411	0.0375292474816	0.262514483824
-ron	0.0976071613014	0.572818040971	0.315114477535	0.0144603201928
-gba	0.49214184793	0.463378046015	0.0177920424218	0.0266880636327
-kom	0.0525137997911	0.375602963847	0.55338405689	0.0184991794719
-ema	0.63813436283	0.230168113884	0.0598625105845	0.0718350127013
-kon	0.187510552862	0.717090858666	0.0620998971196	0.0332986913524
-utp	0.329268292683	0.387804878049	0.224390243902	0.0585365853658
-sos	0.151515151515	0.818181818182	0.0	0.030303030303
-sor	0.524294599264	0.205866007656	0.0498051755295	0.22003421755
-som	0.455632302795	0.403340731982	0.0574436596371	0.0835833055854
-son	0.0540422467183	0.89897985254	0.0427392931563	0.00423860758575
-kop	0.0829596025308	0.751696900961	0.113184301579	0.0521591949292
-kos	0.204610951009	0.691642651297	0.0172910662825	0.0864553314121
-kor	0.694524495677	0.265129682997	0.0288184438041	0.0115273775216
-b'e	0.120930232558	0.209302325581	0.66976744186	0.0
-ora	0.102893890675	0.887459807074	0.0	0.0096463022508
-b'a	0.08	0.893333333333	0.0	0.0266666666667
-ser	0.313498240444	0.496874977605	0.117435703861	0.0721910780909
-tef	0.864996532494	0.040693042636	0.00682038320237	0.0874900416673
-rus	0.0824021592443	0.889041835358	0.00947368421052	0.0190823211876
-ky?	0.218818380744	0.321663019694	0.0262582056893	0.433260393873
-krk	0.734244495065	0.100227790433	0.027925419725	0.137602294778
-rut	0.0566037735849	0.943396226415	0.0	0.0
-lis	0.0864312267658	0.897304832714	0.00139405204461	0.0148698884758
-ruk	0.362926308299	0.105897366985	0.0284527675429	0.502723557173
-omi	0.0	0.993442622951	0.00655737704917	0.0
-ipi	0.0344827586207	0.940886699507	0.00492610837438	0.0197044334975
-ici	0.228571428571	0.685714285714	0.0857142857143	0.0
-rum	0.219605968683	0.361717724651	0.397122319682	0.0215539869847
-dak	0.167277946066	0.730196861185	0.0693779499811	0.0331472427688
-ice	0.0892826797166	0.255956799711	0.118908389613	0.53585213096
-ica	0.0966903858835	0.798561696076	0.0769941961665	0.0277537218739
-ap!	0.10989010989	0.593406593407	0.0	0.296703296703
-zhe	0.0122199592668	0.670061099797	0.317718940937	0.0
-izr	0.529411764706	0.43137254902	0.0	0.0392156862745
-wa?	0.404624277457	0.317919075144	0.104046242775	0.173410404624
-pa!	0.462162162162	0.321621621622	0.167567567568	0.0486486486486
-rng	0.30315129648	0.5834530185	0.0659389304387	0.0474567545815
-oda	0.0294117647059	0.941176470588	0.0294117647059	0.0
-gat	0.0	1.0	0.0	0.0
-iza	0.155661870757	0.817532627432	0.0105533471699	0.0162521546417
-rna	0.0680332428814	0.0858657020627	0.0434326846226	0.802668370433
-izk	0.181347150259	0.579663212435	0.139896373057	0.0990932642487
-uri	0.0768545070118	0.221091634813	0.118690228012	0.583363630163
-urk	0.174101513241	0.322115384615	0.454760403531	0.0490226986129
-urm	0.069150903519	0.826816724788	0.0618857656134	0.0421466060798
-urn	0.0945945945946	0.108108108108	0.797297297297	0.0
-uro	0.0	1.0	0.0	0.0
-ura	0.0678698909054	0.79664169725	0.078678799457	0.0568096123875
-hng	0.105905006419	0.79000855798	0.0555198973042	0.048566538297
-rga	0.0	1.0	0.0	0.0
-kya	0.251827633077	0.405973329415	0.0887182689835	0.253480768524
-kye	0.0333328451294	0.296130753663	0.0140947362708	0.656441664936
-om!	0.0658905704307	0.0949941792782	0.00838183934808	0.830733410943
-urs	0.697556866049	0.287278854254	0.0050547598989	0.0101095197978
-zen	0.0659045228718	0.213216677344	0.0556712157434	0.665207584041
-kyn	0.148449612403	0.159302325581	0.152713178295	0.539534883721
-ara	0.16914612816	0.650729845762	0.045921450151	0.134202575926
-pak	0.0339366515837	0.533936651584	0.407239819004	0.0248868778281
-apf	0.232323232323	0.747474747475	0.020202020202	0.0
-pam	0.745894554883	0.0544511668107	0.0155574762316	0.184096802074
-pan	0.0377358490566	0.943396226415	0.0188679245283	0.0
-hrē	0.0	0.831460674157	0.0	0.168539325843
-mer	0.0508844196754	0.949115580325	0.0	0.0
-ea?	0.626865671642	0.171641791045	0.0	0.201492537313
-wan	0.0439596435713	0.0446895120648	0.0062625790335	0.90508826533
-wam	0.0485148514851	0.89603960396	0.0	0.0554455445544
-pas	0.645255528034	0.248399694868	0.0261435250261	0.080201252072
-dun	0.213913043478	0.695031055901	0.0485714285714	0.0424844720497
-num	0.00320641282565	0.996793587174	0.0	0.0
-r'i	0.217670763366	0.301380502339	0.0861798532511	0.394768881044
-ini	0.0363636363636	0.890909090909	0.0727272727273	0.0
-r'e	0.236549721202	0.333183769623	0.129475959712	0.300790549463
-kem	0.0	1.0	0.0	0.0
-kel	0.0241935483871	0.975806451613	0.0	0.0
-nub	0.558139534884	0.395348837209	0.0	0.046511627907
-sur	0.046511627907	0.813953488372	0.0	0.139534883721
-sop	0.107142857143	0.678571428571	0.214285714286	0.0
-s'e	0.300458415907	0.506353996297	0.122535650463	0.070651937333
-sun	0.30303030303	0.606060606061	0.0606060606061	0.030303030303
-uk!	0.637640449438	0.0758426966292	0.0505617977528	0.23595505618
-suk	0.760885809388	0.108144827118	0.0309761565111	0.0999932069832
-kok	0.403179150862	0.267701789415	0.263361669385	0.0657573903382
-aro	0.119537855073	0.822906881373	0.039845951691	0.0177093118627
-nut	0.48	0.466666666667	0.0533333333333	0.0
-t'e	0.0506329113924	0.721518987342	0.227848101266	0.0
-nn'	0.321299638989	0.599277978339	0.0361010830324	0.043321299639
-nus	0.084147257701	0.851990984222	0.0259203606311	0.0379413974455
-gbr	0.0849315068493	0.55397260274	0.34301369863	0.0180821917808
-fer	0.0543681500445	0.728159249777	0.187268072376	0.0302045278025
-fes	0.176470588235	0.735294117647	0.0588235294117	0.0294117647059
-i'e	0.556775918178	0.293642491864	0.0	0.149581589958
-uwp	0.0517945271436	0.871343738715	0.0208893391646	0.0559723949766
-dim	0.166034883493	0.143866747075	0.093345523144	0.596752846287
-ng!	0.112049366677	0.212244235141	0.0285807080221	0.647125690159
-tus	0.0530662314761	0.890691230107	0.0370204050339	0.019222133383
-dis	0.192391779624	0.757761259292	0.0157411456056	0.0341058154788
-fen	0.785714285714	0.0357142857143	0.178571428571	0.0
-arp	0.665881073242	0.120014503263	0.175670775925	0.0384336475707
-iir	0.501305053569	0.159128193327	0.0745479031882	0.265018849916
-fek	0.3422970137	0.554987812349	0.0617855234173	0.0409296505338
-uks	0.146720288448	0.724587435862	0.0446540008321	0.0840382748578
-zrk	0.0148514851485	0.970297029703	0.0148514851485	0.0
-fng	0.394789579158	0.316633266533	0.22244488978	0.0661322645291
-sok	0.636058876413	0.0760884948572	0.0314394025027	0.256413226227
-kim	0.13631952069	0.416054639184	0.0266995239568	0.420926316169
-ven	0.0288580458981	0.971141954102	0.0	0.0
-afs	0.0955585464334	0.888290713324	0.0161507402423	0.0
-afu	0.184062643943	0.655826807923	0.0639336711193	0.0961768770153
-ova	0.00625912789484	0.988733569789	0.000625912789486	0.00438138952639
-uka	0.540998814616	0.263619027985	0.171262175952	0.0241199814462
-afk	0.185185185185	0.777777777778	0.0	0.037037037037
-ihu	0.323076923077	0.676923076923	0.0	0.0
-ukk	0.232204561161	0.604699378024	0.0331720801659	0.12992398065
-afa	0.057803903836	0.158112894717	0.196077323084	0.588005878363
-nna	0.0394537177541	0.924127465857	0.00910470409712	0.0273141122913
-nng	0.459471726139	0.361766505979	0.109856481704	0.068905286177
-ukn	0.428571428571	0.380952380952	0.0952380952381	0.0952380952381
-h'e	0.42931547619	0.488839285714	0.0133928571429	0.0684523809524
-di!	0.126315789474	0.873684210526	0.0	0.0
-tis	0.0199203187251	0.860557768924	0.111553784861	0.00796812749004
-nga	0.640099626401	0.315068493151	0.00747198007472	0.0373599003736
-tif	0.0472760018011	0.952723998199	0.0	0.0
-eta	0.217594463784	0.0808523733778	0.0290992969872	0.672453865851
-efr	0.734915167751	0.142747799464	0.0	0.122337032785
-efs	0.720114233286	0.184506398066	0.0476896843236	0.0476896843236
-tin	0.143258627482	0.0687810737393	0.00782701011509	0.780133288664
-ngm	0.224315233205	0.720374161347	0.0553106054478	0.0
-uwe	0.0515463917526	0.80412371134	0.144329896907	0.0
-ke?	0.31914893617	0.617021276596	0.0425531914894	0.0212765957447
-uwa	0.479783420312	0.502528338318	0.00496215931569	0.0127260820545
-uwn	0.364532019704	0.453201970443	0.152709359606	0.0295566502463
-kes	0.0594284347722	0.794093028817	0.0460361114433	0.100442424967
-emi	0.272	0.576	0.012	0.14
-uwi	0.0705882352941	0.882352941177	0.0235294117647	0.0235294117647
-260	0.0161943319838	0.194331983806	0.0	0.789473684211
