jer-	0.00956010731167	0.97180939403	0.00447131967806	0.0141591789805
het-	0.417112219759	0.407187722568	0.0565142591549	0.119185798518
agu-	0.783132530121	0.216867469879	0.0	0.0
hem-	0.18832704893	0.541676304829	0.0785371141341	0.191459532107
fig-	0.0	1.0	0.0	0.0
son-	0.0542168674699	0.518072289157	0.427710843373	0.0
yar-	0.0116279069767	0.947674418605	0.0290697674418	0.0116279069767
maa-	0.57164520921	0.326411240406	0.046143847487	0.0557997028968
ica-	0.56939593676	0.362818832674	0.00813422766798	0.0596510028986
jac-	0.0223392215716	0.949416916794	0.0134330561433	0.0148108054913
wip-	0.0609902897039	0.586790787256	0.0768798651794	0.275339057861
hev-	0.0307113757443	0.719210278909	0.0394860545283	0.210592290818
'al-	0.05	0.9	0.025	0.025
ito-	0.783854166667	0.1328125	0.046875	0.0364583333333
iwe-	0.541568525169	0.294396404711	0.11853219108	0.0455028790402
wuẍ-	0.0605518965372	0.633450551443	0.0451386865096	0.26085886551
pey-	0.0183566433567	0.931818181818	0.00524475524476	0.0445804195804
poy-	0.0392156862745	0.960784313725	0.0	0.0
mah-	0.515086458198	0.325811252941	0.113832625709	0.0452696631525
alm-	0.139740481962	0.800370740054	0.0199629259946	0.0399258519892
vas-	0.201122334456	0.779124579125	0.0130190796857	0.00673400673401
yuẍ-	0.0420882763433	0.908190858339	0.027150209351	0.0225706559665
juẍ-	0.101496840226	0.609752654759	0.073229453985	0.21552105103
no'-	0.0885928401699	0.247585000105	0.0243537753479	0.639468384377
bis-	0.268426674805	0.359072180681	0.276972379063	0.0955287654509
lis-	0.043771043771	0.938047138047	0.0020202020202	0.0161616161616
ism-	0.257577996605	0.539883299155	0.05337762083	0.14916108341
tah-	0.589161866698	0.233925002939	0.0699424003761	0.106970729987
mol-	0.0747126436782	0.867816091954	0.0574712643678	0.0
san-	0.0136234222113	0.895889061409	0.0793923819788	0.011095134401
puh-	0.142857142857	0.714285714286	0.142857142857	0.0
inb-	0.127249259324	0.214688937324	0.0306616803862	0.627400122966
yal-	0.630016511982	0.0916436110575	0.0265515209887	0.251788355972
and-	0.0	0.997280761387	0.0	0.00271923861319
inp-	0.460203546828	0.340546152953	0.0533046501311	0.145945650088
cod-	0.108445518352	0.474628926476	0.0698998964446	0.347025658727
txa-	0.494564620622	0.280333809158	0.127374547052	0.097727023169
seg-	0.025641025641	0.871794871795	0.102564102564	0.0
euf-	0.0	1.0	0.0	0.0
der-	0.0103626943005	0.989637305699	0.0	0.0
hat-	0.519743030301	0.219211354281	0.074283198562	0.186762416856
sun-	0.0485471164907	0.151436157487	0.0594274119091	0.740589314113
mil-	0.017171912401	0.201766253847	0.00728505374584	0.773776780006
tib-	0.0639658848614	0.808102345416	0.110874200426	0.0170575692964
yut-	0.130856649126	0.0265688951435	0.0086204404723	0.833954015258
jij-	0.209452201933	0.568743286788	0.0912996777659	0.130504833512
c'o-	0.226445991306	0.614255153767	0.142441833241	0.0168570216854
ari-	0.0157998683344	0.984200131666	0.0	0.0
xap-	0.557824418439	0.187473350073	0.13696877813	0.117733453357
ini-	0.716382771499	0.167583399315	0.0197593839557	0.0962744452308
bay-	0.129683172977	0.106222581243	0.00504964970507	0.759044596075
mig-	0.233576642336	0.766423357664	0.0	0.0
hed-	0.440860936033	0.412967681373	0.0543113852756	0.091859997318
oct-	0.601641778731	0.14466628166	0.0346506063856	0.219041333223
paf-	0.0	1.0	0.0	0.0
hum-	0.213677157237	0.759944818386	0.00136438057122	0.0250136438057
ma'-	0.632535256819	0.262208806609	0.0485118143419	0.0567441222302
cah-	0.222686151705	0.601948503827	0.0	0.175365344468
abr-	0.00814648149585	0.958306725473	0.0283246895086	0.00522210352298
tzu-	0.458091351436	0.174536271894	0.0415254785009	0.325846898169
zaq-	0.0408163265306	0.94387755102	0.0102040816327	0.00510204081632
nor-	0.0769230769231	0.705128205128	0.166666666666	0.0512820512821
nen-	0.279607387318	0.566705411339	0.0348702053468	0.118816995996
has-	0.164824926891	0.165368391087	0.0189436091199	0.650863072902
ya'-	0.226286622209	0.186617091296	0.409905808986	0.17719047751
zac-	0.073984962406	0.900751879699	0.0126315789474	0.0126315789474
hew-	0.504417634132	0.252333174585	0.0869129599364	0.156336231347
her-	0.0197821832723	0.916829745597	0.052007997958	0.0113800731728
mul-	0.0635237472267	0.815518136637	0.0967152423276	0.0242428738089
isx-	0.381714244155	0.489377577543	0.0858352136328	0.0430729646692
naw-	0.456812864042	0.331433265296	0.100985712152	0.110768158511
har-	0.0432692307692	0.886800699301	0.0646853146853	0.00524475524476
wej-	0.331014729951	0.43535188216	0.0957446808511	0.137888707038
occ-	0.485433070866	0.161417322835	0.109842519685	0.243307086614
sin-	0.00299401197605	0.997005988024	0.0	0.0
tz'-	0.282402826839	0.587951303953	0.0508339327241	0.0788119364834
bec-	0.393442622951	0.459016393443	0.0983606557377	0.0491803278689
dor-	0.138627187079	0.861372812921	0.0	0.0
ahn-	0.291891891892	0.205405405405	0.0324324324324	0.47027027027
pat-	0.218939756337	0.704719407572	0.0576157253517	0.0187251107393
hax-	0.169078863664	0.0551198428169	0.0192610506017	0.756540242917
alt-	0.010355168843	0.985206901653	0.00443792950416	0.0
cot-	0.331720259929	0.311339304001	0.0832656823133	0.273674753756
maw-	0.583610522506	0.210653008751	0.070552616348	0.135183852395
buc-	0.542239685658	0.287164374591	0.0962671905698	0.0743287491814
jor-	0.0	1.0	0.0	0.0
hoy-	0.530146341463	0.182243902439	0.0386341463415	0.248975609756
inw-	0.407570868582	0.27979375009	0.0819976504287	0.230637730899
gen-	0.125	0.837121212121	0.0151515151515	0.0227272727273
som-	0.505754088431	0.325257419746	0.130829800121	0.038158691702
etl-	0.501408450704	0.384507042254	0.0971830985915	0.0169014084507
bi'-	0.551724137931	0.324137931035	0.0	0.124137931034
jam-	0.183035714286	0.607142857143	0.0625	0.147321428571
wib-	0.127724498692	0.188644289451	0.0176547515257	0.665976460331
mar-	0.0230144908395	0.959213207901	0.00346200887842	0.014310292381
bej-	0.456082872988	0.33013166298	0.116472485721	0.0973129783112
maq-	0.439897935743	0.312776557826	0.0114118312531	0.235913675178
vel-	0.523908523909	0.426195426195	0.0	0.0498960498961
emp-	0.382882882883	0.59009009009	0.0	0.027027027027
por-	0.0588235294118	0.941176470588	0.0	0.0
alf-	0.0	1.0	0.0	0.0
pas-	0.00383028874485	0.954331172658	0.0147318797879	0.0271066588097
cos-	0.192617478572	0.24402808287	0.0922169100228	0.471137528535
dam-	0.0304182509506	0.968314321926	0.00126742712294	0.0
hor-	0.0328227571116	0.967177242888	0.0	0.0
tia-	0.0	1.0	0.0	0.0
och-	0.231429488208	0.448620247072	0.110701107011	0.209249157709
wuc-	0.540710963979	0.283833845669	0.115866635138	0.0595885552139
qui-	0.454365895207	0.267316561308	0.0683267764344	0.209990767051
bak-	0.193063203485	0.117174224538	0.0949275027378	0.594835069239
wut-	0.242377950384	0.402564709426	0.163844482217	0.191212857973
elc-	0.606430868167	0.269453376206	0.0842443729904	0.0398713826366
ped-	0.0208550184487	0.958916732888	0.00406654205886	0.0161617066046
say-	0.664953710562	0.214487200958	0.0460974697877	0.074461618693
che-	0.45316846784	0.282180957104	0.0811141926312	0.183536382424
epa-	0.0571847507331	0.907624633431	0.00879765395895	0.0263929618768
yac-	0.470430306255	0.227016577942	0.0926736899737	0.209879425829
oro-	0.0	0.799828577191	0.200171422809	0.0
asi-	0.189024101627	0.755028529979	0.0104901315738	0.0454572368197
dia-	0.00569800569801	0.918328584995	0.0759734093067	0.0
yoc-	0.378068867673	0.0948394899226	0.0299638253878	0.497127817017
hac-	0.145554430621	0.0910352582928	0.041478891391	0.721931419696
uva-	0.0164993703043	0.968486202719	0.0	0.0150144269769
ses-	0.0174757281553	0.0291262135922	0.0	0.953398058252
pok-	0.352678571429	0.522321428571	0.125	0.0
etx-	0.0413793103448	0.958620689655	0.0	0.0
ayc-	0.290229372441	0.101630661821	0.059301197721	0.548838768017
wul-	0.717679916815	0.178978149853	0.0129177416664	0.0904241916653
tol-	0.315897344502	0.407414008198	0.0445553377295	0.23213330957
mel-	0.215622615959	0.725264867445	0.0250865470271	0.0340259695685
elx-	0.458333333333	0.363095238095	0.0357142857143	0.142857142857
isj-	0.506645251701	0.329974980323	0.0860011390032	0.077378628973
cuw-	0.430034129693	0.470989761092	0.0989761092149	0.0
mir-	0.0	0.98844375963	0.0115562403698	0.0
isa-	0.0213621512943	0.919368350507	0.0439110887716	0.0153584094273
le--	0.47110675808	0.35847208619	0.052889324192	0.117531831538
maj-	0.230005415573	0.451410690736	0.137483522577	0.181100371114
eut-	0.0869565217391	0.884057971015	0.0289855072463	0.0
pud-	0.0	1.0	0.0	0.0
dio-	0.0748194743738	0.856696908965	0.0121482996529	0.0563353170085
yah-	0.266668739081	0.444351909467	0.126027724505	0.162951626946
bab-	0.0827797601122	0.15307002537	0.45195541561	0.312194798908
ita-	0.156584860007	0.76253024542	0.0559972347045	0.0248876598687
eno-	0.0363636363637	0.939393939394	0.0242424242424	0.0
hol-	0.272954403498	0.558400999375	0.0655840099937	0.103060587133
moh-	0.208307111391	0.67065240193	0.0956576463185	0.0253828403608
cac-	0.342712389524	0.199444591248	0.073262664293	0.384580354934
moi-	0.0403746874688	0.933359083268	0.00512622436402	0.0211400048994
exc-	0.144578313253	0.620481927711	0.234939759036	0.0
t'i-	0.295735995335	0.328084799835	0.235154883194	0.141024321636
waj-	0.0791324736225	0.16669109027	0.106975381008	0.6472010551
ali-	0.107598299681	0.796758767269	0.0637619553666	0.0318809776833
jud-	0.0138059895158	0.978816481178	0.00289169490394	0.00448583440227
mi'-	0.0769436281058	0.787870691958	0.0448837830617	0.0903018968742
la--	0.827433628319	0.0929203539822	0.0486725663717	0.0309734513274
cis-	0.0674157303371	0.932584269663	0.0	0.0
mal-	0.25646169637	0.66903051227	0.0306522347672	0.0438555565923
ixt-	0.279921869738	0.208190206776	0.32498147774	0.186906445747
anm-	0.0412572818873	0.391567060556	0.0206195777623	0.546556079795
'ag-	0.0	1.0	0.0	0.0
nin-	0.202168075868	0.195955210238	0.206195726691	0.395680987203
su'-	0.111047180667	0.854430379747	0.0345224395858	0.0
lit-	0.0707070707071	0.852974186308	0.0695847362514	0.00673400673402
paj-	0.539664804469	0.299441340782	0.100558659218	0.0603351955307
on'-	0.0631578947368	0.631578947368	0.0294736842105	0.275789473684
cie-	0.0116246886244	0.0913368391918	0.0467755327982	0.850262939385
uni-	0.119754660885	0.732155993004	0.111521355848	0.0365679902632
xic-	0.0	0.993596584845	0.00640341515475	0.0
sir-	0.0289575289575	0.92471042471	0.046332046332	0.0
inl-	0.546958223432	0.312090530078	0.0600867863525	0.0808644601378
xas-	0.422222222222	0.488888888889	0.0666666666666	0.0222222222222
ẍal-	0.142208774584	0.812405446294	0.0272314674735	0.018154311649
ca'-	0.0	0.973154362416	0.0134228187919	0.0134228187919
hey-	0.330405615187	0.262711286451	0.0472379901519	0.35964510821
lim-	0.0699300699301	0.918414918415	0.011655011655	0.0
eho-	0.616766467066	0.25748502994	0.0718562874252	0.0538922155688
mab-	0.412617492433	0.404970527322	0.0390313844193	0.143380595826
esr-	0.0	1.0	0.0	0.0
fel-	0.00611371510087	0.989199103322	0.0	0.00468718157734
uch-	0.358620689655	0.51724137931	0.0689655172413	0.0551724137931
pre-	0.12285993804	0.818115114952	0.0126365563346	0.0463883906734
ALL	0.20857074758	0.259881693208	0.0482406181392	0.483306941073
ana-	0.188360814743	0.790688651794	0.0128031037827	0.00814742967993
xat-	0.478121631889	0.263847907133	0.0966261462622	0.161404314716
mae-	0.406488549618	0.435114503817	0.0209923664122	0.137404580153
cil-	0.0	1.0	0.0	0.0
per-	0.0	0.974789915966	0.0216086434574	0.00360144057623
iln-	0.819184839045	0.0872274143303	0.0247923156802	0.0687954309449
eby-	0.565022421525	0.367713004484	0.0	0.067264573991
cal-	0.0368493781667	0.8894518655	0.0736987563335	0.0
suq-	0.305084745763	0.542372881356	0.118644067797	0.0338983050847
mor-	0.063209076175	0.175040518639	0.761750405186	0.0
chu-	0.339463044025	0.12276144471	0.0916648941068	0.446110617159
zor-	0.0	1.0	0.0	0.0
xai-	0.529508377729	0.261986915836	0.11023545974	0.0982692466944
tel-	0.242491044365	0.422981537614	0.313585009645	0.020942408377
yuh-	0.440138690598	0.277585151948	0.0460942280237	0.236181929431
lid-	0.0	1.0	0.0	0.0
xan-	0.359631741827	0.225495631859	0.284694312463	0.13017831385
ata-	0.0	1.0	0.0	0.0
tie-	0.0918328492821	0.548757270101	0.0198597869179	0.339550093699
far-	0.0175483540413	0.972908927885	0.00320225438709	0.00634046368644
arm-	0.0	1.0	0.0	0.0
si'-	0.0212569316081	0.973197781885	0.0	0.00554528650647
ins-	0.188418473421	0.134080583795	0.049518341333	0.62798260145
rud-	0.0714285714286	0.928571428571	0.0	0.0
isc-	0.26758545735	0.439634311103	0.0796271105503	0.213153120997
tac-	0.305736411715	0.112006133061	0.0819130260877	0.500344429136
lev-	0.0611620795107	0.901121304791	0.0168195718654	0.0208970438328
arc-	0.0187969924812	0.868421052632	0.0902255639098	0.0225563909774
puj-	0.404212689443	0.463986642692	0.041715900334	0.0900847675315
num-	0.079271873165	0.726658837346	0.0322959483264	0.161773341163
med-	0.172629695885	0.787119856887	0.0	0.0402504472272
suc-	0.155862309977	0.346321859165	0.472654202341	0.0251616285165
haw-	0.31148297637	0.318334054106	0.0451344314026	0.325048538122
bin-	0.400977605203	0.436011328591	0.0488691456341	0.114141920572
pel-	0.0	1.0	0.0	0.0
txi-	0.200538787443	0.76908700723	0.0193290397536	0.0110451655735
ome-	0.104825291181	0.697171381032	0.0931780366054	0.104825291181
iss-	0.321300671274	0.492509554648	0.134701338735	0.0514884353432
sec-	0.0659340659341	0.505494505494	0.395604395604	0.032967032967
eub-	0.0	1.0	0.0	0.0
ahc-	0.652052108139	0.151841994677	0.0756408460569	0.120465051128
coa-	0.920529801325	0.0	0.0794701986755	0.0
ijl-	0.0923076923077	0.861538461538	0.0461538461539	0.0
jai-	0.0637554585153	0.920524017467	0.0157205240175	0.0
win-	0.0899167772008	0.199002971767	0.0279831155682	0.683097135464
tal-	0.0	1.0	0.0	0.0
k'o-	0.414536066698	0.222643209758	0.295870480681	0.0669502428629
ami-	0.04821280133	0.884455527847	0.00997506234413	0.0573566084788
jeh-	0.507604428002	0.197048943318	0.0202831993877	0.275063429292
lem-	0.394323870745	0.239594856687	0.036107625517	0.329973647051
rod-	0.190193164933	0.787518573551	0.0	0.0222882615156
rob-	0.0	1.0	0.0	0.0
cow-	0.366934508336	0.331452779394	0.156566410493	0.145046301777
zaf-	0.0	1.0	0.0	0.0
abc-	0.33606557377	0.565573770492	0.0	0.0983606557377
xa--	0.543644166712	0.237641185871	0.150837687874	0.0678769595432
wan-	0.138993481614	0.443171407685	0.0152668135364	0.402568297164
pon-	0.0465793304221	0.920426977196	0.00194080543425	0.0310528869481
azu-	0.0232558139535	0.970930232558	0.00581395348837	0.0
hig-	0.00856094578068	0.952710966164	0.0387280880554	0.0
chi-	0.459319085699	0.252479156174	0.0778179932748	0.210383764852
pil-	0.0518134715026	0.875333647354	0.0420788192809	0.0307740618621
ijb-	0.246446639364	0.606119007468	0.0958805107203	0.0515538424476
ocl-	0.290983606557	0.709016393443	0.0	0.0
ben-	0.0	1.0	0.0	0.0
txo-	0.376947666454	0.546332998447	0.0521691478674	0.0245501872317
n̈i-	0.434840721764	0.303408331477	0.204945422143	0.0568055246157
weh-	0.395516920927	0.346472008737	0.0157881170254	0.242222953311
pax-	0.431195263658	0.306670145164	0.151362231519	0.110772359659
ili-	0.0	0.708737864078	0.0	0.291262135922
jap-	0.327610480369	0.169842364755	0.0244396824679	0.478107472408
lam-	0.0981132075471	0.744905660377	0.120754716981	0.0362264150944
til-	0.679134580125	0.18701870187	0.034836817015	0.0990099009901
ebn-	0.0572416289683	0.0505895349975	0.00410292610866	0.888065909926
wun-	0.215126650018	0.68141277203	0.0271138066357	0.0763467713164
act-	0.562448304384	0.396195202647	0.0248138957816	0.0165425971877
cua-	0.0275406224181	0.589152929142	0.0375732777275	0.345733170713
set-	0.0118001835584	0.32122721909	0.0118001835584	0.655172413793
sat-	0.0722495587962	0.44594228695	0.0372128886505	0.444595265603
aym-	0.101265822785	0.16553067186	0.0303797468355	0.70282375852
esl-	0.0	1.0	0.0	0.0
ani-	0.300201559542	0.560946311867	0.0368507848606	0.10200134373
evo-	0.0	1.0	0.0	0.0
xaa-	0.481274900398	0.318459495352	0.126427622842	0.0738379814077
yiẍ-	0.350522413212	0.191102123357	0.0876306033029	0.370744860128
ik'-	0.41587369887	0.372515182214	0.0487073372721	0.162903781644
abi-	0.0473518063837	0.844791301298	0.107856892318	0.0
ho'-	0.215664294766	0.0604834779218	0.00960132566527	0.714250901647
awo-	0.202247191011	0.393258426966	0.0674157303371	0.337078651685
fle-	0.0	1.0	0.0	0.0
doc-	0.414634146341	0.536585365854	0.0487804878049	0.0
ban-	0.0758533501896	0.878634639697	0.0	0.0455120101138
hal-	0.563757297035	0.288577370769	0.0327399385113	0.114925393685
tey-	0.0237902807871	0.021316339511	0.00352963278033	0.951363746922
ter-	0.0	1.0	0.0	0.0
yoj-	0.140133828066	0.701023513716	0.0300175102143	0.128825148003
tra-	0.0527442768523	0.887205970337	0.0376924772491	0.0223572755613
itz-	0.516947278887	0.300737251356	0.117789038362	0.0645264313951
nam-	0.47735618115	0.0269277845778	0.495716034272	0.0
arq-	0.0849673202614	0.888888888889	0.0	0.0261437908497
ale-	0.00225733634312	0.889390519187	0.103837471783	0.00451467268624
juh-	0.05684295248	0.0195177571347	0.00318588819209	0.920453402193
sid-	0.00413223140496	0.977272727273	0.0	0.0185950413223
oli-	0.0832841110455	0.904311872416	0.00974601299468	0.002658003544
luc-	0.00804613115194	0.973179562827	0.00402306557597	0.0147512404452
par-	0.0631768953068	0.890493381468	0.0373044524669	0.00902527075812
tzo-	0.349527561647	0.422361665759	0.125877603103	0.10223316949
jec-	0.407659260766	0.318750317759	0.0928491534903	0.180741267985
dec-	0.0	0.752336448598	0.0	0.247663551402
xol-	0.0379222636618	0.0407061571707	0.0186752856224	0.902696293545
jua-	0.0367225154923	0.92750392825	0.0109902720644	0.0247832841934
niẍ-	0.170010265305	0.502327392436	0.136280773792	0.191381568468
wuh-	0.0126652106365	0.0130592394119	0.00993515412154	0.96434039583
eli-	0.335023827814	0.530779009769	0.07403278109	0.0601643813266
yul-	0.0263233112745	0.0220609310576	0.00268155508114	0.948934202587
mut-	0.128791342783	0.0946502057613	0.698826398415	0.0777320530407
hep-	0.393811104053	0.503092613275	0.0417393856972	0.0613568969748
di'-	0.103042198234	0.830225711482	0.0667320902846	0.0
col-	0.289493234803	0.587474194948	0.0686611615889	0.05437140866
jab-	0.424695379667	0.233696884729	0.0647382636126	0.276869471991
ipt-	0.569134078212	0.271648044693	0.0670391061453	0.0921787709498
waw-	0.746751110499	0.133780189999	0.0563387221832	0.063129977319
joc-	0.358339071955	0.265475963722	0.0763358778626	0.29984908646
hoc-	0.111194205019	0.688426959545	0.145354898932	0.0550239365041
pan-	0.0419621462814	0.931327221134	0.00880210153518	0.017908531049
nim-	0.273282113835	0.258192979083	0.327611021908	0.140913885174
tor-	0.0181818181818	0.80303030303	0.0	0.178787878788
lec-	0.468827930175	0.411471321696	0.0997506234414	0.0199501246883
roj-	0.0192076830732	0.908763505402	0.0576230492197	0.0144057623049
lin-	0.617324761595	0.200838150604	0.0499117958937	0.131925291908
hoh-	0.158890290038	0.841109709962	0.0	0.0
juc-	0.351851851852	0.49037037037	0.0622222222223	0.0955555555555
xah-	0.375430906489	0.399012986533	0.0887551772997	0.136800929679
aye-	0.23983869101	0.226172413772	0.056392414086	0.477596481132
wuy-	0.16091954023	0.83908045977	0.0	0.0
ina-	0.659322033898	0.25593220339	0.00127118644068	0.0834745762713
cre-	0.0154109589041	0.930650684931	0.0179794520548	0.0359589041096
mai-	0.514073246383	0.360510143141	0.0384341225653	0.0869824879111
pen-	0.021327014218	0.964454976303	0.0142180094787	0.0
rab-	0.416452442159	0.444730077121	0.0	0.13881748072
ape-	0.0208333333333	0.979166666667	0.0	0.0
uwe-	0.351464435147	0.560669456067	0.0878661087865	0.0
wij-	0.392914943356	0.314511778457	0.131631001618	0.160942276569
fre-	0.0285714285714	0.8	0.171428571429	0.0
hul-	0.663379516958	0.141174696589	0.0619752428148	0.133470543638
isr-	0.0342609073212	0.825930436551	0.104135962566	0.0356726935617
lab-	0.093032957864	0.879849812265	0.023362536504	0.0037546933667
uc'-	0.368446476185	0.398106951472	0.200187562714	0.0332590096281
isp-	0.431655348334	0.402063817186	0.0425612234499	0.12371961103
jil-	0.413563570496	0.210798519174	0.159944542984	0.215693367346
yor-	0.101769911504	0.860303413401	0.0	0.0379266750948
awi-	0.0997920997921	0.382536382536	0.37422037422	0.143451143451
car-	0.256715516952	0.584006841276	0.00503034977699	0.154247291995
ino-	0.617283950617	0.349794238683	0.0246913580247	0.00823045267488
yex-	0.438518518519	0.185185185185	0.074074074074	0.302222222222
wi'-	0.0665399239544	0.617395437262	0.287547528517	0.0285171102662
yes-	0.034353558519	0.918608492124	0.0391102050832	0.00792774427362
isw-	0.343320471528	0.399778390759	0.114194217959	0.142706919755
sah-	0.037410540013	0.389394925179	0.1014964216	0.471698113208
inh-	0.436636688326	0.272602091312	0.177073023796	0.113688196566
xaw-	0.489466248316	0.232967243727	0.0986822219171	0.17888428604
ttz-	0.260869565217	0.289855072464	0.434782608696	0.0144927536232
l'a-	0.0591986917416	0.75241210139	0.129844644317	0.0585445625511
ma--	0.359102244389	0.426433915212	0.0897755610973	0.124688279302
hec-	0.256206712599	0.288201711307	0.0479134942482	0.407678081846
cai-	0.00356506238859	0.983957219251	0.0124777183601	0.0
sod-	0.00475150747231	0.995248492528	0.0	0.0
elp-	0.162528216704	0.571106094808	0.079006772009	0.187358916479
can-	0.240447822679	0.342208946515	0.0586547046387	0.358688526167
zab-	0.0	0.985645933014	0.0143540669856	0.0
ur'-	0.0	1.0	0.0	0.0
isy-	0.345805249473	0.387061543858	0.102923126232	0.164210080436
mot-	0.022687609075	0.856893542757	0.113438045375	0.00698080279232
k'a-	0.191161398352	0.597135262926	0.178206373072	0.0334969656506
ill-	0.409799554566	0.463530066815	0.0389755011136	0.0876948775056
yap-	0.828907634999	0.0390676906703	0.0105801112801	0.121444563051
heq-	0.723237597911	0.109660574413	0.151436031332	0.0156657963446
jel-	0.518582841264	0.371309482459	0.0694685654741	0.0406391108024
met-	0.0159130816506	0.906167690957	0.016461808604	0.0614574187884
el'-	0.0150241647405	0.982454297121	0.000630384534568	0.0018911536037
huc-	0.391509433962	0.431132075472	0.0880503144654	0.0893081761006
mna-	0.0248962655602	0.925311203319	0.0497925311203	0.0
nef-	0.0	1.0	0.0	0.0
xe'-	0.17174793347	0.784913490178	0.0212509621498	0.022087614203
ces-	0.00847457627119	0.929025423729	0.0042372881356	0.0582627118644
lol-	0.324776119403	0.25552238806	0.408955223881	0.0107462686567
n̈u-	0.0634211701652	0.912460920054	0.0160786065208	0.00803930326038
hil-	0.485071359776	0.421241572542	0.0621661850976	0.0315208825847
tit-	0.20852990671	0.393094454144	0.085080958423	0.313294680723
eta-	0.525827573663	0.336667879229	0.0643870498363	0.0731174972717
jal-	0.311152658761	0.222285697799	0.0491751060331	0.417386537407
mat-	0.134412827299	0.303147808591	0.0868037112456	0.475635652864
wic-	0.113474297761	0.64097476282	0.11905500093	0.126495938488
ijo-	0.364285714286	0.432142857143	0.117857142857	0.0857142857143
nit-	0.106299394556	0.0420575865416	0.0855016869251	0.766141331978
ged-	0.0759493670886	0.924050632911	0.0	0.0
cun-	0.0	0.442176870748	0.333333333333	0.224489795918
yim-	0.394014962594	0.531172069825	0.0598503740648	0.0149625935162
cul-	0.420525816223	0.489824743064	0.0084472117389	0.081202228974
leh-	0.335460346399	0.505925250684	0.136736554239	0.0218778486782
ewi-	0.0937499999999	0.509615384616	0.0216346153846	0.375
yip-	0.126733408791	0.549515344404	0.126371188434	0.197380058372
ala-	0.457034797815	0.421166072469	0.0493432200518	0.0724559096639
jul-	0.270303590692	0.701957158268	0.00308213900447	0.0246571120357
cop-	0.299374840783	0.533141348027	0.122597358841	0.0448864523498
nuk-	0.0201484623542	0.929586426299	0.0464475079534	0.00381760339342
nah-	0.221650842393	0.279515750891	0.139056978674	0.359776428042
xae-	0.454795462358	0.433138535579	0.0302509453421	0.0818150567205
baj-	0.354993458352	0.253815961622	0.175316179677	0.215874400349
pom-	0.0176366843034	0.9739648946	0.00839842109685	0.0
saj-	0.15733735495	0.281521511457	0.537304679318	0.023836454275
ayi-	0.325793895171	0.129269982901	0.0405166431453	0.504419478783
pec-	0.0877192982456	0.80701754386	0.105263157895	0.0
tre-	0.0177021867407	0.112460951059	0.0166608816383	0.853175980562
yen-	0.60522719508	0.242569183464	0.0946361462248	0.0575674752306
gay-	0.0161290322581	0.983870967742	0.0	0.0
poj-	0.0	0.975409836066	0.0	0.0245901639344
gob-	0.0797872340425	0.893337066069	0.00531914893617	0.0215565509518
dan-	0.0838301043219	0.832339791356	0.0838301043219	0.0
ẍit-	0.21327014218	0.492890995261	0.142180094787	0.151658767772
c'u-	0.208445825613	0.239880911607	0.334144884271	0.217528378509
woj-	0.130535666932	0.749138159639	0.00497215592681	0.115354017502
ate-	0.0	1.0	0.0	0.0
tio-	0.0228719641594	0.850271162462	0.0759254892714	0.0509313841075
ser-	0.109308283518	0.870196413322	0.0204953031597	0.0
ẍim-	0.368539325843	0.222471910112	0.0	0.408988764045
hay-	0.130902106892	0.043333338985	0.0370863681882	0.788678185935
cri-	0.0584680751767	0.88657378149	0.0120562755831	0.0429018677504
mis-	0.0	1.0	0.0	0.0
elm-	0.0	1.0	0.0	0.0
eun-	0.370666666667	0.605333333333	0.024	0.0
isb-	0.326516137491	0.219682803994	0.0358133755943	0.417987682921
sac-	0.024401154988	0.940705193379	0.0188702265241	0.0160234251088
ayn-	0.358645627876	0.180473372781	0.146120973044	0.314760026299
on̈-	0.202422145329	0.38892733564	0.0595155709343	0.349134948097
xal-	0.292448292448	0.337181337181	0.0298220298221	0.340548340548
ech-	0.522382358238	0.363400219376	0.0530977314772	0.061119690909
nac-	0.627458693942	0.255704169945	0.0318646734855	0.0849724626279
tza-	0.309624525667	0.422069825798	0.153654066353	0.114651582181
yin-	0.0780577787373	0.0299535331378	0.00538298069922	0.886605707426
agr-	0.00344530577089	0.989664082687	0.0	0.00689061154177
maẍ-	0.196264965653	0.0706876365646	0.0318815138222	0.70116588396
isẍ-	0.0740072202166	0.904332129964	0.0216606498195	0.0
gre-	0.0	0.967213114754	0.0327868852459	0.0
ahp-	0.619402985075	0.0223880597015	0.044776119403	0.313432835821
sus-	0.0273972602739	0.972602739726	0.0	0.0
cad-	0.2625	0.732327586207	0.0	0.00517241379311
get-	0.0	1.0	0.0	0.0
tat-	0.0797547259633	0.0116626748811	0.00203063522583	0.90655196393
bit-	0.323864327106	0.595899015277	0.0206670178709	0.0595696397455
eba-	0.550432276657	0.230547550432	0.184438040346	0.0345821325649
xil-	0.15410838434	0.66660270801	0.0968973655428	0.0823915421071
meb-	0.053950606033	0.132051398888	0.804702451472	0.00929554360704
hak-	0.227938179625	0.436583304803	0.0676432068776	0.267835308694
meẍ-	0.211155378486	0.771459616081	0.0	0.0173850054328
an'-	0.0216216216216	0.962162162162	0.0162162162162	0.0
m'a-	0.0	1.0	0.0	0.0
jat-	0.305364511692	0.455295735901	0.0907840440165	0.148555708391
cef-	0.406504065041	0.593495934959	0.0	0.0
pot-	0.459146673113	0.475282528555	0.0392820450837	0.0262887532483
mam-	0.0433207171568	0.832062598436	0.0187207384856	0.105895945921
esa-	0.0154241645244	0.984575835476	0.0	0.0
p'o-	0.0694980694981	0.918918918919	0.0	0.011583011583
joh-	0.647666528889	0.106389780315	0.0408533536439	0.205090337152
ijt-	0.313725490196	0.686274509804	0.0	0.0
wat-	0.444323504327	0.419382903474	0.0858894724884	0.0504041197109
ab'-	0.0	0.983333333333	0.0166666666667	0.0
aug-	0.226	0.774	0.0	0.0
mos-	0.0146006716309	0.88173455979	0.0905241641116	0.0131406044678
tox-	0.273342293829	0.156639020258	0.055146735314	0.514871950599
sur-	0.0283400809717	0.31983805668	0.412955465587	0.238866396761
sak-	0.529326243928	0.175721902538	0.198489612127	0.0964622414074
ofi-	0.333333333333	0.666666666667	0.0	0.0
yaw-	0.646274280833	0.180714814755	0.0640640965341	0.108946807878
reg-	0.0444444444444	0.955555555556	0.0	0.0
ink-	0.200612147971	0.243115256448	0.0199969460718	0.53627564951
pla-	0.0260512069036	0.904343224651	0.0561729148858	0.0134326535597
coi-	0.398305084746	0.245762711864	0.228813559322	0.127118644068
mac-	0.150749174959	0.124663641944	0.0223522424034	0.702234940693
map-	0.130434782609	0.782608695652	0.0434782608696	0.0434782608696
ico-	0.0	1.0	0.0	0.0
bet-	0.00878992089071	0.985057134486	0.0	0.0061529446235
hip-	0.416058394161	0.140145985401	0.303649635036	0.140145985402
nar-	0.083916083916	0.722610722611	0.193473193473	0.0
g'o-	0.0	1.0	0.0	0.0
sal-	0.079373976995	0.89876454629	0.00336330410996	0.0184981726048
asu-	0.405853119823	0.594146880177	0.0	0.0
xim-	0.177570093458	0.752336448598	0.0140186915888	0.0560747663551
as'-	0.0109489051095	0.956204379562	0.0	0.0328467153284
hek-	0.320969694009	0.469915545469	0.0520696311191	0.157045129403
isk-	0.346317751623	0.444875885507	0.0316245066901	0.17718185618
tec-	0.45976525504	0.264223379786	0.0997835204979	0.176227844676
gab-	0.0	1.0	0.0	0.0
cam-	0.315760970485	0.336193137879	0.245177546852	0.102868344784
oht-	0.491420622926	0.264227365578	0.115337178388	0.129014833108
xak-	0.440729483283	0.382978723404	0.144680851064	0.0316109422492
sim-	0.017749346788	0.976574466168	0.00108117848455	0.00459500855933
yew-	0.239898368179	0.745625006155	0.00206808938085	0.0124085362851
yun-	0.0984442134797	0.243341421109	0.0134747762636	0.644739589148
aqu-	0.0142752562225	0.953147877013	0.0278184480234	0.00475841874084
lic-	0.126328955597	0.731081926204	0.142589118199	0.0
jok-	0.791774213373	0.208225786627	0.0	0.0
ich-	0.214977657273	0.518317257277	0.076398585433	0.190306500017
ren-	0.166666666667	0.833333333333	0.0	0.0
xay-	0.532896407208	0.250869169287	0.105569792516	0.110664630988
joe-	0.0126582278481	0.911392405063	0.0	0.0759493670886
cep-	0.015873015873	0.920634920635	0.0634920634921	0.0
tab-	0.0	1.0	0.0	0.0
lok-	0.465573179524	0.468817591925	0.0605623648162	0.00504686373468
naz-	0.00613845629192	0.989769239513	0.00409230419463	0.0
gal-	0.00660921944281	0.978833765582	0.0128001338576	0.00175688111771
jic-	0.0857250427178	0.518597893558	0.00936410939597	0.386312954328
elt-	0.263314312886	0.206787922016	0.177722301474	0.352175463623
ẍix-	0.515732924022	0.165771297007	0.00460475825019	0.313891020721
ahb-	0.296186096835	0.614552339735	0.0730321882608	0.0162293751691
sel-	0.269863275784	0.481737545686	0.0320633391504	0.21633583938
awe-	0.482432716779	0.304073315164	0.0793007655157	0.134193202541
t'u-	0.497056349874	0.391925988225	0.0656013456686	0.0454163162322
ixa-	0.0514211748852	0.909037714772	0.0214550419349	0.0180860684079
me'-	0.0368098159509	0.941996653653	0.00646960401562	0.0147239263804
ist-	0.384486955058	0.370483576874	0.109487473612	0.135541994455
lan-	0.440564649284	0.124738818072	0.0327773491631	0.401919183481
jah-	0.192728154615	0.74068353108	0.0162301320797	0.0503581822252
max-	0.558350036572	0.226768136193	0.0513385928545	0.16354323438
heh-	0.20768126093	0.567235938456	0.150412815282	0.0746699853327
tak-	0.536612450193	0.22633744856	0.165153395606	0.0718967056416
ad'-	0.0141806722689	0.960609243697	0.0063025210084	0.0189075630252
lob-	0.50569476082	0.289293849658	0.177676537585	0.0273348519362
mun-	0.215986762209	0.5714263632	0.10341147807	0.10917539652
sar-	0.0113044024367	0.801670539471	0.177604722728	0.00942033536396
aho-	0.54862282181	0.34120292299	0.00899381675097	0.101180438449
toc-	0.606286337209	0.193495639535	0.0566860465116	0.143531976744
ẍia-	0.0831982425363	0.167378601506	0.023916127123	0.725507028834
one-	0.0976138828633	0.876355748373	0.0260303687636	0.0
gog-	0.0	1.0	0.0	0.0
saf-	0.0	1.0	0.0	0.0
ruf-	0.0	1.0	0.0	0.0
ilc-	0.619259766964	0.260109664153	0.0856751199452	0.0349554489376
sil-	0.0081799591002	0.972188139059	0.00817995910021	0.0114519427403
ija-	0.299130577428	0.549130577428	0.0639763779527	0.0877624671916
lal-	0.781512605042	0.218487394958	0.0	0.0
jas-	0.0247422680412	0.969072164948	0.00618556701029	0.0
jik-	0.342198855729	0.494355961033	0.0799443327663	0.0835008504716
pic-	0.14616830236	0.818333681353	0.0250574232616	0.0104405930257
k'e-	0.0739183340556	0.730467436634	0.115867209416	0.0797470198952
yeb-	0.0169037635505	0.011291620111	0.00349157755729	0.968313038781
him-	0.084142394822	0.877022653722	0.0	0.0388349514563
yox-	0.0260869565218	0.0245410628019	0.795362318841	0.154009661836
acu-	0.0	0.637610186092	0.333006856024	0.0293829578844
jib-	0.221283619769	0.176327798815	0.0593261481697	0.543062433246
rei-	0.0200956937799	0.91961722488	0.0	0.0602870813397
egi-	0.00864345738295	0.934693877551	0.056662665066	0.0
iny-	0.370381743582	0.254276043057	0.136743616938	0.238598596423
sau-	0.043971947011	0.926416564622	0.00200378492708	0.0276077034398
yaj-	0.106477875425	0.0344985796039	0.0137756189224	0.845247926049
way-	0.457356187465	0.317189839581	0.0769099356516	0.148544037303
esm-	0.0287539936102	0.827476038339	0.143769968051	0.0
pri-	0.0143334925943	0.937410415671	0.0420449116101	0.00621118012424
tro-	0.107342007435	0.892657992565	0.0	0.0
cat-	0.143786940184	0.00826070775096	0.00161696826004	0.846335383805
beh-	0.130118348307	0.656919488597	0.036195577056	0.17676658604
pop-	0.0606060606061	0.939393939394	0.0	0.0
tex-	0.0233708806794	0.0992266510664	0.00609354401553	0.871308924239
ela-	0.554905247819	0.237353376367	0.0180079655532	0.189733410261
isf-	0.216397099833	0.566090351366	0.217512548801	0.0
aht-	0.315141567501	0.367254821502	0.0443167829298	0.273286828067
hex-	0.0850892174372	0.177354124142	0.018019593915	0.719537064506
nag-	0.0	1.0	0.0	0.0
leg-	0.0119771512806	0.918002579694	0.0	0.0700202690253
arp-	0.134978229318	0.856313497823	0.00870827285921	0.0
itu-	0.0	1.0	0.0	0.0
had-	0.204968944099	0.72049689441	0.055900621118	0.0186335403727
cap-	0.0314027830011	0.906073711922	0.0134449040993	0.0490786009778
fen-	0.0	0.977485928705	0.0	0.0225140712946
tam-	0.310124657951	0.594101550623	0.0410459106111	0.0547278808148
que-	0.42425479213	0.351231876286	0.0527580385741	0.171755293011
tir-	0.0	0.989778534923	0.00340715502555	0.00681431005112
uẍt-	0.25	0.725	0.025	0.0
toj-	0.283582089552	0.507462686567	0.0597014925373	0.149253731343
lek-	0.253554817276	0.443100775194	0.219224806202	0.0841196013289
ald-	0.018962564228	0.967580132126	0.0	0.0134573036457
hop-	0.565630944832	0.174381737476	0.252377932784	0.00760938490806
ceb-	0.012987012987	0.961038961039	0.0	0.025974025974
sol-	0.0896901858283	0.837865423292	0.0280211212968	0.0444232695828
dom-	0.17679558011	0.149171270718	0.0	0.674033149171
jet-	0.173298742387	0.130805372544	0.0338948225269	0.662001062541
tx'-	0.0940199640396	0.455623796294	0.275788736238	0.174567503428
haj-	0.275811006169	0.255973290571	0.203156944719	0.265058758541
yum-	0.385312994242	0.46711273385	0.0348717333094	0.112702538598
cin-	0.0148662041626	0.197224975223	0.0594648166501	0.728444003964
hut-	0.0348258706468	0.935323383085	0.0298507462686	0.0
azo-	0.0152671755725	0.984732824427	0.0	0.0
com-	0.0112152059279	0.228124459193	0.00406358582455	0.756596749055
mag-	0.0368029739777	0.899628252788	0.0457249070632	0.017843866171
wik-	0.379520823817	0.446082298717	0.0909355146783	0.0834613627871
job-	0.433833560709	0.525238744884	0.0245566166439	0.0163710777626
hob-	0.177109801589	0.618532735038	0.163485970698	0.0408714926745
wap-	0.483299196471	0.255553804947	0.00354498188121	0.257602016701
'an-	0.0244841815681	0.956854653829	0.00770288858321	0.0109582760202
jub-	0.50272479564	0.306539509537	0.1689373297	0.0217983651226
tuc-	0.437148217636	0.393996247655	0.0562851782364	0.112570356473
dru-	0.0	1.0	0.0	0.0
ijw-	0.755244755245	0.118881118881	0.041958041958	0.0839160839161
lag-	0.0244088482075	0.790660225443	0.152046783626	0.032884142724
exn-	0.798816568047	0.171597633136	0.0295857988166	0.0
taw-	0.084196864806	0.0333190745154	0.00995207291203	0.872531987767
leb-	0.18691588785	0.707165109035	0.031152647975	0.07476635514
mon-	0.197802197802	0.571428571429	0.175824175824	0.0549450549451
tze-	0.0945833902635	0.192305126461	0.0347092172577	0.678402266018
yij-	0.427903232714	0.287531825569	0.171106174433	0.113458767284
alo-	0.0901916572717	0.0304396843292	0.845546786922	0.0338218714769
ofr-	0.238390092879	0.705882352941	0.0	0.0557275541795
ram-	0.0	1.0	0.0	0.0
pit-	0.594224733208	0.292529817953	0.0549905838041	0.0582548650345
xao-	0.233009708738	0.590291262136	0.153398058252	0.0233009708738
hit-	0.541220118403	0.2322087201	0.0454337949175	0.181137366579
las-	0.165853658537	0.834146341463	0.0	0.0
wiy-	0.494363929147	0.156199677939	0.17230273752	0.177133655394
cic-	0.0388349514563	0.961165048544	0.0	0.0
eti-	0.00760456273766	0.920152091255	0.0646387832699	0.00760456273766
vin-	0.076066906898	0.874592396736	0.0445436842195	0.00479701214672
esp-	0.00595656325214	0.963206172537	0.0267801308248	0.00405713338614
ẍih-	0.467065868263	0.25748502994	0.0	0.275449101796
sip-	0.441176470588	0.558823529412	0.0	0.0
s'a-	0.08064	0.89664	0.00128	0.02144
isq-	0.0167597765363	0.201117318436	0.748603351955	0.0335195530726
cla-	0.0178173719376	0.982182628062	0.0	0.0
arf-	0.0	1.0	0.0	0.0
cle-	0.0759219088937	0.904555314534	0.0130151843818	0.0065075921909
cum-	0.0	0.842105263158	0.0	0.157894736842
inn-	0.182223887912	0.445590567071	0.0441664023986	0.328019142618
yax-	0.162452882229	0.562287395422	0.228923416383	0.0463363059667
bar-	0.0856780402191	0.886039268412	0.0121941174977	0.0160885738713
adr-	0.09	0.86	0.05	0.0
zeb-	0.0	1.0	0.0	0.0
pis-	0.0579234972677	0.693989071038	0.218579234973	0.0295081967213
ten-	0.519419939909	0.260464541975	0.0842925544321	0.135822963684
yep-	0.22338090011	0.474753018661	0.0691547749725	0.232711306257
pet-	0.27258805513	0.213374170495	0.0867789688617	0.427258805513
his-	0.0	0.926573426573	0.0734265734266	0.0
anf-	0.0384615384615	0.961538461538	0.0	0.0
apo-	0.00980926430517	0.98583106267	0.0	0.00435967302453
fan-	0.0	1.0	0.0	0.0
elk-	0.106118188631	0.861096242372	0.0226153516754	0.0101702173215
heb-	0.169136038609	0.188570529412	0.0460190199084	0.59627441207
obe-	0.224137931034	0.775862068966	0.0	0.0
ish-	0.335898713993	0.415068004817	0.13371727709	0.1153160041
jit-	0.466858789625	0.187319884726	0.0172910662824	0.328530259366
tu'-	0.14250835991	0.00610635489176	0.000101712364613	0.851283572833
awa-	0.462773722628	0.344525547445	0.131386861314	0.0613138686131
caj-	0.192715371109	0.276573966939	0.452689964317	0.0780206976349
sed-	0.0	0.551020408163	0.448979591837	0.0
jut-	0.234738234738	0.11718011718	0.054243054243	0.593838593839
ebi-	0.0760925906004	0.479738820515	0.0406599762767	0.403508612608
sa'-	0.216494845361	0.762886597938	0.020618556701	0.0
ch'-	0.304088967131	0.390165565972	0.0602951045	0.245450362398
heo-	0.833333333333	0.128205128205	0.0384615384615	0.0
rub-	0.0	1.0	0.0	0.0
fes-	0.0277906438166	0.969430291802	0.0	0.00277906438166
yux-	0.150463488712	0.0484687131732	0.00883687843782	0.792230919677
lep-	0.0109090909091	0.863272727273	0.12	0.00581818181818
reb-	0.179487179487	0.769230769231	0.025641025641	0.025641025641
ewa-	0.219115006581	0.457067529511	0.20857223734	0.115245226569
yix-	0.105823122519	0.785857977344	0.036758931549	0.0715599685876
bul-	0.513340087808	0.333333333333	0.0283687943263	0.124957784532
ilo-	0.323088455772	0.563343328336	0.0427286356822	0.0708395802099
dav-	0.00473826982077	0.97423565785	0.00248759165591	0.0185384806738
na'-	0.0	0.925925925926	0.0	0.0740740740741
ixn-	0.0807102502018	0.181802269611	0.0767233583243	0.660764121863
muj-	0.333452653028	0.549797615442	0.0443318556048	0.0724178759259
jop-	0.152536231884	0.721739130435	0.0235507246377	0.102173913043
tan-	0.26158238116	0.52914683296	0.0481383819414	0.161132403938
wab-	0.671067701705	0.179275897175	0.0232028665055	0.126453534614
ley-	0.054656217824	0.887017122374	0.017484650879	0.0408420089235
ema-	0.0210526315789	0.905263157895	0.0526315789473	0.021052631579
moy-	0.00531551370643	0.976966107272	0.00936542891134	0.0083529501101
des-	0.0129247446321	0.984573691891	0.0	0.00250156347717
abo-	0.0	0.92700729927	0.0729927007299	0.0
aga-	0.063051702396	0.876418663304	0.0428751576292	0.0176544766709
coy-	0.311287082366	0.456104883626	0.0938242889017	0.138783745106
wil-	0.70368316533	0.0971271259003	0.0317859747793	0.167403733991
rem-	0.516129032258	0.388291517324	0.0238948626045	0.0716845878136
k'i-	0.104359282659	0.579907736694	0.0304790377656	0.285253942882
pac-	0.470824949698	0.315895372233	0.116700201207	0.0965794768612
coc-	0.281347069831	0.353439670269	0.0754453956204	0.289767864279
lah-	0.220749412515	0.0977722440033	0.0383993808023	0.64307896268
jep-	0.272177419355	0.497983870968	0.0362903225806	0.193548387097
ijn-	0.839694656489	0.0458015267176	0.0	0.114503816794
ocn-	0.488683869108	0.253279515641	0.0605449041372	0.197491711114
bel-	0.261667941852	0.631070790979	0.0292928188873	0.0779684482822
boa-	0.0	0.962025316456	0.0379746835443	0.0
