-sis	0.203883495146	0.73786407767	0.0582524271845	0.0
-eba	0.0388310690646	0.934650152062	0.0142064886822	0.0123122901912
-het	0.685512367491	0.0424028268551	0.0918727915194	0.180212014134
-hes	0.187654320988	0.706172839506	0.0481481481481	0.058024691358
-hel	0.204678362573	0.766081871345	0.0	0.0292397660819
-iva	0.0930854585419	0.812041524324	0.0182728211647	0.0766001959694
-ive	0.0246770704436	0.975322929556	0.0	0.0
-hek	0.648784576697	0.188600167645	0.0955574182732	0.0670578373847
-hed	0.0123456790123	0.975308641975	0.0123456790123	0.0
-rbi	0.0688259109312	0.923076923077	0.0080971659919	0.0
-ivl	0.527950310559	0.0	0.472049689441	0.0
-ivn	0.136823527137	0.133423036358	0.0600928565184	0.669660579987
-rbl	0.151479188167	0.346972824217	0.454420364637	0.047127622979
-ziz	0.0548495751359	0.936346934089	0.00329174002909	0.00551175074638
-zin	0.0	1.0	0.0	0.0
-nsi	0.20190023753	0.20783847981	0.545724465558	0.0445368171021
-zif	0.0348905972797	0.955351862803	0.00576581904199	0.00399172087522
-nsa	0.864275113626	0.107527131064	0.0102495130322	0.0179482422781
-put	0.816031987027	0.0678321119893	0.0147622620637	0.10137363892
-ntn	0.00963803812381	0.987363461127	0.000428357249945	0.00257014349968
-nta	0.0968841891516	0.366895587292	0.0197024989703	0.516517724586
-dli	0.44794188862	0.35593220339	0.0508474576271	0.145278450363
-mek	0.563680698001	0.0539027612905	0.00607666035044	0.376339880358
-pak	0.423529411765	0.529411764706	0.0470588235294	0.0
-pul	0.645517241379	0.213793103448	0.115862068965	0.0248275862069
-puo	0.00788954635108	0.0802103879027	0.909927679158	0.00197238658777
-lai	0.391124871001	0.380984430385	0.163637995244	0.0642527033697
-hem	0.0	1.0	0.0	0.0
-'it	0.383012790579	0.261443587775	0.0961800321069	0.259363589539
-opl	0.0974346324617	0.150715342871	0.629008386778	0.122841637889
-opm	0.446991852935	0.258754771445	0.128188085155	0.166065290465
-'im	0.315567227738	0.185877603543	0.0721025853904	0.426452583329
-opi	0.214088173092	0.703920611681	0.0546608101513	0.0273304050757
-opa	0.239175257732	0.674226804124	0.0185567010309	0.0680412371134
-ded	0.418281444747	0.302993603528	0.242560559257	0.0361643924673
-das	0.0412687585266	0.944918144611	0.00153478854025	0.012278308322
-def	0.0424528301887	0.0566037735849	0.900943396226	0.0
-gkl	0.242710795902	0.452718676123	0.273837667455	0.0307328605201
-imz	0.0714285714286	0.732142857143	0.160714285714	0.0357142857143
-gki	0.0103082943591	0.987019184881	0.00267252075977	0.0
-dem	0.0502178731847	0.0336060661737	0.00296503593657	0.913211024705
-den	0.047760400707	0.0274258876562	0.0127363004896	0.912077411147
-400	0.0	0.568493150685	0.0821917808219	0.349315068493
-okl	0.295454545455	0.704545454545	0.0	0.0
-oki	0.211764705882	0.329411764706	0.435294117647	0.0235294117647
-kim	0.0	1.0	0.0	0.0
-gks	0.138536657028	0.266971562002	0.0375577960938	0.556933984876
-imi	0.101483375959	0.828542199489	0.0480818414322	0.0218925831202
-zum	0.603773584906	0.339622641509	0.0283018867925	0.0283018867924
-oka	0.0568174293093	0.897728627243	0.0340904575856	0.0113634858619
-oul	0.262547923235	0.612604497369	0.107271149389	0.0175764300074
-kis	0.64010989011	0.291208791209	0.0453296703297	0.0233516483517
-bit	0.0353535653977	0.387165844844	0.353535653977	0.223944935781
-ech	0.663147807907	0.167812341612	0.0315192600101	0.137520590471
-bis	0.0568720379147	0.857819905213	0.085308056872	0.0
-obl	0.101664718773	0.698632690142	0.141888809121	0.0578137819641
-idi	0.209522641225	0.593757144211	0.177984956033	0.0187352585298
-ide	0.0688516469908	0.830925451994	0.0530009081153	0.0472219929002
-ida	0.0862083669371	0.430353095054	0.258229674435	0.225208863574
-big	0.162259915513	0.299934778153	0.483661138816	0.0541441675184
-bie	0.119284294235	0.572564612326	0.296222664016	0.0119284294234
-bil	0.718318094833	0.232830108441	0.0195619817138	0.0292898150117
-bim	0.27950310559	0.664596273292	0.055900621118	0.0
-bij	0.227970897332	0.614389652385	0.123686337914	0.0339531123687
-lat	0.0431153793825	0.879286320837	0.0463525515015	0.0312457482794
-tep	0.405010641139	0.471616886638	0.108418233166	0.0149542390574
-eja	0.740740740741	0.259259259259	0.0	0.0
-rid	0.294491066175	0.385883421588	0.112201818764	0.207423693473
-tes	0.575593148207	0.388871156506	0.0323438663688	0.00319182891797
-rin	0.17450344548	0.746047831374	0.0563437373328	0.0231049858127
-ril	0.226652675761	0.545120671564	0.184155299056	0.0440713536201
-uti	0.165079365079	0.609523809524	0.165079365079	0.0603174603174
-utn	0.101875	0.8025	0.06	0.035625
-rik	0.399792546843	0.534139779853	0.03269518595	0.0333724873539
-rii	0.0926836207754	0.324719515716	0.237769348678	0.34482751483
-rit	0.0195716170324	0.900682707604	0.0699124426126	0.00983323275131
-sit	0.338235294118	0.544117647059	0.0588235294118	0.0588235294118
-ted	0.312949640288	0.546762589928	0.0107913669065	0.129496402878
-ris	0.0934579439252	0.88785046729	0.01246105919	0.00623052959502
-rip	0.664348136258	0.321383984305	0.0	0.0142678794364
-nas	0.0393013100437	0.924672489083	0.0163755458515	0.0196506550218
-a'a	0.392785571142	0.384769539078	0.0480961923848	0.174348697395
-tek	0.709685375748	0.0487270323656	0.021906798842	0.219680793044
-tel	0.613685801023	0.0669607707999	0.00562772589882	0.313725702279
-ten	0.0315934065935	0.264913657771	0.00294348508634	0.700549450549
-dan	0.0211271263843	0.101041789055	0.0793721127317	0.798458971829
-jin	0.0307692307692	0.969230769231	0.0	0.0
-ara	0.0697094844773	0.883638666233	0.00205985270782	0.0445919965822
-mes	0.583090379009	0.155976676385	0.252186588921	0.00874635568513
-aro	0.119040822152	0.675421067656	0.160148444191	0.0453896660006
-ari	0.80505941032	0.118366864447	0.0436311221611	0.032942603072
-nak	0.813381325809	0.15886348203	0.0277551921603	0.0
-luk	0.714431866399	0.178335727594	0.020622045041	0.0866103609661
-luo	0.627276249516	0.295699341341	0.0557923285548	0.0212320805889
-mel	0.161015505197	0.801925370591	0.0268359175328	0.0102232066792
-gyu	0.556231073303	0.36052613329	0.0329873552324	0.0502554381747
-men	0.00665813060179	0.112932138284	0.00460947503201	0.875800256082
-jip	0.0142982842059	0.920369555653	0.0640123185218	0.00131984161901
-aya	0.0	0.962962962963	0.0185185185185	0.0185185185185
-rai	0.704048107592	0.111549287168	0.0916749036299	0.0927277016109
-tyu	0.0354767184036	0.957871396896	0.00665188470068	0.0
-rag	0.648394312601	0.289769367238	0.0278970508832	0.0339392692772
-nsl	0.578947368421	0.40350877193	0.0175438596491	0.0
-gin	0.698412698413	0.238095238095	0.031746031746	0.031746031746
-ufa	0.1781286163	0.2580867361	0.121838320384	0.441946327217
-ota	0.0227272727273	0.965909090909	0.0113636363636	0.0
-iim	0.140687298272	0.849439908867	0.0	0.0098727928612
-ija	0.0218209354617	0.961454481259	0.0110568078345	0.00566777544459
-oti	0.15959362851	0.518485971222	0.128601977786	0.193318422483
-hwa	0.0757029560201	0.92429704398	0.0	0.0
-otn	0.136792285969	0.4788730776	0.0948668806557	0.289467755775
-ots	0.415254237288	0.5	0.0338983050847	0.0508474576271
-siz	0.387460815047	0.460188087774	0.126645768025	0.0257053291536
ALL	0.233587327499	0.340034174478	0.0644009740927	0.36197752393
-nai	0.0156950672646	0.949177877429	0.0127055306427	0.0224215246637
-nan	0.023088023088	0.962481962482	0.007215007215	0.00721500721501
-nal	0.128982921234	0.583736936018	0.270456283456	0.0168238592914
-kid	0.0936024093314	0.276514969076	0.600644263814	0.0292383577789
-kik	0.801796023092	0.167415009622	0.0153944836434	0.0153944836434
-kii	0.0318725099602	0.956175298805	0.00796812749003	0.00398406374502
-naa	0.153075366191	0.0263572464886	0.0162897164256	0.804277670895
-kin	0.200836820084	0.716936510824	0.0614880844096	0.0207385846826
-aka	0.301571121055	0.143007467251	0.0433988090983	0.512022602596
-kil	0.68538567986	0.280335536253	0.00562077056806	0.0286580133189
-sik	0.0363413136894	0.169797421731	0.7459791283	0.0478821362799
-sij	0.179074436606	0.76149443991	0.0468139009748	0.0126172225087
-sii	0.0098827596573	0.976852547723	0.00270554637006	0.0105591462498
-kip	0.611520707146	0.136266266761	0.0602681380236	0.191944888069
-sin	0.148894374955	0.761653940186	0.0799272832767	0.00952440158148
-kit	0.0600656258898	0.903343937788	0.0290960096053	0.00749442671652
-sib	0.881057268723	0.0748898678413	0.0	0.0440528634361
-aks	0.807291521443	0.153544122442	0.00640687501276	0.0327574811029
-nat	0.0472452754724	0.926507349265	0.0157484251575	0.010498950105
-nti	0.0295751926869	0.327657286252	0.226563900341	0.416203620721
-mos	0.211918003085	0.26505776756	0.0629250498463	0.460099179508
-mor	0.010752688172	0.956989247312	0.0322580645161	0.0
-wul	0.121951219512	0.756097560976	0.0731707317073	0.0487804878049
-wud	0.0106647707074	0.931567721294	0.0444365446143	0.0133309633843
-las	0.0789039286894	0.884450313635	0.0138659623638	0.022779795312
-wod	0.142151160565	0.801210363225	0.0222618662759	0.0343766099349
-lki	0.0	1.0	0.0	0.0
-apa	0.0607244318182	0.82421875	0.0490056818182	0.0660511363637
-mon	0.0	1.0	0.0	0.0
-gos	0.0178306092125	0.918276374443	0.00891530460623	0.0549777117385
-mok	0.23159018143	0.659551760939	0.0896478121665	0.0192102454642
-mom	0.0	1.0	0.0	0.0
-yat	0.125824050921	0.482155035235	0.265401227552	0.126619686292
-nam	0.0	1.0	0.0	0.0
-yas	0.0274950152167	0.932521775632	0.0336866407808	0.00629656837024
-yar	0.0117647058824	0.933333333333	0.0313725490196	0.0235294117647
-bes	0.178492151578	0.245956873315	0.491120976693	0.0844299984144
-mfa	0.133333333333	0.866666666667	0.0	0.0
-bet	0.0396825396826	0.904761904762	0.00396825396825	0.0515873015873
-yaz	0.0	1.0	0.0	0.0
-yad	0.196855326213	0.566667710715	0.219563378958	0.0169135841138
-ben	0.474377745242	0.31654465593	0.193265007321	0.0158125915081
-lpa	0.169937859958	0.774647620491	0.0480259169446	0.00738860260685
-yab	0.0392156862745	0.960784313726	0.0	0.0
-216	0.0	0.469879518072	0.0722891566264	0.457831325301
-yal	0.0705435734846	0.833402861791	0.0825998081014	0.0134537566226
-yan	0.248234786758	0.185551777506	0.0959424837235	0.470270952013
-yai	0.0800131733569	0.797669214015	0.0835834524674	0.0387341601611
-beg	0.858103970519	0.0572176841737	0.0224533164204	0.0622250288868
-bed	0.142857142857	0.787918871252	0.0533509700176	0.015873015873
-ofa	0.631387699955	0.310020782704	0.0295262736132	0.0290652437277
-isn	0.761338572149	0.155534182413	0.0437283003895	0.0393989450485
-hhh	0.592592592593	0.296296296296	0.037037037037	0.0740740740741
-ren	0.0633339416254	0.750775572421	0.129534012474	0.0563564734802
-ups	0.109756097561	0.5	0.19512195122	0.19512195122
-rel	0.0397505495985	0.942662299789	0.00933195746781	0.0082551931446
-ish	0.267281335726	0.598243302236	0.0836108910411	0.0508644709966
-mod	0.127659574468	0.860182370821	0.0121580547112	0.0
-red	0.192433442317	0.686988372379	0.099584552226	0.0209936330785
-rez	0.0	1.0	0.0	0.0
-eva	0.255907896902	0.079472456508	0.108901373899	0.555718272691
-evl	0.0437256663672	0.830263551962	0.116801437556	0.009209344115
-res	0.462420092546	0.418641506406	0.0796734158932	0.0392649851553
-evn	0.00824897719335	0.605607974011	0.0692847560232	0.316858292772
-evi	0.238721907708	0.237265419879	0.356274362262	0.167738310151
-ret	0.171516910037	0.770927079884	0.0482116225607	0.00934438751879
-haa	0.83	0.05	0.02	0.1
-avl	0.589114194237	0.258804695838	0.051227321238	0.100853788687
-juu	0.0184159604143	0.830227348432	0.130504763866	0.0208519272872
-mas	0.0272762197465	0.968113714944	0.0	0.00461006530926
-hak	0.725118483412	0.0784952606635	0.166617298578	0.029768957346
-hal	0.176550173803	0.630737048061	0.120745998376	0.0719667797598
-mat	0.0904365904366	0.903326403326	0.0	0.00623700623702
-han	0.228812831602	0.563409245572	0.145062345786	0.0627155770404
-hap	0.791104464024	0.11467308255	0.0771531683844	0.0170692850408
-mak	0.547511312217	0.398190045249	0.0542986425339	0.0
-mam	0.193548387097	0.806451612903	0.0	0.0
-mal	0.0559480929189	0.831358902016	0.0794542601371	0.0332387449284
-man	0.0287644978883	0.831350744773	0.0560960221121	0.0837887352271
-juk	0.257731958763	0.550515463918	0.0494845360825	0.142268041237
-mad	0.241227102185	0.228647097771	0.419333480468	0.110792319576
-iev	0.41371808363	0.535555809867	0.0275599287185	0.0231661777839
-unt	0.179571663921	0.734996469758	0.00706048481995	0.0783713815016
-unu	0.0328017292178	0.0329635226921	0.00748736441183	0.926747383678
-vya	0.121293800539	0.819407008086	0.00539083557951	0.0539083557951
-666	0.0357142857143	0.0	0.0	0.964285714286
-gag	0.0535714285714	0.928571428571	0.0178571428571	0.0
-gad	0.0673784448906	0.664641028226	0.0123845594812	0.255595967402
-ada	0.170022526154	0.667232146728	0.0982258704024	0.0645194567154
-adn	0.528454722338	0.413714674108	0.0356806752	0.0221499283546
-gan	0.0253768364816	0.948673917191	0.00457927876359	0.0213699675635
-oud	0.0399444105199	0.764983540741	0.17371712535	0.021354923389
-gai	0.0	1.0	0.0	0.0
-adi	0.074038557618	0.473691113904	0.0300947617615	0.422175566716
-144	0.0112359550562	0.0449438202247	0.0	0.943820224719
-gar	0.236559139785	0.677419354839	0.0537634408602	0.0322580645161
-lam	0.105263157895	0.842105263158	0.0	0.0526315789474
-rli	0.0700046360686	0.149745016226	0.113120074177	0.667130273528
-nor	0.0	1.0	0.0	0.0
-sen	0.823014025028	0.0688441332451	0.00677162731546	0.101370214412
-inj	0.0	1.0	0.0	0.0
-sel	0.89371122191	0.09288463296	0.00213247763437	0.0112716674959
-sek	0.45867768595	0.322314049587	0.219008264463	0.0
-bel	0.128205128205	0.777777777778	0.0940170940171	0.0
-ina	0.0173011711793	0.0275530647146	0.00549628697817	0.949649477128
-sed	0.230655495318	0.263479546575	0.182158698866	0.323706259241
-ine	0.0	1.0	0.0	0.0
-ing	0.214729823159	0.522258572327	0.035342874725	0.227668729789
-yam	0.555836297429	0.42057174989	0.0149769901194	0.00861496256184
-inz	0.0334572490706	0.951672862454	0.00743494423792	0.00743494423792
-kni	0.0503424432625	0.914346929414	0.0113770174829	0.0239336098402
-fon	0.127345844504	0.723860589812	0.124664879357	0.0241286863271
-ohn	0.308426073132	0.438791732909	0.0381558028617	0.214626391097
-ins	0.256918673915	0.141933805305	0.0406698892191	0.560477631561
-int	0.268606103873	0.567664643941	0.123349098697	0.0403801534892
-ous	0.0249197410663	0.949450028946	0.00660491553076	0.0190253144571
-laz	0.242774566474	0.150289017341	0.57225433526	0.0346820809249
-eda	0.0503636581062	0.51830894183	0.102945860693	0.32838153937
-fuo	0.084724278482	0.0918559099321	0.0407917252491	0.782628086337
-ful	0.195702181089	0.381244325005	0.386717132196	0.0363363617096
-edi	0.342893132292	0.114480018558	0.267670115947	0.274956733203
-edn	0.0349191469417	0.921490508554	0.0239043824701	0.0196859620342
-nes	0.164030859879	0.835969140121	0.0	0.0
-fut	0.0395128111125	0.943460018738	0.00244409140902	0.0145830787405
-aan	0.566528137965	0.210175650536	0.0421013924003	0.181194819099
-nek	0.281655342804	0.583693638048	0.0852378011118	0.0494132180358
-els	0.166828715954	0.179628558418	0.118755461471	0.534787264157
-lap	0.348987505385	0.638087031452	0.0129254631624	0.0
-kum	0.834682860999	0.12685560054	0.0121457489879	0.0263157894737
-kuk	0.5	0.38	0.08	0.04
-elp	0.506910691452	0.339208772351	0.0540523236785	0.0998282125187
-uum	0.0385357269759	0.924916668077	0.0200504221587	0.0164971827888
-uul	0.237315230493	0.613366663363	0.10663934737	0.0426787587746
-eka	0.0976430976431	0.742985409652	0.132435465769	0.026936026936
-uun	0.141916726096	0.272861923309	0.0436666849525	0.541554665643
-bak	0.276447264478	0.105979703267	0.0396883986356	0.577884633619
-eke	0.548940464178	0.363269424823	0.0635721493441	0.0242179616549
-rek	0.431784983932	0.374817411627	0.106339468303	0.0870581361379
-bag	0.130202982557	0.535773377599	0.235425160321	0.0985984795233
-bad	0.158203839432	0.269417311314	0.436494926368	0.135883922886
-out	0.142842505969	0.100068764453	0.0162552076715	0.740833521906
-jos	0.180908863785	0.116096280527	0.0622874612336	0.640707394455
-eks	0.0655101014237	0.3086227671	0.470487309367	0.155379822109
-hos	0.286568444281	0.619065061708	0.0648276678456	0.0295388261653
-hop	0.0923076923077	0.846153846154	0.0615384615385	0.0
-joj	0.425450233955	0.501178380296	0.0117473923371	0.0616239934117
-uuz	0.276352832337	0.46705586756	0.0449529208444	0.211638379258
-uut	0.0807292732891	0.771222553804	0.0992068830939	0.0488412898135
-bat	0.00774553340907	0.988330062997	0.0033047609212	0.000619642672727
-jog	0.0794297352342	0.896130346232	0.0244399185336	0.0
-bas	0.0453135877476	0.940256945763	0.00987279286121	0.00455667362825
-uus	0.484446696015	0.234433594205	0.169260825006	0.111858884774
-ogi	0.0270676691729	0.927819548872	0.0180451127819	0.0270676691729
-ase	0.0	1.0	0.0	0.0
-asa	0.0685714285714	0.828571428571	0.0114285714286	0.0914285714285
-asn	0.74720550301	0.0825451418744	0.0154772141015	0.154772141015
-yes	0.0666381888082	0.173572547344	0.0253452940339	0.734443969813
-asl	0.0513760472977	0.883217771116	0.0325336447268	0.0328725368594
-yet	0.199975999451	0.080830418981	0.088373448536	0.630820133032
-asi	0.176738320887	0.597777471283	0.187653931787	0.0378302760428
-ash	0.724361120969	0.17680368436	0.0607142862907	0.0381209083795
-mba	0.647432427556	0.208148388726	0.0810508462343	0.0633683374833
-lti	0.454242875709	0.260151519954	0.25168795765	0.0339176466859
-yem	0.00653594771242	0.989106753813	0.00435729847495	0.0
-yel	0.0494638533379	0.915561704908	0.0214842999347	0.0134901418194
-yen	0.0	0.962813758909	0.0371862410908	0.0
-zot	0.0328509972624	0.865662886195	0.0944466171295	0.00703949941337
-lta	0.0122738001574	0.983949645948	0.00188827694729	0.00188827694729
-mbl	0.470872014186	0.255437050172	0.240155940336	0.0335349953062
-ogl	0.547630445189	0.287218764959	0.120631881283	0.0445189085687
-dov	0.393194706994	0.606805293006	0.0	0.0
-l-a	0.209097270819	0.162631210637	0.610636808957	0.0176347095871
-ras	0.0	0.965451055662	0.0230326295585	0.0115163147793
-rap	0.77135847439	0.150004266746	0.0359828347237	0.0426544241405
-ran	0.0125907990315	0.978692493947	0.0087167070218	0.0
-eri	0.279054452185	0.673945443832	0.016013309764	0.0309867942186
-ral	0.394585987261	0.364649681529	0.24076433121	0.0
-ram	0.0240640359485	0.0308781549095	0.00494365112978	0.940114158012
-rak	0.137599506053	0.714216410505	0.0727689695473	0.0754151138945
-iwe	0.197886517254	0.258396191356	0.0285700735598	0.515147217831
-ero	0.0871369294606	0.912863070539	0.0	0.0
-era	0.0549481356882	0.886178861789	0.0470984020185	0.0117746005046
-rad	0.0235796387521	0.927553366174	0.0438752052545	0.00499178981937
-rab	0.804134929271	0.167573449401	0.00943054044251	0.018861080885
-raa	0.621685498754	0.269692750995	0.0505066856606	0.0581150645903
-pos	0.0552845528455	0.921951219512	0.0227642276423	0.0
-epa	0.012987012987	0.974025974026	0.00649350649351	0.00649350649351
-ozn	0.0	0.916666666667	0.0833333333333	0.0
-jai	0.277037037037	0.484444444445	0.176296296296	0.0622222222222
-zha	0.0194940821536	0.965885356231	0.00974704107681	0.00487352053841
-aza	0.0	0.962962962963	0.037037037037	0.0
-lad	0.316273358689	0.34246277112	0.289848965378	0.0514149048127
-laa	0.0248376889257	0.924130608913	0.0430377058158	0.0079939963456
-ika	0.0585536488302	0.856277407417	0.0745228257839	0.0106461179691
-aaz	0.0629397670045	0.031022668033	0.00428432935996	0.901753235603
-iko	0.0	1.0	0.0	0.0
-aat	0.330765150229	0.41431923579	0.0442051472914	0.210710466689
-lan	0.196669814865	0.726865684291	0.0274580666545	0.0490064341896
-ikl	0.0601359991211	0.364634554588	0.402367785653	0.172861660638
-oun	0.120743219915	0.552318967564	0.0258007681362	0.301137044385
-iki	0.221518987342	0.278481012658	0.310126582278	0.189873417722
-lak	0.442263765328	0.364691031498	0.146158932436	0.0468862707382
-aam	0.230831341772	0.689553565333	0.0593181124865	0.0202969804089
-aal	0.225225522477	0.259485629162	0.0401147386209	0.47517410974
-fos	0.0459063302413	0.158421845539	0.520840242181	0.274831582039
-iks	0.325220949928	0.317036005151	0.16565942137	0.192083623551
-aak	0.644873969904	0.241852379225	0.0474915261109	0.06578212476
-aaj	0.165417341977	0.636851701783	0.0587520259319	0.138978930308
-aad	0.0628152930502	0.859612886593	0.0394817055683	0.0380901147888
-aag	0.0379746835443	0.796892980437	0.165132336018	0.0
-aaf	0.329882277293	0.190155560176	0.0897208649939	0.390241297537
-nof	0.0924704721841	0.105969150848	0.651713561484	0.149846815484
-bod	0.112558237735	0.880581553645	0.00533571781587	0.00152449080454
-dot	0.0381922342457	0.827498408657	0.130490133673	0.00381922342457
-ahn	0.472149613313	0.140548242983	0.084148816119	0.303153327585
-gen	0.0871163946201	0.0952020085534	0.0599666559034	0.757714940923
-bob	0.0535395597858	0.933075550268	0.0133848899465	0.0
-bon	0.603524992777	0.342444380237	0.0366945969373	0.0173360300491
-bok	0.520168573149	0.265502709211	0.156532209512	0.0577965081276
-bot	0.0171128570984	0.0175672477877	0.00445393075242	0.960865964361
-bos	0.552430886559	0.298379408961	0.105338417541	0.0438512869399
-don	0.558868315717	0.168031506217	0.0356627366562	0.237437441409
-dom	0.0291142432818	0.93591503909	0.030935634825	0.00403508280326
-184	0.288659793814	0.360824742268	0.0618556701031	0.288659793814
-get	0.870646724288	0.0414168087197	0.0135414567746	0.0743950102181
-tof	0.439477303989	0.259972489684	0.259972489684	0.0405777166438
-sar	0.0732153752288	0.8639414277	0.0109823062843	0.0518608907871
-mpl	0.510607866508	0.399284862932	0.0600715137068	0.0300357568534
-dek	0.105352460281	0.865340120315	0.00925497454882	0.0200524448558
-uta	0.0510965910839	0.0367289494004	0.0135922261394	0.898582233376
-ton	0.768096368384	0.0963265421325	0.0199575340536	0.11561955543
-gli	0.266787658802	0.250453720508	0.48275862069	0.0
-olt	0.704225352113	0.267605633803	0.0	0.0281690140845
-mpa	0.327906976744	0.423255813953	0.137209302326	0.111627906977
-lfa	0.0680272108843	0.916099773243	0.0113378684807	0.00453514739229
-oli	0.0161264510728	0.77944923861	0.201469845999	0.00295446431869
-saa	0.196311719215	0.703747769185	0.0928019036288	0.00713860797144
-tor	0.55980861244	0.22966507177	0.0956937799043	0.114832535885
-tos	0.0817823212401	0.874381910106	0.0260570031668	0.017778765487
-sad	0.181203118106	0.329018973378	0.475069863215	0.0147080453008
-ola	0.0477859190825	0.264415418923	0.687798661994	0.0
-sai	0.696649029982	0.232804232804	0.0	0.0705467372134
-san	0.103112840467	0.696498054475	0.121595330739	0.078793774319
-sam	0.0	1.0	0.0	0.0
-aip	0.493618910221	0.36655199201	0.109199866829	0.03062923094
-iek	0.358678044485	0.577299579228	0.0385661630514	0.0254562132353
-iej	0.384422110553	0.54459798995	0.0332914572864	0.037688442211
-iem	0.189825113031	0.22221736556	0.194027443135	0.393930078274
-iel	0.613425549227	0.355329536208	0.0145646867372	0.0166802278275
-ien	0.199128641707	0.64150702256	0.0939361627044	0.065428173028
-lod	0.0560503926235	0.934415482621	0.00645584232353	0.00307828243241
-iet	0.408657438095	0.380715236587	0.0806538947392	0.129973430578
-ied	0.217130760969	0.289045921729	0.418904125225	0.0749191920764
-ief	0.270929676288	0.312868760963	0.248764152448	0.167437410301
-rof	0.4035102523	0.343599696228	0.218715720192	0.0341743312801
-rog	0.0	1.0	0.0	0.0
-rob	0.763440860215	0.0537634408602	0.161290322581	0.0215053763441
-lov	0.479722361434	0.430842772261	0.055309152533	0.0341257137717
-iep	0.0902416426459	0.828524501179	0.0147400142253	0.0664938419496
-ies	0.241940132719	0.60906113824	0.0447171376694	0.104281591372
-lou	0.695025108132	0.196536064661	0.0565188976627	0.0519199295446
-los	0.194446592618	0.606676386071	0.0763018274831	0.122575193828
-lop	0.514705882353	0.397058823529	0.0882352941176	0.0
-rok	0.747835339604	0.121229104732	0.0786669265884	0.0522686290755
-ipl	0.0583449070599	0.635553609786	0.0446216840729	0.261479799081
-gla	0.395256916996	0.509881422925	0.0948616600791	0.0
-ipa	0.00361663652803	0.989150090416	0.0	0.00723327305605
-wil	0.207094918504	0.703739213806	0.0834132310642	0.00575263662514
-rda	0.230702515178	0.502168256722	0.0359930615785	0.231136166522
-apl	0.0	1.0	0.0	0.0
-wik	0.222413052812	0.154143409188	0.239158437097	0.384285100902
-rdn	0.540983606557	0.331147540984	0.0786885245902	0.0491803278688
-pie	0.617362128107	0.335596960687	0.0244174221303	0.0226234890758
-dna	0.076813655761	0.897581792319	0.0	0.0256045519203
-det	0.0753532182103	0.883830455259	0.0313971742543	0.0094191522763
-aid	0.247425280447	0.49229743409	0.139910657836	0.120366627627
-nju	0.00732421875	0.98876953125	0.0	0.00390625
-hat	0.707593386405	0.161025441185	0.094499805155	0.0368813672549
-wid	0.0364508692757	0.0226911331659	0.00654913838797	0.93430885917
-til	0.133180807943	0.0540500564768	0.0472900371625	0.765479098418
-sti	0.0754781420765	0.346653005464	0.204918032787	0.372950819672
-sta	0.0335220099447	0.924452210108	0.0207494689805	0.0212763109663
-rpl	0.00740009866798	0.00986679822396	0.977799703996	0.00493339911199
-ain	0.411247465722	0.404718526221	0.125943714433	0.0580902936246
-aik	0.0596275909347	0.0457796294844	0.0297801362451	0.864812643336
-eya	0.141975308642	0.773148148148	0.0767746913581	0.00810185185185
-'go	0.733552631579	0.0953947368421	0.134868421053	0.0361842105263
-ibi	0.138888888889	0.861111111111	0.0	0.0
-lek	0.514303482587	0.444651741294	0.0261194029851	0.0149253731343
-lel	0.0	1.0	0.0	0.0
-lem	0.0238365963077	0.948791631349	0.00880692977197	0.018564842571
-len	0.947085416561	0.0361520096947	0.0167625737444	0.0
-muo	0.0991400510741	0.0724563891768	0.430532495328	0.397871064421
-olo	0.0	0.833333333333	0.125	0.0416666666667
-lef	0.728479021632	0.0697479939649	0.010671323475	0.191101660928
-leg	0.0	1.0	0.0	0.0
-hri	0.0183251433251	0.949836199836	0.0207821457821	0.0110565110565
-hra	0.0278992526986	0.855853861057	0.097647384445	0.0185995017991
-les	0.561925276447	0.268821759268	0.122927398503	0.0463255657817
-let	0.822447685479	0.0648911435214	0.0779961953075	0.0346649756923
-fta	0.0802989730415	0.034511112513	0.014792030576	0.87039788387
-alz	0.0598968037838	0.479124265444	0.449441020496	0.0115379102766
-ens	0.166575631439	0.248130638691	0.115325937506	0.469967792364
-eza	0.0	1.0	0.0	0.0
-fti	0.0225046884768	0.205042717233	0.0	0.772452594291
-alt	0.0502957734404	0.595119023805	0.338239076387	0.0163461263681
-git	0.790809628009	0.18818380744	0.0105032822757	0.0105032822757
-gis	0.0587875076546	0.208205756277	0.6595223515	0.0734843845683
-ifn	0.670103092784	0.0618556701031	0.268041237113	0.0
-iba	0.33224834551	0.360990853293	0.14837391868	0.158386882517
-alo	0.138686131387	0.704900938478	0.143899895725	0.0125130344109
-naz	0.201086956522	0.75	0.0326086956522	0.0163043478261
-uda	0.197719568594	0.113211698005	0.0542702430306	0.63479849037
-dos	0.061793322893	0.907310015661	0.0185379968679	0.0123586645786
-ali	0.00326228795128	0.680295780774	0.104393214441	0.212048716833
-nda	0.216681929593	0.389783715355	0.0344560562394	0.359078298812
-gif	0.102738828463	0.769230769231	0.111387760451	0.0166426418556
-nde	0.0860215053763	0.806451612903	0.010752688172	0.0967741935484
-ala	0.610806908861	0.194343636106	0.0578858547723	0.13696360026
-yos	0.062000804459	0.907084985347	0.0106878124461	0.0202263977475
-lom	0.0674157303371	0.932584269663	0.0	0.0
-yom	0.0261335715881	0.955773955774	0.00938128210855	0.00871119052937
-elz	0.304347826087	0.521739130435	0.130434782609	0.0434782608695
-gwe	0.624220555356	0.227155502893	0.0594495767006	0.0891743650508
-cho	0.208333333333	0.458333333333	0.0	0.333333333333
-cha	0.0615933317304	0.899174481045	0.0296144906628	0.00961769656167
-pen	0.619614992295	0.289775810057	0.037654361178	0.0529548364693
-ros	0.0924407146037	0.795219022188	0.0556297285269	0.0567105346812
-elv	0.0129569643684	0.0379453956501	0.00354774024371	0.945549899738
-elt	0.338222605695	0.641069887834	0.0103537532355	0.0103537532355
-pek	0.366177586643	0.482450037946	0.117157854794	0.0342145206173
-pet	0.0555555555556	0.833333333333	0.0555555555556	0.0555555555556
-iyo	0.0246913580247	0.962962962963	0.0123456790123	0.0
-eli	0.243360204974	0.426212348456	0.134280089989	0.19614735658
-rkl	0.371681415929	0.508849557522	0.106194690265	0.0132743362832
-elo	0.0281690140845	0.30985915493	0.661971830986	0.0
-ela	0.179149797571	0.772267206478	0.00607287449393	0.0425101214575
-elf	0.164178597061	0.215891085798	0.0768046505081	0.543125666633
-isa	0.148148148148	0.814814814815	0.0185185185185	0.0185185185185
-pni	0.389312977099	0.487022900763	0.0870229007633	0.036641221374
-its	0.142857142857	0.642857142857	0.166666666667	0.047619047619
-itn	0.0974776776737	0.631587359251	0.0461397396436	0.224795223432
-esi	0.0106382978723	0.989361702128	0.0	0.0
-rie	0.521985966475	0.415115788214	0.00927369362242	0.0536245516884
-esn	0.129157427938	0.763303769401	0.0232815964523	0.0842572062084
-iti	0.0537437510532	0.825714767174	0.0735831039713	0.0469583778015
-esa	0.0	1.0	0.0	0.0
-ita	0.0237981673564	0.912280996399	0.0245539313162	0.0393669049283
-spa	0.352682497801	0.578715919085	0.0527704485488	0.0158311345646
-fag	0.139344262295	0.827868852459	0.0327868852459	0.0
-udz	0.143518518519	0.791666666667	0.0	0.0648148148148
-fak	0.290282823041	0.445543591074	0.131357031655	0.132816554229
-fai	0.297785349233	0.241908006814	0.38262350937	0.0776831345826
-fan	0.07976366322	0.92023633678	0.0	0.0
-fas	0.0654967094955	0.926982137261	0.00376057662175	0.00376057662175
-iez	0.326502257326	0.447001928788	0.113662293487	0.112833520399
-fat	0.246623605402	0.726952436876	0.0264239577217	0.0
-ezi	0.20245398773	0.169325153374	0.611042944785	0.0171779141104
-udi	0.459595167111	0.511062294053	0.00674721481249	0.0225953240232
-udn	0.286563833189	0.049313120454	0.0937340527595	0.570388993597
-uon	0.113902308145	0.72633925645	0.118413290646	0.041345144759
-uom	0.0905028995152	0.702443198023	0.167696549102	0.0393573533606
-huo	0.633020692053	0.179195084599	0.0420511374054	0.145733085942
-uok	0.36563141628	0.575210827842	0.0529031913791	0.00625456449802
-wos	0.294493701398	0.178687459389	0.314280324467	0.212538514746
-uod	0.0607321234299	0.845972208486	0.0770509840767	0.0162446840075
--so	0.0943496239511	0.173504069746	0.0357071826371	0.696439123666
-wot	0.168153172801	0.292112242494	0.49381082016	0.0459237645454
-hub	0.456953642384	0.437086092715	0.092715231788	0.0132450331126
-uob	0.0840707964601	0.787610619469	0.128318584071	0.0
-woi	0.063113604488	0.604488078541	0.185133239832	0.147265077139
-wok	0.411133089206	0.49764417615	0.0369677245836	0.0542550100611
-wol	0.346514352665	0.20479398555	0.438029681703	0.010661980082
-nja	0.116566716642	0.721514242879	0.106821589205	0.0550974512744
-abl	0.154923599321	0.544567062818	0.259762308998	0.0407470288625
-huu	0.132157902523	0.207598215286	0.149687931591	0.5105559506
-uot	0.110852878588	0.770087831097	0.0972889429703	0.0217703473452
-uos	0.403706283063	0.292702275149	0.175121413516	0.128470028272
-ron	0.839095744681	0.0813069908815	0.0154689535389	0.0641283108988
-uop	0.54878838927	0.321886743553	0.0318776726707	0.0974471945057
-ier	0.617412745376	0.254555137456	0.0560055600985	0.0720265570702
-nch	0.0552763819096	0.876884422111	0.0527638190955	0.0150753768844
-kob	0.00487408610886	0.991876523152	0.00162469536962	0.00162469536962
-kom	0.817907453927	0.0169036256304	0.00354746588642	0.161641454556
-ors	0.29855047405	0.540575199562	0.0988444137056	0.0620299126826
-orv	0.369903807424	0.514478496055	0.0761120630998	0.0395056334214
-sop	0.0	0.922330097087	0.0776699029126	0.0
-akn	0.190647482014	0.76618705036	0.0359712230216	0.00719424460431
-och	0.192716638919	0.590676980671	0.0750311751373	0.141575205272
-som	0.0767587033383	0.119916767527	0.059741359265	0.743583169869
-kot	0.654855831301	0.26108162387	0.0556591593746	0.028403385454
-son	0.0325075486584	0.954907657651	0.0108738700775	0.0017109236136
-orn	0.720242461681	0.197135245743	0.0455580865603	0.0370642060152
-tuu	0.0378970974263	0.0461987132626	0.0358938870866	0.880010302225
-orl	0.01395862822	0.955327805582	0.022824453263	0.00788911293542
-orm	0.06006006006	0.924924924925	0.012012012012	0.003003003003
-orb	0.0526315789474	0.947368421053	0.0	0.0
-ora	0.0886075949367	0.5	0.335443037975	0.0759493670886
-val	0.155462184874	0.696078431373	0.0952380952381	0.0532212885154
-uoz	0.179430123248	0.730245550413	0.0516043884355	0.0387199379034
-omz	0.0472440944882	0.952755905512	0.0	0.0
-lit	0.45971047822	0.440167524388	0.0863797624557	0.0137422349361
-kro	0.0185185185185	0.981481481481	0.0	0.0
-liv	0.474640231299	0.424688509629	0.0362546508295	0.0644166082429
-omp	0.70841564599	0.216120110628	0.0553141050968	0.0201501382853
-lip	0.109773752787	0.865223869556	0.0069533239636	0.0180490536928
-jel	0.0200976495969	0.968396351387	0.00821316377124	0.00329283524469
-ruu	0.0176355323318	0.842586544742	0.131939908557	0.0078380143697
-lim	0.0891493787982	0.881541236391	0.0293093848103	0.0
-lin	0.549618320611	0.0916030534351	0.0	0.358778625954
-lii	0.00503132713119	0.974748433643	0.0173723182077	0.00284792101766
-lij	0.430523917995	0.389521640091	0.0569476082005	0.123006833713
-lik	0.653052972099	0.24127240868	0.0466370130745	0.0590376061464
-lid	0.458823529412	0.237647058823	0.197647058824	0.105882352941
-lie	0.32543438634	0.541231165443	0.0818268475007	0.0515076007158
-lif	0.829988193625	0.0826446280992	0.0578512396694	0.0295159386068
-gri	0.104841478768	0.191942314295	0.699782534051	0.00343367288543
-iik	0.0739594450374	0.435965848452	0.453681963714	0.0363927427962
-odz	0.0	1.0	0.0	0.0
-mhm	0.244444444444	0.422222222222	0.111111111111	0.222222222222
-uor	0.272462536194	0.330829889357	0.18992347776	0.206784096688
-oda	0.0373482726424	0.943977591036	0.0	0.0186741363212
-iza	0.11660188784	0.875069405886	0.00832870627429	0.0
-rna	0.0	1.0	0.0	0.0
-odi	0.445480719976	0.292512320492	0.15522936428	0.106777595252
-izn	0.131065914386	0.797087448273	0.0529055968981	0.0189410404423
-izi	0.297580186254	0.196533497115	0.344103285795	0.161783030836
-odn	0.30259049127	0.0873905968245	0.0382636231693	0.571755288736
-ehn	0.331105235367	0.0534301987403	0.00813448709253	0.6073300788
-rga	0.0	0.986666666667	0.0	0.0133333333333
-kya	0.892857142857	0.0714285714286	0.0	0.0357142857143
-rim	0.364132202953	0.458722401016	0.167303985141	0.00984141089062
-zek	0.0	1.0	0.0	0.0
-ich	0.541194437966	0.245716860833	0.0803407987778	0.132747902423
-pai	0.0725138121547	0.894337016575	0.0124309392265	0.0207182320442
-wat	0.186170212766	0.547153536515	0.176945562584	0.0897306881349
-was	0.0304518664047	0.957760314342	0.0	0.0117878192534
-pan	0.0219222186242	0.0194752839109	0.00639769556897	0.952204801896
-paa	0.0	0.747368421053	0.252631578947	0.0
-api	0.395432108527	0.338088729748	0.231387875433	0.0350912862914
-pad	0.106544309212	0.885678733911	0.00427732628222	0.00349963059454
-waz	0.0679717237629	0.924415443176	0.00543773790103	0.00217509516042
-zna	0.100412654746	0.845483723063	0.053186611646	0.00091701054562
-apm	0.611611099704	0.175758369338	0.0294387726129	0.183191758345
-aps	0.358768406961	0.36546184739	0.0803212851405	0.195448460509
-paz	0.0677115987461	0.902194357367	0.0300940438871	0.0
-wad	0.093023255814	0.546511627907	0.337209302326	0.0232558139535
-kol	0.0	0.980952380952	0.0190476190476	0.0
-pap	0.765844646156	0.193670174311	0.0337376496104	0.00674752992208
-wan	0.0118343354205	0.0515729417763	0.0104564122018	0.926136310601
-pas	0.0627450980392	0.898039215686	0.0156862745098	0.0235294117647
-pat	0.146962233169	0.764367816092	0.0738916256158	0.0147783251231
-wai	0.0323652904129	0.916514637049	0.0214811043068	0.0296389682317
-duo	0.175514115247	0.27114179832	0.04404443061	0.509299655823
-nuo	0.797601455094	0.068096325955	0.0268618379147	0.107440381036
-hiv	0.04	0.96	0.0	0.0
-ini	0.160714285714	0.653571428572	0.153571428571	0.0321428571429
-kem	0.0322580645161	0.967741935484	0.0	0.0
-luu	0.0700785729454	0.608409428754	0.298152473986	0.0233595243151
-suo	0.538350217077	0.149059334298	0.277858176556	0.0347322720695
-sos	0.0150888293989	0.969578972986	0.00876125577999	0.006570941835
-ort	0.0294121733718	0.927560017896	0.0268211009557	0.0162067077763
-did	0.913829960195	0.00550016447995	0.00238436202507	0.0782855133004
-die	0.023641854013	0.887397857053	0.0238973919374	0.0650628969964
-eti	0.0212765957447	0.287234042553	0.0	0.691489361702
-dig	0.789473684211	0.176386913229	0.0256045519203	0.00853485064012
-dil	0.0350877192982	0.964912280702	0.0	0.0
-din	0.127253161151	0.801721818671	0.0193704600484	0.0516545601291
-dii	0.00671140939597	0.989932885906	0.0	0.00335570469799
-ori	0.209268882282	0.655041597925	0.102164150794	0.0335253689996
-dip	0.793193717277	0.176701570681	0.011780104712	0.0183246073298
-dis	0.0918354283386	0.0908920712578	0.017205401501	0.800067098903
-fen	0.466710613052	0.466051417271	0.0276862228082	0.0395517468688
-kop	0.0184889294682	0.960283040402	0.00616297648938	0.0150650536407
-uks	0.225225225225	0.720720720721	0.0	0.0540540540541
--go	0.205934884938	0.0132418456182	0.00172497492451	0.779098294519
-kos	0.229516722006	0.648802183825	0.0737843128786	0.0478967812905
-ihn	0.368196922313	0.259939187385	0.119343140052	0.25252075025
-ova	0.171639823644	0.232478033585	0.0228579060014	0.573024236769
-afi	0.328714878624	0.0878185875117	0.0840995109555	0.499367022909
-ans	0.304350478767	0.529014522514	0.104256695156	0.0623783035626
-ves	0.177033492823	0.799043062201	0.023923444976	0.0
-afn	0.0294117647059	0.941176470588	0.0294117647059	0.0
-afa	0.248761545125	0.128633855317	0.0189782868933	0.603626312665
-kla	0.0194867710343	0.127966996215	0.842802847234	0.00974338551714
-ait	0.335959012479	0.371132155994	0.186143707566	0.10676512396
-aiv	0.295941974501	0.253366776679	0.249525099679	0.201166149141
-tip	0.121951219512	0.829268292683	0.0	0.0487804878049
-efa	0.474299065421	0.11214953271	0.133177570093	0.280373831776
-ais	0.0484792511017	0.916603439641	0.0207465166729	0.0141707925845
-tis	0.101986978682	0.856474251885	0.0195294214498	0.0220093479831
-ngz	0.250359749876	0.483220544041	0.127601814854	0.13881789123
-aiz	0.447147689884	0.379952731823	0.161097981062	0.0118015972319
-tid	0.256880733945	0.201834862385	0.495412844037	0.045871559633
-tie	0.539273004575	0.267031011693	0.115149974581	0.078546009151
-tif	0.587155963303	0.151376146789	0.247706422018	0.0137614678899
-aif	0.077347587225	0.851745433943	0.0354384177894	0.0354685610424
-ord	0.0105401844532	0.0316205533597	0.949934123847	0.00790513833992
-aib	0.031594016883	0.949770449721	0.00555363578022	0.0130818976156
-aim	0.0512866671326	0.53879192999	0.0280262564522	0.381895146425
-ail	0.197975497811	0.517693756484	0.132521930567	0.151808815138
-tin	0.134911242604	0.781065088757	0.0520710059172	0.0319526627219
-ngk	0.552686490598	0.277030610809	0.0633753364385	0.106907562154
-ngl	0.455542021924	0.507917174178	0.0	0.0365408038977
-tii	0.0813008130081	0.577235772358	0.325203252032	0.0162601626016
-tij	0.37389380531	0.488938053097	0.0597345132744	0.0774336283186
-tik	0.0708232445521	0.867736077482	0.0450968523002	0.0163438256659
-rtn	0.182342072849	0.684365651944	0.081383072321	0.0519092028858
-ema	0.0	0.979797979798	0.020202020202	0.0
-oni	0.0679506508398	0.87068141762	0.042256810991	0.0191111205487
-uwa	0.0656987351596	0.800638320895	0.0906189450477	0.0430439988977
-jab	0.236245954692	0.610571736785	0.133764832794	0.0194174757281
-jaa	0.684415584416	0.171428571429	0.0935064935064	0.0506493506493
-jan	0.0231696382521	0.932931038587	0.0110293825926	0.0328699405683
-akl	0.0463156625603	0.942568578425	0.0111157590145	0.0
-jam	0.487804878049	0.407665505226	0.0313588850174	0.0731707317073
-jak	0.281853281853	0.254826254826	0.254826254826	0.208494208494
-emz	0.00290088638195	0.993875906527	0.00193392425463	0.00128928283642
-gga	0.153381180901	0.276680681191	0.40289633499	0.167041802919
-set	0.40855549169	0.423103389652	0.0827376278102	0.0856034908478
-ana	0.104543206679	0.806698830788	0.0621769360289	0.0265810265045
-zam	0.377358490566	0.559748427673	0.062893081761	0.0
-zak	0.0280251603662	0.947561811048	0.0150713084636	0.00934172012207
-zas	0.00529808983435	0.668143386421	0.00387776162142	0.322680762124
-vnz	0.0689655172414	0.931034482759	0.0	0.0
-000	0.0112359550562	0.0449438202247	0.0	0.943820224719
-vri	0.0741098207322	0.121292424885	0.0500132454748	0.754584508908
-eta	0.395820714374	0.252482899771	0.144267176084	0.20742920977
-wda	0.291946308725	0.359060402685	0.328859060403	0.0201342281879
-rch	0.658665835412	0.135598503741	0.0467581047381	0.15897755611
