-caa	0.538160469667	0.391389432485	0.0	0.0704500978474
-cad	0.162088636963	0.312476685258	0.470343647927	0.055091029852
-cak	0.117184135733	0.139921195418	0.723451899061	0.0194427697873
-cah	0.114455074654	0.706865176073	0.0970819543031	0.0815977949706
-gké	0.360941795148	0.113780327477	0.0179275726067	0.507350304769
-can	0.0406320541761	0.905191873589	0.0270880361174	0.0270880361174
-eus	0.00563850892764	0.981831471233	0.00187950297588	0.0106505168633
-cal	0.606646738175	0.296421663443	0.0316511341656	0.0652804642166
-èré	0.895652173913	0.0782608695652	0.0260869565217	0.0
-rba	0.234042553192	0.659574468085	0.063829787234	0.0425531914894
-cap	0.821463040518	0.089477448598	0.00904813608397	0.0800113747996
-rbe	0.409234078513	0.531612506722	0.0084504878236	0.0507029269417
-cat	0.648191551697	0.151254461194	0.0194428168114	0.181111170298
-aus	0.0182499372357	0.961472354725	0.00811108321588	0.0121666248238
-aur	0.29972939101	0.225196171561	0.0301740997661	0.444900337663
-oya	0.0	0.998573466476	0.0	0.00142653352354
-idé	0.0904474769915	0.862741986671	0.00476039352587	0.0420501428118
-aua	0.747702909648	0.252297090352	0.0	0.0
-aud	0.00129047395589	0.983106522759	0.0099718442046	0.00563115908024
-dra	0.142076502732	0.642676262828	0.155537784886	0.0597094495535
-aum	0.0140931372549	0.976102941176	0.00122549019608	0.00857843137255
-aul	0.257796257796	0.721413721414	0.02079002079	0.0
-aun	0.0206455112003	0.963953500271	0.00455378066127	0.0108472078673
-uté	0.148804683688	0.677454328617	0.101642543503	0.0720984441914
-apa	0.184506315543	0.169056463702	0.00381219702353	0.642625023732
-cam	0.484408795963	0.340302811824	0.103640951694	0.0716474405191
-gke	0.299426759361	0.141968532748	0.0134162702769	0.545188437614
-épé	0.333333333333	0.555555555556	0.037037037037	0.0740740740741
-gka	0.168089025148	0.0877162764278	0.0144534199451	0.729741278479
-gko	0.15028195878	0.109087699897	0.0677655644669	0.672864776855
-gki	0.0856598984771	0.798011844332	0.106810490694	0.00951776649745
-gku	0.156611023513	0.412529882117	0.0579456580419	0.372913436327
-èra	0.303191489362	0.632978723404	0.0	0.0638297872341
-rbé	0.263586956522	0.682065217391	0.0461956521739	0.00815217391304
-ido	0.456193353474	0.21752265861	0.326283987915	0.0
-eca	0.331534124985	0.587021710447	0.0256687057695	0.0557754587981
-ide	0.187707641196	0.725913621262	0.031561461794	0.0548172757475
-rpe	0.805555555556	0.194444444444	0.0	0.0
-ece	0.383318043892	0.521840378237	0.0652035847858	0.0296379930844
-ida	0.06080435475	0.930509308857	0.0	0.00868633639285
-uta	0.161223090784	0.12324613105	0.684454283566	0.0310764946008
-ute	0.157299560448	0.695052759264	0.0899972609529	0.057650419335
-uti	0.52307269641	0.287508462769	0.0863938302737	0.103025010548
-utu	0.190779014308	0.799682034976	0.00953895071541	0.0
-gya	0.185698592875	0.388240832767	0.0251085421353	0.400952032223
-lut	0.16649813853	0.823849795468	0.00482603300087	0.00482603300087
-uèl	0.0	1.0	0.0	0.0
-nuk	0.134148256708	0.826769829536	0.0123676942263	0.0267142195289
-ial	0.0897755610973	0.862842892768	0.0473815461347	0.0
-èné	0.266996816938	0.617489016149	0.0685649209298	0.0469492459835
-ijo	0.213903743315	0.171122994652	0.604278074866	0.0106951871658
-iji	0.0502475786032	0.15680339597	0.0495487627465	0.743400262681
-yat	0.19411176365	0.628702587644	0.0525478932116	0.124637755495
-yap	0.120481927711	0.120481927711	0.0	0.759036144578
-yar	0.196917258068	0.0907985440348	0.698192244342	0.0140919535555
-mfa	0.0188679245283	0.981132075472	0.0	0.0
-yad	0.708333333333	0.0104166666667	0.125	0.15625
-yag	0.861244019139	0.138755980861	0.0	0.0
-yaa	0.621205611492	0.192881026656	0.106476379056	0.0794369827956
-yam	0.0151617250674	0.682446091644	0.00176886792453	0.300623315364
-yan	0.103000202354	0.323366726284	0.0602979938697	0.513335077493
-yah	0.105395420208	0.636605086885	0.0431272157387	0.214872277169
-yak	0.679026589513	0.124658312329	0.163492373413	0.0328227247447
-èni	0.65865611749	0.228798722311	0.0469893032116	0.0655558569869
-èng	0.341152079481	0.402126605928	0.118245554278	0.138475760314
-èna	0.792944785276	0.207055214724	0.0	0.0
-èns	0.0	1.0	0.0	0.0
-lag	0.759541984733	0.217557251908	0.0	0.0229007633588
-laa	0.495405819296	0.151607963247	0.103751914242	0.249234303216
-ade	0.405904059041	0.321033210332	0.206642066421	0.0664206642066
-ada	0.303410101664	0.355579731985	0.260848151606	0.080162014746
-adi	0.477932107872	0.0583043283091	0.0153109257607	0.448452638058
-adu	0.306198655713	0.625466766243	0.0287528005975	0.0395817774458
-lam	0.337467971116	0.595774304894	0.00741164263177	0.0593460813587
-sen	0.408337401855	0.425170328949	0.0773481885089	0.0891440806867
-sem	0.0644171779141	0.165644171779	0.765337423313	0.00460122699386
-sel	0.31453362256	0.303687635575	0.0	0.381778741866
-sek	0.742075553626	0.190186712983	0.0312635692575	0.0364741641337
-seg	0.659824046921	0.0821114369501	0.0	0.258064516129
-uip	0.786885245902	0.114754098361	0.0	0.0983606557377
-uis	0.504132231405	0.297520661157	0.148760330578	0.0495867768595
-sed	0.0106382978723	0.212765957447	0.776595744681	0.0
-smu	0.223893872779	0.371013240489	0.321482121528	0.0836107652037
-sea	0.0	0.958577839144	0.020711080428	0.020711080428
-eré	0.210570283341	0.625801853172	0.0391633902774	0.12446447321
-uil	0.0333333333333	0.9	0.0666666666667	0.0
-iwé	0.155275772394	0.835499924296	0.00922430331055	0.0
-set	0.18440954043	0.712623618383	0.00872600349041	0.0942408376963
-ses	0.0	1.0	0.0	0.0
-ohi	0.653552104817	0.218982059138	0.0301282885199	0.0973375475259
-sep	0.645161290323	0.290322580645	0.0430107526882	0.0215053763441
-uja	0.445672191529	0.267298079453	0.149960536701	0.137069192318
-mtu	0.32904090669	0.142056302555	0.10196205874	0.426940732014
-fos	0.0	1.0	0.0	0.0
-ugé	0.746321365509	0.183048852266	0.0565038257799	0.014125956445
-pèk	0.542808219178	0.380136986301	0.0256849315068	0.0513698630137
-pèh	0.989876265467	0.0101237345332	0.0	0.0
-pèn	0.268515600378	0.621178695241	0.0838323353293	0.0264733690514
-pèl	0.117137911137	0.810155799192	0.0	0.0727062896711
-pès	0.096	0.728	0.176	0.0
-pèr	0.0	0.778947368421	0.0947368421053	0.126315789474
-ias	0.016377892496	0.948844730433	0.0146882379992	0.0200891390715
-adé	0.633879781421	0.174863387978	0.191256830601	0.0
-ral	0.070796460177	0.849557522124	0.0442477876106	0.0353982300885
-zor	0.0	1.0	0.0	0.0
-rat	0.451420853432	0.252054660135	0.196031613255	0.100492873178
-rau	0.0205190733322	0.96422226093	0.00522557045811	0.0100330952796
-ras	0.511061549899	0.158117357533	0.135686636417	0.195134456151
-rap	0.0818482396091	0.0813438991083	0.0151817661421	0.821626095141
-ran	0.183033953781	0.539374653502	0.0415128325021	0.236078560215
-eri	0.253537596901	0.504597142091	0.188565036929	0.0533002240786
-iwa	0.264546611724	0.477098660223	0.163319022243	0.09503570581
-ram	0.416989598205	0.28666122782	0.270038751785	0.0263104221905
-rak	0.329117286259	0.314644793083	0.0516200734634	0.304617847195
-rah	0.402851875921	0.388477637924	0.116713452413	0.0919570337423
-ero	0.185589644487	0.205497935987	0.177699511727	0.4312129078
-era	0.116666666667	0.183333333333	0.633333333333	0.0666666666667
-iwi	0.0808080808081	0.868686868687	0.0505050505051	0.0
-rab	0.548223350254	0.379018612521	0.010152284264	0.0626057529611
-ere	0.190811534005	0.598728147024	0.0633127515576	0.147147567413
-raa	0.391929292027	0.219846442282	0.219846442282	0.168377823409
-ugu	0.482873352387	0.349059420723	0.121998037794	0.0460691890969
-swa	0.0594281442721	0.803961876285	0.123154550551	0.0134554288918
-uge	0.29827662395	0.567498895272	0.0723596995139	0.0618647812638
-uga	0.0775824235768	0.0471054050383	0.0959366546578	0.779375516727
-aza	0.0	0.936507936508	0.0634920634921	0.0
-ugi	0.385451380736	0.113448769467	0.0273861516137	0.473713698183
-wèn	0.144062688366	0.23749246534	0.578661844485	0.0397830018083
-wèh	0.484987720827	0.268953497584	0.0507803216351	0.195278459954
-ika	0.484120899133	0.0989471229511	0.0148322411438	0.402099736772
-wèk	0.478999822032	0.380850685175	0.130806193273	0.00934329951948
-nor	0.0	1.0	0.0	0.0
-nos	0.0344827586207	0.965517241379	0.0	0.0
-iki	0.25472714547	0.0382554774516	0.0193188219286	0.68769855515
-iku	0.397730310205	0.029043742298	0.00180518782162	0.571420759675
-iks	0.0111176993774	0.976652831307	0.00444707975096	0.00778238956418
-nom	0.0391393442623	0.1	0.841803278689	0.0190573770492
-non	0.0	1.0	0.0	0.0
-noa	0.271276595745	0.529255319149	0.0691489361702	0.130319148936
-wèr	0.582089552239	0.39552238806	0.0223880597015	0.0
-wès	0.627507163324	0.0859598853868	0.143266475645	0.143266475645
-hèk	0.315428841459	0.310073245649	0.229187997165	0.145309915728
-tog	0.580811332904	0.215067611075	0.154539600773	0.0495814552479
-hèh	0.233108108108	0.706081081081	0.0202702702703	0.0405405405405
-hèn	0.210289389068	0.704823151125	0.0617363344051	0.0231511254019
-hèm	0.00398406374502	0.99203187251	0.00398406374503	0.0
-toa	0.0	0.361516034985	0.638483965015	0.0
-ton	0.344739513644	0.485574956237	0.0691690012331	0.100516528886
-èru	0.304635761589	0.377483443709	0.0794701986755	0.238410596026
-tol	0.0216606498194	0.790613718412	0.187725631769	0.0
-hèg	0.505154639175	0.474226804124	0.0103092783505	0.0103092783505
-tot	0.156862745098	0.803921568627	0.0392156862745	0.0
-tor	0.216033755274	0.501265822785	0.264135021097	0.0185654008439
-tos	0.456876907381	0.110062878948	0.0682050060452	0.364855207626
-hèt	0.0661870503597	0.857074340528	0.0767386091126	0.0
-rot	0.495022123894	0.430862831858	0.0215707964602	0.0525442477876
-èri	0.177947989539	0.207829446045	0.558468625134	0.0557539392814
-éga	0.00410284463895	0.986870897155	0.00410284463893	0.00492341356674
-iel	0.00549098563192	0.994509014368	0.0	0.0
-ros	0.15503875969	0.397932816538	0.385012919897	0.062015503876
-rod	0.699036287417	0.211407462238	0.0671671877589	0.0223890625863
-rog	0.315529991783	0.645028759244	0.0230073952342	0.0164338537387
-ron	0.224859092257	0.687184811629	0.0421239988134	0.0458320973005
-roh	0.0293553281939	0.925330997416	0.0293716912531	0.0159419831373
-rok	0.444444444444	0.50208855472	0.0434419381788	0.0100250626566
-hku	0.177840436553	0.548673918015	0.051730696934	0.221754948497
-sar	0.233418175046	0.459932244876	0.151894748978	0.1547548311
-iké	0.391792395896	0.231864815932	0.0729028364515	0.30343995172
-mpi	0.601880073396	0.200776640654	0.0816929819679	0.115650303982
-nge	0.221898005915	0.499771102513	0.0407982129594	0.237532678613
-oèl	0.0	1.0	0.0	0.0
-pku	0.513691107459	0.183950087568	0.0493781185151	0.252980686458
-kku	0.162832674033	0.455381615495	0.0343783676988	0.347407342773
-hyu	0.0707684517028	0.888466894544	0.00759589821497	0.0331687555387
-hya	0.110778171252	0.654953237084	0.151638972124	0.0826296195405
-ngo	0.756097560976	0.0487804878049	0.00406504065041	0.191056910569
-leh	0.6130106208	0.115336570256	0.0507582651752	0.220894543769
-mud	0.680891120176	0.22026984625	0.0658926890493	0.0329463445246
-lek	0.574693215239	0.225600892465	0.0393833879855	0.16032250431
-mua	0.358974358974	0.346153846154	0.0769230769231	0.217948717949
-lem	0.252600655449	0.597364618981	0.037681936432	0.112352789138
-len	0.293899943397	0.536726607742	0.148473897331	0.0208995515304
-mum	0.111111111111	0.255765199161	0.607966457023	0.0251572327044
-lea	0.00240903042261	0.982792639838	0.0103244160969	0.00447391364199
-mun	0.43234801158	0.38648483925	0.0876123723907	0.093554776779
-muh	0.498220640569	0.0213523131673	0.320284697509	0.160142348754
-muk	0.451127391616	0.36615959603	0.154160645796	0.028552366558
-leg	0.30099916736	0.378434637802	0.265611990008	0.0549542048293
-mut	0.494106553513	0.323903818953	0.036775106082	0.145214521452
-esé	0.445526174663	0.271152180191	0.052143063405	0.231178581742
-mus	0.012478920742	0.986172006745	0.0	0.00134907251265
-ité	0.217231958204	0.695600912758	0.0455164550771	0.041650673961
-lep	0.861163227017	0.131332082552	0.00750469043152	0.0
-ler	0.0324246149148	0.903206519921	0.0182538572854	0.0461150078788
-les	0.439150117879	0.390352633227	0.0528770466657	0.117620202229
-let	0.129336663891	0.0921454343602	0.217318900916	0.561199000833
-mpu	0.0433794670523	0.910927494319	0.0144598223508	0.0312332162776
-bka	0.174603174603	0.571428571429	0.174603174603	0.0793650793651
-ole	0.219244823386	0.313032886723	0.0	0.46772228989
-udé	0.246088193457	0.419630156472	0.201991465149	0.132290184922
-bku	0.226086956522	0.686956521739	0.0	0.0869565217391
-ped	0.334203655352	0.109660574412	0.54046997389	0.0156657963446
-lsu	0.0749428789033	0.112109672506	0.745163747144	0.0677837014471
-pel	0.338044758539	0.544169611307	0.0	0.117785630153
-pen	0.496324004191	0.324609464047	0.13268845725	0.0463780745126
-peh	0.987179487179	0.0128205128205	0.0	0.0
-pek	0.444702897018	0.321843941637	0.0850074011419	0.148445760203
-pet	0.306487695749	0.118568232662	0.427293064877	0.147651006711
-per	0.15844785772	0.418755052546	0.212611156023	0.210185933711
-pes	0.406656705815	0.245871562039	0.315196566774	0.0322751653716
-oga	0.285353595503	0.207536383774	0.242479098683	0.26463092204
-oge	0.293702770781	0.264987405542	0.205541561713	0.235768261965
-itu	0.0106887622993	0.0347177628172	0.0916209218022	0.862972553081
-rid	0.510813341657	0.426134843485	0.0164652635334	0.0465865513244
-esu	0.487427466151	0.100580270793	0.348162475822	0.063829787234
-esi	0.317820045865	0.602455146365	0.0675839740996	0.0121408336706
-iti	0.583754405708	0.24562134442	0.0668124552714	0.1038117946
-esa	0.182558966731	0.749628137732	0.0131191160303	0.0546937795065
-ite	0.186299734	0.694546237309	0.0755177768781	0.0436362518131
-ese	0.421647397404	0.251549333232	0.0518239804303	0.274979288934
-ita	0.0263782915723	0.0439037963513	0.00526095070765	0.924456961369
-udu	0.215852818017	0.0529821051094	0.0233150173541	0.70785005952
-fan	0.0	1.0	0.0	0.0
-fas	0.00220122901954	0.99321287719	0.00238466477116	0.00220122901954
-uda	0.146307181191	0.549833887043	0.244058267314	0.0598006644518
-n'e	0.317757009346	0.504672897196	0.140186915888	0.0373831775701
-fat	0.0	1.0	0.0	0.0
-ude	0.324074074074	0.37037037037	0.157407407407	0.148148148148
-udi	0.0750202296785	0.739435732344	0.144986091333	0.040557946644
-oci	0.194939081537	0.747891283974	0.0571696344892	0.0
-ael	0.0140734265734	0.963986013986	0.0149475524476	0.006993006993
-ogé	0.209413841639	0.67958107689	0.0330653434168	0.0779397380538
-aes	0.130434782609	0.513043478261	0.304347826087	0.0521739130435
-tna	0.567318798626	0.272530516016	0.115927616423	0.0442230689352
-kro	0.544959128065	0.130790190736	0.307901907357	0.016348773842
-gmu	0.311454529401	0.577322901159	0.0532227465596	0.0579998228804
-eas	0.00265486725664	0.994690265487	0.0	0.00265486725664
-teb	0.0508474576271	0.161016949153	0.78813559322	0.0
-éda	0.555705701389	0.156852879446	0.217791322849	0.0696500963169
-rne	0.0	1.0	0.0	0.0
-rna	0.320442385746	0.180500579621	0.29932727411	0.199729760522
-eam	0.0185873605948	0.981412639405	0.0	0.0
-rni	0.0555555555555	0.270202020202	0.63446969697	0.0397727272727
-ean	0.152810815694	0.789452289904	0.0308632681943	0.0268736262082
-uri	0.547307863319	0.184229216489	0.0730532684222	0.195409651769
-ura	0.73893562039	0.206370294321	0.0171565696486	0.0375375156406
-ihé	0.194134463072	0.629245185732	0.0902331777463	0.0863871734489
-ure	0.228990055083	0.537760973107	0.0396579290456	0.193591042765
-uru	0.20119226111	0.656575381158	0.0241028619918	0.118129495741
-hèl	0.0586319218241	0.902280130293	0.0	0.0390879478827
-t'e	0.365763546798	0.394088669951	0.166256157635	0.0738916256158
-édé	0.066985645933	0.77990430622	0.066985645933	0.0861244019139
-rné	0.0	1.0	0.0	0.0
-uré	0.223649327217	0.531590166946	0.04495075829	0.199809747547
-iha	0.353118612709	0.557260098047	0.0300526478901	0.0595686413537
-éja	0.0176877311465	0.963016562148	0.0	0.0192957067053
-ihe	0.207085999612	0.56995204251	0.100907590734	0.122054367143
-ihi	0.365143346587	0.0680030753641	0.188316091199	0.378537486849
-wéa	0.295543143736	0.422318477146	0.168517040921	0.113621338197
-nna	0.198309492848	0.637191157347	0.0754226267881	0.0890767230169
-nne	0.382352941176	0.313725490196	0.0	0.303921568627
-awe	0.454121935034	0.295513418648	0.0392335858628	0.211131060456
-rèd	0.648533711349	0.314255337999	0.0318951005582	0.00531585009305
-dèk	0.0266479663394	0.964936886396	0.00420757363254	0.00420757363254
-èhi	0.804816221107	0.107532885325	0.0209599962881	0.0666908972802
-èha	0.434467414944	0.486338524611	0.0219983501237	0.0571957103217
-amé	0.317040951123	0.541611624835	0.0792602377807	0.0620871862615
-aji	0.193729336157	0.359560161967	0.428879230283	0.0178312715926
-aja	0.251564981793	0.135203053376	0.0326736763178	0.580558288513
-aju	0.396017699115	0.17133726647	0.023598820059	0.409046214356
-yuh	0.475709162048	0.318307792631	0.120720573851	0.0852624714705
-yuk	0.589061345159	0.30155210643	0.0739098300074	0.0354767184036
-yun	0.131578947368	0.657894736842	0.144736842105	0.0657894736842
-yua	0.371501272265	0.59796437659	0.030534351145	0.0
-yub	0.0	1.0	0.0	0.0
-yud	0.308262377799	0.172816146326	0.442289498581	0.0766319772942
-yup	0.92	0.08	0.0	0.0
-yus	0.024	0.976	0.0	0.0
-yur	0.405957446808	0.477021276596	0.0710638297872	0.0459574468085
-ojo	0.0614048898986	0.915765086934	0.0228300231674	0.0
-usi	0.6739378154	0.226436594498	0.0742308318411	0.0253947582614
-usa	0.05733005733	0.927002100915	0.00819000819001	0.00747783356479
-use	0.186701911915	0.162174762351	0.00372033175289	0.647402993981
-usu	0.0940438871473	0.784269022514	0.0786548874323	0.0430322029068
-epe	0.191839220463	0.463596438558	0.087449177403	0.257115163576
-epa	0.649338140188	0.218895340837	0.0399592701654	0.0918072488098
-dès	0.0257862064261	0.916979330104	0.0378606999113	0.0193737635582
-epi	0.634026064745	0.228440418201	0.0601637285526	0.0773697885018
-béa	0.700534759358	0.235294117647	0.0106951871658	0.0534759358289
-bél	0.0636165577342	0.803921568627	0.0104575163399	0.122004357298
-béh	0.393939393939	0.515151515151	0.0454545454546	0.0454545454545
-win	0.0137633790463	0.0362788555376	0.00392432756398	0.946033437852
-wil	0.834586466165	0.150954308849	0.0052053209948	0.00925390399076
-wih	0.0392875810911	0.0375421350042	0.347620592705	0.575549691199
-ius	0.0156009717177	0.968708908155	0.0116784416858	0.00401167844168
-ièl	0.0103048518678	0.979390296264	0.0103048518677	0.0
-éwa	0.133894031006	0.810692896237	0.0453835573259	0.0100295154311
-ium	0.0219629375429	0.974605353466	0.00343170899107	0.0
-iun	0.0393700787402	0.92125984252	0.0	0.0393700787402
-éwi	0.0775862068965	0.844827586207	0.0258620689655	0.0517241379309
-wit	0.129350724791	0.131932150762	0.0124014996018	0.726315624845
-wis	0.682522088916	0.0369089820235	0.0215340926902	0.25903483637
-iud	0.0	1.0	0.0	0.0
-uel	0.0	1.0	0.0	0.0
-ené	0.106757784016	0.338679159809	0.121114560193	0.433448495982
-usé	0.217051284543	0.104489061082	0.00668402219633	0.671775632178
-usè	0.375939849624	0.0977443609023	0.200501253133	0.325814536341
-éka	0.221843003413	0.467576791809	0.262798634812	0.0477815699659
-kmu	0.124268853189	0.472164096898	0.049585244073	0.35398180584
-ékh	0.0	1.0	0.0	0.0
-éku	0.396666666667	0.541666666667	0.0299999999999	0.0316666666667
-kma	0.149546827795	0.543806646526	0.293051359517	0.0135951661631
-epé	0.169768418807	0.529569444352	0.0835172602338	0.217144876608
-ksa	0.551122590009	0.279084607238	0.065955458425	0.103837344328
-tam	0.341604631927	0.6211745244	0.00744416873449	0.029776674938
-tan	0.220416499686	0.533866101966	0.171687625292	0.074029773056
-tah	0.266784148204	0.578413399211	0.0612356720686	0.0935667805164
-tak	0.489703514485	0.418197116258	0.0856829820462	0.00641638721081
-ksi	0.263305557838	0.638980169704	0.0107348073967	0.0869794650606
-tag	0.313221470976	0.429522592348	0.145118733509	0.112137203166
-taa	0.226890756302	0.210084033613	0.529411764706	0.0336134453782
-tab	0.047144422862	0.920843597061	0.00716200232223	0.0248499777544
-gna	0.534215341942	0.308787360865	0.0882258419324	0.0687714552613
-gèd	0.298811952478	0.657986319453	0.0432017280691	0.0
-tat	0.024	0.824	0.016	0.136
-tau	0.434541554063	0.0330426545566	0.0238486612989	0.508567130081
-éwé	0.115279865004	0.0856546425329	0.332770850751	0.466294641712
-tap	0.5390625	0.046875	0.3671875	0.046875
-tar	0.107331312451	0.110272819131	0.0353878971596	0.747007971259
-tas	0.397613490965	0.361896228378	0.00914588536723	0.231344395289
-rmu	0.0817075682165	0.504916818425	0.0334634855764	0.379912127782
-ens	0.0	1.0	0.0	0.0
-rma	0.0818767249309	0.814167433303	0.0570377184913	0.0469181232751
-eni	0.482565734878	0.432021307102	0.0351213653572	0.0502915926625
-ene	0.184116288465	0.124750135822	0.0305435317965	0.660590043917
-eng	0.300506220388	0.110583322833	0.0829922330522	0.505918223726
-ena	0.380642644605	0.186065048149	0.0837396059214	0.349552701325
-het	0.543536209951	0.282422136998	0.0887406057063	0.0853010473456
-hep	0.45689855127	0.0979632520264	0.37826215059	0.0668760461136
-her	0.0181818181818	0.981818181818	0.0	0.0
-hes	0.156544942984	0.761079435496	0.0398591717033	0.0425164498169
-hel	0.042194092827	0.915611814346	0.0	0.042194092827
-hem	0.263823566029	0.455377089659	0.273210172844	0.0075891714679
-hen	0.359975877905	0.557684278889	0.0531149974486	0.0292248457577
-èke	0.241935483871	0.758064516129	0.0	0.0
-heh	0.0927531610825	0.301677137181	0.0445341511213	0.561035550616
-hek	0.421968275627	0.474671669794	0.0562851782364	0.0470748763432
-heg	0.225024841397	0.256439654513	0.450355423068	0.0681800810211
-èkh	0.0	1.0	0.0	0.0
-èki	0.742070275404	0.0586894586895	0.0022792022792	0.196961063628
-nsi	0.0723860589812	0.911528150134	0.00804289544236	0.00804289544236
-put	0.297889734812	0.292729037862	0.303510295846	0.10587093148
-pur	0.409311968412	0.502782105486	0.0561239658403	0.0317819602617
-pus	0.0158433211898	0.962092392521	0.0109202552833	0.0111440310064
-nah	0.143218430566	0.530078584106	0.0509437705374	0.27575921479
-pul	0.571848585079	0.128261668504	0.0286659316428	0.271223814774
-pun	0.300903021192	0.282313651391	0.0417569828137	0.375026344604
-puh	0.329592627302	0.232721084523	0.324619303938	0.113066984238
-puk	0.641605641666	0.104080683496	0.0141850290443	0.240128645793
-nmu	0.128374205747	0.316535940593	0.0408624947932	0.514227358867
-dea	0.0024485798237	0.987757100881	0.00440744368266	0.00538687561214
-naa	0.501138369899	0.355945195716	0.0601328809897	0.0827835533955
-deg	0.691680444319	0.0708452250413	0.0025188010507	0.234955529589
-del	0.478384816775	0.345332384699	0.0592739648366	0.117008833689
-dem	0.0800124533001	0.146948941469	0.692714819427	0.0803237858032
-den	0.0461546914779	0.871719262258	0.0649096137292	0.0172164325354
-kin	0.205743434725	0.0483657661062	0.705460041564	0.0404307576044
-der	0.163981382026	0.618331543144	0.00214822771213	0.215538847118
-des	0.0387096774193	0.961290322581	0.0	0.0
-oki	0.585450836406	0.248022071457	0.065122326534	0.101404765603
-okh	0.0	0.994716449454	0.0	0.00528355054598
-oke	0.460784313725	0.519607843137	0.0	0.0196078431372
-nae	0.195652173913	0.25	0.163043478261	0.391304347826
-oka	0.607240489234	0.351590664038	0.0137229489092	0.0274458978185
-èké	0.199625977873	0.595454485619	0.0498770858091	0.155042450699
-bit	0.770731707317	0.192682926829	0.0365853658537	0.0
-bia	0.12129703763	0.845076060849	0.0216172938351	0.0120096076861
-bin	0.04	0.8	0.08	0.08
-bil	0.0246642915867	0.924636886818	0.0219238147438	0.0287750068512
-bih	0.0664395229983	0.06132879046	0.00851788756388	0.863713798978
-éèl	0.0	1.0	0.0	0.0
-met	0.379012897897	0.281493804017	0.0464384614998	0.293054836586
-jil	0.0951192892243	0.711416708342	0.168121385411	0.0253426170225
-jik	0.683544303798	0.303797468354	0.0	0.0126582278481
-mes	0.200610852625	0.682699169355	0.107099020923	0.00959095709759
-mer	0.345665961945	0.523255813954	0.110993657505	0.0200845665962
-lup	0.606334841629	0.248868778281	0.117647058824	0.027149321267
-lur	0.0261029275606	0.89170721864	0.0192880013863	0.0629018524132
-lus	0.0301729961335	0.882323706711	0.0407882293148	0.046715067841
-jib	0.27295432921	0.195409134158	0.110212496036	0.421424040596
-jia	0.175761653505	0.401300801492	0.078614681823	0.34432286318
-luh	0.0634979641571	0.105964974711	0.0149014486814	0.81563561245
-med	0.152405834966	0.812540822992	0.00609623339865	0.0289571086436
-luk	0.319038951584	0.597269748817	0.039716053877	0.0439752457226
-mea	0.0	1.0	0.0	0.0
-lum	0.46806803099	0.202395283514	0.323239806155	0.00629687934068
-lun	0.109138633695	0.878427851074	0.00828901015404	0.00414450507701
-lua	0.888785221123	0.0334017540586	0.0078372830752	0.0699757417429
-men	0.253400510022	0.348957842959	0.244376378586	0.153265268433
-jir	0.0582998228532	0.909972382397	0.0253822358	0.00634555895
-meh	0.213921901528	0.122618373892	0.10658366346	0.556876061121
-mek	0.935163744624	0.037049288786	0.00694674164737	0.0208402249421
-lug	0.0884648742411	0.777970511709	0.13356461405	0.0
-aya	0.165173321346	0.160979607347	0.0238016311118	0.650045440195
-ndu	0.0397387044093	0.922700054437	0.0359281437126	0.00163309744148
-ayo	0.71887221494	0.120794167689	0.0124782404122	0.147855376959
-ayi	0.116602245537	0.715473341923	0.0571200687158	0.110804343825
-ayu	0.424747939426	0.480415544285	0.0629067452673	0.0319297710216
-mos	0.0127931769723	0.987206823028	0.0	0.0
-éta	0.0306748466257	0.944785276074	0.00613496932516	0.0184049079755
-sri	0.0	0.947826086957	0.0521739130435	0.0
-yut	0.0431538623563	0.0693150351824	0.86883109544	0.0187000070211
-ubi	0.457350272232	0.444646098004	0.0762250453721	0.021778584392
-uba	0.772908366534	0.227091633466	0.0	0.0
-ube	0.0796118920263	0.873491727827	0.0170419206369	0.0298544595099
-gig	0.108695652174	0.739130434783	0.0	0.152173913043
-upé	0.236280487805	0.69512195122	0.00914634146343	0.0594512195122
-aki	0.699939762709	0.113948081526	0.0229972982283	0.163114857537
-akh	0.0	1.0	0.0	0.0
-ake	0.607168176427	0.208855203594	0.0653681939914	0.118608425988
-aka	0.0266991333123	0.040337736091	0.0128708902305	0.920092240366
-aku	0.0713994389508	0.0558937075952	0.0114383069927	0.861268546461
-gok	0.766609736713	0.0675042697465	0.0909751931954	0.074910800345
-gol	0.137128251183	0.840247314428	0.0174432662084	0.00518116818072
-gon	0.380179401275	0.377780179401	0.0261969091106	0.215843510213
-goa	0.463774518886	0.308649365086	0.14083068489	0.0867454311381
-gog	0.0	0.968365553603	0.0316344463972	0.0
-gos	0.0384615384615	0.788461538462	0.0961538461539	0.0769230769231
-gor	0.588688891256	0.364788582384	0.0465225263606	0.0
-got	0.819689119171	0.136787564767	0.0	0.0435233160622
-coh	0.528678304239	0.306733167082	0.15710723192	0.0074812967581
-cok	0.507788161994	0.14953271028	0.018691588785	0.323987538941
-rlu	0.282926829268	0.185365853659	0.253658536585	0.278048780488
-cog	0.463276012824	0.171961527252	0.0996793937627	0.265083066161
-eor	0.0	1.0	0.0	0.0
-ubé	0.254801190154	0.666756829862	0.0324587503381	0.0459832296457
-cot	0.0305565660239	0.938886867952	0.0	0.030556566024
-upu	0.487943801025	0.394342130245	0.106322384659	0.0113916840706
-k'e	0.501510574018	0.244712990937	0.0725075528701	0.181268882175
-upe	0.407725321888	0.56652360515	0.0	0.0257510729614
-upa	0.366436512507	0.375579036983	0.15796754889	0.10001690162
-upk	0.833333333333	0.12962962963	0.0	0.037037037037
-upi	0.744726038382	0.12663046803	0.0375687611502	0.0910747324371
-bèr	0.354049923586	0.254712175242	0.124808965869	0.266428935303
-bèt	0.0247592847318	0.950481430536	0.0	0.0247592847317
-aké	0.624616146632	0.191460526921	0.0647884365648	0.119134889882
-oas	0.00929152148665	0.990708478513	0.0	0.0
-bèd	0.28125	0.71875	0.0	0.0
-ldi	0.0600046696241	0.939995330376	0.0	0.0
-bèh	0.0572197689092	0.188965758349	0.0375311431536	0.716283329589
-bèl	0.118418613274	0.759107341491	0.0640758249907	0.0583982202447
-bèn	0.689543090639	0.198783432392	0.0429513372957	0.0687221396731
-gad	0.0127501946082	0.954949312384	0.0186108103755	0.013689682632
-tra	0.122997476105	0.837068309863	0.00751355200628	0.0324206620258
-gab	0.719298245614	0.245614035088	0.0350877192982	0.0
-gaa	0.49719785484	0.424072920928	0.0120374217487	0.0666918024837
-gan	0.329816849511	0.250625021485	0.0429543384792	0.376603790525
-gal	0.351055945455	0.186213851647	0.066005367117	0.396724835781
-gak	0.624151574706	0.306035143983	0.00972523321746	0.0600880480936
-gai	0.0	1.0	0.0	0.0
-gah	0.477159693414	0.20875591595	0.0947247756486	0.219359614988
-tru	0.129436931221	0.663643130288	0.107490877138	0.0994290613529
-gat	0.194754707976	0.72433627898	0.0277817603386	0.0531272527054
-gas	0.5812589283	0.235200551148	0.0748913406887	0.108649179863
-gar	0.133439196804	0.711351295974	0.127036164327	0.0281733428952
-gap	0.653846153846	0.0384615384615	0.0192307692308	0.288461538462
-mbé	0.63982070561	0.274898785425	0.032967032967	0.0523134759977
-ini	0.292432358474	0.289701634343	0.120580875085	0.297285132099
-ina	0.0370443110991	0.840686109314	0.032889656651	0.0893799229358
-ine	0.172644228862	0.45611274277	0.104472498839	0.266770529528
-ing	0.0652030520651	0.149511459011	0.021477800608	0.763807688316
-éhu	0.0	1.0	0.0	0.0
-kna	0.601964363299	0.24575809862	0.0536966059931	0.0985809320884
-kng	0.824267782427	0.0753138075313	0.0	0.100418410042
-kne	0.00692257104289	0.938562181994	0.00986466373612	0.0446505832266
-mbu	0.172756155679	0.77760127085	0.0357426528991	0.0138999205719
-yer	0.0	1.0	0.0	0.0
-tré	0.579439252337	0.39953271028	0.0	0.0210280373832
-mba	0.249873289407	0.266092245312	0.427774961987	0.0562595032945
-yem	0.317535545024	0.088467614534	0.432859399684	0.161137440758
-mbe	0.637001835078	0.288242428615	0.0296678374491	0.0450878988588
-yen	0.0825078614873	0.0136637895302	0.0100379530838	0.893790395899
-mbi	0.333333333333	0.493518848852	0.0803900582709	0.0927577595434
-lta	0.0	1.0	0.0	0.0
-yeg	0.297076262523	0.382743815171	0.106317726436	0.21386219587
-iné	0.159216848301	0.491583422797	0.0993208821817	0.24987884672
-kné	0.0201300687456	0.9458190687	0.00160239353198	0.0324484690227
-rka	0.177339901478	0.384236453202	0.349753694581	0.0886699507389
-hde	0.368421052632	0.574162679426	0.0574162679426	0.0
-ahi	0.577616589413	0.173728441998	0.0894013693465	0.159253599242
-aha	0.085717795466	0.0857155036505	0.0388795039045	0.789687196979
-ahe	0.0965005762895	0.719918467754	0.043355480096	0.140225475861
-ahu	0.142021720969	0.672514619883	0.0501253132832	0.135338345865
-mpo	0.0	0.897387709077	0.0	0.102612290923
-sau	0.00220994475138	0.997790055249	0.0	0.0
-sat	0.301496637987	0.254573060516	0.211842961463	0.232087340033
-mpe	0.0130047912389	0.958247775496	0.0123203285421	0.0164271047228
-olu	0.0168359941945	0.0571843251089	0.460957910014	0.465021770682
-mpa	0.73506899288	0.100493921643	0.0362480679277	0.12818901755
-lfa	0.00375985741838	0.954881710979	0.0413584316023	0.0
-oli	0.605607855582	0.363541005571	0.01419152387	0.0166596149778
-saa	0.406994030602	0.131669830524	0.0736454497633	0.387690689111
-sae	0.112145906092	0.0884749708964	0.640279394645	0.159099728366
-sad	0.0	1.0	0.0	0.0
-sak	0.525793941626	0.296366888085	0.136171311921	0.0416678583686
-ola	0.310909874946	0.565329883571	0.0513152220785	0.0724450194049
-sai	0.0	1.0	0.0	0.0
-sah	0.272576723904	0.170907675535	0.0720222553899	0.484493345171
-san	0.28847323756	0.358324175096	0.182521456689	0.170681130655
-sam	0.0	1.0	0.0	0.0
-sal	0.352390924956	0.148202443281	0.0871204188482	0.412286212914
-bhe	0.0264317180617	0.599118942731	0.15859030837	0.215859030837
-mar	0.160286263256	0.603549384757	0.200754577246	0.0354097747415
-hal	0.730724610755	0.123795862021	0.00544414031191	0.140035386912
-mat	0.0405834340169	0.881829693067	0.0474235097953	0.0301633631207
-mai	0.233576642336	0.496350364964	0.0729927007299	0.197080291971
-ahé	0.0936693570195	0.71848070853	0.0591347866455	0.128715147805
-mak	0.156177156177	0.470862470863	0.030303030303	0.342657342657
-jua	0.468371467026	0.458950201884	0.00807537012112	0.064602960969
-hat	0.25591314463	0.174844155457	0.460524353506	0.108718346407
-jug	0.380952380953	0.515873015873	0.031746031746	0.0714285714286
-mpé	0.0168539325843	0.965414325843	0.00245786516854	0.0152738764045
-éus	0.00913589645985	0.973734297678	0.00228397411496	0.0148458317473
-olé	0.184179456907	0.504132231405	0.0283353010626	0.283353010626
-saé	0.131762973868	0.0728744939271	0.631947000368	0.163415531837
-uci	0.0240200342805	0.670597152479	0.287239128001	0.0181436852396
-ion	0.0149692595563	0.95883453622	0.012563485699	0.0136327185245
-rya	0.46517739816	0.365308804205	0.0630749014455	0.106438896189
-ios	0.0	0.981762917933	0.0182370820669	0.0
-iot	0.0	1.0	0.0	0.0
-rku	0.210086203577	0.429487490375	0.0199844188896	0.340441887158
-elu	0.151447994329	0.0923603460497	0.117336219928	0.638855439693
-eli	0.492108309677	0.426372879025	0.0488898907657	0.0326289205329
-elo	0.190973871734	0.706413301663	0.037054631829	0.0655581947743
-iye	0.0750541925811	0.0289043982091	0.00170174834383	0.894339660866
-aél	0.0	0.951219512195	0.0487804878049	0.0
-ela	0.323844542454	0.383631946783	0.138113238903	0.15441027186
-iya	0.161458799918	0.122283383284	0.0562473523298	0.660010464468
-rke	0.376288659794	0.283505154639	0.340206185567	0.0
-ele	0.302780800644	0.298671507695	0.240597915243	0.157949776419
-`em	0.474576271186	0.296610169492	0.152542372881	0.0762711864407
-`eh	0.378382680675	0.344635466412	0.0811843361986	0.195797516714
-hul	0.592956190944	0.209350840594	0.0774328138422	0.12026015462
-hum	0.0	1.0	0.0	0.0
-hun	0.169430363433	0.0896984277	0.0169258527365	0.72394535613
-huh	0.229796298966	0.404973667017	0.057746988654	0.307483045363
-huk	0.637426926457	0.20406026392	0.081501701854	0.0770111077684
-hud	0.0	1.0	0.0	0.0
-hug	0.0482284790516	0.940994207194	0.00754411962818	0.00323319412636
-hua	0.405429864253	0.426244343891	0.0651583710407	0.103167420814
-hut	0.798716710125	0.0921654500017	0.0162167224476	0.0929011174258
-hur	0.0324713218621	0.533776010404	0.31487595038	0.118876717354
-hus	0.0825550846645	0.818081160198	0.0674097722075	0.0319539829295
-tua	0.534560669456	0.0900418410042	0.0369874476988	0.338410041841
-kog	0.401379310345	0.40091954023	0.173793103448	0.023908045977
-nci	0.216280976102	0.538432435841	0.11539189104	0.129894697017
-tug	0.127118644068	0.542372881356	0.152542372881	0.177966101695
-tuh	0.469239789498	0.378803912596	0.104450291729	0.0475060061778
-kol	0.389705882353	0.411764705882	0.154411764706	0.0441176470588
-kon	0.581962027269	0.261326567927	0.023508436168	0.133202968636
-tul	0.0	1.0	0.0	0.0
-nca	0.148473515853	0.558695549911	0.199219117509	0.0936118167278
-tun	0.45794593591	0.419378997462	0.0517219858583	0.07095308077
-tup	0.703295004578	0.238201124892	0.0167663531398	0.0417375173906
-kot	0.396373056995	0.0466321243523	0.549222797927	0.00777202072538
-tur	0.730844687889	0.114004495186	0.00774706673652	0.147403750188
-elé	0.390817724988	0.449748743719	0.10187300137	0.0575605299224
-tut	0.387452269322	0.180240707622	0.227367199961	0.204939823094
-kos	0.0	1.0	0.0	0.0
-kor	0.893569844789	0.106430155211	0.0	0.0
-jeg	0.161036595463	0.745523147163	0.0374943817567	0.055945875618
-lit	0.0397923219767	0.503298192738	0.395114349981	0.061795135305
-jen	0.250719119772	0.391502866246	0.15006545855	0.207712555432
-lir	0.417322834646	0.212598425197	0.141732283465	0.228346456693
-lis	0.480695463642	0.487575050033	0.0140093395597	0.0177201467645
-jer	0.229224885066	0.368730119892	0.0378607394434	0.364184255599
-lim	0.0	1.0	0.0	0.0
-omi	0.808945686901	0.0460063897763	0.058785942492	0.0862619808307
-lio	0.0	1.0	0.0	0.0
-lih	0.306492998863	0.104786897926	0.0487263843035	0.539993718908
-lik	0.159569458133	0.233001412807	0.340306739233	0.267122389828
-oma	0.220061978898	0.450675127278	0.240168228436	0.0890946653877
-lig	0.211419753086	0.421296296296	0.320987654321	0.0462962962963
-lia	0.0754618980485	0.891147881576	0.00066780440751	0.032722415968
-lib	0.609150091545	0.376871583487	0.00396915400318	0.0100091709645
-kèh	0.0211210331483	0.354118396604	0.553500130086	0.0712604401615
-kèk	0.64	0.32	0.0	0.04
-kèl	0.0236220472441	0.350393700787	0.602362204724	0.0236220472441
-kèn	0.446428571429	0.255102040816	0.0248724489796	0.273596938775
-kès	0.0	1.0	0.0	0.0
-sne	0.875	0.0625	0.0	0.0625
-pah	0.362816947906	0.549729317698	0.0340016962937	0.0534520381022
-dur	0.593805269494	0.144514992617	0.0193495580834	0.242330179806
-dus	0.516975308642	0.467206790123	0.00694444444444	0.00887345679013
-pal	0.106408853217	0.814210142284	0.012769062386	0.0666119421136
-pan	0.206266404178	0.516249188925	0.101363450663	0.176120956234
-paa	0.0842795614722	0.0736100234926	0.0020555990603	0.840054815975
-pad	0.134328358209	0.649253731343	0.216417910448	0.0
-pag	0.567073170732	0.375	0.0152439024391	0.0426829268293
-dug	0.281184772885	0.262200576483	0.358413676573	0.0982009740582
-duh	0.340738721548	0.580209895053	0.0504293307891	0.0286220526101
-par	0.00982789203701	0.982789203701	0.00345174744715	0.0039311568148
-pas	0.123937801029	0.825646822281	0.0210064069541	0.0294089697357
-dul	0.0286968264686	0.516880486158	0.248311951384	0.206110735989
-dum	0.335559611715	0.569581570287	0.00981774938466	0.0850410686137
-dun	0.0	0.237837837838	0.762162162162	0.0
-tuk	0.257389162562	0.545566502463	0.145320197044	0.051724137931
-koh	0.38905775076	0.505572441743	0.0688956433637	0.0364741641337
-omé	0.0103092783505	0.989690721649	0.0	0.0
-kok	0.433656066206	0.0602392467244	0.0110691991221	0.495035487947
-dia	0.427941701461	0.152653390659	0.048038865693	0.371366042187
-dil	0.0477954021383	0.193557403396	0.44713856474	0.311508629725
-dim	0.0571428571429	0.942857142857	0.0	0.0
-din	0.820089955022	0.179910044978	0.0	0.0
-kow	0.791666666667	0.0	0.0	0.208333333333
-dik	0.105263157895	0.842105263158	0.0526315789473	0.0
-tus	0.144791817563	0.805659184374	0.00772577053441	0.0418232275288
-dis	0.0	0.935458887311	0.0619594681812	0.00258164450755
-iyé	0.0644125605731	0.0356133413502	0.0050835087765	0.8948905893
-sli	0.0270118176702	0.589758019133	0.315700619021	0.0675295441756
-ege	0.0893854748603	0.474860335196	0.220670391062	0.215083798883
-ggu	0.0647983287535	0.83313943872	0.0564309769926	0.0456312555336
-cèh	0.0822942643391	0.84289276808	0.074812967581	0.0
-ait	0.0150637311703	0.232329084589	0.749130938586	0.00347624565469
-cèk	0.213114754098	0.186885245902	0.481967213115	0.118032786885
-cèn	0.192279187245	0.196779338436	0.0808722822704	0.530069192048
-ohe	0.0921110795082	0.835188312307	0.0347544370834	0.0379461711013
-aia	0.361290322581	0.535483870968	0.0	0.103225806452
-aim	0.0	1.0	0.0	0.0
-cèr	0.795454545455	0.136363636364	0.0681818181818	0.0
-ain	0.0695732838589	0.720779220779	0.204081632653	0.00556586270872
-oha	0.3	0.481818181818	0.0818181818182	0.136363636364
-eme	0.105923641391	0.764862277996	0.0171221950441	0.112091885568
-ema	0.429872119862	0.267073989543	0.161946283383	0.141107607212
-emi	0.434900126785	0.182218950661	0.0495739466288	0.333306975925
-emu	0.802524419683	0.111210140979	0.0221554271776	0.0641100121602
-cik	0.0481810592913	0.0423138038854	0.760747786736	0.148757350088
-cin	0.0	0.637023930169	0.0	0.362976069831
-cim	0.45540796964	0.225806451613	0.136622390892	0.182163187856
-cil	0.159817351598	0.465753424658	0.264840182648	0.109589041096
-khé	0.0727272727273	0.927272727273	0.0	0.0
-ser	0.573426573427	0.333333333333	0.065268065268	0.027972027972
-éné	0.183805436848	0.084347792646	0.0181489903321	0.713697780174
-lip	0.440366972477	0.119266055046	0.412844036697	0.0275229357798
-omu	0.0350393118165	0.877176232462	0.0517951680121	0.035989287709
-jem	0.365979381443	0.463917525773	0.128865979381	0.0412371134021
-ilé	0.0267660179421	0.866611108388	0.0829452424139	0.0236776312564
-lin	0.642369020501	0.268792710706	0.0615034168565	0.0273348519362
-thi	0.115982308399	0.0578021591392	0.0194388045215	0.80677672794
-omo	0.0	1.0	0.0	0.0
-yèr	0.0	1.0	0.0	0.0
-tal	0.234158193033	0.706217135376	0.052771261064	0.00685341052778
-emé	0.0992544686966	0.812494386059	0.0323362974939	0.0559148477499
-lém	0.375	0.267857142857	0.321428571429	0.0357142857143
-léo	0.285714285714	0.0476190476191	0.380952380952	0.285714285714
-léh	0.652173913043	0.25	0.0	0.0978260869565
-yèn	0.0743189364649	0.0166832089147	0.0102852281779	0.898712626442
-léa	0.00454440865163	0.986635220126	0.0082451296211	0.000575241601471
-yèl	0.460317460317	0.126984126984	0.349206349206	0.0634920634921
-khe	0.285714285714	0.714285714286	0.0	0.0
-khi	0.0	1.0	0.0	0.0
