-zúa	0.536142090045	0.00950020652623	0.454357703428	0.0
-èku	0.322580645161	0.658064516129	0.0	0.0193548387097
-okù	0.0182926829268	0.762195121951	0.109756097561	0.109756097561
-kye	0.178652690382	0.526888132189	0.215450280101	0.0790088973277
-rbu	0.0	1.0	0.0	0.0
-àyi	0.679267672487	0.138467228652	0.0592858573872	0.122979241474
-cai	0.4453125	0.3515625	0.0625	0.140625
-can	0.6001367054	0.271360218729	0.116199589884	0.0123034859877
-her	0.0	0.801136363636	0.0	0.198863636364
-nyo	0.0671409668562	0.664646996113	0.155802226146	0.112409810885
-hel	0.0	1.0	0.0	0.0
-afà	0.0550458715596	0.889908256881	0.0275229357798	0.0275229357798
-hen	0.109526892608	0.670695301892	0.0822023670584	0.137575438442
-heh	0.228136882129	0.714828897338	0.0	0.0570342205323
-afá	0.296407185629	0.494011976048	0.173652694611	0.0359281437126
-ivi	0.070297029703	0.894059405941	0.00594059405942	0.029702970297
-deú	0.816279069767	0.183720930233	0.0	0.0
-vin	0.229241236099	0.633733162108	0.0684444930189	0.0685811087735
-hea	0.503266943437	0.315693590485	0.160544432182	0.0204950338957
-ion	0.0588235294118	0.941176470588	0.0	0.0
-ufu	0.0753867383252	0.906166025129	0.0091509913574	0.00929624518847
-obé	0.390334572491	0.483271375465	0.0520446096654	0.0743494423791
-oya	0.586153846154	0.344615384615	0.0276923076923	0.0415384615385
-oyo	0.308411214953	0.691588785047	0.0	0.0
-zen	0.571405202134	0.249922729566	0.0228456335565	0.155826434743
-hwā	0.383185125303	0.342764753436	0.22554567502	0.0485044462409
-oyi	0.220271102896	0.676935715753	0.0756828917642	0.0271102895872
-zin	0.228735275008	0.354162546965	0.400774033165	0.0163281448628
-yòn	0.346546270522	0.487207894025	0.116452396815	0.0497934386381
-nso	0.456544502618	0.374345549738	0.118848167539	0.0502617801047
-ufa	0.00629921259842	0.924859392576	0.0688413948257	0.0
-heu	0.853146853147	0.104895104895	0.0	0.041958041958
-kpà	0.169230769231	0.492307692308	0.112820512821	0.225641025641
-hwē	0.170542635659	0.782945736434	0.046511627907	0.0
-ufo	0.140186915888	0.859813084112	0.0	0.0
-aul	0.111111111111	0.777777777778	0.0740740740741	0.037037037037
-ànà	0.207725947522	0.682944606414	0.054664723032	0.054664723032
-nti	0.131915574033	0.666613367445	0.0719539494723	0.12951710905
-bab	0.135048231511	0.826366559486	0.0385852090032	0.0
-dzù	0.0700169395821	0.904573687182	0.0101637492942	0.0152456239413
-dzú	0.537459283388	0.100977198697	0.13680781759	0.224755700326
-nta	0.326858108108	0.547297297297	0.0827702702703	0.0430743243243
-yen	0.176828310311	0.348136045278	0.14994274101	0.325092903402
-vyo	0.212740384615	0.713341346154	0.0252403846154	0.0486778846153
-kia	0.342261904762	0.510119047619	0.0839285714286	0.0636904761905
-dzó	0.517482517483	0.146853146853	0.335664335664	0.0
-dzò	0.526315789474	0.343249427918	0.130434782609	0.0
-utó	0.606263234147	0.302797280731	0.0	0.090939485122
-àfo	0.10752688172	0.26164874552	0.458781362007	0.172043010753
-apa	0.080667696116	0.468490244313	0.00848121174907	0.442360847822
-zou	0.191037227094	0.677115187602	0.0414681921521	0.0903793931519
-ntu	0.248002663116	0.520972037284	0.065912117177	0.165113182423
-nbu	0.259922985782	0.666765402844	0.0466528436019	0.0266587677725
-nwā	0.484553533644	0.22936944562	0.0888700804063	0.19720694033
-nme	0.294875728751	0.640687327401	0.0349800552317	0.0294568886162
-akū	0.331339275724	0.526893670981	0.0725319807556	0.0692350725394
-ará	0.371794871795	0.455128205128	0.134615384615	0.0384615384615
-nma	0.10400814376	0.146297700354	0.0573627628371	0.692331393048
-dho	0.0	0.841590309054	0.158409690946	0.0
-yee	0.225806451613	0.774193548387	0.0	0.0
-zea	0.43115942029	0.410050409578	0.145557655955	0.0132325141777
-ape	0.123911341298	0.838893822149	0.0173091812587	0.0198856552949
-rba	0.132743362832	0.862831858407	0.00442477876105	0.0
-nmi	0.371858270748	0.267650316017	0.0671128859934	0.293378527241
-èyi	0.641791044776	0.268656716418	0.0179104477612	0.0716417910448
-pwi	0.642196721638	0.103376892224	0.153268907312	0.101157478826
-nmu	0.607516943931	0.204559457794	0.163894023413	0.0240295748614
-àkū	0.613749063537	0.226142485106	0.0400271128394	0.120081338518
-sma	0.676910497516	0.299087992956	0.0212843575068	0.00271715202214
-paa	0.100211986895	0.788783966082	0.0578146078243	0.0531894391983
-āmā	0.030583345184	0.944949978669	0.0244666761472	0.0
-bui	0.148521221952	0.0890424439038	0.0523655041903	0.710070829954
-òmi	0.392530034495	0.231592720352	0.104674675865	0.271202569288
-zuh	0.680290046144	0.248516809492	0.0	0.0711931443639
-yoo	0.231752698869	0.352418849711	0.21010648097	0.205721970451
-dea	0.492113950361	0.236866772629	0.075396340221	0.195622936789
-àku	0.312934988461	0.600626566744	0.0135948219183	0.072843622876
-imu	0.00479616306954	0.99520383693	0.0	0.0
-das	0.223684210526	0.644736842105	0.0131578947368	0.118421052632
-oku	0.693051148676	0.140142848431	0.0461231690731	0.12068283382
-bwà	0.27669201282	0.327405266135	0.343115691573	0.0527870294728
-ùnà	0.164383561644	0.602739726028	0.232876712329	0.0
-mur	0.03125	0.953125	0.015625	0.0
-àyì	0.587155963303	0.238532110092	0.0183486238532	0.155963302752
-den	0.0534844931039	0.907885271089	0.0264144325829	0.0122158032239
-ima	0.0468018481047	0.366872668574	0.0143383216575	0.571987161664
-oko	0.408185087975	0.494313210849	0.0462719937786	0.0512297073977
-ilu	0.0773666506487	0.8793849111	0.0288322921672	0.0144161460836
-oki	0.571428571429	0.342857142857	0.0571428571429	0.0285714285714
-deu	0.35951876899	0.401959922115	0.0324203720828	0.206100936812
-oke	0.0948767549848	0.704566970101	0.0722717297334	0.128284545181
-ike	0.0406976744186	0.375581395349	0.281395348837	0.302325581395
-ère	0.422925842162	0.452684204261	0.0248779907154	0.0995119628616
-odi	0.0753513186481	0.868456031314	0.0300671928425	0.0261254571955
-yon	0.315382468166	0.532541683767	0.0604150726258	0.0916607754415
-ido	0.440559440559	0.433566433566	0.0	0.125874125874
-bit	0.0764635603345	0.844683393071	0.0394265232975	0.0394265232975
-obi	0.206355757326	0.727060118311	0.0192598706837	0.04732425368
-obo	0.135159817352	0.748858447489	0.0867579908675	0.0292237442923
-òre	0.303507194245	0.696492805755	0.0	0.0
-ufó	0.120603015075	0.879396984925	0.0	0.0
-nìi	0.449541284404	0.220183486239	0.330275229358	0.0
-yo'	0.0	0.869848156182	0.0	0.130151843818
-ide	0.488095238095	0.488095238095	0.0	0.0238095238095
-ìji	0.878967561911	0.121032438089	0.0	0.0
-ufù	0.4	0.511111111111	0.0	0.0888888888889
-ece	0.632575757576	0.206060606061	0.113636363636	0.0477272727273
-ida	0.133105802048	0.866894197952	0.0	0.0
-úkà	0.375092270379	0.379120531477	0.185890540968	0.059896657176
-úká	0.37429305077	0.189904439966	0.0940291230579	0.341773386206
-byu	0.104211914763	0.795565143289	0.0650701190264	0.0351528229223
-mri	0.0632086139278	0.0229831096538	0.00297551187905	0.910832764539
-kpo	0.517149913626	0.183529045893	0.177857429851	0.12146361063
-kpa	0.228921457479	0.648685232137	0.0926418348346	0.0297514755495
-idu	0.0759493670886	0.837974683544	0.0455696202532	0.0405063291139
-kpe	0.29315386537	0.630043250604	0.0531448527863	0.0236580312404
-ecu	0.315893142985	0.476338737297	0.122704556453	0.0850635632654
-obu	0.503246753247	0.301948051948	0.0389610389611	0.155844155844
-acù	0.19403743542	0.771152706022	0.00762259676461	0.0271872617939
-bba	0.126153846154	0.8	0.0	0.0738461538462
-uta	0.415515017505	0.55223880597	0.00829187396351	0.0239543025613
-teu	0.298360655738	0.488524590164	0.147540983606	0.0655737704918
-fìn	0.297820823245	0.242130750605	0.191283292978	0.268765133172
-dzu	0.198281299238	0.0630975990182	0.0269272135711	0.711693888173
-eji	0.286666666667	0.102222222222	0.371111111111	0.24
-zèn	0.122357646163	0.7620453247	0.0388497429061	0.0767472862312
-uto	0.725108038029	0.205617977528	0.0352203975799	0.0340535868626
-ejo	0.0	1.0	0.0	0.0
-tea	0.205619018216	0.427071847572	0.222820094385	0.144489039827
-dzo	0.359784632416	0.312064945739	0.0531709689865	0.274979452859
-riu	0.148115687993	0.765994741455	0.0175284837861	0.068361086766
-ris	0.0311958405546	0.948006932409	0.0207972270364	0.0
-utu	0.167681819832	0.402813078683	0.318071239243	0.111433862242
-dze	0.511943846938	0.313030680403	0.137439148647	0.0375863240122
-tei	0.184210526316	0.592105263158	0.197368421053	0.0263157894737
-a'a	0.327625570776	0.204337899543	0.159817351598	0.308219178082
-àfá	0.392561983471	0.433884297521	0.0247933884298	0.148760330579
-avò	0.306019126195	0.617476092256	0.0765047815488	0.0
-ten	0.441239264633	0.287500120758	0.0616734130012	0.209587201608
-jin	0.228059468064	0.5198130119	0.124938627507	0.127188892528
-are	0.657651489216	0.235706949675	0.0402259500171	0.0664156110921
-ara	0.0807278480416	0.0562204410955	0.059257886357	0.803793824506
-nza	0.0312738457837	0.90634689267	0.0131736338269	0.0492056277189
-nmá	0.0	0.110576923077	0.528846153846	0.360576923077
-nzo	0.0549011400781	0.232998485211	0.69221876744	0.019881607271
-gye	0.489795918367	0.396089325783	0.0737258254087	0.0403889304413
-lus	0.0196621861935	0.940375930263	0.00483166350148	0.035130220042
-ari	0.19770218626	0.104476914711	0.0910841487526	0.606736750277
-gya	0.167247730594	0.479031582955	0.259823108153	0.0938975782982
-jia	0.319271086879	0.364090534962	0.0786282727378	0.238010105421
-aru	0.0174900276158	0.943847806075	0.00184105553851	0.0368211107702
-nzu	0.232782054213	0.640245916216	0.108833168204	0.0181388613673
-fyò	0.0	0.86919592299	0.0	0.13080407701
-lun	0.0	0.972814800831	0.0271851991693	0.0
-ifi	0.152626522898	0.494907960221	0.330487297583	0.0219782192974
-áku	0.418714369963	0.386671908787	0.0471790839394	0.147434637311
-gyu	0.18694446221	0.468023812234	0.329183378353	0.0158483472026
-nau	0.307562201115	0.633014339129	0.0286351014832	0.0307883582725
-jis	0.0285714285714	0.942857142857	0.0285714285714	0.0
-bán	0.748031496063	0.181102362205	0.0236220472441	0.0472440944882
-nwa	0.162417178307	0.316848959338	0.0423819833217	0.478351879033
-aya	0.438431317662	0.197001816782	0.0238124569856	0.34075440857
-nwe	0.387536957016	0.330566295201	0.210313850353	0.0715828974301
-nwi	0.851985559567	0.0866425992779	0.0	0.0613718411552
-ayo	0.119664567205	0.259549764007	0.0246117903263	0.596173878461
-ila	0.0242724264039	0.88304991916	0.0163577719208	0.0763198825156
-ayi	0.406964654119	0.164755369741	0.178904422629	0.249375553511
-nwo	0.268684938979	0.455131103295	0.0425092964711	0.233674661256
-āmi	0.476918373586	0.344237236319	0.00687863038826	0.171965759706
-pōn	0.371040723982	0.230769230769	0.380090497738	0.0180995475113
-uhu	0.201536283362	0.272103478682	0.491647934028	0.0347123039282
-nwu	0.0410828087345	0.863286349576	0.0292253067388	0.0664055349502
-āni	0.314136125654	0.446771378709	0.0977312390925	0.141361256545
-ago	0.175654030966	0.507207688201	0.293112653497	0.0240256273358
-àba	0.405034324943	0.45766590389	0.0411899313501	0.0961098398169
-còn	0.165	0.39	0.03	0.415
-àbe	0.54618699644	0.299524545625	0.0655213603148	0.0887670976204
-pwa	0.272118477269	0.14989678844	0.0170419086938	0.560942825596
-àbi	0.323809523809	0.0714285714285	0.12619047619	0.478571428572
-yuu	0.164511747246	0.161996277104	0.154550485486	0.518941490165
-nai	0.182170542636	0.789147286822	0.00542635658914	0.0232558139535
-ḿká	0.754098360656	0.114754098361	0.0655737704918	0.0655737704918
-ubu	0.00579730149419	0.696642396218	0.000828185927741	0.29673211636
-àbo	0.881578947368	0.118421052632	0.0	0.0
-wín	0.295415959253	0.353140916808	0.169779286927	0.181663837012
-ubi	0.487577639752	0.19099378882	0.195652173913	0.125776397516
-dán	0.231914014055	0.393551054155	0.342290202563	0.032244729227
-wàa	0.259259259259	0.666666666667	0.0740740740741	0.0
-aja	0.0164759137832	0.983524086217	0.0	0.0
-uba	0.236593059937	0.558359621451	0.167192429022	0.0378548895899
-wàn	0.384831460674	0.328651685393	0.185393258427	0.101123595506
-ili	0.00711484082824	0.966888625376	0.0172398066223	0.00875672717322
-ube	0.387523958763	0.291589762267	0.0735647196663	0.247321559304
-umu	0.58904109589	0.189823874755	0.123287671233	0.0978473581213
-ota	0.114013584597	0.377470507124	0.246827281548	0.26168862673
-tán	0.0	1.0	0.0	0.0
-hwi	0.0469354874801	0.808498735707	0.099823222717	0.0447425540961
-ija	0.0695383426695	0.654239907282	0.224067993046	0.0521537570021
-oti	0.0439420184155	0.939374601149	0.0071109490382	0.00957243139758
-hwa	0.395305869367	0.103416683112	0.0635893280655	0.437688119455
-iji	0.0442660447779	0.0331947895848	0.00249988100716	0.92003928463
-jiu	0.311789173177	0.276503000629	0.0679017082866	0.343806117907
-hwe	0.175984622898	0.45032340335	0.279142255301	0.0945497184516
-ábe	0.369898914264	0.43654062149	0.119430924747	0.0741295394983
-yén	0.639751552795	0.0310559006211	0.291925465839	0.0372670807454
-uma	0.0589841137917	0.046376463127	0.0193480206899	0.875291402391
-táu	0.65811965812	0.222222222222	0.025641025641	0.094017094017
-zei	0.167415730337	0.610112359551	0.023595505618	0.198876404494
-nua	0.177421339568	0.509877963309	0.105284333185	0.207416363938
-umi	0.225906756257	0.31045277683	0.0552833731722	0.408357093741
ALL	0.215841276917	0.316873592243	0.0582595874132	0.409025543426
-zua	0.294984433934	0.367912949769	0.123368556547	0.21373405975
-yàn	0.0408163265306	0.387755102041	0.571428571429	0.0
-aki	0.172213608289	0.59610250178	0.102201006326	0.129482883605
-sun	0.360088987613	0.236565922191	0.125742083404	0.277603006792
-sis	0.0	1.0	0.0	0.0
-amà	0.0736386374313	0.887256706829	0.0109188324467	0.0281858232927
-ake	0.128645914736	0.13312844676	0.0416808868337	0.69654475167
-naa	0.475705326134	0.342219600157	0.0592731876014	0.122801886108
-zun	0.0355271407845	0.134671012461	0.0572922300061	0.772509616748
-kin	0.511029411765	0.306985294118	0.0330882352941	0.148897058824
-aka	0.207848441677	0.294760768997	0.227865729699	0.269525059628
-kis	0.0	1.0	0.0	0.0
-nrá	0.103448275862	0.896551724138	0.0	0.0
-sin	0.25602666657	0.727996630368	0.00878718668416	0.00718951637793
-kiu	0.355263157895	0.565789473684	0.0394736842105	0.0394736842105
-zuu	0.526687299777	0.142639952218	0.046695987403	0.283976760602
-csa	0.186666666667	0.733333333333	0.0	0.08
-nas	0.0725274725274	0.887912087912	0.0131868131868	0.0263736263736
-aku	0.336768418415	0.210981094739	0.0436360877869	0.408614399059
-àke	0.454976303318	0.303317535545	0.113744075829	0.127962085308
-yàu	0.599462365591	0.124327956989	0.0423387096774	0.233870967742
-nwà	0.617777494177	0.26385476821	0.0181858788246	0.100181858788
-an'	0.15247776366	0.580686149936	0.216010165184	0.0508259212198
-wui	0.0377358490566	0.792452830189	0.0377358490566	0.132075471698
-mos	0.0	1.0	0.0	0.0
-mor	0.401054520978	0.518734574826	0.0802109041956	0.0
-gon	0.605068397094	0.219169915786	0.0871755163758	0.0885861707449
-goa	0.155833504203	0.613696944843	0.164035267582	0.0664342833709
-ayì	0.0948431251056	0.660029290824	0.207950768884	0.0371768151862
-wua	0.0542982748189	0.778788388726	0.013453661615	0.15345967484
-re'	0.130189600285	0.633413493934	0.195284400428	0.0411125053532
-gog	0.0348837209302	0.947674418605	0.0174418604651	0.0
-sīn	0.1824	0.5968	0.2208	0.0
-pau	0.10741401188	0.823534123341	0.0575432206498	0.0115086441299
-áta	0.472972972973	0.27027027027	0.189189189189	0.0675675675676
-ayò	0.044776119403	0.865671641791	0.0	0.089552238806
-wus	0.025479930192	0.974520069808	0.0	0.0
-mon	0.0173527349883	0.979288671143	0.0	0.0033585938687
-gou	0.724137931034	0.206896551724	0.0	0.0689655172414
-wuu	0.206010552879	0.643266804313	0.0261527873365	0.124569855471
-nàu	0.264255910988	0.433936022253	0.239221140473	0.0625869262865
-kau	0.174791914388	0.324613555291	0.332936979786	0.167657550535
-eje	0.0387039320455	0.389710919304	0.551034388272	0.0205507603781
-con	0.538778223957	0.293224654074	0.0424468754099	0.125550246558
-coi	0.574468085106	0.287234042553	0.0425531914894	0.0957446808511
-mfi	0.303921568628	0.666666666667	0.0294117647059	0.0
-yas	0.0461235017448	0.937035351237	0.0127446517979	0.00409649522076
-zan	0.431792360992	0.0977789174778	0.0455339179116	0.424894803619
-àbé	0.237288135593	0.559322033898	0.0847457627119	0.118644067797
-àbè	0.272727272727	0.441860465116	0.279069767442	0.00634249471458
-coa	0.286724525876	0.219222115076	0.17743490839	0.316618450659
-mfa	0.0555555555556	0.944444444444	0.0	0.0
-beu	0.250091675834	0.654565456546	0.0366703337001	0.0586725339201
-aco	0.156383844192	0.535341270328	0.0726096936732	0.235665191807
-eon	0.56221719457	0.261312217194	0.14592760181	0.0305429864253
-bei	0.427944862155	0.374686716792	0.112155388471	0.0852130325815
-yaa	0.335243246888	0.474011009735	0.0872992019643	0.103446541413
-̀kà	0.279069767442	0.627906976744	0.046511627907	0.046511627907
-bel	0.162812828816	0.777489133952	0.0488438486448	0.0108541885878
-cou	0.615384615385	0.173076923077	0.0576923076923	0.153846153846
-yan	0.316063607328	0.215920482731	0.0642737896494	0.403742120292
-ìnu	0.750206554668	0.109887083448	0.0688515560452	0.0710548058386
-òni	0.532178217822	0.341584158416	0.0742574257426	0.0519801980198
-oaz	0.0165289256198	0.98347107438	0.0	0.0
-iso	0.0	0.632653061224	0.367346938776	0.0
-nab	0.060948952038	0.915391539154	0.0128584287	0.010801080108
-hwè	0.177236620735	0.581543436477	0.137606422142	0.103613520646
-upu	0.807228915663	0.132530120482	0.0240963855422	0.0361445783133
-èni	0.500943453985	0.282547087089	0.105070766832	0.111438692094
-uga	0.0299212598425	0.60157480315	0.0	0.368503937008
-isi	0.178997613365	0.821002386635	0.0	0.0
-ish	0.0	1.0	0.0	0.0
-byá	0.347608945461	0.348448687351	0.152833023955	0.151109343233
-hwà	0.81594488189	0.0935039370078	0.0501968503937	0.0403543307087
-hwá	0.267794221283	0.732205778717	0.0	0.0
-cin	0.0742773007851	0.0900011882205	0.0116480115233	0.824073499471
-isa	0.0714936247723	0.77868852459	0.12204007286	0.0277777777778
-ama	0.0565524739066	0.0477223572393	0.0043424164196	0.891382752435
-upe	0.00167392032139	0.304653498494	0.693672581185	0.0
-umà	0.705882352941	0.078431372549	0.0980392156863	0.117647058824
-oso	0.227569173774	0.507891791765	0.206653031297	0.0578860031645
-isu	0.0693441201965	0.852643744583	0.0520080901473	0.0260040450737
-ist	0.0774163994503	0.877233165369	0.0316078790655	0.0137425561154
-evi	0.0	0.713147410358	0.0	0.286852589642
-īma	0.119402985075	0.492537313433	0.238805970149	0.149253731343
-reu	0.694939540948	0.207035730226	0.0143450822673	0.0836796465591
-fis	0.147058823529	0.764705882353	0.0588235294117	0.0294117647059
-haa	0.644213263979	0.0535760728219	0.0348504551366	0.267360208062
-hab	0.276497695852	0.516129032258	0.207373271889	0.0
-ápa	0.555921775434	0.185673478356	0.0428477257746	0.215557020435
-bèu	0.587360594795	0.342007434944	0.0	0.0706319702602
-bwi	0.264240300462	0.528714794993	0.168793206637	0.038251697907
-avo	0.20552635019	0.328593294183	0.0532811773486	0.412599178278
-dèn	0.373626373626	0.604395604396	0.021978021978	0.0
-mas	0.0341246290801	0.956973293769	0.00593471810088	0.00296735905045
-mar	0.221052631579	0.347368421053	0.368421052632	0.0631578947369
-bwa	0.164887794198	0.540914066776	0.0476190476191	0.246579091407
-han	0.180806014179	0.722605509825	0.0751772374744	0.0214112385212
-akà	0.129255415984	0.765337702531	0.0735481521936	0.0318587292918
-bèa	0.459749816041	0.487270051508	0.0247240618102	0.0282560706402
-har	0.351388176172	0.20676658468	0.0937837311769	0.348061507972
-jua	0.20127197905	0.613542835765	0.143097643098	0.0420875420875
-hau	0.244343891403	0.153846153846	0.330316742082	0.27149321267
-akù	0.0576200124457	0.857764177215	0.0379377418776	0.0466780684621
-man	0.0025641025641	0.996640141468	0.0	0.000795755968168
-avq	0.373134328358	0.089552238806	0.0	0.537313432836
-jui	0.431170886076	0.129746835443	0.415348101266	0.0237341772152
-akò	0.0860273507178	0.867128174637	0.0131657181687	0.0336787564767
-àkà	0.300319488818	0.134185303514	0.076677316294	0.488817891374
-abá	0.0924947145877	0.877774841438	0.00792811839322	0.0218023255814
-tsá	0.592844974446	0.243611584327	0.0868824531516	0.0766609880749
--ra	0.394230769231	0.301282051282	0.0192307692307	0.285256410256
-eká	0.308358833582	0.102131715821	0.0250470168287	0.564462433769
-ekà	0.28248676675	0.185728789835	0.0547309485554	0.477053494859
-tsu	0.125479340898	0.693373524796	0.0782888764356	0.10285825787
-uni	0.335255240644	0.336321371094	0.0895960112711	0.238827376991
--nu	0.0307692307692	0.738461538462	0.138461538462	0.0923076923077
-èmí	0.112676056338	0.154929577465	0.0985915492958	0.633802816901
-una	0.242880434794	0.0920805670965	0.0120276594325	0.653011338677
-vyu	0.406199893105	0.49706039551	0.0539818278996	0.0427578834848
-nke	0.463503649635	0.372262773723	0.131386861314	0.0328467153285
-vyi	0.618343795313	0.333956647936	0.0363216808287	0.0113778759223
-nka	0.11831938272	0.773366839407	0.0354388802216	0.072874897651
-pta	0.0	1.0	0.0	0.0
-ámā	0.0	0.857898328216	0.142101671784	0.0
-unu	0.0536101203334	0.70740010561	0.0429811563445	0.196008617712
-mká	0.527317880795	0.235099337748	0.108443708609	0.129139072848
-mkà	0.139187320498	0.132033826189	0.0527869375598	0.675991915754
-nki	0.147540983607	0.622950819672	0.196721311475	0.0327868852459
-unr	0.211267605634	0.760563380282	0.0	0.0281690140845
-vye	0.609326424871	0.188601036269	0.149222797927	0.0528497409326
-ànu	0.826655764513	0.10139002453	0.00981193785774	0.0621422730989
-gaf	0.677672890589	0.161641784838	0.139726369194	0.0209589553791
-mbò	0.312480162509	0.585396432426	0.0392782327176	0.0628451723481
-nyá	0.0266598958995	0.768058905675	0.098641614828	0.106639583598
-ika	0.150041306343	0.725663781896	0.0800223569048	0.0442725548565
-gaa	0.578752029692	0.295987009974	0.0904662491301	0.0347947112039
-ofo	0.284061611688	0.451180009255	0.181463608118	0.0832947709394
-ado	0.379654458852	0.195606656136	0.361006012073	0.0637328729383
-nyè	0.133333333333	0.783333333333	0.0833333333333	0.0
-ein	0.407556519046	0.319913285847	0.133168163518	0.139362031589
-gai	0.493670886076	0.217721518987	0.0911392405063	0.19746835443
-adi	0.164026607089	0.511643024287	0.111988770335	0.212341598289
-vōn	0.157894736842	0.573407202216	0.0443213296399	0.224376731302
-nyó	0.376404494382	0.505617977528	0.11797752809	0.0
-gau	0.305480195334	0.653825284862	0.0276722734672	0.0130222463375
-asó	0.465753424658	0.164383561644	0.0821917808219	0.287671232877
-foi	0.2598	0.3158	0.0288	0.3956
-ben	0.210317180346	0.399012455248	0.197548086033	0.193122278373
-pyū	0.226666666667	0.746666666667	0.0266666666667	0.0
-àni	0.510397346547	0.334050052362	0.0519535420143	0.103599059076
-ini	0.1204682427	0.127848920571	0.036933751453	0.714749085276
-èri	0.0	1.0	0.0	0.0
-yac	0.247252747253	0.271978021978	0.178571428571	0.302197802198
-sei	0.395874263261	0.271119842829	0.109037328094	0.223968565815
-seh	0.0	1.0	0.0	0.0
--mu	0.188888888889	0.788888888889	0.0	0.0222222222222
-ina	0.154174969338	0.0626580289044	0.0197610626293	0.763405939128
-lok	0.0	1.0	0.0	0.0
-fou	0.410589874594	0.423594983744	0.0868555503948	0.078959591268
-ine	0.0606435643564	0.384900990099	0.554455445544	0.0
-sea	0.24486879709	0.25630033775	0.0415692387633	0.457261626397
-ira	0.310528531215	0.536292125964	0.0366999026598	0.116479440162
-ohe	0.838709677419	0.0645161290323	0.0	0.0967741935484
--mi	0.436507936508	0.349206349206	0.126984126984	0.0873015873016
-tàa	0.298875470166	0.309714661432	0.0159542065925	0.375455661809
-tsò	0.542728375802	0.366267984053	0.0476685734096	0.043335066736
-arà	0.701754385965	0.298245614035	0.0	0.0
-seu	0.840124462883	0.0976440954215	0.0311157208475	0.0311157208475
-oho	0.318136104593	0.514917867918	0.0623533355683	0.104592691921
--ma	0.0919117647058	0.757018716578	0.0127005347594	0.138368983957
-inu	0.812602773758	0.0816130495287	0.0255843802479	0.0801997964657
-zwá	0.666666666667	0.037037037037	0.185185185185	0.111111111111
-aam	0.056338028169	0.943661971831	0.0	0.0
-kuu	0.265714285714	0.657142857143	0.0171428571428	0.06
--di	0.14606741573	0.191011235955	0.0337078651685	0.629213483146
-kus	0.0435476516188	0.949840401277	0.00455996352029	0.00205198358413
-swà	0.194529412476	0.721742721845	0.0295805034435	0.0541473622356
-fua	0.478723404255	0.425531914894	0.063829787234	0.031914893617
-swí	0.0341690986387	0.914987282587	0.0338957458496	0.0169478729248
-swì	0.243211480176	0.699263932702	0.0296901094823	0.0278344776396
-edi	0.363809007054	0.614215952252	0.0179055887141	0.00406945198046
-ico	0.209953343701	0.766718506999	0.0	0.0233281493001
-swè	0.0810810810811	0.810810810811	0.108108108108	0.0
-di'	0.103569728701	0.792860542599	0.103569728701	0.0
-bāi	0.0	0.204334365325	0.702786377709	0.0928792569659
-nen	0.284810126582	0.46835443038	0.151898734177	0.0949367088608
-yìn	0.445859872611	0.477707006369	0.0	0.0764331210191
-toa	0.125654450262	0.560209424084	0.282722513089	0.0314136125654
-fuu	0.237113402062	0.20618556701	0.484536082474	0.0721649484536
-yak	0.833333333333	0.0877192982456	0.0	0.0789473684211
-kua	0.529370629371	0.365268065268	0.0643356643357	0.0410256410256
-kun	0.0351428722032	0.494368920823	0.0296269241883	0.440861282786
-kum	0.0291262135922	0.912621359223	0.0	0.0582524271844
-màa	0.288647342995	0.585748792271	0.0821256038647	0.0434782608696
-gha	0.213011739042	0.440951065017	0.0282913971232	0.317745798818
-kui	0.0643872113677	0.763264195267	0.00773505987509	0.16461353349
--du	0.0967741935484	0.41935483871	0.241935483871	0.241935483871
-ban	0.314118067003	0.359744950845	0.165252238062	0.160884744091
-buu	0.153337397802	0.26902506871	0.057245961846	0.520391571642
-eka	0.380848436109	0.290375391332	0.0881753166556	0.240600855904
-hoa	0.583111226679	0.179587856725	0.212962361048	0.0243385555483
-eke	0.114149058724	0.136035752918	0.114109264734	0.635705923624
-bai	0.114347613138	0.334872791849	0.0420070853152	0.508772509698
-íká	0.414787579352	0.2819708155	0.0771263608423	0.226115244305
-jou	0.338158245271	0.538762099281	0.0671343575171	0.0559452979309
-ghe	0.428571428571	0.392857142857	0.142857142857	0.0357142857143
-hoi	0.0911184160696	0.0255328495902	0.00613515519671	0.877213579143
-eko	0.235294117647	0.705882352941	0.0	0.0588235294118
-àmā	0.0367496937526	0.816251531237	0.14699877501	0.0
-mku	0.60588792753	0.241501203505	0.0637776765822	0.0888331923822
-baa	0.0802537982872	0.0500101995406	0.0101852687097	0.859550733462
-ton	0.472526293414	0.300780842221	0.130004864816	0.0966879995488
-dàu	0.324675324675	0.493506493506	0.181818181818	0.0
-vyè	0.152601156069	0.667052023121	0.0832369942197	0.0971098265896
-rei	0.356675062972	0.458942065491	0.181360201511	0.00302267002519
-nkà	0.559585492228	0.281735751295	0.0524611398964	0.10621761658
-unù	0.19512195122	0.536585365854	0.0	0.268292682927
-eku	0.413824312597	0.191149142969	0.0275382212919	0.367488323143
-hou	0.406117465621	0.341665595682	0.114059889474	0.138157049222
-apì	0.406462916099	0.327233794043	0.266303289858	0.0
-vyà	0.204545454545	0.304545454546	0.349090909091	0.141818181818
-bau	0.272734126482	0.0874976896213	0.0422677704602	0.597500413436
-bar	0.0704647676161	0.911544227886	0.0179910044977	0.0
-bas	0.0339443312967	0.948404616429	0.0109856199469	0.00666543232735
-zon	0.0850555464793	0.540238523117	0.343052605783	0.0316533246201
-nya	0.28435976525	0.41208105014	0.0542512905259	0.249307894084
-mbu	0.302487263776	0.496105130322	0.154945705517	0.0464619003848
-asa	0.0590842608448	0.897304865868	0.0353167808219	0.00829409246575
-nye	0.131776434714	0.470885752369	0.373619150218	0.0237186626983
-aso	0.0871125165331	0.555619745504	0.290831141584	0.0664365963787
-yep	0.0519031141869	0.705882352941	0.0519031141869	0.190311418685
-hùn	0.096	0.192	0.0	0.712
-nyi	0.16902191709	0.550949483876	0.227608370154	0.0524202288792
-yeu	0.169615285442	0.148624734174	0.021167547778	0.660592432605
-zoa	0.390209973129	0.344862435498	0.0727058711626	0.19222172021
-asi	0.163969335605	0.531942078365	0.295144804089	0.00894378194206
-yei	0.151447161768	0.143033430559	0.0468925286067	0.658626879067
-mba	0.385221347218	0.384282251858	0.0618851943768	0.168611206547
-asu	0.417247939125	0.518706404566	0.0488268864933	0.0152187698161
-yìu	0.577235772358	0.276422764228	0.0975609756098	0.0487804878049
-ìri	0.343022435445	0.181423733597	0.187103146606	0.288450684352
-mbe	0.536969661483	0.299640430419	0.0938979631488	0.0694919449493
-owo	0.03125	0.9375	0.0	0.03125
-nyu	0.209815307828	0.542491975832	0.157042289226	0.0906504271142
-yea	0.103768920193	0.215203742241	0.169909111929	0.511118225637
-mbi	0.108632156156	0.580328638208	0.28627710092	0.0247621047171
-bía	0.0444444444444	0.955555555556	0.0	0.0
-dri	0.516666666667	0.333333333333	0.0166666666667	0.133333333333
-mbo	0.0776327387686	0.341160018413	0.560521152961	0.0206860898571
-rea	0.348484848485	0.378787878788	0.0909090909091	0.181818181818
-iní	0.54128440367	0.155963302752	0.247706422018	0.0550458715597
-uza	0.0489840835405	0.923751190715	0.0198709018136	0.00739382393064
-hwì	0.0441176470588	0.294117647059	0.0588235294118	0.602941176471
-ba'	0.723977666178	0.214261205902	0.0617611279204	0.0
-rau	0.0	1.0	0.0	0.0
-ras	0.019656019656	0.95085995086	0.019656019656	0.00982800982801
-uri	0.126253028418	0.0432072209195	0.00900370922299	0.821536041439
-iho	0.0750044645515	0.462178871191	0.445808849166	0.017007815091
-ran	0.0769230769231	0.923076923077	0.0	0.0
-eri	0.305171830346	0.268014478325	0.0526332847643	0.374180406565
-iwa	0.172413793104	0.758620689655	0.0689655172414	0.0
-ìni	0.707547169811	0.17409948542	0.0591766723842	0.0591766723842
-nnu	0.15973308172	0.184390256888	0.0866216467243	0.569255014668
-rah	0.0618556701031	0.835051546392	0.020618556701	0.0824742268041
-nmí	0.708477051285	0.126564112893	0.101513129736	0.0634457060853
-era	0.179487179487	0.141025641026	0.628205128205	0.051282051282
-hde	0.0	0.0	1.0	0.0
-uja	0.0	1.0	0.0	0.0
-ere	0.558525281071	0.269780609868	0.100674323575	0.0710197854862
-aho	0.54211833785	0.265921409214	0.141711833785	0.0502484191508
-swe	0.210726801767	0.665854030169	0.10284930672	0.0205698613439
-ugu	0.0765550239234	0.722488038278	0.138755980861	0.0622009569378
-orá	0.461538461538	0.358974358974	0.179487179487	0.0
-swa	0.452374262433	0.35455886485	0.054790671537	0.13827620118
-azu	0.119318181818	0.835227272727	0.0113636363636	0.0340909090909
-edé	0.390243902439	0.121951219512	0.0	0.487804878049
-swi	0.181374380601	0.360967140184	0.186269523347	0.271388955868
-ozo	0.0747996762814	0.776944059266	0.142987226483	0.00526903797009
-ākā	0.152705061082	0.343368237347	0.442844677138	0.0610820244328
-pou	0.568965517241	0.396551724138	0.0	0.0344827586207
-m'ḿ	0.612403100775	0.364341085271	0.0232558139535	0.0
-pón	0.321428571429	0.678571428571	0.0	0.0
-uge	0.145031804219	0.797183870636	0.0164445510295	0.0413397741158
-azo	0.415595984335	0.296561147802	0.131662752799	0.156180115064
-pon	0.132496086246	0.691170653265	0.102422146071	0.0739111144176
-nri	0.542600896861	0.213253612357	0.112605879422	0.13153961136
-cón	0.291817416991	0.299638199221	0.191765731166	0.216778652622
-cán	0.137931034483	0.613793103448	0.165517241379	0.0827586206897
-aze	0.122344151296	0.701144057903	0.142890497315	0.0336212934859
-nre	0.675756456298	0.225132596779	0.0674391291739	0.0316718177497
-poa	0.547738693467	0.422110552764	0.0301507537688	0.0
-pof	0.386266094421	0.613733905579	0.0	0.0
-aza	0.384152994369	0.46894718885	0.0917560835434	0.0551437332375
-nra	0.541821214743	0.00793237068463	0.000113644279149	0.450132770293
-lad	0.1	0.566666666667	0.3	0.0333333333333
-foa	0.306975598744	0.136546473208	0.146530670881	0.409947257167
-wèn	0.547986736144	0.405873993368	0.016295594505	0.029843675983
-uju	0.338202020813	0.61070154287	0.0303218534785	0.020774582838
-tài	0.464285714286	0.452380952381	0.0357142857143	0.047619047619
-ri'	0.583333333333	0.138888888889	0.0	0.277777777778
-iko	0.0864020974854	0.350375402217	0.537301871052	0.0259206292456
-lam	0.0	1.0	0.0	0.0
-adō	0.381900452489	0.225339366516	0.229864253394	0.162895927602
-hia	0.525318979266	0.277312599681	0.100677830941	0.0966905901117
-wèa	0.325248070562	0.463065049614	0.0793825799338	0.13230429989
-fon	0.426124727074	0.451341279219	0.0670107778085	0.0555232158985
-lak	0.0455022751138	0.954497724886	0.0	0.0
-lat	0.0	0.878787878788	0.121212121212	0.0
-aal	0.168067226891	0.739495798319	0.0672268907563	0.0252100840336
-iku	0.167326379207	0.0601901644161	0.0134164124607	0.759067043916
-nok	0.0395480225989	0.960451977401	0.0	0.0
-iks	0.0	0.846153846154	0.153846153846	0.0
--na	0.507886435331	0.444794952681	0.0	0.0473186119874
-non	0.0	0.96	0.04	0.0
-las	0.015	0.981	0.003	0.001
-áco	0.690789473684	0.111842105263	0.157894736842	0.0394736842105
-uji	0.661680661681	0.257139257139	0.04068004068	0.0405000405
-uzo	0.324343257443	0.533099824869	0.0584938704028	0.0840630472855
--ni	0.091638383215	0.908361616785	0.0	0.0
-suu	0.0421990917558	0.136859713537	0.719261586331	0.101679608376
-gei	0.511803588291	0.275731822474	0.0821529745042	0.130311614731
-dou	0.23115727003	0.503363006924	0.0496538081108	0.215825914936
-boa	0.280295635197	0.487379723888	0.194672988425	0.0376516524892
-awí	0.229166666667	0.770833333333	0.0	0.0
-pya	0.499860448083	0.354355391141	0.0230381662394	0.122745994537
-gea	0.513014386291	0.321109870854	0.0766084022923	0.0892673405629
-aha	0.0	1.0	0.0	0.0
-boi	0.458536585366	0.468292682927	0.0585365853658	0.0146341463415
-gee	0.142486085343	0.0846011131725	0.00890538033395	0.76400742115
-sán	0.165517241379	0.662068965517	0.172413793103	0.0
-àji	0.334249977823	0.341080457731	0.235252372926	0.0894171915196
-bou	0.578191762092	0.18065287985	0.08716458725	0.153990770808
-ùri	0.378958120531	0.351378958121	0.0367722165475	0.232890704801
-dei	0.663184079602	0.118407960199	0.0388059701493	0.17960199005
-myi	0.323329013752	0.300878982552	0.112148612102	0.263643391594
-pyi	0.438873470131	0.243277674144	0.193639383047	0.124209472678
-dom	0.00471846492607	0.98427178358	0.0110097514942	0.0
-bòn	0.295774647887	0.183098591549	0.352112676056	0.169014084507
-geu	0.533807829182	0.256227758007	0.085409252669	0.124555160142
-ahu	0.887096774194	0.0774193548387	0.0	0.0354838709677
-sas	0.0384615384615	0.961538461538	0.0	0.0
-e'a	0.307692307692	0.346153846154	0.307692307692	0.0384615384615
-bàí	0.367346938776	0.454081632653	0.178571428571	0.0
-vou	0.508047780534	0.276231209192	0.0463126992965	0.169408310978
-sau	0.601882722102	0.0930154372005	0.0605580926232	0.244543748074
-adā	0.149046793761	0.757365684575	0.0727902946274	0.0207972270364
-bàá	0.364745568076	0.436302303883	0.0	0.198952128041
-ibu	0.453125	0.34375	0.171875	0.03125
-doa	0.153328593754	0.49769174807	0.0340296651286	0.314949993047
-lfa	0.0138991028093	0.986100897191	0.0	0.0
-don	0.0604204107075	0.72719176579	0.022663238072	0.18972458543
-saa	0.358028960858	0.376904070111	0.0877906125245	0.177276356507
-akì	0.144688644689	0.851648351648	0.003663003663	0.0
-ibi	0.349424027117	0.0880351863666	0.0133055493133	0.549235237203
-tōn	0.0383877159309	0.692471742376	0.265941565366	0.00319897632758
-olo	0.204470572358	0.727242266722	0.0445882177743	0.0236989431458
-ibe	0.157779142462	0.104161544265	0.0432580295777	0.694801283695
-sai	0.397428060937	0.303559337973	0.0414707541847	0.257541846906
-san	0.154005372177	0.325153897973	0.359608864012	0.161231865837
-von	0.0667273071211	0.846618556784	0.0756664077373	0.0109877283576
-gbu	0.368556311413	0.554799697657	0.0455026455027	0.0311413454271
-ocu	0.318327974276	0.414790996785	0.0739549839228	0.192926045016
-ìma	0.621212121212	0.181818181818	0.121212121212	0.0757575757576
-ùbe	0.216884198834	0.566509302971	0.18328242155	0.0333240766454
-fyi	0.13581569468	0.475542471312	0.369836583975	0.0188052500327
-iel	0.158121148704	0.810254621556	0.0316242297407	0.0
-loi	0.161033797217	0.745526838966	0.0695825049702	0.0238568588469
-ìmi	0.485916510183	0.120034667052	0.042178246425	0.35187057634
-fya	0.027027027027	0.891891891892	0.0540540540541	0.027027027027
-àmà	0.238151194673	0.672248335292	0.0132197414806	0.0763807285547
-àmá	0.210524947053	0.57825300342	0.129661060106	0.0815609894213
-kii	0.373158756138	0.494271685761	0.088379705401	0.0441898527005
-fye	0.328701197844	0.226743228297	0.167898242063	0.276657331796
-ámi	0.476607027916	0.263425502312	0.159084571055	0.100882898718
-do'	0.0	0.919523099851	0.0	0.080476900149
-àná	0.719178082192	0.280821917808	0.0	0.0
-pyu	0.133111523492	0.788406048119	0.0597039290749	0.0187784993138
-hai	0.523230879199	0.127948534668	0.231593995711	0.117226590422
-áma	0.250578257517	0.166538164996	0.0185042405551	0.564379336931
-lot	0.0355746848786	0.811585928236	0.152839386886	0.0
-doi	0.0184962042035	0.878740948868	0.00840736554704	0.0943554813815
-ēin	0.597381779321	0.402618220679	0.0	0.0
-kaf	0.402761795167	0.470655926352	0.0230149597238	0.103567318757
-ipi	0.189134808853	0.23138832998	0.523138832998	0.056338028169
-swā	0.111111111111	0.320987654321	0.543209876543	0.0246913580247
-éri	0.573770491803	0.311475409836	0.0163934426229	0.0983606557377
-iká	0.538554639621	0.207120520838	0.0732373640409	0.1810874755
-sar	0.0275668730288	0.930148347156	0.0402990304871	0.00198574932835
-kòn	0.133858267716	0.393700787401	0.472440944882	0.0
-ipa	0.0266441530622	0.137810009214	0.0312328683118	0.804312969412
-̀ma	0.0	0.759960809928	0.18288700196	0.0571521881123
-hún	0.323076923077	0.407692307692	0.269230769231	0.0
-imi	0.163403491725	0.109768438573	0.0326901196315	0.694137950071
-ewe	0.338669950739	0.502463054187	0.0997536945813	0.0591133004926
-byè	0.168076398363	0.22619372442	0.566439290587	0.0392905866303
-ābà	0.102803738318	0.843517852864	0.0335490055117	0.020129403307
-āku	0.341928251121	0.389013452915	0.144618834081	0.124439461883
-īna	0.926650366748	0.0488997555012	0.0	0.0244498777506
-ikù	0.313953488372	0.441860465116	0.139534883721	0.104651162791
-pèn	0.743362831858	0.0265486725664	0.230088495575	0.0
-yet	0.0	1.0	0.0	0.0
-awi	0.112744823988	0.814576694434	0.0344756899797	0.0382027915991
-pyó	0.432661717921	0.433722163309	0.0604453870626	0.0731707317073
-ájè	0.144736842105	0.697368421053	0.105263157895	0.0526315789474
-kàn	0.424946222666	0.219252141368	0.235794760067	0.120006875899
-hwo	0.666666666667	0.235555555556	0.0977777777778	0.0
-oka	0.341244278691	0.270427191049	0.271783353111	0.116545177149
-awa	0.0480495540742	0.822420052159	0.103311102605	0.0262192911621
-yài	0.502612826603	0.180522565321	0.12541567696	0.191448931116
-àmí	0.724489795918	0.0	0.147959183673	0.127551020408
-swī	0.443165845387	0.405904834294	0.0458098027903	0.105119517529
-pyà	0.294513955727	0.623676612127	0.0327237728585	0.0490856592878
-ùrí	0.443181818182	0.454545454545	0.0454545454545	0.0568181818182
-pbe	0.552	0.216	0.096	0.136
-eda	0.0	1.0	0.0	0.0
-too	0.399716950321	0.334579235766	0.0633232935371	0.202380520376
-èdè	0.239436619718	0.591549295775	0.0704225352112	0.0985915492958
-anè	0.807692307692	0.153846153846	0.0384615384615	0.0
-pyì	0.219178082192	0.150684931507	0.630136986301	0.0
-npo	0.139364303178	0.850855745721	0.00977995110024	0.0
-awu	0.330478229836	0.561027837259	0.0599571734475	0.0485367594575
-bài	0.511806699616	0.316858868753	0.0845689181768	0.0867655134541
-nyā	0.601020508292	0.249828279855	0.0264939652635	0.12265724659
-zēn	0.487272727273	0.316363636364	0.174545454545	0.0218181818182
-bàn	0.182587205657	0.677842823732	0.0355167940639	0.104053176547
-bàa	0.366443344014	0.300320419458	0.115351004952	0.217885231576
-àzo	0.531605562579	0.303413400758	0.125158027813	0.0398230088496
-adí	0.357142857143	0.357142857143	0.285714285714	0.0
-eci	0.548507462687	0.179104477612	0.10447761194	0.167910447761
-hón	0.550561797753	0.262172284644	0.10861423221	0.0786516853932
-kùa	0.622568093385	0.330739299611	0.0311284046693	0.0155642023346
-yau	0.431927517091	0.409493308515	0.0301099698216	0.128469204572
-asē	0.332717190388	0.390018484288	0.199630314233	0.0776340110906
-sti	0.0152327640655	0.949579138131	0.00551792085843	0.029670176945
-ngi	0.0994434137291	0.542857142857	0.324304267161	0.0333951762522
-àdo	0.0912547528517	0.885931558935	0.0228136882129	0.0
-anu	0.230323301818	0.594407139828	0.0500519279871	0.125217630368
-bàu	0.270198404582	0.331765187155	0.0490897934138	0.34894661485
-kùn	0.280668257757	0.30692124105	0.0515513126492	0.360859188544
-fyé	0.415384615385	0.184615384615	0.338461538462	0.0615384615385
-àmi	0.422360294554	0.142971672902	0.0290991151494	0.405568917394
-cui	0.457891453525	0.26356830942	0.12850904554	0.150031191516
-voa	0.157691257835	0.468714239221	0.0492908210938	0.324303681851
