-ꞌol	0.804177545692	0.154046997389	0.041775456919	0.0
-ꞌom	0.0984229980361	0.7694690486	0.0858405847661	0.0462673685976
-ꞌoj	0.388781431335	0.340425531915	0.0	0.27079303675
-can	0.375150300601	0.624849699399	0.0	0.0
-cam	0.531092267313	0.271047849788	0.0666262870988	0.131233595801
-cas	0.514074056107	0.32780511894	0.119402033235	0.0387187917175
-car	0.0	0.978991596639	0.0	0.0210084033614
-ive	0.17000707654	0.648775094559	0.122016507505	0.0592013213962
-rbe	0.0299401197605	0.97005988024	0.0	0.0
-ꞌoy	0.131979695432	0.796229151559	0.0717911530094	0.0
-caz	0.0	1.0	0.0	0.0
-nós	0.0	1.0	0.0	0.0
-ꞌos	0.30690518611	0.545182025639	0.0629393307021	0.0849734575493
-ivo	0.0949541284403	0.775688073395	0.104587155963	0.0247706422018
-oye	0.330541596873	0.170072585148	0.491345616974	0.00804020100502
-len	0.535756131268	0.188139253138	0.0679834787925	0.208121136801
-oya	0.370946822309	0.494974059663	0.113651102464	0.0204280155642
-dío	0.243888987374	0.468494553763	0.208690342532	0.0789261163309
-oyn	0.281586748655	0.171549856756	0.024980529075	0.521882865514
-sma	0.307692307692	0.338461538462	0.292307692308	0.0615384615385
-wüs	0.177700348432	0.627177700348	0.16724738676	0.0278745644599
-lea	0.00924595547759	0.979371536265	0.0081170345767	0.00326547368028
-ufo	0.0	0.943396226415	0.0566037735849	0.0
-aum	0.0247995524893	0.961775125862	0.00671266082417	0.00671266082417
-nsa	0.60004726537	0.127346698855	0.0286337094479	0.243972326327
-ünǘ	0.533697272617	0.35076862359	0.0844907197575	0.0310433840357
-nto	0.0996968676322	0.698214887167	0.0360390703941	0.166049174806
-nta	0.175556468167	0.204236055954	0.0456360393325	0.574571436547
-ejé	0.640012879245	0.150424960737	0.0237036523799	0.185858507638
-sün	0.792890262751	0.10200927357	0.0540958268933	0.0510046367851
-nte	0.13231671665	0.497679295335	0.0640967078251	0.305907280191
-bbí	0.0130505709625	0.938009787928	0.0	0.0489396411093
-uan	0.0363305632167	0.91574657062	0.00909057918421	0.0388322869792
-eꞌé	0.604855588112	0.300962745919	0.0690665550439	0.025115110925
-süp	0.705493272019	0.156039841612	0.0472521988041	0.0912146875649
-eus	0.0	1.0	0.0	0.0
-süs	0.219973824341	0.290268671726	0.252775575528	0.236981928405
-pul	0.491206030151	0.37688442211	0.113065326633	0.0188442211056
-nan	0.529520110671	0.350554579269	0.0478977921831	0.0720275178769
-ꞌta	0.386940955801	0.491220808991	0.0216883271684	0.10014990804
-eꞌá	0.206530675087	0.0514826994193	0.0433640195563	0.698622605937
-dro	0.0299631725101	0.910579643159	0.00565220296698	0.0538049813635
-eña	0.540384615385	0.373076923077	0.0692307692307	0.0173076923077
-üsa	0.49170070479	0.313325194962	0.0482154980674	0.146758602181
-pre	0.00438917337234	0.980248719824	0.00658376005852	0.0087783467447
-ará	0.0652173913043	0.926630434783	0.0	0.00815217391304
-nma	0.111193703096	0.869988900995	0.0188173959086	0.0
-üjü	0.404125952835	0.405134702319	0.163406441053	0.0273329037928
-más	0.203709863731	0.0847368236952	0.208549309393	0.503004003181
-aré	0.0	1.0	0.0	0.0
-opo	0.039190897598	0.90012642225	0.0606826801517	0.0
-opj	0.40254986192	0.20476654773	0.0942082760336	0.298475314317
-mán	0.0292839903459	0.677876106195	0.292839903459	0.0
-üjí	0.344320651689	0.217259680838	0.0480382138551	0.390381453618
-ope	0.0573819485953	0.918708906157	0.0143454871488	0.00956365809923
-opa	0.0344180151035	0.217280700078	0.0149470018001	0.733354283019
-dea	0.0469283843608	0.913920314806	0.0143576926656	0.0247936081679
-dec	0.0805590379347	0.877373821795	0.0337094302828	0.00835770998746
-deo	0.000774593338496	0.999225406662	0.0	0.0
-der	0.691828292742	0.270731971401	0.0303983924129	0.00704134344362
-des	0.0296431421731	0.883855888724	0.0465739368373	0.0399270322654
-niꞌ	0.294642857143	0.473214285714	0.1875	0.0446428571428
-msu	0.0477014400936	0.815032697137	0.0962724376891	0.0409934250806
-vin	0.222249967325	0.134100666743	0.114739851656	0.528909514277
-pje	0.0677936906344	0.135095231065	0.786775924012	0.0103351542891
-imo	0.114075436983	0.634161300215	0.101502606562	0.15026065624
-nsü	0.649216208222	0.205856255546	0.0124223602485	0.132505175983
-ecj	0.384686265031	0.298016812097	0.0945951444131	0.222701778458
-lla	0.162464985994	0.774524546661	0.0355889724311	0.0274214949138
-obo	0.00229057591623	0.994764397906	0.00098167539267	0.00196335078534
-rpo	0.0	0.937238493724	0.0	0.0627615062762
-rpa	0.0945798472171	0.887231720626	0.0181884321572	0.0
-ꞌam	0.313816343724	0.305812973884	0.224936815501	0.155433866891
-ꞌan	0.559126594636	0.293956218766	0.0463733019149	0.100543884683
-llo	0.0856842803193	0.821815644336	0.0827632253083	0.00973685003627
-oyé	0.5581373012	0.393166155742	0.0337129913476	0.0149835517101
-ida	0.0235131396957	0.973720608575	0.0	0.00276625172891
-sꞌü	0.221691678036	0.778308321964	0.0	0.0
-ꞌas	0.470529110769	0.267336427964	0.0453824892203	0.216751972047
-üpǘ	0.514469315073	0.446389553189	0.0180651377252	0.0210759940127
-lda	0.0	0.860103626943	0.139896373057	0.0
-eja	0.0623737013746	0.905220367679	0.0168716592865	0.0155342716602
-ter	0.0428571428571	0.94	0.0171428571429	0.0
-uta	0.149029430182	0.742016280526	0.108954289292	0.0
-ria	0.078407872327	0.89825269665	0.00546689375303	0.0178725372695
-utj	0.329968111933	0.59201508568	0.0331867164186	0.0448300859688
-rio	0.0450619601953	0.834303417199	0.11218550507	0.00844911753661
-ües	0.0116196879579	0.956658908715	0.0239270560967	0.0077943472306
-üwǘ	0.42469026874	0.450696665564	0.0519686776221	0.072644388074
-ejo	0.365426695842	0.582056892779	0.0262582056893	0.0262582056893
-nar	0.603079107684	0.332132265435	0.0455765849545	0.0192120419265
-ris	0.018691588785	0.981308411215	0.0	0.0
-ꞌtá	0.210201462858	0.692058657857	0.0258835002337	0.0718563790513
-tel	0.141538205875	0.797624332867	0.0457301092645	0.015107351994
-tem	0.463845111455	0.332515571321	0.067879772408	0.135759544816
-ten	0.25	0.652777777778	0.0972222222222	0.0
-eꞌe	0.472631523385	0.225257073613	0.199570690563	0.102540712439
-jin	0.337970854336	0.143067965826	0.0527455714495	0.466215608388
-luy	0.662511542013	0.337488457987	0.0	0.0
-jil	0.616184819918	0.0799481536563	0.0128445599562	0.291022466469
-jim	0.259076601162	0.502007783184	0.11810845053	0.120807165125
-ara	0.136612981086	0.801509632685	0.0289638829157	0.0329135033133
-mes	0.105583115407	0.589117790573	0.0704335486607	0.23486554536
-lus	0.517781190926	0.25206758034	0.0416469754253	0.188504253308
-mey	0.806574604973	0.0229007758189	0.00235047164499	0.168174147563
-rón	0.078744863711	0.894089581654	0.0105734194689	0.0165921351665
-lul	0.39200731989	0.47414758825	0.13384509186	0.0
-opé	0.119939740168	0.118206902964	0.0479028143005	0.713950542567
-lun	0.122584541063	0.825483091787	0.0301932367149	0.0217391304348
-cja	0.505085586703	0.142644505086	0.19970230712	0.152567601092
-mel	0.148348157766	0.659361388152	0.147496493931	0.0447939601507
-meo	0.0569105691057	0.926829268293	0.0	0.0162601626016
-men	0.0758338848014	0.810314520654	0.0179055816584	0.0959460128863
-mei	0.0	1.0	0.0	0.0
-jis	0.0761885044503	0.0676756131087	0.0104226136629	0.845713268778
-üsü	0.760903185895	0.109088837156	0.0361404594071	0.0938675175411
-nwa	0.247802414382	0.476861569639	0.200643798879	0.0746922171009
-aya	0.310108942736	0.244874867383	0.0866749524931	0.358341237387
-ayo	0.0123966942149	0.987603305785	0.0	0.0
-ꞌsa	0.505617873591	0.316868706131	0.0514563776919	0.126057042586
-era	0.128199998013	0.801408706782	0.0466505548324	0.0237407403727
-ayá	0.526288710896	0.333047767996	0.0568960768536	0.0837674442544
-bás	0.0621546961326	0.918508287293	0.00828729281769	0.0110497237569
-in̈	0.407381877453	0.320676520594	0.185130772227	0.0868108297266
-aón	0.0924092409241	0.894389438944	0.013201320132	0.0
-cta	0.564760302775	0.218250630782	0.196804037006	0.0201850294365
-sꞌé	0.290726817043	0.563909774436	0.135338345865	0.0100250626566
-dán	0.0301121195942	0.950667378537	0.0153764014949	0.00384410037373
-xad	0.0	1.0	0.0	0.0
-ota	0.158176898924	0.799736121317	0.0350724831318	0.00701449662638
-tán	0.0	1.0	0.0	0.0
-ija	0.230029830958	0.71826317534	0.0119323831621	0.0397746105402
-ütꞌ	0.352367008297	0.211322596388	0.288677403611	0.147632991703
-sus	0.188619930839	0.638478465891	0.106884627476	0.0660169757938
-otj	0.714280125196	0.191431924883	0.0399061032864	0.0543818466354
-iji	0.638070044531	0.133694630946	0.0264129691179	0.201822355405
-nuc	0.734510756917	0.11642937813	0.034549200671	0.114510664282
-ume	0.0708417375905	0.787720765484	0.119053475673	0.0223840212525
-evá	0.431818181818	0.568181818182	0.0	0.0
-ün̈	0.53501351372	0.330421902915	0.0890989326451	0.04546565072
-eví	0.0388519337667	0.93277438127	0.0248416909842	0.00353199397879
-umi	0.0952380952381	0.714285714286	0.0634920634921	0.126984126984
-evé	0.0	0.77678033498	0.188878178094	0.0343414869261
ALL	0.231571996898	0.277026272628	0.0535578540684	0.437843876406
-un̈	0.48509217369	0.376042967899	0.0491365583339	0.0897283000769
-nam	0.358868570129	0.0739719264208	0.0488546699516	0.518304833498
-sis	0.0831831963566	0.854383988195	0.0271584114218	0.0352744040267
-feo	0.0	1.0	0.0	0.0
-aús	0.153846153846	0.807692307692	0.0384615384615	0.0
-üné	0.066508364428	0.428703764915	0.185941848334	0.318846022323
-zus	0.376744186046	0.517829457364	0.0217054263566	0.0837209302325
-lar	0.59778597786	0.369003690037	0.0332103321033	0.0
-nay	0.510288602061	0.199606899065	0.00868576343933	0.281418735435
-sio	0.031746031746	0.968253968254	0.0	0.0
-sin	0.210795844307	0.151808523708	0.0211700568322	0.616225575152
-sil	0.196648044693	0.659217877095	0.0402234636871	0.103910614525
-üná	0.393709023189	0.280347287771	0.0739814791193	0.25196220992
-nas	0.259174376003	0.246119855759	0.0527731175557	0.441932650683
-sia	0.0160927496107	0.981571206091	0.000778681432776	0.00155736286555
-acꞌ	0.559398924994	0.322023975099	0.0135432848468	0.105033815061
-ysa	0.14371257485	0.11377245509	0.634730538922	0.107784431138
-nwá	0.273692555454	0.0463260632012	0.0184758331395	0.661505548205
-mos	0.119137449011	0.85232912393	0.00765655466707	0.0208768723922
-mor	0.0	0.960784313725	0.0392156862745	0.0
-ayé	0.542821275984	0.180154296049	0.0515459991073	0.22547842886
-ona	0.405039624573	0.38367350502	0.0717759587083	0.139510911698
-gog	0.041237113402	0.938144329897	0.020618556701	0.0
-ꞌsá	0.361561071896	0.4438413182	0.125512240125	0.0690853697784
-dam	0.0	1.0	0.0	0.0
-wus	0.276686978109	0.562401263823	0.121868652674	0.0390431053938
-mon	0.737781985675	0.155250365269	0.0298448684913	0.077122780565
-atꞌ	0.599124965819	0.309767071867	0.0167797747781	0.0743281875357
-mol	0.0153521974714	0.974262492474	0.00993377483443	0.00045153521975
-ayú	0.125980168283	0.811029747575	0.0199129943415	0.0430770898
-üil	0.549168163712	0.315629149418	0.00874794969929	0.126454737171
-col	0.401773850651	0.484287802285	0.0594605368057	0.0544778102578
-üin	0.113924050633	0.810126582278	0.0759493670886	0.0
-con	0.189744437101	0.433795990306	0.224443710068	0.152015862525
-ꞌel	0.387696225381	0.402701221674	0.17672372111	0.0328788318345
-cté	0.716564417178	0.193728698023	0.0782549420586	0.0114519427403
-yas	0.475179730267	0.26714013904	0.0910286187237	0.16665151197
-ber	0.0	1.0	0.0	0.0
-bes	0.524390243902	0.158536585366	0.317073170732	0.0
-ꞌec	0.863636363636	0.113636363636	0.0227272727273	0.0
-yay	0.541666666667	0.208333333333	0.25	0.0
-eor	0.0724637681159	0.927536231884	0.0	0.0
-bet	0.0270098506514	0.892913886241	0.00762631077216	0.0724499523356
-cob	0.00575631595779	0.992324912056	0.000959385992962	0.000959385992964
-ꞌey	0.0698826969016	0.895175954648	0.0349413484508	0.0
-coy	0.272144993111	0.633639001555	0.0212394462891	0.0729765590447
-cor	0.0	1.0	0.0	0.0
-yac	0.596515543621	0.244075449634	0.0267939319784	0.132615074767
-süm	0.665757162347	0.260572987722	0.0	0.0736698499317
-yam	0.548978581447	0.366629993484	0.0302686583977	0.0541227666714
-yal	0.745316859307	0.20207253886	0.0263053009167	0.0263053009167
-ꞌes	0.528208961475	0.306469308373	0.0362018387194	0.129119891432
-rla	0.0	0.981610134859	0.006129955047	0.012259910094
-etꞌ	0.232209737828	0.397003745318	0.280898876405	0.0898876404495
-üis	0.384598239162	0.209740332107	0.3588543408	0.0468070879305
-iso	0.396929824561	0.491228070175	0.0197368421053	0.0921052631579
-com	0.663738907935	0.336261092065	0.0	0.0
-ijá	0.507723161316	0.248312640792	0.0738031571888	0.170161040703
-üim	0.0610268854665	0.426347276615	0.205329040628	0.30729679729
-oté	0.899769289926	0.069469366829	0.023071007434	0.00769033581133
-ise	0.511177347243	0.141579731744	0.0611028315946	0.286140089419
-rea	0.0585794483768	0.872345618745	0.0141567000244	0.0549182328533
-lya	0.338824410333	0.341766058726	0.0572284323688	0.262181098572
-red	0.0	1.0	0.0	0.0
-eve	0.150797486709	0.0782986950217	0.205896568391	0.565007249879
-eva	0.232	0.648	0.096	0.024
-res	0.0185795624813	0.56907401858	0.269103985616	0.143242433323
-üsǘ	0.063671945992	0.796133107105	0.0419574516387	0.0982374952643
-upj	0.0460924100497	0.0662472502531	0.00481520986023	0.882845129837
-sán	0.135135135135	0.783783783784	0.054054054054	0.027027027027
-ret	0.0285345757983	0.955671378557	0.00236910684672	0.0134249387981
-ꞌem	0.434782608696	0.444307258136	0.0899550224887	0.03095511068
-may	0.063164475727	0.817566056857	0.0179150817779	0.101354385639
-jus	0.367465505381	0.0655258246609	0.0149737919502	0.552034878008
-hab	0.064	0.904	0.016	0.016
-ꞌtǘ	0.578379438886	0.293702177752	0.0490484598784	0.0788699234844
-ꞌen	0.555660064597	0.144324555257	0.0236854247484	0.276329955398
-avo	0.118394494472	0.786555532194	0.0628506338331	0.0321993395007
-mas	0.377557948704	0.482849916363	0.0215632777185	0.118028857214
-mar	0.317475270843	0.589260480452	0.0650023551578	0.0282618935469
-ham	0.0308936568949	0.929868607696	0.0317750736394	0.00746266177015
-atá	0.475609756098	0.378048780488	0.0121951219512	0.134146341463
-ntǘ	0.408735724304	0.471634307607	0.0199383280148	0.099691640074
-mam	0.210106382979	0.579787234043	0.204787234043	0.00531914893617
-mal	0.356942472765	0.51154143705	0.0328586435428	0.0986574466416
-man	0.72729667782	0.178544142055	0.0322417472403	0.0619174328846
-üna	0.268143679225	0.241948362462	0.106893438211	0.383014520102
-jui	0.242857142857	0.671428571429	0.0857142857143	0.0
-jun	0.131381586046	0.577763751762	0.0941062830567	0.196748379136
-jul	0.0796388867381	0.804379922229	0.0313264048652	0.084654786168
-jum	0.566394797328	0.162942492332	0.0394105483253	0.231252162015
-aán	0.0688073394495	0.786697247707	0.130733944954	0.0137614678899
-una	0.374393247256	0.464674243518	0.0823327399005	0.0785997693257
-̈cá	0.213836477988	0.748427672956	0.0	0.0377358490566
-ücj	0.194433373551	0.21782045125	0.205324780104	0.382421395095
-aꞌí	0.270057585291	0.291899856873	0.427057164536	0.0109853933
-pta	0.655503256091	0.306804223566	0.0168966470506	0.020795873293
-aꞌé	0.38765153651	0.333239357203	0.143783478996	0.135325627291
-pto	0.00235577426448	0.969008480787	0.0145010993613	0.0141346455869
-unu	0.66576819407	0.196765498652	0.0323450134771	0.1051212938
-vya	0.441011378003	0.248647281922	0.0326675094817	0.277673830594
-̈có	0.423321156263	0.340164472238	0.0810616029814	0.155452768517
-aꞌá	0.279789460166	0.323610115667	0.125723164552	0.270877259615
-nla	0.716828179841	0.129093276317	0.0193183584604	0.134760185381
-nyá	0.243299722266	0.512009196934	0.173430961219	0.0712601195816
-tra	0.0459707950243	0.910762574365	0.0378583017847	0.00540832882639
-asá	0.0871463669531	0.0857861008112	0.0784723092623	0.748595222973
-ada	0.104900579302	0.782370439956	0.0962893377172	0.0164396430249
-qué	0.453365527514	0.387349341126	0.0730529720346	0.0862321593257
-ado	0.01184566787	0.968524368231	0.00304602888087	0.0165839350181
-así	0.28903179707	0.356198642372	0.130046445159	0.224723115398
-uya	0.886711908932	0.10015323993	0.00985113835376	0.00328371278459
-gai	0.0	1.0	0.0	0.0
-drú	0.264663805436	0.471002531088	0.0277319247276	0.236601738748
-lal	0.0213785291448	0.0397918868003	0.00578068313846	0.933048900916
-gau	0.0	1.0	0.0	0.0
-gas	0.0	1.0	0.0	0.0
-gar	0.211267605634	0.760563380282	0.0281690140845	0.0
-sjo	0.911088911089	0.0889110889111	0.0	0.0
-lan	0.237716540914	0.648474514991	0.0346861735918	0.0791227705033
-seo	0.136060072433	0.767186098282	0.0136060072432	0.0831478220421
-sꞌu	0.164215954229	0.462264494734	0.328878320761	0.0446412302759
-sem	0.704027301899	0.0822789016098	0.0253042388645	0.188389557627
-lao	0.415384615385	0.492307692308	0.0	0.0923076923077
-bel	0.0636593537786	0.896827943876	0.0307321018242	0.00878060052119
-ino	0.073590504451	0.832640949555	0.0866468842729	0.00712166172107
-ꞌná	0.525179514005	0.250249655238	0.0593228398878	0.16524799087
-uip	0.110025250698	0.847674434843	0.0328804965336	0.00941981792584
-uis	0.0398809352002	0.220720621187	0.00925282618572	0.730145617427
-ine	0.461047700787	0.382069620751	0.041650662832	0.11523201563
-sea	0.0189873417722	0.981012658228	0.0	0.0
-món	0.0128079809102	0.974326538826	0.00603743207889	0.00682804818446
-sꞌe	0.240750789555	0.699676370351	0.0497351233814	0.00983771671279
-ꞌnú	0.488023952096	0.467065868263	0.0269461077844	0.0179640718563
-uim	0.0	1.0	0.0	0.0
-uil	0.766859254156	0.093386138459	0.0215756541951	0.11817895319
-sey	0.273702545304	0.479208803359	0.0465933321286	0.200495319209
-uin	0.164914497292	0.253192073239	0.517536552477	0.064356876992
-sev	0.687203791469	0.156398104265	0.0710900473934	0.085308056872
-ꞌnó	0.377531679524	0.329775220621	0.0169677159336	0.275725383922
-set	0.0	1.0	0.0	0.0
-ses	0.418703031762	0.483964162267	0.0402400646592	0.0570927413114
-sꞌi	0.421419078902	0.237784071125	0.135457531512	0.205339318461
-blo	0.0675579505751	0.820727920364	0.0299787245366	0.0817354045246
-ozá	0.52380952381	0.15873015873	0.15873015873	0.15873015873
-swá	0.147049286093	0.110409634219	0.193694730398	0.54884634929
-són	0.017670157068	0.980366492147	0.0	0.00196335078534
-ena	0.165000715962	0.672646727715	0.017111185359	0.145241370964
-isí	0.39124750996	0.312624501992	0.132096613546	0.164031374502
-bla	0.327434496745	0.474093094763	0.0309116482942	0.167560760198
-nes	0.275810350608	0.61879554638	0.0623048012281	0.0430893017839
-rso	0.0159786950732	0.962716378162	0.0213049267643	0.0
-nen	0.16435662406	0.649211836722	0.151395012	0.0350365272184
-pel	0.261049085901	0.63845203389	0.0244026613807	0.0760962188279
-nás	0.0684885963163	0.909036505087	0.0113039430813	0.0111709555157
-nem	0.275891349316	0.285976749002	0.0747362939976	0.363395607684
-cos	0.273229576487	0.617565378385	0.042958805832	0.0662462392965
-ias	0.109870477892	0.861545332738	0.0107190710138	0.0178651183564
-iar	0.11397234144	0.760610395803	0.0632649817199	0.0621522810364
-ooz	0.0322580645161	0.967741935484	0.0	0.0
-ban	0.152819548872	0.720676691729	0.0464285714286	0.0800751879699
-win	0.521367521368	0.185592185592	0.0732600732601	0.21978021978
-joy	0.653920933247	0.174983797796	0.155541153597	0.0155541153597
-jos	0.385910853557	0.239962956749	0.0857749186052	0.288351271089
-jol	0.520866738895	0.255153485013	0.176959191044	0.0470205850487
-jom	0.151899736895	0.73627162719	0.0355562802748	0.0762723556406
-jon	0.384514435695	0.509186351706	0.0984251968504	0.00787401574804
-unú	0.458678723939	0.2236875157	0.235995980909	0.0816377794524
-gua	0.192504790339	0.767390045007	0.00802103293081	0.0320841317232
-wya	0.10361395446	0.755796950073	0.0338416544809	0.106747440986
-aꞌa	0.424806424672	0.32677465677	0.0643520986979	0.18406681986
-nlá	0.214659685864	0.652356020942	0.0439790575916	0.0890052356021
-nya	0.277645410825	0.312481716366	0.360229328529	0.0496435442799
-que	0.308603916854	0.220362116474	0.0378950817518	0.433138884921
-ené	0.525076706355	0.424133073464	0.0102275139422	0.0405627062388
-asa	0.43049793342	0.155199885007	0.143794856998	0.270507324575
-qui	0.153543307087	0.557742782152	0.203412073491	0.0853018372703
-yes	0.500109325471	0.259633724302	0.149379616807	0.090877333419
-ꞌis	0.471206396272	0.363394771805	0.0626208387624	0.10277799316
-ꞌil	0.159823316006	0.778404482102	0.0441230013514	0.0176492005406
-üma	0.311523389057	0.518329282207	0.0868098616003	0.0833374671363
-ꞌin	0.128518027291	0.119634499774	0.0620323929619	0.689815079973
-yen	0.547736441058	0.23173464814	0.115419094576	0.105109816226
-lta	0.12313703924	0.82984576913	0.0200889584976	0.0269282331321
-zor	0.0	1.0	0.0	0.0
-iní	0.490026019081	0.144550448106	0.238219138479	0.127204394334
-ꞌna	0.501418312605	0.376046471481	0.0598706266679	0.0626645892457
-iná	0.0789321046089	0.0313259460825	0.0118319489127	0.877910000396
-sús	0.0119771525177	0.553220781866	0.00332323039324	0.431478835223
-rar	0.597111156353	0.281442506761	0.0242892673771	0.0971570695084
-ras	0.167469879518	0.695180722892	0.0686746987952	0.0686746987952
-eri	0.0	1.0	0.0	0.0
-ram	0.0	1.0	0.0	0.0
-uía	0.0545653533458	0.916353971232	0.00656660412758	0.0225140712946
-isa	0.417525896796	0.419953721466	0.0209812008441	0.141539180894
-ero	0.207285289209	0.668256807019	0.0819600829717	0.0424978208002
-sꞌí	0.081081081081	0.540540540541	0.351351351351	0.027027027027
-uío	0.0	1.0	0.0	0.0
-rac	0.0	1.0	0.0	0.0
-ela	0.300295857988	0.528106508876	0.162721893491	0.00887573964499
-swa	0.178931037705	0.121140099691	0.0706038646947	0.62932499791
-pos	0.089219330855	0.869888475836	0.00371747211896	0.0371747211896
-reo	0.0718562874251	0.881437125749	0.0323353293413	0.014371257485
-epa	0.0336690779981	0.888550398662	0.0120619003789	0.0657186229609
-blá	0.29702970297	0.401815181518	0.0990099009901	0.202145214521
-ozo	0.0917405524568	0.787124723566	0.0414566303071	0.0796780936697
-icꞌ	0.436106523534	0.410301403799	0.0655966143683	0.0879954582989
-pon	0.445312245253	0.40364894639	0.0537446051746	0.0972942031824
-blú	0.107249602251	0.811453323156	0.0562825901027	0.0250144844901
-ugo	0.338164591744	0.534626157443	0.089046475569	0.0381627752439
-ele	0.596258911892	0.0744435109182	0.00721584070288	0.322081736487
-aza	0.0842128918985	0.746445966784	0.14462648826	0.0247146530572
-bló	0.379915730337	0.471207865169	0.105337078652	0.0435393258427
-ipé	0.122448979592	0.719387755102	0.0969387755102	0.0612244897959
-uju	0.373342826357	0.507846047734	0.0209143180439	0.0978968078648
-sja	0.491460469681	0.253819335259	0.0812595888283	0.173460606231
-ümǘ	0.429581080651	0.339254212273	0.117508726097	0.113655980979
-aat	0.0	1.0	0.0	0.0
-nor	0.0	1.0	0.0	0.0
-ipá	0.654320987654	0.197530864198	0.0802469135802	0.0679012345679
-sji	0.218181818182	0.781818181818	0.0	0.0
-aam	0.103846153846	0.826923076923	0.0576923076923	0.0115384615384
-aal	0.0	0.912280701754	0.0350877192982	0.0526315789474
-fos	0.019801980198	0.980198019802	0.0	0.0
-nol	0.0874418475116	0.319868374392	0.21956201127	0.373127766827
-eón	0.137776243094	0.817679558011	0.0372928176796	0.00725138121548
-ewá	0.382579933848	0.166482910695	0.359426681367	0.0915104740904
-las	0.35651534197	0.405802717159	0.0481482966003	0.189533644271
-noc	0.065306122449	0.751020408163	0.151020408163	0.0326530612245
-lay	0.692857253914	0.150496758244	0.0387144922804	0.117931495561
-aac	0.0261123168747	0.961543678785	0.00712154096582	0.00522246337494
-dor	0.0575117370892	0.883802816901	0.037558685446	0.0211267605634
-dos	0.0959257349149	0.161423414131	0.0268179473955	0.715832903559
-gel	0.0261489836567	0.895691011836	0.0279443734537	0.0502156310532
-awá	0.360195798428	0.267649731579	0.0583997067606	0.313754763232
-fán	0.0162601626016	0.934959349594	0.0487804878049	0.0
-mya	0.421474545864	0.161410549085	0.0284039624966	0.388710942555
-awú	0.596299903994	0.20712522182	0.0450016167516	0.151573257435
-doc	0.0	1.0	0.0	0.0
-bos	0.0	1.0	0.0	0.0
-ges	0.0161290322581	0.91935483871	0.0645161290323	0.0
-ger	0.0322580645161	0.967741935484	0.0	0.0
-sas	0.310831186683	0.329848485571	0.0924775839919	0.266842743755
-ión	0.0946598080289	0.874052076152	0.0281062735324	0.00318184228668
-vos	0.0444128824229	0.95109592722	0.00449119035737	0.0
-toc	0.580149349581	0.343689794445	0.0634231518387	0.012737704135
-ibu	0.0311418685121	0.961937716263	0.00692041522491	0.0
-tol	0.116676389699	0.809428563491	0.0283356946412	0.0455593521682
-mpe	0.0860635906412	0.0892320138179	0.0775607908029	0.747143604738
-mpa	0.200030828291	0.348735078426	0.120904880543	0.33032921274
-don	0.204545454545	0.545454545455	0.136363636364	0.113636363636
-apá	0.583259127337	0.255808305675	0.014571359184	0.146361207804
-tor	0.139435344473	0.681811946114	0.116058934892	0.0626937745219
-tos	0.139938776785	0.20284875367	0.0543512213406	0.602861248204
-olo	0.717426977355	0.144732523794	0.07679684936	0.0610436494912
-ola	0.33926231001	0.347102811162	0.104713322424	0.208921556405
-stá	0.43851758568	0.329495367455	0.0812569338251	0.15073011304
-sam	0.172179262168	0.791850139886	0.0	0.035970597946
-sal	0.19295086606	0.276810517788	0.150933803961	0.379304812192
-lon	0.427508525369	0.46992869691	0.0573524852743	0.045210292446
-ucú	0.70926100546	0.158269646736	0.0481284589861	0.0843408888177
-lol	0.300486427114	0.631256864899	0.0447199121293	0.0235367958575
-iel	0.0792622375082	0.911679221062	0.0090585414295	0.0
-ien	0.0186574899457	0.170073386127	0.0687010240889	0.742568099838
-naí	0.0685882038965	0.927408593541	0.00400320256205	0.0
-loc	0.0	1.0	0.0	0.0
-oce	0.155304978748	0.0587892898719	0.023973251753	0.761932479627
-iez	0.0547181499071	0.449514763576	0.00702044187486	0.488746644642
-oca	0.464212517381	0.437343074429	0.0485069323802	0.0499374758097
-eyá	0.26585078148	0.25704920264	0.262731665268	0.214368350611
-rom	0.0	1.0	0.0	0.0
-ucá	0.693457943925	0.121495327103	0.0392523364485	0.145794392523
-ván	0.0368098159509	0.815950920245	0.0	0.147239263804
-los	0.0423332512922	0.882352941176	0.00295348264829	0.0723603248831
-ocj	0.373885220894	0.393366731065	0.180315327494	0.0524327205473
-ipj	0.0358651165591	0.047733372671	0.00506430363634	0.911337207134
-ꞌma	0.396174863388	0.262295081967	0.25956284153	0.0819672131147
-en̈	0.26162648514	0.236881723601	0.0371709347806	0.464320856478
-ipo	0.0188383045526	0.962323390895	0.00941915227629	0.00941915227629
-sjá	0.641620350577	0.314129970073	0.0	0.0442496793501
-pom	0.0948212983223	0.876002917578	0.0291757840992	0.0
-ipa	0.0402930402931	0.940170940171	0.019536019536	0.0
-húm	0.0	1.0	0.0	0.0
-ipe	0.0998885431471	0.805020944773	0.0279056470091	0.0671848650709
-noé	0.0	1.0	0.0	0.0
-wil	0.385521646558	0.404420828508	0.15652011505	0.0535374098839
-ewa	0.211625671413	0.126497505894	0.0290895247829	0.63278729791
-rdo	0.0681818181818	0.686363636364	0.245454545455	0.0
-ꞌüs	0.400453008412	0.379586317274	0.0550489908812	0.164911683434
-ꞌüy	0.278660072928	0.617894936228	0.0266680229463	0.0767769678975
-yüy	0.562800769971	0.317372473532	0.0418671799807	0.0779595765159
-pyá	0.489714664897	0.319177173192	0.125414731254	0.0656934306569
-yoꞌ	0.437955862855	0.345741820314	0.123359915068	0.0929424017634
-yül	0.472964169381	0.219543973941	0.0631921824104	0.244299674267
-ꞌün	0.501974039254	0.302996563183	0.144687136081	0.0503422614821
-ꞌüm	0.445115223594	0.378317289631	0.0559858859982	0.120581600777
-ido	0.21568627451	0.6162464986	0.0168067226891	0.151260504202
-saú	0.117100371747	0.793680297398	0.00867410161092	0.0805452292441
-oló	0.191666666667	0.5375	0.125	0.145833333333
-sto	0.0257875065447	0.859374141435	0.0108065980198	0.104031754
-ste	0.0320152627865	0.875715443117	0.0498654052217	0.0424038888744
-sta	0.127237388051	0.577435322185	0.172990604054	0.122336685709
-saí	0.0130529369108	0.984771573604	0.0	0.00217548948513
-was	0.242549919231	0.565117618967	0.0285752312234	0.163757230579
-cun	0.491436803073	0.258763271621	0.131515765886	0.11828415942
-cum	0.545913218971	0.133198789102	0.00302724520686	0.31786074672
-cul	0.827575592844	0.0893361798028	0.0426520407098	0.040436186643
-oyá	0.398846067992	0.396567853145	0.128271845388	0.0763142334753
-loé	0.0255319148936	0.914893617021	0.00851063829789	0.0510638297872
-wca	0.232273858904	0.556558029606	0.078371348735	0.132796762756
-ián	0.108108108108	0.864864864865	0.027027027027	0.0
-ucj	0.194746328114	0.171533281903	0.0366258313918	0.597094558591
-cuy	0.495682316443	0.308267547636	0.0704624638174	0.125587672103
-eya	0.126040527415	0.0592200959093	0.0419144816008	0.772824895075
-uca	0.456142164417	0.301617658052	0.0352990063196	0.206941171211
-jué	0.748450872813	0.251549127187	0.0	0.0
-cus	0.214684603366	0.183765956417	0.0448356438646	0.556713796352
-eca	0.294491910562	0.602799491002	0.0590801672423	0.0436284311943
-eme	0.447541125791	0.500419208419	0.0196594292983	0.0323802364914
-lel	0.301868311216	0.201719982624	0.0834865683237	0.412925137836
-lem	0.443902439024	0.436585365854	0.0536585365854	0.0658536585366
-jüs	0.453293572847	0.416247176484	0.069066662119	0.0613925885503
-mul	0.84347826087	0.0782608695652	0.0782608695652	0.0
-leg	0.0	1.0	0.0	0.0
-syú	0.166088702318	0.803796313196	0.0191640810367	0.0109509034495
-esé	0.313125309653	0.414815925968	0.115039704191	0.157019060188
-ꞌaj	0.169306136421	0.183937369283	0.0176335299033	0.629122964393
-ucꞌ	0.0647321428571	0.838448660714	0.0150669642857	0.0817522321429
-ios	0.103472840883	0.550305252312	0.0113596094741	0.334862297331
-jül	0.0600571973308	0.819828408008	0.091515729266	0.0285986653956
-esá	0.0594059405941	0.029702970297	0.910891089109	0.0
-les	0.526205239291	0.264680082455	0.0471536921867	0.161960986068
-lev	0.257851239669	0.647933884298	0.0694214876033	0.0247933884297
-itá	0.130653266332	0.869346733668	0.0	0.0
-eel	0.0	1.0	0.0	0.0
-rra	0.0718633130454	0.870939356163	0.0219989733812	0.03519835741
-fas	0.0831509846827	0.844638949672	0.0262582056893	0.0459518599562
-brú	0.98773006135	0.0122699386503	0.0	0.0
-rro	0.219627979074	0.692210811858	0.040205386553	0.047955822515
-san	0.435265209286	0.401203185901	0.051686154889	0.111845449924
-gio	0.0950969494875	0.904903050512	0.0	0.0
-pjǘ	0.112217236526	0.823606537224	0.0515962273547	0.0125799988957
-udá	0.0361854504335	0.959291368262	0.00452318130418	0.0
-ndo	0.0	1.0	0.0	0.0
-tje	0.60176754151	0.274772362078	0.0524906266738	0.0709694697375
-tja	0.300299638932	0.492976478365	0.0233375770021	0.183386305701
-gia	0.124401913876	0.837320574163	0.0382775119617	0.0
-ala	0.388766771537	0.226514918369	0.125766397688	0.258951912405
-üyǘ	0.480324074074	0.270833333333	0.142361111111	0.106481481481
-uva	0.0445935506598	0.892779517593	0.0275150471672	0.0351118845802
-bia	0.0645161290322	0.900293255132	0.00879765395896	0.0263929618768
-jyó	1.0	0.0	0.0	0.0
-yon	0.471858295776	0.414889585836	0.0430288713487	0.0702232470391
-yom	0.0851331841179	0.563182906851	0.0245374995322	0.327146409499
-yol	0.415238095238	0.525714285714	0.047619047619	0.0114285714286
-yoc	0.597073170732	0.359024390244	0.0409756097561	0.00292682926829
-pwé	0.372804654671	0.569442947958	0.0351255252667	0.0226268721043
-abé	0.0774965765583	0.898040607936	0.0092982367162	0.0151645787899
-jyá	0.321112515803	0.40412979351	0.0294985250738	0.245259165613
-tꞌǘ	0.532009969391	0.351280260772	0.0689742733413	0.0477354964961
-zón	0.05	0.83	0.0	0.12
-cho	0.0653422690283	0.138822403064	0.157970320728	0.637865007181
-iyu	0.271347248577	0.717267552182	0.011385199241	0.0
-pem	0.403494313208	0.424075409572	0.0721072068373	0.100323070382
-loi	0.0	0.98	0.02	0.0
-che	0.0689655172414	0.827586206897	0.103448275862	0.0
-nsá	0.125	0.75	0.0892857142857	0.0357142857143
-oré	0.0	0.948717948718	0.0	0.051282051282
-elo	0.0774818401937	0.891041162228	0.0314769975786	0.0
-ogo	0.0	1.0	0.0	0.0
-pes	0.0462208943274	0.0242675574578	0.00170896202076	0.927802586194
-aén	0.0	0.920634920635	0.047619047619	0.031746031746
-iya	0.330530781011	0.157204703121	0.041529854156	0.470734661712
-pey	0.109090909091	0.109090909091	0.709090909091	0.0727272727273
-iꞌi	0.418880514024	0.493636475967	0.0422587421228	0.0452242678858
-loe	0.0378548895899	0.791798107256	0.0757097791798	0.0946372239748
-ico	0.0879541108987	0.904397705545	0.0076481835564	0.0
-ꞌya	0.780109327233	0.107908526908	0.0268960683545	0.0850860775044
-ito	0.116389913899	0.793409184092	0.0535567855678	0.0366441164411
-tes	0.212328767123	0.635273972603	0.12029109589	0.0321061643836
-itj	0.489082276388	0.480234357435	0.0243350835196	0.00634828265727
-lás	0.0	1.0	0.0	0.0
-ocꞌ	0.209720825913	0.743941925751	0.0246188791633	0.0217183691722
-esa	0.0490236467002	0.862816181923	0.0115349756942	0.0766251956826
-ite	0.0310538486951	0.895936570862	0.0690452593327	0.00396432111001
-ita	0.0922797287535	0.638058397222	0.0604944888495	0.209167385175
-eyé	0.0501136154271	0.749431922864	0.0	0.200454461709
-jam	0.26897771251	0.622240878859	0.0340773570799	0.0747040515507
-spe	0.049751243781	0.819651741294	0.130597014925	0.0
-fté	0.0	1.0	0.0	0.0
-cüs	0.619174461661	0.350773556099	0.0238343307418	0.00621765149785
-spo	0.0	0.962264150943	0.0377358490566	0.0
-tjí	0.607501794688	0.322505384063	0.0699928212491	0.0
-ntá	0.335165274072	0.396881440417	0.0581534676401	0.209799817871
-bra	0.267469879518	0.371084337349	0.122891566265	0.238554216867
-alí	0.0	1.0	0.0	0.0
-fat	0.0	1.0	0.0	0.0
-bro	0.0899902184546	0.85132050864	0.0195630909684	0.0391261819367
-alá	0.297854399599	0.190348734512	0.134021728517	0.377775137372
-rim	0.0	1.0	0.0	0.0
-cꞌa	0.163722563462	0.657713332484	0.0323021765808	0.146261927473
-ülǘ	0.337317738457	0.457035545464	0.129100438427	0.0765462776516
-on̈	0.524840882615	0.253073755733	0.0576743199192	0.164411041732
-awa	0.196895506224	0.616445336746	0.0558082181983	0.130850938832
-gad	0.0	1.0	0.0	0.0
-nja	0.211764705882	0.709803921569	0.0470588235294	0.0313725490196
-pwe	0.231375854476	0.619419155255	0.0911293418829	0.0580756483864
-an̈	0.616725923216	0.257344151554	0.0514393177008	0.0744906075295
-pwi	0.40694388373	0.59305611627	0.0	0.0
-lot	0.0579150579151	0.803088803089	0.131274131274	0.007722007722
-uvú	0.414634146341	0.536585365854	0.0243902439024	0.0243902439024
-jya	0.697297297297	0.0648648648649	0.0648648648648	0.172972972973
-vas	0.0865384615384	0.519230769231	0.394230769231	0.0
-nüs	0.53369140625	0.31494140625	0.107421875	0.0439453125
-nco	0.0336362909459	0.106532690104	0.0667661718063	0.793064847144
-soy	0.0940778873738	0.880162691083	0.0164262977955	0.0093331237474
-iyú	0.249358893946	0.408128124228	0.043389323116	0.29912365871
-laꞌ	0.38226471691	0.33183352081	0.044994375703	0.240907386577
-nce	0.0337078651685	0.501123595506	0.0202247191011	0.444943820225
-ael	0.0508751956738	0.89522555856	0.0142308239647	0.0396684218016
-sos	0.496661779589	0.350957597867	0.0603919667217	0.0919886558228
-sol	0.475808230053	0.493494464782	0.0306973051647	0.0
-elé	0.490239982746	0.175009476247	0.0363035447576	0.298446996249
-oro	0.0511632591399	0.780592204653	0.162956994662	0.00528754154497
-jón	0.147839272176	0.724791508719	0.054586808188	0.0727824109174
-iꞌá	0.185487068885	0.191395929381	0.0157856142028	0.607331387532
-ncu	0.457528846124	0.190957264545	0.0196886916627	0.331825197668
-ora	0.103207810321	0.782825263997	0.053397091054	0.0605698346284
-iyá	0.0907400715307	0.0894207457577	0.201634735883	0.618204446829
-tro	0.0428229291704	0.273835987905	0.0260589142626	0.657282168662
-soc	0.458748866727	0.4569356301	0.0326382592928	0.0516772438803
-ruz	0.412845204538	0.549335181073	0.00624662078812	0.0315729936012
-jec	0.624060150376	0.330827067669	0.0	0.0451127819549
-lix	0.0959911050713	0.872506022608	0.00370622027302	0.0277966520477
-min	0.523341523341	0.425061425061	0.022113022113	0.029484029484
-tea	0.0	1.0	0.0	0.0
-rut	0.0	1.0	0.0	0.0
-lis	0.184425832316	0.313043700842	0.036370617316	0.466159849526
-awǘ	0.859649122807	0.0	0.0	0.140350877193
-lim	0.333333333333	0.591397849462	0.0250896057348	0.0501792114695
-lin	0.351285996922	0.487485475615	0.0704707471029	0.0907577803599
-lio	0.152627683198	0.749666913397	0.0139156180607	0.0837897853442
-jev	0.0111821086262	0.982428115016	0.00638977635783	0.0
-pjü	0.0645043261332	0.1671047309	0.0458483520842	0.722542590882
-sué	0.0262467191602	0.958005249344	0.0	0.0157480314961
-oma	0.134510730054	0.826676250128	0.0297771845159	0.00903583530136
-adi	0.0	1.0	0.0	0.0
-lia	0.0152632917833	0.959297888578	0.0254388196388	0.0
-ica	0.197221616016	0.717022276975	0.0447082143245	0.0410478926839
-eas	0.0325245224574	0.888487351575	0.0	0.078988125968
-abo	0.0	1.0	0.0	0.0
-yca	0.123921287587	0.33082504703	0.532712233868	0.0125414315148
-ode	0.0	1.0	0.0	0.0
-rna	0.273149892536	0.688736168971	0.0381139384934	0.0
-owú	0.663883932569	0.178750504909	0.0383314096811	0.119034152841
-teo	0.0175982819304	0.954920559168	0.00775517508799	0.0197259838136
-zer	0.0	1.0	0.0	0.0
-lux	0.181818181818	0.744471744472	0.0737100737101	0.0
-tꞌü	0.460570804545	0.296202736718	0.128525526598	0.11470093214
-ura	0.105695830887	0.773341162654	0.10951262478	0.0114503816794
-rga	0.0	0.757942511347	0.0	0.242057488653
-üꞌü	0.449477590365	0.362171203402	0.0440261818274	0.144325024406
-iyó	0.171701803956	0.771788741578	0.0304281677896	0.0260812866768
-tꞌé	0.384456671252	0.466987620358	0.115543328748	0.0330123796424
-üsá	0.253315198912	0.547772866372	0.127507650459	0.0714042842571
-epé	0.153163379183	0.283120185762	0.0172155205266	0.546500914529
-epe	0.292671806539	0.536189594722	0.1215332078	0.0496053909388
-tꞌá	0.51378235265	0.282327906171	0.0504775572821	0.153412183897
-sjé	0.461976600985	0.42025862069	0.0669642857143	0.0508004926109
-üꞌí	0.419903416973	0.301887360751	0.101140338973	0.177068883303
-apa	0.179803759191	0.629099851941	0.135135135135	0.0559612537329
-pal	0.565890173733	0.317077258254	0.0424557287302	0.0745768392828
-pam	0.214552238806	0.722014925373	0.0634328358209	0.0
-pan	0.0981741162497	0.739341767359	0.0698840749834	0.092600041408
-ape	0.543689320388	0.433009708738	0.0233009708738	0.0
-apj	0.102726669189	0.0878975006701	0.0254139304237	0.783961899718
-pac	0.409415620738	0.372771191997	0.051252140123	0.166561047142
-way	0.274379899875	0.0692153615931	0.0100764614515	0.64632827708
-joꞌ	0.554548702683	0.229406291066	0.153820062055	0.0622249441969
-pay	0.0735316099641	0.871744563769	0.018793688556	0.0359301377105
-üla	0.420347612616	0.365031033793	0.133605600222	0.0810157533679
-aín	0.024494142705	0.905218317359	0.0127795527157	0.0575079872204
-pap	0.269969852047	0.445429671666	0.26787976287	0.0167207134171
-wan	0.12676056338	0.605633802817	0.267605633803	0.0
-pas	0.520900321544	0.463665594855	0.00771704180064	0.00771704180064
-üyá	0.478650500791	0.340010542963	0.0274117026884	0.153927253558
-nun	0.0374943335735	0.0321612409201	0.00985590123435	0.920488524272
-ꞌné	0.48345323741	0.51654676259	0.0	0.0
-aro	0.0814787790344	0.771008147878	0.0297944789006	0.117718594187
-pja	0.151957075602	0.26491700374	0.54420095548	0.0389249651787
-icó	0.0108238123873	0.989176187613	0.0	0.0
-sur	0.0341772151899	0.498734177215	0.136708860759	0.330379746835
-nca	0.58109278178	0.28411919365	0.0777503227163	0.0570377018531
-omé	0.00675675675675	0.97972972973	0.00675675675676	0.00675675675675
-ꞌul	0.274468085106	0.655319148936	0.0255319148936	0.0446808510638
-ꞌum	0.376146788991	0.587155963303	0.0	0.0366972477064
-omá	0.274331820474	0.453353504791	0.142208774584	0.130105900151
-ꞌuc	0.323865491348	0.463010120797	0.175514201763	0.0376101860921
-nus	0.202959919382	0.184728854041	0.0209319574205	0.591379269156
-año	0.0224935588664	0.93070460401	0.0146969866697	0.0321048504537
-zín	0.0	1.0	0.0	0.0
-dia	0.0128755364807	0.909871244635	0.00858369098714	0.068669527897
-üpa	0.248704663212	0.676683937824	0.0559585492228	0.0186528497409
-dil	0.0623575339953	0.893625383184	0.00733618047004	0.0366809023502
-dio	0.0591900311527	0.794392523364	0.018691588785	0.127725856698
-aña	0.0	1.0	0.0	0.0
-üpj	0.500705898118	0.254987947886	0.0479276905087	0.196378463487
-fes	0.553672316384	0.378531073446	0.0564971751412	0.0112994350282
-tus	0.162162162162	0.766891891892	0.0608108108108	0.0101351351351
-dis	0.00650295729724	0.967485213514	0.0	0.026011829189
-ꞌcú	0.75	0.0166666666667	0.0	0.233333333333
-mea	0.0	1.0	0.0	0.0
-ice	0.0333179083758	0.872281351226	0.0499768625637	0.0444238778343
-tse	0.726598271995	0.128870426162	0.127012356165	0.017518945678
-sli	0.0	1.0	0.0	0.0
-lum	0.507723625913	0.204885642438	0.201173512154	0.0862172194947
-mec	0.0	1.0	0.0	0.0
-ven	0.296335400994	0.603361048788	0.00791870133301	0.0923848488848
-vel	0.600259303641	0.314526431959	0.0431083925788	0.0421058718211
-elí	0.0443974630021	0.942917547569	0.0	0.0126849894292
-tꞌu	0.7	0.28125	0.01875	0.0
-tꞌo	0.10330255126	0.882610737205	0.00939114102364	0.00469557051181
