-tát	0.433962264151	0.481132075472	0.0849056603774	0.0
-eun	0.0670435125542	0.932956487446	0.0	0.0
-aur	0.665634674923	0.139318885449	0.0	0.195046439629
-aut	0.0	0.967567567568	0.0324324324324	0.0
-umi	0.0947956147192	0.391170665761	0.0284689047248	0.485564814795
-aua	0.368977673326	0.567567567568	0.0634547591069	0.0
-úka	0.178006329114	0.741297468354	0.0712025316456	0.00949367088608
-jna	0.527845873696	0.271960429492	0.0527208282425	0.14747286857
-nse	0.0473559589582	0.872138910813	0.00947119179163	0.0710339384373
-auk	0.399732994552	0.578562046468	0.0217049589802	0.0
-aum	0.799748110831	0.162468513854	0.0	0.0377833753149
-nsa	0.136363636364	0.664772727273	0.198863636364	0.0
-aun	0.428755089797	0.411826966638	0.0685668574475	0.090851086118
-nti	0.246213718083	0.519668876256	0.075877264103	0.158240141558
-utá	0.119872204473	0.700319488818	0.0134185303514	0.166389776358
-pur	0.722222222222	0.208333333333	0.0694444444445	0.0
-riá	0.316901408451	0.295774647887	0.0422535211268	0.345070422535
-nta	0.0684978439403	0.67348551039	0.0115370527243	0.246479592946
-ejé	0.333495145631	0.406796116505	0.0699029126213	0.189805825243
-uak	0.389019401632	0.28511043001	0.0746056824573	0.2512644859
-uam	0.267368421053	0.662995951417	0.0323886639676	0.0372469635628
ALL	0.233616068091	0.290202553721	0.0535802302051	0.422601147982
-uan	0.13516925757	0.728183574971	0.0214070844479	0.11524008301
-uap	0.164265646993	0.771325670585	0.0573566369009	0.00705204552059
-uas	0.0	1.0	0.0	0.0
-uar	0.100526792088	0.311192960583	0.0142852424277	0.573995004901
-uat	0.170777685049	0.741201816296	0.0304600198907	0.0575604787641
-sha	0.130790442805	0.346367925816	0.0388654891912	0.483976142188
-utú	0.045246431457	0.639913816321	0.0735254511177	0.241314301104
-nts	0.0454985028171	0.510972433972	0.0303168910489	0.413212172162
-ntu	0.252075466129	0.32095094554	0.15089978988	0.276073798451
-ára	0.373009391588	0.018170681911	0.0	0.608819926501
-pra	0.37862179711	0.366717866369	0.180304405502	0.0743559310201
-hri	0.0387435427429	0.867522079653	0.0112481253125	0.0824862522913
-nme	0.264686346863	0.523800738007	0.060516605166	0.150996309963
-ará	0.0646624603076	0.0433419934843	0.0682089983092	0.823786547899
-nma	0.199905465796	0.664939268935	0.0745960811275	0.0605591841412
-pri	0.0792188028407	0.861176868448	0.0164863036862	0.0431180250253
-arí	0.232154981216	0.172298918209	0.00489974199973	0.590646358575
-tís	0.0123762376238	0.972772277228	0.0	0.0148514851485
-aré	0.0	1.0	0.0	0.0
-jiá	0.436400541272	0.400879566982	0.113667117727	0.049052774019
-mái	0.278441465615	0.168191787692	0.0361994080129	0.517167338681
-sme	0.455628143609	0.358154593282	0.0885124588079	0.0977048043013
-nmu	0.0692307692308	0.769230769231	0.0692307692308	0.0923076923077
-pru	0.0658029216975	0.677839933499	0.00698059469625	0.249376550108
-sma	0.212657826001	0.635160281348	0.0660711476567	0.086110744994
-mán	0.478723404255	0.391252955083	0.112293144208	0.0177304964539
-máa	0.355454545455	0.367272727273	0.0918181818182	0.185454545455
-tía	0.0548954874374	0.92562237279	0.00575826791301	0.0137238718593
-arú	0.110465116279	0.664376321353	0.0158562367865	0.209302325581
-imp	0.625909752547	0.259097525473	0.080058224163	0.0349344978166
-msa	0.551707734754	0.216154504804	0.104176576919	0.127961183522
-400	0.612696563774	0.122306348282	0.0	0.264997087944
-aka	0.246039366236	0.24899052545	0.127407919703	0.377562188611
-imi	0.160717325918	0.69031269508	0.0388740707111	0.110095908291
-rpi	0.0161725067385	0.983827493261	0.0	0.0
-rpa	0.31638913234	0.622261174408	0.0087642418931	0.0525854513586
-sus	0.0314769729342	0.578913298375	0.00158779272384	0.388021935967
-its	0.297520661157	0.314049586777	0.0495867768595	0.338842975207
-juá	0.0	0.750445632799	0.249554367201	0.0
-núa	0.25974025974	0.435064935065	0.0974025974026	0.207792207792
-pát	0.0	1.0	0.0	0.0
-pin	0.0928509177439	0.529641891352	0.0463588930637	0.33114829784
-rpu	0.0	0.926829268293	0.0	0.0731707317073
-rat	0.448314204364	0.323054474346	0.0678458539058	0.160785467384
-péa	0.272727272727	0.727272727273	0.0	0.0
-100	0.117892029274	0.118045135805	0.171479315308	0.592583519613
-uta	0.360243992172	0.447771391825	0.0546230827972	0.137361533206
-ntí	0.450943396226	0.344025157233	0.119496855346	0.085534591195
-rún	0.0	1.0	0.0	0.0
-ria	0.0953417438195	0.825629606658	0.0543654237138	0.0246632258089
-ntá	0.0744766045075	0.844162398972	0.00349939769982	0.077861598821
-rúa	0.232067510549	0.599156118143	0.168776371308	0.0
-rim	0.582639120293	0.36737754082	0.00999666777742	0.0399866711096
-rik	0.149638000402	0.212756974263	0.0251693904026	0.612435634933
-pén	0.369590189131	0.307155915805	0.038020353023	0.285233542041
-rii	0.426987060998	0.522841299181	0.0369685767097	0.0132030631106
-uts	0.26164015749	0.228757540366	0.269972186435	0.239630115709
-rit	0.0488072893155	0.737146285253	0.15230226425	0.0617441611822
-riu	0.112973933313	0.796832340326	0.0569505173794	0.0332432089819
-tee	0.367139959432	0.206896551724	0.261663286004	0.16430020284
-utu	0.52701421801	0.0995260663507	0.0	0.37345971564
-puí	0.664534470505	0.335465529495	0.0	0.0
-tej	0.618320610687	0.381679389313	0.0	0.0
-tek	0.136790524927	0.0546899274446	0.0887978157291	0.7197217319
-sia	0.0267279024243	0.930450986297	0.0135521758771	0.0292689354013
-ten	0.327044025157	0.446540880503	0.22641509434	0.0
-jin	0.3068044052	0.570901885589	0.0441491738177	0.0781445353931
-áin	0.118821827	0.35591675259	0.00743438491528	0.517827035495
-ara	0.116584577434	0.436820089688	0.0889444758956	0.357650856982
-jii	0.044578313253	0.374698795181	0.503012048193	0.0777108433734
-wak	0.322719672659	0.302748958885	0.0699701945146	0.304561173941
-ari	0.259510868169	0.531275980889	0.0253164979739	0.183896652968
-jia	0.274688091343	0.329580807595	0.0773757978126	0.318355303249
-mee	0.417582417582	0.324175824176	0.032967032967	0.225274725275
-aru	0.364072974348	0.423847884096	0.107650423301	0.104428718255
-mea	0.401721849898	0.409100150449	0.0503025620742	0.138875437578
-mem	0.542197837663	0.390027432629	0.0112957882846	0.0564789414232
-nen	0.5	0.351851851852	0.111111111111	0.0370370370371
-smí	0.504817762882	0.318391286133	0.101382488479	0.0754084625052
-men	0.166263301448	0.40620798279	0.0265836886789	0.400945027083
-éya	0.24229390681	0.494265232975	0.150537634409	0.112903225806
-jis	0.0183486238532	0.954128440367	0.0275229357798	0.0
-mek	0.324302621833	0.209602718411	0.05783764344	0.408257016317
-aya	0.109088840391	0.382514035123	0.0621296988864	0.446267425599
-j~i	0.430150207868	0.274308069188	0.0977890731656	0.197752649779
-rai	0.422808140815	0.330093045481	0.104428781968	0.142670031736
-ayi	0.535519372402	0.134538313673	0.0304874695541	0.29945484437
-ent	0.911912751678	0.0587248322148	0.0293624161074	0.0
-ayu	0.296229192617	0.150460229387	0.0291505572901	0.524160020706
-num	0.232455730823	0.559523226421	0.0318398484916	0.176181194264
-iji	0.537313432836	0.26368159204	0.149253731343	0.0497512437811
-éti	0.128893662728	0.684210526316	0.122448979592	0.0644468313642
-yus	0.132752431934	0.532156399513	0.00610301718833	0.328988151366
-túu	0.69246095097	0.249875477337	0.00938709306631	0.0482764786269
-sri	0.0555247084953	0.872441897359	0.0278119298802	0.0442214642659
-sát	0.471428571429	0.457142857143	0.0571428571429	0.0142857142857
-nui	0.118012044808	0.0203049300702	0.0127639541134	0.848919071008
-h~i	0.238970588235	0.661764705882	0.0441176470588	0.0551470588235
-sru	0.291082704451	0.63345140921	0.0	0.0754658863391
-suu	0.341849148418	0.490267639903	0.00729927007299	0.160583941606
-tái	0.244564047363	0.456519555077	0.0457122353785	0.253204162182
-áyi	0.623513870542	0.350066050198	0.0264200792602	0.0
-mji	0.362231510419	0.338140428798	0.0609446872548	0.238683373527
-ráu	0.586387434555	0.256544502618	0.0	0.157068062827
-rás	0.0	1.0	0.0	0.0
-r~i	0.227396077464	0.46021956334	0.0536573331689	0.258727026027
-ume	0.397178475325	0.307962257122	0.0951049694474	0.199754298105
-uma	0.143110599502	0.0645957665062	0.00952172029468	0.782771913697
-isú	0.036855036855	0.287469287469	0.668304668305	0.00737100737102
-upá	0.33371169126	0.586833144154	0.0	0.0794551645857
-t~i	0.433515482696	0.375850673122	0.099927021591	0.0907068225913
--wa	0.864864864865	0.0540540540541	0.0540540540541	0.027027027027
-táp	0.0	1.0	0.0	0.0
-tár	0.0	0.625334522747	0.0	0.374665477253
-ráa	0.292268196664	0.372900222342	0.235411811452	0.0994197695423
-naj	0.0233372228705	0.887981330222	0.0886814469078	0.0
-nak	0.297364240001	0.227789487077	0.0688262280469	0.406020044875
-kia	0.284548212568	0.170365471776	0.0495908162008	0.495495499455
-nai	0.501489494311	0.322295933997	0.053648204684	0.122566367007
-nan	0.134294336943	0.453509675129	0.0194035150009	0.392792472927
-aki	0.335905643578	0.125031156225	0.0532354390034	0.485827761194
-nam	0.147770419259	0.458794126924	0.0300707957924	0.363364658025
-kik	0.37325395008	0.38126860545	0.0183192122738	0.227158232196
-ake	0.200907323396	0.121192482178	0.387556707712	0.290343486714
-kin	0.454096968235	0.336064686943	0.0653541329082	0.144484211914
-siu	0.0454940528858	0.939651864786	0.00827662889851	0.00657745342927
-aús	0.14201183432	0.715976331361	0.0710059171598	0.0710059171598
-kir	0.342903741999	0.284773510586	0.0423129000492	0.330009847366
-aún	0.0782608695652	0.921739130435	0.0	0.0
-kip	0.233702745867	0.627828356938	0.0794493672426	0.0590195299516
-maí	0.409862570736	0.261924009701	0.0226354082458	0.305578011318
-sin	0.536496350365	0.381751824818	0.0817518248175	0.0
-kiu	0.102548446035	0.607897153352	0.0219786114819	0.267575789132
-kit	0.519796514472	0.279457185583	0.0582784788898	0.142467821056
-nar	0.393128696142	0.180113583028	0.0237022434995	0.40305547733
-nas	0.12061426472	0.769842100892	0.0526739580212	0.0568696763664
-aku	0.255495332247	0.511718198935	0.109722516839	0.12306395198
-p~i	0.258373205741	0.684210526316	0.0287081339712	0.0287081339713
-nat	0.398397669337	0.191551347414	0.0524399126001	0.357611070648
-juí	0.0179372197309	0.130044843049	0.0	0.85201793722
-put	0.810375670841	0.13595706619	0.0	0.0536672629695
-ayá	0.477184093513	0.121716370058	0.0057289421955	0.395370594233
-atú	0.0	0.97438008967	0.0256199103303	0.0
-aám	0.127089388076	0.820742144222	0.0343454454953	0.0178230222065
-apa	0.123632726373	0.782150424299	0.00193596265743	0.0922808866709
-éaj	0.389891696751	0.176895306859	0.0	0.43321299639
-yau	0.341308937368	0.356087262491	0.218156228008	0.0844475721323
-yat	0.354664862866	0.299025913728	0.0710127123626	0.275296511043
-eje	0.061244487996	0.833904948555	0.0774130328271	0.0274375306222
-srí	0.314039408867	0.581280788177	0.0123152709359	0.0923645320197
-yap	1.0	0.0	0.0	0.0
-yas	0.00735594605642	0.985288107887	0.0	0.00735594605639
-yar	0.190909090909	0.590909090909	0.0545454545455	0.163636363636
-pus	0.0635424940429	0.924543288324	0.011914217633	0.0
-uai	0.0	1.0	0.0	0.0
-yaa	0.0272876114244	0.972712388576	0.0	0.0
-yam	0.55419921875	0.258626302083	0.0699869791667	0.1171875
-yan	0.224226192144	0.517430310467	0.1355415512	0.122801946189
-yai	0.195652173913	0.717391304348	0.0434782608696	0.0434782608696
-yak	0.529324574701	0.217180394139	0.0233451237999	0.230149907361
-yaj	0.59512195122	0.19094076655	0.0613240418118	0.152613240418
-úer	0.532530120482	0.289156626506	0.178313253012	0.0
-rek	0.341142106605	0.523004842093	0.135853051303	0.0
-tún	0.00769428058477	0.946140035907	0.0	0.0461656835086
-ren	0.199610387851	0.68315674552	0.10644622394	0.0107866426895
-rem	0.137889688249	0.745203836931	0.0	0.11690647482
-uái	0.0219058050384	0.934282584885	0.0	0.0438116100766
-nte	0.122941574554	0.6291450485	0.0744416873449	0.173471689601
-ise	0.0543197102949	0.763709260217	0.0733316088981	0.10863942059
-rea	0.30897975888	0.59839196494	0.0717391675051	0.0208891086745
-uám	0.717557251908	0.133587786259	0.125954198473	0.0229007633587
-isa	0.103798170912	0.637098846784	0.18738190066	0.0717210816442
-uáp	0.353403141361	0.447643979058	0.17277486911	0.0261780104712
-sáa	0.34965034965	0.58041958042	0.0	0.0699300699301
-upe	0.0	0.99430740038	0.00569259962049	0.0
-umá	0.368178664561	0.255018062633	0.166630780641	0.210172492165
-upa	0.036282676181	0.919076849602	0.0265482996447	0.0180921745726
-umí	0.0260928138405	0.0422306519658	0.0104583968518	0.921218137342
-res	0.0667472793228	0.746070133011	0.0135429262394	0.173639661427
-sái	0.407994714239	0.572183680211	0.0	0.0198216055501
-utí	0.174239082488	0.405050727834	0.0953903837671	0.325319805911
-tús	0.103746397695	0.167146974063	0.0	0.729106628242
-jur	0.064572425829	0.935427574171	0.0	0.0
-jus	0.271109930961	0.0446096654275	0.00557620817844	0.678704195433
-akí	0.0386806653836	0.138259560603	0.171871725005	0.651188049008
-atí	0.40263291823	0.145890462632	0.0156504580973	0.43582616104
-juu	0.0591795201371	0.867448586118	0.00428449014567	0.0690874035989
-kes	0.487346938776	0.130612244898	0.0587755102041	0.323265306122
-hai	0.396653349338	0.275758281527	0.040579035061	0.287009334074
-mas	0.108442077327	0.0765741755603	0.218253839587	0.596729907525
-mar	0.464406864269	0.325129602119	0.0527296590394	0.157733874573
-mau	0.184791867521	0.672373218775	0.12026430234	0.0225706113636
-ham	0.159287667072	0.485488235944	0.0412743013366	0.313949795648
-aká	0.148270181219	0.153212520593	0.657331136738	0.0411861614498
-atá	0.513143736065	0.275847383605	0.0523144573344	0.158694422996
-mai	0.376749996511	0.289262165168	0.069825996731	0.26416184159
-mak	0.335414943258	0.461996809914	0.0750845780554	0.127503668772
-maj	0.370295149984	0.363272692475	0.127842219845	0.138589937696
-hat	0.153920892622	0.169284774024	0.056835704883	0.619958628471
-hau	0.323413928498	0.241578838603	0.422607976855	0.0123992560446
-iik	0.187827911857	0.0954879328436	0.00314795383001	0.713536201469
-man	0.198448183971	0.498940634017	0.0557128593503	0.246898322662
-maa	0.191935547182	0.166578348249	0.0379278536662	0.603558250903
-kiú	0.110706176696	0.845054738456	0.0	0.0442390848482
-siá	0.33	0.63	0.02	0.02
-jui	0.223118071168	0.0484533684782	0.00744243739825	0.720986122955
-jun	0.101130542307	0.117205440735	0.761791202968	0.0198728139905
-íya	0.434007347548	0.224947761997	0.122535197494	0.218509692961
-jum	0.0	1.0	0.0	0.0
-nku	0.0340654270244	0.285018784448	0.0691203062859	0.611795482242
-ptu	0.0738611233967	0.892967713401	0.00663423264043	0.0265369305617
-uni	0.113040265977	0.355005541189	0.119135574437	0.412818618397
-una	0.104939125183	0.0507140316298	0.0035935914202	0.840753251767
-nke	0.267216642755	0.476924916308	0.0143472022955	0.241511238642
-píu	0.041095890411	0.835616438356	0.041095890411	0.0821917808219
-nka	0.275199405996	0.457352066978	0.056209249524	0.211239277502
-pta	0.42354450145	0.326622797234	0.0	0.249832701316
-unt	0.035437926031	0.327046552907	0.0336245550837	0.603890965979
-unu	0.0904383447042	0.794891026843	0.00908710640569	0.105583522047
-nki	0.272601202403	0.151269026887	0.0567989029293	0.519330867781
-iín	0.432752384084	0.0147977638935	0.165734955607	0.386714896416
-tra	0.274106416373	0.497423402354	0.115802391189	0.112667790084
-500	0.0400667779633	0.0500834724541	0.0	0.909849749583
-asá	0.251383174918	0.579798552986	0.0411405873174	0.127677684778
-tri	0.0668272840845	0.676791224036	0.0947644517678	0.161617040112
-tru	0.0608538104405	0.337212093761	0.0339440606953	0.567990035104
-sna	0.302522784958	0.389136744369	0.107923543639	0.200416927034
-war	0.300012131949	0.142288052067	0.0297782236623	0.527921592322
-sen	0.0458689620024	0.85973158163	0.0164222209638	0.077977235404
-sem	0.0	1.0	0.0	0.0
-sek	0.277263961588	0.0794600338463	0.0401432563265	0.603132748239
-sej	0.548175481755	0.392373923739	0.059450594506	0.0
-chi	0.0816642355979	0.709208556191	0.0477813085183	0.161345899693
-ina	0.404761904762	0.214285714286	0.15873015873	0.222222222222
-uir	0.500853727945	0.282868525896	0.170745589072	0.0455321570859
-uit	0.257778290415	0.413451002291	0.0270283196023	0.301742387691
-sea	0.061246975458	0.849518233667	0.0801611648808	0.00907362599376
-eré	0.777777777778	0.177133655394	0.0	0.0450885668277
-uik	0.416404280572	0.0691620319964	0.0732719300827	0.441161757349
-kni	0.772807017544	0.0868421052632	0.0473684210526	0.0929824561404
-uim	0.203615433043	0.405162334742	0.119615073298	0.271607158917
-erí	0.589846743295	0.168007662835	0.0425287356322	0.199616858238
-uin	0.272503714693	0.308521469625	0.0418124393188	0.377162376364
-seu	0.377976666134	0.489052261467	0.0578552021736	0.0751158702253
-kna	0.513093886412	0.18320786066	0.0545398243937	0.249158428534
-int	0.187885660039	0.55026106218	0.0319075998101	0.229945677971
-ser	0.0	1.0	0.0	0.0
-iwí	0.0228310502283	0.96803652968	0.0	0.00913242009132
-rsa	0.649075458119	0.234664784366	0.0203454575652	0.0959142999501
-kus	0.0570161545771	0.882800126703	0.0475134621476	0.0126702565727
-rse	0.0448598130841	0.0	0.13738317757	0.817757009346
-áis	0.076636623671	0.84052026553	0.00485725079605	0.0779858600032
-kup	0.0121212121212	0.866666666667	0.0	0.121212121212
-iam	0.205809891472	0.594750947632	0.0477774334367	0.151661727459
-úsa	0.238866396761	0.740890688259	0.0	0.0202429149798
-ian	0.309453254374	0.412665695278	0.0840689887215	0.193812061627
-iai	0.157471957233	0.310471994569	0.0442044679766	0.487851580222
-kmí	0.619918699187	0.278455284553	0.0609756097561	0.040650406504
-iak	0.442924071007	0.213419900838	0.0651588469988	0.278497181156
-iaj	0.455119730323	0.292690148676	0.0746570143258	0.177533106674
-iau	0.190674639125	0.566527752612	0.134988222504	0.107809385758
-típ	0.0338983050848	0.966101694915	0.0	0.0
-tka	0.327181770178	0.360416893579	0.17834960438	0.134051731863
-iap	0.0942380183091	0.840737749058	0.0650242326333	0.0
-ias	0.242066359558	0.39288832686	0.0248923614247	0.340152952157
-tke	0.468441814596	0.206114398422	0.266272189349	0.0591715976331
-áim	0.277368905244	0.508739650414	0.121435142594	0.0924563017479
-kun	0.347988527803	0.311763510508	0.0739808495439	0.266267112145
-kum	0.393720121009	0.413907278701	0.0502672503358	0.142105349954
-tki	0.527247643136	0.0877705876556	0.0192162401866	0.365765529021
-kuk	0.271335639841	0.381020279686	0.035781351728	0.311862728745
-kui	0.329558547955	0.207381389463	0.0550505041877	0.408009558395
-nea	0.643487109905	0.0888738127544	0.107869742198	0.159769335142
-uní	0.165936564267	0.285821226572	0.00415881113452	0.544083398026
-eka	0.365840263711	0.213137966935	0.0851429115135	0.33587885784
-már	0.121765601218	0.847792998478	0.0304414003044	0.0
-eke	0.934359805511	0.0316045380875	0.00972447325769	0.0243111831442
-sár	0.0	1.0	0.0	0.0
-eki	0.347853142501	0.59738643435	0.0323584318606	0.0224019912881
-nkú	0.183836281651	0.495317377732	0.268817204301	0.0520291363163
-tuí	0.306704341125	0.504495247881	0.0845106601592	0.104289750835
-mki	0.472555594776	0.319625838334	0.11516060713	0.09265795976
-upu	0.0	0.982622432859	0.0	0.0173775671406
-him	0.211773913145	0.62292251115	0.0637774719125	0.101526103792
-nká	0.025853973829	0.666215441652	0.0135367504482	0.294393834071
-eku	0.255876591577	0.367042115573	0.26444662096	0.11263467189
-uut	0.367197062424	0.399755201958	0.203671970624	0.0293757649939
-mka	0.196066149535	0.166375917373	0.148009130734	0.489548802358
-ant	0.166332550581	0.320410637021	0.0580683654899	0.455188446908
-nké	0.114263138964	0.168012060388	0.00946394561032	0.708260855037
-uus	0.0	1.0	0.0	0.0
-uur	0.738554082656	0.25476216999	0.0	0.00668374735436
-ase	0.177243728114	0.74168945172	0.0177483570778	0.0633184630882
-tsá	0.10375351688	0.275193038435	0.00923375847839	0.611819686207
-uku	0.29575759981	0.369989681721	0.175113104215	0.159139614255
-asa	0.404427278296	0.144231390403	0.0210963505572	0.430244980743
-rki	0.581457054052	0.38215449928	0.0	0.0363884466682
-trí	0.184481297664	0.748940806198	0.00726304321509	0.0593148529233
-úam	0.154464445639	0.527382231775	0.205310764822	0.112842557765
-úak	0.588637919233	0.161533196441	0.0650239561944	0.184804928131
-kam	0.33040930183	0.328073781418	0.103012220554	0.238504696198
-ash	0.259337606127	0.313409426439	0.0533412048788	0.373911762556
-asu	0.12391507894	0.535978723535	0.0321241352971	0.307982062228
-úas	0.0	1.0	0.0	0.0
-amu	0.310020765129	0.387954470256	0.0910129188564	0.211011845758
-jiú	0.343050494534	0.636127017179	0.0208224882874	0.0
-chá	0.0	0.967741935484	0.0322580645161	0.0
-trú	0.1514870186	0.513717706566	0.0430258987739	0.29176937606
-uít	0.166666666667	0.708333333333	0.0625	0.0625
-iní	0.222588095588	0.0754797662042	0.030790558833	0.671141579375
-uís	0.0	1.0	0.0	0.0
-túa	0.0235294117647	0.266666666666	0.149019607843	0.560784313726
-430	0.37962962963	0.0555555555554	0.0	0.564814814815
-rau	0.15780141844	0.292553191489	0.443262411348	0.106382978723
-rar	0.369550910781	0.279983103664	0.0776840323761	0.272781953179
-ras	0.310423106646	0.402192812983	0.0937017001545	0.193682380216
-rap	0.454518390682	0.321507495306	0.122298721317	0.101675392696
-ran	0.164117489403	0.385997395138	0.0516503778173	0.398234737642
-eri	0.21592920354	0.323640960809	0.223767383059	0.236662452592
-ram	0.177277952445	0.284818690673	0.175992597697	0.361910759185
-raj	0.349098697126	0.100660360521	0.122077458504	0.428163483848
-rak	0.246054384127	0.225428819896	0.0532092240055	0.475307571971
-kní	0.169811320755	0.830188679245	0.0	0.0
-uím	0.629496402878	0.13309352518	0.210431654676	0.0269784172662
-era	0.280443069421	0.338866865283	0.122905954744	0.257784110553
-iwi	0.0285151741462	0.781383664879	0.0190101160975	0.171091044877
-uín	0.137795275591	0.704724409449	0.110236220472	0.0472440944882
-ere	0.0583003952569	0.569169960474	0.311264822134	0.0612648221344
-raa	0.515132408575	0.434426229508	0.0126103404792	0.0378310214376
-úju	0.0943396226415	0.72641509434	0.0	0.179245283019
-iaí	0.0614754098361	0.79189435337	0.0510018214936	0.0956284153006
-uka	0.262287976924	0.244207128693	0.024442040217	0.469062854166
-hín	0.0759253400823	0.758937045239	0.0208794685226	0.144258146156
-nás	0.00512032770097	0.992319508449	0.00256016385048	0.0
-smi	0.530612244898	0.32967032967	0.065934065934	0.0737833594976
-kuá	0.0708661417323	0.551181102362	0.0944881889764	0.283464566929
-áta	0.500630517024	0.31525851198	0.142496847415	0.0416141235813
-kuí	0.601150527325	0.0824544582933	0.046021093001	0.270373921381
-áti	0.459328665568	0.3579592257	0.0962211696869	0.0864909390445
-uju	0.146760343482	0.0523028883685	0.715456674473	0.0854800936768
-ika	0.27397260274	0.643835616438	0.0	0.082191780822
-aat	0.155032078905	0.697021928565	0.136455041655	0.0114909508762
-aap	0.0200100050025	0.979989994997	0.0	0.0
-iki	0.24813000366	0.0921793256469	0.0359243633087	0.623766307384
-aar	0.371117133825	0.319753189944	0.0260666458793	0.283063030351
-aam	0.464895635674	0.293833475419	0.103310141261	0.137960747646
-uja	0.0341005967605	0.893435635124	0.072463768116	0.0
-aan	0.186497547471	0.436444885799	0.0958191648361	0.281238401894
-aai	0.812915479582	0.187084520418	0.0	0.0
-aak	0.550331510589	0.151552107776	0.0204778677877	0.277638513848
-aaj	0.434166103984	0.105334233626	0.0432140445645	0.417285617826
-uji	0.358356641826	0.214662268888	0.0450904953071	0.381890593979
-hkí	0.0743205768164	0.12201885746	0.00443704936217	0.799223516362
-uki	0.564348257063	0.184206178754	0.0413018338014	0.210143730382
-awé	0.371681415929	0.628318584071	0.0	0.0
-áji	0.532971996387	0.412827461608	0.0542005420054	0.0
-ish	0.200210748156	0.736564805058	0.0	0.063224446786
-kji	0.339844840096	0.38544399174	0.0909750516269	0.183736116537
-awá	0.10229897701	0.819601803982	0.0181498185018	0.059949400506
-uyá	0.0749365824005	0.0246446366064	0.00196312736993	0.898455653623
-kja	0.0	0.78313253012	0.0	0.21686746988
-yáa	0.608108108108	0.190650109569	0.073411249087	0.127830533236
-yám	0.0	0.896551724138	0.051724137931	0.051724137931
-yán	0.672413793103	0.206896551724	0.0344827586207	0.0862068965517
-yái	0.513242662849	0.379384395132	0.0214745884037	0.0858983536149
-eún	0.170305676856	0.602620087336	0.0131004366812	0.213973799127
-íra	0.0738255033557	0.926174496644	0.0	0.0
-nuu	0.220685840708	0.491703539823	0.127212389381	0.160398230088
-sap	0.0231996133398	0.956500724988	0.0115998066699	0.00869985500243
-sau	0.249465431219	0.528391541934	0.100974103112	0.121168923735
-haa	0.406296532653	0.302382471814	0.0659434162944	0.225377579238
-mpe	0.0925266903915	0.448398576512	0.459074733096	0.0
-jup	0.118226600985	0.763546798029	0.0	0.118226600985
-mpa	0.0830063386659	0.82644129188	0.0561424690613	0.0344099003924
-stí	0.322900544872	0.380281764793	0.06548540293	0.231332287404
-saa	0.401838476691	0.511490479317	0.086671043992	0.0
-apá	0.0738137082601	0.718570591681	0.183011130639	0.02460456942
-íru	0.0	1.0	0.0	0.0
-ktí	0.312951372171	0.460760712566	0.139624458353	0.086663456909
-sak	0.148568912373	0.526728313518	0.0576838397182	0.26701893439
-sai	0.278328931873	0.264241515496	0.0286595557501	0.428769996881
-stá	0.392662671493	0.305103479046	0.0617528062544	0.240481043207
-sam	0.207610268435	0.141555668107	0.0321810503464	0.618653013112
-háa	0.235813997984	0.188194950365	0.151827567683	0.424163483969
-ais	0.0716178054674	0.741659145827	0.0148475938164	0.17187545489
-mún	0.0	1.0	0.0	0.0
-tis	0.0486673271633	0.869366648141	0.0459609018196	0.0360051228766
-ámu	0.385096718864	0.447034907728	0.0811549089985	0.0867134644093
-aní	0.00786976881022	0.948245850597	0.0152982421732	0.0285861384197
-ámi	0.271604938272	0.432098765432	0.296296296296	0.0
-esh	0.77901289462	0.22098710538	0.0	0.0
-áma	0.0429292929293	0.877525252525	0.0170454545455	0.0625
-áme	0.141509433962	0.169811320755	0.0566037735849	0.632075471698
-ipi	0.0867346938776	0.849489795918	0.0	0.0637755102041
-éri	0.193333333333	0.0666666666666	0.62	0.12
-taí	0.842105263158	0.105263157895	0.0526315789474	0.0
-ujú	0.460824742268	0.230927835052	0.0371134020619	0.271134020619
-iti	0.350443965695	0.31220864926	0.123015949664	0.21433143538
-éra	0.0	1.0	0.0	0.0
-mat	0.354169109886	0.553770376451	0.0562917790548	0.0357687346077
-ujá	0.471895876526	0.0483759502419	0.0270099055517	0.45271826768
-ewe	0.259163802978	0.254009163803	0.151775486827	0.335051546392
-han	0.161807718923	0.326979357725	0.160852478865	0.350360444487
-hka	0.142772686964	0.182678096364	0.12769731008	0.546851906592
-ují	0.846481876333	0.153518123667	0.0	0.0
-kae	0.517777777778	0.388888888889	0.04	0.0533333333333
-sji	0.440688968966	0.247431356279	0.0546954394107	0.257184235344
-hap	0.0718390804598	0.184626436782	0.743534482759	0.0
-awi	0.643835616438	0.246575342466	0.109589041096	0.0
-awa	0.204297644156	0.604915595888	0.0850967787126	0.105689981244
-sat	0.34398213145	0.384070793289	0.0987142420694	0.173232833192
-har	0.387553041018	0.244695898161	0.166195190948	0.201555869873
-awe	0.0783412104853	0.775239781929	0.138577418357	0.00784158922876
-has	0.51512455516	0.05871886121	0.0160142348755	0.410142348754
-mam	0.544784480498	0.265422004396	0.0703173793439	0.119476135762
-eák	0.571917808219	0.0	0.119863013699	0.308219178082
-jái	0.183102990552	0.417115639884	0.0976028734287	0.302178496135
-rus	0.322795684145	0.380867294344	0.0777953405265	0.218541680984
-ius	0.0935034145996	0.865627543258	0.0148614698701	0.0260075722727
-eán	0.121334681496	0.401752612066	0.375800471857	0.10111223458
-iur	0.0731277457428	0.764836860653	0.0103217692589	0.151713624345
-mpé	0.0	1.0	0.0	0.0
-stu	0.0573964748622	0.828115281109	0.00292108043758	0.111567163592
-276	0.0	0.307692307692	0.0	0.692307692308
-uér	0.0499545867393	0.913714804723	0.0	0.0363306085377
-mpá	0.100041854245	0.757041211119	0.142916934636	0.0
-mpú	0.491472868217	0.288372093023	0.117829457364	0.102325581395
-sti	0.269635852611	0.435139141983	0.0750069493776	0.220218056027
-juk	0.629903302317	0.108100711549	0.155081189564	0.10691479657
-ati	0.282193434409	0.206380701322	0.0492632157411	0.462162648527
-sta	0.417981955823	0.290463670691	0.0557295447475	0.235824828739
-saí	0.00894187779434	0.991058122206	0.0	0.0
-iáa	0.362733078634	0.328918857273	0.0299367052518	0.278411358841
-iám	0.452554744526	0.394160583942	0.0	0.153284671533
-ián	0.157743242731	0.413053742536	0.0408276628246	0.388375351908
-iái	0.124125190112	0.791734204883	0.0123554486057	0.0717851563993
-rét	0.0270551508845	0.972944849116	0.0	0.0
-iák	0.308156188753	0.438564751998	0.0	0.253279059249
-eyi	0.119958634953	0.849017580145	0.0310237849018	0.0
-iát	0.422586520947	0.475409836066	0.040072859745	0.0619307832422
-uch	0.137435693122	0.149448021255	0.167936100702	0.545180184922
-iás	0.0975715524718	0.832176929749	0.0442324371205	0.0260190806591
-iár	0.107182161826	0.788315230394	0.0375137566391	0.0669888511412
-eya	0.231739043426	0.604162497499	0.0063371356147	0.157761323461
-ium	0.235810852491	0.554989221097	0.0501344292204	0.159065497192
-tik	0.175234611434	0.192663562058	0.0453024908399	0.586799335668
-wái	0.0	0.93409275834	0.0528885272579	0.0130187144019
-mua	0.373312349163	0.424189879811	0.0845598697018	0.117937901324
-mum	0.554821664465	0.244385733157	0.200792602378	0.0
-mun	0.289570619003	0.503338599799	0.0473728282797	0.159717952919
-hru	0.685534591195	0.169811320755	0.0943396226415	0.0503144654088
-eká	0.254532775453	0.426778242678	0.126917712692	0.191771269177
-muk	0.484524707498	0.296496023838	0.0513347779183	0.167644490745
-muu	0.654676258993	0.345323741007	0.0	0.0
-ití	0.593632016109	0.241001761893	0.0181223256985	0.1472438963
-mus	0.0208899101734	0.979110089827	0.0	0.0
-mur	0.337117739851	0.332022557438	0.0527851828338	0.278074519877
-jas	0.333005387679	0.212227687983	0.0378542984305	0.416912625908
-eem	0.225037838352	0.577637756877	0.0374666591337	0.159857745637
-mám	0.389178617992	0.443285528031	0.107561929596	0.0599739243806
-pée	0.254083245522	0.490516332982	0.255400421496	0.0
-een	0.0636374310203	0.775253414739	0.017768384799	0.143340769441
-eek	0.888888888889	0.111111111111	0.0	0.0
-úra	0.146728271728	0.386238761239	0.0599400599401	0.407092907093
-san	0.135613371959	0.226064749127	0.0270129511774	0.611308927736
-ána	0.26582278481	0.550632911392	0.0696202531645	0.113924050633
-tji	0.336262671834	0.392673901233	0.091479963436	0.179583463497
-áni	0.0859598853868	0.727793696275	0.0644699140401	0.121776504298
-eep	0.548707753479	0.232604373757	0.0795228628231	0.13916500994
-eer	0.448275862069	0.423645320197	0.118226600985	0.00985221674877
-miá	0.372670205988	0.0703843703546	0.104039074113	0.452906349543
-120	0.0707269155207	0.536345776032	0.0707269155206	0.322200392927
-íni	0.130653266332	0.517587939699	0.341708542714	0.0100502512563
-tuá	0.226714068055	0.0294565769426	0.017064499746	0.726764855257
-pea	0.424736768216	0.486162197576	0.0183443305723	0.0707567036361
-aér	0.101694915254	0.898305084746	0.0	0.0
-iyu	0.198329853862	0.759916492693	0.0417536534447	0.0
-cha	0.177579255762	0.493293349122	0.125241391697	0.203886003419
-pen	0.191948614132	0.671860530226	0.0842342730386	0.0519565826029
-rku	0.105712166172	0.629080118695	0.22440652819	0.0408011869436
-íin	0.145984985541	0.160358409664	0.0419379193436	0.651718685451
-pet	0.292622055841	0.57817293194	0.0964488119377	0.0327562002808
-peu	0.0	0.964152352502	0.0	0.0358476474982
-153	0.0914634146342	0.182926829268	0.0152439024391	0.710365853658
-íir	0.114844669867	0.796395254053	0.0	0.0887600760801
-iyi	0.178375900792	0.533319752489	0.156909678898	0.131394667821
-per	0.249580176886	0.552263313057	0.0279882076352	0.170168302422
-pes	0.317715019255	0.459563543004	0.0545571245186	0.168164313222
-rka	0.352765511276	0.314953113041	0.0759722225103	0.256309153172
-iya	0.202956216797	0.413687261874	0.0743084868064	0.309048034523
-chu	0.286710484218	0.172135930613	0.101941253402	0.439212331767
-nkí	0.0483080674473	0.850244990913	0.0966161348946	0.00483080674472
-jáu	0.0459770114943	0.798850574713	0.155172413793	0.0
-pna	0.947368421053	0.0526315789474	0.0	0.0
-eja	0.174982674983	0.443866943867	0.0623700623701	0.31878031878
-ter	0.200817279626	0.725627553999	0.0700525394046	0.00350262697023
-jan	0.426980852639	0.256717444198	0.0272400296202	0.289061673543
-mín	0.259213542585	0.51706048316	0.115720331511	0.108005642744
-míi	0.161917098446	0.358808290155	0.440414507772	0.038860103627
-jáa	0.143278366277	0.308507152998	0.214043900841	0.334170579884
-ján	0.746136865342	0.0551876379691	0.132450331126	0.0662251655629
-tet	0.155844155844	0.818181818182	0.0	0.025974025974
-esa	0.405818232313	0.194438658613	0.0151010206207	0.384642088454
-uer	0.276038702333	0.672737620945	0.0375640295959	0.0136596471258
-mía	0.335964479526	0.64183522447	0.0	0.022200296004
-teu	0.0122989593188	0.987701040681	0.0	0.0
-spa	0.222222222222	0.68253968254	0.0634920634921	0.031746031746
-apu	0.256637168142	0.690265486726	0.0530973451327	0.0
-spi	0.0561885437802	0.826751990011	0.0889651943187	0.0280942718901
-eeá	0.11616673912	0.670579143119	0.0789740617302	0.134280056031
-666	0.210970464135	0.253164556962	0.0	0.535864978903
-áná	0.232409381663	0.652452025586	0.0639658848614	0.0511727078891
-spu	0.0	1.0	0.0	0.0
-jai	0.3245253428	0.297942997082	0.0512678782594	0.326263781858
-áum	0.00299401197605	0.994011976048	0.0	0.00299401197605
-nna	0.158304615108	0.534789827885	0.0361764713019	0.270729085705
-hum	0.0769230769231	0.923076923077	0.0	0.0
-hun	0.593972881887	0.222196096873	0.154753507328	0.0290775139118
-uti	0.61005616475	0.250200588393	0.0434608184007	0.0962824284568
-huk	0.34400612792	0.395940252777	0.0601302183072	0.199923400996
-hua	0.236633062718	0.329087821028	0.308309242832	0.125969873422
-ait	0.371019083811	0.350774176438	0.113471035704	0.164735704047
-éam	0.927374301676	0.0223463687151	0.0	0.0502793296089
-hur	0.0570175438596	0.564194577353	0.0877192982456	0.291068580542
-yúa	0.551234106208	0.269259536275	0.0	0.179506357517
-meá	0.240740740741	0.569865319865	0.0631313131313	0.126262626263
-nch	0.0899276749757	0.556394890334	0.133924655185	0.219752779505
-chí	0.332002726122	0.383799045857	0.0110992113718	0.273099016649
-tea	0.547203420021	0.420733879587	0.0213751335946	0.0106875667973
-tui	0.428665782994	0.242350541173	0.0596599962734	0.269323679559
-tuk	0.443536515849	0.284290435742	0.0284288146419	0.243744233767
-tum	0.053668560696	0.0661037337174	0.0101823860549	0.870045319532
-tun	0.154871609862	0.614635549467	0.018394379793	0.212098460878
-aen	0.0218446601941	0.96359223301	0.0145631067961	0.0
-átá	0.215450035436	0.561304039688	0.0531537916371	0.170092133239
-tur	0.285078303018	0.386430989292	0.0658561964095	0.262634511281
-aer	0.0750381549941	0.792832513708	0.0412639195071	0.0908654117913
-rkí	0.0	1.0	0.0	0.0
-rmí	0.536374002281	0.380615735462	0.054275940707	0.0287343215507
-rin	0.191102415843	0.574720271695	0.0514501013542	0.182727211107
-ris	0.0151856017998	0.843082114736	0.0	0.141732283465
-tna	0.415656175247	0.345933207381	0.0725926148759	0.165818002496
-kái	0.148191365228	0.169194865811	0.0280046674446	0.654609101517
-nuí	0.193612774451	0.431137724551	0.10379241517	0.271457085828
-ému	0.0	1.0	0.0	0.0
-keá	0.0289901755516	0.835722338541	0.115960702206	0.0193267837011
-jee	0.0688389169344	0.878231604712	0.0272296160318	0.0256998623221
-rur	0.564638254474	0.143307475971	0.0354791853386	0.256575084217
-jek	0.31377245509	0.128143712575	0.540119760479	0.0179640718563
-káa	0.475545392602	0.086327362598	0.0363210107519	0.401806234048
-jen	0.0665845921352	0.732674782926	0.0566542252099	0.144086399729
-iir	0.170253872677	0.176131312326	0.0398345962602	0.613780218737
-rut	0.606549118388	0.169325496781	0.153596417576	0.0705289672544
-kri	0.270915175324	0.602138804016	0.0229157573112	0.104030263349
-ruk	0.603384078321	0.107350568417	0.0125737638162	0.276691589445
-rui	0.421826630189	0.323695818057	0.0544456024765	0.200031949278
-run	0.216992993926	0.575006943996	0.0453661722194	0.162633889859
-sué	0.0292825768667	0.897510980966	0.0	0.0732064421669
-ich	0.0470338009544	0.139782499518	0.131013833748	0.682169865779
-kár	0.266666666667	0.590476190476	0.0857142857143	0.0571428571429
-rua	0.291472293772	0.373910020108	0.232438965058	0.102178721063
-káu	0.177777777778	0.785185185185	0.037037037037	0.0
-kát	0.458536585366	0.268292682927	0.0878048780487	0.185365853659
-eas	0.035788912106	0.745587516116	0.162606144134	0.0560174276442
-ear	0.563164108619	0.111317254174	0.0174987350312	0.308019902176
-eau	0.346374543558	0.606677099635	0.0	0.0469483568075
-eat	0.301541808388	0.645280477909	0.0265888568518	0.0265888568518
-tma	0.279662559551	0.422572606815	0.0503085044282	0.247456329205
-niá	0.0610397611488	0.748447940856	0.0611345433866	0.129377754609
-nji	0.374547870377	0.391068133166	0.184778917842	0.0496050786152
-rna	0.530606340078	0.376444420333	0.0332736577515	0.0596755818369
-hiá	0.877263581489	0.0623742454728	0.0402414486921	0.0201207243461
-eai	0.392795883362	0.279588336192	0.118353344768	0.209262435678
-eak	0.440147655916	0.328868016208	0.0945694077083	0.136414920168
-eaj	0.61890139884	0.197611736609	0.0790856363016	0.10440122825
-eam	0.499845214404	0.256569883145	0.126924189077	0.116660713375
-usá	0.218551668023	0.459506373746	0.0197992948196	0.302142663412
-ean	0.358921853969	0.302158707881	0.0293924787465	0.309526959403
-uri	0.15285411677	0.704688607005	0.0399342343401	0.102523041885
-tua	0.370575596517	0.322882505937	0.196709261563	0.109832635983
-ura	0.0283752629535	0.00340583942181	0.000304492003897	0.967914405621
-hna	0.228317188556	0.484455958549	0.180220770444	0.107006082451
-ure	0.0664581704456	0.921813917123	0.0117279124316	0.0
-uká	0.538011695906	0.426900584795	0.0350877192982	0.0
-jni	0.399319984889	0.393369852663	0.0	0.207310162448
-uké	0.0838183934809	0.85681024447	0.0104772991851	0.0488940628638
-tsu	0.05275447009	0.0277571992972	0.00809330385752	0.911395026755
-uru	0.0731291227288	0.693623424848	0.106924041225	0.126323411198
-ukí	0.566893962793	0.0581862244292	0.0229276057878	0.35199220699
-jik	0.314110943324	0.370705185566	0.0835976974149	0.231586173696
-isu	0.128316659417	0.806437581557	0.0130491518051	0.0521966072205
-pai	0.391895530425	0.0823909531502	0.0675821217017	0.458131394723
-wau	0.411599625818	0.0318054256315	0.430308699719	0.126286248831
-pak	0.606356198867	0.203272498427	0.059786028949	0.130585273757
-pam	0.847123893805	0.0506637168142	0.00929203539823	0.0929203539823
-pan	0.339699850284	0.503401575309	0.017085900533	0.139812673874
-ape	0.0451143237978	0.750196520729	0.150859564578	0.053829590895
-paa	0.320987654321	0.62962962963	0.0493827160494	0.0
-api	0.325006825007	0.550095550095	0.0429975429975	0.0819000819001
-pae	0.0918367346939	0.734693877551	0.0	0.173469387755
-way	0.0671414038657	0.801627670397	0.0030518819939	0.128179043744
-tiá	0.350347813683	0.306185125825	0.0432312688277	0.300235791664
-waa	0.167345189629	0.607670880651	0.125348189415	0.0996357403042
-aín	0.0246507806081	0.872637633525	0.0	0.102711585867
-wan	0.0313436903788	0.497138184792	0.000908512764606	0.470609612065
-par	0.094297277131	0.865801162564	0.00665026005083	0.0332513002542
-pas	0.177758318739	0.780210157618	0.0420315236427	0.0
-pat	0.610169491525	0.28813559322	0.101694915254	0.0
-waj	0.0405405405405	0.682432432432	0.216216216216	0.0608108108108
-wai	0.45275119487	0.225253780289	0.0550704800336	0.266924544808
-nun	0.21710064251	0.62656400385	0.0280935410868	0.128241812554
-jeá	0.243667014094	0.31866588118	0.00353468980831	0.434132414918
-nuk	0.270531400966	0.624330259113	0.0436539306105	0.0614844093105
-kea	0.185955826352	0.411028179741	0.0872505712109	0.315765422696
-ini	0.141001647966	0.527142486027	0.251456298936	0.0803995670704
-ken	0.236838812382	0.676422131233	0.0322382187124	0.0545008376723
-kem	0.737425742574	0.118415841584	0.0	0.144158415842
-krí	0.315294117647	0.550588235294	0.0	0.134117647059
-kek	0.342776673294	0.432736911862	0.079522862823	0.144963552021
-sur	0.141354259475	0.781372078679	0.0	0.0772736618464
-nua	0.104739839753	0.873861698362	0.021398461885	0.0
-sun	0.17031230656	0.506597337608	0.0288653882493	0.294224967583
-sum	0.152694527308	0.637514288104	0.0984136719731	0.111377512615
-suk	0.349410525335	0.289447707834	0.0988429071732	0.262298859658
-ker	0.181617761177	0.0852825754384	0.251031951703	0.482067711682
-sui	0.424708336753	0.307863504123	0.116702923303	0.150725235821
-ruí	0.346395557816	0.52767045363	0.0201996957849	0.105734292769
-jía	0.0382308845577	0.912293853073	0.0157421289355	0.0337331334333
-krú	0.173913043478	0.717391304348	0.0217391304348	0.0869565217391
-nus	0.0	1.0	0.0	0.0
