kud-	0.489795918367	0.312925170068	0.122448979592	0.0748299319727
lol-	0.521060549079	0.235238811583	0.062006393381	0.181694245957
ivi-	0.251684385431	0.29983261974	0.0445813453193	0.40390164951
tut-	0.436339522546	0.45225464191	0.0	0.111405835544
vas-	0.373411755422	0.447165647107	0.0716283812312	0.107794216241
eir-	0.183673469388	0.387755102041	0.285714285714	0.142857142857
lur-	0.52234331677	0.218137645153	0.0633184176572	0.196200620419
fig-	0.0	1.0	0.0	0.0
son-	0.233565369206	0.290798397386	0.335519394767	0.140116838642
ure-	0.180225366817	0.709247302066	0.0581006093755	0.0524267217412
maa-	0.143040818264	0.483344503154	0.0375852477831	0.336029430799
uti-	0.334976360527	0.262146665325	0.171008952822	0.231868021326
ngy-	0.081964000368	0.85355649744	0.0457993346666	0.0186801675257
ipu-	0.791666666667	0.0833333333333	0.025	0.1
fal-	0.0	1.0	0.0	0.0
ver-	0.228784147126	0.294557978209	0.0555909460847	0.42106692858
unn-	0.260637371568	0.506588494805	0.143960062692	0.0888140709352
aul-	0.978242677824	0.0217573221758	0.0	0.0
kul-	0.25784765653	0.0958352286905	0.0312672704995	0.61504984428
lau-	0.3184	0.4896	0.0	0.192
wav-	0.563769293258	0.305442729488	0.119415109667	0.0113728675873
nyu-	0.0415913200723	0.514165159735	0.36769138035	0.0765521398432
aku-	0.524340092017	0.191461629149	0.049450537758	0.234747741076
emu-	0.158823529412	0.388235294118	0.417647058824	0.0352941176471
ite-	0.525435978737	0.419775249464	0.0286766763033	0.0261120954957
sol-	0.0140770533446	0.977032176122	0.00889077053344	0.0
ufu-	0.114510102622	0.807798009326	0.0361903389499	0.041501549103
yeu-	0.0800084451298	0.0911858766654	0.0055685646989	0.823237113506
efo-	0.0125058198836	0.00335426550297	0.00136406797121	0.982775846642
ii--	0.210084033613	0.0861344537815	0.703781512605	0.0
san-	0.431131650135	0.149853471596	0.115250225428	0.30376465284
asw-	0.871186440678	0.0474576271186	0.0203389830508	0.0610169491525
iuv-	0.551848217206	0.251880929015	0.0785083415113	0.117762512267
vaa-	0.230661672661	0.347641043843	0.115223691907	0.306473591589
yal-	0.513824884793	0.380184331797	0.0645161290322	0.0414746543779
sak-	0.0576484783483	0.924476024489	0.0125128480136	0.00536264914868
mye-	0.201783056585	0.440730148539	0.121034814836	0.236451980039
myu-	0.0447006472492	0.801375404531	0.122977346278	0.0309466019418
ele-	0.363525091799	0.419828641371	0.0220318237454	0.194614443084
veu-	0.742718446602	0.21359223301	0.0145631067961	0.0291262135923
uwa-	0.200919632147	0.747101159536	0.0399840063974	0.0119952019192
wii-	0.145273376744	0.607205516668	0.15734483567	0.090176270918
nun-	0.135540362241	0.792491303826	0.0431810003599	0.0287873335732
der-	0.0104712041885	0.989528795812	0.0	0.0
kat-	0.509585788845	0.123581833592	0.0822276302681	0.284604747295
abi-	0.0	0.988173455979	0.011826544021	0.0
mil-	0.0570483670938	0.898305084746	0.00496072757338	0.039685820587
tib-	0.0	0.993103448276	0.00689655172414	0.0
ufo-	0.0732773451936	0.856121525698	0.029056060355	0.0415450687533
yer-	0.0125283392371	0.978634946041	0.000757942231426	0.00807877249027
nee-	0.159774243826	0.0835259146083	0.0254881756557	0.73121166591
mbi-	0.42113721227	0.120385687952	0.397504372076	0.0609727277024
imm-	0.623957264217	0.174618209697	0.069594034797	0.131830491288
ari-	0.26952183964	0.371719187249	0.048838058158	0.309920914953
swa-	0.381718797449	0.118433039781	0.0321894928636	0.467658669906
lya-	0.0612634085488	0.0334107660643	0.00676949976129	0.898556325626
nka-	0.0427666922487	0.73527330093	0.0599940308689	0.161965975953
ked-	0.0	1.0	0.0	0.0
tai-	0.216981132076	0.51179245283	0.271226415094	0.0
paf-	0.0	1.0	0.0	0.0
mar-	0.0979035981115	0.765428765394	0.0409828365886	0.0956847999058
dek-	0.0718562874252	0.568862275449	0.0	0.359281437126
abr-	0.000555041628122	0.984181313599	0.0152636447734	0.0
iri-	0.156145566209	0.711030168401	0.0297502572563	0.103074008134
nen-	0.430127041742	0.359346642468	0.0308529945554	0.179673321234
ful-	0.0645161290322	0.903225806452	0.0	0.0322580645161
ong-	0.693290734824	0.162939297125	0.0575079872204	0.0862619808307
wai-	0.14953271028	0.364485981308	0.411214953271	0.0747663551402
mul-	0.585511290971	0.217192456354	0.100422293499	0.0968739591759
ate-	0.396811644429	0.187489169988	0.0431467683244	0.372552417259
fip-	0.289591749836	0.59954408084	0.0999594969311	0.0109046723925
naw-	0.0491380570265	0.0666935085465	0.00379007576249	0.880378358664
kam-	0.597987463396	0.0574116651002	0.0164610891466	0.328139782357
eru-	0.282061468453	0.0638881866445	0.00288923399183	0.651161110911
ety-	0.882352941176	0.117647058824	0.0	0.0
ies-	0.511278195489	0.488721804511	0.0	0.0
sin-	0.0636943748431	0.709305950369	0.0905875553324	0.136412119456
kim-	0.105455193829	0.169195387641	0.020175195112	0.705174223418
aal-	0.680490201148	0.272454625368	0.00723925745902	0.0398159160246
dor-	0.0	1.0	0.0	0.0
ewo-	0.434750186428	0.325130499627	0.0521998508576	0.187919463087
nfy-	0.388314785373	0.357313195548	0.222575516693	0.0317965023847
osh-	0.32736146951	0.439241817194	0.163282629363	0.0701140839331
wes-	0.333333333333	0.230769230769	0.0512820512821	0.384615384615
lla-	0.355167467269	0.18531316709	0.0407386610348	0.418780704606
maw-	0.182196254238	0.764936963794	0.00477891814396	0.0480878638236
vae-	0.445846477392	0.352961794602	0.142306344199	0.0588853838066
ees-	0.718354816766	0.135703197223	0.056339502189	0.089602483822
nye-	0.195331695332	0.103371912582	0.0316824001035	0.669613991982
nnd-	0.0360420489987	0.611555138059	0.00480861624973	0.347594196692
gen-	0.00669642857143	0.973214285714	0.0	0.0200892857143
ake-	0.546693307118	0.0532488853459	0.00827276304531	0.391785044491
mfi-	0.180235829906	0.666744674343	0.0911731955464	0.0618463002047
ngw-	0.0481927710843	0.877510040161	0.0682730923694	0.00602409638554
kid-	0.122724941326	0.455835496355	0.271685913676	0.149753648642
mwi-	0.293752140709	0.508024586352	0.106212213423	0.0920110595161
kiv-	0.288432169333	0.248580417906	0.115087251216	0.347900161545
por-	0.076923076923	0.871794871795	0.051282051282	0.0
wok-	0.0278692677983	0.862117501337	0.00867043887058	0.101342791994
nyo-	0.654103402822	0.1972367329	0.0	0.148659864278
alf-	0.00177777777778	0.985777777778	0.0124444444444	0.0
pas-	0.00144126831612	0.993514292577	0.00216190247418	0.00288253663224
ifa-	0.182448036952	0.720554272517	0.0	0.0969976905312
ent-	0.938461538462	0.0461538461538	0.0	0.0153846153846
nge-	0.0911507785796	0.265476642613	0.0364603114318	0.606912267376
tiw-	0.392380952381	0.474285714286	0.087619047619	0.0457142857143
ngi-	0.0293154196734	0.775837922522	0.126839631599	0.0680070262059
nkw-	0.19552145344	0.183536916282	0.0304186043923	0.590523025885
umm-	0.203765227021	0.390919158361	0.0797342192691	0.325581395349
rat-	0.0	0.74358974359	0.25641025641	0.0
epa-	0.0	0.983343248067	0.00951814396192	0.00713860797144
oro-	0.328722002635	0.385375494071	0.0540184453228	0.231884057971
yei-	0.0828331332533	0.0844953365962	0.0285806630344	0.804090867116
asi-	0.208904494881	0.720797484619	0.0336568352864	0.0366411852133
nke-	0.603490014121	0.181841615673	0.0847734965145	0.129894873692
nan-	0.512562905318	0.182893865821	0.0430484800316	0.26149474883
uva-	0.181859770142	0.749966212789	0.019917742311	0.0482562747573
rer-	0.644135188867	0.13717693837	0.051689860835	0.166998011928
mpe-	0.106382978723	0.170212765957	0.723404255319	0.0
nis-	0.241331131716	0.113108090944	0.135971040264	0.509589737076
usi-	0.0624559755811	0.741019018549	0.137708382249	0.0588166236206
ufi-	0.2383665717	0.615384615385	0.126305792972	0.019943019943
wom-	0.0654810024252	0.784424683374	0.037186742118	0.112907572083
kya-	0.0898892597425	0.0830090904258	0.0185774578629	0.808524191969
nsu-	0.0420689555642	0.850052676394	0.0756952562382	0.0321831118038
amu-	0.636266537064	0.195805618505	0.0905900503529	0.0773377940786
aso-	0.450845423418	0.351336086696	0.130149316954	0.0676691729323
uki-	0.301774654928	0.550254117255	0.0362151803816	0.111756047435
mel-	0.0	0.995604395604	0.0	0.0043956043956
iim-	0.522042317428	0.33753641878	0.0348665042747	0.105554759517
kri-	0.00276441391721	0.992595451562	0.00140125916657	0.00323887535431
kaf-	0.641413200268	0.152328301965	0.0542131671394	0.152045330628
ail-	0.127403846154	0.0673076923077	0.427884615385	0.377403846154
mir-	0.102175851385	0.759219464633	0.0231889821865	0.115415701795
isa-	0.13123388661	0.721736127504	0.0497855839943	0.0972444018917
tee-	0.154822755889	0.730193653645	0.0857702798802	0.0292133105859
mus-	0.574120052542	0.216576805231	0.0724316988616	0.136871443365
fik-	0.278354087911	0.185875001858	0.069114858373	0.466656051858
mmu-	0.339599210285	0.440086195462	0.0765624688543	0.143752125399
dio-	0.046875	0.953125	0.0	0.0
bab-	0.0164233576642	0.965328467153	0.00729927007301	0.0109489051095
ita-	0.642557951277	0.186331547497	0.0447512321349	0.126359269091
ook-	0.164249146758	0.0618600682594	0.0264505119454	0.747440273038
eno-	0.0106063284426	0.978787343115	0.0	0.0106063284426
uum-	0.297180043384	0.475054229935	0.201735357918	0.0260303687636
siy-	0.487220920924	0.413155631986	0.0311323272156	0.0684911198743
war-	0.447331595555	0.29798326245	0.134065029497	0.120620112498
eka-	0.453515398024	0.296484601976	0.0982350377687	0.151764962231
ila-	0.368352598275	0.351586317439	0.135071231773	0.144989852513
sor-	0.708482676225	0.222222222222	0.026284348865	0.0430107526881
ura-	0.0981586490993	0.612245445841	0.216126809508	0.0734690955516
kom-	0.614917543923	0.188912442065	0.0	0.196170014012
mee-	0.119018219864	0.258414787026	0.240355160095	0.382211833014
kod-	0.21287642783	0.71235721703	0.0623052959501	0.01246105919
wee-	0.178634419032	0.203869770961	0.0745182006977	0.542977609308
kev-	0.475538370657	0.240129667873	0.0999604552046	0.184371506266
eiy-	0.208333333333	0.314345991561	0.311181434599	0.166139240506
uba-	0.119340173251	0.856392455612	0.0132088222645	0.0110585488727
irw-	0.349378042185	0.058409951325	0.0443482963764	0.547863710114
wef-	0.604949587534	0.248395967003	0.146654445463	0.0
tau-	0.612903225806	0.175315568022	0.105189340813	0.106591865358
mal-	0.231857747987	0.61390401713	0.136782572266	0.017455662617
umb-	0.561973193312	0.286030122979	0.122979135001	0.0290175487081
nnu-	0.148876879047	0.0395229182243	0.115126379334	0.696473823395
sab-	0.0232874223412	0.964536469872	0.00197183931763	0.0102042684687
nyi-	0.119302370732	0.660806350713	0.0611234549259	0.15876782363
aki-	0.327435606926	0.58147328438	0.0267294373001	0.0643616713937
wir-	0.0625	0.9375	0.0	0.0
nin-	0.181867169608	0.305536844941	0.0121244779738	0.500471507477
lis-	0.0154981549815	0.982287822878	0.0	0.00221402214022
eko-	0.372778421163	0.505302608902	0.0829814978616	0.0389374720735
u-n-	0.263157894737	0.526315789474	0.0526315789474	0.157894736842
uni-	0.0906390777204	0.0893932417915	0.495039225776	0.324928454712
ary-	0.167986097702	0.111218381927	0.04769260475	0.673102915621
uur-	0.38202247191	0.488764044944	0.125	0.00421348314606
sir-	0.0320675542662	0.945319380407	0.00562088794488	0.0169921773818
yav-	0.537127560522	0.180633147113	0.0139664804469	0.268272811918
afu-	0.556788052595	0.263730317624	0.142957632163	0.0365239976192
eon-	0.0217391304348	0.95652173913	0.0217391304348	0.0
mab-	0.121951219512	0.752613240418	0.0209059233449	0.104529616725
esr-	0.0	1.0	0.0	0.0
fus-	0.336283185841	0.212389380531	0.185840707965	0.265486725664
and-	0.081186786069	0.161234555313	0.0031325189081	0.75444613971
apa-	0.33508380572	0.225777560205	0.0225855441392	0.416553089936
ALL	0.226866815411	0.293077165448	0.0536649252466	0.426391093894
ana-	0.0440366972477	0.924770642202	0.02874617737	0.00244648318043
wuu-	0.0977345716518	0.193299192778	0.241124902352	0.467841333218
nii-	0.185234559799	0.0975361308229	0.168225385236	0.549003924142
mna-	0.0	0.961290322581	0.0387096774193	0.0
mae-	0.216216216216	0.675675675676	0.0	0.108108108108
per-	0.02284843869	0.965727341965	0.0	0.011424219345
ger-	0.218181818182	0.781818181818	0.0	0.0
fib-	0.0956175298804	0.90438247012	0.0	0.0
kuw-	0.309685077858	0.277634243419	0.119754207108	0.292926471615
sok-	0.223140495868	0.652892561983	0.099173553719	0.0247933884298
lum-	0.440143460068	0.224572970819	0.0779792417628	0.25730432735
deo-	0.0	1.0	0.0	0.0
kui-	0.261194029851	0.402985074627	0.0522388059701	0.283582089552
noo-	0.399594742038	0.185015846625	0.0518262586377	0.363563152699
adi-	0.0	1.0	0.0	0.0
iip-	0.800300864987	0.0786009778112	0.0175504575655	0.103547699636
yev-	0.141733068487	0.195390305715	0.0216671613507	0.641209464447
nru-	0.155697254265	0.50608467142	0.275690298147	0.0625277761675
mii-	0.0564192577733	0.687665938993	0.215720691486	0.040194111747
lwa-	0.113203505784	0.0568911937228	0.0160090631918	0.813896237301
gas-	0.0	0.959459459459	0.0	0.0405405405405
ata-	0.746732405523	0.126661112553	0.0319589177672	0.0946475641568
fit-	0.175296828226	0.681586559483	0.11381218257	0.0293044297198
far-	0.0107623318386	0.989237668161	0.0	0.0
fra-	0.0220025510204	0.951211734694	0.0031887755102	0.0235969387755
suk-	0.139266006832	0.526145222037	0.181308574932	0.153280196199
ins-	0.510521813516	0.254576561163	0.113259195894	0.121642429427
aek-	0.20178041543	0.79821958457	0.0	0.0
ire-	0.228709959984	0.613906392897	0.0333825975218	0.124001049597
waa-	0.0794853950142	0.268764843677	0.105645512696	0.546104248613
mes-	0.099173553719	0.242663792071	0.570727033178	0.0874356210325
eet-	0.370145631068	0.158373786408	0.253337378641	0.218143203883
num-	0.160029284425	0.0272227341387	0.0430430556783	0.769704925758
iwu-	0.481730268111	0.20562858301	0.122010539116	0.190630609763
kla-	0.0	1.0	0.0	0.0
elu-	0.100970761752	0.114313326698	0.0369264500122	0.747789461537
ami-	0.579117132062	0.252050502258	0.0291217399318	0.139710625749
kur-	0.342896224835	0.5416942516	0.0520083978413	0.0634011257229
ni--	0.0	0.976331360947	0.0236686390532	0.0
iku-	0.328704406976	0.326607983384	0.0359476099528	0.308739999686
tek-	0.334498834499	0.43006993007	0.18648018648	0.048951048951
uri-	0.134102741395	0.751303066386	0.0939418193152	0.0206523729047
pro-	0.0	1.0	0.0	0.0
nsi-	0.183693955299	0.516342663677	0.0815925400079	0.218370841016
wo--	0.547038327526	0.327526132404	0.0836236933798	0.0418118466899
mda-	0.0	1.0	0.0	0.0
aas-	0.692307692308	0.0979020979021	0.041958041958	0.167832167832
vik-	0.690615427458	0.250905040379	0.0417710944027	0.0167084377611
tal-	0.166147021281	0.715834187784	0.03515453347	0.0828642574651
vay-	0.0527179127421	0.433238923062	0.0677907546711	0.446252409525
lle-	0.294304780567	0.322628535242	0.235025629384	0.148041054807
paa-	0.539691738206	0.053364060682	0.0708795478947	0.336064653217
noe-	0.0	1.0	0.0	0.0
uke-	0.410343111308	0.138044431453	0.0334578951942	0.418154562045
llw-	0.368686775484	0.179489190511	0.0344476534074	0.417376380597
she-	0.187089177756	0.0619245203191	0.0503524586319	0.700633843293
mif-	0.355510970164	0.489159277717	0.149504886415	0.00582486570449
nem-	0.884735202492	0.0654205607476	0.0498442367601	0.0
woi-	0.222839879621	0.373429306469	0.00446491562082	0.399265898289
kye-	0.185322435209	0.257921968806	0.0434848317554	0.51327076423
vak-	0.438670353933	0.259443778558	0.050264289641	0.251621577868
pon-	0.016393442623	0.970491803279	0.0	0.0131147540983
umi-	0.241171403962	0.329888027563	0.382428940568	0.046511627907
anr-	0.572014756814	0.201965065502	0.0967474777895	0.129272699895
ilu-	0.475048140501	0.323457763961	0.0692527202282	0.13224137531
sik-	0.0	0.940298507463	0.0298507462687	0.0298507462687
nga-	0.129313767116	0.533726179763	0.0863280808427	0.250631972279
ben-	0.0	1.0	0.0	0.0
mwa-	0.199784552663	0.637088410479	0.0376684197043	0.125458617154
kai-	0.464946237798	0.387558140755	0.0253536395836	0.122141981864
tol-	0.0849056603774	0.915094339623	0.0	0.0
ome-	0.00546448087432	0.972677595628	0.0218579234973	0.0
nni-	0.0825237967064	0.25139272926	0.535660394287	0.130423079746
wem-	0.591364687741	0.306861989206	0.0138781804163	0.0878951426368
amp-	0.443719412724	0.463295269168	0.0587275693311	0.0342577487765
kas-	0.505446807811	0.185086126364	0.0517816713889	0.257685394436
ili-	0.0	1.0	0.0	0.0
map-	0.182206792174	0.600701284147	0.0672747543484	0.149817169331
til-	0.366626391877	0.131920520192	0.0487209803442	0.452732107586
uve-	0.671429969658	0.0926886561613	0.112557502202	0.123323871978
idi-	0.377240353761	0.569930343586	0.00821789152383	0.0446114111294
nns-	0.159728944821	0.795498547919	0.00459825750242	0.040174249758
tye-	0.671232876712	0.164383561644	0.082191780822	0.082191780822
raa-	0.345595513032	0.603266248763	0.0478389970307	0.00329924117453
usu-	0.0824103578579	0.498319098781	0.251903007617	0.167367535744
kef-	0.0254237288135	0.970338983051	0.0	0.00423728813559
yem-	0.642201834862	0.187614678899	0.142660550459	0.0275229357798
sat-	0.0559526743899	0.93985703722	0.00369731328568	0.000492975104756
eya-	0.210862619808	0.654952076677	0.0958466453674	0.038338658147
ani-	0.597353268229	0.237143423356	0.0614616477117	0.104041660703
ntu-	0.0576831019626	0.713499281953	0.114887505984	0.1139301101
nad-	0.505033557047	0.405201342282	0.0293624161074	0.0604026845637
afw-	0.342069710889	0.390628015594	0.16848728143	0.0988149920871
kis-	0.239084192039	0.374543966925	0.163478223062	0.222893617974
aaf-	0.24024024024	0.56956956957	0.12012012012	0.0700700700701
kae-	0.669437066704	0.139311719563	0.0441991384105	0.147052075322
kuv-	0.434385066491	0.303850664905	0.0900801189395	0.171684149665
aka-	0.289173383201	0.192231706644	0.0259029368738	0.492691973281
eub-	0.0	1.0	0.0	0.0
aiv-	0.631578947368	0.250320924262	0.0	0.11810012837
ded-	0.0449164437852	0.478547621113	0.199929551163	0.276606383939
nkr-	0.265565438374	0.560355781449	0.0864040660737	0.0876747141042
adr-	0.0643776824035	0.888412017167	0.0343347639485	0.0128755364807
miv-	0.103648141834	0.125127855438	0.314353903853	0.456870098875
ise-	0.389060045847	0.518953228609	0.0547540032999	0.0372327222439
ute-	0.0770863615415	0.555008508526	0.317961853441	0.0499432764917
iin-	0.356235170652	0.257802518708	0.137798868407	0.248163442234
ter-	0.0639045412507	0.180887274391	0.00200223105747	0.7532059533
wen-	0.106831380435	0.692218505674	0.0907533192424	0.110196794648
tra-	0.0	1.0	0.0	0.0
nri-	0.123309071543	0.568657225962	0.0912070354641	0.216826667031
240-	0.0	0.564356435644	0.039603960396	0.39603960396
nam-	0.517258295819	0.228941040364	0.143744526413	0.110056137404
sho-	0.272650084878	0.502585864019	0.0748888452328	0.14987520587
ale-	0.65671597884	0.157105003462	0.0453783416774	0.140800676021
ker-	0.731182795699	0.243010752688	0.0	0.0258064516129
sid-	0.0	1.0	0.0	0.0
eky-	0.167541400276	0.0284375815805	0.0119074343844	0.792113583759
oli-	0.0	1.0	0.0	0.0
n-n-	0.272349272349	0.727650727651	0.0	0.0
muf-	0.385013184305	0.38439922862	0.11763548349	0.112952103585
iid-	0.380054293471	0.50635805115	0.0857265323618	0.0278611230176
fim-	0.10596210351	0.743030331074	0.0806746408162	0.0703329246003
n'n-	0.489358396769	0.38014603076	0.0978716793536	0.0326238931179
tok-	0.424096385542	0.0939759036144	0.453012048193	0.0289156626506
ula-	0.0837507730924	0.537474589554	0.0372249347214	0.341549702632
net-	0.775090689238	0.101571946796	0.0580411124546	0.0652962515115
fyo-	0.0365240267672	0.37081432454	0.0120991623951	0.580562486298
eli-	0.0102466015438	0.987294214086	0.000819728123505	0.00163945624701
eis-	0.652533237513	0.134028027309	0.0776140855192	0.135824649659
yul-	0.00684931506849	0.993150684932	0.0	0.0
imu-	0.532972349208	0.209320491767	0.0648173627447	0.192889796281
soo-	0.16895720234	0.70337453223	0.0380277236072	0.0896405418226
mut-	0.510078437331	0.130105369054	0.0517047151473	0.308111478468
eto-	0.284774154951	0.0853217975564	0.0413032973607	0.588600750132
maf-	0.100002392276	0.780243657188	0.082001054145	0.0377528963905
gid-	0.0169491525424	0.983050847458	0.0	0.0
var-	0.294964881426	0.415279320157	0.123369857921	0.166385940496
tuk-	0.0483870967742	0.661290322581	0.254032258064	0.0362903225807
afi-	0.503952016228	0.260494992947	0.0262156238706	0.209337366955
eeb-	0.743852459017	0.194672131147	0.030737704918	0.030737704918
tup-	0.246710526316	0.0882437070939	0.033466819222	0.631578947368
fwa-	0.111173814898	0.604401805869	0.0863431151242	0.198081264109
nim-	0.0	1.0	0.0	0.0
ukw-	0.234600144092	0.454070605187	0.273505043228	0.0378242074928
vio-	0.293617021277	0.559574468085	0.0510638297872	0.095744680851
lly-	0.279621018892	0.0555957075849	0.0160955276959	0.648687745827
sen-	0.0664805529204	0.806401951484	0.111180376745	0.0159371188508
tiv-	0.466580544308	0.314947295288	0.171358164074	0.0471139963307
enn-	0.515463917526	0.39175257732	0.0	0.0927835051546
yam-	0.453147229592	0.395355096705	0.0474872149806	0.104010458723
yau-	0.596691386195	0.331431831147	0.00427837992014	0.0675984027382
wuy-	0.434782608696	0.217391304348	0.0	0.347826086957
lyi-	0.328088957517	0.197870980477	0.100956939311	0.373083122695
aef-	0.192513368984	0.775401069519	0.0320855614973	0.0
nki-	0.121836388082	0.519472733592	0.117504623214	0.241186255112
lat-	0.585209003216	0.289389067524	0.0192926045016	0.106109324759
pen-	0.0	1.0	0.0	0.0
rab-	0.0210772833724	0.782201405152	0.0	0.196721311475
ape-	0.0	1.0	0.0	0.0
uwe-	0.0492610837438	0.0540946830408	0.0837207150952	0.81292351812
umu-	0.320661157025	0.565289256198	0.105785123967	0.00826446280991
ini-	0.293737095664	0.149277357192	0.356297315898	0.200688231246
vet-	0.490001004924	0.282644960305	0.11450105517	0.1128529796
ood-	0.110391822828	0.172969903464	0.0272572402044	0.689381033504
und-	0.404290429043	0.387788778878	0.108910891089	0.0990099009901
kos-	0.0109489051095	0.967153284672	0.0	0.021897810219
yor-	0.0253496503497	0.964160839161	0.00524475524476	0.00524475524476
ndu-	0.124792461712	0.774661948126	0.0435547762426	0.0569908139198
nal-	0.228203636822	0.151645852827	0.0349758096181	0.585174700733
kau-	0.505692947354	0.284707451602	0.0392197507721	0.170379850271
iba-	0.995493465525	0.0	0.0	0.00450653447499
rod-	0.0	1.0	0.0	0.0
iit-	0.763748141107	0.122801907186	0.0179373572294	0.0955125944778
mim-	0.0683396818284	0.822764956307	0.00627380685638	0.102621555008
lwe-	0.392955406677	0.180440387801	0.0524540902294	0.374150115293
eng-	0.188541190009	0.187639599313	0.355199550564	0.268619660114
yes-	0.00607579432067	0.785530273204	0.00273857185575	0.20565536062
mid-	0.0645161290323	0.880184331797	0.0460829493087	0.00921658986175
yuu-	0.435294257687	0.218610892084	0.0793585966819	0.266736253547
teo-	0.0	1.0	0.0	0.0
men-	0.143522110163	0.316524437549	0.411947245927	0.128006206362
ang-	0.289037522651	0.184797036045	0.252074652878	0.274090788426
u-l-	0.835277968428	0.0411805078929	0.0411805078929	0.0823610157858
nes-	0.735294117647	0.165634674923	0.00928792569661	0.0897832817338
yar-	0.0848708487085	0.553505535055	0.361623616236	0.0
ito-	0.169119262025	0.56805036972	0.183761622373	0.0790687458819
voo-	0.468208092486	0.0346820809249	0.104046242775	0.393063583815
kee-	0.516692470398	0.116830938311	0.0695065308882	0.296970060403
ma--	0.0590163934426	0.665573770492	0.0393442622951	0.236065573771
eek-	0.505587945712	0.347879642517	0.0532290980492	0.0933033137214
666-	0.0	0.0	0.0	1.0
iko-	0.400314543732	0.428611515651	0.0480407906228	0.123033149995
sod-	0.00549450549451	0.994505494505	0.0	0.0
amm-	0.537761926454	0.142856490368	0.0494423481667	0.269939235011
kun-	0.175986375958	0.117298910942	0.019125176813	0.687589536287
ide-	0.327390599676	0.161264181523	0.340761750405	0.170583468396
har-	0.0137174211248	0.906222721038	0.0729517396184	0.00710811821923
kan-	0.529125935807	0.277640389727	0.0344408881447	0.158792786321
zab-	0.0338461538461	0.966153846154	0.0	0.0
nei-	0.84046692607	0.112840466926	0.0	0.0466926070039
aid-	0.0438335809807	0.0245170876672	0.320950965825	0.610698365527
yea-	0.51638530288	0.282522343595	0.16137040715	0.0397219463754
lud-	0.383561643836	0.452054794521	0.164383561644	0.0
isy-	0.480680609713	0.359801488834	0.095710740872	0.0638071605813
nav-	0.604032934346	0.145653432147	0.0392238162277	0.211089817279
inf-	0.851851851852	0.148148148148	0.0	0.0
fis-	0.257244955527	0.482305110573	0.155706548487	0.104743385413
ill-	0.630137717519	0.271111348351	0.0122771431622	0.0864737909683
ifi-	0.226260665335	0.63774391063	0.0412530170602	0.0947424069749
sio-	0.0	1.0	0.0	0.0
ain-	0.325764549453	0.600593229007	0.0429579625652	0.0306842589752
mum-	0.086426233499	0.795253337289	0.0493875059195	0.0689329232923
ash-	0.598737091608	0.157928343335	0.0735197202394	0.169814844817
taf-	0.430201144927	0.0593973056565	0.0387433519359	0.471658197481
vao-	0.443244658822	0.28497649151	0.121501132793	0.150277716875
ref-	0.0	1.0	0.0	0.0
kum-	0.360445567992	0.145945849375	0.0389559345047	0.454652648128
uka-	0.270214036834	0.271790691886	0.111971129915	0.346024141364
met-	0.0	0.951020408163	0.0	0.0489795918367
tao-	0.762589928058	0.021582733813	0.172661870504	0.0431654676259
100-	0.370909090909	0.498181818182	0.0436363636364	0.0872727272727
eep-	0.0	1.0	0.0	0.0
udu-	0.147692307692	0.68	0.0492307692308	0.123076923077
alw-	0.451494966695	0.079130565433	0.392497621075	0.0768768467972
nef-	0.163934426229	0.789227166276	0.0	0.0468384074941
fya-	0.150106414943	0.198315998199	0.0589694702588	0.592608116599
vad-	0.0810018119836	0.701836552932	0.187494241577	0.0296673935076
ken-	0.13944840409	0.800123954137	0.0	0.0604276417725
nne-	0.509803921569	0.165266106443	0.0336134453781	0.291316526611
saa-	0.0368673841501	0.72840878769	0.15333985591	0.0813839722494
yef-	0.25536663822	0.269808967374	0.0429331057572	0.43189128865
ipa-	0.430515063168	0.493683187561	0.0602526724976	0.0155490767736
ikw-	0.355152458299	0.498103389583	0.0541628167096	0.0925813354083
eta-	0.681578129854	0.189499844672	0.0367608988299	0.0921611266439
mat-	0.0545425773214	0.832574332284	0.0807061347213	0.0321769556732
ste-	0.00543150271577	0.951116475558	0.043452021726	0.0
kie-	0.00764720876879	0.961763956156	0.0305888350752	0.0
aat-	0.860869565217	0.139130434783	0.0	0.0
fif-	0.231587496006	0.410453722441	0.223526200873	0.134432580679
nya-	0.146795560329	0.375104427736	0.145602100489	0.332497911445
eku-	0.577205190897	0.247351263244	0.0804651745972	0.094978371262
kin-	0.187830578451	0.23564556206	0.0647229085432	0.511800950946
kiw-	0.11863974561	0.117356837846	0.184894396642	0.579109019903
myo-	0.0868639703358	0.14887042505	0.0290691020623	0.735196502552
veo-	0.939393939394	0.0151515151515	0.0454545454545	0.0
wis-	0.555925688661	0.214862267777	0.170403587444	0.0588084561179
par-	0.141671166307	0.362243520518	0.110691144708	0.385394168467
too-	0.0789727126806	0.135656959413	0.0257739050677	0.759596422839
ala-	0.376517444873	0.278480919612	0.181891242587	0.163110392928
yoa-	0.0149625935162	0.970074812968	0.0	0.0149625935162
nti-	0.259701492537	0.54374282434	0.119862227325	0.076693455798
mma-	0.209602354391	0.552734241325	0.060827458764	0.176835945521
nah-	0.0	1.0	0.0	0.0
nse-	0.107724813522	0.775074430963	0.0646989147485	0.0525018407657
zeu-	0.0	1.0	0.0	0.0
yoh-	0.0142991735255	0.968392609477	0.0100467236597	0.00726149333819
rag-	0.0	1.0	0.0	0.0
esh-	0.574115830494	0.21054631014	0.0561873483493	0.159150511017
wit-	0.120967741935	0.83064516129	0.0	0.0483870967742
geh-	0.00668906974153	0.965439806336	0.0245265890522	0.00334453487076
umw-	0.0343891182035	0.0628997428902	0.0377316119355	0.864979526971
ves-	0.491813281806	0.250495779518	0.0813586901251	0.176332248551
val-	0.312003219261	0.117093532198	0.0608171173484	0.510086131192
gay-	0.0123796423659	0.987620357634	0.0	0.0
aam-	0.791453080187	0.0477568553149	0.00545051066094	0.155339553837
via-	0.700348432056	0.299651567944	0.0	0.0
ira-	0.193450930273	0.322631970114	0.0451779024124	0.438739197201
reu-	0.211046250561	0.0965424337674	0.665469241132	0.0269420745397
lyu-	0.319591120416	0.15234459189	0.0583761815327	0.469688106161
aim-	0.658914728682	0.294573643411	0.046511627907	0.0
lwi-	0.521914574772	0.186279166473	0.0638187567105	0.227987502044
dan-	0.322966507177	0.605263157895	0.0	0.0717703349283
iro-	0.221982985423	0.57639511536	0.0938495796869	0.107772319531
ser-	0.2549733819	0.587559540488	0.0229756234239	0.134491454189
uyu-	0.0134035423648	0.983405138025	0.0	0.00319131961066
euo-	0.39	0.61	0.0	0.0
tev-	0.439762022806	0.515617253347	0.0	0.0446207238473
wer-	0.159351789332	0.329507089804	0.0391627278866	0.471978392978
ndi-	0.320840658463	0.429838580789	0.0179798625539	0.231340898194
mis-	0.150881482074	0.628513633073	0.136220962404	0.084383922449
tii-	0.313213846424	0.469776840626	0.142329994729	0.0746793182218
hos-	0.00967351874245	0.968561064087	0.00725513905682	0.0145102781137
elm-	0.0	1.0	0.0	0.0
ran-	0.460992907801	0.45390070922	0.0	0.0851063829787
din-	0.222352648241	0.650062248782	0.0289830327606	0.0986020702166
yai-	0.394876138048	0.466017361846	0.0872326910862	0.0518738090197
mak-	0.0976981654068	0.622986488563	0.0972208637818	0.182094482248
yon-	0.0752861148137	0.884818679046	0.0283127269385	0.0115824792021
rin-	0.38329764454	0.41755888651	0.0942184154175	0.104925053533
agr-	0.0	1.0	0.0	0.0
vav-	0.313414399258	0.144670639382	0.0515296656473	0.490385295713
iwi-	0.692307692308	0.213017751479	0.0236686390532	0.0710059171598
eni-	0.162790697674	0.689106487148	0.0440636474908	0.104039167687
n-d-	0.169495017053	0.393876351973	0.307232755531	0.129395875443
kle-	0.0285035629453	0.957244655582	0.0142517814727	0.0
ule-	0.284028738051	0.373369205796	0.097501953947	0.245100102206
nep-	0.146739130435	0.853260869565	0.0	0.0
tat-	0.685039370079	0.212598425197	0.0314960629921	0.0708661417322
mbw-	0.406942663491	0.348507052574	0.0860963546437	0.158453929291
bit-	0.0	1.0	0.0	0.0
aru-	0.592973159278	0.306643401835	0.0316660204213	0.0687174184654
yii-	0.526570048309	0.333333333334	0.0144927536232	0.125603864734
pin-	0.407299270073	0.162043795621	0.386861313869	0.0437956204379
ron-	0.536907910555	0.203895167107	0.00865592690549	0.250540995432
ave-	0.441735143753	0.282583505748	0.103294997333	0.172386353166
wek-	0.524720149254	0.294542910448	0.059176772388	0.12156016791
mmb-	0.336856009589	0.10685692644	0.00694871198495	0.549338351987
air-	0.373906806966	0.235701516822	0.301223519841	0.0891681563707
wos-	0.0291262135922	0.595006934813	0.226074895978	0.149791955617
rwa-	0.615550755939	0.371490280778	0.0129589632829	0.0
vef-	0.30064420218	0.378493557978	0.168235877106	0.152626362735
kip-	0.158547560709	0.355198593374	0.0994021735261	0.386851672391
iif-	0.347881572231	0.0778458397141	0.0969882593159	0.477284328739
pam-	0.0	1.0	0.0	0.0
mam-	0.057663534119	0.874188652831	0.0232151890609	0.0449326239888
utu-	0.0419517554812	0.634603539263	0.278246682981	0.0451980222743
esa-	0.410326086957	0.563179347826	0.0122282608696	0.0142663043478
sad-	0.0	1.0	0.0	0.0
enr-	0.473970345964	0.309514003295	0.0899505766063	0.126565074135
sis-	0.40379403794	0.323848238482	0.20325203252	0.0691056910569
wat-	0.962264150943	0.0377358490566	0.0	0.0
vep-	0.535457348407	0.446043165468	0.0184994861254	0.0
mos-	0.0426473580682	0.950484975921	0.00101743200163	0.00585023400936
pya-	0.0729585006693	0.336680053548	0.572958500669	0.0174029451138
ifu-	0.160879409141	0.613265903118	0.12882488257	0.0970298051699
yaw-	0.468317410801	0.393254045623	0.0623903294989	0.0760382140769
reg-	0.0275862068965	0.972413793103	0.0	0.0
ink-	0.557424805636	0.224367736469	0.101527081104	0.116680376791
shy-	0.597006720876	0.159050365085	0.0296216395619	0.214321274477
lam-	0.0	0.985436893204	0.0145631067961	0.0
bet-	0.00474956822107	0.993955094991	0.00129533678756	0.0
lyo-	0.0652739291823	0.0195635065703	0.00883798420223	0.906324580045
nar-	0.556253246454	0.205596722971	0.0675920020515	0.170558028523
sal-	0.346071099273	0.510910767339	0.0229484683946	0.120069664993
asu-	0.427989228937	0.18650510072	0.251022733157	0.134482937186
pat-	0.00488997555014	0.99511002445	0.0	0.0
kiy-	0.0318634423897	0.728022759602	0.225320056899	0.0147937411095
vey-	0.030612244898	0.663265306122	0.244897959184	0.0612244897959
isk-	0.00228006840205	0.997719931598	0.0	0.0
nng-	0.337952941939	0.25366729454	0.0456318407243	0.362747922797
wau-	0.404411764706	0.397058823529	0.0441176470588	0.154411764706
gab-	0.0	1.0	0.0	0.0
sek-	0.0	1.0	0.0	0.0
fie-	0.27380952381	0.464285714286	0.047619047619	0.214285714286
den-	0.251136927813	0.0498858107437	0.0549697150233	0.64400754642
mbe-	0.134278967279	0.223575448733	0.200517732268	0.441627851721
ind-	0.171688274844	0.0875108873013	0.0228672683123	0.717933569542
yan-	0.512566290062	0.355314733687	0.0481899930828	0.0839289831681
emw-	0.369369369369	0.243243243243	0.243243243243	0.144144144144
ruu-	0.240070479407	0.196901842743	0.285515013582	0.277512664268
her-	0.00929711431875	0.95148813426	0.0363541008618	0.00286065055961
efi-	0.195673645691	0.150647362112	0.0401381837314	0.613540808466
gho-	0.0452261306533	0.618090452261	0.201005025126	0.13567839196
yee-	0.213123960545	0.394218896944	0.060107738595	0.332549403916
min-	0.146918560611	0.754836258031	0.0381741631707	0.0600710181874
ren-	0.751541014699	0.0616405879564	0.0502607871029	0.136557610242
nna-	0.110103251036	0.114298631168	0.017705113674	0.757893004122
kut-	0.264903648967	0.0668870559637	0.0368007266176	0.631408568452
lul-	0.471102805981	0.234902965701	0.0940001250514	0.199994103267
tab-	0.0	1.0	0.0	0.0
waf-	0.0197847571349	0.0960181981534	0.0199759142087	0.864221130503
tid-	0.03125	0.53125	0.4375	0.0
gal-	0.00275178866263	0.989176297927	0.00697119794533	0.00110071546505
luy-	0.798561151079	0.115107913669	0.0	0.0863309352518
fiw-	0.312386980109	0.577305605787	0.0623869801085	0.0479204339964
kre-	0.0176263219741	0.977085781434	0.00528789659224	0.0
kar-	0.474243970285	0.126538839464	0.234204472312	0.165012717938
nsh-	0.285286465534	0.158791947664	0.0999349789818	0.455986607821
sel-	0.212612612613	0.476126126126	0.0216216216216	0.28963963964
kay-	0.131503716409	0.829045168668	0.0360205831904	0.00343053173242
ery-	0.214285714286	0.622448979592	0.0306122448979	0.132653061224
kus-	0.509169029	0.220378565208	0.0563328258289	0.214119579964
fye-	0.222160009286	0.558810911365	0.0821180078838	0.136911071465
sei-	0.296253379683	0.500193124759	0.203553495558	0.0
lil-	0.258829106423	0.0929130125623	0.0383977245793	0.609860156435
iiv-	0.397544853635	0.500472143532	0.00566572237959	0.0963172804533
mfu-	0.0383564587426	0.118292608055	0.177062868369	0.666288064833
ati-	0.583057940925	0.0381249564901	0.022031392687	0.356785709898
imo-	0.775873478031	0.103692429857	0.0169842950415	0.103449797071
evi-	0.529567307692	0.210336538462	0.0629807692308	0.197115384615
ung-	0.0394633806332	0.132360660534	0.193337004879	0.634838953954
ngr-	0.175	0.303125	0.4375	0.084375
uuw-	0.103842230534	0.266099965998	0.156409384563	0.473648418905
was-	0.739297989793	0.149151130091	0.0459327153421	0.0656181647745
mku-	0.719131614654	0.10854816825	0.151967435549	0.0203527815468
tak-	0.0675972819226	0.0415939623498	0.0148742392646	0.875934516463
eel-	0.258255071187	0.457598269889	0.197941488616	0.0862051703078
wao-	0.286764705882	0.492647058823	0.220588235294	0.0
mun-	0.139091786721	0.123814675429	0.209813973045	0.527279564805
tay-	0.419254658385	0.394409937888	0.186335403727	0.0
kak-	0.597364696563	0.140692407382	0.0356624332293	0.226280462826
uly-	0.150707553366	0.191970376072	0.0160104940964	0.641311576466
nel-	0.678431372549	0.125490196078	0.137254901961	0.0588235294118
wev-	0.171428571429	0.150649350649	0.00779220779221	0.67012987013
one-	0.0	0.989743589744	0.0	0.0102564102564
kik-	0.323267077088	0.343019958256	0.0479714904473	0.285741474208
aan-	0.237595955814	0.184609623666	0.0413780190976	0.536416401423
gog-	0.0	1.0	0.0	0.0
vek-	0.538813868252	0.148778007324	0.0572011449958	0.255206979427
we--	0.284810126582	0.284810126582	0.126582278481	0.303797468354
126-	0.0	0.0857142857143	0.0428571428571	0.871428571429
mbu-	0.153213649597	0.661462520117	0.0779486270349	0.107375203251
sil-	0.00953726598375	0.977746379371	0.00211939244084	0.0105969622042
430-	0.281848928974	0.0901916572717	0.0	0.627959413754
lal-	0.456978967495	0.303377947737	0.172084130019	0.0675589547483
ear-	0.688911443796	0.196904339	0.0342552651611	0.0799289520426
luu-	0.17450413501	0.0849458750756	0.0220802797015	0.718469710213
ipe-	0.681818181818	0.166666666667	0.151515151515	0.0
kib-	0.031914893617	0.965805471125	0.00227963525836	0.0
yad-	0.190023752969	0.536817102138	0.237529691211	0.0356294536817
llo-	0.307903887812	0.568955934329	0.00919222437579	0.113947953483
mmw-	0.108228451148	0.0906605553722	0.244835810857	0.556275182623
nra-	0.124495694587	0.269133497923	0.380261335581	0.226109471909
him-	0.0	0.957219251337	0.0	0.0427807486631
nau-	0.656116710074	0.0919299437588	0.00660551843883	0.245347827728
tur-	0.0265410958904	0.927226027397	0.0385273972602	0.00770547945204
rei-	0.829834718048	0.0866404454658	0.00696040304048	0.0765644334453
iny-	0.0725446428572	0.893973214286	0.0	0.0334821428571
run-	0.304930006086	0.608642726719	0.0462568472306	0.0401704199635
vie-	0.578723404255	0.408510638298	0.0127659574468	0.0
sau-	0.150446480926	0.660339426025	0.140126321433	0.0490877716162
way-	0.0574712643678	0.862068965517	0.0	0.080459770115
aut-	0.795697236181	0.0661118090453	0.045540201005	0.0926507537688
pri-	0.0	0.993377483444	0.0	0.0066225165563
tro-	0.00681044267878	0.993189557321	0.0	0.0
tiu-	0.931216931217	0.0687830687831	0.0	0.0
kit-	0.102084088508	0.738532056454	0.0897713232228	0.0696125318148
gol-	0.0	0.989881956155	0.0	0.0101180438449
ela-	0.418222554145	0.335324869305	0.179238237491	0.067214339059
iyo-	0.2171875	0.7578125	0.025	0.0
yud-	0.00642218912882	0.986597170514	0.00167535368578	0.00530528667163
fin-	0.142805653306	0.456601261062	0.0943355789869	0.306257506645
ppu-	0.597883597884	0.21164021164	0.0	0.190476190476
vee-	0.274302308536	0.292893555297	0.308904456911	0.123899679256
tin-	0.229094808822	0.246295483923	0.272677498644	0.251932208612
nag-	0.0	1.0	0.0	0.0
aen-	0.474237375032	0.128428608049	0.295437067419	0.1018969495
miw-	0.242424242424	0.414141414141	0.0	0.343434343434
oot-	0.59649122807	0.228070175439	0.105263157895	0.0701754385965
yen-	0.0911202969625	0.0262275589441	0.00563448312217	0.877017660971
itu-	0.0659579418557	0.763768311368	0.126779909284	0.0434938374917
kad-	0.689655172414	0.310344827586	0.0	0.0
uso-	0.148091310186	0.56896220986	0.153846153846	0.129100326108
mgr-	0.032315978456	0.248653500898	0.635547576302	0.0834829443447
yek-	0.290365723179	0.272164672697	0.0772784748565	0.360191129268
tam-	0.279410854632	0.450461043381	0.167708397797	0.10241970419
mmi-	0.0893151240277	0.672764588137	0.183191020346	0.0547292674893
upa-	0.0266272189349	0.971893491124	0.00147928994083	0.0
tir-	0.28707568519	0.606210711592	0.0637163691225	0.0429972340961
man-	0.155649698843	0.737296164407	0.0463165693103	0.0607375674403
uko-	0.237515898911	0.614555107007	0.0660841674501	0.0818448266328
lek-	0.937984496124	0.0232558139535	0.0387596899225	0.0
ava-	0.594326532948	0.152252608612	0.0288465401894	0.224574318251
kes-	0.199273900766	0.716014521985	0.0605082694635	0.0242033077853
fle-	0.0	1.0	0.0	0.0
woo-	0.0427876222924	0.134555312951	0.0351290701003	0.787527994656
rwe-	0.345377756922	0.241670577194	0.305021116847	0.107930549038
kyo-	0.222613189915	0.231653125834	0.024077888393	0.521655795858
nsw-	0.0362490149724	0.883372734437	0.080378250591	0.0
amw-	0.0979276532829	0.0658744262879	0.0426124186689	0.79358550176
uru-	0.062760138905	0.798683510059	0.0245006564452	0.114055694591
muu-	0.221725594878	0.63176412862	0.081153634246	0.0653566422558
fii-	0.174738554057	0.324684657426	0.311938576751	0.188638211766
mba-	0.171830181628	0.494651295412	0.0433343727681	0.290184150192
ame-	0.0689939803909	0.10456805782	0.0270781743875	0.799359787401
uky-	0.486328041423	0.416534725491	0.0530617484701	0.0440754846163
new-	0.316560685651	0.249377937517	0.29029582527	0.143765551562
oom-	0.106761565836	0.266903914591	0.626334519573	0.0
haj-	0.0105263157895	0.968421052632	0.0210526315789	0.0
iso-	0.515154078209	0.302996983281	0.0992415912487	0.082607347261
vel-	0.365710752263	0.432614623564	0.0967065048809	0.104968119292
auk-	0.104303547963	0.0279602861732	0.00246386333772	0.865272302526
nig-	0.037037037037	0.925925925926	0.0370370370371	0.0
mag-	0.0	1.0	0.0	0.0
wik-	0.408241617609	0.358843102124	0.181725108779	0.0511901714871
ika-	0.457146543861	0.251679919759	0.104643156884	0.186530379496
end-	0.577651806713	0.331962808746	0.0228928184462	0.0674925660949
