-imu	0.0801646928102	0.411875232321	0.0395416298677	0.468418445001
-èks	0.0989819004525	0.680429864253	0.203619909502	0.0169683257919
-gké	0.624746914856	0.183968230902	0.0549614967985	0.136323357444
-èré	0.229433165121	0.384461917615	0.15315103861	0.232953878653
-oké	0.209550623188	0.5160666191	0.0532618547159	0.221120902996
-èka	0.300010978153	0.397703370293	0.227590295312	0.074695356241
-imé	0.0	0.664772727273	0.335227272727	0.0
-ois	0.046511627907	0.953488372093	0.0	0.0
-èki	0.703728979126	0.0720695682841	0.016701501497	0.207499951093
-aup	0.750369276219	0.214180206795	0.0	0.0354505169867
-aus	0.173693086003	0.816188870152	0.0	0.0101180438448
-aur	0.918642050264	0.0446916749452	0.000572910543601	0.0360933642469
-aut	0.115177549757	0.815603369037	0.0191337297642	0.0500853514416
-idé	0.0581090105234	0.634397955189	0.00511202707993	0.302381007208
-asu	0.111897317755	0.87329274313	0.00493664637156	0.00987329274312
-ang	0.0616245116877	0.111000478179	0.0303620976325	0.797012912501
-yem	0.20921519277	0.651975365137	0.0840864889601	0.0547229531327
-aul	0.528735632184	0.425287356322	0.0229885057471	0.0229885057471
-aun	0.00894255544889	0.977517304097	0.00515333703835	0.00838680341535
-nti	0.204337052885	0.153012505606	0.0502365767574	0.592413864751
-pah	0.281395348837	0.619807538091	0.0197273456295	0.0790697674419
-pur	0.281418711132	0.212875008542	0.0615048178774	0.444201462448
-pus	0.00743783491387	0.987659955711	0.0013523336207	0.00354987575435
-nta	0.0256206585054	0.95039404417	0.0049060835436	0.0190792137807
-uah	0.0696324951644	0.733075435203	0.0580270793036	0.139264990329
-uté	0.244499841927	0.266531570519	0.039466387491	0.449502200063
-kia	0.0132802124834	0.977866312528	0.00885347498895	0.0
-uan	0.0849834822214	0.768008288211	0.0397648415662	0.107243388002
-lin	0.349193691268	0.512508906926	0.0698155437208	0.0684818580849
-dus	0.0662092245478	0.860346111695	0.0321134562178	0.0413312075396
-pul	0.42464715794	0.149020699037	0.0243472615128	0.40198488151
-dut	0.308641975309	0.641975308642	0.0493827160494	0.0
-puh	0.245248180732	0.224828934506	0.515585967199	0.0143369175627
-puk	0.565399527848	0.196790118146	0.0475244276903	0.190285926316
-pra	0.106739859713	0.54010369015	0.344007319305	0.00914913083258
-smu	0.151711026616	0.792395437262	0.0479087452472	0.00798479087452
-aki	0.647591707684	0.257452415757	0.0350096051993	0.059946271359
-aré	0.143087065212	0.769669641417	0.0391108004946	0.0481324928767
-pro	0.037037037037	0.962962962963	0.0	0.0
-lué	0.0	0.949790794979	0.0502092050209	0.0
-nmu	0.176418557379	0.289352992771	0.052428928617	0.481799521233
-opi	0.0168067226891	0.953781512605	0.0294117647059	0.0
-iks	0.0741330834114	0.845829428304	0.0236176194939	0.056419868791
-kih	0.0629331070569	0.217932399943	0.65549427238	0.0636402206195
-gka	0.0193715103048	0.00881643531236	0.00197512132234	0.969836933061
-éon	0.116385911179	0.856049004594	0.0214395099541	0.00612557427258
-oku	0.354166666667	0.125	0.395833333333	0.125
-gko	0.196077786728	0.0804795228052	0.0546733836231	0.668769306844
-dek	0.570131448137	0.103277571336	0.0547454062693	0.271845574258
-del	0.262604186613	0.484442713045	0.101198847592	0.151754252751
-dem	0.183054163714	0.506148838901	0.29499376023	0.0158032371552
-400	0.0	0.237288135593	0.135593220339	0.627118644068
-gku	0.248054154659	0.449538855301	0.0380292083798	0.26437778166
-lep	0.677767499229	0.256552574776	0.0148011100833	0.0508788159112
-der	0.232558139535	0.741860465116	0.0186046511628	0.00697674418604
-des	0.332781456954	0.387417218543	0.237582781457	0.0422185430464
-oki	0.419301348662	0.492482865355	0.048640282998	0.0395755029847
-kim	0.0	1.0	0.0	0.0
-imi	0.468468468469	0.345345345345	0.06006006006	0.126126126126
-éor	0.0	1.0	0.0	0.0
-rbé	0.0232558139535	0.976744186047	0.0	0.0
-èké	0.526124066082	0.227317763442	0.101707167952	0.144851002524
-ido	0.637091394263	0.292861907939	0.0260173448966	0.0440293529019
-idi	0.145408163265	0.849489795918	0.00510204081631	0.0
-ias	0.0398862713241	0.902761982128	0.0225832656377	0.0347684809098
-sus	0.0193184125329	0.63573359078	0.00367645244082	0.341271544246
-oba	0.591265397536	0.298992161254	0.0492721164614	0.060470324748
-ida	0.182678655939	0.758163748225	0.0222432560341	0.0369143398012
-nsé	0.330434782609	0.434782608696	0.0260869565217	0.208695652174
-bia	0.0	1.0	0.0	0.0
-bil	0.0	1.0	0.0	0.0
-idu	0.666666666667	0.228571428571	0.0952380952381	0.00952380952381
-tep	0.38828907395	0.309071841173	0.126637252732	0.176001832145
-eja	0.602794263982	0.163372795103	0.198289693477	0.035543247438
-ter	0.145822859529	0.33345240533	0.43504947355	0.0856752615905
-tes	0.160204398716	0.297413941926	0.433479168003	0.108902491356
-tet	0.474874371859	0.374371859296	0.120603015075	0.0301507537688
-ria	0.0161865861732	0.718532939843	0.0166747085292	0.248605765454
-rin	0.0	1.0	0.0	0.0
-uti	0.499654413129	0.299119196538	0.0552259089758	0.146000481357
-rik	0.340150612514	0.387081101715	0.199428551598	0.0733397341724
-ras	0.404497585775	0.229511371737	0.224769001089	0.141222041398
-rit	0.319364878885	0.544859939555	0.0739771753349	0.0617980062249
-ris	0.209282700422	0.714767932489	0.0582278481013	0.0177215189873
-rip	0.323928339221	0.515523706514	0.0933677413796	0.0671802128859
-utu	0.457793588401	0.488482560491	0.0294547755111	0.0242690755971
-mur	0.0590204019807	0.194812407809	0.715872575078	0.0302946151322
-tek	0.201170835551	0.510377860564	0.232570516232	0.055880787653
-tel	0.740938854561	0.2180577331	0.0172645946694	0.0237388176704
-sia	0.016561828171	0.963595827693	0.0107651883112	0.00907715582451
-ten	0.182784125753	0.577299976221	0.177214873034	0.0627010249928
-met	0.485159029003	0.397944219656	0.0141590569283	0.102737694413
-wal	0.872589989553	0.0974926393769	0.0299173710704	0.0
-ara	0.111353978696	0.217095589429	0.049436877026	0.622113554848
-mes	0.169550941421	0.750836730486	0.0436368827626	0.035975445331
-mer	0.0181352833638	0.122705667276	0.704570383912	0.154588665448
-gol	0.304347826087	0.54347826087	0.108695652174	0.0434782608696
-wak	0.128956443383	0.819368702739	0.0124573308456	0.0392175230324
-lur	0.105359310332	0.437380295341	0.0280528388647	0.429207555462
-lus	0.0388070796006	0.808520127648	0.0298486421367	0.122824150615
-lut	0.270607375271	0.337671728127	0.261930585683	0.129790310918
-ari	0.525938238702	0.266215330519	0.07437688898	0.133469541799
-jia	0.252954434698	0.541148879142	0.0365497076024	0.169346978558
-luh	0.103882503523	0.0429234488733	0.0148680621097	0.838325985494
-aru	0.0	0.589595375723	0.375722543353	0.0346820809249
-kné	0.047887757698	0.0188971368421	0.0012481506557	0.931966954804
-lum	0.215358931553	0.619365609349	0.165275459098	0.0
-lun	0.125	0.725	0.0	0.15
-lua	0.841990158557	0.0792782941498	0.024056861673	0.0546746856206
-men	0.210270416786	0.345570952828	0.272459290053	0.171699340333
-jir	0.0306905370844	0.93094629156	0.035294117647	0.00306905370844
-oni	0.589300978299	0.202298451579	0.0529327904959	0.155467779627
-aya	0.207177015791	0.174283118896	0.0235854868535	0.59495437846
-tya	0.509242853768	0.416489487361	0.0448854240491	0.0293822348216
-rèh	0.50865619419	0.346794474615	0.08047527062	0.0640740605752
-rèk	0.174136845276	0.213509295512	0.359362593434	0.252991265778
-ero	0.281877176718	0.355065019669	0.0593821252286	0.303675678385
-ayi	0.137541786096	0.766338278447	0.0302698139285	0.0658501215286
-tyi	0.0447099035026	0.671331425358	0.224954605618	0.0590040655221
-rèn	0.453174716246	0.343282518877	0.0517642589163	0.15177850596
-ayu	0.462496101113	0.420849211408	0.00813680684576	0.108517880633
-tyu	0.0212014134276	0.936395759717	0.0424028268551	0.0
-rès	0.0	1.0	0.0	0.0
-lké	0.540250068334	0.252014614272	0.109442462387	0.0982928550064
-rèt	0.233854608756	0.734494813621	0.0128040973111	0.0188464803119
-yup	0.28091747458	0.565854812012	0.136202411918	0.0170253014897
-ali	0.499003618801	0.347553676577	0.0570324446628	0.0964102599587
-wun	0.585025698215	0.264044411148	0.0316970250315	0.119232865606
-jèk	0.694745151105	0.131145692377	0.0290933694181	0.1450157871
-tès	0.220946745562	0.697396449704	0.01775147929	0.0639053254438
-tèr	0.00635256749604	0.857067231339	0.136580201165	0.0
-jèn	0.375336188863	0.305508516785	0.173921705349	0.145233589003
-ojo	0.209925662234	0.616532300283	0.139775939692	0.0337660977908
-tèn	0.0768143817179	0.858458205452	0.0158147256478	0.0489126871821
-jèr	0.509433962264	0.132075471698	0.358490566038	0.0
-tèk	0.670858564421	0.198507089779	0.071057637027	0.0595767087737
-umu	0.336496726057	0.527141909573	0.0508754604932	0.0854859038769
-ota	0.0	0.981566820276	0.0184331797235	0.0
-èné	0.167303797386	0.7666343217	0.033473784296	0.0325880966181
-isé	0.098864326384	0.0257187612753	0.00380611266093	0.87161079968
-oti	0.0806404826826	0.875765587316	0.0256922401147	0.0179016898864
-lèt	0.149732620321	0.320855614973	0.497326203209	0.0320855614973
-lès	0.0	0.716603689709	0.283396310291	0.0
-iji	0.113016525113	0.185820299496	0.0623567712084	0.638806404183
-lèn	0.231683168317	0.0554455445545	0.653465346535	0.0594059405941
-lèm	0.0109504547791	0.97955170179	0.00227948242341	0.00721836100745
-lèl	0.0	1.0	0.0	0.0
-lèk	0.468673724145	0.209276538767	0.0814190272954	0.240630709793
-lèi	0.0847457627118	0.881355932203	0.0338983050847	0.0
-lèh	0.571666027362	0.256744661808	0.0966628308401	0.0749264799898
-lèf	0.034803480348	0.888538853885	0.0658565856586	0.010801080108
-umi	0.0203176948652	0.957659628882	0.00880907050098	0.0132136057515
-upé	0.142567481941	0.469965783804	0.301926245089	0.0855404891648
-nak	0.146146465751	0.715900993882	0.0791934001597	0.0587591402072
ALL	0.211383704685	0.245293122039	0.046539993221	0.496783180056
-nai	0.172822124216	0.772818394577	0.0246156141316	0.0297438670757
-nan	0.217344777754	0.304381764653	0.0719600506358	0.406313406957
-nal	0.686482582366	0.255069726096	0.0304461358965	0.028001555642
-nam	0.0	1.0	0.0	0.0
-sir	0.341111506947	0.569825436409	0.00890630566441	0.0801567509797
-naa	0.317990133025	0.57523605398	0.0345033282168	0.0722704847784
-kin	0.375	0.0681818181818	0.522727272727	0.0340909090909
-aka	0.125354108502	0.62362402693	0.125949376239	0.12507248833
-kil	0.18283790549	0.71050664964	0.10056084802	0.00609459684967
-sik	0.0825303581263	0.164670132447	0.422357798201	0.330441711226
-kir	0.517744549178	0.185710033007	0.0645626513897	0.231982766425
-sih	0.137101623572	0.720384846663	0.0739627179795	0.0685508117859
-sin	0.0754562789431	0.250068101335	0.646962680469	0.0275129392536
-sim	0.0	1.0	0.0	0.0
-kit	0.239130434783	0.621621621622	0.0740305522914	0.0652173913043
-nar	0.05625	0.85625	0.0875	0.0
-nas	0.0983761758459	0.68632936602	0.198812585741	0.016481872393
-aku	0.0836662107209	0.0385558085046	0.0100162655901	0.867761715184
-nat	0.434884050888	0.452840004414	0.0966373969385	0.0156385477591
-nau	0.525744571767	0.256127361223	0.0922849514272	0.125843115583
-wuk	0.118018967334	0.711275026344	0.109589041096	0.0611169652265
-put	0.211148968389	0.477001703578	0.0795002839296	0.232349044104
-gok	0.616022565636	0.252537428578	0.0799440680827	0.0514959377034
-mot	0.465122690929	0.306038047974	0.0992555831265	0.129583677971
-mos	0.0113636363636	0.988636363636	0.0	0.0
-mor	0.0	0.971428571429	0.0285714285714	0.0
-gon	0.480244015878	0.350084908007	0.0142126269564	0.155458449158
-goa	0.387755102041	0.285714285714	0.214285714286	0.112244897959
-kep	0.0994724943482	0.695553880934	0.0422004521476	0.16277317257
-lku	0.0621600621601	0.627298627299	0.013468013468	0.297073297073
-sna	0.610797542553	0.342252417879	0.0254443600953	0.0215056794727
-lki	0.0332795482049	0.966720451795	0.0	0.0
-wur	0.143862307859	0.370047629357	0.291567438839	0.194522623945
-mon	0.0394487043566	0.930882582575	0.00394487043566	0.0257238426325
-gos	0.472131147541	0.413114754098	0.0754098360656	0.0393442622951
-gor	0.690539345712	0.0999115826702	0.0132625994695	0.196286472149
-moh	0.375442739079	0.306375442739	0.127508854782	0.1906729634
-yat	0.357120812858	0.433625928828	0.0602402487951	0.14901300952
-yap	0.294534293472	0.553181442569	0.0655176484476	0.0867666155117
-aèl	0.0255008690879	0.894581160614	0.00876711493306	0.0711508553655
-yar	0.289723420526	0.182540415906	0.445150855248	0.0825853083206
-rlu	0.248326959847	0.402326322498	0.215503505417	0.133843212237
-mfa	0.0	1.0	0.0	0.0
-bet	0.85685483871	0.0947580645161	0.0	0.0483870967742
-bek	0.347616829685	0.0530973451328	0.526781555659	0.0725042695234
-nto	0.316027088036	0.507900677201	0.128668171558	0.0474040632054
-ben	0.0561717474143	0.094175285792	0.0409635274905	0.808689439303
-bel	0.174650698603	0.720558882236	0.0778443113772	0.0269461077845
-yam	0.359649122807	0.508771929825	0.131578947368	0.0
-yan	0.0762315285601	0.871899596337	0.0212190852693	0.0306497898334
-yah	0.137959679361	0.535107587843	0.0630849209401	0.263847811856
-yak	0.552614673005	0.233264807915	0.195040472825	0.0190800462547
-rek	0.629545694108	0.0871719194688	0.185780541794	0.0975018446295
-ren	0.605231143552	0.280717761557	0.0319343065693	0.0821167883211
-uga	0.0728819937745	0.0762515794195	0.0571322857666	0.79373414104
-rel	0.00319318786589	0.984034060671	0.0127727514635	0.0
-rem	0.175828127107	0.618769382894	0.159557732932	0.0458447570677
-oté	0.186583497483	0.640648938499	0.105739768002	0.0670277960167
-èng	0.214585326608	0.127704235727	0.0249050976856	0.63280533998
-isa	0.196945082747	0.0365395999743	0.0901321799045	0.676383137375
-eva	0.0999999999999	0.9	0.0	0.0
-upa	0.338749119244	0.489866125088	0.0868321797157	0.0845525759523
-res	0.343250861259	0.592233009709	0.0344503601628	0.0300657688694
-rep	0.209397105413	0.115307293731	0.0303517549457	0.64494384591
-umé	0.127910238429	0.872089761571	0.0	0.0
-ret	0.300346384882	0.336607182006	0.313061779278	0.0499846538343
-upi	0.470526599883	0.34744161679	0.0608995221388	0.121132261188
-jur	0.119353843465	0.624196102928	0.228593680806	0.0278563728016
-hab	0.0305576776165	0.969442322383	0.0	0.0
-bèr	0.372158884613	0.312686079442	0.112192288142	0.202962747803
-bèt	0.0181268882175	0.973564954683	0.00377643504531	0.00453172205438
-jut	0.602476648509	0.204577055831	0.0363154536978	0.156630841962
-dèn	0.2006586191	0.733846843778	0.0334574502889	0.0320370868333
-mas	0.0138411607484	0.784149484536	0.193537609775	0.00847174494083
-mar	0.0832111804984	0.824802714805	0.0676693239092	0.0243167807875
-dèk	0.326703405267	0.47937119879	0.0318838566268	0.162041539316
-ham	0.0467950956462	0.907435117552	0.0119943041078	0.0337754826943
-han	0.193190538466	0.640054985871	0.07668113842	0.0900733372426
-mah	0.0917757737802	0.744338915898	0.0299278898849	0.133957420437
-mak	0.0272727272727	0.436363636364	0.509090909091	0.0272727272727
-jua	0.478328173375	0.325077399381	0.147058823529	0.0495356037151
-mam	0.0354926869219	0.817079575904	0.134831260627	0.0125964765474
-bèd	0.276422764228	0.723577235772	0.0	0.0
-man	0.141884396126	0.613565548437	0.172112758421	0.0724372970162
-bèh	0.04873663766	0.138526612992	0.0299155235319	0.782821225816
-bèl	0.361812394198	0.436819846015	0.0649573418668	0.13641041792
-jul	0.28338762215	0.192182410423	0.42671009772	0.0977198697069
-bèn	0.485586359963	0.247668287426	0.0581805585847	0.208564794027
-nku	0.216686795234	0.349628744488	0.0496996521835	0.383984808094
-uni	0.198745779064	0.640135069947	0.0897250361794	0.0713941148094
-eké	0.391822827939	0.534923339012	0.052810902896	0.0204429301533
-ung	0.250336770023	0.165183564156	0.0426814511572	0.541798214663
-una	0.275960170697	0.551920341394	0.0761024182077	0.0960170697013
-mké	0.481983856204	0.333943579928	0.110510110677	0.0735624531914
-pta	0.0	1.0	0.0	0.0
-gad	0.0	1.0	0.0	0.0
-tra	0.0169332079021	0.90780809031	0.0752587017874	0.0
-ika	0.205456597478	0.758722214044	0.00441631090828	0.0314048775701
-gaa	0.487663392374	0.431123830149	0.0278443808492	0.0533683966278
-ada	0.232107317763	0.0495045977145	0.0156586355162	0.702729449006
-gan	0.42814400167	0.400046755326	0.0539610431098	0.117848199894
-gal	0.559587085199	0.168499683994	0.0790208564108	0.192892374396
-gak	0.493348724714	0.362631926121	0.0412269129287	0.102792436236
-asé	0.0918524346098	0.299582239971	0.0747387132593	0.53382661216
-adi	0.45751983674	0.0362004168635	0.00709077410776	0.499188972289
-iko	0.00602409638555	0.993975903614	0.0	0.0
-gat	0.114689065099	0.828284317565	0.0163565073558	0.0406701099802
-gas	0.516630901288	0.262875536481	0.0257510729614	0.19474248927
-gar	0.0643651258046	0.878096352643	0.0487614589428	0.00877706260971
-dku	0.118245022015	0.28607179706	0.0118881889279	0.583794991997
-mbé	0.579568961498	0.345235497524	0.038715421217	0.0364801197611
-lan	0.0158020432993	0.0320771634023	0.00348723900279	0.948633554296
-ini	0.306627948258	0.599064203982	0.0554377213185	0.0388701264417
-sel	0.366452008586	0.204231830727	0.36875191659	0.0605642440969
-ina	0.0276940250156	0.828467027681	0.0218763046103	0.121962642693
-ing	0.0862224850477	0.0449913838287	0.0054199411473	0.863366189976
-eré	0.177472291067	0.628627407753	0.0792953734883	0.114604927692
-kah	0.133651948546	0.787321967806	0.0507311505814	0.028294933067
-iki	0.299893275402	0.036829639208	0.0126227949872	0.650654290403
-éhu	0.0	1.0	0.0	0.0
-kna	0.489029852635	0.317294958203	0.0407426465006	0.152932542662
-ses	0.0428147570013	0.907486356265	0.00466720659841	0.0450316801356
-ohi	0.460958495073	0.282547028964	0.0996566139146	0.156837862048
-sep	0.443413729128	0.324675324675	0.183673469388	0.048237476809
-kus	0.0529527130094	0.923948572674	0.00871649596862	0.0143822183482
-kur	0.31580145374	0.197908921228	0.0216695245755	0.464620100457
-kup	0.142916407384	0.33478531425	0.138145612943	0.384152665422
-rsi	0.0	1.0	0.0	0.0
-net	0.667924528302	0.241509433962	0.0905660377359	0.0
-ian	0.0838745156289	0.856657321764	0.0229181607644	0.0365500018425
-ner	0.100659346518	0.344997620011	0.296471792828	0.257871240643
-iah	0.0	1.0	0.0	0.0
-nep	0.744373437066	0.129480411225	0.0655737704918	0.060572381217
-nen	0.428142843706	0.37538397304	0.12042759513	0.0760455881239
-nem	0.0479501318628	0.170394218584	0.261670719594	0.519984929959
-kub	0.00559267529012	0.982544074094	0.00385555645001	0.0080076941654
-kua	0.728280830626	0.232165560107	0.0039553609267	0.0355982483402
-kun	0.129988262911	0.722711267606	0.0827464788732	0.0645539906103
-kum	0.0334386030095	0.94055359465	0.00111462010032	0.0248931822404
-kul	0.57020007098	0.323575741342	0.0468949591087	0.0593292285693
-kuk	0.793594319567	0.0495657755961	0.0244619200581	0.132377984778
-ker	0.0550458715596	0.807339449541	0.137614678899	0.0
-ban	0.277860499455	0.659066871835	0.0378759285451	0.0251967001655
-eka	0.844421549382	0.0320163508234	0.00821914832257	0.115342951472
-uné	0.228296145732	0.575563872424	0.0911095354352	0.105030446409
-bah	0.27544096334	0.497263418	0.0791815282459	0.148114090414
-pèk	0.271890133719	0.0724141669678	0.0451752800867	0.610520419227
-eki	0.350988125348	0.201033137566	0.0996699104043	0.348308826682
-pèh	0.673981191223	0.012539184953	0.313479623824	0.0
-bab	0.170206858419	0.10463631401	0.0123060012807	0.71285082629
-pèn	0.162629757785	0.741349480969	0.083044982699	0.0129757785467
-jor	0.111111111111	0.166666666667	0.583333333333	0.138888888889
-baa	0.375742747291	0.561342188046	0.0209716882209	0.0419433764418
-joh	0.82641509434	0.162264150943	0.0	0.011320754717
-eku	0.669758812616	0.271799628942	0.00278293135436	0.0556586270872
-jok	0.286764705882	0.652573529412	0.0606617647059	0.0
-èni	0.579147483701	0.242773680494	0.0481720284738	0.129906807331
-bat	0.140813035841	0.824729293936	0.0255106053853	0.00894706483836
-elu	0.0582289207675	0.0179771200291	0.195690333515	0.728103625688
-bar	0.201754496916	0.524711385558	0.189830881507	0.0837032360194
-bas	0.0258916106105	0.93869780429	0.0241147353725	0.0112958497271
-éja	0.0199405373329	0.958675508423	0.00609442695967	0.0152895272848
-nya	0.045703041906	0.86403956605	0.0388959795788	0.0513614124655
-mbu	0.169243474584	0.74148524212	0.0892712832968	0.0
-asa	0.159842499032	0.617396445084	0.11063227022	0.112128785664
-yes	0.0	0.0155865463495	0.984413453651	0.0
-nyi	0.46511627907	0.53488372093	0.0	0.0
-tré	0.194029850746	0.800373134328	0.00559701492537	0.0
-yet	0.016393442623	0.196721311475	0.786885245902	0.0
-asi	0.166446104234	0.719565648281	0.080423195018	0.0335650524662
-mba	0.394252583817	0.232165364255	0.313082934207	0.0604991177212
-yek	0.256633553856	0.350907331275	0.318372445226	0.0740866696436
-oré	0.0916554206028	0.354625880942	0.0589481181587	0.494770580297
-dra	0.46439628483	0.294117647059	0.167182662539	0.0743034055728
-nyu	0.0202623082745	0.952529674941	0.0126459796323	0.0145620371524
-mbi	0.475853945819	0.435806831567	0.0883392226148	0.0
-lta	0.0384615384615	0.961538461538	0.0	0.0
-hké	0.606381615821	0.185901539739	0.057671028934	0.150045815506
-dri	0.0255319148936	0.974468085106	0.0	0.0
-iné	0.140127821168	0.396093770006	0.0634163950352	0.40036201379
-luk	0.696751157569	0.0907753158256	0.0165909422339	0.195882584371
-rat	0.0355667571291	0.13886909929	0.817775802604	0.0077883409772
-rau	0.117232768832	0.837308320261	0.0233697218043	0.0220891891026
-gur	0.13241667888	0.730515992598	0.0631642778568	0.0739030506651
-eru	0.225427603058	0.234767872625	0.306494837235	0.233309687081
-rap	0.342672273031	0.514525780403	0.0648588379155	0.0779431086509
-ran	0.150415364953	0.281985919156	0.0243863345906	0.5432123813
-eri	0.380620246101	0.454098264368	0.115327009486	0.0499544800446
-iwa	0.176759410802	0.484451718494	0.162029459902	0.176759410802
-ram	0.185886402754	0.596385542169	0.104991394148	0.112736660929
-rak	0.423175775956	0.404715340607	0.073492940273	0.0986159431633
-rah	0.360118594365	0.433792913501	0.0634339441267	0.142654548008
-rai	0.060606060606	0.939393939394	0.0	0.0
-era	0.395683453237	0.312949640288	0.161870503597	0.129496402878
-iwi	0.0327868852459	0.819672131148	0.0	0.147540983607
-rab	0.0	0.972222222222	0.0	0.0277777777777
-ohé	0.060690672878	0.817891812908	0.0537824973597	0.0676350168545
-raa	0.507707364815	0.264741864448	0.110105211647	0.11744555909
-ugu	0.601789991176	0.231816462877	0.0519349552502	0.114458590697
-ado	0.264573991031	0.715246636771	0.0201793721973	0.0
-edé	0.0718693202985	0.319912398542	0.44314823386	0.1650700473
-pot	0.441584828988	0.182187605825	0.11615306468	0.260074500508
-pok	0.382282120555	0.487464226423	0.083186084913	0.0470675681089
-pol	0.283032802019	0.552187826943	0.106621945966	0.0581574250723
-tké	0.620066036576	0.239930617206	0.0431721799582	0.0968311662592
-aza	0.0	1.0	0.0	0.0
-wèl	0.233201581028	0.268774703557	0.450592885376	0.0474308300395
-wèn	0.417094017094	0.311111111111	0.261538461538	0.0102564102564
-ipé	0.293414193534	0.336273450435	0.061706161402	0.308606194629
-wèh	0.280145180804	0.564726441726	0.109154456244	0.045973921226
-uju	0.605305766596	0.259932743804	0.0729854278241	0.0617760617761
-èti	0.553571428571	0.419642857143	0.0267857142857	0.0
-wèk	0.691618682022	0.268074216251	0.0134357005758	0.0268714011516
-isi	0.112693458692	0.843715225419	0.0212452625421	0.0223460533474
-lam	0.0	1.0	0.0	0.0
-nor	0.0	1.0	0.0	0.0
-nos	0.0	1.0	0.0	0.0
-lah	0.106055490772	0.64054471555	0.0266216739881	0.22677811969
-lai	0.597687239478	0.0904262471426	0.07180314643	0.240083366949
-èta	0.197368421053	0.736842105263	0.0657894736842	0.0
-lak	0.342370446459	0.230399873278	0.136236816915	0.290992863347
-lat	0.335820895522	0.473134328358	0.0917910447761	0.0992537313433
-aal	0.0	1.0	0.0	0.0
-iku	0.257930459295	0.291176347061	0.067495728834	0.38339746481
-fos	0.0	0.982300884956	0.0176991150442	0.0
-lap	0.0822351080653	0.819715340011	0.0980495519241	0.0
-nom	0.0654804270463	0.141992882562	0.767971530249	0.0245551601424
-lar	0.645828952507	0.211781669621	0.0450599297065	0.0973294481661
-las	0.137793402686	0.330054451715	0.0561789100916	0.475973235508
-wèt	0.0769001123772	0.826607729954	0.046310897249	0.0501812604197
-uji	0.491819449641	0.37987686656	0.0746964182455	0.0536072655532
-oné	0.142551197386	0.389317200091	0.0309399352071	0.437191667315
-isu	0.335881294964	0.112410071942	0.50404676259	0.0476618705036
-ewé	0.0675526057059	0.932447394294	0.0	0.0
-wès	0.457176609569	0.434731246308	0.0407560543414	0.0673360897814
-awé	0.439522101818	0.230059901867	0.0555092687367	0.274908727578
-ahi	0.537575841608	0.272725289472	0.0492782156515	0.140420653268
-gen	0.139181560921	0.320257128951	0.465965332352	0.0745959777763
-gel	0.2109375	0.704963235294	0.0730698529412	0.0110294117647
-bol	0.514997973247	0.264389947304	0.0297932711796	0.190818808269
-bon	0.116294188514	0.712319260856	0.0352633990977	0.136123151532
-aha	0.339496967889	0.417271431885	0.18424628028	0.0589853199457
-bok	0.222116444411	0.0341906418431	0.00995509392274	0.733737819823
-bot	0.211952576821	0.229373336559	0.390757319139	0.167916767481
-dod	0.0444444444445	0.955555555556	0.0	0.0
-èns	0.0547598989048	0.825610783488	0.0690817186184	0.050547598989
-bor	0.266666666667	0.689333333333	0.012	0.032
-bos	0.859649122807	0.122807017544	0.0	0.0175438596491
-don	0.003314001657	0.983429991715	0.0	0.013256006628
-ger	0.424014692533	0.381351459754	0.0707183719998	0.123915475713
-dol	0.720222513089	0.228403141361	0.0340314136125	0.0173429319372
-gep	0.517002552541	0.195107013527	0.100580795521	0.187309638411
-dok	0.0237050868934	0.64099828123	0.0161873611267	0.31910927075
-doh	0.0574543566669	0.261140434369	0.0854027861902	0.596002422774
-get	0.329016631902	0.0752295710666	0.145473730871	0.450280066161
-sar	0.194002970078	0.705361938766	0.0390217700401	0.061613321116
-mia	0.0	0.987179487179	0.0128205128205	0.0
-hèm	0.0473815461346	0.947630922693	0.0	0.00498753117207
-sat	0.485714285714	0.419047619048	0.0952380952381	0.0
-ton	0.134543717581	0.773153503884	0.0383641415814	0.0539386369533
-ibu	0.051632970451	0.350855365474	0.0407465007776	0.556765163297
-tol	0.0	0.824884792627	0.175115207373	0.0
-tok	0.667261537353	0.120841872203	0.0887356906662	0.123160899778
-mpa	0.621010613684	0.147153083084	0.058378032434	0.173458270797
-oli	0.156456953642	0.82201986755	0.0173841059603	0.00413907284768
-saa	0.350126434546	0.263761914024	0.099202489788	0.286909161642
-tor	0.197026022305	0.423791821561	0.348513011152	0.0306691449814
-tos	0.00196196866711	0.436261002985	0.538233404343	0.0235436240052
-sad	0.0	1.0	0.0	0.0
-sak	0.0964588741421	0.0868054956415	0.0706761004661	0.74605952975
-ola	0.270642201835	0.261467889908	0.467889908257	0.0
-sai	0.0	1.0	0.0	0.0
-sah	0.423480271011	0.261440274533	0.0823271422809	0.232752312175
-san	0.294078665759	0.288947463084	0.0974353266511	0.319538544506
-sam	0.0	1.0	0.0	0.0
-lon	0.102723123987	0.585513448455	0.0473078016081	0.264455625951
-ima	0.0869728297817	0.116557657594	0.1346789507	0.661790561924
-éga	0.0	0.995845514695	0.00230804739191	0.00184643791353
-dom	0.00751597143931	0.986847049981	0.00563697857948	0.0
-aké	0.0425590790225	0.374388353006	0.00841913029585	0.574633437676
-loi	0.0	0.97461928934	0.00507614213198	0.0203045685279
-tis	0.673937187498	0.299241221065	0.0161706986053	0.0106508928314
-gki	0.0	1.0	0.0	0.0
-rol	0.178217821782	0.742574257426	0.0792079207921	0.0
-rom	0.0	1.0	0.0	0.0
-lot	0.357333149997	0.436963957306	0.110482803664	0.0952200890325
-roh	0.0619189074496	0.889774057071	0.0300142741407	0.0182927613389
-los	0.0329808660624	0.849194360524	0.00453172205438	0.11329305136
-rok	0.109976433621	0.868813825609	0.0164964650432	0.00471327572663
-ipi	0.144716924008	0.822585528308	0.00726612170753	0.0254314259764
-éri	0.0	1.0	0.0	0.0
-èté	0.0540584756519	0.903436190256	0.0143282391865	0.0281770949058
-win	0.51024811219	0.399856166846	0.0708378281194	0.0190578928443
-mau	0.182048034179	0.017163872299	0.00772430307904	0.793063790443
-wéa	0.408443591556	0.324916675083	0.16664983335	0.0999899000101
-ipa	0.035140562249	0.910642570281	0.0170682730924	0.0371485943775
-iké	0.261650812753	0.421174993192	0.0778742476874	0.239299946367
-mat	0.266693299007	0.320061550298	0.104605915339	0.308639235356
-ntu	0.0185460982943	0.959198583752	0.0185460982943	0.00370921965887
-epé	0.178115979223	0.435275253632	0.0652959439295	0.321312823215
-wil	0.72095537645	0.224493807745	0.0176921564773	0.0368586593277
-ipu	0.304347826087	0.695652173913	0.0	0.0
-det	0.245991942777	0.468223300173	0.220669242785	0.0651155142645
-ahé	0.135051208326	0.590059925465	0.0506361179034	0.224252748305
-sau	0.0762711864406	0.893220338983	0.0	0.0305084745763
-mèn	0.207153437309	0.218364264761	0.0239609654091	0.55052133252
-awa	0.64217146295	0.0796085430662	0.0254126140579	0.252807379926
-pké	0.555299757426	0.2713368358	0.0834753035829	0.0898881031905
-mèk	0.804439988038	0.143666332436	0.0188224532517	0.0330712262741
-mèh	0.290773760838	0.141174546049	0.0455995419598	0.522452151153
-dèt	0.134529147982	0.823190262652	0.0422805893658	0.0
-mèr	0.660231660232	0.262548262548	0.057915057915	0.019305019305
-mès	0.0859805699714	0.877817084777	0.0362023452511	0.0
-hat	0.0	1.0	0.0	0.0
-awu	0.0966072455434	0.871190339275	0.0	0.0322024151811
-mpé	0.179871520343	0.629550321199	0.121520342612	0.0690578158458
-éus	0.0553478543563	0.899869960988	0.0159297789337	0.0288524057217
-olu	0.142857142857	0.121212121212	0.235930735931	0.5
-olé	0.178982625078	0.711115763031	0.0973414276742	0.012560184216
-sti	0.0215225393826	0.15614988391	0.00131874126696	0.821008835441
-juk	0.520128824477	0.296296296296	0.0289855072464	0.154589371981
-oèl	0.0	1.0	0.0	0.0
-dot	0.47141337155	0.329799647317	0.106079151367	0.0927078297659
-sta	0.164380019797	0.821779693562	0.00851709947135	0.00532318716959
-loé	0.117647058824	0.764705882353	0.0294117647059	0.0882352941176
-gèt	0.548532055123	0.188336329139	0.106051527861	0.157080087877
-kku	0.0516770723571	0.753217871959	0.0320590708902	0.163045984794
-pir	0.529825634751	0.330376261854	0.0477210156011	0.0920770877944
-gèr	0.480850838107	0.399400594101	0.0417727562062	0.077975811585
-gèl	0.137370499685	0.176864518345	0.581821303875	0.103943678095
-gèn	0.0526315789474	0.947368421053	0.0	0.0
-gèk	0.117694478033	0.196291817815	0.129786376461	0.55622732769
-pit	0.652864321608	0.20783919598	0.0590954773869	0.0802010050251
-nah	0.0953005649952	0.708690072197	0.133017518141	0.0629918446663
-rés	0.0	0.681818181818	0.0	0.318181818182
-lek	0.231621349446	0.413897280967	0.348439073515	0.0060422960725
-mua	0.572727272727	0.109090909091	0.1	0.218181818182
-lem	0.469402598352	0.161573486397	0.0873539334369	0.281669981814
-len	0.482200647249	0.407766990291	0.0809061488673	0.0291262135922
-mun	0.767749353262	0.0641563667721	0.134176487496	0.0339177924691
-mui	0.468035645099	0.254035903397	0.125791037066	0.152137414439
-kaé	0.198104906386	0.100449738467	0.0707604816764	0.63068487347
-muk	0.588673621461	0.317138599106	0.076304023845	0.0178837555887
-gis	0.688733153639	0.290566037736	0.0129380053908	0.0077628032345
-mut	0.68758526603	0.255115961801	0.057298772169	0.0
-esé	0.389579504736	0.222692550262	0.0999651896617	0.287762755341
-mus	0.0379901960784	0.738357843137	0.0606617647059	0.162990196078
-ité	0.19169275019	0.674900600626	0.0723289061839	0.0610777429998
-ios	0.0	0.964285714286	0.0357142857143	0.0
-jar	0.524885280621	0.342569714084	0.100070596541	0.032474408754
-ler	0.00956251494143	0.96892182644	0.0215156586182	0.0
-les	0.435758953951	0.327932537427	0.164108394921	0.072200113701
-let	0.115001877582	0.134403554888	0.125797972212	0.624796595319
-iot	0.00619369369369	0.993806306306	0.0	0.0
-wit	0.075374774488	0.116917857105	0.00839000284639	0.799317365561
-git	0.230568164906	0.709266631939	0.0390031998809	0.0211620032743
-ndu	0.0781702374059	0.897510133179	0.017371163868	0.00694846554721
-gir	0.0940766550523	0.564459930314	0.0135888501742	0.32787456446
-iba	0.746014433609	0.112811309828	0.0181589818077	0.123015274755
-ndi	0.114912301992	0.170518569015	0.0216435369613	0.692925592032
-gin	0.365757937616	0.137254102714	0.0128890949502	0.484098864719
-gil	0.801965848643	0.0953371819058	0.0592669360128	0.0434300334389
-dos	0.0	1.0	0.0	0.0
-ndo	0.0897629853757	0.0763993948563	0.616238023197	0.217599596571
-gih	0.0616483483574	0.130723847743	0.773037644874	0.0345901590249
-nda	0.176228188003	0.671735948585	0.0438041171365	0.108231746275
-bku	0.363636363636	0.636363636364	0.0	0.0
-gia	0.455584872471	0.460861917326	0.0211081794196	0.0624450307827
-ala	0.0940485413498	0.469879955122	0.384762877035	0.0513086264928
-rot	0.46060747964	0.297082315635	0.119031588015	0.12327861671
-yor	0.0	0.994954591322	0.00504540867809	0.0
-wat	0.214932413291	0.145491647531	0.0973782944058	0.542197644772
-yot	0.144923040568	0.62481035053	0.133651248524	0.0966153603784
-yok	0.364771104006	0.162471940684	0.110196585266	0.362560370043
-yoh	0.233115953113	0.660789521254	0.0642407219434	0.0418538036904
-yon	0.477739726028	0.429794520548	0.0513698630137	0.0410958904109
-yol	0.030888030888	0.945945945946	0.0	0.023166023166
-yob	0.0576923076923	0.903846153846	0.0384615384616	0.0
-abé	0.180566182096	0.742472658536	0.0135019577839	0.0634592015842
-lok	0.36931308571	0.373129805845	0.138842760561	0.118714347884
-lsu	0.135870578149	0.114138740821	0.670779438625	0.079211242405
-pel	0.185393258427	0.76404494382	0.0337078651685	0.0168539325843
-was	0.127273915957	0.212820554729	0.607113086969	0.0527924423451
-pen	0.520284399833	0.28670012547	0.146800501882	0.0462149728147
-pte	0.00853181656594	0.926768574476	0.0519018841095	0.0127977248489
-pek	0.233576642336	0.164233576642	0.251824817518	0.350364963504
-pet	0.264992264992	0.472017472017	0.2184002184	0.0445900445901
-rki	0.0144927536232	0.971014492754	0.0144927536232	0.0
-eli	0.716996422861	0.196733954068	0.0402591574334	0.0460104656381
-per	0.0222222222222	0.00555555555556	0.972222222222	0.0
-pes	0.20604997808	0.580227970189	0.200569925471	0.0131521262604
-rka	0.0861244019139	0.77033492823	0.103349282297	0.0401913875598
-ela	0.692330880793	0.119541795527	0.0580570969219	0.130070226758
-iya	0.35548638708	0.337441784084	0.10428937731	0.202782451527
-nté	0.206568300809	0.689195621133	0.0454545454545	0.0587815326035
-pna	0.492047713718	0.0755467196819	0.0	0.4324055666
-itu	0.00392017106201	0.00240555951532	0.0104240912331	0.98325017819
-rid	0.153381634843	0.506295917655	0.0112393083698	0.329083139132
-esu	0.178111629906	0.314142262684	0.457342684666	0.0504034227441
-esi	0.0919387075284	0.818787475017	0.089273817455	0.0
-uta	0.186796002752	0.576131742826	0.0175687474259	0.219503506996
-iti	0.645568374267	0.179877286987	0.0547690738979	0.119785264848
-évi	0.0514025933771	0.862840316165	0.0464948080797	0.0392622823784
-ita	0.234741784037	0.765258215963	0.0	0.0
-jam	0.0120620333142	0.878422362627	0.0379092475589	0.0716063565002
-udu	0.290273678983	0.065486932937	0.0209622428456	0.623277145234
-ifé	0.195725534308	0.732283464567	0.0517435320584	0.0202474690664
-fah	0.00844792791102	0.991552072089	0.0	0.0
-fan	0.0	1.0	0.0	0.0
-ndé	0.435483870968	0.532258064516	0.0322580645161	0.0
-fas	0.0453987730061	0.945398773006	0.00184049079754	0.00736196319018
-uda	0.149952134714	0.434102897969	0.376734868487	0.0392100988299
-fat	0.0295930949445	0.970406905055	0.0	0.0
-alé	0.250573624033	0.283133499397	0.156794676572	0.309498199998
-udi	0.625812764392	0.210370568039	0.0364037039043	0.127412963665
-ené	0.134389101194	0.51309454412	0.244834510007	0.107681844679
-duk	0.197084030307	0.697691838157	0.0655922688552	0.0396318626807
-hum	0.0	1.0	0.0	0.0
-rim	0.562915164168	0.356614158284	0.0178401973809	0.0626304801671
-ksa	0.464102564103	0.180841380841	0.0577200577201	0.297335997336
-hud	0.0	1.0	0.0	0.0
-gua	0.557692307692	0.0	0.326923076923	0.115384615385
-woh	0.193702557687	0.792234727352	0.011340899162	0.00272181579888
-aba	0.111046271168	0.184183838235	0.146195815369	0.558574075228
-tku	0.245384876741	0.58737589188	0.0724829174374	0.0947563139417
-won	0.0347218178945	0.63224150981	0.0311078210385	0.301928851256
-ron	0.125183146149	0.690981464402	0.106361903896	0.0774734855537
-nji	0.425866314301	0.384135373797	0.0291051335634	0.160893178339
-tua	0.412162162162	0.243243243243	0.158301158301	0.186293436293
-èha	0.684444444444	0.257777777778	0.0488888888889	0.00888888888888
-dep	0.0801017164654	0.179910998093	0.665607120153	0.0743801652892
-tuh	0.389830508475	0.314005352364	0.064228367529	0.231935771632
-lor	0.0	0.694200351494	0.142355008787	0.163444639719
-kon	0.688726597612	0.069597545374	0.011017309802	0.230658547212
-tul	0.194046306505	0.501653803749	0.145534729879	0.158765159868
-sop	0.0	0.908127208481	0.0918727915194	0.0
-kok	0.242450362983	0.107609340623	0.0205971337385	0.629343162655
-sor	0.0521903584223	0.377916386318	0.308304995363	0.261588259897
-tup	0.560288732879	0.28145427415	0.0373525821919	0.120904410779
-rké	0.538653996499	0.27172904554	0.0988597108956	0.0907572470659
-tur	0.261538403913	0.541230613259	0.0825211565497	0.114709826278
-elé	0.199337975117	0.634562264582	0.0726743522429	0.0934254080584
-tut	0.340590470367	0.183866882124	0.0768659649736	0.398676682535
-oro	0.0568814009356	0.0741560247819	0.037947275256	0.831015299026
-kos	0.325581395349	0.618604651163	0.0372093023256	0.0186046511628
-kor	0.439024390244	0.528455284553	0.0325203252032	0.0
-yuk	0.668156472141	0.127697612055	0.0226450432044	0.1815008726
-ora	0.155898210767	0.0333092655634	0.00926872068554	0.801523802984
-ion	0.0192771084337	0.971084337349	0.0	0.00963855421687
-ser	0.18883248731	0.790862944163	0.0	0.0203045685279
-ému	0.278598259336	0.595188286813	0.0240607587609	0.10215269509
-min	0.0	1.0	0.0	0.0
-lit	0.299785867238	0.60028551035	0.0499643112063	0.0499643112063
-rus	0.144580043821	0.0827442678405	0.00136707249706	0.771308615842
-rup	0.215461012034	0.691752465185	0.0312262336281	0.0615602891526
-pak	0.342046349018	0.408772506887	0.0410657664413	0.208115377654
-lip	0.048411349772	0.894375236861	0.0440103179745	0.0132030953924
-omu	0.0236504709348	0.841915273225	0.0124476162815	0.121986639559
-lis	0.722400929277	0.18401242014	0.0181313199005	0.0754553306826
-jer	0.290771610242	0.665921979722	0.0433064100361	0.0
-ruk	0.672872975478	0.222225860536	0.0240398500802	0.0808613139063
-ruh	0.815682842573	0.126486228959	0.0170820729302	0.0407488555375
-hku	0.181726208396	0.488733462237	0.0579394856894	0.271600843678
-omo	0.0405405405405	0.702702702703	0.22972972973	0.027027027027
-gai	0.0	1.0	0.0	0.0
-gmu	0.339209783558	0.494676878892	0.0560323917268	0.110080945824
-rum	0.0895312538711	0.631035849664	0.232607833907	0.0468250625573
-rni	0.0	1.0	0.0	0.0
-gah	0.345136908142	0.249559308557	0.167388613522	0.23791516978
-lia	0.00321130378934	0.994433740098	0.00128452151573	0.00107043459644
-lib	0.530612244898	0.142857142857	0.0612244897959	0.265306122449
-èin	0.0	1.0	0.0	0.0
-kèh	0.039340263146	0.277440528036	0.573126305109	0.110092903709
-kèk	0.713231677324	0.167486473192	0.0202902115101	0.0989916379734
-kèl	0.171062009979	0.331591035083	0.413399857448	0.0839470974895
-abi	0.118997431479	0.77107804979	0.0078688276059	0.102055691124
-oda	0.551678951679	0.378542178542	0.054054054054	0.0157248157248
-adu	0.399199313698	0.498999142122	0.0760651987418	0.025736345439
-sèl	0.327433628319	0.407079646018	0.230088495575	0.0353982300885
-hur	0.0355086888685	0.141873352343	0.822617958788	0.0
-rna	0.11384666226	0.305931923331	0.438780568407	0.141440846001
-sèf	0.0647469208161	0.860266165963	0.0169699590849	0.0580169541363
-odo	0.0691129528216	0.538553899318	0.350836091018	0.0414970568425
-uri	0.489320263332	0.266261045922	0.119191333881	0.125227356866
-ber	0.287741935484	0.452903225806	0.0425806451613	0.216774193548
-rgi	0.0	0.986666666667	0.0	0.0133333333333
-ské	0.500843898011	0.199645059615	0.112868566914	0.186642475461
-ura	0.675309808751	0.242797180464	0.0296202485964	0.0522727621878
-ihé	0.107621971132	0.826085820652	0.0469074521586	0.0193847560577
-hna	0.359281437126	0.604790419162	0.0359281437126	0.0
-rga	0.0277843198541	0.834030089349	0.0854505837101	0.0527350070872
-èli	0.483018867925	0.324528301887	0.128301886792	0.0641509433962
-afé	0.0460948984084	0.87790728042	0.0558884320646	0.0201093891073
-èlu	0.444538190554	0.0672286550607	0.0175402876345	0.470692866751
-ngé	0.22639379334	0.322613957139	0.0259560841611	0.42503616536
-uké	0.121917653694	0.551684151156	0.251573604061	0.0748245910886
-uru	0.128570159206	0.750528304365	0.0412598948414	0.0796416415875
-jik	0.437291671391	0.0550522016021	0.0141234244769	0.49353270253
-kké	0.544813227462	0.203680699342	0.0537910635976	0.197715009598
