-бын	0.169419134396	0.669988610478	0.0478359908885	0.112756264237
-был	0.720287281338	0.0495916690828	0.0334034019523	0.196717647627
-мат	0.141678796701	0.687530325085	0.140708393984	0.030082484231
-мас	0.149761254596	0.443379963692	0.138289270949	0.268569510763
-мар	0.155748536908	0.827260713612	0.00566358316026	0.0113271663206
-ссе	0.598765324451	0.230943619971	0.0494393387161	0.120851716862
-йыў	0.390049751244	0.274626865672	0.0925373134328	0.242786069652
-дон	0.0	0.995485327314	0.00451467268623	0.0
-дом	0.00604838709679	0.993951612903	0.0	0.0
-маш	0.177083333333	0.489583333333	0.333333333333	0.0
-йыт	0.554987212276	0.352941176471	0.0511508951407	0.0409207161125
-йыс	0.186212361331	0.774167987322	0.0396196513471	0.0
-йыр	0.483297926892	0.362867189217	0.0346128488755	0.119222035016
-маў	0.19687167969	0.622368969645	0.116740413971	0.0640189366939
-аон	0.367428003972	0.572989076465	0.0595829195631	0.0
-быз	0.358482477762	0.466402314864	0.0593719858536	0.11574322152
-ций	0.147058823529	0.852941176471	0.0	0.0
-сса	0.51924678099	0.291186933887	0.0317906192443	0.157775665879
-йыз	0.182648401827	0.662100456621	0.0639269406393	0.091324200913
-тус	0.0287259209192	0.946941534302	0.00811084825956	0.0162216965191
-тут	0.391791044776	0.247512437811	0.239427860696	0.121268656716
-йып	0.34817599935	0.260843450255	0.137401154566	0.253579395829
-йын	0.305970246999	0.392031078481	0.125665404029	0.176333270491
-йым	0.229050215494	0.638700552941	0.0243229514549	0.10792628011
-йыл	0.202042628774	0.651420959147	0.0999111900533	0.0466252220249
-дос	0.112495281238	0.63986409966	0.197810494526	0.0498301245753
-ңке	0.329545454546	0.534090909091	0.0681818181818	0.0681818181817
-ссы	0.0	0.170849766941	0.721584797419	0.10756543564
-жол	0.15070970075	0.401274749119	0.0294729228822	0.418542627249
-ман	0.378645684017	0.194885195145	0.126386796805	0.300082324033
-мам	0.32196969697	0.369588744589	0.012987012987	0.295454545454
-мал	0.142221451687	0.766759130837	0.0654472954231	0.0255721220528
-быт	0.647679774234	0.23797289742	0.0111818109209	0.103165517425
-май	0.31778666558	0.213346403281	0.0925311114987	0.37633581964
-быр	0.301291248207	0.417503586801	0.0	0.281205164993
-жүз	0.192215065808	0.129767572109	0.0137776533184	0.664239708765
-жүк	0.237330037083	0.572311495674	0.190358467243	0.0
-жүн	0.0033850493653	0.969816643159	0.0267983074753	0.0
-ўиш	0.270967741936	0.535483870968	0.193548387097	0.0
-бың	0.0172413793103	0.396551724138	0.0344827586207	0.551724137931
-ўир	0.516268980477	0.206073752711	0.0238611713666	0.253796095445
-бық	0.717800488627	0.25329479371	0.0289047176628	0.0
-йық	0.399460325647	0.300366536506	0.15522544758	0.144947690267
-жоқ	0.323918889639	0.0275805814354	0.00323727711857	0.645263251807
-мақ	0.239518811122	0.664243413325	0.0806597183586	0.0155780571937
-ўин	0.345408695231	0.164365558546	0.0396922965011	0.450533449722
-ўим	0.457945638517	0.268145458773	0.102749372907	0.171159529803
-ўип	0.30395480226	0.675706214689	0.0203389830508	0.0
-маң	0.455850681981	0.249341947834	0.138789184015	0.156018186169
-ўил	0.2564535178	0.409482031382	0.155784264102	0.178280186716
-ўиз	0.0	1.0	0.0	0.0
-қум	0.0	0.958208955224	0.0417910447761	0.0
-жүр	0.326096497645	0.359510782105	0.0117037773942	0.302688942856
-зын	0.144628077641	0.422526379782	0.155751443832	0.277094098745
-йың	0.150071773457	0.757275218583	0.0515463917526	0.0411066162077
-сли	0.35485417553	0.111142623693	0.0311974555841	0.502805745194
-сле	0.751908396947	0.154961832061	0.0	0.0931297709924
-сла	0.714673702181	0.129355164119	0.0256072010553	0.130363932645
-ьфа	0.00717360114777	0.976087996174	0.0167384026782	0.0
-жың	0.134615384615	0.75	0.115384615385	0.0
-дыр	0.672631578947	0.167894736842	0.129473684211	0.03
-дыс	0.0413476263399	0.848392036754	0.0781010719755	0.0321592649311
-рил	0.556295802798	0.439706862092	0.0	0.00399733510993
-нип	0.526595776909	0.239837263634	0.0580005809467	0.17556637851
-рий	0.123480418217	0.79043062201	0.0267942583732	0.0592947014
-нин	0.428182646851	0.0684262083248	0.0177840568023	0.485607088022
-ник	0.152823920266	0.763012181617	0.0398671096345	0.0442967884828
-рин	0.210139042076	0.476776709809	0.0319119808373	0.281172267278
-ний	0.0207356715141	0.865765611634	0.0704533789563	0.0430453378957
-рит	0.0597014925373	0.845771144279	0.0199004975124	0.0746268656716
-рис	0.204439252336	0.742990654206	0.0280373831776	0.0245327102804
-нит	0.0	0.993055555556	0.00694444444446	0.0
-дыз	0.040304135501	0.742412066514	0.205538727823	0.0117450701613
-нис	0.0718218817333	0.703136222169	0.155614077089	0.0694278190088
-ния	0.00750938673342	0.966708385482	0.017521902378	0.00826032540676
-рия	0.0712319369181	0.83135334167	0.0101821939697	0.0872325274419
-дым	0.530092234371	0.192678741098	0.0687913495927	0.208437674938
-дын	0.254301554606	0.0645122172007	0.0283354341521	0.652850794041
-ниў	0.318396834953	0.494825263037	0.0517473696282	0.135030532382
-нињ	0.0	0.959913232104	0.0400867678959	0.0
-риў	0.367341869624	0.107923632575	0.0197015241695	0.505032973632
-фат	0.0214285714286	0.978571428571	0.0	0.0
-лжа	0.321070234114	0.478260869565	0.200668896321	0.0
-әти	0.214705470827	0.765506006516	0.0197885226569	0.0
-әте	0.413907284768	0.486754966887	0.0794701986755	0.0198675496689
-лжи	0.0839694656488	0.374045801527	0.213740458015	0.328244274809
-шан	0.258800959233	0.0580975219824	0.00997601918467	0.6731254996
-шам	0.2312049632	0.691572579091	0.0332935147008	0.043928943008
-риң	0.282017317851	0.530214560526	0.0439268970444	0.143841224579
-иши	0.0804616928739	0.344095015055	0.40381398461	0.171629307461
-ниң	0.0956386411012	0.250901892904	0.0200251609959	0.633434304999
-иша	0.0	1.0	0.0	0.0
-ише	0.543157894737	0.162105263158	0.202105263158	0.0926315789473
-жын	0.206000948767	0.729364326376	0.0468453510437	0.017789373814
-жыл	0.00507721599323	0.985403004019	0.0	0.00951977998731
-шпе	0.508608434687	0.267493287	0.0	0.223898278313
-жек	0.918153148783	0.0594072630592	0.00531463930049	0.0171249488572
-жыр	0.078	0.856	0.0	0.066
-ңки	0.209726443769	0.279635258359	0.510638297872	0.0
-пас	0.50499001996	0.423153692615	0.0598802395209	0.0119760479042
-дың	0.0771102429869	0.459639025572	0.0243308337378	0.438919897703
-тки	0.311827956989	0.391397849462	0.283870967742	0.0129032258064
-йди	0.612568281249	0.186253770311	0.0352420340956	0.165935914344
-йде	0.064413938754	0.856036606829	0.00633579725449	0.0732136571629
-йда	0.316760022657	0.198690918245	0.0178110642583	0.466737994839
-дық	0.275667381281	0.316099380341	0.196440633168	0.21179260521
-нєр	0.110894941634	0.830739299611	0.0	0.0583657587548
-айт	0.718687652405	0.115052094879	0.0	0.166260252716
-айы	0.0911881915266	0.575354065584	0.247869319132	0.0855884237577
-уел	0.0	1.0	0.0	0.0
-тєж	0.364978902954	0.522151898734	0.0495780590717	0.0632911392405
-яир	0.0	0.934065934066	0.0659340659341	0.0
-тты	0.386438758215	0.245997564314	0.0811576617419	0.286406015728
-мєс	0.0580411124547	0.0628778718258	0.871825876663	0.00725513905682
-ийи	0.039344262295	0.56	0.0590163934426	0.341639344262
-нти	0.136054421769	0.591836734694	0.0	0.272108843538
-ийе	0.520606616555	0.0628922516482	0.0227679190122	0.393733212784
-тур	0.305335716109	0.0979065611438	0.00651008424815	0.590247638499
-быў	0.473363774734	0.41704718417	0.0456621004566	0.0639269406392
-пки	0.166788910078	0.281648819129	0.205368930615	0.346193340179
-нты	0.0509915014164	0.801699716714	0.0793201133145	0.0679886685552
-тта	0.111014200226	0.345182226134	0.0397469308381	0.504056642802
-тте	0.176939537363	0.232596907221	0.0565006633407	0.533962892075
-тти	0.487320407523	0.0726981162405	0.0200068124584	0.419974663778
-тпе	0.545923632611	0.305469556244	0.111455108359	0.0371517027864
-тпа	0.484008528785	0.36105188344	0.0582800284292	0.0966595593461
-гад	0.0	0.868421052632	0.0	0.131578947368
-гай	0.0	1.0	0.0	0.0
-ўға	0.502431612119	0.347726622113	0.0529054730115	0.0969362927558
-қлы	0.0828038036513	0.0802351739157	0.123186678258	0.713774344175
-маз	0.0899250624479	0.141548709409	0.544546211491	0.223980016653
-йше	0.00668151447661	0.923162583519	0.0601336302895	0.0100222717149
-ңла	0.450980392157	0.43137254902	0.078431372549	0.0392156862745
-мге	0.116208182261	0.704835732854	0.012894716417	0.166061368468
-ңли	0.12084592145	0.229607250755	0.649546827795	0.0
-мги	0.137811233353	0.290677475391	0.315576143602	0.255935147655
-мап	0.441503146983	0.387263976305	0.149018881896	0.0222139948167
-йшы	0.405501964987	0.294390853876	0.128617363344	0.171489817792
-йўе	0.0605933974091	0.908065190138	0.0125365649812	0.0188048474718
-сєн	0.262321144674	0.337572866985	0.400105988341	0.0
-ўиң	0.432873474772	0.386682422777	0.0461690667253	0.134275035726
-қла	0.547101449275	0.18115942029	0.0869565217391	0.184782608696
-хты	0.0953109072375	0.806167176351	0.0221202854231	0.0764016309888
-ясы	0.250193199382	0.580274343122	0.0801777434312	0.0893547140649
-рлы	0.122255189173	0.349687611693	0.495772651859	0.032284547275
-рең	0.0751976466262	0.328185328185	0.432800147086	0.163816878103
-кас	0.153846153846	0.846153846154	0.0	0.0
-кар	0.0590657724438	0.637839745852	0.2384986469	0.0645958348041
-ўпи	0.533290239173	0.414996767938	0.0323206205559	0.0193923723336
-сиў	0.512669416618	0.29581614614	0.0996857198978	0.0918287173443
-сия	0.014742014742	0.867321867322	0.0	0.117936117936
-сир	0.0374835844897	0.89301436503	0.00356420771693	0.0659378427633
-сих	0.0230385402313	0.918618731471	0.000751597143932	0.0575911311537
-рья	0.249520153551	0.681381957773	0.0115163147793	0.0575815738964
-ғқа	0.0	1.0	0.0	0.0
-сий	0.0	1.0	0.0	0.0
-сип	0.489733793166	0.142392489726	0.0579332442821	0.309940472825
-сим	0.129228161853	0.745957206412	0.091801426453	0.0330132052821
-син	0.342451768667	0.339181223038	0.0360894114132	0.282277596881
-сиз	0.227618155341	0.24296602268	0.320580873034	0.208834948945
-үзи	0.104484967965	0.747658945293	0.0295712173484	0.118284869394
-зық	0.123611506693	0.708345200798	0.106807177442	0.0612361150669
-үзе	0.298557158712	0.654827968923	0.0199778024417	0.0266370699223
-лар	0.209649893446	0.273995466452	0.0399144517662	0.476440188336
-кан	0.280373831776	0.585669781931	0.0373831775701	0.0965732087227
-рли	0.12109509545	0.452118276989	0.228527591354	0.198259036208
-хта	0.466849315068	0.293150684932	0.0591780821918	0.180821917808
-рла	0.215189873418	0.518987341772	0.235443037975	0.0303797468354
-хан	0.111761654191	0.764618691173	0.0017787000667	0.121840954569
-рей	0.00290556900727	0.985472154964	0.00581113801453	0.00581113801453
-рек	0.214067730658	0.127674448254	0.162460120255	0.495797700833
-ейи	0.639344262295	0.360655737705	0.0	0.0
-сым	0.284844384303	0.322056833559	0.267929634641	0.125169147497
-ейе	0.542201215395	0.166779203241	0.199864956111	0.0911546252532
-сиң	0.317199890621	0.460623461854	0.138091331693	0.0840853158327
-оқы	0.281879194631	0.637583892617	0.0	0.0805369127517
-реф	0.263157894737	0.684210526316	0.0526315789474	0.0
-хат	0.0812407680945	0.841211225997	0.0642540620384	0.01329394387
-рес	0.0	1.0	0.0	0.0
-хар	0.0	0.962962962963	0.0	0.037037037037
-реу	0.0	1.0	0.0	0.0
-хая	0.0	1.0	0.0	0.0
-лса	0.51515907772	0.0281144205134	0.0110822698836	0.445644231883
-лсе	0.614908635613	0.0707779128636	0.0320728011759	0.282240650347
-үйе	0.219417986208	0.610002224514	0.0467147970636	0.123864992214
-реў	0.0396487635034	0.446051676121	0.0492638587399	0.465035701636
-әде	0.648429035753	0.259479956663	0.00812567713977	0.0839653304442
-үйи	0.121065375303	0.704600484262	0.0	0.174334140436
-ҳәр	0.0460091373287	0.184950282182	0.00902983069066	0.760010749799
-сең	0.510076111507	0.236652231011	0.0549673287402	0.198304328742
-кти	0.264805947581	0.657557333669	0.0426694808467	0.0349672379032
-ўыт	0.00765631646108	0.963419821353	0.00127605274351	0.0276478094428
-кта	0.0	0.993243243243	0.0	0.00675675675676
-кте	0.30373080682	0.229453908099	0.0662321193471	0.400583165734
-вел	0.0284794110881	0.776811594203	0.00289855072464	0.191810443984
-кты	0.0477386934673	0.922110552764	0.00753768844221	0.0226130653266
-лки	0.209382285003	0.538762866845	0.242913255911	0.0089415922421
-лке	0.338145145343	0.537275064267	0.0474589677675	0.0771208226221
-шшы	0.0367965367965	0.270562770563	0.667388167388	0.0252525252525
-бағ	0.0	0.891089108911	0.0	0.108910891089
-оел	0.0769230769231	0.923076923077	0.0	0.0
-ахт	0.443418013857	0.471131639723	0.013856812933	0.0715935334873
-бақ	0.101694915254	0.811138014528	0.0	0.0871670702179
-ҳәй	0.118929873164	0.198832805993	0.0129885426532	0.66924877819
-ҳәм	0.00280514940211	0.0016617847091	0.000788282490212	0.994744783399
-үдә	0.0871170173495	0.0863787375415	0.1926910299	0.633813215209
-рук	0.0	1.0	0.0	0.0
-ола	0.380345610054	0.138156746378	0.0214697154826	0.460027928085
-сей	0.0168938331763	0.930011262555	0.0386144758315	0.0144804284368
-сел	0.0966825750896	0.656164081548	0.21311018312	0.0340431602428
-сек	0.340037033227	0.247325378047	0.0896898467236	0.322947742002
-сен	0.140211923365	0.0308863778842	0.00269873549334	0.826202963257
-сем	0.488699868802	0.274065378271	0.0716099350758	0.165624817851
-сеп	0.356944444444	0.561111111111	0.0263888888889	0.0555555555556
-лды	0.555651497892	0.118108305608	0.0127799567384	0.313460239762
-ьта	0.089552238806	0.910447761194	0.0	0.0
-рүр	0.236641221374	0.478371501272	0.0559796437659	0.229007633588
-баў	0.674008810573	0.167400881057	0.105726872247	0.0528634361233
-бат	0.192852326365	0.239379635873	0.446392447741	0.12137559002
-род	0.0249275362319	0.880579710145	0.0463768115942	0.048115942029
-бар	0.399934111861	0.178541694235	0.0121093577698	0.409414836134
-бас	0.0796733003566	0.429633038077	0.395398596572	0.0952950649948
-есе	0.413698373203	0.198071563777	0.0878555455139	0.300374517506
-рон	0.00816326530612	0.967346938776	0.0244897959183	0.0
-еси	0.117608858958	0.381463526647	0.0534452898944	0.4474823245
-ест	0.00578034682081	0.994219653179	0.0	0.0
-бай	0.189927968971	0.14701717663	0.579634304008	0.0834205503909
-бап	0.777877019801	0.156352584997	0.0	0.0657703952023
-бам	0.0	1.0	0.0	0.0
-бан	0.424144428601	0.30721633734	0.0246995314728	0.243939702587
-сес	0.160309563295	0.820895522388	0.0187949143173	0.0
-сер	0.689768976898	0.310231023102	0.0	0.0
-сет	0.506677140613	0.349960722702	0.0561665357424	0.0871956009427
-лда	0.153770008933	0.687607136821	0.0224534633864	0.136169390859
-еке	0.236179165338	0.644113025275	0.0893916632726	0.0303161461145
-еки	0.0395869500245	0.0637414309169	0.0135161579662	0.883155461092
-лди	0.649638574075	0.13522470411	0.0221133017298	0.193023420086
-сея	0.0708661417323	0.929133858268	0.0	0.0
-олы	0.158868335147	0.427496806548	0.304016653262	0.109618205043
-ќос	0.0	0.935483870968	0.0645161290323	0.0
-єнт	0.503639010189	0.387190684134	0.0829694323145	0.0262008733624
-йғы	0.234122042341	0.698630136986	0.0224159402241	0.0448318804483
-йға	0.051167991326	0.748896386149	0.0131054144844	0.186830208041
-ќой	0.0	0.87323943662	0.0	0.12676056338
-ќол	0.13357400722	0.84476534296	0.0	0.0216606498195
-қул	0.224939943219	0.597947150033	0.0821139986897	0.0949989080585
-єне	0.193409227082	0.085900539245	0.0240383463152	0.696651887358
-апы	0.127734047759	0.808398928361	0.0568997121836	0.00696731169596
-ќан	0.0	0.981012658228	0.0189873417722	0.0
-уда	0.0153487951535	0.898254893983	0.00237352502374	0.0840227858402
-ќай	0.273159144893	0.0997624703088	0.0285035629454	0.598574821853
-ўхы	0.0451020868389	0.907679497632	0.0149183825698	0.0323000329592
-яда	0.0722628093923	0.803980257532	0.0109951865517	0.112761746524
-раң	0.456790123457	0.493827160494	0.0	0.0493827160494
-ипа	0.16749493834	0.677894349347	0.0	0.154610712314
-пир	0.198655795505	0.728074041428	0.0732701630674	0.0
-пис	0.019056261343	0.519963702359	0.010889292196	0.450090744102
-ипр	0.0263157894737	0.960526315789	0.0	0.0131578947368
-пиз	0.403904820012	0.160463697377	0.0183038438072	0.417327638804
-пин	0.471176018447	0.372021521906	0.133743274404	0.0230591852421
-яды	0.475062361516	0.344472470352	0.0517008319514	0.128764336181
-пий	0.0	0.973451327434	0.0	0.0265486725664
-пил	0.0205479452055	0.602739726027	0.376712328767	0.0
-апа	0.253791675018	0.19809506841	0.403387452395	0.144725804177
-ѳзи	0.0885473363976	0.179324757779	0.00799973545848	0.724128170365
-зим	0.0987300844095	0.357426653085	0.00991338884357	0.533929873662
-зин	0.102718622921	0.350726039898	0.0231668292311	0.523388507951
-зип	0.466598085321	0.332250377897	0.0403221573732	0.160829379409
-ўыр	0.201384139836	0.219109883196	0.347813004349	0.231692972618
-ўыс	0.07944804516	0.686319604154	0.0175621994564	0.21667015123
-зик	0.221550855992	0.42262504196	0.308828465928	0.0469956361195
-зил	0.09375	0.578125	0.2578125	0.0703125
-ўыў	0.814159292035	0.112831858407	0.0464601769912	0.0265486725663
-шыў	0.363796133568	0.472759226714	0.100175746924	0.0632688927944
-шыр	0.25	0.103448275862	0.594827586207	0.051724137931
-мби	0.0114882506527	0.958224543081	0.0093994778068	0.0208877284595
-шып	0.61044977667	0.137841487483	0.0426924275475	0.2090163083
-шым	0.131690739167	0.626168224299	0.191163976211	0.0509770603229
-шын	0.0280692748957	0.0423502607348	0.0028913254415	0.926689138928
-шыл	0.102465102465	0.62577962578	0.271755271755	0.0
-ксе	0.75	0.130434782609	0.0434782608696	0.0760869565218
-аты	0.114002528703	0.825770724131	0.0179562960855	0.0422704510812
-бут	0.142857142857	0.505494505495	0.21978021978	0.131868131868
-зиў	0.450292397661	0.308402585411	0.167743921207	0.0735610957218
-иңе	0.393588482606	0.3268872564	0.0282021614824	0.251322099512
-ўыз	0.0558235699517	0.129772570641	0.741419710544	0.0729841488629
-ўым	0.567705885425	0.244164186119	0.0761136351768	0.112016293279
-ўын	0.418262186187	0.44483247045	0.067243821432	0.0696615219302
-ўып	0.505651904378	0.0624464967429	0.00902056746889	0.42288103141
-зир	0.117226181401	0.0815695148436	0.016356178613	0.784848125142
-ай-	0.226768968457	0.28473998295	0.0	0.488491048593
-ўыл	0.236112318526	0.664493320583	0.0425975832391	0.0567967776522
-нли	0.171342277981	0.510077249231	0.208224429343	0.110356043445
-ата	0.24511117064	0.685388576361	0.0189004970682	0.0505997559305
-нла	0.569979716024	0.229208924949	0.0182555780933	0.182555780933
-лли	0.103794016203	0.0691425362958	0.0919226758643	0.735140771637
-аға	0.0781818845563	0.633591268864	0.0148486930756	0.273378153504
-лла	0.138063038785	0.130733082981	0.031813639661	0.699390238573
-лле	0.154749248563	0.135512088178	0.040101134179	0.66963752908
-зиң	0.155408580947	0.181323929668	0.0163340942825	0.646933395103
-ода	0.0	1.0	0.0	0.0
-рта	0.0884326185473	0.716271298008	0.0648624015798	0.130433681865
-зия	0.0104484109708	0.984327383544	0.0	0.00522420548543
-рте	0.143835252906	0.544026325567	0.0350299877926	0.277108433735
-рти	0.0428921568627	0.800653594771	0.00490196078431	0.151552287582
-ќыз	0.015561015561	0.461097461097	0.019656019656	0.503685503686
-ски	0.0325327442851	0.0634087902985	0.861037752234	0.0430207131819
-ске	0.272967424303	0.586188758367	0.0461896599485	0.094654157381
-рты	0.131953133887	0.550108065067	0.0443635536344	0.273575247412
-ќыс	0.0677966101695	0.881355932203	0.0169491525424	0.0338983050847
-ўық	0.0	0.0804300333449	0.919569966655	0.0
-үше	0.08025477707	0.820382165605	0.0382165605095	0.0611464968153
-ллы	0.0610430276892	0.151236877931	0.657128562647	0.130591531732
-ўың	0.470835944545	0.281200800942	0.0492181648655	0.198745089647
-үши	0.0945603431468	0.653116266979	0.0506921427179	0.201631247157
-ағы	0.133651364887	0.555924007355	0.0955495063749	0.214875121383
-нлы	0.240748834499	0.399475524475	0.311553030303	0.0482226107226
-вда	0.206896551724	0.689655172414	0.0	0.103448275862
-бби	0.666666666667	0.201257861635	0.0	0.132075471698
-еле	0.251158389693	0.0482253838896	0.0134069220483	0.687209304369
-леп	0.600800030443	0.110650886105	0.0515201074759	0.237028975976
-лен	0.556701030928	0.288659793814	0.154639175258	0.0
-ели	0.245851242492	0.559021946429	0.0641883237027	0.130938487376
-лел	0.474183350896	0.525816649104	0.0	0.0
-лек	0.26684115411	0.382626036019	0.223406244158	0.127126565713
-лей	0.697373721511	0.081280468654	0.0817874260901	0.139558383745
-лет	0.204352248783	0.641302768292	0.0376008137761	0.116744169149
-лес	0.222503160556	0.639275179098	0.0775389801939	0.0606826801517
-лер	0.175727648146	0.257313262624	0.0309364496156	0.536022639615
-рик	0.395996815649	0.294893665416	0.0780166041169	0.231092914819
-леў	0.417324152441	0.42320566155	0.065987663176	0.0934825228327
-ним	0.170935328523	0.720376264351	0.0304110912999	0.0782773158254
-рип	0.557322136463	0.0736195021455	0.0115619333935	0.357496427998
-рим	0.128657539148	0.671179970449	0.122693441844	0.0774690485595
-иос	0.0	1.0	0.0	0.0
-иот	0.0	1.0	0.0	0.0
-йза	0.825645249863	0.067270730368	0.0823723228995	0.0247116968699
-түн	0.0455118178658	0.876672749392	0.0358446298227	0.0419708029197
-түп	0.276595744681	0.606382978723	0.063829787234	0.0531914893617
-мос	0.0186219739292	0.934823091248	0.0465549348231	0.0
-ызы	0.123464960659	0.738779812241	0.0686324974876	0.0691227296125
-мың	0.0470761309305	0.0617874218462	0.00784602182175	0.883290425401
-ҳем	0.0	1.0	0.0	0.0
-ыза	0.827586206897	0.0344827586207	0.137931034483	0.0
-сѳз	0.368350677286	0.426486832161	0.0153479448869	0.189814545666
-мол	0.305019305019	0.291357291357	0.14256014256	0.261063261063
-мон	0.00939163101326	0.979964520505	0.000313054367109	0.0103307941146
-ниш	0.672191217092	0.0409643534961	0.0202942668696	0.266550162542
-ңис	0.31847133758	0.605095541401	0.0	0.0764331210192
-түс	0.295	0.645	0.0	0.0599999999999
-ион	0.0271844660194	0.844660194175	0.00776699029126	0.120388349515
-бес	0.0397680970453	0.0471955109548	0.0347155929125	0.878320799087
-бер	0.537369126049	0.111875017085	0.0174954211203	0.333260435745
-бет	0.0366660119165	0.950730046487	0.00802069010673	0.00458325148956
-күш	0.235605353252	0.523498288204	0.146903205727	0.0939931528167
-үўа	0.0607814761215	0.803183791606	0.0361794500723	0.0998552821997
-оса	0.162640901771	0.69806763285	0.0491143317231	0.0901771336554
-тал	0.155484125882	0.337921681279	0.36718174343	0.139412449409
-рза	0.0902756740382	0.841260224175	0.00363526204181	0.0648288397455
-шиң	0.0602329679383	0.635398311097	0.0192232876399	0.285145433325
-беў	0.607861060329	0.161791590494	0.102376599634	0.127970749543
-лус	0.0	0.978488014751	0.0215119852489	0.0
-лут	0.333333333333	0.666666666667	0.0	0.0
-тап	0.536895390087	0.15285807472	0.0431592962265	0.267087238967
-ихы	0.586592178771	0.413407821229	0.0	0.0
-соз	0.134670487106	0.555873925501	0.0	0.309455587393
-сол	0.0526833269044	0.0173446118689	0.0354238942221	0.894548167005
-сон	0.0	1.0	0.0	0.0
-соп	0.0	0.974842767296	0.0	0.0251572327044
-сор	0.0	1.0	0.0	0.0
-сос	0.329545454545	0.602272727273	0.0	0.0681818181818
-фте	0.0	1.0	0.0	0.0
-ихо	0.0	1.0	0.0	0.0
-хош	0.043438488413	0.469383747132	0.39699315734	0.0901846071156
-хор	0.217025099669	0.629400864731	0.0817002639115	0.0718737716885
-күн	0.0737689138721	0.799330073538	0.00681476918338	0.120086243407
-үли	0.0367872470877	0.898835070509	0.0643776824034	0.0
-күл	0.730769230769	0.144230769231	0.0480769230769	0.0769230769231
-бей	0.717604901168	0.0806843139521	0.0482603167264	0.153450468154
-бел	0.0	0.954751131222	0.0	0.0452488687782
-бен	0.0	0.655172413793	0.0	0.344827586207
-беп	0.24334766623	0.517355268898	0.0149560665545	0.224340998317
-шил	0.0829187396352	0.0874574495941	0.821768351226	0.00785545954439
-шик	0.694143167028	0.240780911063	0.0	0.0650759219089
-шип	0.616759314559	0.202845285677	0.0395859175204	0.140809482244
-шин	0.200583341302	0.590465716745	0.0468585636416	0.162092378311
-шим	0.0758580441324	0.833985691718	0.0429650946339	0.0471911695159
-икс	0.0	0.953327171904	0.0263401109057	0.0203327171904
-қша	0.0816582914573	0.665470208184	0.0694544149318	0.183417085427
-ыўы	0.539994278691	0.18734213426	0.0668109001526	0.205852686896
-соң	0.192120299119	0.0161774086289	0.00371863252039	0.787983659732
-слы	0.249366447035	0.38803852002	0.0842372022302	0.278357830715
-єте	0.738636363636	0.136363636364	0.0568181818181	0.0681818181819
-лқы	0.0525041417102	0.769083726265	0.00152924684593	0.176882885179
-єти	0.0446787148594	0.83483935743	0.0346385542169	0.085843373494
-ойы	0.19508360726	0.455480920394	0.071316278405	0.27811919394
-қшы	0.542348905233	0.325149179408	0.049879473911	0.0826224414477
-ика	0.0215827338129	0.978417266187	0.0	0.0
-шиў	0.238921001927	0.408477842004	0.321772639692	0.0308285163776
-ики	0.335895121581	0.434839724399	0.122608377048	0.106656776972
-ҳєм	0.0216772467153	0.016065451616	0.00060638096852	0.9616509207
-нса	0.257596422033	0.319756226424	0.171157555875	0.251489795668
-луқ	0.0358422939068	0.964157706093	0.0	0.0
-шир	0.659051659902	0.0807640721292	0.179183505299	0.0810007626695
-нсе	0.509728692793	0.323787338997	0.102767881611	0.0637160865991
-мды	0.205905957847	0.566585042194	0.0257633674685	0.201745632491
-єєт	0.128102816313	0.678327842992	0.0607804018002	0.132788938895
-ышы	0.138452237001	0.687424425635	0.148730350665	0.0253929866989
-яла	0.718954248366	0.140522875817	0.0816993464052	0.0588235294117
-ңқы	0.32701894317	0.483549351944	0.117647058823	0.0717846460618
-жақ	0.55753671214	0.203160131653	0.0382680953422	0.201035060864
-ады	0.525269498629	0.107937016708	0.0358916512792	0.330901833383
-ада	0.0593017788313	0.806871387158	0.0301295306075	0.103697303403
-оңы	0.0566801619433	0.805668016194	0.0485829959514	0.0890688259109
-ялы	0.0412265006017	0.856630229251	0.0293986654373	0.07274460471
-мди	0.290852848682	0.4637382391	0.0321745294303	0.213234382787
-зше	0.658054543447	0.144087446174	0.0916418240035	0.106216186375
-мда	0.369125357474	0.271903938461	0.0354187012763	0.323552002789
-зша	0.589198036006	0.273322422259	0.0490998363339	0.088379705401
-мде	0.21802402077	0.593500088208	0.0563889211022	0.13208696992
-аул	0.0354648038689	0.883396023643	0.0	0.0811391724879
-шық	0.306724482339	0.161350548112	0.121958587089	0.40996638246
-жан	0.37016056526	0.476168938262	0.0837851701904	0.0698853262879
-жап	0.379977246871	0.133105802048	0.0	0.486916951081
-жай	0.362604834731	0.480841966782	0.0	0.156553198487
-жаз	0.882797541066	0.06641136753	0.0	0.0507910914038
-қаш	0.225490196078	0.735294117647	0.0343137254902	0.00490196078431
-хқа	0.0738165979173	0.862549398563	0.017538292901	0.0460957106182
-қар	0.821770334928	0.16028708134	0.00358851674641	0.0143540669857
-қас	0.0	0.0640639394468	0.899335209023	0.03660085153
-қат	0.2177099278	0.553486040936	0.164447394444	0.0643566368205
-қаў	0.204608471173	0.503936004079	0.264684322912	0.0267712018358
-ўма	0.273735273735	0.498960498961	0.054054054054	0.17325017325
-қал	0.257105089227	0.438863185724	0.0231328486451	0.280898876405
-қан	0.317218165809	0.258789067801	0.0469087816082	0.377083984782
-қап	0.613650105815	0.227627733548	0.0385468104404	0.120175350197
-йды	0.355299598609	0.270720949697	0.06272303415	0.311256417544
-жая	0.454545454545	0.0727272727273	0.127272727273	0.345454545455
-жас	0.0123902942695	0.0340733092411	0.92875580795	0.024780588539
-жар	0.0962660909891	0.832094027345	0.0201487167186	0.0514911649476
-жат	0.134597679985	0.493831706868	0.181182102743	0.190388510403
-жаў	0.314868804665	0.315840621963	0.369290573372	0.0
-аус	0.04	0.96	0.0	0.0
-пус	0.0	1.0	0.0	0.0
-оны	0.0355436471039	0.0140451315922	0.000416817863566	0.94999440344
-пуў	0.721052631579	0.231578947368	0.0473684210526	0.0
-орқ	0.226148409894	0.137809187279	0.572438162544	0.0636042402826
-яфа	0.00220994475138	0.991160220994	0.0	0.00662983425414
-нди	0.379657488043	0.0762488338266	0.0315392048824	0.512554473248
-нда	0.166032784524	0.169276104877	0.0201366069892	0.644554503609
-нде	0.324671144054	0.265369263554	0.0250796603962	0.384879931997
-нды	0.399969147763	0.453557977749	0.0666521184575	0.0798207560303
-пуд	0.0	1.0	0.0	0.0
-спа	0.353951890034	0.123711340206	0.39175257732	0.13058419244
-пул	0.447488584475	0.456621004566	0.041095890411	0.054794520548
-ева	0.0	0.722222222222	0.277777777778	0.0
-ифа	0.0100376411543	0.974905897114	0.00752823086576	0.00752823086576
-урт	0.271065675341	0.452989467162	0.0498760842627	0.226068773234
-уры	0.124290919153	0.666270811235	0.102096112162	0.107342157451
-ора	0.366391184573	0.57741046832	0.0	0.0561983471074
-оры	0.0504825538233	0.691165553081	0.209354120267	0.0489977728285
-ура	0.402434658074	0.0656402912042	0.0599116839718	0.47201336675
-тат	0.0370540851553	0.962945914845	0.0	0.0
-евс	0.0	1.0	0.0	0.0
-мәс	0.0834553440703	0.13616398243	0.683748169839	0.0966325036603
-мым	0.513888888889	0.1875	0.145833333333	0.152777777778
-ымы	0.173195876289	0.727835051546	0.0432989690722	0.0556701030928
-тлы	0.448723754992	0.253784524392	0.198257049776	0.0992346708397
-иел	0.0	0.994273247887	0.00572675211344	0.0
-йқы	0.136752136752	0.594871794872	0.22735042735	0.0410256410256
-нья	0.0131963332326	0.907524932004	0.00261911957288	0.0766596151908
-шла	0.199958069081	0.480842811468	0.220137323759	0.0990617956916
-шли	0.127428718658	0.102011842299	0.602677158908	0.167882280136
-шлы	0.284303866898	0.155910046622	0.314105494104	0.245680592376
-яма	0.960365853659	0.0396341463415	0.0	0.0
-тли	0.142294586904	0.366491050075	0.35689965023	0.134314712791
-лем	0.272013081813	0.49195329757	0.0254310560266	0.21060256459
-тла	0.796296296296	0.175925925926	0.0277777777778	0.0
-тле	0.0753701211305	0.924629878869	0.0	0.0
-ыма	0.359827889233	0.344187440852	0.0748417321585	0.221142937757
-аза	0.166894190314	0.421806463164	0.229187181094	0.182112165428
-зот	0.0	0.781818181818	0.0545454545455	0.163636363636
-зор	0.0	1.0	0.0	0.0
-гог	0.0	0.980392156863	0.0196078431372	0.0
-тшы	0.657441781978	0.122510968613	0.187647654404	0.0323995950051
-гон	0.0	1.0	0.0	0.0
-ума	0.131455399061	0.370892018779	0.0281690140845	0.469483568075
-уми	0.0	0.870689655172	0.0	0.129310344828
-бты	0.0714285714286	0.857142857143	0.0	0.0714285714286
-дей	0.320909347981	0.3070132532	0.234732118296	0.137345280523
-дек	0.0667711598746	0.916927899687	0.01065830721	0.00564263322884
-дем	0.280267670521	0.506820845463	0.0254967513354	0.187414732681
-ден	0.207895547426	0.380137013627	0.0588766211614	0.353090817786
-деп	0.249336778872	0.00335875517894	0.00073215371748	0.746572312232
-дер	0.0184237461617	0.868986693961	0.0327533265097	0.0798362333674
-дес	0.0834777660514	0.264152308796	0.16988973371	0.482480191442
-дет	0.233995584989	0.532008830022	0.153053715968	0.0809418690214
-тың	0.0585089533952	0.8299950117	0.0199611897235	0.0915348451815
-раў	0.711246200608	0.159691372457	0.0322656067337	0.0967968202011
-деў	0.469565217391	0.0724637681159	0.295652173913	0.16231884058
-умы	0.0	0.977777777778	0.0222222222222	0.0
-аил	0.0184288905436	0.943968726731	0.00279225614296	0.0348101265823
-азы	0.176591940586	0.529775821758	0.0882959702929	0.205336267363
-шон	0.0	1.0	0.0	0.0
-шом	0.0571428571428	0.880519480519	0.0623376623377	0.0
-нус	0.0	0.964433906343	0.0237107291049	0.0118553645525
-нур	0.0173331682555	0.754859477529	0.224093103875	0.00371425034047
-тан	0.182647666514	0.295032733664	0.0369472049796	0.485372394842
-там	0.0	1.0	0.0	0.0
-нух	0.0305602716468	0.969439728353	0.0	0.0
-тоқ	0.275229357798	0.614678899083	0.110091743119	0.0
-таз	0.0189485417054	0.963960616756	0.000371540033439	0.0167193015047
-таж	0.0192307692308	0.961538461538	0.0192307692308	0.0
-әке	0.0815660685155	0.759380097879	0.0	0.159053833605
-йек	0.189311594203	0.63134057971	0.157608695652	0.0217391304348
-йен	0.0236455420647	0.976354457935	0.0	0.0
-йем	0.0143391139163	0.942092039953	0.0	0.0435688461303
-йеп	0.392857142857	0.607142857143	0.0	0.0
-даң	0.353383458647	0.563909774436	0.0601503759398	0.0225563909774
-дақ	0.173977328733	0.764415968457	0.046821094135	0.0147856086742
-єрт	0.129526462396	0.244428969359	0.0905292479108	0.535515320334
-ыбы	0.294667913938	0.600561272217	0.0392890551918	0.0654817586529
-тқы	0.0916488035348	0.451638304388	0.269478104904	0.187234787174
-ғаң	0.12987012987	0.5224130708	0.0251361541684	0.322580645161
-тқа	0.156444845125	0.49572515971	0.0649116098985	0.282918385267
-єри	0.383707438083	0.509862761573	0.0672188212699	0.0392109790741
-қым	0.106653665077	0.772472181169	0.0199086841477	0.100965469606
-йеш	0.0	0.663716814159	0.0929203539823	0.243362831858
-рәт	0.869411200488	0.0710766681926	0.0	0.0595121313191
-таў	0.252725276449	0.671202258646	0.0215669359266	0.0545055289781
-йер	0.366431316472	0.516757529717	0.0462060952721	0.0706050585396
-йет	0.241513032868	0.362592127685	0.107748192509	0.288146646938
-йеў	0.0653925805871	0.877093462993	0.0275751845849	0.029938771835
-тас	0.211688482209	0.623347987703	0.0563687649128	0.108594765175
-тар	0.298827360741	0.304532774573	0.32639511253	0.0702447521553
-ғақ	0.110222326785	0.829549464769	0.0496412186801	0.0105869897659
-дап	0.616981968667	0.233372746083	0.0742684008277	0.0753768844221
-дан	0.195332988582	0.450319967343	0.0717225478314	0.282624496244
-дам	0.118884261365	0.439249280072	0.00574328787202	0.436123170691
-дал	0.211488250653	0.301566579634	0.34725848564	0.139686684073
-пли	0.129071273346	0.0889514108549	0.00652624227445	0.775451073525
-дай	0.16301381424	0.452473630836	0.0367274603291	0.347785094595
-ңды	0.348935707842	0.504579246667	0.050347416655	0.0961376288363
-йең	0.00692520775623	0.923822714681	0.0	0.0692520775623
-дад	0.689655172414	0.172413793103	0.0	0.137931034483
-даб	0.0	1.0	0.0	0.0
-таң	0.407805992703	0.229941399771	0.0750009213872	0.287251686139
-тсе	0.512498162045	0.101782635425	0.0157685273028	0.369950675227
-тса	0.498620172668	0.364530897235	0.097551095441	0.0392978346563
-ғар	0.353528884335	0.26091968746	0.0768541052901	0.308697322915
-тақ	0.324513618677	0.298832684825	0.322178988327	0.0544747081712
-ҳєй	0.108550715257	0.308110557318	0.0565732409865	0.526765486439
-ғаш	0.110218140069	0.776119402985	0.0172215843858	0.0964408725602
-тол	0.0634765625	0.9072265625	0.029296875	0.0
-аин	0.0851063829787	0.872340425532	0.0	0.0425531914894
-аим	0.0	1.0	0.0	0.0
-йле	0.249047523561	0.55243633447	0.0721876879888	0.12632845398
-мис	0.139125835949	0.809284154497	0.0329602838815	0.0186297256722
-йла	0.582633053221	0.260504201681	0.0896358543417	0.0672268907563
-ғаў	0.157733537519	0.815467075038	0.0267993874426	0.0
-йли	0.0881590319792	0.484874675886	0.0933448573898	0.333621434745
-йна	0.2	0.738888888889	0.0611111111111	0.0
-йлы	0.215757446354	0.321874666382	0.321127362016	0.141240525248
-тор	0.435497124076	0.36729663106	0.0	0.197206244864
-ғай	0.218321917808	0.6875	0.0428082191781	0.0513698630137
-ғал	0.382927802154	0.413641802952	0.155564419625	0.0478659752693
-ҳєр	0.0781172903484	0.0937879767028	0.0100431232447	0.818051609704
-ған	0.271241111205	0.0802002155184	0.0298935328834	0.618665140394
-ҳєт	0.3133640553	0.322580645161	0.115207373272	0.248847926267
-ғап	0.412445730825	0.337916063676	0.151953690304	0.0976845151954
-даў	0.512383900929	0.382352941176	0.030959752322	0.0743034055727
-тєн	0.621901694441	0.182047332306	0.00560145637866	0.190449516874
-ңди	0.309833702406	0.3720358038	0.0368295140031	0.281300979791
-плы	0.164878823997	0.205005959476	0.617798967024	0.0123162495034
-ңде	0.439655876507	0.363671013585	0.0686948563674	0.12797825354
-ңда	0.433462896322	0.417744974957	0.0304556021796	0.118336526541
-дас	0.354545454545	0.636363636364	0.0	0.00909090909091
-дар	0.44449955713	0.264552701506	0.252860938884	0.0380868024801
-ғаз	0.656488549618	0.312977099237	0.030534351145	0.0
-аск	0.0236686390532	0.976331360947	0.0	0.0
-аса	0.203321453336	0.0812080541915	0.0226669848792	0.692803507594
-нта	0.281918960245	0.551796636086	0.100344036697	0.0659403669725
-ғам	0.325275101203	0.473174069217	0.0119733166087	0.189577512971
-ўши	0.314406594855	0.417944411646	0.0672983424511	0.200350651049
-ңсе	0.752988047809	0.127490039841	0.119521912351	0.0
-зли	0.213363705391	0.299164768413	0.391799544419	0.0956719817767
-ўшы	0.254919252032	0.591093537439	0.0682788161893	0.0857083943391
-злы	0.221628418736	0.569003458032	0.122602955046	0.0867651681861
-лақ	0.282254821464	0.251864641067	0.0553095096473	0.410571027822
-аат	0.0345167113396	0.74325802746	0.0996936710246	0.122531590176
-асы	0.0831032566092	0.771195784269	0.0562277756311	0.0894731834907
-лаң	0.253198180491	0.512433312742	0.027595889257	0.20677261751
-лаҳ	0.0	1.0	0.0	0.0
-лаш	0.0510638297872	0.765957446809	0.0	0.182978723404
-пси	0.146551724138	0.284482758621	0.543103448276	0.0258620689655
-әрт	0.254332560325	0.15260496717	0.0342151426446	0.558847329861
-лас	0.213041363094	0.32074062062	0.0421623249511	0.424055691335
-лат	0.0222619140069	0.830188190831	0.0512541741089	0.096295721053
-лах	0.0	1.0	0.0	0.0
-пса	0.599181243022	0.378489021213	0.0223297357648	0.0
-лаў	0.564628224815	0.278389587387	0.0603959506112	0.0965862371864
-пке	0.127651113468	0.764117179215	0.0316145281018	0.0766171792153
-рды	0.300730748803	0.275805400434	0.0323901047476	0.391073746016
-рки	0.25810663765	0.473993471164	0.0169749727965	0.250924918389
-аге	0.065934065934	0.934065934066	0.0	0.0
-оты	0.591133004926	0.384236453202	0.0	0.0246305418719
-хум	0.0	1.0	0.0	0.0
-рке	0.0	0.539727436359	0.429416302391	0.0308562612497
-ийт	0.0	1.0	0.0	0.0
-худ	0.0	1.0	0.0	0.0
-яты	0.192366412214	0.468702290076	0.302290076336	0.0366412213741
--дә	0.0532292405962	0.489709013485	0.393186657204	0.0638750887154
-ота	0.0	1.0	0.0	0.0
-рде	0.087687934011	0.21125756682	0.0246709263386	0.676383572831
-рда	0.139581232305	0.712443223803	0.0480350719345	0.0999404719568
-рди	0.281544226268	0.190924025955	0.0230831584449	0.504448589332
-лай	0.254114115255	0.0693727194319	0.0310225319043	0.645490633409
-әри	0.185988356191	0.797600906498	0.016410737311	0.0
-лал	0.30625	0.13125	0.5625	0.0
-лам	0.0790116362591	0.742134750754	0.0391466743284	0.139706938658
-лан	0.210194573856	0.553850369964	0.18114551932	0.0548095368594
-лап	0.533612983696	0.169409354273	0.0358775602039	0.261100101827
-лад	0.0874209246383	0.863520075459	0.00885275186211	0.0402062480404
-лте	0.68345323741	0.172661870504	0.021582733813	0.122302158273
-лта	0.344988816297	0.578052140068	0.0610364828832	0.0159225607522
-еде	0.242410636263	0.439368212555	0.0572308715353	0.260990279647
-еди	0.491877236399	0.0624596736014	0.0110835263672	0.434579563633
-лти	0.0	1.0	0.0	0.0
-мип	0.868959107807	0.131040892193	0.0	0.0
-ҳеш	0.0530710327259	0.13863923284	0.00361129794562	0.804678436488
-ныш	0.176591284179	0.58548552567	0.121102636157	0.116820553994
-тих	0.0952380952381	0.904761904762	0.0	0.0
-ҳақ	0.0567157095396	0.153694035754	0.573327005221	0.216263249486
-әли	0.455160744501	0.426395939086	0.118443316413	0.0
-ыңа	0.418859206239	0.325165237046	0.0398305035143	0.2161450532
-мий	0.142268813179	0.664919505803	0.170348184201	0.0224634968177
-лты	0.0544605809129	0.0427904564315	0.00194502074689	0.900803941909
-ҳар	0.304568527919	0.593908629442	0.0	0.10152284264
-йир	0.378228782288	0.138376383764	0.341328413284	0.142066420664
-йис	0.259535467234	0.0550173372132	0.0434737153909	0.641973480162
-ўақ	0.168316831683	0.75	0.059405940594	0.0222772277227
-йиў	0.299613899614	0.544401544402	0.100386100386	0.0555984555985
-иле	0.498432601881	0.310344827586	0.0	0.191222570533
-ила	0.00729082939853	0.991734894958	0.000974275643456	0.0
-уға	0.788235294118	0.117647058824	0.0	0.0941176470588
-или	0.354844887016	0.248333971658	0.172769054002	0.224052087323
-илт	0.0	0.975609756098	0.0243902439024	0.0
-тра	0.0	1.0	0.0	0.0
-алл	0.0	0.995529061103	0.00447093889717	0.0
-али	0.0	1.0	0.0	0.0
-гам	0.0	1.0	0.0	0.0
-ала	0.158209116403	0.488401170345	0.038218430564	0.315171282688
-ҳаб	0.0684410646388	0.885931558935	0.0456273764259	0.0
-ғыш	0.0787617913729	0.581005586592	0.299020056782	0.0412125652532
-йик	0.375199019297	0.259825629908	0.170260937048	0.194714413747
-йил	0.0433996383363	0.218806509946	0.71609403255	0.0216998191682
-ҳал	0.111040609137	0.0916878172589	0.0225253807107	0.774746192893
-ѳге	0.745762711864	0.0	0.254237288136	0.0
-йип	0.596608231798	0.221360103999	0.0765949521657	0.105436712037
-йим	0.173114272677	0.619476196605	0.146189935768	0.0612195949504
-йин	0.135182028364	0.136170493479	0.0220868899928	0.706560588165
-аял	0.013608690462	0.439576618519	0.00294457045084	0.543870120568
-тиң	0.220354954217	0.621281981297	0.0798923179901	0.0784707464956
-ьяң	0.260707635009	0.71756672874	0.0217256362508	0.0
-рғы	0.101425058927	0.551274801934	0.225544324225	0.121755814914
-ары	0.145626422621	0.632541567152	0.0481541540831	0.173677856143
-арт	0.317647058824	0.435294117647	0.0352941176471	0.211764705882
