-ṣaṣ	0.24572180781	0.591926283458	0.0658183413778	0.0965335673541
-xlu	0.270258803564	0.186253712346	0.525668222316	0.0178192617734
-rbu	0.355555555556	0.622222222222	0.0	0.0222222222222
-cad	0.0915789473684	0.58	0.322105263158	0.00631578947369
-can	0.150677603424	0.662446504993	0.101105563481	0.0857703281027
-cam	0.314657226496	0.492000816938	0.168833821227	0.0245081353394
-cal	0.0375	0.24375	0.71875	0.0
-car	0.477253928867	0.344086021505	0.00992555831266	0.168734491315
-rba	0.0274390243902	0.97256097561	0.0	0.0
-caw	0.555555555556	0.444444444444	0.0	0.0
-xla	0.0605105578317	0.657737157264	0.171131421368	0.110620863536
-zaṛ	0.0	1.0	0.0	0.0
-uft	0.493975903614	0.325301204819	0.0120481927711	0.168674698795
-ɣin	0.375162806501	0.301489325556	0.106461294524	0.216886573419
-ɣim	0.668651162791	0.110325581395	0.066976744186	0.154046511628
-ɣil	0.191458316902	0.745839577254	0.0236611720167	0.0390409338276
-ɣid	0.0	1.0	0.0	0.0
-ufa	0.626177611681	0.165070534207	0.0279063344929	0.180845519619
-dra	0.428571428571	0.272727272727	0.220779220779	0.0779220779221
-ufi	0.451913962814	0.376157491797	0.0783084214364	0.0936201239519
-ɣit	0.0938688212928	0.660408745247	0.160171102662	0.0855513307985
-weṛ	0.484924623116	0.183417085427	0.278894472362	0.0527638190955
-i-s	0.0209677681759	0.911108329054	0.00747881646812	0.0604450863015
-ḥma	0.0331800262812	0.894053876478	0.046046868156	0.0267192290846
-i-t	0.529473135107	0.170318205529	0.0923317683881	0.207876890975
-i-w	0.224324692246	0.457128410572	0.138270356469	0.180276540713
-seɣ	0.707802289389	0.164052632231	0.021868458352	0.106276620028
-ḥmu	0.350807519195	0.383108287	0.258141382049	0.00794281175537
-i-d	0.412237542882	0.175771528211	0.0420699670587	0.369920961848
-i-k	0.239961024548	0.443175027451	0.0618602830136	0.255003664988
-i-m	0.0612244897959	0.731778425656	0.0874635568513	0.119533527697
-i-n	0.464895635674	0.354838709677	0.0569259962049	0.123339658444
-yeb	0.0513675783856	0.68245496998	0.25617078052	0.0100066711141
-seɛ	0.0505050505051	0.0572390572391	0.892255892256	0.0
-weḍ	0.516972296508	0.16528519413	0.0530500307532	0.26469247861
-waz	0.0	0.727272727273	0.272727272727	0.0
-qeḍ	0.50258975082	0.275438674602	0.137476934645	0.0844946399333
-ǧen	0.394551953655	0.376802662394	0.189202514483	0.0394428694688
-ǧem	0.581599736538	0.237587737919	0.0758246074857	0.104987918057
-idi	0.0354053840883	0.721010776315	0.005403006322	0.238180833275
-ecc	0.0884955752212	0.601769911504	0.256637168142	0.0530973451327
-ǧeb	0.797923476255	0.109786579504	0.059988463757	0.0323014804846
-ida	0.476744186047	0.418604651163	0.0	0.104651162791
-kaṛ	0.307929176289	0.486784706184	0.0769822940723	0.128303823454
-ǧes	0.417258883249	0.444670050761	0.125888324873	0.0121827411168
-tla	0.151911995809	0.79570455736	0.0523834468308	0.0
-ect	0.122303826826	0.623656745265	0.046385775029	0.20765365288
-uta	0.0	1.0	0.0	0.0
-qeṛ	0.400742391419	0.273933743428	0.234449196467	0.0908746686861
-uti	0.0229065920081	0.974039195724	0.0	0.00305421226775
-raɣ	0.455746367239	0.282694848084	0.0871862615587	0.174372523118
-raɛ	0.124810892587	0.656770045386	0.218419062027	0.0
-kaḍ	0.737137511693	0.21328344247	0.0140318054256	0.0355472404116
-qeṣ	0.653846153846	0.141025641026	0.166666666667	0.0384615384615
-xef	0.189600689457	0.520827348463	0.256822752083	0.0327492099971
-niḍ	0.510085723357	0.203492433062	0.0262884961372	0.260133347444
-ṛṣa	0.578300921187	0.421699078813	0.0	0.0
-ḍaq	0.0983606557377	0.77868852459	0.0	0.122950819672
-ḍas	0.420757363254	0.48667601683	0.0610098176718	0.031556802244
-ḍar	0.286572254764	0.578334692667	0.095054496923	0.0400385556462
-ḍam	0.107078039927	0.762250453721	0.101633393829	0.0290381125227
-ḍan	0.21092054937	0.257136339765	0.486639753431	0.045303357435
-zin	0.366966058474	0.299674070643	0.0513380956172	0.282021775266
-ǧeǧ	0.560556464812	0.359656301146	0.067512274959	0.0122749590835
-hiṛ	0.417782814754	0.322583968679	0.231815371935	0.0278178446322
-nhu	0.648397179618	0.230791597005	0.0444864432653	0.0763247801119
-xet	0.96875	0.03125	0.0	0.0
--iț	0.473345328453	0.31432727373	0.0554142337486	0.156913164069
-hiḍ	0.508532423208	0.245733788396	0.143344709898	0.102389078498
-uǧa	0.0	1.0	0.0	0.0
-kes	0.582724877607	0.211986720857	0.0493075880325	0.155980813504
-daṛ	0.387559808612	0.40350877193	0.132376395534	0.0765550239234
-miḍ	0.314514723819	0.255009583551	0.400679560899	0.0297961317302
-yat	0.187419768934	0.685922122379	0.0453572956782	0.0813008130081
-yaw	0.668736107918	0.225109220511	0.00459875833524	0.101555913237
-miḥ	0.672413793104	0.293103448276	0.0	0.0344827586207
-yas	0.620945704713	0.122419959118	0.00620191417854	0.25043242199
-mfa	0.0	1.0	0.0	0.0
-jṛa	0.00403492774357	0.942166035676	0.0477466449656	0.00605239161536
-yaf	0.601560991127	0.12952590859	0.0402176753275	0.228695424955
-iḍi	0.718524458701	0.169206094627	0.112269446672	0.0
-yal	0.0453201354494	0.123743386681	0.019283149554	0.811653328316
-yan	0.319254900403	0.342648969795	0.277322241579	0.0607738882237
-ṭaḥ	0.122497055359	0.329799764429	0.448763250884	0.0989399293286
-yak	0.346874516079	0.465235121045	0.108398286275	0.0794920766014
-ṭaṛ	0.216411181244	0.17042380523	0.504959422903	0.108205590622
-hha	0.853345554537	0.0824931255729	0.0	0.06416131989
-daḍ	0.0188679245283	0.188679245283	0.754716981132	0.0377358490566
-bsi	0.0372670807453	0.946761313221	0.0159716060337	0.0
-miṛ	0.47572815534	0.0655339805825	0.0	0.458737864078
-hhu	0.354686446392	0.533378287256	0.0188806473365	0.0930546190155
-ẓẓi	0.153361344538	0.550420168067	0.271008403361	0.0252100840336
-luɣ	0.733451845655	0.147338701244	0.00941127261319	0.109798180487
-ẓẓa	0.861915036084	0.102931329514	0.0117178781341	0.0234357562682
-ṭaṭ	0.0527036276523	0.918548939083	0.0	0.0287474332649
-fru	0.614046309326	0.227069208136	0.0207240629397	0.138160419598
-ẓaẓ	0.0867888138862	0.797492767599	0.115718418515	0.0
-čaṛ	0.504520546493	0.271412975505	0.140227034246	0.0838394437555
-ada	0.155911157195	0.573804902413	0.13030531021	0.139978630182
-ɣiɣ	0.366629407581	0.021745757545	0.010906750669	0.600718084206
-i-ț	0.316121987364	0.140082676858	0.10974182981	0.434053505967
-adi	0.297255388432	0.539605623611	0.0381842146069	0.12495477335
-caɛ	0.0313479623824	0.937304075235	0.0313479623824	0.0
-sen	0.262763717279	0.277341445146	0.0531070009548	0.40678783662
-sem	0.245273567228	0.600858395641	0.0787893405567	0.0750786965745
-sel	0.499079684071	0.41479102388	0.0382235073607	0.0479057846882
-ṣiḍ	0.660332940979	0.253909534219	0.0151336808475	0.070623843955
-seg	0.0484355115275	0.0178794945609	0.00521866739562	0.928466326516
-sef	0.0167143171322	0.970090169342	0.00175940180339	0.011436111722
-sed	0.45328077904	0.445629492233	0.0250405750058	0.0760491537213
-seb	0.586035506272	0.289468525986	0.062752016129	0.0617439516128
-giḍ	0.70524691358	0.0956790123457	0.0601851851851	0.138888888889
-sex	0.509519038076	0.26503006012	0.120240480962	0.105210420842
-sew	0.698919575502	0.211354046797	0.0636747219025	0.0260516557985
-set	0.41179249636	0.286907678979	0.194278126941	0.10702169772
-ses	0.411960922362	0.403824593026	0.0573347675452	0.126879717068
-ser	0.0390438247012	0.625365205843	0.287250996016	0.0483399734396
-seq	0.37037037037	0.62962962963	0.0	0.0
-bla	0.106679536401	0.129441679212	0.0335669574362	0.73031182695
-ṣiḥ	0.1882188916	0.586964098989	0.0941094457999	0.130707563611
-dif	0.075	0.83125	0.05625	0.0375
-mti	0.520778012301	0.166246794217	0.104854633349	0.208120560132
-mta	0.0	1.0	0.0	0.0
-zṛu	0.0480362455307	0.912661371762	0.0120090613827	0.0272933213243
-iha	0.194108761329	0.5	0.0181268882176	0.287764350453
-uur	0.410935738444	0.419954904171	0.135287485907	0.0338218714769
-qub	0.0125746159115	0.985957530091	0.000587141598982	0.000880712398472
-qud	0.0399334442596	0.96006655574	0.0	0.0
-ǧeɣ	0.600036277889	0.290477054235	0.0521676038454	0.0573190640305
-qul	0.906735751295	0.0466321243523	0.0	0.0466321243523
-qus	0.12154340836	0.872668810289	0.00578778135048	0.0
-qut	0.246449687794	0.727026578991	0.0165773332597	0.0099463999558
-raz	0.0	0.867924528302	0.132075471698	0.0
-iwt	0.292430278884	0.58406374502	0.0565737051793	0.0669322709163
-ẓaṛ	0.0449438202247	0.938202247191	0.0	0.0168539325843
-raw	0.127641224666	0.794900819319	0.0468413109099	0.0306166451056
-rat	0.272694770371	0.574219130887	0.07800565541	0.0750804433322
-ers	0.493321636559	0.174748933979	0.0572327236172	0.274696705845
-rar	0.155588119397	0.752287336223	0.0157312087479	0.076393335632
-ras	0.0131868131868	0.986813186813	0.0	0.0
-raq	0.0	1.0	0.0	0.0
-ran	0.26577611578	0.225270808868	0.316499728686	0.192453346665
-iwa	0.0181818181818	0.727272727273	0.254545454545	0.0
-ram	0.556619791893	0.158039096173	0.02028821455	0.265052897383
-raf	0.289962825279	0.553903345725	0.111524163569	0.0446096654275
-rag	0.10250102501	0.756633280618	0.0184501845019	0.122415509869
-erb	0.148984198646	0.580135440181	0.270880361174	0.0
-cbu	0.642451885638	0.287462454111	0.0	0.0700856602514
-rab	0.114695340502	0.853046594982	0.010752688172	0.0215053763441
-rac	0.00925925925926	0.939153439153	0.0357142857143	0.015873015873
-erf	0.457317073171	0.176829268293	0.0182926829268	0.34756097561
-swa	0.484069886948	0.224049331963	0.232271325797	0.0596094552929
-azt	0.138211382114	0.845528455285	0.0	0.0162601626016
-swi	0.727272727273	0.181818181818	0.025974025974	0.0649350649351
-uga	0.152709359606	0.729064039409	0.0	0.118226600985
-ṛus	0.0288215200683	0.955166524338	0.00256191289496	0.0134500426985
-aza	0.0508474576271	0.847457627119	0.0508474576272	0.050847457627
-ugi	0.632411067194	0.0439174352218	0.0465524813351	0.277119016249
-ṛaɛ	0.443864229765	0.43864229765	0.0	0.117493472585
-ṛta	0.0290697674419	0.790697674419	0.180232558139	0.0
-iku	0.0332225913622	0.966777408638	0.0	0.0
-iks	0.0233050847457	0.972457627119	0.00423728813559	0.0
-kci	0.0942100098135	0.84102060844	0.0412168792934	0.0235525024534
-ḍaɛ	0.339743589744	0.211538461538	0.333333333333	0.115384615385
--id	0.545693352109	0.190809779514	0.0475938720976	0.215902996279
--ih	0.510779436152	0.322056384743	0.0	0.167164179104
--ik	0.162911421627	0.472377274002	0.057648721073	0.307062583298
--im	0.233127495366	0.579842581949	0.0995141248877	0.0875157977973
--in	0.334108827711	0.409331782345	0.0581620783249	0.198397311619
--is	0.148956610338	0.603764405201	0.0395623523236	0.207716632137
--it	0.545292788877	0.22172752694	0.0682722449422	0.164707439242
--iw	0.13524261062	0.43476181726	0.0443480168438	0.385647555276
-kki	0.423623995053	0.368171511029	0.0803957946816	0.127808699237
-qan	0.0624146674469	0.879071581822	0.0429100838697	0.0156036668617
-glu	0.16218487395	0.528571428572	0.149579831933	0.159663865546
-eṛǧ	0.145631067961	0.854368932039	0.0	0.0
-ḥeḍ	0.670342310896	0.114870493039	0.018047677601	0.196739518464
-saq	0.535211267606	0.295774647887	0.112676056338	0.056338028169
-yaɛ	0.0426670523575	0.902082730691	0.0104136534567	0.0448365634944
-qab	0.163474781924	0.728307207975	0.0334492031219	0.0747688069785
-tid	0.397467221859	0.209883340789	0.115626828177	0.277022609175
-yaɣ	0.523780585656	0.286674506276	0.0512205324094	0.138324375659
-ddi	0.428343602654	0.277002863956	0.0845746810783	0.210078852312
-aț-	0.306240617628	0.367788977053	0.0386017585246	0.287368646794
-qat	0.197648787656	0.69654665687	0.0264511388685	0.0793534166054
-qaq	0.107865168539	0.202247191011	0.595505617978	0.0943820224719
-ǧel	0.120967741935	0.501008064516	0.0	0.378024193548
-suḍ	1.0	0.0	0.0	0.0
-leh	0.568965517241	0.327586206897	0.051724137931	0.051724137931
-lek	0.601875942371	0.185934237375	0.0871333374556	0.125056482798
-lel	0.398595990243	0.346481051817	0.213873520138	0.0410494378012
-lem	0.523873164653	0.260841886847	0.0584215257398	0.15686342276
-len	0.487323738058	0.213515216848	0.140370616787	0.158790428306
-mum	0.232754525782	0.268485776112	0.299255818863	0.199503879242
-bṣi	0.125	0.708333333333	0.15	0.0166666666667
-leb	0.604134471664	0.222962531351	0.128062219745	0.0448407772402
-uṛt	0.0118226600985	0.976354679803	0.0	0.0118226600985
-lef	0.12938165935	0.176060532528	0.0251483532241	0.669409454898
-lex	0.505131128848	0.233751425314	0.18244013683	0.078677309008
-mut	0.316947745932	0.43977296304	0.146225436439	0.0970538545897
-lez	0.0944881889764	0.90157480315	0.0	0.00393700787401
-neḍ	0.600423323774	0.25507305749	0.0459784241431	0.0985251945924
-mus	0.0	0.982596084119	0.0174039158811	0.0
-mur	0.180712067151	0.735349231204	0.0192519957902	0.0646867058552
-leq	0.524817750824	0.32556577971	0.0527661885811	0.0968502808851
-kuḍ	0.776315789474	0.223684210526	0.0	0.0
-ǧed	0.697719553615	0.230470645318	0.0368753032508	0.0349344978166
-muy	0.893617021277	0.0212765957447	0.0851063829787	0.0
-fsi	0.745882352941	0.169411764706	0.0564705882353	0.0282352941177
-ṭal	0.71320754717	0.181132075472	0.105660377358	0.0
-kuṛ	0.078125	0.859375	0.03125	0.03125
-ecq	0.0192572214581	0.977991746905	0.0	0.00275103163686
-lsa	0.650120162426	0.210491422889	0.108560537002	0.0308278776829
-jab	0.0654885654886	0.922037422037	0.0	0.012474012474
-lsi	0.651030368764	0.161062906725	0.108188720174	0.0797180043383
-cci	0.0865384615385	0.443269230769	0.392307692308	0.0778846153847
-rif	0.0955989507432	0.532789274264	0.0739337413777	0.297678033615
-ṛiq	0.38558909445	0.197663096397	0.0233690360273	0.393378773126
-ṛit	0.26585433398	0.295486014954	0.381057878704	0.0576017723622
-ess	0.496764803653	0.403882235616	0.0339891707763	0.0653637899544
--aɣ	0.294434616694	0.128163457067	0.0543882105344	0.523013715705
-rid	0.175988000235	0.485179996479	0.0405615538082	0.298270449478
-ǧut	0.735354927636	0.215024121296	0.00827015851136	0.0413507925568
-ṛic	0.617647058824	0.367647058823	0.0147058823529	0.0
-ṛib	0.33265597329	0.0319174401386	0.0224865572873	0.612940029284
-ǧun	0.65702670851	0.169507011481	0.0626332446139	0.110833035395
-ǧum	0.79781420765	0.114754098361	0.0382513661203	0.0491803278689
-ccu	0.609942638623	0.321223709369	0.0458891013384	0.0229445506692
-ṛin	0.273543604001	0.566037132905	0.141245645991	0.0191736171028
-ṛim	0.814107517386	0.151120432719	0.00331162379954	0.0314604260956
-ita	0.116758933065	0.83694011072	0.0281831907398	0.0181177654756
-uds	0.00904356303556	0.964723690287	0.00346349222638	0.0227692544512
-ɛya	0.0136785539814	0.946751343429	0.0180752320469	0.0214948705423
-fad	0.00267379679144	0.477272727273	0.491978609626	0.0280748663102
-dṛu	0.532367313067	0.113868701441	0.0719399245665	0.281824060926
-faj	0.0	1.0	0.0	0.0
-fak	0.723684210526	0.173976608187	0.0292397660819	0.0730994152047
-fan	0.2838066772	0.360110202894	0.25667805582	0.0994050640853
-fam	0.157579670168	0.134632314103	0.653794236751	0.0539937789776
-fas	0.0663149962321	0.911077618689	0.00904295403165	0.0135644310475
-uda	0.0607312538731	0.917629453841	0.00575030144646	0.0158889908389
-baṛ	0.214805806795	0.410387373008	0.221048364622	0.153758455575
-udd	0.510870123863	0.214164568022	0.0395744462147	0.235390861901
-dṛi	0.421232876712	0.260273972603	0.267123287671	0.0513698630137
-țaṛ	0.228772710419	0.344086021505	0.338153503893	0.0889877641824
-ḥka	0.368421052632	0.326315789474	0.115789473684	0.18947368421
-rim	0.800833481904	0.0759939383134	0.0320244250312	0.0911481547513
-yuɣ	0.378603146898	0.183757283298	0.0992068584923	0.338432711312
-baḥ	0.263310185185	0.548032407407	0.0925925925926	0.0960648148148
-ḥku	0.605809128631	0.244813278008	0.0	0.149377593361
-baḍ	0.0677966101695	0.85593220339	0.0508474576271	0.0254237288136
-rit	0.101151315789	0.736842105263	0.152138157895	0.00986842105262
-zga	0.569539925965	0.0761501850872	0.06980433633	0.284505552618
-gma	0.098109670364	0.500390563974	0.0159350101547	0.385564755507
-bḍa	0.795049934868	0.148501953973	0.0147633521494	0.04168475901
-kra	0.0770280270456	0.144661030957	0.0556832549833	0.722627687014
-tni	0.0498828943584	0.0470271602909	0.0102724247031	0.892817520648
-laṭ	0.175	0.55	0.175	0.1
-gmi	0.164425491838	0.35524801172	0.0470908329845	0.433235663458
-kru	0.264392324094	0.422601279318	0.144989339019	0.168017057569
-gmu	0.763157894737	0.131578947368	0.105263157895	0.0
-bḍu	0.868932038835	0.116504854369	0.0145631067961	0.0
-ǧuǧ	0.0	1.0	0.0	0.0
-rnu	0.47964727654	0.255440582924	0.0705363641971	0.194375776338
-cma	0.152466367713	0.553811659193	0.232062780269	0.0616591928251
-riz	0.520623444352	0.429595827901	0.0497807277468	0.0
-ṣet	0.614130434783	0.309782608696	0.0108695652174	0.0652173913043
-ṣer	0.0500526078461	0.924695626033	0.0126258830603	0.0126258830603
-ṣeq	0.784615384615	0.184615384615	0.0	0.0307692307692
-ṣen	0.491288651703	0.265329110768	0.166378904411	0.0770033331179
-ṣem	0.261213720317	0.472295514512	0.116094986807	0.150395778364
-ṣel	0.0611066023774	0.835370220079	0.0734472716857	0.0300759058577
-iza	0.0	1.0	0.0	0.0
-rna	0.113599857998	0.0115041698433	0.00705643401288	0.867839538145
-ṣef	0.380530973451	0.486725663717	0.0398230088495	0.0929203539823
-izi	0.0937172080233	0.893618304406	0.00506579502829	0.00759869254243
-rni	0.610294117647	0.192715458276	0.148426812586	0.0485636114911
-laḥ	0.17058862087	0.743543523859	0.0465390665968	0.0393287886733
-a-ț	0.41644271422	0.272162920172	0.039411444598	0.27198292101
-iɛt	0.136510922964	0.435664262569	0.0995087279189	0.328316086548
-ura	0.185237856459	0.13436969082	0.0874196927534	0.592972759968
-wiɣ	0.672760054089	0.183821487272	0.0288430455706	0.114575413068
-iɛa	0.0287094259209	0.930465634194	0.0207885077967	0.020036432088
-urr	0.808153477218	0.107913669065	0.0551558752997	0.0287769784173
-urt	0.178488379745	0.553815323325	0.0166432827188	0.251053014211
-mṛu	0.0289855072463	0.942028985507	0.0	0.0289855072463
-zni	0.427438540841	0.392704203013	0.153211736717	0.026645519429
-laḍ	0.577391946805	0.306876352314	0.0248561929389	0.0908755079424
-zna	0.231003941734	0.653799648169	0.102362857779	0.0128335523185
-znu	0.17059301381	0.692932575142	0.034118602762	0.102355808286
-leǧ	0.0	1.0	0.0	0.0
-rḍa	0.348837209302	0.612403100775	0.00553709856034	0.0332225913621
--ta	0.223880597015	0.507462686567	0.0298507462687	0.238805970149
-ṛuf	0.027134184116	0.964936191302	0.00297360921819	0.00495601536364
-ṛud	0.0360476343739	0.661280978436	0.257740585774	0.0449308014162
-ṛun	0.367595430252	0.34183896842	0.0573283659763	0.233237235352
-ṛum	0.0399204660576	0.944524602862	0.00208280692474	0.0134721241561
-ihi	0.129099090569	0.024911288759	0.0125683651431	0.833421255529
-ṛuj	0.0	0.72	0.205333333333	0.0746666666667
-nnu	0.338300443012	0.293534496112	0.265962390409	0.102202670467
-taɣ	0.536993950675	0.309446254072	0.153559795254	0.0
-nni	0.154625502847	0.616994762822	0.0651755838296	0.163204150501
-ṛut	0.577030812325	0.322128851541	0.0672268907563	0.0336134453781
-cuṛ	0.0791295746785	0.914935707221	0.00593471810089	0.0
-kli	0.194080568869	0.49718397013	0.0901968598907	0.21853860111
-ṛuq	0.0756302521008	0.63025210084	0.218487394958	0.0756302521009
-nna	0.551001444101	0.126457857429	0.0071187432273	0.315421955243
-kla	0.351863927834	0.529127268775	0.0423866970982	0.0766221062928
-ṛuy	0.0693398270632	0.827475906474	0.00681016158656	0.0963741048764
-laẓ	0.0431066518023	0.617242660721	0.289483463396	0.0501672240803
-uṣa	0.33982300885	0.56814159292	0.0283185840708	0.0637168141593
-qiɛ	0.543515358362	0.264505119454	0.123720136519	0.0682593856655
-enɣ	0.871428571429	0.0857142857143	0.0	0.0428571428571
-leɣ	0.458578158096	0.144138600467	0.095961916537	0.3013213249
-ḍeṣ	0.737704918033	0.131147540984	0.0655737704918	0.0655737704918
-mda	0.039314516129	0.900201612903	0.039314516129	0.0211693548387
-ḍeṛ	0.568841739448	0.37354245736	0.0	0.0576158031917
-leɛ	0.731671625774	0.186381152139	0.0448758597142	0.0370713623726
-qya	0.0	1.0	0.0	0.0
-qḍu	0.85625	0.14375	0.0	0.0
-geṛ	0.724455402352	0.161144908443	0.025067660981	0.0893320282233
-ḍeḥ	0.471929824561	0.482456140351	0.0140350877193	0.0315789473684
-d-i	0.0180074307009	0.0120185425461	0.0160722059079	0.953901820845
-keṛ	0.335281776398	0.486811627597	0.118483124947	0.0594234710583
-d-d	0.821276595745	0.178723404255	0.0	0.0
-leț	0.0214384508991	0.941217150761	0.0331950207469	0.00414937759337
-ḍeḍ	0.337544804642	0.20091292552	0.369705130998	0.0918371388399
-ṛṛi	0.224539877301	0.338650306748	0.388957055215	0.0478527607362
-ṛṛa	0.0376949254506	0.089213043786	0.0928476219685	0.780244408795
-ṛiɣ	0.181818181818	0.666666666667	0.0606060606061	0.0909090909091
-diq	0.247191011236	0.520599250936	0.0411985018726	0.191011235955
-ṛṛu	0.52954000436	0.280619141051	0.109875735775	0.0799651188141
-aji	0.123588039867	0.834551495017	0.0299003322259	0.0119601328904
-ɣza	0.836026192193	0.117461651608	0.0322007235224	0.0143114326766
-ɣzi	0.412713472486	0.3055028463	0.0445920303605	0.237191650854
-ǧǧa	0.577034045009	0.235292501305	0.0719918665677	0.115681587118
-ǧǧi	0.603416435826	0.286241920591	0.0687903970452	0.0415512465374
-ldi	0.69927687049	0.12940524117	0.125377895936	0.0459399924041
-yum	0.0199335548173	0.966777408638	0.0132890365448	0.0
-yul	0.133333333333	0.800673400673	0.047138047138	0.0188552188553
-yun	0.268746318063	0.688052290515	0.0249670378994	0.018234353522
-wiǧ	0.291210462287	0.21570863747	0.456584549878	0.036496350365
-mri	0.0543601359003	0.915062287656	0.00339750849377	0.0271800679502
-yuc	0.0274289491077	0.9646397885	0.0	0.0079312623926
-yub	0.0	1.0	0.0	0.0
-yuf	0.45	0.55	0.0	0.0
-yux	0.051985750099	0.813827681752	0.0340414302679	0.100145137881
-fra	0.237188035816	0.384835206706	0.106496475519	0.271480281958
-yus	0.0240521810029	0.966571545047	0.00285364859356	0.00652262535671
-yut	0.0	0.992673992674	0.0	0.00732600732602
-fri	0.113475177305	0.858156028369	0.0	0.0283687943262
-mẓi	0.127819548872	0.157894736842	0.691729323308	0.0225563909774
-ɣṛa	0.128135193277	0.782417112914	0.0598147154914	0.0296329783168
-usi	0.673776662484	0.166875784191	0.0238393977415	0.135508155583
-ɣṛi	0.292735042735	0.241452991453	0.350427350427	0.115384615385
-usa	0.107137244054	0.87067084939	0.00528079362784	0.0169111129273
-xaṛ	0.167877906977	0.832122093023	0.0	0.0
-act	0.0379965457686	0.752158894646	0.168393782383	0.0414507772021
-siḍ	0.48201027984	0.121644774415	0.0365505425471	0.359794403198
-uss	0.603448275862	0.213793103448	0.0551724137931	0.127586206896
-usu	0.316505362281	0.573633272299	0.0659168192518	0.0439445461679
-ust	0.0189825461603	0.512595211826	0.457814348572	0.0106078934425
-ull	0.225519287834	0.129484758565	0.0453196654977	0.599676288104
-l-i	0.0813953488373	0.0331363188062	0.00450250854048	0.880965823816
-a-s	0.073929400858	0.793773623082	0.0447267796287	0.0875701964316
-a-t	0.573601222649	0.167797368323	0.0378350169605	0.220766392068
-a-w	0.0762979737114	0.457661985833	0.0349228970884	0.431117143367
-a-k	0.158689571416	0.547761322434	0.0198546693237	0.273694436826
-xaṣ	0.650289017341	0.193641618497	0.156069364162	0.0
-a-m	0.253333333333	0.373333333333	0.0242424242424	0.349090909091
-reẓ	0.665200175979	0.334799824021	0.0	0.0
-ṣeɣ	0.602409638554	0.284195605953	0.0297661233168	0.0836286321758
-a-d	0.626896575684	0.162989126029	0.0300279087003	0.180086389587
-siḥ	0.00599152515996	0.964780058781	0.00231212844763	0.026916287611
-win	0.10779442983	0.289805466058	0.0102467576382	0.592153346474
-wim	0.618149288609	0.21128731911	0.105217677057	0.0653457152247
-wil	0.0239452679589	0.832383124287	0.0992018244013	0.0444697833523
-m-t	0.482284964155	0.353810994273	0.0629667668785	0.100937274694
-ius	0.0	1.0	0.0	0.0
-wid	0.0581075812591	0.144222849722	0.00947560569431	0.788193963325
-xin	0.0159362549801	0.973439575033	0.0106241699867	0.0
-m-d	0.545180761935	0.237049391411	0.101625928438	0.116143918215
-wit	0.150684481497	0.750243186667	0.0772265952224	0.0218457366138
-wis	0.0571289905978	0.0688509217139	0.587634802208	0.28638528548
-xaḍ	0.0307692307692	0.364102564103	0.605128205128	0.0
-wiq	0.183948569058	0.813977602655	0.00207382828702	0.0
-axt	0.125057897175	0.874942102825	0.0	0.0
-ṛẓa	0.0	0.684210526316	0.315789473684	0.0
-siṭ	0.107142857143	0.892857142857	0.0	0.0
-mɣi	0.571089924385	0.321111553302	0.0532936514803	0.0545048708321
-keḍ	0.500826891273	0.255951694166	0.0442290681128	0.198992346448
-reḥ	0.683188646878	0.176794718511	0.0605603784374	0.079456256173
-faɛ	0.39477124183	0.443137254902	0.125490196078	0.0366013071895
-kma	0.0434450831765	0.875158976446	0.0152617388208	0.0661342015567
-reḍ	0.426512362302	0.151824262428	0.132638227157	0.289025148113
-ɛɛu	0.719340023814	0.117366899132	0.0391222997108	0.124170777343
--ge	0.543689320388	0.252427184466	0.203883495146	0.0
-ult	0.147859922179	0.807003891051	0.0178988326848	0.0272373540856
-ksa	0.0685592825935	0.91588116391	0.0038898883741	0.0116696651223
-tan	0.377701865871	0.110086554842	0.00250168687689	0.50970989241
-qif	0.0694444444444	0.875	0.037037037037	0.0185185185185
-tah	0.267467248908	0.0827354959451	0.00545851528384	0.644338739863
-qic	0.0	1.0	0.0	0.0
-qim	0.670643828979	0.106105731141	0.0264059660073	0.196844473872
-qil	0.464110929853	0.234094616639	0.119086460033	0.182707993475
-taf	0.523141654979	0.291725105189	0.109396914446	0.0757363253857
-tab	0.425090180361	0.41627254509	0.0529859719439	0.105651302605
-gna	0.0469984010854	0.911332913416	0.0402151267019	0.00145355879645
-ucc	0.508650519031	0.36678200692	0.0311418685121	0.0934256055363
-qiq	0.0604838709678	0.383064516129	0.0846774193549	0.471774193548
-qis	0.357781753131	0.475849731664	0.0966010733452	0.0697674418605
-tat	0.396887159533	0.486381322957	0.105058365759	0.011673151751
-tas	0.562200956938	0.287081339713	0.118421052631	0.0322966507177
-uɣa	0.478260869565	0.239130434783	0.0869565217391	0.195652173913
-cna	0.144439421338	0.851039783002	0.00452079566003	0.0
-enz	0.743973253563	0.162766144642	0.0306176315326	0.0626429702622
-ent	0.414258759711	0.366464472273	0.105029485977	0.114247282039
-ens	0.131921824104	0.807817589576	0.0162866449512	0.0439739413681
-fir	0.139865621501	0.0834266517357	0.0595744680851	0.717133258679
-ṣfi	0.0803727431566	0.249854397204	0.541642399534	0.128130460105
-ṛda	0.142857142857	0.545918367347	0.311224489796	0.0
-enk	0.0202003713604	0.97979962864	0.0	0.0
-end	0.124963014104	0.528454482691	0.168458427853	0.178124075353
-enf	0.138268156425	0.810055865922	0.0446927374302	0.00698324022346
-rmi	0.260333022357	0.027371472362	0.0118698563956	0.700425648886
-ṛdi	0.107334525939	0.821109123435	0.0715563506261	0.0
-u-t	0.513069139966	0.157672849916	0.0607082630692	0.268549747049
-čiɣ	0.616600790514	0.304347826087	0.0237154150198	0.0553359683794
-hey	0.118518518518	0.525925925926	0.0	0.355555555556
-hez	1.0	0.0	0.0	0.0
-buḍ	0.0706364202966	0.865652298652	0.0637112810519	0.0
-het	0.612244897959	0.224489795918	0.0816326530612	0.0816326530612
-hel	0.257712706357	0.189512213341	0.475087771719	0.077687308583
-u-d	0.749306872902	0.0864037647745	0.0206114110608	0.143677951262
-hen	0.670319239271	0.230532190959	0.046817267992	0.0523313017777
-hed	0.522606888721	0.251875409945	0.143528802218	0.0819888991165
-heb	0.0177524171818	0.715961325091	0.245363766048	0.0209224916785
-hec	0.689393939394	0.121212121212	0.128787878788	0.060606060606
-gaɣ	0.0496827234244	0.231438686619	0.704176559556	0.0147020304011
-jaṛ	0.141198619391	0.767806714779	0.037652965171	0.0533417006589
-ṛeǧ	0.495238095238	0.419047619048	0.0285714285714	0.0571428571427
-nsi	0.221860757976	0.370273896618	0.032381866155	0.375483479252
-ǧiǧ	0.280207561156	0.339510748703	0.153446997776	0.226834692365
-nsa	0.849056603774	0.11320754717	0.0377358490566	0.0
-ɛan	0.431486382652	0.0829377614616	0.0812174506958	0.404358405191
-ɛam	0.333425759046	0.159226396783	0.0241231110495	0.483224733121
-gdi	0.185469786937	0.557806496682	0.184771219001	0.0719524973804
-buṛ	0.16422820535	0.768072028396	0.00727209765388	0.0604276686001
-jaḥ	0.434782608696	0.173913043478	0.347826086957	0.0434782608696
-ɣ-d	0.387724205072	0.210055607808	0.0576374106893	0.34458277643
-buṭ	0.182741116751	0.756345177665	0.0304568527919	0.0304568527919
-ɣ-k	0.594147080207	0.159142765861	0.139996125893	0.106714028039
-luḥ	0.670843776107	0.296574770259	0.0	0.0325814536341
-ɣ-t	0.528377233502	0.26781160463	0.0465496468545	0.157261515013
-ɛaṛ	0.0778993435449	0.541356673961	0.320350109409	0.0603938730853
-ɛir	0.0	1.0	0.0	0.0
-deb	0.157176470588	0.279058823529	0.442588235294	0.121176470588
-dec	0.678206801259	0.207415368082	0.0314730943426	0.0829047363169
-jga	0.736585365854	0.0	0.263414634146	0.0
-deg	0.0642527646804	0.0208043579487	0.00510220801005	0.909840669361
-deh	0.457983193277	0.491596638655	0.0	0.0504201680672
-naf	0.179257362356	0.373879641485	0.357234314981	0.089628681178
-del	0.492009880526	0.269294752231	0.131572314362	0.107123052881
-dem	0.360707482238	0.426191801456	0.0526553577216	0.160445358585
-den	0.320655156423	0.490096647877	0.098807178026	0.0904410176738
-ɛic	0.523531515023	0.16360883605	0.0879917762607	0.224867872666
-ɛib	0.0431654676259	0.476782210595	0.41334205363	0.0667102681492
-der	0.475501421849	0.15407554672	0.233900395098	0.136522636334
-des	0.0627572016462	0.235939643347	0.544238683128	0.157064471879
-det	0.428118647823	0.297370981571	0.180582449447	0.0939279211584
-nad	0.711111111111	0.133333333333	0.0666666666667	0.0888888888889
-ɛid	0.0551153302997	0.701148072598	0.0249751556044	0.218761441498
-ṭeḍ	0.339277260533	0.38141076219	0.269843774657	0.00946820261953
-dez	0.303191489362	0.433510638298	0.0957446808511	0.167553191489
-kil	0.17676610501	0.710452140666	0.0634864179967	0.0492953363269
-ɛin	0.176295561617	0.199764443342	0.0588891643938	0.565050830647
-ɛim	0.387096774194	0.435483870968	0.073732718894	0.103686635945
-ɛil	0.685064935065	0.100649350649	0.0779220779221	0.136363636364
-bit	0.204702822396	0.612245615268	0.0531440019683	0.129907560367
-bir	0.179028132992	0.583120204604	0.0	0.237851662404
-bib	0.153115100317	0.818085821254	0.0201593549006	0.00863972352884
-bin	0.297058470725	0.52858761279	0.042916738861	0.131437177625
-bil	0.517536147725	0.354272033324	0.0363342622361	0.0918575567155
-bim	0.453125	0.278125	0.23125	0.0375
-lda	0.00546362784889	0.971120824227	0.000780518264126	0.0226350296597
-seḍ	0.532164441729	0.261957796798	0.0309097640064	0.174967997467
-ṭeṛ	0.120128136679	0.718989143976	0.128136679124	0.0327460402207
-zuz	0.143939393939	0.0151515151515	0.436363636364	0.404545454545
-ɛaḍ	0.0770750988143	0.539920948616	0.0320158102767	0.350988142293
-fiḍ	0.347480764458	0.486969471333	0.0935716058575	0.0719781583519
-ṣin	0.377964426877	0.271739130435	0.320652173913	0.0296442687747
-lux	0.0	0.85	0.075	0.075
-met	0.54475327802	0.322425492175	0.0431311370102	0.0896900927941
-mes	0.110859315033	0.815307577031	0.0410833729303	0.0327497350049
-mer	0.183647337994	0.250446720071	0.0762370403402	0.489668901594
-luq	0.0543259557344	0.945674044266	0.0	0.0
-lus	0.023139849428	0.911188606069	0.000879966105009	0.0647915783984
-lut	0.680966973102	0.179434797412	0.119169220293	0.0204290091931
-med	0.418612321337	0.491818535933	0.0454380459641	0.0441310967663
-meg	0.797752808989	0.179775280899	0.0	0.0224719101124
-luk	0.236966824645	0.549763033175	0.0	0.21327014218
-lul	0.657686948444	0.249651648862	0.0257779842081	0.0668834184859
-lum	0.628983562563	0.272056356927	0.0587051325059	0.040254948004
-lun	0.325782414307	0.591952309985	0.0542473919523	0.0280178837556
-mem	0.567759283216	0.189671718554	0.0582677423013	0.184301255929
-mel	0.564453133243	0.184450989181	0.0535340310822	0.197561846494
-men	0.440080644142	0.28454649383	0.0816527292531	0.193720132775
-lud	0.0	1.0	0.0	0.0
-mek	0.107416113476	0.0616316053414	0.0450234906148	0.785928790568
-yda	0.133525654235	0.671131259015	0.0892231609314	0.106119925819
-git	0.288304475662	0.385331590983	0.267559621039	0.0588043123163
-aya	0.373582010167	0.297025818096	0.0370748210346	0.292317350702
-ṭiḍ	0.0702381108733	0.804730696996	0.102966864107	0.022064328023
-ayt	0.0622443971863	0.935301815802	0.00245378701129	0.0
-ays	0.220338983051	0.779661016949	0.0	0.0
-ṛka	0.0666666666666	0.233333333333	0.0333333333333	0.666666666667
-ɣet	0.54214559387	0.317624521073	0.0183908045977	0.12183908046
-ɣes	0.0162886597938	0.909278350515	0.0744329896908	0.0
-ɣer	0.0542548170563	0.00292928696511	0.00358433449667	0.939231561482
-ɣen	0.195343354386	0.101324615906	0.0615211114558	0.641810918252
-ɣem	0.510177354554	0.325508867728	0.0783371438296	0.085976633889
-ɣel	0.193565911614	0.610860476652	0.127784207667	0.0677894040674
-ḥaḥ	0.0816326530612	0.285714285714	0.551020408163	0.0816326530612
-ɣef	0.0359899159543	0.0127295753486	0.00496968629408	0.946310822403
-ubb	0.300861497681	0.0258449304175	0.0563286944997	0.616964877402
-ɣed	0.346627200498	0.541205795295	0.0747780028042	0.0373890014021
-iṛt	0.141509433962	0.787735849057	0.0	0.0707547169811
-ḥil	0.0685714285714	0.931428571429	0.0	0.0
-ḥin	0.258820967039	0.393059387251	0.294758240163	0.0533614055466
-ḥib	0.833333333333	0.0877192982456	0.0526315789474	0.0263157894737
-ḥid	0.0823834196891	0.0756476683938	0.495336787565	0.346632124352
-ḥif	0.322701688555	0.455909943715	0.0712945590994	0.15009380863
-saɣ	0.582333696838	0.131952017448	0.128680479825	0.157033805889
-ɣaṛ	0.140967566588	0.543214350426	0.270157637253	0.0456604457329
-ceḍ	0.208893485005	0.492244053775	0.0744570837642	0.224405377456
-iṛa	0.00533966182142	0.972708395135	0.00771284485316	0.0142390981904
-ḥiq	0.438202247191	0.123595505618	0.404494382022	0.0337078651685
-ḥir	0.27078891258	0.413646055437	0.0597014925373	0.255863539446
-ḥit	0.0609980896203	0.695009551899	0.0694439789523	0.174548379529
-iṛi	0.283018867925	0.320754716981	0.0	0.396226415094
-akk	0.121444187391	0.102615259399	0.0379764677554	0.737964085454
-aki	0.421052631579	0.456140350877	0.0701754385965	0.0526315789474
-ṭer	0.07803360894	0.0273119966156	0.00407276299675	0.890581631448
-aka	0.147978825794	0.676371511068	0.11260827719	0.0630413859481
-zzi	0.771640640062	0.11525608894	0.0359874044085	0.0771158665895
-amt	0.296669248644	0.589465530596	0.0999225406662	0.0139426800929
-zzu	0.684039087948	0.28990228013	0.0260586319218	0.0
-uẓi	0.252475247525	0.70297029703	0.029702970297	0.0148514851485
-ṛet	0.40347453636	0.349412721163	0.155137844292	0.0919748981851
-ṛes	0.635753085707	0.241035037476	0.062615871825	0.060596004992
-ṛeq	0.619611166402	0.311214686204	0.0437511701467	0.0254229772474
-ǧir	0.175438596491	0.21052631579	0.548245614035	0.0657894736842
-ǧin	0.220891550233	0.28875582169	0.157684630739	0.332667997339
-ǧim	0.885802469136	0.114197530864	0.0	0.0
-ixa	0.375	0.25	0.0	0.375
-ṛeb	0.486930339469	0.326523052374	0.0501510229669	0.13639558519
-ǧig	0.0695468914647	0.90832455216	0.00632244467861	0.0158061116965
-ṛen	0.516114444012	0.240128873488	0.0991375374615	0.144619145038
-ṛem	0.576234058754	0.191929655433	0.109920871343	0.12191541447
-ǧib	0.605256812153	0.137931034483	0.202556064625	0.0542560887389
-uẓu	0.480973536797	0.283368746378	0.0444272744833	0.191230442341
-ṛeh	0.622212470222	0.23422414874	0.0833796055814	0.0601837754572
-ɛud	0.0782369146005	0.911845730028	0.0099173553719	0.0
-ɛuc	0.158592431911	0.799228729814	0.0421788382742	0.0
-ɛun	0.169314325945	0.692920930183	0.0553176397101	0.0824471041613
-ɛum	0.346490788168	0.245888655629	0.0781976834671	0.329422872736
-ɛul	0.0177133655394	0.981481481481	0.0	0.000805152979066
-ama	0.0963098063737	0.472701732104	0.0438169152695	0.387171546252
-ɛut	0.350058432772	0.450270635995	0.0941844015254	0.105486529708
-zya	0.0	1.0	0.0	0.0
-zlu	0.418467583497	0.557956777996	0.0117878192534	0.0117878192534
-ṣun	0.250434782609	0.52347826087	0.121739130435	0.104347826087
-ṣub	0.905263157895	0.0105263157895	0.0	0.0842105263158
-eqq	0.0680937408599	0.504484742127	0.20114312177	0.226278395242
-zla	0.353307932109	0.484586075511	0.0640803602355	0.0980256321441
-eqt	0.093433346493	0.712808472029	0.0671833551506	0.126574826328
-ṣut	0.105432341813	0.792595896521	0.0598295856532	0.0421421760128
-hzi	0.550200803213	0.383534136546	0.0421686746988	0.0240963855421
-zḍa	0.632978723404	0.31914893617	0.0478723404255	0.0
-čim	0.282413350449	0.646983311938	0.0231065468549	0.0474967907574
-ẓit	0.240096038415	0.205015339469	0.522875816994	0.032012805122
-ẓin	0.232771822358	0.542113323124	0.122511485452	0.102603369066
-ɣ-ț	0.621389501967	0.211639957778	0.102197485846	0.0647730544093
-ḍuṛ	0.522580645161	0.258064516129	0.0387096774194	0.18064516129
-heɣ	0.625	0.346733668342	0.00942211055277	0.0188442211055
-gad	0.250063532401	0.331029224905	0.374078780178	0.0448284625159
-tra	0.0120025735248	0.972102126402	0.0158953000733	0.0
-yad	0.00896860986546	0.914798206278	0.0448430493273	0.0313901345291
-ḍuṭ	0.026286966046	0.940854326397	0.0328587075575	0.0
-gan	0.353387005951	0.472582829836	0.129209977628	0.0448201865859
-gam	0.229558373415	0.322693484915	0.390030607783	0.0577175338872
-gal	0.473186119874	0.479495268139	0.0189274447949	0.0283911671924
-tri	0.104768013684	0.886679495403	0.00855249091299	0.0
-gus	0.00823271130626	0.938254665203	0.0411635565313	0.0123490669594
-gat	0.0	1.0	0.0	0.0
-gas	0.0244648318043	0.949541284404	0.019877675841	0.00611620795107
-gar	0.0930702447471	0.0619557203739	0.125244346325	0.719729688554
-gur	0.266022436965	0.624847273131	0.0163834277463	0.0927468621571
-gaz	0.0520618427641	0.781013395093	0.0540773660491	0.112847396094
-gay	0.216144096064	0.783855903936	0.0	0.0
-ini	0.42987107392	0.0888385782974	0.036320435064	0.444969912719
-ina	0.182725911133	0.501248127808	0.241138292561	0.0748876684973
-ṛwa	0.415966386555	0.225490196078	0.106442577031	0.252100840336
-knu	0.633879781421	0.226775956284	0.0819672131148	0.0573770491804
-yam	0.754385964912	0.0701754385965	0.0350877192982	0.140350877193
-kni	0.015743899239	0.0141547263112	0.00376966601499	0.966331708435
-kna	0.639365918098	0.186261558785	0.0396301188904	0.134742404227
-int	0.233448391717	0.524762351715	0.0308241201813	0.210965136387
-inu	0.180534423082	0.5213183834	0.0614537865578	0.23669340696
-rzu	0.206451612903	0.658064516129	0.135483870968	0.0
-u-ț	0.297045101089	0.49300155521	0.209953343701	0.0
-ṣab	0.294117647059	0.529411764706	0.117647058824	0.0588235294118
-deɣ	0.478310817336	0.276673885536	0.0959995023728	0.149015794755
-hhi	0.645161290323	0.290322580645	0.0	0.0645161290323
-ɛiɣ	0.343410254612	0.0249701900821	0.00168338360104	0.629936171705
-twa	0.0	0.985350668376	0.0146493316242	0.0
-ḥeɣ	0.552639604025	0.074915535452	0.0873138651625	0.285130995361
-dru	0.0	1.0	0.0	0.0
-yex	0.734939759036	0.0	0.192771084337	0.0722891566266
-yez	0.508064516129	0.370967741935	0.0403225806451	0.0806451612903
-xum	0.375	0.2	0.4	0.025
-yeq	0.15652173913	0.165217391304	0.608695652174	0.0695652173913
-yes	0.211858492175	0.135280797804	0.0585480093677	0.594312700653
-yet	0.468253267397	0.329300600494	0.182046979866	0.0203991522431
-kfa	0.652616952293	0.161185734136	0.00555812876331	0.180639184808
-eli	0.0967741935484	0.83284457478	0.0615835777126	0.00879765395894
-yem	0.0785600734948	0.375636288367	0.246994330953	0.298809307185
-biɣ	0.347305389222	0.568862275449	0.0838323353293	0.0
-yen	0.150802126697	0.335571410107	0.0798731190272	0.433753344169
-bɛa	0.0219062777281	0.0184882769478	0.039127477619	0.920477967705
-deɛ	0.339401075645	0.393040129841	0.234143780034	0.0334150144799
-yed	0.0847286665322	0.8073431511	0.08977203954	0.0181561428283
-yef	0.0	1.0	0.0	0.0
-hdu	0.605960264901	0.0264900662252	0.228476821192	0.139072847682
-biț	0.0352941176471	0.964705882353	0.0	0.0
-meɛ	0.0789557006112	0.879944071673	0.0191848345074	0.021915393208
-hda	0.0735660847881	0.901496259352	0.00249376558604	0.0224438902743
-meɣ	0.539696266086	0.123707384779	0.0482011237473	0.288395225387
-deț	0.0931130034145	0.416848120855	0.153415299459	0.336623576272
-waḍ	0.158615976693	0.682768046614	0.158615976693	0.0
-ruṛ	0.0357142857143	0.964285714286	0.0	0.0
-ahi	0.0382634289919	0.520480745646	0.203581064508	0.237674760853
-wes	0.476923076923	0.463736263736	0.032967032967	0.0263736263736
-cem	0.644167536724	0.12277954206	0.0442822754891	0.188770645727
-waḥ	0.083157450401	0.873786407767	0.00506542845083	0.0379907133812
-ɣeɣ	0.631037536859	0.284057238997	0.018674169533	0.0662310546103
-yeǧ	0.120210368144	0.761457550714	0.0300525920361	0.0882794891059
-zeḍ	0.437526344313	0.375323658698	0.0505810802673	0.136568916722
-sas	0.208168581663	0.711587663395	0.0227938782156	0.057449876727
-sar	0.489194499018	0.186640471513	0.0589390962672	0.265225933202
-dda	0.457286765193	0.281662137981	0.0681669712089	0.192884125617
