-het	0.0	1.0	0.0	0.0
-hep	0.392094357667	0.321963659547	0.266815428754	0.0191265540325
-eus	0.10843373494	0.89156626506	0.0	0.0
-shu	0.0871163803307	0.803381354209	0.0585319014866	0.050970363974
-hem	0.00847158489234	0.984468761031	0.0	0.00705965407695
-hen	0.718562874252	0.173652694611	0.0718562874252	0.0359281437126
-rbe	0.0322834645669	0.967716535433	0.0	0.0
-pau	0.445378151261	0.285714285714	0.168067226891	0.100840336134
-lem	0.145192851574	0.811167122743	0.0272690443796	0.0163709813034
-oya	0.0288	0.824	0.1376	0.00959999999999
-nsu	0.26505061268	0.547416089505	0.142248268514	0.0452850293021
-yek	0.384319575067	0.528044607341	0.0492951473957	0.0383406701967
-uru	0.0081799591002	0.985685071575	0.0027266530334	0.00340831629175
-zin	0.166152457755	0.360684168565	0.110311528653	0.362851845027
-zim	0.32951653944	0.441475826972	0.14631043257	0.0826972010178
-nsi	0.157635142574	0.748078828581	0.0502036771991	0.0440823516459
-pli	0.0625	0.849264705882	0.0294117647059	0.0588235294117
-nse	0.204213938412	0.570826580227	0.171150729335	0.0538087520259
-nsa	0.22826985439	0.695004344969	0.0411182467519	0.0356075538882
-pla	0.806639415335	0.0893100458318	0.0847268673356	0.0193236714976
-zia	0.0	1.0	0.0	0.0
-put	0.562973369812	0.362026894271	0.0284153929036	0.0465843430129
-dup	0.465919345733	0.33072708969	0.0931597501175	0.110193814459
-pup	0.428527131783	0.536744186047	0.0198449612403	0.0148837209302
-nak	0.104401805869	0.700902934537	0.183408577878	0.0112866817156
--um	0.112419559025	0.736259099061	0.144002531913	0.00731881000105
--un	0.135593220339	0.796610169492	0.0338983050847	0.0338983050847
-nte	0.430555555556	0.402777777778	0.0833333333333	0.0833333333333
-kia	0.00730977046791	0.98781704922	0.0	0.00487318031194
--uk	0.0331491712707	0.960220994475	0.0	0.00662983425413
--ut	0.353233830846	0.532338308458	0.0646766169154	0.0497512437811
-wma	0.0108771440524	0.970715381397	0.0016734067773	0.016734067773
-wat	0.499672988882	0.293219969479	0.132112491825	0.0749945498147
--up	0.703551504856	0.196492114144	0.0559241488556	0.0440322321449
-sha	0.105772669301	0.606582521022	0.0394081815305	0.248236628147
-pum	0.344593363432	0.538639078412	0.0595226044176	0.0572449537384
-pun	0.212209479135	0.651394886783	0.0578823946393	0.0785132394428
-ntu	0.112561523646	0.699978600471	0.149368713888	0.0380911619944
-puk	0.552469135803	0.311728395062	0.108024691358	0.0277777777778
-pra	0.189035702091	0.497079680015	0.262110064282	0.0517745536122
-nme	0.0809078089545	0.0657477772442	0.0187443181968	0.834600095604
-pre	0.324971403779	0.515994162427	0.0927700863803	0.0662643474145
-nma	0.166210814223	0.737639385651	0.0847885545971	0.0113612455292
-pri	0.280070088175	0.648937372824	0.0293918155098	0.0416007234908
-twi	0.588252921786	0.338627509739	0.0179802217561	0.0551393467186
-nmi	0.399632521819	0.563619660083	0.0367478180983	0.0
-nmu	0.37897648686	0.3540802213	0.201244813278	0.0656984785615
-pru	0.470321356361	0.0540722840635	0.0121219826989	0.463484376877
-opi	0.0	0.699690402477	0.300309597523	0.0
-sma	0.673092777839	0.304647136419	0.0206111905024	0.00164889524019
-zuk	0.09375	0.859375	0.046875	0.0
-opa	0.0812807881773	0.890729959695	0.012091356919	0.0158978952082
-dea	0.145454545455	0.854545454545	0.0	0.0
-msa	0.311010049146	0.430059414656	0.221521308589	0.0374092276095
-imu	0.0814814814815	0.840740740741	0.0185185185185	0.0592592592592
-msi	0.116166505324	0.17715392062	0.706679574056	0.0
-dek	0.173974705185	0.789792706856	0.017582033299	0.0186505546597
-dem	0.167272228697	0.769657914581	0.0466168506204	0.0164530061013
-den	0.532889109219	0.233314864497	0.0968253042498	0.136970722034
-nag	0.392537313433	0.479104477612	0.0985074626865	0.0298507462686
-dep	0.43899848339	0.33666888955	0.0898512761874	0.134481350873
-oki	0.0142426380958	0.975492397511	0.00526079425162	0.00500417014179
-rwi	0.229798840777	0.745652915104	0.0092055915445	0.0153426525742
-msu	0.0288164665523	0.959862778731	0.011320754717	0.0
-sit	0.551430040741	0.0977610250768	0.0801046138905	0.270704320291
-imo	0.0608695652173	0.921739130435	0.0	0.0173913043478
-biu	0.0	1.0	0.0	0.0
-idi	0.125154894672	0.864931846345	0.00247831474597	0.00743494423791
-oba	0.00755667506297	0.958438287154	0.0264483627204	0.00755667506297
-ida	0.078154526566	0.868094604302	0.0132152199466	0.0405356491854
-bia	0.0135135135135	0.918918918919	0.0472972972973	0.0202702702703
-bin	0.0	1.0	0.0	0.0
-idu	0.113821138211	0.623306233062	0.0379403794038	0.224932249322
-tep	0.348660671628	0.325929779486	0.10181656032	0.223592988566
-tet	0.342314579913	0.41960901358	0.172213102522	0.0658633039845
-zut	0.14131690412	0.186753946862	0.61417019638	0.0577589526377
-ria	0.063476783279	0.914703072469	0.0158691958198	0.00595094843241
-rin	0.46580811285	0.296616185889	0.0540610442544	0.183514657007
-rim	0.650633704138	0.256742652342	0.0577857291268	0.0348379143937
-rik	0.0681700809089	0.428817352384	0.496815286624	0.00619728008263
-rit	0.367995477872	0.297356358747	0.273045281132	0.0616028822495
-gra	0.399295724158	0.416140292727	0.118764633696	0.0657993494194
-eju	0.101225434436	0.782920702412	0.0793623238495	0.0364915393024
-rip	0.371216807661	0.438983332017	0.101954347108	0.0878455132149
-utu	0.0206139368138	0.915303607439	0.0604974232579	0.00358503248936
-gri	0.441858962593	0.505993836171	0.0243806794449	0.0277665217913
-aku	0.0202425834163	0.971775099156	0.00444524263923	0.0035370747882
-ten	0.297380246349	0.436727927005	0.0953990800568	0.170492746589
-dan	0.43291879208	0.384712958227	0.0321786852283	0.150189564464
-jin	0.310844094757	0.216351663388	0.429025912939	0.0437783289148
-are	0.0859993299626	0.692926132448	0.00973066473876	0.211343872851
-ara	0.122040881755	0.548785342961	0.0733274229611	0.255846352323
-gyi	0.0813782147989	0.634864680967	0.26959765088	0.0141594533535
-lup	0.405964161897	0.567268088213	0.0196943327641	0.00707341712598
-wak	0.529411764706	0.156862745098	0.274509803922	0.0392156862745
-lut	0.520903801921	0.320814096374	0.077843656576	0.0804384451285
-ari	0.319514247365	0.594720949075	0.0299008694954	0.0558639340646
-gya	0.397419113522	0.380026182906	0.183280344118	0.0392743594539
-gdu	0.0680957128614	0.678664007976	0.0281156530409	0.225124626122
-aru	0.329269420005	0.477196340737	0.0987993633055	0.0947348759528
-mea	0.0	1.0	0.0	0.0
-lum	0.58092986391	0.260345863694	0.116059475402	0.0426647969939
-lun	0.308958802005	0.574023751858	0.0373973281468	0.0796201179899
-gyu	0.295431472081	0.576649746193	0.103553299492	0.0243654822335
-men	0.013732194521	0.0944365232077	0.000830576281508	0.89100070599
-mek	0.0	1.0	0.0	0.0
-aye	0.341463414634	0.634146341463	0.0243902439024	0.0
-nwa	0.125399734439	0.764717960572	0.0573435971557	0.0525387078336
-pha	0.710144927536	0.144927536232	0.0579710144928	0.0869565217391
-aya	0.109319413912	0.576846290796	0.253885380867	0.0599489144254
-ayi	0.033977658837	0.864214366072	0.0418186570302	0.0599893180604
-ayu	0.705517414749	0.080119811915	0.0561119753475	0.158250797989
-nuk	0.0854936477622	0.824063771486	0.0811757867641	0.0092667939882
-ndi	0.302419354839	0.100806451613	0.596774193548	0.0
-zik	0.166594087192	0.819293237206	0.0118546475057	0.00225802809632
-umu	0.0346820809249	0.953757225434	0.0115606936416	0.0
-oti	0.0305810397553	0.957186544343	0.0122324159021	0.0
-oam	0.0618071482715	0.78367498105	0.0309035741357	0.123614296543
-ume	0.0	1.0	0.0	0.0
-uma	0.0302979296415	0.87207540818	0.0935869382259	0.0040397239522
-kba	0.301724137931	0.551724137931	0.0775862068966	0.0689655172414
-nhe	0.400855920114	0.41940085592	0.0727532097005	0.106990014265
-umi	0.0	1.0	0.0	0.0
-gdi	0.125377292779	0.366457704512	0.407282718056	0.100882284653
ALL	0.209226746552	0.285965534582	0.0534062072361	0.451401511629
-nai	0.407117127838	0.284497026647	0.194235270915	0.114150574599
-nan	0.115757996174	0.177326039249	0.262773838067	0.44414212651
-nam	0.136199310971	0.72580049219	0.0978607578953	0.0401394389439
-kik	0.151040360993	0.532464276761	0.286412634746	0.0300827275006
-gda	0.331605624458	0.55238431305	0.0600998118567	0.0559102506354
-ake	0.145597210113	0.792502179599	0.037925021796	0.0239755884917
-sip	0.221347306756	0.616100764845	0.145259170059	0.0172927583403
-kin	0.0689655172414	0.931034482759	0.0	0.0
-aka	0.130961223755	0.806997807403	0.0367850713612	0.0252558974801
-zum	0.298167713855	0.56362104672	0.0846467057461	0.0535645336797
-sik	0.22	0.766666666667	0.0133333333333	0.0
-zup	0.640188610809	0.0840285334301	0.0	0.275782855761
-sin	0.169719990469	0.641421742925	0.152770832761	0.0360874338445
-sim	0.406526581974	0.299897645855	0.185080378108	0.108495394063
-sia	0.0377358490566	0.9	0.0226415094339	0.0396226415094
-naw	0.213249138796	0.108955111501	0.099162902055	0.578632847648
-nat	0.110383114238	0.830344382921	0.0377943049841	0.0214781978566
-nau	0.0146742930857	0.948396523926	0.0169468757355	0.0199823072526
-goi	0.325102561176	0.6233859759	0.0293718059168	0.0221396570074
-wun	0.581132075472	0.418867924528	0.0	0.0
-wum	0.0572839787268	0.850502787225	0.092213234048	0.0
-amu	0.138129964572	0.745745749438	0.0485168896148	0.0676073963748
-mon	0.00280308339173	0.990189208129	0.00140154169587	0.00560616678346
-moi	0.142453418313	0.377665622016	0.229372170683	0.250508788988
-wut	0.732777735301	0.191987154981	0.0660600963376	0.00917501338023
-yau	0.273389123763	0.536550587287	0.154537339255	0.0355229496952
-yat	0.513933069023	0.313346905938	0.122972972486	0.049747052553
-yaw	0.259606587729	0.501125409326	0.17686845248	0.0623995504655
-yap	0.454966805021	0.333438322799	0.108697723373	0.102897148807
-yas	0.0106007067138	0.968197879859	0.0212014134276	0.0
-bet	0.0764882325796	0.869289340102	0.000865251499769	0.0533571758191
-mmi	0.0660223250749	0.564388783011	0.357337326436	0.0122515654778
-nta	0.0348109369319	0.933129327456	0.00818827591826	0.0238714596942
-216	0.0379746835443	0.392405063291	0.0506329113924	0.518987341772
-yan	0.117016791633	0.170848173178	0.115567136622	0.596567898566
-yai	0.668877848748	0.187107384282	0.0635381972852	0.0804765696843
-yak	0.23860319568	0.306817638986	0.356791527846	0.0977876374883
-iso	0.0	0.965811965812	0.034188034188	0.0
-ren	0.156888007501	0.124135049997	0.126462612001	0.592514330501
-nri	0.302950819672	0.641967213115	0.0	0.0550819672131
-isi	0.281971937396	0.632296606216	0.0240818697719	0.061649586616
-rem	0.177682362022	0.807241412582	0.00711597838672	0.00796024700888
-rea	0.0331325301205	0.948795180723	0.00602409638554	0.0120481927711
-akm	0.236842105263	0.631578947368	0.105263157895	0.0263157894737
-red	0.0	1.0	0.0	0.0
-res	0.806451612903	0.0645161290323	0.0322580645161	0.0967741935484
-isu	0.0300121166931	0.729890949762	0.00782924783297	0.232267685712
-ret	0.142063641499	0.812433314505	0.022782903408	0.0227201405887
-jup	0.423529411765	0.458823529412	0.0823529411765	0.0352941176471
-jut	0.0903174011526	0.795113302941	0.0728751517237	0.0416941441829
-map	0.66909421939	0.18889394629	0.0928538916704	0.0491579426491
-hak	0.169133192389	0.631531259438	0.0996677740864	0.0996677740864
-mau	0.618967471478	0.221511200725	0.136815155295	0.022706172502
-mat	0.536811951418	0.0386697255569	0.0337640935807	0.390754229445
-maw	0.468049967847	0.374817310707	0.0559427830422	0.101189938404
-mai	0.359476862743	0.133557957821	0.244348524091	0.262616655345
-mak	0.260714232989	0.388340198119	0.277721186353	0.0732243825384
-mam	0.138681485471	0.855810423756	0.00477367867022	0.00073441210311
-ugi	0.0932642487047	0.821243523316	0.0751295336788	0.0103626943005
-haw	0.525426782021	0.377162634795	0.0225684665297	0.074842116654
-jun	0.396355353075	0.50569476082	0.0444191343963	0.0535307517084
-jum	0.39571058198	0.486145034351	0.0321890386643	0.0859553450047
-uni	0.144152311877	0.828195829556	0.0181323662738	0.00951949229376
-ung	0.150895549267	0.230527757448	0.0384370609545	0.58013963233
-una	0.0775513564977	0.866931285015	0.00997979922759	0.0455375592596
-wng	0.19088384013	0.373410183027	0.0920448597424	0.3436611171
-666	0.173913043478	0.0579710144928	0.0289855072464	0.739130434783
-nla	0.129989550679	0.686938349007	0.0990595611285	0.084012539185
-ade	0.344418454724	0.115013500737	0.0803009899275	0.460267054612
-tra	0.006569942513	0.977005201205	0.0164248562825	0.0
-hin	0.861067152695	0.0651554672749	0.0598076986041	0.0139696814258
-ada	0.245154300026	0.247464633367	0.0426418426446	0.464739223962
-nli	0.26237859403	0.694327352759	0.0248000949068	0.0184939583046
-gan	0.0914880256271	0.669068654755	0.0975210239215	0.141922295697
-gam	0.284916260337	0.500599571611	0.0790794410328	0.13540472702
-gak	0.0942714566351	0.423194165331	0.458373789148	0.0241605888861
-gai	0.0852565621257	0.0430270437799	0.0123020723483	0.859414321746
-adi	0.411357054509	0.351389622097	0.165289899719	0.0719634236752
-gaw	0.122834699492	0.0571351861271	0.00243943335693	0.817590681024
-gau	0.229285714286	0.650714285714	0.0664285714287	0.0535714285714
-adu	0.022941511326	0.94196450522	0.00899365950219	0.0261003239515
-nlu	0.442446043165	0.384892086331	0.0755395683454	0.0971223021583
-sng	0.5	0.479166666667	0.0208333333333	0.0
-gap	0.589268015298	0.298731092365	0.0811743919089	0.0308265004281
-zak	0.1	0.8	0.1	0.0
-sen	0.0832220645289	0.846638081836	0.0390636017487	0.0310762518866
-sek	0.318755734195	0.4115368372	0.26621229994	0.00349512866443
-ina	0.186128366756	0.702447849064	0.0873663762323	0.024057407948
-ywi	0.0958605664488	0.838779956427	0.0392156862745	0.0261437908497
-sea	0.0542598762494	0.888624464541	0.0456925273679	0.011423131842
-ing	0.160542521651	0.329539301572	0.147750102085	0.362168074692
-yam	0.206714180093	0.734599690203	0.0273012590479	0.0313848706557
-iki	0.0174863387978	0.920218579235	0.0622950819672	0.0
-set	0.45904590459	0.357335733573	0.129612961296	0.0540054005401
-inu	0.368098159509	0.623137598598	0.0	0.00876424189309
-sep	0.0397325961446	0.923818064583	0.014830241538	0.0216190977343
-kut	0.399117487835	0.398910474688	0.11892482899	0.0830472084877
-kup	0.247432033959	0.41738764136	0.158646835812	0.176533488869
-rsi	0.0	1.0	0.0	0.0
-ian	0.087912087912	0.846153846154	0.0659340659341	0.0
-nep	0.270236723114	0.693235215888	0.0253568578775	0.0111712031209
-mtu	0.209438886472	0.681818181818	0.0239234449761	0.0848194867333
-iaw	0.12676056338	0.864788732394	0.00422535211267	0.00422535211268
-nem	0.612101731689	0.188557193941	0.133207441038	0.066133633332
-kim	0.0	1.0	0.0	0.0
-kun	0.267325220935	0.23264036949	0.0381421839038	0.461892225671
-kum	0.17893136519	0.29239054672	0.0521282990528	0.476549789037
-nea	0.0394736842105	0.861842105263	0.0986842105263	0.0
-ban	0.188565420634	0.758476439068	0.0174044016069	0.0355537386912
-eka	0.073994867408	0.8875106929	0.0256629597947	0.0128314798973
-bam	0.437172051919	0.375034520851	0.118751726043	0.0690417011875
-bak	0.067771093423	0.849339386281	0.0722474991451	0.0106420211507
-bai	0.227014620625	0.115996317241	0.0191768023188	0.637812259815
-hoi	0.258064516129	0.58064516129	0.10752688172	0.0537634408602
-hon	0.0	1.0	0.0	0.0
-gsi	0.55015335681	0.401908440304	0.0347608769738	0.0131773259116
-joi	0.144395686102	0.712217212333	0.0465629860887	0.0968241154768
-uji	0.301260022909	0.506872852234	0.117411225659	0.0744558991981
-gse	0.0794701986755	0.880794701987	0.033622007132	0.00611309220579
-baw	0.116010384283	0.7258044768	0.0509434161293	0.107241722787
-bat	0.129828415391	0.55686097752	0.238396268111	0.074914338977
-bau	0.358414882949	0.461253846952	0.0776306234656	0.102700646634
-gsa	0.0826712554461	0.103474535935	0.428945923187	0.384908285432
-dru	0.016278209397	0.858305586386	0.125416204217	0.0
-ase	0.307025986526	0.456635653941	0.0475884932093	0.188749866324
-mbu	0.0976511928981	0.902348807102	0.0	0.0
-asa	0.0505593390659	0.897821471536	0.0202604210135	0.0313587683843
-nye	0.00713573321573	0.0587727817787	0.0171428172473	0.916948667758
-yep	0.480656183957	0.396804475982	0.0908783205977	0.0316610194628
-nyi	0.0105905016374	0.925069253939	0.0599042698065	0.00443597461671
-yet	0.694018593897	0.215853731708	0.0431002789322	0.0470273954631
-asi	0.101305183619	0.713872800172	0.162822606512	0.0219994096971
-dre	0.00305810397554	0.995412844037	0.0	0.00152905198777
-mba	0.0781140042224	0.896551724138	0.0126671358199	0.0126671358199
-asu	0.299087669683	0.353466343647	0.294854713554	0.0525912731165
-yem	0.655509280683	0.19332613502	0.128541313178	0.0226232711193
-yen	0.251875005372	0.624024238537	0.0745356532002	0.0495651028903
-dri	0.247191011236	0.561797752809	0.168539325843	0.0224719101124
-ape	0.0538001158905	0.912161002262	0.00199930807728	0.0320395737703
-raw	0.3253191044	0.396253850851	0.144829952467	0.133597092282
-rat	0.450605829684	0.340638115794	0.062288209558	0.146467844963
-rau	0.0872889633721	0.0610096090309	0.154420780262	0.697280647335
-eru	0.111111111111	0.759856630824	0.121863799283	0.00716845878135
-rap	0.483117672241	0.330281395145	0.0582768287462	0.128324103867
-ran	0.360548569364	0.463748338923	0.0710338170971	0.104669274616
-eri	0.0229633679606	0.944231820667	0.0229633679606	0.0098414434117
-iwa	0.129429892142	0.477657935285	0.055469953775	0.337442218798
-ram	0.234762063935	0.411060064782	0.0777675543108	0.276410316972
-rak	0.230955568305	0.344510316398	0.232081766218	0.192452349079
-rai	0.389587969928	0.269093425852	0.0157453599304	0.32557324429
-era	0.0	0.989247311828	0.00537634408602	0.00537634408602
-nru	0.343324250681	0.267029972752	0.356948228883	0.0326975476839
-swi	0.185089974293	0.737789203085	0.0616966580977	0.0154241645244
-nni	0.583265638087	0.356635779523	0.0348279004512	0.0252706819387
-poi	0.176015899689	0.750376951272	0.0413904283457	0.0322167206935
-azi	0.488247863248	0.0448717948718	0.00769230769231	0.459188034188
-uga	0.205342237062	0.643939556502	0.103703258644	0.0470149477921
-nre	0.171102661597	0.235741444867	0.54752851711	0.0456273764258
-aza	0.335189112761	0.592641687287	0.032402497938	0.0397667020149
-nra	0.133422579206	0.671128960286	0.121820615796	0.0736278447122
-ike	0.013201320132	0.986798679868	0.0	0.0
-ika	0.196817732743	0.744858774076	0.0152524986222	0.0430709945582
-lam	0.0850293135741	0.352590620462	0.0117750486681	0.550605017296
-lan	0.409058798504	0.458198900512	0.0861006745355	0.0466416264482
-lai	0.350383294838	0.364959526805	0.0731025734986	0.211554604859
-oum	0.0408163265306	0.857142857143	0.0	0.102040816327
-lak	0.275409198974	0.486472257586	0.0962473902617	0.141871153178
-lat	0.0782960821737	0.786366696481	0.0791962482991	0.0561409730462
-lau	0.377268510418	0.456116461486	0.0571660554263	0.10944897267
-iku	0.0183968462549	0.968462549277	0.0131406044678	0.0
-law	0.468485310209	0.0932237389521	0.259644963985	0.178645986853
-lap	0.34367290388	0.56771596045	0.0633443286011	0.0252668070697
-noa	0.0	0.997520411853	0.0	0.00247958814708
-rep	0.159946999811	0.795759984857	0.0374787052811	0.0068143100511
-myu	0.0374430925497	0.725433838038	0.0648437954453	0.172279273967
--ip	0.479166666667	0.1875	0.333333333333	0.0
-aha	0.189261744966	0.528859060403	0.0	0.281879194631
-boi	0.27960378208	0.226024313372	0.0522287257992	0.442143178748
--in	0.0128755364807	0.922746781116	0.0128755364807	0.0515021459227
-mya	0.122165118905	0.791477978602	0.0813507052471	0.00500619724598
-pya	0.647300552643	0.244721553068	0.0501629587644	0.057814935525
-mye	0.491701244813	0.286307053942	0.149377593361	0.0726141078838
-pye	0.162499333321	0.491198054756	0.256101347828	0.0902012640944
-myi	0.0837183241787	0.665717463984	0.22214584685	0.0284183649875
-pyi	0.485634438752	0.182136306566	0.0257812247029	0.306448029979
-dom	0.00498753117207	0.990024937656	0.0	0.00498753117207
-dok	0.0	1.0	0.0	0.0
-geu	0.0235546038544	0.959314775161	0.017130620985	0.0
-doi	0.454552793178	0.429216316099	0.103221154114	0.0130097366083
-gla	0.222463493472	0.440383841961	0.299152442789	0.0380002217783
-sap	0.83059269049	0.147826970975	0.0071163523611	0.0144639861739
-saw	0.448790657178	0.340121773355	0.133485719341	0.0776018501252
-mia	0.115761935906	0.874427730543	0.0	0.00981033355134
-sau	0.0752883165573	0.802253555565	0.10839887526	0.0140592526183
-sat	0.473987994832	0.43369565074	0.0331532287664	0.0591631256611
-ibu	0.275490816973	0.675110829639	0.034198860038	0.0151994933502
-hau	0.145454545455	0.745454545455	0.109090909091	0.0
-hab	0.0474576271186	0.945762711864	0.0	0.00677966101695
-toi	0.0755693824264	0.849197974847	0.0434434702809	0.0317891724455
-oli	0.0174717368962	0.852004110997	0.00205549845838	0.128468653648
-glu	0.357999286635	0.547891458831	0.0411556506709	0.0529536038632
-olo	0.0413533834586	0.952067669173	0.0046992481203	0.00187969924812
-sak	0.112606009517	0.81032553846	0.0538037122236	0.0232647397993
-ola	0.0850386122806	0.858268979532	0.0323956618212	0.0242967463659
-sai	0.599476424637	0.210656085349	0.0293090613227	0.160558428692
-mpu	0.125141090445	0.845413947097	0.0206114737204	0.00883348873728
-san	0.518540489389	0.230079845737	0.127723702649	0.123655962226
-sam	0.134012842801	0.670819280647	0.116522841941	0.0786450346112
-lon	0.0363805970149	0.904596336499	0.0206071913161	0.0384158751696
-ima	0.122807017544	0.859649122807	0.0	0.0175438596491
-kiu	0.0	0.984848484848	0.0151515151515	0.0
-loi	0.158625502726	0.0499719813951	0.0503533145213	0.741049201358
-loe	0.118421052632	0.828947368421	0.0	0.0526315789474
-rod	0.0209868744297	0.931003018179	0.0427458412298	0.00526426616129
-roa	0.0359375	0.9640625	0.0	0.0
-hai	0.292595192139	0.254606071241	0.242937357431	0.209861379189
-ron	0.0148148148148	0.97037037037	0.0148148148148	0.0
-roi	0.363496364226	0.391320457598	0.119783706174	0.125399472002
-rdu	0.0305084745763	0.767231638418	0.202259887006	0.0
-hku	0.163603231616	0.302315671282	0.0494456908733	0.48463540623
-ipo	0.063063063063	0.918918918919	0.018018018018	0.0
-ipa	0.0274685104826	0.964683343665	0.0	0.00784814585219
-ham	0.32975851672	0.625529249056	0.0247186855993	0.0199935486242
-ewe	0.0269362473147	0.973063752685	0.0	0.0
-wra	0.444911760396	0.381288261038	0.0916624564489	0.0821375221173
-han	0.0482925637968	0.579062654138	0.0403477923195	0.332296989746
-ewa	0.0557029177719	0.880636604775	0.0477453580902	0.0159151193634
-hka	0.241096765243	0.569649343396	0.0591921491158	0.130061742245
-hko	0.0329489291598	0.96705107084	0.0	0.0
-rdi	0.0237007146677	0.946015038812	0.00658353185213	0.0237007146677
-ewi	0.0317044100119	0.94684147795	0.0128724672229	0.00858164481526
-hki	0.3371439578	0.355003091979	0.268748711675	0.0391042385453
-awk	0.400999507564	0.439805550351	0.130204485639	0.0289904564466
-hap	0.606140789826	0.365842252444	0.00487251438768	0.0231444433414
-awi	0.0513220066352	0.905876143561	0.0241027445461	0.0186991052579
-hga	0.31718061674	0.409691629956	0.237885462555	0.0352422907489
-awn	0.325099623451	0.270392421368	0.0688364448948	0.335671510286
-awm	0.269238051064	0.145590061875	0.0338362963504	0.551335590711
-awa	0.0462092998786	0.894809516541	0.0199286289074	0.0390525546731
-awg	0.285714285714	0.428571428571	0.0408163265306	0.244897959184
-awe	0.362218374076	0.342012394955	0.0508434018333	0.244925829136
-wdi	0.029315960912	0.967426710098	0.0	0.00325732899022
-gli	0.277670885791	0.635076124129	0.0381872686278	0.0490657214519
-hat	0.337204307423	0.626185199888	0.0168796041056	0.0197308885829
-awp	0.345743996671	0.419053099349	0.139139584887	0.0960633190925
-awu	0.333090189618	0.182429929376	0.229221901589	0.255257979417
-awt	0.449022000681	0.303587554043	0.100523809367	0.146866635909
-wku	0.213602058558	0.741234450161	0.0230104005895	0.022153090691
-stu	0.00688143915029	0.98408292414	0.00375487717734	0.00528075953254
-man	0.144596050525	0.464522023703	0.141441807839	0.249440117934
-tim	0.598524944752	0.159161544016	0.0709782377412	0.17133527349
-pku	0.118760757315	0.825301204819	0.0378657487091	0.0180722891566
-nap	0.0803289662427	0.560581428708	0.0860667495457	0.273022855503
-hyu	0.188030458857	0.351596181216	0.0807180478075	0.37965531212
-sun	0.848951965143	0.0788481352549	0.00295060553642	0.0692492940656
-hyi	0.194485702782	0.334635958774	0.407247205732	0.0636311327116
-isa	0.046511627907	0.953488372093	0.0	0.0
-hya	0.660607510165	0.260559674719	0.0702224348242	0.0086103802918
-hye	0.906594202457	0.0447102077319	0.0203280913706	0.0283674984406
-mug	0.51724137931	0.413793103448	0.0689655172414	0.0
-lek	0.141221174004	0.70820230608	0.121174004193	0.0294025157233
-ion	0.0377358490566	0.89461573861	0.049240681086	0.0184077312471
-len	0.310093377011	0.431314143819	0.115310697013	0.143281782156
-mum	0.0634146341463	0.848780487805	0.0292682926829	0.0585365853658
-mun	0.0235739994811	0.89933089325	0.0073811005272	0.0697140067415
-muk	0.0331761157635	0.871729714121	0.00843841242339	0.0866557576925
-mut	0.0643756888735	0.811091728524	0.12359507257	0.000937510032137
-lep	0.702942361951	0.272067714631	0.0153164046755	0.00967351874245
-obe	0.241134751773	0.758865248227	0.0	0.0
-let	0.204590396059	0.104193106335	0.0160559828279	0.675160514778
-giu	0.0163934426229	0.918032786885	0.0655737704917	0.0
-alu	0.213601842241	0.400222307885	0.19155317031	0.194622679564
-ndu	0.332992849847	0.594484167518	0.0173646578141	0.0551583248212
-iba	0.611585352263	0.126306639624	0.187220005795	0.0748880023179
-gio	0.0303867403315	0.861878453039	0.024861878453	0.0828729281768
-gin	0.428571428571	0.571428571429	0.0	0.0
-ali	0.0986882987763	0.394803803662	0.0835477426342	0.422960154928
-nda	0.194061288993	0.710762155259	0.0729274907681	0.0222490649801
-ale	0.19067210233	0.622383463615	0.110146987321	0.0767974467342
-nde	0.403015366773	0.329370832125	0.07596404755	0.191649753552
-ala	0.37172957224	0.474879826091	0.0632341616828	0.0901564399861
-gpu	0.0876865671642	0.882462686567	0.0186567164179	0.0111940298507
-wnu	0.193205944798	0.507430997877	0.15923566879	0.140127388535
-mlu	0.3536121673	0.110266159696	0.536121673004	0.0
-yoi	0.0886917092314	0.53544465647	0.348280323652	0.0275833106466
-mla	0.132028184978	0.788548570022	0.0481257522594	0.0312974927402
-gpa	0.126136583478	0.858773457148	0.0081253627394	0.00696459663376
-mle	0.099910793934	0.49866190901	0.35860838537	0.042818911686
-mli	0.24280260181	0.466520550528	0.241845776772	0.0488310708899
-gwa	0.235294117647	0.676470588235	0.0	0.0882352941177
-bim	0.296296296296	0.62962962963	0.037037037037	0.037037037037
-gwi	0.177155046845	0.745262091145	0.0403848890984	0.0371979729117
-ogu	0.0	1.0	0.0	0.0
-rku	0.0532687651332	0.944309927361	0.0	0.00242130750606
-mga	0.441588785047	0.544392523364	0.0140186915888	0.0
-elu	0.0	1.0	0.0	0.0
-eli	0.0367145363572	0.957437130418	0.00292416661251	0.00292416661251
-oga	0.0491803278688	0.926229508197	0.0245901639344	0.0
-rka	0.176312247645	0.810228802154	0.0134589502019	0.0
-mgu	0.118644067797	0.847457627119	0.0338983050847	0.0
-ela	0.0704426672607	0.903932243806	0.0127597969087	0.0128652920244
-oge	0.00925925925925	0.990740740741	0.0	0.0
-ele	0.0862068965517	0.913793103448	0.0	0.0
-hum	0.249025658282	0.411277802727	0.32469114676	0.0150053922298
-itu	0.0710720887246	0.911645101664	0.00951940850278	0.00776340110906
-esu	0.0061529035852	0.878733346321	0.00295560678607	0.112158143308
-esa	0.0	1.0	0.0	0.0
-ite	0.0	0.980392156863	0.0	0.0196078431373
-ese	0.00503778337531	0.994962216625	0.0	0.0
-bru	0.121477257368	0.748089387201	0.0835359692088	0.0468973862225
-udu	0.3756432247	0.591766723842	0.00343053173242	0.0291595197256
-eza	0.0	1.0	0.0	0.0
-bra	0.503116735572	0.292779029655	0.0594632518631	0.14464098291
-uda	0.0131258601369	0.858339279243	0.110318362711	0.0182164979086
-spu	0.0349708576186	0.794338051624	0.022481265612	0.148209825146
-bre	0.0205219718938	0.94334151238	0.0347981262547	0.00133838947134
-bri	0.166666666667	0.233333333333	0.6	0.0
-udi	0.0436681222707	0.956331877729	0.0	0.0
-nna	0.0419686086001	0.0125313589281	0.000441326070437	0.945058706401
-abu	0.224598890324	0.513338385817	0.226904626244	0.0351580976148
-hun	0.729134391348	0.192141434227	0.0261423673561	0.0525818070684
-uti	0.126021003501	0.607934655776	0.252042007001	0.0140023337223
-huk	0.226946279805	0.675380637748	0.0474001723643	0.0502729100833
-woi	0.800675508938	0.081802603165	0.0437871220439	0.0737347658536
-pwa	0.315110098709	0.586940015186	0.0706150341686	0.0273348519362
-aba	0.0645349544145	0.200564321096	0.65259651086	0.08230421363
-nja	0.137856369542	0.412486466979	0.378924575965	0.0707325875135
-hut	0.29432585664	0.266252226104	0.235477712264	0.203944204993
-hup	0.359872611465	0.605095541401	0.0254777070064	0.00955414012739
-abi	0.130030959752	0.84520123839	0.0123839009288	0.0123839009288
-nji	0.158309560931	0.743519959391	0.0581292919043	0.0400411877745
-tuk	0.245430699947	0.338463565372	0.333043884444	0.0830618502372
-koi	0.604069655329	0.223871862574	0.1171189773	0.0549395047975
-tum	0.152561514624	0.439913246204	0.317277552349	0.0902476868232
-tun	0.346755941569	0.43531085493	0.197592771174	0.0203404323267
-oru	0.0	1.0	0.0	0.0
-tup	0.464904566671	0.340052847657	0.0860884016199	0.108954184052
-ori	0.031914893617	0.933806146572	0.0141843971631	0.0200945626477
-tut	0.342242750437	0.155790182283	0.0662334418877	0.435733625391
-gbu	0.0349383701339	0.951760219917	0.00532056397978	0.00798084596967
-ora	0.0989403068915	0.706118988472	0.0277505442823	0.167190160354
-gma	0.165598895253	0.559233015643	0.144432119168	0.130735969936
-kre	0.435643564356	0.35521077881	0.0636929672349	0.145452689599
-wsi	0.0945046821094	0.171451453918	0.726651059635	0.00739280433712
-kra	0.105784658786	0.114591827978	0.112408220374	0.667215292863
-lit	0.24019023754	0.38833908616	0.0891346365911	0.282336039709
-liu	0.0	1.0	0.0	0.0
-rup	0.587817921454	0.128188286176	0.043675333192	0.240318459178
-gre	0.369488493789	0.435263405813	0.121103252145	0.0741448482521
-lip	0.00645131560758	0.990230864937	0.0	0.00331781945533
-rut	0.141450844762	0.736086992311	0.0945725364823	0.027889626445
-kri	0.495094604265	0.39307013982	0.0871537968203	0.0246814590947
-ruk	0.513182797024	0.465529620285	0.00456162486244	0.0167259578289
-jep	0.163854099925	0.78626643865	0.0176590164237	0.0322204450017
-ipi	0.0413793103448	0.941114058355	0.0	0.0175066312997
-run	0.438694338241	0.38158395823	0.0574823010209	0.122239402509
-jet	0.329148789661	0.329307696382	0.26632766566	0.075215848297
-rum	0.770956438157	0.090623539066	0.0214506786355	0.116969344142
-oma	0.0349871907526	0.675474313437	0.268622913083	0.0209155827279
-lia	0.00128054636645	0.998719453634	0.0	0.0
-ome	0.0224215246637	0.914798206278	0.0269058295964	0.0358744394618
-tru	0.0115699197361	0.981862337047	0.00368480942089	0.00288293379562
-tek	0.541832669323	0.31208499336	0.0796812749004	0.066401062417
-144	0.0111731843575	0.117318435754	0.0	0.871508379888
--aw	0.147931873479	0.789294403893	0.0569343065693	0.00583941605839
-tem	0.0623376623377	0.257142857143	0.579220779221	0.101298701299
-oda	0.132325141777	0.867674858223	0.0	0.0
-gat	0.646078366177	0.316794467347	0.022103697309	0.015023469167
-ode	0.158371040724	0.841628959276	0.0	0.0
-rna	0.0351016099234	0.916864608076	0.0110847189232	0.0369490630773
-odi	0.0206825232679	0.949327817994	0.0258531540848	0.00413650465357
-rni	0.0	1.0	0.0	0.0
-odo	0.0	1.0	0.0	0.0
-uri	0.0420674618443	0.872643324356	0.0791329998718	0.00615621392843
-bua	0.0277349768875	0.972265023112	0.0	0.0
-wse	0.203597247627	0.563931713265	0.0947652643497	0.137705774758
-rgi	0.0163934426229	0.918032786885	0.0655737704917	0.0
-kyu	0.405220879107	0.427682679428	0.127194099448	0.0399023420164
-zeu	0.0255319148936	0.965957446809	0.00851063829786	0.0
-ura	0.0362218370884	0.892720970537	0.0689774696707	0.00207972270364
-rga	0.0117878192534	0.972495088409	0.0117878192534	0.00392927308449
-lwi	0.546240276577	0.397003745318	0.028522039758	0.0282339383463
-kya	0.0694037375692	0.431633662947	0.482401679414	0.01656092007
-kye	0.620766941332	0.318417174864	0.0164201719653	0.0443957118394
-kyi	0.181806818539	0.702891862346	0.108518888579	0.00678243053617
-zen	0.309677419355	0.174193548387	0.193548387097	0.322580645161
-gte	0.609137055838	0.258883248731	0.10152284264	0.0304568527919
-wze	0.0596071823495	0.922489600337	0.0147438260229	0.00315939129061
-waw	0.460062420529	0.465379724887	0.0520171078488	0.0225407467345
-pai	0.524484684568	0.346439526787	0.0495380405029	0.0795377481416
-apa	0.358595020643	0.580883272864	0.0441010884524	0.0164206180408
-dut	0.694264822483	0.198634481543	0.0366414119167	0.0704592840572
-pam	0.183119819141	0.654107008289	0.135644310475	0.0271288620949
-pan	0.322048521645	0.589250850285	0.0587665376891	0.0299340903809
-bya	0.546824931673	0.32223366774	0.0698452997472	0.0610961008404
-api	0.0376569037657	0.912133891213	0.0	0.0502092050209
-byi	0.100828102342	0.797121710443	0.0819874577532	0.0200627294623
-hke	0.0733496332518	0.666259168704	0.19804400978	0.0623471882641
-apu	0.111263442814	0.839291572269	0.0354331271731	0.0140118577434
-wan	0.152033042459	0.614358965308	0.0439858934219	0.189622098811
-wam	0.63308956773	0.217595039723	0.0679231102695	0.0813922822776
-duk	0.274575440888	0.69750163292	0.027922926192	0.0
-pat	0.350741641388	0.534562918512	0.0580941112	0.0566013288994
-dum	0.501607953808	0.328807931189	0.0740463996892	0.0955377153131
-dun	0.644035136627	0.211923803778	0.0605919651382	0.0834490944571
-paw	0.61653091273	0.248444536876	0.0935551046712	0.0414694457235
-nun	0.0	0.978723404255	0.0212765957447	0.0
-num	0.12197632527	0.669949777818	0.0682422909119	0.139831606
-wlu	0.0174893838698	0.961453581069	0.00149178335201	0.0195652517088
-ini	0.289655172414	0.379310344828	0.206896551724	0.124137931035
-kem	0.0	1.0	0.0	0.0
-sut	0.280489252051	0.297585949685	0.294907438801	0.127017359463
-sup	0.283069052906	0.246468894416	0.382527676869	0.0879343758091
-`ai	0.638554216867	0.0481927710843	0.168674698795	0.144578313253
-sum	0.125404899113	0.173102382962	0.249723637052	0.451769080873
-suk	0.0519851471008	0.849757212225	0.0365609825764	0.0616966580977
-wli	0.116959064327	0.853801169591	0.0292397660819	0.0
-nut	0.419769187825	0.44512971357	0.0868814585673	0.0482196400373
-aen	0.021978021978	0.923076923077	0.054945054945	0.0
-aga	0.331220431522	0.227501441602	0.14345302322	0.297825103656
-dia	0.106774408661	0.820735103754	0.0444827991998	0.0280076883851
-lui	0.0604838709677	0.922235023041	0.0172811059908	0.0
-lio	0.0321463897132	0.910979228487	0.042037586548	0.0148367952522
-dim	0.272410267642	0.277970524019	0.31617958949	0.133439618849
-din	0.134004630746	0.807980802781	0.0326444659017	0.0253701005719
-dik	0.514161208273	0.215106690124	0.182394980636	0.0883371209677
-dit	0.585445288201	0.191137117392	0.179645984074	0.0437716103328
-son	0.0589060308555	0.903225806452	0.0294530154277	0.00841514726507
-dip	0.536588396074	0.344639085601	0.0573984345882	0.0613740837371
-soi	0.111778846154	0.765625	0.100961538461	0.0216346153846
-ska	0.0132669983416	0.936981757877	0.00663349917081	0.0431177446103
-uku	0.382978723404	0.510638297872	0.0	0.106382978723
-nnu	0.0760670516974	0.91040991689	0.0	0.0135230314129
-uka	0.0190476190476	0.939682539683	0.0	0.0412698412698
-sku	0.0146198830409	0.985380116959	0.0	0.0
-uke	0.0265118317265	0.951139351446	0.0184049079755	0.00394390885189
-kle	0.14180543383	0.699737072743	0.133216476775	0.0252410166521
-uki	0.0315398886828	0.961038961039	0.00742115027828	0.0
-nne	0.094537815126	0.741596638656	0.113445378151	0.0504201680672
-anu	0.256954874819	0.601528679784	0.0390282192973	0.102488226101
-tiu	0.0	1.0	0.0	0.0
-ngu	0.279045485864	0.0713743509415	0.00655822129216	0.643021941902
-nga	0.65642770466	0.0268100807332	0.00377797765807	0.312984236949
-aia	0.0162407485457	0.970387893111	0.00384498287123	0.00952637547201
-tia	0.0643274853801	0.896198830409	0.00438596491228	0.0350877192982
-dau	0.53834740568	0.315103200699	0.0814163297895	0.0651330638316
-ngi	0.722311396469	0.133226324238	0.0963081861958	0.0481540930979
-tin	0.365736771452	0.412946573438	0.122422350277	0.098894304833
-ain	0.116071428571	0.857142857143	0.0178571428571	0.00892857142856
-tik	0.253655331033	0.588927221948	0.0788565795958	0.0785608674224
-eme	0.108910891089	0.881188118812	0.00990099009901	0.0
-jaw	0.276523336268	0.0600796981683	0.00755581745823	0.655841148105
-jat	0.522415377969	0.215041137627	0.120596747318	0.141946737086
-jau	0.404433563355	0.338515428605	0.047082955525	0.209968052516
-ema	0.00228534116879	0.987920339536	0.00979431929482	0.0
-uwa	0.13654536588	0.541818479339	0.293090718772	0.0285454360094
-dap	0.136809303033	0.749847989663	0.0713498517899	0.0419928555142
-bye	0.305737435023	0.538673302493	0.105987897893	0.0496013645908
-emi	0.00904068307384	0.990959316926	0.0	0.0
-uwi	0.938	0.062	0.0	0.0
-260	0.03125	0.140625	0.0	0.828125
-wwa	0.0925925925926	0.814814814815	0.0925925925926	0.0
-wmi	0.293103448276	0.233333333333	0.442528735632	0.0310344827586
--ga	0.167460179038	0.18198955755	0.0950297551677	0.555520508244
-jan	0.0615423717094	0.683757938899	0.0379062063371	0.216793483054
-jam	0.213881641099	0.575329524495	0.114546313374	0.0962425210311
-jai	0.454503401668	0.289813049316	0.0732232915505	0.182460257466
-rtu	0.0384615384615	0.961538461538	0.0	0.0
-ana	0.189493374078	0.48003660495	0.168105592133	0.16236442884
-zam	0.360902255639	0.0902255639098	0.105263157895	0.443609022556
-egu	0.0	1.0	0.0	0.0
-zai	0.192728266812	0.463504647348	0.306349097868	0.0374179879716
-zaw	0.185667752443	0.736156351792	0.0390879478827	0.0390879478827
-zat	0.555551893477	0.311558617053	0.0110741241225	0.121815365347
-hsa	0.415094339623	0.452830188679	0.0	0.132075471698
-dai	0.0194591181942	0.0553769624143	0.00314533748069	0.922018581911
-mwi	0.0322311753265	0.91186440678	0.0484023339817	0.0075020839122
-etu	0.0810810810811	0.864864864865	0.0108108108108	0.0432432432433
-jen	0.853681720715	0.12010080244	0.0160045980061	0.0102128788381
-000	0.0111731843575	0.117318435754	0.0	0.871508379888
-o-i	0.0682019486271	0.716563330381	0.204605845881	0.0106288751107
-eta	0.0132450331126	0.986754966887	0.0	0.0
-wda	0.102739726027	0.801369863014	0.0	0.0958904109589
-eti	0.0276699029126	0.96213592233	0.0	0.0101941747573
-00'	0.136363636364	0.636363636364	0.0	0.227272727273
-dwi	0.0678708264915	0.103995621237	0.828133552272	0.0
-buk	0.478723404255	0.5	0.0212765957447	0.0
-atu	0.0464418695408	0.0682784198125	0.0130936508712	0.872186059776
-bun	0.361055458365	0.392157670033	0.0140642260125	0.23272264559
-lim	0.63424312543	0.304074988196	0.0616818863742	0.0
-uya	0.13756097561	0.79512195122	0.0673170731707	0.0
-bum	0.0615461249307	0.926437360064	0.00693260481071	0.00508391019452
-don	0.0449725776965	0.923217550274	0.00219378427788	0.0296160877514
-gad	0.0	1.0	0.0	0.0
-kru	0.109857611966	0.241669683508	0.490335202203	0.158137502323
-ata	0.19537572817	0.570898957562	0.0352650147832	0.198460299485
-ati	0.0703735881842	0.877932232841	0.0438748913988	0.00781928757603
-kak	0.205584535133	0.699294262044	0.0337526848727	0.0613685179503
-nip	0.310934828172	0.580040733807	0.0663471086641	0.0426773293569
-edi	0.00156780768226	0.998432192318	0.0	0.0
-kan	0.389383298502	0.444060041197	0.0244102942287	0.142146366072
-kam	0.424835541033	0.424707651122	0.0368912122869	0.113565595558
-hte	0.00928295875909	0.0145249306774	0.0017861965451	0.974405914018
-lik	0.354047831168	0.577745895475	0.031181663562	0.0370246097953
-hta	0.00976874939298	0.0487927893868	0.00673418624449	0.934704274976
-nia	0.0	0.977777777778	0.0222222222222	0.0
-aca	0.0548780487805	0.487804878049	0.420731707317	0.0365853658536
-nik	0.036253776435	0.850453172205	0.0634441087613	0.0498489425982
-htu	0.250407472039	0.710410257715	0.0191247353273	0.020057534918
-kap	0.501776902946	0.252363016444	0.106109464773	0.139750615838
-nin	0.548215018465	0.296265900698	0.113254000821	0.0422650800164
-kau	0.273392575097	0.0761565094312	0.0160881902688	0.634362725203
-kat	0.454922210913	0.180649471035	0.110704353102	0.25372396495
-aji	0.0535311223118	0.444702384091	0.471543826661	0.0302226669359
-aje	0.193535959389	0.283418379873	0.336761634253	0.186284026485
-aja	0.116954097062	0.16315020637	0.508279887213	0.211615809355
-nba	0.176692879335	0.76736000629	0.0329736616121	0.0229734527625
-shi	0.00540988241754	0.0612051958053	0.000952849114552	0.932432072663
-mti	0.418533082578	0.424517011455	0.156949905967	0.0
-5-6	0.793103448276	0.0	0.0344827586207	0.172413793103
-aju	0.264232220839	0.56010038137	0.0677771849744	0.107890212816
