-iva	0.464252553389	0.294336118849	0.0	0.241411327762
-rbe	0.0	0.976331360947	0.0236686390532	0.0
-zip	0.0132450331126	0.986754966887	0.0	0.0
-nsi	0.0197316495659	0.873717442778	0.0118389897395	0.0947119179164
-uaa	0.75726890587	0.0449094156673	0.00496904419764	0.192852634265
-gdi	0.0842696629214	0.88202247191	0.0337078651686	0.0
-uai	0.708040614523	0.185719175831	0.0109493270584	0.0952908825882
-kia	0.069724634178	0.135414536192	0.0	0.79486082963
-uaq	0.0894203237237	0.626055142601	0.152667303654	0.131857230022
-uap	0.110828025478	0.20127388535	0.489171974522	0.19872611465
-uat	0.299398252292	0.295061697754	0.0932945856244	0.312245464329
-sva	0.22629969419	0.77370030581	0.0	0.0
-'ip	0.0	1.0	0.0	0.0
-0-t	0.0447633934916	0.126243427597	0.0304639761262	0.798529202785
-uki	0.120406567631	0.879593432369	0.0	0.0
-sip	0.0484699433065	0.782267581254	0.00708010202586	0.162182373414
-ima	0.307519429057	0.044912916051	0.00728886927693	0.640278785615
-ilu	0.27181713912	0.421752178023	0.0555161087492	0.250914574108
-oki	0.0385081651572	0.940526278257	0.00599015902446	0.0149753975611
-imi	0.195004584193	0.465940059153	0.0446235405694	0.294431816085
-lla	0.0475172847266	0.0918918918919	0.224387177876	0.636203645506
-bip	0.073448303694	0.900454679975	0.014797277301	0.0112997390298
-rpa	0.353770751009	0.409656427773	0.0657071590551	0.170865662163
-lli	0.206084802564	0.407731172056	0.0609975236514	0.325186501728
-llu	0.228164771529	0.479295005936	0.0810375590247	0.21150266351
-teq	0.128233111426	0.734803012114	0.0944013969224	0.0425624795372
-bba	0.00791295746784	0.950544015826	0.0118694362018	0.0296735905044
-uta	0.338765324167	0.27089958775	0.0754515394653	0.314883548618
-ria	0.0122011839667	0.944416828596	0.0	0.0433819874373
-bbi	0.00633356790991	0.934553131598	0.0	0.0591133004926
-uti	0.102154971494	0.804941016171	0.00365735594679	0.0892466563879
-rit	0.178162864128	0.657879204269	0.0624481379668	0.101509793637
-rip	0.0705379498723	0.909132929425	0.00714266403055	0.0131864566718
-aku	0.0365649966125	0.913975104588	0.00657378401766	0.0428861147819
-meq	0.0354386324894	0.871042205947	0.00899678009977	0.0845223814634
-ara	0.456677279026	0.236572548171	0.0710497666955	0.235700406108
-lup	0.0751668538955	0.812869226194	0.00772483975418	0.104239080156
-lut	0.0585166226813	0.724112408266	0.0192503014569	0.198120667596
-ari	0.199501476892	0.718664179432	0.0232428905117	0.0585914531649
-lui	0.133072783188	0.251601742696	0.609943618657	0.00538185545874
-luk	0.0415929715549	0.066146119443	0.00507337575766	0.887187533244
-lua	0.166802747726	0.790331718412	0.00874806813495	0.0341174657263
-men	0.0387537993921	0.0782674772036	0.00227963525836	0.880699088146
-jip	0.00251572327044	0.988050314465	0.0	0.00943396226414
-vut	0.320158807496	0.46491865628	0.0615160221966	0.153406514027
-git	0.368989798588	0.267824260422	0.0571589437485	0.306026997242
-æap	0.00831485587582	0.908536585366	0.0	0.0831485587583
-ija	0.0	1.0	0.0	0.0
-oti	0.0	1.0	0.0	0.0
-uma	0.114039740683	0.0842771327249	0.0113555032932	0.790327623299
-umi	0.162305053626	0.378738211509	0.070711227286	0.388245507579
-nak	0.322785968214	0.419032308657	0.195832026349	0.0623496967796
ALL	0.242153870698	0.341230675991	0.0603083950634	0.356307058248
-nai	0.124553571429	0.724553571429	0.0214285714286	0.129464285714
-aki	0.0131822863028	0.937384140062	0.0	0.0494335736354
-kik	0.549001814882	0.249546279492	0.038112522686	0.16333938294
-kii	0.117391304348	0.882608695652	0.0	0.0
-naa	0.0527279100695	0.856913497328	0.0216156334708	0.0687429591315
-aka	0.225882352941	0.724705882353	0.0317647058824	0.0176470588235
-sit	0.157865686688	0.641593795776	0.0370675867831	0.163472930753
-sik	0.528457875424	0.353167196278	0.0112265430806	0.107148385217
-sii	0.249681744508	0.469343245515	0.0374694285224	0.243505581454
-kip	0.0113095386456	0.970526656863	0.00651155255352	0.0116522519379
-kit	0.538920380639	0.238116677203	0.063839331142	0.159123611016
-nap	0.115548050902	0.520687495807	0.0172209424552	0.346543510836
-naq	0.117892917857	0.310569954939	0.0674291413856	0.504107985819
-nat	0.102231279004	0.575748754217	0.103429970718	0.218589996061
-nti	0.542561654734	0.262529832936	0.0	0.194908512331
-mop	0.0	1.0	0.0	0.0
-rlu	0.170353467731	0.255968026267	0.0594219723738	0.514256533628
-rli	0.291140434523	0.329057623609	0.0779195560953	0.301882385773
-sua	0.185074429812	0.69256362016	0.0354886622438	0.0868732877841
-ixi	0.159761235955	0.566362359551	0.231741573034	0.0421348314606
-isi	0.32563775688	0.435069344943	0.0660542697004	0.173238628477
-rea	0.0279069767442	0.958139534884	0.0	0.0139534883721
-isa	0.12807763201	0.462131160154	0.0563056827568	0.35348552508
-qqi	0.0178837555887	0.749627421759	0.0	0.232488822653
-eva	0.037037037037	0.962962962963	0.0	0.0
-req	0.0415224913494	0.325259515571	0.487889273356	0.145328719723
-qqa	0.0854620089053	0.76081221037	0.0190503549263	0.134675425798
-evi	0.0	1.0	0.0	0.0
-avi	0.0444459402982	0.846369843403	0.0122008463564	0.0969833699422
-eqi	0.433715220949	0.230769230769	0.18821603928	0.147299509002
-ava	0.107571459227	0.0561304812859	0.00516691501045	0.831131144477
-4-t	0.0	0.272463768116	0.0289855072464	0.698550724638
-mat	0.315491080938	0.288926736887	0.0720929717044	0.323489210471
-mai	0.17900790798	0.648454349389	0.0	0.172537742631
-jua	0.0	0.901253918495	0.0	0.0987460815047
-maa	0.148662212153	0.821800349861	0.0163459608271	0.0131914771587
-juk	0.508160714077	0.440970640122	0.00670615587723	0.0441624899233
-uni	0.348007875052	0.304323771437	0.0788717489595	0.268796604551
-una	0.178422132123	0.1797400007	0.0280631303492	0.613774736828
-666	0.0	0.0	0.0	1.0
-gaa	0.520465502035	0.138805421678	0.0183550980936	0.322373978193
-oqu	0.0860892729518	0.83594308362	0.0077967643428	0.0701708790852
-gai	0.461402620065	0.136768773307	0.0149856357524	0.386842970876
-gat	0.273561831042	0.422563173328	0.11862585185	0.18524914378
-gaq	0.0329047109728	0.894985548648	0.0107792753116	0.0613304650675
-aat	0.358134843912	0.23744708083	0.0652020713033	0.339216003954
-ini	0.197906156342	0.4791501941	0.0522319286276	0.270711720931
-ina	0.176507718944	0.0625991920357	0.0090174577983	0.751875631222
-uit	0.105457198941	0.479379594373	0.0684982278891	0.346664978796
-aap	0.0282241739259	0.740691077597	0.0350018946753	0.196082853802
-uia	0.181360201511	0.712846347607	0.0	0.105793450882
-seq	0.0748457491676	0.506078448419	0.0292859233381	0.389789879075
-sep	0.0	1.0	0.0	0.0
-rsa	0.407766990291	0.0946601941748	0.111650485437	0.385922330097
-aop	0.0616740088106	0.850220264317	0.0	0.0881057268723
-iaa	0.228974900602	0.388594763543	0.159280865262	0.223149470593
-kup	0.00926283288306	0.988421458896	0.0	0.00231570822077
-rsi	0.442419175492	0.284035466563	0.0543753188059	0.219170039139
-edi	0.0	1.0	0.0	0.0
-iai	0.145752236056	0.677829614002	0.0810328945413	0.0953852554007
-nep	0.316455696203	0.607594936709	0.0	0.0759493670886
-neq	0.172019364386	0.369525566597	0.113802177745	0.344652891272
-ooq	0.163476189288	0.081547679521	0.0596642975294	0.695311833661
-iat	0.164237350413	0.497146102966	0.0477488865412	0.29086766008
-iaq	0.108665661955	0.688861706703	0.101020266025	0.101452365317
-iap	0.088198243252	0.748481540972	0.0325360297295	0.130784186046
-kua	0.0703799628362	0.0484326436877	0.0121771700121	0.869010223464
-kum	0.0	0.802631578947	0.0394736842105	0.157894736842
-kui	0.287783228218	0.712216771782	0.0	0.0
-uuk	0.516392244584	0.282541417505	0.0249108737235	0.176155464187
-eki	0.0	1.0	0.0	0.0
-uua	0.297902238282	0.50185687042	0.0737729599518	0.126467931346
-joq	0.0861763171622	0.804277516954	0.0438184663537	0.0657276995305
-uut	0.109358654578	0.456183648772	0.334990201373	0.0994674952772
-uup	0.0723824312523	0.729627286517	0.0227298391202	0.17526044311
-bap	0.00767263427109	0.992327365729	0.0	0.0
-qua	0.0463621216329	0.887836712024	0.00097195223549	0.0648292141072
-asa	0.0851959444025	0.270095719494	0.0137957088173	0.630912627287
-qui	0.283687943262	0.716312056738	0.0	0.0
-asi	0.38031188623	0.384573036884	0.0902292064787	0.144885870407
-qup	0.04285800657	0.869112381515	0.016928771522	0.0711008403926
-lti	0.0281030444965	0.971896955504	0.0	0.0
-qut	0.066247987506	0.831657511201	0.0493324851211	0.0527620161723
-rat	0.33491402546	0.504843341696	0.050638862611	0.109603770233
-rap	0.160714285714	0.821428571429	0.0	0.0178571428571
-raq	0.141086365011	0.762471026907	0.0231784742517	0.0732641338305
-eri	0.330087735465	0.497607530714	0.069995375023	0.102309358797
-rak	0.0591266154235	0.889686628938	0.0202719824309	0.0309147732072
-rai	0.480986321528	0.207525468227	0.0305452514652	0.28094295878
-era	0.108110678913	0.734413398816	0.0290239866501	0.128451935621
-raa	0.496241612198	0.271829536727	0.0292566151085	0.202672235966
-ugu	0.338144765864	0.204221837253	0.0383469577327	0.419286439151
-poq	0.52533603563	0.209535703769	0.0644484184675	0.200679842133
-azi	0.031017369727	0.968982630273	0.0	0.0
-uga	0.132270065196	0.867729934804	0.0	0.0
-laa	0.526776846356	0.257070307588	0.0389570492671	0.177195796789
-iko	0.590235396687	0.383609415868	0.0	0.0261551874455
-noq	0.213561322864	0.0163122216459	0.00166341733889	0.768463038151
-aaq	0.241730516374	0.228671757061	0.109395965626	0.420201760939
-lai	0.393588134994	0.349004278866	0.174352539974	0.0830550461667
-lak	0.054439499894	0.832231404959	0.00593346047894	0.107395634668
-lat	0.2575073405	0.322726455829	0.165908635475	0.253857568196
-uja	0.0622009569378	0.923444976077	0.0	0.0143540669856
-lap	0.0817201775069	0.295435988965	0.0605631744959	0.562280659033
-laq	0.314763758536	0.280610199398	0.143861352329	0.260764689737
-aak	0.180995888534	0.161093345515	0.00852748591442	0.649383280037
-noa	0.0	1.0	0.0	0.0
-ppa	0.0155439737712	0.624658750996	0.0	0.359797275233
--ni	0.0671635678597	0.0466868703416	0.00982881480878	0.87632074699
--it	0.0641141117994	0.092688308914	0.0178382271004	0.825359352186
-voq	0.451727197506	0.190793617008	0.0918165771018	0.265662608384
-saq	0.28436911406	0.526463865169	0.0629511794204	0.126215841351
-sap	0.222268213411	0.596400039384	0.0657709500301	0.115560797176
-sat	0.332581413185	0.471671066378	0.0781598013584	0.117587719078
-'up	0.0	1.0	0.0	0.0
-lfa	0.0	0.926516901113	0.0734830988873	0.0
-saa	0.414395516248	0.34023005369	0.0572677064887	0.188106723574
-toq	0.374815548159	0.271038199355	0.107571191921	0.246575060565
-sak	0.18045112782	0.390977443609	0.428571428571	0.0
-qai	0.558704453441	0.222672064777	0.121457489879	0.0971659919029
-sai	0.256223295353	0.513249122943	0.0849210720949	0.145606509609
-loa	0.0661971830986	0.384507042253	0.12676056338	0.422535211268
-maq	0.0393878681955	0.917643548318	0.0429685834861	0.0
-map	0.122470196313	0.700217788874	0.0621495078882	0.115162506924
-iet	0.871520342612	0.0428265524625	0.0214132762313	0.0642398286938
-loq	0.0721845184699	0.747489103693	0.0128389422251	0.167487435612
-ipi	0.026540511767	0.958082485511	0.0084044953929	0.00697250732862
-hap	0.0240963855422	0.975903614458	0.0	0.0
-mpi	0.0748396293656	0.871703492516	0.0534568781183	0.0
-pii	0.469113697404	0.34914950761	0.0214861235452	0.160250671441
-put	0.451398786962	0.242971161885	0.0735696349679	0.232060416185
-sti	0.0619684082625	0.77035236938	0.0	0.167679222357
-ngi	0.109277542862	0.846604662375	0.0298805781264	0.0142372166367
-ssi	0.334660339312	0.1102443202	0.0300202272643	0.525075113223
-loí	0.0	0.982300884956	0.0176991150443	0.0
-ssa	0.321152576357	0.0293908123462	0.00941351356023	0.640043097736
-kku	0.201068678624	0.0860837712324	0.00854758904833	0.704299961095
-ffa	0.383421861895	0.0512999720436	0.0285155157954	0.536762650266
-sse	0.0	1.0	0.0	0.0
-mua	0.0451127819549	0.563909774436	0.390977443609	0.0
-mut	0.138031469023	0.492326110604	0.054173152336	0.315469268037
-mup	0.125552608311	0.874447391689	0.0	0.0
-leq	0.160732656298	0.0895852932364	0.682039989356	0.0676420611092
-ioq	0.0344071068059	0.899766822917	0.0511700814022	0.0146559888746
-fta	0.0	1.0	0.0	0.0
-rri	0.323182711198	0.676817288802	0.0	0.0
-alu	0.246825608816	0.230546489437	0.0369705351197	0.485657366627
-gip	0.0839945594432	0.828579285205	0.0229985103238	0.0644276450275
-ndi	0.0	0.730820995962	0.269179004038	0.0
-uda	0.173913043478	0.782608695652	0.0	0.0434782608696
-gik	0.778378796074	0.150915694305	0.0463642686037	0.0243412410169
-gii	0.561594902491	0.387719636996	0.0506854605136	0.0
-ali	0.26476774781	0.146468377793	0.0371117088296	0.551652165567
-gia	0.103514376997	0.873482428115	0.0	0.0230031948882
-ala	0.246865203762	0.588557993731	0.0	0.164576802508
-elu	0.0161290322581	0.967741935484	0.0	0.0161290322581
-ogi	0.0401337792642	0.90635451505	0.0535117056856	0.0
-rki	0.0	0.99535962877	0.0046403712297	0.0
-eli	0.0130437618209	0.977825604904	0.0	0.00913063327462
-peq	0.118648722878	0.68772315298	0.0617962098324	0.131831914309
-esi	0.0563940724478	0.873696487377	0.00411635565313	0.0657930845225
-iti	0.00680272108846	0.916099773243	0.0	0.077097505669
-faa	0.0464387354819	0.759018537036	0.0288439350819	0.165698792401
-fai	0.0645161290322	0.89605734767	0.0143369175627	0.0250896057347
-fap	0.168761402798	0.774224609771	0.0273667139671	0.0296472734644
-faq	0.0766334630271	0.821893261792	0.0269538387199	0.0745194364609
-fat	0.0402898369667	0.797676307077	0.0652133175089	0.0968205384471
-udi	0.0	1.0	0.0	0.0
-læa	0.0780669144982	0.921933085502	0.0	0.0
-aba	0.0	0.998577524893	0.0	0.00142247510669
-nja	0.0	1.0	0.0	0.0
-abi	0.0686274509803	0.830669224211	0.0	0.100703324808
-tua	0.143853462631	0.240552453717	0.119580762073	0.496013321579
-vap	0.11104959266	0.868978881595	0.0199715257455	0.0
-vat	0.257686204222	0.579280912494	0.0222053317858	0.140827551497
-tui	0.46672467371	0.414244872592	0.106500932256	0.0125295214419
-soq	0.363262768992	0.313003674822	0.157691070585	0.166042485601
-tup	0.331377811228	0.440386709293	0.128911664169	0.0993238153102
-vaa	0.58720785239	0.191477968281	0.0293645237848	0.191949655543
-koq	0.125142207053	0.0443686006826	0.830489192264	0.0
-kop	0.111764705882	0.888235294118	0.0	0.0
-elí	0.0	0.953271028037	0.0186915887851	0.0280373831776
-ora	0.477864583333	0.313802083333	0.123697916667	0.0846354166666
-lit	0.151865631369	0.27829668442	0.0229377654498	0.546899918761
-liu	0.0627510040161	0.596824799197	0.293109939759	0.0473142570281
-rup	0.0930316988082	0.649216693131	0.184789098281	0.0729625097802
-lip	0.0444829290212	0.878279292151	0.00926278909401	0.0679749897338
-rut	0.204022268615	0.681016005567	0.0687821851078	0.0461795407098
-ruk	0.496583539405	0.287328964973	0.0577694973979	0.158317998224
-lio	0.0	0.965237543453	0.0347624565469	0.0
-lii	0.259616181713	0.633818287325	0.0874160656553	0.0191494653072
-lik	0.440390302902	0.372263421352	0.0874164614068	0.0999298143391
-oma	0.0175467914439	0.967078877005	0.0	0.0153743315508
-rua	0.0722352223013	0.0105809339709	0.693865093092	0.223318750636
-lia	0.0617721436112	0.775122554034	0.0362342562054	0.126871046149
-eap	0.0	1.0	0.0	0.0
-rna	0.19560984245	0.0986819871578	0.0175735045623	0.68813466583
--aa	0.022498392972	0.767516605957	0.113563316906	0.0964216841654
-rni	0.204713831461	0.352509602429	0.344007306212	0.0987692598975
-pai	0.555902597716	0.225730633372	0.0581219714049	0.160244797507
-paa	0.499951528891	0.246639314886	0.0554087682814	0.198000387941
-pap	0.0	1.0	0.0	0.0
-pat	0.395973469902	0.255714873284	0.122342824394	0.22596883242
-nuk	0.0644381406744	0.606263297015	0.0113387273548	0.317959834956
-nui	0.0931174089069	0.105263157895	0.63967611336	0.161943319838
-sut	0.248085952794	0.375602070905	0.181677993555	0.194633982745
-sup	0.341810604284	0.380583239793	0.131766950312	0.145839205612
-suk	0.551468307585	0.299058801885	0.0347120366982	0.114760853832
-sui	0.264118640321	0.508539149331	0.194088679219	0.0332535311299
-kep	0.0266075388027	0.973392461197	0.0	0.0
-nut	0.139696402143	0.27440190928	0.0415795371504	0.544322151426
-nup	0.0415347137637	0.830572472594	0.0365408038977	0.0913520097442
-dia	0.22966507177	0.77033492823	0.0	0.0
-aru	0.470852017937	0.349775784753	0.179372197309	0.0
-sia	0.0738404382089	0.799066944497	0.0577062999126	0.0693863173817
-dit	0.0531208499336	0.821159805224	0.0354138999557	0.0903054448872
-ori	0.173100871731	0.804483188045	0.0224159402241	0.0
-dip	0.066091954023	0.933908045977	0.0	0.0
-tut	0.287118384976	0.340570875774	0.125834863726	0.246475875524
-ska	0.0976331360946	0.902366863905	0.0	0.0
-uku	0.220752510018	0.1660492536	0.00806921264697	0.605129023735
-ski	0.0	0.906654756588	0.0	0.0933452434122
-afi	0.0	1.0	0.0	0.0
-nni	0.176406827385	0.215775235889	0.0604474845883	0.547370452137
-veq	0.0439503619441	0.857807652534	0.0103412616339	0.0879007238883
-nna	0.164958624898	0.0481212491042	0.0033790141833	0.783541111814
-tit	0.258312231997	0.529424452803	0.0612226044614	0.151040710739
-vai	0.498768085003	0.166421934993	0.031048078765	0.303761901239
-tip	0.038288100239	0.582568178015	0.005168507693	0.373975214053
-kka	0.309451107315	0.380220369915	0.0788688825953	0.231459640174
-qaa	0.906485446534	0.0900390988643	0.00347545460187	0.0
-efi	0.0	1.0	0.0	0.0
-nga	0.277681883194	0.149325702766	0.0390226411422	0.533969772898
-tia	0.0215523560977	0.923027299651	0.0307890801396	0.0246312641117
-qat	0.0984837163427	0.679930023425	0.119591572922	0.10199468731
-qaq	0.14073780817	0.273075400396	0.506222782077	0.0799640093575
-qap	0.157663980591	0.707523900297	0.0169424948734	0.117869624238
-tik	0.361852482146	0.322270362817	0.079753021813	0.236124133224
-jat	0.364243287026	0.635756712974	0.0	0.0
-jap	0.0	0.955577492596	0.0118460019744	0.0325765054294
-jaq	0.216606498195	0.043321299639	0.740072202166	0.0
-dap	0.0	1.0	0.0	0.0
-emi	0.0	0.952794976678	0.0297391549653	0.0174658683567
-mmi	0.227484183451	0.371982277221	0.0566637083015	0.343869831026
-jaa	0.0	1.0	0.0	0.0
-mma	0.127936239435	0.0342735834616	0.0100274941042	0.827762682999
-jai	0.162601626016	0.790329482242	0.0	0.0470688917416
-zap	0.0	1.0	0.0	0.0
-kut	0.134690220956	0.504850289802	0.0535494435396	0.306910045702
-atu	0.0933833880807	0.787682648587	0.0747584912378	0.044175472095
-rui	0.0445434298441	0.955456570156	0.0	0.0
-ata	0.205026310488	0.442583996801	0.0977227100457	0.254666982665
-amá	0.139534883721	0.813953488372	0.0465116279069	0.0
-ati	0.0271493212669	0.95757918552	0.0	0.0152714932127
-nip	0.0511797367615	0.902919797632	0.00497011411028	0.0409303514964
-uli	0.246213865979	0.124280368795	0.0366408886121	0.592864876614
-emá	0.222222222222	0.62962962963	0.148148148148	0.0
-nit	0.195076474405	0.306525329922	0.112508836193	0.385889359481
-kaa	0.624657529171	0.27006892949	0.042058844778	0.0632146965602
-osi	0.0274000650375	0.939509087186	0.00632309193174	0.0267677558443
-nia	0.0500444181226	0.896653834765	0.00355344980752	0.0497482973052
-nik	0.196233834298	0.39749976642	0.100498790923	0.305767608359
-kap	0.0277546397037	0.789356438379	0.00446959870916	0.178419323209
-ulu	0.381920341605	0.213509451358	0.0409361974943	0.363634009543
-tta	0.18460966417	0.298574795228	0.0419099839292	0.474905556672
-aji	0.221674876847	0.778325123153	0.0	0.0
-fip	0.00910470409713	0.971168437026	0.00151745068285	0.0182094081942
-aja	0.0197344598672	0.956729028365	0.0033796016898	0.0201569100784
-fit	0.297872340425	0.483282674772	0.0	0.218844984802
-fik	0.097083226265	0.776283333033	0.032532567417	0.0941008732846
-fii	0.149975351712	0.667864320655	0.027539721664	0.154620605969
-fia	0.0408225940561	0.923271819015	0.00623202066123	0.0296735662677
-vik	0.176154490465	0.69841365597	0.0338290126708	0.0916028408946
-vii	0.332439678284	0.661602621388	0.0	0.00595770032766
-fup	0.0225352112676	0.785915492958	0.0338028169014	0.157746478873
-via	0.242112255065	0.567253404185	0.0139488542013	0.176685486549
-ila	0.348051031807	0.13610441531	0.189311540949	0.326533011935
-vip	0.00024851923953	0.992295903575	0.00124259619766	0.00621298098828
-vit	0.34153292421	0.355905332842	0.0562779562096	0.246283786739
-ili	0.22629494561	0.322803136788	0.0464509101071	0.404451007495
-iga	0.247197935953	0.444459937083	0.0479305952944	0.260411531669
-ami	0.265798483997	0.309943805422	0.0501498338977	0.374107876684
-igu	0.450155485387	0.316543014361	0.0714531221618	0.16184837809
-ama	0.133372158916	0.166583336914	0.0260513116431	0.673993192527
-oap	0.0	0.985534201281	0.0	0.0144657987187
-usi	0.186761892963	0.538236483377	0.0423351712886	0.232666452371
-lvi	0.608954650269	0.188316679477	0.202728670254	0.0
-usa	0.216990386502	0.354326074161	0.160878948401	0.267804590936
-gup	0.0386868480844	0.684063731791	0.132814093473	0.144435326651
-kai	0.497197198364	0.196464157936	0.23552856993	0.0708100737702
-gut	0.231685607632	0.332380116128	0.0596683748915	0.376265901349
-guk	0.52230202255	0.355983408752	0.0438546615066	0.0778599071917
-hip	0.0220831799779	0.698196540302	0.206109679794	0.0736105999263
-gua	0.218683142281	0.185881692155	0.112017156425	0.48341800914
-aqa	0.468862132206	0.247986603939	0.0318156446855	0.251335619169
-ktá	0.0	1.0	0.0	0.0
-pia	0.142368240931	0.29568788501	0.116358658453	0.445585215606
-xip	0.196532822318	0.681804001961	0.0	0.121663175721
-iup	0.0934332429596	0.696507895051	0.10559216596	0.10446669603
-pik	0.06873931631	0.848981805077	0.0249961150218	0.0572827635916
-iut	0.0852312983714	0.831150193542	0.043456867648	0.0401616404381
-pip	0.00690290108411	0.938729655301	0.0134853972413	0.0408820463736
-iuk	0.556066586253	0.213106002016	0.0565182553342	0.174309156397
-pit	0.388642096862	0.286035404534	0.0352699400851	0.290052558518
-iua	0.148837209302	0.568604651163	0.23488372093	0.0476744186046
-agu	0.393221506041	0.343965444296	0.0659579741654	0.196855075497
-tsi	0.380417440548	0.400235553212	0.129492431788	0.0898545744516
-iit	0.16681021951	0.379361694202	0.0391007426837	0.414727343604
-aga	0.128595088059	0.399398125707	0.021206980126	0.450799806108
-age	0.276018099548	0.561085972851	0.0	0.162895927602
-nii	0.0	1.0	0.0	0.0
-rta	0.494789494917	0.216506196283	0.0425325214651	0.246171787335
-ega	0.0149476831091	0.950174389636	0.0348779272545	0.0
-ona	0.00280636108513	0.997193638915	0.0	0.0
-rti	0.0274931267183	0.876697492294	0.0533200033325	0.0424893776556
-oni	0.0827858740459	0.816424781601	0.0753738603653	0.0254154839874
-gga	0.108013937282	0.0214866434378	0.00348432055749	0.867015098722
-ana	0.26237886425	0.155607746446	0.0322066343118	0.549806754992
-tha	0.134953897737	0.521374685666	0.0	0.343671416597
-ani	0.176780756294	0.31644603641	0.0538585395953	0.452914667701
-kat	0.164057939154	0.63046737964	0.0219685786901	0.183506102516
-thi	0.154761904762	0.289682539683	0.555555555556	0.0
-mit	0.12575341424	0.561825421891	0.0409803285843	0.271440835284
-tai	0.220133895529	0.66239102987	0.0533987963468	0.0640762782536
-jda	0.0591521524811	0.881695695038	0.0	0.0591521524811
-taa	0.181342567323	0.66478988331	0.0537517282826	0.100115821084
-qit	0.139857305011	0.443408464407	0.0202691746392	0.396465055943
-qip	0.430348258706	0.274875621891	0.0149253731343	0.279850746269
-tat	0.206802473627	0.632845673703	0.0753753276467	0.0849765250235
-tap	0.102664737954	0.848036599586	0.00622354606625	0.0430751163943
-taq	0.111492526796	0.815689549969	0.019348773385	0.0534691498503
-mia	0.0	1.0	0.0	0.0
-mik	0.168184621759	0.315101532196	0.090605140953	0.426108705092
-mip	0.0272772583788	0.880106934103	0.0	0.0926158075186
-rma	0.434575850662	0.319825141777	0.120953449906	0.124645557656
-eni	0.126811594203	0.827898550725	0.0271739130435	0.018115942029
-ene	0.020594965675	0.931922196796	0.00972540045767	0.0377574370709
-rmi	0.162791468803	0.430872071478	0.0928685852572	0.313467874462
