-ೂತನ	0.0989719195948	0.47982200399	0.344483658125	0.0767224182907
-ಡಾರ	0.0426136363637	0.872159090909	0.00852272727274	0.0767045454545
-ಶೆಯ	0.04671029969	0.891767137444	0.0123320702721	0.0491904925939
-ಧೆಯ	0.10761589404	0.748344370861	0.144039735099	0.0
-ಮಳೆ	0.132383843101	0.76815316367	0.00140088722858	0.0980621060004
-ಸಿದ	0.573432769324	0.219660788581	0.046566446147	0.160339995948
-ಸಿನ	0.137892218939	0.78471929084	0.0168847615028	0.0605037287182
-ಸಿಯ	0.00785614525141	0.955481843575	0.0235684357542	0.013093575419
-ೂನು	0.550660792952	0.0528634361233	0.343612334802	0.0528634361233
-ಿಸೇ	0.387596899225	0.441860465116	0.077519379845	0.0930232558138
-ಿಸು	0.592342190668	0.246329131905	0.0586705939371	0.102658083491
-ಡಾಗ	0.659796521168	0.100951755825	0.0118148999015	0.227436823105
-ಿಸ್	0.084478021978	0.89217032967	0.010989010989	0.0123626373626
-ಯ್ದ	0.0214458046644	0.854704673398	0.10133142704	0.0225180948977
-ೂತರ	0.0317796610169	0.941495688373	0.0200341956586	0.00669045495094
-ಬ್ದ	0.143549364022	0.59842519685	0.203513022411	0.0545124167171
-ಿಸಿ	0.571557608901	0.209060347926	0.0432539165941	0.176128126579
-ಬ್ಬ	0.0426602451095	0.0747631793361	0.0645299364904	0.818046639064
-ೂನಿ	0.0197368421053	0.756578947368	0.0	0.223684210526
-ಿಸದ	0.678320384758	0.135035146134	0.0923048464669	0.0943396226415
-್ಸು	0.276995399887	0.461726252926	0.134876119764	0.126402227423
-ಜಗಳ	0.245098039216	0.754901960784	0.0	0.0
-ಮಳದ	0.130869899923	0.515781370285	0.295612009238	0.0577367205543
-ರತೆ	0.473441108545	0.491916859122	0.0346420323325	0.0
-ರುಬ	0.627906976744	0.372093023256	0.0	0.0
-ರತು	0.101240512528	0.0539459724149	0.0248102505509	0.820003264507
-ಡನ್	0.0	1.0	0.0	0.0
-ಡನೂ	0.201511335013	0.231738035265	0.392947103274	0.173803526448
-ರುಡ	0.142857142857	0.714285714286	0.095238095238	0.047619047619
-ಡನು	0.592939313599	0.210131403812	0.0556470629673	0.141282219622
-ಡನೆ	0.22062894358	0.294417711158	0.0992422722292	0.385711073032
-ಡನೇ	0.0516795865633	0.015503875969	0.656330749354	0.276485788114
-ಚಿಮ	0.0644064406441	0.9299929993	0.0	0.00560056005601
-ಡರು	0.540396563493	0.148659889382	0.126093759193	0.184849787933
-ಚಿನ	0.0770648967551	0.0468289085546	0.399889380531	0.476216814159
-ಟಡದ	0.793085917641	0.100152516523	0.0152516522623	0.0915099135741
-ಚಿತ	0.0359512090734	0.641557885727	0.313503102932	0.00898780226836
-ಚಿದ	0.508914100486	0.223662884927	0.238249594814	0.0291734197731
-ರುವ	0.381261994029	0.302838664898	0.0743055162954	0.241593824777
-ಚಿಕ	0.294283697953	0.160903316867	0.335920959774	0.208892025406
-ಲುವ	0.817248459959	0.17453798768	0.00821355236138	0.0
-ಧಿಯ	0.0358965038233	0.902185813632	0.00436210679372	0.0575555757505
-ಣಗಿ	0.472527472527	0.032967032967	0.362637362637	0.131868131868
-ರುಗ	0.0	1.0	0.0	0.0
-ಣ್ಣ	0.125434833085	0.261985495453	0.573872990041	0.0387066814208
-ಟಿದ	0.640788295013	0.186324275903	0.0322484323679	0.140638996716
-ಣ್ಯ	0.286262304574	0.543162516889	0.11484269446	0.0557324840764
-ಟಿನ	0.0491367861886	0.950863213811	0.0	0.0
-ಟಿಯ	0.0234833659491	0.820939334638	0.073385518591	0.0821917808218
-ಪದೇ	0.379369999279	0.29601864533	0.0639131166054	0.260698238785
-ಪದೆ	0.510628465804	0.167282809612	0.132162661737	0.189926062847
-ಈಕೆ	0.032360589425	0.0561494751035	0.0	0.911489935471
-ೇಫನ	0.00589970501475	0.97705670272	0.0039331366765	0.0131104555883
-ರತನ	0.0722394220846	0.723082215342	0.204678362573	0.0
-ನಪು	0.620189626325	0.0836586726158	0.00334634690462	0.292805354155
-ಸಭೆ	0.404563160824	0.366165831942	0.0155815247635	0.213689482471
-ಟಿಕ	0.0	1.0	0.0	0.0
-ರತಿ	0.111699566683	0.0881078478574	0.0115551275879	0.788637457872
-ಕಂಡ	0.73018305662	0.0294593444019	0.0122605363985	0.22809706258
-ೇಫಾ	0.0	0.969681657403	0.0303183425973	0.0
-ಗೆದ	0.657992565056	0.278810408922	0.0446096654275	0.0185873605948
-ಗೆಯ	0.152918186197	0.58370880066	0.0941168375422	0.1692561756
-ಾಮೀ	0.0607752956636	0.907687253614	0.0	0.0315374507227
-್ಠನ	0.207417719002	0.172715521527	0.495575221239	0.124291538232
-ಕಸಲ	0.391517128874	0.298531810767	0.0750407830342	0.234910277325
-ಥಳು	0.0204012240734	0.896633798028	0.0	0.0829649778987
-ಥಳೇ	0.654396728016	0.263803680982	0.0	0.081799591002
-ಾನೇ	0.344061361262	0.0428101827078	0.0169711795734	0.596157276457
-ಜ್ಞ	0.39748427673	0.294339622642	0.0880503144654	0.220125786164
-ಖವು	0.0929614873838	0.831341301461	0.0637450199203	0.0119521912351
-ಥಳದ	0.102285714286	0.418857142857	0.0171428571429	0.461714285714
-ಜ್ರ	0.0	1.0	0.0	0.0
-ಾಮನ	0.0681227614299	0.851288714095	0.0554814242574	0.0251071002177
-ಾಮರ	0.0	0.70409374073	0.29590625927	0.0
-ಜ್ಯ	0.0411955886712	0.890984599412	0.0106137106183	0.0572061012988
-ೀಕ್	0.068717948718	0.281709401709	0.551794871795	0.0977777777778
-ಂಗೆ	0.0972972972972	0.881081081081	0.0	0.0216216216216
-ಬಿಯ	0.0	0.921052631579	0.0	0.0789473684211
-ುಪಿ	0.0487804878049	0.951219512195	0.0	0.0
-ಬಿನ	0.100621118012	0.535403726708	0.166459627329	0.19751552795
-ಬಿದ	0.390274904238	0.300833451345	0.223405026958	0.0854866174586
-ಮುರ	0.11320754717	0.835849056604	0.022641509434	0.0283018867924
-ಬಿಣ	0.0	0.894273127753	0.105726872247	0.0
-ಮುವ	0.49388802052	0.25922808705	0.1728187247	0.0740651677288
-ಲಹೆ	0.518287335569	0.236161980913	0.202218209956	0.043332473562
-ೊದಲ	0.176317162233	0.058424621805	0.463223787167	0.302034428795
-ುಸ್	0.0333333333333	0.933333333333	0.0333333333333	0.0
-ಾಸೆ	0.0040858018386	0.972420837589	0.023493360572	0.0
-ಮುಖ	0.0741266123446	0.233101309669	0.608484808498	0.0842872694883
-ಾಸಿ	0.464816010329	0.438347320852	0.0387346675274	0.0581020012912
-ುಸಿ	0.046410304982	0.953589695018	0.0	0.0
-ುಸಲ	0.36231884058	0.376811594203	0.0434782608696	0.217391304348
-ಾಸನ	0.0287700791177	0.942459841765	0.0	0.0287700791177
-ಿಮಯ	0.108333333333	0.891666666667	0.0	0.0
-ಾಸದ	0.103071098023	0.745477492638	0.0504838031131	0.100967606226
-ಥಗಳ	0.264240506329	0.60917721519	0.126582278481	0.0
-ಖ್ಯ	0.240289664253	0.355935922756	0.28746982664	0.116304586351
-ಂಗದ	0.134249471459	0.50422832981	0.361522198731	0.0
-ರಟು	0.614960009012	0.0277120648868	0.00270361608651	0.354624310015
-ರಟೆ	0.183637433785	0.763390229547	0.0529723366685	0.0
-ಂಗಡ	0.0589451913134	0.015955089378	0.00354557541735	0.921554143891
-ಂಗಿ	0.219957081545	0.738733905579	0.0160944206009	0.0252145922747
-ೀಕರ	0.0469665649252	0.211667565146	0.658292061448	0.0830738084805
-ಏಲೀ	0.0	0.967741935484	0.0322580645161	0.0
-ಂಗಳ	0.0908884344467	0.898886616678	0.00340831629175	0.00681663258352
-ಾಕಿ	0.361289119339	0.218514847228	0.0534644340469	0.366731599386
-ೆಡದ	0.509677616315	0.336457442911	0.153864940774	0.0
-ನಗೂ	0.326179718875	0.0764307228916	0.0384872824632	0.55890227577
-ನಗೆ	0.0893744492706	0.0106796915981	0.00162487445478	0.898320984677
-ನಗೇ	0.49744417541	0.0866290018833	0.224912563896	0.191014258811
-ಧಲದ	0.362694300518	0.575129533679	0.0	0.062176165803
-ಳಗಳ	0.0267192569502	0.97328074305	0.0	0.0
-666	0.0	0.0	0.0	1.0
-ೆಗೂ	0.282257261276	0.375662673961	0.10251046892	0.239569595843
-ೆಗೆ	0.209165926631	0.49272129189	0.0494109966185	0.248701784861
-ೆಗೇ	0.545037292025	0.328169822146	0.10958118187	0.0172117039587
-ೂಹದ	0.360601001669	0.432387312187	0.0400667779632	0.16694490818
-ಡಿದ	0.583371063929	0.0797332185091	0.0188314172351	0.318064300327
-ಡಿತ	0.543859649123	0.456140350877	0.0	0.0
-ೆಗಲ	0.508696400896	0.468916824522	0.0120544170829	0.0103323574996
-ೆಗಳ	0.180015377181	0.730486432296	0.04677672301	0.0427214675131
-ಡಿಯ	0.060252236069	0.751132068411	0.17682721455	0.01178848097
-ೆಗನ	0.0	1.0	0.0	0.0
-ಯಫನ	0.0110974106042	0.792848335389	0.196054254007	0.0
-ಸಾಕ	0.0171180534328	0.982881946567	0.0	0.0
-ಳಗೇ	0.220414201183	0.244082840237	0.10650887574	0.42899408284
-ಳಗೆ	0.252403565709	0.342183859959	0.0296210254479	0.375791548884
-ೆಡೆ	0.459921156373	0.180026281209	0.180026281209	0.180026281209
-ಟರೋ	0.614525139665	0.268156424581	0.0	0.117318435754
-ರರೇ	0.0210818820298	0.905693714387	0.00421637640596	0.0690080271776
-ಟರೆ	0.497925188653	0.155711761202	0.069155455794	0.277207594351
-ಟರೇ	0.528571428571	0.328571428571	0.0	0.142857142857
-ಟರು	0.560477636445	0.149499777183	0.121163862433	0.168858723938
-ಟರೂ	0.554338884522	0.19042831289	0.0557921869002	0.199440615688
-ಸಾಹ	0.656221616712	0.165758401453	0.0599455040872	0.118074477748
-ಿಷಯ	0.340105342363	0.289691497366	0.0722347629797	0.297968397291
-ಾಕೆ	0.0900900900901	0.156156156156	0.0	0.753753753754
-ನಗಳ	0.0327878502472	0.929038144573	0.0112432305157	0.0269307746645
-ನಗರ	0.374321880651	0.517179023508	0.0	0.108499095841
-ಸಾರ	0.370649106303	0.36124176858	0.0578551269991	0.210253998119
-ಸಾಲ	0.624354302647	0.198120636955	0.0336363272334	0.143888733165
-ಗಲು	0.421149207433	0.256240251875	0.0745636498142	0.248046890878
-ರವರ	0.452099031216	0.233584499462	0.0129171151776	0.301399354144
-ುಜನ	0.548672566372	0.221238938053	0.230088495575	0.0
-ಭೇದ	0.482875622946	0.295832891528	0.00922489661753	0.212066588909
-ರವದ	0.152046783626	0.508771929825	0.304093567251	0.0350877192982
-ಲಕಿ	0.147540983607	0.655737704918	0.0491803278689	0.147540983607
-ಯದೂ	0.0473186119874	0.0394321766561	0.738170347003	0.175078864353
-ಲಕರ	0.397885325007	0.231053079762	0.138589270508	0.232472324723
-್ಮದ	0.119066406807	0.737586157722	0.0634881399439	0.079859295527
-ಯದು	0.373889609719	0.134476635301	0.241582418759	0.250051336221
-್ಮನ	0.0255907228822	0.933812270761	0.0183268644788	0.0222701418783
-ರೀಯ	0.0204888569375	0.932183081716	0.026359932902	0.0209681284447
-ಜಲದ	0.1	0.75	0.136363636364	0.0136363636364
-ಚಾರ	0.220630566562	0.719699278675	0.0295302922551	0.0301398625081
-್ಮೆ	0.332395139699	0.295222077298	0.0483627376948	0.324020045308
-ರೀರ	0.177807046427	0.592690154758	0.164636154099	0.0648666447152
-ಹವು	0.104902202212	0.803527581382	0.0126544259887	0.0789157904177
-ಹವೂ	0.0	0.333333333333	0.52380952381	0.142857142857
-ಹವೇ	0.143200699606	0.797770004373	0.026235242676	0.032794053345
-ಲೀನ	0.0909090909091	0.909090909091	0.0	0.0
-ರವೇ	0.184716795971	0.427092784269	0.085706482493	0.302483937267
-ರೀಟ	0.1125	0.796875	0.009375	0.08125
-ರವು	0.0759164474951	0.803339800256	0.0366374118564	0.0841063403928
-ಲೀಯ	0.0	1.0	0.0	0.0
-ಯಗಳ	0.227946123972	0.555026973428	0.0787954623257	0.138231440275
-ರವೋ	0.21864750898	0.252225519288	0.148680306106	0.380446665626
-ದರಿ	0.289902561007	0.473398292662	0.210830387169	0.0258687591619
-ೇರಿ	0.248839522546	0.212367374005	0.0149204244032	0.523872679045
-ದರರ	0.0244174073841	0.850847885015	0.0217697367039	0.102964970897
-ಲಸಿ	0.121334681497	0.161779575329	0.656218402427	0.0606673407483
-ಬರೇ	0.158838211936	0.530292716133	0.0068073519401	0.304061719991
-ಬರೆ	0.928794017095	0.0518391876336	0.0	0.0193667952714
-ದರನ	0.00939457202505	0.900835073069	0.0407098121085	0.0490605427974
-ಬರು	0.0628217481171	0.108514152266	0.0614003085856	0.767263791031
-ಬರೀ	0.409395973154	0.181208053691	0.0469798657718	0.362416107383
-ಹಿತ	0.112218819305	0.650184813602	0.11828070546	0.119315661633
-ಅತಿ	0.165270373191	0.127951256664	0.496572734197	0.210205635948
-ವ್ವ	0.144181256437	0.698249227601	0.0556127703399	0.101956745623
-ವ್ರ	0.0340909090909	0.727272727273	0.136363636364	0.102272727273
-ವ್ದ	0.216216216216	0.556756756757	0.0648648648649	0.162162162162
-ಗವಿ	0.168604651163	0.831395348837	0.0	0.0
-ೂಕಿ	0.461832061069	0.251908396947	0.0	0.286259541985
-ಏಳಿ	0.777777777778	0.222222222222	0.0	0.0
-ಿಫಲ	0.302261246091	0.579865287467	0.0126292999759	0.105244166466
-ಕೋರ	0.0179372197309	0.892376681614	0.0896860986546	0.0
-ಏಳು	0.0125397309183	0.00666173205033	0.0146296860713	0.96616885096
-್ಡಿ	0.721052631579	0.152631578947	0.126315789474	0.0
-ಗವೂ	0.198687173387	0.6856226367	0.0413391681183	0.0743510217956
-ಗವು	0.099296033864	0.665022545321	0.083868592988	0.151812827827
-ಗವೇ	0.348423605497	0.407033144705	0.101859337106	0.142683912692
-ಕೋಪ	0.0445742391639	0.799108515217	0.137872732862	0.0184445127575
-್ಡದ	0.0440214158239	0.91493158834	0.0196311719215	0.0214158239143
-ಬರಹ	0.357142857143	0.52380952381	0.0333333333333	0.0857142857142
-ಬರದ	0.69696969697	0.0909090909091	0.0	0.212121212121
-ರುತ	0.0	0.701492537313	0.179104477612	0.119402985075
-ದರೋ	0.266305070359	0.153764930868	0.034052733576	0.545877265197
-ದರೊ	0.379845283153	0.291885670895	0.180018509071	0.148250536882
-ಟ್ಟ	0.417034349106	0.188544744113	0.186611628253	0.207809278528
-ದರೇ	0.413221872843	0.295804893013	0.115422961884	0.17555027226
-ದರೆ	0.17313507853	0.0689299090426	0.020133742732	0.737801269695
-ದರು	0.587338419109	0.169595644298	0.0406855422281	0.202380394364
-ದರೂ	0.259766655731	0.269242526662	0.0619610907336	0.409029726873
-ೊಥೆ	0.0	1.0	0.0	0.0
-ೋನನ	0.0279259051361	0.960847600337	0.00514547665825	0.00608101786883
-ೋನರ	0.0697674418605	0.790697674419	0.0697674418605	0.0697674418605
-ತಿಕ	0.209144101238	0.573819567288	0.151721322629	0.0653150088447
-ತಿದ	0.33504193849	0.252562907735	0.0	0.412395153774
-ತಿಮ	0.0341296928327	0.0290102389078	0.844709897611	0.0921501706484
-ತಿಯ	0.192534441572	0.461065273239	0.0716938370721	0.274706448117
-ತಿನ	0.101366847078	0.830749472525	0.0296608873804	0.0382227930159
-ತಿಲ	0.536585365854	0.118902439024	0.219512195122	0.125
-ವನೋ	0.32355352682	0.475668755604	0.0502783385037	0.150499379073
-ತಿರ	0.183431952663	0.211834319527	0.0224852071006	0.58224852071
-ಧತಿ	0.357588357588	0.486486486487	0.114345114345	0.04158004158
-ವನೆ	0.440442079411	0.361031518624	0.198526401965	0.0
-ವನೇ	0.369530684234	0.241632838626	0.037837089908	0.350999387232
-ವನೂ	0.154689683669	0.239881445276	0.0821260650443	0.52330280601
-ವನು	0.229183618414	0.136898179805	0.0304388285506	0.603479373231
-ವನಿ	0.35	0.530769230769	0.0538461538461	0.0653846153846
-ದಂಥ	0.297698969278	0.377748384038	0.139496867903	0.185055778782
-ಬಾರ	0.0	1.0	0.0	0.0
-ಬದೆ	0.782361308677	0.0768136557611	0.072546230441	0.068278805121
-ರಹನ	0.0	1.0	0.0	0.0
-ವನದ	0.183706070288	0.664536741214	0.00958466453674	0.142172523962
-ಮೀಯ	0.153573538098	0.768458357945	0.0177200236267	0.0602480803308
-ಖೋರ	0.0	1.0	0.0	0.0
-ೋನೇ	0.467579136501	0.314167943772	0.218252919727	0.0
-ಬಾಕ	0.184109589041	0.754520547945	0.0613698630137	0.0
-ೋನ್	0.0256457907452	0.957628693551	0.0117078609924	0.00501765471102
-ವರೋ	0.586800573888	0.284791965567	0.0853658536585	0.0430416068867
-ದ್ದ	0.423333520946	0.291161805554	0.0784754380277	0.207029235473
-ೊಥಾ	0.0	1.0	0.0	0.0
-ಗಲೂ	0.161615502051	0.0759240439973	0.0486837143856	0.713776739566
-ಏರಿ	0.417627677101	0.166392092257	0.0411861614498	0.374794069193
-ಗಲೇ	0.394165233097	0.101385251763	0.0271667696805	0.477282745459
-ಿನ್	0.019404915912	0.741267787839	0.025873221216	0.213454075032
-ುತನ	0.0	0.872793354102	0.127206645898	0.0
-ಏರನ	0.0	1.0	0.0	0.0
-ುತಿ	0.283050375731	0.67366726593	0.011057536802	0.0322248215374
-ದಳು	0.390470275693	0.288030323251	0.082480890778	0.239018510278
-ಮೃಗ	0.0197109067017	0.929228458795	0.0510606345034	0.0
-ದಳದ	0.113636363636	0.439393939394	0.0	0.44696969697
-ಲಭೆ	0.261188554659	0.648569332355	0.01100513573	0.079236977256
-ುತೇ	0.522006141249	0.201637666325	0.0614124872057	0.21494370522
-ಿನದ	0.22558554411	0.564781032399	0.122621856477	0.0870115670139
-ುತು	0.0964040766617	0.849753220947	0.00769181462727	0.0461508877636
-ಘಗಳ	0.0	1.0	0.0	0.0
-ಕಾಶ	0.438941619386	0.153542959153	0.0261943899464	0.381321031515
-ಕಾರ	0.233646877335	0.435349135045	0.0545872182713	0.276416769349
-ಕಾಲ	0.0989173427285	0.387866998087	0.111632187584	0.4015834716
-ಪ್ಪ	0.00960230455309	0.980795390894	0.00960230455309	0.0
-ಕಾದ	0.4026054034	0.268898061789	0.0877892331333	0.240707301678
-ಿನಿ	0.0324675324675	0.967532467532	0.0	0.0
-ಗಲಿ	0.270592887866	0.42304438075	0.0761933883597	0.230169343024
-ಪ್ತ	0.0488997555012	0.951100244499	0.0	0.0
-ುಬನ	0.0289855072464	0.971014492754	0.0	0.0
-್ತೆ	0.0702996274486	0.0554141455092	0.0214496511966	0.852836575846
-ಹೊರ	0.385520894644	0.473219540906	0.105944673337	0.0353148911124
-ಹೊಲ	0.00990099009901	0.990099009901	0.0	0.0
-ಿದೆ	0.499973238758	0.23872738163	0.070461611109	0.190837768503
-ಿದೇ	0.926522043387	0.0251924422673	0.0	0.0482855143457
-ಇವರ	0.0864060622863	0.101192126421	0.00970335458831	0.802698456705
-ಹೊಸ	0.0873001374881	0.0384582103472	0.613216163986	0.261025488179
-ಿದು	0.428919266921	0.186072458294	0.0893742717765	0.295634003009
-ಇವನ	0.162018592298	0.242363877822	0.01593625498	0.5796812749
-ಯೋನ	0.0253378378378	0.923423423424	0.0357545045045	0.0154842342342
-ಗಮನ	0.30033211418	0.329465674528	0.117122798167	0.253079413125
-ಯೋತ	0.0	1.0	0.0	0.0
-ೋಳಿ	0.0142857142857	0.971428571429	0.0	0.0142857142857
-ೂಪದ	0.0257142857143	0.82	0.154285714286	0.0
-ೌದು	0.148292854629	0.0511087645195	0.0065469904963	0.794051390355
-ೂಪಿ	0.246764641369	0.68085106383	0.0065803904365	0.065803904365
-ಇವು	0.310536044362	0.18022181146	0.047134935305	0.462107208872
-ಇವೇ	0.55421686747	0.228915662651	0.21686746988	0.0
-ಇವೆ	0.490476190476	0.179365079365	0.0222222222222	0.307936507936
-ಜಕನ	0.0583551624867	0.518064164743	0.391368623077	0.0322120496927
-ೇಲೂ	0.134153846154	0.237538461538	0.149538461538	0.478769230769
-ಬೋಳ	0.154545454545	0.845454545455	0.0	0.0
-ಯನೇ	0.105812764714	0.776894990507	0.00613407331678	0.111158171462
-ಯನು	0.095067454154	0.733575517154	0.0281417544012	0.143215274291
-ಯನೂ	0.232106786046	0.497577387127	0.0939086640825	0.176407162745
-ಜಕರ	0.0933621154884	0.869400971398	0.0275229357798	0.00971397733404
-ಯನೋ	0.546558704454	0.396761133603	0.0	0.0566801619433
-ೇಸನ	0.0	1.0	0.0	0.0
-ಯಕೆ	0.220620358235	0.398427260812	0.100480559196	0.280471821756
-್ಳು	0.258560007537	0.208495403707	0.142263018345	0.390681570411
-ಠನೂ	0.572519702587	0.20506898438	0.128811361656	0.0935999513767
-ಠನು	0.145367069032	0.148932514283	0.670647364578	0.035053052107
-ಠನೇ	0.0	0.0472334682862	0.585695006748	0.367071524966
-ೇಸಲ	0.452309985097	0.250372578242	0.0156482861401	0.281669150521
-ೇನೆ	0.600271243956	0.174600836408	0.0571950654996	0.167932854136
-್ರನ	0.0173482032218	0.910367616687	0.062370921107	0.00991325898388
-ಸಲು	0.597720145013	0.219104731022	0.0688750520588	0.114300071907
-ಸಲೂ	0.434539670236	0.403242736947	0.0893044587633	0.0729131340536
-್ರಣ	0.581712062257	0.175097276265	0.184824902724	0.0583657587549
-ಸಲೇ	0.502454991817	0.353518821604	0.088379705401	0.0556464811784
-ಲಗಳ	0.128250997661	0.754093848906	0.0557313884685	0.0619237649649
-್ರಿ	0.054787372815	0.755413514219	0.001565353509	0.188233759457
-ಶಾಲ	0.0456563094483	0.117311350666	0.837032339886	0.0
-್ರಹ	0.0564263322884	0.708463949843	0.103448275862	0.131661442006
-ೇಪೆ	0.127353815659	0.723984142716	0.0	0.148662041625
-ೆಸಿ	0.807124989218	0.130768567239	0.0284654532908	0.0336409902527
-ರೆಯ	0.109588070698	0.799489958559	0.0193744908441	0.0715474798994
-ಣವೋ	0.18125	0.79375	0.0	0.025
-ಲೂಕ	0.0	1.0	0.0	0.0
-ಣವೇ	0.125910583196	0.252427047667	0.0280396218174	0.593622747319
-ರೆತ	0.512315270936	0.246305418719	0.211822660099	0.0295566502463
-ರೆದ	0.535123966942	0.145661157025	0.198347107438	0.120867768595
-್ರೂ	0.0	1.0	0.0	0.0
-ಣವೂ	0.368886871667	0.455803926018	0.0521956201067	0.123113582208
-್ರೀ	0.0257648953301	0.789049919485	0.00322061191627	0.181964573269
-ಜರನ	0.0426136363636	0.815340909091	0.0340909090909	0.107954545455
-ಲಗೈ	0.0268456375839	0.557046979866	0.409395973154	0.00671140939597
-ಸಲಿ	0.334181250132	0.381879208799	0.0829973331081	0.200942207961
-ಲಗೆ	0.342759211654	0.485861182519	0.102827763496	0.0685518423308
-ಲಗು	0.323339871112	0.530961053516	0.00560381059119	0.14009526478
-ೇಸು	0.0115610145182	0.527184899144	0.00130036974563	0.459953716592
-ಧಾರ	0.474770127831	0.350302758466	0.0403677954698	0.134559318233
-ಯಕರ	0.1320053374	0.716260007625	0.0595691955775	0.0921654593976
-ಧಾನ	0.0630164208765	0.39930446606	0.499241711118	0.0384374019454
-ಾನ್	0.324275362319	0.66847826087	0.00724637681158	0.0
-ಅಗಲ	0.0	0.958551817593	0.0	0.0414481824073
-ಾನೋ	0.485865625016	0.226293158543	0.0802967477389	0.207544468702
-ಾನೊ	0.79302832244	0.185185185185	0.0217864923747	0.0
-ತೀವ	0.2	0.428260869565	0.215217391304	0.15652173913
-ಾನೆ	0.493712794501	0.258540308673	0.0782400912772	0.16950680555
-ಾನು	0.0892880241385	0.018368716988	0.00276359834322	0.88957966053
-ಾನೂ	0.177653263019	0.0320533948583	0.00329597890573	0.786997363217
-ತೀಯ	0.0	1.0	0.0	0.0
-ಅಗಬ	0.019801980198	0.940594059406	0.039603960396	0.0
-ಷನು	0.0405421058728	0.89072937179	0.00501949882236	0.0637090235144
-ಷನೂ	0.268907563025	0.0	0.344537815126	0.386554621849
-್ಚು	0.153755551632	0.0922782549095	0.216394234264	0.537571959194
-ಥವೇ	0.316509149407	0.318721093907	0.0269455057309	0.337824250955
-ಥವು	0.315653570612	0.394006520548	0.00741938400498	0.282920524835
-ಥವೂ	0.607142857143	0.214285714286	0.142857142857	0.0357142857143
-ೀಣೆ	0.0188214205691	0.926282769438	0.0548958099933	0.0
-ಥವಾ	0.0187541862023	0.0119446304979	0.0040187541862	0.965282429114
-ಥವರ	0.244698205547	0.598694942904	0.117455138662	0.0391517128874
-ಥವನ	0.309941520468	0.260233918129	0.0964912280702	0.333333333333
-ದಡದ	0.025974025974	0.875324675325	0.0	0.0987012987013
-ಾನನ	0.0804766356143	0.730608374551	0.0248799550384	0.164035034796
-ೈಲಿ	0.0329760923331	0.851607584501	0.0906842539159	0.0247320692498
-ಾನದ	0.143516304273	0.761356316437	0.0528427076566	0.0422846716337
-ೈರಿ	0.0942628699678	0.858605695048	0.0471314349839	0.0
-ಾನಿ	0.0744222483353	0.904034469252	0.00352526439483	0.018018018018
-ಾನಾ	0.0127931769723	0.496375266525	0.263113006397	0.227718550106
-ರಹದ	0.216750021192	0.431677545139	0.133508519115	0.218063914555
-ಾನವ	0.0345208505938	0.456710853355	0.334507042254	0.174261253797
-ಅಗೋ	0.539473684211	0.296052631579	0.0	0.164473684211
-ಾನರ	0.106639583598	0.725783927891	0.0533197917989	0.114256696712
-ೈಲದ	0.275862068965	0.402298850575	0.252873563218	0.0689655172414
-ಕಡು	0.127589063795	0.791217895609	0.046396023198	0.0347970173985
-ಕಡೇ	0.0180614087899	0.0270921131848	0.894039735099	0.060806742926
-ಕಡೆ	0.448598130841	0.392523364486	0.0	0.158878504673
-ಿಧದ	0.370822354736	0.367078075163	0.0	0.262099570101
-ಗಡದ	0.0	0.964370546318	0.0356294536817	0.0
-ಸನೋ	0.43137254902	0.549019607843	0.0	0.0196078431373
-ರಜೆ	0.0981012658227	0.889240506329	0.0126582278481	0.0
-್ಚಿ	0.416502839668	0.277140672783	0.0606159895151	0.245740498034
-್ಚಲ	0.593103448276	0.303448275862	0.103448275862	0.0
-ವಾರ	0.134554959998	0.749003247696	0.0609933197792	0.0554484725266
-000	0.105991760473	0.462362715325	0.0	0.431645524201
-ಮೂಢ	0.298136645963	0.23602484472	0.465838509317	0.0
-್ಚೆ	0.0	0.932926829268	0.0670731707317	0.0
-ೋಮ್	0.0871402165302	0.728897104128	0.15755655312	0.0264061262213
-ೋಮೆ	0.0	1.0	0.0	0.0
-ಮೂಲ	0.136401166951	0.586172730776	0.138713051137	0.138713051137
-್ಸ್	0.446075860864	0.519314805104	0.0115364446775	0.023072889355
-ಂಪು	0.0520565552699	0.443444730077	0.389460154242	0.115038560411
-ಂಪೇ	0.533261802575	0.380901287554	0.0536480686695	0.0321888412017
-ಗಡೆ	0.381351055221	0.0832164774355	0.226222966079	0.309209501264
-ಠೆಯ	0.0966183574878	0.867149758454	0.036231884058	0.0
-ಮೂಕ	0.129682997118	0.619596541787	0.21613832853	0.0345821325648
-ಇನೂ	0.62424969988	0.0720288115247	0.0	0.303721488595
-ಟಾದ	0.345857864095	0.515753241873	0.0903530795749	0.0480358144576
-ಾಗಿ	0.285221332013	0.231145018592	0.0928425480313	0.390791101364
-ಫೈರ	0.0444444444445	0.755555555555	0.0	0.2
-ಜಂಬ	0.760536398467	0.239463601533	0.0	0.0
-ಿವು	0.350444900753	0.550308008214	0.041067761807	0.0581793292265
-ಿವೆ	0.298874693821	0.439439862957	0.167222476773	0.0944629664484
-ಾಗದ	0.357426441396	0.337538782772	0.251510873881	0.0535239019513
-ಿವ್	0.0277354796607	0.875462257994	0.0636284533391	0.0331738090059
-ರಥದ	0.486486486486	0.385135135135	0.0202702702703	0.108108108108
-ವಕನ	0.0343839541547	0.805157593123	0.0028653295129	0.157593123209
-ರಥಮ	0.00364963503649	0.229927007299	0.729927007299	0.036496350365
-ಟಾಗ	0.483625058248	0.395044559646	0.0499767008388	0.0713536812675
-ವಕಿ	0.0347222222222	0.751736111111	0.104166666667	0.109375
-ಓದಿ	0.697912852435	0.269132186012	0.0	0.0329549615525
-ಾಧಿ	0.629707700956	0.273327712198	0.0674536256324	0.0295109612142
-ವಕರ	0.262531601026	0.661625936455	0.0525063202052	0.0233361423134
-ಶೇಷ	0.188876233865	0.199411541382	0.251993166287	0.359719058466
-ಳಕೇ	0.857723577236	0.0813008130081	0.0121951219512	0.0487804878049
-ಫಥಾ	0.0263157894737	0.973684210526	0.0	0.0
-ಳಕೂ	0.637537239325	0.273088381331	0.0297914597815	0.0595829195631
-ಳಕು	0.077652144995	0.692716993681	0.211007648819	0.0186232125042
-ಮದೇ	0.225454545455	0.698181818182	0.0436363636364	0.0327272727273
-ಿವಸ	0.0	1.0	0.0	0.0
-ಿವಿ	0.813793103448	0.0396551724138	0.131034482759	0.0155172413793
-ಹೋದ	0.458404631729	0.144652842912	0.164584463885	0.232358061474
-ಾಗೂ	0.0317130722039	0.105899008966	0.0277489381784	0.834638980651
-್ಪೋ	0.159935379645	0.029886914378	0.155896607431	0.654281098546
-ಧರು	0.136363636364	0.863636363636	0.0	0.0
-ಧರೂ	0.23887587822	0.124121779859	0.35831381733	0.27868852459
-ವಾಗ	0.380461585858	0.205865532595	0.060934405149	0.352738476398
-ಪನು	0.0561223963438	0.857527519576	0.06592318247	0.0204269016104
-ಊಟದ	0.0622406639004	0.688796680498	0.0622406639004	0.186721991701
-ಪನೂ	0.177902621723	0.668539325843	0.0374531835206	0.116104868914
-ಪನೇ	0.125722543353	0.848265895954	0.0	0.0260115606936
-್‌ನ	0.155497963717	0.779711218067	0.0647908182155	0.0
-ನಸು	0.547445255474	0.116788321168	0.262773722628	0.0729927007299
-ಾಯಕ	0.330202462951	0.628887497391	0.0233771655187	0.017532874139
-ಾಯನ	0.0480933320922	0.927239442738	0.00744670948524	0.0172205156846
-ಾಯಫ	0.0	1.0	0.0	0.0
-ರಸವ	0.309919114517	0.600681140911	0.0	0.0893997445721
-ರಸಿ	1.0	0.0	0.0	0.0
-ಾಯದ	0.0876307976131	0.796229569629	0.0675967830273	0.0485428497305
-ೃಪೆ	0.0787545787544	0.822344322344	0.0549450549451	0.0439560439561
-ರಸದ	0.135458167331	0.760956175299	0.0119521912351	0.0916334661355
-ಾಯಿ	0.0274139519159	0.920800919042	0.00705633963163	0.0447287894103
-ಾಯರ	0.0473092844471	0.91957421644	0.00473092844471	0.0283855706682
-ರಸನ	0.104609929078	0.804964539007	0.0638297872341	0.0265957446808
-ೀಷನ	0.0	0.981389578164	0.0186104218362	0.0
-ಭೆಯ	0.100967254732	0.741733346187	0.0226549696327	0.134644429448
-ಾಯ್	0.0	1.0	0.0	0.0
-ಾಯು	0.362389380531	0.304867256637	0.274336283186	0.058407079646
-ಹದು	0.312199807877	0.494716618636	0.106628242075	0.0864553314121
-ರಸು	0.23653088042	0.76346911958	0.0	0.0
-ರಸ್	0.0	1.0	0.0	0.0
-ಏಕೆ	0.047668366263	0.0119502868069	0.000796685787127	0.939584661143
-ೇಜು	0.0193691200885	0.903154399557	0.0774764803542	0.0
-ಷೆಯ	0.0764757633629	0.528184880802	0.0	0.395339355836
-ಅಂಥ	0.182174338883	0.161606268364	0.243878550441	0.412340842311
-ನಸದ	0.763005780347	0.0982658959538	0.104046242775	0.0346820809248
-ದಲಿ	0.259359494813	0.555705908886	0.0	0.184934596301
-ಕಿಕ	0.127268595176	0.25593324892	0.514528749067	0.102269406837
-ದಲದ	0.0	1.0	0.0	0.0
-ಾಹದ	0.46949602122	0.325536532433	0.0120569086086	0.192910537738
-ಪೌಲ	0.0620966585401	0.661910225154	0.00172092356231	0.274272192743
-ಳನು	0.216077170418	0.722186495177	0.0	0.0617363344051
-ಾಹನ	0.0	1.0	0.0	0.0
-ೂಗನ	0.0	1.0	0.0	0.0
-ಗಳದ	0.231958762887	0.752577319588	0.0	0.0154639175258
-ಕಿಯ	0.110322580645	0.738709677419	0.02	0.130967741935
-್ಣೂ	0.261353898886	0.631533847472	0.0171379605827	0.0899742930592
-್ಣು	0.252837977296	0.65959015185	0.0782839451571	0.00928792569658
-ೂಗಿ	0.313792765415	0.0558768748162	0.162729144202	0.467601215567
-್ಣೆ	0.27330701488	0.681473097203	0.0382629820832	0.00695690583331
-ಕಿನ	0.149437682946	0.601140040056	0.203204436913	0.0462178400863
-ಕಿದ	0.602662389873	0.297111014606	0.0261853267576	0.0740412687629
-ಕ್ಷ	0.309278350515	0.567010309278	0.0309278350515	0.0927835051547
-ಳ್ಳ	0.199501710728	0.51950327706	0.178135967381	0.102859044831
-ಗಳೋ	0.232558139535	0.732558139535	0.0348837209302	0.0
-ತ್ತ	0.162820437387	0.181910583651	0.0999417976881	0.555327181275
-ಗಳೇ	0.28292595713	0.533942313867	0.0718389278046	0.111292801198
-ಗಳು	0.16218349071	0.635380158132	0.0660324023212	0.136403948836
-ೂಗು	0.313414019163	0.458900655572	0.0741301059002	0.153555219365
-ಗಳೂ	0.134990871271	0.634172171413	0.18049116301	0.0503457943062
-ಕ್ತ	0.0507430228344	0.921348314607	0.0112359550562	0.0166727075027
-್ಣದ	0.0511226788905	0.173646181338	0.775231139772	0.0
-ರೋಯ	0.0301507537688	0.929648241206	0.0100502512563	0.0301507537688
-ಕ್ಯ	0.0671820014731	0.841158833726	0.0	0.0916591648004
-್ಣನ	0.0	1.0	0.0	0.0
-್ಣಯ	0.346051464064	0.456225968648	0.0616681455191	0.136054421769
-ಕ್ಕ	0.17258134781	0.194740898693	0.386680988185	0.245996765312
-ಅದೇ	0.0755148034948	0.0368003457751	0.264517921645	0.623166929085
-ಅದು	0.239419813733	0.0180533387054	0.00663763669142	0.73588921087
-ಅದೂ	0.485981308411	0.482866043614	0.031152647975	0.0
-ದಲೇ	0.222043116495	0.310332166591	0.028506802756	0.439117914158
-ಾಹು	0.207492795389	0.740634005764	0.0172910662824	0.0345821325648
-ದಲೂ	0.182692580786	0.578031877868	0.0831771549446	0.156098386402
-ದಲು	0.26424625975	0.0981208538042	0.102756266134	0.534876620313
-ದಲೋ	0.443934877322	0.382251777115	0.00275166246274	0.1710616831
-್ತನ	0.0190875561519	0.904035328818	0.00365020994139	0.0732269050891
-್ತಮ	0.119295539272	0.142434760252	0.396066332433	0.342203368042
-ಾಪು	0.0792004525741	0.920799547426	0.0	0.0
-್ತದ	0.141038161636	0.748007504783	0.0727834549729	0.038170878608
-ೈರು	0.770491803279	0.0819672131148	0.147540983607	0.0
-್ತಾ	0.57581086579	0.201203607789	0.0427131932075	0.180272333213
-್ತಿ	0.349340555752	0.341770224553	0.0395171755778	0.269372044117
-್ತರ	0.341702542187	0.271407472583	0.042799233259	0.344090751972
-ೈರ್	0.0168224299065	0.968224299065	0.0	0.014953271028
-್ತವ	0.597224387962	0.0644004366132	0.174645251832	0.163729923593
-ೇಕೋ	0.364045864046	0.130466830467	0.178542178542	0.326945126945
-ಗೂಢ	0.13201320132	0.547854785479	0.19801980198	0.122112211221
-್ತಕ	0.229841748304	0.593067068576	0.0866616428033	0.0904295403165
-ಳಿಯ	0.174231660809	0.524489643311	0.239213340313	0.0620653555672
-ಳಿನ	0.139110604333	0.741163055872	0.0820980615736	0.0376282782212
-ಆಚೆ	0.325	0.35	0.0833333333333	0.241666666667
-ಳಿದ	0.613987458091	0.104768397259	0.0453677458449	0.235876398806
-ಷದನ	0.0	1.0	0.0	0.0
-ಾಪಕ	0.660130718954	0.124183006536	0.0588235294118	0.156862745098
-ರಿಕ	0.0794054371211	0.746658843471	0.173935719408	0.0
-್ತೋ	0.0186219739293	0.702048417132	0.111731843575	0.167597765363
-ರಿನ	0.0777000246015	0.864486236777	0.00273351010032	0.0550802285215
-ರಿಯ	0.104211499131	0.43561085344	0.168629642028	0.291548005401
-ಹಣದ	0.224051975201	0.655725013716	0.0792378936685	0.0409851174148
-ನ್ಮ	0.0522193211488	0.830287206266	0.117493472585	0.0
-ನ್ಯ	0.183584981678	0.666653876408	0.0723864704641	0.0773746714502
-ರಿದ	0.453644876697	0.136766217733	0.0312288957617	0.378360009807
-್ತೇ	0.761002044852	0.0805050716373	0.0413356998725	0.117157183639
-ರಿತ	0.137709137709	0.39897039897	0.108108108108	0.355212355212
-ಾಪನ	0.554001554001	0.445998445999	0.0	0.0
-ರಿಸ	0.222972972973	0.329391891892	0.413851351351	0.0337837837838
-ಳಿಕ	0.0755176340715	0.0139547517176	0.00120858117554	0.909319033035
-ಳಿಗ	0.710526315789	0.0526315789474	0.210526315789	0.0263157894737
-ಗರು	0.389296956978	0.470094438615	0.0398740818468	0.10073452256
-ಮ್ಮ	0.0550886521304	0.0215039221702	0.00333528931044	0.920072136389
-ಮ್ಯ	0.114583333333	0.885416666667	0.0	0.0
-ಇಗೋ	0.426795130525	0.317362150902	0.0	0.255842718573
-ಕರೇ	0.0954667224333	0.577437666902	0.144205500486	0.182890110178
-ಕರೂ	0.311222943723	0.440898268398	0.155151515152	0.0927272727273
-ಮ್ರ	0.0313916986397	0.66393442623	0.304673875131	0.0
-ಕರು	0.089093826807	0.583029091995	0.126827628179	0.201049453019
-ಆತನ	0.0287250057856	0.028954638826	0.000501017542772	0.941819337846
-ದಿರ	0.341176470588	0.644705882353	0.0141176470588	0.0
-ಭಂಗ	0.145111386139	0.710396039604	0.14077970297	0.00371287128713
-ುದರ	0.440139267325	0.279788835492	0.0853872748802	0.194684622302
-ೆಂಬ	0.312108777275	0.494289682755	0.101398926261	0.0922026137082
-ಾಶಿ	0.438488601585	0.327250364692	0.12614055662	0.108120477103
-ೂಚಕ	0.156097560976	0.775609756098	0.0682926829268	0.0
-ಲಯದ	0.0384096847723	0.863762717518	0.0474787346417	0.0503488630678
-ಾಶದ	0.0986547085201	0.661434977579	0.0067264573991	0.233183856502
-ದಿದ	0.400913390964	0.183167509379	0.0543685097591	0.361550589898
-ದಿನ	0.13292978913	0.477649520578	0.177279596157	0.212141094136
-ಯಸಿ	0.802298850575	0.0183908045977	0.179310344828	0.0
-ದಿಯ	0.0681163280816	0.80243420898	0.038565015395	0.0908844475434
-ಾತನ	0.273404556743	0.610726845447	0.0436173936232	0.0722512041868
-ಯಸ್	0.0264084507042	0.929577464789	0.0176056338028	0.0264084507043
-ೋಗದ	0.541118012422	0.144596273292	0.259627329192	0.0546583850931
-ವೀಗ	0.37389380531	0.155973451327	0.138274336283	0.33185840708
-ುದೊ	0.534391534392	0.285714285714	0.021164021164	0.15873015873
-ುದೋ	0.514645828563	0.268624532479	0.0484218761926	0.168307762766
-ಾಶೆ	0.115828179843	0.687614908909	0.119338124687	0.0772187865619
-ುದು	0.399533619492	0.214839685823	0.0830631775191	0.302563517166
-ುದೂ	0.363255152807	0.362771855011	0.0763184079602	0.197654584222
-ುದೆ	0.72619047619	0.0357142857143	0.0	0.238095238095
-ುದೇ	0.359036679021	0.255862908625	0.0691266113779	0.315973800976
-ಗರದ	0.00440425849853	0.782935595584	0.0169223146476	0.19573783127
-ವೀಪ	0.57027197976	0.255154965212	0.0683111954459	0.106261859583
-ಪಗಳ	0.123957955781	0.752084088438	0.0695904313157	0.0543675244654
-ಮನದ	0.798	0.202	0.0	0.0
-ಸವೇ	0.126245847176	0.609634551495	0.0847176079734	0.179401993355
-ಸವು	0.180719760946	0.622125503443	0.115954267897	0.0812004677147
-ವಗಳ	0.0194231901118	0.961153619776	0.0176574455562	0.00176574455562
-ಮನಃ	0.268456375839	0.395973154362	0.234899328859	0.10067114094
-ಿಳಿ	0.0	0.0	1.0	0.0
-ಪಗೆ	0.156150414277	0.123645634162	0.662842574888	0.0573613766731
-ಮನೋ	0.494382022472	0.179775280899	0.207865168539	0.11797752809
-ೋಲಿ	0.0	1.0	0.0	0.0
-ಮನೇ	0.0106417284747	0.957755562722	0.0183811673654	0.0132215414382
-ಮನೆ	0.250205755552	0.62329398003	0.0595727989409	0.0669274654768
-ಮನು	0.0479256107806	0.912243483782	0.0117684860075	0.0280624194304
-ಮನೂ	0.23315893803	0.692912618204	0.025021934813	0.0489065089526
-ೇಶದ	0.263093771696	0.407260755638	0.0765044455891	0.253141027077
-ೆಯು	0.103865004077	0.706149040791	0.0403183510154	0.149667604117
-ೆಯೂ	0.199693554144	0.475987612102	0.0925207935083	0.231798040246
-ೆಯೆ	0.447058823529	0.494117647059	0.0	0.0588235294118
-ೆಯೇ	0.228226587539	0.332375391778	0.0671682563387	0.372229764344
-ೆಯೋ	0.456325714999	0.321121650135	0.070675001479	0.151877633387
-ನಿಜ	0.209658421673	0.148409893993	0.125441696113	0.516489988221
-ಡಗಿ	0.608179419525	0.339050131926	0.0145118733509	0.0382585751979
-್ಲಕ	0.0413223140496	0.528925619835	0.429752066116	0.0
-ಡಗಳ	0.0426828114142	0.811571003269	0.0864066670092	0.0593395183075
-ಫಿಯ	0.0	1.0	0.0	0.0
-ಫಿಮ	0.0	1.0	0.0	0.0
-ಸರೂ	0.622473726758	0.329021827001	0.0485044462409	0.0
-ಸರು	0.381583422879	0.543912280508	0.0035826770672	0.0709216195453
-ಸರೇ	0.272962433883	0.181112698351	0.0135129917764	0.532411875989
-್ಲದ	0.21162537617	0.486393692309	0.166784770985	0.135196160536
-ಾಗು	0.328123956455	0.438856608562	0.142723569091	0.0902958658919
-ಚಲು	0.281259616371	0.491845317469	0.205354395323	0.021540670838
-ಸದಾ	0.657378240853	0.308698812697	0.0339229464502	0.0
-ಸರ್	0.295302013423	0.241610738255	0.0	0.463087248322
-್ಲರ	0.143215440384	0.264602723621	0.0505927304791	0.541589105516
-ೇನ್	0.044661846023	0.955338153977	0.0	0.0
-ೇನೊ	0.30276203966	0.171742209632	0.0849858356941	0.440509915014
-ೇನೋ	0.331054055083	0.349491447945	0.12492857415	0.194525922822
-ನಿನ	0.181873872194	0.639887868639	0.0477290735845	0.130509185583
-ೇನು	0.348592271318	0.210086286383	0.0190700477839	0.422251394515
-ೇನೂ	0.267848714244	0.349951298487	0.106650909235	0.275549078034
-್ಲಿ	0.137755328384	0.428214849306	0.0391352341984	0.394894588112
-ಹೇಳ	0.822669104205	0.140767824497	0.036563071298	0.0
-್ಲು	0.177348301833	0.668999573682	0.012256643456	0.141395481029
-್ಲೂ	0.306602717326	0.443605326334	0.108703463575	0.141088492764
-ೇನಿ	0.0	1.0	0.0	0.0
-ಾಗೆ	0.118824492767	0.1143662997	0.00928032026203	0.757528887271
-್ಲೆ	0.332761998041	0.174665360757	0.276689520078	0.215883121123
-ದೇಯ	0.0	0.965811965812	0.0136752136752	0.0205128205128
-್ಲೋ	0.543478260869	0.391304347826	0.0	0.0652173913044
-ೇನರ	0.0622837370241	0.854671280277	0.0830449826989	0.0
-ದೇಹ	0.0812598425197	0.869606299213	0.00566929133859	0.0434645669291
-ಸದೆ	0.479955236388	0.287715411948	0.0929034616503	0.139425890013
-ೇನನ	0.0	1.0	0.0	0.0
-ಹೇನ	0.0996677740864	0.800664451827	0.0996677740864	0.0
-ಸರಿ	0.504774029281	0.0343730108212	0.0267345639719	0.434118395926
-ದೇವ	0.394904458599	0.503184713376	0.0254777070064	0.0764331210191
-ದೇಶ	0.358845415964	0.308470437765	0.0479623277717	0.284721818499
-ೆಯದ	0.207471794292	0.599839942936	0.155011786811	0.037676475961
-ಚದೆ	0.74485624652	0.181195931172	0.00224084310024	0.0717069792077
-ೆಯನ	0.260553790286	0.476168860645	0.240581025874	0.0226963231956
-ಡಗು	0.133582089552	0.789552238806	0.0388059701493	0.0380597014925
-ೆಯರ	0.0824171453119	0.801912459627	0.0645972220012	0.0510731730601
-ಸ್ಥ	0.191489361702	0.643617021277	0.101063829787	0.0638297872341
-ೆಯವ	0.0243902439024	0.90243902439	0.0731707317073	0.0
-ಸ್ಯ	0.257559699834	0.493256525529	0.129527700381	0.119656074255
-ೆಯಾ	0.440606806986	0.249552171966	0.13434841021	0.175492610837
-್ನದ	0.0130605137136	0.448846321289	0.518502394428	0.0195907705703
-ಖರು	0.0	0.906533967979	0.0934660320208	0.0
-ುವಿ	0.0	1.0	0.0	0.0
-ಖರೂ	0.157584683358	0.415316642121	0.427098674521	0.0
-ುವನ	0.0522388059701	0.925373134328	0.0223880597015	0.0
-ಳುವ	0.498345269756	0.16801470445	0.0719980789	0.261641946895
-ವುನ	0.0	1.0	0.0	0.0
-ರಳು	0.0710137914348	0.644084200339	0.133680135495	0.151221872732
-ಮಂಥ	0.475190839695	0.0	0.23854961832	0.286259541985
-್ಥಳ	0.112667834209	0.439579684764	0.0309398715703	0.416812609457
-ಸಗಳ	0.340311587147	0.379746835443	0.272638753651	0.00730282375853
-್ಥಾ	0.0	0.912280701754	0.0877192982456	0.0
-ತುರ	0.157728706625	0.440063091483	0.307570977918	0.0946372239748
-್ಥದ	0.543689320388	0.31067961165	0.0	0.145631067961
-್ಥಕ	0.0726538849646	0.442986881937	0.484359233098	0.0
-ುವು	0.0493138053486	0.745117813146	0.00301111090773	0.202557270597
-ುವೂ	0.215540804373	0.652778096791	0.0368192571835	0.0948618416519
-ುವೇ	0.0669182764044	0.844755189241	0.00494479661484	0.0833817377396
-ುವೆ	0.45508579363	0.276843002814	0.073639576385	0.194431627171
-ಗಿನ	0.16642283329	0.743801834548	0.0320950597274	0.0576802724347
-ಗಿಯ	0.116757019176	0.838012784206	0.0186099198964	0.0266202767214
-ಂಬದ	0.36897450214	0.541782989019	0.0255909175507	0.0636515912898
-ಗಿದ	0.259441812828	0.31308411215	0.0161310971707	0.411342977852
-ಿಥಳ	0.433734939759	0.421686746988	0.0	0.144578313253
-ಂಬಿ	0.879397337071	0.0849334267694	0.0062368605466	0.0294323756131
-ಂಬಾ	0.137902559868	0.222956234517	0.0511973575557	0.58794384806
-ಾವೆ	0.170068027211	0.829931972789	0.0	0.0
-ಾವೇ	0.115552390279	0.122258820736	0.0543042820262	0.707884506959
-ಗಿಲ	0.135199694248	0.740110835085	0.00573284922606	0.118956621441
-ಾವೂ	0.104049232042	0.0323214562755	0.0320628846253	0.831566427057
-ಿಥಾ	0.0	1.0	0.0	0.0
-ಂಬಳ	0.115079365079	0.829365079365	0.0555555555555	0.0
-ಾವು	0.0433871124995	0.00857456321009	0.002970505352	0.945067818938
-ಮಾನ	0.257849077389	0.316992564032	0.0480239603416	0.377134398237
-ಮಾಯ	0.0106670459394	0.989332954061	0.0	0.0
-ಮಾಣ	0.518100298904	0.29259382265	0.0946529392229	0.0946529392228
-್ಜನ	0.335849056604	0.22641509434	0.188679245283	0.249056603774
-ೈಗೆ	0.361085736657	0.373026229936	0.0283831397625	0.237504893645
-ೋಬನ	0.0118723887812	0.953697683753	0.0	0.0344299274653
-ಂಚು	0.241812059994	0.715335169881	0.0367309458218	0.00612182430365
-ಮಾರ	0.213181737431	0.72286374134	0.0	0.0639545212293
-ಗಿಕ	0.0374949331172	0.504357519254	0.356954658637	0.101192888992
-ಂಚೆ	0.299603588567	0.0459002712289	0.0	0.654496140204
-ಮಾವ	0.0	1.0	0.0	0.0
-ದಾಗ	0.5043230965	0.145393866961	0.0373386111567	0.312944425382
-ದಾಟ	0.150862068965	0.813218390805	0.0359195402299	0.0
-ೈಗಳ	0.104808877928	0.858199753391	0.0	0.0369913686806
-ಂಚದ	0.128006834225	0.556944381997	0.0359696056833	0.279079178095
-ದಾರ	0.120805369128	0.687919463087	0.191275167785	0.0
-ಲಮಾ	0.0	0.98	0.0	0.02
-ಂಬು	0.188153310105	0.717770034843	0.0	0.0940766550522
-ಇದೆ	0.536156612065	0.0751098681583	0.00838993208151	0.380343587695
-ಇದೇ	0.389601565748	0.0468507570149	0.118546612447	0.44500106479
-ದಾದ	0.203966205754	0.154736355981	0.143381054576	0.49791638369
-ಾವನ	0.346153846154	0.332417582418	0.0164835164835	0.304945054945
-ಇದು	0.26837603381	0.0203476027743	0.000636968434676	0.710639394981
-ಾವದ	0.160943718022	0.56532120523	0.208925525867	0.0648095508812
-ದಾನ	0.341019536219	0.466145918268	0.0128828153028	0.179951730211
-ದಾಯ	0.0477440916686	0.815707806159	0.00763905466699	0.128909047505
-ದಾಮ	0.283687943262	0.563829787234	0.0567375886524	0.095744680851
-ಿಂಹ	0.115789473684	0.842105263158	0.0	0.0421052631579
