-ufu	0.00784772082151	0.97862748372	0.00300551010185	0.0105192853565
-oya	0.204527422287	0.446008036822	0.149568240134	0.199896300757
-oyo	0.149150073532	0.567793652029	0.235274084864	0.0477821895752
-oyi	0.539102122597	0.157103201934	0.0363158224282	0.26747885304
-ufe	0.0346020761246	0.965397923875	0.0	0.0
-nso	0.175572519084	0.801526717557	0.0137404580153	0.0091603053435
-nsi	0.173240162154	0.692602297924	0.0924992721001	0.0416582678224
-ufo	0.702886247878	0.251273344652	0.0407470288624	0.00509337860781
-nti	0.339382291282	0.240033519521	0.115556547032	0.305027642165
-nto	0.175490848338	0.252766498182	0.348325259994	0.223417393485
-nta	0.666846703189	0.142601539603	0.0786636960013	0.111888061207
-nte	0.0723377325102	0.0313074183351	0.00996459695593	0.886390252199
-ntu	0.583404091084	0.349671941335	0.0389038981088	0.0280200694712
-nme	0.445837485489	0.378908820343	0.121426045536	0.053827648632
-nma	0.181406321498	0.154998089674	0.0323651295097	0.631230459319
-nmo	0.304868842271	0.552453553241	0.0704518189122	0.0722257855756
-nmu	0.408866995074	0.251231527094	0.23645320197	0.103448275862
-opi	0.0	0.67619047619	0.32380952381	0.0
-ope	0.0511200459506	0.932222860425	0.0137851809305	0.00287191269385
-imu	0.0	1.0	0.0	0.0
-oku	0.172333488589	0.690731252911	0.131346064276	0.0055891942245
-den	0.0872163807416	0.721859435528	0.0256779192031	0.165246264527
-ima	0.0541119928081	0.820923303886	0.109635853373	0.0153288499329
-oko	0.144944825529	0.752162242768	0.066209364748	0.036683566955
-ime	0.0264200792603	0.915455746367	0.0105680317041	0.0475561426684
-imi	0.579617834395	0.19957537155	0.164543524416	0.056263269639
-oka	0.0	0.96	0.04	0.0
-ido	0.370815547068	0.607279263087	0.00640305549315	0.0155021343518
-lla	0.0288939027308	0.0168498624698	0.00404841123008	0.950207823569
-obi	0.687452082801	0.201124456938	0.0184002044467	0.0930232558139
-obo	0.397501684549	0.195511325351	0.0289224070906	0.378064583009
-lle	0.123578635894	0.784299108258	0.0696534129585	0.0224688428899
-idi	0.270806658131	0.564660691421	0.0422535211268	0.122279129321
-lli	0.171809458139	0.69717864736	0.0724013101189	0.058610584382
-ide	0.220720720721	0.725225225225	0.018018018018	0.036036036036
-llo	0.0858527673791	0.817692443879	0.0281728447646	0.0682819439776
-ida	0.0823349477441	0.806143257711	0.0646826408361	0.0468391537089
-llu	0.0612454212454	0.844688644689	0.0395604395604	0.0545054945055
-bin	0.10045790734	0.878613361965	0.0209287306957	0.0
-idu	0.182410423453	0.671009771987	0.114006514658	0.0325732899023
-uta	0.598512399824	0.163782027151	0.0628209300069	0.174884643018
-eje	0.0	1.0	0.0	0.0
-ute	1.0	0.0	0.0	0.0
-rin	0.191812028422	0.160480313598	0.0581447021897	0.58956295579
-uti	0.461823802164	0.437403400309	0.0204018547141	0.080370942813
-uto	0.0762173412386	0.511686409303	0.385804041634	0.0262922078241
-eju	0.0127388535032	0.382165605095	0.592356687898	0.0127388535032
-eɲo	0.0661886376172	0.828736900166	0.0402647545505	0.0648097076668
-eɲa	0.282290562036	0.459384941676	0.0939554612938	0.164369034995
-eɲe	0.0616475407211	0.675200270529	0.204264985673	0.0588872030769
-ten	0.258228975774	0.20036854812	0.0537811776048	0.487621298502
-dan	0.23786780852	0.361330698287	0.152173913044	0.248627580149
-are	0.0373311211187	0.897013510311	0.0184877933159	0.0471675752548
-ara	0.518585514727	0.25303741292	0.0243271480265	0.204049924327
-aro	0.411766644368	0.457309210515	0.0641352711934	0.0667888739237
-ari	0.0482309227177	0.0376076635958	0.00686725699732	0.907294156689
-nɲo	0.273582506992	0.546995508094	0.122298499873	0.0571234850411
-aru	0.199189078	0.435811197679	0.339594793474	0.0254049308468
-lun	0.0921901116539	0.554633647481	0.199372623777	0.153803617089
-nɲe	0.222222222222	0.714285714286	0.0	0.0634920634921
-men	0.118389647513	0.0237524778531	0.00122597291296	0.856631901721
-nɲa	0.14989910574	0.538422217011	0.124453840746	0.187224836503
-aye	0.091320517109	0.489541724877	0.419137758014	0.0
-aya	0.166924659035	0.78574769835	0.0274088552707	0.0199187873439
-ayi	0.0628691843101	0.581967213115	0.020508395832	0.334655206743
-alo	0.228913301723	0.478927373919	0.241639679117	0.0505196452418
-xon	0.0566713125272	0.15503257219	0.297355543412	0.490940571871
-ubu	0.303380222549	0.606340541676	0.0701238715095	0.0201553642662
-ubi	0.470386853817	0.470044505306	0.0205409106471	0.0390277302294
-ubo	0.147114900175	0.783852134312	0.0525946634792	0.0164383020341
-uba	0.0435551601963	0.880169255897	0.0598433006337	0.0164322832732
-exe	0.284658040665	0.40696241528	0.0711645101664	0.237215033888
-ube	0.164924684906	0.713956347987	0.0846910544114	0.036427912696
-xan	0.191997710872	0.0830710533661	0.0641944837792	0.660736751983
-umu	0.0	1.0	0.0	0.0
-ota	0.392479922497	0.158419279655	0.0346954398415	0.414405358007
-ote	0.040193635356	0.226201089786	0.161430921636	0.572174353222
-oti	0.129026951341	0.859980894589	0.00314061544846	0.00785153862116
-iji	0.394805194805	0.524675324675	0.038961038961	0.0415584415585
-oto	0.465396313214	0.177580484516	0.0588581370804	0.29816506519
-ume	0.169880145909	0.207399687337	0.301198540907	0.321521625847
-iju	0.111111111111	0.712962962963	0.175925925926	0.0
-uma	0.223672885498	0.306588217344	0.277115530686	0.192623366472
-umo	0.244370167752	0.290056288362	0.00848236414626	0.45709117974
-umi	0.111111111111	0.814814814815	0.0	0.0740740740741
-ako	0.158894440184	0.314889962746	0.114539511403	0.411676085667
ALL	0.222449499609	0.344968984811	0.0636169097641	0.368964605816
-nan	0.0956415727599	0.687318343314	0.138632933189	0.0784071507378
-aki	0.0631794871795	0.936820512821	0.0	0.0
-ake	0.111757374325	0.716244287495	0.114665558787	0.0573327793935
-kin	0.562770562771	0.305916305916	0.064935064935	0.066378066378
-aka	0.00851063829788	0.985106382979	0.00638297872342	0.0
-sin	0.24877881172	0.172798334927	0.290395678231	0.288027175122
-aku	0.389312977099	0.401580713398	0.185199799444	0.023906510059
-gon	0.0	1.0	0.0	0.0
-amu	0.779988173678	0.152306132793	0.0402939685758	0.0274117249535
-mon	0.0155236816998	0.982050743035	0.000727672579682	0.00169790268592
-ben	0.609794951492	0.172412451267	0.128462367239	0.0893302300016
-ixe	0.0708833151581	0.912758996729	0.00654307524536	0.00981461286804
-yan	0.214836035431	0.704600451283	0.0433803533081	0.0371831599784
-bee	0.0368215200535	0.105109838723	0.0616039975449	0.796464643679
-iso	0.16908357004	0.746150396173	0.0563611900135	0.0284048437734
-ren	0.266666666667	0.1	0.15	0.483333333333
-j'a	0.771113831089	0.030599755202	0.0881272949816	0.110159118727
-isi	0.543449328706	0.386174770814	0.0307936817179	0.0395822187615
-k'e	0.839756812507	0.082727174031	0.025838671154	0.0516773423081
-ise	0.643922984356	0.344885679904	0.00469314079422	0.00649819494584
-isa	0.00595207219408	0.700149473311	0.0132705128251	0.28062794167
-man	0.235792398786	0.0446640677226	0.015950694826	0.703592838666
-jun	0.614457831325	0.120481927711	0.0722891566265	0.192771084337
-nku	0.502304147466	0.221198156682	0.200460829493	0.0760368663594
-uno	0.186663421757	0.726940861523	0.0717936237528	0.0146020929667
-uni	0.757657694617	0.12866567958	0.00775746002857	0.105919165775
-une	0.0594989561587	0.835073068893	0.105427974948	0.0
-una	0.0228904847397	0.85592459605	0.114452423698	0.00673249551167
-nke	0.295555822491	0.672260586014	0.0159965780214	0.016187013474
-unu	0.57349537037	0.294560185185	0.0972222222222	0.0347222222222
-nko	0.646360232067	0.221714043147	0.044922983871	0.0870027409146
-ade	0.107264404443	0.857947140063	0.0278307643959	0.00695769109897
-ada	0.073868079969	0.264994191388	0.0420649805241	0.619072748119
-ado	0.171928727727	0.617588829843	0.137334583724	0.0731478587059
-nlo	0.92	0.08	0.0	0.0
-adi	0.487884741323	0.378274394237	0.0749017681729	0.0589390962672
-ini	0.0103211638759	0.132583035959	0.00658797694208	0.850507823223
-ino	0.195321203119	0.740066839955	0.0178239881173	0.046787968808
-ina	0.442522003949	0.452996887654	0.0805863257589	0.0238947826378
-ine	0.0805054336476	0.913054131661	0.0064404346918	0.0
-eda	0.121323529412	0.768382352941	0.0220588235294	0.0882352941177
-ede	0.117337344867	0.788642346747	0.0586686724333	0.0353516359534
-edo	0.208976884005	0.732455685705	0.0273660205245	0.0312014097647
-nen	0.180952380952	0.6	0.0190476190476	0.2
-kun	0.428239988417	0.303953401959	0.045677703631	0.222128905993
-ban	0.364900072846	0.110281298288	0.0771548370701	0.447663791796
-eka	0.18009478673	0.677725118483	0.113744075829	0.0284360189573
-eke	0.0916782799124	0.883038025085	0.00856062114275	0.0167230738602
-eki	0.0839062299842	0.846919168197	0.0525214569367	0.0166531448824
-eko	0.155128501968	0.525353090993	0.257003936096	0.0625144709423
-jon	0.0341861897195	0.168973946965	0.0149233831284	0.781916480187
-eku	0.278713629403	0.404287901991	0.225114854518	0.0918836140888
-ase	0.0174966586242	0.973755012064	0.00874832931211	0.0
-asa	0.0843566544163	0.072009918406	0.0108639707936	0.832769456384
-aso	0.16955932402	0.75731902708	0.0491579552832	0.0239636936163
-iyo	0.0884385681378	0.800510361159	0.0460944672084	0.0649566034943
-asi	0.194856249526	0.737131626138	0.0263228107412	0.0416893135951
-asu	0.587878787879	0.0727272727272	0.190909090909	0.148484848485
-yen	0.0	0.954545454545	0.0	0.0454545454545
-ppi	0.315789473684	0.568421052632	0.0	0.115789473684
-elo	0.309695086095	0.608498315456	0.0309158224507	0.0508907759982
-ɲin	0.0831056018664	0.0422204309531	0.0926408330712	0.782033134109
-eru	0.498023715415	0.252964426877	0.0474308300395	0.201581027668
-ran	0.661125470988	0.286192028456	0.0276526112224	0.0250298893333
-eri	0.215730337079	0.476404494382	0.0876404494382	0.220224719101
-iwe	0.0443076923077	0.951261538462	0.0	0.00443076923077
-ero	0.277988017836	0.613497715729	0.0862642823924	0.022249984042
-era	0.0911735791244	0.614870226113	0.213786323464	0.0801698712991
-iwo	0.216216216216	0.675675675676	0.0810810810811	0.027027027027
-ere	0.0464789357704	0.906960894608	0.0131291467127	0.0334310229086
-aho	0.201834862385	0.770642201835	0.0275229357798	0.0
-ugu	0.460523957463	0.282473374243	0.0960109400021	0.160991728292
-iya	0.118297759977	0.751159889925	0.0752378749292	0.0553044751687
-uka	0.0125786163522	0.930817610063	0.0	0.0566037735849
-pon	0.0108108108108	0.832432432432	0.0	0.156756756757
-uga	0.225806451613	0.709677419355	0.0645161290323	0.0
-ugo	0.143426905967	0.606688142353	0.0159533670808	0.233931584599
-ugi	0.459016393443	0.295081967213	0.131147540984	0.114754098361
-ike	0.0319444444445	0.955555555556	0.0125	0.0
-uju	0.104972375691	0.762430939227	0.0580110497237	0.0745856353591
-ika	0.0318773176441	0.0724788175095	0.790826790412	0.104817074434
-iko	0.0704584040747	0.904074702886	0.0	0.0254668930391
-lan	0.29888888186	0.202169817003	0.0542564259679	0.444684875169
-ppu	0.839928057554	0.138489208633	0.0161870503597	0.00539568345325
-uja	0.0	0.690476190476	0.309523809524	0.0
-iku	0.52637892168	0.463197733336	0.0	0.0104233449838
-ppo	0.458823529412	0.235294117647	0.188235294118	0.117647058824
-non	0.115547139725	0.134542555312	0.0150089695037	0.734901335459
-uji	0.2	0.72	0.0	0.08
-ppa	0.525987866863	0.0585341859321	0.00860796851943	0.406869978685
-gen	0.885331193539	0.110786115497	0.00077653819274	0.00310615277095
-bon	0.672520568532	0.140083571253	0.0473518854052	0.140043974809
-aha	0.0	0.71875	0.28125	0.0
-don	0.257768306812	0.371827561068	0.0246743593078	0.345729772812
-uɲo	0.0618860510805	0.767190569745	0.154715127701	0.0162082514735
-ton	0.328848641656	0.530918499353	0.108796895214	0.0314359637775
-uɲa	0.450211127094	0.298965245232	0.138299846875	0.112523780799
-olu	0.129856055949	0.577739137844	0.099157937468	0.193246868739
-oli	0.115873517655	0.77659070017	0.0221493846007	0.0853863975741
-ibo	0.111619413757	0.547008278238	0.112041947816	0.229330360189
-ibi	0.278164427694	0.215018459001	0.0498508636038	0.456966249701
-olo	0.275084200697	0.361452162266	0.174768344835	0.188695292202
-ola	0.635616011932	0.125813041364	0.0397431382375	0.198827808467
-san	0.26538658676	0.67011000276	0.0111974135552	0.0533059969246
-lon	0.907622813955	0.0360508899738	0.0155658649219	0.0407604311498
-ron	0.0908459632157	0.0797928253349	0.0337964821079	0.795564729341
-ewu	0.413192937576	0.330874123478	0.10278431283	0.153148626116
-omo	0.7704737341	0.178835174041	0.0327138857659	0.0179772060931
-ipa	0.00752256770311	0.984954864594	0.00601805416249	0.00150451354062
-ipe	0.00444642063139	0.988142878316	0.000889284126278	0.00652141692604
-oke	0.0710144927536	0.669565217391	0.244927536232	0.0144927536232
-ewa	0.0	0.961538461538	0.0384615384615	0.0
-ewo	0.284103720406	0.449010966486	0.193707082095	0.0731782310136
-ewi	0.062108559499	0.889352818372	0.0224425887265	0.0260960334029
-uxo	0.0295728368018	0.957831325301	0.0	0.0125958378971
-awo	0.0643780796944	0.0258165911458	0.00426404550769	0.905541283652
-efu	0.195121951219	0.731707317073	0.0487804878049	0.0243902439024
-awa	0.103243104066	0.118943668279	0.0225013433638	0.755311884292
-uxe	0.1	0.9	0.0	0.0
-uxu	0.806366047745	0.122015915119	0.00795755968171	0.0636604774536
-awu	0.159371846398	0.403839697786	0.0563966275936	0.380391828222
-ɲen	0.061613814688	0.00943090300646	0.00626528521407	0.922689997091
-eyi	0.0218181818182	0.952727272727	0.0	0.0254545454545
-eya	0.405736933402	0.42181423923	0.090484641252	0.081964186116
-ofe	0.407565556577	0.135048966794	0.022383563692	0.435001912937
-oba	0.130817599065	0.476041090059	0.305317566006	0.0878237448696
-len	0.387575336115	0.247566063978	0.288363467779	0.076495132128
-mun	0.0960611341852	0.00780869821079	0.00106096443081	0.895069203173
-lep	0.0299401197605	0.0479041916168	0.922155688623	0.0
-obe	0.102150537634	0.123829344433	0.626430801249	0.147589316684
-ifa	0.302568023867	0.467499970762	0.109361137859	0.120570867512
-ife	0.00278940027894	0.991631799163	0.00278940027894	0.00278940027894
-m'é	0.421052631579	0.407894736842	0.0526315789474	0.118421052632
-ifi	0.00988151333547	0.990118486665	0.0	0.0
-alu	0.0901394551808	0.219990282306	0.037048497937	0.652821764576
-ndu	0.174334140436	0.760290556901	0.0508474576271	0.0145278450363
-ifo	0.701785714286	0.25	0.0428571428571	0.00535714285714
-ndi	0.755107918215	0.112045617426	0.0639280929716	0.0689183713877
-gin	0.388888888889	0.122222222222	0.444444444444	0.0444444444444
-ndo	0.0983323749281	0.730879815986	0.0948821161587	0.0759056929269
-ali	0.27197351431	0.249331644913	0.0775101645738	0.401184676204
-nda	0.187105040039	0.644935551927	0.0789757320163	0.0889836760184
-ole	0.0922218299796	0.199505774371	0.455864306487	0.252408089162
-ale	0.173303599873	0.695444409048	0.0809174896463	0.0503345014336
-nde	0.132220310461	0.237648660402	0.568189982794	0.0619410463424
-ala	0.226586987459	0.639236804172	0.0283069875223	0.105869220847
-d'í	0.48087431694	0.349726775956	0.0573770491803	0.112021857924
-yon	0.0455956855695	0.897859127308	0.0156888380454	0.0408563490766
-ogu	0.05	0.916666666667	0.0333333333333	0.0
-elu	0.121758611818	0.297858619291	0.124641665921	0.455741102969
-ogi	0.862275449102	0.11377245509	0.0119760479042	0.0119760479042
-xun	0.684020734731	0.217263917061	0.0351588911427	0.0635564570655
-eli	0.191046130877	0.742371652469	0.0161059227317	0.050476293922
-b'é	0.34310931323	0.137445986945	0.0819159694769	0.437528730348
-iye	0.0132450331126	0.979186376537	0.00567644276252	0.00189214758751
-ela	0.569924494296	0.216123956518	0.0536250931851	0.160326456001
-oge	0.0	1.0	0.0	0.0
-ele	0.538178255024	0.140069685688	0.029403212987	0.292348846301
-nju	0.0	0.939461883408	0.0605381165919	0.0
-esu	0.136363636364	0.778409090909	0.0340909090909	0.0511363636363
-ito	0.39549021882	0.480318374377	0.035050696268	0.089140710535
-esi	0.00651324359531	0.977854971776	0.011072514112	0.00455927051672
-eso	0.1722035435	0.709736189289	0.0735355672245	0.0445246999862
-iti	0.516175141088	0.392106711682	0.0431231629733	0.0485949842569
-esa	0.0	1.0	0.0	0.0
-ite	0.101273195314	0.208639673652	0.0215303811492	0.668556749884
-ese	0.11446732958	0.72324343426	0.0808902462366	0.0813989899236
-ita	0.390662039235	0.480544006009	0.0311136172685	0.0976803374877
-fan	0.089480162243	0.0758681910458	0.209060289191	0.62559135752
-n'a	0.647058823529	0.196078431373	0.117647058824	0.0392156862745
-uda	0.0242318261304	0.954284286785	0.00724456657506	0.0142393205096
-ude	0.0102478759744	0.979241482001	0.00525532101253	0.00525532101251
-udi	0.0454545454545	0.954545454545	0.0	0.0
-udo	0.0493827160494	0.925925925926	0.0	0.0246913580247
-abu	0.376112624887	0.483651226158	0.0272479564033	0.112988192552
-hun	0.0809938565819	0.884686712663	0.0	0.034319430755
-d'i	0.761363636364	0.147727272727	0.0681818181819	0.0227272727273
-ɲan	0.5042380523	0.200721370604	0.207394048692	0.087646528404
-abe	0.0455172413793	0.884137931035	0.0537931034483	0.0165517241379
-aba	0.103684238535	0.479855454893	0.185378169429	0.231082137142
-won	0.0930232558139	0.906976744186	0.0	0.0
-abo	0.255176979061	0.434501702586	0.0546602438447	0.255661074509
-abi	0.887895236382	0.0805892551146	0.000929411778908	0.030586096724
-nji	0.0271792000027	0.951681422217	0.00805309629709	0.0130862814828
-kon	0.615222637975	0.117508511101	0.00432240729258	0.262946443631
-tun	0.841937750321	0.0198887522378	0.00885720241672	0.129316295024
-son	0.53253558068	0.183092560322	0.0829075943118	0.201464264686
-oro	0.263949302436	0.541058052066	0.0898271888495	0.105165456648
-b'e	0.261829227135	0.204184947688	0.0905838677016	0.443401957476
-b'a	0.324250176607	0.0281041353735	0.0160576393872	0.631588048632
-ore	0.0693678255358	0.899645531585	0.0211272565084	0.00985938637057
-utu	0.454994573756	0.335325655604	0.117028686201	0.0926510844389
-jen	0.773440228872	0.0828495866669	0.0299396217628	0.113770562698
-iɲa	0.509380238481	0.304444111994	0.0590979459082	0.127077703617
-ico	0.0427046263345	0.950177935943	0.00711743772241	0.0
-lin	0.0683315583905	0.0629392309944	0.0997728783166	0.768956332299
-run	0.321659744585	0.513972670196	0.0440853457045	0.120282239515
-t'é	0.8600283031	0.0589219091728	0.0	0.0810497877268
-s'í	0.187221564315	0.101825222279	0.022932761894	0.688020451512
-oma	0.154048298673	0.423225046441	0.377418331748	0.045308323139
-ome	0.124951854682	0.792389970664	0.0304217698455	0.0522364048078
-xxo	0.253721682848	0.157281553398	0.0595469255663	0.529449838188
-oda	0.111014366565	0.80365694384	0.037004788855	0.0483239007401
-ode	0.0181431291298	0.937618994288	0.0370702206294	0.00716765595251
-odi	0.489002083816	0.240564945589	0.0266265339199	0.243806436675
-xxu	0.254545454545	0.709090909091	0.0363636363636	0.0
-uri	0.485611510791	0.474820143885	0.0215827338129	0.0179856115108
-uro	0.0341929425118	0.901859971759	0.0359968381156	0.0279502476134
-ura	0.173765380547	0.61021101275	0.144340515561	0.0716830911419
-ure	0.244580998042	0.539806874198	0.172800324127	0.0428118036329
-ehu	0.0	1.0	0.0	0.0
-uru	0.0711911023311	0.860214580213	0.0481140141013	0.0204803033547
-nxo	0.196751617769	0.518273687202	0.256137685278	0.0288370097503
-x'é	0.15063117144	0.0310795782432	0.00405807147388	0.814231178843
-nxe	0.00791119394172	0.979689707433	0.00512116730798	0.00727793131762
-nxa	0.81221145781	0.0832350216914	0.00881921836884	0.0957343021295
-nxu	0.53488372093	0.31007751938	0.15503875969	0.0
-dun	0.613344594918	0.0690710533221	0.0210484382212	0.296535913539
-nun	0.142105263158	0.726315789474	0.0171052631579	0.114473684211
-mme	0.54177477945	0.245459263103	0.063829787234	0.148936170213
-sen	0.0628704487722	0.891405588484	0.0342929720576	0.0114309906859
-ken	0.17348597674	0.134286786189	0.0659383135708	0.6262889235
-omi	0.862068965517	0.0344827586207	0.0	0.103448275862
-sun	0.0696638857151	0.173810758887	0.018332601504	0.738192753894
-s'a	0.17892894281	0.0678954309041	0.0236948185791	0.729480807707
-t'e	0.149606299213	0.716535433071	0.0984251968504	0.0354330708661
-s'i	0.189230263352	0.0890599508454	0.043969293161	0.677740492641
-t'a	0.262559492332	0.180856689582	0.055790586991	0.500793231095
-din	0.104463758219	0.523978950266	0.203901177541	0.167656113973
-ori	0.729432545521	0.104043159106	0.097575752851	0.0689485425226
-fen	0.151082431913	0.520615962023	0.034287119113	0.294014486951
-nŋo	0.152803322931	0.615387342404	0.156625452793	0.0751838818722
-uku	0.235294117647	0.463235294118	0.264705882353	0.0367647058824
-afu	0.346804380038	0.249941151069	0.102766174539	0.300488294353
-nnu	0.33121406916	0.0926855664901	0.041407199496	0.534693164854
-afi	0.329350261389	0.176624346527	0.494025392084	0.0
-nni	0.458768643232	0.417848541299	0.0822552103127	0.0411276051564
-nno	0.275942217969	0.610195308932	0.0952221658348	0.0186403072642
-afo	0.279221438363	0.658401363362	0.0377457057059	0.0246314925696
-afa	0.497379479289	0.232840183405	0.195707084383	0.0740732529241
-nna	0.504986295867	0.264607125178	0.053651772257	0.176754806698
-uko	0.111111111111	0.355555555556	0.522222222222	0.0111111111111
-afe	0.545362212158	0.307151245771	0.00986165585911	0.137624886212
-nne	0.255767196997	0.617976222297	0.0635621617644	0.0626944189416
-kki	0.472531297058	0.367690892237	0.12060523151	0.0391725791946
-ngu	0.398602891482	0.534963293271	0.0553615127058	0.0110723025411
-kko	0.200556457222	0.776489682356	0.0194760027823	0.00347785763969
-kka	0.342478421702	0.256473489519	0.118064118372	0.282983970407
-x'a	0.129942559801	0.0038226102429	0.00190385701666	0.86433097294
-kke	0.0759493670886	0.907172995781	0.0126582278481	0.0042194092827
-x'e	0.0755352884478	0.0247140698292	0.00363326050542	0.896117381218
-nga	0.297786414169	0.461144166791	0.180003233363	0.0610661856775
-nge	0.466356011184	0.427772600186	0.00969245107176	0.0961789375583
-ngi	0.611580617781	0.270325128243	0.0159427242868	0.10215152969
-tin	0.697674418605	0.292358803987	0.00996677740865	0.0
-ngo	0.134471830754	0.733876227937	0.0908228411045	0.0408291002049
-eme	0.00451933856502	0.843827073991	0.00663887331838	0.145014714126
-uwe	0.0320855614974	0.951871657754	0.0	0.0160427807487
-ema	0.515899753706	0.272849875291	0.112055902982	0.0991944680208
-uwa	0.51968475601	0.288991651072	0.150262703325	0.0410608895926
-uwo	0.19987652453	0.517108281401	0.0664815839376	0.216533610131
-emo	0.0337793272402	0.846885894658	0.0587015923867	0.0606331857156
-emi	0.0159151193634	0.925729442971	0.0	0.0583554376658
-emu	0.0153846153846	0.984615384615	0.0	0.0
-jan	0.0771112452455	0.152621060323	0.0498190629395	0.720448631492
-nfa	0.725060827251	0.231143552311	0.00486618004866	0.0389294403893
-etu	0.780628167321	0.111146104733	0.0721504852979	0.0360752426489
-eta	0.647556166914	0.094827593382	0.0602521950571	0.197364044646
-ete	0.18260545976	0.106857260736	0.248099924361	0.462437355143
-eti	0.0146158855785	0.952811569418	0.00835193461629	0.0242206103872
-eto	0.169787817784	0.245014782704	0.488248354127	0.0969490453846
-uyi	0.242774566474	0.219653179191	0.104046242775	0.433526011561
-oxe	0.0655544816574	0.901584233307	0.0151279573055	0.0177333277304
-atu	0.493884722982	0.466626077977	0.0171551438458	0.0223340551955
-bun	0.0561281991954	0.0844908530441	0.559520521873	0.299860425888
-uya	0.223005403189	0.549649811067	0.19410641071	0.0332383750339
-oxo	0.081593887548	0.510530540751	0.0582892542053	0.349586317496
-oxi	0.602409638554	0.265060240964	0.0602409638554	0.0722891566265
-ate	0.166955261282	0.300236402578	0.0272726184962	0.505535717643
-ata	0.616265142833	0.101547561037	0.0633544024605	0.218832893669
-ato	0.234368804688	0.552934033954	0.0502203311393	0.162476830218
-ati	0.170485893994	0.614080258947	0.110052598668	0.105381248391
-ose	0.0194331983806	0.939271255061	0.0364372469636	0.00485829959514
-acu	0.0394736842105	0.947368421053	0.00657894736843	0.00657894736843
-uli	0.552311663425	0.168045260975	0.0254837053293	0.25415937027
-ulo	0.154004631779	0.633662671838	0.0569676432716	0.155365053111
-oso	0.239157687065	0.292336568959	0.046376533611	0.422129210366
-ula	0.373853700831	0.244506758903	0.0347657941051	0.34687374616
-osi	0.323237983373	0.524712145132	0.0999746763147	0.052075195181
-ule	0.46511627907	0.316968130922	0.104220499569	0.113695090439
-nin	0.124253636594	0.049701300904	0.0380770645868	0.787967997916
-ice	0.09375	0.875	0.03125	0.0
-ulu	0.227431763148	0.237180668593	0.0770666341967	0.458320934063
-nbo	0.219839435735	0.263970149011	0.0574711596045	0.45871925565
-ajo	0.358789843704	0.590755334525	0.00672730956946	0.0437275122014
-aji	0.414598255654	0.523979780545	0.0179147394419	0.0435072243588
-nbi	0.0899329674558	0.0480852184127	0.173024970129	0.688956844002
-aje	0.0406504065041	0.943089430894	0.0	0.0162601626016
-nbe	0.349775784753	0.363228699552	0.213004484305	0.0739910313902
-tto	0.187533875339	0.769647696477	0.0195121951219	0.0233062330623
-aja	0.44262295082	0.131147540984	0.426229508197	0.0
-nba	0.151867402292	0.462475466177	0.33245946859	0.0531976629403
-fin	0.0470219435736	0.200626959248	0.71473354232	0.0376175548589
-aju	0.744680851064	0.200754975978	0.0102951269732	0.0442690459849
-ilu	0.0890625	0.758333333333	0.116666666667	0.0359375
-oju	0.119402985075	0.701492537314	0.134328358209	0.044776119403
-ile	0.0179218470734	0.975632147985	0.000586000449267	0.00586000449267
-ila	0.420183823996	0.422739487137	0.0755406178485	0.0815360710184
-ilo	0.309194245288	0.548323543668	0.03791073954	0.104571471504
-oji	0.0393146703381	0.841364540309	0.119320789353	0.0
-ili	0.559276145226	0.346527489178	0.029102641729	0.0650937238672
-aɲe	0.0	1.0	0.0	0.0
-aɲa	0.437652838995	0.346155881531	0.144383713818	0.0718075656556
-ige	0.266129032258	0.540322580645	0.193548387097	0.0
-ebo	0.53309156845	0.3907524932	0.0507706255666	0.0253853127833
-eba	0.141078962852	0.692773749209	0.111275509693	0.0548717782464
-igi	0.168951590212	0.729649328704	0.021031590062	0.0803674910217
-aɲo	0.205217238629	0.627598061176	0.102212447039	0.0649722531566
-igo	0.220132190854	0.508476155819	0.147291141044	0.124100512282
-ebe	0.0620608899297	0.93793911007	0.0	0.0
-ami	0.531639722864	0.338106235566	0.0762124711317	0.0540415704388
-oɲo	0.252540736956	0.670811332538	0.0297507522852	0.0468971782206
-amo	0.217890411943	0.652687661129	0.0563392653934	0.0730826615345
-ama	0.116694692135	0.776569472596	0.0369130172255	0.0698228180441
-oɲa	0.32126211737	0.423054500228	0.131894309654	0.123789072748
-ame	0.878372326231	0.101901398418	0.00626816226086	0.0134581130895
-ebu	0.440366972477	0.43119266055	0.128440366972	0.0
-oɲe	0.0343511450382	0.965648854962	0.0	0.0
-usi	0.10588311092	0.761758033495	0.0145034470995	0.117855408485
-iro	0.318817187905	0.631247746567	0.0223667481012	0.027568317427
-uso	0.0812411540555	0.71882219033	0.0543870935814	0.145549562033
-iri	0.50928385068	0.368217608953	0.0552550443304	0.0672434960366
-ire	0.0152238316062	0.975472715746	0.00676614738052	0.0025373052677
-usa	0.114656820729	0.857783345421	0.00863717280939	0.0189226610404
-ira	0.00143163922691	0.998568360773	0.0	0.0
-use	0.0	1.0	0.0	0.0
-gun	0.0647517308446	0.0508294991074	0.104300622669	0.780118147379
-usu	0.0931193240061	0.802814678939	0.0281746848037	0.0758913122509
-npe	0.098542915359	0.0505394740299	0.235835537792	0.615082072819
-npa	0.127229462626	0.847823583918	0.00997878138245	0.0149681720736
-npo	0.0447332039086	0.87148079512	0.0410054369162	0.0427805640554
-axu	0.158539425732	0.216860212609	0.462286187696	0.162314173963
-axo	0.275850205874	0.517747817286	0.124137134424	0.0822648424163
-axa	0.487923715762	0.292250048856	0.0406194562387	0.179206779143
-axe	0.0443701672414	0.902566094288	0.0180697604168	0.0349939780542
-iba	0.0911797325795	0.578466328854	0.303301735238	0.0270522033284
-owe	0.0179813764315	0.901102429626	0.0	0.080916193942
-agi	0.541931333421	0.15995552974	0.0781977052845	0.219915431555
-ago	0.369152281743	0.352416128278	0.047632027178	0.230799562801
-aga	0.673889436585	0.243092919338	0.0547161745057	0.0283014695719
-age	0.0957150139434	0.71285495817	0.167501274401	0.0239287534858
-ija	0.379202151502	0.234872254594	0.270282384581	0.115643209323
-ege	0.516686816221	0.277474290661	0.0783966924879	0.12744220063
-one	0.070624932022	0.729831609249	0.137299565503	0.0622438932257
-anu	0.5050767477	0.404522679674	0.0733808753744	0.0170196972509
-ega	0.0191082802548	0.923566878981	0.0573248407643	0.0
-ego	0.216332622006	0.598539097829	0.0949241323227	0.0902041478425
-ono	0.0640636248631	0.0702840382427	0.00945305730783	0.856199279586
-egi	0.0	1.0	0.0	0.0
-oni	0.23283225421	0.648491111362	0.0610336977056	0.0576429367219
-ana	0.120337015199	0.0927773938848	0.0382918670413	0.748593723875
-egu	0.658536585366	0.325203252032	0.0162601626016	0.0
-ane	0.0313508248615	0.881688683265	0.0825774639314	0.0043830279418
-nfe	0.224809673085	0.599641737573	0.122257053292	0.0532915360502
-j'í	0.792263610315	0.147564469914	0.0	0.0601719197708
-ani	0.241130319549	0.361973127428	0.0268471598952	0.370049393127
-nfo	0.179220779221	0.65974025974	0.153246753247	0.00779220779222
-ano	0.16854284568	0.582434995073	0.0765964171468	0.1724257421
-tan	0.0700315690406	0.229772854355	0.0529545197667	0.647241056837
-yin	0.0130890052356	0.921465968586	0.0	0.065445026178
-enu	0.0478771454381	0.0439626618488	0.888286660644	0.0198735320686
-min	0.49191035835	0.204412313096	0.0483934994166	0.255283829137
-eno	0.221697153827	0.417666832785	0.176608648857	0.184027364531
-eni	0.076821192053	0.868874172185	0.0	0.0543046357616
-ene	0.319610540798	0.635622817229	0.0142872261615	0.0304794158112
