-cai	0.477343446119	0.202542362978	0.0897150241227	0.23039916678
-cah	0.30961274477	0.293767018298	0.0488221861184	0.347798050813
-can	0.110570670286	0.319213737775	0.0234303234485	0.54678526849
-cas	0.0	0.978873239437	0.0	0.0211267605634
-car	0.0	1.0	0.0	0.0
-hen	0.145592897989	0.0234333319946	0.00249802872292	0.828475741293
-ive	0.241947029349	0.758052970651	0.0	0.0
-rbe	0.011214953271	0.988785046729	0.0	0.0
-caz	0.0	1.0	0.0	0.0
-cax	0.493580353338	0.13435755902	0.0307523709209	0.34130971672
-rbo	0.120786516854	0.752808988764	0.0168539325843	0.109550561798
-hea	0.16245981649	0.0589047405372	0.00089304292019	0.777742400053
-ivo	0.173333333333	0.710303030303	0.0945454545454	0.0218181818182
-hbi	0.0335587890022	0.0216591693207	0.0279893036421	0.916792738035
-aus	0.0222222222222	0.977777777778	0.0	0.0
-hbo	0.208632129628	0.507699578648	0.060285441995	0.223382849729
-oyo	0.384816753927	0.0811518324607	0.486910994764	0.0471204188481
-nha	0.189010312452	0.207788209943	0.0155456364476	0.587655841158
-hbe	0.187442371989	0.162752193539	0.160090948694	0.489714485778
-zin	0.485567010309	0.514432989691	0.0	0.0
-jri	0.114088159032	0.0976663785653	0.66378565255	0.124459809853
-xex	0.614457831325	0.216867469879	0.0481927710843	0.120481927711
-ufo	0.0	1.0	0.0	0.0
-aum	0.00722891566265	0.990361445783	0.0	0.00240963855422
-nti	0.252904790796	0.517556036574	0.0645806473611	0.164958525269
-nto	0.139370817527	0.694629005804	0.0806759282913	0.0853242483783
-nta	0.0425750080175	0.0945714961603	0.00994959426497	0.852903901557
-nte	0.133717805885	0.256478144046	0.316010223475	0.293793826594
ALL	0.214171598863	0.272374066274	0.0513240953101	0.462130239552
-uan	0.176282792903	0.614382650888	0.054293083633	0.155041472576
-dro	0.0406456631661	0.877674056787	0.00350058343057	0.0781796966162
-pre	0.0199306759099	0.977469670711	0.00259965337955	0.0
-nma	0.335665512346	0.351356704311	0.141580912062	0.171396871281
-arí	0.585669781932	0.376947040498	0.0	0.0373831775701
-más	0.0	0.951219512195	0.0487804878049	0.0
-aré	0.0	1.0	0.0	0.0
-xbi	0.129982784844	0.558514816734	0.0690277615283	0.242474636894
-opi	0.13245135042	0.0756689365286	0.00690386737457	0.784975845677
-sma	0.23696139536	0.324865012688	0.283041367154	0.155132224799
-xba	0.0293960448958	0.685462319615	0.0253874933191	0.25975414217
-ope	0.0	0.99593495935	0.00406504065041	0.0
-opa	0.176692241218	0.6320960654	0.0567530108502	0.134458682532
-dea	0.00590149050466	0.986381175758	0.0	0.00771733373685
-dec	0.0159365839561	0.984063416044	0.0	0.0
-das	0.0275605214153	0.941154562384	0.00148975791434	0.0297951582868
-deo	0.023746701847	0.976253298153	0.0	0.0
-ima	0.300851474202	0.303745174147	0.16696673371	0.228436617942
-ios	0.026457567929	0.861537862364	0.0316374352516	0.0803671344559
-des	0.0310008857396	0.943017419545	0.0144670800118	0.0115146147033
-imi	0.0550814210523	0.88438580076	0.00564064036893	0.0548921378184
-imo	0.00857142857143	0.982857142857	0.0	0.00857142857143
-ido	0.0740740740741	0.716049382716	0.0740740740741	0.135802469136
-lla	0.0	0.907975460123	0.0	0.0920245398773
-obi	0.31237605422	0.219659162726	0.166332512476	0.301632270578
-eco	0.0	1.0	0.0	0.0
-obo	0.0956446547526	0.748684425495	0.0553366345876	0.100334285165
-idi	0.00214438884918	0.997855611151	0.0	0.0
-eca	0.345423143351	0.29763960852	0.310880829016	0.0460564191134
-llo	0.138856923667	0.844521160977	0.00767165324128	0.00895026211482
-ida	0.0221266133989	0.977873386601	0.0	0.0
-bia	0.0	1.0	0.0	0.0
-bin	0.554485021037	0.35590123819	0.0392060115884	0.0504077291852
-axi	0.483253588517	0.325358851675	0.0478468899522	0.143540669856
-bih	0.230446927374	0.659130586592	0.0624127094972	0.0480097765363
-eja	0.427175710206	0.120096197204	0.016383586352	0.436344506238
-ter	0.0	0.977995110024	0.0220048899755	0.0
-uta	0.0	1.0	0.0	0.0
-ria	0.0358260869565	0.940173913043	0.0177391304348	0.00626086956522
-rin	0.0775668329017	0.655015945721	0.103465251172	0.163951970206
-rio	0.0252403846154	0.881009615385	0.0576923076923	0.0360576923077
-rim	0.0	1.0	0.0	0.0
-xen	0.292779426311	0.509396636993	0.0375865479723	0.160237388724
-rih	0.233165829146	0.437185929648	0.0723618090452	0.257286432161
-tea	0.0	1.0	0.0	0.0
-tee	0.218024088413	0.411090645123	0.119602575752	0.251282690712
-min	0.0937763452814	0.0542221790967	0.00883184958014	0.843169626042
-ten	0.0366543244743	0.718541292454	0.0147287760341	0.230075607038
-teo	0.00338409475465	0.988155668359	0.00507614213198	0.00338409475465
-oya	0.329815647084	0.400338017148	0.114421677661	0.155424658106
-mes	0.0454545454546	0.893939393939	0.0	0.0606060606061
-aro	0.0795292660266	0.857417157015	0.0397646330133	0.0232889439455
-ari	0.122131713523	0.293428998568	0.0596357261434	0.524803561766
-ram	0.0	1.0	0.0	0.0
-mea	0.0	1.0	0.0	0.0
-mec	0.0	1.0	0.0	0.0
-meo	0.0357142857143	0.964285714286	0.0	0.0
-men	0.0173837461973	0.909604519774	0.0208604954368	0.0521512385919
-lud	0.327025715672	0.569141193595	0.00291120815138	0.100921882581
-jis	0.48674758484	0.149120634134	0.0	0.364131781026
-aya	0.19379827421	0.322916387792	0.0616066421931	0.421678695805
-ayo	0.0901834263341	0.399230882392	0.435219984184	0.0753657070895
-ero	0.0926258740481	0.790932346962	0.0097709067653	0.106670872224
-gio	0.0915032679738	0.908496732026	0.0	0.0
-xoo	0.30868495567	0.376131458014	0.237200018567	0.0779835677482
-exo	0.231642576731	0.712593683084	0.0144985724482	0.0412651677373
-xad	0.0	1.0	0.0	0.0
-exi	0.405423501841	0.397723468363	0.140609306997	0.0562437227988
-xah	0.235813366961	0.282471626734	0.215636822194	0.266078184111
-xai	0.18654822335	0.630710659898	0.182741116751	0.0
-exe	0.129548855199	0.238057931735	0.135301092572	0.497092120493
-xan	0.391851426099	0.41479750949	0.0701717962223	0.123179268189
-xao	0.097520200613	0.485743475434	0.0111451657843	0.405591158168
-ota	0.236133729284	0.695852093112	0.0478973081712	0.020116869432
-isí	0.645809252059	0.100450235626	0.0371020022148	0.2166385101
-ote	0.0683811632462	0.804649578472	0.1213488887	0.00562036958188
-oan	0.100010417454	0.0737247289721	0.243664380618	0.582600472956
-oti	0.283557540534	0.46985203914	0.0571287482999	0.189461672026
-oto	0.040924235692	0.915799561047	0.036220300555	0.00705590270551
-nho	0.637183824714	0.222329627839	0.101498308362	0.0389882390849
-eví	0.0	1.0	0.0	0.0
-ábo	0.307263621122	0.431547738668	0.115468989246	0.145719650965
-umi	0.0430107526882	0.827956989247	0.0860215053763	0.0430107526882
-nah	0.382163393605	0.276213269157	0.0801941312097	0.261429206028
-nai	0.401645312619	0.305808461315	0.0524408163173	0.240105409749
-nan	0.23475399104	0.345549671902	0.0600610679695	0.359635269089
-nax	0.352954743496	0.237473688704	0.0797662842825	0.329805283518
-sih	0.423553790364	0.327439129684	0.119910205491	0.12909687446
-sio	0.1	0.9	0.0	0.0
-sin	0.413611038792	0.433048685238	0.0581359021088	0.095204373861
-nas	0.0534611232225	0.885777545005	0.0115033589279	0.049257972845
-sia	0.0758313677821	0.884079437785	0.00289801405537	0.0371911803772
-mos	0.0339805825243	0.958737864078	0.00728155339807	0.0
-gon	0.103448275862	0.758620689655	0.0344827586207	0.103448275862
-gog	0.0484261501211	0.951573849879	0.0	0.0
-mox	0.0288902476307	0.752827881382	0.218281870987	0.0
-hrí	0.490578734859	0.411843876178	0.0381336922387	0.059443696725
-aáh	0.527093596059	0.100492610837	0.0118226600985	0.360591133005
-moa	0.373998003569	0.054901842161	0.119180858465	0.451919295804
-mon	0.0121777184035	0.972011714426	0.00107450456502	0.0147360626059
-bex	0.482596793117	0.517403206883	0.0	0.0
-con	0.0913605665854	0.490046381687	0.369116283765	0.0494767679631
-ber	0.0	1.0	0.0	0.0
-ího	0.170616113744	0.345971563981	0.42654028436	0.0568720379147
-axa	0.264931610259	0.435537502022	0.14333986376	0.156191023959
-bet	0.0	0.959505061867	0.0	0.0404949381327
-íhi	0.434143871394	0.23751892203	0.0985011619726	0.229836044603
-eon	0.0248205541021	0.965720802308	0.00442745019119	0.00503119339907
-ben	0.116558741906	0.803885291397	0.0203515263645	0.059204440333
-cox	0.462304731718	0.469775865972	0.0	0.0679194023093
-bel	0.0108559498956	0.981002087683	0.0	0.0081419624217
-yan	0.0119521912351	0.633466135458	0.0239043824701	0.330677290837
-cos	0.0133444537114	0.986655546289	0.0	0.0
-cor	0.0	1.0	0.0	0.0
-iso	0.215938303342	0.622107969152	0.161953727506	0.0
-ren	0.593834445486	0.2762918436	0.0694865714443	0.0603871394695
-reo	0.0	1.0	0.0	0.0
-isi	0.508095480454	0.113951938181	0.0116401174409	0.366312463924
-ish	0.376909975517	0.169502577449	0.0772971048455	0.376290342189
-ise	0.531956257594	0.309842041312	0.0300121506683	0.128189550425
-rea	0.00918273645546	0.988980716253	0.0	0.00183654729109
-isa	0.0436363636364	0.869090909091	0.0327272727273	0.0545454545454
-eve	0.0966105788584	0.181225344175	0.0869495209725	0.635214555994
-eva	0.0387931034483	0.948275862069	0.0129310344828	0.0
-res	0.0587898925964	0.103398624115	0.0287556168717	0.809055866417
-rso	0.00843881856539	0.991561181435	0.0	0.0
-ret	0.0204726780069	0.972301670932	0.0	0.00722565106126
-dia	0.0228281547242	0.935320228282	0.0152187698161	0.0266328471782
-naí	0.03	0.97	0.0	0.0
-hah	0.347595678872	0.1971078054	0.0539736716025	0.401322844125
-hai	0.277107486736	0.515818431912	0.118883867164	0.0881902141874
-mas	0.0215093738382	0.968930904456	0.00318657390196	0.00637314780392
-ena	0.173406850701	0.661760878812	0.0717667047462	0.0930655657406
-ham	0.0341674609457	0.959774478603	0.00581573803331	0.000242322418055
-han	0.165952364667	0.135492684519	0.0590766850794	0.639478265734
-mai	0.0687774423436	0.435307164481	0.0107893821488	0.485126011027
-mah	0.213254035684	0.486952300036	0.191770845976	0.108022818303
-mam	0.0	1.0	0.0	0.0
-man	0.0598148196008	0.197591503251	0.0206671628323	0.721926514316
-hax	0.308854102653	0.213160730319	0.0819556275266	0.396029539502
-mae	0.31512605042	0.478991596639	0.142857142857	0.0630252100841
-hih	0.338366818881	0.0755721690692	0.025840718222	0.560220293827
-pta	0.0	1.0	0.0	0.0
-pto	0.0584695175653	0.859330658577	0.0719248458753	0.0102749779822
-tra	0.0	0.998697068404	0.0	0.00130293159609
-asá	0.415094339623	0.188679245283	0.254716981132	0.141509433962
-ada	0.0	0.980211081794	0.0	0.0197889182058
-ado	0.231837807396	0.621738314248	0.0	0.146423878356
-tro	0.0617216117216	0.296336996337	0.0142857142857	0.627655677656
-quí	0.827586206897	0.103448275862	0.0689655172414	0.0
-oco	0.268214755251	0.574976304767	0.0361543400495	0.120654599933
-adi	0.0	1.0	0.0	0.0
-gau	0.0	1.0	0.0	0.0
-gar	0.0	0.990740740741	0.00925925925926	0.0
-sni	0.416284712861	0.341062280938	0.0323537341601	0.210299272041
-lan	0.0	1.0	0.0	0.0
-seo	0.0334526950622	0.94204673954	0.0226159065209	0.00188465887674
-xoó	0.743578947368	0.256421052632	0.0	0.0
-lao	0.264	0.736	0.0	0.0
-ino	0.0698287220027	0.909237300542	0.0125896647636	0.00834431269214
-ina	0.191119197589	0.559563438965	0.0946933846806	0.154623978765
-uis	0.0	1.0	0.0	0.0
-sea	0.0357142857143	0.964285714286	0.0	0.0
-uim	0.0	1.0	0.0	0.0
-oha	0.302731516553	0.484045991964	0.0666320285883	0.146590462894
-uin	0.339965307354	0.186716810031	0.048952262811	0.424365619803
-oho	0.100038221273	0.459491096197	0.00624850591479	0.434222176615
-ses	0.09011593567	0.86305415394	0.00632836626896	0.0405015441214
-ohi	0.372867531793	0.382600572586	0.120121072117	0.124410823505
-hsa	0.0	0.964667708208	0.0353322917918	0.0
-blo	0.0487909610585	0.811787123266	0.00273744666005	0.136684469016
-eda	0.0	0.563258232236	0.436741767764	0.0
-nex	0.636363636364	0.276679841897	0.0869565217391	0.0
-ian	0.111350780987	0.281016430795	0.0141227169858	0.593510071233
-bla	0.18	0.78	0.04	0.0
-nes	0.0144144144144	0.855855855856	0.0	0.12972972973
-oon	0.429643527204	0.570356472796	0.0	0.0
-nen	0.102146537186	0.802642897191	0.023981349883	0.0712292157395
-neo	0.030303030303	0.666666666667	0.175757575757	0.127272727273
-fos	0.0	1.0	0.0	0.0
-bed	0.11214953271	0.88785046729	0.0	0.0
-ias	0.0200425144245	0.905860917097	0.0218645611904	0.0522320072882
-ooz	0.0550458715596	0.94495412844	0.0	0.0
-aon	0.357497517378	0.523336643495	0.0	0.119165839126
-nea	0.0752904067711	0.058545662929	0.00528151159367	0.860882418706
-ban	0.164100797286	0.732615314327	0.0387969936075	0.06448689478
-hoa	0.194852774888	0.140802388168	0.00298520964313	0.661359627301
-hoh	0.0705009114236	0.764655997692	0.058436023308	0.106407067576
-hoi	0.144772117962	0.804959785523	0.0180965147453	0.0321715817694
-hon	0.255277849373	0.491707893698	0.056407062374	0.196607194554
-jon	0.194672131147	0.768442622951	0.0368852459016	0.0
-joi	0.0745728478341	0.315850543601	0.0204382772674	0.589138331298
-bax	0.720160600492	0.157363106907	0.0244952585201	0.0979810340806
-hox	0.660162601626	0.273170731707	0.0276422764227	0.0390243902439
-íma	0.197492163009	0.144200626959	0.394984326019	0.263322884013
-bas	0.00293901542983	0.976487876561	0.00881704628948	0.0117560617193
-nya	0.232793651634	0.396734797689	0.0545043873211	0.315967163356
-que	0.0762597281357	0.300902790726	0.00917020759888	0.61366727354
-asa	0.243605544284	0.365277135085	0.123808866734	0.267308453897
-qui	0.394151101743	0.215053543633	0.0566253180584	0.334170036565
-gaí	0.0	1.0	0.0	0.0
-asi	0.0994517582148	0.382616894228	0.259384712086	0.258546635472
-eli	0.00561377245509	0.986526946108	0.00673652694611	0.00112275449102
-lta	0.0	0.935483870968	0.0	0.0645161290323
-zor	0.0	1.0	0.0	0.0
-sní	0.384057971015	0.442028985507	0.152173913043	0.0217391304348
-iní	0.183297180043	0.530368763557	0.162689804772	0.123644251627
-rax	0.316141190702	0.36090222791	0.0534388587909	0.269517722597
-iná	0.361630695444	0.529976019185	0.0767386091127	0.031654676259
-ras	0.101351351351	0.801801801802	0.045045045045	0.0518018018018
-ran	0.231963681959	0.431657326208	0.0361371667369	0.300241825097
-eri	0.199563000728	0.424617625637	0.194464675892	0.181354697742
-xoa	0.709116640978	0.137067617045	0.153815741977	0.0
-uía	0.0	0.993302637087	0.0	0.00669736291335
-ohá	0.865657521287	0.0586565752129	0.0756859035005	0.0
-rah	0.220547523839	0.103583512765	0.0522916025838	0.623577360812
-rai	0.15317044692	0.427630476567	0.161895345795	0.257303730717
-uío	0.0	0.904761904762	0.0952380952381	0.0
-xon	0.357496001356	0.227144437237	0.0499504073546	0.365409154053
-rac	0.0	1.0	0.0	0.0
-aho	0.144570992545	0.271010261872	0.217465315597	0.366953429986
-pos	0.0	1.0	0.0	0.0
-pon	0.155951545942	0.444518211716	0.14614205495	0.253388187392
-poo	0.246496707749	0.672463278744	0.0	0.0810400135067
-aza	0.139534883721	0.767441860465	0.046511627907	0.046511627907
-áti	0.441666666667	0.341666666667	0.075	0.141666666667
-nox	0.118874736948	0.451444819553	0.246124899413	0.183555544086
-aha	0.3851250396	0.291439024902	0.0731720306916	0.250263904807
-aax	0.356402212408	0.284231989498	0.0948842042148	0.26448159388
-lac	0.269430051814	0.730569948186	0.0	0.0
-aat	0.0	1.0	0.0	0.0
-nor	0.0	1.0	0.0	0.0
-nos	0.0	1.0	0.0	0.0
-aam	0.0512820512821	0.91452991453	0.034188034188	0.0
-aan	0.136954630799	0.496627962195	0.0524554344707	0.313961972535
-aai	0.173672566372	0.502765486726	0.235066371681	0.0884955752212
-aah	0.161858635158	0.102929641296	0.0171819166552	0.71802980689
-non	0.309747789732	0.159435717053	0.0344873650969	0.496329128118
-las	0.0	1.0	0.0	0.0
-nio	0.11320754717	0.859045504994	0.0266370699223	0.00110987791343
-noa	0.128402070463	0.637836032727	0.0601102020371	0.173651694774
-icó	0.0	1.0	0.0	0.0
-noc	0.0	1.0	0.0	0.0
-aac	0.0185185185185	0.981481481481	0.0	0.0
-ahi	0.435655324395	0.25530126199	0.0880966712119	0.220946742403
-dor	0.0202788339671	0.936628643853	0.00253485424588	0.0405576679341
-dos	0.174022698613	0.15132408575	0.015132408575	0.659520807062
-bon	0.108331587934	0.657256262799	0.0400865846302	0.194325564637
-boo	0.0254821588485	0.959993010608	0.00840911242001	0.00611571812364
-boi	0.121446055357	0.759932216155	0.107324421013	0.0112973074751
-ahe	0.0310212998362	0.906280720917	0.0128891316221	0.0498088476243
-cel	0.143790849673	0.816993464052	0.0	0.0392156862745
-don	0.00478102887741	0.98011091987	0.000956205775483	0.0141518454771
-dom	0.166666666667	0.791666666667	0.0416666666667	0.0
-sas	0.0	1.0	0.0	0.0
-ión	0.0609137055837	0.89847715736	0.0	0.0406091370558
-vos	0.0125786163522	0.987421383648	0.0	0.0
-sau	0.422535211268	0.535211267606	0.0	0.0422535211267
-toa	0.307531380753	0.504184100418	0.0	0.188284518828
-ton	0.128012912916	0.220976173818	0.026808185503	0.624202727763
-sax	0.405271632178	0.435625260898	0.0946190390998	0.0644840678236
-mpa	0.135638297872	0.856382978723	0.00265957446808	0.00531914893617
-ges	0.030303030303	0.939393939394	0.030303030303	0.0
-ibo	0.2089818583	0.447741938607	0.0738470624657	0.269429140627
-ibi	0.0560549828716	0.177996350893	0.0409816008986	0.724967065337
-olo	0.0	1.0	0.0	0.0
-sai	0.422705275682	0.352979832551	0.075538170431	0.148776721336
-sah	0.415613832631	0.286789846461	0.119819305794	0.177777015114
-san	0.157299434829	0.357387686292	0.063727697162	0.421585181717
-sam	0.0	1.0	0.0	0.0
-lon	0.0240384615385	0.937810173697	0.00806451612903	0.0300868486353
-oro	0.0688174551365	0.674511456737	0.169290653612	0.0873804345147
-iel	0.0	0.995702005731	0.0	0.00429799426934
-ien	0.0159782501957	0.0722167569008	0.0704886652868	0.841316327617
-eyó	0.684210526316	0.0485829959514	0.145748987854	0.121457489879
-loe	0.0	0.917808219178	0.0821917808219	0.0
-roz	0.275229357798	0.366972477064	0.357798165138	0.0
-oce	0.0104852802796	0.0455706412153	0.00846888022583	0.935475198279
-iez	0.00940831587791	0.176495645509	0.027671517288	0.786424521325
-oca	0.151598930974	0.654870518846	0.0133628237029	0.180167726477
-roa	0.262094880225	0.433536871771	0.050728041334	0.25364020667
-rom	0.0	1.0	0.0	0.0
-lot	0.0	1.0	0.0	0.0
-los	0.013698630137	0.972602739726	0.0	0.013698630137
-ipi	0.331819280546	0.27034042134	0.166167642031	0.231672656083
-ipo	0.151637453875	0.788399446495	0.00645756457564	0.0535055350553
-mpo	0.0	1.0	0.0	0.0
-ipa	0.0	1.0	0.0	0.0
-ipe	0.00412654745529	0.96939477304	0.00206327372765	0.0244154057772
-rdo	0.0	0.748575675006	0.157295021055	0.0941293039385
-ahá	0.318885448916	0.178878568971	0.144478844169	0.357757137943
-pbo	0.0896860986547	0.865470852018	0.0	0.0448430493274
-mpe	0.269452449568	0.360230547551	0.259365994236	0.110951008646
-saú	0.0	1.0	0.0	0.0
-sto	0.0256376060747	0.909984323139	0.00373900662045	0.0606390641662
-sti	0.0602761237844	0.0667049081307	0.0708648287961	0.802154139289
-ste	0.282970550576	0.432138284251	0.208066581306	0.0768245838669
-sta	0.0532072382323	0.852970085418	0.0312983754308	0.0625243009185
-saí	0.126582278481	0.873417721519	0.0	0.0
-ain	0.316223104174	0.31886612621	0.0304113062688	0.334499463347
-loé	0.0401337792642	0.859531772575	0.0	0.100334448161
-cua	0.0187994722955	0.902044854881	0.0	0.0791556728232
-eyo	0.492462311558	0.346733668342	0.130653266332	0.0301507537688
-eya	0.578652619206	0.236341763897	0.0781728486372	0.10683276826
-hya	0.423580786026	0.427947598253	0.122270742358	0.0262008733624
-tos	0.066234117329	0.0545192394342	0.0346940614581	0.844552581779
-lel	0.0	1.0	0.0	0.0
-ion	0.108519269777	0.796805273834	0.0268762677485	0.067799188641
-len	0.00496091602644	0.981765281633	0.000402236434576	0.0128715659064
-lea	0.00392255468946	0.979834045763	0.0051797837566	0.0110636157908
-leg	0.0	1.0	0.0	0.0
-hri	0.267115697875	0.258400512335	0.0706480097861	0.403835780004
-hro	0.422107997167	0.37446646203	0.0584848429809	0.144940697822
-hra	0.302378255946	0.0917327293319	0.0475651189127	0.55832389581
-oin	0.229789929315	0.3204805743	0.140397715152	0.309331781233
-les	0.224108658744	0.6740237691	0.0509337860781	0.0509337860781
-eem	0.0	1.0	0.0	0.0
-rra	0.0140754958414	0.9628918746	0.0153550863724	0.00767754318618
-een	0.0440827787242	0.0476551672233	0.0127794074396	0.895482646613
-eee	0.532751091703	0.192139737991	0.117903930131	0.157205240175
-ndi	0.364864864865	0.493243243243	0.0608108108108	0.0810810810811
-udá	0.0900900900901	0.891891891892	0.0	0.018018018018
-exá	0.737523105361	0.107208872458	0.110905730129	0.0443622920517
-ndo	0.0	1.0	0.0	0.0
-gia	0.0	0.946411929171	0.0535880708294	0.0
-ala	0.0564705882353	0.943529411765	0.0	0.0
-huí	0.204379562044	0.727493917275	0.0583941605839	0.00973236009735
-hué	0.204460966543	0.594795539033	0.14126394052	0.0594795539033
-huá	0.512705530643	0.427503736921	0.0597907324365	0.0
-yon	0.0648689421082	0.906845181972	0.0226287007354	0.00565717518385
-abé	0.00461183704842	0.992313604919	0.00307455803228	0.0
-chi	0.306324025728	0.381961024896	0.0260207574541	0.285694191922
-cho	0.117183798052	0.271143570661	0.0682762840535	0.543396347233
-cha	0.0827234918197	0.287396930746	0.392041387106	0.237838190329
-pen	0.121212121212	0.878787878788	0.0	0.0
-loi	0.0	0.986301369863	0.013698630137	0.0
-che	0.0199717571112	0.0663707887835	0.892071817632	0.0215856364737
-oré	0.0	0.900662251656	0.0	0.0993377483444
-elo	0.231213872832	0.699421965318	0.0693641618497	0.0
-ogo	0.0	1.0	0.0	0.0
-ela	0.134901418194	0.757869249395	0.0968523002421	0.0103770321688
-iya	0.328778283964	0.261562957732	0.074332310006	0.335326448298
-sya	0.304904051173	0.605543710021	0.0255863539446	0.0639658848614
-ito	0.0159921170171	0.949115991309	0.021807432296	0.0130844593776
-esi	0.341035401456	0.33326068413	0.168285616585	0.157418297829
-tes	0.0169388989716	0.935874168179	0.0399274047187	0.00725952813066
-xni	0.0	0.979532163743	0.0	0.0204678362573
-iti	0.252132087864	0.55966879762	0.0436340063893	0.144565108127
-xne	0.0122578410211	0.942574679564	0.0	0.0451674794148
-esa	0.139198618804	0.577728220991	0.226962089058	0.0561110711459
-ite	0.0	1.0	0.0	0.0
-ita	0.149627337927	0.850372662073	0.0	0.0
-spe	0.0683111954459	0.823529411765	0.0910815939279	0.0170777988615
-fté	0.0	1.0	0.0	0.0
-fan	0.0	1.0	0.0	0.0
-spo	0.0	1.0	0.0	0.0
-fas	0.0140664961637	0.959079283887	0.00767263427111	0.0191815856777
-bra	0.08356545961	0.869080779944	0.033426183844	0.0139275766017
-uda	0.0789473684211	0.657894736842	0.0	0.263157894737
-fat	0.0	1.0	0.0	0.0
-alé	0.0	1.0	0.0	0.0
-hum	0.0	1.0	0.0	0.0
-hui	0.48721953033	0.279130372	0.00971713794387	0.223932959726
-hue	0.438291366252	0.303596345299	0.0745067030514	0.183605585397
-hua	0.162796491053	0.133146210709	0.035987419727	0.668069878511
-abe	0.0950714637483	0.0844118896174	0.0875799181101	0.732936728524
-aba	0.0476735510392	0.73498486441	0.116693468215	0.100648116336
-nja	0.500530597807	0.136894234171	0.0565970993986	0.305978068624
-abo	0.149299006646	0.490636608136	0.117278391966	0.242785993251
-ron	0.0489697268443	0.897349305246	0.0109626955563	0.0427182723536
-nco	0.278948184178	0.332550661823	0.0685297855732	0.319971368426
-chí	0.257053291536	0.639498432602	0.0376175548589	0.0658307210031
-ñor	0.105740181269	0.894259818731	0.0	0.0
-chá	0.165898617511	0.645161290323	0.188940092166	0.0
-nca	0.154241445089	0.229882820103	0.244806062729	0.371069672078
-aen	0.0416666666667	0.875	0.0833333333333	0.0
-son	0.241417633984	0.664114596197	0.0580390219807	0.036428747839
-soh	0.177614293221	0.668418286915	0.0604308985812	0.0935365212822
-elí	0.0181818181818	0.951515151515	0.0181818181818	0.0121212121212
-uai	0.0974543515988	0.69510893646	0.00596015341352	0.201476558528
-ora	0.0580594396658	0.762351762326	0.0336499951724	0.145938802836
-soa	0.0909681963483	0.188275451048	0.0234599339004	0.697296418703
-ris	0.0	0.964071856287	0.0	0.0359281437126
-lix	0.00682593856657	0.928327645051	0.0511945392491	0.0136518771331
-jee	0.225225225225	0.720720720721	0.0540540540541	0.0
-rut	0.115384615385	0.884615384615	0.0	0.0
-lis	0.0436408977556	0.795303408146	0.00311720698254	0.157938487115
-ico	0.0249036744667	0.884879240673	0.00563856780376	0.0845785170567
-sbo	0.187448231721	0.641750960066	0.126393037323	0.0444077708893
-lin	0.0	1.0	0.0	0.0
-lio	0.0234375	0.96875	0.0	0.00781249999999
-omo	0.0	0.706447187929	0.285322359396	0.0082304526749
-éya	0.268456375839	0.718120805369	0.0	0.0134228187919
-sué	0.0932642487047	0.875647668394	0.0	0.0310880829016
-sbi	0.243756243756	0.69030969031	0.0659340659341	0.0
-oma	0.16647164618	0.306403267829	0.198299765784	0.328825320208
-lia	0.0	1.0	0.0	0.0
-ica	0.201801868036	0.642268461607	0.0637754814134	0.0921541889437
-eas	0.03515625	0.859375	0.01171875	0.09375
-abi	0.170262180228	0.249397419849	0.0487728989508	0.531567500972
-ode	0.0357142857143	0.964285714286	0.0	0.0
-rna	0.0	1.0	0.0	0.0
-rno	0.455621301775	0.349112426035	0.0710059171598	0.12426035503
-rni	0.0	1.0	0.0	0.0
-ean	0.0919021366659	0.0977509992135	0.00572989592409	0.804616968196
-zer	0.0	1.0	0.0	0.0
-eho	0.370615762406	0.407218644303	0.068572487606	0.153593105685
-hno	0.853333333333	0.0933333333333	0.0	0.0533333333333
-ihá	0.52466367713	0.199551569507	0.181614349776	0.0941704035875
-hni	0.316330832509	0.285194901571	0.061462890742	0.337011375177
-ehi	0.389345753421	0.411179733372	0.0769401693798	0.122534343827
-rge	0.0	0.993288590604	0.0	0.00671140939597
-hna	0.0762214523086	0.0628579509298	0.76475995192	0.096160644842
-eha	0.0913758158217	0.262492168429	0.143840580985	0.502291434765
-jno	0.285714285714	0.214285714286	0.0	0.5
-nná	0.176795580111	0.756906077348	0.0	0.0662983425414
-zen	0.0	1.0	0.0	0.0
-ara	0.212828063317	0.71503336891	0.0358764000155	0.0362621677576
-pah	0.155629196007	0.118122873881	0.0950180638628	0.63122986625
-pai	0.116758465176	0.374342088998	0.401909617179	0.106989828647
-apa	0.0725077330722	0.643075549153	0.0296626313338	0.254754086441
-pal	0.0	0.591549295775	0.0845070422536	0.323943661972
-pan	0.0660686775137	0.482794901416	0.0131017755233	0.438034645547
-api	0.0759088781401	0.0437665782493	0.0673271961304	0.81299734748
-apo	0.091200029223	0.669977250727	0.0810666926426	0.157756027407
-ave	0.0253699788584	0.746300211416	0.228329809725	0.0
-pax	0.191714278014	0.596527515766	0.0679135449792	0.143844661241
-nce	0.00654307524536	0.491821155943	0.00654307524536	0.495092693566
-pas	0.117782909931	0.84064665127	0.0415704387991	0.0
-sen	0.0593837784416	0.763853825028	0.00988040134835	0.166881995182
-nue	0.382978723404	0.0425531914894	0.0425531914894	0.531914893617
-sus	0.0195829393046	0.642209275839	0.00171416869721	0.33649361616
-ael	0.139626030865	0.7583081571	0.0236792683923	0.0783865436434
-omé	0.0	1.0	0.0	0.0
-fes	0.213836477987	0.710691823899	0.0754716981132	0.0
-din	0.0238095238095	0.97619047619	0.0	0.0
-dio	0.102578210973	0.761174867683	0.100613111146	0.0356338101975
-aña	0.498806682578	0.3723150358	0.0572792362769	0.0715990453461
-ori	0.252405931188	0.249432076329	0.089628681178	0.408533311305
-dis	0.0	1.0	0.0	0.0
-lem	0.0	1.0	0.0	0.0
-sli	0.0	1.0	0.0	0.0
-xca	0.552219321149	0.353133159269	0.0424281984334	0.0522193211488
-hní	0.548320767649	0.396161754627	0.0287868403016	0.0267306374229
-iha	0.27759111365	0.209271807487	0.117785515797	0.395351563065
-eis	0.0391075457508	0.0586613186263	0.238656304838	0.663574830785
-ihi	0.35648268242	0.218213574983	0.0617241037488	0.363579638848
-iho	0.16337436389	0.423335406957	0.175918088459	0.237372140694
-nni	0.621260240789	0.212918022951	0.0445121208446	0.121309615416
-one	0.249662081578	0.536693965175	0.213643953248	0.0
-nno	0.0550458715597	0.94495412844	0.0	0.0
-afa	0.00899100899103	0.88961038961	0.0984015984016	0.002997002997
-chó	0.376237623763	0.524752475247	0.039603960396	0.0594059405941
-ais	0.784618977193	0.192029267533	0.0233517552736	0.0
-mei	0.0	1.0	0.0	0.0
-nga	0.179018789144	0.557933194154	0.0438413361169	0.219206680585
-ini	0.323079312098	0.259535070277	0.100928256577	0.316457361048
-tin	0.191242790063	0.694531924443	0.0153514620595	0.0988738234339
-tio	0.245901639344	0.644808743169	0.0437158469945	0.0655737704918
-tih	0.339767187345	0.23042483335	0.356183464332	0.0736245149737
-rce	0.0	0.103813559322	0.00635593220338	0.889830508475
-hme	0.417508417508	0.242424242424	0.158249158249	0.181818181818
-htí	0.4375	0.0669642857143	0.455357142857	0.0401785714286
-ema	0.134761428912	0.540702593627	0.0229210049577	0.301614972504
-hma	0.195913529932	0.209544164557	0.11061648756	0.483925817951
-emo	0.0835440477394	0.894507939719	0.0219480125417	0.0
-hsi	0.131797220996	0.0849034349461	0.0218393778441	0.761459966214
-osé	0.0147516800525	0.981642353713	0.0	0.00360596623504
-jaa	0.0834377845795	0.00979685406883	0.00145482749739	0.905310533854
-jan	0.17132746813	0.0168224471921	0.00144800811274	0.810402076565
-oni	0.105325179242	0.419929099378	0.0466963911658	0.428049330214
-jah	0.590226764612	0.145320983711	0.011497923986	0.252954327691
-jai	0.191066749583	0.0403217394958	0.00307335801526	0.765538152906
-set	0.0	1.0	0.0	0.0
-cio	0.0221940393152	0.914394419784	0.0570703868105	0.00634115409005
-ana	0.201425818838	0.671337543012	0.0454148722899	0.0818217658605
-cia	0.0616462511462	0.917475842287	0.0149530952437	0.00592481132297
-xto	0.256304824561	0.743695175439	0.0	0.0
-zar	0.0	1.0	0.0	0.0
-xti	0.176923964843	0.514648022031	0.189766337417	0.118661675709
-shá	0.734866828087	0.161622276029	0.0	0.103510895884
-per	0.129490392648	0.803675856308	0.0501253132832	0.0167084377611
-eta	0.103153842894	0.865808717652	0.0310374394547	0.0
-xma	0.356819355567	0.339993865271	0.168019894568	0.135166884595
-ete	0.0633034280196	0.463930586401	0.0344780701739	0.438287915405
-eti	0.365053887011	0.337355219981	0.0757181510949	0.221872741913
-eto	0.0	0.98309144709	0.00845427645486	0.00845427645486
-rco	0.008	0.992	0.0	0.0
-hco	0.236904200094	0.361963190184	0.337423312883	0.0637092968381
-oxa	0.127066950874	0.679213868762	0.117443366937	0.0762758134277
-lim	0.0	1.0	0.0	0.0
-uya	0.063829787234	0.936170212766	0.0	0.0
-ías	0.0153372132831	0.970558028073	0.00232796987333	0.011776788771
-oxo	0.0433369578252	0.511943519095	0.439141937088	0.00557758599181
-omi	0.606896551724	0.268965517241	0.0827586206897	0.0413793103448
-hca	0.134222800564	0.112990125792	0.126208042909	0.626579030735
-ebú	0.0835266821346	0.916473317865	0.0	0.0
-ría	0.00197173841603	0.937397305291	0.0226749917844	0.0379559645087
-ían	0.106261859582	0.80265654649	0.0284629981025	0.0626185958254
-amá	0.177560256815	0.540627302389	0.189716871908	0.0920955688875
-ato	0.0516528597622	0.0439771709673	0.00202693753257	0.902343031738
-ati	0.328239441333	0.425681605415	0.0899846305577	0.156094322694
-ose	0.858369098712	0.141630901288	0.0	0.0
-eso	0.00424628450105	0.987261146497	0.00636942675159	0.00212314225053
-osa	0.0	1.0	0.0	0.0
-ulo	0.033118675253	0.950321987121	0.0066237350506	0.00993560257588
-hti	0.173927273557	0.133177399981	0.125829394752	0.56706593171
-sda	0.0	1.0	0.0	0.0
-hte	0.572744328842	0.100119392802	0.12050144977	0.206634828586
-osi	0.095952547104	0.0802512212142	0.700279134683	0.123517096999
-hta	0.198860462518	0.486426097643	0.207015975869	0.107697463971
-ace	0.0368098159509	0.926380368098	0.0368098159509	0.0
-nia	0.0236861584012	0.965547405962	0.00471031559114	0.00605612004576
-aca	0.179437264049	0.622972475023	0.0635111552982	0.134079105629
-jaá	0.448331193838	0.182926829268	0.182926829268	0.185815147625
-aco	0.102520179605	0.408186041683	0.0711671727789	0.418126605933
-nih	0.408024792637	0.337847792417	0.0974846020346	0.156642812912
-jaí	0.475319926874	0.18647166362	0.0	0.338208409506
-nin	0.0510138467461	0.252107694082	0.0134668828754	0.683411576296
-ice	0.014055636896	0.928550512445	0.0573938506589	0.0
-nbo	0.110351299	0.647702624527	0.0892053537145	0.152740722758
-nbi	0.170200006143	0.233094389753	0.0615329156628	0.535172688441
-aja	0.46683290067	0.248462904768	0.107938242929	0.176765951633
-shi	0.0844256095624	0.576773910238	0.168320377652	0.170480102548
-sho	0.32967032967	0.0659340659341	0.604395604396	0.0
-sha	0.113254203143	0.196212035376	0.160791459617	0.529742301864
-fia	0.0158982511924	0.984101748808	0.0	0.0
-vin	0.0	0.98773006135	0.0	0.0122699386503
-lda	0.0178571428571	0.714285714286	0.267857142857	0.0
-ata	0.0509178614498	0.821787484926	0.0951360042878	0.0321586493367
-vid	0.011760513186	0.976478973628	0.00213827512473	0.0096222380613
-oja	0.550946210497	0.248158851496	0.098816071595	0.102078866412
-ila	0.0	0.995708154506	0.00429184549356	0.0
-ilo	0.0267976775346	0.787851719518	0.0960250111657	0.089325591782
-xbo	0.043321299639	0.537906137184	0.418772563177	0.0
-oli	0.0344827586207	0.965517241379	0.0	0.0
-ebi	0.127715067375	0.279038647467	0.08815271626	0.505093568898
-oam	0.0	1.0	0.0	0.0
-ebo	0.126636385852	0.65505829972	0.074564734587	0.143740579841
-igo	0.0483354754166	0.904034676545	0.0	0.0476298480381
-ebe	0.04	0.96	0.0	0.0
-hcá	0.26710608914	0.132140615191	0.0941619585687	0.5065913371
-ami	0.296007769122	0.611522790128	0.026600798024	0.065868642726
-amo	0.0	1.0	0.0	0.0
-ama	0.226034990903	0.462754763189	0.111738011222	0.199472234686
-ame	0.0390104180182	0.777441672814	0.0278522274986	0.155695681669
-hpó	0.728260869565	0.271739130435	0.0	0.0
-hto	0.207650273224	0.109289617486	0.650273224044	0.0327868852459
-xpa	0.121448709607	0.837345478204	0.011927998265	0.0292778139232
-iro	0.0514754098361	0.910960187354	0.0290398126464	0.00852459016394
-iri	0.129455137869	0.19942598062	0.351250206532	0.319868674979
-hin	0.274848212152	0.353396964685	0.0746646300209	0.297090193142
-tsó	0.480349344978	0.109170305677	0.410480349345	0.0
-usa	0.0831408775981	0.916859122402	0.0	0.0
-ira	0.0411392405063	0.955696202532	0.00316455696203	0.0
-sca	0.0489830266329	0.0176331274313	0.00251499572365	0.930868850212
-agé	0.19298245614	0.719298245614	0.0526315789474	0.0350877192982
-hir	0.276923076923	0.605128205128	0.0871794871794	0.0307692307692
-epe	0.319764327799	0.680235672201	0.0	0.0
-epa	0.0	1.0	0.0	0.0
-oní	0.573091967616	0.121258982989	0.0276665087815	0.277982540614
-epi	0.124278972208	0.508652333508	0.0849501835344	0.28211851075
-aná	0.0520310360567	0.884984025559	0.041077133729	0.0219078046554
-ros	0.0401957216224	0.884224998989	0.00509523231833	0.0704840470703
-aní	0.243510034904	0.223876527051	0.0681719022688	0.464441535777
-cea	0.0	1.0	0.0	0.0
-íbo	0.328217183933	0.320056963313	0.079341757273	0.272384095481
-obe	0.178754578755	0.724542124542	0.0439560439561	0.0527472527472
-pia	0.0	0.930434782609	0.0695652173913	0.0
-npa	0.025078369906	0.677115987461	0.169278996865	0.128526645768
-oas	0.0	1.0	0.0	0.0
-pih	0.609523809524	0.171428571429	0.0380952380952	0.180952380952
-scó	0.40625	0.125	0.0	0.46875
-pin	0.163265306122	0.714285714286	0.0408163265306	0.0816326530612
-pio	0.0	0.835164835165	0.0	0.164835164835
-scá	0.245398773006	0.519938650307	0.0368098159509	0.197852760736
-iud	0.0	1.0	0.0	0.0
-uex	0.492419366352	0.0728641172736	0.0271415098673	0.407575006507
-uez	0.305404273146	0.656891495601	0.0377042312526	0.0
-ues	0.451213107867	0.328221825439	0.117214578301	0.103350488394
-uem	0.0	1.0	0.0	0.0
-uel	0.0305594734368	0.951810061119	0.0105782792666	0.00705218617771
-ueo	0.0	0.927272727273	0.0727272727273	0.0
-uen	0.038426148218	0.0584879765844	0.00530073133923	0.897785143858
-axo	0.0616678346181	0.921513665032	0.0168185003504	0.0
-uee	0.103448275862	0.812260536399	0.0842911877394	0.0
-exa	0.145893768979	0.571649108521	0.0285001781261	0.253956944374
-uea	0.18076493579	0.760608598548	0.0293132328308	0.0293132328308
-ená	0.0612840466926	0.775291828794	0.0	0.163424124514
-axe	0.315217391304	0.527173913044	0.125	0.0326086956522
-irí	0.143061516452	0.778254649499	0.0691463996185	0.00953743443013
-iin	0.0643504604784	0.0679230432689	0.0202263148754	0.847500181377
-lco	0.0652173913043	0.934782608696	0.0	0.0
-hpa	0.22331152529	0.461464823709	0.157180250912	0.158043400089
-tsi	0.205512662659	0.473829282129	0.229628268464	0.0910297867483
-ago	0.0	0.996594778661	0.00340522133939	0.0
-tso	0.258430717863	0.667445742905	0.0500834724541	0.024040066778
-hpi	0.233958549809	0.316570397573	0.173350109661	0.276120942956
-tsa	0.0631764882881	0.228880594764	0.13268182992	0.575261087027
-hpo	0.362593516209	0.473815461347	0.069825436409	0.0937655860349
-ija	0.476180000489	0.249199481802	0.132604922881	0.142015594828
-rte	0.417508417508	0.582491582492	0.0	0.0
-aín	0.0	1.0	0.0	0.0
-rta	0.0	0.982142857143	0.0	0.0178571428571
-alí	0.0179640718563	0.982035928144	0.0	0.0
-ona	0.296386240844	0.552962188048	0.0708948569919	0.0797567141159
-ego	0.0719041278295	0.182423435419	0.745672436751	0.0
-ono	0.149895942772	0.491072045968	0.0184247096324	0.340607301628
-rto	0.04	0.96	0.0	0.0
-joa	0.0654134100396	0.781813251203	0.0319609495308	0.120812389226
-dam	0.0	1.0	0.0	0.0
-dan	0.00905868452146	0.975580937377	0.00630169358012	0.00905868452147
-axé	0.0337078651685	0.775280898876	0.191011235955	0.0
-ane	0.204714733006	0.696331441883	0.0072665875891	0.0916872375212
-ani	0.363347830669	0.2673535575	0.067604792995	0.301693818836
-ank	0.342875318066	0.421755725191	0.10941475827	0.125954198473
-dab	0.0	1.0	0.0	0.0
-ano	0.134804746392	0.0832578949494	0.0163489560898	0.765588402568
-tam	0.0	1.0	0.0	0.0
-tan	0.042735339792	0.0513704360238	0.0104220872838	0.8954721369
-tah	0.355405453135	0.0125649991307	0.00295101193995	0.629078535794
-tai	0.405382079453	0.279454416157	0.085657856386	0.229505648004
-ébo	0.0284360189573	0.772511848341	0.0	0.199052132701
-tax	0.376679937511	0.292658491556	0.088510447986	0.242151122947
-sco	0.0591691726049	0.368655963279	0.165458522666	0.40671634145
-tat	0.0	1.0	0.0	0.0
-tar	0.0	0.949880668258	0.0	0.0501193317421
-mia	0.0656852015981	0.0507652889319	0.00150109531221	0.882048414158
-mil	0.0572724695208	0.034590303374	0.00283527076836	0.905301956337
-pía	0.0	0.986502121095	0.0134978789047	0.0
-mis	0.372060736097	0.359240793424	0.0968742463222	0.171824224157
-eno	0.127737756347	0.178622262244	0.0419014698193	0.65173851159
-ueé	0.0	0.614754098361	0.286885245902	0.0983606557377
-eni	0.401018958454	0.323693773309	0.125906698016	0.149380570221
-ene	0.0890311215502	0.731814445097	0.0211685261304	0.157985907223
-oen	0.0199778024418	0.980022197558	0.0	0.0
-oem	0.0	1.0	0.0	0.0
