-დუკ	0.0	1.0	0.0	0.0
-დულ	0.838323353293	0.0259481037924	0.135728542914	0.0
-ბდე	0.728930507639	0.0827994085756	0.0620995564317	0.126170527353
-სლი	0.112920247249	0.850494999749	0.0189959294437	0.017588823559
-ბდა	0.666111982256	0.22483702682	0.0329593012156	0.0760916897085
-იბა	0.574009643608	0.221447594144	0.0663381931617	0.138204569087
-იბე	0.534937888199	0.465062111801	0.0	0.0
-იბთ	0.782208588957	0.171779141104	0.0460122699387	0.0
-იბი	0.559700160628	0.275388184901	0.164911654471	0.0
-იბო	0.673542816023	0.291916526745	0.0	0.034540657232
-ძიე	0.11186440678	0.806779661017	0.0	0.0813559322034
-ბონ	0.548277837273	0.409882200583	0.0209199810724	0.0209199810724
-ჴმა	0.867368421053	0.00631578947368	0.0757894736842	0.0505263157894
-ჴმო	0.325	0.525	0.15	0.0
-ჴმს	0.630293971101	0.319880418535	0.00298953662182	0.0468360737419
-ბოჲ	0.183673469388	0.69387755102	0.0816326530611	0.0408163265306
-ლწი	0.117391304348	0.613043478261	0.217391304348	0.0521739130435
-ბოს	0.290888511602	0.679683078664	0.0158460667799	0.0135823429542
-კობ	0.0	0.998584571833	0.00141542816702	0.0
-კოდ	0.0	1.0	0.0	0.0
-კოზ	0.0	1.0	0.0	0.0
-ეულ	0.327730788955	0.336044319569	0.270597837471	0.0656270540055
-ეუნ	0.404494382022	0.0898876404494	0.0	0.505617977528
-ოოს	0.772961380264	0.152536318024	0.0248341005707	0.0496682011414
-ოონ	0.730318257957	0.155778894472	0.0670016750418	0.0469011725293
-კოჲ	0.125	0.25	0.625	0.0
-ჳის	0.603648424544	0.195135433941	0.0928689883914	0.108347153123
-ოოთ	0.766825881918	0.105369804429	0.0097952211194	0.118009092534
-კოს	0.328914247357	0.51730766297	0.0448519428214	0.108926146852
-დრი	0.054261462734	0.857834967637	0.0130227510562	0.0748808185729
-ჱლი	0.566037735849	0.38679245283	0.0	0.0471698113208
-მეთ	0.671852899576	0.22630834512	0.016973125884	0.0848656294201
-მეა	0.44850873103	0.244589167807	0.0505361950456	0.256365906117
-მებ	0.359749303621	0.400417827298	0.0877437325905	0.15208913649
-მედ	0.222357382613	0.030876004472	0.0126800082269	0.734086604688
-მენ	0.177757368303	0.25475845477	0.0651312713857	0.502352905541
-მელ	0.151629248363	0.138491117742	0.050269371733	0.659610262162
-მეს	0.681465885708	0.216411056518	0.0365377666456	0.0655852911289
-მეტ	0.00901916572717	0.233370913191	0.0338218714769	0.723788049605
-მეც	0.724990024597	0.073465597249	0.00213651284262	0.199407865311
-ოფთ	0.65914457953	0.131840959645	0.025680957644	0.183333503181
-ჩნი	0.263157894737	0.456140350877	0.280701754386	0.0
-რცი	0.0180586907449	0.968397291196	0.0	0.0135440180587
-რცა	0.154646290531	0.0234946913063	0.00299116681744	0.818867851345
-ყუა	0.537572254335	0.202312138728	0.156069364162	0.104046242775
-ლედ	0.125979843225	0.674972004479	0.0195968645017	0.179451287794
-ყურ	0.357400722022	0.454873646209	0.014440433213	0.173285198556
-ყუჲ	0.279965436366	0.557585483274	0.0	0.16244908036
-ფატ	0.0	1.0	0.0	0.0
-პრე	0.164893617021	0.835106382979	0.0	0.0
-ადე	0.46840735651	0.456594836408	0.0307008567001	0.0442969503816
-რია	0.0472797927461	0.943005181347	0.00582901554403	0.0038860103627
-რით	0.261747906314	0.503606500115	0.0751351244333	0.159510469138
-რივ	0.0275387263339	0.936316695353	0.0206540447504	0.0154905335628
-რილ	0.789560213728	0.147965474723	0.0164406083025	0.046033703247
-ადო	0.670037506133	0.239149417449	0.069856212629	0.0209568637887
-ფაჲ	0.536576097283	0.131103933118	0.0247007410222	0.307619228577
-ადი	0.238900962434	0.261254268861	0.0300113836283	0.469833385077
-რინ	0.451627845421	0.346876654314	0.118118051879	0.0833774483853
-რიტ	0.0600981193786	0.137367130008	0.773507767784	0.0290269828291
-რის	0.0646287048014	0.127741641431	0.0178741875253	0.789755466242
-ფალ	0.103058510638	0.594414893617	0.199468085106	0.103058510638
-ფად	0.613782214342	0.0797278433338	0.0137662883987	0.292723653926
-დოჲ	0.05	0.375	0.575	0.0
-ნმე	0.0381702157879	0.22395885116	0.122147936978	0.615722996074
-ცეს	0.749200538796	0.0856259270417	0.0159253899097	0.149248144253
-წეს	0.927710843373	0.0722891566265	0.0	0.0
-ცენ	0.627987639284	0.21638696963	0.0219442997503	0.133681091336
-ცემ	0.821980187672	0.072416046669	0.0	0.105603765659
-ცელ	0.0	0.463942307692	0.524038461538	0.0120192307692
-ცეთ	0.482852316957	0.274289491077	0.0611000954689	0.181758096497
-ცებ	0.693069306931	0.19801980198	0.009900990099	0.0990099009901
-ცედ	0.649350649351	0.0974025974026	0.0876623376623	0.165584415584
-გმო	0.560240963855	0.28313253012	0.0481927710843	0.10843373494
--მე	0.113109740668	0.0690198268081	0.0546570558934	0.76321337663
-ასუ	0.647058823529	0.0392156862745	0.0	0.313725490196
-თმე	0.0385923753666	0.13495601173	0.0652785923754	0.761173020528
-ჳსა	0.0893778599941	0.529938662253	0.0995034563334	0.28118002142
-ჳსმ	0.703703703704	0.222222222222	0.037037037037	0.037037037037
-ჳსი	0.0759345794392	0.0101246105919	0.0418613707165	0.872079439252
-ასი	0.0758339714016	0.576462549766	0.0503462050799	0.297357273753
-ასო	0.236983842011	0.705565529623	0.00897666068222	0.048473967684
-ასა	0.12141810828	0.691880106913	0.0451094157755	0.141592369032
-ასე	0.224096205184	0.608692397894	0.116763553804	0.0504478431177
-ვცა	0.411794611083	0.387391967463	0.0101677681749	0.190645653279
-ქმი	0.0	0.0511896178803	0.94881038212	0.0
-სით	0.0809447427761	0.296929121045	0.0603249877955	0.561801148383
-დგთ	0.855555555556	0.118518518519	0.0	0.0259259259259
-დგე	0.758954501452	0.241045498548	0.0	0.0
-დგა	0.656303084405	0.0652583936849	0.024856510146	0.253582011764
-დოთ	0.706620314389	0.161880290205	0.0782194679564	0.0532799274486
-დგს	0.68345323741	0.208633093525	0.00863309352518	0.0992805755395
-შად	0.526984126984	0.120634920635	0.00952380952381	0.342857142857
-ეტე	0.0	0.0343511450382	0.801526717557	0.164122137404
-უნა	0.653012300994	0.252356597687	0.0571248721379	0.0375062291814
-უნდ	0.0734394124846	0.926560587515	0.0	0.0
-უნო	0.265528477788	0.307115987066	0.324975151919	0.102380383227
-უნი	0.30205302053	0.367543675437	0.284202842028	0.0462004620046
-ეტი	0.0311027332705	0.149118082671	0.0343341860778	0.78544499798
-ჱმს	0.00102249488752	0.9918200409	0.0	0.0071574642127
-შან	0.0571428571429	0.885714285714	0.0	0.0571428571429
-ოლს	0.0	1.0	0.0	0.0
-ხუთ	0.0	0.0	0.0	1.0
-ხუა	0.508474576271	0.169491525424	0.322033898305	0.0
-ოლი	0.0330338174346	0.940270957406	0.0160902726988	0.0106049524606
-ლის	0.186915128177	0.500823887734	0.248690416169	0.0635705679202
-ოლო	0.0187918792139	0.0266741534388	0.000548001337951	0.953985966009
-ხურ	0.0766386063938	0.729210257408	0.0817478468201	0.112403289378
-შას	0.917431192661	0.0275229357798	0.0	0.0550458715596
-უნს	0.0	1.0	0.0	0.0
-ჱმი	0.0788381742738	0.883817427386	0.00414937759336	0.0331950207469
-ჱმდ	0.0345734686209	0.913566328448	0.0	0.0518602029312
-ღოს	0.705083825084	0.200360356726	0.0211805032747	0.0733753149159
-ტოჲ	0.0214614205416	0.00408788962698	0.113438937149	0.861011752683
-ღონ	0.732350729095	0.150567448335	0.0298597936755	0.0872220288945
-ძლი	0.00808882297996	0.97573353106	0.00808882297996	0.00808882297996
-ღოთ	0.77268661571	0.0789660920475	0.03148377785	0.116863514393
-ტოს	0.109097505576	0.842184198491	0.0143794089317	0.0343388870011
-ეაჲ	0.0933333333333	0.746666666667	0.0	0.16
-ლენ	0.370328425821	0.48335220838	0.0389580973953	0.107361268403
-იცჳ	0.0196721311475	0.96393442623	0.016393442623	0.0
-ლემ	0.0	1.0	0.0	0.0
-ხოს	0.737046589833	0.166828822358	0.037846485357	0.0582781024519
-ლეთ	0.547509445516	0.114518478111	0.0568516364504	0.281120439922
-ლებ	0.361791044776	0.591641791045	0.00477611940299	0.0417910447761
-ლეა	0.537037037037	0.425925925926	0.0	0.037037037037
-ეას	0.039157188141	0.950494126422	0.000559388402015	0.00978929703523
-ხოთ	0.593639575972	0.279151943463	0.0	0.127208480565
-უგო	0.742107089164	0.151057069063	0.00148689058138	0.105348951192
-ხოდ	0.155968806239	0.736052789442	0.0	0.107978404319
-ხოა	0.378766140603	0.604017216643	0.0172166427547	0.0
-ხონ	0.784485784486	0.136539136539	0.02106002106	0.057915057915
-ხოო	0.422131147541	0.0676229508196	0.0	0.510245901639
-ეად	0.00202839756592	0.98985801217	0.00811359026368	0.0
-იცა	0.224264917891	0.37525734339	0.100217526876	0.300260211844
-იცე	0.485260770975	0.229024943311	0.213151927438	0.0725623582766
-იცი	0.671759701363	0.0409757791475	0.00208351419394	0.285181005296
-რმო	0.359712230216	0.0359712230215	0.431654676259	0.172661870504
-აგი	0.0438292964244	0.936562860438	0.0196078431373	0.0
-რმე	0.0787387202391	0.112552334668	0.0225195934152	0.786189351678
-აგო	0.591574544368	0.223184941739	0.0627427547057	0.122497759187
-რმა	0.140410958904	0.0582191780822	0.75	0.0513698630137
-თრა	0.559322033898	0.322033898305	0.118644067797	0.0
-თრო	0.6	0.1	0.2	0.1
-ვდი	0.807707588399	0.175208581645	0.00754866905046	0.00953516090584
-ფდა	0.574645280691	0.105181986428	0.203578038248	0.116594694633
-ვდა	0.786090005845	0.127800506526	0.020455873758	0.065653613871
-ფდე	0.846935479864	0.0939355543962	0.0173908722765	0.0417380934635
-ვდე	0.783088235294	0.00735294117647	0.0294117647059	0.180147058824
-თხო	0.769829474555	0.186938722441	0.0204782224758	0.0227535805287
-უცა	0.198356026203	0.108899062911	0.00900708494362	0.683737825943
-თხე	0.527772013557	0.326969634087	0.0871550114132	0.0581033409421
-უცო	0.459016393443	0.147540983607	0.0491803278689	0.344262295082
-თხა	0.792657801086	0.137291627646	0.0200412062184	0.0500093650497
-ცდი	0.410410958904	0.566575342466	0.0230136986301	0.0
-ცდა	0.731106243155	0.0909090909091	0.115005476451	0.0629791894852
-ტყი	0.385504201681	0.441176470588	0.15756302521	0.015756302521
-ტყვ	0.711111111111	0.0518518518519	0.0296296296296	0.207407407407
-არს	0.783378154975	0.0226804562894	0.0145451096823	0.179396279054
-ქდა	0.776025236593	0.0946372239748	0.0189274447949	0.110410094637
-ტყა	0.371057513915	0.439703153989	0.139146567718	0.0500927643784
-თნა	0.17701863354	0.754658385093	0.0683229813665	0.0
-თნი	0.0414753406696	0.200938821298	0.00546927569269	0.75211656234
-არჲ	0.344827586207	0.137931034483	0.103448275862	0.413793103448
-თნო	0.239130434783	0.195652173913	0.421739130435	0.143478260869
-ტყჳ	0.554169734032	0.0170732668601	0.0112320133944	0.417524985714
-არი	0.0863000982913	0.671471504094	0.175287930399	0.0669404672166
-არო	0.382222857658	0.392920970103	0.121076400436	0.103779771803
-არნ	0.697422722517	0.117128821088	0.0250298530104	0.160418603385
-არა	0.217636640017	0.0234251522198	0.0120415016885	0.746896706074
-ართ	0.354567066609	0.0509275007418	0.00550142849665	0.589004004152
-არე	0.326260299355	0.237918425942	0.117702589635	0.318118685068
-ბაჲ	0.229223942956	0.652467778724	0.0487825233535	0.0695257549664
-იას	0.144302615193	0.81304483188	0.0211706102117	0.0214819427148
-იარ	0.756302521008	0.243697478992	0.0	0.0
-იაღ	0.064875491481	0.47378768021	0.16120576671	0.300131061599
-ჲვე	0.239190432383	0.0892364305428	0.381784728611	0.289788408464
-იაჲ	0.051094890511	0.883586000374	0.0578326782707	0.0074864308441
-ბარ	0.0350617283951	0.907654320988	0.0316049382716	0.0256790123457
-ბას	0.00636942675159	0.993630573248	0.0	0.0
-ჳვა	0.442508710801	0.473867595819	0.0418118466899	0.0418118466899
-ბად	0.645989607837	0.209394193021	0.0595954237977	0.0850207753442
-ბალ	0.0	0.0910548252645	0.666559794806	0.242385379929
-ბამ	0.119953863899	0.672818146867	0.0688196847367	0.138408304498
-სმე	0.138550017428	0.265423492506	0.0840013942141	0.512025095852
-ბან	0.184210526316	0.465789473684	0.276315789474	0.0736842105263
-სმა	0.853095796373	0.0329747627113	0.00260269843471	0.111326742481
-იად	0.0708368329159	0.484734051925	0.194472694867	0.249956420293
-დნა	0.628641248507	0.22615311988	0.0705617727916	0.0746438588209
-იამ	0.0	1.0	0.0	0.0
-დნი	0.14705723513	0.238413099597	0.154239979262	0.460289686011
-იან	0.690567169883	0.157901403412	0.0382596134195	0.113271813286
-შია	0.109628770302	0.0336426914153	0.856728538283	0.0
-ჳლა	0.0	0.975	0.0	0.025
-ექი	0.0	0.911016949153	0.0	0.0889830508474
-ჳლი	0.057723026284	0.911781790019	0.0130693644417	0.0174258192556
-ეცა	0.25630644459	0.161746832809	0.0423059385071	0.539640784094
-ყოს	0.577147382874	0.0493607855601	0.00751669854884	0.365975133017
-ყოფ	0.736196319018	0.193015573384	0.0047192071732	0.0660689004247
-ომს	0.287911009324	0.658105676427	0.0	0.0539833142483
-ბჭე	0.0785886126704	0.702485966319	0.21892542101	0.0
-ყოდ	0.606060606061	0.261363636364	0.0	0.132575757576
-ყოა	0.262851600388	0.341901066925	0.00969932104751	0.385548011639
-ყოთ	0.50971085743	0.0913278081833	0.0299586349997	0.369002699387
-ომა	0.0	1.0	0.0	0.0
-ყონ	0.83706654939	0.0979717642148	0.0391335460211	0.0258281403739
-ნყო	0.885714285714	0.0326530612245	0.0163265306122	0.065306122449
-ტნი	0.0421362880087	0.153486708319	0.161916971899	0.642460031773
-ჯოს	0.736467983453	0.156324651867	0.0582648721086	0.0489424925712
-შსა	0.24470528196	0.485880751892	0.197967168495	0.0714467976525
-მზა	0.0526315789474	0.0	0.939271255061	0.0080971659919
-მზე	0.0036036036036	0.971171171171	0.0036036036036	0.0216216216216
-ჯონ	0.679190751445	0.200385356455	0.00963391136802	0.110789980732
-ჲცა	0.20511458663	0.343800082611	0.117899197355	0.333186133403
-იქს	0.0	0.963715227093	0.0362847729073	0.0
-ლდი	0.578313253012	0.385542168675	0.0361445783132	0.0
-ვსა	0.167372353674	0.686113325031	0.0209402241594	0.125574097136
-ვსე	0.106009453072	0.0597569209993	0.766711681296	0.067521944632
-ლდა	0.592923280423	0.169973544974	0.0916005291005	0.145502645503
-ვსი	0.166950767071	0.0659781409806	0.0451218289381	0.72194926301
-ედს	0.584093414854	0.236995088704	0.168387290769	0.010524205673
-ვსო	0.788205051785	0.0314805156099	0.00260785336413	0.177706579241
-ჩდა	0.564516129032	0.137096774194	0.145161290323	0.153225806452
-ხნა	0.659364179445	0.10384403181	0.145542407062	0.0912493816826
-ედი	0.472697240575	0.260833657209	0.196511853867	0.0699572483482
-ხნე	0.625546806649	0.252843394576	0.0262467191601	0.095363079615
-ხნი	0.0	0.0	0.0137931034483	0.986206896552
-ედა	0.0762372058668	0.0118224825015	0.00416212350369	0.907778188128
-უდე	0.1	0.9	0.0	0.0
-ედე	0.316666666667	0.583333333333	0.0333333333333	0.0666666666667
-ვსჳ	0.40350877193	0.0877192982456	0.0175438596491	0.491228070175
-იქი	0.0906090220698	0.0946648544862	0.0	0.814726123444
-იქმ	0.852375690608	0.0620994475138	0.00397790055249	0.081546961326
-ზარ	0.0	1.0	0.0	0.0
--ღა	0.338026582564	0.277483667493	0.17036494706	0.214124802884
-ზაჲ	0.0685920577617	0.783393501805	0.0072202166065	0.140794223827
-რვე	0.141949152542	0.186440677966	0.10593220339	0.565677966102
-რვა	0.395282344532	0.0557541100786	0.0643316654753	0.484631879914
-რვო	0.3	0.6	0.0	0.1
-რვი	0.810810810811	0.064449064449	0.12474012474	0.0
-ქუს	0.760046990894	0.044157619128	0.0142815460925	0.181513843886
-ზად	0.228581911576	0.526141992295	0.206751054852	0.0385250412768
-სხა	0.607712333225	0.154734786853	0.0191181256102	0.218434754312
-ნოს	0.663508809019	0.217963361529	0.0466403797425	0.071887449709
-ნოჲ	0.0659008021251	0.441885929172	0.452246474961	0.0399667937417
-იოთ	0.938080495356	0.0433436532508	0.0	0.0185758513932
-იონ	0.249443432503	0.634183363692	0.0384537543007	0.0779194495042
-ყჳს	0.635881137274	0.127004008016	0.00140906813627	0.235705786573
-ყჳნ	0.741515927984	0.125461941125	0.0296826242484	0.103339506643
-ჰეჲ	0.230337078652	0.0842696629214	0.0842696629213	0.601123595506
-ყჳთ	0.586507396701	0.144639517089	0.0446352661112	0.224217820099
-ყჳა	0.78102189781	0.109489051095	0.0	0.109489051095
-ჳგო	0.852780806979	0.114503816794	0.0	0.0327153762268
-ნოთ	0.711449737472	0.166835847156	0.0347755472491	0.0869388681228
-ნონ	0.749766652198	0.166408504699	0.0171948396109	0.0666300034921
-ნოო	0.0434445306439	0.326609775019	0.629945694337	0.0
-ქარ	0.0	0.988023952096	0.0119760479042	0.0
-ქას	0.74629699962	0.219521458412	0.0341815419673	0.0
-ქაჲ	0.0314343094375	0.911412400676	0.0471514641562	0.0100018257301
-აურ	0.914642545571	0.0316359796134	0.0123972634189	0.0413242113963
-აუც	0.550387596899	0.449612403101	0.0	0.0
-თონ	0.989690721649	0.0103092783505	0.0	0.0
-თოს	0.696436179243	0.268301229403	0.026179802672	0.00908278868211
-აულ	0.0294736842105	0.878496240602	0.0102255639098	0.0818045112782
-აუმ	0.234591597355	0.687211203526	0.0	0.0781971991185
-ქაზ	0.0	1.0	0.0	0.0
-თოჲ	0.469130338571	0.142509404736	0.082982960832	0.305377295862
-ქად	0.0191976372139	0.87275412257	0.00147674132414	0.106571498892
-ხლი	0.0250384611413	0.957759857926	0.00960237891194	0.00759930202063
-აჱლ	0.278145695364	0.64238410596	0.0	0.0794701986755
-ჭრო	0.108695652174	0.869565217391	0.0	0.0217391304348
-დოს	0.691545884958	0.188884973667	0.0520039313431	0.0675652100315
-ძეს	0.683991683992	0.209979209979	0.022869022869	0.0831600831601
-სის	0.330041532846	0.299431839613	0.0803834488886	0.290143178653
-სილ	0.382104525504	0.36561796924	0.221296057242	0.0309814480139
-ბბი	0.0	0.811565304088	0.0942173479561	0.0942173479561
-ძედ	0.333333333333	0.647058823529	0.0	0.0196078431372
-ძენ	0.375	0.3125	0.258928571429	0.0535714285714
-ძეო	0.0392989909719	0.949548592671	0.0	0.0111524163569
-სია	0.0132596685083	0.927071823204	0.0132596685083	0.046408839779
-ბბა	0.107142857143	0.785714285714	0.0	0.107142857143
-ძელ	0.38065382893	0.249888042992	0.235109717868	0.13434841021
-წორ	0.110429447853	0.337423312883	0.395705521472	0.156441717791
-წოს	0.965425531915	0.0345744680851	0.0	0.0
-იდო	0.627990430622	0.133373205742	0.0	0.238636363636
-იდი	0.0840701803245	0.127323678897	0.557944022836	0.230662117942
-დოა	0.702127659574	0.127659574468	0.127659574468	0.0425531914894
-იდე	0.716604998314	0.126247649987	0.0474992987977	0.109648052902
-დონ	0.656707660891	0.147160121306	0.108124171353	0.0880080464499
-იდა	0.679053298001	0.052026055203	0.0302904469132	0.238630199883
-ბუქ	0.0899887514061	0.212598425197	0.66366704162	0.0337457817773
-ძლო	0.295954312553	0.0662361229719	0.307963279249	0.329846285226
-შოჲ	0.174081237911	0.549323017408	0.145067698259	0.131528046422
-ძლე	0.318181818182	0.272727272727	0.0454545454545	0.363636363636
-დდა	0.842975206612	0.157024793388	0.0	0.0
-შობ	0.24646164599	0.228813559322	0.127206010833	0.397518783855
-ბუდ	0.527638190955	0.321608040201	0.0	0.150753768844
-ბულ	0.478836879845	0.177772370725	0.150330878137	0.193059871293
-ბუკ	0.349289454002	0.112191473448	0.53851907255	0.0
-ტერ	0.0	0.487940630798	0.0278293135436	0.484230055659
-ეგე	0.164272199596	0.0764198441459	0.00994131417759	0.749366642081
-ეგო	0.64192362671	0.172248315295	0.093935062283	0.0918929957115
-მთა	0.0368293138904	0.183305290709	0.0450551504954	0.734810244906
-შრო	0.574074074074	0.037037037037	0.296296296296	0.0925925925926
-ოცი	0.0326154099576	0.286167277519	0.0	0.681217312523
-ოცო	0.930693069307	0.0693069306931	0.0	0.0
-ები	0.237230575635	0.64585800256	0.0699458842711	0.0469655375336
-ოცა	0.875825627477	0.124174372523	0.0	0.0
-ოცე	0.219890054972	0.395302348826	0.302348825587	0.0824587706147
-თჳთ	0.221090909091	0.148363636364	0.0785454545455	0.552
-თჳს	0.144946304449	0.245320161674	0.0262783178399	0.583455216038
-რღა	0.0571428571429	0.0174757281553	0.00166435506241	0.923717059639
-პლი	0.470071673016	0.459417576032	0.0379673274359	0.0325434235165
-ქცა	0.834030683403	0.0287308228731	0.0	0.137238493724
-ხეს	0.718712623682	0.210394693922	0.014352506252	0.0565401761444
-ქცე	0.638939568828	0.174293480284	0.0098298395204	0.176937111368
-იფე	0.0738916256158	0.423645320197	0.23645320197	0.266009852217
-იფა	0.17037037037	0.0537037037037	0.148148148148	0.627777777778
-რეს	0.5543422787	0.257752288157	0.0687113358187	0.119194097324
-ხდა	0.613202681795	0.192882929345	0.0278494069108	0.166064981949
-პედ	0.0	0.978197674419	0.00872093023255	0.0130813953488
-გყო	0.87037037037	0.101851851852	0.0	0.0277777777778
--ყო	0.71845242059	0.0839049077712	0.047679296797	0.149963374842
-ჟუს	0.108108108108	0.297297297297	0.243243243243	0.351351351351
-რეთ	0.161539944418	0.16741986182	0.0341986801927	0.636841513569
-რეზ	0.0	1.0	0.0	0.0
-რედ	0.0609434515089	0.137269264577	0.561822443598	0.239964840316
-რებ	0.688912809473	0.192680301399	0.0340868317187	0.0843200574094
-რეა	0.0663456393793	0.909577314072	0.00401284109149	0.0200642054574
-ზთა	0.0433947585939	0.905978023047	0.01659211358	0.0340351047795
-რეო	0.0357142857143	0.65873015873	0.305555555556	0.0
-რენ	0.815621617888	0.113454763166	0.0354618094733	0.0354618094733
-რელ	0.813953488372	0.093023255814	0.046511627907	0.046511627907
-ვაჲ	0.384031574389	0.451043425935	0.0770765534315	0.0878484462448
-აოო	0.11170212766	0.25	0.606382978723	0.031914893617
-ვარ	0.78548296183	0.080702989008	0.00198243035795	0.131831618804
-ვას	0.714586932568	0.157268980153	0.0440750363891	0.0840690508904
-აოდ	0.0	0.43829787234	0.331914893617	0.229787234043
-ვათ	0.134831460674	0.460674157303	0.303370786517	0.101123595506
-ვად	0.680221770098	0.135213921571	0.0380609474286	0.146503360903
-ვაა	0.314136125655	0.120418848168	0.0	0.565445026178
-თსა	0.046516312119	0.501452824582	0.0228842307209	0.429146632578
-ვან	0.340329257726	0.450755752383	0.11360354289	0.0953114470011
-ვალ	0.511761465151	0.106791378827	0.228437279878	0.153009876144
-აოს	0.378766140602	0.598507890961	0.0151506456241	0.00757532281204
-ატს	0.35960591133	0.581280788177	0.0	0.0591133004926
-ატე	0.00446179587284	0.885108756274	0.069157836029	0.0412716118238
-ატი	0.0283528352835	0.971647164716	0.0	0.0
-ცუა	0.689189189189	0.310810810811	0.0	0.0
-ცუთ	0.804503582395	0.160696008188	0.0225179119755	0.0122824974412
-ყავ	0.489902047284	0.102324391944	0.0684029038348	0.339370656937
-ჭსა	0.680473372781	0.319526627219	0.0	0.0
-აჰა	0.464573246646	0.187301148153	0.00132798450685	0.346797620694
-ბზე	0.266423357664	0.711678832117	0.021897810219	0.0
-იგი	0.0942441536859	0.0218694740168	0.0033258700644	0.880560502233
-ყარ	0.0	1.0	0.0	0.0
-ყას	0.798188270452	0.165857302951	0.0	0.0359544265969
-იგე	0.232	0.216	0.096	0.456
-ჴნი	0.0334158415842	0.949257425743	0.0	0.0173267326733
-წცა	0.123244929797	0.0561622464899	0.0	0.820592823713
-ჴნო	0.636168691923	0.363831308077	0.0	0.0
-ოინ	0.790697674419	0.209302325581	0.0	0.0
-ოის	0.547373588611	0.211094747177	0.167893961708	0.0736377025037
-შნი	0.354545454545	0.459090909091	0.0772727272727	0.109090909091
-კალ	0.447971098639	0.476162828205	0.0325140313528	0.0433520418037
-ჳმა	0.334615384615	0.642307692308	0.023076923077	0.0
-ეფა	0.143540669857	0.856459330143	0.0	0.0
-ეფე	0.0	0.965653896962	0.0343461030383	0.0
-კად	0.287230905338	0.67561191389	0.0247714538484	0.0123857269242
-ხსა	0.0901762535865	0.887279683017	0.0225440633966	0.0
-კაჲ	0.0128419362415	0.948632255034	0.0256838724831	0.0128419362415
-ჳმს	0.555861776553	0.266058935764	0.0763196947212	0.101759592962
-ნღა	0.479047634205	0.393949039518	0.0	0.127003326278
-ადა	0.249929233142	0.102369247923	0.00947374491891	0.638227774016
-რსი	0.255899705015	0.154867256637	0.522861356932	0.0663716814159
-სჳს	0.913294797688	0.0751445086705	0.0	0.0115606936416
-რსა	0.0985854125945	0.801600111293	0.0431173504961	0.0566971256162
-ადმ	0.872	0.032	0.0	0.096
-იყო	0.74440493016	0.013821472071	0.00512810801221	0.236645489757
-რთხ	0.278145695364	0.721854304636	0.0	0.0
-პეს	0.157736604907	0.836254381572	0.00300450676014	0.00300450676014
-რთა	0.0953195638784	0.708769541676	0.108111842702	0.0877990517435
-რთე	0.574074074074	0.0555555555556	0.0925925925926	0.277777777778
-რთლ	0.238267148014	0.274368231047	0.184115523466	0.303249097473
-რთი	0.0154583878412	0.329075983751	0.0588351571714	0.596630471237
-რთო	0.355697897174	0.461016723496	0.162057411667	0.0212279676625
-სცე	0.710132933061	0.219879301305	0.0118745309303	0.0581132347044
-ანო	0.075245468149	0.729035960998	0.078631801193	0.11708676966
-ანნ	0.603278688525	0.173770491803	0.104918032787	0.118032786885
-ანი	0.112622135345	0.655992104049	0.0910484929623	0.140337267644
-ანთ	0.536082474227	0.0927835051546	0.0	0.371134020619
-ანე	0.169611673459	0.79370565098	0.011272915247	0.0254097603135
-ანა	0.172818177172	0.0503738159639	0.0100136508989	0.766794355965
-ანუ	0.152847757283	0.0251540547935	0.00328835812482	0.818709829798
-ანს	0.0836653386454	0.892999430848	0.0130904951622	0.0102447353443
-თარ	0.174349976073	0.0253097251023	0.00414739192854	0.796192906896
-თას	0.0261269421027	0.0300285654567	0.059778443531	0.88406604891
-უფე	0.0	0.984572230014	0.0140252454418	0.00140252454418
-სჯი	0.641216598648	0.302481456105	0.0125115433882	0.0437904018588
-გის	0.314846530621	0.350098184699	0.0884499090676	0.246605375612
-ინე	0.594657351536	0.216314091689	0.0947149456453	0.0943136111297
-ინდ	0.0	1.0	0.0	0.0
-თაჲ	0.142049949509	0.617203938017	0.108550078382	0.132196034092
-ინა	0.184673148408	0.0387507378102	0.0316378289949	0.744938284787
-ინო	0.714317403426	0.223143379009	0.0227415336601	0.0397976839052
-გიც	0.3929242657	0.0880113519826	0.184155780009	0.334908602308
-ინი	0.0891565930635	0.0328091821298	0.00166544071725	0.876368784089
-გიე	0.513901345291	0.227802690583	0.145291479821	0.113004484305
-გით	0.59546885274	0.174121958906	0.00980464631295	0.220604542041
-გილ	0.0260997484933	0.605893797751	0.305367057372	0.062639396384
-გინ	0.917338709678	0.0120967741935	0.0	0.070564516129
-თავ	0.206896551724	0.765517241379	0.0	0.0275862068966
-ნნა	0.799240598043	0.118619784219	0.0222699799254	0.0598696378133
-თად	0.219346049046	0.571866485014	0.0398501362398	0.1689373297
-თან	0.0	1.0	0.0	0.0
-თაო	0.0	1.0	0.0	0.0
-ნნი	0.139964983667	0.224813653842	0.0404030375386	0.594818324953
-თალ	0.122653316646	0.135168961202	0.461827284105	0.280350438047
-თამ	0.0	1.0	0.0	0.0
-აეს	0.046875	0.6015625	0.1171875	0.234375
-ბთმ	0.778894472362	0.120603015075	0.0	0.100502512563
-ნეთ	0.638385995373	0.21608360602	0.0245475226658	0.120982875942
-ბთა	0.401917556078	0.359624180987	0.184612848725	0.0538454142113
-ბსა	0.12148536295	0.785810930336	0.0456586074842	0.0470450992298
-ჳენ	0.202247191011	0.797752808989	0.0	0.0
-ეყო	0.604076590488	0.125386040766	0.0333539221742	0.237183446572
-ხრა	0.757557278509	0.0743096088509	0.0188169701194	0.149316142521
-ხრი	0.0192307692308	0.6	0.0153846153846	0.365384615385
-ჳედ	0.476439790576	0.429319371728	0.0314136125654	0.0628272251309
-კბო	0.590909090909	0.318181818182	0.0909090909091	0.0
-ტლი	0.0139534883721	0.883720930233	0.0	0.102325581395
-ევა	0.843191620456	0.0440542205792	0.0124768946396	0.100277264325
-მალ	0.07	0.13	0.1	0.7
-ევდ	0.638594365344	0.178506513178	0.0374886398061	0.145410481672
-მან	0.0984981858926	0.416591342768	0.0391025049449	0.445807966394
-მაო	0.0599783335774	0.876184854061	0.0460725288499	0.0177642835118
-ევთ	0.324929971989	0.436974789916	0.0728291316527	0.165266106443
-ევი	0.0454695767196	0.863177910053	0.0566302910053	0.0347222222222
-მად	0.419474144767	0.105900231392	0.0260594421937	0.448566181647
-ევო	0.597701149425	0.275862068965	0.0574712643678	0.0689655172414
-შუა	0.225133033156	0.582480556693	0.00818665575115	0.1841997544
-მათ	0.0395410329569	0.0360121182138	0.00135218974319	0.923094659086
-ევს	0.546755452421	0.269619465604	0.070625031529	0.113000050446
-მაც	0.376068376068	0.623931623932	0.0	0.0
-მარ	0.0694444444444	0.480452674897	0.388374485597	0.0617283950617
-მას	0.00939220876885	0.0355145012448	0.000545871962634	0.954547418024
-მაჲ	0.126125348546	0.757688896344	0.0819443976421	0.0342413574673
-ჴშა	0.839391745112	0.148443157133	0.0121650977552	0.0
-თუჱ	0.0394736842105	0.651315789474	0.309210526316	0.0
-ცად	0.107544166061	0.623054452155	0.0383004374102	0.231100944373
-ცავ	0.611521865301	0.108683035151	0.031794897676	0.248000201872
-ცან	0.664556962025	0.145569620253	0.0271247739602	0.162748643761
-სტე	0.0146708234	0.950058072009	0.0	0.0352711045907
-ცარ	0.639830508475	0.241525423729	0.021186440678	0.0974576271187
-ფეთ	0.384615384615	0.384615384615	0.153846153846	0.0769230769231
-თულ	0.709923664122	0.290076335878	0.0	0.0
-თუე	0.0520965692503	0.930114358323	0.00254129606099	0.0152477763659
-თუა	0.524017467249	0.371179039301	0.0131004366812	0.0917030567686
-ფეო	0.233041575492	0.669584245077	0.0503282275711	0.0470459518599
-ფენ	0.438034188034	0.208638583639	0.203754578755	0.149572649573
-ცაჲ	0.0369743346651	0.739757567549	0.197670481479	0.0255976163066
-ჰზი	0.940789473684	0.0394736842105	0.0197368421052	0.0
-უქა	0.0	0.0909090909091	0.181818181818	0.727272727273
--თუ	0.281938325991	0.400881057269	0.123348017621	0.193832599119
-თეს	0.577762050646	0.174438670648	0.0724202117346	0.175379066972
-ლღა	0.0355029585798	0.218934911243	0.674556213018	0.0710059171597
-აჭჳ	0.326732673267	0.673267326733	0.0	0.0
-ქეც	0.102150537634	0.510752688172	0.0	0.387096774194
-სპო	0.564516129032	0.370967741935	0.0322580645161	0.0322580645161
-ღთა	0.0112896222319	0.697061803445	0.111014618613	0.18063395571
-ოზი	0.0238154304143	0.913917142148	0.00893078640536	0.053336641032
-ეშე	0.0345733041576	0.0952589350839	0.0940919037199	0.776075857039
-ეში	0.119711409994	0.0123808675514	0.867907722455	0.0
-ეღო	0.384387617766	0.418896366083	0.0305248990579	0.166191117093
-ეღა	0.10072815534	0.0400485436893	0.0582524271844	0.800970873787
-უით	0.555555555556	0.244444444444	0.155555555556	0.0444444444444
-ეღჳ	0.0	0.964457608293	0.0355423917067	0.0
-ეთი	0.070197830249	0.85322271857	0.0701978302489	0.00638162093173
-შტი	0.330379746835	0.183544303797	0.398734177215	0.0873417721519
-ჯავ	0.953488372093	0.046511627907	0.0	0.0
-ჯად	0.459833795014	0.382271468144	0.016620498615	0.141274238227
-თენ	0.874161073825	0.0755033557047	0.0	0.0503355704698
-ლად	0.129465294519	0.208134576699	0.0711063704177	0.591293758364
-წნი	0.0	0.0818965517241	0.918103448276	0.0
-ლავ	0.504987531172	0.410224438903	0.00249376558604	0.0822942643392
-ლათ	0.357410687218	0.475053053149	0.0335072519267	0.134029007707
-გჳც	0.0140056022409	0.0588235294118	0.238095238095	0.689075630252
-ლან	0.822222222222	0.158974358974	0.0	0.0188034188034
-პის	0.581734237484	0.218294618381	0.145433559371	0.0545375847641
-პირ	0.249406175772	0.693586698337	0.0570071258908	0.0
-იღე	0.700465814887	0.130235159346	0.00284935246734	0.1664496733
-ლაჲ	0.648097293056	0.290388387603	0.0263632797175	0.0351510396234
-იღა	0.287713521301	0.386293476024	0.111133978185	0.214859024491
-იღო	0.733677123722	0.0952157158558	0.0194051346238	0.151702025799
-პით	0.19	0.716666666667	0.0133333333333	0.0799999999999
-იღი	0.660043352601	0.102239884393	0.166907514451	0.0708092485549
-ლას	0.162208780359	0.770294948619	0.0304821869131	0.0370140841088
-სუს	0.0130108146966	0.871653487325	0.00039498526705	0.114940712711
-სუთ	0.47090437361	0.431801334322	0.0583765752409	0.0389177168273
-სუა	0.650079501799	0.119203347249	0.0264646143739	0.204252536578
-ფთე	0.0596590909091	0.900568181818	0.0	0.0397727272727
-სულ	0.324233691381	0.34126277181	0.0528163479172	0.281687188892
-ფთა	0.193825042882	0.41166380789	0.041166380789	0.353344768439
-უღო	0.761761761762	0.126126126126	0.00400400400401	0.108108108108
-უღე	0.461593087939	0.314711800213	0.0958693336489	0.127825778199
--ეც	0.425068400333	0.52449975556	0.0144090983164	0.0360227457909
-დცა	0.283984667785	0.0940092152327	0.105935416799	0.516070700184
-იპე	0.0	1.0	0.0	0.0
-იპა	0.00347222222222	0.996527777778	0.0	0.0
-მულ	0.636350151512	0.122957144121	0.0240823586751	0.216610345692
-გზა	0.219047619048	0.619047619048	0.0	0.161904761905
-წაჲ	0.471183457985	0.417949846019	0.0554333479982	0.0554333479982
-ბეთ	0.4624628814	0.319907527353	0.184148115671	0.0334814755765
-ბედ	0.199191542631	0.770400313236	0.0189926819718	0.0114154621608
-წარ	0.358553877794	0.150565568003	0.00920062780755	0.481679926395
-ბენ	0.524788783807	0.289258540396	0.0629733352435	0.122979340554
-ბელ	0.169173606754	0.196940798252	0.342808028753	0.291077566241
-აწო	0.314285714286	0.685714285714	0.0	0.0
-წად	0.256784968685	0.488517745303	0.154488517745	0.100208768267
-ცსა	0.0337670218665	0.660710814533	0.00520382186299	0.300318341737
-ბეს	0.331985349651	0.121721191767	0.154948216187	0.391345242395
-აწე	0.0487804878049	0.951219512195	0.0	0.0
-აწა	0.160642570281	0.791164658635	0.0481927710843	0.0
-იგო	0.700399467377	0.249001331558	0.0133155792277	0.0372836218375
-აჲს	0.109701492537	0.744776119403	0.0134328358209	0.132089552239
-ცჳნ	0.72602739726	0.232876712329	0.0	0.0410958904109
-დის	0.427143388636	0.169218266885	0.0796937098239	0.323944634655
-მცე	0.097046413502	0.782700421941	0.0	0.120253164557
-მცა	0.268567451028	0.101679447049	0.0352067359568	0.594546365966
-აჲა	0.111464968153	0.506369426752	0.0	0.382165605096
-დილ	0.615201900238	0.356294536817	0.021377672209	0.00712589073634
-დინ	0.447179875275	0.302231636587	0.0464829413143	0.204105546824
-აჲთ	0.030288667245	0.902434460343	0.0197608219387	0.0475160504736
-დია	0.0	1.0	0.0	0.0
-დიდ	0.171497584541	0.0785024154589	0.61231884058	0.13768115942
-დით	0.505473781704	0.282773938561	0.0419977208056	0.169754558929
-უკი	0.0298745269866	0.255925114519	0.699263095001	0.0149372634933
-უკო	0.0740740740741	0.259259259259	0.666666666667	0.0
-კთა	0.0735820132856	0.606321629316	0.301554858019	0.0185414993795
-ეკა	0.853658536585	0.0975609756098	0.0487804878049	0.0
-ეკი	0.224066390041	0.775933609959	0.0	0.0
-ტის	0.168674698795	0.128514056225	0.212851405622	0.489959839357
-ტირ	0.548387096774	0.451612903226	0.0	0.0
-ხავ	0.605545827562	0.194130099574	0.0329299845804	0.167394088284
-რუა	0.181818181818	0.333333333333	0.0606060606061	0.424242424242
-ხან	0.780530973451	0.219469026549	0.0	0.0
-ეთე	0.660024361198	0.0483986117675	0.0106028009831	0.280974226052
-რულ	0.630154417051	0.120625796154	0.111493062514	0.137726724282
-ხამ	0.762505325104	0.0294441087015	0.0	0.208050566195
-ხალ	0.685955394816	0.104882459313	0.0186859553948	0.190476190476
-ხას	0.00794281175536	0.00476568705321	0.0	0.987291501191
-ხარ	0.732306004789	0.123025268537	0.00481560255227	0.139853124122
-ეთუ	0.119962258302	0.0247827705899	0.000796087060005	0.854458884048
-ეთს	0.0286806883365	0.919694072658	0.0516252390057	0.0
-ტია	0.313725490196	0.274509803922	0.0588235294118	0.352941176471
-ჭდა	0.495652173913	0.460869565217	0.0260869565217	0.0173913043478
-რუჲ	0.28040201005	0.159798994975	0.489447236181	0.0703517587939
-ტით	0.119691119691	0.702702702703	0.00386100386101	0.173745173745
-ხაჲ	0.212759730758	0.611647644132	0.0175592625109	0.158033362599
-ტინ	0.551258664721	0.404961692813	0.0	0.0437796424662
-უნე	0.70819112628	0.018771331058	0.119453924915	0.153583617747
-ისჲ	0.169265033408	0.211581291759	0.512249443207	0.106904231626
-ოვთ	0.803475935829	0.0401069518717	0.00802139037433	0.148395721925
-ისუ	0.0392156862745	0.921568627451	0.0392156862745	0.0
-ისა	0.0888358411363	0.529520472533	0.0473060618134	0.334337624517
-ისი	0.0577934762927	0.178219485822	0.0104640284901	0.753523009396
-შვა	0.510551085471	0.39335053894	0.00728708061333	0.0888112949749
-ისო	0.0751562829248	0.911147011309	0.00948233476154	0.00421437100513
-ჲღა	0.436390441218	0.216588837552	0.063699694034	0.283321027196
-ნათ	0.833001107864	0.0231168825965	0.0050484915628	0.138833517977
-ნავ	0.41726618705	0.308324768756	0.243576567318	0.0308324768756
-ნად	0.570179064832	0.287323782283	0.031729518405	0.11076763448
-ნაა	0.51376146789	0.440366972477	0.0183486238532	0.0275229357798
-ნაო	0.0	0.842302878598	0.0216447029375	0.136052418464
-ნან	0.557576716229	0.16221132553	0.0255061689339	0.254705789307
-ნაკ	0.0	0.962962962963	0.0	0.037037037037
-ნას	0.454315287405	0.36159554832	0.0434496164129	0.140639547863
-შჳდ	0.0822272365277	0.123374037696	0.15469869923	0.639700026546
-ნაჲ	0.132033493198	0.631717421659	0.0182354913181	0.218013593825
-რბა	0.64705882353	0.0452488687783	0.0701357466063	0.237556561086
-ჰამ	0.0	1.0	0.0	0.0
-იკი	0.210197059744	0.181107288083	0.608695652174	0.0
-ხღა	0.0789473684211	0.157894736842	0.0	0.763157894737
-იკა	1.0	0.0	0.0	0.0
-იკე	0.0	0.879069767442	0.120930232558	0.0
-ევე	0.614563874278	0.173832015086	0.0423517358029	0.169252374833
-უყო	0.685279187817	0.188542422045	0.032632342277	0.0935460478607
-თდა	0.127661773827	0.105850733926	0.00868306801737	0.75780442423
-ცრუ	0.100286532951	0.146131805158	0.753581661891	0.0
-სნო	0.0491803278689	0.934426229508	0.0163934426229	0.0
-სნი	0.0860590339579	0.183562396875	0.0656164395127	0.664762129654
-სნე	0.584745762712	0.0338983050847	0.0254237288136	0.35593220339
-სნა	0.627612148231	0.256756756757	0.0529395374756	0.0626915575369
-აჯო	0.67828594449	0.122087229396	0.122447681445	0.0771791446685
-აჯა	0.747346072187	0.0934182590233	0.0891719745223	0.0700636942675
-აჯე	0.330930537352	0.44626474443	0.0196592398428	0.203145478375
-ქნა	0.275627129142	0.337256116445	0.387116754413	0.0
-რობ	0.477815699659	0.373720136519	0.0204778156997	0.127986348123
-ყდა	0.902777777778	0.0763888888888	0.0	0.0208333333333
-ძარ	0.157894736842	0.614035087719	0.0	0.228070175439
-ჭნი	0.153846153846	0.769230769231	0.0769230769231	0.0
-ჯულ	0.194895591647	0.61716937355	0.07656612529	0.111368909513
-ოთი	0.215568862275	0.547155688623	0.0441616766467	0.193113772455
-ოთე	0.0	1.0	0.0	0.0
-ოთა	0.123644259404	0.750628576072	0.0823123951378	0.0434147693867
-ოთხ	0.0	0.0	0.0	1.0
-ჯუჱ	0.0	0.542372881356	0.423728813559	0.0338983050847
-ძღა	0.802469135802	0.0493827160494	0.0740740740741	0.0740740740741
-მდა	0.219660057524	0.0470473123074	0.0197704709707	0.713522159198
-მდე	0.148512880495	0.328330635128	0.0414014402017	0.481755044176
-მდი	0.618090452261	0.35175879397	0.0	0.0301507537688
-ხთა	0.0355731225296	0.810276679842	0.154150197628	0.0
-ეზი	0.12	0.686153846154	0.0553846153846	0.138461538461
-რტყ	0.3	0.7	0.0	0.0
-ოღა	0.480861244019	0.142344497608	0.0	0.376794258373
-ტთა	0.0206496874832	0.208958125644	0.0037229003876	0.766669286486
-ფით	0.394426074634	0.153519130845	0.338686820973	0.113367973547
-ჩემ	0.0120203602312	0.00714181423263	0.0	0.980837825536
-ფინ	0.283898305085	0.220338983051	0.0466101694915	0.449152542373
-ფილ	0.65127748192	0.222528440291	0.0	0.126194077789
-ირს	0.135668309724	0.0613849129847	0.6582533225	0.144693454791
-ირა	0.541296060991	0.351969504447	0.0952986022871	0.0114358322745
-ირთ	0.516	0.484	0.0	0.0
-ირე	0.503775620281	0.239482200647	0.204962243797	0.0517799352751
-ირი	0.117109686819	0.757807954793	0.0273728390522	0.0977095193353
-ირნ	0.643816254417	0.220494699647	0.0932862190813	0.0424028268551
-ფის	0.318559556787	0.286703601108	0.394736842105	0.0
-რას	0.347841930688	0.326983837773	0.0265519340425	0.298622297496
-ნდა	0.277693739738	0.0560278630752	0.0243513385405	0.641927058646
-ნდე	0.776328986961	0.0802407221665	0.0180541624875	0.125376128385
-რაჲ	0.151667663653	0.148859896339	0.00782938856092	0.691643051447
-ნდი	0.235849056604	0.22641509434	0.466981132075	0.0707547169812
-კაც	0.0571428571428	0.352380952381	0.0857142857143	0.504761904762
-რამ	0.0	1.0	0.0	0.0
-რალ	0.637386181039	0.161756829138	0.160685591859	0.0401713979647
-რაი	0.590909090909	0.204545454545	0.0	0.204545454545
-რაო	0.0571428571429	0.942857142857	0.0	0.0
-რან	0.827136674141	0.0797830734734	0.00938624393806	0.0836940084476
-რად	0.222312288412	0.550169072587	0.0643788654119	0.163139773589
--უც	0.303986710963	0.0	0.209302325581	0.486710963455
-ank	0.29900990099	0.473267326733	0.162376237624	0.0653465346535
-რათ	0.639219934995	0.301684231262	0.0	0.0590958337437
-რავ	0.721721027065	0.1866759195	0.00832755031228	0.0832755031228
-აკა	0.138888888889	0.537037037037	0.25	0.0740740740741
-აკე	0.0168067226891	0.932773109244	0.0	0.0504201680672
-აკი	0.0568910588731	0.798084682904	0.118895920791	0.0261283374319
-აკო	0.162324649299	0.200400801603	0.0240480961924	0.613226452906
--ვე	0.772151898734	0.101265822785	0.0253164556962	0.101265822785
-თქუ	0.516196147362	0.112888761344	0.0190120888187	0.351903002475
-ვნი	0.22756508521	0.657961350967	0.0257868893772	0.0886866744463
-თქი	0.270531400966	0.492753623188	0.135265700483	0.101449275362
-სრე	0.0975609756098	0.585365853659	0.0	0.317073170732
-ვნო	0.787815302103	0.131232715998	0.0703930277382	0.0105589541607
-ვნა	0.766408395851	0.102836879433	0.0265240027877	0.104230721928
-ვნე	0.713701988559	0.160991555434	0.0599291746118	0.0653772813948
-ლულ	0.51756638065	0.272143774069	0.0532058644686	0.157083980812
-ხად	0.573855658523	0.255546194889	0.0526537489469	0.117944397641
-ქოს	0.0	1.0	0.0	0.0
-სონ	0.0344332855093	0.913916786227	0.0344332855093	0.0172166427547
-სოდ	0.0	1.0	0.0	0.0
-სოთ	0.84469273743	0.0815642458101	0.0402234636871	0.0335195530726
-ქოზ	0.0324675324675	0.967532467532	0.0	0.0
-ქოდ	0.0	1.0	0.0	0.0
-სოს	0.360277313668	0.286615070449	0.257212908017	0.0958947078669
-უმდ	0.00416666666666	0.991666666667	0.0	0.00416666666666
-ეთა	0.108810275887	0.77375975889	0.0223166458256	0.0951133193979
-ლურ	0.124935644414	0.0181339740289	0.79446255935	0.0624678222069
-სოჲ	0.18102372035	0.594257178527	0.224719101124	0.0
