-бын	0.209742371981	0.592567555856	0.0838403272494	0.113849744914
-маф	0.0	1.0	0.0	0.0
-мау	0.324073113072	0.512097099694	0.0927117569048	0.0711180303292
-мат	0.0580607265498	0.243086932948	0.615262967649	0.0835893728538
-мас	0.204174410294	0.30486649199	0.124606222051	0.366352875665
-мар	0.118598382749	0.691567192915	0.127454755487	0.0623796688487
-ссе	0.49769203456	0.30524322405	0.160374008758	0.0366907326311
-ах-	0.0	1.0	0.0	0.0
-дол	0.0	1.0	0.0	0.0
-ұза	0.0756756756755	0.924324324324	0.0	0.0
-жоя	0.624535315985	0.200743494424	0.100371747212	0.0743494423792
-дом	0.0137825421133	0.97932618683	0.0	0.00689127105667
-маш	0.0	1.0	0.0	0.0
-туа	0.244604316547	0.593525179856	0.0539568345324	0.107913669065
-туб	0.0	1.0	0.0	0.0
-бым	0.238095238095	0.619047619048	0.142857142857	0.0
-йыс	0.0	1.0	0.0	0.0
-йыр	0.353061793835	0.460468684614	0.127465476357	0.0590040451946
-был	0.228281000991	0.702445047451	0.0241920431868	0.0450819083717
-тул	0.0	1.0	0.0	0.0
-тун	0.0	0.957446808511	0.0425531914893	0.0
-дод	0.0	0.571428571429	0.0	0.428571428571
-сах	0.078947368421	0.921052631579	0.0	0.0
-аон	0.0591133004926	0.403940886699	0.536945812808	0.0
-быз	0.317756832998	0.456369760267	0.0581264800506	0.167746926684
-зің	0.18219846801	0.141159665976	0.0131851572801	0.663456708734
-туш	0.0	0.92	0.08	0.0
-уіп	0.429752005119	0.405496465809	0.0698446461638	0.0949068829079
-идо	0.0	1.0	0.0	0.0
-дон	0.0	1.0	0.0	0.0
-жою	0.814671814672	0.0733590733591	0.0	0.111969111969
-аот	0.0	1.0	0.0	0.0
-тур	0.0	1.0	0.0	0.0
-тус	0.0	1.0	0.0	0.0
-туу	0.540540540541	0.405405405405	0.0	0.0540540540542
-тух	0.0	1.0	0.0	0.0
-йып	0.410073855366	0.185912473698	0.0442495458841	0.359764125052
-йын	0.328979996408	0.231988378095	0.10666173061	0.332369894887
-йым	0.166645218024	0.417829484021	0.0241518231135	0.391373474841
-йыл	0.0513338722716	0.93896523848	0.0	0.00970088924817
-дос	0.0916527052331	0.881738444861	0.0	0.0266088499064
-дор	0.0	1.0	0.0	0.0
-мад	0.0	1.0	0.0	0.0
-туі	0.44006147541	0.324923155738	0.149526127049	0.0854892418033
-жол	0.236933300889	0.229532544031	0.0247530983327	0.508781056748
-ман	0.257304809725	0.269466009611	0.246670158533	0.226559022131
-мам	0.0	0.877551020408	0.0918367346938	0.0306122448979
-мал	0.148313451641	0.684066020172	0.0566048380525	0.111015690134
-быт	0.0483870967742	0.951612903226	0.0	0.0
-май	0.347548146883	0.256563170137	0.0694577358646	0.326430947116
-быр	0.229443252293	0.738486570613	0.011318886033	0.0207512910605
-жүз	0.00755487722763	0.0247171971091	0.00829555146563	0.959432374198
-жүк	0.292937030795	0.588325417497	0.0727746284663	0.0459629232419
-жүн	0.0	0.459019727476	0.540980272524	0.0
-іме	0.339686466148	0.277515940361	0.0499829862589	0.332814607232
-бық	0.805755395684	0.148681055156	0.0455635491606	0.0
-зіб	0.0	1.0	0.0	0.0
-зіп	0.502251579761	0.268643592877	0.0280732580818	0.20103156928
-зім	0.149545345793	0.197538223232	0.0154317990014	0.637484631973
-зін	0.144201523226	0.313325790204	0.0130483976933	0.529424288878
-зік	0.092977567508	0.538379808752	0.359521279795	0.00912134394482
-зіл	0.0931254996003	0.793898214762	0.0194511057821	0.0935251798561
-қка	0.5	0.0	0.25	0.25
-шта	0.352772368556	0.538587680639	0.00922414676642	0.0994158040382
-йық	0.307949603726	0.325327773211	0.162168740396	0.204553882667
-зір	0.115504635366	0.0950752882101	0.0150511544625	0.774368921961
-жоқ	0.18143164808	0.0480542465403	0.00249056442843	0.768023540951
-мақ	0.39252730852	0.323040173704	0.0747691634343	0.209663354342
-маң	0.25	0.5	0.25	0.0
--қу	0.495412844037	0.477064220183	0.0275229357798	0.0
-ек-	0.0	1.0	0.0	0.0
-жүр	0.534974693814	0.116920372445	0.0115906193254	0.336514314415
-йың	0.133574263039	0.487315759637	0.0545634920635	0.324546485261
-йра	0.0	0.888888888889	0.111111111111	0.0
-імі	0.130691133896	0.752364656367	0.0471765830815	0.0697676266558
-ірі	0.255273283285	0.37262446369	0.0997380591309	0.272364193895
-ұщы	0.0413793103448	0.296551724138	0.610344827586	0.051724137931
-фан	0.0193548387097	0.98064516129	0.0	0.0
-фам	0.0	1.0	0.0	0.0
-фал	0.0	1.0	0.0	0.0
-ірш	0.545454545455	0.181818181818	0.0	0.272727272727
-жық	0.5	0.308510638298	0.191489361702	0.0
-әті	0.642780748663	0.127272727273	0.137967914438	0.0919786096257
-іру	0.556720288326	0.279887482419	0.0254922644163	0.137899964838
-ірт	0.143675578522	0.532015277466	0.0226915299933	0.301617614019
-ұға	0.664153132251	0.146751740139	0.0255220417633	0.163573085847
-өгу	0.3	0.7	0.0	0.0
-жың	0.15923566879	0.53821656051	0.289808917197	0.0127388535032
-би-	0.0	1.0	0.0	0.0
-дыр	0.448596570322	0.385663477433	0.139441299738	0.0262986525072
-дыс	0.116228070175	0.743421052632	0.0614035087719	0.0789473684211
-рие	0.0	1.0	0.0	0.0
-рил	0.0	1.0	0.0	0.0
-рик	0.0	1.0	0.0	0.0
-ним	0.0	1.0	0.0	0.0
-ник	0.0	1.0	0.0	0.0
-пай	0.498595004009	0.203761480873	0.077512314773	0.220131200345
-рит	0.0371517027864	0.869969040248	0.0	0.092879256966
-рис	0.0235294117647	0.929411764706	0.0	0.0470588235294
-нит	0.0	0.991379310345	0.00862068965517	0.0
-дыз	0.0212507589557	0.943331309452	0.023274640761	0.0121432908318
-нир	0.0188679245283	0.981132075472	0.0	0.0
-нис	0.0	1.0	0.0	0.0
-ния	0.00685244403837	0.978072179077	0.00548195523071	0.00959342165371
-еях	0.0	1.0	0.0	0.0
-пал	0.0	1.0	0.0	0.0
-рия	0.0977100882394	0.819979364615	0.0373438871521	0.0449666599935
-дып	0.496108949417	0.375486381323	0.035019455253	0.0933852140078
-дым	0.438257182131	0.165657244307	0.0505348413538	0.345550732208
-дын	0.339894964927	0.0881137757538	0.0117521759888	0.56023908333
-құш	0.0	1.0	0.0	0.0
-өге	0.487179487179	0.435897435898	0.0769230769231	0.0
-ұғы	0.0	1.0	0.0	0.0
-іри	0.0	1.0	0.0	0.0
-іре	0.719794907067	0.163221796415	0.0184169990489	0.0985662974689
-слі	0.0	1.0	0.0	0.0
-фах	0.0	1.0	0.0	0.0
-хга	0.0	1.0	0.0	0.0
-фат	0.0	1.0	0.0	0.0
-әші	0.0	1.0	0.0	0.0
-фар	0.0	1.0	0.0	0.0
-шал	0.122448979592	0.632653061224	0.122448979592	0.122448979592
-лжа	0.0993788819876	0.801242236025	0.0186335403727	0.0807453416148
-еил	0.0	1.0	0.0	0.0
-евс	0.0588235294118	0.941176470588	0.0	0.0
-ойы	0.0656208067179	0.272976866996	0.0342821101059	0.62712021618
-лжи	0.311881188119	0.554455445545	0.0	0.133663366337
-раб	0.0	0.895104895105	0.104895104895	0.0
-ірә	0.352941176471	0.450980392157	0.0196078431373	0.176470588235
-еже	0.0783986655547	0.723102585488	0.113427856547	0.0850708924104
-шан	0.127230550849	0.108673794224	0.0151541772055	0.748941477721
-иян	0.227616926503	0.392650334076	0.126503340757	0.253229398664
-иши	0.0	1.0	0.0	0.0
-йды	0.314023407463	0.259715361919	0.0535974709237	0.372663759694
-иша	0.0	1.0	0.0	0.0
-жын	0.0737550406834	0.59311842325	0.298527762533	0.0345987735332
-жып	0.598310854484	0.104795966734	0.169345456112	0.12754772267
-жыл	0.00974658869397	0.977443609023	0.0025619604567	0.0102478418268
-йді	0.468067947556	0.200003962174	0.0431365954942	0.288791494776
-әзи	0.0208333333333	0.9375	0.0	0.0416666666667
-шпа	0.526315789474	0.157894736842	0.0	0.315789473684
-шпе	0.076923076923	0.846153846154	0.0	0.076923076923
-пар	0.34311556121	0.387868562262	0.161143995132	0.107871881396
-жыр	0.261946902655	0.658407079646	0.0318584070797	0.0477876106194
-ңки	0.0	1.0	0.0	0.0
-жел	0.0151870403922	0.971704145796	0.00591495257379	0.0071938612384
-дың	0.0954411083905	0.484559828261	0.0284558698605	0.391543193488
-пи-	0.0	1.0	0.0	0.0
-йде	0.168634155608	0.617520149801	0.0233384895112	0.19050720508
-йда	0.126394519884	0.0912900074825	0.0291471154284	0.753168357205
-ас-	0.465116279069	0.534883720931	0.0	0.0
-ап-	0.0588235294118	0.882352941176	0.0	0.0588235294118
-дық	0.192252221549	0.503952086012	0.131240139104	0.172555553336
-уфа	0.0	1.0	0.0	0.0
-гат	0.0	1.0	0.0	0.0
-бті	0.0	1.0	0.0	0.0
-айс	0.084	0.916	0.0	0.0
-айт	0.512880448801	0.217043891325	0.0310323703895	0.239043289485
-айы	0.149998516431	0.374350199742	0.182349581139	0.293301702688
-тту	0.0	1.0	0.0	0.0
-тіп	0.38158883241	0.0780671052306	0.0160934752469	0.524250587113
-пкі	0.390374331551	0.395721925134	0.0641711229945	0.149732620321
-мти	0.714285714286	0.285714285714	0.0	0.0
-тты	0.365086148787	0.200404414197	0.112417549307	0.322091887709
-ңір	0.150361381273	0.401412994161	0.0184134400991	0.429812184467
-ңіс	0.286713286713	0.508741258741	0.183566433566	0.020979020979
-ипа	0.437908496732	0.43137254902	0.0	0.130718954248
-нта	0.328244274809	0.419847328244	0.160305343511	0.0916030534351
-тті	0.349608210092	0.142315135865	0.112534638467	0.395542015576
-нти	0.0	0.9827006247	0.00288322921672	0.0144161460836
-гын	0.0	1.0	0.0	0.0
-гым	0.172413793103	0.827586206897	0.0	0.0
-тік	0.134824836984	0.633545496673	0.0854792889636	0.14615037738
-нту	0.554744525548	0.445255474452	0.0	0.0
-пке	0.0759955415949	0.859323808559	0.0150302293377	0.0496504205087
-нты	0.865384615385	0.0769230769229	0.0576923076923	0.0
-ңіл	0.269109200036	0.353903938684	0.107292708171	0.269694153108
-тта	0.19117659836	0.387783517023	0.0737828480075	0.347257036609
-ңіп	0.465951473876	0.184672439776	0.134896044027	0.21448004232
-тте	0.199283648349	0.402653527948	0.0269052263402	0.371157597363
-ңін	0.314475025484	0.558103975535	0.112130479103	0.0152905198777
-ңіз	0.260589391446	0.352719705843	0.0355192459533	0.351171656757
-яил	0.0	1.0	0.0	0.0
-тпе	0.269076305221	0.573932092004	0.156991602775	0.0
-тпа	0.426069837323	0.300383379961	0.174075225365	0.0994715573515
-айи	0.652173913044	0.173913043478	0.0434782608695	0.130434782609
-айл	0.0	0.994545454545	0.0	0.00545454545455
-айм	0.0	1.0	0.0	0.0
-габ	0.0	1.0	0.0	0.0
-гаг	0.0	0.428571428572	0.0	0.571428571428
-гай	0.0428979980934	0.957102001907	0.0	0.0
-гал	0.0	1.0	0.0	0.0
-зки	0.0	1.0	0.0	0.0
-туы	0.289503099278	0.669647393558	0.0225586830607	0.0182908241032
-йша	0.081053939773	0.0623704286161	0.0189789534096	0.837596678201
-йше	0.0050658561297	0.974670719352	0.015197568389	0.00506585612968
-юші	0.0	1.0	0.0	0.0
-ңке	0.0	1.0	0.0	0.0
-иғи	0.0898995240613	0.176626123744	0.679534637758	0.0539397144368
-мге	0.139745873172	0.64425863754	0.0126999977237	0.203295491564
-иға	0.484392515306	0.378287488143	0.00603604380443	0.131283952746
-йші	0.458333333333	0.541666666667	0.0	0.0
-ссы	0.0172484599589	0.0168377823409	0.948665297741	0.0172484599589
-ңің	0.192307692308	0.807692307692	0.0	0.0
-ынт	0.0	1.0	0.0	0.0
-зап	0.580479204221	0.231233799555	0.028025947027	0.160261049197
-мап	0.733523835443	0.1651290425	0.0124461377965	0.0889009842608
-иеп	0.272727272727	0.545454545454	0.181818181818	0.0
-мгі	0.261313280516	0.381495904391	0.19377963248	0.163411182614
-ңлі	0.115555555556	0.765037037037	0.119407407407	0.0
-йшы	0.182615424297	0.172040237297	0.231106525664	0.414237812742
-жой	0.266666666666	0.733333333334	0.0	0.0
-быс	0.549085409085	0.217658458194	0.0153613461266	0.217894786595
-қла	0.0	1.0	0.0	0.0
-хты	0.271866753819	0.684072917423	0.029050766214	0.0150095625439
-ясы	0.0221870047543	0.908082408875	0.0570522979398	0.0126782884311
-рлы	0.0725246440338	0.714579275369	0.151760988052	0.0611350925458
-рең	0.184444340345	0.315844537093	0.311550413017	0.188160709545
-юге	0.513541105408	0.226412954088	0.0714630065508	0.188582933953
-кар	0.172723505827	0.54756082615	0.158547759252	0.121167908771
-ібі	0.333333333333	0.555555555556	0.0	0.111111111111
-рлі	0.136681486859	0.350714768424	0.25441079328	0.258192951437
-мүр	0.0125490196078	0.959215686275	0.0188235294118	0.00941176470585
-өту	0.531998946537	0.183565973137	0.0316038978141	0.252831182512
-үзу	0.315158058905	0.427208925679	0.126267170536	0.13136584488
-ел-	0.0	0.75029726516	0.24970273484	0.0
-сия	0.029490616622	0.954423592493	0.0128686327078	0.00321715817694
-сир	0.0	1.0	0.0	0.0
-сис	0.0	0.860465116279	0.139534883721	0.0
-тұт	0.185030606567	0.557874234836	0.237618252643	0.0194769059543
-хақ	0.199085283831	0.231907452247	0.227333871402	0.341673392521
-тұр	0.541535880507	0.0638597250784	0.0107154453945	0.38388894902
-үзі	0.127344222625	0.422716273442	0.265426497278	0.184513006655
-оим	0.0	0.714285714286	0.285714285714	0.0
-сим	0.038961038961	0.961038961039	0.0	0.0
-оик	0.0	0.120443740095	0.879556259905	0.0
-тұз	0.173316826969	0.813897505468	0.0127856675633	0.0
-сиб	0.0	1.0	0.0	0.0
-тұб	0.0	1.0	0.0	0.0
-зық	0.235701563428	0.495646150801	0.206313081338	0.0623392044331
-үзе	0.392156862745	0.517753047165	0.0317965023847	0.0582935877053
-өте	0.167538969166	0.056533735351	0.163414495392	0.612512800091
-кан	0.137931034483	0.862068965517	0.0	0.0
-зиб	0.0	1.0	0.0	0.0
-іба	0.0	0.872576177286	0.0443213296397	0.0831024930747
-хта	0.0	1.0	0.0	0.0
-рле	0.408333333333	0.591666666667	0.0	0.0
-хте	0.407185628742	0.491017964072	0.0898203592814	0.0119760479042
-рла	0.611111111111	0.277777777778	0.111111111111	0.0
-ред	0.0451127819551	0.954887218045	0.0	0.0
-үйі	0.178629778891	0.528918418473	0.0326761790655	0.25977562357
-хад	0.0	1.0	0.0	0.0
-реб	0.0	1.0	0.0	0.0
-хаб	0.00755317034386	0.985158682833	0.0	0.00728814682303
-рем	0.042464381122	0.93054318789	0.0119657168299	0.0150267141585
-рен	0.0806451612903	0.229838709677	0.399193548387	0.290322580645
-хам	0.0	0.959183673469	0.0204081632653	0.0204081632653
-реп	0.556042926325	0.324928207054	0.0385924947594	0.0804363718612
-реи	0.0	1.0	0.0	0.0
-хал	0.195386702849	0.388059701493	0.111261872456	0.305291723202
-рек	0.160238813097	0.0804748770575	0.120935321152	0.638350988694
-рел	0.0	1.0	0.0	0.0
-оқа	0.625000000001	0.374999999999	0.0	0.0
-иыр	0.0254249753104	0.879809207623	0.080897648715	0.0138681683512
-бың	0.0	0.727272727273	0.0	0.272727272727
-оқо	0.0	1.0	0.0	0.0
-оқи	0.727272727273	0.181818181818	0.0909090909091	0.0
-езі	0.169038346315	0.421285200719	0.0584182144997	0.351258238466
-сым	0.154684572902	0.520278325183	0.111062452862	0.213974649053
-ппе	0.0	1.0	0.0	0.0
-әуе	0.0	1.0	0.0	0.0
-ейе	0.428095823985	0.226170659333	0.27878700152	0.0669465151625
-ұюы	0.3663003663	0.60927960928	0.02442002442	0.0
-гев	0.0	0.926829268293	0.0731707317072	0.0
-езе	0.245269796777	0.639103013315	0.0525578135949	0.0630693763139
-оқу	0.086956521739	0.913043478261	0.0	0.0
-иып	0.495791977313	0.275282440653	0.0464254676851	0.182500114348
-иым	0.4	0.6	0.0	0.0
-иын	0.111980295748	0.0858832320138	0.511554108281	0.290582363957
-апа	0.2	0.65	0.0999999999999	0.05
-ейі	0.351052048726	0.452934662237	0.0719822812846	0.124031007752
-реф	0.311688311688	0.62987012987	0.0584415584416	0.0
-рех	0.0	1.0	0.0	0.0
-рер	0.401892328337	0.187754452203	0.0291127436486	0.381240475811
-рес	0.0263059000376	0.945509207065	0.0281848928974	0.0
-хар	0.0	1.0	0.0	0.0
-реу	0.0907694465636	0.325749826378	0.0146253348432	0.568855392216
-хая	0.0	1.0	0.0	0.0
-лса	0.449550767522	0.0468661940399	0.0106396198093	0.492943418629
-реш	0.0545454545454	0.945454545455	0.0	0.0
-лсе	0.50100996315	0.0851781083663	0.0427187116146	0.371093216869
-фра	0.0	1.0	0.0	0.0
-үйе	0.183835288968	0.674752950287	0.0318176461676	0.109594114577
--же	0.75	0.25	0.0	0.0
-әде	0.554041664544	0.274181225488	0.0495339479448	0.122243162023
-рух	0.0180810149343	0.942959892113	0.0178812247141	0.0210778682384
-рут	0.0110192837465	0.415977961433	0.0	0.573002754821
-үхе	0.24	0.76	0.0	0.0
-рус	0.0	1.0	0.0	0.0
-юым	0.857142857143	0.0	0.0	0.142857142857
-ес-	0.0	1.0	0.0	0.0
-руы	0.113169037682	0.629116276236	0.0225424193499	0.235172266732
-руі	0.358912093249	0.254168690303	0.213695968917	0.173223247531
-сең	0.441879517286	0.371325480474	0.0445251838906	0.142269818349
-аха	0.0	1.0	0.0	0.0
-паң	0.086956521739	0.753623188406	0.159420289855	0.0
-ахи	0.0799999999999	0.92	0.0	0.0
-мми	0.0	0.454545454545	0.545454545455	0.0
-кте	0.145364226404	0.688023496138	0.0394019604288	0.127210317029
-төр	0.2	0.4	0.4	0.0
-төс	0.111111111111	0.888888888889	0.0	0.0
-лкі	0.170103092783	0.735395189004	0.053264604811	0.0412371134021
-қим	0.0	1.0	0.0	0.0
-шуи	0.0	1.0	0.0	0.0
-қиш	0.0	1.0	0.0	0.0
-қиы	0.0	1.0	0.0	0.0
-қүй	0.0	1.0	0.0	0.0
-кті	0.16916114034	0.362857311199	0.256635042704	0.211346505756
-қию	0.18125	0.66875	0.0	0.15
-қия	0.0263914978592	0.820886429405	0.0119899815539	0.140732091181
-кты	0.666666666667	0.333333333333	0.0	0.0
-баң	0.6	0.4	0.0	0.0
-лке	0.060606060606	0.909090909091	0.0303030303031	0.0
-оел	0.0	1.0	0.0	0.0
-бақ	0.267173358264	0.561545341992	0.059216211436	0.112065088309
-оед	0.0	1.0	0.0	0.0
-юға	0.548245772837	0.266193562403	0.0631811434158	0.122379521344
-руд	0.0	0.972972972973	0.027027027027	0.0
-руа	0.103448275862	0.689655172414	0.0	0.206896551724
-руб	0.0321844290826	0.934951189108	0.0294646181742	0.00339976363548
-рун	0.0	1.0	0.0	0.0
-рук	0.0	1.0	0.0	0.0
-іті	0.39620576432	0.564392557461	0.00875592849324	0.0306457497264
-ола	0.242792646442	0.156694596383	0.0104132659202	0.590099491255
-сед	0.0	1.0	0.0	0.0
-сей	0.00854457419541	0.991455425805	0.0	0.0
-мси	0.0	1.0	0.0	0.0
-сел	0.206123067596	0.757502273416	0.0	0.0363746589876
-сек	0.350168843164	0.391526439817	0.0344869184534	0.223817798565
-сен	0.0638736890427	0.0631314056032	0.0075010718297	0.865493833524
-сем	0.44648303817	0.320290867878	0.0525902909419	0.180635803011
-сеп	0.18650162506	0.667588686813	0.0504806030012	0.0954290851255
-лды	0.461520252312	0.132807444449	0.0292794591197	0.37639284412
-лді	0.461934235568	0.193977454696	0.0600111383281	0.284077171408
-іту	0.666666666667	0.133333333333	0.2	0.0
-фод	0.0	1.0	0.0	0.0
-екі	0.0864937595475	0.0613404085262	0.0163046305624	0.835861201364
-юың	0.47002064803	0.279820520966	0.0500317662008	0.200127064803
-хес	0.0	1.0	0.0	0.0
-ьта	0.119205298013	0.695364238411	0.0	0.185430463576
-хет	0.0	1.0	0.0	0.0
-оюы	0.613636363637	0.386363636363	0.0	0.0
-бат	0.148597828326	0.433516758379	0.29697201542	0.120913397875
-еса	0.0	1.0	0.0	0.0
-бар	0.383027154027	0.178253198988	0.0042914226285	0.434428224356
-бас	0.0829253612155	0.0655238481182	0.203740729374	0.647810061293
-есе	0.214161710335	0.0994968267461	0.0359735867939	0.650367876125
-өні	0.0200445434299	0.91982182628	0.0	0.0601336302897
-рон	0.00607324331438	0.969633783428	0.00242929732575	0.0218636759317
-ром	0.0	1.0	0.0	0.0
-баш	0.0	1.0	0.0	0.0
-рой	0.0769230769231	0.5	0.0769230769231	0.346153846154
-рох	0.333333333333	0.666666666667	0.0	0.0
-есу	0.29881903853	0.664201359895	0.0133603721818	0.0236192293928
-ест	0.00900900900902	0.990990990991	0.0	0.0
-рос	0.0	1.0	0.0	0.0
-баз	0.297520661157	0.322314049587	0.330578512397	0.0495867768595
-бад	0.0	0.990291262136	0.00970873786408	0.0
-рот	0.0	1.0	0.0	0.0
-бал	0.0390707302197	0.887962740496	0.0672741050142	0.00569242427043
-роя	0.0	1.0	0.0	0.0
-бай	0.243426931511	0.306656785334	0.316588439451	0.133327843704
-бап	0.628917224984	0.285714285714	0.0334990274476	0.0518694618543
-бам	0.16	0.84	0.0	0.0
-бан	0.225931046278	0.423385545088	0.0326382851361	0.318045123498
-өне	0.2997286579	0.172197871008	0.376748069297	0.151325401795
-есі	0.0764995587701	0.700960298811	0.12845406787	0.0940860745495
-хен	0.0	1.0	0.0	0.0
-хем	0.0	0.968223399133	0.00866634569089	0.0231102551757
-хеп	0.0	1.0	0.0	0.0
-фот	0.0	0.333333333333	0.666666666667	0.0
-хел	0.0	1.0	0.0	0.0
-ека	0.0698689956331	0.930131004367	0.0	0.0
-лде	0.129077963397	0.31560802447	0.0306902231179	0.524623789015
-сеу	0.063692657652	0.0658410211045	0.021230885884	0.84923543536
-сет	0.160194913964	0.789553829755	0.0411146642302	0.00913659205118
-лда	0.155317717179	0.723555612523	0.0272374787708	0.0938891915276
-еке	0.183228171798	0.412101047018	0.219498366069	0.185172415114
-олу	0.269933184855	0.180400890869	0.0601336302895	0.489532293987
-еки	0.26509912402	0.58275703089	0.0	0.15214384509
-сея	0.0833333333333	0.916666666667	0.0	0.0
-олы	0.210569397309	0.29003301787	0.264924721096	0.234472863725
-қур	0.0	1.0	0.0	0.0
-қуы	0.536723163842	0.16384180791	0.169491525424	0.129943502825
-зта	0.0	1.0	0.0	0.0
-нім	0.233894023032	0.589233594865	0.0390801604667	0.137792221637
-нін	0.406581507592	0.121307169355	0.0215819957894	0.450529327264
-ніп	0.493951692762	0.25502614017	0.0633616598111	0.187660507258
-нік	0.261000376081	0.526889808199	0.0609251598346	0.151184655886
-ніл	0.0	1.0	0.0	0.0
-оиқ	0.0	1.0	0.0	0.0
-яр-	0.0	1.0	0.0	0.0
-бұқ	0.0	1.0	0.0	0.0
-ни-	0.0	0.571428571429	0.428571428571	0.0
-тің	0.0692522734984	0.802925965889	0.0234554025626	0.10436635805
-йғы	0.224466891134	0.385521885522	0.159932659933	0.230078563412
-әба	0.0	1.0	0.0	0.0
-мба	0.0	1.0	0.0	0.0
-әби	0.0866447564983	0.5533313415	0.333134149985	0.0268897520167
-үңі	0.0	0.952	0.0	0.048
-шна	0.0	1.0	0.0	0.0
-июі	0.6	0.4	0.0	0.0
-йға	0.0645246182773	0.658931313105	0.0194781210381	0.25706594758
-июы	0.21897810219	0.0547445255475	0.726277372263	0.0
-ніш	0.504185692542	0.219939117199	0.120624048706	0.155251141552
-нір	0.0	0.793103448276	0.206896551724	0.0
-ніс	0.0863975670445	0.812229287623	0.0499953921298	0.0513777532025
-қуб	0.0	1.0	0.0	0.0
-қуа	0.555555555556	0.37037037037	0.0	0.0740740740741
-қун	0.0	1.0	0.0	0.0
-бұл	0.132313687171	0.0277056173884	0.000774565647417	0.839206129793
-нің	0.106850240507	0.313790252708	0.0264241062637	0.552935400522
-уди	0.0616103491542	0.612382641803	0.218361960801	0.107645048241
-уде	0.31737278341	0.467853250999	0.127596341182	0.0871776244097
-уда	0.143549533534	0.791591890155	0.017658484902	0.0472000914086
-мре	0.0	1.0	0.0	0.0
-мра	0.0	1.0	0.0	0.0
-зуі	0.655405405406	0.216216216216	0.128378378378	0.0
-мри	0.043956043956	0.956043956044	0.0	0.0
-яда	0.107846597259	0.826863125699	0.0311746367861	0.0341156402565
-тыр	0.566147766389	0.135973346666	0.0300955750851	0.267783311859
-тін	0.411103886227	0.270551835056	0.0674012539898	0.250943024727
-тім	0.311999423538	0.359726000252	0.084639981265	0.243634594945
-тіл	0.470123260029	0.195108157783	0.0332892047864	0.301479377402
-пис	0.047197640118	0.905604719764	0.047197640118	0.0
-зуы	0.272554244385	0.586600685192	0.106585458698	0.0342596117244
-хер	0.0	1.0	0.0	0.0
-пия	0.183311968302	0.477566717166	0.23703531057	0.102086003962
-зур	0.0	1.0	0.0	0.0
-еһу	0.0833333333333	0.916666666667	0.0	0.0
-ипр	0.0349344978166	0.965065502183	0.0	0.0
-пим	0.0	1.0	0.0	0.0
-тіх	0.163636363636	0.590909090909	0.218181818182	0.0272727272727
-яды	0.312284499031	0.194388408008	0.0297398597175	0.463587233244
-тіс	0.629169391759	0.226073686505	0.0388053193808	0.105951602354
-тір	0.025523001951	0.919368597079	0.00494075319037	0.0501676477792
-лхи	0.0	1.0	0.0	0.0
-уды	0.414146804922	0.393469271004	0.0756139934912	0.116769930583
-уді	0.309789086312	0.452666861619	0.0490837813316	0.188460270737
-бұр	0.12540192926	0.556270096463	0.0	0.318327974277
-зим	0.0	1.0	0.0	0.0
-зин	0.0	0.554054054054	0.0	0.445945945946
-сір	0.0311568680575	0.904045877359	0.0171588548722	0.047638399711
-зиз	0.0	1.0	0.0	0.0
-сіх	0.0249475659565	0.844280089782	0.00161901607977	0.129153328182
-афу	0.0	1.0	0.0	0.0
-іну	0.27626918536	0.44746162928	0.12987012987	0.14639905549
-шыт	0.25	0.75	0.0	0.0
-шыр	0.0845603702145	0.634623474968	0.192469499369	0.088346655448
-іні	0.264290642538	0.544402916733	0.0416783708323	0.149628069897
-шып	0.58424339085	0.14348593628	0.0520562882851	0.220214384585
-шым	0.202491106809	0.67102796161	0.0662808727995	0.0602000587812
-шын	0.182911641007	0.276343395829	0.0592205478008	0.481524415363
-шыл	0.0833333333334	0.750396825397	0.150396825397	0.015873015873
-хік	0.259689922481	0.728682170543	0.0	0.0116279069767
-ксе	0.415905618137	0.41494616396	0.114423794464	0.0547244234391
-іни	0.0265235250472	0.747317050783	0.0695233797129	0.156636044457
-афа	0.0	1.0	0.0	0.0
-іне	0.195375392355	0.401412327173	0.0388764288331	0.364335851638
-аты	0.183883025191	0.597654839023	0.048820656766	0.16964147902
-пол	0.0217391304348	0.978260869565	0.0	0.0
-сік	0.0854586129754	0.821029082774	0.0317673378076	0.061744966443
-зия	0.00976880494954	0.987626180397	0.0	0.00260501465321
-сім	0.0945126274164	0.800009452838	0.02686181526	0.0786161044854
-сін	0.380252127914	0.363438604771	0.0438038689313	0.212505398384
-сіп	0.331938435251	0.254184432071	0.0224755589876	0.391401573691
-зиф	0.0	1.0	0.0	0.0
-иең	0.367925530032	0.319895232365	0.00743283899055	0.304746398613
-зир	0.0473372781066	0.885601577909	0.0236686390533	0.043392504931
-сіз	0.216118010109	0.24937781626	0.222319885911	0.312184287719
-үші	0.153504976201	0.672327996538	0.063825183903	0.110341843358
-ата	0.374614239553	0.361406184015	0.0476862016713	0.216293374761
-лли	0.0	1.0	0.0	0.0
-ігі	0.230365448164	0.495527270442	0.111309799355	0.162797482038
-аға	0.082745465486	0.643977104037	0.016682127605	0.256595302872
-лла	0.0335664335664	0.605594405594	0.181818181818	0.179020979021
-оди	0.0	1.0	0.0	0.0
-одо	0.0	1.0	0.0	0.0
-ода	0.0	0.982857142857	0.0	0.0171428571429
-скі	0.0757719888775	0.365231230792	0.439631201522	0.119365578809
-рта	0.249256526049	0.606234166758	0.0512170943937	0.0932922127987
-рте	0.32770218621	0.196453141721	0.0638281608317	0.412016511237
-інә	0.350751610594	0.408017179671	0.146743020759	0.0944881889764
-рти	0.0	1.0	0.0	0.0
-рту	0.393210776071	0.418675036431	0.0451929903225	0.142921197175
-ске	0.299233623276	0.380838811114	0.0210201394073	0.298907426203
-рты	0.0626808100289	0.638379942141	0.0520732883317	0.246865959499
-шың	0.521504765592	0.449851280238	0.0286439541696	0.0
-рті	0.0796087009838	0.872349178596	0.00955304411805	0.0384890763017
-үше	0.0168855534709	0.96435272045	0.0187617260788	0.0
-ағу	0.565154264973	0.3055353902	0.0340290381125	0.0952813067151
-ллу	0.222222222222	0.777777777778	0.0	0.0
-сің	0.447218468707	0.277072979545	0.0617294189025	0.213979132846
-ағы	0.135767574556	0.378315321692	0.0542828115402	0.431634292212
-іге	0.195393695743	0.636007780897	0.0339657114712	0.134632811889
-ллі	0.0295714643722	0.0714643722329	0.0295714643722	0.869392699023
-уық	0.289523809524	0.34	0.144761904762	0.225714285714
-бба	0.02997002997	0.947052947053	0.0	0.022977022977
-дши	0.0	1.0	0.0	0.0
-әжі	0.0188481675393	0.889005235602	0.0795811518324	0.0125654450262
-дүр	0.5	0.5	0.0	0.0
-лна	0.0	0.925	0.0750000000001	0.0
-фон	0.0	1.0	0.0	0.0
-ісе	0.664924072691	0.209360219069	0.0336071695295	0.0921085387104
-ігу	0.333333333333	0.0	0.0	0.666666666667
-ісп	0.0	1.0	0.0	0.0
-уың	0.328193186402	0.459103744178	0.0481315779823	0.164571491437
-ние	0.0968596157605	0.793484635755	0.0186610268896	0.0909947215953
-еле	0.575283217704	0.0950371037148	0.0290353034162	0.300644375165
-леа	0.0	1.0	0.0	0.0
-леп	0.478137044778	0.243320353453	0.0267200163281	0.251822585441
-елк	0.78813559322	0.127118644068	0.0720338983051	0.0127118644068
-лен	0.373041831641	0.4875193665	0.129110001721	0.0103288001377
-лем	0.232794118961	0.496494064473	0.0137111109126	0.257000705653
-лел	0.306808134394	0.624226348364	0.026525198939	0.0424403183023
-лек	0.182283509683	0.455976164101	0.0435463539478	0.318193972268
-лей	0.685280487864	0.191796774957	0.0488443677728	0.0740783694061
-елу	0.188218711458	0.234025371469	0.021069477888	0.556686439185
-лех	0.0	1.0	0.0	0.0
-леф	0.0	1.0	0.0	0.0
-ісі	0.0895347477964	0.553291382083	0.0862307430106	0.27094312711
-лет	0.109441876391	0.798108200651	0.0171203561034	0.075329566855
-лес	0.294240333708	0.531311834858	0.0653510882934	0.109096743141
-лер	0.118843882702	0.654823457428	0.0462316466612	0.180101013208
-лея	0.00655451168888	0.993445488311	0.0	0.0
-леш	0.0	1.0	0.0	0.0
-ісу	1.0	0.0	0.0	0.0
-елі	0.0522311970495	0.730383645617	0.10675788063	0.110627276703
-иоқ	0.12	0.82	0.0599999999999	0.0
-рий	0.0	0.978260869565	0.0	0.0217391304348
-рип	0.0	1.0	0.0	0.0
-іб-	0.0	1.0	0.0	0.0
-моқ	0.0	0.0	0.0	1.0
-ббы	0.180616740088	0.392070484581	0.0	0.42731277533
-рим	0.0670574210213	0.814722829326	0.112259090006	0.00596065964633
-шма	0.0	1.0	0.0	0.0
-иох	0.0	1.0	0.0	0.0
-иос	0.0	0.921568627451	0.078431372549	0.0
-иор	0.0	1.0	0.0	0.0
-иот	0.00289296046288	0.97974927676	0.00578592092575	0.0115718418515
-мут	0.0	1.0	0.0	0.0
-йза	0.0937500000001	0.875	0.0	0.03125
-түн	0.0256127990606	0.86936738588	0.0803610744166	0.0246587406429
-түп	0.07988938393	0.769037742613	0.0040968914836	0.146975981974
-түк	0.101248266297	0.598474341193	0.0450762829403	0.25520110957
-лең	0.360975609756	0.49756097561	0.141463414634	0.0
-уыз	0.421059448903	0.310765367888	0.120312663468	0.147862519741
-азу	0.267599538373	0.52538949798	0.105308713214	0.101702250433
-мос	0.0	0.983553692357	0.01451144792	0.00193485972267
-мор	0.0275862068965	0.931034482759	0.0	0.0413793103449
-уыл	0.0819746204683	0.77983572982	0.0103207280252	0.127868921687
-риф	0.0	1.0	0.0	0.0
-уын	0.271154258116	0.604724532123	0.0467073360727	0.0774138736879
-уым	0.211783812745	0.54672820696	0.0661409324806	0.175347047815
-уып	0.49830668975	0.124791724646	0.0161740947025	0.360727490901
-уер	0.0	1.0	0.0	0.0
-мұз	0.0857142857142	0.742857142857	0.0	0.171428571428
-ызы	0.0429535303621	0.764990972156	0.0730780195762	0.118977477905
-ызу	0.443665377176	0.2333172147	0.220623791103	0.102393617021
-ез-	0.0	0.882352941177	0.0	0.117647058823
-ыза	0.211350158599	0.683836712178	0.0992966487381	0.00551648048545
-еят	0.0	1.0	0.0	0.0
-уыс	0.0228829589906	0.852546326055	0.0192833924079	0.105287322547
-уыр	0.206326068073	0.262158411294	0.235530217558	0.295985303074
-уен	0.092879256966	0.609907120743	0.0371517027864	0.260061919505
-уыт	0.109060402685	0.790268456376	0.0604026845637	0.0402684563758
-мон	0.0116772823779	0.966648973815	0.000265392781316	0.0214083510262
-уыш	0.226400613968	0.666155026861	0.107444359171	0.0
-муа	0.0	1.0	0.0	0.0
-ьма	0.00972447325769	0.990275526742	0.0	0.0
-түр	0.260479041916	0.691616766467	0.0479041916168	0.0
-түс	0.251879699248	0.537883169462	0.0289184499711	0.181318681319
-мул	0.0	1.0	0.0	0.0
-ион	0.01880099326	0.906704505144	0.0106420716566	0.0638524299397
-бес	0.0411638504467	0.050119396048	0.0237646971651	0.88495205634
-бер	0.306710047922	0.180358875354	0.0456189178859	0.467312158838
-беу	0.0325865580448	0.792260692464	0.0	0.175152749491
-бет	0.204599218793	0.350827969412	0.0128183968752	0.43175441492
-күш	0.248543994963	0.364866991972	0.129702502755	0.25688651031
-өже	0.25	0.75	0.0	0.0
-оса	0.0959059036417	0.136394480887	0.0380004523863	0.729699163085
-язы	0.0	0.0	1.0	0.0
-бея	0.0	1.0	0.0	0.0
-хон	0.0	1.0	0.0	0.0
-рза	0.0315681055124	0.928276194171	0.00200644738426	0.0381492529328
-та-	0.0	0.666666666667	0.333333333333	0.0
-хол	0.0	1.0	0.0	0.0
-ход	0.0322580645161	0.870967741936	0.0	0.0967741935482
-үлі	0.179856115108	0.820143884892	0.0	0.0
-хоб	0.0	1.0	0.0	0.0
-шиқ	0.714285714286	0.285714285714	0.0	0.0
-лут	0.0769230769231	0.923076923077	0.0	0.0
-лух	0.0	1.0	0.0	0.0
-ихы	0.107142857143	0.642857142857	0.0357142857144	0.214285714286
-луы	0.484667852327	0.224441534583	0.0744034240819	0.216487189009
-фты	0.0	1.0	0.0	0.0
-ұты	0.138461538462	0.646153846154	0.0923076923076	0.123076923077
-луі	0.241711749202	0.586801220696	0.0532320710223	0.118254959079
-сол	0.0242256057258	0.0119426273189	0.00664705123293	0.957184715722
-сом	0.0446096654277	0.955390334572	0.0	0.0
-сон	0.0374315276932	0.905051734632	0.00456482045039	0.0529519172245
-сор	0.0355029585799	0.947403024326	0.00394477317555	0.0131492439185
-сот	0.135223048327	0.729321561338	0.00278810408921	0.132667286245
-әсі	0.122755588128	0.767314034445	0.0824477830707	0.0274825943569
-тоқ	0.466666666667	0.0666666666668	0.466666666667	0.0
-луб	0.0	1.0	0.0	0.0
-луа	0.0	1.0	0.0	0.0
-ұта	0.096449047531	0.781641082547	0.0679674496024	0.0539424203195
-фта	0.0422535211268	0.957746478873	0.0	0.0
-лул	0.0	1.0	0.0	0.0
-иха	0.0142857142857	0.938095238095	0.0	0.047619047619
-лум	0.0	1.0	0.0	0.0
-хош	0.0580419808703	0.789769203147	0.123396337283	0.0287924786995
-іху	0.0	0.962962962963	0.0370370370371	0.0
-хор	0.0	1.0	0.0	0.0
-күм	0.0	1.0	0.0	0.0
-осы	0.0324244977599	0.0269712248556	0.00193429996439	0.93866997742
-күй	0.117516629712	0.671840354767	0.130820399113	0.0798226164079
-без	0.0	1.0	0.0	0.0
-күл	0.120243683212	0.829821232398	0.0459402776391	0.00399480675122
-бей	0.511480562448	0.261555004136	0.0588089330025	0.168155500414
-осу	0.0	1.0	0.0	0.0
-бел	0.144167160911	0.756375747069	0.0136867557826	0.085770336238
-бек	0.473535174634	0.378228395831	0.0589642089188	0.0892722206167
-бен	0.130623056205	0.36443928231	0.0177190345695	0.487218626916
-беп	0.298046538351	0.510916403333	0.0488365412237	0.142200517093
-йем	0.156931124673	0.51176983435	0.278988666086	0.052310374891
-шип	0.0	1.0	0.0	0.0
-шим	0.0	1.0	0.0	0.0
-ұши	0.0	1.0	0.0	0.0
-икс	0.0	0.97460209956	0.0253979004402	0.0
-ғұл	0.0	1.0	0.0	0.0
-соқ	0.466666666667	0.409523809524	0.047619047619	0.0761904761905
-қша	0.12650332412	0.616157466198	0.100844102488	0.156495107194
-охо	0.0	1.0	0.0	0.0
-соң	0.169953159634	0.00906138039675	0.000418217556775	0.820567242413
-мық	0.0	1.0	0.0	0.0
-юлі	0.461538461539	0.538461538461	0.0	0.0
-лқи	0.639344262295	0.0737704918033	0.286885245902	0.0
-лқа	0.0255319148936	0.974468085106	0.0	0.0
-ұша	0.340753424657	0.196917808219	0.171232876712	0.291095890411
-хұс	0.0	1.0	0.0	0.0
-лқы	0.0670691961988	0.468523791554	0.0285430031905	0.435864009057
-уба	0.0	0.933333333333	0.0666666666667	0.0
-лқу	0.117955439056	0.685452162516	0.117955439056	0.0786369593709
-қшы	0.476045815377	0.401027011965	0.0551280412816	0.0677991313767
-рал	0.245426829268	0.577743902439	0.0121951219512	0.164634146341
-бең	0.340996168582	0.417624521073	0.218390804598	0.0229885057471
-ике	0.0	1.0	0.0	0.0
-юта	0.0	1.0	0.0	0.0
-күң	0.257142857143	0.685714285714	0.0	0.0571428571428
-шия	0.0652579241765	0.801118707272	0.0	0.133623368552
-нса	0.453875016173	0.407254064778	0.0759046017165	0.0629663173331
-шир	0.00888625592417	0.982227488152	0.0	0.00888625592417
-нсе	0.660233806824	0.209339250295	0.0830945845771	0.0473323583034
-мды	0.227701623919	0.464174680545	0.0820054689218	0.226118226614
-пни	0.0	1.0	0.0	0.0
-ұлы	0.0236949366036	0.78865875251	0.151010659157	0.0366356517296
-ран	0.599626598405	0.219029977807	0.0940108967509	0.0873325270364
-зшы	0.646448718897	0.239786188798	0.0229124091331	0.0908526831712
-ышы	0.146601198827	0.508927432725	0.27879097054	0.0656803979084
-ұлу	0.172574626866	0.33737562189	0.39210199005	0.0979477611941
-ұлт	0.0836322193544	0.799634632789	0.0614252673214	0.055307880535
-зші	0.597944297082	0.226724137931	0.0351458885941	0.140185676393
-мді	0.308799090229	0.364681559232	0.0723900561197	0.254129294419
-кіл	0.0160212745087	0.0422337299987	0.205076984637	0.736668010855
-ңқы	0.138660907127	0.646220302376	0.139956803456	0.075161987041
-тма	0.0	1.0	0.0	0.0
-жақ	0.207716962525	0.50850591716	0.0721153846153	0.2116617357
-рад	0.0	1.0	0.0	0.0
-ады	0.414075263356	0.104258338691	0.0337809142092	0.447885483744
-ада	0.103776295501	0.647981125963	0.0244997315647	0.223742846971
-ади	0.0344827586207	0.701149425287	0.0804597701149	0.183908045977
-оңы	0.0403587443946	0.838565022422	0.0403587443946	0.0807174887892
-ялы	0.0182926829268	0.0182926829268	0.963414634146	0.0
-ялу	0.157894736842	0.210526315789	0.631578947369	0.0
-ыша	0.249804284393	0.582591986336	0.138780157996	0.0288235712761
-қақ	0.0884087823603	0.820069285146	0.0258648939656	0.0656570385281
-зше	0.428571428572	0.142857142857	0.285714285714	0.142857142857
-мда	0.203430577794	0.360544602	0.0529967736518	0.383028046554
-зша	0.180232558139	0.742248062016	0.0542635658914	0.0232558139535
-мде	0.170255189856	0.463289130166	0.0302383340852	0.336217345893
-ұла	0.255197717081	0.414186710151	0.194863432532	0.135752140236
-ауа	0.0911992704058	0.826265389877	0.0414956680347	0.0410396716826
-аум	0.0191846522782	0.964028776978	0.0	0.0167865707434
-аул	0.0217032618353	0.904937174768	0.0011422769387	0.0722172864577
-шық	0.281614441524	0.237893262406	0.0819968838037	0.398495412266
-жан	0.166606293318	0.325955710111	0.0283754739308	0.47906252264
-жам	0.555555555556	0.444444444444	0.0	0.0
-жап	0.146107358692	0.500533238535	0.214717383576	0.138642019197
-жай	0.253284669362	0.255575088568	0.156843147928	0.334297094142
-жал	0.127799089646	0.806087889959	0.032619640019	0.0334933803766
-жаз	0.763315081366	0.123890217949	0.0	0.112794700685
-хқа	0.178367035483	0.784433422358	0.0206028233499	0.0165967188096
-ят-	0.0	0.842900302115	0.102719033233	0.0543806646525
-қар	0.119954648526	0.769538926682	0.0783824640968	0.0321239606954
-қас	0.0794080867028	0.602959566486	0.206752813672	0.110879533139
-қат	0.124592166246	0.737346696338	0.0656214968126	0.0724396406043
-қау	0.308140774859	0.280636253816	0.328914635785	0.0823083355398
-қах	0.047619047619	0.857142857143	0.095238095238	0.0
-лұз	0.0	0.916666666667	0.0	0.0833333333333
-узи	0.0	1.0	0.0	0.0
-қай	0.29487294783	0.178332683834	0.015338189594	0.511456178742
-от-	0.0256959314776	0.79443254818	0.179871520342	0.0
-қал	0.0813349814586	0.69412855377	0.00475896168108	0.21977750309
-қам	0.134205153999	0.602217028117	0.144836632247	0.118741185637
-қан	0.158870800155	0.46782247747	0.0201887929397	0.353117929436
-қап	0.592551946777	0.272732319307	0.0414293156604	0.0932864182559
-қад	0.0055172413793	0.994482758621	0.0	0.0
-қаз	0.666666666667	0.333333333333	0.0	0.0
-жая	0.368007850834	0.322865554465	0.0834151128557	0.225711481845
-жас	0.0563925185755	0.168139892391	0.568165513707	0.207302075327
-жар	0.173876907645	0.0990327434263	0.00730816077953	0.719782188149
-жау	0.252619034422	0.326672579125	0.0274375034643	0.393270882989
-жат	0.479010815388	0.366396354717	0.0269730008118	0.127619829084
-рая	0.0	1.0	0.0	0.0
-аус	0.0428571428572	0.871428571429	0.0857142857141	0.0
-ауы	0.331375803415	0.374707317345	0.0564534993817	0.237463379858
-пух	0.0	0.333333333333	0.666666666667	0.0
-пур	0.0	1.0	0.0	0.0
-һар	0.00904159132006	0.934900542495	0.0524412296564	0.00361663652802
-оны	0.0586363990998	0.0134010320018	0.00151450019199	0.926448068706
-өсе	0.838893409276	0.053702196908	0.00976403580146	0.0976403580146
-яфа	0.0049751243781	0.975124378109	0.00995024875622	0.00995024875621
-хса	0.048	0.496	0.0	0.456
-өзі	0.223928381124	0.122819119887	0.014150432362	0.639102066626
-ржы	0.0768468021815	0.893406048587	0.0	0.0297471492315
-уің	0.271856745503	0.275322688337	0.0443895679483	0.408430998212
-ржу	0.0901161263202	0.755399085702	0.154484787977	0.0
-құқ	0.0909090909091	0.909090909091	0.0	0.0
-һқа	0.0	1.0	0.0	0.0
-нда	0.155982103561	0.170293857707	0.0218789761096	0.651845062622
-нде	0.275482998515	0.215260492223	0.0279547152142	0.481301794048
-нды	0.313054097079	0.478759360787	0.099774800011	0.108411742123
-өзе	0.476720647773	0.183198380567	0.081983805668	0.258097165992
-мах	0.0	1.0	0.0	0.0
-ржи	0.51724137931	0.379310344828	0.103448275862	0.0
-нді	0.288156415204	0.115837543589	0.0224802553072	0.5735257859
-хпа	0.0	1.0	0.0	0.0
-спа	0.321491832316	0.531391458374	0.135308010234	0.011808699075
-һам	0.0	1.0	0.0	0.0
-һан	0.507484662577	0.452024539877	0.040490797546	0.0
-она	0.075	0.925	0.0	0.0
-оно	0.0	1.0	0.0	0.0
-они	0.0	1.0	0.0	0.0
-мән	0.447708578143	0.305522914219	0.0634547591069	0.183313748531
-мәз	0.283018867925	0.0754716981132	0.566037735849	0.0754716981132
-құл	0.172267500279	0.713855085408	0.0241896468311	0.0896877674817
-құй	0.866666666667	0.133333333333	0.0	0.0
-құп	0.343283582089	0.423880597015	0.089552238806	0.14328358209
-құн	0.211413748379	0.664072632944	0.0155642023346	0.108949416342
-құм	0.24144625091	0.506996683653	0.110005662056	0.141551403381
-құз	0.111111111111	0.444444444444	0.0	0.444444444445
-ифа	0.0	0.964071856287	0.0	0.0359281437126
-уру	0.211359912616	0.132168214091	0.455488803932	0.200983069361
-оре	0.126315789474	0.873684210526	0.0	0.0
-ора	0.0122149837134	0.975570032573	0.00244299674267	0.00977198697068
-уім	0.503136701341	0.273049142084	0.0602889223217	0.163525234253
-уін	0.200812633103	0.177039912172	0.0426336939353	0.579513760789
-үма	0.0472440944882	0.952755905512	0.0	0.0
-бке	0.0	0.733333333333	0.266666666667	0.0
-ил-	0.151898734177	0.113924050633	0.632911392405	0.101265822785
-ори	0.242424242424	0.636363636364	0.0	0.121212121212
-уіш	0.155786350149	0.767332074454	0.0526031831669	0.0242783922309
-ору	0.157894736842	0.631578947368	0.21052631579	0.0
-орт	0.303030303031	0.0	0.333333333333	0.363636363636
-уіт	0.0069714319618	0.938443739061	0.000444985018837	0.0541398439586
-уір	0.26615804221	0.220117795436	0.245935249787	0.267788912567
-оры	0.0	0.390909090909	0.0181818181819	0.590909090909
-ура	0.138005780347	0.150289017341	0.131322254335	0.580382947977
-уре	0.216091954023	0.374712643678	0.354022988506	0.055172413793
-ури	0.0	1.0	0.0	0.0
-нуй	0.0689655172414	0.931034482759	0.0	0.0
-ғақ	0.176492583821	0.556774273963	0.171382275957	0.0953508662595
-құя	0.857142857143	0.142857142857	0.0	0.0
-құю	0.301003344482	0.448160535117	0.250836120401	0.0
-құт	0.0	0.890510948905	0.109489051095	0.0
-құс	0.0801469360494	0.864752045417	0.0	0.055101018534
-құр	0.266433783408	0.20238375452	0.136680718122	0.39450174395
