jer-	0.0449336939012	0.863653324063	0.0107708598164	0.0806421222197
cóm-	0.382382382382	0.552552552553	0.0	0.0650650650651
agu-	0.0566037735849	0.867924528302	0.0754716981132	0.0
atá-	0.338028169014	0.394366197183	0.0281690140845	0.239436619718
ayë-	0.437521634429	0.372885657318	0.163729360405	0.0258633478481
jis-	0.700029382696	0.229051473142	0.0508854876192	0.020033656543
del-	0.13364681809	0.336181441027	0.0333631305036	0.496808610379
inó-	0.429398986242	0.407675597393	0.0760318609703	0.0868935553946
mou-	0.506832298137	0.400248447205	0.0104347826087	0.0824844720496
cho-	0.206152797424	0.0535154332736	0.00516911543508	0.735162653867
fsë-	0.516262661781	0.212001877255	0.0542696315536	0.21746582941
jac-	0.364027682476	0.526903473956	0.0289637050672	0.0801051385004
viu-	0.0454042199956	0.815988713148	0.0224671448377	0.116139922019
uju-	0.24	0.76	0.0	0.0
tít-	0.549382561431	0.156050397014	0.0771485108834	0.217418530671
abí-	0.0317656401659	0.968234359834	0.0	0.0
joe-	0.512	0.472	0.0	0.016
eno-	0.394992118346	0.488298775312	0.0912453013217	0.02546380502
mar-	0.020236568334	0.813880575745	0.00617547859959	0.159707377322
jóy-	0.537875395681	0.293628464718	0.0437546427027	0.124741496898
tcb-	0.542683428032	0.19763771838	0.0387651449699	0.220913708618
lis-	0.0202985074627	0.922388059701	0.0573134328358	0.0
ism-	0.470111144488	0.161910483629	0.178732352058	0.189246019826
peo-	0.120452176702	0.790074561052	0.0663833881183	0.0230898741281
iño-	0.114307060142	0.838625326859	0.0	0.0470676129996
san-	0.242947747476	0.62564608937	0.0346155299877	0.0967906331662
sóy-	0.309964153703	0.213670991561	0.0506659163787	0.425698938357
úto-	0.293939393939	0.687878787879	0.0181818181818	0.0
tom-	0.255165663849	0.564978730053	0.073670959963	0.106184646135
pre-	0.519379844961	0.341085271318	0.093023255814	0.046511627907
fig-	0.0	1.0	0.0	0.0
ele-	0.0	1.0	0.0	0.0
cao-	0.508506616257	0.373660995589	0.0699432892249	0.0478890989289
jaj-	0.317425455961	0.585327798308	0.0344285643847	0.0628181813463
béc-	0.150260567458	0.155536254262	0.0265392781316	0.667663900148
ebt-	0.279776179057	0.696243005596	0.0239808153477	0.0
tse-	0.441527503846	0.40935569583	0.0877232110564	0.0613935892676
der-	0.169398710721	0.542792081131	0.038156859932	0.249652348215
ujq-	0.420664206642	0.483394833948	0.0	0.0959409594096
tjo-	0.0459636064281	0.710326375907	0.132059615484	0.111650402182
pró-	0.0	1.0	0.0	0.0
mën-	0.378966263275	0.125987731423	0.00993904020607	0.485106965096
mil-	0.0500927643785	0.693877551021	0.0	0.256029684601
atb-	0.225957257814	0.748407720221	0.0245378031264	0.00109721883899
tib-	0.0	0.798224601945	0.151049739326	0.050725658729
vín-	0.124294913872	0.818922735368	0.0386603239212	0.0181220268381
yer-	0.0558659217877	0.944134078212	0.0	0.0
tsb-	0.201102615674	0.479187116019	0.0738443488735	0.245865919433
ari-	0.0291262135922	0.923139158576	0.0331715210356	0.0145631067961
ini-	0.670280036134	0.289069557362	0.0135501355014	0.0271002710027
bay-	0.132302221917	0.673502107922	0.0818132796506	0.112382390509
mig-	0.0635930047695	0.936406995231	0.0	0.0
tam-	0.151793407199	0.764751421389	0.0625913785591	0.0208637928531
tai-	0.051675396304	0.886271667507	0.016775212794	0.0452777233951
júy-	0.205884951842	0.573208447468	0.167889016524	0.0530175841655
lao-	0.0	1.0	0.0	0.0
fch-	0.416148334021	0.299150717686	0.117740941555	0.166960006739
abr-	0.0552955942458	0.865143372059	0.0296205709137	0.0499404627812
lua-	0.130310059071	0.421254036603	0.0242961135006	0.424139790826
zaq-	0.046283309958	0.938288920056	0.0	0.015427769986
nor-	0.0609137055837	0.746192893401	0.131979695431	0.0609137055838
ong-	0.411953940818	0.207368447928	0.169785789057	0.210891822197
her-	0.057069151108	0.827456293382	0.0465832745629	0.0688912809472
nÿe-	0.112642764016	0.0947169275085	0.0567492308326	0.735891077643
ate-	0.018691588785	0.978193146417	0.00311526479752	0.0
cum-	0.0176470588235	0.894117647059	0.0176470588235	0.0705882352941
jat-	0.482885170174	0.306642328199	0.0773603921694	0.133112109457
sin-	0.0539255969973	0.064337307709	0.00605527601966	0.875681819274
bec-	0.220099713079	0.146514951507	0.15507893043	0.478306404984
dor-	0.0742857142857	0.411428571428	0.0	0.514285714286
uaj-	0.161635072028	0.688286337781	0.105510129732	0.0445684604589
obë-	0.252152521525	0.469864698647	0.248462484625	0.029520295203
pat-	0.00784946471011	0.111048121579	0.0291084316333	0.851993982077
osh-	0.172253798863	0.712910335228	0.114835865909	0.0
alt-	0.0753640342548	0.903966504874	0.00476987558574	0.0158995852858
júb-	0.754004156987	0.136936055752	0.0073358601296	0.10172392713
urb-	0.0	1.0	0.0	0.0
jué-	0.12	0.563636363636	0.272727272727	0.0436363636364
fsh-	0.152818530772	0.624100792332	0.0261163895117	0.196964287385
oma-	0.08	0.728888888889	0.191111111111	0.0
cab-	0.287275623307	0.0529119545765	0.0247314225749	0.635080999541
uam-	0.182574413705	0.35863170013	0.283242707059	0.175551179107
naí-	0.0434782608696	0.826086956522	0.0	0.130434782609
mej-	0.125623647094	0.783720112734	0.0906562401712	0.0
gen-	0.015873015873	0.984126984127	0.0	0.0
raz-	0.270177838577	0.362517099863	0.0433196534428	0.323985408117
naa-	0.0287225312301	0.91383240631	0.0574450624601	0.0
jam-	0.496662754437	0.107885314243	0.0377093113128	0.357742620008
urí-	0.0	1.0	0.0	0.0
aca-	0.0192407149132	0.0427379528388	0.00242705195082	0.935594280297
món-	0.877777777778	0.0444444444444	0.0666666666667	0.0111111111111
bej-	0.518214607755	0.392335437331	0.0122633002705	0.0771866546439
boc-	0.425362346238	0.395913261068	0.0893251815772	0.0893992111169
vel-	0.0462606013878	0.676175790285	0.277563608327	0.0
emp-	0.259165613148	0.482932996207	0.194690265487	0.063211125158
por-	0.215771750162	0.659332041701	0.0528185256942	0.072077682443
jáy-	0.469735849057	0.168754716981	0.119811320755	0.241698113208
bua-	0.161202388351	0.695089502769	0.0724485202471	0.0712595886326
alf-	0.00837520938025	0.99162479062	0.0	0.0
pas-	0.205703456918	0.173304398325	0.419048201241	0.201943943516
cos-	0.182638146381	0.414077759792	0.394252537139	0.00903155668912
ató-	0.171693735499	0.828306264501	0.0	0.0
ent-	0.187798007544	0.41426263661	0.029285924433	0.368653431412
och-	0.078246248266	0.852629366514	0.0280129471605	0.0411114380596
put-	0.0703125	0.9296875	0.0	0.0
cro-	0.225169978103	0.602662176065	0.0416625956217	0.130505250211
uts-	0.623932613169	0.240715020576	0.0786394032922	0.0567129629629
ped-	0.0145144060318	0.848144478333	0.00170302364107	0.135638091994
sau-	0.045055477188	0.831357769964	0.00189485651725	0.12169189633
say-	0.331264600258	0.489958509118	0.0945748056204	0.084202085004
che-	0.213127439352	0.0774742802523	0.0160096089728	0.693388671423
iñb-	0.0158670192671	0.936531922932	0.0476010578013	0.0
sap-	0.0	1.0	0.0	0.0
asi-	0.049979989813	0.918503965655	0.0133704431347	0.0181456013971
dia-	0.192951614079	0.698398673759	0.0994680463455	0.00918166581652
nan-	0.309621665153	0.238341912177	0.0872973755959	0.364739047074
oto-	0.208310757304	0.753178010253	0.0253824032009	0.0131288292419
uva-	0.100391958369	0.825490282267	0.0246838313482	0.0494339280155
lin-	0.00408719346051	0.852861035422	0.138964577657	0.00408719346049
uic-	0.516349281228	0.350572286913	0.103533033741	0.0295453981181
chá-	0.226186045279	0.117513750353	0.0464246242752	0.609875580093
chn-	0.0550685547314	0.0809170600135	0.0247246572263	0.839289728029
mue-	0.246635382286	0.0834833487914	0.0188205622207	0.651060706701
cel-	0.0388368947277	0.726276925322	0.0717611250933	0.163125054857
uas-	0.106952890185	0.790028941342	0.0636709513479	0.0393472171251
iná-	0.536023054755	0.312680115274	0.0763688760807	0.0749279538905
hor-	0.0838379133675	0.804577816222	0.0337347794264	0.0778494909841
tol-	0.44101297097	0.55898702903	0.0	0.0
mel-	0.0915689558906	0.818676716918	0.071608040201	0.0181462869905
pal-	0.270664866853	0.607132900703	0.0190984341178	0.103103798327
cue-	0.138058586188	0.69608661606	0.0496073631066	0.116247434646
iyt-	0.249443186415	0.223562397995	0.37635483556	0.15063958003
mir-	0.030534351145	0.959287531807	0.0101781170483	0.0
isa-	0.080051090363	0.811275790024	0.016612529381	0.0920605902324
sës-	0.108761329305	0.444108761329	0.410876132931	0.036253776435
ajá-	0.406639004149	0.410788381743	0.0	0.182572614108
pud-	0.125	0.875	0.0	0.0
dio-	0.170770447073	0.46081120422	0.023580920632	0.344837428076
yom-	0.490357283531	0.210266890518	0.0924161571323	0.206959668818
bab-	0.102000784621	0.853418452869	0.0306715646064	0.0139091979029
ita-	0.0	0.839590443686	0.160409556314	0.0
acb-	0.0483380280954	0.0686470798776	0.0121856924036	0.870829199623
jte-	0.445026914373	0.458695068469	0.0266586541535	0.0696193630052
enj-	0.494424546887	0.281638147361	0.0725800118864	0.151357293865
jë́-	0.31328320802	0.554441659705	0.0598719019772	0.0724032302979
oja-	0.105713027954	0.656325662159	0.207146176233	0.0308151336546
láz-	0.0837353549276	0.866643694004	0.00310130944176	0.0465196416264
evá-	0.0587248322147	0.91610738255	0.0251677852349	0.0
cac-	0.133845109322	0.0810130546171	0.142895834013	0.642246002048
moi-	0.0664196714328	0.855855300402	0.0211309840761	0.0565940440892
s̈b-	0.338562091503	0.529411764706	0.0470588235294	0.0849673202614
s̈a-	0.783765710464	0.089007390134	0.019204060287	0.108022839115
iué-	0.52396804261	0.436085219707	0.00998668442079	0.0299600532623
ásh-	0.336953050144	0.327371446822	0.0534972852124	0.282178217822
s̈j-	0.524085637823	0.268510258698	0.0735950044603	0.133809099019
bë́-	0.108365733097	0.0529542074063	0.0522447235267	0.78643533597
órn-	0.0641592920354	0.33185840708	0.174778761062	0.429203539823
jud-	0.0615993019229	0.74689926162	0.0814589163889	0.110042520068
tua-	0.370536579396	0.557497934664	0.0130651626261	0.0589003233144
may-	0.240661820005	0.318908247681	0.2951867636	0.145243168714
úng-	0.0362847564583	0.0722145533426	0.490790771051	0.400709919148
uba-	0.0630497256815	0.809805799878	0.0491160846469	0.0780283897936
jañ-	0.287162162162	0.593468468469	0.0636261261261	0.0557432432432
uzí-	0.0	1.0	0.0	0.0
cis-	0.0	1.0	0.0	0.0
far-	0.025751210586	0.937137117402	0.0104127171135	0.0266989548981
mal-	0.265474039083	0.353955633174	0.195779817753	0.184790509991
adá-	0.0906058921623	0.799888827126	0.00778210116732	0.101723179544
sab-	0.02	0.98	0.0	0.0
ojn-	0.690333996903	0.0975447909755	0.149303251493	0.0628179606282
yeu-	0.190201729107	0.729106628242	0.028818443804	0.0518731988473
boj-	0.047717512327	0.587402576746	0.259583267059	0.105296643868
ole-	0.685840707965	0.287610619469	0.0265486725664	0.0
nin-	0.0	1.0	0.0	0.0
mán-	0.207950890343	0.531225243942	0.0953400547855	0.16548381093
gra-	0.169094257492	0.8258831408	0.00502260170768	0.0
shé-	0.0972738862402	0.812263145946	0.0586786818253	0.0317842859887
tën-	0.329924545435	0.466737292716	0.0989125029728	0.104425658876
áca-	0.100235057085	0.0277031564809	0.0	0.872061786434
bét-	0.301685252657	0.214643561287	0.0373447786829	0.446326407373
sir-	0.0398512570752	0.866855337633	0.0863827826774	0.00691062261418
atë-	0.271119121459	0.462570597769	0.0872224207262	0.179087860046
sós-	0.0215517241379	0.978448275862	0.0	0.0
ase-	0.13213351792	0.59944623904	0.226888171051	0.0415320719889
cne-	0.122950819672	0.184426229508	0.668032786885	0.0245901639344
jaf-	0.58077072791	0.193460490463	0.144024912417	0.0817438692098
mab-	0.860981093946	0.0761837763055	0.013076944542	0.0497581852068
adó-	0.235094708884	0.416020130006	0.296812749004	0.052072412106
uch-	0.1410103353	0.746222328342	0.095575945697	0.0171913906607
and-	0.0117936117936	0.969041769042	0.0	0.0191646191646
ALL	0.227257195022	0.279113688119	0.0527796497518	0.440849467107
ana-	0.311229674797	0.564024390244	0.0127032520325	0.112042682927
ine-	0.240143369176	0.454002389486	0.199522102748	0.10633213859
oyë-	0.0805152979066	0.0628019323672	0.793880837359	0.0628019323671
ucu-	0.078645871831	0.780619410156	0.130386576983	0.0103481410304
bie-	0.171014492754	0.8	0.0	0.0289855072463
cil-	0.0	1.0	0.0	0.0
per-	0.0435544160676	0.0267779626324	0.00175355703339	0.927914064267
ger-	0.0516129032258	0.922580645161	0.0129032258065	0.0129032258064
jén-	0.168522834445	0.763871033777	0.0187148099888	0.048891321789
pay-	0.377332411887	0.530753282654	0.0628887353144	0.0290255701451
arm-	0.296296296296	0.703703703704	0.0	0.0
eva-	0.0425531914894	0.957446808511	0.0	0.0
cal-	0.0558951965066	0.914410480349	0.0122270742358	0.0174672489083
mor-	0.29050144688	0.0701559899567	0.021778940268	0.617563622896
zor-	0.0	1.0	0.0	0.0
sín-	0.0	1.0	0.0	0.0
últ-	0.379518072289	0.204819277108	0.388554216868	0.0271084337349
lid-	0.13962033068	0.721984078383	0.0208205756277	0.117575015309
iné-	0.4927886464	0.283124570337	0.0827866655792	0.141300117684
ata-	0.158606626303	0.725138748739	0.0485620585267	0.0676925664312
iua-	0.30207912028	0.485101768075	0.0307442199762	0.182074891668
tju-	0.0723059096176	0.895249130939	0.00602549246813	0.0264194669757
sts-	0.550287655524	0.204849384773	0.0592045552821	0.185658404421
uin-	0.221991084695	0.71381872214	0.0219910846954	0.0421991084695
rud-	0.0652953838795	0.869409232241	0.0652953838795	0.0
jót-	0.272372331996	0.674812582157	0.0155338487786	0.0372812370687
isc-	0.0194696206781	0.980530379322	0.0	0.0
nÿa-	0.220441372288	0.173990235242	0.0571770319313	0.548391360539
uan-	0.134768579635	0.625358571925	0.170025342506	0.0698475059342
mes-	0.333675692508	0.535888212794	0.0415758900533	0.0888602046456
sha-	0.126549775644	0.339586618391	0.043040557877	0.490823048088
sed-	0.0	0.559322033898	0.440677966102	0.0
mëc-	0.30389665396	0.572321050403	0.0644853875477	0.0592969080897
cné-	0.359879032258	0.337701612903	0.0302419354839	0.272177419355
saú-	0.174658869396	0.781676413255	0.0109161793372	0.0327485380117
bin-	0.0873413350563	0.788596901223	0.100662626212	0.0233991375084
ján-	0.648870811764	0.124601797599	0.0154303430229	0.211097047614
mëj-	0.161795407098	0.702505219207	0.135699373695	0.0
cás-	0.248322147651	0.691275167785	0.0604026845638	0.0
uen-	0.256303486302	0.488800183792	0.198409051749	0.0564872781575
tsa-	0.196554140715	0.557741466071	0.0635391217143	0.1821652715
cau-	0.180964982602	0.0712758134862	0.0203342411332	0.727424962779
poc-	0.298679048184	0.543915807113	0.123005078105	0.0344000665981
jai-	0.551638324347	0.335683672059	0.0556477257017	0.057030277893
tal-	0.0394736842105	0.960526315789	0.0	0.0
tbe-	0.395776144514	0.531391127247	0.0250154963251	0.0478172319136
úcu-	0.0	0.71875	0.28125	0.0
ndé-	0.659574468085	0.127659574468	0.212765957447	0.0
ami-	0.116368887695	0.768307963831	0.0718641720247	0.0434589764494
lem-	0.110566129842	0.318530679004	0.0180893269358	0.552813864218
rod-	0.0473372781065	0.92899408284	0.0236686390532	0.0
zaf-	0.136570561457	0.863429438543	0.0	0.0
muá-	0.257798034468	0.314769975787	0.0689360489958	0.358495940749
pue-	0.215757017435	0.28038665337	0.0548885942522	0.448967734943
mua-	0.35519772896	0.229369354126	0.056559788688	0.358873128225
taz-	0.113881194214	0.886118805786	0.0	0.0
pon-	0.0451215939057	0.551714034574	0.037503662467	0.365660709054
jáu-	0.551277321774	0.11643456608	0.0133726828369	0.318915429309
azu-	0.048318602662	0.914812202698	0.0368691946399	0.0
hig-	0.00116670987815	0.945747990666	0.0460850401867	0.00700025926884
chi-	0.343864275663	0.17322486155	0.0433456132612	0.439565249527
bui-	0.0422123996743	0.928882168198	0.0125625218099	0.0163429103175
nga-	0.0294579732914	0.932050274941	0.0	0.0384917517675
ben-	0.259457552683	0.582657631888	0.0305217181203	0.127363097309
dió-	0.0	0.881188118812	0.0	0.118811881188
seg-	0.0135135135135	0.905405405405	0.0810810810811	0.0
sti-	0.346020761246	0.515570934256	0.138408304498	0.0
euf-	0.0	0.945080091533	0.0549199084669	0.0
mob-	0.452739911528	0.496975715446	0.0216665162047	0.0286178568204
ófj-	0.445520463283	0.470290525086	0.0150858922575	0.0691031193732
ili-	0.0	0.943396226415	0.0	0.0566037735849
jap-	0.47540157158	0.302548460291	0.110258413403	0.111791554725
lam-	0.0	1.0	0.0	0.0
nar-	0.017793594306	0.888790035587	0.0934163701068	0.0
óts-	0.726908362179	0.129167425761	0.0	0.143924212061
cua-	0.395249771297	0.382439162845	0.0815515097111	0.140759556147
dám-	0.0	1.0	0.0	0.0
aíñ-	0.21464471199	0.0669255215597	0.0103140853877	0.708115681063
icn-	0.647754137116	0.262411347518	0.0330969267139	0.0567375886525
os̈-	0.128762492765	0.566527241244	0.0412312650122	0.263479000979
sat-	0.116757676646	0.77716877826	0.0488948531673	0.057178691927
buí-	0.034159459263	0.933134675485	0.0239843011847	0.00872156406716
sió-	0.0072202166065	0.992779783394	0.0	0.0
heb-	0.00468290072251	0.892137186692	0.0454241370083	0.0577557755775
ani-	0.284535186794	0.693744569939	0.0217202432667	0.0
evo-	0.376811594203	0.623188405797	0.0	0.0
yoi-	0.480842619447	0.277424681867	0.147021273643	0.0947114250427
fts-	0.478482630872	0.293461954891	0.144275297095	0.0837801171422
abi-	0.0	0.908560230534	0.0548638616794	0.0365759077862
bob-	0.235647660968	0.435396087217	0.295821688147	0.0331345636685
dém-	0.0	0.962962962963	0.037037037037	0.0
jác-	0.548646571131	0.259503285199	0.147010377203	0.0448397664672
yeb-	0.154272795398	0.610680726103	0.0140226120843	0.221023866415
fle-	0.119100132333	0.845610939568	0.0352889280988	0.0
mom-	0.562329382984	0.265291739909	0.0323210394576	0.14005783765
ntj-	0.420893497625	0.312089338655	0.111520076153	0.155497087568
ban-	0.0312627489934	0.0754208276425	0.789107260053	0.104209163311
adr-	0.0762331838565	0.748878923767	0.121076233184	0.0538116591928
yug-	0.177737881508	0.278076999801	0.461899062438	0.0822860562538
azo-	0.128953830444	0.742092339112	0.0429846101481	0.0859692202961
ter-	0.0889059697669	0.888034844991	0.0153727901614	0.00768639508071
peñ-	0.265953109072	0.610499490316	0.091743119266	0.0318042813456
ínÿ-	0.204725340513	0.395822941038	0.086193319817	0.313258398632
jób-	0.439074469748	0.390030746782	0.0322841211111	0.138610662359
jíc-	0.753663860306	0.143176384991	0.0431348092714	0.0600249454319
tra-	0.240580806152	0.559949681489	0.0588978311639	0.140571681194
yej-	0.446806777452	0.145812968394	0.0977517106549	0.309628543499
otj-	0.104133775816	0.86139124271	0.00579952959372	0.02867545188
tis-	0.0402684563758	0.258389261745	0.6677852349	0.0335570469799
arq-	0.14858490566	0.837264150944	0.0	0.0141509433962
ale-	0.0366779680014	0.88604331867	0.0725713805375	0.00470733279162
jom-	0.553505535055	0.446494464945	0.0	0.0
sid-	0.0386980389114	0.957228483308	0.00349155238298	0.000581925397166
bon-	0.255721598258	0.288718097714	0.164524594316	0.291035709712
oli-	0.0576856649396	0.920552677029	0.0176165803109	0.00414507772022
soy-	0.270775828335	0.247490069883	0.0261155299375	0.455618571844
jaí-	0.411764705882	0.474048442907	0.0726643598615	0.0415224913495
gad-	0.116279069767	0.776055124892	0.0689061154177	0.0387596899225
siq-	0.0	1.0	0.0	0.0
s̈n-	0.420233139051	0.284429641965	0.125145711907	0.170191507077
jec-	0.822784810127	0.0189873417722	0.0	0.158227848101
dec-	0.0	0.688172043011	0.0	0.311827956989
bic-	0.167517006803	0.727607709751	0.0402494331066	0.0646258503401
eli-	0.0534543728437	0.920772983107	0.00572725423326	0.0200453898164
cán-	0.136471711116	0.148174301088	0.0411752471951	0.674178740602
imu-	0.413761989105	0.391237509608	0.0992547538683	0.0957457474184
juí-	0.330843116329	0.361259338314	0.291889007471	0.0160085378869
eto-	0.102893890675	0.536058796509	0.149747358751	0.211299954065
jab-	0.41466710564	0.209233050019	0.149817601086	0.226282243255
ove-	0.0819413642245	0.884003877698	0.0183888233648	0.0156659347124
mét-	0.506960556845	0.388631090487	0.0	0.104408352668
joc-	0.493806816631	0.235562568199	0.0980691107796	0.17256150439
ene-	0.105040781527	0.802434291762	0.0114238674831	0.0811010592278
cmë-	0.455394689598	0.271112896257	0.10053615224	0.172956261905
pan-	0.0	0.991208791209	0.0	0.00879120879119
orn-	0.299282870887	0.0288925985559	0.00148167172082	0.670342858836
bou-	0.232601842871	0.366694956353	0.275824442289	0.124878758487
tor-	0.157480314961	0.838647218278	0.00387246676133	0.0
s̈e-	0.132089743433	0.723266680493	0.074529993778	0.0701135822953
efr-	0.0	1.0	0.0	0.0
juc-	0.480237605666	0.348412154444	0.132510852182	0.0388393877085
lét-	0.0300777873812	0.969922212619	0.0	0.0
fen-	0.0192307692308	0.948717948718	0.0128205128205	0.0192307692307
ina-	0.665019467417	0.159390684059	0.0487594850371	0.126830363486
ema-	0.0887096774195	0.814516129032	0.0725806451614	0.0241935483871
cre-	0.00195236235845	0.97461928934	0.0	0.0234283483015
lir-	0.2157414185	0.6979620141	0.0	0.0862965674001
mai-	0.542271562767	0.201537147737	0.0426985482493	0.213492741247
pen-	0.115671226782	0.649427204983	0.218218218218	0.0166833500167
rab-	0.296089385475	0.508379888268	0.0	0.195530726257
ape-	0.0	1.0	0.0	0.0
ofs-	0.0	0.333333333333	0.388888888889	0.277777777778
tij-	0.480327464604	0.256371471811	0.0695397818603	0.193761281724
águ-	0.488	0.512	0.0	0.0
iue-	0.375634517767	0.297316896302	0.218274111675	0.108774474257
fre-	0.0277777777778	0.972222222222	0.0	0.0
rec-	0.117391304348	0.775	0.029347826087	0.0782608695652
ogu-	0.105072463768	0.472826086957	0.349637681159	0.0724637681159
cár-	0.146741715188	0.712980962363	0.0414798534122	0.0987974690363
ber-	0.048118613417	0.869599320217	0.0214284158006	0.0608536505654
tia-	0.0048854961832	0.874198473282	0.00427480916031	0.116641221374
ndu-	0.159675834639	0.524649841542	0.182051277776	0.133623046043
car-	0.125712525035	0.548913880758	0.308735171776	0.016638422431
léy-	0.0451335808401	0.874062750237	0.0269345563078	0.0538691126155
imn-	0.562327512911	0.310314554951	0.0540658137701	0.0732921183682
bas-	0.119934046736	0.492170729521	0.188174068741	0.199721155002
tco-	0.458568666988	0.271344773577	0.109714405599	0.160372153835
toj-	0.557925410876	0.163026646327	0.0348213724553	0.244226570342
mid-	0.00883002207507	0.958057395143	0.0286975717439	0.00441501103753
atj-	0.0396195267668	0.93145192988	0.0113198647905	0.017608678563
pól-	0.0909090909091	0.875	0.0	0.0340909090909
ofj-	0.481616203369	0.360400950708	0.11718507802	0.0407977679032
ang-	0.0541090252576	0.875976606911	0.0423385813164	0.0275757865153
pun-	0.15238284946	0.599621532792	0.247995617748	0.0
tëm-	0.0676870015089	0.218797154559	0.694115111015	0.0194007329166
puñ-	0.0	1.0	0.0	0.0
grá-	0.104529616725	0.895470383275	0.0	0.0
cai-	0.00366479354996	0.990838016125	0.0	0.00549719032496
sod-	0.00742015834669	0.982686297191	0.00494677223111	0.00494677223112
ont-	0.071661237785	0.830618892508	0.0651465798046	0.0325732899023
obu-	0.128883295983	0.84741662332	0.0135429032556	0.0101571774417
har-	0.162561576355	0.837438423645	0.0	0.0
era-	0.0	1.0	0.0	0.0
zab-	0.0	0.957597173145	0.0	0.0424028268551
paf-	0.0434782608696	0.95652173913	0.0	0.0
jti-	0.439579414757	0.342573463661	0.181770528198	0.0360765933829
óni-	0.0	0.835616438356	0.164383561644	0.0
tso-	0.27256116708	0.381529856644	0.0441680089974	0.301740967279
júd-	0.324492979719	0.640405616225	0.0	0.0351014040562
yap-	0.18523704715	0.189179613893	0.0823812168749	0.543202122082
ngm-	0.291361605956	0.326703442981	0.18398256421	0.197952386853
ngü-	0.135623869801	0.842676311031	0.0108499095841	0.0108499095841
até-	0.0217391304348	0.978260869565	0.0	0.0
átb-	0.502909989636	0.360758989078	0.0	0.136331021287
jét-	0.0706344015697	0.882275997384	0.0470896010464	0.0
met-	0.337836731352	0.479570948989	0.0728731679359	0.109719151724
uab-	0.333726954832	0.489128638181	0.056016838544	0.121127568443
oíd-	0.659038901602	0.199084668192	0.0343249427917	0.107551487414
mna-	0.216411181244	0.675383228133	0.108205590622	0.0
úte-	0.49432974702	0.261413201512	0.0	0.244257051469
ces-	0.0737961225766	0.863039399625	0.00375234521576	0.0594121325829
joq-	0.472051986475	0.300454353339	0.118131868132	0.109361792054
jté-	0.325688073394	0.323394495413	0.0412844036697	0.309633027523
gól-	0.0	1.0	0.0	0.0
líd-	0.0	0.916666666667	0.0	0.0833333333333
mof-	0.270833333333	0.625	0.0	0.104166666667
cob-	0.00836508969235	0.876196672553	0.0819778789849	0.0334603587694
jal-	0.465930843482	0.285871380279	0.169022115424	0.0791756608154
mat-	0.368603852462	0.383179458335	0.141313447731	0.106903241471
stu-	0.172494172494	0.300699300699	0.498834498835	0.027972027972
tró-	0.0	1.0	0.0	0.0
bem-	0.052660449808	0.791442676906	0.043554580362	0.112342292924
móy-	0.492683972924	0.241728572921	0.256349629662	0.00923782449233
iuá-	0.340448050803	0.403598518257	0.0643852531312	0.191568177809
par-	0.264382402707	0.684856175973	0.0126903553299	0.0380710659898
ala-	0.0540878228418	0.860752626301	0.0851595508574	0.0
jul-	0.00478468899521	0.995215311005	0.0	0.0
cop-	0.234789487902	0.732254080963	0.0159379462046	0.0170184849303
sóm-	0.296762589928	0.703237410072	0.0	0.0
zac-	0.191265763662	0.746205044372	0.00367818776272	0.0588510042037
shl-	0.0557782861712	0.853071831549	0.0841533028298	0.00699657945005
zeu-	0.0582241630276	0.924308588064	0.0	0.0174672489083
yób-	0.293486425582	0.299817576993	0.208176843009	0.198519154416
jën-	0.106071689832	0.601316752012	0.175566934894	0.117044623263
feb-	0.365853658537	0.634146341463	0.0	0.0
tmo-	0.571892222001	0.208314326539	0.0508743013994	0.16891915006
iñc-	0.0	0.451306413302	0.548693586698	0.0
tre-	0.138248847926	0.336405529954	0.331797235023	0.193548387097
val-	0.0314136125655	0.65445026178	0.314136125654	0.0
gay-	0.0185497470489	0.951096121417	0.0101180438448	0.0202360876897
beb-	0.124003430996	0.540896573518	0.261026590222	0.0740734052639
uéb-	0.0366748166259	0.642420537897	0.119193154034	0.201711491443
tsá-	0.206965593184	0.634073503124	0.053109339648	0.105851564045
con-	0.383589667484	0.183158527617	0.0504905500268	0.382761254872
ona-	0.0821055684455	0.0797563805104	0.137383990719	0.700754060325
jón-	0.427816371361	0.427782919459	0.0731760350577	0.0712246741227
cap-	0.02922604465	0.97077395535	0.0	0.0
ngó-	0.846153846154	0.153846153846	0.0	0.0
apó-	0.124208051207	0.764690514032	0.0303281008469	0.0807733339139
gre-	0.0189701897019	0.373983739837	0.607046070461	0.0
ser-	0.180518319929	0.476169198689	0.180220434912	0.16309204647
ndi-	0.169703853354	0.514481053334	0.116851954896	0.198963138416
cri-	0.080308613753	0.795105304454	0.0124906499855	0.112095431808
mis-	0.0	1.0	0.0	0.0
tsm-	0.45414579486	0.156431770176	0.234017499131	0.155404935833
tac-	0.66015625	0.12890625	0.1171875	0.09375
chc-	0.131110437192	0.0526998843377	0.0138421277305	0.802347550739
uap-	0.01885902876	0.72654408298	0.22630834512	0.02828854314
bla-	0.160157931176	0.738159839823	0.0331954866114	0.0684867423888
nef-	0.0	1.0	0.0	0.0
yon-	0.470479818764	0.225923274232	0.132156384706	0.171440522298
obo-	0.168326778724	0.730355372031	0.062834460154	0.0384833890908
agr-	0.00169779286927	0.994906621392	0.00339558573854	0.0
eni-	0.0	0.933753258036	0.0662467419635	0.0
fté-	0.289445898177	0.674746361842	0.0358077399807	0.0
bué-	0.020253164557	0.850632911392	0.0	0.129113924051
sos-	0.0	1.0	0.0	0.0
rey-	0.0795688076358	0.812011858287	0.0212713614417	0.0871479726355
cad-	0.106374926766	0.118623643406	0.0529181435627	0.722083286265
fél-	0.0681356915047	0.920266743984	0.00579878225572	0.00579878225574
moj-	0.463717377466	0.21536176533	0.0214831317632	0.29943772544
uay-	0.244237429282	0.589409384448	0.0787512050125	0.0876019812577
bit-	0.0	1.0	0.0	0.0
leg-	0.0	0.953125	0.0	0.046875
s̈i-	0.0576923076924	0.826923076923	0.115384615385	0.0
së́-	0.567752934235	0.175383795661	0.0399635158173	0.216899754286
jts-	0.440218533012	0.286937411371	0.0731248275813	0.199719228035
cef-	0.0514705882353	0.860294117647	0.0	0.0882352941177
pam-	0.092733032543	0.758759719689	0.0705129435858	0.0779943041823
mam-	0.070647799798	0.834125941074	0.0154494160801	0.0797768430483
cuá-	0.0	0.796116504854	0.135922330097	0.0679611650485
buy-	0.171568240952	0.337065363084	0.0947725301585	0.396593865805
mag-	0.103308364544	0.772471910112	0.0855181023721	0.0387016229713
ndó-	0.393157762812	0.120871126295	0.0571078230552	0.428863287838
cts-	0.37999527075	0.292504138094	0.0922203830693	0.235280208087
aug-	0.0882352941176	0.882352941177	0.0	0.0294117647059
unë-	0.765957446809	0.143617021277	0.0904255319148	0.0
ama-	0.30148930807	0.478950497059	0.0548045834803	0.164755611391
abu-	0.214740516368	0.726194286745	0.0169885011374	0.04207669575
fst-	0.358876293163	0.373029609507	0.106374659794	0.161719437535
ácb-	0.227240531645	0.245239781676	0.0343110703721	0.493208616308
bët-	0.152589114434	0.392804394293	0.0630477635857	0.391558727687
fri-	0.0	0.93288590604	0.0604026845638	0.00671140939597
reg-	0.15306122449	0.785714285714	0.0612244897959	0.0
jtó-	0.891422824447	0.0572038217426	0.0114163008467	0.0399570529635
pla-	0.256909987148	0.646065496429	0.0765263791505	0.0204981372724
mac-	0.119178778762	0.817471079283	0.0125005296835	0.0508496122717
ico-	0.47273159664	0.346355321597	0.0503236214753	0.130589460288
job-	0.402792635823	0.293486211656	0.069040145475	0.234681007046
bet-	0.165762836344	0.588573717508	0.0268937000059	0.218769746143
acé-	0.0	1.0	0.0	0.0
mëy-	0.660182516811	0.0720461095101	0.109269932757	0.158501440922
sal-	0.0882517732261	0.719409031964	0.0644245321406	0.12791466267
bop-	0.209087572661	0.48635561817	0.267264138658	0.0372926705104
neá-	0.0	1.0	0.0	0.0
agá-	0.260300925926	0.47962962963	0.132465277778	0.127604166667
tec-	0.0384615384615	0.269230769231	0.461538461538	0.230769230769
gab-	0.0	1.0	0.0	0.0
s̈o-	0.45096472582	0.216125420367	0.118492702339	0.214417151474
fie-	0.103107318399	0.765106450518	0.036462827165	0.0953234039176
cam-	0.287279864752	0.298584682461	0.0248116394621	0.389323813324
cbë-	0.884456236518	0.0231892633229	0.0232069285161	0.0691475716428
shb-	0.182817105331	0.20233724598	0.605770722375	0.00907492631471
inf-	0.274324113591	0.546802552086	0.0251104680765	0.153762866246
opë-	0.372390401073	0.238594626377	0.201157314865	0.187857657684
ust-	0.271279420662	0.637752021267	0.0506510220919	0.0403175359795
aqu-	0.140799372559	0.663004780433	0.117058026366	0.0791378206419
min-	0.561139723154	0.298993690782	0.0407188864714	0.099147699593
uañ-	0.281084266352	0.646434885091	0.0548025928108	0.0176782557455
est-	0.0955539533766	0.803037731315	0.0461619802932	0.0552463350156
jáj-	0.363420090749	0.485804764306	0.0921666246534	0.0586085202924
lla-	0.0	0.966228893058	0.0337711069419	0.0
ech-	0.398076332108	0.175684723819	0.0559865865076	0.370252357566
jta-	0.259226502666	0.190780963285	0.428756358864	0.121236175186
jós-	0.316271963331	0.466004583652	0.14896867838	0.0687547746371
tab-	0.319112859468	0.572029300054	0.0152604449268	0.0935973955508
naz-	0.0382625694329	0.936229050945	0.014303764274	0.0112046153479
gal-	0.0342327045005	0.937181624165	0.0137086598227	0.0148770115122
ejé-	0.131004366812	0.759825327511	0.0	0.109170305677
nue-	0.141732283465	0.59842519685	0.0	0.259842519685
ibe-	0.068374054423	0.827907014536	0.0575674599627	0.0461514710782
úta-	0.064228352264	0.101545731086	0.0226392364377	0.811586680212
esr-	0.0	1.0	0.0	0.0
tej-	0.101351351351	0.898648648649	0.0	0.0
buc-	0.0664690818059	0.800592754582	0.0	0.132938163612
cát-	0.360303782679	0.176719731269	0.0160654301154	0.446911055937
imo-	0.537476574286	0.223645459468	0.0703493657383	0.168528600508
íng-	0.203389830508	0.733656174334	0.0435835351089	0.0193704600484
oua-	0.144818171476	0.695233400326	0.144021842175	0.0159265860225
árm-	0.554577464789	0.363262910798	0.0410798122066	0.0410798122066
ung-	0.0352671850187	0.0406431964581	0.190071565574	0.734018052949
jtë-	0.548033913295	0.219513750702	0.0642294674898	0.168222868514
not-	0.0993879925144	0.846659248394	0.0245814576906	0.029371301401
páb-	0.0994797574456	0.738293414997	0.0402054811511	0.122021346407
jou-	0.744521480339	0.119096209086	0.00343460173535	0.132947708839
jor-	0.0	1.0	0.0	0.0
ját-	0.359755075559	0.412348949745	0.0704144251305	0.157481549566
sën-	0.625175814658	0.180930500822	0.0506936965556	0.143199987964
tay-	0.438725151054	0.293528896269	0.0809464508095	0.186799501868
áta-	0.457809694794	0.359664871335	0.134649910233	0.0478755236385
pav-	0.26753507014	0.535070140281	0.00200400801604	0.195390781563
toc-	0.282222444996	0.566756496972	0.0313128394436	0.119708218588
ged-	0.0	1.0	0.0	0.0
ché-	0.278692028211	0.362256892498	0.136781363539	0.222269715751
one-	0.242833052277	0.699831365936	0.026981450253	0.0303541315346
jój-	0.538344337227	0.309294057897	0.106653123413	0.0457084814627
añe-	0.300866937869	0.309431348861	0.206243505797	0.183458207474
gog-	0.0324324324324	0.935135135135	0.0324324324324	0.0
saf-	0.126532741978	0.492042786329	0.042264544743	0.33915992695
tbo-	0.601409709459	0.210212833287	0.0358078769872	0.152569580267
osj-	0.11301369863	0.684931506849	0.202054794521	0.0
cot-	0.0833079963515	0.879294618425	0.0218911523259	0.0155062328975
sil-	0.000743494423789	0.981412639405	0.0	0.017843866171
juy-	0.240649606299	0.333661417323	0.162401574803	0.263287401575
jas-	0.438510895658	0.34816893128	0.0549225277293	0.158397645333
bef-	0.0739106757567	0.852261368885	0.00868564180688	0.0651423135517
ndá-	0.127571708969	0.14287120178	0.0130346393639	0.716522449887
más-	0.166471242822	0.0196545170772	0.174767939487	0.639106300614
nts-	0.167215021272	0.0829010928232	0.027356506069	0.722527379836
epá-	0.0	1.0	0.0	0.0
olë-	0.259649122807	0.710877192982	0.0294736842106	0.0
asn-	0.242821390938	0.0680979978925	0.0142255005269	0.674855110643
úts-	0.529789900304	0.458432143905	0.0	0.011777955791
rei-	0.0053238686779	0.888198757764	0.053238686779	0.053238686779
egi-	0.0433396113346	0.844491053848	0.0864009930656	0.0257683417516
anz-	0.259152612094	0.553681612505	0.10078157137	0.0863842040313
chq-	0.223880597015	0.417910447761	0.328358208955	0.0298507462687
teó-	0.0	0.960495739737	0.0278853601859	0.0116189000775
tat-	0.195947152294	0.462729869666	0.221389037672	0.119933940368
esm-	0.0377121307354	0.849151477059	0.113136392206	0.0
pri-	0.012987012987	0.88658008658	0.0952380952381	0.00519480519482
tro-	0.150503473157	0.83899628453	0.00888482041893	0.00161542189435
anÿ-	0.391026531463	0.608973468537	0.0	0.0
sjo-	0.702928870293	0.196652719665	0.0	0.100418410042
nie-	0.0	1.0	0.0	0.0
osé-	0.0225733634311	0.977426636569	0.0	0.0
ela-	0.0	1.0	0.0	0.0
bac-	0.114742947354	0.469401677113	0.222061965797	0.193793409736
ósj-	0.070564516129	0.665322580645	0.264112903226	0.0
sba-	0.0504387872351	0.897007457323	0.0371721684833	0.0153815869586
yoj-	0.542037021426	0.218764293121	0.0532875537163	0.185911131737
ndm-	0.171374440234	0.701386496728	0.110015501206	0.0172235618326
fla-	0.0	0.981818181818	0.0181818181818	0.0
uát-	0.415242487485	0.449028736555	0.0840642741429	0.051664501817
arp-	0.123266563944	0.809964047252	0.0667693888033	0.0
itu-	0.09375	0.90625	0.0	0.0
tbi-	0.141479099679	0.819935691318	0.0	0.0385852090032
acn-	0.130842644742	0.0667976602257	0.0431916550463	0.759168039986
nán-	0.23475704724	0.0463865308655	0.0719186239788	0.646937797916
uet-	0.357894736842	0.642105263158	0.0	0.0
aye-	0.0820895522388	0.55223880597	0.320895522388	0.044776119403
onÿ-	0.186652101386	0.60063329446	0.171897373821	0.0408172303332
que-	0.30611371272	0.222709895622	0.0505509641958	0.420625427462
tir-	0.0350293759007	0.954993903115	0.00498836049219	0.00498836049219
man-	0.141268567414	0.640929120021	0.055575970306	0.162226342259
jeb-	0.541603298038	0.417721216295	0.0165714941605	0.0241039915062
men-	0.489645815686	0.263460096324	0.0164752966247	0.230418791365
rob-	0.0	1.0	0.0	0.0
s̈m-	0.501938020016	0.272643721344	0.0778014990389	0.147616759602
jol-	0.582524271845	0.381067961165	0.0364077669903	0.0
env-	0.0277520814061	0.424606845513	0.505087881591	0.0425531914893
pór-	0.142857142857	0.74025974026	0.090909090909	0.025974025974
ain-	0.186616249491	0.447788957483	0.0583521376105	0.307242655415
eub-	0.153846153846	0.846153846154	0.0	0.0
ceb-	0.0800970873786	0.919902912621	0.0	0.0
tap-	0.0699405881026	0.917274573212	0.00150409866887	0.0112807400165
púb-	0.0983606557377	0.803278688525	0.0	0.0983606557377
opj-	0.132158590308	0.52422907489	0.185022026432	0.15859030837
cou-	0.0814960776295	0.863850987099	0.0401531769343	0.0144997583374
tsu-	0.574749714439	0.208896055903	0.188134112746	0.0282201169119
sol-	0.117768466723	0.774470575128	0.0488138884815	0.0589470696677
ame-	0.671428571429	0.114285714286	0.0857142857143	0.128571428571
jet-	0.447155390671	0.430995632623	0.0415197135927	0.0803292631128
coj-	0.588544523206	0.182045842604	0.0472810058467	0.182128628344
fjë-	0.863715027401	0.136284972599	0.0	0.0
atr-	0.252252252252	0.747747747748	0.0	0.0
cin-	0.0	0.486356340289	0.321027287319	0.192616372392
bos-	0.291430582176	0.448385043097	0.130974940523	0.129209434204
júr-	0.241169305725	0.590742996346	0.0292326431181	0.138855054811
com-	0.706702008657	0.140265551286	0.0182140946452	0.134818345411
laz-	0.314568113451	0.685431886549	0.0	0.0
s̈c-	0.601668648057	0.203060410693	0.0497804866381	0.145490454611
tbë-	0.194910696919	0.780260643714	0.0140161786748	0.010812480692
búr-	0.184630738523	0.665668662675	0.0898203592814	0.059880239521
end-	0.639029015182	0.163206325669	0.0510053792841	0.146759279865
esp-	0.0536701995435	0.884140012834	0.0355466220814	0.0266431655413
jub-	0.304903724687	0.617674080312	0.0324426750373	0.0449795199632
orc-	0.408450704225	0.0788732394367	0.0225352112676	0.49014084507
chí-	0.110430843415	0.0827590849502	0.00907833014877	0.797731741486
dru-	0.0	1.0	0.0	0.0
mon-	0.522329582916	0.261483222586	0.074184278362	0.142002916136
búy-	0.0975456312381	0.835394926463	0.0140731572967	0.0529862850024
yop-	0.435137895812	0.243105209397	0.0858018386108	0.23595505618
ram-	0.0658761528326	0.934123847167	0.0	0.0
tjë-	0.481012658228	0.350210970464	0.10970464135	0.0590717299578
yaj-	0.637037037037	0.125925925926	0.148148148148	0.0888888888889
ace-	0.0591482649843	0.745268138801	0.190851735016	0.00473186119873
las-	0.0501599433644	0.678241573951	0.235010872664	0.0365876100206
tma-	0.445912469034	0.322873658134	0.206440957886	0.0247729149463
utb-	0.348484848485	0.560606060606	0.0909090909091	0.0
shë-	0.129890088371	0.388119201533	0.208502870339	0.273487839757
jad-	0.223515141783	0.62386746077	0.0590129524541	0.0936044449924
péd-	0.118363306525	0.78782336422	0.0282376782778	0.0655756509769
elí-	0.00363814774621	0.99010423813	0.00465682911516	0.00160078500834
bes-	0.0747721449206	0.758163375224	0.0113105024144	0.155753977441
enc-	0.321457540401	0.584326449117	0.0511636613215	0.0430523491608
áts-	0.121384597072	0.0461474641532	0.0101730838266	0.822294854948
pad-	0.219026266382	0.61550099342	0.066021399537	0.0994513406609
oue-	0.402647545505	0.400854936569	0.046194153337	0.150303364589
tíq-	0.0082304526749	0.991769547325	0.0	0.0
efs-	0.0535019455253	0.113813229572	0.829766536965	0.00291828793774
cuz-	0.0335195530726	0.966480446927	0.0	0.0
yos-	0.285568587455	0.426568077511	0.162927078021	0.124936257012
cle-	0.00404858299595	0.975708502024	0.0202429149798	0.0
reb-	0.118836599676	0.802521532892	0.0786418674323	0.0
leó-	0.20909757887	0.79090242113	0.0	0.0
mél-	0.085308056872	0.772511848341	0.142180094787	0.0
bar-	0.119809993158	0.777206357688	0.0150960487769	0.0878876003773
zeb-	0.0264150943396	0.968553459119	0.0	0.00503144654089
pis-	0.180337863085	0.66823339692	0.128026116541	0.0234026234538
amó-	0.0	1.0	0.0	0.0
amo-	0.0	1.0	0.0	0.0
ten-	0.12209546339	0.663092830707	0.0137357396314	0.201075966271
tmu-	0.349206349206	0.44126984127	0.171428571429	0.0380952380952
opa-	0.117948717949	0.758974358974	0.0923076923077	0.0307692307692
his-	0.160019694732	0.692269817824	0.096011816839	0.0516986706056
anf-	0.0	1.0	0.0	0.0
apo-	0.0401643085349	0.932450935646	0.0	0.0273847558192
fan-	0.0530973451327	0.946902654867	0.0	0.0
mop-	0.584395936892	0.173114328939	0.054462934947	0.188026799222
bom-	0.166422798479	0.409339745548	0.204114764837	0.220122691136
éna-	0.269058295964	0.20129546587	0.529646238166	0.0
quí-	0.1	0.85	0.05	0.0
jto-	0.628323015397	0.197675489119	0.0771768150698	0.0968246804134
páf-	0.0	1.0	0.0	0.0
joy-	0.604122714134	0.212413454014	0.0944715010838	0.0889923307684
nín-	0.0	1.0	0.0	0.0
ish-	0.0547225426118	0.889657823914	0.0394719979495	0.0161476355248
shá-	0.0584749920812	0.829357365116	0.092603519058	0.0195641237446
ojé-	0.12962962963	0.611111111111	0.240740740741	0.0185185185185
caj-	0.0524122370763	0.922708695838	0.0190370189438	0.00584204814149
tsn-	0.0993788819876	0.173913043478	0.726708074534	0.0
lot-	0.0	1.0	0.0	0.0
ebi-	0.0230504693745	0.965238405056	0.00557672646157	0.00613439910773
jsh-	0.570277128215	0.154634558933	0.0671177670531	0.207970545798
