jer-	0.0146363806708	0.974912035977	0.0029980637505	0.00745351960192
giw-	0.59210638644	0.0573584258661	0.0055373809906	0.344997806703
ivi-	0.178380876281	0.0986839690432	0.042460656952	0.680474497724
tut-	0.330391459075	0.245409252669	0.0825622775801	0.341637010676
gin-	0.547331505881	0.0282614932016	0.00921087817531	0.415196122742
rar-	0.39071907178	0.295797021792	0.313483906428	0.0
muw-	0.352441613588	0.492569002123	0.138004246285	0.0169851380042
jis-	0.0844277673546	0.818011257036	0.0	0.0975609756097
son-	0.00246309309918	0.976808865412	0.0113101213738	0.00941792011536
ure-	0.782017180482	0.149304495705	0.0137356647626	0.0549426590503
ris-	0.0504201680672	0.949579831933	0.0	0.0
ipu-	0.667953401806	0.150754808024	0.00620390156476	0.175087888606
niy-	0.600068348783	0.304667882228	0.0602403245081	0.0350234444815
pro-	0.130207959276	0.746019069397	0.0560045044916	0.0677684668354
ver-	0.527777777778	0.388888888889	0.0555555555555	0.0277777777778
pao-	0.394265232975	0.551971326165	0.0537634408602	0.0
van-	0.234411678265	0.674482713631	0.0405398160459	0.0505657920572
kul-	0.230783459762	0.56305045863	0.051876880492	0.154289201116
ta--	0.221826130686	0.313879864468	0.174438256232	0.289855748614
tum-	0.131824486368	0.668004223475	0.154092822278	0.0460784678794
aku-	0.403041825095	0.269961977186	0.212927756654	0.114068441065
ite-	0.0810175909391	0.0349765556408	0.0121083821409	0.871897471279
lis-	0.0420192588269	0.947475926466	0.0070032098045	0.00350160490225
atp-	0.793619972261	0.109708737864	0.0540915395285	0.0425797503468
san-	0.52857179516	0.30824258144	0.11378777381	0.0493978495897
inb-	0.642752323496	0.274090983206	0.060655470406	0.0225012228925
sak-	0.106999426277	0.831038439472	0.0246701090075	0.0372920252438
sme-	0.0	1.0	0.0	0.0
inp-	0.464889376121	0.358261909508	0.121387283237	0.0554614311341
bap-	0.441860465116	0.348837209302	0.186046511628	0.0232558139535
uka-	0.569343065693	0.30802919708	0.0394160583942	0.0832116788321
une-	0.538994252308	0.177312592797	0.0538945686038	0.229798586291
vil-	0.377049180328	0.347540983607	0.186885245902	0.0885245901639
nun-	0.170651143823	0.687392978501	0.0734514626956	0.0685044149799
kat-	0.588235294118	0.294117647059	0.0392156862745	0.078431372549
ihl-	0.483115042389	0.103572272238	0.0244835822463	0.388829103126
abi-	0.0833333333333	0.822222222222	0.0796296296296	0.0148148148148
ayu-	0.39714011055	0.34330689738	0.086517664023	0.173035328046
dok-	0.0717335610589	0.759180187874	0.138343296328	0.0307429547395
gan-	0.302100869586	0.0674758829371	0.020803403057	0.60961984442
aen-	0.0329985652798	0.964131994261	0.0	0.00286944045911
yut-	0.119718309859	0.535211267606	0.274647887324	0.0704225352112
gtl-	0.355555555556	0.266666666667	0.377777777778	0.0
sen-	0.225982532751	0.699781659389	0.035480349345	0.0387554585153
yau-	0.188005823665	0.32188196007	0.00690547099129	0.483206745273
asp-	0.394160583942	0.518248175182	0.0875912408759	0.0
itl-	0.561399854182	0.262160191647	0.0899906259765	0.086449328195
uit-	0.449786856512	0.180187393158	0.0542704433817	0.315755306948
gbi-	0.584158415842	0.267326732673	0.029702970297	0.118811881188
gig-	0.713282485676	0.0940105783604	0.0648758133634	0.127831122601
tai-	0.0509691674199	0.901325700512	0.0284556928124	0.0192494392555
uli-	0.291017696334	0.581383028754	0.0264625566811	0.101136718231
kum-	0.170871712722	0.699639567481	0.0941129355226	0.0353757842745
bik-	0.209595959596	0.760101010101	0.0176767676768	0.0126262626263
oko-	0.254138065516	0.0378964815143	0.0131042405116	0.694861212458
ti--	0.267326732673	0.60198019802	0.0534653465347	0.0772277227722
nen-	0.707330784799	0.192939060041	0.0451990105689	0.0545311445919
adm-	0.0	1.0	0.0	0.0
aig-	0.0341053116718	0.839728079272	0.0739716557207	0.0521949533356
ong-	0.324096385542	0.365060240964	0.13734939759	0.173493975904
her-	0.0575451305719	0.869837004148	0.052812992931	0.0198048723491
mul-	0.454280703402	0.214456922026	0.148863062367	0.182399312205
gaw-	0.67786272657	0.219396959024	0.0759384932566	0.0268018211494
ate-	0.1901105057	0.0955704504039	0.150332346734	0.563986697161
naw-	0.441652843756	0.417614006444	0.0492414044656	0.0914917453343
kam-	0.192432866447	0.643324114551	0.0989829601213	0.0652600588812
kle-	0.103448275862	0.862068965517	0.0	0.0344827586207
sin-	0.13143150431	0.556525717419	0.080007325928	0.232035452343
tag-	0.371454504198	0.374404356705	0.124801452235	0.129339686862
pat-	0.00940070505289	0.990599294947	0.0	0.0
jem-	0.00797289216663	0.917063801258	0.047112544621	0.0278507619548
sub-	0.0676253179837	0.186109426786	0.175877851379	0.570387403852
ror-	0.270585849823	0.290101717508	0.232750251693	0.206562180976
ivg-	0.724942990553	0.197415571723	0.0447931371484	0.0328483005755
jor-	0.0	1.0	0.0	0.0
inw-	0.589983022071	0.291077155254	0.0373514431239	0.0815883795511
gen-	0.350455754434	0.271834164233	0.0169065768973	0.360803504436
saw-	0.0687793514598	0.639626838911	0.0149368912906	0.276656918339
usp-	0.396220159151	0.370026525199	0.193965517241	0.0397877984085
jam-	0.0720720720721	0.855855855856	0.018018018018	0.054054054054
niu-	0.553710386317	0.32568992271	0.0674989674402	0.0531007235323
vel-	0.239918136129	0.127363948809	0.120559230411	0.512158684651
nig-	0.34375	0.59375	0.0	0.0625
alf-	0.0357142857143	0.928571428571	0.0	0.0357142857143
pas-	0.0594599977739	0.883745452628	0.00840641347838	0.0483881361195
unr-	0.414719477848	0.384244115926	0.0793106693747	0.121725736851
sig-	0.096	0.656	0.0	0.248
nai-	0.214899933853	0.564277693172	0.123525158829	0.0972972141462
bak-	0.275862068966	0.333333333333	0.137931034483	0.252873563218
nup-	0.452619004233	0.430005552396	0.0647172821328	0.0526581612385
276-	0.0	0.176470588235	0.0	0.823529411765
anv-	0.382742787468	0.235017501076	0.0883367369126	0.293902974543
usb-	0.605576274196	0.13070502575	0.205114544486	0.0586041555674
gug-	0.492632376733	0.326784334873	0.0765183425398	0.104064945854
epa-	0.0301675977654	0.956424581006	0.013407821229	0.0
500-	0.274618585298	0.19972260749	0.0998613037447	0.425797503467
bwa-	0.305176229279	0.300762483678	0.0691797431547	0.324881543889
sap-	0.0215053763441	0.965053763441	0.010752688172	0.00268817204301
asi-	0.0574018126888	0.882175226586	0.0181268882175	0.0422960725076
gun-	0.559824892153	0.177140349192	0.0294169405064	0.233617818149
nan-	0.201857796862	0.0551389504891	0.0139475113513	0.729055741297
bme-	0.299452675015	0.457833051552	0.0252170673697	0.217497206064
uva-	0.572116308016	0.228587606416	0.0507843582331	0.148511727334
153-	0.148760330579	0.247933884298	0.099173553719	0.504132231405
mah-	0.250810810811	0.509189189189	0.175135135135	0.0648648648649
geg-	0.240415335463	0.148162939297	0.329872204473	0.281549520767
mue-	0.159427630746	0.235279219957	0.539698619729	0.0655945295682
nog-	0.451612903226	0.161290322581	0.0645161290323	0.322580645161
ao--	0.247572815534	0.257281553398	0.18932038835	0.305825242718
amu-	0.693333333333	0.173333333333	0.0	0.133333333333
yis-	0.00641979241009	0.607471331201	0.00344805174477	0.382660824645
mel-	0.0656146179402	0.894933554817	0.0249169435216	0.0145348837209
iat-	0.576601671309	0.359331476323	0.00557103064066	0.058495821727
kri-	0.0134153158189	0.93627724986	0.0435997764114	0.00670765790944
ail-	0.107224954289	0.146218058129	0.0958691959345	0.650687791648
isa-	0.23739077586	0.398658558332	0.059553313754	0.304397352054
joe-	0.0	1.0	0.0	0.0
eiv-	0.19530285074	0.744837238946	0.0303673448985	0.0294925654158
luv-	0.11691491328	0.571598503513	0.158021496973	0.153465086234
bab-	0.149676350584	0.528530232843	0.271543393564	0.0502500230083
ita-	0.453492155923	0.123511161575	0.0396269198188	0.383369762683
war-	0.485373037883	0.130977234707	0.060206002328	0.323443725082
uvw-	0.589141059998	0.287415289793	0.0351324852072	0.0883111650017
moh-	0.433665049757	0.308796319448	0.178276741511	0.0792618892834
ila-	0.274414597854	0.629728248101	0.0629649933433	0.0328921607017
lau-	0.109090909091	0.847272727273	0.0436363636363	0.0
ura-	0.10119840213	0.846870838882	0.0	0.051930758988
iai-	0.407786885246	0.485655737705	0.0	0.106557377049
ivu-	0.531662564332	0.301857238756	0.130230476617	0.0362497202954
opo-	0.196485623003	0.416932907348	0.0798722044728	0.306709265176
gwe-	0.142387218045	0.579516224772	0.222348634745	0.0557479224377
kod-	0.0418994413408	0.895251396648	0.0628491620112	0.0
im--	0.28524156188	0.262078093977	0.0873593646592	0.365320979484
ali-	0.725933719095	0.157291419785	0.0267065916724	0.0900682694476
jud-	0.0282408425152	0.822261006245	0.106590163741	0.0429079874981
non-	0.646795428724	0.273808728196	0.0529305620531	0.0264652810265
irw-	0.3424119814	0.392958511987	0.190953559998	0.0736759466151
dod-	0.127659574468	0.808510638298	0.063829787234	0.0
tau-	0.461170028265	0.331451428403	0.0565309481111	0.150847595221
mal-	0.0276324585884	0.824329438897	0.0140072370725	0.134030865442
esi-	0.0586319218241	0.893811074919	0.0254071661238	0.0221498371335
umb-	0.220675120753	0.637338148078	0.0774306331082	0.0645560980601
sab-	0.0770821742694	0.841981542748	0.0199712906062	0.0609649923768
aki-	0.0188679245283	0.962264150943	0.0188679245283	0.0
tui-	0.0880195599022	0.843520782396	0.0586797066014	0.00977995110023
nin-	0.570882058479	0.212602551123	0.0542842200025	0.162231170395
as--	0.0822785344394	0.758037694193	0.0316085777828	0.128075193584
nau-	0.704686468647	0.196171617162	0.0554455445545	0.043696369637
ilw-	0.0874616396317	0.868807540552	0.0437308198159	0.0
yuo-	0.0784313725491	0.921568627451	0.0	0.0
uni-	0.257667383547	0.2416894107	0.2757493052	0.224893900552
ivl-	0.478048780488	0.325203252033	0.060162601626	0.136585365854
lov-	0.337204060325	0.0327489483397	0.0118262080061	0.618220783329
tuw-	0.235939993616	0.658729652091	0.0842642834344	0.0210660708586
sir-	0.0263591433278	0.973640856672	0.0	0.0
inl-	0.722814734242	0.173381832251	0.103803433508	0.0
ur--	0.148148148148	0.58024691358	0.246913580247	0.0246913580247
gub-	0.391492109618	0.281389998789	0.173951648706	0.153166242887
beu-	0.448717948718	0.025641025641	0.115384615385	0.410256410256
gos-	0.331344331344	0.417339417339	0.120042120042	0.131274131274
and-	0.581718631679	0.0414694572974	0.0202691798802	0.356542731143
apa-	0.279667422525	0.417989417989	0.21768707483	0.0846560846561
ALL	0.232591613754	0.271945425213	0.0506316136375	0.444831347396
ana-	0.354020944895	0.452889333011	0.0684094255644	0.124680296529
dud-	0.149408284024	0.757396449704	0.0931952662721	0.0
ine-	0.492258978468	0.0953748121259	0.0154839236589	0.396882285747
lo--	0.517431192661	0.300917431193	0.121100917431	0.0605504587156
per-	0.0	1.0	0.0	0.0
fib-	0.047619047619	0.952380952381	0.0	0.0
sok-	0.309523809524	0.526190476191	0.0857142857143	0.0785714285714
un--	0.533555313268	0.222916835019	0.10083677545	0.142691076263
it--	0.55156633327	0.265144366862	0.0839781090772	0.0993111907907
rur-	0.263297090802	0.635321774905	0.0831619159565	0.0182192183368
yev-	0.144453437401	0.782019372182	0.0471142002794	0.026412990138
avk-	0.450217744001	0.483498420289	0.0317009649047	0.0345828708052
lid-	0.0679012345679	0.87037037037	0.0	0.0617283950617
jod-	0.00662544169611	0.993374558304	0.0	0.0
guy-	0.650807356878	0.273206113462	0.0379932648303	0.0379932648304
gas-	0.474434717077	0.293084859136	0.0432712010319	0.189209222755
ata-	0.281569560048	0.275624256837	0.130558858502	0.312247324614
euk-	0.313404840066	0.566054836832	0.120540323102	0.0
far-	0.0319222761971	0.88480222068	0.0624566273421	0.0208188757807
jai-	0.137777777778	0.79037037037	0.0222222222222	0.0496296296296
ins-	0.478055189837	0.222357066959	0.0782695021152	0.221318241088
lum-	0.0516721792485	0.904498160854	0.0315918606222	0.0122377992749
giy-	0.63100682707	0.240111059558	0.0889930992834	0.0398890140887
mes-	0.189364794392	0.75763016158	0.00512952038984	0.0478755236385
um--	0.0332409972298	0.916897506925	0.0498614958449	0.0
num-	0.429784356852	0.289786681918	0.124759810039	0.155669151191
omb-	0.490501171833	0.286868102873	0.0831147464651	0.139515978829
adi-	0.0	1.0	0.0	0.0
ami-	0.0	1.0	0.0	0.0
eit-	0.0325023433354	0.0304657928658	0.00885748690066	0.928174376898
ni--	0.560346262694	0.28117196604	0.0849009488929	0.0735808223739
iku-	0.616149470471	0.210501163884	0.121938059782	0.0514113058626
ram-	0.0	1.0	0.0	0.0
ann-	0.16393442623	0.639344262295	0.0327868852459	0.16393442623
dev-	0.0724515585509	0.861836562763	0.0303285593934	0.0353833192923
vuv-	0.451824676578	0.16412434833	0.296003089399	0.0880478856922
ien-	0.517820565342	0.138467841049	0.102826710365	0.240884883245
gis-	0.225618345373	0.0897927608487	0.023438352705	0.661150541073
kir-	0.193213949105	0.616085453974	0.0681746779767	0.122525918944
tal-	0.359380416293	0.440189326128	0.0734811608906	0.126949096688
gid-	0.242591871861	0.5922753496	0.0398868880364	0.125245890502
bin-	0.272262074518	0.312896470614	0.093236107507	0.321605347361
kos-	0.0	1.0	0.0	0.0
vus-	0.495396450668	0.324638757734	0.063395473787	0.116569317812
rod-	0.179047619048	0.72380952381	0.0628571428571	0.0342857142857
unv-	0.405470877098	0.233909427393	0.0922659595442	0.268353735965
kab-	0.0179250407387	0.982074959261	0.0	0.0
450-	0.211538461538	0.596153846154	0.0384615384615	0.153846153846
nem-	0.594733092883	0.172097735735	0.0489028723025	0.18426629908
bwy-	0.471698113208	0.150943396226	0.22641509434	0.150943396226
mua-	0.125858294651	0.550130965763	0.298578329593	0.025432409993
giv-	0.324697451469	0.166484850722	0.0250897392483	0.483727958562
pon-	0.606037460149	0.180813850514	0.139313230606	0.0738354587318
anr-	0.558519236987	0.241189783382	0.113158745555	0.0871322340769
sik-	0.0	1.0	0.0	0.0
bui-	0.0924395583547	0.813269926885	0.0312982586896	0.0629922560711
nga-	0.0241312912048	0.92457924336	0.0458724724384	0.00541699299648
ben-	0.248215710604	0.652993250122	0.015673256099	0.0831177831754
bog-	0.054168005731	0.606754441853	0.327953937579	0.0111236148375
av--	0.31941923775	0.303085299455	0.0580762250454	0.31941923775
ebt-	0.285024154589	0.338164251208	0.0869565217392	0.289855072464
nip-	0.440461702653	0.183417093432	0.0672184744777	0.308902729438
mat-	0.201854183952	0.612473364053	0.109758710916	0.0759137410792
pin-	0.227452271231	0.733377221856	0.0210664911126	0.0181040157999
amp-	0.0204081632653	0.979591836735	0.0	0.0
bun-	0.309583343218	0.423431309753	0.155676938771	0.111308408259
vui-	0.0820189274448	0.268138801262	0.593059936909	0.0567823343849
lam-	0.040125569429	0.943470153657	0.00649090093705	0.00991337597659
nar-	0.714000329384	0.153317691145	0.0503059637805	0.0823760156907
gat-	0.696362379846	0.163870913698	0.0624489539486	0.0773177525078
nut-	0.527219779754	0.280594862806	0.0875047710598	0.104680586381
uve-	0.292208050154	0.667936811783	0.0315441140115	0.00831102405092
esl-	0.0	1.0	0.0	0.0
nit-	0.248488889045	0.0856694744178	0.0456958028965	0.620145833641
an--	0.466391184573	0.27741046832	0.125619834711	0.130578512397
usu-	0.731085658977	0.20503306985	0.04436199387	0.0195192773028
yem-	0.0335768742394	0.0331622769169	0.00818335038354	0.92507749846
nap-	0.284923030863	0.634240662658	0.0389211846012	0.0419151218782
asm-	0.229810648972	0.550250849652	0.0791390192588	0.140799482117
gur-	0.488510946264	0.354079971051	0.0651347928352	0.0922742898498
usg-	0.288609543356	0.638276038994	0.0307850179579	0.0423293996922
peg-	0.0225375626044	0.977462437396	0.0	0.0
ani-	0.139529210879	0.197707037444	0.0348823027198	0.627881448957
iyo-	0.188825171659	0.457632234211	0.300724364295	0.0528182298347
upi-	0.531538364303	0.287258248009	0.0598533687271	0.121350018961
nad-	0.0694444444444	0.472222222222	0.416666666667	0.0416666666666
kis-	0.0	0.931034482759	0.0689655172414	0.0
aut-	0.799201088372	0.110574000637	0.0364720525661	0.0537528584248
bob-	0.265114321784	0.697012203675	0.00841632767569	0.0294571468649
hag-	0.16	0.782857142857	0.0457142857143	0.0114285714286
aiv-	0.114255065426	0.302687293567	0.134215279591	0.448842361416
geb-	0.612640777078	0.0417746975258	0.0220554899038	0.323529035492
ded-	0.18335089568	0.612223393045	0.0537407797682	0.150684931507
au--	0.327768351996	0.272525732383	0.135957470874	0.263748444746
ban-	0.0679163930214	0.87911538791	0.0165614916764	0.0364067273921
uvk-	0.516965578441	0.258920648265	0.137476063706	0.0866377095885
adr-	0.133333333333	0.807407407407	0.0592592592592	0.0
ise-	0.691588785047	0.196261682243	0.0420560747663	0.0700934579439
ute-	0.787051790578	0.133346894034	0.0239572385892	0.0556440767988
wen-	0.138053705103	0.78832497768	0.0358491861822	0.0377721310349
dab-	0.140528958681	0.604684467708	0.0769489341583	0.177837639453
guk-	0.348416289593	0.519230769231	0.118778280543	0.0135746606335
bwe-	0.0758843972182	0.67855781987	0.0436804738705	0.201877309042
tis-	0.0279949081574	0.0363336196799	0.0263195050847	0.909351967078
ebe-	0.0446767610003	0.00632939879562	0.00185743608068	0.947136404123
ale-	0.538039768875	0.292727156711	0.0477370072047	0.121496067209
bup-	0.216945884054	0.420834839902	0.136756257282	0.225463018762
tue-	0.0807254372579	0.882063622491	0.0342176311774	0.00299330907383
sid-	0.0163750041351	0.96724999173	0.0	0.0163750041351
bon-	0.201465825805	0.353161752173	0.266234873019	0.179137549003
oli-	0.0262664165103	0.883743128929	0.0789309107666	0.0110595437938
irk-	0.791907514451	0.208092485549	0.0	0.0
tok-	0.109453468479	0.846765144129	0.0437813873917	0.0
ula-	0.273333333333	0.546666666667	0.153333333333	0.0266666666667
kue-	0.164288802421	0.30869001297	0.51102464332	0.0159965412884
amd-	0.280599755202	0.150856793146	0.470012239902	0.0985312117503
kon-	0.1375	0.795394736842	0.0532894736842	0.0138157894737
me--	0.323655402189	0.542122798667	0.0485483103285	0.0856734888149
eli-	0.0331772512294	0.920351067084	0.0161180263065	0.0303536553801
eis-	0.0277230008123	0.0321452538053	0.00319903689462	0.936932708488
imu-	0.325056619312	0.375169857937	0.095120444719	0.204653078032
ahl-	0.528362268982	0.327626210097	0.0312024961997	0.112809024722
eto-	0.107961968136	0.0158269493765	0.0045912173985	0.871619865089
but-	0.380180741664	0.570998234133	0.0124649423496	0.0363560818531
vit-	0.0614957604727	0.818016920023	0.101163073026	0.0193242464782
gio-	0.655172413793	0.32183908046	0.0	0.0229885057471
nu--	0.335069444444	0.578125	0.0295138888889	0.0572916666667
siv-	0.0689079139695	0.714606389643	0.13609313009	0.0803925662977
pan-	0.0574712643678	0.919540229885	0.0	0.0229885057471
nim-	0.467952756491	0.22786035902	0.0872494772301	0.216937407259
vwa-	0.155812135083	0.781863010884	0.0623248540331	0.0
upe-	0.171217029153	0.466450717261	0.350300786673	0.0120314669135
ukw-	0.217515205596	0.495581864143	0.0801664848044	0.206736445457
avi-	0.0514853986579	0.541271173262	0.0347353946785	0.372508033401
tul-	0.214213018423	0.645612196888	0.0788166162245	0.0613581684647
tiv-	0.143232785788	0.65526486062	0.0719163876405	0.129585965951
yam-	0.0167712262089	0.834579378744	0.141416003591	0.00723339145652
aye-	0.0511170648989	0.0200938475991	0.00110067707187	0.92768841043
ina-	0.493819446069	0.276008965578	0.0964266896614	0.133744898691
lir-	0.0	0.981481481481	0.0185185185185	0.0
mai-	0.182590499003	0.458743246711	0.317899751913	0.0407665023723
pen-	0.0582187824882	0.708906087559	0.199607254245	0.0332678757075
rab-	0.342342342342	0.504504504505	0.0	0.153153153153
ape-	0.18115942029	0.604347826087	0.102898550725	0.111594202898
uwe-	0.71930549814	0.252583712278	0.0248036378669	0.00330715171558
umu-	0.724832214765	0.0447427293065	0.0626398210291	0.167785234899
ba--	0.303854875283	0.0680272108844	0.582766439909	0.0453514739229
ini-	0.279983031331	0.55602690746	0.0546633537361	0.109326707472
got-	0.166711772666	0.360622462788	0.0937753721245	0.378890392422
yup-	0.0	1.0	0.0	0.0
und-	0.524478717942	0.206219204856	0.102924880041	0.166377197161
gim-	0.356340817443	0.201231726013	0.242701584127	0.199725872417
gul-	0.170465616155	0.706421396361	0.0779289046794	0.045184082804
gao-	0.046875	0.8125	0.140625	0.0
isp-	0.714116577829	0.273503475719	0.0074279678711	0.00495197858073
tia-	0.090810418989	0.451449759097	0.289712474109	0.168027347804
idb-	0.453711052441	0.179691928927	0.0419507928538	0.324646225778
nui-	0.220588235294	0.445632798574	0.248217468806	0.0855614973262
kau-	0.154791154791	0.27027027027	0.523341523341	0.051597051597
wav-	0.126154642156	0.79958303532	0.0235874180147	0.050674904509
ino-	0.327961195431	0.376310436551	0.256297918948	0.039430449069
bas-	0.198529411765	0.77205882353	0.0147058823529	0.0147058823529
mim-	0.703703703704	0.0740740740741	0.0	0.222222222222
abl-	0.0279242625728	0.942191520541	0.0222489854072	0.00763523147863
sit-	0.178482612418	0.311418230575	0.296021489303	0.214077667704
mid-	0.0344827586207	0.913793103448	0.051724137931	0.0
isw-	0.65625	0.203125	0.140625	0.0
ang-	0.0606904787305	0.522019677818	0.039171521882	0.37811832157
ece-	0.06875	0.2	0.04375	0.6875
nes-	0.498713697191	0.142776026038	0.042591991694	0.315918285077
ito-	0.53488372093	0.302325581395	0.046511627907	0.116279069767
avw-	0.467701435492	0.275098884494	0.0717412559442	0.18545842407
spe-	0.0353982300885	0.964601769912	0.0	0.0
ma--	0.318181818182	0.267676767677	0.358585858586	0.0555555555555
mer-	0.471258842112	0.396882082275	0.0260971087151	0.105761966898
666-	0.0387096774194	0.0	0.0	0.961290322581
kop-	0.78813559322	0.21186440678	0.0	0.0
sod-	0.00823363632492	0.982160454629	0.00548909088328	0.00411681816246
amm-	0.21626470002	0.686067370939	0.0279051225832	0.069762806458
kun-	0.0855238800444	0.836727138097	0.0666419844502	0.0111069974084
kan-	0.0238095238095	0.841991341991	0.12987012987	0.004329004329
nei-	0.189591078067	0.53531598513	0.185873605948	0.089219330855
kuk-	0.234087996583	0.717214865442	0.0153780435711	0.0333190944041
guv-	0.45255408416	0.318511314418	0.0559105250658	0.173024076357
nav-	0.289668670028	0.181085722699	0.049951444561	0.479294162711
gap-	0.151315991017	0.605329946248	0.139898717354	0.103455345381
tol-	0.192307692308	0.807692307692	0.0	0.0
fis-	0.0	1.0	0.0	0.0
edr-	0.290322580645	0.661290322581	0.0483870967742	0.0
yap-	0.343130711431	0.208509353497	0.109190897495	0.339169037577
bum-	0.24114191542	0.506366125302	0.227931208634	0.0245607506446
vas-	0.385675714083	0.363767704041	0.105679503576	0.1448770783
daw-	0.0054137292173	0.974976540507	0.00565433940473	0.0139553908712
gir-	0.400511139753	0.168360855134	0.0445108885318	0.386617116581
jel-	0.00934579439252	0.971962616822	0.018691588785	0.0
met-	0.27291060566	0.491602750595	0.069227717535	0.16625892621
tao-	0.0508474576271	0.949152542373	0.0	0.0
100-	0.0645161290322	0.205688518904	0.106139438085	0.623655913979
na--	0.271604938272	0.584362139918	0.0205761316872	0.123456790123
lol-	0.628828992897	0.169349845201	0.103259879803	0.0985612820979
ken-	0.0919540229885	0.597701149425	0.218390804598	0.0919540229885
inv-	0.43300901328	0.239637958732	0.0759439324788	0.251409095508
ipa-	0.460179921629	0.367238810089	0.115569291904	0.0570119763784
bub-	0.978378378378	0.0216216216216	0.0	0.0
ilu-	0.623700215813	0.140082401413	0.00824014125957	0.227977241515
lai-	0.0975026170181	0.586212053238	0.302826379542	0.0134589502019
kie-	0.246819148539	0.728368344465	0.0	0.024812506996
ikw-	0.398879110176	0.0801358197751	0.0126725661812	0.508312503868
aka-	0.0360993905298	0.957337083919	0.0028129395218	0.00375058602906
kin-	0.0313472984136	0.882500582467	0.028064304323	0.0580878147968
uta-	0.630490700914	0.224447239027	0.0396572538291	0.10540480623
bem-	0.0486328298501	0.0210842090024	0.00622542664728	0.9240575345
par-	0.0212661848841	0.962134899127	0.0024465522433	0.0141523637459
ala-	0.257270315891	0.631323848565	0.0289365806607	0.0824692548831
jul-	0.134579439252	0.786915887851	0.0	0.0785046728972
ilg-	0.508277754015	0.152441408406	0.0520058077012	0.287275029878
rav-	0.503842869342	0.410760034159	0.0512382578992	0.0341588385995
guh-	0.752416450143	0.158676573254	0.0419838500627	0.0469231265406
nah-	0.837334933974	0.077831132453	0.0494197679072	0.0354141656663
sol-	0.0581234431221	0.872958760033	0.0260171602546	0.0429006365901
pom-	0.047371640293	0.839138271972	0.0126289501905	0.100861137545
hib-	0.0	0.958904109589	0.0410958904109	0.0
anu-	0.533765419193	0.222872674054	0.047668827096	0.195693079657
sag-	0.176144671027	0.281185071181	0.175190457868	0.367479799923
iyu-	0.573275862069	0.39224137931	0.0258620689655	0.00862068965517
tre-	0.0	1.0	0.0	0.0
val-	0.186613343449	0.64037941626	0.0257190804329	0.147288159858
gay-	0.55701754386	0.221804511278	0.0864661654136	0.134711779449
beb-	0.616197183099	0.137323943662	0.0410798122065	0.205399061033
via-	0.341113330005	0.389291063405	0.0651522715926	0.204443334997
ira-	0.488686973587	0.378385162154	0.047933096034	0.0849947682253
gob-	0.750438322234	0.178019012377	0.00821403857462	0.0633286268145
aim-	0.0706922140806	0.104399419068	0.0143404421924	0.810567924659
dan-	0.244887198151	0.138647679248	0.0524456079725	0.564019514628
iro-	0.597090901135	0.19134854855	0.0198145440358	0.191746006279
tio-	0.345070422535	0.56338028169	0.0140845070423	0.0774647887324
aru-	0.156702811699	0.785326205939	0.0357789656769	0.0221920166857
wer-	0.622232490085	0.297370143622	0.0631473566671	0.0172500096261
bam-	0.116929484779	0.445966049896	0.120984982805	0.31611948252
mis-	0.0	1.0	0.0	0.0
elm-	0.0	1.0	0.0	0.0
isb-	0.545977011494	0.206896551724	0.195402298851	0.051724137931
ran-	0.0246837395865	0.957729095958	0.0148102437519	0.00277692070349
fee-	0.0764331210191	0.764331210191	0.076433121019	0.0828025477706
din-	0.846153846154	0.153846153846	0.0	0.0
bla-	0.280842268441	0.427550273436	0.0539120699307	0.237695388193
lav-	0.420522570079	0.230567734069	0.0262066381502	0.322703057703
top-	0.0	0.914285714286	0.0857142857143	0.0
ivt-	0.518821603928	0.461538461538	0.0196399345336	0.0
kob-	0.152123143995	0.10693834478	0.026981035418	0.713957475807
sti-	0.210564250412	0.72044892916	0.0123558484349	0.0566309719934
vav-	0.351188360154	0.447891997843	0.151415368852	0.0495042731521
sos-	0.0117647058824	0.976470588235	0.0117647058824	0.0
don-	0.0891109960692	0.195795259286	0.105346405312	0.609747339334
ibw-	0.294117647059	0.472807991121	0.0332963374029	0.199778024417
tat-	0.491356228845	0.211238455919	0.107902751301	0.189502563935
bit-	0.00900900900901	0.990990990991	0.0	0.0
ser-	0.0	0.987261146497	0.0127388535032	0.0
10--	0.100492610837	0.890640394089	0.00591133004926	0.00295566502463
ave-	0.530120481928	0.40562248996	0.0	0.0642570281124
pma-	0.503597122302	0.410071942446	0.0647482014389	0.021582733813
irv-	0.0288461538462	0.971153846154	0.0	0.0
nom-	0.466664518465	0.304861993408	0.0481197100542	0.180353778072
nia-	0.423874084463	0.43275673991	0.078541374474	0.0648278011531
nol-	0.441478737561	0.169924020332	0.119928691731	0.268668550377
mam-	0.175853018373	0.666666666667	0.0944881889763	0.0629921259843
utu-	0.289981331674	0.577473553205	0.100808960797	0.0317361543248
sad-	0.0742905383467	0.813013832067	0.0958503798949	0.0168452496915
etn-	0.301075268817	0.602150537634	0.0537634408602	0.0430107526881
adg-	0.260290556901	0.474576271186	0.0	0.265133171913
sis-	0.116725269386	0.845017494484	0.0193728131895	0.018884422941
wat-	0.409726419805	0.135949120917	0.034755985388	0.41956847389
vep-	0.68849174603	0.195514403578	0.0287306346479	0.0872632157442
pai-	0.378001442168	0.205774910968	0.0912337900091	0.324989856855
mos-	0.0274474352294	0.948016012227	0.0113526204023	0.0131839321411
kok-	0.39402173913	0.345108695652	0.203804347826	0.0570652173913
sur-	0.0	0.84375	0.125	0.03125
ivk-	0.452059762754	0.299494900351	0.149778410749	0.0986669261457
tuv-	0.411260738883	0.500674508319	0.0271223345088	0.0609424182898
ili-	0.802459448524	0.100688302294	0.026042690926	0.0708095582555
dub-	0.0811422601428	0.471173144423	0.166820935326	0.280863660108
gar-	0.723875407635	0.150585075772	0.0404037981968	0.0851357183963
ink-	0.361219850991	0.208915267079	0.0712842530623	0.358580628867
avo-	0.263409354738	0.484507995948	0.0632916803165	0.188790968998
ika-	0.733717719669	0.165989930161	0.0508905852417	0.0494017649288
bet-	0.13753856116	0.0819047021592	0.00436728061905	0.776189456062
ges-	0.472523590202	0.126894406506	0.0299604549314	0.370621548361
law-	0.0870353581142	0.871001165652	0.0186504338816	0.023313042352
epr-	0.0	1.0	0.0	0.0
sal-	0.140336553726	0.819875720053	0.0268335828004	0.0129541434209
asu-	0.354056902002	0.290832455216	0.31717597471	0.0379346680717
ile-	0.597238698377	0.0462420223841	0.00651940067272	0.349999878566
bop-	0.0224457020495	0.0549288773326	0.913601254206	0.00902416641174
nih-	0.56044309739	0.248065776993	0.0718923808804	0.119598744736
idg-	0.53105010661	0.331245557925	0.0799573560767	0.0577469793887
mil-	0.0412371134021	0.515463917526	0.0515463917526	0.39175257732
utl-	0.338134465922	0.417584065871	0.0945946360818	0.149686832125
isk-	0.16323107197	0.725475015323	0.0	0.111293912707
anl-	0.505494505495	0.252747252747	0.10989010989	0.131868131868
gab-	0.145037796729	0.0987881269473	0.00907806813036	0.747096008193
sek-	0.27289048474	0.626570915619	0.0610412926392	0.0394973070018
400-	0.13470790378	0.12852233677	0.0487972508592	0.687972508591
ull-	0.0714285714286	0.5	0.357142857143	0.0714285714286
ind-	0.536155685074	0.175309705153	0.0885656826784	0.199968927095
yan-	0.0591466563387	0.874464239608	0.0500935966951	0.0162955073586
itk-	0.535648994516	0.376599634369	0.054844606947	0.0329067641682
gua-	0.421095666394	0.163941128373	0.378168438267	0.0367947669665
eme-	0.0192307692308	0.692307692308	0.288461538462	0.0
kas-	0.212294648167	0.416028764261	0.134164106873	0.237512480699
alt-	0.0529960429622	0.915912945167	0.0169587337479	0.0141322781232
inr-	0.532122257019	0.299968481041	0.0530797547133	0.114829507227
sul-	0.0675484826393	0.0679139858951	0.0147419646471	0.849795566818
eil-	0.110707824261	0.152799803444	0.0604185745237	0.676073797771
gal-	0.347817188887	0.237629822065	0.0417935214806	0.372759467567
nul-	0.691696300075	0.109199826474	0.0385724818437	0.160531391607
imd-	0.531749888054	0.128847857776	0.123093339431	0.21630891474
kre-	0.129032258065	0.870967741935	0.0	0.0
kar-	0.0836423720334	0.783149405839	0.0278807906778	0.105327431449
sel-	0.0619834710745	0.925619834711	0.0123966942149	0.0
awe-	0.344473007712	0.519280205656	0.0925449871465	0.0437017994859
suk-	0.353136903879	0.554824142983	0.0516034297926	0.040435523345
reu-	0.0	1.0	0.0	0.0
mia-	0.110568063642	0.133863675746	0.0314417961797	0.724126464432
gak-	0.487393289657	0.210839785587	0.198530871551	0.103236053206
ubu-	0.344827586207	0.620689655172	0.0	0.0344827586207
ec--	0.118793211816	0.643620364551	0.0	0.237586423633
agr-	0.0152495378928	0.964879852126	0.0198706099815	0.0
ung-	0.426403086882	0.300702947638	0.18986541913	0.083028546349
ari-	0.0224719101124	0.962546816479	0.00374531835206	0.0112359550562
gik-	0.392960606516	0.0718256786237	0.0138994330703	0.52131428179
gie-	0.385661465946	0.175235141578	0.0254786412819	0.413624751194
tak-	0.0732203935671	0.460535227368	0.0138475945167	0.452396784548
eia-	0.428571428571	0.335907335907	0.011583011583	0.223938223938
lob-	0.522838499184	0.2088091354	0.0750407830342	0.193311582382
mun-	0.0196078431373	0.980392156863	0.0	0.0
tay-	0.454545454545	0.136363636364	0.0	0.409090909091
mei-	0.400296877802	0.3426634283	0.0896336407608	0.167406053137
git-	0.251250089271	0.0762359507147	0.0432067965796	0.629307163435
jek-	0.0705882352942	0.929411764706	0.0	0.0
kak-	0.729043168008	0.156672179585	0.0401389998699	0.0741456525375
are-	0.412810327875	0.26373750241	0.0347141280539	0.288738041661
one-	0.0630011454753	0.840778923253	0.0137457044673	0.0824742268041
nob-	0.176730486009	0.661266568483	0.0883652430044	0.0736377025037
kik-	0.907869481766	0.0499040307102	0.0	0.042226487524
sto-	0.212765957447	0.574468085106	0.212765957447	0.0
gog-	0.0714285714286	0.892857142857	0.0357142857143	0.0
wam-	0.0379023730415	0.328006827661	0.624791332306	0.00929946699159
kap-	0.231160367641	0.70907020046	0.0161120354964	0.0436573964028
unu-	0.56929301819	0.325846413597	0.0718107641246	0.0330498040886
sil-	0.0708547477671	0.860386208273	0.048775011227	0.0199840327329
430-	0.454545454545	0.051948051948	0.0	0.493506493507
gud-	0.567031186715	0.287160793844	0.129607128392	0.016200891049
lal-	0.249835634451	0.639710716634	0.0670611439842	0.043392504931
bua-	0.466872329486	0.235767601014	0.118876655497	0.178483414003
jas-	0.0374574347333	0.94211123723	0.0204313280363	0.0
ipe-	0.405551113373	0.25377383635	0.29827239466	0.0424026556178
nis-	0.395219042253	0.243874435075	0.0717482201541	0.289158302518
leu-	0.174730354391	0.53405238829	0.0582434514638	0.232973805855
ule-	0.528414640415	0.313640569578	0.0194700046265	0.13847478538
gus-	0.443854488053	0.291490277678	0.123125493291	0.141529740977
gau-	0.813113425775	0.102591580956	0.0362011056367	0.0480938876328
ok--	0.600864553314	0.298270893372	0.0201729106628	0.0806916426513
tik-	0.0402106270943	0.925323121111	0.00861656294877	0.0258496888463
nuw-	0.596256684492	0.264705882353	0.0187165775401	0.120320855615
wel-	0.210849539406	0.499488229273	0.21494370522	0.0747185261003
iny-	0.446219624978	0.360908201423	0.121969199426	0.070902974172
run-	0.704347826087	0.145652173913	0.0913043478261	0.0586956521739
vie-	0.197460490742	0.181196444592	0.3829095643	0.238433500366
sau-	0.0970665678712	0.844238326475	0.00740966166956	0.0512854439843
way-	0.160356347439	0.164439495174	0.628804751299	0.0463994060876
pri-	0.0723793677204	0.890183028286	0.0149750415974	0.022462562396
twe-	0.0306349084782	0.904648847362	0.0325495902581	0.0321666539021
tro-	0.0717423133235	0.928257686676	0.0	0.0
tiu-	0.0983606557376	0.868852459016	0.0	0.0327868852459
ngg-	0.39778004304	0.418733718428	0.0996715369804	0.0838147015517
bom-	0.0743775296093	0.804269658923	0.109608991003	0.0117438204646
nie-	0.334560114378	0.222988181471	0.085516756395	0.356934947757
kwo-	0.0	1.0	0.0	0.0
gol-	0.102568191881	0.583289639262	0.200184388982	0.113957779875
aiw-	0.0792387766902	0.842029043737	0.0537866387631	0.0249455408099
yud-	0.298263534219	0.395301327886	0.0	0.306435137896
fin-	0.125	0.666666666667	0.194444444444	0.0138888888889
yae-	0.0207468879668	0.879668049792	0.0497925311203	0.0497925311204
nag-	0.273789649416	0.404006677796	0.0795770728993	0.242626599889
bai-	0.247687331177	0.585567079068	0.0256777937106	0.141067796045
bea-	0.0805369127517	0.657718120805	0.261744966443	0.0
itu-	0.584259786767	0.289997558395	0.0747131114185	0.0510295434199
uso-	0.425895522388	0.277711442786	0.092288557214	0.204104477612
tam-	0.128493330613	0.759047907362	0.0357050617671	0.0767537002581
asg-	0.354660368054	0.217090179182	0.184935240221	0.243314212544
upa-	0.423465788855	0.412179637903	0.0465553726781	0.117799200564
nal-	0.29073478628	0.599810168647	0.0301829173152	0.0792721277583
man-	0.18986068014	0.675074998835	0.0622550154667	0.0728093055581
men-	0.552852905405	0.297621172742	0.0517354035885	0.0977905182648
ava-	0.2866087765	0.119114348335	0.0988119934053	0.49546488176
jol-	0.0251655629139	0.917880794702	0.0105960264901	0.046357615894
sie-	0.0	1.0	0.0	0.0
ain-	0.498812351544	0.355646728568	0.116605484777	0.0289354351112
lub-	0.0	1.0	0.0	0.0
okt-	0.18566552901	0.335153583618	0.131058020478	0.348122866894
tap-	0.195636066045	0.659931654557	0.0727690963582	0.0716631830397
amw-	0.149253731343	0.328358208955	0.477611940299	0.044776119403
uru-	0.201688555347	0.632270168856	0.116322701689	0.0497185741088
e-e-	0.0689655172414	0.327586206897	0.103448275862	0.5
deb-	0.0465454545454	0.953454545455	0.0	0.0
seb-	0.00950620543966	0.964510166359	0.0174280433061	0.00855558489569
ame-	0.0397264970503	0.0520814096167	0.00833819341644	0.899853899917
ike-	0.0115384615385	0.988461538462	0.0	0.0
uye-	0.454204162394	0.478721208686	0.0354291629676	0.0316454659517
iso-	0.311690462149	0.140637266328	0.0555178388633	0.49215443266
pam-	0.0	0.997716894977	0.00228310502283	0.0
unl-	0.751866743251	0.248133256749	0.0	0.0
mag-	0.0307875894988	0.960143198091	0.00286396181384	0.00620525059666
ivw-	0.566116024771	0.235231721965	0.0693372018656	0.129315051398
job-	0.2125	0.7125	0.075	0.0
end-	0.00864553314121	0.976945244957	0.0	0.014409221902
gih-	0.693751754255	0.0891143245618	0.0203949215005	0.196738999683
jan-	0.0	0.85	0.110869565217	0.0391304347826
wak-	0.233307148468	0.630793401414	0.100549882168	0.0353495679497
dru-	0.0263157894737	0.921052631579	0.0526315789474	0.0
nil-	0.537773095187	0.14535526785	0.0453430262472	0.271528610717
dob-	0.324209435489	0.303002585428	0.0473730681993	0.325414910885
taw-	0.115056818182	0.671875	0.196022727273	0.0170454545454
mon-	0.173068164724	0.660608013586	0.113346575332	0.0529772463582
alo-	0.00381194409149	0.965692503177	0.0304955527319	0.0
ano-	0.18644877671	0.320409024072	0.272732978666	0.220409220552
mov-	0.0927835051546	0.432989690722	0.412371134021	0.0618556701031
iut-	0.837682105909	0.0793996103601	0.0060387565942	0.0768795271369
pit-	0.0418705335546	0.871948120342	0.00390383402428	0.0822775120789
sun-	0.810344827586	0.137931034483	0.0	0.0517241379311
las-	0.0763084828644	0.76615142348	0.0888898097883	0.0686502838672
nas-	0.217784856121	0.459273415095	0.0572389863983	0.265702742386
umd-	0.533767569421	0.243743572163	0.0282824820021	0.194206376414
rin-	0.253521126761	0.29089387812	0.34374564217	0.111839352949
unk-	0.455588736149	0.25602803623	0.0874898195908	0.200893408031
vin-	0.216867469879	0.614457831325	0.168674698795	0.0
bes-	0.0689496667433	0.89427717766	0.0241323833602	0.0126407722363
sip-	0.0409822631751	0.921987107113	0.0332064682959	0.00382416141603
pad-	0.08078994614	0.840215439856	0.0359066427289	0.0430879712747
nud-	0.765031296263	0.104069812742	0.0959925200633	0.0349063709321
mib-	0.868421052632	0.0526315789474	0.0	0.0789473684211
atl-	0.715719063545	0.198996655518	0.0551839464883	0.0301003344482
vwi-	0.309523809524	0.357142857143	0.293650793651	0.0396825396825
gah-	0.549505066314	0.394387504936	0.00502698271683	0.0510804460338
nuh-	0.63615819209	0.267796610169	0.028813559322	0.0672316384181
reb-	0.0823271130626	0.717892425906	0.182217343578	0.0175631174533
fai-	0.0	0.974358974359	0.025641025641	0.0
inn-	0.0	0.745583038869	0.212014134276	0.0424028268551
dum-	0.27948304523	0.239524641071	0.15904409084	0.321948222859
ema-	0.0527859237537	0.912023460411	0.0175953079179	0.0175953079179
ays-	0.386666666667	0.0266666666666	0.12	0.466666666667
pis-	0.168863872019	0.663753517998	0.158495037772	0.00888757221153
ker-	0.201183431953	0.562130177515	0.094674556213	0.14201183432
mie-	0.127271215843	0.104442524039	0.00479838006566	0.763487880052
ten-	0.111464968153	0.496815286624	0.152866242038	0.238853503185
pet-	0.574529667149	0.182344428365	0.217076700434	0.0260492040521
sai-	0.0137912655318	0.97661481062	0.00459708851061	0.00499683533762
apo-	0.0772237281724	0.855918716289	0.0414646905355	0.0253928650031
yus-	0.2	0.628571428571	0.155844155844	0.0155844155844
pum-	0.392146017699	0.363384955752	0.0951327433628	0.149336283186
did-	0.429878048781	0.41006097561	0.0868902439024	0.0731707317073
ivn-	0.276219409912	0.293096378581	0.0363446591989	0.394339552308
lot-	0.114396574793	0.797297297297	0.08830612791	0.0
gag-	0.454245461652	0.275632068097	0.0331729349431	0.236949535308
atu-	0.413223140496	0.206611570248	0.280991735537	0.099173553719
ims-	0.52380952381	0.333333333333	0.0	0.142857142857
vuw-	0.116134955244	0.414275877898	0.469589166858	0.0
aro-	0.326493741128	0.294661676776	0.0537703789736	0.325074203123
awa-	0.0490900767442	0.215645878112	0.0103784095914	0.724885635553
ima-	0.300055735828	0.161386458276	0.347842220518	0.190715585377
nay-	0.536307961505	0.270341207349	0.0673665791776	0.125984251968
es--	0.140111370577	0.374887731274	0.42033411173	0.0646667864199
nus-	0.323349697644	0.536770974015	0.0373289456558	0.102550382685
gil-	0.649489202345	0.0658823002135	0.0182134329317	0.26641506451
300-	0.21926910299	0.129568106312	0.292358803987	0.358803986711
de--	0.0	1.0	0.0	0.0
guw-	0.614726741761	0.306007509387	0.0292031706299	0.0500625782228
nam-	0.205122554716	0.493332959843	0.0220958078331	0.279448677608
meu-	0.396825396825	0.380952380952	0.031746031746	0.190476190476
ewa-	0.434782608696	0.545893719807	0.0	0.0193236714976
bul-	0.0595369837546	0.662918861494	0.0137222787836	0.263821875968
uny-	0.511528136682	0.296294437894	0.107127624878	0.0850498005469
fot-	0.0	1.0	0.0	0.0
gue-	0.245901639344	0.327868852459	0.0327868852459	0.393442622951
