-ɣaɣ	0.473049953661	0.252495959743	0.094563077795	0.179891008801
-caa	0.0306624014594	0.765321681954	0.00750964300486	0.196506273581
-wɛɣ	0.31605910814	0.19335517654	0.0975259796877	0.393059735632
-ɩkʋ	0.518591720603	0.312193214891	0.142760957387	0.0264541071196
-ɣ́ʋ	0.187829799256	0.424117527035	0.316418941189	0.0716337325193
-heu	0.215606873153	0.739520630404	0.044872496443	0.0
-daʋ	0.352343704831	0.566720939384	0.00809241655337	0.0728429392313
-ɔrɩ	0.0	1.0	0.0	0.0
-tɔm	0.181542835433	0.321437936386	0.0274470700155	0.469572158166
-hei	0.529832935561	0.255369928401	0.107398568019	0.107398568019
-sɔŋ	0.102301790281	0.522773031507	0.310442400827	0.0644827773848
-ʋyʋ	0.157980658649	0.235687127437	0.0347311673705	0.571601046543
-ivi	0.0689916603487	0.931008339651	0.0	0.0
-ɔlɔ	0.135175363871	0.0367564923104	0.0114443029224	0.816623840896
-u-i	0.570821493077	0.287832232447	0.069418584506	0.0719276899702
-adɛ	0.220235087334	0.329144238163	0.25222454136	0.198396133143
-ptɩ	0.001443001443	0.940355940356	0.0553150553151	0.002886002886
-nkɔ	1.0	0.0	0.0	0.0
-oye	0.155195165331	0.27145288684	0.0250530704355	0.548298877393
-hɩŋ	0.0123864574732	0.975227085054	0.00495458298927	0.0074318744839
-oyo	0.171428571429	0.828571428571	0.0	0.0
-trɩ	0.0111731843576	0.988826815642	0.0	0.0
-oyi	0.0873180873181	0.838877338877	0.0467775467776	0.027027027027
-nkɛ	0.504195115854	0.24422292705	0.0189834851491	0.232598471947
-oyu	0.432432432432	0.513513513513	0.0	0.0540540540541
-zim	0.0358422939069	0.942652329749	0.0	0.0215053763441
-jɔŋ	0.0834826604828	0.81058290292	0.0679877727416	0.0379466638558
-ɛpa	0.293349168646	0.547505938242	0.061757719715	0.0973871733967
-nse	0.54609929078	0.368794326241	0.0425531914894	0.0425531914894
-uúú	0.476868327402	0.288256227758	0.0427046263345	0.192170818505
-nsa	0.770491803279	0.229508196721	0.0	0.0
-kɔŋ	0.274545470528	0.0548893767011	0.0220604738911	0.64850467888
-ŋɩɣ	0.458261417628	0.27644235431	0.131484534083	0.133811693979
-naŋ	0.0505044328951	0.784714154693	0.0693365943136	0.0954448180984
-ɛnɩ	0.35075839842	0.188643970966	0.0548611752163	0.405736455398
-kiŋ	0.0524873887305	0.154381194402	0.0328812046133	0.760250212254
--sɩ	0.509869986387	0.271948334643	0.0941744928076	0.124007186162
-ʋzɩ	0.45296552353	0.280693255375	0.102571745171	0.163769475924
-seɣ	0.560865475071	0.214487300094	0.0903104421448	0.134336782691
-aɖɩ	0.337894462634	0.536602367349	0.0484607753702	0.0770423946466
-aɖʋ	0.142587431405	0.583077777374	0.0506109716723	0.223723819549
--mɩ	0.475004586581	0.240520749481	0.0727782684007	0.211696395537
-cam	0.0659340659341	0.43956043956	0.494505494506	0.0
-nɖɔ	0.116069251402	0.396244818337	0.0134113630822	0.474274567179
-ɩ-ɩ	0.502594642218	0.216377979965	0.0710253098444	0.210002067972
-ɔkɩ	0.480372548689	0.316560119454	0.0649142603304	0.138153071526
-i-m	0.541114369257	0.149635971697	0.020080485638	0.289169173408
-duu	0.525084873633	0.317993210109	0.0452659373821	0.111655978876
-oɖo	0.0383078730905	0.0176263219741	0.342655699177	0.601410105758
-ʋkʋ	0.292447055943	0.42294038438	0.140776104786	0.14383645489
-ɖɔɔ	0.238130123012	0.298471597485	0.328898858172	0.134499421331
-ɩŋa	0.061787792139	0.253032680819	0.0515139045707	0.633665622472
-ɖʋʋ	0.34241460745	0.412882117795	0.0464242254946	0.19827904926
-opu	0.0119047619048	0.904761904762	0.0833333333334	0.0
-ɣ-m	0.486137897319	0.202916828305	0.103447477865	0.207497796511
-oɖe	0.100263852243	0.845646437995	0.0540897097625	0.0
-ɣ-i	0.573533237891	0.242157677677	0.0633844906251	0.120924593807
-eɖe	0.0913225473815	0.0975085181476	0.0110289073875	0.800140027083
-ɩmʋ	0.589595375723	0.244976603358	0.056151940545	0.109276080374
-́tʋ	0.111707561596	0.266621298358	0.342784535435	0.27888660461
-ʋkɩ	0.487661625366	0.359665563972	0.0974286775439	0.0552441331179
-bɛɛ	0.0709001233046	0.842170160296	0.0702836004932	0.0166461159063
-dee	0.00237107291049	0.990515708358	0.00391227030231	0.00320094842916
-nɖʋ	0.150864368904	0.580517297408	0.236603184665	0.0320151490229
-ima	0.831683168317	0.108910891089	0.0	0.0594059405941
-mtʋ	0.205624817189	0.465206082768	0.250854595216	0.0783145048272
-oko	0.111312137023	0.749346767263	0.0778582185857	0.0614828771283
-oki	0.701097659835	0.0847968436223	0.0196000870665	0.194505409477
-kim	0.0	1.0	0.0	0.0
-imi	0.434842249657	0.213991769547	0.334705075446	0.0164609053498
-yɔɔ	0.0726920318699	0.058321458484	0.00563512973199	0.863351379914
-oka	0.315573770492	0.311475409836	0.200819672131	0.172131147541
-pʋʋ	0.0547743748917	0.868674089521	0.0263927679885	0.0501587675989
-ɛnʋ	0.101056049025	0.0478457376894	0.00207507287526	0.84902314041
-obi	0.553164374339	0.214653265365	0.0469125709339	0.185269789362
-idi	0.0504686373468	0.874961376043	0.0218354104439	0.0527345761664
-oba	0.722123947189	0.0879691780333	0.0140013260515	0.175905548727
-kpu	0.577319587629	0.422680412371	0.0	0.0
-asɩ	0.183698463224	0.526289058996	0.057964622615	0.232047855165
-ida	0.392467789891	0.257680872151	0.176412289395	0.173439048563
-ʋca	0.0546875	0.9296875	0.015625	0.0
-ltɩ	0.021513087128	0.978486912872	0.0	0.0
-uúu	0.370098039216	0.53431372549	0.078431372549	0.0171568627451
-kpa	0.448214474005	0.129213748904	0.041089739238	0.381482037853
-ɖɔʋ	0.38533604888	0.223625254583	0.12016293279	0.270875763747
-drɩ	0.00668896321072	0.993311036789	0.0	0.0
-kpe	0.12311325119	0.325009096141	0.0846361300788	0.46724152259
-tɩŋ	0.423443136086	0.253427932628	0.0370606647787	0.286068266508
-bii	0.175513092711	0.765038924275	0.0	0.0594479830148
-ɛ-m	0.467974675934	0.299854566985	0.11350700567	0.118663751411
-uta	0.354066985646	0.617224880383	0.0	0.0287081339713
-ʋyɛ	0.228051640168	0.679696961888	0.024480119566	0.0677712783776
-mɩŋ	0.102200311421	0.676080153105	0.164498458499	0.057221076975
-lɛ́	0.0700272115804	0.0251386800392	0.00492734020772	0.899906768173
-adʋ	0.185342216838	0.510599636584	0.285887341005	0.0181708055724
-rɩɩ	0.0140559535072	0.919808983196	0.000810920394649	0.0653241429022
-ɖɩɣ	0.650238804259	0.202196697119	0.0380463790809	0.109518119541
-maŋ	0.0992422390613	0.322903935468	0.368614030799	0.209239794671
-tee	0.0797511312217	0.903280542986	0.00839293533791	0.00857539045395
-uti	0.565206632022	0.35708982925	0.0747339767384	0.0029695619896
-utu	0.038961038961	0.694805194805	0.0779220779221	0.188311688312
-yʋʋ	0.264606940006	0.533890524366	0.0468108735899	0.154691662038
-ɔdɩ	0.460163766091	0.145467919357	0.0363139627094	0.358054351843
-zaɣ	0.338268521791	0.302649538684	0.220827705129	0.138254234397
-hɔm	0.391350363208	0.353201520181	0.103911098283	0.151537018329
-ara	0.0508474576271	0.908474576271	0.0	0.0406779661017
-nza	0.0321431738244	0.190139804333	0.128720480005	0.648996541838
-ɖaɣ	0.137683019373	0.816813230961	0.0248024729935	0.0207012766717
-luu	0.449593211411	0.283809867931	0.153860259091	0.112736661567
-nzi	0.092806202639	0.87357000791	0.00408937979805	0.0295344096526
-mee	0.0997532604865	0.853718716954	0.00845964046529	0.0380683820938
-ram	0.0	1.0	0.0	0.0
-azɩ	0.373839749063	0.167733026038	0.164269418642	0.294157806258
-dɔŋ	0.22754491018	0.289221556886	0.18502994012	0.298203592814
-ʋyɩ	0.472727356192	0.109652386873	0.00611335328245	0.411506903653
-nkʋ	0.700581395349	0.122093023256	0.0494186046512	0.127906976744
-ɛɣa	0.198889473936	0.521947250012	0.185103633143	0.0940596429085
-kɛɛ	0.540441176471	0.0624999999999	0.0441176470588	0.352941176471
-aya	0.549484101916	0.249526216045	0.102653190145	0.098336491893
-wɛɛ	0.388119728299	0.0901469247997	0.0311591253514	0.49057422155
-mɛ-	0.0534022394488	0.115704852139	0.0178007464829	0.813092161929
-laɣ	0.157926594398	0.465250646564	0.291524368042	0.0852983909963
-rɔm	0.0	1.0	0.0	0.0
-ayo	0.0218181818182	0.567272727273	0.109090909091	0.301818181818
-ayi	0.0	1.0	0.0	0.0
-ɩra	0.0	1.0	0.0	0.0
-ziŋ	0.256635013392	0.63184806428	0.0131482834186	0.0983686389091
-kɔm	0.597870855988	0.0847859896361	0.0231708756821	0.294172278694
-oɖi	0.417040358744	0.497757847534	0.0358744394619	0.0493273542601
-ɩɣa	0.0665573888496	0.813442676361	0.0137293268479	0.106270607942
-lɩɣ	0.419301885525	0.327736040911	0.0841135352003	0.168848538364
--nɔ	0.0566037735849	0.943396226415	0.0	0.0
--kʋ	0.490347089587	0.342083266003	0.0765504865769	0.0910191578332
-ɩsʋ	0.561689562203	0.225189369624	0.0475028886891	0.165618179484
-ɖúú	0.744863174944	0.223496619395	0.00791005141534	0.023730154246
-tɔŋ	0.645710951919	0.092751768736	0.0309413454722	0.230595933873
-ubu	0.0	0.99216950714	0.000921234454167	0.00690925840627
-abɩ	0.356004989281	0.138064076204	0.0458454714687	0.460085463047
-lɔŋ	0.199836827935	0.235718365016	0.149057681325	0.415387125724
-sɔm	0.159989814972	0.349855712103	0.402308606349	0.0878458665761
-đʋm	0.224489795918	0.775510204082	0.0	0.0
-ŋni	0.888059701493	0.111940298507	0.0	0.0
-ɛcɔ	0.251082251082	0.385281385281	0.0	0.363636363636
-stʋ	0.0139115440739	0.896537518181	0.00445288822761	0.0850980495179
-nta	0.418118466899	0.146341463415	0.0418118466899	0.393728222996
-ɛcɛ	0.497416159355	0.329765537546	0.0681612561912	0.104657046908
-ŋna	0.500451656347	0.187688669174	0.0695320840245	0.242327590455
-suu	0.552383218397	0.216941908687	0.0694459461372	0.161228926779
-u-ŋ	0.723672981737	0.131251066735	0.0324287421061	0.112647209421
-ifu	0.0	1.0	0.0	0.0
-ota	0.0120481927711	0.987951807229	0.0	0.0
-ŋuu	0.225300032627	0.640137208161	0.034742940452	0.0998198187606
-ʋlɛ	0.159151193634	0.141467727675	0.561450044209	0.137931034483
-ʋlɔ	0.645514223195	0.163801187871	0.181306658331	0.00937793060333
-oti	0.0	0.987216125268	0.0127838747315	0.0
-zii	0.00187734668336	0.996245306633	0.0	0.00187734668336
-ɩŋŋ	0.392965024191	0.0359192293378	0.0701074114785	0.501008334992
-ɣ́a	0.0894153679236	0.374572479031	0.476151444547	0.0598607084979
-ɔwa	0.297647994967	0.323277632821	0.240678028831	0.138396343382
-saɣ	0.297911704066	0.470434939396	0.130525495308	0.10112786123
-uma	0.211787564767	0.384715025907	0.299060880829	0.104436528497
-otu	0.112786250303	0.741147421932	0.0928588719438	0.0532074558218
-nɩʋ	0.504573777012	0.164832736754	0.0219187767908	0.308674709444
-kɩɣ	0.519650058318	0.308936477987	0.099177232595	0.0722362311
ALL	0.226585541449	0.314583975328	0.058779765793	0.40005071743
-ɛhʋ	0.550955414013	0.286624203822	0.0477707006369	0.114649681529
-nɩɩ	0.63224779654	0.149437886899	0.024954399158	0.193359917403
-nam	0.0	1.0	0.0	0.0
-oŋa	0.0742959856201	0.795486319153	0.00479328939485	0.125424405832
-kii	0.0	1.0	0.0	0.0
-naa	0.168106097886	0.481508150171	0.146901118168	0.203484633776
-ŋgá	0.061446478073	0.023416381136	0.0105029356566	0.904634205134
-ɣyɛ	0.113227635761	0.749873445739	0.105139947493	0.0317589710062
-aka	0.186599402025	0.705792721386	0.0194596519255	0.0881482246638
-ɣnɩ	0.440536330532	0.278255333269	0.103482815626	0.177725520574
-tɔʋ	0.547711404189	0.277734678045	0.0186190845617	0.155934833204
-sii	0.00614389652384	0.966855295069	0.0179466451091	0.00905416329831
-ʋlɩ	0.460932657968	0.371240933563	0.0342841347387	0.13354227373
-zuu	0.188948364672	0.708187980264	0.0391796380779	0.0636840169859
-đɛɛ	0.302788844622	0.334661354582	0.0159362549801	0.346613545817
-i-ŋ	0.560456867597	0.273766505235	0.0564205679962	0.109356059171
-ḿbá	0.106318065833	0.0684011431997	0.00197046292632	0.823310328041
-đa-	0.629787234043	0.306382978723	0.0510638297872	0.0127659574468
-ɩɩɩ	0.189335932062	0.250243630795	0.38511067799	0.175309759154
-goo	0.0	1.0	0.0	0.0
-puu	0.119572253862	0.77440078666	0.0691277092638	0.0368992502151
-zaa	0.232920322679	0.437813612638	0.171497719917	0.157768344767
-ɛvɩ	0.0571428571429	0.942857142857	0.0	0.0
-ozo	0.0320712755282	0.0517118241075	0.260783090595	0.655433809769
-awɛ	0.560828107965	0.145665805309	0.044441231922	0.249064854804
-lɛɛ	0.17749240383	0.6764117411	0.0711517514189	0.0749441036519
-ɔdʋ	0.266923500275	0.632911392405	0.0396257567419	0.0605393505779
-rdɩ	0.0	1.0	0.0	0.0
-biŋ	0.915662650602	0.0481927710843	0.0120481927711	0.0240963855422
-uɖe	0.0713496745082	0.900730887641	0.00930647928368	0.0186129585674
-ñɩɣ	0.632128214685	0.252081003851	0.068082991676	0.0477077897875
-ʋwɛ	0.506850995208	0.141458144223	0.0420874657041	0.309603394864
-mɔʋ	0.22501907764	0.298355413061	0.0259671621909	0.450658347108
-ɔɖa	0.107784431138	0.784431137725	0.107784431138	0.0
-pɔŋ	0.00429491768074	0.995705082319	0.0	0.0
-ɖúu	0.590753424658	0.25	0.0205479452055	0.138698630137
-hɛm	0.0660901791229	0.89684990735	0.0	0.0370599135269
-mɩ-	0.226053639847	0.371647509579	0.0229885057471	0.379310344828
-ɣzɩ	0.581255212064	0.243734082507	0.0744494919188	0.10056121351
-ɔñɔ	0.424416132538	0.50282681617	0.0264571095608	0.0462999417313
-yaa	0.0916347278446	0.503994089589	0.0202503131472	0.384120869419
-lʋm	0.124661884041	0.596793891749	0.207619030387	0.070925193823
-yam	0.0223463687151	0.754189944134	0.201117318436	0.0223463687151
-amm	0.16621253406	0.326975476839	0.441416893733	0.0653950953679
-ɛña	0.3	0.272463768116	0.327536231884	0.1
-bee	0.0740740740741	0.925925925926	0.0	0.0
-ahʋ	0.692307692308	0.269230769231	0.0	0.0384615384615
-hɔŋ	0.363446730705	0.502279106899	0.036542968247	0.0977311941491
-ɩsɩ	0.257367057883	0.513180235112	0.040594045756	0.188858661249
-ɣtʋ	0.0628182098509	0.843965409912	0.0440082147675	0.0492081654697
-sda	0.0454545454546	0.931818181818	0.0	0.0227272727273
-asʋ	0.4896	0.1488	0.0712	0.2904
-ise	0.690522243714	0.257253384913	0.0116054158607	0.0406189555126
-gɔɔ	0.0	1.0	0.0	0.0
-ree	0.0105479737473	0.953250338577	0.00924575476612	0.0269559329097
-kɛʋ	0.451849953004	0.073485431086	0.0664359565923	0.408228659318
-luŋ	0.470916539389	0.265498094409	0.0295259574347	0.234059408767
-ɩña	0.431161971831	0.361443661972	0.127112676056	0.0802816901408
-eva	0.0	0.918918918919	0.0	0.0810810810811
-isu	0.400029403117	0.152308144663	0.187297853573	0.260364598647
-evi	0.0261613067892	0.96618172537	0.00765696784074	0.0
-haa	0.7493513233	0.219512195122	0.0	0.0311364815776
-ɣna	0.42834725144	0.354498460301	0.0752979021922	0.141856386067
-ɛ-ŋ	0.252587722153	0.368465594688	0.25760041664	0.121346266519
-ɔya	0.148148148148	0.847222222222	0.00462962962962	0.0
-úni	0.582278481013	0.398734177215	0.0	0.0189873417722
-ɣni	0.450679707704	0.416655708689	0.0894170982023	0.043247485405
-ŋga	0.0962351463143	0.32168295763	0.13993274951	0.442149146545
-ham	0.00996976383101	0.962163929068	0.0210018795456	0.00686442755577
-laʋ	0.178266416974	0.738594036178	0.0433189965633	0.039820550285
-mam	0.153846153846	0.753846153846	0.0923076923077	0.0
-lɩʋ	0.347137806122	0.173045486471	0.0345428970227	0.445273810384
-ŋgu	0.0302813071637	0.91257560027	0.00782782089946	0.0493152716666
-cʋʋ	0.109607577808	0.715832205683	0.133964817321	0.0405953991881
-ɩsɔ	0.36123853211	0.434424520434	0.0437864887406	0.160550458716
-ɛdɩ	0.630157695044	0.268689234053	0.0385592048059	0.0625938660976
-caɣ	0.537397694196	0.0812222540552	0.0280479338561	0.353332117893
-ɣaa	0.150036299105	0.601516495927	0.248447204969	0.0
-hɔʋ	0.035994400871	0.840358166507	0.0654342657809	0.0582131668406
-uni	0.46100796634	0.306176220668	0.13515312802	0.097662684972
-nsɛ	0.844903988183	0.113199946287	0.0	0.0418960655297
-rtɩ	0.0	1.0	0.0	0.0
-una	1.0	0.0	0.0	0.0
-i-i	0.566146775735	0.115001162616	0.0274686279843	0.291383433664
-nka	0.567073170732	0.30487804878	0.0	0.128048780488
--ɖʋ	0.417902350848	0.27811191718	0.0767511590061	0.227234572966
-ɔzɔ	0.130475535837	0.663313128788	0.0249953133787	0.181216021996
-rbɩ	0.0111317254174	0.988868274583	0.0	0.0
-ɖoŋ	0.0733890698782	0.494935110765	0.175335088302	0.256340731055
-iri	0.00317965023847	0.994700582936	0.00211976682565	0.0
-mbʋ	0.377518485856	0.261482303663	0.250365531366	0.110633679115
-ɔzɩ	0.570471628373	0.173234013921	0.0886620339939	0.167632323712
-ika	0.0935097857192	0.696832572513	0.196031443485	0.0136261982833
-ada	0.549479166667	0.161458333333	0.1015625	0.1875
-ɣiɣ	0.636747717709	0.158721197209	0.0810406186174	0.123490466465
-daa	0.163597441588	0.461725040515	0.0463665939056	0.328310923992
-gam	0.0	1.0	0.0	0.0
-tri	0.0165289256198	0.933884297521	0.0495867768595	0.0
-lɔɔ	0.0	0.966789667897	0.0276752767528	0.00553505535056
-mbá	0.061948526691	0.0906713665415	0.00838227668538	0.838997830082
-uŋa	0.316091954023	0.597701149425	0.0517241379311	0.0344827586207
-fee	0.0	1.0	0.0	0.0
-e-i	0.252631578947	0.747368421053	0.0	0.0
-nsɩ	0.331547619048	0.230357142857	0.00833333333334	0.429761904762
-aaŋ	0.321092289595	0.461828665802	0.0985452589827	0.11853378562
-lɩŋ	0.116796594239	0.621966052966	0.105324266047	0.155913086747
-ana	0.383877073641	0.190485311791	0.119563209682	0.306074404886
-ziɣ	0.588418550697	0.250847103538	0.0717082995072	0.0890260462577
-ɛɛŋ	0.229326160425	0.166563211256	0.438237119801	0.165873508518
-ŋiɣ	0.401709401709	0.598290598291	0.0	0.0
-ini	0.535035720475	0.235447575406	0.0808441873955	0.148672516723
-sem	0.0	1.0	0.0	0.0
-loŋ	0.0633802816902	0.922535211268	0.0	0.0140845070423
-eɖu	0.679389312977	0.320610687023	0.0	0.0
-kɩŋ	0.0182668968796	0.866051097265	0.0264744889022	0.0892075169532
-ina	0.340964224611	0.219267894078	0.0663159776308	0.37345190368
-see	0.00295712173485	0.995564317398	0.0	0.00147856086742
-ɛna	0.545748216714	0.143357109938	0.0510982617145	0.259796411633
-ine	0.0399822863288	0.943063199848	0.00227747200607	0.0146770418169
-ɔsɔ	0.115359891037	0.415072843804	0.246790608273	0.222776656886
-ɣɖe	0.243335416892	0.554676411966	0.0127209813273	0.189267189815
-saʋ	0.347906653541	0.60026637327	0.0220047483931	0.0298222247959
-ɔka	0.207603127528	0.406848207064	0.349959557832	0.0355891075762
-iki	0.153303049877	0.458277606581	0.0134204690127	0.37499887453
-ɖɛɣ	0.382203551589	0.240046636187	0.0395382984402	0.338211513784
-seu	0.623213663297	0.276402927849	0.0250958522133	0.07528755664
-ɩ-m	0.427903485222	0.287665412558	0.0737929368699	0.21063816535
-pɛɛ	0.214765773899	0.756946534256	0.00240746313572	0.025880228709
-ñam	0.373937677054	0.49716713881	0.0651558073654	0.0637393767705
-kuu	0.462677873013	0.273529167013	0.121494549388	0.142298410585
-ɛrɩ	0.010425716768	0.979148566464	0.0104257167681	0.0
-ɔkɔ	0.188057652711	0.387096774194	0.0528483184626	0.371997254633
-nɖe	0.114386178156	0.210366383053	0.0101146032297	0.665132835562
-prɩ	0.0370084811102	0.905936777178	0.00154202004626	0.0555127216654
-ena	0.173800700371	0.137563079493	0.0476951396613	0.640941080475
-neu	0.020239004241	0.86480345167	0.0106714749634	0.104286069125
-oom	0.115654100668	0.648845704704	0.198371111178	0.0371290834506
-maʋ	0.556385720397	0.213726708724	0.0326499513342	0.197237619545
-ooo	0.243347345687	0.149236390983	0.0853998341657	0.522016429164
-mtu	0.0117878192534	0.923379174853	0.0648330058939	0.0
-ɔlʋ	0.119610570236	0.0370885489105	0.370885489105	0.472415391748
-ɔtʋ	0.108994609449	0.384108986455	0.457356576958	0.0495398271377
-ntɛ	0.584085778781	0.365124153499	0.0169300225734	0.0338600451467
-ɔsɩ	0.0630685983198	0.657418258608	0.203132521699	0.0763806213725
-oou	0.230769230769	0.769230769231	0.0	0.0
-rsɩ	0.00819672131148	0.991803278689	0.0	0.0
-ɛŋa	0.184971098266	0.468208092485	0.242774566474	0.104046242775
-kum	0.0	0.794520547945	0.041095890411	0.164383561644
-nee	0.108112569118	0.784435091194	0.044730543864	0.062721795824
-ntɔ	0.423459244533	0.107355864811	0.143141153081	0.326043737575
-zɩŋ	0.210917404973	0.511288939697	0.239782795084	0.0380108602458
-lɛŋ	0.118274053807	0.491849065207	0.370497036024	0.0193798449613
-eka	0.304964539007	0.3719464145	0.152876280536	0.170212765957
-pɔɔ	0.0114854966305	0.96759449165	0.0	0.0209200117199
-gʋ́	0.120072064135	0.0312662105615	0.011682933196	0.836978792107
-ʋcɔ	0.220705398439	0.0418903511355	0.0463847260672	0.691019524358
-eke	0.120942062346	0.0873094171784	0.0615260008933	0.730222519583
-dɛɛ	0.214254307071	0.363952512292	0.316264939841	0.105528240796
-eki	0.522500287782	0.283421035603	0.0760235211036	0.118055155511
-baa	0.128550673071	0.109685405918	0.0113413983277	0.750422522683
-ɩma	0.0935061826139	0.153557702626	0.0237322770696	0.729203837691
-ɔlɩ	0.283787714583	0.612699233084	0.0207697379032	0.08274331443
-ñaɣ	0.497511122869	0.285345622031	0.124603212411	0.09254004269
-eku	0.716981132076	0.200686106346	0.0205831903945	0.0617495711835
-hou	0.09375	0.875	0.0208333333333	0.0104166666667
-uuu	0.348826714801	0.412454873646	0.0406137184116	0.198104693141
-ɛfʋ	0.0285663904073	0.957150414389	0.00899312290601	0.00529007229766
-ɛñɔ	0.031914893617	0.276595744681	0.659574468085	0.031914893617
-ase	0.624344176285	0.231374606506	0.0288562434418	0.115424973767
-yɔm	0.0117820324006	0.978890525282	0.00932744231713	0.0
-isi	0.475014567435	0.303112803619	0.071068450129	0.150804178817
-asa	0.398778858996	0.455447433696	0.0705972142721	0.0751764930357
-ɛnɛ	0.0430999066293	0.0767880485527	0.0109803921569	0.869131652661
-ɩbɩ	0.676179938846	0.176636789279	0.0735916359376	0.0735916359376
-asi	0.0555555555556	0.940740740741	0.00370370370371	0.0
-ɩda	0.155385436314	0.478636298797	0.0393493203156	0.326628944574
-asu	0.21875	0.21875	0.5625	0.0
-yem	0.199990144493	0.0789535641348	0.0264754211556	0.694580870217
-iyi	0.581846822861	0.153542635876	0.0496573902808	0.214953150982
-ɛha	0.651620992298	0.12654486835	0.0204191295003	0.201415009851
-bɩm	0.146605293441	0.185615650173	0.630724971231	0.0370540851553
-yee	0.0612613907843	0.0258018667901	0.0028292405501	0.910107501876
-ʋ-ɩ	0.530559066193	0.26766689464	0.0743022620852	0.127471777082
-ɛ-ɩ	0.432682671356	0.362290916379	0.0742258975967	0.130800514667
-́ʋ́	0.318654455309	0.193981545242	0.0430381490153	0.444325850434
-teɣ	0.545600427922	0.385664616208	0.00534902380314	0.0633859320674
-koŋ	0.0229833650131	0.0953995999652	0.100257165219	0.781359869802
-lʋ́	0.0753926701571	0.883769633508	0.0314136125654	0.00942408376963
-pɩɩ	0.383862560502	0.306552842934	0.261555236424	0.0480293601404
-raa	0.0295809367297	0.907970419063	0.013147082991	0.0493015612161
-ɩlɔ	0.433219444013	0.20259357043	0.165243050163	0.198943935394
-ela	0.0799342665612	0.82192250268	0.0833291581912	0.0148140725673
-caʋ	0.0128205128205	0.628205128205	0.320512820513	0.0384615384615
-ozi	0.240612881869	0.627731012958	0.0391563416249	0.0924997635487
-ɩlɛ	0.00469024819231	0.0711354309166	0.0293140512019	0.894860269689
-nzɩ	0.151973745553	0.56076835082	0.0815179071233	0.205739996505
-pou	0.133231240429	0.839203675345	0.0	0.0275650842267
-lɔʋ	0.463160704752	0.258942872397	0.0803523758675	0.197544046984
-ʋya	0.0566750629723	0.829974811083	0.0264483627204	0.0869017632242
-ozu	0.277777777778	0.291666666667	0.388888888889	0.0416666666667
-aze	0.252467105263	0.367598684211	0.0641447368421	0.315789473684
-atɩ	0.127212135674	0.787350024209	0.0417175370031	0.0437203031138
-aza	0.0485499918001	0.075876018149	0.0750970316515	0.800476958399
--ɖɩ	0.526837682768	0.320024563548	0.079058198461	0.0740795552235
-ɛca	0.431034482759	0.424137931034	0.0206896551724	0.124137931035
-laa	0.175743662781	0.542378030373	0.0746442483899	0.207234058456
-ŋgʋ	0.177397730617	0.240737712959	0.292534580295	0.289329976129
-sɔɔ	0.214804341891	0.359060564608	0.349095823322	0.0770392701787
-ɛɖʋ	0.427774181847	0.161539501106	0.0255123016409	0.385174015406
-iɣu	0.359816400825	0.310385475911	0.151098712552	0.178699410712
-haʋ	0.259757397351	0.552115583075	0.0537143243838	0.13441269519
--wɛ	0.491057469076	0.213772208159	0.0606230384673	0.234547284298
-ŋnɔ	0.0510344827586	0.87724137931	0.0262068965517	0.0455172413793
-ɔyʋ	0.0150780234381	0.27591905092	0.0153655230038	0.693637402638
-aam	0.0133333333333	0.986666666667	0.0	0.0
-lɩm	0.175876898467	0.745019443524	0.0140742465075	0.0650294115014
-iku	0.637293469709	0.103068450039	0.247836349331	0.0118017309205
-u-m	0.502814258912	0.157973733583	0.0675422138837	0.271669793621
-noo	0.0774193548387	0.845161290323	0.0	0.0774193548387
-húú	0.634844868735	0.293556085919	0.0715990453461	0.0
-aaa	0.32462006079	0.417426545086	0.164336372847	0.0936170212766
-iɣa	0.118612532394	0.846780516978	0.0212107116752	0.0133962389528
-kɔɔ	0.443884515824	0.0866694242228	0.0294004750049	0.440045584948
-ɖou	0.575768406004	0.160114367405	0.035739814153	0.228377412437
-bom	0.0778688524589	0.639344262295	0.209016393443	0.0737704918032
-aha	0.41176018893	0.334641344326	0.0957658367797	0.157832629964
-dɛm	0.0	1.0	0.0	0.0
-rɔɔ	0.0	0.982300884956	0.0176991150442	0.0
-ŋnɩ	0.266477335039	0.191227632019	0.0393451597058	0.502949873236
-yáa	0.105323702909	0.469445837405	0.0446944007225	0.380536058964
-añɩ	0.423388893841	0.513325608343	0.0418932168643	0.0213922809519
-dɔʋ	0.21724137931	0.689655172414	0.0931034482758	0.0
-a-m	0.466279153913	0.295988004814	0.0590562554959	0.178676585777
-dom	0.00480769230769	0.995192307692	0.0	0.0
-ɖom	0.342583732057	0.496650717703	0.0746411483253	0.0861244019139
-ayɛ	0.0715709179081	0.741579815492	0.0693855463689	0.117463720231
-ɖoo	0.0573658202456	0.851412536491	0.0236883735343	0.0675332697295
-msɩ	0.27135358194	0.556088236187	0.0624146615287	0.110143520345
-ɛlɛ	0.151199165798	0.592587422923	0.0963109538315	0.159902457448
-ñaŋ	0.26999793059	0.442673015165	0.21952064354	0.0678084107055
-efe	0.376363410601	0.230564795633	0.236182907781	0.156888885984
-hɛɛ	0.54966474349	0.263410260409	0.117924528302	0.0690004677998
-ibu	0.0138888888889	0.708333333333	0.0	0.277777777778
-olu	0.384853208313	0.579757990923	0.0176944003822	0.0176944003822
-ɛbɩ	0.38265366083	0.256669408861	0.0426607121871	0.318016218122
-atʋ	0.108931528936	0.32750700984	0.03887855547	0.524682905754
-lʋʋ	0.337451775318	0.413570006151	0.0772750352258	0.171703183305
-saa	0.232007756723	0.629647399278	0.0819814772198	0.0563633667797
-ɖuu	0.504351020503	0.365742170625	0.0398125293931	0.0900942794783
-akɛ	0.332289738362	0.372643462592	0.114570585058	0.180496213988
-ibi	0.377533294731	0.255742134723	0.154410345493	0.212314225053
-olo	0.596683837275	0.0780355859819	0.0114852080829	0.31379536866
-ola	0.203352995964	0.611921763428	0.0372555107109	0.147469729897
-akɔ	0.238938053097	0.309734513274	0.0	0.451327433628
-iba	0.668229777257	0.106682297773	0.0468933177022	0.178194607268
-yaʋ	0.153099507629	0.630038295544	0.0238040240715	0.193058172755
-kiɣ	0.391200702537	0.304709396275	0.0756108583963	0.228479042792
-loo	0.25	0.535714285714	0.214285714286	0.0
-lom	0.622754491018	0.377245508982	0.0	0.0
-akɩ	0.375818457807	0.212479272975	0.054207151211	0.357495118006
-naɣ	0.32405797556	0.43433916645	0.0624112999795	0.17919155801
-ʋdɩ	0.437908496732	0.0196078431373	0.0	0.542483660131
-kɩm	0.105239472003	0.662988273542	0.0847259435378	0.147046310917
-ɣsi	0.062966031483	0.907622203811	0.0244407622204	0.00497100248551
-ɔda	0.497512437811	0.159203980099	0.194029850746	0.149253731343
-siɣ	0.522255875065	0.249192258976	0.115324048998	0.113227816962
-ɖɔŋ	0.537632743223	0.178257764677	0.0396733042741	0.244436187826
-ɛbɛ	0.147857439137	0.0239941290961	0.00421173542644	0.82393669634
-naʋ	0.485427441901	0.28178199699	0.0621481460911	0.170642415019
-ipi	0.324324324324	0.448648648649	0.227027027027	0.0
-akʋ	0.177718070509	0.613609242817	0.020508894335	0.188163792339
-mɩm	0.295302013423	0.704697986577	0.0	0.0
-sʋʋ	0.445942461499	0.13054380062	0.0374036787994	0.386110059082
-iti	0.430430178396	0.437754097025	0.0589468071713	0.0728689174079
-ʋdʋ	0.139673128778	0.359698656057	0.202068586134	0.298559629031
-fɩŋ	0.047619047619	0.531746031746	0.420634920635	0.0
-ɩmɩ	0.307692307692	0.657692307692	0.0346153846154	0.0
-ɔɖɛ	0.102481491637	0.434466684947	0.360913079243	0.102138744173
-ewa	0.625338920385	0.268671432093	0.0483115602662	0.0576780872566
-ʋwa	0.386562645076	0.324653095539	0.0722431025483	0.216541156836
-bɩŋ	0.395014381592	0.413231064238	0.16874400767	0.0230105465005
-iɣá	0.0	1.0	0.0	0.0
-ipu	0.00326797385621	0.988562091503	0.0	0.00816993464052
-ɖoó	0.0201406649616	0.931905370844	0.00479539641944	0.0431585677749
-wɩɩ	0.901162790698	0.0581395348837	0.0116279069767	0.0290697674419
-lɛm	0.02916542664	0.958080013605	0.000637727987753	0.0121168317674
-ɛyʋ	0.0880207594447	0.663485549458	0.0298047825125	0.218688908585
-awa	0.551081958419	0.100548292654	0.0275597251557	0.320810023772
-ɛbʋ	0.331614718351	0.400182008697	0.148782496403	0.119420776549
-feŋ	0.524649462652	0.312004416818	0.0305560050641	0.132790115465
-ʋnɩ	0.348702319349	0.394178793992	0.0800484370766	0.177070449582
-yaɣ	0.292965021385	0.580499523756	0.0389278902528	0.0876075646064
-joŋ	0.0746812386156	0.238615664845	0.621129326047	0.0655737704917
-ɩsɛ	0.287958115183	0.361256544503	0.350785340314	0.0
-ita	0.0	1.0	0.0	0.0
-ebu	0.253042320602	0.191370872476	0.316045076972	0.239541729951
-npi	1.0	0.0	0.0	0.0
-ɩsa	0.368217054264	0.511304909561	0.0658914728682	0.0545865633075
-hɛʋ	0.379310344828	0.336206896552	0.0	0.284482758621
-maa	0.140423480836	0.48251683534	0.34377392562	0.0332857582033
-acɔ	0.116279069767	0.697674418605	0.0	0.186046511628
-ɛɖɔ	0.429471032746	0.374055415617	0.0453400503778	0.151133501259
-sɔʋ	0.369820192605	0.276878362745	0.231892488744	0.121408955905
-ɛɖɛ	0.135732179458	0.183101799135	0.131405146891	0.549760874516
-ŋña	0.246949875055	0.461512078005	0.216081140673	0.0754569062668
--ɖa	0.664864864865	0.216216216216	0.118918918919	0.0
-ɔyɛ	0.272355885191	0.510808610709	0.12359804631	0.0932374577907
-ɩñɔ	0.25895755497	0.586696882465	0.0257242604275	0.128621302138
-mɩɣ	0.511100734389	0.380438935348	0.0846882030819	0.0237721271809
-haɣ	0.516086286761	0.290195461186	0.063689078195	0.130029173858
-dɔɔ	0.0	1.0	0.0	0.0
-ank	0.281315605318	0.432470258922	0.108467459762	0.177746675997
-ɛɣʋ	0.457054035833	0.207396828395	0.0759875845582	0.259561551214
-ɩdɩ	0.391676830175	0.172293779933	0.167623523812	0.26840586608
-ɔyɩ	0.194513715711	0.775561097257	0.0	0.0299251870324
-ayʋ	0.165887850467	0.644859813084	0.178738317757	0.0105140186916
-tii	0.392145860454	0.155466774401	0.0557974592629	0.396589905882
-eyi	0.160128620426	0.129929625931	0.00645553314733	0.703486220495
-ɩɣʋ	0.226200819163	0.697778329403	0.0350626784163	0.0409581730173
-gɔm	0.0917161502734	0.816214945029	0.0814862719736	0.0105826327239
-jɔʋ	0.174626916409	0.650831152055	0.0779311282592	0.096610803277
-eya	0.663070539419	0.21244813278	0.00165975103735	0.122821576763
-ɔkʋ	0.186440677966	0.813559322034	0.0	0.0
-maɣ	0.107246578646	0.301088813696	0.11537827802	0.476286329638
-zʋʋ	0.351254992259	0.412696619805	0.0621728111677	0.173875576769
-kɔʋ	0.406896551724	0.324137931034	0.23275862069	0.0362068965517
-ɩtɛ	0.263087547338	0.205613722433	0.206504789485	0.324793940744
-lem	0.039603960396	0.90099009901	0.0594059405941	0.0
-heŋ	0.0617794936563	0.90683520208	0.000412964529789	0.0309723397341
-acɛ	0.0712468193384	0.928753180662	0.0	0.0
-lee	0.0471961435055	0.771535295958	0.049646216529	0.131622344007
-stɩ	0.0216802168021	0.848238482385	0.130081300813	0.0
-muu	0.0933181485951	0.672111641822	0.213152929578	0.0214172800054
-amʋ	0.531470438739	0.239056320742	0.0468616342065	0.182611606313
-ʋma	0.248495331835	0.626629523609	0.0712291685957	0.0536459759608
-hʋʋ	0.331082328621	0.46905998215	0.107045916693	0.0928117725358
-ŋɖʋ	0.273935448874	0.495524816924	0.0623813398427	0.168158394358
-ɣya	0.149603460706	0.454938716655	0.310021629416	0.0854361932228
-fam	0.0295243302351	0.148168398032	0.805904866047	0.0164024056862
-ɔja	0.0850599781897	0.877135587059	0.00872410032716	0.0290803344239
-leu	0.235756385069	0.724950884086	0.0392927308448	0.0
-ɣye	0.107168953479	0.841032719006	0.0517983275148	0.0
-nʋʋ	0.407719311202	0.247761585793	0.0653558031073	0.279163299897
-mdɩ	0.125984251969	0.338582677165	0.535433070866	0.0
-ife	0.196814159292	0.45203539823	0.206017699115	0.145132743363
-ʋʋʋ	0.622822299652	0.202380952381	0.0174216027874	0.15737514518
-ndu	0.220901242806	0.50689401607	0.0539249202796	0.218279820844
-ʋtɩ	0.493526275705	0.414318354912	0.063975628332	0.028179741051
-ndi	0.558538723061	0.301687883007	0.0588779960277	0.0808953979035
-ŋya	0.259259259259	0.414814814815	0.0	0.325925925926
-sam	0.396000269342	0.451148070837	0.0579085583463	0.0949431014747
-ŋ-ɩ	0.560885464086	0.243157450158	0.0704396247444	0.125517461011
-liŋ	0.135277698178	0.395081775825	0.0522176584838	0.417422867514
-eeu	0.088679245283	0.708127721335	0.0944847605225	0.108708272859
-́gá	0.24094605456	0.047261358801	0.00301404188927	0.70877854475
-ale	0.827586206897	0.137931034483	0.0344827586207	0.0
-nde	0.320987654321	0.451499118166	0.199294532628	0.0282186948854
-zɩɣ	0.349299365936	0.177072094356	0.142055340462	0.331573199245
-ala	0.36468276635	0.19752178157	0.0683272477495	0.369468204331
-ʋtɔ	0.370786516854	0.47191011236	0.0224719101123	0.134831460674
-atɔ	0.679133858268	0.143700787402	0.0	0.177165354331
-paŋ	0.359126026074	0.365644616127	0.101400289715	0.173829068083
-ɩyɛ	0.131976986544	0.451033933849	0.21204761012	0.204941469487
-ɩna	0.358590331277	0.25501641054	0.0530525673383	0.333340690845
-ŋsʋ	0.386861313869	0.339416058394	0.131386861314	0.142335766423
-you	0.248839168863	0.578963409168	0.0228580648631	0.149339357106
-ɖɛ-	0.0119003346969	0.0295648940126	0.00892525102269	0.949609520268
-yoo	0.395378690629	0.388960205392	0.16944801027	0.0462130937099
-yom	0.0889744599543	0.773917355854	0.0720547265859	0.0650534576058
-tʋŋ	0.0	0.886597938144	0.113402061856	0.0
-ntɩ	0.0427541635595	0.927417350236	0.0193885160328	0.0104399701715
-zɛɛ	0.627054569362	0.333721833722	0.0298099336561	0.00941366325982
-waŋ	0.150888995565	0.470774569918	0.324056903227	0.0542795312905
-yeɣ	0.170212765957	0.170212765957	0.659574468085	0.0
-kaʋ	0.082214225557	0.0377204399867	0.0246025061889	0.855462828267
-pee	0.0710186177521	0.854322098893	0.0278946772976	0.0467646060577
-arɩ	0.0232097220049	0.934543368278	0.017472487352	0.0247744223648
-wɩŋ	0.0	0.094427244582	0.905572755418	0.0
--pʋ	0.422361242775	0.342272998101	0.130919969293	0.10444578983
-iyu	0.0498705514154	0.860396001251	0.01548670711	0.0742467402238
-pem	0.318084427667	0.0900034437765	0.0797400405292	0.512172088028
-ɔbʋ	0.000818956103952	0.993448351168	0.000818956103955	0.00491373662372
-pɩŋ	0.0274223034735	0.765996343693	0.195612431444	0.0109689213894
-cɩɩ	0.0	1.0	0.0	0.0
-elu	0.0467734123378	0.668527468332	0.189989146306	0.0947099730248
-ogi	0.0	1.0	0.0	0.0
-ɩɖa	0.894409937888	0.105590062112	0.0	0.0
-eli	0.554545454545	0.0772727272728	0.0	0.368181818182
-ɩyɩ	0.348848037076	0.261532264611	0.0601658066957	0.329453891618
-ɩtʋ	0.142263806993	0.589944653895	0.123237934956	0.144553604156
-ɛwɛ	0.523516512945	0.110121136434	0.0361824129131	0.330179937708
-iye	0.133825923297	0.652628944746	0.0314110902191	0.182134041737
-obu	0.444278864844	0.169107165997	0.0211869897629	0.365426979396
-iya	0.0749974304578	0.750372727976	0.0627069347613	0.111922906805
-ele	0.348399403161	0.118923947764	0.0386305866113	0.494046062464
-ɩya	0.380654761905	0.278571428571	0.161904761905	0.178869047619
-paɣ	0.468904199842	0.128127616941	0.0527958256737	0.350172357543
-kʋm	0.279510022272	0.604677060134	0.0233853006681	0.0924276169265
-láa	0.0694300518135	0.919689119171	0.0108808290155	0.0
-ɛsɔ	0.0616794863047	0.696150708548	0.0140858669284	0.228083938219
-kaɣ	0.357718029857	0.345661677774	0.0738364224834	0.222783869886
-ɔtɩ	0.103450001668	0.884538387107	0.0	0.0120116112242
-itu	0.111662531017	0.63523573201	0.0595533498759	0.193548387097
-ɖeŋ	0.313188624535	0.291635155589	0.341315755783	0.053860464092
-esu	0.0203312887137	0.72561225328	0.00430499328669	0.24975146472
-niɣ	0.169625246548	0.175542406312	0.518737672584	0.136094674556
-esi	0.254032191171	0.461903835033	0.04083446144	0.243229512356
-đom	0.0364372469636	0.963562753036	0.0	0.0
-ɩyʋ	0.0734548664383	0.847318813332	0.0303359058797	0.0488904143502
-ɩtɩ	0.218424962853	0.216939078752	0.124814264487	0.439821693908
-aku	0.391304347826	0.54347826087	0.0652173913043	0.0
-ese	0.62221659919	0.125759109312	0.0154352226721	0.236589068826
-nɩm	0.332103321033	0.269372693727	0.243542435424	0.154981549815
-ŋtɔ	0.254237288136	0.387947269303	0.0517890772128	0.306026365348
-mɛɛ	0.133795582948	0.724961479199	0.113507960966	0.0277349768875
-ɛya	0.25948930458	0.549766020348	0.0120626134338	0.178682061638
-faa	0.0	1.0	0.0	0.0
-ajɩ	0.0	1.0	0.0	0.0
-ŋsɩ	0.415094339623	0.452830188679	0.0377358490566	0.0943396226415
-ɖiɣ	0.284626368396	0.267729652546	0.315801999048	0.131841980009
-ɩtɔ	0.316455696203	0.125093075205	0.0819061801936	0.476545048399
-keŋ	0.118343195266	0.830938292477	0.050718512257	0.0
-ŋtɛ	0.217948717949	0.782051282051	0.0	0.0
-ɛɛɛ	0.205739653107	0.200946787405	0.135535956314	0.457777603174
-uda	0.0555794805859	0.716959963441	0.135695585832	0.0917649701411
-suŋ	0.200351493849	0.757469244288	0.042179261863	0.0
-eze	0.0256166982922	0.898481973435	0.0759013282732	0.0
-ɔtɔ	0.378804427379	0.195414982378	0.088040895835	0.337739694407
-ezi	0.665783421993	0.105437938733	0.146568655962	0.0822099833119
-udi	0.020239500759	0.955304435824	0.0	0.0244560634171
--hɔ	0.201318868326	0.441905977452	0.272537757924	0.0842373962987
-ŋla	0.316332177915	0.0214820424689	0.00262153738604	0.65956424223
-pɛŋ	0.316236613278	0.430627350571	0.165088719229	0.088047316922
-hum	0.0	1.0	0.0	0.0
-haŋ	0.0576131687242	0.835390946502	0.0576131687243	0.0493827160494
-áyʋ	0.038336279892	0.920535963525	0.0050246580441	0.0361030985391
-ɣyu	0.0704019691692	0.860760549865	0.0106385197856	0.0581989611798
-ŋke	0.0641025641025	0.858974358974	0.0769230769231	0.0
-ŋkʋ	0.584869059166	0.333656644035	0.0	0.0814742967993
-ʋbɛ	0.0174054075437	0.0343954587709	0.0844557843312	0.863743349354
-ŋha	0.205882352941	0.397058823529	0.176470588235	0.220588235294
-ɩwa	0.568223357212	0.184247868932	0.0586392644453	0.18888950941
-ɖaa	0.0873410675239	0.471711202547	0.386595505007	0.0543522249224
-aba	0.343136734594	0.149420095998	0.0365307931282	0.47091237628
-huu	0.393756294058	0.515609264854	0.0906344410876	0.0
-rii	0.0219015717599	0.861461822554	0.0356866786911	0.0809499269947
-nɔɔ	0.130439917071	0.357657485746	0.0198294536662	0.492073143517
-ɖam	0.0196078431373	0.954901960784	0.0156862745098	0.00980392156863
--kɛ	0.474700938524	0.35243367103	0.0585602400338	0.114305150413
-pɛʋ	0.200626959248	0.705329153605	0.0282131661442	0.0658307210031
-gba	0.0302978334191	0.95369576402	0.00628822957755	0.00971817298348
-ɛhɔ	0.780012978585	0.0622972096041	0.0233614536016	0.134328358209
-koo	0.105675146771	0.820939334638	0.00146771037182	0.0719178082192
-ɛhɛ	0.684731279514	0.244434450191	0.0708342702946	0.0
-ɛyɔ	0.123283643527	0.0652582987857	0.0411631530975	0.77029490459
-ɩ-ŋ	0.503371454706	0.30023160029	0.0833643199582	0.113032625046
-kou	0.442119115337	0.344356242306	0.119709640447	0.0938150019102
-soo	0.0	0.627408993576	0.372591006424	0.0
-tuu	0.462141200928	0.277204765331	0.174302390661	0.0863516430798
-yɩŋ	0.0644062020787	0.825864712898	0.084682228659	0.025046856364
-ɔjɔ	0.0335744439233	0.909151504678	0.0471523440393	0.0101217073592
-ɔbɩ	0.415966386555	0.384453781513	0.155462184874	0.0441176470588
-jaʋ	0.524824183898	0.0841817990973	0.0157447255169	0.375249291487
-ʋbɩ	0.81512605042	0.18487394958	0.0	0.0
-usɩ	0.03125	0.96875	0.0	0.0
-zam	0.0	1.0	0.0	0.0
-irɩ	0.0	1.0	0.0	0.0
-ɩka	0.400420546711	0.429258035446	0.108440973265	0.0618804445781
-jee	0.0409429280397	0.95905707196	0.0	0.0
-tɛʋ	0.16823329043	0.417553986765	0.233368436106	0.180844286699
-ɩla	0.342808742813	0.174001931955	0.0372971332872	0.445892191945
-ɛtɩ	0.27174539724	0.627128416036	0.0465464888342	0.0545796978899
-ñɔŋ	0.437595410994	0.334316077811	0.0246490763407	0.203439434854
-lim	0.101162166443	0.646815501346	0.098169493236	0.153852838974
-paʋ	0.407929804621	0.0813312038252	0.0426228223167	0.468116169237
-lii	0.0603663024401	0.933830606352	0.00552001358773	0.000283077619884
-ici	0.0	1.0	0.0	0.0
-ɛka	0.176212915643	0.425897657132	0.133404128227	0.264485298998
-oma	0.513693553635	0.241639249431	0.163238005712	0.0814291912217
-laŋ	0.0672588876098	0.890403615182	0.0180415471056	0.0242959501022
-tɩʋ	0.120990932122	0.799791391391	0.0123371791251	0.0668804973625
-leŋ	0.196920828258	0.388065286236	0.257831912302	0.157181973203
-ɩcɛ	0.558230573498	0.338030925817	0.019573302016	0.084165198669
-́kɩ	0.451433729084	0.151253211137	0.083489550788	0.313823508991
-cɔʋ	0.449005333224	0.243614527208	0.037291435309	0.27008870426
-alɩ	0.421445627466	0.14205011248	0.0645258415263	0.371978418528
-ɩcɔ	0.373188405797	0.268115942029	0.0434782608696	0.315217391304
-oku	0.00433996383364	0.00867992766727	0.0	0.986980108499
-ásɩ	0.0	1.0	0.0	0.0
-raɣ	0.110701107011	0.889298892989	0.0	0.0
