-sa̱	0.660432910034	0.185634177504	0.0496416777256	0.104291234737
-cai	0.525711787971	0.303277899195	0.106519135536	0.0644911772976
-can	0.159375	0.73125	0.028125	0.08125
-aja	0.421493370551	0.190509420796	0.379623168179	0.00837404047452
-hem	0.0	1.0	0.0	0.0
-hen	0.405889206652	0.269992585531	0.247007732232	0.0771104755852
-hei	0.521338724169	0.387017070979	0.0350404312668	0.0566037735849
-cau	0.0874106182911	0.279963138045	0.542775227401	0.0898510162635
-ivi	0.0225319394602	0.874276329719	0.085211698322	0.0179800324985
-ufu	0.716279069767	0.283720930233	0.0	0.0
-oyi	0.283154310433	0.686424152083	0.0058502956701	0.0245712418144
-iɗa	0.187010135777	0.182446308153	0.0213487808467	0.609194775222
-zim	0.31914893617	0.404255319149	0.212765957447	0.063829787234
-nsi	0.380170598522	0.49502123559	0.0319426103715	0.092865555516
-iɗe	0.196490861162	0.141513564776	0.352254525648	0.309741048414
-iɗi	0.41059602649	0.576158940397	0.0	0.0132450331126
-nsa	0.585507568596	0.254888531237	0.0479311499845	0.111672750182
-aun	0.0657897472792	0.895435056537	0.0136237175782	0.0251514786058
-nte	0.111847935251	0.138388373604	0.0128492940273	0.736914397117
-la̱	0.0538703581143	0.838661397323	0.0381779627065	0.0692902818558
-pun	0.0125120307989	0.0521334616618	0.911132499198	0.0242220083414
-ntu	0.131720430107	0.841397849462	0.00537634408602	0.0215053763441
-iva	0.0	0.962962962963	0.037037037037	0.0
-rba	0.182555780933	0.452332657201	0.292089249493	0.0730223123732
-opo	0.289976924588	0.57083415161	0.139188923802	0.0
-opi	0.212342750852	0.749204154844	0.0251816723767	0.0132714219282
-̱da	0.250771259233	0.662066846734	0.0231484444672	0.0640134495663
-̱su	0.0918367346938	0.862244897959	0.0357142857143	0.0102040816326
-imu	0.0	1.0	0.0	0.0
-oku	0.0712745490495	0.173783467123	0.093885743326	0.661056240501
-mso	0.0	1.0	0.0	0.0
-dem	0.0389198962171	0.0902457153582	0.0568950712854	0.813939317139
-den	0.0200677845166	0.911701748127	0.0548519443454	0.0133785230111
-400	0.555555555556	0.161616161616	0.0	0.282828282828
-ima	0.0107058943712	0.980794769639	0.00024517315354	0.00825416283584
-oko	0.668848326942	0.0635301197677	0.0419209804192	0.225700572871
-oki	0.221018296145	0.395978418369	0.0377491200746	0.345254165411
-kim	0.0	1.0	0.0	0.0
-̱sa	0.594174958714	0.287876166501	0.0559383394482	0.0620105353366
-imo	0.0112817595753	0.988433826318	0.0	0.00028441410694
-̱ga	0.640571413519	0.261117273669	0.0594051336989	0.0389061791126
-eci	0.500323582708	0.34992234015	0.0850375355941	0.064716541548
-obo	0.11704432493	0.265414319578	0.480921673081	0.13661968241
-idi	0.0161166538757	0.820414428242	0.0368380660016	0.12663085188
-ꞌam	0.0427807486631	0.914438502674	0.0320855614973	0.0106951871658
-oba	0.021582733813	0.956834532374	0.0215827338129	0.0
-kpu	0.157894736842	0.782894736842	0.0592105263158	0.0
-ece	0.848004779202	0.103612194631	0.022234787859	0.0261482383084
-ida	0.0436447166922	0.945635528331	0.0	0.010719754977
-kpi	0.0666273412364	0.527520357071	0.385770149534	0.0200821521586
-kpa	0.405831631396	0.440985075809	0.0855666852071	0.0676166075885
-idu	0.0198677825445	0.940220831282	0.0265489837541	0.0133624024193
-kpe	0.440655737705	0.369029003783	0.165510718789	0.0248045397226
-100	0.132926172086	0.657445661936	0.0269444943416	0.182683671636
-uta	0.353458553329	0.523377538397	0.0182195130582	0.104944395215
-eje	0.664429530201	0.335570469799	0.0	0.0
-ute	0.0735427065069	0.0780754459977	0.0208702275222	0.827511619973
-bbi	0.531914893617	0.287234042553	0.0	0.18085106383
-rim	0.0536005593102	0.897925891401	0.0428804474482	0.00559310184107
-utu	0.0391388385971	0.906987701216	0.0492688909399	0.00460456924671
-ten	0.185079631182	0.0911986588432	0.0538139145012	0.669907795474
-are	0.0043352601156	0.0650289017341	0.00867052023122	0.921965317919
-ara	0.0894026647326	0.314423968419	0.0518647281394	0.544308638709
-lus	0.0309556104721	0.932663185864	0.00267563499879	0.0337055686653
-ari	0.560065783344	0.296936456692	0.0621174621563	0.0808802978073
-aru	0.0565978736711	0.877423389618	0.0165728580363	0.0494058786742
-lun	0.0	0.974110032362	0.0258899676375	0.0
-mel	0.0765414599575	0.838412473423	0.0170092133239	0.0680368532956
-aya	0.241452860484	0.548909466241	0.0162682895183	0.193369383757
-nwi	0.0621528093981	0.933749203169	0.0	0.00409798743284
-oje	0.127557712487	0.806110403238	0.036913506221	0.0294183780543
-ayi	0.554166330564	0.214810034686	0.0587238848109	0.172299749939
-ayu	0.0786163522012	0.908805031447	0.0	0.0125786163522
-oɓo	0.329466357309	0.566898685228	0.0232018561485	0.0804331013148
-oɓi	0.158359064843	0.612262902514	0.188354653727	0.0410233789149
-ubu	0.0352409407799	0.937945299931	0.0222937255803	0.00452003370873
-ubo	0.0	0.896551724138	0.103448275862	0.0
-uba	0.0108790062332	0.793102841544	0.0726684727021	0.123349679521
-ufa	0.0555353901996	0.850816696915	0.0882032667876	0.005444646098
-umu	0.0623787080677	0.0318824507901	0.00748544496812	0.898253396174
-ota	0.0	1.0	0.0	0.0
-ija	0.0	0.970588235294	0.0294117647059	0.0
-aɓa	0.378357337485	0.222460101207	0.266640716232	0.132541845076
-oti	0.0134636862961	0.974189501385	0.00275393583329	0.00959287648598
-oto	0.0871195708441	0.697995713042	0.0317495619097	0.183135154204
-aɓu	0.1001552652	0.801846659928	0.0369804056122	0.0610176692602
-uma	0.171937620995	0.680915090922	0.0491810949822	0.0979661931006
-umo	0.0512820512821	0.948717948718	0.0	0.0
-umi	0.274857314509	0.657054170422	0.0240312406128	0.0440572744568
-ako	0.0338398569058	0.933367710331	0.0278775964033	0.00491483636012
ALL	0.263335025467	0.347987118182	0.0636063079402	0.325071548411
-nai	0.837673243899	0.088614538544	0.0156918392361	0.0580203783214
-nan	0.0274599542334	0.972540045767	0.0	0.0
-aki	0.108055099852	0.266160148839	0.567220536884	0.0585642144239
-nam	0.0	1.0	0.0	0.0
-zun	0.0935064935065	0.85974025974	0.0155844155844	0.0311688311688
-aka	0.141008675094	0.639127243048	0.0769203784926	0.142943703365
-ga̱	0.440470161646	0.336759986545	0.111687451538	0.111082400271
-aku	0.0794412542386	0.27152271871	0.00766199348663	0.641374033565
-goi	0.640867826954	0.158995635	0.06504144507	0.135095092976
-mos	0.0	1.0	0.0	0.0
-wun	0.0404474115668	0.104760263495	0.0589534875439	0.795838837394
-ra̱	0.178963560706	0.115305569875	0.0252611817678	0.680469687652
-dya	0.316552584073	0.185785545186	0.0237965287214	0.47386534202
-̱wa	0.287648054146	0.489001692047	0.0862944162436	0.137055837563
-moi	0.415384615385	0.338461538462	0.215384615385	0.0307692307692
-con	0.0272914659176	0.964622173811	0.00303238510195	0.00505397516992
-ofu	0.275590551181	0.673228346457	0.0354330708661	0.015748031496
-mfa	0.0	1.0	0.0	0.0
-bei	0.598631698974	0.169897377423	0.223489167617	0.00798175598632
-yaa	0.280916030534	0.350636132316	0.33486005089	0.0335877862596
-216	0.0	0.56976744186	0.0930232558139	0.337209302326
-yan	0.510353612482	0.217041414723	0.0837395719974	0.188865400797
-yai	0.624096553827	0.120526907458	0.0397003352011	0.215676203513
-ofa	0.0	1.0	0.0	0.0
-evu	0.170985199722	0.10478173804	0.0473417490094	0.676891313228
-rei	0.566485013624	0.399182561308	0.0	0.0343324250681
-ren	0.0263929618768	0.948470883955	0.0100544616674	0.0150816925011
-isi	0.111874386654	0.626104023553	0.0971540726202	0.164867517174
-lya	0.392445250028	0.429720311052	0.0464827525627	0.131351686357
-isa	0.143385934152	0.808948633028	0.0285732839795	0.0190921488408
-eve	0.837699790858	0.0957978358271	0.0304478947504	0.0360544785642
-upa	0.267797049564	0.181228031308	0.0633358698182	0.48763904931
-isu	0.0184063938	0.96197626544	0.0123516589973	0.00726568176314
-evi	0.117573221757	0.631485355649	0.213284518828	0.0376569037657
-upi	0.350800449798	0.56440211905	0.0508784586914	0.0339189724609
-hai	0.83489998907	0.0914307574598	0.0323532626517	0.0413159908186
-hal	0.0761509644245	0.0615955959619	0.0328328036246	0.829420635989
-han	0.0137931034483	0.972413793103	0.00689655172414	0.00689655172414
-mai	0.479824517838	0.183839086168	0.124956543333	0.211379852661
-man	0.0178713264496	0.901707704527	0.080420969023	0.0
-avu	0.168044233635	0.231024283982	0.152266704995	0.448664777388
-nku	0.751863792313	0.147401333451	0.0480946191995	0.0526402550368
-uni	0.0920583611929	0.867259282219	0.0325458852702	0.00813647131755
-une	0.103067639832	0.85179698415	0.0253830033242	0.0197523726936
-una	0.290221414723	0.364507294127	0.0319555223076	0.313315768842
-nka	0.500452534024	0.103804480764	0.0315861336725	0.364156851539
-unu	0.0228372843823	0.101881120428	0.0311567543651	0.844124840824
-nko	0.13353115727	0.670623145401	0.146884272997	0.0489614243323
-nki	0.499478955768	0.338681492629	0.110558088127	0.0512814634759
-za̱	0.501527353513	0.39433490697	0.0849763954457	0.0191613440711
-500	0.0496613995485	0.279909706546	0.117381489842	0.553047404063
-oɗo	0.585628742515	0.30119760479	0.062874251497	0.0502994011976
-ada	0.258190816224	0.691622571771	0.0170360509238	0.0331505610813
-nli	0.0794852384557	0.841029523089	0.0681302043906	0.0113550340651
-gan	0.245382746876	0.107848991057	0.199250926165	0.447517335903
-gai	0.0640028212907	0.0293611080126	0.00993393164829	0.896702139048
-adi	0.0971786833855	0.862068965517	0.00626959247649	0.0344827586208
-eɗe	0.587423312883	0.246932515337	0.0598159509202	0.105828220859
-adu	0.240850797623	0.735689709102	0.00844541757897	0.015014075696
-eɗa	0.345993500213	0.196866345882	0.0629629295897	0.394177224315
-ben	0.262373285629	0.425163983304	0.153249850924	0.159212880143
-na̱	0.26005163034	0.207314788143	0.0495576447767	0.483075936741
-oɗu	0.495504913234	0.437068785281	0.0376332845495	0.029793016935
-ini	0.229509867541	0.198329920668	0.0289733621254	0.543186849666
-aɗi	0.302320080909	0.362204034315	0.25875894465	0.0767169401267
-̱in	0.73325788754	0.0717067664131	0.0998618478556	0.0951734981909
-̱li	0.303839732888	0.570951585977	0.0500834724541	0.0751252086811
-ina	0.25570249445	0.645072047147	0.0293220380285	0.0699034203747
-aɗa	0.408101045471	0.287385225238	0.116693268618	0.187820460674
-ine	0.0989208633094	0.51090740311	0.373636574611	0.0165351589696
-̱lu	0.3098663926	0.613052415211	0.0369989722507	0.0400822199383
-inu	0.0362777380559	0.942657768879	0.0105322465323	0.0105322465324
-rsu	0.007326007326	0.937728937729	0.054945054945	0.0
-nei	0.890662083084	0.0600847872167	0.0133046180046	0.0359485116945
-kun	0.0243902439024	0.957317073171	0.0	0.0182926829268
-̱a̱	0.230088495575	0.398230088496	0.0530973451327	0.318584070796
-uje	0.522352941177	0.382352941176	0.0529411764706	0.0423529411765
-ban	0.14001953761	0.781830022794	0.0	0.0781504395962
-bam	0.257425742574	0.128712871287	0.534653465347	0.0792079207921
-eke	0.704229271007	0.0780003709886	0.0116861435726	0.206084214432
-bai	0.709047004652	0.170778044767	0.0597767545365	0.0603981960441
-eki	0.566432396252	0.378346720214	0.0426706827309	0.0125502008032
-hon	0.0	1.0	0.0	0.0
-pei	0.510250926558	0.13939244645	0.311390789282	0.0389658377095
-joi	0.162790697674	0.410852713178	0.395348837209	0.031007751938
-eku	0.00976718201958	0.968035808142	0.00637044228538	0.0158265675527
-aꞌa	0.230858862941	0.151235616837	0.0145652279458	0.603340292276
-ase	0.0	1.0	0.0	0.0
-nya	0.16908501975	0.77912939289	0.0293451661708	0.0224404211894
-mbu	0.230439859868	0.642273258077	0.110938108213	0.016348773842
-asa	0.190159284994	0.707828578185	0.0384228157332	0.0635893210878
-ma̱	0.193718783791	0.469958367892	0.145329026567	0.190993821751
-nyi	0.479944906418	0.273537059444	0.0867595190896	0.159758515048
-153	0.0909090909091	0.227272727273	0.0227272727273	0.659090909091
-asi	0.0921623585136	0.880039683149	0.0151116417806	0.0126863165565
-mba	0.118590032963	0.779108253315	0.0329337504834	0.0693679632381
-asu	0.170487890483	0.275629615892	0.0183056215413	0.535576872084
-yen	0.0521315567006	0.802141620708	0.0160218992794	0.129704923312
-mbi	0.171888806211	0.506928032075	0.307030970608	0.0141521911056
-430	0.758620689655	0.0344827586207	0.0344827586207	0.172413793103
-eru	0.41592920354	0.548672566372	0.0353982300885	0.0
-ran	0.0583153347732	0.844492440605	0.0971922246221	0.0
-eri	0.0162864709819	0.87456526998	0.0695473781106	0.0396008809272
-ram	0.0	1.0	0.0	0.0
-rai	0.390408190758	0.212851946652	0.037540976245	0.359198886344
-era	0.0	1.0	0.0	0.0
-ere	0.0979302025456	0.453149458393	0.0924707800626	0.356449558999
-ugu	0.728035330981	0.243443290321	0.0145074140781	0.0140139646197
-oza	0.0298507462686	0.970149253731	0.0	0.0
-ya̱	0.0126849894292	0.0866807610993	0.900634249471	0.0
-azu	0.00824228331156	0.138888446469	0.0	0.852869270219
-ozo	0.244897959184	0.755102040816	0.0	0.0
-̱bu	0.262781186094	0.575664621677	0.155419222904	0.00613496932517
-poi	0.700670687031	0.188412331624	0.0527531984445	0.0581637829003
-pon	0.0503739398817	0.902610382895	0.0302243639291	0.0167913132939
-azi	0.591715976331	0.248520710059	0.0710059171597	0.0887573964497
-uga	0.379454615819	0.570168361967	0.0327892840846	0.0175877381298
-ugo	0.279454722493	0.686465433301	0.0340798442064	0.0
-nre	0.0109011627907	0.0726744186047	0.0174418604651	0.898982558139
-aza	0.112032842143	0.287896667867	0.0291831827788	0.570887307211
-ugi	0.423220198676	0.517591059603	0.0407698675497	0.0184188741722
-ike	0.562906744351	0.30845827913	0.0538079524278	0.0748270240915
-uju	0.025466893039	0.887945670628	0.0865874363328	0.0
-ika	0.29600021403	0.177912342725	0.225416036814	0.300671406431
-iko	0.104104951333	0.85780787135	0.033008887008	0.00507829030893
-lam	0.0135593220339	0.627118644068	0.345762711864	0.0135593220339
-nos	0.0	1.0	0.0	0.0
-lai	0.423179127157	0.15350465165	0.169187749313	0.25412847188
-iki	0.097252299088	0.855625537627	0.0276114344368	0.019510728848
-noi	0.562621590666	0.112701874757	0.0409092652773	0.2837672693
-iku	0.0406091370559	0.954314720812	0.00507614213197	0.0
--na	0.475184794087	0.0575501583949	0.0237592397043	0.443505807814
-uki	0.649446974349	0.269088731733	0.0202207201127	0.0612435738052
-gei	0.809181147181	0.165552187695	0.0194358962494	0.00583076887481
-ahi	0.0277398429498	0.941494149415	0.0258775877588	0.00488841987647
-aho	0.0	1.0	0.0	0.0
-aha	0.108473582105	0.128351157956	0.067533424884	0.695641835054
-boi	0.4	0.473214285714	0.0839285714285	0.0428571428572
-don	0.0	1.0	0.0	0.0
-ɓai	0.737654103558	0.123423740754	0.0455089820359	0.0934131736527
-dom	0.025379043633	0.942932997932	0.0273864256153	0.00430153281916
-ɓan	0.191411173371	0.470798596875	0.309317722807	0.0284725069473
-eɓe	0.46803652968	0.39497716895	0.109589041096	0.027397260274
-doi	0.517563571851	0.308338261384	0.0534594914252	0.12063867534
-sar	0.00395908940944	0.928406466513	0.0656548993731	0.00197954470472
-sav	0.43137254902	0.313725490196	0.156862745098	0.0980392156863
-ibu	0.00355309909198	0.993485984998	0.001776549546	0.00118436636399
-olu	0.479553903346	0.470260223048	0.0390334572491	0.0111524163569
-mpa	0.278844239911	0.0357764709595	0.00215161777899	0.683227671351
-lfa	0.00314300680985	0.987427972761	0.00942902042954	0.0
-oli	0.396296827903	0.386967130759	0.142672599397	0.0740634419406
-ibi	0.009196084248	0.97419163453	0.00415307030555	0.0124592109166
-olo	0.398218606694	0.163983184829	0.0428161104526	0.394982098024
-voi	0.71905697446	0.151277013752	0.129666011788	0.0
-sai	0.541284749387	0.241377242021	0.141388906482	0.0759491021099
-san	0.142563046835	0.386515697375	0.461657231086	0.00926402470407
-von	0.194204624392	0.742284410043	0.0236512189474	0.0398597466177
-ngu	0.40238469917	0.501594531722	0.0511462885555	0.0448744805528
-a̱m	0.23937689993	0.143560295324	0.0653381366149	0.551724668131
-a̱n	0.450351943048	0.447108752031	0.0760278916388	0.0265114132824
-a̱i	0.634306739172	0.113765314106	0.0516121689628	0.200315777759
-loi	0.789640515813	0.11886751675	0.0474029248613	0.0440890425762
-a̱u	0.191780821918	0.808219178082	0.0	0.0
-ime	0.517413315017	0.240501892414	0.0736048572422	0.168479935327
-ron	0.00869565217391	0.8	0.191304347826	0.0
-ahu	0.0947393032499	0.140004676175	0.0130465279401	0.752209492635
-oci	0.103957508071	0.78145639689	0.0588845210618	0.0557015739773
-roi	0.575286575573	0.283893424861	0.102741997247	0.0380780023188
-ɗya	0.526679386335	0.377944378639	0.0953762350254	0.0
-a̱r	0.0763358778626	0.908396946565	0.0152671755725	0.0
-ipi	0.323383084577	0.49232709691	0.0875902179245	0.0966996005885
-ipa	0.251771397355	0.71827953534	0.00954385513906	0.020405212166
-ewe	0.2	0.266666666667	0.509090909091	0.0242424242424
-‑na	0.108469210836	0.107209978941	0.060804452342	0.723516357881
-awa	0.285486449971	0.507429041099	0.089827882679	0.117256626252
-̱si	0.585446641135	0.303591760687	0.0587930856019	0.0521685125763
-awu	0.162376796233	0.115454776594	0.103544887282	0.618623539891
-276	0.0	0.270833333333	0.0	0.729166666667
-nvo	0.221338821098	0.343431001034	0.394176200751	0.0410539771182
-sti	0.0415512465374	0.927977839335	0.0286241920591	0.00184672206833
-sta	0.0368720233523	0.937163926871	0.0245813489015	0.00138270087571
-cun	0.174322328552	0.412601253993	0.189998119869	0.223078297586
-sso	0.0740740740741	0.925925925926	0.0	0.0
-eyu	0.0526315789473	0.947368421053	0.0	0.0
-ucu	0.0612244897959	0.5	0.438775510204	0.0
-eyi	0.0939775763351	0.0598718850353	0.0123065873772	0.833843951252
-uci	0.0596802810198	0.822231210952	0.011536528023	0.106551980006
-ꞌa̱	0.353795965564	0.269537426898	0.0859148225221	0.290751785016
-ba̱	0.0625903147361	0.108875386406	0.123326023549	0.705208275309
-eya	0.0	1.0	0.0	0.0
-200	0.0492880613362	0.501642935378	0.0365096750639	0.412559328222
-uca	0.26	0.46	0.28	0.0
-eye	0.0311611633501	0.173299803193	0.0426415919528	0.752897441504
-uce	0.829545454545	0.170454545455	0.0	0.0
-lei	0.767075556728	0.139989887665	0.0131570269736	0.0797775286333
-lel	0.0	1.0	0.0	0.0
-lem	0.0575221238938	0.929203539823	0.0	0.0132743362832
-len	0.306748813512	0.284171858795	0.205342018145	0.203737309548
-̱ma	0.133744855967	0.495884773663	0.37037037037	0.0
-rya	0.583400565968	0.29750286879	0.086301858871	0.032794706371
-̱mu	0.050582095544	0.873143315937	0.0642312324368	0.0120433560819
-ifa	0.0862068965517	0.844827586207	0.0344827586207	0.0344827586207
-uwa	0.35206822064	0.50180921012	0.0267373848075	0.119385184433
-̱ta	0.10447761194	0.855721393035	0.0298507462687	0.00995024875622
-alu	0.235359385353	0.671131261391	0.0208750489167	0.0726343043387
-ndu	0.0388390060556	0.941950302777	0.00793485069952	0.0112758404677
-iba	0.0391336973193	0.899581455935	0.0132906896556	0.0479941570897
-ndi	0.537430167598	0.308379888268	0.0832402234638	0.0709497206704
-̱ɗi	0.483921427484	0.222954359833	0.262503633771	0.0306205789117
-̱tu	0.255319148936	0.642553191489	0.102127659574	0.0
-ndo	0.529903851377	0.3567820088	0.0508446955293	0.0624694442936
-ali	0.137704208007	0.766307630508	0.062017883059	0.0339702784264
-nda	0.259869040767	0.601766682493	0.0414220786458	0.0969421980938
-ale	0.378082191781	0.562328767123	0.0472602739726	0.0123287671233
-nde	0.144144144144	0.385135135135	0.342342342342	0.128378378378
-ala	0.126236386899	0.23845336031	0.0494832264285	0.585827026363
-lon	0.144	0.512	0.296	0.048
-120	0.0568720379147	0.199052132701	0.0	0.744075829384
-uva	0.330434782609	0.495652173913	0.121739130435	0.0521739130435
-uvi	0.20325203252	0.658536585366	0.0162601626016	0.121951219512
-uvu	0.0786745859479	0.262235847248	0.0178450439119	0.641244522892
-yon	0.0953071583963	0.645084429711	0.24344763286	0.0161607790324
-yom	0.164087336245	0.776733624454	0.0591790393013	0.0
-uɗa	0.188043037635	0.0979793500941	0.262854832971	0.4511227793
-iyu	0.043301759134	0.938430311231	0.00879566982409	0.00947225981055
-pen	0.00660611065235	0.991742361685	0.0	0.00165152766309
-rku	0.0425531914893	0.94584139265	0.0116054158607	0.0
-elu	0.31152758133	0.658769448373	0.0021216407355	0.0275813295615
-iyo	0.0841392649903	0.870406189555	0.0174081237911	0.0280464216635
-eli	0.13742616274	0.61488685339	0.134506523221	0.113180460649
-iyi	0.158707741869	0.64731612918	0.088170967705	0.105805161246
-ogo	0.12754502135	0.377560492605	0.0574292963673	0.437465189678
-ela	0.0	1.0	0.0	0.0
-iya	0.0288879783795	0.903692943139	0.0568985568427	0.0105205216391
-ele	0.0954166886483	0.631505411304	0.0288891142846	0.244188785763
-abu	0.106135986733	0.890547263682	0.00331674958541	0.0
-itu	0.0405080213904	0.935427807487	0.0216577540107	0.0024064171123
-ter	0.0457842847652	0.613243278694	0.229523848626	0.111448587915
-esu	0.00596549879276	0.791498055392	0.00332094217181	0.199215503644
-iti	0.0686043611981	0.897453658807	0.0103904020393	0.0235515779557
-ite	0.519774011299	0.435028248588	0.0338983050847	0.0112994350282
-ta̱	0.29476718581	0.0384357522387	0.0261032935811	0.64069376837
-ese	0.0112781954887	0.988721804511	0.0	0.0
-ita	0.099474993092	0.840011052777	0.0414479137883	0.0190660403426
-udu	0.00172117039587	0.998278829604	0.0	0.0
-666	0.185567010309	0.123711340206	0.0	0.690721649485
-ɗoi	0.496443812233	0.337126600284	0.157894736842	0.0085348506401
-uda	0.0247366248985	0.87398357392	0.0918921738026	0.00938762737922
-udi	0.0	1.0	0.0	0.0
-hum	0.00853485064011	0.972972972973	0.00355618776671	0.0149359886202
-uti	0.628099173554	0.148760330578	0.0206611570248	0.202479338843
-woi	0.521126760563	0.133802816901	0.323943661972	0.0211267605634
-abe	0.0	1.0	0.0	0.0
-ɓon	0.166985689545	0.642603226689	0.0442986054143	0.146112478352
-aba	0.022230739747	0.957327200715	0.0126485243388	0.00779353519867
-nja	0.0365853658537	0.914634146341	0.0	0.0487804878049
-won	0.108864696734	0.844479004666	0.0	0.0466562986003
-oco	0.730769230769	0.230769230769	0.0384615384615	0.0
-nji	0.0377418331747	0.952743418966	0.00190294957184	0.00761179828735
-gba	0.556275789203	0.233764045746	0.132988763403	0.0769714016477
-mza	0.479452054795	0.287671232877	0.164383561644	0.0684931506849
-gbi	0.129470016505	0.703282596736	0.128736475335	0.0385109114249
-koi	0.649577308029	0.114777916291	0.0271051371675	0.208539638513
-gbo	0.456873787025	0.462950590182	0.0381788679966	0.0419967547962
-tun	0.205545748283	0.237629623365	0.0506865677952	0.506138060556
-ori	0.419429631347	0.329237189891	0.180384882912	0.0709482958498
-soi	0.570193831114	0.226363728299	0.107186246418	0.0962561941682
-̱ji	0.199658703072	0.583048919226	0.166097838453	0.0511945392491
-ado	0.0	1.0	0.0	0.0
-ora	0.0540216086434	0.900360144058	0.00720288115248	0.0384153661464
-jei	0.696	0.256	0.0	0.048
-omu	0.101265822785	0.670886075949	0.20253164557	0.0253164556962
-omi	0.0	1.0	0.0	0.0
-omo	0.0232658336924	0.926324859974	0.0426540284361	0.00775527789746
-ici	0.186564975066	0.394250513347	0.396303901437	0.0228806101496
-oma	0.0454949614701	0.767486662715	0.171902786011	0.0151155898044
-lia	0.54054054054	0.405405405405	0.0540540540541	0.0
-mhm	0.116279069767	0.46511627907	0.0	0.418604651163
-144	0.0642914545942	0.146263059202	0.0	0.789445486204
-abi	0.0579010856454	0.799758745477	0.120627261761	0.021712907117
-odi	0.0465980157051	0.913386937509	0.0110499835426	0.0289650632435
-odo	0.244391025641	0.68108974359	0.0384615384615	0.0360576923077
-uri	0.199585533728	0.429566064911	0.260404478552	0.11044392281
-uro	0.432385483932	0.330897624712	0.171859068766	0.0648578225898
-ura	0.413625451419	0.356333619948	0.104749785039	0.125291143594
-ure	0.137464263061	0.6664307186	0.03681709122	0.15928792712
-uru	0.0210307908663	0.964341870915	0.00801629234237	0.00661104587597
-ɗai	0.45126133875	0.268589550358	0.192674883888	0.0874742270027
-pai	0.554220378169	0.340545830467	0.0634250264063	0.041808764957
-uɓi	0.417322834646	0.472440944882	0.0708661417323	0.0393700787402
-apa	0.320162156545	0.559324338561	0.0591009323874	0.0614125725068
-pam	0.0358102928585	0.0152477703682	0.00551506817451	0.943426868599
-pan	0.0679273353692	0.632291911362	0.279069767442	0.0207109858273
-uɓa	0.221168960322	0.542608694622	0.10074188245	0.135480462606
-api	0.626227614096	0.287117273252	0.0727902946274	0.0138648180243
-apu	0.0	0.96875	0.0	0.03125
-wan	0.545911909829	0.162016828589	0.0506424930948	0.241428768487
-wam	0.0	1.0	0.0	0.0
-wai	0.513067567996	0.123208693367	0.0559342793729	0.307789459264
-ken	0.228901734104	0.110982658959	0.131791907514	0.528323699422
-kem	0.0	1.0	0.0	0.0
-kei	0.70558352507	0.174780357048	0.0504969967576	0.0691391211244
-tum	0.000779727095515	0.991423001949	0.0	0.00779727095516
-din	0.0440240452616	0.941654879774	0.00901697312588	0.00530410183876
-da̱	0.266279479057	0.428194297783	0.273847236888	0.0316789862724
-oro	0.547988438863	0.302467052588	0.113080231122	0.0364642774271
-̱na	0.35192382433	0.552856587641	0.0806451612903	0.0145744267392
-uku	0.52118298373	0.395732771306	0.0431319854851	0.0399522594787
-ovi	0.792975970425	0.207024029575	0.0	0.0
-̱ni	0.156135156269	0.596396704233	0.158102053692	0.0893660858063
-afu	0.0	0.964912280702	0.0350877192982	0.0
-nnu	0.0128045527298	0.950915881202	0.0320113818246	0.00426818424329
-vei	0.76152122376	0.127002859425	0.0475694886765	0.0639064281382
-ovo	0.906981888295	0.069762165851	0.0168405125148	0.00641543333895
-̱nu	0.0509652509653	0.616216216216	0.332818532818	0.0
-afa	0.129078014184	0.842671394799	0.0229314420804	0.00531914893617
-ka̱	0.648374197105	0.149181342909	0.0366075638702	0.165836896116
-ovu	0.389140271493	0.610859728507	0.0	0.0
-uko	0.720614290824	0.0641537364014	0.020145394617	0.195086578158
-efa	0.185567010309	0.752577319588	0.0	0.0618556701031
-nga	0.10851086511	0.526320719516	0.28969341878	0.0754749965947
-nge	0.920491803279	0.063524590164	0.0110655737705	0.00491803278689
-ngi	0.259697128354	0.421400565605	0.236901030824	0.0820012752168
-ain	0.448769034227	0.25080311116	0.0400078341314	0.260420020481
-ngo	0.644058209065	0.154304840597	0.0355601484342	0.166076801905
-eme	0.18691588785	0.716510903427	0.0903426791277	0.00623052959501
-uwe	0.0355329949239	0.893401015228	0.0355329949239	0.0355329949239
-ɗa̱	0.0533233677592	0.0516718471469	0.0176722829774	0.877332502117
-emi	0.100816130581	0.855976956313	0.0432069131061	0.0
-uwi	0.0589966077695	0.916930052786	0.00876526491793	0.0153080745267
-260	0.232472324723	0.453874538745	0.0221402214022	0.291512915129
-uwu	0.280492307316	0.159357876586	0.510061904077	0.0500879120207
-jan	0.177339901478	0.20197044335	0.554187192118	0.0665024630542
-mma	0.0198455466445	0.948275221311	0.00245282037179	0.0294264116724
-jai	0.460992907801	0.317730496454	0.178723404255	0.0425531914894
-cin	0.039376538146	0.798195242002	0.162428219852	0.0
-wa̱	0.696758126622	0.106648337348	0.0451285687548	0.151464967275
-son	0.0374531835207	0.962546816479	0.0	0.0
-egu	0.0349259781952	0.886490570865	0.0611204618417	0.0174629890976
-zai	0.746750774632	0.0498619938453	0.00547265786107	0.197914573661
-pa̱	0.3021286219	0.343123444576	0.164941041587	0.189806891937
-aci	0.0932275085485	0.139448735067	0.0542433775684	0.713080378816
-000	0.143741151756	0.375302552861	0.0487509704526	0.43220532493
-ɗei	0.762741652021	0.22144112478	0.0	0.0158172231986
-ete	0.161483760497	0.630157573285	0.161483760497	0.0468749057203
-eti	0.184404711305	0.365304714577	0.351655495978	0.0986350781401
-atu	0.0383553478379	0.91670951662	0.0283366466991	0.0165984888432
-uya	0.25	0.3875	0.329166666667	0.0333333333333
-ate	0.0397062844385	0.925563120462	0.0133758356055	0.0213547594943
-ata	0.0678441776023	0.892268435473	0.00748562347418	0.0324017634501
-ati	0.13978021978	0.728791208791	0.0668131868132	0.0646153846154
-kai	0.52437486816	0.26099639929	0.114421123975	0.100207608575
-uli	0.0935513121962	0.451508313915	0.243576090509	0.211364283379
-osa	0.018691588785	0.981308411215	0.0	0.0
-kan	0.112246563927	0.834302691346	0.0053450744727	0.0481056702543
-oso	0.318532818533	0.496138996139	0.150579150579	0.034749034749
-ula	0.439114734328	0.332159050862	0.164143586144	0.0645826286666
-osi	0.0	1.0	0.0	0.0
-ule	0.0789919525625	0.851440067768	0.0140830156713	0.0554849639983
-aca	0.851485148515	0.0891089108911	0.0594059405941	0.0
-aco	0.257769451179	0.291932995371	0.0762618470355	0.374035706414
-kar	0.0295566502463	0.187192118227	0.753694581281	0.0295566502463
-kau	0.120134894508	0.349978093711	0.305610823717	0.224276188065
-ulu	0.0427643730297	0.826753547591	0.113228132365	0.017253947014
-aji	0.163783160323	0.530565167243	0.290657439446	0.0149942329873
-aje	0.089644160584	0.704664689781	0.0919251824818	0.113765967153
-̱ku	0.426035502959	0.332100591716	0.197485207101	0.0443786982249
-shu	0.0	0.96	0.04	0.0
-shi	0.182764960982	0.573826404933	0.113577380672	0.129831253413
-̱ki	0.376588320495	0.531851057626	0.0419006235716	0.0496599983071
-sha	0.618410811452	0.241149554467	0.0683481611526	0.0720914729277
-she	0.22189596701	0.19679770284	0.185910149838	0.395396180312
-̱ka	0.605570681321	0.230140233688	0.0798326301931	0.0844564547978
-ilu	0.17642117054	0.742089050686	0.042845141417	0.0386446373565
-vin	0.164179104478	0.716417910448	0.0	0.119402985075
-yun	0.104039233814	0.357531897777	0.20594005132	0.332488817088
-ile	0.109277249749	0.701764172559	0.170745702733	0.0182128749583
-ila	0.101250284446	0.859990600904	0.00685700773623	0.0319021069146
-oji	0.101174967236	0.495533929189	0.369608804357	0.0336822992189
-̱ri	0.49491684528	0.131479540843	0.0642362721706	0.309367341706
-ili	0.101507836246	0.483303016521	0.026220450346	0.388968696888
-iga	0.548039121299	0.26650586185	0.0455605641099	0.139894452741
-ige	0.110162555391	0.547108503326	0.28016663656	0.0625623047228
-eba	0.0	1.0	0.0	0.0
-igi	0.302377151815	0.541408990547	0.101688475545	0.0545253820934
-amu	0.255550986842	0.461554276316	0.0875822368421	0.1953125
-ebe	0.129562256689	0.695115344902	0.128401374206	0.0469210242038
-ami	0.217341527266	0.383274506159	0.0561423589379	0.343241607638
-amo	0.0	0.984848484848	0.0151515151515	0.0
-ama	0.05922405106	0.431238149855	0.0457070424915	0.463830756594
-ame	0.0	1.0	0.0	0.0
-usi	0.418426811963	0.344892135482	0.169491773788	0.0671892787664
-uso	0.479215736754	0.304777449416	0.161746103123	0.0542607107074
-iri	0.16363314726	0.530652960138	0.271542574102	0.0341713184999
-gus	0.0	1.0	0.0	0.0
-ire	0.0344658407948	0.19232184472	0.669630810744	0.103581503741
-usa	0.361594943065	0.527612477786	0.0632179475884	0.0475746315605
-ira	0.0926097285484	0.615419986046	0.22778627505	0.0641840103555
-iru	0.056277056277	0.88455988456	0.00865800865801	0.050505050505
-usu	0.593397521534	0.27069768368	0.0820821210507	0.0538226737351
-uza	0.0360618433629	0.454676865334	0.0050937190427	0.50416757226
-iɓa	0.688165506061	0.195552853616	0.0563722781032	0.0599093622195
-cen	0.00469116497263	0.990617670055	0.00469116497262	0.0
-uzu	0.0150936163586	0.984906383641	0.0	0.0
-cei	0.651688649748	0.276737840671	0.0280203201537	0.0435531894276
-win	0.425130890052	0.353403141361	0.186910994764	0.034554973822
-ꞌya	0.162073504946	0.0963404948104	0.0130385271713	0.728547473073
-owi	0.471698113208	0.216981132075	0.301886792453	0.00943396226415
-owo	0.494855967078	0.0771604938272	0.351851851852	0.0761316872428
-ije	0.171184022825	0.644793152639	0.0984308131241	0.0855920114122
-uhu	0.0155561412411	0.976476079099	0.00607068926481	0.00189709039525
-agu	0.182741116751	0.304568527919	0.390862944162	0.121827411168
-tsu	0.116544920522	0.196640567483	0.0307296694526	0.656084842543
-uka	0.225174027637	0.616435454916	0.0509135418343	0.107476975613
-kas	0.0280373831776	0.971962616822	0.0	0.0
-agi	0.0918472652219	0.877192982456	0.0278637770898	0.0030959752322
-tsi	0.379041403411	0.269249461918	0.129926635655	0.221782499016
-tso	0.432659951033	0.17791213895	0.155696465016	0.233731445001
-aga	0.204277904016	0.73702398456	0.0205549343253	0.0381431770984
-tsa	0.217048924864	0.10718211183	0.0690039318125	0.606765031494
-va̱	0.0162139852677	0.204321557031	0.0118010810275	0.767663376674
-rta	0.0128177739799	0.968382824183	0.00256355479598	0.0162358470412
-anu	0.0448798988622	0.93615676359	0.0	0.0189633375474
-ega	0.0143027413588	0.957091775924	0.0286054827175	0.0
-ona	0.0223048327137	0.977695167286	0.0	0.0
-ono	0.307035693997	0.504475337157	0.0698446458729	0.118644322972
-oni	0.117572865611	0.785788223102	0.0462287361738	0.0504101751138
-450	0.0357142857143	0.321428571429	0.0714285714286	0.571428571429
-ana	0.517238651915	0.202718735832	0.0520545247697	0.227988087483
-dan	0.094643210329	0.783255364	0.0286266500378	0.0934747756336
-onu	0.0596858638743	0.475392670157	0.452356020942	0.0125654450262
-dai	0.642857142857	0.0	0.267857142857	0.0892857142857
-ani	0.182136786277	0.434694123822	0.248783701364	0.134385388537
-tam	0.0326633165829	0.889447236181	0.0251256281407	0.0527638190955
-tan	0.302604644597	0.650808216277	0.0423519446601	0.00423519446601
-tai	0.415981537574	0.33823741526	0.145391605366	0.1003894418
-yim	0.0	0.877192982456	0.0	0.122807017544
-yin	0.0609808349476	0.558965605198	0.0131689849435	0.366884574911
-tat	0.0	1.0	0.0	0.0
-zoi	0.785714285714	0.1	0.0285714285714	0.0857142857143
-enu	0.099685759444	0.12305818338	0.543156178984	0.234099878192
-eni	0.134119751025	0.222728748241	0.0255882769994	0.617563223735
-ene	0.733779008465	0.194706322182	0.0259684068443	0.0455462625092
-̱yi	0.613584452014	0.144419955921	0.170587056702	0.0714085353637
-ena	0.106666666667	0.893333333333	0.0	0.0
