-cab	0.0928149498515	0.62109392614	0.141555923447	0.144535200562
-yer	0.0722891566264	0.566265060241	0.289156626506	0.0722891566265
-cad	0.0	1.0	0.0	0.0
-cak	0.191046908005	0.207947006601	0.259406610619	0.341599474776
-caj	0.769230769231	0.153846153846	0.0	0.0769230769231
-cai	0.0	1.0	0.0	0.0
-cao	0.037037037037	0.925925925926	0.037037037037	0.0
-can	0.0897504166758	0.0835926764291	0.0225362641983	0.804120642697
-cam	0.619821984716	0.201030771243	0.103366655285	0.075780588756
-cal	0.0248962655601	0.912863070539	0.0	0.0622406639004
-cas	0.0795454545454	0.915909090909	0.0	0.00454545454545
-car	0.0243602997279	0.957425008074	0.00799669413562	0.0102179980622
-xle	0.146496815287	0.0382165605096	0.815286624204	0.0
-700	0.100896860986	0.276905829596	0.0336322869954	0.588565022422
-ive	0.0201790005469	0.956615148824	0.0121074003281	0.0110984503008
-xla	0.52624537681	0.224360606306	0.0830297511486	0.166364265736
-cat	0.336561134805	0.107395982326	0.0322760966018	0.523766786268
-caz	0.00881704628948	0.984570168993	0.0	0.00661278471713
-úba	0.0	1.0	0.0	0.0
-cax	0.0636897094604	0.906254472592	0.0228996708172	0.00715614713038
-ivo	0.0	0.930614158462	0.0693858415378	0.0
-fca	0.0	1.0	0.0	0.0
-oya	0.0238095238095	0.97619047619	0.0	0.0
-rpá	0.0	1.0	0.0	0.0
-aux	0.0680100755667	0.931989924433	0.0	0.0
-oyk	0.129032258064	0.354838709677	0.387096774194	0.129032258065
-oyi	1.0	0.0	0.0	0.0
-ru'	0.127208480565	0.159010600707	0.713780918728	0.0
-ecú	0.0	1.0	0.0	0.0
-ufa	0.0	1.0	0.0	0.0
-oyq	0.72972972973	0.162162162162	0.054054054054	0.054054054054
-'i'	0.226052706379	0.183375969464	0.0150241604743	0.575547163682
-dra	0.0	1.0	0.0	0.0
-ufo	0.0	0.995192307692	0.00480769230769	0.0
-aum	0.0584795321637	0.909090909091	0.0	0.0324295587454
-idó	0.0	1.0	0.0	0.0
-xb'	0.155688622754	0.844311377246	0.0	0.0
-oyx	0.0796046927071	0.89641987819	0.0145733000428	0.00940212905991
-utá	0.0	1.0	0.0	0.0
-ca'	0.166714055273	0.200777548498	0.349074796112	0.283433600117
-wat	0.373056994819	0.471502590674	0.0621761658031	0.0932642487047
-eur	0.0	1.0	0.0	0.0
-lta	0.179614667495	0.779366065879	0.0298321939092	0.011187072716
-kor	0.0	1.0	0.0	0.0
-'iy	0.0	0.333333333333	0.666666666667	0.0
-'ix	0.00547645125958	0.881982475356	0.101040525739	0.0115005476451
-'iw	0.039393939394	0.936363636364	0.0121212121212	0.0121212121212
-'iu	0.0177514792899	0.96449704142	0.0177514792899	0.0
-o̱t	0.0	1.0	0.0	0.0
-o̱s	0.0417957052649	0.83773134065	0.0608500436247	0.05962291046
-o̱r	0.00164068908942	0.855619360131	0.0426579163249	0.100082034454
-'iq	0.408945686901	0.38338658147	0.115015974441	0.0926517571885
-o̱p	0.0709677419355	0.696774193548	0.232258064516	0.0
-o̱o	0.192511480042	0.117037560344	0.0155422112328	0.674908748381
-'in	0.0953741536511	0.100003829904	0.0190196505312	0.785602365913
-o̱m	0.119783900066	0.836947221747	0.0051335957171	0.03813528247
-o̱l	0.132278742243	0.19262971284	0.0421903690668	0.632901175851
-o̱k	0.476289873368	0.215199676859	0.0971493785029	0.21136107127
-'ij	0.165919282511	0.741191543882	0.05733504164	0.0355541319667
-tín	0.0665529010239	0.851535836177	0.061433447099	0.0204778156997
-'ic	0.432588268509	0.410598185918	0.113151500933	0.0436620446403
-'ib	0.733373215612	0.212837280304	0.0207319085733	0.0330575955112
-awé	0.0	1.0	0.0	0.0
-aír	0.0	1.0	0.0	0.0
-cau	0.220390590242	0.158437453656	0.395085644372	0.226086311731
-hén	0.0	1.0	0.0	0.0
-cul	0.0	0.714285714286	0.285714285714	0.0
-ido	0.0253878702398	0.944992947814	0.00846262341326	0.0211565585331
-ech	0.1038788731	0.415681467675	0.17086432913	0.309575330095
-rpo	0.0	0.980360065466	0.0	0.0196399345336
-rpa	0.0598943041691	0.911920140928	0.0140927774515	0.0140927774516
-ecb	0.0	1.0	0.0	0.0
-eca	0.0299636156096	0.765641720768	0.0321038738675	0.172290789755
-ide	0.0	1.0	0.0	0.0
-ida	0.0112034239678	0.988796576032	0.0	0.0
-ufá	0.0	1.0	0.0	0.0
-kpo	0.577205882353	0.29044117647	0.077205882353	0.0551470588236
-tla	0.607645875252	0.142857142857	0.0402414486922	0.209255533199
-tle	0.727272727273	0.272727272727	0.0	0.0
-uta	0.0	1.0	0.0	0.0
-lew	0.0	1.0	0.0	0.0
-utk	0.371892336141	0.440106841997	0.0493116909801	0.138689130881
-uti	0.504772024222	0.31236823352	0.0624605920231	0.120399150235
-uto	0.0	0.333333333333	0.666666666667	0.0
-naj	0.199792318899	0.159325501379	0.142974489322	0.4979076904
-utq	0.201339117314	0.448792908337	0.0132025650698	0.336665409279
-wxi	0.666666666667	0.282051282051	0.0512820512821	0.0
-utu	0.706896551724	0.231034482759	0.0517241379311	0.0103448275862
-utz	0.0331125827814	0.807947019868	0.158940397351	0.0
-qto	0.840933191941	0.0874867444327	0.0604453870625	0.0111346765642
-ec'	0.347688597366	0.433253673625	0.0687070694985	0.15035065951
-qtu	0.0832755031228	0.59680777238	0.195697432339	0.124219292158
-lut	0.0165380374862	0.976846747519	0.00661521499449	0.0
-z'u	0.521654905217	0.345509893455	0.103777501038	0.0290577002906
-pho	0.142857142857	0.142857142857	0.714285714286	0.0
-nún	0.144927536232	0.855072463768	0.0	0.0
-z'e	0.278548795166	0.542629756086	0.131536931051	0.0472845176979
-z'a	0.550761966087	0.386563640266	0.0485082635759	0.0141661300708
-phu	0.171875	0.53125	0.15625	0.140625
-z'c	0.667602245389	0.133921411387	0.162389735365	0.0360866078589
-fos	0.0338983050847	0.966101694915	0.0	0.0
-z'o	0.584117032393	0.270985719262	0.101358411703	0.0435388366423
-z'i	0.543373938723	0.360649686231	0.0361757105944	0.0598006644518
-z'k	0.318271119843	0.0628683693517	0.518664047151	0.100196463654
-uín	0.0681818181818	0.911363636364	0.0204545454546	0.0
-jlá	0.0	1.0	0.0	0.0
-ial	0.236649766956	0.335916728561	0.0930022281785	0.334431276305
-jlí	0.0	1.0	0.0	0.0
-dás	0.0	1.0	0.0	0.0
-dám	0.0	1.0	0.0	0.0
-dán	0.0125221082419	0.935903784931	0.0398302087018	0.0117438981252
-lpá	0.0	0.953488372093	0.0465116279071	0.0
-ofá	0.0	1.0	0.0	0.0
-krí	0.0	1.0	0.0	0.0
-nhu	0.144881889764	0.774803149606	0.0614173228346	0.0188976377953
-nub	0.587313927698	0.333455285482	0.0377289461047	0.0415018407152
-rás	0.0	1.0	0.0	0.0
-rán	0.0152981849611	0.969144338807	0.00363007778738	0.0119273984443
-kba	0.0852604958458	0.857493171229	0.029841173546	0.027405159379
-mke	0.0627615062762	0.924686192469	0.0125523012552	0.0
-845	0.0	0.428571428571	0.0	0.571428571429
-lbá	0.0	1.0	0.0	0.0
-aús	0.122562674095	0.860724233983	0.0	0.016713091922
-aúl	0.0103562005277	0.984894459103	0.00356200527705	0.00118733509235
-aúm	0.00702576112412	0.980093676815	0.0	0.0128805620609
-̱hi	0.6	0.4	0.0	0.0
-rté	0.0384615384616	0.961538461538	0.0	0.0
-280	0.0	0.5	0.0	0.5
-284	0.0	0.0	0.0	1.0
-288	0.0	0.0	0.428571428571	0.571428571429
-cán	0.031914893617	0.920212765957	0.0478723404256	0.0
-iah	0.0	1.0	0.0	0.0
-yat	0.0	1.0	0.0	0.0
-yaw	0.0216346153846	0.975961538462	0.00240384615385	0.0
-jla	0.751970864712	0.142092032497	0.0464800888818	0.0594570139093
-yón	0.0	1.0	0.0	0.0
-jli	0.0	1.0	0.0	0.0
-yax	0.162790697674	0.418604651163	0.325581395349	0.0930232558139
-yac	0.055900621118	0.888198757764	0.0372670807453	0.0186335403727
-yal	0.313077351864	0.155511667508	0.0753178745669	0.456093106061
-yan	0.3117850132	0.43329046233	0.156366344006	0.0985581804644
-yak	0.24865893947	0.50236855367	0.181869085615	0.0671034212442
-yaj	0.137431344734	0.420565647107	0.398444427783	0.0435585803755
-328	0.0	0.285714285714	0.0	0.714285714286
-067	0.0	0.25	0.0	0.75
-cón	0.0	0.909090909091	0.090909090909	0.0
-060	0.190476190476	0.0	0.809523809524	0.0
-ilq	0.0666666666666	0.653333333333	0.24	0.04
-ejí	0.0	1.0	0.0	0.0
-srá	0.0	1.0	0.0	0.0
-poc	0.419974821653	0.472261854805	0.0664708350818	0.0412924884599
-ya'	0.0791452314998	0.85912148793	0.0569845666798	0.00474871388999
-440	0.6	0.4	0.0	0.0
-nra	0.560109545614	0.221164674705	0.106170160595	0.112555619086
-se'	0.290805103388	0.453145622525	0.167179938407	0.0888693356797
-lb'	0.0327868852459	0.91621129326	0.0437158469945	0.00728597449909
-laf	0.0	1.0	0.0	0.0
-klo	0.0	1.0	0.0	0.0
-662	0.0	1.0	0.0	0.0
-660	0.0555555555556	0.833333333333	0.0	0.111111111111
-667	0.0	0.2	0.0	0.8
-666	0.05	0.0466666666667	0.0	0.903333333333
-ui'	0.0581460643187	0.0386908397258	0.0370445290607	0.866118566895
-052	0.0	0.285714285714	0.0	0.714285714286
-ada	0.0379384395133	0.933190169411	0.0245764733954	0.00429491768074
-qué	0.0	1.0	0.0	0.0
-ado	0.0290428881584	0.911486401167	0.0301834223358	0.0292872883393
-aaz	0.0	1.0	0.0	0.0
-adi	0.0	0.910224438903	0.0897755610972	0.0
-ouk	1.0	0.0	0.0	0.0
-aat	0.054547156673	0.598103579876	0.0284649535191	0.318884309931
-aaw	0.0817120622569	0.865758754864	0.0408560311284	0.011673151751
-seo	0.0153995187979	0.920212065852	0.000947662695259	0.0634407526547
-uix	0.166356306891	0.242329301204	0.0300056634682	0.561308728437
-sem	0.00553505535057	0.994464944649	0.0	0.0
-sel	0.0235294117647	0.976470588235	0.0	0.0
-sek	0.0	0.985981308411	0.0140186915888	0.0
-sej	0.0335017946665	0.91155526208	0.048912620213	0.00603032303997
-ebá	0.016	0.984	0.0	0.0
-lbe	0.0	0.888888888889	0.111111111111	0.0
-sef	0.0	1.0	0.0	0.0
-uis	0.0764331210192	0.853503184713	0.0700636942674	0.0
-sed	0.0	0.936170212766	0.0638297872339	0.0
-lba	0.0724674312675	0.882475098514	0.0394252864408	0.00563218377726
-seb	0.146940006286	0.482235952733	0.252754830694	0.118069210287
-sea	0.0384615384615	0.961538461538	0.0	0.0
-lai	0.0	0.986577181208	0.0134228187919	0.0
-ohe	0.0588235294117	0.823529411765	0.0686274509804	0.0490196078431
-uik	0.0	1.0	0.0	0.0
-uim	0.501216545012	0.472830494728	0.00778588807785	0.0181670721817
-uil	0.430734125694	0.356387776929	0.0792813501844	0.133596747193
-uin	0.0765176695515	0.0309893728159	0.00902021372542	0.883472743907
-erá	0.0204545454545	0.965909090909	0.0136363636364	0.0
-uic	0.199935191186	0.612281270253	0.0836033700584	0.104180168503
-oho	0.857913961039	0.0366883116883	0.00353084415584	0.101866883117
-ses	0.0	0.809523809524	0.190476190476	0.0
-ser	0.00589005235601	0.984293193717	0.00981675392669	0.0
-seq	0.0	1.0	0.0	0.0
-aam	0.114894303695	0.8531547523	0.0154913667904	0.0164595772148
-blo	0.0343914538759	0.913919915594	0.00388045165414	0.0478081788761
-bli	0.651162790698	0.174418604651	0.0	0.174418604651
-aal	0.0836493857132	0.632921202361	0.0554230061768	0.228006405749
-bla	0.407736539467	0.481442760063	0.0125457396759	0.0982749607945
-law	0.0151826200735	0.936855641031	0.0139418413157	0.0340198975793
-mto	0.0	1.0	0.0	0.0
-blu	0.0	0.583333333333	0.416666666667	0.0
-lap	0.4	0.536842105263	0.0631578947368	0.0
-mta	0.637485036801	0.264669965355	0.0550585411597	0.0427864566844
-uum	0.444035346097	0.504786450663	0.0125184094256	0.0386597938144
-uul	0.0660258031875	0.887730837339	0.0379458639008	0.00829749557298
-uun	0.116173120729	0.719817767654	0.123006833713	0.0410022779043
-lar	0.444444444445	0.555555555555	0.0	0.0
-uuk	0.291830107027	0.288762553345	0.311292947627	0.108114392002
-'is	0.667150459603	0.239961296565	0.0362844702467	0.0566037735849
-las	0.0380513425157	0.948157278882	0.00982546402987	0.00396591457206
-uuc	0.505617977528	0.359550561798	0.0	0.134831460674
-uub	0.497354497354	0.283950617284	0.116402116402	0.102292768959
-iha	0.0	1.0	0.0	0.0
-uuy	0.0	0.666666666667	0.333333333333	0.0
-xo'	0.0762711864407	0.271186440678	0.652542372881	0.0
-uji	0.7598502479	0.229950419913	0.0	0.0101993321866
-lhi	0.0	1.0	0.0	0.0
-ra'	0.065349544073	0.901215805471	0.00911854103342	0.0243161094225
-fón	0.0489795918367	0.881632653061	0.0	0.0693877551021
-uuq	0.283960078512	0.155347759687	0.177092441942	0.383599719859
-uus	0.476470588235	0.335294117647	0.1	0.0882352941177
-uur	0.0480068581226	0.948135447921	0.00128589798542	0.00257179597085
-zol	0.534483945096	0.333393499972	0.0789608168524	0.0531617380788
-que	0.0490314769976	0.510290556901	0.39406779661	0.0466101694915
-zoj	0.0	1.0	0.0	0.0
-o̱n	0.0996831337828	0.755025284923	0.060629193698	0.0846623875964
-qui	0.311009174312	0.661467889908	0.0110091743119	0.0165137614679
-quk	0.681666666667	0.268333333333	0.01	0.04
-adí	0.0	1.0	0.0	0.0
-úaj	0.0454545454545	0.954545454545	0.0	0.0
-qul	0.165137614679	0.779816513761	0.0157273918742	0.0393184796854
-qun	0.696202531646	0.189873417722	0.0759493670886	0.0379746835443
-quq	1.0	0.0	0.0	0.0
-naz	0.0167597765363	0.983240223464	0.0	0.0
-'il	0.291256817143	0.304796707169	0.283820225065	0.120126250622
-jmí	0.0	1.0	0.0	0.0
-zot	0.194117647059	0.752941176471	0.0529411764706	0.0
-'ik	0.506856762624	0.355868443903	0.0758676488916	0.0614071445814
-ujo	0.0	1.0	0.0	0.0
-zoq	0.36655948553	0.27652733119	0.318327974277	0.0385852090032
-zor	0.00492610837438	0.995073891626	0.0	0.0
-o̱j	0.0	1.0	0.0	0.0
-bod	0.0	1.0	0.0	0.0
-xoq	0.760527581387	0.101902583072	0.111613262797	0.0259565727436
-iwu	0.0228820538616	0.0120574615715	0.00429038509905	0.960770099468
-ray	0.00956937799044	0.99043062201	0.0	0.0
-raw	0.769184724051	0.21106189393	0.00538728600503	0.0143660960134
-xox	0.0889929742388	0.77224824356	0.131733021077	0.00702576112412
-rau	0.612403387449	0.283754299027	0.0213009873895	0.0825413261343
-rar	0.0	1.0	0.0	0.0
-ras	0.0905704446263	0.645850381888	0.0552117430442	0.208367430442
-rap	0.580554907904	0.214269060387	0.19118675682	0.0139892748893
-raq	0.408847980998	0.298396674584	0.131532066508	0.16122327791
-ran	0.106082452694	0.0499198921715	0.00581168255466	0.83818597258
-xoc	0.593548105217	0.314383056625	0.039679825929	0.052389012229
-ral	0.0882993381096	0.634790145582	0.208559786333	0.0683507299754
-ram	0.19212369867	0.594822779281	0.169040493212	0.0440130288369
-raj	0.439980560117	0.102228463788	0.0295845670399	0.428206409055
-rak	0.30360299371	0.497264696492	0.0698438658924	0.129288443905
-xod	0.0	1.0	0.0	0.0
-ero	0.0258158247653	0.742288779616	0.0321859633438	0.199709432275
-xoj	0.0108777504875	0.972805623781	0.0163166257312	0.0
-era	0.271680129675	0.630764146627	0.0429161445452	0.0546395791526
-rad	0.0	1.0	0.0	0.0
-xon	0.566314076485	0.279902359642	0.0951993490643	0.0585842148088
-ere	0.00822524678603	0.0161079030316	0.00257670507424	0.973090145108
-xol	0.727272727273	0.0	0.090909090909	0.181818181818
-dos	0.047679669485	0.914368754804	0.0235395849347	0.0144119907763
-swa	0.00624645088019	0.988074957411	0.00113571834185	0.0045428733674
-oze	0.0	1.0	0.0	0.0
-o̱c	0.191911181602	0.443298969072	0.329103885805	0.035685963521
-zo'	0.0312658871377	0.964921199797	0.00152516522623	0.00228774783935
-blá	0.0	1.0	0.0	0.0
-o̱b	0.0182571749912	0.0365480103731	0.0128321858509	0.932362628785
-azo	0.0	1.0	0.0	0.0
-jib	0.00742574257426	0.992574257426	0.0	0.0
-bom	0.0302267002519	0.969773299748	0.0	0.0
-ugo	0.0313858695652	0.894429347826	0.0741847826087	0.0
-ehú	0.028233151184	0.971766848816	0.0	0.0
-mtá	0.0	1.0	0.0	0.0
-aza	0.00415512465374	0.896814404432	0.0948753462604	0.00415512465373
-kli	0.827058647068	0.0364481775911	0.0103494825259	0.126143692815
-to'	0.417795125265	0.492125574772	0.0494912432937	0.0405880566694
-ike	0.0	1.0	0.0	0.0
-ika	0.428523527439	0.474684251704	0.0500726500503	0.0467195708059
-iko	0.0887743413516	0.820160366552	0.0721649484536	0.0189003436426
-noq	0.279069767442	0.441860465116	0.279069767442	0.0
-nor	0.0	0.979020979021	0.020979020979	0.0
-̱in	0.127092537924	0.0299333197648	0.002193556748	0.840780585563
-not	0.0	0.8	0.2	0.0
-iki	0.586977648202	0.22934888241	0.142857142857	0.0408163265306
-iku	0.146466740372	0.110612063141	0.0250675634175	0.717853633069
-nok	0.414028078825	0.574071712922	0.00892515619024	0.00297505206342
-nol	0.075970694488	0.774850487245	0.148257961364	0.000920856902883
-ikr	0.142208289362	0.736099902746	0.0865975541622	0.0350942537298
-hká	0.0	1.0	0.0	0.0
-noa	0.0	0.985714285714	0.0142857142857	0.0
-nob	0.0	1.0	0.0	0.0
-noc	0.252037428313	0.654995472382	0.0651977060067	0.0277693932991
-nod	0.0	1.0	0.0	0.0
-nof	0.222222222222	0.777777777778	0.0	0.0
-ut'	0.292637147001	0.635696612917	0.0394164320451	0.0322498080369
-e̱c	0.581563380841	0.245980388265	0.0925800944857	0.0798761364087
--ib	0.0556551961739	0.664604612516	0.216439688716	0.063300502594
-e̱k	0.352045386683	0.132128993729	0.487458942968	0.0283666766199
-fán	0.0379981464319	0.939759036145	0.0222428174235	0.0
-e̱l	0.179487179487	0.641025641026	0.153846153846	0.025641025641
-e̱n	0.113005038679	0.101110916833	0.158153224962	0.627730819526
-e̱p	0.0982285031847	0.672571656051	0.112858280255	0.11634156051
-e̱s	0.0473406799115	0.867944419194	0.00373742209827	0.0809774787961
-ro'	0.0071371927042	0.0499603489294	0.931403647898	0.0114988104679
-e̱u	0.124875034082	0.59638280469	0.210760701627	0.0679814596019
-e̱t	0.123635343099	0.552036056278	0.160834160771	0.163494439853
-e̱x	0.216633747178	0.731306433409	0.0053611738149	0.0466986455982
-ixi	0.0	1.0	0.0	0.0
-ik'	0.318952585029	0.534514871426	0.0347634923588	0.111769051186
-gla	0.0	1.0	0.0	0.0
-vos	0.0231108802908	0.970656972215	0.0	0.00623214749416
-tob	0.0	1.0	0.0	0.0
-toc	0.405811183551	0.477369608827	0.0660418756269	0.050777331996
-qal	0.238741912747	0.184469109161	0.305755222748	0.271033755345
-gli	0.0	1.0	0.0	0.0
-tol	0.0754719084345	0.827849616234	0.0558914577345	0.0407870175969
-tom	0.347826086957	0.565217391304	0.0	0.086956521739
-toj	0.15273647894	0.0578282017639	0.0249962047748	0.764439114521
-tok	0.507231455606	0.387181121407	0.0732297233253	0.0323576996617
-toi	0.151515151515	0.848484848485	0.0	0.0
-tow	0.0	1.0	0.0	0.0
-ca̱	0.0141238188116	0.0753942899419	0.705518377778	0.204963513468
-qan	0.480142264375	0.205690574985	0.243034973325	0.0711321873148
-tor	0.168167751347	0.810238724161	0.0157043814488	0.00588914304329
-tos	0.0726643598616	0.927335640138	0.0	0.0
-toq	0.449832372268	0.347780608824	0.066461043315	0.135925975593
-180	0.0	0.266666666667	0.333333333333	0.4
-no'	0.412173162551	0.36009493733	0.193209234813	0.0345226653067
-rot	0.0	0.985974754558	0.00561009817672	0.00841514726508
-xyi	0.0568345323741	0.689568345324	0.0491007194244	0.204496402878
-iel	0.014184861249	0.970034480611	0.00718108600733	0.00859957213225
-ror	0.0	1.0	0.0	0.0
-ros	0.0774556469061	0.827347468628	0.0649069666811	0.0302899177845
-clo	0.0	1.0	0.0	0.0
-rox	0.00845465921924	0.00827152580655	0.832188749504	0.15108506547
-xye	0.826893051664	0.0429721365071	0.00436765810142	0.125767153728
-roz	0.0	0.571428571429	0.0	0.428571428571
-187	0.0	0.25	0.0	0.75
-rod	0.0	0.98275862069	0.0	0.0172413793104
-roe	0.0	1.0	0.0	0.0
-roa	0.0	1.0	0.0	0.0
-rob	0.0	1.0	0.0	0.0
-roc	0.307692307692	0.641025641026	0.0	0.0512820512821
-rol	0.15186530208	0.706173654671	0.112248266755	0.0297127764939
-rom	0.00693641618497	0.993063583815	0.0	0.0
-ron	0.08	0.88	0.04	0.0
-aol	0.0	1.0	0.0	0.0
-xyu	0.14472361809	0.615075376884	0.240201005025	0.0
-rok	0.102356234462	0.759754132056	0.0308117948752	0.107077838607
-vsa	0.0	1.0	0.0	0.0
-iká	0.0	1.0	0.0	0.0
-saq	0.215131294327	0.116401630855	0.622845081871	0.045621992947
-noé	0.00150075037518	0.99699849925	0.00150075037519	0.0
-la'	0.197001605964	0.675803268818	0.112602413665	0.0145927115529
-ikó	0.00728862973761	0.992711370262	0.0	0.0
-ixl	0.0	1.0	0.0	0.0
-950	0.0	0.0	0.0	1.0
-imo	0.00886158208779	0.836946889585	0.120517516394	0.0336740119336
-eán	0.0	0.35	0.65	0.0
-276	0.0	0.367231638418	0.0	0.632768361582
-277	0.3	0.45	0.0	0.25
-273	0.296296296296	0.234567901234	0.0	0.469135802469
-uir	0.0	1.0	0.0	0.0
-uén	0.0	1.0	0.0	0.0
-pku	0.0	1.0	0.0	0.0
-tew	0.0	1.0	0.0	0.0
-sac	0.0140186915888	0.985981308411	0.0	0.0
-rab	0.0345996555867	0.927507978446	0.00855419557168	0.0293381703953
-qas	0.0141531687372	0.749488913351	0.00849190124233	0.227866016669
-tex	0.313287739433	0.503288525535	0.052826035689	0.130597699342
-lej	0.0937247894578	0.725997091151	0.116159330387	0.0641187890038
-lek	0.199109667727	0.655578936904	0.0705002872039	0.0748111081654
-lel	0.253914354268	0.553612410827	0.157519215185	0.03495401972
-lem	0.0747621084144	0.874986635304	0.0424997327061	0.00775152357533
-len	0.176682339575	0.251080695757	0.0345145157294	0.537722448938
-mub	0.493258426966	0.291011235955	0.0629213483145	0.152808988764
-mum	0.428571428571	0.571428571429	0.0	0.0
-lea	0.00927056482612	0.968434857324	0.0145615701171	0.00773300773301
-leb	0.184729037311	0.33442806107	0.150238725662	0.330604175957
-lec	0.0794670108604	0.824729554444	0.0531625996	0.0426408350958
-led	0.0	1.0	0.0	0.0
-muk	0.620242951785	0.286962648152	0.0555675503687	0.0372268496949
-leg	0.0	1.0	0.0	0.0
-lex	0.251417822074	0.209386259494	0.0808194222368	0.458376496196
-mut	0.0	1.0	0.0	0.0
-esé	0.0087145969499	0.99128540305	0.0	0.0
-muq	0.791227807451	0.14787267675	0.0189687016423	0.0419308141567
-fsa	0.0	1.0	0.0	0.0
-mus	0.258064516129	0.741935483871	0.0	0.0
-saj	0.0588235294117	0.764705882353	0.0588235294118	0.117647058823
-lep	0.0327311751028	0.812198175639	0.152924342694	0.00214630656413
-leq	0.249001331558	0.334664891256	0.357745228584	0.0585885486019
-esá	0.0	1.0	0.0	0.0
-les	0.131428571429	0.842857142857	0.00857142857143	0.0171428571429
-let	0.0	1.0	0.0	0.0
-mux	0.607346237715	0.20145136274	0.137916484917	0.0532859146272
-itá	0.140782122905	0.813407821229	0.0256983240223	0.0201117318436
-'yo	0.463799943171	0.349764642911	0.15348321883	0.0329521950876
-spá	0.0	1.0	0.0	0.0
-pe'	0.462980962671	0.364548343784	0.0436714783655	0.128799215179
-jap	0.741911133985	0.16149245752	0.0351554177788	0.061440990716
-wmá	0.0	1.0	0.0	0.0
-spé	0.0	1.0	0.0	0.0
-jaq	0.419963702359	0.321778584392	0.175136116152	0.0831215970962
-'ya	0.583956822586	0.124544730632	0.0380771845961	0.253421262185
-ole	0.572368421053	0.388157894737	0.0394736842105	0.0
-udá	0.0055046048756	0.990777372533	0.00072429011521	0.0029937324762
-478	0.0	0.0	0.0	1.0
-470	0.594059405941	0.29702970297	0.0594059405941	0.0495049504951
-udí	0.0	1.0	0.0	0.0
-655	0.0	0.285714285714	0.0	0.714285714286
-120	0.0	0.021582733813	0.0	0.978417266187
-lah	0.0	1.0	0.0	0.0
-650	0.0	0.0	0.0	1.0
-123	0.0	0.0	0.0	1.0
-128	0.0	0.0	0.0	1.0
-le'	0.488739511815	0.271001442644	0.0693590726338	0.170899972908
-bo'	0.2	0.64	0.0800000000001	0.08
-eek	0.528237884919	0.186078415784	0.0387139584068	0.24696974089
-peb	0.584331435303	0.331631651286	0.0589043785588	0.0251325348518
-pec	0.0743740596421	0.90178547316	0.0136732254495	0.0101672417486
-jki	0.258064516129	0.532258064516	0.145161290323	0.0645161290322
-jad	0.0	0.971428571429	0.0285714285714	0.0
-pej	0.846017699115	0.132743362832	0.0159292035398	0.00530973451327
-pek	0.0691445215654	0.895151954073	0.0237882528321	0.0119152715297
-lsa	0.0	1.0	0.0	0.0
-ogo	0.0	1.0	0.0	0.0
-oga	0.0	1.0	0.0	0.0
-mmi	0.0	0.909090909091	0.0909090909091	0.0
-pex	0.109689213894	0.144424131627	0.745886654479	0.0
-lso	0.25	0.25	0.5	0.0
-tit	0.0	1.0	0.0	0.0
-leá	0.0	1.0	0.0	0.0
-itr	0.0	1.0	0.0	0.0
-rid	0.0	1.0	0.0	0.0
-esu	0.185166749627	0.761075161772	0.0358387257342	0.0179193628671
-itq	0.0251572327044	0.522012578616	0.0251572327044	0.427672955975
-ito	0.0359415305245	0.910060189166	0.0304385210662	0.0235597592433
-esi	0.59763451099	0.226312769816	0.0941737909123	0.0818789282812
-rie	0.0	1.0	0.0	0.0
-eso	0.0138217000691	0.974775397374	0.0057014512785	0.00570145127851
-itk	0.0956175298805	0.175298804781	0.0717131474103	0.657370517928
-725	0.0	0.4	0.0	0.6
-tet	0.0	1.0	0.0	0.0
-esa	0.016129032258	0.983870967742	0.0	0.0
-ite	0.0737956001113	0.785853522696	0.139236981342	0.00111389585074
-xna	0.345911949685	0.25786163522	0.396226415094	0.0
-ita	0.00608210846426	0.977192093259	0.00810947795237	0.00861632032438
-spa	0.0	1.0	0.0	0.0
-jam	0.0	1.0	0.0	0.0
-spe	0.0425531914893	0.901853122855	0.0473575840768	0.00823610157858
-fad	0.0	1.0	0.0	0.0
-faj	0.0	1.0	0.0	0.0
-fak	0.0	1.0	0.0	0.0
-fai	0.0	1.0	0.0	0.0
-fal	0.0	1.0	0.0	0.0
-spo	0.0	1.0	0.0	0.0
-far	0.104206869934	0.859706676959	0.0283674257043	0.00771902740256
-fas	0.0109546165884	0.965571205008	0.0109546165884	0.0125195618153
-uda	0.0583468395462	0.893030794165	0.0291734197731	0.0194489465154
-fat	0.00732004880033	0.991866612444	0.0	0.000813338755591
-eji	0.822033898305	0.127118644068	0.0254237288136	0.0254237288136
-faz	0.06	0.94	0.0	0.0
-n'i	0.0	0.666666666667	0.333333333333	0.0
-fay	0.0	1.0	0.0	0.0
-'ke	0.0	1.0	0.0	0.0
-set	0.309513108614	0.630262172285	0.0197752808989	0.0404494382022
-tis	0.272727272727	0.727272727273	0.0	0.0
-'kl	0.818181818182	0.181818181818	0.0	0.0
-'ko	0.496644295302	0.246085011186	0.10067114094	0.156599552573
-jir	0.0	1.0	0.0	0.0
-it'	0.461538461539	0.538461538461	0.0	0.0
-oco	0.0545785343571	0.0351503084185	0.0177105939486	0.892560563276
-812	0.0	0.0	0.0	1.0
-ael	0.00797391269456	0.981329970094	0.0041491665627	0.00654695064919
-los	0.0346404938491	0.944486388062	0.00532930674602	0.0155438113425
-lsá	0.0	1.0	0.0	0.0
-a'n	1.0	0.0	0.0	0.0
-tna	0.0	1.0	0.0	0.0
-tni	0.0	1.0	0.0	0.0
-riq	0.0	0.5	0.5	0.0
-bdí	0.0	1.0	0.0	0.0
-ewr	0.0	1.0	0.0	0.0
-̱xk	0.25	0.5	0.25	0.0
-eas	0.0386007237635	0.950542822678	0.00241254523522	0.00844390832328
-eat	0.0	1.0	0.0	0.0
-rbá	0.0133333333333	0.92	0.0266666666667	0.04
-a'i	0.646603268607	0.277376003644	0.036729115654	0.039291612095
-qmu	0.384830997527	0.254575432811	0.202555647156	0.158037922506
-osá	0.0	1.0	0.0	0.0
-jiq	0.747967479675	0.20325203252	0.0	0.0487804878049
-eab	0.0	1.0	0.0	0.0
-ten	0.505716207129	0.401479488904	0.0806993947546	0.0121049092132
-rna	0.13673146684	0.838154590271	0.025113942889	0.0
-rno	0.0398671096347	0.863787375415	0.0963455149502	0.0
-eah	0.0	1.0	0.0	0.0
-sán	0.0016802016242	0.9652758331	0.0330439652759	0.0
-eam	0.0183486238532	0.981651376147	0.0	0.0
-eal	0.0	0.928571428571	0.0	0.0714285714285
-uri	0.0233463035019	0.88326848249	0.0700389105058	0.0233463035019
-uro	0.0338983050847	0.203389830508	0.762711864407	0.0
-ura	0.0280262373286	0.246273106738	0.718545020871	0.00715563506261
-klí	0.0	1.0	0.0	0.0
-ihú	0.0434782608696	0.913043478261	0.0289855072464	0.0144927536232
-suk	0.284033347404	0.673860278599	0.0177289995779	0.0243773744196
-hún	0.0	1.0	0.0	0.0
-klá	0.0	1.0	0.0	0.0
-zni	0.0	1.0	0.0	0.0
-eeb	0.0	1.0	0.0	0.0
-tná	0.0	1.0	0.0	0.0
-pjo	0.731101511879	0.0782937365011	0.0334773218143	0.157127429806
-ryo	0.195652173913	0.630434782609	0.173913043478	0.0
-t'u	0.333631805158	0.203438395415	0.426396848138	0.0365329512894
-tní	0.0	1.0	0.0	0.0
-ari	0.0	0.97489539749	0.0251046025105	0.0
-wmí	0.0	1.0	0.0	0.0
-t'o	0.437834252659	0.38585665231	0.121653275571	0.0546558194595
-t'i	0.216111541441	0.723470178156	0.0371804802479	0.0232378001549
-krú	0.0	1.0	0.0	0.0
-zín	0.0	0.978362133734	0.021637866266	0.0
-ewk	0.0739514348786	0.666114790287	0.0925312729948	0.16740250184
-zía	0.0	1.0	0.0	0.0
-rní	0.0	1.0	0.0	0.0
-rné	0.0	1.0	0.0	0.0
-̱na	0.525918738211	0.296251730912	0.100207499081	0.0776220317959
-̱nb	1.0	0.0	0.0	0.0
-̱nc	0.471262838467	0.385489629018	0.067018276735	0.0762292557806
-urí	0.0	1.0	0.0	0.0
-urá	0.0	1.0	0.0	0.0
-̱nk	0.255828226281	0.406241794507	0.0550075763929	0.28292240282
-iho	0.292263610315	0.375358166189	0.223495702006	0.10888252149
-̱ns	0.22119944212	0.676708507671	0.0619246861924	0.0401673640168
-̱nt	0.173676429627	0.422642641356	0.0431941379384	0.360486791079
-̱nu	0.529284239057	0.146459738674	0.0368294848059	0.287426537464
-̱nx	0.0	1.0	0.0	0.0
-kle	0.448275862069	0.386206896552	0.0448275862069	0.120689655172
-kla	0.684975811751	0.149454316747	0.0322397627624	0.13333010874
-nyi	0.0	1.0	0.0	0.0
-ahí	0.0	1.0	0.0	0.0
-xko	0.142857142857	0.857142857143	0.0	0.0
-lón	0.0118457268282	0.969921144622	0.00743261291184	0.0108005156375
-ahá	0.0	1.0	0.0	0.0
-iva	0.159722222222	0.527777777778	0.3125	0.0
-265	0.0	0.368421052631	0.0	0.631578947369
-260	0.062015503876	0.144702842377	0.031007751938	0.762273901809
-kín	0.0265486725664	0.969911504425	0.00353982300885	0.0
-kím	0.25	0.75	0.0	0.0
-372	0.0	0.2	0.0	0.8
-edó	0.0	1.0	0.0	0.0
-kía	0.0111336032389	0.972672064777	0.0	0.0161943319838
-ají	0.0	1.0	0.0	0.0
-ojí	0.0	1.0	0.0	0.0
-mrá	0.0	1.0	0.0	0.0
-boj	0.578947368421	0.421052631579	0.0	0.0
-lmá	0.25	0.666666666667	0.0	0.0833333333333
-ldá	0.0	0.818181818182	0.181818181818	0.0
-000	0.115346809407	0.337046720473	0.0651559020789	0.482450568041
-mrí	0.017094017094	0.982905982906	0.0	0.0
-005	0.0	1.0	0.0	0.0
-kón	0.0449438202247	0.887640449438	0.0674157303371	0.0
-kós	0.0	1.0	0.0	0.0
-ojá	0.0	1.0	0.0	0.0
-frá	0.05	0.933333333333	0.0166666666667	0.0
-1'2	0.0	0.333333333333	0.0	0.666666666667
-392	0.0	0.25	0.0	0.75
-390	0.0	0.545454545455	0.0	0.454545454545
-hjo	0.822299651568	0.11149825784	0.0313588850174	0.0348432055749
-vía	0.0	1.0	0.0	0.0
-kb'	0.19696969697	0.80303030303	0.0	0.0
-tia	0.0	1.0	0.0	0.0
-jes	0.0133451957295	0.98665480427	0.0	0.0
-468	0.0	0.0	0.0	1.0
-tem	0.108695652174	0.630434782609	0.0	0.260869565217
-ría	0.0133186318927	0.908232442877	0.0307311055556	0.0477178196745
-zko	0.063069376314	0.103013314646	0.774351786966	0.0595655220743
-rín	0.0127388535032	0.936305732484	0.0509554140127	0.0
-río	0.0	1.0	0.0	0.0
-137	0.0	0.24	0.0	0.76
-'la	0.444041715388	0.369284522622	0.0568240621809	0.12984969981
-gía	0.0	1.0	0.0	0.0
-642	0.0	0.0	0.0	1.0
-133	0.0	0.0	0.0	1.0
-'le	0.497180762852	0.409950248756	0.0199004975125	0.0729684908789
-130	0.0466926070039	0.696498054474	0.0311284046693	0.225680933852
-'li	0.229074889868	0.198237885463	0.220264317181	0.352422907489
-lkí	0.0	1.0	0.0	0.0
-yu'	0.40451799317	0.390596270029	0.16548463357	0.0394011032308
-'lo	0.180403760798	0.470815634993	0.186417219491	0.162363384718
-'lu	0.206896551724	0.379310344827	0.413793103449	0.0
-480	0.0	1.0	0.0	0.0
-ajl	0.425517053846	0.400558775386	0.0414282896035	0.132495881164
-buz	0.0	1.0	0.0	0.0
-ajn	0.0478158205431	0.0684769775679	0.874852420307	0.00885478158205
-ajo	0.290476190476	0.544322344322	0.0648351648352	0.100366300366
-aji	0.606880793063	0.249120876198	0.0601425009052	0.0838558298336
-ajk	0.534618049803	0.217201163584	0.140868127738	0.107312658875
-aje	0.0164187983343	0.968590124926	0.0107079119572	0.00428316478286
-cru	0.0	1.0	0.0	0.0
-aja	0.0	1.0	0.0	0.0
-ajb	0.0337268128162	0.920741989882	0.0455311973018	0.0
-nós	0.0122448979592	0.987755102041	0.0	0.0
-nón	0.0105263157895	0.968421052632	0.0187134502924	0.00233918128654
-cri	0.0	1.0	0.0	0.0
-ajt	0.0608750957258	0.32974659173	0.190910703546	0.418467608998
-aju	0.0101328280629	0.0995052796369	0.0776269235877	0.812734968712
-iún	0.0	1.0	0.0	0.0
-ajq	0.514737161957	0.3193558189	0.0595563658462	0.106350653297
-mra	0.0	1.0	0.0	0.0
-yuk	0.237310849294	0.589173041488	0.0552794684237	0.118236640795
-yum	0.126835301054	0.631710916961	0.166002334857	0.0754514471278
-yul	0.558001154385	0.366239163988	0.0416015479194	0.0341581337083
-oju	0.0	1.0	0.0	0.0
-mri	0.021645021645	0.969696969697	0.0	0.00865800865801
-yuc	0.266909883843	0.560741393047	0.135027466767	0.0373212563425
-yub	0.620967741935	0.379032258065	0.0	0.0
-lde	0.4	0.6	0.0	0.0
-mro	0.579554822753	0.192910140148	0.128606760099	0.0989282769992
-308	0.0	1.0	0.0	0.0
-fre	0.0469798657718	0.944071588367	0.0089485458613	0.0
-sga	0.0	1.0	0.0	0.0
-fra	0.027027027027	0.959459459459	0.0135135135135	0.0
-bus	0.0	1.0	0.0	0.0
-yuq	0.431061537809	0.299376563892	0.119937232283	0.149624666016
-yus	0.133333333333	0.6	0.0	0.266666666667
-736	0.0	0.130434782609	0.0	0.869565217391
-fás	0.0175817396669	0.975015422579	0.00740283775447	0.0
-tim	0.0	1.0	0.0	0.0
-nín	0.0	1.0	0.0	0.0
-nís	0.0	1.0	0.0	0.0
-roq	0.0484654880481	0.727681539927	0.0287571035873	0.195095868437
-íta	0.0	0.975151849807	0.0248481501932	0.0
-usi	0.632615666514	0.327530920751	0.0233623453963	0.0164910673385
-wi'	0.0856595280133	0.0261838650669	0.0418509311669	0.846305675753
-usa	0.0411899313501	0.945080091533	0.0137299771167	0.0
-món	0.00770197691692	0.985601645526	0.00354245229117	0.00315392526568
-mós	0.0212514757969	0.964580873672	0.0141676505313	0.0
-eru	0.0499419100347	0.0414359816517	0.0105014289158	0.898120679398
-sq'	0.0287941880039	0.766191193408	0.184991583237	0.0200230353504
-bés	0.0	0.974522292994	0.0254777070064	0.0
-648	0.0	0.2	0.0	0.8
-bén	0.00813473531981	0.99186526468	0.0	0.0
-ue'	0.434249349745	0.371951385573	0.0578429631979	0.135956301484
-ksá	0.147058823529	0.852941176471	0.0	0.0
-win	0.4375	0.25	0.3125	0.0
-wil	0.61173999035	0.160292944397	0.0949668693837	0.13300019587
-xiu	0.272953721714	0.4289032872	0.221665570467	0.0764774206189
-xiw	0.218760620823	0.46233148295	0.232355273592	0.0865526226351
-xik	0.690673605377	0.166445996776	0.01795210027	0.124928297577
-xil	0.234725725659	0.324519169272	0.148662269818	0.292092835251
-139	0.0	0.333333333333	0.0	0.666666666667
-xin	0.422707423581	0.331004366812	0.197816593887	0.0484716157205
-wix	0.110414521464	0.072033241906	0.00803710554851	0.809515131081
-le̱	0.0273487311797	0.0862419562013	0.00981944107063	0.876589871548
-xib	0.0190113119801	0.0337812551458	0.0719535744759	0.875253858398
-xic	0.665916729043	0.14210920554	0.0209138951188	0.171060170298
-iud	0.0	1.0	0.0	0.0
-jén	0.0	1.0	0.0	0.0
-uex	0.307243945173	0.142397342781	0.0646381766074	0.485720535438
-uet	0.451219512195	0.40243902439	0.146341463415	0.0
-uev	0.0	0.834951456311	0.126213592233	0.0388349514563
-axt	0.232987312572	0.753171856978	0.0138408304498	0.0
-uer	0.0	1.0	0.0	0.0
-uem	0.0385861280488	0.932259908537	0.0200076219512	0.00914634146342
-uel	0.0305203113338	0.913077087109	0.0535771404201	0.00282546113658
-ueo	0.0541455160744	0.928934010152	0.00338409475465	0.0135363790186
-uen	0.289579634399	0.499076531761	0.0467271356766	0.164616698163
-ené	0.0	1.0	0.0	0.0
-uek	0.857142857143	0.0	0.0	0.142857142857
-uej	0.0	0.971724787936	0.0282752120641	0.0
-ued	0.0	1.0	0.0	0.0
-ená	0.0	1.0	0.0	0.0
-uec	0.542669584245	0.417943107221	0.0131291028446	0.0262582056893
-ueb	0.296745349667	0.190659799446	0.0516244474293	0.460970403457
-̱oc	0.628410489139	0.111509142391	0.0394926917468	0.220587676723
-iil	0.134621148525	0.758735203254	0.082945059727	0.0236985884934
-iin	0.041081703107	0.948216340621	0.00932105868815	0.00138089758343
-iik	0.544698278614	0.212750766538	0.117475991679	0.125074963169
-kmu	0.238288178093	0.423582655495	0.210384685952	0.12774448046
-tsu	0.198718363648	0.580555375752	0.0360325371653	0.184693723434
-lab	0.0	1.0	0.0	0.0
-iiy	0.0124923915249	0.843453812933	0.129010753312	0.0150430422307
-iix	0.0706638115632	0.134903640257	0.717344753747	0.0770877944326
-iit	0.0	1.0	0.0	0.0
-iiw	0.044931467946	0.895126175793	0.0269521343009	0.0329902219604
-iiq	0.569367699379	0.26317718933	0.0502944482064	0.117160663085
-iip	0.28	0.48	0.24	0.0
-iis	0.0	0.952380952381	0.047619047619	0.0
-iir	0.0619578686493	0.933395291202	0.00464684014869	0.0
-aín	0.00782185140853	0.986489529385	0.00213323220232	0.00355538700387
-ach	0.489762114673	0.322536596117	0.0774796010889	0.110221688122
-tal	0.376957941815	0.33962786564	0.0297247880469	0.253689404498
-tam	0.123222530616	0.397061338314	0.0264071769642	0.453308954105
-tan	0.0426958002654	0.832568092428	0.02232036413	0.102415743177
-tai	0.0361445783133	0.951807228916	0.0	0.0120481927711
-taj	0.0	1.0	0.0	0.0
-tak	0.171750520347	0.512273020886	0.262506280055	0.0534701787124
-ksi	0.605822306238	0.268052930057	0.0482419659736	0.0778827977316
-qil	0.136567069275	0.729277225333	0.0251410895226	0.10901461587
-qin	0.435105381496	0.214931228265	0.0912328186368	0.258730571603
-qik	0.483368449042	0.303784114983	0.101821103529	0.111026332446
-tac	0.0670717272943	0.614824166864	0.302848575712	0.0152555301297
-qiq	0.111977321049	0.30616583983	0.566265060241	0.0155917788802
-tay	0.0333333333333	0.955555555556	0.0	0.0111111111111
-tat	0.0915335195255	0.726781079454	0.0345409507643	0.147144450256
-tau	0.611160011855	0.171001899874	0.0446413874475	0.173196700823
-taw	0.670623428592	0.137351318132	0.0444608035701	0.147564449706
-taq	0.372562984065	0.257989851331	0.159886050031	0.209561114573
-tar	0.0617299071602	0.929451534674	0.00881855816573	0.0
-tas	0.0684339997906	0.90958337695	0.0109913116299	0.0109913116299
-̱yu	0.6875	0.0	0.1875	0.125
-ent	0.394413750767	0.549022187144	0.0177584846093	0.0388055774796
-cus	0.0	1.0	0.0	0.0
-enq	0.520618556701	0.351804123711	0.0657216494845	0.0618556701031
-ens	0.137524557957	0.792730844794	0.0618860510806	0.00785854616895
-̱ye	0.756286698238	0.0995252227495	0.0147881290041	0.129399950008
-eno	0.0620155038759	0.906976744186	0.031007751938	0.0
-eni	0.57297561394	0.275816907296	0.0474354519098	0.103772026855
-̱yc	0.282208588957	0.533742331288	0.184049079755	0.0
-enk	0.269640106793	0.574531472266	0.10678194806	0.0490464728805
-ene	0.00394477317554	0.987289064212	0.00613631382863	0.0026298487837
-rmi	0.0	1.0	0.0	0.0
-̱yi	0.454545454545	0.0	0.0	0.545454545455
-ena	0.110421309562	0.853762071527	0.0119388729704	0.0238777459408
-̱yk	0.475296641416	0.242340953275	0.152845746464	0.129516658846
-hex	0.47581068895	0.354271396789	0.0423528253793	0.127565088882
-het	0.0	1.0	0.0	0.0
-her	0.018018018018	0.945945945946	0.0360360360361	0.0
-hes	0.0	1.0	0.0	0.0
-hel	0.29805352798	0.643795620438	0.0255474452555	0.0326034063261
-hem	0.0724637681159	0.913043478261	0.0144927536232	0.0
-hen	0.230769230769	0.461538461538	0.307692307692	0.0
-815	0.0	0.166666666667	0.0	0.833333333333
-hej	0.142280071813	0.732271095153	0.0635098743268	0.0619389587074
-hek	0.0930232558139	0.906976744186	0.0	0.0
-818	0.0	0.0	0.0	1.0
-ajc	0.455882352941	0.132352941177	0.294117647059	0.117647058824
-heb	0.195783294361	0.125118441395	0.035667175518	0.643431088726
-biú	0.0	1.0	0.0	0.0
-ioc	0.2	0.75	0.0499999999999	0.0
-nso	0.0144789483711	0.980186702229	0.00457229948561	0.000762049914268
-nsi	0.382608695652	0.460869565217	0.113043478261	0.0434782608696
-biá	0.0	1.0	0.0	0.0
-put	0.0783434033727	0.0272792857787	0.0108440797186	0.88353323113
-zub	0.638081395349	0.11773255814	0.200581395349	0.0436046511628
-puq	1.0	0.0	0.0	0.0
-pur	0.188950276243	0.811049723757	0.0	0.0
-nak	0.173243567003	0.0398893257623	0.0283608289146	0.75850627832
-250	0.343612334802	0.308370044053	0.0220264317181	0.325991189427
-254	0.0	0.217391304348	0.0	0.782608695652
--ut	0.45871559633	0.48623853211	0.0550458715596	0.0
-paw	0.0	1.0	0.0	0.0
-pub	0.419237749546	0.390199637024	0.010889292196	0.179673321234
-puc	0.0	0.333333333333	0.666666666667	0.0
-pul	0.0508474576271	0.796610169492	0.152542372881	0.0
-zuf	0.0	1.0	0.0	0.0
-pun	0.315789473684	0.684210526316	0.0	0.0
-he'	0.389333424412	0.496159290968	0.0315787659285	0.0829285186922
--ux	0.368561617703	0.391072109882	0.151087371232	0.0892789011828
-puj	0.0	1.0	0.0	0.0
-puk	0.853658536585	0.146341463415	0.0	0.0
-eña	0.0	0.948717948718	0.0	0.051282051282
-928	0.0	1.0	0.0	0.0
-kik	0.243164945058	0.428634171474	0.261138373439	0.0670625100298
-nmu	0.0	1.0	0.0	0.0
-zuk	0.0588235294117	0.691176470588	0.25	0.0
-dea	0.00121344050832	0.992167793083	0.00330938320451	0.00330938320451
-deb	0.137184115523	0.841155234657	0.0	0.0216606498195
-dec	0.0968965674848	0.836372777549	0.0370218017277	0.0297088532382
-okx	0.552412645591	0.349417637271	0.0881863560732	0.00998336106488
-fis	0.0	0.980582524272	0.0194174757282	0.0
-msi	0.614172473998	0.271028959516	0.0421284401566	0.07267012633
-dek	0.0117724002616	0.959450621321	0.0287769784172	0.0
-del	0.0	1.0	0.0	0.0
-oks	0.00656455142233	0.980306345733	0.0	0.0131291028446
-deo	0.0143821219161	0.964708485452	0.00929306339197	0.01161632924
-oko	0.0708171675583	0.0243511465489	0.0113227177161	0.893508968177
-des	0.0272996286554	0.91659252669	0.0377146835835	0.0183931610707
-oki	0.767321613237	0.207859358842	0.0248190279214	0.0
-zul	0.0	0.253112033195	0.746887966805	0.0
-msu	0.284904940894	0.406112109822	0.258321076429	0.050661872855
-ior	0.0	1.0	0.0	0.0
-ldo	0.027027027027	0.945945945946	0.027027027027	0.0
-840	0.0	1.0	0.0	0.0
-jún	0.137931034483	0.862068965517	0.0	0.0
-okc	0.538461538462	0.307692307692	0.0769230769231	0.0769230769231
-mre	0.0	1.0	0.0	0.0
-zur	0.0	1.0	0.0	0.0
-bit	0.0	1.0	0.0	0.0
-bir	0.230139624458	0.684159845932	0.0616273471353	0.0240731824747
-bis	0.672022160665	0.258725761773	0.0249307479224	0.0443213296399
-ji'	0.136971676267	0.0585301551054	0.0137092351213	0.790788933506
-nsó	0.0	1.0	0.0	0.0
-me'	0.576798229083	0.167450161725	0.0407791428362	0.214972466356
-bib	0.0	0.906976744186	0.046511627907	0.046511627907
-bic	0.5	0.5	0.0	0.0
-bia	0.0514726908779	0.928510151558	0.0200171575636	0.0
-bin	0.432650699738	0.469102486992	0.0496932837423	0.048553529528
-bil	0.36026913346	0.256482785621	0.213043136645	0.170204944274
-bim	0.0	1.0	0.0	0.0
-lda	0.020979020979	0.755244755245	0.216783216783	0.00699300699301
-100	0.0423947936014	0.285866431116	0.19932282325	0.472415952033
-rún	0.0	1.0	0.0	0.0
-ifa	0.0	1.0	0.0	0.0
-108	0.0909090909093	0.363636363636	0.181818181818	0.363636363636
-zuz	0.0	1.0	0.0	0.0
