fig-	0.0289563643676	0.919163482807	0.0446410617334	0.00723909109191
áku-	0.329329717164	0.540875629601	0.106547849671	0.0232468035645
ǎbó-	0.889370932755	0.110629067245	0.0	0.0
nyu-	0.486420950534	0.284998383446	0.134497251859	0.0940834141611
mfá-	0.200716888445	0.716980789096	0.0279939872309	0.0543083352279
bǎd-	0.706030150754	0.143216080402	0.0603015075377	0.0904522613065
gbó-	0.378132118451	0.273348519362	0.348519362187	0.0
ɛpo-	0.243445692884	0.370786516854	0.116104868914	0.269662921348
ɛyu-	0.312201772325	0.329243353783	0.00749829584186	0.35105657805
ánk-	0.403129921749	0.281620183138	0.100238712521	0.215011182592
ɛwa-	0.171725839322	0.442112858717	0.0533577759792	0.332803525982
bʉr-	0.584990111377	0.316644113667	0.0327885916519	0.0655771833038
ásà-	0.208571428571	0.731428571429	0.06	0.0
tib-	0.0	1.0	0.0	0.0
ábɛ-	0.238028875634	0.572718657673	0.141646691566	0.0476057751268
ɔno-	0.90625	0.0416666666667	0.0416666666666	0.0104166666667
sái-	0.0547200579815	0.894727305671	0.00616053632905	0.0443921000181
bay-	0.318899480457	0.311493222886	0.243496299223	0.126110997434
ŋák-	0.520378587276	0.215361769126	0.238585128462	0.0256745151363
spe-	0.0	1.0	0.0	0.0
krí-	0.0	0.964622641509	0.0353773584905	0.0
paf-	0.0	1.0	0.0	0.0
abr-	0.114623133032	0.567905522751	0.135463702674	0.182007641542
ate-	0.713561847988	0.142374565325	0.00774962742175	0.136313959265
sɛp-	0.284061274266	0.262685829195	0.113329052215	0.339923844324
bhɔ-	0.127286660777	0.0289867678457	0.0141736643251	0.829552907053
pat-	0.0	1.0	0.0	0.0
jem-	0.0	0.9990266061	0.000973393900064	0.0
ɛmɛ-	0.0946460763972	0.881245960747	0.0160719752373	0.00803598761864
nók-	0.62311051394	0.180897995745	0.101757921845	0.0942335684694
ɛsy-	0.190909090909	0.781818181818	0.0272727272727	0.0
ádá-	0.06	0.92	0.02	0.0
tɔm-	0.0	0.982698961938	0.0	0.0173010380623
hɛr-	0.0170891483908	0.743093135859	0.0546852748505	0.1851324409
jam-	0.221518987342	0.70253164557	0.0759493670886	0.0
bǒ--	0.316502291985	0.431900263925	0.132483678289	0.119113765801
kór-	0.0384615384614	0.833333333333	0.0	0.128205128205
júl-	0.168224299065	0.803738317757	0.0	0.0280373831776
káp-	0.0	0.966666666667	0.0	0.0333333333333
ifa-	0.0930232558139	0.854651162791	0.0	0.0523255813953
sɛn-	0.323594402106	0.417491210925	0.193303650552	0.0656107364174
amɔ-	0.0769971706253	0.187346553827	0.0394731058699	0.696183169678
nkw-	0.0730776790123	0.230333443515	0.0569947966436	0.639594080829
asi-	0.481033091203	0.334947538337	0.0581113801452	0.125907990315
amu-	0.524475524476	0.370629370629	0.041958041958	0.0629370629371
tol-	0.229166666667	0.770833333333	0.0	0.0
ǎkù-	0.574468085106	0.170212765957	0.170212765957	0.0851063829787
mmu-	0.0599051643121	0.372158437355	0.00154778969006	0.566388608643
áko-	0.452991452991	0.145299145299	0.34188034188	0.059829059829
mág-	0.0	1.0	0.0	0.0
mmɔ-	0.0517205503621	0.836414549572	0.0151829667169	0.0966819333486
yɛ́-	0.148505718854	0.0747755503628	0.026933956463	0.74978477432
ɛ́r-	0.35213759556	0.154966552462	0.150110867435	0.342784984544
brɛ-	0.027271817454	0.953400220176	0.0123849079263	0.00694305444356
ǎbɛ-	0.225433526012	0.312138728324	0.410404624277	0.0520231213872
aki-	0.0291262135922	0.970873786408	0.0	0.0
fɛ́-	0.0296813618507	0.963771278917	0.0	0.00654735923177
ɛse-	0.0	1.0	0.0	0.0
apa-	0.112306574646	0.0234725753723	0.0050853614239	0.859135488558
ana-	0.359209774468	0.47159651402	0.0375770807479	0.131616630764
ǎmà-	0.465625	0.365625	0.075	0.09375
fɔt-	0.0	1.0	0.0	0.0
jwi-	0.772233778816	0.148690622061	0.0198045194198	0.0592710797025
tón-	0.260689655172	0.540689655172	0.198620689655	0.0
síd-	0.00177095631641	0.964580873672	0.0	0.0336481700118
gír-	0.109090909091	0.863636363636	0.0272727272727	0.0
mpǒ-	0.374807659809	0.232453682703	0.299348044578	0.0933906129092
nté-	0.433267151997	0.259430840503	0.0330906684315	0.274211339069
ɛnɔ-	0.131570406664	0.467796576655	0.0290222200634	0.371610796618
ǎfu-	0.553459119497	0.25786163522	0.0452830188679	0.143396226415
ken-	0.0	0.966814159292	0.00663716814159	0.0265486725663
adi-	0.869936034115	0.0383795309168	0.00639658848613	0.0852878464819
ami-	0.158438540293	0.377237610703	0.168331134979	0.295992714026
ǎnɔ-	0.575645756458	0.0738007380074	0.0627306273062	0.287822878229
ɔ́m-	0.487553398817	0.243049637865	0.0865527119619	0.182844251356
ajɛ-	0.960960960961	0.012012012012	0.00900900900901	0.018018018018
táŋ-	0.649143866502	0.341060199899	0.0	0.0097959335991
ɔpú-	0.182889898334	0.102098204629	0.0133030499676	0.701708847069
yǎp-	0.044776119403	0.910447761194	0.0	0.044776119403
gid-	0.0645161290323	0.935483870968	0.0	0.0
ɔrɛ-	0.36620644313	0.165680473373	0.0453648915187	0.422748191979
kpi-	0.267893542833	0.488580171417	0.133958761997	0.109567523753
ǎtí-	0.963636363636	0.0	0.0	0.0363636363636
mbǐ-	0.197604572868	0.698973042362	0.049168018989	0.054254365781
ɛfɨ-	0.0252737994945	0.974726200505	0.0	0.0
ákʉ-	0.570118686221	0.0875941479993	0.0291958366892	0.313091329091
ǎrɛ-	0.681022506252	0.126007224229	0.0514031675466	0.141567101973
ntǔ-	0.429657794677	0.285171102662	0.0684410646388	0.216730038023
bɛs-	0.173967171994	0.235171638841	0.0515795704374	0.539281618728
árɛ-	0.6718007451	0.110998117505	0.0141187156905	0.203082421705
ɛlá-	0.00135345978157	0.998646540218	0.0	0.0
ili-	0.135593220339	0.864406779661	0.0	0.0
sat-	0.0630100446741	0.885973829754	0.0352542878727	0.0157618376997
saf-	0.196808510638	0.632978723404	0.0	0.170212765957
kɛj-	0.937234944869	0.0446706248233	0.00169635284139	0.0163980774668
áfu-	0.328054298643	0.278280542986	0.0950226244343	0.298642533937
pɔ̀-	0.235294117647	0.480392156863	0.254901960784	0.0294117647059
ǎtó-	0.763696369637	0.10297029703	0.00792079207921	0.125412541254
áns-	0.56480710519	0.265860923457	0.0790006037351	0.0903313676175
ban-	0.0144833948339	0.963099630996	0.00221402214022	0.0202029520295
ale-	0.0169971671388	0.843484419264	0.126770538244	0.0127478753541
áda-	0.0	1.0	0.0	0.0
áfɔ-	0.211304674771	0.662363704725	0.0601579145256	0.0661737059782
ámɛ-	0.0997919395854	0.834129613932	0.0660784464823	0.0
ɔnd-	0.407140800461	0.399366541895	0.0806219406853	0.112870716959
bɔm-	0.10356628363	0.821437442017	0.0560122550303	0.0189840193223
ápè-	0.26387434555	0.706806282723	0.0293193717277	0.0
afi-	0.0	1.0	0.0	0.0
pɔp-	0.501084598699	0.0368763557484	0.429501084599	0.0325379609544
ɛ́s-	0.289765188027	0.581725566873	0.0932311413524	0.0352781037468
ŋɔ́-	0.348703170029	0.308357348703	0.342939481268	0.0
ámà-	0.493670886076	0.278481012658	0.20253164557	0.0253164556962
fof-	0.162962962963	0.762962962963	0.0740740740741	0.0
nɛ́-	0.251729740227	0.252595725137	0.116943030735	0.378731503901
lus-	0.0	1.0	0.0	0.0
bǎw-	0.498469798658	0.409395973154	0.00708724832215	0.0850469798658
tia-	0.0	1.0	0.0	0.0
ásá-	0.712522045855	0.144620811287	0.0	0.142857142857
áwù-	0.346820809249	0.618497109827	0.0346820809249	0.0
mǔc-	0.176470588235	0.627450980392	0.0	0.196078431373
ang-	0.464057148581	0.343200936431	0.0657018819805	0.127040033008
nat-	0.0	1.0	0.0	0.0
230-	0.056338028169	0.0	0.0	0.943661971831
ɔ̌p-	0.673913043478	0.0186335403726	0.0	0.307453416149
mbi-	0.101240648421	0.322164828051	0.0750295313032	0.501564992225
ásɨ-	0.649032904369	0.191068814056	0.095168374817	0.064729906758
bát-	0.588731944626	0.245323649388	0.0710987272004	0.0948456787857
diy-	0.0375	0.86875	0.0562499999999	0.0375
áyɛ-	0.64921509686	0.258517034068	0.060955243821	0.0313126252505
ábi-	0.0	1.0	0.0	0.0
ɔ̌k-	0.374780829924	0.286236119229	0.177162478083	0.161820572765
nɨ́-	0.121195798546	0.631026124428	0.210072717479	0.0377053595476
ápú-	0.302755564776	0.0578378412559	0.0919809319281	0.54742566204
apá-	0.221818181818	0.324848484849	0.293333333333	0.16
pɔb-	0.0583657587549	0.894941634241	0.023346303502	0.0233463035019
ján-	0.00696055684455	0.925754060325	0.0	0.0672853828306
ɛnc-	0.212427172563	0.24669732153	0.116796996427	0.424078509481
tɨɨ-	0.235446313066	0.333764553687	0.430789133247	0.0
afú-	0.327151455995	0.0678379697413	0.00585651537335	0.59915405889
ɛ̌f-	0.218867924528	0.769811320755	0.011320754717	0.0
ɛ̌t-	0.0664634076925	0.0875083223247	0.00372693610136	0.842301333881
noŋ-	0.682773109244	0.192226890756	0.0	0.125
kós-	0.0	1.0	0.0	0.0
rɔŋ-	0.590888846472	0.103550295858	0.0132022650633	0.292358592607
nti-	0.556618017111	0.24235656769	0.0649534474082	0.136071967791
wáw-	0.0939335702292	0.123799648422	0.0188366787109	0.763430102638
rúb-	0.0	1.0	0.0	0.0
ásó-	0.720257234727	0.279742765273	0.0	0.0
bǎy-	0.499669732969	0.210156682565	0.0986794175644	0.191494166901
ǎko-	0.540307360475	0.331571852251	0.0727959018603	0.0553248854138
ágù-	0.404347826087	0.191304347826	0.313043478261	0.0913043478261
apó-	0.0152499293985	0.977972324202	0.0	0.00677774639932
stɛ-	0.0	1.0	0.0	0.0
njɔ-	0.230271346776	0.680109534479	0.0448095593726	0.0448095593726
ran-	0.115384615385	0.682692307692	0.201923076923	0.0
ráh-	0.0277777777778	0.944444444444	0.0277777777778	0.0
pɛr-	0.158533514277	0.0393483218378	0.0819844145669	0.720133749318
brɔ-	0.0264650283554	0.928166351607	0.0453686200378	0.0
agr-	0.0	0.992753623188	0.0	0.00724637681159
yaŋ-	0.609022817116	0.0495873500243	0.00884249947985	0.33254733338
ɛnǐ-	0.274566473988	0.222543352601	0.234104046243	0.268786127168
áén-	0.0384615384615	0.923076923077	0.0384615384616	0.0
bhɛ-	0.0723883440611	0.0671872903528	0.0184421397403	0.841982225846
awá-	0.230155664892	0.455995701164	0.0164564826787	0.297392151265
kok-	0.543672773754	0.171708564124	0.0715807413719	0.21303792075
bɛd-	0.093600108703	0.799340987839	0.0872545689246	0.0198043345336
ǎfɛ-	0.469678953627	0.362663495838	0.064209274673	0.103448275862
ánó-	0.727789785007	0.230235468092	0.017062905244	0.0249118416562
gbo-	0.432285368803	0.36638452237	0.0925030229746	0.108827085852
asɛ-	0.474884498181	0.120908286641	0.0289000294898	0.375307185688
nɛs-	0.162869071659	0.42644490531	0.179555749604	0.231130273427
neá-	0.0	1.0	0.0	0.0
álf-	0.0740740740741	0.925925925926	0.0	0.0
amɛ-	0.0317011299233	0.0154146866674	0.00823479294026	0.944649390469
ǎwɛ-	0.361940298507	0.261194029851	0.343283582089	0.0335820895523
ɔmɛ-	0.0	0.952755905512	0.0472440944882	0.0
bók-	0.654929577465	0.146126760563	0.0422535211267	0.156690140845
ɛ́ŋ-	0.306658605867	0.377814426757	0.265117333535	0.0504096338412
ákò-	0.594042495047	0.161918425907	0.109790257566	0.13424882148
kay-	0.77389049973	0.112189521801	0.0647607112745	0.0491592671947
foŋ-	0.801271056385	0.0956361601098	0.0510950222977	0.0519977612075
50.-	0.079295154185	0.546255506608	0.185022026432	0.189427312775
gɛn-	0.095717884131	0.904282115869	0.0	0.0
bǒf-	0.41985645933	0.241626794258	0.106459330144	0.232057416268
kak-	0.396506550218	0.537292576419	0.0321397379913	0.0340611353712
mɛt-	0.0442282176028	0.831932773109	0.0574966828837	0.0663423264042
ǎnu-	0.440251572327	0.308176100629	0.232704402516	0.0188679245283
mpɨ-	0.687211093991	0.152542372881	0.123266563944	0.0369799691834
agó-	0.830057957705	0.163798773828	0.0	0.00614326846705
ábù-	0.497217068646	0.43599257885	0.0222634508349	0.0445269016697
anɛ-	0.076990914934	0.0146955883266	0.0141460797016	0.894167417038
ɛ́b-	0.286449019382	0.253659367498	0.0952787765071	0.364612836613
nɔt-	0.153846153846	0.646153846154	0.123076923077	0.0769230769231
bɛr-	0.284845630754	0.386076708204	0.153530218972	0.17554744207
áma-	0.214969778196	0.501406800572	0.073313392564	0.210310028669
áná-	0.44328398809	0.099324455891	0.03825207381	0.419139482209
sau-	0.41095890411	0.041095890411	0.479452054795	0.0684931506849
chw-	0.545351207364	0.240123897805	0.112384530578	0.102140364252
ǎsè-	0.415492957746	0.521126760563	0.0	0.0633802816901
pri-	0.00275482093664	0.986225895317	0.0	0.0110192837466
ɛkɛ-	0.0720134792956	0.79858534876	0.0336850060019	0.0957161659423
kɛk-	0.286660695107	0.152931841632	0.129148457656	0.431259005605
pɔ́-	0.0159914712154	0.977611940298	0.0	0.00639658848615
ɔdɛ-	0.691176470588	0.0294117647059	0.0	0.279411764706
arɨ-	0.698954637368	0.098586446452	0.0810122433722	0.121446672807
bák-	0.448420184519	0.171244691654	0.0573574018648	0.322977721962
ábé-	0.292011932383	0.17301955585	0.449453099105	0.0855154126616
sáy-	0.138100154879	0.783944243676	0.0191017036654	0.0588538977801
mɛ̌-	0.495266094181	0.250856736018	0.0649996946168	0.188877475184
ámó-	0.281018898932	0.709120788825	0.00986031224322	0.0
tɨŋ-	0.230073952342	0.391947411668	0.106820049302	0.271158586689
mfǎ-	0.10791589363	0.809214594929	0.0253555967842	0.0575139146568
deb-	0.00831125030113	0.984100216815	0.00108407612623	0.0065044567574
nse-	0.35899219484	0.220694514707	0.251472501265	0.168840789188
jór-	0.0	1.0	0.0	0.0
ámá-	0.404566210046	0.0639269406392	0.0109589041096	0.520547945206
jáy-	0.0698529411764	0.922794117647	0.00735294117646	0.0
nyw-	0.0528509897728	0.8245788414	0.0195515166079	0.10301865222
ɛ́t-	0.362894798378	0.304614864639	0.0579918608604	0.274498476122
kaú-	0.0	0.969558599696	0.0304414003044	0.0
bǎf-	0.366018051811	0.421814558668	0.126597116399	0.0855702731215
mbɛ-	0.343679139943	0.489080640762	0.122421014826	0.0448192044687
vái-	0.375647668394	0.624352331606	0.0	0.0
ákà-	0.469055588371	0.300584104482	0.051191179366	0.179169127781
ɛyw-	0.470360824742	0.143041237113	0.0386597938144	0.34793814433
gad-	0.0	1.0	0.0	0.0
ngɔ-	0.214478509436	0.498960170418	0.0188225860196	0.267738734126
ɛch-	0.284894493517	0.229677934592	0.0817189261061	0.403708645785
bǎh-	0.592977893368	0.313394018205	0.0624187256176	0.0312093628088
gwɔ-	0.515302491103	0.160854092527	0.219928825623	0.103914590747
pít-	0.0153717022432	0.892348710521	0.00230410954395	0.0899754776914
ɛra-	0.0433996383364	0.0488245931284	0.253164556962	0.654611211573
sɛ̌-	0.484306446169	0.15288558893	0.0354370570368	0.327370907864
mǔb-	0.109772521854	0.820285334324	0.0450879879312	0.0248541558914
áfʉ-	0.318041606362	0.20439162025	0.0860634767481	0.391503296639
awa-	0.110391896669	0.137411417157	0.0254807179769	0.726715968197
ǎsy-	0.977386934673	0.0150753768844	0.00753768844221	0.0
nɛŋ-	0.16762314682	0.748445719751	0.0588235294118	0.0251076040172
ywí-	0.686274509804	0.294117647059	0.0	0.0196078431372
chu-	0.075808074075	0.231847874829	0.667620074899	0.0247239761971
báw-	0.625009901931	0.268286886674	0.0537872906732	0.0529159207212
atú-	0.0808266622287	0.264439562756	0.00711820022108	0.647615574794
mfʉ-	0.613813229572	0.197470817121	0.0350194552529	0.153696498054
pát-	0.0	0.978647686833	0.0	0.0213523131672
ɔtɛ-	0.867924528302	0.0566037735849	0.0	0.0754716981132
tan-	0.0605710989328	0.870204788001	0.0	0.069224113066
njǎ-	0.566037735849	0.0377358490566	0.0754716981132	0.320754716981
chɔ-	0.114621677429	0.0254670568912	0.00388775355214	0.856023512128
átú-	0.252285191956	0.703839122486	0.0438756855576	0.0
afǔ-	0.504727272727	0.242181818182	0.0261818181818	0.226909090909
rɨŋ-	0.830779033121	0.0416766221797	0.0277995850921	0.0997447596076
nɛn-	0.250123609243	0.545722332836	0.0351706733227	0.168983384598
ngu-	0.251102343931	0.195172893943	0.0301694128568	0.523555349269
ɛ̌s-	0.0874476225177	0.826926580434	0.030971032975	0.0546547640736
vai-	0.768500948767	0.231499051233	0.0	0.0
ágú-	0.629576710127	0.0912861423666	0.198567204461	0.0805699430454
ton-	0.288376319156	0.0414824080821	0.175953343131	0.494187929631
jún-	0.0344827586207	0.931034482759	0.0344827586207	0.0
fem-	0.671370536669	0.302971990592	0.0128287363694	0.0128287363695
sɛl-	0.0769230769231	0.923076923077	0.0	0.0
esi-	0.00539568345323	0.990287769784	0.0	0.00431654676261
aya-	0.319265179399	0.111929041212	0.0535920966742	0.515213682715
ɛmp-	0.462857142857	0.4	0.0685714285714	0.0685714285714
ábh-	0.468064420423	0.154059093635	0.0507213688473	0.327155117094
put-	0.0945378151261	0.873949579832	0.031512605042	0.0
ɛwu-	0.182242990654	0.544392523364	0.0420560747664	0.231308411215
aŋɛ-	0.829482071713	0.0669322709163	0.0	0.103585657371
áka-	0.151442307692	0.823317307692	0.0	0.0252403846154
ɛnk-	0.147301969037	0.174089025359	0.228307315712	0.450301689893
ikɔ-	0.101135190918	0.888544891641	0.0	0.0103199174407
ayo-	0.691074291823	0.0475681453768	0.0176376269374	0.243719935863
ɛfé-	0.145582329317	0.673694779116	0.180722891566	0.0
apě-	0.436241610738	0.422818791946	0.120805369128	0.0201342281879
amy-	0.931914893617	0.0212765957447	0.00425531914893	0.0425531914894
ńjɛ-	0.0472440944882	0.858267716535	0.0	0.0944881889764
ɔ́y-	0.511460226274	0.286593586963	0.0833870684096	0.118559118354
áyi-	0.646651270208	0.307159353349	0.0	0.0461893764434
nku-	0.12283407673	0.738185557269	0.0363499937471	0.102630372254
nám-	0.0	0.450381679389	0.549618320611	0.0
ais-	0.0412238325282	0.928824476651	0.00676328502416	0.0231884057971
bet-	0.173211688483	0.55308739918	0.0793335977787	0.194367314558
rɔ̌-	0.128205128205	0.769230769231	0.025641025641	0.0769230769231
rom-	0.092904093991	0.713821748357	0.160123699601	0.0331504580508
ɛsɔ-	0.424835247305	0.280681525028	0.0530804649817	0.241402762686
kro-	0.326923076923	0.634615384615	0.0	0.0384615384615
nóŋ-	0.445736434109	0.360465116279	0.0581395348837	0.135658914729
ghá-	0.705069124424	0.15668202765	0.0	0.138248847926
ákɔ-	0.605445480329	0.246604298451	0.0383475558317	0.109602665389
bɛc-	0.396093970941	0.216078596628	0.149860720117	0.237966712313
mbú-	0.262596177712	0.576569868454	0.0878629932986	0.0729709605361
jɔn-	0.417322834646	0.488188976378	0.0472440944882	0.0472440944882
sal-	0.0307613432453	0.967700589592	0.0	0.00153806716226
nsɨ-	0.520578701874	0.263277729465	0.133212111629	0.0829314570322
mak-	0.488596353646	0.223432505665	0.215390190214	0.0725809504751
bho-	0.104835547435	0.304560044573	0.0252551814338	0.565349226558
nɛr-	0.113079532605	0.717141901541	0.11058435043	0.0591942154245
nik-	0.074385754001	0.897813509655	0.0127733112931	0.0150274250507
ɛma-	0.548192771084	0.349397590361	0.0481927710843	0.0542168674699
jís-	0.129310344827	0.870689655173	0.0	0.0
ɔgh-	0.57041728763	0.340163934426	0.0298062593145	0.0596125186289
ásɔ-	0.458942233154	0.199794401545	0.0943464502157	0.246916915085
may-	0.273148148148	0.444444444444	0.117724867725	0.164682539683
itú-	0.0	1.0	0.0	0.0
dók-	0.594936708861	0.270042194093	0.0	0.135021097046
apu-	0.351107413807	0.0489928400276	0.0124179660559	0.58748178011
ara-	0.0422966272878	0.0200771255433	0.272142988309	0.66548325886
isk-	0.0	1.0	0.0	0.0
amo-	0.259036144578	0.599397590361	0.123493975904	0.0180722891566
wup-	0.294234161353	0.392791763445	0.134331905808	0.178642169393
ɛwú-	0.224137931034	0.689655172414	0.0862068965517	0.0
pɛg-	0.0	0.993939393939	0.0	0.00606060606061
ɔ́k-	0.416196667995	0.200628120868	0.0701311234534	0.313044087683
ábú-	0.58504398827	0.0938416422287	0.0351906158358	0.285923753666
kán-	0.0409745293466	0.842377260982	0.0664451827243	0.0502030269472
kɨt-	0.415137614679	0.447247706422	0.0688073394495	0.0688073394495
átó-	0.871386394745	0.0386368415777	0.00771229402949	0.0822644696479
ɛ́c-	0.306481861538	0.121670868824	0.109858498985	0.461988770653
wúw-	0.338028169014	0.401408450704	0.260563380282	0.0
tɛs-	0.188711859312	0.521569216895	0.0473470614761	0.242371862318
kpo-	0.416349500761	0.100147203352	0.147462360981	0.336040934907
ayó-	0.675925925926	0.101851851852	0.0555555555556	0.166666666667
jos-	0.0230908542107	0.941895562934	0.00573498339873	0.0292785994567
ɛrá-	0.185567010309	0.701573521433	0.1041779707	0.00868149755833
any-	0.303771375281	0.513549408078	0.017950611295	0.164728605346
lɛ́-	0.0253759398496	0.956296992481	0.00704887218045	0.0112781954887
gɛt-	0.0	1.0	0.0	0.0
dɛn-	0.644736842105	0.263157894737	0.0394736842105	0.0526315789474
afy-	0.494028379238	0.231058667898	0.0220269814923	0.252885971371
ǎjw-	0.601525689926	0.197442225712	0.13663899484	0.0643930895221
ádì-	0.856115107914	0.0863309352518	0.0431654676259	0.0143884892086
átí-	0.562118126273	0.330957230143	0.0274949083503	0.0794297352342
báj-	0.708898643256	0.194034317638	0.0171588188348	0.0799082202713
anw-	0.0554310169146	0.0232321173833	0.0317913185246	0.889545547177
ása-	0.217213114754	0.594262295082	0.0594262295082	0.129098360656
stá-	0.0	1.0	0.0	0.0
arw-	0.631578947369	0.160902255639	0.117293233083	0.0902255639097
ǎfa-	0.315116791538	0.684883208462	0.0	0.0
mpǎ-	0.146593507087	0.340192043896	0.277823502515	0.235390946502
ɛpǎ-	0.0441567464294	0.880289123145	0.018237203896	0.0573169265301
ǎpù-	0.0	0.755395683453	0.244604316547	0.0
ǎji-	0.410638297872	0.242553191489	0.346808510638	0.0
jús-	0.180124223602	0.819875776398	0.0	0.0
bɔk-	0.224338624339	0.722751322751	0.021164021164	0.031746031746
ayá-	0.399645922334	0.359042450833	0.0778970865566	0.163414540276
yɔy-	0.224137931035	0.5	0.0344827586207	0.241379310345
rɛb-	0.04	0.505	0.425	0.03
kut-	0.585462993694	0.414537006306	0.0	0.0
ábè-	0.266447368421	0.309210526316	0.370065789474	0.0542763157894
ɔ́w-	0.155172413793	0.155172413793	0.689655172414	0.0
nnú-	0.72131147541	0.147540983607	0.0918032786885	0.0393442622951
lís-	0.0	0.997542997543	0.0	0.002457002457
bǎg-	0.660625209691	0.160015857457	0.0390207126313	0.140338220221
kɔŋ-	0.47061965812	0.364494301994	0.0217236467236	0.143162393162
ǎbɨ-	0.937837837838	0.0459459459459	0.0162162162162	0.0
pak-	0.379746835443	0.26582278481	0.303797468354	0.0506329113924
áká-	0.631925433451	0.0995958805892	0.119323860427	0.149154825533
áby-	0.778181818182	0.170909090909	0.00727272727273	0.0436363636363
kɔt-	0.193202146691	0.556350626118	0.11091234347	0.139534883721
kaí-	0.0	1.0	0.0	0.0
áfa-	0.247422680412	0.175257731959	0.103092783505	0.474226804124
sál-	0.0515463917526	0.948453608247	0.0	0.0
pɔ̌-	0.0278899368618	0.877808091044	0.00112245693351	0.093179515161
ane-	0.328402366864	0.387573964497	0.0532544378698	0.230769230769
áno-	0.620087336245	0.21615720524	0.0655021834061	0.0982532751091
mal-	0.475806451613	0.475806451613	0.0483870967742	0.0
bád-	0.541750031645	0.27520718714	0.104812459481	0.0782303217339
ánd-	0.529941305447	0.231481272799	0.0725391270192	0.166038294735
téé-	0.574882802862	0.209597828769	0.0305946212682	0.184924747101
áfo-	0.544728434505	0.44089456869	0.0	0.0143769968051
bat-	0.151814944844	0.45006973968	0.0768826264469	0.321232689029
gha-	0.82329845134	0.0551650426387	0.0221931939847	0.0993433120367
pay-	0.865587614356	0.117522871217	0.00422237860662	0.0126671358198
chɛ-	0.419862128393	0.36234381732	0.11697544162	0.100818612667
ɛkw-	0.284333666511	0.37348202554	0.172946847117	0.169237460831
joɛ-	0.0714285714286	0.785714285714	0.0	0.142857142857
nɛm-	0.209470460552	0.420659385543	0.143935556387	0.225934597519
lái-	0.0	1.0	0.0	0.0
ɛ̌r-	0.349397590361	0.424698795181	0.117469879518	0.10843373494
ɛpɔ-	0.235681860581	0.409862570736	0.274236676824	0.0802188918599
báy-	0.515560828923	0.205027727544	0.0904738905671	0.188937552966
ɔpɛ-	0.326530612245	0.102040816327	0.326530612245	0.244897959184
nto-	0.457959018876	0.352276168366	0.086807307964	0.102957504795
nɛc-	0.372323876479	0.258480657998	0.102146055538	0.267049409985
pyɔ-	0.2658931282	0.320049396692	0.369909182125	0.0441482929841
míd-	0.0239043824701	0.90438247012	0.0717131474104	0.0
ákó-	0.653032440056	0.283497884344	0.0211565585331	0.0423131170663
áha-	0.0	1.0	0.0	0.0
njɨ-	0.611810261375	0.211035818006	0.0677637947725	0.109390125847
nyé-	0.489473684211	0.396710526316	0.00394736842104	0.109868421053
mfe-	0.944444444444	0.0555555555556	0.0	0.0
mmb-	0.183460736622	0.805072967339	0.0114662960389	0.0
tim-	0.0	1.0	0.0	0.0
tri-	0.0	1.0	0.0	0.0
fyɛ-	0.328937075246	0.22323131081	0.0941182222657	0.353713391678
kwi-	0.0701754385965	0.929824561404	0.0	0.0
mír-	0.0606060606061	0.89898989899	0.0404040404041	0.0
pɛt-	0.492027151866	0.300036148934	0.0388400208861	0.169096678315
ɛpó-	0.0786885245901	0.860506706408	0.0214605067064	0.0393442622951
ham-	0.375871687587	0.624128312413	0.0	0.0
áwɛ-	0.441176470588	0.148606811146	0.410216718266	0.0
sɛm-	0.526274582025	0.29602559513	0.0963067318691	0.081393090976
ɛgu-	0.640167364017	0.0836820083682	0.251046025105	0.0251046025105
ɛɛn-	0.108108108108	0.626126126126	0.265765765766	0.0
jer-	0.0	1.0	0.0	0.0
dɔ̌-	0.690744014457	0.107582277833	0.0140558375035	0.187617870206
dok-	0.147727272727	0.227272727273	0.352272727273	0.272727272727
bɛb-	0.243944061305	0.509604137709	0.112953308158	0.133498492828
áfó-	0.672161172161	0.236263736264	0.014652014652	0.076923076923
ɛwɔ-	0.301810865191	0.215291750503	0.482897384306	0.0
ɛny-	0.13798606298	0.190286656728	0.0314768512113	0.64025042908
ámp-	0.491023413877	0.308295676854	0.068378099922	0.132302809347
ɛtě-	0.0335195530726	0.932960893855	0.0	0.0335195530726
bhi-	0.0771443646161	0.117045410095	0.00151416856193	0.804296056727
ámf-	0.5035751068	0.21109237572	0.0752485296289	0.210083987851
ńka-	0.495321959274	0.306549257017	0.158503026968	0.0396257567419
twɔ-	0.8103726764	0.0341870146441	0.0127851336371	0.142655175319
mil-	0.0402684563758	0.853307766059	0.0115052732502	0.0949185043145
jóɛ-	0.0	1.0	0.0	0.0
yer-	0.021382182234	0.965283621378	0.000906207521524	0.0124279888666
ɛpá-	0.176056338028	0.795774647887	0.0281690140845	0.0
mpú-	0.191918375142	0.034636773052	0.00266142584942	0.770783425957
wáy-	0.374946891375	0.495114006515	0.00743520747769	0.122503894632
así-	0.231597845601	0.75763016158	0.0	0.0107719928187
agh-	0.559642541497	0.0817420078364	0.0137298455494	0.344885605117
ǎtà-	0.617970825877	0.313703161434	0.00911013502522	0.0592158776639
kpó-	0.46886314265	0.164192614048	0.144279507603	0.222664735699
átò-	0.471264367816	0.341543513957	0.113300492611	0.0738916256158
ɛ́d-	0.348200754762	0.447211244168	0.173387216593	0.0312007844768
mmǔ-	0.0641363521108	0.30361626695	0.00849121369146	0.623756167247
áfá-	0.536163522013	0.248427672956	0.0786163522012	0.13679245283
naí-	0.0384615384615	0.961538461538	0.0	0.0
fɛs-	0.0208116545265	0.967741935484	0.00520291363165	0.00624349635796
átɛ-	0.457080610022	0.276034858388	0.0875816993465	0.179302832244
akí-	0.162162162162	0.837837837838	0.0	0.0
kpɔ-	0.678930580896	0.171836522487	0.020565664198	0.128667232418
alf-	0.0	0.895856662934	0.010078387458	0.094064949608
yír-	0.155555555556	0.685185185185	0.062962962963	0.0962962962963
ǎwa-	0.432632880099	0.215080346106	0.197775030902	0.154511742892
átì-	0.751799406249	0.180068772559	0.0	0.0681318211913
bak-	0.163827969821	0.650341652579	0.105238906879	0.0805914707212
nsǐ-	0.0257289879931	0.922813036021	0.0514579759863	0.0
say-	0.163853523994	0.117598305236	0.104271987564	0.614276183205
jaŋ-	0.274509803921	0.192156862745	0.156862745098	0.376470588235
sɔŋ-	0.51018638925	0.307036555411	0.0842363820257	0.0985406733131
ǎfʉ-	0.318310746927	0.364166404034	0.089032461393	0.228490387646
yɨŋ-	0.545941253075	0.255679351758	0.0301692953263	0.168210099841
ǎch-	0.427519200615	0.214328056714	0.0947036203893	0.263449122283
ɛsá-	0.156270959088	0.346076458752	0.258886653253	0.238765928907
aká-	0.248918969731	0.651438240271	0.0436172212822	0.0560255687159
ách-	0.366530345921	0.255205682025	0.0966252641269	0.281638707927
bɔh-	0.149068322981	0.186335403727	0.0372670807454	0.627329192546
agǔ-	0.350198851083	0.122624834291	0.414494034468	0.112682280159
aŋa-	0.0	0.260869565217	0.739130434783	0.0
jud-	0.0115299091333	0.965959315892	0.0107063441952	0.0118044307794
nyi-	0.724096929762	0.181018987433	0.0549841095228	0.0398999732821
klɛ-	0.0380952380952	0.92380952381	0.0	0.0380952380952
ǎbù-	0.297709923664	0.702290076336	0.0	0.0
nkʉ-	0.29106710424	0.210755718906	0.0288885810181	0.469288595836
ǎta-	0.612993345863	0.191446131965	0.0974246965002	0.0981358256717
ɛyi-	0.0558414578617	0.0355878437167	0.0956968108463	0.812873887575
áyɨ-	0.506178707224	0.388783269962	0.050855513308	0.0541825095058
fak-	0.573424336142	0.141836408233	0.00959795243681	0.275141303189
sak-	0.0543337645537	0.862502310109	0.0155239327296	0.0676399926077
mmí-	0.0630598351845	0.865997850233	0.0272303833751	0.0437119312075
sám-	0.0	1.0	0.0	0.0
yút-	0.181818181818	0.818181818182	0.0	0.0
ápɔ-	0.58795687615	0.267946358138	0.058900867736	0.0851958979753
mgb-	0.146341463415	0.838137472284	0.00665188470067	0.00886917960089
ɔnk-	0.872510499932	0.087522015987	0.0359029941742	0.00406448990652
bág-	0.627362602791	0.202941089399	0.0385445047419	0.131151803068
ǎtɔ-	0.50059689614	0.229871335721	0.0793208648362	0.190210903303
ɔny-	0.640946502058	0.315843621399	0.0	0.0432098765432
ata-	0.472369112781	0.241993176031	0.0801970910516	0.205440620136
baw-	0.137759676958	0.420324310466	0.370838611952	0.0710774006241
ɔ̌n-	0.572795239104	0.252806210442	0.097599188786	0.0767993616677
áto-	0.538582677165	0.366929133858	0.075590551181	0.0188976377953
ɛsi-	0.448807854137	0.503038803179	0.0201028517999	0.0280504908836
tán-	0.00491526014111	0.00907581498497	0.0619787211809	0.924030203693
kur-	0.655172413793	0.262068965517	0.0827586206897	0.0
kaŋ-	0.565345949142	0.218805440568	0.15552927262	0.06031933767
nsi-	0.055287268132	0.917858915918	0.011960102902	0.0148937130478
jai-	0.295081967213	0.573770491803	0.0327868852459	0.0983606557377
tal-	0.0	1.0	0.0	0.0
ɛpɛ-	0.292424958639	0.0937721578823	0.0289529662019	0.584849917277
450-	0.0585365853659	0.136585365854	0.0292682926829	0.775609756098
bɔt-	0.126224783862	0.722958693564	0.0422670509126	0.108549471662
ǎrw-	0.785340314136	0.183246073298	0.020942408377	0.0104712041885
chi-	0.355802974457	0.0853021563102	0.013722893325	0.545171975907
nɛb-	0.145403527645	0.472574187938	0.0922489846099	0.289773299808
nga-	0.239713374013	0.332139058389	0.0244639758159	0.403683591782
dɔk-	0.692172897196	0.132593457944	0.017523364486	0.157710280374
mpa-	0.165742558812	0.557940714666	0.245693996521	0.0306227300011
ǎtw-	0.772610131703	0.0689968287705	0.0151134889803	0.143279550546
ɛpa-	0.119030180475	0.402340291735	0.13338101051	0.345248517281
pur-	0.306397872985	0.474506108437	0.16962272406	0.0494732945175
nyú-	0.842948717949	0.125	0.0	0.0320512820513
rak-	0.247994164843	0.555069292487	0.054704595186	0.142231947484
mís-	0.0416666666667	0.958333333333	0.0	0.0
áwɔ-	0.545938748336	0.286284953395	0.0319573901465	0.135818908123
ɛmá-	0.0943396226415	0.830188679245	0.0	0.0754716981132
stí-	0.0228603289657	0.909673822136	0.0250906049624	0.0423752439364
hal-	0.0769230769231	0.923076923077	0.0	0.0
ǎbe-	0.181818181818	0.436363636364	0.309090909091	0.0727272727272
sɛj-	0.0377358490566	0.924528301887	0.0377358490566	0.0
ndɔ-	0.249196367402	0.327589869802	0.0524285464321	0.370785216363
ɔ̌r-	0.543033577769	0.191045928213	0.0798919336164	0.186028560401
áfò-	0.212307692308	0.766923076923	0.00230769230769	0.0184615384615
nɛp-	0.22125020031	0.554696693715	0.15685486654	0.067198239435
mák-	0.00813609467455	0.991863905325	0.0	0.0
agʉ-	0.606401896858	0.263189093065	0.0521636040308	0.0782454060462
sús-	0.0	1.0	0.0	0.0
áré-	0.199203187251	0.0836653386454	0.188247011952	0.528884462151
yam-	0.174267100977	0.0830618892508	0.102605863192	0.64006514658
ɛgh-	0.181419049569	0.61065993312	0.116244682545	0.0916763347665
ɛsa-	0.0613460393091	0.104824300179	0.431209053008	0.402620607504
ape-	0.503703703704	0.133333333333	0.362962962963	0.0
ba--	0.0714285714286	0.928571428571	0.0	0.0
águ-	0.343949044586	0.617834394904	0.0	0.0382165605096
apw-	0.375911008822	0.597238204833	0.0	0.0268507863444
máy-	0.0540988505439	0.804110638317	0.0178268593221	0.123963651818
isr-	0.0323295860628	0.802672052628	0.103128911633	0.0618694496764
yes-	0.00477584638297	0.574627343385	0.00239911158663	0.418197698645
ɔpa-	0.56862745098	0.359477124183	0.0326797385621	0.0392156862745
átɨ-	0.449029952349	0.402910142954	0.114363512594	0.0336963921035
amm-	0.307881773399	0.28078817734	0.374384236453	0.0369458128079
kan-	0.0	0.842505430847	0.152063721941	0.00543084721216
kɛ́-	0.302786280207	0.364540072828	0.136614346677	0.196059300288
ǎby-	0.887306242145	0.097612065354	0.015081692501	0.0
juu-	0.361562758906	0.399207746479	0.0652444076221	0.173985086993
ǎtá-	0.378478664193	0.47680890538	0.122448979592	0.0222634508349
ɔ́g-	0.66360638203	0.188133226372	0.0514008972874	0.0968594943103
gir-	0.0337078651685	0.561797752809	0.404494382023	0.0
100-	0.303448275862	0.537931034483	0.0551724137931	0.103448275862
áfà-	0.433020477815	0.0294368600682	0.437997724687	0.099544937429
ɛlí-	0.00623484586075	0.979217180464	0.0	0.0145479736751
bɨk-	0.861512605042	0.0221848739496	0.032268907563	0.0840336134454
ntí-	0.156396443613	0.453856209929	0.111938631782	0.277808714676
krɛ-	0.0184237461617	0.883316274309	0.0522006141248	0.0460593654043
kpɛ-	0.456434136294	0.141488313782	0.122682904988	0.279394644936
fɛr-	0.535073627845	0.183534136546	0.081124497992	0.200267737617
nɔk-	0.106145934333	0.00408907421358	0.00189521698101	0.887869774472
bob-	0.506726457399	0.0941704035875	0.282511210762	0.116591928251
yís-	0.0119308013521	0.959435275403	0.0286339232453	0.0
bɛ́-	0.305176990823	0.181779082096	0.06530875759	0.447735169491
ala-	0.0151975683891	0.906788247214	0.0780141843971	0.0
kɛf-	0.0993577591415	0.79501117444	0.0173245404438	0.0883065259743
baj-	0.288177339901	0.216748768473	0.0	0.495073891626
átɔ-	0.522583374129	0.32741048808	0.0473645212005	0.102641616591
nyɛ-	0.0634313319827	0.800512652412	0.0502979724973	0.0857580431079
anu-	0.451239008793	0.332533972822	0.0495603517187	0.166666666667
pɔɔ-	0.143068665556	0.0994817693875	0.566352026652	0.191097538405
sír-	0.0104388581167	0.97720494248	0.0097997443545	0.002556455049
sód-	0.00543302503072	0.994566974969	0.0	0.0
káŋ-	0.526178010471	0.232984293194	0.193717277487	0.0471204188481
ajw-	0.406432067117	0.10510370543	0.37007690515	0.118387322302
ǎna-	0.784341536061	0.146159846819	0.00992837387419	0.0595702432451
nsé-	0.109585705154	0.401901225012	0.322155881317	0.166357188518
ntó-	0.719342958118	0.115280064549	0.0347010292703	0.130675948063
ngó-	0.301398192203	0.646665977601	0.0236952484471	0.0282405817493
úsi-	0.0	1.0	0.0	0.0
mɔm-	0.194418604651	0.582635658915	0.102635658915	0.120310077519
afe-	0.996913580247	0.00308641975309	0.0	0.0
fij-	0.0444444444445	0.955555555556	0.0	0.0
mǎŋ-	0.250975876337	0.554405105785	0.176584823171	0.0180341947068
ngá-	0.321045535201	0.148442741024	0.0206844219594	0.509827301816
mbw-	0.301498030651	0.650166721467	0.0266595393391	0.0216757085428
bit-	0.0629921259842	0.92125984252	0.0	0.0157480314961
uri-	0.0	1.0	0.0	0.0
mpá-	0.558869977189	0.291396151371	0.102942036615	0.0467918348248
ábɨ-	0.677905944987	0.21206743567	0.0283939662822	0.0816326530612
ǎbè-	0.0961923847695	0.849699398798	0.0300601202405	0.0240480961924
fíl-	0.00192570007221	0.985637486961	0.0	0.0124368129664
ɛ́w-	0.299984043402	0.460666985799	0.204882719004	0.0344662517951
ayí-	0.391891891892	0.418918918919	0.0810810810811	0.108108108108
áre-	0.562106918239	0.191037735849	0.0888364779874	0.158018867924
abu-	0.72463768116	0.260869565217	0.0144927536232	0.0
kɔr-	0.0372446936324	0.852222667201	0.0168201842211	0.0937124549459
bǎk-	0.413122557886	0.183702621822	0.0547597614358	0.348415058856
hɛ́-	0.0203817572201	0.900034536949	0.0424523547093	0.0371313511218
fri-	0.15625	0.822916666667	0.0208333333333	0.0
yúf-	0.0909090909091	0.909090909091	0.0	0.0
yɔ́-	0.126413332268	0.057559579696	0.0194021055155	0.796624982521
ɛtǒ-	0.157446808511	0.706382978723	0.110638297872	0.0255319148936
sɨ́-	0.710511731855	0.106161929864	0.0226889032526	0.160637435028
ɛgú-	0.132570834416	0.7582531843	0.0779828437743	0.0311931375097
anc-	0.505643069456	0.0969612148321	0.0693220698768	0.328073645835
ǎfò-	0.619834710744	0.322314049587	0.0578512396694	0.0
abɔ-	0.743119266055	0.256880733945	0.0	0.0
báf-	0.437790461932	0.175146632684	0.0434931328821	0.343569772502
mbe-	0.13426521979	0.37373551591	0.469928269266	0.022070995034
jɛt-	0.471410419314	0.348157560356	0.0304955527318	0.149936467598
nsɛ-	0.209593698808	0.3224027582	0.0817888300507	0.386214712942
bad-	0.702602230483	0.252788104089	0.0334572490706	0.0111524163569
gho-	0.655785351527	0.202410818087	0.0218748087866	0.119929021599
mɛ--	0.566384700257	0.433615299743	0.0	0.0
ngʉ-	0.344383968333	0.204354280059	0.0593765462642	0.391885205344
báp-	0.302446460811	0.253756327465	0.0404893467388	0.403307864986
ɛkɔ-	0.153710608638	0.632844734693	0.116112878033	0.0973317786354
fúú-	0.320031168253	0.352145600267	0.165859631547	0.161963599933
akw-	0.537263646521	0.239474327804	0.0522746999276	0.170987325747
nɛw-	0.166031483893	0.667487111083	0.0573411249087	0.109140280116
kus-	0.243369734789	0.279251170047	0.463338533541	0.0140405616225
tám-	0.0571627323181	0.80945755894	0.133379708742	0.0
mfu-	0.440097799511	0.080684596577	0.00977995110024	0.469437652812
ɛku-	0.322033898305	0.513037809648	0.089960886571	0.0749674054759
bɔg-	0.0332514179558	0.957248176914	0.0	0.00950040513021
tak-	0.385559356353	0.121734595266	0.35603074044	0.136675307941
tím-	0.0239391815388	0.923491669812	0.00776405887745	0.0448050897719
ɛni-	0.121158338234	0.065437047187	0.0163188019572	0.797085812622
táf-	0.153333333333	0.846666666667	0.0	0.0
ndá-	0.0379146919431	0.0568720379147	0.0	0.905213270142
nyǎ-	0.103633114949	0.681953543776	0.200119118523	0.0142942227517
amí-	0.211993326136	0.589753655903	0.115320443616	0.0829325743449
onɛ-	0.531914893617	0.191489361702	0.0	0.276595744681
dǐǐ-	0.295138888889	0.0451388888889	0.0208333333333	0.638888888889
tro-	0.0206579954093	0.965570007651	0.0137719969396	0.0
óli-	0.0176159718144	0.952436876101	0.0299471520846	0.0
mmʉ-	0.174471147772	0.278242517661	0.0323473390987	0.514938995469
ǎka-	0.650378527185	0.214125946318	0.0975567790777	0.0379387474192
yɛk-	0.0228541383849	0.0165935565607	0.00776292048031	0.952789384574
akʉ-	0.52304998287	0.0474184918968	0.0205911565309	0.408940368703
ɛlm-	0.0	1.0	0.0	0.0
ǎtɛ-	0.528762347472	0.375363160953	0.0174317257408	0.0784427658338
tam-	0.0176211453744	0.982378854626	0.0	0.0
ǎjì-	0.3	0.7	0.0	0.0
sɛk-	0.24236531259	0.342480553155	0.138576779026	0.276577355229
ɔnt-	0.733333333333	0.222222222222	0.0	0.0444444444444
bɨt-	0.465753424658	0.479452054795	0.0182648401826	0.0365296803653
ɔ̌s-	0.545750746674	0.277491175672	0.0936736356231	0.0830844420309
akp-	0.128821747909	0.718344389963	0.0857730025959	0.0670608595328
fúf-	0.414110429448	0.438650306748	0.110429447853	0.0368098159509
ɛbé-	0.1	0.529411764706	0.370588235294	0.0
job-	0.0357142857143	0.964285714286	0.0	0.0
ywi-	0.0336345193522	0.0686003527639	0.0106756316092	0.887089496275
hɛm-	0.0	0.9625	0.0375	0.0
ɛyɔ-	0.130233908343	0.364553689916	0.0111528064936	0.494059595248
ɛbɛ-	0.159192842147	0.289216369056	0.418989178635	0.132601610162
man-	0.0947237220893	0.527814736662	0.0366772445653	0.340784296684
wɛ̀-	0.727659574468	0.272340425532	0.0	0.0
tɛb-	0.40376390077	0.275449101796	0.115483319076	0.205303678358
mpo-	0.0873277228779	0.217781609665	0.0186841543549	0.676206513102
nnɛ-	0.0620852136678	0.698999770934	0.138235576367	0.100679439031
kré-	0.0	1.0	0.0	0.0
nsú-	0.0246913580247	0.925925925926	0.0493827160494	0.0
ráf-	0.0	1.0	0.0	0.0
nnt-	0.320579110652	0.412099276112	0.205274043433	0.0620475698035
amb-	0.347675513282	0.152354957058	0.0516888087375	0.448280720923
ngǎ-	0.106045081967	0.491803278689	0.340676229508	0.061475409836
mmá-	0.0139751552795	0.726708074534	0.055900621118	0.203416149068
way-	0.552200614125	0.339815762538	0.042988741044	0.0649948822928
ǎbh-	0.491327443071	0.149950165269	0.0500645002847	0.308657891375
ǎkò-	0.71629715808	0.0883490715352	0.17907428952	0.0162794808654
púy-	0.526315789474	0.0394736842105	0.0197368421053	0.414473684211
ǎkà-	0.902597402597	0.0584415584416	0.0194805194805	0.0194805194805
gbe-	0.478021978022	0.478021978022	0.043956043956	0.0
kɛy-	0.437520391517	0.309298531811	0.142251223491	0.110929853181
sɔt-	0.605253905527	0.147437547533	0.0706121813885	0.176696365551
gɛb-	0.166666666667	0.805555555556	0.0	0.0277777777778
bǒb-	0.11454189214	0.502265585384	0.0597175510999	0.323474971376
átè-	0.614049253129	0.313282196205	0.0302785627775	0.0423899878886
ɛfu-	0.538461538462	0.32967032967	0.0	0.131868131868
asá-	0.610202722699	0.253218407813	0.0470553418171	0.0895235276709
wak-	0.587936046512	0.094476744186	0.199127906977	0.118459302326
jop-	0.072202166065	0.907942238267	0.0	0.0198555956679
ɛju-	0.0338674690365	0.860891470156	0.0993632356028	0.00587782520467
ání-	0.347928994083	0.362130177515	0.091124260355	0.198816568047
chú-	0.432432432432	0.189189189189	0.378378378378	0.0
boa-	0.0456273764258	0.931558935361	0.0228136882129	0.0
ant-	0.312935374518	0.305554162245	0.0624888159896	0.319021647248
kɛg-	0.621094667606	0.215879727508	0.0685929058022	0.0944326990838
nsɔ-	0.392083951588	0.284337737097	0.0964477894774	0.227130521837
ǎsì-	0.69272163444	0.297701568771	0.0	0.00957679678949
joá-	0.0	1.0	0.0	0.0
