-eus	0.0481927710843	0.927710843373	0.0	0.0240963855422
-hem	0.0	1.0	0.0	0.0
-ive	0.0411899313501	0.95881006865	0.0	0.0
-rbe	0.116749688667	0.766500622665	0.107409713574	0.0093399750934
-mua	0.440807202208	0.0617071033232	0.0207265007334	0.476759193735
-u-i	1.0	0.0	0.0	0.0
-lem	0.00218274088592	0.993406303574	0.0	0.0044109555403
-aus	0.0992125984252	0.806299212598	0.00944881889766	0.0850393700787
-oya	0.308968926554	0.497175141243	0.0628531073446	0.131002824859
-oyo	0.721993127148	0.162542955326	0.0536082474227	0.0618556701031
-aua	0.21790620559	0.64471814306	0.0	0.13737565135
-aul	0.0	0.632183908046	0.367816091954	0.0
-aun	0.24043715847	0.234972677596	0.295081967213	0.229508196721
-uaa	0.355328249455	0.495370039647	0.030777107071	0.118524603827
-uae	0.114475030976	0.534019285676	0.31110273124	0.040402952109
-pus	0.214105793451	0.445843828715	0.214105793451	0.125944584383
-uai	0.142857142857	0.857142857143	0.0	0.0
ALL	0.219027532924	0.25700009003	0.0502070082757	0.473765368771
-i-a	0.470641992232	0.467671921407	0.0274160383824	0.0342700479781
-apa	0.110243184799	0.797280328927	0.0227609183051	0.0697155679691
-pua	0.130626203646	0.00770014827687	0.00290356769651	0.85877008038
-nme	0.0	0.926829268293	0.0	0.0731707317073
-opu	0.717159763314	0.18224852071	0.0355029585799	0.0650887573964
-ape	0.357706941098	0.347706497155	0.0767325810353	0.217853980712
--pa	0.0265486725664	0.70796460177	0.265486725664	0.0
-opo	0.0729371916169	0.39684736765	0.505951896302	0.0242635444316
-opi	0.0454545454544	0.511363636364	0.443181818181	0.0
-ope	0.241985516198	0.139996661084	0.120304572772	0.497713249947
-opa	0.152208835341	0.572423025435	0.226907630522	0.0484605087015
-smi	0.350299401198	0.595808383233	0.0	0.0538922155689
-dea	0.570901273965	0.272984555223	0.0412434697839	0.114870701028
-ims	0.0808080808081	0.363636363636	0.030303030303	0.525252525252
-naa	0.0359339652507	0.369828184721	0.0147837110321	0.579454138996
-imu	0.0411177501567	0.0239075812668	0.0041604457045	0.930814222872
-dek	0.0334378265413	0.966562173459	0.0	0.0
-apo	0.107501720337	0.0516616902854	0.0451643372983	0.795672252079
-ima	0.44502968769	0.214962781462	0.0602188589607	0.279788671887
-der	0.0335195530726	0.966480446927	0.0	0.0
-des	0.0983606557377	0.901639344262	0.0	0.0
-ime	0.231464737794	0.417721518987	0.0831826401447	0.267631103074
-kim	0.0	1.0	0.0	0.0
-imi	0.335259195849	0.128431646112	0.0289593695056	0.507349788533
-lgo	0.0	1.0	0.0	0.0
-oka	0.21824686941	0.540250447227	0.191413237925	0.0500894454383
-imo	0.78501338091	0.174843889384	0.0401427297056	0.0
-mre	0.235294117647	0.764705882353	0.0	0.0
-obo	0.303901125597	0.46766438578	0.0478125759171	0.180621912705
-idi	0.424252275683	0.308355006502	0.0682704811443	0.199122236671
-let	0.235600175876	0.679942840393	0.0615565000732	0.0229004836582
-ide	0.4997052725	0.277770327164	0.084868245804	0.137656154532
-ida	0.0212464589235	0.949008498583	0.0148725212465	0.0148725212465
-bia	0.275607758108	0.132758699337	0.0576875183596	0.533946024195
-318	0.0	0.714285714286	0.285714285714	0.0
-100	0.159574468085	0.101728723404	0.00797872340425	0.730718085106
-uta	0.415508740475	0.421559838637	0.0506499327656	0.112281488122
-tet	0.702271332106	0.257213014119	0.0405156537753	0.0
-ria	0.251143320871	0.535878822179	0.0430509143416	0.169926942608
-rin	0.103058510638	0.863031914894	0.00199468085106	0.031914893617
-ril	0.0	1.0	0.0	0.0
-uti	0.370044052863	0.458149779736	0.0792951541851	0.0925110132159
-oye	0.609975470155	0.147179067866	0.144726083401	0.0981193785773
-tea	0.417217025141	0.223952853175	0.0478462739231	0.310983847762
-rit	0.0111379320175	0.88565056462	0.0844626511328	0.0187488522295
-ris	0.0689655172414	0.884315906563	0.0133481646274	0.0333704115684
-utu	0.183723408454	0.699688203023	0.0574653668548	0.0591230216679
-tel	0.0	1.0	0.0	0.0
-sia	0.0413069889379	0.940021740521	0.00831255195345	0.0103587185881
-ten	0.564120281612	0.355944785004	0.00601790972108	0.0739170236629
-are	0.219077823005	0.178214033367	0.0382895888939	0.564418554734
-ara	0.12894486676	0.368604599266	0.0391779065533	0.463272627421
-mes	0.0559701492537	0.876865671642	0.0671641791044	0.0
-eri	0.0	1.0	0.0	0.0
-lus	0.0873239436619	0.823943661972	0.0464788732394	0.0422535211268
-ari	0.375923483085	0.488828729053	0.02910395435	0.106143833512
-aru	0.246953683683	0.0594956498242	0.0593430706652	0.634207595828
-luk	0.15649867374	0.763925729443	0.0318302387268	0.0477453580902
-mea	0.202635179292	0.0378772283407	0.00766631990046	0.751821272467
-lun	0.0	1.0	0.0	0.0
-mel	0.097107063205	0.870025930787	0.0239032770966	0.00896372891123
-men	0.0	1.0	0.0	0.0
-lue	0.732057416268	0.124401913876	0.0574162679426	0.0861244019138
-mek	0.0	1.0	0.0	0.0
-aye	0.413960589029	0.4095215161	0.0664725045549	0.110045390316
-aya	0.390032959979	0.315662557342	0.117896198189	0.17640828449
-ayo	0.147039535157	0.152890285355	0.0595915477029	0.640478631786
-rai	0.0981136024698	0.870699353758	0.0256926820334	0.00549436173831
-tyu	0.0120481927711	0.987951807229	0.0	0.0
-mor	0.0	1.0	0.0	0.0
-sre	0.114285714286	0.8	0.0857142857143	0.0
-ubu	0.0589085740891	0.0355313778823	0.887181749124	0.0183782989047
-ubi	0.0642441786648	0.826075180078	0.0366222854225	0.0730583558344
-lap	0.104166666667	0.40625	0.0	0.489583333333
-ubo	0.315702479339	0.357024793388	0.0198347107438	0.307438016529
-uba	0.214228966353	0.71003352029	0.0378687566786	0.0378687566785
-ube	0.0769296596994	0.777596374539	0.0331751815518	0.112298784209
-umu	0.587493004434	0.22151010949	0.0136144474579	0.177382438618
-ota	0.478096508784	0.286190793863	0.162330442517	0.0733822548365
-ija	0.00658616904501	0.989023051592	0.00439077936334	0.0
-oti	0.0491718311855	0.831433646822	0.0455038783728	0.0738906436194
-ali	0.272343614863	0.549043006535	0.037874588837	0.140738789765
-iga	0.12	0.72	0.16	0.0
-oto	0.307451183703	0.433734581079	0.0686935268849	0.190120708334
-ume	0.259370707137	0.504350101393	0.16157519461	0.0747039968601
-uma	0.139400568356	0.782552695602	0.0289289146035	0.0491178214381
-otu	0.0237062230408	0.913846547674	0.0205835042861	0.0418637249991
-umi	0.0638743501777	0.232558869566	0.023776185775	0.679790594481
-ako	0.161919956127	0.330296269522	0.48796599818	0.0198177761713
-kia	0.711975978751	0.152904492436	0.0259845247719	0.109135004042
-nai	0.216262258852	0.622266218518	0.0772134997007	0.0842580229293
-nan	0.0315208825847	0.802994483846	0.149724192277	0.0157604412924
-nao	0.237588652482	0.120567375886	0.489361702128	0.152482269504
-aki	0.0840153531336	0.70805330648	0.0222562059371	0.185675134449
-nam	0.0	1.0	0.0	0.0
-ake	0.151983809278	0.241687850691	0.0565335608936	0.549794779138
-sip	0.0652340303705	0.893730560765	0.0177910991919	0.0232443096723
-aka	0.0431477296075	0.934415450997	0.0138072734744	0.00862954592151
-nae	0.628116247617	0.322684046303	0.0393597648637	0.00983994121592
-kis	0.065852168601	0.915821624924	0.00733048259011	0.0109957238852
-sin	0.317516525024	0.663597733711	0.014164305949	0.00472143531635
-upi	0.131909547739	0.626884422111	0.0376884422111	0.20351758794
-sil	0.116424840395	0.812768427162	0.0297156123041	0.0410911201393
-nas	0.081081081081	0.847972972973	0.0101351351351	0.0608108108108
-aku	0.340158340158	0.451542451542	0.042861042861	0.165438165438
-igi	0.520930232558	0.455813953488	0.0	0.0232558139535
-mos	0.0	0.976	0.024	0.0
-gol	0.0395387149918	0.777594728171	0.182866556837	0.0
-goa	0.0705413442211	0.0229182114186	0.00334855596908	0.903191888391
-oab	0.0	1.0	0.0	0.0
-lki	0.0	1.0	0.0	0.0
-moa	0.264679564227	0.0347678941104	0.0225992788312	0.677953262831
-mon	0.0152263613646	0.983378857442	0.000697390596849	0.000697390596849
-ber	0.0	1.0	0.0	0.0
-bet	0.112207151665	0.739827373613	0.00986436498151	0.138101109741
-yae	0.203261995306	0.356413846091	0.0460429090888	0.394281249514
-bek	0.0540702913788	0.792730549715	0.117152297987	0.0360468609192
-yaa	0.200964018864	0.439829191454	0.083600630507	0.275606159175
-bel	0.0526623756583	0.88882387361	0.0585137507314	0.0
-yao	0.239130434783	0.0652173913044	0.293478260869	0.402173913044
-bea	0.285673808673	0.363126418967	0.201276964153	0.149922808207
-yai	0.153953370502	0.754815002534	0.038435546545	0.0527960804191
-ofa	0.47018873975	0.402343213157	0.0841770122314	0.0432910348619
-iso	0.0110294117647	0.988970588235	0.0	0.0
-upu	0.139581071878	0.19328311699	0.259157603649	0.407978207483
-igu	1.0	0.0	0.0	0.0
-isi	0.0861596539008	0.868923804519	0.0127025123961	0.0322140291846
-rea	0.727590026842	0.0944451939985	0.0466789959273	0.131285783232
-isa	0.62683974373	0.0833733609866	0.0180958088032	0.27169108648
-upe	0.128425334951	0.269487155818	0.339929053698	0.262158455533
-upa	0.239664510296	0.17473290447	0.0793259903111	0.506276594923
-res	0.0222298674147	0.914785508244	0.0370497790245	0.0259348453172
-isu	0.366492357058	0.277815079869	0.0711682648448	0.284524298228
-ist	0.0	0.0	1.0	0.0
-ret	0.0221590695695	0.947456714699	0.00935187851321	0.0210323372185
-reu	0.0	1.0	0.0	0.0
--da	0.281420765027	0.452944748027	0.210989678203	0.0546448087433
-oas	0.0339059674503	0.96609403255	0.0	0.0
-mas	0.0409015025041	0.939065108514	0.0050083472454	0.0150250417362
-mar	0.0	1.0	0.0	0.0
-ham	0.0508829300196	0.914846304774	0.00758665794638	0.0266841072596
-hap	0.0815533980583	0.895145631068	0.0233009708738	0.0
-mak	0.0250783699059	0.974921630094	0.0	0.0
-mao	0.471690836162	0.321659981487	0.0732027152114	0.13344646714
-man	0.0829385011896	0.829220790678	0.0119705053263	0.0758702028064
-maa	0.193131592102	0.45916812883	0.0319944561561	0.315705822912
-mae	0.453981315976	0.465863995593	0.0290040808067	0.0511506076243
--re	0.195759414078	0.644663983532	0.0510075165116	0.108569085879
-lae	0.256458884723	0.508040241303	0.0482186637757	0.187282210198
-une	0.077925743367	0.847800717479	0.0449835845701	0.0292899545834
--di	0.0857142857143	0.742857142857	0.0857142857143	0.0857142857142
-una	0.0566399155655	0.111352972154	0.0301730654781	0.801834046802
-unu	0.179473754261	0.729578196034	0.0353692420904	0.0555788076149
-nki	0.066493917168	0.900039527428	0.000527032368569	0.0329395230357
-gae	0.286292134831	0.256629213483	0.41797752809	0.0391011235955
-ade	0.535055566079	0.144270651014	0.0411526354026	0.279521147504
-tra	0.0	1.0	0.0	0.0
-500	0.0611745513865	0.231239804241	0.138662316476	0.568923327896
-gaa	0.115490825553	0.172159239914	0.0299080907734	0.68244184376
-ada	0.210539188766	0.167171358679	0.0454908176796	0.576798634876
-ado	0.206202575302	0.26297289187	0.177434836769	0.353389696059
-tri	0.160427807487	0.582887700535	0.0	0.256684491978
-gai	0.0	1.0	0.0	0.0
-adi	0.327172065135	0.564397558189	0.0531087559231	0.0553216207533
-aau	0.2	0.8	0.0	0.0
-144	0.0	0.0756972111555	0.0	0.924302788845
-adu	0.35287150213	0.41332850774	0.060703768898	0.173096221232
-ini	0.162828420808	0.454000438477	0.0904772644347	0.29269387628
-sel	0.0543694825895	0.866329236145	0.0157092937715	0.0635919874939
-sek	0.0	1.0	0.0	0.0
-lpa	0.0	1.0	0.0	0.0
-ina	0.195973654163	0.172419224696	0.0557052186176	0.575901902523
-ine	0.310344827586	0.51724137931	0.172413793103	0.0
-sea	0.11320754717	0.88679245283	0.0	0.0
-ing	0.0870099076975	0.877635701584	0.00825641459903	0.0270979761199
-800	0.0778685710361	0.838494815629	0.00865206344847	0.0749845498866
--mi	0.198646843788	0.739452712182	0.0156997866933	0.0462006573369
--me	0.138067018604	0.708245889448	0.0214644788469	0.132222613101
-set	0.162962962963	0.502469135803	0.286419753086	0.0481481481481
--ma	0.0805743917032	0.098790054514	0.144129769977	0.676505783805
-inu	0.0956117034191	0.66564597663	0.0529425229746	0.185799796977
-sep	0.0313788060098	0.943092673847	0.00319106501795	0.0223374551256
-iae	0.443832859951	0.334250710074	0.168861859313	0.0530545706625
-eda	0.060013649096	0.0710091408334	0.0275110123172	0.841466197753
-iaa	0.0928629408819	0.136169942247	0.019655978049	0.751311138822
-ede	0.413351367036	0.307863835772	0.123249976568	0.155534820625
-iam	0.0	1.0	0.0	0.0
-edi	0.829787234043	0.170212765957	0.0	0.0
-edo	0.438931383938	0.390711526477	0.0972771420315	0.0730799475535
--de	0.463414634147	0.463414634146	0.0	0.0731707317073
-nok	0.0266075388027	0.973392461197	0.0	0.0
-kua	0.0529452027218	0.780233790984	0.110587698461	0.0562333078338
-iks	0.120867768595	0.745867768595	0.0588842975206	0.0743801652892
-kum	0.100840336134	0.798319327731	0.0	0.100840336134
-kul	0.240552118039	0.590861494526	0.0886244645407	0.0799619228939
-nea	0.222709276018	0.625989819005	0.070701357466	0.0805995475114
-eka	0.43673012318	0.128406121687	0.0354609929078	0.399402762225
-eke	0.313248196199	0.443047322245	0.0731818027845	0.170522678771
-bai	0.448660714286	0.339285714286	0.03125	0.180803571429
-bae	0.284117614838	0.557856682673	0.0561443137091	0.101881388779
-eko	0.417185319301	0.218437629663	0.138621704198	0.225755346837
-baa	0.145727204748	0.636654671215	0.0433179885031	0.174300135533
-hor	0.0	1.0	0.0	0.0
-hos	0.0514204094588	0.921917156007	0.00666560863355	0.0199968259007
-jon	0.0485179735127	0.918183729241	0.00428841706958	0.0290098801766
-bat	0.727699530516	0.140845070423	0.131455399061	0.0
-bau	0.0650289017341	0.804913294798	0.130057803468	0.0
-bar	0.0	1.0	0.0	0.0
-bas	0.0415761323751	0.929299682434	0.0134547885676	0.0156693966238
-dru	0.00460758716018	0.994470895408	0.0	0.000921517432037
-oki	0.2	0.8	0.0	0.0
-asa	0.574805686422	0.212851926642	0.0610590459484	0.151283340987
-aso	0.333333333333	0.666666666667	0.0	0.0
-asi	0.257261942647	0.416109755666	0.15748205509	0.169146246597
-mba	0.218057436044	0.610204517922	0.0270790280054	0.144659018029
-asu	0.436048625588	0.301613176904	0.0839918553353	0.178346342173
-mbi	0.37037037037	0.62962962963	0.0	0.0
-lta	0.0756847669389	0.911701105238	0.0	0.0126141278232
-dia	0.11198782243	0.206884574447	0.0151796916689	0.665947911454
-430	0.28313253012	0.0	0.0	0.71686746988
-ras	0.279051614792	0.293069242528	0.427879142681	0.0
-ran	0.124675324675	0.85974025974	0.0155844155844	0.0
-rao	0.243243243243	0.567567567568	0.108108108108	0.0810810810811
-ral	0.0242522231205	0.696847210994	0.278900565885	0.0
-ram	0.0173383071507	0.953764514265	0.00577943571691	0.0231177428676
-red	0.0	1.0	0.0	0.0
-rah	0.0	1.0	0.0	0.0
-ero	0.312578634754	0.416127805249	0.138338648799	0.132954911198
-era	0.247310325555	0.55358390387	0.0377253038983	0.161380466676
-rae	0.11416973095	0.696173590126	0.141264062329	0.0483926165945
-ere	0.292438661052	0.255093685755	0.0652029044578	0.387264748736
-raa	0.142035241321	0.633287542727	0.158708342164	0.0659688737877
-ugu	0.0686407288846	0.608163014036	0.274562915538	0.0486333415415
-iya	0.296260608531	0.5569062002	0.0674498758478	0.0793833154208
-pol	0.0508467790367	0.812650495599	0.00454132087235	0.131961404492
-poa	0.656357541906	0.184118818778	0.0250233159712	0.134500323345
-ugi	0.308348088399	0.36900780379	0.0583644829169	0.264279624893
--nu	0.0866374861237	0.809167717706	0.0715730609204	0.0326217352494
-ike	0.0	1.0	0.0	0.0
-laa	0.205001406553	0.678610029464	0.0122296086821	0.104158955301
-ika	0.0185471406492	0.981452859351	0.0	0.0
-iko	0.0	1.0	0.0	0.0
-lam	0.0331982276713	0.95149370068	0.00276651897261	0.0125415526758
-nos	0.0198675496689	0.980132450331	0.0	0.0
-lai	0.255705589097	0.19214870857	0.268557256307	0.283588446026
-iki	0.354752342704	0.187416331995	0.0160642570281	0.441767068273
-lat	0.0514928602336	0.904803115534	0.00129813933362	0.0424058848984
--ne	0.223255813954	0.418604651163	0.0	0.358139534884
-lav	0.705882352941	0.294117647059	0.0	0.0
-fos	0.0	1.0	0.0	0.0
-aai	0.231839258114	0.397217928903	0.370942812983	0.0
--na	0.0441041003133	0.556335462434	0.0209982320338	0.378562205219
-non	0.096821272203	0.782152137543	0.121026590254	0.0
-las	0.0441014332966	0.934215361999	0.0117603822124	0.00992282249174
-aae	0.137192066305	0.659103352576	0.175717792027	0.0279867890916
-noa	0.292492501917	0.341679520819	0.0834086352557	0.282419342008
--no	0.142857142857	0.857142857143	0.0	0.0
-aaa	1.0	0.0	0.0	0.0
--ia	0.246575342466	0.45205479452	0.13698630137	0.164383561644
-dot	0.0	0.866666666667	0.0444444444444	0.0888888888889
-myu	0.0	1.0	0.0	0.0
-boa	0.445868893662	0.267881009625	0.123376145857	0.162873950856
-gel	0.238331678252	0.538232373386	0.223435948361	0.0
-gea	0.340545290954	0.303697348873	0.087778033521	0.267979326651
-uni	0.208735467471	0.508914951465	0.206681622892	0.0756679581718
-boi	0.316159250585	0.631147540984	0.0526932084309	0.0
-doa	0.608905754459	0.0696804707694	0.0417606188931	0.279653155878
-don	0.00658978583195	0.970345963756	0.0	0.0230642504119
-dom	0.0059169096826	0.994083090317	0.0	0.0
-dok	0.0	1.0	0.0	0.0
-get	0.0170261066969	0.982973893303	0.0	0.0
-sas	0.0163806552262	0.85023400936	0.109984399376	0.0234009360375
-sar	0.0685413005272	0.886643233743	0.0342706502636	0.0105448154657
-toa	0.383188616964	0.164462187649	0.0329120905704	0.419437104817
-ibu	0.331039195587	0.536925855421	0.0378288670865	0.0942060819056
-oli	0.00259943007121	0.964116888537	0.03003564113	0.00324804026173
-saa	0.165130088902	0.478450968266	0.0561157773094	0.300303165523
-sae	0.446124665471	0.388442850833	0.0680749343934	0.0973575493024
-olo	0.352245846081	0.217739454303	0.0661526708928	0.363862028723
-sak	0.005	0.956666666667	0.0025	0.0358333333333
-ola	0.526614385565	0.215326794493	0.0963485149744	0.161710304967
-400	1.0	0.0	0.0	0.0
-ole	0.4375	0.12037037037	0.414351851852	0.0277777777778
-sam	0.083850931677	0.89751552795	0.0	0.0186335403727
-rot	0.0463170476617	0.889810249514	0.0593904078889	0.00448229493501
-gep	0.0	0.863636363636	0.136363636364	0.0
-iem	0.0	1.0	0.0	0.0
-lok	0.105017006803	0.654761904762	0.0382653061224	0.201955782313
-loe	0.078431372549	0.921568627451	0.0	0.0
-oko	0.771551724138	0.0646551724138	0.0129310344828	0.150862068966
-loa	0.335446267045	0.178998087649	0.0751480540492	0.410407591257
-roa	0.362323294918	0.468994125975	0.0197943842829	0.148888194824
-rom	0.0530599218064	0.647929466209	0.258916460544	0.0400941514402
-lot	0.00234962406014	0.895441729323	0.0105733082707	0.0916353383459
-los	0.059389515594	0.922362309224	0.00497677504976	0.0132714001327
-ipi	0.388977784362	0.224077379458	0.0382424403289	0.348702395851
-pia	0.440096669695	0.142107984246	0.0731342371347	0.344661108925
-ipa	0.188707575299	0.54238031433	0.0567485129313	0.21216359744
-mat	0.203497615262	0.534843667197	0.194091149973	0.0675675675675
-oke	0.087204907803	0.28824553077	0.609080841639	0.0154687197876
-ewa	0.658333333333	0.258333333333	0.0833333333333	0.0
-ewo	0.236180904523	0.70351758794	0.0301507537688	0.0301507537688
-ipu	0.125986298459	0.0400269238598	0.00357828389072	0.830408493791
-awi	0.506181818182	0.397090909091	0.00436363636364	0.0923636363636
-awo	0.307561143847	0.486321198827	0.161534214205	0.0445834431207
-awa	0.426915775252	0.301121757833	0.0947115782981	0.177250888618
-sat	0.0	1.0	0.0	0.0
-awe	0.180192239761	0.682785803261	0.0363470727127	0.100674884266
-276	0.0	0.118811881188	0.0	0.881188118812
-ato	0.484531337376	0.288741197483	0.084597676537	0.142129788604
-oba	0.407748393475	0.203287197232	0.0534478497281	0.335516559565
-nap	0.0	1.0	0.0	0.0
--ae	0.253155159614	0.334818114328	0.296213808463	0.115812917595
-eyo	0.432494279176	0.389016018307	0.12356979405	0.0549199084668
-eya	0.276298268975	0.349755881048	0.255215268531	0.118730581447
-200	0.0825501651003	0.149225298451	0.0838201676403	0.684404368809
-eye	0.0	1.0	0.0	0.0
--wa	0.3	0.7	0.0	0.0
-iok	0.0445598238638	0.91600670369	0.0	0.0394334724459
-lek	0.0240963855421	0.975903614458	0.0	0.0
-lel	0.0	1.0	0.0	0.0
-ion	0.0676451552289	0.886506461783	0.0251790300019	0.0206693529866
-mum	0.0452213235933	0.954778676407	0.0	0.0
-lea	0.223628691983	0.767932489452	0.0084388185654	0.0
-mus	0.039886039886	0.825498575499	0.0299145299146	0.104700854701
-ios	0.0	1.0	0.0	0.0
-les	0.0	1.0	0.0	0.0
-oik	0.293706293706	0.265734265734	0.440559440559	0.0
-iot	0.024650780608	0.965488907149	0.0	0.00986031224324
-alu	0.143940553585	0.688904101695	0.0469604950002	0.12019484972
-iba	0.158227848101	0.725316455696	0.0645569620253	0.0518987341772
-alo	0.563647478769	0.173437940661	0.0462465353298	0.216668045241
--ri	0.18990359387	0.704977327936	0.0597671802256	0.0453518979688
-nda	0.4	0.6	0.0	0.0
-ale	0.200098489823	0.573210768221	0.182042022324	0.0446487196323
-nde	0.666666666667	0.333333333333	0.0	0.0
-gia	0.415401600883	0.377587634557	0.0365719017389	0.170438862821
-ala	0.195328027587	0.141663018922	0.0973967387337	0.565612214757
-lon	0.0223463687151	0.856610800745	0.04034761018	0.08069522036
-obe	0.498113207547	0.456603773585	0.0301886792453	0.0150943396226
-yoa	0.532610159707	0.174076390225	0.095867808351	0.197445641716
-iel	0.0190194420964	0.980980557904	0.0	0.0
-pea	0.467366242169	0.147284890566	0.0324983313968	0.352850535868
-pel	0.0625562374255	0.842651474558	0.000909908908008	0.0938823791085
-pen	0.0566533093823	0.926765234213	0.0165814564046	0.0
-eli	0.009324009324	0.9662004662	0.0034965034965	0.020979020979
-elo	0.475363788866	0.290172824094	0.099481137596	0.134982249444
-ogo	0.127539783205	0.581021595366	0.0558305826681	0.235608038761
-oga	0.322916666667	0.583333333333	0.03125	0.0625
-ori	0.0	1.0	0.0	0.0
-ela	0.0372159019577	0.0650614922495	0.027618344333	0.87010426146
-oge	0.142053497524	0.0683360960249	0.269972963803	0.519637442648
-ele	0.154213036566	0.759936406995	0.0476947535771	0.0381558028617
-abu	0.0518283966353	0.00936104785003	0.00183591190925	0.936974643605
-itu	0.18511762332	0.767372420175	0.0158366521684	0.0316733043368
-esu	0.0971151224646	0.663890843843	0.00220962598038	0.236784407712
-esi	0.255837056094	0.280591475347	0.284759531694	0.178811936865
-iti	0.262667368025	0.44740803211	0.0385771751168	0.251347424748
-esa	0.673415204002	0.0731106088107	0.0241646775308	0.229309509656
-ite	0.396364747213	0.531846647319	0.00458225141285	0.0672063540553
-ita	0.217870461835	0.595628731476	0.0352199847545	0.151280821934
-spa	0.0524475524476	0.748251748252	0.199300699301	0.0
-bru	0.0	0.949806949807	0.050193050193	0.0
-udu	0.0670514530205	0.721980963167	0.0801773796239	0.130790204189
-ute	0.256157635468	0.625615763547	0.0738916256158	0.0443349753694
-666	0.0653594771242	0.0	0.0	0.934640522876
-fas	0.0168831168831	0.971428571429	0.0	0.0116883116883
-uda	0.035457809369	0.735040573288	0.126204298352	0.103297318992
-fat	0.0	1.0	0.0	0.0
-ude	0.442114757859	0.263968249594	0.0823448959937	0.211572096553
-udi	0.580536912752	0.419463087248	0.0	0.0
-hum	0.0	1.0	0.0	0.0
--sa	0.623501199041	0.232613908873	0.0	0.143884892086
-rim	0.0	1.0	0.0	0.0
--si	0.270386266094	0.562231759657	0.167381974249	0.0
-rik	0.0162736253069	0.539484954034	0.434534345914	0.00970707474447
-abe	0.240888817455	0.551774018564	0.128179370756	0.0791577932254
-aba	0.378890579345	0.117716261736	0.0581642774043	0.445228881515
--su	0.131868131868	0.802197802198	0.0	0.0659340659341
-woa	0.394099891503	0.325397338004	0.19382223639	0.0866805341038
-abo	0.215164457142	0.402080038481	0.194247461901	0.188508042475
-ron	0.00796268911385	0.976111932658	0.00796268911388	0.00796268911386
-aea	0.201352013935	0.326466889565	0.279164863462	0.193016233038
-tua	0.391264258323	0.156692303152	0.0427284079529	0.409315030573
-koa	0.392079981416	0.0627066820348	0.00762920262718	0.537584133922
-kol	0.0	1.0	0.0	0.0
-ael	0.00908191709379	0.974291880227	0.00526031831669	0.0113658843629
-sos	0.0185185185185	0.888888888889	0.0	0.0925925925926
-roi	0.666666666667	0.333333333333	0.0	0.0
-sol	0.0413992297818	0.892490372272	0.0	0.0661103979461
-son	0.0	1.0	0.0	0.0
-oro	0.157966662395	0.292318130837	0.118389903354	0.431325303415
-kos	0.0226586102719	0.891238670695	0.0271903323263	0.0589123867069
-kta	0.0	0.972286374134	0.013856812933	0.013856812933
-ora	0.368114727991	0.127307134773	0.0403339511911	0.464244186044
-soa	0.0	1.0	0.0	0.0
-ore	0.104279146879	0.0686360903156	0.0138485673929	0.813236195413
-rus	0.0407266491613	0.884732865334	0.00643052355179	0.0681099619528
-liv	0.0347349177331	0.960390006094	0.00365630712979	0.00121876904326
-lip	0.0	0.993162393162	0.0	0.0068376068376
-rut	0.0212514757969	0.553719008264	0.0	0.425029515939
-lis	0.0934579439252	0.845126835781	0.00801068090787	0.0534045393858
-ruk	0.0	1.0	0.0	0.0
-omi	0.154430379747	0.724050632911	0.00759493670885	0.113924050633
-rui	0.554845580405	0.210862619808	0.166134185303	0.0681576144835
-omo	0.292228689485	0.369892131349	0.116182284114	0.221696895052
-rum	0.044212465459	0.714154129567	0.130795210316	0.110838194658
-oma	0.158455633809	0.126287303804	0.118897943339	0.596359119047
-rua	0.126970675016	0.06474953249	0.0114459521535	0.796833840341
-lia	0.430938160438	0.184938984051	0.0590743665893	0.325048488922
-ome	0.146223020936	0.221724204842	0.144453106533	0.487599667688
-gau	0.375	0.25	0.375	0.0
-abi	0.204007939355	0.110521239368	0.0158627671362	0.669608054141
-eaa	0.153169014084	0.735915492958	0.0475352112676	0.0633802816901
-oda	0.156796966161	0.749854142357	0.0175029171529	0.075845974329
-eae	0.292290382662	0.533873933449	0.117888567235	0.055947116654
-ode	0.256230432625	0.351616634395	0.156671778161	0.235481154819
-rna	0.0	1.0	0.0	0.0
--an	1.0	0.0	0.0	0.0
--aa	0.409090909091	0.193181818182	0.329545454545	0.0681818181818
-lnu	0.224525043178	0.47322970639	0.13816925734	0.164075993091
-rni	0.0	1.0	0.0	0.0
-odo	0.0853530510271	0.609998485843	0.151340029274	0.153308433857
-uri	0.148411278563	0.215184319227	0.0579593161274	0.578445086082
-lwa	0.571428571429	0.217391304348	0.136645962733	0.0745341614907
-ura	0.324147255467	0.466340423221	0.167836245609	0.041676075703
-ure	0.161225955783	0.667012530928	0.0520392688961	0.119722244393
-ipe	0.489028213166	0.435736677116	0.0376175548589	0.0376175548589
-uru	0.0684593418424	0.603092624358	0.0657518068873	0.262696226913
-pai	0.00596718050723	0.976131277971	0.0	0.0179015415216
-dus	0.0	0.803636363636	0.0218181818182	0.174545454545
-was	0.705924510272	0.26182513139	0.0	0.0322503583373
-pan	0.821428571429	0.178571428571	0.0	0.0
-pao	0.0925925925926	0.740740740741	0.148148148148	0.0185185185185
-paa	0.148456080065	0.616728306978	0.168273197628	0.0665424153295
-api	0.0500373156574	0.683847891954	0.0143987559575	0.251716036431
-pae	0.141480202404	0.122263439365	0.0142072639697	0.722049094261
-ave	0.555555555556	0.444444444444	0.0	0.0
-dua	0.341838134431	0.520698866508	0.0192043895748	0.118258609487
-wae	0.162625682191	0.200592369487	0.235103347902	0.401678600419
-waa	0.0754716981132	0.72641509434	0.0283018867925	0.169811320755
-apu	0.0890874769151	0.109531909154	0.133432830486	0.667947783445
-wan	0.156526129765	0.731549272069	0.00925692165278	0.102667676513
-pas	0.0525578135949	0.89838822705	0.0280308339173	0.021023125438
-pat	0.144578313253	0.759036144578	0.0963855421687	0.0
-wai	0.301997667173	0.661311993385	0.0248047365235	0.0118856029175
-aro	0.178731812466	0.675767918089	0.113166876235	0.03233339321
-kea	0.387298152156	0.144331613118	0.0270517729316	0.441318461795
-sen	0.252830188679	0.696855345912	0.0150943396226	0.0352201257861
-kem	0.0397350993378	0.960264900662	0.0	0.0
-kel	0.147321428571	0.839285714286	0.0133928571429	0.0
-sus	0.0176962149762	0.973455677536	0.00393249221694	0.00491561527118
-sur	0.0	0.75	0.0	0.25
-nua	0.311998587324	0.576982106108	0.0599733161254	0.0510459904426
-ket	0.204174361925	0.70206187167	0.0837355560941	0.0100282103107
-600	0.161764705882	0.470588235294	0.227941176471	0.139705882353
-sua	0.194046445013	0.163002802398	0.0712970558886	0.5716536967
-fet	0.224082934609	0.474481658692	0.0350877192982	0.2663476874
-fes	0.103448275862	0.818965517241	0.051724137931	0.0258620689655
-dim	0.0	1.0	0.0	0.0
--tu	0.0	0.857142857143	0.142857142857	0.0
-tus	0.0829706991587	0.886858137511	0.0130548302872	0.0171163330432
--to	0.333333333334	0.666666666666	0.0	0.0
-dis	0.247636595564	0.738605815794	0.0137575886424	0.0
--ta	0.477477477477	0.27027027027	0.252252252253	0.0
-sli	0.0	1.0	0.0	0.0
-kop	0.00306748466257	0.996932515337	0.0	0.0
-uku	0.360278534665	0.618104753255	0.0	0.0216167120799
-ven	0.110294117647	0.788602941176	0.0431985294118	0.0579044117647
-tpu	0.552147239264	0.251533742331	0.0	0.196319018405
-ova	0.0	0.994433144203	0.00128465903008	0.00428219676694
-lua	0.511866834483	0.18058744891	0.0483477689656	0.259197947641
-uki	0.667721518987	0.253164556962	0.0316455696203	0.0474683544304
-ait	0.0	1.0	0.0	0.0
-vai	0.0167753960857	0.970177073625	0.0130475302889	0.0
-ais	0.202860034755	0.766733178271	0.00822182174533	0.022184965229
-tis	0.11565150347	0.861218195837	0.0	0.0231303006939
-aia	0.187150573297	0.521163018415	0.0503016519789	0.241384756309
-tia	0.191800282538	0.537130132901	0.120475370916	0.150594213645
-aim	0.0	1.0	0.0	0.0
-ail	0.300198807157	0.369781312127	0.151093439364	0.178926441352
-ain	0.0160744300682	0.939763188376	0.0054145448651	0.0387478366908
-eme	0.243813772703	0.123810370378	0.0326441669339	0.599731689985
-ema	0.409113663918	0.241043615055	0.0922112461217	0.257631474905
-emo	0.117934387322	0.782536462122	0.0503770623588	0.0491520881981
-260	0.0	0.144131777625	0.0205902539464	0.835277968428
-mmi	0.0	1.0	0.0	0.0
-ems	0.0	1.0	0.0	0.0
-dal	0.0	1.0	0.0	0.0
-ana	0.157723410821	0.296302915316	0.0577865016914	0.488187172172
-ses	0.138027562446	0.785529715762	0.00904392764857	0.067398794143
-mda	0.272394434952	0.689528923603	0.0117158896754	0.0263607517696
-ser	0.0	1.0	0.0	0.0
-ani	0.0889742047113	0.811245085557	0.0300428600077	0.0697378497242
-ane	0.139178099697	0.252628665844	0.109828671776	0.498364562683
-wsa	0.21875	0.78125	0.0	0.0
-000	0.0576844834788	0.21363737462	0.0134182131833	0.715259928718
-eta	0.432269206309	0.352482341524	0.02174278584	0.193505666327
-ete	0.320093306551	0.493293591654	0.0894187779434	0.0971943238514
-kus	0.0383644623927	0.938919737506	0.0121150933872	0.0106007067138
-eti	0.2	0.8	0.0	0.0
-eto	0.425533510858	0.368675692908	0.114765780295	0.0910250159397
-o-e	0.197530864197	0.518518518519	0.154320987654	0.12962962963
-buk	0.358683208208	0.57422227604	0.00963210849607	0.0574624072566
-atu	0.174662136575	0.483212202079	0.0948402393587	0.247285421988
-bul	0.04	0.949090909091	0.0109090909091	0.0
-lim	0.0	0.976	0.024	0.0
-uya	0.100278551532	0.398328690808	0.33426183844	0.16713091922
-bua	0.421161825726	0.266597510373	0.134854771784	0.177385892116
-lio	0.063829787234	0.893617021277	0.0	0.0425531914894
-ata	0.544697170281	0.252116539141	0.0569284737629	0.146257816815
-bus	0.130995337523	0.801135211839	0.00551388607338	0.0623555645652
-wea	0.259352551544	0.538203190596	0.119414124452	0.0830301334079
-ati	0.38408213737	0.337242852325	0.220969011129	0.0577059991757
-ose	0.147058823529	0.852941176471	0.0	0.0
-nis	0.116854636591	0.873746867168	0.00751879699246	0.00187969924812
-kai	0.311111111111	0.688888888889	0.0	0.0
-ian	0.0582726326743	0.871314602844	0.0704127644814	0.0
-osa	0.514223194748	0.459518599562	0.0131291028446	0.0131291028446
-ulo	0.818181818182	0.181818181818	0.0	0.0
--pi	0.388489208633	0.503597122302	0.0647482014389	0.0431654676259
-oso	0.390371292872	0.429034809003	0.0208920310066	0.159701867119
-ula	0.49148095955	0.276145082266	0.0559810992967	0.176392858888
-osi	0.0733944954128	0.908256880734	0.0183486238532	0.0
-nes	0.0967741935484	0.903225806452	0.0	0.0
-osu	0.412213740458	0.496183206107	0.0	0.0916030534351
-nia	0.181968587634	0.599597268638	0.0180344736685	0.20039967006
-kas	0.0	1.0	0.0	0.0
-kar	0.0	1.0	0.0	0.0
-kap	0.0144334856868	0.968246331489	0.0115467885494	0.00577339427472
-nin	0.0	0.076923076923	0.0	0.923076923077
-nil	0.149812734082	0.790262172285	0.0	0.0599250936329
-ulu	0.399880613075	0.213274871839	0.0678777956171	0.318966719469
--pu	0.214592274678	0.553648068669	0.0257510729614	0.206008583691
-fik	0.00311332503114	0.943700705687	0.0531859692819	0.0
-ate	0.429285173044	0.343514852889	0.100288913111	0.126911060955
-mde	0.658333333333	0.2	0.075	0.0666666666667
-fia	0.0	1.0	0.0	0.0
-gla	0.4	0.4	0.2	0.0
-epi	0.0	0.76	0.24	0.0
-ias	0.0346129641284	0.938325991189	0.019509125236	0.0075519194462
-mri	0.333333333333	0.666666666667	0.0	0.0
-wel	0.0400667779633	0.919866444073	0.0300500834725	0.0100166944908
--ki	1.0	0.0	0.0	0.0
-ila	0.0151268978654	0.961342372122	0.00840383214746	0.0151268978654
-ilo	0.449945234994	0.33731637947	0.10625087331	0.106487512226
-yus	0.04	0.96	0.0	0.0
-vit	0.0343160947317	0.959884001933	0.0	0.00579990333494
-ili	0.00827167635925	0.974373027231	0.01248363426	0.00487166215023
-oam	0.0309831621268	0.938033675746	0.0	0.0309831621268
-oak	0.0	1.0	0.0	0.0
-lme	0.333333333333	0.666666666667	0.0	0.0
-ebo	0.0689475907334	0.682977548169	0.106898008253	0.141176852845
-eba	0.250746268657	0.655223880597	0.0940298507463	0.0
-oae	0.124537823923	0.786815682094	0.0684947425392	0.0201517514439
-amu	0.457522903181	0.240371394584	0.0646541735543	0.237451528681
-ebe	0.406063645216	0.415233626045	0.0437098974593	0.13499283128
-oaa	0.424083769633	0.30890052356	0.0	0.267015706806
-ami	0.154469149469	0.51672123271	0.156897537172	0.17191208065
-amo	0.118428950819	0.297708039898	0.557154382262	0.0267086270204
-ama	0.393814752318	0.391176083735	0.0968018385008	0.118207325446
--bi	0.0	1.0	0.0	0.0
-ame	0.14702829681	0.300317851984	0.0680585907785	0.484595260428
-oar	0.0	1.0	0.0	0.0
-oap	0.0	1.0	0.0	0.0
-lva	0.0223255813953	0.893023255814	0.0790697674418	0.00558139534885
-usi	0.0598007768556	0.523962132753	0.301766956476	0.114470133915
-iri	0.280961364274	0.226704100425	0.0453423573065	0.446992177994
-gus	0.0125786163522	0.987421383648	0.0	0.0
-ire	0.224609375	0.62890625	0.0	0.146484375
-usa	0.6150679686	0.215249856404	0.048104537622	0.121577637373
-ira	0.230321596335	0.670239602708	0.060416948024	0.039021852933
-eon	0.119791666667	0.84375	0.015625	0.0208333333333
-iru	0.067059075436	0.578169312586	0.320446769182	0.0343248427961
-gua	0.440381597629	0.265324930879	0.0587839689143	0.235509502578
-eir	0.0	1.0	0.0	0.0
-noi	0.0362882322446	0.659797822706	0.303913945049	0.0
-usu	0.648997134671	0.243553008596	0.025787965616	0.0816618911175
--ai	0.625	0.375	0.0	0.0
-epe	0.105474628835	0.132848104493	0.281801775428	0.479875491244
-epa	0.507889573149	0.164384866277	0.0262695514216	0.301456009152
-epo	0.102256189559	0.31392130275	0.245945492927	0.337877014764
-kal	0.0	1.0	0.0	0.0
-ges	0.0230769230769	0.884615384615	0.0923076923077	0.0
-a-i	0.247058823529	0.544117647059	0.15	0.0588235294116
-epu	0.158151886197	0.0722958562154	0.0533023208719	0.716249936716
-kaa	0.259210567502	0.557986665415	0.080445738254	0.102357028829
-e-e	0.25	0.75	0.0	0.0
-win	0.0	0.794520547945	0.205479452055	0.0
--pe	0.363636363636	0.545454545455	0.0	0.0909090909091
-e-a	0.500113930328	0.238918600131	0.157022799469	0.103944670071
-ius	0.0678395496129	0.869528501056	0.0448979591837	0.0177339901478
-e-i	0.082191780822	0.191780821918	0.72602739726	0.0
-ium	0.149410222805	0.771952817825	0.0314547837483	0.0471821756225
-iua	0.631578947369	0.368421052631	0.0	0.0
-wit	0.0652567975831	0.896072507553	0.0132930513595	0.0253776435045
-eam	0.0184678522572	0.934336525308	0.0	0.047195622435
--ya	0.132547309063	0.753822504692	0.0219576998256	0.0916724864195
-uel	0.0	1.0	0.0	0.0
--yo	0.260869565217	0.565217391305	0.0869565217391	0.086956521739
-owa	0.311155913978	0.459005376344	0.0806451612903	0.149193548387
-sda	0.0	1.0	0.0	0.0
-agu	0.155477746791	0.11022134443	0.0503435413349	0.683957367444
-agi	0.156510308145	0.707968700698	0.0725755781917	0.0629454129652
-tsi	0.309523809524	0.285714285714	0.261904761905	0.142857142857
-ago	0.45454064736	0.220680252939	0.0856003227381	0.239178776963
-aga	0.461135151549	0.295103289355	0.112929926705	0.130831632391
-min	0.592179080095	0.233863104729	0.125327435534	0.0486303796418
--lo	0.154363318542	0.732687911792	0.101653892699	0.0112948769665
-age	0.014283709735	0.00949619042351	0.015532020093	0.960688079748
-ote	0.0737032885115	0.823171515879	0.014608809956	0.0885163856532
-ege	0.204029777905	0.280759785884	0.40805955581	0.1071508804
-one	0.167235155125	0.11372630709	0.0196054728776	0.699433064908
-rta	0.0	0.9710538218	0.0	0.0289461781999
-anu	0.0892124585656	0.281304576573	0.0360664814424	0.593416483419
-ega	0.0500417014178	0.824854045038	0.0	0.125104253545
-ona	0.10667536228	0.337840129007	0.0330968882926	0.52238762042
-ego	0.122347066167	0.788181439867	0.0894714939658	0.0
-ono	0.333222068302	0.351020528796	0.0209939667666	0.294763436135
-dap	0.0	1.0	0.0	0.0
-oea	0.0932642487047	0.906735751295	0.0	0.0
--ga	0.340083165771	0.219515776083	0.0719957916629	0.368405266484
-das	0.0931454502031	0.892524480535	0.0014330069262	0.0128970623358
-450	0.1875	0.78125	0.03125	0.0
-dam	0.00761421319796	0.984771573604	0.00380710659898	0.00380710659899
-dan	0.0433436532508	0.950464396285	0.0	0.00619195046439
-onu	0.119460779499	0.632464022724	0.101114878994	0.146960318783
-dai	0.333876221498	0.568403908795	0.0977198697068	0.0
-dae	0.697920957357	0.199644459861	0.0386975090511	0.0637370737312
-ank	0.347280334728	0.41370292887	0.0784518828452	0.160564853557
-daa	0.172130738005	0.141734488786	0.0578589526157	0.628275820593
-ano	0.473804780996	0.223592542058	0.0799580267985	0.222644650147
-ksa	0.0145391605366	0.917611423626	0.050887061878	0.0169623539593
-tan	0.049539794261	0.811586356253	0.0592853275582	0.0795885219274
-air	0.0	0.992537313433	0.0	0.00746268656716
-tae	0.255317625152	0.499033159063	0.0761536441548	0.16949557163
-taa	0.190682196339	0.710038824182	0.0349417637271	0.0643372157515
-yis	0.0193131245277	0.888823578806	0.0876647913343	0.0041985053321
-rga	0.100558659218	0.899441340782	0.0	0.0
-tat	0.0	1.0	0.0	0.0
-mia	0.120274914089	0.838487972509	0.0	0.0412371134021
-enu	0.139326116159	0.527983920044	0.0420855400355	0.290604423761
-ney	0.571428571428	0.428571428572	0.0	0.0
-ens	0.046568627451	0.953431372549	0.0	0.0
-mis	0.0287769784172	0.971223021583	0.0	0.0
-eno	0.0	1.0	0.0	0.0
-eni	0.0588235294117	0.941176470588	0.0	0.0
-enk	0.154981549815	0.786900369004	0.0	0.0581180811808
-end	0.357142857143	0.642857142857	0.0	0.0
-ene	0.0918944482835	0.814776656881	0.0637585568735	0.0295703379623
-ena	0.113693168146	0.420037207621	0.0350850898408	0.431184534392
