jer-	0.00709032456952	0.983132954595	0.000528471396486	0.0092482494385
kud-	0.170789582314	0.72664918904	0.0630452076402	0.039516021006
rah-	0.0252659574468	0.974734042553	0.0	0.0
lɔf-	0.176493197297	0.550831729697	0.125080008922	0.147595064085
kɔp-	0.368001212649	0.415427174716	0.12221232734	0.0943592852947
oyy-	0.400313971743	0.122448979592	0.342229199372	0.135007849294
bɔl-	0.109389243391	0.616833789122	0.192342752963	0.0814342145245
nak-	0.232934224848	0.209143212564	0.133727258591	0.424195303996
maa-	0.148104842639	0.116405209653	0.00292312189419	0.732566825814
uti-	0.303017510058	0.140621635405	0.117300391001	0.439060463535
jac-	0.0	0.990272899216	0.0	0.00972710078356
mpp-	0.548335410361	0.361936977034	0.0747730105038	0.0149546021008
lɛf-	0.131340341528	0.65875246571	0.0429679728354	0.166939219927
ann-	0.0633150480946	0.0459631159384	0.00911071521898	0.881611120748
ogo-	0.0582524271844	0.935922330097	0.00582524271844	0.0
zec-	0.25	0.739726027397	0.0	0.0102739726027
ffɛ-	0.588914549654	0.110854503464	0.300230946882	0.0
unn-	0.378505503363	0.0977821650355	0.0264117130532	0.497300618549
ɔma-	0.448701759485	0.296835161392	0.0361628639308	0.218300215192
syc-	0.0	1.0	0.0	0.0
ɔye-	0.77641984184	0.202012940331	0.0215672178289	0.0
ɛny-	0.146422628952	0.444259567388	0.282029950083	0.127287853577
mah-	0.0	1.0	0.0	0.0
nfo-	0.41910023678	0.258879242305	0.125493291239	0.196527229676
nww-	0.387990762125	0.0531177829099	0.0	0.558891454965
joe-	0.037037037037	0.888888888889	0.0	0.0740740740741
nle-	0.305577567573	0.0299296748699	0.00297412745962	0.661518630098
eno-	0.0461538461538	0.953846153846	0.0	0.0
aku-	0.608063961422	0.243454940334	0.043658652747	0.104822445498
ɔgɔ-	0.488503511863	0.42158365554	0.0446132375483	0.0452995950491
baf-	0.471385292608	0.130988641517	0.0353876725984	0.362238393277
ite-	0.159231819967	0.655727877137	0.030944736771	0.154095566125
ɛ̀z-	0.0	0.0825688073395	0.917431192661	0.0
ufu-	0.660420568128	0.131286523319	0.0734245617202	0.134868346833
lis-	0.141473793535	0.17802819762	0.0352954920795	0.645202516766
kan-	0.187614678899	0.113073394495	0.101490825688	0.597821100917
lùl-	0.203389830508	0.449152542373	0.169491525424	0.177966101695
ana-	0.133170583796	0.0367012292597	0.00870850852831	0.821419678416
bɛk-	0.132986274636	0.264487006471	0.222569984627	0.379956734266
zɛk-	0.647985989492	0.299474605954	0.0262697022767	0.0262697022767
izz-	0.309794952798	0.35688496937	0.232092125122	0.101227952709
bɛy-	0.243535188216	0.392253136934	0.28041462084	0.0837970540099
bap-	0.50193668789	0.289397775664	0.0315341978525	0.177131338594
egb-	0.333333333333	0.252873563218	0.413793103448	0.0
une-	0.579710144928	0.217391304348	0.202898550725	0.0
bɛn-	0.369309606535	0.27937455705	0.0757453654846	0.275570470931
ibb-	0.314991591996	0.502477121828	0.10119164411	0.0813396420654
azo-	0.0	1.0	0.0	0.0
kat-	0.56738177624	0.231866864393	0.124409293129	0.0763420662382
ayɛ-	0.580338794104	0.124923575347	0.0560929351105	0.238644695438
abi-	0.00793650793651	0.968253968254	0.0238095238095	0.0
etu-	0.464584641793	0.234566850914	0.247600983878	0.0532475234146
aya-	0.391645181274	0.117919826428	0.0452399582878	0.445195034009
mil-	0.0654420206659	0.888633754305	0.0137772675086	0.0321469575201
ner-	0.0	1.0	0.0	0.0
tib-	0.0429338103756	0.953488372093	0.00357781753132	0.0
ufo-	0.593439855878	0.26227592531	0.0766864942506	0.0675977245615
ɛpp-	0.461309523809	0.464285714286	0.0520833333333	0.0223214285714
ikɛ-	0.213031161473	0.339376770538	0.386402266289	0.0611898016997
imm-	0.216559755022	0.598922494525	0.0479709321287	0.136546818324
sog-	0.767857142857	0.125	0.107142857143	0.0
ari-	0.00986193293886	0.990138067061	0.0	0.0
zɔn-	0.156676787066	0.155916609947	0.032039859589	0.655366743398
ɔbɛ-	0.406534298306	0.259897434049	0.0860742837057	0.247493983939
bay-	0.417622790086	0.355197887654	0.0570793220864	0.170100000174
nka-	0.633641539929	0.220441007659	0.0515708256472	0.0943466267654
kɔw-	0.325028511273	0.460332777729	0.0394771471182	0.17516156388
uga-	0.0336448598131	0.915887850467	0.0140186915888	0.0364485981308
ngy-	0.483516483516	0.461538461538	0.032967032967	0.021978021978
yɛn-	0.378492356352	0.271129854156	0.025303110174	0.325074679318
mar-	0.011683525445	0.892574296244	0.0	0.095742178311
uyi-	0.103398905514	0.828034974548	0.00918060697566	0.0593855129626
uli-	0.675339483777	0.102622576967	0.197159738779	0.0248782004768
abr-	0.0206201794428	0.951833779317	0.0205414764678	0.00700456477255
bik-	0.124120414924	0.652203553092	0.107917337881	0.115758694102
gbe-	0.418344519016	0.10514541387	0.0738255033557	0.402684563758
oko-	0.129328327076	0.33249895703	0.52816020025	0.0100125156446
adm-	0.0	1.0	0.0	0.0
ful-	0.0745752115569	0.308460044209	0.117221515172	0.499743229062
zac-	0.0944749051034	0.882749894559	0.00506115563054	0.0177140447069
ɛka-	0.207547169811	0.51179245283	0.120283018868	0.160377358491
bɛb-	0.288821601732	0.553017381806	0.0929648722715	0.0651961441904
her-	0.0287431958643	0.88276355826	0.0473788942819	0.0411143515935
ate-	0.419181213813	0.36707681632	0.0921283241633	0.121613645704
wɛɛ-	0.0461355036027	0.308019283604	0.0885905344462	0.557254678347
igb-	0.213285626325	0.664090782372	0.0432311336364	0.0793924576664
ddɔ-	0.16288885415	0.242301078631	0.486947006409	0.10786306081
kam-	0.564665055227	0.196425048637	0.00754739353899	0.231362502597
ibi-	0.12380524729	0.766181281673	0.100391301559	0.00962216947848
yɔn-	0.16656984515	0.137700937833	0.0179107360377	0.677818480979
zzɔ-	0.041757615187	0.137621338307	0.059760489267	0.76086055724
biy-	0.204507610404	0.634372288281	0.0865404910997	0.074579610216
sin-	0.0583333333333	0.929166666667	0.0125	0.0
ɔkɔ-	0.3556243062	0.18228847755	0.084758983821	0.377328232429
ddu-	0.0606060606061	0.222222222222	0.717171717172	0.0
kim-	0.508628472558	0.187224912406	0.0278928715586	0.276253743478
wɔy-	0.353498909688	0.0793803630597	0.0142731726658	0.552847554586
dor-	0.0867768595041	0.429752066116	0.0165289256198	0.46694214876
atɔ-	0.612239287692	0.156365400688	0.0869729475421	0.144422364078
ger-	0.0130434782609	0.947826086957	0.0130434782609	0.0260869565217
ewo-	0.605855855856	0.279279279279	0.0608108108108	0.0540540540541
luw-	0.235320645801	0.646522954812	0.0688494032049	0.0493069961817
imɛ-	0.628612716763	0.151734104046	0.0173410404624	0.202312138728
ɛmɛ-	0.570490975641	0.265429761454	0.0883503723337	0.0757288905718
anɔ-	0.479166666667	0.3125	0.0208333333333	0.1875
uku-	0.519153942955	0.174052644459	0.0474122876467	0.25938112494
pwo-	0.393103448276	0.136206896552	0.124137931034	0.346551724138
agg-	0.517575949631	0.170768512917	0.077829484002	0.233826053449
igɔ-	0.018835119377	0.875917287888	0.012217374731	0.0930302180038
jor-	0.0	1.0	0.0	0.0
lɛp-	0.340281402324	0.160309564675	0.318480017895	0.180929015106
ɔgb-	0.291300210095	0.0630083513789	0.0582640745535	0.587427363973
myr-	0.0435483870968	0.898387096774	0.00967741935484	0.0483870967742
zzu-	0.139873123936	0.15054928052	0.630666872969	0.0789107225747
gen-	0.28125	0.69375	0.0125	0.0125
ɛkɛ-	0.0578185377998	0.313922678492	0.0061919913916	0.622066792317
naa-	0.136170212766	0.382127659574	0.107234042553	0.374468085106
jam-	0.00353710111496	0.987466359093	0.00592079969243	0.00307574009996
nza-	0.149687310874	0.0220563512877	0.00546925783964	0.822787079999
uzi-	0.137202681605	0.544586279732	0.279640003673	0.0385710349894
bɛp-	0.204982655314	0.50252286345	0.249921160517	0.042573320719
kid-	0.357158533909	0.528568293218	0.107688931158	0.00658424171482
lɛ̀-	0.0747752292217	0.744517966826	0.168244265749	0.0124625382036
ilɛ-	0.55136663525	0.331182483869	0.104400783006	0.0130500978758
itɔ-	0.184708181199	0.646882596137	0.0387784394292	0.129630783235
kiv-	0.418315018315	0.351648351648	0.10989010989	0.120146520147
por-	0.229411764706	0.770588235294	0.0	0.0
nlo-	0.400468988768	0.438889840655	0.0517831538096	0.108858016768
mmw-	0.0498984850851	0.697719818835	0.0351397782289	0.217241917851
sce-	0.0	0.806451612903	0.0	0.193548387097
cos-	0.0	1.0	0.0	0.0
ifa-	0.1553755473	0.448606289461	0.300329563987	0.0956885992515
bwɛ-	0.342268132062	0.265511089576	0.135982203819	0.256238574544
buu-	0.0939700795933	0.258115597783	0.237279659958	0.410634662666
zer-	0.0	1.0	0.0	0.0
nai-	0.0262265834077	0.877609277431	0.0705619982159	0.0256021409456
bak-	0.395812692895	0.296998399934	0.0718324240277	0.235356483143
ɛmm-	0.368646334939	0.359550561798	0.043873729267	0.227929373997
nkw-	0.116901374975	0.0673855746133	0.0078723957393	0.807840654672
haa-	0.4	0.15	0.2	0.25
ɛdd-	0.382096069869	0.331877729258	0.242358078603	0.0436681222707
ikà-	0.424242424242	0.454545454545	0.0	0.121212121212
gom-	0.020618556701	0.963917525773	0.0	0.0154639175258
epa-	0.00759782195772	0.969608712169	0.0151956439154	0.00759782195772
bwa-	0.101317707497	0.303106514671	0.0416304748257	0.553945303005
ɔff-	0.197441846684	0.215937793142	0.0688953748914	0.517724985283
sap-	0.0	1.0	0.0	0.0
asi-	0.250703395257	0.221341730138	0.0409460649011	0.487008809704
eve-	0.0336134453782	0.966386554622	0.0	0.0
nan-	0.0956891733864	0.0066219256184	0.00281784068869	0.894871060307
ɛww-	0.600694079293	0.358081817226	0.0	0.0412241034809
lin-	0.270848444757	0.515047874765	0.0365112695015	0.177592410976
bɛw-	0.549557275683	0.288593077402	0.112471788534	0.0493778583808
ɔww-	0.566382872514	0.331739648909	0.0430183865332	0.0588590920436
ssi-	0.462350780533	0.13789409244	0.0532598714417	0.346495255586
ill-	0.276500157017	0.562863570042	0.112304823104	0.0483314498367
usi-	0.377850977594	0.0929319366207	0.0339153625676	0.495301723217
ufi-	0.568725698139	0.191015290372	0.0383857526633	0.201873258825
ass-	0.281631395735	0.181752929523	0.0656370456409	0.470978629102
kya-	0.279813457695	0.340439706862	0.102598267821	0.277148567622
nsu-	0.407894736842	0.513157894737	0.0789473684211	0.0
aso-	0.200581395349	0.754360465116	0.0232558139535	0.0218023255814
uki-	0.4772546611	0.327556080341	0.144417486101	0.0507717724574
mel-	0.0448924354846	0.953707592515	0.00139997200056	0.0
add-	0.454268406346	0.374584378438	0.0393274451987	0.131819770018
kaf-	0.152380952381	0.338624338624	0.190476190476	0.318518518518
lɛy-	0.540197633627	0.087064549326	0.125880566974	0.246857250073
ɔdɔ-	0.703455215493	0.0415985923978	0.034333839443	0.220612352666
elɔ-	0.386666666667	0.106666666667	0.04	0.466666666667
ìyɔ-	0.268542199488	0.659846547315	0.0102301790281	0.0613810741688
isa-	0.377681555647	0.352345387682	0.0470909722996	0.222882084371
kez-	0.0943396226415	0.905660377359	0.0	0.0
ɔpk-	0.488717199793	0.436095538701	0.0	0.0751872615066
kɛs-	0.20144333069	0.53683704219	0.102479029657	0.159240597463
luv-	0.258642062004	0.531711477359	0.0101365998424	0.199509860795
eut-	0.0333333333333	0.888888888889	0.0777777777777	0.0
kɛn-	0.31652041606	0.324966771941	0.0320644861604	0.326448325838
bab-	0.425214066233	0.267711658825	0.141792351595	0.165281923347
ita-	0.268414753285	0.160046340578	0.0489261363927	0.522612769745
obo-	0.0	0.727891156463	0.190476190476	0.0816326530612
kɔl-	0.188532376473	0.228066725151	0.0393780909378	0.544022807438
ɔzz-	0.130872326284	0.0371342708442	0.0105864496279	0.821406953244
aff-	0.666364261848	0.111627031016	0.0385285020878	0.183480205048
lɛb-	0.225659085117	0.150195546823	0.28839898239	0.33574638567
udd-	0.735722838019	0.139607352267	0.0466854245236	0.07798438519
gbɔ-	0.138616650782	0.163708512411	0.0738909169379	0.623783919869
brɛ-	0.0393000078171	0.944563846348	0.00403403645881	0.0121021093764
ata-	0.38707773189	0.178444751654	0.0551684927669	0.379309023689
isɛ-	0.0856607629428	0.820844686648	0.0419504995459	0.0515440508629
tɔk-	0.115059693062	0.0466971399764	0.0416711096124	0.79657205735
pel-	0.0	1.0	0.0	0.0
bɔp-	0.132345317598	0.696886530662	0.102460891044	0.068307260696
ali-	0.634542448702	0.347952932024	0.0	0.0175046192745
jud-	0.0111238971998	0.962374027967	0.00788088014785	0.0186211946856
adu-	0.5098855359	0.321540062435	0.0	0.168574401665
ppw-	0.163783390181	0.086689916836	0.473843559575	0.275683133407
dod-	0.110072814318	0.119053580788	0.572929499314	0.197944105579
lɔy-	0.189670932358	0.595322311422	0.102138144822	0.112868611398
npp-	0.578978266438	0.117288679012	0.0512178172802	0.25251523727
eph-	0.0116030534351	0.968854961832	0.0143511450382	0.00519083969466
sab-	0.0	1.0	0.0	0.0
nli-	0.850746268657	0.0149253731343	0.0	0.134328358209
nyi-	0.325449979071	0.16145271089	0.0340375845432	0.479059725496
aki-	0.451986754967	0.327814569536	0.19238410596	0.0278145695364
kɔm-	0.63725549936	0.166534641399	0.121991347267	0.0742185119736
nin-	0.0881313705098	0.0743493142156	0.0566999679378	0.780819347337
ogb-	0.428571428571	0.428571428571	0.0	0.142857142857
efo-	0.426229508197	0.573770491803	0.0	0.0
eko-	0.143344709898	0.733788395905	0.109215017065	0.0136518771331
utd-	0.1875	0.59375	0.21875	0.0
bag-	0.447516176788	0.298413573293	0.0875994129016	0.166470837017
nfe-	0.298212333537	0.146438399796	0.0514212283951	0.503928038272
ɔtɔ-	0.635510452736	0.177233394432	0.0836288182996	0.103627334533
lyd-	0.0460526315789	0.769736842105	0.0	0.184210526316
tɛ́-	0.112935947489	0.0254658912895	0.0153956786443	0.846202482578
kɔs-	0.153824621401	0.580730551531	0.0398253972024	0.225619429865
lim-	0.499441644374	0.15876464895	0.110903574767	0.230890131909
ipp-	0.281708284306	0.531355164061	0.0325970532171	0.154339498416
ɛwɔ-	0.477611940299	0.438805970149	0.0597014925373	0.0238805970149
iki-	0.243584167029	0.632448890822	0.0600260983036	0.0639408438451
and-	0.00287356321839	0.995689655172	0.0	0.0014367816092
ipy-	0.607843137255	0.117647058824	0.156862745098	0.117647058824
ALL	0.247773540084	0.305227156694	0.0554303423199	0.391568960902
rac-	0.107784431138	0.820359281437	0.0359281437126	0.0359281437126
kùl-	0.246963562753	0.493927125506	0.242914979757	0.0161943319838
bày-	0.260240963855	0.696385542169	0.0433734939759	0.0
nii-	0.612903225806	0.161290322581	0.0967741935484	0.129032258065
npy-	0.566265060241	0.349397590361	0.0843373493975	0.0
cil-	0.0	1.0	0.0	0.0
per-	0.0	1.0	0.0	0.0
mgb-	0.208002744779	0.452759788995	0.0600420294205	0.279195436806
ikk-	0.211507886546	0.576245850937	0.0690444411051	0.143201821412
arm-	0.0	1.0	0.0	0.0
rhe-	0.011655011655	0.988344988345	0.0	0.0
big-	0.277904130497	0.630067407441	0.0796610007576	0.0123674613048
liv-	0.268852520846	0.40216301502	0.0639035475081	0.265080916626
nke-	0.543026706231	0.448071216617	0.00890207715133	0.0
gaa-	0.231896361008	0.040757947594	0.128851605468	0.59849408593
lid-	0.491674828599	0.204374795952	0.139405811296	0.164544564153
nyá-	0.0884955752212	0.203539823009	0.648967551622	0.0589970501475
kɛw-	0.601386217375	0.319067227325	0.02953713321	0.0500094220901
ɔny-	0.141843971631	0.633569739953	0.206855791962	0.0177304964539
ɔlɔ-	0.126571946923	0.435714790312	0.0144690638958	0.423244198869
ɛky-	0.593639575972	0.406360424028	0.0	0.0
fra-	0.0	1.0	0.0	0.0
izu-	0.145895681915	0.604398247114	0.20481509192	0.0448909790509
uff-	0.748217072301	0.0501930788159	0.00901594304056	0.192573905842
baw-	0.566101612289	0.28687391111	0.0668334685574	0.0801910080443
vvɔ-	0.0302881070787	0.0893100631097	0.10532518439	0.775076645421
lum-	0.270193872876	0.545310108877	0.0493990818087	0.135096936438
zza-	0.224358974359	0.708333333333	0.0224358974359	0.0448717948718
lìl-	0.8625	0.0625	0.075	0.0
lev-	0.0406331207181	0.945192534845	0.00425230333097	0.00992204110558
ssɔ-	0.0940836659852	0.0982053029565	0.127316392432	0.680394638627
arc-	0.0194805194805	0.954545454545	0.0	0.025974025974
iwu-	0.0880189174987	0.802285864425	0.0978717813978	0.0118234366789
ugɔ-	0.077578051088	0.850520340587	0.0378429517502	0.0340586565752
ami-	0.598794285991	0.215748156033	0.00657575083049	0.178881807145
lúb-	0.0	0.684931506849	0.315068493151	0.0
kɛk-	0.330080472448	0.396616621959	0.109912069595	0.163390835999
iku-	0.485071287261	0.328160341158	0.0576494339341	0.129118937647
lek-	0.608961303462	0.171079429735	0.0122199592668	0.207739307536
iss-	0.327969298274	0.309419308504	0.0394570783708	0.323154314851
sec-	0.0	1.0	0.0	0.0
eub-	0.0	1.0	0.0	0.0
mɛy-	0.366412213741	0.587786259542	0.0	0.0458015267176
nsi-	0.234363747086	0.0740008598837	0.036777321313	0.654858071718
fig-	0.353260869565	0.608695652174	0.0380434782608	0.0
laf-	0.106319174527	0.719272230381	0.051472409808	0.122936185285
bug-	0.138330324031	0.580331190863	0.202750822758	0.078587662348
jai-	0.0747011952191	0.890438247012	0.00199203187251	0.0328685258964
win-	0.141176470588	0.823529411765	0.0352941176471	0.0
tal-	0.0	1.0	0.0	0.0
bɔf-	0.254731481097	0.240831330863	0.017652651996	0.486784536044
lɛl-	0.424386687784	0.265720759178	0.0823838702059	0.227508682833
ogy-	0.0454141260162	0.874625959801	0.0551179990967	0.0248419150858
ɔll-	0.494875589233	0.232630637595	0.063080227162	0.20941354601
alp-	0.0	0.981093247588	0.0189067524116	0.0
epi-	0.018389865141	0.586228034328	0.395382100531	0.0
ɔat-	0.526315789474	0.438596491228	0.0350877192982	0.0
bin-	0.0599661106405	0.867081487243	0.0557646633982	0.0171877387186
jeh-	0.0	1.0	0.0	0.0
lem-	0.190548204159	0.523629489603	0.231379962193	0.0544423440454
inɛ-	0.432692307692	0.192307692308	0.375	0.0
ett-	0.187422353596	0.751103114424	0.0516214711048	0.00985306087478
kpi-	0.351923076923	0.0711538461539	0.415384615384	0.161538461538
nna-	0.404449154165	0.0577399935503	0.0180511827415	0.519759669543
éle-	0.0588235294118	0.482352941177	0.223529411765	0.235294117647
lud-	0.291428571429	0.545714285714	0.111428571429	0.0514285714285
ppy-	0.367918504169	0.456535000908	0.0476929752651	0.127853519658
wan-	0.0282424243485	0.649123832236	0.0154439276251	0.307189815791
ɛnn-	0.129007036747	0.695725827469	0.0913799843627	0.0838871514204
ɛtɔ-	0.149534411581	0.391044905062	0.104117171543	0.355303511814
umi-	0.480231822439	0.0270759322388	0.00728848118685	0.485403764135
ged-	0.0760789762844	0.077360098942	0.0909597086925	0.755601216081
ɛss-	0.20076332891	0.727620739256	0.0486988336475	0.022917098187
chi-	0.0338983050847	0.898305084746	0.0677966101695	0.0
kak-	0.335361988082	0.383162165589	0.258653480411	0.0228223659186
ben-	0.04329004329	0.727272727273	0.017316017316	0.212121212121
ekp-	0.0456803103361	0.900848938805	0.00672810772391	0.0467426431346
syr-	0.0206327372765	0.965612104539	0.00962861072902	0.00412654745529
vve-	0.137189602601	0.0979732141854	0.00821612200709	0.756621061206
íkk-	0.209090909091	0.361363636364	0.0204545454545	0.409090909091
bɛs-	0.169034950286	0.440199122603	0.127651231494	0.263114695617
ach-	0.0	1.0	0.0	0.0
ɔfɔ-	0.416403475407	0.259604166043	0.0323693196631	0.291623038887
inɔ-	0.0509554140127	0.898089171975	0.0509554140127	0.0
cyp-	0.00918133129303	0.983932670237	0.00459066564651	0.00229533282326
biw-	0.581282759458	0.272512246276	0.146204994265	0.0
bun-	0.242104458048	0.435105799752	0.161273357118	0.161516385082
der-	0.0118694362018	0.988130563798	0.0	0.0
ngw-	0.136054421769	0.795918367347	0.0680272108844	0.0
lam-	0.104201250044	0.773747867866	0.052917598472	0.0691332836178
igg-	0.3645214938	0.300338962241	0.0677073999536	0.267432144005
ɔlɛ-	0.685908767116	0.251299369443	0.0251167453764	0.0376751180645
iii-	0.0749944308003	0.103676496877	0.0128504126708	0.808478659652
ɔgɛ-	0.175198467013	0.369559266356	0.341910758281	0.113331508349
lɔk-	0.155050442253	0.447592791558	0.169923453404	0.227433312785
iwɔ-	0.215665746102	0.627540899598	0.0930194682682	0.0637738860317
chr-	0.0107313559877	0.969488640084	0.00248805080861	0.0172919531199
sat-	0.0652173913044	0.896946564885	0.00497842681713	0.032857616993
esl-	0.0	1.0	0.0	0.0
the-	0.0373831775701	0.942172897196	0.00700934579438	0.0134345794393
ntu-	0.31176026232	0.147792109688	0.0493102745197	0.491137353473
upi-	0.421219319082	0.423594615994	0.0712589073634	0.0839271575613
kis-	0.241158334232	0.543976200061	0.0923367149159	0.12252875079
bɛɛ-	0.356241831059	0.116416912368	0.0686950971154	0.458646159458
itɛ-	0.29438508752	0.419186178677	0.0981283625066	0.188300371297
uma-	0.0426714941488	0.935992758777	0.0128014482447	0.00853429882978
aka-	0.401497068046	0.318591859886	0.0723806149063	0.207530457162
ele-	0.359633372037	0.344508601644	0.0668354790804	0.229022547238
mbɔ-	0.118835412953	0.0243612596554	0.00713012477718	0.849673202614
luz-	0.182141253497	0.642962681932	0.0646639279505	0.110232136621
eup-	0.0	1.0	0.0	0.0
ded-	0.0124114018714	0.932392947566	0.00230934781684	0.0528863027457
cau-	0.162162162162	0.716216216216	0.0405405405405	0.0810810810811
ban-	0.292136340072	0.294702311005	0.0706139431964	0.342547405727
adr-	0.0552147239264	0.834355828221	0.110429447853	0.0
rom-	0.0376974019358	0.72905902045	0.189942507823	0.0433010697911
ise-	0.4	0.458823529412	0.0705882352941	0.0705882352942
odi-	0.0169491525423	0.957627118644	0.0254237288136	0.0
fet-	0.274193548387	0.262096774194	0.120967741935	0.342741935484
nba-	0.516906816217	0.203629076675	0.166049953339	0.113414153769
iyi-	0.410732062908	0.32582973839	0.086974970488	0.176463228214
ɛfa-	0.720010942416	0.188072767063	0.0	0.0919162905211
cea-	0.0	1.0	0.0	0.0
tra-	0.0	1.0	0.0	0.0
ebe-	0.345840130506	0.592169657423	0.00978792822188	0.0522022838499
ale-	0.262508576052	0.0808173495799	0.020884787073	0.635789287295
bup-	0.107555794568	0.71527591049	0.146246004003	0.0309222909384
ndɔ-	0.213873856973	0.0458913996294	0.0298579587883	0.71037678461
sid-	0.0	1.0	0.0	0.0
bon-	0.301162203133	0.148054573017	0.0458143843692	0.504968839481
ezu-	0.221134851428	0.488300202504	0.0926891763442	0.197875769724
luc-	0.0	1.0	0.0	0.0
tɛt-	0.392307692308	0.507692307692	0.0615384615385	0.0384615384615
jec-	0.0307692307692	0.969230769231	0.0	0.0
ius-	0.687426556992	0.189189189189	0.0352526439483	0.0881316098707
ula-	0.126943987862	0.457074219244	0.331521051966	0.0844607409281
nfa-	0.183445190157	0.79418344519	0.0	0.0223713646532
làg-	0.428571428571	0.25	0.178571428571	0.142857142857
eli-	0.00693358711169	0.92916864931	0.0	0.0638977635783
mbb-	0.467693025426	0.243060415209	0.137625379053	0.151621180313
wwɔ-	0.538271604938	0.00740740740741	0.0148148148148	0.43950617284
bàz-	0.628242074928	0.224783861671	0.0951008645533	0.0518731988473
col-	0.0	1.0	0.0	0.0
jul-	0.0254777070064	0.968152866242	0.0	0.00636942675159
uzz-	0.285265076056	0.41882414019	0.176451981803	0.119458801951
gid-	0.0	1.0	0.0	0.0
hel-	0.0806708489111	0.83345373128	0.0702617071161	0.0156137126925
bɛz-	0.076746483009	0.136341795467	0.034595979819	0.752315741705
afi-	0.579916341744	0.284280464303	0.0567236928059	0.079079501147
bwɔ-	0.110514751091	0.562779071291	0.118391743018	0.2083144346
iff-	0.295462212456	0.179145506432	0.126209210514	0.399183070597
ewu-	0.101162684244	0.675455460954	0.00720955781379	0.216172296988
nti-	0.409918183336	0.184797128068	0.0809817999666	0.324302888629
ogg-	0.0732079273028	0.858480996719	0.033053746441	0.0352573295371
ɔkk-	0.185575041678	0.139684326372	0.0546092087494	0.620131423201
phl-	0.0618556701031	0.938144329897	0.0	0.0
ukw-	0.190151911996	0.677841801991	0.122577265584	0.00942902042955
sɔg-	0.0302474793767	0.939505041247	0.0137488542621	0.0164986251146
all-	0.627931012296	0.267452228342	0.0422560213306	0.062360738032
bgɔ-	0.207692307692	0.584615384615	0.161538461538	0.0461538461538
uwɔ-	0.0915250412724	0.173324668213	0.0327718696169	0.702378420898
enn-	0.574642126789	0.30163599182	0.079754601227	0.0439672801636
aye-	0.917316692668	0.0390015600624	0.0	0.0436817472699
ina-	0.333997269692	0.125638579582	0.0611852168621	0.479178933864
baa-	0.268167995586	0.00962535003961	0.00557343686433	0.71663321751
nki-	0.515427402659	0.164001895687	0.150856800778	0.169713900875
lat-	0.233965163103	0.572368221965	0.0771126273525	0.11655398758
rut-	0.0	1.0	0.0	0.0
ese-	0.188073835097	0.0796942182848	0.0179672183017	0.714264728317
ɛsa-	0.34935638263	0.507878575956	0.0304871385799	0.112277902835
uwe-	0.563342318059	0.339622641509	0.0242587601078	0.0727762803235
suk-	0.385809312639	0.308203991131	0.0665188470067	0.239467849224
epy-	0.585026117237	0.122460824144	0.130005803831	0.162507254788
bbi-	0.221606648199	0.119113573407	0.234533702678	0.424746075716
kab-	0.656545156506	0.291702443213	0.0213098118804	0.0304425884006
bàs-	0.330275229358	0.549624687239	0.0400333611343	0.0800667222685
isr-	0.0152553329024	0.950096961862	0.0109459168283	0.0237017884077
uke-	0.278947896574	0.407606453555	0.264118545609	0.0493271042626
lab-	0.104040560032	0.63110599407	0.0701292299987	0.194724215899
ɔnɔ-	0.441176470588	0.394957983193	0.163865546219	0.0
ber-	0.0310178933153	0.919501181634	0.0206785955435	0.0288023295071
ndu-	0.47	0.41	0.12	0.0
igy-	0.245901639344	0.754098360656	0.0	0.0
eee-	0.219512195122	0.585365853659	0.0	0.19512195122
iba-	0.294573750416	0.447315754327	0.17664754843	0.0814629468267
ɔ̀d-	0.338345864662	0.390977443609	0.18045112782	0.0902255639098
ilɔ-	0.229832537025	0.2569023438	0.155700907691	0.357564211485
bas-	0.319820819202	0.210698144459	0.0869257190097	0.38255531733
upp-	0.428326682053	0.430722494619	0.0271480368867	0.113802786442
nmm-	0.42658818518	0.388754429105	0.0562859411002	0.128371444614
efu-	0.661016949153	0.305084745763	0.0	0.0338983050847
báz-	0.89552238806	0.044776119403	0.0149253731343	0.044776119403
ked-	0.1484375	0.640625	0.1171875	0.09375
ito-	0.321678321678	0.253496503497	0.0979020979021	0.326923076923
ɔvv-	0.414343437495	0.447846300254	0.1241205011	0.0136897611507
idɔ-	0.493782004389	0.0466349670812	0.0596196049744	0.399963423555
ɛkp-	0.0337507544923	0.797144378628	0.0177030142017	0.151401852678
mkp-	0.176636834668	0.535091851154	0.127178520961	0.161092793217
ugb-	0.168751942168	0.749963201021	0.0357195427113	0.0455653140997
cai-	0.00286875448243	0.985656227588	0.00286875448243	0.00860626344729
sod-	0.00947867298581	0.988151658768	0.0	0.00236966824645
amm-	0.0420027962595	0.0153099670526	0.0085583054103	0.934128931278
kun-	0.428827670582	0.359267592199	0.0747026926147	0.137202044604
ide-	0.151753008896	0.672073957788	0.0767486481772	0.0994243851386
har-	0.04	0.96	0.0	0.0
can-	0.0456181392838	0.868904084938	0.0836782436567	0.00179953212165
kɛ́-	0.287398583229	0.671421918278	0.0154423119347	0.0257371865578
yea-	0.015105196907	0.937241503327	0.0476532997662	0.0
lig-	0.143363693657	0.31224514244	0.293393793074	0.25099737083
osi-	0.282828282828	0.237373737374	0.459595959596	0.020202020202
gwo-	0.279141104294	0.426380368098	0.0368098159509	0.257668711657
ifi-	0.186429215509	0.226555455365	0.549143372408	0.0378719567177
bum-	0.432581840642	0.295892526251	0.109388511427	0.16213712168
ɔ́g-	0.75	0.25	0.0	0.0
ɛnɛ-	0.0441612235144	0.951824119802	0.0	0.00401465668313
lɛz-	0.419079730894	0.287250722177	0.1667342388	0.126935308129
bùl-	0.3	0.345454545455	0.136363636364	0.218181818182
met-	0.0	1.0	0.0	0.0
pon-	0.0	0.984162895928	0.00226244343891	0.0135746606335
ggo-	0.115740740741	0.115740740741	0.689814814815	0.0787037037037
lɛs-	0.429032355564	0.278013227187	0.0463474112413	0.246607006008
udu-	0.688825341228	0.186011622282	0.0231465889399	0.10201644755
mna-	0.0885608856088	0.557195571956	0.309963099631	0.0442804428044
kuw-	0.192307692308	0.695054945055	0.0769230769231	0.0357142857143
bim-	0.335140556549	0.455656797903	0.0843055437282	0.12489710182
oke-	0.167597765363	0.798882681564	0.0335195530726	0.0
waa-	0.0490072970138	0.809567888235	0.0381052771328	0.103319537619
ffe-	0.273476112026	0.108731466227	0.0439319055464	0.5738605162
kpɛ-	0.236338797814	0.296448087432	0.258196721311	0.209016393443
mys-	0.00990099009901	0.990099009901	0.0	0.0
ssa-	0.0578352461823	0.805473113426	0.0185560391733	0.118135601218
ufa-	0.0672225206916	0.0374905121798	0.855595854229	0.0396911128998
bub-	0.123706774979	0.606779160623	0.167365828738	0.10214823566
ilu-	0.173913043478	0.652173913044	0.173913043478	0.0
mat-	0.0115942028985	0.988405797101	0.0	0.0
lɔd-	0.258873538789	0.573475026567	0.098788522848	0.068862911796
nya-	0.470981080915	0.0887240199865	0.0330441468636	0.407250752235
eku-	0.629813664596	0.196273291925	0.0695652173913	0.104347826087
kiw-	0.396749322776	0.474057095228	0.061679516566	0.0675140654303
wɔw-	0.258449304175	0.159045725646	0.226640159046	0.355864811133
smy-	0.0	1.0	0.0	0.0
ɛba-	0.147790251528	0.658945573398	0.159158732414	0.0341054426602
par-	0.00840336134454	0.773109243698	0.0672268907563	0.151260504202
bɛ́-	0.507225007373	0.339427897375	0.138602182247	0.014744913005
ala-	0.437587657784	0.360448807854	0.0659186535764	0.136044880785
but-	0.365199613572	0.335658067619	0.156012621182	0.143129697627
ɔdd-	0.246478340381	0.446505069126	0.0418006133854	0.265215977108
qua-	0.0	0.847665847666	0.152334152334	0.0
kɛf-	0.127202268003	0.364102235962	0.236307155735	0.272388340301
nah-	0.0	1.0	0.0	0.0
duu-	0.141095670991	0.248132129904	0.00921441116672	0.601557787939
zeu-	0.0	1.0	0.0	0.0
ame-	0.0	0.721153846154	0.278846153846	0.0
sso-	0.141993031916	0.763578104495	0.0377715454358	0.0566573181536
nyɛ-	0.504995034802	0.0837810171846	0.0294698637745	0.381754084239
ayi-	0.63919935224	0.131183651526	0.0107333919168	0.218883604318
cni-	0.0743494423792	0.888475836431	0.0	0.0371747211896
tha-	0.062937062937	0.902097902098	0.0	0.034965034965
bib-	0.340596382009	0.461812604322	0.109396851175	0.0881941624938
kùd-	0.74537037037	0.199074074074	0.0	0.0555555555556
yen-	0.038338658147	0.29392971246	0.667731629393	0.0
uzo-	0.589861751152	0.373271889401	0.0	0.036866359447
kin-	0.483320021073	0.214655948881	0.0866713117958	0.21535271825
kwu-	0.212598425197	0.291338582677	0.448818897638	0.0472440944881
reu-	0.0199335548173	0.960132890365	0.0	0.0199335548173
egu-	0.201923076923	0.798076923077	0.0	0.0
nnn-	0.540894524174	0.126793925038	0.100320468162	0.231991082625
kkw-	0.106088838495	0.529224997536	0.0980592938789	0.26662687009
ubi-	0.021779408366	0.794580580185	0.0635782729067	0.120061738543
lug-	0.282227907892	0.230072820311	0.409761857902	0.0779374138949
gre-	0.028564206269	0.667593528817	0.300050556117	0.00379170879676
kuv-	0.659788896178	0.183493350826	0.032202278013	0.124515474984
ser-	0.00518134715025	0.99481865285	0.0	0.0
fɔn-	0.588358131036	0.228399895589	0.0313234142522	0.151918559123
bɔs-	0.159388107575	0.689612632618	0.0666173205034	0.0843819393041
bam-	0.462054161787	0.0758224252498	0.0165495576888	0.445573855274
ɔyy-	0.197081339089	0.227663375892	0.471315484031	0.103939800989
nbw-	0.596849131052	0.0667188482902	0.0346509971563	0.301781023501
elm-	0.0	1.0	0.0	0.0
cor-	0.0640163881953	0.893732795596	0.0192049164586	0.0230458997504
fee-	0.713066316481	0.216021011162	0.0118187787262	0.059093893631
akɔ-	0.418444729347	0.241013168183	0.0935969402864	0.246945162184
uvv-	0.46869690454	0.110076972439	0.0407919919111	0.38043413111
kob-	0.109559354683	0.890440645317	0.0	0.0
agr-	0.0200333889816	0.978297161937	0.0	0.0016694490818
iwi-	0.0544217687075	0.108843537415	0.78231292517	0.0544217687075
afe-	0.593962539695	0.162126636764	0.0106614735885	0.233249349952
ɛbb-	0.340457124675	0.513072068728	0.102455321631	0.0440154849658
kɔɔ-	0.450088006035	0.489564998743	0.0150867488056	0.0452602464169
sos-	0.0129032258065	0.987096774194	0.0	0.0
ìkk-	0.166179052077	0.684610883558	0.0860152135751	0.0631948507899
don-	0.0	0.961538461538	0.0384615384615	0.0
ibw-	0.534003704684	0.224874305372	0.0495104525006	0.191611537444
gbi-	0.323420074349	0.223048327137	0.39219330855	0.0613382899628
lɔt-	0.546338222371	0.255003864845	0.0584029399577	0.140254972826
nss-	0.37957813404	0.153602326389	0.0554160596789	0.411403479892
bit-	0.317758231564	0.482553999283	0.106570232017	0.0931175371362
uri-	0.0	1.0	0.0	0.0
edd-	0.269381362568	0.524667188724	0.0	0.205951448708
bos-	0.0	1.0	0.0	0.0
wek-	0.192307692308	0.522792022792	0.185185185185	0.0997150997151
àle-	0.413043478261	0.572463768116	0.0	0.0144927536232
ɛla-	0.0230584310455	0.305794044056	0.663052543787	0.0080949811117
kip-	0.515990228194	0.318138915107	0.0931375270668	0.0727333296319
ɔmm-	0.396665170647	0.182498539009	0.143572106056	0.277264184288
lap-	0.431865380005	0.304041661492	0.170077321002	0.0940156375011
nbe-	0.59326622852	0.276054062316	0.0376645778292	0.0930151313348
esa-	0.0	1.0	0.0	0.0
lɔz-	0.551994248656	0.271870834394	0.103400632049	0.0727342849013
kɔd-	0.403434459737	0.158963397569	0.0497390512457	0.387863091449
ùle-	0.198412698413	0.623015873016	0.0992063492064	0.0793650793651
ɔky-	0.424460431655	0.528620581795	0.0469189865499	0.0
rep-	0.0	1.0	0.0	0.0
bɔn-	0.0914303331774	0.147188207397	0.00972922865549	0.75165223077
lɛd-	0.359807101028	0.45281030343	0.0715386915736	0.115843903969
adɛ-	0.815856777494	0.107416879795	0.076726342711	0.0
ɔka-	0.488421317049	0.328676405178	0.0672033721427	0.11569890563
aug-	0.151898734177	0.848101265823	0.0	0.0
cri-	0.0	1.0	0.0	0.0
bif-	0.369080523309	0.438548000737	0.0541735765617	0.138197899392
kok-	0.527777777778	0.0	0.388888888889	0.0833333333333
nzz-	0.504831087768	0.246131122281	0.0633185737209	0.18571921623
omm-	0.0507084265473	0.946308724832	0.000745712155106	0.00223713646532
nff-	0.649579417547	0.0496319791733	0.0260327629169	0.274755840363
bɛd-	0.247992256782	0.522850341382	0.145970125827	0.083187276009
ɛfɔ-	0.0976815043167	0.856080429693	0.0326681987976	0.0135698671929
egg-	0.23644073262	0.426109248033	0.303592157874	0.033857861473
lyc-	0.0705882352941	0.874509803922	0.0549019607843	0.0
bɔt-	0.165235596757	0.69410376182	0.0139633777961	0.126697263627
gbo-	0.75	0.0416666666667	0.0555555555555	0.152777777778
kuz-	0.242825607064	0.411331861663	0.18395879323	0.161883738043
mac-	0.00152944175376	0.971960234514	0.0173336732093	0.00917665052258
zɔɔ-	0.0337078651685	0.831460674157	0.0	0.134831460674
ess-	0.462014572615	0.316262307069	0.128489723434	0.0932333968817
ika-	0.154984329043	0.644117153275	0.0761871016752	0.124711416007
bet-	0.0138110488391	0.969975980785	0.00300240192154	0.0132105684548
lɔs-	0.70856728511	0.13496844967	0.0275131558806	0.128951109339
law-	0.435660504839	0.395593231873	0.0827690797117	0.0859771835765
ɛya-	0.245341614907	0.459627329193	0.154244306418	0.140786749482
opp-	0.814432989691	0.185567010309	0.0	0.0
sal-	0.02997002997	0.962037962038	0.00799200799201	0.0
asu-	0.6546875	0.18125	0.0703125	0.09375
bɛm-	0.127738477676	0.721931204568	0.136719849089	0.0136104686664
asɛ-	0.343136518512	0.255143730732	0.304124137953	0.097595612803
pat-	0.0169491525424	0.983050847458	0.0	0.0
kiy-	0.20156967729	0.713279026286	0.0213719695481	0.0637793268753
abɔ-	0.485090054881	0.375871394356	0.0183453643367	0.120693186426
ttɔ-	0.415384615385	0.584615384615	0.0	0.0
bɔɔ-	0.0789368910699	0.859449570958	0.0397084416106	0.021905096361
nng-	0.686131386861	0.197080291971	0.014598540146	0.102189781022
gab-	0.0	1.0	0.0	0.0
ull-	0.439943876232	0.258083176408	0.13464781105	0.167325136309
nsa-	0.491679864397	0.115972518679	0.0410727310112	0.351274885913
pip-	0.0941176470588	0.64705882353	0.0	0.258823529412
yan-	0.0789306174411	0.032675578188	0.0	0.888393804371
bad-	0.66326165174	0.103779417536	0.0233777705921	0.209581160132
nmi-	0.597956470783	0.0454406015747	0.0033036269104	0.353299300732
eme-	0.448051948052	0.391774891775	0.134199134199	0.025974025974
buz-	0.418845889191	0.41801363697	0.122652037885	0.0404884359551
zil-	0.260869565217	0.217391304348	0.108695652174	0.413043478261
ufe-	0.486376055541	0.0759740875615	0.0104814358155	0.427168421082
yee-	0.343262411348	0.407092198582	0.109219858156	0.140425531915
min-	0.197080291971	0.043795620438	0.700729927007	0.0583941605839
kɛt-	0.160320855236	0.553335187886	0.0689520850536	0.217391871825
uss-	0.227954718131	0.127387605012	0.06547737582	0.579180301037
ɛgɔ-	0.301546391753	0.698453608247	0.0	0.0
kas-	0.19172464135	0.526794419384	0.073920898234	0.207560041032
ifɛ-	0.139862085854	0.563487072172	0.0369459270431	0.259704914931
ɔ̀y-	0.596153846154	0.25	0.0384615384615	0.115384615385
ant-	0.0149206095907	0.942950610389	0.00702146333681	0.035107316684
kut-	0.230279918257	0.433113357247	0.190831879732	0.145774844763
age-	0.23944742901	0.35226400614	0.214888718342	0.193399846508
lul-	0.368593779698	0.29953750494	0.139170887852	0.19269782751
cep-	0.0	0.962264150943	0.0	0.0377358490566
tab-	0.0	1.0	0.0	0.0
ulé-	0.0379746835443	0.322784810127	0.449367088608	0.189873417722
ùmi-	0.264705882353	0.235294117647	0.441176470588	0.0588235294118
gal-	0.00383221560378	0.974257508227	0.0156620985546	0.00624817761486
buk-	0.175519593463	0.573063597748	0.135065627251	0.116351181538
arn-	0.0	1.0	0.0	0.0
usu-	0.508327781479	0.202031978681	0.118421052632	0.171219187209
pyi-	0.0	0.98	0.02	0.0
sel-	0.0	1.0	0.0	0.0
kay-	0.254452926209	0.40203562341	0.256997455471	0.0865139949109
ibe-	0.346270928463	0.522260273973	0.0458523592085	0.0856164383562
kus-	0.321352389602	0.326543401785	0.0919435843974	0.260160624216
bii-	0.160896482754	0.0704798270851	0.23740604205	0.531217648111
ayɔ-	0.47047651247	0.366850960582	0.109109621733	0.0535629052146
lil-	0.260703107757	0.278340965923	0.0420765093223	0.418879416998
ɛ̀s-	0.230326295585	0.654510556622	0.0575815738964	0.0575815738964
nby-	0.0398671096346	0.880398671096	0.0797342192691	0.0
ɔna-	0.382484781238	0.167436514338	0.0441809529254	0.405897751499
ati-	0.300843004405	0.317233514456	0.124594709421	0.257328771718
ubu-	0.606641736184	0.196045215798	0.108529279111	0.0887837689065
mba-	0.367069486405	0.268882175227	0.0951661631419	0.268882175227
buf-	0.39427653552	0.335572973119	0.11401908891	0.15613140245
ete-	0.0125665119439	0.956356843654	0.0118306351183	0.0192460092834
bya-	0.175690714119	0.153709090975	0.0391077714717	0.631492423434
kke-	0.189427312775	0.418502202643	0.198237885463	0.193832599119
jot-	0.0	1.0	0.0	0.0
bɔg-	0.0144927536232	0.743961352657	0.183574879227	0.0579710144927
kɔy-	0.171895676014	0.136171485622	0.31180122501	0.380131613353
nlu-	0.651331719128	0.254237288136	0.0	0.0944309927361
kɔk-	0.65507887231	0.127552048233	0.127286968194	0.0900821112628
luk-	0.209837928417	0.663007513026	0.0496556884951	0.0774988700613
gɛn-	0.305960264901	0.337086092715	0.356953642384	0.0
gov-	0.0485175202156	0.768194070081	0.167115902965	0.0161725067385
uyy-	0.0330806340455	0.955892487939	0.0	0.0110268780151
abb-	0.0753585568206	0.0513319909568	0.0244564161125	0.84885303611
one-	0.0	0.950656405613	0.0	0.0493435943866
ukp-	0.231105088829	0.348840710629	0.112165010539	0.307889190003
kik-	0.229736410614	0.620815631797	0.0482108956925	0.101237061896
sto-	0.269841269841	0.587301587302	0.142857142857	0.0
gog-	0.0344827586207	0.965517241379	0.0	0.0
bàl-	0.166666666667	0.833333333333	0.0	0.0
iyɔ-	0.256695652174	0.567768115942	0.0380289855073	0.137507246377
nwu-	0.70985915493	0.16338028169	0.0253521126761	0.101408450704
sil-	0.0402028643938	0.907600979734	0.0268582161286	0.025337939744
ake-	0.402135231317	0.453380782918	0.0868327402135	0.0576512455516
gba-	0.217923849472	0.200260590146	0.0663023032592	0.515513257123
lal-	0.30725304323	0.30217196409	0.106023261056	0.284551731625
agɔ-	0.737329064906	0.16630061233	0.0378891867276	0.0584811360362
jas-	0.0207692307692	0.958461538462	0.0207692307692	0.0
bef-	0.522727272727	0.477272727273	0.0	0.0
lib-	0.0858532525585	0.600123995812	0.134598425692	0.179424325938
phr-	0.0	0.966216216216	0.0337837837838	0.0
lɛv-	0.389898094816	0.517058041648	0.0177226406735	0.0753212228622
zio-	0.0337552742616	0.954992967651	0.0	0.0112517580872
apy-	0.354838709677	0.645161290323	0.0	0.0
ule-	0.530687842848	0.0301556054942	0.0079482820208	0.431208269637
try-	0.0	1.0	0.0	0.0
lɔn-	0.432325857405	0.399489882892	0.0808275090139	0.0873567506891
tur-	0.0	1.0	0.0	0.0
ulè-	0.0891089108911	0.851485148515	0.0	0.0594059405941
iny-	0.288998357964	0.210727969349	0.360153256705	0.140120415982
lɔl-	0.285357892864	0.318967190035	0.0360372715427	0.359637645558
sau-	0.0759845890411	0.842679794521	0.0	0.0813356164383
bìl-	0.445544554455	0.158415841584	0.178217821782	0.217821782178
way-	0.159891598916	0.168699186992	0.20325203252	0.468157181572
pri-	0.0586435492096	0.904640489546	0.0	0.0367159612443
úkk-	0.529850746269	0.291044776119	0.089552238806	0.089552238806
tro-	0.0	1.0	0.0	0.0
bbɔ-	0.26939487518	0.356026496311	0.218995308927	0.155583319582
zuu-	0.0	0.196428571429	0.803571428571	0.0
ngg-	0.494601970448	0.156124815799	0.0930553515063	0.256217862247
kit-	0.318861872367	0.439759746974	0.0890395586258	0.152338822033
gol-	0.0106994915287	0.732080805701	0.250152148733	0.00706755403734
ɔdɛ-	0.473017214067	0.329496250924	0.159467736825	0.0380187981835
ela-	0.0	1.0	0.0	0.0
yɔɔ-	0.469230769231	0.115384615385	0.369230769231	0.0461538461538
