-cac	0.241153243858	0.536687392968	0.0870130548431	0.135146308331
-hem	0.0	1.0	0.0	0.0
-alé	0.0477698947118	0.472004806976	0.0143031052215	0.465922193091
-hec	0.122906318586	0.319625736398	0.147395171537	0.410072773478
-ufu	0.0	0.989247311828	0.010752688172	0.0
-aut	0.0293462311831	0.442421607521	0.282049888593	0.246182272703
-oya	0.352071291905	0.38349932412	0.156595467845	0.10783391613
-aua	0.231213872832	0.734104046243	0.0173410404624	0.0173410404624
-oyu	0.468261987874	0.357431563476	0.105410619144	0.0688958295058
-gau	0.398254716043	0.275349354961	0.0277297394001	0.298666189596
-déŋ	0.320873124147	0.289638360208	0.0629973385816	0.326491177063
-aum	0.0310311021441	0.964194882141	0.00238700785724	0.00238700785724
-zic	0.358492828704	0.318571017413	0.17267472538	0.150261428503
-ŋic	0.498465248849	0.243038807279	0.0723525542644	0.186143389608
-naŋ	0.176086265214	0.657396432598	0.0675031077448	0.0990141944436
-uac	0.0558635973024	0.247355703646	0.012794329742	0.68398636931
-uae	0.0394617287553	0.914112708003	0.0117611426879	0.0346644205537
-nto	0.00967741935484	0.990322580645	0.0	0.0
-nta	0.0303630363036	0.845544554455	0.0924092409241	0.0316831683168
-uam	0.406060606061	0.50303030303	0.0545454545455	0.0363636363636
-ʒiŋ	0.36919653287	0.159319940019	0.0461794114364	0.425304115675
-siŋ	0.276073088501	0.429111722903	0.0351739030417	0.259641285554
-nai	0.0844265489025	0.897389271334	0.0181841797636	0.0
-uau	0.632211538462	0.331730769231	0.00721153846154	0.0288461538461
-puc	0.219617525394	0.635319342473	0.0479934160657	0.0970697160678
-cŋi	0.442870165313	0.0673696396215	0.0194058564302	0.470354338635
-nan	0.0	1.0	0.0	0.0
-pra	0.367346938776	0.469387755102	0.0	0.163265306122
-fia	0.210743358088	0.22836996135	0.332259138416	0.228627542146
-ulu	0.178906760287	0.768329523187	0.0181662312214	0.0345974853037
-nam	0.329098190858	0.491644800442	0.0301063389035	0.149150669797
-aré	0.165907964123	0.685761932663	0.0303330779285	0.117997025285
-ope	0.00224719101124	0.997752808989	0.0	0.0
-opa	0.081081081081	0.875675675676	0.0432432432432	0.0
-ŋac	0.0941620244161	0.113527134183	0.0298009185955	0.762509922805
-héi	0.342934779488	0.411596473984	0.0838774830477	0.161591263481
-épé	0.754491017964	0.214071856287	0.0	0.0314371257485
-imu	0.401293971345	0.235375454065	0.0785417974954	0.284788777095
-oku	0.250188824605	0.530370549404	0.0271718606021	0.192268765389
-héc	0.121592230097	0.0587195785052	0.0894129448382	0.730275246559
-400	0.248175182482	0.197080291971	0.014598540146	0.540145985402
-ima	0.354454333342	0.120591485109	0.0447541236057	0.480200057943
-beŋ	0.301568154403	0.610373944512	0.0663449939686	0.021712907117
-oko	0.0	1.0	0.0	0.0
-kim	0.0	1.0	0.0	0.0
-imi	0.215632263877	0.0184924035061	0.000608912782449	0.765266419835
-yaŋ	0.07833763696	0.768982483076	0.0598436736688	0.0928362062949
-wuŋ	0.0125751168484	0.964889828622	0.0046739372357	0.0178611172936
-ido	0.0851063829787	0.31914893617	0.0851063829787	0.510638297872
-goŋ	0.302077151335	0.405934718101	0.284866468843	0.00712166172107
-obo	0.0129429238277	0.987057076172	0.0	0.0
-rpo	0.0368098159509	0.963190184049	0.0	0.0
-idi	0.0207670199944	0.976637102506	0.00129793874965	0.00129793874965
-oba	0.0	1.0	0.0	0.0
-iru	0.663597947932	0.135912095284	0.0487860392265	0.151703917558
-ida	0.00873362445414	0.991266375546	0.0	0.0
-bic	0.287765562033	0.50056731484	0.0152588129426	0.196408310184
-bia	0.0470733157075	0.0869600299083	0.750478075755	0.115488578629
-bim	0.377777777778	0.540740740741	0.0814814814815	0.0
-nʒu	0.550232461303	0.178376202843	0.0429358998686	0.228455435985
-100	0.00573425809622	0.443230844847	0.0436895854951	0.507345311561
-uta	0.0	1.0	0.0	0.0
-ric	0.217565005406	0.546241271089	0.108926491465	0.12726723204
-ria	0.0777889872724	0.486215207277	0.239374241544	0.196621563907
-rin	0.238442822384	0.732360097324	0.029197080292	0.0
-rio	0.0	0.97385620915	0.0261437908497	0.0
-ril	0.0	0.986301369863	0.013698630137	0.0
-haŋ	0.19305019305	0.111969111969	0.359073359073	0.335907335907
-pél	0.0	1.0	0.0	0.0
-rik	0.0424862313139	0.537988814936	0.393688732005	0.025836221745
-ʒéŋ	0.124577664044	0.706524608372	0.0371953928364	0.131702334748
-maŋ	0.532759371513	0.16127426052	0.0388765086989	0.267089859268
-tec	0.50156587473	0.403563714903	0.0411987041036	0.0536717062635
-utu	0.0133056675124	0.947800667517	0.0052967405445	0.0335969244262
-ten	0.0325203252032	0.940379403794	0.0216802168021	0.00542005420054
-teo	0.0017548990933	0.994150336356	0.0	0.00409476455103
-reŋ	0.255538106691	0.169654379626	0.0328116677051	0.541995845978
-ara	0.201191992861	0.255477135114	0.073780526147	0.469550345878
-eri	0.12526501892	0.399361778022	0.066966703492	0.408406499567
-éyu	0.303897731444	0.0861306781627	0.0177086394897	0.592262950904
-lus	0.0	0.9375	0.0294117647059	0.0330882352941
-ari	0.403552274955	0.39526267228	0.0627126463295	0.138472406436
-aru	0.186955496182	0.0892370616421	0.0198882318022	0.703919210373
-nzu	0.625	0.375	0.0	0.0
-éyi	0.394952651175	0.141136611237	0.0338804487064	0.430030288882
-luc	0.0985761226725	0.842278203724	0.0591456736035	0.0
-éya	0.119292763874	0.470824613446	0.218152916873	0.191729705807
-mek	0.0	1.0	0.0	0.0
-aya	0.259369008036	0.428871916327	0.111609308486	0.200149767151
-api	0.213071018276	0.142993608229	0.557800281	0.0861350924945
-ayi	0.716354795553	0.0722645614853	0.00802076747995	0.203359875481
-kia	0.190726266028	0.523181591377	0.0244944345795	0.261597708015
-ayu	0.444756029418	0.0991621125537	0.022328740514	0.433753117514
-déc	0.0570934256055	0.600346020761	0.290657439446	0.0519031141869
-ziŋ	0.417611113805	0.235952504133	0.0583902436756	0.288046138387
-éti	0.0173985338998	0.954496142108	0.0160601851382	0.0120451388537
-oŋa	0.195947074382	0.589978093238	0.126048083071	0.0880267493091
-auŋ	0.0531255533912	0.852375356183	0.0276896823736	0.0668094080525
-ndi	0.299918524554	0.386252870158	0.226516554329	0.0873120509592
-ito	0.0283879254978	0.947463070006	0.0120745022479	0.0120745022479
-auc	0.188811188811	0.58041958042	0.055944055944	0.174825174825
-rac	0.0997991530927	0.571640180863	0.0721284972385	0.256432168806
-ŋni	0.149099340111	0.136614945604	0.126984126984	0.587301587302
-euŋ	0.538783015714	0.183383483785	0.032430625209	0.245402875292
-ŋna	0.288220005616	0.377389271978	0.0792169073344	0.255173815072
-ézé	0.301848815151	0.370952702485	0.0311372624674	0.296061219896
-umu	0.416048288261	0.285393883761	0.0847272864345	0.213830541543
-ota	0.0	1.0	0.0	0.0
-ote	0.0	1.0	0.0	0.0
-cgé	0.586334243163	0.193831517588	0.0801157559033	0.139718483346
-liŋ	0.0649726052723	0.864728444443	0.0329705158191	0.0373284344654
-oam	0.0	0.950718685832	0.0	0.0492813141684
-oto	0.0695364238411	0.866887417218	0.0119205298013	0.0516556291391
-uma	0.388796687508	0.209548941852	0.0993825467769	0.302271823863
-oʒo	0.223359702187	0.776640297813	0.0	0.0
-umi	0.0988806984287	0.053149275368	0.0178408599611	0.830129166242
-kic	0.239070531211	0.30028486996	0.125572979681	0.335071619148
ALL	0.221586838485	0.260638842217	0.049467548799	0.468306770499
-zua	0.475768661216	0.0909244630713	0.0280007986363	0.405306077076
-ŋgé	0.568118698435	0.207326755132	0.0558361905759	0.168718355857
-ʒic	0.498211448888	0.206110252558	0.0408502912475	0.254828007306
-aki	0.0281789824111	0.942095467771	0.00377467299274	0.0259508768251
-ʒia	0.136253041363	0.737226277372	0.0973236009733	0.029197080292
-ŋiŋ	0.378115350105	0.238178549886	0.0688700563276	0.314836043682
-nac	0.0158037402894	0.0468989876136	0.0115512244705	0.925746047627
-ake	0.0	0.830985915493	0.169014084507	0.0
-kio	0.0309789343247	0.969021065675	0.0	0.0
-aka	0.257180970239	0.235587321075	0.0411751040909	0.466056604595
-kil	0.0	0.692307692308	0.307692307692	0.0
-kis	0.0363776344914	0.956115869502	0.00635165046675	0.00115484553941
-sio	0.046511627907	0.953488372093	0.0	0.0
-sin	0.0	1.0	0.0	0.0
-kiu	0.170316301703	0.346715328467	0.239659367397	0.243309002433
-sic	0.142362387575	0.600142596876	0.108906859013	0.148588156536
-sia	0.157908169265	0.594632449717	0.0974960084387	0.14996337258
-goi	0.202761565662	0.702015196564	0.026153507323	0.0690697304507
-nti	0.0229374768776	0.937106918239	0.00665926748058	0.0332963374029
-gok	0.01	0.97	0.02	0.0
-gon	0.0	1.0	0.0	0.0
-wuc	0.232456805092	0.422665959382	0.214724158836	0.13015307669
-oac	0.0426477838423	0.916314358887	0.019785953936	0.0212519033346
-goc	0.0146149866908	0.951640992792	0.00914954845465	0.0245944720628
-ŋia	0.0444444444445	0.777777777778	0.133333333333	0.0444444444445
-bel	0.196163905841	0.772449869224	0.0	0.0313862249346
-ako	0.008	0.992	0.0	0.0
-lki	0.0	1.0	0.0	0.0
-moc	0.149488894013	0.524697051213	0.228844823611	0.0969692311634
-lko	0.0243902439024	0.975609756098	0.0	0.0
-été	0.374857626346	0.194604445312	0.333886556673	0.0966513716684
-mon	0.0118429443382	0.982964380067	0.000273298715496	0.00491937687893
-biŋ	0.51048115239	0.118061117807	0.0250694293692	0.346388300434
-ézu	0.597589936589	0.233257300293	0.0258182059983	0.143334557121
-héŋ	0.504797528053	0.172114706998	0.0723694909742	0.250718273974
-mfa	0.0	1.0	0.0	0.0
-nte	0.0648508430609	0.5953307393	0.339818417639	0.0
-eon	0.0	0.975767366721	0.00969305331178	0.0145395799677
-yac	0.439023410884	0.31431468234	0.0559517251678	0.190710181608
-ofi	0.24	0.695714285714	0.0214285714286	0.0428571428571
-bec	0.384583927511	0.105044956161	0.0139474320614	0.496423684266
-bea	0.0	0.776315789474	0.223684210526	0.0
-yai	0.438661710037	0.313506815365	0.225526641883	0.0223048327137
-ofa	0.375	0.140625	0.25	0.234375
-iso	0.0	1.0	0.0	0.0
-yiŋ	0.384944871563	0.221989163469	0.0704920995885	0.32257386538
-isi	0.217317774395	0.587519025875	0.130559783528	0.0646034162016
-rec	0.65819484466	0.152465921847	0.0349847100022	0.154354523491
-rea	0.0354781842221	0.955927721463	0.00859409431468	0.0
-isa	0.256257955028	0.713194739075	0.00509121764956	0.0254560882478
-upe	0.214036939314	0.785963060686	0.0	0.0
-keŋ	0.276952143717	0.563857634418	0.0784446180152	0.0807456038505
-ret	0.0	1.0	0.0	0.0
-dia	0.0704137902111	0.337054952788	0.402161983018	0.190369273983
-hac	0.0764602828027	0.0343371075993	0.0075848446096	0.881617764988
-eqe	0.178586278598	0.549847130025	0.0583280416319	0.213238549745
-ŋge	0.159420289855	0.840579710145	0.0	0.0
-hai	0.343985201293	0.248273719587	0.0467401895026	0.361000889617
-hak	0.275862068966	0.655172413793	0.0	0.0689655172414
-ŋga	0.206797162319	0.339356968744	0.0616715783233	0.392174290614
-ham	0.0	0.993806984345	0.0	0.00619301565457
-hap	0.0514705882353	0.941176470588	0.0	0.00735294117647
-man	0.0328767123288	0.704109589041	0.26301369863	0.0
-mac	0.410513743914	0.109336742881	0.0301017661749	0.45004774703
-teŋ	0.101123595506	0.808988764045	0.0898876404494	0.0
-mae	0.0714285714286	0.928571428571	0.0	0.0
-geŋ	0.137442993979	0.158040667371	0.0634315831852	0.641084755465
-uni	0.454326923077	0.367788461539	0.0817307692307	0.0961538461538
-una	0.0886115879404	0.738169863068	0.057792954106	0.115425594886
-boŋ	0.398401786649	0.212687999442	0.0629863558642	0.325923858045
-pte	0.00147783251232	0.941871921182	0.0566502463054	0.0
-efe	0.00748752079869	0.975041597338	0.00332778702163	0.0141430948419
-pta	0.0209497206704	0.97905027933	0.0	0.0
-unu	0.207644038791	0.479178551055	0.233884768967	0.0792926411865
-cya	0.156364872066	0.394742596744	0.0885088052442	0.360383725946
-666	0.0	0.0363636363636	0.0	0.963636363636
-ade	0.00868863650468	0.86967045243	0.121640911066	0.0
-gac	0.177644376312	0.261919177606	0.311103095572	0.249333350509
-500	0.10843373494	0.126506024096	0.144578313253	0.620481927711
-ada	0.0	0.918228279387	0.0511073253833	0.03066439523
-tri	0.0645161290323	0.935483870968	0.0	0.0
-asé	0.321272488531	0.509161619789	0.058015436652	0.111550455028
-laŋ	0.169741127004	0.553763355377	0.176752270635	0.0997432469835
-uŋa	0.10113149584	0.469194964721	0.0317925796384	0.397880959801
-noŋ	0.457182560361	0.440680910196	0.0437727983325	0.0583637311099
-oqe	0.580147704721	0.129322965807	0.0257019227641	0.264827406709
-ʒoŋ	0.0462912724309	0.130756214246	0.0623654395497	0.760587073773
-ini	0.0434042944723	0.0312249653923	0.0115499623354	0.9138207778
-sem	0.0	1.0	0.0	0.0
-éha	0.303749396781	0.172866704433	0.16638341621	0.357000482575
-sek	0.0	1.0	0.0	0.0
-loŋ	0.460638024183	0.360046308207	0.094674556213	0.0846411113969
-sei	0.0587676468639	0.908755495659	0.0324768574774	0.0
-ino	0.0416666666667	0.958333333333	0.0	0.0
-ina	0.215702518462	0.419395510402	0.0732742394148	0.291627731721
-sea	0.207547169811	0.764150943396	0.0	0.0283018867925
-ira	0.259700038255	0.500939078689	0.10498597512	0.134374907937
-800	0.0	0.330855018587	0.0	0.669144981413
-ʒaŋ	0.545249909748	0.197701372456	0.0473495455335	0.209699172263
-iʒu	0.86170212766	0.0	0.031914893617	0.106382978723
-uic	0.645494830133	0.0590841949778	0.110782865583	0.184638109306
-oho	0.130692230748	0.726081739837	0.0661735894609	0.0770524399534
-inu	0.226535128158	0.299096441084	0.128305366034	0.346063064724
-ŋqe	0.277975133215	0.417406749556	0.214920071048	0.0896980461812
-roŋ	0.375375375375	0.345345345345	0.0360360360361	0.243243243243
-iac	0.210398173172	0.620157626033	0.0917354901665	0.0777087106288
-ede	0.0399515738499	0.916464891041	0.0145278450363	0.0290556900726
-edi	0.0	1.0	0.0	0.0
-toŋ	0.475598687756	0.475759409301	0.014890378452	0.0337515244911
-aoc	0.277210978176	0.234401116558	0.0603878106176	0.428000094649
-neo	0.0	0.776595744681	0.0	0.223404255319
-kue	0.020618556701	0.443298969072	0.536082474227	0.0
-kuc	0.0812073901935	0.791512062347	0.0462978417451	0.0809827057147
-béc	0.347698031313	0.422663152999	0.0311579600062	0.198480855681
-kua	0.0352543784121	0.900249789477	0.00998211734428	0.0545137147669
-nei	0.111684776751	0.814993084496	0.0510470586257	0.0222750801276
-saŋ	0.3507929658	0.471464019851	0.164796633941	0.0129463804078
-nec	0.149901912132	0.107682426313	0.0655948177669	0.676820843788
-nea	0.0336134453781	0.941176470588	0.0252100840336	0.0
-hoc	0.281480557598	0.647598001595	0.0266145506959	0.0443068901109
-eka	0.117157528183	0.359469987605	0.472909166027	0.0504633181845
-eke	0.43321299639	0.111913357401	0.454873646209	0.0
-eko	0.005	0.995	0.0	0.0
-bac	0.0341542549358	0.591538488288	0.0139523903093	0.360354866467
-eku	0.22887627887	0.5880952256	0.0720613182228	0.110967177307
-hou	0.525	0.45	0.025	0.0
-ase	0.0	1.0	0.0	0.0
-mbu	0.522144522145	0.210722610723	0.141258741259	0.125874125874
-asa	0.116152450091	0.856624319419	0.02722323049	0.0
-aso	0.004378523343	0.962892014668	0.00711510043239	0.0256143615566
-asi	0.0397069897994	0.926610529198	0.0295748613677	0.00410761963441
-zoc	0.555625392835	0.414204902577	0.0	0.0301697045883
-yei	0.269912237125	0.443616492797	0.0546448087432	0.231826461335
-mba	0.504147723066	0.183985691857	0.0460406042386	0.265825980838
-mbe	0.147737765466	0.817636195753	0.0	0.0346260387812
-mbi	0.245654032488	0.684012539185	0.0173268737532	0.053006554574
-yec	0.568494338909	0.0760762609	0.0206632944745	0.334766105716
-mbo	0.309424520434	0.690575479566	0.0	0.0
-tuŋ	0.0462670041126	0.674852367394	0.0316355583676	0.247245070125
-iwu	0.38968637853	0.424949290061	0.101575908878	0.0837884225308
-cbi	0.329926784625	0.580841976815	0.0549115314216	0.0343197071385
-430	0.486842105263	0.0197368421053	0.0	0.493421052632
-éhé	0.305263157895	0.326315789474	0.252631578947	0.115789473684
-eru	0.4923697602	0.113660250766	0.038510305636	0.355459683398
-cba	0.333356852026	0.171442321949	0.055304575723	0.439896250302
-ran	0.137931034483	0.862068965517	0.0	0.0
-rao	0.0414364640884	0.958563535912	0.0	0.0
-iwa	0.230079636749	0.4774188478	0.0724703231934	0.220031192258
-ram	0.0	1.0	0.0	0.0
-rak	0.0	1.0	0.0	0.0
-iwe	0.0169298220213	0.878070730789	0.0115399195003	0.0934595276892
-ero	0.0578912101086	0.794942040414	0.118198352608	0.0289683968693
-era	0.159104739006	0.525020902286	0.0572648430968	0.258609515611
-iwi	0.135981082233	0.63132508651	0.0136898555401	0.219003975717
-cbu	0.362497491615	0.410887825015	0.178453688043	0.0481609953273
-ere	0.235091743119	0.600535168196	0.12996941896	0.0344036697248
-ugu	0.224637681159	0.5	0.275362318841	0.0
-azu	0.289618218352	0.583255190891	0.0160750167448	0.111051574012
-gel	0.05	0.95	0.0	0.0
-nni	0.42075548322	0.210283261838	0.0223509907848	0.346610264157
-luŋ	0.796953652548	0.126127992633	0.0569367710252	0.0199815837937
-uga	0.182715979094	0.590953598703	0.0563174337774	0.170012988426
-ozu	0.61833952912	0.225526641884	0.0446096654275	0.111524163569
-poc	0.105928915102	0.845568834394	0.0248331522583	0.0236690982462
-ouc	0.347011018597	0.115121902578	0.363862990477	0.174004088348
-ike	0.080375083724	0.843268586738	0.0723375753516	0.00401875418621
-foc	0.257792207792	0.183116883117	0.05	0.509090909091
-éré	0.546111424303	0.143480112373	0.0953642352972	0.215044228026
-ika	0.0191218130312	0.947592067989	0.0127478753541	0.0205382436261
-lac	0.110529409125	0.191133978682	0.307840744424	0.390495867769
-iko	0.00640265591653	0.993597344083	0.0	0.0
-lam	0.0552062567091	0.944793743291	0.0	0.0
-lao	0.128856624319	0.843920145191	0.02722323049	0.0
-not	0.0	0.911111111111	0.0444444444444	0.0444444444444
-oum	0.0	0.833333333333	0.0	0.166666666667
-lak	0.175356558335	0.782557867664	0.0	0.0420855740004
-aan	0.00534759358288	0.983957219251	0.0106951871658	0.0
-non	0.054131054131	0.945868945869	0.0	0.0
-noa	0.116504854369	0.844660194175	0.0194174757282	0.0194174757282
-ʒon	0.719201651755	0.208534067447	0.0516173434274	0.020646937371
-noc	0.355048859935	0.498371335505	0.0586319218241	0.0879478827362
-aac	0.0150602409639	0.84186746988	0.143072289157	0.0
-awé	0.269058295964	0.596412556054	0.107623318386	0.0269058295964
-myu	0.423762376238	0.162376237624	0.176237623762	0.237623762376
-boc	0.00880798590721	0.929536112742	0.0616559013505	0.0
-aha	0.143071053495	0.469416639317	0.303413193305	0.0840991138825
-meŋ	0.0193442455342	0.889265618084	0.0352940002884	0.0560961360934
-pia	0.218897637795	0.615748031496	0.155905511811	0.00944881889763
-don	0.005	0.99125	0.00375	0.0
-dol	0.125217391304	0.864347826087	0.0	0.0104347826087
-dom	0.0048426150121	0.995157384988	0.0	0.0
-dok	0.0	1.0	0.0	0.0
-ahu	0.218683651805	0.535031847134	0.0	0.246284501062
-ʒeŋ	0.504734338106	0.366794617662	0.042572166744	0.0858988774881
-sau	0.0140845070423	0.985915492958	0.0	0.0
-sat	0.0	1.0	0.0	0.0
-iaŋ	0.403702766837	0.455221093966	0.0717907948783	0.0692853443187
-mpa	0.0	1.0	0.0	0.0
-sac	0.0359778377153	0.24947902222	0.0655362091634	0.649006930901
-oli	0.00818277740692	0.921079265273	0.0410215551584	0.029716402162
-neŋ	0.128292248363	0.0554799529665	0.0342498591607	0.781977939509
-éla	0.113377486554	0.452133680923	0.202000986402	0.232487846121
-aoŋ	0.035940441554	0.905014547322	0.00770152319013	0.0513434879342
-ola	0.238273720283	0.200578282287	0.141000928107	0.420147069322
-sai	0.188068311982	0.652458557975	0.0720378621919	0.0874352678513
-kuŋ	0.385192596298	0.535267633817	0.0445222611306	0.0350175087544
-sam	0.0	1.0	0.0	0.0
-éli	0.594995909541	0.354259512463	0.00881021985503	0.0419343581411
-lon	0.0363969625557	0.899711966483	0.00314218381775	0.0607488871432
-éga	0.47063115914	0.438404185469	0.0160852134532	0.0748794419375
-seŋ	0.0444557996934	0.673990802248	0.0153295861012	0.266223811957
-iel	0.00793650793651	0.992063492063	0.0	0.0
-loi	0.0	0.986970684039	0.0130293159609	0.0
-égi	0.324692441953	0.297011688793	0.243190352779	0.135105516475
-loe	0.0540540540541	0.891891891892	0.0	0.0540540540541
-loc	0.618181818182	0.3	0.0454545454545	0.0363636363636
-roa	0.0228758169934	0.977124183007	0.0	0.0
-roc	0.317212963208	0.28309342067	0.152927814902	0.24676580122
-géŋ	0.317760948642	0.3092897142	0.052761825806	0.320187511353
-ron	0.00592300098717	0.988153998026	0.00592300098715	0.0
-ʒae	0.120295862798	0.869950418597	0.0	0.00975371860523
-ʒac	0.611257874323	0.134570724139	0.0385014308162	0.215669970722
-ewu	0.0467293768357	0.848721584756	0.00794226120509	0.0966067772037
-ipi	0.0518322082931	0.864693828351	0.00723240115718	0.0762415621986
-cga	0.197362951549	0.519640211893	0.0517855919791	0.231211244579
-ipo	0.00511945392491	0.964163822526	0.0	0.0307167235495
-zoŋ	0.0796066494966	0.878248653711	0.0280964645282	0.0140482322641
-cgo	0.0957057365026	0.856295353939	0.00749678709125	0.040502122467
-ipa	0.0267538644471	0.958977407848	0.0142687277051	0.0
-éra	0.116315342394	0.500744937493	0.0362645870818	0.346675133032
-riŋ	0.190860997865	0.60579776465	0.050492969465	0.15284826802
-cgu	0.151685393258	0.449438202247	0.0168539325843	0.38202247191
-ewa	0.114238134544	0.224794664874	0.00852158193351	0.652445618648
-ewi	0.133699104822	0.806814900375	0.0248339589951	0.034652035807
-mai	0.125	0.875	0.0	0.0
-awi	0.208503679477	0.707004633415	0.0490596892887	0.0354319978196
-baŋ	0.413233997971	0.455332346632	0.0754577353534	0.0559759200438
-awa	0.133176549728	0.607681457506	0.0998108735389	0.159331119227
-awe	0.106280193237	0.552334943639	0.0161030595813	0.325281803543
-imo	0.0115874855156	0.988412514484	0.0	0.0
-awu	0.198990245458	0.13491476059	0.136647831555	0.529447162397
-ŋoc	0.383428939668	0.185655880582	0.0506555108336	0.380259668917
-276	0.0	0.340425531915	0.0	0.659574468085
-qau	0.285714285714	0.640816326531	0.0	0.0734693877551
-sto	0.00400043641124	0.981307051678	0.000145470414954	0.0145470414954
-aio	0.0045918845469	0.990863086871	0.00356105332209	0.000983975260051
-ezu	0.517458406305	0.278951401051	0.083734676007	0.119855516637
-uʒi	0.079295154185	0.656387665198	0.0	0.264317180617
-tio	0.0517836593786	0.945914844649	0.00230149597239	0.0
-mea	0.0	1.0	0.0	0.0
-uʒa	0.0355029585799	0.952662721894	0.0118343195266	0.0
-eyu	0.351399591243	0.118496830456	0.0419981422443	0.488105436057
-eyi	0.475428571428	0.266057142857	0.0994285714286	0.159085714286
-raŋ	0.077355392776	0.722625663046	0.171286941147	0.0287320030311
-eya	0.0973104999832	0.136149212266	0.212294692223	0.554245595528
-200	0.0301507537689	0.340703517588	0.0301507537689	0.598994974874
-lek	0.0	1.0	0.0	0.0
-mua	0.0796019900497	0.92039800995	0.0	0.0
-lem	0.00467559455091	0.975409836066	0.000346340337105	0.0195682290464
-muc	0.0812737419688	0.366904281761	0.504056652441	0.0477653238288
-lea	0.281879194631	0.697986577181	0.0201342281879	0.0
-lec	0.517088514469	0.348740784163	0.0161945456347	0.117976155733
-éia	0.245614035088	0.473684210526	0.105263157895	0.175438596491
-éic	0.136660867479	0.734557161997	0.0291959125722	0.0995860579519
-ʒki	0.43654822335	0.46192893401	0.0304568527919	0.0710659898477
-oic	0.044776119403	0.731343283582	0.134328358209	0.089552238806
-ibe	0.0	1.0	0.0	0.0
-spo	0.0	1.0	0.0	0.0
-iot	0.0181818181818	0.981818181818	0.0	0.0
-ifa	0.146499506973	0.775743062403	0.0354979574588	0.0422594731652
-uwa	0.365592264703	0.366341509823	0.268066225474	0.0
-oŋu	0.620689655172	0.301724137931	0.0	0.0775862068966
-ifi	0.0320855614973	0.919786096257	0.0320855614973	0.0160427807487
-ndu	0.292906989423	0.0936102933159	0.355877221677	0.257605495584
-gio	0.0	0.933333333333	0.0666666666666	0.0
-ruŋ	0.0864100549881	0.800274941084	0.0828750981932	0.0304399057345
-uda	0.0180970552944	0.851004189862	0.112592698232	0.0183060566123
-oŋi	0.319654427646	0.609071274298	0.0583153347732	0.0129589632829
-ndo	0.0	1.0	0.0	0.0
-ali	0.387442439436	0.452650179754	0.0688115321338	0.0910958486755
-nda	0.112719629616	0.0402718981019	0.0415485887062	0.805459883576
-néŋ	0.104292297077	0.407015776627	0.0461452429186	0.442546683377
-ale	0.0	1.0	0.0	0.0
-nde	0.0	1.0	0.0	0.0
-gia	0.121452625061	0.349122347021	0.240898486675	0.288526541243
-ala	0.0688008517	0.16303744468	0.569841423495	0.198320280125
-paŋ	0.269972046491	0.525525967339	0.0691481535972	0.135353832573
-120	0.0277777777778	0.305555555556	0.0	0.666666666667
-yop	0.0416666666667	0.895833333333	0.0625	0.0
-ŋeŋ	0.436860891376	0.202464788732	0.27939899672	0.0812753231719
-you	0.0844617856323	0.0315201591309	0.00504934588019	0.878968709357
-aŋa	0.101687474334	0.562503312746	0.199395143004	0.136414069917
-yoc	0.46488925206	0.229771549776	0.0477241906881	0.257615007476
-duŋ	0.0897030448115	0.749393519668	0.0110487506105	0.149854684911
-waŋ	0.241766763844	0.116201718817	0.0100506317688	0.63198088557
-lok	0.00785639017578	0.814501898628	0.0205139076812	0.157127803515
-pec	0.627534685165	0.372465314835	0.0	0.0
-iyu	0.354880301693	0.166869624672	0.0947337543069	0.383516319327
-ogi	0.0954761514505	0.660711358794	0.167595476152	0.0762170136043
-153	0.153846153846	0.0615384615385	0.0307692307692	0.753846153846
-eli	0.350408016935	0.293955715651	0.146817809342	0.208818458072
-iyi	0.44374902701	0.169049680859	0.0491238226823	0.338077469448
-elo	0.0	1.0	0.0	0.0
-ogo	0.119047619048	0.748677248677	0.100529100529	0.031746031746
-zeŋ	0.0546946216955	0.945305378304	0.0	0.0
-ela	0.214149139579	0.739961759082	0.0458891013384	0.0
-iya	0.273090997181	0.460427855323	0.0752752784454	0.191205869051
-ele	0.201442142612	0.791690511617	0.00343367288543	0.00343367288544
-sya	0.00672268907563	0.863865546218	0.129411764706	0.0
-esu	0.00890095539212	0.748316035466	0.000687332462712	0.242095676679
-diŋ	0.218674071503	0.739673724401	0.0312391530719	0.0104130510239
-ʒuŋ	0.00742206828302	0.814448292924	0.178129638793	0.0
-esi	0.475389543596	0.3141595155	0.0288537451636	0.18159719574
-péc	0.0882352941177	0.867647058824	0.0441176470588	0.0
-eso	0.00803481754269	0.973886842986	0.00602611315702	0.012052226314
-iti	0.230035910817	0.622531669552	0.0688419837927	0.0785904358385
-esa	0.0	1.0	0.0	0.0
-ite	0.0759493670886	0.924050632911	0.0	0.0
-feŋ	0.810810810811	0.171171171171	0.0	0.018018018018
-ese	0.0992557775167	0.868311790051	0.0112808460635	0.021151586369
-ita	0.0748967957539	0.741497935915	0.0699823078435	0.113622960488
-fac	0.0585914653816	0.852291709081	0.0658275680211	0.0232892575163
-nuŋ	0.09375	0.859375	0.046875	0.0
-fan	0.0	1.0	0.0	0.0
-doŋ	0.0688887662565	0.862406416129	0.0140720710777	0.0546327465372
-ndé	0.436323436513	0.104384080859	0.0336070751737	0.425685407454
-czu	0.424460431655	0.446043165468	0.021582733813	0.107913669065
-suŋ	0.385931558935	0.415535035307	0.181966322651	0.016567083107
-fat	0.0	0.969696969697	0.0	0.030303030303
-ude	0.0	1.0	0.0	0.0
-ŋki	0.0195608587217	0.971636754854	0.00440119321238	0.00440119321239
-hum	0.0	1.0	0.0	0.0
-rim	0.0	1.0	0.0	0.0
-qaŋ	0.0600600600601	0.747747747748	0.0720720720721	0.12012012012
-hua	0.343642611684	0.635738831615	0.0	0.020618556701
-huc	0.162606855254	0.0378002363607	0.00124060081909	0.798352307566
-aba	0.00678733031674	0.980607627666	0.00290885585003	0.00969618616678
-abo	0.0	1.0	0.0	0.0
-lot	0.0	0.977145759269	0.0114271203657	0.0114271203657
-aiŋ	0.0595053141501	0.894447956175	0.0217254301326	0.0243212995419
-tiŋ	0.0600405092593	0.716435185185	0.183015046296	0.0405092592593
-aec	0.0730547079834	0.44414276619	0.0104524487992	0.472350077027
-tuc	0.443254443779	0.367011184342	0.0599161174356	0.129818254444
-koc	0.296750334867	0.478353037097	0.112282336498	0.112614291538
-sou	0.0171075558372	0.961032789482	0.00285125930619	0.0190083953746
-kon	0.0588235294118	0.911764705882	0.0	0.0294117647059
-ael	0.0162971184933	0.966066756521	0.0113639366791	0.0062721883066
-éŋi	0.597313200844	0.114466526035	0.0310869323859	0.257133340735
-oru	0.536327899481	0.192975072877	0.0336830899342	0.237013937708
-sol	0.0109489051095	0.928832116788	0.0182481751825	0.0419708029197
-éŋu	0.460929330195	0.151466552136	0.0341228589414	0.353481258728
-ori	0.208538587849	0.727422003284	0.0541871921182	0.00985221674877
-oro	0.347622899254	0.314100835805	0.174979778916	0.163296486025
-cqe	0.181209075681	0.719811177098	0.0502512562814	0.0487284909395
-ora	0.166125636746	0.303077107671	0.448700328327	0.0820969272555
-ion	0.0469264001602	0.87999150123	0.0446185444146	0.0284635541955
-soc	0.524193548387	0.379032258065	0.0483870967742	0.0483870967742
-ému	0.550801610683	0.199963795868	0.0318783130505	0.217356280399
-eeŋ	0.615384615385	0.0610859728506	0.217194570136	0.106334841629
-ics	0.201680672269	0.546218487395	0.226890756303	0.0252100840336
-rut	0.0	1.0	0.0	0.0
-éma	0.121786086182	0.0422420352659	0.0126441953732	0.823327683179
-néc	0.385636413449	0.299997165827	0.10369292685	0.210673493873
-omi	0.152533893642	0.0234017598568	0.00190382488146	0.82216052162
-lio	0.00488997555012	0.910350448248	0.0358598207009	0.0488997555012
-giŋ	0.11004784689	0.681818181818	0.118819776714	0.0893141945774
-gai	0.0	1.0	0.0	0.0
-ruc	0.190270491371	0.654831442569	0.0229680610085	0.131930005051
-oma	0.425951770944	0.316407932722	0.0790861145761	0.178554181758
-adi	0.00661667401852	0.943096603441	0.00529333921482	0.044993383326
-lia	0.095605462298	0.389572438468	0.397678472508	0.117143626726
-ome	0.0	1.0	0.0	0.0
-éri	0.237588784076	0.474628350045	0.115447130335	0.172335735544
-ioŋ	0.0	0.91637630662	0.0836236933798	0.0
-izu	0.651903791685	0.160557770591	0.0604335147664	0.127104922957
-leŋ	0.170942413139	0.572091048267	0.032307218009	0.224659320585
-eau	0.593406593407	0.373626373626	0.032967032967	0.0
-odu	0.0	0.941719648804	0.0582803511959	0.0
-cma	0.402869405502	0.101269824953	0.0494230445137	0.446437725032
-144	0.0125260960334	0.102296450939	0.0	0.885177453027
-cmi	0.191346873762	0.103660395594	0.027584147204	0.67740858344
-abi	0.235294117647	0.397058823529	0.0	0.367647058824
-oda	0.0	1.0	0.0	0.0
-cmu	0.545661984042	0.174161198929	0.0453673516084	0.234809465421
-gat	0.0	1.0	0.0	0.0
-ode	0.0114068441065	0.977186311787	0.0114068441065	0.0
-rna	0.0	1.0	0.0	0.0
-izi	0.0865155514859	0.69837747624	0.132137140111	0.0829698321628
-odo	0.133333333333	0.866666666667	0.0	0.0
-uri	0.366666666667	0.316666666667	0.133333333333	0.183333333333
-uro	0.0304449648712	0.955503512881	0.00936768149885	0.00468384074941
-ura	0.23397078581	0.358602749907	0.128862590401	0.278563873882
-ehe	0.15904	0.3568	0.308	0.17616
-ure	0.404902789518	0.307692307692	0.103127641589	0.1842772612
-eha	0.120458265139	0.801963993453	0.050736497545	0.0268412438626
-zec	0.188235294118	0.564705882353	0.247058823529	0.0
-agu	0.154918253562	0.719615332111	0.0337946037331	0.0916718105938
-uru	0.0547657843898	0.0278404679798	0.0108238395291	0.906569908101
-pai	0.0292682926829	0.882926829268	0.0292682926829	0.0585365853659
-apa	0.124161073825	0.748322147651	0.10067114094	0.0268456375838
-ŋec	0.591250743289	0.0928036818313	0.014088506655	0.301857068225
-éŋa	0.316499830476	0.38446025288	0.163897433989	0.135142482655
-qoŋ	0.720143550209	0.246361400944	0.0	0.0334950488469
-pac	0.177241202158	0.792614194406	0.00876384460797	0.0213807588281
-pad	0.0	1.0	0.0	0.0
-yoŋ	0.349351718461	0.566371681416	0.0713109693353	0.0129656307882
-duc	0.365833674723	0.195002048341	0.049160180254	0.390004096682
-wac	0.153641420248	0.329463348953	0.0764112678395	0.440483962959
-pas	0.0	0.622377622378	0.377622377622	0.0
-wai	0.166897892174	0.398656770764	0.0121351787733	0.422310158288
-ŋha	0.522610229277	0.139259259259	0.0150264550265	0.323104056437
-aro	0.00940254652302	0.920078354554	0.00705190989227	0.0634671890303
-kec	0.145178993897	0.593979158311	0.0310399811254	0.229801866667
-kea	0.0	1.0	0.0	0.0
-faŋ	0.0579710144928	0.893719806763	0.0483091787439	0.0
-kem	0.144	0.856	0.0	0.0
-sop	0.02	0.92	0.06	0.0
-gaŋ	0.0875	0.903125	0.00937499999999	0.0
-sel	0.0562329821239	0.72653012904	0.181721321179	0.0355155676571
-aen	0.0	0.961538461538	0.0384615384615	0.0
-suc	0.25	0.552145411204	0.0917759237187	0.106078665077
-sua	0.0956175298805	0.90438247012	0.0	0.0
-iʒi	0.0398406374502	0.96015936255	0.0	0.0
-dic	0.847222222222	0.125	0.015873015873	0.0119047619048
-dio	0.0	1.0	0.0	0.0
-son	0.00755667506297	0.950881612091	0.0415617128463	0.0
-ʒuc	0.321695760598	0.573566084788	0.0598503740648	0.0448877805486
-ʒua	0.529704400542	0.140373719191	0.0299905358712	0.299931344395
-géc	0.185882352941	0.514117647059	0.3	0.0
-kop	0.002849002849	0.997150997151	0.0	0.0
-ska	0.0	1.0	0.0	0.0
-iha	0.109566814966	0.598683513204	0.181734425151	0.110015246678
-ske	0.109589041096	0.890410958904	0.0	0.0
-uku	0.37537954368	0.442005725687	0.130563025939	0.0520517046933
-ihi	0.466796957981	0.323320729065	0.0280409567914	0.181841356163
-wéc	0.0297239136282	0.120650233536	0.280365832783	0.569260020052
-afu	0.019801980198	0.693069306931	0.0792079207921	0.207920792079
-koŋ	0.0879454131918	0.816527672479	0.040940106141	0.054586808188
-afi	0.176487963373	0.21365627923	0.499007203925	0.110848553471
-uka	0.013698630137	0.972602739726	0.0	0.013698630137
-soŋ	0.102673796792	0.788235294117	0.109090909091	0.0
-afo	0.0173913043478	0.982608695652	0.0	0.0
-afa	0.00657894736841	0.983552631579	0.00328947368421	0.00657894736841
-nna	0.48959857649	0.215285510245	0.0230020409069	0.272113872358
-afe	0.0	1.0	0.0	0.0
-ait	0.0	0.793548387097	0.206451612903	0.0
-qai	0.513800424628	0.380042462845	0.0445859872612	0.0615711252653
-efa	0.00722891566265	0.985542168675	0.00361445783132	0.00361445783132
-apé	0.445852534562	0.417050691244	0.109447004608	0.0276497695852
-efi	0.404825737265	0.363636363636	0.134535705581	0.0970021935169
-qac	0.117519488317	0.66131845477	0.0165772295489	0.204584827364
-gic	0.480745750617	0.139631787555	0.0372234266256	0.342399035202
-aia	0.0117721043308	0.974193399952	0.0101232428121	0.00391125290468
-tia	0.0105032822757	0.942231947484	0.0420131291028	0.00525164113785
-tic	0.297458264784	0.532029944778	0.0785604060655	0.0919513843721
-aim	0.0	1.0	0.0	0.0
-tin	0.0	0.981132075472	0.0188679245283	0.0
-ain	0.037037037037	0.925925925926	0.037037037037	0.0
-tik	0.339543189147	0.535726659737	0.0935476133365	0.0311825377788
-eme	0.0354260121718	0.677518286237	0.00832523786394	0.278730463728
-ema	0.317193979933	0.070977703456	0.0251783723523	0.586649944259
-aŋi	0.350900741787	0.184316495938	0.136276933946	0.328505828329
-mmu	0.572551540394	0.0726162757796	0.0152694727547	0.339562711072
-emo	0.0222222222222	0.966666666667	0.0111111111111	0.0
-emi	0.0	1.0	0.0	0.0
-uwi	0.338351822504	0.521394611728	0.111727416799	0.0285261489699
-260	0.0	0.09375	0.03125	0.875
-emu	0.482042767746	0.21319509111	0.0371796707166	0.267582470427
-uwu	0.381426202322	0.553897180763	0.00497512437811	0.0597014925373
-aŋu	0.0745370054284	0.0109496789547	0.000604309024123	0.913909006593
-epé	0.163697104677	0.684855233853	0.0406458797327	0.110801781737
-mma	0.334185189404	0.0538740833259	0.00656638150839	0.605374345762
-béŋ	0.238470634608	0.472474050716	0.158980423072	0.130074891604
-eŋa	0.123192077195	0.489925369108	0.134084004848	0.252798548849
-set	0.0	1.0	0.0	0.0
-zac	0.543300136953	0.088762834749	0.037272958207	0.330664070091
-ana	0.292842788225	0.452104885216	0.0531836165957	0.201868709963
-eŋi	0.556475280307	0.306569343066	0.0293475807058	0.107607795921
-guŋ	0.492023259281	0.328164604145	0.119427463844	0.06038467273
-eŋu	0.269243818837	0.0910210011657	0.0222800271432	0.617455152854
-ane	0.0118205600233	0.976165100281	0.00532894099409	0.00668539870167
-ɋaŋ	0.065934065934	0.71978021978	0.148351648352	0.0659340659341
-aʒa	0.0652173913044	0.869565217391	0.0	0.0652173913044
-ési	0.431839516915	0.451721321756	0.0356859217046	0.0807532396239
-etu	0.757322175732	0.0753138075314	0.135983263598	0.0313807531381
-000	0.0376436776288	0.348442902089	0.0484804939159	0.565432926366
-aʒi	0.142410714286	0.741517857143	0.0357142857143	0.0803571428572
-ésa	0.348761269255	0.454118968769	0.0182252523912	0.178894509585
-iqe	0.402684563759	0.489932885906	0.107382550336	0.0
-eta	0.0338983050847	0.966101694915	0.0	0.0
-omu	0.608874843532	0.217077198308	0.0307660532102	0.14328190495
-nʒé	0.150712830957	0.419551934827	0.417515274949	0.0122199592668
-ete	0.00864758848177	0.97744494963	0.00641882856378	0.00748863332442
-eto	0.0	0.98976109215	0.0102389078498	0.0
-téŋ	0.226226931833	0.539653558593	0.131851115708	0.102268393866
-uyi	0.440472685498	0.182498859851	0.218619929224	0.158408525427
-wiŋ	0.533347400558	0.178147564815	0.047359963763	0.241145070864
-iŋa	0.208259557416	0.494982042882	0.149051247679	0.147707152023
-bul	0.0210526315789	0.978947368421	0.0	0.0
-lim	0.0	0.961538461538	0.0384615384615	0.0
-wes	0.0301734976113	0.917022881569	0.0452602464169	0.00754337440282
-piŋ	0.461538461538	0.265734265734	0.272727272727	0.0
-réŋ	0.176157993242	0.391040598912	0.382868388437	0.049933019408
-iŋi	0.29614357217	0.556865740795	0.0468557054812	0.100134981553
-300	0.0967741935484	0.361290322581	0.058064516129	0.483870967742
-uya	0.162024086991	0.646588180335	0.126103819067	0.0652839136068
-iŋu	0.38499925146	0.105643994211	0.0860322371376	0.423324517191
-mér	0.0593220338983	0.889830508475	0.0508474576271	0.0
-ata	0.00920225886477	0.951811827235	0.000890541180461	0.0380953727197
-wec	0.125688293033	0.51121219376	0.0586545367489	0.304444976458
-ato	0.0306748466258	0.932515337423	0.0	0.036809815951
-dac	0.236473475801	0.252339866238	0.132960675117	0.378225982844
-uyu	0.615221211739	0.155567153907	0.0945182329672	0.134693401387
-ati	0.0	1.0	0.0	0.0
-ose	0.0294358135732	0.946852003271	0.00899427636958	0.0147179067866
-kai	0.1328125	0.75	0.1171875	0.0
-ian	0.0314547837483	0.863695937091	0.104849279161	0.0
-osa	0.0	1.0	0.0	0.0
-ulo	0.0294125003126	0.914163519496	0.000750318885528	0.0556736613061
-nit	0.0	0.694915254237	0.0677966101695	0.237288135593
-kac	0.359397765906	0.432977173385	0.0473530840214	0.160271976688
-oso	0.526326981967	0.225714528751	0.0701769309288	0.177781558353
-ula	0.249854735619	0.418942475305	0.174317257408	0.156885531668
-osi	0.378241522173	0.540432714439	0.0583090379008	0.0230167254872
-tan	0.0	1.0	0.0	0.0
-ule	0.0227272727273	0.909090909091	0.0681818181818	0.0
-nic	0.724065297525	0.114270668773	0.0394944707741	0.122169562928
-nia	0.141847860537	0.357112974176	0.0443608850808	0.456678280206
-daŋ	0.0628207396921	0.914174482393	0.0	0.0230047779154
-léc	0.310702815744	0.507257201185	0.10946797122	0.0725720118505
-nen	0.386934673367	0.492462311558	0.120603015075	0.0
-rua	0.0822593912805	0.100973402797	0.425263915547	0.391503290376
-fik	0.00924214417747	0.950092421442	0.0351201478743	0.00554528650648
-fic	0.375933879525	0.413361244451	0.177861190313	0.0328436857112
-lic	0.124318298634	0.293420288501	0.525689377808	0.056572035058
-lfa	0.0158856235107	0.972200158856	0.011914217633	0.0
-éni	0.462459194777	0.23301725478	0.0823876884813	0.222135861962
-éeŋ	0.325440806045	0.429722921914	0.154156171285	0.0906801007557
-ilu	0.00282818760311	0.990101343389	0.00565637520623	0.00141409380155
-ésé	0.117012063637	0.775593137314	0.041992573111	0.0654022259373
-kéŋ	0.0488782051282	0.819711538462	0.0176282051282	0.113782051282
-éna	0.107169162895	0.622879974319	0.0277596241801	0.242191238606
-miŋ	0.0501425199556	0.878676367037	0.0133366005892	0.0578445124184
-aʒé	0.356454720616	0.543352601156	0.0809248554913	0.019267822736
-séŋ	0.11774813018	0.577824944411	0.287750151607	0.0166767738023
-yis	0.0328495034377	0.949325184619	0.0132416603005	0.00458365164248
-nʒi	0.332805637831	0.470585231335	0.0958022673884	0.100806863446
-ila	0.00182759671033	0.990862016448	0.0	0.00731038684132
-ilo	0.490384615385	0.365384615385	0.076923076923	0.0673076923077
-ili	0.225464190981	0.74358974359	0.0309460654288	0.0
-iga	0.186180258913	0.491444028841	0.0974212317229	0.224954480524
-niŋ	0.150121003538	0.112431721723	0.0152862158862	0.722161058852
-qeu	0.139784946237	0.365591397849	0.311827956989	0.182795698925
-éiŋ	0.554430379747	0.389873417722	0.00506329113924	0.0506329113924
-éac	0.407776427704	0.490157958688	0.0510328068044	0.0510328068043
-taŋ	0.384007897335	0.224086870681	0.236920039487	0.154985192498
-igi	0.11962224554	0.465897166842	0.329485834208	0.0849947534103
-amu	0.302778027215	0.49480151753	0.0960753457239	0.106345109531
-ebe	0.0103806228374	0.989619377163	0.0	0.0
-ami	0.0740740740741	0.925925925926	0.0	0.0
-amo	0.0	1.0	0.0	0.0
-tuk	0.0	0.349593495935	0.650406504065	0.0
-ama	0.264487076701	0.197297160045	0.00597857524903	0.532237188005
-uaŋ	0.0591939475598	0.901399795922	0.0343324895847	0.0050737669337
-até	0.409836065574	0.438674791863	0.0454896575401	0.105999485023
-usi	0.0753768844221	0.793969849246	0.123115577889	0.00753768844222
-iro	0.0105740181269	0.981873111782	0.00302114803625	0.00453172205438
-iri	0.352580817649	0.21752935973	0.0836895127608	0.34620030986
-ein	0.0329942260105	0.96700577399	0.0	0.0
-hia	0.0963861861975	0.127457045932	0.0986431493743	0.677513618496
-eic	0.373906125696	0.228321400159	0.0	0.397772474145
-cʒu	0.574224197472	0.0939339660766	0.0170500761592	0.314791760293
