-wõi	0.38881141966	0.345589281547	0.195899759245	0.0696995395482
-okõ	0.352312511516	0.441311958725	0.112400958172	0.0939745715865
-otĩ	0.224573990596	0.306467673163	0.32433813281	0.144620203431
-evã	0.530589543938	0.402669632925	0.0	0.0667408231368
-ũra	0.378839590444	0.0819112627986	0.361774744027	0.17747440273
-eus	0.0171673819742	0.974248927039	0.0	0.00858369098712
-cas	0.130335871591	0.836487724731	0.0132705614711	0.0199058422067
-car	0.0	0.984496124031	0.0	0.015503875969
-imã	0.644444444444	0.355555555556	0.0	0.0
-ive	0.0866330646455	0.121460493565	0.0373704845065	0.754535957283
-rbe	0.0	1.0	0.0	0.0
-ĩru	0.615950969077	0.273729454372	0.0630397580292	0.0472798185219
-caz	0.0	1.0	0.0	0.0
-okã	0.765362297277	0.189852700491	0.0322868620741	0.0124981401577
-umi	0.13123704565	0.62484202012	0.128658814013	0.115262120216
-xea	0.713541666667	0.192708333333	0.0	0.09375
-ẽsẽ	0.12418153082	0.640099345225	0.128697222849	0.107021901106
-zio	0.0	0.746886299719	0.253113700281	0.0
-nso	0.226618705036	0.679856115108	0.0935251798561	0.0
-úke	0.264108352144	0.575620767494	0.119638826185	0.0406320541761
-ivy	0.111292295149	0.495474928659	0.281940481044	0.111292295149
-ufo	0.0	1.0	0.0	0.0
-aum	0.00244100895036	0.982506102522	0.0	0.0150528885272
-aul	0.0770218228498	0.92297817715	0.0	0.0
-yri	0.111451262536	0.726999580678	0.0339871176843	0.127562039101
-nto	0.17702163411	0.575398149178	0.0325191198092	0.215061096903
-ate	0.234324804671	0.189097685765	0.0703988585213	0.506178651043
-nta	0.0409485617581	0.105273925586	0.00416733150635	0.849610181149
-rãi	0.222255807849	0.215295882729	0.0578146039703	0.504633705452
-nte	0.114740325524	0.420265321517	0.0511129821994	0.413881370759
-a'õ	0.791161796151	0.208838203849	0.0	0.0
-'ói	0.41712692081	0.163087626585	0.0141131934809	0.405672259124
-mbi	0.327948733093	0.471679168389	0.0976020317761	0.102770066741
-osẽ	0.357032633071	0.080749607421	0.0156860457959	0.546531713712
-óte	0.475839500451	0.298854410669	0.118133462818	0.107172626062
-dro	0.022789152266	0.962379887368	0.00480619808605	0.0100247622801
-ova	0.384187760301	0.338867034555	0.0708168985998	0.206128306543
-'úi	0.474270385298	0.224383264254	0.063379419992	0.237966930456
-pre	0.0107671601615	0.981157469717	0.0	0.00807537012113
-opy	0.232983984927	0.392369288742	0.251550478882	0.123096247449
-oái	0.689507494647	0.149892933619	0.0535331905782	0.107066381156
-arã	0.252446652553	0.227124423331	0.0362107668058	0.48421815731
-opu	0.5656083479	0.367930379454	0.058210907766	0.00825036488022
-aré	0.0253859348199	0.966380789022	0.00411663807891	0.0041166380789
-nóa	0.0970031199192	0.802214703168	0.0302104846861	0.0705716922265
-arõ	0.397170542904	0.365178000966	0.0650413055194	0.172610150611
-e'õ	0.320710421558	0.480963560274	0.132999897928	0.0653261202409
-opo	0.247853426941	0.697030153038	0.0101015202788	0.0450148997424
-wãi	0.725839670469	0.237563371356	0.0365969581749	0.0
-asy	0.297799682109	0.323222692564	0.152163903312	0.226813722015
-ope	0.209770752568	0.648264989724	0.0945981112326	0.0473661464753
-'ẽi	0.376399418157	0.291097999234	0.122972993289	0.20952958932
-opa	0.298340910995	0.187180838892	0.193861261745	0.320616988368
-hei	0.409506697158	0.47370140477	0.0392028748775	0.077589023195
-héi	0.208400776437	0.617680514413	0.116666572014	0.057252137136
-oky	0.341593291484	0.568132461827	0.0718850482894	0.0183891983996
-das	0.0434037692747	0.89369339969	0.0	0.0629028310353
-oku	0.186785971079	0.640409043701	0.0385875209715	0.134217464249
-bue	0.112788905187	0.203740287962	0.218098487074	0.465372319777
-ũrã	0.358603379932	0.358737623912	0.109710515678	0.172948480479
-ima	0.364104417477	0.410137634803	0.10273923724	0.12301871048
-yje	0.254480846719	0.291963858484	0.394011972379	0.0595433224181
-oko	0.501422143473	0.22497843471	0.0677849532558	0.205814468561
-des	0.0086960066307	0.93930912039	0.0416683651054	0.010326507874
-ime	0.276115276204	0.200017884559	0.0616092814338	0.462257557803
-deu	0.0698451264326	0.720565576793	0.115629914915	0.0939593818598
-oke	0.421674775577	0.352874665936	0.0301514424724	0.195299116015
-dez	0.0	0.0217721518987	0.00472573839662	0.973502109705
-oka	0.161042846848	0.735511708309	0.0727949426671	0.0306505021757
-imo	0.164310954064	0.674028268551	0.0530035335689	0.108657243816
-yma	0.246827761897	0.149705248833	0.0697716017526	0.533695387518
-ido	0.120603015075	0.497487437186	0.0	0.381909547739
-ytu	0.103360304486	0.789128568621	0.0814478234039	0.0260633034892
-mýi	0.465270089156	0.365159372997	0.0390420138686	0.130528523979
-rpo	0.0228571428571	0.908571428571	0.0	0.0685714285714
-vẽi	0.31836729737	0.407252677856	0.098831701926	0.175548322849
-ymi	0.324127732513	0.318611093773	0.151239443247	0.206021730467
-haĩ	0.326192794547	0.586173320351	0.0584225900682	0.0292112950341
-eca	0.450381679389	0.412213740458	0.0916030534352	0.0458015267175
-ide	0.0204081632653	0.959183673469	0.0204081632653	0.0
-ida	0.00469116497262	0.995308835027	0.0	0.0
-mbu	0.177699891906	0.672688263618	0.131268629827	0.0183432146484
-bia	0.274692060404	0.531621266132	0.0734355731953	0.120251100268
-véa	0.14926419061	0.402417659425	0.0947792571829	0.353538892782
-ryi	0.0999619192689	0.165079969535	0.658796648896	0.0761614623001
-u'ũ	0.25	0.551886792453	0.141509433962	0.0566037735849
-õve	0.560354374308	0.184939091916	0.197120708748	0.0575858250277
-a'y	0.0376550174281	0.846690625056	0.04615185046	0.069502507056
-tes	0.00269832703724	0.921628590274	0.0648797745398	0.0107933081489
-eje	0.230900496037	0.060760407384	0.0166117224845	0.691727374095
-ria	0.00863456611001	0.822595694686	0.0159867709165	0.152782968288
-ulo	0.0485924137556	0.810638517581	0.00346680767489	0.137302260989
-péi	0.137412665997	0.0996970803594	0.00407869983568	0.758811553808
-rim	0.0	1.0	0.0	0.0
-a'u	0.279221350206	0.387754395721	0.162799604136	0.170224649938
-eru	0.762335685196	0.112843022851	0.0100849297919	0.114736362161
-tea	0.546706678978	0.27947060634	0.126115727916	0.0477069867651
-a'i	0.0239471840722	0.888354833524	0.0765296692302	0.0111683131741
-a'o	0.459240723918	0.384951559296	0.0584726354898	0.0973350812966
-tee	0.155620651092	0.174673788703	0.0449671907246	0.624738369481
-utu	0.205392156863	0.707291666667	0.061274509804	0.0260416666667
-ejy	0.301795738814	0.159298775483	0.0192267708436	0.519678714859
-a'a	0.55272598732	0.323177473094	0.0645302005851	0.0595663390016
-lau	0.198675496689	0.781456953642	0.0	0.0198675496689
-yse	0.391806395887	0.480320973918	0.0557866178771	0.0720860123178
-a'e	0.122305381778	0.0722995962778	0.0116583498186	0.793736672126
-teo	0.0163233579479	0.952843632595	0.0031092110377	0.0277237984195
-meu	0.0743681355035	0.850205107847	0.0516077808655	0.0238189757841
-are	0.285898302478	0.391740095029	0.119769275115	0.202592327378
-e'e	0.414723621215	0.474476154946	0.0130572654356	0.0977429584033
-naã	0.114942528736	0.471264367816	0.413793103448	0.0
-ara	0.490149034925	0.31582747386	0.0904913886879	0.103532102527
-e'a	0.418865920782	0.20543127005	0.152800835537	0.222901973631
-e'o	0.414580141837	0.440237218793	0.0573320479477	0.0878505914219
-ãha	0.29167035066	0.416217605563	0.13811403989	0.153998003887
-aro	0.0172978027116	0.897148200093	0.030855539972	0.054698457223
-ari	0.271831786323	0.508429626823	0.0359916650881	0.183746921765
-e'i	0.299184500497	0.0553616849573	0.000652976937442	0.644800837608
-aru	0.474429569159	0.364931300168	0.040800320526	0.119838810146
-e'u	0.431065140974	0.164286462151	0.0307666209439	0.37388177593
-ixĩ	0.179755746818	0.103453456676	0.38026657509	0.336524221416
-mei	0.0	1.0	0.0	0.0
-oni	0.0	0.806451612903	0.0	0.193548387097
-kõi	0.055900924327	0.0909649489931	0.0270639517666	0.826070174913
-tye	0.0	0.908396946565	0.0458015267176	0.0458015267176
-o'õ	0.45162686312	0.335155211058	0.103530539562	0.10968738626
-ohã	0.816438356164	0.117808219178	0.0657534246575	0.0
-ote	0.0	1.0	0.0	0.0
-lão	0.0526315789474	0.947368421053	0.0	0.0
-wĩa	0.404103201741	0.304631644389	0.244637861362	0.0466272925085
-tyu	0.039408866995	0.960591133005	0.0	0.0
-báy	0.947674418605	0.0116279069767	0.00581395348837	0.0348837209302
-éte	0.396453224274	0.40803291836	0.0711181656169	0.124395691749
-bás	0.0138312586445	0.968385694527	0.0118553645524	0.00592768227622
-ndi	0.510441452984	0.22524002862	0.104248132186	0.160070386209
--vy	0.327271949326	0.148115280141	0.040924428241	0.483688342292
-dáu	0.115384615385	0.769230769231	0.115384615385	0.0
-a'ẽ	0.579994875938	0.262298511239	0.0407891748374	0.116917437985
-u'ú	0.686963465762	0.0	0.0209622679178	0.292074266321
-ópo	0.137255610194	0.817155919277	0.0220589373526	0.0235295331761
-zim	0.0	0.982905982906	0.0	0.017094017094
-u'ã	0.450667957265	0.144182793316	0.0211514336831	0.383997815736
-dái	0.437262117626	0.346686896716	0.163002752573	0.0530482330858
-xai	0.0	0.411363636364	0.0	0.588636363636
-exa	0.603843397376	0.15809949724	0.0345121456056	0.203544959778
-ota	0.349313232646	0.213027396446	0.037482216174	0.400177154734
-uhẽ	0.442771084337	0.289156626506	0.0361445783133	0.231927710843
-nhy	0.479903580215	0.252045404063	0.0759054566276	0.192145559094
-ija	0.320512820513	0.519230769231	0.160256410256	0.0
-nhu	0.185956870507	0.5442233566	0.175018231066	0.0948015418272
-icó	0.0	1.0	0.0	0.0
-ã'o	0.610123119015	0.217510259918	0.106703146375	0.0656634746922
-õrã	0.526315789474	0.372180451128	0.0338345864661	0.0676691729323
-ã'i	0.119425430409	0.725575606721	0.0381144990666	0.116884463804
-rom	0.0264705882353	0.973529411765	0.0	0.0
-nho	0.104070677496	0.105665691724	0.0628449323052	0.727418698475
-upã	0.225649058929	0.657061406142	0.026406658181	0.090882876748
-rái	0.502938794965	0.248231949254	0.133974892562	0.114854363219
-nhe	0.166385144253	0.0725424456827	0.19982580268	0.561246607385
-oty	0.269475465194	0.13364875974	0.0365667691301	0.560309005937
-nha	0.0409596959572	0.563910359194	0.0179148005784	0.37721514427
-pẽi	0.280668036318	0.496653191066	0.208761349327	0.0139174232885
ALL	0.222021399956	0.26467601179	0.0508276644017	0.462474923852
-nai	0.0113895216401	0.920273348519	0.0	0.0683371298405
-ysy	0.0710900473932	0.928909952607	0.0	0.0
-ake	0.407491486947	0.346197502838	0.0488081725312	0.197502837685
-avã	0.179312275986	0.722681451613	0.0282258064516	0.0697804659498
-esũ	0.564377682403	0.262618025751	0.00364806866952	0.169356223176
-aka	0.262828149792	0.471838477613	0.112639867408	0.152693505187
-aús	0.104651162791	0.686046511628	0.139534883721	0.0697674418605
-yso	0.214385671763	0.255993378713	0.50028489509	0.0293360544342
-sio	0.109289617486	0.653005464481	0.0	0.237704918033
-aky	0.154838709677	0.225806451613	0.167741935484	0.451612903226
-nas	0.0306062389641	0.94761624485	0.00627820286443	0.0154993133216
-sia	0.00632744529396	0.993145267598	0.000527287107828	0.0
-ysa	0.393213975848	0.322270666106	0.227219399866	0.0572959581794
-gwu	0.0590297615975	0.74622696987	0.0699948205103	0.124748448022
-mos	0.0346070656092	0.948089401586	0.0086517664023	0.0086517664023
-mor	0.0	0.932584269663	0.0674157303371	0.0
-rýi	0.352353558518	0.535701791892	0.055583628095	0.056361021495
-aái	0.534642853061	0.168084881436	0.0392137553328	0.25805851017
-rýu	0.697447080437	0.270238769118	0.0323141504449	0.0
-teĩ	0.106503910544	0.0637356894001	0.0440015732976	0.785758826758
-mom	0.0640542577241	0.935945742276	0.0	0.0
-waí	0.839920948617	0.100790513834	0.0	0.0592885375494
-ção	0.365859720097	0.519397837193	0.00862270169342	0.106119741016
-ixu	0.967259120674	0.0327408793265	0.0	0.0
-ber	0.0	1.0	0.0	0.0
-ixy	0.261845386534	0.526184538653	0.0249376558604	0.187032418953
-coa	0.00767202109805	0.96499640374	0.0115080316471	0.0158235435147
-eor	0.0762388818297	0.92376111817	0.0	0.0
-u'y	0.0369458128079	0.847290640394	0.0147783251231	0.100985221675
-u'e	0.26377881024	0.578710030063	0.116060854514	0.0414503051835
-ixa	0.118358498729	0.293909914748	0.0659688033453	0.521762783178
-ben	0.0	1.0	0.0	0.0
-beo	0.0173410404624	0.982658959538	0.0	0.0
-bel	0.0475703978035	0.911244492689	0.0201136581317	0.0210714513761
-y'y	0.260081636404	0.659874865024	0.0215042234969	0.0585392750749
-yai	0.461141117454	0.298885623728	0.114876466316	0.125096792501
-ixo	0.023758343704	0.976241656296	0.0	0.0
-cos	0.0261881668283	0.973811833172	0.0	0.0
-ỹrã	0.577586206897	0.370689655172	0.0	0.051724137931
-iso	0.33712321523	0.633791644632	0.00528820729774	0.0237969328398
-erã	0.208616556236	0.0486057140553	0.00873606130323	0.734041668405
-upu	0.622550311978	0.377449688022	0.0	0.0
-túi	0.206922696391	0.104502686	0.12933072481	0.559243892799
-amo	0.0190466295746	0.00686425292181	0.000993657872541	0.973095459631
-ã'ã	0.449388586956	0.503057065217	0.0	0.0475543478261
-ise	0.423842114831	0.365176984873	0.0349738448525	0.176007055443
-áta	0.0339424556972	0.928681375064	0.0326400126297	0.00473615660891
-túa	0.0529597538262	0.274921046238	0.599238804762	0.0728803951737
-evy	0.0977060729551	0.0712932412841	0.0146001597053	0.816400526055
-isa	0.157578631263	0.730994152047	0.101944049312	0.00948316737791
-upy	0.282088681447	0.340431738623	0.295215869312	0.0822637106184
-rez	0.0	1.0	0.0	0.0
-eve	0.138834384288	0.193872493483	0.0582642777602	0.609028844468
-a'ũ	0.1880190962	0.153685174285	0.135373749264	0.52292198025
-upe	0.037482112095	0.017418540777	0.00832641582785	0.9367729313
-eva	0.305575868373	0.54478976234	0.0783363802559	0.0712979890311
-isy	0.0228893951243	0.789194519058	0.0169596409507	0.170956444868
-upa	0.382188581752	0.45218139084	0.0701628465099	0.0954671808981
-res	0.148148148148	0.851851851852	0.0	0.0
-sái	0.253720238095	0.363839285714	0.0691964285715	0.313244047619
-evi	0.0960530911631	0.863779252532	0.00873209919664	0.0314355571079
-upi	0.27328768963	0.394792650529	0.0727790139794	0.259140645862
-avi	0.00269742093529	0.977301294579	0.00154138339159	0.0184599010946
-vão	0.168424522083	0.81048121292	0.0118655240607	0.00922874093605
-avo	0.544301699023	0.236928771191	0.0395517556304	0.179217774155
-ymĩ	0.557522123894	0.274641440342	0.061031431187	0.106805004577
-ava	0.596587504421	0.196368166624	0.0329232818404	0.174121047115
-mas	0.077743902439	0.913109756098	0.0	0.00914634146341
-mar	0.0	1.0	0.0	0.0
-akã	0.226564586228	0.56396609758	0.0639368552333	0.14553246096
-ave	0.0730815837834	0.043863174131	0.0315803776411	0.851474864444
-ýke	0.0	1.0	0.0	0.0
-avy	0.270035475055	0.450630045505	0.14274845432	0.136586025121
-ýky	0.285511615535	0.50966483419	0.0186203227523	0.186203227523
-'éi	0.164029352963	0.0988516900335	0.0300838530994	0.707035103904
-gwy	0.0839684984013	0.796226715865	0.0918546274998	0.0279501582335
-ysã	0.312248204705	0.182153013962	0.40065094318	0.104947838153
-ỹve	0.275486412184	0.402787798056	0.171308537405	0.150417252355
-ĩry	0.375686600283	0.345998427319	0.148111983536	0.130202988861
-itỹ	0.33857951473	0.600338183584	0.030488402741	0.0305938989443
-vói	0.213594967609	0.645103746127	0.046943948925	0.0943573373392
-sýi	0.321688853587	0.340014338544	0.241537422054	0.0967593858152
-arĩ	0.778919694073	0.221080305927	0.0	0.0
-a'ã	0.213457985781	0.545820970722	0.17298326149	0.0677377820075
-iro	0.012244744179	0.764712531083	0.219463491824	0.00357923291386
-léa	0.480836236934	0.160278745645	0.149825783972	0.209059233449
-ity	0.477541734639	0.221726507218	0.0648208378355	0.235910920308
--ry	0.109060402685	0.622483221477	0.0167785234899	0.251677852349
-býi	0.569306930693	0.265346534653	0.0663366336634	0.0990099009901
-vye	0.243697478992	0.728291316527	0.0280112044818	0.0
-ade	0.0214888718342	0.978511128166	0.0	0.0
-tra	0.00503355704698	0.984899328859	0.0	0.010067114094
-ada	0.191362620998	0.79374534624	0.0	0.0148920327625
-ado	0.134238654085	0.777714539391	0.0233349648837	0.064711841641
-tro	0.113068481998	0.304731684292	0.195558456968	0.386641376742
-ãve	0.166290174945	0.186905164523	0.215551926449	0.431252734084
-gar	0.488466757123	0.378561736771	0.132971506106	0.0
-evẽ	0.328786660004	0.309144763868	0.0957623638366	0.266306212292
-dré	0.0	0.998003992016	0.0	0.00199600798403
-roĩ	0.300847457627	0.216101694915	0.0381355932203	0.444915254237
-ohu	0.414585078304	0.252081290396	0.0670479880891	0.266285643211
-sem	0.0	1.0	0.0	0.0
--my	0.0744316226878	0.193082588067	0.0333044414983	0.699181347747
-u'a	0.4121483387	0.234913191742	0.0670501217419	0.285888347816
-esẽ	0.516683358122	0.179970631	0.152359308631	0.150986702247
-ino	0.0337078651686	0.85393258427	0.0	0.112359550562
-ina	0.0740740740741	0.925925925926	0.0	0.0
-uis	0.0	0.91825613079	0.0817438692098	0.0
-raó	0.0272727272727	0.972727272727	0.0	0.0
-rze	0.00414937759336	0.0165975103735	0.0	0.979253112033
-sôs	0.628491620112	0.343575418994	0.0	0.0279329608939
-ohe	0.303241061406	0.229883684826	0.45483770809	0.0120375456782
-uim	0.0	1.0	0.0	0.0
-ĩve	0.246463779835	0.283399154731	0.30220710791	0.167929957524
--me	0.501155242601	0.322807789636	0.127626801628	0.0484101661349
-erá	0.0	1.0	0.0	0.0
-seu	0.0208680239771	0.945812354112	0.00235630475395	0.0309633171573
-oho	0.657097652861	0.047252287443	0.00803311134176	0.287616948354
--ma	0.401246547251	0.252054891888	0.0838843702258	0.262814190635
-ser	0.0	1.0	0.0	0.0
-atĩ	0.175042776827	0.612593497922	0.14738368777	0.0649800374807
-dói	0.345021493552	0.340197940618	0.0879736079176	0.226806957913
-o'ẽ	0.0709377563109	0.675457942222	0.11072632826	0.142877973207
-fté	0.016	0.984	0.0	0.0
-ede	0.280373831776	0.719626168224	0.0	0.0
-neu	0.0384615384615	0.910256410256	0.0	0.0512820512821
-iai	0.109382121232	0.829090435575	0.0341819128849	0.027345530308
-nes	0.0	0.985311398355	0.0146886016451	0.0
-âni	0.0	0.994764397906	0.00523560209424	0.0
-rso	0.0157306316598	0.975879698122	0.00838967021854	0.0
-nel	0.133772623768	0.77632174922	0.0846937066062	0.00521192040653
-nem	0.305732484077	0.305732484076	0.076433121019	0.312101910828
-u'i	0.180693614908	0.728290342027	0.0670351003455	0.0239809427193
-ias	0.0105198382847	0.977050351552	0.00492811856688	0.00750169159625
-cor	0.0	1.0	0.0	0.0
-eka	0.677856725777	0.180656292486	0.0347767904223	0.106710191314
-eke	0.472889498971	0.315202470831	0.0498169755205	0.162091054678
-wyu	0.305263157895	0.610526315789	0.0631578947369	0.0210526315789
-eko	0.291599043754	0.319147218903	0.0938685248901	0.295385212453
-rei	0.164632787148	0.101746025285	0.0572167175914	0.676404469976
-iru	0.402426394437	0.464417813286	0.110963160231	0.0221926320462
-wye	0.0	1.0	0.0	0.0
-bas	0.0	1.0	0.0	0.0
-ica	0.0295741324921	0.934936908517	0.018927444795	0.0165615141956
-ase	0.445781213418	0.2706818077	0.0995284349042	0.184008543977
-que	0.0216959413802	0.951563962801	0.015800965711	0.0109391301076
-adã	0.0378151260504	0.96218487395	0.0	0.0
-asa	0.336944087239	0.323035176087	0.0698254976762	0.270195238998
-qui	0.0	1.0	0.0	0.0
-mby	0.121528266056	0.6260331885	0.0318772499048	0.22056129554
-gaí	0.0	1.0	0.0	0.0
-séu	0.4	0.6	0.0	0.0
-dre	0.0	1.0	0.0	0.0
-mba	0.327054808998	0.450669469342	0.107760610325	0.114515111335
-asu	0.141419451712	0.642533335098	0.131373859284	0.0846733539059
-eli	0.00518134715025	0.955958549223	0.0233160621762	0.0155440414508
-mbe	0.185425744502	0.528783147701	0.250471918368	0.0353191894291
-peẽ	0.0710181325891	0.0547787673872	0.0143921330336	0.85981096699
-lta	0.0	1.0	0.0	0.0
-hẽi	0.287860858812	0.164513240374	0.0814144386167	0.466211462198
-zor	0.0	1.0	0.0	0.0
-mbo	0.574780190759	0.297692391433	0.0223833001553	0.105144117653
-tẽi	0.358291816089	0.456384830762	0.0185323353149	0.166791017834
-ove	0.275441152742	0.3553080954	0.111725335454	0.257525416404
-déu	0.0481611208406	0.925569176883	0.0	0.0262697022767
-kýi	0.617003367003	0.316498316498	0.00252525252525	0.0639730639731
-dia	0.019758507135	0.980241492865	0.0	0.0
-ũse	0.396492387205	0.397700242802	0.050862992418	0.154944377574
-inã	0.0304568527918	0.969543147208	0.0	0.0
-ras	0.00622083981337	0.99066874028	0.0	0.00311041990669
-íry	0.283207795303	0.201677835323	0.0702370443023	0.444877325072
-õre	0.0261343177379	0.938407060206	0.00386821331525	0.0315904087412
-eri	0.159192883318	0.0712100209346	0.0247904468529	0.744806648894
-ypy	0.215765632484	0.36889062838	0.236722208015	0.178621531121
-ywõ	0.395249221184	0.315290758048	0.0	0.289460020768
-ero	0.194116019774	0.577488844253	0.0629532962077	0.165441839766
-ĩmi	0.22483881543	0.404709867774	0.239318107311	0.131133209485
-era	0.576189091311	0.213925046454	0.0999896519475	0.109896210288
-ĩrã	0.308773023127	0.668203849882	0.0138138761944	0.00920925079629
-ere	0.464936519875	0.195683948959	0.0475550743265	0.291824456839
-dos	0.0	1.0	0.0	0.0
-oze	0.00513638798947	0.0863955601109	0.0105173658832	0.897950686016
-pos	0.0	0.969008264463	0.0185950413223	0.0123966942149
-poi	0.433170566909	0.308326669381	0.108290933022	0.150211830688
-uga	0.385974449579	0.614025550421	0.0	0.0
-ẽha	0.237138708208	0.33579857508	0.163811976412	0.2632507403
-zha	0.0	0.476907109497	0.523092890503	0.0
-yrũ	0.316957108943	0.461283403228	0.12620234087	0.0955571469595
-tũi	0.506972111554	0.433266932271	0.0597609561753	0.0
-ike	0.497558607838	0.106317238569	0.0196336395993	0.376490513994
-uju	0.316474415853	0.621413782905	0.0443655723159	0.0177462289264
-ika	0.0951798700045	0.839178840337	0.0173756354978	0.0482656541605
-yju	0.0593465674111	0.567204301075	0.361869313482	0.0115798180314
-iko	0.234564632089	0.11013069136	0.0308339648409	0.624470711711
-ĩse	0.542183986705	0.269430051813	0.0798709551276	0.108515006354
-nos	0.0	1.0	0.0	0.0
-uja	0.143932226714	0.150726756687	0.618474240991	0.0868667756084
-fos	0.0	1.0	0.0	0.0
-nom	0.0	0.96	0.04	0.0
-las	0.0163599182004	0.979550102249	0.0040899795501	0.0
-noa	0.350157728707	0.649842271293	0.0	0.0
-pói	0.419651579708	0.298078722458	0.0734470877146	0.208822610119
-kỹi	0.0236326806212	0.181296421337	0.795070898042	0.0
-iky	0.808219178082	0.164383561644	0.027397260274	0.0
-dou	0.330843913368	0.195668409261	0.116504854369	0.356982823002
-aho	0.276119402985	0.679104477612	0.044776119403	0.0
-bou	0.679304571916	0.110867038316	0.0231774541683	0.186650935599
-ỹmi	0.724590000499	0.275409999501	0.0	0.0
-ẽve	0.482248681487	0.270002830048	0.108024562842	0.139723925623
-gea	0.681931066054	0.254620710703	0.0384534686326	0.0249947546112
-aha	0.364450127244	0.371332490422	0.0503817426367	0.213835639697
-boi	0.406167309455	0.270496878297	0.0591273066878	0.26420850556
-ahe	0.129810976998	0.600470659683	0.248083200486	0.0216351628331
-fás	0.0	1.0	0.0	0.0
-ahy	0.0191570881226	0.8096276648	0.0555064348168	0.115708812261
-pye	0.0585607940447	0.912903225806	0.0285359801489	0.0
-ohẽ	0.5033998503	0.186731174554	0.030008569359	0.279860405786
-myi	0.211340206185	0.252577319588	0.39175257732	0.144329896907
-áju	0.0546038543897	0.94539614561	0.0	0.0
-ypa	0.42292143601	0.392884153241	0.0641272641956	0.120067146554
-úvy	0.0810093419284	0.752490606364	0.0115481402323	0.154951911476
-ahu	0.166381609592	0.131372347018	0.605375001366	0.0968710420244
-sar	0.0304925723222	0.901485535575	0.0304925723221	0.0375293197811
-yku	0.426744805541	0.257591901971	0.283697389451	0.0319659030368
-mia	0.0516129032258	0.948387096774	0.0	0.0
-téi	0.325634872625	0.394356153627	0.142598460842	0.137410512906
-say	0.781420765027	0.165886026542	0.0526932084309	0.0
-rai	0.561164796902	0.314826178264	0.0309189560547	0.0930900687792
-ytã	0.029403019591	0.147543691566	0.819584393274	0.00346889556971
-voa	0.238927738928	0.60372960373	0.157342657343	0.0
-yke	0.360525317886	0.412848830229	0.0798008798193	0.146824972066
-tou	0.71525974026	0.110064935065	0.0402597402598	0.134415584416
-óga	0.0816188704041	0.798878113445	0.0235767940351	0.095926222116
-tos	0.0368403987156	0.76398903846	0.0457916261362	0.153378936689
-sae	0.592057761733	0.129963898917	0.223826714801	0.0541516245487
-olo	0.0199071001991	0.960185799602	0.00663570006636	0.0132714001327
-voi	0.550282974369	0.0137110929121	0.00555423987105	0.430451692848
-ohũ	0.0610169491525	0.0135593220339	0.803389830508	0.122033898305
-rva	0.0333333333334	0.966666666667	0.0	0.0
-lon	0.0	1.0	0.0	0.0
-dom	0.00471327572663	0.972898664572	0.00471327572663	0.0176747839749
-iel	0.0980075390416	0.891222401723	0.0107700592353	0.0
-hái	0.288988289692	0.535859677338	0.0954917826808	0.079660250289
-váy	0.0184327704608	0.824608170954	0.120846597674	0.036112460911
-irõ	0.203011630534	0.616824659988	0.0443445756627	0.135819133815
-oce	0.0232558139535	0.976744186046	0.0	0.0
-hỹi	0.367021276596	0.265957446809	0.0638297872341	0.303191489362
-hai	0.597793513626	0.265507078961	0.0176579705945	0.119041436818
-áma	0.739961759082	0.156787762906	0.0	0.103250478011
-háy	0.0559507170772	0.643135020609	0.212194318576	0.0887199437377
-póy	0.41172354204	0.526833753639	0.0241176970233	0.0373250072979
-ỹsã	0.0490196078431	0.0	0.882352941176	0.0686274509804
-los	0.0	1.0	0.0	0.0
-pãi	0.0458015267176	0.709923664122	0.152671755725	0.0916030534351
-týi	0.50069663566	0.316149653731	0.11861246568	0.0645412449289
-éro	0.0936589218408	0.19028749778	0.0494401349258	0.666613445454
-ipo	0.304748433144	0.0785486833931	0.0140421233444	0.602660760119
-íra	0.504123144585	0.442001099505	0.00769653655854	0.0461792193513
-húi	0.350559919773	0.355540698646	0.215610897543	0.0782884840381
-ekũ	0.394383617479	0.374481721458	0.0840489676594	0.147085693404
-ipa	0.401446167951	0.439636791069	0.0882201063994	0.0706969345803
-itã	0.172113790405	0.579551369182	0.0998923405531	0.148442499859
-éra	0.693899782135	0.0389044506691	0.00933706816059	0.257858699035
-õse	0.363620093735	0.361159271149	0.168734130491	0.106486504625
-ipe	0.171231982203	0.71418635057	0.0471988131696	0.0673828540571
-erĩ	0.243648561985	0.422623452222	0.282176508312	0.0515514774801
-ipy	0.038989917261	0.387535202263	0.0197569289593	0.553717951517
-rda	0.0	0.971556277936	0.0284437220642	0.0
-éry	0.0898578066038	0.096936415392	0.00397989984424	0.80922587816
-úde	0.0	1.0	0.0	0.0
-rdo	0.0310130944176	0.813921433494	0.155065472088	0.0
-júi	0.745898091273	0.127128251639	0.0317434142721	0.0952302428165
-ipu	0.0428954423592	0.941018766756	0.0160857908847	0.0
-pýi	0.182009199841	0.517292293714	0.213243227895	0.0874552785507
-nga	0.223193982043	0.225301378888	0.0452260578846	0.506278581185
-péa	0.121307432841	0.0778337932314	0.0112703570079	0.78958841692
-gái	0.488264878458	0.379715004191	0.0817267393126	0.0502933780385
-ita	0.0749895190028	0.791206443395	0.0406481287389	0.0931559088637
-ãrã	0.18727600812	0.484925189845	0.123637252199	0.204161549836
-tia	0.38686857171	0.441203234491	0.011852324533	0.160075869266
-írã	0.214815063962	0.125458275874	0.0303835502786	0.629343109885
-ũsũ	0.167441860465	0.539534883721	0.237209302326	0.0558139534883
-hóy	0.339710399298	0.642299254059	0.0179903466433	0.0
-saú	0.0	1.0	0.0	0.0
-ahẽ	0.514978585264	0.122705687613	0.0322369981426	0.33007872898
-rça	0.0	0.211034482759	0.788965517241	0.0
-sẽi	0.484672742336	0.428334714167	0.049710024855	0.0372825186412
-yhẽ	0.649044408377	0.140246387485	0.162995164246	0.047714039892
-aim	0.0112065745237	0.977586850953	0.0	0.0112065745237
-sto	0.0173317049381	0.934271176124	0.00342557497611	0.0449715439621
-uém	0.0	1.0	0.0	0.0
-yky	0.251142414221	0.490190305214	0.164606451269	0.0940608292964
-tim	0.0	0.993333333333	0.00666666666668	0.0
-ste	0.0452830188679	0.905660377359	0.0339622641509	0.0150943396226
-voí	0.0764331210191	0.152866242038	0.509554140127	0.261146496815
-loí	0.0	0.979166666667	0.0208333333333	0.0
-oli	0.0975609756098	0.869918699187	0.0325203252032	0.0
-iái	0.599411856137	0.189135542439	0.0620346926911	0.149417908733
-xýi	0.147444130491	0.725661443617	0.0236321602877	0.103262265605
-ões	0.0191082802548	0.671974522293	0.0382165605096	0.270700636943
-púi	0.378098610733	0.371833287933	0.072641423772	0.177426677563
-rpa	0.0478087649402	0.689243027888	0.215139442231	0.0478087649403
-ĩxa	0.132135418785	0.164547419992	0.0375364350256	0.665780726198
-uco	0.0	0.960264900662	0.0397350993378	0.0
-hya	0.616554852121	0.233204195408	0.0651989039025	0.0850420485684
-áxa	0.0	0.859813084112	0.0	0.140186915888
-mão	0.00234180611797	0.996780016588	0.0	0.000878177294238
-hye	0.188226744186	0.469234496124	0.193313953488	0.149224806202
-wái	0.134145438289	0.300863055293	0.0191048138988	0.545886692519
-bói	0.0550171556106	0.826426726937	0.0398932907066	0.0786628267454
-raẽ	0.428251581591	0.094571493441	0.0	0.477176924968
-ois	0.0419177364422	0.452449567723	0.086455331412	0.419177364422
-yka	0.097326959913	0.864018360973	0.00621235914339	0.032442319971
-iom	0.0	1.0	0.0	0.0
-leo	0.476772616137	0.523227383863	0.0	0.0
-yte	0.4746598177	0.388553653472	0.054353720432	0.0824328083961
-éia	0.00603379223467	0.975964519803	0.00860995918009	0.00939172878266
-yta	0.50335994886	0.157280167223	0.0494576599978	0.28990222392
-dýi	0.441931108893	0.286904469522	0.145616954273	0.125547467311
-rye	0.183313748531	0.614571092832	0.10223266745	0.0998824911869
-gói	0.578532886102	0.262505468864	0.0379174566137	0.121044188421
-yty	0.452518165873	0.425331996993	0.0244299674267	0.0977198697068
-esã	0.0	0.813229571984	0.163424124514	0.023346303502
-acó	0.0195439739414	0.960586319218	0.00456026058631	0.0153094462541
-esá	0.0	1.0	0.0	0.0
-yhũ	0.01393728223	0.505226480836	0.480836236934	0.0
-leu	0.344827586207	0.551724137931	0.0344827586207	0.0689655172414
-õha	0.317178090049	0.544020648122	0.0493260682535	0.0894751935761
-ndy	0.131346342445	0.473989243785	0.0668378585064	0.327826555263
-eel	0.0	1.0	0.0	0.0
-rra	0.0111503438023	0.966548968593	0.00557517190113	0.0167255157034
-osã	0.108695652174	0.891304347826	0.0	0.0
-ány	0.142426646001	0.539183555237	0.205423047116	0.112966751647
-rro	0.0179211469534	0.948028673835	0.0179211469534	0.0161290322581
-iba	0.333333333333	0.666666666667	0.0	0.0
-gio	0.0212064090481	0.908105560792	0.0706880301602	0.0
-ẽra	0.0428571428572	0.677142857143	0.245714285714	0.0342857142857
-udá	0.0	1.0	0.0	0.0
-'ue	0.595890410959	0.22602739726	0.0	0.178082191781
-ndo	0.412616268933	0.415851013711	0.0365867028583	0.134946014497
-ali	0.0	1.0	0.0	0.0
-nda	0.341705616769	0.462662782376	0.078062566914	0.117569033941
-áni	0.28738317757	0.0957943925233	0.511682242991	0.105140186916
-o'ã	0.256047740736	0.0795210827182	0.0113528160728	0.653078360472
-ale	0.232867844261	0.406917599186	0.249237029502	0.110977527051
-nde	0.138261622926	0.128896559175	0.0146344117918	0.718207406108
-gia	0.0	0.972972972973	0.027027027027	0.0
-uve	0.356328577514	0.290011457696	0.210627825004	0.143032139785
-uva	0.121212537627	0.735827653133	0.10548824925	0.0374715599904
-osé	0.0191311279394	0.963531287366	0.00239139099243	0.0149461937027
-e'y	0.0321918994591	0.948953393277	0.00692183392422	0.0119328733394
-uvi	0.369822485207	0.474852071006	0.051775147929	0.103550295858
-uvu	0.0661157024793	0.884297520661	0.0495867768595	0.0
-omĩ	0.0674157303371	0.407704654896	0.288924558588	0.23595505618
-lom	0.0	1.0	0.0	0.0
-abá	0.037037037037	0.962962962963	0.0	0.0
-abé	0.023380718914	0.957402251842	0.014782330188	0.0044346990564
-gwa	0.14059717007	0.261185599424	0.0693921094566	0.52882512105
-bim	0.285714285714	0.714285714286	0.0	0.0
-'ãi	0.20202427801	0.042644532684	0.0190795379288	0.736251651377
-ora	0.662700334857	0.172409072721	0.119190025904	0.0457005665185
-cho	0.0	0.0816326530612	0.673469387755	0.244897959184
-gwi	0.209355877736	0.266311482614	0.060661333791	0.463671305859
-cha	0.0667408231368	0.806451612903	0.12680756396	0.0
-mói	0.104611077747	0.682695808842	0.0279851893185	0.184707924093
-oúi	0.500157035176	0.239400125628	0.0345477386934	0.225895100502
-pei	0.686989707201	0.0606998956681	0.0	0.252310397131
-ueu	0.100572221259	0.810993584186	0.0	0.0884341945551
-oré	0.0	1.0	0.0	0.0
-'ãy	0.154729822318	0.264970538528	0.0719408029964	0.508358836158
-elo	0.158432094313	0.833484635569	0.00808327011801	0.0
-oga	0.178874325366	0.679259830378	0.0447185813416	0.0971472629144
-orã	0.141482355576	0.118780080502	0.209605109872	0.53013245405
-asẽ	0.493151349124	0.324129069796	0.0630318310747	0.119687750006
-hýi	0.431879398123	0.304415643428	0.177603540926	0.0861014175226
-loe	0.509090909091	0.490909090909	0.0	0.0
-eja	0.562573463348	0.166732832775	0.0380963688952	0.232597334981
-leá	0.0	1.0	0.0	0.0
-ter	0.0826446280992	0.917355371901	0.0	0.0
-esu	0.0100859871524	0.66402648108	0.0034009034289	0.322486628338
-u'u	0.309167716594	0.500392796265	0.110486919143	0.0799525679982
-moĩ	0.374151672281	0.14134674922	0.0283356860973	0.456165892401
-ito	0.0260398133903	0.764411873106	0.0620606640827	0.147487649421
-uta	0.00767459708364	0.992325402916	0.0	0.0
-eso	0.0955397163641	0.86713204497	0.00418840473216	0.0331398339334
-unu	0.0489921612542	0.942609182531	0.0	0.00839865621501
-esa	0.275595956482	0.496933507404	0.106795791019	0.120674745095
-ite	0.522149464002	0.291764263366	0.136846244593	0.0492400280394
-aku	0.243248798762	0.519228461804	0.205848208726	0.0316745307088
-ese	0.153906715465	0.111603374373	0.019402513234	0.715087396928
-jái	0.581103246861	0.232231137401	0.0493797164806	0.137285899257
-o'y	0.355499734857	0.552823955483	0.0216092826716	0.0700670269887
-apu	0.203523657285	0.542844960206	0.123065031472	0.130566351036
-spe	0.0590744995077	0.783393501805	0.157531998687	0.0
-uel	0.0906203148963	0.85449396573	0.01266593524	0.0422197841334
-rês	0.0111111111111	0.407407407407	0.0111111111111	0.57037037037
-ute	0.0	1.0	0.0	0.0
-o'u	0.65481433406	0.145010866986	0.0180580136185	0.182116785335
-spo	0.0232558139535	0.976744186047	0.0	0.0
-o'i	0.425125824838	0.43729709925	0.100430554215	0.0371465216961
-bra	0.375939849624	0.496240601504	0.127819548872	0.0
-uda	0.027397260274	0.972602739726	0.0	0.0
-o'o	0.305722177832	0.562069728439	0.0479079474746	0.0843001462546
-rio	0.00793126239261	0.976206212822	0.00793126239259	0.00793126239261
-o'a	0.586258525084	0.191403201223	0.0565015384993	0.165836735194
-y'ĩ	0.237068965517	0.418103448276	0.237068965517	0.10775862069
-o'e	0.201955419785	0.597684721303	0.0236525218926	0.17670733702
-alá	0.0	0.934782608696	0.0	0.0652173913043
-usu	0.0913589467403	0.793020427924	0.0791164538054	0.03650417153
-uvã	0.22438201423	0.551969485807	0.146629501944	0.0770189980196
-abe	0.0227790432802	0.97722095672	0.0	0.0
-'õi	0.347719298246	0.184210526316	0.468070175439	0.0
-pão	0.0588235294118	0.450980392157	0.0	0.490196078431
-asã	0.0869380831213	0.836726039016	0.0254452926208	0.0508905852417
-ejo	0.750853242321	0.245733788396	0.00341296928328	0.0
-rão	0.0	0.979322228604	0.0206777713958	0.0
-koe	0.0979240109675	0.665883274579	0.165687426557	0.0705052878966
-gwã	0.0238470518935	0.0151020591012	0.00222295949232	0.958827929513
-vái	0.264344222456	0.382757205559	0.18265205766	0.170246514325
-peí	0.286176346505	0.528195753059	0.0	0.185627900436
-ael	0.00830901831479	0.979761945831	0.00757820599648	0.00435082985781
-sos	0.0	1.0	0.0	0.0
-oru	0.246655460902	0.405215922587	0.126424158529	0.221704457982
-som	0.0849056603774	0.88679245283	0.0141509433962	0.0141509433962
-kwã	0.296456746054	0.396211261941	0.0382387316416	0.269093260364
-rúi	0.456055023178	0.285170919441	0.124033448233	0.134740609148
-gwõ	0.463591578916	0.263183112408	0.0679106143202	0.205314694356
-oro	0.527968195152	0.412822294272	0.0198201327775	0.0393893777984
-elã	0.276923076923	0.723076923077	0.0	0.0
-oão	0.0223801379961	0.940668553793	0.0126550490456	0.0242962591654
-vai	0.113911989676	0.267293994358	0.293354085345	0.325439930621
-eju	0.77210766567	0.0990293299754	0.0144813473949	0.11438165696
-kái	0.502728133418	0.274347046584	0.0868621386213	0.136062681377
-ngy	0.0678153832522	0.323810332542	0.521020627425	0.0873536567806
-lix	0.0	0.985493230174	0.0145067698259	0.0
-yhu	0.39334177903	0.351736767877	0.102713744268	0.152207708825
-jei	0.51567239636	0.196935521506	0.0295558839543	0.25783619818
-kwe	0.51843838747	0.188532840749	0.028746830291	0.26428194149
-lis	0.0365990990991	0.840934684685	0.0	0.122466216216
-ico	0.0631104432757	0.815176558978	0.121712997746	0.0
-lim	0.0	1.0	0.0	0.0
-omi	0.455598214841	0.336171695112	0.147779820859	0.0604502691872
-yha	0.170048550938	0.440545899988	0.307691582048	0.0817139670259
-sué	0.0289985155522	0.710014844478	0.0	0.26098663997
-ãxa	0.127441244621	0.872558755379	0.0	0.0
-aão	0.0147962971247	0.952107649551	0.0263932194763	0.00670283384783
-oma	0.0165735209096	0.942506584441	0.0094430526113	0.0314768420377
-adi	0.0	1.0	0.0	0.0
-lia	0.0	0.987712112346	0.0087770626097	0.00351082504388
-ome	0.23032087447	0.517116677377	0.153413264263	0.0991491838905
-éri	0.553963319291	0.147900149004	0.0352642519453	0.262872279759
-i'ã	0.099040544723	0.900959455277	0.0	0.0
-óva	0.403361344538	0.142857142857	0.403361344538	0.0504201680672
-diã	0.0	0.909090909091	0.0909090909091	0.0
-gwĩ	0.146500377343	0.0948468048186	0.0207420846073	0.737910733231
-ĩno	0.422222222222	0.548148148148	0.0296296296296	0.0
-peĩ	0.624754420432	0.0707269155206	0.235756385069	0.0687622789784
-rne	0.34693877551	0.43537414966	0.0952380952381	0.122448979592
-ode	0.120418848168	0.879581151832	0.0	0.0
-rna	0.0	1.0	0.0	0.0
-rno	0.112676056338	0.859154929577	0.0281690140845	0.0
-rni	0.0	1.0	0.0	0.0
-zer	0.0	1.0	0.0	0.0
-eho	0.594148989089	0.243619051904	0.00777651974486	0.154455439263
-gue	0.293891601953	0.639980786166	0.0134496837723	0.0526779281083
-véi	0.417539532188	0.333373696436	0.121176961876	0.1279098095
-uro	0.0142809539677	0.861950778312	0.12376826772	0.0
-ura	0.431478395487	0.312551226948	0.129303611549	0.126666766016
-ehe	0.238273045618	0.320176227874	0.0607958735622	0.380754852945
-ure	0.519845798685	0.267781984831	0.0561921555025	0.156180060982
-eha	0.270511161732	0.437079379393	0.097365978458	0.195043480416
-ory	0.515468484373	0.258852509336	0.127315087253	0.0983639190387
-afá	0.0	0.875	0.0	0.125
-ehu	0.401242203599	0.21771046476	0.0223831573086	0.358664174332
-uru	0.216661086712	0.630885560768	0.0754737316684	0.0769796208514
-apa	0.415921071831	0.365538274204	0.127412316432	0.0911283375332
-ára	0.169696969697	0.830303030303	0.0	0.0
-ape	0.132308619269	0.717475281448	0.0569610857974	0.0932550134849
-yre	0.213781001872	0.571519116481	0.152455369967	0.0622445116795
-api	0.482770369727	0.42191578468	0.0249358081414	0.0703780374516
-apo	0.398271311585	0.252927602179	0.0562696821677	0.292531404068
-y'ã	0.361445783133	0.592215013902	0.0463392029657	0.0
-ehẽ	0.379545454545	0.465909090909	0.0454545454545	0.109090909091
-waa	0.47003097514	0.22202032249	0.0635313430906	0.244417359279
-ári	0.103432030184	0.0802135947941	0.00899228163315	0.807362093389
-ago	0.00214857388409	0.984387029776	0.0118171563625	0.0016472399778
-apy	0.31208091707	0.399688108647	0.0756553406439	0.212575633638
-áry	0.050281175216	0.710959317592	0.00876077816017	0.229998729032
-urẽ	0.0	1.0	0.0	0.0
-eéi	0.357369684765	0.28100069708	0.220664549609	0.140965068546
-kóa	0.223979975586	0.138000764479	0.0448823072465	0.593136952689
-kea	0.245151280062	0.685802948022	0.0318076027929	0.0372381691233
-ini	0.0	0.951701931923	0.0482980680773	0.0
-xái	0.19444512829	0.318642368045	0.141965935329	0.344946568336
-sus	0.0	0.977777777778	0.0222222222222	0.0
-omé	0.00357909806729	0.996420901933	0.0	0.0
-kúi	0.529472860282	0.227443778788	0.0955685341843	0.147514826745
-óke	0.319327731092	0.453781512605	0.0252100840336	0.201680672269
-i'a	0.18703717976	0.692086227959	0.0818560151515	0.0390205771294
-feu	0.0	1.0	0.0	0.0
-fes	0.171052631579	0.789473684211	0.0197368421053	0.0197368421052
-óri	0.147788515052	0.130501391348	0.0513817353909	0.670328358209
-ãte	0.213797389683	0.643256681168	0.142945929149	0.0
-i'i	0.0241133146538	0.882878185967	0.065450425489	0.0275580738901
-dio	0.0	0.975864843121	0.0241351568785	0.0
-i'o	0.42471042471	0.57528957529	0.0	0.0
-óra	0.137315384725	0.598402251631	0.0271503503959	0.237132013248
-odá	0.0	1.0	0.0	0.0
-ori	0.234826589595	0.291907514451	0.0704479768787	0.402817919075
-dão	0.0019467065896	0.995383524373	0.00266976903717	0.0
-i'u	0.329879988909	0.53375793841	0.0425892748007	0.0937727978796
-óry	0.0898776270683	0.757196838477	0.0538336652598	0.0990918691953
-ice	0.212960842684	0.693153194413	0.0457980306846	0.0480879322189
--ta	0.450762607938	0.222207818231	0.0550318826007	0.271997691231
-sli	0.0	1.0	0.0	0.0
-ovo	0.200896860987	0.250224215247	0.0968609865471	0.45201793722
-iha	0.324878091053	0.334370830678	0.235289232475	0.105461845794
-tão	0.0641025641025	0.902421652422	0.00997150997151	0.0235042735043
-uku	0.19062683377	0.511121455804	0.147898151396	0.15035355903
-vea	0.227488151659	0.0592417061611	0.5	0.21327014218
