-ãge	0.682307692308	0.184615384615	0.0707692307692	0.0623076923077
-ũrn	0.0387096774194	0.767741935484	0.154838709677	0.0387096774194
-pẽ'	0.0731707317073	0.292682926829	0.0	0.634146341463
-ũri	0.188166755305	0.326310618212	0.0968930910384	0.388629535445
-jãn	0.372593302346	0.545962490381	0.0558534332408	0.0255907740317
-urĩ	0.0500798374219	0.60538539701	0.31296269415	0.0315720714182
-eus	0.0	1.0	0.0	0.0
-jãg	0.136158166216	0.750542337809	0.0954101018739	0.0178893941014
-cas	0.0341530054645	0.873633879781	0.00683060109288	0.0853825136612
-iva	0.0852148579752	0.782228696286	0.0764748725418	0.0560815731974
-hen	0.381845867862	0.208286749847	0.0600817456855	0.349785636605
-ive	0.0631632574001	0.9368367426	0.0	0.0
-hej	0.513256300062	0.222713063683	0.0531633101527	0.210867326102
-afá	0.0	1.0	0.0	0.0
-caz	0.0	1.0	0.0	0.0
-ãgy	0.462209302326	0.363372093023	0.174418604651	0.0
-mrẽ	0.333423301844	0.279532163743	0.151776878093	0.23526765632
-jãm	0.666688442558	0.224253417645	0.0563283283381	0.0527298114595
-gãm	0.223574144487	0.744486692015	0.0319391634981	0.0
-gãn	0.639086105711	0.138479727465	0.142270353284	0.0801638135402
-amẽ	0.260089697015	0.701951266123	0.0379590368617	0.0
-gjẽ	0.39400921659	0.398617511521	0.152073732719	0.0552995391705
-nha	0.00340136054421	0.921768707483	0.0680272108844	0.00680272108843
-gãg	0.507936507937	0.174603174603	0.126984126984	0.190476190476
-ufy	0.394308719435	0.283515581785	0.279025107409	0.0431505913707
-ijy	0.146788990826	0.48623853211	0.275229357798	0.091743119266
-zio	0.0	0.84	0.16	0.0
-gé'	0.360173349939	0.162879155427	0.101524783874	0.37542271076
-nso	0.0629095674967	0.866317169069	0.0550458715596	0.0157273918742
-aug	0.611691022965	0.237995824635	0.0125260960334	0.137787056367
-'i'	0.0728291316527	0.872549019608	0.0294117647059	0.0252100840336
-ufo	0.0	1.0	0.0	0.0
-aum	0.00803914715135	0.988815099616	0.00209716882209	0.00104858441104
-gró	0.333870967742	0.593548387097	0.0290322580645	0.0435483870968
-ãg'	0.784946236559	0.188172043011	0.0268817204301	0.0
-pur	0.0588968526021	0.830944219383	0.0839825490807	0.0261763789342
-nta	0.482142857143	0.305555555556	0.196428571428	0.015873015873
-ejé	0.410802980132	0.289735099338	0.0281456953642	0.271316225166
-uté	0.5	0.190476190476	0.119047619048	0.190476190476
-nte	0.174299733222	0.706551210564	0.097029800728	0.0221192554851
-ijũ	0.530192413771	0.198546351277	0.197280898147	0.0739803368052
-jã'	0.118568432731	0.608724171989	0.27270739528	0.0
-ján	0.567298105683	0.247258225324	0.161515453639	0.0239282153539
-grã	0.311627906977	0.519379844961	0.0542635658915	0.114728682171
-grá	0.0944501246347	0.808461661043	0.0848422671287	0.012245947194
-rén	0.483842258258	0.280788737164	0.0477499751632	0.187619029415
-her	0.433996383363	0.535003874968	0.0309997416688	0.0
-pun	0.546360153257	0.39846743295	0.0367816091954	0.0183908045977
-gré	0.419425867508	0.388886435331	0.12891955836	0.0627681388013
-dro	0.0389981102106	0.936959195045	0.00872660772211	0.0153160870225
-ute	0.0	1.0	0.0	0.0
-pra	0.223161741169	0.501745798019	0.263864197105	0.0112282637066
-kén	0.495018136354	0.321303818879	0.0738141174569	0.10986392731
-pre	0.0	0.997409326425	0.00259067357513	0.0
-car	0.164711403097	0.793054903801	0.00844673862035	0.0337869544814
-pri	0.0947472080793	0.102248203323	0.793575963291	0.00942862530644
-ẽsỹ	0.304586280454	0.375828702144	0.190427472774	0.129157544628
-ãhã	0.350121521606	0.143729379137	0.0815850694596	0.424564029797
-gĩr	0.130557136533	0.672010371214	0.174255359514	0.0231771327389
-ỹ'a	0.167690519675	0.466544911174	0.343848580442	0.0219159887099
-opo	0.0821114369502	0.880742913001	0.0371456500488	0.0
-pry	0.25127209592	0.452994644239	0.0709769168834	0.224756342957
-ope	0.0705772376724	0.878476279505	0.0252395419491	0.025706940874
-opa	0.0852030673104	0.866231184323	0.0195967054814	0.0289690428856
-mág	0.150540070755	0.358423581759	0.343227491308	0.147808856178
-ri'	0.547989276139	0.213941018767	0.0536193029491	0.184450402145
-rỹr	0.0979055041403	0.849488553337	0.0526059425231	0.0
-rẽ'	0.0602469110543	0.49022867534	0.226092160689	0.223432252916
-isĩ	0.18954248366	0.411764705882	0.339869281046	0.0588235294117
-tỹn	0.314863024326	0.460062410565	0.108615071634	0.116459493474
-ófa	0.052678986109	0.800567182244	0.133109087583	0.0136447440643
-gki	0.29702970297	0.653465346535	0.049504950495	0.0
-yjy	0.322157050569	0.645333290962	0.0148724537279	0.0176372047414
-rỹg	0.126379000716	0.54366174108	0.260129448746	0.0698298094577
-der	0.616337050862	0.353608350898	0.0222142682643	0.00784032997563
-des	0.0461126182301	0.901240803698	0.0402749000105	0.0123716780617
-ime	0.261343012704	0.51724137931	0.214156079855	0.00725952813067
-deu	0.0834231758512	0.75696403136	0.0980067439095	0.0616060488796
-te'	0.354838709677	0.352822580645	0.0604838709676	0.23185483871
-rỹn	0.137186399065	0.814394871853	0.029051237449	0.0193674916327
-són	0.564123654809	0.351223524573	0.0476386318459	0.0370141887724
-rog	0.297408060191	0.541795494079	0.131382461755	0.0294139839749
-rỹj	0.372117400419	0.476884033984	0.0706167935562	0.0803817720402
-hmỹ	0.298874107228	0.24770469491	0.294217446758	0.159203751104
-imo	0.125780924615	0.840483132028	0.00999583506873	0.0237401082882
-vẽn	0.350686175689	0.569073395104	0.0377012760301	0.0425391531774
-ido	0.124256584537	0.776975361088	0.0398258283772	0.0589422259983
-ar'	0.399301844449	0.304361453273	0.217356622586	0.0789800796922
-rpo	0.0	1.0	0.0	0.0
-ymi	0.093023255814	0.883720930233	0.0232558139535	0.0
-ĩgé	0.142760491589	0.843248533575	0.00794792467206	0.00604305016388
-ide	0.0251572327044	0.974842767296	0.0	0.0
-ãmũ	0.747894689133	0.113952459071	0.0369163535947	0.101236498202
-ida	0.281059063136	0.70916496945	0.00733197556009	0.00244399185336
-bia	0.0882352941176	0.875	0.0252100840336	0.0115546218487
-sio	0.0555555555555	0.944444444444	0.0	0.0
-bim	0.270833333333	0.666666666667	0.0	0.0625
-rig	0.612001418038	0.223185715357	0.114399519172	0.0504133474319
-100	0.0157053112507	0.0155625356939	0.10565391205	0.863078241005
-tes	0.0274771024147	0.967527060783	0.00249791840133	0.00249791840133
-rẽg	0.63663306884	0.278734720137	0.0280162985203	0.0566159125027
-isũ	0.3531957758	0.409425005787	0.0763906094243	0.160988608989
-pég	0.679252172643	0.238516030088	0.0600306726064	0.0222011246622
-rin	0.260466183654	0.524374651674	0.160738288037	0.0544208766351
-rio	0.0790996784566	0.864951768489	0.0443729903537	0.011575562701
-gry	0.203597122302	0.198561151079	0.543884892086	0.0539568345324
-rẽn	0.536887083608	0.332483794139	0.0435430407507	0.0870860815016
-rẽm	0.152965839661	0.363663202982	0.0378005410884	0.445570416269
-rẽr	0.782820535211	0.117230985338	0.0552306819151	0.0447177975365
-rỹ'	0.630522088353	0.321285140562	0.00803212851406	0.0401606425703
-pér	0.109549629302	0.533030873077	0.234591125373	0.122828372247
-gra	0.40231449966	0.510551395507	0.0626276378489	0.0245064669844
-ris	0.037037037037	0.962962962963	0.0	0.0
-pév	0.490131578947	0.305921052632	0.184210526316	0.0197368421052
-gre	0.0567047485678	0.414446457694	0.0401157632015	0.488733030537
-ryg	0.340909090909	0.0151515151515	0.598484848485	0.0454545454545
-uty	0.0173341461166	0.903279511552	0.0532165030583	0.0261698392733
-lau	0.254464285714	0.745535714286	0.0	0.0
-gro	0.0692692692692	0.904904904905	0.021021021021	0.00480480480481
-teo	0.0522656734947	0.916449410304	0.020608317815	0.0106765983861
-meu	0.0092879256966	0.984520123839	0.00619195046439	0.0
-gyn	0.758389261745	0.184563758389	0.0536912751678	0.00335570469799
-prã	0.0741200542099	0.779483526876	0.104232428521	0.0421639903931
-apy	0.0639964197807	0.800011188185	0.0	0.135992392034
-ara	0.0604838709678	0.894153225806	0.0332661290323	0.0120967741935
-mes	0.0	1.0	0.0	0.0
-róg	0.321538133438	0.451088472202	0.175697622914	0.0516757714455
-jig	0.431905308224	0.431961272631	0.100875842964	0.0352575761815
-rój	0.11639087431	0.26699972432	0.583796722766	0.0328126786038
-aro	0.048730964467	0.941725888325	0.00243654822335	0.00710659898478
-róm	0.477526329049	0.414400353047	0.0673166903927	0.0407566275115
-rón	0.54983847633	0.45016152367	0.0	0.0
-rór	0.809523809524	0.152380952381	0.0380952380953	0.0
-ỹg'	0.363235294118	0.592647058824	0.0441176470589	0.0
-opé	0.265476398856	0.364752902736	0.0284438998775	0.34132679853
-for	0.741869533884	0.128405296176	0.0714537383065	0.0582714316339
-men	0.406976744186	0.558139534884	0.0348837209302	0.0
-mei	0.0	1.0	0.0	0.0
-mru	0.0593525179856	0.854316546763	0.0701438848921	0.0161870503597
-tyg	0.234803121031	0.589729631646	0.0812919615315	0.094175285792
-fỹ'	0.927342256214	0.0172084130019	0.0344168260038	0.0210325047801
-tá'	0.454948301329	0.412112259971	0.115214180207	0.0177252584933
-tóv	0.0979709448914	0.836715091848	0.0653139632609	0.0
-lão	0.0487804878049	0.951219512195	0.0	0.0
-tén	0.627470955987	0.323803622436	0.0157302311698	0.0329951904069
-gnẽ	0.230862198757	0.254767383127	0.10284017258	0.411530245536
-tón	0.460581527113	0.325694950351	0.0948642666177	0.118859255918
-nĩ'	0.223421203778	0.221990466062	0.0562794792955	0.498308850864
-éti	0.270358306189	0.635179153095	0.0521172638437	0.042345276873
-(jé	0.328144468402	0.384793442423	0.10836398724	0.178698101936
-nh'	0.230206687492	0.648780017127	0.0571295324706	0.0638837629105
-tóg	0.0770223678609	0.00802943636787	8.77046446646e-05	0.914860491127
-ki'	0.199435689216	0.50340651022	0.253802215952	0.0433555846122
-gvã	0.120689655172	0.69540229885	0.166666666667	0.0172413793103
-gvá	0.428571428571	0.25974025974	0.311688311688	0.0
-gvé	0.146341463415	0.526132404181	0.20905923345	0.118466898955
-zim	0.0	0.389040075625	0.355209258357	0.255750666017
-ken	0.387009079498	0.172314711889	0.0664365914398	0.374239617173
-ube	0.066481674182	0.833795814545	0.033240837091	0.066481674182
-ota	0.00837988826815	0.974860335196	0.00837988826816	0.00837988826815
-tán	0.258502289078	0.41121648136	0.152877697842	0.17740353172
-ty'	0.304120476888	0.305793766994	0.337377117758	0.0527086383602
-nĩv	0.318979266348	0.494417862839	0.138755980861	0.0478468899521
-ote	0.0493475682088	0.867378410439	0.0740213523132	0.00925266903915
-isé	0.335877862595	0.412213740458	0.229007633588	0.0229007633588
-hhã	0.424874053912	0.34469832629	0.0452450875056	0.185182532292
-sus	0.0237715165871	0.857416796954	0.00433377550206	0.114477910957
-ijo	0.38954149299	0.28078817734	0.0363774156877	0.293292913983
-ã'i	0.0644522521048	0.799888822358	0.088708804211	0.0469501213257
-iji	0.285623504804	0.669777933482	0.0192347598035	0.0253638019104
-oto	0.0357142857143	0.928571428571	0.0357142857143	0.0
-rán	0.611944432782	0.330575802554	0.0193794103374	0.0381003543257
-ánh	0.226848593713	0.497249905859	0.173862676929	0.102038823499
-nho	0.133373242265	0.794003584001	0.0420587445005	0.0305644292333
-ráj	0.255274126897	0.665410935503	0.0199953624201	0.0593195751797
-nĩg	0.569784960563	0.284576224284	0.077380229022	0.0682585861307
-gnỹ	0.303672316384	0.55261299435	0.065324858757	0.0783898305085
-nĩn	0.357060066414	0.176196718173	0.0639754771564	0.402767738256
-tó'	0.14378238342	0.668393782383	0.176165803109	0.0116580310881
-nĩm	0.652314814936	0.240939940101	0.0329223870023	0.0738228579613
-mog	0.699751917518	0.195552723217	0.0807975055193	0.0238978537451
ALL	0.245727840849	0.394609807376	0.0672394659574	0.292422885818
-nai	0.0738916256157	0.899835796388	0.0262725779967	0.0
-kég	0.426920062696	0.457484326019	0.0646551724138	0.0509404388714
-nal	0.285714285714	0.607142857143	0.0357142857143	0.0714285714286
-prũ	0.0563676527027	0.83607188632	0.0941027889015	0.013457672076
-sir	0.468215627254	0.0361674150588	0.0407727679891	0.454844189699
-rmỹ	0.305605703969	0.333051486551	0.209556891154	0.151785918325
-anẽ	0.143949176438	0.731567462647	0.0957324400906	0.0287509208247
-tãg	0.215118415101	0.23283240583	0.491471413878	0.0605777651913
-aús	0.0384615384615	0.923076923077	0.0384615384615	0.0
-gjã	0.142480211082	0.720316622691	0.137203166227	0.0
-kir	0.0140515222482	0.634660421546	0.154566744731	0.196721311475
-fĩn	0.246566384209	0.414659958942	0.0255432069869	0.313230449863
-sin	0.0161495458022	0.973703682639	0.00755273760483	0.00259403395415
-ẽg'	0.576798782395	0.277380480787	0.0706794821007	0.0751412547171
-nas	0.0548286604362	0.897507788162	0.0345794392523	0.0130841121496
-sia	0.0190091481526	0.966733990733	0.00570274444577	0.00855411666864
-ỹr'	0.445749255706	0.279110155475	0.141167714191	0.133972874628
-fĩg	0.390933621967	0.549533339155	0.0565563869344	0.00297665194391
-ker	0.545986811116	0.292265661799	0.0544041450777	0.107343382007
-nũr	0.445390280725	0.279437666612	0.0806879386323	0.194484114031
-an'	0.575624232501	0.261256651658	0.0507231545914	0.11239596125
-goj	0.0981530685479	0.813944943271	0.0333739902576	0.0545279979232
-mos	0.147271755503	0.71570866333	0.0189495165444	0.118070064623
-mor	0.0340909090909	0.931818181818	0.0340909090909	0.0
-re'	0.265423242468	0.626972740316	0.0731707317073	0.0344332855093
-ĩvĩ	0.462686567164	0.417910447761	0.0	0.119402985075
-ynh	0.514431676111	0.318993778016	0.113905344148	0.052669201726
-kỹ'	0.46991549464	0.336737436173	0.125414315148	0.0679327540387
-nũg	0.563470627954	0.255908170155	0.0384875084402	0.14213369345
-mũr	0.162162162162	0.756756756757	0.0810810810811	0.0
-mom	0.168519602106	0.829724985372	0.00175541252194	0.0
-grĩ	0.431390977444	0.241738066095	0.296599055779	0.0302719006819
-kãm	0.423618819913	0.236316283836	0.0924344633251	0.247630432926
-kãn	0.252681279151	0.137123954592	0.0889083871093	0.521286379147
-ção	0.105114694552	0.804594424405	0.0424159498667	0.047874931176
-con	0.226489414082	0.599212210734	0.127031019202	0.0472673559823
-nto	0.126680074561	0.784312763661	0.0345825566565	0.0544246051212
-ha'	0.343997535645	0.300431262102	0.18086604471	0.174705157543
-ber	0.0	1.0	0.0	0.0
-coa	0.00554748381983	0.985735041606	0.000792497688548	0.00792497688549
-eor	0.149253731343	0.850746268657	0.0	0.0
-mẽn	0.35306232757	0.309421841457	0.149409178662	0.188106652311
-ixa	0.146341463415	0.739837398374	0.0162601626016	0.0975609756097
-bel	0.0805702169286	0.890873250489	0.00407950465461	0.0244770279277
-bem	0.0	0.960912052117	0.0	0.0390879478827
-ju(	0.478061223557	0.477673848335	0.0177059712429	0.0265589568643
-nũm	0.65811965812	0.0940170940171	0.0	0.247863247863
-cos	0.0858123569795	0.890160183066	0.0137299771167	0.0102974828375
-cor	0.0	1.0	0.0	0.0
-iso	0.241006642313	0.124942501796	0.0304352389054	0.603615616986
-rei	0.0905100239851	0.764900212699	0.0169706294972	0.127619133819
-ren	0.533331206069	0.379790955269	0.0394234055377	0.0474544331243
-ẽse	0.17261285133	0.791804674931	0.0253619759629	0.0102204977761
-rem	0.492018984234	0.301609295729	0.0844471114505	0.121924608587
-ise	0.514654897373	0.250143571201	0.0666808465383	0.168520684888
-atá	0.0051413881748	0.994858611825	0.0	0.0
-ãme	0.112120473987	0.551374819103	0.0952844922698	0.241220214641
-isa	0.337559972584	0.549348869089	0.0468357322367	0.0662554260909
-v(e	0.277055389561	0.592312276502	0.0387590441354	0.0918732898024
-ópã	0.181017612524	0.756360078278	0.0352250489237	0.027397260274
-eva	0.142514011209	0.819055244195	0.0384307445957	0.0
-kã'	0.0179314320084	0.927372061551	0.0275048869731	0.0271916194677
-vãm	0.627003213731	0.266456951035	0.0382659451876	0.0682738900461
-res	0.0	0.941326530612	0.0497448979592	0.00892857142859
-sán	0.34897443102	0.0112391121101	0.63978645687	0.0
-sãn	0.377502846092	0.444354319856	0.0989622061267	0.0791806279253
-reu	0.00610549494545	0.966870183165	0.0240216194575	0.00300270243219
-jur	0.196231831322	0.376513635353	0.347524612368	0.0797299209574
-avi	0.0232845104186	0.952451772217	0.00525679518083	0.0190069221832
-gno	0.082668058092	0.452878511175	0.451258805113	0.0131946256196
-yr'	0.725552050473	0.236593059937	0.00946372239748	0.0283911671924
-avo	0.169741697417	0.468634686347	0.339483394834	0.0221402214022
-naã	0.0529801324504	0.76821192053	0.17880794702	0.0
-mas	0.0642857142856	0.927551020408	0.00612244897959	0.00204081632653
-mar	0.276790890639	0.199760123331	0.178380147974	0.345068838056
-akã	0.119215519306	0.822374198356	0.028739455547	0.0296708267916
-ave	0.0796178343949	0.813163481953	0.104033970276	0.0031847133758
-han	0.510791545834	0.114677843196	0.0222630414546	0.352267569515
-ebu	0.0888066604996	0.894542090657	0.00555041628122	0.0111008325624
-fyr	0.116391371508	0.620126112599	0.0221472650946	0.241335250799
-har	0.368073614723	0.569913982797	0.0360072014403	0.0260052010402
-'ón	0.385537461962	0.413042807797	0.166466197878	0.0349535323629
-ix'	0.287234042553	0.563829787234	0.106382978723	0.0425531914893
-man	0.415384615385	0.530769230769	0.0538461538463	0.0
-eo'	0.198678535377	0.672845737359	0.0715793337617	0.0568963935028
-akó	0.150577866467	0.159141930656	0.0732019622515	0.617078240625
-vóg	0.515492050159	0.3334284864	0.0563438590249	0.0947356044163
-vĩn	0.505693843885	0.292906812872	0.117822400821	0.0835769424212
-hũm	0.769974461875	0.150310105801	0.0109449106166	0.0687705217075
-vyr	0.484808156914	0.253060890217	0.07039023791	0.191740714958
-ẽn'	0.0689655172414	0.908045977012	0.0229885057471	0.0
-adã	0.110854503464	0.889145496536	0.0	0.0
-nky	0.24396819505	0.695518393342	0.0304276476449	0.0300857639635
-in'	0.192805393061	0.727038047289	0.045113239602	0.035043320048
-vyj	0.428571428571	0.532467532468	0.0	0.038961038961
-vyn	0.599703335472	0.212475946119	0.154746632457	0.0330740859525
-nka	0.134061930783	0.865938069217	0.0	0.0
-vym	0.599078341014	0.196313364055	0.0442396313364	0.160368663594
-eu'	0.0393233045592	0.802259954217	0.077523086131	0.0808936550932
-uju	0.134849471522	0.608926514051	0.0771427140209	0.179081300406
-ia'	0.456521739131	0.347826086956	0.0	0.195652173913
-ade	0.190333607991	0.651310702038	0.0160611765307	0.14229451344
-tra	0.0184842883549	0.974121996303	0.0	0.00739371534197
-ãvo	0.18563748339	0.134681813081	0.0614421374114	0.618238566118
-ada	0.0729729380784	0.869223337816	0.0478868101391	0.00991691396624
-ado	0.219500114433	0.735512234113	0.0345349397261	0.0104527117272
-tro	0.0466768138001	0.802130898021	0.0974124809741	0.0537798072045
-en'	0.463917525773	0.237113402062	0.237113402062	0.0618556701031
-gai	0.0	1.0	0.0	0.0
-adi	0.0	1.0	0.0	0.0
-pi(	0.197721578783	0.230026548873	0.035554747091	0.536697125253
-144	0.0188679245283	0.0188679245283	0.0	0.962264150943
-ãvy	0.0889954752826	0.868333536306	0.0306800191106	0.0119909693012
-gar	0.301621621622	0.675675675676	0.0227027027027	0.0
-140	0.413333333333	0.08	0.0	0.506666666667
-dré	0.0187667560322	0.97855227882	0.0	0.00268096514745
-utu	0.36560928853	0.262386515716	0.302383622093	0.0696205736608
-dão	0.0153025736147	0.963830280547	0.0166937166705	0.00417342916763
-inh	0.0992815344366	0.0334551825524	0.00628374140341	0.860979541608
-sem	0.0	1.0	0.0	0.0
-vó'	0.400660474716	0.167347781218	0.13386996904	0.298121775026
-ino	0.228310502283	0.648401826484	0.118721461187	0.00456621004566
-óki	0.506008010681	0.360480640854	0.106809078772	0.0267022696929
-ina	0.0740740740741	0.925925925926	0.0	0.0
-uis	0.0192307692308	0.961538461539	0.0192307692308	0.0
-un'	0.075764408767	0.161540542978	0.732389284748	0.0303057635068
-vĩ'	0.371733966746	0.352731591449	0.161520190024	0.114014251782
-pũn	0.334650711129	0.641568640755	0.0203543350493	0.00342631306663
-sôs	0.193103448276	0.765517241379	0.0	0.0413793103448
-gég	0.458592132505	0.418219461698	0.0590062111801	0.064182194617
-pũr	0.430124398262	0.369047229195	0.171953509762	0.0288748627803
-uim	0.0	1.0	0.0	0.0
-uia	0.0131907050703	0.97813595461	0.0	0.0086733403202
-ĩg'	0.833168316832	0.139288928893	0.0	0.0275427542754
-seu	0.00309164519691	0.996245859404	0.0	0.000662495399339
-ses	0.235807860262	0.659388646288	0.0	0.10480349345
-vy'	0.413030978903	0.475323657823	0.0843500622358	0.0272953010381
-atĩ	0.637255795369	0.279719887562	0.0441618707809	0.0388624462873
-eda	0.0	0.608108108108	0.391891891892	0.0
-kur	0.219278046723	0.683463264029	0.0579264377857	0.039332251463
-ede	0.078538437085	0.748677001328	0.145296108607	0.0274884529798
-arã	0.189655172414	0.810344827586	0.0	0.0
-nes	0.0965147453083	0.820375335121	0.0361930294906	0.0469168900804
-sóg	0.0291851333625	0.0397397161886	0.0145029495505	0.916572200898
-rso	0.0028818443804	0.93083573487	0.0662824207492	0.0
-nen	0.837209302326	0.162790697674	0.0	0.0
-neo	0.3125	0.671875	0.015625	0.0
-nás	0.104987631594	0.822786630616	0.0578438704481	0.0143818673417
-ate	0.0	1.0	0.0	0.0
-nej	0.440677966102	0.254237288136	0.305084745763	0.0
-ma'	0.264064762138	0.644583103934	0.0171285251116	0.0742236088171
-ias	0.0673396092942	0.889705882353	0.0126856940741	0.0302688142787
-iar	0.462876254181	0.4127090301	0.0923076923077	0.0321070234114
-neg	0.344462109168	0.247482776894	0.121886592475	0.286168521463
-sór	0.474018092361	0.0860213904239	0.0362406397475	0.403719877468
-hur	0.409127064375	0.241833501854	0.101786316144	0.247253117627
-más	0.0	0.892857142857	0.0357142857143	0.0714285714286
-hkã	0.0484074495913	0.843840589117	0.082456434591	0.0252955267009
-mỹn	0.488960420728	0.286983723988	0.151969896178	0.072085959106
-ĩja	0.0113390928726	0.967332613391	0.00404967602592	0.0172786177106
-fór	0.0836197525608	0.0853740370065	0.337509401845	0.493496808587
-rũg	0.401129537419	0.511975910542	0.0648191761381	0.0220753759008
-nvĩ	0.195706766855	0.488748153054	0.251358660281	0.0641864198103
-jor	0.116755821371	0.746689065865	0.129355370439	0.00719974232501
-aré	0.0187216262906	0.972841589329	0.00361576473424	0.00482101964565
-hor	0.00530992241876	0.987109782456	0.00164425519265	0.0059360399328
-fóg	0.125308351945	0.738576337008	0.0717269267682	0.0643883842781
-ĩm'	0.387828333573	0.396870963112	0.0746375771495	0.140663126166
-nkã	0.111293802233	0.841526506504	0.0291142156966	0.0180654755671
-gse	0.296465126977	0.615858312336	0.0415695212605	0.0461070394262
-ra'	0.428479069016	0.327299175691	0.101826410215	0.142395345078
-fón	0.632382182593	0.219747514986	0.0531215951458	0.0947487072744
-gsa	0.408088235294	0.485294117647	0.0845588235293	0.0220588235294
-bas	0.0	1.0	0.0	0.0
-er'	0.227804339831	0.340345715336	0.209915410077	0.221934534755
-que	0.0495844642807	0.90522427736	0.034418110082	0.0107731482777
-nyg	0.680770205219	0.274892323283	0.0291360526983	0.0152014187991
-asa	0.154786150713	0.748811948405	0.061099796334	0.0353021045486
-qui	0.0	1.0	0.0	0.0
-nyn	0.254639130824	0.639764073218	0.0343943849691	0.0712024109887
-dre	0.0676328502415	0.89694041868	0.0354267310789	0.0
-ven	0.64287294121	0.17983026384	0.040459563996	0.136837230954
-tũ'	0.438093338211	0.199415739455	0.0925433924158	0.269947529919
-lto	0.481299212598	0.307086614173	0.0196850393701	0.191929133858
-ãvó	0.551401869159	0.168224299065	0.168224299065	0.11214953271
-hẽn	0.118328555426	0.162399422249	0.491136644018	0.228135378307
-gaú	0.0	1.0	0.0	0.0
-zor	0.0	1.0	0.0	0.0
-urã	0.0312878133663	0.869618514188	0.0256074020048	0.0734862704411
-tẽm	0.487692880487	0.150774279844	0.0193052855114	0.342227554158
-tẽn	0.456394759644	0.210803892617	0.0955953238391	0.237206023899
-ba'	0.127272727273	0.763636363636	0.0	0.109090909091
-430	0.568181818182	0.0681818181818	0.0	0.363636363636
-éhé	0.267433501078	0.406901509705	0.295470884256	0.0301941049605
-rar	0.5809428344	0.321766561514	0.0713464429965	0.0259441610897
-ras	0.0664358851121	0.826670479227	0.016608971278	0.0902846643832
-ijé	0.0679245283019	0.833962264151	0.0981132075472	0.0
-ran	0.447726077449	0.370969081296	0.124560577961	0.0567442632934
-eri	0.0	1.0	0.0	0.0
-ero	0.0791819611956	0.908232826429	0.00629260618772	0.00629260618773
-era	0.0	1.0	0.0	0.0
-gen	0.404412560324	0.299959465106	0.120605875978	0.175022098592
-as'	0.153846153846	0.765734265734	0.0	0.0804195804196
-tũv	0.103746397694	0.896253602306	0.0	0.0
-ẽmĩ	0.03808888537	0.941090048123	0.00409990112679	0.0167211653798
-mĩg	0.293544616184	0.610723717984	0.0617136424643	0.0340180233673
-mũg	0.681789596622	0.240409666697	0.0208426915821	0.0569580450993
-por	0.0870273744745	0.734213694172	0.129365016111	0.0493939152423
-pos	0.0445103857567	0.902077151335	0.0118694362018	0.0415430267063
-cós	0.11214953271	0.831775700935	0.0560747663552	0.0
-pov	0.0647948164147	0.805615550756	0.129589632829	0.0
-ánẽ	0.456973293769	0.299703264095	0.053412462908	0.189910979229
-mũn	0.259637092267	0.261406053008	0.067260337446	0.411696517278
-uno	0.0433105609154	0.90255123794	0.0433105609154	0.0108276402288
-he'	0.459016393443	0.339890710383	0.15737704918	0.0437158469945
-hẽ'	0.413091654814	0.347368769226	0.0622498594251	0.177289716535
-pon	0.153846153846	0.569230769231	0.276923076923	0.0
-nri	0.3	0.425	0.075	0.2
-tũm	0.368401848699	0.571515446363	0.0411092191681	0.0189734857699
-tũn	0.118747078074	0.752220663862	0.0112201963534	0.117812061711
-aza	0.0701754385965	0.824561403509	0.0350877192982	0.0701754385965
-ghã	0.445255474452	0.554744525548	0.0	0.0
-to'	0.320818070818	0.334249084249	0.26800976801	0.0769230769231
-aal	0.047619047619	0.857142857143	0.0714285714285	0.0238095238095
-unũ	0.691919191919	0.217171717172	0.0909090909091	0.0
-500	0.0717488789238	0.457399103139	0.113602391629	0.357249626308
-nor	0.36182105689	0.539808038834	0.0569999632258	0.041370941051
-nos	0.00221048753531	0.928895984281	0.0666830406484	0.00221048753531
-hvy	0.248556627305	0.58922746856	0.121400289547	0.0408156145889
-ume	0.6875	0.3125	0.0	0.0
-ũn'	0.428816466552	0.349914236707	0.118353344768	0.102915951973
-uja	0.649306834707	0.350693165293	0.0	0.0
-óg'	0.40385403854	0.404879048791	0.123137898046	0.0681290146235
-fos	0.0	1.0	0.0	0.0
-sa'	0.380624669137	0.349391212282	0.269984118581	0.0
-nom	0.0	0.951219512195	0.0487804878049	0.0
-non	0.437106918239	0.471698113208	0.0723270440252	0.0188679245283
-las	0.0286400087284	0.94888440347	0.00954666957613	0.012928918226
-noa	0.126676208489	0.853328562422	0.00417454718942	0.0158206818995
-nỹm	0.427569034025	0.384995388022	0.0491023164861	0.138333261467
-jun	0.807309743012	0.0709044577275	0.0252583963994	0.0965274028608
-fár	0.160882750525	0.646104840952	0.129937707054	0.063074701469
-dor	0.147080291971	0.804136253041	0.0349148418492	0.0138686131387
-nỹg	0.159574468085	0.696808510638	0.0159574468085	0.127659574468
-tĩr	0.217194570136	0.660633484163	0.0950226244343	0.027149321267
-há'	0.651431151093	0.157993921292	0.0828274617231	0.107747465893
-há(	0.476538461538	0.423461538462	0.1	0.0
-lo'	0.185032139578	0.690082644628	0.0780532598714	0.0468319559229
-nỹn	0.489846134664	0.315358917648	0.0764553548946	0.118339592793
-fy'	0.489795918367	0.163265306122	0.34693877551	0.0
-ẽmã	0.123213459821	0.738563702062	0.0471962892956	0.0910265488216
-kỹn	0.480089715919	0.288939841517	0.129396185728	0.101574256836
-nỹr	0.761061946903	0.150442477876	0.070796460177	0.0176991150442
-ãmĩ	0.23013447814	0.208589907753	0.0772284231749	0.484047190932
-tĩg	0.710590938149	0.147353498022	0.0413089685546	0.100746595275
-ẽ'ĩ	0.285702540492	0.59853654526	0.0886294499712	0.0271314642769
-óho	0.203560365547	0.703602939439	0.0717673741603	0.0210693208544
-ges	0.0361445783132	0.939759036145	0.0240963855422	0.0
-ger	0.123976633123	0.740214054238	0.0980726590483	0.0377366535903
-tĩn	0.326707913314	0.288177016479	0.0927846738587	0.292330396349
-dom	0.0	0.985550872968	0.0	0.0144491270319
-nán	0.037037037037	0.925925925926	0.0	0.037037037037
-ãra	0.301453319459	0.134001223988	0.0142283023912	0.550317154163
-ũnh	0.4762835268	0.350693563675	0.0804533531816	0.092569556343
-tog	0.327825159915	0.367803837953	0.304371002132	0.0
-vor	0.65973900435	0.246012566457	0.0942484291928	0.0
-óóh	0.444444444444	0.425925925926	0.12962962963	0.0
-ton	0.0192926045016	0.980707395498	0.0	0.0
-ũna	0.262073052017	0.699834934609	0.0126973377915	0.025394675583
-jẽg	0.624896857762	0.290313170845	0.0190646909324	0.0657252804605
-tov	0.318791946309	0.506711409396	0.161073825503	0.0134228187919
-oli	0.0	1.0	0.0	0.0
-sag	0.161987041037	0.58747300216	0.211663066955	0.0388768898488
-tos	0.0982500943227	0.830413690968	0.0431400824133	0.0281961322962
-olo	0.0632790362116	0.866457953681	0.0502634484959	0.019999561612
-ola	0.0532319391635	0.745880861851	0.174271229404	0.0266159695817
-'ug	0.477088948787	0.129380053908	0.167115902965	0.22641509434
-san	0.473136915078	0.403812824957	0.0502599653379	0.0727902946274
-yki	0.0330123796423	0.946354883081	0.0206327372765	0.0
-ãjó	0.24329785137	0.696579932979	0.0512517248176	0.00887049083383
-ssé	0.00873362445416	0.982532751092	0.0	0.00873362445414
-rov	0.48534542917	0.239706908583	0.157711095604	0.117236566643
-lom	0.0105066542143	0.894933457857	0.0210133084287	0.0735465795003
-fyn	0.405952592738	0.434239134923	0.10340535269	0.0564029196491
-gva	0.9375	0.046875	0.015625	0.0
-nãj	0.18138424821	0.746062052506	0.055369928401	0.0171837708831
-ros	0.0335648148148	0.883101851852	0.00694444444446	0.0763888888889
-loe	0.133333333333	0.84	0.0	0.0266666666667
-fyg	0.450367647059	0.330565415821	0.149087221095	0.0699797160243
-hán	0.618997912317	0.289665970772	0.0365344467641	0.0548016701461
-gfỹ	0.43782710702	0.476267821693	0.0530590146183	0.0328460566684
-gve	0.418617310833	0.401741970604	0.081654872074	0.0979858464888
-pãg	0.421341702629	0.578658297371	0.0	0.0
-hár	0.493002790523	0.266155245033	0.137540368516	0.103301595928
-tĩ'	0.363911107845	0.249615744285	0.101508217247	0.284964930624
-oca	0.614285714286	0.3	0.0857142857143	0.0
-roa	0.192587209302	0.720203488372	0.0436046511628	0.0436046511628
-hỹn	0.266322140138	0.0700433603954	0.0199828481214	0.643651651345
-ava	0.352685050798	0.4412191582	0.142235123367	0.0638606676343
-pãn	0.770256790836	0.201878622415	0.00398065524981	0.0238839314988
-rom	0.167979002625	0.784776902887	0.0157480314961	0.0314960629921
-ron	0.437263208329	0.381821300726	0.154277506282	0.026637984662
-ype	0.714233589959	0.232130477615	0.0328383259751	0.0207976064509
-los	0.103448275862	0.862068965517	0.0344827586207	0.0
-nãr	0.458605117913	0.372303060712	0.113396889112	0.0556949322629
-pãi	0.3375	0.4375	0.0	0.225
-ĩnh	0.456738489684	0.250056494712	0.0838270546469	0.209377960957
-jén	0.47902181731	0.415008391273	0.0829537281228	0.0230160632942
-éro	0.0469851213782	0.400939702428	0.552075176194	0.0
-ipo	0.037037037037	0.944444444445	0.0185185185185	0.0
-hvó	0.413636363636	0.45	0.109090909091	0.0272727272727
-ĩno	0.313598519889	0.432932469935	0.236817761332	0.0166512488437
-ére	0.60188344394	0.0545661330034	0.0508042443103	0.292746178746
-rag	0.302091308377	0.697908691623	0.0	0.0
-ipa	0.126661454261	0.847537138389	0.0164190774043	0.00938232994528
-ipe	0.0179640718563	0.980979218035	0.0	0.00105671010919
-rde	0.462369801864	0.537630198136	0.0	0.0
-noé	0.00950118764846	0.985748218527	0.0	0.00475059382424
-rda	0.00851063829787	0.953191489362	0.0340425531915	0.00425531914894
-úde	0.0	1.0	0.0	0.0
-smo	0.371794871795	0.404647435898	0.120192307692	0.103365384615
-rdo	0.2	0.562790697674	0.237209302326	0.0
-elã	1.0	0.0	0.0	0.0
-esa	0.194879642192	0.748719896656	0.0412686301113	0.0151318310408
-krỹ	0.455696202532	0.46835443038	0.0506329113924	0.0253164556962
-gág	0.103757012042	0.668276289325	0.164996223469	0.0629704751641
-ẽme	0.351078882207	0.295542978422	0.14538379908	0.20799434029
-gán	0.364134921571	0.242599363132	0.393265715297	0.0
-óhó	0.0765584056408	0.854539029282	0.0689025650767	0.0
-ãró	0.0524332295592	0.731771260036	0.18925118794	0.0265443224644
-jgy	0.624262231894	0.375737768106	0.0	0.0
-nẽ'	0.441839495041	0.284941388638	0.0946798917944	0.178539224527
-ypé	0.914438502674	0.0133689839572	0.0160427807487	0.0561497326203
-ẽnẽ	0.46631960201	0.446485484305	0.0252945977127	0.0619003159726
-ãrã	0.425323767819	0.456083374373	0.0922388894065	0.0263539684019
-r(a	0.2625	0.6625	0.075	0.0
-ĩgã	0.263339394319	0.699040692206	0.0	0.0376199134742
-nva	0.0337508925847	0.949373661123	0.0168754462924	0.0
-kán	0.128275668408	0.81805979049	0.0196726983605	0.033991842741
-ãso	0.18285593169	0.746290801187	0.0202870465694	0.0505662205535
-nve	0.160383149442	0.477049868306	0.0223535159614	0.34021346629
-avĩ	0.390410958904	0.404109589041	0.0821917808219	0.123287671233
-saú	0.0340632603406	0.888077858881	0.0778588807786	0.0
-gé(	0.0733944954128	0.761467889908	0.0550458715596	0.110091743119
-hór	0.249072458209	0.607843363671	0.14308417812	0.0
-ĩn'	0.464641130164	0.266185863053	0.0242602280792	0.244912778704
-kry	0.364372469636	0.295546558704	0.133603238866	0.206477732794
-aim	0.0141342756184	0.901060070671	0.0070671378092	0.0777385159011
-sto	0.0117083244508	0.980409904497	0.00367291960188	0.00420885145041
-ykã	0.714285714286	0.0285714285714	0.0	0.257142857143
-gfo	0.0617542443429	0.897076259428	0.0205847481143	0.0205847481143
-ste	0.112107623318	0.789237668161	0.0627802690583	0.0358744394619
-reg	0.456066945607	0.334728033473	0.125523012552	0.0836820083682
-krẽ	0.055796240048	0.912005960434	0.0116943741519	0.0205034253661
-sta	0.143323450495	0.774335373282	0.0423447326352	0.0399964435869
-gmẽ	0.686507936508	0.221560846561	0.026455026455	0.0654761904761
-fag	0.0850793268772	0.448506803519	0.0577825121373	0.408631357467
-loí	0.0	0.979591836735	0.0204081632653	0.0
-loé	0.0	0.955555555556	0.0111111111111	0.0333333333333
-ssa	0.174698795181	0.765060240964	0.0481927710843	0.0120481927711
-ysã	0.154310088632	0.770256804713	0.0465884656399	0.0288446410153
-hyr	0.423207241283	0.294654597862	0.248247691083	0.0338904697724
-rpa	0.048743335872	0.909367859863	0.023610053313	0.018278750952
-mãg	0.422409774937	0.533726195232	0.0146490877613	0.0292149420695
-hyn	0.210843122692	0.604582070827	0.103728869753	0.0808459367276
-nẽn	0.424368221854	0.438505463056	0.0648686028275	0.0722577122623
-tor	0.339966315264	0.2492670451	0.373339155386	0.0374274842493
-apỹ	0.114304561398	0.838245185582	0.0123925059433	0.0350577470765
-mão	0.0269758265166	0.965935380237	0.0051507241569	0.00193806908955
-mãn	0.232738502918	0.15949571213	0.108533155543	0.499232629409
-lei	0.16393442623	0.83606557377	0.0	0.0
-ryr	0.343558282209	0.644171779141	0.0122699386503	0.0
-lem	0.702005730659	0.21776504298	0.0458452722063	0.0343839541547
-rĩg	0.00841172058945	0.936976654881	0.0434596322171	0.0111519923124
-mun	0.706738506753	0.261563221608	0.00419844657476	0.0274998250647
-éia	0.0123065543924	0.966485548475	0.0114787209832	0.0097291761493
-itó	0.570469798658	0.41610738255	0.0134228187919	0.0
-krũ	0.103390603619	0.705032689676	0.176372206173	0.0152045005322
-ỹnh	0.111899657025	0.800570528999	0.0543280943528	0.0332017196226
-gtĩ	0.384234457332	0.196184160524	0.0908303205246	0.328751061619
-gón	0.49096777847	0.50903222153	0.0	0.0
-kór	0.293502733998	0.411305886137	0.176101640399	0.119089739466
-hro	0.147058823529	0.823529411765	0.0294117647059	0.0
-mur	0.524365699542	0.385977290757	0.0294234422472	0.0602335674538
-ryn	0.399224806202	0.533333333333	0.0627906976744	0.00465116279069
-unh	0.414365970504	0.482976979251	0.0615942301473	0.0410628200982
-góg	0.00523560209424	0.988365328679	0.0063990692263	0.0
-les	0.0740740740741	0.925925925926	0.0	0.0
-ryj	0.0810966790404	0.373459714889	0.400734191024	0.144709415046
-itá	0.0645161290322	0.774193548387	0.161290322581	0.0
-eel	0.0	1.0	0.0	0.0
-rra	0.0681233933162	0.897600685518	0.0222793487575	0.0119965724079
-oré	0.0625	0.8125	0.0208333333333	0.104166666667
-von	0.169230769231	0.276923076923	0.492307692308	0.0615384615385
-ãn'	0.346123370468	0.311323846108	0.0962020044824	0.246350778942
-fas	0.336538461538	0.576923076923	0.0	0.0865384615385
-rro	0.113140322043	0.82640477203	0.0381578493684	0.0222970565587
-acó	0.00240192153723	0.993061115559	0.00160128102482	0.00293568187883
-vom	0.589046103234	0.410953896766	0.0	0.0
-gio	0.0680272108844	0.836734693878	0.0952380952381	0.0
-alo	0.143742953777	0.752714650211	0.0906366818965	0.0129057141162
-udá	0.0658582479615	0.927869537947	0.00627221409157	0.0
-gun	0.427722772277	0.495049504951	0.0534653465346	0.0237623762376
-ẽre	0.904761904762	0.0	0.0238095238095	0.0714285714286
-ndo	0.117765475591	0.716155007549	0.0850528434827	0.081026673377
-ali	0.0137795275591	0.986220472441	0.0	0.0
-nda	0.0	0.933333333333	0.0	0.0666666666667
-ẽri	0.5	0.259259259259	0.0	0.240740740741
-rég	0.226534827025	0.318623387158	0.302153000351	0.152688785466
-'yr	0.0214917825537	0.978508217446	0.0	0.0
-gia	0.0430107526881	0.865591397849	0.0806451612903	0.010752688172
-ala	0.0300500834724	0.899833055092	0.0400667779633	0.0300500834724
-ãsỹ	0.24100206764	0.408284145464	0.0967023805176	0.254011406378
-uva	0.163097564881	0.798146578118	0.0298121976934	0.00894365930801
-óvó	0.246575342466	0.72602739726	0.027397260274	0.0
-gmĩ	0.471055836913	0.487274825309	0.0166677351112	0.0250016026668
-ufã	0.120805369128	0.626845637584	0.252348993289	0.0
-io'	0.152838427948	0.698689956332	0.0218340611354	0.126637554585
-nãn	0.328567132108	0.392062487302	0.152374125356	0.126996255233
-krĩ	0.146067502799	0.700341741468	0.0880550909421	0.0655356647902
-gpe	0.695936020891	0.230944997552	0.04684184756	0.0262771339971
-ãvĩ	0.192823437709	0.140433981045	0.272524689443	0.394217891804
-ẽmé	0.266175697002	0.465544450289	0.205155181483	0.0631246712256
-grẽ	0.114308948226	0.764075640742	0.0984670694563	0.0231483415756
-ág'	0.366480033316	0.453796677618	0.0703345518486	0.109388737217
-abé	0.0204814402751	0.948417113381	0.0273085870335	0.0037928593102
-ỹn'	0.485795454545	0.234710743802	0.0979338842975	0.181559917355
-gỹn	0.42515651679	0.442800227661	0.0910643141719	0.0409789413773
-gỹm	0.164875684787	0.356826801517	0.459334176148	0.0189633375474
-cho	0.181462708182	0.631498913831	0.109485879797	0.0775524981898
-mĩ'	0.105263157895	0.824561403509	0.0701754385965	0.0
-ãne	0.4375	0.09375	0.4375	0.03125
-'ãg	0.153755921327	0.259346867203	0.547601302693	0.0392959087771
-ãno	0.0868067952531	0.357468296643	0.535594972254	0.0201299358504
-udo	0.165014164306	0.417138810198	0.329320113314	0.0885269121813
-150	0.0175438596491	0.0350877192982	0.0701754385965	0.877192982456
-lsa	0.0413997042878	0.946771808773	0.0118284869394	0.0
-elo	0.0	1.0	0.0	0.0
-ogo	0.0	1.0	0.0	0.0
-ẽr'	0.931034482759	0.0689655172414	0.0	0.0
-aém	0.0	0.947368421053	0.0526315789474	0.0
-gsé	0.211111111111	0.488888888889	0.3	0.0
-ela	0.188205771644	0.749058971142	0.0564617314931	0.00627352572145
-lso	0.252265339823	0.714099281534	0.0336353786431	0.0
-jẽn	0.31006031123	0.27453766696	0.0424434536215	0.372958568188
-eja	0.164645989603	0.731982499491	0.0721453475569	0.0312261633492
-lim	0.0	1.0	0.0	0.0
-leá	0.0	1.0	0.0	0.0
-hró	0.765414630125	0.137838260849	0.0603830449832	0.0363640640427
-ter	0.354117991935	0.32715257033	0.264084166494	0.054645271241
-ito	0.0742071789511	0.84999564384	0.0677382819307	0.00805889527793
-tỹ'	0.796033994334	0.118980169972	0.0	0.084985835694
-eso	0.0359418395687	0.951896022799	0.00780555101744	0.00435658661439
-rã'	0.47238146398	0.302003508448	0.141009392233	0.0846056353396
-jẽr	0.3	0.222222222222	0.388888888889	0.0888888888889
-hrã	0.77245508982	0.0359281437126	0.191616766467	0.0
-ite	0.0370622943043	0.797877071782	0.157944673407	0.00711596050642
-ãki	0.203315668587	0.248867617056	0.0444612680123	0.503355446345
-ita	0.186666666667	0.813333333333	0.0	0.0
-ko'	0.555555555556	0.190476190476	0.174603174603	0.0793650793651
-spe	0.0412121212121	0.851313131313	0.0848484848484	0.0226262626262
-tu'	0.551308010043	0.251883048514	0.123916740909	0.0728922005346
-fté	0.0	1.0	0.0	0.0
-gru	0.221076940408	0.690633096767	0.0633660020277	0.0249239607976
-fan	0.221739130435	0.15	0.628260869565	0.0
-666	0.310344827586	0.103448275862	0.0172413793103	0.568965517241
-eza	0.282608695652	0.413043478261	0.304347826087	0.0
-uda	0.144444444444	0.833333333333	0.0111111111111	0.0111111111111
-utẽ	0.545714245513	0.144088603888	0.0237431088747	0.286454041724
-rẽj	0.0552631578947	0.871052631579	0.0184210526316	0.0552631578947
-or'	0.0999908054432	0.843156184872	0.0214539659189	0.0353990437661
-gfĩ	0.167507568113	0.767574840229	0.0538176925665	0.0110998990918
-hun	0.563265047251	0.329422210947	0.0715418278683	0.0357709139342
-rim	0.0	1.0	0.0	0.0
-jẽ'	0.304761904762	0.559523809524	0.0285714285714	0.107142857143
-jyn	0.449886372541	0.450983465246	0.0650419246141	0.0340882375989
-váj	0.00867052023121	0.407514450867	0.583815028902	0.0
-aba	0.190839694656	0.748091603053	0.0	0.0610687022901
-nja	0.209392463716	0.63630492904	0.108940919873	0.0453616873718
-pão	0.109400126699	0.845524097266	0.0148019102383	0.030273865796
