-ៀត​	0.269409250094	0.313712830983	0.140690125738	0.276187793185
-ិះ​	0.369565217391	0.608695652174	0.0	0.0217391304348
-យល់	0.450913926106	0.356759035925	0.0976558803853	0.0946711575844
-នៈ​	0.0821917808219	0.917808219178	0.0	0.0
-លៃៗ	0.406162464986	0.305322128852	0.198879551821	0.0896358543417
-លពរ	0.294695481336	0.530451866405	0.0	0.174852652259
-ុះ-	0.0660792951542	0.790748898678	0.143171806167	0.0
-វង​	0.197926484449	0.670122525919	0.0	0.131950989632
-ណើត	0.262214137214	0.381756756757	0.140332640333	0.215696465696
-ទូល	0.309728140092	0.463454389181	0.0723139554064	0.15450351532
-ដិច	0.452956994886	0.321743362126	0.103957343089	0.121342299899
-នកឬ	0.64406779661	0.237288135593	0.0508474576272	0.0677966101694
-ៅណា	0.36970338983	0.173728813559	0.0158898305085	0.440677966102
-េសៈ	0.220342239174	0.378735626798	0.16476585855	0.236156275478
-ៗទេ	0.313440918445	0.205242066501	0.123578468537	0.357738546518
-់បង	0.963691376702	0.036308623298	0.0	0.0
-ណើរ	0.270780881435	0.555150895976	0.0517362359966	0.122331986593
-នៈ*	0.102786660576	0.643672910005	0.0205573321151	0.232983097305
-លក​	0.295833333333	0.5	0.19100877193	0.0131578947369
-ពរ​	0.411199679819	0.411483173798	0.137161057933	0.0401560884502
-ទូក	0.410738907619	0.322470092214	0.111413974767	0.155377025401
-ាហល	0.246913580247	0.575102880658	0.15329218107	0.0246913580247
-ាដី	0.0	0.727272727273	0.272727272727	0.0
-េសា	0.0	1.0	0.0	0.0
-េសី	0.298214285714	0.701785714286	0.0	0.0
-​?​	0.571428571429	0.335839598998	0.0451127819548	0.0476190476191
-េសូ	0.302523728748	0.595413521178	0.0379789451876	0.0640838048868
-នផល	0.693140794224	0.153790613718	0.124187725632	0.028880866426
-េរី	0.257142857143	0.681318681319	0.00879120879119	0.0527472527473
-យលើ	0.167910447761	0.619402985075	0.0	0.212686567164
-នផង	0.272266662734	0.454316394441	0.0799760674325	0.193440875393
-ួទៅ	0.315689981096	0.211720226843	0.159821275133	0.312768516927
-ៈណា	0.383116883117	0.422077922078	0.12987012987	0.064935064935
-ា៖​	0.285412757974	0.570590994371	0.00625390869293	0.137742338962
-ខូច	0.247697527872	0.37566650509	0.34755210858	0.0290838584585
-ពិណ	0.0	0.92816262088	0.0718373791198	0.0
-ពិត	0.222278043857	0.461539213229	0.0921376952384	0.224045047676
-ំទេ	0.401076876144	0.359740695546	0.0970363026235	0.142146125686
-លមក	0.201090596001	0.535958576485	0.113804051468	0.149146776045
-ិណ​	0.016620498615	0.983379501385	0.0	0.0
-ទថា	0.32210031348	0.266457680251	0.0501567398119	0.361285266458
-ពិន	0.12498061715	0.832687238332	0.0	0.0423321445185
-yaŋ	0.313041571616	0.285996745482	0.055162613675	0.345799069228
-តៗឬ	0.106666666667	0.786666666667	0.0533333333333	0.0533333333334
-ech	0.164961253747	0.75789479634	0.0427876200399	0.0343563298735
-ីយ៍	0.335068058091	0.398049549725	0.156722813813	0.110159578371
-ឯក​	0.413213885778	0.53826054498	0.0410600970511	0.00746547219111
-យជី	0.0	0.864179104478	0.135820895522	0.0
-យជឿ	0.392462918248	0.221110727837	0.240427733701	0.145998620214
-រឡះ	0.434782608696	0.0434782608696	0.0	0.521739130435
-ថូស	0.121812875158	0.711850872845	0.0114681425189	0.154868109477
-់សោ	0.600938967136	0.208920187793	0.161971830986	0.0281690140845
-ជិត	0.354971914377	0.382288345731	0.0785385354992	0.184201204392
-ោដិ	0.136363636364	0.681818181818	0.090909090909	0.0909090909092
-យស​	0.143132024999	0.608852769326	0.196328423819	0.0516867818565
-ធាល	0.0	1.0	0.0	0.0
-ទូស	0.0202718817076	0.937991891247	0.016694490818	0.025041736227
-តគេ	0.473462136354	0.177437264046	0.0399733510992	0.309127248501
-ធាន	0.559473436765	0.386459802539	0.0188058298072	0.0352609308886
-គឯង	0.126385809313	0.454545454546	0.0133037694013	0.405764966741
-ណែស	0.0272727272727	0.890909090909	0.0681818181818	0.0136363636364
-ៃថា	0.0630003937524	0.535372096076	0.3307520672	0.0708754429715
-ជី​	0.263440860215	0.532258064516	0.0967741935485	0.10752688172
-្ញ​	0.323043478261	0.288260869565	0.369130434783	0.0195652173913
-ៅថា	0.255319148936	0.576494427558	0.0283687943262	0.139817629179
-់សង	0.447699342669	0.147899399828	0.00428693912546	0.400114318377
-យផល	0.841346153846	0.110576923077	0.0480769230769	0.0
-ះ។​	0.285409701022	0.343945340893	0.213887677472	0.156757280612
-សបង	0.167647058824	0.635294117647	0.0	0.197058823529
-េឃ​	0.309908898725	0.431446185266	0.0874006810442	0.171244234965
-ងរក	0.653908009006	0.183660340946	0.151174010936	0.0112576391122
-ិក​	0.0	1.0	0.0	0.0
-ំខែ	0.153846153846	0.78021978022	0.032967032967	0.032967032967
-លីង	0.638009049774	0.361990950226	0.0	0.0
-៉េក	0.0	1.0	0.0	0.0
-ំ។​	0.190265486726	0.424778761062	0.106194690265	0.278761061947
-៉េដ	0.0	1.0	0.0	0.0
-ួល​	0.458283804995	0.352679864064	0.0880670994681	0.100969231473
-ទា​	0.259868421053	0.621710526316	0.00986842105266	0.108552631579
-ងៗ​	0.320645515371	0.338840687323	0.134583255987	0.205930541319
-លីព	0.134069400631	0.802050473186	0.00856241550247	0.0553177106805
-លីម	0.0	1.0	0.0	0.0
-លីវ	0.239639854511	0.589529545048	0.0314829169399	0.139347683501
-ុត*	0.171345595353	0.770571151985	0.0	0.0580832526621
-ាលី	0.0707485490124	0.801816888807	0.114977862403	0.0124566997775
-កល​	0.319662818398	0.565915338098	0.0918453362653	0.0225765072384
-ទូត	0.256292906178	0.640732265446	0.0228832951946	0.0800915331807
-ាលា	0.0	1.0	0.0	0.0
-ាមី	0.35749224215	0.48235417872	0.071792983748	0.088360595382
-ចថា	0.410697486897	0.222550732428	0.044348877839	0.322402902836
-​ឫស	0.48275862069	0.465517241379	0.0517241379311	0.0
-្ភ​	0.285921625544	0.570391872279	0.126269956459	0.0174165457184
-នែង	0.240159037226	0.428556160021	0.120977309407	0.210307493347
-ត្ថ	0.295652173913	0.24347826087	0.0782608695652	0.382608695652
-នែក	0.339178416142	0.354226743401	0.103820778063	0.202774062394
-រះ​	0.219595906145	0.501932440018	0.125891728959	0.152579924878
-ឹក*	0.345259361765	0.480026837757	0.0340504046631	0.140663395815
-៉េះ	0.318244170096	0.240054869685	0.326474622771	0.115226337449
-kel	0.0666666666667	0.933333333333	0.0	0.0
-ŋur	0.4834663626	0.21094640821	0.0205245153934	0.285062713797
-េទ​	0.128190855288	0.58112557568	0.200255215909	0.0904283531222
-សទៅ	0.282242384964	0.440699935191	0.184705119896	0.0923525599482
-ា៎ស	0.24347826087	0.317391304348	0.0521739130435	0.386956521739
-សទេ	0.271365924964	0.501583563424	0.0903686860484	0.136681825564
-ពក​	0.251330905015	0.602409638554	0.0	0.14625945643
-ាល់	0.34962911266	0.394521894532	0.0954031844076	0.1604458084
-ŋun	0.627900136681	0.209865222582	0.0787210851399	0.0835135555979
-រោះ	0.424459229886	0.40919909686	0.101043108757	0.0652985644972
-ែទេ	0.4	0.436363636364	0.0545454545455	0.109090909091
-ណ​៕	0.17679558011	0.756906077348	0.0165745856353	0.0497237569061
-ែសព	0.0404040404041	0.838383838384	0.121212121212	0.0
-មក»	0.262711864407	0.381355932203	0.228813559322	0.127118644068
-រីស	0.0	1.0	0.0	0.0
-នែ៎	0.0972137393479	0.237830710913	0.0833018255145	0.581653724224
-ពក*	0.363598061934	0.493996208131	0.0994312197178	0.042974510217
-នឿយ	0.62783171521	0.294498381877	0.0776699029125	0.0
-ួញ​	0.180722891566	0.819277108434	0.0	0.0
-ត្ត	0.57089725709	0.2450023245	0.102278010228	0.0818224081823
-ក់ស	0.202163371876	0.301007086908	0.00447594181276	0.492353599403
-ដូន	0.177115620035	0.730706118303	0.0387310186753	0.053447242987
-naŋ	0.572383210341	0.22046129241	0.0530186892695	0.154136807979
-ុយ​	0.320389383308	0.504939212566	0.144856792725	0.0298146114013
-ដូវ	0.247176913425	0.511919698871	0.208281053952	0.0326223337516
-ដូស	0.0700934579439	0.752336448598	0.0140186915888	0.163551401869
-kep	0.166317875947	0.691957080866	0.0824406643051	0.0592843788826
-ាច់	0.355568150441	0.378311607156	0.138451701036	0.127668541367
-មា​	0.148868297129	0.803736898071	0.00911438553851	0.0382804192618
-ដូរ	0.494708994709	0.505291005291	0.0	0.0
-ចអី	0.226579087049	0.345640923567	0.385483014862	0.0422969745222
-ដូង	0.31954887218	0.619360902256	0.0328947368421	0.0281954887218
-ួល»	0.62633783155	0.143787808283	0.201954397394	0.0279199627734
-yat	0.0	1.0	0.0	0.0
-yaw	0.323120370108	0.31937388244	0.0298016064485	0.327704141004
-សសរ	0.202409638554	0.749397590361	0.0	0.0481927710843
-រិក	0.126415798863	0.509563124922	0.242044558769	0.121976517446
-មុន	0.275037603276	0.395045315676	0.102216995402	0.227700085646
-yas	0.0880025913521	0.860432259576	0.0231705468029	0.0283946022688
-ត់ៗ	0.331686264699	0.251188391293	0.120027520641	0.297097823368
-រិត	0.322555277625	0.414301462471	0.135458768447	0.127684491457
-ផុត	0.201160615532	0.407451984871	0.241289121668	0.150098277928
-ចក់	0.0897774424746	0.520558279894	0.128253489249	0.261410788382
-ញ័រ	0.298469387755	0.311224489796	0.160714285714	0.229591836735
-មុជ	0.284866468843	0.225519287834	0.249258160237	0.240356083086
-ក់ឬ	0.0	0.961538461538	0.0	0.0384615384615
-ាខេ	0.150537634409	0.677419354839	0.172043010753	0.0
-ូដេ	0.174757281553	0.708737864078	0.0776699029126	0.0388349514563
-nup	0.0651537078385	0.0332557333954	0.0058293749648	0.895761183801
-lpa	0.0405699106496	0.907751750785	0.050712388312	0.000965950253561
-មុខ	0.290576710435	0.375605419913	0.101264483488	0.232553386163
-yam	0.225479803922	0.541875496188	0.152671881632	0.0799728182583
-មុត	0.113977204559	0.709058188362	0.122975404919	0.0539892021596
-​តើ	0.23948027005	0.506300197882	0.121304271913	0.132915260156
-ទទេ	0.25904214784	0.334075854388	0.279383316724	0.127498681048
-yak	0.494143562361	0.166397845579	0.0350550370858	0.304403554975
-​តោ	0.0163710777626	0.886766712142	0.0968622100954	0.0
-ូដា	0.180301482498	0.628259441206	0.0597170285312	0.131722047765
-ជន់	0.554347826087	0.445652173913	0.0	0.0
-៉ូក	0.190159338313	0.729160762799	0.0175982498101	0.0630816490779
-ង់​	0.253797213804	0.429786508616	0.219302441438	0.0971138361418
-រក​	0.424101542322	0.369702113005	0.087385924778	0.118810419895
-ំរង	0.208633093525	0.201438848921	0.187050359712	0.402877697842
-៉ូដ	0.0990800691485	0.748030915185	0.0602123144338	0.0926767012328
-ំរក	0.355555555556	0.177777777778	0.466666666667	0.0
-ញែង	0.271979528423	0.520562968379	0.0813379638092	0.12611953939
-បបទ	0.564748201439	0.0971223021582	0.021582733813	0.31654676259
-ត់ឮ	0.619402985075	0.365671641791	0.0	0.0149253731343
-សព​	0.154788453686	0.66711687659	0.09894148318	0.079153186544
-ំរយ	0.214285714286	0.738095238095	0.0	0.047619047619
-ណន់	0.107897471424	0.746622791825	0.0242466227918	0.121233113959
-មក​	0.204305380232	0.216221575957	0.0430319375921	0.536441106219
-៉ូស	0.110850561406	0.74673582014	0.0808069513053	0.0616066671491
-៉ូល	0.199828303507	0.667176970849	0.0366919426109	0.0963027830336
-៉ូម	0.197607975441	0.601486277013	0.0845718975107	0.116333850035
-ខុស	0.508093835057	0.206254379886	0.104826875946	0.180824909111
-រិះ	0.431578947368	0.326315789474	0.0631578947369	0.178947368421
-ឌៀ​	0.0	0.813278008299	0.102005532503	0.0847164591979
-មុំ	0.0340138684814	0.687288943882	0.276892738381	0.00180444925631
-mak	0.326653094117	0.421130763032	0.0406823033748	0.211533839476
-ំរូ	0.0512820512821	0.948717948718	0.0	0.0
-ំពៅ	0.258151536078	0.69820011362	0.0226457071128	0.0210026431898
-័ព​	0.0489642184557	0.858966310944	0.0564971751412	0.0355722954594
-ំរី	0.079207920792	0.920792079208	0.0	0.0
-ំរា	0.332369942196	0.369942196532	0.0780346820809	0.219653179191
-ំ?​	0.332558139535	0.56511627907	0.102325581395	0.0
-័យឬ	0.652453740949	0.198712791633	0.120675784393	0.0281576830249
-ត់ក	0.354751923919	0.645248076081	0.0	0.0
-ម៉ី	0.0	1.0	0.0	0.0
-លែង	0.323995274467	0.389929071363	0.111514772269	0.1745608819
-ែរ?	0.638364779874	0.188679245283	0.0	0.172955974843
-នឿ​	0.21761798721	0.460670929887	0.0579764837182	0.263734599184
-រឹះ	0.213725490196	0.698039215686	0.0294117647059	0.0588235294118
-មែន	0.327024968468	0.329831427429	0.090057155276	0.253086448827
-ោស​	0.392807008811	0.327134252576	0.186674299368	0.0933844392454
-ហក​	0.275823006419	0.626720675569	0.0830386873091	0.0144176307027
-ិលា	0.252922422954	0.517534537726	0.0637619553666	0.165781083953
-មែក	0.268317029347	0.719704531843	0.0119784388101	0.0
-់ឈរ	0.39896682588	0.338453700203	0.0428171766571	0.219762297259
-666	0.0	0.0	0.0	1.0
-ំាង	0.198462784021	0.599036387748	0.0913049580252	0.111195870206
-្ណា	0.542372881356	0.322033898305	0.0	0.135593220339
-តាស	0.0	1.0	0.0	0.0
-ាឡា	0.00252757352941	0.962545955882	0.0	0.0349264705883
-ុសឬ	0.28650137741	0.404958677686	0.242424242424	0.0661157024794
-ាឡី	0.730769230769	0.153846153846	0.0769230769231	0.0384615384615
-្វេ	0.0845684394071	0.745422842197	0.104620749782	0.0653879686138
-ជ័យ	0.272727272727	0.541544477028	0.185728250244	0.0
-ែរ​	0.328905877356	0.402243405494	0.102760012832	0.166090704318
-noŋ	0.522432495405	0.254226318378	0.0458228700132	0.177518316204
-បគេ	0.411931818182	0.204545454545	0.198863636364	0.184659090909
-អន់	0.235476718404	0.49844789357	0.226164079823	0.039911308204
-់ឈឺ	0.204204204204	0.642642642643	0.072072072072	0.0810810810811
-កគេ	0.38102898994	0.420771122026	0.0640745208263	0.134125367208
-សួរ	0.342175920954	0.554183224143	0.00859198797123	0.0950488669316
-sel	0.254837187352	0.682869277961	0.0226521944313	0.0396413402548
-sek	0.105837135792	0.145383970329	0.0697829288812	0.678995964997
-កវរ	0.602209944751	0.193370165746	0.104972375691	0.0994475138121
-រឹង	0.783783783784	0.216216216216	0.0	0.0
-រឹក	0.173184357542	0.36312849162	0.156424581006	0.307262569833
-្វើ	0.373476518276	0.372822071862	0.118025536554	0.135675873307
-្វី	0.348827124122	0.354654915252	0.0683057462968	0.228212214329
-គូ​	0.166112956811	0.6926910299	0.141196013289	0.0
-ស់ៗ	0.385026737968	0.0160427807487	0.598930481283	0.0
-្វា	0.063829787234	0.936170212766	0.0	0.0
-ses	0.0969390746412	0.670160690945	0.166494229892	0.0664060045212
-ser	0.127632835671	0.766299703413	0.0578092796461	0.0482581812698
-sep	0.0305557720789	0.966170395198	0.000935380777924	0.00233845194481
-័ក*	0.252843028439	0.550655943522	0.0907858585491	0.10571516949
-បៀប	0.100533130236	0.744097486672	0.0456968773801	0.109672505712
-ហែង	0.282593498777	0.465396714436	0.222649423279	0.0293603635092
-កវា	0.518248175182	0.429197080292	0.0116788321168	0.0408759124087
-»។​	0.250161891993	0.45627092055	0.134010087467	0.15955709999
-្វរ	0.423108440317	0.291268323773	0.132659564782	0.152963671128
-ពត់	0.17119244392	0.791027154663	0.0141676505313	0.0236127508855
-ហែស	0.0	1.0	0.0	0.0
-ែរ»	0.382133995037	0.369727047146	0.14888337469	0.0992555831266
-ដីឬ	0.0	0.782432432432	0.217567567568	0.0
-ូឡា	0.263440860215	0.602150537634	0.0537634408602	0.0806451612903
-ងលា	0.184718723762	0.798488664987	0.0	0.0167926112511
-las	0.105913611521	0.860225186754	0.0184557647554	0.0154054369695
-ងលើ	0.106147526905	0.720100307695	0.152110436613	0.0216417287865
-បុត	0.0602820884397	0.368746341136	0.502896700864	0.0680748695604
-្កា	0.142517814727	0.817102137767	0.00950118764846	0.0308788598575
-្ចី	0.164614563296	0.647162504555	0.184070706472	0.00415222567771
-្ឆេ	0.347692307692	0.590769230769	0.0615384615384	0.0
-បុស	0.0261437908497	0.947712418301	0.0261437908497	0.0
-ៃខែ	0.564102564103	0.230769230769	0.076923076923	0.128205128205
-្ករ	0.651376146789	0.348623853211	0.0	0.0
-នដៃ	0.436363636364	0.145454545455	0.0727272727272	0.345454545455
-ៅជា	0.0521512385919	0.775749674055	0.152542372881	0.019556714472
-ៀម​	0.285448381439	0.492760720564	0.153397474564	0.0683934234337
-គថា	0.23975198021	0.418269406285	0.0431524190598	0.298826194446
-ជុំ	0.405071278086	0.407327793641	0.0368314671629	0.15076946111
--eŋ	0.568821030881	0.240041327058	0.0809321547469	0.110205487315
-ឡប់	0.262837426426	0.488126649076	0.185102496448	0.0639334280495
-ថែន	0.269559902201	0.635085574572	0.0403422982885	0.0550122249388
-លផង	0.233004411604	0.613298726403	0.0914979189075	0.0621989430856
-ray	0.0	1.0	0.0	0.0
-raw	0.0691056910569	0.834349593496	0.0965447154471	0.0
-rar	0.43704379562	0.506386861314	0.0191605839416	0.0374087591241
-ras	0.0743740795287	0.866715758468	0.0166421207658	0.0422680412371
-ran	0.354966887417	0.465783664459	0.0379690949228	0.141280353201
-iwa	0.132684652808	0.860681114551	0.0	0.00663423264042
-ram	0.134211193552	0.763968586527	0.0541795665635	0.0476406533575
-៊ើរ	0.0	0.872095502025	0.0	0.127904497975
-ដថា	0.272260529474	0.371613030677	0.0244498571972	0.331676582652
-era	0.0249307479224	0.93351800554	0.0249307479224	0.016620498615
-លផល	0.465534804754	0.327334465195	0.0526315789474	0.154499151104
-នដី	0.181023944577	0.60929460158	0.0689009140296	0.140780539814
-តនៅ	0.0938189845475	0.432671081678	0.274834437086	0.198675496689
-នដង	0.322547243075	0.314522391923	0.0440072482527	0.318923116749
-យប់	0.235315129194	0.578546983381	0.0285274341238	0.157610453301
-តន៍	0.206311167863	0.338508094493	0.360775601949	0.0944051356953
-opa	0.0482258207238	0.923753060201	0.0172551101672	0.0107660089078
-នមក	0.434301502187	0.410267206252	0.0552715732773	0.100159718283
-៊ី*	0.158705011077	0.654021650999	0.0484687906041	0.13880454732
-ងល់	0.430730304773	0.317124784359	0.15296147211	0.099183438758
-នក​	0.363094612348	0.455449663244	0.0450427499811	0.136412974427
-េរា	0.177531626415	0.612735306579	0.0508443798801	0.158888687126
-ែកឬ	0.0680628272251	0.638743455497	0.104712041885	0.188481675393
-ទេ​	0.313433854727	0.352424093962	0.108117012151	0.226025039161
-ទឹម	0.0	0.921372408863	0.0643316654753	0.0142959256612
-nop	0.0786919870234	0.742184363591	0.0129494599598	0.166174189426
-របង	0.0573065902579	0.942693409742	0.0	0.0
-គម​	0.105486409555	0.583914717866	0.209019367082	0.101579505498
-nos	0.0	1.0	0.0	0.0
-nok	0.0111731843575	0.977653631285	0.0	0.0111731843575
-សេ​	0.20674328597	0.693041457091	0.0287832346515	0.0714320222879
-non	0.0	0.967213114754	0.0327868852459	0.0
-របរ	0.422680412371	0.123711340206	0.453608247423	0.0
-ញា​	0.207428532698	0.535091057919	0.134232876784	0.123247532599
-ឱន​	0.535040431267	0.350404312669	0.0943396226415	0.0202156334232
-ប៊ី	0.240963855422	0.27847754655	0.0	0.480558598029
-៉ឹង	0.361734531796	0.320557621513	0.211546726964	0.106161119728
-បនៅ	0.150943396226	0.754716981132	0.0	0.0943396226416
-រៈ*	0.287826086957	0.549130434783	0.104347826087	0.0586956521739
-សេ*	0.293376733654	0.577554486272	0.00169827342202	0.127370506652
-វៃ​	0.286938981341	0.559757942511	0.115481593545	0.0378214826021
-៊ា​	0.0918727915194	0.865724381625	0.0424028268551	0.0
-dim	0.325408088037	0.618785210874	0.0416585233478	0.0141481777408
-ករ*	0.0577395577395	0.635135135135	0.307125307125	0.0
-រប់	0.364937360576	0.320962400908	0.112666054295	0.201434184221
-tol	0.0199203187251	0.948207171315	0.0278884462151	0.00398406374502
-tom	0.516178335099	0.253521371381	0.104729318999	0.125570974521
-ណាំ	0.707664884135	0.292335115865	0.0	0.0
-ៅនា	0.0311688311688	0.916883116883	0.051948051948	0.0
-don	0.322628873555	0.407708735151	0.0633776111739	0.20628478012
-ញមក	0.555537390904	0.290971713922	0.0523959382187	0.101094956956
-មប់	0.0388091440723	0.734538366117	0.178451178451	0.0482013113592
-ៗ​ឬ	0.4150390625	0.0146484375	0.546875	0.0234375
-សគេ	0.572913707758	0.215029779229	0.118178600865	0.0938779121478
-ះពរ	0.278234854151	0.624532535527	0.0504861630516	0.04674644727
-toy	0.0578661844484	0.792043399638	0.101265822785	0.0488245931284
-rot	0.0314329738058	0.906933744222	0.0486902927581	0.0129429892142
-ីឌា	0.0276603918556	0.964656165962	0.0	0.00768344218209
-ករ​	0.327312425566	0.366415244144	0.177649861056	0.128622469234
-dom	0.02772354549	0.962905115189	0.0	0.00937133932058
-seŋ	0.570312385904	0.164079272122	0.0783520511735	0.187256290801
-ះវា	0.782608695652	0.130434782609	0.0	0.0869565217391
-ចើ​	0.0315789473684	0.810526315789	0.157894736842	0.0
-ñey	0.495433382143	0.225276637278	0.0869171438224	0.192372836757
-័កឬ	0.336787564767	0.290155440414	0.062176165803	0.310880829016
-ួម​	0.078125	0.5625	0.203125	0.15625
-ុំ*	0.300514991892	0.52911288559	0.0472536403025	0.123118482216
-ធំៗ	0.499351223828	0.189560601592	0.249159539959	0.0619286346211
-rom	0.117254565319	0.562314655845	0.253433744342	0.0669970344935
-វា​	0.266214727647	0.607472167311	0.0365526490502	0.0897604559923
-រំ​	0.295597484277	0.676100628931	0.00943396226415	0.0188679245283
-ែកៗ	0.239047213951	0.307954062101	0.401956614207	0.0510421097405
-rok	0.923076923077	0.0769230769231	0.0	0.0
-បផង	0.124944616748	0.598582188746	0.276473194506	0.0
-ិន​	0.290673723051	0.460552651209	0.102663181451	0.146110444288
-ំលង	0.199040767386	0.764988009592	0.0215827338129	0.0143884892086
-ឡេ​	0.268560891512	0.535433568112	0.0249316925512	0.171073847825
-ជៈ​	0.283018867925	0.528301886792	0.188679245283	0.0
-yks	0.075189912666	0.856493204486	0.0294558420753	0.0388610407731
-ាប់	0.317587609901	0.428552559573	0.122543088587	0.131316741939
-តជា	0.111111111111	0.814814814815	0.037037037037	0.037037037037
-រ*ឬ	0.0950226244344	0.639014580191	0.265962795375	0.0
-និង	0.0187312923814	0.0525447166675	0.00508287533324	0.923641115618
-ៈមក	0.0217391304348	0.586956521739	0.347826086957	0.0434782608696
-ចំហ	0.498652291105	0.361185983827	0.129380053908	0.010781671159
-និក	0.111885733719	0.7875191294	0.0834551946948	0.0171399421867
-យៗ​	0.426622765757	0.289275634995	0.142050799624	0.142050799624
-និត	0.365354168272	0.43367624653	0.0704521334105	0.130517451788
-ឡែន	0.0	1.0	0.0	0.0
-និញ	0.0185471406492	0.935085007728	0.0463678516229	0.0
-ងឯង	0.223281937159	0.615535420972	0.0944206008584	0.066762041011
-nun	0.630311614731	0.135977337111	0.0263456090651	0.207365439093
-គំឬ	0.576659038902	0.0686498855835	0.0663615560641	0.288329519451
-នេះ	0.255153673297	0.238927538601	0.0574328140916	0.44848597401
-ោហា	0.0375939849624	0.473684210526	0.488721804511	0.0
-ីគេ	0.255428699351	0.306133870607	0.117528542646	0.320908887396
-say	0.321489001692	0.434856175973	0.0406091370558	0.203045685279
-លឿង	0.0	0.799554565702	0.200445434298	0.0
-ីគឺ	0.194029850746	0.328358208955	0.0	0.477611940299
-រ។​	0.261767509329	0.384441304637	0.140982222654	0.212808963381
-វា»	0.184501845018	0.602398523985	0.213099630996	0.0
-វផង	0.0490390987409	0.679257786614	0.208084824387	0.0636182902584
-ល។​	0.274590163935	0.594262295082	0.0491803278688	0.0819672131148
-ដំា	0.195679439241	0.540937489011	0.17640922251	0.0869738492375
-ម។​	0.235294117647	0.525210084034	0.163865546218	0.0756302521008
-នាល	0.134615384615	0.56043956044	0.107142857143	0.197802197802
-៉ា​	0.0932970330712	0.824903849076	0.0291349799169	0.0526641379358
-យជា	0.263560113004	0.365802018279	0.185084032297	0.18555383642
-តឿន	0.37861754481	0.326515869791	0.0355546525802	0.259311932819
-នេរ	0.565326633166	0.0	0.434673366834	0.0
-ក?​	0.096256684492	0.614973262032	0.0320855614973	0.256684491979
-នេក	0.588607594937	0.278481012658	0.0189873417722	0.113924050633
-ចន៍	0.13109336271	0.688846047921	0.152299641972	0.0277609473975
-មដា	0.2	0.744444444444	0.0555555555555	0.0
-ឃមក	0.308375992535	0.562139365983	0.067852845648	0.0616317958338
-មដី	0.213883677298	0.432770481551	0.0969355847405	0.25641025641
-សថា	0.346130577675	0.401707025949	0.0438038555241	0.208358540852
-hiy	0.835455951558	0.124888932767	0.0039490571626	0.0357060585119
-ាបឬ	0.116959064328	0.616959064327	0.0	0.266081871345
-សូម	0.618311353645	0.244201909959	0.0147036531757	0.12278308322
-សូរ	0.136720068674	0.642839919367	0.174866655735	0.0455733562245
-lek	0.0322580645161	0.530241935484	0.4375	0.0
-lel	0.0	1.0	0.0	0.0
-lem	0.0291596038181	0.949865525678	0.00701548569765	0.0139593848065
-េអី	0.728370221328	0.217303822938	0.0	0.0543259557345
-mun	0.365779963268	0.392855026957	0.0709165234907	0.170448486285
-​ណា	0.257122792937	0.357129700287	0.117028589848	0.268718916928
-កៃ​	0.0	1.0	0.0	0.0
-muk	0.0884146341464	0.663617886179	0.217479674797	0.0304878048781
-yta	0.0300956038737	0.943553105233	0.0113568316505	0.0149944592427
-ley	0.0	0.854838709677	0.016129032258	0.129032258065
-័ទ*	0.183646269908	0.65589270746	0.0141324392288	0.146328583403
-សូត	0.762886597938	0.164948453608	0.0	0.0721649484536
-lep	0.137536974455	0.757287692139	0.105175333407	0.0
-ler	0.259232024693	0.6246082818	0.0833104445769	0.0328492489306
-គ?​	0.622950819672	0.131147540984	0.196721311475	0.0491803278689
-ុនៗ	0.015625	0.359375	0.3671875	0.2578125
-ាជឿ	0.636070853462	0.182769726248	0.0458937198067	0.135265700483
-វរ​	0.431657419206	0.429279500737	0.0851234611256	0.0539396189311
-ុប​	0.0448117052494	0.715293627504	0.00534135782342	0.234553309423
-័ទ​	0.325868392664	0.468694714132	0.0645954692557	0.140841423948
-វ័យ	0.256901067902	0.328027402781	0.390892605279	0.0241789240379
-មីៗ	0.577405857741	0.150627615063	0.221757322176	0.0502092050209
-បឋម	0.183535762483	0.132253711201	0.221322537112	0.462887989204
-ភាព	0.258948668089	0.49421064692	0.16613316808	0.0807075169107
-នី​	0.232124566758	0.609414929388	0.035342196472	0.123118307382
-តា​	0.226728051229	0.434943451094	0.075102311255	0.263226186423
-ភាស	0.195295794726	0.664290805417	0.0819672131147	0.0584461867427
-*ថា	0.303037519183	0.434698629412	0.06196750807	0.200296343335
-ែ៎​	0.588440111421	0.279944289694	0.0376044568245	0.0940111420613
-ដួង	0.130952380952	0.755952380952	0.0	0.113095238095
-ឡុត	0.0769230769231	0.923076923077	0.0	0.0
-ដួល	0.461524298747	0.308164636784	0.0225542452613	0.207756819207
-របី	0.0	0.931232091691	0.0573065902579	0.0114613180516
-៉ែល	0.0874316939889	0.912568306011	0.0	0.0
-៏ធំ	0.0	0.539292522771	0.342088540563	0.118618936666
-ុនឬ	0.361386138614	0.252475247525	0.356435643564	0.029702970297
-lok	0.517144681134	0.329685723275	0.0413260903339	0.111843505257
-ដ្ឋ	0.123880545005	0.695002961982	0.145050005227	0.0360664877862
-នី*	0.218487394958	0.781512605042	0.0	0.0
-តា*	0.188126649077	0.576253298153	0.0536939313984	0.181926121372
-។​»	0.0821059229082	0.231275462237	0.116891256659	0.569727358195
-pen	0.0806166126128	0.0338318301459	0.0170790054693	0.868472551772
-រ!​	0.527687296417	0.384364820847	0.0879478827362	0.0
-កុដ	0.0754144119879	0.845057662643	0.0383927915575	0.0411351338116
-pek	0.393770025506	0.267348900105	0.0761664698431	0.262714604546
-pet	0.00952380952381	0.952380952381	0.0380952380952	0.0
-per	0.182628214298	0.277371272222	0.192876922343	0.347123591137
-មីន	0.152782578638	0.752160387141	0.0155547874179	0.0795022468027
-pey	0.497565170629	0.27870635962	0.0606596530179	0.163068816733
-មាថ	0.23373422884	0.51673868902	0.108606237309	0.140920844831
-ធាស	0.0293453724605	0.97065462754	0.0	0.0
-័ទ»	0.0571428571428	0.238095238095	0.209523809524	0.495238095238
-មាន	0.32347472152	0.426778958618	0.098966235671	0.150780084191
-ំទៅ	0.437504199736	0.261130232871	0.0744753130203	0.226890254373
-់ត៍	0.0	1.0	0.0	0.0
-ងដៃ	0.284263959391	0.497461928934	0.149746192893	0.0685279187816
-ាន​	0.323827916832	0.436106700019	0.116082567049	0.1239828161
-ាំ*	0.0	1.0	0.0	0.0
-ោក​	0.373878084227	0.442296888331	0.0731583541901	0.110666673252
-្តែ	0.402640264026	0.293729372937	0.0396039603961	0.26402640264
-esa	0.0	0.941972920696	0.0	0.0580270793037
-ួនឬ	0.440801457195	0.165755919854	0.0437158469945	0.349726775956
-ូប​	0.0721716073477	0.763571566608	0.0869666649837	0.0772901610604
-ណីត	0.371794871795	0.282051282051	0.346153846154	0.0
-លេស	0.213559322034	0.705084745763	0.0135593220339	0.0677966101695
-ងួត	0.54756097561	0.303658536585	0.0829268292683	0.0658536585366
-ីច​	0.0800606196942	0.772001278697	0.103183717929	0.04475438368
-លេន	0.00788895358665	0.982644302109	0.00157779071733	0.00788895358665
-ទើរ	0.42	0.44	0.02	0.12
-ាន*	0.398551658292	0.45372013043	0.0462286622331	0.101499549045
-តី​	0.318344753591	0.357464215172	0.132373381453	0.191817649784
-ាំ​	0.295173448038	0.466585796804	0.080738177624	0.157502577533
-លេញ	0.391644908616	0.577023498694	0.0	0.0313315926893
-លេត	0.00764525993883	0.983180428135	0.00152905198777	0.00764525993884
-លេក	0.0	0.965986394558	0.0136054421769	0.0204081632653
-ចឹង	0.089552238806	0.805970149254	0.0149253731343	0.0895522388059
-លេច	0.104234527687	0.684039087948	0.14657980456	0.0651465798046
-លេង	0.0873998543336	0.912600145666	0.0	0.0
-ដជឿ	0.356589147287	0.573643410853	0.0697674418605	0.0
-ិរស	0.0995134896064	0.743476337904	0.112781954887	0.0442282176028
-នលា	0.415627597672	0.559434746467	0.0249376558603	0.0
-នលើ	0.409637755609	0.236801113578	0.139197295595	0.214363835217
-ទម​	0.149553164326	0.819806675178	0.0306401604961	0.0
-ម័រ	0.0	0.952380952381	0.047619047619	0.0
-​វា	0.323944284767	0.409639619721	0.201193897855	0.0652221976564
-ម័យ	0.187374749499	0.25250501002	0.439879759519	0.120240480962
-ឫស​	0.422746600429	0.424009598787	0.0884098850671	0.0648339157159
-ឺន​	0.0	0.965556831228	0.0	0.0344431687715
-ដទៃ	0.299556435491	0.479120922453	0.126246143914	0.0950764981421
-៖​​	0.631477927063	0.31094049904	0.0	0.0575815738964
-los	0.184804928131	0.673511293635	0.0308008213552	0.110882956879
-លភា	0.0	1.0	0.0	0.0
-ស៊ា	0.0	1.0	0.0	0.0
-ងដី	0.482630656633	0.440263890321	0.00700958664055	0.0700958664055
-ន។​	0.167145157902	0.705552832435	0.0642812128003	0.063020796863
-yuk	0.474691933401	0.444796004755	0.0359161614175	0.0445959004268
-ស៊ី	0.182924636693	0.657714923178	0.0636011136776	0.095759326451
-លេះ	0.262810912778	0.412776019443	0.113971956431	0.210441111348
-ស៊ូ	0.321750707533	0.43694193235	0.0577463114868	0.18356104863
-ន្ត	0.261769642714	0.616977060187	0.0489169530813	0.0723363440172
-ងពល	0.06	0.84	0.0	0.1
-ពពក	0.389645776567	0.474114441417	0.00544959128065	0.130790190736
-ន្ដ	0.161395646234	0.697411100724	0.0793344773906	0.0618587756514
-ី?​	0.219672131148	0.649180327869	0.0131147540983	0.118032786885
-ន្ម	0.250925240563	0.39230199852	0.0577350111028	0.299037749815
-ន្យ	0.203843812505	0.460996608401	0.27428472041	0.0608748586834
-ា។​	0.383692391601	0.396236705754	0.117807472048	0.102263430597
-គទៅ	0.559220435892	0.380068242599	0.0258215240847	0.034889797424
-ន្ធ	0.264930475532	0.590570023815	0.0284627794423	0.116036721211
-ន្ន	0.155225185833	0.573677306515	0.179274158286	0.091823349366
-lin	0.0670391061452	0.757382282522	0.175578611333	0.0
-គទេ	0.410100943271	0.342191073893	0.0708587739362	0.1768492089
-ីសេ	0.0689474195045	0.927429066478	0.00362351401775	0.0
-លែត	0.318842704592	0.43073577206	0.237763604819	0.0126579185299
-ំនៅ	0.475285171103	0.315589353612	0.06463878327	0.144486692015
-muŋ	0.494466802713	0.260694533146	0.0747969662661	0.170041697875
-ភរ​	0.245209059234	0.622822299651	0.088850174216	0.0431184668989
-ំនះ	0.536074503794	0.271297201208	0.113736160528	0.0788921344705
-អួ​	0.159574468085	0.574468085106	0.234042553191	0.031914893617
-្ខំ	0.288888888889	0.511111111111	0.166666666667	0.0333333333333
-រីៗ	0.140798409806	0.183866158688	0.00993871128044	0.665396720225
-សែ​	0.518151815182	0.455445544554	0.026402640264	0.0
-យខែ	0.233179419525	0.677110817942	0.0197889182058	0.0699208443272
-ទេះ	0.0	0.983653347172	0.0163466528282	0.0
-ខគេ	0.420304568528	0.282233502538	0.136040609137	0.161421319797
-េងៗ	0.212826748383	0.587585469853	0.161588457889	0.0379993238749
-យណា	0.639204545455	0.125	0.164772727273	0.0710227272727
-្ខណ	0.635964912281	0.34649122807	0.0	0.0175438596491
-ឱរស	0.211953950481	0.665037060401	0.00551963412712	0.117489354991
-ងមក	0.370628396831	0.400165189221	0.0641394115449	0.165067002403
-ៀនឬ	0.296928327645	0.505119453925	0.0136518771331	0.184300341297
-នន​	0.136645962733	0.621118012422	0.223602484472	0.0186335403727
-ូរេ	0.0	0.991758241758	0.00824175824176	0.0
-ប់ៗ	0.410195177956	0.163214695752	0.0343972445464	0.392192881745
-តែ​	0.251210067764	0.325266214908	0.176669893514	0.246853823814
-ា?​	0.500836624055	0.444280837963	0.0548825379827	0.0
-ាផល	0.621359223301	0.174757281553	0.174757281553	0.0291262135922
-យផង	0.246903717376	0.629391900423	0.055954619229	0.0677497629723
-ាផង	0.332717936799	0.436095839174	0.102054630363	0.129131593664
-យំ​	0.397235675028	0.290689448768	0.172770310715	0.139304565489
-ើណា	0.0612244897959	0.571428571428	0.0612244897959	0.30612244898
-ំបង	0.330508474576	0.516949152542	0.152542372881	0.0
-ំដី	0.212433598064	0.696786409299	0.0125177510125	0.0782622416241
-ួយ​	0.24760051559	0.470399268231	0.107162983432	0.174837232748
-បាំ	0.0	1.0	0.0	0.0
-សឹក	0.0429799426934	0.951289398281	0.00573065902579	0.0
-ឬ?​	0.34927764963	0.422726720894	0.133786572781	0.0942090566954
-រៅ​	0.322461512577	0.418915622108	0.121414149912	0.137208715403
-ោះៗ	0.0	0.16106442577	0.817927170868	0.0210084033613
-ែនឬ	0.358255451713	0.498506599865	0.0478530365803	0.0953849118412
-ញផង	0.311811916147	0.44591090902	0.0685380376012	0.173739137233
-វ។​	0.0625	0.55625	0.30625	0.075
-្ដឬ	0.709744298549	0.0414651002073	0.0	0.248790601244
-ិប​	0.131001634745	0.440755615653	0.029667601768	0.398575147833
-រផង	0.11993736952	0.6624217119	0.197286012526	0.0203549060543
-មៅ​	0.287374537771	0.573692551506	0.0522979397781	0.0866349709456
-លឈរ	0.382871536524	0.518891687658	0.0982367758187	0.0
-វធំ	0.612903225807	0.0967741935484	0.290322580645	0.0
-ចកល	0.0431965442764	0.924406047516	0.0323974082074	0.0
-មផង	0.418538178848	0.532462229481	0.0408329930584	0.00816659861168
-ំដៅ	0.214285714286	0.321428571428	0.440476190476	0.0238095238095
-ំដែ	0.635593220339	0.186440677966	0.0762711864407	0.101694915254
-បាញ	0.356223175966	0.523605150215	0.0343347639485	0.0858369098713
-យ។​	0.345719357702	0.442131310686	0.108354178434	0.103795153178
-បាត	0.0718562874252	0.910179640719	0.0179640718563	0.0
-រោម	0.267963896378	0.512835540968	0.0527487984996	0.166451764154
-បាក	0.33514677799	0.387440600435	0.103499578097	0.173913043478
-*លើ	0.350492880613	0.529025191676	0.109529025192	0.0109529025192
-ពើម	0.123357410147	0.559263771647	0.280828474458	0.0365503437473
-បាយ	0.400029501932	0.359255605019	0.137847778379	0.102867114669
-បាល	0.162302000742	0.740477493864	0.054821734447	0.0423987709478
-បារ	0.220227003219	0.752668134847	0.0271048619346	0.0
-បាវ	0.164179104478	0.164179104478	0.0149253731343	0.65671641791
-បាស	0.177116636129	0.742698816388	0.0421698620479	0.038014685435
-ជួរ	0.35593220339	0.415254237288	0.0	0.228813559322
-បាទ	0.17765654649	0.21944971537	0.0384250474383	0.564468690702
-បាន	0.343703176702	0.377082092629	0.131483278893	0.147731451776
-លង់	0.293874646347	0.531390484786	0.144359779911	0.0303750889556
-ប់ឮ	0.264990120352	0.326710975391	0.23804562601	0.170253278247
-បាប	0.341730259445	0.4702908698	0.0885708991436	0.0994079716111
-ប់ឬ	0.548387096774	0.354838709677	0.0483870967742	0.0483870967742
-ះផង	0.39274302217	0.428889575822	0.0864101596323	0.0919572423757
-ុល​	0.13173597127	0.536715509322	0.288675866037	0.0428726533718
-ំបៅ	0.0857371794872	0.766025641026	0.088141025641	0.0600961538461
-ឡឺយ	0.608	0.304	0.088	0.0
-ងៀម	0.405335849704	0.213433988162	0.319893626147	0.061336535987
-្ថ​	0.266666666667	0.466666666667	0.1	0.166666666667
-នា។	0.956043956044	0.021978021978	0.021978021978	0.0
-មៗ​	0.220292651552	0.415340086831	0.0577263225599	0.306640939058
-ដាក	0.0132743362832	0.986725663717	0.0	0.0
-ដើរ	0.532068724248	0.250168940132	0.112271930821	0.105490404799
-ដើម	0.283301993341	0.401389878959	0.0941589946431	0.221149133057
-ាណ​	0.330245600865	0.429279308374	0.142541852566	0.097933238195
-នាំ	0.218471004266	0.524323993416	0.0359275607266	0.221277441591
-ហៅ​	0.212950306451	0.380660522951	0.0908990696239	0.315490100974
-​ក​	0.700986929848	0.285009335823	0.0140037343292	0.0
-ញ្ញ	0.09315943572	0.387454529323	0.487445656996	0.0319403779611
-មឹក	0.195716483256	0.50491066146	0.245651402201	0.0537214530825
-ញ្ច	0.233140655106	0.628612716763	0.0746628131021	0.0635838150289
-ាជន	0.326913878879	0.459678115277	0.0785613322247	0.134846673619
-ញៀវ	0.369496855346	0.34392033543	0.218763102725	0.0678197064989
-00;	0.237541632627	0.168604285804	0.0	0.593854081569
-ទនា	0.367817860165	0.452483588219	0.0582965189969	0.12140203262
-នាម	0.114766705205	0.760411816712	0.0724550490967	0.0523664289861
-នាយ	0.35718374356	0.210646823125	0.157412707499	0.274756725816
-នាស	0.200989841104	0.614645741078	0.123736650169	0.0606277676478
-buk	0.455814304667	0.486227092794	0.00958893766651	0.0483696648725
-ឆាន	0.188360897827	0.618135954809	0.115761413673	0.0777417336921
-កែ​	0.308392973325	0.494599869876	0.123096942095	0.073910214704
-ពស់	0.296405568947	0.451783855399	0.164953044717	0.086857530937
-ណរ​	0.310720871627	0.356235740878	0.135590271737	0.197453115758
-ៗទៅ	0.054054054054	0.189189189189	0.0	0.756756756757
-ណុស	0.0160642570281	0.983935742972	0.0	0.0
-នាញ	0.336842105263	0.473684210526	0.189473684211	0.0
-នាត	0.423076923077	0.0192307692308	0.0	0.557692307692
-នាគ	0.342681858019	0.616126205083	0.0306748466257	0.0105170902717
-ើមក	0.259094076655	0.531567944251	0.020487804878	0.188850174216
-នាង	0.368205829426	0.444526655161	0.0701243081323	0.117143207281
-ŋan	0.51172746567	0.33362961888	0.0166887369166	0.137954178533
-ŋak	0.412967698378	0.109643233276	0.0160627634208	0.461326304925
-ាវ​	0.247614811196	0.554934693727	0.132952076613	0.0644984184644
-លើយ	0.328250054077	0.515466147523	0.0259571706684	0.130326627731
-wiŋ	0.206642066421	0.719557195572	0.0184501845018	0.0553505535055
-ŋam	0.399052132701	0.38672985782	0.125750394945	0.0884676145339
-ត្វ	0.374119922169	0.524403433169	0.0518413293383	0.0496353153239
-ត​ឬ	0.333605784345	0.263360578435	0.0873624646338	0.315671172587
-ហៗ​	0.0243902439024	0.0426829268292	0.932926829268	0.0
-ŋal	0.0867806034584	0.0378997876131	0.095035052833	0.780284556096
-ល័ខ	0.0	0.974765681327	0.0252343186733	0.0
-ŋay	0.188681117293	0.281306005668	0.208405372911	0.321607504127
-គឺៈ	0.365853658537	0.356097560976	0.0	0.278048780488
-ុំឬ	0.224482875551	0.199050525602	0.244150559512	0.332316039335
-ឈើ​	0.188296752563	0.723285641885	0.0720439748938	0.0163736306577
-ំបី	0.123684210526	0.071052631579	0.805263157895	0.0
-លើក	0.226550547252	0.307991055667	0.065905613746	0.399552783335
-យ!​	0.242844341567	0.514963546737	0.087422027564	0.154770084132
-ិយស	0.244641934484	0.551513898936	0.143081533533	0.0607626330474
-រៀក	0.388601036269	0.39896373057	0.119170984456	0.0932642487047
-តិ​	0.219582651718	0.571447951163	0.058428759526	0.150540637593
-ដៀរ	0.117647058824	0.882352941176	0.0	0.0
-ហាញ	0.191082802548	0.649681528663	0.0	0.15923566879
-៉េន	0.113744075829	0.829383886256	0.0568720379147	0.0
-គ៌​	0.223005991949	0.480151170814	0.114602610454	0.182240226783
-ិយម	0.0394073418841	0.819681556833	0.10110570544	0.0398053958426
-យ៉ា	0.133645719846	0.787623006597	0.0160424225116	0.0626888510452
-ណ៍​	0.320870239602	0.366831299237	0.203913084888	0.108385376274
-គណៈ	0.506048387097	0.372983870968	0.0	0.120967741935
-ហាវ	0.0257864878804	0.605466735431	0.306859205776	0.0618875709129
-រៀន	0.381642056308	0.41945353376	0.0932015613321	0.105702848601
-ូច​	0.255949217319	0.356152986581	0.186521179796	0.201376616303
-ហាយ	0.442307692308	0.434615384616	0.0999999999999	0.0230769230769
-ហាម	0.116883116883	0.344155844156	0.409090909091	0.12987012987
-ហារ	0.284123231863	0.503727862587	0.0955564727555	0.116592432795
-ហាប	0.0	0.902222222222	0.00666666666667	0.091111111111
-េមក	0.383902568176	0.568440561292	0.0158856235107	0.0317712470214
-សុំ	0.602924740902	0.231310423168	0.000961884928027	0.164802951002
-រៀវ	0.228758169935	0.466230936819	0.305010893246	0.0
-ហាន	0.170254913845	0.73185259418	0.0351308649435	0.0627616270323
-បក់	0.0	0.942473633749	0.0575263662511	0.0
-៍ទេ	0.193462939312	0.415874367343	0.204153067499	0.186509625846
-ិយា	0.335866539525	0.488876688403	0.0339366152641	0.141320156808
-ត។​	0.271600347093	0.395655138217	0.16260691707	0.17013759762
-ដ​ឬ	0.189573459716	0.691943127962	0.0710900473934	0.0473933649289
-េឬ​	0.561224489796	0.357142857143	0.0408163265306	0.0408163265306
-នរក	0.289576110768	0.587695230803	0.0989074873628	0.0238211710658
-row	0.101572419182	0.801738451021	0.0234397890419	0.0732493407559
-លថែ	0.543956043956	0.456043956044	0.0	0.0
-នសា	0.220895522388	0.383582089552	0.196517412935	0.199004975124
-ត្ន	0.428555987895	0.330171854734	0.114677907479	0.126594249892
-ហៀរ	0.253742153549	0.572428778368	0.0	0.173829068083
-ល្ប	0.451219512195	0.19512195122	0.0243902439024	0.329268292683
-រុង	0.283700869052	0.526987820921	0.074256049997	0.11505526003
-នាឬ	0.731343283582	0.246268656716	0.0	0.0223880597015
-សុល	0.0628272251309	0.904712041885	0.00523560209424	0.0272251308901
-yun	0.614628614629	0.308259308259	0.0487620487621	0.02835002835
-នឹម	0.454376163873	0.507779179432	0.00420496185499	0.0336396948399
-សុប	0.0788177339901	0.92118226601	0.0	0.0
-ែម​	0.0	0.832876712329	0.156164383562	0.0109589041096
-ហាំ	0.223028349254	0.542205703417	0.075383561069	0.15938238626
-ចាយ	0.374241555334	0.488760504945	0.042225101421	0.0947728382999
-សុន	0.0	1.0	0.0	0.0
-គឺ​	0.158878504673	0.459679572764	0.177169559413	0.204272363151
-ចាច	0.377166156983	0.148827726809	0.423037716615	0.0509683995923
