koi-	0.0	0.986486486486	0.0	0.0135135135135
iam-	0.288461538461	0.195512820513	0.197115384615	0.31891025641
agu-	0.686125852919	0.201288855193	0.0481425322214	0.0644427596664
voi-	0.222639938767	0.217460418712	0.0590644204908	0.50083522203
omo-	0.489067604926	0.0113093742146	0.457401357125	0.0422216637346
gin-	0.251344368571	0.44248543742	0.246360202622	0.0598099913879
eir-	0.38832900334	0.292345904588	0.0732292231706	0.246095868901
fig-	0.0170285227757	0.900666950475	0.0227046970342	0.0595998297147
mou-	0.0556231655809	0.859188202448	0.0386570262724	0.0465316056983
ure-	0.047619047619	0.952380952381	0.0	0.0
maa-	0.275609074977	0.344865383597	0.186207130029	0.193318411398
pev-	0.52337968256	0.24177697444	0.0781681953079	0.156675147692
000-	0.106580445169	0.182373229701	0.00830610524284	0.702740219888
ogo-	0.355425219941	0.456891495601	0.083284457478	0.104398826979
ver-	0.333502793048	0.433117229692	0.156455617768	0.0769243594922
pao-	0.363757495003	0.303920842895	0.291904162657	0.0404174994448
aul-	0.553497561277	0.12623736906	0.116112037208	0.204153032455
sto-	0.0976744186046	0.441860465116	0.460465116279	0.0
kul-	0.35755351141	0.328996671116	0.165117475837	0.148332341637
geu-	0.435322058467	0.43247628774	0.0548429315452	0.0773587222483
lau-	0.288208284979	0.637115898885	0.0418790049952	0.0327968111408
rok-	0.897959183673	0.0612244897959	0.0	0.0408163265306
eak-	0.434782608696	0.248447204969	0.155279503106	0.16149068323
hem-	0.0	1.0	0.0	0.0
eno-	0.60483115369	0.261243561672	0.0357934208283	0.0981318638095
eka-	0.452384122746	0.302598221343	0.0571088201894	0.187908835722
ola-	0.312667022982	0.355959380011	0.307322287547	0.0240513094602
emu-	0.266974359683	0.575356000359	0.0831876627998	0.0744819771579
lis-	0.0213003701376	0.936797262379	0.0	0.0419023674838
peo-	0.857142857143	0.0	0.0	0.142857142857
ana-	0.177294659916	0.177046829672	0.010319780171	0.635338730241
sak-	0.0381930184805	0.935523613963	0.0188911704312	0.00739219712526
gow-	0.367750882501	0.378214826021	0.189107413011	0.064926878467
iud-	0.0175246113331	0.838192536756	0.099371257089	0.0449115948222
bap-	0.509336609337	0.439852579853	0.0164127764128	0.034398034398
veu-	0.381653570127	0.223387505925	0.156813098604	0.238145825344
ius-	0.0142180094787	0.985781990521	0.0	0.0
vil-	0.36737855483	0.457784663052	0.151598981963	0.0232378001549
nun-	0.539534883721	0.167441860465	0.209302325581	0.0837209302325
euf-	0.0	0.944444444444	0.0555555555556	0.0
der-	0.00882352941176	0.991176470588	0.0	0.0
kat-	0.0841215536325	0.91225598712	0.0	0.00362245924733
neg-	0.486157755325	0.0399123547485	0.0133697424653	0.460560147461
etu-	0.693009798734	0.160561569554	0.0506513518917	0.0957772798204
mil-	0.120059596212	0.575208208447	0.25299290549	0.0517392898506
tib-	0.0	1.0	0.0	0.0
gan-	0.412544755909	0.259709982989	0.0460382293999	0.281707031702
gae-	0.0974251913708	0.387613082811	0.514961725818	0.0
ari-	0.310419246463	0.119695005106	0.0373944196628	0.532491328768
rep-	0.0834758458886	0.791207328679	0.0114598939047	0.113856931528
tai-	0.122468142022	0.785026047557	0.0429965021328	0.0495093082879
mar-	0.125919767405	0.673779469708	0.0765995338396	0.123701229047
kum-	0.379488892601	0.53632871221	0.0471020544513	0.0370803407382
nor-	0.0	0.649941656943	0.137106184364	0.212952158693
eor-	0.246913580247	0.497942386831	0.148148148148	0.106995884774
nen-	0.248836316153	0.287149550657	0.0612950303403	0.40271910285
adm-	0.0	1.0	0.0	0.0
eik-	0.527821939587	0.314785373609	0.0286168521463	0.128775834658
wai-	0.194607941536	0.288467436874	0.0227761501333	0.494148471456
mul-	0.302392384947	0.0844463026389	0.0289090723442	0.58425224007
gaw-	0.160588281311	0.727387937104	0.0754126574357	0.0366111241493
ate-	0.0503018108652	0.943661971831	0.0	0.00603621730382
euo-	0.137931034483	0.862068965517	0.0	0.0
kam-	0.217067864608	0.322078728858	0.18682211591	0.274031290625
eru-	0.622553556858	0.172358862348	0.0565379785964	0.148549602198
ies-	0.00885674293092	0.614893385163	0.00323791992394	0.373011951982
sin-	0.00963597430407	0.987152034261	0.00321199143469	0.0
aal-	0.27149321267	0.570135746606	0.117647058823	0.0407239819005
tag-	0.46083575366	0.317683599075	0.130407207634	0.0910734396301
pat-	0.411973754545	0.337777725132	0.0604143714622	0.189834148861
kov-	0.0871236396664	0.688132930664	0.128526418866	0.0962170108035
wes-	0.0	1.0	0.0	0.0
ror-	0.141484633793	0.399337490717	0.223932853152	0.235245022339
oul-	0.619758710497	0.273110898302	0.045107533137	0.0620228580634
maw-	0.151452282158	0.558091286307	0.273858921162	0.0165975103734
eap-	0.180019782394	0.484668644906	0.0464886251236	0.288822947577
vog-	0.378794966677	0.159006458338	0.27239276217	0.189805812816
kem-	0.385714285714	0.578571428571	0.0357142857143	0.0
gen-	0.0559635205182	0.0281080299193	0.00689398355243	0.90903446601
ake-	0.393741334918	0.476490394138	0.00665478312537	0.123113487819
lat-	0.0286006128702	0.957099080695	0.00817160367722	0.00612870275791
vig-	0.823255813954	0.125581395349	0.0	0.0511627906976
niu-	0.525514377165	0.362809729991	0.0775027426185	0.0341731502263
rek-	0.115769873052	0.186777417067	0.0983503395633	0.599102370317
vel-	0.0376558280978	0.899744614682	0.0211446267815	0.0414549304389
ior-	0.175836030205	0.754507628294	0.0157189089228	0.0539374325782
por-	0.41242947691	0.348436302849	0.110468760883	0.128665459358
alf-	0.0	1.0	0.0	0.0
pas-	0.0243810308712	0.938875725422	0.000686789602005	0.0360564541052
cen-	0.0249221183801	0.92523364486	0.018691588785	0.0311526479751
nai-	0.0	1.0	0.0	0.0
miu-	0.0	0.209090909091	0.790909090909	0.0
276-	0.0	0.1875	0.0	0.8125
tum-	0.156706507304	0.813413014608	0.0298804780877	0.0
gug-	0.513447432763	0.19967400163	0.259168704156	0.0277098614507
epa-	0.359861236746	0.425727154887	0.108641929257	0.10576967911
500-	0.0224719101123	0.112359550562	0.151685393258	0.713483146067
oro-	0.525751072961	0.296137339056	0.0364806866952	0.141630901288
asi-	0.0288526358366	0.964136443306	0.00323580962653	0.00377511123096
dia-	0.0828979449669	0.866945315221	0.025078369906	0.0250783699059
nan-	0.116255462167	0.778204876031	0.0599996202066	0.0455400415944
153-	0.03125	0.0625	0.03125	0.875
mah-	0.0	1.0	0.0	0.0
geg-	0.622923388199	0.222475596546	0.0440343167606	0.110566698495
usi-	0.0	1.0	0.0	0.0
nog-	0.627971879917	0.143327337369	0.0224210016928	0.206279781021
ao--	0.493406477477	0.205717902732	0.243907585188	0.0569680346028
mog-	0.0705009276437	0.636054421769	0.156617192331	0.136827458256
tol-	0.425995324582	0.409561829407	0.0966612719535	0.0677815740574
mel-	0.0837528758376	0.770444017404	0.0111288264248	0.134674280334
kri-	0.0	0.936936936937	0.063063063063	0.0
mir-	0.0326086956522	0.967391304348	0.0	0.0
isa-	0.0224459193156	0.920107420263	0.00936133127857	0.0480853291425
tee-	0.11811023622	0.385826771654	0.496062992126	0.0
eut-	0.4453125	0.53125	0.0234375	0.0
pud-	0.093023255814	0.906976744186	0.0	0.0
dio-	0.0857142857142	0.892857142857	0.0214285714286	0.0
bab-	0.0278063851699	0.870236869207	0.0247167868177	0.0772399588053
ita-	0.0336533901659	0.0298947536131	0.00358480478828	0.932867051433
war-	0.482897296955	0.198481532223	0.0359671828555	0.282653987966
aku-	0.24361346581	0.664450937324	0.0763581816459	0.0155774152206
moi-	0.159066077621	0.401881145789	0.391786613463	0.0472661631276
ura-	0.200168802059	0.552383983175	0.150067797548	0.0973794172177
kom-	0.33677088916	0.456409434723	0.143004348283	0.0638153278339
vou-	0.126414121451	0.0426441382619	0.0281324016593	0.802809338628
opo-	0.0916666666666	0.871666666667	0.0366666666666	0.0
gir-	0.0810786326851	0.419691387849	0.413319845392	0.0859101340742
ali-	0.14958556259	0.759552346189	0.0520467432789	0.0388153479425
eao-	0.534120951751	0.258344348976	0.126569729015	0.0809649702578
kev-	0.214137441276	0.486643723369	0.266715830875	0.0325030044794
non-	0.215189873418	0.113924050633	0.227848101266	0.443037974683
teu-	0.141891891892	0.817567567568	0.0	0.0405405405405
sou-	0.111825552139	0.446463516914	0.190103438636	0.251607492312
tau-	0.128946394376	0.460952706196	0.0792777466216	0.330823152806
pou-	0.242176688541	0.650015624303	0.0796839426811	0.0281237444757
ovo-	0.384661414182	0.386955220904	0.129649945148	0.0987334197667
pek-	0.461294188851	0.246930401265	0.110929339233	0.180846070651
ero-	0.375070608681	0.44283332027	0.07823036403	0.103865707019
rao-	0.706374179697	0.108434087798	0.0188219031615	0.166369829343
aki-	0.59575190769	0.19847915464	0.0516199605822	0.154148977088
ole-	0.342972181552	0.481332357247	0.10980966325	0.0658857979502
nin-	0.0	1.0	0.0	0.0
veg-	0.379352229678	0.337854620414	0.11621630891	0.166576840998
eko-	0.599611596742	0.231534276233	0.110381054524	0.0584730724999
mak-	0.127152401209	0.0766460403345	0.0363983573598	0.759803201097
vol-	0.115265250061	0.525303836259	0.0357315605297	0.32369935315
ian-	0.0	1.0	0.0	0.0
lov-	0.423245822194	0.284970146672	0.089516307959	0.202267723175
sir-	0.0119389644385	0.934431462683	0.0517142309902	0.00191534188853
emo-	0.254395280236	0.313352999017	0.383795476893	0.0484562438545
lim-	0.532712697181	0.384535815878	0.0	0.0827514869408
ova-	0.566528646522	0.317945555458	0.0374122691099	0.0781135289109
ira-	0.0697683278574	0.0561229587867	0.0290911613892	0.845017551967
gos-	0.673913043478	0.188405797101	0.0	0.13768115942
and-	0.0	0.989552238806	0.0	0.010447761194
apa-	0.505170185265	0.270788453253	0.151874192159	0.0721671693236
ALL	0.24275662437	0.305796422967	0.0566635407359	0.394783411926
san-	0.0	0.680412371134	0.0	0.319587628866
puk-	0.217666000275	0.629053672532	0.00808826895783	0.145192058236
nii-	0.103448275862	0.51724137931	0.379310344828	0.0
mae-	0.29556918857	0.412624678229	0.0918592078267	0.199946925374
iag-	0.422110552764	0.410385259632	0.167504187605	0.0
per-	0.129348757907	0.603971153191	0.0118042796924	0.25487580921
ger-	0.166947087486	0.0740213514512	0.0296316738909	0.729399887172
eva-	0.404929488727	0.107921368173	0.032434410996	0.454714732104
kui-	0.0	1.0	0.0	0.0
gaa-	0.491280550125	0.273523996738	0.0570850649374	0.1781103882
lid-	0.0124653739612	0.979224376731	0.0	0.00831024930747
gas-	0.0	1.0	0.0	0.0
lev-	0.0656488549619	0.913994910941	0.0142493638677	0.00610687022899
tie-	0.0	1.0	0.0	0.0
ego-	0.174254831313	0.701090854814	0.0597876336618	0.0648666802108
sme-	0.0	1.0	0.0	0.0
oka-	0.457408899026	0.38029208482	0.0506785781061	0.111620438048
wae-	0.535107612969	0.159605760882	0.105549277708	0.199737348441
kog-	0.375984300058	0.423796649919	0.139797073361	0.0604219766618
mes-	0.0941324129275	0.858801380609	0.00941324129275	0.037652965171
meg-	0.217309408149	0.5546743333	0.215128383067	0.0128878754833
num-	0.129469372343	0.697844969135	0.0199927673713	0.15269289115
kla-	0.0261941448382	0.959938366718	0.0138674884438	0.0
adi-	0.0	1.0	0.0	0.0
eio-	0.625	0.234375	0.0	0.140625
ami-	0.0	1.0	0.0	0.0
kur-	0.0304878048781	0.936991869919	0.0284552845528	0.00406504065041
kei-	0.116358133722	0.35146777868	0.34212372156	0.190050366038
rik-	0.106518282989	0.77106518283	0.0866454689984	0.0357710651829
elu-	0.545514079895	0.281597904388	0.145819690024	0.0270683256931
vuv-	0.512741013468	0.319058230792	0.0542583083035	0.113942447437
aom-	0.105344370223	0.330631143464	0.0301728924613	0.533851593851
tal-	0.120355275306	0.196551244053	0.00763137304413	0.675462107597
gid-	0.0701754385965	0.929824561404	0.0	0.0
rov-	0.0497099614192	0.863383478031	0.0364034547233	0.0505031058265
paa-	0.444482346921	0.298823128091	0.0784581272386	0.178236397749
kos-	0.0	1.0	0.0	0.0
lem-	0.409281256964	0.544898084396	0.0154162963649	0.0304043622751
rod-	0.0	1.0	0.0	0.0
450-	0.0441176470588	0.191176470588	0.0441176470588	0.720588235294
nem-	0.619635890767	0.176365409623	0.0950910273082	0.108907672302
iop-	0.202002395923	0.718299018665	0.058470457522	0.0212281278902
pon-	0.200693767728	0.0801022459647	0.0185822226131	0.700621763694
rap-	0.27914156193	0.618918084782	0.0458752194905	0.056065133797
ilu-	0.0377266687875	0.746130957951	0.159159383947	0.0569829893145
sik-	0.0304347826087	0.865217391304	0.0782608695652	0.0260869565218
ben-	0.0	0.990338164251	0.00966183574879	0.0
ion-	0.0236136151732	0.952899724574	0.00126954920286	0.0222171110501
kia-	0.218247928137	0.191877336105	0.21357433091	0.376300404848
mat-	0.179481049803	0.311764480229	0.167359726808	0.34139474316
goa-	0.449516502878	0.252731016169	0.0725055280388	0.225246952915
iku-	0.510086455331	0.374639769452	0.0345821325648	0.0806916426513
pog-	0.288464609215	0.40240002933	0.0234316558885	0.285703705567
vui-	0.0853586088915	0.78363312325	0.00875472911706	0.122253538742
lam-	0.106702531973	0.801400599716	0.0407631114776	0.0511337568334
til-	0.252948987603	0.300375105408	0.272508747613	0.174167159376
gat-	0.196456125428	0.57537273	0.0919438436496	0.136227300922
uve-	0.116893481349	0.832961215963	0.00794552465387	0.0421997780346
gek-	0.445832682038	0.168204102867	0.0651405577636	0.320822657331
chr-	0.0833333333333	0.916666666667	0.0	0.0
sat-	0.220954215915	0.670439808811	0.0531080563687	0.0554979189053
pur-	0.354798093354	0.612824894325	0.0	0.0323770123213
gur-	0.186899856432	0.755411780061	0.0229709320754	0.0347174314321
peg-	0.461732742359	0.103434275322	0.0271003219904	0.407732660328
rak-	0.138845346484	0.265152405202	0.130684289992	0.465317958322
evo-	0.679274361908	0.119022543631	0.0425590914664	0.159144002995
nad-	0.0	0.875432525952	0.124567474048	0.0
iow-	0.24948024948	0.75051975052	0.0	0.0
goo-	0.659814489847	0.305088994735	0.0263223865631	0.00877412885435
kuv-	0.382104760388	0.272806877886	0.321206814202	0.0238815475243
eku-	0.56943733493	0.221837648521	0.0689624525908	0.139762563958
ele-	0.564565622631	0.303903148493	0.0631501321261	0.068381096749
fle-	0.0	1.0	0.0	0.0
mom-	0.153022188217	0.734123947972	0.103672532517	0.00918133129304
ban-	0.0312438976762	0.943565709822	0.00644405389572	0.0187463386057
aok-	0.143797070264	0.218074981379	0.0180004965654	0.620127451792
adr-	0.237885462555	0.533039647577	0.0969162995594	0.132158590308
ter-	0.0705266399754	0.88712657838	0.00492762550047	0.0374191561442
okw-	0.407159414409	0.361284808687	0.0395968986528	0.191958878252
gun-	0.472122302158	0.452338129496	0.0431654676259	0.0323741007194
did-	0.0740740740741	0.925925925926	0.0	0.0
nam-	0.134180113424	0.198165182849	0.383278718039	0.284375985688
ebe-	0.0	1.0	0.0	0.0
ale-	0.200279154677	0.623617017793	0.113355422846	0.0627484046843
ker-	0.0296917098444	0.925517761787	0.00671323484405	0.0380772935241
sid-	0.0	1.0	0.0	0.0
oli-	0.0425749318801	0.885217983651	0.066076294278	0.00613079019074
tok-	0.0715746421268	0.889756460309	0.0122699386503	0.0263989589143
ula-	0.113026463561	0.194759883258	0.0136853631957	0.678528289985
net-	0.789182282341	0.0271851617922	0.00399833621773	0.179634219649
rir-	0.357173780694	0.275982233568	0.0826239406789	0.284220045058
kon-	0.113837912187	0.682737901328	0.0253375321244	0.17808665436
eli-	0.129213132962	0.812626082325	0.0410546715626	0.0171061131511
rog-	0.258242506138	0.1978819875	0.0514648087315	0.492410697631
oao-	0.791183294664	0.194895591647	0.0	0.0139211136891
eto-	0.255801766732	0.358042429198	0.055368721711	0.330787082359
ove-	0.607857868699	0.260999091868	0.0590332886706	0.0721097507622
vit-	0.353360315982	0.319551724826	0.225188884062	0.10189907513
peu-	0.138186416185	0.504154624277	0.157153179191	0.200505780347
var-	0.424639093127	0.411845590398	0.0458438348488	0.117671481627
ene-	0.350454471316	0.127059207307	0.0223899408372	0.50009638054
pan-	0.0396765176034	0.0447202268092	0.00626108935282	0.909342166235
aum-	0.268567141785	0.195798949737	0.0405101275319	0.495123780945
nim-	0.037037037037	0.962962962963	0.0	0.0
tor-	0.0	1.0	0.0	0.0
sen-	0.107325383305	0.657580919932	0.0	0.235093696763
nah-	0.0	1.0	0.0	0.0
tug-	0.453887946961	0.341244032617	0.0655727134914	0.13929530693
oru-	0.570469798658	0.281879194631	0.0369127516778	0.110738255034
ina-	0.276530998862	0.44135651414	0.0621345251977	0.219977961801
mai-	0.166677677884	0.666935911472	0.044311170501	0.122075240143
pen-	0.269491815894	0.0210851491543	0.00136134048701	0.708061694465
gev-	0.528876633725	0.275285595185	0.0730495126587	0.122788258432
rab-	0.109433962264	0.669811320755	0.0	0.220754716981
ape-	0.012735949182	0.944692961423	0.0286951941446	0.0138758952507
epo-	0.53343875059	0.272125913275	0.0584014979548	0.13603383818
fot-	0.0	1.0	0.0	0.0
ba--	0.0613810741688	0.907928388747	0.0153452685422	0.0153452685422
ipo-	0.119133574007	0.826714801444	0.0108303249097	0.043321299639
fre-	0.0	1.0	0.0	0.0
got-	0.250498804792	0.0996594929464	0.0345886145659	0.615253087695
ogu-	0.468455907982	0.304635761589	0.212269083304	0.0146392471244
vet-	0.166330886314	0.306843532132	0.0381456622449	0.488679919308
pae-	0.115679601788	0.80635412434	0.0294595692808	0.0485067045916
vur-	0.0	0.725190839695	0.0	0.274809160305
gao-	0.176028464356	0.384479346499	0.283148764158	0.156343424986
ber-	0.0205479452055	0.809589041096	0.124657534247	0.045205479452
tia-	0.074809110619	0.649342969969	0.055480048717	0.220367870695
kau-	0.281685528319	0.578455093772	0.114072805107	0.0257865728019
bas-	0.0246744104115	0.959688308916	0.00639706936594	0.00924021130637
sit-	0.0614215495541	0.820576458692	0.0562778729904	0.0617241187638
mid-	0.0428571428572	0.885714285714	0.0714285714286	0.0
teo-	0.330188679245	0.481132075472	0.0943396226415	0.0943396226415
lek-	0.486775209814	0.357210865098	0.0174982630401	0.138515662048
rae-	0.149130074565	0.850869925435	0.0	0.0
pun-	0.395774647887	0.604225352113	0.0	0.0
kuk-	0.1424614852	0.175004327506	0.0873290635278	0.595205123767
voo-	0.35683296326	0.108281759342	0.0311609265996	0.503724350798
tur-	0.283159463487	0.69001490313	0.0178837555887	0.00894187779432
spe-	0.0	1.0	0.0	0.0
lou-	0.661431064572	0.275741710297	0.0471204188482	0.0157068062827
eek-	0.031007751938	0.891472868217	0.031007751938	0.046511627907
666-	0.0	0.0	0.0	1.0
sod-	0.0140688045069	0.985931195493	0.0	0.0
kun-	0.212243368858	0.174495518101	0.340230163159	0.273030949882
kra-	0.0391185291433	0.908288781675	0.0382492284957	0.0143434606859
har-	0.225806451613	0.774193548387	0.0	0.0
kan-	0.238412920583	0.606322004505	0.0696601724981	0.0856049024132
nei-	0.36570882817	0.317664645794	0.12602773856	0.190598787476
agi-	0.547459619816	0.314887680461	0.0346152168441	0.103037482879
lig-	0.492743344343	0.287419643483	0.165558135028	0.0542788771461
nav-	0.421584699454	0.382650273224	0.0357923497268	0.159972677596
gap-	0.5408765625	0.177909020025	0.0523678667506	0.228846550724
eul-	0.666010612322	0.203292856586	0.0588971556843	0.0717993754078
osi-	0.0682412553122	0.883949002942	0.0232919254658	0.0245178162799
vul-	0.0	0.986046511628	0.0139534883721	0.0
sio-	0.14708994709	0.842328042328	0.00952380952382	0.0010582010582
iep-	0.0	1.0	0.0	0.0
log-	0.155758498224	0.567224759006	0.188736681887	0.0882800608828
ias-	0.0387931034483	0.935344827586	0.0258620689655	0.0
met-	0.202074265775	0.344153881124	0.119942235399	0.333829617702
tao-	0.509876320013	0.324483609089	0.0475867122335	0.118053358665
100-	0.0766389643313	0.0789638750902	0.168332010942	0.676065149637
vof-	0.501547987616	0.486068111455	0.0123839009288	0.0
eol-	0.117647058824	0.441176470588	0.441176470588	0.0
waa-	0.384615384615	0.384615384615	0.0	0.230769230769
ken-	0.01171875	0.98828125	0.0	0.0
iub-	0.137254901961	0.862745098039	0.0	0.0
geo-	0.387403681019	0.325318783531	0.167211271031	0.120066264419
oko-	1.0	0.0	0.0	0.0
eta-	0.433923921126	0.302019993102	0.0444825953745	0.219573490398
iek-	0.0	1.0	0.0	0.0
lai-	0.38533583088	0.52100615467	0.02943537597	0.06422263848
ioa-	0.109376615321	0.799855267239	0.012164443985	0.0786036734553
aka-	0.53108985874	0.246257894064	0.0930684046278	0.129583842568
ios-	0.0345507700486	0.960273608527	0.00139881660116	0.00377680482312
gok-	0.558027018985	0.227077905528	0.0888518959529	0.126043179534
veo-	0.328866962404	0.536861004994	0.0834415710011	0.0508304616007
mem-	0.0728476821192	0.927152317881	0.0	0.0
par-	0.0907098466913	0.679050579727	0.103371661371	0.126867912211
seb-	0.0	0.990130735709	0.0	0.00986926429121
ala-	0.345432170414	0.363281509476	0.0603863889831	0.230899931127
eag-	0.758248122022	0.0888173402727	0.0123306716962	0.14060386601
vug-	0.0193889541716	0.864277320799	0.10223266745	0.0141010575793
tiv-	0.239130434783	0.726708074534	0.0341614906832	0.0
sol-	0.022271714922	0.896065330364	0.00445434298442	0.0772086117297
pom-	0.366188587122	0.23802258163	0.056454073848	0.3393347574
gea-	0.679062138262	0.155729754662	0.0281260870131	0.137082020063
rag-	0.227328803128	0.121859245845	0.0406195232619	0.610192427765
anu-	0.101694915254	0.195685670262	0.55469953775	0.147919876733
eia-	0.161768386232	0.156697188164	0.0478713394128	0.633663086191
val-	0.202643169552	0.263064918026	0.279775813792	0.254516098629
kin-	0.0796880213098	0.721943873583	0.0420212115263	0.156346893581
reu-	0.0	1.0	0.0	0.0
egu-	0.534464356093	0.319611216874	0.0363734928741	0.109550934159
aim-	0.332464523603	0.0805097017087	0.0428612800464	0.544164494642
ona-	0.404255319149	0.468085106383	0.0182370820669	0.109422492401
dan-	0.119760479042	0.811804961506	0.0684345594525	0.0
lug-	0.575524826353	0.295591529292	0.0748288264099	0.0540548179448
aru-	0.660096153846	0.247115384615	0.0538461538462	0.0389423076923
kag-	0.207317073171	0.274390243902	0.0365853658537	0.481707317073
tev-	0.195903136782	0.352431297858	0.399968904264	0.0516966610954
mis-	0.0275862068965	0.972413793103	0.0	0.0
elm-	0.0	1.0	0.0	0.0
eiw-	0.0700729927007	0.426277372263	0.248175182482	0.255474452555
riv-	0.309716964125	0.657833062917	0.00648999459166	0.0259599783667
vom-	0.226146490947	0.537524607492	0.0833503040177	0.152978597543
bla-	0.385241974126	0.32582654528	0.125059894586	0.163871586009
ioe-	0.0	0.878787878788	0.0	0.121212121212
rin-	0.10596731212	0.485865614199	0.279932646159	0.128234427522
kob-	0.0677966101695	0.579661016949	0.271186440678	0.0813559322034
agr-	0.00358422939068	0.996415770609	0.0	0.0
vav-	0.0928667094048	0.462910238461	0.108181570254	0.33604148188
eni-	0.444048821176	0.352203336231	0.138040543763	0.065707298831
rev-	0.129707542329	0.695844022576	0.112878399179	0.0615700359158
sos-	0.016	0.984	0.0	0.0
kle-	0.04	0.92	0.04	0.0
don-	0.166666666667	0.692592592593	0.107407407407	0.0333333333333
nep-	0.517284618538	0.173206670879	0.0259584056077	0.283550304975
iun-	0.0512820512821	0.948717948718	0.0	0.0
tat-	0.360861552638	0.299792674499	0.177125086386	0.162220686478
moa-	0.326381647549	0.517205422315	0.0312825860271	0.125130344108
eba-	0.778742563113	0.163691911883	0.0376266280753	0.0199388969288
tov-	0.179558699009	0.18441144451	0.421448850497	0.214581005984
leg-	0.0735416509041	0.750321555572	0.0611333888175	0.115003404706
rig-	0.125353458671	0.726921563361	0.0902155832531	0.0575093947152
air-	0.353846153846	0.523076923077	0.0	0.123076923077
kip-	0.371216140921	0.59935707489	0.0243090825911	0.00511770159812
pot-	0.254580196752	0.640692095289	0.0593824477412	0.0453452602181
pam-	0.266514261151	0.498673778924	0.0503296420587	0.184482317866
mam-	0.145141489644	0.660635957288	0.14473742906	0.0494851240084
esa-	0.0410075257257	0.819689755798	0.039932422055	0.0993702964214
sad-	0.0	0.989150703509	0.0108492964909	0.0
eal-	0.561240310078	0.241417497231	0.123588039867	0.0737541528239
sis-	0.116666666667	0.75	0.0666666666667	0.0666666666667
wat-	0.67287727842	0.127398760801	0.0382816260649	0.161442334714
eeg-	0.516668716939	0.341247385902	0.0387501537704	0.103333743388
vep-	0.449371703496	0.274817416517	0.0594556052975	0.216355274689
pai-	0.0587759813362	0.0222682050472	0.0136754585756	0.905280355041
mos-	0.0344223307047	0.95681562148	0.0018775816748	0.00688446614095
kok-	0.189176670979	0.616785134655	0.131155446192	0.0628827481745
vok-	0.236261606808	0.29016329908	0.0528806911565	0.420694402956
kea-	0.527827887382	0.332740414484	0.0638880963673	0.075543601767
ili-	0.0	1.0	0.0	0.0
epu-	0.47963126915	0.468398803303	0.035005650679	0.0169642768676
fri-	0.0	0.965277777778	0.0347222222222	0.0
reg-	0.0576923076923	0.942307692308	0.0	0.0
avo-	0.788821007258	0.129247067395	0.01589944995	0.0660324753965
map-	0.0962642381624	0.145117720884	0.0540911746299	0.704526866324
bet-	0.0130569948187	0.96932642487	0.00373056994818	0.0138860103627
ges-	0.710431221392	0.262105516743	0.00433630450494	0.0231269573597
ovi-	0.290428903889	0.268767835894	0.39215273317	0.0486505270474
sal-	0.0363636363636	0.95	0.00209790209791	0.0115384615385
aun-	0.556088207095	0.242569511026	0.201342281879	0.0
toe-	0.14332247557	0.687296416938	0.0521172638436	0.117263843648
otu-	0.537840221634	0.243637229155	0.0929679266382	0.125554622573
sek-	0.0	1.0	0.0	0.0
400-	0.306074766355	0.259345794393	0.0210280373832	0.413551401869
pip-	0.174376417233	0.451020408163	0.0226757369614	0.351927437642
her-	0.0231841679286	0.905801263642	0.0453240039685	0.0256905644614
efi-	0.2	0.672727272727	0.127272727273	0.0
eme-	0.213114754098	0.409673754261	0.235513715306	0.141697776335
rug-	0.520225745171	0.300168714929	0.0625306625454	0.117074877354
min-	0.93023255814	0.0232558139535	0.0	0.046511627907
ren-	0.639534883721	0.236726634489	0.0267661254936	0.0969723562967
ant-	0.0459687327882	0.927339744948	0.00355886963521	0.0231326526289
nee-	0.402826676999	0.306806837478	0.106046348884	0.184320136639
age-	0.0483383685801	0.583081570997	0.12084592145	0.247734138973
eil-	0.111111111111	0.0740740740741	0.753086419753	0.0617283950617
tab-	0.0494505494506	0.85989010989	0.0	0.0906593406593
lok-	0.54211035818	0.370764762827	0.0580832526622	0.0290416263311
gal-	0.187846269213	0.568643635619	0.101255218107	0.142254877061
kre-	0.0115774240232	0.971056439942	0.0	0.0173661360347
kar-	0.181985609656	0.676583918385	0.0646579622079	0.0767725097508
vot-	0.16980094289	0.491120745786	0.0353412758342	0.303737035489
kus-	0.0	1.0	0.0	0.0
aoa-	0.607909129154	0.177534707615	0.0631047538914	0.15145140934
vob-	0.68125	0.196875	0.0468750000001	0.0750000000001
mia-	0.373276592467	0.253671467817	0.0985904644535	0.274461475263
gak-	0.470166719094	0.191947153193	0.0711229946524	0.266763133061
ati-	0.181795297476	0.0386716527014	0.0145237062349	0.765009343588
ete-	0.349514563107	0.0582524271845	0.300970873786	0.291262135922
aon-	0.17729002071	0.0466322930909	0.0181561872468	0.757921498952
not-	0.417335630654	0.0515722285312	0.0159572385167	0.515134902299
eop-	0.600723115259	0.262715590951	0.0857477891239	0.050813504666
oma-	0.322951238193	0.384222619352	0.0842481490937	0.208577993362
lew-	0.508616641232	0.15830756223	0.0163448326248	0.316730963913
wao-	0.116279069768	0.565891472868	0.0	0.317829457364
mun-	0.362754092721	0.433290805356	0.115148083374	0.0888070185499
mon-	0.214669929602	0.643965455697	0.0450185023083	0.0963461123923
pav-	0.492371601095	0.287079066055	0.0940494532759	0.126499879574
kop-	0.445379783775	0.430589364262	0.0481821173504	0.0758487346123
kak-	0.242342595004	0.691099581322	0.0223862657505	0.0441715579238
von-	0.18284322601	0.0969910597412	0.0442061375029	0.675959576746
abb-	0.0468384074941	0.892271662763	0.0	0.0608899297424
eie-	0.299489506523	0.324730572887	0.090754395916	0.285025524674
one-	0.0334545454545	0.961454545455	0.0	0.00509090909091
kik-	0.116167728566	0.499358367755	0.234399350786	0.150074552893
bea-	0.0	0.806451612903	0.193548387097	0.0
gog-	0.585504845904	0.220201191019	0.0781978199136	0.116096143163
vek-	0.269714262868	0.451213836063	0.117683186803	0.161388714265
poi-	0.579124579125	0.367003367003	0.013468013468	0.0404040404041
alo-	0.374771671625	0.286780439434	0.263556181828	0.0748917071134
sil-	0.0393815860318	0.903635617773	0.0301899853857	0.0267928108094
430-	0.483568075117	0.056338028169	0.0	0.460093896714
dik-	0.339130434783	0.478260869565	0.0260869565217	0.15652173913
aog-	0.278529980658	0.386847195358	0.334622823985	0.0
ear-	0.237804878049	0.612804878049	0.0579268292683	0.0914634146341
abe-	0.0909090909091	0.9	0.0	0.0090909090909
ram-	0.203164173943	0.731131667675	0.0397683063888	0.0259358519928
kis-	0.0	1.0	0.0	0.0
gau-	0.195936532756	0.210491078915	0.0139342414473	0.579638146881
him-	0.0	0.914285714286	0.0	0.0857142857142
gra-	0.0722627737226	0.914598540146	0.00656934306569	0.0065693430657
egi-	0.721058292761	0.121942013394	0.0292336798303	0.127766014015
gel-	0.363535995128	0.149472776961	0.100230989286	0.386760238625
sau-	0.0168748630287	0.91124260355	0.00197238658777	0.0699101468332
pri-	0.00326797385621	0.996732026144	0.0	0.0
tro-	0.0238059812528	0.96057134355	0.0044636214849	0.0111590537122
ser-	0.0	0.976271186441	0.0237288135593	0.0
aag-	0.613976018218	0.125422299297	0.0239288644234	0.236672818061
veb-	0.666666666667	0.0833333333333	0.138888888889	0.111111111111
kit-	0.145849495733	0.764934057409	0.0705973622963	0.0186190845617
pop-	0.474932452717	0.283698589012	0.219753827679	0.0216151305914
gol-	0.17359513499	0.608827948911	0.0921864575673	0.125390458531
ela-	0.487962081042	0.183812406276	0.0952968008548	0.232928711827
uri-	0.0	1.0	0.0	0.0
giv-	0.100787401575	0.870866141732	0.0188976377953	0.00944881889764
koe-	0.887289576812	0.10383752742	0.0	0.00887289576814
nag-	0.1997492687	0.235269536147	0.0367739239449	0.528207271208
aen-	0.0266666666666	0.973333333333	0.0	0.0
itu-	0.0927835051546	0.907216494845	0.0	0.0
had-	0.00677929624447	0.758205100613	0.203378887335	0.0316367158076
rui-	0.325100806452	0.448084677419	0.0453629032258	0.181451612903
ras-	0.206134969325	0.749693251534	0.0441717791411	0.0
tin-	0.060322676888	0.726957673507	0.0351186943152	0.17760095529
gul-	0.283766903818	0.613935689429	0.064188812369	0.0381085943837
tir-	0.0	0.975510204082	0.0244897959184	0.0
oti-	0.879120879121	0.120879120879	0.0	0.0
men-	0.0	1.0	0.0	0.0
ava-	0.607181337484	0.106475296714	0.0447698917283	0.241573474074
iko-	0.0136518771331	0.986348122867	0.0	0.0
ain-	0.339928296375	0.444496082858	0.009294914354	0.206280706413
mug-	0.280701754386	0.280701754386	0.0701754385965	0.368421052632
pem-	0.602985232906	0.128714971235	0.0835122882367	0.184787507622
tap-	0.0480153649168	0.923175416133	0.00808127453244	0.0207279444176
moe-	0.56762295082	0.223360655738	0.0368852459017	0.172131147541
lup-	0.475656630365	0.442131112535	0.070467648943	0.0117446081571
are-	0.0835475578406	0.875321336761	0.025706940874	0.0154241645244
ame-	0.00417730331864	0.114179624043	0.00139243443955	0.880250638199
iak-	0.0100697134005	0.978311386522	0.00542215336948	0.00619674670798
iso-	0.0	0.903448275862	0.096551724138	0.0
teg-	0.0758193763587	0.72915773366	0.174275774025	0.0207471159554
kiv-	0.0824468085107	0.476728723404	0.31914893617	0.121675531915
mag-	0.28590654494	0.452795312078	0.0475769735327	0.213721169449
vow-	0.253110461971	0.515903927296	0.0957481337228	0.13523747701
ika-	0.0956578677169	0.36167897616	0.364213155611	0.178450000512
wap-	0.226183866181	0.560061701841	0.0295812574972	0.18417317448
eai-	0.43029923887	0.0861224064227	0.0606818892712	0.422896465436
ket-	0.464650698336	0.342347778028	0.0825001644365	0.1105013592
afa-	0.0	1.0	0.0	0.0
dru-	0.0211267605634	0.978873239437	0.0	0.0
iot-	0.367764868563	0.418752848739	0.0699495139054	0.143532768793
hal-	0.0735294117647	0.926470588235	0.0	0.0
nug-	0.215230729232	0.338219029357	0.108594885853	0.337955355559
opa-	0.327100046773	0.378686696819	0.207839490678	0.0863737657288
vop-	0.421346025941	0.41206920527	0.0606302561616	0.105954512627
tou-	0.1125	0.8375	0.05	0.0
roi-	0.126666666667	0.0533333333333	0.5	0.32
ano-	0.730799373041	0.144396551724	0.0470219435737	0.0777821316614
pit-	0.14401688249	0.0195974403585	0.0169091647376	0.819476512414
aur-	0.0124328226518	0.96390470843	0.0140370578327	0.00962541108525
gew-	0.601296029886	0.188603266956	0.0388755841059	0.171225119052
las-	0.074074074074	0.888888888889	0.0	0.0370370370371
nas-	0.00608750534439	0.988415416251	0.00427550542582	0.00122157297881
foe-	0.173215717722	0.733761026464	0.0400962309543	0.0529270248597
eti-	0.551031152006	0.287372107395	0.0608848909337	0.100711849665
laa-	0.0369588173179	0.894403379092	0.00422386483632	0.064413938754
vin-	0.0751987151365	0.84416651803	0.00604005744068	0.0745947093923
200-	0.148750726322	0.638001162115	0.149622312609	0.0636257989541
vew-	0.260339840233	0.50843853566	0.111108982587	0.12011264152
lio-	0.0620592383639	0.812881993418	0.0968500235073	0.0282087447109
evu-	0.434830363681	0.314773004638	0.146143519648	0.104253112033
sea-	0.0	1.0	0.0	0.0
gou-	0.538575815131	0.27299786966	0.0665697760322	0.121856539178
bar-	0.00908304498269	0.977941176471	0.00778546712801	0.00519031141869
pis-	0.0189274447949	0.96214511041	0.0	0.0189274447949
rup-	0.0252830613377	0.915411862382	0.0348526182522	0.0244524580285
ten-	0.122823808974	0.778387432136	0.0392333206818	0.0595554382085
oal-	0.857142857143	0.0357142857143	0.107142857143	0.0
pet-	0.0638765924933	0.847608526521	0.00900151332062	0.0795133676655
gep-	0.441960098638	0.37883654215	0.117761443232	0.0614419159806
sai-	0.0149501661129	0.933554817276	0.00166112956811	0.0498338870432
apo-	0.154361445691	0.72483766697	0.0259694796782	0.09483140766
tra-	0.0	0.96875	0.0	0.03125
rit-	0.225140712946	0.296435272045	0.239212007505	0.239212007505
nop-	0.601425242022	0.184808826885	0.0395017764595	0.174264154634
gia-	0.133333333333	0.633333333333	0.0	0.233333333333
kef-	0.0821628389218	0.901404593294	0.0	0.0164325677843
gag-	0.150128511078	0.372034607386	0.0592632008388	0.418573680697
atu-	0.601102379337	0.213523832219	0.0802126017292	0.105161186716
awa-	0.539493043003	0.267140274917	0.0403547858254	0.153011896255
ere-	0.429503135121	0.0835883007702	0.0101241183347	0.476784445774
ima-	0.0100988242083	0.0781216186972	0.0063117651302	0.905467791964
kao-	0.104424841131	0.771142408545	0.023708001989	0.100724748335
gil-	0.489344909234	0.368587213891	0.142067876875	0.0
300-	0.178571428571	0.39139941691	0.287900874636	0.142128279883
mik-	0.027027027027	0.432432432432	0.0	0.540540540541
fes-	0.00545702592087	0.974079126876	0.0081855388813	0.012278308322
lep-	0.0885560800911	0.63096207065	0.239459547452	0.0410223018069
reb-	0.100558659218	0.754189944134	0.0446927374301	0.100558659218
ewa-	0.36134486369	0.122409043551	0.0352194435917	0.481026649167
kot-	0.205444774517	0.667433221298	0.0429433257898	0.0841786783948
ilo-	0.0254198819791	0.962324103495	0.000907852927825	0.0113481615978
dav-	0.00229305205228	0.994267369869	0.00137583123137	0.00206374684705
van-	0.0926435411641	0.481472445783	0.120236295613	0.30564771744
vua-	0.315178630342	0.54007185245	0.0734173063019	0.0713322109061
tan-	0.117268800169	0.722488256518	0.0364259028127	0.123817040501
vag-	0.386916435278	0.225133178237	0.0669478611363	0.321002525349
aug-	0.155844155844	0.844155844156	0.0	0.0
ema-	0.514981342652	0.170381994626	0.050609101997	0.264027560725
kav-	0.12676302578	0.425384842729	0.086774841259	0.361077290233
kup-	0.033976701736	0.816899807902	0.0700875122253	0.0790359781364
aga-	0.395960199561	0.399375780543	0.04656926493	0.158094754966
ama-	0.434516612173	0.142859925604	0.0763585678296	0.346264894394
iob-	0.0	1.0	0.0	0.0
pia-	0.281439783773	0.0255949197055	0.00405712176474	0.688908174757
rop-	0.115464738058	0.449794320568	0.378117170273	0.0566237711009
mau-	0.334770328527	0.489073881374	0.0490560428125	0.127099747287
eav-	0.826086956522	0.102766798419	0.0158102766798	0.0553359683794
ieh-	0.0	1.0	0.0	0.0
bel-	0.131534569983	0.85328836425	0.0	0.0151770657673
boa-	0.0378378378378	0.951351351351	0.0108108108108	0.0
wal-	0.159474532307	0.666917237902	0.0330067310204	0.140601498771
ton-	0.0477081384472	0.926099158092	0.0177736202058	0.00841908325539
leo-	0.11214953271	0.88785046729	0.0	0.0
rav-	0.182854456473	0.231025621387	0.0183345702521	0.567785351888
gui-	0.427901770066	0.460529545288	0.0346545643246	0.0769141203214
eve-	0.534404767587	0.19649327528	0.0573115266469	0.211790430487
ori-	0.624863827889	0.180521105074	0.0867902719072	0.10782479513
tiu-	0.42187572081	0.438575448632	0.113253679015	0.0262951515431
ven-	0.543660982673	0.227636226103	0.0404394519948	0.18826333923
tip-	0.222381287673	0.531231208641	0.0183807811972	0.228006722488
pol-	0.130832162149	0.524988886843	0.14819787256	0.195981078448
esi-	0.0837988826816	0.882681564246	0.0335195530726	0.0
geb-	0.49945945946	0.210810810811	0.0454054054054	0.244324324324
vuo-	0.40157480315	0.574803149606	0.0236220472441	0.0
poe-	0.57151200945	0.244493371833	0.0782917705735	0.105702848143
gei-	0.475023164001	0.333380332756	0.0902791765701	0.101317326673
kua-	0.190525150269	0.602459664663	0.0978725086998	0.109142676368
sar-	0.0737223958943	0.915745833264	0.010531770842	0.0
lao-	0.0	1.0	0.0	0.0
git-	0.515341867181	0.315890381038	0.0489206086977	0.119847143083
kio-	0.0	0.911764705882	0.0882352941177	0.0
ske-	0.0	0.865384615385	0.0	0.134615384615
gop-	0.558768979284	0.315802709754	0.0782748106001	0.0471535003615
dam-	0.0084439083233	0.985524728589	0.0	0.00603136308806
put-	0.139759839893	0.757727373805	0.0444740938403	0.0580386924617
gup-	0.502015895115	0.242915361411	0.0388313609467	0.216237382527
nap-	0.510858707633	0.25505046156	0.072484672086	0.161606158721
oag-	0.82465881619	0.135381735943	0.0175777899088	0.0223816579584
bal-	0.0902255639097	0.812030075188	0.0977443609022	0.0
pok-	0.211924792774	0.665137140969	0.0638545424504	0.0590835238069
efa-	0.0129032258064	0.948387096774	0.0	0.0387096774194
pei-	0.232752249707	0.233186975612	0.0502108420641	0.483849932618
rai-	0.091815063287	0.101873210533	0.0126649307209	0.793646795459
evi-	0.524356851373	0.178766802992	0.232576210451	0.0643001351841
mok-	0.17149341025	0.82850658975	0.0	0.0
top-	0.0	0.616666666667	0.383333333333	0.0
vos-	0.240549828179	0.60910652921	0.0360824742268	0.114261168385
tun-	0.285	0.35	0.255	0.11
eur-	0.0526315789474	0.868421052632	0.0789473684211	0.0
sop-	0.0260869565217	0.973913043478	0.0	0.0
iru-	0.677681473456	0.300650054171	0.00216684723727	0.0195016251354
tas-	0.0179910044977	0.982008995502	0.0	0.0
amp-	0.0	1.0	0.0	0.0
set-	0.0232382391838	0.846400906858	0.00453429057246	0.125826563386
hag-	0.106382978723	0.763829787234	0.117021276596	0.0127659574468
ais-	0.0296662546353	0.925834363412	0.044499381953	0.0
vea-	0.151084353213	0.319319860053	0.15395605079	0.375639735943
saf-	0.0	1.0	0.0	0.0
abi-	0.0	0.960199004975	0.0398009950249	0.0
rom-	0.0958451279518	0.575203754013	0.247829473564	0.0811216444706
kep-	0.246646574412	0.305310297988	0.326003905255	0.122039222345
gim-	0.154523615863	0.667177696069	0.017410747756	0.160887940311
lot-	0.0552574776441	0.910206598828	0.0345359235276	0.0
eki-	0.599955858551	0.136477983535	0.0239649834344	0.239601174479
lus-	0.0	1.0	0.0	0.0
era-	0.6013046131	0.196515073248	0.0533346103864	0.148845703266
sus-	0.0380952380952	0.961904761905	0.0	0.0
amf-	0.0416666666667	0.958333333333	0.0	0.0
rip-	0.649332933757	0.103872596818	0.0902060015923	0.156588467833
ial-	0.680722891566	0.102409638554	0.0542168674699	0.16265060241
vir-	0.139802852981	0.384777348373	0.127864800552	0.347554998094
pew-	0.475679542203	0.3669527897	0.0938841201717	0.0634835479256
ena-	0.378404592601	0.185116482078	0.0357054091573	0.400773516164
ref-	0.0	1.0	0.0	0.0
hel-	0.102189781022	0.722627737226	0.07299270073	0.102189781022
efr-	0.0	1.0	0.0	0.0
aba-	0.601359003398	0.28369195923	0.0390713476784	0.0758776896942
bit-	0.0	1.0	0.0	0.0
iol-	0.421602930886	0.462808216359	0.0419874037789	0.073601448977
aov-	0.42449595529	0.356058051528	0.132508922401	0.0869370707816
kwa-	0.159618611225	0.151174823993	0.0817930864892	0.607413478292
lav-	0.133233612717	0.68906353814	0.0157930453752	0.161909803768
pep-	0.323973907708	0.535279491071	0.0578357606484	0.0829108405723
get-	0.561616079302	0.230986547309	0.0411611303651	0.166236243024
sam-	0.0204161758932	0.968590498626	0.00157047506871	0.00942285041225
ata-	0.29833694841	0.14189082087	0.044334898036	0.515437332684
ogi-	0.528995553856	0.209255629392	0.0497203231821	0.21202849357
nik-	0.00187887518006	0.99436337446	0.00375775036011	0.0
lit-	0.021897810219	0.70802919708	0.270072992701	0.0
144-	0.0	0.179180887372	0.00511945392491	0.815699658703
rut-	0.0	1.0	0.0	0.0
aop-	0.788491446345	0.118195956454	0.0466562986003	0.0466562986003
gov-	0.4895519622	0.322554201189	0.102485536957	0.0854082996538
ega-	0.441495872866	0.251672675655	0.0541510552612	0.252680396217
ruf-	0.0	1.0	0.0	0.0
lib-	0.0645161290323	0.870967741935	0.0645161290323	0.0
apu-	0.691474966171	0.0527740189445	0.0757780784844	0.179972936401
klo-	0.0	0.958333333333	0.0	0.0416666666666
