kud-	0.380517877899	0.396802476911	0.108317076043	0.114362569147
ris-	0.300673337712	0.187696814025	0.38955989953	0.122069948733
fig-	0.0	1.0	0.0	0.0
’ma-	0.113333333333	0.793333333333	0.0	0.0933333333333
kih-	0.297297297297	0.540540540541	0.0	0.162162162162
nyu-	0.100429125479	0.0437531029262	0.173468936329	0.682348835266
umf-	0.277056277056	0.0692640692641	0.0909090909091	0.562770562771
1.1-	0.06416131989	0.93583868011	0.0	0.0
myu-	0.0131940626718	0.875755909841	0.0780648708081	0.0329851566795
ibī-	0.798525798526	0.14742014742	0.0540540540541	0.0
der-	0.00935672514619	0.990643274854	0.0	0.0
hat-	0.183575629215	0.174831676081	0.076790637494	0.56480205721
neg-	0.459990416866	0.460948730235	0.0359367513177	0.0431241015812
ayu-	0.679898648649	0.19847972973	0.0456081081081	0.0760135135135
tib-	0.0	0.987490523124	0.0125094768764	0.0
sog-	0.0239561816961	0.584274954665	0.0023140336499	0.389454829989
’si-	0.591497227357	0.126617375231	0.0161737523105	0.265711645102
bāb-	0.776556776557	0.0879120879121	0.135531135531	0.0
bay-	0.297154911036	0.377826252281	0.0797424888487	0.245276347834
’iy-	0.3554796647	0.0872399875815	0.0201800683018	0.537100279416
paf-	0.0	1.0	0.0	0.0
abr-	0.00490596892887	0.964295448351	0.0152630144453	0.0155355682747
bik-	0.322556261323	0.251217164918	0.18157471861	0.244651855149
zac-	0.145601633154	0.0836360274632	0.0351987353517	0.735563604032
her-	0.0235407527163	0.917962287611	0.0471684251351	0.011328534538
ate-	0.497550983333	0.179161943319	0.0319436589774	0.291343414371
naw-	0.0468069918244	0.0264505017259	0.0126719031091	0.914070603341
ivū-	0.0456561440126	0.954343855987	0.0	0.0
dor-	0.430601893349	0.145996959663	0.00387378828825	0.4195273587
’iw-	0.0	0.91789819376	0.0821018062397	0.0
pat-	0.0150753768844	0.984924623116	0.0	0.0
’mw-	0.237365430622	0.445499401914	0.0246710526316	0.292464114833
noy-	0.0994152046783	0.795321637427	0.0116959064328	0.093567251462
ngw-	0.950878959897	0.0226606848563	0.0062259659403	0.020234389306
kid-	0.230042034829	0.390069174199	0.277695025229	0.102193765744
rek-	0.248178148959	0.0570414891845	0.00875413028341	0.686026231573
mwi-	0.300274410401	0.461691499208	0.152920640323	0.0851134500678
nig-	0.453130798904	0.225605710151	0.0654313166112	0.255832174333
ifa-	0.0819464709642	0.514535709179	0.0232452071161	0.380272612741
hor-	0.339130434783	0.121739130435	0.478260869565	0.0608695652174
kūr-	0.372727272727	0.0545454545453	0.0818181818182	0.490909090909
nge-	0.503273342152	0.300798685841	0.052651543767	0.14327642824
nkw-	0.458132964655	0.0605514146029	0.0623346958403	0.418980924902
utī-	0.677215189873	0.0949367088608	0.0	0.227848101266
zis-	0.390336204958	0.290060229135	0.235525550077	0.0840780158303
yac-	0.062778514957	0.052223509502	0.00731137636606	0.877686599175
asi-	0.585561769921	0.281031026896	0.0303356910785	0.103071512105
wuj-	0.450999672239	0.226974762373	0.172894133071	0.149131432317
mpe-	0.251763126526	0.591287944543	0.0524135217396	0.104535407191
nog-	0.0857142857143	0.828571428571	0.0285714285714	0.0571428571429
amu-	0.603375568834	0.166894974956	0.0374576069717	0.192271849238
haz-	0.496375038278	0.135522584731	0.0855741784557	0.282528198536
fug-	0.0	1.0	0.0	0.0
hah-	0.529708320802	0.183702000788	0.165991680434	0.120597997976
mus-	0.275807068901	0.525966508326	0.0679934881062	0.130232934667
pud-	0.00492610837438	0.995073891626	0.0	0.0
ire-	0.182692860506	0.630504255438	0.106264090958	0.0805387930974
zem-	0.807895554865	0.0895244016164	0.102580043519	0.0
y'i-	0.0760975455526	0.686394133911	0.0679592568703	0.169549063666
tuh-	0.593180240584	0.177991769077	0.0422205294725	0.186607460867
war-	0.595949506217	0.0868802932013	0.0358192176605	0.281350982922
n’i-	0.137768382653	0.57775655878	0.0980530938998	0.186421964667
gir-	0.257164247069	0.305062245788	0.222209358865	0.215564148279
zam-	0.431503629811	0.445500600616	0.0692014414791	0.0537943280932
uba-	0.452990714866	0.183539974418	0.0964761027964	0.26699320792
wor-	0.429934113482	0.277018389222	0.254695643623	0.0383518536729
hiz-	0.432203389831	0.0677966101695	0.177966101695	0.322033898305
aki-	0.446368137951	0.161288926591	0.0590595634025	0.333283372055
zit-	0.31954717194	0.245388468578	0.110371047852	0.32469331163
uni-	0.0241286863271	0.975871313673	0.0	0.0
ryo-	0.112448635508	0.0862509532581	0.0606025387313	0.740697872503
san-	0.140341221794	0.789488167309	0.00412768299394	0.0660429279032
nke-	0.115675337856	0.417236360851	0.384455226128	0.0826330751648
jwi-	0.232036452857	0.754293725903	0.0	0.0136698212408
b’i-	0.0863039206576	0.665096337159	0.0967361991124	0.151863543071
mes-	0.0122261844116	0.959246051961	0.0101884870097	0.0183392766174
sed-	0.0	1.0	0.0	0.0
adi-	0.0	0.98549556809	0.0145044319097	0.0
uva-	0.261984675888	0.120270545159	0.0215283428262	0.596216436127
ami-	0.0456828817998	0.319222017088	0.0056674251857	0.629427675926
nuj-	0.698086164742	0.218447011213	0.0328808700784	0.0505859539668
’ha-	0.394832637841	0.386309153867	0.112314658617	0.106543549676
win-	0.35582210134	0.469401789891	0.055837280407	0.118938828362
gid-	0.0285275400483	0.971472459952	0.0	0.0
uke-	0.497204884668	0.211370420624	0.233215739484	0.0582089552239
by'-	0.15337713101	0.552692245378	0.151819795576	0.142110828036
ufa-	0.590443230186	0.297844336181	0.0394956633161	0.0722167703174
rwo-	0.182038812071	0.0890476945424	0.0798256927514	0.649087800635
wan-	0.189557127436	0.0431675813599	0.0134205198276	0.753854771377
umi-	0.0681818181818	0.581818181818	0.35	0.0
unc-	0.278543307087	0.625	0.0551181102362	0.0413385826772
bun-	0.235191150598	0.44714346773	0.108777421418	0.208887960254
ili-	0.171722953635	0.785346307956	0.0	0.0429307384087
gat-	0.0422820532606	0.106558121988	0.602519205377	0.248640619373
nut-	0.48366038469	0.258305809209	0.0627744317078	0.195259374393
kaj-	0.0422535211268	0.87323943662	0.0422535211268	0.0422535211268
yem-	0.404638874535	0.222221759205	0.0912148083943	0.281924557865
sat-	0.0391032883392	0.78010346673	0.104204079206	0.0765891657252
heb-	0.0	1.0	0.0	0.0
ani-	0.358104154476	0.508484493856	0.112346401404	0.0210649502633
upi-	0.919413919414	0.0805860805861	0.0	0.0
kuv-	0.45563936155	0.107339175063	0.0153223302258	0.421699133161
y’a-	0.100436601193	0.667075642531	0.14557158878	0.0869161674959
ahō-	0.304604450869	0.525351080595	0.0281065237249	0.141937944811
ahu-	0.0743625510012	0.0219386555406	0.0119578921497	0.891740901308
ban-	0.167381023928	0.362645539926	0.0519227492162	0.418050686929
ise-	0.1017213804	0.828903576281	0.0224598098282	0.0469152334907
wen-	0.0962785727248	0.0408436220907	0.0501387890071	0.812739016177
utā-	0.756578947368	0.0131578947368	0.0822368421053	0.148026315789
16.-	0.0	1.0	0.0	0.0
’ah-	0.196947461109	0.0892280598767	0.0176108012915	0.696213677722
sev-	0.0	1.0	0.0	0.0
ale-	0.00275563428797	0.888987304399	0.0988091723255	0.00944788898729
bup-	0.358710562414	0.490397805213	0.102880658436	0.0480109739369
ugw-	0.292443064182	0.240683229814	0.246376811594	0.22049689441
sid-	0.0	1.0	0.0	0.0
bon-	0.143433694936	0.116326995695	0.0583203256137	0.681918983756
10.-	0.637096774194	0.362903225806	0.0	0.0
rir-	0.327155388083	0.217134716185	0.325248192217	0.130461703515
adu-	0.622361917366	0.196849841088	0.0507815241475	0.130006717398
imu-	0.32786533977	0.50236071936	0.0499346664384	0.119839274432
afi-	0.448234338622	0.0397771158841	0.0110701650784	0.500918380416
zīh-	0.582278481013	0.392405063291	0.0253164556962	0.0
yim-	0.605575326216	0.247705562839	0.0474495848161	0.0992695261285
ina-	0.238074169645	0.265699869457	0.136603754914	0.359622205984
icy-	0.127410948182	0.191026226773	0.0458379710388	0.635724854006
uwe-	0.442958651065	0.175341576325	0.193604420747	0.188095351864
arā-	0.57672324212	0.319362660201	0.0831312781434	0.0207828195359
umu-	0.0938888788927	0.659240760374	0.056927477004	0.189942883729
eju-	0.598353259644	0.22343785247	0.0518836002707	0.126325287616
ino-	0.120066978727	0.349050500438	0.177341401225	0.35354111961
pfa-	0.307692307692	0.576923076923	0.0	0.115384615385
bām-	0.612716763006	0.202312138728	0.184971098266	0.0
efu-	0.0	1.0	0.0	0.0
sah-	0.0911877394636	0.824521072797	0.0521072796935	0.032183908046
day-	0.0312792407433	0.770485229247	0.152519716615	0.0457158133939
mbi-	0.335388840313	0.249513068872	0.189493628978	0.225604461838
bij-	0.48758551608	0.283199420302	0.172950278127	0.0562647854905
zap-	0.050279329609	0.882681564246	0.0670391061453	0.0
cum-	0.043017391952	0.105747584852	0.00141749574151	0.849817527455
zab-	0.127061121511	0.241674127126	0.0548832098966	0.576381541467
isy-	0.0557451649602	0.814562002275	0.116040955631	0.0136518771331
diy-	0.0892110398662	0.887092277669	0.015333147477	0.00836353498746
nav-	0.454173229173	0.115725297812	0.0263324217403	0.403769051274
nām-	0.0145489815713	0.660523763337	0.324927255092	0.0
daw-	0.00598846636931	0.981066767943	0.00099807772822	0.011946687959
’it-	0.2125	0.0375	0.125	0.625
kuw-	0.428355453986	0.362373209106	0.0749195745803	0.134351762327
iho-	0.346856528748	0.420365394949	0.171628156905	0.0611499193982
nkū-	0.858257477243	0.141742522757	0.0	0.0
ele-	0.0	1.0	0.0	0.0
ijo-	0.0192743929569	0.919158175236	0.0178702981058	0.0436971337014
nit-	0.390053976505	0.214914164515	0.14001921723	0.255012641749
nif-	0.406688633474	0.246192564149	0.0652258516462	0.28189295073
vug-	0.365591397849	0.100358422939	0.193548387097	0.340501792115
nti-	0.459148911604	0.218733129402	0.0930371031388	0.229080855855
guh-	0.469228832965	0.315400696109	0.0665381668266	0.148832304099
nah-	0.137430279108	0.05681095798	0.0127928409234	0.792965921989
ong-	0.142857142857	0.809523809524	0.0	0.0476190476191
uvo-	0.498701298701	0.438961038961	0.0623376623376	0.0
zir-	0.477474442612	0.31756504578	0.0770650994852	0.127895412123
esh-	0.0370075412547	0.186069809221	0.117033402758	0.659889246767
iz’-	0.339637205712	0.498263218834	0.0463141644152	0.115785411038
’va-	0.751175548589	0.19592476489	0.0470219435737	0.0058777429467
kwu-	0.429864253394	0.190045248869	0.366515837104	0.0135746606335
iyu-	0.252270433905	0.208879919273	0.526740665994	0.0121089808274
mub-	0.320459307689	0.342704511269	0.0760672261375	0.260768954905
zez-	0.127403397424	0.735392943812	0.0784020907224	0.0588015680418
uyu-	0.0657681075787	0.103616793058	0.00806736476004	0.822547734604
hay-	0.277559055118	0.663385826772	0.0	0.0590551181103
ran-	0.594101550623	0.24931590149	0.110975980541	0.0456065673457
zel-	0.0369068541301	0.952548330404	0.0105448154657	0.0
agr-	0.0	1.0	0.0	0.0
gik-	0.13883664799	0.681267148963	0.111629894455	0.0682663085913
mup-	0.152196002449	0.619304877972	0.0745359647075	0.153963154872
ser-	0.0146341463415	0.979512195122	0.00585365853659	0.0
leg-	0.0	0.9375	0.0	0.0625
wos-	0.0701298701299	0.0756545042259	0.412987012987	0.441228612657
hiy-	0.0	0.942228335626	0.0577716643741	0.0
kok-	0.18034506655	0.0352736914001	0.0196251504747	0.764756091575
shy-	0.539536406743	0.413959434016	0.0319578345497	0.0145463246916
nik-	0.242136063291	0.657444665027	0.0436916649382	0.0567276067439
maj-	0.0441351719442	0.50702247191	0.196139768471	0.252702587674
nih-	0.117004182329	0.265584841837	0.0545979960742	0.56281297976
sek-	0.0562837499188	0.751944944443	0.162305326555	0.0294659790827
byi-	0.109452646477	0.173759743669	0.518247383542	0.198540226313
yan-	0.152541958385	0.0643985464116	0.0189080069554	0.764151488248
inf-	0.0	1.0	0.0	0.0
min-	0.0222074926567	0.843056182898	0.00601892808557	0.128717396359
’uw-	0.548539857932	0.155485398579	0.0	0.295974743489
kay-	0.0256737711917	0.94935144918	0.00443954100813	0.0205352386206
zoh-	0.330275229358	0.596330275229	0.0550458715596	0.0183486238532
ak’-	0.558333333333	0.441666666667	0.0	0.0
gak-	0.132341537424	0.471672285907	0.271963924477	0.124022252192
’di-	0.117302052786	0.0542521994135	0.784457478006	0.0439882697947
kak-	0.52740401424	0.343758422533	0.0654643934531	0.0633731697733
imy-	0.102113120743	0.812812150183	0.0198406530703	0.0652340760033
gog-	0.0	0.989380530973	0.0106194690265	0.0
ry'-	0.0982094233162	0.606034983506	0.0512806483104	0.244474944868
nye-	0.123792656167	0.811271553785	0.0461957960819	0.0187399939661
usā-	0.367816091954	0.241379310345	0.367816091954	0.0229885057471
nuw-	0.221518987342	0.236990154712	0.464135021097	0.0773558368495
run-	0.131900234927	0.475146981851	0.162894233929	0.230058549292
anz-	0.545324329855	0.340085942296	0.0552486187845	0.0593411090648
twe-	0.0793916935774	0.10086277762	0.0125665023073	0.807179026496
bom-	0.0620005164086	0.083758950557	0.0102903853542	0.84395014768
iza-	0.37061513244	0.458142470623	0.0706970106083	0.100545386328
jam-	0.179609626682	0.554140610195	0.018116353989	0.248133409134
dup-	0.688478126925	0.1808995687	0.0509344834668	0.0796878209078
liz-	0.00886001181335	0.971647962197	0.00177200236267	0.0177200236267
sew-	0.0	0.94	0.06	0.0
z'u-	0.126625451747	0.734089312006	0.0820773658145	0.0572078704323
men-	0.180917639423	0.143686064174	0.534433367026	0.140962929376
ric-	0.730946773434	0.16486104569	0.0804521902967	0.0237399905794
bus-	0.243121268998	0.369512064561	0.122713628448	0.264653037993
nse-	0.327868021848	0.604187144696	0.0134521650132	0.0544926684434
n'e-	0.0425376494406	0.415933828924	0.0451824773851	0.49634604425
bos-	0.0721982868981	0.139141170228	0.02657702929	0.762083513584
kiv-	0.243111469122	0.360327654014	0.17476440861	0.221796468254
laz-	0.0116429495472	0.928201811125	0.013306228054	0.0468490112733
aza-	0.565155129938	0.147675225543	0.0403849079986	0.246784736521
rim-	0.18538685707	0.116335516146	0.0628076250667	0.635470001717
9.3-	0.314814814815	0.351851851852	0.333333333333	0.0
nyw-	0.486175174361	0.432835565444	0.049839544735	0.0311497154593
nca-	0.353677319985	0.157296881017	0.0346553715826	0.454370427416
yij-	0.139534883721	0.720930232558	0.0	0.139534883721
mye-	0.211755840241	0.783722682743	0.00452147701583	0.0
eti-	0.0	0.890909090909	0.109090909091	0.0
sem-	0.0	1.0	0.0	0.0
mpu-	0.231230196112	0.209501584311	0.449910079644	0.109358139933
wuc-	0.559701492537	0.261194029851	0.0671641791045	0.111940298508
bāl-	0.0	1.0	0.0	0.0
pet-	0.0106043556581	0.935836702184	0.00121324942463	0.052345692733
duf-	0.355548626548	0.107990263626	0.0540303356434	0.482430774183
zas-	0.386175350238	0.403165293339	0.13367865738	0.0769806990421
lot-	0.0	1.0	0.0	0.0
ish-	0.20805329379	0.444145947768	0.126566038411	0.22123472003
awa-	0.800498753117	0.199501246883	0.0	0.0
ere-	0.193229236383	0.0595948250275	0.0115523171562	0.735623621433
nay-	0.380972373835	0.407422957427	0.0923671173062	0.119237551432
bau-	0.569620253165	0.303797468354	0.0506329113924	0.0759493670886
zic-	0.284589869005	0.428627649407	0.176533423287	0.110249058301
kot-	1.0	0.0	0.0	0.0
’bo-	0.195238095238	0.766666666667	0.0	0.0380952380953
kw’-	0.254876308278	0.502586822074	0.153425309229	0.0891115604187
now-	0.0	1.0	0.0	0.0
tan-	0.193641967847	0.580321527862	0.0423062975946	0.183730206696
cy'-	0.141758857919	0.66511790335	0.121390195167	0.0717330435632
kup-	0.0	1.0	0.0	0.0
niw-	0.610778443114	0.211883924459	0.0331644403501	0.144173192077
iy’-	0.303890207409	0.452516080212	0.173769476834	0.069824235545
rem-	0.0199674604348	0.949563674013	0.0266232805798	0.00384558497264
ohe-	0.897520661157	0.0628099173553	0.0	0.0396694214876
’mu-	0.263897877787	0.522534547399	0.0700879414551	0.143479633359
kūb-	0.285193576987	0.529011920008	0.105506846616	0.0802876563885
ngu-	0.320409440176	0.252278082693	0.0488847420417	0.37842773509
sur-	0.0730307772562	0.926969222744	0.0	0.0
nak-	0.474941798639	0.20736380383	0.0760265212562	0.241667876275
niy-	0.606093315735	0.248498966285	0.055068592242	0.0903391257375
esi-	0.0	1.0	0.0	0.0
aya-	0.231827273656	0.208842944925	0.0935404816108	0.465789299808
olu-	0.0	1.0	0.0	0.0
muc-	0.198895380165	0.576359150336	0.151598082868	0.0731473866311
put-	0.013358478705	0.986641521295	0.0	0.0
tin-	0.127388535032	0.210191082803	0.605095541401	0.0573248407643
han-	0.108472782672	0.0906661106151	0.033328909826	0.767532196887
ayo-	0.215028173051	0.0682039010778	0.0200187715353	0.696749154336
bīk-	0.625352112676	0.284507042254	0.0450704225352	0.0450704225352
pub-	0.0607656471542	0.848085882115	0.0182296941462	0.072918776585
mok-	0.0750625521268	0.924937447873	0.0	0.0
izī-	0.688888888889	0.122222222222	0.0	0.188888888889
top-	0.0	0.821529745042	0.178470254958	0.0
tun-	0.528527001974	0.219035942826	0.121464027271	0.130973027929
gip-	0.457070460969	0.365558912387	0.0545755774291	0.122795049215
ubo-	0.381978833859	0.207190739512	0.123788794504	0.287041632125
’ic-	0.435786435786	0.265512265512	0.038961038961	0.25974025974
zuz-	0.611419410531	0.0943396226415	0.271796769022	0.0224441978049
nku-	0.337362511958	0.242767243546	0.142151724804	0.277718519691
koz-	0.52142279709	0.261115602264	0.183508488278	0.0339531123686
rom-	0.0541270996443	0.91464967779	0.00472456657236	0.0264986559929
ūra-	0.496402877698	0.287769784173	0.0	0.21582733813
keb-	0.233559650825	0.702424830262	0.0640155189136	0.0
ryi-	0.259751869108	0.212035431791	0.405569400802	0.122643298299
koh-	0.560332675501	0.169720890894	0.232590921906	0.0373555117
uda-	0.474848959587	0.211941959441	0.164871808026	0.148337272946
uno-	0.242312423124	0.544895448954	0.206642066421	0.00615006150061
hās-	0.0	0.829931972789	0.170068027211	0.0
mak-	0.0788729038215	0.504244482173	0.0915914574211	0.325291156584
hon-	0.0912863070539	0.115589804386	0.07231772377	0.72080616479
kiz-	0.393852064142	0.364585565775	0.0739955626489	0.167566807435
yun-	0.355868481269	0.248280074343	0.034186176644	0.361665267744
’ut-	0.380165289256	0.0	0.0743801652893	0.545454545455
nk’-	0.137466106373	0.242645225162	0.0600028045542	0.55988586391
may-	0.136416015184	0.770662930996	0.0632653983461	0.0296556554747
wih-	0.483235105592	0.329731334366	0.0913792158042	0.0956543442377
anā-	0.137254901961	0.078431372549	0.745098039216	0.0392156862745
ara-	0.488044847157	0.0930347005393	0.0274133394474	0.391507112856
gad-	0.0	1.0	0.0	0.0
nud-	0.657587548638	0.342412451362	0.0	0.0
’nk-	0.289066971952	0.350314825415	0.0	0.360618202633
amo-	0.0780324531096	0.803846865745	0.0471474991774	0.0709731819678
kaz-	0.365125153408	0.55744665738	0.0483132011886	0.0291149880233
n’e-	0.0854890148831	0.332388377038	0.0549255846917	0.527197023388
gif-	0.265682263417	0.554646374455	0.092354438477	0.087316923651
ago-	0.220408463121	0.0798560094034	0.0364384366735	0.663297090802
wah-	0.540480492244	0.258964427425	0.0797025270412	0.12085255329
soh-	0.440154440154	0.0888030888031	0.0714285714286	0.399613899614
kal-	0.0	1.0	0.0	0.0
mya-	0.112751758141	0.777636784674	0.0650490912354	0.0445623659497
uca-	0.369822918191	0.455766134933	0.129847797453	0.0445631494219
emw-	0.221621621622	0.475675675676	0.0432432432433	0.259459459459
alu-	0.0	0.986047160597	0.0139528394028	0.0
nek-	0.856164383562	0.143835616438	0.0	0.0
any-	0.492413015668	0.206260845334	0.0276120631784	0.273714075819
iga-	0.374830537637	0.453051264296	0.0876394555299	0.0844787425378
bav-	0.255471400656	0.495174283617	0.0138293558365	0.235524959891
bur-	0.148208756322	0.205287170264	0.0578633876282	0.588640685785
uns-	0.561229649105	0.17008797654	0.0412579633937	0.227424410962
efe-	0.00970319634703	0.970319634703	0.00313926940639	0.0168378995434
epf-	0.42639811442	0.539318620099	0.034283265481	0.0
yok-	0.43838028169	0.403169014084	0.12676056338	0.0316901408451
bah-	0.473431098737	0.278902519348	0.0614047428504	0.186261639064
aco-	0.818582122413	0.126376045795	0.0132100396301	0.041831792162
arw-	0.204622084078	0.149045496911	0.412033624012	0.234298794999
’uz-	0.274011702583	0.569002426145	0.02997002997	0.127015841301
b’u-	0.086478177516	0.762310229883	0.101987944524	0.0492236480769
rib-	0.339748135262	0.320764531986	0.207865239818	0.131622092933
yoy-	0.663265306123	0.0918367346938	0.0612244897959	0.183673469388
aca-	0.422489743762	0.22240903894	0.0692716389804	0.285829578317
bor-	0.318484313459	0.229254380008	0.280456335733	0.1718049708
kug-	0.203513365111	0.0856279838035	0.0210573059854	0.6898013451
iki-	0.203330069228	0.234607054749	0.0651044189676	0.496958457056
nje-	0.327475149105	0.0200397614314	0.00286282306163	0.649622266402
uhe-	0.185823387045	0.166563157518	0.079875186787	0.56773826865
mby-	0.637149028078	0.172727803397	0.0487420465822	0.141381121943
biz-	0.426877162551	0.229321884985	0.079426402046	0.264374550417
yik-	0.68023477166	0.143813133905	0.0426195615421	0.133332532893
ume-	0.344072066798	0.124949036814	0.0685781532585	0.462400743129
oni-	0.0	0.833333333333	0.166666666667	0.0
uts-	0.687722346323	0.1269545793	0.138992305783	0.0463307685943
ute-	0.348928734251	0.199441163894	0.092281946743	0.359348155112
for-	0.109461966605	0.879406307978	0.0	0.0111317254174
low-	0.108761329305	0.891238670695	0.0	0.0
irw-	0.731613235042	0.125492885308	0.110320589748	0.0325732899023
ber-	0.192885126075	0.540819814372	0.184261036468	0.0820340230852
uwi-	0.531104338165	0.280130442958	0.0769474999169	0.11181771896
baz-	0.511509365442	0.199926385022	0.0697393173498	0.218824932186
ane-	0.228729576018	0.184676544995	0.057348829247	0.52924504974
ahi-	0.400174143401	0.272319425573	0.0449100808841	0.282596350142
bid-	0.227359174997	0.227943382658	0.128017678632	0.416679763713
zar-	0.500062183028	0.231543704469	0.0410867004037	0.227307412099
abw-	0.28370871166	0.0196546257354	0.00206883901314	0.694567823592
isi-	0.0163207475969	0.95744612239	0.00754663903888	0.0186864909741
zuk-	0.0610859728506	0.864253393665	0.0339366515837	0.0407239819005
duk-	0.32080128472	0.180823233831	0.117211433848	0.3811640476
bat-	0.381594115741	0.1419228362	0.053617556108	0.422865491951
zib-	0.453231092139	0.343481227717	0.118360866191	0.0849268139526
lew-	0.00548446069472	0.994515539305	0.0	0.0
sub-	0.687632135307	0.266384778013	0.0	0.0459830866808
iha-	0.452546885964	0.378865508656	0.0973574676292	0.0712301377501
tam-	0.0	1.0	0.0	0.0
imi-	0.127933036854	0.70123288004	0.0378802399857	0.13295384312
uye-	0.327887516366	0.476063072807	0.0525986224171	0.14345078841
niv-	0.654088050315	0.213836477987	0.0	0.132075471698
eny-	0.0183798580503	0.121418456211	0.0	0.860201685738
fel-	0.0153621068032	0.969275786394	0.0	0.0153621068032
nto-	0.177599662006	0.60752667285	0.123906740935	0.0909669242088
mpf-	0.581416957027	0.267363530778	0.0383275261324	0.112891986063
arī-	0.580303030303	0.254545454545	0.101515151515	0.0636363636364
4.1-	0.0422386483632	0.610348468849	0.167898627244	0.179514255544
wum-	0.845444970558	0.0939237775429	0.0293451548297	0.031286097069
tim-	0.00367888260072	0.978846425046	0.0	0.0174746923534
zen-	0.500068502535	0.3423756679	0.149335525414	0.00822030415126
shi-	0.125617827641	0.708761608319	0.101486206838	0.0641343572027
kwi-	0.3784575177	0.426737753517	0.0639569782193	0.130847750564
ejo-	0.0693689240402	0.700774427418	0.0425111220959	0.187345526446
’n’-	0.150753768844	0.035175879397	0.0301507537688	0.78391959799
rah-	0.020691189558	0.970409374073	0.00889943636902	0.0
mol-	0.0	0.973907371168	0.0260926288323	0.0
’pa-	0.294871794872	0.474358974359	0.153846153846	0.0769230769231
ham-	0.0366614898478	0.0424947149025	0.0117332249058	0.909110570344
iya-	0.288154547152	0.0990733228999	0.0364524692018	0.576319660747
zan-	0.100077791561	0.149195102636	0.036548017016	0.714179088788
tes-	0.0	1.0	0.0	0.0
by’-	0.199282867717	0.447451607114	0.155023481173	0.198242043996
naj-	0.650222591497	0.057711522021	0.0154078690564	0.276658017426
cyo-	0.12773513486	0.106759595266	0.0165300620834	0.74897520779
ivi-	0.160606060606	0.763636363636	0.0	0.0757575757575
nzo-	0.092525927347	0.739203051471	0.0178416259465	0.150429395235
cya-	0.12956957958	0.089961563365	0.0488923891842	0.731576467871
nij-	0.00940950927746	0.921046196582	0.00410810176355	0.0654361923766
hār-	0.190534575772	0.390142226582	0.0698871996077	0.349435998038
mah-	0.043666798161	0.86496765034	0.0521507879369	0.0392147635619
tum-	0.35908245238	0.167896960086	0.0720142663248	0.401006321209
eno-	0.0247550283652	0.975244971635	0.0	0.0
ite-	0.166415043395	0.332895398659	0.0392516374761	0.46143792047
k’i-	0.114366197183	0.725343576611	0.0932479726847	0.0670422535212
’ug-	0.404761904762	0.595238095238	0.0	0.0
yaz-	0.643478588284	0.101657657283	0.0743020266531	0.18056172778
byu-	0.474693596422	0.195111176427	0.128292886763	0.201902340389
ay'-	0.28707382023	0.295106299384	0.320687999302	0.0971318810844
’wa-	0.283536585366	0.161585365854	0.262195121951	0.292682926829
mil-	0.0400696864111	0.858885017422	0.0113240418118	0.0897212543554
yer-	0.0705278907672	0.844754786718	0.0582206663122	0.026496656203
nug-	0.484078893116	0.194967667183	0.138282159279	0.182671280421
zon-	0.720588235294	0.220588235294	0.0294117647059	0.0294117647059
tus-	0.0100840336134	0.989915966387	0.0	0.0
hum-	0.481765459719	0.34294836986	0.0862312387324	0.0890549316883
kār-	0.0345958056704	0.467224592675	0.498179601654	0.0
yoz-	0.0218659631678	0.941403277358	0.0015219927959	0.0352087666785
kam-	0.0941189912576	0.593255017866	0.212348200655	0.100277790221
jur-	0.297906802891	0.447919262397	0.164465487167	0.0897084475454
yiz-	0.580254567539	0.23326079255	0.0538868363784	0.132597803533
buc-	0.300411413404	0.455394824154	0.175713337757	0.0684804246848
jor-	0.0198604401503	0.784487385937	0.000805152979066	0.194847020934
akū-	0.815789473684	0.131578947368	0.0	0.0526315789474
saw-	0.0171802054155	0.961718020542	0.0	0.0211017740429
twu-	0.492914710051	0.205852375882	0.0843661187625	0.216866795305
nza-	0.5249081114	0.191756618097	0.0486102630021	0.234725007501
uzi-	0.666185892177	0.134766508662	0.0514453562753	0.147602242885
por-	0.0870265914585	0.912973408542	0.0	0.0
sig-	0.426111908178	0.375896700143	0.0946915351506	0.103299856528
yod-	0.0	1.0	0.0	0.0
bak-	0.434698642527	0.276821213872	0.106415885066	0.182064258535
say-	0.106194690265	0.814159292035	0.0796460176991	0.0
epa-	0.0	0.988472991579	0.00576350421055	0.00576350421057
bwa-	0.119176974911	0.251628814477	0.0377569553402	0.591437255272
irā-	0.893203883495	0.106796116505	0.0	0.0
’ye-	0.274760383387	0.485623003195	0.00958466453672	0.230031948882
nsu-	0.458176844756	0.0859257972776	0.0255302520461	0.43036710592
mel-	0.015607580825	0.982162764771	0.0	0.00222965440357
yuh-	0.508037748129	0.216986657989	0.250244061178	0.0247315327042
n'u-	0.134371615249	0.565513331518	0.0701605378261	0.229954515407
siy-	0.0	1.0	0.0	0.0
9.1-	0.131838565022	0.529147982063	0.339013452915	0.0
w’e-	0.0	0.7088	0.0	0.2912
yih-	0.481375275699	0.219129640591	0.10556904536	0.19392603835
cee-	0.08356545961	0.568245125348	0.0278551532033	0.320334261838
umb-	0.646971854123	0.20175774833	0.0147847990363	0.136485598511
nyi-	0.118933046033	0.584833315394	0.164270384895	0.131963253678
ncu-	0.0905929373497	0.425731439348	0.169212934927	0.314462688375
yif-	0.444399503077	0.418195475688	0.050443474995	0.0869615462398
myi-	0.0816455642093	0.140314955245	0.64907368619	0.128965794356
ump-	0.538033403753	0.281079681772	0.00582462336414	0.175062291111
twē-	0.641025641026	0.179487179487	0.141025641026	0.0384615384615
and-	0.24672838141	0.566737227892	0.074815961581	0.111718429118
per-	0.0	0.99860568879	0.0	0.00139431121026
sok-	0.0992790627816	0.766446380294	0.0090117152298	0.125262841694
big-	0.297688260973	0.452785792606	0.0738413962858	0.175684550135
asā-	0.628758169935	0.0705882352941	0.232679738562	0.0679738562091
atw-	0.479868031242	0.344330729868	0.084668731484	0.0911325074064
lid-	0.0	1.0	0.0	0.0
zim-	0.360489703509	0.298345992859	0.063232406521	0.277931897112
div-	0.0710629067245	0.923904555315	0.00156182212581	0.00347071583515
ahw-	0.534718826406	0.316136919316	0.0782396088019	0.0709046454767
ata-	0.396457834567	0.118879408488	0.0506326777805	0.434030079164
iy'-	0.129919400542	0.57603425477	0.199593854291	0.0944524903973
baw-	0.119762504579	0.144851400279	0.0235215405432	0.7118645546
dat-	0.016071514973	0.759219897139	0.00205457813374	0.222654009754
lev-	0.115876598947	0.87208427389	0.00601956358165	0.00601956358164
kur-	0.214893299425	0.144733800109	0.0329015869297	0.607471313536
riy-	0.281879194631	0.652348993289	0.0375838926175	0.0281879194631
ome-	0.00390411493714	0.959397204654	0.0366986804091	0.0
nsi-	0.0735346704224	0.604298279183	0.024262708515	0.29790434188
tal-	0.0424400708889	0.849011286261	0.0195877250257	0.0889609178248
nem-	0.562589809911	0.18113889231	0.0376483146529	0.218622983126
kūn-	0.658093797277	0.228441754917	0.0453857791225	0.0680786686838
nga-	0.346194705138	0.261952939603	0.0325189389177	0.359333416341
kij-	0.665843447415	0.186291594914	0.0552914608618	0.0925734968085
beg-	0.606080715296	0.176644604719	0.0852522571294	0.132022422856
mpa-	0.291531500199	0.248600997705	0.033776374444	0.426091127652
inz-	0.0849268013476	0.748952379388	0.0444365021846	0.12168431708
ela-	0.00498802873104	0.939146049481	0.0548683160415	0.000997605746206
abā-	0.388610763454	0.374843554443	0.0281602002503	0.208385481852
wun-	0.0815427622418	0.145212478811	0.19217478312	0.581069975828
idi-	0.113380839272	0.778411190288	0.0633412509897	0.044866719451
hih-	0.264705882353	0.239379084967	0.234477124183	0.261437908497
pur-	0.0	0.996832519467	0.00316748053319	0.0
evo-	0.0	1.0	0.0	0.0
y'u-	0.162372929191	0.598092417017	0.127558077519	0.111976576273
hal-	0.0792377131394	0.914744232698	0.00601805416248	0.0
ter-	0.0590559226211	0.865336148764	0.0224780328315	0.0531298957836
guk-	0.508282519613	0.240929861662	0.0658936242407	0.184893994484
nam-	0.0890975384425	0.0460977009108	0.0208369680054	0.843967792641
ker-	0.151110087354	0.0851495310487	0.155938600107	0.60780178149
oli-	0.0	1.0	0.0	0.0
won-	0.596294176563	0.27979682358	0.0266132493919	0.097295750465
uhā-	0.598958333333	0.401041666667	0.0	0.0
yul-	0.00349854227405	0.996501457726	0.0	0.0
ewu-	0.0145631067961	0.985436893204	0.0	0.0
nim-	0.519697109531	0.284473868603	0.061296234456	0.134532787409
tor-	0.0	0.996068152031	0.0	0.00393184796855
avi-	0.640834575261	0.292101341282	0.0670640834575	0.0
yam-	0.580142898175	0.214211896429	0.0584666940255	0.14717851137
fen-	0.024893314367	0.918004470636	0.0274334484861	0.0296687665109
nki-	0.343321846385	0.200041100712	0.0601643892848	0.396472663618
ese-	0.494458409506	0.0543875685558	0.0227376599634	0.428416361974
ape-	0.0	1.0	0.0	0.0
wij-	0.131117266851	0.01108033241	0.733148661126	0.124653739612
b'u-	0.132344372379	0.660384567624	0.145086876367	0.0621841836296
yur-	0.62909273648	0.224206579303	0.0249333178708	0.121767366346
isō-	0.188764044944	0.447752808989	0.259550561798	0.10393258427
iba-	0.358281713287	0.342097359852	0.134735470667	0.164885456194
’uj-	0.534482758621	0.0775862068966	0.258620689655	0.129310344828
mim-	0.0394736842105	0.611842105263	0.269736842105	0.078947368421
yes-	0.00528217982235	0.92820015725	0.00209320423811	0.0644244586892
zom-	0.327926896245	0.196051509167	0.118361241922	0.357660352665
gaf-	0.162361623616	0.616236162362	0.0221402214022	0.19926199262
bīg-	0.703125	0.296875	0.0	0.0
tur-	0.436686267933	0.133797275365	0.0408185801256	0.388697876576
’ni-	0.376420543404	0.18787663949	0.0267948370415	0.408907980065
kan-	0.126471969045	0.0359058084174	0.00955934331374	0.828062879224
agi-	0.385650907996	0.153563907276	0.0232978597648	0.437487324963
’ya-	0.43954325043	0.532300954169	0.0	0.0281557954012
gap-	0.676177668895	0.185417942641	0.099259712939	0.0391446755253
nup-	0.493670886076	0.151898734177	0.0	0.354430379747
uhi-	0.550143948965	0.281673950415	0.125230421905	0.0429516787142
nju-	0.80192776189	0.147230166296	0.0190657769304	0.031776294884
uhu-	0.367838616793	0.420153487545	0.114848895001	0.0971590006612
waj-	0.699874021257	0.113996821381	0.0231552478892	0.162973909473
uka-	0.370129063435	0.277728564348	0.131392169725	0.220750202492
mbā-	0.475524475524	0.496503496504	0.0	0.027972027972
udu-	0.393343252826	0.375360973947	0.0522572113883	0.179038561839
ken-	0.103822186843	0.335145959527	0.0663689846888	0.494662868941
ruc-	0.25529796615	0.649978665908	0.039254729057	0.0554686388849
bub-	0.341839068687	0.3868574514	0.111983562964	0.159319916949
ilu-	0.153256704981	0.770114942529	0.0	0.0766283524904
ipf-	0.223007712082	0.167095115681	0.50235646958	0.107540702656
bob-	0.0794044665012	0.347394540943	0.573200992556	0.0
sol-	0.0	1.0	0.0	0.0
ukī-	0.457054156606	0.257790042543	0.226514890192	0.0586409106589
but-	0.181532245962	0.626808645543	0.0895102777259	0.102148830769
’na-	0.494314169528	0.226994910755	0.0204543794288	0.258236540288
baj-	0.566816118695	0.0686315517776	0.023220950478	0.341331379049
geh-	0.0	0.996606471943	0.0	0.0033935280572
uhō-	0.533106960951	0.354838709677	0.0407470288625	0.0713073005093
kw'-	0.136741428294	0.501798321673	0.293229904437	0.0682303455954
apy-	0.436525612472	0.0935412026726	0.173719376392	0.296213808463
bog-	0.571137174911	0.395716471188	0.0254971953085	0.00764915859256
aru-	0.267428350097	0.194318029625	0.172929988423	0.365323631855
wer-	0.0684713454624	0.759245746669	0.142889037179	0.0293938706893
’ar-	0.416666666667	0.172535211268	0.0	0.410798122066
rin-	0.273711291689	0.130194443573	0.237452153861	0.358642110878
siz-	0.0716845878135	0.743130227001	0.0955794504182	0.0896057347671
nzī-	0.495412844037	0.366972477064	0.0825688073395	0.0550458715596
mbw-	0.542733184619	0.170150100193	0.0337706529547	0.253346062233
bit-	0.253638639679	0.158771017224	0.0636872405864	0.52390310251
uri-	0.373902703135	0.0796723413624	0.0187311199098	0.527693835592
rwa-	0.15668310384	0.215238729526	0.0378961890279	0.590181977606
utu-	0.420458854296	0.313874458395	0.102515175538	0.163151511772
gez-	0.84	0.12	0.04	0.0
loy-	0.0	1.0	0.0	0.0
bif-	0.395954510924	0.323922582401	0.100978491332	0.179144415343
yig-	0.531864729359	0.286770333758	0.0334223396348	0.147942597248
abu-	0.19601034019	0.732160570418	0.0264759541376	0.0453531352538
ink-	0.141164766802	0.631683877215	0.12615598211	0.100995373873
ico-	0.666666666667	0.277083333333	0.05625	0.0
bet-	0.0113812434854	0.983660591036	0.0	0.00495816547878
law-	0.0	1.0	0.0	0.0
sal-	0.0129002267016	0.98307417064	0.00219578326835	0.00182981939029
end-	0.706877113867	0.207440811725	0.0586245772266	0.0270574971815
wap-	0.461302658603	0.0149129424282	0.499976017198	0.0238083817713
rw'-	0.135243780551	0.765762373058	0.046984684535	0.0520091618557
mbe-	0.25092105911	0.0924036730289	0.168152766286	0.488522501574
bad-	0.447770228926	0.270678244095	0.141534778669	0.14001674831
apu-	0.0428571428571	0.657142857143	0.3	0.0
eme-	0.251450676983	0.448742746615	0.246292714378	0.0535138620245
naz-	0.354456055752	0.53741542671	0.0126377384814	0.0954907790563
zum-	0.662048404069	0.234040687478	0.0236759031919	0.0802350052613
nsh-	0.297168710487	0.0982208430587	0.288587111312	0.316023335142
kus-	0.0	0.825555052107	0.174444947893	0.0
mbī-	0.352673492605	0.283276450512	0.227531285552	0.136518771331
mfu-	0.245067387349	0.554377969724	0.0602158514829	0.140338791444
h’a-	0.158810732415	0.638143582306	0.169204737733	0.0338409475465
ugo-	0.300281960829	0.169682256698	0.0173222572039	0.512713525269
’ir-	0.488372093023	0.325581395349	0.0232558139535	0.162790697674
mun-	0.0908172764761	0.633391260183	0.0509553312998	0.224836132041
ihu-	0.357819346935	0.462438549373	0.105058976896	0.0746831267964
niz-	0.594762232943	0.16488628532	0.0577188146106	0.182632667126
saf-	0.0355474304285	0.832419256551	0.0619540930327	0.0700792199878
ija-	0.0814757410035	0.718929238323	0.0175083351468	0.182086685527
abe-	0.365889516538	0.194572598089	0.147383583632	0.292154301741
nk'-	0.156271628853	0.209177476742	0.0568083638132	0.577742530592
tik-	0.01171875	0.96484375	0.0	0.0234375
iny-	0.157892834487	0.474523649123	0.119268667727	0.248314848663
bīz-	0.626409603492	0.2360858494	0.061113132048	0.07639141506
bīh-	0.41581920904	0.218079096045	0.122033898305	0.24406779661
beh-	0.0	1.0	0.0	0.0
kwo-	0.571482317532	0.24416854778	0.0	0.184349134688
hac-	0.256629141546	0.356559782319	0.105105906205	0.28170516993
iyo-	0.118239154239	0.0153626378712	0.00640933903254	0.859988868857
’nz-	0.611733956943	0.230070843937	0.0302634293968	0.127931769723
tiy-	0.00375691003095	0.996243089969	0.0	0.0
sho-	0.0867741076185	0.866775439531	0.01681539691	0.0296350559403
itu-	0.271257807499	0.506479009397	0.126458501713	0.095804681391
zah-	0.072395377745	0.697642834124	0.201993462548	0.0279683255835
uso-	0.492355072215	0.315818490537	0.135814503434	0.0560119338141
’on-	0.220588235294	0.735294117647	0.0	0.0441176470588
’in-	0.302800314054	0.506150222455	0.0	0.191049463491
rob-	0.0	1.0	0.0	0.0
bye-	0.190424988522	0.105236168503	0.0403853879706	0.663953455005
yum-	0.715244066455	0.0917367867611	0.0159592558594	0.177059890925
teg-	0.270015198053	0.597049664686	0.0292695369376	0.103665600323
tuc-	0.52736318408	0.254284134881	0.138197899392	0.0801547816473
ijw-	0.0463462297085	0.773337863445	0.0293241089325	0.150991797914
yaj-	0.652217824893	0.0906506467565	0.0348627559532	0.222268772397
kig-	0.258933393497	0.542878131485	0.102944370003	0.095244105015
man-	0.0446753049817	0.866962366856	0.028130735564	0.0602315925979
wiy-	0.556724636101	0.240491377274	0.0815933416926	0.121190644933
wik-	0.285258931764	0.250687558922	0.0417915542408	0.422261955073
mib-	0.141684840348	0.45473397146	0.35173122314	0.0518499650516
yus-	0.00513980263158	0.994860197368	0.0	0.0
’uk-	0.595419847328	0.24427480916	0.0687022900763	0.0916030534352
zeb-	0.0	1.0	0.0	0.0
rup-	0.0338132517795	0.944725025037	0.0117700268137	0.00969169636992
his-	0.045702172761	0.942427133015	0.0118706942236	0.0
amb-	0.428871734785	0.11830587911	0.0396305741264	0.413191811979
way-	0.117627032656	0.14211681041	0.0126387368384	0.727617420096
’ra-	0.114942528736	0.380355276907	0.504702194357	0.0
yīr-	0.694736842105	0.2	0.0526315789474	0.0526315789474
yot-	0.647905759162	0.247382198953	0.0251963350785	0.0795157068063
nus-	0.531169661931	0.172703462759	0.0485800152077	0.247546860102
rub-	0.113942093057	0.767641019521	0.0352733686067	0.0831435188161
yef-	0.0	1.0	0.0	0.0
gis-	0.209026672047	0.414278453971	0.233059211507	0.143635662474
cyu-	0.170298803062	0.567643111806	0.1961949499	0.0658631352311
ive-	0.493953732913	0.26945320715	0.199789695058	0.0368033648791
ipi-	0.109090909091	0.690909090909	0.0363636363636	0.163636363636
izw-	0.926829268293	0.0365853658537	0.0	0.0365853658537
k'i-	0.201738423955	0.639449536179	0.0949288548327	0.0638831850331
wus-	0.619795671757	0.172580467978	0.0692079534219	0.138415906844
buw-	0.25142751888	0.516485540615	0.0	0.232086940505
nzu-	0.108531684461	0.789068610982	0.0076194530715	0.0947802514855
ant-	0.0676684336327	0.90822347067	0.0113513455077	0.0127567501896
twi-	0.436149633892	0.259779336324	0.0849963758063	0.219074653977
dut-	0.34777112338	0.178114274868	0.0720622910643	0.402052310688
pol-	0.044994375703	0.92125984252	0.0337457817773	0.0
ize-	0.45174156376	0.310813617266	0.101762065275	0.1356827537
ak'-	0.584229390681	0.293906810036	0.121863799283	0.0
azw-	0.619803987834	0.189816379407	0.0957530697307	0.0946265630281
’uy-	0.195774374879	0.344834270207	0.0290754022097	0.430315952704
mar-	0.0213515640271	0.897833267341	0.00822611607031	0.0725890525619
itā-	0.0887573964497	0.730029585799	0.181213017751	0.0
bēl-	0.0188172043011	0.981182795699	0.0	0.0
z'i-	0.110888572181	0.699404982663	0.111350523388	0.0783559217679
apo-	0.0103728623493	0.975329408467	0.0	0.0142977291842
puz-	0.00990099009901	0.950495049505	0.0396039603961	0.0
cy’-	0.168796914275	0.657069920468	0.103621202333	0.070511962924
kub-	0.426951978086	0.149754438045	0.0395913939488	0.383702189921
n'a-	0.0948271295045	0.672182421626	0.083111418175	0.149879030694
biw-	0.271487039563	0.657571623465	0.0545702592087	0.0163710777626
nda-	0.543493055158	0.162069625032	0.0543006349716	0.240136684839
yiv-	0.469662651085	0.390025857403	0.0657459560224	0.0745655354888
hen-	0.0678396117147	0.903480227235	0.00496387402791	0.0237162870222
era-	0.0	1.0	0.0	0.0
yid-	0.09375	0.84375	0.0625	0.0
bew-	0.0	1.0	0.0	0.0
inj-	0.279387514723	0.29784059678	0.374087161366	0.0486847271299
aze-	0.549493554328	0.154289892753	0.0157756472755	0.280440905644
sam-	0.00534193593146	0.99065161212	0.00109266871325	0.00291378323534
buy-	0.0692174581811	0.867200094656	0.0365166462071	0.0270658009554
bow-	0.0267412935323	0.963930348259	0.00932835820895	0.0
lit-	0.023166023166	0.891891891892	0.0849420849421	0.0
bwu-	0.238193409242	0.471312125345	0.216594246567	0.0739002188461
bag-	0.417316497364	0.246991902008	0.0602038765868	0.275487724041
