neu-	0.0	1.0	0.0	0.0
ris-	0.0	1.0	0.0	0.0
itx-	0.26433915212	0.705735660848	0.0299251870324	0.0
vas-	0.0758097863543	0.888478165528	0.0319528851576	0.00375916295972
imt-	0.596330275229	0.403669724771	0.0	0.0
del-	0.0	1.0	0.0	0.0
jac-	0.0142834172565	0.962164139395	0.0112140020588	0.0123384412896
júp-	0.0	1.0	0.0	0.0
geu-	0.0	1.0	0.0	0.0
oxl-	0.310664378524	0.187202745771	0.119735229223	0.382397646482
beq-	0.0	1.0	0.0	0.0
fig-	0.0	1.0	0.0	0.0
txa-	0.424628305728	0.533908924836	0.015698482516	0.0257642869199
der-	0.080476900149	0.910581222057	0.0	0.00894187779434
hat-	0.020618556701	0.958762886598	0.020618556701	0.0
neg-	0.333514099783	0.563449023861	0.0054229934924	0.0976138828633
ibz-	0.0	0.571428571428	0.0	0.428571428572
tib-	0.0334494773519	0.933101045296	0.0250871080139	0.00836236933798
xuy-	0.660869095525	0.235422799579	0.0761606395334	0.0275474653631
c'o-	0.561320758575	0.120263506542	0.093929537797	0.224486197086
xap-	0.0	0.775	0.225	0.0
bay-	0.0119790313836	0.00856674312206	0.00935124430191	0.970102981192
paf-	0.0	1.0	0.0	0.0
ála-	0.0	0.8	0.2	0.0
abr-	0.0200629138713	0.954920519637	0.0237129736969	0.00130359279486
tzu-	0.441307554813	0.267683705779	0.185649315339	0.105359424068
zaq-	0.055223880597	0.897014925373	0.0432835820896	0.00447761194031
cul-	0.0544127466646	0.926579672384	0.00737607619019	0.0116315047615
zac-	0.0457121269362	0.945221004911	0.00566679259539	0.00340007555723
her-	0.0278470961887	0.927801724138	0.0394736842105	0.00487749546279
ate-	0.101211072664	0.878027681661	0.0155709342561	0.00519031141867
naw-	0.363636363636	0.454545454546	0.181818181818	0.0
zuf-	0.0	1.0	0.0	0.0
oyb-	0.227923627685	0.529832935561	0.14200477327	0.100238663484
005-	0.0	1.0	0.0	0.0
urí-	0.023346303502	0.976653696498	0.0	0.0
dor-	0.0186335403727	0.981366459627	0.0	0.0
pat-	0.0832807457229	0.882602642572	0.0140087763145	0.0201078353902
jem-	0.0	1.0	0.0	0.0
laj-	0.225550165955	0.151706494385	0.0708473317116	0.551896007949
oma-	0.0	1.0	0.0	0.0
aló-	0.0	1.0	0.0	0.0
diz-	0.0	1.0	0.0	0.0
jam-	0.258134490239	0.689804772234	0.0130151843818	0.0390455531453
kib-	0.0	0.828571428571	0.171428571429	0.0
nig-	0.0333333333333	0.966666666667	0.0	0.0
hor-	0.0244974118213	0.930038922997	0.0112555675936	0.0342080975884
nai-	0.0786518501144	0.904928751539	0.00952911511171	0.00689028323463
che-	0.279289021219	0.366130720157	0.0226909797917	0.331889278831
ujc-	0.25	0.401785714286	0.178571428571	0.169642857143
yac-	0.463251269629	0.389836207107	0.0570896910578	0.0898228322062
asi-	0.24945050209	0.702150583976	0.014739473344	0.0336594405896
wuj-	0.0735605584186	0.100954348814	0.0148452434039	0.810639849364
al--	0.538655758002	0.293216882534	0.0653002512716	0.102827108192
hid-	0.0	1.0	0.0	0.0
ayc-	0.457723276585	0.209686495015	0.196210212045	0.136380016355
mue-	0.021978021978	0.849816849817	0.128205128205	0.0
nog-	0.0	1.0	0.0	0.0
tol-	0.143139122768	0.0277962532112	0.00986769313994	0.819196930881
elx-	0.456586826347	0.273952095808	0.24251497006	0.0269461077845
ẍil-	0.0791556728232	0.843007915567	0.0620052770449	0.0158311345646
mus-	0.0	1.0	0.0	0.0
pud-	0.0652173913043	0.934782608696	0.0	0.0
zem-	0.0	1.0	0.0	0.0
hol-	0.0	1.0	0.0	0.0
war-	0.15873015873	0.730158730159	0.047619047619	0.0634920634921
hur-	0.0	1.0	0.0	0.0
moi-	0.0322762444404	0.955157497106	0.00604703588619	0.00651922256747
exc-	0.434400502197	0.173258003766	0.212806026365	0.179535467671
joi-	0.0129449838188	0.987055016181	0.0	0.0
oni-	0.311672312904	0.481983369264	0.0757622420697	0.130582075762
uba-	0.0	1.0	0.0	0.0
wor-	0.781099839829	0.195230468055	0.023669692116	0.0
dod-	0.0	1.0	0.0	0.0
uzí-	0.00490196078432	0.995098039216	0.0	0.0
hiz-	0.0	1.0	0.0	0.0
oyl-	0.5	0.0	0.0	0.5
met-	0.0121765601217	0.914764079148	0.0401826484019	0.0328767123287
efo-	0.0	1.0	0.0	0.0
fúa-	0.0	1.0	0.0	0.0
ism-	0.0	1.0	0.0	0.0
uni-	0.0780608242383	0.735237496518	0.163446070537	0.0232556087071
jeq-	0.409523809524	0.533333333333	0.0571428571429	0.0
ta'-	0.430787991588	0.243363593414	0.0819348045449	0.243913610453
apa-	0.185873605948	0.814126394052	0.0	0.0
ana-	0.0705723402421	0.902980998649	0.00603673786184	0.0204099232472
alw-	0.5	0.2375	0.225	0.0375
xij-	0.0386114038003	0.87864987377	0.0827387224292	0.0
arm-	0.0483870967743	0.935483870968	0.00806451612902	0.00806451612903
cal-	0.0410876028908	0.932296945844	0.0180070162467	0.00860843501863
plo-	0.0975609756097	0.731707317073	0.170731707317	0.0
320-	0.0	0.0	0.0	1.0
tel-	0.460414091234	0.378263134482	0.0884920964562	0.0728306778286
162-	0.0	0.2	0.0	0.8
ajm-	0.0926640926641	0.660564718073	0.203967088951	0.0428041003121
mes-	0.0180650341228	0.965877157768	0.00602167804096	0.0100361300682
arc-	0.135998097929	0.864001902071	0.0	0.0
ken-	0.0	1.0	0.0	0.0
adi-	0.0	1.0	0.0	0.0
ami-	0.111603188663	0.818423383525	0.0558015943313	0.014171833481
175-	0.0	0.0	0.0	1.0
jii-	0.630177514793	0.281065088757	0.0	0.0887573964497
súa-	0.0281690140845	0.971830985916	0.0	0.0
aom-	0.301886792453	0.660377358491	0.0377358490566	0.0
119-	0.0	0.0	0.0	1.0
win-	0.0403098630697	0.52487546418	0.0288394065277	0.405975266223
gid-	0.0	1.0	0.0	0.0
uke-	0.0421696539906	0.0981762406383	0.0377909867732	0.821863118598
wan-	0.359394651042	0.350137985707	0.020891572441	0.26957579081
gól-	0.0	1.0	0.0	0.0
ged-	0.0156290700703	0.982808022923	0.0	0.00156290700703
juq-	0.393185505679	0.482422931314	0.065981611682	0.058409951325
ocl-	0.387173396675	0.50593824228	0.0142517814727	0.0926365795724
157-	0.0	0.428571428571	0.0	0.571428571429
bun-	0.0	1.0	0.0	0.0
ili-	0.425531914894	0.425531914894	0.0638297872341	0.0851063829787
gat-	0.0	1.0	0.0	0.0
128-	0.0	0.0	0.0	1.0
sat-	0.0731762004679	0.509435607257	0.0811215412991	0.336266650976
ani-	0.0297061511288	0.807160357332	0.0535349732989	0.10959851824
sun-	0.0	1.0	0.0	0.0
poq-	0.0	1.0	0.0	0.0
hag-	0.042654028436	0.938388625592	0.0	0.0189573459716
ahu-	0.0	1.0	0.0	0.0
bix-	0.333333333333	0.333333333333	0.333333333333	0.0
ban-	0.171470266326	0.716344399854	0.0656694636994	0.0465158701204
atx-	0.0	0.666666666667	0.333333333333	0.0
wen-	0.0527579923803	0.931919827729	0.0103528242505	0.00496935564021
ijó-	0.0	1.0	0.0	0.0
137-	0.0625000000001	0.0625000000001	0.0	0.875
arq-	0.136150234742	0.854460093897	0.0	0.0093896713615
ale-	0.505495273541	0.416050741731	0.0414111233422	0.0370428613863
sid-	0.00128385551688	0.983309878281	0.0	0.0154062662025
bon-	0.490815890645	0.404100811619	0.0845792396411	0.0205040580948
luc-	0.0274760383387	0.953354632588	0.0038338658147	0.0153354632588
745-	0.0	0.8	0.2	0.0
dec-	0.017316017316	0.74025974026	0.0	0.242424242424
net-	0.141157385172	0.789333296371	0.0365725952492	0.0329367232069
adu-	0.0	1.0	0.0	0.0
403-	0.0	1.0	0.0	0.0
azb-	0.0	1.0	0.0	0.0
jab-	0.274953644544	0.281274519098	0.102408208613	0.341363627746
peu-	0.0	1.0	0.0	0.0
var-	0.253299904137	0.583364058698	0.0707912395841	0.0925447975814
siv-	0.0	1.0	0.0	0.0
anx-	1.0	0.0	0.0	0.0
yim-	0.0529411764706	0.458823529412	0.4	0.0882352941176
juc-	0.538321469955	0.339016719086	0.0716768746897	0.0509849362688
ina-	0.175074365376	0.755145104653	0.0158875313775	0.0538929985943
cre-	0.0945416773386	0.791991803978	0.0390876234383	0.0743788952446
fav-	0.584766584767	0.34398034398	0.0	0.0712530712531
fre-	0.0754189944134	0.849162011173	0.0754189944134	0.0
utc-	0.721126760563	0.278873239437	0.0	0.0
tia-	0.0	1.0	0.0	0.0
idb-	0.0	1.0	0.0	0.0
jo'-	0.772229652747	0.121662456036	0.0353692970723	0.0707385941448
ino-	0.333333333333	0.666666666667	0.0	0.0
eng-	0.0	1.0	0.0	0.0
wi'-	0.53309367731	0.22499471347	0.0600549799112	0.181856629309
xux-	0.0	1.0	0.0	0.0
oné-	0.020202020202	0.959595959596	0.0	0.020202020202
xaw-	0.112244897959	0.867346938776	0.0204081632653	0.0
oc'-	0.275351359808	0.589841203619	0.100388516597	0.034418919976
sod-	0.0124036098561	0.978293682752	0.00310090246403	0.00620180492804
bij-	0.581555281256	0.326397460765	0.0765297125727	0.0155175454064
ont-	0.433073785688	0.124953652206	0.09269558769	0.349276974416
cum-	0.0727272727273	0.781818181818	0.0	0.145454545455
can-	0.343954379493	0.238969708152	0.103839190216	0.313236722139
zab-	0.00823497117761	0.987647543234	0.0	0.0041174855888
nav-	0.0	1.0	0.0	0.0
etx-	0.455905266438	0.463111561234	0.0359925210346	0.0449906512932
oyc-	0.5	0.5	0.0	0.0
jel-	0.0972548565377	0.564740046993	0.284984445842	0.0530206506271
leq-	0.366576819407	0.428571428571	0.0431266846361	0.161725067386
nef-	0.00414164423275	0.995858355767	0.0	0.0
rej-	0.338235294118	0.632352941177	0.0	0.0294117647059
jal-	0.354594811518	0.23407763044	0.0749166661654	0.336410891876
lai-	0.125	0.708333333333	0.166666666667	0.0
ajw-	0.36917562724	0.347670250896	0.240143369176	0.0430107526882
245-	0.0	0.0869565217393	0.0	0.913043478261
nah-	0.024845188127	0.950309623746	0.0124225940635	0.0124225940635
feb-	0.0	1.0	0.0	0.0
amé-	0.127272727273	0.436363636364	0.0545454545455	0.381818181818
tre-	0.015652173913	0.188695652174	0.435652173913	0.36
lod-	0.0	0.935483870968	0.0	0.0645161290324
beb-	0.0	1.0	0.0	0.0
ira-	0.0	1.0	0.0	0.0
ily-	0.209930592632	0.65018686599	0.122797650828	0.0170848905499
nof-	0.333333333333	0.666666666667	0.0	0.0
mub-	0.0416632291065	0.933586337761	0.0198003465061	0.00495008662652
xuw-	0.75	0.25	0.0	0.0
wuk-	0.692307692308	0.276923076923	0.0307692307692	0.0
tio-	0.0724637681159	0.913043478261	0.0144927536232	0.0
eba-	0.318001885014	0.209990574929	0.110084825636	0.36192271442
ẍim-	0.860027855153	0.139972144847	0.0	0.0
aej-	0.0388005710598	0.941525298867	0.0080375151783	0.0116366148953
elm-	0.0	1.0	0.0	0.0
962-	0.0	0.5	0.0	0.5
ayn-	0.196437072486	0.529954147979	0.195434842525	0.0781739370098
puc-	0.206398348813	0.353973168215	0.0773993808049	0.362229102167
zel-	0.0	1.0	0.0	0.0
xik-	0.530927835052	0.288659793814	0.0463917525774	0.134020618557
agr-	0.00803212851405	0.9859437751	0.00602409638554	0.0
mup-	0.0	1.0	0.0	0.0
moj-	0.208199620973	0.259696710871	0.270157352523	0.261946315632
aru-	0.0	1.0	0.0	0.0
leg-	0.0893719806763	0.830112721417	0.0217391304348	0.0587761674718
zal-	0.0	1.0	0.0	0.0
721-	0.0	0.5	0.0	0.5
joh-	0.0831024930746	0.854570637119	0.0623268698061	0.0
oym-	0.581318165108	0.326850414607	0.0303296433969	0.0615017768881
288-	0.142857142857	0.0	0.285714285714	0.571428571429
bec-	0.28813559322	0.610169491526	0.101694915254	0.0
isú-	0.0	1.0	0.0	0.0
ofi-	0.0	1.0	0.0	0.0
ac'-	0.19114764804	0.2303949086	0.234350085355	0.344107358005
eq'-	0.493349310965	0.212941881366	0.103295386459	0.19041342121
maj-	0.324141753239	0.0781778909888	0.0326120519273	0.565068303845
isb-	0.0	1.0	0.0	0.0
neá-	0.0	1.0	0.0	0.0
tec-	0.424397392569	0.282149135939	0.193388763888	0.100064707605
cam-	0.408972693851	0.382839162851	0.134428592787	0.0737595505102
yan-	0.296859687311	0.521222113779	0.0587604984234	0.123157700486
mix-	0.397104446743	0.429162357808	0.148914167528	0.0248190279214
ol--	0.176470588235	0.705882352941	0.117647058824	0.0
min-	0.293413173653	0.562874251497	0.119760479042	0.0239520958084
wio-	0.473634126002	0.183828078765	0.0163925055146	0.326145289719
est-	0.137447660659	0.784498452576	0.0339067904606	0.0441470963044
je'-	0.203048746096	0.0998366439103	0.193634114285	0.503480495709
eil-	0.623966942149	0.148760330578	0.0	0.227272727273
ixc-	0.138248847926	0.815668202765	0.0460829493087	0.0
arb-	0.0	1.0	0.0	0.0
ibl-	0.0	1.0	0.0	0.0
nue-	0.0184501845018	0.839852398524	0.0630996309963	0.0785977859778
amn-	0.0	0.966666666667	0.0333333333333	0.0
ukt-	0.574320154688	0.276669272226	0.0706380877937	0.0783724852923
zoh-	0.0	1.0	0.0	0.0
aon-	0.587141794887	0.211519762055	0.0420980380941	0.159240404965
gie-	0.059405940594	0.90099009901	0.0	0.039603960396
wao-	0.287350652889	0.130227100582	0.0451296056446	0.537292640884
550-	0.0428571428571	0.545714285714	0.0171428571429	0.394285714286
afe-	0.0	1.0	0.0	0.0
gog-	0.0427135678392	0.912060301508	0.0301507537688	0.0150753768844
815-	0.0	0.666666666667	0.0	0.333333333333
jup-	0.783912747103	0.183080400387	0.0	0.0330068525096
ipe-	0.386247977299	0.241317042283	0.296545578199	0.0758894022185
k'e-	0.135669049582	0.695459846853	0.12825860823	0.0406124953348
yeb-	0.408227848101	0.443037974684	0.129746835443	0.0189873417722
yox-	0.0409045156364	0.107944882163	0.71604595467	0.13510464753
anz-	0.18989679522	0.74680427304	0.03164946587	0.03164946587
pri-	0.0431351920042	0.952130457654	0.0	0.00473435034192
yoj-	0.823981510368	0.086242002532	0.0303359099434	0.0594405771568
tiẍ-	0.469078179697	0.499416569428	0.0175029171528	0.0140023337223
arp-	0.0530749789385	0.941870261163	0.0050547598989	0.0
138-	0.0	0.666666666667	0.0	0.333333333333
iẍt-	0.142857142857	0.428571428572	0.428571428571	0.0
uẍt-	0.190476190476	0.64001747488	0.114460463084	0.0550458715596
men-	0.118139048615	0.804234187141	0.0619445896497	0.0156821745949
ald-	0.0184146166019	0.968349877715	0.00489138253489	0.00834412314775
sie-	0.090909090909	0.909090909091	0.0	0.0
lub-	0.283146067416	0.103370786517	0.613483146067	0.0
axc-	0.143227355722	0.0276664913482	0.017858154212	0.811247998718
lup-	0.357142857143	0.142857142857	0.428571428571	0.0714285714287
deb-	0.0	0.975609756098	0.0243902439025	0.0
axu-	0.0	1.0	0.0	0.0
bos-	0.0	0.909090909091	0.0909090909092	0.0
aza-	0.0	1.0	0.0	0.0
rim-	0.10756302521	0.89243697479	0.0	0.0
siw-	0.0540540540542	0.945945945946	0.0	0.0
ará-	0.0	1.0	0.0	0.0
jub-	0.0	1.0	0.0	0.0
tze-	0.114590417439	0.295133210916	0.0201514454684	0.570124926176
yij-	0.25137470542	0.670070699136	0.0785545954438	0.0
pit-	0.365991492633	0.338547808086	0.221610809772	0.073849889509
oxj-	0.129783693844	0.251247920133	0.0998336106489	0.519134775374
ara-	0.0394600207685	0.913811007269	0.0389408099688	0.00778816199377
bra-	0.0	1.0	0.0	0.0
utb-	0.577540106952	0.128342245989	0.251336898396	0.0427807486631
eti-	0.0971205466081	0.835529526598	0.0614934114202	0.00585651537335
elí-	0.0094125029414	0.987528433603	0.00094125029414	0.00211781316181
bes-	0.529235382309	0.323838080959	0.0524737631184	0.0944527736132
ent-	0.46732198233	0.216722251477	0.0362764027851	0.279679363408
pad-	0.0	0.884057971015	0.115942028985	0.0
cle-	0.074427480916	0.908396946565	0.0114503816794	0.0057251908397
zer-	0.0115606936416	0.988439306358	0.0	0.0
pet-	0.275484909662	0.168813302326	0.0414632899747	0.514238498037
anf-	0.037037037037	0.962962962963	0.0	0.0
bie-	0.106239134634	0.72595132316	0.0235416264246	0.144267915781
quí-	0.0	0.970588235294	0.0294117647059	0.0
lot-	0.217008652658	0.702002472188	0.0747589616811	0.00622991347343
atu-	0.0800326939516	0.820048291066	0.00731114743773	0.0926078675445
tu'-	0.0280080159245	0.00462326651879	0.000164385400945	0.967204332156
awa-	0.240746828721	0.680288211459	0.032741568706	0.0462233911144
ere-	0.0	1.0	0.0	0.0
sua-	0.0	1.0	0.0	0.0
cun-	0.0	1.0	0.0	0.0
bau-	0.726575770444	0.243774265955	0.0225976704683	0.00705229313274
chu-	0.242944397641	0.533277169335	0.131529064869	0.092249368155
lep-	0.0773881499395	0.760234928312	0.159267576438	0.00310934531007
jeo-	0.3726132024	0.33769776323	0.170758319695	0.118930714675
dav-	0.00326441784549	0.986158868335	0.00221980413493	0.00835690968444
pát-	0.0	1.0	0.0	0.0
dot-	0.142857142857	0.857142857143	0.0	0.0
tan-	0.536926500864	0.34571482681	0.0563998425277	0.0609588297987
067-	0.0	0.25	0.0	0.75
dep-	0.0241935483871	0.975806451613	0.0	0.0
nea-	0.0	0.875	0.125	0.0
rem-	0.0	0.974358974359	0.025641025641	0.0
caí-	0.0	0.992156862745	0.00784313725489	0.0
ohe-	0.0	1.0	0.0	0.0
lah-	0.0	1.0	0.0	0.0
220-	0.0	1.0	0.0	0.0
jao-	0.287281435892	0.48782607576	0.0582301135632	0.166662374784
abu-	0.0	1.0	0.0	0.0
jay-	0.639011198975	0.133011400403	0.0446441122385	0.183333288384
vai-	0.0	1.0	0.0	0.0
acá-	0.263157894737	0.701754385965	0.0350877192983	0.0
ton-	0.510859433507	0.0520280985295	0.0121595954034	0.42495287256
usl-	0.0917293233083	0.206015037594	0.0541353383458	0.648120300752
gun-	0.0	1.0	0.0	0.0
yaa-	0.445324743166	0.495908061989	0.0352603169075	0.0235068779384
ok'-	0.260224084598	0.586026287324	0.121640609968	0.0321090181108
950-	0.0	0.0	0.0	1.0
aya-	0.117160649838	0.156883377181	0.0260750245217	0.699880948459
jot-	0.312390893709	0.665675944245	0.0162932060911	0.00563995595463
bee-	0.039768019884	0.927091963546	0.03314001657	0.0
elz-	0.0	1.0	0.0	0.0
noe-	0.0	0.969512195122	0.0121951219512	0.0182926829268
ask-	0.0	1.0	0.0	0.0
tin-	0.258299164966	0.161781975399	0.0326056666254	0.547313193009
wul-	0.416666666667	0.166666666667	0.25	0.166666666667
ido-	0.0	1.0	0.0	0.0
aek-	0.488820923856	0.354039232229	0.0532588061591	0.103881037756
han-	0.0330448465775	0.957513768686	0.00944138473642	0.0
ayo-	0.250033489715	0.112595210189	0.0254960437768	0.61187525632
pub-	0.0576923076923	0.923076923077	0.0192307692307	0.0
evi-	0.0	0.916666666667	0.0833333333333	0.0
top-	0.151559942987	0.770363722747	0.0734836087209	0.00459272554506
tér-	0.368686868687	0.60101010101	0.020202020202	0.010101010101
273-	0.428571428571	0.25	0.0	0.321428571429
wop-	0.324647336099	0.328330005827	0.0753568017324	0.271665856341
dof-	0.0	1.0	0.0	0.0
alú-	0.0	1.0	0.0	0.0
cux-	0.340909090909	0.659090909091	0.0	0.0
720-	0.0	0.238095238095	0.0	0.761904761905
jea-	0.0	1.0	0.0	0.0
rom-	0.0293627620792	0.801388957622	0.165289256198	0.00395902410056
joo-	0.589081179106	0.332807452318	0.0605206046077	0.017590763969
oyn-	0.725995316159	0.133489461358	0.0421545667447	0.0983606557377
ti'-	0.171434130304	0.0284024721301	0.00456608901726	0.795597308549
ulo-	0.421404682274	0.432393693263	0.0516005733397	0.0946010511228
txu-	0.0659558776881	0.874735100428	0.0278151577458	0.0314938641381
jes-	0.010855466102	0.803198552727	0.00389796547025	0.182048015701
zía-	0.0	1.0	0.0	0.0
haz-	0.0171428571429	0.908571428571	0.0742857142857	0.0
anc-	0.0896973063039	0.661760622049	0.214384893085	0.0341571785615
mak-	0.461520261361	0.40693851098	0.0660501210836	0.0654911065759
580-	0.0	1.0	0.0	0.0
ocb-	0.444444444444	0.333333333333	0.222222222222	0.0
hup-	0.0	1.0	0.0	0.0
nik-	0.53320683112	0.246679316888	0.220113851992	0.0
322-	0.0	1.0	0.0	0.0
teb-	0.031746031746	0.777777777778	0.0	0.190476190476
160-	0.0	1.0	0.0	0.0
yun-	0.369912423149	0.299012306562	0.038855248893	0.292220021396
ujo-	0.510128152129	0.369574204217	0.0	0.120297643654
yao-	0.62378998977	0.170003208125	0.031112046006	0.175094756099
ajc-	0.178790899547	0.634861628606	0.0323853098602	0.153962161987
may-	0.512180901002	0.23033375315	0.0887156820299	0.168769663818
irí-	0.3	0.7	0.0	0.0
oq'-	0.311855670103	0.51030927835	0.131443298969	0.0463917525773
cap-	0.0278016009148	0.948756432247	0.0102915951973	0.0131503716409
284-	0.0	0.0	0.0	1.0
cim-	0.115169644966	0.794825369335	0.0679629483848	0.022042037314
azá-	0.0	1.0	0.0	0.0
sef-	0.0	1.0	0.0	0.0
gad-	0.0115038694834	0.976992261033	0.0115038694834	0.0
jik-	0.515171785857	0.270012083791	0.0990246471466	0.115791483205
amo-	0.00723327305605	0.979204339964	0.00723327305606	0.00632911392405
afr-	0.0634920634921	0.873015873016	0.031746031746	0.031746031746
put-	0.0	1.0	0.0	0.0
beó-	0.0	1.0	0.0	0.0
jie-	0.450039929907	0.24442837456	0.191301376933	0.1142303186
115-	0.0	1.0	0.0	0.0
iró-	0.0	1.0	0.0	0.0
uca-	0.0	1.0	0.0	0.0
zus-	0.0	1.0	0.0	0.0
jus-	0.0	1.0	0.0	0.0
teó-	0.238147739801	0.71223814774	0.0	0.0496141124586
eze-	0.0097442143727	0.985383678441	0.00487210718636	0.0
jos-	0.0291685335031	0.96028510238	0.00361286025175	0.00693350386549
meq-	0.0	1.0	0.0	0.0
yec-	0.320532809374	0.467091711173	0.0577462905527	0.154629188901
sav-	0.0	1.0	0.0	0.0
iga-	0.0	1.0	0.0	0.0
kel-	0.0	1.0	0.0	0.0
izr-	0.0	1.0	0.0	0.0
eme-	0.0	1.0	0.0	0.0
azr-	0.0	1.0	0.0	0.0
pos-	0.379323471829	0.475038068305	0.118446813139	0.0271916467261
bur-	0.0257285636535	0.971302755925	0.00296868042155	0.0
ile-	0.54557726199	0.282537777944	0.112115189921	0.059769770145
sif-	0.0	1.0	0.0	0.0
bol-	0.481116584565	0.372742200328	0.146141215107	0.0
fla-	0.0205128205128	0.979487179487	0.0	0.0
efe-	0.0099239166391	0.984121733377	0.00198478332782	0.00396956665564
atz-	0.00878892627851	0.96337947384	0.0278315998819	0.0
yok-	0.518881831095	0.304360644314	0.0932700812093	0.0834874433813
bah-	0.0	0.869565217391	0.130434782609	0.0
ore-	0.0	1.0	0.0	0.0
139-	0.0	0.5	0.0	0.5
aco-	0.0	1.0	0.0	0.0
meo-	0.0	1.0	0.0	0.0
opi-	0.129735339907	0.748832381941	0.0786196159834	0.0428126621692
rib-	0.0	1.0	0.0	0.0
ade-	0.0	1.0	0.0	0.0
eic-	0.181818181818	0.090909090909	0.363636363636	0.363636363637
yoy-	0.351833536921	0.595642466349	0.0154482343324	0.0370757623978
axt-	0.229166666667	0.3125	0.0833333333334	0.375
aca-	0.141487586293	0.510906564524	0.200376418	0.147229431182
web-	0.76	0.16	0.0799999999999	0.0
eke-	0.411129568106	0.28488372093	0.12292358804	0.181063122924
t'a-	0.682462251156	0.163892715197	0.0118883634417	0.141756670205
omr-	0.0	1.0	0.0	0.0
jue-	0.180291078172	0.749076102294	0.038057866233	0.0325749533011
ced-	0.0127795527157	0.984025559105	0.00319488817891	0.0
sot-	0.0	1.0	0.0	0.0
biz-	0.0	1.0	0.0	0.0
yik-	0.521893498594	0.313748906668	0.0596963509198	0.104661243819
zam-	0.0	1.0	0.0	0.0
642-	0.0	0.2	0.0	0.8
ved-	0.0	0.875	0.125	0.0
cir-	0.439443312967	0.547997284454	0.0082145281738	0.00434487440598
pak-	0.421430415415	0.471184356916	0.0557013173647	0.0516839103039
ute-	0.334165279256	0.519637411069	0.0800604314885	0.0661368781861
for-	0.0	1.0	0.0	0.0
low-	0.665005912642	0.262786910256	0.0198004957791	0.0524066813237
oxw-	0.0989130434782	0.129891304348	0.0222826086956	0.748913043478
ber-	0.0270880436585	0.936886936642	0.0268802070064	0.00914481269289
emi-	0.0	1.0	0.0	0.0
iqu-	0.395875616867	0.409805955191	0.134653488932	0.0596649390101
viv-	0.444444444444	0.52380952381	0.0	0.031746031746
ane-	0.491894395554	0.320518758684	0.0500231588698	0.137563686892
ahi-	0.035799522673	0.951471758154	0.00636435958633	0.00636435958632
bid-	0.25	0.75	0.0	0.0
awb-	0.449684303308	0.489540646046	0.0566893329554	0.00408571769047
zar-	0.0	1.0	0.0	0.0
hav-	0.0	1.0	0.0	0.0
cor-	0.054008200162	0.898287413938	0.0361654910715	0.0115388948283
isi-	0.0	1.0	0.0	0.0
xut-	0.0638297872341	0.553191489362	0.255319148936	0.127659574468
ahb-	0.0	1.0	0.0	0.0
nax-	0.75	0.0	0.0	0.25
ote-	0.548131370329	0.23442808607	0.0679501698754	0.149490373726
bat-	0.329479734847	0.586908433407	0.0315358377416	0.0520759940051
zib-	0.0	1.0	0.0	0.0
218-	0.0	0.0	0.0	1.0
loi-	0.0793650793651	0.857142857143	0.0634920634921	0.0
jen-	0.33442111647	0.593092095763	0.0415860455714	0.0309007421954
oso-	0.0933333333333	0.853333333333	0.0533333333333	0.0
pay-	0.170595939925	0.402107860898	0.154739504063	0.272556695113
abl-	0.480203880962	0.388156442518	0.0549836453756	0.076656031144
onx-	0.466304985688	0.324949999401	0.0835339345381	0.125211080372
sub-	0.202676467559	0.175153911097	0.56207369201	0.0600959293343
woc-	0.480865857431	0.09958433541	0.0266331483831	0.392916658776
señ-	0.036809815951	0.852760736196	0.0920245398773	0.0184049079755
tam-	0.0355849451461	0.0660756735215	0.0140289043733	0.884310476959
jan-	0.186895112205	0.341219422199	0.110208308311	0.361677157286
lag-	0.25	0.75	0.0	0.0
rel-	0.157731639293	0.781530833592	0.0235512860241	0.0371862410908
toa-	0.0797872340425	0.803191489362	0.0851063829787	0.031914893617
edo-	0.00317712470215	0.996822875298	0.0	0.0
nod-	0.0	1.0	0.0	0.0
vah-	0.0	1.0	0.0	0.0
fel-	0.00278253424658	0.985659246575	0.0	0.0115582191781
die-	0.138300349243	0.850523864959	0.00838183934808	0.00279394644936
250-	0.105571847507	0.384164222874	0.0263929618769	0.483870967742
pio-	0.0	1.0	0.0	0.0
etz-	0.0	0.333333333333	0.333333333333	0.333333333334
bed-	0.0	1.0	0.0	0.0
ẍic-	0.277498428661	0.292269013199	0.190446260214	0.239786297926
xea-	0.647058823529	0.352941176471	0.0	0.0
tim-	0.0152813629324	0.968817759422	0.00929272070211	0.00660815694373
tri-	0.0500771874741	0.908853864689	0.0199235427727	0.0211454050639
zen-	0.0162601626016	0.861788617886	0.0	0.121951219512
ja'-	0.101131541726	0.198727015559	0.021216407355	0.678925035361
rah-	0.0480769230769	0.932692307692	0.0192307692308	0.0
ayl-	0.248913936832	0.332511447693	0.200187859575	0.2183867559
il--	0.55393551359	0.292909686543	0.0785014552083	0.0746533446588
mol-	0.133333333333	0.774885844749	0.086301369863	0.0054794520548
elo-	0.488383386906	0.181041483949	0.0346733867834	0.295901742362
fur-	0.0	1.0	0.0	0.0
jix-	0.666666666667	0.333333333333	0.0	0.0
zan-	0.0	1.0	0.0	0.0
tes-	0.192208476295	0.759621848689	0.011448926603	0.0367207484134
naj-	0.148744975718	0.406343709499	0.139140715213	0.305770599569
oba-	0.0	1.0	0.0	0.0
cuy-	0.294091789414	0.624138869982	0.0324909067268	0.0492784338767
oyo-	0.336734693878	0.255102040816	0.0204081632653	0.387755102041
180-	0.0	0.240963855421	0.0722891566267	0.686746987952
lee-	0.619047619048	0.0	0.285714285714	0.095238095238
jon-	0.012849708383	0.977755727044	0.00578236877235	0.003612195801
jer-	0.0090907904638	0.977584024567	0.00222485135035	0.011100333619
het-	0.0	1.0	0.0	0.0
365-	0.0	0.153846153846	0.0	0.846153846154
uln-	0.479715489989	0.238079557429	0.0948366701792	0.187368282402
xot-	0.478021978022	0.45054945055	0.054945054945	0.0164835164835
adó-	0.0	1.0	0.0	0.0
mah-	0.0193330111165	0.977767037216	0.0	0.00289995166747
eda-	0.0	1.0	0.0	0.0
tum-	0.166679293137	0.776715690311	0.0368528247611	0.0197521917906
eno-	0.0334728033473	0.849372384937	0.100418410042	0.0167364016736
928-	0.0	0.714285714286	0.0	0.285714285714
ite-	0.836316912758	0.0606298183718	0.0792717452851	0.0237815235855
t'o-	0.693277310924	0.243697478992	0.0252100840336	0.0378151260504
yuo-	0.583333333333	0.416666666667	0.0	0.0
tea-	0.735096482998	0.142125415219	0.0839313335192	0.0388467682634
yán-	0.0152424942263	0.973210161663	0.0027713625866	0.00877598152425
ujn-	0.275229357798	0.577981651376	0.091743119266	0.0550458715596
sue-	0.186783343392	0.8101991551	0.0	0.00301750150875
yal-	0.663321742588	0.102373515073	0.0339436205626	0.200361121775
ajb-	0.107784431138	0.874251497006	0.0179640718563	0.0
wii-	0.344827586207	0.542319749216	0.0188087774295	0.0940438871474
zaa-	0.0	1.0	0.0	0.0
seg-	0.0	0.948717948718	0.0512820512821	0.0
mil-	0.0740809312218	0.602441039079	0.0691675211727	0.254310508526
ast-	0.0	1.0	0.0	0.0
asp-	0.0377358490566	0.77358490566	0.188679245283	0.0
wuq-	0.544540321021	0.377914380099	0.0413574927358	0.0361878061438
hum-	0.0	1.0	0.0	0.0
170-	0.0	1.0	0.0	0.0
así-	0.0	1.0	0.0	0.0
ya'-	0.207265745686	0.265690945468	0.466924042521	0.0601192663255
jid-	0.0	1.0	0.0	0.0
lo--	0.0655737704916	0.836065573771	0.0983606557376	0.0
jur-	0.26	0.68	0.06	0.0
occ-	0.524497678783	0.288988534039	0.044474771229	0.14203901595
112-	0.0	0.5	0.25	0.25
éba-	0.0	1.0	0.0	0.0
alt-	0.0216500335749	0.963472804316	0.00833584180425	0.00654132030472
buc-	0.40476556089	0.424003270675	0.114815941409	0.0564152270253
jor-	0.0110459566344	0.985272057821	0.0036819855448	0.0
naí-	0.0344827586207	0.862068965517	0.0	0.103448275862
saw-	0.0992419021364	0.611302549966	0.262577532736	0.026878015162
uzi-	0.0	0.993333333333	0.00666666666666	0.0
845-	0.0	1.0	0.0	0.0
boc-	0.596004439512	0.380688124306	0.00998890122086	0.0133185349612
por-	0.515950802783	0.422625614281	0.037153198822	0.024270384114
taẍ-	0.333333333333	0.444444444444	0.222222222222	0.0
alf-	0.0	0.996	0.0	0.004
lip-	0.666666666667	0.0	0.333333333333	0.0
cos-	0.0	0.983333333333	0.0166666666667	0.0
ezr-	0.0	1.0	0.0	0.0
bak-	0.121328222608	0.399750101101	0.122635499747	0.356286176543
ped-	0.0148329640986	0.967671180622	0.00355785736293	0.0139379979166
123-	0.0	0.181818181818	0.0	0.818181818182
say-	0.744877582077	0.163975163256	0.0338391005349	0.0573081541316
epa-	0.089497716895	0.743835616438	0.0890410958904	0.0776255707764
ord-	0.372738238842	0.562123039807	0.0506634499397	0.0144752714114
seq-	0.346836946674	0.620647089575	0.0325159637507	0.0
ajp-	0.0	1.0	0.0	0.0
avé-	0.0	1.0	0.0	0.0
650-	0.0	0.222222222222	0.222222222222	0.555555555556
mel-	0.501306466887	0.227181452632	0.0111495916981	0.260362488782
weq-	0.47619047619	0.253968253968	0.0	0.269841269841
wec-	0.481874771146	0.298059318931	0.054192603442	0.165873306481
acb-	0.631494849773	0.278112249265	0.0602619339743	0.0301309669872
láz-	0.0200704225352	0.919014084507	0.0408450704225	0.0200704225352
boq-	0.166666666667	0.833333333333	0.0	0.0
jud-	0.0147089125232	0.951165776418	0.0260734494619	0.00805186159674
cee-	0.0	1.0	0.0	0.0
cis-	0.0411522633745	0.958847736626	0.0	0.0
itr-	0.0	1.0	0.0	0.0
mu'-	0.130434782609	0.869565217391	0.0	0.0
paj-	0.217821782178	0.519251925193	0.243124312431	0.019801980198
cie-	0.102803562351	0.391086592231	0.0672177138446	0.438892131574
etk-	0.7	0.133333333333	0.0833333333333	0.0833333333333
pix-	0.351065377226	0.519914393422	0.0516969690516	0.0773232603005
ẍal-	0.124040165387	0.849379799173	0.02658003544	0.0
ca'-	0.0	0.923076923077	0.0769230769231	0.0
yu'-	0.275862068966	0.724137931034	0.0	0.0
pre-	0.139346573706	0.816049869217	0.0227762844649	0.0218272726122
iny-	0.35434093625	0.474203772017	0.0514365875201	0.120018704214
azg-	0.0	1.0	0.0	0.0
per-	0.0985938116964	0.821449011745	0.0520022238521	0.0279549527066
675-	0.142857142857	0.571428571429	0.0	0.285714285714
bae-	0.5	0.0	0.0	0.5
xue-	0.764705882353	0.235294117647	0.0	0.0
lid-	0.0	1.0	0.0	0.0
zim-	0.0265486725664	0.973451327434	0.0	0.0
ata-	0.45296025953	0.223711326499	0.0910746812386	0.232253732732
dat-	0.0461538461538	0.953846153846	0.0	0.0
lev-	0.0147023667225	0.96856323213	0.0127898637341	0.00394453741334
sed-	0.0126262626263	0.987373737374	0.0	0.0
suc-	0.0563186813187	0.572802197802	0.362637362637	0.00824175824177
saú-	0.00502895458701	0.991313623895	0.00365742151783	0.0
nec-	0.063492063492	0.873015873016	0.031746031746	0.031746031746
imn-	0.0	1.0	0.0	0.0
222-	0.0	1.0	0.0	0.0
jai-	0.0394218134034	0.88961892247	0.0315374507227	0.0394218134034
tal-	0.178853445619	0.315392078558	0.0572749746423	0.44847950118
360-	0.0	0.272727272727	0.0	0.727272727273
782-	0.0	0.5	0.0	0.5
450-	0.0234192037471	0.180327868852	0.0468384074941	0.749414519906
nem-	0.0	1.0	0.0	0.0
req-	0.0	1.0	0.0	0.0
q'u-	0.271854870061	0.45027138168	0.180381149732	0.0974925985279
chi-	0.356838102684	0.0625345620318	0.00730614996104	0.573321185323
ijb-	0.279060307129	0.686769043018	0.0170853249263	0.0170853249263
txo-	0.407631647044	0.509688193572	0.0586804958947	0.0239996634895
pin-	0.0	0.907692307692	0.0923076923076	0.0
hac-	0.0	1.0	0.0	0.0
pax-	0.201235889594	0.0816325543782	0.0271653919433	0.689966164085
til-	0.0981069674457	0.598563565911	0.0293703877385	0.273959078905
cás-	0.06	0.835	0.06	0.045
wun-	0.588660057314	0.218916041362	0.0378144788491	0.154609422474
suh-	0.0	1.0	0.0	0.0
ray-	0.0621118012422	0.925465838509	0.0124223602484	0.0
pur-	0.492457160683	0.221650288567	0.141720703256	0.144171847494
aym-	0.222369795127	0.129823818893	0.0544160143451	0.593390371635
evo-	0.125	0.875	0.0	0.0
tiz-	0.0	1.0	0.0	0.0
ard-	0.0	1.0	0.0	0.0
exo-	0.8	0.2	0.0	0.0
zeq-	0.0	1.0	0.0	0.0
eln-	0.342959438451	0.498751589956	0.050878598012	0.107410373581
ter-	0.0	1.0	0.0	0.0
zai-	0.0	1.0	0.0	0.0
dab-	0.0	1.0	0.0	0.0
215-	0.0	1.0	0.0	0.0
240-	0.0	0.75	0.0	0.25
956-	0.0	1.0	0.0	0.0
ker-	0.0	0.333333333333	0.666666666667	0.0
oli-	0.013482114684	0.931442012564	0.0533547517282	0.00172112102349
won-	0.909090909091	0.090909090909	0.0	0.0
jec-	0.556193784725	0.322795097783	0.0452290087503	0.0757821087414
ula-	0.28391959799	0.5	0.195979899498	0.0201005025126
cut-	0.0330585020514	0.929551843889	0.0283336089521	0.00905604510699
yul-	0.0346316618554	0.227782367007	0.0201189729141	0.717466998223
col-	0.452663599174	0.450146541357	0.0526600197476	0.0445298397218
ipt-	0.559675550406	0.342989571263	0.0672074159907	0.0301274623407
pi--	0.0	1.0	0.0	0.0
joc-	0.419686218267	0.223273495375	0.0448283621722	0.312211924186
nim-	0.0	1.0	0.0	0.0
tor-	0.0119840213049	0.980026631158	0.00798934753661	0.0
avi-	0.0	1.0	0.0	0.0
lin-	0.0110776047757	0.961228383285	0.0276940119392	0.0
hoh-	0.0	1.0	0.0	0.0
mez-	0.0	1.0	0.0	0.0
yam-	0.0523366907407	0.879651520549	0.0194319396314	0.0485798490786
324-	0.0	1.0	0.0	0.0
mai-	0.0	1.0	0.0	0.0
ese-	0.0	1.0	0.0	0.0
ape-	0.0392156862745	0.960784313725	0.0	0.0
ocr-	0.0	1.0	0.0	0.0
águ-	0.027972027972	0.972027972028	0.0	0.0
aja-	0.602247529074	0.281340493211	0.0303326984186	0.0860792792961
hul-	0.0681818181819	0.863636363636	0.0	0.0681818181818
ato-	0.338605790415	0.239599803012	0.113881617031	0.307912789542
148-	0.0	0.0	0.0	1.0
arg-	0.00328947368423	0.963815789474	0.0328947368423	0.0
car-	0.159152509654	0.76185057729	0.022640942796	0.0563559702595
mim-	0.138377025761	0.439993078029	0.303248478176	0.118381418034
182-	0.0	0.2	0.0	0.8
yes-	0.0567696321222	0.880633483308	0.0452521834474	0.0173447011229
zom-	0.0	1.0	0.0	0.0
pól-	0.0821917808219	0.856164383562	0.041095890411	0.0205479452055
pun-	0.0750849174661	0.649603718491	0.250283058221	0.0250283058221
tur-	0.497192423734	0.463208179685	0.0087998659068	0.0307995306738
okl-	1.0	0.0	0.0	0.0
wax-	0.0670482649422	0.33221469457	0.247384977545	0.353352062943
pir-	0.0113636363636	0.943181818182	0.0454545454545	0.0
nup-	0.0894227516631	0.891474924884	0.0137297949817	0.00537252847108
cet-	0.0	1.0	0.0	0.0
waj-	0.38958229993	0.341384184228	0.116495948322	0.15253756752
100-	0.00905918808992	0.123466456576	0.0239040761365	0.843570279198
mna-	0.0891089108911	0.851485148515	0.0594059405941	0.0
jeg-	0.0	1.0	0.0	0.0
xe'-	0.312623015352	0.625049206141	0.0255871932817	0.036740585225
joq-	0.946488098719	0.0535119012808	0.0	0.0
wa'-	0.566037735849	0.0754716981132	0.283018867924	0.0754716981132
poc-	0.621052631579	0.284210526316	0.0	0.0947368421052
ufa-	0.333333333333	0.666666666667	0.0	0.0
bub-	0.0	1.0	0.0	0.0
cob-	0.153846153846	0.846153846154	0.0	0.0
iek-	0.663281348944	0.218300852375	0.0644627298903	0.0539550687909
sih-	0.0	1.0	0.0	0.0
mem-	0.343023255814	0.552325581395	0.104651162791	0.0
ewi-	0.455484505657	0.396950319725	0.065912444663	0.0816527299557
ala-	0.61021392377	0.241858438869	0.0509779044795	0.0969497328819
but-	0.539130434783	0.278260869565	0.130434782609	0.0521739130436
cop-	0.0529411764706	0.876470588235	0.0235294117647	0.0470588235294
baj-	0.400174420239	0.368278116478	0.162514679199	0.0690327840844
pom-	0.328018223235	0.5284738041	0.123006833713	0.0205011389522
122-	0.0	1.0	0.0	0.0
álo-	0.0666666666667	0.866666666667	0.0111111111111	0.0555555555555
pec-	0.325581395349	0.418604651163	0.209302325581	0.046511627907
anu-	0.0	1.0	0.0	0.0
gob-	0.106382978723	0.885736800631	0.00394011032309	0.00394011032308
lug-	0.0738473425358	0.768978172687	0.0268544796264	0.130320005151
ser-	0.407008266038	0.502779961409	0.0267514709736	0.0634603015794
abw-	0.0	0.0	0.0	1.0
cri-	0.0164900020904	0.949102572905	0.00706484997057	0.0273425750338
rin-	0.0	1.0	0.0	0.0
siz-	0.0	1.0	0.0	0.0
goa-	0.0	1.0	0.0	0.0
aq'-	0.00909090909091	0.872727272727	0.118181818182	0.0
fél-	0.11623246493	0.847695390782	0.0060120240481	0.0300601202405
bit-	0.444957462272	0.514941644222	0.0195801804113	0.0205207130948
uri-	0.0	1.0	0.0	0.0
yii-	0.646925355878	0.27143098008	0.0563817231496	0.0252619408917
cef-	0.306532663317	0.51256281407	0.0	0.180904522613
818-	0.0	0.4	0.0	0.6
gez-	0.0	1.0	0.0	0.0
yig-	0.00347826086957	0.967536231884	0.00782608695652	0.0211594202898
sur-	0.02459389707	0.457416122666	0.309397297707	0.208592682557
sak-	0.206878640359	0.492732150535	0.244309181068	0.056080028039
fri-	0.0	0.967741935484	0.0322580645161	0.0
390-	0.0	0.0	0.0	1.0
ico-	0.0	0.980327868852	0.0131147540984	0.00655737704918
bet-	0.532470684906	0.331137041796	0.0201626781858	0.116229595112
law-	0.165354330709	0.799212598425	0.0295275590551	0.00590551181104
sal-	0.039693957964	0.941888045541	0.0130649827356	0.00535301375971
eca-	0.243407707911	0.556795131846	0.115618661258	0.0841784989857
hob-	0.095238095238	0.904761904762	0.0	0.0
gih-	0.0	1.0	0.0	0.0
soh-	0.0	1.0	0.0	0.0
xak-	0.159558183153	0.736663605099	0.0684661548202	0.0353120569273
sán-	0.0526315789473	0.736842105263	0.157894736842	0.0526315789475
bav-	0.0	1.0	0.0	0.0
zil-	0.0121951219512	0.987804878049	0.0	0.0
lic-	0.0976163450624	0.719636776391	0.172531214529	0.0102156640182
fer-	0.0	0.983870967742	0.0	0.016129032258
xay-	0.729623137599	0.161919368975	0.108457493427	0.0
onz-	0.0	1.0	0.0	0.0
sul-	0.142857142857	0.619047619048	0.238095238095	0.0
ma'-	0.409207161125	0.125319693095	0.322250639386	0.143222506394
naz-	0.0169934640523	0.968191721133	0.0148148148148	0.0
neb-	0.0	1.0	0.0	0.0
t'u-	0.599463395937	0.29436565734	0.077041011882	0.0291299348409
223-	0.0	0.0	0.0	1.0
jah-	0.0	0.995454545455	0.00454545454545	0.0
lae-	0.0	1.0	0.0	0.0
tak-	0.556166111053	0.2802746106	0.133077092525	0.0304821858216
mun-	0.501917917375	0.264286895008	0.0735802113311	0.160214976286
tay-	0.390549451397	0.488124374396	0.0598651106366	0.0614610635701
toc-	0.275599716111	0.231063165366	0.0846557842442	0.40868133428
209-	0.0	0.75	0.0	0.25
nob-	0.0	1.0	0.0	0.0
rep-	0.344827586207	0.568965517241	0.0862068965518	0.0
saf-	0.0123076923077	0.981538461538	0.00615384615385	0.0
awl-	0.390182248135	0.323011375219	0.192624454683	0.0941819219636
jaz-	0.0	1.0	0.0	0.0
ija-	0.368560935648	0.290562479959	0.104857082292	0.236019502101
abe-	0.636904086262	0.282157931094	0.0383806774621	0.0425573051827
leu-	0.0	1.0	0.0	0.0
asn-	0.0	1.0	0.0	0.0
tik-	0.124477296783	0.78216473063	0.0622386483915	0.0311193241958
pim-	0.253097345133	0.346902654867	0.309734513274	0.0902654867257
736-	0.0	0.117647058824	0.0	0.882352941176
séf-	0.0	1.0	0.0	0.0
ayj-	0.644664085266	0.197509166517	0.0250752777541	0.132751470463
tro-	0.122795372653	0.872937606675	0.00256021240281	0.00170680826854
beh-	0.0	1.0	0.0	0.0
ejm-	0.0804597701149	0.724137931034	0.195402298851	0.0
ela-	0.516121713312	0.25488781306	0.0291059448023	0.199884528826
etí-	0.103448275862	0.793103448276	0.0689655172414	0.0344827586207
itu-	0.0	1.0	0.0	0.0
zah-	0.0	1.0	0.0	0.0
teq-	0.356851169679	0.616715410345	0.0264334199763	0.0
fen-	0.0670391061452	0.836592178771	0.0209497206704	0.0754189944134
dic-	0.0	1.0	0.0	0.0
nal-	0.324754124164	0.594151640417	0.0531827311349	0.0279115042836
jeb-	0.0607521697204	0.878495660559	0.046287367406	0.0144648023144
lek-	0.267727077978	0.555484147386	0.144012425022	0.0327763496144
rob-	0.0882352941176	0.9064171123	0.00267379679144	0.00267379679144
jol-	0.120671830693	0.732010397604	0.031258742893	0.11605902881
ibr-	0.0	1.0	0.0	0.0
dom-	0.00669456066946	0.925523012552	0.0225941422594	0.0451882845188
jet-	0.149218172825	0.341756142845	0.0452085201146	0.463817164216
tx'-	0.268571910264	0.53736785683	0.07410867293	0.119951559976
yum-	0.8	0.2	0.0	0.0
com-	0.253558359041	0.376000672196	0.245065159027	0.125375809736
job-	0.0789313254687	0.834484860801	0.0654071166538	0.021176697077
tuc-	0.296072507553	0.253776435045	0.377643504532	0.0725075528701
nil-	0.145024525647	0.794897144378	0.0566561466216	0.00342218335298
taw-	0.346153846154	0.230769230769	0.0769230769231	0.346153846154
mon-	0.481737538277	0.372099630647	0.109227515232	0.0369353158443
xio-	0.75	0.0	0.25	0.0
yaj-	0.164920574333	0.679254997394	0.0504438762586	0.105380552015
man-	0.187311201664	0.132945879624	0.0412975188701	0.638445399842
gil-	0.0190476190476	0.980952380952	0.0	0.0
318-	0.0	0.5	0.5	0.0
wik-	0.302954548467	0.456965434937	0.0501078252089	0.189972191387
esp-	0.0331997083095	0.92601144646	0.0317394079107	0.00904943731995
900-	0.0	0.0	0.0	1.0
tíq-	0.0078125	0.9921875	0.0	0.0
mib-	0.0	1.0	0.0	0.0
yus-	0.0312703583062	0.182410423453	0.00977198697067	0.77654723127
wek-	0.34604749512	0.506750162655	0.108165256994	0.039037085231
sea-	0.0	1.0	0.0	0.0
yax-	0.319146199354	0.414628457841	0.235085151706	0.0311401910992
zeb-	0.00275355667737	0.997246443323	0.0	0.0
his-	0.0956175298804	0.844621513944	0.0478087649402	0.0119521912351
oqu-	0.269371681807	0.463218080671	0.188952466122	0.0784577714
asr-	0.0	1.0	0.0	0.0
amb-	0.0868950900742	0.786647827623	0.107382550336	0.0190745319675
172-	0.176470588236	0.117647058824	0.0	0.705882352941
okm-	0.444444444444	0.185185185185	0.0	0.37037037037
way-	0.314808514366	0.54324605819	0.0302298985818	0.111715528862
jit-	0.526443962983	0.245998555617	0.0796761895164	0.147881291883
jif-	0.0	1.0	0.0	0.0
igl-	0.00763533633656	0.987325341681	0.00137436054058	0.00366496144155
es--	0.0	0.714285714286	0.285714285714	0.0
arf-	0.0	1.0	0.0	0.0
300-	0.026441265713	0.107498916342	0.0910273081925	0.775032509753
yix-	0.117356864675	0.735817806834	0.134417554253	0.0124077742387
jut-	0.256848871697	0.292884643578	0.110480529586	0.339785955138
okc-	0.562814070352	0.195979899497	0.128140703518	0.113065326633
