-u-p	0.460087082729	0.358490566038	0.130624092888	0.0507982583454
-eus	0.0348837209302	0.96511627907	0.0	0.0
-hem	0.0	1.0	0.0	0.0
-lek	0.0	1.0	0.0	0.0
-ive	0.0141787597882	0.985821240212	0.0	0.0
-rbe	0.017094017094	0.982905982906	0.0	0.0
-mua	0.75577750575	0.1090585355	0.0210512649306	0.11411269382
-lem	0.00440457892684	0.992200224817	0.0	0.0033951962561
-aus	0.115269461078	0.808383233533	0.00898203592814	0.0673652694611
-oya	0.396208187417	0.489071368192	0.0531336795073	0.0615867648835
-oyo	0.713529536312	0.114439974592	0.0968663984756	0.0751640906204
-aua	0.144721540251	0.655381832278	0.0	0.199896627471
-aul	0.182741116751	0.720812182741	0.0964467005076	0.0
-aun	0.260355029586	0.218934911243	0.307692307692	0.213017751479
-uaa	0.349946267324	0.483775523021	0.0433769242579	0.122901285397
-uae	0.161994358562	0.477300304133	0.277974755354	0.0827305819506
-pus	0.168367346939	0.510204081633	0.168367346939	0.15306122449
ALL	0.219124665209	0.259712175922	0.0493128840559	0.471850274813
-apa	0.140366330169	0.746386834847	0.0526623806186	0.0605844543657
-pua	0.389802036911	0.162546667371	0.132090495091	0.315560800627
-opu	0.844559585492	0.0621761658031	0.0777202072539	0.0155440414508
-opo	0.261498651505	0.440010204825	0.174939864422	0.123551279248
-ope	0.37059102239	0.289692128984	0.18471512215	0.155001726476
-opa	0.0573518999292	0.580835496814	0.317441586028	0.0443710172292
-smi	0.240875912409	0.736183524505	0.0	0.0229405630865
-dea	0.524402672306	0.261772621827	0.0559959495567	0.15782875631
-ims	0.0520833333333	0.375	0.0208333333333	0.552083333333
-naa	0.111435007486	0.0553399018612	0.00611759735529	0.827107493297
-imu	0.0476628856305	0.0215904210584	0.00302692989085	0.92771976342
-dek	0.034322730349	0.965677269651	0.0	0.0
-400	0.369127516779	0.147651006711	0.0	0.48322147651
-ima	0.426499737656	0.220309421867	0.0534345737322	0.299756266744
-der	0.0333333333333	0.966666666667	0.0	0.0
-des	0.139534883721	0.860465116279	0.0	0.0
-aka	0.65923566879	0.238853503185	0.0286624203822	0.0732484076433
-imi	0.328541991115	0.135733708448	0.0268328285426	0.508891471895
-oka	0.19578313253	0.436746987952	0.29718875502	0.070281124498
-nes	0.0872727272727	0.912727272727	0.0	0.0
-obo	0.277237926973	0.482597173145	0.0368963486455	0.203268551237
-idi	0.495559912352	0.392111636489	0.0788836351055	0.0334448160535
-let	0.23863444313	0.679567348318	0.0638837248606	0.017914483691
-oba	0.398182048722	0.332754822247	0.075206441285	0.193856687747
-rpe	0.030303030303	0.969696969697	0.0	0.0
-ida	0.00900225056263	0.990997749437	0.0	0.0
-bia	0.0578547515548	0.55489166949	0.299911566931	0.0873420120246
-100	0.200825309491	0.136176066025	0.0	0.662998624484
-uta	0.393629124005	0.372013651877	0.0887372013652	0.145620022753
-tet	0.500152671756	0.452213740458	0.0476335877863	0.0
-ria	0.168100892223	0.635044294257	0.0339732650096	0.162881548511
-rin	0.107154418906	0.859825186144	0.00194237617352	0.0310780187763
-ril	0.0	0.724186704385	0.275813295615	0.0
-uti	0.550083116954	0.426341892319	0.0	0.0235749907266
-rik	0.00482922117833	0.557906752129	0.433751865835	0.00351216085698
-eru	0.814606741573	0.185393258427	0.0	0.0
-tea	0.426257538456	0.194972693292	0.0562400955316	0.322529672721
-rit	0.0152760804355	0.879559678554	0.0868329444876	0.0183312965226
-ris	0.0603621730382	0.915492957747	0.0	0.0241448692153
-sia	0.0135278514589	0.973872679045	0.00862068965517	0.00397877984085
-ten	0.568096638326	0.354898327012	0.00610097409547	0.0709040605659
-are	0.204596933992	0.164368658466	0.0370391421308	0.593995265412
-ara	0.132184398533	0.370489622835	0.0402557091149	0.457070269517
-mes	0.120939056201	0.86483281954	0.014228124259	0.0
-nil	0.384223918575	0.488549618321	0.0	0.127226463104
-lus	0.097995545657	0.832962138085	0.0489977728285	0.0200445434298
-ari	0.319150763806	0.452296663861	0.0537426474975	0.174809924836
-aru	0.247342425055	0.0446216704798	0.0643707841626	0.643665120303
-luk	0.126050420168	0.806722689076	0.0168067226891	0.0504201680672
-mea	0.146162520196	0.0570699851187	0.0462055425685	0.750561952117
-lun	0.0434782608696	0.95652173913	0.0	0.0
-mel	0.0850460666194	0.914953933381	0.0	0.0
-men	0.0	1.0	0.0	0.0
-lue	0.767772511848	0.175355450237	0.0568720379147	0.0
-mek	0.0	1.0	0.0	0.0
-aye	0.366396646462	0.460120092902	0.0535319775675	0.119951283068
-aya	0.439488648605	0.279777668942	0.098435936267	0.182297746186
-tya	0.387607595768	0.341021092056	0.0453380642618	0.226033247914
-ayo	0.152120844858	0.15954074616	0.0614424671608	0.626895941821
-rai	0.0801319213625	0.86184329185	0.00592615495607	0.0520986318311
-ebo	0.0406344212872	0.663127539651	0.0825796303578	0.213658408704
-tyu	0.0114285714286	0.988571428571	0.0	0.0
--na	0.0393067138874	0.565776601905	0.0217335185529	0.373183165655
-sre	0.118811881188	0.792079207921	0.0891089108911	0.0
-ubu	0.0359610984066	0.0726092006695	0.860892083391	0.0305376175328
-ubi	0.0680863027813	0.848336859942	0.0378257237674	0.0457511135091
-ubo	0.340845070423	0.354929577465	0.0169014084507	0.287323943662
-uba	0.146089524812	0.796357965177	0.0237386851844	0.0338138248267
-ube	0.0730759071631	0.807363956681	0.0338709114741	0.0856892246814
-umu	0.505041656238	0.152143597812	0.0064361568992	0.336378589051
-ota	0.0	0.982116244411	0.0178837555887	0.0
-ija	0.00770077007701	0.98899889989	0.003300330033	0.0
-oti	0.0405334728034	0.843357740586	0.0334728033473	0.0826359832636
-ali	0.0406335832231	0.36652051351	0.0197019621864	0.573143941081
-oam	0.0212264150943	0.936320754717	0.0	0.0424528301886
-oto	0.352142580905	0.387836126622	0.14657864059	0.113442651882
-ume	0.359433753594	0.407210794072	0.191329351913	0.0420261004203
-uma	0.166996494693	0.0663729989036	0.0173590461353	0.749271460268
-otu	0.0255111428447	0.91343904936	0.0166680021757	0.0443818056199
-umi	0.0665840018816	0.22156346077	0.0232299807651	0.688622556583
-ako	0.286622787512	0.462732366806	0.207462421062	0.0431824246197
-kia	0.451548700087	0.10055147821	0.238089314591	0.209810507111
-nai	0.037213740458	0.934160305344	0.0	0.0286259541985
-nan	0.0202360876897	0.807757166948	0.172006745362	0.0
-nao	0.347826086957	0.521739130435	0.0	0.130434782609
-aki	0.0983570842298	0.689016941443	0.026993493414	0.185632480913
-nam	0.0	1.0	0.0	0.0
-ake	0.257466424277	0.16435090833	0.088609647193	0.4895730202
-sip	0.163967299538	0.790107616255	0.0137826110964	0.0321424731105
-kim	0.0	1.0	0.0	0.0
-nae	0.69799270073	0.199361313869	0.0615875912409	0.0410583941606
-kis	0.0685362612771	0.907685852157	0.00909154486328	0.0146863417022
-sin	0.189175518462	0.769492015319	0.0381530457403	0.00317942047836
-sil	0.0950258094791	0.816283435007	0.0328484279681	0.0558423275458
-nas	0.0609137055837	0.868020304569	0.0101522842639	0.0609137055837
-aku	0.293324991578	0.505750998604	0.0628037922903	0.138120217527
-igi	0.504051863857	0.461912479741	0.0	0.0340356564019
-mos	0.0	0.981072555205	0.0189274447949	0.0
-gol	0.00911854103344	0.841945288754	0.148936170213	0.0
-lki	0.0	1.0	0.0	0.0
-mon	0.0149895421799	0.982686497792	0.000697188008366	0.00162677201952
-yau	0.295302013423	0.395973154362	0.228187919463	0.0805369127517
-ber	0.0	1.0	0.0	0.0
-bet	0.124495289367	0.727904890085	0.00448631673397	0.143113503813
-yae	0.224359590641	0.327117660417	0.270256406489	0.178266342452
-bek	0.0	0.907459338194	0.0	0.0925406618059
-yaa	0.137054688834	0.55319878836	0.0388961479337	0.270850374872
-bel	0.0226628895184	0.932011331445	0.0453257790368	0.0
-bea	0.279847631091	0.391788909841	0.16539729681	0.162966162258
-yai	0.182815772698	0.737273472361	0.0439395319188	0.0359712230216
-ofa	0.437331369695	0.453939836734	0.0652372761423	0.0434915174283
-iso	0.01102516304	0.965048752301	0.00283105977456	0.0210950248843
-upu	0.151973141766	0.163585550834	0.255412320872	0.429028986528
-isi	0.100524592918	0.846025238686	0.0238680291606	0.0295821392346
-rea	0.698488382444	0.0992632093579	0.0507271389742	0.151521269224
-isa	0.471631600195	0.0828713111673	0.0150658165438	0.430431272094
-upe	0.135597140941	0.264370474891	0.309962758206	0.290069625963
-upa	0.208080641233	0.131619948501	0.0622037427385	0.598095667528
-res	0.0364354030666	0.864885380295	0.0804615151055	0.0182177015333
-isu	0.189964349854	0.567989921462	0.1056102072	0.136435521484
-ret	0.0252718546869	0.938642852804	0.00996294271307	0.0261223497965
-upi	0.431280852169	0.399129644063	0.0730709275136	0.0965185762536
-ame	0.148699897474	0.308312157424	0.0726696236278	0.470318321475
-mas	0.0302267002519	0.944584382872	0.0050377833753	0.0201511335012
-mar	0.0	1.0	0.0	0.0
-mat	0.302904564315	0.659751037344	0.0248962655602	0.0124481327801
-hap	0.0696864111498	0.909407665505	0.0209059233449	0.0
-mak	0.056	0.917333333333	0.00533333333333	0.0213333333333
-man	0.0740512248607	0.833045630978	0.0107962533442	0.0821068908175
-maa	0.227681251507	0.254415733076	0.0197843248071	0.49811869061
-mae	0.142706131078	0.355179704017	0.3911205074	0.110993657505
--re	0.183663420669	0.649018249311	0.0543007168172	0.113017613202
--nu	0.0770205812462	0.847815912424	0.0479877764052	0.0271757299242
--ri	0.228908899238	0.563670462039	0.0484614793777	0.158959159345
-una	0.059633476404	0.125247112042	0.0366048727333	0.778514538821
-unu	0.227759620494	0.636213651984	0.0619373631036	0.0740893644186
-nki	0.0710970517207	0.882590813041	0.0137351579795	0.032576977259
-gae	0.301664145235	0.268381240545	0.375491679274	0.0544629349471
-ade	0.493605639732	0.160631621736	0.0497249170526	0.296037821479
-tra	0.0	1.0	0.0	0.0
-500	0.0852272727273	0.0852272727273	0.170454545455	0.659090909091
-gaa	0.245048253802	0.356141178409	0.213344385337	0.185466182451
-ada	0.204610348227	0.172783243377	0.0472992858852	0.57530712251
-ado	0.119659902978	0.238568884337	0.230183983248	0.411587229436
-gai	0.0	1.0	0.0	0.0
-adi	0.27496410137	0.570574766174	0.0488997555013	0.105561376955
-144	0.0	0.182519280206	0.0	0.817480719794
-adu	0.366131471497	0.394746033463	0.0740916722662	0.165030822774
-ini	0.154709149506	0.706892889275	0.0753774610212	0.063020500198
-sel	0.0538195832905	0.86759514207	0.0149477684981	0.0636375061409
-sek	0.0	1.0	0.0	0.0
-ina	0.208398081894	0.201374982136	0.0638746625561	0.526352273414
-sea	0.0483870967742	0.951612903226	0.0	0.0
-ing	0.0655372269282	0.867365135979	0.0336602764155	0.0334373606777
-800	0.0615384615385	0.803333333333	0.0679487179487	0.0671794871794
--mi	0.202189501694	0.737497339121	0.0238190245013	0.0364941346841
-iki	0.051272312951	0.881377389543	0.00405114571465	0.0632991517914
--me	0.144878543948	0.704710110538	0.0215795732289	0.128831772285
-set	0.0552825552825	0.649877149877	0.235872235872	0.0589680589681
-ses	0.131038905515	0.775545104746	0.0192389910218	0.0741769987175
-inu	0.0684100516176	0.288890306492	0.0266926212369	0.616007020654
-sep	0.027027027027	0.953316953317	0.003276003276	0.01638001638
-iae	0.447396281183	0.464961504625	0.0252593281078	0.0623828860845
-eda	0.168439793794	0.163398580237	0.0205301368067	0.647631489162
-iaa	0.280154087191	0.624936568985	0.0670845161166	0.0278248277074
-ede	0.443140277075	0.286393942256	0.107745323929	0.16272045674
-iam	0.0	1.0	0.0	0.0
-ian	0.0394704584457	0.847266486884	0.11326305467	0.0
-edo	0.401841182914	0.365331909453	0.13205097953	0.100775928104
-aoa	0.31884057971	0.652173913043	0.0289855072464	0.0
-nok	0.00720288115245	0.992797118848	0.0	0.0
-ias	0.028431372549	0.947058823529	0.0205882352941	0.00392156862745
-lap	0.644171779141	0.180981595092	0.138036809816	0.0368098159509
-kum	0.123287671233	0.835616438356	0.0	0.041095890411
-kul	0.267859640127	0.585423270558	0.039034821928	0.107682267388
-nea	0.399344488529	0.460928066241	0.0207003622563	0.119027082974
-bao	0.623762376238	0.346534653465	0.0	0.029702970297
-eka	0.608542319749	0.205721003135	0.08934169279	0.096394984326
-eke	0.252004813649	0.517897089377	0.0647096191221	0.165388477851
-bai	0.414414414414	0.396396396396	0.0	0.189189189189
-bae	0.379487179487	0.494017094017	0.112820512821	0.0136752136752
-eko	0.257953568358	0.394668959587	0.194325021496	0.153052450559
-baa	0.135973003149	0.663901399029	0.0462974948078	0.153828103014
-hor	0.0	1.0	0.0	0.0
-hos	0.0582889376371	0.919147602632	0.00564086493263	0.0169225947979
-jon	0.0503964465109	0.914815891071	0.00423429781228	0.0305533646063
-iru	0.256542067627	0.148934789461	0.0339618909882	0.560561251924
-bat	0.850678733032	0.0814479638009	0.0678733031674	0.0
-bau	0.231308411215	0.616822429907	0.151869158879	0.0
-bar	0.0	1.0	0.0	0.0
-bas	0.0634073085266	0.903762723177	0.0171867178375	0.0156432504589
-dru	0.00456447318371	0.99429440852	0.0	0.00114111829593
-asa	0.53876406792	0.247198852642	0.0646720161961	0.149365063242
-aso	0.423841059603	0.562913907285	0.0	0.0132450331126
-asi	0.210809426229	0.305925546448	0.252732240437	0.230532786885
-mba	0.124150162578	0.637895359149	0.1596216376	0.0783328406739
-asu	0.263413843411	0.313124763603	0.0733236072838	0.350137785703
-yea	0.48051948052	0.181818181818	0.337662337662	0.0
-lta	0.17096819788	0.800537102474	0.0	0.0284946996466
-dia	0.102545906397	0.209648902531	0.016209200753	0.671595990319
-430	0.259842519685	0.0	0.0	0.740157480315
-ras	0.331341142721	0.216830026297	0.391584986852	0.060243844131
-ran	0.137142857143	0.862857142857	0.0	0.0
-eri	0.0	1.0	0.0	0.0
-ral	0.0081699346405	0.660947712418	0.330882352941	0.0
-ram	0.0	0.940902578797	0.0196991404011	0.0393982808023
-ero	0.269716959064	0.450309239766	0.134177309941	0.145796491228
-era	0.327580007192	0.272803547884	0.30133045667	0.0982859882537
-rae	0.239974289866	0.396323575075	0.245529914424	0.118172220635
-ere	0.297975186199	0.272017643014	0.0646984433679	0.365308727419
-raa	0.140043221977	0.699212503596	0.01910197309	0.141642301336
-ugu	0.0938997539178	0.578940551742	0.263372620127	0.0637870742132
-oge	0.180136276345	0.0868078712446	0.238664395394	0.494391457016
-pol	0.0505955822829	0.821527697467	0.00701977564473	0.120856944605
-lae	0.247015563088	0.524467013203	0.0508628429508	0.177654580758
-ike	0.0	1.0	0.0	0.0
-laa	0.216530223102	0.686415393962	0.0202108910236	0.0768434919126
-ika	0.0185185185185	0.981481481481	0.0	0.0
-iko	0.0	1.0	0.0	0.0
-lam	0.0309108538452	0.953780913774	0.00883167252718	0.00647655985325
-lao	0.535087719298	0.28947368421	0.0526315789474	0.122807017544
-lai	0.446633268235	0.142396195975	0.260677591916	0.150292943874
-ppu	0.304857621441	0.594639865997	0.100502512563	0.0
-lat	0.0524296675192	0.902813299233	0.00511508951407	0.039641943734
--ne	0.12	0.16	0.0	0.72
-aao	0.701986754967	0.102649006623	0.0198675496689	0.175496688742
-fos	0.0	1.0	0.0	0.0
-iks	0.166340508806	0.704500978474	0.0557729941292	0.073385518591
-ide	0.479178074148	0.277355586089	0.0871242940202	0.156342045743
-non	0.0512820512821	0.846153846154	0.102564102564	0.0
-las	0.054658935628	0.931676330465	0.010710196846	0.00295453706097
-aae	0.132604103778	0.673649424294	0.164507491782	0.029238980146
-noa	0.0	1.0	0.0	0.0
-dot	0.0	0.860465116279	0.046511627907	0.093023255814
-myu	0.0	1.0	0.0	0.0
-gel	0.434495758718	0.561734213007	0.00188501413761	0.0018850141376
-gea	0.388291218414	0.328996747561	0.120590442832	0.162121591193
-uni	0.151685393258	0.633784041135	0.0488478385069	0.1656827271
-boi	0.315789473684	0.647773279352	0.0121457489879	0.0242914979757
-doa	0.394271730264	0.551345962114	0.0543823076226	0.0
-don	0.00651465798046	0.973941368078	0.0	0.0195439739414
-dom	0.00478106697478	0.995218933025	0.0	0.0
-dok	0.0	1.0	0.0	0.0
-get	0.0655737704918	0.934426229508	0.0	0.0
-sas	0.0358446730833	0.830733488218	0.105542648523	0.0278791901759
-sar	0.0761904761904	0.874829931973	0.0380952380952	0.0108843537415
-mia	0.169741697417	0.808118081181	0.0	0.0221402214022
-toa	0.416425206366	0.161997891876	0.028351847434	0.393225054324
-ibu	0.351611552951	0.508580996233	0.0217664294684	0.118041021348
-oli	0.00331174024596	0.961212066501	0.032139095119	0.00333709813452
-saa	0.0986990666554	0.576817040491	0.0285697574553	0.295914135399
-sae	0.348538924827	0.486393040375	0.0769573946019	0.0881106401963
-olo	0.525057925464	0.300942891796	0.0659893843164	0.108009798424
-sak	0.0246913580247	0.940329218107	0.00308641975309	0.0318930041152
-ola	0.522298609921	0.241965170032	0.0536654463496	0.182070773697
-ole	0.212350531275	0.59568695228	0.114941127086	0.0770213893586
-sam	0.0538922155689	0.928143712575	0.0	0.0179640718563
-rot	0.0452632414834	0.885650758358	0.0643214484237	0.00476455173509
-iem	0.0	1.0	0.0	0.0
-lok	0.0307692307692	0.699145299145	0.0410256410256	0.22905982906
-loe	0.102272727273	0.897727272727	0.0	0.0
-oko	0.612749055446	0.344624923305	0.0213130106242	0.0213130106242
-loa	0.492777413001	0.226854891661	0.0965200262639	0.183847669074
-apo	0.110421207702	0.145515133413	0.0308974147284	0.713166244156
-rom	0.038295141692	0.667142768428	0.258129955081	0.0364321347989
-lot	0.00356252226576	0.889561809761	0.0106875667973	0.0961881011757
-los	0.0770070999455	0.909885308574	0.0	0.0131075914801
-ipi	0.39193102966	0.210560474134	0.0376917471914	0.359816749014
-pia	0.515381754464	0.0897083574113	0.0381544099655	0.356755478159
-ipa	0.341247606781	0.474175052	0.0441716907119	0.140405650507
-ham	0.051806015254	0.921139732336	0.00892214707152	0.0181321053389
-oke	0.222135849725	0.348037430998	0.234347171519	0.195479547758
-ewa	0.412444874349	0.348572301309	0.158761876277	0.0802209480658
-ewo	0.269035532995	0.670050761421	0.0304568527919	0.0304568527919
-ipu	0.114731033305	0.0425571408608	0.00388481450166	0.838827011333
-awi	0.357659386068	0.187426210153	0.240923848878	0.2139905549
-awo	0.103277060576	0.785832505793	0.0360807679576	0.0748096656736
-awa	0.252820031131	0.370803131516	0.158970291653	0.2174065457
-sat	0.0	1.0	0.0	0.0
-awe	0.346964538464	0.432500669446	0.0969741019854	0.123560690104
-276	0.0	0.11320754717	0.0	0.88679245283
-eyo	0.529126889142	0.299284700381	0.0584486069749	0.113139803501
-eya	0.491065927295	0.192236598891	0.198398028343	0.118299445471
-200	0.176285921275	0.227400788859	0.11108427916	0.485229010706
-iok	0.0314928838195	0.925103462198	0.0	0.043403653982
-oit	0.13698630137	0.821917808219	0.0	0.041095890411
-lel	0.0	1.0	0.0	0.0
-ion	0.0415168355672	0.920235371036	0.0147106897679	0.0235371036286
-mum	0.021462179787	0.978537820213	0.0	0.0
-lea	0.388400889711	0.156551063416	0.131262686408	0.323785360464
-lee	0.271099744246	0.590792838875	0.13810741688	0.0
-mus	0.0428779069767	0.832848837209	0.0392441860465	0.0850290697674
-ios	0.0	0.957446808511	0.0425531914894	0.0
-les	0.0	1.0	0.0	0.0
-oik	0.220183486239	0.247706422018	0.532110091743	0.0
-iot	0.0397686922999	0.943187582429	0.0	0.0170437252714
-alu	0.214959845728	0.554748559738	0.0316352539935	0.19865634054
-iba	0.268388286834	0.632003689186	0.0830066866497	0.0166013373299
-alo	0.579248002929	0.172063371224	0.0445172999643	0.204171325882
-une	0.259774337444	0.481763316715	0.188926790869	0.0695355549724
-ale	0.129670513767	0.258320337332	0.0231371647227	0.588871984179
-gia	0.434925985637	0.37380917485	0.0322438809908	0.159020958523
-ala	0.308132236254	0.101164549088	0.0920344144575	0.498668800201
-lon	0.0175812466702	0.866275972296	0.0463505594033	0.0697922216303
-120	0.0567010309278	0.417525773196	0.0154639175258	0.510309278351
-obe	0.332723948812	0.553930530165	0.0438756855576	0.0694698354662
-iel	0.0248601615911	0.975139838409	0.0	0.0
-pea	0.496345162214	0.129550984564	0.0178882472369	0.356215605985
-pel	0.0643888726855	0.827370236647	0.00128229626575	0.106958594402
-pen	0.171867007673	0.779028132992	0.0184143222506	0.0306905370844
-peo	0.141592920354	0.387168141593	0.305309734513	0.16592920354
-elu	0.11214953271	0.747663551402	0.0	0.140186915888
-pet	0.233870967742	0.693548387097	0.0	0.0725806451613
-153	0.13671875	0.05859375	0.0234375	0.78125
-eli	0.015503875969	0.957364341085	0.0116279069767	0.015503875969
-elo	0.523137785644	0.405809171829	0.0429441465827	0.028108895945
-ogo	0.127994555966	0.580233633359	0.0485124331785	0.243259377496
-iye	0.193236714976	0.632850241546	0.115942028986	0.0579710144927
-ela	0.0921780433316	0.115043862591	0.0232667108542	0.769511383223
-iya	0.380258038671	0.271172092548	0.157945721792	0.19062414699
-ele	0.176008502804	0.361747414073	0.0328111136011	0.429432969521
-abu	0.0522392379218	0.00501545220891	0.00137808860182	0.941367221267
-itu	0.660377358491	0.301886792453	0.0	0.0377358490566
-esu	0.00815623413844	0.723379209027	0.000517530153062	0.267947026681
-esi	0.378062888141	0.442357239992	0.131210061178	0.0483698106886
-iti	0.233117252614	0.20662969864	0.0398005065438	0.520452542203
-esa	0.49563153509	0.275663316589	0.0733638167319	0.155341331589
-ite	0.485478977027	0.392284351972	0.0702210663199	0.0520156046814
-ita	0.3641851438	0.451216338306	0.0277415865441	0.15685693135
-spa	0.0774193548387	0.864516129032	0.058064516129	0.0
-bru	0.0	0.941596365996	0.0506164828033	0.00778715120052
-udu	0.0589780846259	0.745361721351	0.065816428366	0.129843765658
-666	0.0520231213873	0.0231213872832	0.0	0.924855491329
-fas	0.0222496909765	0.962917181706	0.0	0.0148331273177
-uda	0.031381413904	0.741273845115	0.125490159147	0.101854581833
-fat	0.046875	0.953125	0.0	0.0
-ude	0.500580404554	0.331225765023	0.0507545259207	0.117439304502
-udi	0.696629213483	0.303370786517	0.0	0.0
-hum	0.0	1.0	0.0	0.0
-rim	0.0	1.0	0.0	0.0
--si	0.25	0.527777777778	0.222222222222	0.0
-uto	0.815602836879	0.184397163121	0.0	0.0
-abe	0.233527052131	0.287201335051	0.0691218826466	0.410149730171
-aba	0.272725387379	0.279428075013	0.0435384570359	0.404308080571
-abo	0.210212012544	0.271084970066	0.113433462872	0.405269554519
-ron	0.0080203181393	0.975939045582	0.0080203181393	0.00802031813928
-koe	0.13792884015	0.206911496841	0.234799126266	0.420360536743
-tua	0.528241478559	0.159312851947	0.0433659531636	0.269079716331
-koi	0.133401744484	0.40738840431	0.459209851206	0.0
-ael	0.00788086309039	0.97251662228	0.00806203235683	0.0115404822726
-sos	0.0666666666666	0.933333333333	0.0	0.0
-aen	0.615384615385	0.384615384615	0.0	0.0
-sol	0.0288961038961	0.867857142857	0.000974025974025	0.102272727273
-son	0.0	1.0	0.0	0.0
-oro	0.21464102139	0.427126513016	0.0578676836345	0.30036478196
-kos	0.0214285714286	0.901428571429	0.0257142857143	0.0514285714285
-ora	0.366449345139	0.126202053302	0.0384259131665	0.468922688392
-ser	0.0	1.0	0.0	0.0
-ore	0.109326676153	0.0669116626913	0.0130472826724	0.810714378483
-min	0.0	1.0	0.0	0.0
-rus	0.03663003663	0.898928232262	0.00651200651201	0.0579297245964
-liv	0.0192802056555	0.97557840617	0.00385604113109	0.0012853470437
-lip	0.0	0.998435054773	0.0	0.00156494522692
-rut	0.158273381295	0.841726618705	0.0	0.0
-lis	0.119910764083	0.828220858896	0.00669269380925	0.0451756832125
-ruk	0.0	1.0	0.0	0.0
-omi	0.16091954023	0.816091954023	0.0	0.0229885057471
-rui	0.390765765766	0.333333333333	0.21509009009	0.0608108108109
-omo	0.24932920715	0.479528201939	0.0866312713704	0.184511319541
-rum	0.121420389462	0.631729667812	0.0710194730813	0.175830469645
-oma	0.386737655202	0.172936020621	0.0652212549594	0.375105069217
-lia	0.430206334409	0.191268762213	0.0627638324049	0.315761070974
-ome	0.144650524752	0.227753455748	0.139936651685	0.487659367815
-eau	0.20295202952	0.0885608856088	0.420664206642	0.287822878229
-lna	0.209677419355	0.725806451613	0.0322580645161	0.0322580645161
--au	0.270346042935	0.409243832105	0.105735341237	0.214674783723
-abi	0.236490708888	0.0837563963439	0.0448397570983	0.63491313767
-eaa	0.306569343066	0.532846715328	0.116788321168	0.043795620438
-oda	0.0965319985699	0.817661780479	0.0429031104755	0.0429031104756
-eae	0.156842078148	0.42486643927	0.291632546011	0.126658936571
-ode	0.23645977868	0.402178984115	0.13758954421	0.223771692995
-rna	0.0	1.0	0.0	0.0
-eam	0.0195816644415	0.907877169559	0.0053404539386	0.0672007120605
-rni	0.0	1.0	0.0	0.0
-odo	0.0666103316549	0.603690176058	0.268773875453	0.0609256168335
-uri	0.147688623685	0.210599713811	0.0589277247959	0.582783937708
-ura	0.303980699638	0.412332363585	0.251046618889	0.0326403178883
-ure	0.370786516854	0.280898876404	0.0	0.348314606742
-ipe	0.192700729927	0.562043795621	0.166423357664	0.0788321167883
-uru	0.0819916570279	0.598287320925	0.0638053273054	0.255915694742
-pai	0.0	0.982169390788	0.0	0.0178306092125
-dus	0.0	0.729641693811	0.0195439739414	0.250814332248
-was	0.56586270872	0.38961038961	0.0111317254174	0.0333951762523
-pan	0.818181818182	0.181818181818	0.0	0.0
-ape	0.352839786241	0.366095385175	0.0677086876607	0.213356140923
-paa	0.165814664581	0.613836196853	0.160112987365	0.0602361512014
-api	0.0627182591703	0.689367050268	0.0323006467758	0.215614043786
-pae	0.142510365734	0.0757597229884	0.0156253896464	0.766104521631
-wae	0.1475029036	0.466898954704	0.357723577236	0.0278745644599
-apu	0.0822933939921	0.105058620002	0.134904594925	0.677743391081
-wan	0.193228044987	0.685929648241	0.0197415649677	0.101100741804
-pas	0.0671047113099	0.840626310639	0.0754928002237	0.0167761778275
-pat	0.0652173913044	0.70652173913	0.228260869565	0.0
-wai	0.298942917548	0.622410147992	0.0126849894292	0.0659619450316
-aro	0.0919206579584	0.719400096758	0.159651669086	0.0290275761974
-kea	0.527835257993	0.147920699553	0.0280355116481	0.296208530806
-sen	0.261348005502	0.724896836314	0.00550206327372	0.00825309491059
-kem	0.0	1.0	0.0	0.0
-kel	0.14693877551	0.840816326531	0.0122448979592	0.0
-sus	0.0197550375346	0.974318451205	0.00592651126037	0.0
-ket	0.16366871431	0.702788406157	0.121402617757	0.0121402617757
-600	0.115702479339	0.578512396694	0.0826446280992	0.223140495868
-sua	0.526046302001	0.269144013003	0.0398075629606	0.165002122035
-fet	0.221453287197	0.520761245675	0.0553633217993	0.202422145329
-fes	0.161290322581	0.806451612903	0.0322580645161	0.0
-tus	0.0737009544009	0.904825026511	0.0103393425239	0.0111346765642
-dis	0.217548948513	0.760696156635	0.0217548948513	0.0
-ane	0.168386253695	0.237076240857	0.128329436332	0.466208069117
-sli	0.0	1.0	0.0	0.0
-kop	0.00306748466257	0.996932515337	0.0	0.0
-uku	0.543556949807	0.374396718147	0.0410231660231	0.0410231660231
-ven	0.280073461892	0.65564738292	0.0266299357209	0.0376492194674
-ova	0.00123928534545	0.992564287927	0.00123928534545	0.00495714138181
-one	0.168405557803	0.0921371536097	0.00923002315926	0.730227265428
-lua	0.508593159877	0.174030327834	0.051725229993	0.265651282296
-uki	0.512048192771	0.41066151398	0.0386451466242	0.0386451466242
-ait	0.0	0.894459102902	0.105540897098	0.0
-vai	0.0274701691132	0.954502532406	0.0128766417718	0.00515065670873
-ais	0.0954637779282	0.824644549763	0.0433310765064	0.0365605958023
-tis	0.0852503382949	0.845737483085	0.0527740189445	0.0162381596752
-aia	0.0904543166373	0.856374276365	0.0135288195318	0.0396425874654
-tia	0.350579272911	0.366933987763	0.0935785961543	0.188908143172
-reu	0.0	1.0	0.0	0.0
-aim	0.0	1.0	0.0	0.0
-ail	0.02722323049	0.914700544465	0.0	0.0580762250454
-ain	0.0175849512491	0.929421176249	0.00443891973278	0.0485549527694
-eme	0.247416222293	0.123697220928	0.0342456219485	0.59464093483
-ema	0.424172287433	0.256082406979	0.0960847381449	0.223660567443
-emo	0.117887932666	0.784055042122	0.0517722927405	0.046284732472
-emi	0.112612612613	0.887387387387	0.0	0.0
-260	0.0	0.124913254684	0.0346981263011	0.840388619015
-ems	0.0	1.0	0.0	0.0
-ana	0.138463869581	0.288254519549	0.0564425698918	0.516839040979
--ma	0.412647588553	0.369021412848	0.105863518111	0.112467480488
-mda	0.279131590607	0.690961453257	0.00664599025253	0.0232609658839
-mde	0.712962962963	0.0833333333333	0.0740740740741	0.12962962963
-ani	0.0743049848387	0.896109048658	0.0132626746394	0.0163232918638
-kta	0.0367346938775	0.895918367347	0.0489795918368	0.0183673469388
-000	0.0857301925698	0.235125307798	0.00685841540558	0.672286084227
-eta	0.325972746184	0.304479744646	0.106003990726	0.263543518444
-ete	0.356756756757	0.517117117117	0.0486486486486	0.0774774774775
-kus	0.0397084694647	0.933902990701	0.0196029153053	0.00678562452877
-eto	0.0928848408333	0.69474253765	0.208314545946	0.00405807557039
-o-e	0.142857142857	0.494505494506	0.181318681319	0.181318681319
-buk	0.368702874003	0.573789749754	0.00756747896404	0.049939897279
-atu	0.166666666667	0.833333333333	0.0	0.0
-bul	0.0664451827242	0.913621262458	0.0199335548173	0.0
-lim	0.275862068966	0.468965517241	0.0	0.255172413793
-nos	0.0198675496689	0.980132450331	0.0	0.0
-uya	0.524475524476	0.265734265734	0.0839160839161	0.125874125874
-lio	0.0	0.952380952381	0.0	0.047619047619
-ata	0.480935348568	0.33993961486	0.0867497408348	0.092375295737
-ato	0.622596672501	0.185405855577	0.0609575634212	0.131039908501
-wea	0.271086690451	0.449233092888	0.279680216661	0.0
-ati	0.535635562087	0.373254959589	0.0249816311535	0.0661278471712
-ose	0.383799520707	0.427244813899	0.0189096083277	0.170046057066
-nis	0.104384816754	0.877945026178	0.00392670157068	0.0137434554974
-kai	0.169533169533	0.464373464373	0.321867321867	0.044226044226
-edi	0.857142857143	0.142857142857	0.0	0.0
-osa	0.0	1.0	0.0	0.0
-kaa	0.234152139461	0.591686476492	0.0909601162176	0.0832012678288
-ula	0.453187827548	0.249308892186	0.05299935636	0.244503923906
-osi	0.0675603217158	0.932439678284	0.0	0.0
--pa	0.0	0.554455445545	0.445544554455	0.0
-nia	0.0459478382636	0.924470505864	0.0210484859093	0.00853316996324
-kas	0.0	1.0	0.0	0.0
-kar	0.0	1.0	0.0	0.0
-kap	0.0347658136166	0.953645581845	0.00869145340416	0.00289715113471
-kau	0.085308056872	0.492890995261	0.308056872038	0.113744075829
-ulu	0.416184045835	0.230747362557	0.0705679888577	0.28250060275
-fik	0.0030908716258	0.940500721203	0.0564084071708	0.0
-ate	0.56440790365	0.258251984113	0.102895770791	0.0744443414456
-fia	0.0	1.0	0.0	0.0
-wel	0.0337441314554	0.878227699531	0.0704225352113	0.0176056338028
-ila	0.00660429279031	0.966978536048	0.0165107319758	0.00990643918547
-ilo	0.394846796657	0.461002785515	0.0626740947075	0.0814763231198
-yus	0.04	0.96	0.0	0.0
-vit	0.045003629325	0.941930800871	0.00290345995645	0.0101621098476
-ili	0.186334901968	0.70478586623	0.0454488125655	0.0634304192364
-iga	0.47433903577	0.46967340591	0.0559875583204	0.0
-lme	0.272727272727	0.030303030303	0.030303030303	0.666666666667
-oai	0.041095890411	0.321917808219	0.63698630137	0.0
-bus	0.0	1.0	0.0	0.0
-eba	0.322878228782	0.64483394834	0.0322878228782	0.0
-oae	0.301976955385	0.366292691673	0.206817068214	0.124913284729
-amu	0.478561684102	0.236369943186	0.0571555780465	0.227912794666
-ebe	0.356931460516	0.507774698173	0.0507351904919	0.0845586508197
-ami	0.145781820717	0.571922786052	0.141920050632	0.140375342598
-amo	0.133664348305	0.239882766318	0.609073360184	0.0173795251933
-ama	0.292987632922	0.306678368324	0.0535959304684	0.346738068285
-oau	0.392862969005	0.139233278956	0.156946710169	0.310957041871
-oas	0.0287081339713	0.971291866029	0.0	0.0
-lva	0.0119760479042	0.893213572854	0.0948103792415	0.0
-usi	0.0656105930882	0.512385177996	0.310000346632	0.112003882284
-iri	0.277016230093	0.216492763906	0.0399138699773	0.466577136024
-gus	0.0182926829268	0.981707317073	0.0	0.0
-ire	0.237209302326	0.53023255814	0.120930232558	0.111627906977
-usa	0.440418184399	0.397322484507	0.0761625431667	0.0860967879275
-ira	0.256086266208	0.693635882509	0.0304313310399	0.0198465202435
-eon	0.1144839549	0.851691240243	0.0130095403296	0.0208152645273
-uli	0.325775085694	0.413132261268	0.190204980654	0.0708876723838
-kao	0.359520639148	0.573901464714	0.0665778961385	0.0
--ai	0.405382897002	0.326002907512	0.153434424357	0.115179771129
-epe	0.103373532543	0.126189698278	0.251533946213	0.518902822967
-epa	0.502147346858	0.180418446362	0.0297889641792	0.287645242601
-epo	0.10888240225	0.294782086571	0.27130534038	0.325030170799
-epi	0.685393258427	0.0674157303371	0.179775280899	0.0674157303371
-epu	0.210605287178	0.0442316570172	0.0287894451164	0.716373610688
-win	0.0	0.811320754717	0.188679245283	0.0
--pe	0.0	1.0	0.0	0.0
-e-a	0.644736842105	0.276315789474	0.0526315789474	0.0263157894737
-ius	0.0683045356371	0.866360691145	0.0450863930886	0.0202483801296
-wia	0.684759768751	0.0889775609969	0.0291728815774	0.197089788675
-ium	0.156295224313	0.794500723589	0.0231548480463	0.0260492040521
-wit	0.0544419698094	0.894828012868	0.00989853996534	0.0408314773571
--ae	0.136574146783	0.70577504084	0.120782213812	0.0368685985646
--ya	0.125479881073	0.761658918852	0.0244950866433	0.0883661134317
-uel	0.0	0.902777777778	0.0138888888889	0.0833333333333
-eao	0.146341463415	0.676829268293	0.140243902439	0.0365853658537
-ean	0.745762711864	0.135593220339	0.118644067797	0.0
-ule	0.168674698795	0.795180722892	0.0361445783133	0.0
--yo	0.190979276717	0.61093051605	0.11580658269	0.0822836245429
-owa	0.248407643312	0.37898089172	0.124203821656	0.248407643312
-sda	0.0	1.0	0.0	0.0
-agu	0.438256707076	0.145156843689	0.0307264849979	0.385859964237
-agi	0.133071872712	0.723138700873	0.0681369689598	0.0756524574553
-ago	0.470624490967	0.206526628648	0.074200390251	0.248648490135
--le	0.313833111163	0.218192515993	0.0758971689341	0.39207720391
-aga	0.370225883418	0.319580626622	0.0485901879169	0.261603302043
--li	0.420494699647	0.328621908127	0.187279151943	0.0636042402827
-age	0.0159147956119	0.0485767630687	0.0164745054196	0.9190339359
-ote	0.0835870971607	0.821828989104	0.0127671145123	0.081816799223
-ege	0.381633911853	0.409362289028	0.0298576855884	0.17914611353
--pu	0.361398963731	0.34067357513	0.150259067358	0.147668393782
-rta	0.0175524134568	0.921014139444	0.0	0.061433447099
-anu	0.219448993714	0.60888065759	0.0870609486064	0.0846094000892
-ega	0.235159187584	0.716061032796	0.0365848347149	0.012194944905
-ona	0.106251606767	0.244849621547	0.0482739903486	0.600624781337
-ego	0.400857031554	0.53642384106	0.046357615894	0.016361511492
-ono	0.324539878375	0.366817215453	0.0443486761165	0.264294230056
-dap	0.0	1.0	0.0	0.0
-oea	0.0837696335079	0.853403141361	0.0	0.0628272251308
-das	0.112877155172	0.863685344828	0.00161637931034	0.0218211206896
-450	0.26	0.65	0.03	0.06
-dam	0.00736196319018	0.966871165644	0.0110429447853	0.0147239263804
-dan	0.0395170142701	0.953896816685	0.0	0.00658616904501
-onu	0.154086954948	0.644738687307	0.0711852599103	0.129989097835
-dai	0.242155525239	0.440654843111	0.0920873124147	0.225102319236
-dae	0.338818450637	0.326813397954	0.0651776107337	0.269190540676
-ank	0.351069379238	0.403234220136	0.0798122065728	0.165884194053
-daa	0.167644432049	0.131244030169	0.056895731301	0.644215806481
-ano	0.478949896786	0.211912129904	0.070140135233	0.238997838076
-ksa	0.00661011347361	0.925636223422	0.0528809077889	0.0148727553156
-tan	0.0376169715015	0.833129519353	0.0646001701404	0.0646533390047
-tao	0.500109003706	0.0749945498147	0.268803139307	0.156093307172
-air	0.0166666666667	0.983333333333	0.0	0.0
-tae	0.37077877326	0.423156443832	0.106133700896	0.0999310820124
-taa	0.40206678439	0.495508610196	0.0245015722755	0.0779230331385
-yis	0.0356564019449	0.856564019449	0.103727714749	0.00405186385738
-rga	0.0952380952381	0.904761904762	0.0	0.0
-tat	0.0	1.0	0.0	0.0
-ges	0.0612244897959	0.897959183673	0.0408163265306	0.0
-enu	0.115035453318	0.54783471293	0.0467199161677	0.290409917585
-ens	0.0551558752997	0.940047961631	0.00479616306954	0.0
-mis	0.0	1.0	0.0	0.0
-eno	0.00350262697023	0.994746059545	0.0	0.00175131348512
-ene	0.718032786885	0.104918032787	0.0196721311475	0.15737704918
-ena	0.123354805661	0.415827192194	0.0340029287838	0.426815073362
