koi-	0.242424242424	0.0909090909091	0.0	0.666666666667
kud-	0.533143702304	0.344813301225	0.0383745685687	0.083668427903
hie-	0.0	1.0	0.0	0.0
kec-	0.521443442054	0.0927133934768	0.0574600971548	0.328383067314
won-	0.520448545064	0.186254624721	0.100417779894	0.192879050321
hem-	0.12898089172	0.522292993631	0.114649681529	0.234076433121
muw-	0.351672231053	0.297956907226	0.0845033902057	0.265867471515
fig-	0.0881118700531	0.321936291916	0.0389427608558	0.551009077175
del-	0.0595533498759	0.940446650124	0.0	0.0
son-	0.475402440384	0.31357178114	0.0529422067479	0.158083571728
mou-	0.541353383459	0.458646616541	0.0	0.0
dok-	0.190102595051	0.00724200362099	0.295715147858	0.50694025347
maa-	0.261998870694	0.593450028233	0.0937323546019	0.0508187464709
uti-	0.438095238095	0.304761904762	0.228571428571	0.0285714285714
ipu-	0.588376478656	0.322218412481	0.0234013372193	0.0660037716442
fal-	0.230117953542	0.717418047616	0.037267530212	0.0151964686301
uju-	0.0857142857143	0.871428571429	0.0	0.0428571428571
yeh-	0.0936374231828	0.172891502437	0.287401991947	0.446069082433
wod-	0.336552454028	0.16073554703	0.0886360629713	0.41407593597
nij-	0.704157599359	0.067460771962	0.0284045355629	0.199977093117
udi-	0.823529411765	0.0992647058823	0.0300245098039	0.047181372549
nas-	0.0421702639867	0.373464474747	0.0120368690949	0.572328392171
mah-	0.120832411592	0.61489112916	0.223035110451	0.0412413487975
tum-	0.336734693878	0.663265306122	0.0	0.0
hoi-	0.479120321811	0.28758976014	0.0820664138591	0.15122350419
aku-	0.214436542802	0.0957743744084	0.0222081988301	0.667580883959
baf-	0.0	0.990588235294	0.00784313725491	0.00156862745098
ite-	0.0682479922356	0.353953136165	0.484849777626	0.092949093973
ufu-	0.249166880287	0.376679972168	0.145274105541	0.228879042004
lis-	0.0	0.984072810011	0.0136518771331	0.00227531285552
fog-	0.41542676662	0.382130218045	0.0426195821759	0.15982343316
mol-	0.569845150774	0.264710676447	0.042379788101	0.123064384678
san-	0.0881424556081	0.306404479343	0.0137748728473	0.591678192201
yal-	0.594306650352	0.181358991602	0.0542619539992	0.170072404047
sak-	0.0672180020337	0.360972507736	0.0155673014264	0.556242188803
gow-	0.53284831519	0.229313348125	0.057561937868	0.180276398817
mpk-	0.348484848485	0.272727272727	0.151515151515	0.227272727273
une-	0.158469945355	0.673952641166	0.167577413479	0.0
uwa-	0.477231501955	0.317677055217	0.152924865375	0.0521665774526
vil-	0.372093023256	0.434108527132	0.193798449612	0.0
fou-	0.43534220154	0.305904143769	0.0898801414422	0.168873513249
nun-	0.0799739921977	0.876462938882	0.0325097529259	0.0110533159948
fiy-	0.229561560177	0.459036699891	0.0259261393098	0.285475600622
hat-	0.0798465814913	0.0408602058429	0.0131917645698	0.866101448096
kat-	0.202978814926	0.125658672976	0.311485105925	0.359877406173
abi-	0.0	0.985066053992	0.00804135554279	0.00689259046525
ayu-	0.0491019011637	0.130070414717	0.00450815673582	0.816319527384
mil-	0.232034022036	0.407436802879	0.0529047756481	0.307624399436
dis-	0.147290761683	0.609565885872	0.148457784941	0.0946855675036
igi-	0.103341584158	0.762376237624	0.0210396039604	0.113242574257
gan-	0.0959615021703	0.116603576701	0.0122109610026	0.775223960126
mbi-	0.0593633495842	0.0989389159736	0.0163464295956	0.825351304847
sog-	0.73381294964	0.129496402878	0.0215827338129	0.115107913669
sen-	0.0981272098535	0.236624315188	0.040078486226	0.625169988732
swa-	0.0619876462324	0.571812946142	0.304146524711	0.0620528829152
ini-	0.392357875117	0.311276794035	0.195712954334	0.100652376514
bay-	0.91935483871	0.0	0.0403225806452	0.0403225806452
mig-	0.0713384451131	0.851560225177	0.0203217509463	0.0567795787635
iit-	0.689655172414	0.218390804598	0.0229885057471	0.0689655172414
hed-	0.328895849648	0.624452256785	0.0466518935671	0.0
ked-	0.343949044586	0.59872611465	0.0477707006369	0.00955414012738
uga-	0.344792923201	0.456775231202	0.104610642005	0.093821203592
paf-	0.0	1.0	0.0	0.0
hum-	0.5	0.106557377049	0.0	0.393442622951
fes-	0.0358680057389	0.925394548063	0.032281205165	0.006456241033
uli-	0.188935459294	0.675460008101	0.0499518321618	0.0856527004422
kum-	0.460182929557	0.22312522001	0.0413504679976	0.275341382435
bik-	0.0274725274725	0.126373626374	0.813186813187	0.032967032967
ihe-	0.178921568627	0.597178060413	0.0582935877054	0.165606783254
nen-	0.764379204893	0.158214067278	0.0254434250764	0.0519633027523
has-	0.175316892158	0.27832326284	0.0583089780638	0.488050866938
ful-	0.0550521848836	0.87039798142	0.05046450281	0.0240853308866
dah-	0.0751072961373	0.903433476395	0.0	0.0214592274678
wai-	0.412183034425	0.536924683868	0.0175567260039	0.0333355557037
mul-	0.0684245085645	0.872715102256	0.0151230849761	0.0437373042033
gaw-	0.091974119197	0.0561263751485	0.00812622739893	0.843773278255
fip-	0.216292855676	0.55287671936	0.16346746048	0.0673629644837
naw-	0.0659597278392	0.0408028956894	0.00609283614092	0.887144540331
eno-	0.0	1.0	0.0	0.0
kam-	0.199717311509	0.0425366753467	0.0116698153042	0.74607619784
ibi-	0.121073932623	0.80282733854	0.0436071367497	0.032491592088
sin-	0.147972028462	0.529284297732	0.0629880395038	0.259755634303
kim-	0.283870967742	0.677419354839	0.0387096774194	0.0
hes-	0.121765601218	0.700913242009	0.145357686454	0.0319634703196
tag-	0.504297994269	0.154727793696	0.23782234957	0.103151862464
pat-	0.0141843971631	0.985815602837	0.0	0.0
niy-	0.11590575628	0.0081836560528	0.00105736083527	0.874853226832
nwe-	0.415094339623	0.396226415094	0.0943396226415	0.0943396226415
gwi-	0.430107526882	0.344086021505	0.0	0.225806451613
maw-	0.180720191057	0.706256545749	0.0330461138087	0.0799771493859
hni-	0.873563218391	0.0344827586207	0.0	0.0919540229885
kem-	0.658614564831	0.258969804618	0.0063943161634	0.0760213143872
noy-	0.476020356577	0.24129621516	0.0338714569782	0.248811971285
lom-	0.0	1.0	0.0	0.0
hoy-	0.679127710829	0.0935831848298	0.0214832185033	0.205805885838
mgo-	0.307692307692	0.692307692308	0.0	0.0
dya-	0.0843630396519	0.0306785999009	0.0117845706997	0.873173789747
saw-	0.0551701819307	0.0845281479084	0.0319398910948	0.828361779066
chw-	0.447154471545	0.121951219512	0.430894308943	0.0
lig-	0.3625	0.3	0.253125	0.0843749999999
ngw-	0.309067273318	0.263893402665	0.210594735132	0.216444588885
kuu-	0.37044470507	0.471177674291	0.0752499799624	0.0831276406766
vig-	0.369668246445	0.227488151659	0.345971563981	0.0568720379147
niu-	0.478222516264	0.26651229463	0.168706582865	0.0865586062411
mwi-	0.195437078682	0.51475379043	0.0433208172029	0.246488313685
nig-	0.479929854422	0.124985493791	0.0328807396232	0.362203912163
luf-	0.330166470489	0.410038674962	0.234572053136	0.0252228014125
pas-	0.00596184419714	0.994038155803	0.0	0.0
ifa-	0.198774938747	0.558067903395	0.0835491774589	0.159607980399
sig-	0.258493315911	0.465800582973	0.0828475223641	0.192858578752
jum-	0.164882226981	0.775160599572	0.0513918629551	0.0085653104925
nge-	0.326354679803	0.484811165846	0.158045977011	0.0307881773399
yaf-	0.543226493051	0.162701890572	0.209715788156	0.0843558282208
nai-	0.405940594059	0.49504950495	0.0	0.0990099009901
ngi-	0.141732283465	0.673228346457	0.0314960629921	0.153543307087
wej-	0.574063704063	0.0984730080988	0.0272468177221	0.300216470116
fol-	0.51572327044	0.361635220126	0.0660377358491	0.0566037735849
dyo-	0.260393475936	0.134031096747	0.0817088774556	0.523866549862
say-	0.01393728223	0.98606271777	0.0	0.0
che-	0.0787490310826	0.160592877349	0.0375410806683	0.723117010901
dih-	0.0843268887677	0.790657264181	0.0700209445607	0.0549949024909
epa-	0.0	0.985324691207	0.00733765439649	0.00733765439647
yac-	0.503070301291	0.275093256815	0.128292682927	0.093543758967
bwa-	0.305347470324	0.597844877262	0.0726057393108	0.0242019131036
asi-	0.0847230711022	0.63405512384	0.02699438284	0.254227422218
dia-	0.540720961282	0.379172229639	0.0	0.0801068090788
nan-	0.0910969404989	0.0177448311102	0.00885260355083	0.88230562484
mch-	0.60941475827	0.253180661578	0.0763358778626	0.0610687022901
hac-	0.499434424684	0.198820670731	0.0579191017826	0.243825802803
itw-	0.608695652174	0.249011857708	0.0790513833992	0.0632411067193
fay-	0.196947674419	0.726744186047	0.0436046511628	0.0327034883721
kib-	0.266484455073	0.461906388794	0.240860949778	0.0307482063546
usi-	0.295302970069	0.412248983989	0.182974682632	0.109473363311
ufi-	0.248179031673	0.548927194226	0.163310372104	0.0395834019973
wom-	0.549367577646	0.218391480355	0.101053197386	0.131187744612
nog-	0.387108044371	0.329461088305	0.0947681020176	0.188662765307
amu-	0.470989761092	0.430034129693	0.0580204778156	0.0409556313993
tol-	0.0185594343791	0.961997348652	0.00176756517897	0.0176756517897
mel-	0.105574972681	0.445121786014	0.0283580337226	0.420945207583
iim-	0.264808362369	0.679442508711	0.01393728223	0.0418118466899
kaf-	0.528447350444	0.0731921538011	0.152825217137	0.245535278618
nha-	0.201489015659	0.0882917881898	0.0157733486689	0.694445847482
tew-	0.0467289719626	0.264797507788	0.688473520249	0.0
uje-	0.0404512933406	0.764538616768	0.172812328013	0.0221977618785
ail-	0.0294117647059	0.926470588235	0.0	0.0441176470588
wec-	0.245322817315	0.14347945708	0.129723037417	0.481474688188
isa-	0.085545752306	0.8306891311	0.0366158892896	0.0471492273044
mle-	0.837662337662	0.103896103896	0.0194805194805	0.038961038961
mus-	0.279694526213	0.487489012495	0.138554591312	0.0942618699799
fik-	0.388577576892	0.320205979814	0.199463441034	0.0917530022596
pud-	0.0655737704918	0.934426229508	0.0	0.0
dio-	0.046204620462	0.916391639164	0.00660066006601	0.030803080308
igu-	0.373497344143	0.564998602181	0.0536762650266	0.00782778864971
yah-	0.689865126075	0.169014344645	0.0488621027645	0.0922584265155
bab-	0.0158339605164	0.882976321426	0.00373415156603	0.0974555664911
ita-	0.0979811501374	0.814388780363	0.0274303636887	0.0601997058114
fic-	0.409888357257	0.336523125997	0.153110047847	0.1004784689
nyu-	0.127899642582	0.742483705936	0.0449108790618	0.0847057724204
uum-	0.115274232166	0.813214517894	0.0225157372318	0.0489955127087
luh-	0.0583597829425	0.909593529231	0.00993140165865	0.0221152861677
siy-	0.122743697658	0.038694044127	0.00922501381627	0.829337244399
fan-	0.0	1.0	0.0	0.0
moi-	0.0676437429538	0.740698985344	0.191657271702	0.0
kom-	0.611743308945	0.194138019674	0.0496698351802	0.1444488362
pel-	0.0	0.994700582936	0.0	0.00529941706412
kod-	0.116425305577	0.573555347241	0.0423486966012	0.267670650581
ali-	0.00675576442944	0.976501688941	0.0149801733	0.00176237332942
waw-	0.175030652281	0.0799288867092	0.0183208680726	0.726719592938
non-	0.374509495725	0.322966739334	0.0352721151196	0.267251649821
uba-	0.0969676213148	0.701528821915	0.112776115269	0.0887274415018
sou-	0.750277469478	0.126526082131	0.0965593784684	0.0266370699223
dod-	0.123689727463	0.813417190776	0.0	0.062893081761
mal-	0.0621807784428	0.862906749683	0.0274324297373	0.0474800421368
umb-	0.11811023622	0.488188976378	0.393700787402	0.0
sab-	0.0262351958538	0.954489966376	0.0070674405157	0.0122073972544
nyi-	0.151175309265	0.275746650669	0.480261903435	0.092816136631
aki-	0.0721062618596	0.916508538899	0.00759013282733	0.00379506641366
iju-	0.0881919595874	0.671858556093	0.079720058935	0.160229425384
nin-	0.0968285668673	0.0226566801812	0.0080622608241	0.872452492127
ayo-	0.172051604064	0.0905354492522	0.0262587053317	0.711154241352
nau-	0.320855614973	0.20320855615	0.0320855614973	0.44385026738
mhu-	0.169120779774	0.643136969647	0.150644789209	0.0370974613698
uni-	0.596976132476	0.255335318245	0.0578122939613	0.0898762553179
toy-	0.217791411043	0.230061349693	0.552147239264	0.0
uug-	0.223300970874	0.722761596548	0.0323624595469	0.0215749730313
uge-	0.154146642857	0.210663228995	0.00472054244374	0.630469585704
hog-	0.558134483287	0.270618859566	0.0944723188628	0.0767743382842
wef-	0.0660762827764	0.913198372364	0.00472757357286	0.0159977712867
mab-	0.132118348857	0.782513791918	0.0607741414625	0.0245937177628
dim-	0.176275500414	0.21049517134	0.0982692091049	0.514960119141
gos-	0.0552784572863	0.176170960807	0.0528216369625	0.715728944944
iki-	0.173441325237	0.605319068624	0.0555417749641	0.165697831175
and-	0.0348823048417	0.888220045582	0.00365350823779	0.0732441413386
ALL	0.229894453332	0.310564060074	0.0570273636841	0.40251412291
ana-	0.0629643064637	0.898637788611	0.0309660523592	0.00743185256619
swe-	0.0889987639061	0.418417799753	0.437577255872	0.0550061804697
ine-	0.0933002481389	0.183870967742	0.0794044665012	0.643424317618
nii-	0.476367969203	0.436225318783	0.0407453595563	0.0466613524571
foi-	0.494014479339	0.30190457282	0.0731097583142	0.130971189526
top-	0.0102040816326	0.765306122449	0.224489795918	0.0
fib-	0.302881542423	0.303785519924	0.175853299974	0.217479637679
wet-	0.0116444191991	0.0175518318659	0.00675944333996	0.964044305595
sok-	0.220190280864	0.140352076568	0.0140146983422	0.625442944226
lum-	0.207882956655	0.57145976635	0.0600502238235	0.160607053172
kui-	0.501157211055	0.318465921651	0.0395271628434	0.140849704451
uhe-	0.677794448612	0.181545386347	0.0300075018755	0.110652663166
duy-	0.278225806452	0.342741935484	0.0564516129032	0.322580645161
tel-	0.164296223639	0.536537518391	0.0882785679254	0.210887690044
yuh-	0.0816944024206	0.118003025719	0.0	0.800302571861
lid-	0.0555555555556	0.944444444444	0.0	0.0
lwa-	0.0653917356049	0.0955310239297	0.0492530074392	0.789824233026
yed-	0.360978520286	0.114707637232	0.159606205251	0.364707637232
gas-	0.314137941255	0.396766353478	0.16778505587	0.121310649397
ata-	0.0	1.0	0.0	0.0
fit-	0.145722068252	0.735996954955	0.0815263289363	0.0367546478571
mta-	0.188405797101	0.561594202899	0.0108695652174	0.239130434783
moo-	0.326923076923	0.519230769231	0.0769230769231	0.0769230769231
yot-	0.721429632932	0.08091841284	0.010402734433	0.187249219795
umo-	0.0989256576644	0.376639112523	0.0148092301893	0.509625999623
wae-	0.0	0.972156398104	0.0278436018957	0.0
muh-	0.126422187449	0.734128788156	0.0451990122151	0.0942500121795
waa-	0.432835820896	0.119402985075	0.313432835821	0.134328358209
mes-	0.219639668885	0.425580262944	0.0942054861224	0.260574582048
meg-	0.575342465753	0.321917808219	0.102739726027	0.0
num-	0.3	0.595	0.03	0.075
kla-	0.260162601626	0.325203252032	0.341463414634	0.0731707317073
nej-	0.205357142857	0.232142857143	0.133928571429	0.428571428571
haw-	0.646818669244	0.115361539754	0.0487887925801	0.189030998423
kuk-	0.479689111742	0.278988297169	0.060446828215	0.180875762874
ami-	0.0	1.0	0.0	0.0
kmw-	0.352862133835	0.220102123085	0.178715399086	0.248320343994
nec-	0.194608620441	0.427706501369	0.0328672336745	0.344817644515
iku-	0.235705630885	0.114971783559	0.189707017199	0.459615568357
nou-	0.71202809482	0.064091308165	0.00790166812993	0.215978928885
woy-	0.626409803718	0.130885865614	0.0586249870184	0.184079343649
iga-	0.233322654395	0.232346987812	0.0427036157912	0.491626742002
gaj-	0.77245508982	0.131736526946	0.0958083832334	0.0
sec-	0.151515151515	0.606060606061	0.242424242424	0.0
eub-	0.0571428571428	0.942857142857	0.0	0.0
adi-	0.237798438127	0.169259074448	0.0454296376344	0.547512849791
laf-	0.457411299295	0.30967981209	0.0853010260848	0.147607862529
win-	0.293154888756	0.299661864575	0.195635495695	0.211547750973
tal-	0.0968849644347	0.796418935492	0.0355653666912	0.0711307333824
heg-	0.0628709426549	0.208153575376	0.00622160370022	0.722753878269
nol-	0.559246954596	0.283253353021	0.0812107788852	0.0762889134982
uke-	0.254649499285	0.416309012876	0.177396280401	0.151645207439
lem-	0.469223007064	0.409687184662	0.121089808274	0.0
nem-	0.269821502698	0.486924034869	0.0664176006642	0.176836861768
lud-	0.0830461524462	0.40498007104	0.223696893579	0.288276882935
noc-	0.321206286661	0.248891774504	0.0627994447678	0.367102494067
wan-	0.125956374702	0.47459774966	0.0302794247923	0.369166450846
pon-	0.0595504165204	0.931398806775	0.00129296810063	0.00775780860379
gof-	0.560606060606	0.19696969697	0.0151515151515	0.227272727273
umi-	0.22754031226	0.618889173279	0.122856411569	0.0307141028922
chi-	0.235264880543	0.312765668216	0.0956057121504	0.356363739091
sik-	0.453605849264	0.287931175134	0.0818877708994	0.176575204703
nga-	0.202699413054	0.689648643531	0.0302940142273	0.0773579291878
ben-	0.0	1.0	0.0	0.0
ion-	0.0	0.955223880597	0.044776119403	0.0
wig-	0.240879326473	0.530402245089	0.0322731524789	0.196445275959
nip-	0.317115551694	0.363596872285	0.0532145960034	0.266072980017
mat-	0.0894163545366	0.667154606651	0.195359917948	0.0480691208641
mpa-	0.0587314885543	0.0157208683439	0.0150802059976	0.910467437104
nni-	0.056814338857	0.696990192763	0.24619546838	0.0
ela-	0.0	1.0	0.0	0.0
hug-	0.411067193676	0.351778656126	0.189723320158	0.0474308300395
mob-	0.796573875803	0.0920770877945	0.0	0.111349036403
ili-	0.28371858282	0.403734733017	0.154638134652	0.157908549511
lam-	0.202114680764	0.702318015454	0.0443269621797	0.0512403416023
til-	0.0	0.9994982942	0.000501705799718	0.0
gat-	0.180347335609	0.605165503934	0.156597892237	0.0578892682202
wun-	0.243183082916	0.428491930996	0.200333889816	0.127991096272
idi-	0.227950912276	0.609727277	0.103587047853	0.0587347628709
las-	0.0316718196214	0.914033632456	0.0260161375462	0.0282784103763
mau-	0.207459500188	0.734898907447	0.0362928544518	0.0213487379128
gek-	0.474845442686	0.396404061029	0.033463785378	0.0952867109069
usu-	0.16003261859	0.502433528917	0.195034085959	0.142499766535
yem-	0.346496732239	0.151604543899	0.0849943771697	0.416904346692
sat-	0.840909090909	0.0681818181818	0.0909090909091	0.0
ani-	0.25647159254	0.0248813882895	0.00118974940424	0.717457269766
nyo-	0.207711210342	0.492488796816	0.178415927409	0.121384065434
dik-	0.253806986006	0.494382148177	0.116303697007	0.135507168809
yoi-	0.690576652602	0.161744022504	0.147679324895	0.0
sih-	0.145639790839	0.300731343552	0.421016693321	0.132612172288
nib-	0.746062992126	0.153543307086	0.0472440944882	0.0531496062992
bei-	0.238095238095	0.761904761905	0.0	0.0
goo-	0.162995594714	0.519823788546	0.198237885463	0.118942731277
sun-	0.180926916221	0.532531194296	0.247326203209	0.0392156862745
kwn-	0.298507462687	0.253731343284	0.0895522388059	0.358208955224
ghu-	0.477178423237	0.187413554633	0.307745504841	0.0276625172891
mli-	0.28947368421	0.631578947368	0.0394736842105	0.0394736842105
wow-	0.291560111243	0.144586168742	0.012111921214	0.551741798801
ded-	0.554732041049	0.15165336374	0.0530216647663	0.240592930445
mom-	0.617343211938	0.173223416467	0.106960242095	0.1024731295
doc-	0.522648083624	0.372822299652	0.0	0.104529616725
ban-	0.131172839506	0.868827160494	0.0	0.0
iig-	0.443181818182	0.322727272727	0.102272727273	0.131818181818
nsi-	0.0641940085592	0.201141226819	0.734664764622	0.0
hal-	0.114561753345	0.514536081243	0.0302990501322	0.34060311528
yug-	0.321428571429	0.0357142857143	0.642857142857	0.0
kac-	0.621900152955	0.175873222838	0.0692058875154	0.133020736692
iin-	0.326139088729	0.347242206235	0.0676258992806	0.258992805755
wen-	0.220066543207	0.172275391785	0.196229676032	0.411428388976
iyi-	0.340037214458	0.4373490637	0.096876360901	0.125737360941
did-	0.233657130961	0.141829038638	0.091513442412	0.533000387989
yej-	0.628569620453	0.0908443685035	0.0309301184995	0.249655892544
lup-	0.0646616541353	0.541353383459	0.285714285714	0.108270676692
bwe-	0.511553784861	0.261088977424	0.20026560425	0.0270916334662
wug-	0.0	0.835748792271	0.164251207729	0.0
nam-	0.213720995509	0.325715755988	0.282325973054	0.178237275449
ebe-	0.0	1.0	0.0	0.0
hen-	0.235587208527	0.137064108028	0.0363090856653	0.591039597781
leh-	0.0	1.0	0.0	0.0
udo-	0.123255813954	0.508139534884	0.110465116279	0.258139534884
sid-	0.240232020892	0.587886701487	0.0694304941744	0.102450783447
oli-	0.0	0.9744	0.0	0.0256
soy-	0.617958670624	0.233417523674	0.0461359929007	0.102487812801
muf-	0.127056126553	0.347843292068	0.0645434747345	0.460557106645
mod-	0.362421858264	0.256285419385	0.161814251495	0.219478470856
ulw-	0.0856282817692	0.364201341033	0.055932762309	0.494237614888
ula-	0.165461817915	0.741330593373	0.0273751421966	0.0658324465157
fyo-	0.204999713595	0.265191032371	0.0229937304944	0.50681552354
kon-	0.596319162822	0.163851620649	0.0435751935513	0.196254022977
adu-	0.0	1.0	0.0	0.0
fut-	0.0917568071615	0.55091383812	0.0693770980978	0.287952256621
yul-	0.0805921052631	0.889802631579	0.0	0.0296052631579
imu-	0.0948154208393	0.670474674285	0.0553913416584	0.179318563217
hwa-	0.350396539293	0.498197548666	0.0216294160058	0.129776496035
mut-	0.107683027944	0.656611575678	0.144832026809	0.0908733695692
maf-	0.0717133353778	0.865018518082	0.0229765752164	0.0402915713241
awo-	0.244119862423	0.144967466173	0.041780330874	0.56913234053
gid-	0.0	1.0	0.0	0.0
hel-	0.0285615966965	0.910759348474	0.040376233081	0.0203028217481
tuk-	0.0	0.684666929444	0.169491525424	0.145841545132
ene-	0.0	1.0	0.0	0.0
ewu-	0.093023255814	0.906976744186	0.0	0.0
mow-	0.402247103038	0.308369871594	0.0544942060758	0.234888819292
nim-	0.516453097896	0.117070261373	0.0709566033899	0.295520037341
ukw-	0.0724732991369	0.03016624958	0.013863048482	0.883497402801
tul-	0.0038784744667	0.943762120233	0.00193923723335	0.0504201680672
nah-	0.213667820069	0.55276816609	0.131199538639	0.102364475202
hoh-	0.65489152351	0.116057746592	0.0701669489475	0.15888378095
yam-	0.664742752357	0.155050003194	0.0474163770147	0.132790867433
yau-	0.617526099336	0.302752293578	0.0398608035432	0.0398608035432
wuy-	0.133333333333	0.266666666667	0.266666666667	0.333333333333
ina-	0.375590770086	0.1317764804	0.0350291909925	0.457603558521
baa-	0.138121546961	0.861878453039	0.0	0.0
mai-	0.175953079179	0.619745845552	0.0772238514173	0.127077223851
pen-	0.0	1.0	0.0	0.0
how-	0.635444316193	0.141122914348	0.042389528484	0.181043240975
sao-	0.188888888889	0.255555555556	0.5	0.0555555555555
ape-	0.0	1.0	0.0	0.0
uwe-	0.25418171428	0.477396961904	0.0263011209008	0.242120202914
umu-	0.148655393522	0.742214477804	0.0410108719625	0.0681192567113
wij-	0.848715197585	0.0443543254105	0.00327338194912	0.103657095055
dun-	0.401098901099	0.379120879121	0.153846153846	0.0659340659341
hul-	0.457457133614	0.305726302168	0.108702685215	0.128113879004
uku-	0.528819862602	0.192173993942	0.0589276287959	0.22007851466
und-	0.0187281561062	0.920465620313	0.00960521311028	0.0512010104707
kos-	0.119029042699	0.0275715517881	0.00172938075011	0.851670024763
lab-	0.0528776398517	0.761996883229	0.00832930302541	0.176796173894
upa-	0.609523809524	0.161904761905	0.171428571429	0.0571428571429
jeh-	0.0697665834061	0.875970518389	0.0439271080705	0.0103357901343
jil-	0.0	1.0	0.0	0.0
tia-	0.0	0.955223880597	0.044776119403	0.0
ndu-	0.0890692249564	0.32775897756	0.449288694681	0.133883102802
nal-	0.0588235294118	0.828431372549	0.112745098039	0.0
kau-	0.523321956769	0.223549488055	0.0637087599545	0.189419795222
iba-	0.0466161598227	0.788876348809	0.00761925641616	0.156888234952
ino-	0.232298562224	0.0963619083404	0.0384585631085	0.632880966327
bas-	0.367360103209	0.0762780196743	0.0314465408805	0.524915336236
mim-	0.116116228563	0.767243316109	0.0378192166554	0.078821238673
lwe-	0.128074540384	0.186684923272	0.0334797201396	0.651760816204
koj-	0.44623655914	0.174731182796	0.228494623656	0.150537634409
iwe-	0.163787145819	0.615583966828	0.15393918452	0.0666897028335
uko-	0.197704512518	0.167234653576	0.0170644926406	0.617996341266
yes-	0.00496883449615	0.925588101601	0.00235207135287	0.0670909925495
mid-	0.0144752714113	0.107185938308	0.0303291401	0.848009650181
isw-	0.107645657353	0.227420402859	0.509205111544	0.155728828243
teo-	0.0242424242424	0.943434343434	0.0323232323232	0.0
nid-	0.293949537064	0.128604145869	0.0295574216533	0.547888895414
lek-	0.630633546403	0.116595193786	0.0257302370742	0.227041022736
sah-	0.00481996536766	0.708659871111	0.285449060107	0.00107110341503
inh-	0.306159281869	0.458632927668	0.0341201609312	0.201087629531
hin-	0.345812427634	0.582143316609	0.00720442557569	0.0648398301814
ito-	0.18954942773	0.695175544502	0.0674651084175	0.047809919351
nat-	0.0319849482596	0.866415804327	0.0959548447789	0.00564440263405
sem-	0.0	1.0	0.0	0.0
hec-	0.131738849386	0.114673561732	0.00770523594052	0.745882352941
lus-	0.244697713035	0.678315344554	0.0347196014793	0.0422673409314
nuf-	0.0625	0.2578125	0.4921875	0.1875
jol-	0.06	0.88	0.06	0.0
sod-	0.00479616306954	0.99520383693	0.0	0.0
kun-	0.230135478384	0.267515053944	0.117417917962	0.38493154971
ide-	0.444208645147	0.343571987043	0.203283815481	0.00893555232882
wey-	0.144700460829	0.646082949309	0.178801843318	0.0304147465438
kan-	0.343319205311	0.381970305243	0.180002545973	0.0947079434734
nhi-	0.409946236559	0.274193548387	0.315860215054	0.0
nei-	0.290488431877	0.280205655527	0.0629820051414	0.366323907455
agi-	0.0968309859154	0.068661971831	0.728873239437	0.105633802817
woi-	0.319973909262	0.0930569647775	0.0295695028265	0.557399623134
diy-	0.0978614493791	0.228133207975	0.0222734598854	0.65173188276
gap-	0.202124520508	0.34493951018	0.269991147831	0.182944821481
sey-	0.0179226707241	0.0109079924819	0.00324442853307	0.967924908261
fis-	0.127762767542	0.181371434777	0.233754155292	0.457111642388
ifi-	0.192764117909	0.566194849293	0.0690404895161	0.172000543282
sio-	0.704225352113	0.295774647887	0.0	0.0
uya-	0.0772502586504	0.403877840365	0.0147909721424	0.504080928842
dek-	0.0	0.788043478261	0.0	0.211956521739
mum-	0.251203451382	0.552082044371	0.050333292117	0.14638121213
uhu-	0.323076923077	0.524137931035	0.0668435013262	0.0859416445624
waj-	0.348892171344	0.410585918267	0.183161004431	0.0573609059577
mug-	0.142431186104	0.301387421672	0.0541807062599	0.502000685965
jel-	0.325	0.55	0.125	0.0
met-	0.0984298101711	0.752167799391	0.0123037262714	0.137098664167
udu-	0.597955869711	0.12503582004	0.120832935333	0.156175374916
mna-	0.127659574468	0.808510638298	0.0638297872341	0.0
kuw-	0.462057692923	0.182641816599	0.0539177481356	0.301382742342
fya-	0.173746104167	0.159946020628	0.0456655849372	0.620642290268
iho-	0.285714285714	0.184126984127	0.195767195767	0.334391534392
mki-	0.092879256966	0.729102167183	0.178018575851	0.0
ken-	0.582048026408	0.11869865082	0.0602144602517	0.23903886252
uik-	0.944444444444	0.0	0.0	0.0555555555556
hil-	0.289532293987	0.701559020045	0.00890868596882	0.0
msi-	0.28547008547	0.606837606838	0.0153846153846	0.0923076923077
ufa-	0.216274089936	0.109207708779	0.571734475375	0.10278372591
ilu-	0.173655805362	0.70902479148	0.0696989812116	0.0476204219458
yom-	0.691189236111	0.201586174242	0.0293955176768	0.0778290719697
lai-	0.0330578512396	0.586776859504	0.380165289256	0.0
wic-	0.0747451868629	0.132502831257	0.085315213288	0.707436768592
ijo-	0.0	0.929824561404	0.00584795321637	0.0643274853801
nit-	0.535415004511	0.242213287862	0.0512856613947	0.171086046233
ikw-	0.503829880043	0.193000027012	0.102757728519	0.200412364426
uha-	0.239607436368	0.629405037368	0.0539907976276	0.0769967286364
nya-	0.501746541847	0.332871822882	0.0474805339972	0.117901101274
aka-	0.0749999999999	0.861458333333	0.0432291666666	0.0203125
nif-	0.493969059476	0.0644562685804	0.135956524209	0.305618147734
gok-	0.629654403567	0.0954292084728	0.0430323299888	0.231884057971
mem-	0.643651105009	0.198770759775	0.118347064208	0.0392310710083
wab-	0.233410244578	0.533929395478	0.148904014767	0.0837563451777
ala-	0.0209588682211	0.958082263558	0.0	0.0209588682211
jul-	0.0	1.0	0.0	0.0
dkw-	0.787878787879	0.050505050505	0.161616161616	0.0
dig-	0.149917791676	0.742659154133	0.0327836833606	0.0746393708311
yoe-	0.0	1.0	0.0	0.0
mba-	0.119600448794	0.775836813564	0.0289846038771	0.0755781337655
wud-	0.0228136882129	0.874524714829	0.0798479087453	0.0228136882129
iic-	0.422094841063	0.31214174049	0.203230849401	0.0625325690463
huw-	0.434035771206	0.31326367983	0.0456879759164	0.207012573048
bib-	0.0322580645161	0.967741935484	0.0	0.0
sso-	0.161290322581	0.593841642229	0.131964809384	0.112903225806
ayi-	0.113433441558	0.106534090909	0.0379464285714	0.742086038961
fok-	0.368373254626	0.35974571461	0.0777613804064	0.194119650358
anu-	0.0593080724876	0.881383855025	0.0	0.0593080724876
sag-	0.46901131333	0.202902115101	0.163305459911	0.164781111658
geh-	0.0924385059217	0.246765866991	0.500819921045	0.159975706043
mka-	0.130784708249	0.869215291751	0.0	0.0
gay-	0.178157847853	0.226438624621	0.0154997327632	0.579903794762
bwi-	0.26837806301	0.358226371062	0.303383897316	0.0700116686114
ipa-	0.0952217321898	0.888224789632	0.00945101328499	0.00710246489353
kin-	0.470586318157	0.279438125346	0.166867646579	0.0831079099176
gob-	0.353448275862	0.465517241379	0.129310344828	0.051724137931
iyu-	0.162670201229	0.173394384866	0.29883118448	0.365104229425
dan-	0.0894187779434	0.821162444113	0.0894187779434	0.0
lug-	0.212447399317	0.0258771177684	0.113204145615	0.648471337299
kij-	0.591098748262	0.191933240612	0.0208623087622	0.196105702364
kag-	0.657875514206	0.108607896659	0.0625696820576	0.170946907078
mub-	0.10507603998	0.809732350771	0.0413021187699	0.0438894904794
ndi-	0.280973451327	0.502212389381	0.163716814159	0.0530973451328
mis-	0.0793178634919	0.66989510354	0.127993450035	0.122793582934
hos-	0.441161019649	0.431016222779	0.0731257250362	0.0546970325357
wed-	0.459600347524	0.44135534318	0.0573414422241	0.0417028670721
tog-	0.432290381319	0.0687667998426	0.0212103223569	0.477732496482
sac-	0.3359375	0.3515625	0.03125	0.28125
iso-	0.322198397472	0.299458300418	0.0321634127074	0.346179889403
din-	0.166755899329	0.235994299391	0.060100461339	0.537149339941
yai-	0.504676888908	0.35809165848	0.0591978815188	0.0780335710929
kia-	0.814814814815	0.148148148148	0.0	0.037037037037
yon-	0.450840056875	0.352898795483	0.0604342472992	0.135826900343
kob-	0.26213592233	0.660194174757	0.0194174757281	0.0582524271845
was-	0.303031834767	0.412242363369	0.150612070025	0.134113731839
iwi-	0.305084745763	0.525423728814	0.101694915254	0.0677966101695
fij-	0.311320120927	0.536311723211	0.0790057104468	0.0733624454148
sos-	0.05717064011	0.225807262851	0.0208731515944	0.696148945445
mup-	0.404463967707	0.256891843761	0.154861688235	0.183782500297
don-	0.515452117512	0.265547500954	0.138878290729	0.080122090805
deg-	0.627906976744	0.325581395349	0.0	0.046511627907
uka-	0.236933888431	0.523358901583	0.0466138847935	0.193093325193
uhi-	0.25804038893	0.713911742708	0.0168287210172	0.0112191473448
bit-	0.163453478625	0.798826487846	0.0377200335289	0.0
dog-	0.751507321275	0.129198966408	0.0353143841516	0.0839793281653
leg-	0.0349107835531	0.941815360745	0.0232738557021	0.0
wek-	0.600485051592	0.219472616633	0.0608519269777	0.119190404797
uyu-	0.0495867768595	0.933884297521	0.0165289256198	0.0
api-	0.0	0.962264150943	0.0	0.0377358490566
fuy-	0.146341463415	0.853658536585	0.0	0.0
wos-	0.0735017289099	0.0862610518412	0.0334823729303	0.806754846319
nom-	0.461321584158	0.219260800708	0.0720115605546	0.247406054579
pot-	0.0	1.0	0.0	0.0
mam-	0.117470304855	0.737072908973	0.0829127644406	0.0625440217312
utu-	0.136665762344	0.777875746066	0.0508681497558	0.034590341834
esa-	0.0	1.0	0.0	0.0
dyu-	0.503574006768	0.197874373558	0.0169415849145	0.281610034759
sia-	0.294784580499	0.569160997732	0.136054421769	0.0
hay-	0.444777737166	0.118668313525	0.0611585142987	0.37539543501
ipe-	0.0690647482014	0.892086330935	0.0258992805756	0.0129496402878
hof-	0.709021619324	0.22481647708	0.0564796738011	0.00968222979447
wat-	0.142407888592	0.756673987162	0.0622522280757	0.0386658961695
huh-	0.494746059545	0.330122591944	0.0700525394045	0.105078809107
mwu-	0.397887323944	0.538732394366	0.0316901408451	0.0316901408451
diw-	0.213881710363	0.662319284515	0.0194143761298	0.104384628991
ama-	0.117868286452	0.407286838489	0.0401346330683	0.434710241991
kok-	0.518759599139	0.0948022881332	0.0509772032912	0.335460909437
kuj-	0.335640822785	0.113689181171	0.143023140823	0.407646855221
uus-	0.393180780232	0.220332668317	0.263238228012	0.123248323438
ifu-	0.250311576648	0.55118959264	0.0984442172775	0.100054613435
wog-	0.414338665141	0.418791512227	0.109853478942	0.0570163436901
yaw-	0.296985109704	0.079343002964	0.020492133925	0.603179753407
pla-	0.0	0.97037037037	0.00740740740741	0.0222222222222
unh-	0.138996138996	0.810810810811	0.027027027027	0.023166023166
map-	0.0883109967161	0.883820005325	0.014200763291	0.0136682346676
bet-	0.00804739018665	0.985246451324	0.00134123169778	0.0053649267911
ges-	0.477480647431	0.348346235046	0.0580577058409	0.116115411682
maj-	0.0837744725279	0.523792175148	0.173008883097	0.219424469227
foy-	0.546882577356	0.164208174457	0.0484225355572	0.240486712629
sal-	0.190639269406	0.749648753073	0.0196112867346	0.0401006907857
asu-	0.0634249471459	0.651162790698	0.158562367865	0.126849894292
kiy-	0.477611105674	0.263661908823	0.0857949700131	0.17293201549
aun-	0.177050757758	0.0613423141689	0.0202068799615	0.741400048112
hek-	0.128336755647	0.835728952772	0.0222450376455	0.0136892539356
gab-	0.0965517241379	0.857471264368	0.0183908045977	0.0275862068965
sek-	0.2850350134	0.540330249849	0.103743407971	0.0708913287801
bis-	0.0	1.0	0.0	0.0
den-	0.567708333333	0.401041666667	0.03125	0.0
mbe-	0.19353908278	0.763195846553	0.0103836169599	0.0328814537064
ind-	0.126202309275	0.517468706676	0.24618048778	0.110148496269
jam-	0.815384615385	0.144230769231	0.0403846153846	0.0
bad-	0.545889101338	0.425430210325	0.0286806883365	0.0
yew-	0.585566119274	0.199798329012	0.112359550562	0.102276001152
fuf-	0.2331002331	0.347319347319	0.41958041958	0.0
gho-	0.285135266684	0.164240391508	0.0382304268179	0.51239391499
mse-	0.606060606061	0.030303030303	0.121212121212	0.242424242424
min-	0.0315608961105	0.639938216049	0.116422611953	0.212078275887
tun-	0.315682281059	0.562118126273	0.030549898167	0.091649694501
ich-	0.144022213303	0.604526516433	0.0530412829173	0.198409987346
goy-	0.605078627443	0.22816480644	0.0747479357703	0.0920086303473
nna-	0.0	0.897260273973	0.0	0.102739726027
nhu-	0.383192931991	0.409287035135	0.0965687281693	0.110951304705
kut-	0.411770781597	0.260132238254	0.0654718963833	0.262625083766
age-	0.271496994439	0.331351055964	0.138143302581	0.259008647015
ady-	0.466110531804	0.311783107404	0.0907194994786	0.131386861314
mui-	0.167650831789	0.581366699925	0.0203823990552	0.230600069231
tab-	0.0275229357798	0.836009174312	0.0676605504587	0.0688073394495
lok-	0.793103448276	0.0344827586207	0.0344827586207	0.137931034483
igo-	0.467903293039	0.364943726553	0.0650270946228	0.102125885786
gal-	0.176742351305	0.736695014976	0.0169153829696	0.0696472507488
luy-	0.16862170088	0.655425219941	0.0879765395894	0.0879765395894
nac-	0.372407298059	0.197288267346	0.0452952036416	0.385009230953
ida-	0.090047393365	0.881516587678	0.0	0.0284360189573
sel-	0.0422237860661	0.865084950236	0.0811299889414	0.0115612747562
awe-	0.187031726236	0.372854458196	0.0446083709072	0.39550544466
ibe-	0.471327879661	0.124941536281	0.147372694071	0.256357889986
kus-	0.228339127332	0.215732282949	0.103277310646	0.452651279074
fye-	0.122301450955	0.115522737152	0.043181959307	0.718993852586
yin-	0.179814385151	0.80626450116	0.0139211136891	0.0
lil-	0.186046511628	0.790697674419	0.0232558139534	0.0
gak-	0.257210702198	0.156447871695	0.0633282689371	0.523013157171
gaf-	0.383677243608	0.217575661649	0.152431252655	0.246315842087
imo-	0.298181818182	0.185696969697	0.140121212121	0.376
lan-	0.451738571409	0.203057523794	0.0268501437163	0.318353761081
ung-	0.505302783252	0.263519970509	0.100273646302	0.130903599938
not-	0.496626686657	0.214767616192	0.00374812593703	0.284857571214
yiy-	0.357863177978	0.117198146634	0.0299809212319	0.494957754157
hef-	0.00749906261719	0.967754030746	0.0247469066367	0.0
kej-	0.896245841914	0.0267701568193	0.00665293838111	0.0703310628861
ugo-	0.210021833339	0.606296933408	0.0826193390453	0.101061894208
oma-	0.79305740988	0.20694259012	0.0	0.0
wao-	0.4228337672	0.0899962811454	0.0312383785794	0.455931573075
luk-	0.144643859472	0.588160792159	0.139534549013	0.127660799355
tay-	0.132	0.146	0.6	0.122
lel-	0.836734693878	0.163265306122	0.0	0.0
mhi-	0.419251336898	0.580748663102	0.0	0.0
imb-	0.119450226922	0.504499997023	0.0818225025153	0.294227273539
kop-	0.769230769231	0.127331002331	0.0684731934732	0.034965034965
kak-	0.440672276967	0.211441175765	0.0519072622216	0.295979285046
nel-	0.141274238227	0.842105263158	0.016620498615	0.0
one-	0.0391879964695	0.903265666373	0.0275375110326	0.0300088261253
nob-	0.59649122807	0.30701754386	0.0701754385964	0.0263157894737
kik-	0.389920852851	0.472513864211	0.0810316050181	0.0565336779196
imy-	0.0932642487047	0.906735751295	0.0	0.0
gog-	0.218853433824	0.282156725079	0.0727171125217	0.426272728575
saf-	0.34592445328	0.363817097416	0.262425447316	0.0278330019881
kap-	0.163172804533	0.79178470255	0.0212464589235	0.0237960339943
nye-	0.0628846237842	0.0754270660202	0.0301078383367	0.831580471859
ija-	0.347676564335	0.489431303473	0.0662640496561	0.0966280825364
jas-	0.0	0.864253393665	0.135746606335	0.0
nad-	0.182908005762	0.0735748096316	0.0407748507924	0.702742333814
nis-	0.53247014625	0.239098349658	0.0674225144238	0.161008989668
ugh-	0.370994940978	0.350758853288	0.177065767285	0.101180438449
leu-	0.542570951586	0.329943845804	0.0258005767188	0.101684625892
ule-	0.116312272293	0.049107367557	0.00270054707857	0.831879813072
kis-	0.392682522582	0.397779066876	0.108021877849	0.101516532693
gau-	0.188524590164	0.811475409836	0.0	0.0
gen-	0.14062926737	0.259170708999	0.0964026092172	0.503797414414
tik-	0.0911829684675	0.908817031532	0.0	0.0
nuw-	0.429778080898	0.0885053250091	0.0286973401186	0.453019253974
wel-	0.0625507829721	0.129928295926	0.0270891941743	0.780431726928
neg-	0.816901408451	0.12676056338	0.0	0.056338028169
iny-	0.148696834517	0.706453789803	0.0656872528042	0.0791621228758
gel-	0.545799551492	0.275970329481	0.119303087804	0.058927031223
sau-	0.0705278905749	0.812780508656	0.0	0.116691600769
yaj-	0.766565246788	0.122041920216	0.0608519269777	0.0505409060176
tat-	0.0273037542662	0.331058020478	0.277588168373	0.364050056883
fon-	0.431732866894	0.232262476343	0.0923539746322	0.24365068213
anh-	0.411057692308	0.396634615385	0.0180288461538	0.174278846154
dij-	0.0722643102794	0.692798658622	0.0237474553384	0.211189575761
mbw-	0.054046997389	0.88955613577	0.046997389034	0.00939947780679
beh-	0.200795228628	0.530815109344	0.0	0.268389662028
kit-	0.396320809989	0.347914149182	0.10469304991	0.151071990919
kwo-	0.271186440678	0.610169491525	0.118644067797	0.0
gol-	0.583108427879	0.316221332549	0.0307363681713	0.0699338714009
weh-	0.282511550405	0.263235628266	0.378133757479	0.0761190638491
iyo-	0.085438352414	0.0874274348101	0.0172508199378	0.809883392838
yud-	0.00303816697259	0.98556870688	0.000759541743148	0.0106335844041
fin-	0.125343868062	0.0479208779671	0.0186388759939	0.808096377977
sow-	0.485609698761	0.345467978641	0.0527252577493	0.116197064849
wot-	0.519020840225	0.203440291102	0.225603704929	0.0519351637446
lon-	0.711743772242	0.113843768718	0.0517952151087	0.122617243931
nag-	0.0734828704803	0.0777289869979	0.0247712108025	0.824016931719
mud-	0.159644155878	0.477136009646	0.19910114256	0.164118691916
miw-	0.0	0.929559748428	0.0704402515723	0.0
yen-	0.192160787703	0.0624197111571	0.020095707928	0.725323793212
itu-	0.331768231768	0.486713286713	0.066033966034	0.115484515484
wib-	0.48322147651	0.375838926175	0.10067114094	0.0402684563758
had-	0.569139561355	0.225479415931	0.0737525750499	0.131628447664
kad-	0.0741056095132	0.0857806704862	0.627105191001	0.213008529
eli-	0.00485410711397	0.952267946713	0.000809017852329	0.042068928321
uso-	0.245956722369	0.497155145379	0.0861968549796	0.170691277272
yek-	0.575185866995	0.141335683444	0.037730731221	0.245747718341
tam-	0.508064516129	0.407258064516	0.0725806451613	0.0120967741936
dic-	0.227642276423	0.41086654769	0.0624628197501	0.299028356137
yoa-	0.0	1.0	0.0	0.0
kid-	0.15559772296	0.641366223909	0.0740037950664	0.129032258065
koy-	0.374703969815	0.173323164613	0.0192670493316	0.432705816241
men-	0.0914207849808	0.244462652405	0.553993035455	0.110123527159
iko-	0.190009857284	0.544914927356	0.0698581408306	0.19521707453
bus-	0.0474612023504	0.68359198433	0.0	0.268946813319
ain-	0.168161768842	0.191619045098	0.0284902170352	0.611728969025
lub-	0.36037734675	0.459723337129	0.106719933292	0.073179382829
noi-	0.538232373386	0.326713008937	0.0337636544191	0.101290963257
soc-	0.484602726845	0.305594734368	0.0918743143708	0.117928224416
