jer-	0.0	0.981132075472	0.0188679245283	0.0
liä-	0.100723140496	0.883780991736	0.0	0.0154958677686
tut-	0.290801186944	0.215628090999	0.122650840752	0.370919881306
báñ-	0.230997038499	0.730503455084	0.0207305034551	0.0177690029615
äun-	0.0518402032706	0.129406843341	0.0271130770244	0.791639876364
luk-	0.52383379462	0.409272747746	0.0515435812032	0.0153498764305
lór-	0.0124100719424	0.786510791367	0.196762589928	0.00431654676259
jis-	0.474262182567	0.213452299245	0.0360329444063	0.276252573782
äaê-	0.450959384436	0.39222752508	0.108892568423	0.047920522061
dok-	0.31472200391	0.367986133684	0.172523167086	0.14476869532
ëië-	0.763513513514	0.0202702702703	0.141891891892	0.0743243243243
náè-	0.00595083835792	0.00399977965809	0.000994843154753	0.989054538829
woà-	0.649826079579	0.242003902605	0.0343598880122	0.073810129804
fal-	0.0	1.0	0.0	0.0
seä-	0.468658596949	0.403883364082	0.0825721099762	0.0448859289925
kañ-	0.62021927905	0.10014829916	0.0690719819719	0.210560439818
suã-	0.0	0.832618025751	0.167381974249	0.0
kus-	0.347825598535	0.403757217751	0.175965318869	0.0724518648459
äir-	0.309769923308	0.240080026676	0.206735578526	0.24341447149
atá-	0.0	0.993413830955	0.0	0.00658616904502
nij-	0.0	1.0	0.0	0.0
máj-	0.1189677754	0.663872139013	0.184504311742	0.0326557738442
sáñ-	0.713814614669	0.0962137674287	0.136665337145	0.0533062807571
eji-	0.00354691075515	0.921281464531	0.075171624714	0.0
poy-	0.0730593607306	0.401826484018	0.525114155251	0.0
mah-	0.0	1.0	0.0	0.0
teë-	0.551140501345	0.294718862525	0.0260974620879	0.128043174042
póè-	0.60447761194	0.261194029851	0.044776119403	0.089552238806
tum-	0.469582754744	0.297130199035	0.173113800172	0.0601732460491
nyu-	0.452660384181	0.411541500565	0.128834109344	0.00696400591048
äoä-	0.638248766112	0.272982281717	0.0497106132159	0.0390583389554
dál-	0.0635265586368	0.163871435095	0.374025605896	0.398576400372
tóy-	0.260779579165	0.639875819248	0.0372542255951	0.0620903759917
yán-	0.148845686513	0.484204131227	0.0321992709599	0.3347509113
äej-	0.0406719712454	0.897923975586	0.00643428321694	0.0549697699512
ana-	0.0179910044978	0.958020989505	0.00749625187406	0.0164917541229
daà-	1.0	0.0	0.0	0.0
tom-	0.38795104898	0.492065197064	0.0306277554786	0.0893559984771
doñ-	0.0512765979658	0.917957443255	0.0102553195932	0.0205106391863
fig-	0.00341953408848	0.953622568925	0.0416755717033	0.00128232528318
dit-	0.632941176471	0.0442352941176	0.197176470588	0.125647058824
sáã-	0.084180510786	0.274981403422	0.200099181751	0.440738904042
gós-	0.580212667591	0.245954692557	0.07582061951	0.0980120203421
äiy-	0.626535595557	0.160403804368	0.0343368202507	0.178723779824
tïî-	0.300278824145	0.0912122807823	0.0455355828904	0.562973312182
saä-	0.565343747162	0.232948869312	0.0245209336119	0.177186449914
fiy-	0.0281359906213	0.971864009379	0.0	0.0
peà-	0.409136047666	0.318768619662	0.154915590864	0.117179741807
kat-	0.364354920959	0.32151963284	0.264660887302	0.0494645588985
abi-	0.0174612685098	0.959257040144	0.0232816913464	0.0
sië-	0.666387564163	0.170616573835	0.0421323431261	0.120863518876
mil-	0.15402164981	0.714669570398	0.0212933156419	0.11001546415
dis-	0.386844758064	0.208809363799	0.0624439964157	0.34190188172
tib-	0.0101608806097	0.959356477561	0.0304826418289	0.0
gan-	0.36	0.186666666667	0.253333333333	0.2
yer-	0.00587548962413	0.988499041587	0.00350029169097	0.00212517709809
sen-	0.0152606657894	0.0177422670031	0.0430420233085	0.923955043899
káà-	0.107905919001	0.050378883966	0.00521717930133	0.836498017732
gbi-	0.241167918222	0.44886610609	0.237720521007	0.0722454546817
yië-	0.0142405063291	0.969936708861	0.0	0.0158227848101
tus-	0.4	0.355555555555	0.233333333333	0.0111111111111
ñgi-	0.0780296933037	0.633504897845	0.0347541834543	0.253711225397
kaê-	0.364636398161	0.31111431228	0.151517135711	0.172732153848
fes-	0.00817661488144	0.99100572363	0.0	0.000817661488143
kum-	0.106986748614	0.603684632838	0.0692801596026	0.220048458946
ták-	0.252865638197	0.160734292855	0.55347754891	0.0329225200379
adm-	0.0	1.0	0.0	0.0
ful-	0.417391304348	0.321739130435	0.260869565217	0.0
sóñ-	0.172211428239	0.537851288602	0.131658473723	0.158278809437
her-	0.0203170350525	0.918062067426	0.0454342487163	0.0161866488055
äál-	0.164319248826	0.0551643192488	0.0410798122066	0.739436619718
kpó-	0.591304347826	0.330434782609	0.0086956521739	0.0695652173913
wey-	0.706235790841	0.158817797986	0.0842806105879	0.0506658005846
kam-	0.231865615378	0.210342496366	0.104143905808	0.453647982447
kle-	0.0933333333333	0.826666666667	0.08	0.0
vum-	0.176470588235	0.691176470588	0.132352941177	0.0
jat-	0.619473860211	0.247343279079	0.0568173795345	0.076365481175
sin-	0.046486758848	0.0704991482733	0.0393471763887	0.84366691649
kim-	0.0922023103776	0.288709011554	0.487662616712	0.131426061356
ger-	0.0732700135685	0.860244233379	0.0488466757124	0.0176390773406
pat-	0.253918495298	0.645768025078	0.0689655172414	0.0313479623824
jem-	0.584064064938	0.358668008078	0.0312995877212	0.0259683392632
ëïî-	0.613686512625	0.20669341398	0.0561419707201	0.123478102675
kaã-	0.7230688299	0.0409572558221	0.0124416536544	0.223532260623
äós-	0.469928447109	0.239992264552	0.266872945272	0.0232063430671
nók-	0.4464	0.424	0.0528	0.0768
kem-	0.741680477538	0.116465981256	0.0602789551648	0.0815745860406
sóè-	0.233113497878	0.516722736414	0.195379298581	0.0547844671272
lom-	0.629562043796	0.298518677544	0.0322026620867	0.0397166165737
ëóê-	0.52425137073	0.293547026571	0.111345423872	0.0708561788275
soê-	0.45330551868	0.335391617675	0.171135975725	0.0401668879196
äan-	0.189369489537	0.220405392438	0.0816470788775	0.508578039147
gen-	0.100706713781	0.816254416961	0.0106007067138	0.0724381625442
saw-	0.7944	0.084	0.0928	0.0288
siä-	0.197136822342	0.342877258859	0.400844872096	0.0591410467027
koê-	0.395855448378	0.155997600037	0.365071306595	0.0830756449901
yeñ-	0.90499543148	0.0756946129319	0.00332099574809	0.01598895984
dóm-	0.104825291181	0.891846921797	0.0	0.00332778702163
tañ-	0.0545124167171	0.891580860085	0.0102967898243	0.0436099333738
ëek-	0.215394380013	0.197334256534	0.0786884772951	0.508582886158
ëyu-	0.203493654303	0.153293453301	0.0490482789194	0.594164613477
món-	0.0433602032268	0.745143695386	0.0637004608285	0.147795640559
doê-	0.398249452954	0.365426695842	0.223194748359	0.0131291028446
äoñ-	0.440118955189	0.4002002255	0.0422848522427	0.117395967069
kór-	0.0695595290013	0.885466637593	0.0269843000436	0.0179895333624
alf-	0.0	0.984432769021	0.0155672309788	0.0
pas-	0.0152552317622	0.943672990417	0.0176021904948	0.0234695873264
äin-	0.15420023015	0.239930955121	0.600690448792	0.00517836593786
kpe-	0.314942528736	0.272796934866	0.357088122605	0.0551724137931
ëal-	0.711969111969	0.240154440154	0.0146718146718	0.0332046332047
gbó-	0.48362720403	0.4080604534	0.0931989924433	0.0151133501259
äiñ-	0.500130378097	0.201434159061	0.188917861799	0.109517601043
eso-	0.0243902439024	0.975609756098	0.0	0.0
say-	0.341265474553	0.495185694636	0.0512379642366	0.112310866575
äeg-	0.0317951377225	0.595156431328	0.354428675639	0.0186197553101
ñgá-	0.0613936501402	0.0503527167188	0.0156731419761	0.872580491165
sap-	0.0913425479481	0.563859423551	0.319082824387	0.0257152041144
asi-	0.00430516619944	0.980676812175	0.00600720865038	0.00901081297557
nan-	0.084161831612	0.030727401393	0.00685145823904	0.878259308756
sár-	0.405960945529	0.55704008222	0.0308324768756	0.00616649537513
ses-	0.105965463108	0.866169544741	0.0168759811617	0.010989010989
pok-	0.308823529412	0.632965686275	0.0091911764706	0.0490196078431
wul-	0.0866249235123	0.0590145464317	0.023870976097	0.830489553959
wom-	0.373967640743	0.16207321634	0.0350466848883	0.428912458029
bir-	0.331746275534	0.425587467363	0.0721855321763	0.170480724927
yis-	0.227979274611	0.633851468048	0.117443868739	0.020725388601
mel-	0.0	1.0	0.0	0.0
kri-	0.00576112913198	0.977259367207	0.00369494995277	0.0132845537087
kaf-	0.00885935769657	0.990402362495	0.000738279808047	0.0
más-	0.261016477271	0.625128453884	0.0817874473737	0.032067621471
pót-	0.151515151515	0.69696969697	0.151515151515	0.0
ëat-	0.932541824069	0.0286022665947	0.0	0.0388559093362
yór-	0.0522247547319	0.0841343771678	0.720642156377	0.142998711723
mir-	0.0220048899756	0.970660146699	0.00733496332517	0.0
isa-	0.00985772357724	0.97710704607	0.00680216802169	0.00623306233063
mus-	0.0303827743028	0.0484869643003	0.0138022042555	0.907328057141
pud-	0.0	1.0	0.0	0.0
yom-	0.307581227437	0.542238267148	0.0519855595668	0.0981949458484
emó-	0.257703081232	0.602240896359	0.0	0.140056022409
bab-	0.0199499743523	0.936852086259	0.00617740322584	0.0370205361627
ita-	0.0106007067138	0.922261484099	0.0671378091873	0.0
siy-	0.215451531939	0.518305804547	0.101128365635	0.165114297878
war-	0.296570407167	0.239384132207	0.0849005479341	0.379144912692
seà-	0.740049409827	0.0990941531705	0.0450178424375	0.115838594565
mág-	0.372551285756	0.549956659925	0.0390060676105	0.038485986709
sor-	0.0	1.0	0.0	0.0
kom-	0.28421698367	0.125848419072	0.0838192439118	0.506115353346
nóy-	0.0	1.0	0.0	0.0
poä-	0.0909090909091	0.151515151515	0.515151515152	0.242424242424
tóã-	0.781942078365	0.209540034071	0.00851788756389	0.0
nád-	0.154370719917	0.0507567474248	0.132886382383	0.661986150275
geê-	0.395209580838	0.341317365269	0.191616766467	0.0718562874252
jañ-	0.0825303266981	0.876804551661	0.0134173260568	0.0272477955845
dod-	0.0700389105059	0.88326848249	0.0	0.0466926070039
mal-	0.11410459588	0.727416798732	0.0332805071316	0.125198098257
suê-	0.468107467779	0.288071486407	0.201857779769	0.0419632660451
pek-	0.0419580419581	0.688811188811	0.269230769231	0.0
äen-	0.102747296773	0.195500837863	0.0207910932813	0.680960772082
sab-	0.0102520290474	0.982913284921	0.00277659120034	0.00405809483127
nyi-	0.586852982479	0.12721633845	0.0179125692682	0.268018109803
aki-	0.0	0.987321711569	0.0	0.0126782884311
äáà-	0.567939272946	0.133811612528	0.0998367398233	0.198412374702
mán-	0.0889402534205	0.581551453876	0.0393484739718	0.290159818731
lis-	0.0363856882959	0.949060036386	0.0109157064888	0.0036385688296
äoê-	0.760823234759	0.114229267458	0.0460463886253	0.078901109158
krá-	0.0112888052681	0.966133584196	0.0	0.0225776105362
ñge-	0.0698666445421	0.0438349062236	0.00352107986736	0.882777369367
mój-	0.0361635220125	0.893081761006	0.0707547169811	0.0
suà-	0.666666666667	0.130434782609	0.173913043478	0.0289855072464
toy-	0.508698453608	0.299291237113	0.121778350515	0.0702319587629
sir-	0.0939695889059	0.877808521357	0.0226395379213	0.00558235181619
soñ-	0.368848308925	0.102347488658	0.0395814906556	0.489222711762
pub-	0.112676056338	0.859154929578	0.0	0.0281690140845
koà-	0.445414847162	0.266375545852	0.0	0.288209606987
yañ-	0.357592481986	0.401521053718	0.0412650497488	0.199621414547
äok-	0.213035467527	0.535544296023	0.191539996929	0.059880239521
dïî-	0.639473684211	0.237969924812	0.0639097744361	0.0586466165414
kók-	0.212337950917	0.145151494817	0.0235745357199	0.618936018546
leñ-	0.774587660354	0.126450824679	0.0549786194258	0.0439828955406
and-	0.0146862483311	0.97997329773	0.0	0.00534045393859
kás-	0.440338722094	0.508852963818	0.0415704387991	0.00923787528871
ALL	0.234894726464	0.310289302461	0.0592693982843	0.395546572791
san-	0.271136481578	0.527036844837	0.154312402698	0.0475142708874
ñgó-	0.0969723387093	0.770457881789	0.0626023958756	0.0699673836257
puk-	0.800914716169	0.185095507129	0.0139897767016	0.0
sám-	0.291138121902	0.129799079348	0.508849024318	0.0702137744322
nóê-	0.0656934306569	0.616788321168	0.317518248175	0.0
sta-	0.0	1.0	0.0	0.0
yás-	0.119270041277	0.481207907886	0.353247881816	0.0462741690202
joñ-	0.378554585101	0.509978729331	0.0531553224378	0.058311363131
sok-	0.611180567049	0.334798273645	0.0285994372796	0.0254217220263
lum-	0.135744946252	0.806765234619	0.0464834721356	0.0110063469934
tos-	0.0860655737705	0.790983606557	0.114754098361	0.00819672131149
bim-	0.469026548673	0.411504424779	0.079646017699	0.0398230088496
gbu-	0.457520594213	0.324574916647	0.18739106222	0.0305134269204
jeà-	0.655709342561	0.157439446367	0.0899653979239	0.0968858131488
mbo-	0.0643024718619	0.844946481858	0.0591734994662	0.0315775468135
kpá-	0.507540603248	0.151216748503	0.145079048184	0.196163600065
tón-	0.430458221024	0.290566037736	0.177628032345	0.101347708895
nyá-	0.0698605659088	0.0627004875736	0.00860336782776	0.85883557869
gas-	0.0540540540541	0.891891891892	0.0540540540541	0.0
ata-	0.0	1.0	0.0	0.0
fit-	0.142149472324	0.780314451863	0.0	0.077536075813
far-	0.0491480996068	0.925294888598	0.014744429882	0.0108125819135
ják-	0.713846153846	0.24	0.00615384615383	0.04
hañ-	0.240577385726	0.148356054531	0.599037690457	0.0120288692863
dat-	0.146847565842	0.733439744613	0.0909816440542	0.0287310454908
nag-	0.0	1.0	0.0	0.0
jaã-	0.214183865697	0.427555916362	0.307396883879	0.0508633340619
lev-	0.0312199807877	0.942843419789	0.0158501440922	0.0100864553314
sed-	0.0	1.0	0.0	0.0
num-	0.174249608843	0.623108398973	0.0504896969806	0.152152295203
wát-	0.0168587287235	0.0637040381566	0.0276292297533	0.891808003367
adi-	0.420105820106	0.510052910053	0.0571428571429	0.0126984126984
ami-	0.0	1.0	0.0	0.0
máê-	0.797323135755	0.105162523901	0.0745697896749	0.0229445506692
sañ-	0.281562846387	0.49312175663	0.0308107128543	0.194504684129
kur-	0.0710801393728	0.928919860627	0.0	0.0
sut-	0.517639077341	0.24789687924	0.0293080054274	0.205156037992
ome-	0.00501882057716	0.957340025094	0.0376411543287	0.0
lek-	0.750018397233	0.19184634631	0.0269335491942	0.0312017072632
kuà-	0.294578706727	0.39581972567	0.0365774003919	0.273024167211
jáñ-	0.168899252127	0.631897293196	0.147499601985	0.051703852692
haw-	0.0312440625725	0.831873165995	0.08718782326	0.0496949481728
sáà-	0.725325295821	0.238905237536	0.0238463110955	0.0119231555477
ëiñ-	0.179392824287	0.179392824287	0.121435142594	0.519779208832
woê-	0.685990830763	0.218580269449	0.0323371562025	0.063091743586
tal-	0.00932618325949	0.972021450222	0.018652366519	0.0
nañ-	0.0912116356465	0.326460178549	0.0504657428113	0.531862442993
fór-	0.0	1.0	0.0	0.0
ebá-	0.0	1.0	0.0	0.0
kos-	0.0	1.0	0.0	0.0
lem-	0.0994387934059	0.403542616626	0.469659768502	0.0273588214661
teä-	0.0344544708777	0.91632485644	0.00492206726825	0.0442986054143
äóy-	0.510930712811	0.390977711315	0.0799330627359	0.0181585131382
kpi-	0.312563840654	0.294858699353	0.260469867211	0.132107592782
saã-	0.784094368341	0.0722222222223	0.0286681887367	0.1150152207
jaj-	0.151029748284	0.494279176201	0.137299771167	0.217391304348
káê-	0.579785966867	0.256346728703	0.0598234205942	0.104043883835
ëuë-	0.815394868377	0.0879706764412	0.0149950016661	0.0816394535155
tán-	0.43805360635	0.292074082595	0.0273783503969	0.242493960658
wan-	0.19510271377	0.317462504692	0.0346832026468	0.452751578891
nyó-	0.0980325064157	0.73378956373	0.137382378101	0.0307955517536
sik-	0.306758457325	0.556443852247	0.0901621141461	0.0466355762825
kót-	0.213658761454	0.35956568054	0.377001999664	0.0497735583422
kuk-	0.269971127001	0.708254853355	0.00761422772839	0.0141597919159
ëum-	0.663351671604	0.203343207787	0.0730004231908	0.0603046974185
äal-	0.636279069357	0.216210681756	0.087588087228	0.0599221616589
tol-	0.10447761194	0.89552238806	0.0	0.0
hug-	0.314379972831	0.371240054337	0.0815059188822	0.232874053949
ñgw-	0.459261468444	0.459147010765	0.055878642934	0.0257128778577
kaà-	0.305844328131	0.356955064039	0.169323910369	0.16787669746
wuñ-	0.384694780301	0.43984075494	0.094072544972	0.0813919197877
amp-	0.0	1.0	0.0	0.0
ili-	0.0	0.966101694915	0.0	0.0338983050847
jap-	0.0470588235294	0.877647058824	0.075294117647	0.0
lam-	0.131746187353	0.803234550386	0.0329152010527	0.0321040612084
nar-	0.0941619585687	0.781544256121	0.124293785311	0.0
woñ-	0.227892059932	0.111043886315	0.00878021426674	0.652283839487
wun-	0.0508560404674	0.0387997043771	0.00761220820898	0.902732046947
peê-	0.700919415901	0.198485667929	0.0324499729584	0.0681449432125
yem-	0.102352209609	0.136668074213	0.0415413129041	0.719438403274
sat-	0.0994038373527	0.791139779261	0.0185067793097	0.0909496040771
äeb-	0.0916206540866	0.702581760815	0.132607244706	0.073190340392
ani-	0.0	0.967213114754	0.0327868852459	0.0
jóè-	0.212244897959	0.648979591837	0.0163265306122	0.122448979592
äom-	0.0736493884295	0.578183363068	0.0466741617376	0.301493086765
hán-	0.009465113709	0.0989917359569	0.0466319427287	0.844911207605
nya-	0.157600343913	0.416832942837	0.153408515951	0.272158197299
kis-	0.0	0.955555555556	0.0444444444444	0.0
kaë-	0.385964912281	0.0877192982456	0.491228070175	0.0350877192982
kuê-	0.653761917606	0.206449356216	0.0998490901269	0.0399396360508
sïî-	0.517063063491	0.135755460083	0.0475658585576	0.299615617868
nám-	0.413529293336	0.399889269177	0.0883833299779	0.0981981075095
wow-	0.510294117647	0.229411764706	0.198529411765	0.0617647058823
kóè-	0.661016949153	0.305084745763	0.0	0.0338983050847
ban-	0.898876404494	0.0539325842696	0.0337078651685	0.0134831460674
náf-	0.0	1.0	0.0	0.0
tey-	0.349397590361	0.542168674699	0.0481927710843	0.0602409638554
máñ-	0.167464974629	0.605771356681	0.0531617505234	0.173601918167
tók-	0.697022347022	0.128588978589	0.0967005967006	0.0776880776881
móy-	0.0562059325151	0.330821155529	0.0374109732697	0.575561938686
puê-	0.594715282135	0.276857216666	0.0762076982692	0.0522198029303
buã-	0.0898203592814	0.443113772455	0.431137724551	0.0359281437126
tra-	0.0	1.0	0.0	0.0
puy-	0.34477025393	0.419329763344	0.177707721541	0.058192261185
nam-	0.346761076316	0.497674538267	0.0425357966743	0.113028588743
sev-	0.0	0.925925925926	0.0	0.0740740740741
ale-	0.12	0.875555555556	0.0	0.00444444444445
jom-	0.268003646308	0.178669097539	0.541476754786	0.0118505013674
sid-	0.00376647834275	0.988700564972	0.0	0.0075329566855
yeà-	0.618279569893	0.295698924731	0.0161290322581	0.0698924731183
soy-	0.0736196319019	0.926380368098	0.0	0.0
won-	0.274846403083	0.689927280556	0.0148748360832	0.0203514802775
ásl-	0.0	1.0	0.0	0.0
yit-	0.191479795666	0.145435692664	0.114642992815	0.548441518854
sew-	0.0456218924356	0.911488974077	0.0182183929859	0.0246707405018
kon-	0.134378559321	0.680149083734	0.158521782374	0.0269505745713
góè-	0.693247588424	0.132154340836	0.0572347266881	0.117363344051
eli-	0.0214778828944	0.955893633342	0.000383533623114	0.0222449501406
yul-	0.0804597701149	0.873563218391	0.0	0.0459770114943
jáê-	0.344861660079	0.546442687747	0.0790513833992	0.0296442687747
mut-	0.255338559222	0.652036949999	0.0895398638883	0.00308462688994
ëyó-	0.0620478608027	0.306436547112	0.0218863706535	0.609629221431
weê-	0.828431372549	0.134803921569	0.0367647058824	0.0
tiä-	0.0342465753425	0.486301369863	0.13698630137	0.342465753425
tuk-	0.328013208586	0.315354980738	0.247660979637	0.10897083104
äum-	0.911764705882	0.0588235294118	0.0294117647059	0.0
ñga-	0.171178158429	0.570736130244	0.213219389495	0.0448663218319
luà-	0.513086150491	0.329880043621	0.071973827699	0.0850599781898
mák-	0.161191903762	0.752579019701	0.0407370701951	0.0454920063419
áru-	0.425840199413	0.384201672417	0.0584486548214	0.131509473348
lïî-	0.75	0.25	0.0	0.0
nim-	0.242557883131	0.614112458655	0.0882028665932	0.0551267916207
wuê-	0.579146407347	0.289032955159	0.0875202593193	0.044300378174
tor-	0.159114857745	0.440463645943	0.174920969442	0.22550052687
teê-	0.640487666572	0.255741423306	0.0527360362915	0.0510348738304
ari-	0.0412979351032	0.949852507375	0.00884955752213	0.0
tul-	0.526615197074	0.397805770012	0.0316944331573	0.0438845997562
lin-	0.234207284885	0.210628189337	0.079535456625	0.475629069154
yam-	0.665044973695	0.181252474967	0.0586072297335	0.0950953216043
káè-	0.257737349362	0.00718064229086	0.00124969917144	0.733832309176
wuy-	0.458627763848	0.356735810349	0.054707089127	0.129929336677
jeä-	0.889016897663	0.06510620821	0.0117164373635	0.034160456763
lat-	0.0	0.928571428571	0.0714285714286	0.0
ese-	0.0	1.0	0.0	0.0
keê-	0.60032977014	0.214609717583	0.0299197391125	0.155140773164
lób-	0.0366108786611	0.845188284519	0.111924686192	0.00627615062762
ape-	0.0384615384615	0.961538461538	0.0	0.0
jon-	0.22188449848	0.621020636698	0.139817629179	0.0172772356423
jág-	0.206451612903	0.154838709677	0.61935483871	0.0193548387097
ogu-	0.0495867768595	0.950413223141	0.0	0.0
äók-	0.282352941176	0.570588235294	0.147058823529	0.0
itá-	0.118764845606	0.847387173397	0.0124703087886	0.021377672209
kië-	0.547004132231	0.120351239669	0.15444214876	0.178202479339
yur-	0.0028818443804	0.99711815562	0.0	0.0
yor-	0.145802792202	0.252846319308	0.0398964227486	0.561454465741
ndu-	0.235393129872	0.505603188535	0.181862310022	0.0771413715708
dár-	0.010101010101	0.989898989899	0.0	0.0
nin-	0.179756722207	0.820243277793	0.0	0.0
alb-	0.160550458716	0.449541284404	0.389908256881	0.0
ásá-	0.47619047619	0.292517006803	0.190476190476	0.0408163265306
tuê-	0.582146703363	0.234773243987	0.122053368434	0.0610266842168
äot-	0.0236669933667	0.224737722573	0.00822740675164	0.743367877308
mañ-	0.0230191366675	0.936295343334	0.0169082680512	0.023777251947
yes-	0.0114518498168	0.75210818437	0.00491644556832	0.231523520245
koä-	0.112765957447	0.81914893617	0.0638297872341	0.00425531914894
men-	0.0	1.0	0.0	0.0
äep-	0.0753780511085	0.578656815755	0.0764924699339	0.269472663203
álm-	0.0	1.0	0.0	0.0
pun-	0.327799049472	0.347975982919	0.0399903691844	0.284234598424
dug-	0.351265822785	0.367088607595	0.205696202532	0.0759493670886
tur-	0.0194174757281	0.980582524272	0.0	0.0
grá-	0.0959752321981	0.179566563467	0.724458204334	0.0
666-	0.0263157894737	0.0789473684211	0.0	0.894736842105
kop-	0.198952879581	0.77312390925	0.00698080279235	0.020942408377
luã-	0.434971003678	0.344565316996	0.0441948448075	0.176268834518
mbi-	0.205698124916	0.609154586818	0.0861882733734	0.0989590148926
äaà-	0.484716157205	0.293668122271	0.157205240175	0.0644104803494
ëul-	0.401569430229	0.453087683385	0.135107471853	0.0102354145343
kun-	0.371096360315	0.350692742906	0.211386822293	0.0668240744865
jóä-	0.0716717387941	0.920333212978	0.00541600041265	0.00257904781554
har-	0.0	1.0	0.0	0.0
kan-	0.181985180787	0.586953693576	0.044494333302	0.186566792335
lóê-	0.611882880958	0.280401795255	0.0493695234024	0.0583458003847
paf-	0.00900900900901	0.990990990991	0.0	0.0
agi-	0.0204081632653	0.969387755102	0.0102040816327	0.0
tuã-	0.0482805166478	0.876162589715	0.00904579892638	0.0665110947112
tóm-	0.0975975975975	0.681681681682	0.0810810810811	0.13963963964
diy-	0.850974633231	0.0751706453842	0.0121022642409	0.0617524571444
äák-	0.125263143178	0.085969425459	0.0556395527665	0.733127878597
sey-	0.0	1.0	0.0	0.0
kál-	0.497851275635	0.432138388729	0.0700103356362	0.0
osi-	0.0	1.0	0.0	0.0
äut-	0.740060806191	0.119066668606	0.10539254906	0.035479976143
bum-	0.500625782228	0.326658322904	0.172715894869	0.0
nju-	0.312113535579	0.592593522161	0.0368345911406	0.0584583511196
mum-	0.143735267326	0.543077200241	0.0177890524004	0.295398480033
káp-	0.842105263158	0.122807017544	0.0350877192982	0.0
gir-	0.743208541085	0.183535983039	0.0504381965049	0.0228172793713
äïî-	0.54738330976	0.292220650636	0.0794908062235	0.0809052333805
jel-	0.629520648219	0.199002739567	0.0952325733088	0.0762440389047
wut-	0.35474277036	0.0973232930456	0.0412579889895	0.506675947605
äór-	0.462850182704	0.332521315469	0.0913520097442	0.113276492083
kaä-	0.437611812432	0.262012749767	0.0573235568322	0.243051880969
ásp-	0.0	1.0	0.0	0.0
lol-	0.644886326666	0.307158752261	0.0307770388974	0.0171778821754
tuy-	0.197211155378	0.722111553785	0.0687250996016	0.0119521912351
ján-	0.0	0.5625	0.4375	0.0
kák-	0.309395681427	0.105607287821	0.0256824679658	0.559314562786
tuä-	0.160714285714	0.616071428571	0.169642857143	0.0535714285714
tit-	0.321120689655	0.632697044335	0.0295566502463	0.0166256157635
äam-	0.72342192691	0.14950166113	0.0207641196013	0.106312292359
ref-	0.0	1.0	0.0	0.0
jal-	0.560723514212	0.346253229974	0.0232558139535	0.0697674418605
mat-	0.115662103507	0.436223247038	0.0122052996575	0.435909349797
äus-	0.0637834127468	0.448859609633	0.00762191724648	0.479735060374
aka-	0.013986013986	0.983216783217	0.0	0.0027972027972
kin-	0.22315085738	0.11120284894	0.0339181225535	0.631728171127
mba-	0.0588644734278	0.662572051489	0.116343626508	0.162219848575
kós-	0.484112527828	0.210888484113	0.224043715847	0.0809552722121
hóê-	0.744970798183	0.223880597015	0.0233614536016	0.00778715120053
áte-	0.23285198556	0.436823104693	0.168772563177	0.16155234657
duê-	0.730349290798	0.158092383231	0.0490998904847	0.0624584354869
liñ-	0.677069199457	0.271370420624	0.0352781546811	0.0162822252375
sóm-	0.449039210595	0.418917164373	0.0634900025967	0.0685536224358
nah-	0.0	1.0	0.0	0.0
sol-	0.115488871072	0.85679379987	0.00741928505071	0.0202980440067
ëim-	0.645988110513	0.181787452287	0.0909393936998	0.0812850435003
puà-	0.607407407407	0.281481481481	0.0888888888889	0.0222222222222
wot-	0.582790697675	0.218790697674	0.172186046512	0.0262325581395
feb-	0.30985915493	0.69014084507	0.0	0.0
äef-	0.00287992910943	0.986781863831	0.00863978732831	0.00169841973121
hik-	0.148648648649	0.702702702703	0.148648648649	0.0
bib-	0.044226044226	0.488943488943	0.437346437347	0.029484029484
yen-	0.117458529683	0.183213845935	0.0597885931469	0.639539031235
gay-	0.556981132076	0.38679245283	0.0271698113208	0.0290566037736
sód-	0.00471642173998	0.99528357826	0.0	0.0
äáñ-	0.822493443239	0.0787126217231	0.0178263805731	0.0809675544649
jón-	0.0950347720988	0.0778583361282	0.787774712236	0.0393321795367
soà-	0.817740131696	0.136319411467	0.00765674280613	0.0382837140307
saà-	0.736474517941	0.169846652158	0.0476238676046	0.0460549622957
dan-	0.0624151967436	0.890773405699	0.0312075983718	0.0156037991859
láñ-	0.635442405762	0.271436832974	0.0619709794438	0.0311497818201
aäa-	0.0409019402203	0.515469323545	0.443628736235	0.0
wuk-	0.305052430886	0.65204957102	0.0400381315539	0.00285986653956
páã-	0.350372395349	0.575086978352	0.0377420892656	0.0367985370339
ser-	0.0	1.0	0.0	0.0
hay-	0.963636363636	0.0363636363636	0.0	0.0
yók-	0.348039838384	0.195377585341	0.0217913132142	0.434791263061
nóè-	0.50685400809	0.24298690539	0.0334261278247	0.216732958696
tót-	0.155172413793	0.658620689655	0.186206896552	0.0
ted-	0.343642611684	0.563573883161	0.0309278350515	0.0618556701031
ásr-	0.0	1.0	0.0	0.0
lón-	0.238781238794	0.147893506783	0.0652289505249	0.548096303899
äuë-	0.146344527709	0.0576848711319	0.64661319623	0.149357404929
din-	0.279176201373	0.566361556064	0.120137299771	0.0343249427917
äem-	0.051449973797	0.53710206308	0.220571908322	0.190876054802
äóê-	0.424028268551	0.403450426107	0.085221367699	0.0872999376429
sór-	0.367358544214	0.256184247939	0.0744953085016	0.301961899346
yon-	0.00795624067628	0.978617603183	0.00397812033814	0.00944803580308
yin-	0.185217487983	0.125404818317	0.0869530793987	0.602424614301
pál-	0.392339710953	0.376583239545	0.0487700305483	0.182307018954
eni-	0.153846153846	0.807692307692	0.0384615384615	0.0
pep-	0.742372881356	0.0677966101695	0.0745762711865	0.115254237288
sos-	0.444535401426	0.266699897055	0.184161858889	0.10460284263
mám-	0.0702791727374	0.708189621634	0.054056573967	0.167474631662
tat-	0.8	0.0	0.2	0.0
bit-	0.0	1.0	0.0	0.0
uri-	0.0	1.0	0.0	0.0
jók-	0.134908467851	0.190549192894	0.640815222292	0.0337271169627
jóã-	0.176470588235	0.633484162896	0.027149321267	0.162895927602
ëuñ-	0.321009184978	0.615044762237	0.0381351005697	0.0258109522149
kiä-	0.0	0.937254901961	0.0	0.0627450980392
ëuk-	0.227820544734	0.657427002686	0.0553247616691	0.0594276909108
duà-	0.485984710594	0.145613396432	0.146341463415	0.222060429559
ëya-	0.378339143972	0.413420466842	0.0795931992595	0.128647189926
pam-	0.0965207631874	0.799102132436	0.0527497194164	0.0516273849607
mam-	0.0343836373687	0.952681039248	0.000663349917081	0.012271973466
arn-	0.0	1.0	0.0	0.0
esa-	0.00438047559449	0.993742177722	0.0	0.00187734668335
hiy-	0.0	0.955555555556	0.0444444444444	0.0
jaê-	0.479673821801	0.30099532318	0.109245712915	0.110085142103
máo-	0.00937988535697	0.990620114643	0.0	0.0
sis-	0.0084732661547	0.945937648263	0.0406830959775	0.00490598960445
ndi-	0.12474324016	0.0514815179218	0.11713062295	0.706644618968
ndó-	0.102596580114	0.876504116529	0.0151994933502	0.00569981000635
dië-	0.0323741007194	0.960431654676	0.0	0.00719424460431
ëyá-	0.167970138642	0.217916814788	0.586562388909	0.0275506576609
kok-	0.26369168357	0.578093306288	0.0973630831643	0.0608519269777
toà-	0.229495355842	0.418699442508	0.29854123654	0.0532639651096
äes-	0.0524611728014	0.894360213854	0.027481439987	0.0256971733574
yaw-	0.103062426384	0.60777385159	0.247349823321	0.0418138987043
reg-	0.133333333333	0.833333333333	0.0333333333333	0.0
ánó-	0.249748237664	0.476334340383	0.148036253776	0.125881168177
äar-	0.164871397188	0.418011962436	0.259145120384	0.157971519991
gbo-	0.308526502848	0.479630713695	0.172943330065	0.0388994533919
wuà-	0.245508111331	0.123629087999	0.0371317281363	0.593731072534
map-	0.208265656019	0.654394513626	0.0380797689948	0.0992600613607
yáy-	0.44574744183	0.14619519044	0.0506042632988	0.357453104431
bet-	0.0080738177624	0.983852364475	0.00230680507497	0.00576701268743
ikó-	0.0629562043795	0.86496350365	0.0346715328467	0.0374087591241
lit-	0.279386445453	0.341315803203	0.0229561225022	0.356341628841
äet-	0.142718598973	0.265695942362	0.0235144136486	0.568071045016
sal-	0.0146923783287	0.932415059688	0.0315886134068	0.0213039485767
yeê-	0.500719614835	0.437643159249	0.0284989324128	0.0331382935033
kiy-	0.0953932904098	0.225954957892	0.389172528168	0.28947922353
mád-	0.266286483122	0.686130763724	0.0136492359645	0.0339335171895
tóñ-	0.499667837145	0.438644775553	0.0493499098415	0.0123374774604
isk-	0.00535714285714	0.994642857143	0.0	0.0
jar-	0.149384885764	0.591915641476	0.199648506151	0.0590509666081
gab-	0.0	1.0	0.0	0.0
sek-	0.0	1.0	0.0	0.0
den-	0.031746031746	0.968253968254	0.0	0.0
mbe-	0.231916911624	0.647498869222	0.0826349956213	0.0379492235326
yan-	0.0491640673227	0.0522132640642	0.0365133432989	0.862109325314
sán-	0.550620607148	0.348885898011	0.0753701211306	0.0251233737102
yar-	0.35	0.341666666667	0.00833333333333	0.3
biñ-	0.190201729107	0.507204610951	0.207492795389	0.0951008645533
eme-	0.019801980198	0.70297029703	0.277227722772	0.0
lál-	0.0	0.870967741935	0.129032258065	0.0
min-	0.269117647059	0.176470588235	0.527941176471	0.0264705882353
äos-	0.6	0.25	0.0666666666667	0.0833333333333
weà-	0.466041201173	0.459926212183	0.053400554301	0.0206320323436
ñgb-	0.314653176355	0.300680848342	0.259874761599	0.124791213704
mók-	0.911949685535	0.0440251572327	0.0125786163522	0.0314465408805
pañ-	0.25513421059	0.322730686329	0.161128238027	0.261006865054
kut-	0.431311026295	0.44130938722	0.0810171634627	0.046362423022
yiñ-	0.0683131839039	0.198151577287	0.105910183179	0.62762505563
das-	0.221153846154	0.677884615385	0.0865384615385	0.0144230769231
tab-	0.0	1.0	0.0	0.0
äek-	0.150858940666	0.72582642381	0.0749143025309	0.0484003329932
fil-	0.00835543766578	0.977718832891	0.00994694960212	0.00397877984085
gal-	0.00352618519002	0.975414653258	0.0164065560925	0.00465260545906
kar-	0.0244140399225	0.938964900194	0.0305175499031	0.00610350998062
ark-	0.411764705882	0.549019607843	0.0	0.0392156862745
kay-	0.121791412935	0.850458644878	0.0254374470053	0.0023124951823
suk-	0.645038484628	0.303325651927	0.0225394642024	0.0290963992431
äaã-	0.891742164563	0.00548352490107	0.00200879399477	0.100765516541
tám-	0.676602943697	0.10349958398	0.0130876577103	0.206809814613
móñ-	0.0257446634619	0.811205801279	0.0195035329257	0.143546002333
pók-	0.165362925232	0.386756412589	0.0684009459706	0.379479716209
äón-	0.0719455899196	0.838575343171	0.0690442903393	0.02043477657
juã-	0.769826918109	0.147377938517	0.0579953500388	0.024799793335
tïì-	0.49048883868	0.0237863336335	0.00437330860362	0.481351519083
was-	0.792452830189	0.169811320755	0.0	0.0377358490566
hiõ-	0.478873239437	0.323943661972	0.0845070422535	0.112676056338
tak-	0.731735246195	0.166782689407	0.0342771531046	0.0672049112931
páp-	0.504133351403	0.32348556715	0.0996069928175	0.0727740886299
mun-	0.0422283797106	0.0880341429574	0.00948505637077	0.860252420961
tay-	0.523985239852	0.380811808118	0.0819188191882	0.0132841328413
lel-	0.621780040105	0.319142372359	0.0188184482493	0.0402591392874
jek-	0.25575884285	0.452486507897	0.157075491612	0.134679157641
kak-	0.250033715034	0.538726657805	0.0374604614678	0.173779165693
are-	0.0413793103448	0.958620689655	0.0	0.0
wañ-	0.424437299035	0.430868167203	0.144694533762	0.0
one-	0.163308589608	0.801696712619	0.00954400848358	0.0254506892895
kik-	0.294209509178	0.158132620167	0.27560948668	0.272048383975
waê-	0.764705882353	0.143790849673	0.0915032679738	0.0
lók-	0.130879345603	0.345603271984	0.523517382413	0.0
góm-	0.0142741676424	0.223847963276	0.0834170958416	0.67846077324
toê-	0.540983606557	0.278081360049	0.140862173649	0.040072859745
126-	0.0845070422536	0.323943661972	0.0	0.591549295775
deñ-	0.280507131537	0.305863708399	0.142630744849	0.270998415214
ruf-	0.0	0.962264150943	0.0377358490566	0.0
muñ-	0.129048260223	0.483310892212	0.36765643824	0.019984409326
sil-	0.0475213980028	0.841476462197	0.0131062767475	0.0978958630527
evo-	0.133333333333	0.866666666667	0.0	0.0
lal-	0.440674282876	0.236464671551	0.152893331678	0.169967713895
póñ-	0.0	1.0	0.0	0.0
jas-	0.0392156862745	0.960784313725	0.0	0.0
giñ-	0.179104477612	0.731343283582	0.089552238806	0.0
ram-	0.0	1.0	0.0	0.0
ndá-	0.297537021243	0.37002275788	0.286519931158	0.0459202897187
aró-	0.0	0.973913043478	0.0260869565217	0.0
lán-	0.712306101621	0.19401774783	0.0716347033606	0.0220414471879
pik-	0.219387755102	0.448979591837	0.0102040816327	0.321428571429
sáê-	0.681196579705	0.205910638766	0.0875495040433	0.0253432774862
äán-	0.236297640653	0.648275862069	0.102359346642	0.0130671506352
him-	0.0	0.926267281106	0.0	0.073732718894
sáw-	0.247543758145	0.323228991494	0.26843735975	0.160789890611
tik-	0.520464470738	0.320040735331	0.0305576867505	0.12893710718
wów-	0.121771217712	0.232472324723	0.645756457565	0.0
sïù-	0.459587955626	0.465927099842	0.0427892234548	0.0316957210777
mól-	0.0061919504644	0.981424148607	0.0123839009288	0.0
soä-	0.641938471036	0.272456013993	0.0362177178722	0.0493877970985
náà-	0.156205552941	0.0503826535544	0.00500646789906	0.788405325606
táê-	0.383792836898	0.329296573048	0.1668384437	0.120072146354
jak-	0.0900029362222	0.770047443169	0.0379236273161	0.102025993293
kïî-	0.67669318917	0.190135035776	0.0496572720539	0.0835145029996
äol-	0.0629494225601	0.125003026415	0.812047551025	0.0
äea-	0.0662894098626	0.914308811641	0.0145513338723	0.00485044462409
tïù-	0.104297254203	0.0615181928492	0.0270572162367	0.807127336711
kuë-	0.703025432	0.261151616051	0.0268672139617	0.00895573798726
kit-	0.59436298652	0.335955309149	0.0447471364647	0.0249345678665
ëye-	0.400716235014	0.169631181788	0.0346992142672	0.39495336893
gol-	0.00898203592814	0.973053892216	0.0179640718563	0.0
ela-	0.0	1.0	0.0	0.0
yud-	0.0212691281763	0.953671205953	0.0113716130844	0.0136880527867
goñ-	0.119641714651	0.544145873321	0.0962891874599	0.239923224568
jam-	0.34021945224	0.58540903689	0.0117544337713	0.0626170770993
gbá-	0.101728771265	0.330098135662	0.275055786165	0.293117306908
són-	0.0571923743501	0.86308492201	0.0658578856152	0.0138648180243
tiy-	0.0	0.996710526316	0.0	0.00328947368421
yaë-	0.370253164557	0.439873417722	0.0949367088608	0.0949367088607
tóp-	0.614941215571	0.331051888164	0.0273150263803	0.0266918698849
maà-	0.12112071374	0.0323487832796	0.00814835081248	0.838382152168
arp-	0.0	1.0	0.0	0.0
itu-	0.0	1.0	0.0	0.0
tár-	0.393801189594	0.41566108609	0.0637237202997	0.126814004016
äuà-	0.449275362319	0.541062801932	0.00966183574879	0.0
njá-	0.127608422376	0.318808925204	0.295725958517	0.257856693903
ras-	0.132611637348	0.867388362652	0.0	0.0
gul-	0.0	1.0	0.0	0.0
tir-	0.0218446601942	0.969660194175	0.00849514563107	0.0
man-	0.0304458809183	0.0514458756696	0.00314921190972	0.914959031502
fañ-	0.21515768057	0.318158697864	0.146236012208	0.320447609359
rob-	0.0	1.0	0.0	0.0
kes-	0.289049919485	0.39694041868	0.268115942029	0.0458937198068
yïù-	0.066552394176	0.0404880120481	0.0180189005049	0.874940693271
pór-	0.326530612245	0.673469387755	0.0	0.0
äeë-	0.0714947899285	0.896688545259	0.0177995327623	0.0140171320503
aji-	0.271812080537	0.667785234899	0.0604026845638	0.0
tap-	0.584713864448	0.195511975258	0.178969576371	0.0408045839227
loë-	0.585858585859	0.313762626263	0.0719696969697	0.0284090909091
uru-	0.0	1.0	0.0	0.0
seb-	0.0	0.934645862266	0.0	0.0653541377338
ame-	0.0	0.677419354839	0.322580645161	0.0
jet-	0.0968661975361	0.85309002532	0.0173953264614	0.0326484506827
ëis-	0.238201048796	0.408941427429	0.323526797618	0.0293307261577
alá-	0.0103986135182	0.890814558059	0.0987868284229	0.0
bos-	0.0301317945916	0.12720226714	0.675916757717	0.166749180552
yaà-	0.733480176211	0.233480176211	0.0198237885463	0.0132158590308
wos-	0.356096905647	0.585822399355	0.0523039720568	0.0057767229412
mag-	0.0227038183695	0.977296181631	0.0	0.0
kpu-	0.784199825733	0.111240197502	0.0	0.104559976764
ëóñ-	0.0709219858156	0.0851063829787	0.815602836879	0.0283687943262
jáy-	0.71974522293	0.171974522293	0.0467091295117	0.0615711252654
jok-	0.442396313364	0.322580645161	0.0967741935484	0.138248847926
kip-	0.48951048951	0.363636363636	0.041958041958	0.104895104895
adr-	0.0707070707071	0.757575757576	0.151515151515	0.020202020202
äañ-	0.0387935631336	0.225711148069	0.109169047008	0.626326241789
poê-	0.403623643376	0.38111041349	0.0	0.215265943134
pot-	0.417747996668	0.432474063064	0.0672472384879	0.0825307017807
alo-	0.0615384615385	0.815384615385	0.0615384615385	0.0615384615385
äeh-	0.0519230769231	0.857692307692	0.0673076923077	0.0230769230769
lóm-	0.698982469317	0.177342447644	0.0934110627188	0.0302640203201
pit-	0.33203125	0.497452445652	0.086277173913	0.0842391304348
wál-	0.412891986063	0.229965156794	0.116724738676	0.240418118467
wuë-	0.833011955264	0.155418434246	0.0115696104898	0.0
lap-	0.593438781488	0.280023432923	0.0632688927943	0.0632688927944
ara-	0.0204081632653	0.971428571429	0.0	0.00816326530611
teà-	0.630234603347	0.184048524353	0.0360182095652	0.149698662735
ëiä-	0.305377447209	0.106865008122	0.548260237668	0.0394973070018
taê-	0.758272011527	0.104718777337	0.0960994185149	0.0409097926208
yál-	0.58003467206	0.266560724261	0.116960416065	0.0364441876144
eti-	0.10152284264	0.675126903553	0.213197969543	0.010152284264
luê-	0.234552517775	0.659953822473	0.075991350876	0.0295023088763
mad-	0.0588851086103	0.636220884585	0.278722847422	0.0261711593824
vin-	0.320779375074	0.63740049899	0.0249495069502	0.0168706189854
yek-	0.363528079053	0.530299817507	0.0317781671886	0.0743939362519
niñ-	0.641877998629	0.157299520219	0.0740233036326	0.126799177519
sip-	0.0121654501217	0.970802919708	0.0170316301703	0.0
tuñ-	0.0945121951219	0.57012195122	0.143292682927	0.192073170732
hás-	0.0879333252808	0.0452953255224	0.829085638362	0.0376857108346
abá-	0.0714285714286	0.915178571429	0.0	0.0133928571428
njó-	0.0533687619046	0.785203071714	0.125566263081	0.0358619033013
toñ-	0.10913253059	0.684868865728	0.165499823374	0.0404987803081
yus-	0.117282995513	0.295837846201	0.0854092526691	0.501469905617
wen-	0.0385839059951	0.0724177204314	0.0214262949712	0.867572078602
yos-	0.013706065952	0.974080607952	0.00854932826706	0.00366399782874
äás-	0.132361661404	0.325263437053	0.212950703575	0.329424197968
kóm-	0.908253934268	0.0407879242051	0.0	0.0509581415266
wáê-	0.413953488372	0.45	0.0941860465116	0.0418604651163
bar-	0.025541247727	0.957246172283	0.00910601005918	0.00810656993073
ëók-	0.535163894269	0.245410534059	0.124272439153	0.0951531325189
wus-	0.0122329811889	0.0138229079868	0.00352812662237	0.970415984202
pïî-	0.227903579255	0.206720233747	0.208181154127	0.357195032871
amó-	0.0	0.98937784522	0.01062215478	0.0
laë-	0.638809929884	0.0705072326448	0.0291832480576	0.261499589413
ten-	0.0492813141684	0.501411704312	0.440836755647	0.00847022587269
pet-	0.712278036274	0.216741050233	0.0231459500522	0.0478349634412
iõ--	0.269841269841	0.380952380952	0.206349206349	0.142857142857
pós-	0.930367504836	0.0464216634429	0.0	0.0232108317214
fan-	0.0430769230769	0.571282051282	0.345641025641	0.04
yas-	0.136819701625	0.124823933329	0.00941714898967	0.728939216056
pum-	0.724185892483	0.200803068771	0.0191246274423	0.0558864113037
