-ɔrɩ	0.199226638024	0.25123952739	0.3483566058	0.201177228786
-iva	0.0554901631075	0.923070455692	0.015554060871	0.00588532032957
-aan	0.0178571428571	0.339285714286	0.642857142857	0.0
-ivi	0.081175721562	0.488221561969	0.410971986418	0.0196307300509
-oye	0.0	0.85	0.0	0.15
-ŋbu	0.338727076591	0.573894282632	0.0355987055016	0.0517799352751
-kʊʊ	0.720972870199	0.239702498882	0.0052526043331	0.0340720265866
-oyi	0.0	0.970297029703	0.009900990099	0.019801980198
-uru	0.15332191907	0.490553077998	0.221155252962	0.13496974997
-ɔrɔ	0.310344827586	0.64367816092	0.0229885057471	0.0229885057471
-nsi	0.17194092827	0.795358649789	0.00632911392405	0.0263713080169
-jɔŋ	0.369565217391	0.608695652174	0.0	0.0217391304348
-zie	0.682915434956	0.131729263093	0.0284618434638	0.156893458487
-ufi	0.0215827338129	0.978417266187	0.0	0.0
-kɔŋ	0.0708140304434	0.30443414957	0.620119126406	0.00463269358041
-nti	0.113058174839	0.558315828308	0.218980349434	0.109645647419
-naŋ	0.196598350449	0.542872211072	0.0351591684857	0.225370269993
-nta	0.116504854369	0.493932038835	0.342233009709	0.0473300970874
-nyu	0.549862448418	0.396492434663	0.0268225584594	0.0268225584594
-ʊlɩ	0.634658995428	0.266249933448	0.054172181222	0.0449188899022
-kia	0.0381944444444	0.885416666667	0.0381944444444	0.0381944444444
-siŋ	0.186418347282	0.575259017652	0.101950948426	0.13637168664
-mbʊ	0.134466295826	0.813630589987	0.0348210766064	0.0170820375805
-puo	0.550570799119	0.232425395554	0.0722010815142	0.144802723813
-tʊa	0.0877702484672	0.247499193288	0.488222007099	0.176508551146
-ŋŋi	0.577304369639	0.162855557882	0.0178124822806	0.242027590199
-ɩkɩ	0.181071508639	0.591747656825	0.173699798229	0.0534810363069
-ŋŋa	0.0806259273104	0.364738045125	0.0231535597295	0.531482467835
-ŋŋe	0.424904036034	0.408129756595	0.0479265126805	0.11903969469
-yʊa	0.112018226694	0.236567305867	0.0797417884944	0.571672678944
-ɔsa	0.332875950306	0.564324123864	0.0832189875765	0.0195809382533
-opa	0.0546737213404	0.936507936508	0.0	0.00881834215167
-dee	0.233354880414	0.625727213962	0.0917905623788	0.049127343245
-oku	0.0679703022064	0.81679389313	0.0397364843668	0.075499320297
-bɩa	0.086902573866	0.0610779301389	0.0188272672641	0.833192228731
-beŋ	0.556818181818	0.272727272727	0.102272727273	0.0681818181818
-ɔli	0.0275169678374	0.921881746119	0.00293591079436	0.0476653752497
-oki	0.0145681581686	0.970863683663	0.0145681581686	0.0
-imi	0.0	0.989140271493	0.0108597285068	0.0
-ɔla	0.372803480674	0.530615306716	0.0677006169946	0.0288805956154
-hʊʊ	0.464797507788	0.476635514019	0.00996884735203	0.0485981308412
-lla	0.560707077737	0.106783567188	0.044406494751	0.288102860324
-obi	0.508191385483	0.408508432486	0.0257374657939	0.0575627162369
-ɩdɩ	0.537195121951	0.32743902439	0.0658536585366	0.0695121951219
-nyɩ	0.0337328583237	0.114054770605	0.0882054331195	0.764006937951
-asɩ	0.443273773324	0.277418655268	0.112406961869	0.166900609539
-ida	0.0588235294118	0.941176470588	0.0	0.0
-kpi	0.669803505045	0.18039298991	0.0697822623473	0.0800212426978
-bie	0.305610321534	0.049380243942	0.0205530172882	0.624456417236
-nʊa	0.115111574453	0.740536649539	0.0514433936506	0.0929083823566
-bia	0.0923076923077	0.902262443439	0.0	0.00542986425339
-ɔkʊ	0.259459459459	0.481081081081	0.227027027027	0.0324324324324
-fɩa	0.413429200974	0.153542850516	0.160732923577	0.272295024933
-bʊa	0.0176902500372	0.939499635234	0.00711384695792	0.035696267771
-tɩŋ	0.184597208316	0.413454774257	0.123871284024	0.278076733403
-bii	0.42	0.36	0.22	0.0
-uta	0.0	1.0	0.0	0.0
-ute	0.213089802131	0.774733637747	0.0121765601218	0.0
-eji	0.257142857143	0.685714285714	0.0571428571429	0.0
-mɩŋ	0.113871132812	0.3972463829	0.0255847870091	0.463297697279
-uti	0.174214724643	0.643624746391	0.138755090424	0.0434054385427
-maŋ	0.0134769088967	0.0232242522422	0.00261514439451	0.960683694467
-ɩla	0.150981030266	0.767135223658	0.0595546783963	0.0223290676801
-ʊra	0.214621249388	0.619960115556	0.0922714714523	0.0731471636039
-ɩga	0.313180507725	0.314441806333	0.184116959686	0.188260726257
-ara	0.328189000884	0.527721230959	0.0513107043556	0.0927790638011
-zɔŋ	0.0335899230231	0.850944716585	0.115465360392	0.0
-jii	0.00699300699301	0.937062937063	0.027972027972	0.027972027972
-aro	0.0436681222708	0.938864628821	0.0174672489083	0.0
-ari	0.154930471776	0.737549474041	0.0897411475861	0.0177789065973
-ile	0.345551404905	0.516554599101	0.0447079205241	0.0931860754696
-luo	0.474137931034	0.508620689655	0.0	0.0172413793103
-dɔŋ	0.632572168452	0.291466784405	0.0327418306652	0.0432192164781
-aya	0.12419005744	0.823464190902	0.0167811517155	0.0355645999425
-hɩa	0.688433382138	0.238945827233	0.0	0.0726207906296
-ayi	0.0278207109737	0.958268933539	0.0139103554869	0.0
-ɩra	0.376139589581	0.492078171232	0.0681919734657	0.0635902657208
-rɔŋ	0.0	1.0	0.0	0.0
-vuo	0.04	0.84	0.12	0.0
-ʊga	0.177254653051	0.633272350514	0.0804039800624	0.109069016372
-tɔŋ	0.159183673469	0.812244897959	0.0244897959184	0.00408163265306
-ŋya	0.553185664765	0.222176976433	0.167723479029	0.0569138797732
-ubi	0.255637741295	0.581634493956	0.072884719466	0.0898430452823
-uba	0.209302325581	0.755813953488	0.0348837209302	0.0
-raa	0.0677581685449	0.804521936353	0.0249486143596	0.102771280743
-ube	0.169014084507	0.816901408451	0.0140845070423	0.0
-ota	0.0645047913231	0.692556056412	0.143886677651	0.0990524746142
-ija	0.0	0.866666666667	0.133333333333	0.0
-oti	0.167721679834	0.681647055764	0.0778915024282	0.0727397619741
-zɩɩ	0.10396039604	0.118811881188	0.108910891089	0.668316831683
-iji	0.0	1.0	0.0	0.0
-ume	0.420553601468	0.370698883621	0.139547331396	0.0692001835143
-uma	0.166666666667	0.712121212121	0.030303030303	0.0909090909091
-umm	0.280701754386	0.0877192982456	0.631578947368	0.0
-umi	0.0153767298821	0.952332137365	0.00768836494107	0.0246027678114
-yʊŋ	0.352402745995	0.609839816934	0.0171624713959	0.020594965675
-nhe	0.39123653274	0.256953871928	0.0626787210075	0.289130874325
ALL	0.256021706497	0.328978531783	0.0599530891976	0.355046672522
-nan	0.184360459281	0.0177482019903	0.00374326237951	0.794148076349
-ige	0.26495914243	0.573148229505	0.0593972410157	0.102495387049
-aki	0.0866405682271	0.879322065684	0.00928291802433	0.0247544480649
-ŋiŋ	0.218606557377	0.658442622951	0.0713114754098	0.0516393442623
-naa	0.0738977989744	0.119472112834	0.011786929948	0.794843158244
-aka	0.16158980422	0.719595746776	0.0515713573024	0.0672430917022
-nsa	0.457778944322	0.340420090587	0.0875581309267	0.114242834165
-tʊŋ	0.721839093793	0.161127584834	0.0541398193788	0.0628935019942
-sia	0.0157873366697	0.921848965595	0.00846309259993	0.0539006051356
-ʊkʊ	0.153966597077	0.622738343772	0.0900313152401	0.133263743911
-sie	0.133714392737	0.253488694645	0.207733458056	0.405063454563
-nʊŋ	0.833772838576	0.144189112827	0.0	0.0220380485968
-biŋ	0.0958704593177	0.780724456324	0.0744674925728	0.0489375917859
-awɩ	0.486008836524	0.469808541973	0.0441826215022	0.0
-jʊʊ	0.611134020619	0.228041237113	0.121237113402	0.039587628866
-deŋ	0.0867365377665	0.857246114926	0.0430068666426	0.013010480665
-kiŋ	0.179706680018	0.548412490605	0.215455088105	0.0564257412725
-yaa	0.382603697856	0.0455214240418	0.00833923606095	0.563535642041
-isi	0.121166166256	0.71110053736	0.0311100991274	0.136623197256
-nte	0.261682242991	0.271028037383	0.467289719626	0.0
-ise	0.421611321116	0.507403744309	0.0365354338238	0.0344495007509
-isa	0.00511177515041	0.767775428388	0.0034293371753	0.223683459287
-asʊ	0.317261095422	0.444793083011	0.174493602482	0.0634522190844
-luŋ	0.153424657534	0.661187214612	0.0931506849315	0.0922374429223
-eva	0.0	1.0	0.0	0.0
-evi	0.298245614035	0.701754385965	0.0	0.0
-mɩa	0.658130674048	0.149665100647	0.0357400831129	0.156464142192
-haa	0.765802771364	0.214340808208	0.0133058487406	0.00655057168769
-ɔya	0.0380952380952	0.942857142857	0.0190476190476	0.0
-juu	0.230574732519	0.416229029656	0.0881628907451	0.26503334708
-riŋ	0.163532471208	0.677499248147	0.0668530082969	0.0921152723477
-juo	0.440340359698	0.330690388706	0.0526010442854	0.17636820731
--nʊ	0.0145794392523	0.133831775701	0.0605607476635	0.791028037383
-geŋ	0.32710978342	0.448095593727	0.0537714712472	0.171023151606
-ɔra	0.313377565191	0.54621200432	0.108779509335	0.0316309211541
-uni	0.0284697508897	0.97153024911	0.0	0.0
-une	0.312230497573	0.592622493466	0.0513856513818	0.0437613575792
-arʊ	0.129298345105	0.793576326236	0.0453678403877	0.0317574882714
-boŋ	0.356718192628	0.595719381688	0.0	0.0475624256837
-nke	0.362403100775	0.270348837209	0.0959302325582	0.271317829457
-nka	0.413459210845	0.322198015008	0.244008714597	0.0203340595497
-laa	0.575342465753	0.385173247381	0.0225624496374	0.016921837228
-ada	0.468567451897	0.504993621993	0.0117724899263	0.0146664361842
-ʊta	0.574729358539	0.211989012765	0.125383745355	0.0878978833414
-adi	0.0	1.0	0.0	0.0
-ʊrʊ	0.0512010014043	0.881993131124	0.0387202642361	0.0280856032356
-nsɩ	0.578627827724	0.151758219839	0.07993558206	0.189678370377
-aaŋ	0.199196781539	0.337682764833	0.0383223060163	0.424798147611
-lɩŋ	0.214319463638	0.571135708682	0.150290841911	0.0642539857693
-mʊa	0.138240574506	0.850987432675	0.0107719928187	0.0
-ntɩ	0.249565901785	0.415498188546	0.278387400173	0.0565485094954
-ini	0.101216015671	0.811347198162	0.0484798022314	0.038956983936
-ieŋ	0.138227891784	0.712409065897	0.0915526499586	0.0578103923605
-ʊla	0.535186984106	0.369691891766	0.0685708323386	0.0265502917897
-kɩŋ	0.208426616445	0.615212878901	0.12627392228	0.0500865823743
-ayɩ	0.147211852255	0.1319388086	0.0541370109715	0.666712328173
-ine	0.429817543329	0.138358511349	0.045087758572	0.38673618675
-hie	0.607476635514	0.280373831776	0.0747663551402	0.0373831775701
-ohe	0.564008554843	0.177207454934	0.0733272227314	0.185456767492
-guu	0.843312481382	0.126601131963	0.0202561811141	0.00983020554066
-anɩ	0.0751431156703	0.187444015514	0.0610884520772	0.676324416738
-ɔki	0.0116279069767	0.953488372093	0.0	0.0348837209302
-ŋŋɩ	0.505039307764	0.203611891835	0.113558996561	0.177789803839
-edi	0.0396250532595	0.957818491691	0.002556455049	0.0
-hʊa	0.00828027621732	0.986703531039	0.00120197557993	0.00381421716349
-ɔsɩ	0.0878353899729	0.793830820758	0.111014173438	0.00731961583108
-saŋ	0.570031435557	0.315170567004	0.0579811386657	0.0568168587728
-zɩŋ	0.0200965121251	0.971351780588	0.00635269684198	0.0021990104453
-eka	0.0923076923077	0.792307692308	0.0692307692308	0.0461538461538
-ŋŋʊ	0.300460800602	0.371540077114	0.151641014388	0.176358107896
-eke	0.0525743861716	0.184935299105	0.0111579335576	0.751332381166
-eki	0.108887932683	0.746366418053	0.13398833429	0.0107573149742
-baa	0.227353446513	0.0624339598251	0.0267959106709	0.683416682991
-ɩma	0.405235628684	0.367150470173	0.126740109431	0.100873791713
-ɔlɩ	0.270978661311	0.487795101073	0.198468263445	0.0427579741713
-eku	0.152507851144	0.648459369701	0.0382272968987	0.160805482256
-ɩmm	0.418224299066	0.315420560748	0.196261682243	0.0700934579439
-ase	0.0	1.0	0.0	0.0
-ntʊ	0.0633171707359	0.867558043315	0.0411349136056	0.0279898723432
-ɩsɩ	0.240037091514	0.52651503875	0.138047476039	0.0954003936967
-asa	0.590515396408	0.285225754328	0.0430290267434	0.0812298225207
-nye	0.336842105263	0.515789473684	0.147368421053	0.0
-llɩ	0.121874717198	0.774477574286	0.0304697491862	0.0731779593303
-asi	0.0483880421553	0.919689365636	0.0186858721868	0.0132367200221
-mba	0.0685016197978	0.240262191285	0.0382028048133	0.653033384104
-mbe	0.0833333333334	0.765151515152	0.0757575757576	0.0757575757575
-tʊʊ	0.844444444444	0.111111111111	0.0	0.0444444444444
-mbi	0.424242424242	0.240829346093	0.177033492823	0.157894736842
-kʊa	0.622107969152	0.276349614396	0.0586975149958	0.0428449014568
-eri	0.365861793849	0.372856003088	0.0276381418093	0.233644061253
-ʊrɩ	0.189210857716	0.603147170597	0.17640444484	0.0312375268479
-era	0.0	1.0	0.0	0.0
-ɩmɩ	0.229787234043	0.527659574468	0.063829787234	0.178723404255
-iwo	0.536110185209	0.0399142764273	0.00679112019418	0.417184418169
-ere	0.576474356042	0.270897195406	0.0999222217139	0.0527062268381
-ɩlɩ	0.463438156881	0.284602349268	0.102958222395	0.149001271456
-ela	0.0	1.0	0.0	0.0
-ɩgɩ	0.615141006302	0.224624365487	0.0548391002678	0.105395527943
-arɩ	0.508116378512	0.278514333016	0.0481669260572	0.165202362414
-uge	0.119173474291	0.530514175877	0.274387313791	0.0759250360404
-azi	0.0	1.0	0.0	0.0
-ele	0.136047675504	0.094862063695	0.0619568582865	0.707133402514
-aza	0.0	0.921933085502	0.0	0.0780669144981
-ugi	0.426627004775	0.219875498524	0.327363440526	0.0261340561764
-ike	0.261041094368	0.621539767791	0.0751985001995	0.0422206376419
-ɩrɩ	0.315854726541	0.512615854962	0.0774237926931	0.0941056258041
-ika	0.509891541557	0.44831859177	0.0297907960444	0.011999070629
-iko	0.044136143614	0.875786103594	0.0108244082784	0.0692533445134
-gaŋ	0.391304347826	0.427536231884	0.18115942029	0.0
-iki	0.0897869112475	0.6767119509	0.222329494518	0.0111716433349
-iku	0.215393703372	0.641411599974	0.0735117159297	0.069682980725
-mʊŋ	0.716302408411	0.0792936785184	0.177742533104	0.0266613799657
-gɩŋ	0.181678743167	0.612377254064	0.0702124304139	0.135731572355
-aaa	0.524193548387	0.145161290323	0.0403225806451	0.290322580645
-lɩa	0.122203573704	0.165222041059	0.0423874043233	0.670186980914
-aha	0.125623597132	0.696150635427	0.0677173002813	0.11050846716
-ʊgɩ	0.256186904704	0.156566781001	0.0469279417801	0.540318372515
-mpo	0.0818934485241	0.907307415407	0.0107991360691	0.0
-jʊa	0.119828815977	0.661911554922	0.14122681883	0.077032810271
-ʊha	0.525485063135	0.304742839544	0.169772097321	0.0
-ibu	0.119103541285	0.785068113285	0.0589153395057	0.0369130059249
-ʊŋʊ	0.252679938744	0.747320061256	0.0	0.0
-oli	0.230192561128	0.669641655213	0.0602921770863	0.0398736065727
-saa	0.0706169822846	0.383262064753	0.0796579108125	0.46646304215
-ibi	0.2562165565	0.464589235127	0.20711362921	0.0720805791627
-ibe	0.17746448136	0.571664823639	0.214861971283	0.0360087237191
-hʊŋ	0.703729900505	0.154005752817	0.0140519639742	0.128212382704
-kuŋ	0.149152319026	0.557608127195	0.257639835446	0.0355997183319
-ole	0.223385585532	0.412237127815	0.207025788988	0.157351497665
-seŋ	0.211167789104	0.157531010514	0.0884870712781	0.542814129103
-ŋɩŋ	0.236363636364	0.570909090909	0.0800000000001	0.112727272727
-ɔda	0.0	1.0	0.0	0.0
-ime	0.539564869336	0.272832025807	0.0947396509704	0.0928634538867
-ipi	0.00762146713242	0.987456335345	0.000952683391551	0.00396951413147
-yɔŋ	0.721153846154	0.206730769231	0.0721153846154	0.0
-buŋ	0.121212121212	0.878787878788	0.0	0.0
-ʊʊŋ	0.137577732843	0.421957424771	0.0731726624668	0.367292179919
-iti	0.119502377718	0.822050070375	0.0369758844603	0.0214716674468
-oke	0.26030974163	0.467176280262	0.0942753616333	0.178238616475
-yeŋ	0.177748288867	0.351469013363	0.204404712018	0.266377985752
-ewo	0.301418439716	0.397163120567	0.234042553191	0.0673758865248
-bɩŋ	0.231912009139	0.629169318021	0.0932364561324	0.0456822167074
-baŋ	0.0836576394014	0.189577995976	0.15211780833	0.574646556292
-uuŋ	0.109943341551	0.839583063016	0.0394014099736	0.0110721854591
-awa	0.518884574656	0.34768796329	0.0889516413696	0.0444758206848
-ddi	0.0	1.0	0.0	0.0
-ɩsa	0.268010061989	0.208544120702	0.116070523087	0.407375294223
-zʊa	0.0237142660435	0.942184182257	0.0179769436136	0.0161246080862
-kʊŋ	0.625	0.225566572238	0.00956090651557	0.139872521246
-ɩrʊ	0.0947166457419	0.843275598345	0.0377392858875	0.0242684700254
-mɩɩ	0.777751535191	0.176074633916	0.0144071799717	0.0317666509211
-idi	0.00175496325546	0.985302182736	0.00416803773171	0.00877481627729
-ɔyɩ	0.0273183673335	0.117547782517	0.0734903482763	0.781643501873
-raŋ	0.0	1.0	0.0	0.0
-eye	0.455901856764	0.2595877542	0.0364721485411	0.248038240495
-ʊka	0.357727379004	0.547580079495	0.0736497545008	0.0210427870002
-wɔŋ	0.469698143081	0.0543049890719	0.0193178102466	0.456679057601
-vʊŋ	0.252598636414	0.453783391081	0.193025595172	0.100592377333
-ɔɔŋ	0.0370462250889	0.939557576072	0.0100692501332	0.0133269487057
-muo	0.537313432836	0.119402985075	0.134328358209	0.208955223881
-ʊsɩ	0.601773484047	0.167070363977	0.103453236075	0.127702915901
-amʊ	0.0658158882402	0.105410772386	0.0302131161354	0.798560223239
-ola	0.0718491168545	0.892226324718	0.0359245584273	0.0
-obe	0.585084351239	0.319619835411	0.0159713653659	0.0793244479841
-ifa	0.0	1.0	0.0	0.0
-rrr	0.333333333333	0.25	0.326923076923	0.0897435897436
-ɔmʊ	0.0560987809484	0.867250361345	0.0396361480345	0.0370147096725
-ŋye	0.762400639007	0.0785262154774	0.0258853380046	0.133187807511
-liŋ	0.14776294261	0.40692480149	0.267517063918	0.177795191982
-nda	0.186229214581	0.647283902876	0.0830399120753	0.0834469704679
-gie	0.0419052946965	0.0988202268568	0.022462277984	0.836812200463
-ale	0.0295211308231	0.0692800911378	0.0512097053485	0.849989072691
-nde	0.304538421867	0.355337802991	0.0381640020629	0.301959773079
-gia	0.0183823529412	0.886029411765	0.0643382352941	0.03125
-ala	0.596485050974	0.157704344764	0.0609573319762	0.184853272286
-paŋ	0.253619841327	0.508618774566	0.119400325967	0.11836105814
-lʊa	0.625550660793	0.176211453744	0.198237885463	0.0
-nbʊ	0.04	0.92	0.04	0.0
-ɩna	0.373939866948	0.24530538431	0.148568434885	0.232186313857
-sʊʊ	0.441340782123	0.508379888268	0.0	0.0502793296089
-waŋ	0.213527851459	0.637931034483	0.0923961096375	0.0561450044209
-chi	0.38421457728	0.403867441539	0.193886640376	0.0180313408053
-cho	0.627184781725	0.299447199415	0.0550768230225	0.0182911958377
-ogi	0.136882129277	0.710076045628	0.141634980989	0.0114068441065
-eli	0.279301508121	0.649444462633	0.0551816918218	0.0160723374238
-ɩtʊ	0.13406163921	0.753265473136	0.0691315005611	0.0435413870937
-iye	0.400784256469	0.228459888549	0.194673591484	0.176082263498
-obu	0.011329828211	0.973799772262	0.00920548542141	0.00566491410549
-oge	0.0643776824034	0.845493562232	0.0171673819742	0.0729613733906
-atɩ	0.2831613555	0.490426730621	0.153733929949	0.0726779839299
-ɔtɩ	0.458032987172	0.323824068418	0.128833231521	0.0893097128894
-itu	0.0769230769231	0.666666666667	0.0512820512821	0.205128205128
-ito	0.08	0.82	0.06	0.04
-esi	0.322199829759	0.48664001453	0.169103214668	0.0220569410436
-nɩa	0.0594119655792	0.408988269415	0.0432399129048	0.488359852101
-ɩtɩ	0.247916883572	0.541707949091	0.126598096975	0.0837770703622
-esa	0.0	1.0	0.0	0.0
-ŋtɩ	0.126612188638	0.805159003643	0.0159495914148	0.052279216304
-ese	0.645577065513	0.230964172125	0.0451660688093	0.0782926935534
-ita	0.0291364205257	0.961017939091	0.00450563204005	0.00534000834376
-nuŋ	0.00263620386643	0.98755125952	0.00058582308143	0.00922671353251
-ria	0.0760119339181	0.867969898027	0.0341986908314	0.0218194772231
-keŋ	0.594238834925	0.0245264168726	0.00518353956861	0.376051208634
-bra	0.075838150289	0.12050867052	0.0864739884393	0.717179190751
-uda	0.0108942351339	0.989105764866	0.0	0.0
-ezi	0.0	1.0	0.0	0.0
-udi	0.0291970802919	0.963503649635	0.00729927007299	0.0
-nna	0.377423721832	0.284624945041	0.0791356223285	0.258815710798
-ŋka	0.047428426841	0.750040742462	0.0485270374124	0.154003793284
-ŋke	0.147902012659	0.840497829485	0.0116001578556	0.0
-ɩwa	0.65182849471	0.150036335866	0.112776676069	0.0853584933548
-aba	0.2476380953	0.385466638014	0.10605783397	0.260837432716
-huu	0.122554350124	0.138193050538	0.0824564705201	0.656796128818
-ŋku	0.492764109986	0.308972503618	0.0535455861071	0.144717800289
-abi	0.0387931034483	0.95474137931	0.0	0.00646551724137
-tiŋ	0.196465696466	0.402286902287	0.335758835759	0.0654885654886
-jɩɩ	0.46397616468	0.0904658721561	0.396262188516	0.0492957746478
-ʊba	0.0556706369757	0.887622993268	0.0260227861212	0.0306835836354
-gbi	0.838470542333	0.126414358174	0.0280920795942	0.00702301989856
-mʊʊ	0.629139072848	0.192052980132	0.152317880795	0.0264900662252
-tuo	0.704491740518	0.0969200705781	0.0439453344348	0.154642854469
-ʊsʊ	0.382452193476	0.242969628796	0.361079865017	0.0134983127109
-ori	0.44501491814	0.144297030003	0.0854006694231	0.325287382435
-tuu	0.881312375017	0.118687624983	0.0	0.0
-yɩŋ	0.149243217515	0.014734838047	0.00857636714347	0.827445577294
-ado	0.104738154613	0.88029925187	0.00997506234414	0.00498753117207
-ora	0.115099009901	0.767326732673	0.0915841584158	0.0259900990099
-ɔbɩ	0.650759891887	0.124595684346	0.0434667021135	0.181177721654
-ore	0.868493150685	0.0657534246575	0.0164383561644	0.0493150684931
-ɩka	0.0889472034548	0.81542561521	0.0582375379534	0.0373896433815
-ɩko	0.0524781341108	0.65889212828	0.288629737609	0.0
-omi	0.0595456932354	0.154107526031	0.00896133205127	0.777385448682
-ali	0.0359702681179	0.902973188213	0.0419431908681	0.0191133528006
-giŋ	0.0633104316486	0.217516724584	0.0637369730448	0.655435870723
-ʊwa	0.0	0.553846153846	0.169230769231	0.276923076923
-oma	0.0898623982028	0.539455209211	0.10951979781	0.261162594777
-laŋ	0.84188034188	0.128205128205	0.0256410256411	0.0042735042735
-lia	0.0600414078675	0.935817805383	0.0	0.00414078674948
-ome	0.507037986517	0.348355925577	0.077803117027	0.0668029708789
-akʊ	0.0718814067319	0.83510944174	0.0584094498476	0.0345997016807
-ɔɔn	0.020961129435	0.946333343608	0.011867698283	0.0208378286736
-vʊa	0.916931982634	0.0448625180897	0.0382054992764	0.0
-oda	0.262206148282	0.719710669078	0.0180831826401	0.0
-iza	0.0670391061453	0.914911903739	0.018048990116	0.0
-odi	0.0122398197653	0.948619657689	0.0363159487542	0.00282457379199
-ɔga	0.185714285714	0.807142857143	0.00714285714286	0.0
-pɩa	0.144111753629	0.046790230896	0.308945458761	0.500152556714
-ipa	0.0403813796971	0.915872125631	0.0314077397644	0.0123387549075
-uro	0.0	1.0	0.0	0.0
-ehe	0.248410654408	0.679891999086	0.0372173616367	0.034479984869
-ɩaŋ	0.159354998463	0.317294564524	0.161251273518	0.362099163495
-peŋ	0.0456381999145	0.622803355427	0.0401569260648	0.291401518593
-anʊ	0.0647621411348	0.510085980322	0.0118767940489	0.413275084495
-yii	0.110638297872	0.834042553192	0.0553191489361	0.0
-ɩba	0.265488424805	0.395021884898	0.0401281936931	0.299361496603
-pam	0.0550433676578	0.108337610307	0.627992522877	0.208626499158
-paa	0.400392541708	0.513902518809	0.0660778541054	0.0196270853778
-lʊŋ	0.564102564103	0.102564102564	0.025641025641	0.307692307692
-sɩɩ	0.464597828867	0.0589080839881	0.0636657054419	0.412828381703
-ʊya	0.336025848142	0.596122778675	0.0193861066236	0.0484652665589
-wʊŋ	0.904364763655	0.0832950990417	0.00288057940797	0.00945955789491
-ŋhe	0.327990135635	0.553637484587	0.0295930949445	0.0887792848335
-suu	0.393081761006	0.413522012579	0.0990566037735	0.0943396226415
-suo	0.748633879781	0.109289617486	0.087431693989	0.0546448087432
-agɩ	0.538004433598	0.100715243409	0.0816143022517	0.279666020742
-ŋmʊ	0.153284671533	0.846715328467	0.0	0.0
-sua	0.0847826086956	0.889130434783	0.0130434782609	0.0130434782609
-die	0.468490562767	0.0211010694582	0.00298673370746	0.507421634068
-dia	0.0195027222798	0.970132361176	0.00536116372994	0.00500375281461
-dii	0.606368785615	0.131746516268	0.0395492974734	0.222335400644
-vaa	0.661574335605	0.0696452812311	0.0142429078617	0.254537475302
-ina	0.114782608696	0.859130434783	0.0260869565217	0.0
-nɩŋ	0.207194013037	0.252826039664	0.0800560808837	0.459923866416
-uku	0.0246040723982	0.781391402715	0.00169683257919	0.192307692308
-ihe	0.357752248159	0.467359312057	0.116212513733	0.0586759260516
-tuŋ	0.672751303122	0.246567192667	0.0292588704552	0.0514226337561
-nni	0.361556064073	0.258581235698	0.128146453089	0.25171624714
-uke	0.162909497547	0.652578341424	0.0785320354792	0.10598012555
-afa	0.0625	0.889112903226	0.0483870967742	0.0
-uki	0.0884450784593	0.830242510699	0.0299572039943	0.0513552068474
-yɩa	0.20644519537	0.0741160572075	0.0324804928397	0.686958254583
-nne	0.25122071241	0.116933704109	0.0493586145937	0.582486968888
-uoŋ	0.0656439859795	0.527328272101	0.0123166522295	0.39471108969
-ɔni	0.0114416475972	0.978260869565	0.00686498855835	0.00343249427918
-efi	0.0188679245283	0.981132075472	0.0	0.0
-efu	0.0195723784809	0.960396515418	0.00550473144775	0.0145263746538
-tia	0.0462130937098	0.920410783055	0.0	0.0333761232349
-tɩɩ	0.032557151957	0.829664755703	0.0231202963173	0.114657796022
-ʊna	0.320880046132	0.224615994818	0.204586728813	0.249917230238
-eme	0.443870361672	0.490371066228	0.0602786910913	0.0054798810083
-ʊbʊ	0.789473684211	0.175438596491	0.0	0.0350877192982
-ema	0.0	1.0	0.0	0.0
-emm	0.540983606557	0.262295081967	0.0983606557377	0.0983606557377
-emi	0.00595768825484	0.980870551998	0.000445813406825	0.0127259463403
-aŋa	0.116504854369	0.796116504854	0.0873786407767	0.0
-jaa	0.909090909091	0.0909090909091	0.0	0.0
-mme	0.68794761749	0.117535814961	0.0392245857835	0.155291981765
-ʊsa	0.536306978483	0.254331894354	0.142743465108	0.0666176620551
-mma	0.471379262373	0.165963914151	0.0368140441644	0.325842779312
-ŋkʊ	0.225490779242	0.683854710437	0.0313704881801	0.0592840221411
-eeŋ	0.797101449275	0.0869565217391	0.0869565217391	0.0289855072464
-zaa	0.0255220417633	0.842807424594	0.0052204176334	0.126450116009
-eŋi	0.377777777778	0.281481481482	0.251851851852	0.0888888888889
-ŋ-n	0.175644028103	0.360655737705	0.449648711944	0.0140515222482
-alɩ	0.801251260735	0.0968770673936	0.0228120062982	0.0790596655729
-abʊ	0.263025253422	0.668268475913	0.0327520901261	0.0359541805388
-zɩa	0.480985449735	0.317873677249	0.116898148148	0.0842427248677
-ɩnɩ	0.144187588035	0.708434833043	0.105269699229	0.0421078796917
-sɩŋ	0.262191473962	0.56703425521	0.126575833279	0.0441984375485
-ʊtɩ	0.198082526201	0.165913113378	0.107870663245	0.528133697176
-ete	0.269789983845	0.662358642973	0.048465266559	0.0193861066236
-eti	0.380512185885	0.410820873629	0.0532989102315	0.155368030255
-ʊma	0.42348610468	0.402594959898	0.0595928419493	0.114326093473
-uya	0.0821256038647	0.917874396135	0.0	0.0
-ŋaa	0.299109792285	0.138278931751	0.206528189911	0.356083086053
-uye	0.582089552239	0.417910447761	0.0	0.0
-gʊŋ	0.114285714286	0.8	0.0857142857143	0.0
-ata	0.49598077238	0.407280919412	0.05805874035	0.0386795678587
-ɩya	0.490489860358	0.333713017866	0.0812186233854	0.0945784983915
-wee	0.413418708241	0.586581291759	0.0	0.0
-lii	0.241486068111	0.232198142415	0.0743034055728	0.452012383901
-ose	0.645306725794	0.181097560976	0.117239467849	0.0563562453807
-ɔta	0.208487084871	0.642066420664	0.049815498155	0.09963099631
-uli	0.432814505973	0.226400815136	0.231978421315	0.108806257576
-osa	0.0	1.0	0.0	0.0
-kaa	0.297389330306	0.415437003405	0.0953461975028	0.191827468785
-osi	0.0693610455545	0.470975867641	0.0208178901134	0.438845196691
-ule	0.243697721976	0.266084346331	0.363791133272	0.126426798421
-nia	0.00995795529984	0.97610090728	0.0139411374198	0.0
-daŋ	0.156101135947	0.515207035544	0.260901429095	0.0677903994137
-nɩɩ	0.12792251169	0.284903139612	0.0891783567135	0.497995991984
-ulu	0.420918367347	0.579081632653	0.0	0.0
-ŋsa	0.428571428572	0.077922077922	0.038961038961	0.454545454545
-ɩnʊ	0.252749447504	0.363920263355	0.266961027633	0.116369261508
-iiŋ	0.310065561126	0.59274971076	0.0509062861551	0.0462784419591
-ŋsi	0.207547169811	0.754716981132	0.0377358490566	0.0
-nbe	0.0547945205479	0.753424657534	0.0821917808219	0.109589041096
-aja	0.00137741046832	0.998622589532	0.0	0.0
-ʊaa	0.0715009114847	0.200526635609	0.556613327932	0.171359124975
-fia	0.0	1.0	0.0	0.0
-yuo	0.503217067389	0.427700643413	0.0690822891974	0.0
-miŋ	0.29620350742	0.470225476971	0.126035845057	0.107535170553
-ɔmi	0.0157303370787	0.948314606742	0.00224719101124	0.0337078651685
-oja	0.268421052632	0.610526315789	0.115789473684	0.00526315789475
-alʊ	0.151479870046	0.797422853216	0.039138339629	0.0119589371089
-ɔmm	0.104664630936	0.305886069285	0.46625250079	0.123196798989
-ila	0.0249488752556	0.975051124744	0.0	0.0
-ɔma	0.285714285714	0.479365079365	0.170158730159	0.0647619047619
-yuu	0.771730074979	0.193835045821	0.0261038600389	0.00833101916134
-abɩ	0.376620488299	0.512989335961	0.0943393786738	0.016050797066
-ili	0.425684278791	0.505627158134	0.0198401415373	0.0488484215383
-ʊbɩ	0.237288135593	0.745762711864	0.0	0.0169491525424
-dʊŋ	0.624338624339	0.349206349206	0.010582010582	0.015873015873
-taŋ	0.0770462060203	0.240940032471	0.0949543416904	0.587059419819
-ani	0.0565290157817	0.798408192108	0.128067639438	0.0169951526722
-igi	0.587174838498	0.176681433722	0.0420532473391	0.194090480441
-gbɩ	0.900453309157	0.0919310970082	0.00543970988214	0.00217588395286
-ebe	0.038626609442	0.961373390558	0.0	0.0
-jɩa	0.260863657979	0.390774665429	0.214940784855	0.133420891737
-ami	0.0184138291615	0.941012842298	0.0339969609829	0.00657636755767
-ɔba	0.411276507836	0.332397313781	0.03994993591	0.216376242472
-ama	0.0684880463115	0.0664864706519	0.0101369843983	0.854888498638
-yɩɩ	0.0305652734303	0.0591051371755	0.878291290738	0.0320382986559
-ati	0.0118052139695	0.952779144122	0.0354156419086	0.0
-ebu	0.106870229008	0.833235466823	0.0176159718144	0.0422783323546
-hii	0.837038196619	0.0954132748903	0.0268472135254	0.0407013149655
-usi	0.103361456307	0.8403052089	0.0154571077949	0.0408762269985
-iri	0.17171242585	0.481971025495	0.169292278219	0.177024270436
-ire	0.0908099195577	0.753451692953	0.114667821395	0.0410705660943
-ira	0.0125838926175	0.912332214765	0.072567114094	0.00251677852349
-use	0.0876378427938	0.363678411743	0.00754701985395	0.54113672561
-ubu	0.0951893551688	0.862845445241	0.00307062436029	0.0388945752303
-guo	0.783529411765	0.174117647059	0.0423529411765	0.0
-ʊnʊ	0.0547667342799	0.105476673428	0.602434077079	0.237322515213
-iru	0.0979962338074	0.787304340457	0.0867251014845	0.0279743242514
-usu	0.294520547945	0.479452054795	0.184931506849	0.041095890411
-uza	0.0	0.964705882353	0.0352941176471	0.0
-ɔgɩ	0.581081081081	0.108108108108	0.310810810811	0.0
-ŋaŋ	0.00554246327275	0.0051645558496	0.0120404311097	0.977252549768
-pia	0.0	0.650246305419	0.349753694581	0.0
-pie	0.684210526316	0.166341780377	0.12865497076	0.0207927225471
-wɩɩ	0.766347355269	0.211162015827	0.0224906289046	0.0
-pii	0.186512118019	0.630136986301	0.0442571127502	0.139093782929
-ɩbɩ	0.535351966534	0.308475119363	0.0977109972243	0.0584619168786
-gʊa	0.455580865604	0.216400911162	0.300683371298	0.0273348519362
-ŋna	0.220903840536	0.234387289602	0.439875053372	0.10483381649
-dɩɩ	0.0837238361159	0.0424787541095	0.0114764122386	0.862320997536
-sɩa	0.233224712376	0.195052204562	0.00339163396954	0.568331449092
-ŋma	0.577962577963	0.178794178794	0.137214137214	0.106029106029
-owo	0.111111111111	0.861111111111	0.0	0.0277777777778
-uri	0.487354953883	0.372508182089	0.0714073192502	0.0687295447783
-owa	0.00488218643048	0.99511781357	0.0	0.0
-sʊŋ	0.117628233564	0.205030512523	0.027600979715	0.649740274198
-rɩŋ	0.230746465464	0.552512429717	0.122307647783	0.0944334570364
--le	0.027595722663	0.0651948947913	0.0206967919972	0.886512590548
-aga	0.510158931667	0.290831221855	0.0628378488527	0.136171997625
-buu	0.0394736842105	0.960526315789	0.0	0.0
-ʊaŋ	0.318414827183	0.281624428313	0.0554357057609	0.344525038743
-one	0.442474868883	0.201932122589	0.199410499687	0.156182508841
-dɩa	0.590468632004	0.137101041073	0.0359649825179	0.236465344405
-ega	0.0	0.992366412214	0.0	0.00763358778625
-ona	0.00870335545436	0.980106616104	0.00435167772718	0.00683835071414
-egi	0.486567601201	0.39396823073	0.0710050508747	0.0484591171949
-oni	0.0202719115614	0.963226373513	0.00435751370012	0.0121442012251
-ana	0.228019899315	0.215379752582	0.0659517813495	0.490648566754
-ɩbʊ	0.179970484516	0.679759726438	0.103707939188	0.0365618498573
-niŋ	0.437219472897	0.310507538267	0.101968005524	0.150304983312
-ɩta	0.11750961398	0.222265491895	0.50352918269	0.156695711435
-daa	0.110540846831	0.394893504895	0.0237556139034	0.470810034371
-tɩa	0.652469836032	0.252139837063	0.0727028978035	0.0226874291018
-nɔŋ	0.188429752066	0.744628099174	0.0471074380165	0.0198347107438
-ɩha	0.506747311776	0.333471184484	0.0714381467234	0.0883433570166
-vʊʊ	0.684909838659	0.248655488769	0.0303701360329	0.0360645365391
-dʊa	0.535849056604	0.33153638814	0.0704851752021	0.0621293800539
-taa	0.0656870772861	0.191348751443	0.23309628044	0.509867890831
-sɔɔ	0.0232558139535	0.953488372093	0.0232558139535	0.0
-afɩ	0.0547945205479	0.602739726027	0.342465753425	0.0
-nnɩ	0.178799960065	0.681016003991	0.0790928566342	0.0610911793098
-nya	0.491850431448	0.384467881112	0.103547459252	0.0201342281879
-ɔgʊ	0.0257671982879	0.834968996907	0.0196792682391	0.119584536566
-wɩa	0.0496614795854	0.09312618948	0.00391455950341	0.853297771431
-yie	0.62039733796	0.17412648532	0.0534856782529	0.151990498467
-mbu	0.197297698069	0.403017368524	0.293597100622	0.106087832785
-mia	0.0413793103448	0.931034482759	0.0137931034483	0.0137931034483
-yuŋ	0.0773318527919	0.854616116751	0.0253807106599	0.042671319797
-ɩɩŋ	0.169927285236	0.572370694848	0.179206163027	0.078495856889
-ɩkʊ	0.197644968093	0.705899939208	0.0531401518069	0.0433149408922
-eni	0.0912659470069	0.876769942521	0.00925276882098	0.0227113416515
-ene	0.449797113071	0.174903371627	0.0491600660975	0.326139449205
-ena	0.0555614016627	0.0867094601705	0.011575292013	0.846153846154
