-aja	0.152619177089	0.771705637122	0.0140474895777	0.0616276962117
-hem	0.0	1.0	0.0	0.0
-aši	0.0588857732395	0.817046717105	0.0611078778901	0.0629596317655
-mâŋ	0.232098765432	0.197530864198	0.451851851852	0.118518518519
-lzi	0.0	0.355113636364	0.644886363636	0.0
-euc	0.40866873065	0.501547987616	0.0712074303406	0.0185758513932
-hec	0.168784056302	0.29632354526	0.131588619327	0.403303779111
-ufu	0.34944034944	0.540904540904	0.030485030485	0.0791700791701
-qâc	0.403610667441	0.498136585838	0.0653404965878	0.0329122501331
-âkâ	0.134936979982	0.861603097454	0.00345992256364	0.0
-uru	0.142961154653	0.373766899368	0.171224320813	0.312047625166
-aua	0.0325203252032	0.861788617886	0.0487804878048	0.0569105691057
-ufe	0.655773420479	0.344226579521	0.0	0.0
-auc	0.443113772455	0.167664670659	0.275449101796	0.11377245509
-aum	0.00639658848614	0.993603411514	0.0	0.0
-zic	0.415089968337	0.357093211831	0.0787705614333	0.149046258398
-zia	0.147293738191	0.0742504341851	0.0771752199554	0.701280607668
-nti	0.0416210295728	0.934282584885	0.0	0.0240963855422
-naŋ	0.215882568279	0.147377909819	0.156301247828	0.480438274074
-uac	0.222207058046	0.597139717132	0.0377827420502	0.142870482771
-nto	0.0162162162162	0.983783783784	0.0	0.0
-kiŋ	0.257751019795	0.359210511111	0.0872690294325	0.295769439662
-fâŋ	0.435146443515	0.194560669456	0.338912133891	0.0313807531381
-kia	0.0909318511842	0.783085473937	0.0165239597416	0.109458715137
-siŋ	0.189850998321	0.67242284761	0.0351652198985	0.10256093417
-eqâ	0.129411764706	0.352941176471	0.470588235294	0.0470588235294
-i-e	0.2125	0.65625	0.05625	0.075
-puc	0.0702377821538	0.711133490272	0.0503531132335	0.16827561434
-puo	0.217391304348	0.717391304348	0.0652173913044	0.0
-ntu	0.0	0.727272727273	0.0	0.272727272727
-haæ	0.0	0.303225806452	0.0387096774194	0.658064516129
-arâ	0.459584646087	0.117365515186	0.0331306267215	0.389919212006
-ape	0.35247973966	0.114553800326	0.0330631954705	0.499903264543
-âcʒ	0.588290840416	0.305949008498	0.0264400377714	0.0793201133144
-opo	0.42257263044	0.324297065263	0.0905758775922	0.162554426705
-ope	0.117148760331	0.712396694215	0.0599173553719	0.110537190083
-opa	0.521477312333	0.175903946537	0.0475353993922	0.255083341739
-dea	0.521739130435	0.478260869565	0.0	0.0
-hâŋ	0.31585779188	0.325737362083	0.094108314704	0.264296531333
-dec	0.22641509434	0.490566037736	0.0566037735849	0.22641509434
-oku	0.57426597582	0.136442141624	0.230282095567	0.0590097869891
-neʒ	0.142041184428	0.338719374718	0.156245302871	0.362994137983
-400	0.0479233226837	0.038338658147	0.0255591054313	0.888178913738
-ima	0.533969679955	0.270072992701	0.0477259966311	0.148231330713
-beŋ	0.306221610721	0.233857926381	0.050040522457	0.409879940441
-oko	0.02	0.98	0.0	0.0
-oki	0.260929616371	0.108521013614	0.011556783268	0.618992586746
-aka	0.181216055107	0.516359782753	0.016690952444	0.285733209697
-oke	0.117939448712	0.803886127429	0.0158156348848	0.0623587889742
-oka	0.384067625304	0.209721137502	0.229016400974	0.17719483622
-ŋâŋ	0.0890392663164	0.829489805004	0.0347253138634	0.0467456148161
-imo	0.109486468958	0.68592653735	0.00353752726844	0.201049466423
-ido	0.0734394124847	0.434516523868	0.0917992656057	0.400244798042
-eci	0.155218216319	0.130170777989	0.0683111954459	0.646299810247
-obo	0.0	1.0	0.0	0.0
-rpo	0.0	1.0	0.0	0.0
-âko	0.0637275532203	0.0553646351067	0.233498147455	0.647409664218
-eua	0.0	0.5	0.1	0.4
-oba	0.0	1.0	0.0	0.0
-âke	0.140191686043	0.103612544661	0.0577326603527	0.698463108944
-ece	0.822033898305	0.0762711864407	0.0	0.101694915254
-ida	0.00967741935482	0.985483870968	0.0	0.00483870967743
-bie	0.761794634598	0.115633672525	0.0855689176688	0.0370027752082
-bia	0.0963855421687	0.857612267251	0.0328587075575	0.013143483023
-okâ	0.00981222960617	0.98162437001	0.00107042504795	0.00749297533562
-moŋ	0.0328104734111	0.881194606572	0.049448767834	0.0365461521833
-âku	0.426262626263	0.181818181818	0.379797979798	0.0121212121212
-obu	0.138888888889	0.541666666667	0.277777777778	0.0416666666667
-100	0.0311428306609	0.0857354713134	0.0403188432662	0.84280285476
-rie	0.0	1.0	0.0	0.0
-ric	0.276993253258	0.25792720348	0.0481052053498	0.416974337912
-ria	0.0140827409258	0.951096235278	0.0172658262035	0.0175551975924
-rio	0.182492365857	0.620910280646	0.0535117056856	0.143085647812
-haŋ	0.324842318012	0.262919468934	0.0257866675959	0.386451545458
-tea	0.432098765432	0.462962962963	0.104938271605	0.0
-maŋ	0.143258483682	0.370002451723	0.0299542825826	0.456784782013
-tec	0.314982206828	0.331969402437	0.0769056179363	0.276142772799
-utu	0.0027880515664	0.933494923109	0.00297643342899	0.0607405918958
-sia	0.0258229614982	0.933232522973	0.00279167151332	0.0381528440153
-teo	0.0666823197934	0.857243484386	0.0061047194177	0.0699694764029
-are	0.258971648123	0.489512853549	0.0690169780383	0.18249852029
-ara	0.169667210887	0.698356096083	0.05832363839	0.0736530546404
-mes	0.0508474576271	0.805084745763	0.14406779661	0.0
-eri	0.151138073515	0.498125104493	0.0830686187871	0.267668203205
-aro	0.0337665222703	0.947350883039	0.00666444518495	0.0122181495057
-ari	0.172601298018	0.295035958604	0.0519207156639	0.480442027714
-aru	0.033714508462	0.762780616316	0.0563587179749	0.147146157247
-mec	0.476501430382	0.260136799795	0.0845964594303	0.178765310392
-meo	0.299938157081	0.376623376623	0.026283240569	0.297155225727
-opâ	0.183511316835	0.315377045595	0.0094033604257	0.491708277144
-goì	0.0	0.968086277099	0.0319137229008	0.0
-ziŋ	0.259385665529	0.709897610922	0.0204778156997	0.0102389078498
-oŋa	0.346613545817	0.462151394422	0.143426294821	0.0478087649402
-auŋ	0.410990405931	0.464139523332	0.0513738007414	0.0734962699953
-`go	0.180315828131	0.0774880646346	0.0055086301873	0.736687477047
-cto	0.697247706422	0.0	0.0	0.302752293578
-âru	0.184027730945	0.676373396636	0.00412727101064	0.135471601408
-cte	0.332863182896	0.305534073722	0.063989277135	0.297613466247
-ubu	0.188741721854	0.612582781457	0.17880794702	0.0198675496689
-rac	0.30687268515	0.469339807759	0.0474861997923	0.176301307299
-ubi	0.0	0.733333333333	0.222222222222	0.0444444444445
-mâc	0.115243094509	0.0788874115317	0.0768354624205	0.729034031539
-âre	0.233426815442	0.462985062752	0.21212482845	0.0914632933548
-ctu	0.805825242718	0.0776699029126	0.0	0.116504854369
-âri	0.12961153023	0.598523245483	0.110129958271	0.161735266017
-âro	0.0517651362722	0.878308813923	0.0256081946223	0.044317855183
-ŋne	0.152944748679	0.255671425709	0.204624089993	0.386759735619
-umu	0.361034042366	0.388338397851	0.0667635530894	0.183864006694
-ota	0.451882391234	0.317999349029	0.116198329174	0.113919930563
-ote	0.122448979592	0.850340136054	0.0	0.0272108843537
-ɋie	0.0527454692994	0.882337030024	0.00811468758452	0.0568028130917
-reâ	0.275862068965	0.0	0.379310344828	0.344827586207
-oti	0.0214745884037	0.710808876163	0.267716535433	0.0
-âmu	0.0421052631579	0.957894736842	0.0	0.0
-isâ	0.213521904105	0.502242152466	0.115212142118	0.169023801311
-oto	0.00915164271988	0.989750160154	0.0	0.00109819712639
-ume	0.246111173891	0.0834133777815	0.0177747721872	0.65270067614
-oŋe	0.0501634920428	0.0316330081704	0.00809245030607	0.910111049481
-ŋuc	0.267301549029	0.0257249586259	0.00448617132039	0.702487321025
-umi	0.0486177311725	0.939942802669	0.0114394661582	0.0
-kic	0.441129010925	0.342529976835	0.0573022360281	0.159038776212
-zuc	0.548099343529	0.336151335063	0.0321658754738	0.0835834459338
ALL	0.223616721687	0.287858821874	0.053761258706	0.434763197733
-nai	0.0	1.0	0.0	0.0
-fâc	0.146948726879	0.701552675478	0.0399992667412	0.111499330901
-nao	0.253213766677	0.338331592257	0.104321553871	0.304133087194
-aki	0.0184031534052	0.874659603835	0.035314159237	0.071623083523
-ŋiŋ	0.539867109635	0.36877076412	0.0249169435216	0.0664451827242
-nac	0.313717215847	0.123239336728	0.0199116299522	0.543131817473
-ake	0.0451327433628	0.811504424779	0.0769911504424	0.0663716814159
-taŋ	0.0706211045052	0.847202615487	0.0230919216976	0.05908435831
-kio	0.244441891193	0.700407881887	0.00919170448671	0.0459585224335
-dâŋ	0.140954694197	0.172735437863	0.00845404167311	0.677855826267
-nae	0.0190476190476	0.980952380952	0.0	0.0
-sio	0.0839819746005	0.784924211389	0.0409668168783	0.0901269971323
-azu	0.0957729041386	0.864432260347	0.0235231694376	0.0162716660771
-sic	0.267369690838	0.496137906882	0.109928595054	0.126563807226
-aku	0.532664587158	0.140972461883	0.0256922506768	0.300670700282
-sie	0.398674334731	0.180816843747	0.00935763719661	0.411151184326
-puŋ	0.357894736842	0.189473684211	0.452631578947	0.0
-ŋic	0.089344443457	0.453335776992	0.0440891157825	0.413230663768
-ozi	0.054883418088	0.7484546564	0.036210349412	0.1604515761
-kie	0.101123595506	0.831460674157	0.0674157303371	0.0
-oac	0.232558139535	0.767441860465	0.0	0.0
-goc	0.164743223359	0.58364850239	0.0158091230801	0.235799151172
-ako	0.008	0.992	0.0	0.0
-moc	0.0804703622728	0.167887048255	0.010147812538	0.741494776934
-gop	0.159090909091	0.840909090909	0.0	0.0
-biŋ	0.514162177844	0.137112021466	0.031676261239	0.317049539451
-moi	0.892872030013	0.0375156315131	0.0195914964568	0.0500208420175
-âgu	0.179487179487	0.222222222222	0.529914529915	0.068376068376
-hâc	0.174118284355	0.244191220569	0.0876782294106	0.494012265666
-deŋ	0.199460916442	0.464622641509	0.199460916442	0.136455525606
-nte	0.0	0.896551724138	0.0689655172414	0.0344827586207
-ofo	0.320389275833	0.193111344337	0.145787615686	0.340711764145
-âgo	0.148093433989	0.330236372881	0.0785780952266	0.443092097903
-ŋâc	0.0489826215695	0.0212652280486	0.00220238265175	0.92754976773
-âge	0.111096881603	0.706409681757	0.0115259012614	0.170967535378
-eoc	0.500413109336	0.278435692647	0.0371798402644	0.183971357753
-eoa	0.16852599098	0.58936624733	0.0878234037503	0.15428435794
-azi	0.127122625131	0.45925499279	0.264866035139	0.14875634694
-iso	0.0377358490566	0.962264150943	0.0	0.0
-otâ	0.0993377483443	0.656456953643	0.179014900662	0.0651903973509
-upu	0.0289855072464	0.710144927536	0.260869565217	0.0
-reo	0.0855080510828	0.786785119378	0.12326485286	0.00444197667963
-isi	0.321824902584	0.327896163812	0.0469561595668	0.303322774038
-rec	0.104105488685	0.0697290875486	0.0141283482451	0.812037075521
-ise	0.422725934648	0.325581395349	0.104503974095	0.147188695908
-rea	0.0658951346245	0.882853094001	0.0173594709494	0.0338923004251
-isa	0.00893388921976	0.99106611078	0.0	0.0
-rië	0.223974763407	0.662460567823	0.0757097791798	0.0378548895899
-upe	0.176438792017	0.0940520447543	0.0217654152882	0.70774374794
-upo	0.185405149659	0.0979256935107	0.0214154091339	0.695253747697
-meŋ	0.177733729454	0.50889344267	0.0201210050346	0.293251822841
-ime	0.370326003083	0.224632089566	0.0347435333216	0.37029837403
-hac	0.16306691491	0.324889564043	0.0637480391278	0.448295481919
-ŋgi	0.0169683257919	0.935520361991	0.0475113122172	0.0
-hae	0.124883650679	0.421374874441	0.0208753398382	0.432866135041
-ŋge	0.33337105068	0.435316846662	0.0397572260149	0.191554876643
-ŋga	0.327659574468	0.638297872341	0.00851063829787	0.0255319148936
-riŋ	0.347456242067	0.384075406946	0.121868755355	0.146599595632
-hao	0.0675337668834	0.316158079039	0.0260130065032	0.590295147574
-mai	0.101542877646	0.673125224256	0.0426982418371	0.182633656261
-juc	0.610526315789	0.194736842105	0.0236842105263	0.171052631579
-mao	0.144994384726	0.761551419862	0.0709931012354	0.0224610941762
-ŋgu	0.765060240964	0.0180722891566	0.0	0.216867469879
-mac	0.0903012542411	0.500463766332	0.0635375197689	0.345697459658
-teŋ	0.261621034947	0.529679822181	0.0831852749425	0.125513867929
-mae	0.211239650675	0.443971872519	0.168424634229	0.176363842577
-juo	0.342361243563	0.165554072096	0.0896433339691	0.402441350372
-geŋ	0.250489817728	0.446713768331	0.201567416731	0.10122899721
-ekâ	0.159863945578	0.608843537415	0.200680272109	0.030612244898
-uni	0.0374064837905	0.872817955112	0.0	0.0897755610972
-une	0.120932676492	0.280442429431	0.050954270966	0.547670623111
-boŋ	0.111760964721	0.485976879622	0.163700756962	0.238561398696
-zâc	0.622009569378	0.11961722488	0.0	0.258373205742
-unu	0.102909865153	0.804826117814	0.0425833924769	0.0496806245564
-doŋ	0.0345975299992	0.907155995445	0.0582464745555	0.0
-gae	0.555898084473	0.386925934709	0.0110663188681	0.0461096619503
-ade	0.0	1.0	0.0	0.0
-gac	0.108417257242	0.710058435907	0.041775456919	0.139748849932
-ika	0.275613308978	0.492705033642	0.0628916275521	0.168790029827
-ârâ	0.419266055046	0.186783797819	0.064350008655	0.32960013848
-gao	0.294972438604	0.447028710207	0.0552941057914	0.202704745397
-foŋ	0.270015429453	0.61426367221	0.0797188410767	0.0360020572604
-tri	0.0	1.0	0.0	0.0
-laŋ	0.107142857143	0.732142857143	0.160714285714	0.0
-144	0.0	0.0236686390533	0.0	0.976331360947
-noŋ	0.0251046025105	0.697549312612	0.229527794381	0.0478182904961
-aaŋ	0.200836820084	0.389121338912	0.292887029289	0.117154811715
-ɋâî	0.342857142857	0.412244897959	0.244897959184	0.0
-ieŋ	0.478329528473	0.202888124622	0.0586789679209	0.260103378984
-loŋ	0.0	1.0	0.0	0.0
-ino	0.0	1.0	0.0	0.0
-ina	0.10144153764	0.782167645489	0.0469834490123	0.069407367859
-sec	0.110250834499	0.579357054807	0.184628595964	0.12576351473
-ine	0.249915768123	0.074726538399	0.0538634946493	0.621494198829
-zaŋ	0.181454097351	0.0218730745533	0.16235366605	0.634319162046
-ohe	0.241818005244	0.267747887734	0.000971156647572	0.489462950374
-oha	0.341280972417	0.248714352501	0.0813464235624	0.328658251519
-bec	0.136710490025	0.780546106463	0.0441298152064	0.0386135883056
-šoŋ	0.185722396789	0.409791644361	0.109674053519	0.294811905331
-ecʒ	0.364991717283	0.543898398675	0.0165654334622	0.0745444505798
-erâ	0.225401291248	0.085606078498	0.0297576216072	0.659235008647
-roŋ	0.184590241659	0.565706866696	0.182205525195	0.0674973664504
-âne	0.243667260692	0.367617107943	0.280836303462	0.107879327902
-eda	0.0218181818182	0.396363636364	0.581818181818	0.0
-fuc	0.384045050929	0.318322241248	0.142196409342	0.15543629848
-iac	0.193986450166	0.254627055182	0.00936069250589	0.542025802147
-fua	0.355977838991	0.121570610492	0.0393672845667	0.48308426595
-fuo	0.210300429185	0.716738197425	0.00858369098712	0.0643776824034
-iao	0.207284948678	0.735307475702	0.00617676446543	0.0512308111545
-âni	0.0634517766497	0.272842639594	0.243654822335	0.420050761421
-aoc	0.335021282842	0.358652575958	0.214076031117	0.0922501100836
-neo	0.231719390882	0.373509028334	0.15833765499	0.236433925793
-kue	0.15873015873	0.555555555556	0.285714285714	0.0
-kuc	0.50213447575	0.279960106081	0.110010502376	0.107894915792
-saŋ	0.235366256309	0.567284562049	0.154332342814	0.0430168388284
-ofa	0.438452152693	0.250583928883	0.0749520655395	0.236011852885
-nec	0.159528231753	0.314337080255	0.079017338511	0.447117349481
-mte	0.0104766399245	0.921000471921	0.0622935346861	0.00622935346862
-hoc	0.265546218487	0.361344537815	0.201680672269	0.171428571429
-eke	0.489946358995	0.161764864602	0.322601534759	0.0256872416436
-hoe	0.131474103586	0.728419654714	0.0239043824701	0.11620185923
-eki	0.079280910234	0.0275075241778	0.0059654871711	0.887246078417
-eko	0.0129421915444	0.95340811044	0.0	0.0336496980155
-bac	0.207636323275	0.188688220464	0.101003694484	0.502671761777
-uuc	0.304715840387	0.671100362757	0.0	0.0241837968561
-mko	0.0143540669857	0.813397129187	0.114832535885	0.0574162679426
-joi	0.430463576159	0.158940397351	0.132450331126	0.278145695364
-eku	0.327758682604	0.21871099027	0.0879290001538	0.365601326972
-joc	0.548069334425	0.378270147029	0.0131536640262	0.0605068545205
-ase	0.195850992639	0.743475351327	0.0285523087218	0.032121347312
-asa	0.376651254954	0.478616248349	0.0767833553501	0.0679491413475
-aso	0.0195530726257	0.969273743017	0.0	0.0111731843575
-asi	0.105726872247	0.878414096916	0.00528634361233	0.0105726872247
-zoc	0.443157132513	0.404779145547	0.0173787110789	0.134685010862
-mba	0.0552121151155	0.0643341167433	0.787073277794	0.0933804903476
-asu	0.236432213452	0.325487183069	0.132010896137	0.306069707341
-cke	0.477355338084	0.322624202953	0.0735840692877	0.126436389675
-mbe	0.144342335374	0.721467848255	0.0829858074931	0.0512040088787
-uâc	0.278260869565	0.6	0.121739130435	0.0
-urâ	0.283823946377	0.119697973833	0.0427551925783	0.553722887212
-cko	0.218895115367	0.339907098764	0.0578554988768	0.383342286992
-ŋaŋ	0.1559561692	0.558489175049	0.0257905603778	0.259764095373
-jâi	0.57492795389	0.187319884726	0.194524495677	0.0432276657061
-jâc	0.055704338511	0.885377611141	0.0278521692555	0.0310658810927
-430	0.0377358490566	0.0	0.0	0.962264150943
-rau	0.558351838145	0.182580804343	0.229459659511	0.0296076980015
-rao	0.0883617136843	0.160001531574	0.0110331771419	0.7406035776
-iwa	0.0360003235984	0.862470673894	0.0699781571071	0.0315508454008
-iwe	0.0	1.0	0.0	0.0
-era	0.0955165692008	0.865009746589	0.0277777777778	0.0116959064328
-rae	0.025551804726	0.923136847572	0.00675149311867	0.0445598545832
-ere	0.111717631644	0.224409757039	0.0395492935788	0.624323317738
-edâ	0.554455445545	0.178217821782	0.0	0.267326732673
-ânâ	0.269004164574	0.467904035133	0.0276695284253	0.235422271868
-oze	0.18387553041	0.695898161245	0.0332390381895	0.0869872701556
-âuc	0.576679780915	0.098511147111	0.0435855897555	0.281223482219
-âua	0.645714285714	0.354285714286	0.0	0.0
-ozo	0.419324231722	0.236070844974	0.0471772705709	0.297427652733
-ŋoŋ	0.295765472313	0.0918566775244	0.57328990228	0.0390879478827
-uge	0.172910545217	0.621816846229	0.0346882141691	0.170584394385
-azo	0.524022370144	0.236626354012	0.0809202900909	0.158430985753
-poo	0.38321536906	0.408493427705	0.119312436805	0.0889787664307
-uzi	0.107277777601	0.735590504224	0.00879210768853	0.148339610487
-aza	0.351462883109	0.175321865195	0.0187014111065	0.45451384059
-ike	0.15524678351	0.686531644314	0.0503235082674	0.107898063908
-foc	0.590184994861	0.305755395683	0.00770811921891	0.0963514902364
-uju	0.213052720309	0.43446458131	0.0143543884725	0.338128309908
-500	0.00933125972006	0.0606531881804	0.0186625194401	0.911353032659
-iko	0.0229519774011	0.968220338983	0.00353107344632	0.00529661016949
-lao	0.0	1.0	0.0	0.0
-gaŋ	0.232577433628	0.543418141593	0.135508849557	0.0884955752212
-iki	0.0386777820861	0.873982163629	0.0538968592478	0.0334431950369
-uja	0.0231702330653	0.918222706828	0.0163554586343	0.042251601472
-ʒoc	0.197674418605	0.401162790698	0.238372093023	0.162790697674
-noa	0.0	1.0	0.0	0.0
-noc	0.0530611067855	0.821207140179	0.0418144591516	0.0839172938836
-boe	0.201011222099	0.478973979529	0.295967443581	0.024047354791
-boc	0.142228643293	0.0404048755652	0.0542212977428	0.763145183399
-gec	0.108054311509	0.55516456956	0.302303262956	0.034477855975
-aha	0.0652276214342	0.146405830231	0.146949725424	0.641416822912
-ahe	0.196971574434	0.0794775841987	0.0278555673961	0.695695273971
-eaŋ	0.258904531118	0.416262789445	0.0971228556043	0.227709823833
-doc	0.46655485483	0.204598547017	0.0845577014682	0.244288896685
-dom	0.0146699266504	0.98533007335	0.0	0.0
-sau	0.0210433049064	0.583010300144	0.327832539594	0.068113855355
-too	0.283950617284	0.534567901235	0.0407407407407	0.140740740741
-fuŋ	0.0300606570353	0.87606893125	0.0100849519927	0.0837854597225
-iaŋ	0.128384719655	0.432554876381	0.19965611431	0.239404289653
-mpa	0.0	1.0	0.0	0.0
-sac	0.312991794403	0.424958490748	0.0495704694756	0.212479245374
-oli	0.0380434782609	0.961956521739	0.0	0.0
-neŋ	0.326870674835	0.210056555256	0.0497542032773	0.413318566632
-olo	0.0507614213198	0.869984067583	0.0235651561747	0.0556893549224
-aoŋ	0.664439495175	0.265033407572	0.0593912397921	0.011135857461
-ibe	0.204081632653	0.795918367347	0.0	0.0
-sai	0.0377358490565	0.849056603774	0.11320754717	0.0
-šic	0.247875354108	0.621104815864	0.109773371105	0.0212464589235
-sao	0.157894736842	0.118421052632	0.210526315789	0.513157894737
-ole	0.300751879699	0.654135338346	0.0	0.0451127819549
-seŋ	0.049791830764	0.152582423765	0.0259930235175	0.771632721953
-ieo	0.100634249471	0.677707305614	0.0328870096312	0.188771435283
-iec	0.332764192939	0.524544179523	0.0823220928106	0.0603695347277
-loe	0.119266055046	0.825688073395	0.0275229357798	0.0275229357798
-iee	0.272	0.584	0.048	0.096
-jaŋ	0.27027027027	0.654654654655	0.066066066066	0.00900900900901
-šoc	0.0569526776863	0.757015396443	0.0172982378052	0.168733688065
-roa	0.0	1.0	0.0	0.0
-roc	0.211724757815	0.350144811745	0.167682013383	0.270448417058
-eoŋ	0.0081855388813	0.967257844475	0.0163710777626	0.0081855388813
-ɋuŋ	0.094701416608	0.905298583392	0.0	0.0
-cge	0.251314752549	0.442031723466	0.0872748229351	0.21937870105
-e-e	0.020618556701	0.979381443299	0.0	0.0
-ipi	0.0	0.983413959917	0.0	0.0165860400829
-ipo	0.0267352610944	0.952226251173	0.0140118537061	0.00702663402602
-pia	0.14354270183	0.561939949887	0.0174969210515	0.277020427231
-ipa	0.0100438276114	0.989956172389	0.0	0.0
-ham	0.0287224669604	0.957004405286	0.00105726872247	0.0132158590308
-cgu	0.575843928102	0.0887768522578	0.217010083297	0.118369136344
-imi	0.124232404346	0.516296646197	0.256495040151	0.102975909306
-šeo	0.702702702703	0.243243243243	0.0	0.0540540540541
-ewa	0.075	0.925	0.0	0.0
-sâi	0.156709108717	0.843290891283	0.0	0.0
-ɋâŋ	0.234263710266	0.517957365414	0.140437419777	0.107341504543
-ewi	0.0379146919431	0.962085308057	0.0	0.0
-ipu	0.673469387755	0.285714285714	0.0408163265306	0.0
-baŋ	0.116468986973	0.798269492514	0.0268325879837	0.0584289325296
-uuŋ	0.155130622138	0.534338809588	0.270131968758	0.0403985995152
-efu	0.451907131012	0.232172470978	0.0605306799337	0.255389718076
-hoŋ	0.287280701754	0.401315789474	0.287280701754	0.0241228070176
-awa	0.0481019458232	0.116810509826	0.0349019368162	0.800185607535
-awe	0.255349913245	0.344418739156	0.219009061114	0.181222286486
-joŋ	0.375	0.207446808511	0.265957446808	0.151595744681
-âuŋ	0.909090909091	0.0725744843392	0.0	0.0183346065699
-âki	0.404971932638	0.390537289495	0.0	0.204490777867
-276	0.0	0.341463414634	0.0	0.658536585366
-goŋ	0.131791907514	0.843930635838	0.0173410404624	0.00693641618499
-poŋ	0.160500807754	0.681987075929	0.0250403877221	0.132471728595
-sto	0.00425407070559	0.990485969949	0.00031434019992	0.00494561914542
-`oi	0.490066225166	0.456953642384	0.0264900662252	0.0264900662251
-loë	0.0093399750934	0.760273972603	0.146326276463	0.0840597758406
-idi	0.00942655145326	0.936763550668	0.0113904163394	0.0424194815397
-raŋ	0.271867952593	0.467747868784	0.148905202885	0.111478975737
-200	0.0507399577167	0.410147991543	0.0591966173362	0.479915433404
-âqe	0.0142743854085	0.590800951626	0.394924662966	0.0
-mue	0.0	1.0	0.0	0.0
-nâŋ	0.146248996873	0.633588842461	0.117400448294	0.102761712372
-lem	0.00634848008236	0.972404129372	0.0010294832566	0.0202179072893
-muc	0.474633298049	0.0957016482686	0.0746257371843	0.355039316498
-ioc	0.351679642445	0.44413206459	0.080738177624	0.12345011534
-muo	0.405472684449	0.362407368401	0.103441012581	0.128678934569
-šai	0.357326478149	0.432733504713	0.15852613539	0.0514138817482
-šae	0.342321219226	0.552168815944	0.0984759671747	0.00703399765532
-pâŋ	0.259026687598	0.623233908948	0.0706436420722	0.0470957613815
-obe	0.0336134453781	0.705882352941	0.260504201681	0.0
-âiŋ	0.365322580645	0.359139784946	0.0631720430107	0.212365591398
-ifa	0.00331125827815	0.990066225166	0.0	0.0066225165563
-âtâ	0.48644338118	0.411483253589	0.0685805422647	0.0334928229665
-âme	0.337270671023	0.413420457401	0.118120130686	0.13118874089
-ifi	0.514285714286	0.450510204082	0.0030612244898	0.0321428571428
-ndu	0.080971659919	0.77421364061	0.0607287449393	0.0840859545313
-âmo	0.282479414456	0.296703453797	0.257891125343	0.162926006404
-eec	0.0542756735651	0.0288949629051	0.135884420148	0.780944943381
-gio	0.0279069767442	0.553488372093	0.418604651163	0.0
-ruŋ	0.197484435844	0.579902837275	0.12054400186	0.102068725021
-uda	0.0642201834862	0.879285369387	0.0231772090777	0.0333172380493
-ifu	0.127191246361	0.0415662332048	0.0181486153402	0.813093905094
-ndo	0.0758620689655	0.88275862069	0.0413793103449	0.0
-ali	0.175824175824	0.802197802198	0.021978021978	0.0
-nda	0.004329004329	0.896103896104	0.008658008658	0.090909090909
-gie	0.175827274883	0.185723509886	0.00767399352522	0.630775221706
-nde	0.0	1.0	0.0	0.0
-aŋe	0.048418450088	0.017075523593	0.000575897217497	0.933930129102
-gia	0.0	0.958429561201	0.041570438799	0.0
-ala	0.0	0.989898989899	0.0	0.010101010101
-qoc	0.394208998162	0.300258384167	0.113342745265	0.192189872406
-paŋ	0.310030181793	0.467466835123	0.0370253386678	0.185477644416
-120	0.0512820512821	0.102564102564	0.0	0.846153846154
-ŋeŋ	0.220118343195	0.38224852071	0.336094674556	0.0615384615385
-šâc	0.421718502899	0.562467053242	0.0158144438587	0.0
-duŋ	0.593873517787	0.254517221908	0.0796160361378	0.0719932241671
-waŋ	0.560534524914	0.305412697075	0.0564876485962	0.0775651294157
-bim	0.225835591689	0.654923215899	0.0	0.119241192412
-acʒ	0.433781190019	0.22792706334	0.0431861804223	0.295105566219
-pec	0.383519521653	0.353653612764	0.119308527958	0.143518337625
-âfu	0.0380952380953	0.961904761905	0.0	0.0
-peo	0.137508567512	0.332505140507	0.0137080191912	0.51627827279
-nše	0.0333333333333	0.966666666667	0.0	0.0
-âfo	0.212800652263	0.526294333469	0.0627802690583	0.19812474521
-ɋac	0.207747052752	0.314717227142	0.219843899966	0.257691820141
-153	0.0294117647059	0.176470588235	0.0882352941176	0.705882352941
-eli	0.0	1.0	0.0	0.0
-elo	0.0213958534233	0.958986258438	0.00271215043394	0.0169057377049
-ogo	0.00569800569802	0.994301994302	0.0	0.0
-orâ	0.419418473726	0.0950990914115	0.0676371675366	0.417845267326
-oge	0.212201591512	0.553908566079	0.115462630676	0.118427211734
-ele	0.0384615384615	0.961538461538	0.0	0.0
-itu	0.526793823796	0.371026339691	0.0476839237057	0.0544959128065
-esu	0.0168585220943	0.848397078846	0.00126253249165	0.133481866568
-diŋ	0.301158301158	0.577106518283	0.0345219168749	0.0872132636839
-ito	0.0222104706505	0.925436277102	0.0111052353252	0.0412480169223
-esi	0.0247861373108	0.928273744242	0.0182057468743	0.0287343715727
-eso	0.00830737279336	0.973347178955	0.00311526479751	0.0152301834545
-iti	0.112035386435	0.147778351632	0.0111873781717	0.728998883761
-wâŋ	0.0467012601927	0.748702742772	0.142327650111	0.0622683469236
-ite	0.141176470588	0.858823529412	0.0	0.0
-feŋ	0.526123936817	0.307411907655	0.0315917375456	0.134872417983
-ita	0.00274630964641	0.876416065911	0.0645382766907	0.0562993477515
-âmâ	0.176229508197	0.811475409836	0.0122950819672	0.0
-fac	0.27156632786	0.550690643732	0.123012770393	0.0547302580141
-ezu	0.517478489398	0.182273103647	0.0151204233719	0.285127983583
-c(c	0.309661436829	0.530553261767	0.0	0.159785301404
-fao	0.317295188557	0.160952831304	0.109094849667	0.412657130472
-spo	0.0	1.0	0.0	0.0
-âte	0.236487487043	0.325040722642	0.0719680142159	0.366503776099
-ŋlo	0.528169014084	0.401408450704	0.0	0.0704225352113
-ezi	0.227858646873	0.384337727643	0.103006378644	0.284797246839
-âto	0.0402684563758	0.910170366546	0.0185854414042	0.0309757356737
-ezo	0.470066328252	0.263905901523	0.0803609886357	0.185666781589
-wio	0.170923379175	0.799607072692	0.0294695481336	0.0
-huo	0.0736263736264	0.882417582418	0.0	0.043956043956
-ŋko	0.150826471683	0.479975120347	0.0400319881257	0.329166419845
-ŋke	0.423708746485	0.385243585776	0.0729210112072	0.118126656531
-šeŋ	0.778571428571	0.221428571429	0.0	0.0
-uoc	0.244055410122	0.352366928447	0.373036649215	0.0305410122165
-uoa	0.0992501102779	0.0405822673136	0.0	0.860167622408
-huc	0.258239759973	0.139381076518	0.0419105289711	0.560468634538
-abe	0.103211009174	0.869266055046	0.00688073394495	0.0206422018348
-aba	0.0261293998091	0.939996304622	0.0218643180488	0.0120099775198
-woc	0.131386861314	0.101703163017	0.113868613139	0.65304136253
-abo	0.0	1.0	0.0	0.0
-abi	0.234079173838	0.404475043029	0.0	0.361445783133
-aiŋ	0.0916594607342	0.834211146922	0.0384403741844	0.035689018159
-tiŋ	0.313880289552	0.379881003073	0.111631546845	0.194607160531
-mzi	0.00796178343948	0.984076433121	0.00398089171975	0.00398089171974
-aec	0.787234042553	0.063829787234	0.063829787234	0.0851063829787
-tuc	0.379334506583	0.354044453135	0.148644244557	0.117976795724
-koa	0.359319972637	0.232258227976	0.113506802807	0.29491499658
-koo	0.0481773609038	0.182263909614	0.52654018333	0.243018546152
-ada	0.445901639344	0.0786885245902	0.0590163934426	0.416393442623
-aeo	0.107533555062	0.0594813977436	0.000859175745185	0.83212587145
-soo	0.548387096774	0.387096774194	0.0322580645161	0.0322580645161
-ori	0.197041689047	0.555716233525	0.0388381605586	0.20840391687
-oro	0.0392822366349	0.921726506261	0.0111299670466	0.0278612900577
-`ki	0.553311083787	0.397505708765	0.0491832074477	0.0
-âoc	0.242803364861	0.305804471046	0.0120051107471	0.439387053345
-ora	0.149247838275	0.269554230663	0.280728076756	0.300469854306
-ion	0.041095890411	0.287671232877	0.0821917808219	0.58904109589
-âfâ	0.711582381729	0.188580750408	0.0959216965742	0.00391517128874
-soc	0.104552872362	0.822835872894	0.0413480756184	0.0312631791261
-ore	0.0874744623954	0.440558853766	0.0297109346392	0.442255749199
-miŋ	0.150793650794	0.772486772487	0.015873015873	0.0608465608465
-jec	0.447285441994	0.229769980288	0.0544954319961	0.268449145722
-eeŋ	0.192513368984	0.614973262032	0.128342245989	0.0641711229947
-cši	0.106786200636	0.104176123468	0.0160009078529	0.773036768044
-jei	0.0252610858986	0.648832631636	0.213570998961	0.112335283504
-pâc	0.120906968805	0.652683907105	0.194489240223	0.0319198838672
-omu	0.469879518072	0.340361445783	0.10843373494	0.0813253012048
-lim	0.0	1.0	0.0	0.0
-lio	0.00445765230312	0.991084695394	0.00445765230312	0.0
-omo	0.0	1.0	0.0	0.0
-ruo	0.140316675384	0.625980695164	0.148590176406	0.0851124530455
-cšu	0.608284883721	0.384932170543	0.00678294573642	0.0
-ruc	0.15748704618	0.600664701059	0.0920288211588	0.149819431602
-oma	0.199677860493	0.506696958433	0.0368804575261	0.256744723547
-adi	0.0516266491846	0.887896418913	0.0162255183152	0.0442514135868
-lia	0.00202702702703	0.944256756757	0.0476351351351	0.00608108108109
-ome	0.439892130707	0.230887062003	0.0620470115927	0.267173795698
-rue	0.450581395349	0.34011627907	0.0697674418605	0.139534883721
-ioŋ	0.0484857256576	0.899952961609	0.0227955277346	0.0287657849984
-kâʒ	0.509090909091	0.490909090909	0.0	0.0
-nâc	0.689724147556	0.124668558403	0.0167465227706	0.16886077127
-muŋ	0.418676312969	0.111289746338	0.210342979636	0.259690961058
-eac	0.219178082192	0.72602739726	0.027397260274	0.027397260274
-ode	0.0233415233415	0.954545454545	0.0110565110565	0.0110565110565
-šaŋ	0.330011806375	0.344604486423	0.143565525384	0.181818181818
-eai	0.0	1.0	0.0	0.0
-izo	0.70897155361	0.2647702407	0.0262582056893	0.0
-eam	0.0	1.0	0.0	0.0
-izi	0.171321223781	0.115977271975	0.04931005884	0.663391445403
-pâo	0.135584677419	0.74747983871	0.00907258064516	0.107862903226
-odo	0.0	0.733524355301	0.266475644699	0.0
-uri	0.155924265357	0.30476625639	0.393951509267	0.145357968986
-uhu	0.18455158113	0.707620528771	0.0549507516848	0.0528771384137
-uŋe	0.51766004415	0.471302428256	0.0110375275938	0.0
-reŋ	0.181928736682	0.489394453778	0.0325506176509	0.296126191889
-uši	0.102671555788	0.732844421163	0.0125720272394	0.151911995809
-âbi	0.299384299641	0.281169830682	0.203950743971	0.215495125705
-ehe	0.434666666667	0.393333333333	0.02	0.152
-ure	0.0421376355769	0.77219473191	0.0173498103852	0.168317822128
-nuc	0.361054448454	0.505256551075	0.0103561901773	0.123332810293
-eha	0.343514490873	0.231548850577	0.126109273256	0.298827385294
-zec	0.0764890849137	0.595696575905	0.0624713035493	0.265343035632
-ušu	0.502495840266	0.219633943428	0.252911813644	0.0249584026622
-iic	0.0	0.958333333333	0.0416666666667	0.0
-âbu	0.590517241379	0.168103448276	0.206896551724	0.0344827586207
-ipe	0.142929029707	0.76721240767	0.0505005121938	0.0393580504286
-zeo	0.22972972973	0.586486486487	0.151351351351	0.0324324324324
-rde	0.0077841203944	0.992215879606	0.0	0.0
-apa	0.0777046681289	0.403664815593	0.109664473377	0.408966042901
-ŋec	0.169771560471	0.424820279548	0.0440373907669	0.361370769214
-pao	0.548058882956	0.399408284024	0.0404098715543	0.0121229614663
-ŋeo	0.211934518571	0.71536701285	0.00299243091006	0.0697060376694
-pac	0.45761940476	0.16286103501	0.0467891983501	0.33273036188
-apo	0.493453084874	0.190805001509	0.051638677084	0.264103236533
-išu	0.529945553539	0.239564428312	0.0943738656987	0.13611615245
-duc	0.518409425626	0.19587628866	0.0427098674521	0.243004418262
-wac	0.471587744974	0.226848077412	0.0581610332215	0.243403144393
-due	0.521276595745	0.255319148936	0.031914893617	0.191489361702
-wao	0.0548523206751	0.881856540084	0.0278481012658	0.0354430379747
-peî	0.0200668896321	0.979933110368	0.0	0.0
-šâŋ	0.326100439101	0.368555102581	0.157158332575	0.148186125743
-kec	0.580086003501	0.295950985615	0.0467120785448	0.0772509323389
-kea	0.0	1.0	0.0	0.0
-czi	0.196808315977	0.372347300356	0.0688510251199	0.361993358548
-keo	0.43108083886	0.471007348987	0.0120989424628	0.0858128696899
-faŋ	0.558060192519	0.271049104423	0.0767637382722	0.0941269647862
-kem	0.075	0.85	0.075	0.0
-e(c	0.464672183323	0.411203055379	0.0381922342457	0.0859325270528
-suo	0.323394495413	0.325688073394	0.0275229357798	0.323394495413
-ioa	0.2	0.095652173913	0.478260869565	0.226086956522
-omâ	0.254578155657	0.493296272073	0.215827338129	0.03629823414
-sue	0.0834202294056	0.822732012513	0.0625651720543	0.0312825860271
-suc	0.280563501916	0.495978841691	0.147352512549	0.0761051438443
-tâo	0.26443768997	0.325227963526	0.392097264438	0.0182370820669
-sua	0.1125	0.625	0.065625	0.196875
-`nu	0.877010406812	0.122989593188	0.0	0.0
-dia	0.0618336886994	0.90618336887	0.00639658848615	0.0255863539446
-dic	0.515151515151	0.380952380952	0.0	0.103896103896
-dio	0.074074074074	0.888888888889	0.0185185185185	0.0185185185185
-sâc	0.0930201402875	0.0998670516781	0.0441933036566	0.762919504378
-wâc	0.0758206316152	0.0422175536306	0.0265380681888	0.855423746565
-fec	0.262394771301	0.385645680545	0.114830994738	0.237128553416
-âpo	0.593737394111	0.212636143606	0.0569786204114	0.136647841872
-feo	0.0251743850632	0.896155661614	0.0283211831961	0.0503487701264
-`no	0.142835573003	0.0487694398309	0.00181186773366	0.806583119432
-âpe	0.420141691328	0.156039817057	0.138418079096	0.285400412519
-âbâ	0.177244945933	0.19417019276	0.0818053596615	0.546779501646
-ske	0.30462184874	0.69537815126	0.0	0.0
-uku	0.110536915017	0.0667121689987	0.0210010763052	0.801749839679
-ihe	0.829545454545	0.125	0.0227272727273	0.0227272727273
-aeŋ	0.138123093139	0.738692978032	0.119837886496	0.00334604233236
-tuŋ	0.100434885547	0.31776551071	0.470149904674	0.111649699069
-sko	0.0	0.994657168299	0.0	0.0053428317008
-âŋe	0.0949755982372	0.206444984772	0.0050776557702	0.693501761221
-uka	0.0215053763441	0.978494623656	0.0	0.0
-soŋ	0.32083945073	0.404179981	0.197829403806	0.0771511644644
-afo	0.0	1.0	0.0	0.0
-ŋwe	0.673076923077	0.115384615385	0.173076923077	0.0384615384615
-afa	0.169963732278	0.366139136169	0.222716782064	0.241180349489
-afe	0.0494482539395	0.893651514463	0.00691385495663	0.0499863766404
-apâ	0.174	0.826	0.0	0.0
-efe	0.184580868856	0.634305527228	0.11360391597	0.0675096879462
-šec	0.49375	0.20625	0.15	0.15
-efa	0.0	1.0	0.0	0.0
-iwâ	0.344628984731	0.464505759443	0.0652960085721	0.125569247254
-boo	0.346966911765	0.5703125	0.0	0.0827205882353
-ede	0.0688679245283	0.911981132075	0.00990566037735	0.00924528301887
-qac	0.165121412804	0.140397350993	0.116703458425	0.577777777778
-huŋ	0.111971411555	0.40626034015	0.473429951691	0.00833829660512
-tie	0.379943502825	0.41384180791	0.161016949153	0.045197740113
-aia	0.00460810362006	0.983186648954	0.00547990700764	0.00672534041847
-tia	0.0226479192224	0.947154855148	0.0301972256299	0.0
-aic	0.225306495087	0.326275976002	0.149095730806	0.299321798104
-tic	0.248162277845	0.372196892156	0.261933562855	0.117707267144
-aim	0.0	1.0	0.0	0.0
-aio	0.0855913656094	0.445863937138	0.0161702496994	0.452374447553
-tio	0.153078525408	0.32404447028	0.173303298939	0.349573705372
-eme	0.171864847868	0.0854402875386	0.02979744982	0.712897414774
-ema	0.00827586206896	0.991724137931	0.0	0.0
-emo	0.221782115803	0.0921947068156	0.077012786434	0.609010390948
-260	0.0	0.149466192171	0.0427046263345	0.807829181495
-emu	0.404305400125	0.240393104712	0.0447649370516	0.310536558112
-jac	0.553191489362	0.13829787234	0.0	0.308510638298
-eiŋ	0.756323777403	0.243676222597	0.0	0.0
-zac	0.233729092642	0.139349163706	0.0586402634544	0.568281480198
-eŋe	0.12951728758	0.370921348554	0.00404076923486	0.495520594631
-ana	0.324308088317	0.182852569245	0.0175406697541	0.475298672685
-guŋ	0.390755230481	0.262459601973	0.151811532574	0.194973634972
-âec	0.406738868833	0.365423184918	0.0665864420377	0.161251504212
-kta	0.202687569989	0.622620380739	0.053751399776	0.120940649496
-ɋaŋ	0.201942634179	0.693723797269	0.0617450500187	0.0425885185339
-000	0.212389380531	0.575221238938	0.0	0.212389380531
-ooc	0.799730685959	0.130960553414	0.0194064529756	0.0499023076517
-eta	0.0394944707741	0.855186940495	0.00473933649289	0.100579252238
-ete	0.0259000395622	0.950257154161	0.0037979691415	0.0200448371357
-ŋao	0.237854251012	0.435222672065	0.0698380566801	0.257085020243
-ac­	0.504145936982	0.0746268656716	0.247097844113	0.174129353234
-390	0.031746031746	0.291005291005	0.0952380952382	0.582010582011
-eto	0.0215827338129	0.924460431655	0.0323741007194	0.0215827338129
-gâc	0.249148136822	0.596424358918	0.0569546983531	0.0974728059062
-iŋe	0.247629797313	0.085786336639	0.0112200433445	0.655363822703
-wiŋ	0.117115065552	0.526041836104	0.155828101109	0.201014997235
-âwi	0.492146596858	0.261780104712	0.246073298429	0.0
-irâ	0.433676341122	0.0563040309429	0.00880370621599	0.501215921719
-bâŋ	0.15012449072	0.346904708013	0.108888960745	0.394081840523
-buc	0.200677796208	0.099509552392	0.120583286596	0.579229364805
-piŋ	0.230748140378	0.564049685295	0.0603423612435	0.144859813084
-300	0.052805280528	0.320132013201	0.039603960396	0.587458745875
-ŋac	0.314125231006	0.336563786906	0.105280772981	0.244030209106
-ate	0.293372319688	0.675438596491	0.00584795321639	0.0253411306043
-ata	0.150271484113	0.41934910846	0.0141171738839	0.416262233543
-wec	0.493432591104	0.143830004117	0.0353685633079	0.327368841471
-ato	0.00389357560026	0.984425697599	0.0116807268008	0.0
-ano	0.0106867207599	0.969127251138	0.00474965367108	0.015436374431
-666	0.0	0.0	0.0	1.0
-ati	0.185530300509	0.207394588838	0.0629638257513	0.544111284901
-ose	0.172346416873	0.710878685133	0.0141371185564	0.102637779438
-osa	0.225170108631	0.490867852453	0.0644622179778	0.219499820938
-ulo	0.0494301936939	0.878709781339	0.000724841944186	0.0711351830226
-kac	0.45918995719	0.21567415606	0.0525485544037	0.272587332347
-c-	0.585858585859	0.20202020202	0.0	0.212121212121
-ula	0.207547169811	0.59748427673	0.157232704403	0.0377358490566
-kae	0.0	1.0	0.0	0.0
-râc	0.253382560075	0.145386060011	0.175263562252	0.425967817662
-nic	0.468998365169	0.234998124544	0.0834754669177	0.212528043369
-nia	0.0115838398284	0.967179120486	0.0152306042188	0.00600643546657
-râe	0.359929652427	0.198546767251	0.121951219512	0.319572360809
-lie	0.0	1.0	0.0	0.0
-nio	0.0416666666667	0.958333333333	0.0	0.0
-ulu	0.230263157895	0.769736842105	0.0	0.0
-rua	0.328620557891	0.371417653802	0.27703477264	0.0229270156668
-aoa	0.5065815716	0.305943358596	0.107698444356	0.0797766254488
-ica	0.0567375886525	0.858156028369	0.0567375886525	0.0283687943262
-fic	0.167259871455	0.609674261194	0.0244628404259	0.198603026925
-fia	0.376699029126	0.603883495146	0.0	0.0194174757281
-qaŋ	0.00719424460432	0.0179856115108	0.967625899281	0.00719424460432
-fie	0.664444444445	0.0955555555554	0.0755555555556	0.164444444444
-qau	0.624505928854	0.122529644269	0.0474308300395	0.205533596838
-âŋâ	0.0	0.964071856287	0.0	0.0359281437126
-iuc	0.402065597572	0.478651092193	0.0727578697288	0.0465254405068
-etâ	0.0998546813369	0.648259636011	0.0539755034254	0.197910179226
-fra	0.078431372549	0.843137254902	0.078431372549	0.0
-ila	0.0067681895093	0.983079526227	0.00507614213198	0.00507614213198
-ilo	0.0	0.991701244813	0.0	0.00829875518672
-oam	0.0316147859922	0.914883268483	0.00972762645916	0.0437743190661
-ige	0.209170820604	0.678270890282	0.0422093584178	0.0703489306963
-ebo	0.0275862068965	0.906206896552	0.0	0.0662068965517
-eba	0.311688311688	0.402597402597	0.181818181818	0.103896103896
