-cab	0.699248120301	0.300751879699	0.0	0.0
-ɨmi	0.0364346128822	0.942094990241	0.0156148340924	0.00585556278465
-eus	0.0	1.0	0.0	0.0
-hel	0.115	0.745	0.12	0.02
-hem	0.0315486219181	0.930960863246	0.0106105230667	0.0268799917688
-ank	0.187696193397	0.149630164171	0.0379577845932	0.624715857839
-lel	0.358376818327	0.21954805187	0.0933807758589	0.328694353944
-jip	0.00995439498113	0.911290135889	0.0775516818298	0.00120378730004
-lem	0.0585131670704	0.91223592404	0.00945774343285	0.0197931654563
-aup	0.686274509804	0.0980392156863	0.0196078431372	0.196078431373
-gaɫ	0.0540540540541	0.945945945946	0.0	0.0
-aua	0.111433756806	0.809800362976	0.0421052631579	0.0366606170599
-kɨñ	0.312	0.56	0.096	0.032
-aub	0.107692307692	0.744615384615	0.135384615385	0.0123076923077
-aue	0.28895184136	0.0509915014164	0.014164305949	0.645892351275
-aud	0.44	0.471111111111	0.0	0.0888888888888
-aul	0.170810972269	0.0715322163458	0.0198164600434	0.737840351342
-aun	0.0739233254209	0.812991542165	0.0346143853962	0.0784707470181
-nti	0.279611650485	0.0699029126213	0.0466019417476	0.603883495146
-naŋ	0.251405719349	0.570674866675	0.0355865020759	0.142332911899
-kiŋ	0.0302385564414	0.94151881083	0.0208958019596	0.00734683076868
-uak	0.459552495697	0.437865748709	0.0550774526678	0.047504302926
-ual	0.123929686583	0.737601246047	0.0705654224715	0.0679036448983
-uan	0.15083585997	0.491004090062	0.336664899835	0.0214951501336
-pak	0.484776081721	0.160969045471	0.00998705599611	0.344267816812
-buk	0.0756732396784	0.91553890023	0.00292928669723	0.00585857339445
-pra	0.32602478551	0.511916110582	0.141086749285	0.0209723546234
-pöl	0.0	0.96883984049	0.0311601595103	0.0
-gɨp	0.563856118277	0.192884281524	0.0691275466421	0.174132053557
-gɨr	0.428731762065	0.273849607183	0.222222222222	0.0751964085298
-gɨs	0.558546433378	0.244952893674	0.0484522207268	0.148048452221
-gɨl	0.134192323659	0.151858159537	0.0197393654784	0.694210151326
-gɨm	0.316479977782	0.446963715989	0.0213299952778	0.215226310951
-gɨn	0.275123113935	0.426097379479	0.0557248940502	0.243054612535
-opi	0.00621118012424	0.95652173913	0.0372670807453	0.0
-ope	0.564102564103	0.153846153846	0.102564102564	0.179487179487
-opa	0.0322652015192	0.947638187249	0.00780510589132	0.0122915053407
-ɫak	0.603773584906	0.264150943396	0.132075471698	0.0
-deb	0.830694734958	0.043187364775	0.0150941534474	0.111023746819
-api	0.0126121237647	0.965044020358	0.00340580557357	0.0189380503039
-dei	0.438679245283	0.177672955975	0.312893081761	0.0707547169811
-dek	0.681693825413	0.0942067531561	0.0313530998508	0.192746321581
-del	0.327721861708	0.283198062594	0.0442415730337	0.344838502664
-dem	0.403740809093	0.277602015408	0.0466502621789	0.27200691332
-den	0.353572770709	0.229693455736	0.0520749449723	0.364658828582
-kin	0.623145400594	0.240356083086	0.0445103857567	0.0919881305638
-dep	0.141482891135	0.73678670665	0.0688086109227	0.0529217912931
-beŋ	0.0553211439287	0.93155180497	0.00187529301453	0.0112517580872
-der	0.287652638435	0.495065762467	0.0856034110004	0.131678188098
-aka	0.17498424902	0.048480212239	0.00994304933535	0.766592489406
-yaŋ	0.114311890778	0.147722090208	0.0914993483386	0.646466670675
-auñ	0.438661710037	0.24907063197	0.17843866171	0.133828996283
-ido	0.136690647482	0.841726618705	0.0215827338129	0.0
-jɨk	0.386384335155	0.433743169399	0.14116575592	0.0387067395264
-jɨj	0.266277939747	0.51797862002	0.128279883382	0.0874635568512
-bir	0.498620588058	0.293602140097	0.107035000904	0.100742270941
-jɨl	0.258817898011	0.4878858308	0.0910837981248	0.162212473064
-jɨn	0.351079694983	0.293530269643	0.224203569925	0.131186465449
-plö	0.486186719994	0.134966485205	0.01894233974	0.359904455061
-kɨj	0.158500623795	0.681581036634	0.14800952705	0.0119088125213
-ide	0.476923076923	0.384615384615	0.0461538461538	0.0923076923076
-kɨl	0.436946452914	0.225692765375	0.0654640298133	0.271896751898
-kɨm	0.0859049572705	0.158229974625	0.124380853179	0.631484214925
-kɨn	0.363300711928	0.507036449554	0.038298744704	0.0913640938138
-ida	0.019155441699	0.976679613255	0.0	0.00416494504586
-kɨp	0.441521041953	0.342595402285	0.10440156523	0.111481990532
-kpi	0.402108433735	0.284638554217	0.0978915662651	0.215361445783
-kɨr	0.429719893823	0.396697725859	0.0667914811222	0.106790899195
-kɨs	0.160249640616	0.671893692367	0.0141369517198	0.153719715298
-bia	0.055152394775	0.918722786647	0.0174165457184	0.00870827285921
-bin	0.160489125228	0.335616363626	0.0122106436858	0.49168386746
-jɨp	0.0829165569887	0.549881547776	0.0157936299026	0.351408265333
-jɨr	0.43679245283	0.388679245283	0.12358490566	0.0509433962264
-bɨd	0.0487729975711	0.913453753594	0.0299840866579	0.00778916217649
-tep	0.166952057759	0.157951666192	0.269814479156	0.405281796893
-100	0.135753730927	0.360302355038	0.05874123703	0.445202677005
-uta	0.0	0.96875	0.0	0.03125
-eki	0.14885657117	0.662811977391	0.150697578654	0.0376338727854
-ria	0.0350472619792	0.843549458942	0.025093978437	0.0963093006417
-rim	0.0	1.0	0.0	0.0
-ñon	0.487627770469	0.235755490335	0.0541696184597	0.222447120737
-ɨlɨ	0.495688331137	0.250702112718	0.14337393574	0.110235620404
-ñor	0.368421052632	0.463157894737	0.0	0.168421052632
-maŋ	0.310822740113	0.177683615819	0.0501412429379	0.46135240113
-ris	0.0795631825272	0.878315132605	0.0234009360374	0.01872074883
-tek	0.0997624703087	0.705463182898	0.0855106888361	0.109263657957
-nap	0.0718503394973	0.363943171873	0.0697741532768	0.494432335353
-ten	0.10114256303	0.780521859753	0.0660358328189	0.0522997443978
-wal	0.690910586268	0.0912505311639	0.121790741985	0.0960481405836
-ara	0.0904853385754	0.871569196861	0.0116755275581	0.0262699370058
-mes	0.0	1.0	0.0	0.0
-mer	0.112366297619	0.175860309382	0.0425974906337	0.669175902365
-bɨm	0.430368703846	0.19495161576	0.0573266029956	0.317353077399
-ari	0.28003612256	0.140963118304	0.0168061279814	0.562194631155
-jia	0.0381742738589	0.797510373444	0.129460580913	0.0348547717842
-meg	0.209470653739	0.754895570222	0.0118145522692	0.0238192237703
-luk	0.012987012987	0.961038961039	0.012987012987	0.012987012987
-meb	0.206459886081	0.617729248447	0.0761646184021	0.0996462470701
-mem	0.472010734585	0.27750388754	0.094402146917	0.156083230958
-mel	0.313488111176	0.299611239537	0.219106495002	0.167794154286
-men	0.49508495717	0.295066383068	0.082229098653	0.127619561109
-mek	0.423486772323	0.237722619709	0.119993501696	0.218797106272
-mej	0.586580585658	0.347014065022	0.0664053493198	0.0
-rai	0.0	1.0	0.0	0.0
-tyu	0.0827067669172	0.90977443609	0.00751879699248	0.0
-ɨku	0.161773325518	0.191133372409	0.512282197474	0.134811104598
-rag	0.151351351351	0.0648648648649	0.302702702703	0.481081081081
-gom	0.123762376238	0.727722772277	0.128712871287	0.019801980198
-auŋ	0.101694915254	0.864406779661	0.0338983050847	0.0
-mor	0.381443298969	0.577319587629	0.0309278350515	0.0103092783505
-yur	0.410947445881	0.447685511737	0.0624930958432	0.0788739465385
-beñ	0.0181818181818	0.981818181818	0.0	0.0
-ere	0.637037037037	0.362962962963	0.0	0.0
-ota	0.00492610837438	0.975369458128	0.0197044334975	0.0
-ija	0.0205628829577	0.97569841105	0.00373870599231	0.0
-oti	0.0602592360423	0.871231270095	0.00485309283563	0.0636564010272
-sop	0.0670016750418	0.865996649916	0.0670016750418	0.0
-ɨñi	0.189759866442	0.164079424571	0.0436596704816	0.602501038506
-ako	0.572327044025	0.35429769392	0.0733752620545	0.0
-nak	0.191766663984	0.0756420569985	0.0113109299726	0.721280349045
ALL	0.234355643714	0.279076838677	0.0540649813215	0.432502536288
-nai	0.247103786626	0.646209307999	0.0760306833275	0.0306562220476
-nan	0.11711652547	0.775311398612	0.078697926928	0.0288741489897
-aki	0.0	0.801619433198	0.198380566802	0.0
-nam	0.0662321278385	0.798149705635	0.11669470143	0.0189234650967
-nab	0.0270437356212	0.0542351233045	0.00902118086837	0.909699960206
-sir	0.385313174946	0.520950323974	0.0285097192224	0.0652267818574
-ake	0.293961316994	0.623652738816	0.0525616418131	0.0298243023771
-sip	0.0464858485434	0.930925326442	0.00442637031234	0.0181624547027
-nag	0.397333185423	0.285340728826	0.123902601364	0.193423484386
-kim	0.482508585377	0.372920519639	0.0904183463524	0.0541525486321
-kis	0.0	1.0	0.0	0.0
-ɨke	0.498338870432	0.327242524917	0.14950166113	0.0249169435216
-sin	0.341494451214	0.286158767081	0.0662742077546	0.306072573951
-nas	0.0690075591319	0.873445501097	0.0316995854669	0.0258473543038
-sia	0.0206514206514	0.954816354816	0.0174636174636	0.00706860706861
-ker	0.304572284077	0.528654930507	0.0902869795162	0.0764858059003
-iai	0.255319148936	0.627659574468	0.031914893617	0.0851063829788
-gok	0.416845493562	0.579399141631	0.0	0.00375536480686
-mos	0.0357634112792	0.943603851444	0.0165061898212	0.00412654745528
-gol	0.0939722324013	0.415321139837	0.148690914786	0.342015712976
-gon	0.325018066048	0.450890589616	0.0726514994185	0.151439844918
-gob	0.0091743119266	0.97247706422	0.0183486238532	0.0
-god	0.0639127104647	0.757703855149	0.0107299891992	0.167653445187
-gog	0.34554973822	0.633507853403	0.0209424083769	0.0
-öna	0.0188492063492	0.962301587302	0.0188492063492	0.0
-moc	0.404411764706	0.571078431373	0.0245098039215	0.0
-ɨpe	0.360107609531	0.236356648732	0.165257494235	0.238278247502
-mon	0.0869060914406	0.885496808129	0.0149597396867	0.0126373607434
-gos	0.385397605594	0.309555889958	0.0592280812431	0.245818423204
-gor	0.621827411168	0.244017403916	0.0942712110225	0.0398839738941
-mok	0.196752371544	0.189299300576	0.0455767601045	0.568371567775
-yau	0.442731209562	0.259676805497	0.0311673884197	0.266424596521
-mol	0.458515283843	0.369541484716	0.114628820961	0.0573144104803
-yap	0.537641708182	0.224880332626	0.0629163767532	0.174561582439
-ber	0.182896493144	0.696972454799	0.040043684019	0.0800873680378
-bep	0.0138150405703	0.0180939090751	0.00420156558194	0.963889484773
-deŋ	0.375675091813	0.47936919421	0.0818751350183	0.0630805789587
-bet	0.0780978826796	0.877750780979	0.00416522040958	0.039986115932
-tɨg	0.347365729169	0.236918851602	0.0521398031588	0.36357561607
-yad	0.0533703719503	0.0198908922422	0.00448927650465	0.922249459303
-tɨd	0.0606932336791	0.195461786115	0.731769065494	0.0120759147113
-ben	0.0928383541426	0.825749550686	0.0739136127213	0.00749848244998
-tɨb	0.455591947064	0.182357926406	0.0794603804774	0.282589746053
-lpa	0.0343757605257	0.8878376734	0.0623631053784	0.015423460696
-bem	0.444807552651	0.348039215686	0.169026870007	0.0381263616558
-yam	0.108908126222	0.81569394024	0.0167550963418	0.0586428371963
-tɨn	0.442894241051	0.448037069097	0.032079026427	0.0769896634248
-tɨm	0.43792633015	0.272851296044	0.256480218281	0.0327421555253
-yan	0.352077001013	0.309017223911	0.0398031553047	0.299102619771
-tɨk	0.370308304364	0.269126302552	0.0195768038662	0.340988589218
-beg	0.263496557493	0.736503442507	0.0	0.0
-bed	0.176470588235	0.823529411765	0.0	0.0
-iso	0.102167182663	0.786377708978	0.0216718266254	0.0897832817337
-rek	0.334737453379	0.0456856281913	0.0253238944139	0.594253024016
-ren	0.795631825273	0.129485179407	0.0374414976599	0.0374414976599
-rel	0.056155455485	0.863071212438	0.0222857374568	0.0584875946198
-rem	0.0502424892593	0.115093233491	0.0320866806406	0.802577596609
-ñak	0.615143650821	0.1726358354	0.0521233307282	0.160097183051
-red	0.0148864703007	0.921114895003	0.00395627923574	0.0600423554601
-ŋin	0.597996809312	0.335059896483	0.0399862629818	0.0269570312237
-res	0.15	0.825675675676	0.0243243243244	0.0
-rep	0.407977260224	0.271025123785	0.125692279479	0.195305336512
-ret	0.0485638699924	0.936602418745	0.00595238095239	0.00888133030991
-jus	0.0584415584415	0.834415584416	0.0	0.107142857143
-oas	0.0930386011217	0.871329594193	0.00395908940943	0.0316727152755
-mas	0.119258619778	0.821191352913	0.0186754523512	0.0408745749573
-mar	0.715789473684	0.115789473684	0.0842105263158	0.0842105263158
-ham	0.0567962220048	0.907988983712	0.0332256741039	0.00198912017917
-hap	0.0445859872611	0.936305732484	0.0	0.0191082802548
-mak	0.405262659288	0.338108374651	0.0983108726088	0.158318093453
-has	0.0	1.0	0.0	0.0
-mam	0.050857708826	0.831841682767	0.0482304458223	0.0690701625852
-mal	0.0936336693327	0.0970181785583	0.0739840891901	0.735364062919
-jud	0.0352941176471	0.882352941176	0.0823529411765	0.0
-man	0.192800977912	0.711510361884	0.0422582937715	0.0534303664326
-mab	0.0968085078819	0.640725582463	0.0307852035694	0.231680706085
-mag	0.454545454545	0.477272727273	0.0227272727273	0.0454545454545
-pɨb	0.0374800788656	0.83723945046	0.0584689230304	0.0668115476438
-usi	0.0618238021638	0.919629057187	0.00927357032457	0.00927357032458
-boŋ	0.303278688525	0.52868852459	0.106557377049	0.061475409836
-pta	0.0	1.0	0.0	0.0
-kaj	0.208182247785	0.557843373149	0.077358408161	0.156615970905
-pɨg	0.534873621124	0.239294710327	0.0479168476216	0.177914820927
-nki	0.0492627179087	0.94625885319	0.0	0.0044784289008
-pti	0.0494845360824	0.4	0.0247422680413	0.525773195876
-bañ	0.0967901234568	0.891111111111	0.00296296296297	0.00913580246914
-ɨbi	0.0395560802987	0.0523945655737	0.00727139809719	0.90077795603
-ade	0.0	0.635444385312	0.0478978179883	0.3166577967
-gac	0.402679446675	0.439716721617	0.114530605102	0.0430732266054
-gab	0.364325175519	0.205124388998	0.0485138983833	0.3820365371
-bek	0.409132720914	0.376907745509	0.0981692529036	0.115790280673
-gan	0.189333228119	0.208090634587	0.0350557176884	0.567520419605
-gam	0.839292296351	0.160707703649	0.0	0.0
-gal	0.350490821852	0.217678543717	0.0570959602935	0.374734674137
-tri	0.350404312668	0.0646900269542	0.010781671159	0.574123989218
-oco	0.409638554217	0.566265060241	0.0240963855422	0.0
-gai	0.330767320586	0.531412962503	0.0595977154209	0.0782220014899
-laŋ	0.186555530772	0.327656552859	0.059821013322	0.425966903047
-nop	0.0664129981321	0.0182699675673	0.00625959021071	0.90905744409
-144	0.0364077669903	0.269687162891	0.0809061488673	0.612998921252
-noŋ	0.58895148101	0.286389242232	0.0297110666909	0.0949482100673
-gas	0.0	1.0	0.0	0.0
-gap	0.0509812767877	0.939769907512	0.00451161741484	0.00473719828558
-yɨŋ	0.238295909494	0.730358788598	0.0117717361808	0.0195735657278
-beo	0.12	0.88	0.0	0.0
-sen	0.232862332179	0.0889611627853	0.167289922954	0.510886582082
-sem	0.0	1.0	0.0	0.0
-sel	0.113322104806	0.82005378827	0.0421748933743	0.0244492135503
-sek	0.12156528092	0.182789977154	0.0890276658235	0.606617076102
-bel	0.421527313839	0.46443483735	0.0742105195539	0.0398273292564
-ina	0.0	1.0	0.0	0.0
-sed	0.155688625983	0.636707668024	0.0627849768056	0.144818729187
-ywo	0.0	0.866180048662	0.0	0.133819951338
-seb	0.0521385562328	0.830691028228	0.104254037203	0.0129163783365
-sea	0.0529781704082	0.923832096637	0.00339361945675	0.0197961134977
-ira	0.01246105919	0.981308411215	0.0	0.00623052959501
-beb	0.487675076804	0.463218752268	0.0186264786279	0.0304796923003
-pɨm	0.409030320532	0.174523965219	0.0491835695928	0.367262144656
-uin	0.804451510334	0.157392686804	0.0	0.0381558028617
-ins	0.0981763411645	0.773423310347	0.00620191668758	0.122198431801
-sep	0.0538668984379	0.934515012164	0.00413028407513	0.00748780532329
-dɨg	0.286283439007	0.412570505232	0.263633380887	0.0375126748741
-iad	0.0	1.0	0.0	0.0
-jɨm	0.306940046395	0.356345323655	0.0646810286891	0.272033601261
-cɨk	0.0829170725641	0.801220801293	0.0539929943831	0.0618691317595
-kus	0.0892857142857	0.875	0.0	0.0357142857143
-cɨm	0.182240278584	0.748113755078	0.0557167730702	0.0139291932675
-cɨn	0.0683787860327	0.0267811305232	0.00805201697549	0.896788066469
-lau	0.357511923688	0.20886327504	0.399046104928	0.0345786963434
-iam	0.205404708713	0.613077848428	0.153806495962	0.0277109468981
-dɨn	0.411660059363	0.444548460501	0.0874124934177	0.0563789867185
-cɨb	0.317605015491	0.438644467201	0.163318299628	0.0804322176799
-ian	0.0695652173913	0.701449275362	0.226086956522	0.00289855072464
-dɨk	0.513170225181	0.118931465321	0.0145148145945	0.353383494904
-nes	0.0	1.0	0.0	0.0
-nep	0.14544381556	0.0432484392954	0.0444848775646	0.766822867579
-ñab	0.209661032604	0.662879837443	0.0828176472399	0.044641482713
-nen	0.183844292803	0.250930492957	0.140469863627	0.424755350613
-nem	0.387603743599	0.445523574077	0.0273706515981	0.139502030726
-nek	0.375678815148	0.24148028857	0.111920628668	0.270920267613
-ias	0.0984106936112	0.847786920262	0.0260653677322	0.0277370183944
-dɨp	0.42189252167	0.296728637394	0.153114870557	0.128263970379
-cɨp	0.203476895366	0.591010341451	0.120432495789	0.0850802673945
-lap	0.0413877682822	0.0691056591574	0.0274125535578	0.862094019003
-ned	0.262317009375	0.0963897949248	0.253712849968	0.387580345732
-kul	0.376344086021	0.467741935484	0.145161290323	0.010752688172
-neb	0.547422407834	0.332877997663	0.0599014364207	0.0597981580821
-ñap	0.276553646911	0.327727313607	0.209551218635	0.186167820847
-ban	0.407148456428	0.260155924206	0.0672537223451	0.265441897022
-wɨm	0.634020416944	0.280517855048	0.0281613016779	0.0573004263308
-wɨn	0.416370106761	0.455516014235	0.0427046263345	0.0854092526691
-bak	0.188063577158	0.0326078232983	0.0037952299385	0.775533369606
-wɨk	0.370470605924	0.497218463389	0.0264621861374	0.10584874455
-bag	0.314510364546	0.302358827734	0.348820586133	0.0343102215868
-bad	0.231716919583	0.440547291663	0.0796154745771	0.248120314177
-bab	0.432267884323	0.430745814307	0.0639269406393	0.0730593607306
-jor	0.731849689894	0.257205399489	0.0	0.0109449106166
-jol	0.0154099872322	0.964995034757	0.00895517094623	0.0106398070648
-ñɨŋ	0.169584177113	0.613994111143	0.0872147196581	0.129206992086
-jon	0.0293641845188	0.923004247089	0.0181648833053	0.0294666850871
-yɨk	0.38208556322	0.371267116004	0.179897366117	0.0667499546581
-wɨp	0.63404467933	0.156923830391	0.0560251135829	0.153006376696
-bas	0.046731276664	0.923922961209	0.0178787206234	0.0114670415033
-bap	0.177880450477	0.622711521802	0.161002021369	0.0384060063529
-wɨs	0.149198520345	0.7065351418	0.0443896424168	0.0998766954377
-dru	0.00381861575178	0.986634844869	0.0	0.00954653937948
-isi	0.0072839926188	0.986621973953	0.0045795399138	0.0015144935148
-asa	0.00892288081581	0.946462715105	0.0	0.044614404079
-pin	0.441084511627	0.161874915425	0.0490407231304	0.347999849817
-yɨn	0.187034468286	0.640765154668	0.0854131358761	0.0867872411698
-yes	0.294523032281	0.339136742836	0.0616612259702	0.304678998912
-bɨs	0.124378109453	0.860696517413	0.0149253731343	0.0
-adö	0.478830645161	0.502016129032	0.0	0.0191532258064
-asu	0.600200108392	0.172593488139	0.202192854463	0.0250135490057
-yem	0.633764033044	0.149544588011	0.0559203558568	0.160771023088
-yel	0.0157728706625	0.984227129338	0.0	0.0
-yen	0.0	0.941176470588	0.0588235294118	0.0
-lta	0.114285714286	0.728571428571	0.114285714286	0.0428571428571
-köl	0.325365027096	0.317736634325	0.242248838695	0.114649499884
-wör	0.428191489362	0.183510638298	0.372340425532	0.0159574468085
-wös	0.472324779382	0.246613331873	0.0880860780368	0.192975810709
-430	0.533333333333	0.0266666666666	0.0	0.44
-rau	0.336838646073	0.478146565889	0.152809727243	0.0322050607953
-ras	0.0863074791276	0.840601311147	0.0186890858068	0.0544021239186
-rap	0.764285714286	0.128571428571	0.107142857143	0.0
-ran	0.509609157075	0.200812252183	0.200805839666	0.0887727510768
-wög	0.237820322383	0.597804092604	0.0463737305252	0.118001854488
-ral	0.0201342281879	0.657718120805	0.322147651007	0.0
-ram	0.0	1.0	0.0	0.0
-raj	0.0909415758441	0.178935143827	0.700285867429	0.0298374128998
-rak	0.458911419424	0.4386339381	0.051227321238	0.051227321238
-ero	0.0689655172413	0.87045666356	0.0549860205032	0.00559179869524
-bɨr	0.529151703596	0.151927218619	0.0574450830229	0.261475994762
-era	0.103313840156	0.861598440546	0.0116959064327	0.0233918128655
-wöj	0.887682869278	0.112317130722	0.0	0.0
-wök	0.361393578921	0.253669416731	0.156242005628	0.228694998721
-gen	0.261001884675	0.336880989344	0.0474468776492	0.354670248332
-pos	0.0469973890339	0.953002610966	0.0	0.0
-pok	0.110425096782	0.763046146489	0.111345305922	0.0151834508075
-pol	0.0697025889849	0.835242955508	0.00708937244838	0.0879650830592
-bom	0.416774193548	0.580129032258	0.0	0.00309677419355
-ñañ	0.421150278293	0.545454545455	0.0	0.0333951762523
-pog	0.522458628842	0.359338061466	0.0851063829786	0.0330969267139
-yɨr	0.30967500497	0.644435088704	0.0191792676794	0.0267106386462
-yɨs	0.0338661123853	0.898975057339	0.0650086009174	0.0021502293578
-yɨp	0.0637420283586	0.0106614011979	0.00281556445974	0.922781005984
-500	0.283383426363	0.167453842851	0.180334907686	0.3688278231
-iko	0.0079522862823	0.977137176938	0.0149105367793	0.0
-lam	0.164514068758	0.603429284029	0.155510282189	0.0765463650238
-lan	0.476888371201	0.255945623166	0.0371555372072	0.230010468425
-nos	0.0	1.0	0.0	0.0
-gaŋ	0.531235287588	0.299201175845	0.103345722061	0.0662178145059
-lai	0.444031047533	0.502277246777	0.0479184040028	0.00577330168707
-iki	0.0	1.0	0.0	0.0
-lak	0.529964705381	0.13812010875	0.0275486996094	0.30436648626
-yɨb	0.176171119278	0.196248521146	0.19109848024	0.436481879336
-uja	0.0	0.968085106383	0.031914893617	0.0
-nok	0.405549909506	0.283198028053	0.0697508475445	0.241501214896
-iks	0.0596930073906	0.906765207504	0.0079590676521	0.0255827174531
-yɨg	0.694793641778	0.210025142208	0.0268963155389	0.0682849004753
-yɨd	0.0647058823529	0.847058823529	0.0	0.0882352941177
-las	0.08386544152	0.85134714219	0.0507709079583	0.014016508332
-yɨj	0.203013289171	0.746374762693	0.0	0.0506119481359
-noa	0.00792184928437	0.992078150716	0.0	0.0
-nod	0.59512195122	0.170731707317	0.0731707317073	0.160975609756
-yɨm	0.152178281937	0.176406225577	0.622178058638	0.0492374338476
-gek	0.370493240018	0.0454268785851	0.022040388745	0.562039492651
-bog	0.0895805784423	0.793103448276	0.0305157155936	0.0868002576882
-göb	0.126604236284	0.851475787314	0.0048539842295	0.017065992172
-dos	0.0368098159509	0.889570552147	0.0184049079755	0.0552147239264
-gem	0.420725263182	0.218844778058	0.0575358332623	0.302894125497
-gel	0.320061542672	0.301762574059	0.0776156080538	0.300560275216
-bol	0.093488927198	0.747712504973	0.13526057552	0.0235379923087
-geb	0.444314887605	0.250455853999	0.0918955381855	0.213333720211
-bon	0.361884776803	0.374856924838	0.154521175124	0.108737123235
-bok	0.298001300769	0.646482735341	0.0293118809974	0.0262040828932
-meŋ	0.455357142857	0.370535714286	0.107142857143	0.0669642857143
-bor	0.316127061698	0.577275503971	0.0183262064753	0.0882712278559
-ɫab	0.58904109589	0.267123287671	0.0	0.143835616438
-don	0.392408134584	0.351386495683	0.0617136446973	0.194491725036
-ger	0.355601948504	0.460960334029	0.0786360473208	0.104801670146
-dol	0.344705752457	0.420558683891	0.190791652865	0.0439439107872
-gep	0.0914698283504	0.739807877957	0.0905948652557	0.0781274284367
-dok	0.0	1.0	0.0	0.0
-get	0.0	1.0	0.0	0.0
-sas	0.0169806533741	0.718480775481	0.00411293839188	0.260425632753
-sap	0.226355673654	0.696224124922	0.0557687891612	0.0216514122626
-tob	0.0959132922787	0.755998806011	0.102512472919	0.0455754287907
-sau	0.867785470049	0.0948234145449	0.037391115406	0.0
-tol	0.363483433245	0.412822776771	0.165574608485	0.0581191814985
-tom	0.262951808498	0.430109704887	0.207868380173	0.0990701064426
-dɨŋ	0.171008684035	0.585504342017	0.205410821643	0.0380761523046
-ñan	0.670257859414	0.16639741449	0.0457365233069	0.117608202789
-toi	0.14143685052	0.732913669065	0.0884292565947	0.0372202238209
-ges	0.0392156862745	0.921568627451	0.0392156862745	0.0
-ibi	0.236842105263	0.763157894737	0.0	0.0
-sad	0.0688295517432	0.900733259546	0.0304371887106	0.0
-sak	0.190942834104	0.646238697009	0.070357079104	0.0924613897831
-saj	0.265570204643	0.627069738536	0.0770630798597	0.030296976961
-400	0.737113402062	0.123711340206	0.0	0.139175257732
-ɫaŋ	0.150943396226	0.849056603774	0.0	0.0
-iba	0.0	0.94578313253	0.0542168674699	0.0
-sam	0.12	0.864	0.00470588235294	0.011294117647
-sal	0.18921313943	0.73115394887	0.0475855204059	0.0320473912938
-lon	0.196732299026	0.479307963934	0.0426709745379	0.281288762501
-ñer	0.283810792805	0.573617588275	0.0626249167222	0.0799467021985
-seŋ	0.589636836853	0.155704405976	0.0909452772396	0.163713479931
-iel	0.177201095497	0.783091635613	0.0278543528038	0.0118529160867
-loi	0.0232001473025	0.783465291843	0.193334560854	0.0
-nöŋ	0.0386764073915	0.832402234637	0.103137086377	0.0257842715943
-log	0.196269350692	0.688244625568	0.0477873201685	0.067698703572
-air	0.409164016132	0.375585690553	0.0430898338942	0.172160459421
-rod	0.0317790136283	0.898979404755	0.0512131027318	0.0180284788853
-ñeb	0.116933755451	0.792204718301	0.0399226055015	0.0509389207465
-rob	0.633342851024	0.142551217075	0.175387251053	0.048718680848
-rol	0.0348000364398	0.834016580122	0.125717409128	0.00546597430991
-rom	0.0832357336133	0.615988853439	0.268365574896	0.0324098380518
-lot	0.0426982108851	0.893731473055	0.0430637624922	0.0205065535677
-ñem	0.464491204998	0.382623705408	0.0591813250042	0.0937037645899
-ñel	0.504531104685	0.207487399859	0.0577902436732	0.230191251783
-rok	0.465611367312	0.36160571898	0.0511416497047	0.121641264003
-yɨñ	0.621739130435	0.117391304348	0.260869565217	0.0
-win	0.276397515528	0.623447204969	0.0675465838509	0.0326086956522
-ipa	0.0284292821606	0.950959488273	0.00852878464819	0.0120824449183
-riŋ	0.065045834994	0.739816660024	0.151773614986	0.043363889996
-cɨŋ	0.113651738601	0.744283588148	0.142064673251	0.0
-ñɨm	0.401513889358	0.552629776915	0.0162581546851	0.0295981790421
-wik	0.240737900664	0.454286528055	0.0788729925728	0.226102578709
-mai	0.351351351351	0.648648648649	0.0	0.0
-ñaŋ	0.5878166809	0.303586678053	0.0787076572729	0.0298889837745
-ñɨr	0.429800009278	0.459231980843	0.0940815735932	0.016886436286
-ñɨk	0.744033998039	0.171297809742	0.070938215103	0.0137299771167
-maj	0.0907297830375	0.684418145957	0.224852071006	0.0
-ñɨn	0.0441053479222	0.630924686757	0.0075698138134	0.317400151507
-ñɨl	0.279290188007	0.141478447444	0.0345848799143	0.544646484635
-joŋ	0.200361723885	0.724089444975	0.0411715197618	0.0343773113779
-ñɨb	0.438936907969	0.274487416464	0.0741701922374	0.21240548333
-ñɨg	0.315789994983	0.518885996436	0.0293301925455	0.135993816036
-ŋol	0.573435567648	0.339302498145	0.0872619342073	0.0
-276	0.0	0.161290322581	0.0	0.838709677419
-ŋon	0.344995140914	0.413346290897	0.133462908973	0.108195659216
-kɨb	0.0711285897183	0.475020530135	0.131217772864	0.322633107283
-ŋok	0.231481481481	0.537037037037	0.111111111111	0.12037037037
-poŋ	0.795592191033	0.0623793257092	0.0115517269832	0.130476756275
-obi	0.484803734756	0.45517339939	0.0	0.0600228658537
-sti	0.146341463415	0.0914634146341	0.0	0.762195121951
-ŋor	0.2	0.28	0.0	0.52
-kɨd	0.190483183493	0.431986656901	0.0474516911793	0.330078468427
-mpa	0.297297297297	0.702702702703	0.0	0.0
-wɨr	0.441176470588	0.352941176471	0.0294117647059	0.176470588235
-bis	0.0636267232237	0.498409331919	0.406150583245	0.0318133616119
-ilo	0.230303030303	0.672727272727	0.0484848484848	0.0484848484848
-eyu	0.425237683665	0.492653414002	0.0	0.0821089023336
-rɨl	0.0	0.6	0.4	0.0
-sɨp	0.452658508881	0.393050617316	0.0505146184263	0.103776255377
-nɨn	0.634835110245	0.224693339447	0.0563644006267	0.084107149681
-isa	0.0688573598961	0.914234605112	0.0169080349923	0.0
-200	0.0377952755905	0.472440944882	0.0881889763779	0.40157480315
-pɨn	0.357250392968	0.218904187007	0.0971470310886	0.326698388937
-neŋ	0.181818181818	0.333333333333	0.242424242424	0.242424242424
-iok	0.103054524693	0.87039680274	0.0	0.0265486725664
-lek	0.414664014549	0.226191491875	0.0912851964856	0.267859297091
-ois	0.131291028446	0.868708971554	0.0	0.0
-ion	0.0792922126701	0.895668141224	0.0150237876638	0.0100158584425
-len	0.685534591195	0.216426193119	0.0525342212357	0.0455049944506
-lea	0.0	1.0	0.0	0.0
-leb	0.261537215409	0.492225274663	0.192830288017	0.0534072219109
-olo	0.692307692308	0.181818181818	0.0	0.125874125874
-leg	0.932712381564	0.0460896097639	0.0	0.0211980086719
-dor	0.345412743595	0.419750383184	0.105101817386	0.129735055835
-lep	0.261186277993	0.234407810799	0.142721450093	0.361684461114
-ior	0.173957705277	0.774597485541	0.030760813738	0.0206839954445
-ler	0.0909967648877	0.75950854994	0.129995378411	0.0194993067617
-les	0.041095890411	0.917808219178	0.041095890411	0.0
-iot	0.0324909747293	0.966064981949	0.0	0.0014440433213
-sul	0.603448275862	0.275862068966	0.0689655172413	0.051724137931
-gir	0.482513559005	0.186459697026	0.162708060595	0.168318683374
-san	0.243361313561	0.244173073492	0.0304704089976	0.48199520395
-gin	0.570681196937	0.210459622382	0.134139497837	0.0847196828443
-sɨk	0.549247759564	0.270084961781	0.123844105906	0.0568231727494
-gij	0.189189189189	0.216216216216	0.594594594595	0.0
-ali	0.142857142857	0.714672861014	0.109175377468	0.0332946186605
-ale	0.0	0.898550724638	0.0144927536232	0.0869565217391
-ala	0.00326975476838	0.996730245232	0.0	0.0
-paŋ	0.374475230898	0.370277078086	0.149454240134	0.105793450882
-120	0.0408163265306	0.0408163265306	0.0	0.918367346939
-ñin	0.231901840491	0.434355828221	0.238036809816	0.0957055214723
-yok	0.512095937591	0.154446242583	0.187642640774	0.145815179053
-lom	0.238670694864	0.552870090634	0.190332326284	0.0181268882175
-yon	0.0661057692308	0.832932692308	0.100961538462	0.0
-yom	0.219696969697	0.704545454545	0.0454545454545	0.0303030303031
-ñir	0.5	0.475	0.025	0.0
-yob	0.0896497473751	0.786188572705	0.113681193587	0.0104804863326
-bɨŋ	0.247214383076	0.363877749716	0.322687851154	0.0662200160536
-waŋ	0.444991404907	0.371464291296	0.0804031879981	0.103141115799
-sɨb	0.528117224979	0.287137967532	0.16123932975	0.0235054777385
-lok	0.319366490692	0.485023617672	0.14406779661	0.0515420950264
-ped	0.155471852154	0.53818606895	0.117619772145	0.18872230675
-ilk	0.0	1.0	0.0	0.0
-peb	0.29511028051	0.581548905175	0.0610245929983	0.0623162213165
-pel	0.409534873057	0.381593629152	0.117237057304	0.0916344404873
-pem	0.506811231582	0.347233805949	0.063108145677	0.0828468167917
-pen	0.0636913906701	0.0331254318652	0.00965476546487	0.893528412
-ros	0.0374059840668	0.929707921608	0.016988551097	0.0158975432284
-pek	0.459742104834	0.273992748781	0.0788839452248	0.18738120116
-ogi	0.40283672507	0.407080930098	0.165777922879	0.0243044219538
-153	0.0425531914894	0.0	0.127659574468	0.829787234043
-eli	0.0258620689655	0.961206896552	0.0129310344828	0.0
-gwu	0.0473171628078	0.062967046429	0.880466740169	0.00924905059414
-elo	0.335922330097	0.52427184466	0.139805825243	0.0
-per	0.119192405441	0.17428692839	0.20061024615	0.505910420019
-ela	0.0	1.0	0.0	0.0
-oge	0.0295566502463	0.960591133005	0.00985221674876	0.0
-rɨb	0.524835164835	0.181098901099	0.238681318681	0.0553846153846
-pna	0.140763524516	0.812918400579	0.0249683372535	0.0213497376515
-rɨg	0.468867912619	0.101964520949	0.0118547006055	0.417312865827
-rɨk	0.424854694835	0.284897474946	0.070977768419	0.219270061801
-rid	0.173568818514	0.715083231831	0.0126877791311	0.0986601705238
-rɨp	0.165895014477	0.371254938855	0.00971154580941	0.453138500858
-esi	0.0	1.0	0.0	0.0
-eso	0.0	1.0	0.0	0.0
-iti	0.12928061119	0.0963418516197	0.0150959742975	0.759281562893
-esa	0.0	0.947628745999	0.0	0.0523712540006
-kañ	0.0273571037878	0.871966019417	0.0915322029263	0.00914467386845
-ita	0.0298898810871	0.944487911491	0.00746842891413	0.0181537785077
-spa	0.04	0.922352941176	0.0376470588236	0.0
-bru	0.0844266970907	0.811180832858	0.0342270393611	0.0701654306902
-alö	0.725	0.0666666666666	0.166666666667	0.0416666666666
-sɨr	0.352024922118	0.451713395639	0.0747663551401	0.121495327103
-sɨs	0.078629507972	0.897194495709	0.0087861090578	0.0153898872609
-bul	0.0793269230769	0.920673076923	0.0	0.0
-666	0.05	0.0	0.0	0.95
-sɨj	0.366544789762	0.618829981718	0.0109689213894	0.00365630712979
-uda	0.0406579974306	0.785353064509	0.120866562741	0.0531223753193
-sɨl	0.66040403601	0.280338372543	0.0223990540876	0.0368585373601
-sɨm	0.278959190924	0.489831768221	0.0368894992634	0.194319541592
-sɨn	0.437824263152	0.35872519124	0.03293883179	0.170511713819
-bri	0.295055821372	0.437001594896	0.236044657097	0.0318979266348
-ɫön	0.158415841584	0.455445544554	0.039603960396	0.346534653465
-sɨg	0.858006369055	0.110155878209	0.00704433321482	0.0247934195206
-wor	0.376237623762	0.485148514851	0.118811881188	0.019801980198
-rik	0.0937347038668	0.462310327949	0.416054821341	0.0279001468429
-woi	0.0270604153185	0.0538659136812	0.906916093104	0.0121575778967
-abe	0.00866786989584	0.00515701151694	0.00158167831983	0.984593440267
-gad	0.0	1.0	0.0	0.0
-aba	0.11958041958	0.788811188811	0.0104895104895	0.0811188811189
-won	0.150325443307	0.371715179615	0.1060361245	0.371923252578
-tra	0.00814026299311	0.973074514715	0.0187852222918	0.0
-ron	0.0437196391395	0.952116585704	0.00416377515614	0.0
-aiŋ	0.312611012433	0.609236234458	0.0	0.0781527531083
-kod	0.228159863505	0.469244997845	0.0370378825097	0.26555725614
-kob	0.800838574423	0.171907756813	0.0020964360587	0.0251572327044
-kom	0.303257422249	0.631367753362	0.0243602007231	0.0410146236664
-kol	0.141121163963	0.100112449277	0.397377801114	0.361388585646
-ada	0.0990752972259	0.844121532365	0.00396301188903	0.0528401585205
-ael	0.0	1.0	0.0	0.0
-kok	0.00932914819673	0.0400525000655	0.000326999526668	0.950291352211
-los	0.0110584518167	0.976303317536	0.00315955766193	0.00947867298579
-sol	0.0432179064042	0.915015534795	0.0175236784674	0.0242428803337
-son	0.0211511344699	0.971157543905	0.00384566081271	0.00384566081272
-soi	0.174789939088	0.654812226353	0.146081327881	0.0243165066776
-kop	0.182770005457	0.369159418876	0.125259878978	0.322810696689
-kos	0.105415860735	0.785299806576	0.0357833655706	0.073500967118
-kor	0.934782608696	0.0652173913043	0.0	0.0
-pid	0.01167157211	0.97558555206	0.00270645150377	0.0100364243265
-ñen	0.371196309163	0.207408486059	0.0932763805389	0.328118824239
-jeb	0.606849850241	0.234014845683	0.0716239093632	0.0875113947128
-gak	0.590772966045	0.0456674014364	0.0131139729986	0.35044565952
-lip	0.0160076836882	0.945402364564	0.0313293237897	0.00726062795857
-rut	0.0425531914894	0.957446808511	0.0	0.0
-lis	0.00990916597852	0.826589595376	0.00990916597853	0.153592072667
-jer	0.296875	0.609375	0.03125	0.0625
-ruk	0.0	1.0	0.0	0.0
-omi	0.0	1.0	0.0	0.0
-lio	0.0108303249098	0.98916967509	0.0	0.0
-dak	0.440373384211	0.410620944407	0.0526379038398	0.0963677675422
-kek	0.576738053653	0.177542318914	0.0544576511	0.191261976334
-adi	0.554449648712	0.128512880562	0.114168618267	0.202868852459
-lia	0.0163492633848	0.951311534315	0.0	0.0323392022997
-eas	0.125490196078	0.819607843137	0.0235294117647	0.0313725490196
-dör	0.313672922252	0.525469168901	0.132707774799	0.0281501340482
-pɨk	0.465415588904	0.439653998806	0.0293221350703	0.0656082772199
-oda	0.300500834724	0.682804674458	0.016694490818	0.0
-adu	0.222443051521	0.743770065739	0.00856138205168	0.0252255006879
-ead	0.0	1.0	0.0	0.0
-eam	0.0171846435101	0.969835466179	0.00603290676417	0.00694698354661
-rni	0.0	1.0	0.0	0.0
-cög	0.133687789167	0.797832366248	0.0295237851793	0.0389560594054
-pɨd	0.113768850396	0.217103506589	0.553525980812	0.115601662204
-ŋɨm	0.625905384705	0.214167153229	0.0183762767982	0.141551185267
-ehu	0.0	1.0	0.0	0.0
-mep	0.499159899188	0.46457574909	0.0140016802016	0.0222626715206
-pai	0.0631384481634	0.79584537697	0.0449231881732	0.0960929866933
-paj	0.672447013488	0.241490044958	0.038535645472	0.0475272960822
-apa	0.168539325843	0.675561797753	0.147471910112	0.00842696629213
-pal	0.441187059021	0.280129083327	0.0976785464541	0.181005311198
-ŋeb	0.225169912254	0.540295591609	0.123726727503	0.110807768634
-pan	0.434629614025	0.239090588734	0.0456069797558	0.280672817486
-ŋen	0.336117580917	0.327684523331	0.247369689182	0.0888282065698
-ŋem	0.495575902131	0.288528121874	0.0538585827498	0.162037393245
-ŋel	0.37744748683	0.263105392737	0.121579550583	0.23786756985
-ŋek	0.318705904708	0.253371010353	0.115421629143	0.312501455796
-ŋɨr	0.490747594375	0.288675055514	0.0162842339008	0.20429311621
-pag	0.329272034334	0.285425161078	0.068791332281	0.316511472307
-bɨc	0.147796327772	0.812173808679	0.0150729733117	0.0249568902373
-wad	0.187953999571	0.678197599251	0.0962035383468	0.0376448628313
-ŋer	0.533112582781	0.0860927152318	0.0264900662252	0.354304635762
-ŋep	0.073570514092	0.68903835404	0.149575346665	0.087815785203
-wan	0.37152837305	0.413916509515	0.0188582204697	0.195696896966
-bɨk	0.397634469164	0.482399324134	0.0321036327795	0.0878625739228
-pas	0.0656467153284	0.90339270073	0.0178569343066	0.0131036496351
-wak	0.533700426801	0.31491565725	0.0617769034931	0.0896070124557
-bɨl	0.411629860691	0.38211756979	0.117594166939	0.0886584025803
-wai	0.359106722029	0.383795309169	0.111659746381	0.145438222422
-bɨn	0.385252089426	0.241985027143	0.0874010823841	0.285361801047
-kon	0.365172667157	0.412931667891	0.129316678913	0.0925789860396
-keb	0.549138896009	0.322402104245	0.0544317795535	0.0740272201927
-ini	0.0194455937112	0.958488484347	0.00551648048544	0.0165494414563
-ken	0.404160504783	0.312407242748	0.06663780817	0.216794444299
-kem	0.49706775852	0.366307687718	0.0688436601931	0.0677808935692
-kel	0.509613320816	0.3463821778	0.0500002875929	0.0940042137902
-sus	0.0185643564356	0.981435643564	0.0	0.0
-uɨp	0.263879514006	0.440178872764	0.287082348971	0.0088592642592
-gɨñ	0.48051948052	0.480519480519	0.0324675324675	0.00649350649351
-uɨn	0.501706484642	0.303754266212	0.174061433447	0.0204778156996
-uɨl	0.321012977794	0.275491765761	0.0756703348387	0.327824921606
-uɨm	0.738227687342	0.17053068838	0.0	0.0912416242782
-kes	0.316176470588	0.611631016043	0.024064171123	0.048128342246
-sos	0.202053936712	0.35776905736	0.352508975536	0.0876680303916
-kep	0.161705858854	0.709287646662	0.0599877341428	0.0690187603405
-uɨd	0.75	0.0666666666667	0.0333333333333	0.15
-bɨj	0.0854915765652	0.471963791803	0.412371134021	0.0301734976113
-sua	0.0467532467532	0.92987012987	0.0077922077922	0.0155844155844
-loŋ	0.371875	0.473046875	0.117578125	0.0375
-dia	0.0508374101844	0.924082627077	0.00455999322515	0.0205199695132
-dil	0.128755364807	0.871244635193	0.0	0.0
-rɨŋ	0.00362756952841	0.738814993954	0.250302297461	0.00725513905682
-sis	0.0	1.0	0.0	0.0
-dis	0.0273416960865	0.972658303913	0.0	0.0
-lɨŋ	0.273472422474	0.471797612645	0.177602497638	0.0771274672428
-sli	0.0	1.0	0.0	0.0
-ske	0.444730077121	0.20822622108	0.13881748072	0.20822622108
-uöl	0.158987186425	0.280033635456	0.53512760309	0.0258515750285
-lɨs	0.162863073296	0.493901160007	0.187894150898	0.155341615799
-lɨr	0.737704918033	0.147540983607	0.0491803278688	0.0655737704918
-lɨp	0.319641547742	0.147934651832	0.10832324688	0.424100553546
-lɨn	0.526760400227	0.294689772445	0.0437137971022	0.134836030225
-lɨm	0.0490580967476	0.678563733795	0.0216599960041	0.250718173453
-lɨl	0.207530722199	0.0753114924245	0.0200015682119	0.697156217165
-lɨk	0.216730896465	0.552768685611	0.127581692328	0.102918725596
-lɨj	0.175124871172	0.764444715537	0.0422647674637	0.0181656458279
-soŋ	0.625597360237	0.178790867026	0.0667526359706	0.128859136767
-lɨg	0.386069414776	0.178339276688	0.055613391688	0.379977916848
-nöl	0.343859649123	0.414035087719	0.0	0.242105263158
-lɨc	0.542420027816	0.290681502086	0.158553546592	0.00834492350487
-pab	0.26525198939	0.73474801061	0.0	0.0
-baŋ	0.223792201573	0.568946336548	0.186080346198	0.0211811156821
-ait	0.0	1.0	0.0	0.0
-ora	0.0570071258908	0.88242280285	0.0106888361045	0.0498812351544
-aip	0.00716723549488	0.0126279863481	0.0	0.980204778157
-ais	0.024428844075	0.845074693595	0.00818604847268	0.122310413857
-tis	0.0890354492992	0.874690849134	0.0263808738664	0.00989282769996
-ket	0.190779014308	0.761526232114	0.0	0.0476947535771
-aid	0.131868131868	0.714285714286	0.153846153846	0.0
-aig	0.210059171598	0.559171597633	0.186390532544	0.0443786982249
-sɨd	0.0429955847547	0.881447671827	0.0391007804519	0.0364559629663
-aia	0.0747453567025	0.885333775114	0.0108013045895	0.0291195635938
-tia	0.199892530897	0.74529822676	0.0354648038689	0.0193444384739
-ɨyo	0.856651914605	0.0638168213468	0.0178223558677	0.0617089081809
-aim	0.0689655172413	0.931034482759	0.0	0.0
-tin	0.103413654618	0.824966532798	0.0277777777778	0.0438420348059
-ain	0.378992595974	0.362356514313	0.0629570360438	0.195693853669
-tik	0.0674157303371	0.803370786517	0.129213483146	0.0
-eme	0.136587888831	0.810656646154	0.0367958285395	0.0159596364749
-ema	0.0	1.0	0.0	0.0
-uwo	0.162711864407	0.637288135593	0.0474576271186	0.152542372881
