-yer	0.474328801085	0.254368466365	0.155998887142	0.115303845407
-hey	0.293428204361	0.366504041729	0.152546215559	0.187521538351
-hep	0.0199004975124	0.886815920398	0.0286069651742	0.0646766169155
-her	0.886964440496	0.0320366826634	0.00488708307195	0.0761117937687
-car	0.859649122807	0.0175438596491	0.122807017544	0.0
-hen	0.470838396112	0.293742405832	0.148845686513	0.0865735115431
-lek	0.108689364763	0.728670390139	0.0870302522194	0.0756099928785
-noa	0.0972746331237	0.897693920335	0.00503144654088	0.0
-hek	0.441769028066	0.14231139244	0.0288610348145	0.387058544679
-heb	0.55634807418	0.0156918687589	0.0	0.427960057061
-lem	0.0280757107656	0.943304481607	0.00596474002176	0.0226550676056
-oye	0.34612011187	0.41322587585	0.161715789299	0.0789382229798
-ven	0.097071089593	0.763434159436	0.0528498154451	0.0866449355256
-aut	0.0	0.27027027027	0.0	0.72972972973
-oya	0.301670694422	0.341570497678	0.19088685625	0.16587195165
-oyo	0.448863636364	0.306818181818	0.0852272727273	0.159090909091
-leo	0.0421052631579	0.684210526316	0.189473684211	0.0842105263157
-oyi	0.13721993953	0.80342145386	0.0275731968886	0.0317854097216
-aua	0.166026133743	0.799385088394	0.0138355111453	0.0207532667179
-oys	0.248120300752	0.451127819549	0.210526315789	0.0902255639098
-nsi	0.0	0.953125	0.046875	0.0
-nsa	0.639941690962	0.316326530612	0.0291545189504	0.0145772594752
-aun	0.137651821862	0.497975708502	0.279352226721	0.085020242915
-pur	0.381005586592	0.460335195531	0.0290502793296	0.129608938548
-pus	0.0	1.0	0.0	0.0
-he3	0.434760831455	0.319809666917	0.161282243927	0.084147257701
-kta	0.0468171547497	0.769815655814	0.118603458699	0.0647637307371
-apa	0.0947224426489	0.310015307581	0.199515143438	0.395747106331
--10	0.235294117647	0.235294117647	0.0588235294118	0.470588235294
-pun	0.188881494722	0.605988081134	0.0603672347575	0.144763189386
-puk	0.127724702136	0.624444078406	0.0778976555208	0.169933563938
-pra	0.10303030303	0.424242424242	0.472727272727	0.0
-pan	0.114617505227	0.786246301035	0.0329286067947	0.0662075869426
-hem	0.0239651416122	0.938997821351	0.00435729847495	0.0326797385621
-opu	0.125612221295	0.401516599117	0.0533726227711	0.419498556817
-wap	0.735294117647	0.264705882353	0.0	0.0
-sis	0.045540796964	0.900379506641	0.0313092979127	0.022770398482
-opo	0.251869719366	0.376095814298	0.036093521246	0.33594094509
-opi	0.282894736842	0.717105263158	0.0	0.0
-opa	0.112788969858	0.129776157669	0.0243922648134	0.73304260766
-oku	0.191789092373	0.660293821695	0.0790903602334	0.0688267256993
-dek	0.128583513488	0.842090422032	0.0191747344675	0.0101513300122
-den	0.194083178505	0.734552903625	0.0553570577867	0.0160068600829
-400	0.359408033827	0.0190274841437	0.0	0.62156448203
-ima	0.0535432959852	0.761886020924	0.023179438341	0.161391244749
-oko	0.105230774083	0.797608375196	0.0421991494748	0.054961701246
-kim	0.0	1.0	0.0	0.0
-imi	0.0855920114123	0.914407988588	0.0	0.0
-dey	0.185929710523	0.191319212387	0.175765641997	0.446985435093
-oka	0.344614234492	0.469761962438	0.0841290624674	0.101494740602
-imo	0.0714302497709	0.870415188327	0.0348927371414	0.0232618247609
-wpa	0.387387387387	0.288288288288	0.216216216216	0.108108108108
-yma	0.176056338028	0.441314553991	0.0774647887324	0.305164319249
-sik	0.804347826087	0.152173913043	0.0217391304348	0.0217391304348
-lla	0.027027027027	0.594594594595	0.378378378378	0.0
-ech	0.35856674159	0.222238611909	0.0936951910337	0.325499455468
-obo	0.20720709278	0.377362609621	0.115184796057	0.300245501542
-rpa	0.576271186441	0.322033898305	0.101694915254	0.0
-oik	0.0612244897959	0.428571428571	0.510204081633	0.0
-lli	0.389447236181	0.324120603015	0.0603015075377	0.226130653266
-ide	0.705521472393	0.0368098159509	0.220858895706	0.0368098159509
-llo	0.556862745098	0.360784313726	0.0588235294118	0.0235294117647
-ida	0.0199404144589	0.973950181962	0.0	0.00610940357891
-pol	0.033254076087	0.902105978261	0.00275135869565	0.0618885869566
-oby	0.252155172414	0.474137931035	0.131465517241	0.14224137931
-oii	0.291891891892	0.502702702703	0.172972972973	0.0324324324324
-bia	0.047619047619	0.926406926407	0.008658008658	0.017316017316
-bin	0.223761054564	0.609043884532	0.0827632237611	0.0844318371433
-kpa	0.504322766571	0.455331412104	0.0	0.0403458213256
-bik	0.384321494269	0.555020989576	0.0343380029244	0.0263195132305
-bii	0.275705573678	0.356119699333	0.178130761594	0.190043965395
-eja	0.11758203899	0.817334765409	0.04372164956	0.0213615460412
-ter	0.189107413011	0.60363086233	0.152798789713	0.054462934947
-uta	0.454545454546	0.311688311688	0.112554112554	0.121212121212
-tet	0.00673022994952	0.963544587773	0.0269209197981	0.00280426247897
-eje	0.0587084148728	0.849315068493	0.0861056751467	0.00587084148727
-ria	0.0248502994012	0.929700598802	0.0207185628743	0.0247305389222
-rin	0.435526608801	0.287687565212	0.0867360087675	0.19004981722
-eji	0.143442476078	0.0582964683073	0.0190964854412	0.779164570174
-ril	0.0851714348111	0.717296352915	0.197532212273	0.0
-rim	0.0	1.0	0.0	0.0
-rik	0.0588210221219	0.638463833596	0.27564894932	0.0270661949619
-rii	0.143759247308	0.0336506378071	0.00141463026774	0.821175484617
-rit	0.00640949912907	0.941517719123	0.0443436798568	0.00772910189092
-ris	0.0358713754964	0.884912670282	0.0448392193705	0.0343767348507
-utu	0.482935834841	0.316578732815	0.0836817887901	0.116803643554
-tek	0.103310021186	0.78898330182	0.0723056245302	0.0354010524637
-sia	0.00998779269781	0.975696371102	0.0103207191211	0.00399511707913
-ten	0.103292149388	0.807909922187	0.046193703172	0.0426042252534
-jin	0.159905205373	0.302430015929	0.0220075542813	0.515657224417
-are	0.534455060455	0.305371184578	0.0591866069164	0.100987148051
-ara	0.164835164835	0.646781789639	0.0235478806907	0.164835164835
-mes	0.197969543147	0.802030456853	0.0	0.0
-wak	0.278018354516	0.140982193965	0.0454954031055	0.535504048413
-aro	0.0669253152279	0.2092628516	0.717992240543	0.00581959262851
-mey	0.342993508362	0.246834127466	0.0682341466534	0.341938217518
-ari	0.530992174876	0.190665918407	0.0521772407456	0.226164665971
-two	0.159519100215	0.427607934522	0.0844512883493	0.328421676914
-aru	0.263843648208	0.0879478827362	0.0586319218241	0.589576547231
-luk	0.0127659574468	0.936170212766	0.0	0.0510638297872
-mel	0.0414285923046	0.659364907717	0.294603323055	0.00460317692274
-men	0.120389883529	0.538971717233	0.0242491471563	0.316389252081
-jir	0.753251284751	0.110686006544	0.0155486246507	0.120514084054
-mek	0.134588867086	0.407972736178	0.0208249007469	0.436613495989
-aye	0.351649940094	0.439925323376	0.169946323632	0.0384784128978
-mow	0.677248677249	0.174603174603	0.126984126984	0.0211640211641
-aya	0.244521596218	0.385022967733	0.040535487762	0.329919948287
-tya	0.538461538462	0.307692307692	0.0	0.153846153846
-ayl	0.559440559441	0.314685314685	0.041958041958	0.0839160839161
-ayo	0.109736675266	0.0949944387345	0.0311029676095	0.76416591839
-ayn	0.247298919568	0.500600240096	0.187274909964	0.0648259303721
-ayi	0.251463944401	0.590082349907	0.0644370220668	0.0940166836251
-tyu	0.0140845070422	0.985915492958	0.0	0.0
-gom	0.0748141790682	0.843570352857	0.00510096675465	0.0765145013198
-gol	0.0208393632417	0.679305354559	0.2998552822	0.0
-alo	0.540268456376	0.271812080537	0.0503355704698	0.137583892617
-sre	0.0755148741418	0.800915331808	0.0137299771167	0.109839816934
-ubu	0.431543217795	0.469686194431	0.0421253867999	0.0566452009734
-uba	0.42118226601	0.422003284072	0.0591133004926	0.0977011494253
-umu	0.05144678824	0.271170499933	0.677382711827	0.0
-ota	0.0584417581372	0.0346285478292	0.0062237686077	0.900705925426
-kel	0.138430453157	0.757920227041	0.0846777925162	0.0189715272851
-ija	0.146353602847	0.685355929673	0.0184155188075	0.149874948673
-oti	0.0336633147731	0.0823278133709	0.0108427863484	0.873166085507
-ijn	0.681063122924	0.199335548173	0.0398671096346	0.0797342192691
-iji	0.110350649742	0.334881056472	0.0437181535864	0.5110501402
-oto	0.487559590002	0.399811446896	0.0455371912433	0.0670917718583
-uma	0.59383033419	0.295629820051	0.060411311054	0.0501285347044
-otu	0.031050302778	0.943049410109	0.00873356823127	0.0171667188821
-kba	0.0661764705882	0.790441176471	0.143382352941	0.0
-umo	0.254623044097	0.433854907539	0.140825035562	0.170697012802
-umi	0.0612244897959	0.816326530612	0.0	0.122448979592
-ako	0.464235498736	0.228720507798	0.0677010102324	0.239342983233
-nak	0.450090690965	0.194280769645	0.0626872104295	0.29294132896
ALL	0.227162137624	0.266997958963	0.0509148351778	0.454925068235
-nai	0.00695652173912	0.965217391304	0.0	0.0278260869565
-akk	0.348675034868	0.365411436541	0.285913528591	0.0
-aki	0.486762169054	0.339983499588	0.113852846321	0.0594014850371
-nam	0.136838314728	0.726323370544	0.0	0.136838314728
-kik	0.142997309458	0.80119886246	0.0306921054447	0.0251117226366
-sir	0.483870967742	0.516129032258	0.0	0.0
-kii	0.319171436386	0.511906822725	0.10594551097	0.0629762299184
-sip	0.0349812216019	0.896372460363	0.0356739190594	0.0329723989753
-kio	0.328767123288	0.520547945206	0.0684931506849	0.0821917808219
-kin	0.167688158862	0.772983574405	0.0183868595244	0.0409414072076
-aka	0.105757275573	0.216929797275	0.034755007466	0.642557919686
-sit	0.105072463768	0.242753623188	0.0398550724638	0.61231884058
-kis	0.0338995272749	0.944255066697	0.0187479872924	0.00309741873578
-kir	0.668898784612	0.139284159775	0.0324438343322	0.159373221281
-sii	0.24634519278	0.223346547353	0.067273088608	0.463035171259
-nay	0.468421052632	0.147368421053	0.152631578947	0.231578947368
-sin	0.173875727388	0.632743684216	0.112417014401	0.0809635739953
-sil	0.0985743877178	0.848543925917	0.0416717436335	0.0112099427318
-nar	0.515776699029	0.156553398058	0.211165048544	0.116504854369
-nas	0.0293663060278	0.945904173107	0.0123647604328	0.0123647604328
-kiy	0.328803556008	0.430138118474	0.197667826925	0.0433904985934
-eer	0.157510729614	0.63347639485	0.103433476395	0.105579399142
-naw	0.4	0.261538461538	0.0	0.338461538462
-ysa	0.123226288275	0.316654219567	0.492905153099	0.067214339059
-ker	0.66997389034	0.17545691906	0.100261096606	0.0543080939947
-wuk	0.0832987836083	0.580236650454	0.105230189494	0.231234376444
-gok	0.472107662253	0.42370306056	0.015628391578	0.0885608856089
-mos	0.0279069767442	0.953488372093	0.0186046511628	0.0
-wun	0.221376675859	0.690578176178	0.0480246261617	0.0400205218014
-eoy	0.0	0.977272727273	0.0227272727273	0.0
-gon	0.245421245421	0.648351648352	0.106227106227	0.0
-god	0.0367835620083	0.84660495047	0.00697841886346	0.109633068659
-mon	0.0436980335116	0.930915812241	0.0160440494845	0.00934210476314
-wur	0.478628817217	0.361397743699	0.083483219636	0.0764902194479
-qsa	0.0431654676259	0.870503597122	0.0	0.0863309352518
-mok	0.436201204117	0.186249757234	0.251699359099	0.125849679549
-mor	0.326047358834	0.494080145719	0.066029143898	0.113843351548
-yaw	0.06506739412	0.858211350127	0.0495289119421	0.0271923438114
-yav	0.140845070423	0.56338028169	0.0	0.295774647887
-yap	0.31298648095	0.635395329783	0.0442441622286	0.00737402703811
-yas	0.0	0.981651376147	0.0183486238532	0.0
-yar	0.587608350241	0.0844771918692	0.0395929678002	0.288321490089
-eow	0.194805194805	0.266233766234	0.5	0.0389610389611
-bet	0.059684025746	0.917495611469	0.00175541252194	0.0210649502633
-bek	0.276625824694	0.464341815897	0.0688030160226	0.190229343387
-ben	0.0	1.0	0.0	0.0
-beo	0.0	1.0	0.0	0.0
-lpa	0.237050043898	0.689201053556	0.0737489025461	0.0
-yam	0.0666666666667	0.0333333333333	0.9	0.0
-yan	0.315889017642	0.5453997373	0.0625668020022	0.0761444430553
-yai	0.42654028436	0.24644549763	0.0284360189573	0.298578199052
-yak	0.362049528788	0.191007788794	0.0546436015459	0.392299080872
-iso	0.0379537953795	0.826732673267	0.0	0.135313531353
-rek	0.365754462033	0.13647282415	0.0354446639138	0.462328049903
-rei	0.149659863946	0.687074829932	0.0	0.163265306122
-ren	0.141589892663	0.337117843556	0.0213947853433	0.499897478438
-lyi	0.478142076503	0.439890710382	0.0819672131148	0.0
-rel	0.017017149407	0.956707666534	0.0098752369616	0.0163999470969
-ish	0.0908815625518	0.267896765399	0.0798663829168	0.561355289133
-rea	0.149253731343	0.761194029851	0.0298507462687	0.0597014925373
-isa	0.0735892756878	0.88717714767	0.0246350364964	0.014598540146
-ree	0.395126316514	0.34625180698	0.204928753356	0.05369312315
-bey	0.295983533661	0.503469754834	0.168508527178	0.0320381843264
-eva	0.321014491924	0.678985508076	0.0	0.0
-rer	0.617159207889	0.236254211941	0.0348308396245	0.111755740545
-res	0.0331347479751	0.943131233684	0.0184625811634	0.00527143717785
-isu	0.525423728814	0.0677966101695	0.305084745763	0.101694915254
-ist	0.00548198918132	0.955237519463	0.00240266720554	0.0368778241499
-ret	0.0161540449729	0.978676660636	0.00387697079349	0.00129232359783
-reu	0.0394736842105	0.881578947368	0.0394736842105	0.0394736842105
-may	0.0196908878283	0.953095862701	0.0205758715509	0.00663737791966
-hab	0.346987951807	0.396987951807	0.0831325301205	0.172891566265
-hai	0.268817204301	0.731182795699	0.0	0.0
-had	0.10290237467	0.538258575198	0.274406332454	0.0844327176781
-bwi	0.538786598249	0.17697957541	0.155448234229	0.128785592112
-jut	0.0214285714286	0.921428571429	0.0571428571428	0.0
-ava	0.487424594179	0.312053369535	0.0244004518069	0.176121584479
-mas	0.132101137133	0.175036275389	0.129097121456	0.563765466023
-hak	0.237621341917	0.251510089332	0.258854267467	0.252014301284
-ham	0.0189085318985	0.942774788624	0.0225980015373	0.01571867794
-han	0.0	0.96	0.02	0.02
-hap	0.0	1.0	0.0	0.0
-har	0.378187344984	0.189069567155	0.137288275365	0.295454812495
-has	0.0	1.0	0.0	0.0
-mam	0.0283092238295	0.900917716597	0.0	0.0707730595738
-man	0.0940962083836	0.442682953188	0.0374938393303	0.425726999098
-hay	0.199039344433	0.765488297154	0.0	0.0354723584137
-mag	0.345461815274	0.50099960016	0.0191923230708	0.134346261495
-nka	0.245161290322	0.690322580645	0.0258064516129	0.0387096774193
-pta	0.0	1.0	0.0	0.0
-yey	0.125595139302	0.16033295283	0.0671975680421	0.646874339825
-nki	0.0895175353614	0.89188141833	0.011625653943	0.00697539236582
-wna	0.492227979275	0.40414507772	0.020725388601	0.0829015544041
-ade	0.131160091873	0.767296611194	0.0592335898779	0.0423097070557
-tra	0.142651986596	0.857348013404	0.0	0.0
-ika	0.158284462928	0.495005766579	0.0724368326995	0.274272937793
-ada	0.0906635988953	0.0383768439768	0.0277589400954	0.843200617032
-gan	0.387714649986	0.487678791984	0.0714171879358	0.0531893700944
-gak	0.223174137097	0.440674557876	0.0980651927447	0.238086112282
-gai	0.0	1.0	0.0	0.0
-adi	0.822459584296	0.177540415704	0.0	0.0
-iko	0.00914634146341	0.990853658537	0.0	0.0
-144	0.0	0.110266159696	0.0	0.889733840304
-gat	0.0	0.952662721893	0.0	0.0473372781065
-gas	0.0350584307178	0.924874791319	0.0300500834724	0.0100166944908
-gar	0.601750547046	0.245076586433	0.113785557987	0.0393873085339
-ire	0.318091451292	0.204771371769	0.306163021869	0.17097415507
-lan	0.0	0.996272531218	0.0	0.00372746878246
-gay	0.438709677419	0.503225806452	0.0	0.058064516129
-sen	0.379715312071	0.11368142291	0.0235880958705	0.483015169148
-sem	0.0	1.0	0.0	0.0
-sel	0.0531708689009	0.889515571197	0.022271714922	0.0350418449797
-sek	0.0918908103747	0.38074960667	0.239477600048	0.287881982907
-bel	0.133838383838	0.768308080808	0.0625	0.0353535353536
-ina	0.0493190307349	0.0309697728058	0.00649728579274	0.913213910667
-ing	0.0472440944882	0.716535433071	0.188976377953	0.0472440944882
-uii	0.468253968254	0.531746031746	0.0	0.0
-216	0.0641025641026	0.307692307692	0.128205128205	0.5
-sey	0.326270801128	0.503500954806	0.0141856870055	0.156042557061
-set	0.0	1.0	0.0	0.0
-ses	0.0440438317426	0.948320961471	0.00360551431602	0.00402969247083
-ser	0.0	1.0	0.0	0.0
-sep	0.0212332439678	0.964825737265	0.00183837610111	0.0121026426656
-eda	0.0615149262575	0.217650797755	0.391228467082	0.329605808905
-ood	0.0425531914894	0.914893617021	0.0	0.0425531914894
-ney	0.381182067073	0.141509483748	0.0477706901481	0.429537759031
-iam	0.0880361173816	0.864559819413	0.0316027088036	0.0158013544018
-ena	0.0441678144218	0.0407645874771	0.0132281004656	0.901839497635
-agw	0.168709444845	0.413842826244	0.26171593367	0.155731795242
-edi	0.0653231003574	0.853242720722	0.0128888628508	0.06854531607
-ner	0.542137840567	0.337599187758	0.074448506275	0.0458144654
-nes	0.00980392156863	0.990196078431	0.0	0.0
-kuy	0.937304075235	0.0626959247649	0.0	0.0
-nen	0.144617208482	0.509391108133	0.103376525416	0.242615157969
-iat	0.0140949554896	0.956973293769	0.013353115727	0.0155786350149
-tka	0.0676437429538	0.749718151071	0.182638105975	0.0
-nek	0.0513158525478	0.80070945784	0.128589233498	0.0193854561143
-ias	0.0490793557928	0.922399362943	0.0102384086588	0.0182828726049
-iar	0.644760213144	0.230905861456	0.0213143872114	0.103019538188
-ooy	0.596153846154	0.326923076923	0.0192307692308	0.0576923076923
-kun	0.358433853287	0.554005736513	0.0399198459785	0.0476405642214
-kul	0.0387334767907	0.645404242238	0.0737780510298	0.242084229942
-kuk	0.334548510556	0.413784879561	0.0358874768606	0.215779133022
-gha	0.922330097087	0.0582524271845	0.0	0.0194174757281
-ban	0.247176528944	0.433097761961	0.12557110272	0.194154606375
-eka	0.103630866708	0.1235176271	0.0412477248713	0.73160378132
-rhe	0.0759493670886	0.481012658228	0.0759493670886	0.367088607595
-bak	0.262930997153	0.388594901292	0.0829638875706	0.265510213984
-eke	0.471593018938	0.25300160911	0.165243223171	0.110162148781
-bai	0.497536945813	0.295566502463	0.0	0.206896551724
-hok	0.292224734737	0.67855279179	0.0048704122456	0.024352061228
-bad	0.0815558343789	0.0865746549561	0.831869510665	0.0
-hoi	0.0594860727052	0.446212989816	0.320091724557	0.174209212922
-hon	0.393258426966	0.374531835206	0.187265917603	0.0449438202247
-che	0.158717655511	0.0900656207646	0.0421731015693	0.709043622155
-hor	0.716071428572	0.0964285714286	0.176785714286	0.0107142857143
-hos	0.00236499802917	0.987780843516	0.0074891604257	0.00236499802917
-jon	0.0176402033385	0.952180991207	0.0122891905006	0.0178896149538
-upu	0.215864655654	0.522384486474	0.181948767058	0.0798020908147
-how	0.536074723765	0.0934150125245	0.0435535272915	0.326956736419
-jok	0.08	0.84	0.0	0.08
-joe	0.5390625	0.25	0.046875	0.1640625
-wye	0.631578947368	0.280701754386	0.0175438596491	0.0701754385965
-bar	0.624060700538	0.155069512932	0.0219673591449	0.198902427385
-bas	0.0529220597514	0.71725835671	0.199841916142	0.0299776673968
-wya	0.291886195996	0.400421496312	0.193888303477	0.113804004215
-dru	0.0	1.0	0.0	0.0
-ase	0.0727272727273	0.845454545455	0.0636363636364	0.0181818181818
-nya	0.0456520677026	0.0448528328504	0.00516701569034	0.904328083757
-isi	0.0315403545779	0.942293204761	0.0171764351364	0.00899000552459
-asa	0.126902532793	0.787560397007	0.0368255499986	0.0487115202014
-nye	0.388479341677	0.370135436311	0.177267272416	0.0641179495971
-yep	0.0400063502143	0.915224638832	0.0133354500714	0.0314335608827
-nyi	0.276271186441	0.539562890277	0.13768956289	0.0464763603925
-yet	0.330128346491	0.40920919155	0.166718122877	0.0939443390817
-asi	0.124390243902	0.875609756098	0.0	0.0
-mba	0.431586164864	0.359667834832	0.111991467317	0.0967545329879
-yek	0.309788787226	0.370261825287	0.0810453168182	0.238904070668
-owo	0.195907773129	0.678593412806	0.0303436099734	0.0951552040912
-yen	0.17091210132	0.287906109731	0.0175152090349	0.523666579914
-iwa	0.570719968911	0.278411002366	0.0610423094134	0.0898267193093
-lta	0.0377358490566	0.924528301887	0.0	0.0377358490566
-yeb	0.506493506494	0.285714285714	0.155844155844	0.051948051948
-ake	0.128597672994	0.729944886712	0.130434782609	0.0110226576852
-juk	0.0883280757098	0.867507886435	0.0	0.0441640378549
-ogo	0.144712361361	0.635598658421	0.0684522625802	0.151236717638
-raw	0.482412060302	0.517587939698	0.0	0.0
-430	0.329411764706	0.0352941176471	0.0	0.635294117647
-gur	0.418181818182	0.481818181818	0.1	0.0
-ras	0.0520556048506	0.913782904466	0.0097604259095	0.0244010647737
-rap	0.0	0.994082840237	0.00591715976331	0.0
-ran	0.169851380042	0.830148619958	0.0	0.0
-eri	0.806825515311	0.0887463496091	0.0226072754529	0.0818208596274
-ral	0.0402266741161	0.905754649214	0.0540186766701	0.0
-ram	0.0512152293885	0.896106248955	0.0	0.0526785216567
-rak	0.0	1.0	0.0	0.0
-ero	0.0	1.0	0.0	0.0
-era	0.0595744680851	0.940425531915	0.0	0.0
-iwo	0.463220675944	0.218687872763	0.294234592445	0.0238568588469
-ere	0.17899543379	0.541552511416	0.153424657534	0.12602739726
-aho	0.050579092915	0.0386624013567	0.0120973569852	0.898661148743
-ugu	0.141028322204	0.520977843196	0.0809068979995	0.257086936601
-poy	0.359312608026	0.300764075455	0.143770389724	0.196152926795
-por	0.0259875602394	0.266302501473	0.0440520505653	0.663657887722
-pos	0.0	1.0	0.0	0.0
-pok	0.373475609756	0.470655487805	0.015243902439	0.140625
-rey	0.218181818182	0.672727272727	0.0545454545455	0.0545454545455
-pon	0.0859399846594	0.759466260079	0.0161076085533	0.138486146708
-uga	0.398609501738	0.48899188876	0.0776361529548	0.0347624565469
-poa	0.596304591265	0.333146696528	0.05039193729	0.020156774916
-ike	0.190677966102	0.56779661017	0.190677966102	0.0508474576271
-uju	0.927276795704	0.0727232042963	0.0	0.0
-500	0.0116776956014	0.459322693655	0.16348773842	0.365511872324
-nop	0.644628099174	0.181818181818	0.0247933884298	0.148760330578
-lam	0.145558165505	0.797835881243	0.0115522353576	0.0450537178944
-nor	0.766816143498	0.0986547085202	0.0	0.134529147982
-nos	0.0397350993377	0.960264900662	0.0	0.0
-lai	0.014844136566	0.985155863434	0.0	0.0
-iki	0.267306798821	0.231763208935	0.0438567402312	0.457073252013
-now	0.378651685393	0.306741573034	0.188764044944	0.125842696629
-lat	0.0829650673401	0.837384259259	0.0457702020202	0.0338804713805
-uja	0.138486653164	0.531666616282	0.221620967986	0.108225762568
-iku	0.636655948553	0.1961414791	0.0385852090032	0.128617363344
-nok	0.0224176582169	0.861700293154	0.0741507156406	0.0417313329884
-iks	0.109998835991	0.799208473985	0.0384122919334	0.052380398091
-non	0.133192389006	0.549682875264	0.0190274841438	0.298097251586
-las	0.0966034633369	0.863573300447	0.0154154462772	0.0244077899388
-kch	0.660377358491	0.339622641509	0.0	0.0
-gek	0.646425073457	0.317662422462	0.0359125040809	0.0
-dot	0.0344827586207	0.896551724138	0.0344827586207	0.0344827586207
-myu	0.0	0.929173693086	0.0101180438449	0.0607082630691
-gen	0.3	0.6	0.0999999999999	0.0
-bon	0.214552941765	0.39792809491	0.0513147941599	0.336204169164
-aha	0.248912097476	0.392515230635	0.229765013055	0.128807658834
-bok	0.175622254434	0.258165445167	0.0187174426041	0.547494857795
-gey	0.0930414334448	0.822349551221	0.0350279866194	0.0495810287153
-bor	0.553437979582	0.18708714219	0.0932474811503	0.166227397077
-doa	0.273309892183	0.551073964329	0.0465208327121	0.129095310776
-don	0.0726609438025	0.917861541789	0.00315917146966	0.00631834293935
-ger	0.84375	0.09375	0.0	0.0625
-dom	0.034835322786	0.954642187592	0.00235285482232	0.00816963479973
-dok	0.0	1.0	0.0	0.0
-ahu	0.0	0.977011494253	0.0	0.0229885057471
-sas	0.0113067046754	0.823924362499	0.00392780417762	0.160841128648
-sar	0.716592427617	0.163697104677	0.0423162583518	0.0773942093541
-sap	0.0578466012048	0.679975696802	0.029409720923	0.232767981071
-saw	0.221151700022	0.229968008333	0.341306450413	0.207573841232
-sat	0.0	1.0	0.0	0.0
-tol	0.448033578116	0.373582682449	0.136899148869	0.0414845905662
-tom	0.0879120879121	0.912087912088	0.0	0.0
-tok	0.542857142857	0.0714285714286	0.185714285714	0.2
-rai	0.0	1.0	0.0	0.0
-mpa	0.297297297297	0.702702702703	0.0	0.0
-oli	0.0175832353153	0.780083535371	0.193181545404	0.00915168390985
-ibo	0.589869281046	0.220588235294	0.150326797386	0.0392156862745
-oll	0.256257004109	0.477026522226	0.188270451998	0.0784460216661
-ibi	0.345679012346	0.654320987654	0.0	0.0
-yka	0.193429536383	0.806570463617	0.0	0.0
-olo	0.366182298547	0.564068692206	0.0	0.069749009247
-sak	0.131550849198	0.787273224644	0.0303307587963	0.050845167362
-ola	0.0883279802702	0.731668573288	0.0543205666778	0.125682879764
-nma	0.213483146067	0.112359550562	0.134831460674	0.539325842697
-san	0.341599720573	0.621376178834	0.0328326929794	0.00419140761439
-sam	0.104171998976	0.885589966726	0.00255950857435	0.00767852572306
-rot	0.0278736028701	0.904763099464	0.0485467340717	0.0188165635937
-iel	0.0439423917545	0.919247227718	0.0243868770993	0.012423503428
-ien	0.588921282799	0.411078717201	0.0	0.0
-tis	0.0379504381096	0.926554109749	0.0174850747335	0.0180103774079
-boy	0.318155780343	0.245012315183	0.0254021663702	0.411429738105
-map	0.0261437908496	0.934640522876	0.0392156862745	0.0
-rom	0.0208841253047	0.678964073784	0.27358664152	0.026565159391
-ron	0.0651483050847	0.912605932203	0.0127118644068	0.00953389830508
-get	0.0	1.0	0.0	0.0
-och	0.278761061947	0.681415929204	0.0	0.0398230088495
-mar	0.55739858476	0.161373223988	0.0379334830762	0.243294708176
-ipo	0.0957535387177	0.798084929226	0.09367194005	0.0124895920067
-win	0.175906504855	0.682430123235	0.05253740945	0.0891259624599
-ipa	0.168333292113	0.0894309944461	0.0228166091021	0.719419104339
-bwa	0.0787938031339	0.665955745135	0.0561924227613	0.19905802897
-ewa	0.74463808451	0.148123605681	0.04704790935	0.0601904004594
-ipu	0.24510735322	0.308379251378	0.395211856356	0.0513015390462
-awk	0.384615384615	0.0769230769231	0.538461538462	0.0
-mai	0.338983050847	0.491525423729	0.0	0.169491525424
-awi	0.0325305926926	0.886992117755	0.0295257588294	0.0509515307233
-awo	0.527060550871	0.355314777064	0.0338300808776	0.0837945911874
-vhi	0.0285714285714	0.771428571429	0.114285714286	0.0857142857143
-awa	0.288079640875	0.138777394758	0.0216548690843	0.551488095283
-mak	0.118469674006	0.357993942674	0.0479416241345	0.475594759185
-ila	0.0525290680517	0.932597532904	0.0106238564599	0.00424954258396
-pii	0.217337714556	0.390128891272	0.273552845071	0.118980549101
-aws	0.143602017266	0.652961791606	0.116676639029	0.0867595520985
-ose	0.49375	0.39375	0.0	0.1125
-say	0.334344013767	0.598787183479	0.0668688027534	0.0
-awu	0.0684075027583	0.615299742552	0.316292754689	0.0
-276	0.0	0.235294117647	0.0	0.764705882353
-wro	0.0212765957447	0.978723404255	0.0	0.0
-sto	0.456896551724	0.23275862069	0.206896551724	0.103448275862
-wka	0.0839758885528	0.048592370697	0.112140558783	0.755291181968
-ail	0.0080971659919	0.943319838057	0.0080971659919	0.0404858299595
-sta	0.0764331210191	0.885350318471	0.0	0.0382165605096
-ecn	0.397435897436	0.320512820513	0.25641025641	0.025641025641
-eyy	0.658536585366	0.170731707317	0.0243902439024	0.146341463415
-eyi	0.476667347912	0.292799237005	0.121670413516	0.108863001567
-eyk	0.367043329811	0.54759775628	0.0341435655638	0.0512153483456
-uch	0.682235834609	0.141653905054	0.176110260337	0.0
-eym	0.367060737689	0.565947188512	0.0502440553491	0.0167480184497
-eyn	0.312418144401	0.388651499812	0.0569802546639	0.241950101123
-eya	0.202806637582	0.145156064849	0.0420063641972	0.610030933371
-200	0.0476190476191	0.142857142857	0.0646258503401	0.744897959184
-eye	0.402461714613	0.393158723343	0.083583798483	0.120795763561
-iok	0.0384748700173	0.945580589255	0.0	0.0159445407279
-oba	0.560451167603	0.286195480472	0.0245049170602	0.128848434865
-ois	0.352941176471	0.546218487395	0.100840336134	0.0
-ion	0.100719833841	0.812644037898	0.0301590462913	0.05647708197
-len	0.0705147925152	0.849567456068	0.0647581809122	0.0151595705042
-iol	0.590361445783	0.373493975904	0.0361445783133	0.0
-mun	0.279180903374	0.340927786682	0.0323652736097	0.347526036334
-muk	0.340205885351	0.389332983882	0.0474672024927	0.222993928275
-mur	0.322135296825	0.428439944777	0.169351127473	0.080073630925
-ios	0.05	0.933333333333	0.0	0.0166666666667
-ema	0.306899227671	0.347991574591	0.225564465467	0.119544732271
-ytu	0.0714285714286	0.760204081633	0.030612244898	0.137755102041
-let	0.223183391003	0.756055363322	0.0207612456747	0.0
-lev	0.142857142857	0.785714285714	0.0714285714286	0.0
-iot	0.0	1.0	0.0	0.0
-eem	0.125296088331	0.443438871325	0.0668522625395	0.364412777804
-een	0.371430920425	0.429375683042	0.0980213550604	0.101172041473
-eek	0.446280991736	0.504132231405	0.0495867768595	0.0
-kpi	0.125748502994	0.0718562874252	0.425149700599	0.377245508982
-iba	0.245614783072	0.494580250808	0.127400106588	0.132404859533
-gin	0.15652173913	0.478260869565	0.260869565217	0.104347826087
-ndo	0.230769230769	0.769230769231	0.0	0.0
-ali	0.0423076923077	0.860256410256	0.0871794871795	0.0102564102564
-nda	0.0384615384616	0.961538461538	0.0	0.0
-eev	0.354200988468	0.250411861614	0.343492586491	0.0518945634267
-nde	0.0398230088495	0.880530973451	0.0	0.0796460176991
-ala	0.00188821752266	0.998111782477	0.0	0.0
-lon	0.0591853442114	0.83277139936	0.0438994815655	0.064143774863
-120	0.0176991150442	0.106194690265	0.0	0.87610619469
-iga	0.390158587894	0.273651523909	0.0914492501532	0.244740638044
-yow	0.58452722063	0.127029608405	0.0821394460363	0.206303724928
-eho	0.0	1.0	0.0	0.0
-yok	0.339731285989	0.498080614203	0.031669865643	0.130518234165
-rut	0.0	1.0	0.0	0.0
-yon	0.307166278959	0.391345527621	0.0260764684142	0.275411725006
-ybi	0.166666666667	0.694444444444	0.138888888889	0.0
-gwa	0.162745355318	0.361135598931	0.266951597196	0.209167448555
-chi	0.33024887287	0.13938602919	0.0497370998593	0.480627998081
-cho	0.768290685715	0.045982869264	0.0119507944189	0.173775650602
-gwi	0.0383397232872	0.90852642107	0.0277129521587	0.0254209034839
-cha	0.0668437769571	0.0355865041446	0.00962366092356	0.887946057975
-pen	0.119308047361	0.775965362933	0.0233787459989	0.0813478437073
-ros	0.093023255814	0.860465116279	0.046511627907	0.0
-ogu	0.0212765957447	0.425531914894	0.340425531915	0.212765957447
-pei	0.58407079646	0.362831858407	0.0	0.0530973451327
-gwo	0.435886214442	0.453829321663	0.0787746170679	0.0315098468271
-pek	0.0363921416502	0.686088386557	0.0262388201294	0.251280651664
-pet	0.0326665034825	0.938338636819	0.012683860344	0.0163109993547
-153	0.0	0.0420168067227	0.252100840336	0.705882352941
-eli	0.0	0.949367088608	0.0253164556962	0.0253164556962
-iyi	0.147958813917	0.723571570773	0.0868206865074	0.0416489288023
-ell	0.242683797288	0.638115631692	0.0206995003569	0.0985010706638
-oga	0.257244663455	0.547043355283	0.12726499315	0.0684469881115
-iya	0.224524268206	0.620136795544	0.07979632081	0.0755426154395
-chu	0.465595992887	0.293041273288	0.0628797100115	0.178483023814
-ego	0.133333333333	0.2	0.666666666667	0.0
-war	0.676410708923	0.108177606732	0.0999476407786	0.115464043567
-itu	0.528845059707	0.0968787374523	0.0387075078708	0.33556869497
-100	0.0190590425842	0.0416722433939	0.0967612931198	0.842507420902
-ito	0.589938416826	0.17022806601	0.056548229179	0.183285287986
-esi	0.0033836176512	0.99055406739	0.0043705061328	0.0016918088256
-esh	0.278131747937	0.543511168081	0.119782248283	0.0585748356989
-eso	0.0	1.0	0.0	0.0
-iti	0.0191255519771	0.0394061740323	0.00741334063083	0.93405493336
-esa	0.173796791444	0.693675889328	0.0941641478726	0.0383631713555
-ita	0.281055214263	0.123067799548	0.0253784594818	0.570498526708
-spa	0.0522875816993	0.908496732026	0.0392156862745	0.0
-bru	0.00391772771792	0.964740450539	0.0274240940255	0.00391772771792
-iip	0.279661016949	0.60593220339	0.0635593220339	0.0508474576271
-666	0.065934065934	0.0	0.0	0.934065934066
-far	0.427299703264	0.359050445104	0.0356083086053	0.178041543027
-uda	0.0357986326911	0.851833436917	0.102175264139	0.0101926662523
-tey	0.571094207139	0.297249853716	0.0491515506144	0.0825043885313
-woy	0.141167624494	0.686871697669	0.0855060447707	0.0864546330668
-abu	0.343302559567	0.516662562381	0.0232788384704	0.116756039582
-wor	0.956202017449	0.0169286065753	0.00196771850294	0.0249016574724
-loy	0.0	0.966666666667	0.0	0.0333333333333
-wou	0.768292682927	0.0731707317073	0.146341463415	0.0121951219512
-wow	0.0858742999378	0.838830118233	0.0360920970753	0.0392034847542
-uto	0.212244897959	0.416326530612	0.159183673469	0.212244897959
-abe	0.578358208955	0.365671641791	0.0	0.0559701492538
-wok	0.216641988192	0.250231716398	0.0413688670803	0.49175742833
-pwa	0.0407487481076	0.908545347652	0.0208650033021	0.0298409009379
-aba	0.118656803619	0.342786563055	0.102477655691	0.436078977635
-woo	0.505681818182	0.357954545455	0.0340909090909	0.102272727273
-won	0.272354377096	0.433171950457	0.0666322666222	0.227841405824
-woa	0.263401109057	0.695009242144	0.0	0.0415896487985
-abo	0.164953079783	0.630030124811	0.0591940683613	0.145822727044
-lot	0.0747150364666	0.910977828891	0.00953808976172	0.00476904488084
-var	0.500764525994	0.387996941896	0.0711009174311	0.0401376146789
-gba	0.9	0.1	0.0	0.0
-kon	0.311469343759	0.598907375103	0.0528385493876	0.0367847317507
-aem	0.00420168067227	0.975630252101	0.0	0.0201680672269
-sop	0.238442822385	0.609489051095	0.139902676399	0.0121654501217
-sos	0.0434782608695	0.895652173913	0.0	0.0608695652174
-los	0.0854741896758	0.882112845138	0.00576230492197	0.0266506602641
-sol	0.0375358696659	0.933999814866	0.0034712579839	0.024993057484
-kow	0.394696613358	0.494179209784	0.0518579492003	0.0592662276576
-son	0.0376831821354	0.876482903001	0.0774598743894	0.00837404047454
-kop	0.00197991797483	0.992080328101	0.0	0.00593975392448
-kos	0.0	0.990825688073	0.00917431192661	0.0
-kor	0.699824645305	0.261916148573	0.0318826717679	0.00637653435359
-vak	0.517418617933	0.259851513421	0.191890348372	0.0308395202741
-ora	0.0	0.970833333333	0.0	0.0291666666667
-ore	0.714285714286	0.168067226891	0.00840336134454	0.109243697479
-owi	0.0578263488512	0.663368040616	0.105326563979	0.173479046554
-min	0.0	1.0	0.0	0.0
-rus	0.0540084799983	0.0394341607296	0.0806901113677	0.825867247904
-liv	0.0853168469861	0.910664605873	0.0	0.00401854714065
-lip	0.00802034428795	0.987089201878	0.0	0.00489045383412
-jel	0.0152635996331	0.95924501786	0.0149122635801	0.0105791189273
-lis	0.037562731282	0.81218634359	0.035585745425	0.114665179703
-lil	0.0	1.0	0.0	0.0
-ruk	0.131407733458	0.224614050025	0.173818053302	0.470160163215
-omi	0.0567375886525	0.843971631206	0.063829787234	0.0354609929078
-ipi	0.118755890669	0.720075400566	0.147031102733	0.0141376060321
-omo	0.254215365802	0.421724713684	0.198951155845	0.125108764669
-lii	0.270476190476	0.626666666667	0.0114285714286	0.0914285714286
-ici	0.157894736842	0.657894736842	0.0526315789474	0.131578947368
-lik	0.772727272727	0.128787878788	0.0	0.0984848484848
-dak	0.175288918203	0.0754475000458	0.0357674322974	0.713496149454
-oma	0.16711726821	0.469249307259	0.198462252074	0.165171172458
-jey	0.176374672697	0.671506784099	0.0424898833611	0.109628659843
-lia	0.0356200527704	0.944591029024	0.0197889182058	0.0
-eas	0.225352112676	0.690140845071	0.0422535211267	0.0422535211267
-eat	0.0	1.0	0.0	0.0
-nan	0.459477676833	0.26750204877	0.0912498914927	0.181770382904
-abi	0.240386379318	0.615697032823	0.107331623042	0.036584964817
-oda	0.10239275706	0.852338866135	0.0194007329166	0.0258676438888
-kek	0.274378461935	0.607110653098	0.0412211773799	0.0772897075873
-odi	0.379146919431	0.402843601896	0.127962085308	0.0900473933649
-gii	0.307034617408	0.502503355167	0.117169159835	0.0732928675899
-eam	0.00477326968973	0.97765241918	0.0	0.0175743111304
-bga	0.515625	0.359375	0.0625	0.0625
-ean	0.108527131783	0.821705426357	0.0620155038759	0.0077519379845
-uri	0.356367850353	0.50010192578	0.0815959491844	0.0619342746821
-ura	0.0268456375839	0.235959025079	0.160014129283	0.577181208054
-ure	0.336206896552	0.431034482759	0.129310344828	0.103448275862
-eha	0.160341744486	0.344923504868	0.426385853368	0.068348897278
-kya	0.075	0.875	0.05	0.0
-kye	0.4375	0.3125	0.0625	0.1875
-kyi	0.0327868852459	0.918032786885	0.0491803278689	0.0
-ipe	0.251036682616	0.676236044657	0.00956937799042	0.0631578947369
-uru	0.10000744103	0.658233499516	0.228365205744	0.0133938537094
-jik	0.28638274447	0.481892036166	0.0408701164381	0.190855102926
-waw	0.0869565217391	0.536231884058	0.31884057971	0.0579710144928
-pai	0.00568450971106	0.965892941734	0.0	0.0284225485552
-dur	0.272869429242	0.664581704457	0.0625488663018	0.0
-pak	0.163339342549	0.584812241457	0.0276255880329	0.224222827961
-was	0.138089144807	0.75215203862	0.0749820663448	0.0347767502278
-pam	0.312849162011	0.653631284916	0.0335195530726	0.0
-waq	0.517930468108	0.409800164249	0.0271010128661	0.0451683547769
-ape	0.249329758713	0.723860589813	0.0268096514745	0.0
-ais	0.306298342541	0.619447513812	0.0437569060774	0.0304972375691
-api	0.378287490879	0.45531550395	0.0896227911551	0.076774214016
-apo	0.208292132368	0.119558688534	0.108523408125	0.563625770973
-way	0.191595231563	0.143725965103	0.240730938007	0.423947865327
-wag	0.561194029851	0.34328358209	0.0	0.0955223880597
-pay	0.442786069652	0.134328358209	0.422885572139	0.0
-pap	0.408450704225	0.43427230047	0.0492957746479	0.107981220657
-wan	0.127411219741	0.807437629225	0.0330336695477	0.0321174814863
-par	0.550666932112	0.13517818037	0.22098347601	0.0931714115071
-pas	0.0480457169502	0.919947053011	0.0157336807497	0.0162735492896
-pat	0.0	1.0	0.0	0.0
-tuk	0.231759656652	0.716738197425	0.0515021459227	0.0
-ini	0.0318497345855	0.943650469579	0.00734993875051	0.0171498570846
-suw	0.942307692308	0.0576923076923	0.0	0.0
-ken	0.441584361851	0.232650138698	0.0929620577071	0.232803441743
-kem	0.0	1.0	0.0	0.0
-sut	0.0	0.968586387435	0.0	0.0314136125654
-sus	0.164835164835	0.679945054945	0.0425824175824	0.112637362637
-sun	0.174757281553	0.78640776699	0.0388349514563	0.0
-ket	0.0339416058394	0.929197080292	0.0109489051095	0.0259124087591
-kok	0.608013196072	0.251377496931	0.033687646468	0.106921660529
-yik	0.26188151366	0.412789191559	0.0687330524128	0.256596242368
-iyu	0.0	1.0	0.0	0.0
-sua	0.120767960363	0.835879438481	0.0123864574732	0.0309661436829
-eti	0.541806020067	0.354515050167	0.0133779264214	0.0903010033445
-dia	0.026024156394	0.962520234093	0.00473166479891	0.00672394471423
-ork	0.242424242424	0.590909090909	0.0	0.166666666667
-dii	0.114593425441	0.503743308618	0.0575347791407	0.3241284868
-dik	0.0633747029311	0.762344864008	0.0633747029311	0.110905730129
-ori	0.427581579899	0.28019456417	0.0207921242901	0.271431731642
-dis	0.0	1.0	0.0	0.0
-oro	0.179442222344	0.528382006465	0.199030190126	0.0931455810641
-ska	0.0	1.0	0.0	0.0
-iha	0.403078255283	0.558792720569	0.0163410103493	0.0217880137991
-uku	0.426446110904	0.454231621419	0.0401983042793	0.0791239633968
-ktu	0.155172413793	0.396551724138	0.344827586207	0.103448275862
-ski	0.175438596491	0.491228070175	0.333333333333	0.0
-ihi	0.253687315634	0.551622418879	0.0973451327433	0.0973451327433
-vek	0.351952841787	0.37133940674	0.0728178293352	0.203889922139
-ova	0.0305810397553	0.874617737003	0.0183486238532	0.0764525993885
-yad	0.673913043478	0.152173913043	0.0434782608696	0.130434782609
-uka	0.286487598087	0.547876664195	0.110038441235	0.0555972964833
-ver	0.0291433617898	0.964674712982	0.00264939652635	0.0035325287018
-nna	0.383419689119	0.461139896373	0.0880829015544	0.0673575129533
-ovu	0.336302895323	0.45434298441	0.0133630289532	0.195991091314
-vey	0.105263157895	0.491228070175	0.40350877193	0.0
-ait	0.0730816077954	0.804647240701	0.122271151504	0.0
-vai	0.0236406619385	0.958497504597	0.00840556868925	0.0094562647754
-tir	0.698113207547	0.301886792453	0.0	0.0
-ohe	0.630722751569	0.259121543109	0.0599581687195	0.0501975366024
-nga	0.396239029073	0.402067334065	0.11468047175	0.0870131651124
-aia	0.0220233998624	0.953517920483	0.00635290380645	0.0181057758484
-tia	0.0714285714285	0.875	0.00892857142857	0.0446428571428
-ono	0.301805674978	0.698194325022	0.0	0.0
-aim	0.0	1.0	0.0	0.0
-ngi	0.043956043956	0.850549450549	0.0791208791209	0.0263736263736
-tin	0.277845340938	0.385746037071	0.27564371383	0.0607649081606
-ain	0.047784206151	0.913202935128	0.0163644541613	0.0226484045593
-aii	0.0	0.942857142857	0.0571428571429	0.0
-tii	0.245859454298	0.167442863458	0.0348999861984	0.551797696046
-aik	0.223880597015	0.641791044776	0.134328358209	0.0
-tik	0.41864353875	0.250267546598	0.277133684117	0.053955230536
-eme	0.0243629583592	0.973548788067	0.0	0.00208825357365
-iva	0.334358974359	0.43452991453	0.214700854701	0.0164102564103
-jas	0.190797333932	0.52970822442	0.170298446815	0.109195994833
-uwa	0.591166956623	0.277103484681	0.0578441249142	0.0738854337821
-emo	0.247529901196	0.699427977119	0.0478419136766	0.00520020800833
-emi	0.127659574468	0.856382978723	0.0159574468085	0.0
-emk	0.244672454617	0.56590370955	0.189423835833	0.0
