-nlê	0.141509433962	0.603773584906	0.0566037735849	0.198113207547
-can	0.173865966277	0.412466186124	0.258494393161	0.155173454438
-car	0.0472451303792	0.02657428566	0.00510714346927	0.921073440491
-caw	0.183745583039	0.699646643109	0.116607773852	0.0
-ive	0.769986526407	0.165340229135	0.0175742512114	0.0470989932465
-xla	0.134720635112	0.8484392855	0.0	0.0168400793889
-cay	0.0	1.0	0.0	0.0
-idî	0.505606166783	0.322494744219	0.040364400841	0.131534688157
-rpê	0.048128342246	0.366310160428	0.585561497326	0.0
-idê	0.209065679926	0.756244218316	0.0222016651249	0.0124884366327
-îdê	0.10073452256	0.887722980063	0.0115424973767	0.0
-wat	0.369127516779	0.395973154362	0.234899328859	0.0
-içe	0.785049727302	0.060635226179	0.0202117420597	0.134103304459
-gêr	0.490131578947	0.504934210526	0.00493421052631	0.0
-gêj	0.5268935236	0.110867178924	0.2634467618	0.0987925356751
-gên	0.0473570592651	0.892228537326	0.014360514181	0.0460538892282
-înû	0.28813559322	0.64406779661	0.0	0.0677966101695
-rbe	0.0	1.0	0.0	0.0
-rbû	0.208436724566	0.70223325062	0.0	0.0893300248139
-ivê	0.103636277438	0.0818280946286	0.0467453657611	0.767790262172
-xlê	0.243670886076	0.756329113924	0.0	0.0
-ivî	0.852194235264	0.0732277330564	0.00737470786809	0.067203323812
-ido	0.00683060109289	0.0327868852459	0.0286885245902	0.931693989071
-şek	0.0845986984815	0.824295010846	0.0780911062906	0.0130151843818
-oyî	0.379746835443	0.326582278481	0.259493670886	0.0341772151899
-ide	0.53121463801	0.0506702521761	0.00775585311778	0.410359256696
-ûvî	0.338709677419	0.612903225806	0.0483870967742	0.0
-oyê	0.230769230769	0.644615384615	0.00923076923076	0.115384615385
-ida	0.548463504332	0.21633526564	0.0702279291072	0.16497330092
-şer	0.245799011532	0.724546952224	0.00790774299835	0.0217462932455
-çim	0.874508460453	0.0520975151275	0.0111956986402	0.0621983257791
-çil	0.0139592976269	0.022040996253	0.0	0.96399970612
-çik	0.108424336974	0.495319812792	0.0491419656787	0.347113884555
-şev	0.021974668091	0.893483900504	0.00869830611934	0.0758431252862
-îda	0.027027027027	0.878378378378	0.027027027027	0.0675675675675
-ngê	0.082652973802	0.174564361567	0.0202317131577	0.722550951473
-içî	0.838461538462	0.0846153846154	0.0384615384615	0.0384615384615
-gya	0.018018018018	0.90990990991	0.072072072072	0.0
-içû	0.549540078844	0.212877792379	0.0204993429698	0.217082785808
-ûkê	0.190742860679	0.764704062374	0.030630240401	0.0139228365459
-ûkî	0.0150753768844	0.572864321608	0.391959798995	0.0201005025125
-ije	0.527626985809	0.0683243803595	0.352399333345	0.0516493004865
-ênû	0.536159600998	0.344139650873	0.0523690773068	0.0673316708229
-ênî	0.184708139216	0.740476842971	0.0468621540148	0.0279528637983
-îje	0.560038424592	0.21613832853	0.045148895293	0.178674351585
-ênê	0.293978748524	0.677685950413	0.0141676505313	0.0141676505313
-por	0.204968944099	0.645962732919	0.0745341614907	0.0745341614906
-ûêl	0.00980392156863	0.980392156863	0.00980392156863	0.0
-edî	0.0886208704772	0.901940220241	0.00314630309387	0.00629260618773
-şeş	0.0813008130081	0.0423749692042	0.0280857354028	0.848238482385
-yas	0.0038279954064	0.995278805665	0.000893198928161	0.0
-yar	0.528851557635	0.185989641083	0.162993453529	0.122165347753
-yam	0.547067066357	0.191443319084	0.133352253579	0.128137360981
-yal	0.233644859813	0.476635514019	0.140186915888	0.14953271028
-yan	0.166976059512	0.481547287639	0.183443169414	0.168033483434
-ûke	0.0413385826772	0.799212598425	0.0767716535433	0.0826771653543
-ijî	0.610955414013	0.111210191083	0.0764331210191	0.201401273885
-êne	0.505381303813	0.42081795818	0.0507380073801	0.0230627306273
-ênc	0.00941573726847	0.0417052224874	0.000487020893197	0.948392019351
-çêr	0.447058823529	0.418487394958	0.0873949579832	0.0470588235294
-çên	0.0189873417722	0.930379746835	0.0316455696202	0.0189873417721
-ade	0.445882805514	0.0757608801516	0.439827662294	0.0385286520407
-ada	0.221893491124	0.592702169625	0.0828402366864	0.102564102564
-erû	0.57469621158	0.296283059328	0.0500357398142	0.078984989278
-sek	0.0626708097787	0.515480513646	0.0159484856426	0.405900190933
-sed	0.0320179993077	0.416233991	0.0327597290214	0.518988280671
-erê	0.114797513902	0.317513881423	0.0423075361689	0.525381068506
-erî	0.308293551844	0.379159281052	0.124178122946	0.188369044159
-ohn	0.044955044955	0.887612387612	0.0599400599401	0.00749250749251
-ser	0.0491253097472	0.0452211784847	0.00757506003959	0.898078451728
-ştî	0.134034770569	0.277052474073	0.0370014912312	0.551911264127
-ozê	0.165702791049	0.646467186321	0.0369625345738	0.150867488056
-ozî	0.188361408882	0.6202143951	0.0918836140888	0.0995405819295
-azî	0.694165827016	0.100046257551	0.0951213315192	0.110666583914
-azê	0.296296296296	0.481481481481	0.0	0.222222222222
-uje	0.646153846154	0.295266272189	0.00621301775148	0.0523668639054
-şid	0.335877862595	0.198473282443	0.030534351145	0.435114503817
-adî	0.410344827586	0.51724137931	0.0586206896552	0.0137931034483
-adê	0.152207001522	0.808219178082	0.0	0.0395738203957
-qul	0.799373040752	0.144200626959	0.0282131661442	0.0282131661442
-zor	0.434060228453	0.142263759086	0.252336448598	0.171339563863
-erx	0.0153700638449	0.969732797352	0.00354693781036	0.0113502009931
-xos	0.102097902098	0.822377622378	0.0587412587412	0.0167832167832
-erz	0.117735849057	0.157735849057	0.710943396226	0.0135849056604
-raz	0.380620645979	0.224192526916	0.0835972134262	0.31158961368
-rax	0.0193548387097	0.912903225806	0.0483870967742	0.0193548387097
-rav	0.226976744186	0.548372093023	0.193953488372	0.0306976744186
-erq	0.584830339321	0.189620758483	0.111776447106	0.11377245509
-rat	0.0456621004566	0.940639269406	0.013698630137	0.0
-rar	0.474358974359	0.461538461539	0.0608974358974	0.00320512820513
-ras	0.374234267681	0.54947094858	0.0517913495452	0.0245034341934
-raq	0.0	1.0	0.0	0.0
-ran	0.102330278458	0.604222791064	0.0977591942724	0.195687736206
-şta	0.23064804723	0.600748398478	0.0297773190079	0.138826235284
-iwa	0.856255545697	0.10115350488	0.0319432120674	0.0106477373558
-ram	0.054794520548	0.43432715552	0.486704270749	0.0241740531829
-seû	0.525547445256	0.36496350365	0.0875912408759	0.021897810219
-erm	0.178126180582	0.156592368719	0.634114091424	0.0311673592746
-rah	0.0	1.0	0.0	0.0
-era	0.289078343927	0.270398163594	0.0581658309787	0.3823576615
-erb	0.73417721519	0.170886075949	0.0949367088608	0.0
-rab	0.0445672662215	0.240247915402	0.704642024216	0.0105427941599
-ere	0.683067634825	0.166968600393	0.0535927344123	0.0963710303696
-erf	0.508422664625	0.399693721286	0.0551301684533	0.0367534456355
-awî	0.0248388829216	0.52627103473	0.432107053348	0.0167830290011
-oza	0.325651107564	0.642036827967	0.00233581188928	0.0299762525791
-swa	0.522786304605	0.149940968123	0.055253837072	0.272018890201
-blê	0.159292035398	0.796460176991	0.0	0.0442477876106
-urû	0.24966442953	0.638926174497	0.111409395973	0.0
-mtî	0.493492407809	0.376355748373	0.0715835140997	0.058568329718
-aze	0.624274125208	0.196689654976	0.0431710201529	0.135865199664
-aza	0.259447218579	0.362867685991	0.0222383330211	0.355446762408
-nox	0.0	1.0	0.0	0.0
-ike	0.395348586588	0.0699178485624	0.00932769835951	0.52540586649
-ika	0.278088152723	0.591746209994	0.0756597417181	0.0545058955643
-vîû	0.584615384615	0.276923076923	0.0	0.138461538462
-nor	0.183767228178	0.505359877489	0.168453292496	0.142419601838
-nos	0.0202702702703	0.97972972973	0.0	0.0
-not	0.0310294976121	0.0148134508171	0.0724021610948	0.881754890476
-êmê	0.0515835598203	0.902379499695	0.0133118864052	0.0327250540795
-nok	0.266103484688	0.434002111932	0.249208025343	0.0506863780359
-vîç	0.508196721311	0.131147540984	0.295081967213	0.0655737704918
-rîû	0.623700623701	0.376299376299	0.0	0.0
-tov	0.1351171459	0.857258689128	0.0	0.00762416497242
-tor	0.0711743772242	0.88256227758	0.0462633451957	0.0
-tos	0.0118508655127	0.944007989348	0.0273635153129	0.0167776298269
-vok	0.106060606061	0.893939393939	0.0	0.0
-toz	0.8828125	0.1171875	0.0	0.0
-rot	0.858490566038	0.122641509434	0.0188679245283	0.0
-ima	0.0909968854749	0.0346417367013	0.00590748095103	0.868453896873
-rov	0.046450021935	0.77079963924	0.0359518477855	0.146798491039
-ros	0.0140845070423	0.957746478873	0.0281690140845	0.0
-xya	0.0290088638195	0.912973408541	0.058017727639	0.0
-rox	0.0230061349693	0.976993865031	0.0	0.0
-roz	0.116268124149	0.495783166199	0.349672154777	0.0382765548747
-roj	0.0207164255003	0.901467501214	0.0244712776222	0.0533447956633
-rok	0.0364594772677	0.879749615638	0.071052053591	0.0127388535032
-vîr	0.020325203252	0.973577235772	0.00609756097561	0.0
-noû	0.304347826087	0.608695652174	0.0434782608696	0.0434782608696
-ikî	0.570341643583	0.119667590028	0.0382640812558	0.271726685134
-ikê	0.0725233801708	0.717886988125	0.0320030556263	0.177586576078
-vîk	0.0738007380073	0.889298892989	0.0369003690037	0.0
-êma	0.0652155921543	0.810229247703	0.00198626168998	0.122568898452
-vîn	0.647547100375	0.276136491418	0.0324616910134	0.0438547171933
-vîm	0.537080146325	0.27003658131	0.054871965414	0.13801130695
-ême	0.969788519637	0.012084592145	0.0181268882175	0.0
-rîs	0.280304370908	0.719695629092	0.0	0.0
-rîb	0.0856560163155	0.649218218899	0.194425560843	0.070700203943
-rîn	0.522188875081	0.290088864921	0.110405089607	0.0773171703909
-rîm	0.626008761817	0.329029282914	0.0311275074937	0.0138344477749
-qat	0.212542511223	0.452809141613	0.219561964359	0.115086382805
-lfa	0.0186858715902	0.946278119178	0.0350360092317	0.0
-zîm	0.916666666667	0.0	0.0833333333334	0.0
-zîl	0.263636363636	0.509090909091	0.1	0.127272727273
-zîk	0.140722955849	0.0872348939576	0.0218754168334	0.75016673336
-ûvê	0.139240506329	0.841772151899	0.0189873417722	0.0
-zîv	0.0167224080268	0.920847268673	0.0624303232999	0.0
-zîq	0.528875379939	0.0273556231003	0.0	0.443768996961
-esû	0.048813559322	0.951186440678	0.0	0.0
-lek	0.0971675826543	0.0646462874931	0.64038472612	0.197801403732
-lem	0.164921465969	0.197643979058	0.578534031414	0.0589005235602
-lef	0.426395939086	0.573604060914	0.0	0.0
-itî	0.566624230851	0.310842350944	0.0945257797581	0.0280076384468
-esê	0.0441551918972	0.63533252417	0.00703134809358	0.313480935839
-lez	0.568961263262	0.0979521342215	0.102146558105	0.230940044411
-ûfa	0.29945553539	0.70054446461	0.0	0.0
-itê	0.818181818182	0.0454545454545	0.113636363636	0.0227272727273
-fsa	0.142980935875	0.575389948007	0.263431542461	0.0181975736569
-mur	0.0129310344828	0.974137931034	0.0129310344828	0.0
-ulî	0.0268456375839	0.973154362416	0.0	0.0
-let	0.0582228591902	0.894034396274	0.020870655679	0.026872088857
-lew	0.246153846154	0.4	0.153846153846	0.2
-çin	0.547414175463	0.241284485053	0.0303379756941	0.18096336379
-spî	0.0658227848101	0.444585091421	0.478902953587	0.0106891701828
-san	0.286977491961	0.461414790997	0.162379421222	0.0892282958199
-işe	0.74011299435	0.0677966101695	0.124293785311	0.0677966101694
-sal	0.0380275433141	0.94669035984	0.0110173256331	0.00426477121279
-nîs	0.0	1.0	0.0	0.0
-nîv	0.0	0.314814814815	0.0740740740741	0.611111111111
-nîn	0.745072300137	0.135220981323	0.0216968427353	0.0980098758043
-nîm	0.909090909091	0.0363636363636	0.0545454545455	0.0
-pel	0.170454545455	0.761363636364	0.0340909090909	0.0340909090909
-jik	0.300067888663	0.328581126952	0.363204344874	0.0081466395112
-yfa	0.809782608696	0.157608695652	0.0	0.0326086956522
-pev	0.899082568807	0.100917431193	0.0	0.0
-pey	0.676525737864	0.0378391666707	0.00448285668838	0.281152238777
-pez	0.178571428571	0.75	0.0714285714286	0.0
-ytê	0.120401337793	0.558528428094	0.321070234114	0.0
-esp	0.019801980198	0.980198019802	0.0	0.0
-est	0.606377621326	0.191560705715	0.052138297344	0.149923375614
-esh	0.783132530121	0.175559380379	0.0206540447504	0.0206540447504
-esm	0.0258620689655	0.762931034483	0.137931034483	0.0732758620689
-xne	0.572815533981	0.320388349515	0.106796116505	0.0
-fsî	0.287878787879	0.363636363636	0.318181818182	0.030303030303
-ite	0.498277927523	0.384496356195	0.0606718578417	0.0565538584406
-fsê	0.0398454479595	0.751026322144	0.189567737262	0.0195604926346
-fan	0.131237370106	0.846965419634	0.0	0.0217972102598
-jên	0.0249972225308	0.911269118246	0.00759174906492	0.0561419101582
-jêr	0.0243676222597	0.783136593592	0.00480607082631	0.187689713322
-uda	0.782608695652	0.142857142857	0.0	0.0745341614906
-fat	0.0	1.0	0.0	0.0
-nîû	0.372222222222	0.411111111111	0.15	0.0666666666667
-rmo	0.0	0.0178571428571	0.982142857143	0.0
-aet	0.0363118220261	0.794539437397	0.0296469939327	0.139501746645
-yfê	0.498591549296	0.332394366197	0.169014084507	0.0
-lsî	0.0862068965517	0.577586206897	0.26724137931	0.0689655172414
-uçê	0.138939011187	0.821364128473	0.0396968603392	0.0
-kra	0.237146529563	0.533419023136	0.0719794344473	0.157455012853
-edê	0.0049843151872	0.976313620077	0.00851577867681	0.0101862860594
-tno	0.118891320204	0.401167031364	0.442013129103	0.0379285193289
-ûzê	0.359701027717	0.160697601993	0.445344129555	0.034257240735
-vno	0.0457746478873	0.924295774648	0.0211267605634	0.0088028169014
-aêl	0.00539811066126	0.987404408457	0.00539811066127	0.00179937022042
-ize	0.434551298629	0.345439095578	0.160158126131	0.0598514796616
-rne	0.355263157895	0.434210526316	0.0789473684211	0.131578947368
-iza	0.408772748483	0.474568362109	0.0354643023799	0.0811945870275
-rna	0.345894684302	0.258797105066	0.121287746444	0.274020464188
-rno	0.209514525249	0.648352505362	0.11756677715	0.0245661922402
-ihê	0.0701465749327	0.464178881244	0.025351480706	0.440323063117
-ura	0.0798722044728	0.900958466454	0.0191693290735	0.0
-ihî	0.0735677083334	0.675130208333	0.0	0.251302083333
-ure	0.367280606717	0.132177681473	0.481040086674	0.0195016251354
-urz	0.113924050633	0.886075949367	0.0	0.0
-îhî	0.348066298342	0.519337016575	0.0994475138121	0.0331491712707
-klê	0.0843989769821	0.742966751918	0.0575447570332	0.115089514066
-îhê	0.0497032640949	0.918644906034	0.0116221562809	0.0200296735905
-ihû	0.0122425629291	0.833180778032	0.129061784897	0.0255148741419
-wza	0.0470588235294	0.952941176471	0.0	0.0
-urt	0.138101223138	0.182428496981	0.562674350878	0.116795929003
-zno	0.403778040142	0.596221959858	0.0	0.0
-bêj	0.302889095993	0.520969245107	0.153774464119	0.022367194781
-bên	0.815589160632	0.0655503079869	0.012325919277	0.106534612104
-bêm	0.87365475678	0.0174343521309	0.010439087387	0.0984718037021
-uşt	0.817050691244	0.149769585253	0.00552995391705	0.0276497695852
-bêz	0.205128205128	0.769230769231	0.0	0.025641025641
-bêt	0.016	0.984	0.0	0.0
-krê	0.303514376997	0.619808306709	0.0670926517572	0.00958466453674
-izî	0.368673050616	0.320451436388	0.0338577291382	0.277017783858
-rnê	0.681818181818	0.154545454545	0.163636363636	0.0
-izê	0.0	0.912727272727	0.0872727272727	0.0
-urê	0.00145219846712	0.958511496571	0.000363049616781	0.0396732553449
-iha	0.0672038787008	0.0403357949316	0.063320688649	0.829139637719
-urî	0.0720338983051	0.580508474576	0.338983050847	0.00847457627118
-şin	0.531067759983	0.373020336876	0.0532843906338	0.042627512507
-şim	0.661985957874	0.13741223671	0.200601805416	0.0
-şil	0.21685689201	0.189640035119	0.577699736611	0.0158033362599
-şik	0.0661577608142	0.557251908397	0.325699745547	0.0508905852417
-wzê	0.407766990291	0.533980582524	0.0582524271845	0.0
-îhn	0.384210526316	0.310526315789	0.305263157895	0.0
-nno	0.143706843509	0.448143843577	0.340466261024	0.0676830518903
-nna	0.0106262432956	0.958804421726	0.0140508145947	0.0165185203838
-bêû	0.590361445783	0.21686746988	0.0722891566265	0.120481927711
-bûû	0.270676691729	0.315789473684	0.210526315789	0.203007518797
-rûm	0.5565291729	0.228040179526	0.161572985681	0.0538576618936
-rûn	0.421647762109	0.541371137317	0.027498767094	0.0094823334807
-rûd	0.110778443114	0.422155688623	0.458083832335	0.00898203592814
-xîs	0.0	1.0	0.0	0.0
-rûx	0.0	1.0	0.0	0.0
-xîn	0.229281767956	0.754143646409	0.0	0.0165745856354
-rûs	0.0035335689046	0.985637752194	0.00273566624871	0.00809301265246
-rût	0.107569721116	0.609561752988	0.0199203187251	0.262948207171
-êle	0.700708883509	0.131929710706	0.0277063624791	0.139655043307
-ajî	0.333333333333	0.25	0.0	0.416666666667
-êla	0.192263279446	0.279445727483	0.171478060046	0.356812933025
-zer	0.0973451327434	0.560471976401	0.315634218289	0.0265486725664
-pêş	0.234401349072	0.336846543002	0.0552276559865	0.373524451939
-vro	0.0204865556978	0.699530516432	0.26376440461	0.0162185232608
-mrê	0.16207824467	0.727799627406	0.0602359759884	0.0498861519354
-avê	0.157506280705	0.794628880176	0.00871436834653	0.039150470772
-mrî	0.238493723849	0.560669456067	0.112970711297	0.0878661087866
-zûr	0.0977653631284	0.815642458101	0.0	0.0865921787709
-ojê	0.0116038126813	0.970714187042	0.00276281254316	0.0149191877331
-ojî	0.437149719776	0.485988791033	0.0240192153723	0.0528422738191
-frê	0.323368920522	0.621352313167	0.00142348754448	0.0538552787663
-wûl	0.0173170731707	0.960731707317	0.000731707317072	0.0212195121951
-açe	0.732026143791	0.117647058824	0.00653594771242	0.143790849673
-tîb	0.424892703863	0.472103004292	0.103004291845	0.0
-qij	0.323232087409	0.0364905563468	0.606483318936	0.0337940373077
-bûr	0.672	0.187	0.065	0.0759999999999
-tîm	0.214285714286	0.0	0.571428571429	0.214285714286
-tîn	0.388486185524	0.100325664461	0.436810589348	0.0743775606681
-bûk	0.139622641509	0.815094339623	0.0	0.0452830188679
-bûl	0.79421667657	0.0862216940649	0.0864197530864	0.0331418762791
-bûm	0.819521228792	0.0784607423949	0.0342057245568	0.0678123042567
-bûn	0.738401837528	0.107715857985	0.0239388243159	0.129943480172
-ajo	0.0893854748603	0.340782122905	0.536312849162	0.0335195530726
-mdî	0.454545454545	0.480519480519	0.051948051948	0.012987012987
-êlî	0.363563241504	0.535089483209	0.0699778805551	0.0313693947316
-êlê	0.00225479143179	0.993235625705	0.00450958286359	0.0
-lda	0.799249090696	0.0563181978177	0.0133755719817	0.131057139505
-lde	0.58936384591	0.321748492084	0.0521731929166	0.0367144690894
-fre	0.286153846154	0.658461538462	0.0184615384615	0.036923076923
-oja	0.0150972135113	0.734432398531	0.00268793118896	0.247782456769
-fra	0.0131004366812	0.978165938865	0.0	0.00873362445415
-jûl	0.362573099415	0.489278752437	0.148148148148	0.0
-pêk	0.561627472938	0.2320268757	0.0447928331467	0.161552818216
-pêl	0.79020979021	0.0629370629371	0.146853146853	0.0
-pên	0.0385852090032	0.864951768489	0.0771704180064	0.0192926045016
-usa	0.0989647740523	0.0879058757023	0.0604529555171	0.752676394728
-wêû	0.247619047619	0.156462585034	0.14693877551	0.448979591837
-pêr	0.116666666667	0.883333333333	0.0	0.0
-ust	0.117166212534	0.588555858311	0.261580381471	0.0326975476839
-xîş	0.87	0.11	0.02	0.0
-ept	0.346666666667	0.306666666667	0.0533333333333	0.293333333333
-win	0.786587952966	0.121870932232	0.0281173120596	0.0634238027419
-wim	0.644150649337	0.304466235282	0.00893619397925	0.0424469214014
-wid	0.000682128240111	0.988062755798	0.00102319236016	0.0102319236016
-xil	0.121654501217	0.519464720195	0.346715328467	0.0121654501217
-xim	0.670794948447	0.121774144347	0.0381306814715	0.169300225734
-xin	0.552745234852	0.156281861665	0.0274166143327	0.263556289151
-şve	0.425940752602	0.15292233787	0.111289031225	0.309847878303
-wis	0.0	1.0	0.0	0.0
-wir	0.0691180803431	0.27299468211	0.0195134203065	0.63837381724
-ûqa	0.0133333333333	0.973333333333	0.0	0.0133333333333
-axt	0.492424242424	0.0909090909091	0.340909090909	0.0757575757576
-enî	0.173774230331	0.683694412771	0.0586088939567	0.0839224629419
-enê	0.0399726576458	0.291895166928	0.0590346284702	0.609097546956
-rmê	0.160976795043	0.653019074232	0.156117118212	0.0298870125137
-axa	0.120381207156	0.85035947166	0.0242434375523	0.00501588363151
-rmî	0.150007845599	0.42460379727	0.294366860191	0.13102149694
-axe	0.675646393173	0.261732721606	0.00411979508032	0.0585010901406
-wên	0.107899807322	0.892100192678	0.0	0.0
-wêl	0.0	1.0	0.0	0.0
-şji	0.123711340206	0.40206185567	0.432989690722	0.0412371134021
-wêr	0.127516778523	0.134228187919	0.724832214765	0.0134228187919
-zmî	0.145454545455	0.727272727273	0.0	0.127272727273
-epê	0.3069476082	0.573462414579	0.116173120729	0.00341685649203
-tal	0.558122743682	0.161371841155	0.108303249097	0.172202166065
-tam	0.460609314186	0.185746879613	0.103610253657	0.250033552543
-tan	0.0996198717053	0.733493628348	0.0676224444923	0.0992640554548
-hêr	0.208955223881	0.238805970149	0.522388059702	0.0298507462687
-hêt	0.403908794788	0.214983713355	0.361563517915	0.0195439739414
-qim	0.84375	0.0625	0.0625	0.03125
-qil	0.0919101453531	0.377037145794	0.516811040963	0.0142416678902
-qin	0.406149268535	0.121621621622	0.293330027275	0.178899082569
-tac	0.0292397660819	0.842105263158	0.12865497076	0.0
-tax	0.0655737704918	0.606557377049	0.180327868852	0.147540983607
-qir	0.638297872341	0.297872340425	0.0212765957447	0.0425531914893
-tat	0.0	1.0	0.0	0.0
-tav	0.0271084337349	0.909638554217	0.0180722891566	0.0451807228915
-hêl	0.342205323194	0.657794676806	0.0	0.0
-tar	0.726598702502	0.273401297498	0.0	0.0
-hên	0.0688407261566	0.870926129076	0.0294690112838	0.0307641334836
-ûqî	0.0190476190476	0.980952380952	0.0	0.0
-ens	0.0425531914894	0.957446808511	0.0	0.0
-axê	0.0940858310305	0.0596613051796	0.00784147003944	0.83841139375
-rma	0.149964463397	0.442075337598	0.386638237385	0.0213219616205
-axî	0.308964316797	0.331592689295	0.218450826806	0.140992167102
-end	0.154812139216	0.143739661749	0.570165074435	0.131283124599
-wê–	0.25	0.461538461538	0.288461538462	0.0
-eng	0.326538378952	0.323198801732	0.276942253071	0.0733205662443
-ena	0.0246801810667	0.942176736863	0.0128321196615	0.020310962409
-enc	0.21850924108	0.0430844221786	0.601827906032	0.136578430709
-hey	0.0625249266258	0.278815540981	0.0307851737966	0.627874358597
-hez	0.845943798373	0.124260822611	0.018995816267	0.0107995627494
-het	0.555645378604	0.289679331717	0.090541632983	0.0641336566963
-hev	0.161788470084	0.0904940815255	0.0915040601139	0.656213388276
-hew	0.423935091278	0.146044624746	0.152129817444	0.277890466531
-heq	0.292712428183	0.16782582401	0.494103416994	0.0453583308134
-her	0.0287942641655	0.123956358893	0.00617908000443	0.841070296937
-hem	0.116493491294	0.0700157353343	0.042264327607	0.771226445765
-okî	0.402684563758	0.255033557047	0.261744966443	0.0805369127517
-okê	0.137935152565	0.833402997552	0.00358273123545	0.0250791186481
-deû	0.392670157068	0.467713787085	0.0610820244328	0.0785340314136
-heb	0.104166666667	0.791666666667	0.0416666666667	0.0625
-oêl	0.0	1.0	0.0	0.0
-êkê	0.142597225381	0.692290197862	0.102342506254	0.0627700705026
-êkî	0.370711159347	0.55081713539	0.0432947339383	0.0351769713248
-ydê	0.469760900141	0.315049226442	0.189873417721	0.0253164556962
-çûm	0.730417593279	0.17074376081	0.0370644922165	0.0617741536941
-çûn	0.709606044253	0.0869131138694	0.00539665407447	0.198084187804
-çûk	0.0637571157495	0.104554079696	0.772485768501	0.0592030360531
-deb	0.359635811836	0.459787556904	0.130500758725	0.0500758725341
-deh	0.00901544292341	0.0251796017649	0.00799015725761	0.957814798054
-dek	0.116431451613	0.821572580645	0.046875	0.0151209677419
-dem	0.120199208882	0.310420628161	0.028504744184	0.540875418772
-den	0.0508829691709	0.895240945825	0.0161628255013	0.0377132595031
-dep	0.0	0.921568627451	0.078431372549	0.0
-deq	0.121951219512	0.878048780488	0.0	0.0
-der	0.13611172689	0.710928840612	0.0780314786079	0.0749279538905
-det	0.183246073298	0.591623036649	0.130890052356	0.0942408376963
-dev	0.530688843097	0.260744774801	0.0356196644098	0.172946717692
-dew	0.0	0.959785522788	0.0241286863271	0.0160857908847
-oka	0.285347043702	0.564267352185	0.073264781491	0.0771208226221
-qûm	0.0379746835443	0.772151898734	0.0379746835443	0.151898734177
-bir	0.471500453683	0.276270083496	0.131430613985	0.120798848836
-qûb	0.000708466170738	0.990435706695	0.00070846617074	0.0081473609635
-bin	0.632021563683	0.0735069654908	0.0313198202241	0.263151650603
-bil	0.104191616766	0.834730538922	0.0538922155689	0.00718562874253
-bim	0.621043499658	0.106915969223	0.0513907334909	0.220649797628
-bik	0.0454545454545	0.909090909091	0.0454545454545	0.0
-kîs	0.0280373831776	0.971962616822	0.0	0.0
-kît	0.0	0.242774566474	0.757225433526	0.0
-kîn	0.280701754386	0.719298245614	0.0	0.0
-kîl	0.0594059405941	0.866336633663	0.0	0.0742574257426
-kîm	0.0	0.559701492537	0.410447761194	0.0298507462687
-jin	0.684030986185	0.191379035845	0.033642167757	0.0909478102132
-êka	0.149889786921	0.729610580456	0.0859662013226	0.0345334313005
-yûd	0.0	1.0	0.0	0.0
-meq	0.447448147285	0.52458634351	0.0279655092053	0.0
-yûb	0.144	0.808	0.048	0.0
-mer	0.0	0.966101694915	0.0338983050847	0.0
-mex	0.0	1.0	0.0	0.0
-êku	0.223880597015	0.701492537313	0.0149253731343	0.0597014925373
-yde	0.212314225053	0.356687898089	0.323779193206	0.107218683652
-meh	0.244186046512	0.691860465116	0.0406976744186	0.0232558139535
-mek	0.227612568063	0.63238589104	0.0488684623888	0.0911330785087
-yda	0.420074724831	0.401999394123	0.0987579521357	0.0791679289104
-aye	0.762136991081	0.108647203725	0.0273334136443	0.101882391549
-şêf	0.902097902098	0.0979020979021	0.0	0.0
-şên	0.245384583035	0.346271920602	0.362925270196	0.0454182261659
-şêr	0.00671140939597	0.909395973154	0.0838926174497	0.0
-ûrt	0.588294147074	0.313656828414	0.0280140070035	0.0700350175088
-pût	0.0769230769231	0.830769230769	0.0769230769231	0.0153846153846
-sra	0.0345911949685	0.933962264151	0.00314465408805	0.0283018867925
-ûre	0.763488591651	0.159341593709	0.0369429963702	0.0402268182698
-ûra	0.417232161217	0.447460415382	0.0649804647337	0.0703269586675
-ixî	0.665471923536	0.229390681004	0.0621266427717	0.0430107526882
-gîn	0.333828775268	0.175683709869	0.446789536266	0.0436979785969
-xûr	0.0622222222222	0.862222222222	0.0177777777778	0.0577777777778
-ake	0.495515115721	0.0434092503045	0.0208925473405	0.440183086634
-eqê	0.273258387182	0.499911480924	0.0975922811366	0.129237850757
-cîn	0.0	0.927536231884	0.0724637681159	0.0
-aka	0.0855495033643	0.7997436719	0.08010253124	0.0346042934957
-eqî	0.284084084084	0.275075075075	0.347547547548	0.0932932932934
-cîr	0.0618118601506	0.920803554182	0.0	0.0173845856674
-ûnc	0.0240963855422	0.879518072289	0.0963855421687	0.0
-gol	0.114982578397	0.668989547038	0.0	0.216027874564
-gon	0.0	1.0	0.0	0.0
-ayî	0.242658250895	0.395699152099	0.145291346396	0.216351250611
-gog	0.0	0.976190476191	0.0238095238095	0.0
-ayê	0.0807267989516	0.859441398339	0.017135796433	0.042696006276
-vli	0.345991561181	0.333333333333	0.248945147679	0.0717299578059
-gos	0.0	1.0	0.0	0.0
-gor	0.527787943744	0.130478729893	0.0246423032014	0.317091023161
-got	0.968108589267	0.0124979454827	0.00136084157742	0.0180326236731
-srî	0.0130718954248	0.241830065359	0.745098039216	0.0
-srê	0.00141576215196	0.990089664936	0.00495516753186	0.00353940537989
-ixe	0.558104050129	0.231846841474	0.0169202554279	0.19312885297
-ûrî	0.48139097802	0.246815203628	0.144309983781	0.127483834571
-cot	0.389105058366	0.303501945525	0.011673151751	0.295719844358
-ûrê	0.301911899326	0.667310674044	0.00977061162866	0.0210068150016
-bez	0.899082568807	0.0825688073394	0.0	0.0183486238532
-hûn	0.0341078019548	0.01730750143	0.0111628342814	0.937421862334
-hûm	0.121988723731	0.824192721681	0.0	0.0538185545874
-hûr	0.825974025974	0.174025974026	0.0	0.0
-eqa	0.0	0.990291262136	0.0	0.00970873786408
-akî	0.40869247626	0.398831263696	0.0854638422206	0.107012417823
-eqe	0.655737704918	0.213114754098	0.0655737704918	0.0655737704918
-akê	0.198540145985	0.729197080292	0.0613138686131	0.0109489051095
-kêf	0.318732525629	0.499534016775	0.0643056849953	0.1174277726
-yêl	0.0161444630471	0.973092561588	0.0107629753647	0.0
-yêm	0.350364963504	0.124087591241	0.13503649635	0.390510948905
-fşê	0.0307525325615	0.690665701881	0.142908827786	0.135672937771
-fşî	0.0806729970755	0.476232082897	0.41216016175	0.0309347582771
-tre	0.0530014796026	0.0396322130628	0.0126823081801	0.894683999154
-bej	0.244897959184	0.69387755102	0.0612244897959	0.0
-yeû	0.52935862692	0.405600722674	0.0325203252032	0.0325203252032
-gad	0.0	1.0	0.0	0.0
-tra	0.0	1.0	0.0	0.0
-nli	0.590476190476	0.333333333333	0.0	0.0761904761905
-gan	0.176154672395	0.479412817759	0.0279269602578	0.316505549588
-êjî	0.716070437378	0.133980645006	0.0538979478557	0.0960509697608
-gav	0.0694057724958	0.103225806452	0.00882852292021	0.818539898132
-gar	0.873935731942	0.0568525130459	0.0486130184015	0.0205987366108
-ire	0.686457079904	0.177478396902	0.059852976355	0.0762115468395
-gaz	0.00992786973654	0.0943576606998	0.836147251144	0.0595672184193
-drê	0.423532633579	0.515363648422	0.0287546908229	0.0323490271757
-ino	0.655172413793	0.137931034483	0.0344827586207	0.172413793103
-ina	0.304267684625	0.585294002617	0.0415006646148	0.0689376481433
-rza	0.0210970464135	0.739803094233	0.0	0.239099859353
-şka	0.0349829351536	0.938282138794	0.0199089874858	0.00682593856655
-ine	0.744456330105	0.132914143229	0.03393119386	0.0886983328056
-rze	0.52808988764	0.123595505618	0.325842696629	0.0224719101123
-ing	0.110795454545	0.833806818182	0.046875	0.00852272727272
-ûka	0.114228456914	0.271543086172	0.0511022044088	0.563126252505
-îno	0.0456813824159	0.463322517618	0.237228144546	0.253767955421
-kno	0.0893246187363	0.705882352941	0.165577342048	0.0392156862745
-îna	0.17245818305	0.647261984857	0.0443831636441	0.135896668449
-îng	0.212837837838	0.133445945946	0.565878378378	0.0878378378378
-îne	0.656474169546	0.169452837952	0.036317223628	0.137755768874
-yêû	0.210350584307	0.722871452421	0.0601001669449	0.00667779632721
-ptê	0.311627906977	0.251162790698	0.279069767442	0.158139534884
-êja	0.0930348170374	0.112085648847	0.712852653445	0.0820268806704
-êje	0.847142919054	0.0629837305924	0.0135181634796	0.076355186874
-êji	0.490909090909	0.427272727273	0.0	0.0818181818182
-yer	0.51103565365	0.366723259762	0.0	0.122241086587
-yet	0.389645776567	0.534059945504	0.0640326975477	0.0122615803815
-yek	0.0931102651712	0.280090935374	0.0202614626511	0.606537336804
-yem	0.00467289719628	0.901869158878	0.0	0.0934579439253
-mbi	0.604651162791	0.162790697674	0.0	0.232558139535
-lta	0.0	0.960784313725	0.0	0.0392156862745
-çîn	0.0	1.0	0.0	0.0
-inê	0.315523113286	0.593791212333	0.0429467743428	0.0477389000384
-şkî	0.243093922652	0.0994475138122	0.149171270718	0.508287292818
-inî	0.305021395252	0.520509036435	0.141097424412	0.0333721439007
-şkê	0.162369337979	0.320557491289	0.0236933797909	0.493379790941
-knê	0.0	0.906832298137	0.0372670807453	0.0559006211179
-înê	0.193954941161	0.687726962675	0.0858348300602	0.0324832661033
-inû	0.419363981634	0.268295448104	0.130944957769	0.181395612494
-înî	0.581199201978	0.275214583485	0.105354814699	0.0382313998388
-rtî	0.421724901022	0.339479335152	0.156585524639	0.0822102391868
-qîj	0.181818181818	0.734265734266	0.0699300699301	0.013986013986
-qîm	0.0	1.0	0.0	0.0
-qîn	0.523255813954	0.188953488372	0.130813953488	0.156976744186
-sar	0.149523026903	0.400836042731	0.433563185537	0.0160777448283
-saw	0.0248447204969	0.975155279503	0.0	0.0
-wşa	0.101378217907	0.604670208295	0.218144201032	0.0758073727654
-saz	0.455531453362	0.479392624729	0.0130151843818	0.0520607375271
-sax	0.453676470588	0.0909926470588	0.240441176471	0.214889705882
-işt	0.440377725051	0.430077869962	0.010032326385	0.119512078602
-işk	0.384827319005	0.287353229226	0.138510713863	0.189308737906
-sab	0.562722194007	0.293550025394	0.0411376333164	0.102590147283
-işo	0.517414601474	0.437374413932	0.00502344273275	0.040187541862
-saf	0.0585106382979	0.494680851064	0.356382978723	0.0904255319148
-ola	0.208105589929	0.760516270862	0.0151480672045	0.0162300720048
-ole	0.517747858017	0.435740514076	0.0220318237454	0.0244798041616
-sam	0.0	1.0	0.0	0.0
-wkê	0.127208480565	0.773851590106	0.0141342756183	0.0848056537102
-ûsê	0.0387096774193	0.961290322581	0.0	0.0
-ûsî	0.0689655172413	0.931034482759	0.0	0.0
-ahê	0.0108125554749	0.931574275801	0.00677801984993	0.0508351488743
-ahî	0.232055344289	0.479187770409	0.194869319913	0.0938875653882
-zka	0.238805970149	0.761194029851	0.0	0.0
-hat	0.896513969695	0.0207307716898	0.00335656287961	0.0793986957356
-mal	0.0858643900838	0.856181251026	0.00788047939583	0.0500738794943
-wşê	0.143361938415	0.652700656234	0.0454316002019	0.158505805149
-işê	0.0778325123153	0.736354679803	0.152709359606	0.0331034482758
-olê	0.0864922179725	0.821638201992	0.0417313591093	0.0501382209263
-işî	0.388145315488	0.326959847036	0.279158699809	0.00573613766732
-ûsa	0.0546581888551	0.936692863631	0.00300146123771	0.00564748627621
-ûse	0.931034482759	0.0689655172414	0.0	0.0
-ûsk	0.0551181102362	0.944881889764	0.0	0.0
-hêç	0.167076167076	0.678132678133	0.14742014742	0.007371007371
-rya	0.0362803131564	0.928012220737	0.0309337406912	0.00477372541531
-nqê	0.0845070422535	0.859154929577	0.0	0.056338028169
-îsî	0.936229852838	0.0532585844429	0.0	0.010511562719
-îsê	0.0981419723678	0.796093377799	0.0185802763221	0.0871843735112
-ekê	0.14771614487	0.414484936891	0.0445913678525	0.393207550386
-qof	0.235294117647	0.156862745098	0.56862745098	0.0392156862745
--sê	0.0285714285714	0.466666666667	0.0190476190476	0.485714285714
-zya	0.0	1.0	0.0	0.0
-qos	0.00486618004866	0.990267639903	0.00486618004866	0.0
-qoq	0.0350877192982	0.964912280702	0.0	0.0
-paş	0.363860707431	0.0987112695366	0.07622703592	0.461200987113
-ncî	0.0713869123994	0.330106147206	0.292663011781	0.305843928613
-ncê	0.349455337691	0.457080610022	0.135947712418	0.0575163398693
-îmî	0.470203012443	0.117223313687	0.0176817288802	0.39489194499
-els	0.0253712871287	0.059405940594	0.902227722772	0.0129950495049
-elp	0.13296398892	0.181440443213	0.656509695291	0.0290858725762
-îmê	0.0170818154967	0.973614256178	0.000147681401988	0.0091562469233
-elk	0.0983879933297	0.768760422457	0.0111172873819	0.121734296832
-iyo	0.0186335403727	0.347826086956	0.242236024845	0.391304347826
-eli	0.915094339623	0.0849056603774	0.0	0.0
-elo	0.321143133931	0.193267134899	0.0302736740131	0.455316057157
-iye	0.719821126724	0.0931574658324	0.0369901119051	0.150031295538
-rka	0.635135135135	0.337837837838	0.027027027027	0.0
-ela	0.168476435688	0.750985733299	0.0361331890493	0.0444046419642
-iya	0.229664512804	0.571315322043	0.0746091889631	0.12441097619
-ele	0.0496124031008	0.877519379845	0.0217054263566	0.0511627906977
-rêz	0.0363004541672	0.799771304395	0.122442008104	0.041486233334
-rêx	0.165540540541	0.597972972973	0.141891891892	0.0945945945946
-îst	0.888826701944	0.0334028696449	0.002696652081	0.0750737763305
-rêj	0.249737008205	0.0540711129813	0.427098674521	0.269093204292
-rên	0.116486093572	0.801083058805	0.0542573477793	0.0281734998436
-îse	0.900564464523	0.0753669974499	0.00722056140821	0.0168479766191
-îsa	0.00562456113033	0.69346736492	0.00315590463664	0.297752169313
-rêd	0.0	1.0	0.0	0.0
-var	0.0838323353294	0.822754491018	0.0	0.0934131736527
-zêr	0.0244420828906	0.928799149841	0.0425079702445	0.00425079702444
-iyû	0.0	0.979591836735	0.0	0.0204081632653
-îma	0.204430210835	0.623432078997	0.0712570056045	0.100880704564
-kom	0.161965423112	0.389444949954	0.0600545950864	0.388535031847
-îmo	0.0508474576271	0.949152542373	0.0	0.0
-noş	0.0344827586207	0.965517241379	0.0	0.0
-nca	0.281686563373	0.425196850394	0.208280416561	0.0848361696724
-elê	0.0990785926069	0.322054142134	0.0285577496493	0.55030951561
-rkê	0.435114503817	0.473282442748	0.0458015267176	0.0458015267176
-iyî	0.34728096904	0.444447659045	0.114950243776	0.0933211281395
-elî	0.101685471514	0.791614430979	0.0208942749687	0.085805822538
-rkî	0.345454545455	0.2	0.0	0.454545454545
-kor	0.0910989297833	0.0527930044375	0.838097102584	0.018010963195
-van	0.106318477823	0.473233769094	0.0646991194228	0.355748633661
-zên	0.240445653582	0.56691281254	0.166213240057	0.0264282938205
-val	0.19387755102	0.729591836735	0.0561224489796	0.0204081632653
-dûr	0.0744349015084	0.220399094133	0.0720420458916	0.633123958467
-lix	0.261538461539	0.276923076923	0.307692307692	0.153846153846
-êga	0.00527522215592	0.965711055986	0.0290137218576	0.0
-jek	0.292011019284	0.588154269973	0.0454545454545	0.0743801652892
-jen	0.66796875	0.220703125	0.05859375	0.052734375
-lim	0.723049814062	0.186143301911	0.0363227536106	0.054484130416
-lin	0.610077125572	0.278390985083	0.0477993811481	0.0637325081975
-lik	0.0650820599887	0.915110356537	0.00848896434635	0.0113186191285
-oma	0.0531167099913	0.120542138599	0.0168933878871	0.809447763522
-ome	0.407327586207	0.349137931035	0.0818965517242	0.161637931034
-slî	0.0	1.0	0.0	0.0
-slê	0.244695898161	0.671852899576	0.0763790664781	0.007072135785
-dur	0.0	0.980952380952	0.0190476190476	0.0
-pak	0.0404152893481	0.0635793432458	0.843289772604	0.0527155948019
-pan	0.119168356998	0.836713995943	0.038032454361	0.00608519269776
-ûbê	0.0239043824701	0.969265793967	0.00682982356289	0.0
-dua	0.741175674928	0.254397560361	0.000553345588914	0.00387341912239
-nce	0.274509803922	0.0392156862745	0.588235294118	0.0980392156863
-duh	0.0397350993377	0.933774834437	0.0132450331126	0.0132450331126
-par	0.356427713256	0.308370044053	0.277533039648	0.0576692030437
-pas	0.275147928994	0.704881656805	0.0133136094674	0.00665680473374
-pat	0.878571428571	0.0857142857143	0.0214285714286	0.0142857142857
-ûbû	0.698798798799	0.0930930930931	0.0903903903904	0.117717717718
-kon	0.0287907869482	0.913627639156	0.0115163147793	0.046065259117
-omê	0.0651343007248	0.892778920345	0.01202479398	0.0300619849499
-wle	0.219148713658	0.421355364986	0.232953357038	0.126542564317
-fes	0.0406320541761	0.959367945824	0.0	0.0
-dil	0.147077538406	0.632124352332	0.0789019180075	0.141896191255
-dim	0.652412980607	0.131445777203	0.0372091856228	0.178932056568
-din	0.396111258252	0.149769151987	0.138322669554	0.315796920206
-dij	0.162790697674	0.395348837209	0.0232558139535	0.418604651163
-dik	0.0915145116608	0.0727035789389	0.726799897588	0.108982011812
-dir	0.18248689247	0.215261198242	0.0830782453017	0.519173663987
-fen	0.954887218045	0.0451127819549	0.0	0.0
-fek	0.295857988166	0.437869822485	0.177514792899	0.0887573964497
-diz	0.0581606341324	0.925795053004	0.00133702607201	0.0147072867921
-kos	0.010752688172	0.989247311828	0.0	0.0
-iyê	0.193800638325	0.610313316312	0.097566365159	0.098319680204
-ûbe	0.23056768559	0.440174672489	0.122270742358	0.206986899563
-ega	0.0245901639344	0.975409836066	0.0	0.0
-eme	0.602739726027	0.13698630137	0.013698630137	0.246575342466
-çok	0.222222222222	0.765432098765	0.0	0.0123456790123
-ema	0.106897363526	0.521186387448	0.0338020659567	0.33811418307
-çol	0.164882226981	0.717344753747	0.0749464668094	0.0428265524625
-êçî	0.830687830688	0.10582010582	0.0634920634921	0.0
-êzê	0.0449612403101	0.942635658915	0.00930232558141	0.0031007751938
-êzî	0.567823343849	0.195583596214	0.141955835962	0.0946372239747
-cih	0.311234204604	0.117213580949	0.0650362274042	0.506515987042
-cin	0.144286198711	0.757036283486	0.0462868769075	0.0523906408952
-cil	0.491228070176	0.319937889638	0.109017590211	0.0798164499757
-îlê	0.0139525696667	0.966375173722	0.0162924415984	0.00337981501243
-îlî	0.046875	0.890625	0.015625	0.046875
-ciz	0.344230769231	0.328846153846	0.176923076923	0.15
-xta	0.269230769231	0.153846153846	0.557692307692	0.0192307692308
-mîr	0.0135075612979	0.933636764058	0.0528556746439	0.0
-mîs	0.141509433962	0.811320754717	0.0471698113208	0.0
-ilû	0.208695652174	0.182608695652	0.608695652174	0.0
-ilî	0.253290828662	0.306964915737	0.0553396493364	0.384404606265
-mîn	0.0289461634068	0.278308366586	0.0663962844247	0.626349185583
-rxê	0.0545221295702	0.874278383579	0.0481077613855	0.023091725465
-ilê	0.153489042676	0.64865916955	0.0339100346021	0.163941753172
-rxî	0.801526717557	0.152671755725	0.0152671755725	0.0305343511451
-êçe	0.749196141479	0.163987138264	0.0385852090032	0.048231511254
-êça	0.602520045819	0.37686139748	0.00687285223367	0.0137457044673
-emî	0.0775335775335	0.844322344322	0.040293040293	0.037851037851
-emê	0.0681639773223	0.516790231138	0.0351504579154	0.379895333624
-êza	0.0293220611055	0.915672320616	0.0275028091391	0.0275028091391
-êze	0.71064158722	0.162586962123	0.115949497552	0.0108219531049
-emû	0.010664708146	0.0766638821884	0.0619820166506	0.850689393015
-îla	0.0323161089806	0.937148984896	0.0127228775514	0.017812028572
-tta	0.0396825396825	0.952380952381	0.0	0.00793650793651
-île	0.305854241338	0.592194344883	0.0493827160494	0.05256869773
-nbi	0.695888285493	0.164468580295	0.139643134213	0.0
-çan	0.57757296467	0.31643625192	0.0691244239631	0.036866359447
