-rbu	0.0872093023256	0.906976744186	0.00581395348837	0.0
-euq	0.472777705754	0.321841649616	0.100064199885	0.105316444745
-heq	0.163235650279	0.744732380722	0.0718495196577	0.020182449342
-eus	0.202635914333	0.760296540362	0.00494233937399	0.0321252059308
-hem	0.0539367637942	0.903285802852	0.00371977681339	0.0390576565406
-ive	0.0265400963218	0.973459903678	0.0	0.0
-rbe	0.0675105485232	0.932489451477	0.0	0.0
-ivi	0.510816304327	0.281259411358	0.0866760005071	0.121248283807
-lem	0.00748317911477	0.99095511394	0.000260284490949	0.00130142245474
-auq	0.467639124257	0.298257896509	0.128493526654	0.10560945258
-aus	0.15498859179	0.821468837305	0.0117712854524	0.0117712854524
-ven	0.0680554342619	0.109359352532	0.0147260297197	0.807859183486
-oyi	0.49533391252	0.119228915655	0.0118451393706	0.373592032455
-aua	0.104597399523	0.799724359053	0.039244295635	0.0564339457892
-ang	0.384735904806	0.414428988724	0.0904814729054	0.110353633565
-oyu	0.200114678899	0.751720183486	0.0275229357798	0.0206422018349
-aul	0.0845665961945	0.784355179704	0.131078224101	0.0
-mbe	0.367820357062	0.199798227839	0.0178935405601	0.414487874539
-uab	0.54084518846	0.152213538939	0.0295417880115	0.27739948459
-puq	0.571670025627	0.0661968031895	0.00831813907716	0.353815032107
-uag	0.691565007502	0.206253941331	0.0291821601757	0.072998890991
-pus	0.0129509713228	0.975948196115	0.0111008325625	0.0
-uai	0.36711621191	0.370861349594	0.164926406966	0.0970960315298
-uam	0.482334907288	0.298039293002	0.118603550763	0.101022248948
-puy	1.0	0.0	0.0	0.0
-uan	0.11698186881	0.148036980864	0.320635226638	0.414345923688
-uaq	0.519980657112	0.217988082429	0.0362700375367	0.225761222923
-uap	0.491588183208	0.406182081623	0.0531272639459	0.0491024712227
-uas	0.458633926406	0.341232741051	0.0645879434293	0.135545389114
-uar	0.219350073855	0.537666174298	0.0354505169867	0.20753323486
-uat	0.148161970517	0.703489456988	0.09889904833	0.0494495241649
-uaw	0.385087199199	0.468176892724	0.0491096072458	0.097626300832
-uay	0.0664721225112	0.894326369341	0.0289750277613	0.0102264803864
-pui	0.114092831732	0.192366854753	0.65611386021	0.0374264533046
-ute	0.0371571829824	0.418880353771	0.0114759836563	0.53248647959
-pre	0.566437727771	0.0311029082548	0.0293189874711	0.373140376503
-waq	0.522117845704	0.267118716749	0.0702035565442	0.140559881002
-pri	0.213444752859	0.198918968631	0.0910056183533	0.496630660156
-opu	0.160288148063	0.409873446775	0.0505541648435	0.379284240318
-vis	0.531268484164	0.219874173254	0.125289025112	0.123568317471
-wap	0.397554116261	0.318412630945	0.103627146132	0.180406106662
-let	0.162567345983	0.821035371281	0.00936987584914	0.00702740688686
-opa	0.0285499152914	0.967559766581	0.00313735332873	0.000752964798898
-oku	0.0659497074174	0.891111814012	0.0136802150878	0.0292582634825
-dek	0.117199873297	0.854292049414	0.020905923345	0.00760215394362
-del	0.124852210925	0.829274060061	0.0250650271932	0.0208087018208
-siv	0.385650224215	0.502242152466	0.0852017937219	0.0269058295964
-der	0.0344456404736	0.965554359526	0.0	0.0
-imb	0.495453728529	0.26345788261	0.0657143321843	0.175374056677
-ime	0.282659119573	0.677660830712	0.0205748405928	0.0191052091219
-nad	0.0	0.820675105485	0.179324894515	0.0
-imi	0.276621902375	0.582077148793	0.0482768960569	0.0930240527747
-imo	0.0595970900951	0.840794627868	0.0565193060996	0.0430889759372
-bit	0.0819672131148	0.819672131148	0.0983606557377	0.0
-ech	0.10687836491	0.774769791274	0.0178349173347	0.100516926481
-bir	0.689177502278	0.157260304804	0.0439886649868	0.109573527931
-idi	0.187109055132	0.665324026827	0.0963536396025	0.051213278438
-muy	0.293665436654	0.469557195572	0.19987699877	0.0369003690037
-ida	0.0260707635009	0.972067039106	0.0	0.00186219739292
-big	0.273442113559	0.605831732543	0.0470309016176	0.0736952522798
-bid	0.249300266875	0.730521382542	0.0156219488381	0.00455640174445
-bia	0.0284938941655	0.955223880597	0.00814111261874	0.00814111261872
-bim	0.36069366388	0.458070967405	0.0915976881538	0.0896376805614
-obu	0.321729342707	0.0642872492594	0.123191007113	0.490792400921
-teq	0.230769230769	0.581730769231	0.0865384615385	0.100961538462
-100	0.0781860828772	0.410476935106	0.0469116497263	0.464425332291
-uta	0.03125	0.96875	0.0	0.0
-tet	0.0966060992184	0.700981121467	0.193212198437	0.00920058087796
-gru	0.2	0.666666666667	0.1	0.0333333333333
-rin	0.144035532995	0.807106598985	0.00380710659899	0.0450507614213
-ril	0.0	0.783251231527	0.216748768473	0.0
-uti	0.0603071028977	0.467252080618	0.00531430285674	0.467126513628
-qme	0.446280991736	0.300826446281	0.193388429752	0.0595041322314
-rik	0.0310516182745	0.550798730357	0.397569986471	0.0205796648975
-eru	0.336393031783	0.311113555971	0.0553677927828	0.297125619462
-tea	0.00837988826816	0.974860335196	0.0167597765363	0.0
-rit	0.44980878568	0.415017958151	0.0806153756671	0.054557880502
-rir	0.561607697886	0.2760517277	0.0461212460313	0.116219328383
-ris	0.267062734787	0.295354684226	0.0915715402475	0.34601104074
-rip	0.351144467212	0.257095405566	0.107569275932	0.28419085129
-gre	0.109082325427	0.574406744201	0.165340875683	0.151170054689
-gri	0.0923097945015	0.0274374683406	0.0180503454849	0.862202391673
-nap	0.413302740262	0.289818248045	0.0707103358009	0.226168675892
-ten	0.166606822262	0.724955116697	0.0912028725314	0.0172351885098
-are	0.362631746082	0.206890970347	0.0512454629494	0.379231820621
-mew	0.412732270288	0.479315696833	0.0657076710975	0.0422443617823
-meq	0.486615110053	0.429506246282	0.0820939916717	0.00178465199286
-ara	0.145839093171	0.800110588886	0.0436826098978	0.0103677080454
-mes	0.526536973157	0.399481692903	0.0141834036667	0.0597979302737
-jig	0.265078755282	0.563964656166	0.145601229351	0.0253553592009
-lus	0.219645732689	0.725603864734	0.0193236714976	0.0354267310789
-ari	0.726897483788	0.0589217655097	0.0116599988585	0.202520751844
-aru	0.581370429688	0.178739933074	0.093355310109	0.146534327129
-luk	0.0132450331126	0.973509933775	0.0	0.0132450331126
-mea	0.0	0.966666666667	0.0333333333333	0.0
-lun	0.012599748005	0.987400251995	0.0	0.0
-mem	0.54145319709	0.377876532027	0.0302867332786	0.0503835376037
-mel	0.115186347008	0.860380185444	0.0244334675473	0.0
-men	0.194635802732	0.156432030455	0.0349696770115	0.613962489802
-mei	0.56	0.44	0.0	0.0
-mek	0.0	1.0	0.0	0.0
-aye	0.0682268980982	0.226062662027	0.215632103259	0.490078336616
-egh	0.60785866881	0.195536879496	0.0569926362484	0.139611815446
-ayi	0.0657976471417	0.472265476499	0.0403543617989	0.42158251456
-kia	0.0	0.984876285794	0.0151237142063	0.0
-tyu	0.0669412976313	0.914521112255	0.0123583934089	0.00617919670444
-num	0.292729824008	0.246901961668	0.429630714958	0.030737499366
-rag	0.19011106072	0.359430317221	0.168183687891	0.282274934169
-vip	0.809523809524	0.142857142857	0.0	0.047619047619
-mor	0.0	0.963414634146	0.0365853658537	0.0
-ubu	0.200378071834	0.538752362949	0.260869565217	0.0
-yuw	0.0889253710924	0.453736005655	0.434081218506	0.0232574047473
-umu	0.462808231272	0.378384524326	0.105827439628	0.0529798047749
-ota	0.0	1.0	0.0	0.0
-ija	0.00362056480811	0.994931209269	0.0	0.00144822592324
-oti	0.0392596747055	0.949074593382	0.00560852495794	0.00605720695457
-iji	0.109513156493	0.823585810163	0.0151273037179	0.0517737296261
-iju	0.669893514037	0.174249757986	0.121006776379	0.0348499515973
-otu	0.15998108598	0.788268053695	0.0441327133738	0.00761814695142
-umb	0.162858301785	0.551931224085	0.147038939968	0.138171534163
-umo	0.214295751789	0.523399642177	0.0560414466455	0.206263159389
-pqe	0.254645560908	0.737095664143	0.00825877494838	0.0
ALL	0.225899400232	0.290253646681	0.0571260259329	0.426720927154
-nai	0.0277777777778	0.941358024691	0.0	0.0308641975309
-nan	0.223777828781	0.610970851503	0.144594904751	0.0206564149644
-nam	0.0	1.0	0.0	0.0
-sis	0.133960054949	0.47182250751	0.202681560133	0.191535877408
-sir	0.316952493594	0.219593928642	0.391228070175	0.0722255075892
-siq	0.583804143126	0.258945386064	0.0112994350282	0.145951035782
-sip	0.038740251731	0.933430865197	0.0245261145313	0.00330276854038
-kin	0.110587443628	0.0308032440942	0.0147681078491	0.843841204429
-kim	0.0	1.0	0.0	0.0
-kis	0.0613721525849	0.899051412571	0.00997312111431	0.0296033137302
-lki	0.0	1.0	0.0	0.0
-sin	0.561353594657	0.169269656036	0.0388891233019	0.230487626005
-sim	0.403314917127	0.406077348066	0.124309392265	0.0662983425415
-sil	0.0752513874389	0.849689543382	0.0346722347382	0.0403868344414
-nar	0.499600797162	0.11325656984	0.0218894089274	0.36525322407
-nas	0.576303103213	0.252158299616	0.0232354573373	0.148303139834
-sia	0.0882504460583	0.891205739703	0.00980071871938	0.0107430955193
-naq	0.792341812257	0.118946320268	0.0561238345252	0.0325880329501
-nat	0.582505282306	0.0941619308953	0.19039734075	0.132935446049
-mos	0.041237113402	0.958762886598	0.0	0.0
-gol	0.00884984975068	0.68751444705	0.300663738731	0.00297196446851
-gon	0.0	1.0	0.0	0.0
-wub	0.293206197855	0.514898688915	0.18831942789	0.00357568533969
-god	0.0543084875318	0.839772369256	0.0184306102433	0.0874885329686
-gog	0.0416666666666	0.925	0.0333333333333	0.0
-wod	0.386812045691	0.516614745587	0.0778816199377	0.0186915887851
-puw	0.474970896391	0.415599534342	0.0139697322468	0.0954598370198
-wur	0.424827586207	0.314482758621	0.0786206896551	0.182068965517
-wus	0.133661117914	0.237802797412	0.11747688499	0.511059199684
-mon	0.0110777187587	0.985218059827	0.000978473581213	0.00272574783338
-wuq	0.434691306174	0.328853422932	0.0965980680386	0.139857202856
-wup	0.239900151087	0.267887986831	0.081185203504	0.411026658578
-yne	0.430257244479	0.363781741983	0.110287021975	0.0956739915631
-uad	0.530229328189	0.146346359579	0.0386144180623	0.284809894169
-yaw	0.550113895216	0.384615384615	0.0188365165586	0.0464342036096
-yaq	0.60094628123	0.277075760198	0.109860942819	0.0121170157521
-yap	0.166217023665	0.636785022362	0.141592279418	0.055405674555
-yas	0.585883207136	0.361217716005	0.00933513121046	0.0435639456488
-yar	0.478114478114	0.506734006734	0.0	0.0151515151515
-ber	0.0239817792069	0.935869953555	0.00933369060379	0.0308145766345
-eor	0.0873786407767	0.912621359223	0.0	0.0
-bet	0.113714006832	0.840897999024	0.0278184480234	0.0175695461201
-gvi	0.258122743682	0.516245487365	0.160649819495	0.0649819494584
-nta	0.030534351145	0.93893129771	0.030534351145	0.0
-bei	0.571520356087	0.344383028628	0.0324403569256	0.0516562583601
-ben	0.0	1.0	0.0	0.0
-sua	0.102803738318	0.876168224299	0.0	0.0210280373832
-lpa	0.0911431513903	0.895983522142	0.0128733264675	0.0
-yam	0.566910302615	0.232705295119	0.186433589451	0.013950812816
-bea	0.093023255814	0.53488372093	0.372093023256	0.0
-beg	0.281859070465	0.424587706147	0.152323838081	0.141229385307
-bed	0.037037037037	0.814814814815	0.148148148148	0.0
-iso	0.449800370249	0.271986926495	0.0955050434426	0.182707659813
-evu	0.330508474576	0.5	0.152542372881	0.0169491525424
-rei	0.593807426927	0.316736590271	0.0495821920183	0.039873790784
-ren	0.176302966427	0.0803571176316	0.0268868222587	0.716453093682
-isi	0.00448696799736	0.991619927417	0.000725833058398	0.00316727152755
-rem	0.28453481516	0.423188627929	0.156933707231	0.13534284968
-reb	0.0769230769231	0.74358974359	0.153846153846	0.025641025641
-ise	0.482484943317	0.147583163362	0.0736431086226	0.296288784698
-rea	0.0993377483444	0.894039735099	0.00662251655629	0.0
-reg	0.206153527401	0.464000828758	0.254754258484	0.0750913853576
-red	0.0	1.0	0.0	0.0
-eva	0.0	1.0	0.0	0.0
-res	0.441255533351	0.417150515029	0.0794582158161	0.0621357358039
-ist	0.0127191760564	0.968922415863	0.0070044732078	0.0113539348731
-evi	0.351557872849	0.347649913638	0.121483579571	0.179308633943
-ret	0.0271274099663	0.954483061593	0.00328124843995	0.0151082800004
-reu	0.0	1.0	0.0	0.0
-eqa	0.211137177429	0.601185331522	0.0370416100753	0.150635880973
-avi	0.0618188803594	0.865006243212	0.0588635137831	0.0143113626456
-hab	0.0283687943262	0.971631205674	0.0	0.0
-juq	0.196179659267	0.69747031492	0.049561177078	0.0567888487351
-maq	0.61978021978	0.195604395604	0.0263736263736	0.158241758242
-map	0.456322904679	0.213334541011	0.0807954335565	0.249547120754
-mas	0.356083883783	0.317623200099	0.0211956572595	0.305097258858
-mar	0.491808177106	0.136050508259	0.0226740141614	0.349467300474
-ham	0.0726797370191	0.843722335666	0.0374169332279	0.0461809940865
-maw	0.608300907912	0.173800259403	0.181582360571	0.0363164721141
-mai	0.336399807254	0.492706199842	0.0815693903935	0.0893246025098
-har	0.234526274639	0.470145926102	0.0496845088661	0.245643290392
-has	0.409622559454	0.431802055437	0.079127469157	0.0794479159514
-hat	0.244488013197	0.668614284191	0.048558820173	0.0383388824389
-hav	0.414175624284	0.209731964539	0.0760722296951	0.300020181482
-man	0.126450242232	0.792977563479	0.0487040875929	0.0318681066966
-kun	0.154981549816	0.789667896679	0.0110701107011	0.0442804428044
-und	0.222193366931	0.160618080345	0.106789622875	0.51039892985
-une	0.157122365924	0.0937555201171	0.115259341278	0.633862772681
-ung	0.401536817171	0.39538377098	0.114105786174	0.0889736256752
-usi	0.0146576241523	0.963465324874	0.0192518048567	0.00262524611682
-uny	0.120396909155	0.622012083706	0.134116723475	0.123474283664
-pta	0.0	1.0	0.0	0.0
-wne	0.0197044334975	0.960591133005	0.0197044334975	0.0
-nki	0.10948625435	0.857626360995	0.0239471247485	0.00894025990613
-gad	0.476761081208	0.0959119080496	0.0177432096113	0.409583801131
-tra	0.0	1.0	0.0	0.0
-gab	0.396077116155	0.111526958299	0.0764028777595	0.415993047787
-eon	0.0404127257094	0.931212381771	0.0103181427343	0.018056749785
-oqu	0.541915276763	0.245371054012	0.0779107272866	0.134802941938
-tri	0.0789623079702	0.825302344785	0.0423196683239	0.053415678921
-gai	0.0	1.0	0.0	0.0
-adi	0.639032755002	0.164237626313	0.00656874282101	0.190160875864
-144	0.0758620689655	0.103448275862	0.0	0.820689655172
-gar	0.0867748105121	0.385811433024	0.522101012963	0.00531274350075
-oqi	0.0547031030088	0.0468607680397	0.0169819697341	0.881454159217
-sne	0.396468558059	0.330618110058	0.0768657375591	0.196047594324
-nor	0.0	1.0	0.0	0.0
-sen	0.0607236616824	0.559867595023	0.0454286040406	0.333980139253
-sem	0.498694516971	0.485639686684	0.0156657963446	0.0
-sel	0.0654448480947	0.890829433486	0.0271489120939	0.0165768063256
-sek	0.0	1.0	0.0	0.0
-bel	0.0681835116635	0.858544654907	0.0580068681316	0.0152649652978
-sei	0.740046838407	0.0843091334895	0.0351288056206	0.140515222482
-ina	0.0651960034156	0.788160600392	0.0382161577956	0.108427238397
-uir	0.347903657449	0.381801962533	0.108831400535	0.161462979483
-ind	0.526924618106	0.134586498109	0.0385002662833	0.299988617502
-ine	0.180958805701	0.19159632628	0.138261041211	0.489183826808
-sea	0.0336134453781	0.949579831933	0.0168067226891	0.0
-ing	0.207761441757	0.587108204589	0.0622362701189	0.142894083535
-iny	0.264711590312	0.405200556306	0.0643695647768	0.265718288606
-set	0.0	1.0	0.0	0.0
-ses	0.0577148969219	0.900871444641	0.0202590841125	0.0211545743243
-uid	0.300301848898	0.209753885435	0.329531987517	0.16041227815
-sep	0.0354269927684	0.95726009588	0.00243763711709	0.00487527423418
-kus	0.0967768257854	0.835495716034	0.0515707874337	0.0161566707466
-kur	0.459484219941	0.255584908292	0.040695174992	0.244235696775
-kuq	0.333333333333	0.666666666667	0.0	0.0
-ede	0.0848614072495	0.828997867804	0.0230277185501	0.0631130063966
-iam	0.0473933649289	0.881516587678	0.0483412322275	0.0227488151659
-new	0.383676264777	0.250305213947	0.0425810678022	0.323437453474
-edi	0.0818991845607	0.0325343841161	0.0064339365326	0.879132494791
-nes	0.781487322391	0.13656755267	0.0534281602156	0.0285169647232
-neq	0.815116427026	0.0404631632523	0.00508970606948	0.139330703652
-nen	0.264297241104	0.0735981010029	0.0265919992343	0.635512658659
-iyu	0.135107189633	0.784104225546	0.0545943337699	0.0261942510512
-kue	0.30204778157	0.488054607509	0.163822525597	0.0460750853242
-nem	0.601472770237	0.140231906358	0.0312908721218	0.227004451283
-wut	0.410351201479	0.299445471349	0.0	0.290203327172
-ghi	0.0428007188173	0.0460692848337	0.0586530077747	0.852476988574
-ias	0.0515595651926	0.908110830734	0.0319927350141	0.00833686905906
-nei	0.390645188051	0.222351509425	0.0138760751992	0.373127227325
-kuo	0.664282570423	0.127750880282	0.0546508215963	0.1533157277
-ghe	0.238536697053	0.140657361787	0.0351388839244	0.585667057235
-kum	0.0485175202156	0.870619946092	0.0	0.0808625336927
-kul	0.363723150358	0.324677804296	0.242863961814	0.0687350835322
-kui	0.440242129596	0.373918638736	0.0904172922475	0.09542193942
-eka	0.043956043956	0.873626373626	0.065934065934	0.0164835164835
-baj	0.0652824769489	0.884621907277	0.00462426377826	0.0454713519957
-bai	0.171428571429	0.642857142857	0.0	0.185714285714
-bag	0.558567818663	0.357323110251	0.0391812442946	0.0449278267911
-bad	0.202833839649	0.11556866719	0.0634073228889	0.618190170272
-hoi	0.138883738807	0.753095575453	0.108020685739	0.0
-bab	0.446723581428	0.115306170658	0.0846483940328	0.353321853881
-hor	0.0	1.0	0.0	0.0
-hos	0.125286939713	0.859369336716	0.010631871451	0.00471185212033
-jon	0.0174604601007	0.930333393242	0.0129852624012	0.0392208842559
-bat	0.00177520214399	0.990265020501	0.00211878965573	0.00584098769957
-bar	0.105175292154	0.0851419031719	0.594323873122	0.215358931553
-bas	0.0319385486153	0.947981941918	0.017653796914	0.00242571255306
-job	0.151515151515	0.787878787879	0.0606060606061	0.0
-baq	0.758174904943	0.216730038023	0.0136882129277	0.0114068441065
-dru	0.0	1.0	0.0	0.0
-ase	0.300193466183	0.37684167119	0.0344998265825	0.288465036044
-mbu	0.232150651787	0.463849160497	0.0530171600782	0.250983027638
-asa	0.0443037974683	0.841772151899	0.0189873417721	0.0949367088607
-nye	0.150242257977	0.0469047760353	0.299745786926	0.503107179062
-qui	0.227990257202	0.076780786515	0.202383549563	0.492845406719
-yes	0.78854120758	0.130953430292	0.0705156456588	0.00998971646836
-nyi	0.405518090571	0.318563297124	0.0452725360055	0.2306460763
-qum	0.209200640473	0.248183273802	0.489345978569	0.0532701071561
-iyo	0.35265607059	0.321323764387	0.0523530558429	0.27366710918
-yew	0.626373626374	0.164835164835	0.021978021978	0.186813186813
-oru	0.357136376009	0.621087015697	0.0152436258053	0.006532982488
-mba	0.203078285185	0.359375804803	0.322169379466	0.115376530546
-pew	0.533795493934	0.357019064125	0.0571923743501	0.051993067591
-yem	0.572378019128	0.122710325823	0.224671745826	0.0802399092235
-qut	0.0501792114695	0.94623655914	0.00358422939068	0.0
-yen	0.336872169007	0.290244524849	0.0638927116466	0.308990594497
-mbi	0.185947414634	0.669211692087	0.0404904432565	0.104350450022
-lta	0.019880447445	0.95641594214	0.00841095853442	0.0152926518808
-mbo	0.261631280401	0.386610373321	0.0460991817206	0.305659164558
-raw	0.360156642233	0.413013354755	0.14439200723	0.0824379957827
-rar	0.22642281063	0.39427806202	0.127001424778	0.252297702573
-ras	0.0	0.97619047619	0.0238095238095	0.0
-raq	0.449927543114	0.231046966658	0.0899403656855	0.229085124543
-ran	0.222222222222	0.777777777778	0.0	0.0
-eri	0.416193778632	0.366471046115	0.0550149751178	0.162320200135
-ral	0.0471698113207	0.650943396226	0.301886792453	0.0
-ram	0.264745636424	0.535842658037	0.118028451341	0.0813832541986
-raj	0.431818181818	0.509090909091	0.0136363636364	0.0454545454545
-rak	0.0	1.0	0.0	0.0
-ero	0.0795454545455	0.912878787879	0.0	0.00757575757575
-era	0.0	1.0	0.0	0.0
-rad	0.0	0.403225806452	0.596774193548	0.0
-iwo	0.230011521864	0.166074719688	0.037124972873	0.566788785575
-ugu	0.580055432683	0.352753436546	0.0671911307707	0.0
-pos	0.0377358490566	0.962264150943	0.0	0.0
-poq	0.100997750171	0.775506211484	0.0877433238775	0.0357527144674
-uge	0.0	0.108108108108	0.891891891892	0.0
-pon	0.0229445506692	0.940726577438	0.0363288718929	0.0
-pol	0.0314611085058	0.900359953865	0.00541831962382	0.0627606180053
-ugi	0.142857142857	0.615384615385	0.225274725275	0.0164835164835
-ike	0.0923076923077	0.907692307692	0.0	0.0
-500	0.0	0.936050642723	0.0639493572767	0.0
-iko	0.0167675826735	0.938984629716	0.0	0.0442477876106
-lam	0.0303598838501	0.94816930174	0.0163315237263	0.00513929068309
-lan	0.179772347793	0.74885853745	0.0248240399155	0.0465450748415
-nos	0.0487804878049	0.951219512195	0.0	0.0
-lak	0.114942528736	0.885057471264	0.0	0.0
-lat	0.0422419845542	0.896228254934	0.0395896715812	0.0219400889305
-ouq	0.428330592961	0.372963510267	0.123351440603	0.0753544561691
-nok	0.0467128027682	0.911764705882	0.0207612456747	0.0207612456747
-iks	0.101295641932	0.849234393404	0.0123674911661	0.0371024734982
-oea	0.107954545454	0.863636363636	0.0284090909091	0.0
-non	0.0877520591551	0.180837037915	0.108678975368	0.622731927561
-las	0.0678936932967	0.889948128417	0.0289399371132	0.0132182411728
-noa	0.0199646778776	0.975428088766	0.00460723335637	0.0
-dow	0.469565217391	0.423188405797	0.0304347826087	0.0768115942029
-bog	0.408630544506	0.422903365979	0.121335695424	0.0471303940903
-myu	0.452199634968	0.42108796442	0.00251746491283	0.1241949357
-doq	0.624399322452	0.201557802505	0.0681982017364	0.105844673306
-bol	0.209549071618	0.787798408488	0.0	0.0026525198939
-bom	0.691868758916	0.17760342368	0.0577746077033	0.0727532097005
-bon	0.206754034352	0.280234272778	0.140169058548	0.372842634323
-geg	0.665780323175	0.184342401309	0.0394252403354	0.110452035181
-rew	0.188845387183	0.635724029679	0.0835492870973	0.0918812960412
-bot	0.174337454004	0.800917848431	0.00916470280178	0.015579994763
-dog	0.544747094762	0.276658846539	0.0601182817311	0.118475776968
-dob	0.590311800855	0.179774008099	0.0572767692787	0.172637421767
-boq	0.390566223105	0.525138908599	0.0309081183752	0.0533867499209
-myi	0.0703363914373	0.923547400612	0.00611620795106	0.0
-ger	0.0	0.901639344262	0.0655737704918	0.0327868852459
-dom	0.512925262962	0.366261934294	0.0368191398836	0.0839936628596
-dok	0.0	1.0	0.0	0.0
-get	0.0952380952381	0.904761904762	0.0	0.0
-sas	0.0260547424988	0.706628573566	0.00432888830072	0.262987795634
-sar	0.115247864645	0.861191711962	0.0162041767134	0.00735624667947
-sat	0.0	1.0	0.0	0.0
-tol	0.0970285021225	0.636749545179	0.266221952699	0.0
-tom	0.587261146497	0.275159235669	0.0993630573249	0.0382165605095
-mpa	0.0	1.0	0.0	0.0
-don	0.0473065771403	0.930311816471	0.00152601861743	0.0208555877715
-ibo	0.535211267606	0.464788732394	0.0	0.0
-sag	0.538247566064	0.403337969402	0.0250347705146	0.0333796940195
-ibi	0.211267605634	0.788732394366	0.0	0.0
-sak	0.0106503201945	0.981644464231	0.00205472415328	0.00565049142153
-ibe	0.259145616288	0.658793587365	0.0635079206508	0.0185528756957
-iba	0.0	0.978894472362	0.0	0.0211055276382
-sam	0.0	1.0	0.0	0.0
-tiq	0.41302247006	0.213748326736	0.0930585481435	0.280170655061
-rot	0.0297010228167	0.912863886703	0.0483870967742	0.00904799370574
-iem	0.0	1.0	0.0	0.0
-iel	0.0814132921833	0.893745216099	0.0037575365623	0.0210839551552
-loi	0.0	0.972222222222	0.0277777777778	0.0
-loe	0.0506329113924	0.949367088608	0.0	0.0
-des	0.031746031746	0.936507936508	0.0	0.031746031746
-rom	0.114861886571	0.591555245372	0.221495739054	0.0720871290039
-lot	0.00627606309536	0.956067558333	0.0276146776195	0.0100417009526
-iet	0.235772357724	0.634146341463	0.130081300813	0.0
-ipi	0.299654245102	0.666538609297	0.0245870149827	0.00922013061851
-uqu	0.0906158874951	0.821454461361	0.0703653980278	0.0175642531157
-win	0.0480769230769	0.899038461538	0.00480769230769	0.0480769230769
-ipa	0.032888465205	0.95757864633	0.0095328884652	0.0
-mat	0.446836918911	0.260042124267	0.0534451632315	0.239675793591
-ewa	0.140740740741	0.814814814815	0.0444444444444	0.0
-ewo	0.262590983556	0.134669462415	0.0909997095799	0.511739844449
-wik	0.212705775867	0.55365729479	0.0384680658482	0.195168863495
-uqo	0.309544748255	0.531199067855	0.0853273470047	0.073928836885
-hap	0.332258594959	0.445609952667	0.097539080164	0.12459237221
-awi	0.349931975756	0.353697419336	0.236388463861	0.0599821410464
-awo	0.311847137253	0.306075866127	0.096369095464	0.285707901156
-mak	0.0505263157894	0.945263157895	0.00421052631579	0.0
-equ	0.208396880881	0.241944468306	0.199739976832	0.349918673982
-awu	0.0679348278795	0.865488016141	0.0432918020801	0.0232853538999
-nge	0.0675111576147	0.0874491323253	0.0162842371635	0.828755472897
-jud	0.0754716981132	0.867924528302	0.0566037735849	0.0
-ngg	0.0309449755707	0.0292821547863	0.0194297533062	0.920343116337
-iut	0.0	1.0	0.0	0.0
-ngi	0.415350932683	0.383535662909	0.0454621572367	0.155651247171
-sta	0.110429447853	0.748466257669	0.116564417178	0.0245398773006
-tow	0.213243546577	0.571268237935	0.0942760942761	0.121212121212
-qne	0.240549298378	0.249970163617	0.22340248075	0.286078057255
-biq	0.491579045315	0.32201234453	0.0691665891256	0.117242021029
-eyu	0.141709695927	0.437751004016	0.352266207688	0.0682730923694
-eyi	0.319035929596	0.188376685545	0.132373158585	0.360214226273
-uch	0.172474632799	0.520208148771	0.143753675732	0.163563542698
-qam	0.0475654800393	0.905604223319	0.033278120765	0.0135521758771
-isa	0.0159522301245	0.974818265303	0.000341833502668	0.00888767106936
-tor	0.25	0.720588235294	0.0294117647059	0.0
-iok	0.0848458019773	0.897447248045	0.00354138999557	0.0141655599823
-lek	0.0	0.966850828729	0.0331491712707	0.0
-ois	0.16	0.813333333333	0.0266666666666	0.0
-ion	0.0967360054118	0.79299847793	0.0679857940132	0.042279722645
-oiq	0.142189932538	0.789309807992	0.0217955371043	0.0467047223664
-oip	0.0576923076923	0.884615384615	0.0	0.0576923076923
-mum	0.0	1.0	0.0	0.0
-lea	0.0	1.0	0.0	0.0
-leg	0.0	1.0	0.0	0.0
-oid	0.806680595277	0.0558286095936	0.0488928467453	0.0885979483842
-muq	0.10177101123	0.0416674491853	0.0133360857794	0.843225453805
-mus	0.112211888395	0.805297209866	0.0186008896078	0.063890012131
-mur	0.00691244239631	0.979262672811	0.0138248847926	0.0
-ios	0.391304347826	0.530434782609	0.0521739130435	0.0260869565217
-les	0.0	1.0	0.0	0.0
-oik	0.183098591549	0.43661971831	0.380281690141	0.0
-iot	0.0818878580073	0.89027833804	0.0205728116176	0.00726099233563
-bki	0.294117647059	0.676470588235	0.0294117647059	0.0
-giq	0.543130520118	0.220461236506	0.0834396467125	0.152968596663
-ndi	0.643236633448	0.154480528917	0.0373535277151	0.16492930992
-gin	0.547619047619	0.0952380952381	0.0	0.357142857143
-gim	0.149382324992	0.712638580931	0.0325203252033	0.105458768873
-gij	0.554054054054	0.337837837838	0.0675675675676	0.0405405405405
-ndo	0.481872070873	0.17429574835	0.0359726159666	0.30785956481
-ali	0.0148188803513	0.963776070252	0.0164654226125	0.00493962678375
-nda	0.0608519269777	0.878296146045	0.0365111561866	0.0243407707911
-gid	0.0	1.0	0.0	0.0
-nde	0.0900401320041	0.0392211800181	0.00943607117927	0.861302616799
-gib	0.240368684656	0.183390146826	0.0373255127497	0.538915655767
-gia	0.0531914893617	0.829787234043	0.106382978723	0.0106382978723
-qdi	0.340898416066	0.174694957061	0.067470767063	0.41693585981
-lon	0.0283613445378	0.939075630252	0.0136554621849	0.0189075630252
-qod	0.809355511726	0.0983605622884	0.0423084377458	0.0499754882401
-qoi	0.305177111717	0.325613079019	0.311989100817	0.0572207084469
-uvi	0.225806451613	0.161290322581	0.516129032258	0.0967741935484
-roq	0.730115841214	0.188996521889	0.0507056828308	0.0301819540659
-chi	0.699088145897	0.209726443769	0.0364741641337	0.0547112462006
-gwi	0.620689655172	0.35632183908	0.0	0.0229885057471
-pem	0.355898456944	0.366351418616	0.155301144848	0.122448979592
-pen	0.222084205794	0.389661780885	0.052860291885	0.335393721436
-ros	0.58651026393	0.316715542522	0.0967741935484	0.0
-ogu	0.515151515152	0.351981351981	0.076923076923	0.0559440559441
-che	0.394406135206	0.593993684346	0.0116001804473	0.0
-pet	0.102871030343	0.869706367775	0.00843353827739	0.0189890636052
-ogh	0.504986735966	0.227533329263	0.0415345675599	0.225945367211
-153	0.16	0.0533333333333	0.0533333333333	0.733333333333
-eli	0.030737704918	0.950819672131	0.0122950819672	0.0061475409836
-iyi	0.157625172268	0.536802716833	0.0254527657404	0.280119345159
-peq	0.255936299477	0.495535379016	0.162563426118	0.0859648953891
-pes	0.552391187534	0.325094035465	0.0193444384739	0.103170338528
-ela	0.0330772799112	0.123137025749	0.0248381833867	0.818947510953
-iya	0.0326409495549	0.908011869436	0.0504451038576	0.00890207715134
-chu	0.593771626298	0.18339100346	0.0456747404844	0.177162629758
-nka	0.335952848723	0.628683693517	0.00785854616895	0.0275049115913
-pne	0.656891495601	0.255131964809	0.0703812316715	0.0175953079179
-ngu	0.700056583831	0.192446368273	0.03068617097	0.0768108769256
-ala	0.0	0.995143011333	0.0	0.00485698866702
-ter	0.0487804878049	0.869918699187	0.0813008130081	0.0
-ane	0.0849582605274	0.0386729627066	0.023055268326	0.85331350844
-esi	0.0487144790257	0.951285520974	0.0	0.0
-iti	0.393457173713	0.309040304522	0.200635015212	0.0968675065534
-esa	0.0	1.0	0.0	0.0
-ite	0.658385093168	0.192546583851	0.136645962733	0.0124223602484
-ita	0.0425824916786	0.926689576174	0.0069172751013	0.023810657046
-spa	0.0559440559441	0.832167832168	0.104895104895	0.00699300699302
-apu	0.77648766328	0.146589259797	0.0725689404934	0.00435413642961
-bru	0.0249433106576	0.913832199547	0.0521541950113	0.00907029478458
-ria	0.0372463207006	0.855072605821	0.0282777987425	0.0794032747357
-apa	0.0887096774193	0.854838709678	0.00806451612903	0.0483870967742
-666	0.037037037037	0.0	0.0	0.962962962963
-uda	0.0210560326259	0.832915374924	0.112592103247	0.0334364892034
-bre	0.460364825679	0.115803493155	0.344342167375	0.0794895137905
-bri	0.443234857403	0.156732310714	0.0111140360737	0.388918795809
-udi	0.0441399022453	0.0186996924361	0.00353597030399	0.933624435015
-bro	0.388059701493	0.388059701493	0.223880597015	0.0
-udo	0.393209121646	0.437198762679	0.0451406373642	0.124451478311
-hum	0.0	1.0	0.0	0.0
-rim	0.0514688522379	0.915477756417	0.0165266956727	0.0165266956727
-wor	0.358490566038	0.622641509434	0.0	0.0188679245283
-duq	0.592389452299	0.168211507404	0.0626169042907	0.176782136006
-abe	0.291044231646	0.280277651112	0.263418959315	0.165259157927
-nje	0.331942849994	0.215675819137	0.252849275569	0.1995320553
-ade	0.101983002833	0.651558073654	0.237960339943	0.00849858356941
-wol	0.184615384615	0.764102564103	0.0205128205128	0.0307692307692
-won	0.130835261141	0.349256625319	0.409685510558	0.110222602982
-abo	0.111548716564	0.283542371429	0.238299535019	0.366609376988
-ron	0.0285394515949	0.912702853945	0.0554001119194	0.00335758254057
-nji	0.325296490785	0.524231535497	0.0652308826979	0.0852410910199
-tua	0.393258426966	0.449438202247	0.0	0.157303370787
-kob	0.199697428139	0.704992435703	0.0680786686838	0.0272314674735
-kom	0.00787401574803	0.986220472441	0.00196850393701	0.00393700787402
-soq	0.237235738013	0.182895216882	0.199024558843	0.380844486261
-ael	0.0239406461933	0.929096612401	0.0192677003316	0.0276950410744
-sos	0.307167235495	0.590443686007	0.0	0.102389078498
-och	0.751536688436	0.132731463696	0.0446600076834	0.0710718401844
-som	0.347786147345	0.61252985486	0.0220466654419	0.0176373323535
-kot	0.220041751703	0.649785403717	0.0376886182241	0.0924842263559
-los	0.0562148028962	0.916633145615	0.0120675784393	0.0150844730491
-son	0.0141987829615	0.971602434077	0.0101419878296	0.00405679513185
-koq	0.0528104892558	0.344785722957	0.586014325604	0.0163894621828
-kop	0.00159616919393	0.996807661612	0.00159616919393	0.0
-kos	0.0377358490566	0.952830188679	0.00943396226415	0.0
-tuw	0.254135338346	0.349731471536	0.0343716433942	0.361761546724
-ora	0.0958083832335	0.838323353293	0.0179640718563	0.0479041916168
-gam	0.355250774738	0.560222389663	0.0486631308704	0.0358637047287
-aba	0.225806451613	0.677419354839	0.0	0.0967741935484
-jeb	0.760563380282	0.211267605634	0.0281690140845	0.0
-tne	0.297136797455	0.476352067869	0.0674443266172	0.159066808059
-rur	0.340197265143	0.579511422279	0.0481747875465	0.032116525031
-rus	0.122948602986	0.824102936362	0.0118137694465	0.0411346912052
-liv	0.0586508576033	0.775584206285	0.101876366985	0.0638885691263
-riq	0.285082401342	0.407929448185	0.244142139327	0.062846011146
-lip	0.0206533984228	0.973338340218	0.00037551633496	0.00563274502441
-rut	0.0	1.0	0.0	0.0
-elo	0.0169709153623	0.960722485946	0.00633397246787	0.0159726262234
-lim	0.0	1.0	0.0	0.0
-lio	0.0505902192243	0.898819561551	0.0505902192243	0.0
-omo	0.47234915019	0.212378446068	0.0619151503029	0.253357253438
-vne	0.0701754385965	0.929824561404	0.0	0.0
-rum	0.244943820225	0.555056179775	0.150561797753	0.0494382022472
-rug	0.0	1.0	0.0	0.0
-ome	0.025641025641	0.888888888889	0.034188034188	0.051282051282
-lne	0.0	1.0	0.0	0.0
-abi	0.607692462804	0.198215912206	0.107278232147	0.086813392843
-oli	0.0422535211267	0.957746478873	0.0	0.0
-rne	0.438999985868	0.386152998205	0.0593564069589	0.115490608968
-rna	0.0	1.0	0.0	0.0
-odi	0.0788405797101	0.706666666667	0.113623188406	0.100869565217
-eam	0.0467619224346	0.932826127296	0.0137316756356	0.00668027463352
-odo	0.72008586909	0.130284676558	0.0474396785326	0.102189775819
-uri	0.351313220921	0.22479189116	0.0534692886181	0.370425599301
-hne	0.388823667528	0.309227518197	0.254050246537	0.0478985677389
-rga	0.0131578947368	0.986842105263	0.0	0.0
-kei	0.298635404705	0.192912649878	0.138328838091	0.370123107325
-jne	0.225669957687	0.655853314528	0.0677009873061	0.0507757404795
-uru	0.582790948417	0.258766912548	0.0967746177008	0.0616675213338
-pai	0.0111524163569	0.973977695167	0.00371747211896	0.0111524163569
-wat	0.530261595872	0.249322480408	0.0761205677449	0.144295355976
-was	0.45914884231	0.271177826674	0.0746598988394	0.195013432177
-war	0.556959942407	0.266692747104	0.0748272707036	0.101520039785
-pan	0.0159574468085	0.816489361702	0.167553191489	0.0
-ape	0.222111553785	0.624833997344	0.0793492695883	0.0737051792829
-api	0.156713184863	0.770180259995	0.0671456645166	0.00596089062545
-ave	0.242442205098	0.118553645525	0.569057498518	0.0699466508596
-dua	0.0556353194544	0.944364680546	0.0	0.0
-dub	0.434563153467	0.449705564235	0.0573248407643	0.0584064415335
-gig	0.751269035533	0.197969543147	0.0	0.0507614213198
-pap	0.432208951306	0.295314345715	0.120422627641	0.152054075338
-wan	0.0156992356951	0.427184466019	0.537285684776	0.0198306135096
-wam	0.0321377920939	0.550479708433	0.153006707428	0.264375792046
-pas	0.211938198539	0.284219397246	0.0879577912816	0.415884612933
-pat	0.372251170185	0.470899938179	0.101209926698	0.0556389649386
-req	0.283523971769	0.604039912387	0.0939401314189	0.0184959844244
-duw	0.42054451056	0.207648925676	0.0372757845924	0.334530779172
-ini	0.137135098439	0.795655125594	0.0346232179226	0.0325865580448
-ken	0.60170993186	0.158023603154	0.0273592724991	0.212907192487
-kem	0.399804948799	0.537178509359	0.0262568924343	0.036759649408
-kel	0.202649006622	0.765562913907	0.0238410596027	0.00794701986757
-sus	0.0174449502068	0.953210564015	0.0201021280529	0.00924235772544
-suq	0.0	0.826589595376	0.173410404624	0.0
-sop	0.0857142857143	0.885714285714	0.0	0.0285714285714
-kew	0.783580613254	0.147576656775	0.0217606330366	0.0470820969338
-ket	0.259094942325	0.662412122039	0.0590403385435	0.0194525970924
-kes	0.620721160593	0.18791887487	0.115513418228	0.0758465463085
-ker	0.223430070966	0.405088248988	0.254250201047	0.117231478999
-keq	0.32526151869	0.349552219797	0.16979176918	0.155394492332
-sor	0.0	1.0	0.0	0.0
-nus	0.0	1.0	0.0	0.0
-lel	0.0	1.0	0.0	0.0
-dig	0.226766328378	0.144284295557	0.0223887364649	0.606560639599
-dia	0.0707074260386	0.903291136696	0.0174884038816	0.00851303338376
-tuq	0.411344019729	0.38914919852	0.154623921085	0.0448828606659
-dil	0.102564102564	0.897435897436	0.0	0.0
-dim	0.155959193996	0.137382012812	0.0296714504085	0.676987342783
-dio	0.387931034483	0.560344827586	0.0	0.051724137931
-ori	0.38444925071	0.480593890227	0.105831915827	0.0291249432356
-diq	0.488483776507	0.351237151897	0.0794827349017	0.080796336694
-dis	0.0	1.0	0.0	0.0
-soi	0.169741697417	0.808118081181	0.0221402214022	0.0
-sli	0.0	1.0	0.0	0.0
-uks	0.122448979592	0.755102040816	0.0816326530612	0.0408163265306
-ski	0.0	1.0	0.0	0.0
-ege	0.300915932657	0.426532765723	0.0557644787033	0.216786822917
-uit	0.717142857143	0.205714285714	0.0428571428571	0.0342857142857
-nne	0.21690689275	0.219389520232	0.168131027257	0.395572559761
-tit	0.185188637513	0.72726080637	0.0376406092012	0.0499099469161
-ait	0.679906138235	0.230059832196	0.056426222509	0.0336078070599
-bne	0.427294744945	0.386628616488	0.132174304865	0.0539023337026
-vai	0.0792251334907	0.868413427708	0.0374601597748	0.0149012790265
-aiq	0.566265060241	0.281124497992	0.0642570281124	0.0883534136546
-aip	0.600716971267	0.19670112927	0.0534598093206	0.149122090142
-ais	0.018691588785	0.897196261682	0.0841121495327	0.0
-tis	0.0871188550093	0.774735532047	0.131922837586	0.0062227753578
-gel	0.209744956224	0.790255043776	0.0	0.0
-sol	0.0956350486923	0.877511136311	0.0171003067198	0.00975350827722
-aid	0.33726647001	0.343821697804	0.107833497214	0.211078334972
-dne	0.414478323414	0.180732237046	0.0876089470567	0.317180492483
-tia	0.414332247557	0.562214983713	0.0156351791531	0.00781758957656
-aib	0.249158249158	0.417508417508	0.313131313131	0.020202020202
-aim	0.0367941129419	0.929717911801	0.0110915586839	0.0223964165733
-tim	0.479787889999	0.369387100752	0.0429547416451	0.107870267604
-tin	0.0	1.0	0.0	0.0
-ain	0.0955918262114	0.880417283567	0.0158050889944	0.00818580122709
-ngo	0.262903802641	0.641286025759	0.062197057968	0.0336131136322
-eme	0.098741034318	0.860243459119	0.0337238609517	0.00729164561117
-pug	0.824684192557	0.157391601229	0.0107545237282	0.00716968248548
-jas	0.436456996149	0.535535068269	0.0175049597386	0.0105029758431
-emb	0.0603420573428	0.922162316564	0.0064269646874	0.0110686614061
-uwo	0.314350282827	0.306366615733	0.133182220215	0.246100881225
-bye	0.251572327044	0.415094339623	0.295597484277	0.0377358490566
-emi	0.0883364702907	0.117393002477	0.042910600436	0.751359926796
-uwi	0.440141701676	0.313978965959	0.0514489976929	0.194430334672
-emu	0.491729987753	0.18648755845	0.0405692337055	0.281213220091
-ems	0.0132672634271	0.982576726343	0.00367647058823	0.000479539641944
-ium	0.1056	0.7888	0.0768	0.0288
-jam	0.0	1.0	0.0	0.0
-eti	0.463287688462	0.226577636436	0.0792773045052	0.230857370597
-ana	0.0514750352799	0.886029164707	0.03427189033	0.0282239096835
-int	0.173076923077	0.75	0.0769230769231	0.0
-dan	0.010101010101	0.982552800735	0.0	0.00734618916438
-ser	0.0	1.0	0.0	0.0
-ons	0.0543933054393	0.899581589958	0.0460251046025	0.0
-iqu	0.293751105447	0.587722745313	0.0128213382591	0.105704810981
-ruq	0.449339207048	0.550660792952	0.0	0.0
-000	0.12300944893	0.371495273087	0.0101882769206	0.495307001062
-iqe	0.0528931903292	0.783217178148	0.0166673401824	0.14722229134
-bek	0.32967032967	0.56043956044	0.021978021978	0.0879120879121
-qwi	0.515247075649	0.338198820736	0.051093338861	0.0954607647543
-bui	0.0348087832242	0.605729022975	0.133574576717	0.225887617084
-omu	0.381110700653	0.502524319665	0.0277059475434	0.0886590321389
-ete	0.199867637326	0.720714758438	0.0397088021178	0.0397088021178
-iqo	0.223880597015	0.462686567164	0.164179104478	0.149253731343
-lis	0.119390360372	0.856585969553	0.0196557300613	0.00436794001361
-iqi	0.916638122845	0.0504816522951	0.0064780837061	0.0264021411534
-uyi	0.0189629087739	0.950772760136	0.0162482603914	0.0140160706989
-buk	0.362376164416	0.62524412824	0.00181151420611	0.0105681931378
-atu	0.429156429156	0.570843570844	0.0	0.0
-uyo	0.54089714886	0.24582173919	0.0606908523905	0.15259025956
-bul	0.0672268907563	0.921568627451	0.0112044817927	0.0
-bub	0.775432015006	0.152133136449	0.0335235662689	0.0389112822764
-weq	0.138554216867	0.521514629948	0.0671256454389	0.272805507745
-kup	0.39263803681	0.539877300613	0.0674846625767	0.0
-uye	0.446343152834	0.469919356608	0.0455990898235	0.0381384007346
-bug	0.478406456598	0.215935434017	0.0841418391002	0.221516270284
-kau	0.149508807993	0.809379257595	0.0262925161938	0.0148194182183
-wet	0.143355302745	0.724538218037	0.0699371622848	0.0621693169335
-dus	0.0756302521008	0.731092436975	0.0336134453782	0.159663865546
-wes	0.400034754723	0.127755200373	0.00414687029774	0.468063174607
-ate	0.380279237177	0.328656804028	0.0520449333837	0.239019025411
-wen	0.214838792475	0.0791237708842	0.0231488200166	0.682888616625
-wem	0.475795365279	0.326836213668	0.0549882168107	0.142380204242
-wel	0.0547550432276	0.83681556196	0.0617195004803	0.0467098943324
