-ꞌoe	0.378866240746	0.248453503701	0.0447216306663	0.327958624886
-iva	0.227509845037	0.667416764691	0.0447501662149	0.0603232240577
-ive	0.0	1.0	0.0	0.0
-eue	0.68407113129	0.137154748392	0.0198637911464	0.158910329171
-ivi	0.119600448812	0.771610861444	0.0553833329605	0.0534053567833
-hea	0.391577975839	0.468162150255	0.0413881595132	0.0988717143927
-oeꞌ	0.677725118483	0.123222748815	0.0	0.199052132701
-ufu	0.630360385529	0.175268892303	0.093728174326	0.100642547842
-oye	0.36756126021	0.352392065344	0.0700116686115	0.210035005834
-oya	0.221134471367	0.244603066258	0.0707413188936	0.463521143481
-ufe	0.174684668216	0.778184002298	0.0217167628548	0.025414566631
-ufa	0.153787521404	0.251692952491	0.0759051481971	0.518614377907
-ufi	0.263270061064	0.335428606133	0.115460849593	0.28584048321
-uaa	0.103397341211	0.494091580502	0.0	0.402511078287
-kia	0.0687036497993	0.212638277028	0.0466230109389	0.672035062234
-pue	0.0611116500146	0.938888349985	0.0	0.0
-pua	0.189678717746	0.649320779128	0.0905627830087	0.0704377201179
-kie	0.267880483386	0.508920177028	0.168543190626	0.05465614896
-opu	0.264053142771	0.556036435006	0.179910422223	0.0
-opo	0.437623290195	0.377251739611	0.0212438490386	0.163881121155
-opi	0.130908462236	0.309295122719	0.0187651492652	0.54103126578
-ope	0.534603757288	0.0516087238177	0.0453465774131	0.368440941481
-opa	0.16721163853	0.643307162599	0.0275277879669	0.161953410904
-imu	0.122896509311	0.783260250853	0.0288763551149	0.0649668847206
-oku	0.0146231721035	0.939257592801	0.0	0.0461192350956
-400	0.586901763224	0.105793450882	0.0	0.307304785894
-ima	0.229575155808	0.365534820479	0.0843243442593	0.320565679454
-ueꞌ	0.772511848341	0.170616113744	0.0284360189573	0.0284360189573
-oko	0.143365509136	0.224820711495	0.506502268993	0.125311510376
-ime	0.332007231678	0.282989750222	0.0873977209482	0.297605297152
-oke	0.0519133530402	0.0621114475506	0.111305045974	0.774670153435
-oka	0.100687634958	0.792825566266	0.0213306563896	0.0851561423867
-imo	0.188827683533	0.636203894866	0.067107926233	0.107860495368
-ꞌae	0.407667269044	0.374873862368	0.0372376550622	0.180221213526
-ꞌao	0.115775014914	0.0396346897904	0.0135978662829	0.830992429013
-ꞌai	0.393632416787	0.327062228654	0.169319826339	0.10998552822
-100	0.0342686744858	0.174809296961	0.12831090578	0.662611122774
-uta	0.0398005798111	0.309343251517	0.0502745955998	0.600581573073
-ute	0.404698674524	0.263215431723	0.055973553407	0.276112340345
-uti	0.0682738059981	0.643981124998	0.0041461825505	0.283598886454
-uto	0.277288135593	0.477288135593	0.0311864406779	0.214237288136
-tea	0.429389023696	0.371091448566	0.090294165359	0.109225362379
-eꞌo	0.603772873645	0.167140535266	0.0414085278949	0.187678063194
-utu	0.357902375853	0.495027453794	0.0521861894802	0.0948839808731
-eꞌa	0.175660562703	0.675675240283	0.0731706007355	0.0754935962792
-aku	0.180384243351	0.237368064666	0.0425009264234	0.539746765559
-eꞌe	0.26335159892	0.604400098143	0.053733540525	0.078514762411
-haa	0.160320641283	0.799599198397	0.0400801603206	0.0
-mea	0.380279386107	0.26635197845	0.0347889540218	0.318579681422
-lua	0.39493599169	0.295598332681	0.0912573687122	0.218208306916
-lue	0.388158693541	0.42464485187	0.0488708110733	0.138325643516
-aye	0.138870221135	0.213034455091	0.0791323722535	0.568962951521
-aya	0.145811282668	0.264997359496	0.0263397798396	0.562851577996
-ayo	0.212480462686	0.336258662543	0.119038778335	0.332222096435
-ayi	0.422976888128	0.159774807401	0.0545203134259	0.362727991045
-ayu	0.281309445224	0.211182907668	0.172271446768	0.33523620034
-vue	0.476066862026	0.20760112693	0.0722234262077	0.244108584835
-vua	0.235630358844	0.394728485233	0.0489044140998	0.320736741823
-vuo	0.413837266236	0.18531902921	0.00977074913949	0.391072955414
-umu	0.134627426424	0.733876017533	0.089229805886	0.0422667501565
-ota	0.158639220348	0.598860526634	0.0894591768088	0.153041076209
-ote	0.236219358704	0.325113642849	0.100760639783	0.337906358664
-oti	0.0686909079784	0.180486719958	0.0156469618757	0.735175410188
-oto	0.044832766664	0.855538862971	0.0996283703646	0.0
-ume	0.315796474327	0.106871071541	0.0306663912087	0.546666062923
-uma	0.309065761231	0.432962254253	0.0773802729275	0.180591711588
-otu	0.889247494479	0.064888737897	0.00113243870676	0.0447313289169
-umo	0.169803509151	0.3162991383	0.064341919849	0.4495554327
-umi	0.22366528214	0.400486272921	0.0170195522237	0.358828892716
-ako	0.327936621925	0.274724579828	0.063485830498	0.333852967749
ALL	0.219011533807	0.251949191555	0.0486496687137	0.480389605925
-nai	0.0762138165164	0.844760049015	0.0646833129105	0.0143428215584
-nao	0.500561737732	0.280118757767	0.0164528989378	0.202866605563
-aki	0.34394776969	0.434365309155	0.066698729131	0.154988192025
-ake	0.246939727491	0.550430544793	0.11127579695	0.0913539307667
-naa	0.181895177639	0.166291006567	0.0431968854092	0.608616930384
-kio	0.444896063175	0.370456392986	0.0592265706655	0.125420973174
-aka	0.405945378332	0.434782538287	0.0927603858084	0.0665116975726
-nae	0.444505883255	0.153564379901	0.0373815366531	0.36454820019
-sio	0.431767851676	0.35988404813	0.0355595389763	0.172788561218
-sia	0.254577489312	0.379150960079	0.057430904667	0.308840645942
-sie	0.397474853778	0.335770130194	0.0499956362141	0.216759379814
-nau	0.278891584727	0.33750478866	0.0600178776657	0.323585748947
-goa	0.162806901591	0.228355228578	0.0274286530504	0.581409216781
-amu	0.234594239907	0.603384380813	0.0531016809759	0.108919698304
-goe	0.426060105349	0.316601085777	0.0434370365939	0.21390177228
-moe	0.243013757121	0.479806284154	0.126634430632	0.150545528093
-moa	0.205919500392	0.422643586694	0.0757660834542	0.29567082946
-ꞌea	0.618784530387	0.210157246069	0.0446238844029	0.126434339142
-yae	0.446979894406	0.38428243827	0.0940749826676	0.0746626846568
-ofo	0.360568383659	0.639431616341	0.0	0.0
-yaa	0.0993303218423	0.513009698688	0.201679802403	0.185980177067
-ofi	0.144955518843	0.220085304691	0.00892978458555	0.626029391881
-yao	0.397186014911	0.0931045143108	0.019526784623	0.490182686155
-ofe	0.209508367014	0.37830315631	0.0311360611891	0.381052415487
-ofa	0.363615389052	0.297481027365	0.0297052546577	0.309198328925
-iso	0.142943470115	0.141630234796	0.0164070016711	0.699019293419
-upu	0.314741035857	0.629482071713	0.0	0.0557768924302
-igu	0.285213993333	0.0816039716522	0.0405391895018	0.592642845513
-isi	0.0224846399943	0.952063396128	0.00813446711332	0.0173174967648
-ise	0.439667128988	0.263522884882	0.263522884882	0.0332871012483
-isa	0.0715218701229	0.828527158475	0.0823979849621	0.0175529864404
-eve	0.25494538381	0.455962890917	0.0104743378722	0.278617387401
-eva	0.0	1.0	0.0	0.0
-upa	0.0529281239724	0.380165631813	0.0442030247011	0.522703219513
-isu	0.513730528344	0.418821262245	0.0674482094106	0.0
-upi	0.213059673191	0.341376871628	0.0123764882978	0.433186966883
-avi	0.170153472805	0.123910422629	0.131921980068	0.574014124498
-hae	0.392130488557	0.110314159861	0.02100283539	0.476552516191
-avo	0.425607031234	0.283693018044	0.0478199528821	0.24287999784
-ava	0.068284594373	0.0798680009931	0.0128657235127	0.838981681121
-mau	0.428256424832	0.242983799246	0.0762132228222	0.252546553099
-ave	0.453020180672	0.133743784179	0.0184420899155	0.394793945234
-mav	0.584615384615	0.323076923077	0.0923076923077	0.0
-mai	0.255543358683	0.37712739373	0.148343993937	0.21898525365
-hau	0.329976305153	0.349165929681	0.0474674948904	0.273390270275
-mao	0.337922827425	0.504364670197	0.0716253891664	0.0860871132112
-maa	0.20505806275	0.318717778261	0.0703333055979	0.405890853391
-mae	0.40432049949	0.250900374151	0.0951246263027	0.249654500056
-uno	0.0125451375359	0.00736545243126	0.00217056031103	0.977918849722
-uni	0.0	1.0	0.0	0.0
-foa	0.0	0.022641509434	0.977358490566	0.0
-une	0.248232742709	0.352896062354	0.0390946296694	0.359776565268
-una	0.184534610281	0.220975745797	0.0451649447091	0.549324699213
-pta	0.0	0.95041322314	0.0	0.0495867768595
-unu	0.320649233544	0.434445446348	0.244905320108	0.0
-666	0.302526595745	0.232712765957	0.0	0.464760638298
-gae	0.223990963541	0.590143589187	0.0158945892327	0.169970858039
-500	0.184115523466	0.274368231047	0.198555956679	0.342960288809
-gaa	0.280282682401	0.329620007926	0.101470652988	0.288626656686
-gao	0.691084462982	0.287539103233	0.00312825860272	0.0182481751825
-gai	0.0907483087379	0.0597968307884	0.0197790775158	0.829675782958
-144	0.0	0.253054789121	0.0354749704376	0.711470240441
-ohu	0.153055106815	0.203945575562	0.203731924106	0.439267393518
-ino	0.317199128315	0.186891766093	0.0480707389707	0.447838366621
-ina	0.1668659557	0.394829706081	0.0354123500763	0.402891988142
-ine	0.397091617956	0.124599068512	0.0282306856121	0.45007862792
-sea	0.0889920332118	0.801311496617	0.0409560929906	0.0687403771802
-ohe	0.323425177199	0.171708096236	0.0487171807926	0.456149545772
-oho	0.890838206628	0.0740740740741	0.0233918128655	0.0116959064328
-iae	0.205397301349	0.71964017991	0.0749625187406	0.0
-fue	0.431014289061	0.213711251659	0.180370110096	0.174904349184
-fua	0.130872082612	0.643287769355	0.101623589805	0.124216558228
-fuo	0.0667475728155	0.933252427184	0.0	0.0
-iao	0.172413793103	0.425287356322	0.0	0.402298850575
-k10	0.24038254199	0.563248620892	0.0744847313209	0.121884105797
-iku	0.0336943441636	0.966305655836	0.0	0.0
-neo	0.344010198198	0.335879443039	0.0875798696195	0.232530489144
-kue	0.014471780029	0.75156777617	0.0892426435118	0.144717800289
-kua	0.244395073164	0.403619139975	0.0662756364794	0.285710150381
-nea	0.221058918428	0.229478204488	0.0542426963571	0.495220180727
-eka	0.353184407399	0.251446876325	0.0672018785813	0.328166837695
-hoa	0.243326942929	0.440348031264	0.0	0.316325025807
-eke	0.295824018977	0.390297632163	0.0606625484079	0.253215800453
-eki	0.0485886163813	0.951411383619	0.0	0.0
-eko	0.759036144578	0.240963855422	0.0	0.0
-aꞌo	0.378888809643	0.403102489123	0.107388916625	0.110619784609
-aꞌe	0.303646626913	0.363290616032	0.0299563969299	0.303106360126
-aꞌa	0.182208341254	0.262335262091	0.0272029708383	0.528253425816
-ase	0.350740440228	0.471918998164	0.143862772631	0.033477788977
-ipe	0.220040427375	0.650014438348	0.129945134277	0.0
-asa	0.202858907933	0.590837153757	0.117039213377	0.0892647249332
-vea	0.124128097257	0.393363680607	0.0443751931836	0.438133028953
-iyo	0.391354320732	0.226439389227	0.0537614386341	0.328444851407
-asi	0.018250651745	0.652863404675	0.00730609099154	0.321579852589
-asu	0.0841240897803	0.071144087621	0.801815040967	0.0429167816312
-iꞌe	0.0996634636153	0.844984644643	0.0259809815981	0.0293709101439
-yea	0.184078319006	0.3782205162	0.387283325273	0.0504178395208
-ꞌie	0.743055555556	0.131944444444	0.0	0.125
-ꞌni	0.129945126234	0.18973900958	0.0360687897273	0.644247074459
-ꞌno	0.247176139189	0.110395499373	0.0282406613911	0.614187700047
-ꞌna	0.233873995998	0.151333364786	0.037524203534	0.577268435682
-430	0.261075949367	0.0	0.0	0.738924050633
-ꞌne	0.229144655704	0.258234311523	0.025426759486	0.487194273287
-afu	0.117565255366	0.713354477649	0.0230564000433	0.146023866941
-iye	0.361967666369	0.107424630944	0.0274494487495	0.503158253937
-ꞌnu	0.161747194	0.783982365907	0.0287314094606	0.0255390306316
-ugu	0.0335917312661	0.893733850129	0.0339147286822	0.0387596899225
-iya	0.198048977518	0.228058063094	0.0660524219561	0.507840537432
-uge	0.192837065309	0.163274949225	0.0258087189336	0.618079266532
-uga	0.274848660925	0.466328199115	0.0526866442667	0.206136495693
-ugi	0.344732591476	0.134128969665	0.0438477557775	0.477290683082
-lae	0.420101864328	0.2692066383	0.0577413068708	0.252950190501
-ike	0.333896422538	0.45893079717	0.0472494937554	0.159923286536
-laa	0.0786026200874	0.816593886463	0.0	0.10480349345
-ika	0.319043554475	0.320990698297	0.0458351740474	0.31413057318
-iko	0.0840860841693	0.876368480207	0.0395454356242	0.0
-lao	0.191635813735	0.352609897273	0.365020597591	0.0907336914012
-lai	0.0	1.0	0.0	0.0
-iki	0.0751861394575	0.671637148093	0.219363913629	0.0338127988206
-aao	0.212453046412	0.136881645126	0.0515693639778	0.599095944483
--na	0.327407792366	0.672592207634	0.0	0.0
-noo	0.458923512748	0.526912181303	0.014164305949	0.0
-aae	0.0964026375094	0.652908772223	0.206869209582	0.0438193806861
-noa	0.314092714236	0.271481659459	0.0201585175539	0.394267108751
-noe	0.489965705995	0.134896143142	0.0312738942801	0.343864256584
-gea	0.295935677768	0.370396305455	0.0998375591338	0.233830457644
-ahe	0.358754160401	0.249109177458	0.0315628057822	0.360573856359
-toe	0.380082022096	0.401183897433	0.0859459892715	0.132788091199
-gle	0.0810810810811	0.779922779923	0.0	0.138996138996
-toa	0.675193150782	0.213195329222	0.0498576402167	0.0617538797798
-olu	0.491803278689	0.459016393443	0.0491803278689	0.0
-oli	0.190225095412	0.296110808215	0.310390217307	0.203273879066
-saa	0.173532345829	0.654484134146	0.054186097578	0.117797422446
-sae	0.407158728733	0.209641268615	0.07488644072	0.308313561933
-olo	0.0631268204941	0.81831499854	0.0308333721869	0.0877248087792
-ola	0.0790861958153	0.125963757007	0.0903096214694	0.704640425709
-sao	0.308262933743	0.249074914473	0.0503386162117	0.392323535572
-ole	0.034454077811	0.579847550355	0.0191785908932	0.366519780941
-loe	0.324641304995	0.386631541347	0.0566544621064	0.232072691552
-loa	0.392990902475	0.414001685558	0.1036611317	0.0893462802666
-hai	0.345243770059	0.163395654186	0.0743589285099	0.417001647245
-oki	0.0362203723708	0.78776132681	0.0956344919616	0.0803838088581
-ꞌma	0.270677204939	0.347281826114	0.0488386525894	0.333202316358
-ipi	0.108198724339	0.685201033829	0.0495236467381	0.157076595094
-ꞌme	0.0715048629296	0.857223189004	0.0251548052	0.0461171428666
-ipa	0.219273949105	0.277128595297	0.0905216843569	0.413075771241
-ꞌmo	0.0906322565277	0.607818333787	0.048898648742	0.252650760944
-imi	0.0612244897959	0.884353741497	0.0544217687075	0.0
-ꞌmu	0.549389567148	0.450610432852	0.0	0.0
-hao	0.531398023847	0.116461909886	0.0381391688144	0.314000897453
-efu	0.0271689911248	0.0597717804746	0.0158485781561	0.897210650244
-276	0.0	0.2	0.0	0.8
-ige	0.29340437824	0.204487049197	0.1181001297	0.384008442863
-eya	0.294247100545	0.300315150669	0.133276214324	0.272161534462
-200	0.0299799679305	0.632895292691	0.0554629406715	0.281661798707
-eye	0.538423886442	0.395496818404	0.0513950073422	0.014684287812
-mue	0.262213168313	0.295004914369	0.038189315777	0.404592601541
-mua	0.164985768963	0.722566229059	0.0206851778271	0.0917628241514
-leo	0.496016626256	0.415656390717	0.0554208520956	0.0329061309317
-lea	0.299274640261	0.444068868597	0.0893464977238	0.167309993418
-tiu	0.256578947368	0.664473684211	0.0592105263158	0.0197368421053
-ifa	0.299960170191	0.303868774333	0.158088892071	0.238082163405
-ife	0.167317804516	0.311304933848	0.0200289130771	0.501348348559
-ifi	0.236962422353	0.238206176661	0.0397809145899	0.485050486396
-alu	0.138538519591	0.329838435015	0.0713287946991	0.460294250695
-eea	0.3819661866	0.363180964308	0.170319348779	0.084533500313
-ifo	0.219826133837	0.389648898174	0.283037940562	0.107487027428
-gio	0.715053763441	0.220430107527	0.0	0.0645161290323
-alo	0.440439069801	0.137087086856	0.0580852918737	0.364388551469
-ifu	0.783105022831	0.162100456621	0.0	0.054794520548
-ali	0.112768105714	0.1063212555	0.0638245793571	0.717086059428
-gie	0.343804537522	0.446771378708	0.191972076789	0.0174520069808
-ale	0.179831055589	0.259788886899	0.188693545764	0.371686511747
-gia	0.238501282182	0.231358779215	0.01504786461	0.515092073993
-ala	0.171174548143	0.17150481741	0.0520726429913	0.605247991456
-uve	0.442617686565	0.30845703802	0.0270385389885	0.221886736426
-120	0.0236220472441	0.283464566929	0.0472440944882	0.645669291339
-uva	0.382296917055	0.203440406851	0.126493035359	0.287769640735
-uvo	0.467625899281	0.223021582734	0.0719424460432	0.237410071942
-yoa	0.390563829852	0.266475925574	0.163696292802	0.179263951772
-pea	0.383213370745	0.562132487496	0.0153714773698	0.0392826643895
-elu	0.527915291529	0.346562156216	0.0962596259626	0.0292629262926
-ogi	0.39111640858	0.301940413838	0.0717292035686	0.235213974013
-153	0.213607594937	0.0	0.0949367088606	0.691455696203
-eli	0.0990574183521	0.708897692389	0.0179907571841	0.174054132075
-elo	0.299915646077	0.487298956201	0.0663877914896	0.146397606233
-ogo	0.389461358314	0.58243559719	0.0	0.0281030444965
-iꞌa	0.0995963014113	0.366380692222	0.0563051764489	0.477717829918
-oga	0.147453348719	0.544224792208	0.0412719751696	0.267049883903
-iꞌo	0.670074570883	0.172986452908	0.0416917228457	0.115247253363
-ela	0.266622998303	0.383722811647	0.0653276468078	0.284326543242
-oge	0.470310629006	0.0373318306684	0.0211312249067	0.471226315419
-ele	0.345776218448	0.325823907594	0.111233850828	0.21716602313
-ieꞌ	0.622433343549	0.281029727245	0.0	0.0965369292062
-esu	0.199740175382	0.611886976291	0.175381617408	0.0129912309191
-ito	0.560747663552	0.239592183517	0.0764655904842	0.123194562447
-esi	0.346417029739	0.391385694286	0.0378118826131	0.224385393361
-eso	0.237647058823	0.68862745098	0.0219607843137	0.0517647058824
-iti	0.287408566974	0.399217789381	0.0959494092887	0.217424234356
-esa	0.216343825975	0.104487158422	0.0424634892004	0.636705526403
-ite	0.392391789143	0.259118491679	0.0198518503403	0.328637868838
-ese	0.322616896636	0.506266059807	0.0582060531795	0.112910990378
-ita	0.299220560769	0.401458812164	0.0767711690333	0.222549458034
-ꞌva	0.689338204349	0.127826355276	0.0765357657382	0.106299674636
-faa	0.188488809545	0.27592978272	0.0610067778392	0.474574629896
-ꞌve	0.010101010101	0.888888888889	0.10101010101	0.0
-fae	0.201991349057	0.742512037868	0.00734513996572	0.0481514731086
-fai	0.0192089175738	0.738472376883	0.0870963343409	0.155222371202
-fao	0.106280193237	0.874396135266	0.0	0.0193236714976
-fau	0.555555555556	0.12962962963	0.240740740741	0.0740740740741
-huo	0.250496230565	0.0912153285861	0.0233923568027	0.634896084046
-hue	0.355937240216	0.166425246929	0.0276033285766	0.450034184279
-hua	0.34276659521	0.0492079400874	0.0191634882189	0.588861976484
-koe	0.519957983193	0.417016806723	0.0	0.063025210084
-tua	0.292715556351	0.553370023776	0.00278158590134	0.151132833972
-koa	0.385753165306	0.176073837416	0.168382439948	0.269790557331
-vae	0.419022481702	0.152516236386	0.0483738510807	0.380087430832
-soe	0.808	0.0960000000001	0.0	0.096
-vai	0.222051498104	0.351337843754	0.0630736123847	0.363537045757
-soa	0.206847748114	0.60664223812	0.116752942089	0.0697570716764
-vao	0.217691776089	0.0888044229441	0.0207325501037	0.672771250864
-omu	0.0796191648298	0.521716573386	0.21524838469	0.183415877095
-omi	0.551914153132	0.361948955916	0.0861368909513	0.0
-lio	0.388000903813	0.514760636992	0.0408484050652	0.0563900541305
-omo	0.107315021313	0.206258593597	0.00768979517435	0.678736589915
-lie	0.401859126861	0.421725672029	0.0877175583295	0.0886976427802
-oma	0.322703690518	0.2717027171	0.090831458948	0.314762133433
-lia	0.188527335654	0.488333133995	0.205834136098	0.117305394252
-ome	0.662280701754	0.206140350877	0.0526315789474	0.0789473684211
-eaa	0.281690140845	0.603873239437	0.0880281690141	0.0264084507042
-teo	0.148560817085	0.515320334262	0.196843082637	0.139275766017
-eho	0.419077242661	0.289596517463	0.0591916155086	0.232134624368
-ehi	0.141129032258	0.858870967742	0.0	0.0
-ehe	0.267450233615	0.355352890585	0.0683515443279	0.308845331472
-eha	0.394457229893	0.301097131477	0.0603955388178	0.244050099813
-ehu	0.160349586017	0.0202391904324	0.128794848206	0.690616375345
-pai	0.141290876156	0.832967871103	0.0	0.025741252741
-apa	0.268360720751	0.288107089864	0.0861522762745	0.35737991311
-ape	0.278929074005	0.207582117556	0.0300285852888	0.48346022315
-paa	0.385342337281	0.147818614548	0.0843410057111	0.38249804246
-api	0.241218369002	0.267634432994	0.0425347061523	0.448612491852
-pae	0.257352941176	0.594005539436	0.0932471643366	0.0553943550514
-hoꞌ	0.742962621135	0.199353945547	0.0576834333179	0.0
-apu	0.613402061856	0.130222463375	0.142430819316	0.113944655453
-kea	0.139430508495	0.120613144726	0.00369607772323	0.736260269056
-ini	0.0814649118866	0.645414651784	0.0157035204845	0.257416915845
-nua	0.772961758439	0.186665919031	0.0100930806325	0.0302792418975
-suo	0.146742328529	0.281900683098	0.0402561082679	0.531100880105
-neꞌ	0.338906461817	0.267962042476	0.162675101672	0.230456394035
-sue	0.571263304582	0.15021048159	0.0283702650073	0.250155948821
-ꞌue	0.725372470536	0.227929730932	0.00667111407605	0.0400266844563
-sua	0.356769895493	0.19875658609	0.0542087181114	0.390264800306
-aoꞌ	0.7533632287	0.213004484305	0.0336322869955	0.0
-uhe	0.754610462928	0.140007527286	0.0	0.105382009786
--to	0.41640477687	0.329038340666	0.0754242614708	0.179132620993
-fea	0.33911516083	0.495663629377	0.124876495773	0.0403447140191
--te	0.262814143582	0.496813852126	0.0957036683756	0.144668335917
-ovo	0.669046404895	0.212646608873	0.0112187659358	0.107088220296
-fna	0.473897389739	0.397389738974	0.023402340234	0.105310531053
-iha	0.126315789474	0.747368421053	0.0631578947369	0.0631578947369
-uku	0.128	0.824	0.048	0.0
-ihe	0.323386978192	0.467647314384	0.146603155435	0.0623625519887
-ove	0.568617688302	0.238221903744	0.00622679622685	0.186933611727
-iho	0.389326030953	0.145549743239	0.0317474089237	0.433376816884
-ova	0.698228466707	0.257788637752	0.0073304825901	0.0366524129505
-afi	0.216013840493	0.498521945212	0.0557239743182	0.229740239978
-uka	0.15775233725	0.0797720424943	0.0231237971195	0.739351823136
-uke	0.121072355146	0.73364081868	0.0	0.145286826175
-afo	0.114779364214	0.194261316672	0.62205018906	0.0689091300528
-afa	0.196116490146	0.252559435371	0.116905244611	0.434418829872
-uki	0.0665805662237	0.641470958094	0.0720524759541	0.219895999728
-uko	0.372084498007	0.246208129038	0.256609998625	0.12509737433
-afe	0.16181406317	0.136608645922	0.0344779005212	0.667099390387
-efe	0.269078285832	0.431115551728	0.144381938504	0.155424223937
-efa	0.167624245448	0.64231798441	0.0992511719502	0.0908065981913
-efo	0.0871710177461	0.463062161798	0.168957467071	0.280809353384
-efi	0.292140558037	0.495299854034	0.103618099633	0.108941488296
-aie	0.515492957747	0.118309859155	0.0	0.366197183098
-tie	0.263760346532	0.531845895565	0.0843559682549	0.120037789648
-aia	0.0710899940428	0.0585992641546	0.0340410663139	0.836269675489
-tia	0.207481310541	0.303226617063	0.0269445676968	0.462347504699
-aio	0.448598130841	0.551401869159	0.0	0.0
-tio	0.567249269702	0.183103249825	0.0153589169426	0.234288563531
-eme	0.288920221706	0.438903774662	0.127565524656	0.144610478976
-ema	0.162049240641	0.20961973051	0.0403101519376	0.588020876912
-emo	0.150278920562	0.439558776075	0.0169091564961	0.393253146867
-emi	0.37922487607	0.591031996395	0.0297431275349	0.0
-emu	0.016319727773	0.949131061303	0.00173614125245	0.0328130696713
-uꞌa	0.170125351106	0.368952508162	0.0583615441783	0.402560596554
-uꞌe	0.230734096023	0.617734386099	0.045613068086	0.105918449792
-etu	0.443864229765	0.381201044386	0.0913838120104	0.0835509138381
-000	0.116469307861	0.379513073793	0.00962778659695	0.494389831749
-eta	0.303136389044	0.270491373097	0.0826598609542	0.343712376905
-ete	0.164843785551	0.0765100314341	0.0633771925986	0.695268990416
-eti	0.195094249097	0.393684854852	0.0364158172411	0.37480507881
-eto	0.0762267112764	0.69652988872	0.00738321549012	0.219860184514
-atu	0.177608170481	0.655951673546	0.0431183627918	0.123321793181
-uyo	0.465290806754	0.391651031895	0.0375234521576	0.105534709193
-uya	0.209334977086	0.117467967086	0.0373402583282	0.635856797499
-300	0.164639850327	0.501403180542	0.10383536015	0.23012160898
-ate	0.199466971496	0.337177747982	0.030567288018	0.432787992504
-ata	0.327514566071	0.374989514443	0.0539971287216	0.243498790765
-ato	0.413462652041	0.355220070988	0.0711962163674	0.160121060604
-ati	0.134220997887	0.64540243805	0.0287151442833	0.191661419779
-kai	0.112656007727	0.127774529823	0.0425058392573	0.717063623192
-uli	0.210095497954	0.732605729877	0.0572987721692	0.0
-osa	0.200733962951	0.535806106148	0.0730338245636	0.190426106337
-ulo	0.116459627329	0.790372670807	0.0	0.0931677018634
-oso	0.57849791986	0.262754543464	0.00656886358659	0.15217867309
-ula	0.204349788441	0.520840747324	0.048976058568	0.225833405667
-osi	0.0997329176423	0.16670691844	0.328256228585	0.405303935332
-kae	0.397929188786	0.371298205589	0.121967270653	0.108805334971
-ule	0.193864722125	0.361571873306	0.115793336704	0.328770067865
-nia	0.196372371031	0.236449835502	0.0432208939042	0.523956899562
-nie	0.192204099955	0.702528804429	0.0989824928924	0.00628460272332
-nio	0.126091114306	0.574227479284	0.183680143751	0.116001262659
-kau	0.0430622009569	0.244019138756	0.712918660287	0.0
-ulu	0.264773228578	0.209041446968	0.332962208264	0.19322311619
-fio	0.467134863469	0.306365037574	0.0677585927707	0.158741506186
-oꞌo	0.725420195571	0.146245178703	0.0818084774267	0.0465261482996
-oꞌa	0.141384078539	0.38382702043	0.0425024996917	0.43228640134
-fia	0.240828853803	0.553320481984	0.196678062048	0.00917260216531
-oꞌe	0.294213101181	0.47124117287	0.0548317499455	0.179713976003
-fie	0.473248090433	0.315139355306	0.104227078964	0.107385475297
-ilu	0.334812623274	0.440088757396	0.195512820513	0.0295857988165
-vio	0.457763115915	0.308434213735	0.0426747132798	0.191127957071
-via	0.354437972266	0.403270318447	0.0861852787351	0.156106430552
-vie	0.365891565545	0.276346464224	0.0340725685935	0.323689401638
-ile	0.19953731096	0.205524265923	0.0524460882137	0.542492334904
-ila	0.200466437284	0.172737053171	0.0325670379733	0.594229471572
-ilo	0.280019559902	0.600860635697	0.0698288508558	0.0492909535452
--ka	0.673076923077	0.291806020067	0.0351170568562	0.0
-ili	0.159418756106	0.758446352979	0.0387980299577	0.0433368609573
-iga	0.239926449531	0.398170579566	0.0731153614039	0.288787609499
-oai	0.374675797517	0.272526447559	0.0881994387309	0.264598316193
-igi	0.355997849358	0.263884103969	0.0952505791979	0.284867467475
-igo	0.56471397782	0.303510276262	0.0384345925595	0.0933411533586
-oaa	0.0272644653135	0.972735534686	0.0	0.0
-ami	0.129091060906	0.269599729169	0.101216382434	0.500092827491
-amo	0.187393570113	0.426956176803	0.0398800005456	0.345770252539
-ama	0.252004029608	0.21737509972	0.0513286942286	0.479292176444
-ame	0.125745177355	0.635729945489	0.0380517113208	0.200473165836
-lva	0.0698529411764	0.886029411765	0.0220588235294	0.0220588235294
-usi	0.138632435663	0.678857418962	0.0258023625105	0.156707782865
-hio	0.231848184818	0.361111111111	0.116428309498	0.290612394573
-hia	0.19434340609	0.0496354184851	0.019178631408	0.736842544017
-usa	0.0967351103175	0.748947838286	0.044637163627	0.109679887769
-hie	0.385751843634	0.104282565104	0.0241127503556	0.485852840906
-use	0.209172272802	0.283785599865	0.0952607504228	0.411781376911
-kao	0.650534999786	0.24373914657	0.0243316665636	0.0813941870809
-gua	0.215677397515	0.391233415314	0.0984741884566	0.294614998715
-epe	0.18512341561	0.714809873249	0.0637925283522	0.0362741827885
-epa	0.39674682568	0.136527414843	0.0188214437832	0.447904315694
-epi	0.33795576597	0.426344332957	0.103324618428	0.132375282645
-epu	0.0	1.0	0.0	0.0
-ꞌka	0.581915778332	0.119074620095	0.0	0.299009601572
-kaa	0.276204970633	0.400994775151	0.113881258365	0.208918995851
-ꞌke	0.21362483478	0.427624763334	0.247293966349	0.111456435538
-pia	0.218273747383	0.574071228079	0.0928870099429	0.114768014595
-pio	0.150913423352	0.396346306593	0.066719618745	0.386020651311
-ꞌyo	0.569840565459	0.161056220267	0.0985376293992	0.170565584875
-ꞌyi	0.550424347083	0.0673528641641	0.0109421437233	0.371280645029
-ꞌye	0.240976149817	0.432125488294	0.144355306517	0.182543055372
-ꞌya	0.22575712159	0.195450584107	0.0480926197369	0.530699674566
-ꞌyu	0.659100883933	0.0156631975784	0.00860532300695	0.316630595482
-uhu	0.330407122339	0.520719783457	0.106337924431	0.0425351697724
-agu	0.129409169299	0.341166032965	0.0640033717721	0.465421425964
-agi	0.316543738883	0.247185686311	0.0798586068294	0.356411967976
-ago	0.313186753183	0.083274647009	0.0546626798625	0.548875919946
-uhi	0.0455990051126	0.0393809589609	0.915020035926	0.0
-aga	0.23591691472	0.432924854767	0.0935333842947	0.237624846218
--li	0.2	0.541176470588	0.0705882352941	0.188235294118
-age	0.400759039586	0.162137119793	0.0835458178219	0.353558022799
-uha	0.143650593285	0.0509972229235	0.217116889674	0.588235294118
-ege	0.278146935119	0.396385106557	0.0651148711998	0.260353087125
-one	0.289958038636	0.403969141895	0.0702803489473	0.235792470522
-anu	0.467216378305	0.47614593954	0.0264717225356	0.0301659596195
-ega	0.237792403608	0.329962808532	0.0302403678536	0.402004420006
-ona	0.208567638529	0.354997343512	0.0423948683005	0.394040149658
-ego	0.9533280297	0.0466719702996	0.0	0.0
-ono	0.0677348355247	0.646262092541	0.0265118171057	0.259491254828
--ge	0.366053841103	0.331910702561	0.106697307945	0.195338148391
-egi	0.205526797464	0.512818944495	0.0430786056275	0.238575652413
-oni	0.027775128021	0.864128462955	0.0334619295197	0.0746344795048
-450	0.195652173913	0.195652173913	0.0	0.608695652174
-ana	0.276687067701	0.22519104017	0.0309408856922	0.467181006437
-egu	0.182890855457	0.76401179941	0.0530973451327	0.0
-ane	0.366737202974	0.206252254435	0.0347789971695	0.392231545421
-ani	0.0520183140339	0.0569043246487	0.00372231271088	0.887355048607
-ank	0.0902608695653	0.104160535117	0.0169230769231	0.788655518395
-ano	0.176795556607	0.121217690321	0.0262242981339	0.675762454939
-tao	0.472961596746	0.31066726385	0.0680211961863	0.148349943217
-tae	0.39166844655	0.424452797125	0.0920324823335	0.0918462739919
-taa	0.209130211514	0.606367623383	0.0429897851551	0.141512379948
-tau	0.357721746961	0.258442143179	0.0	0.38383610986
-mia	0.279156845186	0.375889675857	0.078827219326	0.266126259631
-mie	0.293598155167	0.362616990159	0.146783094166	0.197001760508
-mio	0.44471728225	0.174250860499	0.0239888284946	0.357043028756
-eno	0.355355929018	0.160790555997	0.0422049105404	0.441648604445
-eni	0.102952482084	0.290413720274	0.101018512789	0.505615284854
-ene	0.163650376483	0.384076677717	0.0512893323967	0.400983613403
-ena	0.217103433761	0.241735872067	0.043356149771	0.497804544401
