kud-	0.508811119384	0.32414991313	0.0915860014892	0.0754529659965
tut-	0.329483588449	0.523167508285	0.0635651727947	0.0837837304718
wav-	0.752892928824	0.0710451558726	0.051823970516	0.124237944788
fuu-	0.0300751879699	0.947368421053	0.0225563909774	0.0
nak-	0.221824104234	0.401954397394	0.199022801303	0.177198697068
del-	0.0416666666667	0.958333333333	0.0	0.0
son-	0.554928544864	0.143734173724	0.0477577625494	0.253579518863
dok-	0.0	0.924	0.076	0.0
maa-	0.0729927007299	0.906152241919	0.0208550573514	0.0
nzo-	0.161534032541	0.673921831823	0.012565430366	0.151978705271
fal-	0.00574712643678	0.988505747126	0.0	0.00574712643678
fwi-	0.542603386067	0.156813766306	0.233971690258	0.0666111573688
kul-	0.51244526442	0.175725650114	0.0406343387201	0.271194746746
mah-	0.0	1.0	0.0	0.0
tum-	0.476919365374	0.29727109632	0.0650933525644	0.160716185742
nle-	0.0755517463038	0.807448039426	0.0651167773731	0.0518834368974
eno-	0.0213201701412	0.0649057396419	0.0066166045266	0.90715748569
aku-	0.0161184304535	0.0821125432253	0.00943099654196	0.892338029779
baf-	0.262186836719	0.360291084269	0.265300234048	0.112221844964
sol-	0.414713146154	0.503039696898	0.0607782299504	0.0214689269974
lis-	0.0	1.0	0.0	0.0
san-	0.304260811555	0.578559619456	0.0516286219799	0.0655509470082
yal-	0.389203264209	0.320994497348	0.105832083575	0.183970154868
sak-	0.529654224868	0.379207694069	0.0462560109916	0.044882070071
yaz-	0.437005257115	0.1678550567	0.330886055552	0.0642536306323
bap-	0.691228070176	0.287719298245	0.0	0.021052631579
vil-	0.643010752688	0.215053763441	0.122580645161	0.0193548387097
nun-	0.543500086094	0.229773193768	0.150872856904	0.0758538632338
kat-	0.463432691628	0.169775654575	0.0537824687424	0.313009185055
abi-	0.0	0.992592592593	0.0074074074074	0.0
zin-	0.130719732027	0.71260684983	0.0449053811245	0.111768037019
fro-	0.631578947368	0.315789473684	0.0	0.0526315789474
mil-	0.253332313887	0.477100695772	0.177434564314	0.0921324260265
dis-	0.118245401195	0.711164646254	0.128275494868	0.042314457684
tib-	0.0469157254561	0.92180712424	0.0312771503041	0.0
mbi-	0.0970779097206	0.772232054503	0.0773102687067	0.0533797670701
sen-	0.446641257742	0.489042401143	0.0214387803716	0.0428775607432
swa-	0.461084736009	0.370450294922	0.0963890087757	0.0720759602935
vwi-	0.452730637764	0.378485685464	0.0237292243988	0.145054452373
bay-	0.420236254013	0.376077099439	0.0863616860482	0.1173249605
zon-	0.0	1.0	0.0	0.0
nka-	0.184544714961	0.537728219342	0.0480001971809	0.229726868516
mkw-	0.351063829787	0.648936170213	0.0	0.0
ked-	0.0800407655647	0.471979382598	0.0932906495579	0.354689202279
s'e-	0.24	0.212	0.192	0.356
paf-	0.0	1.0	0.0	0.0
hum-	0.0	0.92523364486	0.0	0.0747663551402
uli-	0.0	1.0	0.0	0.0
kum-	0.424200495222	0.167085481524	0.0278879374394	0.380826085814
bik-	0.493515687494	0.208070422048	0.0395256086925	0.258888281766
nen-	0.0803867871785	0.0470580393159	0.674230024856	0.198325148649
ful-	0.246134680549	0.416483799666	0.0210122985197	0.316369221266
val-	0.0566694972532	0.845588617576	0.0769457393897	0.020796145781
lui-	0.655462184874	0.344537815126	0.0	0.0
ate-	0.0	1.0	0.0	0.0
kam-	0.668713537634	0.0765516193275	0.0198539070452	0.234880935993
kle-	0.0769230769231	0.884615384615	0.0384615384615	0.0
vum-	0.273349404056	0.563407122726	0.117273320276	0.0459701529426
sin-	0.193832599119	0.732745961821	0.057268722467	0.0161527165933
kim-	0.123303785513	0.54962146103	0.123264028469	0.203810724989
pat-	0.0	0.986725663717	0.0132743362832	0.0
yiz-	0.608404236177	0.2357273218	0.0548800863687	0.100988355654
maw-	0.159673339883	0.0777222138221	0.038781230976	0.723823215319
kem-	0.579753982658	0.21943268132	0.0640250050414	0.136788330981
lom-	0.368798229487	0.410941580112	0.1275190576	0.0927411328001
saw-	0.0379979570991	0.837589376915	0.0	0.124412665986
diz-	0.559297218155	0.24236963622	0.10879603559	0.0895371100349
mfi-	0.216992501339	0.475696304231	0.190814140332	0.116497054097
ngw-	0.22816032888	0.546762589928	0.13874614594	0.0863309352518
nza-	0.0971157067297	0.802223165881	0.0103628840102	0.0902982433791
kid-	0.384191176471	0.213235294118	0.365808823529	0.0367647058824
mwi-	0.0811991884872	0.415272427897	0.0144481859869	0.489080197629
kiv-	0.472271686594	0.377607479013	0.0963177308573	0.053803103536
pas-	0.113093949652	0.850197378845	0.0245245167063	0.0121841547968
nge-	0.050121764421	0.0421011583072	0.00650683892371	0.901270238348
yod-	0.0	1.0	0.0	0.0
bak-	0.492339340487	0.272655846227	0.0544442576817	0.180560555605
nkw-	0.213551056598	0.326001182208	0.059442884587	0.401004876607
fol-	0.0	1.0	0.0	0.0
zis-	0.245439593301	0.636812200957	0.0549491626794	0.0627990430623
epa-	0.0731707317073	0.869337979094	0.0418118466899	0.0156794425087
500-	0.0	1.0	0.0	0.0
bwa-	0.27491456681	0.128653138139	0.0547445028647	0.541687792186
asi-	0.00197726149283	0.993409128357	0.00263634865711	0.00197726149283
dia-	0.131667185702	0.108541355497	0.0615274993475	0.698263959454
nan-	0.0626737314512	0.0935260926284	0.0138822500261	0.829917925894
mpe-	0.0649918020267	0.357054136806	0.0430908676216	0.534863193546
pok-	0.0	1.0	0.0	0.0
nsu-	0.0647764161959	0.691391288057	0.186259277005	0.0575730187427
yis-	0.469246854981	0.213512795831	0.127875327779	0.189365021409
mel-	0.0849696536951	0.872188504106	0.0139235987147	0.0289182434845
kaf-	0.456606158451	0.255518904042	0.0369726292921	0.250902308215
tew-	0.251196172249	0.66985645933	0.0358851674641	0.0430622009569
kes-	0.0792079207921	0.881188118812	0.019801980198	0.019801980198
isa-	0.0152314722218	0.957659584289	0.00341554225579	0.0236934012339
mle-	0.284671532847	0.408759124088	0.262773722628	0.043795620438
luv-	0.370576154711	0.45445428065	0.0852090075807	0.0897605570582
fik-	0.285654073109	0.579867231205	0.094245727642	0.0402329680435
pud-	0.0816326530612	0.918367346939	0.0	0.0
dio-	0.254391905626	0.0439317294339	0.0130169512617	0.688659413678
bab-	0.208713895833	0.195603335238	0.146676717169	0.44900605176
ita-	0.0	0.988087359365	0.0119126406353	0.0
nyu-	0.0438950554995	0.853178607467	0.0802219979818	0.0227043390515
mum-	0.197368421053	0.644736842105	0.105263157895	0.0526315789474
hol-	1.0	0.0	0.0	0.0
vaw-	0.0513846153846	0.0461538461539	0.024	0.878461538462
fwe-	0.239771619243	0.082612935069	0.0733966002502	0.604218845437
doo-	0.277777777778	0.333333333333	0.351851851852	0.037037037037
kom-	0.505837349757	0.339162948574	0.113233314991	0.0417663866772
mvw-	0.132001450138	0.523953181241	0.232022166403	0.112023202217
biu-	0.388631857237	0.530072703239	0.0	0.0812954395241
kod-	0.684210526316	0.126315789474	0.0	0.189473684211
ali-	0.0413609072715	0.931954636424	0.00533689126085	0.0213475650434
zam-	0.0907022976641	0.415406965631	0.162939174982	0.330951561723
efa-	0.0477707006369	0.933121019108	0.0	0.0191082802547
muz-	0.270588235294	0.588235294118	0.141176470588	0.0
dod-	0.365758145363	0.159617794486	0.122180451128	0.352443609023
mal-	0.231149364193	0.546010372216	0.0701906906705	0.15264957292
sab-	0.245258005303	0.644095451764	0.0423210279421	0.0683255149908
aki-	0.0	0.995283018868	0.0	0.00471698113207
nin-	0.216777710928	0.768738254934	0.0144840341378	0.0
wut-	0.631595022821	0.244820066062	0.044434417584	0.0791504935337
vol-	0.568039950062	0.294631710362	0.0823970037453	0.0549313358302
yif-	0.385302681326	0.290113424015	0.136992452885	0.187591441774
tuw-	0.153241650295	0.648330058939	0.0353634577603	0.163064833006
sad-	0.460254503388	0.319892028866	0.0610918305514	0.158761637195
yav-	0.506550731449	0.201714059103	0.0680776687621	0.223657540685
ntw-	0.267874031613	0.30777320427	0.0710612776946	0.353291486422
mab-	0.359270796312	0.458229419122	0.0816840909403	0.100815693625
vam-	0.534073265135	0.271434620785	0.0780048585883	0.116487255492
mpw-	0.079082411432	0.691665818663	0.105685502042	0.123566267863
and-	0.0508054041021	0.0466208806166	0.00471342236465	0.897860292917
apa-	0.0875912408759	0.78102189781	0.043795620438	0.0875912408759
ALL	0.2352758132	0.304663908155	0.0567816774563	0.403278601189
ana-	0.0223463687151	0.900558659218	0.0201117318436	0.0569832402235
swe-	0.524913093859	0.32560834299	0.0521436848204	0.0973348783314
wuu-	0.231213872832	0.42774566474	0.248554913295	0.0924855491329
vwe-	0.723411166047	0.167815511206	0.0809845176658	0.0277888050814
fib-	0.422276621787	0.499388004896	0.0342717258262	0.0440636474908
wet-	0.447610887111	0.031121463036	0.0102687444169	0.510998905436
bae-	0.0666666666667	0.2	0.733333333333	0.0
nke-	0.0365423779796	0.759345955678	0.0405048583302	0.163606808012
tel-	0.607829655417	0.113160161254	0.0156332554083	0.263376927921
mva-	0.286233200145	0.560479476934	0.084271703596	0.0690156193244
lid-	0.0	1.0	0.0	0.0
lwa-	0.358712931997	0.16423999872	0.0801883802136	0.396858689069
div-	0.328303803362	0.546151933424	0.108879095531	0.0166651676833
ata-	0.0805687203791	0.791469194313	0.0995260663506	0.0284360189573
fit-	0.313553157959	0.553501434517	0.107487776296	0.0254576312281
tie-	0.16537008224	0.692376083574	0.0186708157368	0.123583018448
baw-	0.0639832117013	0.0307185854919	0.00203691943623	0.903261283371
lum-	0.101814613021	0.638225344762	0.0188066409369	0.24115340128
lol-	0.25932244699	0.117475018279	0.0387521325859	0.584450402145
mes-	0.0922060681669	0.707531628361	0.104281624362	0.0959806791101
sed-	0.555555555556	0.407407407407	0.037037037037	0.0
ebw-	0.02	0.58	0.0	0.4
tuy-	0.402925531915	0.394946808511	0.160904255319	0.0412234042553
elu-	0.306451612903	0.548387096774	0.0483870967742	0.0967741935484
ami-	0.00760733685376	0.028382929314	0.00146808255073	0.962541651281
zat-	0.36790895665	0.346953155919	0.11193801742	0.173199870012
kla-	0.0204081632653	0.959183673469	0.0204081632653	0.0
iku-	0.560271646859	0.271646859083	0.137521222411	0.0305602716468
tek-	0.230962979924	0.0387239286941	0.0364341659539	0.693878925428
adi-	0.0	1.0	0.0	0.0
vuv-	0.301633231701	0.547194117	0.0579237307336	0.0932489205652
nze-	0.649691288236	0.228102214053	0.0359441046827	0.0862623930283
vik-	0.37330754352	0.116054158607	0.0580270793036	0.452611218569
tal-	0.454233369897	0.195446943288	0.0221329412995	0.328186745515
vay-	0.357446151471	0.0518798733884	0.0265575542345	0.564116420906
mez-	0.313903608377	0.602447640676	0.00832702498107	0.0753217259652
bin-	0.14205601184	0.538300481289	0.0295493596409	0.29009414723
kos-	0.0	1.0	0.0	0.0
lem-	0.288647746409	0.0863189927146	0.0320900637999	0.592943197076
paw-	0.031424970888	0.846926893075	0.00191421142465	0.119733924612
zaf-	0.32071401112	0.321419759816	0.269905842796	0.0879603862683
lud-	0.420322881368	0.464996522588	0.0640731588215	0.0506074372216
vak-	0.0769911057206	0.159793814433	0.016323024055	0.746892055791
pon-	0.0193548387097	0.943548387097	0.00483870967742	0.0322580645161
sik-	0.585177049601	0.305094469229	0.03390871623	0.0758197649403
nga-	0.141785027833	0.637028209307	0.0656960219433	0.155490740917
ben-	0.118049975275	0.0353893972289	0.021971853262	0.824588774234
mwa-	0.0957365239408	0.66715412894	0.0225068895097	0.214602457609
vib-	0.460464015152	0.292258522727	0.121212121212	0.126065340909
tol-	0.27653982402	0.599131527825	0.031996343275	0.0923323048794
kia-	0.138395566395	0.22150839308	0.138654046408	0.501441994117
mpa-	0.103509733107	0.270328967245	0.0200269557867	0.606134343862
pin-	0.0	1.0	0.0	0.0
nwa-	0.513797789385	0.20715621969	0.0365770017223	0.242468989203
bun-	0.079219070619	0.04167512077	0.0182332910831	0.860872517528
ili-	0.0307692307692	0.846153846154	0.0	0.123076923077
lam-	0.416881425184	0.484064137046	0.0393593792464	0.0596950585236
til-	0.178301467319	0.776345042241	0.016007114273	0.0293463761672
nda-	0.124212436004	0.374124753669	0.0481968979378	0.453465912388
wun-	0.26744737694	0.0611462719155	0.0136459097836	0.657760441361
kie-	0.418342920242	0.187069477897	0.0837716945483	0.310815907312
zid-	0.0979020979021	0.79020979021	0.0337412587413	0.0781468531469
yem-	0.341056370706	0.609661263741	0.0470422580284	0.00224010752516
sat-	0.0370764321532	0.924631514967	0.0319100440663	0.00638200881325
ziv-	0.522850858435	0.241705871571	0.18476202114	0.0506812488544
saf-	0.0487804878049	0.894308943089	0.0569105691057	0.0
ntu-	0.10313409701	0.660523231636	0.0177687043968	0.218573966958
evo-	0.032021274917	0.0111956545677	0.00407852478093	0.952704545734
nad-	0.237683671783	0.115012522027	0.181180358462	0.466123447727
yad-	0.414385458375	0.3269414104	0.119485377568	0.139187753657
kis-	0.155871939827	0.705993414029	0.0518425814315	0.0862920647122
kuv-	0.471111610536	0.206467810283	0.0281931708298	0.294227408351
aka-	0.0	0.997759522031	0.00224047796864	0.0
ele-	0.0	0.961038961039	0.038961038961	0.0
wow-	0.145314665168	0.0601879936456	0.00559558034365	0.788901760843
fio-	0.218636961585	0.194289730476	0.2569134599	0.330159848039
ded-	0.326691729323	0.473684210526	0.177067669173	0.0225563909774
mom-	0.105987512313	0.0894113576917	0.00593864792742	0.798662482068
ban-	0.135345350358	0.390911307919	0.0380948297576	0.435648511965
nsi-	0.121988100496	0.461012756892	0.0273782119567	0.389620930655
hal-	0.0549828178694	0.945017182131	0.0	0.0
miv-	0.353834753612	0.235828084476	0.167654686921	0.242682474991
wen-	0.71484420297	0.0639855174592	0.00494057484163	0.21622970473
did-	0.760923420358	0.187509868511	0.0075463479705	0.0440203631612
bwe-	0.273707017682	0.0494036712717	0.0254746461933	0.651414664853
nam-	0.0311688311688	0.688311688312	0.280519480519	0.0
ebe-	0.0845588235294	0.871323529412	0.0441176470588	0.0
ale-	0.053656767681	0.86173063713	0.0586097000823	0.026002895107
sid-	0.0744680851064	0.891337386018	0.00455927051673	0.0296352583586
bon-	0.114181874145	0.0259841876327	0.00745082602802	0.852383112194
oli-	0.00210475675026	0.952432497444	0.0454627458056	0.0
muf-	0.216494845361	0.0927835051547	0.268041237113	0.422680412371
led-	0.844827586207	0.120689655172	0.0344827586207	0.0
yit-	0.632933597651	0.15943497702	0.125408551203	0.0822228741263
net-	0.2	0.2	0.523076923077	0.0769230769231
waz-	0.732370286937	0.122218678581	0.0624690003731	0.0829420341088
yib-	0.518772553345	0.265072216095	0.0656091606141	0.150546069946
eli-	0.00831463639963	0.975056090801	0.0	0.0166292727993
fut-	0.626878021679	0.209617362318	0.085062118042	0.0784424979609
yul-	0.0251572327044	0.974842767296	0.0	0.0
mut-	0.0778546712803	0.710976547482	0.0509419454056	0.160226835832
di'-	0.308510638298	0.287234042553	0.340425531915	0.063829787234
eto-	0.00620929880357	0.017189156444	0.00676460194861	0.969836942804
maf-	0.159168128637	0.368314056436	0.130106607424	0.342411207503
waw-	0.184636957813	0.0628235294118	0.111866904337	0.640672608437
tuk-	0.22044070149	0.250719652511	0.0183232953231	0.510516350676
siv-	0.0418482999128	0.934612031386	0.0130775937228	0.0104620749782
pan-	0.107540173053	0.833127317676	0.0593325092707	0.0
fwa-	0.5238003226	0.200604754351	0.0933902166685	0.182204706381
nim-	0.261845739783	0.150435583257	0.0801756498336	0.507543027127
yim-	0.155393629854	0.0846682549119	0.108903947147	0.651034168087
tul-	0.373233031503	0.218486875724	0.068369153994	0.339910938779
yam-	0.294824851215	0.172839969326	0.199669070327	0.332666109132
wuy-	0.581588002397	0.245741670196	0.0656827558758	0.106987571531
vwa-	0.550705205452	0.207946502826	0.0722602216603	0.169088070062
nki-	0.243102863088	0.0338892794039	0.00718114452216	0.715826712986
ese-	0.0	1.0	0.0	0.0
ape-	0.0357142857143	0.964285714286	0.0	0.0
fot-	0.714285714286	0.285714285714	0.0	0.0
ba--	0.0	0.961165048544	0.0194174757281	0.0194174757282
nzi-	0.122741504499	0.660796114427	0.0470357427819	0.169426638291
vio-	0.331281419924	0.100338565713	0.0619677849595	0.506412229404
fwo-	0.0276988636364	0.862215909091	0.0340909090909	0.0759943181819
luk-	0.440514276668	0.286279584108	0.0722467940855	0.200959345138
lab-	0.207692307692	0.515384615385	0.0	0.276923076923
tia-	0.249697236596	0.390509743477	0.100847737532	0.258945282396
ndu-	0.156760591279	0.510707054543	0.190173970487	0.142358383691
yoa-	0.0	1.0	0.0	0.0
ple-	0.0944206008584	0.854077253219	0.0515021459227	0.0
bas-	0.529486170217	0.312372313492	0.0661774260784	0.0919640902123
mim-	0.0419590588086	0.874085526633	0.0334367077528	0.0505187068056
lwe-	0.465977469879	0.108317663662	0.0241153313891	0.40158953507
amp-	0.0	1.0	0.0	0.0
sit-	0.0564784053156	0.392026578073	0.471760797342	0.0797342192691
yes-	0.00238171971708	0.608238716208	0.00203401337639	0.387345550699
mid-	0.0436320754716	0.767688679245	0.153301886792	0.0353773584906
teo-	0.516339869281	0.287581699346	0.0392156862745	0.156862745098
tus-	0.357393132446	0.488437281009	0.0615677244969	0.0926018620482
ang-	0.0354374307863	0.96234772979	0.0	0.00221483942414
fia-	0.148532474029	0.370258023988	0.304766114866	0.176443387117
sod-	0.0478045325779	0.900407223796	0.0278859773371	0.023902266289
zap-	0.875862068966	0.051724137931	0.0724137931034	0.0
kun-	0.471059704077	0.145637216318	0.0419058825078	0.341397197097
kan-	0.0930686689629	0.0587520070762	0.0080605181167	0.840118805844
zab-	0.540229932067	0.230737770289	0.204125035275	0.0249072623688
kuk-	0.511341819101	0.285288375622	0.0963682036585	0.107001601618
diy-	0.391664924385	0.409714962715	0.140079448045	0.0585406648547
nav-	0.545966228893	0.320825515947	0.106941838649	0.0262664165103
fis-	0.0540811216825	0.0470706059088	0.0510766149223	0.847771657486
vul-	0.867105933282	0.0620702826585	0.0318309141839	0.0389928698752
sio-	0.0538889886833	0.93533321358	0.00538889886833	0.00538889886833
bum-	0.233992976257	0.266303353221	0.334195531147	0.165508139376
vas-	0.0701754385963	0.824561403509	0.0	0.105263157895
wan-	0.402509451235	0.153165359339	0.173671831883	0.270653357543
met-	0.115579667414	0.137661371533	0.0179084979179	0.728850463135
kuw-	0.57048214943	0.308060360692	0.0220831799779	0.0993743099007
bim-	0.122110210783	0.621679643351	0.117350640763	0.138859505103
hez-	0.0	1.0	0.0	0.0
ken-	0.626985015559	0.141205709683	0.0251343647827	0.206674909975
tit-	0.0679932913286	0.888491002221	0.0149585240923	0.028557182358
via-	0.40234375	0.4453125	0.1171875	0.03515625
bub-	0.383896852981	0.467345229527	0.095227606273	0.0535303112186
ilu-	0.63829787234	0.31914893617	0.0	0.0425531914894
mat-	0.272838384175	0.490423723463	0.0759367763511	0.160801116011
nit-	0.0375364484354	0.880354837306	0.022666937461	0.0594417767978
nya-	0.0266601542626	0.840344343366	0.0574923173983	0.0755031849727
bob-	0.108686249985	0.0807841120293	0.0234485499538	0.787081088031
kiw-	0.431978107897	0.316106333073	0.174511336982	0.0774042220485
bem-	1.0	0.0	0.0	0.0
mem-	0.0656502800248	0.875544492844	0.011200995644	0.0476042314873
ala-	0.0606420927468	0.883273880301	0.0560840269521	0.0
but-	0.434866974911	0.365618130827	0.0585310391875	0.140983855075
nti-	0.0785141341046	0.778671578033	0.0354259956958	0.107388292167
nah-	0.0	1.0	0.0	0.0
mba-	0.120452194662	0.584423908213	0.030921271761	0.264202625364
wud-	0.912451702815	0.0750863020977	0.00467324815784	0.00778874692968
ame-	0.00475687103594	0.111257928118	0.0	0.883985200846
ayi-	0.138026224983	0.786059351277	0.0759144237405	0.0
yen-	0.311276965054	0.0467724313395	0.0391056983124	0.602844905294
bwi-	0.496451657124	0.323020467559	0.0470300422849	0.133497833033
beb-	0.576512989939	0.217750412975	0.0983631175852	0.107373479501
wid-	0.133333333333	0.721212121212	0.0909090909091	0.0545454545455
kin-	0.173687852084	0.330730093343	0.0860090864967	0.409572968076
fuf-	0.00969305331178	0.849757673667	0.140549273021	0.0
dan-	0.168224299065	0.719626168224	0.0	0.11214953271
wuk-	0.589900015116	0.218752727344	0.113287059244	0.0780601982958
eba-	0.365724381625	0.333922261484	0.0671378091872	0.233215547703
ndi-	0.0467749472256	0.463452963235	0.0146259765327	0.475146113007
bam-	0.47961970653	0.153104883122	0.173556864572	0.193718545776
zoz-	0.124894574633	0.0641774456714	0.0361796211781	0.774748358517
ted-	0.695497821527	0.275455865742	0.0	0.029046312732
mvi-	0.148033428788	0.658742913915	0.115861141955	0.077362515341
twa-	0.474227308723	0.235538878393	0.0796404368876	0.210593375997
din-	0.187872850541	0.167148784874	0.0848377896989	0.560140574886
zel-	0.0	1.0	0.0	0.0
yon-	0.450140524435	0.416472789359	0.0242521247646	0.109134561441
yin-	0.28460211253	0.116184376582	0.0221872660371	0.57702624485
was-	0.710703660592	0.162191284265	0.0554570821654	0.0716479729783
miy-	0.16078817734	0.665221674877	0.0587192118227	0.115270935961
sos-	0.739908539962	0.091016978654	0.0137664762568	0.155308005127
mup-	0.0341151385927	0.941364605544	0.0042643923241	0.0202558635394
yuk-	0.232349076827	0.677615655902	0.0740612682387	0.0159739990319
tat-	0.230186032395	0.521765556951	0.0203521603078	0.227696250347
mbw-	0.227930050374	0.673293876535	0.0591277365972	0.0396483364937
bit-	0.111261487051	0.533773322194	0.046694514063	0.308270676692
wek-	0.378794544655	0.170259568852	0.113506379235	0.337439507259
zal-	0.305671104665	0.290119866997	0.292859977286	0.111349051053
kip-	0.121902478018	0.853983479883	0.0153210764722	0.0087929656275
pot-	0.0	0.914285714286	0.0857142857143	0.0
pam-	0.0	1.0	0.0	0.0
mam-	0.112814446282	0.335206387058	0.132539847383	0.419439319276
esa-	0.0	1.0	0.0	0.0
sia-	0.536229121494	0.206676356358	0.135099716457	0.12199480569
sis-	0.654789879548	0.135521578652	0.0122984481994	0.1973900936
wat-	0.678739215154	0.0922613750269	0.0241575875669	0.204841822253
diw-	0.39453125	0.240885416667	0.290364583333	0.07421875
bif-	0.186951688112	0.649567890103	0.0758099707302	0.087670451055
kok-	0.0472819553894	0.803481590312	0.0219046347001	0.127331819598
mis-	0.164682398232	0.638777001497	0.0862622085977	0.110278391673
tuv-	0.630779300633	0.206477973699	0.0418509629688	0.120891762699
yaw-	0.204772962787	0.0689712958752	0.0148086334675	0.71144710787
map-	0.236917906865	0.632981277004	0.130100816131	0.0
bet-	0.0531801079303	0.0542627929965	0.00151540400331	0.89104169507
vis-	0.24560049398	0.610682309355	0.0873726458783	0.0563445507873
law-	0.327751196172	0.143540669856	0.464114832536	0.0645933014354
foy-	0.0196078431372	0.980392156863	0.0	0.0
sal-	0.278252412619	0.411373130236	0.0464472224162	0.263927234728
ewo-	0.206241519674	0.420624151967	0.101763907734	0.271370420624
kiy-	0.309121382371	0.56942542845	0.0422548510457	0.0791983381333
zez-	0.231884057971	0.608695652174	0.159420289855	0.0
yay-	0.215424927446	0.121490802908	0.145698230376	0.51738603927
sek-	0.328767123288	0.479452054795	0.191780821918	0.0
fie-	0.281831300845	0.577633644682	0.0685072709684	0.0720277835043
mbe-	0.290136645963	0.415155279503	0.0648944099379	0.229813664596
nnw-	0.0455837982158	0.868848900562	0.0338622501031	0.051705051119
yan-	0.0697996418629	0.0741388185083	0.0544439387132	0.801617600916
bad-	0.691532598236	0.161919961286	0.0933990495773	0.0531483909007
wuv-	0.67614551148	0.183167511388	0.0608379527967	0.0798490243354
bav-	0.580578182018	0.186628138701	0.0865984253096	0.146195253972
zil-	0.291067792338	0.294246841484	0.240127954958	0.17455741122
min-	0.0722904770327	0.78093175941	0.0233271294747	0.123450634083
mpi-	0.0791838250625	0.428469036697	0.0844421132193	0.407905025021
nna-	0.0373977405531	0.912738605376	0.0335021425789	0.016361511492
kut-	0.473867945041	0.253155961561	0.0543925377793	0.218583555619
fuk-	0.588346030532	0.207518310439	0.110892137542	0.0932435214872
lul-	0.1842449946	0.562800292972	0.107136158394	0.145818554034
tab-	0.615861849303	0.351733115453	0.0274196452064	0.00498539003753
waf-	0.637810265482	0.0708132803325	0.185904802034	0.105471652151
yow-	0.0351752420412	0.886948801421	0.00756775039107	0.0703082061472
zum-	0.0552763819095	0.934673366834	0.0	0.0100502512563
sel-	0.022641509434	0.943396226415	0.0339622641509	0.0
kay-	0.332436796035	0.459815502746	0.0489736440111	0.158774057207
kli-	0.00810871505648	0.948217930423	0.0042171003633	0.0394562541574
kus-	0.599256891077	0.248937186427	0.0671680966601	0.0846378258363
bii-	0.4	0.6	0.0	0.0
zaw-	0.0780632750506	0.0778628926065	0.0328627208501	0.811211111493
mia-	0.198982666447	0.165414389138	0.0943349553921	0.541267989024
mfu-	0.053153455885	0.852703196778	0.0246149223842	0.0695284249524
yuv-	0.691748559405	0.131506587285	0.0150634818162	0.161681371494
zod-	0.193548387097	0.709677419355	0.0967741935484	0.0
nwi-	0.480114260602	0.418809052955	0.0362557679631	0.0648209184794
buf-	0.374102218428	0.208910409213	0.148247664096	0.268739708263
not-	0.772727272727	0.181818181818	0.0	0.0454545454545
vav-	0.127021918951	0.0483787830441	0.00441815370266	0.820181144302
mku-	0.202702702703	0.317567567568	0.054054054054	0.425675675676
nlu-	0.0596640169551	0.894133763787	0.016730300019	0.0294719192387
tuz-	0.763879503236	0.0512231382619	0.0262047423826	0.158692616119
lob-	0.0	1.0	0.0	0.0
mun-	0.0657123628558	0.489985209404	0.0128514271892	0.431451000551
lel-	0.478547854786	0.188118811881	0.0792079207921	0.254125412541
kop-	0.0635359116022	0.930248618785	0.00138121546961	0.00483425414364
kak-	0.369223714124	0.107441594623	0.0549594047312	0.468375286522
nel-	0.0542986425339	0.918552036199	0.027149321267	0.0
one-	0.0683544303797	0.798734177215	0.0	0.132911392405
kik-	0.398951625956	0.335201073043	0.0879431873036	0.177904113697
sil-	0.0805728142204	0.811025424875	0.0543465817436	0.0540551791606
dik-	0.400474230121	0.338103436977	0.122489588981	0.138932743922
ngi-	0.231424988273	0.124121346797	0.015425546181	0.62902811875
lib-	0.0414634146341	0.9	0.0439024390244	0.0146341463415
kib-	0.160727749102	0.223119646019	0.195856346994	0.420296257885
zio-	0.649542282824	0.24414250048	0.0626240317521	0.0436911849433
tik-	0.0473372781065	0.917159763314	0.0	0.0355029585799
zud-	0.178041543027	0.626112759644	0.195845697329	0.0
kiz-	0.714882019849	0.164407325674	0.0613803427859	0.0593303116908
lik-	0.45	0.421428571429	0.128571428571	0.0
way-	0.798567966758	0.0617495452265	0.0363102116242	0.103372276392
twe-	0.588181231307	0.0468779931989	0.0267415503898	0.338199225104
bom-	0.466223659429	0.447780818024	0.0348246330976	0.0511708894496
nie-	0.730415319572	0.134543645859	0.0892812733151	0.0457597612534
ela-	0.012474012474	0.987525987526	0.0	0.0
yud-	0.0173442819948	0.904065691969	0.00456639295013	0.0740236330863
fin-	0.125518086019	0.497960756683	0.231208816151	0.145312341146
luy-	0.416152299248	0.337008502353	0.189013592104	0.0578256062942
tiy-	0.0441443538999	0.928707799767	0.0124796274738	0.0146682188591
bai-	0.03912362266	0.909622946791	0.0103940523491	0.0408593782002
miw-	0.263322884013	0.429467084639	0.0658307210031	0.241379310345
zey-	0.906916410081	0.0387729501653	0.00427642832706	0.0500342114266
kad-	0.115706357567	0.0262645933063	0.00643992884143	0.851589120285
fen-	0.0390243902439	0.814634146341	0.146341463415	0.0
yek-	0.634245187437	0.147370360136	0.00819747628258	0.210186976144
luz-	0.515912739327	0.25066118269	0.0539077261492	0.179518351834
nal-	0.0257352941177	0.906862745098	0.0674019607843	0.0
niu-	0.877551020408	0.122448979592	0.0	0.0
lek-	0.226265453697	0.359225565664	0.133893165384	0.280615815255
tud-	0.456746120145	0.360696517413	0.0729561149477	0.109601247494
sie-	0.383429672447	0.589595375723	0.0173410404624	0.00963391136802
bus-	0.137364024129	0.829067918528	0.0229676181823	0.010600439161
lub-	0.359178727693	0.34164660984	0.22942855184	0.0697461106267
nsw-	0.164456778703	0.19146366533	0.0538338986535	0.590245657313
lup-	0.302755071147	0.624079119992	0.0393581592492	0.0338076496115
mav-	0.285761600417	0.537061583508	0.0543786816961	0.122798134379
nse-	0.170191201476	0.730196951078	0.0555914603171	0.044020387129
bib-	0.21418608111	0.594554376472	0.0874315816769	0.103827960741
kuf-	0.684672882793	0.177724692404	0.0351134057692	0.102489019034
iso-	0.0	1.0	0.0	0.0
vel-	0.0347826086957	0.373913043478	0.591304347826	0.0
zim-	0.0877579622934	0.79032279172	0.0880593262939	0.0338599196925
vuz-	0.35	0.65	0.0	0.0
laz-	0.011771000535	0.934724451578	0.00428036383093	0.0492241840556
siw-	0.154897494305	0.799544419134	0.0318906605923	0.0136674259681
wap-	0.742113564669	0.11356466877	0.0686119873817	0.0757097791798
buz-	0.141269638523	0.380636096564	0.29288542598	0.185208838932
ket-	0.553413940256	0.155192034139	0.0233285917496	0.268065433855
bot-	0.883440514469	0.0600214362273	0.0112540192926	0.0452840300107
nia-	0.666456616076	0.17333311495	0.0682477642974	0.0919625046766
leb-	0.182883939039	0.491598280578	0.279796795623	0.0457209847597
mon-	0.122425515783	0.0512410486637	0.00715733334268	0.81917610221
alo-	0.0186335403727	0.944099378882	0.0248447204969	0.0124223602484
pit-	0.0277553047476	0.960349564646	0.0118951306061	0.0
zul-	0.0264381932057	0.725013922752	0.0546926590111	0.193855225031
wuz-	0.721325995496	0.197529985285	0.0330968617144	0.0480471575044
sun-	0.314364261168	0.123024054983	0.132096219931	0.430515463918
man-	0.206090019143	0.276500103883	0.105620570507	0.411789306467
eti-	0.119073869901	0.410143329658	0.0760749724366	0.394707828004
vin-	0.161124658395	0.751266798184	0.0181398622034	0.0694686812173
vew-	0.631338162409	0.272588638963	0.0548989706443	0.0411742279832
mib-	0.591790480987	0.29174011584	0.0572903550742	0.0591790480987
yus-	0.0204081632653	0.979591836735	0.0	0.0
yos-	0.0282008746795	0.950987784648	0.00271452269643	0.0180968179762
ble-	0.025466893039	0.969439728353	0.0	0.00509337860782
mpu-	0.149202893882	0.793389273205	0.0510220895407	0.0063857433718
ema-	0.0658307210031	0.702194357367	0.213166144201	0.0188087774295
nso-	0.172904550555	0.400398902224	0.292675420354	0.134021126867
zeb-	0.0027045300879	0.997295469912	0.0	0.0
pis-	0.030534351145	0.969465648855	0.0	0.0
zol-	0.307297429205	0.370104182586	0.040893408108	0.281704980101
ten-	0.461171964939	0.439891488949	0.0462767715683	0.0526597745432
pet-	0.0131342782857	0.895311582655	0.00432776985658	0.0872263692024
apo-	0.0188679245283	0.977987421384	0.0	0.00314465408805
fan-	0.0392156862745	0.960784313725	0.0	0.0
yas-	0.507662210629	0.328252363873	0.0895826540593	0.0745027714379
bie-	0.457053335789	0.281155812937	0.0251422414807	0.236648609794
von-	0.627254419333	0.261714029984	0.0405459834415	0.070485567241
zas-	0.336766909247	0.319590111301	0.267818921233	0.0758240582192
lot-	0.151146629604	0.848853370396	0.0	0.0
kef-	0.0121457489879	0.82995951417	0.157894736842	0.0
atu-	0.0665280665281	0.846846846847	0.022869022869	0.0637560637561
ima-	0.0490196078431	0.774509803922	0.0588235294118	0.117647058824
yot-	0.892857142857	0.0714285714285	0.0	0.0357142857143
kuy-	0.626535923717	0.254731036367	0.0386480029257	0.0800850369903
zob-	0.115384615385	0.682692307692	0.201923076923	0.0
fes-	0.0232220609579	0.970972423803	0.0	0.00580551523947
yef-	0.0	1.0	0.0	0.0
keb-	0.490411865406	0.291974163106	0.0883144160085	0.129299555479
tis-	0.0735294117647	0.720588235294	0.147058823529	0.0588235294118
kot-	0.748938297189	0.0476927118298	0.0109307959487	0.192438195032
bul-	0.308476788463	0.372150389287	0.179647212516	0.139725609734
nw'-	0.343302990897	0.283485045514	0.205461638491	0.167750325098
fun-	0.468921328325	0.389948345226	0.0364059386614	0.104724387787
dav-	0.00221756806702	0.98115067143	0.00110878403351	0.0155229764691
sev-	0.0	0.955621301775	0.0443786982249	0.0
van-	0.41103854631	0.156655111514	0.0198636807029	0.412442661473
now-	0.0	0.979652527782	0.0	0.0203474722178
tan-	0.461398203327	0.195499421863	0.0591479142577	0.283954460553
wab-	0.619106579166	0.084961986602	0.0223218209209	0.273609613311
edi-	0.226611226611	0.216216216216	0.056133056133	0.501039501039
mbo-	0.0961885786795	0.214928861878	0.0399788147787	0.648903744664
moy-	0.293603846914	0.534549766155	0.0610499967064	0.110796390225
kav-	0.606601936146	0.223119004867	0.0391045170504	0.131174541937
zaz-	0.0774441103207	0.0906143799928	0.163676524448	0.668264985238
nea-	0.0	1.0	0.0	0.0
mos-	0.116398143091	0.458526761333	0.127082195522	0.297992900055
kif-	0.328477519048	0.390524067012	0.0510459524061	0.229952461534
vut-	0.594332017658	0.110473396058	0.0257915430647	0.26940304322
lah-	0.0277777777778	0.972222222222	0.0	0.0
ngu-	0.0293847115728	0.903533085034	0.0150789967281	0.052003206665
wus-	0.602543893366	0.281329465367	0.0524980061275	0.0636286351395
buw-	0.592373062915	0.225523102192	0.0760551310433	0.106048703849
bel-	0.216065160785	0.638783024227	0.0593772034194	0.085774611568
ing-	0.0781368532848	0.122591412532	0.0203307540586	0.778940980124
wal-	0.443514960212	0.172411905122	0.193386688346	0.19068644632
ton-	0.525690822328	0.407279991122	0.0377316613029	0.0292975252469
ozi-	0.0	1.0	0.0	0.0
ant-	0.0169432918396	0.980636237898	0.0	0.00242047026279
twi-	0.611275964392	0.217606330366	0.082096933729	0.0890207715133
dif-	0.423853211009	0.433486238532	0.0619266055046	0.0807339449541
len-	0.226312699024	0.13616195866	0.210207413008	0.427317929308
zet-	0.091367789445	0.072412382381	0.0150006818492	0.821219146325
won-	0.0940384874177	0.242965712581	0.143367105011	0.51962869499
ven-	0.443103609014	0.150786808355	0.104030972284	0.302078610347
mie-	0.138005714858	0.160092353634	0.0416450014072	0.6602569301
pol-	0.142857142857	0.857142857143	0.0	0.0
esi-	0.0377358490566	0.962264150943	0.0	0.0
ziz-	0.404517438308	0.370515944566	0.126741756128	0.098224860999
lao-	0.0	1.0	0.0	0.0
ezi-	0.0106761565836	0.775800711744	0.0	0.213523131673
kio-	0.1642998084	0.049808433157	0.0404766556689	0.745415102774
zad-	0.443636597607	0.322159310256	0.0810706472784	0.153133444859
luf-	0.197432084412	0.594914459074	0.0395611245854	0.168092331929
dam-	0.0191846522782	0.978417266187	0.0	0.00239808153477
nta-	0.0958620786417	0.455988749198	0.0395511233882	0.408598048772
nap-	0.139747995418	0.169912180221	0.641084383353	0.049255441008
tok-	0.0589643770463	0.586597820598	0.230645187562	0.123792614793
wul-	0.466206881028	0.158664676892	0.131462636663	0.243665805418
nab-	0.145882352941	0.0305882352941	0.0305882352941	0.792941176471
yaf-	0.428085128376	0.295921891261	0.165483022955	0.110509957408
bal-	0.333510257709	0.248349753327	0.100843198387	0.317296790577
nto-	0.0518859020908	0.873749486471	0.0279526553635	0.0464119560752
han-	0.0655339805825	0.922330097087	0.0121359223301	0.0
mip-	0.35	0.540909090909	0.109090909091	0.0
zit-	0.269196919209	0.350855875851	0.0813825534878	0.298564651452
die-	0.272851563692	0.0910339367443	0.0377811240866	0.598333375477
ank-	0.331288343558	0.374233128834	0.122699386503	0.171779141104
pub-	0.0622837370242	0.896193771626	0.0	0.0415224913495
dim-	0.182009375813	0.418769508555	0.049468090699	0.349753024933
mok-	0.139859839202	0.7439700761	0.00386946988263	0.112300614816
top-	0.0	0.972972972973	0.027027027027	0.0
kub-	0.531899397633	0.227075438932	0.10142538572	0.139599777715
tun-	0.240289491501	0.0659438126178	0.0284978036223	0.665268892259
lut-	0.379628811865	0.150986163308	0.169178623492	0.300206401335
fim-	0.117491777392	0.661458347249	0.111880899771	0.109168975587
kon-	0.144938262493	0.135255764356	0.0361196471898	0.683686325961
beo-	0.0	1.0	0.0	0.0
lef-	0.0	0.913916786227	0.0	0.0860832137733
biw-	0.561922990318	0.255685656384	0.0866921864445	0.0956991668543
zuz-	0.0576923076923	0.942307692308	0.0	0.0
set-	0.0	1.0	0.0	0.0
nku-	0.170389647063	0.455420393299	0.0917457434843	0.282444216154
wel-	0.91028708134	0.0574162679426	0.00717703349284	0.0251196172249
hak-	0.0	1.0	0.0	0.0
yiv-	0.599996244636	0.205616573542	0.0568722795988	0.137514902223
nfu-	0.20415879017	0.652173913043	0.143667296786	0.0
nlo-	0.0223430331218	0.902017472189	0.0474828734838	0.0281566212055
hen-	0.0	1.0	0.0	0.0
mve-	0.5	0.0277777777778	0.472222222222	0.0
eng-	0.0535714285714	0.803571428571	0.142857142857	0.0
eki-	0.254627425723	0.184760998012	0.147013525244	0.413598051021
lus-	0.376757756716	0.455199764179	0.0572079662176	0.110834512887
dem-	0.0159716060337	0.984028393966	0.0	0.0
sus-	0.0	1.0	0.0	0.0
amf-	0.04	0.96	0.0	0.0
yid-	0.298603651987	0.451127819549	0.16111707841	0.0891514500537
yum-	0.663235961859	0.148327531406	0.088542454972	0.0998940517633
bla-	0.18018018018	0.801801801802	0.0	0.018018018018
yat-	0.414281171438	0.207899584201	0.0710698578603	0.306749386501
kwa-	0.0500756177211	0.0246075261357	0.0185867942745	0.906730061869
mak-	0.325119727833	0.38231932239	0.0737205444473	0.218840405329
sam-	0.53545522298	0.371394172622	0.0255489002399	0.0676017041582
buy-	0.489765500076	0.327901945604	0.0683747078699	0.11395784645
bow-	0.0701754385965	0.894736842105	0.0350877192982	0.0
nik-	0.439191059393	0.510230020648	0.0207542680685	0.029824651891
lit-	0.038961038961	0.844155844156	0.0909090909091	0.025974025974
yet-	0.110225234631	0.102167770315	0.0253041103541	0.762302884699
yun-	0.21867881549	0.683118197924	0.0708681346494	0.0273348519363
fid-	0.810916572408	0.134607689617	0.0227166032849	0.0317591346896
wuw-	0.678566508571	0.197843071655	0.0291264046602	0.0944640151142
lan-	0.177657866876	0.0519790990745	0.0322393360882	0.738123697961
lun-	0.233156567649	0.186682855048	0.0555224727213	0.524638104582
mio-	0.150069031755	0.212722852512	0.0484722972567	0.588735818477
nay-	0.0397759558406	0.171334253321	0.744378602159	0.0445111886787
may-	0.307360612785	0.37028528039	0.110937419798	0.211416687027
vim-	0.354860249928	0.479156729944	0.0973003911094	0.0686826290184
kas-	0.594108080838	0.28698815599	0.0637041971483	0.0551995660245
klo-	0.0	1.0	0.0	0.0
kuu-	0.743362831858	0.0884955752212	0.0353982300885	0.132743362832
zay-	0.701219203565	0.0628314728674	0.0415505811836	0.194398742384
dit-	0.436697599023	0.290108172073	0.100117471935	0.173076756968
mvu-	0.104631020216	0.779755219645	0.0594520218968	0.0561617382423
fiv-	0.543103448276	0.379310344828	0.0258620689655	0.051724137931
yop-	0.0425925925926	0.948148148148	0.0037037037037	0.00555555555555
ndw-	0.0892627710967	0.647400812005	0.221110854147	0.0422255627506
ebu-	0.343788491596	0.0837745781547	0.00480646161908	0.56763046863
sem-	0.32605573766	0.358912053394	0.252611135679	0.0624210732668
ene-	0.0	1.0	0.0	0.0
det-	0.588235294118	0.147058823529	0.0294117647059	0.235294117647
mus-	0.17658818303	0.70679697912	0.10328742781	0.01332741004
amo-	0.0315052508751	0.964994165694	0.00350058343057	0.0
kaz-	0.654354845657	0.164391223818	0.0461621236388	0.135091806886
wup-	0.472237196766	0.226954177898	0.0388140161725	0.261994609164
mif-	0.272727272727	0.52	0.174545454545	0.0327272727272
ewu-	0.0844660194175	0.757281553398	0.0844660194175	0.073786407767
zav-	0.470494978196	0.265007224196	0.0983412894641	0.166156508144
sut-	0.557522123894	0.286135693215	0.147492625369	0.00884955752212
kek-	0.361111111111	0.444444444444	0.0833333333333	0.111111111111
mik-	0.391326366189	0.431656001105	0.0931126559551	0.0839049767506
los-	0.713465060355	0.2090355344	0.0274015754258	0.050097829819
put-	0.0	1.0	0.0	0.0
end-	0.162977439776	0.307643285041	0.0178442452309	0.511535029953
hes-	0.0	1.0	0.0	0.0
nsa-	0.183019648099	0.333499082491	0.204259973482	0.279221295927
kal-	0.571754550256	0.078172822585	0.039333786557	0.310738840602
aba-	0.0296787975891	0.926832990005	0.0171663996338	0.0263218127718
ngo-	0.106010111203	0.473941744897	0.205965314732	0.214082829168
vuk-	0.715235725361	0.178376990313	0.0649376930302	0.0414495912959
kil-	0.244088447474	0.300511013495	0.144748359022	0.310652180008
lwi-	0.760180995475	0.159435719989	0.0228906042055	0.0574926803301
tob-	0.0276381909548	0.751256281407	0.0	0.221105527638
les-	0.0	1.0	0.0	0.0
sim-	0.0836442989274	0.83630153474	0.00770141346997	0.0723527528624
buk-	0.389309972853	0.323686399444	0.137915264783	0.14908836292
yut-	0.326599326599	0.340067340067	0.111111111111	0.222222222222
lak-	0.559574468085	0.423404255319	0.0127659574468	0.00425531914894
vid-	0.796296296296	0.0	0.037037037037	0.166666666667
kel-	0.264225328484	0.550313655237	0.0466378675038	0.138823148775
siy-	0.014950166113	0.976744186047	0.0	0.00830564784053
zif-	0.42198715527	0.265205893464	0.256894597658	0.0559123536078
nte-	0.160061954306	0.553914503359	0.0889544324521	0.197069109884
zom-	0.672174806551	0.22540734372	0.0747373498018	0.0276804999266
nat-	0.159520366204	0.0947460840351	0.0356999350363	0.710033614725
nas-	0.0761654629021	0.707156927118	0.0984898227183	0.118187787262
pil-	0.0314495838978	0.869653570737	0.0389007160828	0.059996129282
tin-	0.652604627061	0.183710793428	0.0475508275673	0.116133751943
hin-	0.944144144144	0.0558558558558	0.0	0.0
vem-	0.163189088252	0.483884062678	0.270358041731	0.0825688073395
yok-	0.558229813665	0.326572204969	0.0919060559006	0.0232919254658
pos-	0.107623318386	0.892376681614	0.0	0.0
hos-	0.0	1.0	0.0	0.0
