-cac	0.416513761468	0.528440366972	0.0220183486239	0.0330275229358
-cab	0.0399137001079	0.927723840345	0.0204962243797	0.0118662351672
-hex	0.165685040927	0.0770361396672	0.0419329365901	0.715345882815
-yto	0.363636363636	0.484848484849	0.151515151515	0.0
-caj	0.266044980801	0.248491497532	0.444322545255	0.0411409764125
-tz'	0.478225156516	0.325867864819	0.137883574155	0.0580234045089
-can	0.252299732305	0.321970920276	0.0432366741606	0.382492673258
-cam	0.525598314045	0.316434556333	0.0509702335038	0.106996896118
-cal	0.0747612870125	0.842119021216	0.0264682817374	0.0566514100343
-hel	0.222841714978	0.649254605358	0.0464604156457	0.081443264018
-car	0.0	0.979643765903	0.0	0.0203562340967
-hen	0.643631748962	0.244029764652	0.0588371019843	0.0535013844024
-caw	0.193486315771	0.0678829183267	0.15820550542	0.580425260482
-ive	0.185922167877	0.814077832123	0.0	0.0
-hej	0.364912581631	0.134866572441	0.0451372572183	0.45508358871
-rug	0.0	1.0	0.0	0.0
-xlo	0.526315789474	0.276315789474	0.131578947368	0.0657894736842
-caz	0.0	1.0	0.0	0.0
-cay	0.0358306188925	0.788273615635	0.127035830619	0.0488599348534
-cax	0.096107129914	0.18653524448	0.0808368541556	0.63652077145
-ivo	0.050451807229	0.875	0.0711596385542	0.00338855421687
-xel	0.367684406569	0.409151193634	0.0379818274169	0.18518257238
-xem	0.425	0.35	0.214285714286	0.0107142857143
-xen	0.0287769784172	0.520383693046	0.342925659472	0.107913669065
-'ba	0.306209685676	0.193414900515	0.351182553496	0.149192860312
-len	0.64179154882	0.233576765587	0.0420237240914	0.0826079615011
-'be	0.236415963369	0.715900193846	0.0265012230088	0.0211826197766
-'bi	0.390662572602	0.218674854796	0.315193666531	0.0754689060708
-xeb	0.0329624186437	0.0688641612429	0.00629855133319	0.89187486878
-plo	0.0173730686596	0.972686246492	0.00516052098646	0.00478016386196
-xex	0.271676300578	0.173410404624	0.0173410404624	0.537572254335
-mul	0.220298763746	0.434803045757	0.181996564315	0.162901626182
-'i'	0.0316815597076	0.966693744923	0.0	0.00162469536962
-ple	0.26981623758	0.643012362586	0.0871713998336	0.0
-xew	0.387871549894	0.491507430998	0.0228237791932	0.0977972399151
-aum	0.00663803201874	0.993361967981	0.0	0.0
-zic	0.716599190283	0.131578947368	0.0242914979757	0.127530364372
-nti	0.267857142857	0.392857142857	0.0178571428571	0.321428571429
-tzo	0.438835271797	0.158582859028	0.00309329373917	0.399488575435
-ca'	0.480868680183	0.341031808639	0.178099511179	0.0
-nto	0.034151620704	0.761059965848	0.0627229457006	0.142065467747
-ate	0.467397576457	0.452971725332	0.0173110213503	0.0623196768609
-nta	0.222758369043	0.292153473308	0.0784544341097	0.40663372354
-nte	0.0867619969915	0.808667622194	0.0290020284212	0.0755683523935
-ual	0.0182236430163	0.918031180948	0.0233337779652	0.0404113980701
-uan	0.0666558045487	0.882262996942	0.023896659481	0.0271845390284
-tzu	0.478802992519	0.416458852868	0.0448877805486	0.0598503740649
-nxi	0.146341463415	0.707317073171	0.0975609756098	0.0487804878049
-hes	0.0357142857143	0.75	0.0	0.214285714286
-ic'	0.353499567313	0.515643706124	0.0996897113472	0.0311670152155
-dro	0.0185494342423	0.957295080278	0.00312592317786	0.0210295623021
-puj	0.39222614841	0.60777385159	0.0	0.0
-pra	0.0360944007404	0.879685330865	0.0814437760296	0.00277649236465
-cas	0.0364520048603	0.956257594168	0.0	0.00729040097205
-wip	0.237080140577	0.453765051564	0.262775825315	0.0463789825431
-pre	0.0173535791757	0.961677512654	0.00867678958786	0.0122921185828
-tas	0.0625	0.9375	0.0	0.0
-hem	0.305642633229	0.675548589342	0.0188087774295	0.0
-das	0.0429299256661	0.943706673348	0.00200451014783	0.0113588908377
-más	0.0201005025125	0.94472361809	0.0	0.035175879397
-xe'	0.315352697095	0.62489626556	0.0265560165975	0.0331950207469
-xle	0.480715828448	0.360228324591	0.0735883986424	0.0854674483184
-xbi	0.74358974359	0.230769230769	0.025641025641	0.0
-'in	0.103674827832	0.511205288251	0.111649814589	0.273470069328
-'im	0.0436420645605	0.937654193485	0.0187037419545	0.0
-'il	0.296766333565	0.415680629664	0.1989300313	0.0886230054713
-opi	0.188679245283	0.594339622642	0.188679245283	0.0283018867925
-rés	0.0	1.0	0.0	0.0
-mán	0.0	1.0	0.0	0.0
-smo	0.271946623834	0.61469080126	0.0278000864891	0.0855624884166
-ope	0.0871212121212	0.907196969697	0.00189393939394	0.00378787878788
-'ib	0.632650407712	0.186953210617	0.0577669632409	0.12262941843
-wu'	0.0	1.0	0.0	0.0
-dea	0.0106075216972	0.93843780135	0.0413886210222	0.00956605593056
-dec	0.058852378617	0.926434526729	0.010299166258	0.00441392839628
-rbe	0.0298507462686	0.970149253731	0.0	0.0
-den	0.607207207207	0.306306306306	0.0864864864865	0.0
-deo	0.00704041720991	0.989830508475	0.0	0.00312907431552
-ima	0.0234752060168	0.801019526287	0.0545082246264	0.12099704307
-des	0.0319063885457	0.921142524893	0.0440438985391	0.00290718802238
-oni	0.515670652794	0.263099045676	0.0778965446799	0.143333756849
-te'	0.123300223112	0.735280908437	0.0257066107128	0.115712257739
-aús	0.0408163265306	0.959183673469	0.0	0.0
-imo	0.027972027972	0.944055944056	0.013986013986	0.013986013986
-ido	0.0425192665427	0.869784746213	0.0239170874302	0.0637788998139
-lla	0.451948051948	0.457142857143	0.0415584415584	0.0493506493506
-ech	0.0921052631579	0.605263157895	0.302631578947	0.0
-obo	0.001463152932	0.995610541204	0.00243858821999	0.000487717643999
-lle	0.0346710154359	0.926959727482	0.0318973342011	0.00647192288138
-rpa	0.116531165312	0.794941282746	0.0722673893406	0.0162601626017
-eca	0.202898550725	0.700483091787	0.048309178744	0.048309178744
-oba	0.359130262375	0.548080100456	0.0412398387417	0.0515497984271
-llo	0.119897959184	0.839285714286	0.0357142857143	0.00510204081632
-bix	0.0473372781065	0.12426035503	0.130177514793	0.698224852071
-ida	0.0404312668464	0.956873315364	0.00269541778976	0.0
-me'	0.0398638087507	0.94462686748	0.00678532914905	0.0087239946202
-bie	0.0383771929825	0.81524122807	0.0559210526316	0.0904605263157
-ago	0.112662013958	0.829511465603	0.00897308075772	0.0488534396809
-bia	0.0218687872763	0.954274353877	0.0	0.0238568588469
-bin	0.316901408451	0.588028169014	0.0422535211268	0.0528169014084
-bil	0.426774893257	0.34918987481	0.0772333293023	0.14680190263
-axi	0.294642857143	0.428571428571	0.0	0.276785714286
-tle	0.491228070175	0.333333333333	0.0701754385965	0.105263157895
-wab	0.602055456329	0.130776212924	0.043568646971	0.223599683776
-eja	0.345118445126	0.447572884739	0.0339772376268	0.173331432509
-hle	0.489994648422	0.448892433289	0.0392868760428	0.021826042246
-uta	0.0	1.0	0.0	0.0
-tet	0.188106114573	0.0051832108035	0.00311318451989	0.803597490103
-ria	0.0301003344482	0.938612579566	0.00884669327867	0.0224403927069
-tex	0.596927831518	0.256829503218	0.0913939100273	0.054848755237
-eji	0.265628120631	0.335729978031	0.310365488316	0.0882764130218
-ril	0.187798218979	0.464979204409	0.122477099334	0.224745477278
-rim	0.0	1.0	0.0	0.0
-ejo	0.236363636364	0.718181818182	0.0272727272727	0.0181818181818
-riw	0.253627873746	0.737177158021	0.00919496823249	0.0
-a'i	0.394958598959	0.427713050487	0.0981900784056	0.0791382721477
-wxo	0.555555555556	0.215053763441	0.182795698925	0.0465949820789
-a'o	0.126867775585	0.813363405695	0.0479278263321	0.011840992388
-wxi	0.520470206729	0.169841913255	0.285366842319	0.0243210376976
-gre	0.0347129506008	0.536715620828	0.412550066756	0.0160213618157
-a'b	0.219718309859	0.608450704225	0.138028169014	0.0338028169014
-ok'	0.255989184773	0.620279855417	0.0883352263786	0.035395733432
-tel	0.27412763282	0.572461490098	0.0892801005973	0.0641307764854
-gro	0.120746262892	0.759511761752	0.116729112751	0.00301286260575
-ten	0.658161463028	0.229958256075	0.0482009752427	0.0636793056546
-teo	0.0138348022136	0.972637835622	0.00553392088543	0.00799344127895
-jin	0.0715315762216	0.0204559380958	0.0174577028192	0.890554782863
-ran	0.113350125945	0.109571788413	0.769521410579	0.00755667506297
-jil	0.249260271305	0.456799919509	0.174854421189	0.119085387997
-wal	0.423012954746	0.229077070454	0.0591473560382	0.288762618762
-ara	0.079386956282	0.902144550416	0.00854512376647	0.00992336953525
-e'a	0.129152641592	0.832796721791	0.0175618322845	0.0204888043319
-xoc	0.596273291925	0.27950310559	0.0	0.124223602484
-yix	0.154506437768	0.442060085837	0.351931330472	0.0515021459228
-aro	0.0288153681964	0.918890074706	0.0352187833511	0.017075773746
-ec'	0.357477792627	0.0852643932566	0.0260521718239	0.531205642293
-iwa	0.359712230216	0.402877697842	0.107913669065	0.129496402878
-rón	0.0613235280803	0.88585376421	0.0176432120894	0.0351794956206
-jwi	0.342924948087	0.572827054287	0.0320379709285	0.0522100266983
-gua	0.0587188612099	0.858540925267	0.0266903914591	0.056049822064
-bi'	0.58249060965	0.110083790812	0.169893094481	0.137532505056
-xwi	0.261503960577	0.231898285835	0.479600381139	0.0269973724483
-mea	0.0	1.0	0.0	0.0
-jix	0.463867512243	0.0130151741051	0.000442919237526	0.522674394415
-lub	0.058091286307	0.941908713693	0.0	0.0
-mej	0.076535797035	0.483633069504	0.34611833433	0.0937127991313
-cot	0.0	1.0	0.0	0.0
-aya	0.0	0.992907801418	0.0	0.00709219858157
-ot'	0.438413361169	0.511482254697	0.0501043841336	0.0
-nwi	0.823643991609	0.155678753371	0.00629307761463	0.0143841774049
-ayo	0.0161290322581	0.983870967742	0.0	0.0
-ila	0.410792964065	0.273891723724	0.0596846447179	0.255630667493
-num	0.288224956063	0.279437609842	0.216168717047	0.216168717047
-oyi	0.735294117647	0.0588235294118	0.0588235294118	0.147058823529
-bás	0.0172744721689	0.965451055662	0.00863723608445	0.00863723608446
-mor	0.0	0.95652173913	0.0434782608696	0.0
-bte	0.639470782801	0.151047409041	0.0882028665932	0.121278941566
-yxa	0.165422456938	0.42888891077	0.156782588902	0.24890604339
-ki'	0.291362886488	0.315204087063	0.0989835559577	0.294449470491
-xaw	0.222222222222	0.777777777778	0.0	0.0
-ak'	0.455962223699	0.236852527029	0.0308744963946	0.276310752878
-aón	0.0295857988166	0.958579881657	0.0118343195266	0.0
-na'	0.538482003798	0.244607731962	0.0408155677998	0.17609469644
-exo	0.268292682927	0.731707317073	0.0	0.0
-dán	0.0309256055363	0.948961937716	0.00519031141869	0.0149221453287
-xad	0.0	1.0	0.0	0.0
-ubo	0.0947368421053	0.0447368421052	0.860526315789	0.0
-uba	0.481343283582	0.417910447761	0.0559701492537	0.044776119403
-xaj	0.201815930664	0.648369789517	0.125051588939	0.0247626908791
-si'	0.614623831935	0.363958802265	0.00477457199373	0.0166427938067
-xam	0.341272300677	0.339324449953	0.0730444021426	0.246358847226
-xan	0.0997831188946	0.17732993684	0.0197489554032	0.703137988863
-exa	0.842105263158	0.157894736842	0.0	0.0
-ije	0.679249683229	0.161284870733	0.104108481899	0.0553569641384
-tán	0.0479935794543	0.897110754414	0.0163723916533	0.0385232744783
-lia	0.0469441984057	0.911721287275	0.0230292294066	0.0183052849129
-ija	0.525926463123	0.34208427007	0.0720864457176	0.0599028210893
-oan	0.54881325571	0.357590685177	0.0362740707568	0.0573219883565
-hwa	0.474552309142	0.339695256048	0.130537229029	0.0552152057807
-oto	0.0357142857143	0.928571428571	0.0357142857143	0.0
-rán	0.0669642857142	0.933035714286	0.0	0.0
-xet	0.606557377049	0.295081967213	0.0983606557377	0.0
-oal	0.142023101814	0.768368788029	0.0345058796013	0.0551022305556
-ẍaw	0.392130257802	0.347354138399	0.170963364993	0.089552238806
-otx	0.2185	0.6115	0.063	0.107
-eví	0.0440281030445	0.92224824356	0.0281030444965	0.0056206088993
-umi	0.460870702558	0.212760049876	0.013000150565	0.313369097001
-naj	0.0811235549499	0.15851042086	0.0548273364346	0.705538687756
-nak	0.439306358382	0.294797687861	0.196531791907	0.0693641618497
ALL	0.222980922702	0.276979949265	0.0514661986944	0.448572929339
-nai	0.27496746077	0.455388350225	0.187133476652	0.0825107123532
-nan	0.410039871489	0.361391086408	0.0397549164125	0.188814125691
-nal	0.0906577539631	0.80546423562	0.0391897120462	0.0646882983706
-nam	0.136512083605	0.554539516656	0.283474853037	0.0254735467015
-nab	0.389153020805	0.526810963392	0.0335124164894	0.0505235993139
-kij	0.292775665399	0.456273764259	0.182509505703	0.0684410646388
-kin	0.132224869679	0.190821532496	0.0233415531671	0.653612044658
-kil	0.58503985955	0.0936267539605	0.0391434220299	0.282189964459
-kip	0.214676476137	0.325598943596	0.283531409168	0.1761931711
-sio	0.182406209573	0.554980595084	0.235446313066	0.0271668822768
-sil	0.246721608874	0.542061887731	0.0764525993884	0.134763904007
-nar	0.58550908366	0.297038226003	0.0834899246522	0.0339627656856
-nas	0.0302948336489	0.948606978631	0.0	0.0210981877198
-sia	0.016978556447	0.977904618322	0.00186066372022	0.00325616151038
-nat	0.0562294667091	0.917594747064	0.00290842069184	0.0232673655348
-mos	0.0670967741935	0.894193548387	0.0387096774193	0.0
-wun	0.834744047058	0.0719948545235	0.0111511875351	0.0821099108834
-wul	0.296928327645	0.460750853242	0.0	0.242320819113
-wub	0.0567484371793	0.118372493822	0.816772149402	0.00810691959703
-cio	0.150990113743	0.783014207403	0.0449970537643	0.02099862509
-gog	0.0746268656716	0.89552238806	0.0298507462687	0.0
-nle	0.630081988428	0.254526890289	0.040678325341	0.0747127959419
-las	0.0803814713897	0.83583106267	0.0108991825613	0.0728882833787
-ale	0.353779302927	0.493169580578	0.0514633367258	0.101587779769
-aán	0.0632911392405	0.721518987342	0.215189873418	0.0
-moc	0.21493902439	0.740853658537	0.0274390243902	0.0167682926829
-yna	0.5	0.462962962963	0.015873015873	0.021164021164
-moo	0.206223344002	0.117267384842	0.384150467169	0.292358803987
-mon	0.256210254917	0.335620050727	0.237751042385	0.170418651971
-mom	0.304886943837	0.40590809628	0.228665207877	0.0605397520058
-mol	0.0	1.0	0.0	0.0
-yne	0.408099064833	0.377984957245	0.146137787056	0.0677781908657
-jle	0.633694373324	0.191042066297	0.0707827291159	0.104480831263
-col	0.622234070914	0.258331111703	0.0511863503066	0.0682484670755
-yaw	0.72992226225	0.142988705003	0.0757333622254	0.0513556705219
-bey	0.0560008820129	0.0290482383544	0.00601057105911	0.908940308574
-ha'	0.615338444832	0.202840063809	0.074296836114	0.107524655245
-ber	0.0	1.0	0.0	0.0
-aji	0.273448825747	0.430233400986	0.237605102928	0.0587126703392
-jlo	0.795284327323	0.0427184466019	0.0599167822469	0.102080443828
-jli	0.172681051587	0.16654265873	0.15625	0.504526289683
-eor	0.0508474576271	0.949152542373	0.0	0.0
-bet	0.705164854333	0.162147263887	0.0124887593545	0.120199122425
-cob	0.0	0.998175182482	0.000912408759125	0.000912408759123
-bej	0.699526959738	0.1283859724	0.0638355384835	0.108251529378
-tze	0.474462188201	0.311996832519	0.157054243104	0.0564867361753
-ixa	0.631313131313	0.292929292929	0.0151515151515	0.060606060606
-ben	0.775803123594	0.142605885	0.0189599727811	0.0626310186252
-beo	0.101851851852	0.62037037037	0.0185185185185	0.259259259259
-u'a	0.0	0.783341463218	0.216658536782	0.0
-yab	0.759179123833	0.0898231028863	0.0210397660687	0.129958007212
-beb	0.0	0.816993464052	0.183006535948	0.0
-yal	0.471932903486	0.154747803907	0.0296858263697	0.343633466237
-yan	0.365600693507	0.372278900533	0.0932490285948	0.168871377366
-rla	0.00795228628231	0.975149105368	0.0168986083499	0.0
-nós	0.0434782608696	0.95652173913	0.0	0.0
-bed	0.274193548387	0.725806451613	0.0	0.0
-iso	0.254422695176	0.561504984377	0.0505968469657	0.133475473482
-com	0.0	1.0	0.0	0.0
-k'o	0.328215987295	0.439827068996	0.144432680431	0.0875242632786
-k'i	0.267651480379	0.598522779432	0.0807670766782	0.0530586635112
-reo	0.0484627410109	0.889525794685	0.0557582073997	0.00625325690464
-k'e	0.00738461538461	0.881846153846	0.110769230769	0.0
-tza	0.599800066645	0.285238253915	0.0649783405531	0.049983338887
-xil	0.0625948103793	0.829168330007	0.0374451097805	0.0707917498337
-rea	0.043101428906	0.882642304989	0.0386507378777	0.0356055282267
-k'a	0.266068236728	0.568965452463	0.0932940544134	0.0716722563948
-isa	0.170865279299	0.316538882804	0.496166484118	0.0164293537787
-eve	0.048678720445	0.116828929068	0.29207232267	0.542420027816
-rey	0.0558536443914	0.905962375408	0.0287747472574	0.0094092329435
-eva	0.464589915424	0.487080966282	0.0315189901916	0.0168101281022
-res	0.056685150955	0.41404805915	0.276648182378	0.252618607517
-tej	0.515797597596	0.193756904024	0.0454694668735	0.244976031507
-ret	0.0129143349117	0.980628497632	0.00387430047353	0.00258286698235
-upi	0.0703217181751	0.843434665195	0.0252096725533	0.0610339440765
-max	0.222222222222	0.240740740741	0.462962962963	0.0740740740741
-hab	0.0377358490566	0.930817610063	0.0251572327044	0.00628930817609
-íta	0.0584116744679	0.941588325532	0.0	0.0
-naí	0.0135338345865	0.986466165414	0.0	0.0
-hai	0.55299503141	0.28471855735	0.105782875371	0.0565035358688
-mas	0.0482573726541	0.951742627346	0.0	0.0
-mar	0.0162788850949	0.97697133328	0.00285873104106	0.00389105058366
-hal	0.190157051153	0.630586620372	0.094472929872	0.084783398603
-ham	0.0717504883387	0.783107010896	0.138470499635	0.00667200112965
-han	0.166957441988	0.339925048009	0.322275723707	0.170841786296
-zle	0.642329020333	0.199630314233	0.0822550831793	0.075785582255
-ya'	0.14588629848	0.165846270352	0.628441607616	0.0598258235517
-maj	0.200108200665	0.147200176483	0.0550457751842	0.597645847668
-mam	0.0489833676346	0.887778943398	0.00836166119895	0.054876027768
-mal	0.164160147682	0.680445258739	0.0822355865862	0.0731590069921
-man	0.113252767174	0.120177338481	0.158589938992	0.607979955353
-juj	0.00519480519481	0.012987012987	0.981818181818	0.0
-mac	0.0338094754235	0.409351052279	0.012426474455	0.544412997842
-jun	0.00565257529952	0.0156698263918	0.00572503584613	0.972952562463
-jul	0.776798084893	0.0974303039658	0.0122040915549	0.113567519586
-jum	0.148148148148	0.814814814815	0.037037037037	0.0
-uni	0.621468926554	0.237288135593	0.0112994350282	0.129943502825
-une	0.460071636238	0.266133597845	0.111616241138	0.162178524779
-yol	0.404532743967	0.229104245303	0.0158099486785	0.350553062051
-una	0.179200263288	0.660605561955	0.0923152871483	0.067878887609
-yax	0.126287568788	0.466981797658	0.377098913504	0.0296317200508
-pta	0.0792303338993	0.920769666101	0.0	0.0
-wni	0.578206078577	0.377316530763	0.0	0.0444773906597
-pto	0.00414937759336	0.918395573997	0.0774550484094	0.0
-hil	0.24031477275	0.690437898154	0.0502206861586	0.0190266429372
-he'	0.378571428571	0.171428571429	0.0	0.45
-tra	0.0395000589554	0.88326848249	0.0303619856149	0.0468694729395
-ada	0.207198732548	0.732498267155	0.044707396772	0.0155956035251
-ado	0.0618188386889	0.851641477497	0.0740621801176	0.0124775036964
-tro	0.0621805792163	0.29471890971	0.0538756388416	0.589224872232
-gal	0.205128205128	0.410256410256	0.0	0.384615384615
-aul	0.152542372881	0.796610169492	0.0508474576271	0.0
-gai	0.0	1.0	0.0	0.0
-adi	0.0	1.0	0.0	0.0
-gau	0.0	1.0	0.0	0.0
-sna	0.0376523785143	0.903150833875	0.0200774333101	0.0391193543006
-gar	0.123589440922	0.698482119887	0.0162936283338	0.161634810858
-nip	0.44707415792	0.361322631543	0.164231323318	0.0273718872196
-sne	0.384787472036	0.555555555556	0.0238627889634	0.0357941834452
-ne'	0.0886167020549	0.790926000667	0.0312702897152	0.0891870075632
-sno	0.322109988777	0.558922558923	0.0258136924804	0.0931537598204
-seo	0.00564817965294	0.983940115686	0.00530792786663	0.00510377679483
-ini	0.27243478965	0.16574992643	0.470569182123	0.0912461017967
-sem	0.0	1.0	0.0	0.0
-lao	0.3625	0.6125	0.0	0.025
-lbi	0.347572106608	0.297553851771	0.328587075575	0.026286966046
-bel	0.084671641237	0.215874076549	0.530059026618	0.169395255596
-ino	0.0568079350767	0.906672678088	0.0351668169522	0.00135256988278
-ina	0.128541679813	0.701646999432	0.134978229318	0.0348330914369
-uis	0.371390893948	0.454261521377	0.156510272071	0.0178373126041
-lba	0.280766396463	0.330140014738	0.212232866618	0.176860722181
-seb	0.961718020542	0.0102707749767	0.0	0.0280112044818
-sea	0.129032258065	0.870967741935	0.0	0.0
-món	0.00546926274338	0.990155327062	0.00175016407788	0.00262524611682
-uim	0.0	1.0	0.0	0.0
-uil	0.0786594949569	0.866285037638	0.0224300052391	0.032625462166
-sey	0.757939308398	0.162549988238	0.0414020230534	0.0381086803105
-uin	0.383502439313	0.545298595037	0.0326764278268	0.0385225378235
-set	0.196340919232	0.539491298528	0.234716644355	0.0294511378849
-ses	0.336787564767	0.60103626943	0.0310880829016	0.0310880829016
-ser	0.0	1.0	0.0	0.0
-blo	0.031573503126	0.892885376553	0.0270928634021	0.0484482569186
-'xo	0.461538461538	0.392307692308	0.0230769230769	0.123076923077
-dón	0.0259470679813	0.953814218993	0.00311364815776	0.0171250648677
-'xi	0.627814495664	0.156513009286	0.108240609052	0.107431885998
-loe	0.0526315789474	0.912280701754	0.0	0.0350877192982
-són	0.0110192837465	0.988980716253	0.0	0.0
-ble	0.63329724802	0.255256110763	0.051620990257	0.0598256509601
-ial	0.172295811614	0.472044311736	0.258751168905	0.0969087077456
-net	0.423737126042	0.464933791074	0.0230505149583	0.0882785679255
-ian	0.324550963709	0.325118683644	0.116363725525	0.233966627121
-nes	0.0653950953679	0.91825613079	0.016348773842	0.0
-rso	0.0	1.0	0.0	0.0
-nen	0.54174848497	0.290608142647	0.0791841123134	0.0884592600704
-neo	0.0334728033473	0.899581589958	0.0	0.0669456066945
-nel	0.152336191733	0.187397057648	0.0551641080994	0.60510264252
-fos	0.00900900900901	0.990990990991	0.0	0.0
-nej	0.500049744194	0.258962245664	0.0540252097547	0.186962800387
-yak	0.34	0.12	0.3	0.24
-ias	0.0268387756406	0.95399067033	0.0172534986261	0.0019170554029
-kun	0.383992289737	0.207809427246	0.0838825410443	0.324315741974
-ooz	0.0365853658537	0.963414634146	0.0	0.0
-neb	0.0972397789692	0.0699808231996	0.0363787116356	0.796400686196
-nec	0.0	1.0	0.0	0.0
-eón	0.0630311072549	0.852144843953	0.084211600786	0.000612448005717
-ban	0.164616897922	0.312633523636	0.0766053044755	0.446144273966
-ke'	0.214482132795	0.112636623323	0.239873485194	0.433007758689
-bal	0.182659637571	0.529014764553	0.146999127232	0.141326470644
-uun	0.355317275387	0.448941909723	0.0227308687239	0.173009946166
-jox	0.251175917215	0.729068673565	0.0197554092192	0.0
-hbi	0.129032258065	0.548387096774	0.161290322581	0.161290322581
-jow	0.20531211827	0.33059792652	0.326588780656	0.137501174554
-hon	0.55993983941	0.343560633627	0.0752007374524	0.0212987895107
-aré	0.0	1.0	0.0	0.0
-jol	0.623359580053	0.356955380577	0.0	0.0196850393701
-jom	0.0083850931677	0.989751552795	0.00186335403727	0.0
-jon	0.442256896281	0.143349167	0.0517728262186	0.362621110501
-xo'	0.227401129943	0.0621468926553	0.70197740113	0.00847457627118
-bax	0.544147023572	0.391130643228	0.0647223332001	0.0
-bat	0.14	0.804	0.04	0.016
-bas	0.0	1.0	0.0	0.0
-job	0.0555555555556	0.833333333333	0.0833333333333	0.0277777777778
-sús	0.00878854736662	0.692967987682	0.00380336563815	0.294440099313
-yey	0.211910286156	0.541118845063	0.0783707141015	0.168600154679
-zon	0.594594594595	0.269041769042	0.0257985257985	0.110565110565
-que	0.0666666666667	0.933333333333	0.0	0.0
-zoi	0.15	0.814285714286	0.0357142857143	0.0
-asa	0.0	0.903225806452	0.00744416873449	0.0893300248138
-qui	0.218475801054	0.517979386785	0.236402879821	0.0271419323395
-yet	0.0243228964564	0.0270520361654	0.00428406982123	0.944340997557
-asi	0.715620204177	0.240341629412	0.0	0.0440381664109
-yei	0.35883103013	0.212480662805	0.169658306094	0.259030000971
-mba	0.531246146326	0.181165395604	0.038793033003	0.248795425067
-asu	0.186885245902	0.485245901639	0.308196721312	0.0196721311475
-opo	0.0406742630695	0.391977873201	0.562118315621	0.00522954810893
-lto	0.0738982368434	0.89909241893	0.0159371906927	0.0110721535339
-yel	0.28957235356	0.236892726099	0.198069774037	0.275465146304
-oeb	0.00827980014275	0.00256959314775	0.0017130620985	0.987437544611
-mbi	0.434929577465	0.318309859155	0.185915492958	0.0608450704225
-lta	0.173063093939	0.697139585607	0.047425944012	0.0823713764419
-yeb	0.258960405329	0.3138174767	0.212255791164	0.214966326807
-po'	0.394211967149	0.48944075088	0.0923934298006	0.0239538521705
-lte	0.649082568807	0.112385321101	0.0802752293578	0.158256880734
-ek'	0.411891227531	0.491319711169	0.0742049469965	0.0225841143033
-cbi	0.358536585366	0.370731707317	0.212195121951	0.0585365853658
-ba'	0.0281076038572	0.151113860131	0.81069954675	0.0100789892619
-ras	0.00529193861351	0.910919033339	0.0423355089081	0.0414535191392
-cba	0.635519442832	0.300058038305	0.0	0.0644225188625
-xob	0.169230769231	0.8	0.0307692307692	0.0
-eri	0.0	1.0	0.0	0.0
-ral	0.186572154607	0.75023405109	0.0391199679015	0.0240738264009
-ram	0.0	1.0	0.0	0.0
-uía	0.0718863675732	0.909405854842	0.00831456781569	0.0103932097696
-red	0.0	1.0	0.0	0.0
-ero	0.0482330407629	0.0218671529054	0.0101693878061	0.919730418526
-xoj	0.703671392221	0.115957833515	0.0917484551072	0.0886223191567
-era	0.0456235214599	0.807367353836	0.126732004055	0.0202771206489
-iwi	0.179686565379	0.303624835507	0.51166407465	0.00502452446466
-jo'	0.375395918859	0.190008434819	0.413701624865	0.0208940214578
-xon	0.551542021934	0.307598904345	0.0632700465197	0.077589027201
-rac	0.0	1.0	0.0	0.0
-xol	0.0216677090386	0.028669205281	0.00680554478672	0.942857540894
-xom	0.173410404624	0.806358381503	0.0173410404624	0.0028901734104
-ría	0.0145615701171	0.953529597974	0.0246913580247	0.00721747388414
-aén	0.0	0.938356164384	0.0205479452055	0.041095890411
-xi'	0.685322672758	0.280411193604	0.0	0.0342661336379
-pos	0.00684345594525	0.954662104363	0.0153977758768	0.0230966638153
-pey	0.288461538462	0.346153846154	0.0384615384615	0.326923076923
-nás	0.0544648098624	0.925966994978	0.0172200117409	0.00234818341922
-pon	0.61334336055	0.160077352815	0.0348087666523	0.191770519983
-pom	0.449758331214	0.481048079369	0.0518951920631	0.0172983973544
-moj	0.223880597015	0.731343283582	0.0	0.044776119403
-ele	0.586799813631	0.275178265183	0.0804648513317	0.057557069855
-aza	0.0	0.914331041777	0.0772078265468	0.00846113167637
-aay	0.738805970149	0.238805970149	0.0	0.0223880597015
-lab	0.231950844854	0.703533026114	0.0552995391705	0.00921658986175
-'ni	0.516784452297	0.375441696113	0.017667844523	0.0901060070672
-lal	0.205961194889	0.554853402423	0.0831736734779	0.156011729211
-aat	0.100117030316	0.384837359924	0.161357551662	0.353688058098
-lan	0.347336271681	0.23570576619	0.0890765712103	0.327881390919
-'ne	0.649687474857	0.223137375266	0.0869021251199	0.0402730247572
-lai	0.473825503356	0.160178970917	0.282774049217	0.0832214765101
-laj	0.205213787399	0.547088047024	0.0436495351126	0.204048630463
-'na	0.421530396983	0.314901233779	0.0912868375631	0.172281531676
-aam	0.0885555536443	0.849682624327	0.0549498563638	0.00681196566493
-aal	0.0415195562593	0.922387171645	0.0152437525201	0.0208495195759
-noj	0.12363733551	0.188892868772	0.0721721960932	0.615297599624
-law	0.347368421053	0.534210526316	0.0	0.118421052632
-sa'	0.58918296893	0.327963176064	0.0207134637514	0.0621403912543
-aah	0.620689655172	0.206896551724	0.0	0.172413793103
-non	0.679061096652	0.203723668321	0.0613908829313	0.0558243520956
-upo	0.363780150257	0.414788453934	0.126532226176	0.0948991696323
-uji	0.545852619793	0.368770431983	0.0272926309896	0.0580843172343
-nob	0.0695466073636	0.795486049169	0.0105174644467	0.124449879021
-noc	0.407126948775	0.424498886414	0.168374164811	0.0
-aac	0.0	0.993972343695	0.00354568017965	0.00248197612575
-aab	0.123959778272	0.291561140919	0.207254425671	0.377224655137
-dor	0.0266134397871	0.913506320692	0.0199600798403	0.0399201596806
-dos	0.158640226629	0.0254957507082	0.0339943342776	0.781869688385
-gel	0.0177685230053	0.961594171264	0.00760227422225	0.0130350315084
-lo'	0.59750183863	0.348461903626	0.0202621493577	0.0337741083865
-bon	0.81648067833	0.0884947127333	0.0380098435749	0.0570147653622
-fán	0.0	1.0	0.0	0.0
-boj	0.422435899947	0.306421316376	0.127516656336	0.143626127341
-fás	0.0640732265446	0.935926773455	0.0	0.0
-oc'	0.666755817063	0.261567263974	0.0481412142284	0.0235357047339
-ro'	0.0255972696246	0.10409556314	0.844709897611	0.0255972696246
-doc	0.0	1.0	0.0	0.0
-nor	0.0	1.0	0.0	0.0
-bos	0.658064516129	0.296774193548	0.0	0.0451612903226
-don	0.0754716981132	0.905660377359	0.0	0.0188679245283
-ger	0.0352941176471	0.964705882353	0.0	0.0
-ixi	0.00649350649351	0.038961038961	0.214285714286	0.74025974026
-'aj	0.308102862688	0.168642129341	0.303112220143	0.220142787828
-sas	0.158273381295	0.755395683453	0.0	0.0863309352518
-mpo	0.119988998143	0.506222925119	0.208897751495	0.164890325242
-vor	0.608568207441	0.225253664036	0.0419391206314	0.124239007892
-la'	0.314300293357	0.171430104652	0.133688198323	0.380581403669
-tob	0.603217158177	0.256032171582	0.140750670241	0.0
-mia	0.0637065637065	0.930501930502	0.0057915057915	0.0
-sat	0.183301970565	0.393645466424	0.0629554452895	0.360097117722
-ton	0.646210333791	0.0689352797697	0.0253085442298	0.25954584221
-tol	0.096058371983	0.0229207855358	0.00621651087428	0.874804331607
-'up	0.472222222222	0.5	0.0	0.0277777777778
-toj	0.281832312685	0.0993806435549	0.0306352903876	0.588151753372
-mpa	0.0827368455854	0.853619427041	0.0127287454747	0.0509149818987
-oli	0.66138533318	0.124253261388	0.0311361606426	0.18322524479
-'ui	0.430218446602	0.255764563107	0.256371359223	0.0576456310679
-uje	0.795957043588	0.133291219204	0.0707517372079	0.0
-ibi	0.322843416919	0.487719536789	0.120065733565	0.0693713127265
-'um	0.13571961223	0.807606263982	0.0377827491921	0.0188913745961
-'ul	0.343964102275	0.308128538243	0.0317319369742	0.316175422507
-'ub	0.426579925651	0.42843866171	0.0669144981413	0.0780669144981
-aa'	0.254691689008	0.382484361037	0.0107238605898	0.352100089365
-san	0.123453984971	0.134948530312	0.0956756704296	0.645921814287
-'ue	0.480969355488	0.329268541478	0.107412511151	0.0823495918825
-no'	0.0907135504922	0.539187638136	0.0497479907425	0.320350820629
-lon	0.808003867068	0.0733059484813	0.0118556018884	0.106834582563
-cle	0.453498671391	0.371124889282	0.00531443755536	0.170062001771
-lol	0.440830560241	0.425149291152	0.086155809819	0.0478643387884
-lom	0.109455522921	0.774824358569	0.024072583048	0.0916475354616
-loj	0.337627916059	0.199013549616	0.031334000673	0.432024533652
-iel	0.061625330783	0.877474342326	0.0543752918674	0.00652503502408
-ien	0.0149287457061	0.139032830546	0.119861579045	0.726176844703
-avo	0.0698101653399	0.835884874464	0.0943049601959	0.0
-loc	0.459930313589	0.459930313589	0.0731707317073	0.00696864111498
-mín	0.0	1.0	0.0	0.0
-sur	0.018320610687	0.523664122138	0.247328244275	0.210687022901
-rom	0.0	1.0	0.0	0.0
-lot	0.0967721924691	0.732015467009	0.171212340522	0.0
-och	0.107150666958	0.888475836431	0.00437349661054	0.0
-tx'	0.140922264131	0.292784067173	0.256285002946	0.31000866575
-sal	0.0811820228761	0.862081289319	0.0318929375585	0.0248437502465
-ipo	0.037037037037	0.944444444445	0.0185185185185	0.0
-lxi	0.173770491803	0.668852459016	0.132786885246	0.0245901639344
-ión	0.103415647145	0.866415412314	0.0146654572077	0.0155034833339
-'le	0.592981141536	0.197775408226	0.0505691396463	0.158674310591
-ipa	0.0343324250681	0.952588555858	0.00653950953679	0.00653950953678
-lxa	0.875014164306	0.124985835694	0.0	0.0
-ipe	0.0205323193916	0.97433460076	0.00228136882129	0.00285171102661
-rde	0.0322580645161	0.0860215053763	0.0	0.881720430108
-noé	0.00728155339805	0.98786407767	0.0	0.00485436893204
-wil	0.0923943207161	0.814011235076	0.0645848695836	0.0290095746238
-rdo	0.0	0.843930635838	0.156069364162	0.0
-ewi	0.467795729198	0.373673495907	0.0714687919609	0.0870619829342
-awi	0.295127678918	0.0724368102946	0.0171703091627	0.615265201625
-awo	0.185763666624	0.710536422993	0.0825758545641	0.0211240558187
-uxi	0.0	0.85	0.15	0.0
-awa	0.570223025919	0.249547920434	0.150090415913	0.0301386377336
-awe	0.320386144236	0.63827370812	0.0413401476434	0.0
-uxa	0.272407624453	0.128863117636	0.0500894454383	0.548639812473
-jte	0.722671892306	0.203203544347	0.0357842719605	0.0383402913862
-ita	0.320063133968	0.482237433768	0.0605345164278	0.137164915836
-uc'	0.473710683344	0.447965718323	0.0402649484387	0.0380586498941
-txe	0.126801606679	0.362054028511	0.0189021028589	0.492242261952
-tom	0.0	0.76404494382	0.0	0.23595505618
-eel	0.00709010339735	0.215361890694	0.775184638109	0.00236336779911
-ẍi'	0.451013513513	0.475506756757	0.0430743243243	0.0304054054054
-txo	0.0870901639344	0.831198770492	0.0384221311476	0.0432889344262
-saú	0.0	0.970873786408	0.0291262135922	0.0
-haw	0.275565123789	0.593110871905	0.131324004306	0.0
-taá	0.15037593985	0.781954887218	0.0676691729323	0.0
-sto	0.0599087429424	0.874379052928	0.0179791227592	0.0477330813708
-'un	0.213148988262	0.288903290848	0.0777705767985	0.420177144092
-toi	0.614859836269	0.255674770528	0.0258930786405	0.103572314562
-sta	0.0766671287953	0.85761818938	0.0390960765285	0.026618605296
-saí	0.0	0.995689655172	0.0	0.00431034482759
-bis	0.402230596697	0.281995741412	0.287366383311	0.0284072785794
-loí	0.0	0.961538461538	0.0192307692308	0.0192307692308
-iwo	0.291139240506	0.696202531646	0.0126582278481	0.0
-rpo	0.0	0.914285714286	0.0	0.0857142857143
-sab	0.0797180740659	0.804194776603	0.0907390059644	0.0253481433666
-ián	0.0877192982456	0.859649122807	0.0526315789474	0.0
-cub	0.0357142857143	0.964285714286	0.0	0.0
-cua	0.0331574981161	0.937345247066	0.0230380019378	0.00645925287975
-eyi	0.469351983617	0.230293984936	0.204383742321	0.0959702891257
-uch	0.554233409611	0.415560640732	0.0137299771167	0.0164759725401
-uco	0.0	0.760563380282	0.239436619718	0.0
-cuy	0.587752344826	0.287744550391	0.0746187222323	0.0498843825509
-eya	0.768009037746	0.167796384902	0.0260499734184	0.0381446039341
-'uo	0.503994360902	0.470159774436	0.0258458646617	0.0
-wet	0.125718692825	0.254551014692	0.242711038268	0.377019254214
-eye	0.04662004662	0.918414918415	0.011655011655	0.02331002331
-tos	0.18893973474	0.336539207322	0.0488637245016	0.425657333437
-ioj	0.176966250113	0.319040689091	0.144518120273	0.359474940522
-lel	0.717488789238	0.192825112108	0.0896860986547	0.0
-lem	0.505871029836	0.414436958614	0.0438883541867	0.0358036573629
-muc	0.077614379085	0.744689542484	0.168504901961	0.00919117647059
-lea	0.00477090647223	0.978485912323	0.0148528220362	0.00189035916824
-olo	0.61101836394	0.128547579299	0.175292153589	0.085141903172
-jat	0.111068287726	0.795557268491	0.00840895553765	0.084965488245
-muj	0.744394618834	0.219730941704	0.0	0.0358744394619
-ley	0.0323552879572	0.939667512289	0.0163783063546	0.0115988933994
-gón	0.0067155067155	0.993284493284	0.0	0.0
-ymo	0.121739130435	0.539130434783	0.173913043478	0.165217391304
-kay	0.36	0.34	0.16	0.14
-saj	0.0405845457899	0.540271740002	0.415775036494	0.00336867771379
-ios	0.0251441046515	0.872448852319	0.0247452666239	0.0776617764053
-tey	0.173076923077	0.557692307692	0.153846153846	0.115384615385
-les	0.0386384544618	0.922723091076	0.0	0.0386384544618
-ac'	0.0941047023396	0.14173615937	0.750405374102	0.0137537641881
-mec	0.0	1.0	0.0	0.0
-rra	0.0157232704402	0.978380503145	0.00471698113207	0.00117924528302
-fte	0.0	1.0	0.0	0.0
-alu	0.103343465046	0.860182370821	0.0	0.0364741641338
-rro	0.0114707495885	0.95950326667	0.0215450600968	0.00748092364471
-atz	0.284981684982	0.590476190476	0.0886446886447	0.0358974358974
-ch'	0.69033530572	0.230769230769	0.0394477317554	0.0394477317554
-gio	0.0879120879121	0.895604395604	0.0164835164835	0.0
-alo	0.500240706071	0.327520727467	0.100347686547	0.0718908799144
-udá	0.00514579759863	0.989708404803	0.0	0.00514579759863
-sam	0.0	1.0	0.0	0.0
-ndo	0.025641025641	0.948717948718	0.025641025641	0.0
-ali	0.594190871369	0.349468735759	0.0293334612525	0.0270069316192
-nda	0.281933256617	0.506712696586	0.163022631377	0.04833141542
-ole	0.863627975641	0.103155563757	0.0332164606016	0.0
-xu'	0.948275862069	0.0360501567398	0.0156739811913	0.0
-gia	0.0285714285714	0.914285714286	0.0571428571429	0.0
-ala	0.395017669885	0.30797447023	0.139943377387	0.157064482497
-jbi	0.126851425186	0.599697189125	0.11651635837	0.156935027319
-yox	0.00344234079174	0.00745840504876	0.75157773953	0.23752151463
-uva	0.11705056465	0.863385269545	0.0100329055414	0.00953126026432
-io'	0.0506329113924	0.949367088608	0.0	0.0
-yoj	0.246268656716	0.664179104478	0.089552238806	0.0
-yon	0.72205575322	0.203926513152	0.0362431661213	0.0377745675067
-yom	0.294481034566	0.317136195375	0.339154367578	0.0492284024806
-mle	0.425679820078	0.382948272337	0.121447556737	0.0699243508485
-yoc	0.3374479946	0.339337000126	0.0535838490027	0.269631156272
-abé	0.0391316766638	0.946015424165	0.00856898029135	0.00628391888032
-'en	0.110881378609	0.780029780827	0.037058878701	0.0720299618637
-chi	0.367087288279	0.024597660348	0.00469859690039	0.603616454473
-xuy	0.337186500155	0.366498090618	0.296315409227	0.0
-zón	0.0	1.0	0.0	0.0
-cho	0.0668841088312	0.901944593535	0.0123859460799	0.0187853515544
-cha	0.566663401758	0.159342577643	0.0596216370873	0.214372383512
-pen	0.962264150943	0.0377358490566	0.0	0.0
-tés	0.0228571428572	0.954285714286	0.0228571428571	0.0
-che	0.410488158698	0.121476149299	0.0302271891375	0.437808502865
-pet	0.150943396226	0.0754716981132	0.0	0.77358490566
-xum	0.10780669145	0.740520446097	0.12936802974	0.0223048327137
-xun	0.705244122966	0.294755877034	0.0	0.0
-eli	0.402620604463	0.399804748399	0.111239507212	0.0863351399261
-elo	0.0907386123041	0.793115963947	0.087109067812	0.0290363559373
-ogo	0.0	1.0	0.0	0.0
-jab	0.356327456285	0.456731927735	0.0273954417719	0.159545174209
-ela	0.0138248847926	0.972350230415	0.0138248847926	0.0
-chu	0.67032967033	0.263736263736	0.0	0.0659340659341
-xub	0.0	0.929824561404	0.0175438596491	0.0526315789474
-xuc	0.0231119631924	0.902599583689	0.0709867440909	0.00330170902748
-clo	0.578423501963	0.205309767815	0.117045696868	0.0992210333538
-pna	0.650067294751	0.244952893674	0.0323014804845	0.0726783310902
-$$$	0.745454545455	0.0363636363636	0.0363636363636	0.181818181818
-itu	0.0317491269404	0.9354685857	0.0292788368024	0.00350345055755
-pni	0.834275304266	0.0425039233547	0.0101996246749	0.113021147705
-ter	0.0225846925973	0.939774153074	0.030112923463	0.00752823086574
-ito	0.0700694351715	0.872346107625	0.0355521431433	0.0220323140606
-tes	0.145454545454	0.842424242424	0.0121212121212	0.0
-xni	0.641379310345	0.275862068966	0.0827586206896	0.0
-lás	0.135593220339	0.830508474576	0.0338983050847	0.0
-esa	0.0	1.0	0.0	0.0
-ite	0.0112046156865	0.955181537254	0.0298789751638	0.00373487189547
-xna	0.257186081694	0.364599092284	0.196671709531	0.18154311649
-ẍej	0.662068965517	0.2	0.0879310344828	0.05
-spe	0.0403225806452	0.903225806452	0.0564516129032	0.0
-ae'	0.0885525921486	0.902906802517	0.00404554989512	0.00449505543902
-tu'	0.0255084509947	0.0200431201371	0.00206085307393	0.952387575794
-tbi	0.249771926983	0.446946379394	0.0940172397624	0.209264453861
-ute	0.252168507856	0.184423737991	0.102987076464	0.460420677689
-ueo	0.0980939098093	0.837982333798	0.0278940027894	0.036029753603
-spo	0.0	0.980769230769	0.0192307692308	0.0
-o'i	0.152777777778	0.180555555556	0.555555555556	0.111111111111
-fas	0.0619621342513	0.917383820998	0.0103270223752	0.0103270223752
-bra	0.195637508433	0.590285585788	0.129525522824	0.0845513829547
-alí	0.0550458715596	0.917431192661	0.0275229357798	0.0
-bre	0.199726402189	0.488372093023	0.135430916553	0.176470588235
-rio	0.0207433016422	0.887393505371	0.0859365353747	0.00592665761205
-bro	0.0529113611076	0.908764989492	0.0116207194956	0.0267029299048
-bbi	0.584745762712	0.186440677966	0.169491525424	0.0593220338983
-hum	0.0787037037037	0.796296296296	0.125	0.0
-c'a	0.177777777778	0.822222222222	0.0	0.0
-wwi	0.583574879227	0.375845410628	0.0289855072464	0.0115942028985
-c'o	0.612738261274	0.33379823338	0.0348675034867	0.0185960018596
-c'u	0.292344915065	0.601283175756	0.056170592853	0.0502013163256
-abe	0.506316812439	0.249889566216	0.149041434756	0.0947521865889
-woj	0.463011466495	0.312930930246	0.0937912665258	0.130266336733
-wom	0.100672032628	0.827324837491	0.0436807682354	0.0283223616465
-aba	0.186171248697	0.716688730871	0.0819153494267	0.0152246710046
-low	0.681831849892	0.253458022612	0.0169894154438	0.047720712052
-it'	0.40699435495	0.585295332507	0.0	0.00771031254304
-woc	0.463026166098	0.283276450512	0.139931740614	0.113765642776
-abo	0.0504201680672	0.882352941177	0.0336134453781	0.0336134453781
-oco	0.133479212254	0.300875273523	0.539387308534	0.0262582056893
-win	0.113976758896	0.0635173797899	0.014284339305	0.808221522009
-nco	0.0209059233449	0.0940766550523	0.459930313589	0.425087108014
-koc	0.394513655605	0.362216230059	0.0818281789012	0.161441935435
-tea	0.0	1.0	0.0	0.0
-gad	0.0	1.0	0.0	0.0
