-ɛgɛ	0.316237256406	0.298251014332	0.0489135457487	0.336598183513
-tɔn	0.0377424247251	0.888468938646	0.0446320222197	0.0291566144094
-lɔn	0.6177581013	0.19814098432	0.0667054859265	0.117395428454
-nkɔ	0.31434462112	0.509080125399	0.0488603948372	0.127714858644
-ufu	0.0189650029827	0.976859216544	0.00208789023662	0.00208789023663
-oya	0.51504829279	0.152349988354	0.26409775873	0.0685039601249
-oyi	0.0	0.98	0.02	0.0
-nkɛ	0.120394584675	0.770804513764	0.0922561166921	0.016544784869
-ɔrɔ	0.207183808948	0.233495525944	0.053568661187	0.50575200392
--rɔ	0.861168122684	0.108881977888	0.0078130172421	0.022136882186
-ufa	0.170011806375	0.340318772137	0.33559622196	0.154073199528
-unɛ	0.244524779759	0.471868851766	0.144824821248	0.138781547227
-nse	0.0882352941176	0.852941176471	0.0	0.0588235294118
-nsa	0.0982061318938	0.820601596925	0.0285818433808	0.0526104278003
-ɔrɛ	0.346408735998	0.432896873372	0.0819468787239	0.138747511906
-nti	0.131857891672	0.790099009901	0.0382061735585	0.039836924869
-nto	0.517529922678	0.403691346256	0.0565353246478	0.0222434064188
-nta	0.473251501359	0.176700133473	0.0890717163479	0.26097664882
-ɔɛn	0.831784935869	0.132615959191	0.00940945505025	0.0261896498899
-yen	0.91943445362	0.0407503092975	0.00530142294097	0.0345138141412
-nte	0.149523055592	0.119224225734	0.0885024615628	0.642750257111
--dɛ	0.214128925324	0.667025041437	0.0555480894145	0.0632979438247
-olɛ	0.130846654825	0.407736333136	0.051312413657	0.410104598382
-pui	0.0	0.329032258065	0.670967741935	0.0
-ɔkɔ	0.132743362832	0.867256637168	0.0	0.0
-ɔkɛ	0.187129551228	0.723116003387	0.077900084674	0.0118543607113
-ɛnɛ	0.382905200909	0.40388319589	0.125986523897	0.0872250793028
-inɛ	0.244843695523	0.310659415974	0.0752759633986	0.369220925104
-ɛff	0.69387755102	0.102040816327	0.122448979592	0.0816326530612
-bɛɛ	0.0364656315471	0.167399167028	0.0807193022838	0.715415899141
-den	0.121978662389	0.685798198593	0.0309851190648	0.161238019953
-400	0.488095238095	0.190476190476	0.0833333333333	0.238095238095
-ima	0.112637776314	0.706502067796	0.133257856402	0.0476022994888
-ɔli	0.125866023048	0.78441111147	0.0278481137276	0.0618747517535
-asɔ	0.515348523778	0.101665883053	0.00750124799941	0.37548434517
-oki	0.0	1.0	0.0	0.0
-aka	0.177275844502	0.330262754253	0.0388306913017	0.453630709944
-nyɔ	0.16356990778	0.144483363615	0.0248512434363	0.667095485168
-nyɛ	0.144298125912	0.647791925669	0.106209071799	0.10170087662
-ɔla	0.606232874441	0.147984585061	0.041005143026	0.204777397473
-oka	0.607073156307	0.105890354249	0.0772961144953	0.209740374948
-lla	0.044637738016	0.799266101212	0.00436938064956	0.151726780122
-lli	0.115942028985	0.217391304348	0.63768115942	0.0289855072464
-oba	0.00213219616205	0.990405117271	0.00426439232409	0.00319829424307
-ida	0.0371517027864	0.905572755418	0.0030959752322	0.0541795665635
-ekɛ	0.178936605317	0.744376278119	0.0245398773006	0.0521472392638
-dɛn	0.397705550143	0.303045483039	0.0358169579038	0.263432008915
-430	0.683982683983	0.0	0.0	0.316017316017
-obu	0.197368421053	0.328947368421	0.355263157895	0.118421052631
-uta	0.206910155572	0.391228021809	0.109961486187	0.291900336433
-uti	0.115166771554	0.884833228446	0.0	0.0
-ran	0.393182263733	0.432633964624	0.030490310171	0.143693461472
-ara	0.726962559198	0.0618365794411	0.0364194463261	0.174781415035
-ari	0.00842730246536	0.973618602916	0.00388952421478	0.0140645704041
-bɔɛ	0.280562716839	0.565602818562	0.105526363364	0.0483081012349
-lun	0.29454291708	0.435081789806	0.251116717767	0.0192585753475
-kɛɛ	0.377952755906	0.523622047244	0.0669291338583	0.0314960629921
-aya	0.356408233966	0.453919794615	0.110348134057	0.0793238373622
-ɛta	0.192231809227	0.323606189876	0.269050398641	0.215111602256
-rɔm	0.0	1.0	0.0	0.0
-rɔn	0.418654264733	0.156321868937	0.0325036460048	0.392520220325
-ayi	0.128712945839	0.855234753135	0.008836129005	0.00721617202075
-ayu	0.0592105263158	0.861842105263	0.0394736842105	0.0394736842105
-gbɛ	0.383281317573	0.277641721429	0.118143625082	0.220933335916
-kɔn	0.341639256532	0.496372497939	0.0477372039869	0.114251041542
--nɔ	0.22641509434	0.584905660377	0.0377358490566	0.150943396226
-alo	0.0285494800326	0.681598770882	0.213949115425	0.0759026336608
--nɛ	0.118851105976	0.849455265764	0.0237702211951	0.00792340706504
-ubi	0.517056103961	0.41546919905	0.0253030113707	0.0421716856178
-sɔn	0.340420101156	0.450005521956	0.0853057271566	0.124268649731
-ikɔ	0.00867888138865	0.960462873674	0.0	0.0308582449373
-ikɛ	0.290479817212	0.382025894897	0.251942117289	0.0755521706017
-umu	0.171428571429	0.691428571429	0.0685714285714	0.0685714285714
-ota	0.271627193125	0.317790060848	0.0514875425775	0.359095203449
-oti	0.0262679099386	0.931885376393	0.0209233568342	0.0209233568342
-oto	0.806737405189	0.166450000815	0.0181158366759	0.00869675731971
-uma	0.183550953844	0.0931648154368	0.0226224289096	0.70066180181
-ako	0.126280816141	0.147169613824	0.0136901966348	0.7128593734
ALL	0.233091718386	0.35245459507	0.0637927906901	0.350660895853
-nai	0.0344827586207	0.758620689655	0.0	0.206896551724
-nan	0.037153088919	0.0560645904991	0.0531510492374	0.853631271344
-aki	0.381474915666	0.586827353562	0.00590750476127	0.02579022601
-ibɛ	0.369574283789	0.49247698181	0.0898270828655	0.0481216515351
-ibɔ	0.0967741935484	0.838709677419	0.0645161290323	0.0
-nde	0.231830796788	0.110999633841	0.0107684867674	0.646401082603
-ake	0.536407545794	0.343752847899	0.0508520914973	0.0689875148091
-kin	0.284838543177	0.264475256485	0.2785174396	0.172168760739
-kim	0.0	0.996010638298	0.0	0.00398936170213
-sii	0.570093457944	0.317757009346	0.0747663551402	0.0373831775701
-sin	0.491255020562	0.253676411758	0.00768086025635	0.247387707423
-ɔsɛ	0.504720031036	0.339583602742	0.0830208198629	0.0726755463598
-aku	0.711417816813	0.194479297365	0.0777917189461	0.0163111668758
-gon	0.73631515943	0.195559908586	0.0228534116879	0.045271520296
-awɛ	0.111648456624	0.239118753358	0.0107469102633	0.638485879754
-lɛɛ	0.407354001442	0.524152847873	0.0612833453497	0.00720980533526
-mon	0.00724605664295	0.979764061326	0.011399284231	0.00159059779967
-ofu	0.539132589839	0.23395291202	0.118364312268	0.108550185874
-ewɛ	0.0923546418246	0.705509155156	0.132241139308	0.0698950637113
-ben	0.388592135723	0.106054037252	0.0728840317712	0.432469795254
-yam	0.0225563909774	0.945112781955	0.00751879699248	0.0248120300752
-yan	0.151009710797	0.221197109485	0.0554524933928	0.572340686325
-yai	0.0	0.974358974359	0.0	0.025641025641
-eyɛ	0.206146723405	0.710289799469	0.0427456473494	0.040817829776
--wɛ	0.141964715903	0.539083657597	0.269274554527	0.0496770719733
-isi	0.306143650638	0.542113531462	0.0447479150587	0.106994902841
-isa	0.0079301453743	0.737220075376	0.0106197181105	0.244230061139
-ɛdɛ	0.324175824176	0.576923076923	0.0659340659341	0.032967032967
-ama	0.11940863746	0.484950942424	0.0332333609415	0.362407059175
-dɔn	0.658166569629	0.284276683927	0.0193758917043	0.0381808547397
-dɔm	0.00528444869279	0.989431102614	0.0	0.00528444869279
-rɛm	0.0	1.0	0.0	0.0
-rɛn	0.30654141077	0.251861020231	0.0516980546337	0.389899514365
-man	0.071386720734	0.214377948341	0.642909557805	0.0713257731205
-yoo	0.535433070866	0.370078740157	0.0472440944882	0.0472440944882
-ɔpu	0.0	0.85	0.15	0.0
-nku	0.273788150808	0.380610412926	0.28276481149	0.0628366247756
-hɛm	0.0156950672646	0.97533632287	0.0	0.00896860986546
-ɔra	0.477365387176	0.050873092912	0.0180274490124	0.4537340709
-uni	0.172897776674	0.35535958266	0.376847596572	0.0948950440939
-nsɛ	0.0661085288512	0.870817432146	0.0294779013894	0.0335961376129
-ɔri	0.0	1.0	0.0	0.0
-una	0.147700489028	0.37905149454	0.0950248074999	0.378223208932
-ufɛ	0.0769230769231	0.923076923077	0.0	0.0
-nke	0.0862213761827	0.888584065842	0.0100778231902	0.0151167347853
-nka	0.414865975013	0.37103603118	0.0910202700945	0.123077723713
-unu	0.258430583407	0.604603169654	0.0928152361059	0.0441510108326
-nko	0.362433862434	0.490740740741	0.0396825396826	0.107142857143
-oyɛ	0.231606877332	0.563337518142	0.15083117415	0.0542244303764
-nki	0.378378378378	0.605855855856	0.009009009009	0.00675675675676
-ɔgɛ	0.179135247506	0.557377571526	0.0777728249854	0.185714355982
-nla	0.352358364255	0.572185455797	0.050495390383	0.0249607895643
-ade	0.111779768764	0.126364395501	0.193313247157	0.568542588578
-500	0.0	0.548571428571	0.137142857143	0.314285714286
-ada	0.0	1.0	0.0	0.0
-nli	0.352941176471	0.367647058824	0.0367647058823	0.242647058824
-ado	0.196734010799	0.0510832983617	0.0219134810453	0.730269209794
-adi	0.0287081339713	0.856459330144	0.114832535885	0.0
-144	0.0528621054221	0.19226702915	0.0422896843377	0.712581181091
-adu	0.498489425982	0.211480362538	0.271903323263	0.0181268882175
-ɛgi	0.505555520777	0.119597281117	0.0576376133366	0.317209584769
-ɔgɔ	0.112628684078	0.529146812746	0.0421989208791	0.316025582297
-sen	0.581716969644	0.211620422719	0.0688875358789	0.137775071758
-ɛni	0.0497805092186	0.86077260755	0.0665496049166	0.0228972783143
-ina	0.344562801229	0.365732492364	0.091964858031	0.197739848376
-ɛna	0.543814133701	0.23677532281	0.101254421915	0.118156121573
-ɔsɔ	0.63749800032	0.136618141097	0.0892657174852	0.136618141097
-ɛti	0.0994454810649	0.854826417177	0.0305905232451	0.0151375785131
-uin	0.125180548869	0.17188252287	0.674049109292	0.0288878189697
-ɔki	0.0893854748603	0.899441340782	0.0111731843575	0.0
--ma	0.031914893617	0.36170212766	0.367021276596	0.239361702128
-inu	0.0998923155069	0.648162625086	0.198183052249	0.0537620071583
-ɛnu	0.129647627935	0.623011902712	0.10457555083	0.142764918524
-ofe	0.0655737704918	0.803278688525	0.0655737704918	0.0655737704918
--do	0.279190451479	0.398546964193	0.112091333679	0.210171250649
-edi	0.0145181039006	0.966678327794	0.00419800594717	0.0146055623579
-fui	0.582546983788	0.404456737629	0.00564665897049	0.00734961961237
-nen	0.0357142857143	0.892857142857	0.0	0.0714285714286
-ntɛ	0.28429413082	0.475024530537	0.077313586131	0.163367752512
-kun	0.126053091675	0.42194125527	0.0739050479907	0.378100605065
-mta	0.0157068062827	0.829842931937	0.123036649215	0.0314136125654
-ntɔ	0.246753583176	0.177755105411	0.032045919893	0.543445391519
-ban	0.424661731201	0.225904961234	0.0884775559195	0.260955751646
-eke	0.649746192894	0.286802030457	0.0	0.0634517766497
-dɛɛ	0.318860584766	0.190488141548	0.137281967625	0.353369306061
-baa	0.403079076277	0.596920923723	0.0	0.0
-obɛ	0.248934226553	0.245280146163	0.0901339829476	0.415651644336
-ren	0.888888888889	0.0793650793651	0.031746031746	0.0
-ɔlɛ	0.247613855552	0.486143428985	0.159150901626	0.107091813837
-nya	0.22192359274	0.343760681769	0.106683240612	0.327632484879
-asa	0.406638115632	0.465096359743	0.0914346895075	0.0368308351178
-imɛ	0.089685371879	0.628637825089	0.235495506376	0.0461812966552
-iyo	0.0144927536232	0.985507246377	0.0	0.0
-asi	0.186138817377	0.744771676328	0.0260180348668	0.0430714714289
-ɔlɔ	0.301448941546	0.294769270635	0.126863361861	0.276918425959
-ɛfa	0.00469824456497	0.995301755435	0.0	0.0
-ass	0.171428571429	0.2	0.0857142857143	0.542857142857
-usu	0.178612699828	0.712012656209	0.0544920101171	0.0548826338456
-bɛn	0.420296667281	0.191904642791	0.224447516976	0.163351172953
-nyu	0.325639204545	0.401041666667	0.158972537879	0.114346590909
-err	0.254170760706	0.191746268558	0.117488189632	0.436594781104
-eru	0.446153846154	0.123076923077	0.307692307692	0.123076923077
-ɛla	0.333385536441	0.428032861124	0.0734171250704	0.165164477365
-arɔ	0.163717528102	0.180336685849	0.0165653740655	0.639380411983
-eri	0.728073115861	0.238951631046	0.00987064116985	0.0231046119235
-ram	0.0	1.0	0.0	0.0
-era	0.769215111545	0.0921266894643	0.00643217716984	0.132226021821
-bɔn	0.102158840712	0.831862558322	0.0227490242427	0.0432295767239
-ere	0.229947779212	0.640128286703	0.0539009903356	0.0760229437487
-arɛ	0.197237926281	0.659393328761	0.0637930541398	0.0795756908173
-ugu	0.320674576809	0.531757435587	0.0372095482667	0.110358439337
-iya	0.236643261566	0.559886762948	0.0889275634933	0.114542411992
-nni	0.173374303577	0.135009749882	0.050603721599	0.641012224942
-pon	0.157016683023	0.208607878873	0.305621758026	0.328753680078
-utɛ	0.292026803923	0.461590754589	0.102845488977	0.14353695251
-ugi	0.199568755225	0.70176004894	0.0225110092661	0.0761601865694
-ike	0.612658227848	0.103797468354	0.26835443038	0.0151898734177
-ubɛ	0.0111116661843	0.0125320929205	0.00191638228195	0.974439858613
-ika	0.464589001456	0.469980480418	0.0074250016334	0.0580055164917
-sɔɛ	0.137483083086	0.761442397333	0.0298876267578	0.071186892823
-iko	0.0818692687189	0.0238084730928	0.01255467923	0.881767578958
-lam	0.0801796023091	0.854073123797	0.017639512508	0.0481077613855
-lan	0.185328564954	0.433660457128	0.222166380617	0.158844597301
-iki	0.403845765641	0.350328011601	0.224009889842	0.021816332916
-foo	0.563312366726	0.225914297654	0.0840093010298	0.12676403459
-aan	0.0479723024538	0.813637199427	0.125035009116	0.0133554890031
-afa	0.47857224378	0.434404245606	0.0646256562429	0.0223978543712
-nna	0.416700864898	0.186400596169	0.0480610589223	0.348837480011
-kɔɔ	0.571923743501	0.42287694974	0.0	0.0051993067591
-boe	0.689189189189	0.22972972973	0.0608108108108	0.0202702702703
-gen	0.539915966387	0.319327731092	0.077731092437	0.0630252100841
-bon	0.328915662651	0.591967871486	0.037751004016	0.0413654618474
-aha	0.0	1.0	0.0	0.0
-kɔɛ	0.329676163511	0.510086710317	0.0890107945497	0.0712263316227
-kɛm	0.0	1.0	0.0	0.0
-kɛn	0.16031872683	0.270989109529	0.205014416359	0.363677747281
-don	0.503840191385	0.12726166547	0.0295541846373	0.339343958508
-dom	0.346153846154	0.423076923077	0.0461538461538	0.184615384615
-ayɛ	0.113716430034	0.719405711457	0.126769560209	0.0401082982999
-doi	0.0886608100017	0.116995316647	0.547384131314	0.246959742037
-toe	0.428112340758	0.314309595932	0.16459622192	0.0929818413891
-mpa	0.0	1.0	0.0	0.0
-oli	0.0319377623094	0.185239021394	0.0769986692599	0.705824547037
-akɛ	0.264143259299	0.652618607575	0.0668380548521	0.0164000782739
-ibi	0.152027027027	0.847972972973	0.0	0.0
-olo	0.329528087129	0.198660085667	0.087851705025	0.383960122179
-ola	0.178318639124	0.130091736659	0.0459308652711	0.645658758946
-sai	0.38672842831	0.381665409889	0.121727889691	0.10987827211
-san	0.186537167922	0.652838204796	0.0586005858062	0.102024041476
-sam	0.0	1.0	0.0	0.0
-ɔya	0.277977602886	0.324360887725	0.357076135156	0.0405853742337
-lon	0.197747896275	0.23141201393	0.137673729522	0.433166360273
-lom	0.0	0.943793911007	0.0	0.0562060889929
-umɛ	0.170441427579	0.235272964654	0.0258398980047	0.568445709763
-ron	0.615384615385	0.173076923077	0.192307692308	0.0192307692308
-otɛ	0.343241599513	0.424509654858	0.0859054280066	0.146343317622
-ɛbɛ	0.797438279324	0.117178387308	0.0173597610826	0.0680235722857
-ipi	0.0144791274915	0.983264385107	0.0	0.00225648740128
-ɛra	0.477670183553	0.243146890206	0.143036084213	0.136146842029
-ewa	0.40640935659	0.276049645797	0.286615617197	0.0309253804169
-lɛn	0.529815440801	0.177021632182	0.0204941198204	0.272668807196
-lɛm	0.00579897477667	0.978331311808	0.000796805694505	0.015072907721
-asɛ	0.566508044414	0.290731928393	0.110469068661	0.0322909585316
-awa	0.0875477557157	0.155161899795	0.257008424489	0.50028192
-lɛp	0.5	0.307692307692	0.153846153846	0.0384615384615
-ita	0.21128839495	0.690505872171	0.0254192135482	0.0727865193305
-276	0.0	0.290909090909	0.0	0.709090909091
-ɔyɔ	0.522364217252	0.258785942492	0.129392971246	0.0894568690096
-ɔyɛ	0.21490632833	0.6686351293	0.0536687493784	0.062789792992
-npu	0.0384268033604	0.905373996725	0.0489941742845	0.00720502563007
-isɛ	0.177777777778	0.333333333333	0.244444444444	0.244444444444
-ɛda	0.323863636364	0.590909090909	0.0170454545455	0.0681818181818
-gɔn	0.0601182247836	0.098354411629	0.0981701710207	0.743357192567
-eya	0.119365332271	0.804753369183	0.0424218283211	0.033459470225
-200	0.0550724637681	0.773913043478	0.0463768115942	0.124637681159
-isɔ	0.0125	0.9875	0.0	0.0
-ɛdi	0.21568390218	0.645591320159	0.015847833533	0.122876944129
--wa	0.303571428571	0.517857142857	0.0178571428571	0.160714285714
-len	0.104239213862	0.359918811558	0.0721636392974	0.463678335283
-mun	0.415587992289	0.426604241256	0.121454144864	0.0363536215918
-mui	0.666666666667	0.136363636364	0.106060606061	0.090909090909
-lee	0.68275862069	0.234482758621	0.0689655172414	0.0137931034483
-muk	0.323424494649	0.376932223543	0.0523186682521	0.247324613555
-mɔn	0.0	1.0	0.0	0.0
-ifa	0.32062369311	0.369982187573	0.1858688076	0.123525311717
-ifi	0.0430769230769	0.950769230769	0.0	0.00615384615384
-alu	0.249011857707	0.418972332016	0.260869565217	0.0711462450593
-ndu	0.197359683375	0.622280659814	0.159906499854	0.0204531569581
-ole	0.161030466243	0.385256781475	0.0147849900932	0.438927762188
-ndi	0.576881033931	0.251840081619	0.045800051329	0.125478833121
-gin	0.117616309462	0.102979613173	0.20334553058	0.576058546785
-ali	0.178245669183	0.148828336756	0.0397613495901	0.633164644471
-nda	0.069743051914	0.504457262716	0.401992658626	0.0238070267436
-ale	0.0604118871173	0.0960195628655	0.0108240267403	0.832744523277
-uwɛ	0.363402949557	0.528102201209	0.0731126906096	0.0353821586248
-emɛ	0.0222390041926	0.935105856618	0.0180464050415	0.0246087341476
-ala	0.2991046515	0.268759381166	0.0377405545024	0.394395412832
-120	0.0952380952381	0.380952380952	0.0	0.52380952381
-ɔtɔ	0.684210526316	0.175438596491	0.0350877192982	0.105263157895
-atɛ	0.250269695913	0.542084729128	0.113961731569	0.0936838433898
-bin	0.096756714916	0.787135227185	0.116108057899	0.0
-uyɛ	0.471428571429	0.178571428571	0.25	0.1
-490	0.0884520884521	0.22113022113	0.044226044226	0.646191646192
-yon	0.0502423686624	0.063932922835	0.0375998951919	0.848224813311
-yoe	0.443530291698	0.41062079282	0.0314136125654	0.114435302917
-chi	0.0374745318716	0.919957310566	0.0130978946347	0.0294702629281
-etɔ	0.0681107281525	0.0568148464951	0.0138703699045	0.861204055448
-iyu	0.0117416829746	0.988258317025	0.0	0.0
-etɛ	0.324825986079	0.308778035576	0.145011600928	0.221384377417
-pen	0.560862865948	0.295839753467	0.0647149460709	0.0785824345147
-ogi	0.0	1.0	0.0	0.0
-153	0.228813559322	0.0508474576271	0.101694915254	0.618644067797
-eli	0.565990363578	0.302256070587	0.0499754904891	0.0817780753458
-iyi	0.195695489999	0.656724265428	0.0966638221061	0.050916422467
-ogo	0.182293098708	0.254605444047	0.456970030245	0.106131427
-ela	0.368209897392	0.360391036749	0.0494059214072	0.221993144452
-oge	0.269874804382	0.551017214397	0.133098591549	0.0460093896714
-ele	0.263667134953	0.645133212752	0.0456752988228	0.0455243534722
-ɛrr	0.664197530864	0.158024691358	0.0444444444444	0.133333333333
-ɔbɔ	0.623475391017	0.27521882623	0.0720332902856	0.0292724924666
--sa	0.333333333333	0.348314606742	0.0823970037453	0.23595505618
-esi	0.411279876789	0.547687930534	0.018839683797	0.0221925088795
-nbɛ	0.198296778473	0.607140690761	0.09597674625	0.0985857845161
-iti	0.100339699904	0.857160855798	0.0111570831322	0.0313423611666
-esa	0.0	0.854671280277	0.0	0.145328719723
-ɛri	0.0	1.0	0.0	0.0
-ɛya	0.618377680343	0.172728368338	0.0974807734464	0.111413177872
-fan	0.202835302911	0.654190055587	0.0429292037243	0.100045437778
-666	0.0392156862745	0.0588235294118	0.0	0.901960784314
-ulɛ	0.0774793059292	0.806980295977	0.0773559312382	0.0381844668553
-ɛɛɛ	0.563636363636	0.436363636364	0.0	0.0
-uda	0.027068775285	0.941301949246	0.0170650974623	0.0145641780066
-ude	0.019801980198	0.891089108911	0.0891089108911	0.0
-ɔtɛ	0.118200305033	0.281901372649	0.510676156584	0.0892221657347
-udi	0.0	1.0	0.0	0.0
-osɛ	0.401826484018	0.575342465754	0.00913242009132	0.013698630137
-abu	0.304904974395	0.634116222027	0.0161297772392	0.0448490263394
-amɛ	0.22015490823	0.479743307834	0.162360792017	0.137740991919
-rim	0.0	1.0	0.0	0.0
--bɔ	0.401601067378	0.404936624416	0.157438292195	0.0360240160107
-nɛn	0.0601092896174	0.939890710383	0.0	0.0
--bɛ	0.197723663314	0.428268925357	0.308893594494	0.0651138168343
--so	0.15625	0.395833333333	0.125	0.322916666667
-amɔ	0.442166910688	0.355783308931	0.14934114202	0.0527086383602
-nɔɛ	0.432330827068	0.210526315789	0.244360902256	0.112781954887
-ebɛ	0.438105636686	0.185614849188	0.0163777808107	0.359901733315
-aba	0.0117159336698	0.964852198991	0.0	0.0234318673396
-woo	0.0856759709943	0.242127744114	0.078350054634	0.593846230257
-woe	0.0960198380313	0.834400569192	0.0612300416431	0.00834955113315
-abi	0.910065061605	0.0762172140314	0.000669157286017	0.0130485670773
-koe	0.254942398782	0.380560052163	0.0544268291305	0.310070719925
-tam	0.0	1.0	0.0	0.0
-ɔmɛ	0.162748285896	0.541788712764	0.199426451579	0.0960365497611
-gbe	0.5670995671	0.393939393939	0.038961038961	0.0
-tui	0.74358974359	0.153846153846	0.0512820512821	0.051282051282
-kon	0.7	0.266666666667	0.0	0.0333333333333
-koi	0.585738710651	0.320124710852	0.0941365784974	0.0
-ilɛ	0.147543473897	0.370085304285	0.0321623748222	0.450208846996
-tun	0.0716243303755	0.0753144451348	0.0884314667854	0.764629757704
--kɔ	0.429126794258	0.290370813397	0.14264354067	0.137858851675
-son	0.0242272347535	0.960735171262	0.0100250626566	0.00501253132832
-oro	0.467300611486	0.400004370359	0.0087953470247	0.12389967113
-gan	0.544097925199	0.301143806925	0.00973452702108	0.145023740854
-soe	0.15162989207	0.610251289277	0.00875477066605	0.229364047987
-fɔɛ	0.292847328515	0.442301209514	0.154663957051	0.110187504921
-ora	0.655712831582	0.0838086361462	0.0191560074073	0.241322524865
-ore	0.160194442626	0.739142833292	0.0833444059607	0.0173183181217
--su	0.435182833926	0.312658710005	0.217877094972	0.034281361097
-omu	0.0391733081183	0.751587194381	0.180062136971	0.0291773605295
-ɛki	0.0	1.0	0.0	0.0
-omi	0.0335195530726	0.916201117318	0.00558659217877	0.0446927374302
-run	0.464565637282	0.400975442417	0.0604058377394	0.0740530825621
-ɛka	0.43025751073	0.537017167382	0.019313304721	0.0134120171674
-oma	0.25409941071	0.347809377402	0.306815270305	0.0912759415833
-ɔɔn	0.0709291874558	0.861763250267	0.0350545984246	0.0322529638527
-oda	0.0	0.9795221843	0.0204778156997	0.0
-ode	0.214285714286	0.732142857143	0.0535714285713	0.0
-irɛ	0.181079730112	0.588260380726	0.154130352641	0.07652953652
-odi	0.0945809719858	0.842562708074	0.0360237871356	0.0268325328047
-ɛtɛ	0.237565953344	0.448670219889	0.208908053673	0.104855773094
--kɛ	0.478322438822	0.315305074777	0.144878668914	0.0614938174873
-ipa	0.0347517730497	0.946453900709	0.0166666666667	0.00212765957447
-hɔn	0.505990006075	0.262861356053	0.210476808469	0.0206718294032
-ura	0.298488925688	0.392258331608	0.206375491617	0.102877251087
--yɛ	0.659384309831	0.316782522344	0.0238331678252	0.0
-fɛɛ	0.0901714435283	0.309383588536	0.525585656328	0.0748593116084
-gba	0.228971962617	0.560747663551	0.168224299065	0.0420560747664
-urr	0.398148148148	0.388888888889	0.0555555555556	0.157407407407
-uru	0.313886817365	0.595376358546	0.0679976038241	0.0227392202648
-pai	0.0218181818182	0.967272727273	0.0	0.0109090909091
-apa	0.0605042016807	0.921008403361	0.00168067226891	0.0168067226891
-pan	0.282322365307	0.145031865385	0.0	0.572645769308
-ɛsɛ	0.24448749264	0.571449087301	0.100795149718	0.0832682703422
-ɔdi	0.0194174757282	0.699029126214	0.281553398058	0.0
-wan	0.203007518797	0.706766917293	0.0451127819549	0.0451127819549
-duk	0.269882659713	0.401564537158	0.156453715776	0.172099087353
-dun	0.617647058824	0.358823529412	0.0	0.0235294117647
-nun	0.782712236507	0.036698836689	0.00714278453131	0.173446142273
-ini	0.410881094469	0.401757620647	0.109814016077	0.0775472688068
-nfɛ	0.479765395895	0.453958944281	0.0451612903226	0.0211143695015
-ken	0.0541760722347	0.932279909707	0.0135440180587	0.0
-anɛ	0.289072689707	0.36205964255	0.213569533961	0.135298133782
-kei	0.051897677498	0.768646942271	0.0277155426768	0.151739837554
-gbo	0.338431322728	0.563397759229	0.0439185685983	0.054252349445
-sun	0.509316770186	0.447204968944	0.0310559006211	0.0124223602484
-onɛ	0.480123092655	0.300288656709	0.0689645756402	0.150623674995
-agɛ	0.312294058582	0.576601324422	0.0534016347576	0.057702982238
-feu	0.284061255367	0.204590105726	0.107690339526	0.403658299382
-din	0.578512396694	0.297520661157	0.090909090909	0.0330578512396
-ori	0.0	1.0	0.0	0.0
-ɛmɛ	0.150995858924	0.260608219767	0.122080364795	0.466315556513
-fen	0.195461036038	0.369006020286	0.0326466773788	0.402886266296
-fɔɔ	0.327348066298	0.151933701657	0.0165745856354	0.504143646409
-ɔfɛ	0.180366692843	0.744581394699	0.00605257358533	0.0689993388727
-ɛli	0.105669361922	0.820582229237	0.0577879323009	0.0159604765403
-uku	0.120820479254	0.791443015387	0.0668990853359	0.0208374200226
-enɛ	0.5223403515	0.315855812604	0.0700153801766	0.0917884557193
-gbu	0.144079866547	0.707807143229	0.0789935947863	0.069119395438
-afu	0.25	0.440789473684	0.230263157895	0.0789473684211
-nnu	0.0815594673344	0.359626326986	0.0600401141792	0.498774091501
-uka	0.0127388535032	0.936305732484	0.0	0.0509554140127
-awo	0.0390814265372	0.02664549114	0.00833317664959	0.925939905673
-uki	0.125492689129	0.81279932189	0.0361941089214	0.0255138800593
-ɔna	0.746598863448	0.0887546064795	0.0431935889895	0.121452941083
-ɔni	0.0834281155499	0.487976583851	0.0212114514886	0.40738384911
--fa	0.134161490683	0.485714285714	0.208695652174	0.171428571429
-eta	0.38972042647	0.400588298334	0.131485465279	0.0782058099168
-ɔnu	0.227488151659	0.662322274882	0.0373222748815	0.0728672985782
-tin	0.0	0.982456140351	0.0175438596491	0.0
-tii	0.44370876391	0.502040562173	0.05160429958	0.00264637433744
-ndɛ	0.268350884474	0.339272189656	0.256140737667	0.136236188204
-ema	0.192012908431	0.707139975797	0.0266236385639	0.0742234772086
-alɛ	0.237356748267	0.622820399973	0.0577466804543	0.082076171306
-uwa	0.599886492622	0.320090805902	0.0527809307605	0.0272417707151
-ndɔ	0.593193264086	0.236543909348	0.0272662889518	0.142996537614
-260	0.0284697508897	0.170818505338	0.0	0.800711743772
-mɔɛ	0.212658227848	0.592405063291	0.0658227848101	0.129113924051
-ana	0.242658866032	0.15674727607	0.0577305190517	0.542863338846
-nfa	0.655205066842	0.206073860398	0.0602404658525	0.0784806069075
-nmɛ	0.268632268632	0.225225225225	0.36855036855	0.137592137592
-elɛ	0.174934408342	0.774939961075	0.0145526024271	0.0355730281551
-iyɛ	0.168069641738	0.694435501201	0.0984236066855	0.0390712503755
-000	0.174559491595	0.39833371543	0.0268553063993	0.400251486575
-eda	0.764705882353	0.0588235294118	0.0588235294118	0.117647058824
-eti	0.109375	0.859375	0.03125	0.0
-uyi	0.111744586312	0.599842594707	0.146531814749	0.141881004233
-bui	0.590635632921	0.264645692588	0.0444301987278	0.100288475763
-uya	0.00897308075773	0.885343968096	0.0398803589232	0.0658025922233
-lin	0.0	0.872964169381	0.127035830619	0.0
-ata	0.177251750073	0.385382050097	0.0459037297152	0.391462470114
-ato	0.17264038428	0.769968885633	0.0348681335651	0.0225225965219
-ati	0.17823314813	0.491910193812	0.0684551930145	0.261401465044
-ose	0.342105263158	0.526315789474	0.0789473684211	0.0526315789474
-kai	0.203662597114	0.280244173141	0.0166481687014	0.499445061043
-ian	0.0521501172791	0.856215793589	0.00813135261924	0.0835027365129
-osa	0.426742532006	0.5106685633	0.0455192034139	0.0170697012802
-kan	0.144650279251	0.395909869513	0.014787892886	0.44465195835
-ɛɛn	0.3410743222	0.55479236704	0.0950782402593	0.00905507050086
-ɔti	0.0658823529413	0.901176470588	0.0305882352941	0.00235294117647
-ula	0.484804383977	0.406547252282	0.0655068894083	0.0431414743328
-osi	0.0478905359179	0.911060433295	0.0136830102622	0.0273660205245
-ɛyɛ	0.310110563474	0.568935660051	0.0977754096177	0.0231783668576
-ulu	0.17942487175	0.647454900225	0.121778438397	0.0513417896281
-esɛ	1.0	0.0	0.0	0.0
-itɛ	0.250192955731	0.514225735041	0.035899303906	0.199682005322
-nbi	0.197868344836	0.0948011051127	0.0985046060744	0.608825943977
-ɛrɛ	0.132749076826	0.254567915361	0.16287354221	0.449809465603
-nba	0.0578703061298	0.119912040084	0.00616607584548	0.816051577941
-fin	0.490917559385	0.187703772706	0.276665114113	0.044713553796
-nbu	0.749142857143	0.209714285714	0.00685714285714	0.0342857142857
-ɔmu	0.0	0.833333333333	0.111111111111	0.0555555555556
-orɔ	0.276381531226	0.0547137024088	0.0290978471026	0.639806919263
-ile	0.165686227036	0.110682805647	0.0168795069286	0.706751460388
--ko	0.215268461611	0.536611237638	0.04513358084	0.202986719912
-gbɔ	0.291319172922	0.644576363599	0.0576940171313	0.00641044634793
-ila	0.310194309079	0.292090612449	0.0596036860407	0.338111392431
-ɔma	0.113594353326	0.204585549515	0.034519827063	0.647300270095
-ili	0.388920364863	0.464263934804	0.0629429192223	0.0838727811108
-abɔ	0.532278225762	0.129693115657	0.0673527911034	0.270675867478
-ebi	0.129160540035	0.307690593949	0.0663347146103	0.496814151406
-igi	0.265052682698	0.443456376453	0.0869682289446	0.204522711905
-amu	0.119948409286	0.797936371453	0.0666380051591	0.0154772141015
-abɛ	0.116702691141	0.144311417897	0.0434209892386	0.695564901723
-ami	0.140689655172	0.702068965517	0.0827586206896	0.0744827586207
--ba	0.194919297743	0.573400308886	0.189093249858	0.0425871435128
-amo	0.0	0.732242469319	0.267757530681	0.0
--sɛ	0.304285714286	0.548571428571	0.0614285714286	0.0857142857143
-ɔbi	0.520331325301	0.19578313253	0.263554216867	0.0203313253012
-ebu	0.419028340081	0.386639676113	0.0485829959514	0.145748987854
-usi	0.0312025829122	0.771193227842	0.0251423225674	0.172461866679
-iri	0.476172044191	0.36050317399	0.0690262052638	0.094298576555
-usa	0.0611241866261	0.920600858369	0.00249203931884	0.015782915686
-ira	0.556370890813	0.149600795638	0.0643255358706	0.229702777679
-uli	0.495232896509	0.350510496151	0.0681149424384	0.0861416649013
-gun	0.590931353792	0.324856508763	0.0154281778526	0.0687839595929
-irr	0.0910334979473	0.0767537335634	0.351639197953	0.480573570536
-omɛ	0.162223014496	0.365282919137	0.397818502903	0.0746755634636
-ɛkɛ	0.250344753889	0.125841530249	0.188406092094	0.435407623768
-ɔta	0.673759446504	0.187278386622	0.0770733872559	0.0618887796175
-yɛɛ	0.30303030303	0.585858585859	0.030303030303	0.0808080808081
-ɔgi	0.0645161290323	0.903225806452	0.0322580645161	0.0
-npi	0.0378214826021	0.847201210287	0.0978315683308	0.0171457387796
-pim	0.717472118959	0.0947955390335	0.139405204461	0.0483271375465
-pin	0.467105263158	0.236842105263	0.197368421053	0.0986842105263
-ɛsa	0.0157397691501	0.966421825813	0.00524658971669	0.01259181532
-ɛsi	0.240976782112	0.380069524913	0.0673790824428	0.311574610532
--ya	0.422960725076	0.175226586103	0.401812688822	0.0
-urɛ	0.178825552465	0.467908183199	0.248915518963	0.104350745373
--yi	0.192501944415	0.767984702062	0.0203366183495	0.0191767351737
-urɔ	0.0837701254629	0.0725132212182	0.0056639059113	0.838052747408
--yo	0.409836065574	0.590163934426	0.0	0.0
-sɛn	0.539184952978	0.254127481714	0.0658307210031	0.140856844305
--tɛ	0.424242424242	0.30303030303	0.272727272727	0.0
-iba	0.037906291987	0.944598496327	0.0116634744576	0.00583173722879
-uri	0.276582715948	0.608567728626	0.0557103518929	0.0591392035329
-owa	0.0277435265105	0.964858199753	0.00369913686808	0.00369913686807
-ɛma	0.184946203673	0.162862934728	0.0647999995708	0.587390862029
-agi	0.0828402366863	0.869822485207	0.0236686390533	0.0236686390532
--la	0.373432598881	0.233028169194	0.217324169051	0.176215062875
--le	0.36170212766	0.483282674772	0.127659574468	0.0273556231003
-aga	0.498517455776	0.294572946811	0.0737256674062	0.133183930007
-anu	0.0389067772218	0.104166446882	0.00989512572168	0.847031650175
-ega	0.070796460177	0.893805309735	0.0176991150442	0.0176991150442
-ona	0.228247789792	0.321570775091	0.0611789402918	0.389002494826
-ɔsi	0.315080789946	0.539796529025	0.0391980849791	0.10592459605
-oni	0.108795682388	0.213338725109	0.345353848935	0.332511743568
-450	0.129032258065	0.322580645161	0.0	0.548387096774
-dam	0.0	1.0	0.0	0.0
-dan	0.151784923768	0.585285176459	0.0429431303617	0.219986769412
-onu	0.134092617085	0.123873514846	0.0222156075056	0.719818260563
-ani	0.116246819147	0.222761150415	0.156744493479	0.504247536959
-yɔn	0.0356592135698	0.272744795682	0.681187355436	0.0104086353123
-tan	0.270518532341	0.261094827796	0.0662341694799	0.402152470383
-yin	0.013011286426	0.926021542892	0.0587366644372	0.00223050624445
-ɔnɔ	0.0341898879122	0.0268374570891	0.00537105797871	0.93360159702
--fɛ	0.413793103448	0.501014198783	0.0486815415822	0.0365111561866
--fɔ	0.0792588780237	0.881111682964	0.0396294390118	0.0
-ɔnɛ	0.289034440489	0.535150938717	0.0662955441135	0.109519076681
-ɛbi	0.0648924788643	0.849654946446	0.0340375426255	0.0514150320646
-nnɛ	0.270893023881	0.392643324691	0.228172342434	0.108291308993
-afɛ	0.159313862637	0.288221542939	0.0419386378478	0.510525956576
-ukɛ	0.173894825058	0.79467839933	0.00628535512256	0.0251414204903
-enu	0.241377032095	0.465406550952	0.134217205726	0.158999211227
-tɛn	0.122327937724	0.855924873347	0.00543679723218	0.0163103916965
-min	0.0703111890312	0.0198192209664	0.000929488146704	0.908940101856
-eno	0.0491803278689	0.950819672131	0.0	0.0
-eni	0.7483795771	0.227147148171	0.0199855104143	0.00448776431458
-oee	0.101333333333	0.843555555556	0.0524444444445	0.00266666666667
-ɛlɛ	0.195342102724	0.539723790461	0.12315290374	0.141781203075
-ena	0.0262008733625	0.960698689956	0.0	0.0131004366812
