-ɛpi	0.0948905109488	0.832116788321	0.058394160584	0.014598540146
-a‑a	0.549696143293	0.127667939813	0.0300444080787	0.292591508816
-tɔn	0.667967515642	0.227437906844	0.0753649750364	0.0292296024774
-hen	0.173178988015	0.496814992928	0.13849764881	0.191508370247
-hee	0.409471047684	0.0937146895883	0.0419006477288	0.454913614999
-nkɔ	0.1096612271	0.646242486738	0.212852174986	0.0312441111762
-ufu	0.647058823529	0.210084033613	0.126050420168	0.0168067226891
-oya	0.186539275419	0.647687074287	0.148066373342	0.0177072769522
-aua	0.317769130999	0.386511024643	0.206225680934	0.0894941634241
-ufa	0.628787878788	0.136363636364	0.212121212121	0.0227272727273
-unɛ	0.530132605262	0.390315665997	0.0385160449512	0.0410356837899
-nsa	0.025224544059	0.948880684891	0.0103462060438	0.0155485650058
-aun	0.527327042614	0.388676773089	0.055511104071	0.0284850802269
-nti	0.0	1.0	0.0	0.0
-puu	0.0983606557377	0.83606557377	0.0491803278689	0.0163934426229
-kuɔ	0.0810443885583	0.165474657016	0.377742337811	0.375738616614
-yen	0.856176733724	0.075329793933	0.00747205554985	0.0610214167935
-kuɛ	0.0980573543015	0.888066604995	0.00555041628123	0.00832562442184
-kia	0.0144927536232	0.95652173913	0.0144927536232	0.0144927536232
-uan	0.0731707317073	0.365853658537	0.560975609756	0.0
-mbi	0.0736733336319	0.875009003001	0.0368677839748	0.0144498793918
-fuɛ	0.225987207274	0.541417772374	0.186076016282	0.0465190040704
-uiɛ	0.308707473759	0.570689662241	0.054270423323	0.0663324406772
-ɔkɔ	0.183529411765	0.581176470588	0.225882352941	0.00941176470589
-ɛnɛ	0.237017573295	0.615365382149	0.0684773066995	0.0791397378564
-ɔsi	0.0209488451467	0.822893965771	0.00774330008797	0.148413888995
-ɛfi	0.0206811973912	0.97485924522	0.00445955738893	0.0
-inɔ	0.329269620116	0.419288124524	0.138783063024	0.112659192337
-fɛn	0.342115514629	0.432422118773	0.0758481119964	0.149614254602
-bɛɛ	0.0667274567301	0.121785522673	0.0775166063154	0.733970414281
-mbɔ	0.20940625665	0.75654394552	0.0340497978293	0.0
-oku	0.0	0.987193169691	0.0	0.0128068303095
-mbɛ	0.161769856622	0.0206781606256	0.00354813748459	0.814003845268
-bɛɔ	0.0461538461538	0.953846153846	0.0	0.0
-den	0.258630979126	0.33517550848	0.230461599332	0.175731913062
-ima	0.128356933782	0.48294703184	0.0871819013295	0.301514133048
-asɔ	0.0	1.0	0.0	0.0
-oki	0.0357142857143	0.919642857143	0.0446428571429	0.0
-yɔɛ	0.0326868381165	0.840970666747	0.0439747705665	0.0823677245705
-nyɔ	0.199859435059	0.433852964725	0.209217147474	0.157070452742
-nyɛ	0.143185475857	0.685288421446	0.0349289419026	0.136597160794
-yɔɔ	0.346153846154	0.584615384615	0.0615384615384	0.0076923076923
-asɛ	0.0	1.0	0.0	0.0
-ɛin	0.0740740740741	0.0787037037037	0.453703703704	0.393518518518
-ɔti	0.0112535058329	0.957799353127	0.0281337645822	0.00281337645822
-obi	0.047619047619	0.738095238095	0.214285714286	0.0
-obo	0.0625	0.924107142857	0.0133928571429	0.0
-idi	0.0315944914311	0.92034358524	0.0295055994357	0.0185563238929
-ida	0.0270072992701	0.965693430657	0.0029197080292	0.0043795620438
-bia	0.489477396432	0.281165359803	0.0822716659278	0.147085577837
-bin	0.136102224253	0.78351614869	0.0361250761731	0.0442565508836
-i‑a	0.302559490211	0.413228668566	0.0386297198004	0.245582121423
-dɛn	0.576752490201	0.279328442295	0.0422873309455	0.101631736558
-ɔen	0.339286455954	0.393529094156	0.180628815882	0.0865556340075
-bii	0.187094682231	0.785019455253	0.0239948119326	0.00389105058366
-uta	0.0322580645161	0.967741935484	0.0	0.0
-uti	0.118564029654	0.826224569243	0.00973223655259	0.045479164551
-tea	0.0887114179219	0.488993062196	0.2254494442	0.196846075682
-tee	0.0415672277743	0.819732600966	0.0299911531173	0.108709018142
-utu	0.0	1.0	0.0	0.0
-ten	0.421768707483	0.102040816327	0.183673469388	0.292517006803
-bɔɔ	0.273148148148	0.466931216931	0.063492063492	0.196428571429
-bɔɛ	0.1923002032	0.459081248633	0.209176434467	0.1394421137
-dun	0.681988041853	0.295590433483	0.0	0.0224215246637
-mmɔ	0.0403299842019	0.0456261593648	0.0162866213717	0.897757235062
-men	0.393939393939	0.606060606061	0.0	0.0
-kɛɛ	0.313559322034	0.669491525424	0.00847457627119	0.00847457627119
-aya	0.131492406361	0.691812340214	0.137009989764	0.0396852636607
-ayi	0.25354064401	0.479413767997	0.0840829555863	0.182962632407
-gbɛ	0.30786644127	0.132708765281	0.0846716018151	0.474753191635
-kɔn	0.324419394222	0.573626944534	0.0446312679985	0.0573223932463
-sɔn	0.829327838079	0.0790788478719	0.0269633396116	0.0646299744377
-nsi	0.0104764280369	0.901970566226	0.0356697430781	0.051883262659
-umu	0.0703679793415	0.675919948354	0.205939315688	0.0477727566172
-abɔ	0.152625705064	0.26962869122	0.529182879377	0.0485627243387
-mɛi	0.00640449438202	0.835168539326	0.000674157303369	0.157752808989
-mɛn	0.430347911136	0.285105491128	0.09780634344	0.186740254296
-ɔdɔ	0.0411723656665	0.0607117934404	0.0523377529659	0.845778087927
-ɔdɛ	0.249235474006	0.457186544343	0.261467889908	0.0321100917431
-oti	0.0125728960462	0.978599325879	0.00160505055909	0.00722272751592
-ɔwa	0.130032392411	0.832484960666	0.0374826469227	0.0
-ɛbu	0.0865671641791	0.870895522388	0.0134328358209	0.0291044776119
-uma	0.202452334434	0.625968469986	0.115492151182	0.056087044398
-ako	0.290481511581	0.392015440878	0.236438439659	0.081064607883
ALL	0.231917376155	0.340384944088	0.063064106061	0.364633573696
-nai	0.0	1.0	0.0	0.0
-nan	0.265595821662	0.326775501867	0.120302287582	0.287326388889
-aki	0.031529625875	0.954581374372	0.00718396538925	0.0067050343633
-kin	0.0	1.0	0.0	0.0
-aka	0.147017083341	0.394853882537	0.178025369406	0.280103664717
-sii	0.0241719127686	0.958907748293	0.00709219858155	0.00982814035646
-sin	0.0958814221638	0.0401903831541	0.0130259893815	0.850902205301
-sia	0.0183476972798	0.958535326331	0.016496094802	0.00662088158721
-wuo	0.285046728972	0.413551401869	0.0630841121495	0.238317757009
-oen	0.712090999424	0.148465538046	0.0678482792298	0.0715951832997
-wua	0.439854191981	0.193195625759	0.211421628189	0.155528554071
-moa	0.168582375479	0.7969348659	0.0153256704981	0.0191570881226
-mon	0.0151898734177	0.978734177215	0.0060759493671	0.0
-wuu	0.176860346585	0.673292558614	0.103975535168	0.045871559633
-yau	0.13652432072	0.272583024133	0.475322732908	0.115569922239
-mfa	0.037037037037	0.962962962963	0.0	0.0
-ofo	0.229383886256	0.631279620853	0.0767772511848	0.0625592417062
-ben	0.263057517994	0.0784754106905	0.119873179908	0.538593891408
-216	0.0331491712707	0.53591160221	0.132596685083	0.298342541436
-ofe	0.141176470588	0.776470588235	0.0470588235294	0.0352941176471
-ofa	0.12147777082	0.784596117721	0.0638697557921	0.0300563556669
-upu	0.764705882353	0.235294117647	0.0	0.0
-isi	0.048139553357	0.883285775102	0.0555495019957	0.0130251695457
-isa	0.782927402272	0.136130514815	0.0260061594225	0.054935923491
-dɔi	0.433628318584	0.327433628319	0.106194690265	0.132743362832
-dɔn	0.477488421224	0.374449500284	0.0752579832615	0.0728040952304
-ɔya	0.462154067396	0.394227233013	0.0656198723197	0.0779988272713
-mau	0.137837326154	0.417810953618	0.431191477643	0.0131602425851
-ebu	0.194701986755	0.754304635762	0.0198675496689	0.0311258278146
-mai	0.109113712375	0.828177257525	0.0301003344482	0.0326086956521
-man	0.419096456177	0.453044448074	0.0928985033105	0.0349605924394
-maa	0.288789060572	0.297526780866	0.395172039295	0.0185121192674
-din	0.712296012374	0.0905570863256	0.0200608508143	0.177086050486
-nku	0.142186025915	0.788181007207	0.0399828003363	0.0296501665416
-nsɛ	0.637357924083	0.25091143041	0.0606905425692	0.051040102938
-una	0.117839607201	0.71031096563	0.0900163666121	0.0818330605565
-nka	0.161058544982	0.733773377864	0.0598705248551	0.045297552299
-nko	0.0734352541487	0.885796419705	0.0243041944336	0.0164641317131
-nki	0.0833333333333	0.875	0.0	0.0416666666667
-500	0.030303030303	0.707070707071	0.050505050505	0.212121212121
-ado	0.621212121212	0.348484848485	0.030303030303	0.0
-adi	0.0470731268386	0.910188697791	0.0316784914971	0.0110596838735
-sɔɔ	0.173721424876	0.812482035756	0.00574855807001	0.00804798129803
-144	0.0533333333334	0.207619047619	0.0	0.739047619047
-ɛpɛ	0.0397350993378	0.652317880795	0.218543046358	0.0894039735099
-tɔɔ	0.551116829852	0.301312853093	0.111180361487	0.036389955568
-tɔɛ	0.109042313651	0.520539401327	0.190349303737	0.180068981284
-yaa	0.076082747047	0.829761827922	0.0744691150842	0.0196863099464
-ɔsɛ	0.576271186441	0.338983050847	0.0508474576271	0.0338983050847
-ina	0.0876366560501	0.694528204799	0.0229316988083	0.194903440343
-ɛna	0.0	1.0	0.0	0.0
-sea	0.0161065177709	0.979240488206	0.00465299402269	0.0
-uii	0.428084558736	0.529373912629	0.0300293143306	0.0125122143044
-uin	0.285269709544	0.611398086205	0.0431027182657	0.0602294859853
-ɔki	0.0444036135354	0.939366100138	0.00367478180983	0.0125555045169
-kuu	0.440127790373	0.362502916766	0.0585225750509	0.13884671781
-eda	0.34008683068	0.587554269175	0.0115774240232	0.0607814761216
-fua	0.245523091423	0.577191328935	0.130160226202	0.0471253534402
-fun	0.632047477745	0.33234421365	0.0356083086053	0.0
-ian	0.651264940188	0.200489134044	0.0866399928196	0.0616059329486
-fui	0.0	0.824561403509	0.175438596491	0.0
-fuu	0.248677540642	0.520664340393	0.198404068273	0.0322540506911
-kua	0.239436619718	0.619718309859	0.140845070423	0.0
-kun	0.199619256673	0.204419927979	0.117302540815	0.478658274533
-bee	0.328924042002	0.345970271376	0.226237556253	0.0988681303696
-ntɔ	0.209302325581	0.162790697674	0.0574555403557	0.570451436389
-kui	0.0430083994911	0.906163492019	0.0351886904928	0.0156394179968
-ban	0.511608772444	0.244683939179	0.128654463008	0.11505282537
-eka	0.0180058321329	0.961529002565	0.0105399992973	0.009925166005
-uun	0.182312551962	0.654487592079	0.0657620013642	0.0974378545952
-bai	0.381947995517	0.50864598253	0.0359381198984	0.0734679020547
-dɛɛ	0.228949858089	0.595080416273	0.0283822138127	0.147587511826
-bae	0.415421508947	0.331304187419	0.152001475742	0.101272827892
-pɔɛ	0.178280687441	0.755505501067	0.0378364637095	0.0283773477821
-baa	0.283291898218	0.241744260524	0.224346327701	0.250617513558
-bau	0.380996601597	0.336540741326	0.128665138702	0.153797518375
-yɔn	0.141599805327	0.191507055959	0.159882307953	0.50701083076
-nya	0.0454018355161	0.903602798732	0.0308081856777	0.0201871800744
-mbu	0.204705882353	0.571764705882	0.223529411765	0.0
-asa	0.194860955736	0.625430025412	0.137424543828	0.042284475024
-asi	0.102518390891	0.869211837741	0.0144977925384	0.0137719788295
-u‑a	0.517801546857	0.266950920014	0.163078212137	0.0521693209915
-mba	0.142367933377	0.781320704135	0.0479866356909	0.0283247267973
-inɛ	0.229660256415	0.611645399227	0.0523551786293	0.106339165728
-mbe	0.481563395233	0.0303769148992	0.00270586327876	0.485353826589
-bɛn	0.345933501538	0.436132110876	0.118055539906	0.0998788476806
-fɛɛ	0.603231597846	0.27289048474	0.016157989228	0.107719928187
-yea	0.00134202453988	0.996357361963	0.0	0.00230061349693
-bɛa	0.322489990179	0.272644859107	0.209956938883	0.19490821183
-yee	0.798974461094	0.101757355504	0.0552596206502	0.044008562752
-mbo	0.164598063909	0.767790489485	0.046611841107	0.0209996054987
-e‑a	0.669358872977	0.151774866212	0.0430017651908	0.13586449562
-bɔn	0.63112112394	0.271253793923	0.0591382709096	0.0384868112269
-bɔi	0.0743784593771	0.855451197759	0.0504973981627	0.0196729447009
-ɔsa	0.509745537191	0.342453142306	0.0751593089659	0.0726420115364
-iɔn	0.0424778761062	0.895575221239	0.0548672566371	0.0070796460177
-foa	0.225806451613	0.774193548387	0.0	0.0
-ika	0.267441860465	0.661627906977	0.0270348837209	0.0438953488372
-sɔɛ	0.24319814264	0.517599320073	0.124361273204	0.114841264083
-iko	0.155172413793	0.807346326837	0.0329835082459	0.00449775112444
-iki	0.0701009028147	0.76048858205	0.117896972916	0.0515135422199
-foo	0.0519480519481	0.922077922078	0.0	0.025974025974
-aan	0.123431581646	0.130281380993	0.0252089087794	0.721078128581
-non	0.0	0.962962962963	0.037037037037	0.0
-afa	0.491766042022	0.382737081204	0.0897217490063	0.0357751277683
-imu	0.559413202934	0.225916870416	0.0220048899755	0.192665036675
-o‑a	0.366392849158	0.180449546113	0.0407535027567	0.412404101972
-kɔɔ	0.350211381307	0.167043243238	0.039759713909	0.442985661547
-bon	0.465719579988	0.474984558369	0.0370599135269	0.0222359481161
-boo	0.357197305048	0.477855484507	0.0465181361946	0.11842907425
-kɔɛ	0.130306367907	0.628081465553	0.129389057425	0.112223109115
-doe	0.480916030534	0.473282442748	0.0458015267176	0.0
-kɛn	0.258333460159	0.0282795207127	0.00507995197195	0.708307067157
-don	0.480371948532	0.286690035893	0.04773199555	0.185206020025
-doo	0.689655172414	0.0919540229885	0.0	0.218390804598
-sau	0.12778535698	0.522964984084	0.0868576625739	0.262391996362
-toa	0.412749214552	0.488152215404	0.0519716945121	0.0471268755322
-ibu	0.0202588632527	0.912211592572	0.0472706809229	0.0202588632527
-doa	0.0816326530612	0.877551020408	0.0408163265306	0.0
-aɛn	0.0103544134159	0.984122025426	0.0	0.0055235611576
-saa	0.20091933685	0.357219030465	0.321676677544	0.120184955141
-ibe	0.142857142857	0.857142857143	0.0	0.0
-sai	0.32775679079	0.496791988967	0.136415422438	0.0390357978054
-akɔ	0.127819878225	0.0526711012935	0.00826017033472	0.811248850147
-san	0.0960559515843	0.164319268097	0.0313597330416	0.708265047277
-ien	0.356877226969	0.273240478085	0.178860224167	0.191022070779
-ɛ‑a	0.470660317865	0.162639760598	0.0586406335936	0.308059287943
-umɛ	0.365747460087	0.547169811321	0.0566037735849	0.0304789550073
-mɛɛ	0.177165354331	0.696850393701	0.11811023622	0.00787401574802
-ɛbɔ	0.470588235294	0.0882352941176	0.352941176471	0.0882352941176
-ɔdi	0.0157868359506	0.940778483127	0.0417641162713	0.00167056465085
-ipi	0.0250233153927	0.936211332966	0.037416991584	0.00134836005708
-ofɛ	0.0927605173183	0.887617065557	0.0178385610227	0.00178385610228
-pia	0.22131147541	0.565573770492	0.196721311475	0.016393442623
-ipa	0.025390625	0.962890625	0.009765625	0.001953125
-hɛɛ	0.0302893670172	0.0537824797966	0.00638000337478	0.909548149811
-‑na	0.217903910088	0.0911679864886	0.0198853253552	0.671042778069
-awo	0.0	1.0	0.0	0.0
-awa	0.0824600082098	0.723531546006	0.0419698496441	0.152038596141
-too	0.666696179765	0.292274710285	0.0218367418011	0.0191923681487
-ɔyɔ	0.651748251748	0.251748251748	0.0167832167832	0.0797202797202
-dɔɔ	0.199052132701	0.164889415482	0.512638230648	0.123420221169
-dɔɛ	0.11006001496	0.194343893973	0.214137713934	0.481458377132
-eyi	0.0	1.0	0.0	0.0
-ɛda	0.0089552238806	0.991044776119	0.0	0.0
-eya	0.0799498697011	0.850026855517	0.0584853488233	0.0115379259583
-200	0.0508474576271	0.237288135593	0.169491525424	0.542372881356
-isɔ	0.024154589372	0.859903381642	0.0966183574879	0.0193236714976
-ɛdi	0.0634920634921	0.936507936508	0.0	0.0
-ioo	0.178082191781	0.821917808219	0.0	0.0
-ion	0.356426886792	0.232230917667	0.335495283019	0.0758469125214
-mun	0.390876218552	0.564776271745	0.0171934528919	0.0271540568113
-mui	0.524333418616	0.0515242618662	0.410783506304	0.0133588132131
-tiu	0.0718038528897	0.9176882662	0.0105078809107	0.0
-mɔn	0.0103307541876	0.988478870844	0.000510160700622	0.000680214267494
-ifa	0.314182122438	0.589318086738	0.048249895412	0.0482498954121
-een	0.454644808743	0.248171500631	0.125094577554	0.172089113073
-ifi	0.119518486672	0.853826311264	0.00859845227858	0.018056749785
-ndu	0.221952859209	0.548006600526	0.143867011632	0.0861735286329
-ndi	0.135411699389	0.316036532635	0.155657547894	0.392894220082
-ndo	0.35479293976	0.54970739101	0.0609504371584	0.0345492320721
-nda	0.152317171317	0.616911910396	0.12924559172	0.101525326567
-nde	0.189625105667	0.334982896123	0.154328524937	0.321063473274
-atɛ	0.10594044254	0.685910015664	0.186522154007	0.0216273877897
-buɛ	0.162224605039	0.163828952944	0.0507233146202	0.623223127397
-yon	0.031746031746	0.968253968254	0.0	0.0
-chi	0.0875413472685	0.870919873562	0.0237882244961	0.017750554673
-pɛɛ	0.325382339984	0.421612436277	0.0906287368619	0.162376486878
-cho	0.0724230298621	0.877343827508	0.0128972518932	0.0373358907372
-cha	0.292883080268	0.596033584479	0.0868934173565	0.0241899178961
-pen	0.0857142857143	0.834285714286	0.04	0.04
-che	0.183479156382	0.126101496754	0.172744259821	0.517675087043
-iya	0.219883855981	0.694587688734	0.0526364692219	0.0328919860627
-chu	0.0373572133434	0.777768807133	0.142596057971	0.0422779215526
-esi	0.0432448617319	0.940714759287	0.00898261222918	0.0070577667515
-iti	0.116030771715	0.700525917665	0.119400352206	0.0640429584139
-esa	0.301003344482	0.61872909699	0.0802675585284	0.0
-ita	0.0217766575965	0.964547099859	0.00735641408252	0.0063198284618
-ɛya	0.200161550888	0.602423263328	0.155088852989	0.0423263327949
-faa	0.214934320035	0.466717128323	0.115129674314	0.203218877327
-udu	0.38	0.4025	0.09	0.1275
-ɛyi	0.0	0.944444444444	0.0555555555556	0.0
-fai	0.300065923357	0.632348304623	0.0439393505116	0.0236464215082
-fan	0.2491283889	0.037024561721	0.0146610137641	0.699186035615
-ɔda	0.0	0.955555555556	0.0444444444444	0.0
-666	0.13829787234	0.0957446808511	0.0	0.765957446809
-uda	0.0375816993464	0.941176470588	0.00816993464053	0.0130718954248
-fau	0.602739726027	0.397260273973	0.0	0.0
-udi	0.0	1.0	0.0	0.0
-abu	0.1875	0.7	0.0375	0.075
-nɛn	0.194159713945	0.608700834327	0.134922526818	0.0622169249106
-amɔ	0.235576923077	0.663461538462	0.0865384615384	0.0144230769231
-nɔɛ	0.497437709843	0.268421982683	0.0326912882135	0.201449019261
-aba	0.6	0.4	0.0	0.0
-woo	0.202568667111	0.648128245969	0.115353030979	0.0339500559404
-woa	0.326923076923	0.576923076923	0.0576923076923	0.0384615384615
-woe	0.213356461405	0.712055507372	0.0173460537728	0.0572419774501
-abi	0.0366598778004	0.955193482688	0.0040733197556	0.0040733197556
-koe	0.111033847072	0.142698755354	0.012859616062	0.733407781512
-ɔmɛ	0.0	0.333333333333	0.565217391304	0.101449275362
-koa	0.287003940215	0.646228532478	0.0529518362733	0.0138156910339
-gbe	0.0565560428822	0.195653181829	0.269108000232	0.478682775057
-tui	0.214803038332	0.656686097863	0.123211446741	0.00529941706413
-koo	0.0918818460679	0.596287663179	0.24879796947	0.0630325212831
-kon	0.267880813786	0.336695291338	0.356405970837	0.039017924039
-gbo	0.16548463357	0.721040189125	0.0780141843972	0.0354609929078
-tun	0.437188503438	0.135718929141	0.0438114374643	0.383281129957
-aen	0.299106098524	0.357975734336	0.257935637274	0.084982529866
-kou	0.392405063291	0.588607594937	0.0	0.0189873417722
-soo	0.0804637681159	0.875710144928	0.0229565217391	0.0208695652174
-son	0.0808195448301	0.724807359178	0.151245445314	0.043127650678
-tuu	0.0308219178082	0.955479452055	0.0102739726027	0.00342465753426
-gbu	0.249024991548	0.302760115686	0.0834573932401	0.364757499527
-soe	0.0518593854598	0.82885262196	0.110448324605	0.00883966797609
-fɔɛ	0.262349374704	0.624123518125	0.0841079660827	0.0294191410886
-eɔn	0.169491525424	0.830508474576	0.0	0.0
-yɛn	0.715318521949	0.206672106874	0.0127318897512	0.0652774814253
-yɛi	0.492489270386	0.261802575107	0.194206008584	0.0515021459227
-ɛki	0.0287705389681	0.957803209513	0.0134262515185	0.0
-omi	0.0828815994398	0.739149331756	0.170725229086	0.00724383971797
-ɛka	0.180469715698	0.620210135971	0.132571075402	0.0667490729295
-oma	0.0602659811143	0.893854748603	0.0313442428437	0.0145350274386
-ome	0.0550458715596	0.935779816514	0.00917431192661	0.0
-ɔ‑a	0.498193573644	0.164860340513	0.0343251808737	0.302620904969
-usɛ	0.201845009554	0.579131682208	0.0429457467135	0.176077561525
-oda	0.147759771211	0.837940896092	0.0142993326978	0.0
-ɛtɛ	0.173638132296	0.735894941634	0.0131322957198	0.0773346303503
-hɔn	0.0270548262398	0.946524064171	0.0145754829652	0.0118456266239
-sɛɛ	0.561904761905	0.419047619048	0.0	0.0190476190476
-wɛn	0.16437557173	0.137503848031	0.019820244313	0.678300335927
-gba	0.265465347092	0.412630749088	0.0833528078499	0.23855109597
-pai	0.0506050605061	0.919691969197	0.00330033003301	0.026402640264
-duu	0.153669477033	0.599529990158	0.0167958795883	0.230004653221
-pan	0.354889589905	0.382492113565	0.0749211356467	0.187697160883
-paa	0.178542834267	0.626901521217	0.136909527622	0.0576461168935
-ɛsɛ	0.0498528779702	0.150166200901	0.719577209409	0.0804037117203
-dua	0.315054644935	0.579674602042	0.068991244836	0.0362795081879
-piɔ	0.328296826106	0.647384890478	0.0243182834153	0.0
-waa	0.228297421255	0.614758180412	0.100123791139	0.0568206071932
-uɛɛ	0.0659599528857	0.901060070671	0.0164899882214	0.0164899882214
-wan	0.307616226357	0.0085249476022	0.0195439499348	0.664314876106
-wai	0.347139094475	0.584229764544	0.0320305186524	0.0366006223294
-nun	0.425448442953	0.359810175821	0.13369934873	0.0810420324968
-gbi	0.292525014715	0.389640965274	0.310771041789	0.00706297822248
-anɔ	0.0	1.0	0.0	0.0
-kea	0.020202020202	0.979797979798	0.0	0.0
-sen	0.103913444735	0.878119661476	0.0103088734856	0.00765802030355
-nfɛ	0.111784345245	0.689625324595	0.0630641770743	0.135526153085
-ken	0.00555555555555	0.95	0.0111111111111	0.0333333333333
-suu	0.176716917923	0.810720268007	0.00753768844221	0.00502512562815
-anɛ	0.190239198418	0.600629410329	0.105226545802	0.103904845451
-sun	0.428328611898	0.300283286119	0.0883852691218	0.183002832861
-onɛ	0.071524283182	0.840117866474	0.0770374602001	0.0113203901439
-sua	0.12030075188	0.503759398496	0.345864661654	0.0300751879699
-dia	0.18475450875	0.656226463264	0.112947104837	0.0460719231494
-ɔpu	0.0421537371591	0.924902585901	0.0308182784272	0.00212539851222
-dio	0.0909090909091	0.848484848485	0.0	0.0606060606061
-dii	0.342105263158	0.184210526316	0.473684210526	0.0
-owɛ	0.0845070422535	0.887323943662	0.0	0.0281690140845
-fee	0.715461811189	0.271317829457	0.00480740340124	0.00841295595216
-ɛmɛ	0.0637663072093	0.267096975488	0.0291530976385	0.639983619664
-ɔpi	0.00579494799406	0.987964338782	0.0035661218425	0.00267459138187
-fea	0.0154839629346	0.0176816960404	0.00614902284359	0.960685318181
-fen	0.111302508613	0.38413522916	0.0206130857363	0.48394917649
-ɛen	0.299203104615	0.439261334162	0.193404175132	0.0681313860903
-ɔpa	0.108829021072	0.878901040277	0.00320085356095	0.00906908508936
-ɔfɛ	0.628571428571	0.128571428571	0.2	0.0428571428571
-uku	0.0093023255814	0.925581395349	0.0	0.0651162790698
-enɛ	0.194919500325	0.623981952221	0.123608425997	0.0574901214574
-afu	0.329192546584	0.111801242236	0.55900621118	0.0
-afi	0.458122321776	0.420335021426	0.0747954811063	0.0467471756915
-ɔsɔ	0.470268879139	0.375887480902	0.114095933724	0.0397477062346
-tɛɛ	0.210014947683	0.475585450922	0.237917289487	0.0764823119083
-ɔin	0.660550458716	0.217889908257	0.0825688073395	0.0389908256881
-ɔna	0.144546902291	0.7166212884	0.0480324668653	0.0907993424433
-efe	0.1	0.833333333333	0.0333333333333	0.0333333333333
-tia	0.0542168674698	0.915662650602	0.0180722891566	0.0120481927711
-ini	0.113310589	0.796985194709	0.0299014054305	0.0598028108609
-tin	0.381646655232	0.552315608919	0.0222984562607	0.0437392795883
-ain	0.432477623422	0.383800719576	0.0475176755603	0.136203981442
-tii	0.0992700729927	0.617518248175	0.122627737226	0.160583941606
-ndɛ	0.106201015453	0.296620399729	0.486373329684	0.110805255133
-ema	0.152173913043	0.557971014493	0.217391304348	0.0724637681159
-uwa	0.201492537313	0.708955223881	0.0149253731343	0.0746268656716
-ndɔ	0.0498215492652	0.0826019259687	0.061048172885	0.806528351881
-ifɛ	0.0610850064075	0.938914993593	0.0	0.0
-mɔɛ	0.0220483743029	0.378576436234	0.00583655120122	0.593538638262
-uɔn	0.48275862069	0.51724137931	0.0	0.0
-mɔɔ	0.148253261415	0.136869668841	0.0450796537883	0.669797415956
-ɔɛɛ	0.016838332681	0.9464437172	0.0344926198091	0.00222533031026
-iyɛ	0.0	1.0	0.0	0.0
-000	0.203049335954	0.248585606751	0.0171405283598	0.531224528935
-pɛn	0.127981177142	0.162584815752	0.185970791297	0.523463215809
-chɛ	0.0304545442418	0.0189938170726	0.00370004934384	0.946851589342
-‑da	0.605975658435	0.187117071012	0.0671030295427	0.139804241011
-eti	0.0709637192627	0.878375745294	0.031370562332	0.019289973111
-bui	0.658966654452	0.145987541224	0.0152729937706	0.179772810553
-bun	0.588455647328	0.252499477704	0.0642451515886	0.0947997233789
-uya	0.0879413989411	0.593309181629	0.293867855674	0.0248815637565
-ŋaa	0.219512195122	0.703012912482	0.0774748923959	0.0
-bua	0.196078431373	0.542483660131	0.248366013072	0.0130718954248
-ata	0.0196807080165	0.961151993741	0.0123707307532	0.00679656748894
-ati	0.0160695717932	0.983930428207	0.0	0.0
-kai	0.413782444571	0.530216129319	0.0185681066702	0.0374333194391
-edi	0.0376569037657	0.937238493724	0.0	0.0251046025104
-osa	0.438489646772	0.472594397077	0.0383678440926	0.0505481120584
-kan	0.292010663148	0.371846091353	0.0525164815624	0.283626763937
-ɛɛn	0.0308430431803	0.946538725154	0.00822481151473	0.0143934201508
-oso	0.0769230769231	0.314102564103	0.211538461538	0.397435897436
-ɔto	0.353603603603	0.612612612613	0.0202702702703	0.0135135135135
-pii	0.67335243553	0.137535816619	0.120343839542	0.0687679083095
-nia	0.145949408395	0.580274591799	0.248879032161	0.024896967646
-ɔtu	0.145454545455	0.636363636364	0.127272727273	0.0909090909091
-nii	0.667867410255	0.0385400513654	0.0162994358576	0.277293102522
-nin	0.0852039685904	0.120710710553	0.0814975898507	0.712587731005
-kau	0.0394381917961	0.909775834806	0.00837131429636	0.0424146591015
-fii	0.376930742402	0.426880916791	0.130792227205	0.0653961136024
-fia	0.132281357989	0.812044044242	0.0375911911515	0.0180834066165
-yua	0.12820904179	0.805122256479	0.0666687017308	0.0
-fɔn	0.235294117647	0.573529411765	0.0	0.191176470588
-koɔ	0.772573088847	0.155533621565	0.0341011774846	0.0377921121043
-gbɔ	0.266011316687	0.576996976719	0.141846462403	0.0151452441908
-ɔma	0.213618498178	0.214613361344	0.469976827128	0.10179131335
-yuu	0.40825368926	0.44023948149	0.0975868761214	0.053919953129
-koɛ	0.223770231026	0.705999709204	0.0464769392161	0.0237531205534
-ɔbu	0.1875	0.78125	0.0	0.03125
-oan	0.818260120586	0.131352282515	0.0409130060293	0.00947459086995
-nɔn	0.337341967314	0.467776749923	0.139993832871	0.0548874498921
-eba	0.0121212121212	0.939393939394	0.0484848484848	0.0
-aon	0.0	0.967741935484	0.0322580645161	0.0
-ami	0.0318962398063	0.92975034095	0.0334131203206	0.00494029892287
-ama	0.11363041945	0.450585064877	0.37726737847	0.0585171372029
-buu	0.256260362762	0.703398932575	0.0193776310606	0.0209630736019
-yan	0.379101172972	0.282245502109	0.266451901403	0.072201423516
-nɛɛ	0.0274259031795	0.960384806518	0.00609464515101	0.006094645151
-hii	0.493975747916	0.333438152879	0.0801007990695	0.0924853001356
-usi	0.405894842013	0.522917447234	0.0711877107531	0.0
-hin	0.236560395402	0.699085828254	0.0532394657157	0.0111143106285
-hia	0.194918057653	0.47735697194	0.0732333279385	0.254491642469
-usa	0.302788844621	0.517928286853	0.119521912351	0.0597609561753
-ɛti	0.0257548575425	0.961616038759	0.0055341016207	0.00709500207782
-pɔɔ	0.0617880292373	0.861015721969	0.0220486829403	0.055147565853
-ɔɔɛ	0.138002528203	0.335508800827	0.0324644232058	0.494024247764
-usu	0.0508077418781	0.740732634105	0.0208007421892	0.187658881827
-ɛkɔ	0.411234517648	0.511659010293	0.0385532360295	0.0385532360295
-epi	0.0493827160494	0.771604938272	0.179012345679	0.0
-ɔta	0.0	0.98418972332	0.0158102766798	0.0
-yɛɛ	0.0820006805036	0.82885335148	0.0139503232392	0.0751956447772
-kaa	0.409370411265	0.533897166794	0.0305707011493	0.0261617207924
-win	0.284615384615	0.65	0.0423076923077	0.0230769230769
-wii	0.0321463236538	0.952626470405	0.0109529025192	0.00427430342212
-osi	0.0367293397464	0.954088325317	0.00918233493659	0.0
-uɛn	0.649038461538	0.115384615385	0.0336538461539	0.201923076923
-ɛsa	0.0243902439025	0.935975609756	0.00914634146341	0.0304878048781
-ɛsi	0.0830683044962	0.792329238759	0.11436115893	0.0102412978146
-iɛɛ	0.187772925764	0.799126637555	0.0	0.0131004366812
-uen	0.15187337207	0.539370867562	0.208775796434	0.0999799639352
-sɛi	0.0219435736677	0.198119122257	0.161755485893	0.618181818182
-ean	0.0321357073219	0.0627303152102	0.859094315694	0.0460396617735
-bea	0.563171947215	0.27091157298	0.0523412957308	0.113575184074
-wɛɛ	0.0798236479675	0.0733307402506	0.0742650017755	0.772580610006
-sɛn	0.11916546496	0.773942315092	0.0449393196926	0.0619529002551
-iin	0.065774597261	0.154407620218	0.0249420788665	0.754875703655
-owa	0.0440744368266	0.952987267385	0.0	0.00293829578844
-ɔfu	0.177531206657	0.68932038835	0.124826629681	0.00832177531207
-ɔpɔ	0.133592710559	0.804318026045	0.0391081723985	0.0229810909971
-ɛma	0.394572025052	0.567849686848	0.0250521920668	0.0125260960334
-one	0.0466926070039	0.72373540856	0.0466926070039	0.182879377432
-anu	0.0144027533575	0.689312034716	0.286745725936	0.00953948599004
-ona	0.149873013998	0.750900714665	0.0800011812651	0.0192250900715
-dau	0.466666666667	0.155555555555	0.355555555556	0.0222222222222
-ɛba	0.0	1.0	0.0	0.0
-ana	0.155401900904	0.674646349587	0.053166586714	0.116785162795
-dan	0.518305989432	0.320593953423	0.072520518278	0.0885795388667
-dai	0.241379310345	0.586206896552	0.137931034483	0.0344827586207
-ani	0.249486399868	0.684655388986	0.0461359660965	0.0197222450489
-nfo	0.374357509994	0.560536836094	0.065105653912	0.0
-daa	0.0393309222423	0.943037974684	0.00949367088608	0.00813743218807
-tan	0.419521515332	0.10460672923	0.0139276858856	0.461944069552
-tai	0.0789209857546	0.856438413653	0.0330488913758	0.0315917092164
-taa	0.0549464565262	0.847083281553	0.037508896751	0.0604613651693
-yin	0.159728068041	0.151177457564	0.494228633512	0.194865840883
-yii	0.290854808091	0.544330551341	0.0176051031472	0.147209537421
-ɔnɔ	0.38023255814	0.48023255814	0.139534883721	0.0
-ɔnɛ	0.260647379017	0.610534256948	0.0860937119251	0.0427246521094
-yia	0.133252861715	0.82067487658	0.0272608907937	0.0188113709109
-mia	0.0705993096956	0.775128124673	0.132308335948	0.0219642296831
-ɛdo	0.319526627219	0.644970414201	0.0355029585799	0.0
-tɛn	0.45889950222	0.370240817974	0.137225884569	0.0336337952375
-min	0.189607304762	0.104101474517	0.00674481732343	0.699546403398
-miu	0.0134228187919	0.973154362416	0.0134228187919	0.0
-oee	0.105580693816	0.73604826546	0.11161387632	0.0467571644042
-ene	0.0344827586207	0.931034482759	0.0	0.0344827586207
-ena	0.119324959838	0.0490157878498	0.0160903762749	0.815568876038
