-굴려내	0.724137931034	0.275862068966	0.0	0.0
-니거나	0.421348314607	0.512640449438	0.0660112359551	0.0
-므암을	0.0	1.0	0.0	0.0
-저자로	0.245737211635	0.679037111334	0.075225677031	0.0
-승들아	0.0	1.0	0.0	0.0
-새우니	0.0	0.75	0.25	0.0
-방패가	0.0	0.957446808511	0.0	0.0425531914893
-건이나	0.030353200883	0.969646799117	0.0	0.0
-소리도	0.193619361936	0.80198019802	0.00440044004401	0.0
-시고자	0.367660764212	0.520503261882	0.0279589934762	0.0838769804288
-주리라	0.591990995906	0.0283447138567	0.0	0.379664290238
-엘리의	0.0	1.0	0.0	0.0
-고러라	0.471366828741	0.451917882226	0.0605078336034	0.0162074554295
-판지라	0.666666666667	0.333333333333	0.0	0.0
-비유도	0.433467741935	0.556451612903	0.0	0.0100806451613
-드락과	0.0	1.0	0.0	0.0
-았으나	0.468622857847	0.236624770499	0.052131406465	0.242620965189
-등유와	0.0	1.0	0.0	0.0
-울리라	0.0	1.0	0.0	0.0
-압으로	0.823529411765	0.176470588235	0.0	0.0
-오하며	0.803767660911	0.117739403454	0.0784929356358	0.0
-르마와	0.0	1.0	0.0	0.0
-오세를	0.090909090909	0.424242424242	0.0	0.484848484849
-다수가	0.234375	0.309375	0.33125	0.125
-학파의	0.0	0.475088967972	0.524911032028	0.0
-이김이	0.0	1.0	0.0	0.0
-우벤과	0.0	1.0	0.0	0.0
-갈대나	0.0	1.0	0.0	0.0
-언서와	0.0514285714286	0.948571428571	0.0	0.0
-수효에	0.0	0.75	0.0	0.25
-야바가	0.0579345088161	0.891687657431	0.0302267002519	0.0201511335012
-랬더니	0.396268761397	0.366671342404	0.00841632767569	0.228643568523
-돌짝을	0.14291901256	0.818103074924	0.0389779125162	0.0
-르오니	0.929824561404	0.0350877192982	0.0	0.0350877192982
-양에게	0.238602997991	0.552773914387	0.0324524802967	0.176170607325
-손하여	0.426991150443	0.407079646018	0.049778761062	0.116150442478
-괴로운	0.353304674906	0.31757119828	0.256582482536	0.0725416442773
-스도도	0.102050011264	0.650596981302	0.0148682135616	0.232484793872
-드리실	0.507628294036	0.211511789182	0.0416088765603	0.239251040222
-바락도	0.363636363636	0.636363636364	0.0	0.0
-스다구	0.0	1.0	0.0	0.0
-아셨다	0.841688654354	0.0633245382586	0.0316622691293	0.0633245382586
-쉬도록	0.193181818182	0.460227272727	0.210227272727	0.136363636364
-블라댜	0.0	1.0	0.0	0.0
-승같이	0.0	0.27868852459	0.254098360656	0.467213114754
-평으로	0.301724137931	0.531609195402	0.0632183908047	0.103448275862
-주님에	0.247619047619	0.485714285714	0.157142857143	0.109523809524
-흙이요	0.0	1.0	0.0	0.0
-하고자	0.537665020579	0.208448766709	0.0660114195356	0.187874793176
-빌가와	0.0	1.0	0.0	0.0
-끼에게	0.0	1.0	0.0	0.0
-승같은	0.0	1.0	0.0	0.0
-브아의	0.0	0.923076923077	0.0	0.0769230769231
-심겨진	0.134432466709	0.577045022194	0.266328471782	0.0221940393151
-오해케	0.647482014389	0.287769784173	0.0647482014389	0.0
-말리라	1.0	0.0	0.0	0.0
-접하라	0.584524030432	0.211356466877	0.0389682686955	0.165151233995
-고향과	0.0350370981039	0.734542456719	0.111706512778	0.118713932399
-년수를	0.0	1.0	0.0	0.0
-제사를	0.274203256926	0.725308692186	0.0	0.00048805088744
-에히와	0.0	1.0	0.0	0.0
-어지나	0.481715893108	0.40576652602	0.0	0.112517580872
-욕되는	0.230337078652	0.449438202247	0.185393258427	0.134831460674
-번이요	0.200694225308	0.706216472073	0.0142000631114	0.0788892395077
-배양도	0.875	0.0	0.125	0.0
-랑물을	0.4	0.6	0.0	0.0
-들였고	0.484293193717	0.188481675393	0.32722513089	0.0
-기세덱	0.0894153611005	0.821933511655	0.0137562094001	0.0748949178448
-8일쯤	0.0	0.15873015873	0.0	0.84126984127
-드로아	0.0	1.0	0.0	0.0
-석하여	0.355731225296	0.537549407115	0.0355731225297	0.0711462450593
-행장을	0.76322418136	0.105793450882	0.120906801008	0.0100755667506
-번에도	0.24644549763	0.175355450237	0.151658767772	0.42654028436
-어둑한	0.0	0.846153846154	0.0	0.153846153846
-스다고	0.00698080279232	0.993019197208	0.0	0.0
-소리다	0.24088748019	0.625990491284	0.0570522979398	0.0760697305864
-한듯이	0.21875	0.6875	0.09375	0.0
-라기에	0.222222222222	0.777777777778	0.0	0.0
-하룻길	0.0	0.0769230769231	0.923076923077	0.0
-진보를	0.0816326530612	0.714285714286	0.122448979592	0.0816326530612
-이땅을	0.0	0.333333333333	0.0	0.666666666667
-구세를	0.0	0.333333333333	0.0	0.666666666667
-복장을	0.636363636364	0.363636363636	0.0	0.0
-을지며	0.336734693878	0.479591836734	0.061224489796	0.122448979592
-편집한	1.0	0.0	0.0	0.0
-곡하매	0.803278688525	0.163934426229	0.0327868852459	0.0
-므온도	0.571428571428	0.428571428572	0.0	0.0
-비야를	0.074074074074	0.851851851852	0.0740740740741	0.0
-섯개와	0.0312907431551	0.734028683181	0.0156453715776	0.219035202086
-복장이	0.0	1.0	0.0	0.0
-밀치려	0.571428571429	0.428571428571	0.0	0.0
-모해서	0.791237113402	0.208762886598	0.0	0.0
-죄수가	0.0994285714286	0.709714285714	0.161142857143	0.0297142857143
-신중에	0.0	0.555555555556	0.0	0.444444444444
-은혜와	0.0391207705606	0.74729562855	0.0397135095085	0.173870091381
-런함을	0.0	0.75	0.25	0.0
-이냐고	0.572419774501	0.209019947962	0.0104076322636	0.208152645273
-까하라	0.6	0.4	0.0	0.0
-학파와	0.0	0.325153374233	0.674846625767	0.0
-벌이를	0.258293329512	0.670655107354	0.0710515631344	0.0
-권하매	0.714285714286	0.285714285714	0.0	0.0
-타나는	0.362512873326	0.306900102987	0.0648815653965	0.26570545829
-브가로	0.5	0.25	0.0	0.25
-사라를	0.0389256520047	0.657843518879	0.0319190346438	0.271311794473
-하심을	0.5140158973	0.275742462459	0.0709979229818	0.139243717258
-초석은	0.278702338319	0.662313039815	0.0	0.0589846218665
-하심은	0.50384934391	0.313785329959	0.0416835031156	0.140681823015
-행으로	0.111624171853	0.579200963662	0.267014655692	0.0421602087934
-무리가	0.0752921244186	0.67819313057	0.0148633435003	0.231651401512
-초석이	0.030303030303	0.878787878788	0.0	0.0909090909091
-하심이	0.292530437644	0.385866093723	0.0615527553569	0.260050713276
-비유는	0.182835820896	0.738805970149	0.0559701492537	0.0223880597015
-초석인	0.0	0.333333333334	0.666666666666	0.0
-하심인	0.878481012658	0.0911392405063	0.0	0.0303797468354
-벨라는	0.0	1.0	0.0	0.0
-소리는	0.130861068499	0.810778363236	0.0223437604215	0.0360168078437
-두마에	0.0	1.0	0.0	0.0
-언서의	0.261862130707	0.644136078782	0.0134288272158	0.0805729632946
-가보다	0.23178807947	0.453642384106	0.314569536424	0.0
-군대여	0.0	0.853658536585	0.146341463415	0.0
-스도니	0.191616766467	0.666666666667	0.063872255489	0.0778443113772
-성전이	0.08447265625	0.8994140625	0.01171875	0.00439453125
-지르매	1.0	0.0	0.0	0.0
-태라는	0.0416666666667	0.958333333333	0.0	0.0
-해졌고	0.611265120968	0.145287298387	0.216985887097	0.0264616935484
-음란과	0.0126091173618	0.565955383123	0.403976721629	0.0174587778856
-번에는	0.382892515475	0.109735509285	0.117388857625	0.389983117614
-라임산	0.285714285714	0.714285714286	0.0	0.0
-마아갓	0.0	1.0	0.0	0.0
-집게와	0.0	1.0	0.0	0.0
-가보니	0.5	0.5	0.0	0.0
-간막이	0.0	0.255555555556	0.222222222222	0.522222222222
-어미는	0.0658489347966	0.911555842479	0.0225952227243	0.0
-당하나	0.587639311044	0.331306990882	0.0202634245187	0.0607902735562
-어가자	0.540614709111	0.167947310648	0.0148188803513	0.27661909989
-마아가	0.0571428571428	0.942857142857	0.0	0.0
-세일도	0.0	0.705882352941	0.0	0.294117647059
-찍히지	0.0567823343848	0.763406940063	0.179810725552	0.0
-리후요	0.0	1.0	0.0	0.0
-깝든지	0.0	0.142857142857	0.0	0.857142857143
-더듬어	0.460964019009	0.115410726409	0.0597420230822	0.3638832315
-두라라	0.0	1.0	0.0	0.0
-스도는	0.254852287444	0.59510964682	0.00781003885331	0.142228026882
-생장한	0.878048780488	0.121951219512	0.0	0.0
-입술만	0.0	0.571428571428	0.0	0.428571428572
-넬료라	0.0	0.55303030303	0.401515151515	0.0454545454546
-정하여	0.568729697384	0.224824756369	0.0884766626774	0.11796888357
-스다가	0.0	1.0	0.0	0.0
-하옵는	0.388888888889	0.230961298377	0.0262172284644	0.35393258427
-성숙한	0.135759272218	0.0251924422673	0.729881035689	0.109167249825
-예후는	0.095238095238	0.904761904762	0.0	0.0
-제사로	0.249702734839	0.542211652794	0.0603023611347	0.147783251232
-에벨과	0.0	1.0	0.0	0.0
-당하냐	0.646048109966	0.127147766323	0.164948453608	0.0618556701031
-uċi	0.687575392039	0.118214716526	0.021712907117	0.172496984318
-져오면	0.6	0.4	0.0	0.0
-새에게	0.0385645420461	0.854311730048	0.0321371183718	0.0749866095338
-파수할	0.625	0.375	0.0	0.0
-모함은	0.117647058823	0.529411764707	0.0	0.35294117647
-승들의	1.0	0.0	0.0	0.0
-파들의	0.0	1.0	0.0	0.0
-와주어	0.27002967359	0.72997032641	0.0	0.0
-구주를	0.064367816092	0.707279693487	0.0934865900383	0.134865900383
-무녀의	0.0	1.0	0.0	0.0
-승들을	0.0218886804253	0.641025641026	0.299562226392	0.0375234521576
-이쳐도	0.328167730173	0.617137648131	0.0	0.0546946216955
-승들은	0.454545454546	0.545454545454	0.0	0.0
-압디와	0.0	1.0	0.0	0.0
-나더라	0.30615640599	0.339434276206	0.124792013311	0.229617304493
-기하는	0.374840134868	0.433089175677	0.137425880712	0.0546448087432
-승들이	0.117647058824	0.523809523809	0.324929971989	0.0336134453782
-군대와	0.0319634703197	0.881278538813	0.0365296803653	0.0502283105022
-신이는	0.2	0.175	0.3	0.325
-싸움은	0.270610446822	0.714285714286	0.0151038388924	0.0
-보니와	0.0	1.0	0.0	0.0
-싸우라	0.46921797005	0.485856905158	0.044925124792	0.0
-채우자	0.0926640926641	0.907335907336	0.0	0.0
-용해야	0.294383149448	0.289368104313	0.356068204614	0.0601805416249
-폈으면	0.31914893617	0.0	0.0425531914894	0.63829787234
-민들도	0.571428571429	0.142857142857	0.285714285714	0.0
-폈으며	0.44	0.384680851064	0.0987234042553	0.0765957446808
-짓되다	0.8	0.0	0.2	0.0
-밭이요	0.0394736842105	0.921052631579	0.0394736842105	0.0
-하고야	0.686354378819	0.179226069246	0.0	0.134419551935
-혼란케	0.64406779661	0.237288135593	0.0508474576271	0.0677966101695
-팔아도	0.75	0.25	0.0	0.0
-남쪽과	0.0746268656716	0.238805970149	0.044776119403	0.641791044776
-져오매	0.758620689655	0.241379310345	0.0	0.0
-toŋ	0.324200913242	0.287671232877	0.0	0.388127853881
-았으니	0.534892682363	0.171656840456	0.0450335889433	0.248416888238
-갖추지	0.530020703934	0.248447204969	0.1966873706	0.0248447204969
-멍에서	0.170627666057	0.711862685354	0.110400162503	0.00710948608571
-태하게	1.0	0.0	0.0	0.0
-행장에	0.0	1.0	0.0	0.0
-당하던	0.490357029009	0.375757092764	0.0334714695569	0.100414408671
-시기로	0.235317779565	0.258748994368	0.0564159292036	0.449517296862
-반대로	0.0	1.0	0.0	0.0
-흉패를	0.0645161290322	0.935483870968	0.0	0.0
-괴로이	0.241312741313	0.594594594595	0.11583011583	0.0482625482626
-흘러야	0.0	1.0	0.0	0.0
-어지니	0.719518927403	0.162999547174	0.0696022622318	0.0478792631913
-곡하며	0.742358603368	0.168053644497	0.0399569786516	0.049630773483
-이신다	0.671112372304	0.328887627696	0.0	0.0
-천천인	0.285714285714	0.714285714286	0.0	0.0
-쁘므로	0.315789473684	0.349282296651	0.133971291866	0.200956937799
-상한과	0.363636363636	0.272727272727	0.363636363636	0.0
-거만과	0.0	1.0	0.0	0.0
-햇수는	0.375	0.25	0.0	0.375
-죄하러	0.6	0.0999999999999	0.0	0.3
-시마다	0.859813084112	0.11214953271	0.0280373831776	0.0
-이웃들	0.333333333333	0.0	0.0	0.666666666667
-나더러	0.209280451481	0.0667816272143	0.00940586298793	0.714532058316
-굴이며	0.0	0.636363636364	0.0	0.363636363636
-렀구나	1.0	0.0	0.0	0.0
-팔뚝에	0.117647058823	0.176470588235	0.705882352941	0.0
-짓되니	0.0	0.777777777778	0.222222222222	0.0
-고벨화	0.0	1.0	0.0	0.0
-귀고자	0.963636363636	0.0363636363636	0.0	0.0
-막아서	0.82919520548	0.0937499999999	0.0770547945206	0.0
-무대로	0.24	0.72	0.04	0.0
-하녹과	0.0	1.0	0.0	0.0
-어지는	0.573997044497	0.279596081222	0.0678671118166	0.0785397624651
-손자며	0.0	1.0	0.0	0.0
-갓이라	0.0	0.25	0.5	0.25
-지어낸	0.714285714286	0.285714285714	0.0	0.0
-탔구나	0.727272727273	0.272727272727	0.0	0.0
-셨은즉	0.499516117025	0.213652944242	0.098488796248	0.188342142485
-늙으니	0.375	0.25	0.375000000001	0.0
-묘지를	0.12030075188	0.834586466166	0.0451127819549	0.0
-대회라	0.0	0.0	1.0	0.0
-벌린즉	0.333333333333	0.666666666667	0.0	0.0
-드로의	0.0403410954411	0.563627418826	0.0659232535257	0.330108232207
-주발과	0.427112349118	0.517177344475	0.0557103064067	0.0
-요김과	0.0	1.0	0.0	0.0
-건들이	0.0	0.971537001898	0.0	0.0284629981025
-소발과	0.0	1.0	0.0	0.0
-심한줄	0.0	1.0	0.0	0.0
-흐르게	0.405405405405	0.432432432433	0.0	0.162162162162
-니할까	0.3	0.45	0.25	0.0
-져라’	0.688989053445	0.248551191243	0.0096587250483	0.052801030264
-이신데	0.885869565217	0.114130434783	0.0	0.0
-어내신	0.390410958904	0.445205479452	0.0	0.164383561644
-바람과	0.00287742183004	0.98561289085	0.0115096873201	0.0
-리어로	0.0252100840336	0.974789915966	0.0	0.0
-구주로	0.0380952380952	0.904761904762	0.0095238095238	0.0476190476191
-군대의	0.0286209887251	0.830008673027	0.0997398091934	0.0416305290546
-건들을	0.383870967742	0.422580645161	0.092741935484	0.100806451613
-압디의	0.0	1.0	0.0	0.0
-마스길	0.0131004366812	0.637554585153	0.0	0.349344978166
-었더냐	0.632175861103	0.243209185102	0.0322038644637	0.0924110893307
-쩌귀를	0.333333333333	0.666666666667	0.0	0.0
-ton	0.0538922155689	0.890718562874	0.0239520958084	0.0314371257485
-해졌기	0.475504322767	0.250720461095	0.21325648415	0.0605187319885
-tok	0.0720576461169	0.709367493995	0.0	0.218574859888
-물리친	0.75	0.0	0.0	0.25
-고스요	0.0	1.0	0.0	0.0
-tor	0.0335529322588	0.851742857461	0.0280908270073	0.0866133832726
-릅쓰며	0.4	0.6	0.0	0.0
-높이라	0.705882352941	0.294117647059	0.0	0.0
-시기를	0.451419479285	0.16268146622	0.027867871907	0.358031182589
-흉패로	0.6	0.1	0.0	0.3
-toy	0.461788405	0.0377304297949	0.00947034769282	0.491010817513
-호담과	0.0	1.0	0.0	0.0
-육분지	0.0	0.0	1.0	0.0
-아하면	0.75	0.25	0.0	0.0
-위로로	0.182316118936	0.735035211268	0.0327660406886	0.049882629108
-제비는	0.0	1.0	0.0	0.0
-물리칠	0.658536585366	0.195121951219	0.146341463415	0.0
-목재와	0.0	0.940868553703	0.059131446297	0.0
-흐르고	0.229948426107	0.528543482127	0.126978481238	0.114529610528
-어째서	0.0992971488767	0.00512891360285	0.00207228832438	0.893501649196
-끝내는	0.0103092783505	0.0412371134021	0.515463917526	0.432989690722
-길함을	0.333333333334	0.5	0.0	0.166666666667
-이땅에	0.483870967742	0.193548387097	0.322580645161	0.0
-사체의	0.25	0.75	0.0	0.0
-뽑기도	0.666666666667	0.333333333334	0.0	0.0
-나아갈	0.395120405577	0.425855513308	0.0345373891001	0.144486692015
-각이라	0.236842105263	0.736842105263	0.0263157894737	0.0
-나아간	0.541899441341	0.368715083799	0.0670391061453	0.0223463687151
-류인과	0.5	0.5	0.0	0.0
-풀겠고	0.428571428571	0.142857142857	0.0	0.428571428571
-적에게	0.127817853923	0.845130748422	0.0135256988278	0.0135256988278
-나아가	0.572759162937	0.0370146365066	0.00145155437281	0.388774646184
-신중인	0.151898734177	0.183544303797	0.455696202532	0.208860759494
-스도냐	0.345652173913	0.439130434783	0.0586956521739	0.15652173913
-금속과	0.0533049040512	0.351812366738	0.509594882729	0.0852878464818
-게에게	0.0212765957447	0.978723404255	0.0	0.0
-붙박이	0.4	0.6	0.0	0.0
-신분이	0.302460818382	0.563506134316	0.134033047302	0.0
-베스에	0.0	1.0	0.0	0.0
-말리되	0.833333333333	0.166666666667	0.0	0.0
-장마다	0.274317704689	0.317704688593	0.100769769069	0.307207837649
-서슴지	0.303225806452	0.503225806452	0.0774193548387	0.116129032258
-으시사	0.357142857143	0.642857142857	0.0	0.0
-괴로울	0.483870967742	0.516129032258	0.0	0.0
-당하는	0.458723956758	0.239120003548	0.0715521308382	0.230603908855
-림받지	0.820143884892	0.0	0.0431654676259	0.136690647482
-로마군	0.552100032062	0.380570695736	0.0	0.0673292722026
-시더냐	0.5	0.5	0.0	0.0
-하심에	0.31059375564	0.604584010107	0.0609095831077	0.023912651146
-괴로움	0.825503355705	0.0604026845638	0.0604026845637	0.0536912751678
-학대도	0.375	0.5	0.125	0.0
-묘지로	0.206491712707	0.772790055249	0.0207182320442	0.0
-지키어	0.567668173358	0.174421696357	0.0438713108216	0.214038819463
-지르며	0.472563605002	0.150118585597	0.26142733937	0.11589047003
-힘보다	0.0	0.636363636364	0.0	0.363636363636
-보아에	0.0	1.0	0.0	0.0
-드로와	0.0143523501973	0.931826336563	0.00358808754933	0.0502332256907
-당하니	0.425571803525	0.24446944132	0.247469066367	0.0824896887889
-시기만	0.395209580838	0.350898203593	0.0538922155689	0.2
-왔는데	0.287262401484	0.388676402411	0.0770746407047	0.246986555401
-언서에	0.327669902913	0.577669902913	0.0	0.0946601941747
-세시켜	0.514285714286	0.4	0.0857142857141	0.0
-직업은	0.0	1.0	0.0	0.0
-무한한	0.25	0.375	0.375	0.0
-기만과	0.294573643411	0.635658914729	0.0697674418605	0.0
-족들에	0.0	1.0	0.0	0.0
-수사자	0.0	1.0	0.0	0.0
-두기에	0.410041841004	0.573221757322	0.0	0.0167364016736
-우유와	0.428571428572	0.571428571428	0.0	0.0
-모셨다	0.667304015296	0.217973231358	0.00764818355641	0.10707456979
-약함을	0.192984209474	0.653607835299	0.110933439936	0.0424745152908
-13내	0.901515151515	0.0151515151515	0.0833333333333	0.0
-약함은	0.124223602485	0.0	0.875776397515	0.0
-루야와	0.0	1.0	0.0	0.0
-가보라	0.0	1.0	0.0	0.0
-예대로	0.310572687225	0.221365638767	0.291850220264	0.176211453744
-약함이	0.375	0.0	0.625	0.0
-아뢰게	0.415537488708	0.286359530262	0.0180668473351	0.280036133695
-각이냐	0.276923076923	0.4	0.0615384615385	0.261538461538
-려되기	0.506230529595	0.369158878505	0.1246105919	0.0
-세벨과	0.0	1.0	0.0	0.0
-암음이	0.079365079365	0.761904761905	0.15873015873	0.0
-뒷다리	0.2	0.4	0.4	0.0
-직업이	0.177419354839	0.822580645161	0.0	0.0
-멍에의	0.444444444444	0.555555555556	0.0	0.0
-넬료는	0.0559701492537	0.878731343284	0.0391791044776	0.0261194029851
-섯달은	0.272727272727	0.727272727273	0.0	0.0
-섯달을	0.062893081761	0.641509433962	0.0754716981132	0.220125786164
-스도라	0.150873965041	0.822631094756	0.00220791168353	0.0242870285188
-계하라	0.604166666667	0.395833333333	0.0	0.0
-지혜의	0.0815760266371	0.76359600444	0.134850166482	0.0199778024417
-유산은	0.0607375271149	0.885032537961	0.0281995661605	0.0260303687636
-유산을	0.0457280385078	0.932611311673	0.0	0.0216606498195
-주색과	0.279818118223	0.120321790836	0.599860090941	0.0
-워져서	0.490183246073	0.259816753927	0.11387434555	0.13612565445
-빌립아	0.5625	0.371875	0.00937499999999	0.05625
-락되며	1.0	0.0	0.0	0.0
-어지되	0.373575348248	0.61629379485	0.0	0.0101308569016
-노루와	0.0	1.0	0.0	0.0
-라임아	0.2	0.8	0.0	0.0
-지혜일	0.0	0.333333333333	0.0	0.666666666667
-갑주는	1.0	0.0	0.0	0.0
-각이나	0.0861056751468	0.757338551859	0.156555772994	0.0
-끓으며	0.6	0.4	0.0	0.0
-어내어	0.60793637071	0.253739085329	0.025071323593	0.113253220368
-유산이	0.216172938351	0.492927675474	0.290899386176	0.0
-자체는	0.418760469012	0.0251256281407	0.502512562814	0.0536013400335
-겁탈을	0.179104477612	0.820895522388	0.0	0.0
-참하다	0.0104821802935	0.582809224319	0.254367575122	0.152341020266
-그후에	0.5	0.5	0.0	0.0
-족들아	0.459587955626	0.530903328051	0.0	0.0095087163233
-달라고	0.449979439687	0.0314000679384	0.0114824879767	0.507138004398
-아픔을	0.0996420047733	0.831742243437	0.0686157517899	0.0
-타처에	0.428571428571	0.142857142857	0.0	0.428571428571
-악행이	0.0321100917431	0.912844036697	0.0	0.0550458715595
-소리라	0.592592592592	0.407407407408	0.0	0.0
-어지듯	0.160183066362	0.614035087719	0.225781845919	0.0
-정하사	0.604221635884	0.269129287599	0.0712401055409	0.0554089709762
-아픔이	0.130434782609	0.608695652174	0.260869565217	0.0
-2죄를	0.255395683453	0.744604316547	0.0	0.0
-기하되	0.666666666667	0.0	0.333333333333	0.0
-악행을	0.27002967359	0.436201780415	0.261127596439	0.0326409495549
-어지든	0.645161290323	0.193548387097	0.0322580645161	0.129032258065
-악행의	0.628099173554	0.371900826446	0.0	0.0
-바앗과	0.0	1.0	0.0	0.0
-실기를	0.252964426877	0.596837944664	0.126482213439	0.0237154150198
-영구히	0.32808988764	0.285393258427	0.0898876404494	0.296629213483
-찰하사	0.656716417911	0.164179104477	0.179104477612	0.0
-익한들	1.0	0.0	0.0	0.0
-았으되	0.490196078431	0.509803921569	0.0	0.0
-스도란	0.595238095238	0.238095238095	0.047619047619	0.119047619048
-아래와	0.339466421343	0.395584176633	0.0239190432383	0.241030358786
-나려할	0.545454545455	0.454545454545	0.0	0.0
-없다고	0.309523809524	0.0690026954178	0.0106019766397	0.610871518419
-말째와	0.0	0.428571428571	0.571428571429	0.0
-얹으며	0.566929133858	0.0669291338582	0.0472440944882	0.318897637795
-초소와	0.151209677419	0.848790322581	0.0	0.0
-펴고자	0.521739130435	0.478260869565	0.0	0.0
-의문은	0.515384615385	0.438461538462	0.0	0.0461538461538
-거움도	0.243243243243	0.648648648649	0.108108108108	0.0
-풍조를	0.286012526096	0.526096033403	0.100208768267	0.0876826722338
-의문의	0.198265179678	0.783147459727	0.0185873605948	0.0
-석책에	0.0	1.0	0.0	0.0
-누라고	0.663265306122	0.336734693878	0.0	0.0
-칼이랴	0.172425053883	0.754424923258	0.0731500228593	0.0
-만하여	0.497756670326	0.283995990645	0.202734952986	0.0155123860436
-야만이	0.126315789474	0.810526315789	0.0631578947368	0.0
-귀족을	0.0	0.666666666667	0.111111111111	0.222222222222
-육하기	0.53488372093	0.232558139535	0.0	0.232558139535
-샀으면	0.714285714286	0.285714285714	0.0	0.0
-윗편에	0.3	0.25	0.0	0.45
-놀래고	0.571428571429	0.428571428571	0.0	0.0
-다나엘	0.0	1.0	0.0	0.0
-라서가	0.208333333333	0.5	0.0	0.291666666667
-죽더라	0.457894736842	0.352631578947	0.189473684211	0.0
-제함이	0.3125	0.46875	0.15625	0.0625
-산이요	0.117824773414	0.864048338369	0.0	0.0181268882175
-으시오	0.572526279707	0.381198583181	0.00799817184643	0.0382769652651
-말리는	0.644351464435	0.255230125523	0.0	0.100418410042
-지나기	1.0	0.0	0.0	0.0
-명패를	0.0	1.0	0.0	0.0
-멍에와	0.078947368421	0.789473684211	0.0526315789474	0.078947368421
-온산은	0.5	0.5	0.0	0.0
-온산을	0.25	0.75	0.0	0.0
-당하되	0.616379310345	0.26724137931	0.0775862068966	0.0387931034483
-드로야	0.268765133172	0.726392251816	0.0	0.00484261501211
-하체가	0.636363636364	0.363636363636	0.0	0.0
-연하며	0.807692307692	0.0	0.0384615384616	0.153846153846
-자러라	0.375191424196	0.169984686064	0.00918836140889	0.445635528331
-간까지	0.188542422045	0.258641527677	0.14551607445	0.407299975828
-좌우를	0.0	1.0	0.0	0.0
-기관들	0.203389830508	0.389830508475	0.0338983050847	0.372881355932
-주초를	0.449683726279	0.481311098332	0.0	0.0690051753882
-걸리고	1.0	0.0	0.0	0.0
-응식은	0.0	0.8	0.0	0.2
-왔노라	0.835904628331	0.054698457223	0.00561009817672	0.103786816269
-지혜와	0.0190412560548	0.939034574912	0.0283948555203	0.0135293135126
-이엘과	0.0	1.0	0.0	0.0
-집되고	0.428571428571	0.571428571429	0.0	0.0
-릴때에	0.56	0.28	0.0	0.16
-응식이	0.0	0.5	0.0	0.5
-이다가	0.587939698492	0.336683417086	0.0753768844221	0.0
-겁지도	0.0	0.015503875969	0.984496124031	0.0
-그루가	0.273473108478	0.712853236098	0.0	0.0136736554239
-게하고	0.429577464789	0.525821596244	0.0446009389671	0.0
-것과는	0.525496724693	0.303318736202	0.0517534653107	0.119431073794
-잿물과	0.0	0.8	0.2	0.0
-지혜요	0.555555555556	0.444444444444	0.0	0.0
-이웃도	1.0	0.0	0.0	0.0
-인생이	0.102564102564	0.666666666667	0.051282051282	0.179487179487
-언약에	0.112903225806	0.435483870968	0.33064516129	0.120967741936
-동일할	0.75	0.25	0.0	0.0
-귀정한	0.454545454546	0.545454545454	0.0	0.0
-주리니	0.486480616788	0.0324682375936	0.0021717884678	0.478879357151
-모양만	0.221513944223	0.486852589641	0.205577689243	0.0860557768925
-인생을	0.285714285714	0.672713529856	0.0302343159486	0.0113378684807
-죄에는	0.472222222222	0.222222222222	0.0277777777778	0.277777777778
-인생은	0.538461538462	0.461538461538	0.0	0.0
-어기실	0.141304347826	0.0869565217391	0.657608695652	0.114130434783
-동일한	0.107150850492	0.0921553267681	0.706132497762	0.0945613249776
-으셨다	0.628510058676	0.0750638192487	0.0129067286444	0.283519393431
-불렀기	0.748251748252	0.188811188811	0.0629370629371	0.0
-깨우임	0.666666666667	0.333333333333	0.0	0.0
-그늘에	0.123725512659	0.802039179746	0.0247451025318	0.0494902050636
-인생의	0.129486250429	0.79575880087	0.0266981959648	0.0480567527366
-울리니	0.666666666667	0.333333333333	0.0	0.0
-당하든	0.251898734177	0.532911392405	0.101265822785	0.113924050633
-마비를	0.666666666667	0.333333333333	0.0	0.0
-느꼈다	0.335106382979	0.617021276596	0.031914893617	0.0159574468085
-네게와	0.0	1.0	0.0	0.0
-오벳은	0.179104477612	0.820895522388	0.0	0.0
-아처럼	0.143660212367	0.631480324797	0.112429731418	0.112429731418
-오벳을	0.153531218014	0.846468781986	0.0	0.0
-난하자	0.179104477612	0.771144278607	0.0497512437811	0.0
-오벳의	0.0	1.0	0.0	0.0
-자체도	0.377213240955	0.367205542725	0.11701308699	0.13856812933
-수사와	0.0	0.0	1.0	0.0
-벌하면	0.53986013986	0.313286713287	0.041958041958	0.104895104895
-벌하며	0.733333333333	0.266666666667	0.0	0.0
-잃으랴	0.333333333333	0.0	0.0	0.666666666667
-울리는	0.401062753036	0.404099190283	0.19483805668	0.0
-동편도	0.0	0.2	0.0	0.8
-패오의	0.0	1.0	0.0	0.0
-검증해	0.580882352941	0.419117647059	0.0	0.0
-헨이니	0.0	1.0	0.0	0.0
-하셨니	0.375	0.25	0.0	0.375
-자위가	0.0	0.625	0.375	0.0
-을찌라	0.181818181818	0.272727272727	0.0	0.545454545455
-꿇지도	0.666666666667	0.333333333333	0.0	0.0
-맞대고	0.01269035533	0.483925549915	0.0634517766497	0.439932318105
-서시며	0.5625	0.0624999999999	0.1875	0.1875
-왼뺨도	0.230547550432	0.769452449568	0.0	0.0
-자랑해	0.372208436725	0.0446650124069	0.105459057072	0.477667493797
-궁궐은	0.0	0.785714285714	0.214285714286	0.0
-히겠고	0.111111111111	0.888888888889	0.0	0.0
-자랑할	0.616216869655	0.218350509233	0.111033878328	0.0543987427846
-했는데	0.359306422875	0.23544279298	0.0344682328698	0.370782551276
-oṗi	0.159509202454	0.110429447853	0.730061349693	0.0
-용해서	0.412280701754	0.315789473684	0.219298245614	0.0526315789474
-자랑한	0.607344632768	0.310734463277	0.0423728813559	0.0395480225989
-궁궐을	0.322580645161	0.677419354839	0.0	0.0
-정녀가	0.12	0.16	0.64	0.08
-나에도	0.0	1.0	0.0	0.0
-흔적도	0.318936877076	0.441860465116	0.0797342192691	0.159468438538
-하고서	0.6008492569	0.135118950406	0.00925472263053	0.254777070064
-릴찌니	0.4	0.4	0.2	0.0
-풀었다	0.452670308842	0.48411194113	0.0632177500279	0.0
-악행에	0.123820754717	0.755306603774	0.120872641509	0.0
-암시는	0.0	1.0	0.0	0.0
-키는데	0.323353293413	0.443113772455	0.107784431138	0.125748502994
-빌립의	0.0416047548291	0.904903417533	0.0	0.0534918276375
-빌립은	0.0150753768844	0.979181622398	0.00143575017947	0.0043072505384
-어내자	0.0	0.75	0.0	0.25
-빌립을	0.00262697022767	0.981611208406	0.0	0.015761821366
-목처럼	0.1875	0.25	0.375	0.1875
-라임은	0.0	1.0	0.0	0.0
-당하라	0.36974789916	0.228571428571	0.280672268907	0.121008403361
-라임을	0.0	1.0	0.0	0.0
-붙잡는	1.0	0.0	0.0	0.0
-영구한	0.2624266749	0.140475455388	0.414942883606	0.182154986107
-회보케	1.0	0.0	0.0	0.0
-빌립이	0.00336	0.9912	0.00192	0.00352
-레아도	0.0	0.857142857143	0.0	0.142857142857
-알려고	0.511232718894	0.169930875576	0.188652073733	0.130184331797
-라임이	0.0252100840336	0.974789915966	0.0	0.0
-금에도	0.541401273885	0.363057324841	0.0955414012739	0.0
-의문에	0.131282820705	0.726744186047	0.0	0.141972993248
-니신즉	0.769230769231	0.0	0.0	0.230769230769
-랏에서	0.12	0.64	0.0	0.24
-라시지	0.349315068493	0.527397260274	0.041095890411	0.0821917808219
-약함에	0.580459770115	0.0747126436781	0.0919540229885	0.252873563218
-아사헬	0.0	1.0	0.0	0.0
-촌들과	0.25	0.75	0.0	0.0
-족들의	0.15164957028	0.734682561686	0.0110895481009	0.102578319933
-가랴의	0.00847457627118	0.983992467043	0.0	0.0075329566855
-족들을	0.17619047619	0.796428571429	0.0166666666667	0.0107142857143
-다넬의	0.0	1.0	0.0	0.0
-족들은	0.158253751705	0.768076398363	0.0163710777626	0.0572987721692
-다나와	0.0	1.0	0.0	0.0
-브릿을	0.0	1.0	0.0	0.0
-샀으매	0.970600951146	0.0293990488543	0.0	0.0
-족들이	0.101577090683	0.797260842498	0.0243826520025	0.0767794148163
-사만명	0.0	0.0	0.0	1.0
-보오나	0.5	0.25	0.0	0.25
-높이는	0.865981328585	0.0726350439803	0.0302196319681	0.0311639954671
-막아야	0.545746388443	0.280898876404	0.105939004815	0.0674157303371
-다자한	0.6	0.0	0.0	0.4
-으시어	0.483050847458	0.516949152542	0.0	0.0
-멍에에	0.714285714286	0.0	0.285714285714	0.0
-다넬이	0.0	1.0	0.0	0.0
-베스라	0.0	1.0	0.0	0.0
-납되어	0.571428571428	0.428571428572	0.0	0.0
-외모를	0.266881028939	0.675241157556	0.0385852090032	0.0192926045016
-석위에	0.122641509434	0.707547169811	0.141509433962	0.0283018867924
-개가를	0.127659574468	0.872340425532	0.0	0.0
-지혜에	0.0774107932763	0.829696254792	0.0375995281628	0.0552934237688
-거워서	0.16735966736	0.577962577963	0.239085239085	0.0155925155925
-니야와	0.106666666667	0.786666666667	0.0	0.106666666667
-본디오	0.0175353141744	0.972235752557	0.0014612761812	0.0087676570872
-낌없는	0.131944444444	0.291666666667	0.270833333333	0.305555555556
-손이기	0.0343839541547	0.67335243553	0.154727793696	0.137535816619
-정하실	0.582484725051	0.201629327902	0.0366598778003	0.179226069247
-었더니	0.528881102676	0.287597679299	0.0577192929757	0.125801925049
-정하신	0.577859058766	0.192440868081	0.026091197269	0.203608875884
-분기가	0.200873362445	0.480349344978	0.318777292576	0.0
-받침의	0.0	1.0	0.0	0.0
-개니라	0.717703349282	0.181818181818	0.100478468899	0.0
-함메아	0.0	1.0	0.0	0.0
-움키고	1.0	0.0	0.0	0.0
-론에는	0.0	0.882352941176	0.117647058824	0.0
-았었을	0.0	0.625	0.375	0.0
-언약을	0.0328008779418	0.936715034752	0.00487745396902	0.0256066333374
-언약은	0.142479920783	0.838266035867	0.0	0.0192540433491
-승리가	0.0173210161663	0.982678983834	0.0	0.0
-기하랴	0.564336372847	0.374873353597	0.0607902735562	0.0
-희망과	0.233766233766	0.662337662338	0.0519480519481	0.0519480519481
-말세를	0.290502793296	0.709497206704	0.0	0.0
-취로다	0.0	1.0	0.0	0.0
-식량을	0.383395522388	0.551305970149	0.0513059701493	0.0139925373134
-내일과	0.228013029316	0.409609120521	0.101791530945	0.260586319218
-언약의	0.00908402725207	0.978803936412	0.0	0.0121120363361
-그늘이	0.251308900523	0.685863874346	0.0628272251308	0.0
-예표가	0.6	0.4	0.0	0.0
-술람이	0.0909090909091	0.909090909091	0.0	0.0
-금강석	0.0	0.447368421052	0.552631578948	0.0
-그늘은	0.0	0.666666666667	0.333333333333	0.0
-그늘을	0.0666666666668	0.866666666666	0.0666666666668	0.0
-언약이	0.00343298526677	0.965384065227	0.0311829495065	0.0
-나야요	0.0	1.0	0.0	0.0
-환채도	0.0	1.0	0.0	0.0
-퍼함을	0.85	0.0	0.15	0.0
-분끼리	0.6	0.3	0.0181818181818	0.0818181818182
-달래서	0.666153846154	0.172307692308	0.0692307692308	0.0923076923077
-떴느냐	0.647727272727	0.0852272727273	0.0340909090909	0.232954545455
-비난의	0.586393505991	0.324700425203	0.0193274062621	0.0695786625435
-궁장을	0.25	0.75	0.0	0.0
-기룐과	0.0	1.0	0.0	0.0
-돈에서	0.279179909017	0.525394154671	0.0959680937247	0.0994578425874
-열벌을	0.0	1.0	0.0	0.0
-일렀다	0.742911668484	0.09760087241	0.0204471101418	0.139040348964
-나에는	0.0308558590584	0.62574829013	0.106502481266	0.236893369545
-누려라	0.433371083428	0.534918837297	0.0317100792752	0.0
-높이던	0.5	0.25	0.0	0.25
-동일히	0.6	0.4	0.0	0.0
-비난을	0.488696488697	0.237133237133	0.142376142376	0.131794131794
-혼기도	0.641791044776	0.119402985075	0.0746268656716	0.164179104478
-새인과	0.0030303030303	0.99696969697	0.0	0.0
-미쁨이	0.247116968699	0.0444810543657	0.527182866557	0.181219110379
-값으로	0.319903902692	0.593701667537	0.0244512537089	0.0619431760626
-나가지	0.447688126141	0.243782653309	0.0386552515528	0.269873968998
-나더니	0.649087221095	0.211967545639	0.0628803245436	0.0760649087221
-남자를	0.108237166733	0.66892160764	0.0644647831277	0.158376442499
-릇마저	0.0429447852761	0.822085889571	0.134969325153	0.0
-온산에	0.0975516449885	0.873756694721	0.0	0.0286916602907
-무토막	0.147058823529	0.852941176471	0.0	0.0
-하게한	1.0	0.0	0.0	0.0
-반이요	0.0922190201729	0.275696445725	0.0874159462055	0.544668587896
-르렀고	0.351449275362	0.313405797101	0.0217391304348	0.313405797101
-난하여	0.371428571429	0.251428571429	0.377142857143	0.0
-횃불과	0.0	1.0	0.0	0.0
-육하게	0.0	0.5	0.5	0.0
-헤르몬	0.0	1.0	0.0	0.0
-일광에	0.666666666667	0.0	0.333333333333	0.0
-심었고	0.930535455861	0.0694645441389	0.0	0.0
-락되매	0.111111111111	0.0	0.888888888889	0.0
-탈리아	0.0	0.905011655012	0.0949883449883	0.0
-림몬의	0.0	1.0	0.0	0.0
-되라고	0.676175958188	0.141550522648	0.0973432055748	0.0849303135888
-주리나	0.0111835477586	0.951537959713	0.0279588693966	0.00931962313219
-바꾸며	0.0	0.4	0.0	0.6
-분열과	0.0616785373375	0.892062559659	0.0462589030032	0.0
-육하고	0.587155963303	0.0137614678899	0.399082568807	0.0
-부인의	0.0234375	0.9765625	0.0	0.0
-죄하는	0.305518169583	0.478465679677	0.0686406460296	0.147375504711
-외모로	0.240394934535	0.503970809187	0.0940115904701	0.161622665808
-믿음도	0.0863689776733	0.665883274579	0.197806502154	0.0499412455934
-옮겼고	0.739130434783	0.260869565217	0.0	0.0
-지키실	0.795454545455	0.0909090909091	0.113636363636	0.0
-고할까	0.2	0.4	0.4	0.0
-충족히	0.0	1.0	0.0	0.0
-어내지	0.604775369149	0.244423499843	0.0942507068803	0.0565504241282
-언어에	0.0	0.0	1.0	0.0
-밀히는	0.209821428571	0.433035714286	0.151785714286	0.205357142857
-검구나	0.0	0.0	1.0	0.0
-회에서	0.060820929735	0.901509826095	0.0130658027446	0.0246034414255
-심정이	0.277108433735	0.650602409639	0.0722891566264	0.0
-베풀되	0.666666666667	0.333333333333	0.0	0.0
-앙이나	0.0	1.0	0.0	0.0
-라굴로	0.0478087649402	0.541832669323	0.346613545817	0.0637450199203
-치거늘	1.0	0.0	0.0	0.0
-잃으면	0.830103937594	0.0674627336089	0.0330938446881	0.0693394841085
-억하게	0.515595640737	0.340598772391	0.10522360015	0.0385819867218
-화관이	0.0	1.0	0.0	0.0
-잃으며	0.0	1.0	0.0	0.0
-씻기고	0.397058823529	0.514705882353	0.0441176470588	0.0441176470588
-긍휼히	0.0548693208927	0.666224884695	0.121587234268	0.157318560144
-건함과	0.118744171588	0.643456636618	0.177183711532	0.0606154802611
-두로를	0.0	1.0	0.0	0.0
-채워라	0.642259414226	0.28870292887	0.0690376569038	0.0
-권유를	0.285714285714	0.714285714286	0.0	0.0
-심정을	0.448979591836	0.551020408164	0.0	0.0
-사곡을	0.0	0.5	0.5	0.0
-곤고한	0.305732484076	0.0585987261146	0.635668789809	0.0
-명에게	0.402207251249	0.196148025126	0.247887173031	0.153757550594
-겔이요	0.208860759493	0.772151898735	0.0189873417722	0.0
-명수를	0.4875	0.325	0.05	0.1375
-억하고	0.769804287046	0.116029822926	0.02935694315	0.0848089468779
-현장에	0.656734447353	0.343265552647	0.0	0.0
-환심을	0.627921279213	0.325953259533	0.0276752767528	0.0184501845018
-학대로	0.5	0.5	0.0	0.0
-커지며	0.570532915361	0.188087774295	0.153605015674	0.0877742946708
-사새와	0.0	1.0	0.0	0.0
-곡하나	0.75	0.0	0.0	0.25
-시각에	0.0821157758461	0.708525984834	0.0170149805807	0.192343258739
-달매가	0.0	1.0	0.0	0.0
-12개	0.225806451613	0.741935483871	0.0	0.0322580645161
-아세야	0.0	1.0	0.0	0.0
-문루에	0.25	0.75	0.0	0.0
-걸상을	0.0	0.571428571429	0.428571428571	0.0
-라야라	0.0	1.0	0.0	0.0
-짐이라	0.143329658214	0.382579933848	0.413450937155	0.0606394707828
-읍들과	0.0363636363636	0.915151515152	0.0	0.0484848484848
-저울을	0.0452488687783	0.954751131222	0.0	0.0
-키더라	0.616336633663	0.30198019802	0.0222772277228	0.059405940594
-명한즉	0.671875	0.28125	0.0	0.046875
-을지니	0.341680129241	0.248384491115	0.140953150242	0.268982229402
-에로왕	0.0	1.0	0.0	0.0
-쓸개를	0.532544378698	0.360946745562	0.10650887574	0.0
-병상에	0.515463917526	0.268041237113	0.0927835051547	0.123711340206
-봇에는	0.0	1.0	0.0	0.0
-마비된	0.354948805461	0.474402730375	0.170648464164	0.0
-계모와	0.228070175439	0.654970760234	0.0701754385965	0.046783625731
-펴보는	0.188742837883	0.684866868891	0.126390293225	0.0
-모나에	0.0	1.0	0.0	0.0
-리이신	0.719330013581	0.20597555455	0.0	0.0746944318696
-시기는	0.292792792793	0.644144144144	0.036036036036	0.027027027027
-익숙한	0.157894736842	0.105263157895	0.631578947369	0.105263157895
-상들에	0.270274645227	0.639076242379	0.0226622780985	0.0679868342956
-소헬렛	0.0	1.0	0.0	0.0
-사하매	0.428571428572	0.0	0.0	0.571428571428
-말하되	0.444437764525	0.00524240092343	0.00163524432474	0.548684590227
-패역할	1.0	0.0	0.0	0.0
-풍만이	0.296296296296	0.511111111111	0.0	0.192592592593
-결되어	0.566727605119	0.0383912248629	0.0877513711152	0.307129798903
-을지는	0.344827586207	0.269865067466	0.295352323838	0.0899550224888
-논쟁도	0.278481012658	0.481012658228	0.240506329114	0.0
-천이라	0.0621963070942	0.5296404276	0.0583090379009	0.349854227405
-삭빠른	0.351239669421	0.648760330579	0.0	0.0
-분내와	0.0	1.0	0.0	0.0
-핑계를	0.341463414634	0.539295392954	0.0758807588076	0.0433604336044
-지대에	0.25	0.75	0.0	0.0
-집종과	0.53488372093	0.279069767442	0.186046511628	0.0
-흘려서	0.282352941177	0.647058823529	0.0705882352941	0.0
-아시게	0.603174603175	0.202821869489	0.141093474427	0.0529100529101
-패역한	0.0720640569395	0.199288256228	0.693950177936	0.0346975088968
-화제중	0.333333333333	0.666666666667	0.0	0.0
-저주가	0.0850785340313	0.767015706806	0.0183246073298	0.129581151832
-자리가	0.0877279294862	0.753491768386	0.039151307374	0.119628994754
-품보다	0.0	1.0	0.0	0.0
-포할꼬	1.0	0.0	0.0	0.0
-굴이니	0.0	1.0	0.0	0.0
-처사가	0.319247787611	0.298230088496	0.170353982301	0.212168141593
-나왔을	0.699490662139	0.156196943973	0.103565365025	0.0407470288625
-태생과	0.0	1.0	0.0	0.0
-족하기	0.0788954635108	0.207100591716	0.556213017751	0.157790927022
-세대여	0.033644043111	0.190066996796	0.682347800757	0.0939411593359
-보충해	0.449101796407	0.550898203593	0.0	0.0
-세대에	0.172562288527	0.678252845278	0.112273146724	0.0369117194709
-위임을	0.167567567568	0.756756756757	0.0756756756757	0.0
-만하지	0.424668972921	0.12143624001	0.418108075868	0.0357867112012
-있을까	0.350140618722	0.241395473416	0.07767510379	0.330788804071
-보충할	0.813131313131	0.0959595959596	0.0	0.0909090909091
-신뢰를	0.144886363636	0.676136363636	0.0596590909091	0.119318181818
-았는가	0.345403899721	0.353760445682	0.0779944289693	0.222841225627
-부터는	0.148439055345	0.107079310173	0.0597719241489	0.684709710332
-았으매	0.268656716418	0.253731343284	0.0	0.477611940299
-져오니	0.474934036939	0.387862796834	0.0316622691293	0.105540897098
-시절을	0.288079470199	0.400662251656	0.271523178808	0.0397350993378
-파할새	0.345744680851	0.031914893617	0.0	0.622340425532
-으오나	1.0	0.0	0.0	0.0
-다니기	0.415520319227	0.56400294025	0.0	0.020476740523
-뽕나무	0.375	0.625	0.0	0.0
-ako	0.250385080504	0.109740970523	0.0602893015547	0.579584647418
-론하고	0.318961114759	0.207558181951	0.0313708324214	0.442109870869
-akk	0.0642335766424	0.351824817518	0.0350364963504	0.548905109489
-aki	0.0795067108441	0.110176147957	0.177904269856	0.632412871343
-쳤도다	0.4525	0.2675	0.1725	0.1075
-aka	0.195089425054	0.375209543428	0.0248612841254	0.404839747392
-혔느냐	0.4	0.24	0.36	0.0
-간조한	0.0	0.142857142857	0.857142857143	0.0
-베풀어	0.395626822157	0.249562682216	0.0463556851312	0.308454810496
-학대를	0.468466316292	0.0758480649784	0.146321070234	0.309364548495
-의심할	0.666666666667	0.0	0.333333333333	0.0
-호수에	0.25475812847	0.49246629659	0.123909595559	0.128865979381
-아구리	0.0	1.0	0.0	0.0
-바로가	0.0896892655367	0.745762711864	0.00635593220339	0.158192090395
-부인줄	0.25	0.75	0.0	0.0
-예하게	0.0	0.571428571428	0.428571428572	0.0
-세대야	0.183050847458	0.193220338983	0.461016949153	0.162711864407
-절반은	0.0415704387991	0.958429561201	0.0	0.0
-로하게	0.461538461538	0.438056680162	0.0421052631579	0.0582995951417
-효과가	0.211009174312	0.414678899083	0.352293577982	0.0220183486238
-을지도	0.516950614403	0.342979776968	0.0534139684021	0.0866556402269
-뉘우고	0.0	1.0	0.0	0.0
-씹으며	0.793103448276	0.0	0.0	0.206896551724
-가져다	0.681862905871	0.177107248278	0.022958346999	0.118071498852
-어지매	0.733785923056	0.261620737832	0.00229666955573	0.00229666955573
-제력이	0.104046242775	0.190751445087	0.687861271676	0.0173410404624
-그늘진	0.25	0.633116883117	0.0681818181818	0.0487012987013
-우바스	0.0	1.0	0.0	0.0
-어가사	0.548463356974	0.0271867612293	0.0	0.424349881797
-넓히신	0.0	1.0	0.0	0.0
-운데도	0.237403928266	0.225448334757	0.0725875320239	0.464560204953
-메네는	0.0	1.0	0.0	0.0
-잘라서	0.765726681128	0.169197396963	0.0520607375271	0.0130151843818
-계모의	0.333333333333	0.666666666667	0.0	0.0
-나가자	0.506422018349	0.111926605505	0.0403669724771	0.34128440367
-울만한	0.357142857143	0.357142857143	0.285714285714	0.0
-요나는	0.0	1.0	0.0	0.0
-어내사	0.625	0.0	0.0	0.375
-가봇과	0.0	1.0	0.0	0.0
-꾀하여	0.85017626322	0.14982373678	0.0	0.0
-능력된	0.0	1.0	0.0	0.0
-면하자	0.51724137931	0.413793103448	0.0	0.0689655172413
-헬리의	0.0	1.0	0.0	0.0
-마사의	0.166666666667	0.833333333333	0.0	0.0
-않았나	0.552941176471	0.0	0.0588235294117	0.388235294118
-시기도	0.684210526316	0.221052631579	0.0631578947368	0.0315789473684
-닷가에	0.0245660006551	0.749099246643	0.0153946937439	0.210940058958
-보호로	0.6	0.0	0.2	0.2
-암소를	0.142857142857	0.857142857143	0.0	0.0
-호수아	0.0247074122237	0.923276983095	0.0520156046814	0.0
-달리여	0.31914893617	0.68085106383	0.0	0.0
-대소를	1.0	0.0	0.0	0.0
-yŋi	0.168807233957	0.607450515684	0.101664436133	0.122077814226
-행함과	0.423149905123	0.442125237192	0.089184060721	0.045540796964
-로하고	0.699264705882	0.225	0.0536764705883	0.0220588235294
-브아와	0.0	1.0	0.0	0.0
-강도요	0.168661588683	0.818280739935	0.0	0.0130576713819
-육백을	0.347826086956	0.652173913044	0.0	0.0
-아다요	0.0	1.0	0.0	0.0
-혼란의	0.0	1.0	0.0	0.0
-상들이	0.0455426933006	0.878790762971	0.00856602381832	0.06710051991
-러주고	0.0	1.0	0.0	0.0
-병상의	0.666666666667	0.0	0.333333333333	0.0
-우대와	0.0	1.0	0.0	0.0
-아노와	0.0371517027864	0.945510835913	0.00247678018575	0.0148606811145
-치거나	0.513465783664	0.328697571744	0.0673289183223	0.0905077262693
-않았던	0.474103585657	0.0478087649402	0.0	0.478087649402
-맹수와	0.32335718933	0.448926480156	0.110605074821	0.117111255693
-두어해	1.0	0.0	0.0	0.0
-상들은	0.0113516714925	0.926460910766	0.0	0.0621874177415
-뽑기를	0.681818181818	0.162337662338	0.0	0.155844155844
-내노니	0.615982241953	0.26526082131	0.0688124306326	0.0499445061043
-곡하니	0.833333333333	0.0	0.0	0.166666666667
-는다고	0.350826144438	0.303418674426	0.142494068784	0.203261112352
-곡식과	0.0427872860636	0.888891079738	0.0683216341983	0.0
-알아서	0.552470317886	0.304864036768	0.0258521639219	0.116813481425
-어지면	0.73874129848	0.19093621253	0.0383577212672	0.0319647677227
-상들의	0.0926669549638	0.832890591215	0.00586890714772	0.0685735466733
-어지며	0.677443609023	0.255012531328	0.0275689223057	0.0399749373433
-ṗey	0.0304138053516	0.120830126687	0.00427347264978	0.844482595311
-이리의	0.0	1.0	0.0	0.0
-액수를	0.25	0.75	0.0	0.0
-메디아	0.0	1.0	0.0	0.0
-5시에	0.488372093023	0.145348837209	0.226744186047	0.139534883721
-아시기	0.366508688784	0.176935229068	0.423380726698	0.0331753554502
-죄제라	0.0689655172413	0.931034482759	0.0	0.0
-자들아	0.133022589959	0.455190850402	0.0580111137025	0.353775445937
-ṗen	0.63085399449	0.245179063361	0.110192837466	0.0137741046832
-실인이	0.0	0.757142857143	0.242857142857	0.0
-계책을	0.5625	0.4375	0.0	0.0
-세일로	0.0	1.0	0.0	0.0
-잔이라	0.0	0.666666666667	0.333333333333	0.0
-믿다가	0.444842513808	0.2342140618	0.0358262427228	0.285117181669
-군대에	0.2	0.8	0.0	0.0
-유함이	0.0810810810811	0.771498771499	0.088452088452	0.058968058968
-곡하는	0.618695754164	0.321487215576	0.00703729767769	0.0527797325827
-암노루	0.0	0.222222222222	0.777777777778	0.0
-빠칠까	1.0	0.0	0.0	0.0
-거로는	0.0	0.6	0.0	0.4
-것’을	0.181566660903	0.655023344285	0.163409994812	0.0
-비유를	0.03755974406	0.873973090179	0.028247410822	0.0602197549391
-앙에서	0.134715025907	0.854922279793	0.0103626943005	0.0
-부스와	0.0	1.0	0.0	0.0
-최선의	0.633333333333	0.1	0.2	0.0666666666667
-받게한	0.333333333333	0.666666666667	0.0	0.0
-치심치	0.352941176471	0.647058823529	0.0	0.0
-최선을	0.312600969305	0.298061389338	0.205169628433	0.184168012924
