-kna	0.466666666667	0.271161048689	0.0262172284644	0.23595505618
-tâk	0.219540735186	0.699325066911	0.00885688056787	0.0722773173349
-lek	0.129374718848	0.331354026091	0.470535312641	0.0687359424201
-mua	0.255452848231	0.646874003916	0.0525932334593	0.0450799143937
-mâŋ	0.198895027624	0.651933701657	0.024861878453	0.124309392265
-lem	0.193619860967	0.524247997767	0.0435734761642	0.238558665102
-tuu	0.519553072626	0.245810055866	0.0167597765363	0.217877094972
-uŋâ	0.0912426692177	0.500918008721	0.0299874495194	0.377851872542
-obâ	0.538190397626	0.0833021944333	0.0333081082778	0.345199299663
-âkâ	0.367753214693	0.180786363082	0.148632652601	0.302827769625
-oip	0.512797700528	0.0831725356923	0.0197612987223	0.384268465058
-zip	0.281690140845	0.530516431925	0.18779342723	0.0
-ŋbe	0.134370886308	0.735457317581	0.0629863529568	0.067185443154
-zik	0.38155322378	0.383439545867	0.0706047923508	0.164402438003
-nse	0.511440940012	0.34632034632	0.0791589363018	0.0630797773655
-kpâ	0.153944836434	0.761385503528	0.0307889672867	0.0538806927518
-zie	0.515110812626	0.353257219611	0.0228341168569	0.108797850907
-aum	0.0024154589372	0.995169082126	0.0024154589372	0.0
-nsa	0.437315024579	0.422744167555	0.00999577199038	0.129945035875
-ŋbi	0.567427778479	0.311845591018	0.0454144064589	0.0753122240444
-utâ	0.078514462185	0.71085817985	0.0240373135516	0.186590044413
-pup	0.126623376623	0.420454545455	0.220779220779	0.232142857143
-nto	0.020618556701	0.979381443299	0.0	0.0
-pai	0.0194174757282	0.776699029126	0.184466019418	0.0194174757282
-ŋik	0.220793677431	0.277572636592	0.111575308657	0.390058377319
-ŋin	0.493150684932	0.506849315068	0.0	0.0
-dâk	0.508361204013	0.438127090301	0.0	0.0535117056856
-uan	0.439645304108	0.162274449583	0.0364178020393	0.361662444269
-siŋ	0.0520583601617	0.752037810809	0.0958969792452	0.100006849784
-uap	0.678458018894	0.0842470736744	0.0490293553071	0.188265552125
-ŋip	0.443216018672	0.394969596462	0.0706037712671	0.0912106135987
-dâp	0.0949353672671	0.0290228046988	0.0905772805165	0.785464547518
-ŋit	0.0	0.98533903482	0.0146609651802	0.0
-pum	0.0222083024885	0.943118906162	0.0223981170396	0.0122746743099
-nme	0.550079491256	0.263910969793	0.0620031796502	0.1240063593
-arâ	0.201281814976	0.546181171033	0.133045410208	0.119491603782
-ŋiŋ	0.359154929577	0.640845070423	0.0	0.0
-opi	0.864864864865	0.135135135135	0.0	0.0
-ope	0.0416971470373	0.947329919532	0.0109729334309	0.0
-opa	0.292682926829	0.130846484935	0.508464849354	0.0680057388809
-kkâ	0.264896553863	0.216321846211	0.0964670120042	0.422314587922
-dei	0.327897327029	0.0813916374082	0.0419020331208	0.548809002442
-dek	0.0681271064035	0.862542128069	0.0361097737121	0.0332209918151
-den	0.144849410625	0.150552531393	0.00389739569447	0.700700662287
-ima	0.271698113208	0.51320754717	0.0	0.215094339623
-beŋ	0.136652542373	0.791313559322	0.0275423728814	0.0444915254237
-oko	0.0415944540728	0.896013864818	0.0	0.0623916811092
-ime	0.43726192389	0.270988243315	0.0595790055571	0.232170827238
-dâŋ	0.0915763595674	0.0688355069508	0.0634777144495	0.776110419032
-nae	0.045045045045	0.954954954955	0.0	0.0
-oka	0.283737024221	0.653979238754	0.0415224913495	0.0207612456747
-imo	0.00934579439252	0.983644859813	0.0	0.00700934579439
-âki	0.131139117734	0.194036629275	0.0303095033283	0.644514749663
-goŋ	0.135858168765	0.743779826074	0.0917576113645	0.0286043937975
-obi	0.508443300545	0.286636117688	0.0839148467055	0.121005735061
-obo	0.0	1.0	0.0	0.0
-idi	0.00181873294938	0.979993937557	0.0	0.0181873294938
-âka	0.55061966444	0.351028785214	0.0759989252677	0.0223526250787
-ide	0.038782167452	0.617433852845	0.33291047481	0.0108735048931
-âke	0.169300556611	0.586713217613	0.087095247833	0.156890977943
-ida	0.0101809954751	0.989819004525	0.0	0.0
-kpi	0.695752537241	0.126091059596	0.0667941054316	0.111362297732
-bia	0.0397959183674	0.935714285714	0.0183673469388	0.00612244897962
-bin	0.0475474791638	0.705697499658	0.143462221615	0.103292799563
-idu	0.0	1.0	0.0	0.0
-moŋ	0.00674168442968	0.980766370892	0.00832796311902	0.00416398155951
-bik	0.215845369584	0.554120645709	0.0759133389974	0.154120645709
-tep	0.0919954806188	0.657796898237	0.13529173185	0.114915889294
-bba	0.333333333333	0.446666666667	0.04	0.18
-uta	0.271401761224	0.620326259564	0.0433087916847	0.064963187527
-tet	0.223305272486	0.776694727514	0.0	0.0
-zut	0.358520900322	0.623794212219	0.00321543408361	0.0144694533762
-ria	0.0643689464433	0.797772479334	0.0218989539112	0.115959620312
-rin	0.174614986411	0.701404167206	0.00905914326388	0.114921703119
-rio	0.00487804878049	0.975609756098	0.0195121951219	0.0
-uti	0.0	1.0	0.0	0.0
-rik	0.0801680987852	0.623830137265	0.152934303439	0.143067460511
-maŋ	0.15625	0.717412725225	0.0380067567567	0.088330518018
-rip	0.463907823019	0.125359676364	0.0273240477827	0.383408452834
-utu	0.010038115205	0.93767108319	0.00228419595685	0.0500066056478
-tei	0.475922713406	0.248788658252	0.0373272716397	0.237961356703
-tem	0.319388214125	0.218623481781	0.395861448493	0.0661268556005
-ten	0.109589041096	0.0410958904109	0.0958904109589	0.753424657534
-teo	0.00900450225113	0.983741870935	0.00300150075038	0.00425212606303
-met	0.209505305472	0.234368822685	0.073241692157	0.482884179686
-nze	0.655172413793	0.161269175298	0.059000917792	0.124557493117
-pga	0.543181818182	0.320454545454	0.0409090909091	0.0954545454546
-ara	0.063679245283	0.904481132075	0.0	0.0318396226415
-eri	0.493506493507	0.207792207792	0.233766233766	0.064935064935
-pat	0.518241313569	0.120405368205	0.0279370317373	0.333416286488
-aro	0.0398821663267	0.943915703603	0.00498527079085	0.0112168592794
-ari	0.285025608641	0.128854748271	0.0332101404124	0.552909502676
-aru	0.0535934358176	0.862935395991	0.0184050074593	0.0650661607317
-nzu	0.149787750152	0.850212249848	0.0	0.0
-luk	0.0772200772201	0.382239382239	0.540540540541	0.0
-lum	0.41116019405	0.226917384575	0.0374296587576	0.324492762617
-lun	0.316584529677	0.285943861153	0.173559031498	0.223912577673
-mem	0.188235785255	0.012077374	0.00925493215397	0.790431908591
-men	0.350194388288	0.16991483697	0.0480087006602	0.431882074082
-mei	0.235342729841	0.171501220945	0.0303214609267	0.562834588287
-zit	0.572921978582	0.170066292708	0.0481896991331	0.208822029577
-kia	0.0263025136992	0.951361224667	0.00041750021745	0.021918761416
-tnâ	0.225155116173	0.594119824633	0.0485124829232	0.132212576271
-ziŋ	0.247826264151	0.369216184093	0.0987407963693	0.284216755387
-ndi	0.228730221126	0.584841800975	0.0712415149186	0.11518646298
-âru	0.140529531568	0.661914460285	0.0875763747454	0.109979633401
-gin	0.562775042131	0.259321894684	0.0528697835662	0.125033279619
-âŋâ	0.206368935694	0.349788321061	0.0727709966829	0.371071746563
-ubi	0.406096397201	0.40330806052	0.0985856866339	0.0920098556452
-âra	0.203410182517	0.344860710855	0.435878962536	0.0158501440922
-zim	0.366925064599	0.372093023256	0.0852713178294	0.175710594315
-âre	0.248816733386	0.455993886931	0.144643651418	0.150545728265
-gik	0.469703131354	0.408296055307	0.0610004066694	0.0610004066694
-âri	0.39710201684	0.307225376934	0.0920305463089	0.203642059918
-mâk	0.205429406475	0.485161870504	0.113815197842	0.19559352518
-âro	0.0805244719568	0.834699500017	0.0179415666134	0.0668344614129
-ube	0.287425149701	0.0898203592814	0.568862275449	0.0538922155689
-âgâ	0.203469281047	0.599219060885	0.0682692982459	0.129042359822
-ŋne	0.439014109504	0.428986600408	0.0332327624456	0.0987665276422
-umu	0.280289330922	0.638336347197	0.0108499095841	0.0705244122966
-ote	0.0149253731343	0.955223880597	0.00995024875622	0.0199004975124
-oti	0.0224187320961	0.658114335534	0.308257566322	0.0112093660481
-liŋ	0.301063008792	0.204944297222	0.19902519934	0.294967494646
-sop	0.641206313416	0.299605411499	0.0160653889516	0.043122886133
-oto	0.0150564617315	0.971769134253	0.0	0.0131744040151
-ume	0.468252234779	0.340604071815	0.0703880681188	0.120755625288
-upâ	0.452022190734	0.186831263728	0.056208269436	0.304938276102
-ŋun	0.0944590398854	0.470145689038	0.399570097922	0.035825173155
-umi	0.0377358490566	0.811320754717	0.0	0.150943396226
-iŋâ	0.183319022442	0.311836691708	0.107270467473	0.397573818377
-ako	0.020245398773	0.979754601227	0.0	0.0
-nak	0.107219666707	0.50946300782	0.038698721328	0.344618604145
ALL	0.236067897652	0.285300594117	0.0546609575235	0.423970550707
-nai	0.157092614302	0.800703399766	0.00351699882767	0.0386869871043
-nan	0.265432386974	0.424890261448	0.0490322473331	0.260645104245
-aki	0.288321167883	0.304744525547	0.0734489051095	0.33348540146
-nam	0.474436465863	0.330079581298	0.0741723762237	0.121311576615
-kik	0.481543624161	0.323825503356	0.0268456375839	0.167785234899
-ake	0.0392156862745	0.901960784314	0.0588235294117	0.0
-sip	0.435852372583	0.427065026362	0.0316344463971	0.105448154657
-kio	0.0280583613917	0.960718294052	0.0112233445567	0.0
-kin	0.424134382122	0.124898919356	0.0272733955745	0.423693302948
-aka	0.0113924050633	0.987341772152	0.0	0.00126582278481
-ŋgâ	0.228511875926	0.543305601161	0.0632104435236	0.16497207939
-sik	0.0474023855207	0.106262444841	0.0787732729585	0.767561896679
-sii	0.248051316295	0.557732079026	0.084591147998	0.109625456681
-kip	0.393405469864	0.280820206626	0.0409284534104	0.2848458701
-sio	0.329956005866	0.582055725903	0.0733235568591	0.0146647113718
-sin	0.0793103448275	0.834482758621	0.0862068965518	0.0
-sim	0.304257002106	0.582811570085	0.0471461300561	0.0657852977527
-zuu	0.0699572971615	0.873384688381	0.0127689860169	0.0438890284406
-sia	0.00490654205607	0.989018691589	0.00280373831776	0.00327102803738
-zia	0.87922705314	0.0289855072464	0.0241545893719	0.0676328502416
-sie	0.583783783784	0.291675675676	0.108972972973	0.0155675675676
-nau	0.452196382429	0.392764857881	0.031007751938	0.124031007752
-goi	0.446136168371	0.189882006457	0.038525931481	0.32545589369
-nti	0.227002656304	0.342153097328	0.0450858381621	0.385758408206
-gok	0.12001464184	0.340578890988	0.0904348949502	0.448971572221
-mot	0.256899733731	0.458784745214	0.0446246178555	0.239690903199
-gom	0.378592221337	0.253972198395	0.0627791708753	0.304656409393
-gon	0.368841393802	0.365806729755	0.126847796232	0.138504080211
-gop	0.0526315789474	0.894736842105	0.0526315789474	0.0
-mon	0.233898305085	0.705084745763	0.0610169491526	0.0
-mom	0.388354996421	0.158729409365	0.22584312311	0.227072471103
-biŋ	0.590909090909	0.409090909091	0.0	0.0
-moi	0.540148753714	0.124944691431	0.0939718927119	0.240934662144
-yap	0.37433563646	0.199309061919	0.100817167154	0.325538134467
-hân	0.0732659151069	0.592106968938	0.0116530342407	0.322974081714
-bep	0.0654470314966	0.0964273858467	0.651528240354	0.186597342302
-deŋ	0.271084337349	0.0361445783133	0.0301204819277	0.66265060241
-bet	0.197116466647	0.172723155832	0.164395843907	0.465764533615
-ârâ	0.187292358804	0.392441860465	0.348006644518	0.0722591362126
-ben	0.2	0.576470588235	0.0705882352941	0.152941176471
-bem	0.0507543962228	0.86119730573	0.0394146402487	0.0486336577984
-dâm	0.606329816769	0.230816213215	0.00816213214881	0.154691837868
-ubâ	0.336834208552	0.315078769692	0.109527381845	0.23855963991
-yan	0.617283950617	0.135802469136	0.0740740740741	0.172839506173
-ŋâk	0.32046124795	0.377085074225	0.0718465297869	0.230607148038
-yak	0.0197368421052	0.894736842105	0.0263157894737	0.0592105263158
-ŋâi	0.100218733395	0.139453520557	0.0108378984949	0.749489847553
-iso	0.0377358490566	0.962264150943	0.0	0.0
-rek	0.37993810304	0.475332241034	0.0966684871654	0.0480611687603
-upu	0.0	0.989619377163	0.0103806228374	0.0
-ren	0.11437157768	0.18135303302	0.0194112823315	0.684864106969
-reo	0.0268656716418	0.949253731343	0.0238805970149	0.0
-isi	0.276233545525	0.467119854826	0.186652072472	0.0699945271769
-rem	0.450985220647	0.130681035598	0.0584120438581	0.359921699897
-rat	0.103194496586	0.0467657928196	0.00910474645414	0.84093496414
-ise	0.163265306122	0.836734693878	0.0	0.0
-rea	0.00623521823264	0.992474736616	0.0	0.00129004515158
-isa	0.115009746589	0.884990253411	0.0	0.0
-ama	0.0544883866918	0.912554927809	0.00659133709981	0.0263653483992
-luŋ	0.181705426357	0.578294573643	0.168062015504	0.0719379844961
-rep	0.0986990364007	0.186172245983	0.248310801174	0.466817916442
-ret	0.0184709283649	0.409572759396	0.0187921619017	0.553164150337
-upi	0.610852501919	0.0410540312699	0.00758999321954	0.340503473592
-ŋgo	0.531534688157	0.223195515067	0.0168185003504	0.228451296426
-ŋgi	0.218200076539	0.226109341284	0.0631291966039	0.492561385573
-dât	0.660772284374	0.0144352219416	0.0974377481054	0.227354745579
-ŋge	0.442769456611	0.110323988535	0.0167482820552	0.430158272799
-map	0.45918012331	0.275166913018	0.0887275390901	0.176925424583
-ŋga	0.306049221205	0.182031350696	0.0630844138177	0.448835014282
-akâ	0.359137055838	0.345177664975	0.197969543147	0.0977157360406
-han	0.0484429065744	0.951557093426	0.0	0.0
-tme	0.42943107221	0.449610989545	0.0650376853877	0.0559202528569
-mak	0.333587099453	0.272614021732	0.24015502803	0.153643850785
-mam	0.121147100305	0.584664344178	0.0355605916318	0.258627963885
-ugi	0.474773529734	0.207035221576	0.170569582891	0.147621665799
-man	0.362611606501	0.213026904915	0.0657960834646	0.35856540512
-maa	0.161743730712	0.583326850099	0.107163541748	0.147765877441
-teŋ	0.0286320254507	0.612513255567	0.355037115588	0.00381760339343
-uat	0.57269981223	0.158652406999	0.0367376928729	0.231910087898
-uni	0.827586206897	0.172413793103	0.0	0.0
-une	0.479121641012	0.262616539222	0.0621607556651	0.196101064102
-una	0.425507248617	0.308314027518	0.0586999828035	0.207478741061
-boŋ	0.222375543997	0.642182358561	0.0403354208683	0.0951066765736
-zâk	0.255918751442	0.0109183181023	0.000570271239296	0.732592659217
-zâi	0.300301677572	0.104415092032	0.0349579078253	0.560325322571
-doŋ	0.0	0.992407465992	0.0	0.00759253400821
-ŋdâ	0.0372670807453	0.925465838509	0.0	0.0372670807453
-gan	0.39128388538	0.212704257333	0.112884082972	0.283127774315
-gam	0.646592620482	0.029781626506	0.00662650602409	0.316999246988
-tri	0.0	1.0	0.0	0.0
-laŋ	0.238881338036	0.256035933871	0.106435132499	0.398647595595
-ipâ	0.15	0.85	0.0	0.0
-mbâ	0.263017919349	0.515615939544	0.112385267198	0.108980873909
-gat	0.545848088375	0.169110532142	0.0492740079777	0.235767371505
-aaŋ	0.180722891566	0.349397590361	0.469879518072	0.0
-lam	0.11684952328	0.781833363726	0.056858558934	0.0444585540601
-uŋi	0.0	0.830985915493	0.0	0.169014084507
-sen	0.149206108601	0.371185677123	0.119919204485	0.359689009791
-sem	0.541170739083	0.33957565118	0.0543035454798	0.0649500642571
-sek	0.0822917406434	0.207708969533	0.606313472054	0.103685817769
-loŋ	0.287122796534	0.66626829997	0.0295787272184	0.0170301762772
-sei	0.462738475924	0.389367490141	0.0381127482408	0.109781285694
-ino	0.0	1.0	0.0	0.0
-kŋa	0.0961978928081	0.420064131929	0.048098946404	0.435639028859
-uip	0.354574280292	0.0445287421864	0.00547052338879	0.595426454133
-kŋe	0.71469740634	0.190201729107	0.0864553314121	0.00864553314121
-ine	0.303117576078	0.209011066881	0.0432045583715	0.444666798669
-sea	0.027397260274	0.972602739726	0.0	0.0
-ŋnâ	0.180995475113	0.690045248869	0.0339366515837	0.0950226244344
-uin	0.594994950062	0.298395241836	0.059477050836	0.0471327572663
-erâ	0.2	0.781609195402	0.0183908045977	0.0
-set	0.412162162162	0.426850763807	0.0517038777909	0.10928319624
-kne	0.444043711905	0.238936776427	0.113066685902	0.203952825765
-aam	0.407956200051	0.397651880011	0.0501050856168	0.144286834321
-âne	0.362336131423	0.155608339556	0.0473718937744	0.434683635247
-kut	0.177181521165	0.364709567688	0.0241889574853	0.433919953662
-âna	0.405118631531	0.216842043258	0.0386724837343	0.339366841476
-tku	0.375	0.541666666667	0.0	0.0833333333333
-eik	0.6059972106	0.308577405858	0.00697350069735	0.0784518828451
-net	0.170104741345	0.149023213667	0.0214546520615	0.659417392927
-ian	0.57741833855	0.219807919394	0.0417279695852	0.161045772472
-nep	0.355858250434	0.234246840179	0.0330013586121	0.376893550775
-nen	0.0789205753915	0.0275352541873	0.00629597229535	0.887248198126
-iat	0.624418691869	0.15348409841	0.01500150015	0.207095709571
-kue	0.232311118725	0.594997430187	0.172691451088	0.0
-nem	0.534844952148	0.242558205165	0.046738679033	0.175858163655
-nek	0.404324854058	0.171631196062	0.0248830816539	0.399160868226
-kua	0.49891236793	0.377563704164	0.0512740832815	0.072249844624
-nei	0.424855491329	0.410404624277	0.0780346820809	0.0867052023121
-saŋ	0.19463200708	0.452858520868	0.2681410913	0.0843683807516
-kun	0.171513859864	0.800442404756	0.0158508069542	0.0121929284264
-kum	0.354110086458	0.311893845855	0.127693849611	0.206302218076
-tki	0.540372670807	0.422360248447	0.0186335403727	0.0186335403727
-kuk	0.156004833445	0.364492217793	0.376521723448	0.102981225314
-kui	0.441095092937	0.280141764572	0.05239403642	0.226369106071
-nea	0.0451127819549	0.834586466166	0.12030075188	0.0
-uum	0.23943091008	0.247552343302	0.050173869239	0.462842877379
-bam	0.432798251573	0.364349339712	0.0506556043305	0.152196804385
-bak	0.180173243503	0.655822906641	0.146679499519	0.0173243503369
-eko	0.0985445724681	0.846876895088	0.0	0.0545785324439
-unâ	0.182951754275	0.456221806619	0.0661538350233	0.294672604083
-iap	0.732763220759	0.0640514990619	0.0234274253993	0.17975785478
-sâŋ	0.351997424721	0.233112921781	0.122790167499	0.292099485999
-rei	0.31930744579	0.25700253881	0.175219544679	0.24847047072
-eku	0.267331218849	0.668781150884	0.0299048482102	0.0339827820571
-eip	0.582079286413	0.122344688245	0.0323983603571	0.263177664986
-bat	0.500220571691	0.185995932957	0.0578155187123	0.25596797664
-uup	0.120989042001	0.810954621873	0.0394010367043	0.0286552994213
-bap	0.425924244235	0.194364448825	0.0530689470554	0.326642359884
-ogi	0.539143370398	0.269120573127	0.0936057549011	0.0981303015738
-ase	0.0	1.0	0.0	0.0
-mbu	0.0693495839308	0.834897975251	0.0150336897956	0.0807187510228
-asa	0.0568373663478	0.919527293191	0.0202588632527	0.00337647720879
-aso	0.0432822362488	0.940486925158	0.0	0.0162308385933
-asi	0.0243625142115	0.961019977262	0.00487250284229	0.00974500568458
-yei	0.0230915647539	0.580446415424	0.211388552512	0.18507346731
-mba	0.229552109326	0.655209029338	0.0680325807884	0.047206280547
-mbe	0.142755881552	0.675365126849	0.119654616571	0.0622243750282
-yen	0.333403184785	0.103608084828	0.0584822088353	0.504506521552
-zot	0.419406575782	0.335204490778	0.118684843625	0.126704089815
-mbi	0.409061230296	0.264211532945	0.0865739700655	0.240153266693
-zop	0.753623072828	0.241352773353	0.00502415381884	0.0
-aeŋ	0.0	0.911764705882	0.0882352941177	0.0
-mbo	0.267745004757	0.664319695528	0.0599429115128	0.00799238820171
-430	0.478260869565	0.0186335403727	0.0	0.503105590062
-kŋâ	0.237670274743	0.245126748676	0.115374236578	0.401828740002
-rap	0.315545243619	0.5313225058	0.0	0.15313225058
-ran	0.613230650383	0.272007613617	0.0429261455268	0.0718355904735
-rao	0.0213980028531	0.978601997147	0.0	0.0
-iwa	0.0316205533597	0.887069452287	0.076792772445	0.00451722190853
-ram	0.0962530256481	0.874793651355	0.00567712215619	0.0232762008404
-rak	0.104752894034	0.332390917186	0.36713601959	0.19572016919
-iwe	0.553553932993	0.132509415645	0.035359307356	0.278577344006
-ero	0.0224311799829	0.956166003586	0.00488472687307	0.0165180895576
-knâ	0.375865861413	0.362673501451	0.0339458309859	0.22751480615
-era	0.0609929078014	0.919858156028	0.00212765957447	0.0170212765958
-rae	0.0378630502097	0.899658997374	0.0142672363109	0.0482107161055
-ere	0.075	0.925	0.0	0.0
-âuk	0.12104622871	0.707961611246	0.0608272506083	0.110164909435
-ânâ	0.228108370264	0.601399933676	0.0627131097711	0.107778586289
-lâŋ	0.334138349329	0.313730811044	0.0675354260914	0.284595413535
-âum	0.0624999999999	0.875	0.0	0.0625
-pot	0.392070484582	0.286894273128	0.138215859031	0.18281938326
-tkâ	0.18580708628	0.689031360776	0.0287555759087	0.0964059770349
-uge	0.384615384615	0.416666666667	0.160256410256	0.0384615384615
-upe	0.192452830189	0.0560646900269	0.0420485175203	0.709433962264
-uga	0.368604867844	0.313211947799	0.0521168330758	0.266066351281
-âup	0.325757575758	0.416666666667	0.242424242424	0.0151515151515
-âut	0.283018867924	0.283018867925	0.150943396226	0.283018867925
-ike	0.0966386554621	0.805602240896	0.0775910364146	0.0201680672269
-tpi	0.366569009914	0.410392996611	0.0552364261514	0.167801567324
-ika	0.229910021719	0.573068569656	0.0636053366429	0.133416071983
-iko	0.0249125874126	0.962631118881	0.00655594405594	0.00590034965035
-aat	0.33180470293	0.188212852874	0.0402883203259	0.43969412387
-lan	0.330719845241	0.27531508015	0.334672672076	0.0592924025332
-gaŋ	0.696146044625	0.00933062880324	0.0	0.294523326572
-aap	0.602467443454	0.108260320239	0.032535900972	0.256736335334
-iki	0.380282269453	0.322413466891	0.0555681995794	0.241736064077
-lak	0.125462265443	0.660548783272	0.138748116696	0.0752408345889
-lat	0.448559670782	0.460905349794	0.0658436213992	0.0246913580247
-lau	0.143344709898	0.806796260573	0.0124647573824	0.0373942721472
-iku	0.142108709889	0.793058284217	0.0255402750491	0.0392927308448
-aan	0.417691119502	0.205192726021	0.121529666693	0.255586487784
-aai	0.221476510067	0.543624161074	0.234899328859	0.0
-nom	0.621235696714	0.187367415496	0.0912754065722	0.100121481218
-aak	0.711340206186	0.164948453608	0.0618556701031	0.0618556701031
-noa	0.0325313453067	0.943070145713	0.0	0.02439850898
-gek	0.609756097561	0.230598669623	0.0931263858093	0.0665188470067
-gei	0.294272779503	0.125101061958	0.0257873212451	0.554838837294
-gen	0.267664772602	0.258851723903	0.240579460481	0.232904043015
-gem	0.246758357875	0.122350469605	0.0696874516367	0.561203720883
-bon	0.394988583343	0.244873027428	0.198636965063	0.161501424166
-boo	0.0487238979118	0.951276102088	0.0	0.0
-boi	0.364	0.492	0.096	0.048
-âwe	0.537362142884	0.141431469975	0.0338725183316	0.28733386881
-bot	0.473042219112	0.309048198143	0.0502821868395	0.167627395906
-don	0.0547062260754	0.832631742132	0.0522615881799	0.0604004436123
-dom	0.0650291483008	0.180108061993	0.200909995735	0.553952793971
-dok	0.0255427841635	0.941251596424	0.0204342273308	0.0127713920817
-get	0.337788355914	0.514372024899	0.0512632735262	0.096576345661
-sap	0.550075322953	0.180194478618	0.0512737180989	0.21845648033
-sau	0.0	1.0	0.0	0.0
-sat	0.336733408891	0.119296478193	0.0128447298829	0.531125383033
-ton	0.416666666667	0.377450980392	0.0294117647059	0.176470588235
-too	0.318966047651	0.513099938835	0.0190373472217	0.148896666293
-ooŋ	0.674242424242	0.325757575758	0.0	0.0
-tom	0.115566037736	0.750786163522	0.110062893082	0.0235849056604
-pkâ	0.235709203823	0.461299744482	0.0521706446627	0.250820407032
-tok	0.229819017524	0.0758402757829	0.0132145935076	0.681126113186
-iaŋ	0.178761160922	0.752735474491	0.0469737357168	0.0215296288702
-oot	0.255050604331	0.42154320892	0.23396729764	0.0894388891086
-oli	0.255090555612	0.516729765681	0.0864627033664	0.14171697534
-saa	0.625182162635	0.262605654328	0.0160303118624	0.0961818711746
-ibi	0.398321557098	0.129302214972	0.0362843738225	0.436091854107
-top	0.126161517237	0.300829238731	0.159519565464	0.413489678569
-olo	0.044931178585	0.894064700897	0.0319997662118	0.0290043543061
-sak	0.239473684211	0.560526315789	0.129605263158	0.0703947368421
-ibe	0.238747026881	0.384855148442	0.195338476539	0.181059348137
-sai	0.463659733583	0.223182986679	0.113928487965	0.199228791774
-kuŋ	0.250531632111	0.488968633705	0.203349282297	0.0571504518873
-san	0.321843644798	0.167742033392	0.0356426528129	0.474771668998
-sam	0.163033175356	0.75355450237	0.072037914692	0.0113744075829
-rot	0.204808111644	0.36859074201	0.0775652607314	0.349035885615
-gep	0.040632054176	0.959367945824	0.0	0.0
-ien	0.438322902773	0.16705995007	0.0413802537533	0.353236893403
-itâ	0.504758674342	0.0392278432371	0.0288178128915	0.427195669529
-roa	0.0236353404614	0.969611705121	0.0	0.00675295441757
-hai	0.267326732673	0.613861386139	0.0	0.118811881188
-eoŋ	0.038560411311	0.853470437018	0.0771208226221	0.0308483290488
-lot	0.169032698129	0.167412712623	0.609839280385	0.0537153088631
-iet	0.341349883631	0.455391776571	0.11093871218	0.0923196276183
-lop	0.382238491848	0.505338422315	0.0674538515025	0.044969234335
-rok	0.248366013072	0.401960784314	0.31045751634	0.0392156862745
-ipi	0.0162822252374	0.963364993216	0.0	0.0203527815468
-lap	0.235717961915	0.307428375365	0.19986275519	0.256990907531
-ikâ	0.1779319521	0.172454783384	0.0563727282032	0.593240536312
-buŋ	0.295481964748	0.0770095749629	0.0492559043823	0.578252555907
-sât	0.1735395189	0.481207044673	0.210910652921	0.134342783505
-ipa	0.0556978811899	0.939238675066	0.00126586093613	0.0037975828084
-mpa	0.0487804878049	0.951219512195	0.0	0.0
-sâp	0.0626711041924	0.446615491975	0.148303720006	0.342409683826
-mat	0.470762196035	0.280743287067	0.0708001137532	0.177694403145
-rde	0.0	1.0	0.0	0.0
-ewe	0.483720930233	0.362790697674	0.0558139534884	0.0976744186047
-sâm	0.0670088675757	0.0254290150363	0.010957147022	0.896604970366
-sâk	0.153167395267	0.611540384895	0.0598635285768	0.175428691262
-ewa	0.157303370787	0.831460674157	0.0112359550562	0.0
-sâi	0.195477433233	0.0771383917727	0.0339779062121	0.693406268782
-ewi	0.0619811842833	0.918096292197	0.0	0.0199225235196
-baŋ	0.552967693464	0.187828700225	0.180315552216	0.0788880540947
-uuŋ	0.251672749392	0.380322384428	0.198600973236	0.169403892944
-awe	0.651695160823	0.134220354809	0.0212498792621	0.192834605106
-l44	0.0769230769231	0.211538461538	0.0	0.711538461538
-lâm	0.146859880295	0.466249122742	0.0696319542348	0.317259042729
-lâk	0.0784683526218	0.653493356194	0.200600085727	0.0674382054579
-ido	0.0477707006369	0.656050955414	0.0382165605095	0.257961783439
-put	0.202054794521	0.616438356164	0.154109589041	0.027397260274
-276	0.0	0.109090909091	0.0	0.890909090909
-ŋon	0.686567164179	0.205970149254	0.0179104477612	0.089552238806
-bit	0.1722920803	0.767041694242	0.0291197882197	0.031546437238
-bân	0.123719608174	0.472655671535	0.0259552897081	0.377669430583
-poŋ	0.179980436909	0.624193022498	0.0688620802086	0.126964460385
-sto	0.00948467597537	0.977849016003	0.0018467517243	0.0108195562978
-oba	0.04	0.605714285714	0.0685714285714	0.285714285714
-lâu	0.259236067627	0.396368190357	0.170319348779	0.174076393237
-pku	0.575757575758	0.242424242424	0.181818181818	0.0
-tin	0.139254294093	0.298198575618	0.239715123586	0.322832006703
-ibâ	0.122839471113	0.810218037817	0.0230579691463	0.0438845219235
-tio	0.0	1.0	0.0	0.0
-bâm	0.719298245614	0.181286549708	0.0263157894737	0.0730994152046
-raŋ	0.46357615894	0.53642384106	0.0	0.0
-mue	0.111386138614	0.747524752475	0.118811881188	0.0222772277228
-lei	0.586419753086	0.146464646465	0.19696969697	0.0701459034793
-oit	0.290827740492	0.561521252797	0.127516778523	0.0201342281879
-nâŋ	0.491525423729	0.305084745763	0.152542372881	0.0508474576271
-ion	0.0281690140845	0.295774647887	0.0	0.676056338028
-iom	0.405405405405	0.477477477477	0.103603603604	0.0135135135135
-pnâ	0.118427991934	0.557936037042	0.058852970182	0.264783000842
-mum	0.0770416024653	0.0446841294299	0.585516178737	0.292758089368
-mun	0.0791263136204	0.702520777526	0.172951438972	0.0454014698812
-mut	0.0372928359194	0.759152195444	0.0307428194123	0.172812149224
-lep	0.289727279509	0.398484392563	0.156128855969	0.15565947196
-oin	0.302327317571	0.602290542801	0.0570589585275	0.0383231811005
-obe	0.416777855113	0.19874854538	0.249960797476	0.134512802031
-oik	0.328214152402	0.31914893617	0.0543912973924	0.298245614035
-âiŋ	0.311599761509	0.195108255542	0.263625604015	0.229666378934
-eem	0.0652173913044	0.739130434783	0.0	0.195652173913
-âma	0.0384993874296	0.914806355531	0.00430826478379	0.0423859922558
-âtâ	0.216648212815	0.531456718621	0.123087187349	0.128807881214
-âme	0.453923813471	0.218405599997	0.0795777589187	0.248092827613
-git	0.486412610191	0.163823147536	0.0428236258855	0.306940616387
-ndu	0.133005810171	0.748649425815	0.0759462176785	0.0423985463355
-gip	0.480733238116	0.178654007511	0.0475654811331	0.29304727324
-gio	0.0111111111111	0.922222222222	0.0666666666666	0.0
-ruŋ	0.85393258427	0.0727032385988	0.00198281559815	0.0713813615334
-gim	0.450392755666	0.156504353939	0.0631616393574	0.329941251037
-alm	0.0483091787439	0.90499194847	0.0	0.0466988727858
-oŋi	0.17534483224	0.80273706373	0.019650713958	0.00226739007207
-ndo	0.134983127109	0.84701912261	0.0179977502812	0.0
-ali	0.174403868276	0.63117822535	0.0520579461483	0.142359960225
-nda	0.474740985847	0.366560658359	0.0476636699995	0.111034685794
-eet	0.0567592204788	0.863566768771	0.0490301604617	0.0306438502885
-gie	0.246289169874	0.460142935679	0.24079164376	0.0527762506872
-âlâ	0.272199119503	0.413830619665	0.154928821733	0.159041439099
-nde	0.0400235432607	0.885618991564	0.0484598783598	0.0258975868158
-gia	0.318767864187	0.327815590737	0.102346872782	0.251069672294
-ala	0.0	1.0	0.0	0.0
-lon	0.410852713178	0.480620155039	0.0620155038759	0.046511627907
-paŋ	0.358267716535	0.61220472441	0.0236220472441	0.00590551181102
-120	0.0	0.093023255814	0.0	0.906976744186
-iga	0.400848687884	0.347761027359	0.14445561139	0.106934673367
-yop	0.0309278350515	0.845360824742	0.0927835051546	0.0309278350515
-nat	0.350521609538	0.221024085464	0.0597398188736	0.368714486125
-abâ	0.537604456825	0.371655271377	0.0590866886131	0.0316535831856
-duŋ	0.179565859757	0.719968178202	0.0292646891692	0.0712012728719
-bim	0.28157589803	0.580533024334	0.0996523754345	0.0382387022016
-pem	0.507537688442	0.276381909548	0.192629815745	0.0234505862647
-pen	0.20273531778	0.740949316171	0.0337892196299	0.0225261464199
-loi	0.0549450549451	0.923076923077	0.010989010989	0.010989010989
-pei	0.40157480315	0.346456692913	0.165354330709	0.0866141732283
-âku	0.335923490735	0.592349073521	0.0502092050209	0.0215182307232
-pet	0.209535759097	0.511292346299	0.139899623588	0.139272271016
-153	0.0545454545455	0.0818181818182	0.0272727272727	0.836363636364
-eli	0.0	0.969696969697	0.030303030303	0.0
-elo	0.00832755031228	0.726578764747	0.265093684941	0.0
-ogo	0.0	0.984251968504	0.0157480314961	0.0
-oga	0.437590414062	0.229549362666	0.0245653301307	0.308294893141
-mgu	0.952334152334	0.0299754299754	0.0	0.0176904176905
-ela	0.226107226107	0.668997668998	0.048951048951	0.055944055944
-oge	0.291512263985	0.350273513323	0.137638962414	0.220575260279
-ele	0.0	0.925490196078	0.0470588235294	0.0274509803922
-esu	0.0213008787248	0.780778032812	0.00347389032505	0.194447198138
-diŋ	0.338880473555	0.357825446575	0.0855804602916	0.217713619579
-ito	0.0493054196831	0.902954412052	0.0242613969869	0.0234787712777
-esi	0.0928894567252	0.874326029137	0.028686449871	0.00409806426728
-rie	0.28231292517	0.414965986394	0.204081632653	0.0986394557823
-eso	0.0217033870438	0.943768497205	0.00789214074318	0.0266359750082
-iti	0.0	1.0	0.0	0.0
-ite	0.0	1.0	0.0	0.0
-aku	0.142857142857	0.857142857143	0.0	0.0
-ese	0.178890876565	0.821109123435	0.0	0.0
-ita	0.0680603397078	0.840717424872	0.0760185295166	0.0152037059033
-âtu	0.120667522465	0.709884467266	0.0827984595635	0.0866495507061
-spa	0.0614203454894	0.846449136276	0.0921305182342	0.0
-udu	0.0	1.0	0.0	0.0
-keŋ	0.0	0.950103950104	0.0	0.0498960498961
-spo	0.0	0.976	0.024	0.0
-âte	0.30160795502	0.205285838775	0.0310966802354	0.462009525969
-uda	0.0724430272551	0.731029980177	0.120273166393	0.0762538261746
-suŋ	0.244755244755	0.566433566434	0.157342657343	0.0314685314685
-orâ	0.0816485225505	0.422628304821	0.484059097978	0.0116640746501
-ndâ	0.286727466785	0.390518927168	0.0877142089508	0.235039397096
-alâ	0.0492484809722	0.833706427886	0.0240912482678	0.0929538428739
-oŋâ	0.0783464906496	0.805611444517	0.0342634392547	0.0817786255788
-rim	0.135338345865	0.669172932331	0.15037593985	0.0451127819549
-abe	0.467275494673	0.371385083714	0.0730593607306	0.0882800608828
-iân	0.0232558139535	0.255813953488	0.674418604651	0.046511627907
-bâu	0.172187321531	0.580944222349	0.126023224824	0.120845231296
-aba	0.0271901126863	0.958415121774	0.00523446019629	0.00916030534351
-abo	0.0296495956873	0.962264150943	0.0	0.00808625336928
-abi	0.675544140867	0.134741070893	0.0667359542702	0.12297883397
-aiŋ	0.0601699427667	0.879989812783	0.0262110161641	0.033629228286
-tiŋ	0.145631067961	0.174757281553	0.679611650485	0.0
-yâm	0.220913107511	0.779086892489	0.0	0.0
-yân	0.276315404733	0.558008527497	0.0683546836727	0.0973213840969
-yâk	0.237614564165	0.327936839113	0.120710373558	0.313738223165
-kom	0.376958106974	0.164554886138	0.0782018489274	0.380285157961
-sot	0.000720915744739	0.000456041472513	0.00014135602838	0.998681686754
-koo	0.0740740740741	0.925925925926	0.0	0.0
-kon	0.457396449704	0.154184277261	0.155367709214	0.233051563821
-koi	0.432379265061	0.324211783539	0.0967683984697	0.14664055293
-rit	0.326203208556	0.491978609626	0.0641711229947	0.117647058824
-oru	0.279933863335	0.604614245344	0.0136444111539	0.101807480168
-kot	0.112649033849	0.819651911745	0.027956694532	0.0397423598739
-bât	0.407578165961	0.227536388679	0.0577558442423	0.307129601119
-ori	0.562871019968	0.251680321837	0.0760437619585	0.109404896237
-kop	0.217800021184	0.705274864951	0.045148818981	0.031776294884
-kos	0.0	0.986013986014	0.0	0.013986013986
-ora	0.0137299771167	0.967963386728	0.0091533180778	0.0091533180778
-eŋi	0.680325995887	0.205042272831	0.0	0.114631731282
-ore	0.152677959164	0.713529705791	0.0426539140507	0.0911384209945
-tna	0.382661592524	0.208205636552	0.0669882881971	0.342144482727
-tne	0.260532438647	0.133935564188	0.0542121063918	0.551319890773
-tni	0.427152317881	0.201986754967	0.331125827815	0.0397350993378
-rup	0.163157894737	0.794736842105	0.0421052631579	0.0
-lip	0.15277358792	0.140463933032	0.172207077908	0.53455540114
-tno	0.817021276596	0.157446808511	0.0	0.0255319148936
-nbâ	0.752123938031	0.121939030485	0.125937031484	0.0
-lim	0.57898570388	0.0873620017424	0.0245647609934	0.309087533384
-lin	0.0709259622662	0.610421163784	0.243615261697	0.0750376122527
-rui	0.436190476191	0.289523809524	0.171428571429	0.102857142857
-giŋ	0.33916949573	0.314563083106	0.250375840303	0.0958915808608
-rum	0.452350666561	0.0902309016577	0.0583953351371	0.399023096645
-lie	0.0	1.0	0.0	0.0
-oma	0.0955734406439	0.670007999806	0.145693437735	0.0887251218152
-rua	0.534375	0.390625	0.05625	0.01875
-lia	0.00116867939228	0.990066225166	0.008180755746	0.000584339696142
-ome	0.36247087131	0.443850108129	0.110013508388	0.0836655121732
-ipo	0.00180505415162	0.998194945848	0.0	0.0
-ioŋ	0.0692398350029	0.892751915144	0.0300530347672	0.00795521508543
-nân	0.122004277695	0.258564724923	0.0111045166666	0.608326480715
-âit	0.431926076636	0.351051203798	0.0356052899288	0.181417429637
-leŋ	0.0212765957447	0.914893617021	0.0382978723404	0.0255319148936
-nâk	0.277189209307	0.24709411112	0.0572290742343	0.418487605338
-âip	0.500147688553	0.0833310467164	0.0137616677992	0.402759596931
-144	0.0	0.047619047619	0.0	0.952380952381
-muŋ	0.624141213476	0.202756394338	0.123416935684	0.049685456502
-gâm	0.325757305765	0.161299033131	0.0258576913795	0.487085969725
-ili	0.0	1.0	0.0	0.0
-ode	0.0181818181818	0.943434343434	0.0222222222222	0.0161616161616
-nŋâ	0.197806076174	0.564175442966	0.0918355586016	0.146182922258
-eai	0.170149253731	0.794029850746	0.0358208955224	0.0
-nâu	0.625778182069	0.307272778958	0.00255840680293	0.0643906321701
-âim	0.352318154866	0.0412108692363	0.00693803241574	0.599532943482
-eam	0.08166969147	0.896551724138	0.021778584392	0.0
-âik	0.135625214682	0.26934129496	0.324330499534	0.270702990824
-pân	0.0513513513514	0.943243243243	0.0	0.00540540540539
-ana	0.0778897498695	0.783996466857	0.0441642911631	0.0939494921106
-âba	0.0	0.956043956044	0.043956043956	0.0
-sâu	0.00603722958243	0.660908938454	0.333053831964	0.0
-zet	0.25152026328	0.0634813375703	0.0383632340225	0.646635165127
-are	0.119170984456	0.677276091784	0.182087342709	0.0214655810511
-âbi	0.432223529867	0.189202564515	0.0553066459107	0.323267259707
-gap	0.403868962136	0.241052841013	0.100135728065	0.254942468786
-ure	0.112716763006	0.78323699422	0.0693641618497	0.0346820809248
-ukâ	0.391923990499	0.37054631829	0.106888361045	0.130641330166
-irâ	0.155416263185	0.548993748538	0.0525831548389	0.243006833437
-nnâ	0.192661548532	0.326614038029	0.0452294306189	0.43549498282
-zei	0.24809022142	0.0535298499968	0.0791002146239	0.619279713959
-zen	0.0766687200549	0.0249714309587	0.00471182922013	0.893648019766
-zem	0.353490284156	0.135159524335	0.0470752200854	0.464274971424
-nio	0.0666666666667	0.933333333333	0.0	0.0
-sân	0.31762446447	0.361796424878	0.0398877234451	0.280691387206
-wau	0.0	0.966666666667	0.0	0.0333333333334
-wat	0.357744653273	0.360466623461	0.152516742277	0.129271980989
-pam	0.311691744709	0.10804126929	0.0347785653205	0.545488420681
-pan	0.431063467349	0.152462421459	0.0365007625425	0.37997334865
-wap	0.274519748377	0.267536729398	0.06194278778	0.396000734445
-ŋen	0.134228187919	0.778523489933	0.0536912751678	0.0335570469798
-ŋem	0.503149606299	0.258530183727	0.0944881889763	0.143832020997
-api	0.489539602575	0.325321858382	0.10309963616	0.0820389028827
-apo	0.0	0.972190034762	0.0139049826188	0.0139049826188
-ŋei	0.462879276953	0.306864643856	0.0723047127179	0.157951366473
-ngâ	0.272706360893	0.517780861842	0.0285390377679	0.180973739496
-ŋet	0.0609137055837	0.903553299492	0.0355329949238	0.0
-due	0.612244897959	0.265306122449	0.0408163265306	0.0816326530612
-pap	0.567433141972	0.0497095148847	0.0275288819413	0.355328461202
-dui	0.498708010336	0.330749354005	0.031007751938	0.139534883721
-wam	0.672937771346	0.17510853835	0.151953690304	0.0
-duk	0.0623721881391	0.746932515337	0.170756646217	0.0199386503068
-wak	0.124280782509	0.789413118527	0.0655926352129	0.0207134637514
-dum	0.204082945278	0.102137950552	0.0619259564177	0.631853147753
-num	0.133818181818	0.827636363636	0.0210909090909	0.0174545454545
-kea	0.0	1.0	0.0	0.0
-ini	0.74735152488	0.197752808989	0.000963081861961	0.0539325842696
-kit	0.345896946565	0.180820610687	0.284351145038	0.18893129771
-ken	0.197474061975	0.462283466378	0.08419793416	0.256044537486
-kem	0.0530973451327	0.946902654867	0.0	0.0
-nue	0.0943396226415	0.905660377358	0.0	0.0
-kek	0.2451150824	0.0671719630067	0.0305959251791	0.657117029414
-kei	0.721374045801	0.278625954199	0.0	0.0
-mgâ	0.254925563838	0.525597511294	0.0242324680454	0.195244456823
-sum	0.393735378681	0.0934469703734	0.0116970551994	0.501120595746
-ket	0.458285714286	0.361142857143	0.0182857142857	0.162285714286
-suk	0.150390625	0.21435546875	0.062255859375	0.572998046875
-sui	0.566067362801	0.0949988223286	0.0712098610349	0.267723953835
-kep	0.445673480818	0.510081209745	0.00588070568468	0.0383646037524
-omâ	0.679180887372	0.238907849829	0.0819112627986	0.0
-nim	0.477747289047	0.198254450219	0.0570236938892	0.266974566845
-kme	0.418595502445	0.320478539531	0.128534954691	0.132391003332
-sua	0.143540669856	0.799043062201	0.0143540669856	0.043062200957
-die	0.63208024851	0.11001031201	0.00701727501141	0.250892164469
-tân	0.0786191939274	0.857672148925	0.0352430869329	0.0284655702151
-dia	0.111720430794	0.278726514769	0.0278343473292	0.581718707107
-wât	0.277802431881	0.498535546286	0.0319517174048	0.191710304429
-wâu	0.0518381129025	0.913920197841	0.0240167403814	0.0102249488753
-lio	0.00536672629696	0.940966010733	0.0	0.0536672629696
-dim	0.18194012818	0.0642119246576	0.0172855261501	0.736562421013
-dio	0.126984126984	0.756613756614	0.0	0.116402116402
-dik	0.358146181189	0.41231364442	0.0807473340743	0.148792840317
-nŋe	0.467889908257	0.238532110092	0.0	0.293577981651
-dip	0.386918332755	0.24753708966	0.0219073968895	0.343637180695
-nŋa	0.161481999301	0.238727717581	0.599790283118	0.0
-ina	0.470656855707	0.209066164154	0.0534667384542	0.266810241685
-wâi	0.456441717791	0.20245398773	0.196319018405	0.144785276074
-oro	0.0	1.0	0.0	0.0
-âbâ	0.0578387897693	0.0288675519137	0.0123500890828	0.900943569234
-ske	0.0217391304348	0.978260869565	0.0	0.0
-uku	0.262914993341	0.52261172338	0.0380028964369	0.176470386842
-urâ	0.551724137931	0.241379310345	0.0344827586207	0.172413793103
-koŋ	0.113240418118	0.822299651568	0.0121951219512	0.0522648083624
-uit	0.383480825959	0.509587020649	0.0294985250737	0.0774336283186
-uka	0.131621187801	0.745746388443	0.0841091492776	0.0385232744783
-soŋ	0.0893246187363	0.868191721133	0.0392156862745	0.00326797385621
