-euu	0.294736842105	0.705263157895	0.0	0.0
-heu	0.722717149221	0.167037861915	0.0384187082405	0.0718262806236
-hew	0.0134831460674	0.979775280899	0.00674157303372	0.0
-eus	0.017851128326	0.929605927922	0.013135735938	0.0394072078141
-hes	0.129032258064	0.806451612903	0.0645161290322	0.0
-hel	0.204081632653	0.795918367347	0.0	0.0
-hem	0.0187927107061	0.981207289294	0.0	0.0
-hen	0.18791064389	0.721419185282	0.0407358738503	0.0499342969777
-hei	0.47680890538	0.374768089054	0.117501546073	0.0309214594929
-rbe	0.0134529147982	0.986547085202	0.0	0.0
-hee	0.190437257812	0.260543312016	0.141159554292	0.40785987588
-hea	0.0893169877408	0.847635726795	0.0105078809107	0.0525394045534
-ion	0.0811025708985	0.86827458256	0.0469122714021	0.00371057513914
-aus	0.121212121212	0.848484848485	0.020202020202	0.010101010101
-aen	0.0281690140845	0.915492957747	0.056338028169	0.0
-zin	0.0	1.0	0.0	0.0
-aui	0.333333333333	0.537037037037	0.12962962963	0.0
-nse	0.0744314266024	0.925568573398	0.0	0.0
-aum	0.013698630137	0.966894977169	0.00456621004566	0.0148401826484
-aul	0.0198497696664	0.955194976673	0.00225932337666	0.0226959302837
-uaa	0.0899617184177	0.121650361548	0.0146746065504	0.773713313484
-puu	0.51001150748	0.31415420023	0.159263521289	0.0165707710011
-pus	0.00662251655628	0.993377483444	0.0	0.0
-uai	0.195570299266	0.156808117792	0.127309956103	0.520311626838
ALL	0.2198221852	0.31472668667	0.0583327717634	0.407118356367
-her	0.0314136125654	0.968586387435	0.0	0.0
-yre	0.0	0.993288590604	0.0	0.00671140939599
-lta	0.0	1.0	0.0	0.0
-cas	0.0	0.983146067416	0.0168539325843	0.0
-ape	0.0840407470288	0.842105263158	0.0687606112054	0.0050933786078
-fig	0.0	0.971269337946	0.0287306620544	0.0
-ake	0.363331597294	0.599692013686	0.0	0.0369763890205
-dea	0.0132327890648	0.966699904441	0.0135236195937	0.00654368690016
-ims	0.0	0.219512195122	0.560975609756	0.219512195122
-yst	0.0	0.640410958904	0.359589041096	0.0
-dee	0.487310815395	0.0940302884521	0.0531157765768	0.365543119576
-dek	0.10078387458	0.868980963046	0.0235162374021	0.00671892497201
-ima	0.0686872304811	0.576790582506	0.0331873302	0.321334856813
-der	0.0541976620616	0.945802337938	0.0	0.0
-des	0.155440414508	0.758203799655	0.0345423143351	0.0518134715026
-imi	0.09375	0.90625	0.0	0.0
-imo	0.3125	0.625	0.0	0.0625
-lla	0.0203755493408	0.970035956852	0.00958849380743	0.0
-ech	0.0	1.0	0.0	0.0
-obo	0.442770986848	0.254345175803	0.259405107402	0.0434787299464
-idi	0.355185852921	0.351649326225	0.0954935100908	0.197671310762
-wae	0.152189727921	0.778262767351	0.0587225374654	0.0108249672632
-ece	0.0575888051668	0.509687836383	0.402045209903	0.0306781485468
-ida	0.338732075305	0.161811236799	0.373669806213	0.125786881683
-bia	0.0473372781065	0.92899408284	0.0	0.0236686390532
-idu	0.16225010528	0.394131129189	0.248831026703	0.194787738828
-ter	0.0168655366074	0.971458322664	0.00583807036411	0.0058380703641
-tes	0.0	1.0	0.0	0.0
-eki	0.0	0.770992366412	0.114503816794	0.114503816794
-ria	0.0200037043897	0.910724208187	0.057603259863	0.0116688275607
-rin	0.135593220339	0.830508474576	0.0	0.0338983050847
-uth	0.0	1.0	0.0	0.0
-rim	0.0	1.0	0.0	0.0
-rii	0.203389830508	0.694915254237	0.0677966101695	0.0338983050847
-tee	0.252720116461	0.562657033482	0.154537121907	0.0300857281501
-tei	0.238166440685	0.421883362416	0.052841999518	0.287108197381
-ard	0.0064935064935	0.898268398268	0.0865800865801	0.00865800865801
-mew	0.0	0.950495049505	0.0	0.049504950495
-ara	0.0	1.0	0.0	0.0
-mes	0.000915750915751	0.992673992674	0.00549450549451	0.00091575091575
-lus	0.0833799664241	0.849468382764	0.047006155568	0.0201454952434
-luu	0.680448222566	0.149536321484	0.129443585781	0.04057187017
-ark	0.0871886120996	0.898576512456	0.00889679715304	0.00533807829183
-mee	0.0470272943146	0.196626615359	0.0531488742502	0.703197216076
-lui	0.31668735772	0.605529782489	0.0	0.0777828597908
-mea	0.0	1.0	0.0	0.0
-lun	0.0	0.973559962228	0.0132200188857	0.0132200188858
-lua	0.213435848402	0.218218316289	0.123605034125	0.444740801184
-men	0.00784427658338	0.0801859384079	0.00871586287042	0.903253922138
-ary	0.012364835378	0.831207874703	0.00116374921204	0.155263540707
-pha	0.0	1.0	0.0	0.0
-alu	0.152416691561	0.415623478186	0.252595523872	0.17936430638
-aua	0.133837831494	0.167679397376	0.0354553553804	0.663027415749
-gon	0.0321802091714	0.956958970233	0.00844730490748	0.00241351568785
-ubu	0.414954043168	0.463595992977	0.0945987813694	0.0268511824848
-xad	0.0	1.0	0.0	0.0
-ili	0.583603001703	0.302278888075	0.0350967162009	0.0790213940204
-ube	0.18	0.74	0.06	0.02
-umu	0.505013338239	0.377702143317	0.066231257474	0.0510532609696
-oam	0.0	0.961538461538	0.0	0.0384615384616
-eeu	0.898983801446	0.0574373095912	0.00516319285681	0.0384156961063
-nua	0.0874671744618	0.591222398414	0.0813611549115	0.239949272213
-umi	0.749284752609	0.198123527432	0.00849882194547	0.0440928980141
-umk	0.0727272727273	0.818181818182	0.0	0.109090909091
-nah	0.0132206396946	0.942710561323	0.0264412793893	0.0176275195928
-nai	0.261794753808	0.142408812144	0.0469884185544	0.548808015494
-nan	0.015625	0.984375	0.0	0.0
-nam	0.0	1.0	0.0	0.0
-sis	0.0	1.0	0.0	0.0
-kii	0.537293863457	0.215531488264	0.0113581348224	0.235816513456
-naa	0.230791080812	0.640331121797	0.0313470083389	0.0975307890519
-ies	0.15541498069	0.728780674931	0.0	0.115804344378
-kim	0.0	1.0	0.0	0.0
-nae	0.0596421471173	0.848906560636	0.0576540755467	0.0337972166998
-kis	0.478168264111	0.393326233582	0.0646077387291	0.0638977635783
-sin	0.268199233716	0.547892720307	0.168582375479	0.0153256704981
-nas	0.040490797546	0.915337423313	0.0147239263804	0.0294478527607
-sia	0.00787401574803	0.98398045072	0.0	0.00814553353245
-nau	0.359529929074	0.297275910379	0.0328296958549	0.310364464692
-mos	0.0311958405546	0.948006932409	0.0103986135182	0.0103986135182
-mor	0.0	0.976744186047	0.0232558139535	0.0
-goo	0.326816741242	0.626342342488	0.0282071211112	0.0186337951583
-nth	0.0218818380744	0.951859956236	0.00875273522975	0.0175054704595
-goa	0.836734693878	0.122448979592	0.0	0.0408163265306
-goe	0.0596019313824	0.0387425118917	0.00460101500154	0.897054541724
-god	0.0107629131627	0.953958740003	0.0108600074592	0.0244183393751
-gog	0.0491803278688	0.934426229508	0.0163934426229	0.0
-moe	0.333305592543	0.564497336884	0.0637483355526	0.03844873502
-cos	0.0	1.0	0.0	0.0
-moo	0.685714285714	0.285714285714	0.0285714285714	0.0
-mon	0.00667959491489	0.990950226244	0.00129282482224	0.00107735401853
-moi	0.912143241061	0.0336541883358	0.00866971159864	0.0455328590046
-kau	0.0729439427137	0.881664993049	0.0351738874164	0.010217176821
-ber	0.00401606425703	0.907407407407	0.0794288264168	0.00914770191878
-eor	0.0	1.0	0.0	0.0
-fox	0.0520231213873	0.92485549133	0.0231213872832	0.0
-cob	0.000516262261227	0.992514197212	0.00309757356737	0.0038719669592
-eoo	0.303664921466	0.623036649215	0.0523560209424	0.0209424083769
-eon	0.0694143167028	0.923644251627	0.0	0.00694143167028
-ben	0.0	0.763335837716	0.0	0.236664162284
-bel	0.0713765477058	0.919883466861	0.00436999271668	0.00436999271668
-bed	0.287878787879	0.712121212121	0.0	0.0
-bee	0.686626746507	0.226879574185	0.0425815036593	0.0439121756487
-ish	0.0	0.96	0.04	0.0
-ise	0.0	0.894859813084	0.105140186916	0.0
-rea	0.047500690417	0.883181441591	0.0381110190555	0.0312068489368
-red	0.0	1.0	0.0	0.0
-rez	0.0	1.0	0.0	0.0
-eve	0.137404580153	0.847328244275	0.0152671755725	0.0
-eva	0.0	1.0	0.0	0.0
-res	0.132075471698	0.754716981132	0.0974842767295	0.0157232704402
-ist	0.00420877845157	0.974617904998	0.00538728619658	0.0157860303543
-evi	0.0343763772587	0.947113265756	0.013221683561	0.00528867342442
-ret	0.0	0.986301369863	0.013698630137	0.0
-reu	0.0	1.0	0.0	0.0
-haa	0.177755906402	0.291536747034	0.102053015611	0.428654330952
-hab	0.0630472854641	0.915936952715	0.0105078809107	0.0105078809107
-hah	0.0	1.0	0.0	0.0
-hai	0.574327681648	0.105941407582	0.033644282963	0.286086627807
-mas	0.0128755364807	0.980686695279	0.00429184549357	0.00214592274678
-hak	0.18253968254	0.776190476191	0.0	0.0412698412698
-mau	0.205451831336	0.286790570289	0.0682770436464	0.439480554729
-ham	0.0414062799525	0.92416516505	0.0323582409999	0.00207031399762
-han	0.0	0.988906497623	0.0	0.0110935023772
-mai	0.187704848577	0.0368426715251	0.00755295525404	0.767899524644
-mah	0.0	1.0	0.0	0.0
-har	0.0532476862612	0.906816549043	0.0133119215653	0.0266238431306
-has	0.0883882149047	0.901213171577	0.00346620450606	0.00693240901213
-hat	0.00534883307847	0.994106814231	0.0	0.000544352691011
-hau	0.454003489095	0.506564368423	0.0135889229479	0.0258432195348
-man	0.0266429840142	0.626998223801	0.346358792185	0.0
-maa	0.0881946263631	0.0753737028913	0.0419348363714	0.794496834374
-haz	0.0	1.0	0.0	0.0
-mae	0.411901901194	0.464131740759	0.0903244045516	0.0336419534949
-uni	0.386095802628	0.300032653282	0.10110766132	0.21276388277
-dou	0.0462306621117	0.0359598043225	0.00865836177309	0.909151171793
-una	0.0607319652265	0.844707709872	0.075622526038	0.018937798864
-unu	0.0570088266157	0.171499701664	0.0482274756702	0.72326399605
-nki	0.0156862745098	0.976470588235	0.0	0.00784313725489
-ade	0.375113263678	0.345636642103	0.258321372154	0.020928722065
-tra	0.012671594509	0.955649419219	0.0316789862724	0.0
-gaa	0.255852156057	0.40862422998	0.314579055441	0.0209445585216
-ada	0.189334893184	0.467185114936	0.0369088068268	0.306571185053
-gao	0.14375	0.601785714286	0.211607142857	0.0428571428572
-gai	0.44789324169	0.430167556385	0.100406166268	0.0215330356577
-adi	0.572352967223	0.359727043932	0.0492073388571	0.0187126499879
-eia	0.444281459318	0.11280103017	0.036392662361	0.406524848151
-gau	0.165105726258	0.277522584603	0.0435140523908	0.513857636748
-adu	0.294560091214	0.256902725251	0.0263665607082	0.422170622827
-gar	0.237288135593	0.683615819209	0.045197740113	0.0338983050847
-hia	0.529911639466	0.270340354275	0.0917482572593	0.107999748999
-ohu	0.284122043067	0.195702610379	0.329206160447	0.190969186107
-ohp	0.0518370176384	0.931872448587	0.0117076176539	0.00458291612108
-seh	0.0	1.0	0.0	0.0
-ina	0.204462000188	0.571320572215	0.0818547182593	0.142362709338
-see	0.00365358592693	0.985047361299	0.00487144790258	0.00642760487145
-sea	0.0181818181818	0.981818181818	0.0	0.0
-ing	0.0268020141183	0.926891092534	0.0272637765032	0.0190431168444
-800	0.0	0.537162620372	0.0	0.462837379628
-uia	0.305360291949	0.565240267117	0.0626182750129	0.0667811659216
-ohn	0.0210620192486	0.950131916317	0.00972093196091	0.0190851324737
-oho	0.414142880347	0.459211076765	0.0410176997666	0.0856283431216
-int	0.163636363636	0.8	0.0363636363636	0.0
-ohi	0.189803336344	0.667844161399	0.0911835057995	0.0511689964583
-iaa	0.229302419239	0.645722490798	0.108407589677	0.0165675002854
-ood	0.156382357151	0.723723832606	0.0	0.119893810243
-ede	0.463870747561	0.380671858275	0.131742239734	0.0237151544297
-ooi	0.0804597701149	0.379226445172	0.100679587214	0.4396341975
-ial	0.0	1.0	0.0	0.0
-ian	0.0533807829181	0.829181494662	0.106761565836	0.0106761565836
-iai	0.343757543248	0.117339412632	0.205578650932	0.333324393188
-nes	0.00769230769232	0.934615384615	0.0358974358975	0.0217948717949
-oou	0.122063975435	0.188058258192	0.651714748619	0.038163017754
-fus	0.0	0.962962962963	0.037037037037	0.0
-ias	0.0505003273169	0.90769662396	0.0384363602357	0.0033666884878
-nei	0.0704668055641	0.169322103077	0.040767224418	0.719443866941
-nee	0.523140011716	0.330697129467	0.109548916227	0.0366139425893
-uum	0.0329106572452	0.765430903753	0.157777562675	0.0438808763269
-bak	0.137254901961	0.823529411765	0.0	0.0392156862745
-hoe	0.362831858407	0.628318584071	0.00884955752212	0.0
-uud	0.0398104265403	0.948815165877	0.011374407583	0.0
-bad	0.00338862136615	0.99518459069	0.000356696985911	0.00107009095773
-las	0.0356017643352	0.948645242596	0.00472589792061	0.0110270951481
-hon	0.0	1.0	0.0	0.0
-hoo	0.154570957573	0.371648783874	0.132530294705	0.341249963849
-baa	0.199654589968	0.756296141656	0.011235315329	0.032813953047
-hor	0.0	1.0	0.0	0.0
-hos	0.0	1.0	0.0	0.0
-bau	0.514522013055	0.412840858655	0.047089643526	0.0255474847635
-bas	0.0197257974259	0.963905987689	0.0121712367096	0.00419697817572
-job	0.0322580645161	0.967741935484	0.0	0.0
-ogi	0.393136150164	0.238374335433	0.0548669353924	0.313622579011
-asa	0.0208333333333	0.90625	0.0104166666667	0.0625
-ast	0.0827058503606	0.900227863057	0.00918953892895	0.00787674765339
-ass	0.406779661017	0.21186440678	0.381355932203	0.0
-nyx	0.0	0.734513274336	0.265486725664	0.0
-zor	0.0	1.0	0.0	0.0
-ogo	0.456573548203	0.234006318725	0.213561372507	0.0958587605654
-ras	0.0446927374302	0.932960893855	0.0223463687151	0.0
-ran	0.0168067226891	0.983193277311	0.0	0.0
-eri	0.0	1.0	0.0	0.0
-iwa	0.0879128326773	0.0594531188906	0.178836378802	0.67379766963
-ram	0.0	1.0	0.0	0.0
-rak	0.0	1.0	0.0	0.0
-rah	0.0814010853478	0.877158362112	0.0177602368031	0.0236803157375
-rai	0.0	1.0	0.0	0.0
-iwi	0.0	0.960214007529	0.0397859924709	0.0
-ugu	0.769040730782	0.11359330224	0.0269963217726	0.0903696452049
-uge	0.698994441775	0.116895010291	0.167381468351	0.0167290795833
-uga	0.148550080057	0.816758583882	0.0213485144992	0.013342821562
-ugo	0.125	0.3046875	0.5	0.0703125
-aza	0.0	1.0	0.0	0.0
-ugi	0.640760116391	0.144640023792	0.128631771281	0.0859680885371
-lae	0.0818011994888	0.317176285518	0.1439386491	0.457083865893
-aha	0.212473460529	0.247867132262	0.0388191579637	0.500840249245
-aal	0.0	1.0	0.0	0.0
-laa	0.123746932993	0.122367828648	0.0523942352142	0.701491003144
-500	0.0	0.49	0.14	0.37
-aau	0.425670058197	0.386251765047	0.0410150837325	0.147063093023
-lam	0.0	1.0	0.0	0.0
-nor	0.0	1.0	0.0	0.0
-lah	0.0	1.0	0.0	0.0
-lai	0.15625	0.78125	0.0	0.0625
-lak	0.0988593155893	0.637515842839	0.257034220532	0.00659062103927
-aam	0.0165745856354	0.983425414365	0.0	0.0
-lau	0.414681130748	0.232946044509	0.0606226103518	0.291750214391
-ppi	0.0	0.963227783453	0.0122574055158	0.0245148110316
-aan	0.0340909090909	0.659090909091	0.227272727273	0.0795454545454
-aai	0.385858585859	0.280808080808	0.0	0.333333333333
-ypt	0.0245790594155	0.903425585446	0.0586413779756	0.0133539771628
-non	0.0	1.0	0.0	0.0
-noo	0.335411907898	0.475598979609	0.0826983677077	0.106290744785
-aae	0.361204013378	0.314381270903	0.1872909699	0.137123745819
-ppa	0.0331010452962	0.949477351916	0.00609756097561	0.0113240418118
-aac	0.00742894056848	0.979651162791	0.00581395348837	0.00710594315245
-gei	0.0118932503221	0.014213949434	0.00103823783143	0.972854562412
-ahi	0.31371246332	0.212538135061	0.0703387498268	0.403410651792
-gea	0.641025641026	0.102564102564	0.25641025641	0.0
-boo	0.124404513163	0.768449644797	0.0310906811534	0.076055160886
-boi	0.240131578947	0.256578947368	0.489473684211	0.0138157894737
-gee	0.231538941689	0.626566054799	0.102998185702	0.0388968178108
-ahe	0.259259259259	0.481481481481	0.259259259259	0.0
-fur	0.0535279805352	0.941605839416	0.00486618004866	0.0
-don	0.0	0.981515711645	0.0110905730129	0.00739371534197
-doo	0.0383223989052	0.134195318329	0.0356708148774	0.791811467888
-dom	0.0092731608231	0.981453678354	0.00927316082309	0.0
-dok	0.0	1.0	0.0	0.0
-ahu	0.187878098694	0.729264618936	0.0580763112701	0.0247809711
-sar	0.105093488072	0.867182462927	0.0151515151515	0.0125725338491
-dda	0.0117647058824	0.988235294118	0.0	0.0
-gle	0.229357798165	0.732110091743	0.0385321100917	0.0
-sau	0.0360824742268	0.871134020619	0.0824742268041	0.0103092783505
-too	0.530352429747	0.219949124001	0.16310176394	0.0865966823116
-ddi	0.0	1.0	0.0	0.0
-olu	0.0317976077302	0.0951544475502	0.209586106106	0.663461838614
-ges	0.047619047619	0.928571428571	0.0238095238095	0.0
-ibi	0.0184159602205	0.97543007801	0.00110220210796	0.00505175966149
-sae	0.0	1.0	0.0	0.0
-olo	0.172507977102	0.0994510816842	0.0564061150733	0.67163482614
-ole	0.383991683992	0.481081081081	0.0869022869023	0.0480249480249
-sam	0.0	1.0	0.0	0.0
-iei	0.265807081042	0.110521593024	0.0532493420616	0.570421983872
-loo	0.506257071405	0.155231577681	0.100731382437	0.237779968477
-iel	0.0620211074165	0.919602268164	0.00918831220983	0.00918831220984
-loi	0.0	0.973333333333	0.0	0.0266666666667
-ybe	0.185677227888	0.552764384267	0.0	0.261558387845
-loe	0.0394736842105	0.881578947368	0.0131578947368	0.0657894736842
-iee	0.187468160978	0.194430293768	0.487773815588	0.130327729665
-rod	0.025424828123	0.923206641588	0.0451420417694	0.00622648851991
-lot	0.0	0.980140670252	0.0198593297476	0.0
-lou	0.701986754967	0.218543046358	0.0	0.0794701986755
-roi	0.416342412451	0.577821011673	0.00583657587549	0.0
-mar	0.0	1.0	0.0	0.0
-awa	0.330412942116	0.446461970447	0.0822117011261	0.140913386311
-awe	0.335806540258	0.454520472657	0.0555097554273	0.154163231657
-ibu	0.0140326258551	0.967461848798	0.00771794422031	0.0107875811261
-nge	0.117772598254	0.664279279601	0.0454181472399	0.172529974905
-276	0.0	0.240740740741	0.0	0.759259259259
-cum	0.0294117647059	0.941176470588	0.0	0.0294117647059
-oli	0.652046783626	0.3216374269	0.00584795321637	0.0204678362573
-hys	0.0	1.0	0.0	0.0
-sse	0.012987012987	0.978354978355	0.0	0.008658008658
-uch	0.0	0.265486725664	0.734513274336	0.0
-200	0.10447761194	0.649253731343	0.00995024875624	0.23631840796
-cus	0.0239857862008	0.970684039088	0.0	0.00533017471128
-lei	0.217289719626	0.761682242991	0.00700934579439	0.0140186915888
-lek	0.0614334470989	0.887372013652	0.0409556313993	0.0102389078498
-ois	0.0172413793103	0.965517241379	0.0172413793103	0.0
-lem	0.00584657304998	0.984820365384	0.000257463767339	0.00907559779867
-mum	0.0196078431372	0.980392156863	0.0	0.0
-lea	0.0	1.0	0.0	0.0
-mui	0.497448979592	0.248724489796	0.0688775510204	0.184948979592
-lee	0.110899926947	0.122568620489	0.0192490558669	0.747282396698
-leg	0.0	1.0	0.0	0.0
-muu	0.209251101321	0.236784140969	0.522026431718	0.0319383259912
-ley	0.0444444444444	0.833333333333	0.122222222222	0.0
-oic	0.193548387097	0.661290322581	0.145161290323	0.0
-mus	0.0520446096654	0.893432465923	0.0	0.0545229244114
-ios	0.0298507462686	0.940298507463	0.0298507462687	0.0
-ryl	0.0	0.95867768595	0.0413223140496	0.0
-les	0.100974173755	0.889721038903	0.0	0.00930478734257
-leu	0.395977372722	0.564424890006	0.0395977372722	0.0
-iou	0.660214316544	0.171934586029	0.145470951103	0.0223801463235
-iot	0.00972721505602	0.983928949038	0.00380630154367	0.00253753436245
-eei	0.279411764706	0.720588235294	0.0	0.0
-eek	0.111316397229	0.231870669746	0.648498845266	0.00831408775982
-aly	0.00847457627118	0.978813559322	0.0127118644068	0.0
-eed	0.074074074074	0.925925925926	0.0	0.0
-rrh	0.0	0.984919886899	0.0150801131008	0.0
-iba	0.125348189415	0.363533762367	0.484103352224	0.0270146959947
-alo	0.562386051032	0.414256061865	0.0102168736954	0.0131410134082
-gii	0.166988872754	0.721881208407	0.100546117045	0.0105838017943
-ali	0.717636470908	0.16932642703	0.0321176971637	0.0809194048979
-nda	0.0216100688673	0.911897411541	0.0522441225362	0.0142483970553
-ald	0.0357142857143	0.678571428571	0.285714285714	0.0
-ale	0.071474962449	0.813470773657	0.0800418879181	0.0350123759758
-gia	0.551408091507	0.276753823279	0.110317517266	0.0615205679476
-ala	0.11938509762	0.32013154267	0.0518193093678	0.508664050342
-lon	0.0349046210935	0.882298370731	0.0389632979649	0.0438337102105
-cle	0.0	1.0	0.0	0.0
-obe	0.118811881188	0.70297029703	0.118811881188	0.0594059405941
-you	0.171345022014	0.79513095194	0.0	0.0335240260462
-chi	0.0	1.0	0.0	0.0
-cho	0.013698630137	0.986301369863	0.0	0.0
-ogu	0.0321104681391	0.0725425401958	0.00982286907517	0.88552412259
-che	0.0	1.0	0.0	0.0
-pet	0.127132111452	0.866511282975	0.00635660557264	0.0
-eli	0.275510204082	0.575255102041	0.00382653061225	0.145408163265
-per	0.042579938766	0.889292159208	0.0681279020256	0.0
-ela	0.178004340578	0.0436771402204	0.00142671047668	0.776891808725
-ele	0.472991090616	0.409707360286	0.0863988431937	0.0309027059041
-abu	0.111019359848	0.760230556157	0.103600946714	0.025149137281
-cca	0.23642030276	0.670080142476	0.093499554764	0.0
-esa	0.0	1.0	0.0	0.0
-ita	0.0774883921158	0.903139509855	0.0193720980289	0.0
-udu	0.434293454638	0.483978982749	0.0330228270807	0.0487047355326
-ute	0.0433734939759	0.942168674699	0.0144578313253	0.0
-666	0.1	0.0333333333333	0.0	0.866666666667
-uda	0.511719939117	0.304718417047	0.100152207001	0.0834094368341
-ude	0.0701754385965	0.877192982456	0.0526315789474	0.0
-udi	0.180458216978	0.792156862745	0.0207188541573	0.00666606612017
-hum	0.0	1.0	0.0	0.0
-hui	0.557419034322	0.389089227132	0.0268743522317	0.026617386314
-wou	0.512976799056	0.264058198978	0.137436099096	0.0855289028706
-hua	0.0746789216567	0.0948826254657	0.0809043659508	0.749534086927
-woi	0.0576797028621	0.0482849027747	0.879615468648	0.0144199257155
-abe	0.614704425049	0.130769523955	0.199031901513	0.0554941494836
-gad	0.0	1.0	0.0	0.0
-aba	0.260977934181	0.663845391986	0.0523160266096	0.0228606472235
-ron	0.0104772991851	0.975552968568	0.0139697322468	0.0
-hus	0.0416666666667	0.929166666667	0.025	0.00416666666667
-koe	0.540069686411	0.198606271777	0.12543554007	0.135888501742
-tua	0.117388114453	0.256786500367	0.111078503302	0.514746881878
-gbi	0.27	0.61	0.09	0.03
-ael	0.0282293672279	0.944916542409	0.0206291529742	0.00622493738871
-sos	0.0	0.943396226415	0.0	0.0566037735849
-och	0.0314396028682	0.943739658025	0.00165471594043	0.023166023166
-los	0.0548317046689	0.901737242128	0.00868621064064	0.0347448425625
-tus	0.0471395881007	0.939130434783	0.00720823798626	0.00652173913043
-tuu	0.75012747988	0.154178143321	0.0233596159334	0.0723347608654
-kos	0.0125	0.9625	0.0125	0.0125
-ore	0.178571428571	0.642857142857	0.178571428571	0.0
-lix	0.0222634508349	0.966233766234	0.00445269016698	0.00705009276439
-rus	0.0591109709962	0.872320302648	0.0520176544767	0.0165510718789
-lip	0.00939572586588	0.987288135593	0.0	0.0033161385409
-omu	0.0894568690096	0.855773619352	0.0136923779096	0.0410771337289
-lis	0.0183066361556	0.858123569794	0.0	0.12356979405
-lim	0.0	0.961538461538	0.0384615384615	0.0
-omi	0.503120655245	0.453340057282	0.0338638902569	0.00967539721627
-lio	0.0121951219512	0.963414634146	0.0121951219512	0.0121951219512
-omo	0.603230719025	0.191450016317	0.0863234448571	0.118995819801
-lii	0.0881217219193	0.538127761728	0.281031885903	0.0927186304492
-ice	0.0654307524537	0.875681570338	0.0588876772083	0.0
-lia	0.219951097921	0.338620107282	0.239548930893	0.201879863904
-lib	0.0061143381229	0.897584836441	0.0944665239988	0.00183430143687
-rue	0.030303030303	0.969696969697	0.0	0.0
-eas	0.0229007633588	0.900763358779	0.0763358778625	0.0
-ear	0.153108099166	0.63588864957	0.208914110162	0.00208914110162
-eau	0.275094017405	0.383863524881	0.101738640699	0.239303817016
-eat	0.0229631959736	0.958792072979	0.0119534444794	0.0062912865681
-144	0.0151898734177	0.0810126582278	0.0	0.903797468354
-abi	0.283866995074	0.577586206897	0.134852216749	0.00369458128079
-oda	0.0	1.0	0.0	0.0
-eae	0.110236220472	0.858267716536	0.0157480314961	0.015748031496
-rna	0.0	1.0	0.0	0.0
-eai	0.159065168212	0.164392842133	0.0643780945842	0.612163895072
-odi	0.113680288077	0.516930272707	0.301109769332	0.068279669883
-rni	0.0	1.0	0.0	0.0
-odo	0.0548444863935	0.25498481767	0.0292683967991	0.660902299137
-zer	0.0	1.0	0.0	0.0
-eho	0.251857968621	0.355904211396	0.342691990091	0.0495458298927
-ehi	0.289188397304	0.710811602696	0.0	0.0
-ehe	0.156631650867	0.579468784695	0.176530873687	0.0873686907508
-hna	0.742424242424	0.0606060606061	0.030303030303	0.166666666667
-ure	0.0	0.931569343066	0.0547445255474	0.0136861313868
-eha	0.558648111332	0.393638170974	0.0	0.0477137176938
-ehu	0.0935412026726	0.665924276169	0.0935412026726	0.146993318486
-pai	0.020979020979	0.958041958042	0.0	0.020979020979
-dus	0.0566037735849	0.908018867925	0.0	0.0353773584906
-duu	0.457485113543	0.479329650791	0.025846183708	0.0373390519576
-bya	0.128048780488	0.823170731707	0.0121951219512	0.0365853658537
-paa	0.582619785025	0.280743304791	0.11149571871	0.0251411914739
-dua	0.193739773005	0.691734544665	0.0835638546918	0.030961827638
-paz	0.0	0.627539503386	0.372460496614	0.0
-waa	0.0713927421907	0.608805473207	0.0344347583402	0.285367026262
-dui	0.789743589744	0.155128205128	0.0423076923077	0.0128205128205
-pas	0.0559585492228	0.911398963731	0.0233160621762	0.00932642487047
-wai	0.049346614274	0.91120655518	0.00878288505082	0.0306639454954
-wah	0.154696132597	0.779005524862	0.0552486187845	0.0110497237569
-ini	0.285411872294	0.656337737681	0.0384492677703	0.0198011222546
-sus	0.00349162211361	0.773287227486	0.00314761993493	0.220073530466
-sop	0.0	0.927272727273	0.0727272727273	0.0
-sek	0.0	1.0	0.0	0.0
-nuu	0.0353982300885	0.716814159292	0.230088495575	0.0176991150442
-nus	0.00881057268722	0.982378854626	0.0	0.00881057268722
-key	0.0574143733914	0.94060582063	0.00197980597901	0.0
-dia	0.343694847641	0.391033081672	0.233317800927	0.0319542697606
-dii	0.657095527333	0.250138045279	0.0927664273882	0.0
-son	0.0804597701149	0.905747126437	0.0137931034483	0.0
-dis	0.030985915493	0.853521126761	0.0985915492958	0.0169014084507
-arp	0.0328767123288	0.967123287671	0.0	0.0
-rew	0.00985658666404	0.968705337342	0.011088659997	0.0103494159972
-sli	0.0	1.0	0.0	0.0
-iha	0.0332550884549	0.963675211072	0.0	0.00306970047276
-ihi	0.799856282862	0.121911065184	0.0455173299261	0.0327153220279
-ege	0.235783810845	0.550164898691	0.178321904138	0.035729386327
-veh	0.0273380869256	0.972661913074	0.0	0.0
-mel	0.0309065934066	0.90728021978	0.0556318681319	0.00618131868131
-kle	0.00803212851407	0.961178045515	0.0307898259705	0.0
-nna	0.00871459694988	0.986928104575	0.0	0.00435729847494
-tiu	0.638157894737	0.309210526316	0.046052631579	0.00657894736843
-ngu	0.457142857143	0.514285714286	0.0285714285714	0.0
-ais	0.603771059917	0.347843057441	0.0404400592173	0.00794582342429
-tis	0.0	0.990099009901	0.00990099009901	0.0
-nga	0.292820038743	0.527378548787	0.0738900383585	0.105911374112
-aia	0.0215840514493	0.963079911995	0.00876344946063	0.00657258709547
-tia	0.0775862068965	0.854774535809	0.0557029177719	0.0119363395225
-any	0.015873015873	0.97113997114	0.002886002886	0.010101010101
-aim	0.0	1.0	0.0	0.0
-ngi	0.178685377002	0.763233969788	0.0317526103932	0.0263280428168
-tin	0.0	0.964285714286	0.0357142857143	0.0
-ain	0.133858267716	0.791115733175	0.0571980389243	0.0178279601842
-ngo	0.280452325343	0.335746970133	0.10518401286	0.278616691664
-eme	0.301369863014	0.602739726027	0.0958904109589	0.0
-ema	0.0	0.918032786885	0.0819672131148	0.0
-uwa	0.0836448422868	0.855345243602	0.0491954942678	0.0118144198432
-260	0.0869565217391	0.417391304348	0.0	0.495652173913
-wwa	0.803571428571	0.125	0.0714285714286	0.0
-wwe	0.742931547619	0.229166666667	0.0111607142857	0.0167410714286
-das	0.0369717220469	0.935647546563	0.00340325474909	0.0239774766413
-jah	0.00226944501753	0.995254796782	0.00247575820095	0.0
-ana	0.270496012068	0.305197722164	0.042074590947	0.382231674822
-ses	0.0483608726888	0.943244980527	0.00272242598404	0.00567172080009
-cia	0.0221948212084	0.940813810111	0.0320591861899	0.00493218249076
-dan	0.00646551724138	0.991379310345	0.00215517241379	0.0
-inu	0.560902528168	0.308809497918	0.124337487586	0.00595048632855
-zar	0.0	1.0	0.0	0.0
-liu	0.453600748207	0.382728878728	0.151979632131	0.0116907409332
-dai	0.165780141844	0.768617021277	0.0265957446809	0.0390070921986
-dae	0.212090301969	0.194236481328	0.0223573715173	0.571315845186
-000	0.164448740198	0.335595724621	0.0456538823166	0.454301652865
-emu	0.699507389163	0.261083743842	0.00985221674877	0.0295566502463
-ete	0.0326086956522	0.940217391304	0.0163043478261	0.0108695652174
-ooe	0.181507541381	0.0836808553635	0.0176822883178	0.717129314938
-eth	0.010359010816	0.976844564058	0.0100543340273	0.00274209109836
-bui	0.490058479532	0.407407407407	0.0631578947368	0.0393762183236
-bul	0.0751503006012	0.894789579158	0.0060120240481	0.0240480961924
-bua	0.186560675693	0.527760526643	0.266302322693	0.019376474972
-aea	0.0	0.989690721649	0.0103092783505	0.0
-weu	0.561092300898	0.357294273517	0.0	0.0816134255852
-ate	0.0261974887614	0.910556502868	0.0390637110525	0.0241822973182
-bus	0.0384615384615	0.961538461538	0.0	0.0
-rtz	0.0	0.837398373984	0.162601626016	0.0
-ath	0.0421052631579	0.957894736842	0.0	0.0
-jew	0.0244587725139	0.811995517516	0.148636577721	0.0149091322495
-ulk	0.263157894737	0.638157894737	0.0789473684211	0.0197368421053
-ris	0.0	1.0	0.0	0.0
-edi	0.0649302683533	0.874717521767	0.0332188389254	0.0271333709541
-osa	0.0	1.0	0.0	0.0
-niu	0.0960748891443	0.589012974216	0.31491213664	0.0
-nix	0.0892857142857	0.696428571429	0.125	0.0892857142857
-ula	0.144044437829	0.0667047050612	0.00989700516467	0.779353851945
-osh	0.0	1.0	0.0	0.0
-kae	0.771947926234	0.102058842662	0.0289049102204	0.0970883208844
-iah	0.0426228819787	0.94120981796	0.00837760094065	0.00778969912025
-ace	0.0212765957447	0.978723404255	0.0	0.0
-nia	0.0172144987054	0.0377401975854	0.024947958317	0.920097345392
-nsa	0.14224137931	0.806034482759	0.051724137931	0.0
-nii	0.56	0.4	0.04	0.0
-mua	0.0934304081356	0.288885963248	0.245275292322	0.372408336294
-ulu	0.716647530312	0.196100415479	0.0281876841176	0.0590643700907
-rug	0.0	1.0	0.0	0.0
-ica	0.0277777777778	0.962301587302	0.0	0.00992063492063
-sha	0.0	1.0	0.0	0.0
-yra	0.114754098361	0.885245901639	0.0	0.0
-vil	0.0958083832335	0.784431137725	0.0838323353293	0.0359281437126
-edu	0.224489795918	0.673469387755	0.102040816327	0.0
-vid	0.00406710726995	0.988476529402	0.00237247924081	0.00508388408744
-ila	0.528747160598	0.251131430712	0.133878002421	0.0862434062687
-ill	0.0628272251309	0.785340314136	0.151832460733	0.0
-ilk	0.0	0.605263157895	0.394736842105	0.0
-odu	0.441957569617	0.49326087624	0.021645021645	0.0431365324982
-now	0.0335195530726	0.958100558659	0.0	0.00837988826816
-iga	0.203323808305	0.612686768741	0.0760296271022	0.107959795852
-oai	0.0566398620025	0.0536262398214	0.00542857867634	0.8843053195
-oah	0.0	0.99512987013	0.00487012987013	0.0
-igi	0.370469509663	0.182242725398	0.0494983622411	0.397789402697
-amu	0.571372250992	0.320742752106	0.0913933255692	0.0164916713326
-ebe	0.132809577254	0.842124953236	0.0115974560419	0.013468013468
-oaa	0.0510037435142	0.365578069066	0.0150482509496	0.56836993647
-ami	0.46477751697	0.505728085377	0.0159795325413	0.0135148651115
-ome	0.0466860673213	0.735134378064	0.198415786116	0.0197637684994
-oaz	0.0298507462686	0.970149253731	0.0	0.0
-amo	0.648993811869	0.285305409433	0.0560188703454	0.0096819083525
-ama	0.0339584031834	0.832293088152	0.0517060220114	0.0820424866527
-oau	0.127047027425	0.211730943475	0.0548612163882	0.606360812712
-buu	0.169944198975	0.769483684942	0.0448067708009	0.0157653452818
-oas	0.00645161290323	0.993548387097	0.0	0.0
-ebu	0.27027027027	0.378378378378	0.0	0.351351351351
-hii	0.744615384615	0.137692307692	0.0276923076923	0.09
-him	0.0	1.0	0.0	0.0
-hin	0.0	1.0	0.0	0.0
-ein	0.0	1.0	0.0	0.0
-gus	0.0378947368421	0.936842105263	0.0252631578947	0.0
-ire	0.0363636363636	0.727272727273	0.236363636364	0.0
-kai	0.785755689527	0.161337624896	0.0185594414229	0.0343472441535
-use	0.129784577904	0.868480938054	0.0	0.00173448404176
-uli	0.366723564583	0.355803260718	0.0684001791216	0.209072995578
-gua	0.59171637744	0.227426789588	0.124186550976	0.0566702819957
-ust	0.0725190839694	0.881679389313	0.0305343511451	0.0152671755725
-uza	0.0	1.0	0.0	0.0
-bai	0.214545454545	0.658181818182	0.0	0.127272727273
-eph	0.0200495341432	0.958279278217	0.00412784526477	0.0175433423753
-cee	0.0485312899106	0.94380587484	0.00766283524904	0.0
-kaa	0.634328358209	0.194029850746	0.164179104478	0.00746268656716
-cea	0.0	0.994285714286	0.00571428571428	0.0
-pia	0.0	0.891156462585	0.108843537415	0.0
-bae	0.500493583416	0.401776900296	0.0473840078974	0.0503455083909
-ira	0.0	1.0	0.0	0.0
-ius	0.0506466351739	0.920777511035	0.0090606365678	0.019515217223
-ium	0.047619047619	0.926406926407	0.017316017316	0.00865800865801
-uld	0.237863331972	0.492934282131	0.0	0.269202385897
-ule	0.706415521881	0.122362271633	0.0474437048577	0.123778501629
-iud	0.0	1.0	0.0	0.0
-uel	0.0264462809917	0.953719008264	0.0132231404959	0.00661157024793
-ean	0.0701754385965	0.929824561403	0.0	0.0
-iii	0.193333333333	0.626666666667	0.18	0.0
-wee	0.485207100592	0.0887573964497	0.355029585799	0.0710059171598
-uhu	0.0199115044248	0.940265486726	0.0	0.0398230088496
-agu	0.104433062801	0.157333229241	0.143469054912	0.594764653045
-agi	0.327256179795	0.507392827561	0.09004696563	0.0753040270142
-ago	0.347026093245	0.563585367904	0.00581709805743	0.0835714407938
-uhi	0.426099495314	0.272530641673	0.285508291276	0.0158615717376
-aga	0.409287272067	0.1249060661	0.0246705883229	0.441136073511
-min	0.032	0.956	0.012	0.0
-age	0.0617283950617	0.913580246914	0.0	0.0246913580247
-ond	0.317653897992	0.488379584476	0.0	0.193966517532
-one	0.0	1.0	0.0	0.0
-anu	0.155089277706	0.721254991232	0.0955873028637	0.0280684281989
-ega	0.0	0.952631578947	0.0473684210526	0.0
-ona	0.7125	0.23125	0.05625	0.0
-ono	0.243189665617	0.0657365201116	0.0439258192408	0.647147995031
-onk	0.0159151193634	0.984084880637	0.0	0.0
-thy	0.0269171185128	0.965336948102	0.00435708752904	0.00338884585593
-oni	0.0701754385965	0.754385964912	0.0	0.175438596491
-dam	0.00974553329723	0.985381700054	0.00487276664862	0.0
-the	0.413352291291	0.419366816029	0.0	0.167280892681
-onu	0.261907633333	0.444011552756	0.192335597569	0.101745216342
-dah	0.0104438642298	0.98955613577	0.0	0.0
-ane	0.0336647539337	0.780578818156	0.0408215768041	0.144934851106
-tha	0.0156508461636	0.935487975569	0.00763455910421	0.0412266191627
-ang	0.160537338873	0.0786244474924	0.0350458532281	0.725792360406
-ani	0.100900251103	0.805961055572	0.0582116833284	0.0349270099971
-oia	0.0670631901699	0.0948705535191	0.354837817276	0.483228439035
-ank	0.304515931473	0.428168057472	0.10468319314	0.162632817914
-daa	0.419824490827	0.372443402734	0.151351955686	0.056380150753
-dab	0.0	1.0	0.0	0.0
-ony	0.0	0.784946236559	0.215053763441	0.0
-tal	0.0386740331492	0.817679558011	0.0994475138121	0.0441988950276
-tan	0.0388725039888	0.931828071363	0.0278489580815	0.00145046656674
-tai	0.13462694612	0.81120301843	0.0157555403528	0.0384144950971
-taa	0.390557939914	0.519313304721	0.0	0.0901287553648
-rga	0.0	0.986842105263	0.0	0.0131578947368
-dau	0.169192303417	0.0952856133365	0.0203312248771	0.715190858369
-tau	0.219181484753	0.158627141086	0.346948545834	0.275242828326
-uub	0.587155963303	0.330275229358	0.045871559633	0.0366972477064
-tas	0.0459770114942	0.954022988506	0.0	0.0
-mia	0.515114127082	0.424737816163	0.0107958050586	0.0493522516965
-ent	0.0967741935484	0.903225806452	0.0	0.0
-ens	0.0208816705336	0.974477958237	0.0046403712297	0.0
-mis	0.00992555831265	0.985111662531	0.0	0.00496277915632
-eni	0.213978550334	0.3839697425	0.101031034661	0.301020672504
-ene	0.4012071036	0.33632289454	0.23212602999	0.0303439718704
-aao	0.191275167785	0.450782997763	0.290827740492	0.0671140939597
-ena	0.412388139095	0.469616410701	0.0572099152502	0.0607855349534
-oel	0.04	0.96	0.0	0.0
