-òdu	0.1568756601	0.489216724188	0.0515946615439	0.302312954168
-ỹny	0.319375763223	0.300133642333	0.0382074322204	0.342283162223
-okõ	0.342771274913	0.450015817779	0.11705156596	0.0901613413477
-heu	0.487244897959	0.378826530612	0.0191326530612	0.114795918367
-òde	0.538379112048	0.381326570704	0.0300032146301	0.0502911026181
-car	0.240872567979	0.718368334133	0.0	0.0407590978877
-deò	0.526430966527	0.324666156833	0.0698394023178	0.079063474322
-ive	0.131873616145	0.868126383855	0.0	0.0
-ỹtỹ	0.247329167506	0.728482160855	0.0	0.0241886716388
-‑ei	0.622617534943	0.28208386277	0.0381194409149	0.0571791613723
-hee	0.155331654072	0.541561712846	0.290512174643	0.0125944584383
-òlò	0.175248391099	0.414962018095	0.0352575556717	0.374532035134
-ufu	0.0533333333333	0.946666666667	0.0	0.0
-biõ	0.741214057508	0.124600638978	0.0958466453674	0.038338658147
-yrỹ	0.127188877355	0.506592976481	0.0382632190062	0.327954927159
-nha	0.260212646894	0.370453273643	0.0671516508114	0.302182428651
-isò	0.423067237472	0.576932762528	0.0	0.0
-plo	0.192640692641	0.554112554113	0.227272727273	0.025974025974
-òrò	0.195389436163	0.709672874609	0.0683263672474	0.0266113219806
-yro	0.52875399361	0.387380191693	0.0	0.0838658146965
-lea	0.0	1.0	0.0	0.0
-idõ	0.0140778977006	0.973721257626	0.00656968559362	0.00563115908024
-aum	0.0	1.0	0.0	0.0
-zia	0.0	1.0	0.0	0.0
-teò	0.394294717176	0.40914351045	0.0331832187722	0.163378553602
-teõ	0.818867924528	0.022641509434	0.022641509434	0.135849056604
-rià	0.266161813019	0.664235202405	0.0451027340053	0.0245002505707
-nta	0.146383369541	0.812436914592	0.0	0.0411797158667
-nte	0.0149625935162	0.947630922693	0.0374064837906	0.0
-kia	0.169167248168	0.0317374862346	0.00652352688544	0.792571738712
-utò	0.338191237935	0.569793697832	0.0	0.0920150642337
-nai	0.176263219741	0.66392479436	0.0282021151586	0.13160987074
-riò	0.265867376592	0.562456701194	0.0508271146726	0.120848807542
-yre	0.387359338955	0.251895747548	0.0611423138536	0.299602599643
-yta	0.372024862856	0.390779055423	0.104006676321	0.1331894054
-lta	0.105058365759	0.708171206226	0.0	0.186770428016
-ará	0.140449438202	0.769662921348	0.0561797752809	0.0337078651685
-arã	0.203947368421	0.671052631579	0.0921052631579	0.0328947368421
-ãhã	0.17460570692	0.292722927548	0.0533934890191	0.479277876513
-aré	0.299570288521	0.515653775322	0.00920810313074	0.175567833026
-arò	0.23161551824	0.464389114071	0.251881876086	0.0521134916039
-jiõ	0.317354043921	0.14789769684	0.00702999464382	0.527718264596
-opa	0.3125	0.6875	0.0	0.0
-deõ	0.309839171369	0.580708009994	0.020848155931	0.0886046627066
-dea	0.127644273986	0.778510217535	0.0560915682866	0.037753940193
-dee	0.125324971959	0.0917582709	0.0273898092099	0.755526947931
-ery	0.291994612657	0.28590036654	0.111953686198	0.310151334605
-imy	0.291300427863	0.271928517457	0.0720988849715	0.364672169709
-dei	0.423940149626	0.31421446384	0.0187032418953	0.243142144638
-yty	0.118982577551	0.41771383476	0.242335943666	0.220967644024
-tỹi	0.197530864197	0.753086419753	0.0	0.0493827160493
-400	0.0477554918816	0.866284622732	0.0859598853868	0.0
-yje	0.040311587147	0.932132424538	0.000584225900681	0.0269717624148
-oko	0.439301006828	0.30349496586	0.137715542183	0.119488485129
-oki	0.461514989702	0.358074605233	0.137691662217	0.0427187428484
-deu	0.218544639619	0.444891258379	0.0689840811813	0.267580020821
-oke	0.287967089475	0.319506342132	0.109701748372	0.282824820021
-oka	0.200727272727	0.096	0.445818181818	0.257454545454
-imo	0.308627120683	0.366502225966	0.0866321742269	0.238238479124
-a‑ò	0.318052487912	0.412774111611	0.0669951781842	0.202178222293
-òra	0.242406591544	0.38340710516	0.150337796325	0.223848506971
-biu	0.138930166369	0.534639778971	0.0451959507597	0.281234103901
-obo	0.254089554749	0.0906191118433	0.0277652692385	0.627526064169
-òre	0.128375366184	0.545287010291	0.0357141395312	0.290623483994
-idi	0.109034092435	0.0544811078247	0.00868601293016	0.82779878681
-rpa	0.130384167637	0.625145518044	0.244470314319	0.0
-òri	0.482954545455	0.198863636364	0.0795454545454	0.238636363636
-ide	0.429035977138	0.360438351838	0.0359118014976	0.174613869526
-taõ	0.131826435182	0.260507687645	0.0529750386371	0.554690838535
-ida	0.209380234506	0.692462311558	0.0201005025126	0.0780569514237
-bie	0.231189090757	0.652470558479	0.0435846551624	0.0727556956017
-siu	0.463498285154	0.388045075943	0.0281724644782	0.120284174424
-òru	0.156759958562	0.581109450509	0.0564769176706	0.205653673259
-bia	0.0132938097086	0.959821317986	0.0211049550405	0.00577991726461
-ymy	0.333187794872	0.315009818436	0.0830105262501	0.268791860442
-idu	0.268415113448	0.469282981709	0.0844351006571	0.177866804186
-rpu	0.0	1.0	0.0	0.0
-430	0.268907563025	0.663865546218	0.0336134453782	0.0336134453782
-xeò	0.307716379378	0.439278170392	0.0132996062273	0.239705844003
-òte	0.334455451699	0.380621109318	0.124012145459	0.160911293524
-100	0.0267716091245	0.0813194845066	0.120366004516	0.771542901853
-rie	0.0394083468087	0.782973558558	0.00793510440826	0.169682990225
-teu	0.255911958825	0.539440893425	0.125667759084	0.0789793886656
-ria	0.162144158864	0.696181319257	0.0229037055657	0.118770816314
-uti	0.372960520287	0.437241065475	0.173871274582	0.0159271396563
-tea	0.0936411149826	0.906358885017	0.0	0.0
-riu	0.388200846753	0.362916946939	0.0399635975151	0.208918608792
-uaõ	0.209764918626	0.640747438216	0.0108499095841	0.138637733574
-tee	0.28931939842	0.616365026765	0.0790211572776	0.0152944175376
-utu	0.18892808567	0.292236525259	0.037017631374	0.481817757697
-òta	0.150205334695	0.361695714368	0.137245814465	0.350853136472
-uty	0.410724952597	0.475855030948	0.0240587913691	0.0893612250852
-aku	0.236842105263	0.0394736842105	0.618421052631	0.105263157895
-meu	0.0	1.0	0.0	0.0
-are	0.342465172376	0.099326288513	0.0189934756961	0.539215063415
-kõu	0.299068422743	0.573080629618	0.0491487311275	0.0787022165114
-ara	0.423567427644	0.312045525098	0.0297157796955	0.234671267562
-mes	0.0	0.896449704142	0.103550295858	0.0
-jõõ	0.257095845331	0.615384615385	0.00411353352531	0.123406005759
-wãõ	0.143883723763	0.775729771426	0.0511550485161	0.0292314562949
-ydu	0.24085831031	0.490081520265	0.140746125037	0.128314044388
-luu	0.289904876799	0.327512736428	0.159566055262	0.223016331512
-atỹ	0.0	1.0	0.0	0.0
-aru	0.209416237479	0.478579412001	0.0692399483909	0.242764402128
-tíí	0.767857142857	0.0892857142857	0.0	0.142857142857
-òko	0.466522678186	0.390928725702	0.142548596112	0.0
-yde	0.483494880073	0.239165209503	0.0501407599304	0.227199150494
-mei	0.0	1.0	0.0	0.0
-òke	0.357271736291	0.256981961717	0.0975886082257	0.288157693765
-tye	0.131371160723	0.659983688395	0.158097098864	0.0505480520179
-moõ	0.174801362089	0.203296443435	0.0585981838819	0.563304010594
-tya	0.202346858041	0.760210392592	0.0187213746838	0.0187213746838
-ỹhỹ	0.775220906185	0.0694867456288	0.123707463809	0.0315848843768
-lão	0.0579390260726	0.536487791419	0.405573182508	0.0
-800	0.141129032258	0.556451612903	0.0	0.302419354839
-tyy	0.193047030586	0.585363132398	0.115494763843	0.106095073172
-ỹry	0.566760096828	0.263345649127	0.0294305007007	0.140463753344
-õdu	0.198404638113	0.416501755639	0.0920301093748	0.293063496873
-beò	0.502860620816	0.474878271455	0.00468654899574	0.017574558734
-ỹru	0.304680851064	0.231489361702	0.314893617021	0.148936170213
-yxi	0.387596093912	0.612403906088	0.0	0.0
-ubu	0.210307958911	0.376067875387	0.16540917952	0.248214986182
-àbo	0.0714554343738	0.291086874765	0.112824370064	0.524633320797
-beõ	0.271646859083	0.359600811628	0.190277030105	0.178475299184
-brò	0.309853217338	0.321273904879	0.279002031196	0.0898708465872
-ỹro	0.433333333333	0.45	0.0333333333333	0.0833333333333
-ubo	0.257999816522	0.219317604348	0.0465901348361	0.476092444294
-ỹre	0.315090573377	0.270816089054	0.0719944286954	0.342098908874
-beà	0.0563022032791	0.727150861032	0.0	0.216546935689
-exe	0.249752966812	0.258137611165	0.0610260487242	0.431083373299
-oma	0.17382123658	0.516375605979	0.146465108594	0.163338048848
-ỹra	0.168150241361	0.495928847569	0.108177920514	0.227742990556
-ota	0.40810859082	0.390069655296	0.00535809966068	0.196463654224
-ote	0.0681818181818	0.772727272727	0.0909090909091	0.0681818181818
-kỹõ	0.257612746828	0.291685251352	0.380658739526	0.0700432622946
-tmy	0.260330578512	0.479338842975	0.235537190083	0.0247933884297
-oti	0.169663205875	0.658394530261	0.0828057736136	0.0891364902506
-ijo	0.0	0.927360774818	0.0726392251816	0.0
-umy	0.17940385841	0.22780542121	0.0564120690833	0.536378651297
-iji	0.197169313875	0.153055069781	0.0309167675097	0.618858848834
-oto	0.257352941176	0.411764705882	0.220588235294	0.110294117647
-iju	0.345890410959	0.619863013699	0.0342465753424	0.0
-nho	0.169924337957	0.755989911728	0.0551702395965	0.0189155107188
-uma	0.0221402214022	0.933579335793	0.0442804428044	0.0
-wòõ	0.13855898654	0.685669041964	0.0	0.175771971496
-reò	0.412234139808	0.359313926066	0.0899694062381	0.138482527888
-reó	0.0754257907542	0.639902676399	0.270072992701	0.014598540146
-kré	0.306163805235	0.325099915564	0.0521699971855	0.316566282015
-umi	0.0	0.868852459016	0.0	0.131147540984
-õrõ	0.251190272413	0.427727257163	0.0812936619595	0.239788808464
-reõ	0.27572871902	0.496005847377	0.0684734094668	0.159792024136
-ako	0.441045405275	0.324701914971	0.045766590389	0.188486089365
ALL	0.225073108685	0.252802153627	0.0482673196862	0.473857418002
-ỹle	0.319697385648	0.395519969708	0.106848153498	0.177934491146
-kie	0.1650079676	0.468410398828	0.0738038693594	0.292777764213
-tyõ	0.33629693416	0.214802529457	0.357898469234	0.0910020671488
-ake	0.378721296448	0.241445220255	0.086550285704	0.293283197593
-ebo	0.218535612099	0.200431929836	0.0538096428055	0.527222815259
-kio	0.0	0.83682983683	0.0	0.16317016317
-aka	0.177333514777	0.45219897814	0.0685858498386	0.301881657244
-asỹ	0.141985237462	0.230069155994	0.0414724044347	0.58647320211
-ysi	0.312365359759	0.611158983197	0.0473933649289	0.0290822921155
-weò	0.122093023256	0.877906976744	0.0	0.0
-sia	0.227304850684	0.609960556691	0.0356066000728	0.127127992553
-ysa	0.313038102562	0.409598769621	0.141131768218	0.1362313596
-nau	0.404434467094	0.372219969418	0.053063890706	0.170281672782
-yny	0.334494647076	0.480811804273	0.0837562100913	0.10093733856
-mos	0.0280012218715	0.949597800631	0.0224009774972	0.0
-utà	0.287522782129	0.664450027092	0.0480271907788	0.0
-yni	0.219979818365	0.719475277498	0.0353178607467	0.0252270433905
-usỹ	0.295895641107	0.350381800827	0.0624403436207	0.291282214445
-tyò	0.5091714105	0.402277039848	0.0885515496521	0.0
-yno	0.42076060571	0.362655569684	0.15697607213	0.0596077524756
-moo	0.52826593267	0.396781706542	0.0470040228668	0.0279483379208
-yna	0.249537025434	0.407218977425	0.0757137017965	0.267530295344
-ãhĩ	0.0246972867286	0.715981202621	0.1728810071	0.0864405035502
-juõ	0.255530129672	0.451118738876	0.0321001779812	0.261250953471
-nto	0.0514430785676	0.836317477285	0.0	0.112239444148
-ãkỹ	0.348159622335	0.457328317474	0.0929409161319	0.101571144058
-ubò	0.197486210326	0.548602947825	0.197486210326	0.0564246315218
-coa	0.364305356852	0.460588200019	0.0251865431898	0.149919899939
-òny	0.324160597376	0.425604080667	0.0628191307549	0.187416191202
-cio	0.134800550206	0.770288858322	0.028885832187	0.0660247592848
-ixa	0.357917570499	0.522776572668	0.0216919739696	0.0976138828634
-ỹré	0.425197595823	0.426825964579	0.101376585346	0.0465998542518
-òna	0.204446176866	0.554376262515	0.0571207008796	0.18405685974
-ooõ	0.270588235294	0.578151260504	0.151260504202	0.0
-ixi	0.245010746085	0.135093644458	0.164568621431	0.455326988026
-ãmy	0.181247851495	0.451185974562	0.0431419731866	0.324424200756
-bee	0.0919136765471	0.700403016121	0.0048751950078	0.202808112324
-iso	0.0444444444444	0.955555555556	0.0	0.0
-rei	0.807692307692	0.192307692308	0.0	0.0
-ren	0.0	0.805555555556	0.194444444444	0.0
-isi	0.020245013385	0.487222732406	0.00646055098111	0.486071703228
-õra	0.408372900109	0.428321097426	0.0886282500806	0.0746777523852
-ise	0.117053789731	0.747249388753	0.0238386308068	0.111858190709
-rea	0.494363506985	0.332159844201	0.00337066027489	0.17010598854
-õre	0.296785491008	0.248279894498	0.0884516974055	0.366482917089
-iàõ	0.0	0.770742358079	0.0687772925764	0.160480349345
-ijõ	0.0967009215421	0.127010258088	0.0893862304332	0.686902589937
-rey	0.215384615385	0.669230769231	0.0230769230769	0.0923076923077
-otõ	0.446808510638	0.489361702128	0.0	0.0638297872341
-ijò	0.162191270912	0.470638112941	0.10379580008	0.263374816068
-isu	0.333664349553	0.666335650447	0.0	0.0
-evi	0.00519818063679	0.831059129305	0.046783625731	0.116959064327
-reu	0.419466955524	0.280711961383	0.0561227435038	0.243698339589
-avi	0.0954446854664	0.804840021692	0.0052874186551	0.0944278741865
-akí	0.428571428571	0.202380952381	0.369047619048	0.0
-juu	0.525001851989	0.412771316394	0.0622268316171	0.0
-ãdu	0.0726549409205	0.0794954925337	0.00582269392069	0.842026872625
-mas	0.108499095841	0.611211573237	0.280289330922	0.0
-mau	0.232767578802	0.704883962591	0.0623484586075	0.0
-ysò	0.607954545455	0.269922324511	0.0466052934408	0.0755178365939
-siõ	0.093023255814	0.888372093023	0.0186046511628	0.0
-mai	0.197229396572	0.691007278704	0.0723174454097	0.0394458793144
-ber	0.0	1.0	0.0	0.0
-riõ	0.306167266516	0.357103641798	0.153724150552	0.183004941133
-maa	0.257627118644	0.683615819209	0.0180790960452	0.0406779661017
-ãde	0.435752243227	0.313790399861	0.12718877951	0.123268577402
-akõ	0.641390205371	0.204976303318	0.0296208530805	0.124012638231
-buõ	0.158360676228	0.387266859071	0.0585808001996	0.395791664502
-akò	0.214711729622	0.670974155069	0.044731610338	0.0695825049702
-naõ	0.297513727211	0.517959195755	0.0612362258597	0.123290851174
-esỹ	0.308774912629	0.445263058468	0.12694814395	0.119013884953
-uno	0.0369458128079	0.778325123153	0.0	0.184729064039
-uni	0.214419102667	0.651072674265	0.0584942421063	0.0760139809615
-wyõ	0.280182232346	0.43735763098	0.0501138952164	0.232346241458
-una	0.260195638667	0.381179372249	0.0748881742353	0.283736814849
-ekí	0.484718707417	0.377068327818	0.072026474596	0.0661864901694
-nke	0.221765913758	0.722792607803	0.0554414784394	0.0
-iro	0.0501829587036	0.870883429169	0.00418191322531	0.0747516989023
-ia‑	0.666666666667	0.195402298851	0.137931034483	0.0
-uny	0.404564315353	0.446403872752	0.0755532503458	0.0734785615491
-ekõ	0.453788727001	0.391629029216	0.0534316886118	0.101150555171
-hoõ	0.502057163293	0.265400965766	0.036237350232	0.19630452071
-666	0.151624548736	0.826714801444	0.0	0.0216606498195
-drõ	0.682102628285	0.0926157697121	0.0	0.225281602003
-ade	0.522438422046	0.144188021495	0.0201538265334	0.313219729926
-tra	0.0458855919242	0.742428877333	0.0	0.211685530743
-500	0.499512512187	0.20799480013	0.17549561261	0.116997075073
-ada	0.085091346234	0.07997359126	0.0117088183656	0.82322624414
-ado	0.153889075389	0.721344692834	0.0206700323641	0.104096199413
-tro	0.142143267316	0.703910955808	0.153945776876	0.0
-gai	0.0	1.0	0.0	0.0
-adi	0.22611001309	0.245462347581	0.0190571220338	0.509370517296
-nyò	0.335195530726	0.251396648045	0.150837988827	0.262569832402
-aau	0.0	1.0	0.0	0.0
-asõ	0.209207161125	0.654731457801	0.00818414322253	0.127877237852
-adu	0.250392667008	0.455762954002	0.121521130698	0.172323248293
-àna	0.284198501564	0.473908591306	0.0992353449696	0.14265756216
-asò	0.133905425941	0.667113614016	0.12389380531	0.0750871547332
-ròõ	0.181395348837	0.413953488372	0.0279069767442	0.376744186047
-nyõ	0.250235030684	0.130646495513	0.00810811243252	0.611010361371
-maõ	0.0791780278451	0.860742491536	0.00541302016266	0.0546664604564
-ini	0.294785722414	0.410038761473	0.0394369538954	0.255738562218
-sem	0.0	1.0	0.0	0.0
-aki	0.286223620243	0.233964089337	0.0579612359075	0.421851054512
-ywe	0.509933774835	0.355960264901	0.0596026490066	0.0745033112582
-ino	0.248923900694	0.563417282818	0.0772712773773	0.110387539111
-ina	0.208513475235	0.421706904008	0.0968440784402	0.272935542317
-ywi	0.258660508083	0.673595073133	0.0677444187837	0.0
-y‑ò	0.255004656516	0.42062571659	0.0601584746562	0.264211152237
-raò	0.283855762432	0.541267970775	0.0676408201744	0.107235446618
-sea	0.205440229062	0.114531138153	0.0214745884037	0.658554044381
-ira	0.228539262041	0.249718997414	0.0518191142264	0.469922626319
-õkõ	0.192703678424	0.0597814718459	0.0146653721358	0.732849477595
-eré	0.386339506901	0.203727733868	0.12445440604	0.285478353191
-e‑ó	0.327586206897	0.603448275862	0.0	0.0689655172414
-e‑ò	0.288173715968	0.318147835627	0.0404823192642	0.353196129141
-erí	0.255950201391	0.487092640059	0.153789820578	0.103167337971
-õke	0.382550228999	0.398184289821	0.108107341206	0.111158139974
-amy	0.210561048631	0.170932659476	0.0484892441321	0.570017047761
-erá	0.39880239521	0.310179640718	0.210179640719	0.0808383233533
-seu	0.0669063365874	0.875548864497	0.0192580203541	0.0382867785612
-oho	0.113902145406	0.111763508988	0.0186309254443	0.755703420161
-õko	0.169912180221	0.646811760214	0.114547537228	0.0687285223368
-ser	0.422372474994	0.518634186363	0.0	0.0589933386435
-ỹbo	0.426425137363	0.267942994505	0.148094093407	0.157537774725
-ahĩ	0.0512583088065	0.697675187672	0.0	0.251066503522
-260	0.366197183099	0.521126760563	0.056338028169	0.056338028169
-ede	0.120546781758	0.109619274459	0.0177233547248	0.752110589058
-neu	0.393820054529	0.415328688276	0.145410481672	0.0454407755226
-rso	0.27652173913	0.52347826087	0.168695652174	0.0313043478261
-iau	0.111381746059	0.760986812346	0.0162844914576	0.111346950137
-ias	0.0	1.0	0.0	0.0
-edu	0.188624727457	0.403224284712	0.0486035790326	0.359547408798
-ỹỹõ	0.140892193308	0.740148698885	0.0185873605948	0.100371747212
-õmo	0.199192492421	0.623355733045	0.0989216281939	0.0785301463401
-ỹnỹ	0.0652173913043	0.804347826087	0.130434782609	0.0
-õwe	0.392713480022	0.230357454921	0.0333124156009	0.343616649456
-òmy	0.228451640981	0.360245603652	0.0620354410958	0.349267314271
-ímy	0.127167630058	0.71098265896	0.0693641618497	0.0924855491329
-eke	0.298021458828	0.271767612523	0.0719932148154	0.358217713833
-eki	0.366717442595	0.324030997101	0.0914892403383	0.217762319966
-õwi	0.535240251055	0.250745961519	0.0545323592962	0.15948142813
-òkõ	0.49358974359	0.282051282051	0.0	0.224358974359
-joi	0.181546763791	0.340360819519	0.0555973079271	0.422495108763
-eku	0.439727105747	0.430963001837	0.0374704801889	0.0918394122277
-iru	0.212954192681	0.453585190108	0.0995888896053	0.233871727606
-uuu	0.547945205479	0.041095890411	0.191780821918	0.219178082192
-ijà	0.268744734625	0.70598146588	0.0252737994945	0.0
-ase	0.105872622002	0.737799834574	0.131513647643	0.0248138957816
-àsu	0.0	0.355140186916	0.448598130841	0.196261682243
-u‑u	0.477485632486	0.362734985159	0.0208407890028	0.138938593352
-adã	0.010989010989	0.989010989011	0.0	0.0
-asa	0.280301358737	0.556251583835	0.0372411016923	0.126205955735
-elẽ	0.0271449345613	0.971400872516	0.0	0.00145419292293
-aso	0.152360515021	0.112660944206	0.692060085837	0.0429184549355
-yeu	0.0119205298013	0.64238410596	0.270198675497	0.0754966887417
-õki	0.311012235818	0.378096875316	0.102780867631	0.208110021236
-asi	0.139596776246	0.610074714329	0.0321944111903	0.218134098235
-dre	0.0575271322991	0.823956321992	0.0206405220055	0.0978760237034
-asu	0.224723929017	0.550165427749	0.0973230782452	0.12778756499
-eli	0.14145976919	0.68344732203	0.0352795170519	0.139813391728
-owo	0.264656100939	0.361440221573	0.240036928758	0.133866748731
-nyu	0.56411062225	0.316467630421	0.0439974858579	0.0754242614708
-dro	0.126805516431	0.68537816019	0.00278931845992	0.18502700492
-àsi	0.202874049028	0.522642192972	0.260838063036	0.0136456949644
-ã‑ò	0.269882365077	0.250676176986	0.0225992069433	0.456842250994
-ãwã	0.159321182465	0.305794806057	0.0316477853188	0.50323622616
-àxe	0.0839041377764	0.72950904155	0.124657576125	0.0619292445492
-ĩmy	0.593998982878	0.118155619597	0.156636718088	0.131208679437
-iwy	0.0	0.981157469717	0.0	0.0188425302826
-rau	0.388460035273	0.423999674272	0.071259840068	0.116280450387
-eru	0.245539399578	0.462726915422	0.0598436795236	0.231890005476
-eri	0.305790310808	0.225870123958	0.0427781951761	0.425561370058
-iwa	0.267601146862	0.437798661994	0.0446001911437	0.25
-iwe	0.420879149087	0.307069783071	0.0471917821006	0.224859285741
-ero	0.0610986719013	0.716222433518	0.0150906358311	0.207588258749
-era	0.47672310699	0.260923774243	0.027369766284	0.234983352483
-iwi	0.459419339798	0.341492492865	0.0755050748088	0.123583092529
-ree	0.604007071302	0.351797289334	0.0	0.0441956393636
-iwo	0.209545983702	0.394644935972	0.118205426704	0.277603653622
-ere	0.467283116043	0.102754341912	0.0294590011966	0.400503540849
-raõ	0.124161843994	0.682799107237	0.0557945802283	0.137244468541
-alẽ	0.158568479009	0.758522596926	0.00991052993805	0.0729983941271
-õry	0.171063478978	0.699505358615	0.104699093157	0.0247320692498
-ỹke	0.363801903256	0.431191223037	0.0998990260001	0.105107847707
-rke	0.392156862745	0.338235294118	0.0	0.269607843137
-iaõ	0.312126537786	0.502144112478	0.0842179261863	0.10151142355
-azo	0.00854028847196	0.991459711528	0.0	0.0
-kuã	0.128356254093	0.819253438114	0.052390307793	0.0
-ijy	0.310932798395	0.498495486459	0.190571715145	0.0
-aza	0.0	1.0	0.0	0.0
-eva	0.516990291262	0.254854368932	0.177184466019	0.0509708737864
-ỹju	0.109595833589	0.583622057572	0.0308374880065	0.275944620833
-ike	0.323003674905	0.322729088382	0.0825272241699	0.271740012544
-aha	0.0285992162098	0.597325467155	0.0269884208229	0.347086895813
-laa	0.214609437483	0.429752066116	0.0293255131965	0.326312983205
-ika	0.188197767145	0.786283891547	0.0	0.0255183413078
-yju	0.0805008944544	0.284436493739	0.286225402504	0.348837209302
-iko	0.563797468354	0.208101265823	0.026835443038	0.201265822785
-ĩse	0.437185929648	0.211055276382	0.0201005025126	0.331658291457
-oiõ	0.389177654976	0.312359796465	0.0590906603929	0.239371888165
-iki	0.244990923006	0.300690659923	0.0575895441469	0.396728872924
-õle	0.239025900681	0.516290317582	0.11098389039	0.133699891347
-lau	0.208546363784	0.212550723069	0.0730931604047	0.505809752742
-iku	0.28843830607	0.435661344565	0.186763313416	0.0891370359487
-ryõ	0.212664812988	0.445779890573	0.071575926092	0.269979370347
-myõ	0.1950233943	0.677371331348	0.048915355168	0.0786899191833
-noe	0.305336948504	0.55087360117	0.0301379440697	0.113651506256
-iky	0.15990990991	0.121621621622	0.0945945945946	0.623873873874
-ahi	0.146338037706	0.693696112994	0.0242441932436	0.135721656056
-aho	0.116462071136	0.595005770643	0.146889098731	0.14164305949
-myy	0.0920603994155	0.890891378471	0.0	0.017048222114
-ãru	0.33791487427	0.579267652922	0.0524603924037	0.0303570804043
-ahe	0.0820605518936	0.0145049466029	0.000787610506573	0.902646890997
-euõ	0.254620123203	0.581108829569	0.0739219712525	0.0903490759754
-sỹu	0.046511627907	0.209302325581	0.744186046512	0.0
-ahy	0.318587927653	0.387230333406	0.0719110917411	0.2222706472
-ỹmy	0.33284302886	0.299489259203	0.0820726830365	0.285595028901
-awò	0.311309867282	0.52423542989	0.155799192152	0.00865551067515
-ãre	0.283715291386	0.299925915062	0.0605707255949	0.355788067957
-òby	0.264865671006	0.464186036602	0.155367833479	0.115580458913
-oty	0.484797297297	0.170608108108	0.243243243243	0.101351351351
-sar	0.0671936758893	0.474308300395	0.225296442688	0.233201581028
-õhõ	0.633620689655	0.366379310345	0.0	0.0
-iby	0.46694519538	0.252887687393	0.280167117228	0.0
-ibu	0.017634092579	0.982365907421	0.0	0.0
-ukỹ	0.279556851478	0.522408615333	0.0862324966788	0.11180203651
-ỹkỹ	0.164647241297	0.508497494498	0.0633666516425	0.263488612562
-mpa	0.0	1.0	0.0	0.0
-oli	0.396418199419	0.342207163601	0.166989351404	0.0943852855759
-saa	0.0615459763097	0.746977652949	0.191476370741	0.0
-ibo	0.212886947474	0.148098248126	0.0421037945673	0.596911009833
-ibi	0.236904262985	0.318056983991	0.0673016445012	0.377737108523
-àdà	0.264827995255	0.577995255042	0.0622775800712	0.0948991696322
-yko	0.417603409008	0.136066416869	0.0503269414444	0.396003232679
-ibe	0.452849218356	0.359556227937	0.127080181543	0.0605143721634
-ole	0.320158385743	0.425179808571	0.049536848366	0.20512495732
-yki	0.27479263538	0.277391424374	0.0795005331535	0.368315407093
-duõ	0.173110304406	0.365741931352	0.0651810268967	0.395966737346
-loo	0.347051856089	0.471376656142	0.0603086942651	0.121262793503
-ybo	0.208974625376	0.141106814438	0.0264933086314	0.623425251554
-ros	0.354528794358	0.575498417282	0.0699727883601	0.0
-ybe	0.1826397828	0.174042705898	0.034822053987	0.608495457316
-i‑ò	0.168000492015	0.438389453182	0.0353548873812	0.358255167422
-hỹu	0.169501325355	0.350357303406	0.134442188154	0.345699183085
-use	0.0628046233115	0.86199693636	0.0229773012115	0.0522211391171
-oce	0.0	0.963855421687	0.0361445783133	0.0
-ruõ	0.307827364216	0.45283837007	0.0485731403575	0.190761125357
-yby	0.194246961922	0.325504509385	0.0421052855406	0.438143243153
-naã	0.0998080614204	0.710172744722	0.0230326295585	0.166986564299
-yyõ	0.127345417086	0.587917882809	0.0448848446199	0.239851855486
-ỹde	0.334255628137	0.409013942189	0.071180281451	0.185550148223
-yja	0.312699425654	0.410338225909	0.0638162093172	0.213146139119
-ouã	0.292155198128	0.599912810041	0.021200926967	0.0867310648647
-uro	0.834691501746	0.0721769499418	0.093131548312	0.0
-ipi	0.0642280880395	0.891908827446	0.0250646197227	0.018798464792
-‑ki	0.238876459382	0.374881806557	0.0683084249119	0.317933309149
-aaõ	0.321277595115	0.426491310474	0.148896195397	0.103334899014
-ipa	0.378787878788	0.544011544012	0.0346320346321	0.0425685425686
-ràõ	0.0	0.867494824017	0.132505175983	0.0
-o‑ò	0.278943576202	0.481592445682	0.0445940205132	0.194869957602
-a‑õ	0.486932763127	0.446543121882	0.0665241149917	0.0
-ewe	0.238092105263	0.463103070176	0.184057017544	0.114747807018
-vĩĩ	0.141262595191	0.770294736516	0.0208822966804	0.0675603716131
-ikò	0.785230352304	0.113143631436	0.0	0.10162601626
-ewa	0.377584916253	0.221109759521	0.0121643117807	0.389141012445
-raĩ	0.548551959114	0.264054514481	0.0255536626917	0.161839863714
-ewo	0.235044662997	0.173057836326	0.481367860688	0.110529639989
-tàõ	0.307293914545	0.138109624515	0.48985757445	0.0647388864912
-ò‑ò	0.337602520611	0.531905976001	0.0316200026294	0.0988715007591
-esa	0.391983418471	0.482969660372	0.0974328007442	0.0276141204119
-ewi	0.219342719883	0.478988313912	0.104435061589	0.197233904616
-tòe	0.391304347826	0.524901185771	0.0268774703557	0.0569169960474
-bòò	0.00717832146916	0.806185320333	0.0358916073459	0.150744750852
-awi	0.277558390688	0.209894226562	0.134256564829	0.378290817921
-myò	0.175389475596	0.115525176716	0.145363332659	0.563722015029
-awo	0.359153500736	0.315966535615	0.0744620233172	0.250417940332
-bòõ	0.386577181208	0.381879194631	0.126845637584	0.104697986577
-uxi	0.243309002433	0.605839416058	0.150851581509	0.0
-seõ	0.253359880538	0.610253857641	0.098556495769	0.0378297660528
-ahã	0.399395250566	0.317590146996	0.062318272487	0.220696329951
-awa	0.153505329433	0.589893615214	0.0139988923207	0.242602163033
-ỹxi	0.425289970434	0.424607687059	0.150102342506	0.0
-awe	0.0495867768595	0.623966942149	0.230027548209	0.0964187327823
-boõ	0.1	0.727272727273	0.0181818181818	0.154545454545
-byõ	0.195185426155	0.630541871921	0.0752858072311	0.0989868946928
-ẽ‑ò	0.15601338593	0.566882910505	0.0624427452373	0.214660958328
-ãré	0.461988304094	0.140350877193	0.198830409357	0.198830409357
-uxu	0.0807353450395	0.359784225076	0.00418722609662	0.555293203788
-ykõ	0.382069646826	0.368486045937	0.143146455915	0.106297851321
-ykò	0.47619047619	0.362244897959	0.127551020408	0.0340136054422
-saõ	0.0129600829445	0.987039917055	0.0	0.0
-stu	0.116519013813	0.515424476014	0.0157645866298	0.352291923543
-276	0.622950819672	0.0819672131147	0.262295081967	0.0327868852459
-txi	0.243842935486	0.312434758367	0.0851979338528	0.358524372294
-txu	0.141454069381	0.565235998432	0.0401708045455	0.253139127642
-sto	0.114812419146	0.867399741268	0.00485122897801	0.012936610608
-yky	0.267776152004	0.411857312913	0.0958756953849	0.224490839697
-ste	0.392857142857	0.494897959184	0.0612244897959	0.0510204081633
-pio	0.424292845258	0.342762063228	0.0499168053245	0.18302828619
-sta	0.0	0.470068694799	0.529931305201	0.0
-yké	0.553061153052	0.407733684935	0.0	0.039205162013
-naĩ	0.298146655923	0.629331184529	0.0	0.0725221595488
-hyy	0.327369262935	0.401711274373	0.10433094095	0.166588521742
-ỹsy	0.255144032922	0.526748971193	0.0699588477366	0.148148148148
-ank	0.127095100546	0.161555019962	0.0378635953857	0.673486284106
-hỹò	0.38911482588	0.292116905248	0.0546484289579	0.264119839913
-yke	0.349865115809	0.344465933114	0.0971941599887	0.208474791088
-asĩ	0.0	1.0	0.0	0.0
-tii	0.16909068429	0.0334839136823	0.00519495776691	0.792230444261
-àmy	0.211777835007	0.492016482101	0.207399776805	0.0888059060863
-òli	0.51	0.125	0.305	0.06
-200	0.257889546351	0.431459566075	0.177514792899	0.133136094675
-ỹse	0.220796365959	0.436258783448	0.173521896515	0.169422954078
-ieõ	0.533785214997	0.466214785003	0.0	0.0
-ybò	0.288794092014	0.340030273841	0.100178890877	0.270996743269
-òbò	0.140177511327	0.8032840128	0.0313067368051	0.025231739068
-ioi	0.248407643312	0.299363057325	0.261146496815	0.191082802548
-oba	0.436046511628	0.513081395349	0.0508720930232	0.0
-yti	0.169014084507	0.56338028169	0.253521126761	0.0140845070422
-esò	0.199158485273	0.702664796634	0.0981767180926	0.0
-sõu	0.525691699605	0.237154150198	0.0	0.237154150198
-yte	0.352998909033	0.309836303725	0.0771273723475	0.260037414895
-‑kò	0.219351278535	0.603658289174	0.0960422634649	0.0809481688266
-esõ	0.302358225716	0.383211678832	0.108085345312	0.20634475014
-ryy	0.160091320543	0.552889814555	0.0739375976289	0.213081267273
-õho	0.0711974110032	0.757281553398	0.0	0.171521035599
-‑kí	0.732142857143	0.160714285714	0.107142857143	0.0
-ola	0.316783831283	0.435120093732	0.198886936145	0.0492091388401
-ỹna	0.220143950561	0.476103390779	0.0616669793247	0.242085679336
-ekỹ	0.204738775366	0.628337995978	0.117551139697	0.0493720889582
-õhe	0.278849439072	0.183961021892	0.0249842165371	0.512205322499
-leu	0.451631072518	0.332504107017	0.0762262379723	0.139638582492
-syõ	0.408602150538	0.529953917051	0.0307219662058	0.0307219662058
-udò	0.072	0.704	0.224	0.0
-eel	0.0	1.0	0.0	0.0
-ãbu	0.137293043768	0.386027716573	0.0235012861175	0.453177953542
-ỹni	0.122331217542	0.846653202539	0.0194748990191	0.0115406809002
-aky	0.287375415282	0.287375415282	0.093023255814	0.332225913621
-alu	0.183253914227	0.679918311777	0.0381211708645	0.0987066031314
-òti	0.379444444445	0.348333333333	0.0111111111111	0.261111111111
-dòe	0.036893886156	0.809381588194	0.024595924104	0.129128601546
-òbi	0.463277909739	0.237434679335	0.11971496437	0.179572446556
-ali	0.0840022894329	0.913040889612	0.0	0.00295682095468
-ale	0.334372883114	0.406501084663	0.0887187269219	0.170407305302
-òty	0.163327733105	0.566973952417	0.0584023484929	0.211295965985
-gia	0.362096347274	0.277924827951	0.0105876124934	0.349391212282
-ala	0.176580265419	0.600455160312	0.0636584652506	0.159306109019
-erỹ	0.0548780487805	0.685975609756	0.0304878048781	0.228658536585
-ỹsỹ	0.474911660778	0.435865724382	0.0282685512367	0.0609540636042
-120	0.533185840708	0.182522123894	0.0298672566372	0.254424778761
-uva	0.231477148651	0.768522851349	0.0	0.0
-rou	0.0357142857143	0.785714285714	0.0357142857143	0.142857142857
-õde	0.327070699317	0.53321946726	0.0112266830429	0.12848315038
-jyõ	0.575	0.35	0.05	0.025
-obe	0.0953399761444	0.576690505919	0.216285545882	0.111683972055
-wyò	0.252185314685	0.627622377622	0.120192307692	0.0
-490	0.0	0.0	0.030303030303	0.969696969697
-yhĩ	0.0	0.025974025974	0.0	0.974025974026
-ãwò	0.149526836023	0.686540829935	0.025460880219	0.138471453823
-xuu	0.193144411049	0.360920280521	0.0255116645198	0.42042364391
-ãni	0.221951219512	0.514634146341	0.0585365853659	0.204878048781
-rku	0.422503961965	0.509350237718	0.014263074485	0.053882725832
-elu	0.491329479769	0.335260115607	0.0	0.173410404624
-153	0.27304964539	0.326595744681	0.139716312057	0.260638297873
-òma	0.166823751178	0.366525655919	0.126142515836	0.340508077066
-elo	0.127669635117	0.780124517299	0.0922058475845	0.0
-ogo	0.0	1.0	0.0	0.0
-koò	0.063829787234	0.856382978723	0.0797872340426	0.0
-io‑	0.0689655172414	0.931034482759	0.0	0.0
-ela	0.154388392761	0.476290353969	0.282288580881	0.0870326723896
-idy	0.474492931776	0.264290104487	0.169022741241	0.0921942224955
-ele	0.257360852357	0.21460309482	0.0535076824647	0.474528370358
-esy	0.775748031496	0.0699212598424	0.0976377952757	0.0566929133858
-ỹdu	0.193134030063	0.449491236599	0.0589323363389	0.298442397
-ryò	0.376742660325	0.428079383303	0.0	0.195177956372
-yté	0.00420836060974	0.821846067521	0.0673337697559	0.106611802114
-‑ku	0.374407582938	0.293838862559	0.0284360189573	0.303317535545
-itu	0.394578504022	0.199189309013	0.131737285452	0.274494901514
-esu	0.203226296098	0.360731277765	0.0478958802386	0.388146545899
-hyõ	0.261979681741	0.472983907219	0.0992537984356	0.165782612605
-‑ko	0.322097378277	0.597378277154	0.0205992509363	0.059925093633
-ito	0.0921220235001	0.629464749922	0.0259306436519	0.252482582926
-esi	0.153912596822	0.616756918375	0.0214363778697	0.207894106934
-uta	0.213720801913	0.67426889829	0.0656612102263	0.0463490895714
-oõu	0.422535211268	0.197183098592	0.056338028169	0.323943661972
-iti	0.245601793323	0.239531583478	0.0869614274774	0.427905195722
-‑ke	0.484536082474	0.484536082474	0.0309278350515	0.0
-ite	0.245274275407	0.226148361928	0.0287437755967	0.499833587068
-òbo	0.43828621248	0.276497695853	0.0323826130278	0.25283347864
-leõ	0.0961538461539	0.153846153846	0.230769230769	0.519230769231
-ese	0.164761313519	0.111562469741	0.0314837143476	0.692192502393
-ita	0.32077979619	0.292202038104	0.0446389011963	0.342379264511
-spe	0.0913948256468	0.803149606299	0.0267154105737	0.0787401574803
-bru	0.411290322581	0.467741935484	0.120967741935	0.0
-udu	0.230030101645	0.318253110821	0.0807073599599	0.371009427574
-ute	0.393716746896	0.489232328351	0.0640993159361	0.0529516088168
-uda	0.223429347438	0.610035022515	0.00428847116004	0.162247158888
-spu	0.442607463392	0.351913084554	0.0921114785073	0.113367973547
-bre	0.032403240324	0.913591359136	0.05400540054	0.0
-òtò	0.352125626482	0.461055636997	0.0362864664482	0.150532270072
-eeõ	0.555708390647	0.2984869326	0.0715268225585	0.0742778541953
-bri	0.299785867238	0.526766595289	0.0428265524625	0.130620985011
-udi	0.366201712741	0.182513870068	0.0170695709493	0.434214846242
-urò	0.204818866045	0.091384679072	0.0803007867676	0.623495668116
-abu	0.147199046484	0.571960667461	0.280840286055	0.0
-rim	0.0	1.0	0.0	0.0
-ỹwe	0.537711204622	0.279246934075	0.174033895688	0.0090079656153
-jyy	0.234613369353	0.457447738618	0.0219349854156	0.286003906613
-õkỹ	0.590144230769	0.409855769231	0.0	0.0
-ỹdi	0.249789029536	0.497046413502	0.020253164557	0.232911392405
-wou	0.414604937011	0.481233231523	0.0551444990113	0.0490173324545
-yjy	0.471239618579	0.242694555521	0.0922792986773	0.193786527222
-abe	0.165959043716	0.554180984687	0.0545121080787	0.225347863518
-u‑ò	0.152637614231	0.29885125156	0.0495906812656	0.498920452944
-aba	0.18749576185	0.757577812437	0.0342442530684	0.0206821726453
-huu	0.221641841793	0.170021836434	0.0723549115122	0.535981410261
-abo	0.283630202899	0.343463631907	0.119630543695	0.253275621499
-ãxe	0.566548881036	0.29210836278	0.0141342756184	0.127208480565
-roo	0.0809248554913	0.277456647399	0.0346820809249	0.606936416185
-koa	0.0265486725663	0.716814159292	0.203539823009	0.0530973451327
-tue	0.393197629477	0.432878124195	0.0219015717598	0.152022674568
-sou	0.144886363636	0.517045454546	0.0539772727272	0.284090909091
-xuõ	0.151006531461	0.402172863869	0.0566703488809	0.390150255789
-oru	0.124351079924	0.742386687845	0.037669871117	0.0955923611141
-kou	0.881188118812	0.079207920792	0.0	0.039603960396
-ori	0.189871226425	0.0444529763893	0.00866635914209	0.757009438044
-tuu	0.160964372463	0.0550284629386	0.00823676959485	0.775770395004
-jòò	0.804564907275	0.195435092725	0.0	0.0
-elã	0.0	1.0	0.0	0.0
-ora	0.299836229971	0.442705740608	0.139788902597	0.117669126824
-eju	0.623481781377	0.327935222672	0.0485829959514	0.0
-omy	0.275995902302	0.414133214006	0.121112958836	0.188757924857
-kre	0.371500190476	0.276067501639	0.0718743247292	0.280557983156
-òwy	0.354047092255	0.332287137828	0.123157112115	0.190508657802
-émy	0.102272727273	0.875	0.0	0.0227272727272
-liu	0.086500655308	0.754652686763	0.0110091743119	0.147837483617
-suõ	0.673672566372	0.326327433628	0.0	0.0
-yhy	0.278251986669	0.362900408857	0.100309491144	0.25853811333
-suò	0.120568666387	0.327853418881	0.0505533975206	0.501024517211
-ruu	0.216353637024	0.266161668569	0.0378748573207	0.479609837086
-keõ	0.399958745875	0.426773927393	0.0	0.173267326733
-rui	0.136100148609	0.758495802537	0.0	0.105404048854
-omo	0.271523178808	0.619205298013	0.069536423841	0.0397350993377
-keò	0.437780954625	0.331498220285	0.152110003517	0.0786108215734
-yhe	0.395218586142	0.331444831271	0.0869538841923	0.186382698394
-òwe	0.475591151792	0.368039664379	0.11060259344	0.045766590389
-à‑ò	0.142649616368	0.700123898835	0.016231884058	0.140994600739
-yho	0.0628695456927	0.787441059801	0.149689394506	0.0
-ome	0.160104132769	0.810608525871	0.0117149365441	0.0175724048161
-rue	0.152679765115	0.585499521178	0.105867429565	0.155953284142
-odu	0.173392554588	0.33184496602	0.12244327719	0.372319202202
-diã	0.115384615385	0.115384615385	0.769230769231	0.0
-òpe	0.269732860724	0.39137200657	0.0337166075906	0.305178525115
-oku	0.623476417594	0.149311075782	0.0	0.227212506624
-abi	0.259259259259	0.333333333333	0.0	0.407407407407
-oda	0.0	1.0	0.0	0.0
-ode	0.232684939582	0.593132920719	0.0987326849395	0.0754494547598
-rna	0.170454545455	0.139204545454	0.0852272727273	0.605113636364
-odi	0.0305281201535	0.886131744347	0.0478328299731	0.0355073055261
-izi	0.668103448276	0.073275862069	0.258620689655	0.0
-zer	0.0	1.0	0.0	0.0
-uri	0.206119162641	0.345668884635	0.034697535928	0.413514416796
-ỹkõ	0.157439446367	0.539792387543	0.0968858131488	0.205882352941
-yhỹ	0.471280770787	0.19008309239	0.0478127272405	0.290823409583
-ukõ	0.304197530864	0.39621399177	0.131358024691	0.168230452675
-jio	0.317589576547	0.682410423453	0.0	0.0
-ura	0.21850952986	0.554991005647	0.0986725259113	0.127826938582
-ehe	0.388415503597	0.38898871765	0.127034961152	0.0955608176009
-uhu	0.161840573182	0.193967312318	0.159613799199	0.484578315301
-ure	0.329324399469	0.276353315972	0.0950699548569	0.299252329702
-irá	0.0425531914894	0.914893617021	0.0	0.0425531914894
-ury	0.22962962963	0.535802469136	0.16049382716	0.0740740740741
-tai	0.107425425569	0.0180574305429	0.00319066119666	0.871326482692
-ehu	0.491168230719	0.487476628815	0.0	0.021355140466
-uru	0.186375636608	0.36170636881	0.0747243696794	0.377193624902
-tãõ	0.651315789474	0.0592105263158	0.0394736842105	0.25
-ẽni	0.182167563413	0.817832436587	0.0	0.0
-tiõ	0.314782608696	0.449855072464	0.0811594202898	0.154202898551
-wau	0.229395604396	0.239010989011	0.354395604396	0.177197802198
-duu	0.212962962963	0.62037037037	0.166666666667	0.0
-tiò	0.180576793144	0.225560968671	0.0241812168842	0.569681021301
-laõ	0.192988209454	0.465650310398	0.247830264944	0.0935312152042
-duy	0.265536723164	0.700564971751	0.0338983050848	0.0
-osã	0.0	1.0	0.0	0.0
-ydy	0.314960629921	0.551181102362	0.0708661417322	0.0629921259842
-sỹỹ	0.664681357951	0.335318642049	0.0	0.0
-elò	0.265109192483	0.647536820721	0.0507872016252	0.0365667851701
-òhò	0.24348126403	0.566914177171	0.0730443792092	0.116560179589
-àre	0.421279349069	0.333735142657	0.0507875167298	0.194197991544
-waa	0.156926124811	0.655127469892	0.0894113966946	0.0985350086024
-alĩ	0.0	0.917525773196	0.020618556701	0.0618556701031
-àri	0.225987687526	0.774012312474	0.0	0.0
-byy	0.260005333443	0.369525528729	0.112002297483	0.258466840345
-aro	0.385964912281	0.228070175439	0.149122807018	0.236842105263
-iwò	0.383429672447	0.28901734104	0.0	0.327552986513
-liõ	0.0459518599562	0.954048140044	0.0	0.0
-suu	0.244165170557	0.481149012567	0.0280071813286	0.246678635548
-ywa	0.0232558139535	0.651162790698	0.0	0.325581395349
-ísí	0.78	0.1	0.04	0.08
-ari	0.229891793365	0.526931074416	0.0681113272216	0.175065804997
-keu	0.412012653805	0.377001396937	0.108272134834	0.102713814424
