-deá	0.433962264151	0.338852522141	0.204081632653	0.0231035810551
-ivu	0.408145051962	0.241456405408	0.0476519614174	0.302746581213
-iot	0.0116606743757	0.975706928384	0.0097172286464	0.00291516859392
-ua+	0.0930651456019	0.626678675073	0.199419593716	0.0808365856099
-hew	0.0	1.0	0.0	0.0
-eus	0.0785994998214	0.888888888889	0.005359056806	0.0271525544837
-hes	0.184615384615	0.784615384615	0.0307692307692	0.0
-hel	0.267857142857	0.732142857143	0.0	0.0
-hem	0.0271317829457	0.955954897815	0.0	0.0169133192389
-hen	0.101349563377	0.767928023287	0.0354591161683	0.0952632971686
-700	0.0	0.779680986043	0.0	0.220319013957
-ive	0.174030805815	0.76905065912	0.0472201254587	0.00969840960601
-cat	0.0	0.92729538845	0.0727046115497	0.0
-ivi	0.0718332986425	0.853003075927	0.0710007169454	0.0041629084854
-rbi	0.100981767181	0.886395511921	0.0	0.0126227208976
-oká	0.168664527755	0.342420779677	0.139462224762	0.349452467806
-ivo	0.532946811871	0.30401819059	0.0648576074526	0.0981773900862
-ufu	0.253720856286	0.663719182541	0.0342321790228	0.0483277821498
-aus	0.18922852984	0.781659388646	0.0	0.0291120815138
-oá+	0.304794520548	0.441780821918	0.253424657534	0.0
-oya	0.0665680473373	0.386094674556	0.547337278107	0.0
-ufe	0.465838509317	0.055900621118	0.124223602484	0.354037267081
-nsi	0.150175492867	0.451628123635	0.0177569171031	0.380439466396
-biá	0.0372670807453	0.72049689441	0.0	0.242236024845
-nse	0.161834120027	0.797707349966	0.0404585300067	0.0
-ufo	0.0	1.0	0.0	0.0
-aul	0.0378878609305	0.836594444488	0.00439356263672	0.121124131945
-nth	0.047557840617	0.883997429306	0.0269922879177	0.0414524421594
-riá	0.407705503318	0.343939199223	0.0878461018242	0.160509195635
ALL	0.242500403604	0.292553865658	0.0546329902976	0.410312740441
-lee	0.0103893650681	0.968713843829	0.00814620670114	0.0127505844018
-her	0.0	1.0	0.0	0.0
-cas	0.0251572327044	0.949685534591	0.0251572327044	0.0
-ará	0.355660235056	0.429846215051	0.103755019483	0.11073853041
-óso	0.457095158598	0.343906510851	0.0948247078465	0.104173622704
-iva	0.369769078752	0.481409237206	0.0942759909383	0.0545456931036
-das	0.051384790922	0.897526808875	0.00616180704741	0.0449265931558
-emo	0.234456119344	0.0430222921869	0.0142406828778	0.708280905591
-jiá	0.0	1.0	0.0	0.0
-dee	0.0	1.0	0.0	0.0
-dek	0.0427327014737	0.910699611023	0.00821782720648	0.038349860297
-ri+	0.188526000619	0.711326014386	0.029321678081	0.070826306914
-400	0.286516853933	0.415730337079	0.0308988764045	0.266853932584
-ima	0.00812127774769	0.56524093124	0.426637791012	0.0
-oko	0.213381511441	0.304810739655	0.143723813704	0.3380839352
-des	0.0	0.952	0.048	0.0
-kim	0.0	1.0	0.0	0.0
-imi	0.198105007313	0.283599010325	0.0572723694409	0.461023612921
-nae	0.483959044369	0.17337883959	0.270307167236	0.0723549488054
-oka	0.100584821602	0.681359640349	0.080735633343	0.137319904705
-imo	0.147762382062	0.129948806003	0.0365301444543	0.68575866748
-ido	0.428572759842	0.109823466206	0.0273743657932	0.434229408159
-lla	0.0190255220418	0.97819025522	0.00278422273782	0.0
-ech	0.0	1.0	0.0	0.0
-obo	0.193591202124	0.712741751991	0.0610542282897	0.0326128175957
-oba	0.137284532531	0.746436980909	0.0450003690173	0.0712781175428
-ece	0.0	0.990825688073	0.0	0.00917431192661
-ida	0.288977117217	0.38887458862	0.151326811172	0.170821482991
-lls	0.0	0.97406767103	0.0259323289701	0.0
-bia	0.408389261745	0.489261744966	0.0345637583893	0.0677852348993
-bim	0.0432776223609	0.929679841236	0.0	0.0270425364034
-tle	0.0289156626506	0.971084337349	0.0	0.0
-bii	0.652164383562	0.210410958904	0.0289315068493	0.108493150685
-ter	0.0144946197436	0.936733997148	0.00644992859008	0.042321454518
-uta	0.280962446296	0.484654157033	0.0897849625345	0.144598434137
-eje	0.644213026294	0.294666193223	0.0244483121933	0.03667246829
-ria	0.123563490372	0.358796656895	0.243757232513	0.27388262022
-rin	0.029304029304	0.96336996337	0.007326007326	0.0
-uth	0.0	1.0	0.0	0.0
-de+	0.277777777778	0.566308243728	0.0645161290323	0.0913978494624
-uto	0.230286885588	0.312736205067	0.154986729348	0.301990179996
-ejo	0.321278238711	0.312777909242	0.0216608285654	0.344283023481
-eju	0.583035150495	0.278046727005	0.0820879814776	0.0568301410229
-utu	0.163830142208	0.717838028041	0.0508497745099	0.0674820552416
-aku	0.278829604131	0.488812392427	0.201376936317	0.0309810671256
-ard	0.0	0.875479369773	0.124520630227	0.0
-are	0.399247634172	0.392608195753	0.0444781535836	0.163666016491
-mew	0.0	1.0	0.0	0.0
-ara	0.195751343159	0.481082942348	0.154208805874	0.168956908619
-mes	0.00452577428455	0.97375050915	0.0126721679967	0.0090515485691
-jii	0.646551724138	0.284482758621	0.0689655172414	0.0
-arl	0.0	0.214285714286	0.785714285714	0.0
-aro	0.156560670166	0.77633799273	0.0164642367787	0.0506371003252
-ari	0.302879029662	0.435624180257	0.0873774687243	0.174119321357
-jia	0.0978318350079	0.756742464305	0.100475938657	0.0449497620306
-aru	0.108486526314	0.75060864889	0.0935210074913	0.0473838173049
-mea	0.0	1.0	0.0	0.0
-lun	0.0	1.0	0.0	0.0
-mel	0.0	0.920424403183	0.079575596817	0.0
-ary	0.00359869138495	0.852453653217	0.000872410032717	0.143075245365
-pha	0.0	1.0	0.0	0.0
-rrh	0.0175879396985	0.972361809045	0.0100502512563	0.0
-aya	0.181344613199	0.578478516598	0.191537923758	0.0486389464453
-red	0.0	1.0	0.0	0.0
-goá	0.254094951278	0.302517885417	0.252389616035	0.19099754727
-ero	0.437059248117	0.198904385429	0.0447247957223	0.319311570732
-nah	0.0162214102243	0.97925425087	0.00154489621184	0.00297944269425
-moá	0.157302734129	0.119672554377	0.0489462902711	0.674078421223
-mar	0.0	1.0	0.0	0.0
-na+	0.151984399843	0.784869682875	0.0225333978685	0.0406125194142
-rae	0.358280869162	0.282733428617	0.0713944111316	0.287591291089
-yaó	0.185606060606	0.0719696969697	0.742424242424	0.0
-xad	0.0	1.0	0.0	0.0
-ubo	0.259017734948	0.351995918801	0.0766331314519	0.312353214799
-umu	0.222857142857	0.697142857143	0.08	0.0
-ota	0.35031512605	0.564600840336	0.0378151260504	0.047268907563
-ija	0.134663913742	0.767148428539	0.0394585914201	0.0587290662996
-oti	0.143511965736	0.841247825513	0.00762010437538	0.00762010437537
-reá	0.368837034249	0.529544599172	0.0	0.101618366579
-iji	0.0638070226632	0.655675517946	0.145705670655	0.134811788736
-oto	0.161888575108	0.248874711838	0.060160126494	0.52907658656
-nda	0.0521077610268	0.0585417626291	0.010100376815	0.879250099529
-umo	0.215150155517	0.352322814813	0.0713830864415	0.361143943228
-umi	0.0452830188678	0.818867924528	0.022641509434	0.11320754717
-ako	0.117534134274	0.21066285147	0.243379942781	0.428423071475
-kia	0.159371278876	0.72842740335	0.0288957688338	0.0833055489402
-nai	0.171586994414	0.415503492952	0.338658541607	0.074250971027
-nan	0.0303643724696	0.884326200116	0.0853094274148	0.0
-aki	0.031007751938	0.93023255814	0.0387596899224	0.0
-nam	0.0	1.0	0.0	0.0
-sis	0.0	1.0	0.0	0.0
-oah	0.0	1.0	0.0	0.0
-aka	0.198016950119	0.669052325443	0.059088672784	0.0738420516539
-ufi	0.0	0.977777777778	0.0222222222222	0.0
-maé	0.427580893683	0.476117103236	0.0462249614792	0.0500770416025
-sii	0.453125	0.45703125	0.0	0.08984375
-juá	0.428992339423	0.444003349564	0.0508017244053	0.0762025866079
-sin	0.0	0.862037598545	0.0	0.137962401455
-eba	0.347107438017	0.619834710744	0.0330578512396	0.0
-nas	0.0527859237537	0.909090909091	0.0312805474096	0.00684261974585
-sia	0.0716784894664	0.828522553262	0.0526452182522	0.0471537390195
-goi	0.240016337746	0.645730835639	0.0649796706459	0.0492731559698
-mos	0.0245901639344	0.963114754098	0.0122950819672	0.0
-mor	0.0666666666667	0.9	0.0333333333333	0.0
-gon	0.0	1.0	0.0	0.0
-360	0.20487804878	0.736585365854	0.0292682926829	0.0292682926829
-god	0.0562665199832	0.773874301382	0.00634161181212	0.163517566822
-gog	0.018691588785	0.943925233645	0.0373831775701	0.0
-vuá	0.397476340694	0.583596214511	0.0	0.018927444795
-mon	0.0161381424998	0.978415234407	0.00254175744372	0.00290486564996
-moi	0.231651376147	0.481323722149	0.222804718218	0.0642201834863
-iah	0.0300604604395	0.919416550229	0.0145601274501	0.0359628618812
-yau	0.368466910063	0.466472595615	0.00901852292517	0.156041971397
-ruá	0.432584269663	0.129213483146	0.370786516854	0.0674157303371
-och	0.0210843373494	0.897590361446	0.0632530120482	0.0180722891566
-ber	0.0893617021277	0.897872340426	0.0	0.0127659574468
-ofu	0.10856460476	0.669358990144	0.0946093782871	0.127467026809
-eor	0.0284360189573	0.971563981043	0.0	0.0
-cob	0.00175182481752	0.989781021898	0.000875912408758	0.00759124087589
-yae	0.524478485548	0.211051324742	0.0600368127848	0.204433376925
-ofo	0.0899716283086	0.410021061406	0.097973519432	0.402033790853
-ben	0.0	1.0	0.0	0.0
-beo	0.0413669064748	0.931055155875	0.0275779376498	0.0
-bel	0.0918245783788	0.865323951711	0.0244865542344	0.0183649156758
-ofi	0.275934861279	0.674306393245	0.0452352231604	0.00452352231604
-ofe	0.404958677686	0.487603305785	0.099173553719	0.00826446280991
-yai	0.67335589942	0.243230174081	0.00362669245649	0.0797872340426
-bed	0.267857142857	0.732142857143	0.0	0.0
-ofa	0.0525946704067	0.943197755961	0.00420757363253	0.0
-iso	0.00825334456186	0.958307907186	0.0037366921121	0.0297020561395
-evu	0.428410200058	0.284807162001	0.0781354281055	0.208647209836
-rei	0.694859334767	0.102333381739	0.0542968155077	0.148510467987
-ren	0.0444444444444	0.955555555556	0.0	0.0
-iaó	0.741007194245	0.258992805755	0.0	0.0
-isi	0.0346024380381	0.868195538774	0.0781743928224	0.019027630365
-ish	0.0	1.0	0.0	0.0
-ise	0.260898252409	0.140954405161	0.0261727828367	0.571974559593
-rea	0.225872757734	0.196841883745	0.00637125972922	0.570914098792
-isa	0.0836036121247	0.724433808347	0.185448012349	0.00651456717855
-rez	0.0	1.0	0.0	0.0
-eve	0.264423076923	0.667067307692	0.0288461538462	0.0396634615385
-eva	0.272307756799	0.231426828903	0.168716353009	0.327549061289
-aá+	0.545454545455	0.159090909091	0.0	0.295454545455
-res	0.0526777875329	0.839157155399	0.00772607550484	0.100438981563
-evo	0.444705749244	0.33705894713	0.11621328937	0.102022014256
-mo+	0.00425286308819	0.971931103618	0.000911327804611	0.0229047054892
-evi	0.0427658983616	0.953901693974	0.00166620383227	0.00166620383227
-ret	0.0897196261682	0.899065420561	0.0	0.011214953271
-reu	0.0	1.0	0.0	0.0
-avi	0.365275791307	0.299939887652	0.0453951868665	0.289389134175
-hab	0.0344086021505	0.952688172043	0.0129032258064	0.0
-naé	0.344262295082	0.655737704918	0.0	0.0
-hae	0.257510729812	0.334258854132	0.078247606648	0.329982809408
-avo	0.289008172506	0.298163784977	0.0227610780264	0.39006696449
-hah	0.0	1.0	0.0	0.0
-ava	0.120788144916	0.047266545615	0.00594333810088	0.826001971368
-mas	0.0512556907872	0.937574351994	0.00216192720368	0.00900803001533
-naá	0.570836525415	0.22818692831	0.122059054282	0.0789174919929
-ave	0.0413798474328	0.246427011222	0.00516428917559	0.70702885217
-aká	0.185905922621	0.185548046101	0.172863359316	0.455682671962
-mai	0.148236246153	0.75103912505	0.100724628796	0.0
-har	0.0	1.0	0.0	0.0
-has	0.0765902422042	0.896553439101	0.00746008852638	0.0193962301686
-hat	0.0	1.0	0.0	0.0
-man	0.0251677852349	0.572147651007	0.402684563758	0.0
-haz	0.0	1.0	0.0	0.0
-jui	0.68569611195	0.146378309613	0.0419813946092	0.125944183828
-mae	0.358893091141	0.250208632966	0.109376942062	0.281521333831
-avu	0.368885869565	0.290081521739	0.0244565217392	0.316576086956
-eká	0.179752189746	0.137563591721	0.0939697258458	0.588714492687
-uno	0.273987499788	0.672074568881	0.0165466960656	0.0373912352653
-une	0.286917602352	0.0698376689261	0.0264285070801	0.616816221642
-una	0.344071112754	0.334812281431	0.274221626535	0.0468949792793
-iro	0.383036533073	0.386837364573	0.0851609535788	0.144965148775
-unu	0.674593802667	0.128163043882	0.0116522852352	0.185590868216
-666	0.0697674418605	0.139534883721	0.0	0.790697674419
-him	0.0	1.0	0.0	0.0
-gae	0.316459417251	0.12082406216	0.0653548405098	0.497361680079
-ade	0.0431645583988	0.0593645580218	0.0364062342725	0.861064649307
-tra	0.0363196125908	0.921307506053	0.00726392251817	0.0351089588378
-500	0.0179885527392	0.161079313164	0.137367130008	0.683565004088
-ada	0.137246421117	0.656131796054	0.0533897076476	0.153232075182
-así	0.772277227723	0.227722772277	0.0	0.0
-ein	0.0203311065931	0.878013360442	0.0	0.101655532965
-gai	0.244929713546	0.505839723772	0.165400452392	0.083830110291
-adi	0.22736500203	0.616321559074	0.156313438896	0.0
-eia	0.0470878668739	0.944683185517	0.00822894760903	0.0
-144	0.170807453416	0.083850931677	0.0	0.745341614907
-gas	0.0101694915254	0.989830508475	0.0	0.0
-ne+	0.153309265945	0.463417569194	0.120457280385	0.262815884477
-ire	0.517454815548	0.411735578113	0.0326813567715	0.0381282495667
-nki	0.120234443471	0.775690184049	0.00766871165644	0.0964066608239
-mbí	0.19385665529	0.673037542662	0.0225255972696	0.110580204778
-ini	0.126807367357	0.759421354916	0.0363175393546	0.0774537383725
-ate	0.0676107811786	0.815080647995	0.0660206627543	0.0512879080718
-oes	0.0876623376623	0.861201298701	0.0389610389611	0.0121753246753
-seh	0.0	1.0	0.0	0.0
-ina	0.136633158283	0.527239793906	0.125102691424	0.211024356387
-ine	0.143208862435	0.454241116064	0.0549206364898	0.347629385012
-sea	0.0487804878049	0.837398373984	0.0325203252033	0.0813008130081
-ing	0.101825950632	0.80872091236	0.0370415910977	0.0524115459101
-raé	0.662295081967	0.0491803278689	0.15737704918	0.131147540984
-erá	0.274122752003	0.116462466061	0.0361784038568	0.573236378079
-ohn	0.0374308356068	0.882793687073	0.0102411750779	0.0695343022426
-ins	0.33105651647	0.649113143109	0.00330505673681	0.016525283684
-ses	0.0686556725699	0.913717562442	0.00650797991276	0.0111187850752
-raá	0.571078431373	0.102941176471	0.107843137255	0.218137254902
-eda	0.0829036176386	0.0972828551034	0.0159776901036	0.803835837154
-rse	0.0289656223798	0.966460858297	0.0	0.00457351932313
-fua	0.0192372595343	0.962537968275	0.00404994937564	0.0141748228147
-iam	0.00816556384627	0.977755877798	0.0067577080107	0.00732085034492
-ian	0.0571428571429	0.92380952381	0.0190476190476	0.0
-iai	0.143225806452	0.732903225806	0.0696774193549	0.0541935483871
-nes	0.0312093628089	0.915474642393	0.0039011703511	0.0494148244474
-fui	0.173806941432	0.747288503254	0.031453362256	0.0474511930586
-oor	0.0100502512563	0.979899497487	0.0100502512563	0.0
-ghi	0.268712064457	0.450608875791	0.0337013131958	0.246977746556
-ias	0.0342138502938	0.935779620578	0.0203958970228	0.009610632105
-iar	0.00116890707189	0.998831092928	0.0	0.0
-ghe	0.254874662418	0.0851823604259	0.0327803689109	0.627162608246
-aoh	0.107954545455	0.734375	0.136363636364	0.0213068181818
-gha	0.444725588012	0.264445025567	0.064871302986	0.225958083435
-ban	0.0959800560922	0.510958761816	0.219382985354	0.173678196738
-eka	0.202797858481	0.399795773355	0.072297317708	0.325109050456
-eke	0.0868902439024	0.867378048781	0.0228658536585	0.0228658536585
-bai	0.181870622616	0.540686885397	0.23238298405	0.0450595079371
-ogu	0.165690996665	0.755464987032	0.0366061504261	0.0422378658762
-hoi	0.152850445064	0.190935652647	0.640925460352	0.0152884419379
-hon	0.0	1.0	0.0	0.0
-oju	0.250264415162	0.258560576124	0.383044937428	0.108130071286
-hor	0.0	1.0	0.0	0.0
-joi	0.549295774648	0.239436619718	0.154929577465	0.056338028169
-eku	0.121391601302	0.774558454725	0.060829198015	0.0432207459581
-bas	0.0339917906619	0.950679835813	0.00564391995896	0.00968445356594
-job	0.154373927959	0.768439108062	0.0	0.0771869639794
-unó	0.378384065086	0.553233272549	0.0638238182073	0.00455884415766
-ase	0.441347571453	0.334866592319	0.0798841309721	0.143901705256
-mbu	0.149340480886	0.177967946932	0.0847864225393	0.587905149642
-asa	0.115386243872	0.594489458285	0.0880573968536	0.202066900989
-aso	0.455373913947	0.292832255935	0.0748543010015	0.176939529117
-ída	0.353045661552	0.281421531311	0.0749228735125	0.290609933625
-asi	0.341874551644	0.284451097795	0.287252084617	0.0864222659431
-oru	0.119912790698	0.68386627907	0.0	0.196220930233
-mba	0.0539509781723	0.827801814072	0.0424516154044	0.0757955923511
-ast	0.166718701218	0.712457071496	0.0733687168279	0.047455510459
-ass	0.0	0.924849699399	0.0751503006012	0.0
-mbe	0.481179930694	0.202172659005	0.0699461503679	0.246701259933
-mbi	0.0998492957328	0.708259665724	0.00721772659671	0.184673311946
-lta	0.13843186886	0.834086663051	0.0100042186464	0.0174772494425
-zor	0.0	1.0	0.0	0.0
-mbo	0.0519153116961	0.435337709758	0.0278271220694	0.484919856477
-per	0.173913043478	0.826086956522	0.0	0.0
-dow	0.19926199262	0.734317343173	0.0664206642066	0.0
-430	0.289855072464	0.0	0.0	0.710144927536
-ers	0.165680473373	0.692307692308	0.14201183432	0.0
-ras	0.443444730077	0.478149100257	0.0218508997429	0.0565552699228
-eri	0.47355610035	0.150659504441	0.0462100715186	0.32957432369
-ram	0.0	1.0	0.0	0.0
-rak	0.0	1.0	0.0	0.0
-rah	0.0541532813217	0.945846718678	0.0	0.0
-rai	0.376023877993	0.319640739782	0.122115764654	0.182219617571
-era	0.420179918308	0.249634118414	0.0577416391718	0.272444324106
-inó	0.469022341943	0.33116780225	0.071066392014	0.128743463793
-ere	0.358904875225	0.296848434118	0.0412186830216	0.303028007635
-fuá	0.187150987113	0.587131768047	0.132291232903	0.0934260119372
-iya	0.163228371326	0.713143395716	0.0911419819621	0.0324862509964
-fué	0.708278580815	0.291721419185	0.0	0.0
-uge	0.396667386236	0.207158974817	0.165508684375	0.230664954572
-uga	0.250323541267	0.567635806906	0.128203184471	0.0538374673568
-ugo	0.139437282141	0.10280307106	0.0528147102871	0.704944936513
-ghá	0.131346047597	0.840722134687	0.0279318177167	0.0
-320	0.0411522633745	0.341563786008	0.0740740740741	0.543209876543
-neá	0.287175989086	0.552523874488	0.0511596180081	0.109140518418
-foa	0.417563158242	0.0449208713467	0.0203407010662	0.517175269345
-ike	0.284847403177	0.170801356416	0.0437265750491	0.500624665358
-uju	0.480945056867	0.199069893792	0.0614152970662	0.258569752275
-ika	0.112640532902	0.8279774637	0.0459683959101	0.0134136074882
-iko	0.372638260367	0.384614530022	0.0229971040684	0.219750105542
-foi	0.40963870818	0.419043988214	0.0951762797815	0.0761410238253
-nor	0.0	1.0	0.0	0.0
-nos	0.0	1.0	0.0	0.0
-lah	0.0	1.0	0.0	0.0
-lai	0.0385852090032	0.871382636656	0.0192926045016	0.0707395498393
-iki	0.23160380259	0.544638618671	0.0685425454724	0.155215033267
-lak	0.109741550696	0.890258449304	0.0	0.0
-aam	0.0129926375054	0.974014724989	0.0	0.0129926375054
-our	0.0788590604027	0.815436241611	0.0805369127517	0.0251677852349
-fos	0.0	1.0	0.0	0.0
-iks	0.482820976492	0.350813743219	0.0578661844485	0.108499095841
-uje	0.371311426938	0.319646764306	0.147602057913	0.161439750843
-non	0.0	1.0	0.0	0.0
-las	0.0700817272146	0.906870268131	0.00888359922439	0.01416440543
-uji	0.135822099403	0.742710402775	0.0375976485137	0.0838698493076
-ppa	0.0182389937107	0.964779874214	0.00377358490566	0.0132075471698
-nna	0.0690476190476	0.820238095238	0.0261904761905	0.0845238095238
-aac	0.00468018720749	0.990639625585	0.00468018720747	0.0
-boe	0.539332224553	0.0506237306414	0.057822061635	0.35222198317
-xen	0.0590909090909	0.913636363636	0.0272727272727	0.0
-ato	0.0857768078418	0.465383674193	0.0334764790657	0.415363038899
-boi	0.417496485318	0.280877476856	0.0900289132338	0.211597124592
-ypt	0.00843407365758	0.904694967669	0.0764689344954	0.0104020241777
-rew	0.0	1.0	0.0	0.0
-ess	0.414277762316	0.551628165878	0.0160033398274	0.0180907319789
-dod	0.0402684563758	0.919463087248	0.0402684563758	0.0
-don	0.0107941403238	0.974556669237	0.0	0.0146491904395
-dom	0.0047789725209	0.990043807248	0.00517722023098	0.0
-dok	0.0	1.0	0.0	0.0
-ro+	0.0426211063038	0.847609057784	0.0246925569779	0.0850772789345
-sas	0.00749330954505	0.986083853702	0.00321141837644	0.00321141837645
-íra	0.457023060797	0.249475890985	0.100628930818	0.1928721174
-sau	0.0	1.0	0.0	0.0
-íri	0.493995196157	0.351481184948	0.0280224179344	0.126501200961
-ddi	0.0	1.0	0.0	0.0
-fo+	0.0401298748678	0.919752410833	0.00912042610631	0.0309972881933
-olt	0.184749139649	0.753667813802	0.0615830465495	0.0
-toi	0.271363426622	0.202284830362	0.0472434738486	0.479108269168
-ges	0.196611937106	0.617004492459	0.172745748208	0.013637822227
-ibo	0.487484612228	0.50759130078	0.0049240869922	0.0
-tor	0.129179696897	0.784219388983	0.0721674284339	0.0144334856868
-sae	0.46206091305	0.166312846135	0.0426406937654	0.32898554705
-ibe	0.0181429167029	0.969761805495	0.0	0.0120952778019
-sai	0.553299492386	0.335025380711	0.0609137055838	0.0507614213198
-old	0.00321851411932	0.850875512472	0.145905973409	0.0
-iba	0.0	0.973154362416	0.0268456375838	0.0
-sam	0.0	1.0	0.0	0.0
-ngu	0.0913482408025	0.794363979153	0.0651727287568	0.0491150512875
-lon	0.0304365602144	0.3784581838	0.023258983328	0.567846272657
-iem	0.0701754385965	0.90350877193	0.0263157894737	0.0
-iel	0.0108295548397	0.983755667741	0.00541477741983	0.0
-ror	0.0	0.965517241379	0.0344827586207	0.0
-loi	0.0	0.972222222222	0.0	0.0277777777778
-loe	0.134328358209	0.835820895522	0.0	0.0298507462687
-der	0.0298013245033	0.970198675497	0.0	0.0
-bo+	0.0110586364912	0.975053773497	0.00368231553353	0.0102052744786
-rod	0.0325060092794	0.92039800995	0.0327715355805	0.0143244451898
-hai	0.457086484709	0.51660637948	0.0263071358106	0.0
-ron	0.0513039760582	0.923044035913	0.00513039760582	0.0205215904233
-roi	0.416906820365	0.495677233429	0.0028818443804	0.0845341018252
-.00	0.1261829653	0.684542586751	0.18927444795	0.0
-foá	0.443012689887	0.399061490107	0.0399942011704	0.117931618836
-éro	0.602681721948	0.153140437544	0.0190543401553	0.225123500353
-iká	0.0977594634437	0.295335304615	0.519645859016	0.0872593729256
-sar	0.0763377822128	0.912436073344	0.00374204814768	0.00748409629539
-foé	0.388714733542	0.181818181818	0.0940438871473	0.335423197492
-éra	0.527272727273	0.109090909091	0.283636363636	0.08
-ham	0.011925528555	0.93625983276	0.0292710315497	0.0225436071356
-rda	0.68016194332	0.31983805668	0.0	0.0
-han	0.0	1.0	0.0	0.0
-úde	0.11811023622	0.307086614173	0.527559055118	0.0472440944882
-noá	0.513157894737	0.4375	0.00986842105265	0.0394736842105
-to+	0.0185507771745	0.9367878391	0.0299137136895	0.0147476700357
-boá	0.122260052963	0.405063385035	0.0251463159535	0.447530246048
-nga	0.112764091741	0.1255640072	0.0760278377038	0.685644063356
-boé	0.261384976675	0.519153717944	0.0663487667432	0.153112538638
-boó	0.594521000083	0.0514893968149	0.0	0.353989603103
-vva	0.193548387097	0.751152073733	0.0552995391705	0.0
-nge	0.222938846517	0.057480688511	0.00217327452682	0.717407190445
-toá	0.373399490451	0.461649448714	0.0497112786077	0.115239782227
-276	0.0	0.205882352941	0.0	0.794117647059
-voá	0.650793650794	0.190476190476	0.047619047619	0.111111111111
-saá	0.466610667787	0.388492230155	0.0944981100378	0.0503989920202
-sti	0.0855963079913	0.861015302405	0.0408064124362	0.0125819771678
-ngi	0.526518621502	0.135295925862	0.0562915410955	0.281893911541
-saé	0.466292134832	0.213483146067	0.0337078651685	0.286516853933
-sta	0.0	0.854990583804	0.145009416196	0.0
-hys	0.0	1.0	0.0	0.0
-sse	0.0	1.0	0.0	0.0
-no+	0.0369228377671	0.792821854751	0.166152769952	0.00410253752968
-roá	0.299502487562	0.537512437811	0.0278606965174	0.135124378109
-eyo	0.349016853933	0.490870786517	0.0505617977528	0.109550561798
-eya	0.0112039296224	0.965161209863	0.0128734559396	0.0107614045745
-200	0.154083204931	0.51155624037	0.055469953775	0.278890600924
-eye	0.204007285975	0.613843351548	0.0728597449908	0.109289617486
-iok	0.0307078763709	0.950548354935	0.0035892323031	0.0151545363908
-ide	0.143516158251	0.501996957856	0.298340023119	0.0561468607736
-ois	0.0357142857143	0.964285714286	0.0	0.0
-lem	0.0187727717053	0.964298409313	0.0018661690216	0.01506264996
-lea	0.0	1.0	0.0	0.0
-óda	0.215080492424	0.76006155303	0.0213068181818	0.00355113636363
-aga	0.219756694977	0.160222328264	0.105753663459	0.514267313299
-leg	0.0	1.0	0.0	0.0
-ágo	0.434412265758	0.463373083475	0.102214650767	0.0
-mus	0.0657703639155	0.846798622349	0.0390057678742	0.0484252458608
-ora	0.359643731434	0.243642245013	0.0409938230266	0.355720200527
-ios	0.0	0.961538461538	0.0384615384615	0.0
-oin	0.050048828125	0.927978515625	0.02197265625	0.0
-les	0.0657688694018	0.821484497338	0.0187911055434	0.0939555277168
-oik	0.327731092437	0.546218487395	0.126050420168	0.0
-oii	0.180296508847	0.0545193687231	0.759445241511	0.00573888091822
-itá	0.403361344538	0.571428571429	0.0	0.0252100840336
-eel	0.0	1.0	0.0	0.0
-een	0.0	1.0	0.0	0.0
-ife	0.353851366614	0.339846397109	0.0395301558617	0.266772080416
-eek	0.00291205591148	0.380217433508	0.599155503786	0.0177150067948
-aly	0.0048231511254	0.975884244373	0.0192926045016	0.0
-ifi	0.021559504258	0.930216717956	0.00374711786851	0.0444766599175
-faé	0.738095238095	0.261904761905	0.0	0.0
-ndu	0.415637860082	0.218106995885	0.259259259259	0.106995884774
-ifo	0.0551550974085	0.658808897851	0.0111146525702	0.274921352171
-ndi	0.127165116435	0.710085014608	0.0283566607288	0.134393208229
-ifu	0.0143472022955	0.912482065997	0.06456241033	0.00860832137735
-ndo	0.372236114741	0.438530988286	0.053520762967	0.135712134006
-ali	0.0	1.0	0.0	0.0
-alf	0.0	0.900636942675	0.0356687898089	0.063694267516
-oam	0.0	0.964125560538	0.0	0.0358744394619
-nde	0.116076253114	0.103345679749	0.0351731322447	0.745404934893
-eep	0.0398619069651	0.952663985479	0.0021354593017	0.00533864825426
-470	0.165517241379	0.172413793103	0.0	0.662068965517
-uve	0.63638042137	0.282558618996	0.0347074663584	0.0463534932761
-120	0.0727272727273	0.218181818182	0.0	0.709090909091
-uva	0.136200800277	0.72683257255	0.0961008005102	0.0408658266624
-abu	0.0544395650883	0.275545676526	0.119666275836	0.550348482549
-uvu	0.357001589808	0.40480116549	0.0664637864361	0.171733458266
-yon	0.0582524271845	0.941747572816	0.0	0.0
-oi+	0.404958677686	0.0	0.0	0.595041322314
-chi	0.0	1.0	0.0	0.0
-koá	0.316969839854	0.316216715948	0.0816403864239	0.285173057773
-rie	0.176595330919	0.421874855307	0.0354487114189	0.366081102355
-cho	0.00209205020921	0.997907949791	0.0	0.0
-tué	0.267118756202	0.239000992392	0.0297717499173	0.464108501489
-ros	0.0169491525424	0.915254237288	0.0677966101695	0.0
-koé	0.192484662577	0.177530674847	0.0950920245398	0.534892638037
-che	0.0	1.0	0.0	0.0
-oje	0.498044328553	0.470664928292	0.0	0.0312907431551
-153	0.358695652174	0.0326086956522	0.0	0.608695652174
-eli	0.033426183844	0.949860724234	0.0	0.016713091922
-ogo	0.179875078573	0.331825742406	0.195608832491	0.29269034653
-oga	0.00474013881836	0.989165396987	0.00541730150669	0.000677162688333
-obu	0.07266082834	0.72897873181	0.0459274379404	0.15243300191
-soá	0.555555555556	0.333333333333	0.0666666666666	0.0444444444444
-gio	0.0814205283673	0.749242096146	0.0948462537895	0.0744911216977
-cca	0.0479573712256	0.735346358792	0.113676731794	0.103019538188
-itu	0.621428571429	0.321428571428	0.0571428571429	0.0
-100	0.0	0.0114613180516	0.0974212034384	0.89111747851
-esu	0.00974790946595	0.693007494992	0.00308694742256	0.294157648119
-ito	0.617149040361	0.308094054561	0.0197504237773	0.0550064813003
-esi	0.372734561077	0.370177705112	0.0741523581913	0.182935375619
-tes	0.25	0.714285714286	0.0	0.0357142857143
-eso	0.434229027805	0.300040773494	0.114066711427	0.151663487275
-oiá	0.147975077882	0.397196261682	0.109034267913	0.345794392523
-iti	0.225494967837	0.177562214727	0.192820254051	0.404122563386
-esa	0.399352143989	0.263539227828	0.0686456456464	0.268462982537
-ite	0.704339963834	0.26130198915	0.0	0.0343580470163
-ita	0.267184469093	0.447057651654	0.158470380266	0.127287498988
-fae	0.486475891807	0.439043512348	0.0597804782438	0.0147001176009
-ae+	0.533333333333	0.354166666667	0.0208333333333	0.0916666666666
-ute	0.661087866109	0.112970711297	0.0376569037657	0.188284518828
-joá	0.269527021401	0.228412024315	0.0170705304355	0.484990423849
-uda	0.101334305689	0.516618664675	0.0789236859827	0.303123343653
-ude	0.205977220332	0.623321085596	0.0920010122892	0.0787006817833
-udo	0.412219139351	0.0759409411596	0.0186798143682	0.493160105121
-giá	0.462093862816	0.418772563177	0.0541516245487	0.0649819494585
-hum	0.0	1.0	0.0	0.0
-nju	0.120966708527	0.22114867116	0.62815551398	0.0297291063328
-uti	0.0552368812407	0.919269173571	0.025493945188	0.0
-uvá	0.0455390334573	0.919144981413	0.0353159851301	0.0
-gua	0.173105553027	0.63623578094	0.0906805668757	0.0999780991573
-hua	0.237093690249	0.699808795411	0.0401529636711	0.0229445506692
-abe	0.304653204565	0.640035118525	0.0517998244074	0.0035118525022
-nje	0.136239317642	0.561756164192	0.208037640025	0.0939668781414
-gad	0.0	1.0	0.0	0.0
-aba	0.0455563466755	0.0500078154561	0.250196491772	0.654239346096
-nja	0.182697645294	0.776835123827	0.0124972330657	0.0279699978136
-rii	0.349593495935	0.516260162602	0.0731707317073	0.060975609756
-lot	0.0115623066301	0.97687538674	0.0115623066301	0.0
-nji	0.63838825159	0.36161174841	0.0	0.0
-hus	0.0773955773956	0.841523341523	0.0534398034398	0.0276412776413
-koe	0.355699125799	0.548129698016	0.0645282835304	0.0316428926546
-tua	0.100340326827	0.303742567377	0.0598174034183	0.536099702378
-sou	0.0485981308411	0.828037383178	0.123364485981	0.0
-tui	0.611464968153	0.178343949045	0.0382165605096	0.171974522293
-koi	0.272593897047	0.551268507939	0.101317242154	0.0748203528607
-ael	0.0425582769195	0.901294022115	0.0137720775954	0.0423756233705
-sos	0.0	0.878005023323	0.0	0.121994976677
-aen	0.0	0.969387755102	0.030612244898	0.0
-los	0.0554084756844	0.852746797507	0.00634349371152	0.0855012330976
-son	0.0202702702703	0.956081081081	0.0168918918919	0.00675675675675
-soi	0.147540983607	0.704918032787	0.131147540984	0.0163934426229
-oro	0.371193442391	0.387010657108	0.0596717901776	0.182124110323
-kos	0.149068322981	0.813664596273	0.0372670807453	0.0
-vae	0.231572822997	0.192612227994	0.156988918185	0.418826030825
-vai	0.39392747536	0.453421106272	0.134444179684	0.0182072386836
-ion	0.0772200772201	0.774460872022	0.040964309257	0.107354741501
-ore	0.441274721306	0.289775996365	0.122088370757	0.146860911572
-kái	0.339688041594	0.450953206239	0.0991334488735	0.110225303293
-bíi	0.147891755821	0.738829452486	0.113278791693	0.0
-lix	0.0475403059115	0.930412015985	0.00413393964448	0.0179137384594
-rus	0.0674198830524	0.879114154871	0.0130213751257	0.0404445869507
-dge	0.227463723458	0.514482604068	0.160008964088	0.098044708387
-lip	0.0146528621281	0.957622380319	0.00231360980971	0.0254111477433
-lin	0.0	0.987577639752	0.0124223602484	0.0
-rui	0.165391040833	0.408990248261	0.350635222814	0.074983488092
-ick	0.809917355372	0.190082644628	0.0	0.0
-ia+	0.0549280335526	0.844867028882	0.0246639977123	0.0755409398532
-ice	0.0664797963213	0.877497903408	0.040336056195	0.0156862440758
-rug	0.0	1.0	0.0	0.0
-ome	0.0938292133919	0.670845416016	0.191590452822	0.0437349177702
-eas	0.121611350393	0.844185457309	0.0190017734989	0.0152014187991
-ear	0.0	0.824761037779	0.175238962221	0.0
-diá	0.13955698516	0.693520481517	0.0285108560567	0.138411677267
-dié	0.579545454545	0.215909090909	0.0681818181818	0.136363636364
-niá	0.343525956319	0.505632571131	0.0764538970455	0.0743875755038
-oda	0.146740701241	0.322438034368	0.03647886792	0.494342396471
-ode	0.136710700902	0.601511312559	0.184395217834	0.0773827687054
-rna	0.0625	0.9375	0.0	0.0
-eam	0.037037037037	0.962962962963	0.0	0.0
-rni	0.0	1.0	0.0	0.0
-odo	0.400665441979	0.0369970522521	0.0254209903761	0.536916515392
-zer	0.0	1.0	0.0	0.0
-uri	0.232570396156	0.50495957162	0.14705293085	0.115417101375
-uro	0.275860625267	0.431421609929	0.064989133832	0.227728630973
-ura	0.0814548411674	0.797859262836	0.0500026037316	0.0706832922653
-ure	0.408509123819	0.337368182551	0.108520780344	0.145601913286
-uká	0.131578947368	0.736842105263	0.131578947368	0.0
-rim	0.0	1.0	0.0	0.0
-urs	0.345177664975	0.61421319797	0.0304568527918	0.010152284264
-uru	0.180470347371	0.684020414921	0.0637383712392	0.071770866469
-pai	0.00155359917142	0.992232004143	0.0	0.00621439668567
-dus	0.0	0.961290322581	0.0387096774194	0.0
-pus	0.00877834674471	0.991221653255	0.0	0.0
-bya	0.27950310559	0.708074534161	0.0124223602484	0.0
-ári	0.267964134395	0.0779104230395	0.178347285615	0.475778156951
-kom	0.585365853659	0.396341463415	0.0	0.0182926829268
-aiá	0.463087248322	0.110738255034	0.365771812081	0.0604026845637
-tiá	0.554000874508	0.419763882816	0.026235242676	0.0
-dui	0.0181582360571	0.230869001297	0.739299610895	0.011673151751
-pas	0.0344764684421	0.942539219263	0.0114921561474	0.0114921561474
-káé	0.244444444444	0.711111111111	0.0	0.0444444444444
-lus	0.190766550523	0.789198606272	0.0156794425087	0.00435540069687
-kem	0.0	1.0	0.0	0.0
-sus	0.0404005524862	0.951312154696	0.0082872928177	0.0
-nua	0.0610784909226	0.905176486468	0.0178848619829	0.0158601606263
-ark	0.0832122572975	0.89552238806	0.0	0.0212653546427
-600	0.0838632680228	0.419704743107	0.0578367365675	0.438595252303
-key	0.0315797581452	0.922205961642	0.0115535700532	0.0346607101594
-óro	0.562167326327	0.305445612119	0.0839361266549	0.0484509348983
-fet	0.0	1.0	0.0	0.0
-dia	0.0257880039016	0.958979703638	0.00668083002632	0.00855146243369
-ino	0.29612495291	0.382890585696	0.0935277344259	0.227456726968
-ori	0.267764672781	0.200214901303	0.0901757299764	0.441844695939
-dis	0.0	1.0	0.0	0.0
-sli	0.0	1.0	0.0	0.0
-ai+	0.802631578947	0.0657894736842	0.131578947368	0.0
-ti+	0.0105153314149	0.926596819374	0.0500227575208	0.01286509169
-ovo	0.383837106767	0.244786269961	0.0843572685482	0.287019354724
-uku	0.0812825400438	0.877749011352	0.00512105607556	0.035847392529
-ovi	0.132363636364	0.636	0.132363636364	0.0992727272727
-ove	0.453225460745	0.339840704968	0.0763105637877	0.130623270499
-afu	0.140353601025	0.0742329264269	0.456420905545	0.328992567004
-raó	0.726443768997	0.273556231003	0.0	0.0
-uka	0.213538440926	0.321175472643	0.0593472574815	0.40593882895
-ver	0.0	0.919697685404	0.0803023145961	0.0
-ves	0.0394011032309	0.795114263199	0.118203309693	0.0472813238771
-uke	0.0137931034483	0.965517241379	0.00689655172414	0.0137931034483
-afo	0.139072847682	0.658940397351	0.0562913907284	0.145695364238
-afa	0.141941419353	0.837847212487	0.00254513676286	0.0176662313972
-uki	0.268924302789	0.731075697211	0.0	0.0
-ovu	0.330597813039	0.541392932754	0.0242268153742	0.103782438833
-uko	0.12195741797	0.585785282657	0.210086406506	0.0821708928672
-afe	0.390448701128	0.535554972448	0.015743899239	0.0582524271845
-ngs	0.22158028887	0.731520815633	0.0101954120646	0.0367034834324
-efa	0.126208026567	0.820189013835	0.00850840628543	0.0450945533127
-tis	0.0	1.0	0.0	0.0
-efo	0.131368490579	0.126628236721	0.0752023649668	0.666800907733
-di+	0.176076391526	0.772097349837	0.0398663527983	0.0119599058395
-efu	0.322838041837	0.631874056502	0.0452879016606	0.0
-tia	0.104669887278	0.790660225443	0.0628019323672	0.0418679549114
-ono	0.398436355598	0.196931608576	0.0834326868659	0.32119934896
-ail	0.432989690722	0.360824742268	0.20618556701	0.0
-ain	0.162482235907	0.786357176694	0.0227380388441	0.0284225485552
-tii	0.726309415683	0.10293672419	0.0290644868301	0.141689373297
-ngo	0.0903910465581	0.557088873615	0.0810923228034	0.271427757024
-kaé	0.371447902571	0.273342354533	0.185385656292	0.169824086604
-ema	0.335747671968	0.328466272466	0.0745308858971	0.261255169668
-ova	0.550184994029	0.241663045336	0.113916497687	0.0942354629479
-kaá	0.550567340898	0.37049827331	0.029600394672	0.0493339911199
-260	0.0848	0.3328	0.0288	0.5536
-jae	0.579032418545	0.298644009673	0.067685282485	0.0546382892975
-egi	0.686371092877	0.168475736152	0.00986296888882	0.135290202082
-jao	0.0639334280495	0.093769027806	0.00405926527299	0.838238278872
-nié	0.608391608392	0.034965034965	0.167832167832	0.188811188811
-jah	0.036553185967	0.953713717178	0.00194661937103	0.0077864774841
-óvo	0.510981736871	0.287514868994	0.101656110866	0.0998472832702
-ana	0.207333510455	0.557801456091	0.0666042215495	0.168260811905
-gia	0.531700112914	0.379526547101	0.0422008789853	0.0465724609992
-dan	0.00803059273423	0.991969407266	0.0	0.0
-zar	0.0	1.0	0.0	0.0
-fiá	0.439694656489	0.340458015267	0.109923664122	0.109923664122
-ane	0.0694293828287	0.184170873439	0.0155873975617	0.73081234617
-jei	0.0555555555556	0.898148148148	0.0462962962963	0.0
-dae	0.115253956427	0.0878644848951	0.0414218567938	0.755459701884
-etu	0.0371421976482	0.430615781452	0.0407637090299	0.49147831187
-nze	0.0	0.8	0.0	0.2
-000	0.0960681633673	0.21007936732	0.0234893689466	0.670363100366
-ésa	0.58904109589	0.22602739726	0.041095890411	0.143835616438
-eta	0.168983532412	0.72646990756	0.0533472933979	0.0511992666307
-ete	0.478833350463	0.268754211061	0.0876928523302	0.164719586145
-eth	0.00789779326365	0.946728610143	0.00464576074332	0.0407278358498
-eti	0.353108963541	0.265041828227	0.0747940150107	0.307055193221
-ghy	0.0506912442396	0.89400921659	0.0552995391705	0.0
-bui	0.377713901849	0.186462365247	0.0945709015188	0.341252831384
-ats	0.015444015444	0.953667953668	0.030888030888	0.0
-uya	0.207559792608	0.764341863188	0.0240842950326	0.0040140491721
-áva	0.515499658035	0.265238043978	0.0793076396976	0.13995465829
-ede	0.254596811525	0.424285315975	0.209360858573	0.111757013927
-ble	0.0576059850374	0.861396508728	0.0418952618453	0.039102244389
-suá	0.313725490196	0.647058823529	0.0392156862745	0.0
-lio	0.0	1.0	0.0	0.0
-ata	0.0604045148005	0.0753559726354	0.009820211061	0.854419301503
-omo	0.203974242343	0.143504396996	0.0290754713615	0.623445889299
-atu	0.171447901219	0.702554590856	0.0976084073985	0.0283891005265
-ath	0.0	1.0	0.0	0.0
-ati	0.428987341772	0.296836986724	0.0774560049398	0.196719666564
-ose	0.284646178074	0.170945562227	0.0318130146588	0.51259524504
-uyu	0.0	0.953749124036	0.0462508759636	0.0
-kai	0.480261451872	0.398477722511	0.0792245277071	0.0420362979103
-bua	0.129694881431	0.506532526664	0.266474002911	0.0972985889938
-osa	0.552684686838	0.282597872033	0.00801597219801	0.156701468931
-ull	0.0564971751412	0.851694915254	0.0918079096045	0.0
-oso	0.359470010196	0.501809462479	0.120865409946	0.0178551173785
-osi	0.120834859026	0.827291590382	0.0217084270545	0.0301651235375
-kae	0.141454928835	0.143004744333	0.640579862941	0.0749604638904
-edo	0.258006161187	0.0981650122569	0.0382609856285	0.605567840928
-ost	0.0	1.0	0.0	0.0
-ace	0.0	0.895652173913	0.104347826087	0.0
-nia	0.0133517495396	0.948895027624	0.0377532228361	0.0
-kar	0.0	0.96449704142	0.0	0.0355029585799
-nii	0.2745935629	0.260142466002	0.0495336340192	0.415730337079
-oma	0.0659945004583	0.723648029331	0.210357470211	0.0
-kau	0.0820145495184	0.0629145651063	0.034087842598	0.820983042777
-aji	0.386514409976	0.269830113947	0.1243327219	0.219322754177
-áda	0.04512440895	0.0616367154546	0.0325246853919	0.860714190204
-aje	0.23258469131	0.645471052274	0.100021693465	0.0219225629512
-lia	0.0	1.0	0.0	0.0
-óna	0.0505050505051	0.89898989899	0.0	0.0505050505051
-dle	0.0755287009063	0.7583081571	0.166163141994	0.0
-sha	0.0	1.0	0.0	0.0
-fia	0.0	1.0	0.0	0.0
-óno	0.564748201439	0.173561151079	0.19154676259	0.0701438848921
-fus	0.0	0.958762886598	0.0412371134021	0.0
-ka+	0.078590895599	0.817588170215	0.001214279932	0.102606654254
-ifa	0.300304693916	0.297783797589	0.0275061555718	0.374405352923
-via	0.146669666784	0.0776274016905	0.0131983209808	0.762504610545
-tuá	0.0179362267493	0.399320932979	0.00398582816652	0.578757012105
-rié	0.748992481203	0.13984962406	0.0476390977444	0.0635187969924
-nei	0.16470377542	0.752769985662	0.00813638975254	0.0743898491661
-vid	0.00997033517559	0.977966790168	0.00221563003902	0.00984724461786
-bae	0.402499966358	0.229577275101	0.131733480394	0.236189278147
-ila	0.0347726800914	0.965227319909	0.0	0.0
-ni+	0.167526905709	0.723186151647	0.0269156801416	0.0823712625023
-ojo	0.162100311487	0.0601148475409	0.0334795414574	0.744305299515
-iga	0.324220612524	0.314904454387	0.0647502870374	0.296124646051
-ató	0.191288026117	0.179780130436	0.594152202334	0.0347796411122
-ige	0.27052074293	0.559424730144	0.118499901776	0.0515546251506
-bus	0.127367733507	0.734813847159	0.0195950359242	0.11822338341
-amp	0.298226542684	0.657039475914	0.0223669907013	0.0223669907012
-igi	0.182140745121	0.717918391484	0.0514488468362	0.0484920165582
-buá	0.180997543278	0.743586813689	0.030166257213	0.0452493858196
-igo	0.182093235241	0.267484767462	0.348713460069	0.201708537228
-ebe	0.129032258065	0.870967741935	0.0	0.0
-ami	0.0961923847695	0.867735470942	0.0360721442886	0.0
-oaz	0.0377358490566	0.962264150943	0.0	0.0
-amo	0.247142446864	0.126104218081	0.00638709169708	0.620366243358
