-сси	0.852173913043	0.113043478261	0.0	0.0347826086957
-мас	0.261479043829	0.345846766673	0.0708225484821	0.321851641016
-мар	0.0	1.0	0.0	0.0
-дой	0.281690140845	0.363849765258	0.284037558686	0.0704225352113
-док	0.0	1.0	0.0	0.0
-ций	0.0952380952381	0.892857142857	0.0	0.0119047619048
-дом	0.00215018701901	0.997849812981	0.0	0.0
-яöс	0.105661965902	0.731424963166	0.0202062723637	0.142706798569
-тув	0.224489795918	0.721088435374	0.0	0.0544217687075
-йыс	0.138029818991	0.75069312945	0.0425634119675	0.0687136395919
-туй	0.0623722655363	0.567178866096	0.022254182121	0.348194686246
-тук	0.0826771653543	0.547244094488	0.0	0.370078740157
-тул	0.0	0.979797979798	0.020202020202	0.0
-тун	0.0201342281879	0.929530201342	0.0100671140939	0.0402684563758
-доз	0.254231184732	0.58660424919	0.11811307166	0.0410514944184
-аон	0.168812589413	0.796852646638	0.0343347639485	0.0
-уöс	0.108695652174	0.869565217391	0.0	0.0217391304348
-олö	0.314448785033	0.0733519699902	0.0325394834301	0.579659761546
-быд	0.0389175903609	0.0605105019862	0.0187663470796	0.881805560573
-дон	0.140714499391	0.715514281756	0.0638748963526	0.0798963225004
-сса	0.0195607412491	0.426218256692	0.51921757035	0.035003431709
-аоф	0.0836363636363	0.807272727273	0.0218181818182	0.0872727272727
-уöй	0.594735784609	0.209363070123	0.0743419730762	0.121559172192
-уöм	0.492842343191	0.112073836881	0.0176116029384	0.37747221699
-уöн	0.162057877813	0.71575562701	0.0668810289388	0.0553054662379
-ьтö	0.246633378103	0.35182616835	0.0477661866541	0.353774266893
-уöд	0.414965986395	0.357628765792	0.00583090379008	0.221574344023
-йыд	0.113174544646	0.519527334541	0.296174668443	0.0711234523693
-йыв	0.430167597765	0.284916201117	0.162011173184	0.122905027933
-дчö	0.801002004008	0.123246492986	0.075751503006	0.0
-йын	0.139640777428	0.447819883536	0.0513028815631	0.361236457473
-туя	0.0320855614973	0.967914438503	0.0	0.0
-дор	0.215052801146	0.244726277839	0.0126569331867	0.527563987829
-сся	0.049872930609	0.0119876382056	0.00917635751776	0.928963073668
-мад	0.215633423181	0.539622641509	0.0129380053908	0.231805929919
-мав	0.0558139534884	0.832558139535	0.0	0.111627906977
-есö	0.0	1.0	0.0	0.0
-ман	0.348111913451	0.140461215933	0.172114812227	0.33931205839
-мам	0.263822869361	0.394797759361	0.0559983036172	0.285381067661
-жон	0.182727751448	0.351764086361	0.0	0.465508162191
-быр	0.622027772494	0.272398706487	0.0713334601484	0.0342400608712
-öня	0.0804020100502	0.78391959799	0.105527638191	0.0301507537688
-öнь	0.0457533526163	0.806380927338	0.0766061880971	0.0712595319485
-öны	0.527280201998	0.245092699564	0.072956543794	0.154670554644
-нкö	0.114282937732	0.12020278095	0.353506150644	0.412008130674
-ача	0.263220626059	0.664324697321	0.0184430085942	0.0540116680259
-öні	0.162651336143	0.0349077976176	0.00964653723417	0.792794329005
-ида	0.0	0.988047808765	0.011952191235	0.0
-орт	0.0448291727506	0.613015105712	0.0215782830048	0.320577438532
-зыд	0.0847794937111	0.193400732367	0.657936634294	0.0638831396274
-зіс	0.567704502738	0.138105744872	0.0563863692082	0.237803383182
-ктö	0.590347344826	0.265290223454	0.0213373343841	0.123025097336
-зын	0.0751305015441	0.201262000487	0.0081916924585	0.715415805511
-пиö	0.169811320755	0.735849056604	0.0188679245283	0.0754716981132
-ойд	0.491547464239	0.300390117035	0.0780234070221	0.130039011703
-сли	0.0	1.0	0.0	0.0
-сла	0.32346978527	0.398383009615	0.160124445624	0.11802275949
-фан	0.0	0.989239598278	0.0107604017217	0.0
-фам	0.0	1.0	0.0	0.0
-фай	0.0	1.0	0.0	0.0
-ьфа	0.0	0.966801043396	0.0189708323452	0.0142281242589
-я-ö	0.3984375	0.5625	0.0	0.0390625
-нид	0.1875	0.729166666667	0.0208333333333	0.0625
-дыс	0.103995253459	0.680464808135	0.0732937142488	0.142246224157
-ним	0.263775208843	0.672601468231	0.00911315500804	0.0545101679183
-нин	0.368612358349	0.0434151446609	0.0484115998785	0.539560897111
-ник	0.267647058824	0.221981424149	0.26439628483	0.245975232198
-рин	0.621518987342	0.191139240506	0.0341772151899	0.153164556962
-рим	0.465949820789	0.39366786141	0.0501792114696	0.0902031063322
-дыв	0.816326530612	0.0188383045526	0.0	0.164835164835
-рит	0.0559999999999	0.896	0.024	0.024
-рис	0.685253659198	0.0345997517405	0.00765576432437	0.272490824737
-ыжö	0.153586388285	0.816540572134	0.0123388641751	0.0175341754067
-дыд	0.14180842621	0.406516338291	0.00439943411202	0.447275801387
-нис	0.734082397004	0.123595505618	0.0973782771535	0.0449438202247
-ния	0.0486610058785	0.88177661659	0.0529065969954	0.0166557805356
-рия	0.00422297297297	0.891469594595	0.00506756756756	0.0992398648649
-дым	0.0883810754088	0.037279159403	0.00107234251791	0.87326742267
-дын	0.14752858571	0.582651102958	0.0769432289588	0.192877082373
-нэм	0.0	1.0	0.0	0.0
-фат	0.0	1.0	0.0	0.0
-фар	0.0	1.0	0.0	0.0
-ипö	0.0	0.935344827586	0.0646551724138	0.0
-еил	0.0	1.0	0.0	0.0
-нфö	0.0	1.0	0.0	0.0
-ежа	0.0253135267712	0.592962808706	0.335631758372	0.0460919061502
-нэж	0.0839358468026	0.813094527008	0.00748870008648	0.0954809261025
-фса	0.0	1.0	0.0	0.0
-ип-	0.308641975309	0.691358024691	0.0	0.0
-жын	0.0318942931997	0.759114153992	0.036090910726	0.172900642082
-жык	0.127638465156	0.0576196620082	0.364672273015	0.450069599821
-жыд	0.050659919773	0.171259309984	0.487955124691	0.290125645552
-сюй	0.340425531915	0.659574468085	0.0	0.0
-шпи	0.108620689655	0.787931034483	0.0620689655172	0.0413793103448
-жыс	0.0799523949449	0.817142245921	0.0526446501483	0.0502607089858
-йда	0.738317757009	0.177570093458	0.0280373831776	0.0560747663551
-вуж	0.217988757027	0.615865084322	0.0861961274204	0.0799500312304
-уфа	0.0	1.0	0.0	0.0
-зыс	0.134881235462	0.50428001282	0.0220024886467	0.338836263071
-шöр	0.0990621336459	0.570046893318	0.202227432591	0.128663540445
-гар	0.181818181818	0.720779220779	0.0584415584416	0.038961038961
-окö	0.109203296703	0.499313186813	0.0144230769231	0.37706043956
-тка	0.0128479657388	0.0620985010706	0.65096359743	0.27408993576
-вшы	0.111111111111	0.888888888889	0.0	0.0
-айт	0.0481622306717	0.0135192226447	0.0	0.938318546684
-бöм	0.344328663448	0.41387609733	0.205066848454	0.0367283907678
-ужа	0.130430871638	0.465323378609	0.0201493208599	0.384096428893
-пöт	0.519305019305	0.196911196911	0.0289575289576	0.254826254826
-пöр	0.688654353562	0.21635883905	0.0474934036939	0.0474934036939
-пöс	0.0522935779816	0.942201834862	0.00550458715595	0.0
-мта	0.22048690859	0.77951309141	0.0	0.0
-нта	0.63320022818	0.205172085948	0.0817645940293	0.0798630918425
-гыд	0.0992616871996	0.288037543586	0.217895413353	0.394805355862
-рйö	0.371147235332	0.289780341432	0.0542445959331	0.284827827303
-гыж	0.0267857142857	0.892857142857	0.0535714285714	0.0267857142857
-пкы	0.679814385151	0.250580046404	0.0556844547564	0.0139211136891
-гöр	0.108196364428	0.234135191031	0.0163274191793	0.641341025362
-гöс	0.0827338129497	0.751284686536	0.0734840698869	0.0924974306269
-гын	0.0359712230216	0.802158273381	0.00899280575539	0.152877697842
-гым	0.0862745098039	0.909803921569	0.00392156862745	0.0
-гыс	0.272894404093	0.543766871526	0.107836621872	0.0755021025083
-гöй	0.0729281767956	0.680662983426	0.0541436464088	0.19226519337
-дби	0.0231213872832	0.976878612717	0.0	0.0
-гöм	0.496644295302	0.342281879195	0.120805369127	0.0402684563758
-гöн	0.348709685854	0.288949474971	0.0492373780547	0.31310346112
-мті	0.796296296296	0.166666666667	0.0	0.037037037037
-гöд	0.583490646988	0.327269607002	0.0617813626223	0.0274583833877
-нті	0.316076294278	0.449591280654	0.0994550408719	0.134877384196
-пöж	0.533807829181	0.29537366548	0.0427046263345	0.128113879004
-пöв	0.127887275053	0.245734015565	0.118580591782	0.5077981176
-одö	0.62718446602	0.122330097087	0.0582524271844	0.192233009709
-гаа	0.383333333333	0.416666666667	0.2	0.0
-гав	0.0	1.0	0.0	0.0
-гад	0.398897412632	0.478401935714	0.0293519205917	0.0933487310622
-гаж	0.116279069767	0.817829457364	0.0658914728682	0.0
-ртö	0.497272157531	0.40804655376	0.0536490085195	0.0410322801892
-гай	0.0	1.0	0.0	0.0
-гам	0.21377672209	0.765863590092	0.0	0.0203596878182
-ган	0.299212598425	0.377952755906	0.181102362205	0.141732283465
-зки	0.073506891271	0.807044410414	0.0367534456355	0.0826952526799
-ксö	0.129936441185	0.447746268824	0.291203945911	0.131113344079
-чин	0.707505191338	0.121625630377	0.0421239988134	0.128745179472
-чик	0.00791904971405	0.984161900572	0.0	0.00791904971403
-інö	0.0589532244929	0.134348039432	0.00579223595911	0.800906500116
-чиг	0.681034482759	0.241379310345	0.051724137931	0.0258620689655
-яöн	0.0652004647474	0.0714027559809	0.805327615356	0.0580691639156
-ием	0.0	1.0	0.0	0.0
-жны	0.745997353939	0.146357831764	0.0429505493452	0.0646942649512
-чис	0.709396631116	0.066773615361	0.0174484814276	0.206381272095
-öща	0.736363636364	0.0545454545455	0.190909090909	0.0181818181818
-яся	0.421686746988	0.14859437751	0.229919678715	0.199799196787
-ясь	0.497217236202	0.204073108229	0.172587800996	0.126121854574
-рлы	0.094138147693	0.777924968043	0.0550854408538	0.0728514434103
-кас	0.276368902189	0.301094977431	0.0631586745265	0.359377445853
-кар	0.0356070941337	0.814733969986	0.0174624829468	0.132196452933
-муö	0.0924564540698	0.666666666667	0.00344393668455	0.237432942579
-öвт	0.251748251748	0.622377622378	0.125874125874	0.0
-ел-	0.271844660194	0.679611650486	0.0485436893203	0.0
-сия	0.144820452194	0.788680360573	0.022166395744	0.0443327914881
-öма	0.558299552067	0.219180543662	0.0894785631468	0.133041341124
-сир	0.0	1.0	0.0	0.0
-сис	0.628556734601	0.171620036078	0.0544526053	0.145370624021
-оис	0.6923212115	0.083315026094	0.0112089124523	0.213154849954
-сиф	0.0	1.0	0.0	0.0
-рья	0.00096153846154	0.754807692308	0.0	0.244230769231
-оим	0.655278142794	0.0924222514236	0.00394218134034	0.248357424442
-сий	0.0387096774193	0.961290322581	0.0	0.0
-сип	0.0408213150819	0.875580542655	0.0029332681496	0.0806648741139
-сим	0.459579628133	0.342360549717	0.0759902991108	0.12206952304
-син	0.213006620725	0.466100288312	0.0165979184981	0.304295172465
-сиг	0.110127319053	0.0575499080667	0.0186179541837	0.813704818697
-сиа	0.544642857143	0.3125	0.0	0.142857142857
-выя	0.00970873786408	0.990291262136	0.0	0.0
-йзö	0.642857142857	0.357142857143	0.0	0.0
-öва	0.0556644453156	0.797726381811	0.00940807526462	0.137201097609
-öвк	0.0	0.55	0.45	0.0
-кав	0.302997858672	0.608137044968	0.0460385438972	0.0428265524625
-кад	0.0719521604939	0.67505787037	0.0335648148148	0.219425154321
-каз	0.0	1.0	0.0	0.0
-уна	0.151308931562	0.10797018037	0.548703913209	0.192016974859
-кан	0.516129032258	0.349331235248	0.0153422501967	0.119197482297
-кам	0.714336585713	0.149989317	0.00106829997863	0.134605797308
-вва	0.0253759398496	0.912593984962	0.0112781954887	0.0507518796992
-рла	0.328571428571	0.485714285714	0.161904761905	0.0238095238095
-яса	0.0363087354001	0.879763334558	0.0398387513418	0.0440891787001
-жъя	0.565982404692	0.258064516129	0.175953079179	0.0
-ред	0.0	1.0	0.0	0.0
-рей	0.00324477793551	0.660109511255	0.334414925978	0.00223078483066
-рек	0.0269860521529	0.200121285628	0.758338386901	0.0145542753184
-иыс	0.105776998606	0.59472903462	0.0296010172039	0.26989294957
-ейт	0.540300996147	0.264199758655	0.00267807185202	0.192821173346
-иыд	0.209623395997	0.644334130272	0.0564805147027	0.0895619590285
-иын	0.144435004248	0.800056641178	0.0198244123478	0.035683942226
-реф	0.448598130841	0.467289719626	0.0841121495327	0.0
-дди	0.147967148578	0.153702572456	0.0640399104052	0.63429036856
-ісö	0.312138728324	0.647398843931	0.00578034682081	0.0346820809248
-рес	0.0	1.0	0.0	0.0
-рет	0.0275229357798	0.964613368283	0.0	0.00786369593709
-дъя	0.182423628203	0.206457217316	0.0304039380339	0.580715216447
-юын	0.0698324022346	0.896648044693	0.0	0.0335195530726
-чöт	0.1431019542	0.134177711219	0.426532568913	0.296187765669
-чöр	0.0	1.0	0.0	0.0
-чöс	0.173038131577	0.335139864389	0.0724718691521	0.419350134882
-кта	0.729241705786	0.0887645163588	0.0145658352002	0.167427942655
-сёй	0.609623731929	0.172623823946	0.0108045105863	0.206947933538
-сёл	0.158392686297	0.80971616881	0.0	0.0318911448921
-вер	0.0157397691501	0.97796432319	0.00629590766001	0.0
-век	0.170451194338	0.169271601298	0.044234739015	0.616042465349
-вел	0.0296456129653	0.806623355302	0.00126650561719	0.162464526116
-вей	0.0343944383461	0.945847054519	0.00439077936334	0.0153677277717
-вен	0.42735042735	0.444444444444	0.0	0.128205128205
-нка	0.199023199023	0.683760683761	0.021978021978	0.0952380952381
-веж	0.268831168831	0.174025974026	0.518181818182	0.038961038961
-сёр	0.133333333333	0.0410256410256	0.230769230769	0.594871794872
-кты	0.37742182501	0.264431297269	0.0170720961702	0.341074781551
-ачö	0.205811138015	0.769975786925	0.0	0.0242130750605
-чöг	0.189427312775	0.718061674009	0.0	0.0925110132158
-чöм	0.352606237323	0.356954197639	0.0699863794918	0.220453185546
-чöн	0.146532290147	0.224903858905	0.0175043097732	0.611059541175
-чöй	0.575095333266	0.195215248578	0.0755075050854	0.15418191307
-руз	0.0845070422535	0.821596244131	0.037558685446	0.0563380281691
-руд	0.0944881889764	0.826771653543	0.0629921259842	0.015748031496
-рун	0.0379005524862	0.949834254144	0.00232044198895	0.00994475138117
-рук	0.0	1.0	0.0	0.0
-ола	0.490343086623	0.184296897744	0.13567135787	0.189688657763
-сей	0.0373886476038	0.895561312668	0.00547347263091	0.0615765670977
-зйö	0.224043378899	0.495531464731	0.00445119295825	0.275973963412
-оли	0.729644268775	0.113833992095	0.0189723320158	0.137549407115
-ьта	0.633844871884	0.197324259889	0.0333773117607	0.135453556466
-дчи	0.808485562758	0.142015321155	0.0185621685327	0.0309369475545
-дча	0.615125814161	0.234881214563	0.0386579822876	0.111334988988
-бас	0.958871542911	0.020207623425	0.0209208336635	0.0
-бач	0.116504854369	0.669902912621	0.21359223301	0.0
-рон	0.0543478260869	0.891304347826	0.0326086956522	0.0217391304348
-ром	0.0	1.0	0.0	0.0
-рок	0.040756302521	0.832492997199	0.0878151260504	0.0389355742297
-ест	0.0365485637644	0.785067620431	0.000670615848886	0.177713199955
-ссö	0.180931633372	0.659365534698	0.0433759728273	0.116326859102
-есь	0.27602905569	0.116222760291	0.498789346247	0.108958837772
-бан	0.211566138951	0.7490514196	0.0265602512103	0.0128221902394
-дчы	0.438523156881	0.325083235454	0.123994244661	0.112399363004
-олі	0.508702975856	0.170129140932	0.127456485121	0.193711398091
-ьты	0.3961414791	0.567845659164	0.0	0.0360128617363
-сет	0.61946248048	0.0752856086135	0.0116709131257	0.293580997781
-оль	0.619236343581	0.140533815589	0.0155193864071	0.224710454423
-ьті	0.638242949642	0.181577645363	0.0949942994815	0.0851851055133
-сея	0.0	1.0	0.0	0.0
-олы	0.3197586727	0.537707390649	0.079185520362	0.0633484162896
-эöн	0.244897959184	0.0969387755102	0.298469387755	0.359693877551
-нім	0.511022044088	0.137274549098	0.108216432866	0.243486973948
-нін	0.101813341034	0.850525853639	0.0192286697353	0.0284321355915
-ея-	0.0	1.0	0.0	0.0
-ёрд	0.349548297429	0.615010423905	0.00833912439196	0.0271021542738
-шня	0.0	1.0	0.0	0.0
-ёрт	0.0545454545454	0.909090909091	0.0363636363636	0.0
-з-ö	0.401401255291	0.178847717747	0.0379506641366	0.381800362825
-шыс	0.141242937853	0.424670433145	0.411487758945	0.0225988700565
-ежö	0.378712871287	0.487623762376	0.0742574257426	0.059405940594
-г-ö	0.365320036634	0.243411010481	0.131779790373	0.259489162511
-нія	0.0695506021748	0.501790584421	0.0908416028406	0.337817210563
-юсö	0.634615384615	0.365384615385	0.0	0.0
-ніс	0.765918092005	0.0273969621796	0.026287156722	0.180397789093
-öтш	0.0512924121686	0.0299297098181	0.0628821480479	0.855895729965
-ыжа	0.149155908639	0.57358490566	0.206156901688	0.0711022840119
-зöд	0.41916526745	0.409930438954	0.0870712401056	0.0838330534901
-удж	0.266642516789	0.553125087079	0.0433025886811	0.136929807451
-уда	0.201675257732	0.658505154639	0.0656142611684	0.0742053264605
-тін	0.738998740388	0.13493107502	0.0474275550479	0.0786426295437
-тім	0.559417040359	0.294936472347	0.0354073243647	0.11023916293
-дпу	0.0638297872341	0.936170212766	0.0	0.0
-пит	0.767477203647	0.186930091185	0.0455927051672	0.0
-л-ö	0.0	0.515789473684	0.0263157894737	0.457894736842
-пия	0.00719424460431	0.964028776978	0.0	0.0287769784172
-тіа	0.425837320574	0.545454545455	0.0287081339713	0.0
-ипр	0.563636363636	0.354545454545	0.0272727272727	0.0545454545455
-шын	0.107416879795	0.824625502375	0.0372670807454	0.0306905370844
-ойö	0.0787878787879	0.824242424242	0.0121212121212	0.0848484848485
-ядь	0.0293255131965	0.721407624633	0.128299120235	0.120967741936
-тіс	0.690854357963	0.0639759751451	0.0154910742592	0.229678592632
-зув	0.0187287173666	0.902383654938	0.0675368898978	0.011350737798
-öгö	0.0	0.993637327678	0.0	0.00636267232237
-ьны	0.49536878728	0.283706180463	0.100396203181	0.120528829076
-ниö	0.118421052632	0.842105263158	0.0	0.0394736842105
-въя	0.299217242119	0.461291014368	0.17783615698	0.0616555865323
-еяö	0.00827966881324	0.986200551978	0.0	0.00551977920883
-апа	0.394957983193	0.264705882353	0.260504201681	0.0798319327731
-зим	0.0585649238499	0.0249646726331	0.0602920395667	0.85617836395
-зин	0.444996261037	0.438326989471	0.0155076692363	0.101169080256
-зик	0.118233242475	0.0831208417597	0.0410914739588	0.757554441807
-сіс	0.433448787729	0.404502721425	0.0309252845126	0.131123206333
-афа	0.297297297297	0.486486486486	0.0	0.216216216216
-öыс	0.428825622776	0.416370106762	0.085409252669	0.0693950177936
-іны	0.732588925981	0.0387552281186	0.00483481063658	0.223821035263
-кыс	0.131104266789	0.488765669896	0.216486129122	0.163643934193
-кся	0.701492537313	0.208955223881	0.0298507462687	0.0597014925373
-ксы	0.0174245643859	0.883021674458	0.0290055248619	0.0705482362941
-лöг	0.207285342585	0.38855160451	0.365134431917	0.0390286209887
-лöз	0.0	0.408695652174	0.591304347826	0.0
-лöд	0.469855072464	0.32231884058	0.0907246376811	0.117101449275
-зöс	0.173355520752	0.537979639781	0.019283476899	0.269381362568
-лöй	0.518557540805	0.253652094887	0.100343839826	0.127446524482
-лöм	0.312134622238	0.470367997421	0.0717845129482	0.145712867393
-лöн	0.0899842699745	0.507897054397	0.0356302198733	0.366488455755
-шыд	0.147904683648	0.476581758422	0.301561216105	0.0739523418242
-лöс	0.0514417671903	0.650527179363	0.0466662615336	0.251364791913
-шыг	0.135135135135	0.208494208494	0.563706563707	0.0926640926641
-зöм	0.667810935201	0.196487499661	0.0298835915245	0.105817973613
-зöн	0.238028169014	0.554929577465	0.181690140845	0.025352112676
-зкö	0.178219485062	0.0585678781332	0.00846788713556	0.754744749669
-эдз	0.758865248227	0.0673758865248	0.0141843971631	0.159574468085
-зöй	0.72391029987	0.147821792809	0.0129629562387	0.115304951082
-поп	0.231597845601	0.671454219031	0.0538599640933	0.0430879712747
-пом	0.0974687950669	0.864239892585	0.0208861703715	0.0174051419762
-кси	0.58064516129	0.344086021505	0.0322580645161	0.0430107526882
-дел	0.0263181694854	0.847517409786	0.0124807814054	0.113683639323
-быг	0.780530973451	0.198230088496	0.0212389380531	0.0
-сім	0.437815995471	0.542506881137	0.0196771233919	0.0
-сін	0.0381679389313	0.961832061069	0.0	0.0
-зис	0.808561140062	0.0749407184323	0.0364738256217	0.0800243158837
-яяс	0.145298805263	0.531774600039	0.113696315118	0.209230279579
-кыа	0.380281690141	0.50352112676	0.0528169014085	0.0633802816902
-пкö	0.655031563312	0.344968436688	0.0	0.0
-рйы	0.405835674075	0.563779038796	0.00942991669538	0.0209553704341
-ттö	0.256221134625	0.559454056662	0.115806162542	0.0685186461708
-лла	0.00716845878136	0.989247311828	0.0	0.00358422939068
-айö	0.0794097134134	0.0242400491846	0.00265882520192	0.8936914122
-ода	0.0223588596981	0.809949692566	0.0503074343208	0.117384013415
-одз	0.0773981338524	0.157078606431	0.216687923743	0.548835335974
-одж	0.554054054054	0.283783783784	0.0	0.162162162162
-рта	0.415839987096	0.435478667635	0.111702556658	0.0369787886119
-йкö	0.185320228282	0.503566899176	0.00642041851617	0.304692454027
-гаö	0.0361663652803	0.94575045208	0.0	0.0180831826402
-скы	0.692883789123	0.163784368225	0.0108687653196	0.132463077332
-рти	0.293272493439	0.0612670074081	0.0124811951575	0.632979303995
-ски	0.076970633694	0.782071097372	0.0519319938176	0.0890262751159
-ока	0.0193236714976	0.400966183575	0.579710144928	0.0
-ска	0.55923473142	0.201250919794	0.0989698307579	0.140544518028
-оді	0.0613151552648	0.0951936630881	0.00205354795542	0.841437633692
-одь	0.0395350293819	0.703918492025	0.0162848924699	0.240261586123
-одя	0.0	0.125	0.0625	0.8125
-рті	0.831828442438	0.119074492099	0.0197516930023	0.0293453724605
-ужö	0.250267379679	0.113368983957	0.410695187166	0.225668449198
-ллы	0.0865651886168	0.7843812045	0.0547981469226	0.0742554599603
-лля	0.00234741784038	0.99765258216	0.0	0.0
-мтö	0.324134623514	0.590529466999	0.0407532155002	0.0445826939868
-нлы	0.0322547507804	0.126869905737	0.0101922851796	0.830683058303
-вда	0.188976377953	0.527559055118	0.141732283465	0.141732283465
-нтö	0.145677070444	0.695966457762	0.0492483185476	0.109108153246
-рйи	0.242772254599	0.192720831905	0.0226259856016	0.541880927894
-н-ö	0.477132412153	0.268083800954	0.0624097247965	0.192374062097
-юны	0.884607374669	0.0910957873911	0.00242968379401	0.0218671541461
-ёсь	0.0141700404858	0.0728744939271	0.912955465587	0.0
-нöс	0.0441572497141	0.0843465340884	0.00616904211899	0.865327174078
-йöг	0.0287743139392	0.89302222887	0.0512809555351	0.0269225016559
-йöд	0.314116324236	0.437493611367	0.116528672186	0.131861392211
-йöз	0.0635243325377	0.637411459772	0.0250113892958	0.274052818394
-йöй	0.579951223802	0.178756467058	0.077598496831	0.16369381231
-йöм	0.379871883924	0.259737336318	0.0402613773764	0.320129402382
-йöн	0.232394134224	0.434339043849	0.0928155944132	0.240451227514
-лсö	0.093808630394	0.816135084428	0.0375234521576	0.0525328330206
-лев	0.00798934753663	0.968042609854	0.0239680426099	0.0
-лек	0.0	1.0	0.0	0.0
-ыті	0.145631067961	0.825242718447	0.0	0.0291262135922
-нла	0.623556581986	0.26558891455	0.0277136258661	0.0831408775981
-лея	0.00794438927508	0.975173783515	0.00397219463754	0.012909632572
-ель	0.090849935958	0.846807714962	0.0181411916493	0.0442011574312
-елі	0.101479915433	0.329809725159	0.435517970402	0.133192389006
-чеп	0.0	0.928571428571	0.0714285714286	0.0
-рий	0.045045045045	0.923423423423	0.0045045045045	0.027027027027
-йöр	0.26139088729	0.48760991207	0.00959232613907	0.2414068745
-йöс	0.0502519114423	0.0521080442896	0.00331538256422	0.894324661704
-нöм	0.166048873134	0.511959295769	0.027787220037	0.29420461106
-нöн	0.111134619175	0.640894891787	0.0556221096958	0.192348379342
-нöй	0.41312039782	0.45656019891	0.0313426412929	0.0989767619776
-нöд	0.359113359836	0.42886399229	0.143356222142	0.0686664257319
-ний	0.0129047125245	0.951146445443	0.0221223643277	0.0138264777048
-нöб	0.0	0.943396226415	0.0566037735849	0.0
-нöг	0.0362336344751	0.802164355766	0.148557901348	0.013044108411
-тва	0.147051314782	0.816185856523	0.0183814143477	0.0183814143477
-шма	0.00983606557377	0.96393442623	0.0196721311475	0.00655737704918
-гъя	0.72268907563	0.27731092437	0.0	0.0
-прö	0.0384615384615	0.961538461538	0.0	0.0
-сиö	0.601503759399	0.255639097744	0.12030075188	0.0225563909774
-иот	0.0	1.0	0.0	0.0
-лёк	0.11973637607	0.292207355763	0.378900872176	0.209155395991
-ьмы	0.25134264232	0.417830290011	0.201933404941	0.128893662728
-нит	0.364852967072	0.390737805952	0.177496038035	0.0669131889417
-уыд	0.724230976794	0.243389098759	0.0323799244468	0.0
-каö	0.103373231774	0.815949012902	0.000932690812995	0.0797450645111
-мос	0.0546697038724	0.945330296128	0.0	0.0
-мор	0.0	1.0	0.0	0.0
-уын	0.0864928139429	0.427066397867	0.0156077258243	0.470833062366
-лян	0.139579349904	0.804971319312	0.0286806883365	0.0267686424474
-лям	0.465020576132	0.33950617284	0.109053497942	0.0864197530864
-ясö	0.128859057857	0.718388852384	0.0567550791147	0.0959970106443
-уыс	0.0930713149089	0.709512438692	0.0189913971088	0.178424849291
-мон	0.00318725099602	0.99561752988	0.0	0.00119521912351
-жим	0.3127090301	0.391304347826	0.0351170568562	0.260869565217
-мог	0.110204081633	0.783673469388	0.0816326530612	0.0244897959184
-дыш	0.0	0.035294117647	0.964705882353	0.0
-ыть	0.420560747664	0.355140186916	0.11214953271	0.11214953271
-моз	0.0779408574941	0.0420673366592	0.0497192297496	0.830272576097
-мув	0.232558139535	0.488372093023	0.116279069767	0.162790697674
-ьма	0.186813186813	0.761904761905	0.0512820512821	0.0
-ідз	0.04833141542	0.154470994382	0.0833953834698	0.713802206729
-мук	0.246525479815	0.578093977498	0.0297816015884	0.145598941099
-ьми	0.29203539823	0.41592920354	0.238938053097	0.0530973451327
-мун	0.675173761946	0.261185925282	0.010751520417	0.0528887923545
-ион	0.0127635960045	0.912319644839	0.0172031076582	0.0577136514984
-öмö	0.246953992842	0.611219930017	0.0556083050589	0.0862177720823
-сад	0.0624593363695	0.88679245283	0.0312296681847	0.0195185426155
-оса	0.0576271186441	0.732464146023	0.0852672750978	0.124641460235
-воз	0.0469273743017	0.906145251397	0.0469273743017	0.0
-вож	0.189873417722	0.753164556962	0.0	0.0569620253165
-воа	0.533946104032	0.264466262795	0.0647587215375	0.136828911636
-тан	0.464017611282	0.326527063412	0.0772266506157	0.132228674691
-вом	0.0949367088607	0.341772151899	0.56329113924	0.0
-вок	0.0115730818688	0.915130732962	0.0051435919417	0.0681525932277
-вой	0.059620596206	0.831978319783	0.00338753387534	0.105013550136
-вои	0.58230958231	0.262899262899	0.014742014742	0.140049140049
-янö	0.349794647918	0.117682156744	0.0563848089182	0.47613838642
-сов	0.304710793083	0.597893063009	0.0973961439078	0.0
-сод	0.0537634408602	0.903225806452	0.0	0.0430107526882
-сан	0.0558139534884	0.944186046512	0.0	0.0
-сон	0.0231481481482	0.962962962963	0.0138888888889	0.0
-жмö	0.348214285714	0.348214285714	0.107142857143	0.196428571429
-сот	0.0295566502463	0.615763546798	0.354679802956	0.0
-даö	0.00603015075375	0.993969849246	0.0	0.0
-яйö	0.0847880299251	0.670822942644	0.0299251870324	0.214463840399
-тсö	0.137922083566	0.688842846345	0.0286121520602	0.144622918028
-лун	0.0904325085904	0.765654743201	0.0477512999584	0.09616144825
-вот	0.0228706624606	0.955835962145	0.00157728706624	0.0197160883281
-вос	0.157894736842	0.842105263158	0.0	0.0
-ччö	0.403225806452	0.374689826303	0.0669975186104	0.155086848635
-рзы	0.923076923077	0.0769230769231	0.0	0.0
-вош	0.680115273775	0.201729106628	0.0403458213257	0.0778097982709
-дьы	0.506375242946	0.13180249313	0.138395549896	0.223426714027
-йлö	0.62030075188	0.328320802005	0.00250626566416	0.0488721804511
-ося	0.130434782609	0.739130434783	0.0	0.130434782609
-нся	0.0121753246753	0.978084415584	0.00487012987012	0.00487012987012
-икс	0.0233545647558	0.966029723992	0.00849256900211	0.00212314225053
-икт	0.272222222222	0.461111111111	0.2	0.0666666666666
-уча	0.0211267605634	0.950704225352	0.0281690140845	0.0
-нуö	0.412844036697	0.284403669725	0.119266055046	0.183486238532
-слы	0.14714777404	0.594377713758	0.0602902444166	0.198184267785
-уба	0.230353430353	0.74261954262	0.0191268191268	0.00790020790021
-таö	0.385964912281	0.32175097939	0.123658661216	0.168625447113
-ика	0.0130662020906	0.68118466899	0.201219512195	0.104529616725
-ыкö	0.136149900256	0.171345112568	0.11114277572	0.581362211456
-нса	0.058993637941	0.663389242337	0.127241179873	0.15037593985
-шис	0.697333723997	0.148586287723	0.100241722824	0.0538382654556
-ышт	0.681699768221	0.19560327878	0.0308430872676	0.0918538657313
-отö	0.490389354362	0.381468703795	0.0689995071464	0.0591424346969
-рам	0.218133190693	0.561807970045	0.126664883659	0.0933939556031
-рдö	0.248059169681	0.55059115694	0.0117907466393	0.18955892674
-няв	0.45	0.55	0.0	0.0
-йяс	0.0464039962629	0.851744613717	0.0528118318622	0.0490395581578
-яла	0.662619808307	0.190415335463	0.0492012779553	0.0977635782747
-члі	0.469483568075	0.0845070422535	0.00938967136152	0.43661971831
-гны	0.805970149254	0.194029850746	0.0	0.0
-сйö	0.445355649757	0.183789462932	0.0274334410728	0.343421446239
-адь	0.0992829564258	0.105901820188	0.76833976834	0.0264754550469
-члы	0.420168067227	0.270588235294	0.0739495798319	0.235294117647
-адз	0.182931808902	0.204981625153	0.148223764802	0.463862801143
-ада	0.0245098039215	0.897058823529	0.078431372549	0.0
-псö	0.122472393518	0.84674219609	0.00803097662414	0.0227544337683
-тмы	0.377510040161	0.120481927711	0.128514056225	0.373493975904
-ф-ö	0.0	0.300970873786	0.699029126214	0.0
-ялы	0.074395253309	0.854860794158	0.0287539936102	0.0419899589229
-два	0.180482686254	0.285414480588	0.136411332634	0.397691500525
-ялі	0.612244897959	0.230769230769	0.0188383045526	0.138147566719
-ятö	0.551401869159	0.224299065421	0.11214953271	0.11214953271
-ркö	0.304394100654	0.163296335715	0.0310171810856	0.501292382545
-аум	0.0	0.996832101373	0.0	0.00316789862725
-жан	0.133177570093	0.615264797508	0.139408099688	0.11214953271
-жам	0.922448979592	0.0408163265306	0.0204081632653	0.0163265306122
-ь-ö	0.296333085009	0.284744640344	0.0596804900257	0.35924178462
--во	0.0802348336595	0.825831702544	0.0117416829746	0.0821917808219
-жав	0.654966094934	0.206621459912	0.0857598723574	0.0526525727961
-эгö	0.182711478211	0.0264881800057	0.00384505838793	0.786955283395
-зны	0.623573777499	0.157089575391	0.0480865350808	0.171250112029
-асö	0.219659708291	0.64603871951	0.0646137735378	0.069687798662
-жас	0.164175635525	0.683089199084	0.0689361661973	0.0837989991931
-аус	0.0425531914894	0.872340425532	0.0425531914894	0.0425531914894
-спу	0.190615835777	0.721407624633	0.0	0.0879765395895
-пур	0.0918196994992	0.497495826377	0.402671118531	0.00801335559266
-онь	0.484489869105	0.159046082123	0.190783575399	0.165680473373
-оны	0.756053312603	0.0779154585098	0.0219462088703	0.144085020016
-с-ö	0.237042557949	0.217487409363	0.0750220935062	0.470447939182
-öза	0.495238095238	0.428571428571	0.00952380952381	0.0666666666666
-трö	0.19696969697	0.691919191919	0.0	0.111111111111
-алö	0.657963052278	0.161476256607	0.0599292080695	0.120631483046
-вны	0.548342888962	0.195641970213	0.0346381509404	0.221376989885
-э-ö	0.646341463415	0.0975609756098	0.0	0.256097560976
-юав	0.522479649343	0.417908578585	0.0	0.0596117720726
-юан	0.16802775168	0.760424947604	0.054202500542	0.0173448001735
-нда	0.201466267401	0.0861737179548	0.0642641909715	0.648095823672
-нды	0.191247405779	0.255010755949	0.127365598021	0.426376240251
-ндр	0.00840336134453	0.991596638655	0.0	0.0
-кны	0.82465204555	0.0690636862084	0.0198228595529	0.0864614086883
-нді	0.00802752293578	0.989678899083	0.0	0.00229357798165
-илö	0.0188383045526	0.886970172684	0.094191522763	0.0
-ёль	0.0351167315176	0.152140077821	0.0214007782101	0.791342412451
-пуд	0.0	1.0	0.0	0.0
-она	0.0282756145809	0.336872480952	0.496587886032	0.138264018435
-шйö	0.613453859318	0.331256307868	0.0552898328141	0.0
-льк	0.0296296296296	0.962962962963	0.00740740740741	0.0
-ева	0.0	0.890909090909	0.109090909091	0.0
-ифа	0.0198675496689	0.930463576159	0.0	0.0496688741722
-урт	0.0494318181818	0.925	0.0170454545454	0.00852272727273
-орд	0.0	1.0	0.0	0.0
-ора	0.487522188577	0.180536702517	0.156938498486	0.175002610421
-дям	0.577528089888	0.0674157303371	0.206741573034	0.148314606742
-дян	0.898876404494	0.0818619582665	0.0	0.0192616372392
-бка	0.0	0.955555555556	0.0444444444444	0.0
-ори	0.805288461539	0.0336538461538	0.0	0.161057692308
-орк	0.444141543725	0.284584135129	0.0804468676502	0.190827453496
-орс	0.317880794702	0.682119205298	0.0	0.0
-дяс	0.495176848875	0.288317256163	0.0364415862808	0.180064308682
-орш	0.132354576799	0.204315426538	0.663329996663	0.0
-ура	0.175373838208	0.0965249488888	0.134902952468	0.593198260435
-урд	0.0	0.280328992461	0.719671007539	0.0
-тар	0.216296635386	0.495307850767	0.0	0.288395513848
-льы	0.663507109005	0.137440758294	0.165876777251	0.0331753554502
-евс	0.166666666667	0.833333333333	0.0	0.0
-евт	0.0102214650766	0.718909710392	0.189097103918	0.0817717206132
-льт	1.0	0.0	0.0	0.0
-усö	0.086793230586	0.845146220258	0.00343508828177	0.0646254608744
-птö	0.478572619643	0.456394864099	0.0250125062531	0.040020010005
-дан	0.390222435388	0.516260460185	0.0378556673272	0.0556614371
-тлі	0.682220039293	0.110510805501	0.0471512770138	0.160117878193
-тлы	0.262050419273	0.482408467425	0.0849261013362	0.170615011966
-ньт	0.686440677966	0.112288135593	0.18220338983	0.0190677966102
-коö	0.203110704483	0.714547118024	0.03934126258	0.0430009149131
-ваö	0.301360985094	0.309786130914	0.0291639662994	0.359688917693
-яма	0.175681923255	0.521241074639	0.0565058817486	0.246571120358
-тла	0.276456599287	0.340071343639	0.0178359096314	0.365636147444
-бöн	0.275510204082	0.642857142857	0.0816326530612	0.0
-увт	0.665601703941	0.174653887114	0.0670926517572	0.0926517571884
-тьы	0.966424174594	0.0	0.0335758254057	0.0
-зот	0.0	0.928571428571	0.0	0.0714285714286
-зор	0.0	1.0	0.0	0.0
-гог	0.554509803921	0.285490196078	0.0188235294118	0.141176470588
-гож	0.455938697318	0.311621966794	0.232439335888	0.0
-арö	0.152852117556	0.415914835763	0.0178855457072	0.413347500973
-аті	0.428432327167	0.366277182733	0.0876338851022	0.117656604998
-уми	0.0	0.835616438356	0.0	0.164383561644
-кыр	0.142310635042	0.606732976282	0.12700841622	0.123947972456
-атр	0.0	0.969151670951	0.0308483290488	0.0
-под	0.212413139608	0.528269109286	0.0260581174984	0.233259633607
-пов	0.159393491124	0.340236686391	0.46375739645	0.0366124260355
-дей	0.0227186671715	0.795153351003	0.164142370314	0.0179856115108
-дек	0.0746268656717	0.920895522388	0.0	0.0044776119403
-пон	0.0294117647059	0.970588235294	0.0	0.0
-ать	0.0414369346984	0.939898836925	0.00387370777633	0.0147905206006
-дер	0.451612903226	0.290322580645	0.258064516129	0.0
-ата	0.078431372549	0.862745098039	0.0588235294118	0.0
-кыв	0.255333022823	0.519701909641	0.0201210992082	0.204843968328
-съя	0.429975934248	0.0802660837094	0.0208522935177	0.468905688524
-кыд	0.113319838212	0.310311174821	0.385674324046	0.190694662921
-кыз	0.0535714285715	0.797619047619	0.148809523809	0.0
-кык	0.0477330228525	0.0460565626078	0.013008785198	0.893201629342
-кын	0.140087071377	0.0789850900669	0.00708145000031	0.773846388556
-дея	0.00641848523748	0.982028241335	0.00898587933248	0.00256739409499
-гмö	0.335664335664	0.274125874126	0.323076923077	0.0671328671329
-бöб	0.102879753792	0.48560123104	0.411519015168	0.0
-зон	0.109947643979	0.0732984293194	0.785340314136	0.0314136125654
-ччи	0.156756756757	0.108108108108	0.0	0.735135135135
-чмы	0.591013824885	0.264976958525	0.0276497695852	0.116359447005
-жлі	0.75	0.158333333333	0.00833333333333	0.0833333333333
-тай	0.3093270366	0.232585596222	0.0495867768595	0.408500590319
-шом	0.026936026936	0.89898989899	0.0740740740741	0.0
-шой	0.00576923076923	0.659615384616	0.323076923077	0.0115384615385
-там	0.420225979646	0.153377674493	0.066631941662	0.359764404199
-гас	0.464150124489	0.381786531825	0.04723825169	0.106825091996
-иис	0.833333333333	0.131313131313	0.0	0.0353535353535
-тав	0.104834400721	0.0674474606927	0.087250994247	0.740467144339
-тад	0.0473882606354	0.814754981152	0.00861604738826	0.129240710824
-шог	0.0383021057868	0.646990548831	0.242414193334	0.0722931520478
-этш	0.206794682422	0.65435745938	0.0147710487445	0.124076809454
-язі	0.457142857143	0.514285714286	0.0285714285714	0.0
-икö	0.283950617284	0.679012345679	0.0	0.037037037037
-узь	0.287035102382	0.116955704137	0.265096113665	0.330913079816
-узя	0.261288478811	0.360251490161	0.0347023760921	0.343757654936
-скö	0.494678277697	0.418238993711	0.0123367198839	0.0747460087083
-нсö	0.136496338872	0.718764783434	0.0453739758398	0.0993649018536
-ыба	0.672268907563	0.0504201680672	0.0504201680672	0.226890756303
-ужи	0.953917050691	0.0138248847926	0.00460829493086	0.0276497695852
-иил	0.043388429752	0.916560712015	0.0400508582327	0.0
-нуа	0.412587412587	0.524475524476	0.020979020979	0.041958041958
-тас	0.421639209894	0.173996866305	0.0269353916091	0.377428532192
-нук	0.0426356589147	0.904392764858	0.0465116279069	0.00645994832041
-шор	0.397727272727	0.579545454545	0.0227272727273	0.0
-жмы	0.496871088861	0.320400500626	0.117647058823	0.0650813516896
-дам	0.728011612499	0.139081924761	0.0309430603182	0.101963402422
-дай	0.215311004785	0.143540669857	0.143540669856	0.497607655502
-дав	0.330689928628	0.58287073751	0.0420301348137	0.0444091990484
-тса	0.0488837710338	0.864529549422	0.0262620259277	0.0603246536161
-чча	0.535256842389	0.456653633545	0.0	0.00808952406633
-тик	0.0674897119341	0.413991769547	0.483950617284	0.0345679012346
-аил	0.0059850374065	0.994014962594	0.0	0.0
-аик	0.1	0.9	0.0	0.0
-том	0.0962832591365	0.136142457811	0.688891189564	0.0786830934879
-тол	0.0241394725078	0.935628073312	0.0388913723737	0.00134108180599
-аин	0.0318208603418	0.872127283441	0.0471420153211	0.0489098408957
-аим	0.0	1.0	0.0	0.0
-влö	0.497640566264	0.34687674958	0.0643045669039	0.0911781172518
-йла	0.0467425412368	0.0160038936716	0.00924130906223	0.928012256029
-айя	0.0125	0.9875	0.0	0.0
-осö	0.0974306792166	0.776901551768	0.0315441363521	0.0941236326634
-йлы	0.133907431117	0.739814441307	0.07015451532	0.056123612256
-дьö	0.641341861856	0.204040311076	0.067645299342	0.0869725277253
-воö	0.484465466511	0.395940772614	0.046508684785	0.0730850760907
-рзö	0.514403292181	0.263374485597	0.0987654320988	0.123456790123
-тос	0.0391534080326	0.891411542119	0.000470546716467	0.068964503132
-тор	0.211303336983	0.478593751429	0.182767731978	0.127335179609
-ччы	0.576907974304	0.135187773886	0.0108376395935	0.277066612217
-яйт	0.424528301887	0.292452830189	0.0566037735849	0.22641509434
-жми	0.697674418605	0.255813953488	0.0	0.046511627907
-плы	0.0852534562212	0.909216589862	0.0	0.00552995391705
-дас	0.289019794744	0.336307396029	0.0462058009507	0.328467008276
-тсё	0.232704402516	0.196016771488	0.0	0.571278825996
-аси	0.695728936778	0.224802025185	0.0224912371803	0.0569778008568
-аск	0.068376068376	0.931623931624	0.0	0.0
-аса	0.0832168443124	0.903678140835	0.0078630089114	0.00524200594094
-тям	0.121212121212	0.590909090909	0.287878787879	0.0
-тті	0.261072261072	0.571095571096	0.0	0.167832167832
-тяс	0.544483985765	0.327402135231	0.0	0.128113879004
-иос	0.0	1.0	0.0	0.0
-злы	0.356320083107	0.425952519173	0.0594579730514	0.158269424669
-аас	0.232411451639	0.567172065284	0.0401856805147	0.160230802562
-тсы	0.287425149701	0.323353293413	0.0718562874252	0.317365269461
-ась	0.330194427803	0.371440568178	0.21563717734	0.0827278266792
-ася	0.477804414318	0.358766636356	0.0562122840373	0.107216665289
-аст	0.0	1.0	0.0	0.0
-юяс	0.106520581298	0.861523244313	0.0	0.0319561743894
-адö	0.0537588231619	0.428524579924	0.0135861078144	0.5041304891
-опа	0.025641025641	0.974358974359	0.0	0.0
-лас	0.162739138446	0.101308129268	0.0595762715465	0.676376460739
-лат	0.0326929558477	0.859116953151	0.0451634647793	0.0630266262218
-сйы	0.492955100507	0.0510990043209	0.0462145406726	0.409731354499
-пса	0.0	0.855421686747	0.0	0.144578313253
-öби	0.833388451617	0.166611548383	0.0	0.0
-оті	0.162162162162	0.317567567568	0.0135135135135	0.506756756757
-йяö	0.691729323308	0.172932330827	0.0451127819549	0.0902255639098
-рді	0.605769230769	0.163461538461	0.0384615384615	0.192307692308
-яти	0.0138248847926	0.986175115207	0.0	0.0
-ышö	0.0664893617021	0.93085106383	0.0	0.00265957446809
-рка	0.0788074071198	0.669744212759	0.0249370294335	0.226511350687
-нты	0.526585375177	0.425251328313	0.0481632965101	0.0
-іас	0.372292072487	0.431438521929	0.196269405584	0.0
-рда	0.586118251928	0.192802056555	0.0154241645244	0.205655526992
-ялö	0.345842308042	0.314018748294	0.11716166611	0.222977277554
-яті	0.297244094488	0.655511811024	0.0	0.0472440944882
-а-ö	0.229816821939	0.258802820672	0.108245118905	0.403135238484
-тмö	0.213857998289	0.197889934417	0.0490447676077	0.539207299686
-акö	0.132951462165	0.361772686162	0.120289418149	0.384986433524
-лай	0.346820809249	0.64161849711	0.0	0.0115606936416
-лам	0.373258685038	0.184107582576	0.0503782137103	0.392255518675
-лан	0.309297876447	0.486122339507	0.0719318128971	0.132647971148
-лаа	0.106194690266	0.787610619469	0.0530973451327	0.0530973451327
-лав	0.417149851823	0.212923592321	0.280376240175	0.089550315681
-дар	0.475149105368	0.190854870775	0.143141153081	0.190854870775
-лад	0.111896113573	0.0922311366569	0.139304674091	0.65656807568
-сйи	0.648921832884	0.132749326146	0.0323450134771	0.185983827493
-еда	0.652674032208	0.347325967792	0.0	0.0
-урö	0.546144121365	0.399072903498	0.0404551201012	0.0143278550358
-ызь	0.0117470469229	0.287802649612	0.00130522743588	0.69914507603
-шйы	0.490084985836	0.206798866856	0.0056657223796	0.297450424929
