-ɨme	0.183325605348	0.727762891717	0.0162482612032	0.0726632417328
-maƚ	0.0868090402063	0.819100105659	0.0147272641255	0.0793635900095
-ƚug	0.713606089439	0.138915318744	0.0	0.147478591817
-cab	0.728395061728	0.271604938272	0.0	0.0
-ɨƚŋ	0.109046639033	0.344067943998	0.208179947245	0.338705469724
-eus	0.0	1.0	0.0	0.0
-pör	0.107866109519	0.170842158926	0.203999437393	0.517292294161
-pöm	0.631452983883	0.0468521441	0.0206746769781	0.301020195039
-hem	0.0773361322807	0.8832656414	0.0159722539132	0.023425972406
-ƚup	0.143721633888	0.61497730711	0.101361573374	0.139939485628
-ubŋ	0.227006575984	0.306368795604	0.28375821998	0.182866408432
-rbe	0.412938474939	0.317523160979	0.0578034682081	0.211734895875
-ɨñi	0.219533995205	0.199434555668	0.0360200449771	0.54501140415
-lel	0.0877192982456	0.877192982456	0.0350877192982	0.0
-ɨma	0.420134228188	0.408053691275	0.0845637583893	0.0872483221476
-ɨbɨ	0.4832425365	0.424711266071	0.0	0.0920461974287
-aur	0.145269388746	0.784587958056	0.018157112076	0.0519855411222
-bir	0.559952163062	0.296017054909	0.0634359400999	0.0805948419301
-yöŋ	0.209656925032	0.491740787802	0.268106734435	0.0304955527319
-gaɫ	0.580547112462	0.34650455927	0.0	0.0729483282675
-adɨ	0.198412345357	0.673368960193	0.079800446196	0.0484182482537
-aua	0.549802797006	0.319639981034	0.0436215007282	0.0869357212317
-kɨñ	0.299835255354	0.601317957166	0.0988467874794	0.0
-ŋbe	0.481263477493	0.287737376929	0.0832044478567	0.147794697721
-aue	0.579454253612	0.293739967897	0.00642054574639	0.120385232745
-llö	0.302426343154	0.571923743501	0.0433275563258	0.0823223570191
-asɨ	0.303588230542	0.321932093868	0.0687601840551	0.305719491534
-mul	0.0493146228577	0.811140520798	0.0164135626303	0.123131293714
-aui	0.246106465971	0.0964849842298	0.0447325380179	0.612676011781
-ɨno	0.346747690642	0.226874115983	0.0631428222187	0.363235371156
-aul	0.309264489506	0.478645891883	0.0353762909212	0.176713327689
-aun	0.153515178367	0.641935024777	0.0281295200397	0.176420276816
-naŋ	0.268509127789	0.680273833671	0.0357505070994	0.0154665314402
-uab	0.629584227704	0.184407223965	0.0889558528195	0.0970526955115
-kiŋ	0.0303142084978	0.9283283971	0.0199384914043	0.0214189029979
-nlö	0.400559788524	0.0334318146478	0.0	0.566008396828
-kia	0.047619047619	0.861471861472	0.0822510822511	0.008658008658
-ŋim	0.624258793199	0.233985022405	0.0172411147259	0.12451506967
-uan	0.117412140575	0.855131789137	0.0184704472843	0.0089856230032
-aiö	0.614845727409	0.132233649822	0.092238972641	0.160681650129
-lnö	0.463894967177	0.332603938731	0.0656455142232	0.137855579869
-pul	0.315430999268	0.308684956078	0.0983077518628	0.277576292791
-juö	0.441037735849	0.264150943396	0.0283018867925	0.266509433962
-pun	0.381559953034	0.232355754677	0.0668579621382	0.319226330151
-cal	0.200892857143	0.767857142857	0.0312500000001	0.0
-jöl	0.422431102187	0.212956875566	0.0334938431742	0.331118179072
-ɨŋö	0.157164879452	0.390398455714	0.152973005571	0.299463659264
-hel	0.273305084746	0.640536723164	0.0734463276836	0.0127118644068
-wip	0.194647571569	0.563459346308	0.138973580783	0.10291950134
-pan	0.358363302248	0.270039483696	0.0530810520974	0.318516161958
-pöl	0.405601158861	0.376146788991	0.164171897634	0.0540801545147
-dal	0.384534637771	0.398609281614	0.0826387440711	0.134217336544
-ape	0.0435862867411	0.87928182081	0.0587401956487	0.0183916968002
-gɨp	0.0212335692618	0.0687563195147	0.0	0.910010111223
-moƚ	0.0750804433321	0.718448337505	0.112620664998	0.0938505541652
-pro	0.115716923104	0.0652167944247	0.434458670148	0.384607612323
-gɨl	0.742330168006	0.161568663258	0.0422297297297	0.0538714390066
-mañ	0.2170908478	0.217596494185	0.0562952974886	0.509017360526
-gɨn	0.412740240025	0.392375332971	0.094291524647	0.100592902357
-goƚ	0.115165461494	0.247415807819	0.115531737963	0.521886992724
-köl	0.495268136241	0.33375243046	0.0894952589288	0.08148417437
-ɨbö	0.0541763854553	0.0562286759711	0.0539640614844	0.835630877089
-ake	0.250332819964	0.679448693519	0.0415046072725	0.0287138792451
-gɨb	0.129430245742	0.849464668679	0.00443673419208	0.0166683513872
-löb	0.345849802372	0.594861660079	0.0	0.0592885375494
-ded	0.00778210116732	0.961089494163	0.0311284046693	0.0
-wɨɫ	0.0	0.880597014925	0.0149253731343	0.10447761194
-ɫab	0.216681895314	0.542651089936	0.17768568072	0.0629813340295
-dek	0.0742390895915	0.87744913844	0.0193247087874	0.0289870631811
-löm	0.270573592903	0.153666176148	0.075016244848	0.500743986101
-löl	0.348049500044	0.268401576517	0.123875156888	0.259673766551
-den	0.0897947855117	0.786036505787	0.0683087968017	0.0558599118998
-lön	0.408523623386	0.439723212752	0.0566016139085	0.0951515499533
-dep	0.128648574647	0.74592049551	0.0604772496547	0.0649536801882
-löp	0.069784327062	0.0413384193342	0.0146050385506	0.874272215053
-ɨmö	0.406909788868	0.500959692898	0.0345489443378	0.0575815738963
-aka	0.25350221975	0.0914424708578	0.0173400505155	0.637715258877
-ƚöm	0.258585445625	0.541905151267	0.0588716271464	0.140637775961
-gƚö	0.0397451321125	0.950006683598	0.0	0.0102481842891
-yaŋ	0.136389306129	0.178513118926	0.0817224882248	0.60337508672
-ido	0.0645161290323	0.903225806452	0.0322580645161	0.0
-lla	0.311187179088	0.549245371091	0.0345417768788	0.105025672942
-obi	0.514753285395	0.381105876519	0.0260352095215	0.0781056285644
-kɨd	0.142982688953	0.68594720878	0.0624960990089	0.108574003259
-jɨl	0.212245276626	0.711603930363	0.0323294987012	0.0438212943094
-auö	0.474752368494	0.292751880214	0.0480044610244	0.184491290268
-ide	0.47256097561	0.390243902439	0.045731707317	0.0914634146342
-kɨl	0.425531914894	0.460348162476	0.0599613152805	0.0541586073501
-jɨg	0.062656291799	0.166788792351	0.697163194808	0.0733917210417
-ida	0.0278348776328	0.944345864756	0.00724768979888	0.0205715678128
-bid	0.108552631579	0.740131578947	0.0	0.151315789474
-kɨs	0.0429231785164	0.946437743048	0.00788759263336	0.00275148580233
-bia	0.112391930836	0.865994236311	0.021613832853	0.0
-bin	0.494056606152	0.194780915809	0.045445436092	0.265717041947
-jɨp	0.499663963214	0.310047823837	0.036400158832	0.153888054117
-bil	0.443299057504	0.331169415297	0.0564045758674	0.169126951332
-bim	0.419513753095	0.186055446489	0.0570677885819	0.337363011834
-kpe	0.432936431627	0.397081153744	0.1053412147	0.0646411999295
-100	0.145810381699	0.402825481174	0.0524917374116	0.398872399715
-rib	0.0265017667844	0.959363957597	0.0141342756184	0.0
-ria	0.0291554103159	0.845040773468	0.0250605211586	0.100743295058
-rin	0.122324159021	0.801583018529	0.0307609282245	0.0453318942255
-rim	0.345041461212	0.506539969076	0.0304448348128	0.1179737349
-rik	0.0728585081234	0.472435994165	0.417735526382	0.0369699713294
-maŋ	0.185969662497	0.649901686895	0.137929245436	0.0261994051714
-rir	0.114631873253	0.772600186393	0.0661696178938	0.0465983224604
-ris	0.0667726550079	0.871224165342	0.0476947535771	0.0143084260731
-dui	0.379894664529	0.318296313259	0.203572246393	0.0982367758186
-nap	0.0638147117735	0.345310453165	0.0691881006964	0.521686734365
-jim	0.391174270755	0.51009723261	0.0359012715033	0.0628272251309
-ara	0.561128702538	0.2263709796	0.011570171181	0.200930146681
-mes	0.0	1.0	0.0	0.0
-aro	0.856164383562	0.041095890411	0.102739726027	0.0
-gɨñ	0.531468531469	0.426573426573	0.041958041958	0.0
-jia	0.0147299509002	0.837970540098	0.122749590835	0.024549918167
-aru	0.534034136379	0.280747859849	0.0777750008205	0.107443002951
-meg	0.293211015473	0.649549031555	0.0352707956096	0.0219691573627
-luk	0.0131578947368	0.973684210526	0.0	0.0131578947368
-dun	0.277841393372	0.239003144724	0.091035586356	0.392119875548
-lun	0.53085245592	0.1651624914	0.0356145534016	0.268370499278
-ɨŋa	0.767301656202	0.0510090899686	0.00708304048412	0.174606213345
-mem	0.493686030536	0.154746283403	0.0345801750621	0.316987510999
-mel	0.182743577314	0.672806592341	0.0630150266602	0.081434803684
-men	0.336989907854	0.610355419043	0.0210618692409	0.0315928038613
-jip	0.00713599560862	0.917501486666	0.072732262934	0.00263025479164
-lug	0.505768571243	0.210244827115	0.0529194776045	0.231067124038
-rai	0.0	1.0	0.0	0.0
-yöl	0.321461879226	0.313359757519	0.253847050595	0.11133131266
-yöp	0.149820103441	0.243422532044	0.279345626265	0.32741173825
-nla	0.49702970297	0.380198019802	0.0891089108911	0.0336633663366
-mos	0.03146374829	0.956224350205	0.00820793433653	0.00410396716826
-mor	0.0350877192982	0.929824561404	0.0350877192982	0.0
-ɨƚa	0.342638409112	0.279479040239	0.346606292596	0.0312762580525
-kƚö	0.154583749226	0.478664262485	0.186265151856	0.180486836433
-rlö	0.491880620661	0.0780485531895	0.0185452681609	0.411525557989
-ŋam	0.425675675676	0.475788288288	0.0461711711712	0.0523648648649
-ɨmŋ	0.776960269077	0.223039730923	0.0	0.0
-ubi	0.220170454545	0.4140625	0.229048295454	0.13671875
-jlö	0.381818181818	0.454545454545	0.109090909091	0.0545454545455
-ɨƚu	0.424214587544	0.322248759875	0.172698879295	0.0808377732868
-ŋno	0.359260439911	0.320811162061	0.134670557367	0.185257840661
-lap	0.344956761943	0.363474381749	0.106291629375	0.185277226932
-uba	0.243752139678	0.499486477234	0.0308113659706	0.225950017117
-ŋna	0.540834845735	0.295825771325	0.107078039927	0.0562613430127
-ube	0.552842334777	0.26340285701	0.0989779997396	0.0847768084726
-aud	0.439252336449	0.523364485981	0.0	0.0373831775701
-ija	0.0129409309121	0.98330202463	0.00375704445836	0.0
-sus	0.0391900718484	0.960809928152	0.0	0.0
-ɨna	0.615130203441	0.271553266956	0.0222898631867	0.091026666417
-sop	0.0844617240917	0.886907182996	0.0286310929124	0.0
-jɨk	0.53605015674	0.435736677116	0.0282131661442	0.0
-ɨña	0.167834081208	0.503173908285	0.275801685455	0.053190325052
-uma	0.441258439666	0.256992613463	0.134417268507	0.167331678363
-imö	0.130890052356	0.798429319372	0.0235602094241	0.0471204188482
-ŋun	0.377301261382	0.160476523678	0.0321954602652	0.430026754675
-kɨƚ	0.0798264642082	0.816485900217	0.0	0.103687635575
-ŋul	0.443379481718	0.229676961306	0.0195243166489	0.307419240327
-umi	0.0483169090927	0.834601349335	0.106267405404	0.0108143361678
ALL	0.231869121247	0.28296186066	0.0541458788197	0.431023139273
-nai	0.252525252525	0.686868686869	0.0323232323232	0.0282828282828
-nan	0.219478506169	0.313658371248	0.0422326721099	0.424630450474
-aki	0.123370461745	0.654902848134	0.181500999985	0.0402256901359
-nam	0.504523225048	0.2679638811	0.0670099389652	0.160502954887
-nab	0.390256882603	0.21513003404	0.0510237029629	0.343589380394
-dla	0.395633289561	0.509346400041	0.0379080541303	0.0571122562677
-sip	0.0455462811775	0.938089503075	0.00351807059002	0.0128461451571
-kim	0.603056719545	0.354759054175	0.025160879976	0.0170233463035
-kis	0.0	0.986899563319	0.0131004366812	0.0
-hañ	0.102653500419	0.638327791662	0.0901757776506	0.168842930268
-agɨ	0.275454658477	0.469957123911	0.0867219148903	0.167866302722
-sin	0.152558773873	0.540289561396	0.246128155182	0.0610235095492
-nas	0.0654616511969	0.870786516854	0.0351734245237	0.0285784074255
-sia	0.0220281876886	0.960496116745	0.0132169126131	0.00425878295312
-iöp	0.346063912705	0.170693686672	0.177708495713	0.30553390491
-dyu	0.0770194113963	0.911709455229	0.00375704445836	0.00751408891671
-jɨŋ	0.0628920808014	0.103519578198	0.12910041909	0.704487921911
-gom	0.544840626688	0.137763371151	0.00432198811453	0.313074014046
-gol	0.0992361303338	0.637359742618	0.177851474011	0.0855526530376
-gon	0.0161527165932	0.941262848752	0.0425844346549	0.0
-cög	0.191494488212	0.641700191318	0.0548781364929	0.111927183977
-sös	0.171052631579	0.107142857143	0.614661654135	0.107142857143
-ɨka	0.50330717967	0.333861816275	0.0326972812258	0.130133722829
-aƚu	0.493156982707	0.302790253563	0.130494748382	0.0735580153482
-god	0.0604661185274	0.758719185005	0.011802220297	0.16901247617
-gog	0.047619047619	0.920634920635	0.031746031746	0.0
-yöñ	0.577946768061	0.300380228137	0.0912547528517	0.0304182509506
-öna	0.0	0.980786825252	0.0192131747484	0.0
-moc	0.56862745098	0.385620915033	0.0457516339869	0.0
-ɨpe	0.0566210039635	0.0205412591644	0.00297804923379	0.919859687638
-ame	0.250329255586	0.349789815331	0.0692852934109	0.330595635672
-mon	0.0638645378487	0.923202559915	0.00773307556415	0.00519982667245
-gor	0.56989449887	0.305764883195	0.0186510926903	0.105689525245
-iöl	0.400530529843	0.355610137977	0.113079135511	0.130780196668
-iöm	0.487618465301	0.475695505961	0.0183430143687	0.0183430143687
-iön	0.0884310176807	0.776500069609	0.125922316581	0.00914659612975
-ɫaŋ	0.117046554607	0.761286632051	0.111032884508	0.0106339288334
-ami	0.0768731122731	0.876717222565	0.0350427072846	0.0113669578773
-mol	0.230769230769	0.657342657343	0.048951048951	0.062937062937
-yap	0.0526315789474	0.289473684211	0.657894736842	0.0
-ber	0.133685009213	0.760270260505	0.0390215702569	0.0670231600246
-löŋ	0.327648683412	0.623037196153	0.0146251330299	0.0346889874054
-ŋnö	0.624402759576	0.0612635727145	0.0256366380551	0.288697029654
-yad	0.0626272984753	0.0210369947079	0.00593890134672	0.91039680547
-yag	0.494807415722	0.36911441331	0.0243256352531	0.111752535714
-ben	0.104566668636	0.775270278254	0.107402374904	0.0127606782064
-beo	0.130434782609	0.869565217391	0.0	0.0
-lpa	0.0444648635692	0.870001198514	0.051176541089	0.0343573968279
-yam	0.189704375823	0.522720620518	0.0863456753988	0.20122932826
-imŋ	0.421430959936	0.34967193376	0.153363613031	0.0755334932733
-uaƚ	0.202615820156	0.65360226481	0.104641625583	0.0391402894512
-rla	0.626035757028	0.0907846173523	0.00735421748386	0.275825408136
-beg	0.0199773632718	0.660384824379	0.0	0.319637812349
-bed	0.0771666007123	0.880999491209	0.00565323082141	0.0361806772571
-iso	0.0801282051282	0.846153846154	0.00480769230769	0.0689102564102
-yau	0.52047681678	0.158244977234	0.0318890203311	0.289389185654
-umö	0.47276544272	0.155704826298	0.217343348444	0.154186382537
-uga	0.377700321453	0.332847410781	0.110057255649	0.179395012117
-isi	0.00765083066162	0.990308947829	0.000510055377441	0.00153016613232
-rem	0.796792301524	0.203207698476	0.0	0.0
-auƚ	0.341196797293	0.296516457967	0.226564433502	0.135722311238
-red	0.0197728804904	0.922463793213	0.00405944509641	0.0537038812
-arŋ	0.188925081433	0.299674267101	0.220412595005	0.29098805646
-rön	0.712765957447	0.204255319149	0.0446808510638	0.0382978723404
-röl	0.621055815048	0.201854901038	0.0477166571457	0.129372626768
-res	0.0523489932886	0.887248322148	0.0362416107382	0.0241610738255
-rep	0.0925873818723	0.825709795417	0.0421382050772	0.0395646176335
-had	0.725490196078	0.117647058824	0.0392156862745	0.117647058824
-hag	0.396474129641	0.100656972804	0.00499773603149	0.497871161523
-map	0.51564601977	0.449698777563	0.00789612212669	0.0267590805404
-mas	0.116642907411	0.818755977408	0.0214735550463	0.043127560135
-hak	0.242884250474	0.487937110328	0.183247492545	0.0859311466522
-hal	0.615724024894	0.242333365005	0.118924889543	0.0230177205568
-ham	0.114070463588	0.742262683392	0.102751483144	0.0409153698768
-han	0.528939688716	0.331089659038	0.0404273560641	0.0995432961815
-mai	0.141444930721	0.171285458943	0.106306350336	0.58096326
-mak	0.0710801393728	0.918466898955	0.0	0.0104529616725
-jua	0.377358490566	0.560377358491	0.0169811320755	0.0452830188679
-mam	0.0534520009148	0.84073764255	0.0406262391253	0.0651841174096
-hau	0.177609170374	0.146434165298	0.0486972423218	0.627259422006
-jud	0.0705882352941	0.882352941176	0.0470588235294	0.0
-man	0.168571877017	0.740677696328	0.0438316281866	0.0469187984685
-ƚuƚ	0.185840707965	0.407079646018	0.0442477876106	0.362831858407
-akö	0.481501296189	0.323811794198	0.0956262604548	0.099060649158
-mab	0.118805750578	0.654610581393	0.0285718019533	0.198011866075
-jun	0.62287649735	0.26394048116	0.0199734743806	0.0932095471094
-dlö	0.335567289432	0.298584574842	0.0506712882679	0.315176847458
-jul	0.411715481172	0.533054393305	0.0301255230125	0.0251046025104
-uno	0.389735131464	0.459881633841	0.0494809352867	0.100902299408
-eik	0.152919708029	0.744890510949	0.0656934306569	0.036496350365
-maj	0.220544991178	0.655165653793	0.0462654381494	0.078023916879
-hil	0.284269046446	0.134892730774	0.459701258566	0.121136964214
-dik	0.205882352941	0.720588235294	0.0735294117647	0.0
-666	0.0472440944882	0.0	0.0472440944882	0.905511811024
-bañ	0.0869810642993	0.90429517114	0.00307897572741	0.00564478883357
-ɨbi	0.0609324891903	0.374986395251	0.00483502035921	0.5592460952
-bön	0.331655061852	0.443869397032	0.0683561736609	0.156119367455
-böl	0.360963197166	0.229438027449	0.0688632281351	0.34073554725
-gac	0.410019546867	0.361944552819	0.159895484904	0.0681404154096
-gab	0.468974130564	0.207256874858	0.0687452259731	0.255023768605
-ada	0.0797965822832	0.861795610066	0.0176868713308	0.0407209363198
-ado	0.51980819098	0.0852081363148	0.00599170589119	0.388991966814
-gam	0.120950323974	0.740820734341	0.112311015119	0.0259179265659
-gal	0.324178967007	0.324930444082	0.274034687457	0.0768559014542
-ɨbe	0.399402195111	0.322549432236	0.0627203423446	0.215328030309
-lpe	0.365751597276	0.251502492452	0.0796180579934	0.303127852278
-gai	0.19028667886	0.203581043652	0.0286904923131	0.577441785175
-laŋ	0.182608124628	0.31741006589	0.048438331477	0.451543478005
-asö	0.104484321638	0.185637308626	0.0358535938018	0.674024775934
-gau	0.00598784189484	0.021460268945	1.50053620201e-05	0.972536883798
-noŋ	0.348394160497	0.490808534658	0.10719820323	0.053599101615
-gas	0.0	1.0	0.0	0.0
-yɨŋ	0.229413065606	0.74316519438	0.00734344902062	0.0200782909931
-ɨsa	0.048	0.7792	0.1728	0.0
-ɨbu	0.202654685236	0.0138405588257	0.00326323868407	0.780241517254
-bör	0.51201011378	0.370417193426	0.0480404551201	0.0695322376738
-böp	0.341146958124	0.307027783146	0.11981843609	0.232006822641
-sen	0.0709290709291	0.923076923077	0.0	0.00599400599399
-sem	0.0	1.0	0.0	0.0
-sel	0.105317946985	0.823461928444	0.0533745352711	0.0178455893004
-sek	0.0	1.0	0.0	0.0
-bel	0.0409950518539	0.948756185183	0.0	0.0102487629635
-ane	0.578885728627	0.330433327756	0.0685962857621	0.0220846578551
-nöd	0.261301606413	0.0990217692503	0.23569259818	0.403984026157
-lbe	0.419075144509	0.459537572254	0.0953757225433	0.0260115606936
-ina	0.298312713019	0.511105541178	0.109877101842	0.0807046439605
-uaɫ	0.10199862164	0.849758787043	0.0482425913163	0.0
-sed	0.0	1.0	0.0	0.0
-nöm	0.326268254297	0.443453560403	0.148807571077	0.0814706142227
-pɨn	0.208502389325	0.128753043008	0.389888197638	0.27285637003
-ɨlö	0.260744849542	0.16116729282	0.0853420532519	0.492745804386
-nöp	0.146133839186	0.0373694556865	0.0387635601103	0.777733145017
-uim	0.684285301019	0.214091478898	0.0290829610106	0.0725402590724
-kno	0.540405974722	0.326311757947	0.076981999234	0.0563002680966
-ñab	0.527085216097	0.288953272022	0.0980809101057	0.0858806017756
-ins	0.121999536364	0.76160671008	0.0063012370656	0.110092516491
-ɨgö	0.167832167832	0.566433566434	0.265734265734	0.0
-sep	0.0510894285085	0.939300124716	0.00308121194337	0.00652923483236
-dɨg	0.163636363636	0.145454545455	0.618181818182	0.0727272727273
-iad	0.0	1.0	0.0	0.0
-iok	0.0529256557504	0.910135030265	0.00993326090331	0.0270060530809
-eda	0.21	0.71	0.04	0.04
-cɨl	0.183417085427	0.693467336683	0.0929648241206	0.0301507537688
-lau	0.174825618315	0.340330786976	0.056408437651	0.428435157058
-ble	0.173942868342	0.406303591553	0.358016071341	0.0617374687638
-prɨ	0.240156637195	0.560314498119	0.167711934408	0.0318169302781
-dɨm	0.581778265642	0.30296377607	0.0757409440175	0.03951701427
-ian	0.0496613995485	0.789315274643	0.156508653123	0.00451467268623
-dɨk	0.468929788225	0.337110815498	0.127637361712	0.0663220345642
-nes	0.0106382978723	0.978723404255	0.0106382978723	0.0
-nep	0.349265866349	0.35080846341	0.0656978342548	0.234227835986
-cɨg	0.331354741093	0.347920475574	0.140113405006	0.180611378327
-nen	0.0344827586207	0.862068965517	0.0	0.103448275862
-nem	0.28323699422	0.381502890173	0.161849710983	0.173410404624
-kub	0.0753389261939	0.460627982711	0.127909892665	0.33612319843
-ias	0.0926001673914	0.864230471528	0.0251087100164	0.0180606510644
-dɨp	0.341217386485	0.294966122127	0.267697551648	0.0961189397403
-cɨp	0.11434482069	0.782715217678	0.0725763758269	0.0303635858051
-kun	0.376232248478	0.479898276995	0.106151955882	0.0377175186444
-kul	0.446263345196	0.476868327402	0.0640569395017	0.0128113879003
-neb	0.625250743584	0.262277789306	0.06484747873	0.0476239883793
-kuj	0.156553398058	0.643810679612	0.180218446602	0.0194174757281
-gun	0.203945709568	0.162641175855	0.0483974039818	0.585015710595
-ban	0.491185065049	0.230010758328	0.0615770762385	0.217227100385
-uul	0.712121212121	0.166666666667	0.030303030303	0.0909090909091
-bal	0.393448693088	0.30126241318	0.154894893625	0.150394000107
-uun	0.515543375867	0.351845508264	0.0855099768776	0.0471011389912
-yɨd	0.0315789473684	0.905263157895	0.0	0.0631578947369
-hod	0.0345989910441	0.893223512187	0.0400507686822	0.0321267280868
-bai	0.381165919283	0.457399103139	0.0	0.161434977578
-bad	0.238240553027	0.41943926127	0.0400132244061	0.302306961297
-hon	0.0897315994453	0.0272306291972	0.00933987344534	0.873697897912
-bac	0.102240605964	0.646071131431	0.055254020204	0.196434242401
-hol	0.194667903661	0.179689693478	0.0549933470868	0.570649055775
-uub	0.344348222425	0.376709206928	0.0856882406563	0.193254329991
-jol	0.0133091783107	0.971749385661	0.00624204050152	0.00869939552654
-ñɨŋ	0.367192217636	0.255776355415	0.324515772638	0.0525156543106
-jon	0.0308177051726	0.932980083547	0.014618361264	0.0215838500168
-gsi	0.00722891566265	0.992771084337	0.0	0.0
-luö	0.58	0.18	0.0	0.24
-yɨk	0.638006377702	0.220266918625	0.0318885083264	0.109838195347
-unö	0.628148352268	0.106599209349	0.0196400781713	0.245612360211
-bar	0.105285147274	0.827449341968	0.0365573428034	0.0307081679549
-bas	0.0454425263476	0.929878240723	0.010324985205	0.0143542477241
-job	0.0731707317073	0.707317073171	0.146341463415	0.0731707317073
-dru	0.00384061449831	0.987998079693	0.0	0.00816130580893
-köp	0.206048782665	0.649743017271	0.0475838972164	0.0966243028473
-rel	0.0616000918975	0.86823402254	0.0166825423702	0.0534833431919
-asa	0.0777999430037	0.882302650328	0.00398974066685	0.0359076660017
-saƚ	0.10301597891	0.86964155955	0.0143222417594	0.0130202197813
-arö	0.436701864229	0.127498029931	0.0230880350269	0.412712070812
-adö	0.148999441864	0.0789517948512	0.0194015113927	0.752647251892
-ƚɨŋ	0.148528472746	0.761055320137	0.0675683520056	0.0228478551112
-dra	0.0	0.992356687898	0.00764331210193	0.0
-yel	0.0189873417721	0.981012658228	0.0	0.0
-yen	0.0277777777778	0.916666666667	0.0555555555556	0.0
-dri	0.327176781003	0.047493403694	0.0	0.625329815303
-böñ	0.00619195046438	0.993808049536	0.0	0.0
-köm	0.473439775177	0.190733979544	0.024936201625	0.310890043654
-wös	0.147327471415	0.633565902563	0.18405616877	0.0350504572517
-ɨla	0.364120044824	0.0709661427325	0.0101443042149	0.554769508228
-ɨlo	0.613071895425	0.135947712418	0.109803921569	0.141176470588
-430	0.512195121951	0.0487804878049	0.0	0.439024390244
-rau	0.490157961307	0.278961968551	0.136203898008	0.0946761721333
-knö	0.474303527909	0.239661410464	0.207203109401	0.0788319522254
-ras	0.065637065637	0.856017717981	0.0221474761352	0.0561977402468
-rap	0.282854656223	0.317885117494	0.141427328111	0.257832898172
-lɨp	0.0344729138472	0.031074779776	0.00587659890151	0.928575707475
-ran	0.275961180207	0.512576217258	0.0565087025176	0.154953900017
-wög	0.239716515064	0.569278613641	0.0479897119843	0.14301515931
-ral	0.275702155454	0.396742726815	0.215379426283	0.112175691448
-ram	0.162427238915	0.312767306608	0.00676054584328	0.518044908634
-raj	0.0891955821274	0.184332569704	0.695181687806	0.0312901603621
-rak	0.561229868228	0.158067349927	0.0360761346999	0.244626647145
-ero	0.0643842616249	0.882473173224	0.0408788962698	0.012263668881
-era	0.0813810110974	0.86683107275	0.0147965474722	0.0369913686806
-röp	0.448697169929	0.280762997133	0.0674479491336	0.203091883805
-rab	0.46891078353	0.311646574226	0.0700092037962	0.149433438448
-ere	0.798561151079	0.201438848921	0.0	0.0
-inö	0.199784895079	0.134456467946	0.0349217679417	0.630836869033
-kuö	0.432582626499	0.416496051477	0.107048844691	0.0438724773325
-ugu	0.156307770766	0.449735449735	0.348058902276	0.0458978772232
-ela	0.1	0.7	0.0611111111111	0.138888888889
-pos	0.0115942028985	0.988405797101	0.0	0.0
-arɨ	0.367452486077	0.497863734166	0.0922291100512	0.0424546697061
-opa	0.0228195997793	0.959952856211	0.00769848036511	0.00952906364411
-gön	0.159900458584	0.734671747352	0.0812570230114	0.024170771053
-pol	0.070931540599	0.829313689616	0.00736574707672	0.092389022708
-pom	0.0	0.333333333333	0.666666666667	0.0
-ugo	0.102097299957	0.8333230826	0.0202964511963	0.0442831662464
-nno	0.618528610354	0.324250681199	0.0245231607629	0.0326975476839
-ñañ	0.403651115619	0.559837728195	0.0	0.0365111561866
-yɨs	0.0256052952448	0.905765546072	0.0654938164083	0.00313534227486
-yɨp	0.0593038930383	0.0086518414819	0.00202636010751	0.930017905372
-böŋ	0.182404639789	0.391583912345	0.0897723893941	0.336239058472
-uju	0.773195876289	0.164948453608	0.020618556701	0.0412371134021
-lab	0.543515358362	0.392491467577	0.0307167235495	0.033276450512
-iko	0.0200601805416	0.962888665998	0.0170511534604	0.0
-lam	0.127027027027	0.838513513513	0.0213963963964	0.0130630630631
-lan	0.0	0.988267883331	0.0117321166694	0.0
-nos	0.0	1.0	0.0	0.0
-gaŋ	0.139620084911	0.0824245257971	0.178932813307	0.599022575985
-lai	0.271159874608	0.57210031348	0.0282131661442	0.128526645768
-iki	0.0	1.0	0.0	0.0
-lak	0.179400893694	0.770949412479	0.0397197550615	0.00992993876537
-uja	0.0	1.0	0.0	0.0
-nok	0.0116279069767	0.96511627907	0.0116279069767	0.0116279069767
-iks	0.100536734576	0.843481272003	0.0103884111502	0.0455935822704
-yɨg	0.329268292683	0.524390243902	0.109756097561	0.0365853658537
-non	0.0	0.926380368098	0.0736196319018	0.0
-las	0.0588440177943	0.886030130371	0.0430013976189	0.0121244542159
-noa	0.0	1.0	0.0	0.0
-ruö	0.0376338386515	0.469786918266	0.402311035726	0.0902682073572
-agi	0.0663716814159	0.933628318584	0.0	0.0
-yɨm	0.535046320573	0.306764551652	0.0908932004894	0.0672959272854
-dem	0.405331213629	0.205458302317	0.0579557750769	0.331254708977
-myu	0.0	1.0	0.0	0.0
-dos	0.0164835164835	0.818681318681	0.0	0.164835164835
-gem	0.070403268261	0.0798436929579	0.0127260675964	0.837026971185
-egö	0.301620189532	0.165245745729	0.0423898644747	0.490744200265
-bol	0.128421900161	0.730676328502	0.110305958132	0.0305958132046
-ɨƚɨ	0.544751805449	0.222968896524	0.138149330749	0.0941299672773
-göl	0.302355272161	0.199164950224	0.0719253274631	0.426554450152
-göm	0.150523355277	0.0563378777709	0.0265773863473	0.766561380605
-geg	0.53683319221	0.209144792549	0.0753598645216	0.17866215072
-ged	0.212389380531	0.734513274336	0.0	0.0530973451327
-waƚ	0.622031156891	0.159615220907	0.0868306801736	0.131522942028
-dog	0.452922598068	0.305671259212	0.0491600677438	0.192246074976
-göp	0.438114633396	0.180345506592	0.113346150756	0.268193709256
-don	0.0331525015069	0.946955997589	0.00904159132007	0.0108499095841
-gep	0.0877248449179	0.764197597126	0.0949322379818	0.0531453199746
-dok	0.0	1.0	0.0	0.0
-sas	0.0145948761943	0.723792405434	0.00418071050081	0.257432007871
-gla	0.596161829544	0.0686364171678	0.0239161557203	0.311285597568
-cɨŋ	0.0	1.0	0.0	0.0
-bor	0.00872093023255	0.991279069767	0.0	0.0
-ñaŋ	0.559427953371	0.236990746305	0.0302848215358	0.173296478789
-dɨŋ	0.16169503425	0.325961950705	0.0269588412664	0.485384173779
-iaŋ	0.39112511001	0.480568808189	0.0597526518135	0.0685534299875
-mpa	0.315789473684	0.684210526316	0.0	0.0
-iud	0.263383367434	0.432479313404	0.0360680077495	0.268069311413
-ges	0.0740740740741	0.888888888889	0.037037037037	0.0
-ibi	0.246575342466	0.753424657534	0.0	0.0
-sad	0.220881580228	0.697382504622	0.0408679575751	0.0408679575752
-sak	0.0386367778385	0.93657736468	0.00801895389103	0.0167669035903
-ibe	0.359779133973	0.44434757338	0.105492589364	0.0903807032838
-400	0.701492537313	0.119402985075	0.0298507462686	0.149253731343
-ɨhö	0.414746543779	0.308755760369	0.231252618349	0.0452450775032
-sam	0.140371229698	0.859628770302	0.0	0.0
-lon	0.0793101926104	0.526306327862	0.0140393819217	0.380344097606
-dom	0.0544267053701	0.932510885341	0.00435413642961	0.00870827285921
-lok	0.0322580645161	0.967741935484	0.0	0.0
-beŋ	0.266693016036	0.0730725478171	0.310013708996	0.35022072715
-nöŋ	0.0706980734011	0.644573135812	0.00954701316745	0.275181777619
-lod	0.0348855290476	0.901011292739	0.0416489575964	0.0224542206172
-esi	0.00899550224889	0.991004497751	0.0	0.0
-rod	0.0345025595914	0.887060318391	0.054124057716	0.0243130643013
-ñeb	0.0828731518714	0.837032914305	0.0383972027735	0.0416967310498
-hai	0.725724107541	0.144459732549	0.0546035690139	0.0752125908962
-rol	0.283239897278	0.526457330318	0.127635465787	0.0626673066171
-rom	0.0714343385411	0.623047111542	0.267167252029	0.0383512978887
-ron	0.0352187833511	0.956243329776	0.0042689434365	0.0042689434365
-lor	0.0246305418719	0.778325123153	0.177339901478	0.0197044334975
-haj	0.383016199856	0.583492520281	0.0245602718995	0.00893100796348
-lop	0.268370607029	0.635782747604	0.0	0.0958466453675
-ŋaŋ	0.23233535635	0.582716488671	0.0777750492389	0.10717310574
-goɫ	0.745679012346	0.202469135802	0.0222222222222	0.0296296296296
-mar	0.790513833992	0.0474308300395	0.0830039525692	0.0790513833992
-agö	0.25976191128	0.356950898914	0.040383380686	0.34290380912
-win	0.217054263566	0.68992248062	0.0639534883721	0.0290697674418
-ƚɨp	0.249957281877	0.633991122966	0.0714163662506	0.0446352289066
-ipa	0.0258142340169	0.957297949337	0.00723763570567	0.00965018094088
-wim	0.147430497051	0.817186183656	0.0252737994945	0.0101095197978
-riŋ	0.0237762237762	0.80979020979	0.118881118881	0.0475524475524
-ein	0.0	1.0	0.0	0.0
-ƚɨk	0.457151238274	0.422227454	0.0870265137968	0.0335947939289
-ƚɨj	0.175235816862	0.7791317396	0.0267700836655	0.0188623598724
-ɨɫa	0.496005326232	0.186418109188	0.195073235686	0.122503328895
-pid	0.0156396621833	0.972273113186	0.000670271236427	0.0114169533938
-ƚɨc	0.596314907873	0.242881072027	0.130653266332	0.0301507537688
-ƚɨb	0.504372797285	0.320193186268	0.175434016447	0.0
-dɨƚ	0.516685414323	0.401199850019	0.0509936257968	0.0311211098612
-ƚɨg	0.0438773791477	0.94012127337	0.0	0.0160013474819
-hap	0.0453686200378	0.931947069943	0.0	0.0226843100189
-baŋ	0.267722473605	0.523001508296	0.179523091288	0.0297529268117
-hoŋ	0.632085957762	0.232943418197	0.0629862912189	0.0719843328217
-har	0.44	0.4	0.08	0.08
-eia	0.64921692801	0.0802893092081	0.0201413402142	0.250352422567
-has	0.0	1.0	0.0	0.0
-ñɨn	0.0673092772162	0.624725634213	0.0075553674564	0.300409721114
-ñɨl	0.449209257113	0.289752121733	0.176468388978	0.0845702321756
-joŋ	0.282537606279	0.63113145847	0.0156965336822	0.0706344015696
-ñɨb	0.175092135749	0.733192936001	0.0697368358962	0.0219780923535
-apö	0.109029091795	0.863534311092	0.0161391747723	0.0112974223406
-ñɨg	0.300833049515	0.511667365097	0.0382044544387	0.149295130949
-mal	0.15	0.85	0.0	0.0
-ɨhi	0.222234904691	0.596963816916	0.100331012442	0.0804702659515
-nki	0.0429581094015	0.952072443496	0.0	0.00496944710296
-iɨk	0.142813051442	0.470595339537	0.363564388323	0.0230272206976
-276	0.0	0.16393442623	0.0	0.83606557377
-iɨn	0.459459459459	0.297297297297	0.162162162162	0.0810810810811
-goŋ	0.371187656979	0.420284654946	0.0894031814376	0.119124506638
-iɨl	0.703703703704	0.296296296296	0.0	0.0
-pim	0.415681754624	0.169257574428	0.0538310090849	0.361229661864
-pin	0.523950837715	0.164421878277	0.0400652850137	0.271561998994
-glö	0.274058674804	0.252754975195	0.0711705743978	0.402015775603
-ƚpi	0.594704684318	0.329938900204	0.0	0.0753564154786
-jɨm	0.239833343719	0.376024015895	0.0556990216552	0.328443618731
-glo	0.46765782312	0.267974206695	0.0793103910555	0.185057579129
-ɨhu	0.767716926747	0.219361892456	0.0	0.0129211807971
-bis	0.043425814234	0.593486127865	0.334137515078	0.0289505428227
-ilo	0.356836141883	0.507415292462	0.0476310756685	0.0881174899866
-jɨn	0.363152196504	0.175939546901	0.190102280257	0.270805976338
-rɨl	0.16073871409	0.818741450068	0.0205198358413	0.0
-alö	0.0717772126578	0.160773493701	0.0769365079743	0.690512785667
-nɨn	0.329888704575	0.468930830954	0.146834734974	0.0543457294962
-raŋ	0.258467811448	0.442709699663	0.0463808959878	0.2524415929
-isa	0.105105804182	0.879529892217	0.0139675487285	0.00139675487285
-200	0.0481455064193	0.457917261056	0.0998573466477	0.394079885877
-aij	0.178234655163	0.192714723672	0.277386356566	0.351664264598
-iul	0.533484072621	0.374077276052	0.0751479683448	0.017290682982
-ƚno	0.165280857354	0.471175166297	0.291943828529	0.0716001478196
-mug	0.661351773955	0.205959433568	0.0198207324862	0.112868059991
-lek	0.0	1.0	0.0	0.0
-ois	0.132530120482	0.867469879518	0.0	0.0
-ion	0.0943606301843	0.885180649112	0.0137783221066	0.00668039859712
-lea	0.0	1.0	0.0	0.0
-leb	0.0420134760206	0.0269520412208	0.266349583829	0.66468489893
-mun	0.42611022835	0.295367459772	0.0928723251769	0.185649986701
-kem	0.381790951991	0.405572352991	0.0726920794597	0.139944615559
-muk	0.605649717514	0.297175141243	0.0248587570621	0.0723163841808
-iod	0.0162122328666	0.979366249079	0.0	0.00442151805454
-ɨñɨ	0.273005544816	0.420542221668	0.233561592035	0.0728906414817
-döŋ	0.303604171119	0.430778637878	0.12887386526	0.136743325743
-kɨn	0.0161918450788	0.9479416035	0.0107253674667	0.0251411839543
-lep	0.352003332304	0.41349535225	0.109341223616	0.12516009183
-ior	0.153031028592	0.786788229826	0.0378278947082	0.022352846873
-ler	0.0381751857253	0.78049268208	0.141248187184	0.0400839450115
-les	0.0416666666667	0.916666666667	0.0416666666667	0.0
-dnö	0.462167015864	0.274588446573	0.0387608500449	0.224483687519
-udö	0.448351421721	0.273388157047	0.0710731870795	0.207187234152
-ŋlö	0.44294275795	0.191807509361	0.057405956975	0.307843775714
-alu	0.510469855249	0.388579191455	0.0496556893241	0.0512952639715
-iba	0.0	0.932330827068	0.0676691729323	0.0
-alo	0.559149722736	0.306531115219	0.0733210104744	0.0609981515712
-gim	0.56276221247	0.267010657279	0.0549742007041	0.115252929546
-ŋlo	0.191489361702	0.255319148936	0.0	0.553191489362
-meb	0.144782548284	0.786855634292	0.0566671298226	0.0116946876013
-ali	0.299365376613	0.493601747815	0.177382438618	0.0296504369538
-ale	0.105398796887	0.0364283659638	0.00934428681928	0.84882855033
-uöƚ	0.0	0.40715553788	0.581999746349	0.0108447157705
-ala	0.314230769231	0.576865384615	0.0742884615385	0.0346153846154
-abö	0.117453249494	0.6012770736	0.0908447740437	0.190424902862
-120	0.0384615384615	0.0	0.0	0.961538461538
-mön	0.419342364923	0.239345751738	0.0548615292804	0.286450354059
-ñim	0.721997300945	0.209176788124	0.0445344129554	0.0242914979757
-ɨdö	0.238195494196	0.411551245543	0.0579485648257	0.292304695436
-una	0.551517351173	0.284415702254	0.0933919542031	0.07067499237
-gpe	0.472923190564	0.271199397018	0.0646837673371	0.19119364508
-mla	0.479846757204	0.127984232147	0.336094964308	0.0560740463399
-yon	0.0350877192982	0.964912280702	0.0	0.0
-uƚö	0.442722371968	0.254043126685	0.291105121294	0.0121293800539
-bɨŋ	0.431393087768	0.443907347798	0.0994226256966	0.0252769387364
-ɨse	0.20325203252	0.69475240207	0.0554323725056	0.0465631929046
-waŋ	0.268778605402	0.363307308026	0.209817822848	0.158096263723
-mlo	0.607594936709	0.151898734177	0.0379746835443	0.20253164557
-iel	0.196287351204	0.756649599677	0.0281230415468	0.0189400075723
-ped	0.156280027454	0.366197666438	0.390700068634	0.0868222374743
-peb	0.0383528548933	0.900914601264	0.0451800081969	0.0155525356457
-pem	0.693916227891	0.144319812244	0.0243213054061	0.137442654458
-pen	0.0545023674133	0.0293174314736	0.0125819497554	0.903598251358
-ros	0.111187792347	0.772256728778	0.0598113641592	0.0567441147151
-gwo	0.366167023555	0.329764453961	0.160599571734	0.143468950749
-möl	0.49035027415	0.244470899914	0.111671892554	0.153506933382
-möm	0.538548152058	0.148728126097	0.0818648075862	0.230858914259
-153	0.0	0.0	0.130434782609	0.869565217391
-eli	0.0258620689655	0.961206896552	0.0129310344828	0.0
-elo	0.33612565445	0.525654450262	0.138219895288	0.0
-mög	0.0690845966042	0.718952003441	0.145075796255	0.0668876036996
-möb	0.374537248339	0.187509508596	0.356635732035	0.0813175110299
-ryö	0.22934640731	0.67132533189	0.0434561141002	0.0558721467002
-rɨb	0.497683374129	0.213245801018	0.0556390970747	0.233431727778
-pna	0.207492094381	0.707856969107	0.0481634638774	0.0364874726344
-höp	0.0891108121807	0.030541583811	0.124709517682	0.755638086326
-rɨk	0.366805545424	0.247394227818	0.045985622207	0.339814604551
-bɨƚ	0.153045206554	0.066892380765	0.229860900685	0.550201511996
-rɨm	0.366120218579	0.263856362217	0.351288056206	0.0187353629976
-rid	0.181368801916	0.703765988891	0.0193650308312	0.095500178362
-rɨn	0.503279320988	0.242091049383	0.135030864197	0.119598765432
-ŋöb	0.662171524959	0.182258816088	0.0357429761214	0.119826682832
-rɨp	0.391111111111	0.543703703704	0.0325925925926	0.0325925925926
-paƚ	0.233160621762	0.59274611399	0.161658031088	0.0124352331606
-eso	0.0	1.0	0.0	0.0
-esa	0.0	0.949818790075	0.0	0.0501812099247
-hön	0.275904526615	0.129809727688	0.0130770279698	0.581208717727
-jöŋ	0.131152225159	0.804128866348	0.0255732552325	0.0391456532609
-jal	0.464499365521	0.33397788386	0.0770439301468	0.124478820473
-ŋöl	0.347603223675	0.0554695269738	0.0194732140803	0.577454035271
-ŋöm	0.316446955879	0.045486048046	0.015630373981	0.622436622094
-spa	0.0462962962963	0.916666666667	0.0370370370371	0.0
-ajɨ	0.230535894843	0.599595551062	0.133468149646	0.0364004044489
-bru	0.0898876404494	0.842696629214	0.0370786516854	0.0303370786517
-udu	0.323476161738	0.147857573929	0.514182257091	0.014484007242
-sɨp	0.564991334489	0.263431542461	0.17157712305	0.0
-sɨr	0.564427312775	0.359030837004	0.023127753304	0.0534140969163
-sɨs	0.0839250861675	0.889407970322	0.00898356934236	0.0176833741677
-bul	0.41399361067	0.392453411518	0.0640182262996	0.129534751513
-wɨñ	0.686083398464	0.19770877828	0.0438433342668	0.072364488989
-uda	0.120856299208	0.696057654637	0.109307861654	0.073778184502
-sɨm	0.566037735849	0.188679245283	0.150943396226	0.0943396226415
-sɨn	0.344213649852	0.629080118694	0.026706231454	0.0
-sɨb	0.259335863291	0.605182633079	0.0558102910475	0.0796712125822
-ɫön	0.148401826484	0.452054794521	0.0456621004566	0.353881278539
-ŋla	0.511214540691	0.0596913004725	0.00776674481604	0.42132741402
-abu	0.217436609934	0.634595345606	0.100034734283	0.0479333101771
-haŋ	0.397101449275	0.420289855072	0.130434782609	0.0521739130435
-mlö	0.469075980728	0.318147285746	0.11767198142	0.0951047521064
-huk	0.371043238506	0.559386154274	0.0231902024067	0.0463804048133
-ɨdu	0.218045112782	0.691729323308	0.0	0.0902255639098
-uöp	0.574463935851	0.221114090719	0.042862537404	0.161559436026
-ñon	0.181034482759	0.76724137931	0.0517241379311	0.0
-abe	0.13260764274	0.278006937044	0.0125434850175	0.576841935198
-hib	0.312403065612	0.559449713472	0.0741432053679	0.0540040155488
-ade	0.141679343692	0.540896990112	0.0743235901337	0.243100076062
-aba	0.116504854369	0.797503467406	0.0145631067961	0.0714285714286
-abi	0.37345971564	0.557345971564	0.0312796208531	0.0379146919431
-aiŋ	0.056338028169	0.140845070423	0.105633802817	0.697183098592
-ƚep	0.293416536661	0.209472698908	0.341266770671	0.15584399376
-sɨk	0.640947525491	0.180050334336	0.0355405249202	0.143461615252
-kob	0.804400977995	0.151589242054	0.0440097799511	0.0
-kom	0.0806831566548	0.901648998822	0.0106007067138	0.00706713780919
-ñem	0.410561412995	0.3533387402	0.148238262593	0.0878615842119
-ael	0.0	1.0	0.0	0.0
-sos	0.143661971831	0.788732394366	0.0	0.0676056338028
-los	0.0229791835631	0.965125709651	0.00216274668829	0.00973236009733
-ƚeb	0.37266023823	0.312875779921	0.282699943278	0.0317640385706
-sol	0.0501569486984	0.913298635653	0.0174868693792	0.0190575462695
-son	0.0195185426155	0.968770331815	0.00780741704619	0.0039037085231
-kop	0.00244233378562	0.989959294437	0.00108548168249	0.00651289009498
-kos	0.0115384615384	0.976923076923	0.0115384615385	0.0
-gwö	0.0262284551975	0.0723353185448	0.890392666175	0.0110435600832
-uai	0.311926605505	0.614678899083	0.0	0.0733944954128
-mgö	0.392077755569	0.456607442775	0.0764248870958	0.0748899145606
-ora	0.0372670807453	0.863354037267	0.0372670807453	0.0621118012422
-ƚem	0.577290905929	0.234915666841	0.146061554512	0.0417318727178
