-ivu	0.0832337984651	0.778460416115	0.0680890020527	0.0702167833669
-heu	0.351447296559	0.323593664664	0.0882941926088	0.236664846168
-eus	0.344262295082	0.16393442623	0.295081967213	0.196721311475
-iva	0.1239800986	0.815571893127	0.0548966605741	0.0055513476985
-ive	0.275950751951	0.484714025169	0.0674924213175	0.171842801563
-ivi	0.31757923579	0.324232760597	0.0348545377097	0.323333465903
-aua	0.194447917969	0.644554207828	0.101913217457	0.0590846567462
-aue	0.274509803922	0.560784313726	0.164705882353	0.0
-nti	0.0543689320388	0.0595469255663	0.0504854368932	0.835598705502
-uae	0.171936906631	0.585108768782	0.180159976078	0.0627943485086
-uai	0.279003698312	0.380452288618	0.0807045194268	0.259839493644
-kia	0.200478645066	0.781296023564	0.0182253313697	0.0
-uau	0.338914256722	0.33231861999	0.118721461187	0.2100456621
-kie	0.128631735783	0.397318102806	0.407996026819	0.0660541345915
-hei	0.383040935673	0.497076023392	0.0263157894737	0.093567251462
-dea	0.0421404405925	0.859531864692	0.0913042879505	0.00702340676542
-dee	0.685314685315	0.291375291375	0.0	0.02331002331
-dei	0.51682787938	0.219245501767	0.00954773298173	0.254378885871
-400	0.444444444444	0.180555555556	0.0277777777778	0.347222222222
-ima	0.422062718115	0.308596987717	0.0788544149222	0.190485879246
-ime	0.317794347892	0.226522267369	0.0640420702206	0.391641314518
-deu	0.257536080647	0.146626237965	0.033471814763	0.562365866625
-imi	0.0138431114041	0.978246539222	0.00791034937376	0.0
-oka	0.080323645518	0.819301184284	0.0594590888164	0.0409160813816
-imo	0.168320273156	0.519005514944	0.085496796977	0.227177414923
-biu	0.0405594208216	0.881539395137	0.016935040009	0.0609661440325
-obo	0.184049856864	0.552782914904	0.132191624655	0.130975603577
-idi	0.0417825928465	0.925938641778	0.0160109525867	0.0162678127886
-oba	0.142001710864	0.773310521814	0.0153977758768	0.0692899914457
-obe	0.23539683172	0.51884418016	0.0315186281007	0.21424036002
-bie	0.185857572023	0.159438142016	0.0797563364139	0.574947949547
-bia	0.03454590719	0.0719376254302	0.0196398145484	0.873876652831
-obu	0.0360222038503	0.543285697413	0.0389748435101	0.381717255226
-100	0.209503938759	0.26152520267	0.00638083062209	0.522590027949
-uta	0.29533822984	0.163632207903	0.0808627892307	0.460166773026
-teu	0.237227534498	0.373311061881	0.208293520753	0.181167882867
-ute	0.110314327365	0.335694097774	0.437737751579	0.116253823282
-uti	0.215748669133	0.422967151373	0.0356725678118	0.325611611682
-uto	0.414342629482	0.490039840638	0.0956175298804	0.0
-tea	0.168325041459	0.489082365948	0.268656716418	0.0739358761747
-tee	0.266599780439	0.600791002348	0.132609217213	0.0
-utu	0.0288382312551	0.806097226037	0.0236198846471	0.141444658061
-sia	0.0448928678162	0.915700159821	0.0200621093801	0.0193448629826
-meu	0.402121766561	0.402288394601	0.12765770367	0.0679321351674
-luu	0.199423631124	0.71469740634	0.028818443804	0.057060518732
-mee	0.457170589663	0.298228585295	0.165979131279	0.0786216937637
-lui	0.601818181818	0.272727272727	0.0545454545455	0.0709090909091
-mea	0.107574793125	0.632718014004	0.0	0.259707192871
-lua	0.430403994796	0.310966355374	0.119402993415	0.139226656414
-mei	0.561098006884	0.195684613791	0.059795588076	0.183421791249
-lue	0.151808419391	0.733912557834	0.0471186658831	0.0671603568923
-vuu	0.27536922344	0.451326028267	0.0929013816103	0.180403366683
-vue	0.144388695726	0.21788965742	0.0657133126921	0.572008334162
-vui	0.378588367077	0.243728922626	0.0894931896994	0.288189520598
-ubu	0.0686498777753	0.816084251099	0.0505652636191	0.0647006075066
-ili	0.0304180334122	0.855042337325	0.036635136166	0.0779044930964
-ube	0.702770780856	0.214105793451	0.0226700251889	0.0604534005037
-umu	0.101549186483	0.65106271286	0.120916422252	0.126471678406
-ota	0.0873469233594	0.179425926058	0.0915240470829	0.6417031035
-ote	0.148939014692	0.400069682237	0.335783831533	0.115207471538
-oti	0.106608537807	0.688218101597	0.036583660136	0.16858970046
-oto	0.167196618547	0.218295270033	0.00516288429432	0.609345227126
-ume	0.059891746469	0.785094321494	0.0739839221087	0.0810300099286
-uma	0.381151408591	0.194442805491	0.0513497255114	0.373056060406
-umo	0.152723717181	0.320176238018	0.0267546721131	0.500345372688
-umi	0.0	0.953198127925	0.0	0.0468018720749
-ako	0.365983162262	0.243126088115	0.102797788299	0.288092961324
ALL	0.236911976517	0.273547826299	0.05153273012	0.438007467064
-nai	0.213575930763	0.417664229928	0.165939703296	0.202820136013
-ige	0.141529143996	0.0669638756014	0.0211308948217	0.770376085581
-aki	0.0864950217115	0.417886749419	0.210518005176	0.285100223694
-siu	0.133813558704	0.786562447544	0.0147424809698	0.0648815127829
-nae	0.0680372812558	0.836630073611	0.055880184523	0.0394524606106
-kiu	0.0487951807229	0.868072289157	0.0451807228916	0.0379518072289
-aku	0.03418230563	0.957774798928	0.0	0.00804289544236
-sie	0.0821067706261	0.87906754714	0.0151165566075	0.0237091256265
-nau	0.161323859312	0.635577892543	0.129738345805	0.07335990234
-mou	0.0736370073165	0.892848713713	0.01557705924	0.017937219731
-amu	0.030593327271	0.900113491375	0.0483571947188	0.0209359866348
-goe	0.134075511484	0.645053901942	0.135605717928	0.085264868646
-moe	0.0891226444333	0.834544214489	0.0367529938524	0.0395801472256
-gou	0.270646766169	0.631177446103	0.0723051409618	0.0258706467662
-moi	0.564552365125	0.165167198405	0.0246206875327	0.245659748937
-beu	0.166120111591	0.401435824238	0.0803148146814	0.35212924949
-dae	0.101732916365	0.591679158482	0.0348263206864	0.271761604466
-bei	0.396226415094	0.528301886792	0.0754716981132	0.0
-216	0.0	0.492900608519	0.0405679513184	0.466531440162
-bea	0.0	0.941747572816	0.0	0.0582524271845
-iso	0.0130879541555	0.971092600854	0.0043661668174	0.0114532781732
-amo	0.149765655802	0.431346133361	0.0636056773783	0.355282533458
-isi	0.22958864294	0.0939076908699	0.0229081132901	0.6535955529
-isa	0.00980445558037	0.962416253609	0.0245111389509	0.00326815186013
-eve	0.295542468804	0.233667922609	0.0599398198127	0.410849788774
-eva	0.345702611844	0.537698474269	0.00868890612878	0.107910007758
-isu	0.252279635258	0.656534954407	0.0638297872341	0.0273556231003
-evi	0.129801230707	0.634714353212	0.0344220200811	0.201062396
-avi	0.0897170462389	0.739590522199	0.0363469059121	0.13434552565
-hae	0.299183330713	0.290742295841	0.143912451447	0.266161922
-avo	0.490114092819	0.372364060065	0.0822594447836	0.0552624023326
-hai	0.435115049486	0.189161140134	0.0519849880007	0.323738822379
-hal	0.0	0.913669064748	0.0863309352518	0.0
-ave	0.302694466903	0.34612301521	0.119176784353	0.232005733534
-mai	0.19156689032	0.05909263897	0.0109158146774	0.738424656033
-hau	0.30119047619	0.456696428571	0.077380952381	0.164732142857
-mae	0.0443851920042	0.887840090122	0.0239937342284	0.0437809836452
-avu	0.358053757112	0.325289385913	0.0682754561507	0.248381400824
-uni	0.0940959409594	0.712177121771	0.193726937269	0.0
-une	0.0864900645138	0.725197362994	0.0558251775845	0.132487394908
-una	0.204063828386	0.0956224590946	0.0269879604194	0.6733257521
-unu	0.556632187735	0.176048074833	0.0251188640009	0.242200873431
-666	0.125	0.47619047619	0.0714285714285	0.327380952381
-gae	0.0860148331725	0.258291364061	0.112559349688	0.543134453078
-ade	0.19368040354	0.222153484978	0.00571047872847	0.578455632753
-ika	0.355732842981	0.147610182166	0.111458623102	0.385198351752
-ada	0.159879737629	0.476352733815	0.0227937241766	0.340973804379
-gai	0.272125609423	0.220824791821	0.139446503183	0.367603095573
-adi	0.252848208923	0.727671347307	0.0	0.0194804437692
-gau	0.262010946686	0.278988445165	0.20824042165	0.250760186499
-adu	0.191869041343	0.743686395153	0.0644445635044	0.0
-ohu	0.135859404213	0.0921101832232	0.0157048485604	0.756325564004
-ina	0.245469068982	0.575383893141	0.0519268549275	0.127220182949
-see	0.409026798307	0.2341325811	0.19605077574	0.160789844852
-ine	0.550561797753	0.271535580524	0.132958801498	0.0449438202247
-sea	0.525796048649	0.106121915873	0.022723387082	0.345358648396
-ohe	0.107623318386	0.892376681614	0.0	0.0
-oha	0.785714285714	0.178571428571	0.0	0.0357142857143
-uia	0.0225760974953	0.923233890706	0.0286259013993	0.0255641103991
-seu	0.0817247162155	0.866877329731	0.00265851486484	0.0487394391888
-oho	0.208299964033	0.139407766485	0.0216357412498	0.630656528233
-uie	0.171773347324	0.471458551941	0.25519412382	0.101573976915
-inu	0.427292922143	0.167539486101	0.0600959211064	0.34507167065
-iae	0.139450056117	0.438580246914	0.0793771043771	0.342592592593
-eda	0.147540983607	0.852459016393	0.0	0.0
-noi	0.406213181787	0.19952872687	0.138523113175	0.255734978169
-neu	0.181989157497	0.685968873608	0.0425185648233	0.0895234040719
-iai	0.439678986345	0.161409662367	0.0438924713979	0.35501887989
-edo	0.149606299213	0.850393700787	0.0	0.0
-iau	0.202773225373	0.476280187493	0.0318484226959	0.289098164438
-kue	0.0	0.957173447537	0.0385438972163	0.00428265524625
-nei	0.231746386388	0.732316308872	0.0103381287608	0.0255991759792
-aoi	0.604332327941	0.160542911982	0.0714285714286	0.163696188648
-nee	0.253578719977	0.632352237548	0.0820433491623	0.0320256933134
-nea	0.0	1.0	0.0	0.0
-eka	0.150205761317	0.825102880659	0.0246913580247	0.0
-hoa	0.150306748466	0.840490797546	0.00920245398774	0.0
-hoe	0.215819535825	0.403369243005	0.0444653315017	0.336345889668
-eki	0.0249672731412	0.920848431957	0.0138116830143	0.0403726118879
-hoi	0.498313011192	0.101468851269	0.0194144009777	0.380803736562
-eko	0.378947368421	0.526315789474	0.0631578947368	0.0315789473684
-vee	0.283582089552	0.485074626866	0.223880597015	0.00746268656717
-hou	0.267995926462	0.531811116471	0.10907434207	0.091118614997
-bau	0.142753437149	0.785006683959	0.0215126109936	0.0507272678984
-asa	0.169102296451	0.718162839248	0.0062630480167	0.106471816284
-ovi	0.308585815599	0.335247471823	0.0115277707375	0.344638941841
-asi	0.0341751681608	0.936318958827	0.01575713576	0.0137487372519
-mba	0.15859030837	0.643171806168	0.011013215859	0.187224669603
-430	0.6875	0.0208333333333	0.0	0.291666666667
-vei	0.407796207215	0.183334014083	0.0420384341854	0.366831344516
-ugu	0.170327314813	0.788205564041	0.018727086969	0.0227400341766
-uge	0.161597825894	0.0705939940805	0.0191792463387	0.748628933687
-uga	0.0258571548403	0.0517817490312	0.304675422882	0.617685673246
-lae	0.181127748719	0.51366941656	0.0467341840667	0.258468650654
-ike	0.269933106053	0.22862919029	0.0482027598337	0.453234943823
-500	0.0598669623059	0.222838137472	0.0509977827051	0.666297117517
-iko	0.409700724484	0.406820158829	0.0483386907985	0.135140425888
-oui	0.117210299363	0.00877052763822	0.00151419953829	0.87250497346
-lai	0.246663733685	0.508432321455	0.104707435108	0.140196509752
-iki	0.0123929485303	0.891272531561	0.0908816225556	0.00545289735334
-lau	0.153386125946	0.534840216728	0.109696523248	0.202077134078
-noa	0.0	0.984480902008	0.0	0.015519097992
-noe	0.410256410256	0.392156862745	0.107088989442	0.0904977375566
-boe	0.174485035943	0.356354149981	0.25525793136	0.213902882716
-gei	0.34563578425	0.357948399251	0.102157527062	0.194258289438
-ahi	0.137239716478	0.0592381488938	0.0130570871142	0.790465047514
-aho	0.266415205957	0.227360078969	0.0640735284833	0.442151186591
-gea	0.0	0.956375838926	0.0	0.0436241610738
-aha	0.135308062383	0.427581541907	0.0533584592762	0.383751936433
-bou	0.0	1.0	0.0	0.0
-aka	0.036352845427	0.835764278844	0.0358216033537	0.0920612723751
-geu	0.202614379085	0.229318394024	0.0515406162465	0.516526610644
-ahu	0.136695602432	0.843053197208	0.0202512003603	0.0
-toe	0.148623919315	0.616022081585	0.0723997742328	0.162954224868
-sau	0.0	0.931260229133	0.0	0.0687397708674
-toa	0.654545454545	0.272727272727	0.0363636363636	0.0363636363636
-olu	0.526476159476	0.22314431913	0.0347000333682	0.215679488026
-toi	0.688220230474	0.281049935979	0.0307298335467	0.0
-voa	0.0513910355487	0.0127511591963	0.00231839258114	0.933539412674
-tou	0.424964554766	0.246474874443	0.0175903588962	0.310970211896
-voe	0.842065462537	0.0327067545414	0.00128600305179	0.123941779869
-olo	0.0824088952728	0.807469735095	0.052353248149	0.0577681214833
-voi	0.449913052505	0.273830026429	0.0470298276311	0.229227093436
-sai	0.40206185567	0.474226804124	0.0618556701031	0.0618556701031
-ole	0.0841375633915	0.0566204728063	0.0698192701111	0.789422693691
-iei	0.32582322357	0.611785095321	0.0363951473137	0.0259965337955
-loo	0.0619047619047	0.876190476191	0.0285714285714	0.0333333333333
-loi	0.59375	0.328125	0.0	0.078125
-loe	0.140785985166	0.668143325391	0.0714837064134	0.11958698303
-loa	0.723404255319	0.148936170213	0.0	0.127659574468
-ava	0.0396955298697	0.704329079616	0.0108130072394	0.245162383275
-oki	0.0204651162791	0.74976744186	0.146976744186	0.0827906976745
-lou	0.0886086640709	0.763300590387	0.0174413203037	0.130649425239
-mau	0.0430114498063	0.929281788049	0.016536099312	0.0111706628331
-oke	0.288202075278	0.108618243525	0.0496564386458	0.553523242551
-276	0.0	0.307692307692	0.0	0.692307692308
-obi	0.111111111111	0.888888888889	0.0	0.0
-sti	0.0421052631579	0.322807017544	0.0	0.635087719298
-vti	0.014201183432	0.0568047337278	0.014201183432	0.914792899408
-sta	0.0	1.0	0.0	0.0
-oli	0.215617782788	0.523976853803	0.210458791188	0.04994657222
-ibo	0.0	0.84126984127	0.15873015873	0.0
-200	0.0513196480938	0.463587487781	0.0733137829912	0.411779081134
-ibi	0.114044311846	0.849836153771	0.0251638462291	0.0109556881542
-mue	0.0881811605373	0.819781495404	0.0604909752474	0.0315463688118
-lei	0.25437564158	0.0412097785467	0.0148583519827	0.689556227891
-ioi	0.205647367845	0.135602495349	0.0919338951516	0.566816241655
-mua	0.159737417943	0.347921225383	0.0619985412108	0.430342815463
-lem	0.438596491228	0.421052631579	0.140350877193	0.0
-lea	0.199327578877	0.58924129924	0.135085696768	0.0763454251156
-mui	0.534153952843	0.26213592233	0.0360610263523	0.167649098474
-muu	0.0988111607466	0.834246728554	0.0327638045487	0.0341783061508
-oia	0.00361663652802	0.822784810127	0.173598553345	0.0
-ibe	0.261654869417	0.489382474982	0.133268245057	0.115694410544
-ida	0.00912547528518	0.986311787072	0.0	0.00456273764259
-leu	0.111433696259	0.177409110714	0.027910170956	0.683247022071
-iou	0.0	1.0	0.0	0.0
-giu	0.015801948907	0.973663418488	0.00526731630233	0.00526731630233
-alu	0.569974529633	0.210939407523	0.085566637385	0.133519425459
-iba	0.0795511456851	0.873018714326	0.032214926765	0.0152152132243
-ali	0.213407484338	0.395323126403	0.0339486526628	0.357320736596
-nda	0.0	1.0	0.0	0.0
-gie	0.0675032453484	0.892254435309	0.0363479013415	0.00389441800086
-ale	0.323774831285	0.203110051575	0.0559201361348	0.417194981006
-nde	0.00919540229884	0.880459770115	0.032183908046	0.0781609195402
-ala	0.152357503969	0.739075019049	0.0395626324908	0.0690048444915
-uve	0.365080230751	0.382043188196	0.0793860819443	0.173490499109
-120	0.030303030303	0.0606060606061	0.0	0.909090909091
-uvi	0.699099099099	0.171171171171	0.0378378378378	0.0918918918919
-uvu	0.253353180967	0.538575082447	0.0225287091636	0.185543027422
-bui	0.0455464958983	0.135832805888	0.0361145239957	0.782506174218
-elu	0.253217852081	0.594568182466	0.0580195859273	0.0941943795253
-153	0.213333333333	0.04	0.08	0.666666666667
-eli	0.00500751126689	0.93790686029	0.0201731168181	0.0369125116246
-elo	0.0614665929067	0.508156616879	0.11377466347	0.316602126744
-ogo	0.169136557288	0.715076763178	0.0470836321472	0.0687030473876
-oga	0.133923361392	0.252295530278	0.49331111836	0.12046998997
-ela	0.248876578293	0.324269917744	0.145216797156	0.281636706806
-oge	0.449554216423	0.132182359381	0.0329158664668	0.385347557729
-ele	0.167450368722	0.502250243409	0.136551036532	0.193748351338
-esu	0.0274499363186	0.671510293366	0.0043173853914	0.296722384924
-ito	0.168103655224	0.0981276716029	0.0404081297554	0.693360543418
-esi	0.0476205904451	0.905094175381	0.0377275804582	0.0095576537161
-eso	0.0	1.0	0.0	0.0
-iti	0.194268841961	0.465812671394	0.0449108065606	0.295007680085
-esa	0.0	1.0	0.0	0.0
-ite	0.183456380608	0.225607791084	0.269516867799	0.32141896051
-ese	0.0937515910584	0.746339356803	0.0880747860842	0.0718342660547
-ita	0.16409969909	0.398709490404	0.139838969489	0.297351841017
-uda	0.0355704321064	0.941533657572	0.0167630771995	0.00613283312178
-udi	0.0710059171597	0.835798816568	0.0399408284023	0.0532544378698
-abu	0.096695186801	0.0406971429456	0.0104028553944	0.852204814859
-hui	0.242523160387	0.591733523367	0.0508034298063	0.114939886439
-hue	0.121445033676	0.427177731534	0.110872435166	0.340504799624
-abe	0.26089385021	0.380306320222	0.0624837293573	0.29631610021
-huu	0.547822433833	0.200112029127	0.0932642487046	0.158801288335
-abi	0.082020309791	0.499399851392	0.297311715282	0.121268123535
-koe	0.0518446247807	0.824849240606	0.11240786514	0.0108982694734
-koa	0.223880597015	0.261194029851	0.268656716418	0.246268656716
-vau	0.180582482788	0.573970831007	0.0116044892272	0.233842196977
-sou	0.0225565820742	0.895019760837	0.0124537748917	0.0699698821974
-tui	0.458893804727	0.161121713084	0.0552614183072	0.324723063882
-koi	0.290237467018	0.525065963061	0.0	0.184696569921
-kou	0.356192080876	0.0983454085931	0.0145914069082	0.530871103623
-aeu	0.094816687737	0.13811630847	0.105477487115	0.661589516678
-vae	0.135249824986	0.512764565698	0.0887915463921	0.263194062924
-soe	0.307254623044	0.598862019915	0.0938833570412	0.0
-vai	0.337878017697	0.114610745684	0.0314692864621	0.516041950156
-liu	0.0407057340895	0.694643982357	0.0257088846881	0.238941398866
-omu	0.073477956613	0.867739678097	0.0461861441567	0.0125962211337
-omi	0.0	0.981373690338	0.0	0.0186263096624
-lio	0.153319644079	0.795573807894	0.0	0.0511065480265
-omo	0.194203040743	0.442818776972	0.0311633836054	0.331814798679
-lie	0.166297525792	0.742493989405	0.0374682372252	0.0537402475787
-oma	0.326448003617	0.404987399347	0.107081317203	0.161483279833
-lia	0.0628424105704	0.864969384467	0.0254055215383	0.0467826834247
-ome	0.547875019973	0.304743395707	0.0120834590871	0.135298125233
-eau	0.211817124533	0.157052507535	0.0530300992625	0.57810026867
-144	0.0403100775193	0.0775193798448	0.0	0.882170542636
-oda	0.082519814421	0.807534312778	0.0635511308719	0.0463947419293
-eae	0.083775185578	0.822905620361	0.016967126193	0.0763520678685
-eai	0.151037512787	0.0835531817756	0.0302820450143	0.735127260423
-odi	0.0355409383869	0.930111662202	0.0331538604355	0.00119353897568
-odo	0.201923076923	0.690934065934	0.032967032967	0.0741758241758
-eho	0.21780371045	0.234768878048	0.0554447519625	0.49198265954
-ehi	0.178171422514	0.243675174599	0.108139696964	0.470013705923
-ehe	0.350108575565	0.0455636405196	0.0540972989447	0.550230484971
-eha	0.419889502762	0.387354205034	0.153468385513	0.0392879066912
-agi	0.105941005401	0.82675529705	0.047361861238	0.0199418363107
-/10	0.225832012678	0.643423137876	0.095087163233	0.0356576862124
-dua	0.0658058915818	0.0913796275442	0.386877531623	0.455936949251
-kea	0.0179203823015	0.960319153475	0.010240218458	0.0115202457652
-ini	0.120849335107	0.758004508318	0.0583420627183	0.0628040938566
-suu	0.00939353216867	0.636278274383	0.00258517136789	0.35174302208
-nue	0.0575539568345	0.769784172662	0.161870503597	0.0107913669065
-1/3	0.667611622962	0.074415308292	0.257973068746	0.0
-keu	0.442380853155	0.0104981427602	0.00277841608443	0.544342588001
-sue	0.532751501502	0.203641141141	0.00394144144144	0.259665915916
-nuu	0.470742358079	0.317903930131	0.127510917031	0.0838427947598
-sua	0.0	1.0	0.0	0.0
-die	0.302792176371	0.588959098445	0.0334808478893	0.0747678772945
-use	0.137254901961	0.823529411765	0.0	0.0392156862745
-dia	0.023271022944	0.943702654096	0.028557414573	0.00446890838738
-dio	0.0045045045045	0.988738738739	0.00675675675676	0.0
-diu	0.0955287249569	0.81835068209	0.0344964840122	0.0516241089413
-ovo	0.0991431551058	0.764150841126	0.0403326344728	0.0963733692954
-iha	0.534263959391	0.252538071066	0.121827411168	0.0913705583756
-vea	0.119636245459	0.767714753299	0.0748691342549	0.037779866987
-ove	0.252140345241	0.262375216337	0.0474240068908	0.438060431531
-iho	0.406557171533	0.296107806759	0.0791663157967	0.218168705912
-ova	0.162971026076	0.432008078901	0.0277179387638	0.377302956259
-uka	0.134091930743	0.74464301922	0.0509273188689	0.0703377311687
-veu	0.227678040065	0.553286342667	0.0802157338392	0.138819883429
-ihu	0.32931239888	0.171587969494	0.046069610206	0.45303002142
-uki	0.0	1.0	0.0	0.0
-ovu	0.0505021331311	0.570364580145	0.19255086032	0.186582426404
-uko	0.0142857142857	0.985714285714	0.0	0.0
-aiu	0.260121587136	0.654255057099	0.029805598526	0.0558177572395
-tiu	0.118061396131	0.736753574432	0.0386879730866	0.10649705635
-aie	0.156120078021	0.75738831081	0.0554851845232	0.0310064266453
-tie	0.273421182899	0.64714317826	0.0430747121195	0.0363609267213
-aia	0.0422925814652	0.909521608505	0.0138664201525	0.0343193898775
-tia	0.155005449167	0.623727230266	0.0804608438424	0.140806476724
-dau	0.536295485765	0.0813851114838	0.0126448751667	0.369674527585
-eme	0.201504387922	0.496324776744	0.109412595314	0.19275824002
-ema	0.336018516593	0.484342873464	0.0512655428024	0.128373067141
-emo	0.149463869425	0.137499405341	0.0287871187177	0.684249606516
-emi	0.018927444795	0.981072555205	0.0	0.0
-260	0.0515021459227	0.0858369098712	0.0515021459228	0.811158798283
-emu	0.0556743224897	0.725652097345	0.00746782704067	0.211205753125
-ohi	0.0643500643501	0.7425997426	0.19305019305	0.0
-onu	0.527141306685	0.165057426202	0.0227379019534	0.28506336516
-dai	0.493578812746	0.172306298625	0.0836619418096	0.250452946819
-000	0.11078349269	0.258684105062	0.0216009556418	0.608931446606
-eta	0.126377860274	0.425926749499	0.049379734035	0.398315656192
-ete	0.148836130652	0.358409056722	0.37193028778	0.120824524846
-eti	0.214058477434	0.517535405737	0.0320345345489	0.23637158228
-eto	0.45970261478	0.391502402565	0.0262677043581	0.122527278297
-atu	0.188679245283	0.177358490566	0.603773584906	0.0301886792453
-aea	0.317984548404	0.397962367646	0.075643878935	0.208409205015
-bue	0.0778766047056	0.82503064262	0.0247761706402	0.0723165820347
-300	0.0882352941176	0.5	0.352941176471	0.0588235294118
-ate	0.103706340046	0.195325147435	0.0725277469306	0.628440765588
-ata	0.0567480278292	0.219688204741	0.0203037386247	0.703260028805
-ato	0.392557651992	0.307651991614	0.0251572327044	0.27463312369
-buu	0.177777777778	0.702222222222	0.0444444444444	0.0755555555556
-ose	0.627405956642	0.151077193219	0.0540285000338	0.167488350105
-kai	0.33276580817	0.157180616323	0.102699631887	0.407353943621
-edi	0.0383959044369	0.959044368601	0.0	0.00255972696246
-osa	0.0	1.0	0.0	0.0
-niu	0.144771487604	0.706884015671	0.0418764270995	0.106468069625
-oso	0.0	1.0	0.0	0.0
-ula	0.125550014667	0.699031974186	0.0165737753007	0.158844235846
-osi	0.0983186308461	0.780959975212	0.06918674589	0.0515346480516
-kae	0.232399490384	0.568301033839	0.0344791818808	0.164820293897
-ule	0.0	0.964705882353	0.0352941176471	0.0
-nia	0.073187895848	0.876299945265	0.0369067167097	0.0136054421769
-nie	0.102670573645	0.694296944378	0.063122486489	0.139909995488
-kau	0.207671432354	0.611960550702	0.0499735239608	0.130394492984
-ulu	0.284137003989	0.535143555024	0.0554517764087	0.125267664578
-ilu	0.531226322886	0.168598360078	0.0536365589686	0.246538758067
-vio	0.160142348754	0.733096085409	0.0	0.106761565836
-via	0.134674922601	0.77399380805	0.0820433436532	0.0092879256966
-vie	0.261254128319	0.490566373746	0.0874026819067	0.160776816029
-ile	0.0555555555556	0.166666666667	0.694444444444	0.0833333333333
-ila	0.114564296348	0.438161961469	0.306806296536	0.140467445647
-viu	0.304478660302	0.427545487047	0.146486018463	0.121489834188
-ebi	0.282998944034	0.492432242168	0.0943329813446	0.130235832453
-iga	0.0746197718631	0.899001901141	0.0171102661597	0.00926806083651
-oai	0.335167325564	0.29971488288	0.0842492148317	0.280868576724
-eba	0.042095482459	0.93627899518	0.0163429520135	0.0052825703478
-igi	0.0	0.95641025641	0.0435897435897	0.0
-igo	0.585701981051	0.362618432386	0.0	0.0516795865633
-ebe	0.283916763398	0.294585447289	0.103295814694	0.318201974619
-ami	0.121026615301	0.367776663676	0.421482224216	0.0897144968072
-igu	0.0467846986515	0.798183652876	0.121089808274	0.0339418401982
-ama	0.319880325816	0.458047503604	0.0422768485021	0.179795322079
-oau	0.168571428571	0.704285714286	0.0	0.127142857143
-ati	0.153293936182	0.681004646835	0.0750399873726	0.0906614296108
-ame	0.145009258139	0.478016722301	0.26319818205	0.11377583751
-usi	0.269406786979	0.643726793887	0.037302478197	0.0495639409377
-eia	0.0883720930232	0.511627906977	0.362790697674	0.0372093023256
-hia	0.363636363636	0.0227272727273	0.568181818182	0.0454545454545
-usa	0.031746031746	0.968253968254	0.0	0.0
-eie	0.188377606924	0.131324524654	0.0866097325169	0.593688135905
-hie	0.0522868131736	0.0548721403198	0.00876654439756	0.884074502109
-guu	0.105972159856	0.726986977997	0.0	0.167040862146
-uli	0.124163568773	0.510952244781	0.0393480125822	0.325536173863
-hiu	0.219512195122	0.575609756098	0.0585365853659	0.146341463415
-gue	0.198100407056	0.679782903664	0.105834464043	0.0162822252375
-bai	0.200783820277	0.152157613299	0.0193884117622	0.627670154661
-bae	0.140085299461	0.0553970704551	0.0186004381589	0.785917191925
-iue	0.0283267821338	0.48534744943	0.0986991698539	0.387626598582
-uhu	0.272223881871	0.264920834756	0.13275115227	0.330104131103
-agu	0.100222717149	0.859688195991	0.0133630289532	0.0267260579065
-uho	0.144086603223	0.116172762201	0.0129321593095	0.726808475266
-oue	0.354838709677	0.33064516129	0.190092165899	0.124423963134
-uhi	0.146897585211	0.137677614583	0.0239087166809	0.691516083525
-aga	0.0927345173541	0.377858883449	0.338612763715	0.190793835481
-age	0.409648466996	0.144960932619	0.0547262546985	0.390664345686
-ege	0.427087834867	0.178249721177	0.0534633664875	0.341199077469
-one	0.0239232053661	0.936414638369	0.0113320446471	0.0283301116178
-anu	0.360298116492	0.210329257149	0.121751450482	0.307621175877
-ega	0.0	0.985185185185	0.0	0.0148148148148
-ona	0.191755794269	0.688817118741	0.0511674350753	0.0682596519148
-ego	0.13154406892	0.666335321405	0.119615639496	0.0825049701789
-ono	0.207731944415	0.179701967616	0.0221043686419	0.590461719327
-egi	0.2656	0.6656	0.0448	0.024
-oni	0.0952177193467	0.819202673141	0.0303090906266	0.0552705168852
-450	0.14652014652	0.285714285714	0.0	0.567765567765
-ana	0.145741222298	0.216741368948	0.0230882150336	0.614429193721
-dao	0.229074889868	0.696035242291	0.0748898678414	0.0
-ane	0.348547717842	0.372060857538	0.136929460581	0.142461964039
-ani	0.143867816366	0.42727153689	0.015437718455	0.413422928289
-ank	0.236924342105	0.269490131579	0.0462993421053	0.44728618421
-ano	0.239316239316	0.504273504274	0.239316239316	0.017094017094
-tai	0.375792046234	0.139380328283	0.029800004457	0.455027621026
-tae	0.0630239412093	0.557754704457	0.0677797954241	0.31144155891
-ola	0.39061256961	0.434005930426	0.0705142113256	0.104867288638
-tau	0.0900926870515	0.800656717857	0.0273448951115	0.0819056999801
-mia	0.110817941953	0.641160949868	0.0316622691293	0.21635883905
-mie	0.212291309586	0.471665988926	0.306465649928	0.00957705156027
-oeu	0.145938306501	0.796915325058	0.00921715620007	0.0479292122404
-enu	0.500217379751	0.276153844297	0.0604487390221	0.163180036929
-oea	0.200875106897	0.412456091337	0.106300701516	0.28036810025
-eno	0.504440497336	0.380106571936	0.0621669626998	0.0532859680285
-miu	0.208323591302	0.722235211597	0.0578676642506	0.0115735328502
-eni	0.0566489810487	0.410779177941	0.0361204314096	0.496451409601
-ene	0.392940749813	0.35180678129	0.106991631363	0.148260837534
-ena	0.330899081486	0.242736166661	0.0371854026061	0.389179349247
