-hew	0.0	1.0	0.0	0.0
-eus	0.00400534045394	0.993324432577	0.00267022696929	0.0
-hes	0.155172413793	0.810344827586	0.0344827586207	0.0
-hel	0.243992606285	0.711645101664	0.0221811460259	0.0221811460259
-hem	0.0183367490023	0.976809405674	0.00161794844138	0.00323589688275
-hen	0.134550195567	0.810691003911	0.00156453715776	0.0531942633637
-ive	0.0286831812256	0.960886571056	0.00391134289439	0.00651890482399
-rbe	0.0442477876106	0.955752212389	0.0	0.0
-hea	0.0438247011952	0.876494023904	0.0637450199203	0.0159362549801
-ivo	0.0853085371879	0.761584944566	0.138218793761	0.0148877244853
-ufu	0.739799846036	0.210161662817	0.0315627405697	0.0184757505774
-aus	0.0894736842105	0.9	0.0	0.0105263157895
-oyo	0.449820980441	0.0671707460157	0.0148523379629	0.468155935581
-aua	0.222222222222	0.677777777778	0.0857142857142	0.0142857142857
-ufa	0.411445612822	0.0933382864526	0.301422503657	0.193793597069
-ufo	0.015699956389	0.0523331879634	0.00915830789359	0.922808547754
-aum	0.0246768507638	0.968272620447	0.0	0.00705052878965
-aul	0.0290238737004	0.917244256193	0.00240662302657	0.05132524708
-nth	0.0703971119134	0.886281588448	0.0216606498195	0.0216606498195
-pus	0.2	0.8	0.0	0.0
-uai	0.913669064748	0.0863309352518	0.0	0.0
-nah	0.0225672989093	0.970393853098	0.00451345978185	0.00252538821127
-her	0.0	1.0	0.0	0.0
-yre	0.00674536256323	0.983136593592	0.0	0.0101180438449
-nan	0.0164925783397	0.98350742166	0.0	0.0
-cas	0.0545454545454	0.909090909091	0.0181818181818	0.0181818181818
-neu	0.497524752475	0.222772277228	0.220297029703	0.059405940594
-iva	0.28468278336	0.388363493167	0.21140084788	0.115552875593
-opa	0.210526315789	0.789473684211	0.0	0.0
-dea	0.0130669870832	0.974316611595	0.00856112946831	0.00405527185341
-imu	0.437954060974	0.404095294085	0.0502570233904	0.107693621551
-dee	0.0	1.0	0.0	0.0
-oku	0.104220277921	0.826299536799	0.0386001029336	0.0308800823469
-dei	0.547614557797	0.16122949274	0.191589666227	0.0995662832359
-400	0.302083333333	0.109375	0.078125	0.510416666667
-ima	0.0756613126447	0.84075500255	0.015259871208	0.068323813597
-oko	0.300365158431	0.630440831668	0.0175062507035	0.0516877591974
-des	0.0357142857143	0.964285714286	0.0	0.0
-oki	0.622564102564	0.274358974359	0.0846153846154	0.0184615384615
-kim	0.0	1.0	0.0	0.0
-oke	0.426112036156	0.374970266413	0.116852997146	0.0820647002855
-oka	0.335312040726	0.518586031973	0.0507280469822	0.0953738803193
-imo	0.518404907976	0.184049079755	0.164110429448	0.133435582822
-ido	0.542426007296	0.286671430093	0.0615444604636	0.109358102147
-lla	0.0366624525917	0.955752212389	0.00758533501896	0.0
-ech	0.0342270393611	0.957216200799	0.00855675984027	0.0
-obo	0.142611233276	0.275578515393	0.432145869003	0.149664382328
-idi	0.773539377428	0.125362086013	0.0745650125963	0.0265335239629
-oba	0.0821554468996	0.219211415284	0.37704190606	0.321591231756
-ece	0.353846153846	0.353846153846	0.0615384615384	0.230769230769
-obe	0.48070907195	0.340980187696	0.137643378519	0.0406673618352
-idu	0.0358029650427	0.025605457278	0.00426319366164	0.934328384018
-obu	0.0699844479004	0.853032659409	0.0303265940902	0.0466562986003
-ter	0.00521532990912	0.983050177795	0.00877123666535	0.00296325563019
-uta	0.252384986316	0.591704678744	0.0520135540206	0.10389678092
-eel	0.0	1.0	0.0	0.0
-bbi	0.637931034483	0.258620689655	0.0	0.103448275862
-uti	0.159921621962	0.812592592283	0.00665745675726	0.0208283289977
-eru	0.587644921267	0.287246928534	0.0508738536079	0.0742342965911
-riu	0.160708205652	0.599931903303	0.0480081716037	0.191351719441
-ris	0.0322580645161	0.967741935484	0.0	0.0
-utu	0.168410500524	0.680744482768	0.0459649152468	0.104880101462
-tei	0.474355599719	0.37551291213	0.103332395835	0.0467990923164
-aku	0.21790704412	0.0282605944358	0.00450013286954	0.749332228575
-ard	0.00680272108844	0.591836734694	0.401360544218	0.0
-are	0.715130303637	0.113276323739	0.0210604786942	0.150532893931
-mew	0.0	0.8779342723	0.0	0.1220657277
-ara	0.137544603319	0.597295288058	0.123227198591	0.141932910032
-mes	0.00206008583691	0.983519313305	0.00927038626609	0.00515021459227
-arl	0.0231396266105	0.838022613726	0.115698133053	0.0231396266105
-aro	0.655887934217	0.0803316672994	0.040713318155	0.223067080329
-ari	0.189016675052	0.41554782852	0.0503844940485	0.34505100238
-ark	0.0601265822785	0.895569620253	0.0	0.0443037974683
-aru	0.280065558224	0.48097162236	0.111402595528	0.127560223888
-mea	0.0	0.962962962963	0.037037037037	0.0
-lun	0.0486223662885	0.918962722853	0.032414910859	0.0
-mei	0.316010165184	0.221219822109	0.165184243964	0.297585768742
-ary	0.0057770729497	0.913343905754	0.0	0.0808790212959
-aya	0.107293289503	0.224564304976	0.1309412857	0.537201119822
-ayo	0.408074830646	0.498082176941	0.0255935433854	0.0682494490279
-ero	0.517073056579	0.0710499200334	0.0167904130836	0.395086610304
-zin	0.0	1.0	0.0	0.0
-ubu	0.118184179504	0.7762392855	0.0864352934124	0.0191412415832
-xad	0.0	1.0	0.0	0.0
-ubo	0.551020408163	0.224489795918	0.0	0.224489795918
-uba	0.602300453119	0.294701986755	0.0230045311956	0.07999302893
-umu	0.514463883596	0.23956348519	0.144465615798	0.101507015417
-ota	0.308595251628	0.613197636132	0.0247914819375	0.0534156303027
-iga	0.23966979628	0.489650258779	0.135943923666	0.134736021275
-oto	0.822030071021	0.0824767039925	0.00841922554916	0.0870739994374
-uma	0.164240094809	0.772340462641	0.0506931330083	0.0127263095418
-otu	0.0937931034482	0.862068965517	0.0220689655172	0.0220689655172
-umo	0.371296120378	0.0758141125509	0.0147433218072	0.538146445264
-nua	0.326829083946	0.0859745036783	0.315857099667	0.271339312708
-ako	0.404255319149	0.478723404255	0.0212765957447	0.0957446808511
ALL	0.235410227778	0.28868958213	0.0457319463438	0.430168243748
-nai	0.0240874705337	0.0375558614404	0.0107539241221	0.927602743904
-0x7	0.019801980198	0.0594059405941	0.029702970297	0.891089108911
-nao	0.344262295082	0.393442622951	0.262295081967	0.0
-aki	0.392369318538	0.569131238929	0.0219996814472	0.0164997610854
-nam	0.0	1.0	0.0	0.0
-ake	0.442436412316	0.266398929049	0.121318607764	0.16984605087
-ebo	0.108130166684	0.869689286304	0.00554513675305	0.0166354102591
-aka	0.383465757065	0.177632118069	0.0776335717661	0.3612685531
-nas	0.0274725274725	0.936813186813	0.00824175824177	0.0274725274725
-sia	0.0614260911213	0.897623181464	0.0122133748428	0.0287373525714
-nau	0.275362852722	0.578022544758	0.0141825683342	0.132432034186
-mos	0.0	1.0	0.0	0.0
-mor	0.0985915492958	0.87323943662	0.0281690140845	0.0
-igo	0.537000043059	0.124133115462	0.0311885438401	0.307678297639
-goe	0.552847269151	0.305896600406	0.126643427294	0.0146127031493
-oab	0.0	0.975	0.025	0.0
-moe	0.0206704274286	0.958385364647	0.00410670743614	0.0168375004882
-cos	0.169811320755	0.754716981132	0.0754716981132	0.0
-mon	0.00695299485768	0.9905120591	0.00057941623814	0.00195552980372
-moi	0.335526721004	0.0221764661642	0.00516059834396	0.637136214488
-yau	0.517365269461	0.101796407186	0.366467065868	0.014371257485
-ber	0.0	1.0	0.0	0.0
-ofu	0.0119296714624	0.00295737992851	0.00485053001344	0.980262418596
-cob	0.00197173841604	0.996056523168	0.0	0.00197173841604
-eon	0.118843683084	0.840471092077	0.0256959314775	0.0149892933619
-bel	0.166768478925	0.804642638974	0.0127061698228	0.0158827122785
-ofi	0.090622813156	0.693841847446	0.205038488453	0.0104968509447
-yai	0.428571428571	0.364285714286	0.121428571429	0.0857142857143
-bed	0.286363636364	0.713636363636	0.0	0.0
-ofa	0.255803974913	0.410299716078	0.274920803016	0.0589755059934
-iso	0.261373330645	0.709497293357	0.00949264010175	0.0196367358968
-rei	0.263109054182	0.121164720619	0.0352948719773	0.580431353222
-isi	0.397263536291	0.0655218212052	0.0138349450046	0.523379697499
-ish	0.0	1.0	0.0	0.0
-rea	0.028330155271	0.934895123944	0.00490329610461	0.0318714246799
-isa	0.556192477408	0.178028864021	0.0461289242559	0.219649734315
-rez	0.0	1.0	0.0	0.0
-eve	0.179894179894	0.756613756614	0.0	0.0634920634921
-eva	0.191364082434	0.672138460166	0.1284681952	0.00802926220001
-res	0.075	0.825	0.0	0.1
-isu	0.145161290323	0.403225806452	0.354838709677	0.0967741935484
-ist	0.0772742093251	0.874307140528	0.00978154548418	0.0386371046625
-evi	0.022239872915	0.953931691819	0.0119142176331	0.011914217633
-ret	0.105042016807	0.894957983193	0.0	0.0
-reu	0.0	1.0	0.0	0.0
-hab	0.0	1.0	0.0	0.0
-avo	0.731182795699	0.115591397849	0.0564516129032	0.0967741935484
-hah	0.0	1.0	0.0	0.0
-ava	0.10928003299	0.654402237791	0.0921918757272	0.144125853492
-mas	0.0184746565609	0.968735196589	0.00994789199432	0.00284225485552
-mar	0.0	1.0	0.0	0.0
-ham	0.00125825731362	0.961623151935	0.0368040264234	0.000314564328405
-han	0.0110091743119	0.988990825688	0.0	0.0
-mai	0.360807313905	0.5147523844	0.0379163492408	0.0865239524542
-mah	0.0	1.0	0.0	0.0
-har	0.0	0.949299855142	0.0169000482858	0.0338000965717
-has	0.0205223880597	0.96828358209	0.0	0.0111940298508
-hat	0.0	1.0	0.0	0.0
-man	0.026875699888	0.623740201568	0.349384098544	0.0
-haz	0.0	1.0	0.0	0.0
-uno	0.54351687389	0.158081705151	0.0213143872114	0.277087033748
-uni	0.186268393868	0.0980974036458	0.236267104516	0.47936709797
-une	0.605603448276	0.330818965517	0.0409482758621	0.0226293103448
-una	0.0641340631565	0.186130394846	0.0325747829985	0.717160758999
-unu	0.134957825679	0.375820056232	0.376757263355	0.112464854733
-iri	0.209869334838	0.412254807703	0.0487157869976	0.329160070461
-tre	0.0312174817898	0.790842872008	0.0718002081165	0.106139438085
-gae	0.346372137593	0.192944066115	0.0245809124859	0.436102883807
-ade	0.0815049852843	0.321336359942	0.219278621771	0.377880033003
-tra	0.0148698884758	0.933085501859	0.0520446096655	0.0
-500	0.270588235294	0.505882352941	0.141176470588	0.0823529411765
-ada	0.113308347242	0.175682714341	0.0496729910829	0.661335947334
-ado	0.614892975042	0.252637942742	0.0668421974486	0.0656268847677
-oo-	0.46594761171	0.495223420647	0.0388289676425	0.0
-gai	0.339312406577	0.356181934657	0.0269058295964	0.277599829169
-adi	0.544572904274	0.0904744765841	0.0211316226424	0.3438209965
-115	0.208092485549	0.531791907514	0.0173410404624	0.242774566474
-gau	0.616266574369	0.122743137118	0.0254872239354	0.235503064578
-adu	0.388294780027	0.206677908981	0.0642618132729	0.340765497719
-ini	0.0661743770829	0.118407555519	0.00814674538079	0.807271322018
-sei	0.00679837809255	0.818070383561	0.00605506648292	0.169076171863
-seh	0.0	1.0	0.0	0.0
-ina	0.0739247731224	0.0949230057148	0.0108148233059	0.820337397857
-see	0.00293501048218	0.995387840671	0.000419287211738	0.00125786163522
-ine	0.490830445192	0.27188465247	0.0569875225476	0.180297379791
-sea	0.0344827586207	0.965517241379	0.0	0.0
-ohn	0.010251403466	0.965828655113	0.010251403466	0.0136685379546
-ses	0.0562523835756	0.935802364507	0.00286029069028	0.00508496122717
-inu	0.774145604258	0.105147209983	0.0149738027903	0.105733382968
-eda	0.0503604764165	0.740271656835	0.026917079124	0.182450787624
-ede	0.679715302491	0.249110320285	0.0142348754448	0.0569395017794
-ian	0.0126582278481	0.911392405063	0.0759493670886	0.0
-nes	0.0344827586207	0.948275862069	0.0172413793103	0.0
-fui	0.453416149068	0.391304347826	0.130434782609	0.0248447204969
-fus	0.0	1.0	0.0	0.0
-ias	0.0235140431091	0.955258001306	0.0166557805356	0.00457217504899
-nei	0.153634331756	0.158796059992	0.0446723004896	0.642897307763
-kuo	0.3	0.55	0.03	0.12
-aoh	0.104825291181	0.895174708819	0.0	0.0
-evo	0.401584761085	0.252589713171	0.294692602504	0.0511329232391
-ban	0.160305343511	0.465648854962	0.267175572519	0.106870229008
-bao	0.924050632911	0.0759493670886	0.0	0.0
-eka	0.113957597173	0.794169611307	0.0583038869258	0.0335689045936
-eke	0.163509377803	0.258443046182	0.522234278784	0.0558132972308
-bai	0.924110522525	0.0625017240411	0.00228033162887	0.0111074218052
-eki	0.653143064354	0.0900151447281	0.0111985665835	0.245643224334
-bae	0.604970607066	0.0714743030091	0.0195564868168	0.303998603108
-hon	0.0	1.0	0.0	0.0
-hom	0.0407239819005	0.746606334842	0.0678733031674	0.144796380091
-hor	0.0	1.0	0.0	0.0
-hos	0.0	1.0	0.0	0.0
-eku	0.719271623672	0.144157814871	0.0546282245827	0.081942336874
-bau	0.201482472739	0.343111938192	0.0372604572874	0.418145131781
-bas	0.0181395348837	0.958139534884	0.0153488372093	0.00837209302325
-ase	0.724751439037	0.165358451073	0.0470957613815	0.0627943485086
-asa	0.51443841332	0.173805987109	0.0368764312576	0.274879168314
-iyo	0.706179169345	0.0542494778908	0.0108786516643	0.2286927011
-asi	0.41977278847	0.278787785661	0.0140854757891	0.28735395008
-yei	0.474711693884	0.22234729094	0.156155162462	0.146785852714
-asu	0.223140495868	0.512396694215	0.214876033058	0.0495867768595
-ast	0.0915427509294	0.863382899628	0.0367100371747	0.00836431226767
-lta	0.0	1.0	0.0	0.0
-zor	0.0	1.0	0.0	0.0
-rau	0.531008902077	0.300148367953	0.0744807121661	0.0943620178041
-ras	0.0	0.904761904762	0.0634920634921	0.031746031746
-ran	0.135135135135	0.864864864865	0.0	0.0
-eri	0.0893632719894	0.102466692105	0.044541307488	0.763628728417
-ram	0.0	1.0	0.0	0.0
-red	0.0	1.0	0.0	0.0
-rah	0.0936524453694	0.834547346514	0.0561914672216	0.0156087408949
-rai	0.536842105263	0.315789473684	0.0631578947368	0.0842105263158
-era	0.0605977777569	0.843752788725	0.0876291394035	0.0080202941149
-rae	0.609792410374	0.301317948805	0.0127734447696	0.0761161960512
-rab	0.0923076923077	0.907692307692	0.0	0.0
-ere	0.0501930588767	0.0619741206742	0.0219224045097	0.865910415939
-ugu	0.738359691063	0.203714600956	0.0301213681501	0.0278043398308
-iya	0.330539324901	0.346107672017	0.0483342527595	0.275018750322
-uga	0.303797468354	0.53164556962	0.164556962025	0.0
-ugo	0.620022023494	0.23961187952	0.109364995811	0.0310011011747
-aza	0.126984126984	0.793650793651	0.031746031746	0.047619047619
-ugi	0.563429380685	0.289285908819	0.0758211231549	0.0714635873413
-ike	0.152869000361	0.138866835078	0.111872970047	0.596391194515
-ika	0.169510573095	0.414761657374	0.0533903508995	0.362337418632
-iko	0.104697827511	0.187246904225	0.170185697881	0.537869570383
-lam	0.0344827586207	0.965517241379	0.0	0.0
-nor	0.0265486725664	0.973451327434	0.0	0.0
-lah	0.0	1.0	0.0	0.0
-iki	0.256358768407	0.489290495315	0.155957161981	0.0983935742971
-aam	0.122448979592	0.775510204082	0.0	0.102040816327
-ppi	0.0148148148148	0.97037037037	0.0	0.0148148148148
-aan	0.031746031746	0.661375661376	0.201058201058	0.10582010582
-non	0.0645161290323	0.870967741935	0.0645161290323	0.0
-las	0.0158188028042	0.971238540356	0.00431421894662	0.00862843789324
-ppa	0.0218546061618	0.951130672333	0.0136591288511	0.0133555926544
-nna	0.04	0.954666666667	0.00533333333333	0.0
-aac	0.0	1.0	0.0	0.0
-dou	0.273648648649	0.456081081081	0.27027027027	0.0
-sa—	0.246153846154	0.430769230769	0.307692307692	0.0153846153846
-gea	0.0870090634441	0.883987915408	0.0	0.029003021148
-boi	0.498144270045	0.154657985859	0.0624105828444	0.284787161251
-ypt	0.0127154563436	0.91381746256	0.0565131393049	0.0169539417915
-rew	0.00923929781336	0.970434246997	0.0138589467201	0.00646750846936
-bou	0.520476023801	0.373118655933	0.0609030451522	0.0455022751137
-don	0.0	1.0	0.0	0.0
-dom	0.0141557128413	0.971688574318	0.00707785642061	0.00707785642062
-dok	0.0	1.0	0.0	0.0
-doi	0.417950435365	0.445411922304	0.112525117214	0.0241125251172
-sar	0.0853798485196	0.898095019509	0.0165251319715	0.0
-dda	0.028901734104	0.971098265896	0.0	0.0
-toe	0.306089611254	0.394614782144	0.199452953459	0.0998426531422
-sau	0.274074074074	0.296296296296	0.207407407407	0.222222222222
-toa	0.0	1.0	0.0	0.0
-ibu	0.701680672269	0.210084033613	0.0756302521008	0.0126050420168
-ddi	0.0	1.0	0.0	0.0
-sac	0.0687022900763	0.931297709924	0.0	0.0
-oli	0.093023255814	0.906976744186	0.0	0.0
-tou	0.173522812266	0.685863874346	0.0732984293194	0.0673148840688
-ibi	0.3193747978	0.601767227435	0.0709721772889	0.00788579747654
-voi	0.324821512506	0.535675154448	0.0701527302497	0.0693506027957
-iba	0.92796999035	0.0192993417672	0.0105945590974	0.042136108785
-sam	0.0	1.0	0.0	0.0
-lon	0.03367003367	0.959595959596	0.00673400673402	0.0
-rou	0.141986073857	0.116563234888	0.382071472839	0.359379218416
-iel	0.077177508269	0.841105130034	0.0661521499449	0.0155652117518
-loe	0.0281690140845	0.971830985915	0.0	0.0
-der	0.177570093458	0.81308411215	0.00934579439252	0.0
-rod	0.0130917746628	0.940491933351	0.042449087543	0.00396720444327
-roa	0.358974358974	0.153846153846	0.461538461538	0.025641025641
-lot	0.0367503533688	0.923672343003	0.00565390051827	0.0339234031096
-och	0.0183237831371	0.961841193879	0.00566714942384	0.0141678735596
-ave	0.395631764852	0.160556489565	0.4215748314	0.0222369141837
-imi	0.592592592593	0.148148148148	0.240740740741	0.0185185185185
-276	0.0	0.307692307692	0.0	0.692307692308
-sta	0.142269896757	0.818929222309	0.0388008809338	0.0
-sse	0.0	1.0	0.0	0.0
-ibo	0.383446972254	0.339116541776	0.138481964041	0.138954521929
-eyo	0.552081772923	0.0888378977934	0.0407971909369	0.318283138347
-eya	0.472868217054	0.488372093023	0.0232558139535	0.015503875969
-200	0.0348330914369	0.293178519594	0.121915820029	0.550072568941
-cus	0.00143884892086	0.997122302158	0.0	0.00143884892086
-ide	0.252004482588	0.139348829741	0.0399160585489	0.568730629121
-lem	0.014626714068	0.971152869477	0.0	0.014220416455
-lea	0.0	1.0	0.0	0.0
-mui	0.318558900213	0.543730741882	0.097890495378	0.0398198625267
-lee	0.00780072688592	0.968797092456	0.0154241645244	0.00797801613332
-leg	0.0	1.0	0.0	0.0
-ley	0.0743362831858	0.851327433628	0.0424778761062	0.0318584070797
-oic	0.07	0.51	0.4	0.02
-mus	0.0375	0.910416666667	0.0270833333333	0.025
-ios	0.0419580419581	0.874125874126	0.0839160839161	0.0
-ida	0.296203997537	0.39475005506	0.0266022765106	0.282443670893
-iot	0.00360576923077	0.996394230769	0.0	0.0
-ifa	0.290281996745	0.318166286791	0.0873562601861	0.304195456278
-eek	0.0264326884247	0.515033591541	0.451925547928	0.00660817210617
-aly	0.0179372197309	0.911808669656	0.0702541106129	0.0
-ifi	0.718707940781	0.248990578735	0.0161507402423	0.0161507402423
-rrh	0.321739130435	0.64347826087	0.0347826086956	0.0
-ifo	0.407075325635	0.414362164376	0.109340039156	0.0692224708327
-alm	0.0769230769231	0.798076923077	0.0	0.125
-fai	0.153164046755	0.0749697702539	0.723498589279	0.0483675937122
-ali	0.0	1.0	0.0	0.0
-gia	0.0	0.960784313725	0.0392156862745	0.0
-120	0.0387096774194	0.361290322581	0.0	0.6
-uvo	0.462340793282	0.395400501093	0.142258705625	0.0
-you	0.718197381545	0.128897215664	0.0655308869106	0.0873745158809
-chi	0.0	1.0	0.0	0.0
-cho	0.0209059233449	0.979094076655	0.0	0.0
-udo	0.439439619936	0.485340985661	0.0496663943908	0.0255530000126
-ogi	0.386776859504	0.39173553719	0.0528925619835	0.168595041322
-153	0.159574468085	0.031914893617	0.063829787234	0.744680851064
-eli	0.0387096774194	0.961290322581	0.0	0.0
-elo	0.140823068452	0.704371430767	0.118850674793	0.0359548259879
-ogo	0.422501983333	0.178947637897	0.0610827647307	0.337467614039
-oga	0.187630927901	0.077897784094	0.244118158344	0.490353129661
-oge	0.451410658307	0.228840125392	0.103448275862	0.216300940439
-abu	0.170940479362	0.194350088572	0.459309635851	0.175399796215
-itu	0.500841750842	0.232744107744	0.199494949495	0.0669191919192
-100	0.0342151061028	0.0772958483256	0.142378989911	0.74611005566
-esu	0.00689658374088	0.771380054378	0.00436181840784	0.217361543473
-ito	0.0	1.0	0.0	0.0
-esi	0.278821701633	0.0474639119178	0.0171459808537	0.656568405596
-iti	0.0239547038328	0.968205574913	0.0	0.00783972125435
-esa	0.0786877148375	0.0721428889546	0.30782949848	0.541339897728
-ite	0.563267024297	0.42615519121	0.00566667026455	0.00491111422928
-ita	0.242420698254	0.585619664043	0.0832151944511	0.0887444432519
-udu	0.0568524681479	0.0178273625124	0.0211371973637	0.904182971976
-ria	0.0189618846964	0.906339781651	0.074123731086	0.000574602566559
-uda	0.410705122161	0.283151968294	0.0504315198185	0.255711389727
-o'o	0.259459459459	0.302702702703	0.210810810811	0.227027027027
-fau	0.0892365262181	0.0419840043603	0.00552398936705	0.863255480055
-udi	0.133928571428	0.0714285714285	0.669642857143	0.125
-uth	0.0	0.577512776831	0.0	0.422487223169
-hum	0.0	1.0	0.0	0.0
-rim	0.0	1.0	0.0	0.0
-hua	0.0784167289021	0.899178491412	0.0	0.0224047796863
-aba	0.0606977093	0.902644572199	0.0191342680723	0.0175234504286
-abo	0.134157785038	0.567344892248	0.197492368829	0.101004953885
-ron	0.0299727520436	0.964577656676	0.00544959128065	0.0
-hus	0.0189573459716	0.962085308057	0.0189573459716	0.0
-tua	0.648059644427	0.171477728924	0.0367042630472	0.143758363602
-koa	0.097265908541	0.753205903702	0.148802322768	0.000725864989113
-vau	0.4679917009	0.0742081579097	0.0237123520414	0.434087789148
-koi	0.0264506246774	0.157025785302	0.0590572079792	0.757466382041
-ael	0.0225913621262	0.944850498339	0.0146179401993	0.0179401993355
-sos	0.0373831775701	0.953271028037	0.0	0.00934579439252
-oru	0.182938904842	0.68396210846	0.018483678252	0.114615308446
-kou	0.257997936016	0.184726522188	0.196078431373	0.361197110423
-los	0.181603773585	0.722877358491	0.0141509433962	0.0813679245283
-son	0.0620437956204	0.923357664234	0.00729927007299	0.00729927007299
-oro	0.337384639843	0.406516057141	0.0951999013998	0.160899401617
-vah	0.0716608055205	0.928339194479	0.0	0.0
-ora	0.13586810938	0.124294308462	0.225195510221	0.514642071936
-ion	0.285211267606	0.672535211268	0.0211267605634	0.0211267605634
-ore	0.281189330108	0.598335524082	0.0172339024229	0.103241243387
-lix	0.0758327427356	0.90715804394	0.0106307583274	0.00637845499645
-rus	0.0310192023634	0.949356404305	0.00316522473096	0.016459168601
-lip	0.0	1.0	0.0	0.0
-omu	0.408294392523	0.366238317757	0.185163551402	0.0403037383177
-lis	0.0290827740492	0.852348993289	0.0089485458613	0.109619686801
-lim	0.0	1.0	0.0	0.0
-omi	0.0	0.713450292398	0.00584795321637	0.280701754386
-lio	0.171764705882	0.790588235294	0.0282352941176	0.00941176470588
-jew	0.00590313998527	0.813040278822	0.166258298764	0.0147982824288
-oma	0.10851631091	0.822071493742	0.0223725257735	0.047039669575
-rua	0.20146658603	0.138853190203	0.633882673118	0.0257975506502
-rug	0.0	1.0	0.0	0.0
-ome	0.0325570342205	0.654467680608	0.287309885932	0.0256653992395
-rue	0.106666666667	0.893333333333	0.0	0.0
-eas	0.0162601626016	0.983739837398	0.0	0.0
-odu	0.209580838323	0.7624750499	0.0199600798403	0.00798403193614
-abi	0.169257501005	0.112916343836	0.169355450948	0.548470704211
-oda	0.17087276551	0.680599369085	0.0420609884332	0.106466876972
-eae	0.253012048193	0.710843373494	0.0361445783133	0.0
-ode	0.086929312486	0.032532488486	0.13513645653	0.745401742498
-odi	0.656978474358	0.181529610158	0.0422577125285	0.119234202956
-eal	0.0	1.0	0.0	0.0
-rni	0.0	1.0	0.0	0.0
-odo	0.695483415667	0.126676076217	0.0127028934369	0.165137614679
-zer	0.0	1.0	0.0	0.0
-uri	0.168163799386	0.468718433773	0.0924325395425	0.270685227298
-uro	0.260308896351	0.699084971398	0.0121312926226	0.0284748396281
-ura	0.464860552939	0.383523787847	0.0764367746193	0.075178884594
-ure	0.19087635054	0.765906362545	0.0432172869148	0.0
-ono	0.030483754334	0.876753925739	0.0148183049299	0.0779440149966
-aee	0.260273972603	0.452054794521	0.0	0.287671232877
-uru	0.500041000936	0.266739278866	0.119359078689	0.113860641509
-pah	0.142857142857	0.857142857143	0.0	0.0
-dus	0.0544217687075	0.768707482993	0.0272108843537	0.149659863946
-bya	0.146079484425	0.828141783029	0.0128893662728	0.0128893662728
-dua	0.0549943883277	0.210998877666	0.712682379349	0.0213243546577
-dui	0.623320052913	0.0219948809067	0.00986247328913	0.344822592891
-pas	0.0353982300885	0.884955752212	0.0353982300885	0.0442477876106
-lus	0.0735294117647	0.785294117647	0.0941176470588	0.0470588235294
-nui	0.230608038852	0.595348158241	0.0870219014536	0.0870219014537
-sus	0.0135338345865	0.960526315789	0.0135338345865	0.0124060150376
-kei	0.328331193568	0.283985435565	0.188632584766	0.199050786101
-sop	0.148148148148	0.759259259259	0.0925925925926	0.0
-keu	0.524022053032	0.274525247221	0.00315043318456	0.198302266562
-sui	0.571913956599	0.100510246363	0.103943458547	0.223632338491
-aen	0.0521739130435	0.921739130435	0.0260869565217	0.0
-nus	0.0357142857143	0.928571428571	0.0178571428571	0.0178571428571
-key	0.0649756097561	0.908097560976	0.0140487804878	0.0128780487805
-dia	0.164412811388	0.807829181495	0.00427046263345	0.023487544484
-ino	0.318725611008	0.113704046005	0.507162661738	0.0604076812487
-ori	0.151635798329	0.420369353984	0.135624630241	0.292370217445
-feo	0.0752351097179	0.0647857889237	0.855102751654	0.00487634970394
-sli	0.0	1.0	0.0	0.0
-fei	0.818457902579	0.0417863075632	0.0131866626326	0.126569127226
-ovo	0.460511922993	0.35572084883	0.170640997593	0.0131262305841
-uku	0.391881427479	0.507847544219	0.0188869896971	0.0813840386051
-ven	0.0192307692308	0.0192307692308	0.0	0.961538461538
-afu	0.161465268118	0.311946410852	0.0788918248132	0.447696496218
-ova	0.795226130653	0.121859296482	0.0301507537688	0.0527638190955
-afi	0.143212951432	0.349315068493	0.475716064757	0.0317559153176
-uka	0.254621840285	0.512656066608	0.100691429982	0.132030663125
-ver	0.000703234880451	0.96835443038	0.0	0.0309423347398
-uke	0.0	1.0	0.0	0.0
-afo	0.498427425696	0.336295014939	0.0550401006448	0.11023745872
-afa	0.403030565834	0.183363158442	0.0466541283412	0.366952147382
-uki	0.339285714286	0.508928571429	0.0535714285714	0.0982142857143
-uko	0.114721104083	0.849051178838	0.0362277170788	0.0
-efe	0.353040540541	0.264358108108	0.315456081081	0.0671452702703
-vai	0.591854691723	0.182829489033	0.147068066118	0.0782477531267
-efa	0.511546914788	0.339536173159	0.0339247250379	0.114992187015
-ais	0.0714285714285	0.928571428571	0.0	0.0
-tis	0.0	1.0	0.0	0.0
-efo	0.51458031423	0.299329052002	0.0887325233985	0.0973581103698
-aia	0.00598802395209	0.988023952096	0.0	0.00598802395209
-tia	0.0775193798449	0.813953488372	0.108527131783	0.0
-dau	0.130241423126	0.689961880559	0.0171537484117	0.162642947903
-aim	0.0	1.0	0.0	0.0
-tin	0.0	0.981818181818	0.0181818181818	0.0
-ain	0.0337078651685	0.915730337079	0.0	0.0505617977528
-ema	0.0424848504989	0.675386541187	0.034415466498	0.247713141817
-egi	0.373335612209	0.145814229348	0.0223674458501	0.458482712593
-mme	0.127272727273	0.745454545455	0.0181818181818	0.109090909091
-oni	0.0631201210088	0.808594063914	0.0160183992892	0.112267415788
-jah	0.0026286966046	0.985542168675	0.0105147864184	0.0013143483023
-ana	0.123519617813	0.406098257478	0.0379304069744	0.432451717735
-int	0.183098591549	0.760563380282	0.056338028169	0.0
-cia	0.0152424942263	0.926558891455	0.0484988452656	0.00969976905312
-dan	0.00955794504182	0.990442054958	0.0	0.0
-zar	0.0	1.0	0.0	0.0
-ane	0.441929388041	0.289469709738	0.107267765931	0.16133313629
-000	0.0593112693603	0.237932893677	0.0198491897461	0.682906647216
-eta	0.137820554923	0.560254035691	0.0899308363874	0.211994572999
-ete	0.0135338345864	0.943609022556	0.0225563909775	0.0203007518797
-eth	0.00900417035258	0.977884493871	0.00805636294705	0.00505497282952
-eti	0.0136861313869	0.932481751825	0.0410583941606	0.0127737226277
-eto	0.743265102543	0.143027041989	0.0440667121539	0.0696411433147
-atu	0.268121490556	0.340096988259	0.306278713629	0.0855028075548
-bul	0.0824468085106	0.912234042553	0.00531914893616	0.0
-uyo	0.511892100447	0.202279823162	0.157100907191	0.1287271692
-uya	0.491887451222	0.428013965907	0.049291435613	0.0308071472582
-bua	0.493765586035	0.268079800499	0.179551122194	0.0586034912718
-uye	0.640336134454	0.329411764706	0.0201680672269	0.0100840336134
-300	0.0622568093385	0.237354085603	0.280155642023	0.420233463035
-ate	0.0383444917833	0.901095556908	0.045648204504	0.0149117468046
-ata	0.571373734411	0.241049951197	0.0624872316095	0.125089082783
-bus	0.103448275862	0.896551724138	0.0	0.0
-ath	0.0390625	0.9609375	0.0	0.0
-ruo	0.558546727949	0.0685051433574	0.1050558109	0.267892317794
-kai	0.159734020314	0.166027239623	0.0517252441098	0.622513495953
-edi	0.433125865912	0.22581483804	0.0400299505305	0.301029345518
-nix	0.120689655172	0.568965517241	0.120689655172	0.189655172414
-osi	0.509511457615	0.147900141394	0.00945680164681	0.333131599345
-osh	0.0	1.0	0.0	0.0
-iah	0.0293784222342	0.947022517283	0.009632269585	0.0139667908982
-ost	0.121212121212	0.80303030303	0.0151515151515	0.060606060606
-ace	0.0	0.957597173145	0.0424028268551	0.0
-nia	0.046519524618	0.881154499151	0.0601018675722	0.0122241086588
-ice	0.0121951219512	0.987804878049	0.0	0.0
-kau	0.269984808477	0.560794505291	0.0514162969811	0.117804389251
-edo	0.506914945133	0.166445102527	0.02991794109	0.29672201125
-fiu	0.738867509621	0.214953271028	0.0230896096756	0.0230896096756
-ica	0.0	1.0	0.0	0.0
-sha	0.0	1.0	0.0	0.0
-yra	0.0	1.0	0.0	0.0
-kua	0.103053435114	0.606870229008	0.167938931298	0.12213740458
-edu	0.71381450712	0.106638549122	0.0583102388389	0.121236704919
-vid	0.00282277034747	0.987902412797	0.00282277034747	0.00645204650851
-lia	0.0157303370786	0.984269662921	0.0	0.0
-ila	0.03125	0.96875	0.0	0.0
-ill	0.117647058823	0.794117647059	0.0882352941176	0.0
-ebi	0.516410469464	0.286663896967	0.0947237224761	0.102201911093
-oam	0.00772200772202	0.953667953668	0.0	0.03861003861
-ige	0.201680672269	0.72268907563	0.0554621848739	0.0201680672269
-oah	0.0	1.0	0.0	0.0
-igi	0.507051709936	0.204934091713	0.0388869863998	0.249127211951
-amu	0.41581368405	0.491303259253	0.0637220970363	0.0291609596607
-ebe	0.113807460992	0.789544517811	0.0916011271397	0.00504689405728
-lms	0.0226700251889	0.962216624685	0.0151133501259	0.0
-oaz	0.057761732852	0.90734055355	0.0168471720818	0.0180505415162
-amo	0.539212269779	0.155822668457	0.0282860224792	0.276679039284
-ama	0.205198358477	0.29774892823	0.193204810024	0.303847903269
-ati	0.00058390750905	0.992409202382	0.0	0.0070068901086
-ame	0.233125852212	0.204981068097	0.508094806104	0.0537982735874
-ebu	0.179700735647	0.0605919971982	0.147269560792	0.612437706362
-usi	0.352669681707	0.332942213621	0.0266767983014	0.287711306371
-iro	0.196363636364	0.21608815427	0.0565289256199	0.531019283746
-him	0.0	1.0	0.0	0.0
-hin	0.0	1.0	0.0	0.0
-ein	0.0	1.0	0.0	0.0
-gus	0.0387096774193	0.954838709677	0.00645161290323	0.0
-hia	0.0	0.98275862069	0.0172413793103	0.0
-usa	0.350772698255	0.301548206038	0.033921929459	0.313757166248
-ira	0.274081518777	0.339758032139	0.049435049274	0.33672539981
-use	0.160677536805	0.739591578281	0.0	0.0997308849137
-iru	0.432497978981	0.468876313662	0.0485044462409	0.0501212611156
-gua	0.0924440694029	0.165288178356	0.028086238459	0.714181513782
-usu	0.459619267544	0.533670962127	0.0067097703291	0.0
-uza	0.0666666666667	0.911111111111	0.0222222222222	0.0
-eph	0.0252459016394	0.957213114754	0.0103278688525	0.0072131147541
-ges	0.0857142857143	0.885714285714	0.0285714285714	0.0
-cee	0.00138696255201	0.990291262136	0.00832177531208	0.0
-pia	0.0	0.638297872341	0.361702127659	0.0
-oas	0.107142857143	0.892857142857	0.0	0.0
-eko	0.156302819154	0.798647990056	0.0104654931086	0.0345836976816
-ius	0.0645448670131	0.891599771613	0.0256422058307	0.0182131555433
-ium	0.0634920634921	0.90022675737	0.031746031746	0.00453514739229
-eah	0.333333333333	0.666666666667	0.0	0.0
-iua	0.144013212221	0.811230388109	0.0237819983485	0.0209744013212
-iud	0.0	1.0	0.0	0.0
-:00	0.148648648649	0.5	0.0	0.351351351351
-uel	0.047619047619	0.878787878788	0.021645021645	0.051948051948
-iye	0.0342273018542	0.36961905464	0.0333395764519	0.562814067054
-ean	0.15625	0.71875	0.125	0.0
-sda	0.0508474576271	0.915254237288	0.0169491525424	0.0169491525424
-agu	0.664380205781	0.103380695737	0.1852033317	0.047035766781
-agi	0.493483222363	0.221891091537	0.114076616934	0.170549069166
-ago	0.317065955773	0.390448401119	0.00946324799757	0.28302239511
-aga	0.458904722261	0.271607519675	0.158233206747	0.111254551318
-min	0.0999999999999	0.871428571429	0.0285714285714	0.0
-ude	0.147058823529	0.735294117647	0.117647058824	0.0
-age	0.402255969101	0.338322214419	0.0257490636704	0.233672752809
-one	0.0349344978166	0.812227074236	0.0611353711791	0.0917030567686
-anu	0.0604064973285	0.140274647726	0.105635191101	0.693683663845
-ega	0.453493356194	0.412773253322	0.0385769395628	0.0951564509215
-ona	0.215508763416	0.361413812453	0.0837637208002	0.339313703331
-ego	0.408185168245	0.12000179189	0.0262570091204	0.445556030745
-any	0.00150602409639	0.98343373494	0.0	0.0150602409639
-rti	0.0556221439808	0.870214997378	0.0741628586411	0.0
-thy	0.0240842950326	0.944305067737	0.00602107375814	0.0255895634722
-das	0.0249095346293	0.961457544391	0.00302953799545	0.0106033829841
-450	0.1	0.166666666667	0.0333333333333	0.7
-dam	0.0	0.936679174484	0.0562851782364	0.00703564727954
-egu	0.317496514084	0.469310853563	0.0340849417612	0.179107690592
-onu	0.389189189189	0.448648648649	0.12972972973	0.0324324324324
-dah	0.0128976784179	0.97098022356	0.0096732588134	0.00644883920894
-dai	0.60788530466	0.237275985663	0.0215053763441	0.133333333333
-tha	0.0122649223222	0.963205233034	0.00327064595258	0.0212591986917
-ani	0.0681873874642	0.637541418511	0.0201365878605	0.274134606165
-ank	0.269662921348	0.554307116105	0.12734082397	0.0486891385768
-dab	0.0	1.0	0.0	0.0
-tao	0.802327460805	0.137546468401	0.020365282043	0.0397607887506
-tai	0.559939301973	0.36722306525	0.0273141122914	0.0455235204856
-tae	0.497307692308	0.321346153846	0.0507692307693	0.130576923077
-rga	0.0253164556962	0.962025316456	0.0	0.0126582278481
-tau	0.00966233246961	0.240358884789	0.199527650068	0.550451132674
-mia	0.0576923076923	0.942307692308	0.0	0.0
-vei	0.473921058527	0.123655320341	0.0234114105961	0.379012210535
-tus	0.090161468258	0.859693110019	0.0248721291746	0.0252732925484
-ent	0.00278683431908	0.842543860972	0.0418025147862	0.112866789923
-enu	0.0495075858398	0.0771892467394	0.0923609262709	0.78094224115
-ens	0.00662251655628	0.983443708609	0.00331125827815	0.00662251655629
-mis	0.0499001996008	0.948103792415	0.00199600798403	0.0
-ene	0.0648177851928	0.116421674315	0.00339122513315	0.815369315359
-ena	0.15841083091	0.526510222281	0.0873361954244	0.227742751384
-oel	0.04	0.96	0.0	0.0
