koi-	0.536124606686	0.168935128814	0.0329117891717	0.262028475328
agu-	0.593220338983	0.0508474576271	0.169491525424	0.186440677966
voi-	0.414800582284	0.153918135517	0.0270080192432	0.404273262956
wav-	0.194974874372	0.370854271357	0.186934673367	0.247236180905
del-	0.20239390642	0.682263329706	0.00544069640914	0.109902067465
mou-	0.0357941834452	0.93288590604	0.0	0.0313199105145
dok-	0.444108761329	0.299093655589	0.166163141994	0.0906344410876
maa-	1.0	0.0	0.0	0.0
ivi-	0.495798319328	0.352941176471	0.126050420168	0.0252100840336
yaḡ-	0.20751788621	0.0908505886362	0.0276337207101	0.673997804444
dib-	0.219917012448	0.272475795297	0.208852005533	0.298755186722
udi-	0.128318584071	0.283185840708	0.0353982300885	0.553097345133
poy-	0.397683397683	0.602316602317	0.0	0.0
lau-	0.427845018837	0.358036797039	0.110510702855	0.103607481269
eda-	0.316	0.148	0.086	0.45
ola-	0.065965583174	0.516252390057	0.074569789675	0.343212237094
ite-	0.440990213011	0.321243523316	0.0604490500864	0.177317213587
lis-	0.169892032429	0.0561738751777	0.0231176116497	0.750816480744
tea-	0.0495207667732	0.26357827476	0.279552715655	0.407348242812
san-	0.121261115602	0.613581244948	0.0776071139854	0.187550525465
aub-	0.177494036762	0.0885996913147	0.0126981899818	0.721208081942
vil-	0.325985718721	0.500776156473	0.0447066128532	0.128531511953
kat-	0.190714442708	0.445897846049	0.280141887272	0.0832458239719
kuv-	0.431743675388	0.362281190079	0.113193542401	0.0927815921321
mil-	0.402702642035	0.342746189589	0.204718399964	0.0498327684123
gan-	0.268184693232	0.686274509804	0.00759013282732	0.0379506641366
ked-	0.420628995697	0.332274035264	0.0744675797104	0.172629389328
tai-	0.237147177419	0.574596774194	0.0317540322581	0.156502016129
kum-	0.156882555637	0.624213401957	0.0589999271579	0.159904115249
suv-	0.552	0.328	0.024	0.096
oko-	0.0114285714286	0.777142857143	0.0114285714286	0.2
nen-	0.698795180723	0.144578313253	0.0	0.156626506024
aig-	0.255474452555	0.36496350365	0.262773722628	0.116788321168
val-	0.298562170033	0.211099260811	0.348096585249	0.142241983907
mul-	0.198927566056	0.188585858172	0.0247797821066	0.587706793665
naw-	0.520508881434	0.0516051466108	0.00257630427107	0.425309667684
kam-	0.162090667961	0.116065914373	0.0127980408466	0.709045376819
bod-	0.0899007589025	0.858727378868	0.025685931115	0.025685931115
kim-	0.442105263158	0.253947368421	0.0368421052632	0.267105263158
duḡ-	0.148351648352	0.826923076923	0.0247252747253	0.0
tag-	0.167263279446	0.0271939953811	0.0117782909931	0.79376443418
kov-	0.322278597119	0.26520479857	0.0548794411094	0.357637163202
maw-	0.127659574468	0.13475177305	0.184397163121	0.553191489362
noy-	0.682134570766	0.274555297757	0.0	0.0433101314771
lom-	0.240875912409	0.671532846715	0.0875912408759	0.0
saw-	0.30576095816	0.480206371128	0.147321188932	0.0667114817804
vel-	0.855793991416	0.0431684653527	0.0164506854452	0.0845868577857
nig-	0.172012710719	0.0525609951866	0.0347824354099	0.740643858685
pas-	0.725806451613	0.193548387097	0.0322580645161	0.0483870967742
nai-	0.369450714823	0.153498871332	0.400300978179	0.0767494356659
gug-	0.63503649635	0.175182481752	0.014598540146	0.175182481752
bwa-	0.272428119142	0.400907500011	0.241881259101	0.0847831217466
dia-	0.151739452258	0.678756476684	0.0236861584012	0.145817912657
nan-	0.224928462102	0.505157383377	0.147068609836	0.122845544686
pok-	0.650788436268	0.259526938239	0.0896846254928	0.0
bu'-	0.267441860465	0.523255813953	0.139534883721	0.0697674418604
mel-	0.0	1.0	0.0	0.0
isa-	0.310515244443	0.464176191804	0.0182477126999	0.207060851053
luv-	0.296367112811	0.401529636711	0.164435946463	0.137667304015
ḡid-	0.156164383562	0.73698630137	0.0493150684931	0.0575342465753
dio-	0.0715179688897	0.903271947077	0.00375469336671	0.0214553906669
bab-	0.0449110527851	0.868183143774	0.0816564596092	0.00524934383202
ita-	0.238805970149	0.55223880597	0.149253731343	0.0597014925373
siy-	0.0283783783784	0.716216216216	0.17027027027	0.0851351351351
vaw-	0.111659807956	0.807864654778	0.0120713305899	0.0684042066758
moi-	0.308874348558	0.0974696484494	0.10057771794	0.493078285053
kom-	0.564799860317	0.22960408573	0.0231350124405	0.182461041512
ali-	0.0520833333333	0.635416666667	0.0	0.3125
koḡ-	0.265446224256	0.446224256293	0.178489702517	0.109839816934
non-	0.651636643234	0.1113521529	0.141860720562	0.095150483304
tau-	0.166134820947	0.529121955004	0.0255891820816	0.279154041967
ḡeḡ-	0.449275362319	0.405797101449	0.0289855072464	0.115942028986
pou-	0.206477732793	0.599190283401	0.0607287449393	0.133603238866
mal-	0.235968445149	0.291365674586	0.0128975148251	0.45976836544
pek-	0.421774693411	0.205459512118	0.181340442782	0.191425351689
eph-	0.0392156862745	0.960784313725	0.0	0.0
sab-	0.0720193106723	0.923232163349	0.0	0.00474852597841
ḡab-	0.524126455907	0.284525790349	0.0	0.191347753744
lov-	0.50419726511	0.33195114104	0.0322946609728	0.131556932877
tub-	0.374994077265	0.321547108853	0.034670899167	0.268787914715
ena-	0.0200777485949	0.0139246182531	0.00283212574639	0.963165507406
maḡ-	0.341953232462	0.0874828060522	0.0231086657497	0.547455295736
yav-	0.228138398644	0.683019244192	0.0800678033702	0.008774553794
ḡem-	0.147031086851	0.0541172917243	0.147066734678	0.651784886747
mab-	0.0456784594716	0.0819525302284	0.0188087774295	0.853560232871
gos-	0.567093798052	0.100871348027	0.0182470527935	0.313787801128
sak-	0.383815776277	0.186018166833	0.0361723189095	0.393993737981
ALL	0.252804851599	0.286355245941	0.0502499907466	0.410589911713
dud-	0.291407867495	0.305900621118	0.110766045549	0.291925465838
ḡam-	0.0106951871658	0.932263814617	0.0499108734403	0.00713012477717
ḡim-	0.115473441109	0.73441108545	0.00692840646651	0.143187066975
kui-	0.853260869565	0.146739130435	0.0	0.0
big-	0.686813186813	0.148351648352	0.164835164835	0.0
liv-	0.208163265306	0.742857142857	0.0	0.0489795918367
guy-	0.0240912024091	0.884706388471	0.0393633039363	0.051839105184
ata-	0.502994011976	0.353293413174	0.0359281437126	0.107784431138
yov-	0.206214098002	0.120816763181	0.0249308123445	0.648038326473
wae-	0.120363062352	0.857932123126	0.0	0.0217048145225
lol-	0.10817645406	0.282101713965	0.511379601012	0.0983422309637
bin-	0.553064275037	0.090985897186	0.0266458698902	0.329303957887
kei-	0.453949763378	0.109210047324	0.436840189297	0.0
tek-	0.583333333333	0.0591397849462	0.206989247312	0.150537634409
tal-	0.611877528668	0.167310929052	0.032975981149	0.187835561131
gid-	0.0203327171903	0.928835489834	0.0101663585952	0.0406654343808
daḡ-	0.373333333333	0.56380952381	0.0	0.0628571428571
kos-	0.640522875817	0.335947712418	0.0156862745098	0.0078431372549
dak-	0.109038410395	0.790661449033	0.0319136810911	0.0683864594811
wan-	0.186704384724	0.455445544554	0.256011315417	0.101838755304
pon-	0.0700934579439	0.364485981308	0.224299065421	0.341121495327
ged-	0.0	0.778658536585	0.181097560976	0.040243902439
sik-	0.255555555556	0.544444444444	0.2	0.0
ben-	0.115882473803	0.0838298746662	0.0320525991371	0.768235052394
mwa-	0.316094557924	0.529327197787	0.0405125028191	0.11406574147
mat-	0.146536600597	0.305481858126	0.0962621149861	0.451719426291
bun-	0.403587443946	0.116591928251	0.156950672646	0.322869955157
lam-	0.0	0.864347234814	0.0928150498639	0.0428377153218
til-	0.766248937978	0.109494477485	0.0414188615123	0.0828377230246
ani-	0.346162653975	0.464576261841	0.0606900269953	0.128571057189
dik-	0.0566037735849	0.547169811321	0.0	0.396226415094
nad-	0.0839160839161	0.293706293706	0.58041958042	0.041958041958
yad-	0.321252959388	0.663449280641	0.0152977599709	0.0
sun-	0.403834979663	0.0848343986055	0.137710633353	0.373619988379
aiv-	0.388888888889	0.037037037037	0.0	0.574074074074
sov-	0.53845663234	0.183307412659	0.10342103843	0.174814916571
ban-	0.241488748234	0.1304979725	0.0403340493722	0.587679229894
ise-	0.571053399475	0.312226437117	0.0175080245112	0.099212138897
tey-	0.391025641026	0.339743589744	0.0544871794872	0.214743589744
diḡ-	0.408026755853	0.541806020067	0.010033444816	0.0401337792642
dab-	0.322962388257	0.147542087158	0.0182576401527	0.511237884432
did-	0.22015132042	0.225061163749	0.272210996683	0.282576519148
nam-	0.395689862141	0.488349612707	0.103754154083	0.0122063710686
ale-	0.0	1.0	0.0	0.0
sid-	0.163168137477	0.126130647116	0.380044307903	0.330656907504
bon-	0.825737265416	0.053619302949	0.120643431635	0.0
oli-	0.0697412823397	0.916760404949	0.0134983127109	0.0
led-	0.25	0.739726027397	0.0	0.0102739726027
mod-	0.328151027207	0.295391449195	0.05941143809	0.317046085508
kon-	0.208466799411	0.125126251695	0.0440365913485	0.622370357545
vit-	0.555823911475	0.18774115949	0.0563868174164	0.200048111619
siv-	0.24713748191	0.447058755427	0.161678726483	0.144125036179
pan-	0.483102282717	0.285149685598	0.0466015063715	0.185146525313
ḡai-	0.160960281174	0.480006552787	0.0533754300266	0.305657736012
nim-	0.218656519785	0.560023016476	0.0140656240797	0.20725483966
tuḡ-	0.58361774744	0.303754266212	0.0563139931741	0.0563139931741
tul-	0.31914893617	0.127659574468	0.106382978723	0.446808510638
yam-	0.0954159703791	0.566652467862	0.222637264218	0.115294297541
piu-	0.13698630137	0.739726027397	0.0	0.123287671233
mai-	0.151328417997	0.372158540501	0.0217424687573	0.454770572746
pen-	0.167224080268	0.468227424749	0.284280936455	0.0802675585284
vio-	0.0298507462687	0.223880597015	0.611940298507	0.134328358209
pae-	0.0530612244898	0.78833819242	0.066472303207	0.0921282798834
lab-	0.0974130688402	0.139169490378	0.107028951172	0.65638848961
kau-	0.270903267518	0.255139603511	0.0900320802349	0.383925048736
ḡen-	0.282003166598	0.469242948455	0.108368029086	0.140385855861
yes-	0.0237781033209	0.603581243871	0.00198554426916	0.370655108539
dug-	0.470279129883	0.234848270533	0.0711107555266	0.223761844057
lou-	0.122990915444	0.830887491265	0.0461215932914	0.0
ḡin-	0.365504394901	0.448687350835	0.0855695907794	0.100238663484
kun-	0.190675794406	0.268157856201	0.0550043930297	0.486161956363
kan-	0.568287970588	0.272280135728	0.0711811228847	0.0882507707998
yea-	0.0467600216071	0.0238725304404	0.0004486910915	0.928918756861
diy-	0.0677474491117	0.736831201119	0.0278655409955	0.167555808774
doḡ-	0.0820517398979	0.613107027766	0.0456446764995	0.259196555837
pwa-	0.584578313253	0.106987951807	0.0231325301205	0.285301204819
ain-	0.211267605634	0.253521126761	0.239436619718	0.295774647887
daw-	0.401433691756	0.483870967742	0.0	0.114695340502
ḡaḡ-	0.429975429976	0.113022113022	0.0	0.457002457002
dou-	0.772388059702	0.194029850746	0.0111940298507	0.0223880597015
kow-	0.384	0.184	0.192	0.24
met-	0.048275862069	0.951724137931	0.0	0.0
100-	0.0947368421053	0.123684210526	0.0868421052632	0.694736842105
kaḡ-	0.244242952137	0.64554552652	0.0398183560981	0.0703931652449
giy-	0.168202764977	0.790322580645	0.0276497695853	0.0138248847926
ken-	0.408018444911	0.190625379689	0.070470206377	0.330885969023
tit-	0.317829457364	0.294573643411	0.0	0.387596899225
ḡeg-	0.411917098446	0.261658031088	0.20207253886	0.124352331606
eta-	0.178946559285	0.608457389024	0.0196796866624	0.192916365028
lai-	0.373160945163	0.362906821222	0.19705751226	0.0668747213553
muu-	0.0	0.888268156425	0.111731843575	0.0
ala-	0.8071278826	0.164046121593	0.0288259958071	0.0
mba-	0.155240265782	0.100275886089	0.00548930650888	0.73899454162
ḡiḡ-	0.344827586207	0.5	0.0862068965517	0.0689655172414
yoḡ-	0.324742268041	0.551546391753	0.0309278350515	0.0927835051547
wai-	0.220171441066	0.336452552691	0.0521529908469	0.391223015396
gay-	0.191202591161	0.570577787065	0.0	0.238219621774
kin-	0.345098039216	0.611764705882	0.043137254902	0.0
gob-	0.481932412394	0.244127058456	0.0	0.27394052915
egu-	0.172323486277	0.0251414204903	0.0188560653677	0.783679027865
dan-	0.097290223596	0.791520949437	0.0208479050563	0.0903409219106
lug-	0.276747577873	0.491196999687	0.0876653818106	0.144390040629
kag-	0.360421625297	0.372260517449	0.154802015394	0.11251584186
bam-	0.219253795789	0.0804827189946	0.0115599540838	0.688703531132
ted-	0.0480573378145	0.0217690192484	0.000572868927588	0.92960077401
din-	0.251382129188	0.587204082597	0.145537022161	0.0158767660539
yai-	0.379289200031	0.0332149518383	0.00613199110861	0.581363857022
mak-	0.262510254307	0.073010664479	0.0574241181296	0.607054963085
vot-	0.186118531424	0.628979398142	0.0024329219794	0.182469148455
was-	0.128884433625	0.841042531863	0.0300730345124	0.0
don-	0.288647342995	0.642512077295	0.0217391304348	0.0471014492754
tat-	0.562596599691	0.0278207109737	0.15455950541	0.255023183926
leg-	0.455296995204	0.298987166115	0.0578154914545	0.187900347227
ave-	0.524929444967	0.124176857949	0.0348071495767	0.316086547507
ḡau-	0.138821630347	0.283696529459	0.401129943503	0.176351896691
kip-	0.122315253003	0.816527120495	0.0611576265016	0.0
pot-	0.23426275741	0.15114670356	0.171340392699	0.443250146331
kew-	0.0857142857143	0.592857142857	0.0	0.321428571429
sis-	0.12962962963	0.842592592593	0.0	0.0277777777778
wat-	0.310198007964	0.35556217249	0.0492563944593	0.284983425086
noḡ-	0.400700701792	0.313999486812	0.0314543213011	0.253845490094
ama-	0.225742574257	0.356435643564	0.180198019802	0.237623762376
kok-	0.453608247423	0.288659793814	0.237113402062	0.020618556701
dub-	0.32697740113	0.486581920904	0.0720338983051	0.114406779661
bet-	0.0378787878788	0.936868686869	0.00252525252525	0.0227272727273
vis-	0.175618999056	0.281012130749	0.371837762035	0.17153110816
law-	0.0623556581985	0.75519630485	0.0	0.182448036952
sal-	0.389221556886	0.545140488254	0.0207277752187	0.0449101796407
isk-	0.0	1.0	0.0	0.0
gab-	0.239446922942	0.526154733816	0.0786135981949	0.155784745047
baḡ-	0.675154320988	0.0495113168724	0.02829218107	0.24704218107
den-	0.24358974359	0.391025641026	0.0769230769231	0.288461538462
pip-	0.220183486239	0.669724770642	0.110091743119	0.0
yan-	0.337078651685	0.449438202247	0.0149812734082	0.198501872659
bad-	0.128055494385	0.697093151288	0.0350143140277	0.1398370403
liu-	0.419047619048	0.0285714285714	0.0	0.552380952381
diu-	0.10504965361	0.741643178885	0.0292389958644	0.124068171641
sul-	0.537153652393	0.328085642317	0.0453400503778	0.0894206549118
lul-	0.4875	0.23125	0.28125	0.0
tab-	0.292078551052	0.430770251443	0.0905592781796	0.186591919326
gal-	0.118348041348	0.774541291423	0.0256041435608	0.0815065236685
sel-	0.0759878419453	0.668693009119	0.0	0.255319148936
rou-	0.655172413793	0.172413793103	0.0689655172414	0.103448275862
ete-	0.568862275449	0.395209580838	0.0359281437126	0.0
vav-	0.561403508772	0.34153139859	0.0354156419085	0.0616494507297
tak-	0.0972972972973	0.82972972973	0.0243243243243	0.0486486486486
mun-	0.255391431924	0.105454722373	0.0250141973605	0.614139648342
lel-	0.318936877076	0.624584717608	0.0398671096345	0.016611295681
kak-	0.164457615527	0.0776695867392	0.0327286937832	0.72514410395
unu-	0.187878787879	0.606060606061	0.163636363636	0.0424242424243
gud-	0.0900243309003	0.812652068127	0.0705596107056	0.0267639902676
lal-	0.586705202312	0.291907514451	0.0606936416185	0.0606936416185
nis-	0.160682830424	0.763701719965	0.0378077248056	0.0378077248056
gus-	0.849162011173	0.150837988827	0.0	0.0
yeb-	0.875	0.125	0.0	0.0
gau-	0.245996407381	0.652038539002	0.051211148005	0.0507539056121
nuw-	0.424626363919	0.267901443251	0.127537028906	0.179935163924
gel-	0.431271477663	0.395618556701	0.0463917525773	0.126718213058
sau-	0.276164250311	0.282060342942	0.0952591876072	0.34651621914
sag-	0.53236818814	0.225123277279	0.0637248704009	0.17878366418
kit-	0.626798391759	0.074306462194	0.0171476451217	0.281747500925
pop-	0.521302058401	0.360220201053	0.0710866443274	0.0473910962183
gol-	0.141509433962	0.849056603774	0.00943396226413	0.0
ela-	0.00862932429311	0.946066723168	0.0129439864396	0.0323599660991
iyo-	0.0504733239743	0.949526676026	0.0	0.0
geḡ-	0.125335336409	0.171584934006	0.0178130700719	0.685266659513
pak-	0.194163860831	0.373737373737	0.010101010101	0.421997755331
bai-	0.161682528305	0.0806355274161	0.00517660176004	0.752505342518
sew-	0.276556776557	0.214285714286	0.131868131868	0.377289377289
kad-	0.525959367946	0.126410835214	0.158013544018	0.189616252822
gul-	0.194616977226	0.248059006211	0.161620082816	0.395703933747
oti-	0.235164381577	0.194876143991	0.129549843795	0.440409630637
koy-	0.285537700865	0.714462299135	0.0	0.0
men-	0.0224719101124	0.966292134831	0.0	0.0112359550562
ava-	0.696098138711	0.145697738854	0.0494387882607	0.108765334174
bus-	0.194187582563	0.211360634082	0.428005284016	0.16644649934
eib-	0.0355555555556	0.964444444444	0.0	0.0
lub-	0.355140186916	0.429906542056	0.102803738318	0.11214953271
noi-	0.139918554871	0.0737182833873	0.216769343218	0.569593818523
lup-	0.0	1.0	0.0	0.0
sol-	0.439863454081	0.208122051724	0.0569162275324	0.295098266662
bib-	0.742574257426	0.108910891089	0.039603960396	0.108910891089
teg-	0.681658142465	0.250240901342	0.0402119931806	0.0278889630124
kiv-	0.7183963169	0.17149434107	0.0362555150585	0.073853826971
mag-	0.160784313725	0.83137254902	0.0	0.0078431372549
end-	0.0	1.0	0.0	0.0
wap-	0.129634678336	0.113188201273	0.533852407916	0.223324712475
dob-	0.0644941523788	0.60849324401	0.0926535710231	0.234359032588
taw-	0.325986673501	0.497180932855	0.0	0.176832393644
kof-	0.0952380952381	0.269841269841	0.603174603175	0.031746031746
alo-	0.160245183888	0.755691768827	0.0157618213661	0.0683012259195
niḡ-	0.225255972696	0.552901023891	0.0204778156997	0.201365187713
pit-	0.0864537444934	0.900330396476	0.0	0.0132158590309
ḡav-	0.176747588382	0.648275828297	0.0584816671088	0.116494916213
man-	0.16314346809	0.608214577862	0.0671058107662	0.161536143281
vin-	0.301080499039	0.566378358504	0.0373425457713	0.0951985966863
sip-	0.238053866203	0.704604691573	0.015638575152	0.0417028670721
ḡad-	0.536723163842	0.0	0.045197740113	0.418079096045
fai-	0.202898550725	0.0418060200669	0.0702341137124	0.685061315496
ema-	0.346478873239	0.335211267606	0.087323943662	0.230985915493
pis-	0.362292051756	0.637707948244	0.0	0.0
mie-	0.141025641026	0.294871794872	0.0512820512821	0.512820512821
ten-	0.537946428571	0.28125	0.0602678571428	0.120535714286
sai-	0.155598720691	0.442364660122	0.0272517533414	0.374784865845
yas-	0.273279352227	0.69028340081	0.0364372469636	0.0
suw-	0.174286305337	0.536098469177	0.0248241621845	0.264791063302
von-	0.407784986098	0.128822984245	0.0556070435589	0.407784986098
nop-	0.141818472218	0.224612121663	0.0537667393405	0.579802666778
gag-	0.443076923077	0.327179487179	0.135384615385	0.094358974359
nua-	0.609689213894	0.187842778793	0.154021937843	0.0484460694698
dei-	0.0192809801165	0.913235589476	0.00964049005825	0.0578429403495
ima-	0.188525559825	0.109569831444	0.0113606607712	0.690543947959
nus-	0.338983050847	0.101694915254	0.0	0.559322033898
sa'-	0.931513526688	0.0518523031927	0.0	0.0166341701194
ewa-	0.5	0.078125	0.390625	0.03125
kot-	0.166646219278	0.107008001745	0.0708842814106	0.655461497567
bul-	0.10345919696	0.702642784249	0.01477988528	0.179118133512
van-	0.0739681583152	0.738226163125	0.0138493573016	0.173956321258
tan-	0.0720081251134	0.0546914816843	0.00420591737757	0.869094475825
edi-	0.0121727557496	0.00868323243471	0.00316491649489	0.975979095321
bil-	0.162454873646	0.642599277978	0.162454873646	0.0324909747292
kav-	0.263716814159	0.449557522124	0.191150442478	0.0955752212389
abo-	0.283093053735	0.551769331586	0.0589777195282	0.106159895151
mu'-	0.0408163265306	0.959183673469	0.0	0.0
ḡoy-	0.466848450828	0.168448815589	0.0636035777	0.301099155883
buw-	0.0373574518286	0.89068029886	0.0601651592607	0.0117970900511
vai-	0.336394214325	0.113602844439	0.0345815326338	0.515421408602
ḡon-	0.402126184423	0.281257222094	0.122486711347	0.194129882135
ton-	0.751449875725	0.19884009942	0.0	0.049710024855
gun-	0.0	0.135483870968	0.812903225807	0.0516129032257
yaa-	0.314309346567	0.520264681555	0.0330851943755	0.132340777502
pol-	0.911016949153	0.0254237288136	0.0	0.0635593220339
geb-	0.162933099114	0.673695241939	0.0615120771953	0.101859581751
gei-	0.0694333599361	0.165203511572	0.191540303272	0.57382282522
yaw-	0.441157717767	0.262955746054	0.137217287065	0.158669249113
dam-	0.179909666162	0.613355571711	0.0913666802372	0.115368081889
tin-	0.0433604502852	0.75540094588	0.0522631128992	0.148975490936
ses-	0.0968495085464	0.851266826161	0.0	0.0518836652927
bal-	0.0909090909091	0.736770691995	0.0597014925374	0.112618724559
naḡ-	0.520165131788	0.351540171483	0.0190536678311	0.109241028898
ḡes-	0.0685678147338	0.202649513618	0.0908689971957	0.637913674453
sad-	0.0384615384615	0.884615384615	0.0384615384615	0.0384615384615
top-	0.0653322031689	0.848601421399	0.00391210797417	0.0821542674578
tun-	0.35342854455	0.236400128373	0.305816784499	0.104354542578
tas-	0.175312949262	0.727304603948	0.0	0.0973824467898
ais-	0.0808591282375	0.805432722679	0.0	0.113708149084
ḡol-	0.184931506849	0.301369863014	0.041095890411	0.472602739726
saḡ-	0.246852373649	0.0759353711167	0.182223490388	0.494988764846
abi-	0.0367197062424	0.742962056304	0.0	0.220318237454
kep-	0.138888888889	0.819444444445	0.0416666666666	0.0
sib-	0.800408041687	0.0734015012898	0.00284640128623	0.123344055737
gim-	0.0629629629629	0.344444444444	0.0592592592592	0.533333333333
keb-	0.100196815173	0.899803184827	0.0	0.0
soi-	0.388667316612	0.33770569293	0.0357469940028	0.237879996455
mot-	0.103054672806	0.0268067535724	0.0106362280304	0.859502345591
bew-	0.430188679245	0.501886792453	0.0	0.0679245283019
bla-	0.308629441624	0.455837563452	0.0944162436548	0.141116751269
ves-	0.119599707103	0.803514766903	0.0512570173298	0.0256285086649
kwa-	0.290490642763	0.197842334968	0.0111233343144	0.500543687955
lav-	0.053795243766	0.313181047238	0.0168308613908	0.616192847606
pep-	0.361111111111	0.638888888889	0.0	0.0
get-	0.0	1.0	0.0	0.0
ḡak-	0.36288203568	0.351265385147	0.0912736827548	0.194578896418
miy-	0.474912815636	0.129746125164	0.0195562668502	0.37578479235
isl-	0.0190476190476	0.971428571429	0.0	0.00952380952381
mas-	0.149622143719	0.0691932397734	0.0273478042914	0.753836812216
bag-	0.199312714777	0.118556701031	0.46735395189	0.214776632302
laḡ-	0.138379127241	0.291493510185	0.059432919767	0.510694442807
lib-	0.234249471459	0.629598308668	0.100634249471	0.0355179704016
may-	0.439594699922	0.234996102884	0.128604832424	0.19680436477
kas-	0.280640868101	0.378039157182	0.254093758956	0.0872262157611
sum-	0.590079267307	0.318961850941	0.00593210098382	0.0850267807681
gad-	0.804081904246	0.0388811021279	0.000783424129138	0.156253569497
isu-	0.370481927711	0.59563253012	0.0135542168674	0.0203313253012
tei-	0.753731343284	0.179104477612	0.0671641791045	0.0
oya-	0.132416228344	0.706477360503	0.0220693713907	0.139037039762
kul-	0.54945973469	0.241434678701	0.0532563678888	0.15584921872
kek-	0.347402597403	0.175324675325	0.457792207792	0.0194805194805
dai-	0.241260580556	0.668356367462	0.00286930323753	0.0875137487447
vam-	0.680511182109	0.223642172524	0.0	0.0958466453674
nuv-	0.0	0.988365328679	0.0116346713205	0.0
aee-	0.558558558559	0.234234234234	0.0	0.207207207207
kal-	0.180525697119	0.57522111646	0.076728749661	0.16752443676
ḡow-	0.46484375	0.1328125	0.0	0.40234375
boe-	0.0212765957447	0.936170212766	0.0	0.0425531914894
kil-	0.111627906977	0.860465116279	0.0279069767442	0.0
gwa-	0.567728599222	0.121595330739	0.238326848249	0.0723492217899
sim-	0.291941577774	0.0819069997196	0.0160367408515	0.610114681655
alu-	0.13799189599	0.313172744674	0.328361548214	0.220473811122
wag-	0.0754462782082	0.857864600876	0.0404176490401	0.026271471876
kel-	0.632227488152	0.187677725118	0.0682464454976	0.111848341232
sav-	0.665683061075	0.178749701826	0.0361784272323	0.119388809867
nat-	0.315261586205	0.512933734664	0.0331657728409	0.13863890629
gav-	0.111486486486	0.628378378378	0.118243243243	0.141891891892
bey-	0.474819395945	0.362742389652	0.0722939305856	0.0901442838166
nas-	0.0	0.963190184049	0.0	0.036809815951
pil-	0.0903878140986	0.738416424164	0.117974281404	0.0532214803328
poa-	0.144904458599	0.53324044586	0.163017515924	0.158837579618
gom-	0.138667967256	0.470046721461	0.037687537064	0.353597774218
bol-	0.0191693290735	0.809726659567	0.0227192048278	0.148384806532
olo-	0.0744319091055	0.517832853257	0.0296047367579	0.37813050088
idu-	0.443175328384	0.351227869789	0.0342661336379	0.17133066819
liy-	0.162879824802	0.785381877909	0.0517382972899	0.0
ait-	0.749425287356	0.0666666666666	0.0	0.183908045977
ḡuy-	0.171088251218	0.361126150514	0.191662154846	0.276123443422
yab-	0.212202657557	0.426389691291	0.208886991033	0.152520660119
iwa-	0.319293478261	0.396739130435	0.259510869565	0.0244565217391
lof-	0.262992267578	0.102229814782	0.229275310196	0.405502607445
gum-	0.25	0.0961538461538	0.615384615385	0.0384615384615
ina-	0.15	0.578571428571	0.0857142857143	0.185714285714
tom-	0.0112464854733	0.96626054358	0.0	0.0224929709466
mud-	0.373626373626	0.406593406593	0.0	0.21978021978
iye-	0.574879227053	0.225442834138	0.061191626409	0.138486312399
yoy-	0.0482024502912	0.710785298253	0.192809801165	0.0482024502912
dol-	0.552330854344	0.0948604239509	0.0549047079943	0.297904013711
ota-	0.226993865031	0.0871165644172	0.0625766871166	0.623312883436
lat-	0.232558139535	0.461012311902	0.259917920656	0.046511627907
pal-	0.078496196353	0.854965223387	0.0124191887284	0.0541193915319
ḡal-	0.694444444444	0.111111111111	0.0833333333333	0.111111111111
nev-	0.135771180304	0.734974656046	0.00362056480811	0.125633598841
kol-	0.205153135634	0.625668449198	0.0262518230433	0.142926592124
vat-	0.31914893617	0.611218568665	0.0	0.0696324951644
keu-	0.144329896907	0.512027491409	0.27147766323	0.0721649484536
dag-	0.132547864507	0.867452135493	0.0	0.0
tav-	0.738087467363	0.0751060704961	0.00970953002611	0.177096932115
med-	0.146551724138	0.172413793103	0.670689655172	0.0103448275862
yak-	0.374371859296	0.444723618091	0.120603015075	0.0603015075376
ḡaw-	0.0	0.391167192429	0.608832807571	0.0
kwe-	0.474040632054	0.104589917231	0.168547780286	0.252821670429
vad-	0.552367288379	0.447632711621	0.0	0.0
tup-	0.533284430589	0.323675041262	0.0137538969374	0.129286631212
wit-	0.260869565217	0.645962732919	0.0	0.0931677018633
dul-	0.223804679552	0.641912512716	0.134282807731	0.0
ege-	0.753623188406	0.231884057971	0.0144927536232	0.0
pul-	0.21048189742	0.615118816147	0.120275369954	0.0541239164794
emi-	0.273979418374	0.385868168136	0.0336669624273	0.306485451063
aiy-	0.0617315953576	0.261757621444	0.00914542153447	0.667365361664
mad-	0.0747663551402	0.92523364486	0.0	0.0
viv-	0.229363961642	0.551672829154	0.0985334441419	0.120429765062
pes-	0.16011942169	0.715189879236	0.0368090624574	0.087881636617
ane-	0.0	0.933305227401	0.00416842328742	0.0625263493113
tem-	0.218442698766	0.0712578256545	0.00839720281914	0.70190227276
sei-	0.154659061983	0.820840492554	0.0122502227313	0.0122502227313
bat-	0.165338645418	0.48406374502	0.332669322709	0.0179282868526
tad-	0.189315352697	0.309647302904	0.0124481327801	0.488589211618
wad-	0.332113944882	0.366293485233	0.196578347438	0.105014222447
kap-	0.145546705286	0.741491672701	0.0673425054308	0.0456191165822
dau-	0.320708613317	0.0882712278559	0.34819792303	0.242822235797
tam-	0.191839514679	0.240862517653	0.00742882050119	0.559869147167
ḡiu-	0.547619047619	0.214285714286	0.214285714286	0.0238095238095
seb-	0.465838509317	0.301242236025	0.108695652174	0.124223602484
lag-	0.298140426304	0.220390562275	0.0	0.481469011422
pap-	0.184457728437	0.262169086251	0.471391972673	0.0819812126388
ila-	0.275015346838	0.100470636382	0.50992428893	0.114589727849
dal-	0.388235294118	0.270588235294	0.141176470588	0.2
giu-	0.440930987933	0.0984955708981	0.0180535946959	0.442519846474
ḡot-	0.208527648235	0.159893404397	0.20253164557	0.429047301799
200-	0.16393442623	0.303278688525	0.188524590164	0.344262295082
poo-	0.764227642276	0.186991869919	0.0487804878049	0.0
vun-	0.752688172043	0.182795698925	0.0645161290323	0.0
lan-	0.551282051282	0.346153846154	0.0	0.102564102564
ḡos-	0.677285588838	0.226241584545	0.0	0.0964728266172
iev-	0.586538461539	0.201923076923	0.0240384615384	0.1875
ebo-	0.47691015953	0.482787573468	0.00251889168766	0.0377833753149
kai-	0.459562570299	0.216979728444	0.0515589596963	0.271898741561
tet-	0.0	0.604395604396	0.0	0.395604395604
wal-	0.635105540282	0.0520013046922	0.0181724989516	0.294720656074
yel-	0.0485428595846	0.737372874113	0.0076916502863	0.206392616016
pus-	0.526696035242	0.262378854626	0.0851101321586	0.125814977974
tim-	0.0634920634921	0.936507936508	0.0	0.0
ḡas-	0.350531300461	0.388686959099	0.0279409007614	0.232840839679
sae-	0.656603773585	0.158490566038	0.139622641509	0.0452830188679
tuw-	0.598758590113	0.248281977389	0.00665041010863	0.14630902239
mol-	0.0882352941176	0.0588235294118	0.852941176471	0.0
elo-	0.0	0.948792977323	0.033650329188	0.0175566934894
iya-	0.0696937697993	0.912882787751	0.0174234424498	0.0
ube-	0.197530864198	0.37037037037	0.0	0.432098765432
nok-	0.172602739726	0.731506849315	0.0465753424658	0.0493150684932
yog-	0.820224719101	0.0337078651686	0.0	0.14606741573
neḡ-	0.499146757679	0.372866894198	0.0767918088737	0.0511945392491
kab-	0.516917392452	0.351543942993	0.00738981261546	0.12414885194
ḡom-	0.136042319006	0.0124142075466	0.00616756808046	0.845375905367
oga-	0.455882352941	0.455882352941	0.0294117647059	0.0588235294118
auw-	0.433333333333	0.541666666667	0.025	0.0
