-hôn	0.879765894754	0.035382901884	0.033833670782	0.0510175325804
-hôm	0.45	0.1	0.0	0.45
-imô	0.00352973119739	0.995927233234	0.0	0.000543035568829
-yêɲ	0.603499742666	0.333093154915	0.0321152856408	0.0312918167782
-msê	0.746650426309	0.182704019488	0.0560292326431	0.0146163215591
-aja	0.0	0.922007765461	0.0	0.0779922345394
-hen	0.0821826794895	0.0356244023939	0.003425961292	0.878766956825
-côb	0.0400691792667	0.045017894142	0.888200140413	0.0267127861778
-rbe	0.583504098361	0.185450819672	0.0117827868852	0.219262295082
-imé	0.0960800045848	0.726259384492	0.108029113416	0.0696314975071
-hee	0.283667621777	0.716332378223	0.0	0.0
-rbi	0.0497112444797	0.0498244819386	0.889140527687	0.0113237458951
-êlê	0.496384768627	0.396346649364	0.0567659310553	0.0505026509529
-rbo	0.333572145006	0.0426995271529	0.00945694225535	0.614271385585
-rbu	0.0143389429444	0.0710766568366	0.0376838722209	0.876900527998
-oya	0.463897515528	0.159549689441	0.139751552795	0.236801242236
-dôô	0.134479271992	0.554095045501	0.283114256825	0.0283114256825
-oyo	0.722531344126	0.11897790942	0.158490746453	0.0
-ɲôn	0.117050415613	0.718920290102	0.0202358345635	0.143793459722
-tôn	0.294092141603	0.130655965782	0.0179616535995	0.557290239015
-tôm	0.358194636764	0.375363145177	0.048675783383	0.217766434676
-tôr	0.0190114068441	0.930291508238	0.04309252218	0.00760456273766
-ɲji	0.551028195727	0.237438727646	0.0578051866582	0.153727889968
-gaɲ	0.177791136374	0.295646444594	0.163569392543	0.362993026489
-ɲôr	0.724137931035	0.245210727969	0.0153256704981	0.0153256704981
-yri	0.435450735968	0.349132162896	0.0865600067857	0.128857094351
-êbê	0.41491164367	0.517308157831	0.0508351488744	0.0169450496248
-ebé	0.467987088769	0.358771364793	0.0697664453472	0.103475101091
-ɲêm	0.171370967742	0.701612903226	0.0907258064516	0.0362903225806
-pur	0.683722470608	0.284484186124	0.0163934426229	0.0153999006458
-pus	0.0117554858934	0.986285266458	0.0019592476489	0.0
-péé	0.221538461538	0.741538461538	0.0	0.0369230769231
-mɲê	0.141467609808	0.56392214368	0.229964349082	0.0646458974311
-ɗêɲ	0.184615384615	0.538461538462	0.215384615385	0.0615384615384
-dur	0.565588773643	0.384990848078	0.0494203782794	0.0
-eɲê	0.140570934256	0.62910899654	0.219506920415	0.0108131487889
-dus	0.0909090909091	0.422287390029	0.147605083089	0.339198435973
-yre	0.0879613583281	0.650700481545	0.208765018318	0.0525731418083
-pul	0.67227422211	0.205982797875	0.090437642297	0.0313053377182
-nan	0.123393316195	0.718508997429	0.142673521851	0.0154241645244
-duu	0.541779091182	0.372706896798	0.0379031221894	0.0476108898311
-pre	0.0	0.995	0.005	0.0
-aki	0.0397618541357	0.920476291729	0.0	0.0397618541357
-gêr	0.0806451612903	0.822580645161	0.0806451612903	0.0161290322581
-nam	0.0788732394366	0.830985915493	0.0901408450704	0.0
-aré	0.00696136442742	0.938739993039	0.00626522798468	0.0480334145493
-arê	0.309003071089	0.465820191163	0.160610067597	0.0645666701518
-bêɲ	0.586062761245	0.23551063697	0.0455424543016	0.132884147483
-gêj	0.265060240964	0.409638554217	0.144578313253	0.180722891566
-sis	0.0425531914894	0.957446808511	0.0	0.0
-gên	0.138888888889	0.42037037037	0.188888888889	0.251851851852
-opi	0.0710306406685	0.849582172702	0.0543175487465	0.025069637883
-gêm	0.344550244985	0.511001201812	0.0658685402607	0.0785800129426
-gêd	0.13698630137	0.13698630137	0.0365296803653	0.689497716895
-msa	0.125550660793	0.752202643172	0.0991189427312	0.023127753304
-sip	0.0	0.990099009901	0.00990099009901	0.0
-ded	0.38646668992	0.45169166376	0.125566794559	0.0362748517614
-mse	0.829201101928	0.137741046832	0.0247933884298	0.00826446280992
-rbô	0.329545454545	0.670454545455	0.0	0.0
-dem	0.22095411413	0.217574418302	0.127778499935	0.433692967633
-den	0.340314136126	0.219895287958	0.204188481675	0.235602094241
-ima	0.0769230769231	0.865384615385	0.0	0.0576923076923
-beŋ	0.225438708851	0.186307160241	0.408607659792	0.179646471116
-der	0.0909485651127	0.864998223661	0.0440532112265	0.0
-eré	0.18148174406	0.327769422944	0.0222157525996	0.468533080397
-rbê	0.0503033367038	0.918604651163	0.028058645096	0.00303336703741
-rbé	0.282354761352	0.442639436838	0.0483484180398	0.22665738377
-baɲ	0.429395614588	0.148350832931	0.0411827996884	0.381070752792
-yji	0.560789738636	0.230152168753	0.116889176291	0.0921689163195
-yaŋ	0.495802812876	0.119574887868	0.0352370108468	0.34938528841
-ééɲ	0.548429319372	0.141361256544	0.0589005235602	0.251308900524
-dôs	0.0	1.0	0.0	0.0
-ɗén	0.423284057637	0.120785547997	0.0165597360218	0.439370658344
-ɗém	0.719096823574	0.139303482587	0.0183696900115	0.123230003827
-ôsa	0.066772433743	0.0279735242823	0.0072117153009	0.898042326674
-idi	0.0590551181102	0.94094488189	0.0	0.0
-dôy	0.275229357798	0.110091743119	0.614678899082	0.0
-ray	0.297494365637	0.244465066949	0.419329179372	0.0387113880419
-oyé	0.713696511428	0.177521910981	0.0731225296442	0.0356590479464
-obe	0.673684210526	0.189473684211	0.136842105263	0.0
-bid	0.00480382384378	0.972498108494	0.017774148222	0.00492391943988
-ôji	0.170132325142	0.801512287335	0.0283553875236	0.0
-ɗéy	0.0	0.584221748401	0.0	0.415778251599
-tôô	0.0820443243867	0.877113930235	0.0181749944072	0.0226667509712
-dôk	0.0	1.0	0.0	0.0
-lew	0.20518801244	0.134718688154	0.174017528979	0.486075770427
-dôn	0.0	0.996830427892	0.00316957210776	0.0
-dôm	0.0135166270964	0.964706584804	0.0217767880997	0.0
-mɲa	0.141176470588	0.819607843137	0.00784313725489	0.0313725490196
-ter	0.107023411371	0.788628762542	0.0441471571906	0.0602006688963
-uta	0.0	1.0	0.0	0.0
-rêk	0.0217955371043	0.227815256876	0.669434353918	0.0809548521017
-êri	0.338584290169	0.471092990721	0.117630829981	0.0726918891289
-rin	0.0581818181818	0.894545454545	0.0472727272728	0.0
-eji	0.550309917688	0.278416183004	0.0329372883285	0.13833661098
-ril	0.0	0.924050632911	0.0759493670886	0.0
-rim	0.0	1.0	0.0	0.0
-raɲ	0.764001994349	0.0910657897861	0.0193024525748	0.12562976329
-êbe	0.540756914119	0.309679767103	0.0938864628821	0.0556768558952
-mji	0.64593228728	0.219866623829	0.106978803956	0.0272222849352
-maŋ	0.163251886359	0.169173966237	0.298123774492	0.369450372911
-ɲiɲ	0.399097033965	0.256252471411	0.123106451001	0.221544043622
-ris	0.037037037037	0.962962962963	0.0	0.0
-gre	0.173125397053	0.803430538763	0.00721355821054	0.0162305059737
-juŋ	0.0380952380952	0.72380952381	0.238095238095	0.0
-ôda	0.0	1.0	0.0	0.0
-jin	0.0262804150493	0.973719584951	0.0	0.0
-are	0.174841014031	0.635793043361	0.0843936220412	0.104972320567
-jim	0.0625	0.84375	0.09375	0.0
-ara	0.528563593307	0.218944139339	0.0178865250973	0.234605742256
-mes	0.147540983607	0.770491803279	0.0163934426229	0.0655737704918
-jii	0.0168111450583	0.0535032964462	0.2962416127	0.633443945795
-môr	0.0	0.979423868313	0.0164609053498	0.00411522633744
-môs	0.0324324324324	0.951351351351	0.0108108108108	0.00540540540541
-lus	0.201424211597	0.743641912513	0.0488301119023	0.00610376398779
-ari	0.119185542611	0.440886632052	0.0528374925695	0.387090332768
-ark	0.043347639485	0.943776824034	0.00643776824034	0.00643776824035
-art	0.0	0.932262266609	0.0	0.0677377333913
-ɲôm	0.286855036855	0.607493857494	0.0933660933661	0.012285012285
-luk	0.0131578947368	0.973684210526	0.0	0.0131578947368
-môn	0.0842084601041	0.487192069879	0.00942192560605	0.419177544411
-lum	0.135483870968	0.379723502304	0.453456221198	0.03133640553
-môm	0.181718707257	0.309468912423	0.0615498847161	0.447262495604
-mem	0.39021352029	0.408004216108	0.0743408339589	0.127441429644
-men	0.0297031280708	0.342450964322	0.010083369925	0.617762537682
-éya	0.0	1.0	0.0	0.0
-yda	0.0569105691057	0.943089430894	0.0	0.0
-nun	0.368432720018	0.365772555974	0.176457548216	0.0893371757925
-aya	0.553327064519	0.317215282651	0.0745723806629	0.0548852721679
-tôŋ	0.181744655835	0.152248936284	0.0331215263086	0.632884881572
-lji	0.409949160798	0.0609150185151	0.0131175106243	0.516018310063
-ônê	0.067722326009	0.570174658245	0.305287192717	0.0568158230288
-ayi	0.102113095745	0.51609937169	0.26443494696	0.117352585605
-aaɲ	0.0366972477064	0.706422018349	0.256880733945	0.0
-yôm	0.0492533403196	0.927167932932	0.00628766046634	0.0172910662824
-ɲju	0.198119122257	0.796238244514	0.00564263322884	0.0
-laɲ	0.262089072082	0.630089474213	0.0680104554137	0.0398109982909
-lôt	0.0452674897119	0.798353909465	0.156378600823	0.0
-rga	0.295118841778	0.675358459869	0.0165456880879	0.0129770102651
-nôs	0.0114942528736	0.977011494253	0.0	0.0114942528736
-émô	0.227848101266	0.763713080169	0.0	0.00843881856542
-ndi	0.0497774562383	0.861142129185	0.0419530377616	0.0471273768146
-liɲ	0.471287947095	0.151649094409	0.0450843110971	0.331978647399
-oji	0.209521186104	0.13712571975	0.0386472600313	0.614705834115
-gon	0.0	1.0	0.0	0.0
-êêr	0.0617283950617	0.037037037037	0.901234567901	0.0
-wul	0.469879518072	0.481927710843	0.0240963855422	0.0240963855421
-ɗôd	0.241930224976	0.493968046951	0.0860776002609	0.178024127812
-ubu	0.355040847501	0.323069417087	0.0508718999905	0.271017835421
-sên	0.598614090455	0.273632902436	0.0584013746785	0.0693516324307
-ŋni	0.80343716434	0.157894736842	0.0193340494092	0.0193340494092
-heŋ	0.0266560622347	0.7956368562	0.177707081565	0.0
-geɲ	0.206492043133	0.615607958893	0.145499004905	0.0324009930694
-ili	0.575980392157	0.200623885918	0.0421568627451	0.18123885918
-ube	0.341317365269	0.465868263473	0.120958083832	0.0718562874252
-lpé	0.0	1.0	0.0	0.0
-ŋne	0.155321512387	0.750229389567	0.0749018328819	0.0195472651643
-saɲ	0.498088571613	0.266446673485	0.055697631515	0.179767123388
-ônj	0.0	0.982352941176	0.0176470588235	0.0
-yéy	0.0439725651713	0.9199889559	0.00466965293855	0.0313688259899
-nêɲ	0.537037037037	0.351851851852	0.0	0.111111111111
-isé	0.0	0.986225895317	0.0137741046832	0.0
-ɲén	0.130879545788	0.596055014439	0.103127600215	0.169937839558
-ɲél	0.807692307692	0.0	0.153846153846	0.0384615384615
-ali	0.222930700023	0.53822140193	0.199279722166	0.0395681758814
-iji	0.370530630825	0.260062693086	0.0558601917496	0.31354648434
-lôŋ	0.691358024691	0.234567901235	0.037037037037	0.037037037037
-sur	0.358402971216	0.439182915506	0.128133704735	0.0742804085422
-yén	0.352159468439	0.41196013289	0.146179401993	0.0897009966778
-toɲ	0.109535980748	0.340709835086	0.0444493521274	0.505304832039
-ênê	0.250787420437	0.45469721844	0.232612486235	0.0619028748872
-êyi	0.0566483084186	0.292682926829	0.650668764752	0.0
-umi	0.126315789474	0.831578947368	0.0421052631579	0.0
-bré	0.245607566361	0.712159913082	0.0224641066793	0.0197684138778
ALL	0.202338285135	0.317368990497	0.0563894045284	0.42390331984
-ale	0.0378529320509	0.596028544834	0.351846106112	0.0142724170028
-ŋgé	0.354387079081	0.567671723222	0.0441666786946	0.0337745190018
-nal	0.720930232558	0.174418604651	0.046511627907	0.0581395348837
-ŋgê	0.220674708435	0.637894492307	0.0941221397701	0.0473086594878
-kik	0.00798403193612	0.982035928144	0.00798403193614	0.00199600798403
-nde	0.103318066524	0.0810334513382	0.0227864574999	0.792862024637
-naa	0.127307953675	0.135289099663	0.0377369402715	0.699666006391
-sum	0.470588235294	0.205882352941	0.0294117647059	0.294117647059
-kim	0.0	1.0	0.0	0.0
-kis	0.0	1.0	0.0	0.0
-nay	0.385565418757	0.512929370899	0.0702431493632	0.0312620609803
-sim	0.0153374233129	0.966257668712	0.0	0.0184049079755
-sil	0.0428109854604	0.947495961228	0.00969305331179	0.0
-nar	0.0288461538462	0.855769230769	0.115384615385	0.0
-nas	0.0211798668707	0.971861034015	0.00484111242757	0.00211798668707
-loɲ	0.59704797048	0.215498154982	0.0752767527675	0.112177121771
-ônt	0.0	0.986928104575	0.0	0.0130718954248
-sêd	0.146392289659	0.423547798906	0.0784058348528	0.351654076582
-ône	0.0931276246779	0.146855793667	0.712578627688	0.0474379539679
-pôɲ	0.390243902439	0.512195121951	0.0975609756098	0.0
-naŋ	0.309619613531	0.0730126795489	0.0188321714313	0.598535535489
-ôni	0.0754534752313	0.331313867178	0.0573951344488	0.535837523142
-sêl	0.0832690824981	0.84734001542	0.0308404009252	0.0385505011565
-sêm	0.0	1.0	0.0	0.0
-sêk	0.0	1.0	0.0	0.0
-ayê	0.226722525238	0.570274876343	0.0774939845056	0.125508613913
-moo	0.0	0.957446808511	0.0425531914893	0.0
-sêt	0.0	0.960931141136	0.0390688588637	0.0
-lki	0.0	1.0	0.0	0.0
-sêr	0.0	1.0	0.0	0.0
-sês	0.0	0.873873873874	0.0990990990991	0.027027027027
-sêp	0.0461615654792	0.949322629202	0.00301053687908	0.00150526843954
-wus	0.325	0.675	0.0	0.0
-wuu	0.0331125827814	0.649006622517	0.0397350993377	0.278145695364
-sêy	0.0418367346939	0.219387755102	0.738775510204	0.0
-kêm	0.0167077997523	0.129166974567	0.0668234463695	0.787301779311
-êrê	0.354128095444	0.409135692793	0.130326439837	0.106409771926
-yas	0.00860719874804	0.987480438185	0.00312989045383	0.000782472613458
-ôôd	0.40356083086	0.191394658754	0.178041543027	0.227002967359
-kêg	0.0973782771535	0.767790262172	0.134831460674	0.0
-cog	0.282142759879	0.502628067213	0.199978212914	0.0152509599934
-yay	0.233065442021	0.419058553387	0.213547646383	0.134328358209
-ôôn	0.172413793103	0.775862068965	0.0172413793103	0.0344827586207
-ôôm	0.167213114754	0.806557377049	0.00655737704916	0.0196721311475
-ŋnê	0.324391952757	0.439495545991	0.136622960665	0.0994895405866
-ubé	0.508067930564	0.30375876182	0.0	0.188173307616
-ŋné	0.264876336626	0.517998530732	0.175904007836	0.0412211248062
-ben	0.277778779464	0.178383293737	0.024067836006	0.519770090793
-bel	0.185776487663	0.697145621674	0.109337203677	0.007740686986
-bem	0.316298479591	0.177192022361	0.0312156404227	0.475293857625
-ôôy	0.131868131868	0.736263736264	0.021978021978	0.10989010989
-lpi	0.0	1.0	0.0	0.0
-umô	0.136037410607	0.179616359439	0.22218682524	0.462159404714
-ren	0.491447327362	0.294195820484	0.0998883581379	0.114468494016
-isi	0.0513637268565	0.918176388612	0.0232928528768	0.0071670316544
-rem	0.453487237566	0.364612621501	0.0809525896982	0.100947551234
-wɲê	0.0364077669903	0.847087378641	0.0291262135922	0.0873786407766
-oté	0.0264084507042	0.953973843058	0.00905432595574	0.0105633802817
-ênt	0.127013630731	0.853159851301	0.00557620817843	0.0142503097894
-êns	0.010752688172	0.989247311828	0.0	0.0
-reg	0.146147032772	0.57617360496	0.241142604074	0.0365367581931
-bey	0.0394736842105	0.657894736842	0.236842105263	0.0657894736842
-yéé	0.302752682157	0.592448312482	0.0815103375036	0.0232886678582
-êni	0.35024678004	0.452736883959	0.0641856784944	0.132830657507
-êne	0.504371555744	0.212272149216	0.15883319203	0.12452310301
-ôge	0.769132842977	0.169113486793	0.0146958101307	0.0470578600995
-umé	0.0	1.0	0.0	0.0
-rew	0.051908597385	0.442441874078	0.0887501128903	0.416899415647
-êna	0.492054689991	0.257093642723	0.0821640344388	0.168687632847
-ôga	0.949336960218	0.036382182931	0.0	0.0142808568514
-may	0.206345507208	0.574424875986	0.191430568965	0.027799047841
-hab	0.0268456375839	0.973154362416	0.0	0.0
-ŋgi	0.0907271843283	0.443196353611	0.22135193165	0.24472453041
-ŋge	0.361666501583	0.22865802408	0.0659106156691	0.343764858667
-mas	0.0189287152638	0.977204993959	0.0	0.00386629077728
-mar	0.0	1.0	0.0	0.0
-hal	0.421440863272	0.428883801251	0.0607592945994	0.0889160408772
-ham	0.0682871156642	0.875667450171	0.0238447847176	0.0322006494477
-ebu	0.637126188992	0.201119772776	0.0231412895777	0.138612748654
-jub	0.0217073170732	0.757317073171	0.168048780488	0.0529268292683
-mla	0.267853120072	0.575354809642	0.156792070286	0.0
-mam	0.205106382979	0.6	0.0395744680851	0.155319148936
-jug	0.162752959145	0.726995036273	0.110252004582	0.0
-jud	0.055533359968	0.934878146225	0.0	0.00958849380745
-haw	0.109547464246	0.151819147202	0.0753669381674	0.663266450385
-maa	0.239291126141	0.473906937207	0.0765051557822	0.21029678087
-hay	0.543612830614	0.155880697805	0.229600450197	0.0709060213843
-nôm	0.8	0.0909090909091	0.0181818181818	0.0909090909091
-uni	0.111111111111	0.719298245614	0.0994152046783	0.0701754385964
-yêr	0.0238537994206	0.935866216653	0.00698986574705	0.0332901181791
-ŋji	0.575085324232	0.0853242320819	0.0716723549488	0.267918088737
-une	0.221940393151	0.578313253012	0.0	0.199746353836
-una	0.312979441546	0.52516109236	0.131942313593	0.0299171525008
-ɲba	0.0231957932262	0.0155847375596	0.00688740074693	0.954332068467
-daɲ	0.498900646957	0.113367816637	0.0199307170313	0.367800819374
-pta	0.0607240171273	0.939275982873	0.0	0.0
-yêl	0.371094349595	0.561690052689	0.0287007778062	0.0385148199096
-unu	0.0445117007976	0.85305636593	0.0902180304751	0.0122139027969
-yên	0.0921237693389	0.847398030942	0.0393811533052	0.0210970464135
-lêj	0.289473684211	0.671052631579	0.0394736842105	0.0
-666	0.1	0.0333333333333	0.0	0.866666666667
-ôbê	0.49665016021	0.287600737936	0.151082629381	0.064666472473
-tre	0.0148760330578	0.948760330579	0.0363636363636	0.0
-ɓem	0.213396307428	0.201803349077	0.0626878488622	0.522112494633
-ade	0.441860465116	0.496124031008	0.031007751938	0.031007751938
-bêm	0.48088923557	0.360764430577	0.109204368175	0.0491419656786
-gaa	0.734939759036	0.180722891566	0.0843373493976	0.0
-yad	0.0161386730424	0.895995218171	0.0322773460849	0.0555887627017
-jôt	0.0333333333333	0.866666666667	0.0333333333333	0.0666666666667
-gam	0.271194283341	0.644026830581	0.0361935910177	0.048585295061
-gal	0.250596658711	0.300715990453	0.396181384248	0.0525059665871
-asê	0.420943181056	0.153753270276	0.264976185685	0.160327362984
-asé	0.0303907380608	0.891944042451	0.0506512301013	0.0270139893874
-jôr	0.0	1.0	0.0	0.0
-gaw	0.0537634408602	0.817204301075	0.0215053763441	0.10752688172
-iko	0.0118343195266	0.98224852071	0.00591715976331	0.0
-144	0.0	0.160697887971	0.0	0.839302112029
-gat	0.0	1.0	0.0	0.0
-gar	0.0834326579261	0.856376638856	0.0333730631704	0.0268176400477
-lam	0.557161774443	0.34583977047	0.0413815934672	0.05561686162
-ana	0.0352218688794	0.294937345998	0.0274465146925	0.642394270431
-dré	0.00149700598802	0.998502994012	0.0	0.0
-gay	0.0951369531748	0.707315324155	0.0871426383001	0.11040508437
-jôb	0.0307167235495	0.63481228669	0.139931740614	0.194539249147
-ini	0.0984474803203	0.319644548509	0.0740460938856	0.507861877285
-sem	0.207130232003	0.381620448332	0.227432644612	0.183816675053
-sel	0.133333333333	0.6	0.266666666667	0.0
-bgê	0.0	0.985294117647	0.0147058823529	0.0
-dab	0.0	1.0	0.0	0.0
-lbe	0.335644937587	0.28987517337	0.287101248266	0.0873786407767
-ina	0.27797833935	0.256317689531	0.172081829122	0.293622141998
-apa	0.039356446096	0.913179342089	0.00886786875554	0.0385963430598
-erô	0.096931759327	0.436224170879	0.0315217973675	0.435322272427
-sôr	0.378181818182	0.583636363636	0.0327272727273	0.00545454545454
-sôs	0.101449275362	0.81884057971	0.0	0.0797101449275
-sôl	0.00575973669775	0.986560614372	0.00274273176083	0.0049369171695
-sôm	0.623271644331	0.306140537474	0.0388215273346	0.0317662908601
-sôn	0.0207756232687	0.964681440443	0.0145429362881	0.0
-use	0.729199247851	0.233441397895	0.0373593542542	0.0
-céɲ	0.676034039185	0.250346328913	0.00712448050663	0.0664951513953
-aar	0.555106038668	0.388680691594	0.0421599523039	0.0140533174346
-ser	0.838024429103	0.0833775889537	0.0238980350505	0.0546999468933
-êmê	0.249993150237	0.134710907594	0.295024842815	0.320271099354
-kuu	0.234501347709	0.72102425876	0.00808625336927	0.0363881401617
-kus	0.0894941634241	0.910505836576	0.0	0.0
-aal	0.194317140238	0.456461961503	0.222731439047	0.126489459212
-ena	0.221013250793	0.0626430355919	0.0117185234511	0.704625190164
-ool	0.243243243243	0.756756756757	0.0	0.0
-kuy	0.0418778104675	0.0891576223322	0.8689645672	0.0
-oon	0.960529599477	0.0203178004696	0.0027469864618	0.0164056135913
-nen	0.189795761388	0.508970749289	0.0793047131808	0.221928776142
-cêd	0.223495702006	0.243553008596	0.0343839541547	0.498567335244
-nem	0.186980190451	0.669068345875	0.0417526407078	0.102198822966
-rsu	0.0827518249643	0.855309992559	0.049269008788	0.0126691736883
-ooy	0.0	0.86013986014	0.125874125874	0.013986013986
-kum	0.540277946458	0.207852594687	0.035515380745	0.21635407811
-nêŋ	0.0543134572986	0.379545652343	0.107153916495	0.458986973864
-ban	0.0369597617818	0.897997615615	0.00393487958134	0.061107743022
-bal	0.0446785877108	0.865964236867	0.0446785877109	0.0446785877108
-bam	0.272432744195	0.589373150538	0.0276882643827	0.110505840885
-uné	0.18377765173	0.657969370391	0.0850822461713	0.0731707317073
-unê	0.190476190476	0.714285714286	0.0952380952381	0.0
-hoj	0.0300751879699	0.96992481203	0.0	0.0
-mês	0.166025024062	0.764196342637	0.0360923965351	0.0336862367661
-baa	0.403613802605	0.144781666528	0.0589515015154	0.392653029351
-ôbe	0.280347520734	0.611382989829	0.0726255126361	0.035643976801
-deɲ	0.366197183099	0.253521126761	0.253521126761	0.12676056338
-ôba	0.121112023569	0.0465573562447	0.0770607560168	0.755269864169
-bay	0.111408267688	0.0455747991664	0.00368297225322	0.839333960893
-isk	0.0	0.849056603774	0.150943396226	0.0
-jog	0.265957446809	0.558510638298	0.0957446808511	0.0797872340426
-ôbi	0.0585779164661	0.068969003068	0.0038778741341	0.868575206332
-bas	0.0149763531266	0.953231739359	0.0228586442459	0.00893326326853
-pté	0.0	1.0	0.0	0.0
-éér	0.277777777778	0.626111111111	0.0216666666667	0.0744444444444
-ase	0.519208504368	0.267077149774	0.115303652247	0.0984106936113
-biɲ	0.22213720549	0.157861434988	0.156750763887	0.463250595635
-ené	0.0329356978741	0.0225090297131	0.00680907294429	0.937746199468
-asa	0.106853750675	0.812196438208	0.046950890448	0.0339989206691
-aso	0.0	0.522727272727	0.477272727273	0.0
-jôô	0.64927792514	0.191570881226	0.13041556145	0.0287356321839
-êji	0.527977829427	0.295364271576	0.0999410014545	0.0767168975419
-yer	0.534697508897	0.23487544484	0.118327402135	0.112099644128
-asi	0.00490196078432	0.990196078431	0.0	0.00490196078432
-adé	0.00746268656716	0.992537313433	0.0	0.0
-ast	0.0282485875706	0.971751412429	0.0	0.0
-yem	0.225969745129	0.172346812643	0.0536229324857	0.548060509742
-yel	0.449029395452	0.44980587909	0.0745424292846	0.026622296173
-yen	0.28604742374	0.114408553999	0.0275558425604	0.571988179701
-dri	0.00704225352113	0.753521126761	0.232394366197	0.00704225352112
-ɗéɲ	0.381910161275	0.193937742106	0.217609110406	0.206542986213
-iné	0.0291223003738	0.0235193026593	0.0104530234041	0.936905373563
-inê	0.554956896552	0.131465517241	0.278017241379	0.0355603448276
-lbê	0.0195563339171	0.962930531232	0.0122591943958	0.00525394045534
-ɓér	0.810821393139	0.137247224586	0.0222563066895	0.0296750755861
-rat	0.144927536232	0.840579710145	0.0	0.0144927536232
-gur	0.0318849572057	0.968115042794	0.0	0.0
-ras	0.00738916256157	0.970443349754	0.0221674876847	0.0
-ijé	0.0	0.71864320972	0.28135679028	0.0
-ran	0.137829912023	0.862170087977	0.0	0.0
-eri	0.585987916769	0.239082225113	0.0455565411784	0.12937331694
-aɲi	0.389703424232	0.169014757152	0.349586895267	0.0916949233488
-ram	0.0854018563567	0.873644930446	0.0190359226282	0.0219172905694
-riɲ	0.346713110371	0.336774919698	0.0567313318049	0.259780638126
-rak	0.0	1.0	0.0	0.0
-ero	0.24	0.624	0.064	0.072
-era	0.59284923133	0.0880695649204	0.032123629685	0.286957574065
-rad	0.0	0.658227848101	0.341772151899	0.0
-ere	0.408696058618	0.433706965851	0.0490170949165	0.108579880614
-ugu	0.297605790646	0.586024498887	0.0618040089087	0.054565701559
-blé	0.409793814433	0.551546391753	0.0231958762887	0.0154639175258
-elé	0.514198087264	0.337501642248	0.0531011817927	0.0951990886953
-môɲ	0.0663222766306	0.150816174171	0.0274593408868	0.755402208311
-pos	0.0203045685279	0.969543147208	0.0	0.010152284264
-oyi	0.302469135802	0.530864197531	0.0246913580247	0.141975308642
-uge	0.52119421235	0.322906052578	0.0183411453027	0.13755858977
-pol	0.0308048522676	0.914548413617	0.00191271958524	0.0527340145299
-ugo	0.367058823529	0.555294117647	0.035294117647	0.0423529411764
-jiɲ	0.450963222417	0.354640980736	0.0866900175131	0.107705779334
-êse	0.0738087526693	0.0267085814676	0.106284603844	0.793198062019
-ugi	0.321428571429	0.660714285714	0.0	0.0178571428571
-pôô	0.125	0.473214285714	0.0178571428571	0.383928571429
-uju	0.0540540540541	0.783783783784	0.027027027027	0.135135135135
-lal	0.0513903555086	0.893699401619	0.0116156282999	0.0432946145724
-aat	0.0	1.0	0.0	0.0
-lan	0.513180530533	0.231572608731	0.0241812815434	0.231065579193
-gaŋ	0.213225901543	0.216221270607	0.286569652632	0.283983175218
-lak	0.106783233159	0.893216766841	0.0	0.0
-lat	0.0223943513542	0.913215301929	0.0414163768574	0.0229739698598
-uja	0.0	0.967741935484	0.0322580645161	0.0
-law	0.120207667732	0.864217252396	0.00479233226839	0.0107827476038
-rôɲ	0.144956918398	0.832742017233	0.022301064369	0.0
-las	0.0436852184136	0.943146510007	0.00250824220556	0.0106600293736
-lay	0.18216220227	0.607108406916	0.137270905988	0.073458484826
-rdê	0.0	0.997977755308	0.00202224469161	0.0
-ɓar	0.728763040239	0.222056631893	0.0223546944858	0.026825633383
-ist	0.00418891502054	0.971438412855	0.00464944332853	0.0197232287955
-gen	0.516780851935	0.130024142872	0.0481356054778	0.305059399716
-gem	0.303068503837	0.130219190837	0.0704342944932	0.496278010833
-gel	0.796403374434	0.0860760616456	0.019571332801	0.0979492311195
-boo	0.326018808777	0.673981191223	0.0	0.0
-sid	0.0	1.0	0.0	0.0
-doy	0.309186148603	0.522031577851	0.0848226908138	0.0839595827319
-gey	0.609503441173	0.123353507933	0.046192555481	0.220950495413
-meŋ	0.0862068965517	0.206896551724	0.51724137931	0.189655172414
-ger	0.207675906183	0.614498933902	0.168869936034	0.00895522388059
-sas	0.0	0.945205479452	0.0547945205479	0.0
-sar	0.0467007434944	0.92750929368	0.0125464684015	0.0132434944238
-wra	0.0380176060754	0.7518800499	0.0369126363184	0.173189707707
-nês	0.0191693290735	0.913738019169	0.0191693290735	0.0479233226837
-san	0.0975318656865	0.0386819639786	0.00310642169234	0.860679748643
-wre	0.125	0.835674157303	0.0393258426966	0.0
-uɲa	0.416230366492	0.206806282722	0.0314136125654	0.34554973822
-say	0.0661925601751	0.903446389497	0.0188730853392	0.0114879649891
-tom	0.0952247004772	0.0884936083822	0.0140460034743	0.802235687666
-mpa	0.0246041968245	0.960446417763	0.0149493854124	0.0
-oli	0.0551470588235	0.683823529412	0.227941176471	0.0330882352941
-saa	0.515151515152	0.318181818182	0.0454545454546	0.121212121212
-tor	0.713513513514	0.286486486486	0.0	0.0
-ibi	0.0480442299181	0.364583565976	0.0144541231377	0.572918080968
-sad	0.0	1.0	0.0	0.0
-sak	0.0310478654592	0.833117723157	0.00776196636481	0.128072445019
-nên	0.0121318544025	0.829594106623	0.0215592765834	0.136714762391
-nêm	0.166566035683	0.199273825065	0.326775456919	0.307384682333
-nêl	0.0	0.948717948718	0.0512820512821	0.0
-iba	0.104637543662	0.334364891001	0.0349581989361	0.526039366401
-sam	0.174190111166	0.12060942445	0.0171122314286	0.688088232955
-éli	0.334255417243	0.132765210666	0.505019408379	0.0279599637115
-lon	0.560663149962	0.330821401658	0.0	0.10851544838
-lom	0.215909090909	0.738636363636	0.0227272727273	0.0227272727273
-ɗên	0.144178183234	0.275104134297	0.428529600167	0.152188082302
-hên	0.132674740787	0.820889099938	0.0464361592754	0.0
-ɗêm	0.139282235708	0.121450513224	0.610699033491	0.128568217577
-siɲ	0.449395870902	0.415924778355	0.0630640533068	0.0716152974367
-lod	0.136	0.864	0.0	0.0
-joɲ	0.740549473249	0.148729601322	0.0169386490395	0.0937822763891
-eyé	0.297176084261	0.408741527531	0.0762751638983	0.217807224309
-ômi	0.0755813953488	0.808139534884	0.0465116279069	0.0697674418605
-sôŋ	0.119675108696	0.0571046029021	0.208602981291	0.614617307111
-naɲ	0.0306208189859	0.00612056091616	0.00169431780841	0.96156430229
-mna	0.24392721491	0.268218355269	0.336675205371	0.15117922445
-pôs	0.0185185185185	0.981481481482	0.0	0.0
-éri	0.491073610822	0.318420985542	0.08143975606	0.109065647577
-ŋga	0.134130960067	0.388483602516	0.0265161546599	0.450869282757
-ipa	0.0270880361174	0.96388261851	0.00361173814898	0.00541760722348
-pôy	0.25	0.464601769912	0.103378921963	0.182019308126
-yeŋ	0.0910385515207	0.0666056352355	0.0593225511138	0.78303326213
-sap	0.0	0.857142857143	0.0	0.142857142857
-sêɲ	0.519052523172	0.389975969791	0.0319258496396	0.0590456573978
-pôn	0.0526296770053	0.147124848372	0.0774465000901	0.722798974532
-pôl	0.471153846154	0.134615384615	0.115384615385	0.278846153846
-ipt	0.0248744319541	0.970102846209	0.0043051901459	0.000717531690983
-ɗaɲ	0.192913385827	0.448818897638	0.318897637795	0.0393700787402
-awi	0.244578313253	0.301204819277	0.316867469879	0.13734939759
-nàɲ	0.590513068732	0.148112294288	0.26137463698	0.0
-awa	0.0327868852459	0.770491803279	0.0327868852459	0.16393442623
-ɲge	0.413283904763	0.380042743076	0.12258474124	0.0840886109219
-wda	0.0	0.973913043478	0.0260869565217	0.0
-awu	0.030303030303	0.969696969697	0.0	0.0
-mal	0.571149621674	0.428850378326	0.0	0.0
-uɲé	0.428491128538	0.170756291514	0.227061022561	0.173691557388
-uɲê	0.072468444861	0.047588583859	0.0478146741959	0.832128297084
-wri	0.169230769231	0.830769230769	0.0	0.0
-ɲen	0.444853131731	0.105407193249	0.0303854146299	0.41935426039
-ɲem	0.371884939359	0.484673726888	0.0425011359267	0.100940197826
-wrê	0.0971628284235	0.664524951058	0.154606953427	0.0837052670916
-man	0.0358757690312	0.787265584464	0.0280186791194	0.148839967386
-bit	0.0507185122569	0.839391377853	0.0760777683854	0.0338123415046
-olé	0.246974729737	0.23282278307	0.0914435858984	0.428758901296
-ibé	0.224432238608	0.668081631183	0.0787166083692	0.0287695218405
-ibê	0.327852264103	0.36858082469	0.0	0.303566911207
-yéɲ	0.783168728718	0.208318567709	0.00851270357302	0.0
-nêê	0.426666666667	0.0933333333333	0.426666666667	0.0533333333333
-élé	0.410142493363	0.316519477705	0.154683859782	0.11865416915
-maɲ	0.502183406114	0.448034934498	0.0227074235808	0.0270742358078
-ômê	0.376437674852	0.467309087141	0.147549476738	0.00870376126826
-raŋ	0.0334761009706	0.871295948106	0.0762345506514	0.0189934002723
-200	0.0975609756098	0.664634146341	0.0731707317073	0.164634146341
-neŋ	0.233785822021	0.241327300151	0.488687782805	0.0361990950226
-ɗor	0.0625837584476	0.919159602565	0.000876318671379	0.0173803203157
-lem	0.631248387316	0.162247153809	0.0341570057109	0.172347453165
-len	0.34163386933	0.130896990519	0.0334034189992	0.494065721152
-ɲné	0.242990654206	0.467289719626	0.252336448598	0.0373831775701
-eni	0.204632557668	0.581731052127	0.0848543005797	0.128782089626
-ŋre	0.0555555555555	0.888888888889	0.0277777777778	0.0277777777778
-ley	0.0893262799682	0.0980729749552	0.0251921770073	0.787408568069
-esé	0.408048289738	0.543661971831	0.0338028169014	0.0144869215292
-ura	0.443330840189	0.508202443281	0.012465719272	0.0360009972575
-ibe	0.952137843012	0.0153158902361	0.0	0.0325462667517
-jar	0.0251968503937	0.934488188976	0.00944881889764	0.0308661417323
-ida	0.0238095238095	0.97619047619	0.0	0.0
-ôse	0.608011444921	0.243204577968	0.0743919885551	0.0743919885551
-eem	0.369318181818	0.119318181818	0.482954545455	0.0284090909091
-ndé	0.0817102137767	0.498812351544	0.391923990499	0.0275534441805
-oré	0.211785999962	0.299907998657	0.197936658304	0.290369343078
-rêj	0.529137529138	0.282051282051	0.0489510489511	0.13986013986
-lôs	0.00701754385965	0.99298245614	0.0	0.0
-jêê	0.393939393939	0.181818181818	0.0454545454545	0.378787878788
-alt	0.165662650602	0.816265060241	0.0	0.0180722891566
-ndu	0.183294663573	0.471577726218	0.271461716937	0.0736658932715
-êên	0.147246910904	0.592239323651	0.237860394537	0.0226533709083
-ôɲê	0.329444627013	0.553072625698	0.0977653631285	0.0197173841603
-lôk	0.0604534005038	0.909319899244	0.0302267002519	0.0
-alo	0.0826446280991	0.917355371901	0.0	0.0
-uda	0.0176010430248	0.978487614081	0.0	0.00391134289439
-ŋlé	0.03125	0.15625	0.75	0.0625
-yɲê	0.164086687306	0.520123839009	0.188854489164	0.12693498452
-lôl	0.126888217523	0.429003021148	0.0543806646526	0.389728096677
-nda	0.107966913365	0.820635611667	0.0143665650849	0.0570309098825
-brê	0.129868461813	0.353592512584	0.442059945022	0.0744790805809
-êêy	0.0397377575595	0.00655606101151	0.953706181429	0.0
-udé	0.0027002521559	0.977206695037	0.00524166594969	0.0148513868574
-lôg	0.291579692394	0.263839239191	0.290800067548	0.153781000868
-ala	0.0501363598799	0.915842538773	0.0238744570857	0.0101466442614
-ɗêj	0.140035906643	0.202872531418	0.269299820467	0.387791741472
-yoy	0.322388059701	0.29552238806	0.286567164179	0.0955223880597
-rêm	0.152038544135	0.802912998344	0.0450484575214	0.0
-kwô	0.173045995497	0.664844001287	0.140881312319	0.0212286908974
-osé	0.346839015579	0.575948295326	0.0280537367351	0.0491589523594
-yêy	0.311083123426	0.394206549118	0.272040302267	0.0226700251889
-ngé	0.425463623395	0.498751783167	0.0554564907275	0.0203281027104
-ôje	0.241379310345	0.758620689655	0.0	0.0
-row	0.149681528662	0.21974522293	0.611464968153	0.0191082802548
-yoo	0.0554259043174	0.907817969662	0.00350058343057	0.0332555425905
-yon	0.0557692307693	0.839743589744	0.0147435897436	0.0897435897435
-yom	0.107134628677	0.793333845327	0.0656631595115	0.0338683664849
-wôɲ	0.776931410056	0.120549656465	0.0250771002498	0.0774418332292
-waŋ	0.252489748096	0.14762741652	0.091388400703	0.508494434681
-abê	0.113117925029	0.858762364795	0.0115035177995	0.0166161923771
-bêr	0.0	1.0	0.0	0.0
-gwa	0.222469057442	0.469057442082	0.21897810219	0.0894953982862
-pel	0.367346938776	0.632653061224	0.0	0.0
-anê	0.153412482568	0.740750387365	0.0812299426929	0.0246071873748
-mga	0.143382352941	0.827205882353	0.0294117647059	0.0
-ogi	0.0763358778626	0.496183206107	0.427480916031	0.0
-iyo	0.0200668896321	0.979933110368	0.0	0.0
-eli	0.11598553067	0.822596782883	0.0395597629493	0.0218579234973
-éré	0.593537773893	0.323680261692	0.0438437478164	0.038938216599
-elo	0.886380737397	0.09179834462	0.00225733634311	0.0195635816403
-ogo	0.581395348837	0.395348837209	0.0232558139535	0.0
-log	0.0689655172414	0.172413793103	0.568965517241	0.189655172414
-ela	0.188515696689	0.780996589561	0.0121950855001	0.0182926282502
-oge	0.846099599092	0.0574892527653	0.0369511664976	0.0594599816452
-ele	0.70207253886	0.132124352332	0.0518134715026	0.113989637306
-niɲ	0.392155101026	0.12858551293	0.0604099530283	0.418849433016
-léɲ	0.848303144151	0.117258456173	0.0326723278976	0.00176607177825
-diŋ	0.276943174396	0.386022207707	0.313520574788	0.0235140431091
-ôsê	0.68771491091	0.218505783057	0.0937793060331	0.0
-esi	0.0588235294118	0.911764705882	0.0294117647059	0.0
-mɲé	0.104838709677	0.846774193548	0.0161290322581	0.0322580645161
-yêm	0.409594095941	0.557195571956	0.0110701107011	0.0221402214022
-kaɲ	0.290748212257	0.121184805815	0.110870809683	0.477196172244
-ese	0.45269286754	0.343522561863	0.170305676856	0.0334788937409
-ita	0.0057636887608	0.948126801153	0.0230547550432	0.0230547550432
-ars	0.0130718954248	0.986928104575	0.0	0.0
-yôŋ	0.0812487894646	0.0261828291486	0.00614741050475	0.886420970882
-kiɲ	0.170254403131	0.182974559687	0.646771037182	0.0
-rês	0.0392156862745	0.87908496732	0.0653594771242	0.016339869281
-éba	0.146676392131	0.129544563146	0.0235685142911	0.700210530432
-rêp	0.171428571429	0.771428571429	0.0571428571428	0.0
-keŋ	0.525711698232	0.44385163602	0.0230342166398	0.00740244910816
-bul	0.402272320172	0.460518437012	0.010389211597	0.126820031219
-tɲê	0.149868286941	0.717293913271	0.115807312636	0.0170304871524
-jês	0.0215439856373	0.956912028725	0.0215439856373	0.0
-êrj	0.096	0.76	0.0	0.144
-bra	0.0932696634106	0.69397796711	0.198121834042	0.014630535437
-ndê	0.0561272217025	0.921421889616	0.022450888681	0.0
-alê	0.159300547121	0.716408436687	0.08987942511	0.0344115910814
-rên	0.185891479132	0.673003110985	0.0894913336834	0.0516140761989
-bre	0.214090287278	0.611405608755	0.0352257181942	0.139278385773
-lɲê	0.211895910781	0.776951672862	0.0111524163569	0.0
-êrb	0.0502092050209	0.945606694561	0.00418410041841	0.0
-bri	0.212909219023	0.506410667099	0.0200387242869	0.260641389591
-ŋla	0.131147540984	0.754098360656	0.114754098361	0.0
-êre	0.285648730249	0.429473826303	0.205390747205	0.0794866962431
-rêd	0.343883525874	0.144168381073	0.454185788891	0.0577623041621
-woy	0.348567732895	0.450887924762	0.125360424695	0.0751839176481
-hum	0.0202702702703	0.97972972973	0.0	0.0
-mré	0.0438178977124	0.113413033207	0.832322417971	0.0104466511102
-ɲay	0.227851286266	0.545475388328	0.14085046278	0.085822862626
-rij	0.233201581028	0.166996047431	0.586956521739	0.0128458498024
-wor	0.279873308379	0.253671177656	0.0621940685286	0.404261445436
-rôg	0.0536912751677	0.0	0.0402684563758	0.906040268456
-ɲan	0.586859064164	0.205379658168	0.133230596806	0.074530680863
-abe	0.590697674419	0.330232558139	0.00465116279069	0.0744186046511
-ɲal	0.314285714286	0.142857142857	0.485714285714	0.0571428571429
-gad	0.0	1.0	0.0	0.0
-wom	0.0520560711869	0.146695349104	0.0239055777554	0.777343001953
-wol	0.206896551724	0.172413793103	0.399014778325	0.221674876847
-woo	0.233032430625	0.21664994985	0.484787696423	0.0655299231026
-tém	0.73381294964	0.136690647482	0.0863309352518	0.0431654676259
-abo	0.141806087482	0.813747228381	0.0444466841363	0.0
-abi	0.00106345267636	0.982630272953	0.0	0.0163062743708
-nji	0.496176582402	0.417505593653	0.0316901101899	0.0546277137559
-roɲ	0.908163265306	0.030612244898	0.0612244897959	0.0
-soy	0.113946347452	0.758137921153	0.0755077158196	0.0524080155749
-mgê	0.0458758501502	0.943911811878	0.00499752709246	0.00521481087909
-riw	0.0437636761488	0.886943836616	0.0495988329686	0.019693654267
-nik	0.0102739726027	0.967123287671	0.0184931506849	0.0041095890411
-rôb	0.185185185185	0.485596707819	0.329218106996	0.0
-tum	0.124420279987	0.716588149223	0.0609145689377	0.098077001853
-tun	0.181596919881	0.349083622706	0.0657777404769	0.403541716935
-elê	0.398718951281	0.466010117162	0.0218516951921	0.113419236364
-rôm	0.112763965463	0.820659523562	0.0270467075835	0.0395298033912
-soo	0.506308928102	0.28648405437	0.0681228550774	0.13908416245
-ori	0.113399581663	0.19784703397	0.0616115131574	0.627141871209
-iyé	0.116171695809	0.764583519506	0.030780534787	0.0884642498983
-oro	0.383959044369	0.324232081911	0.117747440273	0.174061433447
-gan	0.159169550173	0.683967704729	0.110726643599	0.0461361014994
-aba	0.12262638289	0.425949494001	0.0137736934861	0.437650429623
-êge	0.586663698096	0.314371590783	0.0569965490371	0.0419681620839
-ŋsê	0.205564142195	0.734157650696	0.0262751159196	0.0340030911901
-lit	0.0	0.862068965517	0.137931034483	0.0
-rus	0.0245398773006	0.914110429448	0.0490797546012	0.0122699386503
-néy	0.23556502172	0.582618595318	0.169872241015	0.0119441419464
-lip	0.00534312906996	0.991651360828	0.000500918350309	0.00250459175154
-iɲa	0.063638418685	0.0291853983581	0.00663238540511	0.900543797552
-rut	0.0	1.0	0.0	0.0
-lis	0.0233261934898	0.942921818713	0.0234478953688	0.0103040924285
-éma	0.225	0.775	0.0	0.0
-ruk	0.0	1.0	0.0	0.0
-cay	0.133662010408	0.224322103533	0.579567241851	0.0624486442071
-rum	0.103448275862	0.450574712644	0.252873563218	0.193103448276
-émi	0.0	0.956403269755	0.00544959128065	0.0381471389646
-wil	0.0186368191004	0.97577213517	0.00559104573011	0.0
-adi	0.0	1.0	0.0	0.0
-nén	0.337662337662	0.25974025974	0.220779220779	0.181818181818
-rug	0.252100840336	0.529411764706	0.0168067226891	0.201680672269
-nél	0.864516129032	0.0387096774194	0.0	0.0967741935484
-pôr	0.0	1.0	0.0	0.0
-mlé	0.0712166172106	0.839762611276	0.053412462908	0.0356083086053
-wêl	0.0117508813161	0.976498237368	0.0117508813161	0.0
-êɲê	0.0139684395091	0.946843950906	0.0323495032145	0.00683810637054
-pal	0.0718722271517	0.861579414374	0.0452528837622	0.0212954747116
-lêê	0.66	0.3	0.04	0.0
-ɓôl	0.842767295598	0.14465408805	0.0	0.0125786163522
-ôli	0.389685947872	0.086167647891	0.015543563322	0.508602840915
-ôlo	0.137320543098	0.39924887898	0.129112934423	0.334317643499
-rna	0.145179438264	0.475649460167	0.0446231350667	0.334547966503
-ére	0.0871724920806	0.790221719406	0.0560395050879	0.0665662834257
-odi	0.193548387097	0.806451612903	0.0	0.0
-ôla	0.178596739901	0.821403260099	0.0	0.0
-gii	0.0	0.8	0.025	0.175
-ɗiɲ	0.376060616304	0.402490909003	0.0419175846199	0.179530890073
-ôle	0.175230642623	0.101843697212	0.0274316734765	0.695493986688
-yré	0.164750957854	0.413793103448	0.390804597701	0.0306513409962
-ilê	0.800878941645	0.170714026821	0.0134559623052	0.014951069228
-uri	0.132953466287	0.521985909583	0.304247001921	0.040813622209
-toy	0.903579654919	0.0645658593234	0.00311580780448	0.028738677953
-uro	0.71315529179	0.184470820969	0.0252225519288	0.0771513353115
-rge	0.233342112194	0.243086647353	0.141164076903	0.38240716355
-igê	0.56418134848	0.219192057801	0.109503552869	0.10712304085
