-eus	0.0179104477612	0.910447761194	0.0	0.0716417910448
-aro	0.0948712297063	0.647386285984	0.0530796118815	0.204662872428
-ion	0.0165697472956	0.924806108756	0.0314069164519	0.027217227497
-aus	0.337386018237	0.626139817629	0.0	0.0364741641337
-aur	0.407692307692	0.469230769231	0.0	0.123076923077
-aut	0.313608314388	0.40876908087	0.101721338097	0.175901266645
-aen	0.155975395431	0.771528998243	0.0593145869947	0.0131810193322
-aum	0.0157894736842	0.926794258373	0.0387559808612	0.0186602870813
-aun	0.341990625282	0.455941860207	0.0540442341185	0.148023280392
-pur	0.508005990093	0.419421725608	0.0	0.0725722842991
-pus	0.318353053536	0.610017509418	0.0413858969597	0.0302435400859
-kia	0.0	1.0	0.0	0.0
-uan	0.0914110429448	0.685889570552	0.196932515337	0.0257668711657
-pak	0.266737780009	0.435935245027	0.251749074481	0.0455779004832
-pul	0.822328931573	0.109243697479	0.0117046818727	0.0567226890756
-puk	0.515570934256	0.359861591695	0.114186851211	0.0103806228374
-pra	0.00769888793841	0.835757057314	0.138579982891	0.0179640718563
-nal	0.127118644068	0.822033898305	0.0	0.0508474576271
-pro	0.813489802894	0.150734875242	0.0	0.035775321864
-opo	0.630418809699	0.240264511389	0.0323291697281	0.0969875091844
-mus	0.679535803838	0.217922709575	0.0115923037184	0.0909491828687
-dek	0.318224906084	0.348879155988	0.121761225994	0.211134711933
-gki	0.016	0.9712	0.0128	0.0
-oio	0.259332023576	0.67583497053	0.0648330058939	0.0
-oko	0.382880074915	0.104585362745	0.0816474669061	0.430887095434
-det	0.147162352694	0.08878261392	0.0176050079273	0.746450025459
-aka	0.186567164179	0.417910447761	0.39552238806	0.0
-imo	0.0304312496405	0.112100880743	0.00924493659965	0.848222933017
-sik	0.26103646833	0.67754318618	0.0	0.0614203454894
-bit	0.53125	0.39375	0.0	0.075
-les	0.156376518219	0.705465587045	0.085020242915	0.0531376518219
-obo	0.0232558139535	0.706976744186	0.0837209302326	0.186046511628
-ida	0.0556844547564	0.880510440835	0.0429234338747	0.0208816705336
-bia	0.0	1.0	0.0	0.0
-bin	0.317700822709	0.579173056024	0.0361846039532	0.0669415173135
-bik	0.904166666667	0.05	0.0	0.0458333333333
-uta	0.0	1.0	0.0	0.0
-ria	0.00297356828194	0.840088105727	0.00429515418502	0.152643171806
-rin	0.349280884511	0.3416509944	0.0169538408192	0.292114280269
-uti	0.504628126015	0.334199415395	0.105147775252	0.0560246833387
-rik	0.0704041720991	0.710560625815	0.211212516297	0.0078226857888
-rit	0.123711340206	0.876288659794	0.0	0.0
-ris	0.313846548982	0.621474647094	0.0440329543322	0.0206458495915
-rip	0.0952075877774	0.286253273539	0.0186109121374	0.599928226546
-tel	0.142595978062	0.81352833638	0.0438756855576	0.0
-wam	0.0912681000438	0.908731899956	0.0	0.0
-ten	0.261904761905	0.714285714286	0.0238095238095	0.0
-met	0.045518279563	0.0653865758789	0.0226281347906	0.866467009767
-pas	0.279262833921	0.0604510843569	0.0134557253831	0.646830356339
-ara	0.0882409875001	0.0980884673255	0.123595864539	0.690074680635
-lur	0.20253164557	0.740506329114	0.0	0.0569620253164
-lus	0.12609492061	0.414389408666	0.187292222009	0.272223448715
-ari	0.367993998543	0.0650961034421	0.0230498721969	0.543860025818
-aru	0.175386514343	0.0983178967853	0.0124558526741	0.713839736197
-luk	0.563432073545	0.282737487232	0.0183861082738	0.13544433095
-mea	0.0	0.90243902439	0.0487804878048	0.0487804878048
-mel	0.013201320132	0.982398239824	0.004400440044	0.0
-men	0.0950570342205	0.28897338403	0.0152091254753	0.600760456274
-jip	0.00934579439252	0.990654205607	0.0	0.0
-alu	0.652206533888	0.282517269987	0.0316539670593	0.0336222290656
-mos	0.676675210546	0.253020871476	0.0483339436104	0.0219699743684
-ubu	0.231707317073	0.603658536586	0.0365853658537	0.128048780488
-ira	0.173644189334	0.615258953045	0.0612861844707	0.149810673151
-ken	0.158468579931	0.0957132683229	0.0477675111701	0.698050640576
-umu	0.0419184745532	0.916432458597	0.00592014902575	0.0357289178241
-ota	0.0	0.988742964353	0.0112570356473	0.0
-sut	0.00925965152239	0.0390963064279	0.885767370925	0.065876671125
-ija	0.00281954887218	0.997180451128	0.0	0.0
-oti	0.283332239217	0.620061708134	0.0355018709381	0.0611041817108
-oto	0.229488147908	0.49287795403	0.0993129743535	0.178320923708
-otu	0.0827081384196	0.849817884399	0.021706767404	0.0457672097772
-sup	0.236907730673	0.695760598504	0.0224438902743	0.0448877805486
-umi	0.695618606447	0.205172746574	0.0227755259602	0.0764331210191
-ako	0.131624583051	0.398127844616	0.0822620979642	0.387985474369
ALL	0.245166685851	0.296514590966	0.0543013875762	0.404017335607
-nai	0.18668490272	0.716534038566	0.00875092457685	0.0880301341363
-nan	0.731171211159	0.155801400985	0.0175843567998	0.0954430310564
-aki	0.146131805158	0.464183381089	0.0286532951289	0.361031518625
-nam	0.0635279450497	0.0418499453381	0.0108449492793	0.883777160333
-sir	0.0481927710843	0.939759036145	0.0	0.0120481927711
-sip	0.0237219557713	0.96675190451	0.00560361159952	0.00392252811966
-kio	0.255737704918	0.298360655738	0.295081967213	0.150819672131
-kin	0.237083179179	0.561592163045	0.079986166294	0.121338491483
-kim	0.0954825462012	0.836755646817	0.0277207392197	0.0400410677618
-kil	0.89010989011	0.0604395604396	0.032967032967	0.0164835164835
-kis	0.427439697317	0.160891077201	0.00893527506119	0.402733950421
-lar	0.108244782157	0.198085072318	0.0592377280016	0.634432417523
-kip	0.0924166966165	0.879858294399	0.0184833393233	0.00924166966165
-sio	0.928504233302	0.0423957353402	0.00903104421449	0.0200689871433
-sin	0.353641033434	0.342179147321	0.144261874716	0.159917944529
-sim	0.201665675193	0.615407495538	0.124033313504	0.0588935157645
-kit	0.170230437261	0.129203647911	0.31501506392	0.385550850908
-nar	0.551747678864	0.146095030038	0.281949754233	0.0202075368651
-nas	0.203050108932	0.637037037037	0.0867102396514	0.0732026143791
-sia	0.0428571428571	0.753571428571	0.203571428571	0.0
-nat	0.0678461138332	0.703647457303	0.189218760743	0.0392876681205
-nau	0.692307692308	0.197802197802	0.0	0.10989010989
-mot	0.0803372183945	0.079132382153	0.0147907450962	0.825739654356
-gom	0.357765889399	0.196371460138	0.059603419201	0.386259231261
-gol	0.142070484581	0.75936123348	0.0754405286343	0.023127753304
-gon	0.477605284092	0.372363377769	0.115167659041	0.0348636790975
-god	0.0420876947085	0.892783002147	0.0227617436265	0.0423675595177
-mon	0.0499734449384	0.807255551498	0.0191945380728	0.123576465491
-wur	0.14409221902	0.502017291066	0.156772334294	0.19711815562
-gos	0.793852617613	0.167670960252	0.0325059428382	0.00597047929681
-gor	0.418334409296	0.358295674629	0.202065848935	0.0213040671401
-mom	0.105399968199	0.87543640122	0.0	0.0191636305816
-mol	0.0774312490398	0.799969273314	0.103241665386	0.01935781226
-got	0.814070351759	0.110552763819	0.0	0.0753768844221
-bek	0.724456599225	0.112814796573	0.00972094409809	0.153007660104
-ben	0.885667856038	0.0387525976657	0.00313680385827	0.0724427424379
-bel	0.135957639484	0.649909078329	0.178444401823	0.0356888803645
-bed	0.346666666667	0.653333333333	0.0	0.0
-iso	0.347162195596	0.452184306616	0.0168611032857	0.183792394503
-rek	0.0284697508897	0.0960854092526	0.875444839858	0.0
-upu	0.740635540565	0.0356825847683	0.223681874667	0.0
-nri	0.136849020987	0.0824480882407	0.0706036939705	0.710099196802
-isi	0.123478852864	0.826567951664	0.0274870223811	0.0224661730917
-rem	0.037037037037	0.87037037037	0.0185185185185	0.0740740740741
-isa	0.166007905138	0.768115942029	0.0434782608696	0.0223978919631
-ual	0.02750313156	0.841136145323	0.0217486681019	0.109612055015
-res	0.153846153846	0.75	0.0769230769231	0.0192307692308
-isu	0.16185965461	0.0476084091061	0.19000915976	0.600522776524
-ret	0.0107329473238	0.9846537683	0.000847337946616	0.00376594642941
-upi	0.674157303371	0.266853932584	0.0168539325843	0.0421348314607
-mas	0.00850159404889	0.98087141339	0.0	0.0106269925611
-mar	0.235638853136	0.460527725149	0.185528098283	0.118305323432
-mat	0.586079288914	0.152796713706	0.203622713671	0.0575012837084
-mai	0.195496979681	0.13948380011	0.624382207578	0.0406370126304
-mak	0.0	0.980519480519	0.0194805194805	0.0
-mam	0.107600400833	0.71230247437	0.052909889771	0.127187235027
-mal	0.0284677644432	0.809935807982	0.148199832543	0.0133965950321
-man	0.589143269467	0.30586006561	0.0644574982209	0.0405391667018
-wup	0.702173913044	0.228260869565	0.05	0.0195652173913
-uno	0.354838709677	0.612903225806	0.0	0.0322580645161
-uni	0.0941891585797	0.033139150795	0.00817389138873	0.864497799237
-ung	0.272892275262	0.402157144694	0.0233543081877	0.301596271857
-una	0.014690631778	0.0118858050986	0.00465642979054	0.968767133333
-unu	0.185416352271	0.6489435432	0.0909647536142	0.0746753509146
-tra	0.0948515638304	0.109780325822	0.0183913265596	0.776976783788
-ada	0.0409556313993	0.887372013652	0.0511945392491	0.0204778156996
-gan	0.185525349008	0.790227773696	0.0110213078619	0.0132255694342
-tri	0.335968715464	0.264813397943	0.0448865085437	0.35433137805
-gai	0.108056090184	0.663733846577	0.00659884520209	0.221611218037
-lal	0.0267857142857	0.785714285714	0.1875	0.0
-gat	0.261975997261	0.242502357919	0.443275295366	0.0522463494538
-gas	0.372068122487	0.333443145967	0.206479216901	0.0880095146457
-gar	0.768049155146	0.121351766513	0.0122887864823	0.0983102918586
-gap	0.116279069767	0.808139534884	0.0581395348837	0.0174418604651
-ana	0.218666738434	0.65118281885	0.0682240223915	0.0619264203246
-nor	0.857142857143	0.0252100840336	0.0588235294117	0.0588235294118
-sen	0.218659052827	0.198937296058	0.0652504630038	0.517153188112
-sel	0.0370986920333	0.944114149822	0.0123662306777	0.0064209274673
-ino	0.0839547195869	0.616850314899	0.129218317253	0.169976648261
-ina	0.225028745259	0.459376709344	0.0423921851584	0.273202360239
-ing	0.4711570749	0.429374282331	0.0298883544268	0.0695802883428
-oum	0.101694915254	0.728813559322	0.0338983050847	0.135593220339
-ses	0.06053661797	0.917311181132	0.0135586746873	0.00859352621026
-ser	0.267444524807	0.494806641283	0.0157603941892	0.221988439721
-sep	0.0174146014736	0.976557267247	0.0040187541862	0.0020093770931
-kut	0.0714528072276	0.0641098732703	0.024698834019	0.839738485483
-kus	0.474047670625	0.226996724368	0.182371977917	0.11658362709
-kur	0.149554896142	0.66884272997	0.0498516320474	0.13175074184
-kup	0.271343481138	0.663420629668	0.0510541741514	0.0141817150421
-iam	0.037037037037	0.962962962963	0.0	0.0
-edi	0.00401069518717	0.995989304813	0.0	0.0
-iai	0.0343081104148	0.0622150349258	0.00673809042517	0.896738764234
-nes	0.133333333333	0.783333333333	0.0444444444444	0.0388888888889
-nep	0.738689263893	0.107106488216	0.0207302880419	0.133473959849
-rso	0.241117586766	0.032097294975	0.0233518954132	0.703433222846
-iau	0.0975007535613	0.00936712000934	0.00032200606653	0.892810120363
-nem	0.548524628593	0.252244068724	0.0753948486536	0.12383645403
-iap	0.360068259386	0.433447098976	0.0170648464164	0.189419795222
-ias	0.135386403254	0.789076118536	0.0557815223707	0.0197559558396
-kun	0.332437088859	0.355069437193	0.155607183878	0.15688629007
-kum	0.0717222797589	0.0388206506162	0.043253844362	0.846203225263
-kul	0.50311068184	0.42129464799	0.0348898477706	0.040704822399
-kuk	0.698099415205	0.171052631579	0.113304093567	0.0175438596491
-kui	0.0503769067679	0.84257216635	0.107050926882	0.0
-ban	0.247678018576	0.507739938081	0.171826625387	0.0727554179567
-bak	0.0835156094651	0.397096838338	0.159872738119	0.359514814078
-eke	0.462798220784	0.45572179539	0.0258794985847	0.0556004852406
-bai	0.337539432177	0.605678233439	0.0	0.0567823343848
-eki	0.553755522828	0.223858615611	0.0331369661267	0.189248895434
-jop	0.177339901478	0.822660098522	0.0	0.0
-jon	0.0170355039007	0.95279414106	0.0226078649897	0.00756249004935
-bat	0.348241238305	0.485435355071	0.0608405232396	0.105482883384
-bau	0.324324324324	0.675675675676	0.0	0.0
-bar	0.155048735865	0.698163601382	0.0628114649917	0.0839761977606
-bas	0.0151228733459	0.954631379962	0.0226843100189	0.00756143667296
-dru	0.00665557404325	0.990016638935	0.0	0.00332778702163
-ase	0.0	1.0	0.0	0.0
-asa	0.11911514464	0.722064662507	0.045377197958	0.113442994895
-aso	0.583657854844	0.217581809591	0.0467032482476	0.152057087318
-asi	0.0912888230595	0.240040237142	0.0133421504658	0.655328789333
-iwu	0.0164835164835	0.983516483516	0.0	0.0
-rat	0.0579331154136	0.875081719889	0.0669851646971	0.0
-rau	0.667660612632	0.256709135267	0.0756302521009	0.0
-ras	0.488572123013	0.447941544038	0.0501658876308	0.0133204453181
-rap	0.199570815451	0.635193133047	0.0429184549356	0.122317596567
-ran	0.300707750734	0.237873295356	0.427239772139	0.0341791817711
-eri	0.442525900345	0.387271830291	0.170202269364	0.0
-iwa	0.358895705522	0.622699386503	0.0	0.0184049079754
-ram	0.0492718446602	0.859708737864	0.0764563106796	0.0145631067961
-rak	0.156707133497	0.207462878371	0.633375046093	0.00245494203912
-iwe	0.0302419354839	0.969758064516	0.0	0.0
-rai	0.197629833056	0.684021147986	0.0411692139239	0.077179805034
-era	0.0	1.0	0.0	0.0
-ere	0.318859479404	0.395218174229	0.250182053071	0.0357402932959
-ugu	0.111476142566	0.387535733048	0.122750352155	0.378237772231
-por	0.211794409646	0.55488988359	0.101694385069	0.131621321695
-pos	0.360873475223	0.456383886365	0.15749302465	0.0252496137616
-nru	0.023679417122	0.0956284153005	0.642076502732	0.238615664845
-pot	0.0221899150662	0.966562093504	0.00849338128395	0.00275461014615
-pok	0.202676864245	0.671128107075	0.126195028681	0.0
-pol	0.0209258084971	0.954977805961	0.00380469245403	0.0202916930882
-nra	0.145486425469	0.181528552929	0.0805876757699	0.592397345833
-pam	0.580977917528	0.273938753406	0.0246349787163	0.12044835035
-ika	0.0	1.0	0.0	0.0
-iko	0.290787768049	0.495617522007	0.0436765563254	0.169918153619
-lam	0.154190422673	0.796703131486	0.0271571460622	0.0219492997792
-lan	0.198523196261	0.293794440853	0.0629009000049	0.444781462881
-nos	0.681106640769	0.0710726507584	0.0637312708102	0.184089437662
-lai	0.214644593513	0.102060483479	0.0235592821554	0.659735640853
-iki	0.779576587796	0.175591531756	0.0149439601494	0.0298879202989
-lat	0.0155402433661	0.909690661193	0.0378243659288	0.0369447295118
-lau	0.229170049466	0.252762673336	0.252335458702	0.265731818495
-nom	0.022368798394	0.149985661027	0.0137654143963	0.813880126183
-aak	0.158450704225	0.551056338028	0.105633802817	0.18485915493
-las	0.121167883212	0.757664233577	0.0963503649635	0.0248175182482
-noa	0.0	1.0	0.0	0.0
-dos	0.133435723455	0.312951586283	0.441472583899	0.112140106363
-dop	0.115618661258	0.519269776876	0.365111561866	0.0
-ato	0.514485256079	0.412571132954	0.04578375582	0.0271598551474
-bol	0.0556199304751	0.555040556199	0.333719582851	0.0556199304751
-bon	0.76134122288	0.214990138067	0.0118343195266	0.0118343195266
-bok	0.0975609756098	0.780487804878	0.121951219512	0.0
-bot	0.0408436499181	0.867298497104	0.0246999147726	0.0671579382053
-bor	0.434704406268	0.51911547078	0.0242160492744	0.0219640736776
-don	0.00729927007299	0.970802919708	0.0	0.021897810219
-ger	0.733333333333	0.166666666667	0.0333333333333	0.0666666666667
-dom	0.0	0.986191932143	0.0138080678568	0.0
-dok	0.0	1.0	0.0	0.0
-get	0.895781309844	0.0774523163558	0.00214130990401	0.0246250638961
-sau	0.194663830365	0.0571635474892	0.0109529520921	0.737219670054
-tiu	0.0901287553648	0.901287553648	0.00858369098712	0.0
-ton	0.68	0.293333333333	0.0266666666667	0.0
-tok	0.132999137939	0.492397020077	0.353427726465	0.0211761155197
-ges	0.0246913580247	0.950617283951	0.0246913580247	0.0
-ibo	0.321103864812	0.166961159122	0.497156809201	0.0147781668648
-tor	0.132960660363	0.265712345228	0.0381380283162	0.563188966094
-tos	0.0379746835443	0.93670886076	0.0253164556962	0.0
-top	0.168354213146	0.752874549511	0.0432469538356	0.0355242835078
-olo	0.163342605196	0.777356927265	0.0486476889389	0.0106527785997
-sak	0.604857340391	0.291883884948	0.0572342477502	0.0460245269103
-san	0.150141603538	0.515911215279	0.0607569860071	0.273190195176
-sam	0.076776890916	0.809578107183	0.0102622576967	0.103382744204
-sal	0.358403683807	0.514965464313	0.0153491941673	0.111281657713
-rot	0.605207076444	0.313978922251	0.0269380004352	0.0538760008703
-rop	0.0816316011201	0.169232522985	0.0727182613436	0.676417614552
-iel	0.053301029679	0.906723198062	0.0399757722592	0.0
-ros	0.301553631829	0.293957461446	0.272630854784	0.131858051941
-der	0.172552134892	0.158120449394	0.0362891754584	0.633038240256
-rod	0.0114174324701	0.947646895015	0.0359231411863	0.00501253132832
-oki	0.212643678161	0.362068965517	0.0	0.425287356322
-lot	0.0223123732252	0.957403651116	0.0202839756592	0.0
-lor	0.243654822335	0.611675126904	0.0913705583756	0.0532994923858
-iet	0.638554216867	0.156626506024	0.156626506024	0.0481927710843
-rok	0.682801235839	0.181256436663	0.0	0.135942327498
-ipo	0.0465742361018	0.94211872392	0.00646116570198	0.00484587427648
-win	0.23060917813	0.637614148653	0.0592995029476	0.0724771702693
-awa	0.099173553719	0.867768595041	0.0247933884298	0.00826446280991
-rus	0.248420017766	0.68748089061	0.0357494184173	0.0283496732073
-awu	0.116828242744	0.0955063688046	0.0342342527578	0.753431135693
-tia	0.119551681195	0.864881693649	0.0112079701121	0.00435865504359
-wid	0.00051374261495	0.994862573851	0.00154122784485	0.0030824556897
-wia	0.121387283237	0.670520231214	0.173410404624	0.0346820809248
-tin	0.188804420667	0.312746678733	0.338906550117	0.159542350483
-bis	0.832669322709	0.151394422311	0.0159362549801	0.0
-iok	0.356793550046	0.635773250995	0.0	0.00743319895931
-lek	0.0727272727273	0.363636363636	0.0363636363636	0.527272727273
-ois	0.0	1.0	0.0	0.0
-lem	0.00373185901866	0.990877677954	0.0016586040083	0.00373185901866
-iom	0.0172612197929	0.877445339471	0.0172612197929	0.0880322209435
-mum	0.2348555452	0.739049394222	0.0260950605778	0.0
-mul	0.324383865481	0.21680291938	0.379909031644	0.0789041834953
-mun	0.428914064095	0.265309246785	0.00290875688916	0.302867932231
-muk	0.0854733614412	0.609428899962	0.282100421617	0.0229973169797
-mut	0.451640513552	0.225677603424	0.0291012838802	0.293580599144
-oia	0.0954692556634	0.754045307443	0.140776699029	0.00970873786407
-mur	0.341007703845	0.074150439428	0.0624839555979	0.522357901129
-ios	0.177083333333	0.729166666667	0.0833333333333	0.0104166666667
-ior	0.428571428571	0.518681318681	0.0527472527472	0.0
-iop	0.561650564926	0.114950057311	0.182577370231	0.140822007532
-let	0.223027068242	0.0821966335919	0.068522498389	0.626253799777
-iot	0.0379421939516	0.956366476956	0.00379421939516	0.00189710969758
-git	0.045611992215	0.90087472558	0.0380099935125	0.0155032886925
-gis	0.664797688849	0.275714114771	0.0225644882818	0.0369237080976
-ndi	0.145664414477	0.723657221918	0.103703472035	0.0269748915699
-alo	0.201965428998	0.694854305203	0.0680194449994	0.0351608207997
-ali	0.0530973451327	0.882005899705	0.023598820059	0.0412979351032
-nda	0.0	1.0	0.0	0.0
-ala	0.139364303178	0.78728606357	0.0440097799511	0.0293398533007
-lon	0.228459530026	0.608790252393	0.114882506527	0.0478677110531
-nim	0.0359072638565	0.919076689456	0.0100663098675	0.0349497368203
-mlu	0.27619047619	0.342857142857	0.380952380952	0.0
-wat	0.0298834457979	0.59591622119	0.032249583735	0.341950749277
-iem	0.00689655172415	0.934482758621	0.0137931034483	0.0448275862069
-lok	0.824518953796	0.102546376311	0.051849291393	0.0210853784998
-lsu	0.580333625988	0.330114135206	0.0474100087797	0.0421422300263
-pen	0.24633431085	0.394721407625	0.288563049853	0.0703812316716
-loi	0.00487804878049	0.975609756098	0.0	0.019512195122
-pet	0.06655288657	0.724522292994	0.110377634165	0.0985471862718
-rko	0.476190476191	0.523809523809	0.0	0.0
-ele	0.627121951219	0.153972899729	0.0804769647696	0.138428184282
-uon	0.415617128464	0.350125944584	0.2040302267	0.0302267002519
-itu	0.000569384210976	0.998367765262	0.0	0.00106285052715
-esu	0.00826510532264	0.834976023844	0.00343954467157	0.153319326162
-ito	0.0142486660506	0.971353623275	0.000804840969388	0.0135928697052
-esi	0.0	1.0	0.0	0.0
-tes	0.0585419496733	0.0801151432822	0.0279772300925	0.833365676952
-iti	0.265444015444	0.0941119691119	0.265202702703	0.375241312741
-ese	0.664307198263	0.16698704177	0.0827698500644	0.085935909903
-ita	0.0018806201801	0.969678476835	0.00257348024646	0.0258674227387
-bru	0.00751879699248	0.947368421053	0.0375939849624	0.00751879699248
-udu	0.130163858758	0.17239787676	0.0110777752135	0.686360489268
-spi	0.0899390243902	0.858231707317	0.0274390243902	0.0243902439024
-uda	0.0052092706074	0.787887972268	0.185876246673	0.0210265104517
-abu	0.339483117339	0.581054320307	0.0340911939438	0.0453713684105
-rim	0.214333622148	0.637235891601	0.141305822912	0.00712466334008
-wop	0.308035714286	0.46875	0.0	0.223214285714
-woi	0.720465890183	0.24459234609	0.022462562396	0.0124792013311
-wok	0.278931750742	0.307616221563	0.365974282888	0.0474777448071
-wol	0.0185185185185	0.981481481481	0.0	0.0
-rom	0.0989238614289	0.0398163218376	0.0199989799634	0.84126083677
-abo	0.455773073631	0.165041596479	0.268425462536	0.110759867354
-ron	0.102564102564	0.897435897436	0.0	0.0
-kom	0.631922609201	0.212013979425	0.142259276707	0.013804134667
-sot	0.380916731626	0.174316387408	0.238807122074	0.205959758893
-kon	0.295961964222	0.646682027828	0.0130284063487	0.0443276016008
-tul	0.123221711055	0.382803176779	0.0355165112363	0.45845860093
-ael	0.0235698502332	0.959489319912	0.00957525165725	0.00736557819789
-tun	0.0444145741621	0.942888728657	0.00615742081345	0.00653927636777
-los	0.719612408952	0.115176248714	0.0405360254961	0.124675316838
-som	0.282798833819	0.612244897959	0.0524781341108	0.0524781341108
-sol	0.0	0.987423078651	0.0125769213493	0.0
-tur	0.619688715732	0.123422334471	0.0299763563561	0.226912593441
-tus	0.327433424553	0.426317722407	0.0160534008135	0.230195452227
-tut	0.720170454545	0.132102272727	0.0738636363636	0.0738636363636
-oro	0.692281692751	0.206369071629	0.0566603189898	0.0446889166295
-ado	0.8	0.116666666667	0.0	0.0833333333333
-ora	0.0	0.890042761148	0.109957238852	0.0
-tna	0.111586607564	0.571538341854	0.0342417173777	0.282633333204
-rur	0.330632649543	0.503189105327	0.118255473194	0.0479227719359
-liu	0.351351351351	0.486486486486	0.0810810810811	0.0810810810811
-rup	0.236397234708	0.738108945863	0.0254938194293	0.0
-won	0.190554414784	0.377002053388	0.3659137577	0.0665297741273
-lip	0.00984009840098	0.987699876999	0.0	0.00246002460025
-rut	0.38305797721	0.388802611932	0.056741794955	0.171397615903
-lis	0.238081137104	0.359490672194	0.074622445958	0.327805744744
-ruk	0.678528551639	0.0655687240264	0.0713867939049	0.184515930429
-omi	0.0623731617022	0.0650314458973	0.0108540790359	0.861741313365
-run	0.0908326324642	0.76787216148	0.0706476030277	0.0706476030278
-rum	0.0431270196371	0.820904797415	0.0824011931394	0.0535669898086
-lia	0.0393586005831	0.52332361516	0.402332361516	0.0349854227405
-eap	0.0434782608695	0.942028985507	0.0	0.0144927536232
-adu	0.579643473261	0.347901092582	0.0724554341575	0.0
-uri	0.49818806382	0.19752139899	0.0398472503652	0.264443286825
-uro	0.626993166287	0.349088838269	0.0205011389522	0.00341685649203
-ura	0.389146598392	0.0592836830519	0.0575358772568	0.494033841299
-uru	0.628802351212	0.340337986774	0.0123438648053	0.0185157972079
-pai	0.0134228187919	0.986577181208	0.0	0.0
-dur	0.284027972016	0.391992130827	0.281006397845	0.0429734993121
-apa	0.00599269229555	0.988014615409	0.00599269229554	0.0
-war	0.256157635468	0.684729064039	0.0591133004926	0.0
-wap	0.0610687022901	0.709923664122	0.198473282443	0.030534351145
-ais	0.215644820296	0.746300211416	0.0	0.0380549682875
-api	0.0833983352389	0.849434216291	0.0088260121598	0.0583414363106
-apo	0.235472321674	0.595152850454	0.00826218672542	0.161112641146
-pap	0.0254867256637	0.929557522124	0.0438938053098	0.00106194690265
-wan	0.832237613851	0.0290135396518	0.00342358030034	0.135325266196
-par	0.659863945578	0.0612244897959	0.238095238095	0.0408163265306
-wal	0.188888888889	0.394444444445	0.122222222222	0.294444444444
-pat	0.644135364417	0.0536570442424	0.0200757103119	0.282131881028
-wai	0.405003155173	0.357975375999	0.0187081524646	0.218313316363
-nun	0.027001609196	0.0459297273017	0.0196442803395	0.907424383163
-num	0.230100883801	0.171175481375	0.0611954972081	0.537528137616
-nuk	0.421313743998	0.253633290748	0.148338136583	0.176714828671
-ini	0.258823529412	0.705882352941	0.0117647058824	0.0235294117647
-koi	0.274696707106	0.202772963605	0.244367417678	0.278162911612
-kel	0.216998191682	0.674502712477	0.108499095841	0.0
-sus	0.549998287143	0.410606008701	0.0287759926005	0.0106197115549
-sur	0.0374401367332	0.0252069649307	0.00842888938644	0.92892400895
-sop	0.545090180361	0.364729458918	0.060120240481	0.0300601202405
-sun	0.190244738275	0.0202076652718	0.00804532866184	0.781502267792
-ket	0.0314557425018	0.964155084126	0.00438917337235	0.0
-suk	0.120081048492	0.794644004028	0.0783137272776	0.00696122020246
-ker	0.683011049724	0.24205801105	0.0514502762431	0.0234806629834
-sui	0.0970964472695	0.867301522065	0.0300536622501	0.0055483684154
-sor	0.497842968076	0.416738567731	0.0414150129422	0.0440034512511
-nur	0.485947337899	0.481647532711	0.0168703493568	0.0155347800327
-nus	0.778049453135	0.202280757319	0.00655659651518	0.0131131930304
-tup	0.429769392033	0.425576519916	0.129979035639	0.0146750524109
-dia	0.00414135836554	0.976187189398	0.00621203754832	0.013459414688
-kot	0.446539320268	0.434383527661	0.0654924336393	0.0535847184321
-din	0.746062592529	0.033955986676	0.0158479392454	0.20413348155
-dik	0.467931506606	0.415474264174	0.0917207936536	0.0248734355671
-ori	0.592462457159	0.199770851091	0.103496115511	0.104270576239
-dis	0.122448979592	0.613702623907	0.263848396501	0.0
-soi	0.196134574087	0.49677881174	0.249105225483	0.0579813886901
-kop	0.00234925606891	0.992952231793	0.0	0.00469851213782
-uku	0.685379906544	0.280769613158	0.0107090610398	0.0231414192583
-kor	0.19669117647	0.655024509804	0.0870098039216	0.0612745098039
-uka	0.762096774194	0.201612903226	0.0120967741935	0.0241935483871
-uki	0.780600940097	0.117455508205	0.0124007163993	0.0895428352989
-ait	0.0797970479705	0.211100861009	0.661592865929	0.0475092250922
-ngu	0.203020134228	0.704697986577	0.0	0.0922818791946
-tir	0.110151187905	0.701943844492	0.161987041037	0.0259179265659
-air	0.183486238532	0.739187418087	0.038007863696	0.0393184796854
-nga	0.2278978389	0.70137524558	0.0	0.0707269155206
-aia	0.10705130011	0.860786357533	0.00469523246096	0.0274671098966
-nge	0.577045022194	0.196575776791	0.226379201015	0.0
-aim	0.162077786387	0.608823542955	0.0557999470055	0.173298723653
-ngi	0.901316306369	0.0120991146438	0.00219112437453	0.0843934546129
-aio	0.0716520930358	0.415888324174	0.0150546897878	0.497404893002
-ain	0.081599208095	0.86506452559	0.0299384073911	0.0233978589236
-ngo	0.654684698594	0.0916323847212	0.114910407224	0.13877250946
-eme	0.0954752629842	0.869308451489	0.0234775236847	0.0117387618423
-ema	0.00487804878049	0.956097560976	0.0390243902439	0.0
-kes	0.63768115942	0.101449275362	0.115942028986	0.144927536232
-emi	0.767368496523	0.0772729807455	0.0539317607883	0.101426761943
-uwu	0.0276828434723	0.937115516063	0.0239234449761	0.0112781954887
-ems	0.000597550044815	0.997609799821	0.0	0.00179265013445
-das	0.0306532052062	0.944313343876	0.00459798078092	0.0204354701374
-son	0.199950012497	0.425393651587	0.261684578855	0.112971757061
-dan	0.368866982378	0.484713765665	0.129183982475	0.0172352694823
-lit	0.536231884058	0.0144927536232	0.0289855072464	0.420289855072
-kro	0.854329597678	0.134987503023	0.00423284689188	0.00645005240668
-kta	0.0118343195266	0.621301775148	0.322485207101	0.0443786982248
-liw	0.00381679389313	0.984732824427	0.00381679389312	0.00763358778626
-ete	0.629607943886	0.21857636192	0.0394326478425	0.112383046351
-eti	0.144066202746	0.119052097047	0.0846341922136	0.652247507993
-buk	0.200216382664	0.702203358092	0.0588810519526	0.0386992072905
-atu	0.100904853304	0.121469701124	0.0804314048076	0.697194040764
-bun	0.265753424657	0.723287671233	0.0109589041096	0.0
-bul	0.255179400433	0.679058507385	0.0522724322473	0.0134896599348
-bum	0.215384615385	0.692307692308	0.0923076923077	0.0
-aot	0.6299915754	0.247885425442	0.0353833192923	0.0867396798653
-lin	0.294649433764	0.60634929824	0.039906575328	0.0590946926685
-dus	0.388888888889	0.462962962963	0.148148148148	0.0
-wel	0.12613254982	0.441254932815	0.0464698867758	0.386142630589
-bur	0.0714961225648	0.888783809344	0.0132400226972	0.0264800453944
-omo	0.161300185904	0.0397084243828	0.00925442744855	0.789736962265
-but	0.348744929751	0.438304626418	0.123449532655	0.0895009111751
-ati	0.631131673322	0.213530647123	0.0302697290977	0.125067950458
-kak	0.132729847897	0.125435679537	0.50366401872	0.238170453846
-nis	0.290523403274	0.53562370302	0.0825455383906	0.0913073553147
-nip	0.0252331321997	0.549094898519	0.390016456391	0.0356555128908
-uli	0.268656716418	0.590126291619	0.0826636050517	0.0585533869116
-kan	0.156696450314	0.248919740482	0.18263888125	0.411744927953
-kal	0.969827586207	0.00431034482758	0.0258620689655	0.0
-lik	0.0985793300397	0.667632904059	0.120878486279	0.112909279623
-osi	0.15937447143	0.186161894958	0.00970449170019	0.644759141912
-nia	0.0032310177706	0.980613893376	0.0129240710824	0.0032310177706
-nad	0.0352112676056	0.753521126761	0.211267605634	0.0
-kas	0.612364801709	0.311924155428	0.00400587528375	0.0717051675791
-kar	0.0	0.962962962963	0.037037037037	0.0
-kap	0.0345394736842	0.926535087719	0.0076754385965	0.03125
-nin	0.120187104572	0.216301004632	0.068765756718	0.594746134079
-nil	0.0	1.0	0.0	0.0
-ulu	0.454484585684	0.0851437528608	0.26280420194	0.197567459515
-fig	0.0	0.961956521739	0.0380434782609	0.0
-ilu	0.269807280514	0.653104925054	0.0385438972163	0.0385438972163
-ata	0.0292186847797	0.896785944674	0.00910712252874	0.0648882480173
-ila	0.0	1.0	0.0	0.0
-ilo	0.148284313725	0.359068627451	0.430147058824	0.0625
-ili	0.00436588222767	0.983565825436	0.00738295531182	0.00468533702481
-oam	0.0195758564437	0.911908646003	0.0195758564437	0.0489396411093
-bus	0.193761484107	0.768788817284	0.0252378403669	0.012211858242
-ami	0.433958848548	0.0823966864019	0.016605201307	0.467039263743
-amo	0.670281995662	0.154302241504	0.0633405639913	0.112075198843
-tuk	0.170212625772	0.10696663465	0.0187866772867	0.704034062291
-ama	0.454701019242	0.04495585731	0.0184397075588	0.481903415889
-oas	0.0437956204379	0.934306569343	0.0	0.021897810219
-usi	0.424446346829	0.419164700845	0.0681877085454	0.0882012437807
-iro	0.197446504068	0.143242887437	0.0312690393754	0.628041569119
-eim	0.0	0.968253968254	0.031746031746	0.0
-iri	0.152489681167	0.213306055644	0.0211718318086	0.61303243138
-gus	0.570474281897	0.373413493654	0.0280561122245	0.0280561122244
-gur	0.242424242424	0.717171717172	0.020202020202	0.020202020202
-usa	0.275462962963	0.0405092592593	0.0729166666666	0.611111111111
-kai	0.170507462005	0.157212362912	0.0546545872201	0.617625587862
-gut	0.299030786773	0.623289623717	0.0326396807298	0.0450399087799
-gun	0.0391456201643	0.16311304998	0.0169541030781	0.780787226778
-iru	0.617961397352	0.269899505503	0.0847025043867	0.027436592758
-gua	0.0188976377953	0.91968503937	0.0472440944882	0.0141732283464
-noi	0.513513513514	0.22972972973	0.256756756757	0.0
-usu	0.534391534392	0.311413454271	0.1179138322	0.0362811791384
-ulo	0.0603252316839	0.939674768316	0.0	0.0
-tum	0.333910128157	0.373276374845	0.0246579786946	0.268155518304
-pia	0.0882352941176	0.911764705882	0.0	0.0
-wim	0.186335403727	0.670807453416	0.0	0.142857142857
-ula	0.179261125105	0.681150293871	0.0386230058774	0.100965575147
-wik	0.0150187734668	0.958698372966	0.00750938673342	0.0187734668335
-ius	0.0301249081557	0.969875091844	0.0	0.0
-iur	0.541639344262	0.373770491803	0.0268852459017	0.0577049180328
-pil	0.0916666666667	0.3	0.375	0.233333333333
-iut	0.0	1.0	0.0	0.0
-pin	0.120879120879	0.60989010989	0.203296703297	0.0659340659341
-pio	0.676258992806	0.0863309352518	0.237410071943	0.0
-pis	0.383040935673	0.374269005848	0.184210526316	0.0584795321637
-iun	0.374280230326	0.143953934741	0.195777351248	0.285988483685
-wit	0.0121804237377	0.493320343564	0.00218156843063	0.492317664267
-len	0.226014278252	0.670381333798	0.0195020024377	0.0841023855128
-uel	0.0606060606061	0.848484848485	0.0606060606061	0.030303030303
-owo	0.226768021865	0.710796036898	0.028698325931	0.0337376153058
-agu	0.0853981790942	0.174484268756	0.711651492451	0.028466059698
-ago	0.262143276621	0.22349416561	0.105980781834	0.408381775936
-min	0.882183908046	0.0833333333333	0.0344827586207	0.0
-age	0.152542372881	0.796610169492	0.0	0.0508474576271
-ong	0.263471489374	0.237507142862	0.058080124547	0.440941243217
-ege	0.653709356709	0.106001624331	0.0110902624135	0.229198756546
-ega	0.854545454545	0.145454545455	0.0	0.0
-ona	0.0128444798534	0.987155520147	0.0	0.0
-dat	0.120061875871	0.198896126431	0.0403825131025	0.640659484595
-ono	0.20160201602	0.675096750967	0.0803258032581	0.0429754297543
-lwa	0.0293609671848	0.915371329879	0.0379965457686	0.0172711571675
-dap	0.0	1.0	0.0	0.0
-dar	0.231001206273	0.206272617611	0.248492159228	0.314234016888
-oni	0.705588822355	0.233532934132	0.0	0.060878243513
-dam	0.335664335664	0.65034965035	0.0	0.013986013986
-non	0.0	1.0	0.0	0.0
-mir	0.0847359687074	0.122147810111	0.0093344396373	0.783781781544
-kau	0.0977835723598	0.874837027379	0.0234680573663	0.00391134289439
-ang	0.155341997658	0.433648575685	0.0659447716396	0.345064655017
-ani	0.672872438436	0.273273243091	0.0286608830189	0.0251934354533
-ank	0.341104294479	0.353374233129	0.122699386503	0.18282208589
-ano	0.112958458236	0.557143563278	0.0901547671767	0.239743211309
-tam	0.0931425097936	0.493498096444	0.0633034422849	0.350055951478
-tan	0.0834506325767	0.260414284845	0.0290381182334	0.627096964345
-tad	0.0	0.955974842767	0.0377358490566	0.0062893081761
-tat	0.0426617203803	0.759795965685	0.183630883376	0.0139114305588
-tau	0.867340868531	0.0535395597859	0.0184414039262	0.0606781677573
-duk	0.37037037037	0.111111111111	0.0	0.518518518519
-tar	0.637843631204	0.0591987864659	0.0063063996077	0.296651182723
-ens	0.0687224669603	0.925991189427	0.0	0.00528634361233
-mis	0.645739910314	0.354260089686	0.0	0.0
-eno	0.307666756628	0.274865577446	0.126533662729	0.290934003197
-miu	0.00159744408946	0.854632587859	0.0159744408946	0.127795527157
-eni	0.686470294558	0.117324013979	0.0913629555666	0.104842735896
-ene	0.0874706040979	0.452143261681	0.115412509933	0.344973624288
-eng	0.205149339847	0.64581054146	0.0841638317323	0.0648762869603
-ena	0.54965160291	0.0054383578434	0.000580378109771	0.444329661137
