-бып	0.907317449302	0.0408666820881	0.0	0.0518158686098
-мач	0.19298245614	0.80701754386	0.0	0.0
-мах	0.639461259745	0.249862752992	0.0184459978772	0.0922299893862
-был	0.63726685359	0.0445721077655	0.033349079605	0.284811959039
-мат	0.0922605630916	0.745563706405	0.0939920495062	0.0681836809967
-мас	0.0165152766308	0.971098265896	0.0123864574732	0.0
-мар	0.0	1.0	0.0	0.0
-быз	0.329367136631	0.397306000448	0.0565604543039	0.216766408618
-дол	0.161971830986	0.62676056338	0.169014084507	0.0422535211268
-док	0.0	1.0	0.0	0.0
-дон	0.0214285714286	0.971428571429	0.0	0.00714285714284
-сса	0.00702740688686	0.72131478512	0.00204998388744	0.269607824105
-йых	0.348484848485	0.560606060606	0.0	0.0909090909091
-йыу	0.395910376332	0.436589079835	0.0435066347618	0.123993909071
-йыр	0.0893366234638	0.494909082197	0.352411298244	0.0633429960949
-мау	0.577844509135	0.21037293127	0.0182687830961	0.193513776499
-тул	0.123672230653	0.709408194234	0.141122913505	0.0257966616085
-тум	0.238095238095	0.276556776557	0.375457875458	0.10989010989
-тун	0.0304529881995	0.910163684812	0.055576703464	0.00380662352493
-туп	0.497461357475	0.146002914842	0.0238694553991	0.332666272283
-аон	0.0571428571429	0.495238095238	0.447619047619	0.0
-ссе	0.304347826087	0.695652173913	0.0	0.0
-чха	0.660550986386	0.286294829946	0.0045958639154	0.0485583197526
-зча	0.302753172133	0.319607373713	0.180608091932	0.197031362222
-дом	0.0192926045016	0.961414790997	0.0192926045016	0.0
-тур	0.467997606074	0.222839632743	0.0321631820907	0.276999579093
-тус	0.131067961165	0.868932038835	0.0	0.0
-тут	0.449961802903	0.302521008403	0.00458365164248	0.242933537051
-туу	0.110769230769	0.76	0.129230769231	0.0
-йып	0.408799938842	0.166804741021	0.129633876738	0.2947614434
-йын	0.137807606264	0.406114839672	0.169127516778	0.286950037286
-йым	0.436258927243	0.219473086927	0.0443729889671	0.299894996863
-йыл	0.0200333889816	0.979966611018	0.0	0.0
-маз	0.419556418341	0.213297880132	0.0565975277153	0.310548173812
-дор	0.127413127413	0.849420849421	0.011583011583	0.011583011583
-жол	0.0960051071771	0.795221843003	0.0176786898126	0.0910943600068
-ман	0.158995994582	0.482957837155	0.197986574477	0.160059593786
-мам	0.42069074113	0.117546714256	0.237639093009	0.224123451606
-быу	0.191602316602	0.802606177606	0.00579150579151	0.0
-май	0.398104165314	0.176535459151	0.0769754897988	0.348384885736
-быр	0.0744622173194	0.648280933995	0.257032542747	0.0202243059386
-туз	0.0324286762151	0.227116550206	0.0275643747829	0.712890398796
-ача	0.292143567319	0.424074431842	0.159100654506	0.124681346332
-ъму	0.495432185524	0.40126493324	0.0927617709066	0.0105411103303
-ъмы	0.346713270944	0.379749689931	0.151764573233	0.121772465892
-юму	0.0835882504699	0.900932443888	0.0154793056426	0.0
-юмю	0.338275960361	0.494198866604	0.0388107565769	0.128714416458
-юме	0.294974187001	0.617189913074	0.0573346423687	0.0305012575564
-ъма	0.525824416009	0.220643162802	0.11174898935	0.141783431839
-ачы	0.21532201999	0.287126418442	0.411124914048	0.0864266475198
-сли	0.077479338843	0.752324380165	0.166064049587	0.00413223140496
-сле	0.962962962963	0.037037037037	0.0	0.0
-сла	0.010463638855	0.97907272229	0.010463638855	0.0
-фан	0.0816326530612	0.895691609977	0.0	0.0226757369614
-фай	0.0	1.0	0.0	0.0
-ьфа	0.00350877192982	0.94269005848	0.0397660818714	0.0140350877193
-ёзе	0.595197255575	0.183533447684	0.0926243567753	0.128644939966
-дыр	0.590339892666	0.271914132379	0.121645796064	0.0161001788909
-рил	0.397260273973	0.315068493151	0.0684931506849	0.219178082192
-нип	0.560426400391	0.123804543998	0.081130770658	0.234638284953
-рий	0.157894736842	0.671052631579	0.15350877193	0.0175438596491
-нин	0.715826962674	0.106403975165	0.0242912674791	0.153477794682
-рип	0.542984012315	0.0816235837016	0.0351785949182	0.340213809065
-хха	0.0668623166125	0.831972568743	0.0140560484934	0.0871090661513
-рин	0.259826766481	0.462326386918	0.0440183713581	0.233828475243
-рим	0.188244898449	0.586911697175	0.0548347304635	0.170008673912
-риу	0.161321231337	0.331457640111	0.321510078222	0.18571105033
-рис	0.133333333333	0.8	0.0666666666667	0.0
-рир	0.540962506995	0.117557358702	0.0128287632904	0.328651371013
-нит	0.0	1.0	0.0	0.0
-ниу	0.147915732855	0.643657552667	0.0941281936351	0.114298520843
-нир	0.506275853246	0.263870133193	0.0722398328335	0.157614180728
-нис	0.0	1.0	0.0	0.0
-дык	0.0188679245283	0.971698113208	0.00943396226414	0.0
-ния	0.029115694829	0.941768610342	0.00435863695045	0.0247570578785
-риш	0.333333333333	0.185185185185	0.444444444444	0.037037037037
-рия	0.00389357560026	0.985723556132	0.00194678780013	0.00843608046722
-дым	0.39355623692	0.156470530978	0.392738599309	0.0572346327931
-ёзю	0.095656378435	0.818921750343	0.0145056007736	0.0709162704489
-фат	0.0719298245614	0.794736842105	0.133333333333	0.0
-слы	0.100731112916	0.492282696994	0.377741673436	0.0292445166531
-иям	0.0	0.857607811229	0.0	0.142392188771
-чым	0.0258064516129	0.864516129032	0.0774193548387	0.0322580645161
-йдю	0.706810631229	0.180232558139	0.00581395348837	0.107142857143
-иши	0.044234763815	0.320008241458	0.0124462833548	0.623310711372
-йды	0.515769912282	0.190159171192	0.0516605020051	0.242410414521
-иша	0.0	1.0	0.0	0.0
-йду	0.808205536746	0.144791874129	0.0254929296953	0.0215096594304
-жым	0.245901639344	0.622950819672	0.0655737704918	0.0655737704918
-жын	0.0408163265306	0.897959183673	0.0204081632653	0.0408163265306
-жый	0.144469525959	0.794582392777	0.00677200902935	0.0541760722348
-жыл	0.00882167611847	0.957151858853	0.00378071833648	0.0302457466919
-жыр	0.0	0.962962962963	0.037037037037	0.0
-жел	0.0631931906113	0.916430229559	0.008253804488	0.0121227753418
-йди	0.694315046036	0.147348093614	0.0250688119084	0.133268048441
-йде	0.0392920353982	0.650855457227	0.0162831858407	0.293569321534
-йда	0.171741058232	0.218987092324	0.0359148684599	0.573356980983
-бюп	0.889908256881	0.0	0.110091743119	0.0
-гач	0.11447526177	0.338382223643	0.443745503957	0.103397010631
-айт	0.781068442681	0.11605498087	0.0170043928015	0.0858721836474
-айы	0.150462962963	0.400462962963	0.215277777778	0.233796296296
-яир	0.0	0.918918918919	0.0810810810811	0.0
-ыуу	0.277720570063	0.588001482824	0.0827910042013	0.0514869429113
-ийи	0.0872636330676	0.850807337013	0.0292219232085	0.0327071067104
-гыз	0.0980924785706	0.0248098515031	0.129783894724	0.747313775202
-гыт	0.383118662647	0.577418470814	0.00986571663471	0.0295971499041
-гыч	0.0606617647059	0.635110294118	0.282169117647	0.0220588235294
-нты	0.178489702517	0.643020594966	0.12356979405	0.0549199084668
-тте	0.104918396803	0.141223492839	0.188853114244	0.565004996114
-гай	0.0	1.0	0.0	0.0
-ган	0.503280494208	0.230987952169	0.0733620227452	0.192369530878
-гап	0.0	1.0	0.0	0.0
-чим	0.321428571429	0.578571428571	0.1	0.0
-чин	0.0683111954459	0.88614800759	0.022770398482	0.022770398482
-чип	0.495458362943	0.222895535887	0.258853931132	0.0227921700368
-кях	0.0421693312881	0.883000776917	0.0214980904605	0.0533318013349
-кяр	0.874497991968	0.0331325301205	0.015813253012	0.0765562248996
-кят	0.100926377377	0.893222818138	0.0	0.00585080448561
-юшю	0.196721311475	0.360655737705	0.44262295082	0.0
-мге	0.0988684221628	0.711709712459	0.0129256187585	0.176496246619
-жна	0.0621118012422	0.782608695652	0.0248447204969	0.130434782609
-жны	0.659090909091	0.0790513833992	0.202569169961	0.0592885375494
-юше	0.211267605634	0.464788732394	0.239436619718	0.0845070422535
-шха	0.0631079924791	0.154710115832	0.217250440981	0.564931450708
-жну	0.638218923933	0.148423005566	0.0371057513914	0.176252319109
-кям	0.321917808219	0.609589041096	0.0	0.068493150685
-мал	0.186304007702	0.149115417018	0.317246359369	0.34733421591
-чир	0.444444444444	0.555555555556	0.0	0.0
-рлю	0.0709963812022	0.283562951961	0.100688338025	0.544752328811
-хты	0.0491803278689	0.631147540984	0.319672131148	0.0
-ясы	0.106534090909	0.846590909091	0.0	0.046875
-рлы	0.131897487269	0.168266688928	0.649748170409	0.0500876533934
-юге	0.225257825222	0.664013026959	0.0423376153428	0.0683915324769
-рлу	0.0986630672323	0.0819835454429	0.775967347988	0.0433860393367
-уль	0.353383458647	0.586466165414	0.0601503759398	0.0
-ъла	0.213587432011	0.654889928089	0.103909115955	0.0276135239454
-сия	0.325338894682	0.427528675704	0.247132429614	0.0
-сир	0.285714285714	0.495798319328	0.118847539016	0.0996398559424
-сих	0.00904101347227	0.968677875044	0.00104852289337	0.0212325885908
-сий	0.0	0.995061728395	0.0	0.00493827160493
-сип	0.601051401869	0.0455607476636	0.0	0.353387850467
-сим	0.1580907914	0.128000089967	0.0411202761462	0.672788842487
-син	0.303293937141	0.173077101434	0.0617294161612	0.461899545263
-сиз	0.231727595869	0.053572913107	0.030629921505	0.684069569519
-ьчи	0.0740740740741	0.777777777778	0.111111111111	0.037037037037
-ълу	0.167741935484	0.638709677419	0.116129032258	0.0774193548387
-ълы	0.150558659218	0.068156424581	0.0125698324022	0.768715083799
-фге	0.0661375661375	0.925925925926	0.00793650793651	0.0
-лар	0.561342581036	0.24867744944	0.0406800376245	0.1492999319
-кай	0.0	1.0	0.0	0.0
-кам	0.0111524163569	0.985130111524	0.0	0.00371747211896
-югю	0.209146476176	0.551415175393	0.0980435476349	0.141394800795
-рли	0.251937285997	0.637772571635	0.110290142368	0.0
-хта	0.104103970218	0.770057290622	0.0321005818231	0.0937381573374
-рле	0.289451553515	0.589358365343	0.0502761551924	0.0709139259495
-рла	0.241868402243	0.584875137344	0.109935614234	0.0633208461793
-яса	0.510313531353	0.381600660066	0.0412541254125	0.0668316831683
-хаз	0.0	1.0	0.0	0.0
-рем	0.321126760563	0.476056338028	0.0507042253521	0.152112676056
-хап	0.238434163701	0.714116251483	0.0355871886121	0.011862396204
-хам	0.417085427136	0.261306532663	0.321608040201	0.0
-хан	0.522343311163	0.220081046168	0.0364631917427	0.221112450926
-хал	0.296511627907	0.514534883721	0.151162790698	0.0377906976744
-рек	0.192221780283	0.230457176126	0.0991624298183	0.478158613772
-дде	0.251851851852	0.222222222222	0.0222222222222	0.503703703704
-ъ’а	0.446867385289	0.421220005782	0.0930904885805	0.0388221203486
-езе	0.15015600624	0.84984399376	0.0	0.0
-ези	0.0885826771653	0.88188976378	0.0236220472441	0.00590551181102
-реф	0.205714285714	0.691428571429	0.0685714285714	0.0342857142856
-рер	0.0	0.601991898621	0.10145304545	0.296555055929
-рес	0.0	1.0	0.0	0.0
-хар	0.0659120169276	0.187745290701	0.0109131716351	0.735429520737
-реу	0.112814626548	0.45707960974	0.0107403459867	0.419365417726
-хая	0.387351778656	0.441370223979	0.125164690382	0.0461133069829
-лса	0.289586055884	0.0839636235639	0.0383678686029	0.588082451949
-реш	0.334966319657	0.27924066136	0.282914880588	0.102878138396
-лсе	0.558810301567	0.120567627704	0.013918477489	0.30670359324
-уле	0.140771689028	0.69425132492	0.0659257513963	0.0990512346561
-оуу	0.142378559464	0.832495812395	0.0251256281407	0.0
-ъою	0.0735294117647	0.920168067227	0.0063025210084	0.0
-рух	0.12901691489	0.575492731651	0.126935996908	0.16855435655
-руу	0.335452528039	0.576171054999	0.046392370899	0.0419840460624
-рур	0.573167602703	0.242666134504	0.0439034124925	0.140262850301
-ъош	0.0	0.944881889764	0.0	0.0551181102362
-ъоу	0.222222222222	0.777777777778	0.0	0.0
-руш	0.265129682997	0.582132564842	0.0778097982709	0.0749279538905
-къа	0.180737084198	0.136029617995	0.111740618163	0.571492679643
-лкю	0.063981042654	0.661137440758	0.241706161137	0.0331753554502
-лкъ	0.0326194725362	0.875322228832	0.00490779298037	0.0871505056514
-кта	0.0	0.868613138686	0.087591240876	0.043795620438
-гчы	0.0540540540541	0.945945945946	0.0	0.0
-сёз	0.258665800538	0.451199047258	0.0200593057736	0.270075846431
-нке	0.0111940298507	0.798507462687	0.123134328358	0.0671641791045
--ич	0.339321357285	0.39121756487	0.0299401197605	0.239520958084
-оел	0.04	0.96	0.0	0.0
-ахы	0.0758421161397	0.862988220707	0.0173589584625	0.043810704691
-ъол	0.334072022161	0.483102493075	0.152908587258	0.0299168975069
-ъой	0.461958169142	0.360412246135	0.0491057896331	0.128523795089
-руп	0.533417372035	0.0785899382951	0.0521097551782	0.335882934491
-рун	0.40454766083	0.403502221558	0.0907665310084	0.101183586603
-руй	0.120728929385	0.0455580865604	0.697038724374	0.136674259681
-ола	0.432491652755	0.198838341681	0.0692125765164	0.299457429048
-лду	0.637178903488	0.0837629562365	0.0185961757385	0.260461964537
-сей	0.00773714344663	0.973693712281	0.00928457213599	0.00928457213597
-лдю	0.205616557015	0.0415562958871	0.0106969299122	0.742130217185
-сек	0.117567347824	0.038484470703	0.136159141417	0.707789040056
-сен	0.156760133423	0.0173037257051	0.00180333085817	0.824132810014
-сем	0.269989303561	0.0626676492048	0.0260046354705	0.641338411764
-олк	0.0	0.768421052632	0.231578947368	0.0
-лды	0.698839248325	0.120164625209	0.0289206448911	0.152075481575
-ьта	0.0	0.923076923077	0.0	0.0769230769231
-бат	0.00732031943212	0.955856255546	0.0158606921029	0.0209627329193
-бау	0.100943396226	0.555660377359	0.111320754717	0.232075471698
-бар	0.331660777825	0.182697830405	0.00252061390952	0.483120777861
-есе	0.468604588043	0.0806805554258	0.0234774129971	0.427237443534
-хча	0.129632550071	0.829679861221	0.0236555748304	0.0170320138779
-кга	0.0555555555557	0.939814814815	0.0	0.00462962962964
-еси	0.0902860627951	0.0759116273719	0.131741167225	0.702061142608
-баш	0.0720143097788	0.448910268656	0.392893735998	0.086181685567
-кге	0.144218482967	0.609368306607	0.0557901581752	0.19062305225
-хчи	0.5625	0.1796875	0.2109375	0.046875
-ест	0.00444444444444	0.995555555556	0.0	0.0
-роу	0.330708661417	0.39694302918	0.0259379342288	0.246410375174
-бал	0.0283018867925	0.971698113208	0.0	0.0
-бай	0.0369776041303	0.0688155538501	0.841880043722	0.0523267982976
-хчы	0.307251908397	0.666030534351	0.0267175572519	0.0
-бам	0.0	1.0	0.0	0.0
-бан	0.199203187251	0.783411807316	0.0	0.0173850054328
-оюп	0.762611510223	0.0270782347833	0.0168942922555	0.193415962738
-оюн	0.351639885538	0.21186440678	0.23398635263	0.202509355052
-оюм	0.102128140846	0.742436523346	0.0269174944865	0.128517841322
-хем	0.0067681895093	0.983079526227	0.010152284264	0.0
-хел	0.216955332726	0.783044667274	0.0	0.0
-лде	0.143795561964	0.746455179044	0.0524713610511	0.0572778979412
-сеу	0.0	1.0	0.0	0.0
-лда	0.173298851909	0.51014871464	0.0574828380228	0.259069595428
-олу	0.149586650123	0.373269576613	0.242050159624	0.23509361364
-еки	0.00886339295607	0.0163111050928	0.000886339295606	0.973939162656
-лди	0.822590909443	0.0599286195391	0.0198998196134	0.0975806514048
-еко	0.0	1.0	0.0	0.0
-мюк	0.256097560976	0.548780487805	0.19512195122	0.0
-мюн	0.176470588235	0.211764705882	0.611764705882	0.0
-шге	0.194866232827	0.324656543745	0.0182574114244	0.462219812003
-ёре	0.385423207674	0.0628369746444	0.0224758027846	0.529264014897
-шню	0.0853410740202	0.812191582003	0.0188679245283	0.0835994194486
-шны	0.125212455755	0.711434407697	0.128175141507	0.0351779950414
-ёрт	0.022312090364	0.0536884674383	0.00362571468414	0.920373727514
-бын	0.604304635762	0.308774834437	0.0620860927152	0.0248344370861
-тге	0.216320988195	0.6671192974	0.0681136249152	0.0484460894895
-ёрю	0.161930075649	0.838069924351	0.0	0.0
-мюш	0.0176991150442	0.87610619469	0.106194690265	0.0
-мюр	0.0233050847458	0.963983050847	0.0127118644068	0.0
-ыжа	0.0	0.0561622464899	0.92511700468	0.0187207488299
-тюп	0.600117454181	0.21134411628	0.0364597352387	0.152078694301
-уде	0.206381076111	0.510975383421	0.0557120923248	0.226931448143
-уда	0.380679010217	0.544231056557	0.0303819145146	0.0447080187107
-ьни	0.0184065211675	0.958453852222	0.0084895383344	0.0146500882762
-яда	0.0355919985583	0.896467832042	0.0126749564486	0.0552652129513
-ипа	0.00688468158347	0.993115318417	0.0	0.0
-пир	0.0264317180617	0.920704845815	0.0528634361234	0.0
-пис	0.0377358490566	0.924528301887	0.0377358490566	0.0
-зур	0.0	1.0	0.0	0.0
-зуу	0.42	0.48	0.04	0.06
-зун	0.112701658714	0.463303794592	0.194501249716	0.229493296978
-зуп	0.642822774659	0.0986367281475	0.0279069767442	0.230633520449
-яды	0.548982598287	0.320734738974	0.0225577755271	0.107724887211
-пий	0.293103448276	0.568965517241	0.0689655172414	0.0689655172414
-пил	0.0243902439024	0.737804878049	0.237804878049	0.0
-ьны	0.0537874557975	0.915317327378	0.00632793597619	0.0245672808487
-удю	0.422813517458	0.492309419558	0.0330077467161	0.0518693162681
-уду	0.27859950224	0.247602299082	0.25607395236	0.217724246318
-апа	0.0	1.0	0.0	0.0
-зим	0.13475177305	0.695035460993	0.170212765958	0.0
-зин	0.142067876874	0.731649565904	0.102604577743	0.0236779794791
-зип	0.6392	0.2128	0.024	0.124
-зил	0.185185185185	0.777777777778	0.0	0.037037037037
-шыу	0.362882322447	0.440124416796	0.103680663556	0.0933125972007
-шыр	0.524356878046	0.233693276563	0.056662727258	0.185287118134
-г’а	0.233027303253	0.277946786684	0.0482283089616	0.440797601101
-эди	0.776514794511	0.0140234296918	0.00142927126844	0.208032504529
-шып	0.548496840936	0.253506213983	0.049989585503	0.148007359578
-шым	0.0314068734715	0.851203501094	0.00463380100399	0.11275582443
-шын	0.0992635286584	0.822940595024	0.0250595163513	0.052736359966
-ксе	0.369576299317	0.187695608877	0.0489614946889	0.393766597117
-аты	0.153541000298	0.604533069507	0.0660045401134	0.175921390082
-бур	0.181575224021	0.805219305141	0.0	0.0132054708379
-зия	0.0	1.0	0.0	0.0
-зиу	0.196721311475	0.567213114754	0.150819672131	0.0852459016394
-юне	0.136679203516	0.417004161207	0.0222437455514	0.424072889726
-юнг	0.14889744055	0.752963824227	0.0162909776644	0.0818477575585
-юна	0.121212121212	0.878787878788	0.0	0.0
-нла	0.339637000348	0.364464221826	0.0725614432298	0.223337334596
-нле	0.302898011836	0.331386877122	0.129138094121	0.236577016921
-лли	0.0708838043966	0.214445939883	0.0834454912517	0.631224764468
-лла	0.0554754560407	0.871651856234	0.0200108373686	0.0528618503562
-лле	0.101920614597	0.837131882202	0.0568501920615	0.00409731113956
-ода	0.0	1.0	0.0	0.0
-нми	0.445506657558	0.228478873622	0.0883602455809	0.23765422324
-рта	0.0261563876652	0.87105359765	0.0146842878121	0.0881057268723
-рте	0.518867924528	0.424528301887	0.0566037735849	0.0
-рти	0.226374883044	0.101621790207	0.43741553176	0.234587794989
-окъ	0.292417281784	0.0662778093222	0.0170340164146	0.624270892479
-ъны	0.0710303895544	0.805415388615	0.0776629443685	0.0458912774618
-ски	0.0517655125128	0.0798765855331	0.828248200206	0.0401097017483
-ъну	0.24205176267	0.638688630957	0.065460312883	0.05379929349
-рты	0.283333333333	0.466666666667	0.116666666667	0.133333333333
-ьха	0.444055944056	0.325174825175	0.0	0.230769230769
-ллы	0.10783472382	0.497233479152	0.300024732735	0.0949070642927
-ллю	0.048231511254	0.206591639871	0.600482315113	0.144694533762
-ллу	0.0572557968947	0.0213039560609	0.606619394977	0.314820852068
-нлы	0.226369582993	0.381402743709	0.207481602616	0.184746070682
-вда	0.533333333333	0.409523809524	0.0	0.0571428571429
-нлу	0.258045331395	0.331262803145	0.41069186546	0.0
-бба	0.0341232227488	0.94028436019	0.00284360189573	0.0227488151659
-нли	0.335820895522	0.273880597015	0.248507462687	0.141791044776
-лчы	0.588689069958	0.405344486765	0.0059664432766	0.0
-еле	0.413146263706	0.117966976926	0.0251029891814	0.443783770187
-леп	0.644713535601	0.16779237934	0.045104576168	0.14238950889
-лен	0.0819066387486	0.153220840005	0.00739007266906	0.757482448577
-ели	0.53164556962	0.0759493670886	0.164556962025	0.227848101266
-лек	0.396518459229	0.496570420364	0.0297727170752	0.0771384033313
-лей	0.651547974428	0.126721407615	0.0316427164679	0.190087901489
-леу	0.11424219345	0.821782178218	0.054836252856	0.00913937547601
-лет	0.100995732575	0.817923186344	0.0341394025605	0.0469416785206
-лер	0.606604866744	0.216106604867	0.0446118192352	0.132676709154
-лея	0.0137221269297	0.965694682676	0.00343053173243	0.0171526586621
-леш	0.242718446602	0.429611650485	0.283980582524	0.0436893203883
-ххе	0.0924071756362	0.834376303713	0.0219023779725	0.0513141426784
-си-	0.0644185041072	0.0622568093385	0.0536100302637	0.819714656291
-ним	0.45864006241	0.323288199055	0.069666844923	0.148404893612
-лчи	0.107623318386	0.587443946188	0.304932735426	0.0
-лче	0.0	0.902131560853	0.0	0.0978684391474
-лча	0.131147540984	0.639344262295	0.207650273224	0.0218579234972
-ёсе	0.759493670886	0.151898734177	0.0253164556962	0.0632911392405
-ний	0.0313043478261	0.966956521739	0.00173913043478	0.0
-гъу	0.217935360758	0.470142460766	0.0765712907011	0.235350887775
-шма	0.109803921569	0.745098039216	0.145098039216	0.0
-гъы	0.160501501996	0.602232358696	0.143421614522	0.0938445247857
-иот	0.00199335548173	0.998006644518	0.0	0.0
-мут	0.628669546915	0.240611498837	0.00708984158635	0.123629112662
-муш	0.639770425388	0.289331532748	0.0202565833896	0.050641458474
-мос	0.141176470588	0.858823529412	0.0	0.0
-иси	0.141166540245	0.206856432397	0.200331928436	0.451645098923
-ызы	0.0886769964243	0.783075089392	0.0595947556615	0.068653158522
-уел	0.044776119403	0.820895522388	0.134328358209	0.0
-муп	0.167608912537	0.781177253076	0.0	0.0512138343865
-мум	0.575589459085	0.299583911234	0.0208044382801	0.104022191401
-мун	0.355400696864	0.406504065041	0.0569105691057	0.18118466899
-ион	0.0362785254535	0.894090111176	0.00702165008777	0.0626097132826
-шму	0.314371257485	0.197604790419	0.314371257485	0.173652694611
-гъа	0.243395070174	0.387533320952	0.0477925787924	0.321279030082
-нуу	0.359945872801	0.558863328823	0.0243572395128	0.0568335588633
-бет	0.131147540984	0.751327637959	0.056338028169	0.0611867928885
-беш	0.0168645216759	0.0250818425317	0.00248007671704	0.955573559075
-хон	0.253246753247	0.746753246753	0.0	0.0
-ёху	0.0132450331126	0.986754966887	0.0	0.0
-лур	0.616790374586	0.0361602215923	0.0107478017499	0.336301602072
-луу	0.260994953136	0.688536409517	0.0086517664023	0.0418168709445
-лут	0.0203389830508	0.979661016949	0.0	0.0
-нух	0.0136064706327	0.955401012926	0.0264570262303	0.00453549021091
-луш	0.725093632959	0.204494382022	0.00299625468165	0.067415730337
-луя	0.08	0.92	0.0	0.0
-сол	0.2736	0.589333333333	0.106666666667	0.0304
-сон	0.0	0.932330827068	0.0601503759398	0.00751879699248
-соп	0.181818181818	0.785123966942	0.0330578512397	0.0
-сор	0.243902439024	0.701219512195	0.0182926829268	0.0365853658537
-лун	0.104521248825	0.794194424141	0.00918868121541	0.0920956458181
-лум	0.178534031414	0.700523560209	0.0753926701571	0.0455497382198
-луп	0.434846993658	0.0297296720185	0.0181501691474	0.517273165176
-бед	0.257142857143	0.742857142857	0.0	0.0
-бей	0.0	0.818181818182	0.0454545454545	0.136363636364
-осу	0.183544303797	0.607594936709	0.170886075949	0.0379746835443
-бел	0.0	1.0	0.0	0.0
-бек	0.221411296547	0.0316889933277	0.13769060565	0.609209104475
-бен	0.268951878708	0.663150955834	0.00263678312459	0.0652603823335
-беп	0.630093131548	0.234575087311	0.0218277066356	0.113504074505
-шил	0.0	0.0807248764415	0.919275123558	0.0
-шик	0.0794473229707	0.858376511226	0.013816925734	0.0483592400691
-нсы	0.144927536232	0.248447204969	0.0776397515528	0.528985507247
-шип	0.642414417851	0.217207699328	0.0383467967143	0.102031086107
-шин	0.180683311432	0.6938239159	0.0	0.125492772667
-шим	0.366141732283	0.468503937008	0.0	0.165354330709
-икс	0.0106666666667	0.968	0.0213333333333	0.0
-уча	0.23511763777	0.485986104532	0.166785093952	0.112111163745
-мчю	0.263702171665	0.674250258532	0.0	0.0620475698035
-ъса	0.560408872387	0.146311900827	0.0780394948522	0.215239731934
-мча	0.43006332386	0.331367713918	0.162304599988	0.0762643622338
-ика	0.0	0.962303664921	0.00628272251309	0.0314136125655
-учу	0.139683493107	0.750129039197	0.0665215841333	0.043665883562
-ики	0.275491949911	0.45259391771	0.148479427549	0.12343470483
-учю	0.253204557139	0.48845013912	0.0594512760827	0.198894027658
-шия	0.0	1.0	0.0	0.0
-шиу	0.254156769596	0.480601741884	0.127474267617	0.137767220903
-нса	0.424277413206	0.27407569355	0.13972459545	0.161922297794
-шир	0.503772003353	0.385582564962	0.0452640402347	0.0653813914501
-нсе	0.550746443689	0.261468813545	0.0623264438215	0.125458298945
-мды	0.222561668392	0.514101042745	0.100992248845	0.162345040018
-пни	0.0	1.0	0.0	0.0
-мдю	0.0489898989899	0.872222222222	0.0212121212121	0.0575757575758
-мду	0.319829424307	0.558635394456	0.0831556503198	0.0383795309168
-ышы	0.490566037736	0.509433962264	0.0	0.0
-яла	0.175308245311	0.66564922286	0.112052692879	0.0469898389494
-тме	0.633410290238	0.169030343008	0.0366094986807	0.160949868074
-гны	0.0333333333333	0.966666666667	0.0	0.0
-тма	0.601469123506	0.236055776892	0.0672310756972	0.0952440239044
-члу	0.56541218638	0.30958781362	0.078853046595	0.046146953405
-гга	0.0	1.0	0.0	0.0
-члю	0.0651621867663	0.0326290067558	0.744813377414	0.157395429064
-ады	0.567755807169	0.174435745191	0.0556308508156	0.202177596824
-члы	0.267857142857	0.607142857143	0.0535714285715	0.0714285714286
-чле	0.046358895113	0.751303843925	0.164670658683	0.0376666022793
-чла	0.0831758034026	0.776622558286	0.140201638311	0.0
-ада	0.118435946037	0.513647925324	0.0303965388437	0.337519589796
-чли	0.17021979838	0.295157825153	0.514790943646	0.019831432821
-акъ	0.141275028755	0.538780957882	0.199928448186	0.120015565177
-нях	0.202213078736	0.714217233252	0.0457795709663	0.0377901170455
-ялы	0.0365042536736	0.808197989172	0.133023975251	0.0222737819026
-ялт	0.498194945848	0.415162454874	0.043321299639	0.0433212996389
-ыша	0.413793103448	0.0689655172414	0.0	0.51724137931
-сха	0.140852720196	0.459219697655	0.0378383271476	0.362089255001
-мди	0.184806752554	0.145935139938	0.00577521101732	0.66348289649
-пню	0.0241195918276	0.967149115931	0.00680172489538	0.00192956734621
-пну	0.00291446058192	0.988585029387	0.000485743430322	0.00801476660028
-мда	0.0664915825988	0.0686019447929	0.00991883496996	0.854987637638
-мде	0.166486038374	0.701614913333	0.0419805857865	0.0899184625067
-ауа	0.301608838922	0.629482457841	0.0322736964528	0.0366350067842
-жан	0.355001199328	0.398736707444	0.0375789557847	0.208683137443
-жай	0.0	0.964594807238	0.0354051927616	0.0
-жал	0.27731092437	0.672268907563	0.0504201680672	0.0
-жаз	0.955515496889	0.0299470837937	0.00174449031808	0.0127929289992
-ху-	0.00285442435776	0.110371075166	0.862036156042	0.0247383444339
-зна	0.0844221105527	0.345728643216	0.126633165829	0.443216080402
-зни	0.0645320271155	0.0681502032019	0.0143481094329	0.85296966025
-юну	0.0923236514523	0.471991701245	0.00622406639004	0.429460580913
-зну	0.274815833344	0.560326342388	0.054136717838	0.110721106429
-зны	0.264540227363	0.499569420981	0.0627099631197	0.173180388536
-зню	0.228721989664	0.575017708235	0.0392278953923	0.157032406709
-юню	0.218405638637	0.680270706067	0.0449232050585	0.0564004502379
-жая	0.876146788991	0.0633027522935	0.0192660550459	0.0412844036697
-жаш	0.0549664094165	0.344289600799	0.475265115763	0.125478874021
-гуш	0.0	0.982142857143	0.0178571428571	0.0
-жар	0.448818897638	0.527559055118	0.0236220472441	0.0
-жау	0.100116714153	0.126194317623	0.0397629100729	0.733926058151
-аух	0.423076923077	0.355769230769	0.0576923076923	0.163461538462
-ауу	0.118489583333	0.832741477273	0.0182291666667	0.0305397727273
-ону	0.109876151159	0.823436011432	0.0247697681804	0.0419180692283
-фде	0.0	1.0	0.0	0.0
-ёле	0.813788516959	0.096430946575	0.0365772555974	0.053203280869
-яфа	0.0078431372549	0.976470588235	0.0078431372549	0.0078431372549
-кни	0.0986209780182	0.834169611427	0.0359598976101	0.0312495129449
-хсе	0.173076923077	0.596153846154	0.0	0.230769230769
-нди	0.475116661384	0.0916464448859	0.0438565785567	0.389380315174
-нда	0.112082591522	0.182705052276	0.0196691239708	0.685543232232
-нде	0.27672803894	0.2884565533	0.0272330654281	0.407582342332
-нды	0.552235057303	0.20813731954	0.0577727976671	0.181854825489
-ндю	0.368218545594	0.108695652174	0.0161600615621	0.50692574067
-нду	0.0420521446593	0.803756658256	0.0700869077656	0.0841042893187
-кны	0.0177683013504	0.98223169865	0.0	0.0
-кню	0.142561520113	0.70644661461	0.0932944606414	0.0576974046362
-кну	0.035010940919	0.901969365427	0.0630196936542	0.0
-вни	0.425720620843	0.527716186253	0.0465631929047	0.0
-ёлю	0.263507109005	0.172827804107	0.481516587678	0.08214849921
-пуд	0.0	1.0	0.0	0.0
-онг	0.0361986387699	0.2530879758	0.618099319385	0.0926140660448
-фха	0.0425531914894	0.840425531915	0.0744680851063	0.0425531914893
-ева	0.0	0.961538461538	0.0384615384615	0.0
-урт	0.0227272727273	0.92803030303	0.0492424242424	0.0
-уру	0.255280073462	0.363636363636	0.108356290174	0.272727272727
-ора	0.0754701172654	0.0200011394751	0.00142769527755	0.903101047982
-орч	0.684647302905	0.265560165975	0.0	0.0497925311203
-ору	0.100502512563	0.829145728643	0.0452261306532	0.0251256281407
-орь	0.120448179272	0.831932773109	0.047619047619	0.0
-ура	0.621009194237	0.0794179396221	0.0450300441613	0.254542821979
-евс	0.0666666666667	0.933333333333	0.0	0.0
-ымы	0.359195565536	0.448254465836	0.0429262722059	0.149623696422
-тлы	0.683678204686	0.119572589569	0.0982556133316	0.0984935924132
-ием	0.316770186335	0.0745341614907	0.16149068323	0.447204968944
-ямы	0.309214594929	0.509585652443	0.181199752628	0.0
-гча	0.512775330397	0.232599118943	0.0105726872247	0.244052863436
-иел	0.0233463035019	0.976653696498	0.0	0.0
-шле	0.280664779912	0.605889082917	0.0126452700668	0.100800867104
-шла	0.0286525355709	0.893281126007	0.0163507396858	0.0617155987362
-шли	0.180761781795	0.0701425394776	0.465861231516	0.283234447211
-шлю	0.613872874288	0.247072047572	0.0175858443018	0.121469233837
-шлы	0.360141471626	0.424545126643	0.160959041359	0.0543543603719
-яма	0.250263416052	0.650038149911	0.0701958362097	0.0295025978272
-иер	0.816143497758	0.0693748351358	0.0110788710103	0.103402796096
-иет	0.405527638191	0.336180904523	0.0964824120603	0.161809045226
-иеу	0.0320297951583	0.885288640596	0.0290502793296	0.0536312849162
-тли	0.0884179451853	0.734045403595	0.14657316847	0.0309634827497
-тла	0.126777937802	0.609995030466	0.0464059507795	0.216821080953
-тле	0.0469856647077	0.874432038917	0.0558443633964	0.0227379329789
-ыма	0.261234689545	0.558295165276	0.0911637031849	0.0893064419933
-аза	0.107421315727	0.215578954258	0.364168896089	0.312830833926
-зор	0.384418247053	0.328549461814	0.0871348026653	0.199897488467
-ума	0.262786842006	0.576898149893	0.0769527864651	0.0833622216361
-умп	0.476363636364	0.458181818182	0.0654545454546	0.0
-уми	0.0	0.802631578947	0.0394736842105	0.157894736842
-дей	0.358645364259	0.315834926902	0.0557954475356	0.269724261304
-дек	0.0257510729614	0.95364806867	0.0	0.0206008583691
-ден	0.156485599283	0.334997743934	0.0689567088936	0.439559947889
-деп	0.351990429358	0.0116397332044	0.000446000295584	0.635923837142
-дер	0.730715287518	0.168302945302	0.0	0.100981767181
-ата	0.112913730365	0.7639490966	0.0488682990867	0.0742688739479
-дет	0.210233592881	0.656284760845	0.0333704115685	0.100111234705
-дея	0.0254237288136	0.923728813559	0.0169491525424	0.0338983050847
-уму	0.166871267576	0.261907524603	0.0389227231621	0.532298484659
-умю	0.527027027027	0.0945945945946	0.108108108108	0.27027027027
-азы	0.385146458122	0.327828788884	0.119793666865	0.167231086129
-чмы	0.0570342205323	0.851711026616	0.0456273764259	0.0456273764259
-тай	0.437359599101	0.320373250389	0.0279937791602	0.21427337135
-тан	0.00931706728668	0.972339956493	0.0113551757557	0.00698780046502
-там	0.0137930396492	0.939971137301	0.0021369498048	0.0440988732446
-тап	0.494368153063	0.317080697423	0.0439746952631	0.144576454251
-таз	0.00953965612867	0.978369384359	0.0	0.0120909595119
-таж	0.0194328487116	0.954656686339	0.0172736432993	0.00863682164963
-той	0.00569147335983	0.974957517217	0.0159361254076	0.0034148840159
-мле	0.104569046201	0.810054575731	0.069331842326	0.0160445357416
-ъую	0.292682926829	0.512195121951	0.195121951219	0.0
-ъур	0.193617999081	0.0926529062681	0.700141866645	0.0135872280057
-ъуу	0.22348928914	0.626238942769	0.124693594799	0.0255781732921
-ъуч	0.390625	0.46875	0.046875	0.09375
-узу	0.112469437653	0.69315403423	0.0110024449878	0.18337408313
-уза	0.283870967742	0.6	0.0774193548387	0.0387096774194
-ъуй	0.5	0.447368421053	0.0	0.0526315789474
-ъул	0.088812998308	0.794252400354	0.0278200308791	0.0891145704584
-ъум	0.0673225189486	0.878680417661	0.0125805543154	0.0414165090753
-ъун	0.309452294393	0.343836137032	0.0261215556634	0.320590012912
-ъуп	0.204461756374	0.577266288952	0.166430594901	0.0518413597734
-ъуз	0.435924539919	0.295623078858	0.0545726976456	0.213879683578
-таш	0.0466367713004	0.873542600897	0.00807174887892	0.0717488789238
-тас	0.926639470492	0.0496005430854	0.0	0.0237599864229
-тар	0.59554760025	0.160019600904	0.120906269567	0.123526529279
-тау	0.221860649007	0.648581247529	0.0341838751863	0.0953742282778
-нуп	0.4928	0.1812	0.1476	0.1784
-нун	0.230816640986	0.706933744222	0.011093990755	0.0511556240369
-дап	0.5390625	0.3671875	0.0234375	0.0703125
-дан	0.193689678225	0.431815766546	0.0536686409836	0.320825914246
-дам	0.0540329734708	0.491385472505	0.0142859034336	0.440295650591
-дал	0.030612244898	0.969387755102	0.0	0.0
-пли	0.14745272525	0.0500556173526	0.0189543937709	0.783537263626
-дай	0.0929487179487	0.847756410256	0.0304487179487	0.0288461538462
-пле	0.0429486178354	0.0623145400594	0.856785881618	0.0379509604873
-ным	0.362625479761	0.399080784301	0.055217611884	0.183076124054
-пла	0.420991083175	0.346221312674	0.109998538225	0.122789065926
-даб	0.0	1.0	0.0	0.0
-тсе	0.333900112892	0.156245010312	0.0347523015084	0.475102575288
-тса	0.653562133043	0.18066400339	0.00317777374251	0.162596089825
-аил	0.110395584177	0.889604415823	0.0	0.0
-тон	0.0344692518605	0.567959263612	0.388170779475	0.00940070505287
-тол	0.10339407633	0.846505231102	0.0338916449728	0.0162090475957
-аин	0.0333333333333	0.833333333333	0.0	0.133333333333
-аим	0.0	1.0	0.0	0.0
-йле	0.0104860277797	0.944299349819	0.0226269185823	0.0225877038187
-тип	0.380953193022	0.0465559718852	0.00684909971003	0.565641735382
-йла	0.122567638637	0.569771518728	0.248933559282	0.0587272833519
-рон	0.0283018867924	0.971698113208	0.0	0.0
-йли	0.0433070866142	0.750656167979	0.180839895013	0.0251968503937
-йлы	0.0679056129573	0.523457134878	0.323359396817	0.0852778553476
-тоу	0.0224	0.9776	0.0	0.0
-тот	0.503875968992	0.31007751938	0.186046511628	0.0
-тос	0.191146881288	0.688128772636	0.0603621730382	0.0603621730382
-тор	0.128205128205	0.307692307692	0.0	0.564102564103
-плы	0.279448003943	0.321833415476	0.348447511089	0.0502710694923
-даш	0.0414289258249	0.827586206896	0.0704539816423	0.0605308856363
-дах	0.267316161751	0.126784999333	0.501134392099	0.104764446817
-дау	0.298941798942	0.333333333333	0.359788359788	0.00793650793651
-дат	0.18018018018	0.738738738739	0.027027027027	0.054054054054
-дар	0.403149115286	0.216072959701	0.218255514849	0.162522410164
-кюн	0.019467261274	0.767535790652	0.00735975037046	0.205637197704
-кюл	0.294776119403	0.655472636816	0.0348258706467	0.0149253731343
-кюз	0.311797752809	0.205056179775	0.356741573034	0.126404494382
-кюе	0.154142581888	0.818882466281	0.0269749518304	0.0
-зле	0.148184397929	0.68584221247	0.0650356383604	0.10093775124
-зла	0.0925594968781	0.63642882997	0.210044339879	0.060967333273
-зли	0.156565656566	0.487373737374	0.0378787878788	0.318181818182
-злу	0.0176470588235	0.448529411765	0.533823529412	0.0
-злю	0.135253704164	0.651187815578	0.16637695555	0.0471815247082
-злы	0.105882352941	0.823529411765	0.0705882352941	0.0
-асы	0.143822358595	0.705256279968	0.0321788710094	0.118742490427
-кюч	0.168219798213	0.671875877901	0.0237103389599	0.136193984926
-аст	0.2567018684	0.715678310317	0.0227457351747	0.00487408610885
-кют	0.81954887218	0.135338345865	0.0	0.0451127819549
-лаш	0.349384885764	0.388400702988	0.0492091388401	0.213005272408
-б’а	0.183882783883	0.486446886447	0.0512820512821	0.278388278388
-опа	0.0444444444444	0.933333333333	0.0222222222222	0.0
-лат	0.105452135005	0.784510854554	0.0666187924654	0.0434182179749
-лау	0.130112625963	0.767881841533	0.0792827504446	0.0227227820589
-лах	0.0633815969052	0.826381837752	0.0225730250777	0.0876635402656
-пса	0.693908375838	0.130418617621	0.0409903681929	0.134682638348
-рду	0.710363761153	0.0816898138802	0.0112539868384	0.196692438128
-рдю	0.757039219066	0.181382303631	0.00752103539587	0.0540574419078
-рды	0.706443740053	0.0723414127082	0.0231122206609	0.198102626578
-нжи	0.0413168940189	0.830141657922	0.100996852046	0.0275445960126
-хум	0.0296794618124	0.939453897903	0.0	0.0308666402849
-оту	0.0	0.872340425532	0.127659574468	0.0
-худ	0.0	1.0	0.0	0.0
-ркъ	0.0314781701684	0.0632171062435	0.0596036358218	0.845701087766
-хут	0.41511771995	0.58488228005	0.0	0.0
-хур	0.728457639392	0.251991310644	0.015206372194	0.00434467776973
-ота	0.0	1.0	0.0	0.0
-рде	0.0526424253526	0.388024363437	0.0130060450632	0.546327166148
-рда	0.0958143767061	0.655141037307	0.0270245677889	0.222020018198
-рди	0.433271666429	0.0755372136047	0.0433186281486	0.447872491817
-лай	0.151153577358	0.0577801089639	0.0382126979712	0.752853615707
-лал	0.462929475588	0.0470162748644	0.397830018083	0.0922242314647
-лам	0.271603296996	0.469259403187	0.0066471683063	0.252490131512
-лан	0.137840773022	0.679674751469	0.0762718944056	0.106212581103
-лап	0.467264538067	0.180823793648	0.0676602411729	0.284251427113
-еда	0.0531190020926	0.0342953529472	0.00267527150998	0.90991037345
-лте	0.295346062052	0.659904534606	0.0	0.0447494033413
-лта	0.0440097799511	0.882640586797	0.0	0.0733496332518
-еде	0.0797977252346	0.744031092242	0.0298393332946	0.146331849229
-еди	0.332649104951	0.111268402671	0.0216111048989	0.534471387479
-мин	0.0873293530515	0.208551560107	0.01603394147	0.688085145371
-тит	0.057605760576	0.904590459046	0.016201620162	0.021602160216
-лты	0.02734375	0.143880208333	0.013671875	0.815104166667
-тиш	0.0351288056206	0.936768149883	0.0	0.0281030444965
-йир	0.2983816588	0.390171948753	0.273516520566	0.0379298718813
-йис	0.119883040936	0.827485380117	0.0175438596491	0.0350877192983
-йиф	0.52380952381	0.0744047619047	0.178571428571	0.223214285714
-уаз	0.251843043995	0.587633769322	0.0830757035276	0.0774474831549
-уал	0.626826029217	0.119521912351	0.142098273572	0.111553784861
-уан	0.0937669376694	0.880216802168	0.0135501355014	0.0124661246613
-уап	0.735215111073	0.135334498785	0.00665160107449	0.122798789067
-аса	0.497642602357	0.143589553692	0.0309574716435	0.327810372307
-алы	0.142400666852	0.24006668519	0.483544811831	0.133987836127
-тны	0.0892768090015	0.820040915602	0.0313557573079	0.0593265180882
-алх	0.0434782608696	0.95652173913	0.0	0.0
-иле	0.455719954224	0.184355666133	0.0369884816507	0.322935897992
-нюр	0.0566940842976	0.777731307217	0.0972164134021	0.0683581950834
-нюс	0.0	0.983271375465	0.00557620817843	0.0111524163569
-ила	0.107572115385	0.855168269231	0.0	0.0372596153846
-нюу	0.0918505177848	0.870328680774	0.0108059432688	0.027014858172
-якъ	0.0674328589293	0.741713809325	0.104269636158	0.0865836955874
-или	0.552853519341	0.167739378567	0.095989220038	0.183417882055
-пмы	0.693461950697	0.117899249732	0.0664523043945	0.122186495177
-пмю	0.441860465116	0.0852713178295	0.139534883721	0.333333333333
-пму	0.387596899225	0.322997416021	0.108527131783	0.180878552971
-пми	0.316582025822	0.453144344223	0.0318350640491	0.198438565906
-ьге	0.0276152278256	0.917154316523	0.0524689328687	0.00276152278256
-пма	0.0181818181818	0.4	0.581818181818	0.0
-дге	0.506569640528	0.301296558267	0.0555567617944	0.136577039411
-нюн	0.109375	0.825284090909	0.0198863636364	0.0454545454546
-иль	0.0156993339677	0.950047573739	0.00570884871551	0.0285442435775
-нюп	0.722222222222	0.10669456067	0.0185960018596	0.152487215249
-тна	0.35004730369	0.61967833491	0.0189214758751	0.0113528855251
-алл	0.111111111111	0.666666666667	0.222222222222	0.0
-тни	0.102240105417	0.822273989364	0.0445197421055	0.0309661631135
-ала	0.0606445235684	0.134632913204	0.00814056354106	0.796581999686
-уар	0.106239460371	0.848952059745	0.0245723921947	0.0202360876897
-уат	0.0924780585498	0.795703991675	0.0506567709254	0.0611611788498
-йик	0.425530382786	0.181148890268	0.189729490737	0.203591236209
-мон	0.00690766751093	0.984112364725	0.0	0.00897996776421
-йип	0.801435125279	0.0592871426891	0.0144688860134	0.124808846018
-йим	0.30140906735	0.380058654803	0.0369119630687	0.281620314779
-йин	0.52024291498	0.382591093117	0.0121457489879	0.0850202429149
-зму	0.351955307263	0.388268156425	0.0837988826816	0.175977653631
-тюр	0.767061621438	0.113390240795	0.0324882150592	0.0870599227078
-змы	0.481392557023	0.32731092437	0.0304321728691	0.160864345738
