-ɛpi	0.0648648648648	0.335135135135	0.6	0.0
-ɛru	0.0	1.0	0.0	0.0
-snɔ	0.376782077393	0.386965376782	0.0	0.236252545825
-tɔd	0.0274949083503	0.0957230142566	0.837067209776	0.0397148676171
-tɔk	0.69651354481	0.186189945733	0.0126662982288	0.104630211228
-ɛpa	0.118432769368	0.696349065004	0.103294746215	0.0819234194123
-lɔp	0.372881355932	0.254237288136	0.237288135593	0.135593220339
-hep	0.130434782609	0.376811594203	0.0	0.492753623188
-tɔn	0.7046894408	0.0978397238641	0.0302538527317	0.167216982604
-tɔm	0.0491803278688	0.774077868853	0.170594262295	0.00614754098362
-lɔt	0.0955223880596	0.8	0.10447761194	0.0
-lɔk	0.385783367167	0.481688699642	0.0406000891221	0.0919278440693
-hem	0.0946791218939	0.432352178505	0.464883764565	0.00808493503591
-hen	0.115177971793	0.816655473472	0.0621222296843	0.00604432505037
-tɔp	0.600723763571	0.226779252111	0.071170084439	0.101326899879
-lɔn	0.0917782026769	0.811663479924	0.0506692160612	0.0458891013384
-lɔm	0.334905660377	0.339622641509	0.297169811321	0.0283018867925
-hek	0.831314308885	0.0780830249886	0.0404227279639	0.0501799381621
-ivi	0.02	0.5	0.48	0.0
-ash	0.400774443369	0.564375605034	0.0348499515973	0.0
-lɔf	0.584615384615	0.138461538462	0.246153846154	0.0307692307692
-heb	0.663668884357	0.229263481662	0.0509010063188	0.0561666276621
-lɔd	0.0324210526316	0.955473684211	0.00631578947368	0.00578947368421
-nkɔ	0.0	0.805377720871	0.145966709347	0.0486555697823
-oya	0.20772746157	0.577897798089	0.0847528043208	0.12962193602
-oyo	0.219512195122	0.689024390244	0.0548780487805	0.0365853658537
-zir	0.0	1.0	0.0	0.0
-zis	0.0901664558909	0.877342174522	0.0121338483098	0.020357521277
-vyɔ	0.221374045801	0.75572519084	0.0152671755725	0.00763358778625
-zin	0.0693103417317	0.385662172007	0.0490913078161	0.495936178445
-lɔs	0.462241296975	0.399541741468	0.0977227457441	0.0404942158123
-zik	0.0487878787878	0.928787878788	0.0133333333333	0.00909090909091
-bɛl	0.0985189954925	0.845460399227	0.0289761751449	0.0270444301352
-ple	0.248666666667	0.586	0.143333333333	0.022
-nsa	0.852819646509	0.109884556171	0.00851673163404	0.0287790656865
-zia	0.0	0.955555555556	0.0	0.0444444444444
-put	0.724403958874	0.119071982043	0.0486425051647	0.107881553918
-nak	0.760117493473	0.198759791123	0.0215404699739	0.0195822454308
-nta	0.0610465116278	0.86773255814	0.0406976744186	0.0305232558139
-kia	0.209507443922	0.510307902158	0.190828466994	0.0893561869257
-apa	0.0165472921101	0.968208925189	0.00365272265108	0.0115910600493
-pul	0.10446935345	0.540478765185	0.0157125041802	0.339339377185
-was	0.822794691647	0.109094457455	0.0604996096799	0.0076112412178
-tɔl	0.367789125034	0.372067347502	0.1255865305	0.134556996964
-tɔs	0.06979359991	0.898149710365	0.0149035487318	0.0171531409932
-pre	0.436471642821	0.48954678819	0.00850501943959	0.0654765495494
-ɔkɔ	0.0310367967789	0.959736047422	0.0	0.00922715579913
-iva	0.0195807706791	0.95883017447	0.00602485251663	0.0155642023346
-bɛd	0.290076335878	0.709923664122	0.0	0.0
-wap	0.561064087062	0.301088270859	0.0253929866989	0.112454655381
-ɔst	0.0345394736842	0.86677631579	0.00493421052631	0.09375
-fig	0.0307405682347	0.921285514672	0.0423847228692	0.0055891942245
-ibɔ	0.0	1.0	0.0	0.0
-ɔsh	0.611812336271	0.352464872589	0.00952607763753	0.0261967135032
-ɛfa	0.010752688172	0.94623655914	0.0	0.0430107526882
-ɔso	0.358490566038	0.377358490566	0.11320754717	0.150943396226
-opa	0.250950570342	0.520912547529	0.175991309071	0.0521455730581
-nlɔ	0.0105833438327	0.95131661837	0.0	0.0381000377977
-drɔ	0.594261376373	0.222371665546	0.136740641112	0.0466263169693
-fɛn	0.824223159842	0.0935527766544	0.0243435603511	0.0578805031529
-dej	0.547693920335	0.452306079665	0.0	0.0
-rya	0.0803571428571	0.919642857143	0.0	0.0
-oks	0.9	0.075	0.0	0.025
-ɔlt	0.47614213198	0.255837563452	0.240609137056	0.0274111675127
-ima	0.063829787234	0.936170212766	0.0	0.0
-kim	0.0	1.0	0.0	0.0
-nyɔ	0.233629590903	0.233694941838	0.448568814534	0.0841066527251
-fɛt	0.144000353589	0.71245264434	0.0169217558216	0.126625246249
-ɔla	0.304499366286	0.446768060837	0.239226869455	0.00950570342205
-asɛ	0.0	1.0	0.0	0.0
-ɛin	0.0	1.0	0.0	0.0
-kis	0.713056680162	0.259615384615	0.0	0.0273279352227
-bit	0.6675261846	0.17528026424	0.0435284439042	0.113665107256
-ech	0.633777525754	0.278140062376	0.0529250543427	0.0351573575276
-pɔs	0.0661764705882	0.904411764706	0.0294117647059	0.0
-yuo	0.137931034483	0.862068965517	0.0	0.0
-dɛt	0.383145702761	0.549163986732	0.0250361422424	0.0426541682648
-idi	0.0291262135922	0.970873786408	0.0	0.0
-let	0.0725846355206	0.844814927136	0.0500391055211	0.0325613318223
-ide	0.0631954730166	0.819414378489	0.0412061828263	0.0761839656679
-ida	0.410787542081	0.506282308357	0.0643867620817	0.0185433874795
-bif	0.100277384207	0.780195964958	0.0780387539662	0.0414878968689
-big	0.103924613628	0.192200613577	0.429425239454	0.274449533341
-bid	0.00656455142231	0.993435448578	0.0	0.0
-kip	0.566389939132	0.237413528055	0.0962669048757	0.0999296279369
-dɛf	0.292452830189	0.114555256065	0.532345013477	0.0606469002695
-bia	0.331512090302	0.495027613451	0.125136757008	0.0483235392386
-bin	0.89545815348	0.00900631858432	0.00448886745125	0.0910466604843
-dɛk	0.128192224709	0.854801857925	0.0121470838322	0.00485883353288
-bil	0.709037234478	0.267745072301	0.0150795327106	0.0081381605105
-idu	0.22145756132	0.635609670019	0.0794070937004	0.0635256749603
-dɛn	0.038934433515	0.0142906458791	0.0028281407293	0.943946779877
-fɔk	0.0531914893617	0.893617021277	0.0531914893617	0.0
-dɛm	0.497814833673	0.361740495587	0.0795570264766	0.0608876442634
-rif	0.434226073257	0.243304450571	0.239759747932	0.0827097282394
-rid	0.781456953642	0.168912232625	0.0167465935906	0.0328842201416
-tes	0.206586081529	0.387353273556	0.374375663085	0.0316849818297
-ria	0.100575140805	0.780224692315	0.0491700688381	0.0700300980421
-azɔ	0.0	1.0	0.0	0.0
-rio	0.0530973451327	0.840707964602	0.106194690265	0.0
-rim	0.23143860987	0.731261575335	0.0211215818717	0.016178232923
-rik	0.0890863993386	0.550434063663	0.338156262919	0.0223232740802
-rit	0.0280880087078	0.91769727504	0.0457613167149	0.00845339953776
-gra	0.0506196237165	0.892981620836	0.0257345432264	0.0306642122211
-ris	0.0848650762613	0.872897927258	0.030504497458	0.0117324990223
-rip	0.725985844287	0.242669362993	0.0131445904954	0.0182002022245
-gre	0.241481481481	0.758518518519	0.0	0.0
-tej	0.358974358974	0.428571428571	0.069597069597	0.142857142857
-tek	0.488738531102	0.0621807040091	0.0369384412492	0.41214232364
-riz	0.086961187623	0.863459130746	0.036988016455	0.0125916651762
-gro	0.621885851107	0.284949252973	0.0368184414007	0.0563464545194
-swɛ	0.44792266312	0.491136828315	0.0168727792445	0.0440677293209
-jin	0.0220588235294	0.977941176471	0.0	0.0
-hɔn	0.18684478176	0.741697216039	0.0415298020497	0.0299282001514
-pas	0.0709354559962	0.0605761455313	0.225933650645	0.642554747828
-ara	0.109483483785	0.746541073962	0.10958706324	0.0343883790129
-eri	0.0263797001926	0.785063599736	0.00130270124408	0.187253998828
-dul	0.114849433589	0.53997059376	0.0497441609232	0.295435811728
-lus	0.735650767987	0.120452708165	0.0897332255457	0.0541632983024
-lut	0.0580270793037	0.860735009671	0.0812379110251	0.0
-ari	0.0522793810122	0.835633626098	0.099330823923	0.012756168967
-luk	0.744946118155	0.117278559023	0.00689514796821	0.130880174854
-gyu	0.497514710229	0.37728042129	0.0913511915957	0.0338536768855
-hɔt	0.277660917122	0.247791333614	0.406394615061	0.0681531342028
-hɔs	0.051282051282	0.935897435897	0.0	0.0128205128205
-jis	0.0149253731343	0.970149253731	0.0149253731343	0.0
-mek	0.378589949649	0.0461438889149	0.00160353799039	0.573662623446
-yda	0.242429447746	0.480224192254	0.230053833275	0.0472925267251
-kɔt	0.771633129687	0.145996619866	0.0257065190638	0.0566637313833
-rɔd	0.0259553622754	0.924058383944	0.0442378345955	0.00574841918472
-ayf	0.155642663002	0.714994728595	0.102631465592	0.0267311428109
-jɔy	0.327606274203	0.490221032937	0.10736196319	0.0748107296698
-kɔs	0.0549429929801	0.0995139020441	0.0129207559453	0.832622349031
-rɔm	0.099805355876	0.120505806764	0.0227326545663	0.756956182794
-ayl	0.0501975333116	0.742144687841	0.197887313972	0.00977046487587
-ayo	0.410256410256	0.528205128205	0.0	0.0615384615384
-ayn	0.198205524102	0.489605919957	0.199624788348	0.112563767593
-rɔk	0.0648675806629	0.902922310318	0.0214734060126	0.0107367030063
-ayt	0.351385832486	0.347487158598	0.203865684494	0.0972613244214
-jɔn	0.0450044726858	0.876588574601	0.014505382646	0.063901570067
-kɔb	0.0117485314336	0.984751906012	0.00124984376953	0.00224971878515
-jɔj	0.409843684827	0.521921862276	0.05303195821	0.0152024946869
-kɔl	0.875884414826	0.0807873726118	0.00676158123634	0.0365666313261
-vul	0.0380952380952	0.666666666667	0.295238095238	0.0
-ayz	0.668357516323	0.265831319751	0.0339817589795	0.0318294049473
-ora	0.171924329431	0.498554039161	0.191982167864	0.137539463544
-sɔp	0.0353982300885	0.87610619469	0.0884955752212	0.0
-sɔs	0.0477037347003	0.933675070614	0.00878753007637	0.00983366460927
-sɔl	0.0805902180846	0.843626699646	0.0212079521275	0.0545751301414
-sɔm	0.0601808394734	0.158778205089	0.0635476527113	0.717493302726
-sɔn	0.0878438331854	0.896184560781	0.0159716060337	0.0
-sɔk	0.512998266898	0.393414211438	0.0675909878683	0.0259965337955
-sɔd	0.0811588641597	0.916538756715	0.00115118956255	0.00115118956255
-uba	0.0673937017522	0.892170077196	0.0404362210513	0.0
-nsi	0.150943396226	0.77358490566	0.0377358490566	0.0377358490565
-umu	0.310615199035	0.0772014475271	0.608564535585	0.00361881785284
-ote	0.0868630312237	0.110991504636	0.230216409515	0.571929054625
-mɛl	0.121576486306	0.844355377422	0.0340681362726	0.0
-oth	0.483786152498	0.340929009641	0.136722173532	0.0385626643295
-oti	0.0305031446541	0.919392033543	0.00775681341719	0.0423480083858
-vna	0.0989536827163	0.850218650548	0.0206058108387	0.0302218558967
-hwa	0.11067961165	0.866019417476	0.0	0.0233009708738
-iji	0.178571428571	0.464285714286	0.357142857143	0.0
-umi	0.0379746835443	0.810126582278	0.0	0.151898734177
-ako	0.279069767442	0.558139534884	0.0	0.162790697674
-siz	0.349343955014	0.424320524836	0.123008434864	0.103327085286
ALL	0.240663682502	0.348927261361	0.0639830424742	0.346426013663
-nan	0.0	1.0	0.0	0.0
-ɛjɛ	0.795454545455	0.204545454545	0.0	0.0
-nam	0.0	1.0	0.0	0.0
-sis	0.111766633891	0.8375942314	0.034906588004	0.015732546706
-kin	0.109190730736	0.658620475805	0.0496230477169	0.182565745742
-aka	0.532203161715	0.258777912632	0.0944362009987	0.114582724654
-kil	0.65668636125	0.300291628586	0.00729429028701	0.0357277198764
-sik	0.0626558712986	0.321621764024	0.565316660227	0.0504057044504
-zus	0.0954907161803	0.90450928382	0.0	0.0
-nay	0.521068249258	0.377448071217	0.0407517309595	0.0607319485658
-sin	0.228083765068	0.524605935318	0.0494578942965	0.197852405317
-ysi	0.013422818792	0.919463087248	0.0536912751678	0.0134228187919
-kit	0.0800281624032	0.907064069467	0.00516310725181	0.00774466087772
-nas	0.0707070707071	0.868686868687	0.0353535353535	0.0252525252525
-nap	0.701288031827	0.1677642541	0.0179221553854	0.113025558688
-aks	0.79384588071	0.150792465925	0.00491256244098	0.0504490909237
-naw	0.148320357826	0.101151829082	0.0585808481009	0.691946964992
-sid	0.144187970114	0.81709367972	0.0159713730028	0.0227469771633
-nti	0.0675324019556	0.124179694474	0.696401746378	0.111886157192
-wul	0.0384615384615	0.961538461538	0.0	0.0
-ynt	0.344950055494	0.295671476138	0.294783573807	0.0645948945616
-wud	0.1284606866	0.831672203765	0.0398671096345	0.0
-lki	0.0623721946935	0.909358393323	0.0228847620818	0.00538464990161
-dya	0.105058365759	0.879377431907	0.0	0.0155642023346
-ynd	0.318595114994	0.550187199144	0.0862898912462	0.0449277946159
-got	0.0964760254189	0.882726747545	0.00173310225303	0.0190641247834
-yat	0.0109289617486	0.967213114754	0.0	0.0218579234973
-yap	0.0512820512821	0.923076923077	0.0	0.025641025641
-yas	0.0691064719945	0.893079747268	0.0164361338797	0.0213776468579
-mok	0.0212852219745	0.965538212041	0.0121629839854	0.00101358199878
-hɛl	0.221453287197	0.778546712803	0.0	0.0
-hɛm	0.0	1.0	0.0	0.0
-yay	0.126499981757	0.574933712659	0.245736404766	0.0528299008177
-mfa	0.0	1.0	0.0	0.0
-yad	0.218694958026	0.712859865067	0.0308492558068	0.0375959211001
-hɛr	0.714477211796	0.15527256479	0.0989722966934	0.0312779267203
-bel	0.125	0.84375	0.03125	0.0
-jɔg	0.349657714587	0.587151132175	0.0157977883097	0.0473933649289
-yal	0.0475997842503	0.790048543689	0.0466558791801	0.11569579288
-yan	0.0530191458026	0.761413843888	0.167893961708	0.0176730486009
-ɛva	0.403873405763	0.449692961738	0.127538970241	0.0188946622579
-beg	0.875729594738	0.0691990471187	0.0236205171756	0.0314508409681
-bed	0.0960614793467	0.789625360231	0.0835734870317	0.030739673391
-rej	0.501140740121	0.44187458138	0.0473564132619	0.00962826523777
-kik	0.824324324324	0.0945945945946	0.0405405405405	0.0405405405405
-sil	0.653846153846	0.201923076923	0.0865384615385	0.0576923076923
-ren	0.146195256895	0.269848084088	0.160802489369	0.423154169647
-dɔv	0.674661105318	0.325338894682	0.0	0.0
-isi	0.188811188811	0.797202797203	0.013986013986	0.0
-ish	0.257673446282	0.620363864572	0.0995227484263	0.0224399407199
-lya	0.0238095238095	0.968253968254	0.00793650793652	0.0
-red	0.228957587636	0.521102024453	0.219882138384	0.030058249527
-rez	0.438645572062	0.505317866101	0.0431940960833	0.0128424657534
-jɛs	0.241626118159	0.127698780041	0.0851896829569	0.545485418844
-dɔg	0.0490716180371	0.942970822281	0.0079575596817	0.0
-eva	0.480938416422	0.475073313783	0.0439882697947	0.0
-dɔk	0.0137931034483	0.958620689655	0.0	0.0275862068966
-res	0.376597175521	0.347679892401	0.203990136741	0.0717327953374
-ist	0.0733760844107	0.784158224466	0.13172107196	0.0107446191629
-rev	0.0546057017372	0.49007391867	0.424316693463	0.03100368613
-dɔn	0.805119502809	0.0255211741228	0.00639312556005	0.162966197508
-ret	0.158050627201	0.298957444513	0.361285197281	0.181706731005
-mfi	0.0119047619048	0.988095238095	0.0	0.0
-rɛl	0.0379488639059	0.926758692662	0.0162231393198	0.0190693041127
-ɔya	0.0176991150442	0.929203539823	0.0176991150442	0.0353982300885
-haf	0.0967741935484	0.480938416422	0.422287390029	0.0
-ɔyl	0.031914893617	0.868085106383	0.0680851063829	0.031914893617
-oas	0.116216216216	0.878378378378	0.0	0.00540540540541
-ɔyn	0.484445659196	0.356060229588	0.0737713064652	0.0857228047508
-rɛd	0.201070336391	0.257390417941	0.214394932285	0.327144313383
-ham	0.357340720222	0.168975069252	0.465373961219	0.00831024930748
-rɛg	0.869652968549	0.114369008241	0.00336379436003	0.0126142288501
-hap	0.187965921193	0.357294994675	0.428115015974	0.0266240681576
-rɛz	0.0	1.0	0.0	0.0
-mal	0.644295302013	0.281879194631	0.0335570469799	0.0402684563758
-jud	0.0192307692308	0.923076923077	0.0576923076923	0.0
-ɔys	0.0787582131675	0.888697799533	0.0149931648807	0.0175508224192
-rɛp	0.193211488251	0.391644908616	0.415143603133	0.0
-rɛs	0.48606678399	0.413934664661	0.0657708592765	0.0342276920725
-rɛt	0.0592558566835	0.861736334405	0.0523656407901	0.0266421681213
-mti	0.30243902439	0.234146341463	0.443902439024	0.019512195122
-zam	0.179104477612	0.30447761194	0.444776119403	0.0716417910448
-ɔra	0.0746268656716	0.880597014925	0.0223880597015	0.0223880597015
-und	0.444182052383	0.429583512237	0.101760412194	0.0244740231859
-wnt	0.0746620896803	0.922763355503	0.00257455481657	0.0
-ɔri	0.229355538491	0.517003568122	0.210804994053	0.0428358993339
-una	0.0889181448889	0.0435725876499	0.00600622413201	0.861503043329
-nka	0.332673267327	0.627722772277	0.039603960396	0.0
-wnd	0.220696389881	0.272483139553	0.0373523757209	0.469468094846
-sia	0.0632163945815	0.832928100035	0.103855505384	0.0
-tre	0.203738744617	0.662827874201	0.0729153073209	0.0605180738614
-ade	0.0887850467289	0.719626168224	0.144859813084	0.0467289719626
-tra	0.21701157067	0.338855271782	0.277522832401	0.166610325147
-ado	0.0555555555555	0.930555555556	0.0138888888889	0.0
-tro	0.0	1.0	0.0	0.0
-ivɛ	0.162679636436	0.837320363564	0.0	0.0
-tri	0.0564292659511	0.315281746309	0.292038074973	0.336250912767
-adi	0.289596602317	0.448582086492	0.210193269458	0.0516280417328
-tru	0.112618921776	0.399482470049	0.264519467935	0.22337914024
-ɛpɛ	0.0352941176471	0.917647058824	0.0470588235294	0.0
-nki	0.33182483242	0.599237810065	0.0609751948008	0.00796216271394
-gay	0.0	1.0	0.0	0.0
-ini	0.325128035685	0.63026598381	0.0237898562696	0.0208161242359
-sem	0.113252861685	0.165613209486	0.419466458055	0.301667470774
-ink	0.572614575635	0.331602937308	0.0611464794089	0.0346360076473
-sek	0.430089391128	0.427222128521	0.0546466520492	0.0880418283016
-sej	0.161022403654	0.760719103501	0.0278612930814	0.0503971997637
-ɔku	0.232886807994	0.359604629991	0.322972211384	0.0845363506308
-ina	0.298387096774	0.636088709678	0.0473790322581	0.0181451612903
-ɛna	0.0369515011547	0.556581986143	0.21247113164	0.193995381062
-ɛng	0.647627682079	0.268359020852	0.0441220912662	0.0398912058024
-ɛnd	0.252825630123	0.695122034263	0.0520523356136	0.0
-ing	0.394257498777	0.531900996751	0.0341729765442	0.0396685279279
-ɛns	0.0563815960489	0.592991941773	0.33248245386	0.0181440083182
-ins	0.289617486339	0.353825136612	0.200819672131	0.155737704918
-int	0.0262411347518	0.945390070922	0.0170212765957	0.0113475177305
-ɛnt	0.153358916278	0.754688407286	0.0649758947876	0.026976781648
-aam	0.0632997368817	0.894586964741	0.034572180045	0.00754111833246
-blo	0.199977461353	0.783847744809	0.00477288998489	0.0114019038528
-jɛl	0.0118164234218	0.972463513276	0.00847547037102	0.00724459293125
-ful	0.332159640357	0.395892159635	0.203786346842	0.0681618531665
-ian	0.0383522727273	0.838068181818	0.123579545455	0.0
-bla	0.0	1.0	0.0	0.0
-nen	0.0357142857143	0.892857142857	0.0	0.0714285714286
-fut	0.0423691866226	0.886780338161	0.0366063430913	0.0342441321253
-nem	0.329767747624	0.418748366151	0.011956265169	0.239527621057
-nej	0.331432644334	0.296507483963	0.0791161796151	0.292943692088
-nek	0.0783152795532	0.835295700733	0.0767005315212	0.00968848819215
-ias	0.093238791804	0.840600748144	0.0301490704037	0.0360113896488
-blu	0.0543657331136	0.570016474465	0.375617792422	0.0
-lap	0.724521584335	0.254116599911	0.0186915887851	0.00267022696929
-kum	0.0338983050847	0.932203389831	0.0	0.0338983050847
-kul	0.419428052655	0.504312301407	0.0762596459373	0.0
-kuk	0.146461538462	0.663384615385	0.188923076923	0.00123076923077
-ban	0.1575	0.4925	0.28	0.07
-dɔs	0.192307692308	0.730769230769	0.00961538461538	0.0673076923077
-eka	0.131215278667	0.311420598551	0.0266608637772	0.530703259005
-bak	0.256300448476	0.0895638657693	0.0299094739274	0.624226211827
-bag	0.0346666666666	0.924888888889	0.0244444444444	0.016
-bad	0.109827219588	0.316942312724	0.379848928443	0.193381539245
-ɔ-o	0.414545454545	0.345454545455	0.109090909091	0.130909090909
-tde	0.0454545454545	0.924242424242	0.030303030303	0.0
-jok	0.592592592593	0.407407407407	0.0	0.0
-joe	0.0	1.0	0.0	0.0
-bas	0.124996593727	0.830040602774	0.0140338447284	0.0309289587705
-job	0.0825688073395	0.862385321101	0.0550458715596	0.0
-dru	0.0155832591273	0.96571682992	0.0053428317008	0.013357079252
-yɔm	0.0595345248811	0.914234280571	0.00848656294201	0.017744631606
-asa	0.133333333333	0.809523809524	0.0	0.0571428571429
-bɛr	0.780805586307	0.185131567742	0.0216299071788	0.012432938772
-gza	0.149159663866	0.724789915966	0.11974789916	0.00630252100842
-bɛt	0.397359743685	0.531665515524	0.0250305350353	0.0459442057556
-yet	0.254348159379	0.139004820878	0.0835051019539	0.52314191779
-asi	0.0363723378799	0.913376405839	0.0473797559224	0.00287150035894
-ɔlɔ	0.0	0.964285714286	0.0357142857143	0.0
-mba	0.605277503811	0.264605039003	0.0536626916525	0.0764547655339
-lti	0.366262544231	0.416787516677	0.172283775161	0.0446661639306
-ast	0.221486173337	0.17311828621	0.0352106224279	0.570184918026
-dra	0.30303030303	0.442424242424	0.206060606061	0.0484848484848
--fo	0.0519776876267	0.199543610548	0.0243407707911	0.724137931035
-bɛn	0.347463516331	0.339819318972	0.297428769979	0.0152883947186
-nyu	0.133798190026	0.10522857809	0.738507513299	0.0224657185851
-lta	0.110608695652	0.860173913043	0.0250434782609	0.00417391304349
-dri	0.0487804878049	0.951219512195	0.0	0.0
-yɔs	0.118024308249	0.746139125937	0.0912335143522	0.0446030514611
-ebi	0.268072442387	0.377728035814	0.285521697105	0.0686778246935
-bɔt	0.0689388772171	0.0327279456993	0.0102798454067	0.888053331677
-bɔs	0.322815533981	0.54755483639	0.060913340525	0.0687162891047
-ray	0.647521113342	0.247793203759	0.0733642479964	0.0313214349031
-dia	0.0621200884948	0.810663707188	0.095035667853	0.0321805364641
-bɔy	0.142133908146	0.700109291423	0.0116449047348	0.146111895697
-ras	0.0570906978674	0.892871960833	0.046925566343	0.00311177495644
-rap	0.498441703442	0.160458048904	0.00816266002362	0.33293758763
-eyɔ	0.3	0.647826086957	0.0521739130435	0.0
-ran	0.128903427028	0.7136282378	0.130082537751	0.0273857974212
-bɔd	0.0061716116424	0.935638907158	0.0564261635877	0.00176331761211
-bɔg	0.488926496145	0.331308344526	0.126790885324	0.0529742740051
-ram	0.0	1.0	0.0	0.0
-isa	0.118925926849	0.802288763121	0.0319130369742	0.0468722730559
-iwe	0.406312961719	0.204163868368	0.145063801209	0.244459368704
-bɔb	0.0946664135902	0.875438929487	0.00996488564108	0.0199297712821
-era	0.172972972973	0.772972972973	0.027027027027	0.027027027027
-bɔn	0.527798215993	0.365860825415	0.0523372440077	0.0540037145846
-bɔk	0.792337831955	0.164562472791	0.0365694383979	0.00653025685679
-gen	0.159838162325	0.116944392815	0.0959558219475	0.627261622912
-pos	0.152410575428	0.763608087092	0.0559875583204	0.0279937791602
-iɔt	0.0553106212425	0.93507014028	0.00240480961924	0.00721442885772
-epa	0.116908732293	0.848664156356	0.0182894029048	0.0161377084454
-iɔs	0.0748568042663	0.873197708868	0.0118506814142	0.0400948054513
-iɔn	0.326576576577	0.605855855856	0.0337837837838	0.0337837837838
-pok	0.420174280433	0.500818589913	0.0646421969897	0.0143649326643
-iɔm	0.162601626016	0.707317073171	0.113821138211	0.0162601626016
-iɔk	0.121309450278	0.830142063002	0.00642371834465	0.0421247683755
-ɛmi	0.0185185185185	0.666666666667	0.314814814815	0.0
-iɔd	0.0	1.0	0.0	0.0
-ɔse	0.0	1.0	0.0	0.0
-aza	0.131147540984	0.83606557377	0.0327868852459	0.0
-ulf	0.102304778301	0.790144044511	0.107551177188	0.0
-gɛt	0.627905566997	0.0884292470193	0.0497003245139	0.23396486147
-laf	0.477340390341	0.412196966117	0.0899059590757	0.0205566844667
-lag	0.209650582363	0.301164725458	0.0	0.48918469218
-uju	0.12987012987	0.48051948052	0.220779220779	0.168831168831
-lab	0.0	0.978260869565	0.0217391304348	0.0
-iko	0.038338658147	0.947284345048	0.00638977635783	0.00798722044728
-lam	0.0241286863271	0.959785522788	0.0	0.0160857908847
-lan	0.528098500734	0.444263422899	0.0186382112441	0.00899986512332
-fol	0.577322180995	0.332117476888	0.056600213823	0.0339601282938
-iki	0.0	1.0	0.0	0.0
-lak	0.0704507569685	0.689707481063	0.218640280247	0.021201481721
-lat	0.598051157125	0.215590742996	0.0913520097442	0.095006090134
-ɔns	0.420776818742	0.467016029593	0.0841553637485	0.0280517879162
-rak	0.198707592892	0.772213247173	0.0193861066236	0.0096930533118
-law	0.371601208459	0.561933534743	0.036253776435	0.0302114803625
-iks	0.267516038892	0.308901811203	0.179023000646	0.24455914926
-las	0.113428466886	0.489820348462	0.304824888311	0.0919262963415
-noa	0.038240917782	0.954110898662	0.0	0.00764818355641
-lay	0.249460269764	0.524868197538	0.193998335127	0.0316731975717
-bod	0.129459534855	0.8401644849	0.0303759802453	0.0
-bot	0.174263487881	0.798120117441	0.010368575944	0.0172478187345
-myu	0.0847723704866	0.849293563579	0.0470957613814	0.0188383045526
-boa	0.0212765957447	0.914893617021	0.063829787234	0.0
-bon	0.306715167296	0.650056520534	0.0102924552784	0.0329358568909
-kɛr	0.880476230472	0.0432806988073	0.00564841256509	0.0705946581555
-mya	0.0377358490566	0.962264150943	0.0	0.0
-bop	0.326961181319	0.595069095317	0.0545975255064	0.0233721978576
-zɔs	0.00550638985158	0.581212081049	0.00269748764744	0.410584041452
-kɛn	0.0366373701175	0.051592624477	0.826042563415	0.0857274419908
-kɛm	0.0	1.0	0.0	0.0
-kɛd	0.139997242943	0.302663623692	0.53668034984	0.020658783525
-get	0.0254186958071	0.959615156194	0.00926475828483	0.00570138971374
-ɔna	0.226199427139	0.560615825278	0.0947189402076	0.118465807376
-ɔsi	0.26	0.36	0.04	0.34
-sav	0.716239170148	0.223829414467	0.0352537737562	0.0246776416294
-yes	0.159954505733	0.71226193456	0.118331203534	0.00945235617268
-ton	0.102095350689	0.848247004562	0.033840055205	0.0158175895434
-say	0.157838175814	0.125592544886	0.0275817588778	0.688987520422
-lfa	0.0638935731684	0.909312347761	0.0267940790706	0.0
-oli	0.0205479452055	0.77397260274	0.0821917808219	0.123287671233
-tot	0.761639855432	0.192473956488	0.0310041811353	0.0148820069449
-ngs	0.469135802469	0.345679012346	0.148148148148	0.037037037037
-ibi	0.147058823529	0.852941176471	0.0	0.0
-yka	0.0316985645933	0.915669856459	0.0131578947368	0.0394736842105
-sad	0.189024390244	0.792682926829	0.0	0.0182926829268
-sak	0.244972577697	0.239488117002	0.124314442413	0.391224862889
-old	0.0227206677894	0.706543090137	0.25411853683	0.016617705244
-san	0.0473817864772	0.881780873806	0.0523239264573	0.0185134132593
-sam	0.0202702702703	0.959459459459	0.0	0.0202702702703
-rot	0.45652173913	0.5	0.0	0.0434782608696
-lom	0.0309810671256	0.917383820998	0.0	0.0516351118761
-rop	0.161554192229	0.81799591002	0.0081799591002	0.0122699386503
-rɛn	0.117970765262	0.446706019883	0.237672814399	0.197650400456
-ɔdu	0.527777777778	0.222222222222	0.25	0.0
-ros	0.409090909091	0.393939393939	0.166666666667	0.030303030303
-lof	0.0662905500705	0.891396332863	0.0253878702398	0.0169252468265
-lod	0.156433529098	0.733849439402	0.0616657768286	0.0480512546716
-loe	0.138888888889	0.833333333333	0.0	0.0277777777778
-rod	0.122998072041	0.829089277874	0.0208066886823	0.0271059614026
-stɔ	0.0555555555556	0.888888888889	0.0	0.0555555555555
-ɔda	0.0459271175725	0.447291341578	0.242091979442	0.264689561407
-rog	0.479248166953	0.438122838745	0.0661031954417	0.0165257988604
-pyu	0.0740740740741	0.925925925926	0.0	0.0
-rol	0.262144029384	0.45767957234	0.21920981774	0.0609665805354
-rom	0.0707081210357	0.880385428581	0.0332744098991	0.0156320404839
-lot	0.588235294118	0.161764705882	0.0588235294118	0.191176470588
-mas	0.318522566997	0.5821815524	0.0623702250038	0.0369256555993
-iev	0.337662337662	0.266233766234	0.383116883117	0.012987012987
-ipi	0.0	0.923076923077	0.0769230769231	0.0
-ipo	0.11939555362	0.771340138552	0.0951276857903	0.0141366220369
-mpo	0.0438706353977	0.946005371818	0.0101239927841	0.0
-ayv	0.00458329021098	0.0216893120629	0.0922571965049	0.881470201221
-hal	0.258294528522	0.427386495925	0.279394644936	0.034924330617
-ɛvi	0.0209424083769	0.162303664921	0.0366492146597	0.780104712042
-imi	0.128881987578	0.726708074534	0.10248447205	0.0419254658385
-wil	0.315068493151	0.520547945205	0.164383561644	0.0
-dɔm	0.726280529588	0.147832058576	0.0146050054031	0.111282406433
-wik	0.208371473746	0.280269618041	0.141133394358	0.370225513855
-ɛks	0.130699850397	0.48387654684	0.358010705731	0.027412897033
-dez	0.22641509434	0.0754716981132	0.169811320755	0.528301886792
-ipt	0.0415000951837	0.880258899676	0.0679611650485	0.0102798400914
-lɛk	0.491677481324	0.400700437563	0.0581980999868	0.0494239811257
-lɛn	0.272823623986	0.0744124750883	0.615198339843	0.0375655610821
-awn	0.185535617183	0.724415443176	0.0769983686786	0.0130505709625
-lɛm	0.011265219693	0.961037586024	0.00139756484913	0.0262996294336
-awa	0.0530505595146	0.774274036122	0.138425887648	0.0342495167159
-lɛa	0.0	1.0	0.0	0.0
-lɛf	0.610047239455	0.101541014931	0.0498873501274	0.238524395487
-mak	0.320965285729	0.547847448395	0.0530662605738	0.0781210053022
-awe	0.367522351808	0.228962080446	0.125379509621	0.278136058125
-awd	0.163736729563	0.595220118106	0.210043083051	0.0310000692804
-dva	0.563868613139	0.366788321168	0.0364963503649	0.0328467153285
-lɛs	0.493663552003	0.375882653948	0.104566076164	0.0258877178853
-ɛri	0.90447555341	0.0672677746362	0.00428418729743	0.0239724846562
-awt	0.558076319916	0.281965499216	0.110402509148	0.0495556717198
-ido	0.298642533937	0.647058823529	0.0	0.0542986425339
-man	0.0699736306823	0.592104589056	0.0854409559219	0.25248082434
-maa	0.0	1.0	0.0	0.0
-sto	0.0709560328873	0.694724044555	0.227719361359	0.00660056119881
-sti	0.144882118948	0.399238381682	0.260454060347	0.195425439022
-fre	0.117647058824	0.882352941176	0.0	0.0
-ste	0.0	1.0	0.0	0.0
-sta	0.0126020343524	0.967090716612	0.00781244431087	0.0124948047246
-ays	0.0405640595541	0.911738869903	0.00719328956926	0.0405037809739
-tio	0.152521525215	0.691881918819	0.135301353014	0.0202952029521
-tse	0.0	1.0	0.0	0.0
-niɔ	0.157429156879	0.763856264681	0.0787145784397	0.0
-gɔs	0.0375469336671	0.887359198999	0.0600750938673	0.0150187734668
-gɔt	0.268120590122	0.683130211674	0.048749198204	0.0
-gɔl	0.138888888889	0.805555555555	0.0555555555556	0.0
-ɛda	0.46235280493	0.244414284327	0.044583134995	0.248649775747
-gɔn	0.0497259201253	0.937353171496	0.0105716523101	0.00234925606891
-eya	0.123636363636	0.643636363636	0.101818181818	0.130909090909
-ɛse	0.272259539803	0.595255109332	0.0321566385594	0.100328712305
--we	0.30979498861	0.662870159453	0.0273348519362	0.0
-isɔ	0.0912863070539	0.721991701245	0.0414937759336	0.145228215768
-gɔd	0.0773178357079	0.772035881125	0.0347465025057	0.115899780662
-ɛdi	0.465226135689	0.109020376905	0.385994546118	0.0397589412885
-gɔg	0.0327868852459	0.934426229508	0.0327868852459	0.0
-lej	0.0690065437239	0.910767400357	0.00416418798334	0.0160618679358
-muf	0.716380360863	0.191634891308	0.0518888321082	0.04009591572
-lem	0.464210307194	0.320337823773	0.170993546852	0.0444583221816
-len	0.488610733543	0.251086648046	0.0750870065273	0.185215611884
-leo	0.0	1.0	0.0	0.0
-mɔs	0.16137019582	0.420812423401	0.136640108144	0.281177272635
-mun	0.0416016640666	0.93933090657	0.0190674293639	0.0
-mɔt	0.182801921859	0.115029784132	0.0100091478411	0.692159146168
-leg	0.0	1.0	0.0	0.0
-lez	0.0888888888889	0.733333333333	0.133333333333	0.0444444444444
-mɔn	0.0183100934217	0.972819005905	0.00575222465556	0.00311867601808
-mɔl	0.0995858067796	0.407314921423	0.469623338367	0.02347593343
-mɔm	0.0194895591647	0.980510440835	0.0	0.0
-les	0.138090238743	0.572580165935	0.0576274381695	0.231702157153
-oik	0.352112676056	0.591549295775	0.056338028169	0.0
-lev	0.145505571992	0.771286342103	0.0517468490957	0.0314612368095
-fta	0.144321109307	0.153416301685	0.0404907680188	0.661771820989
--et	0.03125	0.03125	0.15625	0.78125
-ɔch	0.294785449051	0.646376626555	0.0359358209114	0.0229021034824
-eza	0.0	0.943262411348	0.0	0.0567375886525
-fti	0.00827205882353	0.178308823529	0.00551470588235	0.807904411765
-ifo	0.100610320426	0.187658106067	0.0495059235112	0.662225649996
-gin	0.645916932355	0.117397129568	0.0236709210049	0.213015017072
-naɔ	0.0	1.0	0.0	0.0
-ndo	0.304147465438	0.364055299539	0.276497695853	0.0552995391705
-ali	0.124984867796	0.658497616233	0.0592657434227	0.157251772548
-nda	0.386445776892	0.312507258814	0.15290751219	0.148139452103
-oam	0.0	1.0	0.0	0.0
-ald	0.0925925925926	0.666666666667	0.240740740741	0.0
-nde	0.179177580443	0.363508592602	0.0792180412701	0.378095785685
-ala	0.525858163109	0.217834685152	0.0717636160012	0.184543535738
-rut	0.296823189646	0.66103326559	0.0175419830998	0.0246015616643
-yon	0.196799085295	0.184237588167	0.42556749352	0.193395833018
-lok	0.174757281553	0.0194174757281	0.174757281553	0.631067961165
-pɔl	0.0637514351727	0.815149754072	0.00942607265872	0.111672738097
-wep	0.737777777778	0.166222222222	0.0746666666667	0.0213333333334
-cha	0.0330507353685	0.938447414216	0.0165720495139	0.011929800902
-pen	0.191830502004	0.68715403703	0.0797862187441	0.0412292422218
-ɛzi	0.0	1.0	0.0	0.0
-iya	0.0	1.0	0.0	0.0
-chu	0.174882595594	0.641817999398	0.183299405008	0.0
-shɛ	0.352941176471	0.529411764706	0.0882352941176	0.0294117647059
-sya	0.00537634408602	0.983870967742	0.0	0.010752688172
-itu	0.0	1.0	0.0	0.0
-shɔ	0.467201356286	0.240072378717	0.171165884194	0.121560380803
-esi	0.0127898478506	0.966480632516	0.00259118995416	0.0181383296791
-uta	0.0	1.0	0.0	0.0
-ɛra	0.0	1.0	0.0	0.0
-ɛro	0.164367269267	0.648311132255	0.0999048525214	0.0874167459562
-esa	0.0	1.0	0.0	0.0
-ita	0.0709159670097	0.838083310675	0.0165473336135	0.0744533887017
-spa	0.0726978998384	0.81098546042	0.0969305331179	0.0193861066236
-bru	0.0	0.971572962729	0.0246367656349	0.00379027163613
-fan	0.204374461926	0.665552048112	0.0628844498234	0.0671890401388
-fam	0.116714553422	0.838322641308	0.0191784477454	0.0257843575244
-fas	0.231524789523	0.686038353602	0.0613891487371	0.0210477081384
-bra	0.32016691706	0.510095555235	0.0854622517116	0.0842752759934
-uda	0.0155979202773	0.976603119584	0.00259965337955	0.0051993067591
-fat	0.589388015339	0.155954356652	0.204776236955	0.0498813910532
-ɔtɔ	0.0240549828179	0.969072164948	0.00687285223369	0.0
-ezi	0.151515151515	0.121212121212	0.666666666667	0.0606060606061
-bri	0.15	0.314285714286	0.0857142857143	0.45
-fay	0.391886641994	0.342609442411	0.230151103114	0.0353528124808
-awo	0.0528634361233	0.885462555066	0.00440528634361	0.0572687224669
-woy	0.0942408376963	0.685863874346	0.0785340314136	0.141361256545
-ɔbɔ	0.0714692482916	0.636104783599	0.104214123007	0.188211845102
-nɛf	0.0322754168908	0.691769768693	0.272727272727	0.00322754168907
-mɛn	0.568964492726	0.187675902267	0.0226343339618	0.220725271045
-huk	0.303501424333	0.635334929847	0.0556033143816	0.00556033143816
-nɛn	0.0	0.940298507463	0.0597014925373	0.0
-amɔ	0.0	0.972222222222	0.0277777777778	0.0
-hub	0.796610169492	0.169491525424	0.0	0.0338983050847
-nɛk	0.0969935423171	0.892229397425	0.0107770602575	0.0
-nɛt	0.0127137657676	0.893387179871	0.0285021023417	0.0653969520201
-wok	0.284670075746	0.587855254338	0.0598186309275	0.0676560389884
-gad	0.0	1.0	0.0	0.0
-aba	0.248763516049	0.551488897227	0.153903878296	0.0458437084286
-nja	0.188029788056	0.724290837189	0.0355385776379	0.0521407971172
-nɛs	0.203223183263	0.592444740149	0.133067198935	0.0712648776521
-hut	0.123287671233	0.321917808219	0.493150684932	0.0616438356164
-abo	0.185185185185	0.666666666667	0.0	0.148148148148
-ebɔ	0.478744939271	0.414979757085	0.0394736842105	0.0668016194331
-ɔdi	0.0907059217169	0.526090555929	0.0299053351913	0.353298187163
-nji	0.171428571429	0.828571428571	0.0	0.0
-jya	0.0208333333333	0.916666666667	0.0625	0.0
-eɔs	0.382352941176	0.598039215686	0.0	0.0196078431373
-tam	0.0	1.0	0.0	0.0
-nch	0.070230836237	0.789307491289	0.114329268293	0.0261324041812
-kom	0.548266166823	0.367385192127	0.0843486410497	0.0
-kol	0.0360667911179	0.868274219	0.084829670273	0.0108293196093
-vay	0.0972009839771	0.866730935443	0.00721361611595	0.0288544644638
-ɔmɔ	0.085384567799	0.113992428974	0.0735750447497	0.727047958477
-los	0.0966659295565	0.440247892938	0.0303148206723	0.432771356833
-kot	0.129007716553	0.765659529761	0.0188385320436	0.0864942216426
-ori	0.0719999999999	0.8224	0.096	0.00960000000001
-sok	0.445679012346	0.216049382716	0.303703703704	0.0345679012345
-rok	0.729821384949	0.183529479387	0.0431090227185	0.0435401129456
-rin	0.359985210519	0.4233488931	0.2018764154	0.0147894809817
-val	0.0666666666667	0.933333333333	0.0	0.0
-eɔm	0.0	1.0	0.0	0.0
-tna	0.255319148936	0.617021276596	0.106382978723	0.0212765957447
-kre	0.217993079585	0.650519031142	0.110726643599	0.0207612456747
-liz	0.698045472677	0.220183486238	0.0678101316314	0.0139609094535
-min	0.622405914249	0.159038310785	0.0605848679572	0.157970907009
-lit	0.150684931507	0.547945205479	0.027397260274	0.27397260274
-rus	0.0	1.0	0.0	0.0
-rup	0.120448179272	0.839535814326	0.0208083233293	0.0192076830732
-yɛl	0.0246913580247	0.971193415638	0.0	0.00411522633745
-lip	0.296898710529	0.550362592364	0.035687324137	0.117051372971
-ɛkt	0.356407402767	0.533907236934	0.0755606984131	0.0341246618858
-iti	0.119058606368	0.733733271804	0.114905399169	0.0323027226581
-lis	0.0542986425339	0.927601809955	0.0	0.0180995475113
-lil	0.0	1.0	0.0	0.0
-ruk	0.122448979592	0.551020408163	0.155102040816	0.171428571429
-lin	0.312362056019	0.284663283958	0.374616032219	0.0283586278034
-lio	0.0358565737052	0.924302788845	0.0318725099602	0.00796812749003
-yɛs	0.0567146040106	0.151306461414	0.0293700627912	0.762608871784
-rul	0.0724029770955	0.841580784559	0.012819614569	0.0731966237768
-ich	0.621006912983	0.177206465585	0.0269745969407	0.174812024491
-lid	0.36739015352	0.524616199047	0.0698782424563	0.0381154049762
-lie	0.0	1.0	0.0	0.0
-lif	0.400613829211	0.534392489619	0.0457362941566	0.0192573870133
-ruf	0.0469336670839	0.938986232791	0.0140801001252	0.0
-lia	0.283227072094	0.26108386464	0.174399215302	0.281289847965
-lib	0.240370709603	0.172941573467	0.0879772464327	0.498710470498
-vɔp	0.535519125683	0.295081967213	0.125683060109	0.0437158469945
-gri	0.58693527231	0.148094912059	0.156659021373	0.108310794258
-wɔl	0.0349041124851	0.910746754623	0.0232276680159	0.0311214648757
-eat	0.0	1.0	0.0	0.0
-wɔn	0.710096741672	0.122374997319	0.0418284390484	0.125699821961
-tel	0.0210970464135	0.970464135021	0.0042194092827	0.0042194092827
-eaz	0.0	1.0	0.0	0.0
-wɔd	0.148165648585	0.653234306736	0.0458440073913	0.152756037288
-abi	0.451344031071	0.404156314863	0.0890244669476	0.0554751871187
-oda	0.172340425532	0.789361702128	0.0	0.0382978723404
-adu	0.394407042983	0.571413775246	0.0036250647333	0.0305541170378
-iza	0.0718620249122	0.909294155222	0.0127754710955	0.00606834877037
-wɔs	0.158984506974	0.262416139775	0.488247502293	0.0903518509581
-izi	0.235492234141	0.171248483695	0.55702970768	0.0362295744832
-odo	0.756756756757	0.135135135135	0.0	0.108108108108
-wɛf	0.0240676547635	0.911622952605	0.0394291643151	0.0248802283166
-kyu	0.0	0.375838926174	0.624161073826	0.0
-are	0.134345353804	0.760975731601	0.0620708755607	0.0426080390341
-wɛl	0.480339010947	0.173948319083	0.117288587658	0.228424082311
-wɛn	0.0553566297477	0.025859055013	0.0104084050681	0.908375910171
-wɛt	0.18016194332	0.613360323887	0.0242914979757	0.182186234818
-kya	0.400638977636	0.20447284345	0.0996805111821	0.295207667732
-wɛr	0.576561825954	0.334758225813	0.068139927056	0.0205400211773
-iɛn	0.0750747337433	0.787207742757	0.0680986371748	0.0696188863252
-iɛm	0.0495587236932	0.940936863544	0.0	0.00950441276307
-iɛl	0.132682312175	0.818176090723	0.0245707985509	0.0245707985509
-jik	0.25018076645	0.457700650759	0.261749819233	0.0303687635575
-afa	0.0794022128035	0.825425221556	0.0467881323278	0.0483844333132
-pak	0.595419847328	0.381679389313	0.0229007633588	0.0
-pal	0.0	0.578313253012	0.385542168675	0.0361445783132
-pam	0.0	1.0	0.0	0.0
-pan	0.02327945855	0.0130083001302	0.00355677624889	0.960155465071
-bya	0.201183431953	0.739644970414	0.0355029585799	0.0236686390533
-osɔ	0.117647058824	0.882352941177	0.0	0.0
-api	0.346153846154	0.379120879121	0.263736263736	0.010989010989
-pad	0.053164556962	0.937721518987	0.00911392405064	0.0
-apo	0.0434782608696	0.95652173913	0.0	0.0
-zna	0.282258064516	0.556451612903	0.145161290323	0.0161290322581
-pay	0.0975778546712	0.844290657439	0.0	0.0581314878893
-piɔ	0.0331491712707	0.39226519337	0.574585635359	0.0
-apu	0.700680272109	0.163265306122	0.0952380952381	0.0408163265306
-wan	0.0224150791694	0.0689406772158	0.0248663022174	0.883777941397
-wam	0.588220295767	0.296022437532	0.104028556859	0.0117287098419
-wal	0.0333333333333	0.0333333333333	0.833333333333	0.1
-pat	0.189969672754	0.637148891393	0.0511443447875	0.121737091066
-lek	0.0905179639046	0.874280605688	0.0176007152037	0.0176007152037
-kri	0.229456341592	0.634226046544	0.125973073743	0.010344538121
-aro	0.0444444444444	0.911111111111	0.0444444444445	0.0
-kea	0.0443786982249	0.955621301775	0.0	0.0
-ɔks	0.0941613654972	0.876739938276	0.0215405933111	0.00755810291616
-ken	0.034965034965	0.912587412587	0.020979020979	0.0314685314685
-kel	0.0416666666667	0.958333333333	0.0	0.0
-sus	0.0591549295774	0.9	0.0295774647888	0.0112676056338
-lbo	0.402597402597	0.441558441558	0.0584415584415	0.0974025974026
-sup	0.405660377358	0.594339622642	0.0	0.0
-amo	0.0579710144927	0.884057971015	0.0289855072464	0.0289855072464
-sul	0.066108273553	0.869741447809	0.0381566853631	0.0259935932746
-kes	0.32804823582	0.55728003573	0.0609647163912	0.053707012059
