jer-	0.00751637742788	0.988484082289	0.0	0.00399954028272
iam-	0.610321615557	0.192969334331	0.157068062827	0.0396409872849
agu-	0.0686690092475	0.0772337426093	0.00120913882754	0.852888109316
siu-	0.110849056604	0.846698113208	0.0141509433962	0.0283018867924
gin-	0.588038869682	0.289580481209	0.0451041448369	0.0772765042719
fig-	0.0	1.0	0.0	0.0
son-	0.106648945472	0.893351054528	0.0	0.0
dok-	0.00200133422282	0.94996664443	0.0480320213476	0.0
maa-	0.460907236042	0.164392818073	0.233053293871	0.141646652014
jac-	0.0	0.99575191164	0.000849617672048	0.0033984706882
pro-	0.0390479799347	0.930529240874	0.0049441527274	0.0254786264639
ump-	0.188742007522	0.268430931302	0.054441343144	0.488385718032
kul-	0.23219116321	0.182596934175	0.413435527502	0.171776375113
mah-	0.371295968999	0.261373720099	0.28298628172	0.0843440291819
eda-	0.191082802548	0.191082802548	0.15923566879	0.458598726115
tum-	0.162662727442	0.564773543877	0.145777140051	0.12678658863
eno-	0.008038585209	0.991961414791	0.0	0.0
aku-	0.0273991461901	0.0345949773578	0.00303474435549	0.934971132097
mar-	0.0821240793312	0.505927175058	0.143082158835	0.268866586776
bis-	0.0604872407194	0.217858886134	0.0147577848209	0.706896088325
lis-	0.0749409961313	0.879429750927	0.029102086831	0.0165271661111
tea-	0.0769230769231	0.692307692308	0.0	0.230769230769
ana-	0.0670264581074	0.139958627156	0.0150305956525	0.777984319085
sak-	0.276446284928	0.569266960158	0.0344387465453	0.119848008368
ele-	0.0	0.941605839416	0.0583941605839	0.0
uwa-	0.198183319571	0.801816680429	0.0	0.0
ihu-	0.535948392467	0.267714077619	0.0583706170013	0.137966912912
seg-	0.0	1.0	0.0	0.0
euf-	0.0	1.0	0.0	0.0
der-	0.0135135135135	0.986486486486	0.0	0.0
kat-	0.184687226496	0.442853236956	0.142412062967	0.230047473581
sun-	0.409724522765	0.176173413686	0.0268801223108	0.387221941239
mil-	0.0743636963333	0.825875432906	0.0986064537409	0.00115441701941
dis-	0.0691121489745	0.876885772644	0.0183948685483	0.0356072098329
tib-	0.0728840125392	0.884796238245	0.0188087774295	0.0235109717868
gan-	0.0793222617716	0.0390852840357	0.00696511710043	0.874627337092
sog-	0.68085106383	0.234042553191	0.0	0.0851063829787
sen-	0.496363636364	0.226363636364	0.217272727273	0.06
itl-	0.0	1.0	0.0	0.0
ini-	0.137731481481	0.74537037037	0.0659722222222	0.0509259259259
bay-	0.0963557178627	0.542577505063	0.0387004406845	0.32236633639
mig-	0.0802675585284	0.919732441472	0.0	0.0
ked-	0.0	1.0	0.0	0.0
uga-	0.154480796586	0.169416785206	0.0273115220484	0.648790896159
paf-	0.00952380952381	0.990476190476	0.0	0.0
hum-	0.152459016393	0.847540983607	0.0	0.0
uli-	0.201326125517	0.527282709688	0.202213024749	0.0691781400457
kum-	0.0427265893896	0.870930094552	0.0827827669423	0.00356054911579
aml-	0.556768558952	0.227074235808	0.134279475983	0.0818777292576
zaq-	0.0189573459716	0.9336492891	0.0	0.0473933649289
sug-	0.505361476076	0.282502321546	0.0186947738132	0.193441428565
has-	0.0695164587131	0.112815777636	0.0387890554096	0.778878708242
zac-	0.00677392040645	0.919559695174	0.0	0.07366638442
dah-	0.122448979592	0.877551020408	0.0	0.0
her-	0.0237328849387	0.890751861638	0.0440067259188	0.0415085275042
lui-	0.464285714286	0.464285714286	0.0	0.0714285714285
gaw-	0.238217652099	0.672664952871	0.0111396743788	0.0779777206513
ate-	0.0	1.0	0.0	0.0
naw-	0.312151616499	0.306949089558	0.152359717577	0.228539576366
har-	0.0660621759935	0.861781540305	0.0279612000717	0.0441950836298
kam-	0.141284442516	0.162024283537	0.0124675382104	0.684223735737
bee-	0.00672645739912	0.993273542601	0.0	0.0
sin-	0.0666135074167	0.415289145567	0.0208188062847	0.497278540732
syu-	0.0388171533677	0.869295078034	0.0107039376957	0.0811838309024
dor-	0.0	1.0	0.0	0.0
tag-	0.0784878036575	0.847658440857	0.030679914454	0.0431738410315
pat-	0.352245044573	0.220753823085	0.362847781494	0.0641533508482
nwe-	0.031914893617	0.0957446808511	0.297872340426	0.574468085106
alt-	0.00985491376951	0.983575143717	0.006569942513	0.0
maw-	0.596509240246	0.145790554415	0.141683778234	0.116016427105
awt-	0.0348978763695	0.915640921593	0.00216420938726	0.0472969926507
oma-	0.196026807085	0.607946385831	0.196026807085	0.0
sil-	0.260285397785	0.636541785715	0.0545228973756	0.0486499191251
him-	0.541622004082	0.217319901207	0.108496248839	0.132561845873
saw-	0.190075424273	0.763861729177	0.0365326024368	0.00953024411394
430-	0.09375	0.0	0.0	0.90625
naa-	0.519227838146	0.3042251861	0.0789395069431	0.0976074688105
jam-	0.0	0.91393442623	0.0368852459016	0.0491803278688
aca-	0.00348432055749	0.996515679443	0.0	0.0
rek-	0.255597014925	0.587686567164	0.111940298507	0.044776119403
por-	0.107142857143	0.892857142857	0.0	0.0
tip-	0.569024942824	0.272492027531	0.0560488763381	0.102434153308
alf-	0.0	1.0	0.0	0.0
pas-	0.441084192192	0.365557256948	0.0734762493267	0.119882301533
cos-	0.0	1.0	0.0	0.0
dam-	0.030959752322	0.96481846327	0.00253307064453	0.00168871376302
sig-	0.487297194194	0.20820926666	0.0856668108955	0.21882672825
buu-	0.343596181163	0.18887714314	0.0748240890621	0.392702586634
ezr-	0.0	1.0	0.0	0.0
nai-	0.46820156599	0.344603716158	0.125340566014	0.0618541518372
bak-	0.0178062678063	0.952991452991	0.0206552706553	0.00854700854701
dru-	0.0	0.981818181818	0.0181818181818	0.0
ped-	0.0260186176899	0.946258037187	0.00382272212254	0.0239006230004
say-	0.310728856079	0.174620537034	0.419879889519	0.0947707173688
ayh-	0.147166525825	0.0535453637551	0.033341015595	0.765947094825
gug-	0.094070695553	0.871721778791	0.00171037628278	0.0324971493729
epa-	0.0420382165605	0.900636942675	0.0343949044586	0.0229299363058
500-	0.487804878049	0.36766034327	0.0180668473351	0.126467931346
oro-	0.417375173906	0.290462204359	0.0765187818829	0.215643839852
sap-	0.0586072597122	0.801769562738	0.0669261929962	0.0726969845535
ord-	0.280819140308	0.355839416058	0.33901054339	0.0243309002433
dia-	0.0885750962772	0.870346598203	0.0333761232349	0.007702182285
nan-	0.117910737376	0.123069171032	0.00804462645779	0.750975465135
153-	0.0	0.048	0.064	0.888
lau-	0.581356787542	0.0734626198544	0.27251099416	0.0726695984428
usi-	0.566339700568	0.252452245741	0.0743417656169	0.106866288074
amu-	0.0281100530199	0.0204338462337	0.00973040296842	0.941725697778
tol-	0.0625	0.9375	0.0	0.0
mel-	0.00983110662969	0.99016889337	0.0	0.0
iim-	0.553571428571	0.25	0.160714285714	0.0357142857143
kri-	0.0242326332795	0.73182552504	0.235864297254	0.00807754442649
mir-	0.0258939580765	0.959309494451	0.0147965474723	0.0
isa-	0.0381464278444	0.207152492101	0.0633940045153	0.691307075539
joe-	0.0	0.914893617021	0.0	0.0851063829787
mus-	0.0462173314993	0.889683631362	0.0539202200826	0.0101788170564
eut-	0.145161290323	0.758064516129	0.0967741935484	0.0
pud-	0.0	1.0	0.0	0.0
dio-	0.0238113892427	0.935461684906	0.0151850107789	0.0255419150722
igu-	0.856573705179	0.119521912351	0.0	0.0239043824701
yah-	0.319718309859	0.677464788732	0.0	0.00281690140845
bab-	0.0119435396308	0.972041259501	0.000542888165038	0.0154723127036
ita-	0.613982080273	0.305731657537	0.0231889476623	0.057097314527
tuh-	0.419117647059	0.387254901961	0.186274509804	0.00735294117647
siy-	0.164705882353	0.458823529412	0.0470588235294	0.329411764706
war-	0.250824413872	0.0465186486677	0.0159374285311	0.686719508929
hur-	0.169127681882	0.724321878533	0.0524295813834	0.0541208582021
moi-	0.0389486260454	0.955555555556	0.00215053763441	0.00334528076463
ura-	0.10115350488	0.843833185448	0.0550133096717	0.0
kom-	0.0	1.0	0.0	0.0
ali-	0.0228564830224	0.9606379438	0.00346413264232	0.0130414405358
jud-	0.0244960948274	0.853990810567	0.0971012250335	0.0244118695719
oni-	0.0	0.848484848485	0.151515151515	0.0
non-	0.0408163265306	0.265306122449	0.69387755102	0.0
uba-	0.0148072300976	0.982317162898	0.0	0.00287560700446
mal-	0.248809054531	0.270320347644	0.409983431129	0.070887166696
sab-	0.187271778821	0.571205007825	0.0474700052165	0.194053208138
joa-	0.0	1.0	0.0	0.0
nin-	0.110215415991	0.0413738774244	0.00798199188578	0.840428714699
gra-	0.0656814449918	0.144499178982	0.784893267652	0.00492610837438
utd-	0.797027955123	0.0248652392635	0.0890534028069	0.089053402807
tub-	0.0649512820914	0.909097040269	0.0103806710557	0.0155710065835
sir-	0.152203280798	0.773560630428	0.0227725956899	0.0514634930846
lyd-	0.0778032036613	0.894736842105	0.0	0.0274599542334
isl-	0.140564202335	0.82733463035	0.0	0.0321011673152
lim-	0.0503284334946	0.507282001092	0.160049688506	0.282339876908
mab-	0.55294659137	0.163025357149	0.202966510717	0.0810615407636
esr-	0.0	1.0	0.0	0.0
and-	0.0425457690782	0.0494291708282	0.0131522481924	0.894872811901
apa-	0.0609631147541	0.104380122951	0.0870901639344	0.747566598361
ALL	0.20910201913	0.25322658741	0.0467101440865	0.490961249373
san-	0.0535039231588	0.0603361634229	0.0173290753343	0.868830838084
swe-	0.26875	0.3125	0.34375	0.075
puk-	0.126281705343	0.778737182947	0.0690771721532	0.0259039395575
rah-	0.0522388059701	0.94776119403	0.0	0.0
mae-	0.00383490786214	0.984660368551	0.000639151310358	0.0108655722761
cil-	0.0	1.0	0.0	0.0
per-	0.0330052514217	0.0312791134733	0.00369299800421	0.932022637101
ger-	0.0253164556962	0.962025316456	0.0	0.0126582278481
arm-	0.0696517412935	0.930348258706	0.0	0.0
bar-	0.090279603662	0.826337858898	0.0340713797681	0.0493111576718
cal-	0.0	1.0	0.0	0.0
zor-	0.0	1.0	0.0	0.0
tel-	0.0426439232409	0.878997867804	0.0783582089552	0.0
lid-	0.015197568389	0.984802431611	0.0	0.0
gas-	0.655870445344	0.214574898785	0.080971659919	0.0485829959514
ata-	0.0	1.0	0.0	0.0
tie-	0.175872735307	0.649138311975	0.0503756076005	0.124613345117
far-	0.00504821694389	0.990680214873	0.000388324380299	0.00388324380299
dap-	0.344069291012	0.0478363846965	0.0532302958007	0.554864028491
ins-	0.140385565991	0.765200197726	0.0677212061295	0.0266930301533
rud-	0.0422535211268	0.957746478873	0.0	0.0
baw-	0.395802958962	0.381438370898	0.177824517794	0.0449341523459
oka-	0.0997442455243	0.726342710997	0.173913043478	0.0
agd-	0.846726773814	0.144453155625	0.0	0.00882007056057
lum-	0.716129032258	0.0387096774194	0.0	0.245161290323
mes-	0.0708661417323	0.911417322835	0.00590551181102	0.0118110236221
sed-	0.0344827586207	0.551724137931	0.413793103448	0.0
num-	0.0806451612904	0.91935483871	0.0	0.0
kla-	0.0936781286813	0.447074662029	0.229819936052	0.229427273237
haw-	0.616625010604	0.0642656242863	0.00626472373221	0.312844641377
ami-	0.0467383619246	0.844900085588	0.0643024597179	0.0440590927697
kur-	0.0514285714286	0.859831932773	0.0826890756303	0.00605042016807
iku-	0.820683046258	0.109080438008	0.0197982124887	0.0504383032451
imn-	0.736592425138	0.236091487485	0.0131870766649	0.0141290107124
ult-	0.0740740740741	0.12962962963	0.796296296296	0.0
adi-	0.0	1.0	0.0	0.0
bug-	0.0495663224006	0.634581990681	0.15608401658	0.159767670339
jai-	0.0813953488372	0.906976744186	0.00232558139535	0.00930232558139
tal-	0.181484538785	0.653317996423	0.132041635591	0.0331558292012
ehe-	0.423236514523	0.48132780083	0.0497925311203	0.0456431535269
alp-	0.00678886625933	0.959266802444	0.0339443312967	0.0
paa-	0.121201327401	0.0993269681226	0.011754023802	0.767717680674
bin-	0.078964007015	0.775356278049	0.0277060813752	0.117973633561
lem-	0.0	0.979591836735	0.0204081632653	0.0
rod-	0.0182926829268	0.981707317073	0.0	0.0
450-	0.0805369127517	0.0738255033557	0.0402684563758	0.805369127517
sud-	0.5169122572	0.419792364367	0.0421969189551	0.0210984594775
dak-	0.588505747126	0.32183908046	0.0137931034483	0.0758620689655
wan-	0.527777777778	0.338888888889	0.0166666666666	0.116666666667
pon-	0.0	0.994560994561	0.001554001554	0.003885003885
esk-	0.0	1.0	0.0	0.0
hig-	0.116575248947	0.731632100567	0.0480237293722	0.103768921114
rap-	0.493902439024	0.146341463415	0.128048780488	0.231707317073
ayd-	0.893719806763	0.0628019323671	0.0193236714976	0.024154589372
sik-	0.313893483949	0.538847844569	0.115703241879	0.0315554296033
pwe-	0.128246906832	0.744399709868	0.0546626160266	0.0726907672739
nga-	0.126154112515	0.0288650997587	0.000247488234938	0.844733299491
ben-	0.0	0.989528795812	0.0104712041885	0.0
kai-	0.0837857468528	0.285374161807	0.0617560777126	0.569084013628
mat-	0.282871154081	0.298758214895	0.26921294971	0.149157681314
iun-	0.757085020243	0.194331983806	0.0485829959514	0.0
pin-	0.207459469364	0.259385524555	0.415002992804	0.118152013277
hug-	0.426470588235	0.276960784314	0.110294117647	0.186274509804
bun-	0.140025866774	0.674337560027	0.134935831702	0.0507007414976
ili-	0.173745173745	0.571428571429	0.034749034749	0.220077220077
map-	0.525915202931	0.238243653922	0.15192525217	0.0839158909778
nar-	0.343290236291	0.539010254124	0.0588497547927	0.0588497547927
gat-	0.00301295570955	0.40474038365	0.0225971678216	0.569649492819
its-	0.14275147929	0.807692307692	0.0384615384615	0.0110946745562
mao-	0.594441585178	0.340710241894	0.0	0.0648481729285
cua-	0.037037037037	0.962962962963	0.0	0.0
tye-	0.18345323741	0.534172661871	0.163669064748	0.118705035971
sat-	0.0783822476736	0.900680028633	0.011274158912	0.00966356478168
pur-	0.160894371211	0.57097396764	0.226466706922	0.0416649542267
gur-	0.151075843125	0.203418281703	0.631771707615	0.0137341675568
esl-	0.0	1.0	0.0	0.0
ani-	0.536458333334	0.463541666666	0.0	0.0
nad-	0.677928937852	0.1937983199	0.056105940683	0.0721668015655
lot-	0.0	0.989528795812	0.0104712041885	0.0
kis-	0.111162790698	0.109302325581	0.00697674418605	0.772558139535
abi-	0.337600849551	0.382059783904	0.0413349157322	0.239004450812
eub-	0.212389380531	0.787610619469	0.0	0.0
fle-	0.0	1.0	0.0	0.0
bu--	0.823529411765	0.0441176470588	0.0441176470588	0.0882352941176
ban-	0.172989379586	0.664167638157	0.115066055819	0.0477769264383
hal-	0.0789755349522	0.114161436618	0.0229754998081	0.783887528621
nau-	0.454074832539	0.147326528988	0.286335789061	0.112262849411
ise-	0.454545454545	0.5	0.0	0.0454545454545
ter-	0.0	0.986607142857	0.0133928571428	0.0
nag-	0.680232393528	0.168424910922	0.0531717053236	0.098170990226
tra-	0.142145840026	0.599100546097	0.203340828783	0.0554127850948
bi--	0.375	0.323684210526	0.134210526316	0.167105263158
puy-	0.0205949656751	0.979405034325	0.0	0.0
nam-	0.493475194573	0.0377226530506	0.0207797156409	0.448022436735
arq-	0.0483870967742	0.923963133641	0.0	0.0276497695853
ale-	0.0	0.905013192612	0.0949868073879	0.0
ker-	0.251162790698	0.706976744186	0.0418604651163	0.0
sid-	0.059535179879	0.630054122891	0.283667621776	0.0267430754537
oli-	0.00316011235955	0.93047752809	0.0579353932584	0.00842696629213
luc-	0.0	0.989949748744	0.0	0.0100502512563
jec-	0.0	1.0	0.0	0.0
ula-	0.0106007067138	0.803886925795	0.177561837456	0.00795053003534
jua-	0.0213200749995	0.929424652917	0.00922746329029	0.0400278087935
kon-	0.107518368692	0.0743026341917	0.00777480614927	0.810404190967
eli-	0.00619920099187	0.976856316297	0.0	0.0169444827111
col-	0.0	1.0	0.0	0.0
but-	0.0734269561282	0.709839808037	0.0582338888635	0.158499346971
apl-	0.255681818182	0.454545454545	0.289772727273	0.0
gid-	0.401708122702	0.025461526616	0.0402325698105	0.532597780871
hel-	0.047619047619	0.952380952381	0.0	0.0
tuk-	0.416775884666	0.559633027523	0.0157273918742	0.00786369593709
ene-	0.0	1.0	0.0	0.0
pan-	0.220689604044	0.665733387273	0.0492591074932	0.06431790119
huu-	0.114471968709	0.158018252934	0.0179921773142	0.709517601043
nim-	0.101380910779	0.0591095139373	0.0260474884118	0.813462086871
tor-	0.0723193768534	0.906432146442	0.0145384314293	0.00671004527506
ano-	0.0718947708968	0.131683458861	0.00831178109867	0.788109989143
ari-	0.00666666666666	0.993333333333	0.0	0.0
jod-	0.0	1.0	0.0	0.0
lin-	0.0527048079692	0.894638959921	0.0222477438248	0.0304084882845
oru-	0.66999002991	0.33000997009	0.0	0.0
ina-	0.103577667076	0.832632464256	0.0384291906579	0.02536067801
cre-	0.0458452722063	0.948424068768	0.0	0.00573065902578
mai-	0.345134076428	0.262079212459	0.252164175382	0.140622535731
cip-	0.031007751938	0.968992248062	0.0	0.0
pen-	0.0126582278481	0.962025316456	0.0126582278481	0.0126582278481
how-	0.254897333019	0.660136889308	0.0424828888364	0.0424828888364
rab-	0.323442136499	0.53412462908	0.0	0.142433234421
ape-	0.1	0.9	0.0	0.0
ba--	0.0119284294235	0.966451292247	0.00298210735587	0.0186381709741
dun-	0.0904521967928	0.379652894659	0.419651029962	0.110243878586
kab-	0.111946353734	0.736414045264	0.030446130912	0.121193470091
hul-	0.471846237141	0.249593936113	0.269463995669	0.00909583107744
uku-	0.40350877193	0.315789473684	0.210526315789	0.0701754385965
lab-	0.103840517411	0.0970669876933	0.452103384899	0.346989109996
upa-	0.110410094637	0.615141955836	0.198738170347	0.0757097791798
isp-	0.00843837899781	0.91825190124	0.0651109490572	0.00819877070529
tia-	0.0	1.0	0.0	0.0
obr-	0.287711552612	0.491537895512	0.128771155261	0.0919793966151
nal-	0.501129415553	0.269220659249	0.171478106883	0.058171818315
kau-	0.168000949712	0.265926723725	0.211216285102	0.354856041461
iba-	0.111879512252	0.326337389655	0.137066428047	0.424716670046
ino-	0.304054054054	0.675675675676	0.0202702702703	0.0
bas-	0.238066293715	0.19117205574	0.0767536138206	0.494008036725
dir-	0.203935599284	0.454382826476	0.128801431127	0.212880143113
teo-	0.150967741935	0.825806451613	0.0154838709677	0.00774193548387
ang-	0.166713744932	0.0451646628386	0.00168739490785	0.786434197322
pun-	0.140591411354	0.791599682176	0.0214322826463	0.046376623823
dug-	0.0641273385723	0.89386066618	0.0234036157513	0.0186083794964
tur-	0.516500817101	0.409048313668	0.0298471697141	0.0446036995167
day-	0.0753681556241	0.106584382023	0.0110902514036	0.80695721095
tah-	0.38472825506	0.516096745669	0.0508799036041	0.048295095667
666-	0.0333333333333	0.0333333333333	0.0	0.933333333333
tud-	0.290482790483	0.439593439593	0.142411642412	0.127512127512
cai-	0.0332554377135	0.961351788603	0.00269638684163	0.00269638684163
sod-	0.0206896551724	0.972413793103	0.0	0.00689655172414
kun-	0.0637126822344	0.106538515736	0.0210210718483	0.808727730181
adl-	0.0155705752744	0.915901457264	0.0137920773147	0.054735890147
kan-	0.0279150932807	0.0119472937198	0.00135866899823	0.958778944001
zab-	0.0	0.99173553719	0.00826446280992	0.0
agi-	0.0812934694247	0.875350013549	0.0298076054557	0.0135489115708
sus-	0.0	1.0	0.0	0.0
ref-	0.03	0.94	0.0	0.03
gap-	0.814404432133	0.185595567867	0.0	0.0
osi-	0.859375	0.10625	0.034375	0.0
sio-	0.0159362549801	0.964143426295	0.0	0.0199203187251
luh-	0.652519893899	0.247568523431	0.0999115826701	0.0
daw-	0.211677954933	0.0486536762636	0.0338399686554	0.705828400148
log-	0.34	0.58	0.03	0.05
abr-	0.0203169281124	0.953498583004	0.0181215822456	0.00806290663792
met-	0.0407523510972	0.752351097179	0.0564263322884	0.150470219436
100-	0.20905923345	0.383275261324	0.0627177700349	0.344947735192
mna-	0.145348837209	0.854651162791	0.0	0.0
nef-	0.0	1.0	0.0	0.0
ces-	0.00239520958084	0.983233532934	0.0	0.014371257485
lol-	0.127272727273	0.8	0.0727272727273	0.0
tuy-	0.529692470838	0.252386002121	0.125132555673	0.092788971368
saa-	0.186278031508	0.772155796172	0.0153948786371	0.026171293683
hil-	0.251160278868	0.50822391132	0.196306604742	0.0443092050704
abo-	0.367292225201	0.428954423592	0.0502680965148	0.153485254692
bub-	0.0778364116095	0.502638522427	0.0118733509235	0.40765171504
ilu-	0.597251229536	0.336050663612	0.0363807855555	0.0303173212963
lai-	0.0748152019712	0.180168744867	0.272679758083	0.47233629508
mga-	0.158415737483	0.0720290345786	0.0132913527272	0.756263875211
mad-	0.447416740745	0.305238792748	0.13545031047	0.111894156037
adm-	0.0	1.0	0.0	0.0
par-	0.0750464805985	0.203718963181	0.0417960572826	0.679438498938
ala-	0.125126135217	0.783581646584	0.0306285985635	0.0606636196356
jul-	0.00666666666667	0.993333333333	0.0	0.0
gob-	0.0383917486391	0.92980613122	0.016330818451	0.0154713016904
nah-	0.308870869057	0.145543730033	0.129271809283	0.416313591627
duu-	0.0785046728972	0.744859813084	0.0981308411215	0.0785046728972
zeu-	0.0	0.979797979798	0.020202020202	0.0
nas-	0.46190437012	0.360535581045	0.0998764931234	0.0776835557119
ame-	0.00226358148893	0.0533199195171	0.000754527162979	0.943661971831
hib-	0.0	1.0	0.0	0.0
feb-	0.28	0.72	0.0	0.0
anu-	0.0469055374593	0.0201954397394	0.121172638436	0.811726384365
hik-	0.312080536913	0.687919463087	0.0	0.0
tre-	0.00554400554401	0.182952182952	0.322938322938	0.488565488565
iak-	0.418032786885	0.463114754098	0.0450819672131	0.0737704918033
gay-	0.0536352800954	0.88200238379	0.0	0.0643623361145
ipa-	0.65396269651	0.234559944603	0.0487026680798	0.0627746908074
kin-	0.253671311845	0.336975517834	0.075186541647	0.334166628675
reu-	0.0	1.0	0.0	0.0
dan-	0.0347107438016	0.930578512397	0.0347107438016	0.0
lug-	0.0821522089344	0.710718539936	0.00969737677562	0.197431874354
tio-	0.0703666146008	0.740032520724	0.00882530128693	0.180775563388
aru-	0.0499495459132	0.819878910192	0.124117053481	0.00605449041372
kag-	0.0085469415964	0.00488873161807	0.000807949382049	0.985756377403
hay-	0.130010829829	0.0232954874316	0.00579833178575	0.840895350954
cri-	0.0121968838635	0.965561292383	0.00450919708917	0.0177326266643
mis-	0.190210548744	0.161737075561	0.118607188745	0.52944518695
elm-	0.0	1.0	0.0	0.0
ran-	0.525458248473	0.401221995927	0.0244399185336	0.0488798370672
twa-	0.0207612456747	0.979238754325	0.0	0.0
din-	0.531788264949	0.3491107688	0.0994958689259	0.0196050973253
agr-	0.00861079219288	0.982778415614	0.0	0.00861079219288
was-	0.12987012987	0.706864564007	0.0964749536178	0.0667903525046
iwi-	0.0570175438596	0.94298245614	0.0	0.0
gre-	0.0	1.0	0.0	0.0
pig-	0.0495151640189	0.321229626573	0.606560759233	0.0226944501753
sos-	0.0	1.0	0.0	0.0
iri-	0.164960026284	0.707726426459	0.101303252656	0.0260102946008
get-	0.0	1.0	0.0	0.0
tat-	0.0980082384751	0.532617528854	0.00710052548553	0.362273707185
bit-	0.00928187591597	0.987787005374	0.00293111871031	0.0
uri-	0.0472622287312	0.47685133003	0.344096226446	0.131790214793
ign-	0.051724137931	0.293103448276	0.620689655172	0.0344827586207
hak-	0.609800362976	0.32667876588	0.0	0.0635208711434
uyu-	0.333333333333	0.210144927536	0.0144927536232	0.442028985507
cef-	0.308724832215	0.691275167785	0.0	0.0
lap-	0.226261499203	0.601616321944	0.0939776881568	0.0781444906955
esa-	0.00632911392405	0.993670886076	0.0	0.0
hiy-	0.0394736842105	0.631578947368	0.210526315789	0.118421052632
mag-	0.567114438779	0.232638554809	0.081325499244	0.118921507168
sis-	0.108108108108	0.533783783784	0.358108108108	0.0
kim-	0.466909702748	0.0956253505328	0.437464946719	0.0
pai-	0.393836120463	0.447541255036	0.120536453447	0.0380861710543
ama-	0.00696888390035	0.985888263424	0.00119694570807	0.00594590696794
jep-	0.0	1.0	0.0	0.0
sur-	0.0644979530771	0.864138765507	0.0386174719054	0.0327458095105
fri-	0.0	0.895238095238	0.104761904762	0.0
reg-	0.0432276657061	0.9265129683	0.0244956772335	0.00576368876081
lit-	0.225806451613	0.616935483871	0.133064516129	0.0241935483871
pla-	0.111487861115	0.776888647769	0.0819205208192	0.029702970297
mac-	0.0	0.996112730807	0.00388726919339	0.0
lam-	0.193360961629	0.438575387193	0.0257676636048	0.342295987573
ico-	0.0432098765432	0.938271604938	0.00617283950616	0.0123456790123
ika-	0.0777750010686	0.0729471933554	0.147252814093	0.702024991483
bet-	0.0340165721762	0.95704317488	0.000654164849541	0.0082860880942
hip-	0.155274936265	0.764953796267	0.0531808449786	0.0265904224893
law-	0.0347838142809	0.902850254755	0.0365052895891	0.0258606413747
sal-	0.0798343094918	0.784732961319	0.0923042692315	0.0431284599572
asu-	0.0200743494424	0.91970260223	0.0602230483271	0.0
sya-	0.0332443459426	0.043301600094	0.0535603351298	0.869893718833
ehi-	0.0121370775821	0.899333650643	0.0856734888149	0.00285578296049
gab-	0.0215314400515	0.928133905467	0.0111369517508	0.0391977027307
sek-	0.210668779884	0.553731223678	0.216901584023	0.0186984124158
400-	0.254612546125	0.238007380074	0.123616236162	0.383763837638
leo-	0.0211565585332	0.875881523272	0.102961918195	0.0
ind-	0.163145928108	0.0681657348957	0.0280371412651	0.740651195731
bad-	0.186046511628	0.511627906977	0.162790697674	0.139534883721
liu-	0.097271758766	0.873546713604	0.0291815276298	0.0
rug-	0.342440886593	0.0368093684617	0.0168476986457	0.603902046299
lic-	0.0394736842105	0.736842105263	0.223684210526	0.0
est-	0.0708518438153	0.732044356635	0.0625606706029	0.134543128947
kas-	0.116208958668	0.776052902054	0.0687944247646	0.0389437145131
sul-	0.171657537956	0.544480511335	0.054261828897	0.229600121812
das-	0.345935727788	0.230623818525	0.209829867675	0.213610586011
tab-	0.22242041423	0.658828234446	0.0811323101012	0.0376190412222
lok-	0.971359967142	0.0286400328578	0.0	0.0
naz-	0.00114285714285	0.992	0.00685714285713	0.0
gal-	0.137924407431	0.785105701473	0.0234465086483	0.0535233824472
ida-	0.461988184277	0.115408982515	0.0155649198336	0.407037913374
kar-	0.097524292364	0.270712087879	0.0220843251834	0.609679294574
ark-	0.0544	0.9312	0.0144	0.0
kay-	0.0505076947947	0.129999624511	0.0055344981958	0.813958182499
kus-	0.127976190476	0.866071428571	0.0059523809524	0.0
sah-	0.0516156105749	0.588334032732	0.20121695342	0.158833403273
ist-	0.191950241801	0.49688421931	0.236485809555	0.0746797293332
imo-	0.03001385582	0.0729855754535	0.0789740474961	0.81802652123
ray-	0.144589552239	0.477611940299	0.0503731343283	0.327425373134
taw-	0.0233545562456	0.735110059218	0.0360326016309	0.205502782905
gik-	0.0	1.0	0.0	0.0
jor-	0.0	1.0	0.0	0.0
tuo-	0.00475725786777	0.260795315931	0.722371310076	0.0120761161259
lob-	0.0	0.952053605867	0.0479463941325	0.0
mun-	0.354959109233	0.631120925699	0.0	0.013919965068
tay-	0.113732986552	0.859187730936	0.0	0.0270792825123
imb-	0.492672580023	0.312957963748	0.0323949093714	0.161974546857
kop-	0.0079365079365	0.992063492063	0.0	0.0
kak-	0.191100516488	0.633293603496	0.12554628526	0.0500595947556
are-	0.0301291248207	0.969870875179	0.0	0.0
one-	0.0	1.0	0.0	0.0
nob-	0.0877877487319	0.820040852861	0.0722957930734	0.0198756053338
gog-	0.0	0.962025316456	0.0379746835443	0.0
rak-	0.0591532959598	0.0893098782138	0.800115986855	0.0514208389716
kap-	0.0694026640697	0.755009504394	0.0601211508622	0.115466680674
buh-	0.183512954093	0.56841054469	0.190711354733	0.0573651464847
hoy-	0.141509433962	0.547169811321	0.254716981132	0.0566037735849
ake-	0.0	1.0	0.0	0.0
pri-	0.0757395443727	0.749702482149	0.0953757225433	0.0791822509351
bua-	0.0890249646726	0.598210080075	0.246349505417	0.0664154498352
jas-	0.017094017094	0.982905982906	0.0	0.0
kib-	0.781946403385	0.194358251058	0.0236953455571	0.0
gye-	0.0	1.0	0.0	0.0
gus-	0.699271111471	0.0556274779512	0.0494915985651	0.195609812013
dya-	0.142578702375	0.0472994091602	0.00873833881081	0.801383549654
tik-	0.621676891616	0.104294478528	0.274028629857	0.0
nuw-	0.0	0.318181818182	0.0272727272727	0.654545454545
tru-	0.247661932802	0.750259785244	0.0	0.00207828195359
neg-	0.0200936335988	0.959334312955	0.00908997710419	0.0114820763421
iny-	0.0199830542535	0.0317567523669	0.00902707130051	0.939233122079
run-	0.604005357404	0.0220829907805	0.0221209768689	0.351790674947
sau-	0.0654537386288	0.913911692922	0.00532504992235	0.0153095185267
esm-	0.0377358490566	0.679245283019	0.283018867925	0.0
sag-	0.295457255276	0.220817932515	0.124836055801	0.358888756409
tro-	0.0170126422018	0.981503697141	0.0	0.00148366065714
ser-	0.265752250321	0.526360908701	0.153450492928	0.0544363480498
kit-	0.027003823082	0.0156802979015	0.00506774159715	0.952248137419
gol-	0.181818181818	0.604600219058	0.0295728368017	0.184008762322
luy-	0.522787807044	0.320509026339	0.030186445694	0.126516720923
dup-	0.919970082274	0.0463724756918	0.0336574420344	0.0
tiy-	0.809302325581	0.13488372093	0.0	0.0558139534884
eff-	0.0294117647059	0.911764705882	0.0	0.0588235294118
itu-	0.7007572331	0.116312729894	0.0434382641395	0.139491772866
had-	0.108527131783	0.759689922481	0.100775193798	0.031007751938
kad-	0.0981555808378	0.198564031052	0.0331348679344	0.670145520176
cap-	0.00528750826173	0.980171844018	0.0	0.0145406477198
fen-	0.0	0.934911242604	0.0562130177515	0.00887573964496
ras-	0.216943231441	0.527860262009	0.0670742358079	0.188122270742
gul-	0.124444444444	0.168253968254	0.101587301587	0.605714285714
tir-	0.346666666667	0.60458781362	0.0367025089605	0.0120430107527
man-	0.200404953684	0.252110798418	0.0840456490256	0.463438598872
uko-	0.0144604732249	0.0103485230859	0.00307186282305	0.972119140866
men-	0.111958594388	0.830631980387	0.00980659220921	0.0476028330156
rob-	0.0	1.0	0.0	0.0
iko-	0.217798594848	0.754098360656	0.0140515222483	0.0140515222482
bus-	0.136706301237	0.786808501286	0.0224180751225	0.0540671223543
lub-	0.177219887862	0.7800988826	0.0241241732169	0.0185570563207
daa-	0.289823111482	0.105348014259	0.264655553174	0.340173321085
tap-	0.183206002542	0.550971039648	0.0687449602974	0.197077997513
uru-	0.302907369844	0.282623394185	0.129141311697	0.285327924273
lup-	0.0314539317415	0.91998999875	0.0225028128516	0.0260532566571
bye-	0.0925925925925	0.814814814815	0.0185185185185	0.0740740740741
sol-	0.0229487582521	0.971392643823	0.00377239861678	0.00188619930839
bib-	0.0337711069418	0.898686679175	0.0562851782364	0.0112570356473
dom-	0.114093959732	0.463087248322	0.0	0.422818791946
koo-	0.510204081633	0.408163265306	0.0	0.0816326530612
aby-	0.202247191011	0.460674157303	0.23595505618	0.101123595506
iso-	0.0	0.920792079208	0.0792079207921	0.0
pre-	0.19257086999	0.649071358749	0.108504398827	0.049853372434
pam-	0.417733077007	0.385868774809	0.132904160524	0.0634939876599
laz-	0.0110991765127	0.944862155389	0.0121732903688	0.03186537773
agw-	0.145062381053	0.788115880736	0.049058997674	0.0177627405371
job-	0.0451127819549	0.774436090226	0.135338345865	0.0451127819549
gih-	0.395945325573	0.0684170776134	0.0380588505339	0.497578746279
aqu-	0.00710900473934	0.983412322275	0.0	0.00947867298577
bot-	0.0574712643678	0.850574712644	0.0919540229885	0.0
dob-	0.1652490887	0.309842041312	0.218712029162	0.306196840826
cus-	0.0	1.0	0.0	0.0
mon-	0.316363636364	0.250909090909	0.196363636364	0.236363636364
alo-	0.0	0.943396226415	0.0283018867925	0.0283018867925
ram-	0.0989192159736	0.807657080051	0.0879281919765	0.00549551199854
asy-	0.0532544378698	0.887573964497	0.0414201183432	0.0177514792899
pit-	0.00312114989733	0.00616016427104	0.00221765913758	0.988501026694
mam-	0.725326467655	0.0993157516294	0.101064644075	0.0742931366409
hit-	0.450110864745	0.180155210643	0.0116407982262	0.358093126386
las-	0.422222222222	0.561111111111	0.00666666666668	0.01
apd-	0.050505050505	0.949494949495	0.0	0.0
eti-	0.0	0.902702702703	0.0972972972973	0.0
esp-	0.0112608649752	0.959707217511	0.0285040644685	0.000527853045711
bes-	0.0638966480447	0.765712290503	0.013093575419	0.157297486034
sip-	0.450901803607	0.278557114228	0.186372745491	0.0841683366733
pad-	0.265411502943	0.651476451659	0.0355097653549	0.0476022800433
huk-	0.267509395285	0.650495387769	0.0521580685571	0.0298371483886
di--	0.0197903168807	0.152314760278	0.827894922841	0.0
gah-	0.030128436609	0.853621071581	0.0353025509462	0.0809479408642
arf-	0.0	1.0	0.0	0.0
eud-	0.089552238806	0.910447761194	0.0	0.0
reb-	0.0303797468354	0.913417721519	0.0349367088608	0.0212658227848
dum-	0.359357696567	0.527870062754	0.0328534514581	0.0799187892211
ema-	0.03125	0.96875	0.0	0.0
adr-	0.0582524271844	0.941747572816	0.0	0.0
zeb-	0.0	1.0	0.0	0.0
pis-	0.0386612615618	0.916777010989	0.0372521950812	0.00730953236818
bih-	0.0897887323943	0.825704225352	0.0845070422535	0.0
anf-	0.0	1.0	0.0	0.0
apo-	0.036490197023	0.91030998603	0.0218579893059	0.031341827641
fan-	0.0	1.0	0.0	0.0
pum-	0.13611615245	0.504537205082	0.2722323049	0.087114337568
kuo-	0.591853262416	0.133451528881	0.0334887385909	0.241206470112
amb-	0.232771822358	0.551301684533	0.0367534456355	0.179173047473
way-	0.0398891966758	0.0626038781163	0.897506925208	0.0
atu-	0.0291495940519	0.120348979071	0.0180609970761	0.832440429801
aro-	0.0423529411764	0.894117647059	0.0494117647059	0.0141176470588
awa-	0.345345345345	0.632132132132	0.0045045045045	0.018018018018
ima-	0.0597166963159	0.0396881051329	0.011662840566	0.888932357985
igl-	0.010699675789	0.981134782161	0.0036604154015	0.004505126648
ebi-	0.26160815402	0.690826727067	0.0339750849377	0.0135900339751
kuy-	0.089552238806	0.701492537314	0.126865671642	0.0820895522388
300-	0.0430107526882	0.164874551971	0.204301075269	0.587813620072
bau-	0.0349854227405	0.930029154519	0.0233236151603	0.0116618075802
cle-	0.0130718954248	0.960784313726	0.0261437908497	0.0
tis-	0.116883116883	0.844155844156	0.038961038961	0.0
isu-	0.763478284585	0.144413774725	0.0323551972962	0.0597527433937
bul-	0.283470113869	0.402026592278	0.284837816821	0.0296654770327
ilo-	0.0757363253857	0.823281907433	0.0631136044881	0.0378681626929
ihi-	0.383369666771	0.444721270632	0.0691373403923	0.102771722205
dav-	0.00696108638594	0.97797557914	0.00445053064019	0.0106128038343
ebe-	0.0	1.0	0.0	0.0
gis-	0.459710614943	0.339622053137	0.105806411376	0.0948609205438
jop-	0.0123287671233	0.980821917808	0.00410958904111	0.00273972602741
tan-	0.046861925953	0.0788895010614	0.00749684906115	0.866751723924
hub-	0.226315789474	0.389473684211	0.313157894737	0.071052631579
aha-	0.0	0.971698113208	0.0	0.0283018867925
bil-	0.109070821855	0.11623335629	0.165274908173	0.609420913682
kup-	0.0	1.0	0.0	0.0
aga-	0.0320521297328	0.816941117326	0.0277616871702	0.123245065771
ipi-	0.909556313993	0.0682593856655	0.0221843003413	0.0
pob-	0.012539184953	0.0846394984326	0.902821316614	0.0
pia-	0.125	0.0117924528302	0.86320754717	0.0
mau-	0.515700090836	0.210945745428	0.175211589531	0.0981425742047
ngu-	0.418181818182	0.545454545455	0.0363636363636	0.0
isi-	0.0856057266404	0.782415299286	0.0596924280419	0.0722865460313
buw-	0.0281647180087	0.964950573145	0.00250353048966	0.00438117835691
boa-	0.0273224043716	0.96174863388	0.0109289617487	0.0
wal-	0.12081185567	0.36469072165	0.138530927835	0.375966494845
ton-	0.398148148148	0.435185185185	0.0833333333333	0.0833333333333
asi-	0.00438142116933	0.995618578831	0.0	0.0
ant-	0.0524958207278	0.603992282591	0.0100718725815	0.3334400241
pa--	0.132352941176	0.397058823529	0.0735294117648	0.397058823529
ori-	0.0681529415462	0.851841431421	0.0237053709726	0.0563002560599
nak-	0.768860846157	0.11016138895	0.0333671723336	0.0876105925595
000-	0.042943961964	0.107839190199	0.0246927781293	0.824524069707
gar-	0.120718730509	0.689773094782	0.146008967347	0.0434992073621
pih-	0.0744210252407	0.307311995836	0.383294301327	0.234972677596
aya-	0.456069693188	0.497392583018	0.0360161514585	0.0105215723362
rum-	0.108694342351	0.147255528107	0.0567572452853	0.687292884256
sar-	0.165396589378	0.149935840842	0.299943168211	0.384724401568
lao-	0.0846065125686	0.867520894886	0.0151675540739	0.0327050384719
uma-	0.116044510507	0.751363115574	0.113740377627	0.0188519962917
yaw-	0.0254066615027	0.825406661503	0.128737412858	0.0204492641363
saf-	0.185185185185	0.574074074074	0.0185185185185	0.222222222222
kah-	0.124305910089	0.7638277664	0.0560809461002	0.0557853774108
teu-	0.27397260274	0.698630136986	0.0	0.027397260274
noe-	0.0	1.0	0.0	0.0
put-	0.045044141252	0.0965088282504	0.842696629213	0.0157504012841
nap-	0.373611902424	0.189197346572	0.0714703684275	0.365720382577
gaz-	0.0	1.0	0.0	0.0
art-	0.0110584518167	0.979462875197	0.0	0.00947867298577
nab-	0.753310281253	0.147103424332	0.0409954947624	0.058590799653
bal-	0.161192226311	0.658661591111	0.0895884759675	0.0905577066101
han-	0.238789719398	0.554055589184	0.145728571515	0.0614261199031
dec-	0.0	0.746223564955	0.0	0.253776435045
ayo-	0.507042253521	0.239436619718	0.0	0.25352112676
sad-	0.0111796453354	0.979568234387	0.00925212027755	0.0
pub-	0.0	0.919540229885	0.0114942528736	0.0689655172414
gub-	0.766917293233	0.157894736842	0.0263157894737	0.0488721804512
cau-	0.0	1.0	0.0	0.0
top-	0.0	1.0	0.0	0.0
kub-	0.130851291219	0.111625828265	0.666987933078	0.0905349474379
ags-	0.0881303020667	0.902646759345	0.0015371564314	0.00768578215699
tun-	0.0688558112666	0.0887397149943	0.00508901535411	0.837315458385
isc-	0.0	1.0	0.0	0.0
lut-	0.102857142857	0.562857142857	0.317142857143	0.0171428571429
sop-	0.0714285714286	0.857142857143	0.0714285714286	0.0
tas-	0.11155378486	0.864541832669	0.0239043824701	0.0
amp-	0.0	1.0	0.0	0.0
set-	0.0442477876106	0.955752212389	0.0	0.0
kaa-	0.0839475042796	0.494713800505	0.0709224791457	0.350416216069
hag-	0.174568965517	0.747844827586	0.0387931034482	0.0387931034483
huy-	0.672149744753	0.239931934203	0.0638116846284	0.0241066364152
tya-	0.573913043478	0.426086956522	0.0	0.0
clo-	0.037037037037	0.925925925926	0.0	0.037037037037
rom-	0.0461015241214	0.629676281648	0.311626149389	0.0125960448419
tug-	0.700100289428	0.117778923957	0.0296660432483	0.152454743367
ugu-	0.473684210526	0.175438596491	0.19298245614	0.157894736842
sib-	0.322033898305	0.35593220339	0.322033898305	0.0
agt-	0.640630730091	0.311311911312	0.00321722902745	0.0448401295701
hen-	0.0454002389486	0.821983273596	0.0394265232975	0.0931899641577
sit-	0.473484848485	0.435606060606	0.0227272727273	0.0681818181818
era-	0.0	1.0	0.0	0.0
abt-	0.0	0.0121317157712	0.894280762565	0.0935875216638
mot-	0.217543859649	0.677192982456	0.105263157895	0.0
jes-	0.016138935984	0.712731583691	0.00260298236276	0.268526497962
bla-	0.230769230769	0.751479289941	0.0177514792899	0.0
dua-	0.566037735849	0.245283018868	0.0377358490566	0.150943396226
pah-	0.321514577035	0.529128452119	0.0596915509556	0.0896654198903
huw-	0.410313279734	0.539783753812	0.0499029664541	0.0
uno-	0.159420289855	0.565217391304	0.246376811594	0.0289855072464
raa-	0.379799173066	0.0317886484455	0.0103098319283	0.578102346561
kwa-	0.109655485041	0.829057116954	0.0334542157752	0.0278331822303
mak-	0.570698812108	0.239208605677	0.106509112185	0.0835834700301
uto-	0.307228915663	0.448795180723	0.225903614458	0.0180722891566
hiw-	0.667519181586	0.332480818414	0.0	0.0
sam-	0.117033053671	0.17332221371	0.0161909847784	0.693453747841
buy-	0.658667972576	0.19833496572	0.11361410382	0.0293829578844
hup-	0.677894736842	0.151578947368	0.0568421052631	0.113684210526
akt-	0.333333333333	0.666666666667	0.0	0.0
miy-	0.185950413223	0.272727272727	0.359504132231	0.181818181818
ulo-	0.0572869753198	0.88848856062	0.0310754818951	0.0231489821654
144-	0.011811023622	0.0905511811023	0.0	0.897637795276
rut-	0.0	1.0	0.0	0.0
bag-	0.130348446706	0.33425970217	0.449165957971	0.0862258931528
qui-	0.0333333333333	0.933333333333	0.0333333333333	0.0
pie-	0.8125	0.1875	0.0	0.0
ruf-	0.0	1.0	0.0	0.0
emb-	0.236363636364	0.718181818182	0.0181818181818	0.0272727272727
lib-	0.0406594966197	0.677791014934	0.0452161643442	0.236333324102
nay-	0.0588002375767	0.375569194219	0.0176202732132	0.548010294991
may-	0.17628978727	0.131192239396	0.201879657347	0.490638315987
uta-	0.708853547281	0.259692501104	0.00410268934118	0.0273512622745
ing-	0.317720713783	0.265124376444	0.148649101075	0.268505808698
uya-	0.0608108108108	0.939189189189	0.0	0.0
des-	0.427130044843	0.431614349776	0.0605381165919	0.0807174887892
sum-	0.169975695212	0.722830718727	0.0178340330166	0.0893595530444
dar-	0.188321299612	0.129860883909	0.0729682395863	0.608849576893
gam-	0.15494038013	0.235627267941	0.510014579449	0.0994177724808
tic-	0.195652173913	0.782608695652	0.0217391304348	0.0
ara-	0.114872613554	0.732722136781	0.0857563867519	0.0666488629133
gad-	0.0	1.0	0.0	0.0
sem-	0.0308250226654	0.903898458749	0.0	0.0652765185857
cla-	0.0	1.0	0.0	0.0
kud-	0.463414634146	0.512195121951	0.0243902439024	0.0
amo-	0.394121010094	0.0455045931663	0.0276886002607	0.532685796479
heb-	0.00194552529183	0.953307392996	0.0369649805448	0.00778210116731
gwa-	0.0663202177679	0.501361049245	0.0936649344221	0.338653798565
lik-	0.216206955628	0.369967449032	0.155902004454	0.257923590886
ath-	0.329787234043	0.063829787234	0.063829787234	0.542553191489
rub-	0.0	1.0	0.0	0.0
hun-	0.246978851964	0.499244712991	0.0430513595166	0.210725075529
ose-	0.0	0.964285714286	0.0357142857143	0.0
pag-	0.364701986099	0.436937484478	0.0538941851303	0.144466344292
sut-	0.0508474576271	0.338983050847	0.610169491525	0.0
buk-	0.0859654447892	0.281047724974	0.039256437675	0.593730392562
suh-	0.330365762094	0.559779603424	0.0713654194814	0.0384892150012
ago-	0.1640625	0.8125	0.0234375	0.0
fes-	0.0013986013986	0.995804195804	0.0	0.0027972027972
dos-	0.0380348652932	0.467511885895	0.342313787639	0.152139461173
eun-	0.206896551724	0.793103448276	0.0	0.0
kro-	0.326323382532	0.627843746532	0.00599267561869	0.0398401953168
