-u-u	0.630952380952	0.369047619048	0.0	0.0
-eus	0.00310886581913	0.942485982346	0.0186531949148	0.03575195692
-eum	0.0	1.0	0.0	0.0
-hem	0.0191101821439	0.90743505524	0.010749477456	0.0627052851598
-rba	0.0	1.0	0.0	0.0
-hei	0.657142857143	0.255462184874	0.0672268907563	0.0201680672269
-rbe	0.027397260274	0.972602739726	0.0	0.0
-lel	0.0	1.0	0.0	0.0
-lem	0.0171129104366	0.946823307337	0.00104316725449	0.0350206149719
-aut	0.0	0.334770114943	0.300287356322	0.364942528736
-oya	0.166608543137	0.414408380784	0.143965151655	0.275017924424
-aua	0.0413914067771	0.840426070138	0.0165142185607	0.101668304524
-bta	0.0	1.0	0.0	0.0
-zii	0.174470814625	0.728030788967	0.0076972418217	0.0898011545863
-tga	0.0	0.980769230769	0.0192307692308	0.0
-zib	0.0	1.0	0.0	0.0
-nsa	0.0769230769231	0.730769230769	0.192307692308	0.0
-zia	0.195918367347	0.47619047619	0.0299319727891	0.297959183673
-uaa	0.650135869565	0.186820652174	0.0407608695652	0.122282608696
-naŋ	0.175290631411	0.759744700251	0.0173239115568	0.0476407567814
-ŋia	0.478503629257	0.268006700168	0.198771635958	0.0547180346175
-uae	0.0559098004052	0.886885191458	0.016273122779	0.0409318853575
-nto	0.362756470023	0.221858478166	0.0721930364057	0.343192015404
-pus	0.0	1.0	0.0	0.0
-kiŋ	0.0461285787667	0.827894779529	0.0165589769932	0.109417664711
-kia	0.020190023753	0.938836104513	0.0329572446556	0.00801662707839
-siŋ	0.631566750275	0.0896890978964	0.00975917967056	0.268984972158
-apa	0.0685295681455	0.345129083712	0.469663850653	0.116677497489
-lef	0.0	1.0	0.0	0.0
-aju	0.381766489765	0.435344958302	0.0953904473086	0.0874981046247
-sis	0.0157894736842	0.952631578947	0.0315789473684	0.0
-opo	0.171599315782	0.640094253612	0.0409434478327	0.147362982773
-sma	0.0	1.0	0.0	0.0
-ŋuŋ	0.338251930337	0.248154345553	0.0196163887688	0.393977335341
-opa	0.245520910262	0.502017950049	0.053418054971	0.199043084718
-815	0.0	0.0	0.0	1.0
-ims	0.00175644028103	0.981850117096	0.00117096018735	0.0152224824356
-dek	0.0305528612997	0.960717749757	0.00872938894279	0.0
-403	0.0	0.75	0.0	0.25
-den	0.0	1.0	0.0	0.0
-400	0.088018681516	0.141907670199	0.0111370576612	0.758936590623
-ima	0.580452443881	0.04579346492	0.00785701365315	0.365897077545
-beŋ	0.106951574569	0.670117482843	0.0674358809651	0.155495061623
-oko	0.163658845874	0.567036428885	0.208363100739	0.0609416245019
-des	0.0	1.0	0.0	0.0
-det	0.0	1.0	0.0	0.0
-kim	0.0	1.0	0.0	0.0
-950	0.0	0.0	0.0	1.0
-840	0.0	0.111111111111	0.0	0.888888888889
-oim	0.0	1.0	0.0	0.0
-yaŋ	0.227468425384	0.252827503409	0.0484203747212	0.471283696486
-mre	0.0645161290324	0.935483870968	0.0	0.0
-lak	0.0546448087432	0.945355191257	0.0	0.0
-sik	0.236641221374	0.653944020356	0.0445292620865	0.0648854961832
-goŋ	0.386801437414	0.185071672472	0.0419901516542	0.38613673846
-oil	0.00974025974026	0.914502164502	0.0714285714286	0.004329004329
-obo	0.415285451197	0.324914496185	0.169034464615	0.0907655880032
-idi	0.0849999999999	0.835	0.06	0.02
-rpa	0.0	1.0	0.0	0.0
-oba	0.207130534363	0.666659230506	0.00817977661774	0.118030458514
-wae	0.450182260024	0.344775212637	0.0440461725395	0.1609963548
-ida	0.02394106814	0.944751381215	0.0	0.0313075506446
-bia	0.0527412423493	0.756201979424	0.0201035291053	0.170953249121
-bim	0.25	0.75	0.0	0.0
-moŋ	0.0661229360442	0.155223302853	0.0177849224152	0.760868838688
-rat	0.0	0.75	0.1	0.15
-obu	0.511501804361	0.134985324234	0.00554448457823	0.347968386827
-eja	0.248288369319	0.383610008819	0.0236858195213	0.34441580234
-ter	0.247912317328	0.681628392484	0.0156576200417	0.0548016701461
-uta	0.106766529656	0.548136515633	0.103167625615	0.241929329096
-eje	0.242296918767	0.686274509804	0.0378151260504	0.0336134453781
-ria	0.0877260744513	0.781668722883	0.0546567868272	0.0759484158383
-eji	0.477950064938	0.212733455528	0.0383079172009	0.271008562334
-ril	0.0	0.854932301741	0.145067698259	0.0
-uti	0.425915780214	0.262623977958	0.0625261616492	0.248934080179
-uuz	0.0	1.0	0.0	0.0
-uto	0.343741779233	0.253691642283	0.0810627401121	0.321503838372
-rii	0.407051198963	0.441114711601	0.112430330525	0.0394037589112
-maŋ	0.129521504147	0.511348975771	0.0665635354295	0.292565984653
-eju	0.467556706536	0.26168658143	0.0692911061086	0.201465605926
-utu	0.00844729980326	0.931849557268	0.00540192133342	0.0543012215956
-juŋ	0.151853385794	0.679995858356	0.163802029406	0.00434872644441
-tel	0.031914893617	0.936170212766	0.0	0.031914893617
-ten	0.120378897513	0.623733719247	0.133535061176	0.122352322063
-ami	0.0	1.0	0.0	0.0
-reŋ	0.288571295541	0.414025664433	0.0582136364687	0.239189403557
-luz	0.0	1.0	0.0	0.0
-ara	0.285012537816	0.497122042605	0.0628632585949	0.155002160984
-mes	0.0546318289786	0.938242280285	0.00712589073634	0.0
-eri	0.363095705425	0.286252649761	0.0572151998116	0.293436445003
-aro	0.465673878649	0.101713493132	0.0430908016765	0.389521826543
-ari	0.352948517141	0.486444956202	0.0299904079262	0.130616118731
-jia	0.103682719547	0.814730878187	0.0336166194523	0.047969782814
-aru	0.148225602324	0.847459241859	0.00431515581728	0.0
-oja	0.765323132884	0.0602661043898	0.0219361980451	0.152474564681
-133	0.0	0.75	0.0	0.25
-lun	0.0	0.987546699875	0.0124533001245	0.0
-jeŋ	0.197747128827	0.0624137211793	0.0164499129773	0.723389237016
-mel	0.0384751683288	0.956462309523	0.0	0.00506252214854
-men	0.0610508140109	0.924148988653	0.00740009866797	0.00740009866796
-mek	0.0221402214022	0.977859778598	0.0	0.0
-aya	0.189083578562	0.32430049737	0.167464591972	0.319151332096
-tya	0.0257975034674	0.802773925104	0.171428571429	0.0
-ayo	0.480505216914	0.227896760022	0.235584843493	0.0560131795717
-ila	0.0730036271518	0.849271690944	0.0114571938511	0.0662674880535
-ziŋ	0.239395212096	0.603107937841	0.109197816044	0.0482990340193
-ali	0.0552593253782	0.799469134643	0.0497862444799	0.0954852954993
-auŋ	0.452046657581	0.148734307205	0.0745237296341	0.324695305581
-yus	0.0392156862745	0.960784313725	0.0	0.0
-zin	0.0	0.983387986787	0.0166120132126	0.0
-ruŋ	0.427850744063	0.252680908743	0.0877111498695	0.231757197324
-ubu	0.383896785922	0.16921251294	0.098846163557	0.348044537582
-ojo	0.257312371917	0.116496367102	0.0844810043136	0.541710256667
-euŋ	0.299466012412	0.512339442921	0.16798960889	0.0202049357772
-ubo	0.481849341925	0.303851283406	0.0790438483707	0.135255526299
-uba	0.344476093827	0.414527699948	0.023169574329	0.217826631896
-ŋna	0.164123650054	0.699322388741	0.055559384679	0.0809945765253
-ipi	0.0	1.0	0.0	0.0
-ube	0.327863870633	0.0666657351989	0.0391787015222	0.566291692646
-umu	0.12814090652	0.651773450755	0.166356952412	0.0537286903127
-ota	0.28465116719	0.311825760945	0.143166390171	0.260356681694
-nue	0.737373737374	0.171717171717	0.0909090909092	0.0
-ndo	0.132719594695	0.711869903247	0.0712609953256	0.0841495067323
-oti	0.500196047914	0.229055996837	0.0332752621665	0.237472693082
-ijo	0.453987730061	0.165644171779	0.0	0.380368098159
-oam	0.0111111111111	0.933333333333	0.0	0.0555555555555
-oto	0.23579771861	0.177364063427	0.0616810409736	0.525157176989
-iju	0.650906025098	0.187079825515	0.0614777434293	0.100536405958
-962	0.0	0.0	0.0	1.0
-uma	0.393656644185	0.111500636938	0.0132509608575	0.48159175802
-969	0.0	0.0	0.0	1.0
-ako	0.12847915748	0.798176441597	0.0505823454645	0.022762055459
-two	0.0363381907018	0.876597468603	0.00184146236665	0.0852228783285
ALL	0.226968785321	0.263487835947	0.0492163337849	0.460327044948
-nai	0.0840765514679	0.890839836492	0.0167224080268	0.00836120401337
-nan	0.00538438528267	0.910260245289	0.0807657792402	0.00358959018846
-aki	0.128981393882	0.79848628193	0.0346893724377	0.0378429517503
-nam	0.0	1.0	0.0	0.0
-ŋiŋ	0.482085258478	0.489437131317	0.0203411501468	0.00813646005871
-oŋa	0.227753886988	0.354282991672	0.0870942035211	0.330868917819
-ake	0.134038275374	0.642936927545	0.0793059795964	0.143718817485
-naa	0.189496365995	0.169949887397	0.0462511098925	0.594302636716
-kin	0.0	1.0	0.0	0.0
-aka	0.274624230684	0.335924282176	0.158701746643	0.230749740496
-aul	0.0	1.0	0.0	0.0
-kis	0.0390590165689	0.942927464374	0.00267527510746	0.0153382439494
-kir	0.0	1.0	0.0	0.0
-sii	0.0261968359997	0.942430523314	0.0164808517641	0.0148917889219
-sin	0.46017699115	0.48598820059	0.0383480825959	0.0154867256637
-nar	0.0	1.0	0.0	0.0
-nas	0.0754026354319	0.906661786237	0.0179355783309	0.0
-sia	0.0966427190776	0.601790333247	0.0771239693483	0.224442978327
-ala	0.213245860648	0.126457882752	0.124909523289	0.535386733311
-oab	0.0	1.0	0.0	0.0
-nat	0.0430579964851	0.81985940246	0.137082601055	0.0
-nti	0.0	1.0	0.0	0.0
-mou	0.152689273229	0.687029169238	0.126538071737	0.0337434857965
-mos	0.0323886639676	0.951417004049	0.0161943319838	0.0
-mor	0.018691588785	0.956386292835	0.0249221183801	0.0
-goo	0.109181886009	0.0797596263017	0.220950789892	0.590107697797
-gon	0.156818181818	0.477272727273	0.365909090909	0.0
-amu	0.203915108212	0.445995901404	0.274598898839	0.0754900915447
-gog	0.0	0.977777777778	0.0222222222222	0.0
-365	0.0	0.0	0.0	1.0
-las	0.00941465411381	0.989357347524	0.00122799836267	0.0
-lki	0.0	1.0	0.0	0.0
-mon	0.00239772216395	0.994305409861	0.000899145811478	0.00239772216394
-lka	0.0	1.0	0.0	0.0
-gou	0.339930151339	0.413271245634	0.034924330617	0.21187427241
-biŋ	0.220168429139	0.620039226413	0.0874388178533	0.0723535265942
-3-6	0.037147102526	0.151560178306	0.338781575037	0.472511144131
-sak	0.0566275167785	0.938338926174	0.0	0.00503355704698
-pur	0.0268817204301	0.68458781362	0.28853046595	0.0
-ber	0.0481347773766	0.951865222623	0.0	0.0
-601	0.444444444444	0.555555555556	0.0	0.0
-ftu	0.0	1.0	0.0	0.0
-deŋ	0.565659267184	0.378175982883	0.0	0.0561647499331
-mfa	0.0	1.0	0.0	0.0
-bet	0.0149253731343	0.985074626866	0.0	0.0
-600	0.0	0.0	0.0	1.0
-eon	0.014652014652	0.978021978022	0.00732600732601	0.0
-azo	0.0	1.0	0.0	0.0
-yaa	0.165107376788	0.464464602914	0.120504883351	0.249923136948
-bel	0.141925353304	0.785602125861	0.0289890083343	0.0434835125015
-bea	0.0	0.822115384615	0.177884615385	0.0
-yai	0.25	0.75	0.0	0.0
-bed	0.167300380228	0.832699619772	0.0	0.0
-poo	0.75	0.15	0.0333333333333	0.0666666666667
-iso	0.186375321337	0.625642673522	0.0433804627249	0.144601542416
-nab	0.0	1.0	0.0	0.0
-upu	0.0	1.0	0.0	0.0
-jiŋ	0.357944642	0.454397189379	0.120380052241	0.0672781163795
-isi	0.313531973025	0.506869964376	0.0912515454657	0.088346517133
-rea	0.0617768409723	0.877119024128	0.0187236523455	0.0423804825545
-lya	0.165930548239	0.71250861056	0.113051582317	0.00850925888407
-isa	0.185915492958	0.483802816901	0.232394366197	0.0978873239436
--ii	0.0	1.0	0.0	0.0
-rez	0.0	1.0	0.0	0.0
-upe	0.0350877192982	0.964912280702	0.0	0.0
-res	0.026525198939	0.973474801061	0.0	0.0
-ist	0.00504136003365	0.984428461908	0.00193898462833	0.00859119343013
-meŋ	0.101321429053	0.0468292711172	0.00599492998896	0.845854369841
-reu	0.0	1.0	0.0	0.0
-haa	0.667699457785	0.114639814098	0.0232378001549	0.194422927963
-hab	0.00492610837437	0.995073891626	0.0	0.0
-bwo	0.0	0.263157894737	0.0	0.736842105263
-eqe	0.126570139886	0.751885280226	0.0628503216928	0.0586942581946
-juu	0.0159574468085	0.979843225084	0.00419932810751	0.0
-hai	0.15332197615	0.642248722317	0.0	0.204429301533
-mas	0.0234907211651	0.948320413437	0.0	0.0281888653982
-mar	0.0	1.0	0.0	0.0
-ŋga	0.191788340672	0.329491676906	0.0863017657591	0.392418216663
-ham	0.00297988577105	0.991060342687	0.000744971442761	0.00521480009933
-ebu	0.364906723466	0.375412893794	0.0852542024015	0.174426180338
-har	0.0	1.0	0.0	0.0
-jua	0.163056321386	0.194302218721	0.274386241302	0.36825521859
-hat	0.0	1.0	0.0	0.0
-man	0.307537288217	0.411896027417	0.0584664768065	0.222100207559
-maa	0.241603830042	0.341998803112	0.371753441053	0.0446439257929
-haz	0.0	1.0	0.0	0.0
-teŋ	0.636079078361	0.168100842425	0.0527772912441	0.14304278797
-kii	0.334493703287	0.623528207228	0.0358349544384	0.00614313504658
-geŋ	0.212479914799	0.193291528673	0.0855321690928	0.508696387435
-uno	0.555229425971	0.30510867546	0.0831878134869	0.0564740850826
-uni	0.36347826087	0.56347826087	0.0313043478261	0.0417391304348
-had	0.0	1.0	0.0	0.0
-une	0.0635046636237	0.801547926176	0.0535820599325	0.0813653502679
-una	0.136916320417	0.63834757578	0.0467175377886	0.178018566015
-782	0.0	0.0	0.0	1.0
-boŋ	0.269286396195	0.350913799313	0.136152381824	0.243647422669
-luu	0.284974987062	0.558047265827	0.100051750906	0.056925996205
-unu	0.358607029343	0.610990833295	0.00621861900594	0.0241835183564
-doŋ	0.176173796471	0.648404604662	0.0370628274114	0.138358771456
-laa	0.200909285006	0.222498524296	0.423558519523	0.153033671175
-ade	0.0377121307354	0.911376492772	0.0377121307354	0.0131992457574
-tra	0.00344827586207	0.996551724138	0.0	0.0
-500	0.139203446942	0.0742970778323	0.0309340993206	0.755565375905
-gaa	0.0938558337936	0.538604899348	0.217903825663	0.149635441196
-ada	0.138089755152	0.149256081325	0.53882761244	0.173826551083
-ouŋ	0.147727272727	0.834330143541	0.017942583732	0.0
-ado	0.154522613065	0.78391959799	0.00879396984925	0.0527638190955
-tri	0.0487275079956	0.741389455885	0.057271319091	0.152611717028
-gai	0.0	1.0	0.0	0.0
-laŋ	0.203147453729	0.297561524271	0.0850197752778	0.414271246721
-147	0.0	0.0	0.0	1.0
-uŋa	0.221822437572	0.559398523292	0.0452570562139	0.173521982922
-noŋ	0.109407624883	0.30774822941	0.0334262533975	0.54941789231
-gas	0.0	1.0	0.0	0.0
-gar	0.0133928571429	0.966517857143	0.00669642857142	0.0133928571429
-aaŋ	0.300857751934	0.121771408649	0.0369965986947	0.540374240723
-ben	0.0	1.0	0.0	0.0
-137	0.0	0.0	0.0	1.0
-oqa	0.161879895561	0.806788511749	0.0313315926893	0.0
-ini	0.00937988535695	0.984366857738	0.00625325690463	0.0
-sel	0.272162009252	0.577188467213	0.0165015586346	0.1341479649
-sek	0.0	1.0	0.0	0.0
-loŋ	0.197637154444	0.486437427627	0.0801217522397	0.235803665689
-sei	0.251509054326	0.446680080483	0.289738430584	0.0120724346077
-ino	0.307322287547	0.599679315874	0.0577231427044	0.035275253875
-sef	0.00368188512518	0.987481590574	0.0	0.00883652430045
-see	0.261275687216	0.519081932212	0.0867360555111	0.13290632506
-sed	0.0	1.0	0.0	0.0
-sea	0.302931596091	0.490228013029	0.0309446254072	0.175895765472
-zaŋ	0.262631770265	0.13395129044	0.0218102508179	0.581606688477
-800	0.0	0.306057142857	0.0	0.693942857143
-807	0.0	0.0	0.0	1.0
-aas	0.226801451529	0.641653706584	0.124740798341	0.00680404354588
-seu	0.0	1.0	0.0	0.0
-oul	0.0160331981515	0.757969442611	0.213265113647	0.0127322455909
-ses	0.0245968398762	0.93598305913	0.00390943150351	0.0355106694902
-ser	0.0	1.0	0.0	0.0
-roŋ	0.279285928979	0.244040345359	0.0669947614595	0.409678964202
-ooa	0.0411240575736	0.958875942426	0.0	0.0
-105	0.0	0.333333333333	0.0	0.666666666667
-kuu	0.403272798966	0.271594120353	0.106464544678	0.218668536003
-eda	0.191209375831	0.119138149556	0.0334851116431	0.656167362969
-iaa	0.159698746107	0.377247413817	0.157533671016	0.30552016906
-ood	0.0	1.0	0.0	0.0
-oog	0.0	1.0	0.0	0.0
-uja	0.285405008015	0.170926889195	0.339132786559	0.204535316232
-iam	0.0	1.0	0.0	0.0
-edi	0.0	1.0	0.0	0.0
-oom	0.112833101038	0.544174242267	0.168375943916	0.174616712779
-nes	0.0393959290873	0.960604070913	0.0	0.0
-182	0.0	0.0	0.0	1.0
-iat	0.0	1.0	0.0	0.0
-oos	0.0907361471175	0.846466605741	0.0154708394726	0.0473264076692
-nok	0.0301003344481	0.969899665552	0.0	0.0
-iap	0.110036275695	0.830713422007	0.0507859733978	0.00846432889963
-ias	0.0	0.998871149815	0.00064505724883	0.000483792936625
-edu	0.364365971108	0.309256286784	0.0310326377742	0.295345104334
-saŋ	0.321949369275	0.389434469602	0.12447377019	0.164142390933
-kum	0.173913043478	0.739130434783	0.0	0.0869565217392
-edy	0.12315270936	0.669950738916	0.177339901478	0.0295566502463
-nea	0.0	1.0	0.0	0.0
-uum	0.0	0.824817518248	0.0	0.175182481752
-bao	0.295045198407	0.562960235129	0.052028543437	0.0899660230266
-eka	0.0237154150198	0.85256916996	0.12371541502	0.0
-aak	0.0429511603741	0.957048839626	0.0	0.0
-uuk	0.188775510204	0.770408163265	0.0	0.0408163265306
-rek	0.0	1.0	0.0	0.0
-uud	0.0	1.0	0.0	0.0
-noo	0.0325616324348	0.0257546792302	0.00399687824086	0.937686810094
-hon	0.0	1.0	0.0	0.0
-baa	0.207130352226	0.44654518348	0.0525956176059	0.293728846688
-hor	0.0	1.0	0.0	0.0
-jon	0.00895826628044	0.966500375496	0.00447019275472	0.0200711654687
-eku	0.314473125383	0.590675286678	0.056155915247	0.0386956726912
-aad	0.0933656522129	0.684890923781	0.136158242811	0.0855851811952
-uut	0.0	1.0	0.0	0.0
-bat	0.00490730643402	0.959105779717	0.0	0.0359869138495
-bas	0.00558534405719	0.985105749181	0.00167560321716	0.00763330354483
-uus	0.0	1.0	0.0	0.0
-uur	0.0	1.0	0.0	0.0
-2-2	0.0	1.0	0.0	0.0
-ase	0.111742424242	0.850378787879	0.0378787878788	0.0
-mbu	0.493649646524	0.257677585861	0.0473216130011	0.201351154614
-asa	0.184706785488	0.528186642635	0.0421714896032	0.244935082274
-aso	0.0575848428467	0.855138129714	0.0215943160675	0.065682711372
-yer	0.0816326530612	0.918367346939	0.0	0.0
-asi	0.0867100922087	0.688478132138	0.112300143812	0.112511631842
-930	0.0	0.0	0.0	1.0
-yei	0.0830377137353	0.389780645233	0.0815818577152	0.445599783317
-mba	0.0796266248777	0.334067855884	0.0168467499729	0.569458769266
-asu	0.130232219174	0.784136635034	0.050649911766	0.0349812340255
-mbe	0.222913966836	0.198626020085	0.0427648626112	0.535695150468
-mbi	0.169689641274	0.796049979847	0.00906892382104	0.0251914550584
-lta	0.161038961039	0.716883116883	0.101298701299	0.0207792207792
-zor	0.0	1.0	0.0	0.0
-mbo	0.116995833463	0.15716486116	0.119999578676	0.605839726701
-ery	0.135287485908	0.830890642616	0.0338218714769	0.0
-iwu	0.545393001942	0.320161707854	0.0664522900971	0.0679930001075
-dia	0.0375981468994	0.927874456412	0.0112927951577	0.0232346015314
-430	0.0721649484536	0.0309278350515	0.0	0.896907216495
-rar	0.0	1.0	0.0	0.0
-ras	0.0	1.0	0.0	0.0
-ran	0.0774907749078	0.916974169742	0.00553505535055	0.0
-rao	0.0462419260129	0.94495008808	0.0022019964768	0.00660598943042
-iwa	0.379943136199	0.454961885225	0.096907821744	0.0681871568321
-ram	0.0797770822201	0.792961294755	0.0400793953737	0.087182227651
-red	0.0476941834612	0.920838413541	0.0010758086495	0.0303915943484
-iwe	0.11199265945	0.486308230093	0.0486892337623	0.353009876695
-ero	0.437348199632	0.0454525832023	0.0191326440974	0.498066573068
-era	0.166204312667	0.718044617464	0.0100606580301	0.105690411838
-iwi	0.0762108262108	0.633190883191	0.162393162393	0.128205128205
-rae	0.107488355428	0.724113221068	0.139734862057	0.0286635614475
-iwo	0.0626606903429	0.0532483003198	0.0130460205331	0.871044988804
-ere	0.171878888819	0.540629031759	0.0420809694922	0.24541110993
-raa	0.29436439038	0.467499175382	0.0592887756946	0.178847658544
-lda	0.0	1.0	0.0	0.0
-azu	0.174006444683	0.684210526316	0.0128893662728	0.128893662728
-swo	0.0312070799384	0.729886303789	0.0119788923655	0.226927723907
-ozo	0.421741977734	0.432220039293	0.110674525213	0.0353634577603
-pou	0.415	0.296875	0.2125	0.075625
-wiŋ	0.255497382199	0.278534031414	0.106806282722	0.359162303665
-luŋ	0.264798081479	0.598979078771	0.0932051008817	0.0430177388685
-azi	0.697210532986	0.10087498287	0.0223244751941	0.17959000895
-uga	0.199962155645	0.54759016698	0.0575749437273	0.194872733648
-lga	0.75	0.0	0.25	0.0
-aza	0.474	0.46	0.018	0.048
-ugi	0.301206535214	0.160170588729	0.0197090744549	0.518913801601
-ike	0.190558434082	0.69142199194	0.0518134715026	0.0662061024755
-boo	0.641843971631	0.241134751773	0.0957446808511	0.0212765957447
-119	0.0	0.0	0.0	1.0
-uju	0.451234901896	0.34092654033	0.0618472336673	0.145991324107
-ika	0.197255574614	0.70611778159	0.0154373927959	0.0811892510006
-iko	0.292995169082	0.535507246377	0.0371980676329	0.134299516908
-lam	0.0	1.0	0.0	0.0
-nor	0.0	1.0	0.0	0.0
-lao	0.0184772566708	0.927449595131	0.0467365904027	0.00733655779578
-gaŋ	0.292452830189	0.679245283019	0.0283018867925	0.0
-110	0.0	0.0	0.0	1.0
-iki	0.245018300122	0.462332248882	0.291632777552	0.00101667344449
-now	0.0357142857143	0.940476190476	0.0238095238095	0.0
-aam	0.00870132695237	0.978246682619	0.0	0.0130519904285
-aal	0.0357142857143	0.928571428571	0.0357142857143	0.0
-iku	0.175732217573	0.606694560669	0.167364016736	0.0502092050209
-fos	0.0	1.0	0.0	0.0
-iks	0.0986126224156	0.630032644179	0.201985854189	0.0693688792165
-non	0.0	0.859375	0.140625	0.0
-out	0.232558139535	0.720930232558	0.0	0.046511627907
-uji	0.584133545473	0.278351042876	0.0343788529127	0.103136558738
--ia	0.46218487395	0.327731092437	0.0756302521008	0.134453781513
-eti	0.450080949246	0.219660405421	0.0366973489299	0.293561296402
-dos	0.048	0.904	0.048	0.0
-gel	0.33905119271	0.64084695792	0.0120611096221	0.00804073974805
-bol	0.0	0.896831245394	0.103168754606	0.0
-aha	0.0695134061569	0.555114200596	0.166832174777	0.208540218471
-boi	0.0687085025463	0.869770515052	0.00894411139045	0.0525768710114
-gee	0.562200956938	0.375598086124	0.0334928229665	0.0287081339713
-bok	0.0968188105117	0.435684647303	0.467496542186	0.0
-bot	0.0	1.0	0.0	0.0
-pya	0.0	0.945454545455	0.0545454545455	0.0
-dod	0.0	1.0	0.0	0.0
-ret	0.0168448331714	0.961127308066	0.00583090379009	0.0161969549725
-don	0.0	1.0	0.0	0.0
-doo	0.298890429958	0.423370319001	0.111650485437	0.166088765603
-180	0.0	0.0	0.0	1.0
-dom	0.0312181879878	0.961429702522	0.00565546883836	0.00169664065151
-gew	0.0	0.78	0.22	0.0
-dok	0.0	1.0	0.0	0.0
-sas	0.00442641992683	0.794675169463	0.0016789868688	0.199219423741
-sar	0.0	1.0	0.0	0.0
-mia	0.0252365930599	0.966351209253	0.00841219768664	0.0
-sau	0.373879946079	0.270597097772	0.0955515026564	0.259971453493
-too	0.0759440788983	0.890839711741	0.00512883636961	0.0280873729914
-ooŋ	0.304296256936	0.113028071128	0.0575096325407	0.525166039395
-tom	0.410256410256	0.589743589744	0.0	0.0
-ŋgo	0.166896374243	0.454173401198	0.0879760884365	0.290954136122
-iaŋ	0.0794093796745	0.217428121905	0.0241753456794	0.678987152741
-fus	0.030303030303	0.893939393939	0.0757575757576	0.0
-lfa	0.0	0.984399375975	0.0156006240249	0.0
-oli	0.134799951824	0.799191430384	0.0190547752885	0.0469538425033
-saa	0.478951764866	0.0864172348816	0.293626279698	0.141004720555
-tou	0.464948453608	0.291237113402	0.121649484536	0.122164948454
-tor	0.117540687161	0.822182037372	0.0361663652803	0.0241109101869
-neŋ	0.368529216377	0.421138508277	0.0446957541947	0.165636521151
-olo	0.570411433498	0.222291326998	0.0226300903031	0.184667149201
-aoŋ	0.245220433755	0.163244678035	0.0277264807	0.563808407511
-ŋgi	0.330333839656	0.111439311751	0.0167645260879	0.541462322504
-kuŋ	0.22741471948	0.65887792078	0.045482943896	0.068224415844
-ole	0.32995951417	0.457085020243	0.191093117409	0.0218623481781
-sam	0.0	1.0	0.0	0.0
-lon	0.00633412509898	0.846925310108	0.0174188440222	0.129321720771
-loo	0.392789667668	0.409762443088	0.058847214049	0.138600675194
-seŋ	0.336836589129	0.485181519113	0.109420943841	0.0685609479169
-iel	0.0	0.997858672377	0.00214132762313	0.0
-ros	0.0	0.454545454545	0.545454545455	0.0
-owe	0.394509680744	0.225088296084	0.0346216254307	0.345780397742
-tis	0.0375670840787	0.944543828265	0.0178890876565	0.0
-der	0.0	1.0	0.0	0.0
-187	0.0	0.0	0.0	1.0
-rod	0.00572737686142	0.955612829324	0.0343642611684	0.00429553264605
-roa	0.203020134228	0.729865771812	0.0	0.0671140939597
-rom	0.0694444444444	0.847222222222	0.0833333333334	0.0
-lot	0.0363636363636	0.961538461538	0.0	0.0020979020979
-roo	0.19212742392	0.217448708708	0.0155060565039	0.574917810868
-los	0.00785340314135	0.992146596859	0.0	0.0
-ewu	0.54431287713	0.225572824968	0.017668643089	0.212445654813
-hak	0.738181818182	0.196363636364	0.0654545454546	0.0
-ipo	0.0	0.963503649635	0.021897810219	0.014598540146
-zoŋ	0.393328161365	0.315748642358	0.170674941815	0.120248254461
-lha	0.0	1.0	0.0	0.0
-ipa	0.0842325095719	0.860772711451	0.0341106856943	0.0208840932823
-mer	0.0	1.0	0.0	0.0
-mat	0.0	1.0	0.0	0.0
-ewe	0.242854651118	0.0961702124474	0.039604062521	0.621371073914
-ewa	0.49414883173	0.283133712939	0.0544865501669	0.168230905164
-ewo	0.286776715899	0.407124239792	0.201251086012	0.104847958297
-ipt	0.00991908117984	0.917340990168	0.0624728095363	0.010267119116
-ipu	0.197826806638	0.739577248575	0.0342506112985	0.0283453334884
-awi	0.0627306273063	0.0507380073801	0.291205412054	0.59532595326
-awo	0.258922901654	0.334618564071	0.243407346391	0.163051187884
-baŋ	0.076548922043	0.369323205349	0.0112583552528	0.542869517355
-uuŋ	0.258383617462	0.364302862141	0.0311187048096	0.346194815587
--uu	0.256959314775	0.325481798715	0.192719486081	0.224839400428
-hoŋ	0.151559100798	0.456852791878	0.217548948513	0.174039158811
-awa	0.622344511233	0.21395220016	0.041667679955	0.122035608652
-awe	0.509744198308	0.243362166082	0.028663970858	0.218229664752
-has	0.0	1.0	0.0	0.0
-830	0.0	0.0	0.0	1.0
-ibu	0.534538973631	0.23188325392	0.0103248802091	0.22325289224
-kad	0.0	1.0	0.0	0.0
-awu	0.674834306089	0.208798115083	0.0545218725979	0.0618457062304
-mpe	0.0404040404041	0.639730639731	0.289562289562	0.030303030303
-ŋoo	0.0351448717499	0.0218840875933	0.00441201761566	0.938559023041
-poŋ	0.0101455309192	0.955140565145	0.00741958817797	0.0272943157581
-sto	0.135135135135	0.814366998578	0.0504978662873	0.0
-ail	0.0151630022744	0.893858984079	0.0	0.0909780136468
-sta	0.0251572327044	0.786163522013	0.188679245283	0.0
-ffa	0.0	1.0	0.0	0.0
-dai	0.0	1.0	0.0	0.0
-209	0.0	0.0	0.0	1.0
-raŋ	0.245246265746	0.277058718082	0.11732877034	0.360366245832
-eya	0.214946682473	0.623431379031	0.0592770681758	0.10234487032
-200	0.0186500888099	0.281527531083	0.0692717584369	0.63055062167
-205	0.0	1.0	0.0	0.0
-207	0.0	1.0	0.0	0.0
-ibi	0.0804597701149	0.919540229885	0.0	0.0
-iok	0.0	1.0	0.0	0.0
-eme	0.192275684569	0.386354122794	0.0696410840359	0.351729108601
-lek	0.0132596685083	0.986740331492	0.0	0.0
-ois	0.0	0.898305084746	0.101694915254	0.0
-ion	0.0394724621529	0.91473948175	0.0388223274821	0.00696572861522
-mum	0.0	1.0	0.0	0.0
-lea	0.0	1.0	0.0	0.0
-sad	0.0	1.0	0.0	0.0
-led	0.0	1.0	0.0	0.0
-lee	0.138469846401	0.207130236555	0.100796811359	0.553603105685
-aga	0.241806710223	0.30358001905	0.17838086238	0.276232408347
-leg	0.0	1.0	0.0	0.0
-ioz	0.0600303346996	0.864213073905	0.00659488184022	0.0691617095553
-mus	0.0283828382838	0.911881188119	0.0158415841584	0.0438943894389
-ibe	0.72836446542	0.0504394107496	0.0121809159738	0.209015207857
-ios	0.0	0.956204379562	0.043795620438	0.0
-eaŋ	0.31129476584	0.565444656354	0.0978314614678	0.0254291163382
-les	0.037037037037	0.962962962963	0.0	0.0
-oik	0.05	0.2	0.75	0.0
-iot	0.0362215909091	0.933948863636	0.00426136363636	0.0255681818182
-eem	0.0	1.0	0.0	0.0
-wit	0.0	1.0	0.0	0.0
-ife	0.0360576923077	0.679086538462	0.132211538462	0.152644230769
-ifi	0.222539229672	0.654778887304	0.0998573466476	0.0228245363766
-alu	0.206058185053	0.584607086316	0.18512471219	0.0242100164417
-ndu	0.25484368957	0.145837389804	0.0571563452948	0.542162575331
-iba	0.584223013049	0.284104389086	0.00177935943061	0.129893238434
--ee	0.0891089108911	0.792079207921	0.0	0.118811881188
-alo	0.0372302530278	0.855744260336	0.0213039781215	0.0857215085148
-oŋo	0.0159827913879	0.0181401902523	0.00806353378434	0.957813484575
-alm	0.0805369127517	0.919463087248	0.0	0.0
-oŋi	0.357810974376	0.254228655438	0.0745210860055	0.313439284181
-gii	0.0546122808377	0.0430533409624	0.00189625975131	0.900438118449
-liŋ	0.302786565149	0.370813868864	0.154441436635	0.171958129352
-nda	0.22661996414	0.534711391242	0.0964418293993	0.14222681522
-eet	0.0	1.0	0.0	0.0
-ald	0.0123966942149	0.719008264463	0.268595041322	0.0
-ale	0.302077805056	0.232923270373	0.0832980159926	0.381700908578
-nde	0.088049436973	0.03215214625	0.0126042876029	0.867194129174
-gia	0.257148854011	0.41433247554	0.0863725137118	0.242146156737
-eer	0.143509458578	0.856490541422	0.0	0.0
-rot	0.0	1.0	0.0	0.0
-paŋ	0.194974491465	0.686629217375	0.0359633785436	0.0824329126168
-120	0.0188679245283	0.0188679245283	0.0	0.962264150943
-abu	0.406284925383	0.502333837355	0.0233383735455	0.068042863717
-ŋeŋ	0.129750982962	0.802096985583	0.0157273918742	0.0524246395806
-obe	0.321925408834	0.0364451949001	0.00971871864003	0.631910677625
-mla	0.0	1.0	0.0	0.0
-yon	0.0769230769231	0.666666666667	0.010989010989	0.245421245421
-yom	0.110619469027	0.548672566372	0.340707964602	0.0
-iem	0.0	1.0	0.0	0.0
-duŋ	0.240483443897	0.55783959229	0.0401232810409	0.161553682772
-waŋ	0.176085739694	0.485234715562	0.0757467451435	0.262932799601
-lok	0.00761973875182	0.806240928882	0.0243105950653	0.1618287373
-318	0.111111111111	0.222222222222	0.666666666667	0.0
-pel	0.0	1.0	0.0	0.0
-mga	0.232309746328	0.559412550067	0.0801068090788	0.128170894526
-ogi	0.483739773173	0.119769954567	0.0332483380766	0.363241934184
-150	0.578947368421	0.0	0.0	0.421052631579
-153	0.305084745763	0.0677966101695	0.0338983050847	0.593220338983
-eli	0.0020202020202	0.971717171717	0.0121212121212	0.0141414141414
-elo	0.351737549674	0.53014289338	0.0826075927961	0.0355119641498
-ogo	0.300886477821	0.360233276436	0.173507031022	0.165373214721
-oga	0.137417896772	0.304309867685	0.413200370506	0.145071865038
-zeŋ	0.304415367151	0.333811316246	0.249447332258	0.112325984346
-ela	0.0	1.0	0.0	0.0
-iya	0.110958865469	0.321134689964	0.410340443718	0.157566000849
-ele	0.189263073656	0.622784312744	0.0425587504067	0.145393863193
-piŋ	0.469724151117	0.141524592898	0.0676869129414	0.321064343044
-gio	0.156860200167	0.354835453261	0.0249488044764	0.463355542096
-sya	0.242400923432	0.5548287803	0.126971912274	0.0757983839938
-100	0.0	0.0403602401601	0.037358238826	0.922281521014
-esu	0.161541299164	0.752805838077	0.0115631364725	0.0740897262867
-diŋ	0.114641433892	0.51466599194	0.037997998147	0.33269457602
-ito	0.301025481623	0.354544974144	0.0333972698417	0.311032274391
-esi	0.0343878954608	0.965612104539	0.0	0.0
-eso	0.0376178492105	0.699800195486	0.0213643353867	0.241217619916
-iti	0.421120708975	0.33509091306	0.0374598988433	0.206328479122
-esa	0.200899149453	0.621239368165	0.133633049818	0.0442284325638
-feŋ	0.364511722241	0.61615811067	0.0193301670885	0.0
-ese	0.148000514337	0.782129998714	0.03600360036	0.0338658865887
-ita	0.382783765637	0.381711082757	0.0981479663924	0.137357185213
-spa	0.0493421052631	0.911184210526	0.0394736842105	0.0
-nuŋ	0.451390827054	0.32114615313	0.066052656061	0.161410363755
-tir	0.0	1.0	0.0	0.0
-ute	0.18059125964	0.764138817481	0.0115681233933	0.0437017994859
-fan	0.0	1.0	0.0	0.0
-666	0.0891089108911	0.0	0.0	0.910891089109
-far	0.0	0.894736842105	0.0	0.105263157895
-fas	0.00304612706701	0.98999129678	0.0	0.00696257615317
-uda	0.0305287340363	0.765391599001	0.145336454295	0.0587432126672
-suŋ	0.136183790124	0.740559995565	0.0342119007811	0.0890443135298
-eed	0.157416750757	0.502522704339	0.279515640767	0.0605449041372
-fat	0.030518819939	0.969481180061	0.0	0.0
-faz	0.0	1.0	0.0	0.0
-hum	0.0	1.0	0.0	0.0
-nju	0.547623461683	0.197805073471	0.0422528378044	0.212318627042
-rim	0.0	1.0	0.0	0.0
-lpa	0.0	1.0	0.0	0.0
-qaŋ	0.287239838727	0.522883295194	0.0743707093822	0.115506156696
-gua	0.320619126589	0.22056384743	0.359314538419	0.0995024875622
-eŋa	0.280154026739	0.456906210143	0.0896479638728	0.173291799245
-rik	0.145251396648	0.795158286778	0.0148975791434	0.0446927374302
-woi	0.142020454055	0.313559360129	0.0283736339863	0.51604655183
-abe	0.258249007127	0.500163212012	0.146618791143	0.0949689897176
-gad	0.0	1.0	0.0	0.0
-aba	0.194354245091	0.55829663294	0.079432770512	0.167916351457
-nja	0.310678959046	0.20549618215	0.057261082244	0.426563776561
-njo	0.327518689925	0.546101815593	0.0765396938412	0.0498398006409
-ejo	0.227447216891	0.507790448233	0.205487185277	0.0592751495992
-ron	0.0129757785467	0.97491349481	0.00519031141869	0.00692041522493
-aiŋ	0.537861352932	0.108809559945	0.0302387000624	0.32309038706
-tiŋ	0.474090157087	0.235527183964	0.09575412058	0.194628538368
-tua	0.0791857838228	0.81523317108	0.073906731568	0.0316743135291
-uŋu	0.20253164557	0.79746835443	0.0	0.0
-kob	0.00962910128388	0.98395149786	0.0	0.00641940085592
-kol	0.0	1.0	0.0	0.0
-kon	0.0131578947368	0.907894736842	0.0789473684211	0.0
-koi	0.144089851522	0.00853494974831	0.00148651766653	0.845888681063
-ael	0.0127682907724	0.949906000313	0.013708287639	0.0236174212753
-kok	0.669584417633	0.194779591515	0.0315432536866	0.104092737166
-roi	0.851735015773	0.148264984227	0.0	0.0
-kou	0.0306379253747	0.864044206149	0.105317868476	0.0
-sol	0.0446653331701	0.904702616647	0.0166142792995	0.0340177708835
-soo	0.0765874458731	0.852295640102	0.047168875814	0.0239480382111
-son	0.0148791072536	0.985120892746	0.0	0.0
-oro	0.38839863754	0.137740797524	0.0467956585181	0.427064906418
-rai	0.190476190476	0.761904761905	0.0	0.047619047619
-ora	0.0716592266922	0.748754510861	0.120446913353	0.0591393490935
-zal	0.0	1.0	0.0	0.0
-ore	0.0419858383234	0.107518151917	0.0532214851987	0.797274524561
-tna	0.0	1.0	0.0	0.0
-127	0.0	0.0	0.0	1.0
-woo	0.101861475952	0.785032599452	0.049607861665	0.0634980629311
-eeŋ	0.11175505788	0.215123435472	0.0587956893149	0.614325817332
-rus	0.0062535531552	0.982660602615	0.00596930073905	0.00511654349062
-dge	0.0	1.0	0.0	0.0
-lip	0.0107747562853	0.981015905593	0.0	0.00820933812211
-omu	0.132962037789	0.718925167397	0.0534093373003	0.0947034575134
-ruu	0.000834469138551	0.973296987566	0.0158549136324	0.0100136296626
-ruk	0.0	1.0	0.0	0.0
-omi	0.0	0.818181818182	0.0	0.181818181818
-lio	0.145945945946	0.821621621622	0.0	0.0324324324325
-giŋ	0.590768284329	0.118000078534	0.019371812268	0.271859824868
-lik	0.181818181818	0.579545454545	0.170454545455	0.0681818181818
-ool	0.0182944564016	0.916380664301	0.00296666860567	0.0623582106916
-oma	0.249613696778	0.0420468942218	0.00796664563969	0.700372763361
-adi	0.0537634408601	0.94623655914	0.0	0.0
-lia	0.161521122536	0.404303465799	0.228777111702	0.205398299963
-ome	0.0999830021285	0.782363820411	0.0834671598587	0.0341860176017
-ioŋ	0.0454195006145	0.847889201864	0.0830019109268	0.023689386595
-ŋgu	0.0	1.0	0.0	0.0
-nce	0.540441176471	0.459558823529	0.0	0.0
-abo	0.417770667466	0.280922191313	0.10461346182	0.196693679402
-owo	0.0886505389594	0.0934920946467	0.0246742074777	0.793183158916
-riz	0.0	1.0	0.0	0.0
-aŋi	0.487995259727	0.273028639147	0.0479073013365	0.191068799789
-lne	0.0	1.0	0.0	0.0
-144	0.0051786639047	0.124805800104	0.0	0.870015535992
-muŋ	0.10143960835	0.242418079934	0.0429619224321	0.613180389285
-oda	0.286763788803	0.426896826497	0.135930570953	0.150408813747
-nji	0.424735946156	0.26344031185	0.0970011557813	0.214822586212
-rna	0.0	1.0	0.0	0.0
-odi	0.0379475258305	0.841778112639	0.0874722629312	0.0328020985992
-eam	0.071	0.869333333333	0.008	0.0516666666666
-izi	0.703679793415	0.161824833226	0.0925328168711	0.0419625564881
-rni	0.0	1.0	0.0	0.0
-ean	0.470588235294	0.343137254902	0.186274509804	0.0
-zer	0.0	1.0	0.0	0.0
-uri	0.430692257218	0.241141732283	0.0490075459318	0.279158464567
-lwa	0.00538478797398	0.931343953332	0.0632712586942	0.0
-ura	0.153007518797	0.752631578947	0.0798872180451	0.0144736842105
-162	0.0	0.142857142857	0.0	0.857142857143
-rga	0.0	0.995337995338	0.0	0.00466200466199
-175	0.0	0.0	0.0	1.0
-uru	0.392830586559	0.535019327281	0.0225166376271	0.0496334485328
-zel	0.0256465056636	0.910237230177	0.0	0.0641162641589
-tue	0.076260332984	0.758411922226	0.0686925136804	0.0966352311096
-pai	0.0354789660416	0.916371008616	0.00760263558034	0.0405473897617
-dus	0.0	1.0	0.0	0.0
-duu	0.217458645685	0.379840158602	0.37296326126	0.0297379344526
-ape	0.0904311251314	0.814931650894	0.0	0.0946372239747
-qoŋ	0.021851100359	0.70719525519	0.270953644451	0.0
-paa	0.336375022365	0.606369654679	0.019681517266	0.0375738056897
-jii	0.0963597430407	0.653104925054	0.229122055674	0.0214132762313
-apo	0.510189488738	0.339649624598	0.0536288880943	0.0965319985699
-/10	0.119106699752	0.880893300248	0.0	0.0
-yoŋ	0.218655967904	0.441323971916	0.300902708124	0.0391173520562
-dua	0.218099204847	0.675123059447	0.0	0.106777735706
-paz	0.0	0.959183673469	0.0408163265306	0.0
-wad	0.0	1.0	0.0	0.0
-waa	0.14521337002	0.372023188757	0.0728329770756	0.409930464148
-apu	0.26373203258	0.585094160737	0.0196743249064	0.131499481777
-wao	0.423243657651	0.274055435265	0.0391658936945	0.26353501339
-wan	0.0827067669173	0.748120300752	0.0902255639098	0.078947368421
-pas	0.019801980198	0.950495049505	0.029702970297	0.0
-pat	0.0	1.0	0.0	0.0
-pau	0.0	1.0	0.0	0.0
-wai	0.0166204986149	0.934441366574	0.0184672206833	0.0304709141274
-kee	0.279322853688	0.444981862152	0.195888754534	0.0798065296251
-lus	0.0302593659942	0.969740634006	0.0	0.0
-sen	0.0	0.982905982906	0.017094017094	0.0
-kem	0.0625686059276	0.937431394072	0.0	0.0
-kel	0.00974025974023	0.99025974026	0.0	0.0
-sus	0.0418217803119	0.888977899251	0.00353423495594	0.0656660854814
-sur	0.0	1.0	0.0	0.0
-sop	0.304402515723	0.547169811321	0.0654088050314	0.0830188679245
-ket	0.2755945111	0.684172713557	0.040232775343	0.0
-sos	0.0515463917525	0.907216494845	0.0	0.0412371134021
-sue	0.524752475248	0.336633663366	0.108910891089	0.029702970297
-905	0.0	0.666666666667	0.0	0.333333333333
-zon	0.0	1.0	0.0	0.0
-nus	0.0	0.984168865435	0.0158311345646	0.0
-sua	0.056206088993	0.943793911007	0.0	0.0
-slu	0.0	1.0	0.0	0.0
-fet	0.0369515011547	0.89376443418	0.0	0.0692840646651
-fer	0.0	1.0	0.0	0.0
-fes	0.154838709677	0.767741935484	0.0774193548387	0.0
-kot	0.0	1.0	0.0	0.0
-dim	0.0	1.0	0.0	0.0
-tur	0.0	1.0	0.0	0.0
-dit	0.0	1.0	0.0	0.0
-ori	0.344691670946	0.21631588158	0.0473202428979	0.391672204576
-age	0.135954921472	0.815190025177	0.0317707708908	0.0170842824602
-dis	0.0	0.990576973414	0.00942302658642	0.0
-ane	0.0	1.0	0.0	0.0
-fel	0.0	1.0	0.0	0.0
-sli	0.0	1.0	0.0	0.0
-tuu	0.0696629213483	0.930337078652	0.0	0.0
-uks	0.0895765472312	0.812703583062	0.0977198697069	0.0
-omo	0.200529359613	0.362887753848	0.148764537573	0.287818348966
-aeŋ	0.21030029062	0.0366081356831	0.0021642213269	0.75092735237
-tuŋ	0.605976372481	0.359277275886	0.0208478109798	0.0138985406532
-koŋ	0.112029135107	0.740872631702	0.0851081433882	0.0619900898032
-ver	0.586592178771	0.379888268156	0.0	0.0335195530726
-soŋ	0.430230468682	0.334673347656	0.0741354442799	0.160960739383
-lua	0.835294117647	0.164705882353	0.0	0.0
--oo	0.239056782762	0.26512174188	0.110042011113	0.385779464245
-rta	0.0	1.0	0.0	0.0
-kla	0.0	1.0	0.0	0.0
-ait	0.0570962479608	0.855405605813	0.0652528548124	0.0222452914133
-aiw	0.0	1.0	0.0	0.0
-efa	0.0	1.0	0.0	0.0
-ais	0.0403141361256	0.919371727749	0.0329842931937	0.00732984293192
-air	0.0	1.0	0.0	0.0
-qaa	0.127480061981	0.124287532196	0.00291696434186	0.745315441482
-woŋ	0.136744143285	0.484704797251	0.023878880147	0.354672179316
-aia	0.0039282440749	0.988869975121	0.00130941469163	0.00589236611234
-tia	0.185581617409	0.396074294251	0.0581309389968	0.360213149343
-aim	0.0152671755725	0.984732824427	0.0	0.0
-ngi	0.490740740741	0.185185185185	0.185185185185	0.138888888889
-tin	0.0	0.993987975952	0.0060120240481	0.0
-ain	0.0427977451118	0.930154525208	0.00411837859333	0.0229293510872
-aii	0.134831460674	0.123595505618	0.741573033708	0.0
-tii	0.496053873209	0.123702496354	0.0849275113666	0.29531611907
-tik	0.0929295102611	0.873657632117	0.0292362504192	0.00417660720276
-aŋo	0.211266554051	0.0743544036809	0.0315448580948	0.682834184173
-uwe	0.401665239265	0.369351883887	0.1319543307	0.0970285461485
-ema	0.40664493532	0.0627709962154	0.00957191250891	0.521012155956
-jas	0.0847397595055	0.810066056281	0.0	0.105194184214
-uwa	0.403351042092	0.374838892207	0.0492911257113	0.172518939989
-uwo	0.156199517361	0.469316527393	0.0855986119145	0.288885343332
-aŋe	0.394165256756	0.447162650327	0.0370387306233	0.121633362294
-naz	0.0	1.0	0.0	0.0
-aŋa	0.179970294759	0.268326790023	0.121863068278	0.42983984694
-260	0.029429075927	0.129487934079	0.0353148911124	0.805768098882
-emu	0.100518187786	0.463375343945	0.0815226247398	0.354583843529
-uwu	0.447055895151	0.378538023733	0.107893867665	0.0665122134517
-dar	0.0	1.0	0.0	0.0
-jaa	0.313303751513	0.421008471158	0.0736103267446	0.192077450585
-jao	0.326866172304	0.431788627751	0.105454882845	0.135890317101
-das	0.0142296368989	0.971786064769	0.00294406280667	0.011040235525
-fwo	0.104166666667	0.604166666667	0.291666666666	0.0
-dal	0.0	1.0	0.0	0.0
-eiŋ	0.318829930604	0.241223840215	0.132466476349	0.307479752831
-ins	0.116702905821	0.500889256626	0.00615744927663	0.376250388277
-ana	0.126297039407	0.520212778353	0.0397025270102	0.31378765523
-uku	0.0	1.0	0.0	0.0
-int	0.0542703216606	0.564371731897	0.0596181270797	0.321739819363
-eŋi	0.449041863618	0.227594048217	0.042615161022	0.280748927143
