-tap	0.125759030556	0.680681418067	0.060692401703	0.132867149674
-eup	0.771689497717	0.0456621004566	0.0913242009133	0.0913242009133
-iva	0.52866814577	0.338531238538	0.0493034386142	0.0834971770775
-eun	0.59934318555	0.228243021346	0.0	0.172413793103
-ive	0.0	1.0	0.0	0.0
-ois	0.0194174757281	0.961165048544	0.0194174757281	0.0
-ivo	0.646733850368	0.169843972768	0.0255628069	0.157859369964
-aup	0.406137159085	0.537743985978	0.012646502521	0.0434723524159
-aus	0.11214953271	0.88785046729	0.0	0.0
-aut	0.0488185901191	0.452255418864	0.31536809217	0.183557898848
-oya	0.0	1.0	0.0	0.0
-mor	0.312156593407	0.168956043956	0.0418956043956	0.476991758242
-aua	0.187016229713	0.710778193924	0.0582605076987	0.0439450686642
-auk	0.163568773234	0.591078066915	0.156133828996	0.089219330855
-aum	0.127139586713	0.648084416077	0.151548689337	0.0732273078731
-aul	0.0212765957447	0.978723404255	0.0	0.0
-auo	0.334117647059	0.409411764706	0.148235294118	0.108235294118
-aun	0.161275939833	0.20659897424	0.0106310742121	0.621494011715
-put	0.867924528302	0.132075471698	0.0	0.0
-pup	0.107805719801	0.64318120356	0.0996975001738	0.149315576465
-usi	0.442660829381	0.553934087316	0.0	0.00340508330293
-pus	0.06	0.94	0.0	0.0
-uam	0.219500707307	0.227726010499	0.0411305455024	0.511642736692
-kia	0.0	1.0	0.0	0.0
-uan	0.289474905529	0.452363243529	0.101316167641	0.156845683301
-uap	0.232222738489	0.639938464281	0.0685337465445	0.0593050506855
-apa	0.0160016098983	0.924957967374	0.0330743214733	0.0259661012548
-uat	0.304370131509	0.110460028456	0.0326699569296	0.552499883105
-puo	0.6	0.330434782609	0.0695652173913	0.0
-puk	0.914089347079	0.0343642611684	0.0	0.0515463917526
-das	0.0525439242432	0.8970799755	0.0174458216053	0.0329302786514
-opa	0.0274390243903	0.953048780488	0.0164634146341	0.0030487804878
-imu	0.368985936343	0.437453737972	0.138045891932	0.0555144337528
-oia	0.465861273245	0.491787701914	0.0423510248405	0.0
-dek	0.0751678943122	0.901672267981	0.00731363296012	0.0158462047469
-del	0.0916568742655	0.777908343126	0.130434782609	0.0
-dem	0.607061503417	0.362186788155	0.0	0.0307517084282
-den	0.0	1.0	0.0	0.0
-nag	0.309993201903	0.666213460231	0.0	0.0237933378654
-ima	0.195806544519	0.696161332057	0.0510741274877	0.0569579959358
-lep	0.051282051282	0.698717948718	0.25	0.0
-oko	0.317427385892	0.641078838174	0.0248962655602	0.0165975103734
-des	0.0210280373832	0.880841121495	0.0981308411215	0.0
-ime	0.290851273259	0.105069024512	0.0260910426324	0.577988659596
-kim	0.0	1.0	0.0	0.0
-imi	0.0396530591965	0.0635554261641	0.00606440959158	0.890727105048
-imo	0.0210843373494	0.975903614458	0.0	0.00301204819277
-vio	0.549645914512	0.258887942724	0.0876690448798	0.103797097885
-sik	0.299237584053	0.370257962948	0.085766758568	0.244737694431
-bit	0.321422328988	0.322886368152	0.0504197161258	0.305271586734
-bir	0.684418145957	0.315581854043	0.0	0.0
-obo	0.00909090909091	0.990909090909	0.0	0.0
-bip	0.247018995825	0.570516902793	0.0309624746531	0.151501626729
-idi	0.0444444444444	0.955555555556	0.0	0.0
-let	0.0952670271584	0.0714502703688	0.0450817182089	0.788200984264
-oba	0.0705357145678	0.240149225768	0.0108385829745	0.67847647669
-ida	0.104519071666	0.844606006567	0.0154322310719	0.0354426906952
-bie	0.156471913338	0.680306830044	0.133532827014	0.0296884296042
-bia	0.0571940264016	0.935180103411	0.00762587018689	0.0
-bin	0.0469297507633	0.623184878192	0.205562697971	0.124322673075
-bio	0.663104735417	0.336895264583	0.0	0.0
-bim	0.347521385139	0.386066165104	0.165412758941	0.100999690817
-430	0.363636363636	0.0	0.0	0.636363636364
-bii	0.665959703075	0.185577942736	0.0296924708377	0.118769883351
-100	0.00217076700434	0.413350217077	0.0701881331403	0.514290882779
-uta	0.334128878282	0.429594272076	0.157517899761	0.0787589498807
-tet	0.0155159038014	0.887638996638	0.0866304628911	0.0102146366693
-ria	0.191991102889	0.697794881467	0.00951529902017	0.100698716625
-rin	0.129500025175	0.69432556266	0.113539096722	0.0626353154423
-rio	0.190801535951	0.105223536664	0.0353815689002	0.668593358485
-gom	0.313725490196	0.372549019608	0.0	0.313725490196
-rim	0.290037057761	0.578398513328	0.126801915647	0.00476251326374
-rik	0.480879244751	0.411920529801	0.0822037480626	0.0249964773848
-rit	0.188735302018	0.140219286706	0.147073913764	0.523971497511
-ris	0.0240320427236	0.971962616822	0.0	0.00400534045394
-rip	0.138061281606	0.719051331432	0.043626273981	0.099261112981
-utu	0.242647058824	0.625	0.0441176470588	0.0882352941176
-nap	0.066392697304	0.650805128396	0.0530911505202	0.22971102378
-ten	0.290322580645	0.677419354839	0.0322580645161	0.0
-are	0.0941048098651	0.0178651135938	0.00683387710902	0.881196199432
-duk	0.199159663866	0.757983193277	0.027731092437	0.0151260504202
-ara	0.358039217663	0.223297791599	0.0818603284619	0.336802662276
-mes	0.0133915136925	0.979837496238	0.00135419801384	0.00541679205538
-mer	0.409836065574	0.270491803279	0.122950819672	0.196721311475
-lup	0.0800658338695	0.789374774407	0.0923361215298	0.0382232701935
-aro	0.503024739095	0.32908904621	0.0463454980992	0.121540716596
-lut	0.214669051878	0.635062611807	0.12343470483	0.0268336314848
-ari	0.0304874300818	0.777368000492	0.112975597763	0.0791689716639
-art	0.1	0.433333333333	0.0	0.466666666667
-aru	0.324840667908	0.561999485293	0.0670128323519	0.0461470144471
-meg	0.287958115183	0.554973821989	0.13612565445	0.0209424083769
-luk	0.0	1.0	0.0	0.0
-lum	0.639811635722	0.242723117633	0.0258417710907	0.0916234755542
-lun	0.687861271676	0.138728323699	0.0	0.173410404624
-luo	0.531279013785	0.221698506718	0.0815303560194	0.165492123477
-mel	0.0238431219892	0.686633253856	0.262274341881	0.0272492822733
-men	0.00688978432887	0.220619245464	0.022339603733	0.750151366474
-mei	0.558698296837	0.32299270073	0.0334549878345	0.0848540145985
-mek	0.0	1.0	0.0	0.0
-nun	0.302096177559	0.224414303329	0.345252774353	0.12823674476
-vut	0.241712558039	0.28209696577	0.168448331714	0.307742144477
-git	0.480546680508	0.357711884052	0.0507271939285	0.111014241511
-vup	0.101088646967	0.597200622084	0.301710730949	0.0
-ero	0.359247135843	0.500818330606	0.112929623568	0.0270049099837
-wat	0.175792507205	0.544668587896	0.0835734870317	0.195965417867
-num	0.66815518428	0.16444818687	0.0180111811602	0.14938544769
-vis	0.205639614856	0.651306740028	0.089408528198	0.0536451169189
-oup	0.205435417884	0.640583554377	0.0458571235894	0.10812390415
-vuo	0.242029262054	0.586816487665	0.0567489294999	0.114405320781
-vum	0.150576467061	0.297887650249	0.358791463381	0.192744419308
-vuk	0.332376736834	0.234081811179	0.0364840267368	0.39705742525
-vui	0.0651447996196	0.428523803538	0.35310995371	0.153221443132
-gon	0.0	0.997627989721	0.0	0.00237201027871
-ubu	0.0666353410732	0.857143016588	0.0361537156544	0.0400679266847
-ubi	0.189395306849	0.600291303942	0.041401559627	0.168911829583
-lap	0.111275705532	0.663199320701	0.0271218006619	0.198403173105
-uba	0.424092816589	0.166812792073	0.339550047242	0.0695443440955
-ube	0.485714285714	0.321428571429	0.192857142857	0.0
-umu	0.626865671642	0.305970149254	0.0671641791045	0.0
-oti	0.0298325066494	0.922123978626	0.0179713895478	0.0300721251767
-iga	0.380517224326	0.0616715971833	0.0380149574834	0.519796221007
-ume	0.20380974951	0.0561782363274	0.0168046110758	0.723207403087
-uma	0.15130261649	0.775605004984	0.0328713623913	0.0402210161346
-otu	0.0343694414317	0.922316684439	0.0173263475494	0.02598752658
-umo	0.727272727273	0.236363636364	0.0	0.0363636363636
-sup	0.139349422875	0.804407135362	0.0512067156348	0.00503672612802
-umi	0.39608801956	0.535452322738	0.0293398533007	0.039119804401
-nak	0.378237456193	0.147021112916	0.0205145738952	0.454226856996
ALL	0.228373821512	0.302838667397	0.056456148809	0.412331362282
-nai	0.0759872730675	0.887516376568	0.0	0.0364963503649
-nan	0.437251125717	0.10212385929	0.0645176593652	0.396107355627
-aki	0.345050878816	0.465309898242	0.123034227567	0.0666049953747
-nam	0.0967758752766	0.518955200391	0.0537391843947	0.330529739938
-sis	0.0	1.0	0.0	0.0
-ake	0.126486719398	0.137871086128	0.201192324728	0.534449869746
-sip	0.11922679036	0.81298563228	0.0450873493754	0.0227002279841
-kin	0.0622393832242	0.64287458829	0.0620385102238	0.232847518262
-aka	0.367843822888	0.594364003527	0.0226753041507	0.0151168694338
-sit	0.187693887116	0.18872051242	0.0444127033722	0.579172897092
-kis	0.102071108724	0.86968591459	0.020315123581	0.00792785310478
-kip	0.107911405779	0.715629691688	0.132117947537	0.0443409549952
-sin	0.121957273585	0.62229650345	0.203868875246	0.0518773477189
-kit	0.146923141297	0.81762521719	0.0313523082337	0.00409933327996
-nar	0.725702831886	0.083431841154	0.0286100974799	0.16225522948
-nas	0.0862170087976	0.885630498534	0.0211143695015	0.00703812316715
-sia	0.0681806070792	0.785743272325	0.0618474718698	0.0842286487262
-aks	0.0	1.0	0.0	0.0
-oab	0.0	1.0	0.0	0.0
-nat	0.244081245837	0.510002310989	0.0812924450072	0.164623998167
-gok	0.0454240607629	0.904708220356	0.0424616220175	0.00740609686352
-mot	0.349711683609	0.247669843235	0.155646945184	0.246971527972
-mos	0.0	1.0	0.0	0.0
-gol	0.00605143721634	0.710707681963	0.282232307951	0.00100857286939
-mop	0.151696606786	0.550898203593	0.231536926148	0.0658682634731
-gof	0.219087484684	0.584325907437	0.176454244421	0.0201323634575
-moe	0.452054794521	0.347602739726	0.102739726027	0.097602739726
-lko	0.0714285714286	0.928571428571	0.0	0.0
-gop	0.207894736842	0.242105263158	0.102631578947	0.447368421053
-mon	0.0119879084599	0.978746384042	0.00207679650825	0.00718891099011
-gos	0.769230769231	0.153846153846	0.0576923076923	0.0192307692308
-lka	0.0294117647059	0.632352941176	0.338235294118	0.0
-moi	0.38261791203	0.421303656598	0.10492845787	0.0911499735029
-ofu	0.412162162162	0.425675675676	0.081081081081	0.0810810810811
-mfa	0.0	1.0	0.0	0.0
-bet	0.226080203065	0.571915667443	0.099145687712	0.10285844178
-ben	0.0	1.0	0.0	0.0
-nup	0.0132860938884	0.97741364039	0.0066430469442	0.00265721877768
-bel	0.0788190100693	0.898949987091	0.0161680020655	0.00606300077456
-ofi	0.188524590164	0.762295081967	0.0491803278689	0.0
-ofe	0.09375	0.4453125	0.4609375	0.0
-iso	0.435988620199	0.411806543386	0.106685633001	0.045519203414
-rek	0.481142971928	0.464370009542	0.0276201476422	0.0268668708884
-isi	0.0	1.0	0.0	0.0
-rem	0.570093457944	0.280373831776	0.0934579439252	0.0560747663551
-isa	0.165394853594	0.711801242236	0.0844720496894	0.0383318544809
-eva	0.165209021045	0.0795289403809	0.0188942559779	0.736367782596
-upo	0.561131386861	0.110401459854	0.0529197080292	0.275547445255
-rep	0.491329479769	0.33140655106	0.0655105973025	0.111753371869
-evo	0.487977369165	0.194483734088	0.01414427157	0.303394625177
-evi	0.0714285714285	0.915584415584	0.0	0.012987012987
-ret	0.0715855989358	0.268845485168	0.141591729141	0.517977186755
-reu	0.0	1.0	0.0	0.0
-avo	0.56233566503	0.289080716376	0.0352234955599	0.113360123034
-map	0.177160270647	0.671753707423	0.0421951953138	0.108890826616
-mas	0.0446686275049	0.934880013194	0.00659721267764	0.0138541466231
-mar	0.185558672884	0.274231955829	0.13593657957	0.404272791717
-ham	0.008628391225	0.956934401319	0.0263433183418	0.00809388911371
-mai	0.0743598577374	0.571221849972	0.0139863395628	0.340431952728
-mam	0.502882304829	0.306843211227	0.0992281106496	0.091046373294
-man	0.361039331938	0.0482816605082	0.00654192381176	0.584137083742
-avu	0.870689655172	0.0258620689655	0.0	0.103448275862
-maf	0.557939914163	0.364806866953	0.0772532188842	0.0
-ptu	0.195568263045	0.752966404575	0.0	0.0514653323803
-uno	0.160427807487	0.807486631016	0.0320855614973	0.0
-une	0.401172529313	0.474874371859	0.0134003350084	0.110552763819
-ung	0.393497490985	0.166071807588	0.0485340209794	0.391896680448
-una	0.124865590365	0.476726293466	0.164624238938	0.233783877231
-nka	0.90482398957	0.0482398956975	0.0312907431551	0.0156453715776
-pta	0.787443530638	0.112243715974	0.0331866095216	0.0671261438665
-pto	0.733511572427	0.0857353963401	0.0180993906208	0.162653640612
-dik	0.0574254675039	0.661136519018	0.147203612636	0.134234400842
-nki	0.00938360163484	0.935565935441	0.00166819584619	0.0533822670782
-gae	0.428571428571	0.278571428571	0.0428571428571	0.25
-ade	0.0759253400822	0.811768427713	0.00316355583676	0.109142676368
-tra	0.0707317073172	0.925609756097	0.00365853658536	0.0
-500	0.00570385580653	0.616700889802	0.0627424138718	0.31485284052
-ada	0.0340909090909	0.940340909091	0.0255681818182	0.0
-gan	0.155189890942	0.698814255119	0.048107914375	0.0978879395646
-tro	0.0315439975464	0.94275361802	0.00128387101376	0.02441851342
-tri	0.132813251109	0.769094480078	0.0326882665605	0.0654040022524
-lot	0.0919728835356	0.785538828545	0.0207289412189	0.1017593467
-gai	0.183673469388	0.563775510204	0.198979591837	0.0535714285714
-adi	0.0584905660377	0.894339622642	0.0471698113208	0.0
-gau	0.42329726289	0.306174411203	0.203691915977	0.06683640993
-gat	0.122098822693	0.196764475354	0.103883032189	0.577253669765
-gas	0.162894312167	0.655630576819	0.101312474392	0.0801626366214
-gar	0.155687613862	0.532611674293	0.0476663445265	0.264034367318
-gap	0.106058761049	0.558874700506	0.0221224740308	0.312944064414
-lan	0.112484477302	0.791067828069	0.0041927974683	0.0922548971608
-sen	0.286011656953	0.668193172356	0.0391340549542	0.00666111573687
-sel	0.159601418679	0.799864887688	0.0050667117041	0.0354669819288
-sek	0.0	1.0	0.0	0.0
-sei	0.680713128039	0.113452188006	0.157212317666	0.0486223662885
-ino	0.313852813853	0.267316017316	0.334415584416	0.0844155844156
-ina	0.257490761724	0.248556748848	0.0237010217293	0.470251467699
-uit	0.271028037383	0.504672897196	0.11214953271	0.11214953271
-sea	0.025974025974	0.974025974026	0.0	0.0
-oun	0.128836205813	0.0412162010045	0.0112647296089	0.818682863574
-uii	0.444444444444	0.321637426901	0.105263157895	0.12865497076
-uim	0.194325442607	0.302866057927	0.490448577322	0.0123599221446
-uio	0.548697251456	0.0818432614693	0.018034126903	0.351425360172
-uia	0.156583629893	0.822064056939	0.0213523131672	0.0
-set	0.354728807911	0.0605197668385	0.0730041462774	0.511747278973
-ses	0.0393541562966	0.925491538079	0.0130921270947	0.02206217853
-sep	0.0783662193588	0.906420321318	0.00709961435088	0.00811384497244
-aos	0.279411764706	0.578431372549	0.102941176471	0.0392156862745
-kut	0.446808510638	0.510638297872	0.0	0.0425531914894
-kus	0.267192784667	0.52762119504	0.118940248027	0.086245772266
-kur	0.158311345646	0.788918205805	0.0250659630607	0.0277044854881
-kup	0.156435245312	0.567781675137	0.0905641854234	0.185218894127
-iam	0.251886538514	0.183862668149	0.0500254004581	0.514225392879
-ian	0.095658656324	0.542510154318	0.33656987429	0.0252613150681
-nes	0.0559396969159	0.891955598304	0.0134162803466	0.0386884244333
-nep	0.319327731092	0.428571428571	0.100840336134	0.151260504202
-iat	0.168801041937	0.162934042347	0.0543846647033	0.613880251012
-fos	0.0	1.0	0.0	0.0
-iap	0.144004125373	0.591931694458	0.0384536446182	0.225610535551
-ias	0.072800569125	0.886581523764	0.0246282055625	0.0159897015482
-iar	0.6337668962	0.3662331038	0.0	0.0
-iks	0.145499383477	0.774969173859	0.00678175092478	0.0727496917386
-kum	0.0	0.842105263158	0.0	0.157894736842
-kui	0.582409368382	0.0270337610564	0.390556870562	0.0
-ban	0.115819516078	0.818666414222	0.0155276853511	0.0499863843494
-eka	0.305151915456	0.565389696169	0.0501981505944	0.0792602377807
-bam	0.277827315182	0.592892645912	0.0240497185808	0.105230320324
-non	0.0163487693519	0.0578978553542	0.109295518207	0.816457857087
-eke	0.116458832273	0.333404905442	0.117730613593	0.432405648691
-bai	0.0231844280405	0.75166457825	0.21077262896	0.0143783647501
-hor	0.0	1.0	0.0	0.0
-hos	0.0253623188406	0.961956521739	0.0126811594203	0.0
-eip	0.0443166503074	0.400074840908	0.0110662417155	0.544542267069
-bat	0.192196635223	0.409729484019	0.0517737502704	0.346300130488
-bau	0.0821775761503	0.420479585224	0.457161373947	0.0401814646792
-bar	0.610781356427	0.252992118322	0.0690863092342	0.0671402160164
-uup	0.390625	0.359375	0.15625	0.09375
-bap	0.120416396379	0.676589490929	0.156674440005	0.0463196726867
-dru	0.0	1.0	0.0	0.0
-pet	0.52548786822	0.156043629888	0.0632188172442	0.255249684648
-ase	0.0	1.0	0.0	0.0
-asa	0.234502969882	0.647225056912	0.0947222440275	0.0235497291781
-asi	0.104562737643	0.895437262357	0.0	0.0
-lta	0.0947368421052	0.821052631579	0.0631578947368	0.0210526315789
-rat	0.261714781794	0.165740451651	0.0860624775322	0.486482289023
-rau	0.260621080804	0.245900847368	0.392909939419	0.10056813241
-rar	0.276639344262	0.554303278689	0.015368852459	0.15368852459
-ras	0.0344627859832	0.944975383724	0.0179554011005	0.002606429192
-rap	0.111381491442	0.658571770692	0.0457891456695	0.184257592197
-ran	0.377278014734	0.484683986041	0.0953858084528	0.0426521907716
-eri	0.259347361172	0.449556872553	0.250276388285	0.0408193779904
-ral	0.0291262135922	0.71359223301	0.257281553398	0.0
-ram	0.316459383769	0.341051918504	0.235497379004	0.106991318723
-rak	0.308167229196	0.518362782991	0.0763393655424	0.0971306222712
-rai	0.0	1.0	0.0	0.0
-era	0.535044814899	0.227361083507	0.0830663182949	0.154527783298
-ela	0.489140546131	0.106222931924	0.0311684430784	0.373468078867
-pos	0.00514783526927	0.994852164731	0.0	0.0
-pop	0.516679596587	0.352986811482	0.0186190845617	0.11171450737
-vet	0.484455176577	0.32538484757	0.0271657108361	0.162994265017
-pot	0.0609599477964	0.0852902156343	0.707006141854	0.146743694716
-pou	0.0833333333333	0.279411764706	0.333333333333	0.303921568627
-uge	0.354887218045	0.390977443609	0.218045112782	0.0360902255639
-poi	0.0197266180752	0.929951353777	0.0251131339331	0.025208894215
-uga	0.123608037475	0.0395281545554	0.0194040331837	0.817459774786
-ugo	0.2	0.254444444444	0.458888888889	0.0866666666666
-ike	0.206320198598	0.301107005102	0.0629513127997	0.4296214835
-ika	0.37273083453	0.549170693483	0.0206347133342	0.0574637586522
-iko	0.0	1.0	0.0	0.0
-lam	0.310545531891	0.123775208863	0.0327393257442	0.532939933502
-nor	0.18	0.34	0.18	0.3
-lao	0.101694915254	0.898305084746	0.0	0.0
-not	0.0	0.733333333333	0.2	0.0666666666667
-lai	0.471410977425	0.262325710305	0.0348683545346	0.231394957736
-iki	0.213675213675	0.591452991453	0.148717948718	0.0461538461538
-lak	0.114228456914	0.784569138277	0.0846693386773	0.0165330661323
-lat	0.522712129479	0.29610334157	0.0916395738917	0.0895449550599
-lau	0.153186833227	0.704568250205	0.0492386249658	0.093006291602
-nok	0.0797720797721	0.894586894587	0.00854700854698	0.017094017094
-ppo	0.672283148848	0.213102782089	0.0716337931645	0.0429802758986
-nom	0.596666666667	0.363333333333	0.0	0.04
-lar	0.341549115803	0.419750986191	0.109257268751	0.129442629254
-las	0.0675233440964	0.904551007941	0.0181080373506	0.00981761061174
-noa	0.0	1.0	0.0	0.0
-dot	0.0357142857143	0.928571428571	0.0357142857143	0.0
-gen	0.373167026932	0.345679733598	0.168691943682	0.112461295788
-bon	0.0837988826816	0.156424581006	0.759776536313	0.0
-bou	0.158508158508	0.18648018648	0.62703962704	0.027972027972
-bop	0.199423781516	0.565781554469	0.0942656901808	0.140528973835
-ges	0.204769378324	0.414203505101	0.331763885256	0.0492632313192
-ger	0.0738469741402	0.779952012797	0.0550253265796	0.0911756864836
-dom	0.0366170746342	0.961094358201	0.00228856716464	0.0
-dok	0.0	1.0	0.0	0.0
-vop	0.913043478261	0.0869565217391	0.0	0.0
-sar	0.386247658266	0.361439907827	0.086940816294	0.165371617613
-sap	0.200120997364	0.335767685061	0.44639384642	0.0177174711551
-sau	0.340768852344	0.59470564809	0.0366950125331	0.0278304870335
-sat	0.0	1.0	0.0	0.0
-ibu	0.649134060295	0.237973059654	0.0564464400257	0.0564464400257
-tom	0.559829059829	0.286324786325	0.0512820512821	0.102564102564
-olu	0.275	0.725	0.0	0.0
-toi	0.0452320424059	0.013387061878	0.00567935958459	0.935701536132
-lfa	0.0788804071247	0.894402035623	0.00763358778625	0.0190839694657
-don	0.00875145857642	0.987164527421	0.0	0.00408401400233
-tot	0.138605548801	0.109293946137	0.0269929831911	0.725107521871
-ibo	0.925925925926	0.0	0.0	0.0740740740741
-tor	0.480769230769	0.461538461538	0.0	0.0576923076923
-ibi	0.156406849523	0.231673318972	0.0140590426538	0.597860788851
-top	0.0177555201457	0.733667197815	0.213066241748	0.0355110402914
-olo	0.0531827402819	0.906793135588	0.0156258566808	0.0243982674489
-sak	0.0412478336222	0.950433275563	0.00311958405546	0.0051993067591
-ola	0.272424286335	0.505578901608	0.0565135487611	0.165483263295
-400	0.421441774492	0.20887245841	0.0314232902033	0.338262476895
-iba	0.518890682622	0.315643264847	0.127112065296	0.0383539872354
-sam	0.162429619519	0.644599897628	0.0975942671899	0.0953762156629
-rot	0.181284037783	0.571206341157	0.0987386262249	0.148770994835
-dep	0.0346153846154	0.665384615385	0.265384615385	0.0346153846154
-iem	0.055163742457	0.822298371209	0.0856587551412	0.0368791311932
-iel	0.11591853992	0.81220491861	0.0317102388838	0.0401663025862
-ror	0.682857142857	0.205714285714	0.0942857142858	0.0171428571429
-ros	0.0708661417323	0.929133858268	0.0	0.0
-loe	0.0	0.98	0.0	0.02
-ava	0.423828181401	0.195386500877	0.0565360731933	0.324249244529
-rom	0.0550984825783	0.80187021549	0.0973928678453	0.0456384340861
-ies	0.214184879955	0.289647326856	0.00375099605528	0.492416797134
-ier	0.041296576089	0.15235211367	0.0387645965664	0.767586713674
-lor	0.519158362787	0.128508634654	0.0379378472319	0.314395155327
-iet	0.335929054364	0.183496100311	0.100145971136	0.38042887419
-lop	0.0551978045487	0.825694147741	0.0122407561551	0.106867291556
-rok	0.0357142857143	0.928571428571	0.0357142857143	0.0
-sas	0.143415178571	0.842633928571	0.00279017857143	0.0111607142857
-ipo	0.0	1.0	0.0	0.0
-ipa	0.0265506722404	0.959891537679	0.0	0.0135577900802
-mat	0.170305307118	0.102559881922	0.0184464262419	0.708688384717
-wik	0.0201545179711	0.705520098533	0.10245213302	0.171873250476
-hap	0.121428571428	0.864285714286	0.0	0.0142857142857
-pbu	0.750838524197	0.158121705798	0.0	0.0910397700048
-tie	0.0788915241089	0.0286399497441	0.00367623565891	0.888792290488
-nge	0.142070165265	0.708417898908	0.120518024548	0.0289939112787
-mpe	0.585526315789	0.0394736842105	0.256578947368	0.118421052632
-276	0.0	0.150943396226	0.0	0.849056603774
-iut	0.0769230769231	0.815384615385	0.107692307692	0.0
-tim	0.404332955517	0.256626697687	0.0798385332776	0.259201813518
-mpa	0.0	1.0	0.0	0.0
-aio	0.617876876316	0.189714211114	0.0443995357244	0.148009376846
-bis	0.0740740740741	0.901234567901	0.0	0.0246913580247
-ain	0.0659814416631	0.369183485371	0.0971660393045	0.467669033662
-ank	0.286235892897	0.311794644833	0.0750165965922	0.326952865678
-200	0.0516129032258	0.229493087558	0.0442396313364	0.67465437788
-tos	0.666666666667	0.333333333333	0.0	0.0
-iok	0.0352112676056	0.930564696591	0.0118467816243	0.0223772541793
-lek	0.0	1.0	0.0	0.0
-lel	0.0	1.0	0.0	0.0
-lem	0.00909140767052	0.977028902661	0.00221484409607	0.0116648455726
-len	0.0592528982396	0.513525118076	0.012022327179	0.415199656505
-oip	0.510358767054	0.343102577059	0.137443153108	0.00909550277918
-mum	0.632795413398	0.221323476162	0.0705506940253	0.0753304164152
-muo	0.799187420935	0.0164921730087	0.00221189143881	0.182108514618
-mun	0.459581452606	0.540418547394	0.0	0.0
-muk	0.105857445307	0.0268172194777	0.159209597742	0.708115737474
-mut	0.0589418533938	0.728961032886	0.00888805725777	0.203209056463
-mup	0.154592877509	0.702215588342	0.0704326693075	0.0727588648411
-mus	0.0263157894737	0.965789473684	0.0078947368421	0.0
-mur	0.078306608976	0.308560278273	0.20446254348	0.408670569271
-ios	0.0685714285713	0.931428571429	0.0	0.0
-ior	0.378050627639	0.387034477536	0.0397599257815	0.195154969044
-oim	0.349462365591	0.284946236559	0.36559139785	0.0
-iop	0.16565607447	0.765421868487	0.0277375305162	0.0411845265268
-oik	0.0861618798955	0.725848563969	0.187989556136	0.0
-iou	0.19541809343	0.723677721111	0.0567095643679	0.0241946210913
-iot	0.348851861468	0.183174840072	0.0637065780735	0.404266720387
-alu	0.408114780826	0.284553034891	0.257721153398	0.0496110308846
-gip	0.0916496099212	0.85329504301	0.0288884816961	0.0261668653728
-alo	0.476290871214	0.213172368067	0.0575470082168	0.252989752502
-gim	0.0754545454545	0.0790909090909	0.823636363636	0.0218181818182
-oki	0.0701754385964	0.219298245614	0.71052631579	0.0
-ali	0.0739352201966	0.454295322531	0.454874575617	0.0168948816554
-nda	0.00729450608515	0.95239374976	0.0253388106116	0.0149729335432
-eet	0.303623898139	0.461312438786	0.205680705191	0.0293829578844
-gie	0.320406235238	0.528814359943	0.0376948512045	0.113084553614
-ale	0.188016921737	0.0665808043517	0.0138118340892	0.731590439822
-nde	0.020618556701	0.79381443299	0.0824742268041	0.103092783505
-ala	0.453520297523	0.203960664044	0.0460593504806	0.296459687953
-lon	0.0331204163709	0.703099124675	0.0532292405962	0.210551218358
-120	0.0416666666667	0.229166666667	0.0	0.729166666667
-rou	0.257142857143	0.224489795918	0.493877551021	0.0244897959184
-uvo	0.372603524441	0.208362605393	0.1265226921	0.292511178066
-uvu	0.202459508098	0.216856628674	0.421115776845	0.159568086383
-rop	0.268112798265	0.612147505423	0.0208242950109	0.0989154013015
-lok	0.0	0.952456418384	0.0475435816165	0.0
-rie	0.20206719464	0.0567117313511	0.0107644959376	0.730456578071
-pel	0.0	0.769230769231	0.230769230769	0.0
-pen	0.0993022007515	0.762211486849	0.124798711755	0.0136876006441
-ien	0.14810887752	0.468631028346	0.0972731968358	0.285986897298
-ogu	0.049001814882	0.620689655172	0.330308529946	0.0
-ogi	0.0233190827827	0.193937038476	0.738437621454	0.0443062572872
-153	0.0	0.0377358490566	0.11320754717	0.849056603774
-eli	0.0	0.953271028037	0.0280373831776	0.018691588785
-elo	0.255810568198	0.541994650004	0.0165352124581	0.185659569339
-ogo	0.256323202686	0.104807803957	0.0324126430233	0.606456350334
-rko	0.0347394540943	0.965260545906	0.0	0.0
-obu	0.583998292235	0.123279862329	0.0397126852811	0.253009160154
-abu	0.512959323451	0.309222732773	0.0619484274038	0.115869516372
-pno	0.379991500912	0.116231888031	0.451959588205	0.0518170228515
-esu	0.00863113580115	0.694464761961	0.00345869327522	0.293445408962
-pnu	0.428327645051	0.5204778157	0.0511945392492	0.0
-ito	0.00768093257348	0.963782872264	0.00208237847748	0.026453816685
-esi	0.00682593856655	0.897610921502	0.0955631399317	0.0
-tes	0.140354049998	0.713443814588	0.128657879165	0.0175442562497
-eso	0.0112443778111	0.985382308846	0.00112443778111	0.00224887556222
-esa	0.0	1.0	0.0	0.0
-ite	0.656081621565	0.221893535777	0.0713132197352	0.0507116229228
-ita	0.108575924469	0.870180959874	0.00944138473642	0.0118017309205
-spa	0.0382775119617	0.923444976077	0.0382775119617	0.0
-bru	0.0467532467532	0.742857142857	0.21038961039	0.0
-fan	0.0570687418936	0.882039729674	0.0360434159328	0.0248481124992
-666	0.29702970297	0.118811881188	0.019801980198	0.564356435644
-fas	0.0224574911774	0.93166506256	0.00384985563042	0.042027590632
-uda	0.00826543865863	0.991734561341	0.0	0.0
-uon	0.232283464567	0.476377952756	0.0787401574803	0.212598425197
-uom	0.105246004147	0.83921466262	0.0339120278198	0.0216273054132
-uok	0.0933609958506	0.565352697096	0.253112033195	0.0881742738589
-uoi	0.320502749411	0.0974076983503	0.0565593087196	0.525530243519
-aba	0.43064548904	0.16663389485	0.123398065199	0.279322550912
-iep	0.259774818672	0.703977532211	0.0271857368378	0.00906191227925
-uot	0.400221279097	0.385890000086	0.0534613755608	0.160427345256
-uor	0.311546840959	0.316993464052	0.0531590413943	0.318300653595
-uop	0.193770830939	0.784622457189	0.00804505229284	0.0135616595794
-var	0.14920071048	0.714920071048	0.0932504440498	0.0426287744227
-vas	0.192194236442	0.557862491491	0.0720444746994	0.177898797368
-vap	0.0856754780065	0.893950475394	0.0156723435377	0.00470170306133
-lou	0.0789189189189	0.780540540541	0.108108108108	0.0324324324324
-vat	0.262389507964	0.399632247059	0.178648175635	0.159330069341
-vau	0.0115107913669	0.98345323741	0.00215827338129	0.00287769784173
-sou	0.491856677524	0.469055374593	0.0	0.0390879478827
-koi	0.124208766273	0.781141765198	0.0507583900633	0.0438910784666
-ael	0.0338676079509	0.858296551766	0.0448261644985	0.0630096757846
-tun	0.739910313901	0.204484304933	0.0269058295964	0.0286995515695
-aen	0.0869565217391	0.43768115942	0.336231884058	0.139130434783
-tup	0.0526785714285	0.921428571429	0.00267857142857	0.0232142857143
-sol	0.0453184033828	0.865650020555	0.00391519683652	0.0851163792259
-los	0.0398325223492	0.927350910943	0.010184451737	0.0226321149712
-son	0.0835396039604	0.896658415842	0.0160891089109	0.00371287128713
-kop	0.0127979523276	0.974004159334	0.0107982722764	0.00239961606143
-kos	0.0390464447184	0.920879572544	0.0184956843403	0.021578298397
-kor	0.168329177057	0.794264339152	0.0374064837905	0.0
-ora	0.357717345618	0.432181850484	0.100702791474	0.109398012425
-van	0.398995503124	0.520265140454	0.0378146352859	0.0429247211353
-gam	0.0556722907789	0.846841679021	0.0389864759019	0.0584995542985
-vam	0.584440965227	0.239587895244	0.10305356048	0.0729175790488
-lit	0.656303972366	0.172711571675	0.0518134715026	0.119170984456
-rus	0.224050172696	0.689420105435	0.0745319032903	0.0119978185784
-rup	0.180294901319	0.338231526526	0.0352384376256	0.446235134529
-pak	0.0998219623696	0.802497849166	0.0850590208084	0.0126211676559
-lip	0.0391415686047	0.931144946791	0.00983919050635	0.019874294098
-rut	0.219461697723	0.591442374051	0.0897170462388	0.0993788819876
-lis	0.0198675496689	0.940397350993	0.0144491270319	0.0252859723058
-ruk	0.040364559412	0.0774887721959	0.0190419392315	0.863104729161
-omi	0.0	0.979381443299	0.020618556701	0.0
-lio	0.525191015291	0.34386384549	0.0423137524231	0.0886313867959
-run	0.0852080430022	0.870893888115	0.0123929922357	0.0315050766474
-ruo	0.230399466442	0.0564392535925	0.0235289866469	0.689632293319
-rum	0.142483590295	0.259135618275	0.488458556181	0.109922235249
-lie	0.342632136662	0.298274987425	0.071223653345	0.287869222568
-iom	0.695594879457	0.190137323446	0.0233165837779	0.0909512133181
-rua	0.69696969697	0.272727272727	0.030303030303	0.0
-lia	0.146592295625	0.813628327399	0.0275778779352	0.0122014990413
-eap	0.0928203464796	0.819303978938	0.0240572784882	0.0638183960938
-eas	0.0233009708738	0.965048543689	0.0	0.0116504854369
-abo	0.422819782246	0.153051263439	0.0156935299681	0.408435424347
-144	0.00691244239631	0.260368663595	0.0276497695853	0.705069124424
-abi	0.532820183879	0.371391917896	0.0374171477443	0.058370750481
-oda	0.161316872428	0.708641975309	0.0543209876543	0.075720164609
-eam	0.302395209581	0.679640718563	0.0	0.0179640718563
-uri	0.142843071827	0.205142559641	0.534719262839	0.117295105694
-res	0.00710479573711	0.975725281232	0.00592066311427	0.0112492599171
-urk	0.198979591837	0.683673469388	0.0459183673469	0.0714285714286
-met	0.221022918211	0.197766286316	0.0826936618901	0.498517133584
-ura	0.119680438281	0.208362264343	0.04413850942	0.627818787956
-ure	0.519177320734	0.337131739855	0.108671484158	0.0350194552529
-ion	0.0468942801417	0.798839708634	0.0203747561995	0.133891255025
-uru	0.121682672866	0.395409413526	0.294940291392	0.187967622216
-mep	0.0299016819696	0.947022019989	0.0133257495734	0.00975054846835
-nio	0.560571707902	0.259390663283	0.11807662669	0.0619610021247
-pai	0.0729064039409	0.488669950739	0.0504433497537	0.387980295566
-dus	0.313564278097	0.577040833878	0.0276927310881	0.0817021569369
-pam	0.116546000353	0.38566131026	0.0638354229207	0.433957266466
-pan	0.382546323969	0.56724447101	0.0394500896593	0.0107591153616
-wap	0.0294119946524	0.918049833082	0.0476127186159	0.00492545364992
-api	0.133563796355	0.432746700189	0.329352608422	0.104336895034
-apo	0.52744961779	0.378735232801	0.0820013898541	0.0118137595553
-/10	0.0871670702179	0.740920096852	0.0653753026635	0.106537530266
-apu	0.457182042404	0.479961565085	0.031919261822	0.030937130689
-pap	0.0119589844206	0.850913663295	0.0376521150118	0.0994752372722
-pas	0.0617548458649	0.911274670431	0.00655357547954	0.0204169082247
-pat	0.21999692003	0.281351085067	0.104793235829	0.393858759074
-kau	0.159982266657	0.779288678942	0.0551109480459	0.0056181063542
-oit	0.732756741042	0.145868159023	0.0431717421324	0.0782033578021
-nuo	0.1295797325	0.0679968871143	0.00672912922442	0.795694251162
-lus	0.0682352941176	0.931764705882	0.0	0.0
-ini	0.0566967953985	0.936729663106	0.00657354149548	0.0
-ken	0.0	0.98275862069	0.0172413793103	0.0
-kem	0.308076049	0.579402472147	0.0698409179092	0.0426805609445
-kel	0.190045248869	0.809954751131	0.0	0.0
-sus	0.0	1.0	0.0	0.0
-sop	0.333333333333	0.638888888889	0.0	0.0277777777778
-1/3	0.0	0.265519360787	0.734480639213	0.0
-ket	0.364205256571	0.44055068836	0.172715894869	0.0225281602003
-sos	0.0	0.959568733154	0.0	0.0404312668464
-kep	0.171549856677	0.74941467364	0.0220564101442	0.0569790595392
-oru	0.0142687277051	0.0	0.985731272295	0.0
-nur	0.0357142857143	0.821428571429	0.142857142857	0.0
-nus	0.0	1.0	0.0	0.0
-sua	0.04	0.945	0.0	0.015
-dif	0.287157069641	0.570394935182	0.101748567983	0.0406994271932
-dia	0.0878196500673	0.85464333782	0.0121130551817	0.0454239569313
-sor	0.0	1.0	0.0	0.0
-ori	0.0540540540541	0.918918918919	0.027027027027	0.0
-dis	0.00907898718853	0.959144557652	0.0136184807828	0.0181579743771
-fen	0.107784431138	0.197604790419	0.0179640718563	0.676646706587
-oro	0.401847575058	0.473441108545	0.027713625866	0.0969976905311
-ovo	0.311804008909	0.420935412027	0.267260579065	0.0
-ven	0.105225519742	0.791234612045	0.0163457118047	0.087194156408
-eis	0.128625472888	0.752837326608	0.0882723833543	0.0302648171501
-ova	0.110786594723	0.852383545369	0.0297014999257	0.00712835998217
-uka	0.0866574965612	0.817056396149	0.0	0.0962861072902
-one	0.0	1.0	0.0	0.0
-uke	0.045611432836	0.618015838151	0.254210284316	0.0821624446971
-lua	0.689920087616	0.221851931915	0.0511192161516	0.0371087643174
-afa	0.312348922753	0.283972674724	0.274619022596	0.129059379926
-ing	0.446906435047	0.22253870817	0.0743644183735	0.25619043841
-nng	0.396744659207	0.480925737538	0.0	0.122329603255
-tus	0.0136758816059	0.986324118394	0.0	0.0
-aiu	0.0	1.0	0.0	0.0
-ait	0.402268137422	0.0613602469263	0.036326300968	0.500045314683
-vai	0.0317331163548	0.899918633035	0.0390561432058	0.0292921074043
-aip	0.0570228616521	0.76722178383	0.134492185601	0.0412631689174
-ais	0.263897737769	0.462382223132	0.202747206881	0.0709728322189
-tis	0.0	0.84064665127	0.15935334873	0.0
-aie	0.367741935484	0.516129032258	0.0645161290322	0.0516129032258
-nga	0.0791556728232	0.790744875178	0.117109803126	0.0129896488735
-eta	0.123834886818	0.781624500666	0.0399467376831	0.0545938748336
-aia	0.0564360434038	0.816888045528	0.0890018002298	0.037674110838
-tia	0.0812757201646	0.87962962963	0.0298353909465	0.00925925925928
-aim	0.142654526371	0.111218225553	0.715243598438	0.0308836496386
-ngi	0.0761562870604	0.860380140389	0.0507708580403	0.0126927145101
-tin	0.299599307362	0.337184109484	0.233807081971	0.129409501184
-tio	0.372570194384	0.568034557235	0.048596112311	0.0107991360691
-aii	0.692307692308	0.153846153846	0.153846153846	0.0
-aik	0.44128659248	0.401058809188	0.0888145864897	0.0688400118419
-tik	0.727272727273	0.236363636364	0.0363636363637	0.0
-eme	0.0336574420344	0.955123410621	0.00224382946895	0.00897531787585
-emg	0.432	0.376	0.144	0.048
-ema	0.472225095686	0.325023275059	0.0931002379228	0.109651391331
-emo	0.49251920744	0.450869389406	0.0	0.0566114031542
-260	0.0120481927711	0.10843373494	0.0361445783133	0.843373493976
-emu	0.652173913044	0.24347826087	0.0	0.104347826087
-mmi	0.154360173739	0.684263280989	0.161376545272	0.0
-oni	0.0	0.820971867008	0.0	0.179028132992
-ide	0.555555555556	0.355555555556	0.0444444444444	0.0444444444445
-ins	0.129347130617	0.706695868031	0.0113233461781	0.152633655174
-ana	0.0793481639913	0.454404233028	0.0123744628245	0.453873140157
-int	0.0	0.842105263158	0.157894736842	0.0
-ron	0.0280172413793	0.946982758621	0.025	0.0
-ink	0.029702970297	0.950495049505	0.019801980198	0.0
-bua	0.7074154877	0.142199314109	0.0371146207268	0.113270577464
-liv	0.02	0.9425	0.0375	0.0
-ane	0.328767066086	0.412801120353	0.117359392784	0.141072420778
-000	0.0502107095569	0.128677335448	0.0154083463837	0.805703608611
-bui	0.0956790123456	0.302469135802	0.0138888888889	0.587962962963
-buk	0.117612500141	0.658008609099	0.169470461299	0.0549084294607
-atu	0.0858208955224	0.914179104478	0.0	0.0
-bun	0.110899828298	0.478536865598	0.0432909446764	0.367272361428
-buo	0.0989852950411	0.116358109929	0.0270892539367	0.757567341093
-bul	0.072	0.925	0.003	0.0
-lim	0.180642000399	0.45159592807	0.340325536664	0.0274365348673
-nos	0.0474308300395	0.897233201581	0.0553359683794	0.0
-bum	0.412261304675	0.402880556128	0.133875016035	0.0509831231616
-lin	0.8	0.154285714286	0.0	0.0457142857143
-300	0.0908479138627	0.192462987887	0.0403768506056	0.676312247645
-uun	0.0964690005108	0.0629152559711	0.0198495885825	0.820766154936
-ata	0.0575928820488	0.933028736323	0.00577131177107	0.00360706985691
-bur	0.459016393443	0.508196721311	0.0	0.0327868852459
-ato	0.0387253078471	0.875535334459	0.0475005007583	0.0382388569358
-bup	0.398030635474	0.319396554579	0.0890090766671	0.19356373328
-pma	0.150100138282	0.154514976461	0.0353176795958	0.660067205661
-but	0.0992868776687	0.803715279306	0.023748734428	0.0732491085971
-kob	0.00460829493087	0.764976958525	0.00921658986174	0.221198156682
-nir	0.206500956023	0.34034416826	0.430210325048	0.0229445506692
-nis	0.0252631578947	0.974736842105	0.0	0.0
-kai	0.103270223752	0.798623063683	0.0361445783133	0.0619621342513
-edi	0.00541271989173	0.994587280108	0.0	0.0
-osa	0.0	1.0	0.0	0.0
-kan	0.187071867822	0.0293223048916	0.101459198936	0.68214662835
-nit	0.315193607507	0.176836657917	0.12539272138	0.382577013196
-ula	0.262949725059	0.0799732526828	0.0189309898907	0.638146032368
-osi	0.394736842105	0.423684210526	0.102631578947	0.0789473684211
-kaf	0.690476190476	0.190476190476	0.047619047619	0.0714285714286
-ule	0.121621621622	0.77027027027	0.0810810810811	0.027027027027
-nia	0.160802901132	0.802137676549	0.0201997709632	0.0168596513551
-nie	0.370904974174	0.321304747753	0.112856435293	0.194933842779
-kas	0.0610483332996	0.863348763872	0.00849016555823	0.0671127372697
-kar	0.0	0.965517241379	0.0	0.0344827586207
-ave	0.606242496999	0.208883553421	0.141656662665	0.0432172869147
-nin	0.245388196081	0.460950520085	0.174702603299	0.118958680536
-oma	0.2143177203	0.340553526995	0.173227445634	0.271901307071
-mua	0.748508765511	0.163064635842	0.0581314878893	0.030295110758
-ulu	0.221285563751	0.405690200211	0.335089567966	0.0379346680716
-nou	0.104460914557	0.0492238847714	0.809117605929	0.037197594742
-kuf	0.0688348594885	0.751184085886	0.172402904957	0.00757814966844
-fis	0.401515151515	0.575757575758	0.0227272727273	0.0
-tak	0.0857949909406	0.131586026163	0.498419908746	0.284199074151
-fik	0.0	0.953063885267	0.0430247718383	0.00391134289439
-mti	0.756715440052	0.0323214675693	0.155929242193	0.0550338501856
-dak	0.113726449719	0.644952287742	0.200782970394	0.0405382921458
-fia	0.0	1.0	0.0	0.0
-fif	0.0459827061674	0.91291154135	0.0222946454145	0.0188111070685
-fig	0.00379027163613	0.969677826911	0.0189513581807	0.00758054327226
-vik	0.548646671544	0.381126554499	0.0263350402341	0.0438917337234
-ilu	0.715447154472	0.271002710027	0.0108401084011	0.00271002710027
-fup	0.280442804428	0.667896678967	0.0	0.0516605166051
-via	0.591822264579	0.238872159731	0.0779275348382	0.0913780408514
-vim	0.466211477537	0.316934164174	0.107665395684	0.109188962604
-nei	0.0770297029703	0.0534653465347	0.814257425743	0.0552475247524
-ire	0.10147746501	0.303453905578	0.436101395293	0.158967234118
-vie	0.0636264162759	0.0320012878076	0.0858873784181	0.818484917498
-ile	0.376649855135	0.2434810602	0.0096576885932	0.370211396073
-ila	0.110225183846	0.217826485527	0.0197765574552	0.652171773171
-ilo	0.451289478184	0.261820466361	0.0435026902252	0.243387365229
-vit	0.00357159864755	0.974522596314	0.000714319729511	0.0211914853088
-ili	0.0101747207422	0.952988413947	0.0285548614378	0.00828200387295
-ebi	0.0366972477064	0.963302752294	0.0	0.0
-oam	0.00743494423791	0.977695167286	0.0	0.0148698884759
-ige	0.00131166654521	0.318953581578	0.672593456241	0.00714129563508
-eba	0.114918236303	0.0147538906199	0.00459274475429	0.865735128322
-igi	0.407852044127	0.365022712524	0.190136275146	0.0369889682025
