-cab	0.785046728972	0.0747663551402	0.140186915888	0.0
-cag	0.329787234043	0.670212765957	0.0	0.0
-īsū	0.034460384594	0.806058375023	0.0792122735325	0.0802689668505
-akā	0.118381792583	0.201203838851	0.0165334091115	0.663880959454
-hem	0.217205221485	0.28006633854	0.0909479991441	0.41178044083
-rba	0.046511627907	0.953488372093	0.0	0.0
-ive	0.0	1.0	0.0	0.0
-rbe	0.0888888888889	0.911111111111	0.0	0.0
-íja	0.0	1.0	0.0	0.0
-u-m	0.375425596225	0.336795304304	0.116347185117	0.171431914354
-gká	0.0701754385965	0.912280701754	0.0175438596491	0.0
-imí	0.113437996248	0.023190825945	0.0107318036873	0.85263937412
-rwá	0.0827783063748	0.851569933397	0.0323501427212	0.0333016175071
-árā	0.370199249206	0.232746173838	0.0872076234479	0.309846953508
-ufu	0.0867204662121	0.842425760042	0.0448171460441	0.0260366277018
-xen	0.225449406755	0.555293796073	0.152894341457	0.0663624557149
-ūfā	0.505035632252	0.129409859238	0.204399552388	0.161154956122
-úku	0.372881355932	0.474576271186	0.0847457627119	0.0677966101695
-shi	0.164052279276	0.782346480961	0.033297739853	0.0203034999103
-éfé	0.09375	0.3125	0.03125	0.5625
-asā	0.0146699266504	0.713936430318	0.271393643032	0.0
-xeb	0.135017421603	0.822299651568	0.0095818815331	0.0331010452962
-zin	0.0235294117647	0.952941176471	0.0	0.0235294117647
-fii	0.389357560026	0.315379623621	0.00973393900065	0.285528877352
-úke	0.00784132841327	0.983856088561	0.00830258302584	0.0
-nse	0.0297740603731	0.910714715475	0.0349939882543	0.0245172358972
-áwu	0.358452138493	0.61099796334	0.0	0.030549898167
-r-m	0.460675274779	0.300425865911	0.124749233701	0.114149625609
-nti	0.142504579087	0.788426349156	0.0547789189804	0.0142901527775
-hwū	0.255061065108	0.472181450608	0.244094270127	0.0286632141571
-bab	0.369356300997	0.494832275612	0.0901178603808	0.0456935630099
-utá	0.223855076482	0.721798604372	0.031055039512	0.023291279634
-pur	0.340439217128	0.217587062391	0.406138013415	0.035835707066
-pus	0.0	1.0	0.0	0.0
-nta	0.134078212291	0.815642458101	0.0	0.0502793296089
-īsī	0.397595725735	0.290739091719	0.0979519145146	0.213713268032
-tsō	0.137833919328	0.0753379879794	0.0759342098115	0.710893882881
-ayī	0.10958908164	0.0565165881085	0.0418562653193	0.792038064933
-ū-m	0.10064766085	0.520781776397	0.0373283887154	0.341242174038
-apa	0.0694597574421	0.92447629548	0.00441014332966	0.00165380374862
-her	0.231346129401	0.763315113766	0.0	0.00533875683234
-i-m	0.527973793762	0.148611205896	0.0447143929571	0.278700607384
-óta	0.0	1.0	0.0	0.0
-umū	0.0219298245614	0.904970760234	0.0730994152047	0.0
-pam	0.26966905655	0.445254261431	0.17040976212	0.114666919899
-cwu	0.208343300005	0.527962493422	0.21891594508	0.0447782614936
-wín	0.142185773715	0.684724394984	0.120600373845	0.0524894574559
-ayā	0.067617538299	0.713681986265	0.199683042789	0.0190174326466
-ama	0.00902527075812	0.980144404332	0.0108303249097	0.0
-arí	0.0101694915254	0.989830508475	0.0	0.0
-hen	0.0380348652932	0.933438985737	0.0285261489699	0.0
-cwe	0.054687689656	0.872702886413	0.0311986664401	0.0414107574912
-tík	0.616071428571	0.196428571429	0.0535714285714	0.133928571429
-zor	0.0	1.0	0.0	0.0
-sma	0.670461962434	0.303865399956	0.0221916020016	0.0034810356081
-pxú	0.140718562874	0.791017964072	0.0431137724551	0.0251497005988
-máa	0.0255108418295	0.0153033061489	0.00890477433953	0.950281077682
-cwo	0.117230725229	0.0989736989116	0.0916596987705	0.692135877089
-máe	0.376623376623	0.155844155844	0.181818181818	0.285714285714
-opa	0.298642533937	0.64705882353	0.0542986425339	0.0
-tíg	0.357894736842	0.2	0.442105263158	0.0
-msa	0.421731123389	0.406998158379	0.0939226519337	0.0773480662983
-isī	0.0862316757689	0.708536935901	0.144869215292	0.0603621730382
-hén	0.0365448504983	0.843853820598	0.063122923588	0.0564784053156
-deg	0.0657365173061	0.93211698417	0.0	0.00214649852428
-īfū	0.0586892729051	0.934789696772	0.0	0.00652103032279
-mur	0.025641025641	0.974358974359	0.0	0.0
-bwā	0.391428571429	0.522857142857	0.0857142857143	0.0
-bwá	0.57264957265	0.213675213675	0.188034188034	0.025641025641
-ima	0.00303958366914	0.990052271628	0.00248693209293	0.00442121260967
-kyī	0.164443891197	0.163709119063	0.162210564223	0.509636425517
-ilu	0.00970873786407	0.990291262136	0.0	0.0
-oki	0.0655820618731	0.928517238473	0.00590069965438	0.0
-ītā	0.433531719608	0.263074472998	0.256356007797	0.0470377995958
-imi	0.716049382716	0.0864197530864	0.197530864198	0.0
-úbá	0.58064516129	0.241935483871	0.0483870967742	0.129032258064
-fcī	0.442857142857	0.514285714286	0.0285714285714	0.0142857142857
-rwa	0.305014834648	0.504667486794	0.130979086765	0.0593385917939
-bwē	0.343884329816	0.142633841344	0.445877295819	0.0676045330207
-ōra	0.405882352941	0.251470588235	0.154411764706	0.188235294118
-yān	0.225352112676	0.696177062374	0.0482897384305	0.0301810865191
-bir	0.238795267121	0.154535675869	0.567945500179	0.0387235568304
-dub	0.482114083145	0.314212052852	0.163175421635	0.0404984423676
-ida	0.0352941176471	0.964705882353	0.0	0.0
-áwù	0.245257452575	0.315718157182	0.327913279133	0.111111111111
-áli	0.0483339436104	0.95166605639	0.0	0.0
-ícī	0.00853457472604	0.284647463874	0.694210066919	0.0126078944816
-bim	0.333333333333	0.537037037037	0.111111111111	0.0185185185185
-sin	0.0	0.839024390244	0.160975609756	0.0
-kyē	0.231052332366	0.650459292062	0.0947907004578	0.0236976751144
-ter	0.0	0.949152542373	0.0508474576271	0.0
-uta	0.0	1.0	0.0	0.0
-isū	0.105508967462	0.0915560766128	0.00919737664582	0.793737579279
-rúm	0.13503114694	0.738182484426	0.100403078051	0.0263832905827
-gru	0.16224648986	0.229329173167	0.608424336973	0.0
-ntá	0.281481481482	0.562962962963	0.0444444444444	0.111111111111
-bbi	0.227722772277	0.445544554455	0.0	0.326732673267
-uti	0.0	1.0	0.0	0.0
-rij	0.263736263736	0.0989010989011	0.043956043956	0.593406593407
-úya	0.047619047619	0.952380952381	0.0	0.0
-teb	0.800804828974	0.156941649899	0.0120724346076	0.0301810865191
-gra	0.911122174649	0.088877825351	0.0	0.0
-ris	0.0147058823529	0.985294117647	0.0	0.0
-xén	0.515151515152	0.424242424242	0.0	0.0606060606061
-utu	0.582352941176	0.3	0.0823529411765	0.0352941176471
-ē-m	0.0376427396215	0.740781510613	0.00979479449335	0.211780955272
-éng	0.293155544947	0.239119231416	0.0920044049279	0.375720818709
-ten	0.306001218522	0.529904549147	0.0428513403737	0.121242891958
-ánī	0.219202680637	0.263466153436	0.0541962375649	0.463134928362
-ara	0.491953093409	0.343307723413	0.0730287100687	0.0917104731096
-mes	0.0	0.981308411215	0.018691588785	0.0
-eri	0.120356612184	0.736998514116	0.1426448737	0.0
-éyu	0.0149253731343	0.746268656716	0.0	0.238805970149
-gye	0.624657534247	0.334246575342	0.0164383561644	0.0246575342466
-lus	0.0303628178793	0.902127832271	0.00318425603916	0.0643250938107
-cwù	0.482666348107	0.398841237606	0.0315255047187	0.0869669095687
-róm	0.108091885248	0.680288117991	0.108282439475	0.103337557285
-cwú	0.335313452684	0.26160471214	0.22005356986	0.183028265315
-aru	0.0313871076612	0.921025987175	0.00809989875127	0.0394870064124
-de–	0.608333333333	0.291666666667	0.0	0.1
-lun	0.0	0.978321563475	0.0216784365249	0.0
-ēra	0.614624505929	0.308300395257	0.0237154150198	0.0533596837944
-éya	0.0	0.979695431472	0.0203045685279	0.0
-āfe	0.526532184645	0.0636480575353	0.0183322884163	0.391487469403
-cīn	0.173685130176	0.405032325703	0.414467936397	0.00681460772322
-ntī	0.188629109769	0.405670662444	0.210591170332	0.195109057454
-aya	0.00815217391304	0.986413043478	0.00108695652174	0.00434782608696
-cwē	0.217924434254	0.54098959891	0.117303027282	0.123782939554
-bág	0.559164077944	0.0369951990963	0.0	0.40384072296
-báe	0.728087855429	0.164770142531	0.0190267339841	0.0881152680562
-báb	0.484557867907	0.447035225115	0.0342785787397	0.034128328238
-gmá	0.0520616954708	0.0258324757828	0.028784846713	0.893320982033
-áán	0.154639175258	0.639175257732	0.185567010309	0.020618556701
-cwā	0.14201183432	0.396449704142	0.284023668639	0.177514792899
-yéē	0.143191431914	0.130321303213	0.0288002880029	0.69768697687
-tóm	0.122082553171	0.812666896763	0.0296624369036	0.0355881131622
-àen	0.310973243451	0.283065322371	0.2408629122	0.165098521978
-éte	0.0177215189873	0.962025316456	0.0	0.0202531645569
-yus	0.010980966325	0.940702781845	0.01317715959	0.0351390922401
-áfu	0.179670629117	0.270721718813	0.0397912890958	0.509816362975
-áwū	0.128339050892	0.223305943743	0.111802207719	0.536552797646
-ána	0.0120409391933	0.886815171583	0.0596026490066	0.0415412402168
-ntā	0.547773356928	0.280564916987	0.0589488396208	0.112712886464
-ubu	0.000602651667335	0.996986741663	0.000602651667336	0.00180795500201
-būg	0.161731207289	0.366742596811	0.375854214123	0.0956719817768
-wàe	0.581894582991	0.418105417009	0.0	0.0
-nsū	0.0713174011143	0.904369848506	0.0	0.0243127503799
-uba	0.0357142857143	0.892857142857	0.0357142857143	0.0357142857143
-būr	0.669195751138	0.194233687405	0.0242792109256	0.112291350531
-úkū	0.109489726056	0.777303732949	0.0499512138542	0.0632553271408
-kyi	0.492353752678	0.446887199507	0.0287651530717	0.031993894743
-xam	0.233146067416	0.699438202247	0.0674157303371	0.0
-ufū	0.0696556744802	0.80823017507	0.0881753235158	0.0339388269337
-ājí	0.240129799892	0.243374797188	0.126554894538	0.389940508383
-isí	0.250379362671	0.443854324734	0.280728376328	0.0250379362671
-pām	0.103930712858	0.880079946702	0.00799467021985	0.00799467021985
-oti	0.0282284231019	0.925454250487	0.0107073329007	0.0356099935107
-pāb	0.524996126524	0.341098803382	0.0249480929072	0.108956977186
-tág	0.269143440993	0.153464641185	0.143715963265	0.433675954557
-iji	0.550056667926	0.386475255006	0.0634680770684	0.0
-hwe	0.385714285714	0.528571428571	0.0857142857143	0.0
-īmí	0.222222222222	0.6	0.0	0.177777777778
-yén	0.279130764423	0.287696074916	0.371119057133	0.0620541035282
-btā	0.648606387154	0.141693511463	0.136156261242	0.0735438401413
-otu	0.0210988399503	0.97890116005	0.0	0.0
-isù	0.47087857848	0.353405725568	0.118460019743	0.0572556762093
-a-m	0.222004965178	0.545510468616	0.0569018169035	0.175582749302
-umm	0.494845360825	0.396907216495	0.10824742268	0.0
-búb	0.180041533472	0.44322887743	0.159289730966	0.217439858133
-ráe	0.145958727429	0.527515047292	0.116165090284	0.210361134996
-umi	0.0	0.836734693878	0.0	0.163265306122
-hwu	0.675447316103	0.233598409543	0.0283300198807	0.0626242544731
-kib	0.407766990291	0.359223300971	0.0873786407767	0.145631067961
ALL	0.199790693102	0.340524518694	0.0627880256158	0.396896762588
-áeb	0.187360624516	0.264921683232	0.484624558258	0.0630931339937
-nan	0.0189873417722	0.981012658228	0.0	0.0
-bwé	0.0599999999999	0.22	0.69	0.03
-aki	0.0	1.0	0.0	0.0
-nam	0.246700263979	0.399088072954	0.300455963523	0.053755699544
-nab	0.0476484107854	0.943943046135	0.00420427153989	0.00420427153989
-sir	0.0315918513903	0.726507632574	0.0131385099793	0.228762006057
-ake	0.0	0.979166666667	0.0208333333333	0.0
-oyi	0.0312825860271	0.943691345151	0.00417101147029	0.0208550573514
-kin	0.0963873471456	0.877059780218	0.00910264354192	0.0174502290942
-kim	0.0	1.0	0.0	0.0
-áen	0.270214626244	0.374600883188	0.253143454971	0.102041035598
-kis	0.0	1.0	0.0	0.0
-ótō	0.0985626283367	0.829568788501	0.0595482546201	0.0123203285421
-eēn	0.0796731358529	0.375893769152	0.0929519918284	0.451481103166
-sim	0.0795178358169	0.0455788821944	0.0184313598242	0.856471922164
-nsī	0.672325225551	0.127969482069	0.0184735358183	0.181231756562
-nas	0.0307062436028	0.910951893552	0.0276356192426	0.0307062436028
-aku	0.00411946446962	0.991761071061	0.00411946446961	0.0
-úko	0.132295719844	0.692607003891	0.0350194552529	0.140077821012
-sig	0.133757961783	0.808917197452	0.0573248407643	0.0
-cwū	0.33894821603	0.357788256583	0.249280179672	0.0539833477147
-cáb	0.0458452722063	0.389684813754	0.338108882521	0.226361031519
-mos	0.0223463687151	0.95530726257	0.0111731843575	0.0111731843575
-wun	0.363475699558	0.552577319588	0.0671575846833	0.0167893961708
-amu	0.0169052695705	0.813699360341	0.0152299725861	0.154165397502
-wug	0.166281755196	0.799076212471	0.0277136258661	0.00692840646651
-gog	0.0333333333333	0.933333333333	0.0333333333333	0.0
-sīn	0.281501340483	0.663538873995	0.00670241286863	0.0482573726541
-wār	0.195139074619	0.202427119551	0.0307568868681	0.571676918962
-óbo	0.522862823062	0.322067594433	0.0775347912525	0.0775347912525
-wur	0.205628694335	0.579977778988	0.104693966068	0.109699560609
-āmá	0.275784753363	0.54932735426	0.0605381165919	0.114349775785
-mon	0.0196353436185	0.974754558205	0.0	0.00561009817671
-pág	0.323157110946	0.425539836187	0.211466865227	0.0398361876396
-óba	0.0	1.0	0.0	0.0
-jīb	0.242035187827	0.363290537328	0.372483753368	0.0221905214773
-utā	0.0371077184054	0.651187446989	0.252332485157	0.0593723494487
-kīm	0.341991341991	0.308080808081	0.34126984127	0.00865800865802
-yas	0.0433369447454	0.922535211268	0.034127843987	0.0
-kīn	0.173180793531	0.566717064778	0.0687557937873	0.191346347904
-ber	0.0	1.0	0.0	0.0
-mfa	0.037037037037	0.962962962963	0.0	0.0
-sub	0.74828822954	0.0707531790023	0.0440169546788	0.136941636779
-yae	0.512358000226	0.317716789898	0.0599132369508	0.110011972925
-utē	0.41468083444	0.190327369326	0.122275177748	0.272716618486
-yag	0.171839943996	0.644145235134	0.13042674796	0.0535880729098
-ōng	0.24603224879	0.486982072635	0.231413576848	0.0355721017265
-ben	0.378428021106	0.466445367227	0.0281794744216	0.126947137246
-bel	0.0412371134021	0.953608247423	0.0	0.00515463917525
-yab	0.322784810127	0.677215189873	0.0	0.0
-sīm	0.0217113571075	0.914040749411	0.0562722929113	0.0079756005701
-yan	0.0526315789473	0.868421052632	0.0789473684211	0.0
-túm	0.063829787234	0.712765957447	0.143617021277	0.0797872340425
-kob	0.267098499199	0.189101760087	0.032364798172	0.511434942542
-upu	0.144927536232	0.768115942029	0.0	0.0869565217391
-ren	0.411663564969	0.327568084301	0.0591719904493	0.201596360281
-wòg	0.531578947369	0.226315789474	0.168421052632	0.0736842105262
-isi	0.0442342832324	0.787568816493	0.14311091634	0.025085983934
-ish	0.037037037037	0.925925925926	0.037037037037	0.0
-ijí	0.348325358852	0.597129186603	0.0373205741627	0.0172248803828
-ise	0.16394944129	0.330106728628	0.128488927025	0.377454903057
-pom	0.15	0.338235294118	0.211764705882	0.3
-isa	0.105868118572	0.839858266356	0.0191858957739	0.0350877192983
-hwú	0.282488038277	0.502200956938	0.177416267943	0.0378947368421
-sáb	0.540160242957	0.317116161929	0.0403115891011	0.102412006014
-ábá	0.366471734893	0.571150097466	0.0389863547758	0.0233918128655
-sáe	0.748923373381	0.0914877155077	0.0215763273529	0.138012583758
-ann	0.0563450188284	0.908889824016	0.0283990979618	0.00636605919356
-grū	0.632756977467	0.291329094939	0.0262252255787	0.0496887020159
-iti	0.0234029643755	0.944352951374	0.0322440842507	0.0
-sám	0.0	0.934721790488	0.0652782095119	0.0
-túr	0.200904767428	0.647546688319	0.0836329892124	0.06791555504
-únn	0.524672381619	0.210028399029	0.0811907535133	0.184108465839
-hab	0.407146724418	0.329723876557	0.120194910666	0.142934488359
-rím	0.00761288259617	0.992387117404	0.0	0.0
-úwá	0.167132867133	0.663636363636	0.135664335664	0.0335664335664
-hag	0.59890315768	0.234186054433	0.0504990291924	0.116411758695
-úng	0.852419797398	0.0550395677715	0.0130539744111	0.0794866604196
-kwa	0.53488372093	0.46511627907	0.0	0.0
-mas	0.0111524163569	0.959107806691	0.0223048327138	0.00743494423792
-mar	0.0	1.0	0.0	0.0
-úwé	0.219685739697	0.712718648088	0.0391343018085	0.0284613104062
-arū	0.0183091007001	0.9267635972	0.0549273021002	0.0
-pwá	0.218961563908	0.69795508992	0.0670720839111	0.0160112622615
-mam	0.0330745673245	0.757023103296	0.0162406823311	0.193661647048
-akú	0.37984496124	0.591085271318	0.0	0.0290697674418
-man	0.00707952668308	0.983818224724	0.0080908876378	0.00101136095473
-haz	0.0	1.0	0.0	0.0
-áti	0.0245074483421	0.592023065834	0.383469485824	0.0
-mae	0.0481403413341	0.138641463249	0.108519752499	0.704698442918
-ábā	0.259126838542	0.339225561151	0.148083914218	0.253563686089
-íya	0.0291387280644	0.906874902951	0.0418787957202	0.0221075732646
-yon	0.017199017199	0.958230958231	0.019656019656	0.00491400491401
-cwó	0.462209302326	0.473837209302	0.0116279069768	0.0523255813953
-unn	0.274499864702	0.44704193678	0.150047897031	0.128410301487
-gsú	0.0	1.0	0.0	0.0
-une	0.388161086851	0.437166424066	0.0145560407569	0.160116448326
-eké	0.0677200902934	0.729119638826	0.20316027088	0.0
-ung	0.0282136820772	0.908030046769	0.0496436304001	0.014112640754
-una	0.0938820024905	0.880806074861	0.0118013787266	0.0135105439215
-jīm	0.374416180724	0.346333022601	0.223876667692	0.0553741289829
-ímí	0.101173794728	0.171296860404	0.0400064985175	0.687522846351
-ī-m	0.348271829026	0.29015017162	0.238220013396	0.123357985958
-ībá	0.545642543698	0.298121413421	0.0702273122041	0.0860087306769
-urú	0.384615384615	0.392307692308	0.192307692308	0.0307692307692
-ínn	0.0669845976542	0.806962868702	0.0895824079521	0.0364701256918
-him	0.055429533148	0.915666617884	0.0245133908971	0.00439045807113
-gag	0.262105786726	0.19485736232	0.53000396653	0.0130328844229
-fyī	0.0515463917526	0.886597938144	0.0	0.0618556701031
-yíb	0.258556511729	0.389087549053	0.143361412167	0.208994527051
-yíg	0.109315638156	0.783987062327	0.0549851114078	0.0517121881097
-así	0.28432563791	0.628189550425	0.0874848116646	0.0
-sēn	0.292953088417	0.314574988318	0.344453110306	0.0480188129581
-yím	0.121518987342	0.863291139241	0.0	0.0151898734177
-asé	0.169811320755	0.547169811321	0.0188679245283	0.264150943396
-nyí	0.14980297026	0.744883620994	0.0204059424265	0.0849074663191
-àng	0.272783209134	0.550146988446	0.014357011007	0.162712791413
-yír	0.554421377639	0.121614718448	0.0470157274558	0.276948176458
-asó	0.167701863354	0.795031055901	0.0372670807453	0.0
-tsó	0.514620413531	0.240849205676	0.0401371575107	0.204393223282
-mbé	0.577299812462	0.267810298815	0.0434977269213	0.111392161802
-asú	0.295149589872	0.467426864539	0.144374377697	0.0930491678915
-asù	0.702479338843	0.223140495868	0.0	0.0743801652892
-bas	0.020030816641	0.942475603493	0.025166923472	0.0123266563945
-sen	0.245618733723	0.132780169883	0.0199555467994	0.601645549595
-pyē	0.663265306122	0.283163265306	0.0	0.0535714285714
-inn	0.118419085276	0.78345211791	0.0615243189961	0.0366044778186
-ina	0.00555555555555	0.983333333333	0.00555555555555	0.00555555555556
-ine	0.141930089099	0.0870201381475	0.0631836840847	0.707866088669
-ārī	0.16	0.24	0.04	0.56
-ā-m	0.163077117313	0.639972266753	0.0389618174507	0.157988798484
-use	0.256818181818	0.688636363636	0.0409090909091	0.0136363636364
-raé	0.217667844523	0.703180212014	0.0791519434629	0.0
--me	0.542334897402	0.318999929967	0.101687793263	0.0369773793683
-ēnn	0.0815458252083	0.777782961214	0.0543016822325	0.0863695313448
-ser	0.106223899795	0.794741022685	0.0633133541698	0.03572172335
--nī	0.296165029093	0.352697310523	0.0834171068768	0.267720553507
-ití	0.0640046879295	0.0336081157794	0.0115535651744	0.890833631117
-éēn	0.206896551724	0.448275862069	0.344827586207	0.0
-eda	0.0785854616896	0.92141453831	0.0	0.0
-fub	0.0817080529125	0.815511719657	0.0792480854027	0.0235321420283
-kur	0.58064516129	0.393548387097	0.0	0.0258064516129
-úsa	0.162939297125	0.817891373802	0.0	0.0191693290734
-usa	0.046405054976	0.931463784663	0.00304987722289	0.0190812831381
-edi	0.0	0.992125984252	0.00492125984252	0.00295275590551
-nes	0.0568181818182	0.863636363636	0.0227272727273	0.0568181818182
-sóg	0.0405934249649	0.864282087497	0.0135917465062	0.0815327410318
-kug	0.492271105826	0.464922711058	0.0285374554102	0.0142687277051
-rēē	0.157346702661	0.080408792904	0.0146548399537	0.747589664481
-fur	0.35761010221	0.439563536463	0.154459607664	0.0483667536624
-kub	0.0	0.867436605574	0.132563394426	0.0
-kun	0.126192609773	0.522270834432	0.1983026725	0.153233883296
-kum	0.102995327143	0.816765114614	0.0642765561804	0.0159630020633
-átí	0.0	0.88	0.0	0.12
-kuj	0.0873786407767	0.854368932039	0.0582524271845	0.0
-ugé	0.0221811460259	0.977818853974	0.0	0.0
-áté	0.545454545455	0.30303030303	0.030303030303	0.121212121212
-eka	0.0	1.0	0.0	0.0
-bam	0.0773886727194	0.114137483787	0.681366191094	0.127107652399
-uré	0.500710557088	0.467714412	0.0230287635747	0.0085462673373
-ímu	0.0727272727272	0.863636363636	0.0545454545455	0.0090909090909
-bag	0.132852729145	0.812564366632	0.0278063851699	0.0267765190525
-eki	0.0	1.0	0.0	0.0
-bae	0.13327753474	0.74933502791	0.0289051540943	0.0884822832556
-hon	0.0	1.0	0.0	0.0
-baa	0.40490797546	0.269938650307	0.0920245398773	0.233128834356
-hor	0.0	1.0	0.0	0.0
-bar	0.345	0.61	0.0	0.045
-hir	0.610441519337	0.165028351035	0.063442516928	0.1610876127
--wā	0.607929515419	0.1640969163	0.0594713656387	0.168502202643
-ata	0.0308600563532	0.903394606199	0.0576948879646	0.00805044948342
-awū	0.054751053032	0.0163573731831	0.00105950764621	0.927832066139
-úmū	0.205339805825	0.777184466019	0.0116504854369	0.00582524271845
-ase	0.0248447204969	0.962732919255	0.0124223602485	0.0
-nya	0.0685194895997	0.877993357805	0.0293654955428	0.024121657053
-asa	0.0	0.857142857143	0.0	0.142857142857
-adá	0.174672489083	0.733624454149	0.0	0.0917030567686
-kāb	0.398408579181	0.383214530883	0.10145197268	0.116924917256
-ékā	0.100364963504	0.77098540146	0.10401459854	0.0246350364964
-kāg	0.454231433506	0.47322970639	0.0673575129533	0.00518134715027
-asi	0.237430167598	0.460893854749	0.150837988827	0.150837988827
-ucī	0.292887029289	0.476987447699	0.146443514644	0.0836820083682
-mba	0.134610890395	0.785463893433	0.00981537742462	0.0701098387473
-wōg	0.0404265029607	0.110429685033	0.00639959516679	0.84274421684
-yel	0.0633223278963	0.918937564677	0.00887005371313	0.0088700537131
-ayi	0.0298165137615	0.961009174312	0.00917431192661	0.0
-yen	0.278271188326	0.42727087312	0.0573582036972	0.237099734856
-áse	0.0	1.0	0.0	0.0
-túg	0.0322740611005	0.923561434236	0.0373699654848	0.00679453917902
-wōm	0.200668896321	0.648829431438	0.140468227425	0.010033444816
-sūb	0.0236857688006	0.46805710902	0.508257122179	0.0
-ayē	0.0926260683452	0.107087593458	0.019812289404	0.780474048793
-awā	0.218623481781	0.31983805668	0.103238866397	0.358299595142
-sūm	0.177570093458	0.757009345794	0.0467289719626	0.018691588785
-ras	0.0	0.798076923077	0.201923076923	0.0
-bén	0.223303942416	0.463991173828	0.03956153853	0.273143345226
-xob	0.0940170940171	0.666666666667	0.239316239316	0.0
-īnī	0.0555555555555	0.861111111111	0.0555555555556	0.0277777777778
-ral	0.0188679245283	0.698113207547	0.283018867925	0.0
-ram	0.0	1.0	0.0	0.0
-āne	0.136596355406	0.159971014584	0.044763748478	0.658668881532
-āng	0.149002364749	0.322844831985	0.260602069812	0.267550733454
-ité	0.697170946374	0.0889969002976	0.0692487567076	0.144583396621
-era	0.754925381472	0.156627223893	0.0226788191373	0.0657685754983
-rab	0.022641509434	0.524528301887	0.384905660377	0.0679245283018
-tín	0.5	0.5	0.0	0.0
-xom	0.0496481863942	0.913833829538	0.0153644645907	0.0211535194772
-rez	0.0	1.0	0.0	0.0
-átu	0.0	1.0	0.0	0.0
-kūm	0.413657988844	0.189053832608	0.138360483536	0.258927695013
-gté	0.780509656504	0.0964726745422	0.0655774044279	0.0574402645263
-úsá	0.251046025105	0.523012552301	0.0	0.225941422594
-kūb	0.595682302772	0.351679104478	0.0265572646969	0.0260813280536
-érā	0.449826989619	0.467128027682	0.0207612456748	0.0622837370242
--wū	0.266723987258	0.447417800503	0.0770347783448	0.208823433894
-azi	0.0	0.919642857143	0.0803571428572	0.0
-áta	0.0124639037586	0.987536096241	0.0	0.0
-yóg	0.669039145907	0.202846975089	0.0213523131672	0.106761565836
-mām	0.267348843425	0.111583504503	0.0839603300553	0.537107322017
-kūr	0.953151085142	0.0468489148581	0.0	0.0
-pog	0.63025210084	0.285714285714	0.0168067226891	0.0672268907563
-nra	0.648854961832	0.221374045801	0.0524809160305	0.0772900763359
-eva	0.0	0.925925925926	0.0	0.074074074074
-fob	0.334539947795	0.114819328857	0.0981591934059	0.452481529943
-lag	0.16875263676	0.83124736324	0.0	0.0
-āra	0.495652173913	0.373913043478	0.0260869565217	0.104347826087
-ika	0.175437201908	0.749364069952	0.0578696343402	0.0173290937997
-iko	0.0118343195266	0.988165680473	0.0	0.0
-lam	0.112164296998	0.873617693523	0.0142180094786	0.0
-nos	0.0	1.0	0.0	0.0
-iki	0.0	1.0	0.0	0.0
-iku	0.327092511013	0.469162995595	0.068281938326	0.135462555066
-iks	0.0	0.8125	0.1875	0.0
-non	0.0344827586207	0.931034482759	0.0344827586207	0.0
-las	0.0	0.975308641975	0.0246913580247	0.0
-imu	0.022869022869	0.933471933472	0.0	0.043659043659
-ewé	0.650793650794	0.047619047619	0.0	0.301587301587
-efā	0.456624792605	0.446097021411	0.0668602354428	0.0304179505412
-awé	0.162521437005	0.128550380259	0.11098741318	0.597940769555
-fáe	0.104702750665	0.336734693878	0.0967169476487	0.461845607808
-bom	0.0	1.0	0.0	0.0
-awá	0.0419987077321	0.802929140642	0.0437935243018	0.111278627324
-fōb	0.933333333333	0.0666666666667	0.0	0.0
-awù	0.387108766875	0.261991619614	0.115869290765	0.235030322746
-yáe	0.61544474845	0.273828801161	0.0527109274666	0.0580155229215
-awú	0.219230769231	0.623076923077	0.134615384615	0.0230769230769
-yág	0.129707112971	0.601115760112	0.239888423989	0.0292887029289
-dob	0.0723900546474	0.837122377043	0.0755837335289	0.0149038347804
-pye	0.100466079751	0.5054375971	0.231486276541	0.162610046608
-yáb	0.205331186079	0.773335703679	0.010666555121	0.010666555121
-yám	0.301740096261	0.590707145502	0.0612736023695	0.0462791558682
-pyi	0.678571428571	0.321428571429	0.0	0.0
-dom	0.00628539527225	0.926670388491	0.0670442162372	0.0
-bāa	0.357710487487	0.0201447032591	0.00049536327604	0.621649445978
-dok	0.0	1.0	0.0	0.0
-ógu	0.0	1.0	0.0	0.0
-sar	0.0289701777582	0.897164683414	0.0471279565153	0.0267371823123
-ují	0.566015157559	0.341443956921	0.0757877941763	0.0167530913443
-txí	0.155101530772	0.405519103439	0.193604739106	0.245774626683
-tom	0.113918853861	0.0729362237539	0.758149613625	0.0549953087603
-íla	0.0459610927482	0.923471219822	0.0123256804152	0.0182420070145
-fus	0.0	1.0	0.0	0.0
-don	0.00710479573712	0.991119005329	0.0	0.00177619893428
-írr	0.162948207171	0.190836653386	0.578087649402	0.0681274900398
-sag	0.683663603707	0.222521793128	0.033799982707	0.0600146204576
-íru	0.0151706700379	0.950695322377	0.0303413400758	0.00379266750948
-sae	0.248964088398	0.507596685083	0.209254143646	0.0341850828729
-éla	0.014690114566	0.966060769796	0.0136347902437	0.00561432539447
-tōb	0.196976932353	0.406723154904	0.148594920723	0.24770499202
-ūng	0.0470211060647	0.877237510019	0.046887523377	0.0288538605397
-sam	0.427359218308	0.423502185652	0.125996400103	0.0231421959373
-ūne	0.0780444690204	0.0519037881188	0.0180305950429	0.852021147818
-jib	0.573872472784	0.258164852255	0.167962674961	0.0
--wú	0.650664380626	0.349335619374	0.0	0.0
--wù	0.2536362861	0.452904160449	0.118995715535	0.174463837916
-jwó	0.183375554501	0.518122157887	0.024557178414	0.273945109198
-hán	0.0887210608751	0.131787988336	0.043302922599	0.736188028189
-ceb	0.563268474373	0.320501522979	0.0759965401931	0.0402334624552
-ámi	0.00428921568627	0.976409313726	0.0128676470588	0.0064338235294
-bwe	0.632391713748	0.165725047081	0.0700564971752	0.131826741996
-áma	0.197260273973	0.753424657534	0.0328767123287	0.0164383561644
-ron	0.0	1.0	0.0	0.0
-ipi	0.0233766233766	0.953246753247	0.0	0.0233766233766
-ārá	0.0	0.776099228751	0.223900771249	0.0
-iká	0.234782154334	0.553393306569	0.0605700650533	0.151254474044
-íra	0.102415458937	0.823188405797	0.0301449275362	0.0442512077295
-jáa	0.234657039711	0.307761732852	0.0216606498195	0.435920577617
-xer	0.0	0.337662337662	0.662337662338	0.0
-éra	0.51066096689	0.232692413152	0.0425550805742	0.214091539384
-iké	0.105299620959	0.11101429811	0.0325558078806	0.751130273051
-bwa	0.419108280255	0.492993630573	0.0726114649681	0.0152866242038
-ewe	0.919463087248	0.0402684563758	0.0402684563758	0.0
-īnn	0.350488728962	0.49758577181	0.0442032262222	0.107722273006
-áka	0.0717926163558	0.663402581947	0.0516130701368	0.21319173156
-átā	0.706530899056	0.249888314959	0.0228949751258	0.0206858108592
-ewo	0.318142211595	0.341425358163	0.194532817281	0.145899612961
-réb	0.0445357151694	0.783878071109	0.0732365093896	0.0983497043323
-ú-m	0.0819451594714	0.39746206271	0.260296388909	0.260296388909
-rdi	0.136363636364	0.693181818182	0.170454545455	0.0
-īng	0.126578940914	0.706623580486	0.126971376714	0.0398261018862
-kae	0.39758050078	0.52965548991	0.0244251771145	0.0483388321952
-īne	0.0583157488151	0.0634722769668	0.0163795838469	0.861832390371
-írī	0.133211482636	0.110053877122	0.0189943733649	0.737740266877
-awi	0.0329111399222	0.935673681061	0.0254313353945	0.00598384362222
-awo	0.05	0.95	0.0	0.0
-asū	0.0485361460675	0.135192531814	0.0251874698341	0.791083852284
-e-m	0.212254771272	0.441201625142	0.0902678545746	0.256275749011
-jāe	0.759902786714	0.117862681136	0.0517551080883	0.0704794240618
-á-m	0.203179533232	0.261442483064	0.0489682884225	0.486409695281
-erā	0.714285714286	0.285714285714	0.0	0.0
-ó-m	0.132633945298	0.466841513676	0.115648807294	0.284875733733
-pyí	0.0916017449594	0.789675867729	0.106476831883	0.0122455554288
-awu	0.156496530488	0.76697494636	0.0223566472127	0.0541718759384
-mbē	0.16955561587	0.118621693644	0.311068890643	0.400753799842
-ibú	0.284823284823	0.623180873181	0.0623700623701	0.0296257796258
-bàa	0.442031954117	0.26259729619	0.0975010241705	0.197869725522
-stu	0.0268585131894	0.97170263789	0.00143884892086	0.0
-ātā	0.403207331042	0.254295532646	0.225658648339	0.116838487972
-írí	0.575757575758	0.141414141414	0.242424242424	0.040404040404
-í-m	0.164959728558	0.563099704191	0.0409024531532	0.231038114098
-yēn	0.596031746032	0.283333333333	0.0761904761904	0.0444444444444
-txu	0.463067339069	0.407890833581	0.0400474636606	0.0889943636903
-sti	0.00751538831175	0.974722266715	0.00397579058166	0.0137865543911
-wúm	0.127105400243	0.825316895294	0.0239624934885	0.0236152109741
-wúb	0.659308204435	0.246433398408	0.0562146468439	0.0380437503128
-ati	0.0847875179634	0.889345103675	0.0129336891809	0.0129336891809
-yēb	0.0	1.0	0.0	0.0
-wár	0.592480060767	0.216103304216	0.136726167869	0.0546904671477
-oli	0.0359712230216	0.776978417266	0.0	0.187050359712
-nyī	0.421672574506	0.469786578941	0.066330517338	0.0422103292151
--wu	0.368905578318	0.456443471561	0.0534645765677	0.121186373554
-xín	0.285700498938	0.642741743349	0.0475931840547	0.0239645736581
-eyu	0.0	1.0	0.0	0.0
-kēn	0.145206626711	0.21573974718	0.528912036431	0.110141589678
-wág	0.0259138493221	0.933928264973	0.00875235970482	0.0314055259997
-wáe	0.182051422021	0.56351329221	0.225135105628	0.0293001801408
-wáb	0.414198575924	0.262154644631	0.213423074098	0.110223705347
-enn	0.0733789090258	0.47049416882	0.453409184783	0.00271773737133
-eya	0.447536936393	0.363878183201	0.0923569179517	0.0962279624538
-ūnn	0.723420197125	0.184035929303	0.0206701915087	0.0718736820633
-wám	0.714390299147	0.210885550648	0.0124375091006	0.0622866411041
-itā	0.0138703328991	0.0584860160213	0.263131635114	0.664512015966
-eye	0.435690423163	0.300946547884	0.146993318485	0.116369710468
-púg	0.404929577465	0.514084507042	0.0457746478873	0.0352112676056
-tōm	0.544614766106	0.430797391672	0.00471472559871	0.0198731166224
-itú	0.250582036515	0.646489400809	0.0790344320549	0.0238941306213
-lem	0.0999999999999	0.9	0.0	0.0
-jwē	0.201328723678	0.364995197816	0.121320095746	0.31235598276
-mum	0.0	1.0	0.0	0.0
-olo	0.0360307147076	0.958653278204	0.00177200236267	0.00354400472534
-uwe	0.130434782609	0.782608695652	0.0869565217391	0.0
-leg	0.0	1.0	0.0	0.0
-yāe	0.41117872997	0.449746449378	0.0604102671575	0.0786645534946
-yāg	0.351038342747	0.407376032894	0.133230334403	0.108355289956
-gtī	0.733259823577	0.220429029671	0.0	0.0463111467522
-byē	0.083506257256	0.873849332224	0.0349656742205	0.0076787362994
-yāb	0.11909650924	0.323613963039	0.501026694045	0.0562628336756
-yām	0.282644628099	0.401652892562	0.284297520661	0.0314049586777
-īcī	0.36894108874	0.490927168779	0.0733283619189	0.0668033805619
-les	0.0	1.0	0.0	0.0
-ógo	0.254237288136	0.677966101695	0.0677966101694	0.0
-íte	0.102238046796	0.772634791455	0.0518819938962	0.0732451678535
-āye	0.901960784314	0.0980392156863	0.0	0.0
-rra	0.702875258685	0.178107524988	0.0606314120911	0.0583858042359
-ife	0.258484816644	0.253931561066	0.117509018949	0.370074603341
-ári	0.0561387195898	0.84836443676	0.0665121786444	0.0289846650055
-úra	0.491582491583	0.327721661055	0.0493827160494	0.131313131313
-byī	0.0677052934579	0.891854405416	0.0107854657166	0.0296548354096
-alo	0.0681818181818	0.909090909091	0.0227272727273	0.0
-kyā	0.619718309859	0.181690140845	0.114084507042	0.0845070422535
-áne	0.00288046087374	0.986077772444	0.00528084493519	0.00576092174748
-ndo	0.047619047619	0.896825396825	0.0238095238095	0.031746031746
-áng	0.268221518825	0.135598591278	0.0323137493862	0.563866140511
-nda	0.566380602422	0.197583621	0.0403560793601	0.195679697217
-áni	0.0383141762452	0.95785440613	0.00383141762453	0.0
-ale	0.0	1.0	0.0	0.0
-nde	0.172727846721	0.34251801932	0.0190763641247	0.465677769835
-ufa	0.113924050633	0.607594936709	0.278481012658	0.0
-úru	0.439903846154	0.509615384615	0.0	0.0504807692307
-áno	0.0	1.0	0.0	0.0
-āfā	0.28515625	0.5390625	0.05859375	0.1171875
-ínu	0.0	0.986984815618	0.0130151843818	0.0
-urū	0.080205887387	0.837926330676	0.0443388272645	0.0375289546729
-yor	0.0	1.0	0.0	0.0
-atū	0.534463276836	0.412429378531	0.019209039548	0.0338983050847
-rōb	0.203793023976	0.441247591917	0.247463463001	0.107495921106
-íne	0.046875	0.859375	0.046875	0.046875
-íng	0.280220887581	0.348744407272	0.209702124229	0.161332580918
-abà	0.299545712663	0.618114707553	0.0567859170926	0.0255536626917
-abá	0.364439536168	0.353948094975	0.215350635008	0.0662617338487
-éen	0.170166344409	0.348442023381	0.073888017967	0.407503614243
-jwō	0.265974440894	0.679712460064	0.0543130990415	0.0
-njí	0.5107843592	0.435734496034	0.0146574516443	0.0388236931212
-pwé	0.123147340889	0.850697471665	0.0163469921534	0.00980819529207
-rōo	0.228279386712	0.424190800681	0.3066439523	0.0408858603067
-gbà	0.372093023256	0.593023255814	0.0	0.0348837209302
-yīb	0.823613218943	0.133335398148	0.00185833307523	0.0411930498343
-iyu	0.0508241758242	0.93543956044	0.0	0.0137362637363
-apū	0.080222935315	0.249113325452	0.622529978044	0.048133761189
-rku	0.00751879699248	0.988721804511	0.00375939849624	0.0
-èēn	0.177631578947	0.184210526316	0.25	0.388157894737
-iyo	0.0289017341041	0.959537572254	0.0	0.0115606936416
-eli	0.0	1.0	0.0	0.0
-fwā	0.649596449981	0.175501002514	0.0246099355745	0.15029261193
-ela	0.0	0.980769230769	0.0	0.0192307692308
-iya	0.0252104810591	0.927108826503	0.0378157215886	0.0098649708492
-rke	0.0	1.0	0.0	0.0
-jwū	0.415384615385	0.4	0.161538461538	0.0230769230769
-ágú	0.820399113082	0.079822616408	0.09977827051	0.0
-png	0.234234234234	0.585585585586	0.108108108108	0.0720720720721
-ipu	0.235346358792	0.716696269982	0.0213143872114	0.0266429840142
-hāe	0.495555555556	0.255163398693	0.111633986928	0.137647058824
-íyu	0.222772277228	0.747524752475	0.0	0.029702970297
-lim	0.0	1.0	0.0	0.0
-itu	0.0519177365477	0.910653197569	0.0241477844408	0.0132812814424
-ala	0.0	1.0	0.0	0.0
-grā	0.69997684113	0.164543770264	0.135479388606	0.0
-esu	0.0048127381085	0.71254166984	0.00330759888131	0.279337993171
-esn	0.496503496503	0.503496503497	0.0	0.0
-sūr	0.302830809743	0.58327847268	0.0980908492429	0.0157998683344
-gfā	0.561959654179	0.308357348703	0.0951008645533	0.0345821325648
-esa	0.0	1.0	0.0	0.0
-ese	0.00867678958787	0.989154013015	0.0	0.00216919739696
-ita	0.159833630422	0.791889483066	0.00371360665478	0.0445632798574
-fab	0.36987607245	0.370352716873	0.234032411821	0.0257387988561
-spa	0.0558139534883	0.90511627907	0.0390697674419	0.0
-tug	0.187304077956	0.498231277403	0.268068221661	0.0463964229798
-fae	0.370588235294	0.523529411765	0.0705882352941	0.0352941176471
-náe	0.330870922768	0.294885178664	0.197710189378	0.17653370919
-ifé	0.213479469982	0.498445934893	0.243906428922	0.0441681662032
-n-m	0.233926590296	0.546779610989	0.0856179243485	0.133675874366
-ílu	0.195	0.63	0.045	0.13
-fam	0.29759394901	0.508117976918	0.106957334435	0.0873307396379
-ndé	0.1411010155	0.611972207376	0.176376269375	0.0705505077499
-fas	0.0693051575931	0.915651862464	0.00644699140402	0.00859598853868
-bra	0.789695286344	0.109367324718	0.0350190941215	0.0659182948169
-uda	0.0304936177336	0.834308075767	0.0966781186143	0.0385201878854
-íma	0.0365853658537	0.890243902439	0.0731707317073	0.0
-ndá	0.0240911631434	0.657256845306	0.0153092113934	0.303342780157
-áné	0.420393559928	0.105545617174	0.0214669051878	0.45259391771
-ifú	0.740794223827	0.174729241877	0.0671480144404	0.0173285198556
-ril	0.0	0.733333333333	0.266666666667	0.0
-hum	0.012402551382	0.982282069454	0.00318922749823	0.00212615166549
-nju	0.249403348848	0.368228503066	0.0662524530502	0.316115695036
-rim	0.0	1.0	0.0	0.0
-téb	0.389830508475	0.440677966102	0.169491525424	0.0
-írā	0.853146853147	0.146853146853	0.0	0.0
-úhn	0.823529411765	0.176470588235	0.0	0.0
-hua	0.0568181818182	0.909090909091	0.0	0.0340909090909
-áyī	0.420664206642	0.228782287823	0.0885608856089	0.261992619926
-nje	0.0865395744932	0.224640875542	0.106142733656	0.582676816309
-pwa	0.722321936698	0.277678063302	0.0	0.0
-wom	0.243243243243	0.466830466831	0.2457002457	0.0442260442261
-aba	0.0429258758081	0.937453014584	0.00721695985566	0.0124041497519
-nja	0.0941176470588	0.858823529412	0.0470588235294	0.0
-pwe	0.163625997719	0.685005701254	0.0775370581528	0.0738312428735
-é-m	0.248702503453	0.192904022035	0.0651077637289	0.493285710783
-fēn	0.251722937696	0.394152453881	0.322589627567	0.0315349808563
-nji	0.661032053516	0.276367252849	0.0238088095826	0.0387918840526
-tub	0.0845070422535	0.643192488263	0.258215962441	0.0140845070423
-aeb	0.314443676572	0.631651693158	0.0269523151347	0.0269523151347
--fū	0.24270994538	0.556790534523	0.147736488492	0.0527630316044
-ù-m	0.272349272349	0.264033264033	0.251559251559	0.212058212058
-tum	0.284965848165	0.607559918721	0.0749137023527	0.0325605307612
-sos	0.122302158273	0.820143884892	0.0	0.0575539568345
-aen	0.191854068858	0.242578474902	0.155970072245	0.409597383995
-som	0.561404070157	0.151345581569	0.0414755826333	0.245774765641
-kōn	0.214285714286	0.72619047619	0.0595238095238	0.0
-kōm	0.0989178804249	0.486953808765	0.256161841738	0.157966469072
-son	0.0376344086021	0.956989247312	0.00537634408602	0.0
-iyé	0.0550456962221	0.234815757553	0.00961959868095	0.700518947544
-áyē	0.100253624233	0.142404242442	0.0213274922904	0.736014641035
-kōg	0.289035020645	0.678849977061	0.0	0.0321150022939
-ora	0.208007507038	0.604629340006	0.0947763528307	0.0925868001251
-kōb	0.154065620259	0.330126847052	0.0733893664069	0.442418166283
-gwā	0.541845140941	0.388638253631	0.0338564291733	0.0356601762546
-yīr	0.368807072963	0.400522847339	0.155601546757	0.0750685329412
-kám	0.312066574202	0.535367545076	0.0610263522885	0.0915395284327
-rus	0.0202590112209	0.948324473646	0.00376985509817	0.0276466600351
-ísi	0.0222413793103	0.972011494253	0.0	0.00574712643678
-dus	0.0154235145386	0.940960809102	0.0398230088496	0.00379266750948
-kág	0.0812854442344	0.842155009452	0.0453686200378	0.031190926276
-káe	0.0526315789474	0.842105263158	0.105263157895	0.0
-lis	0.106789716546	0.87936717205	0.0098879367172	0.00395517468688
-xáe	0.379230581933	0.484822660498	0.125395665936	0.0105510916322
-xāb	0.655388440749	0.296882664038	0.0371224740546	0.0106064211584
-xāe	0.494316312731	0.31178040133	0.0661573887934	0.127745897145
-ísu	0.0	1.0	0.0	0.0
-rum	0.365853658537	0.34756097561	0.0670731707317	0.219512195122
-yīn	0.235540034158	0.45397537536	0.010706365189	0.299778225293
-yīm	0.0759493670886	0.76582278481	0.0138089758343	0.144418872267
-adi	0.0271698113207	0.961509433962	0.011320754717	0.0
-iyā	0.083660130719	0.679738562092	0.0104575163399	0.22614379085
-rug	0.442466468486	0.385075458188	0.101295709407	0.0711623639196
-ome	0.0	0.980198019802	0.019801980198	0.0
-ínī	0.108802812043	0.230691465264	0.0108892287945	0.649616493898
-úrū	0.426229508197	0.475409836066	0.0655737704918	0.0327868852459
-ō-m	0.202417854929	0.162430254185	0.344079355239	0.291072535648
-ákā	0.366279069768	0.354651162791	0.0348837209302	0.244186046512
-édi	0.0460575346549	0.937099418691	0.00968847816366	0.00715456849009
-tēr	0.697599262513	0.114148960826	0.0296856567719	0.158566119889
-mhm	0.0365853658537	0.634146341463	0.0	0.329268292683
