lob-	0.409842939157	0.166443434321	0.0953011881862	0.328412438335
agu-	0.149119098205	0.0773224314402	0.0102764326849	0.76328203767
ivi-	0.487838686365	0.208750459085	0.0964374992595	0.20697335529
tut-	0.222884386174	0.74890742948	0.0150973381009	0.0131108462455
siu-	0.0	1.0	0.0	0.0
gin-	0.231311712371	0.492144904606	0.0366634171738	0.23987996585
amg-	0.421496815793	0.383679389702	0.124193604853	0.0706301896521
dok-	0.0179640718563	0.964071856287	0.0	0.0179640718563
ipu-	0.482062780269	0.261210762332	0.189461883408	0.067264573991
ova-	0.353760445682	0.46982358403	0.0761374187558	0.100278551532
taꞌ-	0.382605302706	0.182732300081	0.0535458038068	0.381116593406
uꞌi-	0.472251804196	0.167010684517	0.0361543499982	0.324583161289
wod-	0.292763157895	0.690789473684	0.00657894736841	0.00986842105261
aiꞌ-	0.284287573119	0.564538329175	0.0438698813994	0.107304216306
udi-	0.594594594595	0.131756756757	0.0912162162162	0.182432432432
aul-	0.274543205734	0.0919285334746	0.0185343644275	0.614993896364
hiv-	0.490797628433	0.294965259954	0.0796445780719	0.134592533541
lau-	0.328719897136	0.408753135234	0.104006221915	0.158520745715
wah-	0.185266925057	0.419825132174	0.129353668597	0.265554274171
hem-	0.0	1.0	0.0	0.0
eno-	0.296891808821	0.492325572461	0.0966747349009	0.114107883817
amt-	0.458522854754	0.292234020971	0.127604294938	0.121638829338
lis-	0.0121786197564	0.976319350474	0.00541271989174	0.00608930987821
ana-	0.0339962553414	0.0155606546878	0.00116992412042	0.94927316585
puh-	0.333333333333	0.444444444444	0.222222222222	0.0
iuv-	0.748	0.0839999999999	0.0336	0.1344
hew-	0.0271379703535	0.247434435576	0.7165336374	0.00889395667047
yal-	0.464536155582	0.254329295321	0.0637723190497	0.217362230047
sak-	0.125153374233	0.856441717791	0.0110429447853	0.00736196319018
bap-	0.627876515805	0.295363890154	0.034138935471	0.0426206585694
aub-	0.365000616518	0.307086576099	0.0872433893519	0.240669418031
une-	0.236363636364	0.551515151515	0.187878787879	0.0242424242424
uwa-	0.470716575822	0.176187618787	0.0310321192477	0.322063686144
vil-	0.121739130435	0.634782608696	0.24347826087	0.0
ihu-	0.598487419123	0.19840690151	0.0496189791517	0.153486700216
kat-	0.327535521803	0.672464478197	0.0	0.0
abi-	0.445172699103	0.345603703283	0.0847785763342	0.12444502128
mil-	0.0695652173913	0.313043478261	0.0521739130435	0.565217391304
igi-	0.464631148559	0.347653139769	0.114367535445	0.0733481762276
gan-	0.130845725193	0.652720051722	0.0791231797051	0.137311043379
gae-	0.116055675358	0.75600862576	0.0905704763772	0.0373652225054
yut-	0.286956521739	0.513043478261	0.147826086957	0.0521739130435
sen-	0.0451127819549	0.954887218045	0.0	0.0
yau-	0.116753116206	0.6220417948	0.0153157550698	0.245889333924
ini-	0.619330835401	0.25676789801	0.0449273714545	0.0789738951347
bay-	0.0888888888889	0.888888888889	0.0222222222222	0.0
gig-	0.333663276477	0.617199775374	0.0196547792595	0.0294821688893
uuv-	0.713234785735	0.133440269923	0.00821383630405	0.145111108038
uga-	0.656339644292	0.158921399885	0.0619621342513	0.122776821572
tai-	0.0837169650469	0.853537936914	0.0167092924126	0.0460358056266
aee-	0.19315403423	0.442542787286	0.132029339853	0.232273838631
iꞌo-	0.438959810621	0.161983926012	0.0637536019201	0.335302661447
uli-	0.431027518017	0.433666438891	0.0636889773144	0.0716170657767
kum-	0.0	0.87012987013	0.0	0.12987012987
aml-	0.477098933596	0.22630332401	0.0507775726141	0.245820169781
ihe-	0.644708209693	0.181602373887	0.0447082096934	0.128981206726
dah-	0.223027375201	0.42270531401	0.354267310789	0.0
val-	0.135889789659	0.175575302574	0.24887736702	0.439657540747
mul-	0.140912725744	0.0639587319328	0.0188176434106	0.776310898913
gaw-	0.295426199618	0.471914578611	0.161685960602	0.0709732611695
ate-	0.186110758503	0.52344905915	0.0754418776524	0.214998304695
kam-	0.0554055931266	0.840708919761	0.08310838969	0.0207770974225
ibi-	0.199324324324	0.0810810810811	0.587837837838	0.131756756757
vau-	0.153475720841	0.0984658960536	0.482891206577	0.265167176528
sin-	0.231684981685	0.515567765568	0.192307692308	0.0604395604395
bod-	0.141394494951	0.628595975949	0.0462112381813	0.183798290919
oiy-	0.33601360379	0.532709826309	0.0550953479898	0.0761812219118
hes-	0.0732914416396	0.0204505157334	0.0115158243935	0.894742218233
tag-	0.304517861751	0.59652961676	0.0452883509667	0.0536641705228
pat-	0.31086617406	0.543264149103	0.0304385401419	0.115431136695
toe-	0.0760697305864	0.805071315372	0.109350237718	0.00950871632331
hud-	0.402884615385	0.484615384615	0.0403846153846	0.0721153846154
maw-	0.296703296703	0.676923076923	0.0263736263737	0.0
lom-	0.100075815011	0.581284522907	0.233510235027	0.0851294270551
sil-	0.0703760947966	0.844513137558	0.0628541988666	0.022256568779
him-	0.441937636009	0.16522698596	0.0887303484405	0.304105029591
saw-	0.481487980347	0.351816108089	0.0649236708194	0.101772240744
ake-	0.0229007633588	0.977099236641	0.0	0.0
nuꞌ-	0.111699084668	0.764016018307	0.0704018878719	0.0538830091533
kid-	0.0	1.0	0.0	0.0
vel-	0.245911501884	0.583066675672	0.040198496504	0.130823325939
nig-	0.156596093872	0.028260642649	0.00817609031089	0.806967173168
pas-	0.254863596804	0.48590598464	0.23064758527	0.0285828332864
dam-	0.0303052168266	0.879741203069	0.0259759001371	0.0639776799673
sig-	0.422818791946	0.577181208054	0.0	0.0
yod-	0.137916838205	0.849732400165	0.0	0.0123507616303
ael-	0.0617283950617	0.827160493827	0.037037037037	0.0740740740741
hiꞌ-	0.508510014668	0.197777101465	0.0515875914568	0.242125292411
276-	0.0	0.391304347826	0.0	0.608695652174
eso-	0.0	1.0	0.0	0.0
gug-	0.23480839202	0.550337786145	0.123244483162	0.0916093386722
epa-	0.20589375727	0.605661108957	0.030244280729	0.158200853044
500-	0.118503118503	0.135135135135	0.0436590436591	0.702702702703
bwa-	0.158222598025	0.247938497881	0.121372597936	0.472466306158
yei-	0.0117125693464	0.620198100543	0.00272634446965	0.365362985641
sap-	0.574555968608	0.209830648492	0.00743494423794	0.208178438662
asi-	0.320812279531	0.5524835542	0.0752216607875	0.0514825054819
beꞌ-	0.513225026335	0.32844856828	0.100957690112	0.0573687152726
uva-	0.547965695973	0.284204871257	0.0523752533226	0.115454179447
153-	0.0	0.037037037037	0.0740740740741	0.888888888889
mah-	0.361059672394	0.324157893511	0.0324990728191	0.282283361276
hid-	0.50068870474	0.278706498372	0.0636845524137	0.156920244474
usi-	0.326086956522	0.282608695652	0.0	0.391304347826
wom-	0.309084393478	0.495036731768	0.0688048736786	0.127074001075
dao-	0.126873952166	0.289846034227	0.186743231094	0.396536782512
amu-	0.670036567004	0.151430415143	0.0559260055926	0.122607012261
tol-	0.0657894736842	0.934210526316	0.0	0.0
mel-	0.0191105448728	0.833338271459	0.00333323457083	0.144217949098
nab-	0.123265741729	0.85432230523	0.0	0.0224119530416
isa-	0.409680542432	0.345382366156	0.0394952007757	0.205441890636
pud-	0.0714285714286	0.928571428571	0.0	0.0
igu-	0.527362219845	0.335020992678	0.0745302004677	0.0630865870101
yah-	0.589058696925	0.167225955626	0.0844003346096	0.159315012839
bab-	0.0863584976762	0.814910187162	0.047544278357	0.0511870368044
ita-	0.386101228426	0.167192423001	0.0731049052794	0.373601443293
woe-	0.621621621622	0.22972972973	0.027027027027	0.121621621622
hol-	0.112649528012	0.10097979648	0.0251385612023	0.761232114306
hei-	0.249307479224	0.698060941828	0.01108033241	0.0415512465374
daw-	0.215654744923	0.491229435208	0.176837755358	0.116278064511
moi-	0.242644970139	0.221674920778	0.108905492604	0.42677461648
ivu-	0.355263157895	0.539473684211	0.0263157894737	0.0789473684211
ꞌwa-	0.173946659261	0.730561311185	0.0552917746802	0.0402002548739
huw-	0.121037463977	0.740634005764	0.138328530259	0.0
tow-	0.139741714553	0.488263521723	0.0262813404812	0.345713423243
ali-	0.0949537972021	0.140021526109	0.0447321565503	0.720292520139
non-	0.370809119356	0.309566383549	0.0983459991059	0.221278497988
uba-	0.977777777778	0.0222222222222	0.0	0.0
boꞌ-	0.509536784741	0.283378746594	0.0217983651226	0.185286103542
dod-	0.135211267606	0.63661971831	0.0422535211268	0.185915492958
tau-	0.147245087584	0.629717721282	0.100007923108	0.123029268027
pou-	0.244215938304	0.742930591259	0.012853470437	0.0
gey-	0.497699151243	0.309285202986	0.0534308211474	0.139584824624
mal-	0.124529552622	0.540415843058	0.164425411724	0.170629192596
vat-	0.13162372972	0.16212032801	0.324253671662	0.382002270608
sab-	0.14598540146	0.744525547445	0.0875912408759	0.021897810219
aki-	0.0	1.0	0.0	0.0
ole-	0.209327290076	0.34239821883	0.0926367684478	0.355637722646
nin-	0.059487728056	0.940512271944	0.0	0.0
iꞌy-	0.248888888889	0.44	0.311111111111	0.0
veg-	0.197323821188	0.616007824265	0.0566412883072	0.130027066239
toy-	0.309942210166	0.15261233636	0.0459959900932	0.49144946338
lov-	0.277924434912	0.387889787164	0.229170103943	0.105015673981
tuw-	0.0711793440335	0.358688066992	0.207955338451	0.362177250523
uge-	0.753086419753	0.0864197530864	0.0246913580247	0.135802469136
pig-	0.382099517301	0.54969098209	0.053051833807	0.015157666802
yav-	0.541068231939	0.267906977266	0.0711440839226	0.119880706872
emo-	0.0	0.993355481728	0.00664451827243	0.0
mab-	0.358485522132	0.380469651349	0.145812814813	0.115232011706
wal-	0.32407581781	0.400808119917	0.0243995529445	0.250716509328
iꞌa-	0.414757846333	0.203938456387	0.0639971224067	0.317306574873
and-	0.0	0.997041420118	0.0	0.00295857988166
apa-	0.294658730397	0.383736143939	0.135648520388	0.185956605276
ALL	0.230639865834	0.282068743143	0.0518505509465	0.435440840077
mae-	0.132743362832	0.654867256637	0.0	0.212389380531
dag-	0.199472783107	0.622251814007	0.0296219800527	0.148653422833
liv-	0.345324988799	0.536473614985	0.051339124402	0.0668622718141
duy-	0.219719051089	0.381497449599	0.213140636386	0.185642862926
tel-	0.0	1.0	0.0	0.0
lid-	0.0329218106996	0.9670781893	0.0	0.0
guy-	0.117306022085	0.746867139651	0.0392749585481	0.0965518797162
yed-	0.167946862267	0.151181063005	0.0651044012211	0.615767673507
gas-	0.0574162679426	0.885167464115	0.0574162679426	0.0
ata-	0.468678131329	0.340644629801	0.106065286788	0.0846119520818
niꞌ-	0.0662619561367	0.818967183021	0.0174310006119	0.09733986023
aꞌu-	0.332707852194	0.435623556582	0.0844399538107	0.147228637413
uin-	0.354039136979	0.348820873056	0.0948319116909	0.202308078274
loh-	0.0445103857566	0.884272997033	0.0712166172107	0.0
muh-	0.183967255553	0.0855961362002	0.124000753565	0.606435854682
dov-	0.116982443958	0.0314552797706	0.0405963800057	0.810965896266
giy-	0.343473451327	0.160398230088	0.496128318584	0.0
mes-	0.0	0.988936450445	0.0	0.0110635495555
eet-	0.0730967922266	0.0202935421798	0.00324943077211	0.903360234821
num-	0.260686460307	0.661191829859	0.041903558644	0.0362181511897
iwu-	0.46842681509	0.236111628979	0.0884706775633	0.206990878368
haw-	0.172466865467	0.43186352211	0.290274821101	0.105394791323
ami-	0.160370007159	0.106074394946	0.0272370995617	0.706318498333
pel-	0.0138282387191	0.977438136827	0.00873362445415	0.0
kei-	0.026772055074	0.973227944926	0.0	0.0
adi-	0.147477120254	0.0437842783594	0.0100523597915	0.798686241595
bug-	0.077474892396	0.00573888091822	0.916786226686	0.0
tal-	0.390305962107	0.325395489954	0.0976478152298	0.186650732709
ehe-	0.0421358209955	0.0461272166739	0.0501618318634	0.861575130467
woi-	0.175	0.208333333333	0.591666666667	0.025
kos-	0.0602006688963	0.939799331104	0.0	0.0
meh-	0.189900255513	0.365074130225	0.106638989454	0.338386624808
450-	0.0217391304348	0.54347826087	0.0217391304348	0.413043478261
nem-	0.375121554836	0.0729329017304	0.0251768373097	0.526768706124
aih-	0.114558472554	0.54415274463	0.128878281623	0.212410501193
lud-	0.0	1.0	0.0	0.0
uhi-	0.296064434859	0.198381494064	0.273619116693	0.231934954384
weꞌ-	0.1529364944	0.762522030815	0.0146114048553	0.0699300699301
pon-	0.0	0.993031358885	0.0	0.00696864111498
umi-	0.344778729794	0.306781379737	0.0279833936931	0.320456496776
hig-	0.339597982035	0.217034954733	0.0558223760687	0.387544687164
sik-	0.15443718786	0.396081444487	0.442566269689	0.00691509796389
bui-	0.282542243356	0.61918711613	0.0270866944043	0.0711839461097
ben-	0.434646386062	0.472439653028	0.0610111723269	0.0319027885832
ved-	0.234815859492	0.166030329025	0.0185667136771	0.580587097806
veh-	0.101969194026	0.0665017693753	0.0127125316943	0.818816504904
mat-	0.264414952847	0.0329000823449	0.00315448095652	0.699530483851
pin-	0.0133293838862	0.783767772512	0.0577606635071	0.145142180095
ela-	0.0540334255068	0.758397417721	0.0215289429754	0.166040213797
daꞌ-	0.0653120464441	0.235849056604	0.698838896952	0.0
iꞌe-	0.470040405138	0.28022684858	0.083582468156	0.166150278125
nwa-	0.496402877698	0.287769784173	0.0647482014389	0.151079136691
mum-	0.348245794062	0.313285433925	0.0868646028217	0.251604169191
ili-	0.34375398036	0.209748270388	0.108685184207	0.337812565045
lam-	0.0805943797854	0.881010210967	0.0182982137778	0.0200971954694
til-	0.120633324956	0.874842925358	0.00150791656195	0.00301583312389
wun-	0.778260869565	0.221739130435	0.0	0.0
idi-	0.39330245814	0.213038831493	0.188457427859	0.205201282508
hih-	0.558042388691	0.234098356785	0.0743853203529	0.133473934171
yem-	0.166265036814	0.720514488736	0.0279917117312	0.0852287627182
amv-	0.436587775612	0.333940765997	0.101858929837	0.127612528554
eya-	0.166007905138	0.723320158103	0.094861660079	0.0158102766798
peg-	0.0148992778411	0.948916761688	0.00851387305207	0.0276700874192
ani-	0.0598180648718	0.874023706698	0.00330791142148	0.0628503170082
iyo-	0.683267725242	0.100618730987	0.0811623689681	0.134951174803
gud-	0.121562823743	0.653262173753	0.12050690345	0.104668099054
nad-	0.22602739726	0.671232876712	0.0616438356164	0.041095890411
yad-	0.0487027738082	0.0260583712164	0.00717515855426	0.918063696421
kis-	0.0	0.970588235294	0.0294117647059	0.0
isi-	0.0522878419816	0.899765043208	0.0175222014257	0.0304249133846
hag-	0.303582046256	0.355301974451	0.0796136144001	0.261502364893
aiv-	0.653587375242	0.221529389407	0.0567217748351	0.0681614605161
wow-	0.127882599581	0.262054507338	0.540880503144	0.0691823899371
ded-	0.0826709062003	0.706200317965	0.0548489666137	0.156279809221
ahu-	0.0539632007235	0.800339738159	0.0385417330538	0.107155328064
mom-	0.33734939759	0.275387263339	0.232358003442	0.154905335628
ban-	0.0458382199905	0.911643733791	0.010802953468	0.0317150927501
yub-	0.0731707317073	0.926829268293	0.0	0.0
hal-	0.144274229513	0.658635361047	0.144442971302	0.0526474381381
ise-	0.729894352868	0.206614129874	0.0526515021164	0.0108400151416
tey-	0.108679579224	0.262291431752	0.0107806054724	0.618248383552
hae-	0.370328536595	0.234358588599	0.109697733291	0.285615141515
dab-	0.526493799324	0.378804960541	0.0473506200676	0.0473506200676
did-	0.198651249829	0.659794865563	0.105868031346	0.0356858532626
bwe-	0.106186793575	0.624628197501	0.0954788816181	0.173706127305
nam-	0.215084901692	0.18166026829	0.355021174011	0.248233656007
viꞌ-	0.166045408336	0.657573703829	0.142155201627	0.0342256862081
aen-	0.161009777266	0.670093811333	0.0106235482651	0.158272863136
ale-	0.240271119266	0.599914454214	0.0599409229453	0.0998735035745
sid-	0.376963350785	0.361256544503	0.230366492147	0.0314136125654
bon-	0.0496157759921	0.81936208288	0.0431594091021	0.0878627320256
oli-	0.0374753451677	0.910453648915	0.0497041420119	0.00236686390533
won-	0.125	0.183333333333	0.0	0.691666666667
mod-	0.102710818447	0.666757303132	0.149526522988	0.0810053554329
ula-	0.625081122501	0.227152776149	0.0527263676146	0.0950397337358
net-	0.287712517368	0.0337728934122	0.00705924910685	0.671455340113
amd-	0.472681138014	0.439325714575	0.0549957171317	0.032997430279
kon-	0.124526258798	0.831618841364	0.0	0.0438548998376
eli-	0.078025103729	0.845385036925	0.011742908588	0.0648469507581
yul-	0.0253699788583	0.955602536998	0.0	0.0190274841437
imu-	0.52455142066	0.231946201716	0.0671580412687	0.176344336355
mut-	0.377708978328	0.222910216718	0.287925696594	0.111455108359
vit-	0.276389649327	0.472822440827	0.083245442876	0.16754246697
heg-	0.103132673562	0.260622070094	0.515402931766	0.120842324578
hel-	0.0986281317779	0.779474637843	0.0531699349322	0.068727295447
amꞌ-	0.453708082948	0.262928667	0.0805003027707	0.202862947281
pan-	0.371438559692	0.418225251996	0.0782691448659	0.132067043446
iꞌw-	0.672346152645	0.213653660043	0.0528115883714	0.0611885989407
uꞌa-	0.463022451683	0.282920602949	0.0497534672824	0.204303478085
nim-	0.199342120108	0.565748808618	0.109623363675	0.1252857076
dig-	0.0778748180494	0.900291120815	0.00873362445415	0.0131004366812
waꞌ-	0.00201477501679	0.980523841504	0.0174613834789	0.0
moh-	0.158359166607	0.439838512003	0.141932809459	0.259869511931
avi-	0.240693166975	0.193416908185	0.055186913394	0.510703011446
tul-	0.1876294411	0.243238410711	0.0704486542212	0.498683493967
nah-	0.0	1.0	0.0	0.0
yam-	0.130689225213	0.0999652937755	0.0224483008586	0.746897180153
uso-	0.914285714286	0.0	0.0	0.0857142857142
wuy-	0.385367392823	0.304675236548	0.1025798096	0.20737756103
ina-	0.329656742247	0.174156194307	0.196114070624	0.300072992823
mai-	0.300289722344	0.392425962403	0.0508923522308	0.256391963022
pen-	0.0188679245283	0.962264150943	0.0188679245283	0.0
hiu-	0.545344144919	0.296213836637	0.100567987755	0.057874030689
ape-	0.0	1.0	0.0	0.0
iuw-	0.443760492446	0.290990486849	0.251818690543	0.0134303301623
epo-	0.111111111111	0.666666666667	0.222222222222	0.0
umu-	0.62982654929	0.22705482437	0.0810598797176	0.0620587466225
ipo-	0.151157298063	0.140292867265	0.708549834672	0.0
dun-	0.121827411168	0.634517766497	0.243654822335	0.0
got-	0.0097244732577	0.970826580227	0.0	0.0194489465154
ogu-	0.153846153846	0.846153846154	0.0	0.0
vet-	0.303377996638	0.529256673339	0.0627750768995	0.104590253123
ato-	0.350631136045	0.365357643759	0.0869565217391	0.197054698457
gim-	0.573122529644	0.321475625823	0.0	0.105401844532
lab-	0.146218487395	0.70300120048	0.056662665066	0.0941176470588
upa-	0.600001758247	0.199479135633	0.0385186313936	0.162000474727
iba-	0.51967178624	0.258994319377	0.149379339365	0.0719545550179
ino-	0.403327596099	0.380952380952	0.15834767642	0.057372346529
aet-	0.614785992218	0.332684824903	0.011673151751	0.0408560311284
hed-	0.166928573182	0.601284160385	0.140815675105	0.0909715913276
yes-	0.0983969769455	0.88839152002	0.00804178445557	0.00516971857857
mid-	0.0526315789474	0.894736842105	0.0526315789474	0.0
yay-	0.480716568915	0.221009035528	0.106506218497	0.19176817706
ito-	0.581823558837	0.148843918889	0.0438175588731	0.225514963401
omi-	0.148999222422	0.0344071948993	0.00613156592414	0.810462016754
day-	0.0	1.0	0.0	0.0
tah-	0.178702055344	0.614525744393	0.0419472381819	0.164824962081
eha-	0.366281266531	0.578175772689	0.0105796115771	0.0449633492027
666-	0.0689655172414	0.0	0.0	0.931034482759
sod-	0.00488159232895	0.936539299724	0.0536975156182	0.00488159232892
amm-	0.412306899049	0.230751494133	0.106309781848	0.250631824971
ide-	0.579302587177	0.215973003375	0.11361079865	0.0911136107986
kan-	0.0	0.823529411765	0.176470588235	0.0
agi-	0.838709677419	0.0967741935484	0.0	0.0645161290323
aid-	0.0196741207989	0.0332587348117	0.00878928811994	0.938277856269
lig-	0.648648648649	0.324324324324	0.027027027027	0.0
hum-	0.071935782649	0.910157456005	0.0049397962334	0.0129669651127
nav-	0.461688763659	0.52457504172	0.00457873154041	0.00915746308083
pwa-	0.185812059738	0.62164560093	0.111285018727	0.0812573206057
dek-	0.0	0.683569979716	0.0608519269777	0.255578093306
luh-	0.550624133149	0.416088765603	0.0332871012482	0.0
uhu-	0.458690987124	0.400751072961	0.124463519313	0.0160944206009
log-	0.264369600083	0.636925755654	0.0437577269102	0.054946917353
dou-	0.527774330976	0.328080406998	0.0136493361459	0.13049592588
met-	0.0	1.0	0.0	0.0
tao-	0.280207561156	0.458117123795	0.0163083765752	0.245366938473
100-	0.0392156862745	0.0326797385621	0.0751633986928	0.852941176471
udu-	0.469008264463	0.252066115702	0.0	0.278925619835
diy-	0.203073040127	0.627960913385	0.0941011954501	0.0748648510378
iho-	0.678222386133	0.183846579384	0.0774479070625	0.0604831274203
vad-	0.116894315538	0.604506579313	0.00613325237854	0.27246585277
ken-	0.0401404064995	0.878333238974	0.067938628772	0.0135877257544
pib-	0.263803680982	0.736196319018	0.0	0.0
hil-	0.579896345004	0.175596866561	0.0350855677903	0.209421220645
ilu-	0.619226102331	0.138809289149	0.0226037947037	0.219360813816
lai-	0.03003003003	0.815148481815	0.154821488155	0.0
aka-	0.0	1.0	0.0	0.0
aꞌi-	0.468560261215	0.180839747022	0.0648706917979	0.285729299965
leh-	0.0060606060606	0.95303030303	0.0409090909091	0.0
ala-	0.251474609519	0.498033801824	0.0883404576479	0.162151131009
but-	0.185512367491	0.664310954064	0.0971731448763	0.0530035335689
upe-	0.4375	0.520833333333	0.0416666666667	0.0
yoe-	0.0	1.0	0.0	0.0
sol-	0.0	1.0	0.0	0.0
aem-	0.245814244515	0.615112899546	0.0445746333139	0.0944982226255
how-	0.266482830425	0.06915703031	0.0919841161371	0.572376023128
pwe-	0.280936454849	0.23745819398	0.0401337792642	0.441471571906
hib-	0.463409445365	0.135548687402	0.0522352677871	0.348806599446
yeꞌ-	0.687158530627	0.250655177009	0.0248745169457	0.0373117754186
anu-	0.421021532004	0.273291194484	0.0888176767405	0.216869596771
iyu-	0.845903725171	0.0671520463703	0.0805824556442	0.00636177281402
baꞌ-	0.273037542662	0.453924914676	0.127986348123	0.145051194539
wai-	0.0436521273436	0.589363495684	0.0125439250866	0.354440451886
gay-	0.0161943319838	0.983805668016	0.0	0.0
ahi-	0.184596824991	0.287907787337	0.055777457911	0.471717929761
ipa-	0.519826654363	0.210910016219	0.0442667542373	0.224996575181
kin-	0.144758674253	0.715953612625	0.0440634166776	0.0952242964443
hoꞌ-	0.258039816233	0.567381316998	0.147013782542	0.0275650842267
aim-	0.24773960217	0.401446654611	0.264014466546	0.0867992766727
ona-	0.0803571428571	0.866071428571	0.0	0.0535714285714
dan-	0.0745121230042	0.925487876996	0.0	0.0
ꞌto-	0.745222929936	0.216560509554	0.0	0.0382165605096
lug-	0.201622718053	0.684787018256	0.0431643002028	0.0704259634888
eba-	0.1642228739	0.782991202346	0.0527859237536	0.0
ꞌal-	0.0880195599022	0.586797066015	0.220048899755	0.105134474328
mis-	0.272727272727	0.727272727273	0.0	0.0
wed-	0.421686746988	0.490533562823	0.0	0.0877796901894
din-	0.0	0.16264711557	0.83735288443	0.0
yai-	0.0838946362626	0.298706161675	0.0165277560956	0.600871445967
lav-	0.107328186306	0.566763700797	0.148968485002	0.176939627895
yon-	0.0257323615137	0.894584301985	0.00969569009561	0.0699876464058
was-	0.175678717536	0.547734220485	0.114583222322	0.162003839657
eni-	0.0	1.0	0.0	0.0
sos-	0.0819672131147	0.901639344262	0.0163934426229	0.0
don-	0.143899895725	0.831074035454	0.021897810219	0.00312825860271
ule-	0.537010714347	0.305192034877	0.0783430012653	0.0794542495102
iꞌu-	0.456530107231	0.444349738796	0.054660434424	0.0444597195491
hiw-	0.469148559426	0.101519859775	0.0212712151672	0.408060365632
tat-	0.420737905161	0.355656696335	0.11600783357	0.107597564934
ams-	0.514605399957	0.3419057391	0.0614952261181	0.0819936348242
leg-	0.114503816794	0.885496183206	0.0	0.0
ave-	0.482476834219	0.313257556149	0.1160766449	0.0881889647318
yih-	0.0336134453781	0.966386554622	0.0	0.0
ꞌnu-	0.341463414634	0.512195121951	0.0731707317073	0.0731707317073
pot-	0.0	1.0	0.0	0.0
mam-	0.329276452617	0.373795602549	0.245093540671	0.0518344041628
utu-	0.122111722073	0.815016822042	0.0292570141246	0.0336144417602
esa-	0.0	0.857142857143	0.0	0.142857142857
hiy-	0.341201449647	0.160736659596	0.0510107995359	0.447051091221
uꞌe-	0.252070461417	0.534310503484	0.0384514263179	0.175167608781
sis-	0.0791963041725	0.892205030432	0.0114394661583	0.0171591992374
gil-	0.0676044986289	0.654682057363	0.273336174313	0.0043772696954
huh-	0.0835553265099	0.790196553959	0.051684937684	0.0745631818475
aug-	0.0837175580051	0.446430452101	0.153559792158	0.316292197736
pai-	0.307231088751	0.432319968543	0.0366787011873	0.223770241519
ama-	0.221858618443	0.179735723813	0.0179130866342	0.58049257111
bun-	0.381669972664	0.518854052561	0.0746069810817	0.024868993694
abu-	0.700934579439	0.196261682243	0.102803738318	0.0
dub-	0.0620631814369	0.563321218899	0.357841766844	0.0167738328208
bet-	0.034950597257	0.943223713317	0.00235953399204	0.0194661554343
hip-	0.441116609772	0.311277311982	0.0747471238481	0.172858954398
law-	0.21952658842	0.710051799882	0.037374598387	0.0330470133106
sal-	0.0653193288043	0.910231536951	0.0124070233483	0.0120421108969
asu-	0.0109732824428	0.976145038168	0.00572519083969	0.00715648854962
nih-	0.59017375674	0.373876572798	0.0	0.0359496704613
ehi-	0.0759708326267	0.895540105138	0.0142445311175	0.0142445311175
uve-	0.462679648741	0.373405257091	0.057945346626	0.105969747542
sek-	0.0213428190307	0.806580702535	0.0244553134726	0.147621164962
400-	0.232467532468	0.0428571428571	0.0038961038961	0.720779220779
den-	0.506977758395	0.462494548626	0.00436109899694	0.0261665939817
yan-	0.0785279937641	0.0255931427535	0.00300375766134	0.892875105821
bad-	0.472114291982	0.352150938822	0.00430153468193	0.171433234514
yew-	0.524781341108	0.340136054422	0.0641399416909	0.0709426627794
eme-	0.0222222222222	0.977777777778	0.0	0.0
upw-	0.270227054685	0.667146359663	0.0	0.0626265856518
mwa-	0.284517594212	0.211159188936	0.161711493148	0.342611723704
age-	0.278236786371	0.544417809016	0.0377033537365	0.139642050876
tab-	0.202403468977	0.269423047117	0.208628693488	0.319544790419
igo-	0.410617886738	0.332324725785	0.0351408039061	0.221916583571
gal-	0.0340922793594	0.77806218461	0.0565646821525	0.131280853878
buk-	0.400932625081	0.52471499798	0.0138668035738	0.0604855733655
ida-	0.453311751759	0.299158121219	0.160480058428	0.0870500685939
hav-	0.258643022942	0.0820815895117	0.0166173891479	0.642657998398
sel-	0.0685806411608	0.826378123643	0.10243690705	0.00260432814534
kay-	0.00438917337236	0.995610826628	0.0	0.0
ibe-	0.672622299215	0.155918663659	0.0280997919004	0.143359245225
kus-	0.0127659574468	0.987234042553	0.0	0.0
amn-	0.417568065564	0.216046135446	0.100421725952	0.265964073037
yuv-	0.934426229508	0.0655737704918	0.0	0.0
imo-	0.460522490457	0.168756860151	0.0405505657962	0.330170083595
uuw-	0.282608695652	0.565217391304	0.0	0.152173913044
vav-	0.190045248869	0.589902357704	0.160038104311	0.0600142891165
ugo-	0.434782608696	0.468599033816	0.048309178744	0.048309178744
tak-	0.0593684759916	0.928888308977	0.00304453723034	0.00869867780097
wao-	0.222222222222	0.736111111111	0.0	0.0416666666667
luk-	0.0135135135135	0.972972972973	0.0	0.0135135135135
tay-	0.390782207752	0.360249711432	0.104869889407	0.144098191409
mei-	0.047569803516	0.944452651795	0.00443196927168	0.00354557541734
kop-	0.0135287485908	0.986471251409	0.0	0.0
iwo-	0.326409064497	0.550116211505	0.0479372457873	0.0755374782103
nel-	0.0	1.0	0.0	0.0
one-	0.0907216494846	0.584192439863	0.0364261168385	0.288659793814
nob-	0.335294117647	0.217647058824	0.441176470588	0.00588235294118
aꞌe-	0.916100204402	0.0368398535912	0.0	0.0470599420069
gog-	0.198148257357	0.658548092233	0.0636905112932	0.0796131391166
126-	0.0898203592814	0.646706586826	0.0538922155689	0.209580838323
unu-	0.520597521744	0.231651376147	0.0828071011557	0.164944000953
hoy-	0.420257414661	0.479015109121	0.0167879127028	0.0839395635142
430-	0.194594594595	0.0	0.0	0.805405405405
lal-	0.472854640981	0.359019264448	0.126094570928	0.0420315236427
yoi-	0.648648648649	0.236486486487	0.114864864865	0.0
iꞌd-	0.2	0.328571428571	0.0142857142857	0.457142857143
leu-	0.0	1.0	0.0	0.0
ibw-	0.34764894951	0.279911214033	0.0631302818762	0.309309554581
yeb-	0.0911458333333	0.770833333333	0.1328125	0.00520833333332
gau-	0.115591397849	0.287634408602	0.54435483871	0.0524193548387
gen-	0.130136986301	0.869863013699	0.0	0.0
tik-	0.0859375	0.8828125	0.03125	0.0
nuw-	0.326332395908	0.266103001138	0.0687550120261	0.338809590928
gel-	0.163732294357	0.399129211512	0.118371765869	0.318766728261
sau-	0.0607781880148	0.797311369876	0.0	0.141910442109
umo-	0.574231712053	0.209217967406	0.0731790738378	0.143371246703
sag-	0.160832964112	0.653079308817	0.0159503766061	0.170137350465
beh-	0.743682577213	0.140904388946	0.0411802374267	0.074232796414
bom-	0.0360627916843	0.231014000849	0.715952481969	0.0169707254985
bit-	0.0	1.0	0.0	0.0
gol-	0.112689393939	0.881628787879	0.0	0.00568181818182
aoꞌ-	0.123694779116	0.849799196787	0.0265060240964	0.0
aiw-	0.132584365312	0.682699541356	0.0313334916532	0.153382601678
yud-	0.0388671673633	0.780115948006	0.0851004433306	0.0959164413003
nag-	0.0	1.0	0.0	0.0
bai-	0.0877748133928	0.0515504241595	0.0250292237277	0.83564553872
sew-	0.337227333816	0.46665977463	0.13532513181	0.0607877597436
itu-	0.391198287054	0.441523043064	0.0595634531693	0.107715216713
aye-	0.569612711023	0.259582919563	0.0496524329692	0.121151936445
yek-	0.0	1.0	0.0	0.0
tam-	0.148179549896	0.663288759513	0.0285521021943	0.159979588397
gul-	0.225945017182	0.65578465063	0.0501145475372	0.0681557846505
yoa-	0.0535714285714	0.946428571429	0.0	0.0
oip-	0.764705882353	0.235294117647	0.0	0.0
wau-	0.248162225654	0.249138852595	0.0245476501564	0.478151271595
men-	0.0	1.0	0.0	0.0
ava-	0.256909390077	0.538597763338	0.140070279164	0.0644225674206
tud-	0.265486725664	0.699115044248	0.0	0.0353982300885
hop-	0.213351686166	0.637990364763	0.0289057123194	0.119752236752
ubw-	0.0315481986368	0.256669912366	0.517624148004	0.194157740993
ain-	0.0561466424641	0.0222621307053	0.00389928859975	0.917691938231
mug-	0.240824540525	0.147742395774	0.172644567326	0.438788496375
noi-	0.0869002974266	0.855683434631	0.0341394025605	0.0232768653821
tap-	0.136831180641	0.682437334386	0.0892499768957	0.0914815080772
amw-	0.324113194141	0.307732265079	0.0519404614462	0.316214079334
lup-	0.0	0.980582524272	0.0194174757281	0.0
deb-	0.176781002638	0.803430079156	0.0	0.0197889182058
aho-	0.228604923798	0.582356389214	0.143610785463	0.0454279015241
new-	0.0838407762853	0.169255103797	0.746904119918	0.0
ꞌao-	0.31654676259	0.583491101855	0.0499810677774	0.0499810677774
iso-	0.409840179474	0.470724146921	0.0400139820197	0.0794216915845
pam-	0.0124843945068	0.98127340824	0.0	0.00624219725345
mag-	0.170656614891	0.712240694434	0.0472805657871	0.0698221248879
vin-	0.212379921526	0.682843999459	0.0607225003383	0.0440535786768
wap-	0.165593376265	0.710211591536	0.124195032199	0.0
akw-	0.0748355263158	0.919682017544	0.0	0.00548245614035
muꞌ-	0.064110903537	0.769601440414	0.140242601487	0.0260450545619
dob-	0.38334987945	0.337824422068	0.145511274996	0.133314423486
taw-	0.277536544845	0.355816491613	0.086440823294	0.280206140248
leb-	0.0961857379768	0.658374792703	0.116086235489	0.129353233831
alo-	0.264173187453	0.358978173319	0.0708186717354	0.306029967492
ano-	0.230113636364	0.595170454545	0.140625	0.0340909090909
pit-	0.0394658148854	0.862865309103	0.00272826849029	0.0949406075213
aeg-	0.0363167760075	0.849656357388	0.0	0.114026866604
hit-	0.458344003489	0.216026517321	0.0597566099097	0.26587286928
las-	0.0513643659711	0.866085760147	0.0201788580601	0.062371015822
wiy-	0.0266666666667	0.946666666667	0.0266666666667	0.0
wik-	0.0960768614892	0.623698959167	0.0144115292234	0.26581265012
bes-	0.0315584238902	0.89298132561	0.00448595509999	0.0709742954001
sip-	0.0788247644836	0.850576227064	0.00466342074184	0.065935587711
pad-	0.0	1.0	0.0	0.0
iꞌi-	0.623466574657	0.125199456786	0.0390422316579	0.212291736899
vew-	0.0653630273402	0.773854789064	0.107188122397	0.0535940611986
yey-	0.603921568627	0.321568627451	0.0274509803921	0.0470588235294
yus-	0.0212765957447	0.978723404255	0.0	0.0
wen-	0.0	0.756345177665	0.0	0.243654822335
yos-	0.0396643783371	0.946351385711	0.00470378845665	0.00928044749555
nuh-	0.16907885838	0.709522521304	0.0473420803462	0.0740565399702
gou-	0.0271933055549	0.693017795069	0.276565989088	0.00322291028799
aꞌa-	0.315423408298	0.163091291653	0.0729115016611	0.448573798388
dum-	0.223608408458	0.339235041738	0.222604448723	0.214552101081
dib-	0.527108433735	0.472891566265	0.0	0.0
pis-	0.09193958256	0.884076178511	0.0	0.0239842389287
ten-	0.167991798716	0.0932617731102	0.0118751623557	0.726871265818
nai-	0.0	1.0	0.0	0.0
his-	0.59423902566	0.270191271895	0.0527226041812	0.0828470982639
sai-	0.0286376331438	0.948903368127	0.0085787591713	0.0138802395581
ipw-	0.517199593807	0.259349071481	0.072407943133	0.151043391579
peh-	0.125592308046	0.840594378249	0.0	0.0338133137047
yas-	0.143634232324	0.740888852814	0.052239556723	0.0632373581384
amb-	0.553918302457	0.206425013507	0.0526139298212	0.187042754215
paꞌ-	0.36252296387	0.28490508267	0.0500612369872	0.302510716473
lot-	0.214073872849	0.716528552985	0.0552828133183	0.0141147608472
gag-	0.276323360184	0.344649021864	0.281933256617	0.0970943613348
atu-	0.390343261653	0.389942567116	0.166538667023	0.0531755042073
awa-	0.266878659491	0.467179470802	0.0808801284259	0.185061741281
dei-	0.0329978937515	0.944535455184	0.00561666276621	0.0168499882986
ima-	0.589589086589	0.121969383312	0.0400155183154	0.248426011783
noꞌ-	0.216710953646	0.687629170357	0.0336581045173	0.0620017714792
240-	0.0	0.411042944785	0.208588957055	0.38036809816
ibo-	0.14768508054	0.0616717829246	0.0791957930506	0.711447343485
neh-	0.0	1.0	0.0	0.0
ado-	0.434950385888	0.281146637266	0.129547960309	0.154355016538
300-	0.0	0.108585858586	0.219696969697	0.671717171717
iga-	0.58244980229	0.261547748795	0.0747557113484	0.081246737567
lep-	0.0816139385603	0.761577258138	0.123796423659	0.0330123796424
ewa-	0.201190490854	0.229028756437	0.176571393678	0.393209359031
isu-	0.761194029851	0.179104477612	0.0	0.0597014925373
bul-	0.00574712643679	0.979885057471	0.014367816092	0.0
ilo-	0.417666612339	0.183189221002	0.0971972064796	0.301946960179
ihi-	0.486103070821	0.277508542923	0.166955014439	0.0694333718164
dav-	0.271604938272	0.679012345679	0.0493827160494	0.0
ebe-	0.12094669093	0.0221360918943	0.0012813708839	0.855635846292
van-	0.184275876881	0.754298830825	0.0307126461468	0.0307126461468
ila-	0.606318918127	0.134607323753	0.0264106096599	0.23266314846
now-	0.0494616672079	0.93704878719	0.0	0.0134895456022
tan-	0.220842942401	0.589609428443	0.054572453686	0.13497517547
vag-	0.28236823187	0.267218909688	0.145353108249	0.305059750193
aha-	0.408596123371	0.168898392465	0.0594088867667	0.363096597397
bil-	0.141700404858	0.789979757085	0.0480769230769	0.0202429149798
abo-	0.262528389607	0.0429246753529	0.025803984358	0.668742950682
aga-	0.176091954023	0.729808429119	0.0672796934866	0.0268199233717
ive-	0.548928720284	0.262955000951	0.0659507169465	0.122165561818
mos-	0.0486125764929	0.905175142435	0.00770204684533	0.0385102342266
inu-	0.511630430094	0.284792163743	0.0897731928219	0.113804213342
yaꞌ-	0.452044758362	0.14065563443	0.0464914106256	0.360808196582
haꞌ-	0.392300641613	0.357470210816	0.0852428964253	0.164986251146
vah-	0.18965395714	0.417222475293	0.0806560561424	0.312467511424
gwe-	0.132450331126	0.834437086093	0.0331125827814	0.0
buw-	0.192591307365	0.319423961135	0.394291663052	0.093693068448
bel-	0.11441292607	0.762553995896	0.0499297113769	0.0731033666571
boa-	0.0379746835443	0.962025316456	0.0	0.0
vai-	0.547483724295	0.295649478144	0.104784540663	0.0520822568978
ton-	0.0409870473833	0.0517239140878	0.273731677868	0.633557360661
mem-	0.238051143244	0.502528670133	0.223520193746	0.0358999928769
ede-	0.0703737119521	0.888883612707	0.0240752172468	0.016667458094
ven-	0.455200709692	0.334885783988	0.0725216234198	0.137391882901
niy-	0.0	1.0	0.0	0.0
pol-	0.68152866242	0.0764331210191	0.165605095541	0.0764331210191
esi-	0.00442043222004	0.988212180747	0.00147347740668	0.00589390962673
diꞌ-	0.461354513622	0.233751814843	0.201554359894	0.103339311641
meg-	0.0333333333333	0.966666666667	0.0	0.0
aya-	0.488243727858	0.290370582699	0.0982572166689	0.123128472774
lao-	0.577071550408	0.313582906904	0.0202890744232	0.0890564682647
yep-	0.178181818182	0.52747107438	0.269355371901	0.0249917355372
wit-	0.278293392437	0.700928106386	0.0207785011774	0.0
yaw-	0.298094760537	0.30905585388	0.0316472032314	0.361202182352
siꞌ-	0.736842105263	0.0350877192982	0.0	0.228070175439
wes-	0.0841561866432	0.877159114658	0.0149309363399	0.023753762359
uho-	0.454144653759	0.420297706672	0.11487188301	0.010685756559
put-	0.268784361637	0.492974954185	0.0	0.238240684178
ige-	0.501307299288	0.251984936074	0.0201492000288	0.226558564609
ses-	0.0658763759526	0.83149872989	0.0772226926333	0.0254022015241
wul-	0.0949720670391	0.86592178771	0.0279329608938	0.0111731843575
ido-	0.487476109043	0.252892063173	0.0558293934212	0.203802434363
igw-	0.614871306006	0.225929456625	0.102955195424	0.0562440419447
bal-	0.0532937317526	0.795304213929	0.0422986662264	0.109103388092
apo-	0.0131926121372	0.974670184697	0.0	0.0121372031662
han-	0.258895808875	0.518597097115	0.0999742036021	0.122532890407
liꞌ-	0.704697986577	0.295302013423	0.0	0.0
ayo-	0.562025316456	0.26582278481	0.141772151899	0.0303797468354
pei-	0.069747897207	0.874026757085	0.0384325147875	0.0177928309202
sad-	0.0275840372587	0.960496934296	0.0017027183493	0.0102163100958
pub-	0.100775193798	0.780361757106	0.0284237726098	0.0904392764857
dim-	0.024	0.928	0.0373333333334	0.0106666666667
amy-	0.541227786082	0.250366441749	0.0847174750733	0.123688297096
top-	0.116522113568	0.758391284825	0.0283980392836	0.0966885623227
nes-	0.115384615385	0.826923076923	0.0	0.0576923076923
toꞌ-	0.192660550459	0.697247706422	0.0550458715596	0.0550458715596
eit-	0.0428571428571	0.128571428571	0.742857142857	0.0857142857143
woy-	0.133470225873	0.550308008214	0.151950718686	0.164271047228
sop-	0.0	0.95652173913	0.0434782608696	0.0
ubo-	0.0922587486745	0.106751502298	0.00636267232238	0.794627076706
tas-	0.187549880287	0.719074221868	0.0223463687151	0.0710295291301
vaꞌ-	0.291666666667	0.4375	0.229166666667	0.0416666666667
amp-	0.443463373955	0.302158212757	0.0672147702812	0.187163643007
set-	0.0	1.0	0.0	0.0
iwe-	0.443148688047	0.368804664723	0.166180758017	0.0218658892128
ele-	0.113080379431	0.81477783325	0.0611582626061	0.0109835247129
ais-	0.00554357868802	0.984909146905	0.0086233446258	0.000923929781338
boh-	0.157620099663	0.680647971987	0.0411182868686	0.120613641481
udo-	0.481835564054	0.466826003824	0.0197896749522	0.0315487571702
yog-	0.250277100421	0.656838838395	0.0614054533363	0.0314786078475
adu-	0.327376697641	0.549678341673	0.00857755539671	0.114367405289
ugu-	0.548931582225	0.253896773834	0.104132392717	0.0930392512246
sib-	0.106420696811	0.837835128668	0.0253382611456	0.0304059133747
hen-	0.276923076923	0.692307692308	0.0307692307692	0.0
sit-	0.0945100764419	0.80298818624	0.0281445448228	0.0743571924948
eki-	0.0	1.0	0.0	0.0
ovi-	0.372769025057	0.364067980544	0.207817374959	0.0553456194407
lus-	0.0	1.0	0.0	0.0
doh-	0.109756097561	0.475609756098	0.268292682927	0.146341463415
ulo-	0.470440275624	0.316751733638	0.0909374657598	0.121870524979
sus-	0.0	1.0	0.0	0.0
bla-	0.354593773728	0.380410022779	0.101366742597	0.163629460896
yat-	0.521136031173	0.244815850075	0.105479783533	0.128568335219
uda-	0.349527665317	0.51282051282	0.113360323887	0.0242914979757
ves-	0.421322075211	0.329128565903	0.138184445401	0.111364913484
uno-	0.575851393189	0.297213622291	0.0743034055727	0.0526315789473
kwa-	0.0	1.0	0.0	0.0
mak-	0.0816532258065	0.859375	0.00302419354839	0.0559475806452
uto-	0.495932571067	0.197722239798	0.0276133230894	0.278731866046
pep-	0.272469678062	0.606126110953	0.0165551196797	0.104849091305
get-	0.0	1.0	0.0	0.0
sam-	0.0512855736429	0.911395013394	0.00343430180644	0.0338851111569
hon-	0.163568773234	0.256505576208	0.460966542751	0.118959107807
buy-	0.14693877551	0.816326530612	0.0367346938776	0.0
uꞌo-	0.38431690279	0.379289074707	0.116838424915	0.119555597587
lel-	0.525762338492	0.318998642343	0.095486641977	0.059752377188
nik-	0.0396777684261	0.949501022003	0.00360706985691	0.00721413971384
miy-	0.267321053717	0.178506261641	0.244978399214	0.309194285428
teb-	0.436698717949	0.401442307692	0.0336538461538	0.128205128205
yet-	0.310344827586	0.275862068966	0.387931034483	0.0258620689655
yun-	0.0262582056893	0.855579868709	0.0722100656455	0.0459518599562
imw-	0.418170169196	0.16378249017	0.172488741368	0.245558599266
yao-	0.0	1.0	0.0	0.0
wuw-	0.189291873949	0.0239136555011	0.00330307896797	0.783491391582
kiy-	0.0	1.0	0.0	0.0
bag-	0.0966895091767	0.170745358966	0.404053911151	0.328511220707
lib-	0.101694915254	0.830508474576	0.0338983050847	0.0338983050847
may-	0.252685401134	0.121053695976	0.0593607884764	0.566900114413
