-eus	0.0090909090909	0.918181818182	0.0	0.0727272727273
-eur	0.460970464135	0.295358649789	0.0886075949367	0.155063291139
-hem	0.0210755813953	0.970203488372	0.00436046511628	0.00436046511628
-ois	0.0	1.0	0.0	0.0
-rbi	0.030162412993	0.969837587007	0.0	0.0
-lem	0.00227852716004	0.991979584397	0.00123040466642	0.00451148377689
-dre	0.508891341701	0.0734205573694	0.0250195973173	0.392668503613
-aus	0.0306546967375	0.954017954894	0.0153273483687	0.0
-iom	0.687062937063	0.155594405594	0.0	0.157342657343
-oya	0.190754664439	0.700640490114	0.0584795321637	0.0501253132832
-nsi	0.770131771596	0.172767203514	0.0219619326501	0.0351390922401
-dra	0.059349292137	0.835338148077	0.0105820738473	0.0947304859382
-ple	0.314454358907	0.216482245209	0.0481445110532	0.420918884831
-aul	0.0675675675676	0.883783783784	0.0486486486486	0.0
-aun	0.0606951871658	0.901978609626	0.0120855614973	0.0252406417112
-kia	0.0	1.0	0.0	0.0
-i-i	0.146118721461	0.675799086758	0.150684931507	0.027397260274
-pun	0.322916666667	0.296875	0.213541666667	0.166666666667
-pra	0.0855192943305	0.108380775695	0.0431506622701	0.762949267705
-nme	0.373417721519	0.208860759494	0.0379746835443	0.379746835443
-pre	0.0619046531087	0.0333759004625	0.00698027393921	0.89773917249
-nma	0.166565701641	0.617303068644	0.0535009884581	0.162630241257
-nmo	0.219867196035	0.634975352511	0.0438207611473	0.101336690306
-pro	0.576225620327	0.279083153816	0.0282674911443	0.116423734713
-opo	0.548890236365	0.255650385523	0.087101245482	0.10835813263
-opi	0.447368421053	0.377192982456	0.105263157895	0.0701754385965
-smo	0.168063872255	0.734930139721	0.0335329341317	0.0634730538922
-opa	0.024358974359	0.953846153846	0.0	0.0217948717949
-msi	0.481335952849	0.483300589391	0.0	0.0353634577603
-dek	0.0563909774436	0.920247046187	0.0110096670247	0.0123523093448
-dem	0.153425284121	0.472643467858	0.200643890081	0.17328735794
-den	0.393142857143	0.291428571429	0.133714285714	0.181714285714
-400	0.286472148541	0.188328912467	0.0079575596817	0.51724137931
-ima	0.184655015147	0.284431336934	0.0962974058976	0.434616242022
-oko	0.34818762624	0.24751823409	0.15834307821	0.24595106146
-des	0.0175438596491	0.947368421053	0.0350877192982	0.0
-ime	0.403358973332	0.216644178408	0.0860572572452	0.293939591015
-aka	0.520936693789	0.354038499702	0.0791823774558	0.0458424290534
-ryo	0.549597567019	0.234175466585	0.0183989327221	0.197828033674
-rwa	0.779235891137	0.0886935160644	0.0634171568944	0.0686534359041
-imo	0.169283102188	0.682313297072	0.0632668701056	0.0851367306345
-bir	0.369153075379	0.521811761653	0.0620408016131	0.0469943613548
-bis	0.0035154165664	0.993848021009	0.0	0.0026365624248
-idi	0.536509016524	0.249540667191	0.0753866228263	0.138563693458
-let	0.0913060738388	0.884874950377	0.023818975784	0.0
-ide	0.159090909091	0.568181818182	0.0909090909091	0.181818181818
-ida	0.0758241758242	0.914285714286	0.0	0.00989010989011
-bia	0.0378273520853	0.950533462658	0.0	0.011639185257
-bin	0.19093972295	0.75028079371	0.0303257207039	0.0284537626357
-100	0.052955194022	0.10270365685	0.103556823865	0.740784325263
-uta	0.0	1.0	0.0	0.0
-tet	0.0	0.844155844156	0.146103896104	0.00974025974026
-ria	0.0134463607132	0.793439005761	0.017821614129	0.175293019396
-rin	0.0378057820608	0.934025203855	0.00444773906599	0.0237212750185
-ril	0.0	0.897103658537	0.102896341463	0.0
-rim	0.300809029412	0.542130237629	0.0468320241841	0.110228708774
-utn	0.171954812723	0.685462800503	0.063717961055	0.0788644257185
-rik	0.0459431180443	0.546751640826	0.368496147627	0.0388090935033
-rit	0.0185279981025	0.924007707968	0.0496440349901	0.00782025893937
-gra	0.346811456278	0.418839511465	0.0880009051165	0.146348127141
-rir	0.550759479838	0.449240520162	0.0	0.0
-ris	0.0143109059368	0.95407377672	0.0222792504767	0.00933606686642
-rip	0.4375	0.375	0.0833333333334	0.104166666667
-gre	0.220763342082	0.149974846894	0.14071959755	0.488542213473
-gro	0.0619170638819	0.71088794285	0.0807408215989	0.14645417167
-ten	0.18632309217	0.656689791873	0.0765113974232	0.0804757185332
-are	0.338869344019	0.419686828226	0.161933621643	0.079510206112
-ara	0.193243518918	0.192659439347	0.0684353206624	0.545661721073
-mes	0.0693069306931	0.881188118812	0.0495049504951	0.0
-mer	0.166666666667	0.8	0.0	0.0333333333333
-aro	0.509958498361	0.211355151699	0.0313820614376	0.247304288503
-iwa	0.386494796594	0.369432355724	0.149432355724	0.0946404919585
-luk	0.0136054421769	0.972789115646	0.0	0.0136054421769
-mea	0.0	1.0	0.0	0.0
-lum	0.482610767032	0.210576464983	0.101953311101	0.204859456884
-lun	0.0217054263566	0.978294573643	0.0	0.0
-mem	0.18881514637	0.630601430262	0.0929927457941	0.0875906775736
-mel	0.0723102342307	0.806395179318	0.114296821849	0.00699776460299
-men	0.537794828076	0.402529127593	0.040494458653	0.0191815856778
-mek	0.0	1.0	0.0	0.0
-aya	0.554703133629	0.19011371964	0.066997891806	0.188185254926
-rai	0.0654179718298	0.842208442541	0.0552962986639	0.0370772869654
-tyu	0.0696202531646	0.924050632911	0.00632911392406	0.0
-num	0.027966010541	0.633215015596	0.313004194902	0.0258147789609
-mor	0.127168479859	0.184063510732	0.677741840635	0.0110261687739
-sre	0.219178082192	0.397260273973	0.027397260274	0.356164383562
-lap	0.0938568920897	0.84713347071	0.0444393564099	0.0145702807901
-ota	0.00688595794268	0.00827639175804	0.270869749457	0.713967900842
-ija	0.00137080191912	0.998629198081	0.0	0.0
-lma	0.0964020813336	0.795830559179	0.0116576629027	0.0961096965844
-oti	0.0215890410959	0.943232876712	0.00197260273973	0.0332054794521
-iga	0.625036950189	0.131514401256	0.0319405345741	0.211508113981
-otn	0.491565981427	0.257736581488	0.0303360887082	0.220361348376
-ume	0.386651453537	0.346670177389	0.0347025150425	0.231975854032
-uma	0.204972932734	0.407886409482	0.055129706265	0.332010951519
-otu	0.173333333333	0.6	0.226666666667	0.0
-umo	0.0706527070087	0.515212405104	0.0179879884289	0.396146899458
ALL	0.231895081789	0.290696586069	0.0554863982678	0.421921933874
-nai	0.0488178261609	0.917162782786	0.00850484776323	0.0255145432897
-nan	0.355354506836	0.159504897767	0.0658705782097	0.419270017188
-rma	0.148522167488	0.781280788177	0.0221674876848	0.0480295566503
-nam	0.264444444444	0.602222222222	0.0266666666667	0.106666666667
-sis	0.0235294117647	0.952941176471	0.0235294117647	0.0
-ake	0.362421738254	0.161257481767	0.0378319896226	0.438488790356
-sip	0.102453857549	0.851525613631	0.0185110506982	0.027509478121
-kin	0.204120455675	0.296272861293	0.489391083124	0.0102155999086
-dle	0.0174932575648	0.8544486399	0.038932596321	0.0891255062147
-kis	0.0543823371379	0.929498347363	0.00488464106029	0.0112346744387
-kir	0.574995041595	0.339845740159	0.0449640672337	0.040195151012
-sin	0.22089904622	0.708566357339	0.0574118808244	0.013122715617
-nas	0.0439978272678	0.931558935361	0.0162954915807	0.00814774579033
-sia	0.0134408602151	0.97883167275	0.00624773930486	0.0014797277301
-nat	0.334821428571	0.120535714286	0.544642857143	0.0
-gok	0.315217391304	0.597826086957	0.0652173913044	0.0217391304348
-mos	0.00769230769232	0.992307692308	0.0	0.0
-gol	0.00537955768081	0.760111576011	0.234508866308	0.0
-gon	0.0200633579725	0.758711721225	0.184794086589	0.0364308342133
-god	0.0455073650672	0.802076249668	0.00675477011139	0.145661615154
-lki	0.39500145474	0.511594886349	0.079000290948	0.0144033679629
-lko	0.521925683121	0.212720635383	0.0511620996131	0.214191581883
-mon	0.00911838827102	0.98786608175	0.0015077649897	0.00150776498969
-lka	0.494451765895	0.189264539061	0.0531896503312	0.263094044713
-moi	0.0236686390532	0.763313609467	0.201183431953	0.0118343195266
-lke	0.146461551114	0.101442982502	0.0948962802418	0.657199186143
-yau	0.567200986437	0.368988902589	0.0443896424168	0.0194204685573
-ber	0.0	1.0	0.0	0.0
-bet	0.0697137580794	0.837488457987	0.00969529085872	0.0831024930748
-bek	0.0877862595419	0.824427480916	0.0419847328244	0.0458015267175
-bei	0.300261096606	0.503916449086	0.0861618798956	0.109660574413
-ben	0.0	1.0	0.0	0.0
-sua	0.075208913649	0.891364902507	0.0	0.033426183844
-lpa	0.0609756097561	0.924390243902	0.0146341463415	0.0
-yan	0.136216216216	0.811891891892	0.0389189189189	0.012972972973
-yai	0.209923664122	0.648854961832	0.129770992366	0.0114503816794
-lpi	0.20023464998	0.262807978099	0.0371529135706	0.49980445835
-ofa	0.435861975152	0.509386052417	0.0155300625737	0.0392219098576
-iso	0.0128205128205	0.987179487179	0.0	0.0
-isi	0.168912954953	0.694037904243	0.0304782552941	0.106570885509
-rem	0.0	1.0	0.0	0.0
-lya	0.453183520599	0.172284644195	0.0112359550562	0.36329588015
-isa	0.072398512799	0.913371434685	0.0142300525157	0.0
-eva	0.396907216495	0.572164948454	0.0	0.0309278350515
-res	0.00895255147717	0.982094897046	0.00895255147719	0.0
-ret	0.0135978835979	0.964126984127	0.00952380952381	0.0127513227513
-reu	0.0	1.0	0.0	0.0
-jut	0.0357142857143	0.928571428571	0.0357142857143	0.0
-map	0.134615384615	0.865384615385	0.0	0.0
-mas	0.0363709840372	0.936350777935	0.00606183067287	0.021216407355
-mar	0.0392156862745	0.941176470588	0.0	0.0196078431372
-mau	0.429210887301	0.146632012129	0.398166197386	0.0259909031839
-mat	0.0	1.0	0.0	0.0
-mai	0.0451967263215	0.912613587616	0.0159464256175	0.0262432604447
-dwo	0.916767822578	0.0666972868344	0.00551163019585	0.0110232603917
-mak	0.070835992342	0.912571793236	0.0	0.0165922144225
-has	0.0	1.0	0.0	0.0
-mam	0.0431866372409	0.871340170496	0.00623133843957	0.0792418538232
-man	0.142316410578	0.603813871466	0.0411898839231	0.212679834033
-uno	0.354080145328	0.273319857736	0.0794549866861	0.29314501025
-irm	0.898263953705	0.0300541347769	0.0201605376143	0.0515213739033
-une	0.418460327298	0.212111187417	0.101694276478	0.267734208807
-una	0.25269571719	0.121044642224	0.0301131127019	0.596146527884
-nka	0.310447761194	0.676119402985	0.0089552238806	0.00447761194029
-pta	0.0	1.0	0.0	0.0
-666	0.0	0.0	0.0	1.0
-tre	0.472727514871	0.125054006239	0.0410903080172	0.361128170874
-ade	0.358204528002	0.0367462314622	0.0164948232307	0.588554417305
-tra	0.00332594235033	0.99667405765	0.0	0.0
-500	0.0934844192634	0.0906515580736	0.0169971671388	0.798866855524
-eon	0.0461538461538	0.941114058355	0.00636604774537	0.00636604774535
-gan	0.373839603949	0.205494803852	0.154361317628	0.266304274571
-tro	0.471232876712	0.345205479452	0.0164383561644	0.167123287671
-gak	0.0574870931412	0.787507944827	0.0438610184989	0.111143943533
-gai	0.0930965482741	0.433866933467	0.375337668834	0.0976988494248
-adi	0.456415198561	0.362511311951	0.0906719005254	0.0904015889619
-144	0.0116731517509	0.101167315175	0.0	0.887159533074
-sna	0.530191458026	0.469808541974	0.0	0.0
-gas	0.0394736842105	0.960526315789	0.0	0.0
-gar	0.0963302752293	0.426605504587	0.298165137615	0.178899082569
-ire	0.371395731795	0.36753312777	0.105461799454	0.155609340981
-sno	0.0700496414782	0.714837286266	0.196911196911	0.0182018753447
-mgo	0.507285874701	0.299078312275	0.0918234787784	0.101812334246
-sel	0.0719339185836	0.840389672927	0.0360040004445	0.0516724080453
-sek	0.0	1.0	0.0	0.0
-bel	0.107946772789	0.889731791237	0.0	0.00232143597397
-ino	0.196503059234	0.641330474138	0.0644682987448	0.0976981678834
-ina	0.0366914007603	0.131030603885	0.0157499291812	0.816528066173
-ind	0.0956719817767	0.822323462415	0.0546697038724	0.0273348519362
-ine	0.34169825482	0.152831002547	0.0324571085423	0.473013634091
-sea	0.05	0.95	0.0	0.0
-ing	0.0687001356105	0.845128692288	0.0319407444121	0.0542304276893
--mo	0.116666666667	0.733333333333	0.05	0.1
-800	0.0	0.318336416254	0.0	0.681663583746
-kno	0.371212121212	0.128787878788	0.409090909091	0.090909090909
-fus	0.0	0.943925233645	0.0560747663551	0.0
-kna	0.415389381853	0.363888019532	0.019454236821	0.201268361794
-ses	0.0592164305366	0.920407232496	0.00389872151359	0.0164776154537
-ser	0.0	1.0	0.0	0.0
-sep	0.041448724045	0.946822000317	0.00190204469805	0.00982723093993
--di	0.384410393071	0.443037974684	0.0601821008217	0.112369531424
-kus	0.195777351248	0.804222648752	0.0	0.0
-kur	0.481382670512	0.416770391426	0.0735792164773	0.0282677215845
-lau	0.490793553399	0.130388976285	0.106327147398	0.272490322918
-iam	0.0807228915663	0.827108433735	0.0765060240964	0.0156626506024
-rsi	0.823405746321	0.158374211633	0.00981079187106	0.00840925017519
-edi	0.515817918233	0.229788717605	0.0612944661789	0.193098897983
-bla	0.3	0.4	0.05	0.25
-nes	0.0	1.0	0.0	0.0
--de	0.100896860987	0.899103139013	0.0	0.0
-nen	0.289412660101	0.546110631237	0.0497068517719	0.11476985689
-iyu	0.702032960423	0.113917959822	0.018765788524	0.165283291231
-nem	0.096012906327	0.767956838944	0.0218788761109	0.114151378618
-iap	0.358208955224	0.582089552239	0.0298507462687	0.0298507462687
-kua	0.0853938223669	0.853708183168	0.0323032630896	0.0285947313754
-edu	0.473259713229	0.37887372803	0.0529024051804	0.0949641535615
-kun	0.438504529678	0.145504200023	0.329648440334	0.0863428299655
-kum	0.0247933884297	0.225501770956	0.742621015348	0.00708382526564
-kul	0.222062004326	0.727010552533	0.0233990954972	0.0275283476437
-pen	0.0	1.0	0.0	0.0
-kui	0.111308993767	0.283882457703	0.53250222618	0.0723063223509
-ban	0.151288413883	0.806803438226	0.00167632591561	0.0402318219745
-eka	0.0843091334895	0.606557377049	0.266978922717	0.0421545667448
-bam	0.708860759494	0.113924050633	0.177215189873	0.0
-eke	0.434349736523	0.44647755228	0.0564383234531	0.0627343877445
-bai	0.105733075865	0.39911959691	0.0623971793219	0.432750147903
-eko	0.198529411765	0.323529411765	0.345588235294	0.132352941176
-hor	0.0	1.0	0.0	0.0
-hos	0.0572331356008	0.925775777268	0.0134140161564	0.00357707097505
-jon	0.0149966061429	0.924995757679	0.0120269811641	0.0479806550144
-gsi	0.0	1.0	0.0	0.0
-bat	0.00103270223752	0.988410786001	0.00722891566265	0.00332759609868
-bas	0.0118212522733	0.974019225773	0.0110418290465	0.00311769290725
-job	0.1	0.633333333333	0.133333333333	0.133333333333
-dru	0.00670915800066	0.989840417885	0.0	0.00345042411463
-ase	0.0	1.0	0.0	0.0
-mbu	0.134005469244	0.57406701605	0.0469013010202	0.245026213686
-asa	0.0324616771867	0.908025247971	0.0054102795311	0.0541027953111
-yer	0.346153846154	0.607692307692	0.0461538461538	0.0
-iyo	0.504117772398	0.289617435569	0.0704285638111	0.135836228221
-asi	0.672063561877	0.198500321275	0.027497204626	0.101938912222
-yei	0.208020771502	0.133556405587	0.0629018409672	0.595520981943
-mba	0.0312754681958	0.253122565006	0.0100380196409	0.705563947157
-lto	0.0913678415781	0.392665086525	0.273338940286	0.24262813161
-mbe	0.39429488619	0.237019759855	0.0750136017615	0.293671752193
-yen	0.245283018868	0.503144654088	0.207547169811	0.0440251572327
-mbi	0.349107931319	0.246180658346	0.114199782547	0.290511627788
-lta	0.025627750453	0.960911208905	0.00569505565623	0.00776598498577
-rmo	0.453490434063	0.382933028589	0.0521348491715	0.111441688176
-lte	0.549564333998	0.193334114797	0.103934669636	0.153166881569
-mbo	0.328449453019	0.226362554093	0.0663733221452	0.378814670743
-430	0.493333333333	0.0266666666667	0.0	0.48
-ras	0.0902948402948	0.839680589681	0.0608108108108	0.00921375921377
-ran	0.42290984084	0.154400906957	0.0590883431866	0.363600909016
-eri	0.0	1.0	0.0	0.0
-ral	0.0192307692308	0.682692307692	0.298076923077	0.0
-ram	0.0315098468271	0.90284463895	0.0131291028446	0.0525164113786
-rak	0.316492100515	0.653392086257	0.0117953601809	0.018320453047
-iwe	0.452123160914	0.212931526868	0.0402880409631	0.294657271255
-ero	0.605941302792	0.257247673586	0.0263063707946	0.110504652827
-era	0.448490656445	0.353777351861	0.0341798434755	0.163552148219
-iwo	0.371693267113	0.358356642249	0.120508102531	0.149441988107
-ere	0.241974005224	0.132036640077	0.0578583872192	0.568130967479
-lsi	0.477130347695	0.306588509316	0.114222484365	0.102058658625
-pok	0.00924702774108	0.970937912814	0.00396301188904	0.0158520475561
-pon	0.28716904277	0.566191446028	0.0855397148676	0.061099796334
-pol	0.0410289912815	0.85936767601	0.00263663635511	0.0969666963533
-ugo	0.472854640981	0.322241681261	0.141856392294	0.0630472854641
-bsi	0.0952380952381	0.845238095238	0.0595238095238	0.0
-ugl	0.294878221195	0.319638841068	0.0879910768959	0.297491860842
-ike	0.237762237762	0.561696368148	0.150913602526	0.0496277915632
-ika	0.421939814007	0.240259449117	0.0629406478904	0.274860088985
-iko	0.43208571779	0.266174509604	0.0602540114976	0.241485761108
-lam	0.0946197771645	0.874776199954	0.0227424390217	0.00786158385937
-lan	0.182137863389	0.776227643634	0.0186259573846	0.0230085355928
-nos	0.0	1.0	0.0	0.0
-oun	0.374134721961	0.2389735868	0.0800970366188	0.306794654621
-oum	0.0705882352941	0.717647058824	0.0705882352941	0.141176470588
-lak	0.159679923815	0.677627323618	0.00903848625373	0.153654266313
-lat	0.0322966268853	0.897770516626	0.0418401705485	0.0280926859397
--ne	0.441841761335	0.366140544888	0.0774102744547	0.114607419322
-iku	0.0873015873016	0.769841269841	0.142857142857	0.0
-fos	0.0	1.0	0.0	0.0
-iks	0.066882416397	0.881337648328	0.0361380798274	0.0156418554477
-nom	0.44262295082	0.360655737705	0.131147540984	0.0655737704918
-non	0.158713136729	0.545844504022	0.224664879357	0.0707774798927
-las	0.0367545309465	0.911644280286	0.0396514397896	0.0119497489777
-noa	0.0	1.0	0.0	0.0
--no	0.588607594937	0.259493670886	0.0	0.151898734177
-gen	0.260239728223	0.479520543555	0.170501890904	0.0897378373181
-bot	0.206469849867	0.777222095931	0.00474416122241	0.0115638929796
-bor	0.266321243523	0.389637305699	0.0735751295337	0.270466321244
-don	0.0184426229508	0.972336065574	0.0030737704918	0.00614754098361
-ger	0.0344827586207	0.931034482759	0.0344827586207	0.0
-dom	0.00250566514726	0.995346621869	0.00143180865558	0.00071590432779
-dok	0.0	1.0	0.0	0.0
-geu	0.274104683196	0.374655647383	0.270431588613	0.0808080808081
-get	0.0	1.0	0.0	0.0
-gla	0.244596101451	0.654868353534	0.0728348492268	0.0277006957882
-gle	0.121901311102	0.201252946679	0.0439090089158	0.632936733303
-sat	0.0	1.0	0.0	0.0
-gli	0.162307513735	0.127582604658	0.0319198328562	0.67819004875
-tom	0.521472392638	0.272392638037	0.125153374233	0.080981595092
-glm	0.235450910706	0.469124833407	0.0733007552199	0.222123500666
-glo	0.215442739045	0.468278219715	0.104544317942	0.211734723298
-oli	0.0340137874391	0.673999701698	0.282781953932	0.00920455693121
-glu	0.415907207954	0.461474730737	0.112676056338	0.009942004971
-olo	0.363332107312	0.321093153023	0.117270744322	0.198303995344
-sak	0.0	0.995884773663	0.00411522633745	0.0
-ola	0.362068965517	0.5	0.0862068965517	0.051724137931
-ole	0.526792688642	0.199812529292	0.051554444618	0.221840337447
-sam	0.0	1.0	0.0	0.0
-rot	0.0225779705338	0.903246380509	0.0498756298233	0.0243000191339
-oro	0.451504353537	0.174291473587	0.0326596647716	0.341544508104
-iem	0.0	1.0	0.0	0.0
-iel	0.0729777288381	0.906294868888	0.0155455517052	0.00518185056839
-loi	0.0	0.980198019802	0.0	0.019801980198
-loe	0.108108108108	0.837837837838	0.027027027027	0.027027027027
-oki	0.0672211461775	0.857696251567	0.0578785462003	0.0172040560556
-ron	0.00729927007299	0.98296836983	0.00973236009735	0.0
-los	0.042939481268	0.938904899135	0.0	0.0181556195965
-.00	0.388888888889	0.462962962963	0.0740740740741	0.0740740740741
-ipi	0.583274921728	0.0974305569463	0.0168892983264	0.302405222999
-ipo	0.392523364486	0.570093457944	0.0	0.0373831775701
-win	0.0272974982883	0.893023317519	0.00885324268806	0.0708259415046
-ipa	0.0	1.0	0.0	0.0
-ham	0.0319870510251	0.927046400493	0.0378449206105	0.00312162787112
-ewe	0.298141263941	0.223791821561	0.318959107807	0.159107806691
-rdi	0.491395793499	0.338432122371	0.112810707457	0.057361376673
-ipu	0.247058823529	0.576470588235	0.0352941176471	0.141176470588
-hap	0.00828157349897	0.966873706004	0.0248447204969	0.0
-awi	0.632183908046	0.367816091954	0.0	0.0
-awo	0.272727272727	0.0606060606061	0.606060606061	0.0606060606061
-awa	0.244009989862	0.375951030549	0.124323528476	0.255715451112
-awe	0.338663466006	0.249767693976	0.0942775282639	0.317291311755
-agl	0.200925734264	0.40217274265	0.033496339668	0.363405183418
-rus	0.0488440521228	0.896511139134	0.00941572089113	0.045229087852
-nge	0.216239122878	0.39258586237	0.0285305135304	0.362644501222
-deu	0.262295081967	0.737704918033	0.0	0.0
-276	0.0	0.228571428571	0.0	0.771428571429
-sto	0.0652446675031	0.855708908407	0.0338770388958	0.0451693851945
-ngi	0.428187514133	0.518577401012	0.00956929882135	0.0436657860338
-mpa	0.324324324324	0.675675675676	0.0	0.0
-uie	0.222530182741	0.671771503735	0.0761027857377	0.0295955277869
-igl	0.382087551236	0.327984135475	0.0396822441737	0.250246069116
--wu	0.274174528302	0.448113207547	0.0884433962264	0.189268867925
-eyo	0.371240477923	0.499162846148	0.105297299193	0.0242993767368
-200	0.0618654822335	0.357550761421	0.0856598984771	0.494923857868
--wa	0.563909774436	0.413533834587	0.0225563909775	0.0
-ibi	0.448818897638	0.472440944882	0.0	0.0787401574803
-iok	0.0443037974683	0.943670886076	0.00379746835443	0.00822784810126
-lek	0.0	1.0	0.0	0.0
-mua	0.0105633802817	0.915492957746	0.0528169014085	0.0211267605634
-ion	0.0516109445562	0.856551933513	0.0394671928959	0.0523699290349
-len	0.0623700623701	0.347193347193	0.590436590437	0.0
-leo	0.0	0.862745098039	0.0980392156863	0.0392156862745
-lea	0.0	1.0	0.0	0.0
-mun	0.159860335049	0.0972177960939	0.0139246716034	0.728997197254
-mut	0.2	0.707692307692	0.0923076923077	0.0
-rye	0.524429967427	0.153094462541	0.302931596091	0.0195439739414
-mus	0.301184433164	0.617597292724	0.0	0.0812182741117
-mur	0.225311942959	0.590017825312	0.123351158645	0.0613190730838
-ios	0.0208333333333	0.9375	0.0416666666667	0.0
-ior	0.0	1.0	0.0	0.0
-oim	0.262040816326	0.630204081633	0.0783673469387	0.029387755102
-les	0.0384615384615	0.961538461538	0.0	0.0
-oik	0.175824175824	0.428571428571	0.395604395604	0.0
-iot	0.00705467372134	0.989417989418	0.0	0.00352733686067
-wit	0.0286216625097	0.9591119107	0.00245328535797	0.0098131414319
-giu	0.563251931209	0.328535627267	0.0365379659167	0.0716744756065
-ndu	0.112654531435	0.161297003143	0.225800919272	0.50024754615
-gir	0.421433252729	0.236104770729	0.130036836991	0.212425139551
-ndi	0.324640247871	0.306002683975	0.0966023921781	0.272754675976
-gin	0.151986017776	0.642509566594	0.027265559314	0.178238856316
-alm	0.00983606557377	0.990163934426	0.0	0.0
-ndo	0.470930867813	0.1404823995	0.026373479684	0.362213253002
-ali	0.00392156862745	0.966666666667	0.0294117647059	0.0
-nda	0.232632203783	0.160439087757	0.0275634242651	0.579365284194
-nde	0.115657500884	0.24833515293	0.180236525315	0.45577082087
-gia	0.0258899676375	0.909385113269	0.0517799352751	0.0129449838188
-ala	0.0939337238012	0.852589156213	0.0252853773846	0.0281917426012
-lon	0.0503933659366	0.751435254093	0.022113544546	0.176057835424
-120	0.0947368421052	0.168421052632	0.0	0.736842105263
-bre	0.119893365106	0.334194345205	0.0217042731412	0.524208016547
-lok	0.0898765432099	0.698765432099	0.0497119341564	0.161646090535
-gwa	0.466588903597	0.108918508252	0.0346698504586	0.389822737692
-pel	0.092891901286	0.812130691693	0.0115571776156	0.0834202294056
-mge	0.69014084507	0.30985915493	0.0	0.0
-mga	0.342317987237	0.267047339351	0.0856656163043	0.304969057107
-pet	0.0396551938602	0.945708374278	0.00381459413962	0.0108218377222
-rki	0.431654676259	0.398081534772	0.15587529976	0.0143884892086
-153	0.215568862275	0.065868263473	0.107784431138	0.610778443114
-eli	0.0898203592814	0.910179640719	0.0	0.0
-ogl	0.293747522227	0.130036096524	0.0424983060717	0.533718075177
-rko	0.542775140401	0.113055200726	0.0384239158561	0.305745743017
-iye	0.204135200996	0.397721269878	0.060569590958	0.337573938168
-rka	0.339136840425	0.126876181746	0.0294628647912	0.504524113037
-ela	0.0	1.0	0.0	0.0
-iya	0.282500729469	0.489883315514	0.0380052479308	0.189610707086
-rke	0.472747497219	0.500556173526	0.0133481646274	0.0133481646274
-ele	0.371725277319	0.628274722681	0.0	0.0
-pna	0.168847684293	0.80634204373	0.0144726586536	0.0103376133241
-pno	0.113385826772	0.609448818898	0.245669291339	0.0314960629921
-ter	0.0	0.966101694915	0.0338983050847	0.0
-itn	0.269780357819	0.555776707005	0.0601181855863	0.11432474959
-ito	0.550132425274	0.3314415437	0.0431328036323	0.0752932273931
-esi	0.521942206507	0.289148835859	0.106341390084	0.0825675675497
-iti	0.0181428426134	0.913009802924	0.00203412638184	0.0668132280804
-esa	0.0	1.0	0.0	0.0
-ite	0.521073159649	0.195490003029	0.0334179036656	0.250018933656
-ita	0.0440951753388	0.791490661828	0.0739132259891	0.0905009368441
-spa	0.0428571428571	0.919047619048	0.0380952380953	0.0
-bru	0.0476847785167	0.913414481114	0.0313715648137	0.00752917555527
-fan	0.286441756843	0.684914067473	0.0	0.0286441756843
-bra	0.0793518873855	0.153882012803	0.581197325743	0.185568774069
-uda	0.0249373882384	0.782680898647	0.149683248245	0.0426984648703
-fat	0.0	1.0	0.0	0.0
-udi	0.546439061245	0.175438971052	0.119459731957	0.158662235745
-bro	0.349973417381	0.310387563001	0.121236607286	0.218402412332
-hum	0.0	1.0	0.0	0.0
-set	0.0	1.0	0.0	0.0
--si	0.486406082142	0.283654243451	0.0931741178415	0.136765556566
-mdi	0.543654890916	0.198317640196	0.134790468822	0.123237000066
-wom	0.0926867536392	0.534968184328	0.0854229014732	0.28692216056
-wol	0.0147783251231	0.933497536946	0.051724137931	0.0
-rom	0.0292417913032	0.662539771866	0.285708101556	0.0225103352741
-nle	0.441860465116	0.441860465116	0.0697674418604	0.046511627907
-lai	0.0350877192982	0.964912280702	0.0	0.0
-lot	0.0236812020252	0.868528499102	0.0979911807936	0.00979911807937
-ema	0.2	0.533333333333	0.15	0.116666666667
-kon	0.195605953225	0.446491849752	0.260099220411	0.0978029766123
-koi	0.0406779661017	0.938983050847	0.0203389830508	0.0
-ael	0.0270646055928	0.903303517655	0.0143501892292	0.0552816875228
-sos	0.169014084507	0.805633802817	0.0	0.025352112676
-sor	0.0	1.0	0.0	0.0
-sol	0.0455075973254	0.873992386313	0.0137439052325	0.0667561111293
-ori	0.356589147287	0.503875968992	0.139534883721	0.0
-kop	0.0	0.997463717064	0.0	0.00253628293645
-kos	0.0566037735849	0.915094339623	0.00943396226415	0.0188679245283
-kor	0.314778728657	0.346118518885	0.210174182542	0.128928569916
-ora	0.459440504948	0.380503389698	0.0533000857165	0.106756019637
-aba	0.10650887574	0.804733727811	0.0	0.0887573964498
-tna	0.194045113514	0.356213707353	0.159164382436	0.290576796697
-kre	0.343606992903	0.24185959978	0.157851533254	0.256681874063
-tne	0.247090008496	0.127962281443	0.0986177997962	0.526329910265
-kra	0.225373097569	0.081980584645	0.076756300117	0.615890017669
-rur	0.489849955869	0.135922330097	0.358340688438	0.0158870255958
-tri	0.030540044188	0.969459955812	0.0	0.0
-lip	0.0170899876245	0.953208792504	0.026165360363	0.00353585950852
-tno	0.202672742615	0.567689045559	0.12680216927	0.102836042556
-elo	0.0195193475223	0.946436344475	0.0087516323398	0.0252926756627
-lim	0.29756097561	0.565853658537	0.0780487804878	0.0585365853658
-lio	0.0125	0.975	0.0	0.0125
-omo	0.136044770331	0.714864687453	0.0448934296962	0.104197112519
-rum	0.334781035107	0.361925443359	0.202678248281	0.100615273254
-omb	0.206402695872	0.596461668071	0.0909856781803	0.106149957877
-oma	0.302347242921	0.515089418778	0.136456780924	0.0461065573771
-lia	0.0518266779949	0.927782497876	0.00254885301614	0.017841971113
-ome	0.427452906188	0.273210324774	0.0954015251001	0.203935243939
-eas	0.171052631579	0.723684210526	0.0	0.105263157895
-lno	0.182775748893	0.559529820688	0.159525123592	0.098169306826
-lna	0.102367986967	0.672422441704	0.00396263175358	0.221246939575
-lne	0.329585327848	0.568400165914	0.0925977825857	0.00941672365279
-tem	0.358974358974	0.25641025641	0.025641025641	0.358974358974
-oda	0.0	1.0	0.0	0.0
-gat	0.0	1.0	0.0	0.0
-rna	0.095238095238	0.746031746032	0.0634920634921	0.0952380952381
-odi	0.51451723439	0.266734877076	0.0572146986998	0.161533189834
-lnu	0.431924882629	0.503286384977	0.0112676056338	0.0535211267605
-rni	0.0	1.0	0.0	0.0
-odo	0.18	0.62	0.16	0.04
-uri	0.0580917310218	0.650139274072	0.129910831351	0.161858163556
-lwe	0.447594936709	0.0486075949367	0.00911392405063	0.494683544304
-uro	0.660734278656	0.187067947776	0.0575624584778	0.0946353150898
-ura	0.393190657429	0.375715090949	0.0982684075634	0.132825844058
-ure	0.379521895494	0.340596572879	0.188491643749	0.0913898878782
-pai	0.423536460938	0.166077046833	0.0744936025306	0.335892889699
-wau	0.558531396752	0.243442310974	0.0296787923222	0.168347499952
-pam	0.334332833583	0.422788605697	0.164917541229	0.0779610194902
-pan	0.0	1.0	0.0	0.0
-dua	0.158549971386	0.824253454795	0.00182942274676	0.0153671510728
-pap	0.296367112811	0.420650095602	0.229445506692	0.0535372848948
-wan	0.348930812417	0.489297803831	0.0413329755614	0.12043840819
-wam	0.0458029575172	0.927017591204	0.00142269755877	0.0257567537203
-pas	0.0247478361617	0.868210318272	0.0909408437266	0.0161010018401
-pat	0.023616734143	0.976383265857	0.0	0.0
-dum	0.423901940756	0.297752808989	0.122063329929	0.156281920327
-dun	0.314248816186	0.25312096427	0.138183383556	0.294446835988
-lus	0.0215053763441	0.978494623656	0.0	0.0
-kwa	0.452365896352	0.15686255441	0.0540516740548	0.336719875183
-sen	0.0988480697384	0.739259028643	0.0423412204235	0.119551681195
-ken	0.180085959885	0.696991404012	0.0610315186246	0.0618911174785
-kem	0.0	1.0	0.0	0.0
-kel	0.126721763085	0.848484848485	0.0165289256199	0.00826446280991
-sus	0.00445946054406	0.65786925069	0.00293618774479	0.334735101021
-kei	0.575911262652	0.334745360664	0.0739171821484	0.0154261945353
-sop	0.0712166172107	0.86646884273	0.0445103857566	0.0178041543027
-suo	0.492577597841	0.34008097166	0.0782726045884	0.0890688259109
-sum	0.50234741784	0.417840375587	0.00938967136148	0.0704225352113
-ket	0.153502803331	0.798867780741	0.0190517663709	0.0285776495564
-kep	0.418208856576	0.479345670853	0.0586582947786	0.0437871777924
-nus	0.0390879478827	0.960912052117	0.0	0.0
-lel	0.0	1.0	0.0	0.0
-dia	0.00822160384518	0.972299519352	0.00746268656717	0.0120161902353
-kot	0.234458238268	0.611046147579	0.0260812117202	0.128414402433
-dim	0.627943485086	0.292850007136	0.00856286570574	0.0706436420722
-din	0.511945392491	0.304891922639	0.0682593856655	0.114903299204
-psi	0.339038533483	0.554620276843	0.0446127946128	0.0617283950617
-diu	0.0552006864334	0.869863666698	0.0652111736105	0.0097244732577
-son	0.022633744856	0.9670781893	0.00617283950617	0.00411522633745
-dis	0.437408670239	0.537749634681	0.0116902094496	0.0131514856308
--ta	0.394585253456	0.288594470046	0.190092165899	0.126728110599
-sli	0.0	1.0	0.0	0.0
--te	0.357293868922	0.395348837209	0.15785764623	0.0894996476392
-uks	0.037558685446	0.892018779343	0.0704225352113	0.0
-kim	0.0	1.0	0.0	0.0
-ven	0.0160934465285	0.870550918564	0.0818289858102	0.0315266490968
-ova	0.0	0.987452948557	0.00053015710322	0.0120168943397
-uka	0.434147281023	0.162427537986	0.0488090191623	0.354616161829
-nno	0.363119176965	0.341114174996	0.0627536484147	0.233012999624
-rta	0.00655021834062	0.78384279476	0.00218340611354	0.207423580786
-nna	0.374940641367	0.435324615766	0.0140632535541	0.175671489312
-uko	0.402183646476	0.294036459831	0.195731291539	0.108048602154
-ait	0.0	0.798807749627	0.201192250373	0.0
-vai	0.0546238620029	0.928126497365	0.00646861523719	0.0107810253953
-ngu	0.0970011287012	0.564467675146	0.00457169123539	0.333959504917
-ais	0.113677095318	0.867654217187	0.00488981325781	0.0137788742367
-tis	0.0	0.818833162743	0.181166837257	0.0
-dna	0.161067648412	0.624022089278	0.0110446387483	0.203865623562
-nga	0.42223440087	0.207359934607	0.0547454126442	0.315660251879
-aia	0.0123281847811	0.96294459402	0.00765197676066	0.0170752444382
-tia	0.0122767857143	0.987723214286	0.0	0.0
-ini	0.00455927051672	0.980243161094	0.0106382978723	0.00455927051672
-ail	0.0955414012739	0.636942675159	0.267515923567	0.0
-tin	0.0	0.936170212766	0.063829787234	0.0
-ain	0.142770093583	0.810802507195	0.0182238389471	0.0282035602753
-dno	0.035357006491	0.904772814051	0.0108438335242	0.0490263459335
-ngo	0.447678592405	0.25073414579	0.0422170456184	0.259370216187
-eme	0.135903725069	0.275194333982	0.0886143411108	0.500287599838
-uwe	0.406286379511	0.437718277066	0.128055878929	0.0279394644936
-iva	0.0	1.0	0.0	0.0
-uwa	0.461538461538	0.4375	0.0288461538462	0.0721153846154
-uwo	0.144936614587	0.0595859013719	0.0998491851291	0.695628298912
-emo	0.180338377995	0.670787832483	0.0573153102927	0.0915584792297
-260	0.0236220472441	0.110236220472	0.0	0.866141732283
-mmo	0.0666666666666	0.733333333333	0.1	0.1
-ems	0.0	0.999049429658	0.000950570342205	0.0
-das	0.0391781031971	0.92294717473	0.00368013493828	0.0341945871349
-dpo	0.526954832443	0.411850412822	0.00437105390967	0.0568237008256
-ins	0.171755725191	0.799618320611	0.0286259541985	0.0
-dpi	0.597415637324	0.0926746875634	0.0197055774553	0.290204097657
-ana	0.0323146073195	0.0274560003706	0.00858517405356	0.931644218256
-uku	0.483613626563	0.471647261751	0.023717119448	0.0210219922381
--ma	0.318181818182	0.511363636364	0.136363636364	0.0340909090909
-mda	0.348077889076	0.583370268593	0.0265933871111	0.0419584552197
-inu	0.509196515005	0.360116166505	0.0609874152952	0.0696999031946
-kro	0.458610348749	0.310088307016	0.0858187153366	0.145482628899
-kta	0.108858057631	0.558164354322	0.25613660619	0.076840981857
-gmo	0.396147672552	0.550561797753	0.030176565008	0.023113964687
-000	0.0747641645033	0.122124752887	0.00986794096705	0.793243141643
-eta	0.139439595042	0.176348200406	0.204551795608	0.479660408944
-rut	0.0	1.0	0.0	0.0
-ete	0.583587120988	0.305221654736	0.0245303618682	0.0866608624079
-lis	0.0368098159509	0.832055214724	0.00460122699387	0.126533742331
-etn	0.346452168917	0.0833093938523	0.0336110313129	0.536627405918
-eto	0.0266075388026	0.946784922395	0.0266075388026	0.0
--do	0.702127659574	0.0851063829787	0.063829787234	0.148936170213
-buk	0.0363219269738	0.953354999044	0.0103230739821	0.0
-atu	0.218804920914	0.773286467487	0.00263620386643	0.00527240773286
-bun	0.2739410502	0.490128075843	0.0943376639615	0.141593209996
-bul	0.0845122175271	0.909976116112	0.00551166636048	0.0
-wer	0.0188976377953	0.906861642295	0.00472440944882	0.0695163104612
-kau	0.390680460566	0.315513808328	0.239481430179	0.0543243009263
-300	0.003861003861	0.260617760618	0.19111969112	0.544401544402
-pmo	0.31348414808	0.625447511384	0.0217131877458	0.0393551527894
-ata	0.0263082485241	0.197679695756	0.00855304451292	0.767459011207
-atn	0.33287230142	0.552323491936	0.0263550526556	0.0884491539883
-kak	0.300683371298	0.501138952164	0.0	0.198177676538
-nis	0.0361687876758	0.949095780308	0.00669792364367	0.0080375083724
-kai	0.301918940315	0.252479269144	0.254728688209	0.190873102332
-ian	0.0665322580645	0.703629032258	0.220766129032	0.00907258064518
-osa	0.0	1.0	0.0	0.0
-kan	0.441929934393	0.289455447751	0.013087156439	0.255527461416
-kam	0.779661016949	0.0254237288136	0.0423728813559	0.152542372881
-gno	0.0293263095012	0.865804980042	0.0100469764032	0.0948217340538
-ula	0.112609432364	0.615433493364	0.20121434623	0.0707427280429
-osi	0.494036507062	0.341087226916	0.0956879021272	0.0691883638948
-edo	0.636929460581	0.316390041494	0.0	0.0466804979253
-nia	0.00970769064826	0.948549239564	0.0391543522813	0.0025887175062
-kas	0.0425554161439	0.941342534504	0.0069008782936	0.00920117105813
-nik	0.206572769953	0.323943661972	0.469483568075	0.0
-kap	0.0500625782228	0.944096787651	0.00333750521485	0.00250312891114
-nil	0.430900070872	0.437278525868	0.123316796598	0.00850460666196
-nim	0.622568093385	0.128404669261	0.0	0.249027237354
-nbo	0.234449939698	0.470096577257	0.0521685474145	0.243284935631
-nbi	0.570089076418	0.231129864041	0.117205813408	0.0815752461322
-dmo	0.281454749826	0.578631328295	0.045553369914	0.0943605519648
-fis	0.0613432835821	0.896865671642	0.0238805970149	0.0179104477612
-ate	0.298254753842	0.167578362421	0.331857254493	0.202309629244
-rsu	0.255338904364	0.187558031569	0.111420612813	0.445682451254
-ldi	0.474637681159	0.353519668737	0.104037267081	0.0678053830228
-yum	0.530183727034	0.128608923885	0.0629921259843	0.278215223097
-ias	0.0462035273661	0.93268195744	0.0113438767906	0.00977063840357
-wel	0.0	0.960526315789	0.0394736842105	0.0
-bur	0.409090909091	0.590909090909	0.0	0.0
-ile	0.206634426445	0.690048360332	0.0583695434219	0.0449476698008
-upo	0.0160642570281	0.919678714859	0.0642570281125	0.0
-ila	0.0278745644599	0.97212543554	0.0	0.0
-ilo	0.8	0.2	0.0	0.0
-vit	0.00556217719508	0.984789148079	0.00136216584369	0.00828650888246
-ili	0.00777103866566	0.980193328279	0.00549658832449	0.00653904473086
-ebi	0.338422391858	0.417302798982	0.229007633588	0.0152671755725
-oam	0.0086455331412	0.948126801153	0.0	0.043227665706
-mta	0.0844250363901	0.160116448326	0.703056768559	0.0524017467249
-lme	0.272979678597	0.505871612149	0.100933951225	0.120214758028
-igi	0.550725843257	0.373210684521	0.0157826224783	0.0602808497436
-igo	0.564713792578	0.238552396268	0.0502682544744	0.14646555668
-lmo	0.174053205169	0.530727874089	0.0487374711282	0.246481449613
-ami	0.0161290322581	0.903225806452	0.0	0.0806451612903
--ba	0.159090909091	0.840909090909	0.0	0.0
-amo	0.217961723765	0.453262440995	0.0219603811129	0.306815454128
-tmo	0.0895880060379	0.845768768282	0.02771642262	0.0369268030599
-ama	0.0925888704863	0.310124492209	0.0609035911426	0.536383046162
-tma	0.287671232877	0.328767123288	0.0821917808219	0.301369863014
-ame	0.303124146097	0.226523362783	0.111485563348	0.358866927771
-lva	0.0029076811243	0.933607947662	0.0634843712139	0.0
-nir	0.211459754434	0.433833560709	0.327421555252	0.0272851296043
-usi	0.428371676324	0.373874264612	0.127867470655	0.0698865884089
-iro	0.561866611244	0.207526248124	0.0701814397989	0.160425700833
-eim	0.661290322581	0.225806451613	0.0	0.112903225806
-ein	0.0107104605498	0.97643698679	0.0107104605498	0.00214209210996
-gus	0.0	1.0	0.0	0.0
-gur	0.23498694517	0.749347258486	0.0156657963446	0.0
-usa	0.0166666666667	0.883333333333	0.0333333333333	0.0666666666667
-ira	0.0499436545424	0.0852374901096	0.0172153355552	0.847603519793
-gui	0.0582524271845	0.514563106796	0.398058252427	0.0291262135922
-gun	0.304816294021	0.44568208272	0.0769190143674	0.172582608891
-gum	0.222007722008	0.760617760618	0.011583011583	0.00579150579149
-rya	0.77358490566	0.188679245283	0.0377358490566	0.0
-gua	0.225085122311	0.382990026804	0.282292144599	0.109632706286
-epa	0.429260427629	0.482531221094	0.00767882214743	0.0805295291291
-bal	0.0	1.0	0.0	0.0
-pia	0.0186335403727	0.944099378882	0.0372670807453	0.0
-wik	0.870387890256	0.129612109744	0.0	0.0
-oas	0.0654843110505	0.93451568895	0.0	0.0
-ius	0.0245566166439	0.959618008186	0.00327421555252	0.012551159618
-iur	0.309707854779	0.459777295326	0.0659941707362	0.164520679159
-e-i	0.398104265403	0.440758293839	0.13981042654	0.021327014218
-iut	0.0	1.0	0.0	0.0
-pir	0.480456840967	0.0924296719748	0.0286437179303	0.398469769128
-nok	0.0248962655602	0.96265560166	0.0124481327801	0.0
-ule	0.0593452715995	0.856233989928	0.0582308064051	0.0261899320674
-wip	0.497290788682	0.220951234196	0.122817579771	0.158940397351
--yu	0.184300341297	0.283276450512	0.450511945393	0.0819112627986
-eam	0.0122878876536	0.979520187244	0.0	0.0081919251024
-uel	0.0109622411693	0.989037758831	0.0	0.0
-wai	0.375071360609	0.264509990485	0.121788772598	0.238629876308
-bea	0.0	0.85	0.15	0.0
--yo	0.567272727273	0.196363636364	0.0218181818182	0.214545454545
-owo	0.105111430518	0.46256345264	0.0859134800399	0.346411636803
-kmo	0.224757975981	0.645097973984	0.0476396420373	0.0825044079976
-ago	0.330689444783	0.292251372788	0.23856009762	0.138499084808
-kar	0.373723368783	0.512218200484	0.0983777299444	0.0156807007881
-min	0.504599983129	0.275551952823	0.0557849579528	0.164063106095
-tdi	0.509541984733	0.207061068702	0.0534351145038	0.229961832061
-rte	0.300653594771	0.383006535948	0.214379084967	0.101960784314
-ong	0.0863533899775	0.846974163343	0.0168198370036	0.0498526096757
-ond	0.150287414938	0.0622528623113	0.24991770746	0.53754201529
-one	0.150627615063	0.723849372385	0.0125523012552	0.112970711297
-ant	0.0277777777778	0.736111111111	0.236111111111	0.0
-ona	0.248278571427	0.595140324927	0.0614192837059	0.0951618199402
-ono	0.0892314389017	0.101897956084	0.0247031036045	0.78416750141
-egl	0.134717816754	0.0320789843707	0.0111995257361	0.82200367314
-dap	0.0	1.0	0.0	0.0
-egi	0.469430321992	0.166862208317	0.226828314431	0.13687915526
-oni	0.225791792284	0.690832531692	0.0383287013223	0.045046974701
