-бып	0.821955322562	0.0366182856696	0.00762880951449	0.133797582254
-бын	0.371233129969	0.423553337031	0.0373451654649	0.167868367536
-бым	0.327272727273	0.290909090909	0.345454545455	0.0363636363637
-мат	0.211587650943	0.54208553923	0.146749152341	0.0995776574862
-мас	0.280610287559	0.191307863932	0.0805061984288	0.44757565008
-мар	0.0674484217951	0.905630988068	0.0035267148651	0.0233938752719
-быз	0.246679616635	0.436841706737	0.0568787990384	0.259599877589
-док	0.0	1.0	0.0	0.0
-дон	0.0	1.0	0.0	0.0
-быв	0.420454545455	0.511363636364	0.0340909090909	0.0340909090909
-тув	0.731707317073	0.128919860627	0.0348432055749	0.104529616725
-туз	0.0554347949644	0.21409905512	0.0312981139034	0.699168036012
-тул	0.0114583333333	0.915922619048	0.00535714285714	0.0672619047619
-тум	0.520126908586	0.0356930398573	0.0	0.444180051557
-тун	0.104867251874	0.794736483278	0.0988891905696	0.00150707427843
-йыш	0.0	0.9625	0.0375	0.0
-мая	0.109090909091	0.85	0.0136363636364	0.0272727272727
-дом	0.00862068965516	0.991379310345	0.0	0.0
-тур	0.489685351115	0.186529244875	0.0788625835511	0.24492282046
-тус	0.00727272727272	0.992727272727	0.0	0.0
-тут	0.106164383562	0.452054794521	0.441780821918	0.0
-йып	0.513002844372	0.141799573344	0.0302214546932	0.31497612759
-йын	0.238194675146	0.369780094141	0.149037237737	0.242987992976
-йым	0.35494580726	0.351907593203	0.0609149042547	0.232231695283
-йыл	0.00212039109436	0.980209683119	0.00282718812581	0.0148427376605
-маз	0.428235294117	0.331764705882	0.0517647058823	0.188235294118
-маж	0.0991735537189	0.457300275482	0.30303030303	0.140495867769
-мав	0.126427406199	0.839833901824	0.0337386919769	0.0
-мап	0.255877119041	0.521213824108	0.14423527208	0.078673784771
-ман	0.300897167524	0.235562102007	0.0706311911011	0.392909539367
-мам	0.913461538462	0.0865384615385	0.0	0.0
-мал	0.408547976224	0.383413529578	0.118879139541	0.0891593546561
-май	0.370345712369	0.185857500579	0.0895789000709	0.354217886981
-йыр	0.456980775292	0.492593759849	0.0189095493224	0.0315159155374
-ача	0.134169766174	0.691204286145	0.0375934610536	0.137032486628
-ъму	0.409063804413	0.298747763864	0.0268336314848	0.265354800238
-ъмы	0.370128979144	0.300562568606	0.138240944018	0.191067508233
-туп	0.414533831582	0.103087029072	0.00722696185574	0.475152177489
-юмю	0.393624393624	0.536382536382	0.0478170478171	0.022176022176
-юме	0.445251571747	0.316359077417	0.0501484171906	0.188240933646
-ъма	0.297679351354	0.324307902656	0.324790734821	0.0532220111682
-ачы	0.203162790698	0.678325581395	0.077488372093	0.041023255814
-тах	0.0223880597015	0.60447761194	0.0	0.373134328358
-сли	0.0719568646719	0.78824769195	0.124317929091	0.0154775142879
-фан	0.0904522613065	0.730318257957	0.0201005025126	0.159128978224
-рив	0.127409267397	0.574527446467	0.168677780103	0.129385506033
-дыр	0.25182224462	0.337823204592	0.191804061153	0.218550489634
-оьт	0.44776119403	0.402985074627	0.149253731343	0.0
-нив	0.100303951368	0.826747720365	0.0729483282675	0.0
-вге	0.179656185019	0.433804346101	0.0788901411134	0.307649327767
-оьч	0.554552294959	0.355154251317	0.0451467268623	0.0451467268623
-рил	0.458015267176	0.526717557252	0.0	0.0152671755725
-нип	0.467164155889	0.198523864706	0.077193787477	0.257118191929
-рий	0.0	0.980456026059	0.0	0.0195439739414
-нин	0.531662157795	0.159423910988	0.0446022703193	0.264311660898
-ник	0.0	1.0	0.0	0.0
-рин	0.204344421835	0.487793768437	0.0525955151132	0.255266294615
-ний	0.0178359096314	0.975029726516	0.00713436385255	0.0
-рит	0.572989076465	0.248262164846	0.119165839126	0.0595829195631
-рис	0.0640945861855	0.935905413815	0.0	0.0
-рир	0.446581196581	0.497863247863	0.0384615384615	0.017094017094
-нит	0.0	0.989583333333	0.0104166666667	0.0
-оьз	0.104153137273	0.115718836008	0.264835946439	0.51529208028
-яры	0.168812589413	0.320934668574	0.0557939914163	0.454458750596
-ния	0.0087783467447	0.96196049744	0.0292611558157	0.0
-риш	0.383707201889	0.616292798111	0.0	0.0
-рия	0.076316619363	0.862503941974	0.0233364869127	0.0378429517502
-дым	0.586068155051	0.233051962751	0.0586198180525	0.122260064145
-дын	0.151237890205	0.0788482238966	0.146124865447	0.623789020452
-ёзю	0.220295767466	0.614482406935	0.0	0.165221825599
-фат	0.0	1.0	0.0	0.0
-слю	0.0283018867925	0.201257861635	0.638364779874	0.132075471698
-слы	0.436536392972	0.0865901756902	0.150591609896	0.326281821441
-слу	0.126660773003	0.707055224479	0.0494177356882	0.11686626683
-иям	0.00207842593875	0.938062907025	0.0	0.0598586670362
-иян	0.489149560117	0.476832844575	0.0269794721408	0.00703812316717
-нну	0.0344769619831	0.929718434463	0.00987755512718	0.025927048427
-йдю	0.783102143758	0.136191677175	0.0807061790668	0.0
-иши	0.113079748967	0.395955575965	0.026638263857	0.464326411211
-йды	0.55	0.128571428571	0.171428571429	0.15
-иша	0.0	0.881355932203	0.118644067797	0.0
-йду	0.463917525773	0.129510309278	0.0521907216495	0.354381443299
-ише	0.567471410419	0.247013977128	0.0320203303685	0.153494282084
-жын	0.709219858156	0.290780141844	0.0	0.0
-жый	0.17965653897	0.615587846764	0.204755614267	0.0
-жыя	0.230673316708	0.713216957606	0.0187032418953	0.0374064837904
-жек	0.409010866477	0.127466735151	0.035860202239	0.427662196133
-жыр	0.229166666667	0.770833333333	0.0	0.0
-йди	0.981132075472	0.0	0.0	0.0188679245283
-йде	0.1213801824	0.0724821793595	0.00632894805807	0.799808690183
-йда	0.169571898287	0.269319101829	0.0531368240173	0.507972175867
-вуз	0.221504383941	0.598523304107	0.152284263959	0.0276880479926
-айт	0.684163314911	0.161028964958	0.00723400561358	0.147573714517
-айы	0.374160206718	0.390180878553	0.120930232558	0.11472868217
-яир	0.0183486238532	0.889908256881	0.0917431192661	0.0
-тты	0.201858031929	0.216108956435	0.195454135474	0.386578876161
-эше	0.548387096774	0.241935483871	0.161290322581	0.0483870967742
-гыз	0.0872728514824	0.0257548845471	0.0235346358792	0.863437628091
-ьбе	0.862190812721	0.0530035335689	0.0	0.0848056537102
-ьба	0.0391429366478	0.892217790557	0.029681847695	0.0389574250997
-нты	0.166812993854	0.757096868598	0.0760901375476	0.0
-тта	0.126463104326	0.0650127226463	0.0449109414758	0.763613231552
-тти	0.00670686587843	0.00914715745391	0.072736432766	0.911409543902
-гай	0.0	1.0	0.0	0.0
-гам	0.0	1.0	0.0	0.0
-ган	0.256991342972	0.628790282373	0.114218374654	0.0
-ипр	0.855421686747	0.144578313253	0.0	0.0
-чим	0.133333333333	0.866666666667	0.0	0.0
-чин	0.125612745098	0.708946078431	0.0735294117647	0.0919117647059
-чип	0.463009372964	0.258057240238	0.0754348152975	0.2034985715
-чик	0.0431354359926	0.0495575852719	0.00581561295847	0.901491365777
-юшю	0.246283448959	0.67839444995	0.0426164519326	0.0327056491576
-мге	0.10351031507	0.655073288844	0.0246347049926	0.216781691093
-жны	0.712962962963	0.287037037037	0.0	0.0
-юше	0.411107468032	0.0993719892053	0.0471638628969	0.442356679866
-гёр	0.360824742268	0.453608247423	0.0515463917526	0.134020618557
-чир	0.320924261874	0.589216944801	0.0256739409499	0.0641848523748
-рлю	0.129189904635	0.36104166431	0.229872054481	0.279896376574
-ясы	0.221402214022	0.70110701107	0.0664206642066	0.0110701107011
-рлы	0.142620115084	0.359621562467	0.474812016804	0.0229463056448
-юге	0.313086352119	0.568992672738	0.0386222009176	0.0792987742245
-рлу	0.199735099338	0.383841059603	0.31523178808	0.10119205298
-кар	0.768181088457	0.0279338577621	0.00722427355917	0.196660780222
-кат	0.374008541794	0.463697376449	0.0305064063453	0.131787675412
-ъла	0.548365331534	0.278660369257	0.0404833466233	0.132490952585
-сия	0.0381194409149	0.961880559085	0.0	0.0
-сир	0.30999146029	0.29974380871	0.141759180188	0.248505550811
-сил	0.0950323974082	0.107991360691	0.524838012959	0.272138228942
-сий	0.0829493087558	0.917050691244	0.0	0.0
-сип	0.432177303509	0.127026472399	0.0103427046994	0.430453519392
-сим	0.0865687405272	0.802906389491	0.0386564816191	0.0718683883622
-син	0.427399407672	0.193965477542	0.0409911436711	0.337643971115
-сиз	0.181870251848	0.0630743097388	0.0278875828372	0.727167855576
-геч	0.386018237082	0.13009118541	0.136778115502	0.347112462006
-ълу	0.249798549557	0.586220789686	0.159145850121	0.00483481063659
-ёда	0.0	1.0	0.0	0.0
-ълы	0.240767414876	0.150992277838	0.387808586404	0.220431720882
-фге	0.0627177700348	0.923344947735	0.01393728223	0.0
-лар	0.235774719465	0.305015812574	0.0456597017815	0.413549766179
-кай	0.0	1.0	0.0	0.0
-кан	0.282258064516	0.693548387097	0.0241935483871	0.0
-гет	0.541891891892	0.281081081081	0.00810810810813	0.168918918919
-югю	0.126440756109	0.746772706316	0.0922083909636	0.0345781466114
-рли	0.112499924375	0.153410087786	0.033910302561	0.700179685279
-рле	0.338235294118	0.393907563025	0.141806722689	0.126050420168
-ред	0.0	1.0	0.0	0.0
-рев	0.033104305803	0.395793541936	0.0118252554127	0.559276896848
-рен	0.145257580432	0.399995161105	0.0522600664138	0.40248719205
-реп	0.592220828106	0.32747804266	0.0	0.0803011292347
-рей	0.0654962862931	0.925050641458	0.00945307224848	0.0
-рек	0.258740804331	0.166645258298	0.0810701006852	0.493543836686
-реф	0.162162162162	0.756756756757	0.0540540540541	0.027027027027
-рер	0.492317482945	0.143708634559	0.0423518480807	0.321622034416
-рес	0.0335195530726	0.95530726257	0.0111731843575	0.0
-рет	0.358669833729	0.459026128266	0.0801662707839	0.102137767221
-хас	0.382899628253	0.445034519384	0.089219330855	0.0828465215082
-лса	0.41106847395	0.179353495626	0.108446192453	0.301131837972
-лсе	0.636955978021	0.164863896202	0.0205760786326	0.177604047145
-ъоя	0.252869996897	0.29723859758	0.0923053056158	0.357586099907
-ъою	0.659574468085	0.244680851064	0.0	0.0957446808511
-рух	0.891990291262	0.0952669902912	0.0	0.0127427184466
-рут	0.0	0.719557195572	0.280442804428	0.0
-ъош	0.163967611336	0.797570850202	0.0	0.0384615384615
-ахи	0.0263157894737	0.771929824561	0.0	0.201754385965
-лкю	0.163204747774	0.750247279921	0.0791295746786	0.00741839762611
-цын	0.596529284165	0.175704989154	0.227765726681	0.0
-лкъ	0.0511971924837	0.776153880325	0.00319843632002	0.169450490871
-нкъ	0.646551724138	0.0344827586207	0.0344827586207	0.284482758621
-гён	0.0173243503369	0.874879692011	0.107795957652	0.0
-сёз	0.247356649044	0.416429442863	0.0246034973566	0.311610410736
-нки	0.302904564315	0.394190871369	0.203319502075	0.0995850622407
-вел	0.0233245060094	0.82710327969	0.00397229578325	0.145599918517
-ахы	0.128048780488	0.579268292683	0.0365853658537	0.256097560976
-руж	0.0	1.0	0.0	0.0
-ъол	0.135403726708	0.726708074534	0.00745341614906	0.130434782609
-ъой	0.565414152496	0.126851343939	0.00795392210642	0.299780581459
-руп	0.322571925558	0.065637890014	0.0317315525708	0.580058631857
-рум	0.0539473684211	0.590789473684	0.272368421053	0.0828947368421
-рун	0.304777594728	0.604612850082	0.0906095551894	0.0
-руй	0.0317919075145	0.0867052023121	0.867052023121	0.014450867052
-ола	0.528183590419	0.0450582999228	0.0350769251347	0.391681184523
-лду	0.603318119668	0.117877019662	0.0293200069328	0.249484853737
-сей	0.0474090407938	0.912899669239	0.0297684674752	0.00992282249174
-сел	0.758426966292	0.00842696629213	0.101123595506	0.13202247191
-сек	0.437462676664	0.238769822839	0.0387830933581	0.28498440714
-сен	0.235436593374	0.0706203265352	0.0133062130893	0.680636867002
-сем	0.555073196259	0.197259109837	0.0845346346002	0.163133059304
-лды	0.626225271788	0.157331262571	0.0579537642895	0.158489701352
-ьте	0.389497980381	0.210617426428	0.0778995960762	0.321984997115
-ьта	0.0714285714286	0.928571428571	0.0	0.0
-ёбе	0.120481927711	0.819277108434	0.0481927710843	0.0120481927711
-бат	0.374922964872	0.202812482492	0.147459241414	0.274805311222
-род	0.0308324768757	0.86690647482	0.0472764645426	0.0549845837616
-бар	0.540280450973	0.123615887922	0.00736691092562	0.328736750179
-есе	0.317050672256	0.165314356464	0.0596626989006	0.45797227238
-хча	0.294964028777	0.705035971223	0.0	0.0
-рон	0.0203045685279	0.979695431472	0.0	0.0
-еси	0.0955145175407	0.793620417457	0.0127662802124	0.0980987847903
-баш	0.097182954866	0.505867593476	0.228713091186	0.168236360471
-кге	0.164486299186	0.624406786509	0.0761182399158	0.134988674389
-бав	0.479945615228	0.439836845683	0.0231135282122	0.0571040108769
-ест	0.00177619893428	0.994671403197	0.00355239786856	0.0
-баз	0.0577731092436	0.284663865546	0.65756302521	0.0
-бал	0.0	1.0	0.0	0.0
-бай	0.0403410818431	0.126426932751	0.790665855883	0.0425661295227
-бан	0.405106337247	0.462580778054	0.0108275536484	0.121485331051
-ёбю	0.273684210526	0.315789473684	0.168421052632	0.242105263158
-оюп	0.644966219034	0.0556760363667	0.0297147385103	0.269643006089
-сес	0.0330357142857	0.926785714286	0.00535714285714	0.0348214285714
-сер	0.742574257426	0.227722772277	0.0	0.029702970297
-сет	0.351053159478	0.567703109328	0.0150451354062	0.0661985957873
-лда	0.203934791844	0.331674808836	0.0446314783347	0.419758920986
-олу	0.211744483047	0.315219891295	0.157973102204	0.315062523454
-лди	0.701604174853	0.128327094493	0.0193024907107	0.150766239944
-сея	0.0408163265306	0.959183673469	0.0	0.0
-мюн	0.459921156373	0.516425755585	0.0	0.023653088042
-мюп	0.963680387409	0.0217917675545	0.00726392251818	0.00726392251816
-сув	0.141820039525	0.810830431685	0.012906174798	0.0344433539922
-шге	0.3	0.484920634921	0.0690476190477	0.146031746032
-ёре	0.332573865398	0.041409485116	0.00453664474795	0.621480004738
-ёрк	0.802325581395	0.197674418605	0.0	0.0
-шню	0.0	0.688679245283	0.150943396226	0.160377358491
-шны	0.0964657674578	0.783222355017	0.0389277787263	0.0813840987992
-ёрт	0.0243851666816	0.0947155559521	0.00624498171112	0.874654295655
-тге	0.187960607839	0.740320441749	0.0332398530403	0.0384790973717
-шни	0.353260123542	0.39210706932	0.0102951269732	0.244337680165
-мюш	0.0294879835284	0.853057070845	0.0912802186749	0.0261747269521
-мюр	0.395604395605	0.397802197802	0.101098901099	0.105494505495
-апу	0.0136902951019	0.950562823243	0.00228171585032	0.0334651658047
-апс	0.186046511628	0.6	0.213953488372	0.0
-тюп	0.446041939572	0.144466809376	0.0391918804648	0.370299370587
-уди	0.0367361356411	0.654539032144	0.158954433062	0.149770399152
-уда	0.0510275165447	0.885754092651	0.00835945663532	0.0548589341693
-ьни	0.00485518792764	0.958327865779	0.00243696691348	0.0343799793795
-чеч	0.15625	0.78125	0.0625	0.0
-яда	0.0328902431839	0.313627538975	0.00578308410445	0.647699133737
-ипа	0.0156635862104	0.98433641379	0.0	0.0
-пич	0.253694581281	0.248768472906	0.379310344828	0.118226600985
-пир	0.218040951854	0.375207526287	0.179856115108	0.226895406751
-пис	0.0895522388059	0.84328358209	0.0671641791044	0.0
-зур	0.0	1.0	0.0	0.0
-зун	0.148495141403	0.433454020629	0.183768180857	0.234282657111
-зум	0.318423047764	0.410032853171	0.218473591104	0.0530705079606
-зуп	0.532258064516	0.186379928315	0.0519713261649	0.229390681004
-шын	0.164301351249	0.735406399293	0.0435138953294	0.0567783541287
-пин	0.521164021164	0.201058201058	0.152116402116	0.125661375661
-сри	0.0	0.996268656716	0.0	0.00373134328358
-пип	0.693396226415	0.259433962264	0.0	0.0471698113207
-пий	0.0	0.928571428571	0.0	0.0714285714286
-пик	0.596330275229	0.183486238532	0.110091743119	0.110091743119
-зув	0.547314578005	0.393861892583	0.0588235294118	0.0
-ьну	0.0463754016484	0.763231274107	0.0987935133358	0.0915998109084
-ьны	0.0106079700937	0.413189928741	0.00727179282499	0.56893030834
-уду	0.588235294118	0.294117647059	0.0	0.117647058824
-апа	0.171140939597	0.788590604027	0.0268456375839	0.0134228187919
-зин	0.0165088617831	0.00837320574162	0.00389177168273	0.971226160793
-зип	0.35994677312	0.147704590818	0.0399201596806	0.452428476381
-зик	0.149122807017	0.455624355005	0.0077399380805	0.387512899897
-зив	0.239060279488	0.0967106821412	0.598945997158	0.0652830412127
-260	0.0	0.0840336134454	0.0336134453782	0.882352941176
-эди	0.659083529904	0.0169187859157	0.00494850038923	0.319049183791
-шыв	0.186721991701	0.792531120332	0.0	0.0207468879668
-шып	0.381449000049	0.24959958947	0.0607667801894	0.308184630292
-шым	0.133081178119	0.726141045658	0.0705288262588	0.0702489499641
-000	0.0193590019359	0.146052914605	0.0	0.834588083459
-шыл	0.0292207792208	0.133116883117	0.837662337662	0.0
-ксе	0.459774232938	0.278154454287	0.0	0.262071312775
-афа	0.0	0.982698961938	0.0173010380623	0.0
-аты	0.144103944177	0.666345785644	0.0645662255882	0.12498404459
-зия	0.0	1.0	0.0	0.0
-ама	0.418033132434	0.226515261067	0.0402192162236	0.315232390276
-зир	0.193186372745	0.0650634602538	0.5832999332	0.158450233801
-юне	0.224068770362	0.205786231372	0.0208794078488	0.549265590417
-юнг	0.1320789663	0.22469845643	0.0345082765553	0.608714300714
-вду	0.655532359082	0.281837160751	0.0431454418928	0.0194850382742
-лли	0.0447726659211	0.196482974046	0.3355057653	0.423238594732
-лла	0.249133413946	0.448266827892	0.137545344619	0.165054413543
-ода	0.0	0.95	0.05	0.0
-нми	0.425573024604	0.307508920641	0.0430060613615	0.223911993393
-рта	0.346387361327	0.466893416828	0.0486347309196	0.138084490925
-рте	0.598827470687	0.380234505863	0.0146566164154	0.00628140703517
-рти	0.198269508705	0.173719120589	0.287273040515	0.340738330191
-ъна	0.890510948905	0.043795620438	0.0437956204379	0.021897810219
-окъ	0.305891526331	0.166359575081	0.0360184975501	0.491730401038
-ъны	0.145162865347	0.706742473827	0.0585775035726	0.0895171572533
-ъну	0.101720317998	0.794441548286	0.0461683826404	0.0576697510752
-рты	0.840349284842	0.021204344152	0.00641607461425	0.132030296391
-ллы	0.0999721137757	0.471207473508	0.344673731177	0.0841466815393
-ллю	0.269203788145	0.390213960014	0.156085584006	0.184496667836
-ллу	0.0631364998778	0.0473395109108	0.662195712858	0.227328276353
-нлы	0.127320266623	0.665531221438	0.16116050105	0.0459880108884
-юнч	0.0361997652144	0.574154936531	0.368635281468	0.0210100167861
-яяв	0.384020618557	0.60824742268	0.00773195876289	0.0
-нлю	0.617857142857	0.282142857143	0.0571428571428	0.0428571428571
-юню	0.0894151306675	0.0975128067278	0.0607479217983	0.752324140806
-бби	0.00933609958506	0.953912270302	0.0	0.0367516301126
-бба	0.0361445783132	0.929432013769	0.00688468158347	0.0275387263339
-нли	0.224570941697	0.388262263156	0.303383778959	0.0837830161886
-лчы	0.302131954081	0.608300744292	0.0517219629116	0.0378453387158
-лчу	0.5	0.425	0.0375	0.0375
-юна	0.0234375	0.9765625	0.0	0.0
-оьр	0.186443236715	0.360431763285	0.128774154589	0.324350845411
-нид	0.0535714285714	0.785714285714	0.0535714285714	0.107142857143
-риа	0.234782608696	0.504347826087	0.15652173913	0.104347826087
-лег	0.0	1.0	0.0	0.0
-лев	0.457695984704	0.435946462715	0.0561663479924	0.0501912045889
-еле	0.640526394154	0.0380822576766	0.00738738532373	0.314003962845
-леп	0.634642461729	0.157763806901	0.0322358544872	0.175357876883
-ели	0.0969162995595	0.731067757499	0.142647367317	0.0293685756241
-лел	0.0	1.0	0.0	0.0
-лек	0.600352112676	0.140258215962	0.12323943662	0.136150234742
-лей	0.467260070752	0.10725208262	0.0912644071665	0.334223439461
-лет	0.309050772627	0.560391043835	0.0542415641753	0.076316619363
-лер	0.321198635185	0.345412833072	0.0629584549109	0.270430076833
-лея	0.021190716448	0.953077699294	0.00302724520686	0.0227043390515
-леш	0.314371257485	0.667664670659	0.0	0.0179640718563
-ним	0.366056064024	0.453950475788	0.0409233685977	0.13907009159
-лчи	0.179937304075	0.759874608151	0.00752351097178	0.0526645768025
-лче	0.767676767677	0.171717171717	0.0	0.0606060606061
-рип	0.52288727461	0.106056683072	0.0291530342821	0.341903008035
-рим	0.262113482561	0.5857782405	0.0521603331598	0.0999479437793
-шме	0.585109216835	0.172482685136	0.102557272243	0.139850825786
-гъу	0.178784313725	0.593568627451	0.0589019607843	0.168745098039
-шма	0.44663563058	0.418517923957	0.0812536273941	0.0535928180684
-иос	0.0	1.0	0.0	0.0
-гъы	0.159901801436	0.218855378085	0.115445899417	0.505796921062
-ьму	0.07032873355	0.809792743353	0.040598859822	0.0792796632746
-мур	0.0396912899669	0.889746416759	0.0573318632856	0.013230429989
-мус	0.0773305084746	0.78354519774	0.0713276836158	0.0677966101694
-мос	0.0218850306391	0.972278961191	0.0	0.0058360081704
-ызы	0.0224601332635	0.924384218013	0.017219435502	0.0359362132215
-мол	0.233333333333	0.526470588235	0.120588235294	0.119607843137
-мон	0.030711328566	0.965374482499	0.0	0.00391418893489
-ниш	0.692307692308	0.241758241758	0.0	0.0659340659341
-муз	0.0640732265446	0.922196796339	0.0137299771167	0.0
-муп	0.752900863564	0.106654754431	0.0104488161667	0.129995565838
-мум	0.190476190476	0.195767195767	0.391534391534	0.222222222222
-мун	0.117647058824	0.147058823529	0.5	0.235294117647
-ион	0.0180575890678	0.899951195705	0.00683260126891	0.075158613958
-иоп	0.0813953488372	0.784053156146	0.0697674418604	0.0647840531562
-гъа	0.21161560697	0.364302978279	0.0407377047746	0.383343709976
-бер	0.641907960732	0.134276343226	0.0248052928778	0.199010403165
-бет	0.108955223881	0.71144278607	0.0099502487562	0.169651741294
-беш	0.0192272809722	0.0246689642663	0.0	0.956103754761
-лур	0.471209568773	0.038630379141	0.0189247003436	0.471235351743
-лут	0.0316301703163	0.968369829684	0.0	0.0
-сол	0.152217339193	0.392728725529	0.131442269277	0.323611666001
-сон	0.0	0.955665024631	0.0295566502463	0.0147783251231
-соф	0.241071428571	0.553571428571	0.205357142857	0.0
-миш	0.0967873383987	0.733717926483	0.016072776606	0.153421958512
-луй	0.175182481752	0.474452554744	0.109489051095	0.240875912409
-лун	0.204280886219	0.685467517837	0.019376642884	0.0908749530604
-лум	0.0994862213919	0.840261560019	0.0126109294722	0.0476412891173
-луп	0.506397251321	0.0324918265588	0.0153094447609	0.44580147736
-рзы	0.0	0.920529801324	0.0794701986755	0.0
-бед	0.201834862385	0.798165137615	0.0	0.0
-бей	0.689655172414	0.114942528736	0.0536398467432	0.141762452107
-бел	0.386435716028	0.468650890461	0.0	0.144913393511
-бек	0.336554573807	0.0422467462317	0.10905692961	0.512141750352
-бен	0.485055118226	0.180664069691	0.136341210171	0.197939601912
-беп	0.304305989897	0.455135915324	0.0216502285302	0.21890786625
-шик	0.0759493670886	0.916055962691	0.0	0.00799467021987
-шип	0.497277234429	0.325621088564	0.0452439652136	0.131857711793
-шин	0.263990331564	0.624612474384	0.0152382954127	0.0961588986391
-шим	0.0877437325905	0.781337047354	0.033426183844	0.0974930362117
-шив	0.0706119704102	0.891728312038	0.0114324142569	0.0262273032952
-икс	0.0276455229611	0.936108124712	0.0139763477193	0.0222700046076
-икъ	0.113759479957	0.685807150596	0.154387865655	0.046045503792
-тёр	0.39263803681	0.21472392638	0.319018404908	0.0736196319018
-мчы	0.453237410072	0.0575539568345	0.431654676259	0.0575539568345
-ъса	0.0745231406181	0.313766080142	0.540292769481	0.071418009759
-мчи	0.00532386867792	0.520851818988	0.22892635315	0.244897959184
-ика	0.00524475524475	0.994755244755	0.0	0.0
-учу	0.377933229699	0.589125768007	0.00296098897031	0.0299800133244
-ики	0.316183005867	0.248020336524	0.0454764210089	0.390320236599
-шия	0.0303541315346	0.969645868465	0.0	0.0
-нса	0.759634814109	0.086019704124	0.0395757645556	0.114769717211
-нсе	0.601635867919	0.312026658588	0.036352620418	0.0499848530748
-пни	0.0	1.0	0.0	0.0
-ышы	0.382857142857	0.36	0.137142857143	0.12
-яла	0.279914529915	0.34188034188	0.361111111111	0.017094017094
-гну	0.203766187084	0.702199770916	0.035294969189	0.0587390728109
-тме	0.498886608122	0.0885268188437	0.0440026358547	0.36858393718
-гню	0.132994184665	0.187662896869	0.0495035388186	0.629839379647
-гны	0.293034796177	0.518319439506	0.0707017866789	0.117943977639
-тма	0.64989548043	0.106195487638	0.0419880343112	0.201920997621
-члу	0.411979858206	0.228899967432	0.118495878949	0.240624295413
-члю	0.0833884744947	0.0576726419634	0.575598532243	0.283340351299
-гге	0.00271739130435	0.00543478260871	0.0	0.991847826087
-члы	0.30737704918	0.272540983607	0.348360655738	0.0717213114754
-ада	0.110076704822	0.638459988368	0.0460718393692	0.205391467441
-акъ	0.374722040589	0.235007264365	0.0923719116815	0.297898783365
-гни	0.429972319702	0.399810068655	0.0498422318047	0.120375379838
-ялы	0.0732691579334	0.116459701963	0.00962246485061	0.800648675253
-пны	0.0434632101235	0.904419400746	0.0348090311166	0.0173083580138
-сха	0.0	0.989221960256	0.0	0.010778039744
-пню	0.141484324904	0.778708923693	0.0447953760881	0.0350113753151
-пну	0.00786369593708	0.971166448231	0.00786369593709	0.0131061598952
-мда	0.239714019719	0.539852754875	0.0518655489287	0.168567676477
-мде	0.160089701894	0.695025302039	0.0263587371288	0.118526258938
-аун	0.255319148936	0.68085106383	0.0638297872341	0.0
-жан	0.357334190507	0.393442622951	0.153326904532	0.0958962820099
-жап	0.0	0.527607361963	0.276073619632	0.196319018405
-жал	0.233438485804	0.678233438486	0.018927444795	0.0694006309148
-вде	0.272398314401	0.548644192012	0.0868908024918	0.0920666910956
-зна	0.169491525424	0.830508474576	0.0	0.0
-зни	0.163248242027	0.590357781625	0.0456069117397	0.200787064608
-юну	0.00999999999999	0.6225	0.105	0.2625
-зну	0.475628524401	0.324895567796	0.0336916412642	0.165784266538
-зны	0.275207990856	0.475991875098	0.0670078504405	0.181792283605
-зню	0.153754310646	0.271772334385	0.0588153106523	0.515658044316
-жая	0.0	1.0	0.0	0.0
-жас	0.126442548921	0.157049673858	0.674360260913	0.0421475163071
-жар	0.0	0.978021978022	0.021978021978	0.0
-аус	0.04	0.92	0.02	0.02
-пуч	0.605913474417	0.328455665684	0.0539110634878	0.0117197964104
-ону	0.0460670214588	0.02456122135	0.00135661764149	0.92801513955
-фде	0.188284518828	0.748953974895	0.0125523012552	0.0502092050209
-ьши	0.0844327176781	0.35708003518	0.51890941073	0.0395778364116
-ёле	0.661430150695	0.338569849305	0.0	0.0
-вну	0.166232838828	0.73564386848	0.0427027529564	0.055420539735
-кни	0.193101469756	0.643276350655	0.0529812717106	0.110640907878
-ржы	0.384172992869	0.535311709225	0.0805152979066	0.0
-вню	0.116538682899	0.50772309878	0.0405780268896	0.335160191431
-нди	0.259334478988	0.607873769724	0.0867052023121	0.0460865489768
-нда	0.194944243397	0.15426439574	0.0196216499453	0.631169710917
-нде	0.365327540274	0.193622325427	0.0305856442466	0.410464490052
-нды	0.590206686087	0.29391038979	0.0674157303371	0.0484671937855
-ндю	0.901522001206	0.0327757685353	0.0317962628089	0.0339059674502
-кны	0.0194805194805	0.980519480519	0.0	0.0
-кню	0.147644635045	0.749932514681	0.0581422947046	0.0442805555697
-кну	0.0	1.0	0.0	0.0
-ёлу	0.420296752853	0.383137203574	0.0249872089288	0.171578834644
-пуд	0.0344827586207	0.965517241379	0.0	0.0
-онг	0.112951935762	0.0273107450713	0.0645956703832	0.795141648783
-она	0.380814217064	0.137727808505	0.0108804062018	0.470577568229
-ева	0.0	0.882352941176	0.0	0.117647058824
-ифа	0.310130944176	0.689869055824	0.0	0.0
-урт	0.97619047619	0.0238095238095	0.0	0.0
-уру	0.267956359228	0.646428932215	0.041670875846	0.0439438327103
-ора	0.185286103542	0.811989100817	0.00272479564033	0.0
-орч	0.359550561798	0.341573033708	0.242696629214	0.0561797752809
-рар	0.522621158255	0.29816510568	0.0823579099795	0.0968558260854
-ура	0.427304503092	0.0579646644506	0.0269480508784	0.487782781579
-яза	0.613986013986	0.310489510489	0.0167832167832	0.0587412587413
-евю	0.237820678932	0.0871339725317	0.183661570355	0.491383778181
-евс	0.0925925925926	0.907407407407	0.0	0.0
-ьаз	0.0	1.0	0.0	0.0
-ымы	0.483633046248	0.399935057907	0.015307779135	0.10112411671
-ува	0.778523300725	0.142538975501	0.0345352541513	0.0444024696231
-тлы	0.213034533525	0.311273053514	0.385885048393	0.0898073645679
-пли	0.256829511466	0.177068793619	0.111066799601	0.455034895314
-ямы	0.0	0.959282598158	0.0407174018419	0.0
-иел	0.0	1.0	0.0	0.0
-нья	0.0349540792286	0.926560398487	0.00086484319741	0.0376206790872
-иев	0.0398224311268	0.905340122731	0.0	0.0548374461417
-шле	0.446927374302	0.413407821229	0.139664804469	0.0
-шла	0.820961734525	0.0535470318426	0.0392758822818	0.0862153513503
-агь	0.0992883747805	0.730271302012	0.0127203560094	0.157719967198
-шли	0.270373952817	0.113448202371	0.208534845976	0.407642998836
-ьеч	0.0863321188386	0.188875335056	0.0127602202141	0.712032325891
-ьей	0.126664107796	0.277494394053	0.0166663299731	0.579175168178
-ьем	0.0612244897959	0.938775510204	0.0	0.0
-жут	0.106796116505	0.684466019417	0.0	0.208737864078
-шлы	0.0	0.989247311828	0.010752688172	0.0
-гёз	0.254073813999	0.440157789298	0.0275718209794	0.278196575724
-яма	0.185185185185	0.185185185185	0.462962962963	0.166666666667
-гёк	0.0	0.650727650728	0.349272349272	0.0
-иет	0.0	1.0	0.0	0.0
-тли	0.088140987262	0.694822076225	0.173264468198	0.0437724683148
-лем	0.0	1.0	0.0	0.0
-ыма	0.457539980383	0.222911777773	0.0490704258216	0.270477816022
-уву	0.195164287111	0.664458243693	0.0740025425386	0.0663749266575
-чма	0.309333333333	0.349333333333	0.309333333333	0.032
-аза	0.0922535474032	0.177304563328	0.488716555592	0.241725333677
-чме	0.647393510687	0.250576656928	0.0530524373366	0.0489773950484
-ази	0.401506874583	0.0878300722221	0.103721781574	0.40694127162
-зор	0.0703605980651	0.630118244894	0.110622495847	0.188898661194
-ума	0.410190403909	0.45890839533	0.0299773742199	0.10092382654
-дев	0.075	0.925	0.0	0.0
-дей	0.511670918061	0.0589610745219	0.0032329812122	0.426135026205
-дек	0.112929623568	0.880523731588	0.00654664484451	0.0
-ден	0.184441895388	0.458304956293	0.0942350968393	0.263018051479
-деп	0.0919201625379	0.0156305337953	0.0	0.892449303667
-дер	0.0	1.0	0.0	0.0
-ата	0.216503659563	0.551810350411	0.0250016192759	0.206684370749
-дея	0.108552631579	0.819078947368	0.0394736842105	0.0328947368421
-уму	0.240913811007	0.568016614746	0.0664589823469	0.1246105919
-азу	0.0251572327044	0.748427672956	0.0	0.22641509434
-азы	0.293413173653	0.61377245509	0.0479041916168	0.0449101796407
-тай	0.495086329897	0.197027750613	0.0195584911105	0.288327428379
-нус	0.0154669994021	0.962697236736	0.0	0.0218357638618
-тан	0.125367548784	0.778735632184	0.0846698743651	0.0112269446672
-там	0.00818337906606	0.9789687158	0.000491002743962	0.0123569023898
-тап	0.560408862253	0.168238252042	0.0622046465538	0.209148239152
-тав	0.358269842222	0.541964125023	0.0633511308417	0.0364149019137
-таз	0.0100592778875	0.972336985809	0.000359259924555	0.0172444763787
-таж	0.00302114803625	0.978851963746	0.0181268882175	0.0
-той	0.0191625946153	0.928140270193	0.0268276324614	0.0258695027307
-ьор	0.0	1.0	0.0	0.0
-ъуш	0.3094887201	0.6905112799	0.0	0.0
-ъую	0.132992327366	0.728900255755	0.132992327366	0.00511508951407
-ъур	0.103989250975	0.0969304719731	0.704647818023	0.0944324590289
-ъут	0.0	0.755244755245	0.244755244755	0.0
-ыбы	0.131105398458	0.404884318766	0.37146529563	0.0925449871465
-узу	0.204885736801	0.465721040189	0.0362490149725	0.293144208038
-уза	0.686046511628	0.188953488372	0.0232558139535	0.101744186046
-ъул	0.142327150419	0.682452030514	0.0594885496833	0.115732269384
-ъум	0.168546648619	0.715145134607	0.0571514513462	0.0591567654283
-ъун	0.172229901458	0.609845275784	0.0603803451197	0.157544477639
-ъуп	0.254461748323	0.31200977606	0.298681368648	0.134847106968
-ъуб	0.00280767430978	0.995788488535	0.00140383715489	0.0
-ъув	0.173658726806	0.677509505086	0.112761186755	0.0360705813538
-ъуз	0.372025234521	0.221404182512	0.0426818546783	0.363888728289
-ьой	0.472204871955	0.422860712055	0.10493441599	0.0
-ьон	0.19512195122	0.780487804878	0.0	0.0243902439024
-таш	0.080163227416	0.767052816833	0.0162453826368	0.136538573114
-тая	0.301334201106	0.253498210218	0.0774487471526	0.367718841523
-тас	0.572616530679	0.0579275971821	0.0633123945748	0.306143477564
-тар	0.524150900371	0.296525761195	0.0990098940218	0.0803134444117
-тат	0.0390977443609	0.911278195489	0.0285714285715	0.0210526315789
-нуп	0.787941787942	0.162162162162	0.012474012474	0.037422037422
-нун	0.0488411219647	0.921402204756	0.00941666875926	0.02034000452
-дап	0.768291063604	0.0590890983933	0.0531137963086	0.119506041694
-дан	0.177199498981	0.478177528011	0.0580388587067	0.286584114302
-дам	0.0401272956536	0.503564106743	0.00319096921401	0.453117628389
-ьав	0.0287907869482	0.971209213052	0.0	0.0
-дай	0.271332991553	0.495368387483	0.171678587268	0.0616200336962
-ьан	0.0031007751938	0.871317829457	0.0	0.125581395349
-ьам	0.0	0.968863518422	0.0	0.0311364815776
-ьал	0.173482032218	0.198265179678	0.182156133829	0.446096654275
-дав	0.159855769231	0.829326923077	0.00540865384616	0.00540865384615
-ьай	0.765714285714	0.217142857143	0.0	0.0171428571429
-тсе	0.275631238781	0.145480263411	0.0275776384246	0.551310859384
-тса	0.561996382599	0.148522066618	0.056974661225	0.232506889558
-ччи	0.0358768527031	0.0712379756486	0.627172231316	0.265712940332
-аин	0.0606060606061	0.757575757576	0.0	0.181818181818
-аим	0.118936135789	0.111397130735	0.0260798381118	0.743586895364
-йли	0.466566608012	0.422420039333	0.0271711003002	0.0838422523549
-вчю	0.051775147929	0.917159763314	0.0310650887574	0.0
-йлу	0.0240480961924	0.927855711423	0.0	0.0480961923848
-йлы	0.158697326269	0.291095809022	0.330565893026	0.219640971683
-вчу	0.197208747878	0.668858910427	0.0760376917081	0.0578946499868
-тот	0.0740740740741	0.925925925926	0.0	0.0
-тор	0.156363636364	0.756363636364	0.0818181818182	0.00545454545454
-тоя	0.725490196078	0.0130718954248	0.130718954248	0.130718954248
-ччы	0.066199376947	0.393821391485	0.524402907581	0.0155763239875
-ьат	0.116910503663	0.288582374761	0.0210710791486	0.573436042427
-плы	0.388961759661	0.24704873373	0.269145394007	0.0948441126022
-ьар	0.0734699586976	0.142219560599	0.00808374371316	0.77622673699
-ьая	0.0	0.983651226158	0.0	0.016348773842
-дат	0.145126375804	0.759901216501	0.0356718192628	0.0593005884326
-дар	0.269303156829	0.11099512874	0.537775985323	0.0819257291073
-кюн	0.335660580021	0.599892588614	0.0	0.0644468313641
-кюл	0.204429301533	0.655877342419	0.0715502555367	0.068143100511
-кюй	0.42064180399	0.376409366869	0.031222896791	0.17172593235
-аса	0.507644458579	0.190487261258	0.0543179903408	0.247550289823
-ювю	0.178309445886	0.731350863334	0.0344769213407	0.0558627694391
-шчы	0.101023017903	0.487212276215	0.281329923274	0.130434782609
-злу	0.0	0.665109034268	0.316199376947	0.018691588785
-злю	0.239188467699	0.624132407902	0.0950347036839	0.0416444207154
-кюю	0.285714285714	0.460317460317	0.0	0.253968253968
-асы	0.0975041739666	0.76147554725	0.0258033526764	0.115216926107
-аст	0.456930614825	0.186028133397	0.121542595227	0.235498656551
-кют	0.688311688312	0.128014842301	0.0222634508349	0.161410018553
-кюр	0.445179804382	0.464441943925	0.0140487778895	0.0763294738034
-пси	0.518304431599	0.418111753372	0.0	0.0635838150289
-опа	0.0405405405405	0.939189189189	0.0202702702703	0.0
-лат	0.0981830122591	0.794330122592	0.0456436077058	0.0618432574431
-пса	0.411428571429	0.245714285714	0.205714285714	0.137142857143
-ёел	0.0	1.0	0.0	0.0
-рду	0.478968918667	0.293132328308	0.0241019914387	0.203796761586
-рдю	0.369508053029	0.377944560096	0.08053029473	0.172017092144
-рды	0.592018838052	0.218816432851	0.072105143797	0.1170595853
-хуй	0.860557768924	0.0796812749004	0.0	0.0597609561753
-хуп	0.931506849315	0.0410958904109	0.027397260274	0.0
-хум	0.90799031477	0.0871670702179	0.0048426150121	0.0
-хув	0.375634517767	0.213197969543	0.167512690355	0.243654822335
-ята	0.454368932039	0.223300970874	0.18640776699	0.135922330097
-нжа	0.0	0.913342503439	0.0288858321871	0.0577716643741
-вба	0.469590401324	0.466457828477	0.00673798687866	0.0572137833206
-яты	0.483003551497	0.245560629122	0.202942668696	0.068493150685
-ркъ	0.0511756569848	0.00829875518672	0.00276625172891	0.9377593361
-даш	0.155091606306	0.685982104815	0.073285044738	0.0856412441415
-ота	0.0109090909091	0.967272727273	0.0218181818182	0.0
-рде	0.0839744405376	0.534930127332	0.0261460017565	0.354949430374
-рда	0.250803177365	0.501949956901	0.0437033181352	0.203543547598
-рди	0.652617146113	0.11115859576	0.0290249917644	0.207199266362
-лай	0.367854506441	0.0744566229427	0.0632622704159	0.4944266002
-лал	0.19972326924	0.388138747078	0.273868028055	0.138269955628
-лам	0.209305099911	0.525141664181	0.017059349836	0.248493886072
-лан	0.0372244728109	0.016128116326	0.00112203437785	0.945525376485
-лап	0.4392070317	0.174526687412	0.0782756283304	0.307990652558
-лав	0.238775079556	0.633489959186	0.0815329539948	0.0462020072637
-лте	0.738549618321	0.158396946565	0.0114503816794	0.0916030534351
-еде	0.0521769399871	0.188343997003	0.0259560412118	0.733523021798
-еди	0.569191825553	0.232067789941	0.0883320027092	0.110408381797
-тит	0.105812220566	0.831594634873	0.0312965722802	0.0312965722802
-лты	0.0172117039587	0.0301204819277	0.012908777969	0.939759036145
-оту	0.0187647027948	0.963323535447	0.0179117617586	0.0
-йис	0.322115384615	0.663461538461	0.0144230769231	0.0
-ыву	0.136572428075	0.739716713293	0.0975517343396	0.0261591242922
-тну	0.0555942901178	0.925910975744	0.00711900480717	0.011375729331
-ъти	0.183678057554	0.31946942446	0.0222571942446	0.474595323741
-алы	0.14542734387	0.278003682676	0.37680297683	0.199765996624
-тны	0.15638493999	0.375401379048	0.0209356930503	0.447277987912
-ъта	0.320033955857	0.369269949066	0.0916808149405	0.219015280136
-тню	0.251748251748	0.608391608392	0.13986013986	0.0
-иле	0.72984000859	0.0982580181549	0.0304124094525	0.141489563802
-нюр	0.00494233937398	0.677429983526	0.293245469522	0.0243822075782
-ила	0.00541271989174	0.986468200271	0.00541271989175	0.00270635994587
-якъ	0.0772055970825	0.621938287251	0.00271577477175	0.298140340894
-нюш	0.0413412953606	0.866789159394	0.0918695452457	0.0
-или	0.542225328956	0.0911982938324	0.0758788064674	0.290697570744
-ьге	0.0206929283341	0.937636449929	0.00256288561936	0.0391077361177
-пма	0.646888567294	0.276410998553	0.0506512301014	0.0260492040521
-дге	0.0	1.0	0.0	0.0
-нюм	0.25641025641	0.74358974359	0.0	0.0
-нюн	0.0554231227651	0.88379022646	0.0	0.0607866507747
-нюп	0.456106647767	0.208814574076	0.191301063587	0.143777714571
-алп	0.432432432432	0.189189189189	0.351351351351	0.027027027027
-али	0.250850268324	0.0268707822469	0.00465760225612	0.717621347173
-тне	0.518375241779	0.355899419729	0.0464216634429	0.0793036750484
-йки	0.408284023669	0.317159763314	0.151479289941	0.123076923077
-тни	0.15815510587	0.811245921914	0.0267607736103	0.00383819860546
-ала	0.553573109877	0.101341681574	0.0211232463986	0.323961962151
-йив	0.0	1.0	0.0	0.0
-йик	0.1845699862	0.64120811518	0.0559794135395	0.11824248508
-йил	0.504043126685	0.495956873315	0.0	0.0
-йип	0.519411510744	0.313373850088	0.0677493274883	0.0994653116801
-йим	0.271897322197	0.50094935486	0.050392375397	0.176760947546
-йин	0.396396396396	0.0630630630631	0.468468468468	0.0720720720721
-зму	0.431396786156	0.487021013597	0.044499381953	0.0370828182941
-тюр	0.506607929515	0.185022026432	0.0176211453744	0.290748898678
-змы	0.567202151632	0.280148288144	0.0385258413898	0.114123718834
-змю	0.316432272391	0.228349370836	0.30532938564	0.149888971132
-тюш	0.432692307692	0.258484162896	0.081447963801	0.227375565611
-гме	0.922077922078	0.0779220779221	0.0	0.0
-чки	0.10095911156	0.676930843009	0.191822311964	0.0302877334679
-чке	0.0	0.929203539823	0.0	0.070796460177
-ары	0.0961921678272	0.447341934774	0.0274666611016	0.428999236298
-ару	0.0402684563758	0.879194630872	0.0402684563758	0.0402684563758
-арт	0.255180258148	0.114287127244	0.247020424311	0.383512190297
-арс	0.133133881825	0.795063575168	0.0628272251309	0.00897531787584
-арх	0.0259790466618	0.969961727297	0.0040592260409	0.0
-мей	0.480329235364	0.122694846622	0.0846701804245	0.312305737589
-мек	0.448379698131	0.197299569264	0.0320406280574	0.322280104548
-мен	0.215084828735	0.0505750580607	0.0122944271005	0.722045686104
-бюз	0.305078251643	0.176707241593	0.0863568039141	0.43185770285
-бюк	0.73209685729	0.26790314271	0.0	0.0
-ыял	0.557927225855	0.0753639298511	0.215224152407	0.151484691886
-бюп	0.261353898886	0.738646101114	0.0	0.0
-бюс	0.544444444445	0.164814814815	0.111111111111	0.17962962963
-ююп	0.473308197501	0.0935745027503	0.0772818697598	0.355835429989
-ыяр	0.364505844846	0.605738575983	0.0	0.0297555791711
-ююн	0.39266802444	0.45050916497	0.0598778004073	0.0969450101832
-ююм	0.428571428571	0.517857142857	0.0	0.0535714285714
-мес	0.464903062341	0.267010638232	0.113825024925	0.154261274501
-мет	0.258456515825	0.558120975787	0.0424412804933	0.140981227895
-ююз	0.0824742268041	0.886597938144	0.0	0.0309278350515
-арк	0.023976023976	0.976023976024	0.0	0.0
-ари	0.104087287842	0.0898856944926	0.0446830620021	0.761343955663
-арп	0.144065858678	0.593414132175	0.262520009147	0.0
-ара	0.531838624985	0.232613665293	0.0367977000795	0.198750009643
-арз	0.566371681416	0.305309734513	0.115044247788	0.0132743362832
