-iok	0.0709508775503	0.89085786061	0.0239331907526	0.0142580710866
-hez	0.815780983593	0.0304383836737	0.0035820926842	0.150198540049
-euz	0.0	1.0	0.0	0.0
-het	0.0596891606505	0.0377305113484	0.045607254122	0.856973073879
-lan	0.0	1.0	0.0	0.0
-hep	0.311330770639	0.196778326927	0.141497345781	0.350393556654
-eur	0.349205348133	0.320635721493	0.0208123107971	0.309346619576
-hel	0.269599255537	0.408055762594	0.0598428234512	0.262502158418
-hem	0.292152353973	0.097205925527	0.0218286458025	0.588813074698
-euo	0.144469525959	0.257336343115	0.486455981941	0.111738148984
-ioh	0.429994756162	0.375983219717	0.178290508652	0.0157315154693
-heh	0.806363712961	0.0204344735679	0.00422946080823	0.168972352663
-ñek	0.0352941176471	0.864705882353	0.0999999999999	0.0
-okë	0.331819541511	0.426834906045	0.126179533897	0.115166018546
-hek	0.180236126281	0.259593280283	0.0236126280751	0.536557965361
-lel	0.0	1.0	0.0	0.0
-heg	0.722825408711	0.0772494696118	0.011730937227	0.18819418445
-lem	0.00899860686784	0.971090818435	0.0051077008725	0.0148028738249
-aup	0.119647580586	0.515398835026	0.0642942498532	0.300659334535
-aus	0.0857142857143	0.8	0.0	0.114285714286
-aur	0.166497271039	0.539528226012	0.14588374358	0.148090759368
-mut	0.0716417910447	0.507462686567	0.358208955224	0.0626865671642
-aut	0.145395799677	0.529886914378	0.300484652666	0.0242326332795
-mer	0.111004727425	0.716728502184	0.120953264317	0.0513135060738
-biñ	0.353164364357	0.32009871121	0.150898545969	0.175838378465
-auz	0.153842815357	0.153851391475	0.2055087262	0.486797066968
-zir	0.0308500164096	0.82638660978	0.0127994748933	0.129963898917
-zis	0.177215189873	0.822784810127	0.0	0.0
-zip	0.018004383676	0.886128796577	0.0553178165118	0.0405490032356
-uru	0.112676056338	0.867762128326	0.00391236306729	0.0156494522692
-ñat	0.190120702761	0.106596294986	0.0205026332395	0.682780369013
-aub	0.835616438356	0.0821917808219	0.0616438356164	0.0205479452055
-abö	0.0677550018412	0.87700994231	0.0368233705658	0.0184116852829
-aun	0.330605564648	0.433715220949	0.147299509002	0.088379705401
-put	0.261090582128	0.167987789741	0.126332920749	0.444588707382
-teñ	0.33561407422	0.43720459589	0.0616980434744	0.165483286416
-puv	0.177529091259	0.522942850488	0.130194144276	0.169333913977
-pup	0.416110926247	0.252819290035	0.158425311521	0.172644472197
-gañ	0.172116185365	0.641076220359	0.108051043498	0.0787565507786
-pur	0.10345807497	0.763503763537	0.0508373012179	0.0822008602753
-nak	0.163372043978	0.079526639551	0.0510610002796	0.706040316191
-uai	0.171428571429	0.409523809524	0.361904761905	0.0571428571429
-uah	0.411558669002	0.535901926445	0.0	0.0525394045533
-uak	0.188153310105	0.756097560976	0.0418118466899	0.01393728223
-uam	0.215918220669	0.0986481751439	0.0483614067755	0.637072197412
-utï	0.373986719176	0.341987605249	0.143503904809	0.140521770767
-puz	0.162463181888	0.452572650492	0.0634761360143	0.321488031606
-uap	0.161434977578	0.838565022422	0.0	0.0
-uas	0.0334101382489	0.959677419355	0.00691244239633	0.0
-nai	0.0931780818365	0.447592478204	0.0352176438681	0.424011796091
-uat	0.362214635221	0.288503595085	0.306801554461	0.0424802152331
-uav	0.305676855895	0.53711790393	0.157205240175	0.0
-pul	0.00404703934038	0.970697554118	0.0184819406978	0.00677346584337
-pun	0.271936759847	0.440565720676	0.0667362744819	0.220761244995
-puh	0.45659409121	0.218701015213	0.0588623626075	0.265842530969
-pui	0.0286419753087	0.817283950617	0.0681481481482	0.0859259259259
-puk	0.233892686969	0.549271459153	0.0621504039776	0.1546854499
-meñ	0.411108108885	0.214218099121	0.0604837356372	0.314190056356
-pan	0.401653067967	0.187385588187	0.0471441667474	0.363817177099
-deñ	0.289337788578	0.425577156744	0.232381530984	0.0527035236938
-eñi	0.499156340628	0.249670445558	0.0308462958081	0.220326918007
-opu	0.180201082753	0.715390564579	0.0556844547564	0.0487238979118
-nam	0.245798126098	0.145405651996	0.0729170706841	0.535879151222
-arë	0.455560412114	0.213499843896	0.0649391195754	0.266000624415
-sis	0.552790456022	0.329356675918	0.0810238467913	0.0368290212688
-arö	0.117697830437	0.743614892699	0.0635568284358	0.0751304484287
-arü	0.127514495207	0.796126531146	0.0479115128762	0.0284474607703
-opa	0.0260869565218	0.973913043478	0.0	0.0
-deg	0.197575213292	0.384822631343	0.0	0.417602155366
-deh	0.204134366925	0.656330749354	0.062015503876	0.0775193798449
-dei	0.0649290330411	0.0245119156844	0.014750702378	0.895808348896
-dek	0.141336464065	0.755760555932	0.0690376805789	0.0338652994234
-heñ	0.20297699594	0.329273793414	0.336941813261	0.130807397384
-den	0.183297547746	0.524014012883	0.197762459035	0.0949259803367
-deo	0.281617418723	0.317776721839	0.0467754023171	0.35383045712
-dep	0.236820979395	0.507091249666	0.240032111319	0.01605565962
-ios	0.0	1.0	0.0	0.0
-der	0.12036842613	0.812972095636	0.0603033897247	0.00635608850853
-des	0.0	1.0	0.0	0.0
-det	0.359188456749	0.19951658976	0.0205083131912	0.420786640299
-aka	0.387155124819	0.306710668915	0.0205744889495	0.285559717316
-dev	0.00468603561388	0.883630115589	0.0140581068416	0.0976257419556
-siv	0.532779748678	0.352604836718	0.0436630150871	0.0709523995165
-oke	0.364130434783	0.538043478261	0.0489130434783	0.0489130434783
-dez	0.220280353677	0.59080871253	0.129432822946	0.0594781108475
-kil	0.481950130257	0.180498697432	0.0483810941571	0.289170078154
-oka	0.241935483871	0.286290322581	0.0362903225807	0.435483870968
-oul	0.0804821963626	0.810117761828	0.0529579820222	0.0564420597867
-sik	0.148621947209	0.388493111719	0.0812337678887	0.381651173184
-bir	0.557768924303	0.220261809903	0.221969265794	0.0
-kir	0.0	0.974153876507	0.0157838922092	0.0100622312833
-let	0.62434561147	0.267650804131	0.040560298071	0.0674432863274
-ide	0.00580163919329	0.828437240998	0.0994566718851	0.0663044479234
-biz	0.353077185998	0.461909644731	0.103544644832	0.0814685244385
-ida	0.0095238095238	0.990476190476	0.0	0.0
-med	0.135705957601	0.768770872763	0.0661460743441	0.0293770952915
-olo	0.333333333333	0.666666666667	0.0	0.0
-bia	0.136363636364	0.727272727273	0.0	0.136363636364
-bin	0.418431911967	0.151251719395	0.0	0.430316368638
-bio	0.0	1.0	0.0	0.0
-bil	0.200956937799	0.540669856459	0.200956937799	0.0574162679426
-bim	0.744680851064	0.141843971631	0.0851063829787	0.0283687943262
-rat	0.365937112421	0.19619273512	0.0651283341288	0.372741818331
-kiv	0.392523364486	0.495327102804	0.0	0.11214953271
-tep	0.224360040863	0.627732936108	0.0636732713757	0.084233751654
-100	0.0271500740004	0.0740179306815	0.0250932502126	0.873738745105
-uta	0.0	1.0	0.0	0.0
-tet	0.33576247672	0.0509410224836	0.0034757861577	0.609820714638
-puñ	0.24496006086	0.396348421453	0.230886268543	0.127805249144
-tev	0.362971803647	0.0780144944212	0.0259898701998	0.533023831732
-ria	0.0150716387981	0.845952327048	0.0145865002102	0.124389533943
-rin	0.192804296848	0.220210169744	0.0336490616019	0.553336471806
-tez	0.257129938523	0.395606149263	0.101677140881	0.245586771333
-rim	0.0397112874819	0.114490123251	0.00345264501042	0.842345944256
-rik	0.0547533092659	0.476083032491	0.449308062575	0.0198555956679
-ñom	0.404001139687	0.109305687297	0.0314608095105	0.455232363506
-riv	0.188013776819	0.299553476619	0.0727736686479	0.439659077914
-rit	0.0690750297737	0.771337832473	0.114331083763	0.0452560539897
-een	0.0513380330414	0.0194401094719	0.00275793940606	0.926463918081
-rir	0.165110083378	0.580060973878	0.137185944092	0.117642998653
-ris	0.132675671055	0.514019490511	0.0257907334587	0.327514104975
-rip	0.151475252508	0.280894865583	0.0416300925764	0.525999789333
-teg	0.295103202098	0.222210664165	0.0915354775593	0.391150656178
-teh	0.583741082052	0.189683708546	0.0352301180258	0.191345091376
-tei	0.411845198575	0.243956792108	0.0473770417015	0.296820967616
-taz	0.257934818126	0.414530015208	0.0422868922228	0.285248274443
-tek	0.16016960285	0.652466654815	0.0413730172839	0.145990725051
-riz	0.207355406871	0.375117690407	0.113179478327	0.304347424395
-tem	0.362837550248	0.298000202682	0.0989332162281	0.240229030842
-ten	0.152327844705	0.776968804251	0.0313535693619	0.0393497816824
-teo	0.380198330263	0.310312389762	0.102379179242	0.207110100733
-meu	0.561764705882	0.273529411765	0.111764705882	0.0529411764705
-met	0.0167422240058	0.0245584481633	0.001845781391	0.95685354644
-ara	0.00504201680671	0.98487394958	0.0	0.0100840336134
-mes	0.3264	0.3936	0.1888	0.0912
-eri	0.324358814047	0.370117679546	0.053112669611	0.252410836795
-lup	0.0396703279963	0.875870264012	0.0268734479975	0.0575859599945
-aro	0.153347485284	0.462334023854	0.20036839427	0.183950096591
-ari	0.160419222657	0.139249856422	0.0361619119517	0.664169008969
-mez	0.36342058255	0.380272269758	0.0782224977365	0.178084649956
-mee	0.247014454615	0.291011823057	0.0860400202511	0.375933702076
-aru	0.0405080343625	0.0406159448543	0.00127199124672	0.917604029537
-meg	0.439139254988	0.207829949728	0.0657225917179	0.287308203567
-mea	0.0	0.908396946565	0.0	0.0916030534352
-avö	0.0228310502283	0.764840182648	0.0616438356164	0.150684931507
-vei	0.658549360622	0.129032280783	0.0248258493173	0.187592509278
-eñö	0.413479923518	0.404875717017	0.157743785851	0.0239005736138
-mem	0.2782369146	0.137741046832	0.374655647383	0.209366391185
-mel	0.794863841392	0.041228852442	0.00697917878329	0.156928127383
-meo	0.349174371598	0.516875497382	0.00597784679983	0.12797228422
-men	0.465165516064	0.351448345568	0.0149388978752	0.168447240493
-mei	0.433767160724	0.164300329511	0.0469770422946	0.35495546747
-meh	0.568298567232	0.0395529369287	0.0111601647766	0.380988331063
-mek	0.384615384615	0.406702208682	0.0	0.208682406702
-keg	0.331154443401	0.178085891227	0.0316092483137	0.459150417058
-moñ	0.410652920962	0.290378006873	0.285223367698	0.0137457044674
-ior	0.385714285714	0.217857142857	0.235714285714	0.160714285714
-rai	0.330639591104	0.391490537367	0.0878574388727	0.190012432656
-gok	0.0350877192983	0.964912280702	0.0	0.0
-etë	0.0392561983471	0.130165289256	0.830578512397	0.0
-goñ	0.155173658748	0.485392447108	0.113221171204	0.24621272294
-mos	0.0346620450607	0.948006932409	0.0173310225303	0.0
-mor	0.225678733032	0.686368778281	0.0625	0.0254524886877
-eoñ	0.22183449651	0.239282153539	0.226321036889	0.312562313061
-lap	0.0955414012739	0.904458598726	0.0	0.0
-ken	0.421324860506	0.252591053024	0.0642438215732	0.261840264896
-rev	0.489420374397	0.242403351541	0.166357320889	0.101818953174
-iar	0.0282555282555	0.933046683047	0.00921375921376	0.029484029484
-ota	0.0	1.0	0.0	0.0
-ruñ	0.373678751016	0.465406954288	0.129128755003	0.031785539693
-oan	0.0462639093945	0.921463322797	0.00951239088	0.0227603769285
-oti	0.0506260077777	0.924238831452	0.00616522811344	0.0189699326567
-gig	0.454452554436	0.294812162313	0.0938713375715	0.156863945679
-uma	0.382317801673	0.279569892473	0.10752688172	0.230585424134
-otu	0.297520661157	0.0909090909091	0.123966942149	0.487603305785
-reñ	0.107681438838	0.80677537865	0.0264017538308	0.0591414286806
-umi	0.0402684563758	0.798657718121	0.0	0.161073825503
-siz	0.163388037629	0.698934313655	0.0550685788328	0.082609069883
-nah	0.511989682999	0.18314946599	0.0446360675088	0.260224783502
-avë	0.125970594547	0.71525473819	0.0716665552557	0.0871081120067
-nan	0.40395713108	0.423727377091	0.0854835851484	0.0868319066807
-nao	0.126422926315	0.186864149008	0.0795442131579	0.607168711518
-zud	0.0727272727273	0.854545454545	0.0727272727273	0.0
-avï	0.445355159173	0.261193766954	0.174056764405	0.119394309468
-mañ	0.467837337551	0.292586905573	0.0387106457162	0.20086511116
-sir	0.045119208368	0.90174318356	0.0227020417963	0.0304355662761
-sip	0.0376816354366	0.928006488793	0.00798562837618	0.026326247394
-kin	0.474699398798	0.350701402806	0.0976953907816	0.0769038076152
-kim	0.0	1.0	0.0	0.0
-sit	0.291217245128	0.479301941069	0.152890504266	0.0765903095374
-naz	0.204333224696	0.351291607034	0.38287681909	0.0614983491803
-hañ	0.252072571952	0.268934374849	0.0344308506325	0.444562202567
-kip	0.319098269567	0.565804095888	0.0531830449277	0.0619145896174
-sin	0.114321692357	0.776110697404	0.0667249407937	0.0428426694451
-zut	0.068329634695	0.0177519459058	0.0476617419157	0.866256677483
-kit	0.378125	0.58125	0.021875	0.01875
-nar	0.368866811993	0.35543008255	0.0582496515742	0.217453453883
-kiz	0.540106951872	0.395721925134	0.0213903743315	0.0427807486631
-nap	0.0600365385678	0.238554817203	0.0805892624519	0.620819381778
-zia	0.0287081339713	0.846889952153	0.124401913876	0.0
-nav	0.38875734548	0.287989024588	0.0866225605235	0.236631069409
-nat	0.208459109343	0.105553606981	0.0408534809517	0.645133802724
-mov	0.541228735508	0.314660309893	0.0552605916134	0.0888503629862
-mou	0.762886597938	0.154639175258	0.020618556701	0.0618556701031
-mot	0.135416666667	0.770061728395	0.0713734567902	0.0231481481481
-gom	0.262014991182	0.209986772487	0.340608465608	0.187389770723
-gol	0.736891385768	0.0743445692885	0.161048689139	0.0277153558053
-mop	0.640106820006	0.196200439662	0.088666901013	0.0750258393188
-kep	0.200590576454	0.482876423613	0.053514888665	0.263018111268
-goe	0.191633462383	0.134230084494	0.37509066418	0.299045788943
-god	0.0661574060059	0.85707139703	0.00609503522261	0.0706761617419
-gog	0.161247725622	0.557400616796	0.0484849044712	0.232866753111
-nek	0.528243804833	0.343264458856	0.0535382234628	0.0749535128479
-mog	0.39430260725	0.149639898908	0.109491882655	0.346565611187
-mod	0.0720734317498	0.190358953562	0.124377874104	0.613189740584
--24	0.189873417722	0.810126582278	0.0	0.0
-gop	0.281505728314	0.56464811784	0.153846153846	0.0
-mon	0.010377007024	0.979809361114	0.00381641239062	0.00599721947097
-mom	0.607365386404	0.154096531201	0.0609132335162	0.177624848879
-mol	0.120740328859	0.763762014457	0.101199459846	0.0142981968385
-iin	0.0821555189455	0.0493482173784	0.0026685089343	0.865827754742
-got	0.261862262476	0.370022947808	0.0219933852785	0.346121404437
-moh	0.432173672274	0.186612889248	0.060923105345	0.320290333133
-bez	0.0	1.0	0.0	0.0
-eoz	0.0	1.0	0.0	0.0
-roh	0.20130985914	0.419707007464	0.0623140077798	0.316669125617
-pus	0.0	0.828571428571	0.171428571429	0.0
-eor	0.0150217815833	0.624455460418	0.270392068499	0.0901306894997
-bet	0.1610940721	0.728040625471	0.0	0.110865302428
-dae	0.341814765657	0.52205101748	0.00532877323727	0.130805443625
-bei	0.522869955157	0.304932735426	0.0807174887892	0.0914798206278
-ben	0.0	1.0	0.0	0.0
-beo	0.327260743273	0.140001686121	0.496792538148	0.0359450324578
-bel	0.243337195828	0.451701253555	0.224375855894	0.0805856947223
-eoh	0.49553578446	0.294025181948	0.100955719383	0.109483314209
-eog	0.432217651458	0.205123410621	0.0811284592372	0.281530478684
-gov	0.215625142188	0.257491201659	0.0620384456363	0.464845210517
-beg	0.666666666667	0.162601626016	0.0813008130081	0.089430894309
-bed	0.184501845018	0.760147601476	0.0553505535055	0.0
-iso	0.00699300699302	0.764568764569	0.020979020979	0.207459207459
-reh	0.628514056225	0.175702811245	0.0	0.19578313253
-rei	0.186690094443	0.722161212387	0.00329453107841	0.0878541620909
-reo	0.121640735502	0.80198019802	0.0509193776521	0.025459688826
-isi	0.00401222774169	0.993695070692	0.0	0.00229270156668
-rem	0.253521126761	0.746478873239	0.0	0.0
-reg	0.301590255752	0.235029400171	0.139606610562	0.323773733515
-red	0.0882229665251	0.708680276182	0.147589020077	0.0555077372154
-otï	0.403268068836	0.364526029808	0.0695420989209	0.162663802435
-rez	0.267978521479	0.111836515817	0.0451571795939	0.57502778311
-eve	0.469101123596	0.210674157303	0.23595505618	0.0842696629214
-eva	0.0492892663821	0.950710733618	0.0	0.0
-atï	0.271478610781	0.498715491013	0.085062097874	0.144743800332
-res	0.324435534923	0.580607723148	0.0738552437223	0.0211014982064
-rep	0.391489494455	0.561715203794	0.0327567112262	0.0140385905255
-evo	0.209592565438	0.0597188103995	0.011887912825	0.718800711337
-otü	0.356306011411	0.231165361254	0.0788676123972	0.333661014938
-ret	0.103059700207	0.838421349241	0.0139019114205	0.0446170391316
-reu	0.613733905579	0.37339055794	0.0128755364807	0.0
-avi	0.125714285714	0.445714285714	0.2	0.228571428571
-maz	0.211578748275	0.100456221777	0.0274277398502	0.660537290098
-akë	0.323627654881	0.38223986891	0.0245793155605	0.269553160648
-hae	0.501882057716	0.422835633626	0.0	0.0752823086575
-hag	0.360835908603	0.37123347807	0.0746267489014	0.193303864426
-hah	0.664029726028	0.0370560050019	0.00495843064254	0.293955838328
-map	0.111594299317	0.0964669899541	0.0715078619158	0.720430848813
-mas	0.0509353583997	0.904982404149	0.0100018521949	0.0340803852566
-mar	0.0874342018343	0.497743566209	0.232054571625	0.182767660332
-mau	0.351918944889	0.350744706174	0.0937002690002	0.203636079937
-ham	0.0708431654779	0.54791739869	0.066624484314	0.314614951519
-han	0.418358576277	0.1166334204	0.0323390568454	0.432668946477
-hao	0.147099080261	0.336744386301	0.203220413644	0.312936119794
-hap	0.358198194215	0.416454635497	0.0677988583127	0.157548311975
-mah	0.429538616067	0.24148342348	0.0860589015859	0.242919058867
-har	0.338870667754	0.351725099501	0.136172328897	0.173231903849
-has	0.172975289244	0.589058705899	0.11964957387	0.118316430986
-mam	0.293643712051	0.181176076799	0.038033081547	0.487147129603
-mal	0.0212665406427	0.929347826087	0.0451323251417	0.00425330812855
-hav	0.198493032124	0.717515961192	0.0603052311445	0.02368577554
-man	0.447649972333	0.223573251919	0.0558106392567	0.272966136491
-akö	0.0771023847947	0.737313968083	0.148825533441	0.0367581136812
-haz	0.343857677142	0.293076069814	0.0433012252774	0.319765027767
-nañ	0.242769330814	0.350346157731	0.0955657710256	0.31131874043
-mag	0.352044059914	0.267146495013	0.230123081276	0.150686363797
-eih	0.45045045045	0.348682015349	0.0907574240907	0.11011011011
-ekë	0.414467038062	0.274599311931	0.0747544538825	0.236179196124
-riñ	0.249706040373	0.502052368787	0.101630840602	0.146610750238
-ekï	0.43175160886	0.379025826298	0.10869685064	0.0805257142017
-hoñ	0.269443050677	0.20868277065	0.331756385444	0.190117793229
-ekö	0.51417017491	0.196450958818	0.0651577307111	0.22422113556
-zum	0.634993401403	0.20103012914	0.0875182329652	0.0764582364916
-nki	0.0623960988585	0.914884184861	0.0	0.0227197162806
-ekü	0.304906006419	0.405662540119	0.249312242091	0.040119211371
-gag	0.0248508946322	0.92296222664	0.0211232604374	0.0310636182903
-ade	0.197080291971	0.605839416058	0.0	0.197080291971
-500	0.0961538461538	0.0673076923077	0.0384615384615	0.798076923077
-gaa	0.59565688192	0.128211800455	0.0567610445644	0.219370273061
-ñad	0.147475276688	0.734257850073	0.0871727229874	0.031094150252
-gao	0.13533424414	0.532945684035	0.205952473729	0.125767598096
-ado	0.372881355932	0.412429378531	0.0790960451977	0.135593220339
-gam	0.272058823529	0.220588235294	0.330882352941	0.176470588235
-ein	0.181887803944	0.100102112451	0.00957304231285	0.708437041292
-gai	0.144696333613	0.761544920235	0.0587741393787	0.034984606773
-nop	0.126357155061	0.576722946211	0.0283313399916	0.268588558736
-gat	0.0	1.0	0.0	0.0
-gas	0.0196292257361	0.967284623773	0.0130861504907	0.0
-gar	0.876712328767	0.0	0.041095890411	0.0821917808218
-kai	0.0	1.0	0.0	0.0
-lam	0.192333887878	0.32108125007	0.249656666257	0.236928195795
-eok	0.329566736861	0.284161476769	0.273363501949	0.112908284421
-zoñ	0.788732394366	0.169014084507	0.0422535211268	0.0
-sen	0.019993635978	0.0960967331354	0.00689435723375	0.877015273653
-sel	0.105740181269	0.894259818731	0.0	0.0
-sek	0.105906313646	0.820773930754	0.0122199592668	0.061099796334
-sei	0.574668023131	0.155065324481	0.0104412079675	0.259825444421
-seg	0.303484077069	0.521812918039	0.0229609663572	0.151742038534
-ina	0.0754467033579	0.814242548192	0.0342791869261	0.0760315615235
-uit	0.0402127292858	0.916643027091	0.0154223145597	0.0277219290639
-sea	0.157894736842	0.616541353383	0.135338345865	0.0902255639098
-rañ	0.155058459122	0.51703603525	0.0454257918157	0.282479713812
-peg	0.731289494471	0.0924664296998	0.0	0.176244075829
-sez	0.0	0.982578397213	0.0	0.0174216027874
-erï	0.199021407518	0.452964217385	0.105195459951	0.242818915146
-set	0.0	1.0	0.0	0.0
-ses	0.0707798355127	0.853869593515	0.00110940181054	0.0742411691616
-ser	0.395532546359	0.416731751947	0.0817843036619	0.105951398032
-sep	0.0248984520804	0.888813261609	0.0513777582611	0.0349105280492
-ñam	0.536491058482	0.266956661833	0.0128886740777	0.183663605607
-aor	0.122977346278	0.561488673139	0.233009708738	0.0825242718446
-ñao	0.327993494895	0.44875492574	0.0580872490218	0.165164330343
-kut	0.24380427011	0.127165091049	0.402911799882	0.226118838958
-ñai	0.230616943908	0.383673571934	0.0631920919881	0.322517392169
-ñah	0.695455879435	0.032414143278	0.000611376164466	0.271518601123
-oog	0.442057339993	0.291931327741	0.0633666656062	0.20264466666
-aot	0.0266268979796	0.0215163078303	0.0157201127516	0.936136681439
-iam	0.178183772666	0.220604412213	0.193880846187	0.407330968934
-aoz	0.722261926032	0.0901375737002	0.0750402001072	0.112560300161
-ook	0.400649939068	0.385776333469	0.107646158173	0.10592756929
-poñ	0.257675094863	0.246210600891	0.072872798918	0.423241505328
-ner	0.074170814647	0.840126164309	0.0192203439949	0.0664826770489
-nes	0.115668814985	0.0476509403924	0.014986989317	0.821693255306
-nep	0.0667226153282	0.473162591839	0.0394833159495	0.420631476884
-nen	0.342897663562	0.199518316792	0.0572803935131	0.400303626134
-neo	0.033349931968	0.019446129844	0.0049478392284	0.94225609896
-kao	0.139530654628	0.659191081518	0.0576793125042	0.14359895135
-nem	0.0323432830828	0.062182794002	0.0073829938993	0.898090929016
-aog	0.327267557577	0.372760875746	0.142166619278	0.157804947398
-nad	0.0361445783133	0.855421686747	0.10843373494	0.0
-ias	0.0436395722153	0.933982522909	0.0114281461952	0.0109497586801
-nei	0.481441275218	0.267295614726	0.0747999555952	0.176463154461
-aok	0.260260815671	0.215299648237	0.137686367	0.386753169093
-neg	0.497740083884	0.276896917734	0.0977029853976	0.127660012984
-aoh	0.456264510171	0.188107916836	0.0247697791433	0.33085779385
-ñap	0.174922673282	0.606125314761	0.0837679201419	0.135184091815
-aom	0.286897949599	0.258375364939	0.0264397037345	0.428286981727
-iaz	0.124918354017	0.788128674069	0.0359242325278	0.0510287393861
-ban	0.0199772735751	0.289742500245	0.00693341668024	0.6833468095
-bao	0.171469657751	0.561518550475	0.210066148979	0.0569456427955
-bal	0.343569779735	0.139340057855	0.0666685040165	0.450421658394
-arï	0.281055255505	0.336310760283	0.246780224346	0.135853759867
-bak	0.29419768685	0.2951695986	0.248809408106	0.161823306444
-hod	0.117682558841	0.0439693076989	0.687041986378	0.151306147082
-hoe	0.358607246085	0.415540767628	0.0984741547355	0.127377831552
-hok	0.273122810934	0.245605123983	0.0923168162092	0.388955248873
-hoh	0.401963993902	0.280407536534	0.0856539708017	0.231974498763
-bae	0.145454545455	0.254545454545	0.0	0.6
-hon	0.460016671813	0.247434488881	0.0548257557923	0.237723083514
-hol	0.105632988917	0.726884197136	0.0782405207132	0.089242293234
-hom	0.277596456939	0.271428221447	0.101465568398	0.349509753216
-hor	0.27438717963	0.435833007613	0.138086995365	0.151692817392
-hos	0.105311692173	0.549728141739	0.0971987765119	0.247761389576
-hop	0.10033150317	0.598114161423	0.0968030880716	0.204751247336
-nae	0.103948439337	0.0543505179022	0.0431422300752	0.798558812686
-hov	0.134744512869	0.107724216489	0.194955699417	0.562575571225
-hot	0.315442364258	0.201029759239	0.0608744783508	0.422653398152
-hou	0.292024259563	0.261083249907	0.20073829351	0.246154197019
-hoz	0.409836223325	0.265454163234	0.135673822767	0.189035790674
-bat	0.152295669357	0.0689810593092	0.00628553478456	0.772437736549
-bar	0.39770462769	0.103416514813	0.0166309909365	0.482247866561
-bas	0.0773384621075	0.891962865703	0.0192329030588	0.0114657691312
-oep	0.120108302113	0.160343796241	0.500267606964	0.219280294682
-zol	0.0137367782492	0.954588018793	0.0128655065997	0.0188096963578
-ogi	0.210050088867	0.278828028222	0.0226207788011	0.48850110411
-zon	0.021799529814	0.925838854456	0.00128232528318	0.0510792904467
-zoh	0.435005938971	0.529675581546	0.0176592397417	0.0176592397417
-asa	0.00747597009612	0.985048059808	0.0	0.00747597009612
-l00	0.0186915887851	0.551401869159	0.401869158878	0.0280373831775
-adë	0.112535612536	0.173789173789	0.24358974359	0.470085470086
-asi	0.120879120879	0.813186813187	0.0	0.0659340659341
-sak	0.195700213275	0.552928528906	0.0781525443647	0.173218713455
-kis	0.0	1.0	0.0	0.0
-zoz	0.437816578273	0.362254931172	0.0408199749717	0.159108515583
-zot	0.0425531914893	0.904255319149	0.0531914893617	0.0
-koñ	0.300853892066	0.432911449059	0.0610927644555	0.205141894419
-lta	0.0454545454546	0.909090909091	0.0	0.0454545454545
-zop	0.15033557047	0.808053691275	0.0201342281879	0.0214765100671
-zor	0.317968243074	0.355377077032	0.0920306247182	0.234624055176
-ohö	0.406662452244	0.286299426279	0.0818811407936	0.225156980683
-raz	0.251548780954	0.550751024124	0.0433172230001	0.154382971922
-kop	0.142545403752	0.450820560039	0.0278565666183	0.378777469591
-pet	0.028735277319	0.947222179343	0.012480511261	0.0115620320773
-rav	0.13480113274	0.278012070656	0.0586818631346	0.528504933469
-430	0.300699300699	0.013986013986	0.0	0.685314685315
-rau	0.320301257249	0.459891250959	0.0617680767275	0.158039415065
-rar	0.159764281173	0.668239049388	0.0833247578748	0.088671911564
-ras	0.138790297201	0.821574330056	0.0179240927064	0.0217112800363
-rap	0.142111412542	0.219369068242	0.0475502300998	0.590969289116
-ran	0.569217850288	0.325215930902	0.0107965451056	0.0947696737044
-rao	0.174575359932	0.217602469604	0.0139396564715	0.593882513992
-ral	0.0113421550094	0.682419659735	0.306238185255	0.0
-ram	0.233935894526	0.310344213469	0.29811577299	0.157604119015
-rak	0.523514108465	0.286872123274	0.0950570342205	0.0945567340405
-rah	0.227387846821	0.355629588811	0.070591063796	0.346391500572
-ero	0.0761904761905	0.898412698413	0.0253968253968	0.0
-era	0.0886455481684	0.686220831704	0.197757789076	0.027375831052
-rae	0.423835125448	0.461917562724	0.0336021505376	0.0806451612904
-rab	0.021585667227	0.329353747001	0.019479062785	0.629581522987
-ere	0.408637873754	0.471760797342	0.0398671096346	0.0797342192691
-señ	0.747252747253	0.164835164835	0.0879120879121	0.0
-poz	0.201592548077	0.458503605769	0.0311598557692	0.308743990385
-aoñ	0.731543624161	0.241610738255	0.0268456375839	0.0
-ñeo	0.318443675038	0.286010353417	0.0526477756715	0.342898195873
-kuñ	0.215870307167	0.537542662116	0.205631399317	0.0409556313993
-ñan	0.100840336134	0.899159663866	0.0	0.0
-por	0.242788838376	0.569603386111	0.0532998902649	0.134307885248
-pos	0.194952701833	0.273597035794	0.0604351536813	0.471015108692
-pop	0.181419756386	0.135337592603	0.0238124206761	0.659430230335
-pov	0.261135162457	0.167923244199	0.0627433423095	0.508198251035
-vet	0.427885331965	0.196267917407	0.0439795705284	0.331867180099
-pot	0.0360929586305	0.0410502777808	0.00492319369211	0.917933569897
-neñ	0.401792860573	0.39170801985	0.115255322555	0.0912437970225
-ooñ	0.349742733973	0.394381866222	0.095953274927	0.159922124878
-pok	0.279282511211	0.499013452915	0.0408968609866	0.180807174888
-poh	0.497081357169	0.353885443269	0.0277271068953	0.121306092667
-poi	0.366507365621	0.370892250086	0.119722126423	0.142878257871
-pon	0.12972972973	0.281081081081	0.27027027027	0.318918918919
-azi	0.736263736264	0.0	0.0	0.263736263736
-pol	0.0257360561815	0.811933603628	0.00499548126591	0.157334858924
-urü	0.0774336283186	0.411504424779	0.497787610619	0.0132743362832
-ñañ	0.146767739761	0.656449607419	0.177492514419	0.0192901384009
-poe	0.234381195705	0.680620089734	0.0276550841635	0.057343630398
-lae	0.371794871795	0.448717948718	0.179487179487	0.0
-ike	0.40605907234	0.385271682152	0.191750117494	0.0169191280142
-ika	0.0488798370672	0.904276985743	0.0142566191446	0.0325865580448
-iko	0.00937500000002	0.990625	0.0	0.0
-aat	0.460214714241	0.351910325229	0.113672245027	0.0742027155036
-nor	0.249835254053	0.380934122765	0.049806705396	0.319423917785
-nos	0.417356069559	0.55731892622	0.0151950025325	0.0101300016883
-lah	0.41672780631	0.366654438738	0.0645634629494	0.152054292003
-lai	0.0	1.0	0.0	0.0
-aas	0.274843330349	0.619218143838	0.0522232169502	0.053715308863
-lak	0.616147308782	0.178470254958	0.0	0.205382436261
-lat	0.201721401966	0.439605117598	0.0535998893736	0.305073591063
-aal	0.087591240876	0.846715328467	0.043795620438	0.021897810219
-lav	0.551122194514	0.448877805486	0.0	0.0
-aan	0.705547794851	0.17321891838	0.0329275593694	0.0883057273996
-iks	0.0536543102915	0.889411473482	0.014852404233	0.0420818119933
-ouv	0.589941972921	0.330754352031	0.0116054158607	0.0676982591876
-lar	0.0194270912692	0.950708517446	0.0283406978516	0.00152369343288
-las	0.082472969987	0.857683838376	0.0254794541423	0.0343637374946
-noa	0.0	1.0	0.0	0.0
-laz	0.0	1.0	0.0	0.0
-nog	0.470319634703	0.228310502283	0.0913242009132	0.2100456621
-boe	0.526630760024	0.473369239976	0.0	0.0
-gei	0.124321818671	0.0694968941136	0.533302214376	0.272879072839
-ist	0.154534606205	0.839498806683	0.0	0.00596658711216
--id	0.395220588235	0.340073529412	0.191176470588	0.0735294117647
-ori	0.199154401135	0.204960709119	0.0680561243836	0.527828765362
-bol	0.0916786924816	0.457189523723	0.025223654239	0.425908129556
-bom	0.32079583802	0.383458814807	0.0157032927702	0.280042054402
-bon	0.107077512718	0.0949423788071	0.0080108965341	0.789969211941
-aha	0.429069837733	0.351062635474	0.082860523157	0.137007003636
-boh	0.37365378075	0.406416506065	0.082757057023	0.137172656161
-boi	0.238524424416	0.421064794754	0.108877141289	0.231533639541
-bot	0.125140463786	0.829093880887	0.0371845949535	0.00858106037389
-bor	0.348333759482	0.5221171056	0.0745759822722	0.0549731526464
-bos	0.0416666666667	0.935327198364	0.0	0.0230061349693
-don	0.0380629477994	0.934749232344	0.0153531218014	0.0118346980553
-ger	1.0	0.0	0.0	0.0
-dom	0.00666666666668	0.993333333333	0.0	0.0
-dok	0.0	1.0	0.0	0.0
-boz	0.052972550698	0.478511854403	0.0255679262031	0.442947668696
-get	0.0304259634889	0.969574036511	0.0	0.0
-vop	0.144733829873	0.556301539917	0.214923067396	0.084041562814
-vor	0.18869587814	0.537833385563	0.109101762304	0.164368973993
-vos	0.39978243133	0.553984226271	0.0217568670112	0.0244764753876
-vot	0.355329949239	0.46192893401	0.0304568527919	0.152284263959
-mia	0.020725388601	0.979274611399	0.0	0.0
-sau	0.00420919102808	0.984178054547	0.00434757539064	0.00726517903476
-sat	0.365039008474	0.0295567785546	0.00438228980027	0.601021923172
-ton	0.294845360825	0.556701030928	0.0515463917526	0.0969072164949
-saz	0.0123808587993	0.936032229537	0.0247617175985	0.026825194065
-voz	0.244706378899	0.206141588969	0.0569124987553	0.492239533376
-tom	0.322329249019	0.26214210099	0.0465997004856	0.368928949505
-tok	0.173727922624	0.328006728343	0.0801619007569	0.418103448276
-toh	0.239710394251	0.18305949756	0.0627640011901	0.514466106999
-dem	0.324758842444	0.49088960343	0.0707395498392	0.113612004287
-tov	0.0634536939115	0.873092612177	0.0634536939115	0.0
-tot	0.746131453961	0.205607476635	0.0	0.048261069404
-tou	0.146861311947	0.1054060022	0.275918778597	0.471813907256
-tor	0.143985923869	0.561663105184	0.114824217769	0.179526753178
-voe	0.753391892449	0.115056290981	0.0449503072293	0.0866015093405
-top	0.264328942684	0.287112851549	0.322178711285	0.126379494482
-vog	0.587155963303	0.261467889908	0.0963302752293	0.0550458715597
-voh	0.606150432506	0.282498656543	0.0360999878655	0.0752509230849
-had	0.16531913495	0.65240255045	0.116676526655	0.0656017879445
-sah	0.551330974599	0.0883634588594	0.00862256332418	0.351683003217
-toz	0.0231907553356	0.912831012226	0.0045844475388	0.0593937848998
-vom	0.280701754386	0.183466241361	0.167145135566	0.368686868687
-von	0.374139271945	0.310899847449	0.0853864122443	0.229574468362
-sal	0.355963860655	0.429024411432	0.200677612718	0.0143341151942
-lon	0.200867405827	0.538386205449	0.097349981929	0.163396406795
-ñep	0.142232523837	0.857767476163	0.0	0.0
-iek	0.382601105997	0.331113551876	0.0895218620254	0.196763480101
-lom	0.47572815534	0.436893203883	0.0582524271845	0.0291262135922
-rop	0.119270203615	0.782496836374	0.0144815174463	0.0837514425645
-ñet	0.400286705467	0.298070472204	0.0417443160641	0.259898506265
-ror	0.2950823619	0.467441574002	0.17715759062	0.0603184734774
-ros	0.18178126944	0.0460169148741	0.191083581456	0.58111823423
-air	0.132797499939	0.236333553779	0.0724853690224	0.55838357726
-roz	0.308045160981	0.464335691456	0.103073985441	0.124545162122
-rod	0.035113035113	0.883694083694	0.0469456469457	0.0342472342472
-iez	0.148746968472	0.136620856912	0.367016976556	0.34761519806
-loz	0.136283993052	0.685259231367	0.0780698819833	0.100386893597
-ñed	0.365660616294	0.566800337695	0.0174124102998	0.0501266357112
-ñeg	0.415130140659	0.217341088149	0.183970630697	0.183558140494
-ava	0.292064658339	0.592211609111	0.0165319617928	0.0991917707568
-lov	0.375397479684	0.508891767754	0.0962784124367	0.0194323401248
-rom	0.24995513308	0.191875815697	0.0236864642683	0.534482586954
-ron	0.255764853514	0.55778135004	0.113552157326	0.072901639119
-ier	0.55	0.3375	0.0375	0.075
-ñem	0.111111111111	0.796296296296	0.037037037037	0.0555555555555
-siñ	0.287145094285	0.678153796981	0.0223736604985	0.0123274482355
-lop	0.126961788014	0.445853144646	0.0443937632687	0.382791304071
-iev	0.484419263456	0.175637393768	0.0084985835694	0.331444759207
-sas	0.0169727909057	0.941713594021	0.000789432135152	0.0405241829378
-hak	0.533395901768	0.330517753793	0.018249126649	0.11783721779
-pia	0.0370488183672	0.798289766667	0.0493984244896	0.115262990476
-noñ	0.255465262676	0.385143641982	0.267826485063	0.0915646102782
-ipa	0.00179533213644	0.96947935368	0.0143626570916	0.0143626570916
-aañ	0.427290809515	0.280155854064	0.012806190567	0.279747145854
-mat	0.390040219439	0.066720909894	0.0373479302612	0.505890940405
-ikö	0.045751633987	0.0653594771242	0.839869281046	0.0490196078431
-ovo	0.276243093923	0.298342541436	0.0	0.425414364641
-sap	0.298661935388	0.370148591705	0.0243956531382	0.306793819768
-lañ	0.265928725702	0.4843412527	0.0944924406048	0.155237580993
-mis	0.00251452838624	0.987427358069	0.00921993741618	0.000838176128743
-mav	0.186275505025	0.34971068927	0.439650796873	0.0243630088316
-ipu	0.496932515337	0.466257668712	0.0	0.0368098159509
-mai	0.137651741794	0.638328321838	0.10513646778	0.118883468588
-vov	0.366961705202	0.485923307184	0.0166313996697	0.130483587944
-nag	0.478556485356	0.215481171548	0.305962343096	0.0
-kiñ	0.101106708567	0.846973630277	0.0355239786856	0.0163956824703
--iv	0.159292035398	0.840707964602	0.0	0.0
-dot	0.031746031746	0.809523809524	0.031746031746	0.126984126984
-boñ	0.273182957393	0.551378446115	0.0902255639098	0.0852130325815
-oñi	0.104166666667	0.251157407407	0.540509259259	0.104166666667
-kor	0.300196150894	0.554396338517	0.0943798504705	0.0510276601188
-hat	0.0998250794047	0.0672751039492	0.0194528941384	0.813446922508
-ahö	0.0439177594657	0.081852088564	0.119414816854	0.754815335116
-tol	0.139836795252	0.841617210683	0.00741839762612	0.0111275964392
-nas	0.230079506258	0.144416448256	0.0296522514032	0.595851794082
-biv	0.276997467188	0.697098779646	0.0146787934607	0.0112249597053
-sañ	0.012099921936	0.967993754879	0.0134270101483	0.00647931303669
-iur	0.00173410404624	0.901156069364	0.0	0.0971098265896
-mao	0.343201967297	0.240332504251	0.242794834368	0.173670694085
-276	0.460093896714	0.230046948357	0.140845070422	0.169014084507
-ñaz	0.226434965771	0.510268562401	0.221169036335	0.0421274354923
-pim	0.0276122264048	0.00928557865707	0.00453170928215	0.958570485656
-sto	0.00912239742805	0.965255664421	0.0011252296387	0.0244967085119
-nim	0.073350349502	0.0549340293694	0.0241419640924	0.847573657036
-toñ	0.000605632963352	0.965478921089	0.0339154459477	0.0
-toi	0.242063281042	0.164397766551	0.0222813081627	0.571257644244
-sta	0.0461538461539	0.830769230769	0.107692307692	0.0153846153846
-ñeñ	0.201856199571	0.594315064707	0.0541420079263	0.149686727796
-roñ	0.341784262138	0.323367615403	0.191341784262	0.143506338197
-pir	0.0680272108843	0.844885123861	0.0241945834938	0.062893081761
-apu	0.193747964832	0.662976229241	0.109084988603	0.0341908173233
-isa	0.0759205053151	0.904524213013	0.0120782622092	0.00747701946284
-200	0.0103033772181	0.170005724098	0.033199771036	0.786491127647
-tik	0.648500959976	0.33894550288	0.00479988184906	0.00775365529464
-hau	0.0190476190476	0.980952380952	0.0	0.0
-loñ	0.190262420971	0.671165449349	0.0486445913565	0.0899275383238
-leh	0.534391534391	0.37037037037	0.0634920634921	0.031746031746
-lei	0.587619781914	0.199361163124	0.0506663729486	0.162352682013
-itü	0.260488999823	0.567006704169	0.0723840353257	0.100120260681
-lek	0.578754578755	0.406593406593	0.0	0.014652014652
-ois	0.102564102564	0.846153846154	0.0512820512821	0.0
-ion	0.046354223832	0.868400834157	0.0389638898035	0.046281052208
-leo	0.131741821397	0.727674624226	0.131741821397	0.00884173297967
-mun	0.0530616849257	0.0323255191882	0.0552774741214	0.859335321765
-mui	0.880952380952	0.119047619048	0.0	0.0
-oiz	0.541015625	0.259765625	0.02734375	0.171875
-leg	0.481931964623	0.138083217117	0.107507899801	0.27247691846
-itï	0.279878481478	0.383238612444	0.0970580088961	0.239824897182
-lez	0.429553264605	0.3264604811	0.202749140893	0.0412371134021
-tiu	0.375465849814	0.316677073329	0.159347936261	0.148509140596
-oir	0.195551311714	0.362052713406	0.372678639196	0.0697173356838
-lep	0.191715976331	0.727218934911	0.0639053254438	0.0171597633136
-oin	0.410782421983	0.340258534391	0.0684637369971	0.180495306629
-ler	0.346260387812	0.589631974674	0.0641076375148	0.0
-les	0.137931034483	0.264367816092	0.528735632184	0.0689655172414
-oik	0.214285714286	0.535714285714	0.25	0.0
-muz	0.183577449191	0.277323755151	0.479767680901	0.0593311147574
-eem	0.1	0.55	0.1	0.25
-eel	0.140478668054	0.330905306972	0.528616024974	0.0
-ñiv	0.469362928371	0.145185556526	0.0146572871773	0.370794227926
-vok	0.260355480053	0.455181046881	0.0755622177144	0.208901255352
-giz	0.341485822905	0.354791699667	0.058450815777	0.245271661651
-eek	0.240399822286	0.477265325979	0.0384058438022	0.243929007933
-sao	0.173285198556	0.768953068592	0.057761732852	0.0
-eeg	0.589730554143	0.271987798678	0.0	0.138281647178
-git	0.28828260502	0.500826450139	0.088521031049	0.122369913792
-gis	0.467285179968	0.390634866663	0.0473599844562	0.0947199689124
-gir	0.120693344746	0.78942863257	0.0898780226835	0.0
-gip	0.159078607085	0.693570698262	0.0878089853852	0.059541709268
-gin	0.381047115108	0.28215195787	0.127328693136	0.209472233885
-gim	0.841150333251	0.14403850901	0.0148111577388	0.0
-gil	0.4422266303	0.41953880486	0.125216960079	0.0130176047607
-sam	0.0	1.0	0.0	0.0
-ali	0.00706713780917	0.978798586572	0.0141342756184	0.0
-nda	0.020979020979	0.979020979021	0.0	0.0
-eet	0.445978725768	0.210778486827	0.0583175899446	0.28492519746
--en	0.626145387905	0.238240684178	0.0806353084912	0.0549786194258
-nde	0.00650759219088	0.895878524946	0.056399132321	0.0412147505423
-eeh	0.433887105467	0.229514726902	0.0302270543853	0.306371113246
-ala	0.0	1.0	0.0	0.0
-ñig	0.458689458689	0.364672364672	0.037037037037	0.139601139601
-120	0.0307692307692	0.4	0.0	0.569230769231
-abü	0.13045368894	0.596608204088	0.101463980287	0.171474126685
-ñin	0.473114303405	0.260000732569	0.0869973604145	0.179887603611
-ñik	0.17755807903	0.561980772145	0.067350555993	0.193110592832
-ñit	0.39116202946	0.41325695581	0.0736497545009	0.121931260229
-rut	0.28170894526	0.606141522029	0.0801068090788	0.0320427236315
-ñer	0.56570155902	0.380846325167	0.0267260579064	0.0267260579065
-ñip	0.235676479555	0.620700153096	0.0544568660557	0.089166501293
-ñis	0.780537368154	0.211256097171	0.00671443746157	0.00149209721369
-ñir	0.19920939009	0.62548259826	0.1065198886	0.0687881230508
-iem	0.0	1.0	0.0	0.0
-ñiz	0.241895248366	0.477642720984	0.0968425187593	0.183619511892
-pee	0.339388818476	0.528235459794	0.0901281509646	0.0422475707647
-vañ	0.362453370058	0.528345656563	0.109200973379	0.0
-loh	0.841017488076	0.0516693163752	0.0834658187599	0.0238473767885
-orü	0.730444242974	0.231659111514	0.0237533998187	0.0141432456936
-pel	0.171502218215	0.452264790578	0.216640649258	0.15959234195
-pen	0.101167315175	0.84046692607	0.0	0.0583657587549
-loi	0.0237011956407	0.949634959264	0.0	0.0266638450957
