-ua'	0.574038665817	0.193541533886	0.129169322286	0.103250478011
-'af	0.00843204945342	0.93957031225	0.0351335393893	0.0168640989069
-eus	0.0	0.986963606735	0.00651819663227	0.00651819663228
-yet	0.760613184298	0.11275600364	0.025916850246	0.100713961816
-hem	0.030303030303	0.965367965368	0.0	0.004329004329
-'ul	0.494203477913	0.40035978413	0.0424745152908	0.0629622226664
-lek	0.0183704818333	0.940186212734	0.0134173485062	0.0280259569266
-ive	0.0	0.988483685221	0.0115163147793	0.0
-euk	0.0158658883401	0.94372099985	0.0125729681185	0.0278401436911
-aan	0.14035404479	0.541292468354	0.0862833337703	0.232070153085
-mua	0.258933479934	0.324079164376	0.226498075866	0.190489279824
-eug	0.0858814647036	0.600226500566	0.169686674217	0.144205360513
-lem	0.0732782752557	0.438174931565	0.0582346826124	0.430312110567
-aus	0.233082706767	0.766917293233	0.0	0.0
-auu	0.0520833333333	0.875	0.0	0.0729166666667
-oya	0.168857583576	0.584408315929	0.191108016981	0.0556260835142
-din	0.24115904589	0.4116018229	0.0975192810282	0.249719850182
-ius	0.0614896988907	0.888431061807	0.0171156893819	0.0329635499208
-zin	0.0	1.0	0.0	0.0
-nsi	0.575431034483	0.266163793103	0.102370689655	0.0560344827586
-aug	0.0933436631149	0.867332736352	0.0221855537333	0.0171380467993
-nse	0.347905282331	0.635701275046	0.0163934426229	0.0
-auk	0.13381822863	0.727407312049	0.0892121524202	0.0495623069001
-aul	0.0206317886038	0.938899472994	0.00587624019595	0.0345924982062
-zia	0.0	1.0	0.0	0.0
-nti	0.158033362599	0.462686567164	0.284460052678	0.0948200175592
-puu	0.346943592164	0.628274722681	0.0	0.0247816851546
-anp	0.0190812720848	0.963250883392	0.0134275618374	0.00424028268552
-ŋid	0.568313716377	0.258974547427	0.0440870606783	0.128624675518
-kiŋ	0.413076321011	0.273303118004	0.134148783196	0.17947177779
-zuŋ	0.123971797885	0.703290246768	0.155111633373	0.0176263219741
-uak	0.586637962669	0.301807862612	0.0645839958901	0.0469701788292
-nte	0.181818181818	0.787878787879	0.0	0.030303030303
-kia	0.393313806117	0.583028220582	0.0236579733003	0.0
-ŋim	0.380988553449	0.206578589462	0.0959416098534	0.316491247235
-pud	0.676655567888	0.216796152423	0.0266370699223	0.0799112097669
-ŋir	0.128449226364	0.650242525039	0.102021134882	0.119287113714
-uas	0.0537477148081	0.86508226691	0.0592321755027	0.0219378427788
-apa	0.196326789107	0.526599113363	0.00870804306525	0.268366054465
-pal	0.0126582278481	0.943037974684	0.0316455696203	0.0126582278481
-pun	0.533588752882	0.0367219714926	0.0238968797688	0.405792395857
-ifo	0.131707317073	0.809756097561	0.0	0.0585365853659
-nam	0.077434558378	0.407457877959	0.0701220689946	0.444985494669
-'is	0.587993261445	0.21325042116	0.0237557351468	0.175000582248
-'ir	0.235844389476	0.701821452665	0.0253654148864	0.0369687429728
-nmi	0.636256549819	0.31504122832	0.0120638531216	0.0366383687396
-'in	0.743134247118	0.129051412737	0.01529021723	0.112524122916
-'im	0.489477451682	0.381102362205	0.0667143879742	0.0627057981389
-'il	0.718575580914	0.146868116398	0.0168104804651	0.117745822223
-ŋen	0.182410423453	0.241042345277	0.0957654723127	0.480781758958
-'ig	0.184972794725	0.459119256489	0.0361162599607	0.319791688825
-zi'	0.716792343634	0.0215533684507	0.0195756779783	0.242078609937
-'id	0.387279459813	0.448050533653	0.075473752995	0.0891962535396
-kii	0.35761789601	0.0320435308344	0.0507859733978	0.559552599758
-'ia	0.0597014925373	0.432835820896	0.358208955224	0.149253731343
-dea	0.148148148148	0.851851851852	0.0	0.0
-api	0.0844139955958	0.502079765109	0.1419133839	0.271592855395
-dee	0.0424456796362	0.956038403234	0.0	0.00151591712986
-bba	0.0978260869565	0.0326086956522	0.847826086957	0.0217391304348
-dek	0.0212201591512	0.968169761273	0.00795755968169	0.00265251989389
-del	0.545454545455	0.424242424242	0.030303030303	0.0
-ima	0.15002651354	0.65040634989	0.132916895514	0.0666502410559
-beŋ	0.0437130367704	0.938287477501	0.017999485729	0.0
-oko	0.102272727273	0.897727272727	0.0	0.0
-des	0.0606060606061	0.812834224599	0.126559714795	0.0
-oki	0.555347578183	0.172637217071	0.0384438173127	0.233571387433
-aka	0.0950166112957	0.820598006645	0.0159468438538	0.068438538206
-fut	0.0352941176471	0.882352941176	0.0823529411765	0.0
-imi	0.52922917496	0.329784910606	0.067664536094	0.0733213783397
-vin	0.110970996217	0.858764186633	0.0113493064313	0.0189155107188
-kil	0.0	0.626373626374	0.373626373626	0.0
-imm	0.14	0.08	0.0	0.78
-yaŋ	0.473288690476	0.183110119048	0.176190476191	0.167410714286
-sik	0.49550026469	0.466384330334	0.0381154049762	0.0
-lla	0.0357142857143	0.660714285714	0.0	0.303571428571
-obi	0.787065026362	0.136168717047	0.0388049209139	0.0379613356766
-bir	0.0899337194003	0.835623018489	0.043931755328	0.0305115067826
-bis	0.696721672902	0.213314963723	0.0468052633778	0.0431580999977
-lle	0.16563876652	0.337836514929	0.133920704846	0.362604013705
-idi	0.45105798089	0.378984138728	0.066150397123	0.103807483259
-yo'	0.835808001728	0.105879812105	0.0	0.0583121861671
-lli	0.378225468479	0.255073938813	0.0597198108124	0.306980781895
-oba	0.0467620140142	0.889658054651	0.0201165535434	0.0434633777917
-iru	0.0245901639344	0.955737704918	0.0196721311475	0.0
-ida	0.145447396145	0.427699947285	0.226740369974	0.200112286596
-big	0.358346699429	0.441677415801	0.128985415491	0.070990469278
-bid	0.347247807107	0.43165224654	0.0945206452989	0.126579301054
-bie	0.0519630484988	0.844110854504	0.103926096998	0.0
-bia	0.0457142857143	0.942857142857	0.0	0.0114285714286
-bin	0.371869693825	0.434749026274	0.038416226726	0.154965053175
-bil	0.168749105543	0.71196763962	0.0852993294284	0.0339839254091
-bim	0.395069953364	0.510992671552	0.0659560293138	0.0279813457695
-moŋ	0.5810546875	0.3505859375	0.0546875	0.013671875
-obu	0.0115555772945	0.0254796481686	0.261926418674	0.701038355863
-nik	0.0571428571429	0.761904761905	0.109523809524	0.0714285714285
-rig	0.152324884879	0.667232912782	0.136601025795	0.043841176544
-rid	0.795855645781	0.143909300612	0.043670413865	0.0165646397419
-uta	0.179491718296	0.747528132507	0.0473384751548	0.0256416740422
-rib	0.095238095238	0.855158730159	0.0436507936508	0.00595238095238
-sim	0.250045908387	0.543230475953	0.154919350878	0.0518042647823
-ria	0.27849703477	0.6426938584	0.0343170150199	0.0444920918103
-rin	0.192116405479	0.684324731009	0.0415080557113	0.0820508078013
-ka'	0.125699704777	0.0947394018732	0.0735982609367	0.705962632413
-bbi	0.241610738255	0.51677852349	0.0	0.241610738255
-rim	0.113022113022	0.857493857494	0.0	0.029484029484
-eeb	0.252742012399	0.586552217454	0.0429184549357	0.117787315212
-rii	0.0654375486887	0.672812256557	0.191465420237	0.0702847745174
-tea	0.0245901639345	0.967213114754	0.0	0.00819672131148
-een	0.142166404864	0.614226242664	0.162630777728	0.0809765747437
-ris	0.0496706702828	0.826423866718	0.118326230143	0.00557923285548
-sib	0.341129032258	0.524193548387	0.0362903225806	0.0983870967742
-a'a	0.145778870603	0.0607573704378	0.0206044505875	0.772859308372
-wam	0.0443295160694	0.943479867011	0.00664942741042	0.00554118950868
-a'e	0.684027777778	0.184678819444	0.01953125	0.111762152778
-teo	0.00388601036269	0.996113989637	0.0	0.0
-ard	0.220472440945	0.708661417323	0.0314960629921	0.0393700787402
-are	0.10862197857	0.380712683778	0.361242628125	0.149422709527
-e'e	0.585512664368	0.167585806721	0.0674848665263	0.179416662385
-pas	0.0645161290323	0.817204301075	0.112903225806	0.00537634408602
-ara	0.233378301136	0.632602476429	0.101092085888	0.0329271365465
-mes	0.0	0.999088284455	0.000911715544749	0.0
-aro	0.0189393939394	0.973484848485	0.00757575757575	0.0
-lut	0.5	0.345705967977	0.0742358078602	0.080058224163
-luu	0.68025477707	0.247133757962	0.0458598726114	0.0267515923567
-nak	0.229166666667	0.25	0.520833333333	0.0
-mee	0.696170017503	0.247375472483	0.019636351309	0.0368181587044
-bi'	0.285071942446	0.0836330935252	0.598920863309	0.0323741007195
-mea	0.0	1.0	0.0	0.0
-lum	0.253285500158	0.579726465571	0.0854442423536	0.081543791918
-lun	0.0368852459016	0.963114754098	0.0	0.0
-eed	0.347094296954	0.496742311493	0.105381247223	0.0507821443308
-lua	0.10628342246	0.864304812834	0.00802139037434	0.0213903743315
-lub	0.687087653158	0.247879359095	0.0226201696513	0.0424128180961
-men	0.0428219106321	0.148920160649	0.100406111508	0.70785181721
-mek	0.0	1.0	0.0	0.0
-lug	0.193908846397	0.670002602967	0.064011731959	0.0720768186768
-nwa	0.103470588537	0.09742905519	0.0332467722259	0.765853584047
-aya	0.0529309527572	0.928582714489	0.0134302417443	0.00505609100964
-ayi	0.0328201922326	0.0472097254937	0.0985722100045	0.821397872269
-ent	0.323825789923	0.436379163109	0.215200683177	0.0245943637916
-gir	0.295925410293	0.600061674368	0.0709101050732	0.0331028102651
-num	0.0589075330239	0.926097822206	0.00856836843985	0.00642627632989
-ziŋ	0.046943730952	0.935985821429	0.00853522380945	0.00853522380947
-auŋ	0.0825584692095	0.848986380669	0.011857336836	0.0565978132857
-vum	0.366003882975	0.458258017005	0.114480819442	0.0612572805784
-vip	0.866177818515	0.0348304307974	0.0659945004583	0.0329972502291
-mor	0.75030601817	0.0253892135823	0.0184707882743	0.205833979974
-goo	0.267662549946	0.224754812931	0.0694696694515	0.438112967672
-ruŋ	0.188902642993	0.773980175192	0.0140134370246	0.023103744791
-gon	0.0601234322118	0.918375472825	0.0143340633088	0.00716703165439
-fuu	0.73275862069	0.129310344828	0.0344827586207	0.103448275862
-na'	0.0797035274683	0.468257829798	0.0308641650965	0.421174477637
-ubi	0.207692307692	0.676923076923	0.0692307692308	0.0461538461539
-puŋ	0.0497979402947	0.628861947595	0.0998566027898	0.221483509321
-euŋ	0.0956655288769	0.560778687653	0.208935898043	0.134619885428
-ubo	0.53947368421	0.355263157895	0.0526315789474	0.0526315789474
-nta	0.36496350365	0.569343065693	0.043795620438	0.021897810219
-gik	0.23983459683	0.126119917298	0.576154376292	0.0578911095796
-kem	0.554373584771	0.420517208189	0.00762702875942	0.01748217828
-ŋne	0.526526972804	0.213107445386	0.0468123049488	0.213553276861
-ota	0.0	0.990950226244	0.00904977375566	0.0
-ŋur	0.223880597015	0.716417910448	0.0298507462687	0.0298507462687
-oti	0.273407454024	0.625620585973	0.0720229354591	0.0289490245437
-liŋ	0.153797630779	0.648574199937	0.175590094142	0.0220380751421
-oam	0.0093896713615	0.93896713615	0.0	0.0516431924882
-oto	0.161792010413	0.304404417817	0.0330666309362	0.500736940834
-ume	0.435508345979	0.459787556904	0.0682852807283	0.0364188163885
-nda	0.163238833283	0.741907704092	0.0742924126426	0.0205610499821
-uma	0.184259983191	0.540948138344	0.181023203205	0.0937686752603
-end	0.430268367796	0.377034755829	0.130664320282	0.0620325560933
-zig	0.810975609756	0.164634146341	0.0121951219512	0.0121951219512
-umm	0.20253164557	0.479065238559	0.0175267770205	0.300876338851
-ŋun	0.24043715847	0.51912568306	0.16393442623	0.0765027322404
-umi	0.814403650094	0.0972487330188	0.013614264299	0.0747333525886
-akn	0.868613138686	0.118613138686	0.0	0.0127737226277
ALL	0.268091165438	0.364547149734	0.0678382784157	0.299523406412
-zua	0.0364077669903	0.92354368932	0.0194174757281	0.0206310679612
-nan	0.219504467398	0.107365397208	0.0330355068331	0.640094628562
-zug	0.0454888915847	0.160193846132	0.011174526266	0.783142736017
-aki	0.621067631017	0.156691131902	0.0915192175061	0.130722019575
-kid	0.397299700012	0.30518829437	0.208489788628	0.0890222169902
-sis	0.0	1.0	0.0	0.0
-sir	0.111328654478	0.694659477695	0.0413867887587	0.152625079069
-ake	0.710070108703	0.195866303647	0.0386863998728	0.0553771877778
-naa	0.395101838802	0.368713060751	0.0526420394425	0.183543061005
-kin	0.0849317799725	0.832868620477	0.0595615331976	0.022638066353
-kim	0.427372052904	0.475100632547	0.0342725704428	0.0632547441058
-nsa	0.117839607201	0.847790507365	0.0196399345335	0.0147299509002
-kis	0.626027033528	0.119649484101	0.109855705403	0.144467776968
-kir	0.338915900021	0.550821226202	0.0417256163685	0.0685372574085
-sii	0.0224570673712	0.964332892999	0.00792602377809	0.00528401585205
-mod	0.129032258065	0.435483870968	0.435483870968	0.0
-sin	0.294653686746	0.475617809946	0.0748866285494	0.154841874759
-zut	0.10660091047	0.60091047041	0.0735963581183	0.218892261001
-zuu	0.65675853178	0.334484687796	0.00875678042373	0.0
-nar	0.185812673665	0.0958741931647	0.346087727455	0.372225405715
-nas	0.0321888412017	0.935622317597	0.0171673819742	0.0150214592275
-sia	0.0158894097084	0.974219432748	0.00512433463096	0.00476682291252
-ala	0.115482017551	0.115266010253	0.0862934550689	0.682958517127
-sig	0.296599574947	0.217759362777	0.0425053131642	0.443135749111
-sie	0.474551522737	0.130684188569	0.313412599082	0.081351689612
-sid	0.516476765867	0.231153507093	0.0681870019104	0.184182725129
-uaa	0.589193944164	0.354414556229	0.0213898791611	0.0350016204454
-mot	0.783783783784	0.027027027027	0.189189189189	0.0
-mos	0.025069637883	0.966573816156	0.00835654596102	0.0
-gol	0.0651583710407	0.44419306184	0.111915535445	0.378733031674
-wum	0.939400656937	0.0447407742136	0.00153470021123	0.0143238686382
-naŋ	0.193303736589	0.70495745468	0.0101738808731	0.0915649278579
-wug	0.719298245614	0.19298245614	0.0701754385965	0.0175438596491
-gog	0.0377358490566	0.943396226415	0.0188679245283	0.0
-ale	0.147073903615	0.0883519729884	0.141267604468	0.623306518928
-lki	0.0	1.0	0.0	0.0
-moo	0.272058823529	0.375	0.264705882353	0.0882352941176
-mon	0.00529364379147	0.993785722506	0.000690475277149	0.000230158425717
-gos	0.724016026396	0.0853169926938	0.00919160971012	0.1814753712
-gor	0.0857142857143	0.785714285714	0.128571428571	0.0
-biŋ	0.0343935925493	0.917231497702	0.016332059082	0.0320428506663
-wuu	0.0720518125394	0.0309477837211	0.0178021927448	0.879198210995
-u'u	0.534440460464	0.305718060011	0.113795055671	0.0460464238535
-ber	0.0	1.0	0.0	0.0
-bes	0.620689655173	0.344827586207	0.0	0.0344827586207
-deŋ	0.47462406015	0.0610902255639	0.186090225564	0.278195488722
-mfa	0.0	1.0	0.0	0.0
-bet	0.0215123859192	0.969361147327	0.0	0.00912646675359
-nus	0.0280112044818	0.963585434174	0.00840336134454	0.0
-eon	0.086642599278	0.89440433213	0.00812274368231	0.0108303249097
-u'e	0.338355040909	0.201421569585	0.305988947687	0.154234441819
-bei	0.387027027027	0.285405405405	0.212612612613	0.114954954955
-yaa	0.159088295853	0.12065080812	0.0399488387365	0.68031205729
-bel	0.041795439415	0.953560622872	0.0	0.00464393771278
-u'o	0.466666666667	0.0592592592593	0.385185185185	0.0888888888888
-yan	0.0804375375175	0.398052424465	0.493296871874	0.0282131661442
-bed	0.279069767442	0.720930232558	0.0	0.0
-bee	0.0884719210309	0.0404825512534	0.00704943022442	0.863996097491
-ren	0.180721833326	0.603298945005	0.0215092243346	0.194469997334
-uga	0.1213815146	0.610314278989	0.0943433760705	0.173960830341
-isi	0.529556253237	0.0990334415174	0.0206602093543	0.350750095892
-rem	0.783885407341	0.141987466428	0.00859444941808	0.0655326768129
-ise	0.0725085308869	0.819001000279	0.0723643575064	0.0361261113275
-rea	0.0329181494662	0.928825622776	0.0346975088968	0.00355871886121
-ref	0.0185185185185	0.638888888889	0.0555555555555	0.287037037037
-isa	0.0892067718615	0.777653557894	0.0757757355826	0.0573639346616
-ŋin	0.177903834864	0.394651950888	0.0184659792182	0.40897823503
-rez	0.0	1.0	0.0	0.0
-eve	0.0498270749443	0.927175813543	0.0	0.0229971115127
-'ab	0.0560650254427	0.867369180286	0.0351124708717	0.0414533233993
-luŋ	0.18003276047	0.660531094085	0.0940606548446	0.0653754906012
-eva	0.0	0.862068965517	0.0689655172414	0.0689655172414
-lus	0.0583333333334	0.9125	0.01875	0.0104166666667
-res	0.0804597701149	0.833333333333	0.051724137931	0.0344827586207
-tod	0.861111111111	0.0833333333333	0.0277777777778	0.0277777777778
-rew	0.00279459711225	0.997205402888	0.0	0.0
-ret	0.0213485137446	0.970253382191	0.00359918745617	0.00479891660822
-reu	0.0	1.0	0.0	0.0
-siŋ	0.203140528722	0.551977738024	0.207910952097	0.0369707811568
-hab	0.0275862068965	0.972413793103	0.0	0.0
-nub	0.247564469914	0.381088825215	0.2888252149	0.0825214899713
-i'e	0.715992298271	0.103007497231	0.0231874246544	0.157812779843
-ame	0.123011585714	0.0921438012182	0.0293706947884	0.75547391828
-mas	0.0317940953823	0.968205904618	0.0	0.0
-ena	0.814465573583	0.11351619142	0.00839581566838	0.0636224193287
-ham	0.0219491828701	0.934947711639	0.0334009304545	0.00970217503678
-mak	0.670411985019	0.204601391118	0.0466559657571	0.0783306581059
-mam	0.13542107015	0.034141980321	0.00290725990421	0.827529689625
-ye'	0.716177861873	0.0927152317881	0.13339640492	0.0577105014191
-soŋ	0.0430622009569	0.913875598086	0.0430622009569	0.0
-man	0.0969099795061	0.0272976730703	0.00258278318245	0.873209564241
-maa	0.0381857977656	0.0472581145851	0.0121456619612	0.902410425688
-haz	0.0	1.0	0.0	0.0
-teŋ	0.0594551606821	0.778837119328	0.0201428422287	0.141564877761
-mad	0.398324447829	0.46458492003	0.09139375476	0.04569687738
-ega	0.0749079842905	0.905845824851	0.0108568256122	0.00838936524582
-unl	0.28275862069	0.468965517241	0.227586206897	0.0206896551724
-unn	0.0625449317039	0.90294751977	0.00431344356578	0.0301941049605
-uni	0.697647058824	0.150588235294	0.123529411765	0.0282352941177
-und	0.196261682243	0.726635514019	0.0	0.0771028037383
-une	0.319426569465	0.187153534832	0.0717489264927	0.42167096921
-unf	0.273633861288	0.370560895266	0.180361897026	0.175443346419
-ung	0.056588739708	0.655914444764	0.0627679699061	0.224728845622
-una	0.0649790251643	0.769146248151	0.143118359223	0.0227563674626
-in'	0.700886415172	0.268192125335	0.0247371675943	0.00618429189856
-bu'	0.884780499309	0.0860509128022	0.0214926437079	0.00767594418139
-unt	0.0144883791126	0.971023241775	0.00724418955628	0.00724418955633
-nki	0.692061645827	0.228719850994	0.0247557822434	0.0544627209355
-unr	0.324181626188	0.425818373812	0.158526927138	0.0914730728616
-uns	0.948275862069	0.0421455938697	0.0	0.0095785440613
-nla	0.135624264097	0.611879115608	0.245955257076	0.00654136322009
-ia'	0.496347402597	0.248376623377	0.179788961039	0.075487012987
-ade	0.434215605102	0.280954892468	0.18814988111	0.0966796213195
-tra	0.0	1.0	0.0	0.0
-gaa	0.292573143286	0.319579894974	0.0232558139535	0.364591147787
-snu	0.0159277940005	0.217768339085	0.0	0.766303866914
-nli	0.29746652109	0.671784130662	0.0160431382161	0.0147062100314
-gam	0.8356545961	0.1643454039	0.0	0.0
-dan	0.015444015444	0.984555984556	0.0	0.0
-en'	0.511741989354	0.0419841352677	0.00913265838638	0.437141216992
-gai	0.0	1.0	0.0	0.0
-adi	0.539908480631	0.216427359465	0.095304389554	0.148359770351
-iko	0.00589970501475	0.994100294985	0.0	0.0
-uŋa	0.156514886243	0.165134533666	0.227397493362	0.450953086729
-noŋ	0.617210491614	0.129987295563	0.206380093166	0.0464221196576
-'el	0.213703154866	0.394165341294	0.0422676239062	0.349863879933
-aaŋ	0.0944007225229	0.808479814145	0.0717445491174	0.0253749142142
-aat	0.0	1.0	0.0	0.0
-ne'	0.318611339359	0.243015612161	0.0357436318817	0.402629416598
-uŋi	0.531188488427	0.305029525555	0.0508382542591	0.112943731759
-uŋo	0.284420438498	0.373005402417	0.259594581172	0.0829795779118
-ini	0.281471045605	0.587320071599	0.0570152279569	0.0741936548391
-ieŋ	0.106382978723	0.893617021277	0.0	0.0
-wen	0.165719440686	0.142444745151	0.0312133513757	0.660622462788
-sek	0.0	1.0	0.0	0.0
-u'a	0.431564945873	0.454637718649	0.0316958522477	0.0821014832304
-inn	0.223333333333	0.436666666667	0.323333333333	0.0166666666667
-dab	0.0	1.0	0.0	0.0
-sef	0.0197754315401	0.96916373387	0.00452488687783	0.00653594771241
-see	0.0546925019988	0.467976058891	0.0228071237223	0.454524315388
-sed	0.503435352904	0.272121590672	0.0312304809494	0.193212575474
-ind	0.0	0.817204301075	0.182795698925	0.0
-ine	0.101824677351	0.111369211598	0.0343278319031	0.752478279148
-sea	0.0130151843818	0.952277657267	0.0303687635575	0.00433839479393
-ing	0.0940988835725	0.791068580542	0.105263157895	0.00956937799043
-eog	0.0804041418479	0.571469386342	0.311331209309	0.0367952625017
-aas	0.257230517589	0.56395889864	0.0826638244117	0.0961467593594
-foo	0.807142857143	0.0857142857143	0.0	0.107142857143
-int	0.0166551006246	0.920888272033	0.0541290770298	0.00832755031229
-ser	0.0	1.0	0.0	0.0
-kne	0.46096069869	0.128209606987	0.23231441048	0.178515283843
-ga'	0.512	0.392	0.064	0.032
-iad	0.490196078431	0.509803921569	0.0	0.0
-kuu	0.724943926337	0.235037185692	0.0120410813363	0.0279778066344
-oob	0.34765156842	0.486633055964	0.155193764465	0.0105216111502
-iaa	0.063829787234	0.787234042553	0.0212765957447	0.127659574468
-ood	0.534247082441	0.233170027241	0.0704765978753	0.162106292442
-oog	0.163415296183	0.638216691506	0.147225077024	0.0511429352869
-fua	0.029702970297	0.836633663366	0.118811881188	0.0148514851485
-fun	0.179486887454	0.0421159007022	0.0063574103598	0.772039801484
-fum	0.161201501877	0.525156445557	0.291113892365	0.0225281602002
-oom	0.258244246442	0.466646178829	0.151105542463	0.124004032266
-nes	0.0	0.927203065134	0.0498084291188	0.0229885057471
-iak	0.690201166757	0.144493045243	0.0545703053065	0.110735482694
-oon	0.244553834274	0.705899007448	0.0392516448691	0.0102955134083
-'uŋ	0.145097793314	0.664596395295	0.107147435002	0.0831583763895
-oos	0.258479374708	0.302485805016	0.393302026497	0.0457327937787
-oor	0.244233567064	0.469152404156	0.0328066197063	0.253807409074
-ma'	0.596261427207	0.187474416701	0.0998772001638	0.116386955929
-kua	0.554313783227	0.335265144417	0.0242926359183	0.0861284364377
-nei	0.316542644534	0.24270177447	0.176302232398	0.264453348598
-saŋ	0.0985221674877	0.165845648604	0.732348111659	0.00328407224959
-kun	0.164325922556	0.707170068801	0.0392335247626	0.0892704838801
-kum	0.374881323749	0.462633934626	0.0980604909806	0.0644242506442
-nee	0.240826427303	0.296843966566	0.0934091760332	0.368920430098
-kuk	0.493421052632	0.481907894737	0.00493421052631	0.0197368421052
-pen	0.324039978958	0.207259337191	0.0299842188322	0.438716465018
-ban	0.127283499671	0.0772228231552	0.0154163935808	0.780077283593
-eka	0.349352912425	0.583175723059	0.0470705739847	0.0204007905306
-uun	0.484030570352	0.439543550119	0.0555824578394	0.0208434216898
-aak	0.0314710042433	0.945426685526	0.00895803866101	0.01414427157
-uuk	0.0128205128205	0.948717948718	0.0	0.0384615384615
-uue	0.28125	0.0133928571428	0.678571428571	0.0267857142857
-uud	0.261720723732	0.59741570549	0.123724430332	0.0171391404469
-uug	0.169754051971	0.596946552945	0.155324370981	0.0779750241028
-las	0.133775189454	0.616852262482	0.0343575623188	0.215014985745
-baa	0.122222166688	0.147455503503	0.0277589327733	0.702563397036
-hor	0.0	1.0	0.0	0.0
-aad	0.141015206912	0.157945242487	0.184910515906	0.516129034695
-bas	0.426975783615	0.226689013078	0.0202088999621	0.326126303345
-job	0.0	1.0	0.0	0.0
-uur	0.313131313131	0.55303030303	0.100288600289	0.0335497835498
-zol	0.362848333236	0.534527895747	0.102623771016	0.0
-zom	0.474227406953	0.406484811274	0.0877116042452	0.0315761775283
-ase	0.293701119577	0.268527198024	0.10145876931	0.336312913088
-nya	0.286921192504	0.518270144066	0.0536361465602	0.14117251687
-rel	0.018691588785	0.981308411215	0.0	0.0
-asa	0.179440437505	0.282793056987	0.177221209479	0.360545296029
-nye	0.912114546476	0.0208333929254	0.00334192412831	0.0637101364706
-ias	0.0126679462572	0.95380678183	0.0312220089572	0.00230326295586
-asi	0.325914601982	0.305522741125	0.0733944401668	0.295168216726
-yei	0.113415632575	0.106271972774	0.00931083749377	0.771001557157
-yem	0.711943793911	0.0351288056206	0.0983606557377	0.154566744731
-yel	0.913388422414	0.0224394191799	0.00229079362767	0.061881364778
-zot	0.366749891322	0.207281740116	0.333882600888	0.0920857676736
-lta	0.337078651685	0.662921348315	0.0	0.0
-yee	0.798594221136	0.079738345332	0.0242174119649	0.097450021567
-po'	0.84	0.14	0.0	0.02
-zor	0.0	1.0	0.0	0.0
-ihi	0.0	0.96	0.04	0.0
-ba'	0.00778452289651	0.980852011556	0.00525981276791	0.00610365277992
-gur	0.359469681227	0.274419184573	0.0546111965421	0.311499937658
-ras	0.0	1.0	0.0	0.0
-ran	0.126506024096	0.873493975904	0.0	0.0
-eri	0.00101351351351	0.950788288288	0.0	0.0481981981982
-ral	0.0	0.636363636364	0.327272727273	0.0363636363636
-ram	0.0	1.0	0.0	0.0
-red	0.0	1.0	0.0	0.0
-rah	0.0	1.0	0.0	0.0
-pak	0.581988853036	0.232032854209	0.154297447932	0.0316808448225
-era	0.0	1.0	0.0	0.0
-ree	0.252368350401	0.364604507856	0.219256190951	0.163770950792
-ere	0.262120327103	0.376054646937	0.158521547248	0.203303478712
-mo'	0.539845758355	0.357326478149	0.0	0.102827763496
-ugu	0.331677018633	0.489440993789	0.130434782609	0.048447204969
-iya	0.309749047431	0.357377479963	0.145644461963	0.187229010643
-zo'	0.0803571428572	0.294642857143	0.0267857142857	0.598214285714
-uge	0.16679226325	0.211253453906	0.104747550867	0.517206731977
-poi	0.0200751957504	0.02738781001	0.0677451622918	0.884791831948
-'aa	0.0972293447259	0.175033962665	0.0875924539211	0.640144238688
-nri	0.615254524937	0.254274833934	0.0283450594145	0.102125581714
-zal	0.59375	0.0625	0.28125	0.0625
-ugo	0.112555188251	0.123918507742	0.0306011581085	0.732925145899
-nre	0.262760875031	0.375995306345	0.202832956165	0.158410862459
-aza	0.046332046332	0.907335907336	0.0	0.046332046332
-ugi	0.598517206542	0.216430937248	0.0637236722636	0.121328183946
-vaa	0.269428485032	0.730571514968	0.0	0.0
-ike	0.157894736842	0.813157894737	0.028947368421	0.0
-'al	0.540468233538	0.199420572175	0.063509264754	0.196601929533
-laa	0.235063477081	0.122967684253	0.0346486118273	0.607320226839
-ika	0.0815779058006	0.855827726227	0.0400193500154	0.0225750179574
-lal	0.0721343873517	0.0925559947299	0.0938735177866	0.741436100132
-lam	0.0	1.0	0.0	0.0
-nor	0.0	1.0	0.0	0.0
-nos	0.0131868131868	0.973626373626	0.0131868131868	0.0
-gaŋ	0.737573402922	0.120477935366	0.0346545056805	0.107294156031
-oum	0.0	0.853146853147	0.0	0.146853146853
-lak	0.564900991168	0.128355179339	0.0949059578052	0.211837871688
-lat	0.0	0.890909090909	0.109090909091	0.0
-aal	0.355770856919	0.376801315817	0.123611977109	0.143815850155
-rak	0.0	1.0	0.0	0.0
-fos	0.0361445783132	0.963855421687	0.0	0.0
-sa'	0.536205316224	0.436296975252	0.0274977085243	0.0
-non	0.0	0.958333333333	0.0416666666667	0.0
-noo	0.616203879802	0.17839482693	0.171167744389	0.0342335488779
-aae	0.540160410089	0.106419784608	0.0211113790919	0.332308426212
-noa	0.0	1.0	0.0	0.0
-nob	0.496124031008	0.434108527132	0.062015503876	0.0077519379845
-aaf	0.109248913718	0.855369335816	0.0223463687151	0.0130353817505
-'os	0.791137270817	0.145718813074	0.0216989032197	0.04144501289
-aab	0.134696298196	0.788727089127	0.0387090569576	0.0378675557194
-gel	0.0	1.0	0.0	0.0
-boo	0.862745098039	0.0980392156863	0.0	0.0392156862745
-evi	0.0234899328859	0.958053691275	0.011744966443	0.00671140939597
-mya	0.497576736672	0.313408723748	0.0193861066236	0.169628432956
-meŋ	0.110513659127	0.110774472977	0.235803664834	0.542908203061
-bor	0.7	0.225	0.025	0.05
-don	0.0032414910859	0.996758508914	0.0	0.0
-ger	0.037037037037	0.888888888889	0.037037037037	0.037037037037
-dol	0.442174425141	0.145132490253	0.0387907148575	0.373902369749
-dom	0.00869278893645	0.991307211064	0.0	0.0
-dok	0.0	1.0	0.0	0.0
-sas	0.308943089431	0.365853658537	0.292682926829	0.0325203252033
-mpo	0.0386819484241	0.95558739255	0.0057306590258	0.0
-vor	0.0915492957746	0.843896713615	0.0575117370892	0.00704225352113
-toe	0.0521937367516	0.226692796864	0.548334199896	0.172779266488
-mia	0.0229299363057	0.96178343949	0.0152866242039	0.0
-sau	0.054054054054	0.923423423423	0.0225225225225	0.0
-haa	0.130434782609	0.5	0.0	0.369565217391
-'us	0.367757962914	0.595333155887	0.00865051903115	0.0282583621684
-'ur	0.217108569853	0.734207020634	0.0187202821775	0.0299641273357
-tol	0.304812834225	0.251336898396	0.0641711229947	0.379679144385
-taŋ	0.0470085470085	0.873563218391	0.0203359858532	0.0590922487474
-'uk	0.191450933173	0.657435279952	0.0415412402167	0.109572546659
-oli	0.637226291115	0.111672283622	0.0201786756538	0.230922749609
-saa	0.203349282297	0.637799043062	0.0401913875598	0.118660287081
-ibo	0.298291113265	0.584348448729	0.0715165169098	0.0458439210961
-voe	0.506874806161	0.318116701865	0.161569021282	0.0134394706916
-'um	0.137417345504	0.26448102364	0.381004319359	0.217097311498
-sad	0.114649681529	0.684713375796	0.0382165605096	0.162420382166
-ola	0.361228732004	0.300639002233	0.108091462006	0.230040803757
-'ug	0.434952120801	0.406261267042	0.0975647912198	0.0612218209372
-ole	0.266247379455	0.310272536688	0.288259958071	0.135220125786
-sam	0.396704654299	0.329619350014	0.151033612299	0.122642383388
-'ud	0.401672119229	0.371458507067	0.128295593046	0.0985737806573
-lon	0.0290444843407	0.917614203072	0.0393776181927	0.0139636943946
-loo	0.516160154366	0.242884708152	0.0622286541245	0.178726483357
-lom	0.121212121212	0.681818181818	0.19696969697	0.0
-iem	0.193887588616	0.364858722567	0.416966860012	0.024286828805
-iel	0.123330484845	0.462350582011	0.359267064547	0.0550518685973
-ien	0.290588388002	0.638068545111	0.0491324894596	0.022210577427
-nna	0.271719494593	0.0874707223545	0.0579276306984	0.582882152354
-ieb	0.71355707066	0.0883637910817	0.0277596172805	0.170319520978
-lob	0.706294532637	0.0483331218393	0.012735588868	0.232636756655
-ied	0.77441513555	0.0725171131845	0.0532275798371	0.0998401714287
-ief	0.337448559671	0.506172839506	0.106995884774	0.0493827160494
-rod	0.0191649555099	0.93607118412	0.0427104722792	0.00205338809035
-ime	0.675473865595	0.245574643622	0.061406715054	0.0175447757297
-lot	0.0632911392405	0.891139240506	0.0455696202532	0.0
-ier	0.294088443702	0.559351563497	0.0858699517288	0.0606900410715
-los	0.148200093502	0.843384759233	0.0	0.00841514726506
-anr	0.147409799242	0.0799171697318	0.637547381721	0.135125649305
-ipi	0.00522193211487	0.963446475196	0.00522193211488	0.0261096605744
-zoŋ	0.0505612493899	0.0939970717423	0.806246949732	0.0491947291362
-dda	0.322405847465	0.583033173607	0.0148247582196	0.0797362207085
-oke	0.693396226415	0.150943396226	0.0188679245283	0.13679245283
-la'	0.65889212828	0.241982507289	0.0932944606414	0.00583090379008
-iuŋ	0.00238379022646	0.386273341279	0.601807707588	0.00953516090585
-wik	0.90303030303	0.0424242424242	0.00606060606061	0.0484848484848
-wil	0.238589211618	0.554507732931	0.195586571105	0.0113164843455
-baŋ	0.809092394104	0.0581908196474	0.0160084440144	0.116708342234
-ppa	0.0379371665679	0.960284528749	0.0	0.00177830468287
-ya'	0.212389380531	0.787610619469	0.0	0.0
-too	0.840909090909	0.0227272727273	0.0909090909091	0.0454545454545
-dne	0.57024973667	0.257250086247	0.0753477956757	0.097152381407
-ddi	0.0	1.0	0.0	0.0
-pil	0.202140309156	0.674585648766	0.0800795942634	0.0431944478148
-poŋ	0.175438596491	0.543859649123	0.245614035088	0.0350877192982
-sto	0.00501960802311	0.970987239296	0.00299455472922	0.0209985979518
-ail	0.363914373089	0.536187563711	0.0142711518858	0.0856269113149
-sta	0.054054054054	0.855855855856	0.0900900900901	0.0
-obo	0.598455598456	0.362934362934	0.0	0.03861003861
-lfa	0.0191452991453	0.980854700855	0.0	0.0
-ain	0.128750930976	0.275232443601	0.470196766211	0.125819859212
-n'a	0.450275712337	0.25558149365	0.17890560455	0.115237189463
-tot	0.506369426752	0.455414012739	0.0	0.0382165605095
-ige	0.667898549285	0.176289463242	0.0958127445353	0.0599992429372
-eya	0.272185200519	0.601595319478	0.0651733839894	0.0610460960133
-pit	0.0315649233082	0.531035425136	0.410344003006	0.0270556485499
-tik	0.594059405941	0.287128712871	0.0594059405941	0.059405940594
-'un	0.200501683477	0.0733114842216	0.0668911302063	0.659295702096
-iok	0.00329380764163	0.98814229249	0.00197628458498	0.00658761528328
-mug	0.13312158438	0.764429289863	0.0734893424883	0.0289597832687
-ide	0.616883116883	0.305194805195	0.0649350649351	0.012987012987
-ois	0.0377358490566	0.962264150943	0.0	0.0
-ion	0.00648414985591	0.971902017291	0.0129682997118	0.00864553314121
-len	0.143138956837	0.109682001105	0.120886924959	0.626292117099
-mum	0.667868034378	0.281674521763	0.0338231217078	0.0166343221514
-lea	0.0	1.0	0.0	0.0
-leb	0.595751338572	0.0315694318893	0.00479799735763	0.367881232181
-olo	0.653916881206	0.191614564178	0.154468554616	0.0
-mui	0.0	0.718446601942	0.0	0.281553398058
-lee	0.0634048941248	0.343717564548	0.0180025919041	0.574874949423
-muk	0.356435643564	0.428217821782	0.0594059405941	0.155940594059
-leg	0.201030927835	0.654639175258	0.0309278350515	0.113402061856
-mus	0.0141592920354	0.973451327434	0.0070796460177	0.00530973451327
-'ub	0.964285714286	0.0357142857143	0.0	0.0
-ios	0.0181818181818	0.981818181818	0.0	0.0
-les	0.0689655172414	0.931034482759	0.0	0.0
-oik	0.14	0.36	0.5	0.0
-iot	0.0	1.0	0.0	0.0
-eem	0.40131270511	0.280825128926	0.188466947961	0.129395218003
-eel	0.165638910442	0.729489116674	0.0891901825458	0.0156817903377
-rra	0.0	0.987146529563	0.0	0.012853470437
-pe'	0.0234741784038	0.0985915492957	0.0234741784037	0.854460093897
-eek	0.0279696132597	0.423342541436	0.533149171271	0.0155386740332
-kpi	0.547600472981	0.134202528153	0.242447843798	0.0757491550689
-vol	0.528700906344	0.416918429003	0.0453172205438	0.00906344410876
-eeg	0.646423751687	0.187584345479	0.105263157895	0.0607287449392
-gis	0.34118251928	0.166683804627	0.170899742931	0.321233933162
-me'	0.810548977395	0.170075349838	0.0129171151776	0.00645855758881
-iba	0.15117189109	0.665703575989	0.0621399443329	0.120984588588
-ndi	0.55791026436	0.312868601586	0.0598539608656	0.0693671731886
-alo	0.3896537896	0.187642026467	0.193289667157	0.229414516776
-gim	0.224504097798	0.236310608939	0.056519920694	0.482665372569
-gil	0.625087842586	0.217732490044	0.0302178496135	0.126961817756
-oŋi	0.741097138765	0.207518495031	0.036877895473	0.0145064707311
-von	0.780224929709	0.219775070291	0.0	0.0
-ure	0.195644658801	0.684978939218	0.0548649120213	0.0645114899591
-ali	0.648864389912	0.195099374513	0.036839926968	0.119196308608
-oŋe	0.220588235294	0.316176470588	0.0882352941176	0.375
-gid	0.427861104093	0.364602662342	0.0658208815097	0.141715352055
-nde	0.0570934256056	0.942906574394	0.0	0.0
-gib	0.462908011869	0.439169139466	0.0445103857567	0.053412462908
-gia	0.0648183556405	0.85086042065	0.0780114722753	0.00630975143403
-eer	0.128318584071	0.858407079646	0.0132743362832	0.0
-paŋ	0.0449894190544	0.704911299579	0.148459642805	0.101639638561
-fat	0.0	1.0	0.0	0.0
-obe	0.613333333333	0.306666666667	0.08	0.0
-yoo	0.698893229167	0.1982421875	0.01953125	0.0833333333333
-yon	0.389913836797	0.500456158135	0.0276735935124	0.081956411556
-duŋ	0.274156567311	0.443825745169	0.149361283983	0.132656403538
-tla	0.0279168178608	0.949534983098	0.0204007515137	0.00214744752776
-yoe	0.333333333333	0.488888888889	0.0222222222222	0.155555555556
-ian	0.0227272727273	0.863636363636	0.113636363636	0.0
-ee'	0.584905660377	0.0377358490566	0.0	0.377358490566
-loi	0.0	0.980392156863	0.0196078431373	0.0
-ogi	0.45439023835	0.413117217201	0.0710269310448	0.0614656134041
-eli	0.831777536089	0.0642801928619	0.0204565237325	0.0834857473164
-ogo	0.298921476877	0.432301803633	0.198719629698	0.070057089792
-oga	0.0	0.408602150538	0.365591397849	0.225806451613
-ela	0.107664192652	0.162385314722	0.0880064986116	0.641943994014
-oge	0.8	0.2	0.0	0.0
-ele	0.59883805374	0.164270152505	0.0437182280319	0.193173565723
-ego	0.0466437599706	0.0882287843461	0.670992313614	0.19413514207
-loe	0.0384615384615	0.961538461538	0.0	0.0
-zaŋ	0.692598518997	0.0569888293818	0.0146636447612	0.23574900686
-hum	0.0	1.0	0.0	0.0
-itu	0.0271885270391	0.963101284733	0.00209142515686	0.0076187630714
-ter	0.0	1.0	0.0	0.0
-esu	0.00398216031374	0.800124439347	0.00361341215085	0.192279988189
-diŋ	0.17050067659	0.7649977447	0.0446549391068	0.0198466396031
-esi	0.560788252219	0.275535408919	0.0660948399881	0.0975814988736
-uol	0.921586381746	0.0329590727997	0.00869250271641	0.0367620427381
-nai	0.0354191263283	0.948051948052	0.0165289256198	0.0
-iti	0.168239636306	0.352847218804	0.0618003431195	0.417112801771
-dia	0.127337488869	0.837934105076	0.0	0.0347284060552
-esa	0.203899793819	0.528897045843	0.142694881437	0.124508278901
-ite	0.05	0.8875	0.0625	0.0
-ese	0.229029217719	0.733270499529	0.0113100848256	0.0263901979265
-ita	0.0127984754088	0.971090092333	0.00460326635958	0.0115081658989
-spa	0.0479233226837	0.923322683706	0.0287539936102	0.0
-ko'	0.583511777302	0.416488222698	0.0	0.0
-gin	0.143738586765	0.445348355688	0.0532209856814	0.357692071865
-ae'	0.156795155024	0.114411137351	0.0514207358879	0.677372971738
-tu'	0.318584070796	0.516814159292	0.0955752212389	0.0690265486726
-kuŋ	0.52861952862	0.31874298541	0.0471380471381	0.105499438833
-fak	0.722222222222	0.111111111111	0.166666666667	0.0
-ute	0.595238095238	0.285714285714	0.0952380952381	0.0238095238095
-fan	0.0	1.0	0.0	0.0
-fal	0.162162162162	0.72972972973	0.108108108108	0.0
-oŋa	0.0632473948628	0.224980322476	0.272350593134	0.439421689527
-eza	0.0	1.0	0.0	0.0
-eta	0.450359061919	0.38760273858	0.095080265823	0.0669579336782
-uda	0.0960441945222	0.807587236949	0.0522537036209	0.044114864908
-suŋ	0.127444968522	0.65284533672	0.175492857831	0.0442168369269
-n'e	0.443005650251	0.182623904182	0.103689582448	0.270680863119
-o'o	0.372876677958	0.318554761009	0.0496800903275	0.258888470706
-ude	0.433474771377	0.493433463895	0.0700462745316	0.00304549019703
-o'a	0.0143847146588	0.781813460096	0.0156897794968	0.188112045748
-n'i	0.730761180493	0.070327216912	0.00209307193191	0.196818530664
-so'	0.0529295784956	0.449887731379	0.016670005895	0.480512684231
-udi	0.105458092676	0.707645578213	0.0908459788503	0.0960503502612
-o'e	0.227086434837	0.257797996453	0.0829473134798	0.43216825523
-ril	0.0	0.859649122807	0.140350877193	0.0
-n'o	0.111292962357	0.0785597381341	0.0392798690671	0.770867430442
-ken	0.686339662362	0.11786192672	0.00774240109832	0.18805600982
-abu	0.182608695652	0.313043478261	0.273913043478	0.230434782609
-uom	0.592350887843	0.236606465321	0.00637426013052	0.164668386705
-uti	0.406349206349	0.196825396825	0.35873015873	0.0380952380952
-uoe	0.0	0.511111111111	0.311111111111	0.177777777778
-uod	0.267330966942	0.40965658812	0.192190907925	0.130821537014
-uob	0.128205128205	0.820512820513	0.0	0.0512820512821
-gad	0.258064516129	0.516129032258	0.0	0.225806451613
-aba	0.0706472914888	0.249572192055	0.137835616405	0.541944900052
-woo	0.0122981066373	0.712019336244	0.22341560391	0.0522669532084
-'er	0.283360151994	0.491285550881	0.105697834474	0.119656462651
-uos	0.754620526937	0.158081006685	0.0684231222965	0.0188753440818
-ies	0.269158103313	0.582576839777	0.125455048154	0.0228100087554
-win	0.0334152334153	0.898771498772	0.0560196560196	0.0117936117936
-tiŋ	0.0670569451836	0.824374667376	0.0941990420436	0.0143693453965
-tua	0.589743589744	0.307692307692	0.025641025641	0.0769230769231
-'oŋ	0.416902020422	0.256571800999	0.119921790137	0.206604388442
-gba	0.404651162791	0.181395348837	0.0279069767442	0.386046511628
-tud	0.284360189574	0.715639810426	0.0	0.0
-tug	0.354166666667	0.458333333333	0.145833333333	0.0416666666667
-kom	0.0668257756563	0.778042959427	0.140811455847	0.0143198090692
-fas	0.00774193548387	0.984516129032	0.0	0.00774193548387
-ŋya	0.229166666667	0.354166666667	0.333333333333	0.0833333333333
-ada	0.0675346909601	0.849943987221	0.0613574483354	0.0211638734838
-koi	0.205479452055	0.383561643836	0.164383561644	0.246575342466
-sop	0.1875	0.8125	0.0	0.0
-sos	0.817658405424	0.135609071779	0.00999532382511	0.0367371989712
-aen	0.0	1.0	0.0	0.0
-som	0.72265625	0.115513392857	0.00334821428572	0.158482142857
-uer	0.166819169828	0.60891799911	0.0691038239113	0.15515900715
-ori	0.328644847173	0.375169055991	0.169055991344	0.127130105491
-tuu	0.660270880361	0.238148984199	0.0677200902935	0.0338600451467
-kos	0.0745341614907	0.925465838509	0.0	0.0
-kor	0.0198371746359	0.95470702901	0.0168558651531	0.00859993120056
-ora	0.201923076923	0.691346153846	0.0346153846154	0.0721153846154
-eŋi	0.335911766238	0.217069754146	0.116697221116	0.330321258501
-ore	0.586037901515	0.137668911887	0.0408562252331	0.235436961365
-tan	0.0779836307031	0.856069342463	0.0440777043104	0.0218693225233
-tne	0.450494877583	0.222642819934	0.0629275915957	0.263934710887
-eeŋ	0.228571428571	0.142857142857	0.6	0.0285714285714
-rus	0.0280038295835	0.943992340833	0.0100526567736	0.01795117281
-dus	0.0386597938144	0.827319587629	0.0154639175258	0.118556701031
-lip	0.000597609561752	0.998207171315	0.0	0.0011952191235
-lir	0.0784557907846	0.921544209215	0.0	0.0
-lis	0.343399937932	0.387757923192	0.219837337235	0.0490048016412
