-yer	0.169581632295	0.166622754962	0.132188572543	0.531607040199
-wis	0.190649734976	0.158898936791	0.10898848469	0.541462843543
-deé	0.548297040759	0.111669458403	0.340033500838	0.0
-eus	0.0	0.853658536585	0.146341463415	0.0
-hes	0.43004420344	0.321337949226	0.0532858550404	0.195331992293
-hel	0.191485169733	0.189732706087	0.232375988137	0.386406136042
-rwí	0.0	0.356648962822	0.607275278084	0.0360757590941
-rba	0.406692442491	0.170927095213	0.309866206781	0.112514255514
-eun	0.634727466175	0.111770724466	0.0163831009255	0.237118708434
-hei	0.0669642857143	0.910714285714	0.0	0.0223214285714
-aan	0.269972451791	0.503653132112	0.226374416098	0.0
-caz	0.0	1.0	0.0	0.0
-rbi	0.181075561607	0.238257317903	0.0980258679374	0.482641252553
-rbo	0.402637972926	0.392572023603	0.149253731343	0.0555362721277
-oye	0.404495950052	0.379903556998	0.104190790538	0.111409702412
-rpí	0.469072164949	0.530927835051	0.0	0.0
-bba	0.211538461538	0.692307692308	0.0	0.0961538461538
-obí	0.264595103578	0.118644067797	0.00282485875706	0.613935969868
-oyo	0.286842011687	0.350741403629	0.0836345964655	0.278781988218
-día	0.528804815133	0.402407566638	0.0171969045572	0.0515907136715
-llé	0.195564970478	0.353615480537	0.227039858175	0.22377969081
-llí	0.294354185309	0.448480583931	0.0833527572519	0.173812473508
-lló	0.0262751803812	0.329982900279	0.617466738958	0.0262751803812
-nso	0.0	1.0	0.0	0.0
-kpí	0.617834394905	0.191082802548	0.0636942675159	0.127388535032
-ndo	0.332110313201	0.322167224694	0.0598368356459	0.285885626459
-aun	0.167499303158	0.727652822745	0.062394133665	0.0424537404318
-kyé	0.122222222222	0.788888888889	0.0888888888888	0.0
-pur	0.035885286783	0.824289276808	0.135112219451	0.00471321695761
-nta	0.470145717905	0.327924913862	0.114840277576	0.0870890906571
--ul	0.603889585947	0.325846925972	0.0702634880804	0.0
--un	0.537662231543	0.357406474281	0.0420133734628	0.0629179207125
-nte	0.459761870607	0.0954669344427	0.100774637785	0.343996557165
-ual	0.488472019376	0.208629175664	0.0720879658829	0.230810839077
--uk	0.454545454545	0.414838035528	0.0522466039707	0.0783699059562
-uan	0.0952745650041	0.698769210871	0.0150663584326	0.190889865693
-pud	0.279264460375	0.210080526367	0.130364332711	0.380290680546
-apa	0.0908566652037	0.224935591154	0.0566746903588	0.627533053284
--us	0.596745027125	0.226943942134	0.0	0.176311030741
-pul	0.162004982372	0.0475983441546	0.147929884136	0.642466789337
-pal	0.135779464964	0.228607065524	0.0658820540424	0.56973141547
-pun	0.585714285714	0.271428571429	0.0142857142857	0.128571428571
-ntu	0.317577548006	0.0	0.0	0.682422451994
-dro	0.0339885518328	0.800071777492	0.0111901403382	0.154749530337
-okí	0.157894736842	0.631578947368	0.0	0.210526315789
-jií	0.533783783784	0.283783783784	0.0	0.182432432432
-nal	0.155816430131	0.0329601930103	0.00295503771397	0.808268339145
-gyé	0.500951173113	0.159797083069	0.0570703868104	0.282181357007
-nma	0.409382768771	0.293745329205	0.099974072323	0.196897829701
-nmo	0.205571881525	0.675740468641	0.106507617354	0.0121800324801
-más	0.0	0.980607627666	0.0	0.0193923723335
-kid	0.204596784134	0.516056112394	0.152570523392	0.12677658008
-sma	0.717572620075	0.138625251654	0.138050043141	0.00575208513087
-ydé	0.288888888889	0.488888888889	0.0666666666667	0.155555555556
-smo	0.444574302197	0.305520596031	0.115244349635	0.134660752138
-lgu	0.434884545838	0.177981692585	0.026188773872	0.360944987705
-ded	0.550986385107	0.385662684079	0.0025006946374	0.0608502361767
-oku	0.0378310214376	0.556116015132	0.239596469105	0.166456494325
-del	0.409556872366	0.22514232334	0.0489346392151	0.316366165078
-den	0.123698458975	0.513119533528	0.299875052062	0.0633069554353
-kin	0.141366478832	0.270914432272	0.075990678616	0.51172841028
-ima	0.45296659993	0.277703626021	0.0465567102044	0.222773063845
-oko	0.575118022771	0.404054429325	0.0	0.0208275479034
-lge	0.584328358209	0.246268656716	0.0	0.169402985075
-oki	0.498630548156	0.224289948599	0.229805275204	0.0472742280419
-nad	0.333213287341	0.310509875361	0.0668836659012	0.289393171397
-lga	0.0843199447358	0.147473952377	0.0128919005593	0.755314202328
-imi	0.201872298599	0.0364044702148	0.00149605273882	0.760227178447
-rwe	0.201550387597	0.0852713178294	0.434108527132	0.279069767442
-rwa	0.138033598644	0.696725295359	0.0510674742305	0.114173631766
-imo	0.317194868813	0.324554035088	0.0814683281491	0.27678276795
-rpi	0.121488230828	0.558339660845	0.0366995697292	0.283472538598
-ido	0.444937448625	0.238101050593	0.0604222640107	0.256539236772
-lla	0.121145374449	0.823788546256	0.0550660792951	0.0
-obi	0.377885639872	0.278371019297	0.188114123357	0.155629217474
-bir	0.260337374735	0.184223371071	0.0425104750001	0.512928779194
-obo	0.124844893515	0.86375952797	0.00455823140621	0.00683734710932
-lle	0.263335533237	0.063456872478	0.0296459553621	0.643561638923
-rpa	0.0539982166073	0.871472754247	0.0244983896222	0.050030639524
-lli	0.176470588235	0.662464985994	0.0840336134454	0.0770308123249
-ide	0.52442278846	0.214705397437	0.0584970193837	0.202374794719
-llo	0.133333333333	0.849170679508	0.00786516853932	0.00963081861959
-oyé	0.630465717982	0.211384217335	0.0342820181112	0.123868046572
-ida	0.443027409384	0.283086994272	0.215870941955	0.0580146543891
-kpi	0.364115874079	0.461528801072	0.0967012726054	0.0776540522438
-bid	0.159687349034	0.607983984551	0.0800963888022	0.152232277613
-llu	0.13290972632	0.61517118262	0.108316313409	0.143602777652
-bin	0.305937225978	0.518434816137	0.0602317178589	0.115396240026
-kpa	0.0441721288116	0.474779139356	0.0445996010259	0.436449130806
-bil	0.0271609156133	0.947215579091	0.0256235052955	0.0
-kpe	0.0366598778004	0.908350305499	0.0549898167006	0.0
-eja	0.0851175276631	0.907025469783	0.0	0.00785700255352
-rid	0.40199809705	0.524262607041	0.0356803044719	0.0380589914367
-tes	0.664473684211	0.0394736842105	0.0	0.296052631579
-eje	0.395725828759	0.150143806397	0.0215566820955	0.432573682748
-ria	0.219512195122	0.682926829268	0.0	0.0975609756097
-rin	0.480659803703	0.342008530173	0.00184991692503	0.175481749199
-rio	0.010178445929	0.941473935908	0.0381691722338	0.010178445929
-bbi	0.469621476909	0.128058302967	0.195582657842	0.206737562282
-pél	0.176759939436	0.150502169082	0.0122258356148	0.660512055868
-llá	0.376712328767	0.142828364222	0.0936744560839	0.386784850927
-ejo	0.393124639908	0.501632417899	0.0284232763587	0.0768196658344
-ted	0.129963898917	0.848375451264	0.0216606498195	0.0
--ku	0.246753246753	0.324675324675	0.207792207792	0.220779220779
-utu	0.192585365854	0.647024390244	0.066731707317	0.0936585365853
-tel	0.425220533458	0.460568548134	0.0835485869845	0.0306623314233
-aku	0.554776469837	0.133874522832	0.0465388362695	0.264810171062
-ten	0.624687239366	0.325271059216	0.0	0.0500417014178
-teo	0.066758946198	0.836574462774	0.00408450384624	0.0925820871815
-lux	0.177258388408	0.743023736946	0.0446420098015	0.035075864844
-jio	0.356211716664	0.621799905764	0.0219883775718	0.0
-wal	0.312294823687	0.385747794719	0.177604743305	0.124352638289
-ara	0.0113528855251	0.696152633239	0.0339009776096	0.258593503627
-mes	0.0591855803263	0.0384590481439	0.0270023871785	0.875352984351
-jii	0.366880386235	0.337722357762	0.0749671651338	0.22043009087
-gye	0.670983549178	0.185509275464	0.0	0.143507175359
-aro	0.165484836063	0.576455976555	0.0663211928026	0.191737994579
-íga	0.121703853955	0.878296146045	0.0	0.0
-opí	0.344546310982	0.277057770967	0.108505189224	0.269890728827
-lul	0.0832127351664	0.24023154848	0.58972503618	0.0868306801736
-lub	0.350631439993	0.433695307431	0.0753557147554	0.14031753782
-jir	0.38080407701	0.485560588902	0.0996602491505	0.0339750849377
-aye	0.238880101476	0.698003346858	0.00427908824856	0.0588374634176
-ayo	0.135399601505	0.109276068187	0.00796989152092	0.747354438787
-ila	0.157850851855	0.210666966619	0.0270131066373	0.604469074889
-óye	0.789291882556	0.0259067357513	0.0	0.184801381693
-ked	0.169350563721	0.659356823515	0.109000763158	0.0622918496057
-bás	0.114785852644	0.840734629457	0.0	0.0444795178995
--ya	0.28143789986	0.556518266775	0.136222999158	0.0258208342071
-alo	0.436301867026	0.320058330633	0.0911575611839	0.152482241158
-aón	0.0667903525045	0.933209647495	0.0	0.0
-ubi	0.199273810798	0.554990543482	0.0852424793919	0.160493166328
-dán	0.0	0.726708074534	0.0	0.273291925466
-udá	0.0	1.0	0.0	0.0
-lpá	0.205357142857	0.508928571429	0.196428571429	0.0892857142857
-nug	0.387867513049	0.482771232788	0.0249631633855	0.104398090777
-uba	0.0680051813471	0.79274611399	0.0453367875647	0.0939119170984
-lpí	0.459380136182	0.228692181263	0.162596853722	0.149330828833
-ije	0.218091235588	0.246112724399	0.0524069413914	0.483389098621
-tán	0.0	1.0	0.0	0.0
-kel	0.450217191436	0.222708281409	0.0765827544878	0.250491772667
-ija	0.194444444444	0.625	0.0	0.180555555556
-ebi	0.396420194868	0.280896225603	0.0606817265999	0.26200185293
-iji	0.384522370012	0.251511487303	0.081015719468	0.282950423216
-oto	0.20954966414	0.535535956438	0.102318956365	0.152595423057
-oal	0.327230299767	0.29366361515	0.101238556812	0.277867528271
-uma	0.339717969987	0.224907623859	0.248850011311	0.186524394842
-áni	0.296	0.44	0.0	0.264
-eví	0.0415919099657	0.958408090034	0.0	0.0
-umo	0.298939038177	0.21438820767	0.0992477606748	0.387424993478
-ako	0.45533175419	0.266359922124	0.0741078047743	0.204200518911
-kib	0.311591103507	0.246364414029	0.164670658683	0.277373823781
ALL	0.248991741884	0.279195334805	0.0548169734036	0.416995949908
-nai	0.367251841028	0.318040189223	0.0525008802272	0.262207089522
-nan	0.13783053592	0.118193207509	0.0425116600653	0.701464596506
-nao	0.465048025614	0.191768943436	0.0397451740343	0.303437856916
-aki	0.0927728583406	0.844955929569	0.045092946686	0.0171782654042
-gdo	0.609616835691	0.0639832264692	0.0100723085185	0.316327629321
-nab	0.434575592218	0.363960060519	0.0617400726824	0.139724274581
-gda	0.341935483871	0.503225806452	0.0	0.154838709677
-ake	0.152256779106	0.304406388301	0.0769820953178	0.466354737275
-nag	0.0639091224419	0.898803329865	0.00737079431147	0.0299167533819
-aka	0.27853943584	0.463135835851	0.0263185648666	0.232006163442
-kil	0.430744906893	0.275602713655	0.050698240633	0.242954138819
-kis	0.505038481828	0.280315429252	0.00852145919846	0.206124629722
-kir	0.289479982222	0.23665766351	0.266675783788	0.207186570481
-sio	0.0	0.759036144578	0.0	0.240963855422
-íwa	0.613079019074	0.177111716621	0.00544959128065	0.204359673025
-nas	0.166022106666	0.621416812564	0.0117196686613	0.200841412109
-sia	0.447240751971	0.552759248029	0.0	0.0
-ker	0.429329010276	0.316782986207	0.230807275925	0.0230807275925
-mos	0.174931868435	0.667352913108	0.0423725841442	0.115342634312
-oen	0.46808354779	0.30294007487	0.11914561192	0.10983076542
-igo	0.326695613116	0.560263512502	0.0381793681689	0.0748615062135
-ayé	0.609174311927	0.256880733945	0.111926605504	0.0220183486239
-dye	0.108846134793	0.641745617289	0.0812733272355	0.168134920683
-ale	0.234614172994	0.391117880078	0.190389609745	0.183878337182
-moe	0.935397039031	0.0484522207268	0.0161507402422	0.0
-cos	0.07747318236	0.861740166865	0.0536352800954	0.0071513706794
-mol	0.166112717338	0.618153752147	0.121343039709	0.0943904908058
-bes	0.440597179548	0.266446072638	0.0524698652801	0.240486882534
-bet	0.0811333862644	0.698938070663	0.0173680031759	0.202560539897
-cob	0.0113917964271	0.982394496431	0.00310685357103	0.00310685357103
-beo	0.38544622182	0.537419818477	0.0	0.077133959703
-bel	0.522412656559	0.388595912986	0.0758075148319	0.0131839156229
-yal	0.131236071643	0.8464785577	0.014856913771	0.00742845688547
-yan	0.0484848484849	0.951515151515	0.0	0.0
-yai	0.177215189873	0.822784810127	0.0	0.0
-eob	0.224934323202	0.0732838936624	0.0173787832848	0.684402999851
-bed	0.165927829876	0.534357325307	0.163504866711	0.136209978105
-iso	0.540473225405	0.227895392279	0.0	0.231631382316
-zho	0.475905538638	0.12813727445	0.33091288516	0.0650443017514
-ijí	0.466019417476	0.21359223301	0.0582524271845	0.26213592233
-rea	0.0	0.832258064516	0.129032258064	0.0387096774194
-red	0.16048998	0.643596311449	0.0873154166411	0.10859829191
-ejí	0.320388349515	0.51213592233	0.116504854369	0.0509708737864
-zha	0.445760210398	0.118733693789	0.0087572656627	0.42674883015
-rey	0.117110558909	0.649276163544	0.0243136108462	0.209299666701
-eva	0.448733413752	0.406513872135	0.0723763570568	0.0723763570565
-úed	0.68870523416	0.132231404959	0.179063360882	0.0
-res	0.0	0.964705882353	0.0	0.035294117647
-dia	0.203124257575	0.400668766348	0.0	0.396206976077
-gdé	0.287690716318	0.225497801914	0.0872769588828	0.399534522886
-hab	0.0518945634267	0.894563426689	0.0164744645799	0.0370675453048
-had	0.369668170334	0.354797848163	0.0699248437883	0.205609137714
-mas	0.462003476414	0.231094868752	0.0480908753626	0.258810779471
-mar	0.0440636474908	0.955936352509	0.0	0.0
-hal	0.444407627972	0.263875039244	0.0429786801616	0.248738652623
-ham	0.121864301822	0.771986399804	0.0227838339935	0.0833654643813
-han	0.13271743655	0.632039747524	0.0315074064618	0.203735409464
-hao	0.601069281013	0.209522280804	0.0669226685105	0.122485769672
-mai	0.291508231353	0.294620890553	0.0541273480786	0.359743530015
-har	0.550935550935	0.256756756757	0.129937629938	0.0623700623701
-has	0.473278416162	0.354807569013	0.0561722163473	0.115741798478
-mal	0.258685235078	0.222432617554	0.039247447645	0.479634699723
-jun	0.415709155402	0.294959541269	0.0734929495794	0.215838353749
-mad	0.232723252457	0.458651864306	0.0483118632376	0.260313019999
-mag	0.476122923253	0.153863182126	0.0155253066723	0.354488587949
-nku	0.0847516258475	0.706932337069	0.0414418154145	0.166874221669
-uni	0.254214218406	0.487907025442	0.0972673018532	0.160611454298
-une	0.493989566795	0.40031753232	0.0353821728283	0.0703107280562
-una	0.0639498432602	0.430219435737	0.0484012539185	0.457429467085
-pte	0.905609426632	0.0943905733681	0.0	0.0
-hik	0.177511058833	0.525639352305	0.196029827792	0.10081976107
-nka	0.089079483458	0.0174769634945	0.00421937245316	0.889224180594
-pto	0.0776255707762	0.922374429224	0.0	0.0
-nko	0.541601255887	0.430141287284	0.0282574568288	0.0
-666	0.0603015075377	0.0	0.0	0.939698492462
-iri	0.21876567988	0.165579528349	0.19568489714	0.419969894631
-ade	0.385387866522	0.321819501042	0.048395662379	0.244396970057
-tra	0.139896373057	0.704663212435	0.108808290155	0.0466321243523
-gab	0.255368543239	0.506674405107	0.0116076610563	0.226349390598
-ada	0.354989705939	0.555956959173	0.0441867692188	0.0448665656683
-gao	0.499300707328	0.238536287646	0.092811730515	0.169351274511
-gan	0.124025896196	0.482679173173	0.0878830367539	0.305411893876
-gal	0.482263749246	0.27142581824	0.0524778700347	0.193832562479
-gak	0.233320293216	0.655121505947	0.0453796071199	0.0661785937165
-iko	0.488889359394	0.232721632083	0.0514692372151	0.226919771308
-144	0.224967490247	0.204161248374	0.00780234070221	0.563068920676
-adu	0.0942504510546	0.856540690712	0.0119749006083	0.0372339576248
-gas	0.509446034087	0.328825066202	0.0214601809231	0.140268718787
-sne	0.216265961118	0.612331761187	0.117335787415	0.0540664902796
-lan	0.361850196921	0.336426087258	0.128340195479	0.173383520342
-seo	0.0975292587776	0.847854356307	0.0234070221066	0.0312093628088
-gwa	0.0876516592687	0.665412527302	0.075657014021	0.171278799408
-lbo	0.122239634169	0.251780015063	0.0164623952609	0.609517955507
-nos	0.404466328169	0.265992948072	0.0811637876259	0.248376936133
-lbi	0.321154547617	0.430303703116	0.0975402426453	0.151001506621
-ino	0.111429980718	0.885849662945	0.00104629089877	0.00167406543802
-ina	0.140351813078	0.766026966112	0.0480108824667	0.0456103383434
-sed	0.266839693418	0.407559106209	0.176568392879	0.149032807494
-ine	0.438526872534	0.346325199507	0.114958699132	0.100189228827
-món	0.0312280101177	0.849489359274	0.00665639679732	0.112626233811
-iid	0.351557618092	0.443748416251	0.120692698678	0.0840012669798
-iwá	0.171650055371	0.43853820598	0.046511627907	0.343300110742
-uim	0.0	1.0	0.0	0.0
-ane	0.171403483379	0.311363749709	0.0401936013409	0.477039165571
-kne	0.294204764971	0.405905620458	0.0370343114709	0.2628553031
-ipú	0.133641521328	0.17860895146	0.673250682917	0.014498844295
-blo	0.0880309107684	0.683498334718	0.00641247947025	0.222058275043
-eda	0.650289017341	0.267341040462	0.03612716763	0.0462427745665
-bli	0.312702894502	0.0780289265697	0.0153172242438	0.593950954684
-kur	0.00960384153661	0.633853541417	0.0504201680672	0.30612244898
-són	0.0690789473685	0.915131578947	0.00657894736843	0.0092105263158
-ial	0.704523684475	0.136698590421	0.0590346723915	0.0997430527134
-edi	0.330454435761	0.633625090497	0.0167071970892	0.0192132766526
-iai	0.05	0.28125	0.0	0.66875
-nes	0.205250596659	0.739856801909	0.0310262529833	0.0238663484487
-nen	0.418064516129	0.292903225806	0.0232258064516	0.265806451613
-neo	0.220229197808	0.754857997011	0.00996512207275	0.0149476831091
-kue	0.0905784866353	0.0848118035171	0.076499467491	0.748110242357
-tka	0.0716981132075	0.279245283019	0.0150943396226	0.633962264151
-zhí	0.475171865487	0.349729037306	0.0671025842127	0.107996512994
-iap	0.0935828877006	0.228461081402	0.0311942959002	0.646761734997
-ias	0.0507614213198	0.884810620851	0.0585708707536	0.00585708707536
-edu	0.218451336064	0.582211819778	0.0764579676224	0.122878876536
-kuo	0.415066686862	0.286727504049	0.110668298467	0.187537510622
-neg	0.134280619685	0.532242155539	0.0310811020299	0.302396122746
-ned	0.198026956809	0.592040766455	0.0816747820838	0.128257494652
-ooz	0.118226600985	0.881773399015	0.0	0.0
-eón	0.214067278287	0.67125382263	0.0	0.114678899083
-ban	0.160432300764	0.564925872098	0.0977806697621	0.176861157376
-bal	0.320981305944	0.404091028948	0.0813961122775	0.19353155283
-bak	0.207582003704	0.360409789521	0.0437630740028	0.388245132772
-eke	0.290809972806	0.0704119755	0.0341703306478	0.604607721046
-wén	0.0501745200698	0.578097731239	0.0619546247819	0.309773123909
-las	0.112805915046	0.759593951542	0.0305130753812	0.097087058031
-hol	0.506677350427	0.363194444444	0.0628205128206	0.0673076923076
-baa	0.212078651686	0.391292134831	0.21404494382	0.182584269663
-kan	0.122374657082	0.776086693144	0.0527197766936	0.0488188730803
-hos	0.461720630484	0.308641975309	0.180720552838	0.0489168413697
-ímo	0.226764900888	0.410569886543	0.0894022294789	0.27326298309
-pté	0.283400809717	0.402834008097	0.182186234818	0.131578947368
-asa	0.0	1.0	0.0	0.0
-nye	0.119130505929	0.497702481215	0.04976417771	0.333402835146
-nod	0.152866242038	0.0684713375795	0.00477707006369	0.773885350319
-adí	0.124429697221	0.863127333057	0.0124429697221	0.0
-adé	0.498730447216	0.356565946051	0.049237928591	0.0954656781415
-eli	0.607492497154	0.201676497982	0.11694090862	0.0738900962434
-yel	0.243337195828	0.646002317497	0.0	0.110660486674
-lye	0.45364467552	0.356553628337	0.0843144651549	0.105487230988
-lta	0.0	1.0	0.0	0.0
-chá	0.582961546633	0.196445010977	0.16358614829	0.0570072941009
-yee	0.00798403193611	0.0	0.826347305389	0.165668662675
-zor	0.0	1.0	0.0	0.0
-pes	0.505501722864	0.193480019831	0.111954499493	0.189063757812
-ras	0.123621148726	0.743248383416	0.0133130467858	0.119817421073
-iye	0.227985028988	0.466185572054	0.150003669366	0.155825729592
-ral	0.198448380645	0.638562440143	0.117352209033	0.0456369701794
-ram	0.0	1.0	0.0	0.0
-ero	0.298597194389	0.561122244489	0.060120240481	0.0801603206413
-dor	0.103110800419	0.812128626354	0.0104858441105	0.0742747291157
-rad	0.0490883590463	0.950911640954	0.0	0.0
-gen	0.360661228672	0.350396027899	0.123438546715	0.165504196714
-swe	0.0	1.0	0.0	0.0
-ugu	0.240727246877	0.324470826595	0.139335667443	0.295466259086
-ado	0.586403714066	0.104272914625	0.0183318952502	0.290991476059
-pos	0.27226794809	0.597880077856	0.0686277594725	0.0612242145815
-edé	0.381028510525	0.4068745004	0.0652811084465	0.146815880629
-zhu	0.0161987041037	0.959503239741	0.0161987041037	0.00809935205183
-nni	0.197893419093	0.191293086702	0.266124193305	0.3446893009
-edí	0.0202634245187	0.822695035461	0.0	0.15704154002
-zhi	0.219747122309	0.0701152594159	0.0604872916187	0.649650326657
-otó	0.151898734177	0.698149951315	0.149951314508	0.0
-uga	0.526520051746	0.431565329884	0.0263906856404	0.0155239327296
-neé	0.413241021203	0.303764604068	0.0960623106881	0.186932064041
-ugo	0.459717796996	0.476558944015	0.0364132908511	0.0273099681384
-nno	0.538999532896	0.337430479639	0.045498196583	0.0780717908822
-zhe	0.263551779509	0.36115734774	0.0605352839489	0.314755588803
-aza	0.309202453988	0.440490797546	0.250306748466	0.0
-pod	0.0934393638171	0.508946322068	0.397614314115	0.0
-lad	0.222049380557	0.522432574247	0.116836558255	0.138681486941
-ika	0.27510687776	0.31267673078	0.100036450954	0.312179940506
-ipí	0.0	0.697702539299	0.229746070133	0.0725513905683
-lal	0.440524073228	0.307689338343	0.0832094250666	0.168577163362
-nor	0.0	1.0	0.0	0.0
-lao	0.68486874023	0.261764864428	0.0	0.0533663953425
-oun	0.361454545454	0.483272727273	0.0661818181818	0.089090909091
-iki	0.165475030384	0.409368122543	0.154492997996	0.270663849077
-lak	0.458555007065	0.317265258421	0.118500235483	0.105679499032
-aam	0.0	1.0	0.0	0.0
--ne	0.247606171071	0.327972351233	0.125628336186	0.29879314151
-dec	0.215361553287	0.769648083375	0.0149903633379	0.0
--na	0.12	0.88	0.0	0.0
-noo	0.37346852556	0.223489649345	0.136037177862	0.267004647233
-nob	0.360887096774	0.427419354839	0.054435483871	0.157258064516
-noc	0.0	1.0	0.0	0.0
-aaa	0.291369754553	0.405384006334	0.0997624703088	0.203483768804
--ni	0.0	0.845614035088	0.133333333333	0.0210526315789
-aac	0.0125903054648	0.969173736223	0.00784396015067	0.0103919981614
-gek	0.129112771569	0.379709280422	0.0263719703629	0.464805977647
-bog	0.0480928644885	0.418877887431	0.0646366579204	0.468392590161
-geo	0.390335177351	0.243573055646	0.0178978197201	0.348193947283
-dos	0.31750099381	0.5008305412	0.0839272531092	0.0977412118803
-gel	0.271879948589	0.386189022064	0.0437761222561	0.298154907091
-ipá	0.372262773723	0.394160583942	0.0	0.233576642336
-áje	0.221656310482	0.448202098401	0.201181623714	0.128959967404
-fán	0.0	1.0	0.0	0.0
-ged	0.182351362797	0.524292986418	0.155325691053	0.138029959733
-fás	0.00892857142856	0.933333333333	0.0488095238095	0.00892857142857
-mye	0.690880989181	0.309119010819	0.0	0.0
-pye	0.224719101124	0.290730337079	0.0	0.484550561798
-bos	0.675358241183	0.238762023163	0.0515278413924	0.0343518942616
-ges	0.344412331406	0.343689788054	0.307080924855	0.004816955684
-ger	0.652724481965	0.11742133538	0.165387567153	0.0644666155026
-doc	0.0	1.0	0.0	0.0
-ión	0.0332167832168	0.966783216783	0.0	0.0
-dda	0.588733798604	0.231804586241	0.049850448654	0.129611166501
-tob	0.549838362069	0.09375	0.332165948276	0.0242456896552
-gle	0.274928319036	0.238720351634	0.0501292253482	0.436222103981
-dde	0.354086570324	0.376936098423	0.0635187672918	0.205458563961
-toa	0.0856845870752	0.0319327258936	0.0071169711669	0.875265715864
-ton	0.0474732006126	0.943338437979	0.0	0.00918836140888
-ibu	0.0569057498518	0.330171902786	0.612922347362	0.0
-tol	0.07497478121	0.811826930941	0.0735298126993	0.0396684751493
-mpe	0.0199733688415	0.0958721704394	0.884154460719	0.0
-ddo	0.312275429282	0.382041111716	0.148625934555	0.157057524447
-kdé	0.0462962962963	0.694444444444	0.037037037037	0.222222222222
-mpa	0.182331078803	0.0605877051643	0.0719210682826	0.68516014775
-oli	0.0257731958763	0.974226804124	0.0	0.0
-ibo	0.323076923077	0.353846153846	0.0	0.323076923077
-uje	0.220704201612	0.642054384518	0.0817544451075	0.0554869687624
-ibi	0.234077472346	0.0792481764086	0.00998054921229	0.676693802033
-ddu	0.443120865465	0.31538458857	0.0572251043356	0.184269441629
-olo	0.327130681818	0.447821969697	0.0937973484849	0.13125
-ibe	0.0894813570663	0.787660844695	0.0323718786508	0.0904859195877
-deo	0.40268557181	0.591006038031	0.0	0.00630839015891
-ole	0.425942549372	0.361609814482	0.118192698983	0.0942549371634
-sal	0.324226524335	0.28963874314	0.0633254930341	0.322809239491
-éga	0.133136392206	0.744770584538	0.0213387806411	0.100754242615
-iel	0.367317979183	0.361497344642	0.120279851971	0.150904824204
-ien	0.47460944326	0.27218397232	0.14678642575	0.106420158669
-nna	0.0968468136896	0.466094094663	0.0344377277813	0.402621363866
-ied	0.296729564136	0.521781591155	0.0925534512225	0.088935393487
-eio	0.510271515368	0.140703285468	0.0785260506324	0.270499148531
-rwo	0.0511073253833	0.710391822828	0.221465076661	0.0170357751278
-rol	0.500118399242	0.248085878917	0.225747888547	0.0260478332939
-rom	0.0	1.0	0.0	0.0
-lot	0.272688356164	0.446061643836	0.28125	0.0
-los	0.423304764237	0.336392675428	0.0527956901478	0.187506870187
-rwi	0.875032543608	0.117156990367	0.00781046602446	0.0
-hak	0.0	1.0	0.0	0.0
-cga	0.0813032273818	0.842474996948	0.00762217756702	0.0685995981034
-ipo	0.0566037735849	0.943396226415	0.0	0.0
-iká	0.0920245398773	0.775051124744	0.132924335378	0.0
-gla	0.0867570098721	0.775421280643	0.044586186542	0.0932355229428
-ikí	0.158227848101	0.628390596745	0.0614828209765	0.151898734177
-iti	0.14095583787	0.0703266787659	0.0635208711434	0.72519661222
-ipe	0.0303535781673	0.949137247395	0.0139462386174	0.00656293581996
-rde	0.490739137961	0.208931971611	0.109053141769	0.191275748659
-noé	0.0	1.0	0.0	0.0
-rda	0.310780938576	0.401485776409	0.176481246603	0.111252038413
-ewa	0.386035987048	0.297451558955	0.088022382374	0.228490071623
-idé	0.582185491276	0.271400877461	0.040302009999	0.106111621263
-rdo	0.277956060232	0.185139471735	0.00740557886941	0.529498889163
-aaá	0.303113052977	0.503003823048	0.0	0.193883123976
-aid	0.27663634232	0.536350662264	0.0678084831819	0.119204512234
-awa	0.0857142857143	0.285714285714	0.0	0.628571428571
-mpi	0.127681751064	0.532036248878	0.217666985147	0.122615014911
-heá	0.0612244897959	0.233766233766	0.552875695733	0.152133580705
-kad	0.218719994977	0.557598097143	0.101781006137	0.121900901743
-saú	0.250502706883	0.536504253674	0.0822892498067	0.130703789636
-ddé	0.320909833714	0.488687479132	0.0668265044352	0.123576182718
-kdo	0.355512384653	0.532782904322	0.00971345313256	0.101991257892
-pka	0.107479224377	0.256509695291	0.193905817175	0.442105263158
-sto	0.0464552380697	0.660291597883	0.0145105512981	0.278742612749
-pku	0.451310714005	0.422498622373	0.051798787688	0.0743918759348
-nap	0.0899990875527	0.772309074726	0.0145034530217	0.1231883847
-saí	0.208	0.792	0.0	0.0
-bis	0.583990980834	0.384441939121	0.0315670800451	0.0
-cum	0.0	0.870967741935	0.0	0.129032258065
-tio	0.390591966173	0.334830866808	0.115750528541	0.158826638478
-rpo	0.301861346229	0.500974542053	0.0466366371957	0.150527474522
-cas	0.0058765915769	0.597453476983	0.0470127326151	0.349657198825
-loé	0.197916666667	0.677083333333	0.0625	0.0625
-yye	0.0953206239169	0.894280762565	0.0	0.0103986135182
-jul	0.257945082503	0.261011812305	0.247164419178	0.233878686014
-tor	0.346330543757	0.33896400088	0.206525455082	0.108180000281
-eye	0.341583927656	0.160583601361	0.0534890225143	0.444343448469
--wa	0.307117750439	0.677504393673	0.0	0.0153778558875
-tos	0.646975599988	0.229941665948	0.0420532674721	0.0810294665926
-syé	0.124633431085	0.875366568915	0.0	0.0
-lel	0.421187762448	0.422987402519	0.0603479304139	0.0954769046191
-ion	0.2	0.6	0.047619047619	0.152380952381
-len	0.297851153462	0.443412846368	0.0758040066866	0.182931993483
-lea	0.149750415973	0.750415973378	0.0	0.0998336106489
-muo	0.63829787234	0.297872340426	0.063829787234	0.0
-iun	0.314386119735	0.439620530438	0.0182013016688	0.227792048159
-led	0.191312402948	0.44872607708	0.175529840779	0.184431679192
-mur	0.203592814371	0.706586826347	0.0898203592814	0.0
-ios	0.508687258687	0.392084942085	0.0583011583012	0.0409266409266
-les	0.457130534166	0.244662469331	0.143444836474	0.154762160029
-eel	0.487809079972	0.216211441653	0.0541043250756	0.241875153299
-rra	0.225873755862	0.381219341815	0.159302027359	0.233604874964
-eed	0.224815699732	0.485459804326	0.160826719033	0.128897776909
-alu	0.153581192448	0.740715152831	0.10363103404	0.00207262068081
-rro	0.114823830248	0.847311352069	0.00344225615303	0.0344225615303
-che	0.198195903019	0.280120361777	0.0697918609727	0.451891874231
-gin	0.134168162889	0.224267171829	0.0341973551757	0.607367310107
-gil	0.260997644623	0.0721374462232	0.00365821568925	0.663206693465
-rru	0.106075216972	0.303760848602	0.0771456123433	0.513018322083
-ali	0.440200834932	0.336849825116	0.130147805483	0.0928015344692
-gús	0.187393526405	0.446337308348	0.366269165247	0.0
-udé	0.78417266187	0.0863309352518	0.0	0.129496402878
-nde	0.311645553591	0.54690414615	0.0267286178363	0.114721682422
-emo	0.259655134853	0.541344915288	0.092156418631	0.106843531228
-gia	0.0454545454545	0.852272727273	0.0681818181818	0.0340909090909
-ala	0.272004794236	0.322984411923	0.173334786132	0.231676007709
-bde	0.390852207632	0.257512999031	0.0255574160571	0.32607737728
-uva	0.0582594535915	0.62891261082	0.0797901212231	0.233037814366
-yos	0.496178443301	0.199812821713	0.023709249727	0.28029948526
-bdo	0.119841266547	0.109715475834	0.0263375873905	0.744105670229
-obe	0.398928397467	0.326351680468	0.274719922065	0.0
-yok	0.575944487278	0.11565150347	0.0385505011565	0.269853508096
-yoo	0.405172413793	0.53275862069	0.0	0.0620689655172
-yol	0.0	0.948674080411	0.0513259195894	0.0
-yob	0.303086281426	0.422362870114	0.10725906518	0.16729178328
-abé	0.175574601443	0.774911026384	0.0137663276893	0.0357480444836
-ped	0.181082421742	0.623932851213	0.1505365115	0.0444482155445
-chi	0.117127487868	0.612623824484	0.0449264930712	0.225322194576
-cho	0.0594155215793	0.927811108961	0.00116121540546	0.0116121540546
-pel	0.0912198774798	0.120979675229	0.0268031541374	0.760997293154
-cha	0.5784269342	0.224279413924	0.0292051042174	0.168088547659
-pen	0.143569958979	0.762220600241	0.0728467557966	0.0213626849843
-loi	0.0	0.984	0.016	0.0
-ogu	0.560554367012	0.439445632988	0.0	0.0
-pei	0.575601185901	0.12622943105	0.00407849534895	0.2940908877
-mga	0.0936754854093	0.844328375156	0.0231633927558	0.0388327466788
-elu	0.195365063544	0.118863692998	0.249688512335	0.436082731124
-oré	0.187667560322	0.812332439678	0.0	0.0
-elo	0.433433939216	0.435888527904	0.0378959342868	0.0927815985934
-ogo	0.425696164671	0.327225503652	0.0748001378501	0.172278193827
-rko	0.23389780007	0.595173064508	0.0233401201768	0.147589015246
-oga	0.202555560693	0.596620408347	0.0155044964983	0.185319534461
-rka	0.242805755396	0.541366906475	0.161870503597	0.0539568345324
-oje	0.204195722594	0.659977031107	0.0213542835676	0.114472962731
-ela	0.182972765338	0.169853889963	0.140349780537	0.506823564163
-oge	0.386630638412	0.35567007301	0.0487782102983	0.20892107828
-chu	0.25860079441	0.657377286829	0.0523614856049	0.0316604331565
-ele	0.338298894762	0.341662662182	0.110523786641	0.209514656415
-tam	0.0	1.0	0.0	0.0
-ter	0.0241935483871	0.951612903226	0.0241935483871	0.0
-sye	0.340037950664	0.457338503424	0.088854054946	0.113769490966
-ito	0.285253402422	0.400545105945	0.0942305878972	0.219970903735
-lás	0.0	1.0	0.0	0.0
-esa	0.535714285714	0.421428571429	0.0428571428571	0.0
-ita	0.015625	0.96875	0.0	0.015625
-spa	0.0	1.0	0.0	0.0
-lyé	0.42927650028	0.33067863152	0.0802019068985	0.159842961301
-uel	0.277798015728	0.570153070335	0.0890493639331	0.0629995500032
-xga	0.29576999945	0.552522048442	0.0458204220833	0.105887530024
-elí	0.0	0.975308641975	0.0123456790123	0.0123456790123
-rrí	0.285162680106	0.509988416282	0.0170707419676	0.187778161644
-spo	0.0	1.0	0.0	0.0
-ndé	0.284589426322	0.374353205849	0.254668166479	0.0863892013498
-fas	0.204918032787	0.795081967213	0.0	0.0
-alí	0.188734455011	0.32699341624	0.140453547915	0.343818580834
-fat	0.0	1.0	0.0	0.0
-udo	0.432913505517	0.384583542569	0.136805960831	0.0456969910832
-alá	0.375894988067	0.321718377088	0.063723150358	0.238663484487
-hul	0.311822887839	0.250791318795	0.0826922525858	0.35469354078
-hun	0.619460036089	0.192421565147	0.0403441005383	0.147774298226
-huo	0.633986928105	0.114379084967	0.00326797385622	0.248366013072
-bbo	0.0193298969072	0.518041237113	0.00773195876289	0.454896907216
-bdé	0.198049512378	0.549387346837	0.0600150037509	0.192548137034
-hub	0.0128762604491	0.026333545751	0.0729467331409	0.887843460659
-abe	0.0710566509303	0.920612329908	0.00520688697585	0.0031241321855
-jad	0.385395993582	0.406440968226	0.0804967960725	0.12766624212
-gad	0.222135799073	0.574368543327	0.103657614255	0.0998380433456
-aba	0.0827363896848	0.877148997135	0.0125358166189	0.0275787965616
-abo	0.0845563149476	0.39325663598	0.0390916005772	0.483095448495
-abi	0.278429202515	0.337396340146	0.0950290604967	0.289145396843
-hus	0.633724077385	0.129866673945	0.0677752152731	0.168634033397
-koe	0.196916024172	0.416545113565	0.386538862263	0.0
-ché	0.298201990421	0.17390429166	0.311357002883	0.216536715036
-tub	0.36677839149	0.39831265468	0.188443446479	0.0464655073509
-tud	0.364922223959	0.543753650251	0.0	0.0913241257907
-aed	0.269682415572	0.526573266111	0.123080420051	0.0806638982659
-kol	0.524038461538	0.266346153846	0.0461538461538	0.163461538462
-tuk	0.317919075144	0.682080924856	0.0	0.0
-gbo	0.23632737185	0.29589787913	0.0656738248787	0.402100924141
-gnu	0.283949976794	0.704173788435	0.0	0.0118762347709
-tuo	0.353634577603	0.312377210216	0.0196463654224	0.314341846758
-tup	0.160424334271	0.808255755214	0.0313199105145	0.0
-tus	0.143923964698	0.655804480652	0.118805159538	0.081466395112
-iyé	0.523964832672	0.403715258083	0.0127623369257	0.0595575723199
-oro	0.092240552782	0.74113135187	0.0476080272424	0.119020068106
-kor	0.264635124298	0.320769847634	0.366479550922	0.0481154771451
-ómo	0.180746561886	0.278978388998	0.16699410609	0.373280943026
-ris	0.245067523006	0.550529767445	0.0372131582029	0.167189551346
-gma	0.262680810029	0.12806171649	0.157762777242	0.451494696239
-nyé	0.63670411985	0.340823970037	0.0	0.0224719101124
-lix	0.0818587153407	0.878431099345	0.0	0.0397101853142
-jed	0.45147311574	0.406151490221	0.117287218878	0.0250881751611
-rus	0.297311885998	0.579617834395	0.123070279607	0.0
-pak	0.179113844824	0.0496338123809	0.0385127175391	0.732739625256
-gmo	0.64842492527	0.244653943435	0.0	0.106921131295
-rut	0.0697674418605	0.93023255814	0.0	0.0
-dga	0.252748183549	0.43735327894	0.127700634658	0.182197902853
-lil	0.424465624942	0.276785419743	0.0853522911008	0.213396664215
-ruk	0.0743691899071	0.849712262063	0.0712704736609	0.00464807436919
-lin	0.303259412397	0.361974155459	0.0720081059539	0.262758326189
-lio	0.140523738599	0.634394193744	0.0455045853279	0.179577482329
-omo	0.278792692613	0.416501191422	0.168884034948	0.135822081017
-sué	0.1953125	0.8046875	0.0	0.0
-sbi	0.252770448549	0.188918205805	0.0759894459103	0.482321899736
-lid	0.282791426242	0.48987978128	0.16479247175	0.0625363207277
-kár	0.761194029851	0.149253731343	0.0	0.089552238806
-oma	0.362633075586	0.480046960097	0.0340688050911	0.123251159225
-dgu	0.359724209824	0.131682510374	0.183451290201	0.325141989601
-lia	0.0724637681159	0.927536231884	0.0	0.0
-ome	0.0248963263542	0.318094492736	0.00668773613874	0.650321444771
-eas	0.0354609929078	0.856185973207	0.0236406619385	0.0847123719464
-diá	0.4	0.1	0.0	0.5
-rdé	0.227386934673	0.270100502513	0.0276381909548	0.474874371859
-dií	0.270983522142	0.26643494679	0.15619636114	0.306385169928
-éde	0.571798188875	0.311772315653	0.019404915912	0.0970245795602
-lne	0.897435897436	0.102564102564	0.0	0.0
--ai	0.147099724961	0.764928870896	0.0129793874965	0.0749920166466
-oda	0.468292682927	0.339024390244	0.163414634146	0.0292682926829
-rne	0.776416539051	0.214395099541	0.0	0.0091883614089
-pmo	0.414607791066	0.348473471182	0.0461530008608	0.190765736891
-ode	0.136850499323	0.656221119595	0.0329898340975	0.173938546985
-iir	0.546001415428	0.384996461429	0.0371549893843	0.031847133758
-tog	0.278410995642	0.332718739524	0.00754274220583	0.381327522628
-rno	0.197368421053	0.697368421053	0.105263157895	0.0
-gii	0.0859347597334	0.579445808488	0.0331462644686	0.30147316731
-bga	0.199541826591	0.509426029187	0.0750653933923	0.21596675083
-odo	0.367840764003	0.292546574878	0.0762809687658	0.263331692353
-nnú	0.359281437126	0.179640718563	0.389221556886	0.0718562874252
-ipa	0.00226500566252	0.99093997735	0.00679501698754	0.0
-uro	0.390081799591	0.391615541922	0.16717791411	0.0511247443763
-rga	0.0881171183709	0.65620047677	0.0352324814028	0.220449923456
-sda	0.325720649805	0.570332533566	0.0519734083143	0.0519734083144
-tpí	0.523749430626	0.193363152353	0.138621106788	0.144266310232
-úga	0.0	0.918918918919	0.0	0.0810810810811
-kye	0.655594405594	0.312937062937	0.0	0.0314685314685
-koa	0.664215686275	0.335784313725	0.0	0.0
-nná	0.335557299843	0.479984301413	0.0019623233909	0.182496075353
-sdo	0.553973254279	0.166458089792	0.0326894388185	0.246879217111
-íje	0.234375	0.640625	0.0	0.125
-ukí	0.718867924528	0.18679245283	0.0377358490566	0.0566037735849
-chí	0.831522306969	0.0258593668373	0.0235085153067	0.119109810887
-nio	0.200014185403	0.283637137386	0.255337257962	0.26101141925
-mis	0.278884778946	0.277005600051	0.030455579621	0.413654041382
-bye	0.0913452333159	0.628370031809	0.0570705043081	0.223214230567
-was	0.438150677264	0.376021493339	0.0660472405687	0.119780588828
-pan	0.078374455733	0.836217483532	0.0580551523948	0.0273529083399
-ape	0.448598130841	0.308411214953	0.102803738318	0.140186915888
-pab	0.0742905436835	0.596192339623	0.00756732099059	0.321949795703
-api	0.153851439566	0.318119975263	0.137016422731	0.391012162441
-pad	0.205886514787	0.659685863874	0.0240554690817	0.110372152257
-apo	0.537213774381	0.245783171469	0.04400239161	0.173000662541
-wag	0.544326241135	0.265957446808	0.0354609929078	0.154255319149
-wad	0.128099752733	0.440423755853	0.252023177796	0.179453313618
-waa	0.187287173666	0.170261066969	0.16458569807	0.477866061294
-aín	0.700999048525	0.299000951475	0.0	0.0
-wao	0.43023255814	0.418604651163	0.0	0.151162790698
-wan	0.26140633387	0.523886205046	0.0751476113795	0.139559849705
-pas	0.325153374233	0.21472392638	0.386503067485	0.0736196319019
-pat	0.251012818648	0.64718592234	0.0581721480065	0.043629111005
-dun	0.383857054837	0.56438693777	0.0258780036968	0.0258780036969
-keg	0.237255965199	0.0861085357165	0.0605351857184	0.616100313366
-nul	0.149943630214	0.714768883878	0.0	0.135287485908
-gbi	0.429962013295	0.308404558404	0.114434947768	0.147198480532
-ppí	0.422866092404	0.318715740016	0.0469851213782	0.211433046202
-jan	0.437315861777	0.382753883546	0.114952974744	0.0649772799324
-ini	0.126129040956	0.769823937016	0.0110275283777	0.0930194936504
-ken	0.318595578674	0.152145643693	0.386215864759	0.143042912874
-nue	0.327519116616	0.165641852082	0.074880601453	0.431958429849
-ael	0.401787468081	0.518463956001	0.0530347672363	0.026713808682
-amo	0.265207957751	0.407685782298	0.0784730248073	0.248633235143
-omé	0.0141509433962	0.915094339623	0.0	0.0707547169812
-sel	0.954370340721	0.0456296592786	0.0	0.0
-rón	0.183789954338	0.593607305936	0.0513698630137	0.171232876712
-kep	0.149343399574	0.0348476527147	0.0334939703118	0.7823149774
-nuu	0.545791245791	0.0542087542088	0.0	0.4
-kat	0.635011441648	0.12585812357	0.147597254005	0.091533180778
-nus	0.732073718445	0.249341799597	0.0185844819576	0.0
-fes	0.209054593875	0.727030625832	0.0639147802929	0.0
-ydo	0.18045112782	0.593984962406	0.0338345864662	0.191729323308
-dil	0.416873090052	0.381487440095	0.105288694808	0.0963507750453
-din	0.26883969198	0.339692301435	0.0569684657906	0.334499540794
-dio	0.481616321947	0.356508885993	0.0585283353665	0.103346456693
-dii	0.397726848996	0.231375596427	0.0380849471611	0.332812607416
-dik	0.198470238527	0.120659029943	0.481856738926	0.199013992605
--ti	0.434210526316	0.407894736842	0.0789473684211	0.0789473684211
-iis	0.56627565849	0.18565080347	0.0795582623408	0.168515275699
-dir	0.555085071984	0.347909769805	0.0646701054738	0.0323350527369
-odé	0.446596920103	0.230643457134	0.11396570293	0.208793919833
--ta	0.426751592357	0.496815286624	0.0254777070064	0.0509554140128
-sli	0.770842894294	0.202386415787	0.0	0.0267706899189
-éje	0.0261780104712	0.947643979058	0.0261780104712	0.0
-sús	0.0171536017643	0.490060596611	0.00218340320369	0.490602398421
-uku	0.328822774296	0.360252855956	0.271928026666	0.0389963430815
--tu	0.83551931939	0.127259836937	0.0212690535271	0.0159517901453
-ama	0.407660337978	0.304132261667	0.172862923159	0.115344477196
