-hew	0.0453038674033	0.948066298343	0.00662983425416	0.0
-eus	0.0	1.0	0.0	0.0
-hel	0.16134946828	0.79831316465	0.0	0.04033736707
-hem	0.0670314637483	0.930916552668	0.0	0.00205198358413
-rbe	0.0448430493273	0.955156950673	0.0	0.0
-eud	0.0	1.0	0.0	0.0
-lem	0.00509555178711	0.992409666058	0.000489172971562	0.00200560918341
-ufu	0.118832038062	0.838727948344	0.0339520108748	0.00848800271871
-aus	0.0927010577207	0.894055934033	0.0132430082458	0.0
-aua	0.547640133877	0.390424052203	0.033646041542	0.0282897723784
-fii	0.622704725032	0.27575873205	0.0468129065882	0.0547236363298
-ufa	0.266485998193	0.465785907859	0.215108401084	0.0526196928636
-aul	0.0245142142715	0.95436593716	0.00292114088078	0.0181987076873
-pus	0.120535714286	0.870535714286	0.00892857142857	0.0
ALL	0.241792012252	0.278740806537	0.0534412333684	0.426025947842
-'iu	0.115159391138	0.150269876525	0.0220541308992	0.712516601438
-opa	0.0615384615384	0.911111111111	0.017094017094	0.0102564102564
-'ia	0.172128393336	0.031786056248	0.00828864895954	0.787796901457
-dea	0.0401215805471	0.941337386018	0.00805471124619	0.0104863221885
-imu	0.310448855306	0.512399909778	0.0907465884741	0.0864046464418
-dee	0.11486849168	0.796564680623	0.0273752012882	0.061191626409
-oku	0.290766607363	0.362623664244	0.044610767157	0.301998961236
-dek	0.0763398692811	0.911111111111	0.00313725490196	0.00941176470587
-gki	0.0426709444556	0.956206135953	0.00112291959094	0.0
-ima	0.118455091861	0.489837965114	0.0756537162686	0.316053226756
-oko	0.0934319231065	0.0762987101844	0.0271506385153	0.803118728194
-des	0.0	1.0	0.0	0.0
-oki	0.074074074074	0.925925925926	0.0	0.0
-siu	0.589774078478	0.36385255648	0.0178359096314	0.0285374554102
-oke	0.382178002414	0.126494297226	0.0328728502722	0.458454850088
-nae	0.115300546448	0.819672131148	0.0584699453552	0.00655737704919
-oka	0.350835607909	0.551176352642	0.0084538700701	0.0895341693787
-obi	0.473684210526	0.385964912281	0.0	0.140350877193
-obo	0.438445900158	0.465326406144	0.0747684662299	0.0214592274678
-idi	0.666666666667	0.115342763874	0.00870511425464	0.209285455205
-oba	0.435510887772	0.358458961474	0.035175879397	0.170854271357
-obe	0.232558139535	0.767441860465	0.0	0.0
-bia	0.0850591715976	0.859467455621	0.0184911242603	0.0369822485207
-idu	0.426631917086	0.192738953876	0.0775804594218	0.303048669616
-eja	0.0012599748005	0.997480050399	0.0012599748005	0.0
-ter	0.0126422693049	0.982034669935	0.00315181229207	0.00217124846787
-tes	0.0181818181818	0.981818181818	0.0	0.0
-ute	0.534139680062	0.315645727663	0.102614124073	0.0476004682013
-ril	0.0	0.723076923077	0.276923076923	0.0
-rim	0.0	1.0	0.0	0.0
-rik	0.0346487006737	0.43291626564	0.495476419634	0.036958614052
-a'u	0.1593522713	0.132391022927	0.203045462187	0.505211243586
-eru	0.0380952380952	0.866666666667	0.095238095238	0.0
-tea	0.799843797956	0.0600121638175	0.00820413450511	0.131939903721
-a'i	0.228265504622	0.221763579813	0.0619681621624	0.488002753403
-riu	0.0	1.0	0.0	0.0
-a'o	0.148391654144	0.467089310494	0.120130547172	0.26438848819
-ris	0.00384286934244	0.98462852263	0.0115286080273	0.0
-utu	0.130609690685	0.80144823887	0.0531914893617	0.0147505810835
-a'a	0.243681975889	0.238876407099	0.0671064404116	0.450335176601
-sia	0.547276458441	0.0992816891091	0.0184105421509	0.335031310299
-a'e	0.44384986465	0.231916977356	0.0309367048443	0.29329645315
-teo	0.376993254996	0.172337696729	0.0566410678464	0.394027980428
-are	0.316666320015	0.40816156742	0.23586181077	0.039310301795
-e'e	0.270889352695	0.0156008836033	0.00191698884292	0.711592774859
-ara	0.244937055034	0.492601014751	0.183687371369	0.078774558847
-mes	0.00501138952164	0.986788154897	0.00728929384966	0.000911161731208
-eri	0.191017360451	0.0631981794394	0.0323490646282	0.713435395481
-e'o	0.282097862988	0.1632324588	0.0243404956767	0.530329182535
-aro	0.184856703071	0.286300667009	0.478120647951	0.0507219819688
-ari	0.411736637366	0.277468863546	0.139104242609	0.17169025648
-e'i	0.255681818182	0.667613636364	0.0596590909091	0.0170454545455
-ark	0.124954329558	0.849470222872	0.0	0.0255754475703
-aru	0.0435019833955	0.920369250734	0.0225620456255	0.0135667202454
-arp	0.0540166204986	0.937673130194	0.00831024930747	0.0
-lum	0.0857142857143	0.625	0.171428571429	0.117857142857
-lun	0.0	1.0	0.0	0.0
-lua	0.733626735908	0.167289661926	0.0155547200989	0.0835288820669
-meo	0.0526444065318	0.376066292956	0.565439922008	0.00584937850354
-jiu	0.0363339871063	0.788861735223	0.131016683867	0.043787593803
-ary	0.0203836930456	0.846560846561	0.00570971793993	0.127345742454
-mek	0.0	1.0	0.0	0.0
-rai	0.147086924307	0.570574815739	0.048746246539	0.233592013415
-era	0.238850822213	0.137272096792	0.0566165069866	0.567260574008
-mor	0.027027027027	0.945945945946	0.027027027027	0.0
-ubu	0.610531549422	0.176872643191	0.08931539837	0.123280409018
-ubi	0.112280701754	0.880701754386	0.0	0.00701754385964
-uba	0.0527176287051	0.883032761311	0.0642496099844	0.0
-suu	0.294857964761	0.58863718087	0.0302049622438	0.0862998921251
-umu	0.16010978957	0.743824336688	0.0521500457456	0.0439158279964
-ota	0.444399185336	0.477800407332	0.0325865580448	0.0452138492872
-ote	0.22	0.673333333333	0.08	0.0266666666667
-oti	0.0451474893042	0.939202882234	0.00653006079711	0.00911956766494
-iga	0.0365157734441	0.948877917178	0.0146063093777	0.0
-oto	0.275185893009	0.528160984149	0.168066552106	0.0285865707357
-uma	0.0607732745414	0.905831652759	0.00744191921788	0.0259531534813
-ako	0.300172713174	0.378697965911	0.239103815007	0.0820255059085
-kia	0.0243781613576	0.0395008145256	0.0142575496327	0.921863474484
-nai	0.10299012477	0.0583867087701	0.00747229318412	0.831150873276
-nan	0.023023023023	0.827827827828	0.108108108108	0.0410410410411
-aki	0.0239312437159	0.928937097805	0.0252862278299	0.0218454306492
-nam	0.0	1.0	0.0	0.0
-sis	0.0	1.0	0.0	0.0
-kii	0.0	1.0	0.0	0.0
-sip	0.0167968967501	0.975779060487	0.00278401603593	0.00464002672655
-aka	0.190416148049	0.359564448613	0.058246903244	0.391772500094
-ufi	0.336194736178	0.270014162121	0.0938345695978	0.299956532103
-kis	0.0	0.980769230769	0.0192307692308	0.0
-sin	0.0	0.866666666667	0.0333333333333	0.1
-nas	0.0747663551402	0.890965732087	0.018691588785	0.0155763239876
-aku	0.177606305979	0.219801915833	0.0554996459511	0.547092132238
-aks	0.324324324324	0.675675675676	0.0	0.0
-nau	0.0458178036942	0.0328375473786	0.00478178946988	0.916562859457
-mos	0.0344827586207	0.954022988506	0.0114942528736	0.0
-gol	0.0	0.687239182956	0.312760817044	0.0
-gon	0.0	1.0	0.0	0.0
-goa	0.880892687692	0.0761921936222	0.0208780511718	0.0220370675136
-amu	0.0877533617485	0.0745199973985	0.0126769446109	0.825049696242
-goe	0.518518518519	0.481481481481	0.0	0.0
-god	0.0741576055318	0.856104767174	0.0149364595339	0.05480116776
-gog	0.034188034188	0.948717948718	0.017094017094	0.0
-mon	0.0145063510393	0.977915704388	0.000433025404158	0.00714491916859
-got	0.0157992565056	0.972118959108	0.0120817843866	0.0
-u'u	0.688014312889	0.171171237333	0.0259119448211	0.114902504957
-ofu	0.0	0.376623376623	0.545454545455	0.0779220779221
-eor	0.09375	0.90625	0.0	0.0
-bet	0.0191021967526	0.961795606495	0.00764087870104	0.0114613180516
-ofo	0.616306253653	0.3357685564	0.0157802454705	0.0321449444769
-ben	0.0	1.0	0.0	0.0
-bel	0.0963174221955	0.870659461623	0.00550385269688	0.0275192634845
-ofi	0.241042345277	0.652354160498	0.044418122594	0.0621853716316
-ofe	0.40499510284	0.484329089128	0.0620959843291	0.0485798237023
-bed	0.287878787879	0.712121212121	0.0	0.0
-ofa	0.0746073298429	0.856020942408	0.0431937172775	0.0261780104712
-ren	0.0374280230326	0.945297504798	0.00575815738965	0.0115163147793
-rel	0.0	0.6875	0.28125	0.03125
-rem	0.0344827586207	0.931034482759	0.0344827586207	0.0
-rea	0.357926632281	0.555014649036	0.0631078235877	0.0239508950951
-fet	0.0111040741135	0.980667261473	0.00508512969391	0.00314353471988
-red	0.0	1.0	0.0	0.0
-eve	0.317647058823	0.635294117647	0.0117647058824	0.0352941176471
-res	0.0337922403004	0.921151439299	0.0300375469337	0.0150187734668
-rep	0.0321825629023	0.900526623757	0.0321825629023	0.0351082504388
-ist	0.0120674379664	0.946904868349	0.00571419556145	0.0353134981229
-rew	0.00441826215022	0.989690721649	0.0	0.0058910162003
-ret	0.0186815850063	0.977346474398	0.00316408827133	0.000807852324595
-dia	0.583610755442	0.379769526248	0.0166453265045	0.0199743918054
-hab	0.0333333333333	0.944444444444	0.0222222222222	0.0
-kwa	0.258432951789	0.33339865691	0.02611102984	0.382057361461
-mas	0.0169683257919	0.965214932127	0.0118778280543	0.00593891402715
-ham	0.0377039424026	0.930906346165	0.0272528014864	0.004136909946
-mai	0.397058823529	0.323529411765	0.191176470588	0.0882352941176
-has	0.0	1.0	0.0	0.0
-man	0.0300107181136	0.639871382637	0.33011789925	0.0
-maa	0.0755793774476	0.42709578243	0.0598880947363	0.437436745386
-mae	0.434932443611	0.266698225296	0.221273541541	0.0770957895517
-uni	0.119669876204	0.809720311784	0.0541036221916	0.0165061898212
-lae	0.196566523605	0.767381974249	0.0128755364807	0.0231759656652
-una	0.0615282314056	0.79582347304	0.0775948054996	0.065053490055
-mfa	0.0714285714286	0.928571428571	0.0	0.0
-unu	0.359002115829	0.53933966442	0.0724302514392	0.0292279683118
-666	0.194444444444	0.0555555555555	0.0	0.75
-gae	0.0	1.0	0.0	0.0
-ade	0.224826388889	0.7109375	0.0460069444445	0.0182291666667
-tra	0.0129449838188	0.987055016181	0.0	0.0
-500	0.157068062827	0.0732984293194	0.0471204188482	0.722513089005
-gaa	0.463476070529	0.445843828715	0.0705289672544	0.0201511335013
-ada	0.190400947237	0.211391081076	0.0660767898937	0.532131181793
-ado	0.474084507042	0.357370892019	0.07220657277	0.0963380281691
-gai	0.333648314388	0.504821989383	0.0933826186043	0.0681470776243
-adi	0.0298462915982	0.545838929513	0.243247276526	0.181067502363
-144	0.0	0.0877192982456	0.0	0.912280701754
-adu	0.564462257849	0.419505678023	0.0120240480962	0.00400801603206
-ini	0.0377607891579	0.685585731669	0.0167809861046	0.259872493069
-sel	0.00808486659969	0.980592820218	0.00624739691795	0.00507491626388
-sek	0.0	1.0	0.0	0.0
-u'a	0.186613115765	0.294347559511	0.0521025015903	0.466936823134
-sef	0.0247300046956	0.964470183127	0.005165127563	0.00563468461418
-fea	0.449989508017	0.462680921947	0.0629259939535	0.0244035760824
-sea	0.046587993843	0.92201128784	0.00369420215495	0.0277065161621
-ane	0.188400512962	0.499735975257	0.216248837034	0.0956146747467
-feo	0.609375	0.25	0.109375	0.03125
-uia	0.65477636532	0.198920011064	0.0585094228433	0.0877942007721
-ohn	0.0293740529199	0.947243268446	0.014407273575	0.00897540505887
-ins	0.136363636364	0.863636363636	0.0	0.0
-ses	0.0462330862023	0.923572879199	0.012564535467	0.0176294991314
-ooa	0.767441860465	0.046511627907	0.186046511628	0.0
-aam	0.10152284264	0.888324873096	0.010152284264	0.0
-kuu	0.00640683395619	0.907100907635	0.0800854244528	0.0064068339562
-eda	0.511208545807	0.326115522228	0.137396137769	0.0252797941959
-kus	0.026455026455	0.970899470899	0.0026455026455	0.0
-fua	0.565112837182	0.189019380619	0.063977771291	0.181890010908
-ian	0.0	0.689230769231	0.304615384615	0.00615384615384
-nes	0.0200534759358	0.921122994652	0.0280748663102	0.0307486631016
-nen	0.03125	0.78125	0.0	0.1875
-aoa	0.107991360691	0.719222462203	0.129589632829	0.0431965442765
-fos	0.0	1.0	0.0	0.0
-eoa	0.228511530398	0.545073375262	0.163522012579	0.062893081761
-kua	0.508535031847	0.262929936306	0.0384713375796	0.190063694268
-kum	0.0597014925373	0.940298507463	0.0	0.0
-kui	0.143406938188	0.305074426386	0.0257632996195	0.525755335806
-nea	0.678348439074	0.18469284995	0.0527693856999	0.0841893252769
-eka	0.803078142506	0.0411267215388	0.00535184948694	0.150443286468
-eke	0.0758919147139	0.29301245514	0.595630145662	0.0354654844838
-bae	0.51282051282	0.294871794872	0.0	0.192307692308
-eko	0.054820415879	0.894139886578	0.0453686200378	0.00567107750474
-hos	0.0374288039057	0.93327908869	0.00244100895037	0.026851098454
-eku	0.0575916230367	0.913238593867	0.0291697830965	0.0
-bat	0.00223345718869	0.982741467178	0.00466995593998	0.010355119693
-bas	0.02218217108	0.950921946486	0.021073062526	0.0058228199085
-job	0.0295566502463	0.660098522168	0.192118226601	0.118226600985
-ase	0.0	1.0	0.0	0.0
-isi	0.358820538952	0.375138758816	0.125007881725	0.141032820508
-asa	0.082470225123	0.289174943824	0.271816476195	0.356538354858
-aso	0.0	1.0	0.0	0.0
-asi	0.223877438504	0.179509296064	0.0296822054478	0.566931059984
-mba	0.186440677966	0.440677966102	0.35593220339	0.0169491525424
-asu	0.24885961577	0.254469769271	0.0762958961508	0.420374718808
-lta	0.0	0.9795221843	0.0	0.0204778156997
-ras	0.105431309904	0.821086261981	0.0159744408946	0.0575079872204
-ran	0.0	1.0	0.0	0.0
-rao	0.263305176881	0.665265969959	0.0434966787643	0.0279321743959
-ral	0.0194174757282	0.68932038835	0.291262135922	0.0
-ram	0.0885714285714	0.881428571429	0.0171428571428	0.0128571428571
-rak	0.0	1.0	0.0	0.0
-ero	0.0652962515115	0.847642079807	0.0798065296251	0.00725513905683
-rag	0.0	1.0	0.0	0.0
-rae	0.0133037694013	0.973392461197	0.0	0.0133037694013
-ere	0.569183237862	0.216229993983	0.0610909510058	0.15349581715
-uga	0.318233295583	0.448471121178	0.195922989807	0.0373725934315
-foa	0.295973884657	0.544069640914	0.124047878128	0.0359085963003
-ike	0.437809890935	0.0936337926039	0.0241360683749	0.444420248086
-laa	0.197080291971	0.722627737226	0.0364963503649	0.043795620438
-ika	0.212064308722	0.210928601356	0.134453538694	0.442553551228
-iko	0.0692685833458	0.67972590496	0.0387308207955	0.212274690898
-lam	0.037037037037	0.962962962963	0.0	0.0
-nor	0.0	0.952380952381	0.0476190476191	0.0
-lao	0.750521742106	0.198775189025	0.0379759827568	0.0127270861131
-lai	0.141879562044	0.61405109489	0.244069343066	0.0
-iki	0.320197580042	0.575783734706	0.0372796111925	0.0667390740602
-lak	0.113793103448	0.886206896552	0.0	0.0
-lat	0.0624140775364	0.881770690129	0.0365686004949	0.0192466318394
-lau	0.204787234043	0.385638297872	0.267287234043	0.142287234043
-iku	0.356974497476	0.306943743042	0.0319035015638	0.304178257918
-nok	0.0697674418605	0.918604651163	0.0	0.0116279069767
-iks	0.0347826086956	0.913043478261	0.0334448160535	0.01872909699
-non	0.0	1.0	0.0	0.0
-las	0.0577819198509	0.909466116363	0.0199707096259	0.0127812541606
-noa	0.0729344393753	0.830614922506	0.0111884816991	0.0852621564195
-isu	0.286203832974	0.479248635614	0.186381520498	0.0481660109151
-geo	0.0630323679727	0.911413969336	0.0204429301533	0.00511073253833
-boa	0.218649517685	0.543408360129	0.0836012861736	0.154340836013
-bol	0.0309174864485	0.907247540654	0.0541056012849	0.00772937161214
-gea	0.67734282325	0.107878026656	0.200683832252	0.0140953178424
-doe	0.106173216817	0.196009370891	0.440672335628	0.257145076663
-doa	0.194415718718	0.799379524302	0.00620475698035	0.0
-don	0.0348288075561	0.94746162928	0.0141676505313	0.00354191263282
-dom	0.00459242013257	0.971680075849	0.021431293952	0.00229621006629
-dok	0.0	1.0	0.0	0.0
-get	0.157894736842	0.763157894737	0.0526315789474	0.0263157894737
-sar	0.0147783251232	0.837438423645	0.0	0.147783251232
-sau	0.145287831337	0.808962644884	0.0129790462661	0.0327704775127
-toa	0.679533371967	0.268613469727	0.0299327269521	0.0219204313538
-olu	0.150131562803	0.136177725668	0.62633437402	0.0873563375098
-lfa	0.0425531914894	0.911025145068	0.046421663443	0.0
-oli	0.623037598613	0.135639100076	0.0193185575663	0.222004743744
-'ui	0.918625292906	0.0306752822552	0.0339416317546	0.0167577930839
-ibi	0.525606469003	0.274932614555	0.129380053908	0.0700808625337
-sae	0.753229206704	0.159218234972	0.0323794215964	0.0551731367273
-sad	0.0	1.0	0.0	0.0
-sak	0.0120473130841	0.971159462617	0.00438084112149	0.0124123831776
-ola	0.245165964617	0.598460049815	0.121065228708	0.0353087568595
-'ua	0.270113209197	0.135462965325	0.157065463108	0.43735836237
-sao	0.0	1.0	0.0	0.0
-ole	0.487070838766	0.390156453716	0.0898522381574	0.0329204693612
-sam	0.0457097032879	0.954290296712	0.0	0.0
-ngu	0.371471095375	0.477213427932	0.14115745347	0.0101580232223
-lon	0.0476103584903	0.43019057316	0.0434985548025	0.478700513547
-lom	0.0	0.96421471173	0.0	0.0357852882703
-iem	0.0	1.0	0.0	0.0
-lok	0.209523809524	0.790476190476	0.0	0.0
-ros	0.0793650793651	0.889880952381	0.0138888888889	0.0168650793651
-loe	0.0869565217391	0.884057971014	0.0	0.0289855072464
-loa	0.78968014593	0.125963987069	0.0422619155123	0.0420939514891
-rod	0.0265368228849	0.921911138162	0.0483870967742	0.00316494217894
-roa	0.0745341614906	0.925465838509	0.0	0.0
-rom	0.0676502338971	0.773597902637	0.135310748985	0.0234411144811
-ron	0.0145328719723	0.968858131488	0.0145328719723	0.00207612456747
-los	0.0329949238579	0.941624365482	0.0116751269035	0.0137055837563
-ipa	0.0207948243993	0.968114602588	0.00277264325324	0.00831792975971
-ida	0.441693305969	0.226301866868	0.0561506077134	0.275854219449
-ipt	0.0259057032402	0.891594595672	0.0723366944323	0.0101630066558
-tia	0.0	1.0	0.0	0.0
-sto	0.0196078431373	0.862745098039	0.078431372549	0.0392156862745
-udu	0.383096853794	0.466995681678	0.0832819247378	0.0666255397903
-isa	0.0	1.0	0.0	0.0
-200	0.114285714286	0.52380952381	0.0571428571428	0.304761904762
-iok	0.0174025136964	0.957782790848	0.00386722526587	0.0209474701901
-fai	0.102876051152	0.160637574431	0.0165032923654	0.719983082052
-ois	0.0116959064327	0.918128654971	0.0701754385964	0.0
-ion	0.032080659945	0.913840513291	0.0467461044913	0.00733272227314
-leo	0.397058823529	0.117647058823	0.485294117647	0.0
-mum	0.0	1.0	0.0	0.0
-lea	0.382515669127	0.427145121836	0.142938131883	0.0474010771541
-olo	0.206540501629	0.275726524482	0.259823817132	0.257909156756
-leg	0.0	1.0	0.0	0.0
-muu	0.535452322738	0.251833740831	0.18337408313	0.0293398533007
-tiu	0.0824464502223	0.886434056311	0.0123939108177	0.0187255826485
-mus	0.147796610169	0.703728813559	0.0162711864407	0.13220338983
-ios	0.0	1.0	0.0	0.0
-les	0.0384615384615	0.961538461538	0.0	0.0
-oik	0.174545454545	0.476363636364	0.349090909091	0.0
-sai	0.792839882584	0.112502229935	0.0300433012763	0.0646145862052
-iot	0.0	1.0	0.0	0.0
-fta	0.0	1.0	0.0	0.0
-ifa	0.00155471925471	0.998445280745	0.0	0.0
-ifi	0.223337592823	0.663841396186	0.0957618340105	0.0170591769812
-alu	0.534213648815	0.177280815778	0.0578332567837	0.230672278623
-eea	0.765977443609	0.198308270677	0.0131578947368	0.0225563909774
-iba	0.0240480961924	0.963927855711	0.00601202404809	0.00601202404809
-alo	0.501929700754	0.396329799761	0.047738381737	0.0540021177479
-ifu	0.179110623113	0.72412846555	0.0679385122152	0.0288223991216
-ali	0.229653325828	0.436466509684	0.0769234731873	0.256956691301
-nda	0.0	0.986501687289	0.0134983127109	0.0
-ale	0.291734038904	0.63692488608	0.0420402763487	0.0293007986672
-nde	0.0	0.932915921288	0.0	0.0670840787119
-gia	0.620445549103	0.189820397879	0.0626902172475	0.127043835771
-ala	0.160229733615	0.37078039336	0.0767489910454	0.39224088198
-fat	0.0157870996843	0.984212900316	0.0	0.0
-fau	0.0357337007313	0.225579965397	0.0538284818871	0.684857851985
-iel	0.0407874988964	0.953774167917	0.0027191665931	0.0027191665931
-gwa	0.0614457831325	0.589156626506	0.338554216867	0.010843373494
-pen	0.163187855787	0.717267552182	0.0	0.11954459203
-loi	0.0439680910617	0.925662437022	0.0237917521926	0.00657771972383
-elo	0.304022450889	0.531980823199	0.0952993451824	0.0686973807296
-ogo	0.0437909150382	0.0245364688332	0.108852070321	0.822820545808
-oga	0.615605968179	0.0932494641506	0.0420429279545	0.249101639716
-ela	0.0359296845093	0.924927369837	0.0213461398595	0.0177968057943
-oge	0.253858924885	0.282733554698	0.4539845643	0.00942295611594
-ele	0.0268788588461	0.922823078561	0.0327336597829	0.0175644028103
-ito	0.116045845272	0.875358166189	0.00859598853868	0.0
-esi	0.268907563025	0.683193277311	0.0453781512605	0.00252100840336
-uta	0.138227443914	0.537876423668	0.0224134733032	0.301482659115
-iti	0.380389535757	0.459190697598	0.0746677630929	0.085752003552
-esa	0.0	0.976872246696	0.023127753304	0.0
-ita	0.145872124258	0.336465528449	0.0563934972847	0.461268850009
-spa	0.0848656294201	0.826025459689	0.0848656294201	0.004243281471
-faa	0.0666666666667	0.833333333333	0.0	0.1
-bru	0.126024590164	0.805840163934	0.0589139344262	0.00922131147541
-fae	0.106504559271	0.672583586626	0.210699088146	0.0102127659574
-ria	0.336697965895	0.578334361914	0.0546321339668	0.0303355382239
-fan	0.0	1.0	0.0	0.0
-fao	0.0200716845878	0.962724014337	0.0172043010753	0.0
-o'i	0.0795081157696	0.88086138571	0.0293721778363	0.0102583206837
-fas	0.0632065775951	0.909044193217	0.0123329907503	0.0154162384378
-uda	0.448774481462	0.416901122172	0.0776013187297	0.0567230776363
-o'o	0.375802869424	0.202529860361	0.0642874608007	0.357379809415
-ude	0.037037037037	0.888888888889	0.0740740740741	0.0
-o'a	0.182056545015	0.572353244982	0.172347709604	0.0732425003991
-udi	0.398337633689	0.167713852396	0.266825550019	0.167122963897
-o'e	0.257425742574	0.574257425742	0.019801980198	0.148514851485
-abu	0.135344172887	0.70431463624	0.121452209491	0.0388889813815
-gua	0.806207418622	0.133232399697	0.0582891748675	0.00227100681302
-ia'	0.413407821229	0.486033519553	0.100558659218	0.0
-abe	0.158347157291	0.27371437189	0.486502789926	0.0814356808928
-gad	0.0	1.0	0.0	0.0
-aba	0.251707317073	0.634573170732	0.0320121951219	0.0817073170732
-lot	0.0451679131838	0.811115999413	0.143716087403	0.0
-aea	0.806083627251	0.0921075402536	0.00528713843451	0.0965216940606
-tua	0.525986327563	0.0529057602748	0.0174887632172	0.403619148945
-koa	0.577984639649	0.240982651032	0.135774531989	0.0452581773298
-kob	0.00392054364872	0.994772608468	0.0	0.0013068478829
-kom	0.0	0.810126582278	0.0379746835443	0.151898734177
-kol	0.289617486339	0.699453551913	0.0109289617486	0.0
-ael	0.0332231460149	0.936113615368	0.0158602958363	0.0148029427805
-sos	0.136363636364	0.80303030303	0.0	0.060606060606
-aen	0.01239265517	0.938874537457	0.0407037631781	0.00802904419465
-son	0.019410496046	0.976276060388	0.00431344356578	0.0
-oro	0.141520435933	0.223201882394	0.526941658291	0.108336023383
-kos	0.0517928286853	0.92828685259	0.00796812749006	0.011952191235
-ora	0.255749548066	0.36868931255	0.24583722424	0.129723915144
-soa	0.0422807465063	0.844273771924	0.0151638982029	0.0982815833666
-ore	0.037309630228	0.027526259338	0.0130110522175	0.922153058217
-liu	0.198470242538	0.0740034200389	0.131552175956	0.595974161467
-lip	0.00228702115495	0.99695063846	0.0	0.000762340384984
-omu	0.22966507177	0.529049897471	0.038961038961	0.202323991798
-lis	0.0143369175627	0.851851851852	0.0	0.133811230585
-lim	0.0	0.966666666667	0.0333333333333	0.0
-lin	0.0	0.965517241379	0.0	0.0344827586207
-rui	0.62987012987	0.350649350649	0.00649350649351	0.012987012987
-omo	0.598731165741	0.175257731959	0.202220459952	0.0237906423473
-lif	0.0306122448979	0.964063886424	0.0	0.00532386867791
-rua	0.475038683932	0.37103998697	0.120938187149	0.0329831419497
-lia	0.267796799428	0.202059259396	0.0373944535434	0.492749487632
-ome	0.0122762148337	0.975447570332	0.0122762148338	0.0
-eas	0.0706347246234	0.906396641146	0.010372931588	0.0125957026426
-afo	0.147085170047	0.81040072436	0.0289668731429	0.0135472324507
-abi	0.933333333333	0.0	0.0666666666667	0.0
-oda	0.308835537824	0.51117599697	0.0518494690379	0.128138996168
-rna	0.0	1.0	0.0	0.0
-eam	0.0230998509687	0.970193740686	0.00223546944859	0.00447093889718
-odo	0.0175439453841	0.671581251924	0.276500398282	0.0343744044099
-uri	0.640942590165	0.0964602712667	0.0273181385716	0.235278999996
-ura	0.706047570476	0.16460449096	0.0955696483215	0.033778290242
-rga	0.0	0.986842105263	0.0	0.0131578947368
-uru	0.517725849618	0.382083753675	0.0572420006822	0.0429483960254
-wau	0.256401126269	0.125600800244	0.0125750228465	0.605423050641
-dus	0.0351906158358	0.929618768328	0.0351906158357	0.0
-e'a	0.202096841875	0.413726562459	0.260457470952	0.123719124714
-pad	0.0	1.0	0.0	0.0
-pae	0.0	0.979274611399	0.00518134715025	0.0155440414508
-dua	0.461412151067	0.429802955665	0.0513136288999	0.0574712643679
-wae	0.0146988218475	0.472113248453	0.0133940570445	0.499793872656
-sop	0.0	0.909407665505	0.0905923344948	0.0
-waa	0.880434782609	0.0869565217391	0.0	0.0326086956522
-wao	0.00738007380074	0.234791776489	0.752134949921	0.00569319978914
-dui	0.444051825677	0.391048292108	0.143698468787	0.0212014134275
-pas	0.0748065348237	0.835769561479	0.0275150472915	0.0619088564058
-wai	0.14953877629	0.675200168099	0.0746256561417	0.100635399469
-lus	0.118316268487	0.863481228669	0.0182025028441	0.0
-kea	0.461594822323	0.445765661253	0.0570582488705	0.035581267554
-kem	0.0759493670886	0.886075949367	0.0379746835443	0.0
-sus	0.00521239224718	0.838498370756	0.00343493955979	0.152854297437
-nua	0.40414507772	0.353071798668	0.118430792006	0.124352331606
-sui	0.169222508094	0.0379471714152	0.0190324837563	0.773797836735
-oru	0.0574837516915	0.138582346999	0.791354565727	0.0125793355824
-nus	0.0	1.0	0.0	0.0
-sua	0.352540267406	0.290133231922	0.229602447236	0.127724053436
-i'a	0.262365488525	0.448596989678	0.106307962963	0.182729558835
-fes	0.0816326530612	0.857142857143	0.0204081632653	0.0408163265306
-lui	0.48861047836	0.227790432802	0.126423690205	0.157175398633
-i'i	0.30366926123	0.327518569456	0.181152828669	0.187659340646
-i'o	0.513101308684	0.295660679867	0.0740347463428	0.117203265106
-ori	0.264592919332	0.566681161095	0.153387199612	0.0153387199613
-dis	0.0133333333333	0.986666666667	0.0	0.0
-fen	0.161057023644	0.788317107093	0.00778859527121	0.0428372739917
-mea	0.120468488567	0.766871165644	0.0948131622978	0.0178471834914
-'oi	0.35091563625	0.413635042372	0.148693066207	0.0867562551707
-uku	0.482281372007	0.395833655083	0.0908972679328	0.0309877049771
-'oa	0.565912391468	0.354214087814	0.0543819715525	0.0254915491652
-'oe	0.0411614422767	0.0741134813174	0.00838280608342	0.876342270323
-afu	0.352552174286	0.452062637772	0.141278520512	0.05410666743
-afi	0.429452556361	0.344702278623	0.0656124125128	0.160232752502
-uka	0.222189034005	0.462665040312	0.0377803825901	0.277365543093
-uke	0.288674782174	0.103973882986	0.0273063630212	0.58004497182
-mel	0.00836820083682	0.991631799163	0.0	0.0
-afa	0.157153669943	0.752018807112	0.0332332492895	0.0575942736555
-afe	0.438882926063	0.468746273234	0.0629863725763	0.0293844281271
-efe	0.316666666667	0.35	0.266666666667	0.0666666666667
-efa	0.447513812155	0.419889502762	0.132596685083	0.0
-ais	0.138888888889	0.861111111111	0.0	0.0
-tis	0.0	0.992592592593	0.00740740740741	0.0
-efo	0.661746050869	0.183619522773	0.135783483456	0.0188509429015
-efi	0.578849721707	0.148423005566	0.111317254174	0.161410018553
-nga	0.214269741335	0.65239834454	0.0586495940535	0.0746823200712
-aia	0.171161664942	0.130922910091	0.0389616991057	0.658953725861
-nge	0.382413087935	0.513292433538	0.0613496932515	0.0429447852761
-dau	0.495245811565	0.297516274132	0.0812449361607	0.125992978143
-ngi	0.19851894402	0.598063723279	0.0647175966582	0.138699736043
-ngo	0.332254715033	0.592283034828	0.0243602949042	0.0511019552344
-eme	0.488647166077	0.431127179791	0.0364662064237	0.0437594477084
-ema	0.145317545748	0.645855758881	0.166846071044	0.0419806243272
-kim	0.0	1.0	0.0	0.0
-260	0.0976744186046	0.204651162791	0.0	0.697674418605
-emu	0.127046103018	0.840516594083	0.00540621714971	0.0270310857486
-das	0.0938250671189	0.889077292638	0.000847816871557	0.0162498233715
-set	0.0	1.0	0.0	0.0
-ana	0.174836838784	0.146160983606	0.0408460840258	0.638156093584
-rit	0.0629519353466	0.856231390898	0.00510421097405	0.0757124627818
-int	0.145033516149	0.801950030469	0.00426569165143	0.0487507617306
-ani	0.211025877553	0.146085794401	0.0303563640618	0.612531963984
-rus	0.00522648083624	0.973867595819	0.0209059233449	0.0
-ons	0.246153846154	0.661538461538	0.0923076923077	0.0
-lel	0.0	1.0	0.0	0.0
-ga'	0.226666666667	0.666666666667	0.0266666666667	0.08
-000	0.144271570014	0.278642149929	0.0509193776521	0.526166902405
-eta	0.194003185673	0.247739894098	0.252991949718	0.305264970511
-rut	0.0	1.0	0.0	0.0
-ete	0.8	0.173333333333	0.0266666666667	0.0
-'ae	0.293844578136	0.355940135438	0.049799436285	0.300415850141
-bui	0.0136859056357	0.932453433476	0.0538606608887	0.0
-'aa	0.141304347826	0.673913043478	0.163043478261	0.0217391304348
-'ao	0.0291262135922	0.922330097087	0.0291262135922	0.0194174757281
-bua	0.683205237474	0.180894986537	0.0982871107156	0.0376126652738
-'ai	0.162016741343	0.642476356771	0.0246370098124	0.170869892073
-'au	0.194568690096	0.745495207668	0.0527795527156	0.00715654952076
-lio	0.00966183574879	0.951690821256	0.0386473429952	0.0
-ata	0.63348908007	0.217264608954	0.0407657637875	0.108480547189
-ato	0.27861163227	0.319887429644	0.34521575985	0.0562851782364
-ose	0.0	1.0	0.0	0.0
-nis	0.0702875399361	0.884984025559	0.0447284345048	0.0
-edi	0.0	1.0	0.0	0.0
-osa	0.295728368017	0.625410733845	0.078860898138	0.0
-niu	0.00991735537191	0.990082644628	0.0	0.0
-oso	0.277137218885	0.173751427295	0.170003226927	0.379108126893
-ula	0.144705033067	0.482863464969	0.12112183376	0.251309668204
-osi	0.278429412867	0.442525223481	0.0415766779939	0.237468685658
-kae	0.0	1.0	0.0	0.0
-nia	0.319118324006	0.0488468503258	0.00902636056459	0.623008465104
-nad	0.0533333333333	0.706666666667	0.24	0.0
-kas	0.0773010153947	0.90599410416	0.0137569603668	0.00294792007861
-kar	0.0	1.0	0.0	0.0
-oma	0.110387121502	0.724032196244	0.137983901878	0.0275967803756
-mua	0.352112676056	0.647887323944	0.0	0.0
-ulu	0.142748091079	0.113168729365	0.0285337579786	0.715549421577
-fiu	0.00371360665478	0.013220439691	0.0183452168746	0.96472073678
-ate	0.643685159218	0.142865538499	0.0290812821623	0.184368020121
-fia	0.249141307703	0.503019475302	0.0478749117721	0.199964305223
-fus	0.0115163147793	0.976967370441	0.0115163147793	0.0
-ilu	0.144790257104	0.760787851451	0.0637498120583	0.0306720793866
-ias	0.0378040441535	0.932304386051	0.0123082934453	0.0175832763505
-vid	0.0112065745237	0.975311576731	0.00141497153077	0.0120668772144
-ila	0.433075440837	0.293846365382	0.108058105458	0.165020088322
-ilo	0.798358538516	0.0885826771654	0.0136441278174	0.0994146565012
-lde	0.0980392156862	0.901960784314	0.0	0.0
-ili	0.233884592092	0.22533445557	0.0247633132658	0.516017639072
-oam	0.0	1.0	0.0	0.0
-ina	0.223368660942	0.606674592979	0.0902659712179	0.0796907748603
-bus	0.0181818181818	0.927272727273	0.0545454545454	0.0
-eba	0.115786480915	0.634728836449	0.238822944061	0.0106617385742
-igi	0.111009593422	0.857469164002	0.0301507537689	0.00137048880767
-igo	0.357659208262	0.592771084337	0.0371772805508	0.0123924268502
-ebe	0.747188484031	0.156095366622	0.0715249662618	0.0251911830859
-ami	0.0219714311247	0.0218961021404	0.00336832264407	0.952764144091
-amo	0.0854363178428	0.870775511548	0.0134986089848	0.0302895616244
-ama	0.153546657549	0.0762932723402	0.0211135892954	0.749046480816
-oas	0.00875273522975	0.99124726477	0.0	0.0
-lva	0.0268041237113	0.940206185567	0.0329896907217	0.0
-usi	0.456642193905	0.275721669747	0.0299435262751	0.237692610073
-iro	0.217016778747	0.736958186297	0.034373127372	0.0116519075837
-iri	0.0833771126787	0.0552555048038	0.0649906821364	0.796376700381
-ein	0.00938967136152	0.957746478873	0.0093896713615	0.0234741784038
-gus	0.074074074074	0.820105820106	0.042328042328	0.0634920634921
-usa	0.0	1.0	0.0	0.0
-ira	0.198476946685	0.0505406579538	0.00498385654932	0.745998538812
-na'	0.0306122448979	0.959183673469	0.0	0.0102040816327
-eon	0.0685714285714	0.931428571429	0.0	0.0
-uli	0.462781986063	0.247112761722	0.0886178923511	0.201487359865
-iru	0.139141112534	0.821842967397	0.0337779824347	0.00523793763401
-eis	0.0869565217391	0.913043478261	0.0	0.0
-usu	0.311792146884	0.521690864641	0.124731826573	0.0417851619019
-ges	0.039603960396	0.920792079208	0.039603960396	0.0
-296	0.256198347107	0.347107438017	0.173553719008	0.223140495868
-pia	0.0	0.754385964912	0.245614035088	0.0
-uua	0.692690203879	0.228244654401	0.0671307807061	0.0119343610144
-ius	0.0608754469031	0.904338583438	0.0115953232196	0.0231906464393
-ium	0.0260663507109	0.964454976303	0.00473933649289	0.0047393364929
-iua	0.288157853591	0.308952750242	0.272741486601	0.130147909566
-iud	0.0	1.0	0.0	0.0
-'ea	0.712478835215	0.157863936767	0.0285578296049	0.101099398413
-uel	0.0247507734617	0.947404606394	0.00309384668271	0.0247507734616
-ean	0.0935251798561	0.258992805755	0.647482014389	0.0
-bea	0.125	0.645833333333	0.229166666667	0.0
-ede	0.0444444444444	0.955555555556	0.0	0.0
-eho	0.0	1.0	0.0	0.0
-iia	0.85073580939	0.134548002803	0.0136650315347	0.0010511562719
-agu	0.270531400966	0.56038647343	0.169082125604	0.0
-agi	0.316698874616	0.494259406616	0.107991360691	0.0810503580766
-ago	0.328649969456	0.319079617186	0.188963551212	0.163306862146
-aga	0.176057647936	0.379339242292	0.298702547687	0.145900562085
-min	0.0	1.0	0.0	0.0
-one	0.310316292755	0.550845899228	0.0443637366679	0.0944740713498
-anu	0.392016681561	0.443550789395	0.135835567471	0.0285969615728
-ega	0.107851239669	0.826033057851	0.0661157024793	0.0
-ona	0.343873245587	0.186614395421	0.0384139909567	0.431098368035
-ego	0.242212333121	0.22631913541	0.160203432931	0.371265098538
-ono	0.335561785637	0.0913306016821	0.0601682122062	0.512939400474
-oea	0.381189350585	0.423986066186	0.167952226922	0.0268723563075
-oni	0.126771383273	0.477408563661	0.0712911960685	0.324528856998
-dam	0.0226487523992	0.880614203455	0.0790786948176	0.0176583493282
-dan	0.0022429906542	0.997757009346	0.0	0.0
-dao	0.755580151593	0.0830673523913	0.0140660172273	0.147286478788
-dai	0.538461538462	0.362637362637	0.032967032967	0.0659340659341
-rts	0.0	0.785714285714	0.214285714286	0.0
-dae	0.0	1.0	0.0	0.0
-oia	0.560146720877	0.274438748453	0.0902863708679	0.075128159802
-dab	0.0	1.0	0.0	0.0
-ano	0.077606340532	0.692937927462	0.0481305541281	0.181325177878
-tam	0.0	1.0	0.0	0.0
-tan	0.0548913511497	0.851207049976	0.0824913167035	0.0114102821712
-tai	0.117490376117	0.325961724076	0.0637350167225	0.492812883084
-tad	0.00858369098714	0.954220314735	0.0343347639485	0.00286123032904
-tae	0.109628581319	0.0992562463092	0.0144576350567	0.776657537315
-u'i	0.120660486755	0.785438244651	0.0591305519859	0.0347707166079
-tat	0.0	1.0	0.0	0.0
-tau	0.131457626035	0.304044727038	0.240077387583	0.324420259344
-aal	0.145833333333	0.75	0.0833333333333	0.0208333333333
-tas	0.132841328413	0.830258302583	0.0369003690037	0.0
-mia	0.528605482718	0.467818831943	0.0	0.00357568533968
-nos	0.0384615384615	0.961538461538	0.0	0.0
-tus	0.0543066729768	0.918125887364	0.0137245622338	0.0138428774255
-ent	0.184615384615	0.815384615385	0.0	0.0
-ens	0.053354890865	0.946645109135	0.0	0.0
-mis	0.0179028132992	0.979539641944	0.00255754475703	0.0
-eno	0.106949040371	0.408603573792	0.453474520185	0.0309728656519
-miu	0.0	0.883408071749	0.0	0.116591928251
-ene	0.0845733760208	0.79459796295	0.0863252913053	0.0345033697239
-ena	0.0219887177736	0.0982877161442	0.00997986591371	0.869743700168
-oel	0.0	1.0	0.0	0.0
