-ɨma	0.0575194727382	0.793888556022	0.114439784302	0.0341521869383
-épa	0.0	1.0	0.0	0.0
-eus	0.0304568527919	0.969543147208	0.0	0.0
-shu	0.092252132949	0.620637287806	0.107666467217	0.179444112028
-cas	0.130057803468	0.791907514451	0.0606936416185	0.0173410404624
-ɨmu	0.172549019608	0.534640522876	0.0901960784314	0.202614379085
-ive	0.0	1.0	0.0	0.0
-rbe	0.009009009009	0.990990990991	0.0	0.0
-lzi	0.0	0.831349206349	0.168650793651	0.0
-dío	0.0290915774076	0.5988085972	0.0957832519207	0.276316573472
-áwa	0.00290191526407	0.997098084736	0.0	0.0
-asu	0.0678275369245	0.431172163342	0.431750401315	0.0692498984187
-zin	0.0365853658537	0.560975609756	0.365853658537	0.0365853658537
-nso	0.0184712815551	0.91951798751	0.0356231858563	0.0263875450787
-bta	0.193708127003	0.51742887659	0.186911350616	0.101951645791
-aum	0.00820633059789	0.978898007034	0.00234466588511	0.010550996483
-nsa	0.51067839196	0.307788944724	0.0226130653266	0.15891959799
-nti	0.545581984384	0.262028152369	0.0867375647503	0.105652298496
-nto	0.104562886437	0.741840807701	0.0183924238867	0.135203881975
-pus	0.127118644068	0.593220338983	0.203389830509	0.0762711864407
-nta	0.302930942923	0.239269738597	0.0873695051219	0.370429813358
-nte	0.61724137931	0.0793103448275	0.0206896551724	0.28275862069
-puz	0.56067961165	0.0364771151179	0.0314840499307	0.371359223301
-uan	0.119812670743	0.785091713282	0.0296604657213	0.0654351502536
-ɨja	0.0652886312076	0.434585328964	0.388454751701	0.111671288127
-uas	0.375881574263	0.310600884976	0.0527686785974	0.260748862163
-wat	0.293265296974	0.111637105954	0.173343707293	0.42175388978
-uat	0.569686913865	0.151733756553	0.124320684846	0.154258644736
-pul	0.0532583389414	0.808427659689	0.042878472932	0.0954355284376
-pal	0.297568137559	0.115729238347	0.219360734156	0.367341889938
-puh	0.178332178332	0.780087780088	0.04158004158	0.0
-pui	0.566224599081	0.267366131795	0.036746526305	0.129662742819
-puj	0.257616185621	0.42385405781	0.0416682138632	0.276861542705
-pam	0.423035904728	0.45503021685	0.087095627444	0.0348382509776
-smu	0.983624454148	0.0163755458515	0.0	0.0
-pre	0.0	0.994652406417	0.00534759358289	0.0
-nma	0.1008811749	0.155033377837	0.0142056074766	0.729879839786
-más	0.010989010989	0.989010989011	0.0	0.0
-lím	0.0	1.0	0.0	0.0
-nmu	0.132586479412	0.703291769928	0.0317553578863	0.132366392773
-sma	0.433962264151	0.430188679245	0.0679245283018	0.0679245283019
-ope	0.0107466063348	0.943438914027	0.0424208144796	0.00339366515837
-dea	0.0238973699354	0.968791253427	0.00243712554581	0.00487425109163
-dec	0.0595095454908	0.884415688154	0.0143781452193	0.0416966211359
-imu	0.0891089108911	0.875247524752	0.0118811881188	0.0237623762376
-das	0.0383442265795	0.905882352941	0.0	0.0557734204793
-yuk	0.454810495627	0.3527696793	0.134110787172	0.0583090379009
-deo	0.000906892382104	0.999093107618	0.0	0.0
-ima	0.177165259864	0.388006426666	0.0765172199633	0.358311093507
-des	0.0112711333751	0.947401377583	0.0187852222918	0.0225422667501
-ime	0.291320237551	0.323343992691	0.236637734125	0.148698035633
-aka	0.423516041693	0.35914737142	0.0904861746685	0.126850412218
-imo	0.287486760478	0.330458465728	0.254198819791	0.127855954002
-ido	0.063492063492	0.555555555556	0.063492063492	0.31746031746
-lla	0.05	0.8	0.15	0.0
-rpa	0.0928720893994	0.89964827924	0.0	0.00747963136105
-oba	0.178082191781	0.767123287671	0.0273972602739	0.027397260274
-llo	0.0940742968867	0.77319897729	0.01729583396	0.115430891863
-kɨm	0.047619047619	0.952380952381	0.0	0.0
-ida	0.00498442367601	0.995015576324	0.0	0.0
-bia	0.0368701351905	0.926259729619	0.024580090127	0.0122900450635
-kɨz	0.815491731941	0.134899912968	0.0104438642298	0.0391644908616
-ter	0.0229007633588	0.931297709924	0.0458015267176	0.0
-tes	0.0	1.0	0.0	0.0
-ria	0.0296863777831	0.923150586545	0.00287287526933	0.0442901604022
-rio	0.0988467874794	0.881383855025	0.0	0.0197693574959
-apu	0.301238203813	0.546583064159	0.0356894040154	0.116489328013
-ños	0.025069637883	0.963788300836	0.0	0.0111420612813
-tea	0.0	1.0	0.0	0.0
-gra	0.0	1.0	0.0	0.0
-eju	0.257398373984	0.423902439024	0.0390243902439	0.279674796748
-nas	0.43672077506	0.357617434675	0.0874526038069	0.118209186458
-riz	0.506775067751	0.189701897019	0.162601626016	0.140921409214
-sia	0.0569591180524	0.889816460626	0.00359489524874	0.049629526073
-teo	0.0045899632803	0.956395348837	0.0137698898409	0.0252447980416
-jin	0.0588235294117	0.038062283737	0.0	0.903114186851
-are	0.4427629026	0.457896779201	0.034924330617	0.0644159875825
-wal	0.166968613587	0.427833356245	0.0640205574758	0.341177472693
-ara	0.474731435326	0.22240903832	0.0369451203622	0.265914405992
-mes	0.0	0.88785046729	0.11214953271	0.0
-wak	0.780487804878	0.0	0.0	0.219512195122
-aro	0.015531660693	0.934289127838	0.0430107526882	0.00716845878136
-ari	0.429735171168	0.320521220007	0.121516415924	0.128227192901
-nzi	0.3759929391	0.414827890556	0.102383053839	0.106796116505
-ɨne	0.0483267879743	0.865537819342	0.0474739623043	0.0386614303795
-aru	0.101516339467	0.786445014972	0.0668405580239	0.0451980875367
-mea	0.0	1.0	0.0	0.0
-meo	0.0	1.0	0.0	0.0
-nwa	0.61068684678	0.304593590661	0.0	0.0847195625591
-aya	0.178997125263	0.398738824992	0.0761466993155	0.34611735043
-ɨin	0.103825136612	0.726775956284	0.0	0.169398907104
-ayo	0.0584415584416	0.664502164502	0.0259740259741	0.251082251082
-rai	0.471928752292	0.278355016153	0.0340522133939	0.215664018161
-ayu	0.142897055467	0.535334946359	0.0102771056836	0.31149089249
-num	0.585365853659	0.378048780488	0.0	0.0365853658537
-fos	0.0	1.0	0.0	0.0
-bás	0.0844356881509	0.848015761328	0.0422178440755	0.0253307064452
-zpa	0.12912485944	0.0984080166981	0.0229281724754	0.749538951386
-cta	0.123511248346	0.83568592854	0.00771945302162	0.0330833700927
-dán	0.0165735083843	0.961653451189	0.00682438580526	0.0149486546211
-bpa	0.0114722753346	0.980879541109	0.0038240917782	0.0038240917782
-ota	0.0	1.0	0.0	0.0
-hwi	0.453514739229	0.229024943311	0.249433106576	0.0680272108844
-ija	0.485477178423	0.387275242047	0.0456431535269	0.0816044260028
-iji	0.159823399558	0.176674025018	0.0351729212656	0.628329654157
-oto	0.0530973451327	0.734513274336	0.0530973451327	0.159292035398
-rán	0.158357771261	0.841642228739	0.0	0.0
-uma	0.321617336152	0.428646934461	0.110993657505	0.138742071882
-eví	0.378640776699	0.502912621359	0.095145631068	0.0233009708738
-mat	0.488576129296	0.273757360567	0.0848977881981	0.152768721939
-umi	0.0535714285714	0.767857142857	0.0357142857143	0.142857142857
-kmu	0.298513210178	0.561153277852	0.0529560422527	0.087377469717
-nak	0.561221590909	0.326207386364	0.0791903409091	0.0333806818182
ALL	0.225967175009	0.288577929154	0.0545325062598	0.430922389577
-nai	0.419554899302	0.365036916625	0.0842685656407	0.131139618432
-nan	0.191540303272	0.437350359138	0.0319233838787	0.339185953711
-úwa	0.445086705202	0.520231213873	0.0346820809249	0.0
-aki	0.427452554666	0.36122576543	0.0438485413456	0.167473138559
-nam	0.124436737266	0.552628085146	0.218115265965	0.104819911622
-ɨna	0.377310061602	0.268195300023	0.105806525211	0.248688113164
-kih	0.0136247516322	0.527107578768	0.391143911439	0.0681237581607
-kin	0.197527078526	0.413346063458	0.0489338152672	0.340193042749
-kim	0.381282495667	0.517619872906	0.0288850375505	0.0722125938764
-aús	0.106382978723	0.723404255319	0.170212765958	0.0
-naz	0.189473684211	0.167783094099	0.088038277512	0.554704944179
-aán	0.184880102508	0.632070291049	0.0494233937397	0.133626212704
-íwa	0.0317377881647	0.876511151505	0.0103869124903	0.0813641478404
-kit	0.031736573658	4.47116444913e-05	0.0	0.968218714698
-kiz	0.352386598609	0.134910421216	0.0208221871973	0.491880792978
-nap	0.595818934109	0.0376368370143	0.00357938783945	0.362964841037
-aks	0.242366412214	0.111641221374	0.352099236641	0.293893129771
-nat	0.483217931347	0.277113433964	0.0596271792367	0.180041455452
-put	0.18767401093	0.79788952669	0.0144364623792	0.0
-mos	0.191771269177	0.785913528592	0.0139470013947	0.00836820083681
-amu	0.698275862069	0.224137931034	0.0775862068966	0.0
-zzi	0.143942848457	0.741298069615	0.015959872321	0.0987992096063
-ɨka	0.369468128299	0.531059683313	0.0185827165121	0.080889471876
-lki	0.699878493317	0.249088699878	0.00729040097205	0.0437424058323
-cos	0.251388888889	0.473611111111	0.258333333333	0.0166666666667
-ɨpi	0.735294117647	0.063025210084	0.0756302521008	0.126050420168
-mol	0.0	0.862155388471	0.137844611529	0.0
-yat	0.7243339254	0.0831261101243	0.0632326820604	0.129307282416
-lpu	0.623435152729	0.256384576865	0.0300450676014	0.0901352028042
-lka	0.205424120023	0.433352567802	0.0403923831506	0.320830929025
-tɨs	0.610721123165	0.165922144225	0.146777281429	0.0765794511806
-cob	0.0	1.0	0.0	0.0
-bel	0.13197586727	0.829311211664	0.00351935646053	0.0351935646053
-yam	0.201030927835	0.567010309278	0.0154639175258	0.216494845361
-yal	0.315203483081	0.42068877965	0.0401674490649	0.223940288205
-tɨm	0.358724690241	0.317301119397	0.270649094216	0.0533250961459
-tɨl	0.082725426788	0.617056478905	0.0257200872377	0.274498007069
-yak	0.0753914780912	0.317527066586	0.570140792714	0.0369406626086
-tɨh	0.18029788346	0.396394042331	0.403710478181	0.0195975960282
-reo	0.0164355418593	0.781715459682	0.138674884438	0.0631741140216
-ish	0.508157829691	0.242099356704	0.0567657571362	0.192977056469
-rea	0.0641074856046	0.872936660269	0.000767754318618	0.062188099808
-eve	0.0962747943881	0.0319303338171	0.29801644896	0.573778422835
-tɨt	0.371457618296	0.319065823406	0.0672819912682	0.242194567029
-upa	0.0	1.0	0.0	0.0
-res	0.0788954635108	0.335305719921	0.0236686390533	0.562130177515
-rso	0.0188679245283	0.981132075472	0.0	0.0
-ret	0.0360468725749	0.951051528791	0.00271612602825	0.0101854726059
-hab	0.102432778489	0.866837387964	0.0307298335467	0.0
-maz	0.0591330050989	0.0623181345079	0.131175764955	0.747373095438
-naí	0.0081799591002	0.971370143149	0.0081799591002	0.0122699386503
-kwa	0.127461324196	0.0615690153814	0.012541389977	0.798428270446
-úne	0.175824175824	0.554160125589	0.241758241758	0.0282574568289
-hak	0.673712021136	0.0330250990753	0.0	0.293262879789
-hal	0.0281690140845	0.971830985916	0.0	0.0
-bwa	0.0	0.989343971147	0.0106560288532	0.0
-han	0.380464605817	0.385952076093	0.0585330162795	0.175050301811
-hap	0.0895782502614	0.350993377483	0.559428372255	0.0
-mak	0.198003312143	0.0487459924543	0.00471436457485	0.748536330828
-has	0.344370860927	0.220750551876	0.167770419426	0.26710816777
-hat	0.529050932551	0.226530481412	0.0543449868186	0.190073599218
-mal	0.202377673114	0.341838905155	0.22124107115	0.234542350582
-man	0.366436248861	0.294056512448	0.110031795208	0.229475443483
-dwa	0.141002415459	0.794082125604	0.0105676328502	0.0543478260869
-nku	0.49365303244	0.50634696756	0.0	0.0
-ptu	0.445492686913	0.253406180247	0.0740738615189	0.227027271322
-uni	0.0677966101695	0.762711864407	0.0	0.169491525424
-kun	0.779606855815	0.0933475355864	0.0174300377651	0.109615570834
-une	0.0870227897844	0.136375834703	0.0170099807586	0.759591394754
-una	0.486568677141	0.294602128738	0.0731120121642	0.145717181956
-ɨji	0.675137164309	0.215131388969	0.0716142073346	0.0381172393878
-iro	0.0219114219114	0.964102564103	0.0125874125874	0.0013986013986
-nka	0.575613217388	0.276010518538	0.044049203397	0.104327060677
-pta	0.456823283636	0.120401728366	0.0250431442771	0.39773184372
-pto	0.0184462575381	0.941468605889	0.0230578219227	0.0170273146506
-wne	0.472906403941	0.118226600985	0.408866995074	0.0
-nki	0.22575373396	0.118909299842	0.156708442558	0.49862852364
-pti	0.526391176681	0.242641266204	0.085941416601	0.145026140514
-tra	0.00274725274725	0.997252747253	0.0	0.0
-hin	0.231172876501	0.298971457618	0.193305579091	0.27655008679
-ada	0.0	1.0	0.0	0.0
-ntu	0.310694272109	0.332329715023	0.0822538783227	0.274722134545
-tro	0.126131473512	0.402483058812	0.0504525894049	0.420932878271
-cpa	0.104926712727	0.867953767676	0.0135597597985	0.0135597597986
-sna	0.369856177124	0.377659815798	0.227076811397	0.0254071956808
-gar	0.185714285714	0.585714285714	0.214285714286	0.0142857142857
-sne	0.0900821003431	0.290267782182	0.00286991925713	0.616780198218
-seo	0.00721182739693	0.977883729316	0.00144236547938	0.0134620778076
-ntɨ	0.0141843971631	0.943262411348	0.0141843971631	0.0283687943262
-lpa	0.156247402761	0.619279566755	0.0805327508971	0.143940279587
-ino	0.15423147904	0.82757711574	0.0110730292644	0.00711837595571
-ina	0.423926185537	0.282305060904	0.113407031863	0.180361721697
-rza	0.272727272727	0.519480519481	0.0779220779221	0.12987012987
-apa	0.370865078798	0.327848587303	0.0604094722159	0.240876861683
-ine	0.37449179534	0.334983548245	0.107983079966	0.182541576449
-sea	0.0	1.0	0.0	0.0
-pɨn	0.582530120482	0.234337349398	0.0180722891566	0.165060240964
-uij	0.841129870595	0.0674624511596	0.00430153779976	0.0871061404452
-aas	0.0727026835909	0.0536187816002	0.0476302018881	0.826048332921
-hsh	0.199607233407	0.615382554483	0.0303505517754	0.154659660335
-uin	0.179160792184	0.333311975881	0.13499913261	0.352528099325
-kna	0.377155334689	0.44906257059	0.0492432798735	0.124538814848
-inu	0.290010741138	0.581095596133	0.0966702470461	0.0322234156821
-kne	0.0344049633389	0.914833615341	0.0507614213198	0.0
-ñam	0.114267886167	0.75273178731	0.116141130203	0.0168591963197
-aam	0.205143891814	0.642897669806	0.0265927267166	0.125365711664
-blo	0.0839032644716	0.738031446097	0.0536645984629	0.124400690968
-kut	0.746835443038	0.183544303797	0.0189873417722	0.0506329113924
-dón	0.0302135213563	0.932788166527	0.00159018533454	0.0354081267825
-iam	0.0422754118744	0.738576313335	0.078822327812	0.140325946978
-ial	0.225034171834	0.408022476387	0.0377941868705	0.329149164908
-ian	0.592528502958	0.188448528917	0.0400553332604	0.178967634865
-ppi	0.31811749202	0.577796811657	0.0804480111537	0.0236376851693
-mtu	0.421007257996	0.293027479363	0.0656869369548	0.220278325686
-iat	0.307583482908	0.256352371804	0.0721239168796	0.363940228408
-mti	0.315788840638	0.368570229189	0.202933156607	0.112707773567
-lpi	0.711138310893	0.25050999592	0.0114239086087	0.0269277845778
-ias	0.273878808627	0.690174597741	0.0102704553235	0.0256761383088
-cha	0.12504130213	0.268598657559	0.165341498804	0.441018541507
-ñat	0.296679146274	0.373562759289	0.0402613794316	0.289496715005
-kum	0.397297702726	0.483820504029	0.0311267786731	0.0877550145723
-kul	0.13559691302	0.726829990008	0.0260675618284	0.111505535144
-kuj	0.324742268041	0.216494845361	0.427835051546	0.0309278350515
-nea	0.0677966101695	0.322033898305	0.610169491525	0.0
-ban	0.331395348837	0.511627906977	0.0	0.156976744186
-lam	0.207055585777	0.599319249384	0.0598104022833	0.133814762555
-pĩn	0.18868775556	0.62805782568	0.0158631977097	0.16739122105
-mka	0.357142857143	0.525974025974	0.116883116883	0.0
-job	0.155172413793	0.560344827586	0.284482758621	0.0
-asa	0.152926508788	0.31000936814	0.0432362666777	0.493827856394
-aso	0.297520661157	0.677685950413	0.0	0.0247933884298
-ltu	0.246891406085	0.541604999596	0.0493965762452	0.162107018075
-ash	0.456441475649	0.290003885424	0.0759200308782	0.177634608049
-kis	0.256112098066	0.3860977085	0.0441595259943	0.31363066744
-lti	0.204648260802	0.248011230697	0.0266729059429	0.520667602558
-opo	0.162162162162	0.797297297297	0.0	0.0405405405404
-iwa	0.16187979659	0.614080104505	0.0925348153677	0.131505283538
-dro	0.0404541551379	0.877683427154	0.010304360271	0.0715580574373
-ɨla	0.814814814815	0.0	0.185185185185	0.0
-rat	0.575761692218	0.231515621968	0.0367552881817	0.155967397632
-rau	0.55997138845	0.228039816792	0.0556846351694	0.156304159588
-ras	0.144467213241	0.409693451622	0.0353429130133	0.410496422124
-ran	0.311574256128	0.24406868528	0.142220474505	0.302136584087
-eri	0.213307240705	0.688845401174	0.0978473581213	0.0
-ral	0.196789951151	0.671318911375	0.0	0.131891137474
-ram	0.202346923424	0.359861591695	0.243718970964	0.194072513916
-uía	0.0153096729297	0.971816283925	0.00417536534448	0.00869867780096
-rak	0.365217391304	0.634782608696	0.0	0.0
-ero	0.0370072405471	0.875301689461	0.0876910699919	0.0
-era	0.105663120333	0.814544373224	0.0541201348047	0.0256723716381
-uío	0.0	1.0	0.0	0.0
-pos	0.0224887556222	0.95952023988	0.0	0.0179910044977
-arɨ	0.107895783612	0.735713338637	0.0	0.156390877751
-azi	0.391178389693	0.260878755091	0.0634225398122	0.284520315404
-zha	0.157375696712	0.215157189369	0.0265369976892	0.600930116229
-aza	0.0358765744903	0.0438897283871	0.0225753687389	0.897658328384
-ika	0.179084023483	0.59744076505	0.074704146461	0.148771065006
-nce	0.00890585241731	0.220949957591	0.00254452926209	0.76759966073
-aat	0.678913725647	0.176195767989	0.0478036991761	0.0970868071876
-lan	0.376084580336	0.381048640968	0.0683827868257	0.17448399187
-nos	0.0264150943396	0.97358490566	0.0	0.0
-ppu	0.31490015361	0.68509984639	0.0	0.0
-lat	0.414675883783	0.265183408648	0.090456291915	0.229684415653
-aal	0.265957446808	0.618794326241	0.0	0.11524822695
-iku	0.0715518684218	0.846305916355	0.00422273321834	0.077919482005
-aan	0.979448535708	0.0205514642918	0.0	0.0
-eón	0.188612099644	0.693950177936	0.0747330960854	0.0427046263345
-las	0.229680816058	0.566304705495	0.118460019743	0.0855544587036
-ppa	0.190217099861	0.698044674097	0.00885327479959	0.102884951242
-noc	0.208	0.792	0.0	0.0
-uki	0.421842847344	0.282829052664	0.0457282219344	0.249599878058
-aac	0.127074829932	0.781768707483	0.0163265306122	0.0748299319727
-zti	0.460270849284	0.38276095812	0.0266152692494	0.130352923347
-dos	0.273092369478	0.325301204819	0.0722891566265	0.329317269076
-gel	0.0608395566673	0.916336479997	0.000547775120055	0.0222761882155
-zta	0.394024140893	0.108362396687	0.0316878448308	0.46592561759
-mɨt	0.497647154274	0.132388138412	0.110543182832	0.259421524482
-fás	0.0	1.0	0.0	0.0
-nne	0.151625129876	0.452122756739	0.0406256431498	0.355626470235
-pia	0.869860896445	0.1171561051	0.0129829984544	0.0
-ges	0.0229885057471	0.931034482759	0.0459770114943	0.0
-sas	0.138552504459	0.0909641609691	0.510777348395	0.259705986177
-ión	0.535552434354	0.416440806294	0.00576081112223	0.0422459482295
-vos	0.0542857142858	0.885952380952	0.04	0.0197619047619
-sau	0.425060881116	0.355767102059	0.0132831525349	0.20588886429
-mpi	0.0337339309717	0.942877210221	0.00146180367544	0.0219270551316
-ñan	0.315382757788	0.25356194156	0.166626418739	0.264428881913
-mpa	0.136979741015	0.440783637223	0.0714640886126	0.35077253315
-ztu	0.494454224245	0.19637779699	0.0496733243548	0.25949465441
-tos	0.0577323490441	0.328790459966	0.022714366837	0.590762824153
-sak	0.454873020036	0.105538222012	0.00610792316158	0.433480834791
-mpu	0.0908846508464	0.707452557909	0.00588977485767	0.195773016387
-san	0.38663672586	0.372794315417	0.130229997936	0.110338960787
-sam	0.227630260018	0.17051129769	0.278737792548	0.323120649745
-sal	0.124608950009	0.297465553134	0.245549388261	0.332376108597
-iel	0.232981783317	0.749760306807	0.0172579098754	0.0
-ien	0.0229732560576	0.045702115774	0.045143495566	0.886181132602
-oce	0.00921495658338	0.123988422234	0.0	0.866796621183
-iez	0.0716039775128	0.0900327857759	0.00149174953152	0.83687148718
-pãn	0.0990988681075	0.558298524997	0.207864042367	0.134738564529
-lot	0.0	1.0	0.0	0.0
-zmu	0.226766333615	0.550376798892	0.0671701635081	0.155686703985
-mas	0.349287303539	0.31133101017	0.0315455810788	0.307836105213
-hku	0.0533201678598	0.845963959516	0.100715872624	0.0
-íra	0.105769230769	0.894230769231	0.0	0.0
-ipa	0.0	1.0	0.0	0.0
-éra	0.0908919395829	0.895124685097	0.00466112510681	0.00932225021364
-ham	0.111801830579	0.761888451056	0.0402283614156	0.0860813569501
-noé	0.0	1.0	0.0	0.0
-sap	0.451045363953	0.148427006279	0.0279746547429	0.372552975025
-ewa	0.0919037199125	0.901531728665	0.0	0.00656455142232
-hka	0.228779194356	0.377143117299	0.0628590177729	0.331218670573
-npa	0.317285803343	0.303311908421	0.0981617225261	0.28124056571
-rdo	0.0427286356822	0.837331334333	0.119940029985	0.0
-ipu	0.0	1.0	0.0	0.0
-mai	0.654847843048	0.0883691724068	0.0515810388443	0.205201945701
-awa	0.149309191425	0.185081161494	0.0430835916799	0.622526055401
-sat	0.434803543143	0.243056389494	0.0245978510119	0.297542216351
-tña	0.019768329056	0.0251786085871	0.20676978567	0.748283276687
-zka	0.219015404083	0.512690725914	0.097948555715	0.170345314287
-jte	0.0386462115002	0.898114533318	0.0140531678182	0.0491860873639
-jta	0.403599462687	0.495771180665	0.0524295670514	0.048199789597
-hɨh	0.151260504202	0.647058823529	0.0	0.201680672269
-stu	0.301042372326	0.472258036319	0.0440549813159	0.182644610039
-276	0.0	0.257142857143	0.0	0.742857142857
-pka	0.0363636363636	0.0	0.0	0.963636363636
-sto	0.0266882047784	0.812724047831	0.00522926031845	0.155358487072
-sti	0.340909090909	0.545454545455	0.0378787878788	0.0757575757575
-sta	0.0946966482581	0.476806877235	0.012200859424	0.416295615083
-ɨht	0.347282537176	0.221739702592	0.303987366759	0.126990393473
-eli	0.0	0.960784313725	0.0392156862745	0.0
-loé	0.0699300699301	0.86013986014	0.0	0.06993006993
-ssa	0.0469876592333	0.0441982597705	0.00091648770897	0.907897593287
-lón	0.0616590018736	0.786918753194	0.0870379833077	0.064384261625
-ián	0.0714285714285	0.880952380952	0.047619047619	0.0
-cua	0.0227358848048	0.8831295746	0.0195448834287	0.0745896571668
-kɨh	0.436297871341	0.416451765498	0.0168382836321	0.13041207953
-ɨat	0.694717778054	0.106965157865	0.0309257455197	0.167391318561
-aij	0.582725377801	0.167231196804	0.0877192982456	0.16232412715
-rés	0.00667408231368	0.803114571746	0.0	0.19021134594
-ɨza	0.0627043980042	0.0215146937495	0.00984699322923	0.905933915017
-car	0.0	0.965517241379	0.0	0.0344827586207
-lem	0.0	1.0	0.0	0.0
-ɨzi	0.651417525773	0.186119293078	0.0243924889543	0.138070692194
-lea	0.00913207259998	0.963719036566	0.00955062592747	0.0175982649062
-mun	0.342823839329	0.337827891636	0.08274509851	0.236603170525
-mut	0.535404624277	0.216040462428	0.00433526011561	0.244219653179
-dor	0.0527306967985	0.892655367232	0.0131826741996	0.0414312617703
-ios	0.0194595423659	0.256256687877	0.00426195238069	0.720021817376
-oin	0.114663726571	0.531422271224	0.0826901874311	0.271223814774
-agé	0.0671817265703	0.922741014444	0.0	0.0100772589856
-sɨh	0.216996262294	0.589906920004	0.05399284095	0.139103976753
-rra	0.0418192918193	0.94536019536	0.0128205128205	0.0
-zpu	0.0895329279337	0.798162763618	0.00207012550136	0.110234182947
-úra	0.143929258981	0.403824191601	0.301497699612	0.150748849806
-alu	0.106929440581	0.740221495645	0.0188221777047	0.13402688607
-rro	0.32995618839	0.576944140197	0.0479189485214	0.0451807228916
-als	0.152385159011	0.645612485277	0.0532979976443	0.148704358068
-gio	0.0179717586649	0.982028241335	0.0	0.0
-udá	0.16112084063	0.817863397548	0.0	0.0210157618214
-áne	0.423111111111	0.539555555555	0.0	0.0373333333334
-ali	0.181818181818	0.479623824451	0.263322884013	0.0752351097179
-zpi	0.357827476038	0.642172523962	0.0	0.0
-gia	0.0	0.944121071013	0.0558789289871	0.0
-ala	0.117606123869	0.499652052888	0.0153096729297	0.367432150313
-osé	0.00816326530612	0.951020408163	0.0244897959183	0.0163265306122
-íne	0.0301065308013	0.96062992126	0.0	0.00926354793885
-gpa	0.0	1.0	0.0	0.0
-ɨsh	0.0470588235294	0.847058823529	0.0	0.105882352941
-abé	0.137019230769	0.834134615385	0.0288461538461	0.0
-chi	0.395778848692	0.235421786054	0.0953133069703	0.273486058284
-cho	0.0581552444117	0.174220093343	0.203881110292	0.563743551953
-iyu	0.178827593976	0.6441098051	0.0499455480866	0.127117052837
-jki	0.23518164436	0.646271510516	0.0611854684512	0.057361376673
-loi	0.0	0.979797979798	0.020202020202	0.0
-che	0.0	1.0	0.0	0.0
-lsa	0.424408967984	0.22289104074	0.279420745006	0.0732792462707
-iyi	0.719626168224	0.168224299065	0.0560747663551	0.0560747663551
-elo	0.136857349746	0.791455467053	0.0564808110066	0.0152063721941
-ela	0.0	0.921052631579	0.0	0.0789473684211
-iya	0.0406043518871	0.886186736777	0.0526689037258	0.0205400076106
-chu	0.121353676549	0.655777959415	0.148775106457	0.0740932575791
-pne	0.487804878049	0.463414634146	0.0	0.0487804878049
-pna	0.556182702327	0.0932615491491	0.0668634942688	0.283692254255
-htɨ	0.109522467953	0.792576419214	0.00901535427525	0.0888857585575
-rɨm	0.321377052723	0.490071035352	0.122648304064	0.0659036078602
-omé	0.00928792569659	0.990712074303	0.0	0.0
-rɨn	0.366383380548	0.565627950897	0.0339943342776	0.0339943342776
-ito	0.317666126418	0.518746623447	0.105240410589	0.0583468395462
-eso	0.00316901408451	0.986267605634	0.0	0.0105633802817
-rɨt	0.438299532562	0.257522721724	0.067061428402	0.237116317312
-xne	0.0870056497174	0.838418079096	0.0	0.0745762711864
-esa	0.205040091638	0.0477826869579	0.0310914743904	0.716085747014
-ite	0.0	0.974358974359	0.025641025641	0.0
-aku	0.409836065574	0.0983606557377	0.426229508197	0.0655737704918
-ita	0.0	1.0	0.0	0.0
-spa	0.0693124996237	0.161015179253	0.0238679954487	0.745804325674
-spe	0.0757097791798	0.793901156677	0.0862250262881	0.0441640378549
-sɨp	0.315043756077	0.354354771496	0.313099041534	0.0175024308932
-ɨre	0.447691950824	0.322662955231	0.0389700765484	0.190675017397
-ttɨ	0.108021343976	0.755064856188	0.037135048371	0.0997787514641
-sɨt	0.546024768134	0.414571382619	0.0394038492468	0.0
-shɨ	0.495933838732	0.271150930393	0.14439007581	0.0885251550655
-fas	0.0849673202614	0.816993464052	0.0392156862745	0.0588235294117
-bra	0.227182018696	0.647831110177	0.102930364457	0.0220565066695
-uda	0.196078431373	0.607843137255	0.0	0.196078431372
-sɨn	0.461152882206	0.483709273183	0.0551378446115	0.0
-hun	0.639534883721	0.209302325581	0.0	0.151162790697
-nja	0.158139534884	0.697674418605	0.125581395349	0.0186046511628
-abo	0.0	1.0	0.0	0.0
-mzi	0.478260869565	0.484472049689	0.0	0.0372670807453
-nco	0.0242941758109	0.0200292821105	0.0	0.955676542079
-tuh	0.0554003621063	0.929018286051	0.00519378394747	0.0103875678949
-tui	0.512883075201	0.223209115724	0.0727803093373	0.191127499738
-tuk	0.585051546392	0.26030927835	0.154639175258	0.0
-tul	0.0	0.905992949471	0.0705052878965	0.0235017626322
-ael	0.0512953144532	0.833829044355	0.00939695676537	0.105478684426
-los	0.0139697322468	0.874272409779	0.0139697322468	0.0977881257276
-tus	0.529373892575	0.21687896216	0.0597077551555	0.194039390109
-tut	0.51376146789	0.183486238532	0.119266055046	0.183486238532
-oro	0.803571428571	0.151785714286	0.0446428571429	0.0
-jón	0.0660121868653	0.690250507786	0.243737305349	0.0
-ado	0.234463919872	0.539646407163	0.106988390621	0.118901282343
-tuz	0.182863785077	0.59083316892	0.0508948003506	0.175408245652
-ora	0.129553503309	0.644581855193	0.0213625980175	0.204502043481
-ris	0.0	1.0	0.0	0.0
-ruz	0.222525421308	0.494446517601	0.0746348215841	0.208393239506
-lix	0.378224748579	0.490599038041	0.0	0.13117621338
-liz	0.174192372324	0.339258359542	0.122148748014	0.364400520121
-lis	0.0578406169666	0.800771208226	0.0	0.141388174807
-uña	0.616279069767	0.261627906977	0.122093023256	0.0
-lio	0.0419793919349	0.940211169062	0.0101768222872	0.00763261671544
-run	0.462732919255	0.344720496894	0.155279503106	0.0372670807453
-sué	0.115979381443	0.845360824742	0.0	0.0386597938144
-oma	0.130802157758	0.694683576532	0.0970672946867	0.077446971023
-lia	0.0	0.975114603798	0.0170268500327	0.00785854616897
-ica	0.115135267919	0.841395294193	0.0117484967264	0.0317209411614
-eas	0.0127226463105	0.760814249364	0.180661577608	0.0458015267176
-lna	0.364581561572	0.490359271712	0.0431489251774	0.101910241539
-lne	0.0610899135363	0.842222089827	0.0367863373514	0.0599016592851
-gro	0.0	1.0	0.0	0.0
-rne	0.0368539588757	0.916873848314	0.0319400976922	0.0143320951183
-ode	0.0	1.0	0.0	0.0
-rna	0.0	1.0	0.0	0.0
-rno	0.102140248247	0.805355375983	0.0466376227844	0.0458667529863
-izi	0.937888198758	0.0	0.0	0.0621118012422
-uri	0.424483608111	0.224092943252	0.0636725412166	0.287750907421
-hne	0.109236312152	0.778749157658	0.0587049550745	0.0533095751156
-ura	0.142676661788	0.389712035674	0.0288961992727	0.438715103265
-hna	0.227586206897	0.689655172414	0.0551724137931	0.0275862068965
-uhs	0.711439481986	0.117217333555	0.00896563174498	0.162377552715
-jne	0.32606386745	0.269100049565	0.128513771861	0.276322311124
-ipe	0.162264150943	0.8	0.022641509434	0.0150943396226
-uru	0.0460618187124	0.631088601263	0.316596844453	0.00625273557181
-jna	0.299578059072	0.42194092827	0.101265822785	0.177215189873
-pai	0.480381516147	0.132545083597	0.0497542988113	0.337319101444
-pak	0.256787947122	0.582656275289	0.0628041527477	0.0977516248412
-was	0.454049728929	0.335091118901	0.0663360839556	0.144523068214
-nza	0.120494685295	0.0381717816817	0.209939495609	0.631394037414
-pan	0.194072411939	0.742584671482	0.00923263913236	0.0541102774466
-paa	0.384105960265	0.278145695364	0.185430463576	0.152317880795
-zne	0.223233610389	0.429791279507	0.0723756340148	0.274599476089
-waz	0.0887463245121	0.737770649559	0.0553327987169	0.118150227212
-zna	0.193708864026	0.115344190074	0.0112875852968	0.679659360603
-waa	0.184466019418	0.757281553398	0.0582524271845	0.0
-aín	0.0415584415584	0.856277056277	0.0813852813852	0.0207792207792
-wan	0.100842798091	0.110018496146	0.163162092368	0.625976613395
-wam	0.294288480155	0.431268151016	0.213455953533	0.0609874152953
-pas	0.447151642126	0.294028919967	0.0973602061374	0.16145923177
-pat	0.0829182940758	0.839888630745	0.0227459939162	0.0544470812634
-waj	0.337762630957	0.430502484308	0.0795208096664	0.152214075069
-wai	0.356973851025	0.410010779588	0.0659656544701	0.167049714917
-nul	0.0574585635359	0.942541436464	0.0	0.0
-chã	0.0406346354114	0.162395605742	0.773079043555	0.0238907152921
-nuk	0.340611353712	0.606986899563	0.0524017467249	0.0
-haj	0.5	0.247043363995	0.0854139290408	0.167542706965
-icó	0.01238280559	0.948316528097	0.0	0.0393006663129
-sur	0.0	0.782452785082	0.184078412623	0.033468802295
-nua	0.0628701434765	0.0706229212943	0.00714533076744	0.859361604462
-sun	0.0648363171989	0.01360889651	0.00285866591431	0.918696120377
-sum	0.745995423341	0.178489702517	0.0274599542334	0.0480549199084
-rón	0.0331288343558	0.900613496933	0.0368098159509	0.0294478527607
-suh	0.166666666667	0.241666666667	0.0166666666667	0.575
-nut	0.375975039002	0.203588143526	0.0163806552262	0.404056162247
-sua	0.174608133031	0.0907616533085	0.0117677768316	0.722862436828
-año	0.0250350490687	0.858501902664	0.0617865011015	0.0546765471661
-zín	0.021616283259	0.78383716741	0.0	0.194546549331
-dia	0.0286944045911	0.971305595409	0.0	0.0
-dio	0.206499661476	0.712254570074	0.0812457684495	0.0
-aña	0.024217585693	0.94271609538	0.00279433681072	0.0302719821162
-dis	0.0	1.0	0.0	0.0
-añu	0.161206985636	0.588715511006	0.164307119975	0.0857703833832
-feo	0.0045766590389	0.995423340961	0.0	0.0
-ktɨ	0.230646871686	0.468716861082	0.226405090138	0.0742311770944
-tãn	0.943909348442	0.0164305949009	0.0	0.0396600566572
-sús	0.203340307441	0.49228722362	0.00286738077192	0.301505088167
-lta	0.221254113225	0.418833176913	0.0578004085578	0.302112301304
-uka	0.523948908994	0.31000532198	0.0596061734966	0.10643959553
-ans	0.518782561009	0.278310940499	0.0795174115712	0.123389086921
-nna	0.413160152906	0.419193795978	0.0578573476606	0.109788703455
-iña	0.0538610511229	0.0118561073796	0.0155286089338	0.918754232564
-tpa	0.286738943311	0.460985114532	0.0682451748672	0.18403076729
-kki	0.132140036852	0.0389576204264	0.012108449592	0.81679389313
-ait	0.600479580803	0.182014946481	0.0102088618224	0.207296610894
-bne	0.0223869641809	0.937977099237	0.0	0.0396359365825
-kka	0.685962373372	0.177279305354	0.110709117221	0.0260492040521
-tiz	0.0175438596491	0.140350877193	0.842105263158	0.0
-aiz	0.357076676415	0.26191799805	0.0894303047881	0.291575020746
-dne	0.0483510218401	0.858400578897	0.00345364441715	0.089794754846
-tia	0.0	1.0	0.0	0.0
-aim	0.717123897437	0.160616904765	0.0591786542531	0.0630805435446
-ail	0.19557432563	0.259734298853	0.136315990923	0.408375384593
-tin	0.684450227716	0.276512687053	0.0	0.039037085231
-tio	0.0405405405405	0.959459459459	0.0	0.0
-kku	0.135016465423	0.148188803513	0.648737650933	0.0680570801317
-uil	0.09144783897	0.824767548789	0.0776540308572	0.00613058138347
-eme	0.270316509837	0.524379811805	0.119760479042	0.0855431993156
-tna	0.323615932223	0.336147555451	0.190357121845	0.149879390481
-jat	0.334459459459	0.467905405405	0.126689189189	0.0709459459459
-ema	0.0167224080267	0.963210702341	0.0	0.0200668896321
-hma	0.141780493923	0.0436800218913	0.00621394203361	0.808325542152
-uwa	0.196343334338	0.554597188284	0.0374890920652	0.211570385313
-mmu	0.0405426501333	0.873275521667	0.00491286926871	0.0812689589309
-ɨru	0.346254583552	0.384232582504	0.00157150340493	0.26794133054
-ɨri	0.405367231638	0.330367231638	0.0225988700565	0.241666666667
-hmu	0.279982305951	0.245713096198	0.08815799745	0.386146600401
-jan	0.638668779715	0.342313787639	0.0	0.0190174326466
-tne	0.245156871197	0.424174927932	0.0524063281339	0.278261872738
-jal	0.0206733608978	0.937979917307	0.0	0.0413467217956
-jam	0.0315405046481	0.905378486056	0.0630810092962	0.0
-mma	0.0	0.264705882353	0.558823529412	0.176470588235
-ulu	0.0643326856152	0.485415362997	0.015479366334	0.434772585054
-cio	0.0455307931944	0.922118380062	0.0299544692068	0.00239635753655
-zan	0.711660905949	0.288339094051	0.0	0.0
-cia	0.010889292196	0.958257713249	0.0254083484574	0.00544464609801
-zam	0.0815047021944	0.514106583072	0.404388714734	0.0
-zak	0.787183731379	0.0468195790967	0.00709387562071	0.158902813904
-dpa	0.00156036668617	0.995318899941	0.00156036668617	0.00156036668617
-zat	0.552091478641	0.183355684395	0.036956906343	0.227595930621
-xta	0.307486631016	0.621212121212	0.0	0.0713012477718
-kta	0.204916531075	0.388043010472	0.0428864139197	0.364154044533
-ñal	0.504690242122	0.430081225054	0.0554442529003	0.00978427992358
-000	0.0280139358666	0.295101116291	0.00639912240607	0.670485825436
-rca	0.0429338103757	0.935599284437	0.0214669051878	0.0
-eta	0.0254668930391	0.915959252971	0.0127334465195	0.0458404074703
-rce	0.0	0.0	0.0	1.0
-ete	0.00213694239159	0.00373964918529	0.0150476360075	0.979075772416
-eto	0.0	0.994134897361	0.00586510263931	0.0
-ico	0.151515151515	0.757575757576	0.030303030303	0.0606060606061
-ank	0.300349243306	0.474388824214	0.104190919674	0.121071012806
-uya	0.274231678487	0.709219858156	0.016548463357	0.0
-pmu	0.369375079224	0.543795157815	0.0716187095956	0.0152110533654
-ías	0.0479711044641	0.931203792539	0.00959422089282	0.011230882104
-ebú	0.0865786304835	0.894599928107	0.0	0.0188214414095
-ría	0.00455005055612	0.649646107179	0.0864509605662	0.259352881699
-ata	0.0	0.994500458295	0.0	0.00549954170485
-ato	0.0834563263116	0.882776510577	0.0183371349345	0.0154300281766
-kai	0.233285570379	0.554622928714	0.124855922128	0.0872355787793
-mta	0.320089115606	0.460084121367	0.035038652453	0.184788110574
-kan	0.409611553785	0.250249003984	0.295816733068	0.0443227091633
-kam	0.381241331484	0.193481276006	0.0759361997227	0.349341192788
-kal	0.320212064974	0.337005105497	0.0300873961905	0.312695433339
-ula	0.0971093226248	0.852456480786	0.0339882629187	0.0164459336704
-hta	0.275813118401	0.536059859374	0.025464964522	0.162662057703
-nes	0.0517160319699	0.71321109544	0.0211565585331	0.213916314057
-lén	0.0258517566789	0.954632049976	0.000797483496521	0.0187187098489
-nia	0.0131189173925	0.948229377814	0.0263133755762	0.0123383292176
-ena	0.150209683568	0.847502859321	0.00228745711018	0.0
-kas	0.179907211752	0.483290926676	0.0578263101025	0.278975551469
-htu	0.325289292515	0.28515453347	0.0823934378204	0.307162736195
-ave	0.422784984819	0.550648633729	0.0265663814518	0.0
-nin	0.525439293401	0.338183477293	0.0343242893486	0.102052939957
-ice	0.0513698630137	0.708904109589	0.102739726027	0.13698630137
-nil	0.229534582533	0.257768549493	0.139892376294	0.37280449168
-nim	0.0398728107808	0.864482915258	0.0186746075809	0.0769696663806
-tta	0.0783755522857	0.816224989526	0.0306559565592	0.0747435016296
-aji	0.0	1.0	0.0	0.0
-cía	0.220916568743	0.680376028202	0.021151586369	0.0775558166862
-neo	0.0525477707007	0.947452229299	0.0	0.0
-tti	0.170902541525	0.624774864919	0.124941631646	0.0793809619105
-aja	0.108516206966	0.868934970807	0.0	0.0225488222267
-nón	0.275862068966	0.724137931034	0.0	0.0
-tka	0.352045572242	0.115161300149	0.288009869924	0.244783257684
-ttu	0.275214219546	0.242010189903	0.443694997684	0.0390805928671
-óne	0.752577319588	0.123711340206	0.0	0.123711340206
-ɨrɨ	0.116504854369	0.883495145631	0.0	0.0
-sha	0.293171013951	0.238465130324	0.114799661998	0.353564193727
-fia	0.0	1.0	0.0	0.0
-ilt	0.28	0.64	0.0	0.08
-lda	0.0216998191682	0.685352622061	0.29294755877	0.0
-ire	0.484151767209	0.178434244342	0.121866968801	0.215547019648
-éne	0.134442532729	0.813359135436	0.0185876986538	0.0336106331821
-vid	0.071803369235	0.91162662248	0.0	0.016570008285
-fre	0.0336172120126	0.869116987898	0.0972658000896	0.0
-ila	0.108597285068	0.542986425339	0.0542986425339	0.294117647059
-ilo	0.0	0.855072463768	0.13768115942	0.00724637681161
-yus	0.308897998553	0.427779117434	0.263322884013	0.0
-oli	0.0384615384615	0.961538461538	0.0	0.0
-lma	0.288783841856	0.4555221315	0.13536742587	0.120326600774
-tki	0.432855755221	0.256617289947	0.169074793589	0.141452161243
-ãĩn	0.781386330587	0.0494425593796	0.00290838584585	0.166262724188
-igo	0.0322580645161	0.967741935484	0.0	0.0
-tmu	0.20840054197	0.610942641461	0.113555713272	0.067101103297
-lmo	0.631578947368	0.0956937799043	0.0574162679426	0.215311004785
-lmu	0.113312375003	0.780087132834	0.0664608006695	0.0401396914935
-amo	0.0	1.0	0.0	0.0
-atá	0.0181818181818	0.981818181818	0.0	0.0
-ama	0.172116198358	0.150312552939	0.016196340354	0.661374908348
-tma	0.06843575419	0.012104283054	0.0307262569832	0.888733705773
-kuh	0.693775100402	0.0853413654618	0.0281124497992	0.192771084337
-oas	0.00439882697947	0.960410557185	0.0	0.0351906158358
-hik	0.40491124378	0.480788697139	0.0472965761716	0.0670034829097
-iri	0.523853668972	0.211866219782	0.0567638878985	0.207516223347
-ɨil	0.861618798956	0.0195822454308	0.0	0.118798955614
-hia	0.0	1.0	0.0	0.0
-usa	0.436590436591	0.365904365904	0.024948024948	0.172557172557
-món	0.00981743024457	0.978815018946	0.00516706854978	0.00620048225973
-jmu	0.436523828594	0.539447336804	0.0	0.0240288346015
-hiz	0.549019607843	0.0915032679738	0.0392156862745	0.320261437908
-pɨt	0.0474308300395	0.845849802372	0.0237154150198	0.0830039525692
-iru	0.354116165477	0.468429021715	0.0236946124784	0.15376020033
-eis	0.0	0.0138329223552	0.21831960065	0.767847476995
-hit	0.374971408239	0.307845579078	0.103997763489	0.213185249193
-usu	0.0296296296297	0.822222222222	0.118518518519	0.0296296296297
-ulo	0.0384829894032	0.961517010597	0.0	0.0
-uza	0.131313079027	0.239246611671	0.038440037734	0.591000271568
-hti	0.10165892488	0.770842423515	0.0571193959191	0.070379255686
-mɨn	0.368548509157	0.266686847283	0.121083699107	0.243680944453
-uzi	0.382247673586	0.149606299213	0.317823908375	0.150322118826
-mɨl	0.742603550296	0.0931952662722	0.0473372781065	0.116863905325
-mɨm	0.408603870142	0.457060610907	0.0	0.134335518951
-mɨj	0.432542046805	0.188693877959	0.0486854236634	0.330078651573
-ceo	0.01611328125	0.96630859375	0.00878906250001	0.00878906250001
-aná	0.0235215681046	0.966491099407	0.00998733248883	0.0
-dta	0.0602739726027	0.915068493151	0.00547945205479	0.0191780821918
-ros	0.0214938205266	0.848199892531	0.0483610961848	0.0819451907576
-uzu	0.250510551396	0.741320626276	0.0	0.00816882232811
-tas	0.26522077498	0.255429807	0.115270613347	0.364078804673
-mɨz	0.539196945499	0.301629879728	0.10238801363	0.056785161143
-aní	0.0350877192983	0.964912280702	0.0	0.0
-cea	0.0	1.0	0.0	0.0
-iza	0.205618547968	0.132473100649	0.11581261633	0.546095735052
-win	0.245895230649	0.600078186083	0.0117279124316	0.142298670837
-wil	0.176198087689	0.708773921974	0.0894605893159	0.0255674010212
-ira	0.349911767696	0.42460343015	0.0450058821695	0.180478919985
-wij	0.782089552239	0.0907462686568	0.0107462686567	0.116417910448
-ɨra	0.543949453454	0.325840179504	0.0178277153872	0.112382651654
-pih	0.140812849074	0.577561452778	0.0762046006753	0.205421097473
-nɨt	0.766949152542	0.18220338983	0.0508474576271	0.0
-pil	0.137020089105	0.52857593445	0.0438555518164	0.290548424629
-pio	0.0427046263345	0.914590747331	0.0	0.0427046263345
-éwa	0.0195150509831	0.968775918427	0.00878177294238	0.00292725764747
-pit	0.154557077796	0.398425147218	0.0257657054233	0.421252069563
