-bwa	0.283786129363	0.140294047391	0.0867699126042	0.489149910642
-hem	0.0	0.991011235955	0.00898876404494	0.0
-hei	0.746552828975	0.131713219408	0.0177970025752	0.103936949042
-lel	0.0	1.0	0.0	0.0
-oye	0.0	0.957446808511	0.0425531914893	0.0
-aut	0.0623145400594	0.916913946588	0.0207715133531	0.0
-yel	0.0579412229778	0.913596421875	0.0182972283087	0.0101651268382
-pus	0.130522564516	0.846137168951	0.00985779036443	0.0134824761685
-250	0.238095238095	0.603174603175	0.0	0.15873015873
-pul	0.0897435897435	0.910256410256	0.0	0.0
-opu	0.165933626549	0.759550725165	0.0279888044782	0.0465268438079
-opo	0.118622308842	0.587929256814	0.0231377012166	0.270310733128
-opi	0.24420886756	0.237790989184	0.0877444309147	0.430255712342
-ope	0.102965999518	0.868097419822	0.0289365806607	0.0
-opa	0.014392991239	0.978097622028	0.00375469336671	0.00375469336671
-oku	0.326079938013	0.512171498676	0.136566152257	0.0251824110544
-400	0.298045602606	0.179153094463	0.0390879478827	0.483713355049
-ima	0.0236294388607	0.194729881942	0.00287254631458	0.778768132883
-oko	0.186527306088	0.241079206216	0.1079125591	0.464480928597
-oki	0.172394375724	0.0961126658944	0.0403247853131	0.691168173068
-aka	0.0875783548838	0.634948038037	0.0724462194631	0.205027387616
-imi	0.863358259687	0.0163154316791	0.112168592794	0.00815771583956
-ide	0.523489932886	0.355704697987	0.0402684563758	0.0805369127517
-siu	0.486206896552	0.327586206897	0.0879310344828	0.098275862069
-100	0.0229303658742	0.313437868825	0.0617096611027	0.601922104198
-uta	0.0362461589864	0.764050699532	0.149062005436	0.0506411360456
-tet	0.131964809384	0.691244239631	0.162128194386	0.0146627565982
-rin	0.0569200779727	0.936062378168	0.00233918128655	0.00467836257309
-rim	0.0	1.0	0.0	0.0
-uto	0.173973024417	0.707058611965	0.076314891012	0.0426534726061
-a'i	0.353581129679	0.372227725664	0.101074382736	0.173116761921
-ris	0.0157704482029	0.935007772846	0.0432282594445	0.00599351950703
-utu	0.0501043841336	0.895615866388	0.0417536534447	0.0125260960334
-tei	0.0978480183962	0.844437151212	0.014470710597	0.0432441197952
-a'a	0.24604987004	0.212612994296	0.0574677852809	0.483869350383
-tek	0.0533362124811	0.90757935651	0.0180306629238	0.0210537680846
-ten	0.055978352782	0.85134449518	0.076695416878	0.0159817351598
-e'e	0.417764026714	0.282722710637	0.0477681771875	0.251745085462
-ara	0.104845379018	0.850102250196	0.0269898995491	0.0180624712367
-e'a	0.396326453323	0.576595341791	0.0134444234047	0.0136337814808
-aro	0.533485092041	0.244008616384	0.0889706966014	0.133535594973
-ari	0.185749535453	0.530907943987	0.0896100444341	0.193732476126
-e'i	0.513928580967	0.192409390775	0.112977751663	0.180684276595
-aru	0.76404811497	0.0544821318703	0.0232559452243	0.158213807935
-luk	0.012987012987	0.961038961039	0.012987012987	0.012987012987
-mel	0.0796089385475	0.635474860335	0.276536312849	0.00837988826816
-men	0.101449275362	0.884057971015	0.0	0.0144927536232
-mek	0.0	1.0	0.0	0.0
-aye	0.0573378001508	0.920737375686	0.013856488871	0.00806833529195
-aya	0.120169312703	0.300024393011	0.391751751811	0.188054542475
-rai	0.300197413596	0.145585374228	0.0264648661021	0.527752346075
-gok	0.0263157894737	0.973684210526	0.0	0.0
-umu	0.290131578947	0.295394736842	0.373026315789	0.0414473684211
-ota	0.0229124236253	0.923625254582	0.0330957230143	0.020366598778
-oti	0.121976778128	0.169120825228	0.0191042139973	0.689798182646
-oto	0.168674739783	0.185137515965	0.0625970700973	0.583590674155
-ume	0.269771258591	0.310698533183	0.290286183198	0.129244025028
-otu	0.152755823447	0.826486477097	0.00735349464701	0.0134042048093
-umo	0.250470846359	0.145661417781	0.0285420266781	0.575325709182
-umi	0.0350877192982	0.754385964912	0.0701754385965	0.140350877193
-ako	0.213055782892	0.223017060853	0.224423682923	0.339503473331
ALL	0.236424982738	0.303335096928	0.0571684239463	0.403071496388
-nai	0.0748528174936	0.887300252313	0.00756938603869	0.0302775441548
-nan	0.0350713116671	0.831657703998	0.133270984335	0.0
-aki	0.260429673346	0.4115712581	0.270638161671	0.057360906884
-nam	0.0	1.0	0.0	0.0
-sis	0.0180288461539	0.953125	0.0252403846154	0.00360576923077
-sip	0.036422086451	0.933770893769	0.0213094044922	0.00849761528828
-kim	0.0	1.0	0.0	0.0
-kis	0.0625965996909	0.88601236476	0.0139103554868	0.0374806800618
-sin	0.0	0.956834532374	0.0	0.0431654676259
-kiu	0.0441176470588	0.955882352941	0.0	0.0
-nas	0.0164271047228	0.9681724846	0.00924024640657	0.00616016427104
-aku	0.0716009403559	0.700191496318	0.0810823434168	0.147125219909
-nau	0.0578499251497	0.700739146707	0.13564745509	0.105763473054
-wui	0.0541813729135	0.0475764107839	0.0299666684876	0.868275547815
-mos	0.009900990099	0.955445544554	0.0247524752475	0.00990099009902
-gol	0.00515843773029	0.714627855564	0.279108327192	0.00110537951363
-mon	0.00607087392348	0.991458421573	0.000423549343499	0.00204715516024
-moi	0.111724984653	0.217311233886	0.0	0.670963781461
-yau	0.28333089419	0.71666910581	0.0	0.0
-yat	0.0	1.0	0.0	0.0
-u'u	0.472270027736	0.251798770548	0.131283213335	0.144647988381
-yap	0.43621399177	0.56378600823	0.0	0.0
-yas	0.0318074510735	0.938648078562	0.0171818905667	0.012362579798
-ofu	0.218367346939	0.126530612245	0.630612244898	0.0244897959183
-bei	0.710204081633	0.069387755102	0.204081632653	0.0163265306122
-yam	0.0238095238095	0.939580133129	0.0120327700973	0.0245775729647
-bea	0.0	0.82	0.18	0.0
-u'i	0.447278911565	0.471088435374	0.0204081632653	0.0612244897959
-ofa	0.00381679389313	0.954561977463	0.00272628135223	0.0388949472919
-iso	0.117346938775	0.862244897959	0.0204081632653	0.0
-upu	0.0676261579074	0.754696859149	0.0953307798527	0.0823462030907
-isi	0.0716728732856	0.574707663357	0.0398262260203	0.313793237338
-rem	0.0327868852459	0.967213114754	0.0	0.0
-ise	0.290322580645	0.709677419355	0.0	0.0
-isa	0.199197707003	0.703609495903	0.0661814034004	0.0310113936939
-ama	0.043300900372	0.747292936151	0.112894105174	0.0965120583025
-upa	0.196466244726	0.758043248945	0.0308544303797	0.0146360759494
-res	0.0641711229947	0.92513368984	0.0106951871658	0.0
-ret	0.00364151325106	0.990289297997	0.00364151325106	0.00242767550071
-reu	0.0	1.0	0.0	0.0
-ime	0.084671270966	0.302807426675	0.16988070679	0.442640595569
-jut	0.0384615384615	0.884615384615	0.0769230769231	0.0
-bwe	0.146788107397	0.259399606424	0.0286729858477	0.565139300331
-mas	0.0358447714032	0.931766564629	0.00533228004345	0.0270563839242
-mau	0.669484361792	0.125105663567	0.0456466610313	0.159763313609
-mat	0.0476066685664	0.670221027423	0.254826954324	0.0273453496864
-hap	0.107969151671	0.87146529563	0.0102827763496	0.0102827763496
-mak	0.0371229698376	0.958236658933	0.0	0.0046403712297
-has	0.0	1.0	0.0	0.0
-mam	0.0267857142857	0.955357142857	0.0178571428571	0.0
-hau	0.336560627017	0.363762102351	0.147533425542	0.15214384509
-man	0.0966447130916	0.832206727699	0.0458780350085	0.0252705242014
-uno	0.523473025879	0.328338335682	0.0573163376206	0.090872300818
-uni	0.552880921286	0.19020812667	0.0595809871803	0.197329964864
-una	0.363661080071	0.412939034038	0.162601182769	0.0607987031223
-pta	0.0555555555556	0.888888888889	0.0	0.0555555555556
-unu	0.0539162767801	0.0431264956637	0.00582887654942	0.897128351007
-666	0.0967741935484	0.0	0.0	0.903225806452
-ika	0.149985180609	0.396366864249	0.221759751377	0.231888203765
-tri	0.0305018851969	0.740553458868	0.0157227365058	0.213221919429
-gai	0.746031746032	0.190476190476	0.0634920634921	0.0
-144	0.0235783633842	0.194174757282	0.00832177531209	0.773925104022
-gat	0.0	1.0	0.0	0.0
-lam	0.0461538461539	0.900591715976	0.0461538461538	0.00710059171598
-sen	0.0725493282955	0.81580604534	0.0358154911839	0.0758291351805
-sem	0.0	1.0	0.0	0.0
-sel	0.0110544038355	0.966063507462	0.0163091999353	0.00657288876704
-sek	0.0	1.0	0.0	0.0
-ino	0.494047284976	0.309861790359	0.0752261275561	0.120864797109
-ina	0.154248270412	0.0702541468067	0.0277877585547	0.747709824226
-sea	0.0526315789473	0.763157894737	0.105263157895	0.078947368421
-ing	0.036877015761	0.912697094344	0.0267424973808	0.0236833925144
-oho	0.713698630137	0.123287671233	0.0561643835616	0.106849315068
-ses	0.0543991342191	0.906030532593	0.00439588963387	0.0351744435536
-ohi	0.030303030303	0.69696969697	0.181818181818	0.0909090909091
-sep	0.0191665201336	0.967997186566	0.00316511341656	0.00967117988395
-kuu	0.812786697248	0.187213302752	0.0	0.0
-yan	0.0625	0.75	0.18125	0.00624999999999
-nes	0.0132450331126	0.986754966887	0.0	0.0
-nen	0.037037037037	0.925925925926	0.0	0.037037037037
-pel	0.0671296296296	0.93287037037	0.0	0.0
-nok	0.0	0.975308641975	0.0	0.0246913580247
-fus	0.0	1.0	0.0	0.0
-kul	0.280151842944	0.565587332144	0.0638320654808	0.0904287594311
-kui	0.036139275254	0.0337078060771	0.0115524781315	0.918600440537
-eka	0.0390441647109	0.805632600811	0.142521868999	0.012801365479
-eke	0.166517530119	0.212003530981	0.0191117100413	0.602367228859
-bai	0.269501226492	0.514636140638	0.0474243663123	0.168438266558
-eki	0.164835301569	0.511115728753	0.0868814865599	0.237167483118
-eko	0.725774185805	0.145794990798	0.0748179563095	0.0536128670881
-jon	0.0110550238688	0.963500148466	0.0127452547909	0.0126995728741
-eku	0.426507462687	0.480835820895	0.0298507462687	0.0628059701492
-hou	0.0322580645161	0.903225806452	0.0	0.0645161290323
-bas	0.0	1.0	0.0	0.0
-ase	0.301049539198	0.433485749485	0.0876590300647	0.177805681253
-mbu	0.311299275881	0.32432264465	0.0508381205742	0.313539958894
-asa	0.495942520353	0.353082451075	0.0983556565377	0.0526193720344
-aso	0.0395150739522	0.868283086826	0.0790301479044	0.0131716913174
-yeu	0.463954318344	0.42005710207	0.0956905781585	0.0202980014275
-153	0.109090909091	0.0727272727273	0.109090909091	0.709090909091
-asi	0.516916004972	0.358699703875	0.0730445323143	0.0513397588383
-mba	0.167476196746	0.47185740629	0.155729394741	0.204937002223
-mbe	0.319136959278	0.37014589155	0.0348837118009	0.275833437371
-iwa	0.434032291538	0.198207183631	0.0766709422518	0.291089582579
-mbi	0.0977171182787	0.777180074244	0.0168048547358	0.108297952742
-mbo	0.165035661391	0.581838241659	0.0449119272292	0.208214169722
-430	0.306451612903	0.0	0.0	0.693548387097
-rau	0.513425725422	0.158943265483	0.0252273711563	0.302403637938
-ras	0.0311869666408	0.9281613654	0.0141194724593	0.0265321955004
-iho	0.180255059958	0.689994289702	0.0145929826788	0.115157667661
-ran	0.146974063401	0.853025936599	0.0	0.0
-eri	0.421589987437	0.347497654299	0.215168333837	0.0157440244271
-ral	0.0281690140845	0.704225352113	0.267605633803	0.0
-ram	0.0	0.941426783479	0.0	0.0585732165207
-rak	0.0555555555555	0.916666666667	0.0277777777778	0.0
-ero	0.652967691916	0.135136165817	0.0356793863479	0.176216755919
-era	0.0970724191063	0.86594761171	0.0184899845917	0.0184899845917
-iwo	0.190865712338	0.557168271069	0.196102881274	0.0558631353185
-pol	0.022948031367	0.938140386349	0.00580616956747	0.0331054127162
-500	0.172932330827	0.233082706767	0.0451127819549	0.548872180451
-iko	0.0510307264929	0.92855698291	0.00695873543084	0.0134535551663
-foi	0.247687725349	0.540680357423	0.0182891780321	0.193342739196
-lan	0.0134907251265	0.959527824621	0.0269814502529	0.0
-nos	0.0246913580247	0.975308641975	0.0	0.0
-lai	0.0493995295283	0.950600470472	0.0	0.0
-iki	0.0471583987397	0.104595623785	0.0236504665716	0.824595510903
-lak	0.051724137931	0.948275862069	0.0	0.0
-lat	0.0421383647799	0.880817610063	0.0459119496855	0.0311320754717
-fos	0.0550458715596	0.926605504587	0.0	0.0183486238532
-non	0.0	1.0	0.0	0.0
-las	0.0408675205861	0.933085048711	0.013248262168	0.0127991685352
-gei	0.0602536764822	0.103725774904	0.209990204447	0.626030344167
-ahi	0.217813376818	0.265728192954	0.016404962524	0.500053467703
-aha	0.422075283973	0.0478091999686	0.0529900248519	0.477125491206
-sas	0.00280989348805	0.810030768793	0.00366158506	0.183497752659
-sat	0.0	1.0	0.0	0.0
-ton	0.00153452685422	0.983120204604	0.0	0.0153452685422
-tom	0.00477326968973	0.99522673031	0.0	0.0
-tok	0.0	1.0	0.0	0.0
-oli	0.0756451042771	0.75821845175	0.162601626016	0.00353481795688
-tot	0.0634920634921	0.825396825397	0.031746031746	0.0793650793651
-tou	0.211903204709	0.41137998692	0.376716808371	0.0
-olo	0.392105263158	0.56052631579	0.0	0.0473684210526
-sak	0.016323253947	0.974043350281	0.003211131924	0.00642226384801
-sai	0.424345401667	0.278652456052	0.0704258285195	0.226576313762
-sam	0.104398045313	0.821856952465	0.034651266104	0.0390937361173
-efa	0.0	1.0	0.0	0.0
-rot	0.0282736156352	0.924299674267	0.0433876221498	0.00403908794788
-rou	0.0964408725603	0.56831228473	0.280137772675	0.0551090700344
-lok	0.00343170899109	0.831274307939	0.0251658659346	0.140128117136
-loi	0.0	0.980769230769	0.0	0.0192307692308
-hai	0.216433787433	0.151618696146	0.0340497902468	0.597897726175
-det	0.0927503312512	0.770332513092	0.0265000946432	0.110417061013
-lot	0.0	0.983144776157	0.0168552238425	0.0
-los	0.0253837072019	0.961629279811	0.0	0.012987012987
-ipi	0.210104767066	0.712250693369	0.0636048480057	0.0140396915592
-ipo	0.40899795501	0.352591974904	0.112136915044	0.126273155042
-ipa	0.130246797487	0.687523786535	0.0237660495866	0.158463366391
-ipe	0.116404076785	0.198146995456	0.380539112282	0.304909815477
-ewa	0.729577222531	0.148804036417	0.0335144738963	0.0881042671559
-ewo	0.114143920595	0.0794044665012	0.04052936311	0.765922249793
-awa	0.39261441593	0.173356988479	0.0634824373707	0.370546158221
-awe	0.930508118378	0.0119327219638	0.00150474277749	0.0560544168812
-276	0.0	0.169230769231	0.0	0.830769230769
-sta	0.314285714286	0.542857142857	0.114285714286	0.0285714285714
-200	0.138181818182	0.523636363636	0.0654545454545	0.272727272727
-iok	0.0707231602421	0.90729531698	0.0	0.0219815227779
-lei	0.0500563522943	0.0952919318417	0.0327720807793	0.821879635085
-lek	0.0	1.0	0.0	0.0
-ois	0.197530864197	0.777777777778	0.0246913580247	0.0
-lem	0.0054267807755	0.98828719816	0.000407008558163	0.00587901250679
-len	0.0299401197605	0.660678642715	0.0299401197605	0.279441117764
-ios	0.0373748828953	0.904743903708	0.0294199825781	0.0284612308181
-oik	0.0869565217391	0.5	0.413043478261	0.0
-ifa	0.0306310627251	0.913620403115	0.0490097003602	0.00673883379952
-ifi	0.0392156862745	0.960784313725	0.0	0.0
-ndu	0.107682394215	0.75993413045	0.107467602205	0.0249158731295
-ndi	0.612119181509	0.180967425485	0.0957415969432	0.111171796062
-ifu	0.369473684211	0.321052631579	0.230526315789	0.078947368421
-ndo	0.211318745138	0.200396830134	0.0556990443866	0.532585380341
-ali	0.05828995117	0.908358581923	0.0144222559596	0.018929210947
-nda	0.436211461661	0.204505372354	0.0781849962636	0.281098169721
-ale	0.102237394969	0.678508596648	0.0557370738554	0.163516934528
-nde	0.150000155126	0.0457792357694	0.0458650483848	0.75835556072
-ala	0.0300384212365	0.947956688788	0.0188613342648	0.00314355571079
-lon	0.0234708051923	0.917293353132	0.0480592677747	0.0111765739011
-120	0.0181818181818	0.109090909091	0.0	0.872727272727
-fat	0.0157480314961	0.984251968504	0.0	0.0
-yos	0.0	0.973214285714	0.0267857142857	0.0
-yot	0.00180831826401	0.998191681736	0.0	0.0
-yon	0.0525373134329	0.87176119403	0.0444179104478	0.0312835820895
-rel	0.0214386724274	0.945200128132	0.00585969545209	0.0275015039885
-gwa	0.650401429828	0.281298760248	0.0567391982752	0.0115606116486
-chi	0.0599343386141	0.38580490892	0.0359345950176	0.518326157448
-gwe	0.280744817429	0.622883981847	0.0659176938956	0.0304535068281
-iyu	0.00405679513185	0.95537525355	0.0	0.0405679513185
-cha	0.413136527017	0.486693795754	0.0423345323089	0.05783514492
-pen	0.00946185688943	0.976345357776	0.0	0.0141927853341
-ros	0.0	1.0	0.0	0.0
-che	0.0652198153546	0.777970968867	0.0858832220171	0.0709259937617
-pet	0.0933638443936	0.839816933638	0.00091533180778	0.0659038901602
-peu	0.582153358093	0.19403822346	0.193632002476	0.0301764159703
-iyo	0.0754446598669	0.629267470286	0.14418781084	0.151100059007
-eli	0.0862123280479	0.780216318387	0.0823269977948	0.0512443557702
-oga	0.577464788732	0.422535211268	0.0	0.0
-ela	0.0	1.0	0.0	0.0
-iya	0.105941032351	0.713271329513	0.102687518288	0.0781001198479
-ele	0.0605899982856	0.108667316119	0.0467501520461	0.783992533549
-ito	0.202569273754	0.25188765208	0.0977615474871	0.447781526679
-esi	0.380107691477	0.472095661726	0.0518647913703	0.0959318554269
-eso	0.0	1.0	0.0	0.0
-iti	0.480434132501	0.399194754232	0.0437633569412	0.0766077563257
-esa	0.0115696104898	0.947936752796	0.0	0.0404936367143
-ese	0.186335403727	0.813664596273	0.0	0.0
-ita	0.0390237985734	0.942239897958	0.00923743333806	0.00949887013065
-fai	0.142592050005	0.77894976723	0.0465540254582	0.031904157307
-o'i	0.363636363636	0.535885167464	0.0287081339713	0.0717703349282
-fas	0.0413030831879	0.939499709133	0.00523560209424	0.0139616055846
-o'o	0.417112147655	0.290815323103	0.0786818961857	0.213390633057
-rik	0.0202473551892	0.658325881182	0.312821637674	0.00860512595542
-nje	0.365802965221	0.451295552169	0.126829495241	0.0560719873696
-pwa	0.101832453949	0.447469277485	0.242398029539	0.208300239027
-wol	0.0658049353701	0.913043478261	0.021151586369	0.0
-nja	0.140024783147	0.441140024783	0.374225526642	0.0446096654275
-pwe	0.261899784066	0.482690300909	0.114057583479	0.141352331546
-ron	0.00930232558142	0.976744186046	0.0139534883721	0.0
-nji	0.187958663649	0.337447812235	0.00941401455502	0.465179509561
-kon	0.0	1.0	0.0	0.0
-sop	0.107142857143	0.857142857143	0.0	0.0357142857143
-kok	0.0775862068966	0.870689655172	0.051724137931	0.0
-kou	0.608330495971	0.350811485643	0.0408580183861	0.0
-sol	0.0471166322776	0.890376720342	0.0137201931463	0.0487864542341
-ori	0.0539009599005	0.378146701726	0.0323378671158	0.535614471257
-oro	0.214586175071	0.0665085009405	0.0229503583261	0.695954965662
-kos	0.0633484162896	0.927601809955	0.00904977375567	0.0
-ora	0.00387096774194	0.978064516129	0.0	0.018064516129
-lip	0.0	1.0	0.0	0.0
-rut	0.0	1.0	0.0	0.0
-lis	0.043227665706	0.839577329491	0.00576368876081	0.111431316042
-lim	0.062176165803	0.886010362694	0.0518134715026	0.0
-omi	0.0	0.961538461538	0.0384615384615	0.0
-omo	0.282183743506	0.456033139745	0.122591778531	0.139191338218
-fwa	0.0475060667921	0.887500784732	0.0145473123191	0.0504458361566
-lif	0.0860044430339	0.802602348461	0.0599809584259	0.0514122500794
-eat	0.0	1.0	0.0	0.0
-eam	0.0	1.0	0.0	0.0
-eho	0.0	1.0	0.0	0.0
-uro	0.48853467002	0.306834483245	0.0985594719137	0.106071374822
-ura	0.166482059544	0.562648944383	0.238982311281	0.0318866847917
-ehe	0.395124716553	0.225056689342	0.359410430839	0.0204081632653
-ehu	0.158102766798	0.046442687747	0.573122529644	0.22233201581
-uru	0.00773993808049	0.955771782397	0.0285272003538	0.00796107916851
-pai	0.0146109148283	0.969959214608	0.00377836396196	0.0116515066019
-wau	0.514503511201	0.129222198128	0.0513586095311	0.30491568114
-apa	0.223925268012	0.211335065565	0.0439030400442	0.520836626379
-mes	0.124423963134	0.875576036866	0.0	0.0
-pan	0.0	1.0	0.0	0.0
-ape	0.0693163818563	0.694743435466	0.124568536817	0.11137164586
-api	0.153045314119	0.72318583728	0.0581607058117	0.0656081427894
-apo	0.357147012616	0.151235769625	0.0734959768009	0.418121240959
-apu	0.134167879211	0.563589748494	0.146798304267	0.155444068029
-pas	0.0116655865198	0.974901313851	0.0113120838979	0.00212101573087
-pat	0.0	0.769230769231	0.230769230769	0.0
-wai	0.167631023665	0.660694633942	0.0479772804686	0.123697061925
-nui	0.0311368504067	0.055408468159	0.010283466511	0.903171214923
-ken	0.0327868852459	0.959016393443	0.0	0.00819672131148
-kem	0.0	1.0	0.0	0.0
-kel	0.148514851485	0.851485148515	0.0	0.0
-sus	0.0238095238095	0.970238095238	0.00595238095237	0.0
-kei	0.222535703192	0.126654900395	0.0576633214382	0.593146074975
-ket	0.0	1.0	0.0	0.0
-rom	0.0284482758621	0.671293103448	0.281637931034	0.0186206896552
-sos	0.0462962962963	0.888888888889	0.0	0.0648148148148
-i'i	0.318214573657	0.272530091255	0.0309652746563	0.378290060432
-diu	0.415797317437	0.414307004471	0.152011922504	0.0178837555887
-son	0.0448521916412	0.938837920489	0.0163098878695	0.0
-fen	0.0746553552492	0.81230116649	0.0432661717922	0.0697773064687
-kop	0.0	0.9950799508	0.0	0.00492004920049
-'oi	0.477236772719	0.354016523115	0.100193355599	0.0685533485674
-uku	0.358645424346	0.525207435585	0.0614142832076	0.0547328568614
-ihi	0.124970034311	0.0566155118307	0.0188707921436	0.799543661715
-afu	0.117090909091	0.770909090909	0.0203636363636	0.0916363636363
-afo	0.0582726757225	0.12486683061	0.615628742981	0.201231750686
-uki	0.0431654676259	0.938848920863	0.0	0.0179856115108
-uko	0.370416756942	0.522698179993	0.066911272951	0.0399737901141
-aiu	0.459160010307	0.515331100232	0.0	0.0255088894615
-tiu	0.900340415542	0.0309895527644	0.0	0.0686700316939
-ngu	0.231020942408	0.638089005236	0.068717277487	0.0621727748691
-ais	0.00502729014663	0.976294947153	0.00212969928646	0.0165480634134
-tis	0.00523691762434	0.947630823757	0.0471322586191	0.0
-efo	0.314143448585	0.227705046436	0.227089627392	0.231061877588
-dna	0.503105590062	0.329192546584	0.0745341614907	0.0931677018634
-nga	0.141172590867	0.0519064938535	0.0270568765297	0.77986403875
-nge	0.174879605827	0.223702706169	0.092264744746	0.509152943258
-ini	0.269514913796	0.112873925768	0.035309840263	0.582301320173
-dau	0.42323466056	0.316057486805	0.0851745400188	0.175533312615
-ngi	0.232524929068	0.417754424993	0.0658119351117	0.283908710828
-tin	0.0	1.0	0.0	0.0
-ngo	0.185043187867	0.497025059007	0.291382513936	0.0265492391905
-eme	0.0691082305169	0.91449320631	0.00702795564579	0.00937060752771
-uwe	0.0293812397499	0.888584145165	0.0367819916432	0.0452526234417
-ema	0.00589390962672	0.970530451866	0.0235756385069	0.0
-uwa	0.250211274933	0.620727802808	0.0548977929759	0.0741631292831
-uwo	0.145513338723	0.624090541633	0.100242522231	0.130153597413
-emi	0.301547678482	0.448327508737	0.125811283075	0.124313529705
-260	0.0	0.100558659218	0.0	0.899441340782
-emu	0.277330264672	0.657077100115	0.0414269275029	0.02416570771
-oni	0.473356979287	0.27110535053	0.0814589028451	0.174078767337
-mwo	0.497006907137	0.265694551036	0.032847275518	0.204451266309
-set	0.0135135135135	0.986486486486	0.0	0.0
-rit	0.0752508361204	0.895484949833	0.0	0.0292642140468
-ame	0.174188587805	0.646170693632	0.130361844405	0.0492788741583
-000	0.0531408175894	0.147313772794	0.0151129195337	0.784432490082
-eta	0.192748091603	0.629770992366	0.0286259541985	0.148854961832
-omu	0.297493485544	0.634104727634	0.0521156471026	0.0162861397196
-ete	0.174774392755	0.0243387646552	0.00953119778963	0.7913556448
-eti	0.242838592564	0.635645818516	0.0529666713065	0.0685489176135
-eto	0.351462784419	0.249542801838	0.106068974748	0.292925438995
-atu	0.425373134328	0.559701492537	0.0	0.0149253731343
-uya	0.175098149187	0.592933258553	0.102748177229	0.129220415031
-'ai	0.517833640739	0.303491772952	0.078857048829	0.0998175374797
-300	0.15	0.425	0.1	0.325
-wei	0.438825274072	0.321934590955	0.0702023798704	0.169037755103
-ate	0.255998226852	0.736001828559	0.00799994458913	0.0
-wen	0.0110536536898	0.868146508897	0.10351932978	0.0172805076325
-wel	0.116668611144	0.811330188836	0.0440007333455	0.0280004666745
-ati	0.0815047477788	0.672977649813	0.134566447091	0.110951155317
-nis	0.046976044251	0.897032307046	0.0521956047234	0.00379604397988
-kai	0.346265992556	0.144091804721	0.0557731444866	0.453869058236
-uli	0.365617291723	0.400627390619	0.119413466023	0.114341851636
-osa	0.0175438596491	0.982456140351	0.0	0.0
-kam	0.103896103896	0.896103896104	0.0	0.0
-ula	0.324277655486	0.20483640034	0.014759198379	0.456126745795
-osi	0.666559735045	0.194320162761	0.0320142262423	0.107105875952
-weu	0.535598254896	0.200315603824	0.169869117238	0.0942170240416
-kas	0.0519252697132	0.935970528901	0.00999912288395	0.00210507850189
-kau	0.260407170943	0.470358440718	0.0450195751167	0.224214813222
-fis	0.137931034483	0.793103448276	0.0	0.0689655172414
-'au	0.339417644502	0.530204259018	0.13037809648	0.0
-fit	0.00874597792991	0.969766989872	0.00194355065109	0.0195434815471
-fik	0.0	0.963287671233	0.0334246575342	0.00328767123288
-ata	0.49477589213	0.39570236882	0.0329107941326	0.0766109449169
-ila	0.00561009817672	0.98316970547	0.0	0.0112201963534
-ilo	0.057395310199	0.672846731866	0.223841709776	0.0459162481592
-yus	0.147859922179	0.758754863813	0.0700389105058	0.0233463035019
-ili	0.341137030304	0.334171164832	0.09165505763	0.233036747234
-oam	0.0	0.96884272997	0.0	0.0311572700297
-amu	0.0334519717231	0.860958131137	0.0946668043319	0.0109230928075
-amo	0.104824491104	0.108991825613	0.0544959128065	0.731687770476
-kwe	0.109285918315	0.07769538558	0.0582167778515	0.754801918253
-buu	0.660755355453	0.255736858708	0.0584554500875	0.0250523357518
-kwa	0.454113325208	0.284011480141	0.0486693964447	0.213205798207
-usi	0.44950413742	0.467484484353	0.0517728758566	0.0312385023704
-iro	0.565529880506	0.244995901134	0.0696554924456	0.119818725914
-iri	0.0763879231179	0.876884211301	0.014109387984	0.0326184775975
-usa	0.0540540540541	0.945945945946	0.0	0.0
-ira	0.555238406508	0.198859716018	0.0222246432073	0.223677234267
-bal	0.100840336134	0.848739495798	0.0504201680672	0.0
-eiu	0.435767321195	0.214388967472	0.114675610841	0.235168100492
-usu	0.618463076624	0.206071041742	0.168967145277	0.00649873635681
-epe	0.0674052328518	0.824434778628	0.0422039294672	0.0659560590534
-epo	0.16	0.696	0.0	0.144
-epi	0.134032666038	0.494710762462	0.18319343628	0.18806313522
-epu	0.1125	0.775	0.0625	0.05
-oas	0.0515463917526	0.936082474227	0.0041237113402	0.00824742268041
-jop	0.0	0.904761904762	0.0952380952381	0.0
-ham	0.00723765408585	0.952231483033	0.037102500419	0.00342836246171
-wit	0.051724137931	0.948275862069	0.0	0.0
-iye	0.263781266311	0.396153691733	0.136808929217	0.203256112739
-owi	0.0634920634921	0.904761904762	0.0	0.031746031746
-owo	0.42265795207	0.385620915033	0.078431372549	0.113289760349
-uri	0.0263494629087	0.152271273193	0.0491632151396	0.772216048759
-owa	0.251951335877	0.145352564495	0.0410558932723	0.561640206355
-uhu	0.206106870229	0.793893129771	0.0	0.0
-owe	0.365548123947	0.448047666037	0.0506239358611	0.135780274155
-uhi	0.126351488268	0.0547771800891	0.0274609356255	0.791410396017
-anu	0.0673205643085	0.913500154464	0.0091391205849	0.0100401606426
-ona	0.368069838777	0.300394754133	0.0716299104311	0.259905496658
-ono	0.383468744915	0.338353000599	0.0767846217255	0.201393632761
-ehi	0.0666666666667	0.773333333333	0.133333333333	0.0266666666667
-oea	0.126349892009	0.831533477322	0.0421166306696	0.0
-das	0.0170212765958	0.88085106383	0.0	0.102127659574
-450	0.272727272727	0.568181818182	0.0454545454545	0.113636363636
-ana	0.26820666109	0.595703435225	0.109820849147	0.0262690545379
-dai	0.0195234680054	0.95178898717	0.0119531436768	0.0167344011475
-ani	0.342962186298	0.119015096952	0.0397398844853	0.498282832264
-mwe	0.158581636409	0.425874272226	0.0959895106255	0.31955458074
-ank	0.328527291452	0.438722966014	0.109165808445	0.123583934089
-mwa	0.17491151409	0.511002617466	0.160248399328	0.153837469116
-ano	0.482537714148	0.252946100046	0.0507652152127	0.213750970594
-tam	0.0200780814278	0.961517010597	0.0150585610708	0.00334634690462
-tan	0.0114274830968	0.988572516903	0.0	0.0
-tai	0.0344827586207	0.735632183908	0.112068965517	0.117816091954
-yis	0.0262338817252	0.872387727879	0.096042685638	0.00533570475766
-tat	0.0	1.0	0.0	0.0
-tau	0.318467374211	0.477859172466	0.0345648513229	0.169108602
-tap	0.0	1.0	0.0	0.0
-tas	0.0370100715933	0.94114078103	0.0117133129189	0.0101358344576
-min	0.00405405405405	0.97972972973	0.0162162162162	0.0
-mis	0.00529968454258	0.991293375394	0.00340694006309	0.0
-eno	0.598396945296	0.262982561447	0.0394986864319	0.099121806826
-eni	0.230716109256	0.199281731336	0.0762302470223	0.493771912386
-ene	0.200496835265	0.569990490208	0.184028385954	0.0454842885737
-ena	0.319744732897	0.662353034009	0.0113923301507	0.00650990294327
