-รซา	0.571525472841	0.22941362415	0.0593685791054	0.139692323903
-ยดา	0.00959849771603	0.955250012348	0.00150306145553	0.0336484284801
-ซแร	0.133341678924	0.700884893437	0.0502039453781	0.11556948226
-บับ	0.372983870968	0.366935483871	0.211693548387	0.0483870967742
-ชนำ	0.0177800100452	0.964339527875	0.00713209442491	0.0107483676544
-ซือ	0.118118466899	0.841289198606	0.0120209059233	0.0285714285714
-งนา	0.478609625669	0.280748663102	0.0320855614973	0.208556149733
-คีย	0.0350877192982	0.929824561404	0.0350877192982	0.0
-ตวม	0.138259042141	0.831877004756	0.0232275190797	0.00663643402278
-ชือ	0.224153253678	0.707712056878	0.0399921003258	0.0281425891182
-ลัฮ	0.176664147374	0.193759350948	0.0524707067902	0.577105794888
-ปวง	0.253433208489	0.674469413233	0.0393258426966	0.0327715355805
-นตา	0.282252512736	0.235164532562	0.0947266969572	0.387856257745
-บอฮ	0.714668136949	0.165480684805	0.0843397180251	0.0355114602211
-ปวก	0.0450204638472	0.942701227831	0.00341064120054	0.00886766712142
-ซ็ว	0.683994077973	0.316005922027	0.0	0.0
-าไจ	0.745012393185	0.14552892032	0.0500060665939	0.0594526199019
-นไฮ	0.272727272727	0.581818181818	0.109090909091	0.0363636363636
-ิจๆ	0.422680412371	0.329896907216	0.19587628866	0.0515463917526
-ํลๆ	0.316372202591	0.419316843345	0.264310954064	0.0
-ซีย	0.0208406923349	0.947368421053	0.0224655598728	0.00932532673966
-งีย	0.14027642609	0.532780092628	0.299882280973	0.0270612003088
-มมๆ	0.126984126984	0.603174603175	0.238095238095	0.031746031746
-นไร	0.497217068646	0.350649350649	0.12987012987	0.0222634508349
-ลึก	0.399902164608	0.426440014675	0.107618931148	0.0660388895683
-ฺิญ	0.290888401016	0.189059644364	0.200467821469	0.319584133151
-มอฺ	0.0341112375996	0.931858838836	0.0247601235973	0.00926979996747
-นุม	0.0666666666667	0.6	0.266666666667	0.0666666666667
-าดม	0.0215053763441	0.849462365591	0.129032258064	0.0
-อูด	0.120085979928	0.807004675116	0.00857756999484	0.0643317749613
-กือ	0.420253266353	0.0413240784302	0.0147650947248	0.523657560492
-ฺืบ	0.77581120944	0.0619469026549	0.0530973451327	0.109144542773
-ชโย	0.341772151899	0.620253164557	0.0	0.0379746835443
-ฺิง	0.305981148967	0.190933780244	0.0311219891548	0.471963081635
-็อฮ	0.0979922132173	0.180829042493	0.0621410120894	0.6590377322
-นุฮ	0.163193094432	0.00801308599378	0.000284135960766	0.828509683613
-นิด	0.195895522388	0.773320895522	0.0251865671642	0.00559701492537
-จแก	0.0289855072464	0.910500889906	0.0391558606662	0.0213577421815
-ฺิน	0.0541690836358	0.165785413264	0.66931181994	0.11073368316
-มุด	0.426858513189	0.26618705036	0.230215827338	0.0767386091127
-าดำ	0.0740296532186	0.837651729771	0.0342232056081	0.0540954114022
-ฺิบ	0.755443886097	0.214405360134	0.0	0.0301507537688
-ซพา	0.10447761194	0.701492537314	0.0746268656716	0.119402985075
-วีย	0.105063476158	0.192427579232	0.0276433412406	0.674865603369
-็จๆ	0.333333333333	0.2	0.0733333333333	0.393333333333
-บนี	0.0	0.818181818182	0.0	0.181818181818
-อฺม	0.425708609969	0.197895520773	0.180978170377	0.195417698881
-ตโร	0.0304785323713	0.898437247226	0.00550037208399	0.0655838483191
-ตัง	0.507142762866	0.16993924142	0.0393192927191	0.283598702996
-ิลี	0.00948425420625	0.970232146904	0.0117355107863	0.00854808810363
-กืก	0.28545536928	0.120978704123	0.532850022655	0.060715903942
-รุน	0.0293706293706	0.439440559441	0.48979020979	0.0413986013986
-ฺิม	0.18198395916	0.365930035026	0.114508828226	0.337577177588
-ปดม	0.446194225722	0.351706036745	0.170603674541	0.0314960629921
-ฺิร	0.588790858738	0.260643628587	0.0247635494868	0.125801963188
-ฺิย	0.203364767583	0.0396464166598	0.0127881229228	0.744200692835
-อูม	0.0754716981132	0.88679245283	0.0377358490566	0.0
-อูล	0.581081081081	0.364864864865	0.027027027027	0.027027027027
-วีญ	0.102040816327	0.231049562682	0.666909620991	0.0
-ลุฮ	0.397094430993	0.386602098466	0.0790960451977	0.137207425343
-ิกา	0.00454545454545	0.931818181818	0.0590909090909	0.00454545454545
-ิโอ	0.0	0.94495412844	0.0366972477064	0.0183486238532
-โอร	0.0967741935484	0.903225806452	0.0	0.0
-เวน	0.159573030672	0.665450614782	0.0397243615728	0.135251992974
-งไซ	0.516074653823	0.318723660446	0.114148103552	0.0510535821794
-ปีร	0.059547819766	0.072833095156	0.0532018477325	0.814417237346
-ปีย	0.0	0.627906976744	0.372093023256	0.0
-แบบ	0.226660030691	0.31213968728	0.0802953009	0.380904981129
-เมน	0.234526722686	0.177271925774	0.0807954368153	0.507405914725
-ก็น	0.248260446588	0.72647796411	0.0200350535843	0.00522653571764
-ิบ็	0.0481898093526	0.127192334261	0.018153695304	0.806464161083
-ทูด	0.0508785630613	0.895392424834	0.0366263178446	0.0171026942601
-โอฮ	0.731874928416	0.206276486084	0.0137441301111	0.0481044553889
-ลโล	0.0818401937046	0.820823244552	0.00581113801453	0.0915254237288
-รีก	0.0324711835817	0.471886421142	0.462187236435	0.0334551588417
-แจว	0.805714285714	0.0685714285714	0.0685714285714	0.0571428571428
-แบญ	0.551944299994	0.320939504247	0.0317790489397	0.0953371468193
-มจู	0.974576271186	0.0254237288136	0.0	0.0
-แบจ	0.442393849617	0.373196636467	0.0703320319173	0.114077481998
-รีน	0.159534690486	0.830494391359	0.00997091815537	0.0
-รีด	0.0527777777777	0.941666666667	0.0	0.00555555555556
-ิมะ	0.0666666666667	0.9	0.0333333333333	0.0
-บ็ฮ	0.526369402176	0.340709031618	0.0770945083996	0.0558270578066
-ียๆ	0.277157360406	0.412182741117	0.207106598985	0.103553299492
-ยะๆ	0.0	0.175257731959	0.164948453608	0.659793814433
-ลีญ	0.376237623762	0.485148514851	0.138613861386	0.0
-โอก	0.0204869857263	0.961376994123	0.0	0.0181360201511
-าอี	0.0576923076923	0.942307692308	0.0	0.0
-อนน	0.0	0.967213114754	0.0327868852459	0.0
-บยา	0.0621761658031	0.922279792746	0.0	0.0155440414508
-ฮก็	0.0428571428572	0.957142857143	0.0	0.0
-ชลา	0.0	0.957142857143	0.0	0.0428571428572
-ชละ	0.142222222222	0.822222222222	0.0	0.0355555555556
-กัด	0.342555389737	0.47807369992	0.015382849271	0.163988061072
-โอด	0.0031746031746	0.993650793651	0.0	0.0031746031746
-ชลี	0.604278074866	0.395721925134	0.0	0.0
-โอบ	0.0459032576505	0.783316880553	0.165350444225	0.00542941757157
-ซมา	0.697274628533	0.273161277607	0.0203663757706	0.00919771808994
-โอน	0.0160140056089	0.579309900014	0.0140235290912	0.390652565286
-ปีบ	0.0271976687712	0.864011656144	0.0	0.108790675085
-ควะ	0.0851621356043	0.0411398624304	0.860072060269	0.0136259416967
-ลวง	0.654827085034	0.302367252673	0.035837298664	0.00696836362912
-ียน	0.291376580614	0.209513562304	0.0332539835478	0.465855873534
-ียบ	0.314968662594	0.384213809236	0.249127755724	0.0516897724462
-รวม	0.327070356377	0.223016440314	0.084345961401	0.365567241907
-เตา	0.0159857904085	0.920071047957	0.0532859680284	0.0106571936057
-ลวก	0.380810488677	0.475566150179	0.122169249106	0.0214541120381
-รวย	0.0296351047913	0.493514801869	0.0380754827382	0.438774610602
-จัน	0.114748352727	0.728795738119	0.141034627786	0.0154212813683
-จับ	0.694639157078	0.125049596614	0.00145483401667	0.178856412291
-ียด	0.112566286308	0.64021493143	0.053807999632	0.19341078263
-ทนา	0.557993730408	0.30407523511	0.025078369906	0.112852664577
-รโก	0.0770202020202	0.905934343434	0.0113636363636	0.00568181818182
-ียจ	0.0522951772226	0.756827425915	0.0357350377687	0.155142359094
-จัก	0.0194661021325	0.931309271785	0.0360578991756	0.0131667269066
-ยุด	0.0	1.0	0.0	0.0
-โดก	0.0	1.0	0.0	0.0
-จุฮ	0.60593569662	0.36933223413	0.0164880461665	0.00824402308326
-นที	0.471264367816	0.32183908046	0.114942528736	0.0919540229885
-จัง	0.142857142857	0.542857142857	0.0571428571429	0.257142857143
-ียก	0.100567856576	0.653491657793	0.0253338778163	0.220606607816
-จุม	0.0532022046192	0.0618107623445	0.0346460324856	0.850341000551
-ทาน	0.575943572885	0.407411260455	0.00474387249803	0.0119012941617
-เปา	0.0428527701255	0.92500765228	0.0321395775941	0.0
-จัญ	0.468990012942	0.39225554536	0.0763149429343	0.0624394987644
-จุล	0.0563763794476	0.83892463015	0.104698990403	0.0
-ียง	0.178278025001	0.281028699442	0.0288326678883	0.511860607669
-ทาร	0.0	1.0	0.0	0.0
-รวง	0.303370786517	0.0280898876404	0.0	0.668539325843
-ทาม	0.0	1.0	0.0	0.0
-ียะ	0.0553336844102	0.16953216703	0.0194667765944	0.755667371965
-ียา	0.0168570349057	0.962682012381	0.00697532478856	0.0134856279245
-บูล	0.158690176322	0.833753148615	0.00755667506296	0.0
-กัน	0.449401373219	0.230350550323	0.0830659352034	0.237182141255
-จุด	0.169415030154	0.561061058238	0.269523911608	0.0
-รอย	0.142061494247	0.113413776587	0.18058966807	0.563935061097
-ลวี	0.0838333196351	0.880414235226	0.0135612722939	0.0221911728446
-โดม	0.0107322650407	0.859288080577	0.0727409074983	0.0572387468839
-ียฮ	0.0080406041924	0.373605630273	0.00422093042115	0.614132835113
-ลวะ	0.583596214511	0.169295478444	0.116719242902	0.130389064143
-ียม	0.116498452267	0.838119266522	0.0175443626365	0.0278379185746
-ค็ด	0.355769230769	0.567307692308	0.0384615384615	0.0384615384615
-ียร	0.035737726935	0.868653347515	0.0806947389855	0.0149141865649
-ียล	0.106290239935	0.824023830969	0.0331181859982	0.036567743097
-จัฮ	0.0367577368105	0.840858324224	0.0789263654376	0.0434575735278
-รวบ	0.38240917782	0.582291513458	0.00705986174438	0.0282394469775
-เดจ	0.464446019372	0.415308291991	0.0133475076778	0.106898180959
-ญฺอ	0.418184488837	0.284811985899	0.0387779083432	0.258225616921
-โนง	0.229428848015	0.589545014521	0.0566311713456	0.124394966118
-ฺซู	0.360695483513	0.207051814907	0.0124688279302	0.419783873649
-เดร	0.444	0.496	0.06	0.0
-ตระ	0.529080675422	0.392120075047	0.0675422138836	0.0112570356473
-ตรี	0.195156695157	0.668091168091	0.136752136752	0.0
-มิล	0.286462882096	0.560698689956	0.0886462882096	0.064192139738
-จ็ฮ	0.199473409162	0.140523894979	0.129881628527	0.530121067332
-อวน	0.0676202860858	0.932379713914	0.0	0.0
-จ็ย	0.824987462197	0.150012917737	0.0021276272397	0.0228719928268
-แพญ	0.021151008362	0.960157402853	0.00983767830792	0.00885391047712
-จ็ม	0.466854594607	0.440490769195	0.0570715589547	0.035583077243
-มที	0.0331624304571	0.92865713974	0.017890258536	0.0202901712665
-ทไง	0.0154989623944	0.891790904381	0.0634140552869	0.0292960779376
-โลง	0.412935323383	0.318407960199	0.238805970149	0.0298507462687
-กลง	0.59649122807	0.315789473684	0.0526315789474	0.0350877192982
-องๆ	0.585365853659	0.286585365854	0.0731707317073	0.0548780487805
-นฮา	0.215189873418	0.55988315482	0.157740993184	0.0671859785783
-ูกา	0.050505050505	0.828282828283	0.020202020202	0.10101010101
-ช็ฮ	0.422987840185	0.484944991314	0.0732484076433	0.018818760857
-ายๆ	0.133315593401	0.52501330495	0.0447046301224	0.296966471527
-รับ	0.631551662828	0.0368404731066	0.0151092452294	0.316498618836
-งูด	0.591304347826	0.191304347826	0.0260869565217	0.191304347826
-ุซบ	0.013698630137	0.986301369863	0.0	0.0
-ทไล	0.260344827586	0.360344827586	0.358620689655	0.0206896551724
-ตุฮ	0.350588235294	0.0988235294117	0.550588235294	0.0
-ายา	0.0184049079755	0.981595092025	0.0	0.0
-แจจ	0.463572772642	0.195594371267	0.0505706455044	0.290262210587
-ลตา	0.144892020217	0.476030019911	0.0909787103691	0.288099249502
-รึม	0.0921052631579	0.907894736842	0.0	0.0
-ายี	0.112426035503	0.887573964497	0.0	0.0
-เจา	0.144026600647	0.725536259646	0.0400093969677	0.0904277427399
-ะเว	0.0475375907892	0.952462409211	0.0	0.0
-แกะ	0.0166834004418	0.970861710749	0.0	0.0124548888091
-ตุม	0.153973509934	0.532008830022	0.275938189845	0.0380794701987
-กทา	0.0	1.0	0.0	0.0
-ซยา	0.00865243004419	0.977540500736	0.0	0.0138070692194
-แกว	0.0955039538995	0.733558330117	0.130815284223	0.0401224317605
-ด็ย	0.0682055969572	0.858487786637	0.0328100743718	0.0404965420338
-เตน	0.275417061858	0.17601239165	0.187694913382	0.36087563311
-ลีย	0.0663365099143	0.316935868989	0.011509637039	0.605217984058
-ซิด	0.142963752665	0.588243845707	0.228377592557	0.0404148090715
-ูมิ	0.05	0.8	0.0833333333333	0.0666666666666
ALL	0.202919440205	0.24729261932	0.0450283902312	0.504759550244
-พัด	0.456421395601	0.493076296497	0.0293239207168	0.0211783871844
-แกบ	0.0645161290323	0.935483870968	0.0	0.0
-งคม	0.489361702128	0.0212765957447	0.0	0.489361702128
-พาบ	0.531165373012	0.278307917104	0.155885489906	0.034641219979
-ซิน	0.343866030121	0.63242377006	0.0128174751172	0.0108927247009
-ซิบ	0.74149659864	0.0680272108843	0.0952380952381	0.0952380952381
-ตุก	0.29735691108	0.077805757684	0.0138820566127	0.610955274623
-งาย	0.0913336792942	0.314404329454	0.0957817480911	0.498480243161
-ายก	0.0666666666666	0.883333333333	0.05	0.0
-ด็ญ	0.770120850951	0.0644891283983	0.0195337461428	0.145856274508
-เตะ	0.211834573117	0.44745461781	0.29846634218	0.0422444668932
-แกจ	0.549359266039	0.289266780246	0.0478301816912	0.113543772024
-ด็จ	0.0601701399129	0.0594699797173	0.140868089613	0.739491790757
-ตุน	0.364583333333	0.575757575758	0.0397727272727	0.0198863636364
-ปวร	0.47493327144	0.4507369154	0.0400951607288	0.0342346524312
-ปุก	0.509928514694	0.323272438443	0.14773629865	0.0190627482128
-ดอฺ	0.589677419355	0.105806451613	0.296774193548	0.00774193548388
-ฺืง	0.0541556873064	0.154642113878	0.00669813372846	0.784504065087
-ฺืก	0.705573244548	0.140225286437	0.0271303730263	0.127071095988
-ซอน	0.51529092943	0.402424805811	0.023948699365	0.0583355653941
-ปุง	0.63574557401	0.0391646894202	0.00860862687839	0.316481109692
-มแต	0.463768115942	0.275362318841	0.0797101449275	0.18115942029
-ฺืญ	0.781523272214	0.112834978843	0.0188998589563	0.0867418899858
-นาะ	0.3566969716	0.300835989178	0.220089620774	0.122377418448
-ปัว	0.218181818182	0.739393939394	0.0424242424242	0.0
-กอร	0.799043062201	0.153110047847	0.0382775119617	0.00956937799042
-อฺง	0.0554974248283	0.0735455462811	0.0178941410227	0.853062887868
-วาย	0.428925257412	0.395411239092	0.077041325179	0.0986221783165
-อฺน	0.103674019558	0.288324167618	0.0254959511905	0.582505861633
-อฺบ	0.561934166655	0.192085604439	0.0429077756966	0.20307245321
-วาม	0.317870731041	0.355329044271	0.0616546800253	0.265145544662
-รัง	0.0929039499791	0.791178222022	0.0176050864116	0.0983127415874
-ุระ	0.203947368421	0.638157894737	0.0263157894737	0.131578947368
-ดอฮ	0.575396262293	0.321304943483	0.0546714363046	0.0486273579192
-ิง็	0.204593832794	0.302615561877	0.179199838562	0.313590766767
-โยบ	0.0531914893616	0.851063829787	0.031914893617	0.063829787234
-โยน	0.143519860829	0.83038561902	0.0104378080603	0.0156567120905
-ิที	0.546421102341	0.359097348715	0.048471969237	0.0460095797072
-อฺด	0.254499243816	0.281636592961	0.129147745534	0.334716417689
-ฺืน	0.379545852251	0.347327254892	0.052331622395	0.220795270462
-ซอก	0.482051282051	0.358974358974	0.115897435897	0.0430769230769
-ป็ย	0.290184921764	0.667140825036	0.0398293029872	0.00284495021337
-จอล	0.597494197384	0.110241227493	0.0248496736824	0.26741490144
-รัจ	0.49446892136	0.327712447304	0.080826650607	0.0969919807284
-ป็น	0.430786904078	0.479609419874	0.055140723722	0.0344629523263
-ฺืม	0.0	1.0	0.0	0.0
-อฺฮ	0.158029444606	0.385544290467	0.0718821522363	0.38454411269
-จอร	0.0625476735317	0.841851004322	0.0711924739385	0.0244088482075
-ฺือ	0.247084012868	0.260256588937	0.0208889084497	0.471770489746
-ฺืฮ	0.683399691524	0.15438741227	0.0441431423891	0.118069753817
-ฮลี	0.0520231213873	0.947976878613	0.0	0.0
-ดอด	0.443181818182	0.480113636364	0.0170454545455	0.0596590909091
-โยฮ	0.0996544415554	0.279301577842	0.581838236354	0.0392057442483
-ปุฮ	0.800664451827	0.179401993355	0.0199335548173	0.0
-ิทำ	0.197530864197	0.441015089163	0.240054869685	0.121399176955
-ปัน	0.143497757848	0.766816143498	0.0896860986547	0.0
-รูํ	0.0602243217857	0.892075068604	0.0257841133028	0.0219164963073
-รัว	0.251392520763	0.0322865517372	0.00999934712167	0.706321580378
-วาง	0.140233722871	0.754590984975	0.0450751252086	0.0601001669449
-รัล	0.0	0.613874753349	0.386125246651	0.0
-ว็ๆ	0.317415730337	0.328651685393	0.105337078652	0.248595505618
-ซญๆ	0.204356689003	0.338830698501	0.297746839286	0.159065773209
-ซอร	0.0	1.0	0.0	0.0
-อฺี	0.0957132694353	0.0489944847738	0.00271554131065	0.85257670448
-งุน	0.120636497196	0.865934156889	0.00248308399031	0.010946261924
-เยก	0.0	1.0	0.0	0.0
-นซี	0.185022026432	0.797356828194	0.00881057268722	0.00881057268722
-ตึง	0.0	0.579787234043	0.127659574468	0.292553191489
-ตึก	0.0954342362469	0.709415433305	0.0173135995532	0.177836730895
-ล็ม	0.0251345587489	0.964303848888	0.000609322636336	0.00995226972681
-ดอน	0.0	1.0	0.0	0.0
-ฺิก	0.592690150441	0.234046687372	0.143142094722	0.0301210674644
-นลา	0.0223873183756	0.838491488862	0.139121192763	0.0
-อฺๆ	0.283827644096	0.444879686626	0.0993844432008	0.171908226077
-แมญ	0.514418999152	0.289440203562	0.0943596268023	0.101781170483
-ทึง	0.124854414163	0.150128115537	0.0485674353599	0.676450034941
-แทน	0.238794966055	0.22442835639	0.027647787665	0.50912888989
-ว็ย	0.488056793757	0.171551240378	0.0356655055216	0.304726460343
-บาล	0.0101542715228	0.957364293666	0.00146808744908	0.0310133473617
-ทึก	0.259204712813	0.670839469809	0.0390279823269	0.0309278350516
-นซอ	0.0190476190476	0.952380952381	0.0285714285714	0.0
-วนา	0.127231361568	0.698879943997	0.0898669933496	0.084021701085
-ฺิจ	0.373548034141	0.455255562681	0.0739543285787	0.0972420745994
-ว็ฮ	0.647522000926	0.271885132006	0.0222325150533	0.0583603520148
-บลา	0.269096671949	0.256735340729	0.0931854199683	0.380982567353
-ฺืย	0.528891831208	0.10577203133	0.0371213880943	0.328214749367
-ล็ก	0.114068441065	0.857414448669	0.0285171102662	0.0
-ซดำ	0.00396301188904	0.230383091149	0.758520475561	0.00713342140024
-ว็น	0.262817147856	0.179702537183	0.518635170604	0.038845144357
-ตึฮ	0.0881901840491	0.499233128834	0.348926380368	0.0636503067484
-รฺอ	0.542853293499	0.297394395667	0.0159970809177	0.143755229917
-็ลๆ	0.340453938585	0.20694259012	0.332443257677	0.120160213618
-ปเร	0.140468227425	0.197324414716	0.642140468228	0.0200668896321
-ล็จ	0.436902466511	0.421597597268	0.0659876215888	0.0755123146322
-าโร	0.119402985075	0.877611940299	0.0	0.00298507462687
-ไงๆ	0.0159525979945	0.585232452142	0.0	0.398814949863
-ฺืด	0.75	0.15625	0.09375	0.0
-าโล	0.0314091612078	0.877510479167	0.0059784559659	0.0851019036592
-คญม	0.105261870214	0.145764950585	0.0193496084953	0.729623570706
-ชอด	0.578227876353	0.288639660752	0.0830264479411	0.0501060149537
-ว็จ	0.139364303178	0.831295843521	0.0	0.0293398533007
-อฺย	0.585767843248	0.157671358846	0.204145151022	0.0524156468841
-อฺร	0.296127206923	0.45964156455	0.222873913762	0.0213573147655
-ยาก	0.234684369699	0.430306638461	0.237000583016	0.0980084088231
-ดซี	0.0108695652174	0.989130434783	0.0	0.0
-นึก	0.541333333333	0.226666666667	0.149333333333	0.0826666666666
-ปัง	0.0363615573724	0.9409410554	0.0123492081642	0.0103481790635
-ฺีจ	0.199203187251	0.696213995911	0.0711459557865	0.0334368610518
-ารา	0.0847457627118	0.874092009685	0.0363196125908	0.00484261501211
-ฺีญ	0.288272965369	0.55390893882	0.115207443297	0.0426106525138
-ม็จ	0.13930581308	0.0546964400382	0.0184677100809	0.787530036801
-็วล	0.412574020272	0.37650510182	0.162025583484	0.0488952944242
-าทา	0.0250626566416	0.959899749373	0.0	0.015037593985
-ฺีด	0.0608315065685	0.0596554647271	0.14470430185	0.734808726854
-ฺิด	0.646043130289	0.0177008825902	0.00366966944094	0.33258631768
-ฺีบ	0.319277975139	0.315792378181	0.072775837251	0.292153809429
-ปแม	0.460766423358	0.280565693431	0.13549270073	0.123175182482
-ฺีน	0.474845434468	0.412189519169	0.0828410339994	0.0301240123634
-ปแล	0.777155172414	0.111206896552	0.0	0.111637931034
-็วฮ	0.173636537608	0.185766943956	0.0460304603119	0.594566058125
-ะทา	0.0	1.0	0.0	0.0
-ฺีร	0.325905292479	0.601671309192	0.0579387186629	0.0144846796657
-ฺีม	0.38100370901	0.203640721449	0.375520533455	0.0398350360858
-ดเซ	0.0	1.0	0.0	0.0
-ฺีว	0.226657591424	0.658400391573	0.0905017144405	0.0244403025628
-ิฮ็	0.0528377150935	0.736500920115	0.00305393020353	0.207607434588
-ฺีล	0.221070969422	0.500848175869	0.245676996185	0.0324038585239
-าตา	0.368168488403	0.308184484138	0.163156491602	0.160490535857
-ะมม	0.0562613430127	0.688838475499	0.189836660617	0.0650635208711
-วิด	0.0900073940804	0.883108118205	0.0143857006844	0.0124987870296
-ะวะ	0.259861642626	0.66672799529	0.0712025316455	0.00220783043863
-ดซม	0.0416666666667	0.916666666667	0.0	0.0416666666667
-ลาง	0.076570767931	0.751611899151	0.156876695273	0.0149406376451
-วิญ	0.293300812537	0.149318174543	0.0537162324844	0.503664780435
-็วง	0.227438794445	0.466185711244	0.203972163881	0.10240333043
-อุม	0.0166235685261	0.963797561877	0.0155153306243	0.00406353897303
-แฮจ	0.668754048802	0.208162383934	0.0397322392572	0.0833513280069
-ม็ย	0.250525667463	0.169243787615	0.117621257766	0.462609287156
-ม็ม	0.329404262527	0.491884459412	0.151450235645	0.027261042416
-ปฺี	0.0200125395229	0.00410274581004	0.000907866154687	0.974976848512
-กึด	0.516841973811	0.205110213699	0.0214149185372	0.256632893953
-แฮญ	0.195652173913	0.673913043478	0.0652173913043	0.0652173913043
-ม็ล	0.131639957052	0.786868640964	0.0814914019842	0.0
-ะตม	0.0878519710378	0.267900241352	0.614963797265	0.0292839903459
-มูล	0.143597925808	0.682887913841	0.133625847627	0.0398883127244
-ปิล	0.00555236454145	0.0130193375455	0.0502393260578	0.931188971855
-กูๆ	0.649253731343	0.261194029851	0.0	0.089552238806
-โฮร	0.411072347324	0.50163865102	0.0095147478592	0.0777742537971
-ญโต	0.0191693290735	0.837060702875	0.143769968051	0.0
-มูร	0.785185185185	0.2	0.0148148148148	0.0
-กูํ	0.103184618811	0.878999331898	0.0155890431297	0.00222700616139
-ติจ	0.763888888889	0.236111111111	0.0	0.0
-ะวี	0.95	0.0333333333333	0.0	0.0166666666666
-ติญ	0.873167761298	0.0966030185725	0.0106563437867	0.0195728763429
-ฺงๆ	0.171969045572	0.546861564918	0.100601891659	0.18056749785
-ริน	0.013856812933	0.949191685912	0.013856812933	0.0230946882217
-ติด	0.0	1.0	0.0	0.0
-แพน	0.144262295082	0.560655737705	0.236065573771	0.0590163934426
-ริด	0.0150531210602	0.944874559109	0.0260324778505	0.0140398419805
-ะกา	0.0606060606061	0.939393939394	0.0	0.0
-เกร	0.204655674103	0.731328806983	0.0337536372454	0.0302618816683
-แตญ	0.465969607557	0.330200676254	0.164508966535	0.0393207496532
-ทุก	0.405724784476	0.535625069908	0.0192842258761	0.0393659197395
-ก็บ	0.0299535930249	0.954858669667	0.0109689213894	0.004218815919
-รอฺ	0.120054994517	0.192349869879	0.67024567491	0.0173494606937
-บรู	0.0222274769449	0.940174982265	0.0312130527311	0.00638448805864
-ติม	0.298013245033	0.526017029328	0.102175969726	0.073793755913
-าฮำ	0.0110567184335	0.959064821067	0.0238014854828	0.00607697501688
-พยบ	0.348314606742	0.584269662921	0.0449438202247	0.0224719101124
-ติล	0.357771260997	0.378299120235	0.237536656892	0.0263929618768
-าวๆ	0.302670623145	0.409495548961	0.0356083086053	0.252225519288
-เกด	0.444444444444	0.304738562092	0.0531045751634	0.197712418301
-ริม	0.49146878999	0.247902744206	0.146381345087	0.114247120717
-ดึง	0.311764705882	0.423529411765	0.141176470588	0.123529411765
-รัฮ	0.241304347826	0.521739130435	0.167391304348	0.0695652173913
-ฺิล	0.630136986301	0.369863013699	0.0	0.0
-โฮด	0.0657090366542	0.109267073126	0.351176028504	0.473847861716
-บรอ	0.185663668253	0.273504877539	0.4742972917	0.0665341625074
-ิว็	0.295429507235	0.104220966989	0.0219967010767	0.578352824699
-ปัด	0.0270270270271	0.954954954955	0.018018018018	0.0
-โฮบ	0.68973261327	0.277609727588	0.0135954738203	0.0190621853214
-แวล	0.482142857143	0.348214285714	0.0873015873016	0.0823412698413
-เลด	0.126373626374	0.653846153846	0.175824175824	0.043956043956
-ยับ	0.138373906771	0.504935559926	0.262745870111	0.0939446631916
-วญๆ	0.256886954135	0.429255194643	0.177127698214	0.136730153008
-ดับ	0.751505213139	0.163016841318	0.0278512649727	0.05762668057
-เฮา	0.922881729921	0.0402324213004	0.0044498381877	0.0324360105914
-ดัด	0.105058365759	0.789883268482	0.0	0.105058365759
-มึก	0.0652173913043	0.913043478261	0.0217391304348	0.0
-ยัด	0.0191143721807	0.941257922686	0.0193855992691	0.0202421058642
-าไง	0.149146110057	0.65275142315	0.0819734345351	0.116129032258
-มกา	0.025817555938	0.944922547332	0.0292598967298	0.0
-โบร	0.329891911747	0.307847014352	0.257767947626	0.104493126275
-เฮว	0.0566000395804	0.716999802098	0.198100138532	0.0283000197902
-บัล	0.121037463977	0.691642651297	0.187319884726	0.0
-ืยๆ	0.22225488755	0.166397177716	0.0452741437601	0.566073790975
-อซี	0.0	1.0	0.0	0.0
-บัฮ	0.307237759127	0.174048755894	0.172232272606	0.346481212373
-ทับ	0.271092669433	0.674965421854	0.0290456431535	0.0248962655602
-รดา	0.03125	0.96875	0.0	0.0
-ล็ย	0.428947368421	0.352631578947	0.171052631579	0.0473684210526
-จูน	0.670656098508	0.149747543766	0.0281226174892	0.151473740236
-บัด	0.449867020109	0.345616052384	0.0513047828873	0.153212144619
-เบา	0.260115606936	0.612716763006	0.0346820809248	0.0924855491329
-าโต	0.00548664122137	0.988191793893	0.000715648854964	0.00560591603053
-บาบ	0.127322502568	0.697251044364	0.105479053939	0.0699473991299
-านี	0.0474103585657	0.938247011952	0.00239043824701	0.0119521912351
-วดา	0.0717553575729	0.784493137491	0.0830724777269	0.0606790272092
-จูด	0.750943396226	0.203773584906	0.0407547169811	0.0045283018868
-บฺอ	0.045396709542	0.0327101711911	0.00291234055306	0.918980778714
-ีลา	0.644259369423	0.284354550862	0.0499702558001	0.0214158239143
-บัง	0.414862914863	0.512265512266	0.0494227994228	0.0234487734487
-ดัฮ	0.66190102121	0.217439120189	0.0590730557737	0.0615868028279
-ตนำ	0.314084550455	0.636103497694	0.0215403035031	0.0282716483479
-ล็ฮ	0.271186104808	0.328901086924	0.198777334113	0.201135474155
-ยัว	0.447638375654	0.0383083725296	0.00920610135558	0.50484715046
-โตะ	0.107405590976	0.862677783227	0.0255026974007	0.00441392839628
-บัญ	0.00966183574879	0.980676328502	0.00966183574879	0.0
-เฮจ	0.322580645161	0.629032258065	0.0483870967742	0.0
-บัจ	0.0777202072539	0.891191709845	0.0310880829015	0.0
-โต๋	0.4	0.255555555556	0.0333333333333	0.311111111111
-นิม	0.111324475815	0.736869420801	0.136625493045	0.0151806103384
-ยุง	0.290430201931	0.491483757682	0.138015803336	0.0800702370501
-ซูด	0.0357142857142	0.946428571429	0.0	0.0178571428571
-ลจๆ	0.11680831353	0.563700809602	0.312240705684	0.0072501711846
-็นๆ	0.326086956522	0.521739130435	0.0434782608696	0.108695652174
-เมด	0.0150375939849	0.864661654135	0.12030075188	0.0
-ํบๆ	0.346623794212	0.262379421222	0.084887459807	0.306109324759
-เมจ	0.0475748170635	0.939104234159	0.00380598536508	0.0095149634127
-เมญ	0.0809351288536	0.625401599562	0.204388543304	0.0892747282794
-คึม	0.254053834023	0.688360647773	0.0201296544081	0.0374558637959
-ลุม	0.601226993865	0.245398773006	0.11963190184	0.0337423312884
-ชิร	0.030303030303	0.969696969697	0.0	0.0
-ยุม	0.161290322581	0.766129032258	0.0564516129032	0.0161290322581
-ตึด	0.0506024096386	0.780240963855	0.0202409638554	0.148915662651
-เมา	0.0975804440009	0.717735096034	0.167622848591	0.0170616113744
-งแต	0.252427184466	0.543689320388	0.0291262135922	0.174757281553
-ตอฺ	0.274636589588	0.141551294779	0.0774411476972	0.506370967936
-มนี	0.0279100311936	0.952388770317	0.0197011984896	0.0
-ยรำ	0.0	1.0	0.0	0.0
-มนะ	0.228379215721	0.240550588652	0.221164911038	0.309905284589
-กแซ	0.191203533309	0.783646178383	0.0141086983192	0.011041589989
-ฺีฮ	0.091929321872	0.789477873289	0.0523320598536	0.0662607449857
-ชิก	0.126825518832	0.836279784781	0.032282859339	0.00461183704841
-แมจ	0.681897251537	0.178940044068	0.118288298736	0.0208744056593
-าระ	0.112781954887	0.736842105263	0.148640832851	0.00173510699827
-ซาง	0.670810672942	0.290807217318	0.00814539949481	0.0302367102459
-แซญ	0.318052886815	0.624027815903	0.0483118309086	0.00960746637387
-ซนะ	0.131868131868	0.703296703297	0.0384615384615	0.126373626374
-ฺบๆ	0.42989571263	0.413673232908	0.0139049826188	0.142526071842
-นึง	0.358179505414	0.223154816158	0.344297432918	0.0743682455104
-กฺี	0.00276009108008	0.0256037167724	0.000115593558055	0.971520598589
-ทระ	0.0064724919094	0.987055016181	0.00323624595469	0.00323624595469
-อิด	0.109589041096	0.86301369863	0.027397260274	0.0
-ทรา	0.0	1.0	0.0	0.0
-ซ็ด	0.6	0.311111111111	0.0888888888889	0.0
-โชน	0.0	1.0	0.0	0.0
-อนา	0.127024452207	0.82216576691	0.0508097808828	0.0
-นึด	0.210849030776	0.677603806712	0.0553586874529	0.0561884750592
-นึต	0.411764705882	0.5	0.0588235294118	0.0294117647059
-แซน	0.295190877592	0.620461930654	0.0233218041716	0.0610253875822
-ฮีบ	0.116071428571	0.848214285714	0.0178571428572	0.0178571428572
-ลิม	0.0363636363636	0.890909090909	0.0727272727273	0.0
-คนะ	0.105121293801	0.404312668464	0.474393530997	0.0161725067386
-งัญ	0.015306122449	0.229591836735	0.688775510204	0.0663265306122
-อิก	0.287769784173	0.697841726619	0.0143884892086	0.0
-ซาบ	0.338582677165	0.372047244095	0.23031496063	0.0590551181102
-วนี	0.0943025540276	0.404715127701	0.430255402751	0.0707269155206
-ปุบ	0.247863247863	0.529914529915	0.017094017094	0.205128205128
-ซาน	0.0744089012518	0.878303198887	0.0347705146037	0.0125173852573
-แซฮ	0.240524781341	0.448979591837	0.118075801749	0.192419825073
-ิด็	0.123774722786	0.323423517556	0.0360194104772	0.516782349181
-ซาร	0.0928759078968	0.871426363777	0.0225622005872	0.0131355277391
-ลิด	0.285372585097	0.605335786569	0.0971481140754	0.0121435142594
-ลิบ	0.00440730878707	0.984023505647	0.00495822238546	0.00661096318061
-เลจ	0.282511210762	0.40999359385	0.209481101858	0.0980140935298
-ารบ	0.238203809259	0.53768942027	0.148755734742	0.0753510357291
-คัง	0.423987375066	0.49570401543	0.0596177450464	0.0206908644573
-ิย็	0.341685887238	0.107222858709	0.0285082894723	0.522582964581
-นึฮ	0.016275504301	0.494201687574	0.0341981281844	0.455324679941
-ะแง	0.194171920904	0.756930770547	0.00425193987382	0.0446453686751
-จอด	0.277590973623	0.393633714414	0.0179331988343	0.310842113129
-ลิก	0.0093701197293	0.990629880271	0.0	0.0
-ีฮา	0.105190174326	0.787836767037	0.00237717908082	0.104595879556
-คับ	0.302480582948	0.375981761061	0.135657561742	0.185880094249
-คัด	0.186904761905	0.75873015873	0.0369047619048	0.0174603174603
-ลิจ	0.421107410491	0.473147377186	0.026228143214	0.0795170691091
-อิม	0.0344827586207	0.965517241379	0.0	0.0
-อดๆ	0.207920792079	0.732673267327	0.0	0.0594059405941
-ะอย	0.371428571429	0.514285714286	0.114285714286	0.0
-คัน	0.168526158903	0.208568306214	0.446510371561	0.176395163322
-็อง	0.029663007949	0.0802600673961	0.0168803921524	0.873196532503
-โมน	0.0138877542684	0.982517768156	0.00163385344335	0.00196062413202
-จซี	0.0545454545455	0.945454545455	0.0	0.0
-ซาะ	0.198327911896	0.711620495676	0.0771870792243	0.0128645132041
-ิยา	0.0368673193085	0.934388669027	0.00749843782546	0.0212455738388
-ครา	0.0416666666666	0.854166666667	0.0208333333333	0.0833333333333
-็บๆ	0.171428571429	0.74693877551	0.0571428571428	0.0244897959183
-ยอจ	0.170159099369	0.298174737072	0.44983397441	0.0818321891488
-มเน	0.0298507462687	0.940298507463	0.0298507462686	0.0
-าซี	0.043663686423	0.910374538395	0.0249792256425	0.0209825495397
-ลอี	0.0	0.979591836735	0.0	0.0204081632653
-ิดา	0.44262295082	0.491803278689	0.0	0.0655737704918
-โรด	0.187030698925	0.771603977351	0.0336003382743	0.00776498545
-ลอำ	0.03066439523	0.887563884157	0.03066439523	0.0511073253833
-ลอา	0.0	1.0	0.0	0.0
-วุด	0.0485436893204	0.912621359223	0.0194174757282	0.0194174757282
-โรน	0.0295119182747	0.947786606129	0.0136208853575	0.00908059023838
-ิทา	0.0	1.0	0.0	0.0
-ยอน	0.0240349302212	0.899738839468	0.0116298049457	0.0645964253652
-ลฟา	0.00642398286937	0.970021413276	0.0235546038543	0.0
-ว็ด	0.702850561474	0.112294845955	0.158940397351	0.0259141952203
-โรม	0.0323831019086	0.700456307345	0.255384917325	0.0117756734213
-ลอง	0.575	0.408333333333	0.0	0.0166666666667
-วัด	0.11206420593	0.673154202169	0.0111616268991	0.203619965002
-ซดา	0.0140632847815	0.825339025615	0.153817177298	0.00678051230537
-แนญ	0.129968051118	0.630670926517	0.158849840256	0.0805111821087
-แนจ	0.280882109103	0.693583153706	0.0255347371912	0.0
-วัน	0.0149168393862	0.896884922863	0.0600655483291	0.0281326894214
-รูด	0.0	1.0	0.0	0.0
-วัง	0.392505333412	0.381421586723	0.198282328335	0.0277907515304
-ลอด	0.295902704478	0.105697954432	0.140945299348	0.457454041742
-เฮม	0.00467289719626	0.992990654206	0.00233644859813	0.0
-ดรู	0.00386286817962	0.987445678416	0.0	0.00869145340416
-เชอ	0.160029825481	0.737183104268	0.00727499899238	0.0955120712587
-ซนๆ	0.102272727273	0.863636363636	0.0	0.0340909090909
-คุม	0.376172420674	0.550788265815	0.0155657553383	0.057473558172
-ุบๆ	0.322033898305	0.5197740113	0.124293785311	0.0338983050848
-เชม	0.0	1.0	0.0	0.0
-ชยา	0.0353356890459	0.673144876325	0.0706713780918	0.220848056537
-รูก	0.0734084678648	0.908315565032	0.00365519342066	0.0146207736826
-เชย	0.0	1.0	0.0	0.0
-รูง	0.0574751202058	0.919713742592	0.0154310634016	0.00738007380074
-แทม	0.544140689755	0.203702199121	0.084747018064	0.167410093061
-เลญ	0.3828887067	0.415908857797	0.0703185994292	0.130883836074
-จาน	0.274405723036	0.432679162511	0.0679811387232	0.22493397573
-นชี	0.174517825255	0.775619938958	0.0166207452623	0.0332414905247
-ดีย	0.0156152174467	0.972751294732	0.0100649276652	0.00156856015562
-นีย	0.0629556968922	0.0823027235192	0.0428930109461	0.811848568642
-ีดๆ	0.404244567964	0.409802930773	0.0621526023244	0.123799898939
-ฟบี	0.2	0.8	0.0	0.0
-ซนา	0.267313432836	0.545820895522	0.102388059701	0.0844776119403
-ป็ฮ	0.240837696335	0.294621608758	0.404569252737	0.0599714421704
-ยอก	0.369668246445	0.57345971564	0.0284360189573	0.0284360189574
-ะคำ	0.966101694915	0.0338983050847	0.0	0.0
-เคม	0.0	1.0	0.0	0.0
-จาก	0.0	1.0	0.0	0.0
-ปไร	0.0108108108108	0.459459459459	0.52972972973	0.0
-พลม	0.798128342246	0.124777183601	0.0744206773619	0.00267379679144
-ีโล	0.25625	0.56875	0.1625	0.0125
-เคด	0.0722515133763	0.820738137083	0.0152314001172	0.0917789494239
-ฮอร	0.166833166833	0.449550449551	0.287712287712	0.0959040959041
-เอ๋	0.133333333333	0.133333333333	0.688888888889	0.0444444444444
-กัร	0.532451923077	0.219951923077	0.189903846154	0.0576923076923
-จาะ	0.585704371964	0.29146426093	0.0541290770298	0.0687022900763
-นอ๋	0.0285714285714	0.6	0.371428571429	0.0
-โรง	0.675675675676	0.27027027027	0.0540540540541	0.0
-ีฟา	0.0	0.635514018692	0.364485981308	0.0
-เคน	0.302036387915	0.660282089801	0.0138123852445	0.0238691370389
-มฺอ	0.196349284657	0.470152935372	0.280217069561	0.0532807104095
-ือก	0.0511379186006	0.932454193078	0.0164078883211	0.0
-ซลา	0.0	1.0	0.0	0.0
-บาย	0.465012130058	0.394424296788	0.0453325676761	0.0952310054777
-จาฮ	0.32967032967	0.56043956044	0.0	0.10989010989
-บดี	0.00865224625623	0.991347753744	0.0	0.0
-จาร	0.0121719755735	0.95692358475	0.0214556857568	0.00944875391979
-จาย	0.443421626452	0.458040234336	0.0492690696058	0.0492690696058
-ีโค	0.0236220472441	0.965551181102	0.00492125984252	0.00590551181102
-พแล	0.139296571714	0.839684252503	0.0110439737165	0.0099752020665
-ูํม	0.370846520559	0.15906460109	0.0472705801133	0.422818298237
-จีญ	0.047619047619	0.952380952381	0.0	0.0
-ูํร	0.256233683105	0.207953654625	0.200693310703	0.335119351567
-ูํย	0.254117540498	0.221259798155	0.117180640489	0.407442020858
-ูํล	0.510153542286	0.343039502143	0.0928633372117	0.0539436183592
-พซา	0.0	1.0	0.0	0.0
-าอำ	0.0388349514563	0.912621359223	0.0291262135922	0.0194174757281
-เอล	0.0355866316307	0.90770707405	0.0198656827167	0.0368406116028
-จฺี	0.406905109171	0.370725123539	0.073796721597	0.148573045693
-อตา	0.334615384615	0.307692307692	0.0576923076923	0.3
-บิร	0.0	1.0	0.0	0.0
-เอร	0.0640449438202	0.915730337079	0.0134831460674	0.00674157303374
-นอา	0.0293005839383	0.966513618356	0.0	0.00418579770548
-คัฮ	0.64	0.226666666667	0.0533333333333	0.08
-นอฺ	0.015037593985	0.586466165414	0.0526315789474	0.345864661654
-เอา	0.0673949256468	0.909160583631	0.0103487942699	0.0130956964527
-ต็จ	0.11042405688	0.244727993505	0.436130426917	0.208717522698
-นอก	0.478048780488	0.49512195122	0.0268292682927	0.0
-ูํง	0.295280850836	0.518981704167	0.0856893449486	0.100048100048
-แดน	0.0125448028674	0.982078853047	0.0035842293907	0.00179211469534
-รนา	0.0465043461554	0.419618785627	0.00351190850324	0.530364959714
-ยูม	0.0222457627119	0.971398305085	0.00635593220338	0.0
-ูํญ	0.310108823136	0.526938551301	0.116394732545	0.0465578930178
-เอก	0.248520710059	0.615384615385	0.0887573964497	0.0473372781065
-รนี	0.0	1.0	0.0	0.0
-จีร	0.173201342837	0.788778850199	0.0380198069642	0.0
-ิโล	0.0904373610082	0.845070422535	0.0266864343958	0.0378057820607
-ปุม	0.6	0.342857142857	0.0285714285714	0.0285714285714
-ยิว	0.0475558498549	0.783323325907	0.139743884714	0.0293769395234
-ันๆ	0.165137614679	0.51376146789	0.299694189602	0.0214067278287
-นอด	0.180327868852	0.754098360656	0.0655737704918	0.0
-ยิย	0.564557613169	0.288194444445	0.0874485596708	0.0597993827161
-ูํน	0.0726814686217	0.350696080021	0.120097721904	0.456524729453
-ต็ฮ	0.476190476191	0.319444444444	0.144841269841	0.0595238095238
-มิด	0.0144578313253	0.985542168675	0.0	0.0
-ฟัด	0.00963984469138	0.971080465926	0.0192796893828	0.0
-ก็ฮ	0.497788363389	0.373596461381	0.0714528751275	0.0571623001021
-มุน	0.113731443342	0.0791707760438	0.13904198333	0.668055797284
-ยุฮ	0.738486842105	0.212171052632	0.0296052631579	0.0197368421053
-อ็ฮ	0.429510193054	0.309290686531	0.068609509754	0.192589610661
-ลฺี	0.00881645738712	0.977691691157	0.00240448837831	0.0110873630777
-ซวก	0.031746031746	0.968253968254	0.0	0.0
-พ็ฮ	0.0532839176134	0.931405310165	0.00255179537032	0.0127589768516
-รีย	0.0386332178969	0.796994947109	0.0251254884739	0.139246346521
-ยซู	0.0280855941918	0.881543752388	0.00291424618971	0.0874564072303
-มุจ	0.241966522639	0.320189293538	0.322622030185	0.115222153638
-ตนบ	0.166666666667	0.833333333333	0.0	0.0
-บ็ย	0.0382740825688	0.0495747324159	0.245580084098	0.666571100917
-วัฮ	0.319662554756	0.57550733844	0.0549549899104	0.0498751168935
-าแค	0.375	0.4875	0.1	0.0375
-แดญ	0.462713589185	0.397742679483	0.045251574629	0.0942921567031
-แดจ	0.00954400848356	0.987274655355	0.0	0.00318133616119
-ัดๆ	0.0544971200709	0.197607443509	0.188303057155	0.559592379265
-คลย	0.0422818791946	0.957718120805	0.0	0.0
-ซติ	0.32528616025	0.436628511967	0.10197710718	0.136108220604
-ชวร	0.814689195856	0.135853478046	0.00807844104589	0.0413788850518
-ปซา	0.0439096962431	0.853176953187	0.0376265653662	0.0652867852036
-ลอย	0.0336322869955	0.535313901345	0.42432735426	0.0067264573991
-ตนู	0.0857142857143	0.9	0.0142857142857	0.0
-คลา	0.178790534619	0.74758983348	0.0736196319018	0.0
-แดล	0.0708957535939	0.00789338383845	9.94992432778e-05	0.921111363324
-พ็ด	0.359089955966	0.270654225204	0.327619347173	0.0426364716572
-ออน	0.54433307633	0.175790285274	0.0878951426369	0.191981495759
-ย็ๆ	0.139297848245	0.283125707814	0.397508493771	0.18006795017
-มุม	0.00970873786408	0.980582524272	0.00970873786407	0.0
-ทือ	0.376795169708	0.404356024532	0.151660889109	0.0671879166508
-ซวา	0.0	1.0	0.0	0.0
-มัญ	0.839805825243	0.101941747573	0.0145631067961	0.0436893203883
-แพด	0.0561622464899	0.94383775351	0.0	0.0
-เนร	0.16	0.48	0.36	0.0
-รูบ	0.0842890700567	0.789200558857	0.0638693135584	0.0626410575284
-ยาบ	0.021190716448	0.89404641776	0.0726538849647	0.0121089808274
-มัง	0.284810126582	0.506904487917	0.156501726122	0.0517836593786
-บาว	0.0483648037308	0.860831711004	0.0722604577479	0.0185430275173
-เนอ	0.521047708138	0.21328344247	0.0112254443405	0.254443405051
-ุํบ	0.026660585698	0.253031888402	0.0395996634308	0.680707862469
-โมล	0.165670972652	0.668658054695	0.139397162011	0.0262738106409
-าคอ	0.2	0.8	0.0	0.0
-ย็ฮ	0.231007582498	0.681714809699	0.0457605853521	0.0415170224512
-ยาง	0.0217961557278	0.161615995765	0.0192486539541	0.797339194553
-เนี	0.0365853658537	0.378048780488	0.585365853659	0.0
-แบล	0.0845588235294	0.867647058824	0.0	0.047794117647
-ิไซ	0.333333333333	0.374354794893	0.262972018473	0.0293398533007
-มัด	0.121480144404	0.758303249097	0.0579422382671	0.062274368231
-นรี	0.0	1.0	0.0	0.0
-ม็ด	0.252583680395	0.573885546815	0.0578435909301	0.11568718186
-ํดๆ	0.270588235294	0.588235294118	0.141176470588	0.0
-ย็ย	0.8552142145	0.0754315039027	0.00412320605985	0.0652310755377
-ยาะ	0.440239043825	0.442231075697	0.0278884462151	0.089641434263
-บาญ	0.743935309973	0.239892183288	0.0161725067385	0.0
-ร็ด	0.0192554557125	0.97432605905	0.00385109114249	0.00256739409499
-เนจ	0.0677712669226	0.838310769852	0.0522933926046	0.0416245706204
-ปุล	0.112597440092	0.493311519584	0.394091040323	0.0
-บาก	0.324999750641	0.362802597325	0.0570783087465	0.255119343288
-แอจ	0.159649869707	0.607474187014	0.22138115266	0.0114947906189
-มัม	0.718146718147	0.142857142857	0.0	0.138996138996
-ยาย	0.308459968247	0.582671807666	0.0725788160581	0.036289408029
