-oya	0.352733124094	0.0782258193	0.0103557601925	0.558685296414
-oyo	0.517507723996	0.335736354274	0.0308959835221	0.115859938208
-aui	0.0277136258661	0.960739030023	0.0069284064665	0.00461893764434
-op'	0.0846063454759	0.887191539365	0.0	0.0282021151586
-puu	0.380039797134	0.2697530371	0.0171401612431	0.333067004524
-apc	0.112244897959	0.765306122449	0.0	0.122448979592
-pum	0.698795180723	0.277108433735	0.0	0.0240963855422
-wmi	0.144736842105	0.671052631579	0.105263157895	0.0789473684211
-puo	0.528951949289	0.145827175091	0.20829638388	0.11692449174
-puh	0.0272851296043	0.442019099591	0.530695770805	0.0
-opy	0.621638524078	0.16823014384	0.157598499062	0.0525328330207
-pao	0.302727742121	0.0377315329211	0.00615351433315	0.653387210625
-opo	0.477968673448	0.27910481392	0.186305538271	0.0566209743603
-ope	0.156078646947	0.291054999466	0.0487616635947	0.504104689993
-opa	0.165483169629	0.077020546317	0.0151596269513	0.742336657103
-imu	0.0685808120794	0.850035300938	0.0253084038788	0.056075483104
-dee	0.0387288037681	0.0197440123623	0.0289137103741	0.912613473496
-400	0.235772357724	0.0813008130081	0.00542005420056	0.677506775068
-ima	0.0373331322121	0.0855990711089	0.119227567943	0.757840228736
-oko	0.203102656204	0.0462708135522	0.0105782245242	0.74004830572
-atu	0.0266526072007	0.879527412185	0.00592998946618	0.0878899911482
-ime	0.037037037037	0.962962962963	0.0	0.0
-imi	0.255433077102	0.391696494232	0.0598123595868	0.293058069079
-imo	0.781485716578	0.197951773391	0.0193588509067	0.00120365912374
-kpa	0.43661971831	0.211267605634	0.0	0.352112676057
-bii	0.448101265823	0.481012658228	0.0354430379747	0.0354430379747
-100	0.00674915635546	0.485939257593	0.0	0.507311586052
-uta	0.00778210116733	0.984435797665	0.0	0.00778210116733
-ria	0.00678297733573	0.909864666558	0.00332626773195	0.0800260883743
-uti	0.0145631067961	0.941747572816	0.0436893203883	0.0
-riu	0.0	1.0	0.0	0.0
-tee	0.0832799487508	0.468289557976	0.0192184497117	0.429212043562
-mja	0.354679802956	0.0	0.0591133004926	0.586206896552
-aku	0.202373822617	0.607067022377	0.133391408504	0.0571677465019
-gyo	0.582392776524	0.255079006772	0.0135440180587	0.148984198646
-are	0.261068980085	0.362261383132	0.0593198579801	0.317349778803
-ara	0.278865326558	0.223309031239	0.0420731812503	0.455752460953
-jii	0.539460831558	0.0688910820594	0.0295943709393	0.362053715443
-aro	0.288129495781	0.0920396249973	0.0282278243356	0.591603054887
-luu	0.448135198135	0.299117549118	0.0114885114885	0.241258741259
-gya	0.163978654396	0.168718945514	0.0523667288839	0.614935671206
-mee	0.0710870674309	0.043675030258	0.0293416794188	0.855896222892
-aru	0.554262823672	0.313715641326	0.108500456927	0.023521078075
-gyu	0.332421276506	0.586379887184	0.043675788154	0.0375230481561
-aye	0.156351791531	0.462540716612	0.381107491857	0.0
-aya	0.386191626511	0.273056786989	0.0672572347524	0.273494351747
-ayo	0.414750957854	0.104406130268	0.0519978106185	0.428845101259
-rai	0.0706908381785	0.617348597017	0.212704488823	0.0992560759813
-tyu	0.01171875	0.96484375	0.0	0.0234375
-umu	0.541222490967	0.27089492072	0.0972558153423	0.0906267729703
-ota	0.251921578931	0.618245638075	0.0333959441811	0.0964368388127
-ndo	0.208111759395	0.10345800988	0.0292831664719	0.659147064253
-oti	0.00305110602594	0.985507246377	0.00228832951945	0.00915331807782
-oto	0.71487962508	0.0660770752233	0.0244403290626	0.194602970634
-ume	0.287084870849	0.671586715867	0.0	0.0413284132841
-uma	0.348565766346	0.377994422304	0.121321418005	0.152118393345
-umo	0.7890625	0.1484375	0.046875	0.015625
-umi	0.107110238858	0.707910447992	0.0248519559907	0.160127357159
-ako	0.311628433766	0.246342933043	0.121886581031	0.320142052161
ALL	0.209601090712	0.244681686844	0.0458039848493	0.499913237594
-nai	0.0796221322537	0.751686909582	0.120107962213	0.0485829959514
-nao	0.13093981492	0.0498609706135	0.0101073566837	0.809091857782
-aki	0.206582733997	0.0678875780067	0.0552287371299	0.670300950866
-nde	0.141526496	0.237186160353	0.0535562391657	0.56773110448
-ake	0.0724752513666	0.42603092493	0.134363459776	0.367130363927
-naa	0.57116846953	0.152571013768	0.0282032058834	0.248057310818
-kio	0.266666666667	0.688888888889	0.0	0.0444444444445
-aka	0.388541740392	0.234942554034	0.0949494280388	0.281566277535
-nae	0.461038961039	0.327922077922	0.116883116883	0.0941558441559
-sii	0.416955017301	0.366435986159	0.132871972318	0.0837370242214
-sia	0.0177765807016	0.96498552286	0.0136017776581	0.00363611877988
-ub'	0.20202020202	0.636363636364	0.141414141414	0.020202020202
-nal	0.0903500035935	0.803262867175	0.05556525221	0.0508218770213
-wua	0.352916470667	0.50277199113	0.0433438612996	0.100967676903
-goe	0.369609856263	0.572895277208	0.0574948665297	0.0
-lku	0.126436781609	0.781609195402	0.0689655172414	0.0229885057471
-moo	0.0981288075134	0.70888453771	0.0386739408152	0.154312713961
-mon	0.0228310502283	0.817351598173	0.0	0.159817351598
-lka	0.265277777778	0.701388888889	0.00833333333333	0.025
-yau	0.0344963737246	0.935423204007	0.0138712828079	0.0162091394609
-lpu	0.0	0.923264311815	0.0767356881851	0.0
-yae	0.387921523481	0.227850530052	0.35832493884	0.025903007627
-yaa	0.191226932895	0.131239092875	0.0366723894826	0.640861584747
-yal	0.43517087412	0.271337798386	0.163718587212	0.129772740283
-yao	0.161231804116	0.0165563142169	0.00453322458136	0.817678657086
-yai	0.465012883342	0.303390087405	0.193401707675	0.0381953215783
-lpi	0.360277136259	0.549653579677	0.0727482678984	0.0173210161663
-bee	0.542553191489	0.175531914894	0.170212765957	0.11170212766
-iso	0.377566732756	0.165144572163	0.0163402680072	0.440948427073
-lyo	0.417068521693	0.135165103908	0.0652536638542	0.382512710545
-lyi	0.27002967359	0.666666666667	0.0276953511375	0.0356083086053
-isi	0.218722271372	0.588416737069	0.0600991354893	0.132761856069
-lye	0.15028340081	0.79044534413	0.0194331983806	0.0398380566802
-ise	0.69696969697	0.272727272727	0.030303030303	0.0
-lya	0.342303389948	0.337060934785	0.120714316205	0.199921359061
-isa	0.139693527147	0.51609163986	0.041345806364	0.30286902663
-ree	0.126216051885	0.766492703689	0.0325547223348	0.0747365220917
-upa	0.270868169626	0.538101092377	0.0521123056171	0.138918432379
-lyu	0.439198339367	0.066681852943	0.0336523441153	0.460467463575
-isu	0.133478726951	0.231057553906	0.052552906356	0.582910812788
-upi	0.324839328898	0.479123545329	0.0752760697954	0.120761055978
-juu	0.0307169901429	0.734956684333	0.142336435549	0.0919898899755
-ame	0.0968444245059	0.169019373397	0.036321512141	0.697814689956
-mau	0.145682577382	0.750976086938	0.0329639723535	0.0703773633264
-bwa	0.256446901825	0.120863219387	0.0403740855537	0.582315793235
-mai	0.429902785993	0.260409557608	0.036957626219	0.27273003018
-mal	0.470098910654	0.237962450616	0.0765922664348	0.215346372295
-mao	0.507692307692	0.323076923077	0.123076923077	0.0461538461539
-maa	0.332487309645	0.106598984772	0.560913705584	0.0
-mae	0.855110642782	0.0553213909378	0.0158061116965	0.0737618545838
-kii	0.295834383136	0.654195011338	0.0365331317712	0.013437473755
-ral	0.0939281505085	0.598236500939	0.214972281636	0.0928630669169
-una	0.184569742148	0.450550075298	0.078087198601	0.286792983953
-unu	0.411981468628	0.288604021189	0.151785532432	0.147628977751
-666	0.267326732673	0.029702970297	0.0	0.70297029703
-gae	0.173699697367	0.748839626781	0.0704187962298	0.00704187962298
-ika	0.0120967741935	0.987903225806	0.0	0.0
-uŋu	0.419271994001	0.357705814325	0.119178905998	0.103843285676
-ntu	0.538461538462	0.259615384615	0.0288461538462	0.173076923077
-lal	0.0	1.0	0.0	0.0
-gau	0.0434782608696	0.572463768116	0.31884057971	0.0652173913044
-uŋi	0.425531914894	0.369807497467	0.0830800405269	0.121580547112
-ini	0.138718173837	0.773924495171	0.0184372256365	0.0689201053556
-ina	0.0739794590399	0.796085709265	0.0298607998306	0.100074031865
-see	0.42954504702	0.0434644866052	0.0130106034648	0.51397986291
-uiu	0.47262955259	0.369827263214	0.0799472875027	0.0775958966938
-uii	0.407045236082	0.351271654994	0.13594674877	0.105736360154
-800	0.0	0.454251883746	0.0	0.545748116254
-kah	0.0880503144654	0.712788259958	0.0901467505241	0.109014675052
-uia	0.0777957860616	0.902755267423	0.0097244732577	0.00972447325769
-hsa	0.533523537803	0.338088445078	0.0342368045649	0.0941512125535
-iae	0.0797444089457	0.122811501597	0.797444089457	0.0
-iao	0.480300187617	0.268292682927	0.0	0.251407129456
-neo	0.0	1.0	0.0	0.0
-kuo	0.572212065814	0.263254113345	0.142595978062	0.0219378427788
-nee	0.266422522316	0.296406500343	0.0984206912337	0.338750286107
-kui	0.339724845517	0.490731024834	0.0683269208348	0.101217208814
-eka	0.06100688352	0.899851531921	0.031043325685	0.00809825887434
-eke	0.116090396624	0.519379602474	0.0527360780015	0.3117939229
-bai	0.616013071895	0.0898692810458	0.245098039216	0.0490196078431
-eko	0.231940471784	0.295821646683	0.130737608162	0.341500273372
-baa	0.0419650472464	0.0371498736676	0.000393467407352	0.920491611679
-joo	0.532538187905	0.0911841872294	0.013037809648	0.363239815217
-iru	0.418352759742	0.195827960976	0.051978279862	0.33384099942
-ase	0.411043047282	0.325059180347	0.0707936139238	0.193104158447
-nya	0.124576578474	0.358052228463	0.0368607408218	0.480510452242
-mbu	0.0430905443954	0.5546736199	0.018559676066	0.383676159639
-asa	0.229035678558	0.483888371419	0.0767849193061	0.210291030717
-aso	0.409222170742	0.28717585591	0.09907927877	0.204522694579
-nyi	0.462263861721	0.217318277357	0.0589316528892	0.261486208034
-nyo	0.105263157895	0.19298245614	0.385964912281	0.315789473684
-asi	0.31840235323	0.37023082612	0.174493360637	0.136873460013
-mba	0.13161604677	0.0627712623788	0.0154671587799	0.790145532071
-asu	0.401272197191	0.543069175722	0.0318049297641	0.0238536973231
-ass	0.0	1.0	0.0	0.0
-mbe	0.200734992752	0.671951271948	0.0609042948565	0.0664094404429
-nyu	0.278637770898	0.465944272446	0.255417956656	0.0
-yea	0.0512820512821	0.376068376068	0.0	0.57264957265
-mbi	0.41123743422	0.220464606205	0.0576623101135	0.310635649462
-lta	0.0	1.0	0.0	0.0
-yee	0.191489361702	0.489361702128	0.0	0.31914893617
-mbo	0.321115334751	0.138539973172	0.113311928772	0.427032763305
-ra~	0.695852534562	0.221198156682	0.0829493087557	0.0
-ba'	0.714285714286	0.0982142857143	0.0535714285714	0.133928571429
-430	0.367567567568	0.0	0.0	0.632432432432
-rau	0.435203094778	0.0773694390716	0.487427466151	0.0
-rao	0.234947931471	0.374815886715	0.0728119589654	0.317424222848
-iwa	0.2	0.533333333333	0.0	0.266666666667
-ero	0.340845186258	0.214819447719	0.0724756991838	0.371859666839
-era	0.454686085242	0.0956868838966	0.0437276332502	0.405899397611
-rae	0.0998676135466	0.167739775538	0.108550500765	0.62384211015
-ere	0.357662483012	0.26887307805	0.195192794521	0.178271644416
-raa	0.293911826452	0.454163750875	0.0909727081875	0.160951714486
-ela	0.526309623005	0.306196171465	0.0147527025699	0.15274150296
-poo	0.0880291710277	0.467710739935	0.318841069026	0.125419020012
-poe	0.323780015492	0.130906274206	0.255615801704	0.289697908598
-lae	0.0943974529557	0.302013408831	0.357610370252	0.245978767962
-laa	0.160013165531	0.0565020686628	0.0265966814779	0.756888084329
-500	0.181975736568	0.0606585788561	0.0346620450607	0.722703639515
-iko	0.3754731205	0.326389102756	0.0526612712834	0.245476505461
-lao	0.00693283779154	0.00512864527151	0.000276857511055	0.987661659426
-lai	0.397058823529	0.602941176471	0.0	0.0
-iki	0.0796442533027	0.181901821762	0.0972017063972	0.641252218538
-iku	0.21696172178	0.415639683151	0.117930413232	0.249468181837
-noo	0.0	0.9375	0.0625	0.0
-noa	0.0	1.0	0.0	0.0
-ppa	0.0	0.194805194805	0.0	0.805194805195
-ib'	0.401252691329	0.326678410648	0.0117439812097	0.260324916813
-ahi	0.0655737704918	0.819672131148	0.114754098361	0.0
-myu	0.0106382978723	0.989361702128	0.0	0.0
-boo	0.815003124768	0.13674833434	0.016841971464	0.0314065694281
-gee	0.426678006946	0.543553760011	0.0	0.0297682330427
-mya	0.276595744681	0.413711583924	0.267139479905	0.0425531914893
-pya	0.20515799515	0.150216472898	0.0459334780684	0.598692053883
-mye	0.107382550336	0.590604026846	0.181208053691	0.120805369128
-myi	0.501872659176	0.205992509363	0.14606741573	0.14606741573
-doo	0.286222509702	0.289133247089	0.0388098318241	0.385834411384
-pyo	0.357142857143	0.571428571429	0.0714285714286	0.0
-ik'	0.290697674419	0.104651162791	0.53488372093	0.0697674418605
-oli	0.457843381434	0.296311888226	0.10085937655	0.14498535379
-olo	0.383689973872	0.299715743251	0.0681097807882	0.248484502088
-ola	0.218931454757	0.616972354295	0.0601600700045	0.103936120944
-ole	0.0642961675788	0.623942370845	0.0107143580663	0.30104710351
-loo	0.256453169474	0.685398062522	0.0478872207088	0.0102615472947
-loe	0.0	0.970588235294	0.0	0.0294117647059
-apo	0.111585991562	0.179757442706	0.104084371122	0.60457219461
-rol	0.019398642095	0.815712900097	0.0581959262852	0.106692531523
-oki	0.224719101124	0.45393258427	0.105617977528	0.215730337079
-roo	0.298603307112	0.607481136619	0.0144485471183	0.0794670091508
-ipi	0.260503090556	0.490793479638	0.0730360970963	0.175667332711
-ipa	0.295403951524	0.277839362125	0.0762080879384	0.350548598412
-oke	0.0270089871034	0.933657536532	0.00909040342638	0.0302430729378
-ewa	0.0466116449695	0.111242793929	0.80579703062	0.0363485304809
-ipu	0.390304439561	0.484385058588	0.0364182527117	0.08889224914
-awa	0.177255398859	0.59996288215	0.0674239023496	0.155357816642
-nge	0.171508227435	0.297242835466	0.109106734344	0.422142202754
-pil	0.333333333333	0.511111111111	0.0888888888889	0.0666666666667
-276	0.0	0.0392156862745	0.0	0.960784313725
-aio	0.517794968366	0.304548882536	0.116962233392	0.0606939157058
-eyo	0.482811466779	0.113324422776	0.0466301071946	0.35723400325
-eya	0.292725425416	0.08164793536	0.0121453589332	0.613481280291
-200	0.0188531029065	0.537313432836	0.136684996072	0.307148468185
-ioo	0.0579150579151	0.303088803089	0.349420849421	0.289575289575
-muo	0.258606023781	0.266260740262	0.190212633821	0.284920602135
-lee	0.103735720901	0.774004322322	0.00535144591953	0.116908510857
-muu	0.0780997680495	0.740205721444	0.0488368223768	0.132857688129
-oie	0.586756679115	0.316288422867	0.0711002585464	0.0258546394714
-ndp	0.786585365854	0.103658536585	0.109756097561	0.0
-alu	0.157330341556	0.360914803262	0.315004937297	0.166749917886
-ndu	0.546442687747	0.399209486166	0.0335968379447	0.0207509881423
-alo	0.453986328986	0.187251937252	0.125905625906	0.232856107856
-oŋo	0.302381225237	0.210975373913	0.0711164043152	0.415526996535
-gii	0.0303393320867	0.772940720234	0.00863486017627	0.188085087503
-ali	0.108221008534	0.354345914369	0.035616022717	0.50181705438
-nda	0.155917303435	0.356497637043	0.0436699835617	0.44391507596
-ale	0.218961059736	0.233354217862	0.106591258951	0.441093463451
-oŋa	0.247422680412	0.711340206186	0.020618556701	0.020618556701
-emo	0.182395605339	0.139629200464	0.197094545299	0.480880648899
-ala	0.358169003482	0.142094555087	0.0307109857773	0.469025455654
-120	0.037037037037	0.0	0.0	0.962962962963
-gwa	0.387926119893	0.229727901674	0.0429139450392	0.339432033394
-pee	0.389045730546	0.37156908875	0.0567990858373	0.182586094867
-mgi	0.870325061167	0.0877315623908	0.0419433764418	0.0
-iyu	0.377989957044	0.161960817953	0.038271450158	0.421777774845
-elu	0.702098849018	0.203114421124	0.0101557210562	0.0846310088016
-153	0.044776119403	0.0	0.0	0.955223880597
-eli	0.514168726437	0.381669288193	0.0230694330013	0.0810925523682
-iye	0.128550074738	0.724464374689	0.0861983059292	0.0607872446437
-lsi	0.311256700417	0.475044669446	0.185824895771	0.0278737343657
-iya	0.54155765521	0.10586887674	0.0274309848749	0.325142483175
-lso	0.11320754717	0.88679245283	0.0	0.0
-ele	0.106947234993	0.732654922919	0.0731347276353	0.0872631144528
-esu	0.0211551943392	0.843755694226	0.000933861288576	0.134155250146
-ito	0.528735632184	0.310344827586	0.0	0.16091954023
-esi	0.067405355494	0.224376731302	0.673130193906	0.0350877192982
-ab'	0.385147145961	0.437092632826	0.014220817697	0.163539403516
-eso	0.0	1.0	0.0	0.0
-iti	0.150826985655	0.68624096069	0.0766294036758	0.086302649979
-esa	0.110620987951	0.732804686874	0.0368851052144	0.11968921996
-ese	0.332983948117	0.531012576793	0.0358106347369	0.100192840353
-ita	0.0239900788693	0.949049108196	0.0102574402642	0.0167033726706
-nju	0.371145151495	0.47037104875	0.049550287758	0.108933511997
-pwa	0.0717119545918	0.127238814357	0.0430397160642	0.758009514987
-nja	0.131371113964	0.320278403182	0.0147977927875	0.533552690066
-njo	0.447815812438	0.266765552366	0.0496512201423	0.235767415054
-nji	0.307373803741	0.47116270464	0.0813236682192	0.140139823401
-koe	0.105344454742	0.58078467717	0.255174544331	0.0586963237566
-kom	0.300884955752	0.513274336283	0.0265486725663	0.159292035398
-koo	0.0971185397983	0.410906579975	0.286371758732	0.205603121495
-kon	0.508620689655	0.181034482759	0.051724137931	0.258620689655
-aem	0.0	1.0	0.0	0.0
-soo	0.368882910502	0.0337133086972	0.00510827565934	0.592295505142
-kop	0.029197080292	0.970802919708	0.0	0.0
-ora	0.107122256709	0.687862224298	0.128217101107	0.0767984178867
-ore	0.262345373577	0.20009896091	0.100544285007	0.437011380505
-omi	0.173913043478	0.797101449275	0.0	0.0289855072464
-lio	0.0333333333333	0.966666666667	0.0	0.0
-omo	0.551713066143	0.256582178068	0.132375439127	0.0593293166623
-lii	0.348050340417	0.226944501754	0.0990303280379	0.325974829792
-oma	0.179168738406	0.610756433961	0.0850762314807	0.124998596152
-lia	0.0	1.0	0.0	0.0
-ome	0.128821512824	0.120528831666	0.0224383594951	0.728211296015
-cpa	0.432	0.496	0.024	0.048
-144	0.011952191235	0.0956175298805	0.0	0.892430278884
-rni	0.396551724138	0.603448275862	0.0	0.0
-uri	0.106162294082	0.427089688835	0.448444173276	0.0183038438072
-kyu	0.470651330181	0.171519299979	0.0958295109731	0.261999858867
-uro	0.609905632615	0.17918031822	0.0503227325342	0.160591316631
-ura	0.314266731094	0.407344769268	0.206632036724	0.0717564629137
-ure	0.147254073627	0.662643331322	0.152082076041	0.0380205190103
-kya	0.270927632306	0.278068042544	0.107193932165	0.343810392985
-uru	0.104886373096	0.829018563223	0.0461167069009	0.0199783567802
-pai	0.00995024875622	0.940298507463	0.0199004975124	0.0298507462687
-ŋee	0.867063492064	0.0972222222222	0.0	0.0357142857143
-apa	0.205592315126	0.213296576059	0.0752158402616	0.505895268554
-pal	0.190262172285	0.796254681648	0.00449438202247	0.00898876404494
-ape	0.332492682191	0.2569543154	0.0673950279729	0.343157974436
-paa	0.263604945736	0.0419060874698	0.0253726655017	0.669116301293
-api	0.291501993028	0.222136068153	0.0442661717929	0.442095767026
-pae	0.230637336902	0.46031281365	0.244960689194	0.0640891602543
-wae	0.103232591609	0.50265692461	0.350105169932	0.0440053138492
-waa	0.351644899241	0.470924404949	0.054156755382	0.123273940428
-apu	0.268438837995	0.340142857992	0.0295408649166	0.361877439096
-wao	0.302940185259	0.316925982274	0.183447112185	0.196686720281
-wal	0.338743765323	0.532983909601	0.0364922365937	0.0917800884831
-pau	0.0433992097028	0.765557948735	0.1676887917	0.0233540498622
-wai	0.423392608087	0.420294304004	0.0436172716024	0.112695816306
-duo	0.68905950096	0.120921305182	0.166986564299	0.0230326295586
-kee	0.613157704277	0.246363175798	0.0137511760874	0.126727943837
-suu	0.294572625571	0.0607498238434	0.019252019189	0.625425531397
-ket	0.030487804878	0.756097560976	0.0	0.213414634146
-sua	0.266103484688	0.695881731785	0.0253431890179	0.012671594509
-dia	0.0	0.622559652928	0.36442516269	0.0130151843818
-ng'	0.0349175557711	0.662463627546	0.209505334627	0.0931134820563
-nŋi	0.5	0.321428571429	0.0357142857143	0.142857142857
-oro	0.119724565104	0.80079208894	0.0327480266162	0.0467353193405
-uku	0.28647555684	0.458829851891	0.115315895402	0.139378695867
-uki	0.156757264716	0.156551500469	0.413206040562	0.273485194253
-uko	0.425273021437	0.393420520426	0.0960293919374	0.0852770661993
-aiu	0.479776138387	0.281607733401	0.159755787332	0.0788603408803
-ngu	0.383388357177	0.331276886651	0.116739475995	0.168595280177
-aie	0.244266143084	0.518307165838	0.143628492133	0.0937981989443
-nga	0.236670790792	0.377929528666	0.310769143125	0.0746305374168
-tia	0.0145474928931	0.969436918601	0.00680662511511	0.00920896339103
-ngh	0.194444444445	0.763888888889	0.0	0.0416666666667
-ngi	0.174701643752	0.506714861898	0.0398863639415	0.278697130409
-ngj	0.440311628471	0.485418940221	0.00424396750332	0.070025463805
-aii	0.292981089266	0.348533203806	0.122725805768	0.23575990116
-ngo	0.0624091726682	0.736944635422	0.0655162897465	0.135129902163
-eme	0.104091473016	0.491973443077	0.031455619605	0.372479464302
-ema	0.0461090469492	0.0769853210065	0.0578243992044	0.81908123284
-uwa	0.0886668234188	0.712837996708	0.184998824359	0.0134963555138
-emb	0.178571428571	0.553571428571	0.214285714286	0.0535714285714
-uwo	0.309698451508	0.441727791361	0.0733496332519	0.175224123879
-aŋe	0.203062707254	0.26062819032	0.45661164723	0.0796974551958
-hmi	0.236842105263	0.5	0.0526315789474	0.210526315789
-aŋa	0.407458242585	0.324409872855	0.0860857612537	0.182046123306
-260	0.0126582278481	0.151898734177	0.0379746835443	0.79746835443
-jae	0.233016564182	0.613580864397	0.15340257142	0.0
-jaa	0.216216216216	0.398648648649	0.385135135135	0.0
-aŋu	0.124730564736	0.657853139819	0.193274895819	0.0241413996264
-eŋa	0.505519948429	0.398553439378	0.0139222178346	0.0820043943582
-eŋe	0.461042587625	0.320425596794	0.116823320473	0.101708495108
-lru	0.532047244956	0.328735524619	0.00323761000987	0.135979620415
-upu	0.653784219002	0.278582930757	0.0386473429951	0.0289855072463
-mde	0.861111111111	0.0555555555555	0.0	0.0833333333334
-ani	0.000997008973081	0.991026919242	0.00398803589232	0.00398803589232
-lri	0.580678297851	0.334192659329	0.0491129093192	0.0360161335007
-lra	0.0341671751067	0.863331299573	0.10250152532	0.0
-000	0.0946633905307	0.164432502978	0.028213402668	0.712690703824
-eta	0.159405728858	0.231979470116	0.0207343393172	0.587880461708
-ete	0.232139875292	0.6218906374	0.0955095770709	0.0504599102375
-eto	0.298439600816	0.16221114871	0.0080707910433	0.531278459431
-bui	0.0463227222832	0.895060373216	0.0507135016466	0.007903402854
-buo	0.345679539547	0.248437231481	0.0866637864837	0.319219442488
-uya	0.551408970279	0.211262952726	0.0625474887404	0.174780588255
-iŋi	0.161484904166	0.724127845273	0.0520063721875	0.0623808783733
-300	0.0	0.393162393163	0.199023199023	0.407814407814
-ate	0.380105167313	0.525811360464	0.0555200236926	0.0385634485301
-mwa	0.0460648397004	0.0445684583692	0.0199204339616	0.889446267969
-ata	0.300009272584	0.317076510742	0.0162900874686	0.366624129205
-ato	0.262790697674	0.576434108527	0.013023255814	0.147751937984
-uyu	0.377292167087	0.293807487258	0.0754584334173	0.253441912239
-ati	0.0512820512821	0.666666666667	0.282051282051	0.0
-ose	0.307827538248	0.402436717663	0.0764394993045	0.213296244784
-tal	0.0	1.0	0.0	0.0
-kai	0.248303516348	0.564466378779	0.124922887107	0.0623072177668
-bya	0.124117550484	0.816778854047	0.0472828763749	0.0118207190937
-kao	0.318606907687	0.435835935018	0.103773224645	0.141783932651
-kal	0.21733868471	0.584827384337	0.153251636654	0.0445822942994
-oso	0.0384615384615	0.961538461538	0.0	0.0
-ula	0.0382259250184	0.923548149963	0.0382259250184	0.0
-osi	0.0307692307692	0.969230769231	0.0	0.0
-kae	0.418261973788	0.358674557347	0.0613364640487	0.161727004816
-nia	0.0256345815532	0.93566222669	0.0356873586328	0.0030158331239
-ŋae	0.113402061856	0.556701030928	0.268041237113	0.0618556701031
-nie	0.548067709997	0.308208240179	0.0910252315554	0.0526988182689
-nii	0.344544583353	0.437047634389	0.143490167063	0.0749176151954
-kau	0.339942800235	0.501774724854	0.0635836674242	0.0946988074871
-ulu	0.248325072927	0.238718245048	0.0228186714418	0.490138010584
-nba	0.525657815564	0.255962283117	0.110156233409	0.10822366791
-eb'	0.378378378378	0.486486486486	0.0810810810811	0.0540540540541
-ilu	0.05	0.65	0.2625	0.0375
-wpa	0.322709163347	0.504648074369	0.062416998672	0.110225763612
-yuo	0.284603693591	0.0523079553608	0.0211099099946	0.641978441053
-ila	0.175491986204	0.76628119294	0.0219111381619	0.0363156826943
-yuu	0.0451596827178	0.352843893968	0.00792841450721	0.594068008807
-ili	0.273511684257	0.505822084848	0.0940626884531	0.126603542442
-igi	0.584158415842	0.356435643564	0.0	0.0594059405941
-amu	0.27757126764	0.617243830938	0.0964194929698	0.0087654084518
-ami	0.41807167395	0.118109742405	0.0315054142553	0.43231316939
-amo	0.447257555445	0.132018401939	0.0366749936943	0.384049048922
-ama	0.0915501477351	0.0805372719835	0.0358186462721	0.792093934009
-buu	0.221988427144	0.624408206207	0.0652288269331	0.0883745397159
-kwa	0.359275788511	0.406061179934	0.059008038457	0.175654993098
-usi	0.159813241823	0.707662587787	0.0687352194951	0.0637889508946
-iro	0.309623430962	0.289583792116	0.0627615062762	0.338031270645
-iri	0.515886024843	0.214503643318	0.0880972067093	0.18151312513
-usa	0.295918168768	0.152840170374	0.0444698275998	0.506771833259
-eie	0.484375	0.078125	0.0	0.4375
-ira	0.391968097212	0.107383748375	0.028395521025	0.472252633388
-guu	0.166538164996	0.695451040864	0.114880493446	0.0231303006939
-uli	0.469096292168	0.290102619969	0.0800811083773	0.160719979486
-guo	0.487804878049	0.512195121951	0.0	0.0
-osa	0.341612463693	0.394717612393	0.107766434541	0.155903489372
-usu	0.0439024390243	0.759349593496	0.186991869919	0.00975609756097
-epe	0.198636587421	0.469734341145	0.0933054121111	0.238323659323
-epa	0.311137110398	0.279497424002	0.044833583675	0.364531881926
-epo	0.317837059465	0.220469807416	0.107966845154	0.353726287965
-niu	0.291044776119	0.492537313433	0.134328358209	0.0820895522388
-epi	0.0203045685279	0.979695431472	0.0	0.0
-kaa	0.0558659217877	0.352653631285	0.591480446927	0.0
-pia	0.0274893097129	0.954184483812	0.0137446548564	0.00458155161882
-wii	0.232001392879	0.677461478193	0.0905371289283	0.0
-pii	0.18207853103	0.290987108716	0.00530709314354	0.52162726711
-iuu	0.497674418605	0.209302325581	0.153488372093	0.139534883721
-pim	0.457943925234	0.14953271028	0.280373831776	0.11214953271
-iui	0.220725299678	0.679740719227	0.0434268891587	0.0561070919364
-owi	0.0	0.96	0.04	0.0
-yva	0.521126760563	0.197183098592	0.112676056338	0.169014084507
-iio	0.765100671141	0.194630872483	0.0	0.0402684563758
-iii	0.379112478984	0.354036004296	0.141716590894	0.125134925826
-lce	0.566037735849	0.433962264151	0.0	0.0
-owa	0.122853793858	0.761941079941	0.021495663046	0.0937094631555
-ta'	0.497816593886	0.475982532751	0.0	0.0262008733624
-iia	0.651035986914	0.119956379498	0.163576881134	0.0654307524537
-uhi	0.404530744336	0.142394822007	0.129449838188	0.323624595469
-eri	0.139423076923	0.105769230769	0.307692307692	0.447115384615
-kma	0.936507936508	0.0	0.0	0.0634920634921
-ote	0.210150348331	0.678554023337	0.0240091933765	0.0872864349562
-one	0.0369803803081	0.883195612197	0.0391046151706	0.0407193923243
-ona	0.0605033292008	0.0894638692884	0.00665349958556	0.843379301925
-ono	0.480708958589	0.24477849411	0.0907539208283	0.183758626472
-oni	0.0	0.830769230769	0.0	0.169230769231
-450	0.0	0.387755102041	0.0612244897959	0.551020408163
-ana	0.165191476486	0.236211695857	0.031417182484	0.567179645173
-dao	0.46277069119	0.353900919608	0.0676357164046	0.115692672797
-ane	0.0982313866904	0.781936744019	0.0574605170244	0.0623713522659
-dae	0.171320691703	0.0623886744842	0.0211518480036	0.74513878581
-daa	0.0396474213708	0.0243249153393	0.0136138191109	0.922413844179
-dab	0.539568345324	0.341726618705	0.0107913669065	0.107913669065
-ano	0.303944700902	0.212102834608	0.0594434607104	0.42450900378
-ksa	0.27027027027	0.484136310223	0.0	0.245593419506
-tao	0.0484150148617	0.848703078557	0.0544668917194	0.0484150148617
-tae	0.133559657207	0.144984366279	0.0695364372201	0.651919539294
-yii	0.297289489554	0.0998300690665	0.0537452871596	0.54913515422
-mia	0.0516129032258	0.948387096774	0.0	0.0
-rmi	0.323611890073	0.356702187325	0.270330902973	0.0493550196299
-mih	0.354788069074	0.262166405024	0.32967032967	0.0533751962323
-miu	0.487804878049	0.346341463415	0.0292682926829	0.136585365854
-ene	0.226219866918	0.368895375755	0.0484764485761	0.356408308751
-da'	0.266009852217	0.576354679803	0.15763546798	0.0
-ena	0.257385383686	0.319883374245	0.0672448175146	0.355486424554
