-eme	0.343833629421	0.392572999509	0.0565498340468	0.207043537023
-uno	0.073459198879	0.0206796978936	0.00405034243871	0.901810760789
-ema	0.267984116724	0.310462646597	0.117277680303	0.304275556376
-sae	0.175662559669	0.130761606844	0.0256547998495	0.667921033638
-une	0.276153012904	0.360220839884	0.0464779878738	0.317148159338
-emo	0.0911189814024	0.150088190707	0.00821502835641	0.750577799534
-emi	0.126457029416	0.290952475531	0.355135902405	0.227454592648
-una	0.239604350281	0.366858413863	0.0882002921585	0.305336943698
-emu	0.011321417349	0.953124711188	0.0	0.0355538714626
-iva	0.0124577326927	0.987542267307	0.0	0.0
-ive	0.0	0.700712405142	0.299287594858	0.0
-ivi	0.0746268656716	0.869402985075	0.0	0.0559701492538
-oni	0.0634446796905	0.841460785311	0.0248621961705	0.0702323388282
-umo	0.169696709629	0.690425045769	0.0459312803459	0.093946964256
-iku	0.174302351044	0.342292735244	0.0287387095073	0.454666204205
-ifa	0.263289402907	0.265511603919	0.0795833620241	0.391615631151
-gae	0.31647361959	0.152433356457	0.0357023375176	0.495390686435
-ava	0.126783698412	0.045274453939	0.00930228963422	0.818639558015
-ife	0.370930232558	0.545930232558	0.0383720930232	0.0447674418605
-'yi	0.550661794699	0.032820140939	0.00475892043617	0.411759143926
-ana	0.343757825932	0.224167256253	0.0566366804675	0.375438237348
-ifi	0.32582096795	0.297358132987	0.0473643511316	0.329456547932
-'ye	0.263007217053	0.467061601161	0.149171260135	0.120759921652
-alu	0.0829573151819	0.212843746559	0.118928410526	0.585270527732
-u'e	0.213918864749	0.586727716604	0.0313189651804	0.168034453467
-'ya	0.352647124339	0.357508793365	0.0708263632701	0.219017719026
-eto	0.588414193157	0.119705471377	0.0362067977381	0.255673537728
-alo	0.459082052904	0.166547598003	0.083122915346	0.291247433747
-gau	0.172284644195	0.161048689139	0.067415730337	0.59925093633
-ufa	0.175493438312	0.0604869625356	0.150018642439	0.614000956713
-ali	0.0675496034409	0.487626176655	0.360322187438	0.0845020324658
-upa	0.40741901726	0.11586186276	0.0274499780574	0.449269141923
-'yu	0.489500567537	0.326049943246	0.184449489217	0.0
-ale	0.238671441448	0.261478782269	0.141154108583	0.3586956677
-ufi	0.339230568775	0.419111468449	0.0265543071373	0.215103655639
-ala	0.0875193066273	0.65965391778	0.0680113865398	0.184815389053
-ini	0.192539381641	0.672995609417	0.0303739750503	0.104091033891
-'ne	0.0610925618533	0.742080040425	0.0223451393549	0.174482258367
-120	0.0	1.0	0.0	0.0
-uva	0.341208571974	0.287087244583	0.0523140253404	0.319390158102
-ino	0.21649458454	0.100188917795	0.015241106509	0.668075391156
-ina	0.232049509323	0.228612223476	0.0255010786831	0.513837188518
-uvo	0.399743655656	0.181913022223	0.027864760702	0.390478561419
-ine	0.358899607151	0.230904012806	0.135338367373	0.27485801267
-lai	0.0	0.984196743024	0.015803256976	0.0
-eta	0.292123688146	0.255642012368	0.0718448460554	0.380389453431
-iki	0.190816135784	0.445041483214	0.253008816799	0.111133564202
-ete	0.310112255311	0.19329251322	0.0763799981445	0.420215233324
-eti	0.173898551002	0.638051215324	0.0169597330915	0.171090500582
-lie	0.5	0.5	0.0	0.0
-inu	0.205344970545	0.170908472639	0.023672957303	0.600073599513
-4'a	0.192	0.808	0.0	0.0
-'ae	0.285453598873	0.383626239383	0.0403636889887	0.290556472755
-atu	0.299330266038	0.230650068643	0.242013283366	0.228006381953
-uya	0.682271912533	0.0643313878553	0.00507986397581	0.248316835636
-opu	0.00943730093195	0.97640674767	0.00707797569895	0.00707797569895
-pao	0.359260459034	0.395037732906	0.124644566821	0.121057241239
-ogu	0.0174596246181	0.780292448712	0.0149498035792	0.18729812309
-ano	0.295218025324	0.128455327927	0.0433889955897	0.53293765116
-'ai	0.0431096700727	0.117219739238	0.00394601818469	0.835724572504
-ogi	0.0983984974925	0.260996446136	0.0288404894596	0.611764566912
-'ao	0.251393793723	0.152020883891	0.0303597549744	0.566225567412
-iyo	0.452941512851	0.158329792948	0.0240762462847	0.364652447916
-ate	0.149314629443	0.156548547636	0.0378007447448	0.656336078176
-opi	0.279153127389	0.430122560516	0.052186179317	0.238538132778
-ogo	0.132702418507	0.162670872766	0.0271293375394	0.677497371188
-ata	0.338176667294	0.386086524967	0.0366180431399	0.2391187646
-iye	0.422309258729	0.104014863073	0.0299391596464	0.443736718552
-ato	0.226177342871	0.221942033686	0.0243803467733	0.52750027667
-ayo	0.247047473999	0.54717888365	0.0453508250063	0.160422817345
-ela	0.0322500620193	0.776234185066	0.13396179608	0.0575539568345
-iya	0.210031906945	0.311492704914	0.0668875110018	0.411587877139
-opa	0.0687405490963	0.275781779491	0.160065024915	0.495412646497
-ati	0.133241407049	0.586316607438	0.0213071936064	0.259134791906
-kai	0.174532540068	0.791045410394	0.0140237979602	0.0203982515784
-uli	0.425433143474	0.546732780707	0.00927802527288	0.0185560505457
-osa	0.149989453297	0.66780571056	0.0483767665727	0.13382806957
-eke	0.169264785294	0.529907891215	0.0609236253696	0.239903698122
-eki	0.0	1.0	0.0	0.0
-osi	0.0275974627455	0.900890628058	0.0349326797971	0.0365792293994
-eno	0.317112943984	0.168038463407	0.0464822951535	0.468366297456
-esu	0.00289708308103	0.893298603136	0.00797872340426	0.0958255903786
-ule	0.159458806475	0.579608601111	0.178787146654	0.0821454457598
-osu	0.065044743101	0.310941744995	0.239092392146	0.384921119758
-esi	0.0728751174287	0.82556762595	0.0133687936913	0.0881884629297
-tao	0.519058757438	0.221774420385	0.0737985877171	0.18536823446
-ime	0.2637136566	0.139360431165	0.0594555789496	0.537470333285
-ape	0.400260619181	0.0754534563568	0.0561171945606	0.468168729902
-te'	0.154761904762	0.488095238095	0.0	0.357142857143
-oke	0.0409690341398	0.0704869027294	0.082481583746	0.806062479385
-esa	0.183701157371	0.0868728518552	0.03184501386	0.697580976914
-ite	0.296513297949	0.438377500247	0.160109983755	0.104999218049
-oka	0.470319274734	0.244980010136	0.0427952024326	0.241905512698
-ige	0.225591887946	0.191833449463	0.140666818589	0.441907844003
-imo	0.138262379297	0.322793999539	0.0355958751945	0.503347745969
-ulu	0.389412870189	0.255977188454	0.0208054071811	0.333804534176
-ase	0.150449123224	0.264428868086	0.396998945182	0.188123063507
-eni	0.0665541593229	0.645372106055	0.115697525912	0.172376208711
-asa	0.0217943699536	0.953127176949	0.00656816628739	0.0185102868099
-neo	0.13040181956	0.57846853677	0.218347232752	0.0727824109173
-000	0.0	1.0	0.0	0.0
-fai	0.653027969193	0.0412403729226	0.00670449939197	0.299027158492
-nie	0.77036778462	0.127036505746	0.0	0.102595709634
-asi	0.0357162566872	0.938285917943	0.0163842919414	0.00961353342852
-eli	0.15274286475	0.732601908723	0.0227040052528	0.0919512212737
-fau	0.335025380711	0.664974619289	0.0	0.0
-o'a	0.137882291893	0.38468480049	0.0287682968811	0.448664610736
-eyo	0.395783699107	0.295595824519	0.0531293207131	0.25549115566
-o'e	0.0847307653535	0.100434508575	0.182725238047	0.632109488024
-elo	0.236923076923	0.662564102564	0.0635897435897	0.0369230769231
-uta	0.121296153687	0.0753300362362	0.0143008838179	0.789072926259
-uve	0.449321021976	0.151541527177	0.0412895245042	0.357847926343
-ute	0.293361383824	0.431821723547	0.115240766713	0.159576125916
-uti	0.812992125984	0.175196850394	0.011811023622	0.0
-ita	0.232111259836	0.212117735176	0.0853263647833	0.470444640205
-pai	0.199410581981	0.513041562233	0.179855124356	0.107692731429
-ese	0.397943969238	0.508043631798	0.0597975359021	0.0342148630621
-oga	0.285903577617	0.574202425849	0.102436041178	0.0374579553562
-ile	0.141329946164	0.257712666175	0.0459980020522	0.554959385608
-ila	0.00378262514185	0.992434749716	0.0	0.00378262514185
-ilo	0.610577612154	0.251827432994	0.0171993693565	0.120395585495
-a'a	0.121268944401	0.245776255272	0.0513898225873	0.58156497774
-ova	0.390650639145	0.30989590532	0.0395798458375	0.259873609698
-aku	0.418867929085	0.228116121003	0.0286940036054	0.324321946306
-a'e	0.11450485143	0.397731138317	0.0431713323501	0.444592677902
-ili	0.510792035143	0.24960986147	0.0139961234867	0.225601979901
-ugu	0.891304347826	0.108695652174	0.0	0.0
-tai	0.0	1.0	0.0	0.0
-oya	0.206625097947	0.656184796369	0.0151189096059	0.122071196077
-e'a	0.307864986849	0.205640571482	0.0530410101048	0.433453431565
-afi	0.270945313107	0.286518599931	0.0429662666483	0.399569820314
-ani	0.0539147092931	0.0670456634001	0.0112752645538	0.867764362753
-igi	0.327670812781	0.502572172252	0.043230284072	0.126526730895
-amu	0.153273502066	0.709607438017	0.109420196281	0.0276988636364
-gie	0.463157894737	0.378947368421	0.0631578947369	0.0947368421053
-ami	0.202843556367	0.503962726356	0.203852250348	0.0893414669292
-lui	0.0428790199081	0.0393057682491	0.917815211843	0.0
-uge	0.0591314604984	0.0934688234784	0.0255849883371	0.821814727686
-eso	0.499306288192	0.180699806315	0.0344524293764	0.285541476117
-amo	0.16879825448	0.334871976934	0.0382531733595	0.458076595226
-vae	0.380808080808	0.244848484848	0.099393939394	0.27494949495
-ama	0.0616591364671	0.519482122256	0.145470860255	0.273387881022
-ave	0.305495308848	0.207626336464	0.143485497082	0.343392857606
-meo	0.192307692308	0.807692307692	0.0	0.0
-ele	0.362008489064	0.28068443082	0.287596533632	0.0697105464835
-ame	0.452600045845	0.167989052303	0.0151067609538	0.364304140898
-vao	1.0	0.0	0.0	0.0
-ugi	0.196301189515	0.510996244733	0.254802831143	0.0378997346093
-lae	0.377937318629	0.326641147621	0.0745704624556	0.220851071294
-usi	0.203013909809	0.170046286248	0.162301159251	0.464638644692
-aya	0.256542438954	0.279301129795	0.0715699060994	0.392586525152
-ika	0.266257122909	0.16685796709	0.0244422269854	0.542442683016
-'ni	0.0892047893908	0.118688972145	0.399766621777	0.392339616687
-iko	0.00199619548625	0.992015218055	0.0	0.00598858645874
-usa	0.197913645507	0.667698928755	0.112775412827	0.0216120129111
-lao	0.197549770291	0.314701378254	0.0	0.487748851455
-eka	0.404052811943	0.236225683644	0.0509323937492	0.308789110664
-omu	0.0130028659378	0.630037504865	0.311449598415	0.0455100307823
-'na	0.230714166127	0.107090434262	0.0309939942959	0.631201405315
-ayu	0.448964657583	0.310664740064	0.0450229766018	0.195347625751
-lau	0.613320555822	0.191662673694	0.0656444657403	0.129372304743
-omi	0.00539551757002	0.974221416054	0.00599501952225	0.0143880468534
-omo	0.111184413431	0.558396331902	0.0628537635323	0.267565491134
-gai	0.0	1.0	0.0	0.0
-afa	0.301005410997	0.235119911926	0.103184404838	0.360690272239
-kao	0.414194404245	0.362397491558	0.0030149541727	0.220393150024
-epi	0.0711426524706	0.0670874489654	0.0270971494916	0.834672749072
-noe	0.198979591837	0.602040816327	0.137755102041	0.061224489796
-opo	0.806018191129	0.193981808871	0.0	0.0
-epa	0.108949256423	0.253331459453	0.17631158885	0.461407695274
-noa	0.0	1.0	0.0	0.0
-aha	0.0942519883022	0.0316518967767	0.00553491850165	0.868561196419
-ahe	0.0925925925926	0.592592592593	0.203703703704	0.111111111111
-epu	0.160220994475	0.839779005525	0.0	0.0
-uga	0.166352302526	0.378525095459	0.0372176473294	0.417904954686
-ena	0.163621532843	0.743692662909	0.0184991488998	0.0741866553483
-umu	0.533501214708	0.335291244585	0.00837292500523	0.122834615702
-eho	0.0	1.0	0.0	0.0
-'ma	0.0	0.940636805181	0.0593631948192	0.0
-ipa	0.241586937429	0.372049349471	0.0929266635595	0.29343704954
-ote	0.064175705371	0.3545212021	0.405914064156	0.175389028373
-'me	0.0435958370893	0.884126854052	0.0206506596738	0.0516266491846
-efe	0.286828295146	0.486182930837	0.0627989553359	0.164189818681
-eko	0.0	1.0	0.0	0.0
-ehe	0.575971731449	0.233215547703	0.16961130742	0.0212014134276
-'mo	0.247151474683	0.310878149589	0.0387301065821	0.403240269145
-e'e	0.149233415123	0.239479856122	0.0882356246323	0.523051104123
-oto	0.646368305209	0.253851797505	0.0997798972854	0.0
-ume	0.292226149316	0.122034923507	0.0246509827843	0.561087944393
-oli	0.20874719994	0.366644413746	0.308658598295	0.115949788019
-uma	0.1062215478	0.582701062215	0.0955993930197	0.215477996965
-kae	0.405626551989	0.14694589756	0.0128119280467	0.434615622405
-'mu	0.330754352031	0.448742746615	0.081237911025	0.139264990329
-olo	0.0739074550129	0.82030848329	0.0113110539846	0.0944730077121
-ola	0.0391945343401	0.930600503416	0.0	0.0302049622438
-sai	0.409408194234	0.399393019727	0.12746585736	0.0637329286798
-sao	0.0370828182942	0.912952963373	0.0261531455338	0.0238110727994
-ole	0.24550038238	0.285610938935	0.159833985848	0.309054692836
-efa	0.222793166189	0.621226511917	0.0685862584542	0.08739406344
-ako	0.364552663961	0.309406512353	0.0154162709178	0.310624552769
-ima	0.239130434783	0.740802675585	0.0	0.0200668896321
ALL	0.217909896448	0.256682419372	0.0498202314645	0.475587452715
-nai	0.0479339736544	0.88773358802	0.0113527832339	0.0529796550916
-nao	0.366419279694	0.480972763821	0.0380111573808	0.114596799104
-aki	0.184683090171	0.309850116709	0.378805630448	0.126661162673
-loi	0.0	0.981308411215	0.0186915887851	0.0
-ake	0.202652497373	0.626574500225	0.0465902779497	0.124182724452
-api	0.101250088661	0.524538267829	0.167254437193	0.206957206317
-oko	0.0554904187887	0.680412559997	0.204301469241	0.059795551973
-aka	0.120856473844	0.215669571409	0.239868450689	0.423605504057
-nae	0.447247116989	0.0987099929083	0.016569867803	0.4374730223
-apu	0.102702702703	0.850810810811	0.0237837837838	0.0227027027027
-oki	0.0712104793523	0.894759539764	0.00131728958259	0.032712691301
-sia	0.00518582541054	0.987035436474	0.00518582541055	0.00259291270527
-apa	0.148587486512	0.117586729774	0.0306422379529	0.703183545761
-pau	0.405741185606	0.193620288619	0.0594161752931	0.341222350482
-nau	0.353753640891	0.487362585737	0.0996899370478	0.0591938363243
-iga	0.10383448705	0.614606828965	0.0420004666719	0.239558217313
-ipi	0.0510041545777	0.868609506558	0.0179557792861	0.0624305595779
-ofi	0.108291142577	0.488075129573	0.0417279842528	0.361905743597
-ota	0.043846386453	0.79891140006	0.0771091623828	0.0801330511037
-iti	0.435794460621	0.455626561122	0.029392335368	0.0791866428889
-ega	0.13713152754	0.179884528882	0.0416888408555	0.641295102723
-agu	0.442819047992	0.340365199974	0.06406140701	0.152754345024
-ipe	0.0381471389646	0.961852861035	0.0	0.0
-suo	0.303051317614	0.475034674064	0.0	0.221914008322
-imi	0.173267326733	0.757425742574	0.0148514851485	0.0544554455445
-agi	0.249356530396	0.237327358195	0.0407387211198	0.472577390289
-enu	0.0761099365751	0.885835095137	0.0	0.0380549682876
-ago	0.226310502642	0.162553344126	0.0394444820982	0.571691671135
-umi	0.623327575111	0.163414964604	0.065034041256	0.148223419029
-iyu	0.222222222222	0.728395061728	0.0246913580247	0.0246913580247
-aga	0.212809244603	0.317859526275	0.210109634604	0.259221594518
-age	0.171518125047	0.255536717965	0.146969145333	0.425976011654
-ipu	0.329970773058	0.584848997362	0.00854855350625	0.0766316760738
-i'a	0.117457380237	0.486237071656	0.0209081395022	0.375397408605
-one	0.421165489025	0.161523316119	0.059261949804	0.358049245052
-use	0.399732258844	0.114999679352	0.129777439894	0.35549062191
-anu	0.243214919116	0.667302628043	0.0171978287741	0.0722846240662
-i'e	0.137815154166	0.587970398777	0.0876275736361	0.186586873421
-ona	0.365396744297	0.295040469171	0.0934969323537	0.246065854178
-ego	0.492905153099	0.276325616131	0.00746825989544	0.223300970874
-ono	0.0571137918686	0.635562487766	0.0176401522263	0.289683568139
-ofu	0.0	0.463084761464	0.0700324224178	0.466882816119
-egi	0.123072687436	0.374989714078	0.35909748439	0.142840114095
-pae	0.0427720081695	0.761881547661	0.0280105913805	0.167335852789
-yae	0.25	0.75	0.0	0.0
-ofo	0.265682656827	0.734317343173	0.0	0.0
-9'a	0.0180564674984	0.151346027577	0.0361129349967	0.794484569928
-onu	0.104929233773	0.821864324061	0.0732064421669	0.0
-kau	0.182062866481	0.704508314909	0.0922810727675	0.0211477458426
-u'a	0.0618936072848	0.241283623626	0.00692685296026	0.689895916128
-oti	0.0916391084337	0.504827747532	0.0150156425419	0.388517501493
-ane	0.365656942195	0.217098087448	0.0457466459161	0.371498324441
-yao	0.0876712328767	0.756164383562	0.0328767123288	0.123287671233
-ank	0.220205326588	0.236497545008	0.0452313643803	0.498065764023
-yai	0.0	1.0	0.0	0.0
-ofa	0.450791329216	0.329182438927	0.0867678908489	0.133258341008
-ovo	0.205002996966	0.525380557875	0.170392868408	0.0992235767511
-ofe	0.180820095511	0.375723877418	0.261942038351	0.181513988721
-ufe	0.0121053162514	0.887593491951	0.0778198901875	0.0224813016097
-isi	0.0226977833891	0.912341016307	0.0222418701277	0.0427193301758
-ovi	0.0392156862745	0.921568627451	0.0	0.0392156862745
-tae	0.381156494204	0.289381451116	0.0916597785629	0.237802276117
-ise	0.0904172695863	0.0437905678764	0.368780084458	0.497012078079
-ove	0.509132591345	0.140549977099	0.0292741641062	0.32104326745
-afu	0.257211856752	0.467543984612	0.053041594157	0.222202564478
-isa	0.0743520255715	0.804854886156	0.0580223750955	0.0627707131772
-olu	0.175324675325	0.824675324675	0.0	0.0
-eve	0.424682099772	0.447886099337	0.00733615911315	0.120095641778
-uka	0.181405348815	0.0697434921011	0.00846656674139	0.740384592342
-afo	0.0956749653773	0.830437702176	0.0327348941218	0.0411524383245
-ege	0.312545427221	0.268293004302	0.113628918504	0.305532649973
-uki	0.0180015416391	0.109177796432	0.0529441049938	0.819876556935
-evo	0.0182370820669	0.936170212766	0.0	0.0455927051672
-uko	0.0147242877126	0.891187513804	0.0499153353457	0.0441728631377
-afe	0.555647691427	0.288244697676	0.0287834360601	0.127324174838
-upi	0.249148230439	0.414861880519	0.088432523453	0.247557365589
-avi	0.662058371736	0.0460829493087	0.0460829493088	0.245775729646
-vai	0.405985452198	0.181040689159	0.304175665947	0.108798192696
-mie	0.0	1.0	0.0	0.0
-hae	0.58491733082	0.0973435527365	0.031185003871	0.286554112572
-avo	0.537236339424	0.281633500674	0.027688686864	0.153441473038
-hai	0.323932926829	0.103242793791	0.00415742793791	0.568666851441
-fae	0.337042925278	0.567567567568	0.0953895071542	0.0
-efi	0.267716213605	0.544156770655	0.0638014060015	0.124325609738
-hao	0.429462144077	0.343871957588	0.0364246663161	0.190241232019
-mai	0.126096036209	0.567092228608	0.249812532096	0.0569992030864
-tie	0.53112033195	0.228215767635	0.0	0.240663900415
-efu	0.0246261263386	0.0108505920649	0.117705335661	0.846817945936
-hau	0.253454291233	0.34545013251	0.0473548130635	0.353740763194
-mao	0.69071566502	0.133845114973	0.00502304202059	0.170416177986
-eya	0.240484279671	0.372384640192	0.0882912690198	0.298839811117
-ene	0.163528439502	0.561730085723	0.0375848819968	0.237156592779
-mae	0.397101397462	0.322295538453	0.0975169561043	0.18308610798
-avu	0.0228310502283	0.334855403348	0.0304414003044	0.611872146119
-otu	0.570943322981	0.292701863354	0.0166925465839	0.119662267081
