-caa	0.503875968992	0.449612403101	0.0	0.046511627907
-tɔg	0.169954476479	0.776934749621	0.0531107738998	0.0
-ɛpm	0.623198847262	0.287824207493	0.0518731988473	0.0371037463977
-ɛpo	0.418670438472	0.478076379066	0.0947666195191	0.008486562942
-tɔk	0.443760882182	0.281253627394	0.079396401625	0.195589088799
-tɔj	0.291535344439	0.382035119316	0.207113912652	0.119315623593
-a‑a	0.171403722807	0.180351383671	0.0737434621377	0.574501431384
-tɔn	0.0176730486009	0.251840942563	0.0706921944036	0.659793814433
-eus	0.0	1.0	0.0	0.0
-tɔl	0.366440211728	0.298086942025	0.190263826949	0.145209019297
-tɔs	0.718067822484	0.207022134991	0.0228982662741	0.0520117762513
-tɔr	0.427076064201	0.572923935799	0.0	0.0
-tɔp	0.106312292359	0.870431893688	0.0166112956811	0.00664451827242
-rbe	0.0273141122914	0.96813353566	0.00455235204855	0.0
-tɔt	0.391791044776	0.585820895522	0.0223880597015	0.0
-aɔr	0.0	1.0	0.0	0.0
-tɔy	0.0532859680284	0.724689165186	0.0959147424511	0.126110124334
-'ɔj	0.546204960055	0.337755788775	0.0421960913347	0.0738431598358
-umo	0.685626453225	0.112821812143	0.0380193707011	0.163532363931
-lɔd	0.0	1.0	0.0	0.0
-agŋ	0.113148605703	0.713139544102	0.0633832796353	0.110328570559
-aus	0.04	0.96	0.0	0.0
-urs	0.139424272104	0.795790614994	0.0597532594729	0.0050318534293
-ɔti	0.342618161444	0.179873534238	0.0310961700084	0.44641213431
-oyo	0.559143010259	0.231769601892	0.110303558606	0.0987838292438
-un̰	0.247988077496	0.558867362146	0.150223546945	0.0429210134128
-zir	0.267073170732	0.490243902439	0.176829268293	0.0658536585366
-oyi	0.240874833752	0.691148219299	0.0302940741835	0.0376828727649
-zin	0.0	1.0	0.0	0.0
-ɔrɔ	0.296368870985	0.497973631764	0.0425391311152	0.163118366136
-zim	0.125	0.767857142857	0.0438311688311	0.0633116883117
-aud	0.0239788396496	0.916919608013	0.0434480964357	0.0156534559015
-iɗe	0.294875531977	0.415058590334	0.0246604092579	0.265405468431
-lea	0.922541636647	0.0521060741021	0.0042253815419	0.0211269077095
-nse	0.209538622731	0.295809796094	0.065411527731	0.429240053444
-iɗi	0.153901734104	0.64450867052	0.186416184971	0.0151734104046
-aum	0.0	1.0	0.0	0.0
-iɗn	0.618187671955	0.204589357841	0.0766844231106	0.100538547094
-kɔŋ	0.279925366579	0.0687892133409	0.0620175677628	0.589267852317
-sɗe	0.563669683111	0.325646265123	0.0415977425319	0.0690863092342
-naŋ	0.287307739931	0.206483384952	0.057524825294	0.448684049822
-ɛŋɛ	0.144761904762	0.798095238095	0.0571428571428	0.0
-mun	0.111801242236	0.801242236025	0.0496894409938	0.0372670807453
-akŋ	0.108809288494	0.0871535854063	0.0120796386479	0.791957487452
-nto	0.0	1.0	0.0	0.0
-pus	0.0	0.990196078431	0.00980392156863	0.0
-ŋio	0.59477124183	0.346405228758	0.0457516339869	0.0130718954248
-'ɛɗ	0.453537284895	0.374760994264	0.129254302103	0.0424474187381
-pak	0.418484728282	0.472431574772	0.0654502181674	0.0436334787783
-ooɗ	0.380766297183	0.438334765547	0.0581893342403	0.12270960303
-kɗe	0.321846649118	0.269179205473	0.039902274104	0.369071871304
-pum	0.278557706517	0.575882961431	0.0620659080833	0.0834934239692
-kɔn	0.173907001527	0.365424451874	0.266410725744	0.194257820855
-lɔt	0.0336538461538	0.942307692308	0.0144230769231	0.00961538461538
-puk	0.480769230769	0.442307692308	0.0769230769231	0.0
-lɔk	0.0	1.0	0.0	0.0
-ɔkɔ	0.200294155367	0.163003267647	0.344447949939	0.292254627047
-dar	0.255023183926	0.412673879444	0.262751159196	0.0695517774343
-ɛnɛ	0.0437609582862	0.898361645271	0.00952859575586	0.0483488006871
-opo	0.704	0.128	0.136	0.032
-ɔsn	0.479122623461	0.390075154172	0.0326000648383	0.0982021575285
-ɔso	0.736755012246	0.16067133143	0.0187394179822	0.0838342383413
-lbɛ	0.206422018349	0.683486238532	0.0275229357798	0.0825688073395
-ŋɗe	0.391979148667	0.333290133057	0.0296209895743	0.245109728702
-zno	0.467391304348	0.260869565217	0.108695652174	0.163043478261
-war	0.188679245283	0.735849056604	0.0377358490566	0.0377358490566
-jge	0.0807477983183	0.840250751216	0.0565484066493	0.0224530438166
-deb	0.0659050539683	0.375245546934	0.0233085475287	0.535540851569
-bɛɛ	0.0770183977141	0.366048065453	0.335114532093	0.22181900474
-jga	0.433769227889	0.360232552242	0.141199764743	0.0647984551266
-mse	0.374100118193	0.332251883335	0.111119733528	0.182528264944
-kre	0.0196721311475	0.980327868852	0.0	0.0
-'uɗ	0.392712550607	0.425101214575	0.157894736842	0.0242914979757
-gki	0.424278971155	0.305964201702	0.115045683863	0.154711143281
-̰ɛs	0.714285714286	0.190476190476	0.0634920634921	0.031746031746
-bɛɗ	0.587948874011	0.360925136945	0.0	0.0511259890444
-ima	0.419502868069	0.258508604206	0.0512428298279	0.270745697897
-yje	0.116372660809	0.816553759474	0.0291770071769	0.0378965725401
-oko	0.424921237184	0.410151787885	0.0477212574761	0.117205717454
-lge	0.0799054065272	0.717166980463	0.173867556339	0.0290600566708
-ɗɗe	0.412552213773	0.410209315362	0.0875484726043	0.0896899982609
-ar‑	0.0327868852459	0.934426229508	0.0327868852459	0.0
-lga	0.450643963919	0.35831137927	0.0765102892606	0.11453436755
-imi	0.116921810102	0.633346169216	0.146847337765	0.102884682917
-apm	0.337592334965	0.504164157682	0.08171352412	0.0765299832331
-lɗɛ	0.853641996919	0.110087933409	0.00906751741796	0.0272025522539
-kuz	0.0851063829787	0.914893617021	0.0	0.0
-dɛr	0.0267558528428	0.973244147157	0.0	0.0
-kis	0.0	1.0	0.0	0.0
-bit	0.00304955527319	0.977128335451	0.00686149936467	0.0129606099111
-obi	0.126548376297	0.760964178105	0.0843655841981	0.0281218613994
-eco	0.196387031237	0.607764327436	0.00883772115466	0.187010920173
-obo	0.162165690814	0.535798575891	0.131463980476	0.17057175282
-dɛt	0.644351464435	0.167364016736	0.0	0.188284518828
-obm	0.0746633060428	0.326719329481	0.0356783676436	0.562938996833
-rpa	0.047619047619	0.952380952381	0.0	0.0
-app	0.108559498956	0.839248434238	0.0	0.0521920668059
-ece	0.420860838137	0.310313928134	0.117088324024	0.151736909705
-ida	0.0456226880394	0.943279901356	0.0	0.0110974106042
-oge	0.126872939386	0.412979964494	0.406583819427	0.0535632766928
-n̰ɔ	0.164961756512	0.283794359359	0.397110978798	0.15413290533
-bia	0.388818672014	0.181304481142	0.0794240103249	0.350452836518
-bin	0.101394778943	0.130736501441	0.0433958936588	0.724472825957
-pɔn	0.044080604534	0.861460957179	0.0642317380352	0.0302267002519
-bil	0.196789536266	0.699762187872	0.0356718192628	0.0677764565993
-pɔl	0.0242001685584	0.904931883439	0.00236237134653	0.0685055766558
-dɛn	0.0801714456974	0.208170752404	0.494018538378	0.21763926352
-dɛl	0.625	0.340981012658	0.0245253164557	0.00949367088609
-dɛm	0.979889589905	0.0201104100946	0.0	0.0
-eem	0.424747174301	0.482430408829	0.0253338530021	0.067488563868
-bba	0.115789473684	0.808421052632	0.0	0.0757894736842
-rɛŋ	0.585605394312	0.110671357373	0.139255350337	0.164467897977
-eje	0.0377358490566	0.962264150943	0.0	0.0
-ute	0.0112570612859	0.00629467911029	0.00179272414685	0.980655535457
-rɗɔ	0.342995169082	0.531400966184	0.115942028985	0.00966183574878
-ril	0.0	0.872340425532	0.127659574468	0.0
-uti	0.610778443114	0.317365269461	0.0239520958084	0.0479041916167
-utn	0.625982150799	0.235152844902	0.0300945829751	0.108770421324
-uto	0.876923076923	0.0615384615385	0.0	0.0615384615384
-rii	0.250673854447	0.646900269542	0.021563342318	0.0808625336927
-tea	0.516265455639	0.472030793478	0.00390125029449	0.00780250058898
-rit	0.712624584718	0.257475083056	0.0299003322259	0.0
-tec	0.133667695911	0.19428523622	0.0972571781872	0.574789889682
-ris	0.280777537797	0.686825053996	0.0	0.0323974082073
-utu	0.257650398123	0.0362132899021	0.00706436944008	0.699071942535
-ozɛ	0.0392156862745	0.93137254902	0.00980392156862	0.0196078431372
-min	0.00703537228845	0.251905413328	0.015829587649	0.725229626734
-ate	0.445675866669	0.0994621639474	0.0343503572683	0.420511612115
-yse	0.240017194377	0.635879426904	0.0541771094919	0.0699262692279
-ten	0.426991828297	0.128548505185	0.0669479423579	0.377511724161
-dan	0.00830737279335	0.991692627207	0.0	0.0
-ard	0.0278742841629	0.682026684365	0.283904746103	0.00619428536954
-are	0.0127245508982	0.983532934132	0.0	0.00374251497006
-jil	0.081219264539	0.857391442849	0.0116471220658	0.0497421705457
-pga	0.237229559813	0.222175277164	0.0707072442159	0.469887918806
-ara	0.224525917191	0.403025225241	0.0379123793884	0.33453647818
-yɗe	0.508125854036	0.364762502697	0.0780416312742	0.049070011993
-pge	0.105556004634	0.24251609948	0.112426912403	0.539500983483
-iig	0.539983475189	0.307313906962	0.0299133090258	0.122789308824
-jig	0.094223201637	0.300794900047	0.51418227609	0.0907996222257
-aag	0.467165655809	0.398604898953	0.0177358733578	0.11649357188
-aro	0.17871432382	0.240597492665	0.506268338224	0.0744198452921
-ari	0.0852523652125	0.686275848881	0.0136585898872	0.214813196019
-dse	0.497191766498	0.259701849252	0.16311654169	0.0799898425597
-art	0.136979748046	0.773082442992	0.0200924892362	0.0698453197257
-aru	0.0208695652174	0.084347826087	0.0339130434783	0.860869565217
-cje	0.13829787234	0.86170212766	0.0	0.0
-lul	0.0366356507896	0.537876615479	0.387566621511	0.0379211122208
-lum	0.263661376593	0.293325042372	0.0602355770289	0.382778004006
-ɛɛi	0.302120705562	0.49063185922	0.124348461131	0.0828989740873
-ars	0.00806451612903	0.991935483871	0.0	0.0
-dɔŋ	0.198475609756	0.707621951219	0.0515243902439	0.0423780487805
-sga	0.377966101695	0.305352363961	0.115967885816	0.200713648528
-eni	0.569739798743	0.269710489465	0.0485231380467	0.112026573745
-cɛŋ	0.0356833910035	0.821583044983	0.0713667820069	0.0713667820068
-̰ga	0.536047129807	0.294827744066	0.079331595291	0.0897935308358
-aye	0.466071527402	0.354644829978	0.146147079708	0.0331365629117
-rɔd	0.01408050064	0.948087043095	0.0320011378182	0.00583131844688
-aya	0.210076857387	0.533731853117	0.0384286934244	0.217762596072
-kɔr	0.164939302337	0.109159829183	0.0482222542105	0.67767861427
-kɔs	0.440761869689	0.464719700247	0.0407116420304	0.0538067880338
-rɔm	0.0380271084337	0.882718373494	0.0724774096386	0.00677710843373
-ayo	0.301101559844	0.167984387604	0.0744899076309	0.456424144921
-ayn	0.025641025641	0.931623931624	0.00854700854701	0.0341880341881
-ayi	0.0338915865623	0.954811217917	0.00594589237935	0.00535130314141
-kɔy	0.175073974919	0.406862054389	0.367338311963	0.050725658729
-rɔk	0.316447397176	0.1344901438	0.0327811530224	0.516281306001
-nɔɔ	0.791151258681	0.0780978732639	0.0680881076389	0.0626627604167
-kɔg	0.206008583691	0.609442060086	0.158798283262	0.0257510729614
-eec	0.413705624932	0.0903379663615	0.0206235323224	0.475332876385
-rɔs	0.0434782608696	0.891304347826	0.0652173913043	0.0
-rɔr	0.09974923377	0.880189467818	0.00835887433827	0.0117024240736
-kɔl	0.408666925342	0.245907740901	0.0375252830428	0.307900050714
-ɛn̰	0.195453973181	0.501189647968	0.154737481888	0.148618896963
-ɔmb	0.47172894402	0.310317426554	0.0739860965301	0.143967532896
-kɔj	0.407888839086	0.35723890632	0.124607799193	0.110264455401
-kɔk	0.456795077581	0.329409666488	0.0619761013019	0.151819154628
-ndi	0.263371488033	0.602809573361	0.0328824141519	0.100936524454
-ŋɔr	0.576609247507	0.278331822303	0.108794197643	0.0362647325475
-aaɗ	0.551555649675	0.131370399508	0.00707839533947	0.309995555478
-ubu	0.024620352372	0.940618851649	0.0269628713356	0.00779792464309
-sɔs	0.0720720720721	0.927927927928	0.0	0.0
-sɔl	0.0228584894545	0.956875220926	0.00117827265229	0.0190880169671
-ubi	0.123801397955	0.679047786493	0.0271664509619	0.16998436459
-ubm	0.115533672696	0.74971788409	0.0493222354013	0.0854262078131
-ubo	0.506329113924	0.253164556962	0.227848101266	0.0126582278481
-izn	0.371613609413	0.612514822585	0.00218918179331	0.0136823862082
-ɛcɛ	0.175207931382	0.199762302523	0.015978963342	0.609050802753
-umu	0.304455497055	0.64815932408	0.0412045033609	0.00618067550412
-ota	0.0	0.990839694656	0.00916030534351	0.0
-ote	0.0381477927064	0.931142034549	0.00575815738964	0.0249520153551
-mɛl	0.0554415480784	0.858460112339	0.00804796665654	0.0780503729264
-aɓo	0.0826559734435	0.0244093999796	0.0134101476922	0.879524478885
-aɓm	0.0	1.0	0.0	0.0
-liŋ	0.453083109919	0.501340482574	0.0348525469169	0.0107238605898
-nɔk	0.099173553719	0.900826446281	0.0	0.0
-otn	0.341042678701	0.491454058751	0.167503262548	0.0
-oto	0.0437556973564	0.907019143118	0.0164083865087	0.0328167730173
-nda	0.0326566395441	0.734955206707	0.0284375770527	0.203950576696
-̰te	0.300386393185	0.11238311785	0.0376826034615	0.549547885504
-und	0.571165743272	0.272388568504	0.038379803769	0.118065884456
-uma	0.228867992085	0.55876335103	0.042724014666	0.169644642219
-mɛs	0.00590841949778	0.178729689808	0.389955686854	0.42540620384
-ŋum	0.32289877203	0.225042947127	0.0734873067379	0.378570974104
-sup	0.0237118916028	0.969334997326	0.00481369228027	0.00213941879123
-umi	0.366939611054	0.329068577277	0.227226202661	0.0767656090071
-mɛt	0.067002103981	0.564481018031	0.219736356422	0.148780521566
-kic	0.0710354452765	0.0416290627863	0.0582656604151	0.829069831522
-nak	0.173433793777	0.159899539556	0.595228128924	0.0714385377424
ALL	0.213660972798	0.282486808638	0.0530415508017	0.450810667762
-nai	0.0286738351254	0.94982078853	0.0143369175627	0.00716845878135
-nan	0.0159655852939	0.732576446327	0.246136106615	0.00532186176465
-ɛjɛ	0.723907643442	0.205236796026	0.0195463615262	0.0513091990063
-aki	0.146750666614	0.170924460693	0.0202072271015	0.662117645591
-nam	0.0406824772188	0.393477984285	0.010955540524	0.554883997973
-sis	0.0384615384615	0.961538461538	0.0	0.0
-iɗo	0.287769784173	0.693045563549	0.0191846522782	0.0
-naa	0.0535823869129	0.852770328774	0.0554822330758	0.038165051237
-kio	0.528878183775	0.348434377082	0.0811766514631	0.04151078768
-aka	0.462686155103	0.357958916733	0.0518571644177	0.127497763746
-zum	0.0830703451084	0.286979537819	0.588414944518	0.0415351725542
-sik	0.0392491467577	0.344056350301	0.0490160482173	0.567678454724
-sii	0.0	0.961880559085	0.0381194409149	0.0
-nay	0.0	1.0	0.0	0.0
-sio	0.325513196481	0.621700879765	0.0	0.0527859237537
-sin	0.664596273292	0.16149068323	0.0683229813664	0.105590062112
-ɔsɛ	0.23403305792	0.693544821718	0.0301369558296	0.0422851645319
-sil	0.409299279633	0.501637197118	0.0229207596594	0.0661427635887
-nas	0.0322788896062	0.935442220788	0.00645577792123	0.0258231116849
-mpɔ	0.0387665198238	0.932158590308	0.0185022026432	0.0105726872247
-ala	0.145033869107	0.186123206091	0.226244799977	0.442598124825
-cse	0.506933744222	0.335901386749	0.0554699537751	0.101694915254
-sid	0.0	1.0	0.0	0.0
-kuɗ	0.223404255319	0.36170212766	0.414893617021	0.0
-mos	0.0208333333333	0.9375	0.0416666666667	0.0
-mor	0.31884057971	0.521739130435	0.130434782609	0.0289855072464
-aga	0.306104837693	0.447371091926	0.0746818075605	0.171842262821
-gon	0.0	1.0	0.0	0.0
-gog	0.0333333333333	0.933333333333	0.0333333333333	0.0
-ako	0.756201068267	0.194531840687	0.0107314455745	0.0385356454721
-ɛra	0.0	1.0	0.0	0.0
-lki	0.560860141535	0.205406058128	0.0439902030686	0.189743597268
-ɛɗɛ	0.45154286839	0.413370034922	0.127571820099	0.00751527658903
-yno	0.421904047487	0.374319167672	0.0258308600502	0.17794592479
-apa	0.0676279012874	0.212840585915	0.148909819272	0.570621693526
-dɛŋ	0.0420070011669	0.242123687281	0.708868144691	0.00700116686115
-pɔŋ	0.0	1.0	0.0	0.0
-biŋ	0.520833333333	0.0833333333334	0.395833333333	0.0
-iji	0.0737387236299	0.0801265447112	0.803934722176	0.042200009483
-ami	0.201556887838	0.529603604921	0.0489514860069	0.219888021234
-ber	0.0818181818182	0.909090909091	0.00909090909091	0.0
-̰ji	0.0260869565218	0.634782608696	0.339130434783	0.0
-rɗn	0.0880069025022	0.905522001726	0.0	0.0064710957722
-bet	0.0040899795501	0.9918200409	0.0	0.0040899795501
-nus	0.00875550148355	0.991244498516	0.0	0.0
-eon	0.0833333333333	0.916666666667	0.0	0.0
-rlo	0.490307421187	0.117289994126	0.0669669081653	0.325435676522
-rli	0.432608695652	0.341739130435	0.176086956522	0.0495652173913
-okŋ	0.423464842304	0.414818691207	0.0841385120043	0.0775779544846
-yab	0.0	1.0	0.0	0.0
-bed	0.226086956522	0.773913043478	0.0	0.0
-bse	0.257696986261	0.570324752183	0.0389384743144	0.133039787241
-dɔs	0.615894039735	0.364238410596	0.0	0.0198675496689
-isn	0.348484848485	0.530303030303	0.0505050505051	0.0707070707071
-upu	0.210251206838	0.32961288934	0.0106078775021	0.44952802632
-isi	0.0810543657331	0.86589785832	0.0227347611203	0.030313014827
-ise	0.389191072051	0.448701803274	0.0200959245465	0.142011200129
-nɛɓ	0.288354898336	0.467652495379	0.199630314233	0.0443622920518
-gɔɔ	0.113885902418	0.0345013791034	0.0197581240011	0.831854594478
-isa	0.00645684862078	0.67602033793	0.00275096090028	0.314771852549
-rez	0.0867052023121	0.774566473989	0.112716763006	0.0260115606936
-udn	0.30962962963	0.632592592593	0.00444444444445	0.0533333333333
-pse	0.361197789391	0.403642994097	0.13026805519	0.104891161322
-usn	0.193673016908	0.682701041977	0.03379414024	0.0898318008749
-dɔk	0.13116428363	0.236358330902	0.114531660344	0.517945725124
-upo	0.172131147541	0.473067915691	0.23887587822	0.115925058548
-rep	0.2	0.8	0.0	0.0
-ist	0.0393486604315	0.943138204717	0.0121101464396	0.00540298841152
-nɔs	0.0818181818182	0.881818181818	0.0363636363637	0.0
-dɔm	0.0222782550941	0.977721744906	0.0	0.0
-dɔl	0.0	0.932203389831	0.0	0.0677966101694
-rɛj	0.76	0.0	0.04	0.2
-rɛk	0.161137640775	0.147841390356	0.674726151262	0.0162948176065
-ŋgi	0.169586593509	0.435400731366	0.328832541073	0.0661801340523
-rɛn	0.0302013422819	0.953020134228	0.0167785234899	0.0
-jim	0.118336866261	0.465879698956	0.160440287042	0.255343147741
-ŋge	0.149523327445	0.64905390107	0.0325657984554	0.168856973029
-mas	0.03032873807	0.93849416755	0.010816542948	0.0203605514316
-ɔyo	0.304884112599	0.0574384473495	0.0481193359532	0.589558104098
-ŋga	0.465800611368	0.305295812063	0.124045213034	0.104858363535
-ɗje	0.175732217573	0.238493723849	0.133891213389	0.451882845188
-rlu	0.115576884623	0.336432713457	0.324535092981	0.223455308938
-rɛz	0.0	1.0	0.0	0.0
-mal	0.219244823386	0.559911693057	0.0711784409256	0.149665042631
-jud	0.0221606648199	0.95567867036	0.0	0.0221606648199
-man	0.103321853127	0.774469503389	0.106654816132	0.0155538273525
-maa	0.226804123711	0.592386994449	0.0142743854084	0.166534496431
-dul	0.0272161741835	0.251555209953	0.721228615863	0.0
-mac	0.315270935961	0.507389162562	0.0591133004926	0.118226600985
-rɛs	0.659866614359	0.160455080424	0.0415849352687	0.138093369949
-rɛt	0.0237971165538	0.955532395345	0.0107694980024	0.00990099009902
-jum	0.436657187414	0.433579905096	0.0720534396344	0.0577094678554
-irl	0.00967125926088	0.938109412447	0.039388152639	0.012831175653
-uno	0.4681163188	0.281568001188	0.0743704969175	0.175945183094
-gɗe	0.440616740088	0.392511013216	0.0900440528634	0.0768281938326
-uni	0.0390442118281	0.880923987456	0.0446093370434	0.0354224636721
-tat	0.0	1.0	0.0	0.0
-̰ki	0.444363055326	0.267299478799	0.128700365106	0.159637100769
-kge	0.129805199085	0.498325555642	0.144232923508	0.227636321766
-ɔrl	0.826923076923	0.0961538461538	0.0	0.0769230769231
-ŋje	0.503097893433	0.368029739777	0.0706319702603	0.0582403965304
-kga	0.453611425486	0.298128216016	0.107937635603	0.140322722895
-usi	0.0357142857143	0.928571428571	0.0357142857143	0.0
-ɛɛj	0.286150324304	0.413964135826	0.236932468523	0.0629530713469
-boŋ	0.0434782608696	0.182608695652	0.773913043478	0.0
-ɔga	0.405823639471	0.312542898354	0.196125471249	0.0855079909254
-ɔrt	0.170672689143	0.0838844974996	0.0288756251008	0.716567188256
-ɛɗe	0.20579332782	0.550838321229	0.0510935158726	0.192274835079
-iia	0.416864608076	0.40973871734	0.137767220903	0.0356294536817
-pta	0.0166336633663	0.983366336634	0.0	0.0
-ɓii	0.0593211278475	0.637526119722	0.00624740820021	0.29690534423
-unu	0.473037461227	0.397518492007	0.0387735623956	0.0906704843712
-nki	0.396003781231	0.333441160856	0.12367466859	0.146880389324
-ɛta	0.550863772878	0.264060374259	0.019637035706	0.165438817157
-lɔɛ	0.115942028986	0.855072463768	0.0	0.0289855072464
-ɔpo	0.483955468238	0.148002619515	0.344466273739	0.0235756385069
-ade	0.00847457627119	0.991525423729	0.0	0.0
-gab	0.083870967742	0.0	0.0387096774193	0.877419354839
-oɗo	0.178192685905	0.789269875956	0.0157465132721	0.0167909248666
-oɗn	0.271455810837	0.528817577442	0.0913775350146	0.108349076707
-gan	0.0840247014505	0.763259354183	0.111985064239	0.0407308801273
-ɓee	0.0602818328209	0.869115198386	0.0157013042818	0.0549016645118
-gal	0.087029950024	0.329671721477	0.463001357601	0.120296970898
-gak	0.204074464348	0.585177379698	0.0948366701791	0.115911485774
-lpe	0.0	1.0	0.0	0.0
-ɓea	0.107815069745	0.747213254553	0.0737040872267	0.0712675884754
-laŋ	0.0307367563494	0.0598564031026	0.0715930942338	0.837813746314
-tɔɓ	0.175572519084	0.580152671756	0.0610687022901	0.18320610687
-lal	0.0278922144115	0.583622507051	0.365295306169	0.0231899723682
-eɗe	0.457208707328	0.289542960449	0.160296869549	0.0929514626746
-ɛpɛ	0.189879396668	0.341184620714	0.446263815852	0.0226721667664
-gar	0.0741435945565	0.869544814641	0.0408259033317	0.0154856874707
-aaŋ	0.146550946245	0.602191409556	0.0123413490309	0.238916295169
-aat	0.172605221253	0.369972681188	0.332602883815	0.124819213744
-eɗo	0.611898804559	0.266333055324	0.0489296636085	0.0728384765082
-ben	0.0	0.975717439294	0.0	0.0242825607064
-abi	0.243361825858	0.663767809206	0.0196435554505	0.0732268094848
-sni	0.408104196816	0.507959479016	0.0434153400868	0.040520984081
-ɛga	0.296461213968	0.375439418795	0.028122802906	0.299976564331
-sno	0.242424242424	0.575757575758	0.181818181818	0.0
-gay	0.128472494037	0.493614733865	0.0117946068377	0.36611816526
-'je	0.530492947757	0.0909714696974	0.025903471668	0.352632110878
-ini	0.087749001705	0.138668394989	0.0531986332474	0.720383970059
-aɗi	0.468253968254	0.262128325509	0.0572322825844	0.212385423653
-ɗɔk	0.041958041958	0.433566433566	0.356643356643	0.167832167832
-aɗo	0.750578368666	0.0521816987116	0.0141773756507	0.183062556971
-aɗn	0.4669160312	0.225944240402	0.0166295415408	0.290510186857
-kŋo	0.155922135778	0.177389676211	0.626577783517	0.0401104044936
-n̰i	0.43689548192	0.239930130094	0.0369163386083	0.286258049378
-aɗa	0.615475743885	0.264463840327	0.024512453869	0.0955479619189
-ɛna	0.0168007664841	0.0998274945533	0.777765757843	0.105605981119
-ind	0.130566475479	0.804085841335	0.0146935618998	0.0506541212863
-ɛnd	0.333997206019	0.32515730533	0.0242929936554	0.316552494995
-ɛti	0.333633556356	0.277020072054	0.0131240349974	0.376222336593
-aas	0.420722385138	0.148013175315	0.152597237344	0.278667202202
-uia	0.1004784689	0.8995215311	0.0	0.0
-mɗe	0.324189983171	0.377190733607	0.13918596904	0.159433314182
-ɔki	0.648182716727	0.072936370937	0.0180711174114	0.260809794925
-int	0.017896274653	0.937910883857	0.00438276113952	0.0398100803506
-ɔko	0.464191864335	0.408447496584	0.033986195298	0.0933744437827
-iad	0.0061099796334	0.932790224033	0.061099796334	0.0
-ooc	0.583293159585	0.0945628230897	0.190720234961	0.131423782365
-kut	0.625818404904	0.231478210145	0.037995328501	0.104708056451
-kus	0.102801039561	0.35531812494	0.319376263356	0.222504572144
-rse	0.236498003678	0.123819892686	0.0520280399155	0.58765406372
-oog	0.45365463423	0.339729109261	0.131092972718	0.0755232837916
-ede	0.35593220339	0.576271186441	0.0	0.0677966101695
-iam	0.109149277689	0.273274478331	0.0252808988764	0.592295345104
-ɗɛl	0.311591745375	0.437437471385	0.25097078324	0.0
-ook	0.602713261864	0.15161937888	0.0405359134332	0.205131445823
-ooj	0.39222482165	0.521657087293	0.0185810973438	0.0675369937133
-ɗug	0.365303244006	0.532016925247	0.0789844851904	0.0236953455571
-ool	0.0606601248885	0.902765388046	0.0187332738626	0.0178412132025
-ɗɛk	0.139298423996	0.487036095577	0.362989323843	0.0106761565836
-oon	0.0378763367538	0.838708758795	0.0418873622667	0.0815275421843
-ɗɛt	0.0	0.807092198582	0.192907801418	0.0
-oos	0.415384615385	0.531868131868	0.0	0.0527472527472
-aan	0.226010144679	0.19066831041	0.0438731081521	0.539448436759
-kim	0.0	1.0	0.0	0.0
-ias	0.0168161434978	0.956278026906	0.00252242152466	0.0243834080718
-jki	0.427566929802	0.357427021886	0.16887309789	0.0461329504223
-saŋ	0.253731343284	0.664179104478	0.0373134328358	0.044776119403
-aai	0.0422977162552	0.0449659031053	0.00316981868173	0.909566561958
-kum	0.332327817317	0.155340000236	0.050823285571	0.461508896876
-ooz	0.0175438596491	0.982456140351	0.0	0.0
-mge	0.0759179285507	0.698458014149	0.104725771501	0.120898285799
-ban	0.0560029968159	0.880455141412	0.024770556284	0.0387713054879
-zɗe	0.933449325794	0.0587211831231	0.00260983036103	0.00521966072206
-eka	0.0566037735849	0.858490566038	0.0283018867925	0.0566037735849
-uun	0.418896836454	0.125837969411	0.019223339742	0.436041854393
-aak	0.552572860649	0.144356900747	0.0513214072304	0.251748831374
-eke	0.594721960415	0.218661639962	0.0395852968897	0.147031102733
-eki	0.402247048372	0.277967074407	0.0790132070871	0.240772670134
-aaj	0.461326711358	0.406948911841	0.0530110296884	0.0787133471131
-eko	0.341365461847	0.393574297189	0.204819277108	0.0602409638555
-uub	0.697233092258	0.238536950153	0.0642299575898	0.0
-mki	0.340556846834	0.340917600203	0.0636323099519	0.254893243011
-̰ɔɔ	0.213503649635	0.594890510949	0.191605839416	0.0
-uuy	0.056766375465	0.215133912533	0.287835304247	0.440264407755
-uji	0.567307692308	0.0673076923077	0.365384615385	0.0
-gse	0.291375365653	0.364225580106	0.147981977044	0.196417077197
-uut	0.585923753666	0.26862170088	0.113782991202	0.0316715542522
-bat	0.421417155035	0.277570591369	0.0815130527438	0.219499200852
-bar	0.247175128165	0.405361778041	0.278712457214	0.06875063658
-bas	0.0227106020425	0.967951249788	0.00507814704057	0.00426000112848
-job	0.0	0.804081632653	0.0979591836735	0.0979591836735
-uur	0.595252633818	0.150467651326	0.00648672741981	0.247792987437
-ɗga	0.571753608989	0.160488217726	0.0519851109685	0.215773062316
-zom	0.701298701299	0.012987012987	0.181818181818	0.103896103896
-ase	0.019247627064	0.0277516461277	0.0086959603222	0.944304766486
-lɗe	0.461990225014	0.288353485268	0.101925791009	0.147730498709
-ɗge	0.112167998058	0.498946464609	0.365357615789	0.0235279215439
-asa	0.336319779462	0.407629626627	0.113957919488	0.142092674423
-asn	0.386966198966	0.242106181945	0.163680799529	0.207246819561
-bɛr	0.0	1.0	0.0	0.0
-bɛs	0.755555555556	0.155555555556	0.0666666666667	0.0222222222222
-api	0.392617424831	0.463150027011	0.0300453640595	0.114187184098
-zoa	0.722003929273	0.277996070727	0.0	0.0
-asi	0.0140026184575	0.913168177115	0.0123206162117	0.0605085882162
-ɔlɔ	0.538720782226	0.359074866929	0.0388364961814	0.0633678546633
-dre	0.0	0.99709513435	0.0	0.00290486564996
-mba	0.414141414141	0.551767676768	0.00757575757577	0.0265151515151
-lti	0.0151133501259	0.984886649874	0.0	0.0
-ast	0.0	1.0	0.0	0.0
-bɛl	0.0678001546899	0.9219270946	0.0	0.0102727507106
-usu	0.359930203046	0.259993654822	0.241909898477	0.138166243655
-asp	0.04914004914	0.911547911548	0.0393120393121	0.0
-cki	0.263316807694	0.264919670481	0.103552391248	0.368211130577
-aul	0.644578313253	0.33734939759	0.0180722891566	0.0
-aab	0.124522798638	0.700883392555	0.107101575253	0.0674922335536
-dri	0.0205128205128	0.671794871795	0.28717948718	0.0205128205128
-zor	0.0	1.0	0.0	0.0
-opi	0.375	0.471428571429	0.153571428571	0.0
-oki	0.270986745214	0.319587628866	0.150220913108	0.259204712813
-raz	0.0	0.946428571429	0.0535714285714	0.0
-ray	0.21412803532	0.652317880795	0.102649006623	0.0309050772627
-rat	0.233543733093	0.669071235347	0.0324616771866	0.0649233543732
-tɗe	0.27426070622	0.183258467787	0.0434041584281	0.499076667565
-kal	0.19961542354	0.701740714503	0.033923691934	0.0647201700232
-ras	0.117318435754	0.871508379888	0.0111731843575	0.0
-rap	0.394736842105	0.105263157895	0.460526315789	0.0394736842105
-ran	0.141592920354	0.858407079646	0.0	0.0
-jɗe	0.359982862117	0.436130913775	0.143608906969	0.0602773171391
-arɗ	0.349315068493	0.582191780822	0.0684931506849	0.0
-rak	0.0504201680672	0.949579831933	0.0	0.0
-ram	0.131901840491	0.739263803681	0.00613496932515	0.122699386503
-‑je	0.166165564241	0.767889356585	0.0262577670876	0.0396873120866
-ere	0.163874029414	0.187571874175	0.188297746451	0.46025634996
-raa	0.0711708552502	0.764961340206	0.0145397125605	0.149328091984
-poz	0.0	1.0	0.0	0.0
-ugu	0.564299424184	0.424184261036	0.0	0.0115163147793
-̰ɗe	0.377475585796	0.304338552201	0.0400606241847	0.278125237818
-oze	0.0	0.962264150943	0.0	0.0377358490566
-por	0.0181818181818	0.981818181818	0.0	0.0
-pos	0.0161333691853	0.983866630815	0.0	0.0
-iɔt	0.0	1.0	0.0	0.0
-kɔɓ	0.507216494845	0.455670103093	0.0	0.0371134020619
-iɔs	0.0562523755226	0.927784112505	0.00228050171038	0.0136830102623
-ege	0.079747600103	0.505542774808	0.0285157028645	0.386193922225
-mum	0.180825059024	0.423129969695	0.18170097178	0.214343999502
-ɗno	0.57407713044	0.292787588711	0.0214556857567	0.111679595093
-uge	0.298349834983	0.638283828383	0.0633663366336	0.0
-iɔm	0.0	0.986531986532	0.013468013468	0.0
-rɗi	0.0727673649394	0.824696802646	0.09592061742	0.00661521499448
-ɗni	0.635135135135	0.108108108108	0.0225225225225	0.234234234234
-ugo	0.818414322251	0.130434782609	0.0409207161125	0.0102301790281
-rɗe	0.261396786548	0.236984192089	0.107209856099	0.394409165265
-ɔsɔ	0.467847375078	0.474446667927	0.0297072255094	0.027998731486
-aza	0.448062015504	0.496124031008	0.0186046511628	0.0372093023256
-ugi	0.3630831643	0.375253549696	0.0669371196755	0.194726166329
-tɛɗ	0.538117038297	0.13765071751	0.0581684319798	0.266063812213
-sje	0.398305084746	0.248587570622	0.237288135593	0.11581920904
-aay	0.191662996668	0.0519614360247	0.0116850270788	0.744690540229
-uju	0.281971450391	0.251267892459	0.361667547827	0.105093109323
-gɛs	0.03125	0.9375	0.03125	0.0
-gɛr	0.136687646069	0.673108286447	0.0183123015294	0.171891765954
-sɔɔ	0.0265059210808	0.090291137617	0.0253088794836	0.857894061819
-lam	0.456664838179	0.21055037484	0.332784786981	0.0
-nor	0.0	1.0	0.0	0.0
-nos	0.10843373494	0.78313253012	0.0993975903615	0.0090361445783
-gaŋ	0.0521382389698	0.0215509875971	0.00168506715011	0.924625706283
-aap	0.437549121131	0.2599835681	0.184789052135	0.117678258634
-iki	0.189800276347	0.428338148474	0.229870619269	0.15199095591
-lak	0.17770041868	0.220428626152	0.396832010538	0.205038944631
-aam	0.0764143340212	0.084860192462	0.0135615352535	0.825163938263
-aal	0.282285621579	0.508570538358	0.0410195025317	0.168124337531
-ppi	0.326086956522	0.173913043478	0.152173913043	0.347826086956
-nok	0.0188679245283	0.905660377358	0.0	0.0754716981132
-iks	0.0114416475973	0.938215102975	0.045766590389	0.00457665903891
-ɛgŋ	0.31914893617	0.510638297872	0.0851063829787	0.0851063829787
-las	0.040404040404	0.946904946905	0.00259000259	0.010101010101
-gɛm	0.198581560284	0.696672122204	0.0229132569558	0.0818330605564
-aad	0.163429654192	0.571293225959	0.146849834202	0.118427285647
-ppa	0.00695894224079	0.981732776618	0.00556715379263	0.00574112734864
-gɛn	0.0292695983184	0.0142952470674	0.00340887720726	0.953026277407
-noe	0.0	1.0	0.0	0.0
-aac	0.0432597238666	0.139958801795	0.0776626261427	0.739118848196
-ujo	0.427591770875	0.357805566761	0.185558693021	0.0290439693425
-kɛy	0.328125	0.3203125	0.046875	0.3046875
-ɓar	0.250693802035	0.457909343201	0.277520814061	0.0138760407031
-upm	0.297375863643	0.630246566682	0.0384855001703	0.0338920695048
-gen	0.117900855102	0.515535139759	0.0627699567052	0.303794048434
-kaa	0.356408343335	0.625101372174	0.0	0.0184902844908
-gel	0.0	1.0	0.0	0.0
-̰um	0.490711531721	0.196985629162	0.0672975814932	0.245005257623
-kje	0.291808923517	0.209664711547	0.0833114476641	0.415214917272
-ɓaa	0.419007424072	0.0434914264515	0.00650862466103	0.530992524815
-rkɛ	0.085356322017	0.894786531809	0.0126912391757	0.00716590699797
-rɔɗ	0.0728155339805	0.513349514563	0.384708737864	0.0291262135922
-'ɔk	0.65586875234	0.119890156912	0.0499253611596	0.174315729589
-kɛl	0.322033898305	0.576271186441	0.0338983050847	0.0677966101695
-lɔs	0.036123853211	0.928899082569	0.0045871559633	0.0303899082569
-kɛn	0.0200711157741	0.00585424704499	0.000416872334111	0.973657764847
-don	0.0194174757282	0.980582524272	0.0	0.0
-iŋg	0.512045629546	0.101298403646	0.0317624470638	0.354893519744
-kɛc	0.00788436268069	0.960578186597	0.0315374507227	0.0
-dom	0.131713293853	0.0527290761108	0.0168835146883	0.798674115348
-dok	0.0	1.0	0.0	0.0
-doi	0.212025925688	0.159575605895	0.0357226892554	0.592675779161
-sar	0.0109177755032	0.939156146935	0.0499260775617	0.0
-dda	0.0200400801603	0.909819639279	0.0701402805611	0.0
-ɔsi	0.0	0.602339181286	0.266081871345	0.131578947368
-ppm	0.771863117871	0.136882129278	0.0	0.0912547528517
-ter	0.0	1.0	0.0	0.0
-ddi	0.0	1.0	0.0	0.0
-doa	0.350023608415	0.35036986517	0.175751534547	0.123854991868
-usa	0.0455417788675	0.870496061252	0.00193420682448	0.0820279530565
-ŋgo	0.531410103111	0.225584942282	0.0669194412497	0.176085513357
-dem	0.00728155339807	0.985436893204	0.0	0.00728155339807
-iud	0.0	1.0	0.0	0.0
-ɛjo	0.71724137931	0.2	0.0275862068965	0.0551724137931
-saa	0.00950828579191	0.988861722358	0.00162999185004	0.0
-aɛl	0.0242320819113	0.932935153584	0.0377133105802	0.00511945392492
-tor	0.0	0.82156133829	0.171003717472	0.00743494423791
-ibi	0.200429491768	0.57766642806	0.200429491768	0.0214745884038
-iro	0.567527962155	0.263819326766	0.0705477241321	0.0981049869462
-olo	0.199240986717	0.709677419355	0.0683111954459	0.022770398482
-sak	0.179970932372	0.387261755832	0.222146589153	0.210620722643
-ɛje	0.451807228916	0.493975903614	0.0090361445783	0.0451807228916
-san	0.0566240592521	0.825050770517	0.010273563493	0.108051606738
-yki	0.375300985975	0.192649030535	0.0524255885875	0.379624394903
-rɛc	0.408070047786	0.317481748986	0.167176570494	0.107271632733
-lon	0.0152594099695	0.976417275502	0.00554887635254	0.00277443817627
-ɛbi	0.0277410832233	0.950462351387	0.0158520475562	0.00594451783356
-tir	0.0491223295687	0.823513403184	0.0914410123826	0.0359232548646
-ien	0.127542053728	0.758222445393	0.0195832287221	0.0946522721566
-log	0.0	1.0	0.0	0.0
-loe	0.0342843442819	0.965715655718	0.0	0.0
-ɔli	0.53581986999	0.299390681421	0.0649730691855	0.099816379403
-umɛ	0.126984126984	0.460317460317	0.222222222222	0.190476190476
-ɗse	0.335776822482	0.538167426885	0.0680477945895	0.0580079560435
-ɔda	0.0	1.0	0.0	0.0
-144	0.0	0.32310177706	0.0290791599354	0.647819063005
-roa	0.191173673198	0.643332699258	0.119840213049	0.045653414495
-pɗe	0.34405842331	0.509733942827	0.091317865411	0.0548897684529
-ɔkŋ	0.30001445584	0.40570608664	0.0611718513848	0.233107606135
-ron	0.0	0.969696969697	0.030303030303	0.0
-mɛɗ	0.532924961715	0.404287901991	0.0122511485452	0.0505359877488
-roi	0.118206497594	0.223723671928	0.0147183187666	0.643351511711
-kar	0.055423594616	0.833729216152	0.0692794932699	0.041567695962
-ipi	0.374321880651	0.457504520796	0.108499095841	0.0596745027124
-cga	0.419927556769	0.345229677251	0.100684851025	0.134157914954
-rlɛ	0.201475109952	0.558770871444	0.19234811038	0.047405908224
-ipm	0.176263219741	0.813160987074	0.00352526439483	0.00705052878966
-rlɔ	0.281729428173	0.475592747559	0.175732217573	0.0669456066945
-rag	0.247706422018	0.275229357798	0.477064220183	0.0
-ipa	0.0128296507484	0.971489665004	0.0128296507484	0.00285103349965
-rde	0.0146341463415	0.985365853659	0.0	0.0
-wil	0.0882352941176	0.602941176471	0.308823529412	0.0
-iib	0.720864127345	0.197271176805	0.0477544059124	0.0341102899374
-rdn	0.37037037037	0.530864197531	0.0987654320988	0.0
-rdi	0.166138524219	0.578089633318	0.230873698506	0.0248981439565
-lɛk	0.364242616704	0.502064147348	0.0920927278501	0.0416005080978
-ɛɗo	0.391934201113	0.485151688335	0.0212447595487	0.101669351003
-ɛɗn	0.536506718509	0.107794423398	0.0220052334862	0.333693624607
-ɛɗi	0.410778117137	0.335392202727	0.0811802260347	0.172649454102
-lɛl	0.269589197414	0.457493343477	0.27291745911	0.0
-lɛm	0.0115122630628	0.964505669082	0.0	0.0239820678549
-lɛb	0.248138957816	0.685690653433	0.0661703887511	0.0
-dɗe	0.368530609665	0.468201102864	0.0736307963102	0.0896374911603
-awa	0.18441273326	0.785949506037	0.0296377607025	0.0
-lɛa	0.0	1.0	0.0	0.0
-ɛɗa	0.411687021268	0.423667098494	0.0347453683324	0.129900511905
-lɛg	0.0	1.0	0.0	0.0
-'te	0.631578947368	0.282296650718	0.0631578947368	0.022966507177
-lɛr	0.0206677265501	0.866984631691	0.0556438791733	0.0567037625861
-ose	0.144590074858	0.247460319148	0.0559389692468	0.552010636748
-ita	0.100871731009	0.708592777086	0.0	0.190535491905
-ɗki	0.483802557541	0.210448234943	0.0426206294357	0.26312857808
-lɛt	0.0	1.0	0.0	0.0
-tia	0.228304027226	0.763187748157	0.00850822461713	0.0
-eel	0.583443776145	0.201392542439	0.0513971142343	0.163766567182
-pki	0.557991920657	0.255986627547	0.0998693897941	0.0861520620028
-̰no	0.35557299843	0.345368916798	0.0902668759811	0.208791208791
-̰ni	0.109190682395	0.718530685382	0.121322980439	0.0509556517844
-ɔyɔ	0.512585694293	0.298786897721	0.0241201622629	0.164507245723
-stn	0.0606060606061	0.909090909091	0.0	0.030303030303
-ŋgɛ	0.367346938775	0.479591836735	0.15306122449	0.0
-rɗŋ	0.111111111111	0.888888888889	0.0	0.0
-mar	0.16265060241	0.521084337349	0.280120481928	0.0361445783132
-pɔs	0.0813743218806	0.918625678119	0.0	0.0
-'ut	0.537848605578	0.10358565737	0.131474103586	0.227091633466
-ugŋ	0.544498990518	0.358049483131	0.0750516751972	0.0223998511538
-tin	0.0433734939759	0.89156626506	0.0506024096386	0.0144578313253
-ney	0.0941818604111	0.872720938335	0.00870978980373	0.0243874114505
-cun	0.296296296296	0.585185185185	0.118518518519	0.0
-cum	0.0910404624277	0.741329479769	0.132947976879	0.0346820809249
-ɓje	0.59603960396	0.0237623762376	0.291089108911	0.0891089108911
-skɛ	0.0932203389831	0.217917675545	0.0508474576271	0.638014527845
-aɛn	0.0	0.941176470588	0.0588235294118	0.0
-jun	0.561946947505	0.350248841947	0.0702433684381	0.0175608421095
-kas	0.113924050633	0.886075949367	0.0	0.0
-idi	0.0433436532508	0.804953560372	0.0123839009288	0.139318885449
-gɔt	0.105004707292	0.66792194454	0.0507638651147	0.176309483054
-raŋ	0.361884394932	0.541613099753	0.0896094692213	0.00689303609394
-eyo	0.0724449805021	0.0356572980629	0.00889918058906	0.882998540846
-200	0.0985324947589	0.385744234801	0.041928721174	0.473794549266
-rta	0.0255128166511	0.0678333684749	0.320913280521	0.585740534353
-ɔɗɔ	0.268577109608	0.488737746403	0.148275211473	0.0944099325157
-lei	0.0	0.961538461538	0.0	0.0384615384615
-ois	0.0518867924528	0.905660377359	0.0424528301887	0.0
-ion	0.0201863354038	0.947722567288	0.0201863354037	0.0119047619048
-ɛor	0.0434782608696	0.95652173913	0.0	0.0
-ɔɔŋ	0.0384615384615	0.961538461538	0.0	0.0
-mɔs	0.0	0.980891719745	0.0191082802548	0.0
-lec	0.303225806452	0.587096774194	0.0903225806451	0.0193548387097
-ime	0.0	1.0	0.0	0.0
-lee	0.244500027809	0.138154730713	0.0275879359974	0.589757305481
-ɔɛl	0.0	1.0	0.0	0.0
-ɔjo	0.37908496732	0.477124183007	0.137254901961	0.00653594771242
-ɔgŋ	0.202743177858	0.666047722065	0.0414530661048	0.0897560339722
-mus	0.139099242726	0.555998405739	0.215225189318	0.089677162216
-oin	0.0980392156863	0.705882352941	0.15931372549	0.0367647058824
-ɛon	0.0580110497237	0.925414364641	0.00828729281767	0.0082872928177
-'ro	0.0	0.888888888889	0.0	0.111111111111
-lje	0.09762343376	0.814705035922	0.0207568271781	0.0669147031403
-bki	0.287588956746	0.539191439964	0.123252410034	0.049967193257
-een	0.221704975269	0.653185917952	0.00727378527786	0.117835321501
-ɔcn	0.369318181818	0.534090909091	0.0397727272727	0.0568181818182
-ɔco	0.71256454389	0.204819277108	0.0103270223752	0.0722891566264
-eek	0.932874670077	0.0312874336084	0.00253011064239	0.033307785672
-alt	0.263157894737	0.59649122807	0.140350877193	0.0
-ɔrb	0.36170212766	0.63829787234	0.0	0.0
-ndu	0.63821253091	0.33484182666	0.00449094040515	0.0224547020257
-ɔɓɔ	0.121136066791	0.687120649474	0.162880631034	0.0288626527006
-eeb	0.217348927875	0.187134502924	0.0789473684211	0.51656920078
-gio	0.146522619851	0.683322079676	0.132343011479	0.0378122889939
-alo	0.483468676103	0.410649789191	0.0100727637265	0.095808770979
-ɛkŋ	0.208937385702	0.741028827922	0.0435479251795	0.00648586119696
-sam	0.0	1.0	0.0	0.0
-ndo	0.153822907223	0.114838319734	0.222725899063	0.50861287398
-ali	0.177737677172	0.667488982707	0.105384286465	0.0493890536565
-tje	0.512647554806	0.268802698145	0.0276559865093	0.19089376054
-eet	0.0451926063995	0.0983457595526	0.542466604536	0.313995029512
-sal	0.326038515593	0.491379915675	0.182581568732	0.0
-eep	0.500696517413	0.408358208955	0.0644776119403	0.0264676616915
