-jãn	0.463036601986	0.379679769387	0.0462049828903	0.111078645736
-euu	0.292706164649	0.311373019514	0.206341084724	0.189579731113
-jãa	0.218888468949	0.51669568887	0.052668921974	0.211746920207
-'mĩ	0.060615828172	0.891921027229	0.0101012773124	0.0373618672869
-ã'ĩ	0.316984391388	0.657104077981	0.0259115306311	0.0
-eup	0.43325075695	0.38508120011	0.0880814753647	0.093586567575
-mua	0.36416683633	0.210783485594	0.0602036869476	0.364845991128
-umĩ	0.189267197894	0.479561063246	0.260815615272	0.0703561235885
-jãu	0.558342578458	0.213405779908	0.0401468202303	0.188104821404
-oir	0.529208743388	0.252241562075	0.0959538241191	0.122595870418
-kwẽ	0.21131369799	0.648433847592	0.0	0.140252454418
-ufu	0.0	1.0	0.0	0.0
-ymã	0.135552096036	0.0924078277687	0.0542745520652	0.71776552413
-naĩ	0.136752136752	0.717948717949	0.111111111111	0.0341880341881
-auu	0.174155826577	0.750867566831	0.0502590439796	0.0247175626129
-ryp	0.286077522553	0.434937786031	0.122159431521	0.156825259895
-akĩ	0.0	1.0	0.0	0.0
-anũ	0.284930541156	0.287438646553	0.278087451495	0.149543360796
-ĩ'ĩ	0.24008207697	0.274714178365	0.355054608097	0.130149136569
-oyk	0.9	0.05	0.05	0.0
-oyi	0.304143126177	0.516949152542	0.0706214689265	0.108286252354
-uru	0.0953582786195	0.587735628754	0.100944224088	0.215961868538
-aua	0.158540571061	0.402555215684	0.382515766042	0.0563884472136
-pẽẽ	0.0581657363073	0.0440312680689	0.0118387176902	0.885964277934
-aui	0.246478504584	0.304380666193	0.173951233773	0.27518959545
-auk	0.177748169098	0.67543918386	0.0	0.146812647043
-aum	0.0	1.0	0.0	0.0
-euw	0.276817721478	0.284324915202	0.34095841304	0.097898950279
-mun	0.0	1.0	0.0	0.0
-uag	0.475260700343	0.279701585694	0.10551666068	0.139521053282
-kia	0.219796650718	0.627392344498	0.0125598086124	0.140251196172
-uap	0.100364963504	0.899635036496	0.0	0.0
-uas	0.0918367346939	0.908163265306	0.0	0.0
-wat	0.302724670188	0.560636647807	0.047561077904	0.0890776041013
-uat	0.44776119403	0.0419776119403	0.51026119403	0.0
-uaw	0.371870906424	0.396305585144	0.0942460057645	0.137577502668
-pỹi	0.0	0.951417004049	0.0485829959514	0.0
-war	0.326618165272	0.482083200229	0.0577874361569	0.133511198342
-naũ	0.00503144654088	0.989098532495	0.0	0.00587002096436
-e'ã	0.339915992793	0.157327309718	0.0594449416224	0.443311755867
-opy	0.345487364621	0.64440433213	0.0101083032491	0.0
-akũ	0.0768364762173	0.0236419926822	0.8995215311	0.0
-arã	0.046511627907	0.953488372093	0.0	0.0
-wãu	0.183360381228	0.486355855149	0.262111314192	0.0681724494311
-'iu	0.257363019073	0.495328471735	0.0958892643782	0.151419244813
-efã	0.232451093211	0.502876869965	0.2416570771	0.0230149597238
-'ua	0.574270351018	0.127333954358	0.0337673382027	0.264628356421
-ãua	0.0	0.688644536261	0.311355463739	0.0
-'ẽa	0.148467937243	0.614193955986	0.15941876382	0.0779193429504
-opo	0.362448332243	0.567597202932	0.00427499507265	0.0656794697526
-opi	0.0	0.777385159011	0.222614840989	0.0
-ãuy	0.00181488203267	0.998185117967	0.0	0.0
-ope	0.0362976406533	0.941923774955	0.0	0.021778584392
-'ẽi	0.479185362142	0.338969535417	0.101509915275	0.0803351871664
-opa	0.0	1.0	0.0	0.0
-'ia	0.240407029501	0.596965474597	0.0930567897072	0.0695707061942
-wei	0.339482775171	0.282854748594	0.0987403703439	0.278922105891
-imu	0.107778819119	0.594189315839	0.0487347703842	0.249297094658
-isĩ	0.0390334572491	0.960966542751	0.0	0.0
-imy	0.363112391931	0.452449567723	0.149855907781	0.0345821325649
-yty	0.144366197183	0.638497652582	0.196009389671	0.0211267605634
-ũrã	0.587437544611	0.264453961456	0.10528194147	0.0428265524625
-ima	0.332344941197	0.400546984059	0.187309059167	0.0797990155773
-yje	0.24682034152	0.353576259249	0.358402442527	0.041200956704
-oko	0.284346550818	0.515066825313	0.0605993525001	0.139987271369
-des	0.0	0.984407484407	0.0	0.0155925155925
-oki	0.0392489914768	0.95620127999	0.0	0.00454972853286
-deu	0.0853058601892	0.684087435599	0.123664837684	0.106941866528
-ũmũ	0.466319700438	0.351886375496	0.0748653471377	0.106928576928
-nũũ	0.222812565414	0.600228584917	0.109830601236	0.0671282484325
-oka	0.478996113991	0.357079922059	0.0376667674876	0.126257196463
-imo	0.344695823572	0.295842590751	0.0	0.359461585677
-rỹi	0.161434645275	0.824300415906	0.0142649388182	0.0
-yma	0.394084115576	0.461138136428	0.0181387236675	0.126639024328
-ytu	0.121784684207	0.815822002472	0.0253104950262	0.0370828182942
-ẽpy	0.0843373493975	0.536144578313	0.34578313253	0.0337349397591
-ymi	0.231759656652	0.107296137339	0.227467811159	0.43347639485
-eua	0.12756752821	0.704872103306	0.112439570841	0.0551207976421
-ũjã	0.105279299014	0.711883899233	0.0353121577218	0.147524644031
-ida	0.0264317180617	0.973568281938	0.0	0.0
-ẽpo	0.546389751553	0.231463509317	0.215159161491	0.00698757763975
-ago	0.018255914732	0.96636486013	0.00719172398532	0.00818750115251
-ẽjẽ	0.185309140156	0.0855285464775	0.0710897180639	0.658072595303
-bia	0.050139275766	0.933147632312	0.016713091922	0.0
-ũ'a	0.0	1.0	0.0	0.0
-eja	0.060974781379	0.597358041813	0.122391978471	0.219275198337
-ter	0.350741935951	0.362424048286	0.0978285688047	0.189005446959
-uta	0.0666255397903	0.714373843307	0.159777914867	0.0592227020358
-tet	0.239520958084	0.311377245509	0.197604790419	0.251497005988
-teu	0.251801423485	0.511377833097	0.200830508557	0.0359902348618
-eki	0.0191427914228	0.956705088558	0.00268356889105	0.0214685511283
-ria	0.09040491534	0.807454309194	0.0717962625754	0.0303445128907
-tey	0.458333333333	0.520833333333	0.0	0.0208333333333
-rẽi	0.0217721868952	0.970970417473	0.0	0.00725739563174
-ĩga	0.28384279476	0.71615720524	0.0	0.0
-a'u	0.375290459039	0.0817242771614	0.0195413086901	0.52344395511
-õũũ	0.227998519478	0.703601369483	0.0559637272138	0.0124363838253
-tea	0.174237702225	0.416067258082	0.094156022332	0.315539017362
-a'i	0.276348063626	0.421767710015	0.102973578699	0.19891064766
-riu	0.147064624285	0.813358753534	0.0225165998291	0.0170600223522
-tee	0.203215720073	0.0962417315953	0.040649044616	0.659893503716
-tei	0.31652769694	0.310624016817	0.118516064153	0.25433222209
-a'a	0.0670744138634	0.558885490996	0.129935440027	0.244104655114
-tek	0.314685314685	0.433566433566	0.20979020979	0.041958041958
-nap	0.284306826179	0.512315270936	0.121745249824	0.0816326530613
-a'e	0.248894191869	0.232399680042	0.0334651689799	0.485240959109
-teo	0.126282962526	0.780278299564	0.0393059500282	0.0541327878813
-meu	0.209492635024	0.741407528642	0.0196399345335	0.0294599018003
-are	0.0336555700521	0.0795074855106	0.00533850661799	0.881498437819
-e'e	0.388990368648	0.334938558618	0.0701594154766	0.205911657257
-apy	0.367816851663	0.460419618551	0.0728693762729	0.0988941535132
-oya	0.151523231277	0.606816640892	0.187267173014	0.0543929548173
-gyi	0.325591198576	0.269276511756	0.066820420872	0.338311868796
-mer	0.130738193662	0.560166483623	0.0977124999411	0.211382822774
-pat	0.20206185567	0.615670103093	0.0709278350516	0.111340206186
-ari	0.310998210807	0.267580834913	0.0448340633558	0.376586890924
-e'i	0.327586077268	0.356409070132	0.0493559499517	0.266648902648
-uwa	0.184673958026	0.575081644846	0.0446295105007	0.195614886627
-aru	0.026899128269	0.923536737235	0.0291407222914	0.0204234122042
-e'u	0.406033293464	0.31504515806	0.0623189517361	0.21660259674
-mea	0.395240675607	0.287221088034	0.148436453362	0.169101782997
-men	0.146388291014	0.675003513093	0.0726346578839	0.105973538009
-mei	0.202892475372	0.507859987424	0.183609306225	0.105638230979
-oni	0.0286350366774	0.946232572998	0.00779970734215	0.0173326829826
-tyg	0.424603507594	0.473441302341	0.0381807501888	0.0637744398758
-aya	0.258391940828	0.577836168096	0.0745223551594	0.0892495359168
-tya	0.215926897527	0.629521340989	0.0725057646466	0.082045996837
-tym	0.542467592757	0.320418649131	0.0972438000793	0.0398699580325
-ila	0.0422535211268	0.894366197183	0.0633802816902	0.0
-ayi	0.211733781734	0.235593695339	0.325785908252	0.226886614675
-tyk	0.495029129994	0.360085651914	0.0311461505304	0.113739067562
-tyt	0.527747551686	0.254624591948	0.163220892274	0.0544069640914
-tyw	0.891886827806	0.0061832490163	0.0	0.101929923178
-typ	0.269953732157	0.393995616731	0.187854401243	0.148196249869
-tyr	0.15864566699	0.77539113463	0.00375739737608	0.0622058010041
-era	0.265417224343	0.42486053298	0.0958240254568	0.21389821722
-ojo	0.064530006453	0.840825984083	0.0	0.0946440094644
-u'ã	0.616724738676	0.20905923345	0.174216027875	0.0
-kue	0.436498704339	0.0872673991677	0.0271405751991	0.449093321294
-ega	0.317893095923	0.372735812821	0.0375189437372	0.271852147519
-siu	0.0559597090095	0.920537213207	0.0167879127028	0.00671516508114
-ofã	0.237113402062	0.639175257732	0.0412371134021	0.0824742268041
-umu	0.0961098398168	0.890160183066	0.0	0.0137299771167
-ota	0.0	1.0	0.0	0.0
-nue	0.0202565833896	0.97974341661	0.0	0.0
-ote	0.0311926605504	0.858301272566	0.0353950873039	0.0751109795798
-'me	0.271097105472	0.416276093232	0.160308966593	0.152317834702
-ãwe	0.291262135922	0.344660194175	0.291262135922	0.0728155339806
-ã'i	0.553173730441	0.324408113515	0.0	0.122418156043
-iga	0.120956140838	0.635234214851	0.182622850292	0.0611867940195
-oto	0.037037037037	0.925925925926	0.037037037037	0.0
-ume	0.163455362877	0.282273603083	0.0789980732178	0.475272960822
-gãu	0.754807692308	0.129807692308	0.0	0.115384615385
-nĩa	0.354446997046	0.555300295373	0.0705612077453	0.0196914998359
-upã	0.337453424129	0.59303610433	0.0485673904664	0.0209430810741
-umi	0.52712477396	0.396925858951	0.0162748643761	0.0596745027125
-ako	0.401749814462	0.138664825224	0.0206825792753	0.438902781038
-mog	0.22972972973	0.554054054054	0.0810810810811	0.135135135135
ALL	0.218749570131	0.2696103324	0.0516706602215	0.459969437248
-nai	0.114882506527	0.853785900783	0.0313315926893	0.0
-nan	0.124929582689	0.116688737067	0.0708333832277	0.687548297016
-aki	0.00616446800641	0.988903957588	0.00246578720257	0.00246578720257
-nam	0.0242424242424	0.69696969697	0.230303030303	0.0484848484848
-naa	0.0695652173913	0.84347826087	0.0173913043478	0.0695652173913
-anẽ	0.018608096479	0.0268014896769	0.00650418141622	0.948086232428
-aka	0.600564756697	0.228201413764	0.0373582256107	0.133875603929
-sit	0.422370481779	0.322139681341	0.25548983688	0.0
-juã	0.0858308526524	0.867916400201	0.0078197090499	0.0384330380963
-ego	0.234368084972	0.355313902763	0.354049440476	0.0562685717898
-sio	0.0	1.0	0.0	0.0
-'ĩa	0.219345385487	0.556424382078	0.195580103713	0.0286501287209
-ysi	0.470817120623	0.0856031128404	0.443579766537	0.0
-nar	0.188685110351	0.603046316444	0.0777121541809	0.130556419024
-sia	0.0385861319555	0.955673104523	0.00410054537253	0.00164021814901
-sig	0.321141112455	0.436732518322	0.179073838869	0.0630525303541
-naw	0.205017621718	0.556129685703	0.0418849798752	0.196967712704
-nat	0.286713286713	0.552447552448	0.062937062937	0.0979020979021
-goi	0.42734853189	0.239756744236	0.0747114541135	0.25818326976
-wui	0.232820127676	0.0988859682063	0.428088621855	0.240205282263
-mot	0.49823633157	0.305996472663	0.0793650793651	0.116402116402
-mor	0.481598461961	0.359791266136	0.0432573468827	0.115352925021
-goa	0.165222004162	0.299980456049	0.524362465842	0.0104350739471
-wua	0.390552859003	0.3451850098	0.0987990476566	0.165463083541
-feu	0.0	1.0	0.0	0.0
-wue	0.248468345813	0.2385976855	0.4091218516	0.103812117086
-kãa	0.524575710822	0.306810667842	0.0	0.168613621336
-a'ĩ	0.516853932584	0.421348314607	0.0112359550562	0.0505617977528
-nũa	0.23537943456	0.347301883658	0.304729054426	0.112589627356
-moa	0.752140830557	0.0827164943146	0.0201731172014	0.144969557927
-wur	0.173913043478	0.405797101449	0.101449275362	0.31884057971
-imũ	0.185793179382	0.269625316807	0.0461037710781	0.498477732733
-yna	0.290585395293	0.460671897003	0.0893180446591	0.159424663046
-mom	0.0	1.0	0.0	0.0
-nũi	0.48744182303	0.281860812439	0.0790447683167	0.151652596214
-gou	0.36497619831	0.256917898535	0.0405165228632	0.337589380292
-wuu	0.176066268085	0.730079772284	0.0769682292424	0.0168857303882
-wut	0.221280602637	0.556497175141	0.199623352166	0.0225988700565
-yau	0.291407818473	0.205739700766	0.0742408182372	0.428611662524
-yat	0.455771391877	0.293787124739	0.120404559319	0.130036924065
-yaw	0.219099795146	0.644013435697	0.0545511213429	0.0823356478146
-ãma	0.0265094246905	0.931075495805	0.0424150795047	0.0
-yar	0.326220375791	0.598715890851	0.0113303748466	0.0637333585119
-yay	0.353153618575	0.284986619262	0.282053445941	0.0798063162218
-u'e	0.280545939317	0.507802841646	0.0523774626266	0.15927375641
-poi	0.30223355204	0.309283278907	0.0993968339494	0.289086335104
-yaa	0.611848857098	0.223013528223	0.0988959726325	0.0662416420464
-moi	0.209797130134	0.703612073231	0.0593765462642	0.0272142503711
-u'a	0.300992282249	0.282249173098	0.284454244763	0.13230429989
-fũa	0.0796460176991	0.575221238938	0.0530973451327	0.29203539823
-yai	0.464519345347	0.280148829065	0.181500936261	0.0738308893266
-eoa	0.630856446777	0.19745595952	0.0946167541229	0.0770708395802
-umõ	0.120967741935	0.879032258065	0.0	0.0
-rei	0.530445955733	0.300285089252	0.0324796518848	0.13678930313
-ren	0.222972972973	0.736486486486	0.0	0.0405405405405
-reo	0.508418980975	0.210474524382	0.0732560682265	0.207850426416
-ã'ã	0.0918359302032	0.0871851780981	0.0363433137432	0.784635577955
-rem	0.0	1.0	0.0	0.0
-ise	0.0812500000001	0.6921875	0.01875	0.2078125
-rea	0.125383332655	0.799625818522	0.0174807825273	0.0575100662952
-reg	0.0185925884409	0.965530594464	0.00198714976485	0.0138896673307
-ree	0.0815272580037	0.0601873725003	0.013737316499	0.844548052997
-kwe	0.270697305129	0.192285492499	0.0815243679225	0.45549283445
-rey	0.242822083878	0.518127210219	0.0673382270151	0.171712478888
-upa	0.62426633965	0.146863703025	0.0341639548811	0.194706002444
-rer	0.207475776719	0.627227061002	0.0647540567541	0.100543105525
-res	0.065351101999	0.688108662225	0.0211430035879	0.225397232189
-isu	0.0392156862745	0.960784313725	0.0	0.0
-evi	0.0658063413384	0.875865310657	0.00897359200067	0.0493547560037
-ret	0.180722891566	0.780050434295	0.0238161950126	0.0154104791258
-upi	0.196150324615	0.168035948773	0.0314538100781	0.604359916534
-jur	0.198675496689	0.523178807947	0.158940397351	0.119205298013
-avi	0.0396465559097	0.934237569041	0.00153322162719	0.0245826534226
-jup	0.571326229068	0.286289961494	0.0161189218232	0.126264887615
-oat	0.425373738901	0.384670224027	0.105799974076	0.0841560629956
-juw	0.123576819752	0.570723401252	0.0713299484325	0.234369830564
-juu	0.293235874685	0.404127660406	0.190454785311	0.112181679598
-ymĩ	0.664011391137	0.221634722711	0.0496001211716	0.0647537649808
-map	0.473132166164	0.366821933646	0.060416857152	0.0996290430389
-mas	0.0344332855093	0.962697274032	0.0	0.00286944045911
-mar	0.0	1.0	0.0	0.0
-akã	0.179330807933	0.687675185007	0.0387019597265	0.0942920473337
-arũ	0.421187783077	0.325162643795	0.142240607729	0.111408965399
-maw	0.430197748863	0.358455400082	0.0981351137191	0.113211737335
-jua	0.662072798555	0.151183775308	0.0331439276594	0.153599498478
-jue	0.100035447796	0.238227967835	0.0584103792897	0.603326205079
-jui	0.0317674949838	0.650165026869	0.00584706423934	0.312220413908
-ygi	0.431068635798	0.386447635379	0.0655470785159	0.116936650307
-uni	0.344167084598	0.502186895492	0.0270600452976	0.126585974612
-'nũ	0.387596899225	0.426356589147	0.0	0.186046511628
-se'	0.13698630137	0.86301369863	0.0	0.0
-une	0.253639867851	0.21547914382	0.0572849865458	0.473596001783
-una	0.223725714386	0.479805727349	0.118444220191	0.178024338073
-666	0.0530973451326	0.0	0.0	0.946902654867
-ade	0.0	1.0	0.0	0.0
-tra	0.0	1.0	0.0	0.0
-ãwẽ	0.0634628935949	0.2382746727	0.0477432036494	0.650519230056
-ado	0.22762822096	0.627727010785	0.0783732608875	0.066271507368
-tro	0.0561330561331	0.861954261954	0.0237006237006	0.058212058212
-gai	0.0	1.0	0.0	0.0
-gaw	0.205978403104	0.486129285527	0.225453159314	0.0824391520544
-gau	0.0	1.0	0.0	0.0
-gat	0.0285714285714	0.742857142857	0.142857142857	0.0857142857143
-gap	0.19696969697	0.606060606061	0.136363636364	0.060606060606
-'ja	0.210928598953	0.0586348342627	0.0129932305693	0.717443336215
-gay	0.286482275029	0.347876899104	0.292871055707	0.0727697701597
-'je	0.478929389869	0.167722899321	0.0424488038406	0.310898906969
-ini	0.0	0.986842105263	0.0	0.0131578947368
-ywa	0.104481325156	0.765417561015	0.0331786745702	0.0969224392589
-ũja	0.0595230064018	0.0493894666577	0.02372718267	0.86736034427
-ĩtu	0.180881550218	0.482737445415	0.0474208515284	0.288960152838
-'nĩ	0.165985434007	0.659557074911	0.0605677764567	0.113889714625
-ina	0.441455821494	0.234625551943	0.0302086442814	0.293709982282
-ywi	0.213001685582	0.186780950226	0.0548686570503	0.545348707142
-ywe	0.463462481609	0.268268759196	0.0745463462481	0.193722412947
-ine	0.190427782227	0.15346148317	0.0377364302877	0.618374304315
-sea	0.274763417289	0.541242735196	0.0534129431348	0.13058090438
-nou	0.426592207668	0.12248565966	0.00904402185861	0.441878110813
-õka	0.654324055666	0.253479125249	0.0574055666004	0.0347912524851
-ywu	0.0838709677419	0.477419354839	0.438709677419	0.0
-ywy	0.138517951286	0.52042758596	0.0316914830505	0.309362979704
-set	0.477855326235	0.299787301856	0.0548657139698	0.16749165794
-ser	0.243989858594	0.470941551092	0.0114090819915	0.273659508323
-kuw	0.507220216607	0.348375451263	0.0487364620939	0.0956678700361
-fug	0.231354642314	0.55403348554	0.173515981735	0.0410958904109
-kuu	0.375687690597	0.260525689327	0.0915914296069	0.272195190469
-fue	0.738636363636	0.136363636364	0.0568181818182	0.0681818181818
-iaa	0.455033400438	0.314561243922	0.0307116989336	0.199693656706
-kur	0.367347004854	0.390140186866	0.215315110156	0.0271976981249
-oog	0.302702702703	0.417526617527	0.0	0.279770679771
-kup	0.901960784314	0.0980392156863	0.0	0.0
-ooi	0.380053160784	0.291207198611	0.0738840384333	0.254855602172
-rsi	0.0	1.0	0.0	0.0
-neu	0.232058444349	0.664374731414	0.0262140094542	0.077352814783
-ner	0.224483800558	0.380521878875	0.365277766715	0.0297165538521
-fuk	0.421103348591	0.371235846784	0.119489279692	0.0881715249337
-nep	0.269329237071	0.285202252944	0.322580645161	0.122887864823
-iau	0.342837512601	0.41010164551	0.11686472373	0.130196118158
-iat	0.35612632686	0.419102307944	0.0618252116456	0.16294615355
-iaw	0.210896309315	0.613356766257	0.175746924429	0.0
-u'i	0.341880716813	0.433959379463	0.10947288766	0.114687016064
-kua	0.535373671044	0.372498436523	0.0286116322702	0.0635162601626
-iar	0.30306348041	0.393595323621	0.0848648376452	0.218476358324
-nee	0.141422702594	0.145844073214	0.0213262980938	0.691406926098
-kui	0.118349447879	0.435462566704	0.0649865271834	0.381201458234
-nea	0.341222052455	0.47624554682	0.111790178434	0.0707422222905
-'oi	0.415470227488	0.422081644842	0.0271617448195	0.135286382851
-eka	0.354920176784	0.351943717868	0.163254261748	0.129881843601
-peo	0.33926447041	0.418412032899	0.0526664394529	0.189657057239
-uui	0.277083173923	0.318486494759	0.330782768383	0.0736475629351
-wỹi	0.24080987938	0.627082136703	0.0976450315911	0.0344629523262
-jot	0.498775997018	0.252761833768	0.0558330227358	0.192629146478
-wyu	0.304915992533	0.580934971998	0.00466708151836	0.109481953951
-wyt	0.354094893182	0.414192961076	0.154264879638	0.0774472661038
-eko	0.334485658571	0.346455682156	0.079961964048	0.239096695225
-wyr	0.274796861362	0.501461351936	0.0483506131788	0.175391173523
-jor	0.113718411552	0.507220216607	0.15523465704	0.223826714801
-mõu	0.0252070579762	0.54375225063	0.421317969031	0.00972272236227
-nae	0.346306592534	0.623907863384	0.0178713264496	0.011914217633
-wyk	0.451343755489	0.330844897242	0.0144914807658	0.203319866503
-eku	0.0802069857697	0.888745148771	0.0310478654592	0.0
-noa	0.460611427691	0.285884799014	0.0648390574465	0.188664715848
-wyg	0.302752293578	0.353211009174	0.293577981651	0.0504587155963
-wye	0.119565217391	0.744565217391	0.0869565217391	0.0489130434783
-jog	0.291496966171	0.539606017787	0.0681572604106	0.100739755631
-bas	0.4	0.6	0.0	0.0
-wya	0.384255248946	0.344913126498	0.044459434664	0.226372189892
-ase	0.144135662779	0.425517692177	0.0204070255712	0.409939619472
-nya	0.222912884929	0.586196680869	0.113971915045	0.0769185191569
-nyg	0.155241718132	0.817036546488	0.0	0.0277217353806
-asa	0.030534351145	0.880407124682	0.0	0.089058524173
-aso	0.0	1.0	0.0	0.0
-osĩ	0.356197177235	0.299471251926	0.281360589533	0.0629709813065
-asi	0.257822942289	0.427664517075	0.0338041509075	0.280708389728
-ũ'ũ	0.480341099031	0.192483413871	0.0492500163123	0.277925470786
-dre	0.0	1.0	0.0	0.0
-'oa	0.320425748718	0.539493510848	0.035064493793	0.105016246641
-eli	0.0	0.952272727273	0.0136363636364	0.0340909090909
-nyu	0.55504587156	0.402140672783	0.0428134556575	0.0
-'gĩ	0.555555555556	0.305555555556	0.0	0.138888888889
-dro	0.0274980210742	0.924635676324	0.00292570095768	0.0449406016444
-ery	0.521016447655	0.363275606997	0.039474371247	0.0762335741016
-ray	0.0496497759828	0.796630277024	0.145768915252	0.00795103174104
-raw	0.384484637084	0.301850897789	0.213011604534	0.100652860594
-rau	0.388331097025	0.372451765141	0.107171609679	0.132045528154
-rar	0.0273141122914	0.717754172989	0.12746585736	0.12746585736
-eru	0.179113185531	0.723453908985	0.0326721120187	0.0647607934656
-rap	0.463245100902	0.278137635367	0.154898495573	0.103718768158
-ran	0.247847909569	0.20656774739	0.0464277914421	0.4991565516
-rao	0.0928571428572	0.907142857143	0.0	0.0
-iwa	0.19602700369	0.645023915046	0.121120787517	0.0378282937466
-ram	0.287657504046	0.459449018144	0.117895746227	0.134997731583
-iwe	0.0224623268568	0.522847325028	0.351469349641	0.103220998474
-rai	0.0412844036697	0.917431192661	0.0412844036697	0.0
-rag	0.0232558139535	0.651162790698	0.325581395349	0.0
-iwi	0.298517884324	0.306095532905	0.255239722365	0.140146860406
-upy	0.572875761197	0.306015593876	0.0398383700415	0.0812702748848
-ere	0.0852944034821	0.0214294346091	0.01077587388	0.882500288029
-raa	0.359641585376	0.542351154083	0.059564757484	0.0384425030571
-mũa	0.78549382716	0.12962962963	0.0848765432099	0.0
-ugu	0.7414636594	0.2585363406	0.0	0.0
-ẽmĩ	0.296479059259	0.269283437356	0.13699670287	0.297240800515
-por	0.392536093707	0.497139743939	0.0204304004359	0.0898937619178
-ata	0.120814529468	0.781559939621	0.0600432838735	0.0375822470375
-pot	0.108522500996	0.678016726404	0.0667064914377	0.146754281163
-pou	0.362065910325	0.251551929497	0.0888597587314	0.297522401447
-upe	0.0916392790242	0.0515490890426	0.0118284624479	0.844983169485
-ũ'ẽ	0.562062805654	0.31259441117	0.0551926272976	0.0701501558789
-uga	0.29263761827	0.331841797304	0.0625170916552	0.31300349277
-poa	0.204669590146	0.169484845191	0.0660006888958	0.559844875767
-pog	0.476965845909	0.462470214456	0.0486497220015	0.011914217633
-ugi	0.303077401306	0.411830010214	0.195168524357	0.0899240641236
-aay	0.723502304147	0.276497695853	0.0	0.0
-ika	0.38593055398	0.409247264138	0.130230627211	0.0745915546708
-'ni	0.112902104997	0.699899656163	0.00817204659734	0.179026192243
-iko	0.27444589309	0.475579179621	0.129375188045	0.120599739244
-aat	0.471747700394	0.173455978975	0.229960578187	0.124835742444
-aaw	0.208471589478	0.662306913603	0.0608118484816	0.0684096484372
-'ne	0.232810478368	0.188261108453	0.144877970968	0.434050442211
-aap	0.493943060455	0.216333207161	0.13660956272	0.153114169664
-iki	0.203192902351	0.16439246599	0.0734519528892	0.55896267877
-'na	0.218940516754	0.492917933595	0.268889330298	0.019252219353
-uja	0.0559282721468	0.881659018356	0.0543071628092	0.00810554668794
-iku	0.0363774156877	0.758999621069	0.159151193634	0.0454717696097
-nok	0.593351019731	0.0155446857901	0.0	0.391104294478
-ỹja	0.167241156641	0.307539476965	0.0217055833625	0.503513783031
-ouu	0.441071510191	0.402610918322	0.0763305100538	0.0799870614336
-aae	0.30223880597	0.597014925373	0.0559701492537	0.0447761194029
-oky	0.836956521739	0.0978260869565	0.0652173913044	0.0
-nog	0.231501586771	0.653248705529	0.0325705695674	0.0826791381326
-mĩa	0.256030587721	0.530087830457	0.0877989949749	0.126082586847
-pyr	0.121845782648	0.364934151	0.00904795415704	0.504172112195
-ypy	0.262652475033	0.369931409274	0.140869667006	0.226546448687
-pyt	0.0971401559915	0.205034270858	0.0	0.697825573151
-pyu	0.10668618936	0.103513787657	0.0320448420535	0.75775518093
-awã	0.118811881188	0.673267326733	0.148514851485	0.0594059405941
-gea	0.0790624307437	0.656573855067	0.153282385142	0.111081329047
-rew	0.021978021978	0.593406593407	0.252747252747	0.131868131868
-pya	0.257443754402	0.549355154636	0.0947224610436	0.0984786299178
-epu	0.0828947368421	0.917105263158	0.0	0.0
-ypo	0.0432840948128	0.632085194091	0.324630711096	0.0
-pyg	0.24868601733	0.496472370851	0.121470397904	0.133371213915
-myi	0.0960780203436	0.769412751176	0.0845486579022	0.0499605705787
-ger	0.282934695195	0.31050993733	0.179579470873	0.226975896602
-pyk	0.657384060568	0.21571457219	0.0266939304183	0.100207436824
-õgi	0.074074074074	0.753086419753	0.123456790123	0.0493827160494
-pym	0.885496183206	0.0229007633588	0.0916030534351	0.0
-geu	0.326776906426	0.438316596288	0.0984138249175	0.136492672368
-pyo	0.378330019215	0.356193241796	0.119332294971	0.146144444018
-e'a	0.521678490551	0.306985661025	0.0759504899992	0.0953853584251
-itu	0.0336266356166	0.863514606137	0.0282020919286	0.0746566663174
-saw	0.13918128655	0.611111111111	0.249707602339	0.0
-mia	0.368116236537	0.483539930908	0.0843324527534	0.0640113798008
-sau	0.573244998609	0.343111017454	0.0279592087832	0.0556847751533
-tiu	0.0503669592747	0.854655346093	0.0949776946323	0.0
-ũna	0.1575578359	0.483076206473	0.319138425057	0.0402275325702
-tom	0.334608030593	0.562141491396	0.0305927342256	0.072657743786
-'uw	0.0	0.915848527349	0.0	0.0841514726508
-tok	0.0	1.0	0.0	0.0
-yky	0.286149238752	0.481502791706	0.108034557229	0.124313412313
-'ut	0.495198829139	0.215176480214	0.0161668403616	0.273457850285
-'ui	0.37271631363	0.247723390298	0.0506455739529	0.328914722119
-sag	0.414183752695	0.320292460358	0.0747972035005	0.190726583447
-yka	0.476250795671	0.251317245219	0.034267833316	0.238164125794
-pyi	0.318818904053	0.401811711626	0.144635296261	0.13473408806
-sak	0.44104121736	0.293583193109	0.0638011840323	0.201574405498
-sai	0.108878908931	0.712164769158	0.019481782354	0.159474539557
-400	0.381502890173	0.526011560694	0.0	0.0924855491329
-efa	0.220458553792	0.779541446208	0.0	0.0
-gõk	0.0796812749004	0.155378486056	0.749003984064	0.01593625498
-nãn	0.424028268551	0.253239104829	0.148409893993	0.174322732627
-ypa	0.264227865042	0.473802306869	0.0319179617787	0.23005186631
-rop	0.0339421367384	0.966057863262	0.0	0.0
-wap	0.553541923009	0.31092246986	0.030994478152	0.104541128978
-ũam	0.574850299401	0.281437125748	0.0179640718563	0.125748502994
-mỹi	0.308936134355	0.377245307032	0.156857191762	0.15696136685
-loe	0.0607082630692	0.858347386172	0.0	0.0809443507588
-loa	0.255192878338	0.634025717112	0.0118694362018	0.0989119683482
-'gã	0.0433726962268	0.0889501633414	0.00451806112643	0.863159079305
-rog	0.130780356235	0.781057240022	0.0448382347193	0.0433241690229
-roa	0.111597374179	0.824945295405	0.0503282275711	0.0131291028446
-naã	0.285861006505	0.693598082848	0.0	0.020540910647
-ime	0.194425650328	0.248479411914	0.243627555657	0.313467382102
-ron	0.0	0.942857142857	0.0571428571429	0.0
-ype	0.0467625094559	0.0402720884318	0.0166296128536	0.896335789259
-ieu	0.1480836926	0.793299845746	0.0524463077958	0.00617015385832
-ẽwe	0.323523691099	0.403954448688	0.10536123267	0.167160627543
-rok	0.429852658552	0.377962844331	0.134529147982	0.0576553491352
-õsi	0.133333333333	0.866666666667	0.0	0.0
-ipi	0.0392156862745	0.816993464052	0.143790849673	0.0
-ipo	0.195708038292	0.0493847272996	0.0115063010283	0.74340093338
-inũ	0.0	0.216216216216	0.0	0.783783783784
-ĩna	0.0780818814015	0.818041329948	0.0	0.10387678865
-ẽãi	0.388607466326	0.294138992104	0.168456804459	0.148796737111
-ipa	0.269738686958	0.554806921916	0.113103698906	0.0623506922201
-mat	0.649202733485	0.350797266515	0.0	0.0
-imi	0.379059411317	0.373845986749	0.120017378082	0.127077223851
-ewe	0.181601282583	0.279417063834	0.0482349209691	0.490746732614
-ipy	0.219929172273	0.506748446	0.0635633445876	0.209759037139
-rda	0.0290955091714	0.932953826692	0.0379506641366	0.0
-ewa	0.242706823075	0.690199244321	0.0337034840297	0.0333904485743
-raĩ	0.0	1.0	0.0	0.0
-iwĩ	0.127487896719	0.410435718128	0.379236148467	0.0828402366864
-ewi	0.210458326918	0.162889498125	0.0928096682436	0.533842506714
-ipu	0.060136898443	0.906655829795	0.030652866242	0.00255440552017
-awi	0.233629676098	0.132058440842	0.0503668355877	0.583945047472
-ite	0.0	1.0	0.0	0.0
-ẽmi	0.256808853714	0.521017661233	0.0980042129315	0.124169272122
-awa	0.197085049846	0.547340981938	0.0976671147021	0.157906853513
-ãjẽ	0.183471297566	0.556208317774	0.0867450495642	0.173575335095
-ẽma	0.375319306647	0.272170762809	0.0576338231005	0.294876107443
-awe	0.333660619111	0.108565400858	0.055926786015	0.501847194017
-awy	0.496159754224	0.318740399386	0.18509984639	0.0
-too	0.656659446059	0.107363821428	0.0117429179686	0.224233814544
-upĩ	0.400333611343	0.599666388657	0.0	0.0
-'ri	0.0891605723534	0.783336031274	0.0746567355875	0.0528466607853
-apẽ	0.540103030086	0.257235359353	0.0295138267807	0.17314778378
-sẽg	0.0401772658763	0.0404472139113	0.048298202596	0.871077317616
-'up	0.209904441293	0.378464168798	0.082974380724	0.328657009185
-aẽm	0.387605304585	0.407723576784	0.0637610026141	0.140910116017
-stu	0.0234374163987	0.9330940715	0.00577614354298	0.0376923685583
-man	0.337225194732	0.568679627389	0.0315005455102	0.0625946323689
-ẽ'ẽ	0.0446988052469	0.913693708748	0.00563956888629	0.0359679171193
-rão	0.0370572207084	0.933514986376	0.0294277929155	0.0
-ãri	0.00472069236821	0.894571203777	0.100708103855	0.0
-sto	0.019831432821	0.974219137333	0.00594942984629	0.0
-'uu	0.175311665182	0.771468722173	0.0444540293856	0.00876558325912
-ũwe	0.28624535316	0.211895910781	0.312267657993	0.189591078067
-ĩmũ	0.191570881226	0.770114942529	0.0383141762452	0.0
-sta	0.0368542976624	0.939278157185	0.0179006588646	0.00596688628821
-epẽ	0.383486188165	0.278264927365	0.0574311238261	0.280817760644
-'gu	0.434543758609	0.399163765334	0.102495688673	0.0637967873838
-yyk	0.375158857121	0.386106080146	0.0699840496879	0.168751013045
-mũũ	0.0827349359975	0.783015922573	0.13424914143	0.0
-yyg	0.51133021094	0.27149752234	0.0957717752754	0.121400491444
-eyr	0.253134962805	0.397236981934	0.21572794899	0.13390010627
-eyt	0.513501928847	0.405057865409	0.0750107158165	0.00642948992713
-eyw	0.739336492891	0.0379146919431	0.222748815166	0.0
-tii	0.356736242884	0.557874762808	0.0512333965844	0.034155597723
-'ga	0.0270986434956	0.00614970506038	0.000653200782643	0.966098450661
-rpa	0.0469361147327	0.93741851369	0.0156453715775	0.0
-'at	0.330653164042	0.284799022	0.177734027124	0.206813786834
-aea	0.331943286072	0.428899082569	0.155754795663	0.0834028356964
-eya	0.447058823529	0.425490196079	0.0980392156862	0.0294117647059
-tor	0.187830687831	0.65873015873	0.0978835978836	0.0555555555555
-mãi	0.0734693877551	0.624489795918	0.228571428571	0.0734693877551
-rta	0.0587988680432	0.925479509485	0.0	0.0157216224715
-mão	0.0123262104139	0.970786382282	0.00179653269191	0.015090874612
-yyp	0.12030075188	0.78947368421	0.0	0.0902255639098
-nẽi	0.294871794872	0.474358974359	0.153846153846	0.0769230769231
-mue	0.263521051871	0.511948193249	0.120726696029	0.103804058851
-ryw	0.347922789737	0.489236635158	0.108030820558	0.0548097545477
-mug	0.875	0.075	0.0	0.05
-oit	0.424419595751	0.383084729767	0.0740545469051	0.118441127577
-ois	0.0844250363901	0.160116448326	0.015526443474	0.73993207181
-lem	0.0	1.0	0.0	0.0
-ũka	0.627027027027	0.259459459459	0.0810810810811	0.0324324324324
-'ru	0.466234817814	0.327449392713	0.167449392713	0.0388663967611
-eni	0.330458465729	0.29241575996	0.145158652648	0.231967121663
-ioa	0.915254237288	0.0423728813559	0.0423728813559	0.0
-yte	0.0863309352518	0.0935251798561	0.690647482014	0.129496402878
-uwe	0.249724420635	0.179586252631	0.0502344947521	0.520454831982
-yta	0.295109403075	0.381120348718	0.100683189216	0.223087058991
-mut	0.523656945671	0.286296102775	0.0443089228406	0.145738028714
-omũ	0.295607080438	0.16938795696	0.0411593412584	0.493845621344
-'ra	0.449742617177	0.318070983473	0.125982118667	0.106204280683
-oia	0.334588722598	0.383365836037	0.07866818804	0.203377253325
-mur	0.435833427891	0.243617383411	0.0953137410644	0.225235447634
-ema	0.289747866256	0.43098836909	0.152147217696	0.127116546957
-les	0.0	1.0	0.0	0.0
-leu	0.0	1.0	0.0	0.0
-eem	0.220725875615	0.527673709113	0.235350657558	0.016249757714
-far	0.535382945124	0.317229240689	0.0898144492697	0.0575733649165
-eei	0.347280412295	0.394757331949	0.164157799118	0.0938044566386
-osã	0.0	1.0	0.0	0.0
-'yi	0.192820661926	0.656681135385	0.105005274402	0.0454929282869
-ifi	0.115384615385	0.865384615385	0.0	0.0192307692308
-giu	0.0346153846153	0.953846153846	0.0115384615384	0.0
-eea	0.315932868352	0.334132519617	0.195727986051	0.154206625981
-'ya	0.199776552373	0.739624712523	0.0343011708133	0.0262975642902
-ẽte	0.0714285714285	0.928571428571	0.0	0.0
-ifu	0.241847826087	0.54347826087	0.190217391304	0.0244565217391
-eeu	0.567348287382	0.20848782995	0.129446749146	0.0947171335218
-'yt	0.418653150195	0.370947416407	0.080464372546	0.129935060852
-'yr	0.366739364387	0.384196340987	0.0780659231817	0.170998371444
-gia	0.0818543252865	0.801366837305	0.116778837409	0.0
-'yp	0.215145906172	0.175087406595	0.135166015402	0.474600671831
-o'o	0.376941741366	0.511817947974	0.0412180325132	0.0700222781474
-you	0.54990663347	0.242486217322	0.101480526409	0.106126622799
-yoi	0.525235467952	0.27043269814	0.0799935946894	0.124338239219
-pãu	0.647604659411	0.209558134716	0.0251360746985	0.117701131175
-ita	0.420474585575	0.434782194272	0.0901247994197	0.0546184207332
-yoa	0.460925039872	0.149920255183	0.0478468899522	0.341307814992
-yog	0.510204081633	0.408163265306	0.0	0.0816326530612
-ogy	0.358404842827	0.322731082625	0.0742402094649	0.244623865083
-ãna	0.582939757565	0.178168895837	0.0716894007273	0.167201945871
-pea	0.398571438317	0.490159024703	0.0797511273631	0.0315184096166
-pen	0.619604408158	0.315741218817	0.0	0.0646543730251
-ãni	0.524242614314	0.383553910807	0.0	0.0922034748793
-pei	0.0365958039372	0.110501681234	0.0514694142631	0.801433100566
-oje	0.316975753459	0.240098065564	0.043449678999	0.399476501978
-ẽta	0.0440131371871	0.122749451028	0.0157920890904	0.817445322695
-ogi	0.440865245026	0.330653767931	0.079148978364	0.149332008679
-peu	0.174535295374	0.204585144605	0.0281071647319	0.592772395288
-trõ	0.0	1.0	0.0	0.0
-pew	0.199522102748	0.764635603345	0.0215053763441	0.0143369175627
-pep	0.0	0.270676691729	0.0676691729323	0.661654135338
-ogo	0.256516537801	0.40127736476	0.159807651266	0.182398446173
-oga	0.279886936569	0.56447982576	0.0669832341184	0.0886500035521
-oge	0.439024390244	0.528455284553	0.0325203252033	0.0
-'ea	0.263548917429	0.240043205992	0.0692559738152	0.427151902764
-jẽi	0.183598531212	0.363525091799	0.3182374541	0.134638922889
-ũũũ	0.184510250569	0.302961275627	0.396355353075	0.116173120729
-ity	0.280610664424	0.576486218778	0.077672143761	0.0652309730368
-jẽa	0.235270925108	0.639374309517	0.055484395968	0.0698703694071
-a'y	0.331246502518	0.634128427532	0.0346250699496	0.0
-esu	0.0199379707577	0.969871510855	0.00354452813469	0.00664599025254
-u'u	0.885714285714	0.0285714285714	0.0428571428572	0.0428571428572
-ito	0.04525366217	0.75120417115	0.0519738475544	0.151568319126
-esi	0.0505874971577	0.871188678327	0.0148792738926	0.0633445506227
-tes	0.0156657963447	0.0522193211488	0.932114882506	0.0
-iti	0.0	0.963636363636	0.0	0.0363636363636
-ũjẽ	0.185502632546	0.243051304028	0.0587731113015	0.512672952124
-esa	0.0881640684123	0.907295292871	0.00454063871651	0.0
-gei	0.247397801356	0.279883719758	0.122023719557	0.350694759328
-aku	0.0562670585766	0.91266008818	0.00251942053328	0.0285534327105
-ese	0.143262165661	0.805048589713	0.0191441646763	0.0325450799497
-jẽu	0.587818696884	0.263456090652	0.042492917847	0.106232294617
-o'y	0.0451580531862	0.934771700953	0.0150526843954	0.00501756146513
-ioi	0.275919732441	0.36845039019	0.347268673356	0.00836120401337
-faa	0.516929127197	0.375903510273	0.0535573631506	0.0536099993796
-seu	0.0117930849638	0.967833604794	0.00884481372286	0.0115284965191
-ute	0.0	1.0	0.0	0.0
-ũaw	0.262379321084	0.596698847711	0.122236063532	0.0186857676736
-o'i	0.283031095087	0.513622558101	0.081874273659	0.121472073153
-uda	0.0897491753283	0.886724341819	0.0235264828531	0.0
-fat	0.475920679887	0.435488024723	0.0309039402524	0.0576873551378
-jai	0.372115697108	0.282742931427	0.187520311992	0.157621059474
-rim	0.0	1.0	0.0	0.0
-rãu	0.14865713837	0.332626564054	0.459975917491	0.0587403800848
-uog	0.616332819723	0.272727272727	0.0616332819722	0.0493066255778
-jyw	0.416389517095	0.436610349874	0.0811493947053	0.0658507383264
-jyr	0.0738461538462	0.483076923077	0.0369230769231	0.406153846154
-jyp	0.11972794997	0.774865271834	0.0149407772446	0.0904660009511
-rũũ	0.044776119403	0.835820895522	0.0	0.119402985075
-wok	0.339358135258	0.526441910117	0.0654224778797	0.0687774767454
-rom	0.0	1.0	0.0	0.0
-rãi	0.585480093677	0.350117096019	0.0292740046839	0.0351288056206
-'õa	0.138248847926	0.336405529954	0.0	0.52534562212
-wog	0.364724131853	0.532138851349	0.0268536472309	0.0762833695674
-jya	0.0709219858156	0.224924012158	0.704154002026	0.0
-oãu	0.0	1.0	0.0	0.0
-tua	0.253850179773	0.646535999529	0.0347963964857	0.0648174242119
-kog	0.42240543162	0.405431619787	0.0407371483996	0.131425800194
-roo	0.441591970197	0.409648548356	0.0546801436966	0.0940793377503
-koa	0.233531418591	0.504382306722	0.0950216764146	0.167064598272
-tug	0.0	0.618421052632	0.355263157895	0.0263157894737
-sou	0.350208701142	0.185276646702	0.0386474024508	0.425867249705
-tui	0.309653488102	0.284458924546	0.196644037128	0.209243550224
-i'ĩ	0.112260343088	0.276236125126	0.0274974772957	0.58400605449
-tuk	0.207243460765	0.416498993964	0.122736418511	0.253521126761
-koi	0.403768701828	0.190845863647	0.0492573063815	0.356128128144
-tun	0.253076064529	0.629826200308	0.0286515734973	0.0884461616657
-oru	0.0298202017249	0.879549773425	0.0	0.0906300248502
-kou	0.369285732521	0.157140166965	0.0409120338107	0.432662066704
-soo	0.48604678218	0.305003962743	0.0549694250751	0.153979830002
-ori	0.483480363047	0.361117666653	0.045081553172	0.110320417128
-tut	0.414230019493	0.415204678363	0.0925925925926	0.0779727095516
-tuu	0.323548091172	0.582809964011	0.0568061534119	0.036835791405
-sok	0.694407347532	0.267870949603	0.0377217028654	0.0
-tuw	0.443661971831	0.204225352113	0.323943661972	0.0281690140845
-sog	0.492804186655	0.363279546446	0.0654164849542	0.078499781945
-pãi	0.468999790919	0.34347105843	0.149492577641	0.0380365730093
-oãi	0.108214610488	0.716732343134	0.111397393149	0.0636556532283
-eju	0.115298840321	0.811106155219	0.0133809099019	0.0602140945584
-owi	0.303398058252	0.271844660194	0.101941747573	0.322815533981
-omy	0.313507703332	0.415084199212	0.258867789323	0.0125403081333
-jea	0.199114630902	0.277302523917	0.1513211875	0.372261657681
-jee	0.189047778128	0.108620822779	0.0307761355365	0.671555263557
-rur	0.578214650807	0.317343544108	0.0318495801646	0.0725922249207
-rup	0.165762210163	0.446965959546	0.121854958066	0.265416872225
-jyi	0.0812182741117	0.918781725888	0.0	0.0
-jeo	0.125816212773	0.254339863035	0.137283006848	0.482560917344
-rut	0.536333608588	0.269770691736	0.0595502763133	0.134345423363
-ruu	0.14931735288	0.763052849474	0.0329423501669	0.0546874474793
-jer	0.459215062059	0.534339814263	0.0	0.006445123678
-ruk	0.726204516665	0.187262481981	0.0421963045473	0.0443366968069
-sõu	0.446705308854	0.311571787396	0.13774441908	0.10397848467
-rui	0.433264130076	0.255709268709	0.229534915307	0.0814916859078
-jet	0.358062553243	0.313350371182	0.234270414993	0.0943166605817
-ejy	0.459584295612	0.332563510392	0.0	0.207852193996
-aão	0.0488882600959	0.912772875779	0.0244154761883	0.0139233879368
-oma	0.109645531883	0.777462999121	0.017063621983	0.0958278470137
-rua	0.564851620248	0.227930913887	0.0391444461258	0.168073019739
-rug	0.437340699928	0.377985683979	0.1091253186	0.0755482974924
-ome	0.0	0.987603305785	0.0	0.0123966942149
-rue	0.0	1.0	0.0	0.0
