-ꞌoo	0.739622641509	0.101886792453	0.0792452830189	0.0792452830189
-imó	0.166190620676	0.287258759418	0.0585753937184	0.487975226187
-épi	0.0111509358821	0.897783087747	0.000796495420152	0.0902694809505
-imá	0.220511784099	0.528025106032	0.0647583415094	0.18670476836
-oké	0.451950523311	0.437678401522	0.110371075167	0.0
-reó	0.18779342723	0.81220657277	0.0	0.0
-imé	0.586573146293	0.263927855711	0.0292585170341	0.120240480962
-ivi	0.170616113744	0.715639810427	0.0	0.113744075829
-ivo	0.271218616277	0.240164011708	0.0716121379474	0.417005234067
-oye	0.630258245729	0.134969130104	0.0480198389067	0.186752785261
-úku	0.105519480519	0.816558441559	0.0	0.077922077922
-oya	0.439890425643	0.265807143176	0.129643138948	0.164659292233
-oyo	0.527629233512	0.31045751634	0.0668449197861	0.0950683303624
-áwa	0.053660879709	0.00795992589034	0.00109792081246	0.937281273588
-áwe	0.423814593652	0.449567189742	0.03835886991	0.0882593466958
-úka	0.466772151899	0.335443037975	0.150316455696	0.0474683544304
-íꞌa	0.166046670682	0.137818580098	0.0532983681311	0.642836381089
-aum	0.405365720484	0.305348749696	0.129848664842	0.159436864979
-íꞌo	0.169650306114	0.236158888796	0.129533234277	0.464657570813
-nti	0.137164040779	0.753475440222	0.109360518999	0.0
-úwe	0.258333333333	0.358333333333	0.333333333333	0.05
-nta	0.371527727211	0.353293383103	0.0863952190291	0.188783670657
-eꞌó	0.216899478961	0.0395486464892	0.113100675543	0.630451199007
-óne	0.195948237536	0.103083080052	0.00717518415718	0.693793498255
-nte	0.116414851473	0.731633626998	0.0387935966631	0.113157924867
-úyá	0.482277121375	0.410311493018	0.0859291084855	0.0214822771214
-áyu	0.48976758563	0.175787016558	0.0492434941563	0.285201903655
-nai	0.0393013100437	0.912663755459	0.0	0.0480349344978
-óti	0.0420909292594	0.882616645119	0.0275251115004	0.0477673141214
-oꞌa	0.195856774403	0.458067736632	0.0433246922698	0.302750796694
-eꞌá	0.0675337585225	0.028371892557	0.0657345590108	0.83835978991
-ntu	0.363020329138	0.578896418199	0.0	0.0580832526622
-óta	0.18739594074	0.0279938937022	0.00575441196383	0.778855753594
-ósi	0.0	1.0	0.0	0.0
-ará	0.236945027509	0.17175428857	0.0428382224282	0.548462461493
-ósa	0.0939046166664	0.0323149594023	0.001364219922	0.872416204009
-aré	0.178939246673	0.509058161441	0.177215402522	0.134787189364
-mái	0.140808669493	0.106001855391	0.019721945386	0.73346752973
-aró	0.517106433684	0.34835179185	0.0219951520889	0.112546622377
-ígó	0.149671536472	0.507632634419	0.0847748071902	0.257921021919
-ake	0.29990403071	0.570537428023	0.0719769673704	0.0575815738963
-ivó	0.277467602315	0.245658966347	0.205398760436	0.271474670901
-imu	0.0	1.0	0.0	0.0
-dei	0.261265461451	0.463403967663	0.0983955710408	0.176934999845
-400	0.143312101911	0.00636942675158	0.0	0.850318471338
-ima	0.281251340259	0.494519919108	0.057183164211	0.167045576422
-ivá	0.303052277672	0.130001977718	0.0227437537082	0.544201990902
-oko	0.206840335564	0.641001256665	0.0237747512142	0.128383656557
-ime	0.441493231135	0.260250882703	0.160572026756	0.137683859406
-oke	0.405539070227	0.46587537092	0.1137487636	0.0148367952522
-imo	0.214473375044	0.357113472253	0.0637225319025	0.3646906208
-íꞌó	0.131774770024	0.432032577489	0.111296654362	0.324895998125
-áwé	0.225792528287	0.183317889192	0.0628596859149	0.528029896606
-atú	0.201048951049	0.798951048951	0.0	0.0
-áwá	0.121633362294	0.756733275413	0.121633362294	0.0
-íꞌá	0.199817460217	0.402334855558	0.146298958188	0.251548726038
-eéó	0.634146341463	0.268292682927	0.0	0.0975609756098
-r-í	0.260869565217	0.54347826087	0.0	0.195652173913
-nté	0.341448826629	0.252361454755	0.154657583239	0.251532135378
-100	0.00956937799042	0.022966507177	0.00287081339713	0.964593301435
-ntí	0.0267876395115	0.0424080960585	0.0332832394732	0.897521024957
-ntá	0.331239035907	0.346289572378	0.0771290150229	0.245342376692
-rio	0.0	1.0	0.0	0.0
-úye	0.302538803995	0.418000240645	0.0	0.27946095536
-úya	0.301454856654	0.335900727428	0.0652545999144	0.297389816003
-eꞌo	0.271617475189	0.417640775151	0.136924933755	0.173816815905
-utu	0.31862745098	0.593137254902	0.0147058823529	0.0735294117647
-tei	0.030303030303	0.934506353861	0.00586510263932	0.0293255131965
-eꞌa	0.332980309214	0.249722725649	0.0691732419708	0.348123723166
-teo	0.584243369735	0.320592823713	0.0951638065523	0.0
-ígo	0.225952491142	0.65215842515	0.116107783295	0.00578130041301
-are	0.221046912793	0.524904340095	0.0712972266045	0.182751520507
-ara	0.256823990221	0.345372772471	0.0544326808225	0.343370556485
-ósá	0.131746331324	0.216024765859	0.0126966696979	0.639532233119
-máó	0.180360721443	0.799599198397	0.0	0.0200400801603
-aro	0.264589541661	0.162595328699	0.0324778754748	0.540337254165
-aru	0.0280674759218	0.837928135864	0.0756539579416	0.058350430273
-máí	0.24754168448	0.491663103891	0.0384779820436	0.222317229585
-éye	0.360824742268	0.378006872852	0.020618556701	0.240549828179
-meo	0.265442156717	0.30795437713	0.0533254332691	0.373278032884
-éya	0.151588586874	0.0926821311648	0.010485721942	0.745243560019
-aye	0.282051282051	0.512820512821	0.017094017094	0.188034188034
-óyo	0.238463555322	0.33527792344	0.0692186680651	0.357039853173
-rai	0.263264776917	0.180087438929	0.0343726397937	0.522275144361
-óye	0.130901287554	0.330472103004	0.199570815451	0.339055793992
-ááo	0.524864071805	0.23490549754	0.0756666954346	0.16456373522
-tói	0.156176877006	0.464408821508	0.225270400969	0.154143900517
-áái	0.193696362813	0.131955418771	0.0407929020019	0.633555316415
-éti	0.151245177131	0.799649245879	0.00151094083048	0.0475946361601
-moí	0.189064450517	0.113804538466	0.0789678102972	0.61816320072
-éte	0.25	0.688775510204	0.0	0.0612244897958
-ésa	0.165195736111	0.0665399420011	0.0163816130928	0.751882708795
-éta	0.162377653039	0.122702571552	0.0301648293715	0.684754946038
-rae	0.0	0.995721925134	0.0	0.00427807486632
-káí	0.253980378045	0.28419443596	0.0425502163101	0.419274969685
-ópo	0.00456100342077	0.93842645382	0.0	0.0570125427594
-dáo	0.424381733086	0.297294303359	0.0839125979673	0.194411365588
-yaá	0.348258706468	0.303482587065	0.28855721393	0.0597014925373
-káá	0.510570051061	0.125610571238	0.0219410133802	0.341878364322
-ota	0.8	0.0763636363636	0.0436363636364	0.08
-táo	0.152190051967	0.742390497402	0.0608760207869	0.0445434298441
-tái	0.0465026157721	0.614706452238	0.0174384809145	0.321352451075
-isé	0.456712564544	0.252409638554	0.0392426850258	0.251635111876
-evó	0.367198323328	0.227132251075	0.0262868104153	0.379382615182
-isá	0.696296296297	0.140740740741	0.162962962963	0.0
-sáá	0.0947388577721	0.0226913686629	0.0304466465604	0.852123127005
-uma	0.161903636593	0.608611357957	0.0101401025006	0.219344902949
-rái	0.324226106907	0.435772865801	0.141124199569	0.0988768277231
-táu	0.103530819868	0.892878515859	0.00359066427288	0.0
-umo	0.139948283409	0.245918186964	0.00594908177205	0.608184447855
-upí	0.111466711882	0.245141987149	0.233177551936	0.410213749033
-umi	0.041095890411	0.815068493151	0.0	0.143835616438
-sáí	0.183332595576	0.491316601006	0.169216846433	0.156133956984
-ráa	0.46568627451	0.0980392156862	0.303921568627	0.132352941176
-ako	0.0960352564319	0.696882331574	0.0321751302479	0.174907281746
-avé	0.366255144033	0.325102880658	0.0123456790123	0.296296296296
ALL	0.209304178761	0.246475459898	0.0455619375967	0.498658423744
-ápá	0.522068385221	0.445804329534	0.0	0.0321272852444
-úwa	0.366649611262	0.462130760879	0.0139771124783	0.157242515381
-úné	0.0786026200874	0.879235054962	0.0165637705165	0.0255985544346
-avá	0.335305719921	0.177514792899	0.447731755424	0.0394477317554
-maó	0.273754165073	0.52549278054	0.155127360208	0.0456256941788
-naa	0.21002020937	0.227809204436	0.0385642631046	0.523606323089
-úwi	0.324972356399	0.553221207007	0.0150730373043	0.10673339929
-aka	0.546370004776	0.30874860691	0.0417927081675	0.103088680146
-nae	0.479441191209	0.294854793823	0.0662217683952	0.159482246573
-maé	0.290890685603	0.173513512064	0.100832396274	0.434763406059
-avú	0.00646203554118	0.993537964459	0.0	0.0
-ene	0.230691026069	0.361172650299	0.0697399168462	0.338396406786
-maí	0.104140526976	0.781681304893	0.0263488080301	0.0878293601003
-avó	0.557074375667	0.218731029286	0.0791275041343	0.145067090913
-únó	0.138157894737	0.861842105263	0.0	0.0
-ayá	0.456706447803	0.213180725836	0.12568123498	0.204431591381
-goo	0.0400348128808	0.841764577894	0.00837684943429	0.109823759791
-amu	0.0331314281068	0.878755233953	0.0303874141225	0.0577259238181
-óyá	0.21549682675	0.616652458085	0.0558870891352	0.11196362603
-goe	0.13271668098	0.775459675756	0.0171722138052	0.0746514294587
-ááó	0.372837994167	0.377878725345	0.149241672106	0.100041608382
-ááí	0.213395652061	0.255732431896	0.0856868138975	0.445185102145
-moi	0.249969825487	0.422622144347	0.0956760963753	0.231731933791
-étá	0.355360281195	0.305096660808	0.0590509666081	0.280492091388
-yau	0.445585215606	0.112936344969	0.400410677618	0.041067761807
-dáó	0.348148148148	0.140740740741	0.0666666666667	0.444444444444
-yae	0.468684012184	0.30318734778	0.100721933961	0.127406706075
-poi	0.238538152173	0.528670470467	0.146300288664	0.0864910886956
-yaa	0.233573043617	0.384540543123	0.0952925589078	0.286593854352
-yao	0.127812781278	0.764176417642	0.0540054005401	0.0540054005401
-yai	0.252119411556	0.434948769751	0.141834750887	0.171097067806
-táí	0.0973451327434	0.796460176991	0.0	0.106194690265
-rei	0.648983110628	0.252019465717	0.0491150008831	0.0498824227719
-amo	0.307997471041	0.288961214685	0.0786347128543	0.32440660142
-isi	0.22292566532	0.698498676327	0.0429758255539	0.0355998327992
-ise	0.204408703157	0.218937457801	0.143173431674	0.433480407369
-táá	0.0784167664911	0.0829969498999	0.00392587149314	0.834660412116
-isa	0.336931491077	0.467976396085	0.0690846286701	0.126007484168
-ama	0.239948067935	0.48622841561	0.0918440585245	0.181979457931
-ráí	0.245730311157	0.213622885064	0.0125425396199	0.528104264159
-umá	0.350547327753	0.333075767332	0.0407812835372	0.275595621378
-eva	0.0512820512821	0.735042735043	0.0512820512821	0.162393162393
-táú	0.0458015267175	0.0572519083969	0.896946564886	0.0
-sái	0.22378398592	0.304723972446	0.0526650066332	0.418827035
-evo	0.441584967049	0.144560937019	0.0316205954201	0.382233500512
-evi	0.564350797266	0.333143507973	0.102505694761	0.0
-ráá	0.506535947712	0.333333333333	0.140522875817	0.0196078431373
-úno	0.662101046647	0.270060731361	0.0678382219925	0.0
-ávó	0.493261455526	0.231805929919	0.177897574124	0.0970350404313
-aké	0.396715692737	0.420839532212	0.110732377921	0.07171239713
-naí	0.552475247525	0.364356435644	0.0831683168317	0.0
-ava	0.153846153846	0.846153846154	0.0	0.0
-úne	0.439039314822	0.0600435650592	0.0112342889736	0.489682831146
-naá	0.123966942149	0.826446280992	0.0495867768595	0.0
-úwé	0.419389394751	0.328869844671	0.0339225138368	0.217818246742
-úna	0.0641025641025	0.294871794872	0.0	0.641025641026
-mai	0.177103971395	0.141199936217	0.0583736326759	0.623322459712
-sií	0.409065699387	0.0730368594852	0.517897441128	0.0
-maa	0.0273270708796	0.759180187874	0.162254483348	0.0512382578992
-mae	0.216237411151	0.157806767473	0.0367721292328	0.589183692143
-baí	0.207967863197	0.138741062873	0.124987101054	0.528303972875
-une	0.187199134023	0.126040529231	0.0179394397817	0.668820896965
-vóo	0.455614973262	0.185026737968	0.0513368983957	0.308021390374
-una	0.0474520472854	0.189144853215	0.0147305669217	0.748672532578
-ímó	0.27956172535	0.298800310391	0.0604827494374	0.361155214822
-ekó	0.257237778833	0.491219743711	0.128144280968	0.123398196488
-nke	0.535813205063	0.282025309116	0.0334869662675	0.148674519554
-nka	0.199640857716	0.611809443329	0.011091158762	0.177458540192
-nko	0.0659160702879	0.751403925866	0.0541794097896	0.128500594057
-ímá	0.253194326051	0.249510005225	0.0520586898751	0.445236978849
-nki	0.576781310493	0.256158680491	0.0222746678688	0.144785341147
-aꞌá	0.239124703208	0.16989434439	0.0630879575854	0.527892994816
-mbó	0.237639806067	0.310043433499	0.0619836150403	0.390333145394
-asá	0.292974122968	0.134680666512	0.0305594866263	0.541785723894
-así	0.0505691721719	0.103204148824	0.0472337586882	0.798992920316
-ꞌáo	0.243374180678	0.202194357367	0.026503277287	0.527928184668
-ꞌái	0.570916538659	0.0757808499744	0.0399385560676	0.3133640553
-gai	0.0	1.0	0.0	0.0
-mbá	0.194413322807	0.278978323094	0.0391626158866	0.487445738212
-gau	0.510482846252	0.356099110546	0.0190597204574	0.114358322745
-mói	0.379327000483	0.0571566575431	0.00483014007406	0.5586862019
-seo	0.0758256902873	0.026528266609	0.0533032080237	0.84434283508
-ini	0.0688924218336	0.841017488076	0.0476947535771	0.042395336513
-sei	0.0628758884636	0.026790595954	0.0	0.910333515582
-ino	0.365390032573	0.289372110429	0.0788187859644	0.266419071033
-ꞌná	0.0900309227757	0.750783216643	0.0349141783377	0.124271682243
-ina	0.171122248995	0.56269428336	0.0525829416665	0.213600525979
-eró	0.382650335266	0.106567437525	0.0157392318721	0.495042995337
-ine	0.301722143559	0.396019201813	0.0949558356082	0.20730281902
-óko	0.0960488088321	0.698954096456	0.0545031958164	0.150493898896
-eré	0.160776329475	0.145882665368	0.535109655432	0.158231349724
-iwá	0.00745110214219	0.264824588637	0.466935734244	0.260788574977
-raí	0.199716795599	0.590275008612	0.0313043522527	0.178703843537
-erá	0.232466509062	0.130811662727	0.0598896769109	0.5768321513
-iwí	0.134641083719	0.0375762465053	0.0028888344409	0.824893835334
-úsi	0.0	1.0	0.0	0.0
-úsa	0.0	1.0	0.0	0.0
-yóí	0.379429167328	0.266690848088	0.0999750629094	0.253904921675
-ívo	0.355126216153	0.237768040525	0.103473692144	0.303632051177
-átá	0.246200018716	0.284214871061	0.0678465435878	0.401738566635
-aoo	0.646395054372	0.144570236854	0.0296067332042	0.17942797557
-íva	0.0	1.0	0.0	0.0
-agu	0.602574102964	0.0877535101404	0.0826833073324	0.226989079563
-ééi	0.383664353514	0.0973119566084	0.0311079205552	0.487915769323
-uné	0.0	0.981707317073	0.0182926829268	0.0
-nkó	0.191627460042	0.402205640157	0.0767382619532	0.329428637847
-ímu	0.0	1.0	0.0	0.0
-vóí	0.537830282262	0.335918477771	0.126251239968	0.0
-eki	0.0284398699892	0.971560130011	0.0	0.0
-bae	0.256107171001	0.545311268715	0.10401891253	0.0945626477542
-baa	0.310030395137	0.601823708207	0.0334346504559	0.0547112462005
-aꞌo	0.263985272869	0.344749558815	0.0650151183659	0.32625004995
-ímo	0.223997723357	0.103496996016	0.0214971189747	0.651008161652
-nká	0.309806034483	0.468615301724	0.118534482759	0.103044181034
-aꞌi	0.294982914834	0.424083010919	0.0753476472773	0.20558642697
-íma	0.0819337954715	0.0261814963408	0.00690352447799	0.88498118371
-nké	0.655105973025	0.250481695568	0.0635838150288	0.0308285163776
-aꞌa	0.196163849066	0.389046638131	0.0617802114789	0.353009301325
-ase	0.328975442114	0.550741032434	0.0631488508628	0.05713467459
-nya	0.804241435563	0.195758564437	0.0	0.0
-umó	0.187074639406	0.422097745414	0.16968211735	0.221145497829
-asa	0.309842412028	0.189616719585	0.0431948312195	0.457346037167
-153	0.269984917044	0.0	0.103425985779	0.626589097177
-asi	0.167359224022	0.439196984624	0.103755579653	0.289688211701
-mba	0.245554194935	0.335548294145	0.0683106232088	0.35058688771
-ꞌia	0.343195266272	0.242603550296	0.355029585799	0.0591715976332
-mbo	0.260458645833	0.387299155339	0.0996618231785	0.252580375649
-iné	0.0614586709886	0.926482982172	0.0120583468396	0.0
-iní	0.275	0.3875	0.3125	0.025
-ꞌna	0.527801772403	0.26985955146	0.0268739802284	0.175464695908
-iná	0.449197860963	0.256684491979	0.0	0.294117647059
-430	0.0299003322259	0.0	0.0	0.970099667774
-rau	0.180627504643	0.285138305151	0.250934659369	0.283299530838
-eru	0.535108958838	0.0726392251816	0.0	0.392251815981
-ráó	0.048	0.696	0.0	0.256
-eri	0.0325351956546	0.951324686842	0.0068285112515	0.00931160625209
-anó	0.389595375723	0.554913294798	0.0416184971098	0.0138728323699
-ero	0.53186412128	0.423217293655	0.0084222346996	0.036496350365
-era	0.389142637528	0.407438684191	0.0568254607347	0.146593217547
-inó	0.098048496251	0.351131289141	0.0657522672766	0.485067947331
-ere	0.252684775742	0.641503474416	0.00947567909032	0.0963360707517
-raa	0.102794783072	0.422251796646	0.454351876497	0.0206015437849
-sóí	0.158415841584	0.544554455446	0.193069306931	0.10396039604
-éyá	0.194744451059	0.469682796156	0.0584233353176	0.277149417467
-ata	0.352595281063	0.359571716178	0.0814991341637	0.206333868596
-ívó	0.289940828402	0.568047337278	0.142011834319	0.0
-neí	0.00588299379018	0.954897047609	0.0392199586012	0.0
-áta	0.0984480460857	0.673272860152	0.0227849189631	0.205494174799
-ugo	0.270697674419	0.470581395349	0.165697674419	0.093023255814
-áti	0.0622919902374	0.734690481473	0.0525848679831	0.150432660306
-500	0.0459183673469	0.0612244897959	0.030612244898	0.862244897959
-aao	0.355790901205	0.266998251252	0.0628245183736	0.314386329169
-aai	0.141239758414	0.313041180803	0.0224532448765	0.523265815906
-ewá	0.440528634361	0.101321585903	0.0105726872247	0.447577092511
-aae	0.328579228675	0.501081623361	0.00370302495574	0.166636123008
-éoo	0.352153910498	0.238393977415	0.0188205771644	0.390631534923
-pói	0.155306472786	0.699686963546	0.0128243966475	0.13218216702
-ewé	0.335248109564	0.285528835232	0.0593905169896	0.319832538214
-awé	0.0433607266436	0.842452422145	0.0574178200692	0.0567690311419
-awí	0.0375	0.53125	0.375	0.05625
-awá	0.0574712643678	0.33908045977	0.0574712643678	0.545977011494
-úmá	0.130967525946	0.51729159692	0.0336960160697	0.318044861065
-yáe	0.44057800059	0.298437039221	0.00884694780301	0.252138012386
-yáa	0.0443483507643	0.034688874115	0.00383710014303	0.917125674978
-úmó	0.209466041119	0.332134941437	0.289745749552	0.168653267892
-yái	0.112874408828	0.244981607987	0.312138728324	0.330005254861
-gáú	0.0229533282326	0.713083397093	0.195103289977	0.0688599846978
-mpo	0.373967659171	0.21205415897	0.0398536900649	0.374124491794
-íre	0.419729558036	0.396315455123	0.0971050004538	0.0868499863872
-úꞌó	0.343241147583	0.584388730938	0.0180925303696	0.0542775911088
-mpi	0.47181760608	0.52818239392	0.0	0.0
-mpe	0.260869565217	0.608695652174	0.0521739130435	0.0782608695652
-toi	0.285624316685	0.46641744046	0.207223865257	0.0407343775978
-saa	0.307997560596	0.0585235852273	0.00454907960244	0.628929774574
-ápa	0.0609821333048	0.691879747513	0.166898470097	0.0802396490853
-úꞌá	0.0340820566086	0.901389249546	0.0590755647883	0.00545312905741
-voe	0.193498452012	0.539473684211	0.15092879257	0.116099071207
-sae	0.0523012552302	0.823744769874	0.0627615062762	0.0611924686192
-voi	0.695074276779	0.304925723221	0.0	0.0
-sai	0.0916900137945	0.56797300474	0.225774776595	0.114562204871
-voo	0.389423076923	0.0865384615385	0.177884615385	0.346153846154
-avo	0.424133594514	0.2586598578	0.094225532753	0.222981014933
-ámu	0.0	1.0	0.0	0.0
-roe	0.253228782288	0.618773062731	0.0276752767528	0.100322878229
-ámo	0.186179259414	0.557351249472	0.124453422259	0.132016068855
-áma	0.169382080434	0.564165094857	0.0740449848261	0.192407839883
-wáí	0.263133844863	0.319628417135	0.13869541239	0.278542325612
-vái	0.139249947955	0.481241375992	0.0	0.379508676053
-áme	0.619927316778	0.325560266505	0.0454270139309	0.00908540278619
-roi	0.255236175161	0.393240315687	0.195343175167	0.156180333986
-éro	0.347790220615	0.192217638091	0.0251192754942	0.4348728658
-éri	0.0	1.0	0.0	0.0
-íra	0.0698079509625	0.813507375477	0.0216082728816	0.0950764006791
-ére	0.547355473555	0.289052890529	0.0153751537515	0.148216482165
-éra	0.183516286687	0.140199658585	0.0357974463295	0.640486608399
-aaó	0.406895595497	0.244499885546	0.0345851542573	0.314019364699
-íya	0.208430418964	0.130181713511	0.026239653951	0.635148213574
-aaí	0.233433389994	0.159896543638	0.0662758624395	0.540394203929
-imi	0.280487804878	0.030487804878	0.365853658537	0.323170731707
-ewe	0.328044503657	0.0992441405539	0.0166441873545	0.556067168435
-ípí	0.325681836886	0.470993333882	0.0249855978932	0.178339231339
-ikó	0.0257960499798	0.623538895607	0.0012091898428	0.349455864571
-noí	0.0	1.0	0.0	0.0
-ewa	0.503137160075	0.228530657308	0.087328227759	0.181003954858
-awi	0.216572537428	0.377745719052	0.128020558058	0.277661185463
-úmo	0.30723708544	0.264640611515	0.119898902725	0.308223400321
-íta	0.18543136002	0.381092578326	0.069270015308	0.364206046346
-awa	0.295367119074	0.382131400317	0.0558846893203	0.266616791289
-úma	0.228455301072	0.318132036466	0.0789896930299	0.374422969432
-awe	0.336557013938	0.229816225706	0.0508833754576	0.382743384898
-á-i	0.0555555555555	0.925925925926	0.0	0.0185185185185
-yáá	0.215830041134	0.33817802778	0.101216672117	0.34477525897
-yáí	0.187019044263	0.232473759951	0.0720198884765	0.50848730731
-ita	0.321666398702	0.348484203918	0.15822172868	0.1716276687
-á-e	0.156883671291	0.843116328709	0.0	0.0
-voó	0.0139494333043	0.920662598082	0.0	0.0653879686138
-íré	0.442963925902	0.456938576536	0.0545986350343	0.0454988625283
-276	0.0	0.138461538462	0.0	0.861538461538
-úꞌa	0.381695844746	0.206130127241	0.212588489916	0.199585538096
-sti	0.291132478633	0.349893162393	0.326923076923	0.0320512820513
-voé	0.0141015660946	0.869952223795	0.0	0.115946210111
-úꞌo	0.225680062689	0.502294861749	0.0780812716892	0.193943803873
-mpa	0.171461449942	0.828538550058	0.0	0.0
-rꞌa	0.226140799569	0.773859200431	0.0	0.0
-mpó	0.353226676254	0.442926478519	0.052849182096	0.150997663131
-akó	0.552689525008	0.326203208556	0.0330292544825	0.0880780119535
-ámó	0.20827896143	0.123806669739	0.0317400517554	0.636174317075
-owá	0.0096391681098	0.923767047525	0.0269761262089	0.0396176581562
-wáe	0.377922858681	0.303692402611	0.0742112837134	0.244173454995
-apu	0.0519031141869	0.740484429066	0.207612456747	0.0
-eyo	0.206896551724	0.318965517241	0.0	0.474137931034
-eya	0.417176965631	0.235489248432	0.113726650041	0.233607135895
-200	0.0331384818047	0.18232339865	0.0489873209287	0.735550798617
-eye	0.413449564134	0.328767123288	0.130759651308	0.12702366127
-ꞌan	0.773781902552	0.156612529002	0.0232018561485	0.0464037122969
-wái	0.0367807000198	0.565750444928	0.111528574254	0.285940280799
-váí	0.32290324613	0.159911329299	0.0414975916855	0.475687832886
-esé	0.0425115714051	0.0170047458779	0.0114408913066	0.92904279141
-uno	0.458850931677	0.0698757763975	0.100931677019	0.370341614907
-ágo	0.320545829042	0.548146240989	0.0617919670443	0.0695159629249
-esí	0.0249716733231	0.0148664829116	0.00415859724689	0.956003246518
-ora	0.390267175573	0.147900763359	0.18893129771	0.272900763359
-góe	0.14814167031	0.662090074333	0.189768255356	0.0
-úri	0.0645161290323	0.935483870968	0.0	0.0
-úra	0.185185185185	0.133333333333	0.592592592593	0.0888888888889
-ítí	0.0463388520229	0.0863157601614	0.0128131341281	0.854532253688
-ána	0.401554282861	0.407281409466	0.0327710241725	0.158393283501
-áne	0.467650890143	0.405340859748	0.0477637863656	0.0792444637429
-ndo	0.125954198473	0.62213740458	0.0	0.251908396947
-nda	0.392918618951	0.171247773688	0.04398897219	0.391844635171
-áni	0.186194434406	0.743813998314	0.0430068666425	0.0269847006384
-áno	0.167760390375	0.067642604745	0.0010095911156	0.763587413764
-120	0.0	0.349514563107	0.0	0.650485436893
-uvo	0.340096618358	0.267954911433	0.228019323671	0.163929146538
-aꞌó	0.211134026835	0.277809130685	0.10762962697	0.403427215509
-ína	0.340979733827	0.3640834038	0.081077982985	0.213858879388
-íno	0.449979633233	0.255513229692	0.0486921624344	0.24581497464
-íni	0.530516431925	0.234741784038	0.190923317684	0.0438184663537
-ómó	0.346268313783	0.391315309352	0.0903802799332	0.172036096932
-oró	0.398337919468	0.0751648229503	0.0107150535063	0.515782204076
-peo	0.0143043651019	0.976159391497	0.0	0.00953624340125
-aeó	0.320685434517	0.532435740514	0.0	0.146878824969
-oré	0.0	1.0	0.0	0.0
-ómá	0.22528646958	0.451774969199	0.156218360332	0.166720200889
-iꞌa	0.189639800111	0.297235199245	0.128755631358	0.384369369286
-iye	0.249365582052	0.29516277164	0.0554788985033	0.399992747804
-iꞌo	0.278772841596	0.389625443933	0.107286201692	0.224315512779
-orá	0.756756756757	0.243243243243	0.0	0.0
-iya	0.262416331793	0.28132196358	0.0549327714604	0.401328933166
-vaí	0.700879765396	0.299120234604	0.0	0.0
-ágó	0.181364816657	0.733103598903	0.0424685126313	0.0430630718082
-eno	0.226238396451	0.133245707714	0.0107615213998	0.629754374435
-esi	0.0985218370917	0.762444681149	0.00107426282266	0.137959218937
-iti	0.115471032518	0.550412566929	0.0500857674812	0.284030633072
-esa	0.300920916324	0.265120561697	0.0586120873367	0.375346434642
-ite	0.142856197975	0.565065265344	0.269924366941	0.0221541697395
-ese	0.627902688231	0.252096765381	0.0946617855972	0.0253387607912
-évo	0.499964926556	0.41164999509	0.055977216291	0.0324078620631
-ánó	0.675703014364	0.265223548452	0.0307505563423	0.0283228808416
-ndó	0.172413793103	0.0862068965517	0.0	0.741379310345
-666	0.245901639344	0.16393442623	0.0	0.590163934426
-áná	0.199520557395	0.521247240618	0.158388520971	0.120843681015
-ndá	0.372321538252	0.118763213092	0.027473437802	0.481441810854
-áné	0.294891883152	0.372367791312	0.207097984262	0.125642341274
-wáá	0.203722835445	0.601072988599	0.00489369800445	0.190310477951
-woi	0.19223969948	0.183157828198	0.0114334272389	0.613169045083
-eyá	0.222222222222	0.718954248366	0.0196078431372	0.0392156862745
-óvi	0.133689839572	0.406417112299	0.0106951871658	0.449197860963
-óvo	0.346157199073	0.213407837434	0.126727201249	0.313707762243
-íní	0.47006931317	0.257718966604	0.0	0.272211720227
-íné	0.269339297557	0.454312575582	0.155653225492	0.120694901369
-koe	0.392253136934	0.379341698491	0.105655573741	0.122749590835
-roo	0.0623768877216	0.890056175677	0.0242212008463	0.0233457357555
-iꞌó	0.721699876949	0.109835274282	0.0342640370378	0.134200811731
-koo	0.105360277608	0.815407225965	0.00205756276791	0.0771749336599
-iyó	0.50221333602	0.167682434556	0.0257801384152	0.304324091009
-iyé	0.291469744225	0.174307604697	0.0219355805252	0.512287070553
-oro	0.217972063085	0.210388926867	0.0743371183477	0.497301891701
-óma	0.454805491991	0.29004576659	0.111556064073	0.143592677346
-iꞌá	0.380156111433	0.25749812127	0.0133171570136	0.349028610283
-ómo	0.333828382838	0.364301430143	0.252200220022	0.0496699669967
-vai	0.400142042737	0.255062211185	0.0892466373854	0.255549108693
-iyá	0.411814042655	0.103762281332	0.153007428708	0.331416247304
-ómi	0.0	1.0	0.0	0.0
-ore	0.0899812603571	0.841719710697	0.0260186776936	0.0422803512522
-ísa	0.553624627607	0.198113207547	0.0273088381331	0.220953326713
-uꞌa	0.349165072126	0.502961907506	0.0386957436477	0.10917727672
-áyá	0.115950573173	0.0440285841894	0.0231353282715	0.816885514367
-íse	0.298944464034	0.466799134157	0.0499429892181	0.184313412591
-ísi	0.0443435116457	0.923435663346	0.0197791203024	0.0124417047064
-íso	0.184219503874	0.444612310541	0.330230518056	0.0409376675276
-omu	0.0	1.0	0.0	0.0
-éma	0.250142179353	0.0802040185713	0.0274251651588	0.642228636917
-ipi	0.310225119732	0.300022365171	0.0323181647555	0.357434350341
-omo	0.233061848653	0.529577973398	0.0755261389288	0.16183403902
-ísu	0.00432888889905	0.430719939716	0.0010989497814	0.563852221604
-oma	0.19408194763	0.659552719207	0.0535689152096	0.0927964179533
-émo	0.300741556715	0.142666875867	0.0776240081677	0.47896755925
-144	0.103129445235	0.359886201991	0.0355618776672	0.501422475107
-órá	0.0571672141012	0.179725697666	0.0421232103904	0.720983877843
-áro	0.407412927908	0.290008446366	0.197247478511	0.105331147215
-óꞌó	0.512956703686	0.268147432802	0.199581522614	0.0193143408981
-ure	0.515892420538	0.127139364303	0.327628361858	0.0293398533007
-óꞌá	0.138290713824	0.304925036081	0.38082886543	0.175955384665
-úgo	0.597430406852	0.128479657388	0.197002141328	0.0770877944326
-ovó	0.272989690722	0.259381443299	0.0437113402062	0.423917525773
-áre	0.374565487275	0.315844196151	0.154252017381	0.155338299193
-apa	0.203874889198	0.632518677979	0.114220590097	0.0493858427251
-ára	0.553026476761	0.259986307059	0.0188558537325	0.168131362448
-api	0.00498228520815	0.995017714792	0.0	0.0
-apo	0.454545454545	0.158102766798	0.339920948617	0.0474308300395
-wae	0.526123584112	0.292031172019	0.101037127434	0.0808081164348
-waa	0.152420930916	0.680682214058	0.0971979611653	0.0696988938605
-ári	0.207026348808	0.717691342534	0.0752823086575	0.0
-aaé	0.864306784661	0.117994100295	0.0176991150442	0.0
-ákó	0.127231280385	0.55672215403	0.247865948208	0.0681806173777
-wai	0.158855919895	0.286363177152	0.0692028879817	0.485578014971
-émó	0.375738989185	0.165037334048	0.0397160164223	0.419507660345
-áya	0.0758681018889	0.843930700116	0.00731696468285	0.0728842333126
-eéo	0.840707964602	0.106194690266	0.0	0.0530973451328
-omó	0.165433403805	0.701770613108	0.0138742071881	0.118921775898
-ísé	0.0315903159032	0.0312303123031	0.00108001080011	0.936099360994
-ísí	0.0806854694752	0.158871831489	0.176722599072	0.583720099964
-émá	0.247866732679	0.462416635117	0.0908640824766	0.198852549728
-omé	0.279609279609	0.0610500610501	0.0	0.659340659341
-omá	0.0479551223268	0.788796602611	0.0187552232346	0.144493051828
-néí	0.23567061795	0.45102991686	0.166499239402	0.146800225788
-óro	0.0966240913044	0.573627113474	0.0173965403682	0.312352254853
-áúm	0.302325581395	0.697674418605	0.0	0.0
-óre	0.306687616616	0.528331532947	0.123735637828	0.0412452126094
-óra	0.105331343825	0.00908385171444	0.000302458991601	0.885282345469
-óki	0.0526395746296	0.929813900494	0.0175465248766	0.0
-óru	0.314870782705	0.0905446246839	0.0197372478875	0.574847344723
-uré	0.407143584867	0.130569517082	0.0160463220811	0.44624057597
-uku	0.727115716753	0.272884283247	0.0	0.0
-úgó	0.240849312996	0.669554832548	0.0543243757247	0.0352714787314
-urá	0.338028169014	0.29014084507	0.101408450704	0.270422535211
-wée	0.112462006079	0.196048632219	0.317629179331	0.373860182371
-máá	0.0797049415758	0.814282916639	0.0712840263725	0.0347281154122
-ovo	0.289568356235	0.224207800516	0.0906930873174	0.395530755932
-óꞌa	0.161002560158	0.0523315538192	0.0130314369	0.773634449122
-uke	0.705357142857	0.151785714286	0.0178571428571	0.125
-óꞌo	0.304107424961	0.28672985782	0.243285939968	0.165876777251
-áko	0.28145269117	0.631699476559	0.0207100591716	0.0661377730997
-apá	0.312245166382	0.46310666842	0.184137840326	0.0405103248718
-árá	0.282169699067	0.522479203287	0.105286373283	0.0900647243635
-áré	0.221523803988	0.49268954423	0.158516982003	0.127269669779
-áka	0.175171169798	0.703898479479	0.0284542001702	0.0924761505532
-800	0.0427916454406	0.529291900153	0.0	0.427916454406
-waá	0.810810810811	0.189189189189	0.0	0.0
-déí	0.201091705942	0.504336043117	0.0782293028984	0.216342948042
-waí	0.11383656322	0.848217915707	0.0	0.0379455210733
-tio	0.0	1.0	0.0	0.0
-waé	0.278911564626	0.190476190476	0.530612244898	0.0
-uwe	0.0665488481987	0.4958159636	0.0106385852438	0.426996602957
-epí	0.487603305785	0.512396694215	0.0	0.0
-ema	0.3934629485	0.442123354109	0.0705724490253	0.0938412483647
-uwa	0.328075619352	0.559054328119	0.0135444063035	0.0993256462259
-uwo	0.274759836923	0.240395121563	0.0279398334901	0.456905208024
-emo	0.366591656757	0.298709543802	0.0683243343918	0.266374465049
-osé	0.349450549451	0.228571428571	0.395604395604	0.0263736263736
-260	0.0	0.111111111111	0.0	0.888888888889
-áꞌo	0.187083481239	0.56316221288	0.0773166388458	0.172437667035
-áꞌi	0.290053872977	0.451661015325	0.0560204425635	0.202264669135
-ému	0.0	1.0	0.0	0.0
-áꞌa	0.263922283574	0.162872471752	0.0972596346011	0.475945610073
-ónó	0.502544810799	0.0929409161319	0.00132772737331	0.403186545696
-eti	0.0251233964802	0.772100341323	0.0831736686503	0.119602593547
-uꞌo	0.398899535149	0.425386585713	0.0800872782468	0.0956266008917
-oꞌó	0.0	0.660507712082	0.320212082262	0.0192802056555
-óná	0.274616720308	0.394705821084	0.0983802915965	0.232297167012
-oꞌá	0.0191097292789	0.845908849625	0.0545992265109	0.0803821945855
-óné	0.301418053369	0.487757074424	0.0670361579732	0.143788714235
-éso	0.0	1.0	0.0	0.0
-éné	0.217538322813	0.534715960325	0.154643823264	0.0931018935979
-kóe	0.260065946388	0.455167423263	0.0753350873939	0.209431542955
-ési	0.0661582459486	0.861034318398	0.016086749285	0.056720686368
-éná	0.431139460713	0.19773847492	0.108727167295	0.262394897072
-ése	0.531168831169	0.261038961039	0.0155844155844	0.192207792208
-000	0.0676065674446	0.191341846687	0.0153543819088	0.725697203959
-kóo	0.152542372881	0.796610169492	0.0	0.0508474576271
-eta	0.282387226457	0.28050397438	0.0590934148338	0.378015384329
-énó	0.107809847199	0.0331069609508	0.0	0.859083191851
-páí	0.236994219653	0.445086705202	0.317919075144	0.0
-uyo	0.716417910448	0.149253731343	0.119402985075	0.0149253731343
-ávo	0.5	0.5	0.0	0.0
-uya	0.922788956481	0.0280767430978	0.0	0.0491343004211
-páá	0.386623164763	0.308319738989	0.0277324632954	0.277324632953
-amó	0.166008407219	0.454285942059	0.0765917269792	0.303113923743
-uye	0.425935094442	0.274197158262	0.0599409949472	0.239926752348
-igó	0.180320901073	0.447773881628	0.00956327701628	0.362341940283
-ate	0.0372701375888	0.108440468088	0.0210738104659	0.833215583857
-kwé	0.472906403941	0.497536945813	0.0	0.0295566502463
-áva	0.0945003872966	0.43299767622	0.165762974438	0.306738962045
-amá	0.172893780112	0.632192084495	0.0121008502714	0.182813285122
-árú	0.120888157895	0.153782894737	0.345394736842	0.379934210526
-ávu	0.151457781144	0.522907989398	0.325634229459	0.0
-ati	0.245075191109	0.589075464393	0.0892728363104	0.0765765081871
-kai	0.338946358225	0.293276278516	0.0535925778764	0.314184785382
-emá	0.157417393276	0.0635345601427	0.00821744755627	0.770830599025
-áyó	0.0	0.80876921419	0.19123078581	0.0
-kaa	0.094047177535	0.787512158257	0.0719069044903	0.0465337597179
-osi	0.0261342253816	0.936232490069	0.0	0.0376332845494
-áꞌó	0.223514373271	0.365932071867	0.0531556928696	0.357397861992
-uwé	0.485163204748	0.21035278602	0.0995713814705	0.204912627761
-mpí	0.397405660377	0.602594339623	0.0	0.0
-uwó	0.303384841795	0.237417218543	0.0481604120677	0.411037527594
-emó	0.16024539147	0.0554881096175	0.00827139196444	0.775995106948
-goó	0.525073746313	0.386430678466	0.0353982300885	0.0530973451327
-áꞌá	0.185488716382	0.315897479405	0.0523166573614	0.446297146852
-amé	0.312625250501	0.555110220441	0.120240480962	0.0120240480962
-uꞌá	0.42987140599	0.221087708805	0.0237108557269	0.325330029478
-nba	0.170511534604	0.739217652959	0.0	0.0902708124373
-óna	0.202046115699	0.0102566105026	0.00269431265741	0.785002961141
-oꞌo	0.590921157419	0.289421290151	0.00557472790021	0.114082824529
-uꞌó	0.371329639889	0.42216066482	0.0	0.206509695291
-óni	0.0592322893844	0.680011384629	0.00612192292821	0.254634403059
-óno	0.214478339868	0.591259443435	0.107908577986	0.0863536387109
-éni	0.433067167684	0.321747299201	0.132456552372	0.112728980742
-góo	0.274647887324	0.429577464789	0.253521126761	0.0422535211267
-iyo	0.344246918577	0.331230974436	0.0408913060033	0.283630800984
-éno	0.401865220622	0.229053232347	0.0465750690309	0.322506478001
-kóé	0.247960108794	0.393019038985	0.0598368087036	0.299184043517
-éna	0.274351547272	0.0597247130553	0.00963298347525	0.656290756198
-nei	0.35499103558	0.516725388381	0.0733567334158	0.0549268426236
-éne	0.278428903639	0.139708571321	0.108201402083	0.473661122956
-taa	0.062046849279	0.743584927723	0.0031171862078	0.19125103679
-etá	0.141457680251	0.361481191223	0.112068965517	0.384992163009
-o-í	0.60088691796	0.19955654102	0.144124168514	0.0554323725055
-eté	0.190586419753	0.0208333333333	0.0401234567901	0.748456790123
-áví	0.365373805509	0.413153456998	0.105115233277	0.116357504216
-mne	0.357703834736	0.167661181822	0.0366974436297	0.437937539812
-igo	0.082135008496	0.761187380974	0.0459901610697	0.110687449461
-íti	0.0743431386548	0.776524346709	0.0151720691132	0.133960445523
-kwi	0.238245733457	0.720912140808	0.0204210628677	0.0204210628677
-áoe	0.0	0.986501687289	0.0134983127109	0.0
-atá	0.290048662403	0.213242443421	0.0767154704956	0.419993423681
-kwe	0.501573316551	0.460667086218	0.0	0.037759597231
-atí	0.0	1.0	0.0	0.0
-áoo	0.515836300906	0.246491607593	0.0537380326378	0.183934058863
-íte	0.294554628916	0.489592823604	0.0235475506343	0.192304996846
-owé	0.125156603795	0.111973150351	0.0244244451341	0.73844580072
-usi	0.275229357798	0.426605504587	0.298165137615	0.0
-owí	0.165853658537	0.629268292683	0.146341463415	0.0585365853659
-óri	0.213421863884	0.769504387005	0.0	0.0170737491107
-éme	0.253794564066	0.555594775856	0.0211789622308	0.169431697847
-agó	0.93023255814	0.0697674418605	0.0	0.0
-ire	0.329470201391	0.29018766617	0.00257744169397	0.377764690745
-usa	0.186329799233	0.766298217911	0.0473719828559	0.0
-ira	0.483116626487	0.225629372011	0.0490771845236	0.242176816978
-íki	0.234684772066	0.514374393792	0.104287099903	0.146653734239
-íko	0.632650363516	0.193390614673	0.0851288830138	0.0888301387971
-íyó	0.436172127116	0.395875571338	0.0386290293556	0.129323272191
-n-e	0.1401179941	0.0737463126844	0.395280235988	0.390855457227
-ása	0.117043661231	0.834034718569	0.00946870068385	0.039452919516
-oná	0.00928446096242	0.784716561434	0.0	0.205998977604
-bai	0.452607869849	0.207135709266	0.100545604094	0.23971081679
-déi	0.53305785124	0.429752066116	0.0371900826446	0.0
-ási	0.0159723866821	0.214363474489	0.00761079128351	0.762053347545
-oné	0.493541951066	0.355245195842	0.0913577654101	0.0598550876824
-íyá	0.249119542019	0.229401145525	0.22953561027	0.291943702186
-aná	0.200319339323	0.0594846845982	0.0138889247655	0.726307051313
-epu	0.0661596958175	0.906463878327	0.0	0.0273764258555
-egó	0.657590197413	0.145677331518	0.0626276378489	0.13410483322
-onó	0.345885075419	0.134081021864	0.0841940895327	0.435839813183
-útú	0.64039408867	0.162561576355	0.0	0.197044334975
-íyé	0.124287081547	0.703815066852	0.0538104894438	0.118087362157
-ané	0.0913778621529	0.772905355753	0.101559873849	0.0341569082451
-a-e	0.273650909533	0.516821804466	0.0	0.209527286001
-aꞌu	0.513307984791	0.429657794677	0.0456273764259	0.0114068441065
-réo	0.326295585413	0.673704414587	0.0	0.0
-300	0.37037037037	0.548148148148	0.0	0.0814814814815
-éwa	0.223375112124	0.143154985575	0.0123639360954	0.621105966205
-éwe	0.181256952169	0.663209121246	0.0807842046718	0.0747497219133
-ówe	0.146716189129	0.421860629643	0.0994576111308	0.331965570098
-ówa	0.0988381304463	0.796197517824	0.0170319514127	0.0879324003169
-éꞌó	0.598796389168	0.341023069208	0.0601805416249	0.0
-náí	0.308409064765	0.549062464052	0.0579776831934	0.0845507879903
-náá	0.102202937301	0.455749235514	0.0212643554142	0.42078347177
-enó	0.53488372093	0.395348837209	0.0232558139535	0.046511627907
-ené	0.171122994652	0.24064171123	0.267379679144	0.320855614973
-éꞌá	0.307244542866	0.331287567226	0.145397026258	0.216070863651
-ená	0.0143686841812	0.0105596629153	0.00430694325945	0.970764709644
-owi	0.102838944629	0.77764672058	0.0201536183961	0.0993607163944
-irí	0.448877236977	0.174398723356	0.202325316311	0.174398723356
-éke	0.0	1.0	0.0	0.0
-iré	0.493432797756	0.282134659526	0.0395307319561	0.184901810763
-éka	0.152853816626	0.58020263042	0.114530237241	0.152413315713
-owa	0.0995962808193	0.803726010693	0.0298603932909	0.0668173151967
-usá	0.050175818231	0.0930484176359	0.617121990803	0.23965377333
-owe	0.313912670291	0.188773290924	0.0394093253107	0.457904713474
-irá	0.149997693598	0.0220850720125	0.0053431047298	0.82257412966
-éki	0.0	1.0	0.0	0.0
-usú	0.479067760035	0.520932239965	0.0	0.0
-áao	0.416543912226	0.285848529486	0.0615126733377	0.236094884949
-ago	0.20765109962	0.375416126211	0.075733516361	0.341199257807
-áte	0.475180972078	0.396587383661	0.120475698035	0.00775594622543
-pꞌa	0.322057590159	0.563321218899	0.0726866088901	0.0419345820519
-gwe	0.438701923077	0.194711538462	0.0	0.366586538462
-íná	0.361123396727	0.378740970072	0.142562288073	0.117573345128
-one	0.40195933918	0.298018783449	0.0527464357382	0.247275441633
-íyu	0.036382182931	0.914654879293	0.013600816049	0.0353621217273
-ásá	0.217328865486	0.782671134514	0.0	0.0
-ona	0.12565457341	0.542759746394	0.0451852928566	0.28640038734
-úte	0.144587729582	0.753810082063	0.0468933177022	0.0547088706525
-ono	0.115925850597	0.721613791614	0.0554890481386	0.10697130965
-ásí	0.103336318618	0.35874786198	0.0487018829845	0.489213936417
-reí	0.0262594825909	0.924722816573	0.0490177008364	0.0
-úta	0.0	1.0	0.0	0.0
-ásé	0.331753554502	0.668246445498	0.0	0.0
-oni	0.0294738547953	0.938621457024	0.00182312503888	0.0300815631416
-450	0.0	0.17492917847	0.0	0.82507082153
