-eus	0.00583971002819	0.991945227547	0.0	0.00221506242448
-hel	0.12	0.811428571429	0.0342857142857	0.0342857142857
-hem	0.0246478873239	0.957746478873	0.00352112676056	0.0140845070423
-rbe	0.0582959641255	0.941704035874	0.0	0.0
-lem	0.00735909426532	0.978021166626	0.000984494216097	0.0136352448929
-aus	0.194594594594	0.768918918919	0.0243243243244	0.0121621621622
-oya	0.378193755851	0.396160183694	0.176083625543	0.0495624349123
-oyo	0.118656543776	0.458243075564	0.389535005994	0.0335653746661
-aua	0.396551724138	0.431034482759	0.120689655172	0.051724137931
-zim	0.0	1.0	0.0	0.0
-aud	0.0119894330421	0.967554020186	0.00121926437716	0.0192372823952
-aum	0.0101313320826	0.956848030019	0.0	0.0330206378987
-aul	0.362416107383	0.577181208054	0.0402684563758	0.0201342281879
-aun	0.0942028985507	0.86231884058	0.0289855072464	0.0144927536232
-nti	0.148744411874	0.649586463778	0.0608947622363	0.140774362111
-nto	0.175087185574	0.347460830366	0.0646152092678	0.412836774792
-pus	0.0	0.993774172248	0.000565984341099	0.005659843411
-nta	0.197756610192	0.670031472331	0.0247446119991	0.107467305478
-nte	0.0134452469456	0.0186831898303	0.0109166436585	0.956954919566
-kia	0.00587544065805	0.991774383079	0.00235017626322	0.0
-pue	0.0486073442643	0.818691412694	0.0112248524406	0.121476390601
-apa	0.152147130327	0.216281624942	0.0302957222032	0.601275522527
-pua	0.105800466694	0.785643846126	0.0705336444625	0.0380220427181
-ntu	0.384258915151	0.228636944103	0.077704521197	0.309399619549
-pui	0.508811680128	0.427838249026	0.0271500303626	0.0362000404834
-opu	0.180539059022	0.0736078562568	0.0287366500213	0.7171164347
-opo	0.156793616923	0.595491023797	0.179524052512	0.0681913067681
-opi	0.142903070246	0.719819964636	0.0720141456357	0.0652628194824
-smo	0.259546630154	0.545108778336	0.0228206298494	0.172523961661
-ope	0.0783164624401	0.857751731486	0.0415556739478	0.0223761321257
-opa	0.164745705351	0.123330393882	0.247299121054	0.464624779713
-dea	0.0862153838586	0.475947543731	0.28427860742	0.153558464991
-imu	0.240823592396	0.378084796226	0.038455765701	0.342635845676
-oku	0.163776682861	0.403673705088	0.0617792447226	0.370770367329
-dek	0.0796460176991	0.884955752212	0.0353982300885	0.0
-pae	0.104761598218	0.713720158866	0.0302354648238	0.151282778092
-ima	0.647158162162	0.153067279065	0.057556581201	0.142217977572
-der	0.0	1.0	0.0	0.0
-des	0.0206224221972	0.913885764279	0.0438695163105	0.0216222972129
-okh	0.0	1.0	0.0	0.0
-oke	0.221428571429	0.707142857143	0.0	0.0714285714286
-oka	0.0650131335978	0.132509851212	0.0144757468391	0.788001268351
-imo	0.637870929685	0.121964665097	0.022544499787	0.217619905432
-ido	0.247933884297	0.507674144038	0.173553719008	0.0708382526565
-obo	0.135744516016	0.691502801876	0.138834518233	0.0339181638748
-idi	0.474193548387	0.377419354839	0.109677419355	0.0387096774194
-oba	0.669076701711	0.267034292708	0.0364906844021	0.027398321179
-ida	0.0192626346313	0.901512013256	0.00621375310688	0.0730115990058
-bia	0.371294293659	0.290374514172	0.12676239572	0.211568796448
-idu	0.0478405315615	0.914950166113	0.00531561461794	0.0318936877076
-obu	0.0404850029625	0.242958365293	0.0152633114617	0.701293320283
-eja	0.138497357752	0.840942209757	0.0102802162455	0.0102802162455
-ter	0.0194174757281	0.941747572816	0.0388349514563	0.0
-uta	0.197087684118	0.493825042724	0.0944888173786	0.214598455779
-ria	0.333208980027	0.189531703463	0.0208633322132	0.456395984297
-uti	0.056133056133	0.247401247401	0.64656964657	0.049896049896
-uto	0.201418200236	0.700320783387	0.054702009117	0.0435590072598
-a'u	0.395626179656	0.124655988696	0.0963758870483	0.3833419446
-ejo	0.18612244898	0.0351020408163	0.778775510204	0.0
-tea	0.029148906916	0.924377835831	0.0406984738072	0.00577478344563
-a'i	0.0924945078561	0.108857178557	0.0391043976047	0.759543915983
-a'o	0.733175914994	0.256198347107	0.0	0.0106257378985
-tee	0.0398324802234	0.909167054444	0.0314564913913	0.0195439739413
-utu	0.205872678135	0.304001634882	0.0935576268426	0.396568060141
-a'a	0.151920326076	0.071010380652	0.0315059570174	0.745563336254
-lau	0.59464708079	0.0516105147667	0.0429948091942	0.310747595249
-aku	0.105461416504	0.15470514824	0.0150493213853	0.724784113872
-a'e	0.0691642651297	0.896253602305	0.0	0.0345821325648
-are	0.679556684052	0.135328026352	0.0795475340836	0.105567755513
-e'e	0.30543229214	0.080549389947	0.0330134549706	0.581004862942
-ara	0.132436301931	0.150035499252	0.0196506325584	0.697877566259
-e'a	0.552262336434	0.114929843922	0.0676336118556	0.265174207788
-e'o	0.336283185841	0.504424778761	0.159292035398	0.0
-aro	0.473723740811	0.375150784077	0.0427885381342	0.108336936978
-luu	0.408039329289	0.389527984537	0.0417475417493	0.160685144425
-e'i	0.350507935996	0.0408809311179	0.0108830921513	0.597728040735
-jia	0.186813186813	0.300366300366	0.117216117216	0.395604395604
-aru	0.0268894650917	0.901106522829	0.0388403384658	0.0331636736131
-mea	0.0	1.0	0.0	0.0
-luo	0.4	0.254545454545	0.345454545455	0.0
-lua	0.0747663551402	0.88785046729	0.0373831775701	0.0
-aya	0.319793075007	0.520871991591	0.0375841346211	0.121750798781
-ayo	0.174225099861	0.451223620155	0.0272372632443	0.34731401674
-rai	0.416666666667	0.369047619048	0.166666666667	0.047619047619
-ayu	0.197135742607	0.241479846738	0.0831691359057	0.478215274749
-kea	0.215409091509	0.682858288833	0.0747921734914	0.0269404461658
-rab	0.0	0.955445544554	0.0	0.0445544554455
-ubu	0.048426150121	0.756860371267	0.194713478612	0.0
-nsi	0.0747307561501	0.873574424668	0.00476136492461	0.0469334542569
-umu	0.254982234738	0.436072623591	0.111725549129	0.197219592542
-ota	0.375317506158	0.190226365556	0.0533563037508	0.381099824535
-ote	0.282943801292	0.431538053484	0.0813258651356	0.204192280089
-oti	0.0351476036943	0.934555553902	0.00405046734024	0.0262463750636
-oam	0.0	0.92515309594	0.00680426400544	0.0680426400544
-oto	0.235399657059	0.140335311119	0.176943718352	0.44732131347
-uma	0.0387388348752	0.86634122065	0.00901510828462	0.0859048361903
-otu	0.562682215744	0.394002498959	0.0333194502291	0.0099958350687
-umo	0.432614465261	0.106010466368	0.0365930642747	0.424782004097
-ako	0.568990503438	0.299053713995	0.0306297838558	0.101325998712
ALL	0.222417673665	0.262869822116	0.0476702265183	0.467042277701
-nai	0.341555977229	0.654174573055	0.0	0.00426944971537
-aki	0.397435897436	0.551282051282	0.0512820512821	0.0
-sis	0.0	1.0	0.0	0.0
-sir	0.0142778693026	0.882482152663	0.0925315760572	0.0107084019769
-ake	0.498436569386	0.236078022633	0.105568790947	0.159916617034
-naa	0.616589327146	0.194315545244	0.0290023201856	0.160092807425
-kio	0.886624686399	0.0533354299642	0.0192270579742	0.0408128256628
-aka	0.348453760551	0.342704322991	0.0565412840977	0.25230063236
-sii	0.911138923655	0.0888610763454	0.0	0.0
-sio	0.0234680573664	0.0234680573663	0.322033898305	0.631029986962
-nas	0.025974025974	0.942857142857	0.012987012987	0.0181818181818
-sia	0.0661071653727	0.713114774304	0.0833076241437	0.13747043618
-nau	0.135135135135	0.0971968294207	0.0737153838515	0.693952651593
-wui	0.424378275225	0.442037985036	0.0981431557265	0.0354405840123
-mos	0.0	0.978723404255	0.0212765957447	0.0
-mor	0.0	0.961538461538	0.0384615384615	0.0
-goo	0.679928873083	0.128695265615	0.191375861302	0.0
-gon	0.0	1.0	0.0	0.0
-goa	0.627442827443	0.177130977131	0.106029106029	0.0893970893971
-wua	0.192045561069	0.736255594562	0.0305511390594	0.0411477053097
-mon	0.0114704195527	0.986588432523	0.000264701989677	0.00167644593462
-gou	0.564516129032	0.314516129032	0.120967741936	0.0
-yat	0.123134328358	0.731343283582	0.0	0.14552238806
-u'u	0.28120692058	0.124146066406	0.121266562816	0.473380450197
-mfa	0.0	1.0	0.0	0.0
-bet	0.0158636897768	0.849001175088	0.0	0.135135135135
-eon	0.165071770335	0.773923444976	0.0358851674641	0.0251196172249
-u'e	0.0710647565663	0.886244327401	0.0296753928519	0.0130155231807
-bei	0.509656961661	0.198616315941	0.160276736812	0.131449985587
-bel	0.026073902394	0.965234796808	0.00869130079804	0.0
-bea	0.641288828524	0.145309925662	0.206890699332	0.00651054648248
-u'i	0.716788786238	0.173303599873	0.0669002867155	0.0430073271743
-bee	0.045871559633	0.899082568807	0.0	0.0550458715595
-upu	0.19660920359	0.786294343924	0.0170964524861	0.0
-isi	0.451477209317	0.458917025115	0.0260540649838	0.0635517005838
-ish	0.0	1.0	0.0	0.0
-rea	0.0539661630922	0.894661013461	0.0212406866175	0.0301321368295
-isa	0.193028339449	0.167440861894	0.0775821687875	0.56194862987
-upa	0.265096536568	0.107125602888	0.0682245095064	0.559553351038
-res	0.0416666666666	0.78125	0.15625	0.0208333333333
-ret	0.0216610004857	0.974453618261	0.00388538125303	0.0
-hai	0.418803418803	0.304273504274	0.0615384615384	0.215384615385
-mas	0.0416971470373	0.945135332846	0.0	0.0131675201171
-hak	0.00524170064065	0.984274898078	0.00698893418754	0.00349446709378
-mau	0.204745856466	0.605584101375	0.165222775715	0.0244472664437
-ham	0.00976542423059	0.948294648548	0.0266236302708	0.0153162969511
-mai	0.725283517011	0.0981058863532	0.0269016140968	0.149708982539
-har	0.0	0.964285714286	0.0	0.0357142857143
-man	0.0284090909091	0.644886363636	0.326704545455	0.0
-maa	0.314551680087	0.474141632025	0.165548004733	0.0457586831552
-jui	0.550173010381	0.314878892733	0.0519031141869	0.083044982699
-uni	0.22875	0.4125	0.01875	0.34
-una	0.230150060971	0.483361768902	0.114262294556	0.172225875571
-unu	0.446666666667	0.420666666667	0.112666666667	0.02
-laa	0.199482058298	0.658030757203	0.0927563632423	0.0497308212564
-ade	0.00850810103244	0.0256082077063	0.00117385254973	0.964709838712
-tra	0.00662251655629	0.993377483444	0.0	0.0
-ada	0.180410575018	0.659835409438	0.0558456287443	0.1039083868
-ado	0.431272355646	0.415942769545	0.0998978027593	0.0528870720491
-gai	0.163666540787	0.600497806435	0.0398763817596	0.195959271018
-adi	0.385703461316	0.0486354232592	0.00859274186218	0.557068373563
-gau	0.123413771846	0.517154041041	0.0361330108181	0.323299176295
-adu	0.38911812262	0.387032930137	0.018687212292	0.205161734951
-gar	0.0581395348837	0.777131782946	0.106589147287	0.0581395348837
-gur	0.0399218961451	0.945449741587	0.0	0.0146283622678
-ana	0.216787438213	0.235357734126	0.0636027037481	0.484252123913
-ini	0.476874581379	0.315017539982	0.130940043314	0.077167835325
-u'a	0.178622226865	0.443526906078	0.26590467788	0.111946189177
-ino	0.252205242887	0.322648776245	0.265001863586	0.160144117282
-ina	0.340147893949	0.236479953824	0.102879545508	0.320492606719
-sea	0.0173913043478	0.930434782609	0.0347826086956	0.0173913043478
-ses	0.0142857142857	0.985714285714	0.0	0.0
-inu	0.541174567222	0.380734740102	0.0429888829824	0.0351018096933
-yan	0.0	1.0	0.0	0.0
-kus	0.04173693086	0.935497470489	0.00252951096121	0.0202360876897
-ede	0.377879417363	0.243235665412	0.312270551285	0.0666143659412
-ena	0.208078530326	0.361075875644	0.202873390662	0.227972203367
-ian	0.064935064935	0.857142857143	0.0779220779221	0.0
-nes	0.0258560477556	0.88706633638	0.0106721270937	0.0764054887704
-neo	0.66411745874	0.168028678063	0.0948739226771	0.0729799405208
-fos	0.0181818181818	0.981818181818	0.0	0.0
-kub	0.00635862653667	0.988554472234	0.00508690122933	0.0
-ias	0.0526388696495	0.894837696819	0.0221637345893	0.0303596989426
-kum	0.0351906158357	0.859237536657	0.0175953079179	0.0879765395894
-ska	0.00479133726222	0.977241148004	0.00359350294667	0.0143740117867
-eka	0.164088153722	0.56833612102	0.19183532013	0.0757404051279
-eke	0.571372808781	0.126369141965	0.0455394951622	0.256718554091
-bai	0.454392989449	0.151365937391	0.150379790721	0.243861282439
-jou	0.508771929825	0.0614035087719	0.078947368421	0.350877192982
-eki	0.465781409602	0.488253319714	0.00306435137896	0.0429009193054
-eko	0.385190217391	0.594429347826	0.0122282608696	0.00815217391303
-baa	0.0644567219153	0.932780847146	0.00276243093923	0.0
-joi	0.172298551801	0.414036390642	0.155217229855	0.258447827701
-eku	0.247578556659	0.315721673261	0.121515016217	0.315184753864
-uji	0.70607028754	0.185303514377	0.0479233226837	0.0607028753994
-bau	0.0658793977069	0.740297942103	0.0376209409358	0.156201719255
-bas	0.032767925983	0.927653559496	0.0199177589309	0.0196607555898
-ase	0.325949367089	0.496835443038	0.0632911392405	0.113924050633
-nya	0.00628316112819	0.898073163921	0.0726054174811	0.02303825747
-mbu	0.394586421802	0.487517055722	0.062580668953	0.0553158535236
-asa	0.204071306885	0.55872227726	0.141997711507	0.0952087043475
-aso	0.786206896552	0.151724137931	0.0206896551724	0.0413793103448
-yer	0.0	1.0	0.0	0.0
-asi	0.406816381817	0.340727449481	0.142027525267	0.110428643435
-mba	0.283890545476	0.428952458127	0.0853697255065	0.201787270891
-asu	0.13626308804	0.777908863	0.0468957380917	0.0389323108686
-mbe	0.553731805513	0.204707339734	0.135645710746	0.105915144007
-mbi	0.104807692308	0.685576923077	0.115384615385	0.0942307692307
-lta	0.164556962025	0.751898734177	0.0683544303797	0.0151898734177
-mbo	0.285935417294	0.428822342182	0.236227346345	0.0490148941798
-iwu	0.501333333333	0.301866666667	0.1632	0.0336
-rau	0.44658389471	0.321271313271	0.145618963746	0.0865258282726
-ras	0.0368098159509	0.957055214724	0.00613496932515	0.0
-ran	0.0204081632653	0.979591836735	0.0	0.0
-eri	0.666878727634	0.262982107356	0.0484294234592	0.0217097415507
-o'u	0.103319845129	0.0357904506997	0.0707788502955	0.790110853876
-iwe	0.0	1.0	0.0	0.0
-ero	0.626790351494	0.250414692567	0.0780660975	0.0447288584389
-era	0.347279378143	0.633516232282	0.00960219478736	0.00960219478737
-iwi	0.0304269278311	0.385756394409	0.0188266615955	0.564990016164
-iwo	0.566445182724	0.348837209302	0.0448504983388	0.0398671096345
-ere	0.392156862745	0.532026143791	0.0	0.075816993464
-boa	0.286795975521	0.531687584275	0.157659993777	0.0238564464267
-ugu	0.250347705146	0.721835883171	0.0278164116829	0.0
-iya	0.592271649543	0.296686236875	0.0617026081066	0.0493395054759
-poi	0.0124481327801	0.495850622407	0.466804979253	0.0248962655602
-uga	0.0260719295888	0.784653095564	0.123866865842	0.0654081090047
-poa	0.168531928901	0.77353522054	0.0118499012508	0.0460829493087
-aza	0.0	1.0	0.0	0.0
-ugi	0.307598288857	0.283968221634	0.389081279283	0.0193522102261
-ike	0.508867667121	0.470668485675	0.00409276944065	0.0163710777626
-uju	0.456965842934	0.191479287662	0.0432643330498	0.308290536354
-ika	0.396335091154	0.510072155368	0.0248973519615	0.0686954015166
-iko	0.0576164602697	0.0247124693163	0.003723418926	0.913947651488
-lam	0.147465437788	0.774193548387	0.0783410138249	0.0
-nor	0.0	0.96	0.04	0.0
-lai	0.527866050094	0.159288002265	0.0736766677621	0.239169279879
-iki	0.548354626292	0.244953204968	0.0608274171549	0.145864751585
-uja	0.426327398214	0.500643654035	0.0263002204661	0.0467287272841
-iku	0.332429181227	0.2042785543	0.0350156102042	0.428276654269
-aan	0.0855263157895	0.65350877193	0.217105263158	0.0438596491228
-iks	0.0896594814121	0.872852233677	0.0112464854733	0.0262417994377
-non	0.44262295082	0.0245901639344	0.0	0.532786885246
-las	0.0543734481567	0.928025898105	0.00188578432913	0.0157148694094
-noa	0.218284081596	0.324194903217	0.294141090439	0.163379924748
-uki	0.401707726974	0.256419756037	0.0259263833697	0.315946133619
-gei	0.605877687389	0.332074597637	0.0524668178085	0.00958089716505
-geo	0.774322287343	0.182688756596	0.0171955824242	0.0257933736362
-dos	0.0	1.0	0.0	0.0
-ato	0.307011566237	0.141833372066	0.150215286734	0.400939774962
-gea	0.681933842239	0.137404580153	0.0381679389313	0.142493638677
-aha	0.356887298748	0.469141323793	0.0997316636851	0.0742397137746
-bou	0.122743682311	0.20464801444	0.558664259928	0.113944043321
-dod	0.0204081632653	0.979591836735	0.0	0.0
-doe	0.156831042846	0.166531932094	0.395311236863	0.281325788197
-doa	0.334047109208	0.297644539615	0.0	0.368308351178
-don	0.0	1.0	0.0	0.0
-doo	0.0514924317442	0.39171028434	0.242467109917	0.314330173999
-dom	0.0	1.0	0.0	0.0
-doi	0.176847009186	0.649549509955	0.0425086801741	0.131094800686
-sar	0.0738800719256	0.914392932531	0.0117269955437	0.0
-sau	0.264705882353	0.735294117647	0.0	0.0
-toa	0.275229357798	0.577981651376	0.146788990826	0.0
-ibu	0.252990628217	0.525445607072	0.104872931697	0.116690833015
-mpe	0.127450583558	0.0560410904576	0.0112540145527	0.805254311432
-olu	0.251285716149	0.26539682374	0.0573643491761	0.425953110934
-mpa	0.206581073687	0.644619476008	0.0950514703076	0.0537479799972
-oli	0.528298744267	0.244234864993	0.0541801645271	0.173286226213
-ibo	0.654836393476	0.229459431737	0.0332341778644	0.0824699969227
-tor	0.0884353741496	0.863945578231	0.0272108843537	0.0204081632653
-sae	0.24511293564	0.192687542963	0.355059320736	0.20714020066
-olo	0.218200867627	0.494937335335	0.0877626396584	0.19909915738
-ola	0.352578136403	0.347073664019	0.0983611684493	0.201987031129
-sai	0.438607934031	0.337068182348	0.0573427442211	0.166981139401
-mpu	0.438731437058	0.460384144463	0.0599451806646	0.0409392378154
-ole	0.656819933213	0.189057282302	0.0857950166967	0.0683277677883
-lon	0.0	1.0	0.0	0.0
-iel	0.0690825354503	0.901830081202	0.0145436916738	0.0145436916738
-loi	0.0	0.980769230769	0.0192307692308	0.0
-loe	0.400047624717	0.459459459459	0.0690558399809	0.0714370758423
-oko	0.67362561663	0.174611683649	0.0439632809185	0.107799418802
-loa	0.394607843137	0.031862745098	0.46568627451	0.107843137255
-roa	0.302576841349	0.432226977524	0.0784125939005	0.186783587227
-lot	0.0	1.0	0.0	0.0
-roo	0.566914405282	0.246461106572	0.0776876843408	0.108936803806
-oci	0.221532091097	0.703933747412	0.0745341614907	0.0
-los	0.0535292574128	0.90317501968	0.0118079244293	0.0314877984781
-deu	0.947916666667	0.0	0.0416666666666	0.0104166666667
-ewu	0.120801442987	0.842343879491	0.0368546775216	0.0
-ipi	0.162196805364	0.777164267403	0.0236639716032	0.0369749556301
-ipo	0.64405969307	0.136370761682	0.0393381718997	0.180231373348
-mpo	0.124659316658	0.122391768844	0.00419120812133	0.748757706377
-ipa	0.136386081928	0.494271327447	0.0954062263254	0.2739363643
-ewe	0.326677936675	0.56522136428	0.0831543838808	0.0249463151643
-ewa	0.137480670904	0.0447550544985	0.0261514051335	0.791612869464
-ewi	0.0722433460076	0.897338403042	0.00570342205323	0.0247148288974
-awi	0.586188594681	0.307365689686	0.0269308643431	0.0795148512906
-awo	0.305389221557	0.694610778443	0.0	0.0
-awa	0.276405276526	0.49013004034	0.186836778453	0.0466279046817
-mpi	0.394137047286	0.473878503699	0.0375368616463	0.0944475873681
-awu	0.514388461815	0.413204805278	0.0565422165778	0.0158645163296
-nge	0.718248175183	0.0948905109489	0.0992700729927	0.0875912408759
-sta	0.0	1.0	0.0	0.0
-eya	0.127693602694	0.330134680135	0.499915824916	0.0422558922559
-tik	0.367492650147	0.566358672827	0.0440991180176	0.0220495590088
-lei	0.0990961052771	0.818789046923	0.0465239930879	0.0355908547122
-ide	0.495454545455	0.0272727272727	0.313636363636	0.163636363636
-ois	0.12676056338	0.577464788732	0.295774647887	0.0
-ion	0.0564263322884	0.901253918495	0.0282131661442	0.0141065830721
-lea	0.0615901591615	0.90213751941	0.021350931677	0.0149213897516
-mus	0.0421052631579	0.933638443936	0.00686498855836	0.0173913043478
-mur	0.0210280373832	0.960280373832	0.0070093457944	0.0116822429907
-ios	0.0	1.0	0.0	0.0
-les	0.0	1.0	0.0	0.0
-iot	0.0	0.996383363472	0.0	0.00361663652803
-bka	0.119318181818	0.846590909091	0.0340909090909	0.0
-giu	0.470604275742	0.4122491274	0.0648996509598	0.0522469458988
-alu	0.333632679905	0.519684500993	0.0217838461204	0.124898972982
-ndu	0.361372973369	0.304645660627	0.159012544934	0.17496882107
-alo	0.277227319036	0.63724389064	0.0419661264522	0.0435626638715
-ndo	0.0657298027085	0.726737043389	0.0913423277625	0.11619082614
-ali	0.277852623826	0.269110446355	0.0727303649045	0.380306564914
-nda	0.342676757867	0.556412849268	0.0335765705893	0.0673338222761
--eo	0.0854541692531	0.378232981585	0.107179805504	0.429133043658
-ale	0.16373056103	0.722712290334	0.023580643218	0.0899765054176
-nde	0.324336110446	0.393742257484	0.172266740551	0.109654891518
-gia	0.158587826534	0.602293267922	0.0358181656915	0.203300739853
-ala	0.127199937646	0.408801875053	0.0302783484369	0.433719838864
-o'o	0.332953689819	0.363980276304	0.0482337205162	0.25483231336
-yol	0.0	0.98064516129	0.0	0.0193548387097
-pee	0.412213740458	0.358778625954	0.229007633588	0.0
-pea	0.62146753396	0.1686612921	0.0501036320393	0.1597675419
-peo	0.626086956522	0.373913043478	0.0	0.0
-ogu	0.329268292683	0.634146341463	0.0365853658537	0.0
-iyo	0.186588410495	0.173417095803	0.0135154583054	0.626479035397
-eli	0.294550896447	0.490184571144	0.161037589131	0.0542269432788
-elo	0.297086702031	0.398696149879	0.17037042585	0.13384672224
-ogo	0.535898997333	0.385867572399	0.0547634011873	0.0234700290803
-oga	0.445639329821	0.371023126259	0.0744024717922	0.108935072127
-ela	0.398951172537	0.329067813115	0.0711961970988	0.200784817249
-oge	0.826330532213	0.106442577031	0.0504201680672	0.0168067226891
-ele	0.362643495052	0.303051024435	0.0495292835351	0.284776196978
-itu	0.216811207472	0.258839226151	0.19212808539	0.332221480987
-esi	0.257415975802	0.459421603361	0.0122866805599	0.270875740277
-eso	0.771428571429	0.185714285714	0.0	0.0428571428571
-iti	0.521646859083	0.316213921902	0.0475382003396	0.114601018676
-esa	0.441889631824	0.248747092048	0.0194971542271	0.289866121901
-ite	0.025	0.945833333333	0.0229166666666	0.00624999999999
-ese	0.711538461539	0.173076923077	0.115384615385	0.0
-ita	0.415703725188	0.096844126201	0.0160035559855	0.471448592625
-udu	0.27128011611	0.393068214804	0.082763425254	0.252888243832
-fan	0.0	0.892601431981	0.107398568019	0.0
-fas	0.0346688810463	0.961179157152	0.0	0.00415196180195
-uda	0.12631535556	0.33228299547	0.507717554154	0.0336840948161
-fat	0.0	1.0	0.0	0.0
-udi	0.0445944173279	0.769584089561	0.0948999430259	0.0909215500853
-abu	0.602023608769	0.353341062394	0.0269287521079	0.0177065767285
-nju	0.363032785641	0.449536094763	0.0875379562769	0.099893163319
-abe	0.559656260877	0.2904139512	0.0238841080666	0.126045679857
-nje	0.118746573768	0.767546729385	0.0369590974199	0.0767475994271
-aba	0.151851851852	0.788888888889	0.0592592592592	0.0
-nja	0.385745742612	0.532913809578	0.049418342768	0.0319221050424
-njo	0.140631406314	0.737187371874	0.0147601476015	0.107421074211
-woe	0.432418162619	0.438225976769	0.0791974656811	0.0501583949314
-ron	0.0185185185185	0.962962962963	0.0185185185185	0.0
-nji	0.251255852272	0.655860937983	0.0324955835841	0.0603876261604
-hus	0.0268518518518	0.967592592593	0.0	0.00555555555555
-tua	0.0874128131894	0.735893495804	0.0890641192636	0.0876295717433
-nci	0.432249322493	0.567750677507	0.0	0.0
-sou	0.524390243902	0.382926829268	0.0	0.0926829268293
-tui	0.449840255591	0.320766773163	0.115015974441	0.114376996805
-ael	0.0320422586309	0.921258471317	0.0202005543543	0.0264987156975
-aeo	0.12090790048	0.543649061545	0.167830641641	0.167612396333
-oru	0.304881027201	0.235460960575	0.425351773276	0.0343062389485
-kou	0.295599780902	0.393737447508	0.129267847362	0.181394924229
-tus	0.0149579528224	0.955669457845	0.00878401261834	0.0205885767147
-oro	0.161126579383	0.562570683117	0.0968124839298	0.179490253571
-kos	0.0	1.0	0.0	0.0
-ora	0.431868766995	0.316504260064	0.0588726710599	0.19275430188
-soa	0.159917355372	0.346694214876	0.473553719008	0.0198347107438
-ore	0.659796164983	0.15425948304	0.0231195421692	0.162824809807
-jea	0.561754598747	0.364463311098	0.0151607034566	0.058621386699
-liu	0.145184066817	0.079871302469	0.145080051528	0.629864579186
-omu	0.378566230813	0.334543818321	0.034787574045	0.252102376821
-ruu	0.408	0.592	0.0	0.0
-lim	0.276315789474	0.217105263158	0.0	0.506578947368
-omi	0.0191996324843	0.0160851399599	0.00474218746002	0.959973040096
-rui	0.0223825822814	0.861634945897	0.1098781312	0.00610434062221
-run	0.0227272727273	0.977272727273	0.0	0.0
-oma	0.0598578983227	0.686597670571	0.199850760796	0.0536936703111
-ruf	0.144476477526	0.566570567422	0.282073122789	0.00687983226314
-lia	0.0571360240052	0.921942957104	0.0152939862236	0.00562703266718
-ome	0.466790603346	0.434848740916	0.0334629034984	0.0648977522392
-eas	0.00127226463104	0.998727735369	0.0	0.0
-odu	0.183884297521	0.128099173554	0.0247933884298	0.663223140496
-abi	0.0900634551738	0.799197974029	0.0358709899723	0.0748675808252
-oda	0.570883315158	0.208833151581	0.0970556161396	0.123227917121
-ode	0.628571428571	0.264285714286	0.0428571428571	0.0642857142857
-odo	0.354317664113	0.422447711742	0.11762269621	0.105611927935
-uri	0.260022840656	0.325118711306	0.346697120875	0.0681613271624
-uro	0.149386330858	0.459862780568	0.317385307603	0.073365580971
-ura	0.0797876719649	0.260678605006	0.0540961074558	0.605437615574
-rga	0.0	0.986842105263	0.0	0.0131578947368
-uru	0.234779130649	0.61501835604	0.0519377652077	0.0982647481042
-wau	0.266811472371	0.540938069455	0.170320748116	0.0219297100579
-dus	0.0	0.858712715856	0.0753532182103	0.0659340659341
-mes	0.0	0.939479239972	0.0605207600281	0.0
-api	0.120466801452	0.060494430555	0.0072936074504	0.811745160543
-apo	0.0783267058759	0.824806703239	0.0163138232835	0.0805527676014
-waa	0.429256594724	0.426858513189	0.115107913669	0.0287769784172
-apu	0.373235912321	0.59048143329	0.0139125212691	0.0223701331198
-wao	0.148172430749	0.37944599246	0.134404196034	0.337977380757
-pas	0.00696864111498	0.933797909408	0.0592334494773	0.0
-wai	0.696339184741	0.120293760015	0.0176471951969	0.165719860047
-lus	0.0406655751437	0.845336277907	0.00371879323256	0.110279353717
-nuh	0.0	1.0	0.0	0.0
-sus	0.0115541588944	0.606378437506	0.00296560763396	0.379101795966
-ari	0.042270501621	0.0226211572975	0.00356690757798	0.931541433504
-kes	0.0	1.0	0.0	0.0
-sos	0.0363636363636	0.936363636364	0.0	0.0272727272727
-suf	0.0412589994462	0.905298135499	0.00443049658483	0.0490123684696
-nur	0.0951427297896	0.847068498999	0.00263675001727	0.0551520211945
-nus	0.0324704799177	0.912587992131	0.0147593090535	0.0401822188982
-sua	0.596849080487	0.080679011031	0.0795103791064	0.242961529376
-i'a	0.0309919158976	0.0245553038274	0.000725641072863	0.943727139202
-dia	0.415755527524	0.241078611038	0.142961182379	0.200204679058
-lui	0.349573690621	0.499390986602	0.0803897685749	0.0706455542022
-dim	0.0227272727273	0.977272727273	0.0	0.0
-dii	0.583333333333	0.145833333333	0.1875	0.0833333333333
-diu	0.607764501282	0.352430998036	0.0248122217058	0.0149922789763
-ori	0.210382513661	0.231557377049	0.0751366120219	0.482923497268
-uks	0.0	0.987012987013	0.0	0.012987012987
-uku	0.346985648457	0.427493610124	0.0386256827826	0.186895058636
-uka	0.410825756216	0.319871919029	0.166142769058	0.103159555697
-uke	0.0379746835443	0.962025316456	0.0	0.0
-ggu	0.225801606104	0.411244822273	0.0809187635861	0.282034808037
-nna	0.0567901234568	0.874074074074	0.0	0.0691358024691
-uko	0.118644067797	0.881355932203	0.0	0.0
-ngu	0.183219181879	0.132852920256	0.0795868957519	0.604341002113
-ais	0.0714285714286	0.928571428571	0.0	0.0
-tis	0.0	0.988826815642	0.0111731843575	0.0
-nga	0.410772215399	0.369246744968	0.122310401565	0.0976706380687
-tia	0.0229175848391	0.892022917585	0.0753635962979	0.00969590127809
-aim	0.0	1.0	0.0	0.0
-ngi	0.305227185233	0.483786045563	0.0485343751033	0.1624523941
-tin	0.0	0.96875	0.03125	0.0
-ain	0.0	1.0	0.0	0.0
-ngo	0.174732245698	0.270720129807	0.0494454487389	0.505102175756
-eme	0.0838062427311	0.704128734871	0.197139353062	0.014925669336
-jau	0.262260127932	0.507462686567	0.0191897654584	0.211087420043
-ema	0.0769336554655	0.22454038562	0.00242831055748	0.696097648357
-emo	0.498805755957	0.258199145903	0.0927836371485	0.150211460991
-emu	0.246026954376	0.615217411358	0.0426178019532	0.096137832313
-uwu	0.396932020783	0.37227053509	0.0502756625081	0.180521781619
-jaa	0.377059887514	0.451978868885	0.082533972724	0.0884272708774
-das	0.0330811452307	0.876724521584	0.000890075656431	0.0893042575286
-jai	0.947521865889	0.0349854227405	0.00437317784256	0.0131195335277
-eti	0.0207218097047	0.937834570886	0.0103609048524	0.031082714557
-son	0.0143198090692	0.978520286396	0.0071599045346	0.0
-rus	0.0237687289958	0.877401658473	0.0041182182859	0.0947113942457
-dai	0.109014808641	0.771255036967	0.0639902337757	0.0557399206159
-dae	0.750404312668	0.209703504043	0.00646900269542	0.033423180593
-etu	0.14869259222	0.0253922505586	0.00387262329231	0.822042533929
-eta	0.040277253582	0.681244788045	0.0583005297751	0.220177428598
-ete	0.247966813246	0.330336730452	0.237774074681	0.183922381621
-lis	0.0331753554502	0.96682464455	0.0	0.0
-eto	0.633802816901	0.183098591549	0.12676056338	0.056338028169
-atu	0.0855790747194	0.608611682863	0.0644953308269	0.241313911591
-bul	0.0349650349651	0.958041958042	0.0	0.006993006993
-uyo	0.514705882353	0.323529411765	0.0735294117647	0.0882352941176
-uya	0.151214663091	0.0973694060762	0.110451809262	0.640964121571
-bua	0.143603226429	0.528895684044	0.231908494024	0.0955925955033
-lio	0.157004073958	0.79050454403	0.0321215919774	0.0203697900345
-ata	0.431127979014	0.336184658368	0.0378957137919	0.194791648826
-omo	0.59685680155	0.157190248034	0.0516738136288	0.194279136788
-ati	0.241966605778	0.439784918573	0.275283645064	0.0429648305848
-ose	0.23245516936	0.679654638034	0.0531326101394	0.0347575824663
-kai	0.650821856953	0.222567747668	0.0693025322079	0.057307863172
-edi	0.126418277319	0.239815039815	0.384757374107	0.249009308759
-osa	0.0173039900212	0.922251714094	0.052026689432	0.00841760645317
-ulo	0.0428571428571	0.957142857143	0.0	0.0
-oso	0.351088044281	0.313443175456	0.187271949802	0.14819683046
-ula	0.346510311894	0.291523035191	0.0591266378734	0.302840015042
-kae	0.200721695986	0.703803939257	0.0112764997745	0.0841978649827
-ule	0.151341755274	0.449346846102	0.232271684463	0.167039714161
-osu	0.415359456481	0.176334758105	0.0508495988883	0.357456186526
-nia	0.0820928307721	0.82868153291	0.0238086300861	0.0654170062313
-kas	0.0382276281494	0.940920938315	0.010425716768	0.010425716768
-kau	0.867256141184	0.0631641066724	0.00530790812374	0.06427184402
-ulu	0.0634483312537	0.27754028057	0.0113632892791	0.647648098897
-khe	0.0666666666667	0.933333333333	0.0	0.0
-aja	0.411943284316	0.191783946934	0.30410978135	0.0921629874003
-kho	0.0	1.0	0.0	0.0
-ate	0.402347173956	0.322096356314	0.213692198134	0.0618642715951
-aju	0.170498495918	0.638268156425	0.0567253975075	0.13450795015
-fia	0.0333333333333	0.966666666667	0.0	0.0
-fus	0.0	1.0	0.0	0.0
-ilu	0.614852535729	0.313846058222	0.0317437766659	0.0395576293836
-ile	0.0281690140845	0.799402475459	0.0930431071276	0.079385403329
-ila	0.28557064809	0.490539118875	0.116993601019	0.106896632015
-ilo	0.0950950950951	0.828161494828	0.015015015015	0.0617283950618
-yus	0.0	1.0	0.0	0.0
-ojo	0.696369986242	0.0117472748439	0.022224574029	0.269658164885
-ili	0.498426520881	0.147292135857	0.0246760639509	0.329605279312
-iga	0.0	1.0	0.0	0.0
-bus	0.0101757631822	0.981961147086	0.00601295097132	0.00185013876041
-eba	0.15122043141	0.283623875615	0.373647757383	0.191507935592
-igi	0.442064149604	0.225943898686	0.113622913954	0.218369037756
-amu	0.227840225437	0.504335362659	0.050675908147	0.217148503757
-ebe	0.0	1.0	0.0	0.0
-ami	0.0218957326826	0.0111461839469	0.00154706095145	0.965411022419
-amo	0.541304099332	0.148909264309	0.0770259790434	0.232760657316
-ama	0.230991531234	0.685441614273	0.0387783532578	0.0447885012343
-oas	0.0696378830083	0.924791086351	0.00557103064066	0.0
-ebu	0.744368077579	0.117785982128	0.0137845940292	0.124061346263
-usi	0.216376369187	0.537618962112	0.135033219608	0.110971449093
-iro	0.0	0.593984962406	0.406015037594	0.0
-iri	0.347048386229	0.426058295971	0.049622785839	0.177270531962
-gus	0.0	1.0	0.0	0.0
-hia	0.0453618756371	0.924057084608	0.019877675841	0.0107033639144
-usa	0.196617435421	0.639702317911	0.0944941305316	0.0691861161362
-ira	0.0396349076377	0.0194576874638	0.00187653509146	0.939030869807
-guu	0.166666666667	0.664319248826	0.133802816901	0.0352112676056
-uli	0.688356175099	0.120826682781	0.0146673517624	0.176149790357
-gua	0.740849194729	0.207906295754	0.0424597364568	0.00878477306002
-his	0.0	1.0	0.0	0.0
-usu	0.142385414315	0.389196206819	0.321319710996	0.147098667871
-kan	0.0676691729324	0.721804511278	0.210526315789	0.0
-uza	0.0	1.0	0.0	0.0
-eru	0.766099185788	0.141524796447	0.0719467061436	0.020429311621
-epe	0.613197765372	0.0654632717133	0.00701579973435	0.31432316318
-epa	0.364980566552	0.275586706	0.139872791972	0.219559935475
-ges	0.0344827586207	0.931034482759	0.0344827586207	0.0
-ros	0.0	0.141025641026	0.858974358974	0.0
-epu	0.0185950413223	0.981404958678	0.0	0.0
-cee	0.216216216216	0.00540540540541	0.691891891892	0.0864864864865
-tas	0.0	1.0	0.0	0.0
-kaa	0.0	0.978389705642	0.0	0.0216102943584
-wio	0.0714285714287	0.90625	0.0223214285714	0.0
-pia	0.372312229756	0.130184665505	0.0426645705183	0.454838534221
-ris	0.0	1.0	0.0	0.0
-pii	0.373001776199	0.301041716672	0.26546973261	0.0604867745187
-ius	0.0444825765576	0.912134811686	0.0102076733545	0.033174938402
-wia	0.608998414431	0.165846068732	0.0410420898426	0.184113426994
-tun	0.0128595923033	0.98142503334	0.00571537435701	0.0
-ium	0.0309769658459	0.938046068308	0.0262112787927	0.00476568705323
-uel	0.00958466453673	0.980830670927	0.00958466453674	0.0
-ueo	0.0614525139664	0.424581005587	0.0223463687151	0.491620111732
-owi	0.363849765258	0.400234741784	0.0809859154929	0.154929577465
-owo	0.242046822172	0.675707759862	0.0324652965656	0.0497801214005
-owa	0.639155380269	0.202947972683	0.113182552309	0.0447140947392
-owe	0.417060600476	0.466258763952	0.0679367953782	0.0487438401936
-sda	0.109090909091	0.781818181818	0.0	0.109090909091
-agi	0.492802376409	0.371340435392	0.0550754220774	0.080781766122
-ago	0.306372953452	0.55275965858	0.0531895796981	0.0876778082694
-aga	0.274319183703	0.11298701511	0.0366359352193	0.576057865968
-min	0.01273190251	0.309567115315	0.0	0.677700982175
-owu	0.209530683474	0.70412023393	0.00439063131843	0.0819584512773
-age	0.0719424460431	0.928057553957	0.0	0.0
-ege	0.837173350774	0.162826649226	0.0	0.0
-one	0.210465064232	0.605344434	0.107649612819	0.0765408889486
-rta	0.0248797478852	0.732791507713	0.0	0.242328744402
-anu	0.184957678603	0.374717006757	0.0718389638721	0.368486350768
-ega	0.172975417863	0.678230866267	0.123958454363	0.0248352615068
-ona	0.170148694478	0.40612269947	0.161377957365	0.262350648687
-ono	0.371236995695	0.297104985403	0.119197151038	0.212460867864
-oni	0.566206903512	0.368520766607	0.0259133594285	0.0393589704527
-gga	0.171909046946	0.341139915537	0.131896157662	0.355054879854
-dam	0.109482657947	0.819280625949	0.0303631904707	0.0408735256335
-dan	0.00518433179724	0.994815668203	0.0	0.0
-onu	0.506400261087	0.0924683613156	0.385901294557	0.0152300830402
-gge	0.0416024653313	0.828967642527	0.0832049306625	0.0462249614792
-ane	0.136971223613	0.0592972944767	0.00425932606847	0.799472155841
-ani	0.515344688908	0.137187040829	0.0407120623337	0.306756207929
-ank	0.182154822783	0.71345441721	0.0409098924352	0.0634808675718
-ggo	0.352800878707	0.294770003259	0.314323649048	0.0381054689857
-ano	0.0852942603464	0.785696957935	0.0778710397361	0.0511377419824
-yik	0.0234604105572	0.96271470465	0.00251361541684	0.0113112693758
-tau	0.044950575712	0.338433946581	0.0095012634642	0.607114214243
-aal	0.0476920456481	0.802418668029	0.0987906659853	0.0510986203372
-tar	0.0	1.0	0.0	0.0
-aji	0.361139458007	0.358415248595	0.219299988338	0.0611453050594
-mia	0.0295566502463	0.960591133005	0.00985221674877	0.0
-enu	0.136835470995	0.0571539385582	0.00856501058507	0.797445579862
-ens	0.0714285714286	0.928571428571	0.0	0.0
-mis	0.00560224089636	0.991596638655	0.00280112044818	0.0
-eni	0.525144476309	0.266367926145	0.0314029455115	0.177084652034
-ene	0.0298273155416	0.960753532182	0.00470957613814	0.00470957613815
-rmo	0.172284644195	0.782771535581	0.0	0.0449438202247
-oel	0.0	1.0	0.0	0.0
