-cac	0.318262185239	0.230375313664	0.0898780585087	0.361484442589
-cab	0.0895033759382	0.76721226651	0.0427928288678	0.100491528684
-hex	0.193650102021	0.221667195686	0.0580327878155	0.526649914477
-ʌbʌ	0.102505694761	0.546697038724	0.0	0.350797266515
-caj	0.27869401589	0.0156448128039	0.000519001631436	0.705142169675
-can	0.142592050005	0.791483543315	0.0615294462349	0.00439496044535
-her	0.359172474781	0.558517166415	0.0673448390214	0.0149655197825
-aja	0.740127459207	0.116302315882	0.039426562356	0.104143662555
-cas	0.165013059446	0.311247917339	0.0266050302069	0.497133993008
-car	0.416214722716	0.252211016447	0.0723056801571	0.25926858068
-hen	0.0480604000832	0.0348753791736	0.0206095143036	0.89645470644
-ive	0.0326424024808	0.967357597519	0.0	0.0
-hej	0.398129345886	0.481262691527	0.0553812073103	0.0652267552766
-cat	0.679245283019	0.11320754717	0.0943396226415	0.11320754717
-caz	0.0	1.0	0.0	0.0
-cay	0.117031677747	0.737860122539	0.0518185373485	0.0932896623648
-cax	0.0877715978058	0.0707944550155	0.0469112957525	0.794522651426
-ivo	0.188074816575	0.763666425545	0.0161206985636	0.0321380593159
-xen	0.52287008622	0.308052023966	0.042525208242	0.126552681572
-muc	0.111812173746	0.471927829127	0.0672321727887	0.349027824338
-xej	0.556236716163	0.403452713156	0.0240880239435	0.0162225467374
-dío	0.176310955799	0.543310897667	0.081335467792	0.199042678741
-ʌch	0.36629667003	0.326437941473	0.222502522704	0.0847628657921
-'bi	0.12	0.12	0.288	0.472
-ʌco	0.477064220184	0.142420270861	0.0157273918742	0.364788117082
-bte	0.802843601896	0.0796208530805	0.0208530805687	0.0966824644549
-yej	0.384213479716	0.193676785709	0.235172516057	0.186937218519
-xex	0.442538415796	0.40162815334	0.060621700794	0.0952117300705
-ʌct	0.524625267666	0.389721627409	0.0107066381156	0.0749464668094
-lea	0.00944525966031	0.97927946162	0.00637555027071	0.00489972844878
-'i'	0.371276285047	0.355651285047	0.183265186916	0.0898072429907
-nse	0.586734693878	0.321428571429	0.030612244898	0.0612244897959
-op'	0.169191244476	0.734415784606	0.0604254444559	0.0359675264618
-aum	0.0710749646394	0.897100424328	0.0148514851485	0.016973125884
-nsa	0.51912568306	0.4024708957	0.0142551674982	0.064148253742
-xer	0.308026827677	0.362636182673	0.152495684279	0.176841305371
-uez	0.11667947295	0.776914539401	0.0694385156094	0.0369674720396
-ca'	0.312964250549	0.0223348458073	0.00505563423253	0.659645269411
-pur	0.33879098328	0.369505978508	0.115267549971	0.17643548824
-nta	0.083725267686	0.148368168799	0.046628887079	0.721277676436
-yen	0.359457942017	0.355221518987	0.118798489179	0.166522049816
-nte	0.216167546243	0.563511642674	0.0391593542141	0.18116145687
-'ub	0.328391988231	0.421523141338	0.104107728867	0.145977141564
-uan	0.0596908223092	0.835783415589	0.0127848024936	0.0917409596081
-les	0.2	0.605194805195	0.119480519481	0.0753246753247
-ʌxt	0.502568684387	0.252847889211	0.192651329015	0.0519320973866
-apa	0.41958041958	0.444055944056	0.136363636364	0.0
-puc	0.319337670018	0.467770549971	0.0106445890006	0.202247191011
-he'	0.243756656842	0.533853337584	0.074348357651	0.148041647923
-dro	0.0582442152158	0.885038378055	0.00947069385245	0.0472467128764
-pam	0.226425591099	0.770236439499	0.00333796940195	0.0
-cre	0.47619047619	0.285714285714	0.238095238095	0.0
-pre	0.00963855421687	0.961445783132	0.00722891566265	0.021686746988
-ʌc'	0.270253422095	0.583382523163	0.0342104480352	0.112153606707
-hem	0.186153739973	0.761741729251	0.00792369205003	0.0441808387253
-das	0.100055191989	0.820967699545	0.00433651344319	0.0746405950222
-más	0.0051635111876	0.994836488812	0.0	0.0
-xe'	0.373147810192	0.413870901222	0.120059213297	0.0929220752889
-'is	0.379719345139	0.305379218176	0.15603073839	0.158870698296
-'ir	0.20277800035	0.719032177481	0.0576828944498	0.020506927719
-ota	0.0	0.974335472044	0.025664527956	0.0
-'in	0.0879244224113	0.831634084744	0.0434945281078	0.0369469647367
-opo	0.0	0.79020979021	0.167832167832	0.041958041958
-'ij	0.355539513068	0.359579686834	0.203169657746	0.0817111423518
-nac	0.449540966268	0.264453710848	0.0725611394787	0.213444183405
-xba	0.376068376068	0.418803418803	0.153846153846	0.0512820512821
-ope	0.018387553041	0.970297029703	0.00424328147102	0.007072135785
-'ic	0.501290923111	0.233169941284	0.0826721374243	0.182866998181
-'ib	0.499459074944	0.287875868815	0.0269721534745	0.185692902767
-ri'	0.111387496559	0.112113577323	0.0894723255425	0.687026600576
-msa	0.478021978022	0.131868131868	0.0164835164835	0.373626373626
-dec	0.0310375406444	0.96748448123	0.0	0.00147797812592
-ut'	0.0604606525912	0.926103646833	0.00575815738964	0.00767754318618
-pʌy	0.320441697395	0.432060001187	0.109896633838	0.137601667579
-oes	0.02700270027	0.871737173717	0.0472547254726	0.0540054005401
-ups	0.417355371901	0.55785123967	0.0247933884297	0.0
-deo	0.00175953079179	0.994721407625	0.0	0.00351906158358
-des	0.0348032887137	0.88821091255	0.0540871101447	0.0228986885914
-pʌj	0.047770700637	0.544341009309	0.404213620774	0.00367466927977
-te'	0.164361860984	0.455848827007	0.0610459705937	0.318743341415
-'ta	0.490171990172	0.262899262899	0.10687960688	0.140049140049
-uin	0.0740492733116	0.265604322665	0.0398009468443	0.620545457179
-pʌc	0.736526946108	0.14371257485	0.0479041916168	0.0718562874252
-imo	0.0818967985797	0.573793024454	0.0591031441498	0.285207032816
-ho'	0.281403097439	0.278256800484	0.0347826348004	0.405557467277
-ido	0.0670391061453	0.463687150838	0.0	0.469273743017
-ech	0.229114732692	0.328247951046	0.064067886363	0.378569429899
-bir	0.407447071697	0.408154003268	0.0872692793766	0.0971296456586
-obo	0.000996319154236	0.991033127612	0.00199263830847	0.00597791492542
-rpo	0.0	0.899833055092	0.0	0.100166944908
-rpa	0.08100810081	0.9099909991	0.0	0.00900090009
-ji'	0.449081402032	0.090617942652	0.0254886222599	0.434812033056
-eca	0.0790398126463	0.806791569087	0.0351288056206	0.0790398126463
-llo	0.0	0.944700460829	0.0552995391705	0.0
-ida	0.0595065312046	0.925979680697	0.0145137880987	0.0
-its	0.042885786425	0.851217882073	0.0284048715283	0.0774914599733
-me'	0.240541578644	0.431854554766	0.161481339223	0.166122527367
-bic	0.210870205698	0.129059406486	0.0133525848896	0.646717802927
-bia	0.0552016985138	0.91932059448	0.0254777070063	0.0
-bin	0.233986329581	0.0410463503446	0.00330560002389	0.721661720051
-bij	0.463029399719	0.416470863576	0.0700579864564	0.0504417502487
-yuc	0.0342133093317	0.920229094874	0.0	0.0455575957943
-tle	0.0	0.718397997497	0.0375469336671	0.244055068836
-tep	0.187864644107	0.619603267211	0.12252042007	0.0700116686114
-eja	0.136363636364	0.204545454545	0.431818181818	0.227272727273
-a'y	0.602816901408	0.180281690141	0.0169014084507	0.2
-a'x	0.907894736842	0.0921052631579	0.0	0.0
-tet	0.0117439231077	0.963957097145	0.00457645225881	0.0197225274888
-ric	0.566146585109	0.147171844685	0.028517993016	0.25816357719
-ria	0.0501729431425	0.864327076289	0.0448874897983	0.0406124907699
-tex	0.402895772808	0.414373783579	0.0632323333698	0.119498110243
-a'r	0.424817731923	0.402632671956	0.0766529727454	0.0958966233748
-rim	0.309160305344	0.533396946565	0.123091603053	0.0343511450382
-rij	0.621360307619	0.153440778483	0.0443690827591	0.180829831139
-rʌp	0.509146341463	0.399390243902	0.0548780487805	0.0365853658537
-uts	0.492602160639	0.381751996242	0.0135039924847	0.112141850634
-yar	0.286935388646	0.654175667955	0.0201566182106	0.0387323251891
-yur	0.561666666667	0.338333333333	0.045	0.055
-rir	0.168300854533	0.582981710193	0.157811595802	0.0909058394719
-ris	0.189588189588	0.807303807304	0.003108003108	0.0
-a'c	0.30833397998	0.488748351051	0.150927291069	0.0519903779002
-a'b	0.57128298947	0.25470895756	0.0533810360756	0.120627016894
-tej	0.468090057801	0.353575788287	0.0782283425916	0.100105811321
-rʌr	0.307176575221	0.6100431005	0.060888007115	0.021892317165
-ten	0.133571004012	0.0435384137741	0.013455254601	0.809435327613
-teo	0.159178263016	0.659868774993	0.057182156505	0.123770805486
-lux	0.163934426229	0.811475409836	0.0	0.0245901639344
-ran	0.0618743184892	0.0486358606014	0.0394094877478	0.850080333162
-e'e	0.867502541511	0.132497458489	0.0	0.0
-ʌ'r	0.495159059474	0.347164591978	0.0663900414938	0.0912863070539
-ara	0.305471762014	0.524890619893	0.0626449704842	0.106992647609
-mes	0.0	1.0	0.0	0.0
-aro	0.0878894767784	0.790711346267	0.0396825396825	0.0817166372722
-ec'	0.19635372395	0.687379703178	0.0793348379596	0.0369317349122
-ari	0.447587354409	0.352745424293	0.0349417637271	0.164725457571
-rón	0.0127659574468	0.955319148936	0.0255319148936	0.0063829787234
-waj	0.119549929677	0.825316455696	0.00506329113924	0.0500703234881
-bi'	0.406695519744	0.341331576947	0.113426197776	0.138546705533
-ram	0.172040989001	0.698928269249	0.0378396164332	0.0911911253173
-mea	0.0799999999999	0.84	0.0	0.0800000000001
-jix	0.19640771028	0.145882009346	0.0389408099689	0.618769470405
-raj	0.81192295976	0.069771749259	0.0105212053535	0.107784085627
-meo	0.265486725664	0.70796460177	0.0132743362832	0.0132743362832
-men	0.204271024514	0.294919449028	0.389260179332	0.111549347126
-jir	0.207868027851	0.589293758175	0.120309493062	0.0825287209125
-mej	0.331409727947	0.342951360264	0.16735366859	0.158285243199
-bán	0.114243323442	0.543026706231	0.244807121662	0.0979228486647
-mas	0.132492113565	0.832018927445	0.0141955835962	0.0212933753943
-aya	0.00365965233303	0.996340347667	0.0	0.0
-ot'	0.103830736309	0.497965580638	0.323548027367	0.0746556556858
-ij-	0.322580645161	0.212903225806	0.270967741935	0.193548387097
-ayo	0.0421393841167	0.822059199864	0.0692655463618	0.066535869658
-rʌj	0.708880442294	0.170467634186	0.0228441987253	0.0978077247946
-ays	0.41512605042	0.489075630252	0.0638655462185	0.0319327731092
-bás	0.0183728541081	0.959235229948	0.0155020956537	0.00688982029054
-wʌr	0.473256672645	0.185990083342	0.111122832929	0.229630411084
-p'a	0.859154929578	0.112676056338	0.0	0.0281690140845
-wʌt	0.646290491118	0.174503657262	0.055381400209	0.123824451411
-xax	0.043956043956	0.825866441251	0.125105663567	0.0050718512257
-rab	0.416285832987	0.156834233486	0.283547985044	0.143331948484
-ubs	0.476190476191	0.380952380952	0.047619047619	0.0952380952381
-na'	0.1648045555	0.238281555792	0.0472215014268	0.549692387281
-ubi	0.802197802198	0.0	0.0	0.197802197802
-dán	0.0391709783975	0.944312900114	0.00292320734309	0.0135929141454
-wʌc	0.356073211315	0.384359400998	0.0698835274543	0.189683860233
-xad	0.0	1.0	0.0	0.0
-uba	0.758872802983	0.0750496295938	0.0510821672396	0.114995400184
-xaj	0.521142195226	0.403677435064	0.021944540348	0.0532358293626
-si'	0.170409612741	0.275004166555	0.368645605283	0.185940615421
-xam	0.0362589543221	0.89904801564	0.0224839300656	0.0422090999724
-xan	0.00580058977635	0.0145581870403	0.0421647363965	0.937476486787
-sʌt	0.340909090909	0.375598086124	0.206937799043	0.0765550239234
-umt	0.475322490185	0.326977005048	0.0939427930455	0.103757711722
-tán	0.169984686064	0.702143950995	0.0658499234304	0.06202143951
-ote	0.0245547688527	0.915789393588	0.0489719386752	0.0106838988844
-sʌr	0.415120207609	0.393918621162	0.15374822504	0.0372129461881
-eba	0.0	1.0	0.0	0.0
-oto	0.0357142857143	0.928571428571	0.0357142857143	0.0
-rán	0.0	1.0	0.0	0.0
-ots	0.216721431179	0.715808689303	0.0490690032859	0.0184008762322
-sʌc	0.0160779617082	0.366865805269	0.609181313002	0.00787492002034
-eví	0.0992785286048	0.854232293466	0.0342952951936	0.0121938827355
-umi	0.0352941176471	0.752941176471	0.0705882352941	0.141176470588
-sʌj	0.318446601942	0.384466019417	0.0699029126214	0.227184466019
-naj	0.353740372913	0.481447953482	0.0166136543276	0.148198019277
ALL	0.237114062163	0.296414825605	0.0555568562758	0.410914255957
-ufo	0.0	0.961538461538	0.0384615384615	0.0
-nan	0.0777489843875	0.435842679871	0.200452153391	0.28595618235
-nal	0.159292035398	0.840707964602	0.0	0.0
-nab	0.059537821613	0.885017975907	0.0139747353295	0.0414694671507
-sir	0.077928215316	0.698827560578	0.158354460904	0.0648897632016
-sip	0.0738375573738	0.854120933945	0.0480941927759	0.023947315905
-omé	0.0	1.0	0.0	0.0
-aús	0.338461538462	0.569230769231	0.0615384615385	0.0307692307692
-aúl	0.110619469027	0.800884955752	0.0	0.0884955752213
-sij	0.0429505333597	0.510358902114	0.418905683863	0.0277848806635
-sio	0.125009848465	0.858444730415	0.0	0.0165454211204
-sin	0.068263712623	0.749888434527	0.124188423496	0.0576594293542
-xa'	0.379502413665	0.426290382473	0.130337913108	0.0638692907538
-sic	0.502970328383	0.319346021816	0.0506431827252	0.127040467076
-nas	0.0354929577465	0.949295774648	0.00507042253521	0.0101408450704
-sia	0.0	0.996690261568	0.0	0.00330973843186
-cse	0.902834008097	0.0607287449392	0.0	0.0364372469636
-nat	0.254237288136	0.322033898305	0.35593220339	0.0677966101695
-mos	0.0241253186714	0.969295048964	0.00219321078831	0.00438642157662
-mor	0.0	0.975903614458	0.0240963855422	0.0
-t'i	0.312977099237	0.206106870229	0.0229007633588	0.458015267176
-re'	0.114611595518	0.0481697059065	0.0148916291925	0.822327069383
-ebe	0.567272727273	0.432727272727	0.0	0.0
-up'	0.287521091649	0.218446692736	0.0169735170383	0.477058698577
-aán	0.0500483558994	0.873791102515	0.0471470019342	0.0290135396518
-mob	0.259116133816	0.487062541658	0.0891205523977	0.164700772128
-wur	0.187628501014	0.51499802568	0.0849638495158	0.21240962379
-yʌj	0.0719424460432	0.568345323741	0.0	0.359712230216
-moj	0.0379746835443	0.924050632911	0.0	0.0379746835443
-com	0.141414141414	0.308641975309	0.516273849607	0.03367003367
-bex	0.387036483439	0.373446187212	0.100341651596	0.139175677754
-con	0.240619902121	0.139477977161	0.232463295269	0.387438825449
-nto	0.0428720668596	0.645732883317	0.0152684024429	0.29612664738
-coj	0.228823407907	0.341356764814	0.0680689763036	0.361750850975
-ber	0.199288922153	0.150713534763	0.0597831382435	0.590214404841
-eos	0.382550335571	0.577181208054	0.0	0.0402684563758
-eor	0.0	1.0	0.0	0.0
-u'y	0.728670556695	0.224215423435	0.0167560321716	0.0303579876991
-cob	0.349142100996	0.42559082875	0.0570318367413	0.168235233513
-bej	0.302138068821	0.516464631142	0.0383194670171	0.14307783302
-ben	0.156303827011	0.199287890317	0.55182982934	0.0925784533314
-beo	0.0	0.878892733564	0.0484429065744	0.0726643598616
-yac	0.395564907737	0.38044674652	0.0610877306571	0.162900615086
-yab	0.211267605634	0.764587525151	0.0140845070423	0.010060362173
-yam	0.420662805052	0.45731649416	0.0372709144431	0.0847497863451
-cot	0.230769230769	0.682692307692	0.0865384615385	0.0
-ank	0.322197475872	0.443207126949	0.106161841128	0.128433556051
-yan	0.395691014188	0.214573480469	0.1725345945	0.217200910843
-rla	0.0	0.971119133574	0.028880866426	0.0
-cos	0.0218132242672	0.974096796183	0.00408997955009	0.0
-yaj	0.419551350174	0.354269989493	0.0917675823491	0.134411077984
-rej	0.23600392739	0.0960084191768	0.0278646292308	0.640123024202
-upt	0.884615384615	0.0769230769231	0.0384615384615	0.0
-ren	0.417111677043	0.404401024655	0.070220807075	0.108266491226
-reo	0.00380510608998	0.95814383301	0.0380510608998	0.0
-rem	0.0639059244245	0.671991484616	0.189522928793	0.0745796621666
-rec	0.142905750255	0.801973460361	0.0	0.0551207893841
-rea	0.00896008688569	0.938636980722	0.0339397230519	0.0184632093402
-go'	0.0133185349611	0.960044395117	0.0266370699223	0.0
-mo'	0.0936981484972	0.771617612062	0.0352999270758	0.0993843123645
-eve	0.0586090869682	0.0690171954668	0.151782507277	0.720591210288
-rex	0.279751015463	0.423369910396	0.0626221345681	0.234256939573
-rey	0.0717680806283	0.794794520874	0.0322141965666	0.101223201931
-eva	0.2257806245	0.637309847878	0.104883907126	0.0320256204964
-upa	0.314285714286	0.628571428571	0.0285714285714	0.0285714285714
-rer	0.15991337306	0.154486687958	0.0462476880744	0.639352250908
-res	0.0210406716182	0.152544869232	0.0857407368443	0.740673722305
-ist	0.113636363636	0.552556818182	0.132575757576	0.201231060606
-rew	0.0307578740157	0.899445411872	0.0448118564507	0.024984857662
-ret	0.0452862130992	0.925510527986	0.00444397418263	0.0247592847318
-u'r	0.0436363636364	0.305454545454	0.563636363636	0.0872727272727
-jur	0.492115103235	0.254775646236	0.190314582995	0.0627946675337
-max	0.17564883928	0.277888105184	0.390330753955	0.156132301582
-hab	0.0368098159509	0.950920245399	0.0122699386503	0.0
-hac	0.209162379889	0.327218609466	0.399559998706	0.0640590119383
-avo	0.0556308394551	0.944369160545	0.0	0.0
-co'	0.129456537387	0.430130659738	0.0725059229012	0.367906879974
-ha'	0.322433341296	0.433488303717	0.108479268883	0.135599086104
-ham	0.0517111003283	0.924183505959	0.0210103801992	0.00309501351376
-han	0.132515115345	0.315737983326	0.15211875184	0.399628149489
-juc	0.206128133705	0.225626740947	0.568245125348	0.0
-ya'	0.655614973262	0.265240641711	0.04064171123	0.0385026737968
-maj	0.530477708001	0.165713750117	0.117536788827	0.186271753054
-mam	0.113600657185	0.634656261231	0.0497407198234	0.20200236176
-man	0.30334782201	0.297573986257	0.0624033944338	0.336674797299
-juj	0.0373134328358	0.568822553897	0.393864013267	0.0
-mac	0.0568893076218	0.359227232744	0.00527932321846	0.578604136416
-jun	0.157057367525	0.140716724825	0.0826338631927	0.619592044458
-be'	0.387046889371	0.389133931063	0.103108009175	0.120711170391
-jum	0.183124916559	0.77682346135	0.0307062436029	0.00934537848785
-to'	0.273404913662	0.546096318249	0.111745000048	0.0687537680411
-se'	0.17488372093	0.735255813953	0.0401860465117	0.0496744186047
-une	0.560289731572	0.285470813805	0.012782275245	0.141457179378
-bʌ'	0.43567251462	0.152046783626	0.0350877192982	0.377192982456
-in'	0.222222222222	0.0864197530864	0.691358024691	0.0
-bet	0.195820755699	0.581216821068	0.0520974289581	0.170864994275
-pta	0.0987248046072	0.901275195393	0.0	0.0
-pto	0.023441335297	0.86352479136	0.0824742268042	0.030559646539
-ui'	0.273697475662	0.25389890343	0.12356917212	0.348834448788
-iri	0.299465240642	0.590017825312	0.0	0.110516934046
-gad	0.0	1.0	0.0	0.0
-tra	0.158267020336	0.805481874447	0.0079575596817	0.0282935455349
-ada	0.0804289544236	0.919571045576	0.0	0.0
-ado	0.205122377485	0.706250930665	0.0307217254324	0.0579049664177
-tro	0.0310479609291	0.147301225841	0.0463083763603	0.77534243687
-gai	0.0	1.0	0.0	0.0
-'ju	0.037037037037	0.283950617284	0.641975308642	0.037037037037
-gau	0.0	1.0	0.0	0.0
-'ji	0.721611721612	0.142857142857	0.0842490842491	0.051282051282
-gar	0.188445667125	0.570839064649	0.240715268226	0.0
-lam	0.0	1.0	0.0	0.0
-ne'	0.266334363842	0.171770733433	0.0735270904315	0.488367812294
-'ja	0.157894736842	0.789473684211	0.0	0.0526315789474
-i't	0.527387300049	0.176442074649	0.183713039263	0.11245758604
-seo	0.0713596914175	0.854709096754	0.0610736097717	0.0128576020572
-sen	0.459872780494	0.320451148732	0.121896103144	0.0977799676298
-sem	0.0502431118314	0.896272285251	0.0534846029173	0.0
-lao	0.354545454545	0.554545454545	0.0	0.0909090909091
-sej	0.530790582422	0.26420807227	0.0975500697472	0.10745127556
-bʌj	0.214883925214	0.121441010984	0.01985432839	0.643820735412
-ina	0.0444444444445	0.915343915344	0.0380952380952	0.0021164021164
-uis	0.0	1.0	0.0	0.0
-uir	0.0892270288382	0.131497891474	0.0362299861451	0.743045093543
-seb	0.169286015808	0.0647668797483	0.0193738727162	0.746573231727
-bʌc	0.667802385009	0.182282793867	0.0885860306644	0.0613287904599
-'ab	0.0671967660329	0.176097314812	0.581423597112	0.175282322043
-uij	0.327256867361	0.111165627011	0.0445802437473	0.516997261881
-uim	0.44500723589	0.398697539797	0.0434153400869	0.112879884226
-sex	0.368705990137	0.442501611268	0.0693804371202	0.119411961475
-uia	0.193548387097	0.720430107527	0.0	0.0860215053763
-uic	0.244440045817	0.408200853763	0.0439810749444	0.303378025476
-ins	0.425149700599	0.107784431138	0.0	0.467065868264
-int	0.410974519487	0.394626184029	0.107706680659	0.086692615825
-ser	0.0176344627787	0.96704034933	0.00818742914726	0.00713775874375
-bʌr	0.566790644824	0.236523328634	0.064462306852	0.13222371969
-blo	0.0872121172641	0.786494490152	0.00258810562992	0.123705286954
-dón	0.00312418640978	0.981775579276	0.00156209320489	0.0135381411091
-nex	0.345971102539	0.348121534245	0.0772291927612	0.228678170455
-són	0.0452915644461	0.938667673146	0.00754859407435	0.00849216833367
-'ix	0.118183057427	0.784118948433	0.0945464459415	0.00315154819805
-nes	0.0182841068917	0.762306610408	0.0189873417721	0.200421940928
-rso	0.0	1.0	0.0	0.0
-nen	0.298395494733	0.355680408884	0.0561383951306	0.289785701253
-neo	0.0172413793103	0.862068965517	0.0	0.120689655172
-nej	0.562628601744	0.30485790626	0.0625700731839	0.0699434188125
-ma'	0.198923697867	0.64193734384	0.0553526811455	0.103786277148
-ias	0.0443828016643	0.934812760056	0.00416088765603	0.0166435506241
-ooz	0.0414746543778	0.958525345622	0.0	0.0
-neb	0.47619047619	0.0857142857143	0.380952380952	0.0571428571429
-nea	0.109090909091	0.272727272727	0.618181818182	0.0
-hob	0.459710080153	0.25025558369	0.0429003047266	0.24713403143
-hoc	0.343002175489	0.218999274837	0.353154459753	0.0848440899203
-uc'	0.0798002210856	0.737872761596	0.111455939626	0.0708710776922
-baj	0.64989836834	0.185724916973	0.0384034388155	0.125973275872
-joy	0.523952095809	0.0868263473054	0.389221556886	0.0
-och	0.139363767748	0.723128538579	0.0318106781176	0.105697015555
-jot	0.179010975459	0.405598717474	0.281415710938	0.133974596128
-jow	0.518518518519	0.444444444444	0.037037037037	0.0
-bab	0.422077922078	0.538961038961	0.038961038961	0.0
-bac	0.214629691133	0.732231816672	0.00622716705413	0.0469113251411
-jor	0.20409477986	0.610170515169	0.0302135969239	0.155521108047
-aré	0.0	1.0	0.0	0.0
-hop	0.505050505051	0.282828282828	0.0909090909091	0.121212121212
-xo'	0.1242230723	0.247677640318	0.0446300284039	0.583469258978
-bax	0.0	1.0	0.0	0.0
-bay	0.378870673953	0.455373406193	0.0801457194899	0.0856102003644
-ra'	0.214348762204	0.159746447137	0.0425225654825	0.583382225176
-rʌ'	0.213087248322	0.781319910515	0.0	0.00559284116331
-bar	0.362743003823	0.186824709354	0.0362015339106	0.414230752913
-bas	0.0650759219089	0.921908893709	0.0	0.0130151843818
-job	0.502057304414	0.296295056268	0.0608295722498	0.140818067069
-joc	0.575342465753	0.0958904109589	0.328767123288	0.0
-yex	0.483427589494	0.266911561142	0.0410528060778	0.208608043286
-ase	0.774566473988	0.0780346820809	0.043352601156	0.104046242775
-que	0.345161290323	0.543548387097	0.0774193548387	0.0338709677419
-asa	0.241512873092	0.630895420369	0.0592390066074	0.0683526999316
-rge	0.0	1.0	0.0	0.0
-qui	0.0691244239631	0.661290322581	0.179723502304	0.089861751152
-yes	0.52104963732	0.322500355568	0.0256009102546	0.130849096857
-yer	0.701319332055	0.0867701435102	0.0426227826751	0.169287741759
-yet	0.149564633133	0.173444284645	0.168526509489	0.508464572733
-zob	0.0481430536451	0.951856946355	0.0	0.0
-yʌn	0.386668041112	0.0554277379803	0.0529807134573	0.504923507451
-ast	0.6110056926	0.136622390892	0.0759013282732	0.176470588235
-nyu	0.0	0.90625	0.046875	0.046875
-lta	0.122443099971	0.752232785941	0.0821089023336	0.0432152117545
-po'	0.229009687836	0.17491926803	0.213939720129	0.382131324004
-zor	0.0	1.0	0.0	0.0
-'ob	0.188392635461	0.196080714801	0.042789902387	0.572736747351
-ʌra	0.715767634855	0.263485477178	0.0103734439834	0.0103734439834
-rʌx	0.378048780488	0.177700348432	0.0836236933798	0.3606271777
-xot	0.464286760184	0.379916244472	0.0327993674408	0.122997627903
-ray	0.134162630859	0.144961611195	0.0369897344354	0.683886023511
-ba'	0.156284773082	0.328065694675	0.0159101224734	0.49973940977
-sús	0.00878100488945	0.528956884459	0.00308613658251	0.459175974069
-mán	0.0	0.834196891192	0.165803108808	0.0
-rar	0.0944730925624	0.846923901333	0.0146356372708	0.0439673688338
-ras	0.0510057471265	0.864942528736	0.0495689655173	0.0344827586207
-ʌcʌ	0.182320441989	0.723756906077	0.0773480662983	0.0165745856354
-cba	0.407142857143	0.335714285714	0.0	0.257142857143
-xob	0.393113249399	0.382863089673	0.125783139095	0.0982405218337
-eri	0.393407761829	0.558745348219	0.0	0.0478468899521
-rʌn	0.21978021978	0.78021978022	0.0	0.0
-uía	0.0808425569263	0.896460090692	0.00580233068409	0.0168950216978
-red	0.0	1.0	0.0	0.0
-ero	0.110749185668	0.828990228013	0.0553745928339	0.00488599348535
-wir	0.278686926636	0.304423531467	0.116513472816	0.30037606908
-era	0.00965018094089	0.963007639727	0.0273421793325	0.0
-uío	0.0	1.0	0.0	0.0
-jo'	0.13318532571	0.641811258883	0.0840382228928	0.140965192514
-xon	0.518398768283	0.211393379523	0.120092378753	0.150115473441
-rac	0.36301778932	0.322449857789	0.0981721289086	0.216360223982
-rʌc	0.235277662844	0.0950460413125	0.0682794977646	0.601396798079
-rʌb	0.373482726424	0.509337068161	0.103174603175	0.0140056022409
-p's	0.625	0.264705882353	0.0	0.110294117647
-'ch	0.468476557686	0.209369883273	0.0296308033592	0.292522755682
-ʌnx	0.486101785954	0.294749563583	0.146367664832	0.0727809856318
-pos	0.0810810810811	0.883701883702	0.031941031941	0.003276003276
-zo'	0.197945645196	0.624224267066	0.0524288465654	0.125401241173
-'ca	0.228571428571	0.333333333333	0.180952380952	0.257142857143
-pot	0.309815152304	0.55740692528	0.0702941942203	0.0624837281957
-nás	0.0226778796183	0.964093357271	0.00850420485684	0.00472455825382
-bse	0.9	0.1	0.0	0.0
-pom	0.0104638995466	0.96860830136	0.0209277990931	0.0
-pob	0.394096223883	0.428119608971	0.0781100249185	0.0996741422273
-yʌr	0.36797360741	0.480395888847	0.0778243031765	0.0738062005668
-aza	0.154072656336	0.746438956163	0.0306231366631	0.0688652508373
-ye'	0.0687022900763	0.835877862595	0.0610687022901	0.0343511450382
-noy	0.0355871886121	0.957295373665	0.00177935943061	0.00533807829182
-lac	0.147887323944	0.852112676056	0.0	0.0
-aat	0.0	1.0	0.0	0.0
-nor	0.0	1.0	0.0	0.0
-nos	0.119349005425	0.869801084991	0.0108499095841	0.0
-ʌob	0.412026726058	0.360801781737	0.0601336302895	0.167037861915
-aam	0.0	1.0	0.0	0.0
-aal	0.0	1.0	0.0	0.0
-noj	0.0658998239273	0.376841812622	0.508201278844	0.0490570846076
-fos	0.0	1.0	0.0	0.0
-sa'	0.390811818399	0.412787040012	0.084392259936	0.112008881653
-eón	0.25	0.720992366412	0.00916030534352	0.0198473282443
-las	0.0726101753328	0.73945633912	0.100159393443	0.0877740921035
-nob	0.324424060373	0.356569871835	0.0642647661319	0.25474130166
-noc	0.0552034348804	0.672868534042	0.251482314455	0.0204457166224
-'u'	0.306954673417	0.676889817455	0.0161555091272	0.0
-'os	0.686303387334	0.304860088365	0.00883652430042	0.0
-aac	0.0123560209424	0.981361256545	0.00628272251308	0.0
-ujo	0.198581560284	0.434042553192	0.273758865248	0.0936170212766
-'or	0.0644634094631	0.766989370666	0.0387901673079	0.129757052563
-dor	0.0991484184915	0.844079480941	0.01500405515	0.0417680454177
-mse	0.71875	0.1875	0.09375	0.0
-bob	0.288430788282	0.143898248638	0.0303434141014	0.537327548979
-boc	0.166105435921	0.734457681315	0.0756671099918	0.0237697727723
-lo'	0.387402981741	0.513484840025	0.0739851471327	0.0251270311017
-fán	0.0	1.0	0.0	0.0
-boj	0.289473684211	0.684210526316	0.0	0.0263157894737
-'ot	0.576130311209	0.249659652726	0.0648689961546	0.10934103991
-fás	0.0081531371854	0.737681673166	0.235023041475	0.0191421481744
-oc'	0.234241089498	0.472038284803	0.038696856424	0.255023769275
-ro'	0.189553696563	0.288514521021	0.0899657367239	0.431966045692
-dob	0.0727611940299	0.92723880597	0.0	0.0
-doc	0.0	1.0	0.0	0.0
-ges	0.044776119403	0.865671641791	0.089552238806	0.0
-box	0.0	0.225806451613	0.774193548387	0.0
-sas	0.207453416149	0.636024844721	0.0745341614906	0.0819875776397
-sar	0.180292907971	0.718843165843	0.0368855134594	0.0639784127261
-hi'	0.190218488909	0.451743516095	0.0680570095719	0.289980985425
-vos	0.0126399422174	0.980739135669	0.0	0.00662092211388
-tob	0.464684507529	0.301637124083	0.0766839558902	0.156994412498
-toc	0.430453082739	0.110550290918	0.0259253110515	0.433071315292
-sat	0.377142857143	0.451428571429	0.109714285714	0.0617142857142
-ibt	0.462499753612	0.373721246526	0.0917548735537	0.0720241263083
-'ur	0.283789742551	0.555012804002	0.051750515773	0.109446937674
-say	0.897040258101	0.0426427268901	0.00841632767568	0.0519006873334
-toj	0.375619992369	0.326402136589	0.018885921404	0.279091949638
-jup	0.742815033161	0.251289609433	0.00589535740604	0.0
-'ut	0.244231093145	0.226040087586	0.475829543541	0.0538992757285
-sac	0.509102710168	0.316347162284	0.0976427489115	0.0769073786371
-'uj	0.0713362080556	0.709072758755	0.0238632307473	0.195727802442
-'ui	0.511349566653	0.198926950062	0.0965744944284	0.193148988857
-tor	0.0192667560874	0.212680648537	0.0574460536599	0.710606541715
-'un	0.0775426325358	0.798740575476	0.0341161852979	0.0896006066906
-'um	0.118583428703	0.694277936959	0.0199053184672	0.16723331587
-uj'	0.765517241379	0.234482758621	0.0	0.0
-'uc	0.236950647134	0.670645383631	0.0196930078881	0.072710961347
-saj	0.509540265921	0.312038955035	0.0481239205253	0.130296858519
-ʌta	0.551695729782	0.356034601126	0.0461348345462	0.0461348345462
-san	0.515704736577	0.484295263423	0.0	0.0
-sam	0.323504887612	0.228236379442	0.0817854418366	0.36647329111
-toy	0.180160240057	0.0785420462443	0.0251037773061	0.716193936392
-csa	0.348328025478	0.529060509554	0.056042108988	0.0665693559801
-bo'	0.151923136544	0.515163384759	0.0567209493293	0.276192529367
-iel	0.169323698308	0.795976188946	0.0347001127461	0.0
-ocs	0.285188592456	0.521619135235	0.183992640294	0.00919963201472
-ros	0.0387681463456	0.934379457917	0.0100696484014	0.0167827473357
-naí	0.0	0.990498812352	0.0	0.00950118764846
-rox	0.624113475177	0.31914893617	0.0283687943263	0.0283687943262
-loc	0.0	1.0	0.0	0.0
-aní	0.0	1.0	0.0	0.0
-oce	0.00336648047492	0.0185306715427	0.00168324023746	0.976419607745
-do'	0.0870355936607	0.912964406339	0.0	0.0
-iez	0.00910623946037	0.0261382799326	0.00910623946036	0.955649241147
-ata	0.448968485628	0.431356057983	0.0390342848662	0.0806411715232
-rob	0.291866142081	0.406473826447	0.0544322276328	0.247227803839
-roc	0.243085313596	0.604986365407	0.106349824698	0.0455784962992
-rom	0.0859524222955	0.903629102275	0.0104184754298	0.0
-lot	0.0834908125108	0.806229878986	0.101349809839	0.00892949866426
-haj	0.551582383077	0.353991075855	0.0214014212527	0.0730251198149
-roj	0.179726950607	0.0717594687194	0.0172958127205	0.731217767953
-mar	0.0	1.0	0.0	0.0
-coy	0.288	0.584	0.128	0.0
-ipo	0.0482213438735	0.910671936759	0.00474308300397	0.0363636363636
-ión	0.0963651732883	0.81910397295	0.0811496196111	0.00338123415046
-ipa	0.0136432541688	0.971197574533	0.00909550277918	0.00606366851945
-ipe	0.00288362512873	0.978372811535	0.00700308959835	0.0117404737384
-ʌts	0.168224299065	0.728971962617	0.0	0.102803738318
-noé	0.0	1.0	0.0	0.0
-sap	0.305210918114	0.27047146402	0.379652605459	0.0446650124069
-pan	0.0940247099748	0.896207824254	0.00188494953476	0.00788251623627
-rdo	0.051282051282	0.589743589744	0.358974358974	0.0
-ob'	0.393203883495	0.519417475728	0.0291262135922	0.0582524271845
-mec	0.0	1.0	0.0	0.0
-nar	0.300991309071	0.292979359044	0.379549158066	0.0264801738186
-awi	0.201438848921	0.482014388489	0.31654676259	0.0
-hʌc	0.253537250928	0.133538829985	0.426983442935	0.185940476151
-har	0.268292682927	0.414634146341	0.0975609756098	0.219512195122
-jʌr	0.282094388341	0.459763511914	0.207737228131	0.0504048716144
-ton	0.0418176749373	0.941455255088	0.0167270699749	0.0
-wo'	0.222279982454	0.262541700987	0.0696179875575	0.445560329002
-aws	0.515754560531	0.237147595356	0.159203980099	0.0878938640132
-uen	0.482821103662	0.254139095118	0.0582542718852	0.204785529335
-jta	0.40206185567	0.257731958763	0.0309278350515	0.309278350515
-xir	0.21321109544	0.180300893277	0.592383638928	0.0141043723554
-cor	0.159852810938	0.699449448432	0.0511528995002	0.0895448411294
-tia	0.0	1.0	0.0	0.0
-uéz	0.0545454545455	0.945454545455	0.0	0.0
-cʌc	0.392612859097	0.410396716826	0.10123119015	0.0957592339261
-saú	0.131122833459	0.783722682743	0.0700828937453	0.0150715900527
-cʌn	0.33362597715	0.393277209862	0.179314491882	0.0937823211065
-ip'	0.373909672417	0.486528396976	0.139561930607	0.0
-cʌj	0.310504508896	0.496141035015	0.0454951661386	0.14785928995
-sto	0.0261858696915	0.924376835768	0.005500509282	0.0439367852589
-cʌr	0.295430281945	0.612933405783	0.0378156289957	0.0538206832755
-pio	0.0	1.0	0.0	0.0
-cʌx	0.097272074659	0.894113424264	0.0	0.0086145010768
-cʌy	0.0514034985762	0.937263904225	0.00261521473819	0.00871738246063
-saí	0.0	1.0	0.0	0.0
-cun	0.8515625	0.046875	0.0	0.1015625
-tio	0.132382892057	0.655804480652	0.164969450102	0.0468431771894
-cuj	0.16	0.622857142857	0.194285714286	0.0228571428571
-sab	0.0393258426967	0.936670071502	0.00459652706843	0.0194075587334
-ucr	0.382504288165	0.133790737564	0.267581475129	0.216123499142
-ián	0.0416666666667	0.875	0.0833333333333	0.0
-cuc	0.63335895465	0.0991544965411	0.216756341276	0.0507302075326
-pir	0.173537349215	0.595373399953	0.124483972878	0.106605277955
-ucu	0.335087798902	0.21185171741	0.148146467626	0.304914016062
-ni'	0.363028672842	0.317248290291	0.104300146569	0.215422890297
-uch	0.516721537765	0.0842679312724	0.0497061416542	0.349304389308
-iás	0.523463518014	0.0632758098698	0.330608537693	0.0826521344233
-cux	0.675784392599	0.300080450523	0.0	0.0241351568785
-isa	0.348374086211	0.376859087472	0.100831862869	0.173934963448
-'ʌr	0.422747322473	0.285109814924	0.179265314079	0.112877548524
-uca	0.637602179837	0.272479564033	0.0245231607629	0.0653950953679
-rta	0.0115089514067	0.900682011935	0.0	0.0878090366581
-cur	0.171109289673	0.594387077482	0.098665495182	0.135838137663
-tos	0.0474431406635	0.246088657106	0.0351296537737	0.671338548457
-lem	0.0	1.0	0.0	0.0
-ʌst	0.0704225352112	0.676056338028	0.253521126761	0.0
-iob	0.28354130613	0.385827488842	0.0	0.330631205028
-mun	0.13513659246	0.164798402739	0.154868694797	0.545196310004
-nʌc	0.501264290779	0.368595922421	0.030399448268	0.0997403385322
-leg	0.0	1.0	0.0	0.0
-ʌsa	0.285	0.24	0.475	0.0
-ʌse	0.356037151703	0.53044375645	0.0371517027864	0.0763673890609
-ios	0.14598540146	0.566909975669	0.14598540146	0.141119221411
-dea	0.00358690778658	0.988790913167	0.00762217904648	0.0
-yo'	0.230405709239	0.475311838527	0.212407563289	0.0818748889449
-xib	0.0617380179614	0.797361036043	0.0675989062337	0.0733020397622
-eel	0.0	1.0	0.0	0.0
-rra	0.0815369487937	0.881400801755	0.0307087209742	0.00635352847742
-pe'	0.0	0.917025199754	0.0829748002458	0.0
-'ye	0.510576221736	0.428154631656	0.0	0.0612691466083
-rro	0.06718924972	0.926091825308	0.0	0.00671892497201
-'ya	0.354545454545	0.318181818182	0.109090909091	0.218181818182
-ch'	0.159618693225	0.746233917373	0.0400558273718	0.0540915620305
-gio	0.0450721153846	0.936899038462	0.0180288461538	0.0
-alo	0.730458221024	0.0404312668464	0.229110512129	0.0
-udá	0.0	1.0	0.0	0.0
-top	0.303557312253	0.625296442688	0.0332015810277	0.0379446640316
-dos	0.0733087102808	0.590917396355	0.0380774518248	0.297696441539
-ndo	0.0	1.0	0.0	0.0
-'yu	0.147540983607	0.803278688525	0.0491803278689	0.0
-no'	0.201285324279	0.418121160625	0.0789100171586	0.301683497938
-gia	0.0322580645161	0.822580645161	0.129032258064	0.016129032258
-ala	0.0204081632653	0.979591836735	0.0	0.0
-mu'	0.143342391304	0.679347826087	0.154891304348	0.0224184782609
-uva	0.0359508764444	0.920932252561	0.0048034710392	0.0383133999555
-'ej	0.521557451703	0.215119586488	0.0821689938881	0.181153967921
-yor	0.310812309264	0.197201346389	0.0630019532916	0.428984391055
-le'	0.499767189198	0.100419059444	0.165140462517	0.234673288841
-crʌ	0.0790513833992	0.857707509881	0.0632411067193	0.0
-iso	0.0	1.0	0.0	0.0
-yom	0.642526964561	0.212634822804	0.00616332819722	0.138674884438
-yoc	0.133260824434	0.8067098903	0.00938818778581	0.050641097481
-yob	0.424138592937	0.379360668895	0.0752747309617	0.121226007206
-unc	0.457249070632	0.28624535316	0.234200743494	0.0223048327138
-abé	0.0986437281246	0.874522505739	0.00461028941327	0.0222234767227
-uex	0.471490608314	0.325288478331	0.0851856558808	0.118035257474
-chi	0.428802588997	0.415857605178	0.0485436893204	0.106796116505
-hʌj	0.527571325821	0.271038120355	0.181970750419	0.0194198034045
-cho	0.01189296333	0.00594648166502	0.01189296333	0.970267591675
-cha	0.458333333333	0.458333333333	0.0166666666667	0.0666666666667
-ien	0.0813784459295	0.519127364963	0.0140173399687	0.385476849139
-xup	0.485182632667	0.175740868367	0.165403170227	0.173673328739
-pej	0.631951466127	0.368048533873	0.0	0.0
-pet	0.0645814866405	0.712074205394	0.223344307965	0.0
-oré	0.0	0.957386363636	0.0	0.0426136363636
-elo	0.0552995391705	0.875576036866	0.0552995391705	0.0138248847926
-per	0.0	0.830388692579	0.143109540636	0.0265017667845
-aén	0.0481927710843	0.919678714859	0.0321285140562	0.0
-pex	0.811151079137	0.16726618705	0.0	0.021582733813
-xuc	0.0698271591662	0.103129514977	0.0295769533086	0.797466372548
-loe	0.0201005025125	0.859296482412	0.120603015075	0.0
-war	0.540154376745	0.249630481196	0.0443422565282	0.165872885531
-ter	0.0163376446562	0.959155888359	0.0245064669844	0.0
-set	0.04	0.96	0.0	0.0
-ito	0.169632858453	0.596589348059	0.151381018408	0.0823967750798
-tes	0.0473684210526	0.889473684211	0.0157894736842	0.0473684210526
-eso	0.0430153321976	0.937393526405	0.00511073253832	0.0144804088586
-lás	0.0	1.0	0.0	0.0
-rib	0.261261261261	0.621621621622	0.0	0.117117117117
-esa	0.462397023651	0.334307733192	0.167419612012	0.0358756311453
-ite	0.141732283465	0.799212598425	0.0590551181102	0.0
-ese	0.258620689655	0.563218390805	0.0919540229885	0.0862068965517
-ita	0.0323076923077	0.884615384615	0.00923076923077	0.0738461538462
-'ʌs	0.182075571796	0.0945705824021	0.143385799195	0.579968046607
-'ʌc	0.440384615385	0.426923076923	0.0403846153846	0.0923076923077
-jam	0.246913580247	0.592592592593	0.160493827161	0.0
-spe	0.0702341137124	0.892976588629	0.0367892976588	0.0
-tu'	0.177412824356	0.13134593938	0.0488531670206	0.642388069243
-fté	0.0	1.0	0.0	0.0
-o'r	0.128362333685	0.38420005892	0.01933397565	0.468103631745
-spo	0.0	1.0	0.0	0.0
-fas	0.088122605364	0.858237547893	0.0153256704981	0.0383141762453
-o'j	0.132090393579	0.206868700466	0.484931599051	0.176109306904
-fat	0.0	1.0	0.0	0.0
-rio	0.0430634129866	0.882631090095	0.0329308452251	0.041374651693
-so'	0.156134216324	0.535556614804	0.178969695475	0.129339473397
-o'b	0.316430020284	0.306288032454	0.316430020284	0.0608519269777
-hum	0.0	1.0	0.0	0.0
-hun	0.574525016943	0.209658573064	0.104694912482	0.111121497511
-ogo	0.0	1.0	0.0	0.0
-món	0.0394982125793	0.919144534503	0.018871766119	0.0224854867985
-huj	0.0579710144928	0.478260869565	0.463768115942	0.0
-tʌr	0.734876693617	0.111416023935	0.0535430158093	0.100164266639
-c'o	0.603614457831	0.273493975904	0.0	0.122891566265
-wor	0.409973159635	0.209909576552	0.039958806257	0.340158457557
-ʌji	0.395687593519	0.31743890118	0.170993567199	0.115879938102
-uob	0.365296803653	0.401826484018	0.0	0.232876712329
-huc	0.447758030998	0.148582602304	0.0797486600198	0.323910706678
-abe	0.272357723577	0.678861788618	0.0	0.048780487805
-woj	0.328125	0.315217391304	0.0	0.356657608696
-tʌn	0.254054054054	0.178378378378	0.437837837838	0.12972972973
-c's	0.42803292561	0.256942841757	0.145395799677	0.169628432956
-tʌc	0.262599870813	0.229331991703	0.0816758970974	0.426392240386
-it'	0.420084678486	0.380788568404	0.165387668695	0.0337390844138
-woc	0.00332963374028	0.92064372919	0.0	0.0760266370699
-wob	0.0467462497359	0.922353686879	0.0134692583985	0.0174308049863
-hup	0.288760550866	0.133051976899	0.571523767215	0.00666370501998
-hur	0.335406225079	0.150436318913	0.0814649729156	0.432692483093
-bta	0.713050018804	0.238059420835	0.00902594960511	0.039864610756
-tub	0.0973258671574	0.112306846364	0.00756343070034	0.782803855779
-nco	0.0027892150352	0.00201886040643	0.00502058706336	0.990171337495
-soy	0.154133938084	0.2159752273	0.344165733932	0.285725100683
-c't	0.499230579848	0.342459259911	0.0770277786524	0.0812823815888
-nce	0.0361990950227	0.617647058824	0.00678733031674	0.339366515837
-ʌjt	0.456029011786	0.478694469628	0.0108794197643	0.0543970988214
-nca	0.586564472498	0.27908025248	0.0297565374211	0.104598737601
-sos	0.0104528879932	0.757171371235	0.0305545956723	0.201821145099
-los	0.0619240640258	0.7736433111	0.0399339438523	0.124498681022
-tup	0.214953271028	0.607476635514	0.177570093458	0.0
-uer	0.151655768001	0.755021152908	0.0512923380259	0.0420307410646
-tur	0.0701508045417	0.0905052821927	0.06164042149	0.777703491776
-tus	0.280713919482	0.240673270798	0.189056788734	0.289556020986
-tut	0.852682145717	0.147317854283	0.0	0.0
