-caa	0.727272727273	0.272727272727	0.0	0.0
-tɔm	0.00935307872174	0.989088074825	0.0	0.00155884645362
-cal	0.0573753895234	0.0310708613109	0.0177997080685	0.893754041097
-car	0.443052098532	0.26238091151	0.167024289761	0.127542700197
-hen	0.201798164459	0.0826706323436	0.0206178907634	0.694913312434
-lɔm	0.270967741935	0.196774193548	0.517741935484	0.0145161290323
-sɔŋ	0.12143459497	0.644526018156	0.144352398432	0.0896869884419
-u-m	0.429923400328	0.39692531954	0.0348666400266	0.138284640105
-u-n	0.67558415171	0.13748730105	0.0436843887572	0.143244158483
-sir	0.162790697674	0.767441860465	0.0697674418604	0.0
-nkɔ	0.0616424649757	0.807363259235	0.0759521306442	0.0550421451451
-lɖe	0.040558300275	0.783603884251	0.151804619241	0.0240331962326
-rɩʋ	0.618451316126	0.34321492461	0.0230002555584	0.0153335037056
-rɔŋ	0.00532386867791	0.978704525288	0.0159716060337	0.0
-hʋʋ	0.65988909427	0.290203327172	0.0221811460259	0.0277264325323
-aua	0.061189559264	0.17757809157	0.761232349166	0.0
-erʋ	0.125013257665	0.506540158118	0.26777526824	0.100671315978
-nse	0.194490092455	0.264464595869	0.09135228671	0.449693024966
-aum	0.00331674958541	0.991708126036	0.00221116639027	0.00276395798784
-aul	0.744897959184	0.214285714286	0.0102040816326	0.030612244898
-kɔŋ	0.750720798307	0.0907550596297	0.0147436017449	0.143780540318
-nti	0.400119799864	0.159263348289	0.0826266707383	0.357990181109
-ʋsa	0.111729707962	0.114379268049	0.432652730332	0.341238293657
-ɛnɩ	0.078431372549	0.921568627451	0.0	0.0
-yɔʋ	0.814159292035	0.0796460176991	0.106194690265	0.0
-ate	0.121065718259	0.609337592464	0.1797678069	0.0898288823769
-nta	0.409664126968	0.230339855013	0.0711779199124	0.288818098106
-sʋŋ	0.548311990687	0.189755529686	0.14318975553	0.118742724098
-nte	0.0962394611742	0.217936399526	0.0616404120725	0.624183727227
-ʋrʋ	0.178566331209	0.753568141178	0.0317393912409	0.0361261363718
-yeʋ	0.544898283314	0.0919184504721	0.0109951765026	0.352188089711
-apa	0.463403598589	0.146552953062	0.0206705053272	0.369372943021
--mɩ	0.535195986373	0.213438887532	0.0744471538104	0.176917972285
-pua	0.296758104738	0.628428927681	0.0598503740648	0.0149625935162
-n'ɩ	0.0435980649566	0.0160663932365	0.00294998489259	0.937385556914
-ɩ-ɩ	0.549380063863	0.185444399191	0.187091060865	0.078084476082
-ʋse	0.44662232189	0.171948454706	0.0980999226775	0.283329300727
-ntu	0.702574257426	0.131881188119	0.0649504950495	0.100594059406
-i-n	0.770680628272	0.171029668412	0.00209424083769	0.0561954624782
-mɛŋ	0.0	0.991404011461	0.00859598853867	0.0
-ʋkʋ	0.258496261079	0.50465216716	0.0284056655886	0.208445906172
-ɩ-ɔ	0.346875240218	0.352151806991	0.180479448294	0.120493504497
-ɖʋʋ	0.190126261807	0.408536466617	0.272647602973	0.128689668603
-ekʋ	0.199289921534	0.7085013088	0.0922087696652	0.0
-nɖɩ	0.0885032537961	0.908893709328	0.0	0.00260303687636
-oɖe	0.0281401181519	0.716385550761	0.233657834992	0.0218164960952
-eɖe	0.103820661428	0.639771497389	0.0506705832699	0.205737257913
-mtɩ	0.173913043478	0.282608695652	0.521739130435	0.0217391304348
-pɔɩ	0.0682342438336	0.871196180818	0.0471096697152	0.0134599056329
-ɛfe	0.028693957115	0.955867446394	0.00842105263158	0.00701754385965
-ɔsa	0.567441860465	0.253488372093	0.130232558139	0.0488372093023
-kii	0.0	1.0	0.0	0.0
-ɔse	0.577155167959	0.260682789787	0.0491484585877	0.113013583666
-fɛn	0.0	1.0	0.0	0.0
-imu	0.343023255814	0.43023255814	0.21511627907	0.0116279069767
-mse	0.457253260344	0.459668330382	0.0502334567702	0.0328449525036
-nɖʋ	0.356189292455	0.516388160015	0.0795009897344	0.0479215577959
-msi	0.560148090844	0.297286843123	0.124329999447	0.0182350665856
-rsʋ	0.37599900617	0.439231438155	0.0844755476418	0.100294008033
-del	0.530612244898	0.0	0.0408163265306	0.428571428571
-hʋr	0.163727516868	0.718828363259	0.0520688216188	0.0653752982547
-kin	0.218302094818	0.689084895259	0.0512679162073	0.0413450937155
-ima	0.139500371012	0.227801137769	0.594113282216	0.0385852090032
-lʋŋ	0.0987654320988	0.555555555556	0.345679012346	0.0
-ilu	0.113841490413	0.810320947288	0.0439925978906	0.0318449644086
-msu	0.729423361262	0.112863479547	0.0177427304091	0.139970428783
-te'	0.124031007752	0.565891472868	0.240310077519	0.0697674418605
-oke	0.0	1.0	0.0	0.0
-ɔla	0.174923082242	0.280775745843	0.451999861721	0.0923013101946
-kil	0.876712328767	0.0821917808219	0.0308219178082	0.0102739726027
-asɛ	0.0473700924704	0.50673040817	0.0120473448819	0.433852154477
-fɛr	0.0945542744078	0.398208693883	0.49804618913	0.00919084257866
-ɛnʋ	0.0339372249259	0.925516014419	0.022238656992	0.0183081036632
-seʋ	0.603736393792	0.242848927339	0.0896967878515	0.063717891017
-pɔr	0.465578490329	0.183914184216	0.0133738884116	0.337133437043
-fɩr	0.159674682488	0.833718089271	0.00660722824087	0.0
-rpe	0.0231481481481	0.976851851852	0.0	0.0
-kpu	0.1	0.9	0.0	0.0
-ʋrɩ	0.0983606557377	0.901639344262	0.0	0.0
-ʋca	0.272632129775	0.656898656899	0.041514041514	0.0289551718123
-ltɩ	0.156724718209	0.108286909755	0.492317840617	0.242670531419
-ekɔ	0.0725130654171	0.303282873791	0.442384513726	0.181819547066
-ɔkʋ	0.346047468965	0.349070560237	0.27014858172	0.0347333890783
-pɔl	0.0922035973652	0.759030358048	0.0627533355852	0.0860127090018
-430	0.564417177914	0.0736196319018	0.0	0.361963190184
-ɛ-n	0.390429113833	0.412135539795	0.0749337345083	0.122501611863
-ɛ-m	0.244825332251	0.379040400033	0.0227744495117	0.353359818205
-uta	0.0395931992858	0.934632404316	0.00326061641177	0.022513779986
-tar	0.439103654159	0.430109964856	0.0337263348827	0.0970600461021
-rin	0.0360813929096	0.953849381162	0.00503461296412	0.00503461296415
-uti	0.10404374491	0.71022321206	0.151079495404	0.0346535476258
-uto	0.177966101695	0.673728813559	0.0889830508475	0.0593220338982
-rii	0.032738229316	0.941466568793	0.0149301589741	0.0108650429169
-erɩ	0.00592300098717	0.986673247779	0.0	0.00740375123396
-maŋ	0.0906496686225	0.0955751614674	0.13851998818	0.67525518173
-een	0.173616209024	0.453275762416	0.241186527071	0.131921501489
-rir	0.0190943076436	0.938640764201	0.0078308115617	0.0344341165933
-tee	0.00539738572123	0.987805635645	0.00431206171364	0.00248491691972
-utu	0.466336039904	0.371212626008	0.0748764909141	0.0875748431744
-a'a	0.825396825397	0.0952380952381	0.031746031746	0.0476190476191
-tel	0.614934088358	0.135364226253	0.186985010132	0.0627166752572
-tem	0.0895522388059	0.90447761194	0.00597014925373	0.0
-ten	0.0513469478601	0.11614811093	0.0886181702146	0.743886770995
-arɔ	0.119841090246	0.856154685368	0.013562386778	0.0104418376078
-hɔm	0.439361582556	0.322355850287	0.115319770709	0.122962796448
-erɛ	0.108172873267	0.0465249533831	0.0646069413103	0.78069523204
-ara	0.200988469642	0.50137849923	0.127298553353	0.170334477775
-mer	0.293272629753	0.475936050611	0.0750468598532	0.155744459783
-paʋ	0.307682606051	0.349294814596	0.265193926894	0.0778286524581
-erɔ	0.0670561781072	0.896941335123	0.0207849408155	0.0152175459542
-luu	0.59649122807	0.0	0.175438596491	0.228070175439
-ɔrʋ	0.221602334184	0.453185337448	0.0110263935651	0.314185934803
-mee	0.0077519379845	0.984496124031	0.00775193798449	0.0
-rɩɔ	0.237875288684	0.415704387991	0.346420323326	0.0
-mmɔ	0.0469533325842	0.0741031855041	0.166340769704	0.712602712208
-men	0.119030820138	0.63239062937	0.221128958424	0.0274495920674
-hɔr	0.379652923725	0.436933670557	0.152630736227	0.0307826694912
-nkʋ	0.153116831549	0.0958062067714	0.0262543541615	0.724822607518
-aya	0.0954937215959	0.808781784161	0.0674779221717	0.0282465720719
-cer	0.743747595229	0.210080800308	0.0369372835706	0.00923432089266
-kɔr	0.26636724124	0.495427692806	0.200655498908	0.037549567047
-s'ʋ	0.364463863817	0.0497301467869	0.0243376820136	0.561468307383
-ayo	0.0766144979943	0.69032148709	0.0829425391265	0.15012147579
-rɔn	0.465483104541	0.11543030623	0.26775343189	0.151333157339
-ɩra	0.133034830155	0.433202738193	0.407069358936	0.0266930727171
-ncɔ	0.668232625952	0.272368918408	0.0593984556401	0.0
-kɔm	0.212989321971	0.703043733791	0.0655351759911	0.0184317682475
-kɔn	0.496341888282	0.368946696086	0.0911624666125	0.0435489490187
-nim	0.0952872969405	0.832386200563	0.0619941449974	0.0103323574996
-ɩsʋ	0.206284899593	0.0798240069743	0.246666531258	0.467224562174
-emɔ	0.145518484573	0.208520520213	0.0950068267696	0.550954168444
-tɔŋ	0.0919478279617	0.801983399806	0.0303977578959	0.0756710143365
-na'	0.607698607699	0.266175266175	0.022932022932	0.103194103194
-sɔr	0.158571428571	0.841428571429	0.0	0.0
-lɔŋ	0.0442249576177	0.936979435395	0.00884499152356	0.009950615464
-đʋn	0.508196721311	0.295081967213	0.196721311475	0.0
-nñɩ	0.245895493523	0.141467863157	0.0559218551953	0.556714788125
-heŋ	0.149466192171	0.380782918149	0.0533807829182	0.416370106762
-ŋna	0.319672131147	0.581967213115	0.0	0.0983606557377
-suu	0.220842751594	0.671367362775	0.0359299618771	0.0718599237542
-inu	0.392242318588	0.317498365657	0.258879930268	0.031379385487
-ota	0.0654228252969	0.888538890235	0.00969227041437	0.0363460140538
-ote	0.0761482675261	0.79356365834	0.0417506043514	0.0885374697824
-'me	0.16149974463	0.243141027285	0.00821185142186	0.587147376663
-mɛl	0.818936066374	0.142508540752	0.00927281600783	0.0292825768668
-ʋlɔ	0.00750974823087	0.819766042459	0.17272420931	0.0
-ɔwa	0.466009791163	0.286732354217	0.0855177542295	0.16174010039
-saɩ	0.00984102952309	0.987130961393	0.0	0.00302800908402
-ulu	0.596306474239	0.241885581413	0.120491188962	0.0413167553856
-ako	0.0	1.0	0.0	0.0
ALL	0.230711677154	0.339589780673	0.0634206756936	0.366277866479
-nan	0.231989909059	0.214615588062	0.0748377515106	0.478556751368
-ɩɩʋ	0.0723641208326	0.895519080801	0.00773750782834	0.0243792905385
-loɩ	0.0	0.980769230769	0.0192307692308	0.0
-đɔn	0.398148148148	0.564814814815	0.0185185185185	0.0185185185185
-r-n	0.628394604973	0.208697194122	0.0264891383587	0.136419062547
-ake	0.426066769319	0.221005734786	0.0448126845191	0.308114811376
-naa	0.21151160761	0.257434761739	0.0186005411066	0.512453089544
-sʋl	0.746710526316	0.217105263158	0.0361842105263	0.0
-aka	0.172790910791	0.396873528003	0.0949300302284	0.335405530978
-sʋn	0.546852629378	0.272171548992	0.118559271592	0.0624165500378
-l-ɔ	0.243626118432	0.134331006651	0.0500448603632	0.571998014554
-kir	0.111324410636	0.836108220603	0.0482615092038	0.00430585955721
-sii	0.185826058328	0.722844254505	0.0396426298659	0.0516870573006
-sin	0.208483972041	0.734152807906	0.0318148951555	0.0255483248976
-sim	0.248280241295	0.135781564187	0.554344375066	0.0615938194518
-mpɔ	0.253785247951	0.225809140158	0.0735102097514	0.446895402139
-r-m	0.552790081777	0.0751362471756	0.0186933844079	0.353380286639
-wun	0.0217391304348	0.95652173913	0.0217391304348	0.0
-wul	0.497242140099	0.441809156095	0.0319911748483	0.0289575289575
-oñɔ	0.755102040816	0.122448979592	0.0816326530612	0.0408163265306
-lɛɛ	0.325268817204	0.502688172043	0.0564516129032	0.115591397849
-ʋlʋ	0.460227752976	0.29262184861	0.10320268017	0.143947718244
-mon	0.0224719101124	0.865168539326	0.0224719101124	0.0898876404494
-pɔŋ	0.0129217516152	0.987078248385	0.0	0.0
-wuu	0.539325842697	0.426966292135	0.0337078651685	0.0
-awɔ	0.0596060187541	0.333648324489	0.589299992731	0.0174456640256
-nam	0.0	1.0	0.0	0.0
-mpʋ	0.188380395569	0.459109557207	0.0568332573534	0.295676789871
-yar	0.135228848821	0.273693943597	0.206888580675	0.384188626907
-hɛn	0.356811862836	0.593141797961	0.0111214087118	0.0389249304912
-ɛmʋ	0.0811965811966	0.432098765432	0.478157644824	0.00854700854701
-hɛm	0.124913254684	0.824427480916	0.0124913254684	0.0381679389313
-ɔɖe	0.690909090909	0.172727272727	0.0818181818181	0.0545454545454
-uɖi	0.383684614696	0.292253151419	0.0253684063614	0.298693827524
-lpe	0.368753589891	0.265939115451	0.272257323377	0.0930499712809
-olʋ	0.303748384317	0.304825506247	0.0276461295419	0.363779979894
-lʋn	0.52356952268	0.239845834569	0.160094871035	0.0764897717165
-lʋl	0.193867795136	0.355848321841	0.282903375124	0.167380507899
-ɩna	0.0674100369423	0.707081410306	0.11299030895	0.112518243802
-yam	0.393052428434	0.167899646188	0.302669668704	0.136378256674
-yal	0.0274245144301	0.752103387171	0.0138340666065	0.206638031792
-lʋa	0.0443303651194	0.817656740349	0.0947215223451	0.043291372187
-wur	0.594433399602	0.226640159046	0.0882703777336	0.0906560636182
-hɔŋ	0.464111498258	0.463414634146	0.0578397212544	0.0146341463415
-isi	0.276271848482	0.500918643164	0.0626543448863	0.160155163468
-rem	0.0724895791463	0.82992829508	0.0678005679077	0.029781557866
-asʋ	0.365449903775	0.393139918089	0.0676870252987	0.173723152837
-ise	0.00374765771393	0.985009369144	0.0112429731418	0.0
-k'a	0.288857142857	0.114971428571	0.0385142857143	0.557657142857
-eyɔ	0.159698633678	0.609496041736	0.181846619371	0.0489587052152
-isa	0.307807473948	0.147892856613	0.107024799514	0.437274869925
-ree	0.256190208216	0.608848101814	0.0160815549111	0.118880135059
-ɩɔŋ	0.0514253378395	0.902773970647	0.0277214711791	0.0180792203342
-isu	0.208257693113	0.729522438397	0.0391931001037	0.0230267683865
-iti	0.0904914541532	0.837302929579	0.0448800103189	0.0273256059484
-upi	0.41935483871	0.0967741935484	0.193548387097	0.290322580645
-haa	0.436146109638	0.18526193634	0.0140915119364	0.364500442087
-ɛɖa	0.454887218045	0.302631578947	0.174812030075	0.0676691729323
-ɔya	0.216276441265	0.651303769981	0.0204089746478	0.112010814106
-rɛn	0.0590372388737	0.924613987284	0.0163487738419	0.0
-ɛɖe	0.449266084412	0.200054872193	0.266907494627	0.0837715487677
-mar	0.180171112229	0.579265223956	0.0271766482134	0.213387015601
-hal	0.130865260439	0.0911321566939	0.0585449849333	0.719457597934
-ham	0.0216281990893	0.945870623332	0.0301460197833	0.00235515779557
-han	0.0294117647059	0.916666666667	0.0343137254902	0.0196078431372
-mɩn	0.089283552286	0.728680489897	0.169027758147	0.0130081996708
-ɖen	0.448948002625	0.433100281817	0.07680576827	0.0411459472875
-har	0.441774491682	0.486136783734	0.0554528650647	0.0166358595194
-mɩr	0.504950495049	0.415841584158	0.0792079207921	0.0
-aaʋ	0.271981929223	0.208399564963	0.0462645360997	0.473353969715
-man	0.071159551975	0.407588787894	0.163047500228	0.358204159902
-maa	0.660148962272	0.13032223382	0.0244510996579	0.185077704251
-cfa	0.057800956106	0.580291177749	0.125488917862	0.236418948283
-nku	0.167485138279	0.28586197984	0.452054794521	0.0945980873611
-hɔʋ	0.431727721678	0.340605881919	0.0578609862166	0.169805410186
--re	0.451534001975	0.359894256748	0.0796311416662	0.10894059961
-r-ɔ	0.186303032464	0.303240664897	0.115687866027	0.394768436612
-se'	0.283322601417	0.267637803885	0.240556925731	0.208482668967
-s'ɩ	0.244877192476	0.00685820457653	0.00225241781382	0.746012185133
-nɖɔ	0.127471383975	0.848855359001	0.00936524453695	0.014308012487
-una	0.041938129646	0.924243498344	0.0279587530973	0.00585961891261
-arʋ	0.305456242552	0.53759429647	0.0722583566705	0.0846911043081
-nke	0.286878634521	0.141994908876	0.0627319591469	0.508394497456
-oyɔ	0.261868300153	0.618683001532	0.0597243491577	0.0597243491577
-nka	0.133690821325	0.108555411311	0.0496132149997	0.708140552365
-elɛ	0.61598149143	0.0844110261924	0.0101519096403	0.289455572738
-nko	0.111868982273	0.208854494736	0.564384054711	0.11489246828
-u-ɩ	0.692748253691	0.13215252288	0.073754743098	0.101344480331
-nki	0.545454545455	0.0955120828538	0.303797468354	0.0552359033371
-ika	0.0179508726402	0.734598851124	0.244875649084	0.00257462715159
-oo'	0.475806451613	0.411290322581	0.0	0.112903225806
-i-m	0.76867409081	0.128003394768	0.0351977796383	0.0681247347838
-ña'	0.0573878627968	0.426121372032	0.516490765171	0.0
-eer	0.107074622663	0.533570618545	0.273078803841	0.0862759549512
-lɛʋ	0.12908564336	0.0368225072404	0.491518411254	0.342573438146
-144	0.0553505535055	0.634686346863	0.132841328413	0.177121771218
-ɛpɛ	0.338235294118	0.279411764706	0.323529411765	0.0588235294118
-aaŋ	0.069387755102	0.702040816327	0.14693877551	0.0816326530612
-ɛɖʋ	0.366732898098	0.367726369571	0.144904910588	0.120635821743
-yaa	0.594197990029	0.0716340903696	0.00491888897681	0.329249030624
-r-ɩ	0.535421807751	0.100572927102	0.0225975231491	0.341407741998
-ɩlʋ	0.353729343457	0.476998660116	0.147833854399	0.0214381420277
-ɛŋ'	0.103774514635	0.504188430078	0.392037055287	0.0
-ntɩ	0.0822021714532	0.57359231223	0.214747201597	0.12945831472
-sen	0.348400926698	0.167827263854	0.084518645468	0.39925316398
-sem	0.712457537965	0.187182085429	0.0233933376714	0.0769670389343
-sel	0.0489026435777	0.163599423563	0.0513832124548	0.736114720404
-oñɩ	0.0344031610123	0.213867787664	0.00271407113471	0.749014980189
-ino	0.14702572634	0.776633992676	0.0614963374596	0.0148439435247
-ina	0.14375405942	0.64160524148	0.177688614872	0.0369520842275
-see	0.464200007955	0.414312925651	0.055871057272	0.0656160091218
-ɛna	0.148348081818	0.551601717963	0.277130950243	0.0229192499756
-uii	0.042944785276	0.598159509203	0.266871165644	0.0920245398773
-fɩʋ	0.283617300131	0.408650065531	0.107994757536	0.199737876802
-ɔka	0.00912316269639	0.953370501774	0.0364926507856	0.00101368474404
-eñɔ	0.182166557622	0.364893915319	0.435554724741	0.017384802318
-ɔke	0.156855206882	0.542553702725	0.0320053822865	0.268585708107
-i-ɩ	0.660683086288	0.174463168574	0.069886715888	0.094967029251
-ʋcʋ	0.159131469363	0.438578227246	0.399315883403	0.00297441998811
-ɩ-m	0.375947712418	0.424575163399	0.0517647058824	0.147712418301
-ser	0.0865793593968	0.852335647949	0.0248819420093	0.0362030506451
-ɩ-n	0.411657660411	0.233528275939	0.261297178657	0.0935168849931
-ñam	0.534419138713	0.240460185278	0.17177797844	0.0533426975686
-rsa	0.518024032043	0.188251001335	0.253671562083	0.0400534045394
-nɖa	0.180126364159	0.592349224583	0.152510051694	0.0750143595635
-ñan	0.0374267021136	0.614146727756	0.312461112054	0.0359654580764
-kur	0.595831538619	0.232183541109	0.0545936520552	0.117391268217
-nɖe	0.209858683288	0.240424845976	0.0524361422501	0.497280328485
-aal	0.190178197645	0.603498479723	0.0287849820054	0.177538340627
-msʋ	0.105970149254	0.737313432836	0.120895522388	0.0358208955224
-rsi	0.143285014502	0.723084378324	0.0381072641716	0.0955233430017
-nɖi	0.082864748796	0.435332070094	0.095649034885	0.386154146225
-iku	0.219665271966	0.71129707113	0.0345188284519	0.0345188284519
-nen	0.0712535976081	0.812756722521	0.0753052727662	0.0406844071048
-pel	0.157708474487	0.167713671138	0.538280895403	0.136296958973
-oor	0.55298013245	0.0993377483444	0.168874172185	0.17880794702
-aɛŋ	0.0	0.964601769912	0.0221238938053	0.0132743362832
-rsu	0.333965844402	0.194813409235	0.142947501581	0.328273244782
-okʋ	0.78448874343	0.160170584152	0.0303481106814	0.0249925617376
-pem	0.14738722644	0.269763287182	0.542652970076	0.0401965163019
-saŋ	0.0	1.0	0.0	0.0
-kum	0.0	0.820224719101	0.0	0.179775280899
-kul	0.387770897833	0.465944272446	0.141640866873	0.00464396284829
-pen	0.228688921107	0.624082777843	0.114986444425	0.0322418566252
-mte	0.110662423514	0.401044901477	0.175297925847	0.312994749162
-iso	0.247357293869	0.644820295983	0.0253699788584	0.0824524312896
-ɖʋn	0.183333333333	0.466666666667	0.216666666667	0.133333333333
-kpɛ	0.629315566323	0.34221683828	0.0102967898243	0.0181708055724
-eke	0.470655668513	0.130784582437	0.0807666053535	0.317793143697
-ʋka	0.406716417911	0.503731343284	0.0783582089552	0.0111940298507
-hon	0.0508474576271	0.881355932203	0.0338983050847	0.0338983050847
-hom	0.425681368466	0.324639997689	0.156614846876	0.0930637869691
-ɔsʋ	0.573421667238	0.216524993631	0.05256818779	0.157485151341
-ɔlɩ	0.077922077922	0.25974025974	0.381818181818	0.28051948052
-osʋ	0.832511963431	0.109328925485	0.0257124491108	0.0324466619731
-iru	0.764941945355	0.0674498193823	0.0186082047414	0.149000030521
-ra'	0.0940283734741	0.905971626526	0.0	0.0
-lwa	0.157024793388	0.298898071626	0.473829201102	0.0702479338843
-uur	0.37380627558	0.521145975443	0.0422919508867	0.06275579809
-ɔlɛ	0.303938029236	0.198794549899	0.06169625113	0.435571169735
-ase	0.190665374526	0.582337749071	0.0582226870061	0.168774189397
-nya	0.151619779982	0.228449850928	0.121513241029	0.498417128061
-asa	0.180205884745	0.454494617537	0.0726176765134	0.292681821204
-ʋra	0.162897306141	0.717918515033	0.055668330439	0.0635158483863
-yer	0.052444815578	0.653391532611	0.016272747635	0.277890904176
-iyo	0.0169859394168	0.970274606021	0.00651127677644	0.00622817778617
-asi	0.198090916615	0.680406908261	0.0929875270501	0.0285146480733
-ɔlɔ	0.0930414386239	0.480844409695	0.36630179828	0.0598123534011
-yel	0.242424242424	0.757575757576	0.0	0.0
-yen	0.0	0.946341463415	0.00557491289199	0.0480836236934
-yee	0.320929498145	0.416820179478	0.049777625727	0.21247269665
-lte	0.175670996694	0.627744792719	0.13724904559	0.0593351649965
-eɖa	0.0993975903614	0.250488440248	0.597231267412	0.0528827019791
-cuŋ	0.018045112782	0.968421052632	0.0135338345865	0.0
-ʋ-ɩ	0.541710535058	0.184118415978	0.0644943166264	0.209676732338
-ɛ-ɩ	0.451969818974	0.360681160717	0.0635829530882	0.123766067221
-wɔɩ	0.209838805645	0.604013065703	0.103454256132	0.0826938725204
-rɩn	0.0	0.751592356688	0.229299363057	0.0191082802548
-err	0.281017945545	0.139077970297	0.575030940594	0.00487314356435
-utɩ	0.132845943445	0.412437593419	0.343376005369	0.111340457767
-ren	0.074491991662	0.495978296548	0.0498820281618	0.379647683628
-ran	0.43795620438	0.474452554745	0.0656934306569	0.021897810219
-iwa	0.610970707873	0.146661210998	0.0372269157019	0.205141165427
-ram	0.228494623656	0.739247311828	0.00537634408602	0.0268817204301
-rɩr	0.262325799274	0.464144903775	0.197525081001	0.0760042159504
-apʋ	0.125492039246	0.800951765466	0.0250279067035	0.0485282885847
-rka	0.114408942425	0.832644276575	0.0229685585953	0.0299782224037
-era	0.0496735920881	0.660387774016	0.036717943711	0.253220690185
-raa	0.0608602421796	0.756495963673	0.14032542886	0.0423183652876
-ela	0.224186465319	0.684886010224	0.0387515926081	0.0521759318488
-caʋ	0.0356634006775	0.821682996612	0.106990202033	0.0356634006775
-epa	0.495940130377	0.152002564986	0.225578471421	0.126478833216
-arɩ	0.0012706480305	0.846886912325	0.000635324015249	0.151207115629
-ʋya	0.11122244489	0.846693386774	0.0420841683367	0.0
-pol	0.451547495643	0.119174820873	0.0119607686787	0.417316914805
-pom	0.106194690266	0.893805309734	0.0	0.0
-ɛ-ɔ	0.178529587893	0.147975789732	0.0626761824741	0.610818439901
-ʋyo	0.405492677517	0.24583319743	0.151668351871	0.197005773182
-rɛʋ	0.291250706348	0.511678282162	0.169523450744	0.0275475607459
-laa	0.165968311282	0.697919754251	0.0724852469618	0.0636266875051
-500	0.0659340659341	0.03663003663	0.249084249084	0.648351648352
-iko	0.235428628199	0.59862332469	0.145582047862	0.0203659992488
-lam	0.0539568345323	0.805755395683	0.0575539568346	0.0827338129496
-haʋ	0.209158415842	0.539603960396	0.149752475247	0.101485148515
--wɛ	0.732017615397	0.0905235687489	0.0147882346545	0.162670581199
-iki	0.209009443616	0.457777826506	0.0291641084115	0.304048621466
-aar	0.0325316874807	0.921882242755	0.0433964369534	0.0021896328112
-aam	0.0837209302326	0.888372093023	0.0	0.0279069767442
-lau	0.117647058824	0.735294117647	0.0294117647059	0.117647058824
-lɩn	0.551747772447	0.334475668266	0.0849897189856	0.0287868403016
-aan	0.110713147867	0.761689178234	0.037932359854	0.0896653140452
--na	0.515636865726	0.217927085561	0.0667293262787	0.199706722435
-p'ɔ	0.246803711906	0.0634841917909	0.0233726443934	0.66633945191
-afa	0.351351351351	0.648648648649	0.0	0.0
-kɔɔ	0.121996303142	0.782624768946	0.0399260628466	0.0554528650647
-aho	0.0385080866982	0.883595555067	0.0130927494774	0.0648036087579
-ŋwa	0.45257364843	0.295241178375	0.110067983166	0.142117190029
-ayɔ	0.627563514042	0.165896595261	0.206539890697	0.0
-ɩrɔ	0.0681818181818	0.647727272727	0.261363636364	0.0227272727273
-sar	0.110873174689	0.391308749621	0.394378804403	0.103439271286
-ɩɛr	0.0128950585265	0.957832614523	0.00642032449844	0.0228520024521
-sau	0.022149509187	0.215034818357	0.737645775652	0.0251698968034
-tiu	0.310560810091	0.0475328421929	0.0218786605613	0.620027687155
-otɩ	0.0827586206896	0.586206896552	0.227586206897	0.103448275862
-'mɩ	0.325713204521	0.384366250796	0.111783229954	0.178137314729
-mpe	0.08798851821	0.134124164943	0.198421724722	0.579465592125
-mpa	0.0782354392981	0.2406358501	0.0558604965576	0.625268214045
-lfa	0.0141176470588	0.985882352941	0.0	0.0
-lʋʋ	0.298307383086	0.531752619642	0.0961110612767	0.0738289359953
-saa	0.221599039149	0.395956234016	0.330098497115	0.0523462297203
-aɛl	0.0104980740666	0.96015363358	0.00746443942821	0.0218838529255
-đ'ɔ	0.374862183021	0.244762954796	0.0396912899669	0.340683572216
-ola	0.394680460592	0.302094122171	0.0833741629459	0.219851254291
-aa'	0.478361849832	0.357169925069	0.12836544398	0.0361027811194
-mpu	0.0715555204487	0.803293903908	0.0208337447422	0.104316830901
-san	0.0193344732342	0.93605594283	0.0105660046473	0.0340435792889
-yaʋ	0.780683895575	0.104365067237	0.0942904851062	0.0206605520822
-rɛm	0.0882352941176	0.573529411765	0.338235294118	0.0
-lon	0.0189275541509	0.95559304603	0.0254793998186	0.0
-ñer	0.285186083162	0.23808946539	0.21411686265	0.262607588799
-ɛɛr	0.0293798007087	0.327061365551	0.0435600283445	0.599998805395
-ñee	0.608135002902	0.293805456506	0.0679575420848	0.0301019985073
-rom	0.0480686366509	0.677691173373	0.232682842752	0.0415573472241
-roo	0.07025441817	0.809366098897	0.0211457370144	0.099233745919
-ñem	0.507246376812	0.391304347826	0.0724637681159	0.0289855072464
-ʋla	0.263944131825	0.402704205388	0.247325427229	0.0860262355579
-ñen	0.163614163614	0.172161172161	0.478021978022	0.186202686203
-naʋ	0.644167278063	0.170841630856	0.0268315690179	0.158159522063
-ipi	0.00639172119921	0.989955866687	0.000913103028459	0.00273930908538
-akʋ	0.333103699801	0.384366008834	0.0263403168943	0.25618997447
-nyɔ	0.315789473684	0.508771929825	0.105263157895	0.0701754385965
-'ɖa	0.0595238095238	0.285714285714	0.0238095238095	0.630952380952
-sʋʋ	0.395087884495	0.401750556412	0.064022998345	0.139138560749
-ɩtɩ	0.207562679819	0.591450883683	0.154952733251	0.046033703247
-mɩl	0.36141221691	0.524255680501	0.083638920686	0.0306931819031
-hɛɔ	0.0136054421769	0.972789115646	0.0	0.0136054421769
-ewa	0.447898380639	0.321801218959	0.147458529754	0.0828418706483
-laʋ	0.616596896271	0.0504821351421	0.029145586156	0.303775382431
-ʋwa	0.497253972965	0.20229112288	0.107892492942	0.192562411213
-hɛɛ	0.255125284738	0.26441212546	0.215700017522	0.26476257228
-kʋr	0.439254619727	0.0635645721088	0.0201984082375	0.476982399927
-lɛn	0.0975564984345	0.535922986956	0.276290849588	0.0902296650216
-ɔwʋ	0.095682790265	0.834513724488	0.019136558053	0.050666927194
-lɛm	0.00775688994342	0.97339843037	0.00666179959848	0.0121828800876
-hoŋ	0.29642777901	0.529398713113	0.02263146217	0.151542045707
-awa	0.151320916562	0.666690461119	0.114802135365	0.0671864869537
-ɖ'ɔ	0.369420215495	0.271079185907	0.0877943104726	0.271706288125
-ila	0.047233606007	0.880766565869	0.0396657016559	0.0323341264683
-pii	0.117753070674	0.797127568137	0.0623838966368	0.0227354645521
-kpa	0.449419481779	0.106894001857	0.0361511133952	0.407535402969
-maʋ	0.616472135459	0.25069866842	0.052276837087	0.0805523590334
-oña	0.26372619593	0.343073097311	0.130128918265	0.263071788495
-'ɖ'	0.320987654321	0.485596707819	0.131687242798	0.0617283950617
-elɩ	0.113745143307	0.787150177375	0.0962892054732	0.00281547384424
-iuu	0.42638169278	0.299756548023	0.195495163488	0.0783665957086
-ɩse	0.230266408537	0.312921063679	0.0963444427055	0.360468085078
-ɩsa	0.378716744914	0.330203442879	0.0438184663537	0.247261345853
-ɔyɔ	0.2	0.738461538462	0.0615384615385	0.0
-poŋ	0.328592814371	0.409181636726	0.0299401197605	0.232285429142
-rɛɛ	0.0429334789442	0.0111033092811	4.57251427737e-05	0.945917486632
-'ña	0.261546201912	0.221301407367	0.0965252129128	0.420627177808
--ɖe	0.50948730833	0.290909884871	0.124508813224	0.0750939935753
-rɛɔ	0.0148976309238	0.950937278086	0.00580504958034	0.0283600414096
--ɖa	0.48370811487	0.264440291254	0.0884825651151	0.163369028761
-ɛsa	0.244704163623	0.102994886779	0.347699050402	0.304601899197
-ɩsɔ	0.2413099684	0.315426601551	0.322608445849	0.1206549842
-ɩrʋ	0.222712680578	0.693017656501	0.0722311396468	0.0120385232745
-haɩ	0.0	0.0425531914894	0.893617021277	0.063829787234
-ɔnʋ	0.124747430379	0.830976016867	0.020029869103	0.0242466836511
-lɛ'	0.526455729859	0.415049189046	0.0292475405477	0.0292475405477
-tɩɩ	0.369787568843	0.393128769997	0.17414109625	0.0629425649095
--n'	0.28903435237	0.274364828266	0.113375993678	0.323224825686
-isɛ	0.467741935484	0.172811059908	0.235023041475	0.124423963134
-raŋ	0.172413793103	0.827586206897	0.0	0.0
-eyo	0.0951417004049	0.868421052632	0.0364372469636	0.0
-aɩm	0.0	1.0	0.0	0.0
-k'ɔ	0.324696216002	0.276115524538	0.141188407949	0.257999851511
-ntʋ	0.427473251136	0.300350131381	0.228230891107	0.0439457263759
--wa	0.519753282448	0.173514800958	0.0502243397611	0.256507576833
-kɔʋ	0.507368421053	0.214736842105	0.189473684211	0.0884210526316
-wɔŋ	0.480690221857	0.386195562859	0.0542317173377	0.0788824979457
-lel	0.436545718698	0.473725569028	0.0230261053901	0.0667026068841
-lem	0.0980291238642	0.487432566481	0.17794622815	0.236592081505
-len	0.164707611097	0.188132361371	0.231265527729	0.415894499803
--ra	0.371300308959	0.270773771904	0.0675748307478	0.290351088389
-mɔr	0.0404411764706	0.920343137255	0.0220588235294	0.0171568627451
-mul	0.103875560243	0.083838650145	0.031109939362	0.78117585025
-emɩ	0.522875816994	0.274509803922	0.143790849673	0.0588235294117
-lee	0.0540487356925	0.888229313568	0.0482109474927	0.00951100324686
-muu	0.18085106383	0.68085106383	0.063829787234	0.0744680851064
-ɖɛm	0.0504201680672	0.899159663866	0.0504201680673	0.0
-amʋ	0.602409638554	0.325301204819	0.0722891566265	0.0
-mɔn	0.152823920266	0.453488372093	0.328903654485	0.0647840531561
-fal	0.0932236519321	0.712756254551	0.096043863251	0.0979762302659
-ɩɛn	0.0819047619048	0.855238095238	0.00571428571429	0.0571428571428
-ɔra	0.19323497661	0.785894206549	0.0208708168406	0.0
-fam	0.0253719611373	0.426593678296	0.548034360567	0.0
-oii	0.303680981595	0.696319018405	0.0	0.0
-nʋʋ	0.420157068063	0.234293193717	0.235602094241	0.109947643979
-eem	0.303952161528	0.505604570915	0.0335799380415	0.156863329516
-eel	0.057142975477	0.198391365393	0.102193856209	0.642271802922
-ɩɛl	0.015345399364	0.979539467515	0.0	0.00511513312133
-ɩfɩ	0.281791044776	0.0889552238806	0.20776119403	0.421492537314
-eea	0.0	1.0	0.0	0.0
-'ar	0.476130807262	0.247000177061	0.0818022091772	0.195066806499
--kʋ	0.501159093078	0.335994625903	0.0700082474547	0.0928380335641
-ruŋ	0.634615384615	0.25	0.076923076923	0.0384615384615
-ɔmʋ	0.203125	0.40625	0.265625	0.125
-sam	0.188565051723	0.333614768669	0.128151006025	0.349669173583
-ŋ-ɩ	0.509404209612	0.168018831273	0.272070754394	0.0505062047215
-ñuŋ	0.096870342772	0.644209695801	0.0319102305602	0.227009730867
-ala	0.216675173919	0.536125343803	0.15795202556	0.0892474567175
-atɔ	0.63967072079	0.305303840863	0.0412690787606	0.0137563595869
-paŋ	0.100010205123	0.565669966323	0.334319828554	0.0
-ɛwɩ	0.158622123443	0.286200444508	0.545846718906	0.00933071314368
-ɩyɔ	0.141284050967	0.799401362039	0.0593145869947	0.0
-kpo	0.370044052863	0.378854625551	0.0132158590308	0.237885462555
-ñɩɩ	0.625	0.375	0.0	0.0
-atɛ	0.224291710388	0.465569254984	0.013444386149	0.296694648478
-mla	0.203549764098	0.631517041775	0.0713653243818	0.0935678697451
-mle	0.335838421794	0.317519962424	0.270549553781	0.0760920620009
-etɩ	0.208831316126	0.209470743221	0.423514070126	0.158183870527
-pee	0.161461772442	0.579783721761	0.228618438856	0.0301360669402
-ɛɛʋ	0.582107121836	0.324308416716	0.0406121247793	0.0529723366686
-fɩa	0.0	0.963636363636	0.0363636363636	0.0
-lsu	0.25	0.613636363636	0.0454545454546	0.0909090909091
-ɔtʋ	0.749971603088	0.185393361352	0.0400121648706	0.0246228706896
-ɩal	0.0	0.955555555556	0.0444444444444	0.0
-ee'	0.6375	0.2875	0.0	0.075
-'aɩ	0.119071644803	0.172552976791	0.0363269424823	0.672048435923
-153	0.117647058824	0.0588235294118	0.0882352941177	0.735294117647
-ɩɖe	0.0865979381443	0.901030927835	0.0123711340206	0.0
-per	0.325178197892	0.214879425346	0.107093973241	0.35284840352
-lse	0.664994594051	0.244964924191	0.0179779236127	0.0720625581454
-iye	0.0285714285714	0.942857142857	0.0285714285714	0.0
-al'	0.953799542369	0.0420171263049	0.00418333132618	0.0
-lsi	0.179515418502	0.800660792952	0.0198237885462	0.0
-iya	0.306450755588	0.490537702855	0.174009892763	0.0290016487939
-rke	0.195053776508	0.70286200401	0.017317858662	0.0847663608191
-atɩ	0.00979431929481	0.00979431929481	0.98041136141	0.0
-kaɩ	0.0	1.0	0.0	0.0
-kʋn	0.585105186185	0.216972287846	0.0836489543881	0.11427357158
-ɔtɩ	0.395348837209	0.348837209302	0.116279069767	0.139534883721
-itu	0.00798546773953	0.971134969073	0.00427730050119	0.0166022626861
-ter	0.121957458461	0.278589308709	0.335238000579	0.264215232251
-esu	0.00685690214351	0.690491873314	0.00352439287787	0.299126831665
-ɖa'	0.786986369515	0.0876529698537	0.125360660631	0.0
-rʋn	0.491608056266	0.143302429667	0.0322890025576	0.332800511509
-ɛra	0.355111187726	0.59317359076	0.0310291329081	0.0206860886054
-etʋ	0.614249018276	0.257610204021	0.065546665092	0.0625941126104
-esa	0.132864873763	0.434461614437	0.0531801065865	0.379493405214
-ite	0.0621084456852	0.887816619981	0.0345478229124	0.0155271114213
-atʋ	0.61693325808	0.218522262812	0.0664256076609	0.0981188714469
-ese	0.441805536464	0.155597056359	0.23909476091	0.163502646266
-ita	0.138451414324	0.73210214139	0.023638046348	0.105808397939
-ɛya	0.00686498855835	0.5	0.212242562929	0.280892448513
-acɔ	0.0412371134021	0.958762886598	0.0	0.0
-ɛye	0.0287631831256	0.967401725791	0.0	0.00383509108342
-fan	0.253207869974	0.48246364414	0.264328485885	0.0
-m'a	0.402777777778	0.243055555556	0.270833333333	0.0833333333333
-666	0.285714285714	0.0	0.0	0.714285714286
-far	0.0631578947368	0.915789473684	0.0210526315789	0.0
-n'a	0.447675026232	0.0263534430833	0.00734217418385	0.518629356501
-suŋ	0.227398179293	0.61292181665	0.0765589060547	0.0831210980021
-pɛʋ	0.796650050505	0.181311474738	0.0220384747578	0.0
-tʋŋ	0.367741935484	0.583870967742	0.0193548387097	0.0290322580645
-'lɛ	0.367114788004	0.508790072389	0.0310237849017	0.0930713547051
-mʋ'	0.0424028268551	0.872791519435	0.0	0.0848056537102
-n'n	0.142634460406	0.0370297153733	0.0112375892986	0.809098234922
-sɩn	0.182504788438	0.146265018283	0.0365662545708	0.634663938708
-hul	0.679386590585	0.100570613409	0.150855920114	0.0691868758916
-haŋ	0.0	0.393442622951	0.0327868852459	0.573770491803
-'ka	0.211367673179	0.703374777975	0.0319715808171	0.0532859680284
--se	0.444304256848	0.370148589769	0.091154472361	0.0943926810215
-nɛl	0.0609137055838	0.204737732656	0.144012032337	0.590336529423
-wor	0.383561643836	0.123287671233	0.438356164384	0.0547945205479
-wʋm	0.220248586431	0.74304331583	0.0367080977385	0.0
-ɩwa	0.29585851238	0.311113757939	0.332115683015	0.0609120466664
-ɖaa	0.635416666667	0.248611111111	0.048611111111	0.0673611111111
-wol	0.0212334391431	0.957533121714	0.0	0.021233439143
-wʋl	0.665828717762	0.167775774271	0.0345066575824	0.131888850385
-ɖan	0.0539956803456	0.813174946004	0.0388768898488	0.0939524838014
-eɔr	0.103448275862	0.896551724138	0.0	0.0
-kom	0.865535021146	0.134464978854	0.0	0.0
-mʋr	0.00844353065497	0.953032860732	0.0274414746286	0.0110821339846
-kon	0.0314720812183	0.895431472081	0.048730964467	0.0243654822335
-tul	0.38717067583	0.568155784651	0.0309278350516	0.0137457044673
-nca	0.43137254902	0.0196078431373	0.549019607843	0.0
-emʋ	0.050745576674	0.176128719947	0.150595920155	0.622529783224
-ñel	0.588340355376	0.235446052391	0.021194357941	0.155019234292
-amɩ	0.0338782140633	0.939157493111	0.0248901164546	0.00207417637122
-sol	0.0714285714286	0.892857142857	0.0357142857143	0.0
-tuu	0.565453137103	0.213787761425	0.0464756003098	0.174283501162
-lɔl	0.58978583196	0.266886326194	0.00494233937398	0.138385502471
-ora	0.217738926496	0.208144555194	0.0812856457545	0.492830872555
-'ɩɩ	0.0572318290933	0.0445067259439	0.0103551982915	0.887906246671
-tan	0.344761932205	0.0398524413659	0.0421713571146	0.573214269315
-ɩka	0.070677781805	0.838450784446	0.0504841298607	0.0403873038885
-ɩɩl	0.0322780213573	0.0895715092665	0.0595529494042	0.818597519972
-rɩl	0.0	0.945695744268	0.0543042557321	0.0
-akɔ	0.394987843651	0.582569665233	0.0	0.0224424911165
-ɩla	0.112309495443	0.623295234035	0.228128662618	0.0362666079034
-ađa	0.0	0.826748089133	0.173251910867	0.0
-cɛl	0.826376663449	0.0621273212562	0.0130615026407	0.0984345126545
-ruu	0.651011866733	0.103936448287	0.0171067416537	0.227944943326
-ʋnʋ	0.821536144578	0.0304969879518	0.0395331325302	0.10843373494
-n-ɔ	0.132607073907	0.136567797216	0.0568666487496	0.673958480127
-iin	0.0762871184239	0.509003218432	0.0615868633216	0.353122799823
-run	0.654135338346	0.255639097744	0.0902255639098	0.0
-lii	0.218723172566	0.204243644011	0.0195898922873	0.557443291136
-ici	0.0558572536851	0.599689681924	0.344453064391	0.0
-enʋ	0.326340246357	0.30900018093	0.314581785548	0.0500777871649
-ɛka	0.58347386172	0.280775716695	0.0860033726813	0.0497470489039
-oma	0.141336893444	0.696316674898	0.0174018397333	0.144944591925
-ɛke	0.381734863914	0.424365858174	0.142057026477	0.0518422514349
-eɛl	0.0	1.0	0.0	0.0
-ɛɔ'	0.0631578947369	0.852631578947	0.0210526315789	0.0631578947369
-wɔm	0.322835683226	0.378310712874	0.0641981815786	0.234655422322
-ɖʋ'	0.774131944444	0.225868055556	0.0	0.0
-cɔʋ	0.212523082088	0.649056332286	0.0832154248304	0.0552051607952
-lna	0.176575912057	0.740977580023	0.0649578547252	0.0174886531953
-l-ɩ	0.620246598228	0.224612236023	0.0270693418973	0.128071823851
-ɔɔn	0.739777950358	0.055398603787	0.00729907186653	0.197524373988
-n-ɩ	0.702371675801	0.107840678842	0.0345379175355	0.155249727822
-a-ɩ	0.509702743653	0.124896243288	0.0343869456018	0.331014067457
-ɔɔr	0.101856225581	0.690889269626	0.0797679284357	0.127486576357
-ɛʋn	0.49318725105	0.148932201935	0.0477553073063	0.310125239709
-wɔr	0.245461302332	0.544467071736	0.0425789335102	0.167492692422
-naɩ	0.0	1.0	0.0	0.0
-aɔŋ	0.0643274853801	0.923976608187	0.0	0.0116959064327
-ʋma	0.25773734839	0.662275198662	0.0	0.0799874529486
-wɩn	0.615028901734	0.194219653179	0.0277456647399	0.163005780347
-ipa	0.0265017667845	0.932862190813	0.0194346289753	0.0212014134276
-uro	0.0620689655172	0.907586206897	0.00275862068966	0.0275862068965
-wɛm	0.0231958762886	0.814432989691	0.139175257732	0.0231958762887
-ura	0.154387508247	0.157301517484	0.649714097207	0.0385968770618
-sɛɛ	0.193848268437	0.695036269737	0.0864431120808	0.0246723497449
-e-ɩ	0.586992907606	0.13748499193	0.0367266363061	0.238795464157
-ɩaŋ	0.0851063829787	0.851063829787	0.063829787234	0.0
-ʋte	0.447417768876	0.401831540776	0.0521359834259	0.0986147069219
-m-ɩ	0.582648246526	0.170488368167	0.0286303633015	0.218233022006
-ʋta	0.113939156193	0.313888124665	0.0454105332653	0.526762185877
-anʋ	0.161036611743	0.748672775178	0.0275276259389	0.0627629871407
-wɩr	0.125410846343	0.811318816763	0.0158175842235	0.0474527526705
-lɖa	0.0348635548307	0.941728649162	0.0194375691227	0.00397022688463
-aɖʋ	0.123307828134	0.858446144791	0.00853443201884	0.0097115950559
-pal	0.15300099882	0.604921456461	0.122037591937	0.120039952783
-pam	0.611295681063	0.189368770764	0.136212624585	0.063122923588
-pan	0.141075359111	0.664441357602	0.147419712955	0.0470635703329
-ape	0.319741908003	0.425563658375	0.106512181339	0.148182252283
-cɛr	0.73030236151	0.192893401015	0.0132421099095	0.0635621275657
-paa	0.248160969277	0.168266393926	0.356398253413	0.227174383384
-k-ɔ	0.809210526316	0.111842105263	0.0394736842105	0.0394736842105
-e-ɔ	0.107378905927	0.147759262589	0.0929094079656	0.651952423518
-waa	0.614784418391	0.256115847933	0.0307142499847	0.0983854836906
-wan	0.325495257871	0.510022498967	0.0727517613988	0.0917304817636
-par	0.0948972633733	0.485839343441	0.0626223899297	0.356641003256
-wal	0.773913967717	0.0870516333102	0.00284799916231	0.136186399811
-m-ɔ	0.707605942356	0.0491545149586	0.0	0.243239542685
-kee	0.03300330033	0.957095709571	0.003300330033	0.00660066006601
-anɔ	0.098252318709	0.0636478482508	0.005713451369	0.832386381671
-ɔsɛ	0.252124645892	0.475920679887	0.00849858356941	0.263456090652
-ken	0.268799691029	0.516007340115	0.0618719925965	0.15332097626
-kem	0.176470588235	0.117647058823	0.635294117647	0.0705882352941
