-rbs	0.0471584038694	0.934703748489	0.00362756952841	0.0145102781137
-cac	0.0	1.0	0.0	0.0
-caa	0.0	1.0	0.0	0.0
-cae	0.0652191203373	0.606259444842	0.259524377635	0.068997057186
-can	0.0	0.882352941176	0.117647058824	0.0
-eus	0.0315524863373	0.771025534481	0.0143860737522	0.18303590543
-cal	0.0	1.0	0.0	0.0
-eum	0.0161895000237	0.236480884226	0.00830551429597	0.739024101454
-iva	0.129186602871	0.504784688995	0.346889952153	0.0191387559809
-rba	0.070945088417	0.832473136475	0.018021829258	0.0785599458499
-ive	0.0510498433226	0.053956759136	0.00944518387323	0.885548213668
-rbe	0.179438543247	0.635811836115	0.11191198786	0.0728376327769
-cat	0.722190477682	0.185524369534	0.0405581415055	0.0517270112783
-ivi	0.738921263562	0.130084544284	0.054866677342	0.0761275148121
-rbi	0.215860635779	0.600506332879	0.1274233902	0.0562096411431
-cax	0.0845070422535	0.152112676056	0.712676056338	0.0507042253521
-rbo	0.13946682845	0.675600442525	0.013918132829	0.171014596196
-ivo	0.457047860309	0.204356283362	0.0787116619923	0.259884194336
-aus	0.182177348551	0.753292361721	0.0355575065847	0.0289727831431
-aut	0.0411166289271	0.0163437036524	0.00373787535701	0.938801792064
-idæ	0.137931034483	0.674418604651	0.129911788292	0.0577385725741
-mæa	0.0	1.0	0.0	0.0
-nnæ	0.0	0.990591678863	0.00940832113737	0.0
-aud	0.4	0.0461538461539	0.346153846154	0.207692307692
-dra	0.0260869565217	0.947826086957	0.0260869565217	0.0
-aum	0.030504497458	0.935862338678	0.0125146656238	0.0211184982401
-ufi	0.030303030303	0.69696969697	0.272727272727	0.0
-bab	0.0363321799308	0.963667820069	0.0	0.0
-utæ	0.611339838558	0.285635556132	0.0594547281745	0.0435698771355
-cam	0.334919638713	0.492681648569	0.0358107071599	0.136588005559
-eur	0.0	1.0	0.0	0.0
-dro	0.135135135135	0.578378378378	0.194594594595	0.0918918918918
-cas	0.354510488975	0.561703707109	0.0361125157705	0.0476732881459
-car	0.419120458891	0.394263862333	0.0856596558317	0.100956022945
-tío	0.102564102564	0.846153846154	0.0512820512821	0.0
-rbæ	0.0613124387855	0.894417238002	0.0201762977473	0.0240940254652
-ivæ	0.100952162441	0.809567511759	0.0619479178616	0.0275324079385
-ido	0.245001278445	0.356149322424	0.352825364357	0.0460240347737
-eci	0.397059688327	0.0828579829462	0.157659511908	0.362422816819
-ech	0.0313319841091	0.915748444644	0.0313319841091	0.0215875871374
-eco	0.0822407628129	0.153754469607	0.617401668653	0.146603098927
-idi	0.6427143588	0.0788817998254	0.0287151341073	0.249688707267
-eca	0.0301507537689	0.738693467337	0.231155778894	0.0
-ide	0.204627990146	0.615993632322	0.0415667878417	0.13781158969
-rpe	0.179260893547	0.377826806398	0.312741312741	0.130170987314
-ece	0.0248175182482	0.265693430657	0.709489051095	0.0
-ida	0.120194993443	0.623100881861	0.225900727403	0.0308033972923
-rps	0.380952380952	0.619047619048	0.0	0.0
-yli	0.2	0.8	0.0	0.0
-uta	0.39533632287	0.327926542814	0.145351270553	0.131385863763
-ute	0.0515779271912	0.824247380217	0.0629353685868	0.0612393240051
-uth	0.0	0.992705167173	0.00729483282676	0.0
-uti	0.745047065377	0.143824365439	0.0383284053955	0.0728001637885
-uto	0.357369164408	0.455204794442	0.0866511432606	0.100774897889
-utu	1.0	0.0	0.0	0.0
-mæi	0.0	1.0	0.0	0.0
-gyp	0.0	1.0	0.0	0.0
-ræo	0.0	1.0	0.0	0.0
-pha	0.00567229599073	0.988139744747	0.0061879592626	0.0
-phe	0.225865209472	0.511839708561	0.0655737704919	0.196721311475
-phi	0.012036108325	0.874958207957	0.0789033767971	0.0341023069208
-pho	0.0353982300885	0.929203539823	0.0353982300885	0.0
-ecæ	0.285714285714	0.714285714286	0.0	0.0
-phu	0.0	1.0	0.0	0.0
-rru	0.0	0.985507246377	0.0	0.0144927536232
-mau	1.0	0.0	0.0	0.0
-ufa	0.110599078341	0.0599078341013	0.829493087558	0.0
-nhu	0.5	0.0	0.0	0.5
-aul	0.00847635726794	0.986059544659	0.00252189141856	0.00294220665499
-xes	0.0487804878049	0.951219512195	0.0	0.0
-uaa	0.0	1.0	0.0	0.0
-phæ	0.0896414342629	0.898406374502	0.0	0.011952191235
-iah	0.0	1.0	0.0	0.0
-yae	0.0	0.951219512195	0.0487804878049	0.0
-lpa	0.2	0.433128834356	0.307975460123	0.0588957055215
-yam	0.0	1.0	0.0	0.0
-uæi	0.0	1.0	0.0	0.0
-lpi	0.00975786049874	0.946873870618	0.0433682688833	0.0
-psa	0.130011121114	0.0586241592967	0.106180162051	0.705184557538
-ade	0.60125366544	0.365425482768	0.00233421028317	0.0309866415091
-ada	0.0295785062854	0.951195464629	0.0147892531427	0.00443677594281
-tìs	0.267123287671	0.671232876712	0.0205479452055	0.041095890411
-ado	0.929245407985	0.0247383969758	0.00469553010604	0.0413206649331
-adi	0.637473079684	0.267767408471	0.00861450107681	0.0861450107681
-adu	0.5	0.0666666666667	0.433333333333	0.0
-aat	0.0	1.0	0.0	0.0
-œtæ	1.0	0.0	0.0	0.0
-seo	0.0178890876565	0.982110912343	0.0	0.0
-sen	0.0117198146634	0.983374216408	0.00163532297629	0.00327064595257
-sem	0.317015025242	0.314663768403	0.0180157111804	0.350305495175
-sel	0.0	1.0	0.0	0.0
-lbi	0.0	0.0	1.0	0.0
-oes	0.102728731942	0.829855537721	0.0192616372392	0.0481540930979
-sei	0.0	1.0	0.0	0.0
-fla	0.682926829268	0.268292682927	0.0	0.0487804878048
-ipæ	0.0	1.0	0.0	0.0
-uis	0.0414653937723	0.239383872682	0.0896545414249	0.629496192121
-sed	0.0600838032244	0.0202473069222	0.0057200952053	0.913948794648
-lba	0.00758293838862	0.054028436019	0.938388625592	0.0
-uit	0.611311901872	0.221189722922	0.0456599803635	0.121838394843
-sea	0.0	1.0	0.0	0.0
-uii	0.16862745098	0.796078431373	0.0117647058823	0.0235294117647
-uim	0.0	1.0	0.0	0.0
-oha	0.0	1.0	0.0	0.0
-uio	0.403726708074	0.443064182195	0.0786749482402	0.0745341614907
-uin	0.0768639508071	0.0594926979247	0.0657955418908	0.797847809377
-uia	0.0896074634701	0.0159517925488	0.00188888343904	0.892551860542
-uic	0.0927740557443	0.0409012336844	0.015895866249	0.850428844322
-set	0.72495176636	0.0795606828832	0.021936003873	0.173551546884
-flu	0.0	1.0	0.0	0.0
-ser	0.0505501040737	0.852314401824	0.0852413519675	0.011894142135
-eræ	0.111111111111	0.490421455939	0.352490421456	0.0459770114942
-sep	0.0	0.0	0.5	0.5
-aam	0.0193220338983	0.970508474576	0.0	0.0101694915254
-bli	0.422018348624	0.385321100917	0.137614678899	0.0550458715597
-aal	0.00497689299681	0.976537504444	0.0184856025596	0.0
-bla	0.0	1.0	0.0	0.0
-ugæ	0.333333333333	0.666666666667	0.0	0.0
-rdæ	0.0	0.0	1.0	0.0
-azæ	0.037037037037	0.962962962963	0.0	0.0
-uum	0.0438445641576	0.213185154958	0.080664457574	0.66230582331
-sæi	0.00866619877331	0.977693692594	0.000732354825912	0.0129077538067
-sæo	0.0	1.0	0.0	0.0
-out	0.285452691113	0.019401047703	0.0431134393399	0.652032821844
-sæe	0.0	0.748091603053	0.160305343511	0.0916030534351
-uus	0.265191736717	0.180173942809	0.139663977875	0.414970342599
-qua	0.116322302289	0.301717968943	0.0221308228384	0.55982890593
-zon	0.0	1.0	0.0	0.0
-que	0.206970478811	0.105259537988	0.0257673710188	0.662002612183
-qui	0.0639337133096	0.0819571609324	0.00132007113526	0.852789054623
-œtu	0.078947368421	0.894736842105	0.0	0.0263157894737
-qum	0.0	0.842105263158	0.0	0.157894736842
-quo	0.136048155384	0.0840494191954	0.0230363820568	0.756866043364
-oph	0.640495867769	0.285123966942	0.0247933884298	0.0495867768596
-vel	0.0429254391274	0.0237548546628	0.00250051101713	0.930819195193
-zor	0.345871559633	0.571559633028	0.0	0.0825688073394
-xor	0.00672749768017	0.882694092174	0.0	0.110578410145
-xos	0.648648648649	0.135135135135	0.216216216216	0.0
-ænæ	0.130434782609	0.347826086956	0.521739130435	0.0
-rax	0.0834366403946	0.200152300709	0.701025579107	0.0153854797891
-rat	0.798641853954	0.0736801832793	0.0200683864602	0.107609576307
-lbæ	0.135658914729	0.12015503876	0.720930232558	0.0232558139535
-rar	0.700245700246	0.226044226044	0.0	0.0737100737101
-ras	0.129714278688	0.449109768899	0.0470519583743	0.374123994039
-ran	0.0229226361031	0.966025378633	0.00736799017601	0.003683995088
-rao	0.0180451127819	0.972932330827	0.0	0.00902255639097
-ram	0.0955878420275	0.56203387854	0.047136414162	0.295241865271
-ern	0.678899082569	0.211009174312	0.0	0.110091743119
-rai	0.00973236009733	0.980535279805	0.00486618004865	0.00486618004866
-era	0.142524902492	0.52404842163	0.256662453688	0.0767642221894
-rad	0.0	1.0	0.0	0.0
-rae	0.0602456106219	0.578535665212	0.0551918873887	0.306026836777
-xon	0.0	1.0	0.0	0.0
-ere	0.608485619248	0.191620656531	0.0606869238105	0.13920680041
-uiæ	0.0974429854873	0.815480304077	0.0497581202488	0.0373185901866
-oza	0.0	1.0	0.0	0.0
-azy	0.0684931506849	0.794520547945	0.0684931506849	0.0684931506849
-ozi	0.0	1.0	0.0	0.0
-uge	0.408245725046	0.313586844653	0.134080703814	0.144086726487
-azi	0.0	1.0	0.0	0.0
-uga	0.128301886792	0.811320754717	0.0301886792453	0.0301886792453
-ugo	0.0491681821243	0.928605105408	0.0101030511214	0.0121236613457
-aza	0.0194174757282	0.980582524272	0.0	0.0
-ugi	0.771055753262	0.20759193357	0.00711743772242	0.0142348754448
-nox	0.0514615067929	0.821325648415	0.00864553314122	0.118567311651
-ëam	1.0	0.0	0.0	0.0
-nor	0.0602568324004	0.539018768522	0.345406651301	0.0553177477774
-nos	0.0247043188317	0.140807895954	0.0448357928391	0.789651992376
-noi	0.0	1.0	0.0	0.0
-nom	0.0	0.974468085106	0.0255319148936	0.0
-non	0.136483615979	0.0256223237633	0.00619508683185	0.831698973426
-ëas	0.399350649351	0.386363636364	0.0584415584415	0.155844155844
-noa	0.0	1.0	0.0	0.0
-nob	0.034682080925	0.965317919075	0.0	0.0
-nod	0.0	1.0	0.0	0.0
-noe	0.0	1.0	0.0	0.0
-ëat	0.472602739726	0.36301369863	0.0	0.164383561644
-ypo	0.545454545455	0.454545454545	0.0	0.0
-gla	0.0	1.0	0.0	0.0
-vor	0.226480836237	0.662020905923	0.0607267297163	0.0507715281234
-vos	0.0291129695612	0.0621406310639	0.00756765977724	0.901178739598
-tob	0.0	1.0	0.0	0.0
-toa	0.0	1.0	0.0	0.0
-vox	0.0576774802352	0.844206359253	0.00821662427932	0.0898995362326
-gli	0.0	1.0	0.0	0.0
-tol	1.0	0.0	0.0	0.0
-doa	0.0	1.0	0.0	0.0
-tot	0.674418604651	0.139534883721	0.093023255814	0.093023255814
-tor	0.191753350656	0.671753035461	0.0945245722036	0.041969041679
-tos	0.18853641798	0.326212584546	0.310179929849	0.175071067625
-iei	0.0768679448128	0.840530370901	0.0331481813295	0.0494535029565
-iem	0.101750356389	0.781972422776	0.0183216451448	0.0979555756894
-iel	0.00744729605865	0.980293308891	0.00481209899175	0.00744729605866
-ror	0.276552918598	0.618499274447	0.0372606843608	0.0676871225951
-ros	0.0720041969883	0.625227332596	0.0436519610818	0.259116509334
-clo	0.0	1.0	0.0	0.0
-cli	0.129589632829	0.844492440605	0.0259179265658	0.0
-roz	0.0	1.0	0.0	0.0
-rod	0.0	1.0	0.0	0.0
-roe	0.0	1.0	0.0	0.0
-iez	0.0	1.0	0.0	0.0
-rob	0.0	1.0	0.0	0.0
-rom	0.0	1.0	0.0	0.0
-ies	0.213563301646	0.666009591195	0.0152856333811	0.105141473777
-ier	0.0157712142522	0.847819971871	0.00337552742616	0.133033286451
-iet	0.568888703316	0.102687894286	0.0404670458589	0.287956356539
-mpo	0.0254237288136	0.872881355932	0.0847457627118	0.0169491525424
-noë	0.0	1.0	0.0	0.0
-sau	0.00320427236315	0.991989319092	0.00320427236315	0.00160213618158
-tie	0.0	1.0	0.0	0.0
-mpi	0.0338983050847	0.932203389831	0.0338983050847	0.0
-nge	0.0955252626511	0.31314478763	0.0440053990481	0.547324550671
-ngi	0.578512396694	0.212809917355	0.20867768595	0.0
-hyn	0.0	0.96	0.0	0.04
-mææ	0.0454545454545	0.863636363636	0.0	0.090909090909
-lei	0.00901336641268	0.821986013349	0.166747278635	0.00225334160317
-oit	0.746666666667	0.2	0.0533333333333	0.0
-mua	0.0	1.0	0.0	0.0
-sae	0.265308380489	0.360557013246	0.160828881232	0.213305725034
-len	0.0	1.0	0.0	0.0
-leo	0.111469793794	0.786547203373	0.0814282890836	0.0205547137493
-mum	0.0571398503352	0.640870045653	0.155716721385	0.146273382627
-lea	0.00636942675159	0.968152866242	0.0254777070064	0.0
-leb	0.0	1.0	0.0	0.0
-lec	0.0	0.987288135593	0.0127118644068	0.0
-led	0.0	1.0	0.0	0.0
-yta	0.376281577	0.509565585033	0.107811013635	0.00634182433147
-lex	0.0360105142245	0.891686574632	0.0512321797284	0.0210707314151
-mut	0.0	0.666666666667	0.333333333333	0.0
-mus	0.433766710491	0.182273315766	0.0648581910906	0.319101782653
-mur	0.583671753652	0.219983813187	0.0761748211698	0.120169611992
-itæ	0.0793389144249	0.851186582326	0.0306825550064	0.0387919482428
-ler	0.916666666667	0.0833333333334	0.0	0.0
-les	0.204969657501	0.301023640467	0.302121934731	0.191884767301
-let	0.488102128038	0.279143664856	0.0613536194462	0.171400587659
-leu	0.0	1.0	0.0	0.0
-muz	0.0	1.0	0.0	0.0
-san	0.00920951650037	0.943207981581	0.0445126630852	0.00306983883346
-udæ	0.0190476190476	0.961904761905	0.00571428571429	0.0133333333333
-lon	0.015984015984	0.972950126796	0.00599400599401	0.0050718512257
-pec	0.136830102623	0.777651083238	0.0684150513113	0.0171037628278
-pem	0.090577642056	0.789056479922	0.0941807699992	0.0261851080225
-pen	0.0	0.998835855646	0.0011641443539	0.0
-peo	0.11214953271	0.803738317757	0.0	0.0841121495327
-pei	0.107376691401	0.882147533828	0.0	0.0104757747709
-pet	0.415730171153	0.505412230311	0.0159487277936	0.0629088707415
-lsa	0.0861164891901	0.491065666344	0.366348015489	0.0564698289771
-per	0.0415215935946	0.0230509055319	0.0101321005863	0.925295400287
-pes	0.104112353981	0.829643134277	0.0338278678383	0.0324166439039
-oga	0.109053434645	0.848801796536	0.0153813024887	0.0267634663303
-lsi	0.123374340949	0.12934973638	0.632688927944	0.114586994728
-oge	0.15	0.85	0.0	0.0
-lso	0.213837158943	0.167388479861	0.495344304894	0.123430056301
-cci	0.0854981481968	0.556591631426	0.313782143889	0.0441280764886
-cch	0.0	1.0	0.0	0.0
-cco	0.0538789113127	0.531383077208	0.414738011479	0.0
-cca	0.0319383259912	0.886563876652	0.0319383259912	0.0495594713657
-itu	0.0817519045409	0.769853188798	0.0213344983571	0.127060408304
-cce	0.41942523791	0.238277602325	0.00371423475223	0.338582925012
-ter	0.0533071392725	0.407756080386	0.0426986046174	0.496238175725
-esu	0.00252137943856	0.975692507901	0.00362520914668	0.0181609035137
-est	0.692320472163	0.0142812392228	0.00779614418695	0.285602144427
-ito	0.317219184401	0.26039180937	0.06375335496	0.358635651269
-esi	0.0322580645161	0.962539021852	0.0	0.00520291363163
-rie	0.236994219653	0.290301862556	0.161849710983	0.310854206808
-eso	0.278225806452	0.470766129032	0.0	0.251008064516
-ith	0.00665926748058	0.993340732519	0.0	0.0
-iti	0.449653078878	0.337951048627	0.149371599327	0.0630242731677
-rib	0.0	0.992727272727	0.0	0.00727272727272
-esa	0.0232815964523	0.956762749446	0.019955654102	0.0
-ite	0.610377864917	0.200861735333	0.0414272434617	0.147333156288
-itc	0.666666666667	0.333333333333	0.0	0.0
-ese	1.0	0.0	0.0	0.0
-ita	0.177389023369	0.327496321459	0.0625663327049	0.432548322467
-æce	0.0464216634429	0.460348162476	0.47001934236	0.0232108317215
-spe	0.146610368285	0.820548909219	0.0	0.0328407224959
-æco	0.0954356846473	0.240663900415	0.51867219917	0.145228215768
-æci	0.0325254104769	0.154964816263	0.790930414386	0.0215793588741
-fam	0.0	0.0555555555556	0.944444444444	0.0
-far	0.0576923076923	0.942307692308	0.0	0.0
-fas	0.386178861789	0.341463414634	0.186991869919	0.0853658536585
-uda	0.0223895786688	0.949114593934	0.0231297300298	0.00536609736691
-ude	0.461946902655	0.394690265487	0.0902654867256	0.0530973451327
-udi	0.505166432185	0.198728725213	0.235227159599	0.060877683004
-udo	0.125958660381	0.661519554317	0.132810057851	0.0797117274514
-oco	0.0538611291369	0.772514240392	0.0116807268008	0.16194390367
-aea	0.0160553452552	0.964756559196	0.0168385328286	0.00234956272027
-aec	0.0192625206384	0.170371313493	0.00435357609312	0.806012589775
-aee	0.0416666666667	0.802083333333	0.09375	0.0625
-aei	0.0126610842917	0.927559416833	0.0455750678992	0.0142044309765
-lor	0.155526430756	0.625163826999	0.181738750546	0.0375709916994
-rmo	0.206763753584	0.642642171476	0.0411074184484	0.109486656492
-aem	0.0	1.0	0.0	0.0
-ael	0.00155550141494	0.990929365243	0.00200528495661	0.00550984838546
-aeo	0.0248012718601	0.938950715421	0.0190779014309	0.0171701112878
-och	0.0561417479594	0.925542504479	0.00875970535536	0.00955604220585
-aes	0.0809859154929	0.841549295775	0.0704225352112	0.00704225352113
-aer	0.391304347826	0.534161490683	0.0745341614907	0.0
-lsæ	0.615384615385	0.153846153846	0.230769230769	0.0
-ogæ	0.0	0.993464052288	0.0	0.00653594771241
-tna	0.0	1.0	0.0	0.0
-gma	0.0558464223385	0.88132635253	0.0523560209426	0.0104712041885
-tne	0.793388429752	0.181818181818	0.0	0.0247933884298
-eas	0.148959917166	0.307854337496	0.0834486739748	0.459737071363
-ear	0.756529437804	0.146082337317	0.0442673749447	0.0531208499336
-eat	0.599308989204	0.152421889105	0.0791554915109	0.169113630181
-gro	0.0173002066413	0.947018117161	0.0200033639291	0.0156783122687
-rne	0.0701166770952	0.769995215135	0.0939305826493	0.0659575251205
-eab	0.0	1.0	0.0	0.0
-eae	0.0311786300749	0.576579339763	0.0159609105151	0.376281119647
-ten	0.00588235294117	0.961764705882	0.00441176470588	0.0279411764706
-rna	0.0762145367814	0.468695079086	0.385074064775	0.0700163193573
-rno	0.101219572409	0.580309090011	0.237001925641	0.0814694119391
-eah	0.0	1.0	0.0	0.0
-izo	0.801822323462	0.159453302961	0.0364464692483	0.00227790432802
-eam	0.0650143271181	0.195815231404	0.0220183844514	0.717152057026
-izi	0.666666666667	0.333333333333	0.0	0.0
-rni	0.0717531690983	0.496930558877	0.381089053655	0.0502272183688
-ean	0.0	1.0	0.0	0.0
-uri	0.277655715089	0.587165331277	0.0686243737698	0.0665545798651
-urn	0.0	1.0	0.0	0.0
-uro	0.183712326966	0.695493816219	0.0841314403664	0.0366624164489
-ura	0.223400473627	0.575953860265	0.137080200436	0.0635654656725
-ure	0.168555003628	0.522799575822	0.0692080147346	0.239437405816
-uru	0.0	1.0	0.0	0.0
-zni	0.0	1.0	0.0	0.0
-rnæ	0.1143352458	0.469187270401	0.337227060717	0.0792504230817
-iha	0.0	1.0	0.0	0.0
-ihi	0.0167570063341	0.00599171662394	0.00475205111554	0.972499225926
-uræ	0.227761423639	0.634958272849	0.0777692312141	0.0595110722981
-nni	0.040215514132	0.917074514732	0.0284733140904	0.0142366570452
-nno	0.00247270457951	0.915103809437	0.00329693943934	0.0791265465443
-nna	0.0127137291976	0.932861730045	0.00929080210592	0.0451337386514
-nne	0.29163300238	0.253168535904	0.0122910460773	0.442907415639
-eir	0.021645021645	0.978354978355	0.0	0.0
-mdo	0.46204620462	0.249174917492	0.0742574257426	0.214521452145
-mda	0.338582677165	0.590551181102	0.0157480314961	0.0551181102362
-cræ	0.0	0.25	0.75	0.0
-sgæ	0.0	1.0	0.0	0.0
-bul	0.0438524184773	0.956147581523	0.0	0.0
-bue	0.801361386139	0.189356435643	0.0	0.00928217821781
-ajo	0.0612244897959	0.938775510204	0.0	0.0
-cru	0.125	0.875	0.0	0.0
-aja	0.0	1.0	0.0	0.0
-cro	0.707913669065	0.154076738609	0.00755395683453	0.130455635492
-zæi	0.0	1.0	0.0	0.0
-cri	0.325637385024	0.514476202235	0.0888943761961	0.0709920365455
-cre	0.338095238095	0.557142857143	0.0761904761905	0.0285714285714
-cra	0.209956773605	0.674037698121	0.0530773076131	0.0629282206605
-æli	0.0186675684816	0.949272911735	0.013391951302	0.0186675684816
-mra	0.0	1.0	0.0	0.0
-ælo	0.00808009836641	0.974530124715	0.00421570349552	0.0131740734235
-mri	0.0206540447504	0.974182444062	0.00516351118761	0.0
-lde	0.107441279031	0.0505296401079	0.0613198236726	0.780709257188
-sga	0.0	1.0	0.0	0.0
-fra	0.0562719812426	0.739742086753	0.112543962485	0.0914419695194
-hob	0.0336134453781	0.966386554622	0.0	0.0
-ers	0.299625468165	0.275280898876	0.37265917603	0.0524344569288
-usi	0.376165639324	0.370633791686	0.19724988146	0.0559506875296
-ert	0.661583754812	0.141050803956	0.053502679852	0.14386276138
-usa	0.273447451746	0.405488359679	0.110458697788	0.210605490786
-usu	0.441113490364	0.468950749465	0.0706638115632	0.0192719486081
-xui	0.631578947369	0.210526315789	0.078947368421	0.0789473684211
-eru	0.0	0.571428571428	0.428571428572	0.0
-epe	0.0544439274081	0.218706375058	0.134946486738	0.591903210796
-epa	0.486932599725	0.42090784044	0.0921595598349	0.0
-eph	0.0117664581471	0.977033065237	0.00446827524575	0.00673220137027
-epi	0.799609840685	0.0965644304758	0.0225425382031	0.0812831906361
-eps	0.0565171317556	0.66091758824	0.198061299351	0.0845039806538
-iux	0.5	0.0	0.0	0.5
-abæ	0.00952380952381	0.990476190476	0.0	0.0
-gnæ	0.0789873417721	0.118481012658	0.781265822785	0.0212658227848
-ius	0.0457020062096	0.2484894823	0.0725966074199	0.633211904071
-xis	0.146993318485	0.799554565702	0.0267260579065	0.0267260579065
-xit	0.879480525572	0.0345981045569	0.00955659043945	0.0763647794317
-xii	0.270676691729	0.406015037594	0.308270676692	0.015037593985
-ium	0.112066858734	0.681962295249	0.0806612324091	0.125309613609
-xio	0.25	0.25	0.5	0.0
-xia	0.173913043478	0.260869565217	0.434782608696	0.130434782609
-iud	0.0317609692977	0.268556640395	0.233070619143	0.466611771164
-æbe	0.337006526158	0.662993473842	0.0	0.0
-uet	0.660217110074	0.23008043197	0.045806850779	0.063895607177
-ues	0.50748079256	0.286696320259	0.139102304893	0.0667205822887
-uer	0.0520547945205	0.83677000721	0.0904109589042	0.0207642393655
-uem	0.0992347758348	0.0710334929773	0.00181723683248	0.827914494355
-uel	0.00261761070312	0.997382389297	0.0	0.0
-ueo	0.32181425486	0.485241180706	0.125269978401	0.0676745860331
-axi	0.458333333333	0.333333333333	0.0833333333333	0.125
-uei	0.457142857143	0.485714285714	0.0	0.0571428571428
-axo	0.0	0.0	1.0	0.0
-enæ	0.11524509348	0.67965770626	0.164077760208	0.0410194400521
-axa	0.104347826087	0.804347826087	0.0782608695652	0.0130434782609
-iim	0.00586854460094	0.980046948357	0.0140845070422	0.0
-ndi	0.334478157398	0.459772488869	0.112486494744	0.0932628589896
-iia	0.666666666667	0.333333333333	0.0	0.0
-usæ	0.271461716937	0.54060324826	0.0591647331786	0.128770301624
-tsi	0.109641231876	0.0489998941686	0.048682400254	0.792676473701
-iit	0.641423271383	0.0561197392097	0.0510064627617	0.251450526646
-iis	0.0883486533465	0.715275358756	0.102521064592	0.0938549233055
-aci	0.22695035461	0.641134751773	0.114893617021	0.0170212765957
-ach	0.018927444795	0.945583596214	0.0354889589905	0.0
-tal	0.0	0.333333333333	0.666666666667	0.0
-gno	0.0826674935006	0.694802871658	0.154268132707	0.0682615021347
-tan	0.129427792915	0.313896457766	0.00572207084469	0.550953678474
-tai	0.0	1.0	0.0	0.0
-gni	0.0883809380943	0.699854833997	0.183937358291	0.0278268696178
-qim	0.0	1.0	0.0	0.0
-tae	0.18240867574	0.624829913862	0.133565230066	0.0591961803322
-gne	0.10081799591	0.662781186094	0.169120654397	0.0672801635992
-gna	0.0439536181014	0.384081740204	0.449239532639	0.122725109056
-tat	0.624116416279	0.277123794923	0.0394196150874	0.0593401737113
-tau	0.461538461539	0.384615384615	0.0	0.153846153846
-tar	0.596430423618	0.147146995206	0.0286881617061	0.227734419469
-tas	0.120856716427	0.705132052157	0.103612995534	0.0703982358817
-aën	0.0	1.0	0.0	0.0
-aëm	0.0	1.0	0.0	0.0
-aël	0.000984793627805	0.994496741492	0.0021433743664	0.00237509051412
-ent	0.649660453974	0.15574787483	0.0445448843718	0.150046786824
-enu	0.379839786382	0.481975967957	0.00801068090788	0.130173564753
-œdæ	0.0	0.333333333333	0.666666666667	0.0
-ens	0.60537388178	0.138107195772	0.07277915594	0.183739766508
-rma	0.161689200216	0.494721249325	0.304171531152	0.0394180193073
-eni	0.69507105981	0.0902488883681	0.0473818870725	0.167298164749
-rme	0.396648044693	0.360335195531	0.22625698324	0.0167597765363
-ene	0.0697852944705	0.242581264244	0.201895166127	0.485738275159
-rmi	0.0786760716224	0.197504069452	0.696690179056	0.0271296798698
-ena	0.0935210458267	0.501508403965	0.330795383805	0.0741751664033
-deæ	0.139534883721	0.658914728682	0.0697674418605	0.131782945736
-het	0.881889763779	0.0787401574803	0.0393700787402	0.0
-heu	0.113785557987	0.53829321663	0.035010940919	0.312910284464
-her	0.0515723643261	0.91908473873	0.0287501111473	0.000592785796852
-hes	0.265989847716	0.669035532995	0.0304568527919	0.0345177664975
-hel	0.00402316391122	0.991814942388	0.00291332559089	0.00124856811038
-hem	0.00378131400661	0.993067590988	0.00315109500551	0.0
-hen	0.253789213958	0.740923510751	0.0	0.0052872752908
-heo	0.0	1.0	0.0	0.0
-hei	0.0	1.0	0.0	0.0
-hee	0.0298507462687	0.929637526652	0.0383795309168	0.00213219616204
-heg	0.0	1.0	0.0	0.0
-hea	0.0	1.0	0.0	0.0
-heb	0.0	1.0	0.0	0.0
-hec	0.0	1.0	0.0	0.0
-nsu	0.116253239541	0.75638652351	0.0673824509441	0.0599777860052
-biæ	0.029776674938	0.806451612903	0.111662531017	0.0521091811414
-nso	0.397102356141	0.542971288296	0.0368222184785	0.0231041370845
-nsi	0.361632831029	0.548074572733	0.0181510084628	0.0721415877756
-nse	0.019801980198	0.929702970297	0.0	0.050495049505
-nsa	0.261644632146	0.623638144204	0.0687813685885	0.0459358550619
-put	0.0257755053633	0.937775083678	0.00751126690035	0.0289381440582
-pus	0.0793493212811	0.84790070693	0.0156555996623	0.0570943721262
-pud	0.0961903023324	0.0372403915015	0.0115709210397	0.854998385126
-pum	0.0244532366194	0.93004725794	0.024727992087	0.0207715133531
-pui	0.431111111111	0.497777777778	0.0711111111111	0.0
-gdo	0.119205298013	0.721854304636	0.158940397351	0.0
-meæ	0.0635008761733	0.0822388396342	0.0164824678592	0.837777816333
-dea	0.0	0.904545454545	0.0954545454545	0.0
-dec	0.0128205128205	0.826923076923	0.160256410256	0.0
-ded	0.275862068965	0.724137931035	0.0	0.0
-dei	0.00788907187305	0.718368855354	0.00659179013252	0.26715028264
-msi	0.10407239819	0.488687782806	0.027149321267	0.380090497737
-del	0.0	1.0	0.0	0.0
-dem	0.155175569268	0.403147983238	0.120506621513	0.321169825981
-den	0.0	0.962025316456	0.0379746835443	0.0
-deo	0.0653681387577	0.775236560947	0.0187518801854	0.14064342011
-der	0.00755667506296	0.992443324937	0.0	0.0
-des	0.167307800197	0.759675253358	0.0302073209009	0.0428096255447
-det	0.716586659857	0.123844771827	0.0366990210574	0.122869547259
-æsa	0.166666666667	0.583333333334	0.25	0.0
-lga	0.0	1.0	0.0	0.0
-dex	0.151440531889	0.779118443733	0.00886481162275	0.0605762127555
-lgo	0.409090909091	0.471074380165	0.0950413223141	0.0247933884297
-zum	0.0	0.5	0.4	0.1
-æsi	0.7	0.1	0.0	0.2
-lgi	0.191977077364	0.704871060172	0.103151862464	0.0
-zur	0.0	1.0	0.0	0.0
-bit	0.675088975225	0.175497748981	0.046281213464	0.103132062331
-biu	0.0	1.0	0.0	0.0
-bir	0.00806451612903	0.879032258065	0.104838709677	0.00806451612903
-bis	0.0577788184732	0.0820875411275	0.0153196148347	0.844814025565
-bie	0.0	1.0	0.0	0.0
-bib	0.0	1.0	0.0	0.0
-bia	0.0732032290932	0.867387726311	0.0322909318912	0.0271181127048
-bin	0.0329670329671	0.901098901099	0.065934065934	0.0
-bio	0.433035714286	0.380952380952	0.0922619047619	0.0937499999999
-nsæ	0.150479468896	0.814113597246	0.011802311286	0.0236046225719
-bim	0.0241060666934	0.942547207714	0.0168742466854	0.0164724789072
-bii	0.593555157726	0.216309648744	0.037039323415	0.153095870115
-æna	0.0	0.924528301887	0.0754716981132	0.0
-lux	0.0320289256786	0.701846289627	0.247263306239	0.0188614784552
-met	0.663508204299	0.215160619367	0.0429859024728	0.0783452738617
-luz	0.0	1.0	0.0	0.0
-dsi	0.421428571429	0.257142857143	0.0428571428571	0.278571428571
-mes	0.222427253487	0.624860647054	0.0739334053747	0.0787786940847
-mer	0.260168841136	0.624712202609	0.0161166538757	0.0990023023791
-lus	0.0332965533015	0.762334140774	0.0703159405618	0.134053365363
-lut	0.0897998093422	0.0398474737846	0.00915157292659	0.861201143947
-med	0.48275862069	0.172413793103	0.0	0.344827586207
-haa	0.0	1.0	0.0	0.0
-mea	0.0168102523611	0.0367752437712	0.0188743530531	0.927540150815
-lum	0.0477125068505	0.567815240466	0.0688006413386	0.315671611345
-mec	0.0	1.0	0.0	0.0
-ydi	0.0	1.0	0.0	0.0
-mem	0.21484467631	0.610860801518	0.110030827603	0.0642636945696
-mel	0.0376078205865	0.290051753881	0.017596319724	0.654744105808
-meo	0.029065322429	0.0151596063713	0.0254634586898	0.93031161251
-men	0.0911926954008	0.529635549401	0.0329398301066	0.346231925092
-mei	0.0134767622806	0.054549376821	0.0126284049428	0.919345455956
-lue	0.965517241379	0.0295566502463	0.0	0.00492610837438
-rro	0.141875171114	0.102074367842	0.0100010366523	0.746049424392
-sro	0.0	0.888888888889	0.0	0.111111111111
-sra	0.0	1.0	0.0	0.0
-ubi	0.0486156571296	0.0530295737225	0.00628152797566	0.892073241172
-ixæ	0.219976218787	0.631391200951	0.112960760999	0.0356718192628
-ubo	0.0269058295964	0.831838565022	0.141255605381	0.0
-uba	0.189050318923	0.796598157335	0.00584691708008	0.00850460666194
-ube	0.0893353941267	0.884698608964	0.00556414219474	0.0204018547141
-gii	0.235112142305	0.718484145398	0.0278422273782	0.0185614849188
-lma	0.133580705009	0.814471243043	0.0296846011131	0.0222634508349
-gia	0.0712942061701	0.84179834462	0.073927765237	0.0129796839729
-ylo	0.0	1.0	0.0	0.0
-ëre	0.108108108108	0.486486486487	0.405405405406	0.0
-gom	0.0	1.0	0.0	0.0
-gon	0.0133333333333	0.986666666667	0.0	0.0
-goa	0.0	1.0	0.0	0.0
-zzi	0.0	1.0	0.0	0.0
-gob	0.0	1.0	0.0	0.0
-gog	0.0415444770284	0.949413489736	0.0	0.00904203323558
-mon	0.0103124052169	0.984956020625	0.00230512587201	0.00242644828632
-gos	0.2448	0.6464	0.1088	0.0
-gor	0.0847589424572	0.877527216174	0.0174961119751	0.0202177293935
-col	0.0298507462687	0.940298507463	0.0	0.0298507462686
-con	0.0861244019138	0.77033492823	0.143540669856	0.0
-coe	0.375	0.0	0.0	0.625
-eos	0.0137894007516	0.119676905588	0.00721953443451	0.859314159226
-eor	0.460686808032	0.410208294239	0.0880090073184	0.041095890411
-coc	0.142857142857	0.857142857143	0.0	0.0
-cob	0.00430514895815	0.964755180529	0.00413294299983	0.0268067275128
-eon	0.00466252220249	0.995337477798	0.0	0.0
-ixa	0.562727573651	0.331347236015	0.0860642171466	0.0198609731877
-cox	0.0	0.2	0.8	0.0
-ixe	0.619718309859	0.169014084507	0.0	0.211267605634
-ixi	0.382956284379	0.032652301584	0.00564539476405	0.578746019273
-cos	0.0487461318287	0.764044621449	0.146582688353	0.0406265583692
-cor	0.108514820035	0.791447459848	0.0169541998372	0.0830835202795
-roi	0.401162790698	0.546511627907	0.0174418604651	0.0348837209302
-upe	0.333333333333	0.666666666667	0.0	0.0
-uph	0.0434782608696	0.95652173913	0.0	0.0
-upi	0.0293637846656	0.799347471452	0.15660685155	0.0146818923328
-oas	0.0636237897648	0.905947441217	0.030428769018	0.0
-ptu	0.381300219138	0.525931336742	0.0489408327246	0.0438276113952
-oës	0.085409252669	0.893238434164	0.0213523131673	0.0
-oër	0.0210526315789	0.936842105263	0.0421052631579	0.0
-oëm	0.0	1.0	0.0	0.0
-oël	0.0131578947368	0.986842105263	0.0	0.0
-pte	0.0	1.0	0.0	0.0
-oën	0.0	0.931818181818	0.0	0.0681818181818
-pta	0.609514889764	0.295629169644	0.0546853153061	0.0401706252857
-pto	0.29866962306	0.612379896526	0.0118625277162	0.0770879526977
-uso	0.686390532545	0.166995397765	0.0631163708086	0.0834976988823
-oëg	0.0	0.934782608696	0.0	0.0652173913042
-pti	0.189383643777	0.757880992352	0.0309910197991	0.0217443440723
-iri	0.0939172290793	0.782099282898	0.0268944659486	0.0970890220744
-tre	0.0187625761667	0.946043263651	0.0224692358167	0.0127249243656
-gae	0.0521739130434	0.915393654524	0.021151586369	0.0112808460635
-gad	0.00369754113514	0.988907376595	0.00369754113514	0.00369754113515
-tra	0.0538780034985	0.12059883591	0.052705164034	0.772817996557
-gab	0.0	1.0	0.0	0.0
-gan	0.0	1.0	0.0	0.0
-tro	0.0339347975087	0.271955180737	0.0294325078722	0.664677513882
-gal	0.104054437199	0.819393252056	0.0765523107457	0.0
-tri	0.0251242122619	0.347044777245	0.0127286430201	0.615102367473
-gai	0.0	1.0	0.0	0.0
-eia	0.0	1.0	0.0	0.0
-gau	0.0	1.0	0.0	0.0
-gat	0.620188925236	0.24208658346	0.0719168355368	0.0658076557669
-gas	0.263067388527	0.669810568704	0.0357133909273	0.0314086518423
-gar	0.165194407734	0.67573207206	0.101342421924	0.057731098282
-mbæ	0.107592615234	0.833720503729	0.0586868810368	0.0
-gur	0.024523160763	0.970027247956	0.00544959128065	0.0
-ltæ	0.0476374903176	0.100697134005	0.766847405112	0.0848179705654
-ini	0.151272217526	0.536081672667	0.0302072399035	0.282438869904
-rzi	0.0	1.0	0.0	0.0
-inm	0.0	1.0	0.0	0.0
-ino	0.0225923582824	0.907543126286	0.0178794309308	0.0519850845008
-ina	0.122534091896	0.797230850311	0.0402490721709	0.0399859856226
-inc	0.115627366827	0.238828578642	0.0143903054784	0.631153749053
-ine	0.105406554634	0.666014773702	0.0412442815955	0.187334390068
-ëli	0.0364864864865	0.947297297297	0.0	0.0162162162162
-ële	0.3	0.6	0.0	0.0999999999999
-int	0.603429568363	0.12288490603	0.0477237373229	0.225961788284
-inu	0.0304010349289	0.835058214748	0.0517464424321	0.0827943078913
-fæx	0.428571428571	0.428571428571	0.142857142857	0.0
-ptæ	0.670050761421	0.192893401015	0.0152284263959	0.121827411168
-elu	0.342857142857	0.657142857143	0.0	0.0
-gua	0.0584069147077	0.855275726301	0.0524194487804	0.0338979102113
-træ	0.0500204666394	0.0714695047073	0.043880474826	0.834629553827
-mbu	0.5	0.5	0.0	0.0
-yes	0.122448979592	0.877551020408	0.0	0.0
-ltu	0.111194029851	0.805970149254	0.0335820895522	0.0492537313432
-mba	0.8	0.118965517241	0.0103448275862	0.0706896551724
-lti	0.033917451746	0.0821366652187	0.832422561146	0.0515233218891
-lto	0.0765569862523	0.147320932696	0.360185240565	0.415936840486
-mbe	0.641351345065	0.107907570561	0.214920929463	0.0358201549105
-mbi	0.0938743038982	0.884645982498	0.0119331742244	0.00954653937948
-lta	0.0745176444453	0.0800778825359	0.727714944692	0.117689528327
-dri	0.0417246175243	0.904033379694	0.0458970792766	0.00834492350487
-lte	0.180099579897	0.12128520305	0.200715730512	0.497899486541
-mbo	0.0245795601552	0.058214747736	0.00905562742561	0.908150064683
-inæ	0.120129380282	0.750913840884	0.108019830546	0.0209369482876
-exu	0.25	0.75	0.0	0.0
-rel	0.0	1.0	0.0	0.0
-ahi	0.39552238806	0.544776119403	0.0	0.0597014925373
-aho	0.5	0.25	0.25	0.0
-cen	0.12080197331	0.821579912719	0.0301056226678	0.0275124913035
-aha	0.0	1.0	0.0	0.0
-ahe	0.38202247191	0.520939734423	0.0612870275792	0.0357507660879
-sas	0.258187541619	0.415925096354	0.132372823214	0.193514538814
-sar	0.0263234863995	0.936384907868	0.0241298625329	0.0131617431998
-dda	0.0	0.847345132743	0.112831858407	0.0398230088496
-dde	0.648061347479	0.266345644364	0.0317916887442	0.0538013194133
-sat	0.522123893805	0.217446270544	0.180783817952	0.0796460176991
-ddi	0.260017050298	0.673486786019	0.0562659846547	0.0102301790281
-mpe	0.407151564405	0.441690369768	0.0455099553027	0.105648110524
-ddo	0.115189873418	0.731012658228	0.0303797468354	0.123417721519
-olu	1.0	0.0	0.0	0.0
-mpa	0.0	1.0	0.0	0.0
-sac	0.0245398773006	0.975460122699	0.0	0.0
-oli	0.227549387609	0.407961835828	0.0982667603822	0.266222016181
-ære	0.0828402366864	0.85798816568	0.0236686390533	0.0355029585799
-sag	0.150943396226	0.849056603774	0.0	0.0
-æra	0.0909090909091	0.875	0.0340909090909	0.0
-olo	0.489617921813	0.217337406473	0.0245716562624	0.268473015451
-æro	0.907988399684	0.0297917215924	0.0	0.062219878724
-ola	0.107411860013	0.769318818746	0.0594804394725	0.0637888817683
-sai	0.00718778077268	0.985624438455	0.0	0.00718778077268
-ole	0.0183403487673	0.938965724594	0.00661455201443	0.0360793746242
-sam	0.139335654902	0.397063035168	0.139439419912	0.324161890017
-sal	0.102241005298	0.883239561997	0.014519432705	0.0
-ssæ	0.463588058629	0.398952691429	0.0835536617296	0.0539055882126
-ucæ	0.35632183908	0.344827586207	0.252873563218	0.0459770114943
-œpi	0.530973451327	0.0176991150443	0.238938053097	0.212389380531
-mat	0.792189656703	0.125864699282	0.0166845593162	0.0652610846981
-ahæ	0.0	0.916374871267	0.0823892893924	0.00123583934088
-hat	0.113038747506	0.875476032159	0.00967176449252	0.00181345584235
-hau	0.0874524714829	0.722433460076	0.00760456273764	0.182509505704
-ddæ	0.0	1.0	0.0	0.0
-mpæ	0.454545454545	0.545454545455	0.0	0.0
-saæ	0.0	1.0	0.0	0.0
-olæ	0.165482657752	0.712494776431	0.0702047638947	0.0518178019223
-ssi	0.595781909224	0.153951621923	0.0585503824889	0.191716086364
-sso	0.383228591675	0.387431467253	0.179898459645	0.0494414814262
-ssa	0.335958486977	0.476248477466	0.0518078521015	0.135985183455
-sse	0.544350896694	0.135244931526	0.0220126261027	0.298391545677
-uci	0.317999556367	0.208507516167	0.42622894876	0.0472639787056
-uch	0.0	0.995584988962	0.00441501103753	0.0
-uco	0.844155844156	0.149350649351	0.00649350649351	0.0
-uca	0.439657689426	0.148252346538	0.396404878899	0.0156850851363
-ssu	0.153564899452	0.696526508227	0.091407678245	0.0585009140768
-uce	0.0176966292135	0.915168539326	0.0261235955056	0.041011235955
-ion	0.0144791527014	0.959511998927	0.0108593645261	0.015149483845
-iob	0.0557015239096	0.874934314241	0.00945874934314	0.0599054125066
-ryx	0.0	1.0	0.0	0.0
-iod	0.179104477612	0.253731343283	0.0746268656716	0.492537313433
-ëmi	0.0	0.831578947368	0.0	0.168421052632
-ios	0.0514512024783	0.840924977451	0.0691123732041	0.0385114468665
-ior	0.190753862588	0.140175260395	0.519622747131	0.149448129886
-ëma	0.0	1.0	0.0	0.0
-huæ	0.105263157895	0.894736842105	0.0	0.0
-lææ	0.00200803212851	0.993975903614	0.00200803212851	0.00200803212851
-tcs	0.367346938776	0.102040816327	0.0	0.530612244898
-chi	0.0551149458282	0.928522804629	0.0163622495428	0.0
-tuæ	0.119094266139	0.197449506643	0.0693430223583	0.614113204859
-cho	0.00530973451328	0.994100294985	0.0	0.000589970501475
-cha	0.0068422616785	0.974987732309	0.0143687495248	0.00380125648805
-ncæ	0.0	1.0	0.0	0.0
-xus	0.618103525612	0.275679555037	0.040369606172	0.0658473131785
-xum	0.590163934426	0.271681649921	0.0995945707738	0.0385598448792
-eli	0.0259929299231	0.941484716157	0.0237055520898	0.0088168018299
-elo	0.0107560336015	0.94697542113	0.0130672474332	0.0292012978355
-œde	0.75	0.0	0.25	0.0
-ela	0.0888900474427	0.623273030603	0.267973515458	0.019863406496
-ele	0.189479638009	0.765271493213	0.0155542986426	0.0296945701358
-rmæ	0.544642857143	0.401785714286	0.0357142857143	0.0178571428571
-hul	0.0	0.976744186047	0.0232558139535	0.0
-hum	0.0433225195999	0.865098675318	0.0844822925115	0.00709651257097
-hun	0.0605590062112	0.902173913043	0.0186335403727	0.0186335403727
-hua	0.0	1.0	0.0	0.0
-hub	0.0	1.0	0.0	0.0
-huc	0.0740333671514	0.0321835193326	0.0593506932702	0.834432420246
-læa	0.0158887785502	0.964250248262	0.0	0.0198609731877
-læi	0.0410209662716	0.934366453965	0.0	0.024612579763
-hur	0.034836980795	0.962483251452	0.0	0.00267976775346
-hus	0.0148588410104	0.943886023949	0.0412551350406	0.0
-tua	0.079133637737	0.163563220342	0.0623631456555	0.694939996266
-tud	0.189145793192	0.0459216441875	0.00979447655748	0.755138086063
-tue	0.354035907167	0.477375565611	0.0867026711429	0.0818858560794
-vat	0.823154963199	0.123333996419	0.0391883827332	0.0143226576487
-vau	0.290909090909	0.345454545455	0.0727272727273	0.290909090909
-nce	0.913043478261	0.0869565217391	0.0	0.0
-quæ	0.0867545233031	0.141099408458	0.00313183130055	0.769014236939
-nca	0.0522788203753	0.891420911528	0.0321715817695	0.0241286863271
-chæ	0.0263578274761	0.935303514377	0.0335463258786	0.00479233226837
-tuo	0.0499243721557	0.187017331103	0.0355484184785	0.727509878262
-tur	0.621122707382	0.179473794542	0.0688121253864	0.130591372689
-tus	0.385497776882	0.427712920573	0.109056752866	0.0777325496794
-vae	0.0628628867541	0.622868578195	0.174690527881	0.139578007169
-vah	0.311004784689	0.367464114833	0.0114832535885	0.31004784689
-vai	0.0833333333333	0.916666666667	0.0	0.0
-van	0.00476947535771	0.995230524642	0.0	0.0
-vam	0.421079849074	0.325237976672	0.199957863286	0.053724310969
-lix	0.0331646992693	0.843732433952	0.106239460371	0.0168634064081
-lit	0.776173908796	0.0897765563118	0.0212644674323	0.11278506746
-liu	0.0168067226891	0.983193277311	0.0	0.0
-lis	0.06639303277	0.409033959583	0.0841501213974	0.44042288625
-lim	0.0552411138782	0.582748471813	0.0692777903555	0.292732623953
-omi	0.272557094721	0.61456383377	0.0413702733059	0.0715087982029
-lio	0.0500967719638	0.813316513444	0.0671182691643	0.0694684454275
-omo	0.0188965296658	0.810369422677	0.00936510474972	0.161368942907
-lii	0.0149577560608	0.772780009745	0.0285640738051	0.183698160389
-sbi	0.0	1.0	0.0	0.0
-lid	0.0	1.0	0.0	0.0
-lie	0.666666666667	0.333333333333	0.0	0.0
-oma	0.143475126172	0.812304734439	0.0158615717376	0.028358567652
-lia	0.0750963753423	0.421651163008	0.167853344704	0.335399116945
-ome	0.00986842105262	0.990131578947	0.0	0.0
-lic	0.0290178571429	0.0629464285714	0.00982142857143	0.898214285714
-diæ	0.0775534679192	0.79572256646	0.0343793723766	0.092344593244
-læo	0.0	0.949367088608	0.0253164556962	0.0253164556962
-vas	0.211924016203	0.666232835646	0.0668587221971	0.0549844259539
-nci	0.691176470588	0.243079584775	0.0207612456747	0.044982698962
-dus	0.0868220203627	0.524353846405	0.365060687988	0.0237634452435
-pam	0.288048151333	0.662940670679	0.0309544282029	0.0180567497851
-bya	0.0	1.0	0.0	0.0
-dux	0.07110443102	0.716449403127	0.180362459173	0.0320837066798
-pae	0.0469973890339	0.921671018277	0.0156657963446	0.0156657963447
-pax	0.0317254554138	0.917240908781	0.00859657501535	0.0424370607901
-dua	0.0266155912641	0.892791403413	0.0291030297	0.0514899756231
-aiæ	0.0	0.996289424861	0.00371057513914	0.0
