-rbs	0.160162934754	0.759092771578	0.027959218106	0.0527850755622
-ivs	0.0372214051363	0.866161330467	0.0522683561488	0.0443489082475
-ivu	0.0387091886978	0.637830467389	0.0874933717143	0.235966972199
-rbu	0.217262405197	0.661079497686	0.0362399001743	0.0854181969433
-cai	0.050505050505	0.875420875421	0.006734006734	0.0673400673401
-īļš	0.123655913978	0.322580645161	0.301075268817	0.252688172043
-cam	0.750781170268	0.106947041107	0.060191910572	0.0820798780528
-cas	0.269466025194	0.4277000493	0.0467436206926	0.256090304813
-iva	0.0652883569097	0.885745375408	0.0	0.0489662676823
-rba	0.192545709225	0.514707735179	0.180242942585	0.112503613011
-ūzi	0.221698113208	0.778301886792	0.0	0.0
-ivi	0.0159482555509	0.105888913949	0.00115288594344	0.877009944556
-rbi	0.207805227354	0.698818474758	0.0590046544934	0.0343716433942
-ufu	0.0	0.925925925926	0.0740740740741	0.0
-aus	0.741796414024	0.201910997754	0.016321519662	0.0399710685599
-aur	0.0382682073267	0.0326017991511	0.00649109668941	0.922638896833
-aut	0.387244549192	0.29480273025	0.0207727546346	0.297179965923
-īzē	0.0	0.992682926829	0.0	0.00731707317073
-aua	0.0	1.0	0.0	0.0
-auc	0.799876517881	0.0937064385188	0.0166240678922	0.0897929757081
-aud	0.328608080442	0.472879467178	0.159639256744	0.0388731956358
-aug	0.808425529889	0.104823574212	0.0342719588736	0.0524789370253
-lto	0.875518672199	0.0497925311203	0.0248962655602	0.0497925311203
-auj	0.703156593595	0.243966457855	0.0183734043446	0.0345035442053
-aul	0.0	1.0	0.0	0.0
-aun	0.302752293578	0.697247706422	0.0	0.0
-les	0.0601465867656	0.805799147561	0.0331457970411	0.100908468632
--18	0.528301886792	0.433962264151	0.0	0.0377358490566
-eus	0.0	1.0	0.0	0.0
--11	0.681273736489	0.293017820625	0.0257084428864	0.0
--10	0.222182596291	0.221112696148	0.252139800285	0.304564907275
--13	0.161616161616	0.676767676768	0.121212121212	0.040404040404
--12	0.274390243902	0.660569105691	0.0	0.0650406504065
--15	0.279926656771	0.386361651969	0.0990133589452	0.234698332315
-āga	0.122345934749	0.0794924909373	0.739901605386	0.058259968928
--17	0.369127516779	0.407158836689	0.0	0.223713646532
-car	0.0	0.961538461538	0.0384615384615	0.0
-loe	0.0	0.928486293206	0.0	0.0715137067938
-īļā	0.425531914894	0.159574468085	0.106382978723	0.308510638298
-āmā	0.140435754002	0.68452350955	0.139763812596	0.0352769238522
-eņa	0.0395180722892	0.649477911647	0.294939759036	0.0160642570281
-cat	0.918614658724	0.0536160985035	0.00972936973053	0.018039873042
-eņi	0.0200628616003	0.947921933718	0.0268927719323	0.00512243274902
-eņu	0.18099460293	0.580570547417	0.204895913647	0.0335389360062
-ītā	0.167092887174	0.505916518573	0.263274240388	0.0637163538642
-rbj	0.331111816355	0.478472442611	0.142811805776	0.0476039352586
-lād	0.312665023763	0.477864812533	0.100114416476	0.109355747228
-ūtu	0.5327719457	0.0255156594082	0.0123864203221	0.42932597457
-eci	0.0715649331827	0.286549590701	0.0365820747833	0.605303401333
-rpj	0.66835802166	0.308726846169	0.0	0.0229151321712
-eco	0.0713998390989	0.0776347546259	0.838897827836	0.0120675784392
-lāb	0.613347457627	0.298728813559	0.00635593220338	0.0815677966102
-idi	0.504976975864	0.40398975978	0.0532458716046	0.0377873927517
-rpa	0.176094890511	0.703467153285	0.00547445255474	0.11496350365
-lām	0.0916631452162	0.681171668813	0.136299111582	0.0908660743882
-eca	0.203642878471	0.41415347865	0.345774858167	0.0364287847118
-ece	0.254619323241	0.560607747106	0.156389136242	0.0283837934105
-ida	0.349423668841	0.558921948181	0.0264048611431	0.0652495218346
-lāt	0.417152662655	0.109211380453	0.0822809526642	0.391355004228
-tli	0.0203562340967	0.949109414758	0.0101781170484	0.0203562340967
-idz	0.592197399133	0.269756585528	0.0720240080027	0.0660220073358
-ūta	0.532987217516	0.197949997831	0.209037493285	0.0600252913679
-lās	0.506573401868	0.136891657057	0.0891851768026	0.267349764272
-ecs	0.0125523012552	0.115760111576	0.866108786611	0.00557880055788
-rps	0.168517308948	0.709993468321	0.0705421293272	0.050947093403
-idu	0.199044223014	0.653338319424	0.0961260043544	0.0514914532074
-rpu	0.335522838807	0.479728199321	0.140958852397	0.0437901094753
-ūti	0.471326271228	0.0690310871092	0.392310317201	0.0673323244612
-ecu	0.191507899628	0.437035315985	0.319179832714	0.0522769516729
-uta	0.157028230113	0.794611044429	0.011813739852	0.0365469856061
-ute	0.133264816718	0.767728674204	0.0472764645427	0.0517300445358
-uti	0.334480840781	0.508246710905	0.0581968470715	0.0990756012428
-uto	0.699751861042	0.168734491315	0.0794044665012	0.0521091811414
-uts	0.460798134832	0.162567785963	0.207848600078	0.168785479128
-lpā	0.0959409594096	0.769372693727	0.0922509225092	0.0424354243542
-utu	0.123185551836	0.824976052121	0.0252036821324	0.0266347139105
-šie	0.107376903364	0.11799215015	0.140878195913	0.633752750573
-ijā	0.02394124847	0.945155446756	0.0284944920441	0.0024088127295
-cīs	0.617445459416	0.0924821002387	0.0212406073299	0.268831833015
-cīt	0.836886200285	0.08725607781	0.0335297258967	0.042327996008
-šās	0.378358584239	0.25361888401	0.178784176474	0.189238355277
-šām	0.264018488044	0.175820942004	0.101700705237	0.458459864715
-šāk	0.0875912408759	0.299270072993	0.0875912408759	0.525547445255
-cīm	0.0580208875195	0.924572846225	0.0	0.0174062662558
-īļo	0.0409276944065	0.263301500682	0.392905866303	0.302864938608
-īļi	0.130307467057	0.108345534407	0.253294289898	0.508052708638
-āms	0.341093380851	0.27069610179	0.0720728386657	0.316137678693
-āmu	0.495902722707	0.418186624372	0.0441448585778	0.0417657943431
-āmi	0.252912621359	0.235631067961	0.378932038835	0.132524271845
-āmo	0.105959943747	0.674967266379	0.19725037583	0.0218224140439
-āma	0.179567452786	0.578888234396	0.0659219989673	0.175622313851
-īļu	0.939130434783	0.0608695652174	0.0	0.0
-erē	0.35	0.56	0.08	0.00999999999999
-auž	0.563005780347	0.23063583815	0.1	0.106358381503
-auš	0.659090909091	0.340909090909	0.0	0.0
-būs	0.377392398676	0.0162277524391	0.0037295843759	0.602650264509
-būt	0.54039083415	0.0530207325848	0.0431929055551	0.36339552771
-ufa	0.0	1.0	0.0	0.0
-ija	0.774161760644	0.112904565956	0.0108198380658	0.102113835334
-īzu	0.0994475138122	0.0	0.801104972376	0.0994475138122
-iji	0.721022727273	0.0852272727272	0.0284090909091	0.165340909091
-iju	0.141949688887	0.714244180196	0.0920982593628	0.0517078715534
-ūfu	0.0392156862745	0.843137254902	0.117647058824	0.0
-rbē	0.0	1.0	0.0	0.0
-ivā	0.0164354322305	0.963393810032	0.00192102454642	0.018249733191
-rbā	0.2492614553	0.547256385007	0.056611284544	0.146870875149
-jūs	0.0155778211416	0.0162742969921	0.00869287153807	0.959455010328
-jūt	0.32967032967	0.373626373626	0.021978021978	0.274725274725
-eēd	0.856149341142	0.0373352855051	0.00219619326501	0.104319180088
-7-8	0.335731414868	0.47242206235	0.191846522782	0.0
-lpu	0.0882688856257	0.869146679719	0.0171316691141	0.0254527655409
-utā	0.328571560831	0.455945117717	0.0255987705184	0.189884550934
-lps	0.0328462397454	0.923380200046	0.0291180951168	0.0146554650919
-idū	0.0472383321045	0.337485831252	0.0145264061451	0.600749430499
-utē	0.127248661332	0.809879068648	0.00902472775404	0.0538475422658
-āca	0.857021808098	0.0498892289654	0.00723215958742	0.0858568033494
-ofi	0.225201072386	0.774798927614	0.0	0.0
-lpo	0.653122207161	0.259683481786	0.0256823614431	0.0615119496103
-mfu	0.0	1.0	0.0	0.0
-āci	0.768321280076	0.0922222003271	0.0258143338522	0.113642185745
-rpā	0.0808903305599	0.0530406543804	0.108117915847	0.757951099212
-ecā	0.180043383948	0.399132321041	0.420824295011	0.0
-idā	0.271006463527	0.515327793167	0.0642659279779	0.149399815328
-ūtā	0.0234234234234	0.836036036036	0.0756756756756	0.0648648648648
-ecē	0.66621422916	0.28062436376	0.020925234702	0.0322361723787
-ītu	0.648071101432	0.199200474321	0.0571023754897	0.0956260487573
-eņā	0.258706467662	0.323383084577	0.258706467662	0.159203980099
-īts	0.726566669241	0.154378916008	0.0534520575943	0.0656023571575
-īte	0.0728630908646	0.515674748959	0.37288758266	0.0385745775165
-īta	0.435196439344	0.405109167455	0.0976626060129	0.0620317871883
-īto	0.276757342149	0.360160736424	0.240677144934	0.122404776494
-īti	0.723343016861	0.160998733306	0.0725275325753	0.0431307172578
-ūtī	0.279768192069	0.676268234891	0.0	0.0439635730395
-rsā	0.0425985090522	0.957401490948	0.0	0.0
-aņā	0.510204901567	0.117517075131	0.0532744073925	0.31900361591
-1-2	0.376241597271	0.434132637705	0.036119193338	0.153506571686
-āra	0.324463519313	0.669282648682	0.00441446965052	0.00183936235438
-ējš	0.0657912549072	0.852172735887	0.0316772708813	0.050358738324
-ado	0.0967741935484	0.477419354839	0.348387096774	0.0774193548388
-adi	0.0106348694812	0.90138575572	0.0783113116338	0.00966806316467
-adu	0.149317586093	0.804354594117	0.0294557761642	0.0168720436263
-ads	0.124194236846	0.755821500438	0.0515721830971	0.0684120796186
-sen	0.136606708799	0.0967428293632	0.183762761303	0.582887700535
-sei	0.114754098361	0.284153005464	0.0109289617486	0.590163934426
-ējā	0.141685518852	0.280388560233	0.460453286735	0.117472634181
-āri	0.0891900891901	0.249786249786	0.0680400680401	0.592983592984
-oha	0.129764801298	0.837793998378	0.0	0.0324412003244
-sev	0.136104458889	0.102862356027	0.0797126240164	0.681320561067
-ses	0.1369380373	0.352421665805	0.121670503124	0.388969793771
-lbs	0.425	0.15	0.375	0.05
-lat	0.799240688617	0.157557111998	0.00392747267134	0.0392747267133
-ikā	0.0356436829809	0.693524231714	0.0568501767208	0.213981908584
-edē	0.0545454545455	0.854545454545	0.0909090909091	0.0
-ieš	0.730218479471	0.111667285257	0.0608266709466	0.097287564325
-mts	0.466986505831	0.119247566128	0.0319596825261	0.381806245515
-ūgā	0.0768211920529	0.891390728477	0.0	0.0317880794702
-mtu	0.655776650882	0.141636235114	0.0594063280923	0.143180785912
-mti	0.165517878592	0.141014506144	0.0605192645292	0.632948350735
-mto	0.264420809975	0.480326924084	0.193639650024	0.0616126159166
-iež	0.539574169523	0.334403756375	0.0369700731306	0.0890520009715
-mta	0.383871466887	0.428254590468	0.122111615432	0.0657623272127
-nēt	0.686912509038	0.233550253073	0.0698963605688	0.00964087731983
-nēs	0.444077394998	0.448324681454	0.0622935346862	0.0453043888626
-nēm	0.0946879124663	0.829102664652	0.0417774547124	0.0344319681696
-uji	0.557692307692	0.192307692308	0.0961538461538	0.153846153846
-ētā	0.0597561766422	0.81291745023	0.0851112119837	0.0422151611439
-kām	0.416246214201	0.469463236742	0.0294057720267	0.0848847770307
-zog	0.92373089185	0.0370309817706	0.0196190631897	0.0196190631897
-ētī	0.485512920908	0.190066002909	0.248349927285	0.076071148898
-zot	0.506944753595	0.13190580065	0.099608244669	0.261541201086
-kāp	0.505759736698	0.226549643445	0.019747668678	0.247942951179
-kāt	0.897242427072	0.0475042649443	0.0095356515392	0.0457176564449
-sma	0.0545375691207	0.723408869132	0.210560555134	0.0114930066139
-rat	0.577694297126	0.0997593792968	0.126284947293	0.196261376285
-ers	0.0700715535266	0.88173210437	0.0175903761956	0.0306059659082
-ert	0.701595082675	0.260178811816	0.0120647176856	0.0261613878235
-ras	0.158000221665	0.560402692407	0.0780133198333	0.203583766095
-nči	0.270833333333	0.375	0.208333333333	0.145833333333
-ran	0.352941176471	0.496732026144	0.0	0.150326797386
-eri	0.0212360781122	0.960012687545	0.0140831752377	0.00466805910481
-ram	0.142565036324	0.463957548679	0.059479772217	0.33399764278
-rai	0.118650066827	0.589637702979	0.0898063729319	0.201905857262
-era	0.0306739271619	0.935354948294	0.0165859019833	0.0173852225608
-erd	0.492427597201	0.38180852006	0.0425117350102	0.0832521477283
-ugu	0.0971999552589	0.660378061966	0.080981320607	0.161440662168
-oza	0.422967595225	0.412734508243	0.126776577601	0.0375213189312
-ugs	0.0620419636583	0.922999698825	0.00853327979119	0.00642505772513
-ēle	0.13353085618	0.826288126306	0.0146112790957	0.0255697384175
-azu	0.00680144472068	0.317791641259	0.515924761949	0.159482152071
-ozi	0.0666666666667	0.9	0.0333333333333	0.0
-azs	0.0667202572347	0.39308681672	0.443729903537	0.096463022508
-ozs	0.229965156794	0.445993031359	0.156794425087	0.16724738676
-azo	0.0723427935448	0.321090706733	0.589872008904	0.016694490818
-ņot	0.727272727273	0.151515151515	0.0606060606061	0.0606060606061
-azi	0.0533333333333	0.457777777778	0.435555555556	0.0533333333333
-uga	0.487653002987	0.429489745136	0.0375073979689	0.0453498539079
-ozu	0.0331893264069	0.931766043226	0.0197899089134	0.0152547214541
-aza	0.0334928229665	0.11004784689	0.798086124402	0.0583732057416
-ugi	0.333909280282	0.426453727776	0.0167293749092	0.222907617033
-ēla	0.234876480446	0.62375796759	0.0193185563323	0.122046995631
-ike	0.0	1.0	0.0	0.0
-ika	0.725626675199	0.0965176843309	0.0205718362016	0.157283804269
-mtē	0.227722772277	0.627062706271	0.013201320132	0.13201320132
-nos	0.270625621097	0.529756236335	0.104641671661	0.0949764709076
-ūga	0.455194290246	0.478191911182	0.0666137985725	0.0
-nou	0.0981308411215	0.733644859813	0.11214953271	0.0560747663551
-iki	0.311972142096	0.517034380603	0.0891348977418	0.0818585795587
-iku	0.111032786937	0.733590779206	0.0423147445127	0.113061689345
-ikt	0.782440596536	0.0837123564265	0.0355695067026	0.0982775403351
-iks	0.521343038342	0.188197783321	0.0153663177195	0.275092860617
-ūgu	0.188644688645	0.640415140415	0.029304029304	0.141636141636
-noa	0.0	1.0	0.0	0.0
-mtā	0.122950819672	0.840163934426	0.0122950819672	0.0245901639344
-ūgs	0.167236555797	0.780230027976	0.0198943114703	0.032639104756
-ēja	0.774633920286	0.099161366626	0.0375829436066	0.0886217694815
-āšu	0.633674305811	0.207224451036	0.0467690099631	0.112332233189
-ējo	0.224197247706	0.292574541284	0.400802752294	0.0824254587156
-ēji	0.438099232936	0.389305781332	0.0816467297772	0.0909482559544
-ēju	0.786065858348	0.139825653683	0.0222257928171	0.0518826951518
-ējs	0.298834150259	0.584636260419	0.0613663426657	0.0551632466562
-gla	0.111888111888	0.566433566434	0.307692307692	0.013986013986
-vos	0.315617879766	0.145114820921	0.0439275086078	0.495339790705
-vot	0.693357148286	0.146335284133	0.0677712751134	0.0925362924679
-adā	0.0205736919118	0.902826832837	0.0620301226096	0.0145693526414
-gli	0.124820724274	0.722346719254	0.0452671208318	0.10756543564
-tom	0.324324324324	0.216216216216	0.0	0.459459459459
-tot	0.519487633723	0.31624950559	0.0470158081115	0.117247052575
-glu	0.01218892839	0.937023869985	0.0	0.0507872016252
-top	0.678384761633	0.056114441275	0.0357903134497	0.229710483642
-rot	0.691506406769	0.207817263976	0.0309773320784	0.0696989971765
-iek	0.71854081085	0.0932452040741	0.0288382471002	0.159375737975
-iem	0.0723017223884	0.399830382076	0.0932412586529	0.434626636883
-ros	0.27055903622	0.455639691176	0.205854060099	0.0679472125053
-iec	0.58251278167	0.250615413747	0.046629426245	0.120242378337
-ieb	0.928571428571	0.0714285714286	0.0	0.0
-ied	0.715068493151	0.207305936073	0.0374429223744	0.0401826484018
-ieg	0.410256410256	0.435897435897	0.153846153846	0.0
-rod	0.915614039415	0.0482654067362	0.00672010304159	0.0294004508069
-aņi	0.114803625378	0.848942598187	0.0362537764351	0.0
-iez	0.181479588111	0.768677426422	0.049842985467	0.0
-iep	0.347141673571	0.588235294118	0.0	0.0646230323116
-ies	0.555454923844	0.23171432627	0.0964070007583	0.116423749128
-iet	0.637982872956	0.196893084057	0.044262976184	0.120861066804
-rok	0.755410613697	0.244589386303	0.0	0.0
-ozā	0.173611111111	0.8125	0.0	0.0138888888889
-gūt	0.593852908891	0.267837541164	0.0439077936334	0.0944017563117
-erī	0.189573459716	0.398104265403	0.298578199052	0.113744075829
-gūs	0.585365853659	0.112466124661	0.172086720867	0.130081300813
-mpj	0.661290322581	0.306451612903	0.0	0.0322580645161
-azā	0.0761973875182	0.0907111756168	0.604499274311	0.228592162554
-nga	0.00472424049112	0.913394597904	0.00157936485627	0.0803017967485
-sat	0.736866579979	0.024111562412	0.00585844442887	0.23316341318
-imo	0.377549075662	0.25481227368	0.234419668382	0.133218982276
-erā	0.144894945247	0.742889719139	0.0509065468371	0.0613087887766
-rpi	0.0286689419795	0.97133105802	0.0	0.0
-efs	0.139240506329	0.822784810127	0.0379746835443	0.0
-tim	0.401457113292	0.152551411992	0.0555696271811	0.390421847535
-ķus	0.154441365609	0.793590212788	0.0300099336017	0.0219584880013
-ētu	0.44315834354	0.236719361669	0.096468581441	0.22365371335
-ūts	0.337679705784	0.582079572049	0.0401203610833	0.0401203610832
-ēts	0.432024658421	0.254581799686	0.245054531759	0.0683390101332
-ēto	0.139694072831	0.552885768189	0.284165712812	0.0232544461687
-ēti	0.397588175433	0.292808439808	0.23128219557	0.0783211891883
-ļūs	0.420818316727	0.0739170376652	0.0409865027207	0.464278142887
-žos	0.0275547041922	0.165622927872	0.00353643262359	0.803285935313
-žot	0.6767532202	0.182784706604	0.00245348599468	0.138008587201
-ēta	0.192974291425	0.586381560631	0.183662360435	0.0369817875085
-ļūt	0.729752296131	0.136907623409	0.0303620676568	0.102978012803
-lei	0.0747930937716	0.838431740979	0.0351261952421	0.0516489700075
-lej	0.700426987077	0.210044751416	0.0157991049717	0.0737291565345
-urī	0.0604180714767	0.848803776129	0.0339851652057	0.0567929871881
-lem	0.518518518519	0.407407407407	0.037037037037	0.037037037037
-āva	0.736885811287	0.174636525517	0.0201610930651	0.0683165701315
-lec	0.632352941177	0.235294117647	0.102941176471	0.0294117647059
-āve	0.0515824819604	0.934271629635	0.00642994927484	0.00771593912981
-šas	0.397426551021	0.27196663752	0.215025373186	0.115581438272
-šam	0.407584429889	0.201294231034	0.0987392065459	0.292382132531
-šai	0.0562119078223	0.159773430341	0.0708491442137	0.713165517623
-lāj	0.683830881303	0.171189830024	0.0664190829881	0.0785602056849
-mus	0.157235193864	0.706862516193	0.103731688198	0.0321706017441
-lāk	0.154528630513	0.0950035119199	0.218522690494	0.531945167072
-āvu	0.715712988193	0.214350590372	0.0299727520436	0.0399636693915
-iļā	0.312354312354	0.407925407925	0.167832167832	0.111888111888
-urā	0.155330402446	0.0579534538903	0.071744303303	0.714971840361
-gāž	0.665188470066	0.249287298068	0.0665188470067	0.019005384859
-urē	0.801011029412	0.160386029412	0.0137867647059	0.0248161764706
-īgo	0.128511235482	0.2070604418	0.575128461821	0.0892998608971
-īgi	0.226128213526	0.231549086112	0.270832482444	0.271490217918
-ēļā	0.0354225403022	0.543555266392	0.016193161281	0.404829032025
-izē	0.207416990082	0.11254851229	0.0914187149633	0.588615782665
-urš	0.129231323872	0.0824853325551	0.0274547233118	0.760828620261
-tnī	0.0	1.0	0.0	0.0
-īga	0.191055774141	0.218566871523	0.38821252261	0.202164831726
-rnā	0.0839580209895	0.8035982009	0.0944527736132	0.0179910044978
-īgu	0.176254570067	0.238113987419	0.50297853011	0.0826529124033
-īgt	0.457142857143	0.228571428571	0.214285714286	0.0999999999999
-īgs	0.219890862268	0.18986000298	0.455205407659	0.135043727092
-lss	0.0311564474997	0.882913848542	0.0253908415567	0.0605388624016
-eļi	0.0216076058773	0.954873580289	0.00525886520507	0.0182599486287
-eļo	0.565217391304	0.0652173913043	0.0217391304348	0.347826086957
-lst	0.537248569663	0.274086478081	0.14094053386	0.047724418396
-hmu	0.457317073171	0.358062330623	0.015243902439	0.169376693767
-pen	0.0578512396694	0.0702479338843	0.0661157024793	0.805785123967
-eļa	0.0569900687548	0.864094728801	0.0280366692131	0.0508785332315
-ģes	0.00710253141505	0.951374977235	0.0404297942087	0.00109269714078
-pei	0.133159268929	0.741514360313	0.0861618798956	0.0391644908616
-ids	0.0511346425196	0.916968504447	0.0164468148455	0.0154500381882
-tnē	0.144067353449	0.592724293608	0.108943854695	0.154264498248
-lsa	0.5	0.130434782609	0.0869565217391	0.282608695652
-ogo	0.405263157895	0.542105263158	0.0421052631579	0.0105263157895
-pes	0.0856163281074	0.820703087274	0.0806425651096	0.0130380195087
-oga	0.0662460567823	0.912723449001	0.0147213459516	0.00630914826498
-lsi	0.0689655172414	0.91333165534	0.00578907626479	0.0119137511536
-mēž	0.221674876847	0.704433497537	0.0738916256158	0.0
-eļu	0.046369331569	0.885175470404	0.0143283432147	0.0541268548125
-ēkā	0.0493020088526	0.76152536602	0.0465781409602	0.142594484167
-rsū	0.100036383687	0.0374451900391	0.0220552656947	0.84046316058
-eja	0.0225296264588	0.940747082413	0.0149822015951	0.0217410895327
-ess	0.0272817278128	0.734981582283	0.204141598901	0.033595091003
-itu	0.0696895927883	0.210113593825	0.218958486182	0.501238327205
-its	0.0307801923762	0.158033487709	0.0631278945493	0.748058425365
-esu	0.0916683770169	0.72562785837	0.126712973127	0.0559907914861
-est	0.69672826222	0.189309881792	0.0357525402596	0.0782093157283
-ito	0.0855048859935	0.654926710098	0.124185667752	0.135382736156
-esi	0.45558125511	0.149054644872	0.0404160471475	0.35494805287
-tes	0.0713137439738	0.867645492384	0.019463876794	0.0415768868485
-eso	0.106533318839	0.0259810849005	0.802261115339	0.0652244809218
-iti	0.0538279803333	0.655513696443	0.0721537577422	0.218504565481
-esa	0.348239605799	0.53864760523	0.0718673142526	0.0412454747183
-ite	0.161741835148	0.687402799378	0.0606531881804	0.0902021772939
-ese	0.388888888889	0.611111111111	0.0	0.0
-ita	0.492483945628	0.257577537252	0.0753299492936	0.174608567827
-udr	0.400943755697	0.54246748219	0.0565887621132	0.0
-uds	0.0758802104411	0.866450829624	0.0333872925941	0.0242816673411
-udu	0.103402716406	0.824091793206	0.0524566237277	0.0200488666603
-udz	0.0294757954922	0.0345932456833	0.706825270247	0.229105688577
-fai	0.0	1.0	0.0	0.0
-klē	0.750751865741	0.0855084840159	0.0175435339546	0.146196116289
-fas	0.0547298891247	0.919792403869	0.0	0.0254777070064
-uda	0.591772557659	0.299725716056	0.0458861926137	0.0626155336708
-spu	0.0	1.0	0.0	0.0
-gtu	0.569892919974	0.25304409259	0.0824225297483	0.0946404576874
-udi	0.478626489138	0.491941135249	0.0042046250876	0.0252277505256
-klā	0.058974213013	0.793058955238	0.0985560046299	0.049410827119
-ejo	0.500782472613	0.170579029734	0.328638497653	0.0
-ļās	0.0856401384083	0.621972318339	0.256055363322	0.0363321799308
-aej	0.159574468085	0.776595744681	0.0	0.063829787234
-ejs	0.00717999504828	0.983081620863	0.00338367582735	0.00635470826112
-ļām	0.0954446854664	0.765726681128	0.138828633406	0.0
-ris	0.172074023713	0.73741626444	0.0749977830047	0.0155119288422
-tne	0.0478249121859	0.900567414212	0.0154012429073	0.0362064306944
-īgī	0.697986577181	0.0805369127517	0.161073825503	0.0604026845637
-tni	0.153752659213	0.747703760811	0.0521247731333	0.0464188068436
-eļā	0.18150656489	0.573263267571	0.00951323925797	0.235716928281
-tns	0.105358764759	0.420526793824	0.441416893733	0.0326975476839
-tnu	0.0139925373134	0.95802238806	0.0	0.0279850746269
-ogā	0.00616121855211	0.982714359062	0.00496320383365	0.00616121855212
-rnu	0.0562877855771	0.863339027909	0.0377081249502	0.0426650615634
-rns	0.0340206185567	0.912371134021	0.0118556701031	0.0417525773196
-ēļa	0.00473723168024	0.984159881569	0.00488527017024	0.00621761658031
-sts	0.280034752868	0.494212469786	0.173183864848	0.052568912498
-izs	0.0428773919206	0.107370659107	0.771793054571	0.0779588944011
-īgā	0.18268201592	0.240537871344	0.484268360517	0.0925117522189
-ize	0.0510685077536	0.910688408815	0.00979396039109	0.0284491230408
-iza	0.408933244082	0.129556380454	0.389095113491	0.0724152619729
-rna	0.149258692906	0.803138089223	0.0243334884648	0.0232697294063
-nne	0.0	1.0	0.0	0.0
-lsī	0.0871870243032	0.81182090179	0.0258254159887	0.0751666579182
-izi	0.0787117654302	0.690429704677	0.0664432835558	0.164415246337
-rni	0.0314250608602	0.911533676824	0.0140240273226	0.0430172349932
-uri	0.295566717672	0.498966248251	0.0497325788529	0.155734455224
-ipa	0.0163176502584	0.970356268697	0.00734294261626	0.00598313842807
-urn	0.686936936937	0.144144144144	0.0472972972973	0.121621621622
-iļa	0.113704368642	0.174147217235	0.694195092759	0.0179533213645
-ļņi	0.0734319224885	0.902090770015	0.0244773074962	0.0
-ura	0.153269645212	0.15416224388	0.167704011065	0.524864099842
-ure	0.353413654618	0.313253012048	0.248995983936	0.0843373493976
-iļi	0.149902824789	0.303615991168	0.409860888032	0.136620296011
-iļu	0.168548866435	0.623843083977	0.107412753672	0.100195295916
-ļņu	0.165005537099	0.739756367663	0.0852713178295	0.00996677740864
-urp	0.229916763453	0.0586527293845	0.00290360046458	0.708526906698
-urs	0.343336724313	0.333672431333	0.3001017294	0.0228891149542
-urt	0.674698795181	0.0361445783133	0.180722891566	0.10843373494
-uru	0.161716639592	0.151002181183	0.0242452439357	0.663035935288
-zno	0.151953690304	0.204052098408	0.513748191027	0.13024602026
-zni	0.0355100812519	0.933794763768	0.0306951549805	0.0
-āvā	0.454545454545	0.472727272727	0.0363636363636	0.0363636363636
-zne	0.0033750527352	0.99324989453	0.00337505273521	0.0
-eļš	0.049571020019	0.920400381316	0.0157292659676	0.0142993326978
-mēm	0.0960504623324	0.84105082073	0.0553723747402	0.00752634219768
-mēs	0.0118027531409	0.00694598805532	0.000965300323192	0.980285958481
-mēr	0.0774673697948	0.0523945604337	0.0187625691816	0.85137550059
-mēt	0.824324324324	0.108108108108	0.0405405405405	0.027027027027
-āvē	0.166547953241	0.794905099091	0.0125696568484	0.02597729082
-pja	0.122302158273	0.805755395683	0.0359712230216	0.0359712230216
-pju	0.0734621541276	0.839069288818	0.0488794877658	0.0385890692888
-šīm	0.0491111395319	0.0625399667477	0.00767361555186	0.880675278169
-šīs	0.0424086351433	0.0328749109638	0.0168392599492	0.907877193944
-udē	0.716776284863	0.129395798673	0.128075475092	0.0257524413723
-īši	0.0872027180068	0.853907134768	0.0135900339751	0.0453001132503
-klu	0.0633251738598	0.839974873022	0.0649206258026	0.031779327316
-īša	0.0	0.979591836735	0.0204081632653	0.0
-nnu	0.0257477004015	0.969102759518	0.00514954008031	0.0
-kls	0.0467328715681	0.196737044146	0.724609863974	0.0319202203121
-esī	0.0195784799874	0.915078343055	0.0102787019934	0.0550644749646
-ihs	0.0	0.977653631285	0.0223463687151	0.0
-klo	0.00931808555697	0.0864040660737	0.899195256247	0.00508259212198
-kli	0.128415535726	0.506077908167	0.336384242389	0.0291223137176
-ihu	0.114832535885	0.885167464115	0.0	0.0
-kle	0.0350966429298	0.875381485249	0.0366225839267	0.0528992878942
-nna	0.0193983694124	0.940961484397	0.0177115546809	0.0219285915097
-kla	0.0813984933359	0.864245702144	0.0462429978752	0.00811280664479
-īšu	0.665077497855	0.127530057827	0.0311282733019	0.176264171016
-ēka	0.0305228956305	0.833298737484	0.0529699800298	0.0832083868555
-ēki	0.076565622517	0.774787518359	0.0560999686996	0.0925468904244
-itē	0.51677852349	0.422818791946	0.0604026845638	0.0
-ēko	0.241306197805	0.631477982432	0.0642136994995	0.0630021202637
-ēks	0.0502801456158	0.822888421147	0.0326212341388	0.0942101990982
-ēku	0.040002153519	0.799338331292	0.0694025330767	0.0912569821123
-ēkt	0.700829588662	0.246456965088	0.026788800553	0.0259246456965
-esā	0.227168944463	0.66787725474	0.0418513162239	0.0631024845732
-ļķi	0.157816838385	0.842183161615	0.0	0.0
-gām	0.203729542401	0.484450176083	0.264872127202	0.0469481543143
-gāk	0.25571123972	0.0893999390801	0.215656411818	0.439232409382
-gāt	0.711951072789	0.174553839984	0.0352917585723	0.0782033286545
-gās	0.17059510907	0.451111072889	0.320977895131	0.0573159229097
-gta	0.416928544157	0.234603072043	0.319172369232	0.0292960145672
-āar	0.878103837472	0.121896162528	0.0	0.0
-usī	0.348654179128	0.349126396978	0.236108924917	0.0661104989769
-zmā	0.1875	0.6875	0.0833333333333	0.0416666666667
-īvs	0.364337597223	0.147522015813	0.45342932442	0.0347110625442
-īvu	0.241208081083	0.372083531733	0.353037208353	0.0336711788314
-usā	0.0992022199098	0.860215053763	0.0280957336108	0.0124869927159
-īva	0.181456953642	0.236203090508	0.526269315673	0.0560706401766
-īve	0.192932862191	0.686925795053	0.0678445229682	0.052296819788
-usē	0.0443370999741	0.393772103856	0.157681359441	0.404209436729
-īvi	0.158191947967	0.614162906194	0.154284417778	0.0733607280611
-īvo	0.603379324135	0.23324030846	0.0539022630256	0.109478104379
-žēl	0.246946106245	0.556036781668	0.178125060243	0.0188920518439
-131	0.290909090909	0.654545454545	0.0	0.0545454545455
-enē	0.167951916534	0.43711726015	0.0765479700612	0.318382853255
-rmā	0.0184794086589	0.0892291446674	0.85005279831	0.0422386483632
-enā	0.0285923028483	0.663125967726	0.0323971014975	0.275884627928
-ksā	0.595697831503	0.294894299444	0.0173990950785	0.0920087739747
-ajo	0.228658536585	0.692073170732	0.0365853658536	0.0426829268293
-aji	0.0127388535032	0.950460014154	0.0254777070063	0.0113234253362
-aja	0.0242675136505	0.968470076014	0.00142750080297	0.00583490953214
-uhi	0.0240963855422	0.927710843373	0.0481927710843	0.0
-enī	0.0543417988244	0.727625596096	0.0731950759676	0.144837529112
-āča	0.0	0.8125	0.15	0.0375
-aju	0.0342284680673	0.952692361208	0.0105746486712	0.00250452205371
-ajs	0.0206310679612	0.964805825243	0.0	0.0145631067961
-ldi	0.501549358123	0.429688652796	0.0147557916482	0.0540061974325
-ldo	0.0668828536684	0.296716659911	0.57965139846	0.0567490879611
-oju	0.655833402828	0.209008923147	0.0664172792146	0.0687403948105
-lda	0.412295438493	0.473501029541	0.0679302824854	0.0462732494802
-ēdā	0.416666666667	0.383333333333	0.15	0.05
-lde	0.151219512195	0.809756097561	0.00975609756097	0.0292682926829
-oja	0.734658908295	0.138747297815	0.0455296172693	0.0810641766205
-fra	0.0	1.0	0.0	0.0
-lds	0.141751042287	0.790351399643	0.0607504466944	0.00714711137583
-oji	0.846153846154	0.0923076923077	0.0184615384615	0.0430769230769
-ldu	0.197308045274	0.523707555828	0.215050474151	0.0639339247476
-bja	0.49	0.31	0.02	0.18
-bju	0.00246002460024	0.9975399754	0.0	0.0
-īvē	0.120178989985	0.758789686768	0.0340933304922	0.0869379927551
-usi	0.525073035159	0.20166237175	0.0992159151656	0.174048677926
-usa	0.682195523642	0.192340092665	0.082251907121	0.0432124765719
-use	0.0330123796424	0.215955983494	0.7015130674	0.0495185694635
-īvā	0.0959599245332	0.818858022683	0.0650142042374	0.020167848546
-uss	0.102548635198	0.869552103755	0.0128185793998	0.0150806816468
-osa	0.258739823493	0.678319764658	0.0123144284053	0.0506259834439
-āgā	0.235294117647	0.745098039216	0.0196078431372	0.0
-usu	0.0815957711162	0.520071385005	0.37034359681	0.0279892470689
-ust	0.629679317956	0.177305578396	0.0553944692085	0.13762063444
-epa	0.262518030084	0.679991757676	0.015454358129	0.0420358541109
-zma	0.183266932271	0.645418326693	0.0	0.171314741036
-epu	0.0533079485959	0.943836268444	0.0	0.00285578296049
-eps	0.00195439739414	0.985667752443	0.00260586319218	0.00977198697069
-āpē	0.820458177944	0.163558870538	0.0159829515184	0.0
-žās	0.156064493891	0.698977442457	0.0744896786795	0.0704683849718
-žām	0.114693615656	0.697625922361	0.0596727622714	0.128007699711
-mdē	0.476304317255	0.376740261567	0.0372662072845	0.109689213894
-kmi	0.373873873874	0.414414414415	0.18018018018	0.0315315315315
-tīs	0.695078903135	0.199173902043	0.0288041578222	0.0769430369997
-ēdi	0.62668161435	0.339686098655	0.0269058295964	0.00672645739912
-tīt	0.769700915166	0.119025806469	0.0557193269826	0.0555539513831
-ēde	0.0	0.928571428571	0.0714285714286	0.0
-ldā	0.177966101695	0.516949152542	0.305084745763	0.0
-ēda	0.876789895747	0.0493561498787	0.0306042285753	0.0432497257992
-ķej	0.0689655172414	0.931034482759	0.0	0.0
-ojā	0.766552687829	0.103065716228	0.0350720799565	0.0953095159858
-ēdz	0.684300060363	0.242166492894	0.0373154804368	0.0362179663063
-ldē	0.859649122807	0.0701754385965	0.0350877192982	0.0350877192982
-ēdu	0.392279061716	0.430624080325	0.0799792261751	0.0971176317839
-par	0.11311790881	0.016630980476	0.001133930487	0.869117180227
-tīm	0.0591053481227	0.893180753007	0.0172499088684	0.0304639900016
-ksa	0.233615221987	0.715644820296	0.00317124735729	0.0475687103594
-tam	0.129172232986	0.113062227348	0.0293281650179	0.728437374647
-tan	0.0154142581888	0.616570327553	0.00385356454721	0.364161849711
-tai	0.0961520176569	0.252838799865	0.0369210881409	0.614088094337
-tad	0.123623577064	0.0193069685583	0.00269719648329	0.854372257895
-ajā	0.124836490632	0.263334466013	0.519229610907	0.0925994324477
-pūš	0.428374021188	0.557807461999	0.0	0.0138185168125
-kss	0.0	1.0	0.0	0.0
-ksu	0.15303030303	0.752272727273	0.0473484848485	0.0473484848484
-kst	0.558803058662	0.191504970796	0.108468693861	0.141223276681
-tat	0.703213998521	0.107311954611	0.050645248831	0.138828798038
-tar	0.0	0.992	0.0	0.008
-tas	0.137320575528	0.23049877212	0.0281096081573	0.604071044194
-rms	0.0612150935842	0.0638374537084	0.0869982984686	0.787949154239
-rmu	0.0	1.0	0.0	0.0
-enu	0.083853025389	0.394166039718	0.025997605551	0.495983329342
-ens	0.0360469534732	0.350307747354	0.015826421834	0.597818877339
-eno	0.167521883489	0.228795653486	0.504074856626	0.099607606399
-eni	0.0587193953833	0.797020206102	0.0342694799801	0.109990918535
-ene	0.0346326726107	0.872522290178	0.0353695379854	0.0574754992263
-ena	0.0560057219325	0.413538830695	0.0192653776937	0.511190069678
-ijs	0.0326983817779	0.887781936579	0.0754149911645	0.00410469047851
-akā	0.570093457944	0.401869158878	0.0280373831776	0.0
-lēš	0.368203400214	0.576657987441	0.0	0.0551386123449
-hej	0.0603015075377	0.939698492462	0.0	0.0
-ešs	0.425663170882	0.357186921653	0.106107341147	0.111042566317
-ešu	0.220663252863	0.676669279221	0.0569343802066	0.0457330877096
-nss	0.0	1.0	0.0	0.0
-eša	0.103608156408	0.800616606224	0.0302126877303	0.065562549637
-eši	0.0490565420599	0.753001274454	0.0320132047899	0.165928978696
-ģus	0.0752895752896	0.861003861004	0.0289575289575	0.034749034749
-ešo	0.0126050420168	0.00963914977757	0.891744933267	0.0860108749382
-pus	0.0462899205771	0.560902038836	0.0294015374554	0.363406503132
-zua	0.0909090909091	0.909090909091	0.0	0.0
-rūž	0.957446808511	0.0425531914894	0.0	0.0
-ēvs	0.00775402466667	0.964284492444	0.0138867532667	0.0140747296222
-rāt	0.744614410499	0.0579499503533	0.0328754148673	0.16456022428
-rās	0.629197582599	0.154091881572	0.115554853411	0.101155682418
-akš	0.0265046935395	0.0706791827719	0.0138045278851	0.889011595804
-ēvu	0.0122927830622	0.952798099989	0.0053706333767	0.0295384835718
-ēvi	0.0309691240162	0.908466446235	0.0206072742514	0.0399571554976
-rāj	0.59198920826	0.235391780454	0.0803276587173	0.0922913525688
-rāk	0.0710194333904	0.0278533713241	0.308929870808	0.592197324477
-gda	0.141176470588	0.701960784314	0.141176470588	0.0156862745098
-ēva	0.00847332926241	0.966531924382	0.00368542573867	0.0213093206172
-msa	0.00489995916701	0.7129440588	0.276031033075	0.00612494895876
-ātu	0.547045827667	0.296108871618	0.0545676532939	0.102277647421
-āts	0.458197809438	0.317615672404	0.149112802319	0.0750737158399
-deg	0.572158966683	0.328949360063	0.0565095275736	0.0423821456802
-oku	0.0741732601059	0.833151202765	0.0176346163767	0.0750409207521
-dei	0.470847623714	0.393189612935	0.121264086232	0.0146986771191
-msi	0.252525252525	0.598484848485	0.0757575757576	0.0732323232323
-aēl	0.229927007299	0.675182481752	0.0401459854015	0.0547445255474
-oks	0.0347707516618	0.948099539799	0.0148287029146	0.00230100562468
-der	0.536656833597	0.210936696865	0.106673710712	0.145732758826
-āte	0.00611436304642	0.97366747648	0.0	0.0202181604735
-oki	0.320261437909	0.660130718954	0.0	0.0196078431372
-msu	0.0399556048835	0.80910099889	0.0199778024417	0.130965593785
-mst	0.540804187485	0.181774922674	0.127527956222	0.149892933619
-āto	0.481406321343	0.309827000152	0.116939779818	0.091826898686
-oka	0.0288079956886	0.918132379599	0.0270932340405	0.0259663906717
-āti	0.469186038476	0.317319572668	0.116544930621	0.0969494582343
-upē	0.113861386139	0.856435643564	0.0	0.029702970297
-āļi	0.00692905841795	0.949050034645	0.0034901923883	0.0405307145485
-āļa	0.0156482861401	0.966467958271	0.0178837555887	0.0
-bie	0.08	0.135	0.53	0.255
-zūd	0.674106407511	0.146063251524	0.0903887333223	0.0894416076429
-āļu	0.07289127255	0.691370063384	0.189907362262	0.045831301804
-bij	0.744186046512	0.139534883721	0.116279069767	0.0
-aža	0.2	0.123076923077	0.553846153846	0.123076923077
-101	0.591304347826	0.356521739131	0.0	0.0521739130435
-aži	0.030275422244	0.0252762398673	0.0299950942603	0.914453243628
-108	0.159263271939	0.575297941495	0.0834236186349	0.182015167931
-žam	0.364791534774	0.0950981278828	0.00696391426246	0.53314642308
-ažs	0.422764227642	0.235772357724	0.0284552845529	0.313008130081
-ažu	0.18135190359	0.55635711605	0.144697885826	0.117593094533
-met	0.694321832034	0.161838909928	0.0420120447133	0.101827213325
-jim	0.122807017544	0.421052631579	0.0350877192982	0.421052631579
-mes	0.0236850382564	0.841080116492	0.0288595551583	0.106375290093
-lus	0.160561992846	0.562666480928	0.219350345027	0.0574211811999
-men	0.0161878216123	0.098949399657	0.00214408233276	0.882718696398
-mei	0.086036158808	0.81366403198	0.0350685927137	0.0652312164985
-jis	0.776040302005	0.101747059234	0.037407155122	0.0848054836387
-zej	0.532194480946	0.156044678055	0.0285808147175	0.283180026281
-lēs	0.275145231178	0.537480563223	0.118598725178	0.0687754804204
-lēt	0.754670483141	0.193937477593	0.0156097315526	0.035782307713
-ēvē	0.135416666667	0.0833333333333	0.40625	0.375
-hab	0.418994413408	0.391061452514	0.0670391061453	0.122905027933
-ēvā	0.122657687531	0.839011785116	0.0	0.0383305273533
-pēc	0.113502100618	0.069265345699	0.00678335560362	0.810449198079
-šup	0.451482479784	0.196765498652	0.0161725067385	0.335579514825
-šus	0.113228510989	0.64893392656	0.0996452852609	0.138192277191
-ubu	0.0242914979757	0.975708502024	0.0	0.0
-ubi	0.551886792453	0.377358490566	0.0283018867925	0.0424528301887
-uba	0.761160714286	0.203125	0.0357142857143	0.0
-šuj	0.8531641107	0.0304953287502	0.058170280275	0.058170280275
-pām	0.248818897638	0.63937007874	0.0125984251969	0.0992125984252
-agā	0.38783269962	0.475285171103	0.136882129278	0.0
-rom	0.22285100555	0.0866175529404	0.067979779216	0.622551662294
-ešā	0.0338942790842	0.0899705823239	0.788978420947	0.0871567176451
-pār	0.0384777901019	0.0451460413036	0.00734167855068	0.909034490044
-pās	0.590163934426	0.228103044496	0.0168618266979	0.164871194379
-pāt	0.614216701173	0.189786059351	0.175293305728	0.0207039337474
-ako	0.189415041783	0.526462395543	0.217270194986	0.066852367688
-aki	0.841123839786	0.0783092231792	0.011121331215	0.0694456058199
-rūp	0.703311258278	0.229139072848	0.0596026490066	0.00794701986754
-aka	0.911000476794	0.0383116826134	0.00351744976847	0.0471703908245
-rūk	0.438318611027	0.388059701492	0.0639658848614	0.10965580262
-aku	0.876975440504	0.0457035369986	0.0168170916709	0.0605039308266
-akt	0.610058054137	0.262642512415	0.0763796600686	0.050919773379
-aks	0.130313372634	0.556934533044	0.294135898231	0.0186161960906
-lko	0.58811261731	0.374348279458	0.0250260688217	0.0125130344108
-ažī	0.0	1.0	0.0	0.0
-sīm	0.0183426625965	0.915199592084	0.0201205246047	0.0463372207143
-brā	0.0839160839161	0.811188811189	0.104895104895	0.0
-sīs	0.170595261406	0.721508713531	0.0393136870962	0.0685823379675
-sīt	0.580091564948	0.234045911068	0.097892369539	0.0879701544447
-gos	0.337975521906	0.269721740866	0.35129421798	0.0410085192476
-got	0.519227738377	0.2463356974	0.128447596533	0.105988967691
-eju	0.217880828619	0.759125172988	0.00203101563091	0.0209629827619
-ami	0.597242623301	0.167221729526	0.0766845442203	0.158851102952
-ūpu	0.370078740157	0.448818897638	0.0	0.181102362205
-āļš	0.274111675127	0.634517766497	0.0609137055838	0.0304568527919
-rli	0.0415065334358	0.518831667948	0.43043812452	0.00922367409685
-cot	0.44605248947	0.43874428484	0.0469813154768	0.0682219102135
-cos	0.691384809259	0.187421417481	0.0810190417926	0.0401747314674
-ažš	0.537037037037	0.240740740741	0.0555555555555	0.166666666667
-ēmā	0.869158878505	0.0747663551402	0.0	0.0560747663551
-īņu	0.234383637369	0.6362631288	0.0729684908789	0.0563847429519
-ācu	0.712380224825	0.166363566694	0.0196700731454	0.101586135335
-ama	0.295176813493	0.552954371774	0.056404951159	0.0954638635746
-upe	0.776859504132	0.0743801652892	0.148760330579	0.0
-upa	0.375555126472	0.607067001352	0.0115852481174	0.00579262405869
-upi	0.182790350659	0.806764486446	0.0	0.0104451628948
-zlu	0.255118110236	0.0110236220472	0.733858267717	0.0
-msā	0.0456011054814	0.814831874712	0.125748502994	0.0138185168125
-ātē	0.0617707618394	0.824982841455	0.102951269732	0.0102951269732
-zls	0.317602040816	0.0841836734694	0.554846938776	0.0433673469388
-uvu	0.125243096072	0.158044859328	0.0320670729072	0.684644971693
-oči	0.114942528736	0.84367816092	0.0275862068965	0.0137931034483
-ātā	0.177593521018	0.584747396838	0.107597377555	0.130061704589
