-ivu	0.422330097087	0.485436893204	0.0582524271845	0.0339805825242
-tim	0.0	1.0	0.0	0.0
-eus	0.010989010989	0.978021978022	0.010989010989	0.0
-rba	0.142857142857	0.857142857143	0.0	0.0
-lek	0.24443741495	0.0562425891884	0.0397498030415	0.65957019282
-815	0.0	0.0	0.25	0.75
-rbe	0.00980392156863	0.990196078431	0.0	0.0
-aro	0.233749720056	0.152353116399	0.114970846929	0.498926316615
-lel	0.0	1.0	0.0	0.0
-ivo	0.0181818181818	0.927272727273	0.0363636363636	0.0181818181818
-aup	0.679821523523	0.247515127611	0.0537988256025	0.0188645232632
-aus	0.244705677609	0.437924723747	0.291529547026	0.0258400516172
-aut	0.271129707113	0.539748953975	0.169037656904	0.0200836820084
-910	0.0	0.0	0.0	1.0
-lao	0.0754716981132	0.924528301887	0.0	0.0
-aen	0.0098739426653	0.979484141351	0.00746031223601	0.00318160374771
-aua	0.08658008658	0.878787878788	0.034632034632	0.0
-ang	0.169343310714	0.123080631588	0.0827074102774	0.62486864742
-bta	0.0	1.0	0.0	0.0
-aug	0.0578146078243	0.938331084987	0.0	0.00385430718828
-lea	0.0264317180617	0.973568281938	0.0	0.0
-aui	0.0227272727273	0.960227272727	0.0157085561497	0.00133689839572
-auk	0.174081164076	0.677475020719	0.0530249086628	0.0954189065423
-aum	0.0392623438429	0.893813206425	0.0133848899465	0.0535395597858
-aul	0.24995620878	0.700264376759	0.0434245955932	0.0063548188673
-aun	0.0312435714192	0.387854705564	0.00827313518545	0.572628587832
-put	0.0965147453083	0.879356568365	0.00201072386059	0.0221179624665
-kos	0.487135683183	0.330427804087	0.11044719194	0.0719893207895
-nto	0.00485928642451	0.926342052871	0.0608647712336	0.0079338894713
-pus	0.297931578078	0.205342046047	0.462400996707	0.0343253791683
-uai	0.227934090564	0.201975786649	0.0581547903255	0.511935332462
-uak	0.814055177673	0.107286503241	0.0354854183835	0.0431729007023
-ual	0.366307922967	0.280244302135	0.262694529352	0.0907532455457
-uan	0.122856260288	0.371700563106	0.0842559075282	0.421187269078
-oad	0.0	1.0	0.0	0.0
-uas	0.178571428571	0.571428571429	0.214285714286	0.0357142857143
-dus	0.103448275862	0.827586206897	0.0689655172414	0.0
-pua	0.18789423274	0.341853992461	0.0959381463089	0.374313628489
-pul	0.244425385935	0.71269296741	0.0377358490566	0.00514579759864
-nan	0.218388372154	0.586035760142	0.154065289628	0.0415105780755
-sva	0.0	1.0	0.0	0.0
-vad	0.0	1.0	0.0	0.0
-puk	0.702237521515	0.0946643717728	0.0481927710843	0.154905335628
-nam	0.0653594771242	0.84520123839	0.00515995872033	0.0842793257654
-kat	0.222434301822	0.187936487295	0.211525860739	0.378103350144
-sis	0.0533333333334	0.92	0.0266666666667	0.0
-opo	0.0969009599006	0.221538253874	0.0310078582669	0.650552927959
-sma	0.0	1.0	0.0	0.0
-ope	0.438943309976	0.527307845118	0.00937467914044	0.0243741657651
-opa	0.0	0.8	0.0	0.2
-mus	0.635517921775	0.175687543475	0.0527508192231	0.136043715527
-oes	0.0612516644474	0.891478029294	0.04327563249	0.00399467376831
-gko	0.425547996976	0.205089443185	0.0907029478458	0.278659611993
-dek	0.302472920499	0.633149397098	0.0137952176579	0.0505824647456
-gki	0.012676056338	0.985211267606	0.00211267605634	0.0
-den	0.0	1.0	0.0	0.0
-400	0.21768707483	0.183673469388	0.0136054421769	0.585034013606
-ima	0.00793231094659	0.0592279217346	0.130089899524	0.802749867795
-oko	0.515841275106	0.348156891052	0.0973740940526	0.0386277397895
-des	0.0128454651615	0.950175165434	0.0354223433242	0.00155702608019
-ime	0.560980323524	0.147453322524	0.0286828560761	0.262883497876
-kim	0.166354323152	0.729190636729	0.0596885943537	0.0447664457653
-950	0.0	0.0	0.0	1.0
-imi	0.0160630611251	0.0443600391731	0.0081366824471	0.931440217255
-840	0.0	1.0	0.0	0.0
-oim	0.0	1.0	0.0	0.0
-imo	0.192225544639	0.784992168589	0.0159476007404	0.00683468603161
-mre	0.0	1.0	0.0	0.0
-sik	0.185046245878	0.323895544035	0.276283367041	0.214774843045
-siv	0.0	1.0	0.0	0.0
-les	0.375311454403	0.23827151705	0.32419733751	0.0622196910373
-bis	0.717200486798	0.213951851127	0.0178373934055	0.0510102686696
-rpo	0.025641025641	0.974358974359	0.0	0.0
-oba	0.4	0.6	0.0	0.0
-ida	0.0160857908847	0.981233243968	0.0	0.00268096514745
-bia	0.00668896321072	0.976588628763	0.0133779264214	0.00334448160535
-bil	0.1270655298	0.555390987945	0.0133598220087	0.304183660246
-bim	0.0	1.0	0.0	0.0
-rat	0.0	1.0	0.0	0.0
-tep	0.22194021267	0.753013242954	0.0125232721883	0.0125232721883
-100	0.00765696784074	0.151607963247	0.0888208269525	0.75191424196
-uta	0.277231861556	0.112780205343	0.00726484990507	0.602723083196
-tet	0.0	1.0	0.0	0.0
-kiu	0.0909090909093	0.30303030303	0.424242424242	0.181818181818
-ria	0.0811379037528	0.178550377444	0.019815613966	0.720496104837
-rio	0.0232018561485	0.819025522042	0.125290023202	0.0324825986079
-rim	0.17975259359	0.676073989834	0.0473460672593	0.0968273493165
-rik	0.08966924444	0.0343002275405	0.00572025995698	0.870310268062
-riu	0.0357142857143	0.857142857143	0.107142857143	0.0
-ris	0.0394736842106	0.934210526316	0.0	0.0263157894737
-rip	0.0439135267033	0.808844543608	0.128941145011	0.0183007846775
-utu	0.3400154202	0.362374710871	0.209714726291	0.0878951426368
-tek	0.498727735369	0.304071246819	0.155216284987	0.0419847328244
-tel	0.0	1.0	0.0	0.0
-sia	0.103325415677	0.849960411718	0.0249406175772	0.0217735550277
-ten	0.241469773965	0.440513082971	0.136810035987	0.181207107078
-teo	0.00533943554539	0.987795575896	0.00381388253241	0.00305110602593
-duk	0.235429027272	0.179692422052	0.499236267547	0.0856422831294
-ara	0.0832415145048	0.230082043584	0.0291080398905	0.657568402021
-mes	0.0411764705882	0.941176470588	0.0176470588235	0.0
-eri	0.0	1.0	0.0	0.0
-lup	0.27027027027	0.72972972973	0.0	0.0
-lus	0.596356095393	0.366760479929	0.0275514738557	0.0093319508221
-lut	0.222222222222	0.396825396825	0.380952380952	0.0
-ari	0.0593408119473	0.0678111796299	0.0108850475461	0.861962960877
-pau	0.28869252315	0.432906711322	0.226568184763	0.0518325807641
-lui	0.814575575652	0.127415963726	0.0473693543076	0.0106391063151
-luk	0.761862633053	0.0942955955373	0.0223421166161	0.121499654794
-lum	0.167850432589	0.486846274738	0.309774310946	0.0355289817266
-lun	0.619797859691	0.342300832342	0.031212841855	0.00668846611176
-mem	0.076501135088	0.145920954319	0.028783740124	0.748794170469
-mel	0.0310588235294	0.968941176471	0.0	0.0
-men	0.31607677408	0.366848623584	0.134119856782	0.182954745554
-lud	0.0	1.0	0.0	0.0
-mek	0.0	1.0	0.0	0.0
-lug	0.555555555556	0.111111111111	0.222222222222	0.111111111111
-vut	0.203821656051	0.433121019108	0.305732484076	0.0573248407643
-git	0.279965382951	0.668109043704	0.0389441800087	0.0129813933362
-vus	0.078431372549	0.512820512821	0.393665158371	0.0150829562594
-rai	0.632341884408	0.116387820817	0.0109840499541	0.240286244821
-vug	0.272727272727	0.727272727273	0.0	0.0
-vis	0.247555063754	0.654231294728	0.0357119801686	0.0625016613491
-mos	0.0	1.0	0.0	0.0
-vul	0.179349106129	0.215049016692	0.0306652735949	0.574936603585
-vum	0.108504398827	0.803519061584	0.0762463343108	0.0117302052786
-vuk	0.111073333388	0.333465782941	0.0427662032296	0.512694680441
-mor	0.0243902439025	0.963414634146	0.0121951219512	0.0
-sro	0.396226415094	0.0849056603773	0.518867924528	0.0
-gin	0.896414342629	0.0398406374502	0.0637450199203	0.0
-nui	0.75	0.0	0.0	0.25
-sra	0.0	1.0	0.0	0.0
-suv	0.0	1.0	0.0	0.0
-ota	0.0093896713615	0.981220657277	0.0093896713615	0.0
-ote	0.0	1.0	0.0	0.0
-sus	0.0	1.0	0.0	0.0
-oam	0.0223048327138	0.933085501859	0.00743494423793	0.0371747211896
-oto	0.158904724498	0.735158792504	0.025137470542	0.0807990124565
-ume	0.740659340659	0.139340659341	0.0276923076923	0.0923076923077
-962	0.0	0.0	0.0	1.0
-uma	0.15404828379	0.138555865769	0.0516778890896	0.655717961351
-969	0.0	0.0	0.0	1.0
-umo	0.0	0.987341772152	0.0126582278481	0.0
-sup	0.117647058823	0.882352941177	0.0	0.0
-umi	0.225939932779	0.652350304005	0.0663577166472	0.0553520465691
-nak	0.729342727942	0.152226311915	0.0458176464402	0.0726133137029
-kia	0.0107913669065	0.971223021583	0.0143884892086	0.00359712230216
-nai	0.546513205224	0.281145105148	0.0518425806344	0.120499108994
-kig	0.0613496932515	0.913343558282	0.0069018404908	0.0184049079755
-ige	0.0	1.0	0.0	0.0
-gdo	0.0192307692308	0.692307692308	0.288461538462	0.0
-kik	0.570200573066	0.266475644699	0.0401146131805	0.123209169054
-ake	0.0350877192982	0.90350877193	0.0614035087719	0.0
-sip	0.292840532548	0.630809219811	0.00773020005962	0.0686200475813
-kio	0.042372881356	0.949152542373	0.0084745762712	0.0
-kin	0.850275053815	0.0989396476122	0.0179382922746	0.0328470062983
-aka	0.0678381207149	0.0578636511992	0.0103636615431	0.863934566543
-kil	0.0618556701031	0.907216494845	0.0176730486009	0.0132547864507
-kis	0.0110098259737	0.965194743696	0.0166923167989	0.00710311353143
-kir	0.0	1.0	0.0	0.0
-kip	0.328997704667	0.504208110176	0.0811017597552	0.0856924254017
-sio	0.107142857143	0.892857142857	0.0	0.0
-sin	0.14585925608	0.69308917373	0.146380880598	0.0146706895923
-sim	0.0907904254346	0.772325548525	0.0649500735801	0.0719339524598
-kit	0.456962402138	0.227517546794	0.0702485552859	0.245271495782
-nar	0.0	1.0	0.0	0.0
-nas	0.786623854931	0.125337000763	0.0427180118402	0.0453211324657
-nap	0.0801846469482	0.461083091127	0.357005471021	0.101726790904
-sig	0.0240168117682	0.748523966777	0.00360252176524	0.22385669969
-oab	0.0	1.0	0.0	0.0
-nat	0.0446458560822	0.897404757922	0.0204821673426	0.0374672186534
-nau	0.277535906351	0.107963739366	0.00765898660265	0.606841367681
-goi	0.724886877828	0.176470588235	0.041628959276	0.0570135746606
-gok	0.554614355774	0.322781988408	0.0303165403478	0.0922871154703
-mot	0.315270935961	0.172413793103	0.433497536946	0.0788177339901
-gom	0.0521932561105	0.638879092857	0.29200010851	0.0169275425223
-gol	0.0476744186046	0.618023255814	0.33023255814	0.00406976744186
-gon	0.503447872403	0.199683299267	0.0352985805812	0.261570247748
-god	0.00748416118761	0.978012679061	0.00560047788074	0.00890268187032
-gog	0.031746031746	0.952380952381	0.015873015873	0.0
-365	0.0	0.0	0.0	1.0
-mog	0.0647482014388	0.805755395684	0.0	0.129496402878
-lki	0.0	1.0	0.0	0.0
-lko	0.0819672131148	0.918032786885	0.0	0.0
-vla	0.4	0.6	0.0	0.0
-mon	0.421503428183	0.528726617569	0.0159737148849	0.033796239363
-gos	0.0691690194131	0.131164007239	0.0795393839292	0.720127589419
-mol	0.0357698289269	0.629860031104	0.292379471229	0.0419906687403
-mok	0.0798778869127	0.220135386249	0.518011680382	0.181975046456
-got	0.634510895837	0.301293578514	0.0479532842199	0.0162422414293
-moi	0.777262180974	0.180974477958	0.0417633410673	0.0
-lka	0.0	1.0	0.0	0.0
-pur	0.122340425532	0.867021276596	0.0	0.0106382978723
-ber	0.0389357560026	0.941596365996	0.0	0.0194678780014
-601	0.4	0.4	0.0	0.2
-eor	0.03125	0.96875	0.0	0.0
-bet	0.0623916811092	0.937608318891	0.0	0.0
-nus	0.784996651038	0.194909578031	0.0160750167448	0.0040187541862
-bek	0.0	0.481268011527	0.484149855908	0.0345821325648
-ben	0.0	0.991951710262	0.0	0.00804828973843
-lpa	0.291984732824	0.349236641221	0.209923664122	0.148854961832
-lpo	0.401859134787	0.285663210583	0.107257776189	0.205219878441
-bed	0.5	0.5	0.0	0.0
-iso	0.0	1.0	0.0	0.0
-rek	0.349893640113	0.512810939874	0.122526589972	0.0147688300412
-rei	0.859108145647	0.0343961495663	0.00235742393252	0.104138280854
-ren	0.0	1.0	0.0	0.0
-rem	0.124444006358	0.741255036286	0.111876393835	0.0224245635219
-tmo	0.0322580645161	0.935483870968	0.0	0.0322580645161
-reg	0.317513368984	0.481951871658	0.0	0.200534759358
-isa	0.0416691625734	0.944179046364	0.0094345273751	0.00471726368755
-eve	0.0532239472355	0.123551169146	0.0485244274679	0.774700456151
-eva	0.164179104478	0.820895522388	0.0	0.0149253731343
-upa	0.364473268722	0.195911972601	0.0576283125653	0.381986446112
-rer	0.0	1.0	0.0	0.0
-upo	0.192816989289	0.034622181684	0.00695573803244	0.765605090995
-isu	0.607281177382	0.255615801704	0.120836560806	0.0162664601084
-evi	0.015526443474	0.969917515769	0.0116448326055	0.00291120815138
-ret	0.0113247863248	0.982264957265	0.00384615384615	0.0025641025641
-reu	0.0	1.0	0.0	0.0
-avi	0.00684210526316	0.982105263158	0.00157894736842	0.00947368421052
-oat	0.0	1.0	0.0	0.0
-ava	0.0701174359391	0.631353729328	0.152013822151	0.146515012581
-mas	0.0264650283554	0.921550094518	0.0500945179584	0.00189035916824
-mar	0.0	1.0	0.0	0.0
-mau	0.0215294449333	0.964117591778	0.0107647224667	0.00358824082222
-mat	0.267069820962	0.437209305855	0.240304773969	0.0554160992138
-mai	0.0931989593141	0.44435170682	0.0230015555564	0.43944777831
-mak	0.716037273173	0.244727807749	0.0343305541932	0.00490436488474
-svi	0.0	1.0	0.0	0.0
-mam	0.0739099317331	0.664721426999	0.0483098436467	0.213058797622
-mal	0.18065582414	0.527630191434	0.171307186892	0.120406797534
-man	0.0669127713629	0.297147015927	0.0766861364245	0.559254076285
-uat	0.0427383635092	0.0734322791204	0.17483875981	0.70899059756
-ptu	0.0	1.0	0.0	0.0
-uni	0.0	1.0	0.0	0.0
-ung	0.403957275549	0.259842992366	0.0590889345137	0.277110797571
-una	0.0731083422724	0.659872926809	0.0191434936876	0.247875237231
-782	0.0	0.0	0.0	1.0
-pta	0.0785854616896	0.92141453831	0.0	0.0
-pto	0.0	0.949631694207	0.0503683057933	0.0
-666	0.0666666666667	0.0333333333333	0.0	0.9
-nla	0.380526712003	0.105710392511	0.014761730529	0.499001164957
-gad	0.0526315789475	0.842105263158	0.0526315789473	0.0526315789475
-nle	0.725380438642	0.123025173191	0.0348641267504	0.116730261416
-500	0.054	0.226	0.15	0.57
-eon	0.0144578313253	0.966265060241	0.0144578313253	0.00481927710843
-gan	0.353164663282	0.513886560113	0.103300798867	0.0296479777384
-gam	0.237862530032	0.664572644338	0.0352674963359	0.0622973292941
-gal	0.547071212172	0.313004696422	0.0830264328592	0.0568976585465
-gak	0.818380743983	0.168490153173	0.0	0.0131291028446
-gai	0.314879151254	0.513330488897	0.0626460495433	0.109144310306
-adi	0.0	1.0	0.0	0.0
-gus	0.477604758512	0.453672147978	0.0330479262549	0.0356751672542
-gau	0.159217421929	0.48506909584	0.203870838875	0.151842643356
-gat	0.122524652713	0.745707606739	0.0473976946019	0.0843700459467
-gas	0.473931363016	0.379249611188	0.0632137123216	0.0836053134744
-gar	0.12	0.795294117647	0.0329411764706	0.0517647058823
-gap	0.587412587413	0.216783216783	0.167832167832	0.027972027972
-137	0.333333333333	0.0	0.0	0.666666666667
-nor	0.0	1.0	0.0	0.0
-sen	0.26706231454	0.715133531157	0.0118694362018	0.00593471810089
-sem	0.0	1.0	0.0	0.0
-sel	0.161594245973	0.786036973191	0.0407180645544	0.0116507162813
-sek	0.0	1.0	0.0	0.0
-bel	0.0377794102214	0.953825165285	0.0	0.00839542449364
-ino	0.117285803707	0.141784085538	0.137948544347	0.602981566408
-ina	0.0388008899704	0.534125862994	0.0198844414666	0.40718880557
-apa	0.394684785419	0.073171968383	0.0321753644086	0.499967881789
-ine	0.0	1.0	0.0	0.0
-sea	0.0526315789474	0.78947368421	0.131578947368	0.0263157894737
-ing	0.178632786992	0.164365786393	0.027283883125	0.62971754349
-800	0.0	0.307692307693	0.0	0.692307692307
-807	0.0	0.833333333334	0.0	0.166666666667
-oum	0.0	0.836734693878	0.0	0.163265306122
-uia	0.346837537533	0.372450611469	0.261010752488	0.0197010985104
-seu	0.545930483592	0.348913356361	0.0321135578584	0.0730426021877
-set	0.0	1.0	0.0	0.0
-ses	0.0323932312651	0.966236905721	0.0013698630137	0.0
-ser	0.0	1.0	0.0	0.0
-sep	0.0102304942685	0.986071736719	0.00221866140762	0.00147910760508
-aos	0.952789699571	0.0171673819743	0.0257510729614	0.00429184549356
-aor	0.05	0.95	0.0	0.0
-kut	0.47421275893	0.475203583482	0.0247706137952	0.0258130437924
-kus	0.322866482663	0.519793354831	0.094263728254	0.0630764342523
-kup	0.133404032672	0.78477670012	0.0582216073096	0.0235976598987
-iam	0.114285714286	0.828571428571	0.0571428571429	0.0
-ial	0.884240091039	0.115759908961	0.0	0.0
-ian	0.327315398807	0.27658859405	0.0529853687869	0.343110638356
-iai	0.595508945959	0.203198233742	0.0627985711342	0.138494249165
-nes	0.0038111369892	0.988439551133	0.00724116027948	0.000508151598561
-nep	0.0677684232408	0.772684752105	0.048487683193	0.111059141461
-rso	0.0	0.961240310077	0.0387596899225	0.0
-nen	0.0673885147763	0.604489780188	0.00949919212025	0.318622512916
-iat	0.0522096825229	0.883345638646	0.0560067503428	0.00843792848855
-nem	0.149057841632	0.303772671813	0.042773321258	0.504396165297
-ias	0.0284783088056	0.929819849817	0.025574584643	0.0161272567339
-nei	0.0225116103116	0.0479044403334	0.00895136220673	0.920632587148
-kun	0.146432701575	0.476823161421	0.0742306589661	0.302513478038
-kum	0.612927191679	0.387072808321	0.0	0.0
-mta	0.119666166847	0.0952796085132	0.0402645557997	0.74478966884
-kuk	0.789217852408	0.155103844454	0.0437472381795	0.011931064958
-ogs	0.0	1.0	0.0	0.0
-kui	0.520405615903	0.421096772197	0.0240460495776	0.0344515623227
-aol	0.536528669471	0.151427938898	0.18386096967	0.128182421961
-ban	0.0557649811517	0.789808917197	0.142987131158	0.0114389704927
-eka	0.0169971671388	0.800283286119	0.0	0.182719546742
-peo	0.0	0.939078751857	0.051510648836	0.0094105993066
-bak	0.0847457627119	0.915254237288	0.0	0.0
-eke	0.266798418972	0.489130434783	0.118577075099	0.125494071146
-bai	0.563291139241	0.208860759494	0.0569620253164	0.170886075949
-912	0.0	0.0	0.0	1.0
-bab	0.0	1.0	0.0	0.0
-upu	0.281077348066	0.509668508287	0.167817679558	0.0414364640884
-bat	0.304795709334	0.451458660291	0.130954301667	0.112791328708
-bas	0.0177460943425	0.974063400576	0.00455028060064	0.00364022448051
-mom	0.0	1.0	0.0	0.0
-905	0.0	0.0	0.0	1.0
-ase	0.0	1.0	0.0	0.0
-asa	0.446631339894	0.513247539743	0.0287660862982	0.0113550340651
-aso	0.0518134715026	0.870466321244	0.0	0.0777202072539
-ada	0.0	1.0	0.0	0.0
-asi	0.0415913406321	0.0143199382578	0.00250496053719	0.941583760573
-930	0.0	0.0	0.0	1.0
-ast	0.0352369380316	0.931956257594	0.0328068043742	0.0
-lto	0.00719942404607	0.992800575954	0.0	0.0
-lta	0.394736842105	0.526315789474	0.0526315789473	0.0263157894737
-mbo	0.0377358490566	0.962264150943	0.0	0.0
-vpo	0.333545108005	0.3208386277	0.0876747141042	0.257941550191
-per	0.0	1.0	0.0	0.0
-rav	0.0700636942675	0.891719745223	0.0254777070063	0.0127388535032
-430	0.5	0.130434782609	0.0	0.369565217391
-rau	0.0	1.0	0.0	0.0
-rar	0.0131578947368	0.986842105263	0.0	0.0
-ras	0.197078097757	0.474598689353	0.251968977334	0.0763542355558
-rap	0.0496688741722	0.890176600442	0.0398454746137	0.0203090507726
-ran	0.226682408501	0.489964580874	0.0814639905549	0.201889020071
-rao	0.021919142718	0.969313200195	0.0029225523624	0.00584510472479
-ram	0.00584547610979	0.966452050152	0.0266858691969	0.00101660454083
-rak	0.483399030552	0.277164971789	0.198195810836	0.041240186823
-mer	0.054054054054	0.945945945946	0.0	0.0
-ero	0.00118006103764	0.99503560529	0.00378433367243	0.0
-era	0.0	1.0	0.0	0.0
-rad	0.0	1.0	0.0	0.0
-ere	0.233961786663	0.342844489434	0.0458053903581	0.377388333544
-pos	0.337925445705	0.577390599676	0.072528363047	0.0121555915721
-vet	0.0	1.0	0.0	0.0
-nro	0.0	1.0	0.0	0.0
-pok	0.184905378265	0.240674354517	0.0636173338826	0.510802933336
-pon	0.0320855614973	0.96256684492	0.0	0.00534759358289
-pol	0.856366221528	0.128489782263	0.00351278262566	0.0116312135828
-ugi	0.393939393939	0.380303030303	0.163636363636	0.0621212121212
-ike	0.193835870776	0.591719272187	0.063497957668	0.150946899369
-lag	0.250453720508	0.722323049002	0.02722323049	0.0
-119	0.0	0.0	0.0	1.0
-ika	0.480453972257	0.504413619168	0.00756620428752	0.00756620428751
-lal	0.25668253387	0.363603075796	0.0479677773709	0.331746612962
-lam	0.118978033066	0.851289704245	0.00994340910352	0.0197888535853
-lan	0.126250432239	0.773177559205	0.0635915318935	0.0369804766629
-nos	0.0	1.0	0.0	0.0
-not	0.330383480826	0.603539823009	0.0660766961652	0.0
-lai	0.187173523095	0.457894314164	0.0444076749169	0.310524487824
-iki	0.334321280379	0.592768227623	0.0640189685833	0.00889152341435
-lak	0.471202593809	0.0854441366185	0.0297619973341	0.413591272239
-lat	0.146694214876	0.692837465565	0.11914600551	0.0413223140496
-lau	0.19406541479	0.226303264306	0.127398576194	0.45223274471
-iku	0.712636695018	0.287363304982	0.0	0.0
-nok	0.440277777778	0.390277777778	0.111458333333	0.0579861111111
-lap	0.235537190083	0.714876033058	0.0495867768595	0.0
-nom	0.537634408602	0.236559139785	0.0645161290323	0.161290322581
-non	0.070996978852	0.759818731118	0.132930513595	0.036253776435
-las	0.175178626238	0.535236300563	0.212638386261	0.0769466869383
-noa	0.0	1.0	0.0	0.0
-nod	0.0	1.0	0.0	0.0
-nog	0.0	1.0	0.0	0.0
-dot	0.283049645638	0.38193922924	0.16752302743	0.167488097692
-gen	0.592249229286	0.274412874413	0.00244403948108	0.13089385682
-gel	0.773190792718	0.130850707115	0.0648927986746	0.0310657014931
-bon	0.0	1.0	0.0	0.0
-bok	0.0	1.0	0.0	0.0
-bot	0.259093019656	0.280451942424	0.416344219161	0.0441108187587
-bov	0.0	1.0	0.0	0.0
-bor	0.0	1.0	0.0	0.0
-bos	0.0	1.0	0.0	0.0
-don	0.0	0.997084548105	0.0	0.00291545189504
-ger	0.0	1.0	0.0	0.0
-180	0.0	0.0	0.0	1.0
-dom	0.0218579234973	0.978142076503	0.0	0.0
-dok	0.0847272514713	0.905858609476	0.00941413905236	0.0
-get	0.809603489443	0.127225554156	0.0244411438455	0.0387298125552
-sas	0.0967741935484	0.870967741935	0.0322580645161	0.0
-gla	0.127525640794	0.0943267671195	0.0111245771756	0.767023014911
-sap	0.379487179487	0.425274725275	0.110989010989	0.0842490842491
-sav	0.0	1.0	0.0	0.0
-sau	0.0131826741996	0.983050847458	0.00376647834275	0.0
-sat	0.0	1.0	0.0	0.0
-ton	0.697272880861	0.142244545486	0.130912805827	0.0295697678262
-403	0.0	0.888888888889	0.0	0.111111111111
-tol	0.111048972874	0.176644866461	0.234882536937	0.477423623728
-tok	0.966144499249	0.0184273111972	0.00220655559971	0.0132216339544
-mpa	0.150405840845	0.112778888118	0.0303870783538	0.706428192683
-ges	0.0212765957447	0.946808510638	0.031914893617	0.0
-tot	0.5	0.0	0.25	0.25
-sag	0.550549071749	0.0672674447235	0.125966415522	0.256217068006
-tos	0.666726780884	0.304779080252	0.0274120829576	0.00108205590622
-olo	0.199385391451	0.604055836607	0.112919825474	0.0836389464681
-sak	0.0680322831953	0.897141667074	0.0299666009313	0.00485944879967
-ola	0.30616204014	0.219639518888	0.12218263906	0.352015801912
-sai	0.320347694968	0.446394753999	0.152579878649	0.0806776723839
-vok	0.188716924613	0.613080379431	0.192211682476	0.00599101347977
-vol	0.351851851852	0.401234567901	0.0246913580247	0.222222222222
-san	0.240627878521	0.639409466113	0.0396680582913	0.0802945970743
-sam	0.0154505568937	0.734567355928	0.235125782473	0.0148563047055
-sal	0.783473483492	0.103560130628	0.0060151328078	0.106951253072
-rot	0.552270850537	0.2308835673	0.0323699421965	0.184475639967
-lok	0.511758303117	0.325801816539	0.0939995131591	0.0684403671841
-loi	0.456303458535	0.417255485311	0.0550390479733	0.0714020081815
-loe	0.072	0.88	0.032	0.016
-der	0.0	1.0	0.0	0.0
-187	0.0	0.0	0.0	1.0
-rod	0.0	1.0	0.0	0.0
-roe	0.0438186587224	0.916646932604	0.0174081552598	0.0221262534143
-rol	0.185293128573	0.378432911109	0.359825131712	0.0764488286066
-rom	0.0366972477064	0.834862385321	0.0183486238532	0.110091743119
-lot	0.156793287529	0.7773922461	0.0348429527843	0.030971513586
-lou	0.839285714286	0.160714285714	0.0	0.0
-iet	0.470588235294	0.411764705882	0.078431372549	0.0392156862745
-rok	0.503749228948	0.391028999992	0.0999606825066	0.00526108855301
-ipi	0.0119760479042	0.964071856287	0.0	0.0239520958084
-ipo	0.291146599531	0.0876391763978	0.0124592277019	0.608754996369
-sar	0.0502313284865	0.935888962326	0.0118968935889	0.00198281559815
-ipa	0.296072435981	0.114923855928	0.0226266665666	0.566377041524
-voi	0.0880102040816	0.102200255102	0.00733418367347	0.802455357143
-ave	0.0139009556907	0.982623805387	0.00173761946134	0.00173761946134
-oke	0.726141078838	0.124481327801	0.0622406639004	0.0871369294606
-830	0.0	0.8	0.0	0.2
-npo	0.450851458439	0.359298600573	0.0667678300455	0.123082110943
-nge	0.267716535433	0.661417322835	0.0144356955381	0.0564304461942
-ido	0.148148148148	0.617283950617	0.0123456790123	0.222222222222
-276	0.0	0.233333333333	0.0	0.766666666667
-pim	0.0	1.0	0.0	0.0
-aim	0.118406889128	0.83638320775	0.0129171151776	0.032292787944
-sto	0.0036617999155	0.993682389157	0.00245461313017	0.000201197797555
-ngi	0.702493074792	0.225484764543	0.0321329639889	0.0398891966759
-ste	0.0	0.9875	0.0125	0.0
-350	0.0	0.0	0.0	1.0
-tin	0.142857142857	0.785714285714	0.0	0.0714285714286
-ain	0.0757640844275	0.405680805238	0.117701303135	0.400853807199
-iuk	0.522073714054	0.211826650466	0.044957472661	0.221142162819
-209	0.0	0.5	0.0	0.5
-red	0.0	1.0	0.0	0.0
-200	0.0462427745665	0.456647398844	0.0867052023121	0.410404624277
-tik	0.128856624319	0.038112522686	0.800362976407	0.032667876588
-205	0.0	0.6	0.0	0.4
-207	0.0	1.0	0.0	0.0
-iok	0.0	1.0	0.0	0.0
-lei	0.590251332826	0.184310738766	0.029702970297	0.195734958111
-mug	1.0	0.0	0.0	0.0
-oit	0.731066460587	0.176197836167	0.0463678516229	0.0463678516229
-ois	0.0	1.0	0.0	0.0
-lem	0.000135556459265	0.999593330622	0.000271112918531	0.0
-len	0.0919878043841	0.736439319869	0.0201921908718	0.151380684875
-mum	0.458415193189	0.21763807029	0.305610128793	0.0183366077276
-mul	0.59393939394	0.2	0.181818181818	0.0242424242424
-mun	0.508308452491	0.33446455865	0.111038141983	0.0461888468766
-mui	0.546755530357	0.339544673316	0.0843260785686	0.0293737177583
-muk	0.275485436893	0.206310679612	0.0570388349515	0.461165048544
-leg	0.0	1.0	0.0	0.0
-mut	0.405602636535	0.438677024482	0.129943502825	0.0257768361582
-oia	0.0	1.0	0.0	0.0
-ibe	0.0178571428571	0.982142857143	0.0	0.0
-lep	0.769811320755	0.1	0.0283018867925	0.101886792453
-ler	0.0	1.0	0.0	0.0
-iop	0.0	0.726315789474	0.273684210526	0.0
-leu	0.550724637681	0.340579710145	0.0652173913043	0.0434782608695
-lev	0.255813953488	0.744186046512	0.0	0.0
-iot	0.0435916542474	0.909463487332	0.0447093889717	0.00223546944859
-alu	0.076379233144	0.893926896519	0.0188061178799	0.0108877524568
-gis	0.540665988683	0.372630316306	0.0719184333359	0.0147852616757
-ole	0.417563922872	0.308146139156	0.220512766087	0.053777171885
-gio	0.0	0.918032786885	0.0819672131147	0.0
-alo	0.0	0.928	0.048	0.024
-gim	0.147210465955	0.12638788109	0.0431200453559	0.6832816076
-gil	0.839921247918	0.099803119794	0.0416477358776	0.0186278964107
-gik	0.614880673842	0.157697707066	0.157229761348	0.0701918577445
-ndo	0.0	0.960784313725	0.0392156862745	0.0
-ali	0.591797605687	0.337152388078	0.0299289188178	0.0411210874174
-gig	0.0150892556416	0.0244526776692	0.00707308858201	0.953384978107
-gia	0.0	0.96644295302	0.0335570469798	0.0
-ala	0.329681002033	0.121723190399	0.0214739073667	0.527121900202
-lon	0.0312028183191	0.950679416205	0.00905888273781	0.00905888273782
-127	0.0	0.0	0.0	1.0
-120	0.0151515151515	0.121212121212	0.0	0.863636363636
-uva	0.0	1.0	0.0	0.0
-suk	0.451788796589	0.206628674467	0.12487013198	0.216712396965
-mla	0.0880064716515	0.0875570514037	0.0186759080786	0.805760568866
-gpa	0.566704675029	0.36259977195	0.0205245153934	0.0501710376283
-gpo	0.404417113648	0.178168556436	0.0612518065161	0.3561625234
-iel	0.0203728156672	0.963781661036	0.0113182309262	0.00452729237048
-318	0.25	0.25	0.5	0.0
-pel	0.0670926517572	0.726837060703	0.143769968051	0.0623003194888
-pen	0.0722755382626	0.256322751035	0.61700485822	0.0543968524818
-ien	0.103550768641	0.852024673208	0.0278052989869	0.0166192591646
-pei	0.581395348837	0.0581395348837	0.267441860465	0.0930232558139
-pet	0.0	1.0	0.0	0.0
-150	0.212121212121	0.0	0.0	0.787878787879
-153	0.0	0.0	0.0384615384615	0.961538461538
-eli	0.00634249471459	0.980972515856	0.0	0.0126849894292
-elo	0.00523359268693	0.979379644814	0.00460556156449	0.0107812009351
-ogo	0.0220866985331	0.143398714356	0.834514587111	0.0
-rko	0.031654676259	0.965467625899	0.00287769784172	0.0
-ori	0.0	1.0	0.0	0.0
-ela	0.664334824111	0.0687163740738	0.0106534944263	0.256295307389
-lso	0.00261780104712	0.31369982548	0.675392670157	0.00828970331589
-ele	0.143628580836	0.818439249259	0.022127099111	0.0158050707935
-ter	0.0	1.0	0.0	0.0
-esu	0.002592890695	0.956013461424	0.00280896491958	0.0385846829612
-ito	0.0296521573845	0.927580307926	0.0307926249762	0.011974909713
-tes	0.0825688073394	0.775229357798	0.142201834862	0.0
-eso	0.00290697674418	0.985465116279	0.00581395348837	0.00581395348837
-iti	0.857142857143	0.142857142857	0.0	0.0
-esa	0.0	1.0	0.0	0.0
-ite	0.0664071444928	0.103847034578	0.0337760476299	0.7959697733
-ese	0.162211756071	0.575570371277	0.203743348217	0.0584745244358
-ita	0.509595717893	0.0629696438695	0.0144970218155	0.412937616422
-spa	0.0	1.0	0.0	0.0
-105	0.25	0.25	0.0	0.5
-spo	0.0	1.0	0.0	0.0
-dup	0.0	1.0	0.0	0.0
-uda	0.021897810219	0.963503649635	0.00486618004866	0.00973236009733
-uon	0.0344827586207	0.965517241379	0.0	0.0
-gua	0.0210727153699	0.299839779354	0.14409856813	0.534988937146
-aba	0.20608776198	0.126549222286	0.441929544522	0.225433471212
-abo	0.0571428571428	0.942857142857	0.0	0.0
-ron	0.112442122255	0.410901704984	0.34934165294	0.127314519821
-vas	0.679062909568	0.12123197903	0.190858453473	0.00884665792922
-vap	0.0315093238117	0.596301513772	0.0175484409854	0.354640721431
-vat	0.655069985986	0.235175812205	0.0804864146604	0.0292677871492
-vau	0.180298237686	0.267058291911	0.507004066878	0.0456394035246
-kom	0.0	0.995991983968	0.00400801603206	0.0
-tui	0.110175829425	0.866950710335	0.00875932060028	0.0141141396391
-tuk	0.586380465258	0.3255095039	0.0353667637823	0.0527432670605
-koi	0.250235715633	0.303098874851	0.182978188447	0.26368722107
-ael	0.00539568345323	0.980997810447	0.0136065060995	0.0
-tun	0.582758922994	0.284176958566	0.0350947366114	0.0979693818285
-los	0.573673870334	0.376227897839	0.0353634577603	0.0147347740668
-som	0.367854183927	0.27091963546	0.217895608948	0.143330571665
-kot	0.531124583725	0.279651609598	0.102126206131	0.0870976005465
-tur	0.0	1.0	0.0	0.0
-kov	0.0431753710439	0.935012849813	0.0112046810668	0.0106070980765
-soi	0.5	0.4	0.0	0.1
-oro	0.149682949058	0.440574763909	0.0131862165254	0.396556070507
-tuv	0.0229674341574	0.950784069663	0.0262484961799	0.0
-kor	0.0	1.0	0.0	0.0
-vak	0.6	0.376470588235	0.0	0.0235294117647
-sog	0.304932735426	0.523168908819	0.0829596412556	0.0889387144993
-ora	0.191740412979	0.766961651917	0.023598820059	0.0176991150442
-ion	0.0334239130435	0.917798913043	0.0463315217391	0.00244565217391
-val	0.114875046595	0.0431370820023	0.018459195248	0.823528676155
-ore	0.297504798464	0.547024952015	0.0518234165067	0.103646833013
-tna	0.2	0.8	0.0	0.0
-gme	0.464480874317	0.426229508197	0.0546448087431	0.0546448087432
-lit	0.402484466085	0.553050601669	0.0153258360784	0.0291390961678
-liu	0.37189347486	0.110737969946	0.101607672049	0.415760883145
-liv	0.090909090909	0.772727272727	0.0	0.136363636364
-lip	0.46875	0.45	0.075	0.00625000000001
-rut	0.305699481865	0.581606217617	0.0621761658031	0.050518134715
-lis	0.689343751527	0.22668458875	0.0182207076215	0.0657509521008
-ruk	0.369684162216	0.367232043748	0.204370713992	0.0587130800438
-omi	0.294980694981	0.663320463321	0.0277992277992	0.0138996138996
-rui	0.430088815409	0.218371524092	0.323210457089	0.0283292034102
-omo	0.0694311482844	0.381065148385	0.141583110798	0.407920592533
-rul	0.0509962049336	0.819141366224	0.092504743833	0.0373576850095
-lik	0.308540292808	0.285610100448	0.166205453482	0.239644153261
-oma	0.0155440414508	0.984455958549	0.0	0.0
-lia	0.00666666666667	0.913333333333	0.08	0.0
-ome	0.0557339449541	0.695412844037	0.242660550459	0.00619266055046
-eas	0.0	1.0	0.0	0.0
-ear	0.0	1.0	0.0	0.0
-eat	0.0322927879441	0.220667384284	0.256189451023	0.490850376749
-147	0.0	0.0	0.0	1.0
-dut	0.651904316451	0.146224776159	0.0121341707871	0.189736736603
-lne	0.0	1.0	0.0	0.0
-144	0.0711009174311	0.151376146789	0.0	0.77752293578
-abi	0.0357917570499	0.898318872017	0.0	0.0658893709328
-oda	0.0	1.0	0.0	0.0
-rne	0.0941176470588	0.764705882353	0.0235294117647	0.117647058824
-ode	0.076923076923	0.923076923077	0.0	0.0
-rna	0.0130718954248	0.986928104575	0.0	0.0
-eai	0.586206896551	0.334428024084	0.0164203612479	0.0629447181171
-odo	0.4568288854	0.464678178964	0.0235478806908	0.0549450549451
-uri	0.0332820286189	0.912954694381	0.0358421846665	0.0179210923333
-res	0.351863753213	0.498714652956	0.141709511568	0.00771208226221
-uro	0.0031007751938	0.990697674419	0.0062015503876	0.0
-rge	0.0	0.986842105263	0.0	0.0131578947368
-162	0.0	0.2	0.0	0.8
-aip	0.463133640553	0.301843317972	0.165898617511	0.0691244239631
ALL	0.24635670137	0.289250435891	0.0541766658759	0.410216196863
-gta	0.435170178282	0.285791464074	0.0734737979471	0.205564559697
-gte	0.385245901639	0.16393442623	0.270491803279	0.180327868852
-vam	0.149847094801	0.844036697248	0.00611620795108	0.0
-nio	0.0839978386522	0.406759124327	0.47692106168	0.032321975341
-pai	0.252296402417	0.582787483933	0.0288442351702	0.13607187848
-tor	0.0	1.0	0.0	0.0
-pak	0.0268907563025	0.885154061625	0.0787114845939	0.00924369747899
-pal	0.0481161890558	0.682365683037	0.0566563687369	0.21286175917
-pan	0.217412451362	0.385457198444	0.354328793774	0.0428015564202
-tug	0.08125	0.7875	0.025	0.10625
-pad	0.0	1.0	0.0	0.0
-apo	0.492163532248	0.0474450686087	0.0121674040481	0.448223995095
-pag	0.225923244026	0.509920347574	0.232874728458	0.0312816799421
-kol	0.581230927654	0.348972133968	0.0393816478507	0.0304152905276
-pap	0.496984318456	0.171290711701	0.0989143546441	0.232810615199
-par	0.162162162162	0.783783783784	0.054054054054	0.0
-pas	0.143714503069	0.844008378578	0.00722183432508	0.00505528402755
-pat	0.557718314615	0.253923343122	0.0585885906263	0.129769751636
-dum	0.0425531914894	0.957446808511	0.0	0.0
-dun	0.521739130435	0.29347826087	0.0652173913043	0.119565217391
-num	0.574486609823	0.306998318722	0.103954005044	0.0145610664105
-nuk	0.603955048814	0.193136501971	0.134971710176	0.0679367390381
-ini	0.349083006816	0.526703104936	0.0831714464456	0.041042441803
-ken	0.515625	0.328125	0.0625	0.09375
-kem	0.035413153457	0.935919055649	0.0286677908937	0.0
-kel	0.0472193074502	0.93074501574	0.01259181532	0.00944386149003
-kek	0.118774602941	0.436707575716	0.332028035477	0.112489785866
-sur	0.0	1.0	0.0	0.0
-kei	0.0200711571315	0.118055237916	0.0502107432634	0.811662861689
-tum	0.371289800324	0.327576902321	0.25580140313	0.0453318942256
-kev	0.124611559975	0.262585456805	0.465817277812	0.146985705407
-sum	0.704873646209	0.189530685921	0.0731046931408	0.0324909747292
-sul	0.554942020983	0.261181667587	0.102705687465	0.0811706239647
-kes	0.15625	0.84375	0.0	0.0
-kok	0.654028436019	0.336492890995	0.0	0.00947867298577
-sui	0.907421360672	0.0567817733529	0.00738587330976	0.0284109926649
-kep	0.515759312321	0.484240687679	0.0	0.0
-sug	0.25	0.642857142857	0.107142857143	0.0
-sor	0.0	1.0	0.0	0.0
-nim	0.0261496514732	0.0622601088994	0.0145659036135	0.897024336014
-600	0.0342465753425	0.191780821918	0.157534246575	0.616438356165
-sua	0.299242424242	0.640151515152	0.0	0.060606060606
-slu	0.0	1.0	0.0	0.0
-dia	0.0199795081967	0.980020491803	0.0	0.0
-sol	0.521613136924	0.286404250181	0.134025597682	0.0579570152138
-dim	0.040197461213	0.701692524683	0.0105782792666	0.247531734838
-dio	0.0	0.987012987013	0.012987012987	0.0
-via	0.0	1.0	0.0	0.0
-dik	0.27779540554	0.188843110436	0.447230468396	0.0861310156279
-dit	0.0	1.0	0.0	0.0
-son	0.0952534711011	0.893445269616	0.00645786244753	0.00484339683565
-sli	0.0	1.0	0.0	0.0
-vag	0.0933333333334	0.893333333333	0.0133333333333	0.0
-ska	0.035294117647	0.917647058824	0.00588235294117	0.0411764705882
-ovo	0.148592506679	0.724585737781	0.102579216063	0.0242425394773
-sed	0.0	1.0	0.0	0.0
-sok	0.785611066084	0.115335672974	0.0737609349263	0.0252923260158
-uku	0.0187363991801	0.910909550597	0.0626743839562	0.00767966626636
-ven	0.316863391525	0.49741092785	0.11695178659	0.0687738940349
-vel	0.878571428572	0.0839285714285	0.0375	0.0
-vek	0.12191423996	0.131719591137	0.0204158599792	0.725950308924
-sko	0.00526315789474	0.994736842105	0.0	0.0
-vei	0.215729522313	0.0620600054385	0.0357736350727	0.686436837176
-uka	0.651671212234	0.254755485496	0.0170437086277	0.0765295936419
-uke	0.107547918793	0.27081773846	0.0664625155949	0.555171827152
-lua	0.232091690544	0.647564469914	0.103151862464	0.0171919770774
-uko	0.204724409449	0.700787401575	0.0944881889764	0.0
-kla	0.0	1.0	0.0	0.0
-tit	0.0	1.0	0.0	0.0
-tiu	0.907742998353	0.0576606260296	0.0148270181219	0.0197693574959
-vai	0.328401885872	0.566737115916	0.0365794179808	0.0682815802308
-tip	0.140235910878	0.727391874181	0.0851900393184	0.0471821756225
-ngu	0.531914893617	0.329787234043	0.095744680851	0.0425531914893
-ais	0.249287749288	0.62962962963	0.115384615385	0.00569800569801
-tis	0.255516243165	0.594724991959	0.126600192988	0.0231585718881
-van	0.0	0.526315789474	0.452631578947	0.021052631579
-nga	0.230285462637	0.580715745691	0.0886878747824	0.100310916889
-aig	0.249930467067	0.663137196562	0.0733491588132	0.013583177558
-aia	0.00380011400342	0.902597077912	0.0886626598798	0.00494014820445
-tia	0.0453514739229	0.902494331066	0.047619047619	0.00453514739229
-til	0.229691876751	0.726890756303	0.0266106442577	0.0168067226891
-ail	0.325222551929	0.502077151335	0.126409495549	0.0462908011869
-aio	0.00494498582308	0.969144643255	0.0231330501176	0.00277732080475
-tio	0.0200803212851	0.947791164659	0.0240963855422	0.00803212851405
-dav	0.0	1.0	0.0	0.0
-mpo	0.0444552358197	0.0272276328059	0.0122624449218	0.916054686453
-ngo	0.764809011481	0.143012158612	0.0505140609986	0.0416647689086
-eme	0.0800000000001	0.38	0.54	0.0
-gun	0.726315789474	0.189473684211	0.0222222222222	0.0619883040936
-ema	0.0	1.0	0.0	0.0
-emo	0.0	1.0	0.0	0.0
-260	0.0932203389831	0.131355932203	0.0254237288135	0.75
-gag	0.0485812460045	0.624037455687	0.0814167199395	0.245964578369
-das	0.0135043889264	0.981093855503	0.000900292595092	0.00450146297547
-dal	0.777456647399	0.202312138728	0.00867052023122	0.0115606936416
-ana	0.07213483607	0.213046578093	0.0146503295939	0.700168256244
-ker	0.0	1.0	0.0	0.0
-inu	0.378531073446	0.207156308851	0.277777777778	0.136534839925
-tni	0.125364431487	0.857142857143	0.00583090379008	0.0116618075802
-gev	0.0	0.714285714286	0.285714285714	0.0
-rus	0.0	1.0	0.0	0.0
-895	0.0	0.0	0.666666666667	0.333333333333
-ane	0.0684403064603	0.0159854285963	0.00682397864723	0.908750286296
-rsa	0.0	1.0	0.0	0.0
-000	0.10405071557	0.102886250441	0.0140037783779	0.779059255611
-atu	0.41864258107	0.437926591925	0.0289876922234	0.114443134782
-ete	0.103851133288	0.280698494112	0.0355875192804	0.57986285332
-eto	0.0235602094241	0.94502617801	0.0104712041885	0.020942408377
-buk	0.456910423918	0.273350071784	0.0530753420563	0.216664162241
-bui	0.425342862662	0.412594166506	0.0983194900521	0.0637434807803
-bul	0.0317012241754	0.962534916884	0.00576385894098	0.0
-lim	0.23275862069	0.685344827586	0.00862068965519	0.0732758620689
-aot	0.567295301074	0.286825187596	0.0304498626626	0.115429648667
-kau	0.0975609756098	0.867849223947	0.019955654102	0.0146341463415
-bue	0.0615384615385	0.876923076923	0.0307692307692	0.0307692307692
-300	0.157142857143	0.192857142857	0.207142857143	0.442857142857
-tem	0.105263157895	0.410526315789	0.484210526316	0.0
-lio	0.0239808153477	0.940047961631	0.0143884892086	0.021582733813
-ata	0.427426230723	0.157251376664	0.0134784084136	0.4018439842
-ato	0.435668812399	0.494461882215	0.0305722544378	0.0392970509479
-sil	0.627659574468	0.308510638298	0.0425531914894	0.0212765957447
-ati	0.44474393531	0.280323450135	0.0323450134771	0.242587601078
-kak	0.328755722014	0.550561797753	0.0838237916889	0.0368586885441
-nis	0.651331719128	0.185230024213	0.123486682809	0.0399515738499
-kai	0.230989048701	0.512178533765	0.073487937835	0.183344479699
-uli	0.139531928475	0.191217262989	0.0349285043423	0.634322304194
-osa	0.0	1.0	0.0	0.0
-kan	0.219353127483	0.380549103986	0.153945230715	0.246152537817
-kam	0.0474069606293	0.128563694038	0.0191378616717	0.804891483661
-kal	0.517477045356	0.331432697085	0.140318344262	0.0107719132969
-ner	0.0	1.0	0.0	0.0
-oso	0.480919718478	0.270398425385	0.173350829059	0.0753310270786
-rum	0.277777777778	0.465465465466	0.211711711712	0.045045045045
-kag	0.0264018507551	0.0432231846175	0.0132009253776	0.91717403925
-ule	0.89087266339	0.0667179881961	0.0128303823454	0.0295789660686
-nia	0.0895721121065	0.0918570310207	0.0054476691346	0.813123187738
-iak	0.053388090349	0.946611909651	0.0	0.0
-kas	0.216028076689	0.496272877571	0.251152942541	0.0365461031992
-nik	0.111792436716	0.605079766337	0.24110955488	0.0420182420661
-kap	0.130238661527	0.799475108669	0.0387927499385	0.0314934798655
-kav	0.0	1.0	0.0	0.0
-nil	0.0	1.0	0.0	0.0
-ulu	0.465361445783	0.51656626506	0.0180722891566	0.0
