kud-	0.536454808343	0.182058696856	0.104903710084	0.176582784717
gêd-	0.0820512820513	0.815384615385	0.0461538461538	0.0564102564102
tut-	0.194186674523	0.202520119444	0.0311109325692	0.572182273464
siu-	0.25	0.0914634146341	0.109756097561	0.548780487805
wav-	0.659367150391	0.055011249866	0.0460411185581	0.239580481185
isi-	0.0	0.996363636364	0.0	0.00363636363636
del-	0.119878090078	0.645106671182	0.134778191669	0.100237047071
son-	0.24709042077	0.601611459266	0.0322291853178	0.119068934646
dok-	0.0	0.874446085672	0.125553914328	0.0
nzo-	0.13609296253	0.688387497859	0.0134093311774	0.162110208434
dib-	0.145744735721	0.657027794222	0.105400139033	0.0918273310233
fal-	0.0	1.0	0.0	0.0
ngî-	0.0953029271613	0.673247106876	0.231449965963	0.0
nîn-	0.0960698689957	0.339155749636	0.08442503639	0.480349344978
wôk-	0.416666666667	0.469298245614	0.0921052631578	0.0219298245614
suê-	0.549213322334	0.309274149464	0.0985856698439	0.0429268583583
kul-	0.544268771028	0.173243257227	0.0756365575026	0.206851414242
bêl-	0.54039768281	0.0600805111197	0.0626098183923	0.336911987678
dim-	0.123151728525	0.51043690733	0.047044960949	0.319366403196
tum-	0.541327217272	0.248656138758	0.0382014955682	0.171815148402
nuê-	0.508285125993	0.403470928522	0.0529463672909	0.0352975781939
eno-	0.018691588785	0.981308411215	0.0	0.0
diâ-	0.191510374429	0.112197170421	0.0445601368855	0.651732318265
gul-	0.543574593796	0.25258493353	0.124076809453	0.07976366322
baf-	0.237246414396	0.353418780419	0.315105052415	0.09422975277
amô-	0.0	1.0	0.0	0.0
lis-	0.0050505050505	0.983164983165	0.0117845117845	0.0
dzâ-	0.0177514792899	0.168639053254	0.813609467456	0.0
viz-	0.641509433962	0.0377358490566	0.0377358490566	0.283018867925
aba-	0.0364583333333	0.916666666667	0.0	0.046875
san-	0.0247626908791	0.839455220801	0.0619067271977	0.0738753611226
yal-	0.438762253455	0.260422817999	0.14019133105	0.160623597496
sak-	0.416137563998	0.410128036106	0.132727258021	0.041007141875
tsô-	0.542372881356	0.254237288136	0.0	0.203389830508
sîk-	0.570699708455	0.298104956268	0.0546647230321	0.0765306122449
yaz-	0.443629086057	0.371136313098	0.129197242606	0.0560373582388
bap-	0.113298627544	0.812683388547	0.0433506862282	0.030667297681
rôm-	0.0	0.677178357974	0.322821642026	0.0
jas-	0.0550458715596	0.793577981651	0.151376146789	0.0
bôz-	0.0555555555556	0.944444444444	0.0	0.0
nun-	0.0638477801269	0.706553911205	0.219450317125	0.0101479915433
tse-	0.298818045613	0.405693357749	0.283835525221	0.0116530714167
yôb-	0.0458015267176	0.954198473282	0.0	0.0
kat-	0.441113278334	0.136639875152	0.0210274401701	0.401219406344
sun-	0.194102341717	0.0992194275802	0.12211621856	0.584562012142
zin-	0.186198920586	0.712413261372	0.0632228218967	0.038164996145
kân-	0.14350742181	0.542167382218	0.0195687599861	0.294756435986
mil-	0.390502535731	0.34542065067	0.127969210416	0.136107603183
dis-	0.0909326648803	0.804074106088	0.0794652375601	0.0255279914715
yin-	0.460720770173	0.367109318921	0.135593041422	0.0365768694844
kiê-	0.120393199281	0.475517987836	0.0163579553232	0.387730857559
mâl-	0.0949286209793	0.738836759283	0.013216984921	0.153017634817
kik-	0.378375006313	0.478542846873	0.0690956512957	0.0739864955188
zêt-	0.0126382306477	0.169826224329	0.0	0.817535545024
sod-	0.0369230769231	0.963076923077	0.0	0.0
mûn-	0.0252553969486	0.670335912263	0.0139176948122	0.290490995976
mut-	0.118343195266	0.0236686390533	0.680473372781	0.177514792899
bay-	0.285922627253	0.511739169757	0.0458451369889	0.156493066001
gôn-	0.510499550902	0.377219196698	0.04418526223	0.0680959901699
nka-	0.171611387921	0.28694042654	0.0637682980461	0.477679887493
ked-	0.417095338455	0.0486595998276	0.00310037691725	0.5311446848
mîe-	0.198473282443	0.236641221374	0.473282442748	0.0916030534351
paf-	0.0	1.0	0.0	0.0
zân-	0.0703115361352	0.131448208208	0.0122171033429	0.786023152314
dek-	0.0	0.493333333333	0.12	0.386666666667
kum-	0.591661494254	0.203395144006	0.0511211305742	0.153822231166
bik-	0.382801601529	0.466822110745	0.0883467873056	0.0620295004204
nor-	0.0	0.976923076923	0.00769230769231	0.0153846153846
nen-	0.0928726038277	0.144525592912	0.690658236915	0.0719435663453
ful-	0.39942005676	0.20910157182	0.2415206659	0.14995770552
m'n-	0.111272470367	0.551429373089	0.213578540468	0.123719616076
lên-	0.140670506341	0.271128002194	0.203868406274	0.384333085191
lui-	0.608791208791	0.312087912088	0.0527472527473	0.0263736263736
niâ-	0.366085578447	0.557844690967	0.0095087163233	0.066561014263
tâm-	0.568709288696	0.0979431956367	0.0398226201816	0.293524895485
izâ-	0.0	0.995793901157	0.00420609884333	0.0
yoz-	0.00772727272727	0.962272727273	0.00409090909091	0.0259090909091
dzu-	0.547530536378	0.301115241636	0.0557620817844	0.0955921402018
kam-	0.50115287574	0.145264956679	0.029964453985	0.323617713597
zên-	0.240861633943	0.10219686204	0.0329891824483	0.623952321568
vum-	0.474543653062	0.23259403224	0.129949315956	0.162912998742
biy-	0.126289410281	0.204566381511	0.217486623862	0.451657584346
sin-	0.072332474465	0.773081663648	0.135629538948	0.0189563229385
kim-	0.141940651902	0.525341115801	0.0778048404518	0.254913391845
kêk-	0.44901742677	0.268631813126	0.0674823878384	0.214868372266
mîk-	0.0618164526867	0.863290537328	0.0748930099857	0.0
mpô-	0.0385852090032	0.765273311897	0.186495176849	0.00964630225082
ewo-	0.208	0.08	0.024	0.688
yiz-	0.757899368909	0.0752586614005	0.0565083930795	0.110333576611
mvî-	0.335964912281	0.319883040936	0.302631578947	0.0415204678362
ngô-	0.0621884361716	0.863545403953	0.0427693509999	0.031496808876
yât-	0.252766195086	0.127319434103	0.0340878629933	0.585826507818
maw-	0.186181347387	0.715063731578	0.0229032609881	0.0758516600466
kem-	0.736842105263	0.197368421053	0.0	0.0657894736842
êki-	0.307692307692	0.301538461538	0.0984615384615	0.292307692308
lom-	0.479747434552	0.45028939791	0.0111052646887	0.0588579028501
yib-	0.454545076889	0.182002855838	0.146751266754	0.216700800518
mâk-	0.121947612622	0.0677486736787	0.0332735641532	0.777030149546
wêd-	0.400809716599	0.502024291498	0.0	0.0971659919028
gen-	0.362655153805	0.243119266055	0.285213167836	0.109012412304
saw-	0.150326797386	0.748366013072	0.00326797385621	0.0980392156863
ake-	0.0	0.992277992278	0.00772200772199	0.0
fûn-	0.500668427825	0.231234547737	0.0412550024067	0.226842022031
mfi-	0.371157281188	0.597254865094	0.0180502021247	0.0135376515935
nza-	0.0758431667921	0.800715541049	0.0696711021843	0.0537701899741
kid-	0.299443138799	0.50687104206	0.109404123783	0.0842816953587
mar-	0.00093023255814	0.999069767442	0.0	0.0
mêd-	0.0	1.0	0.0	0.0
bâl-	0.0209670112303	0.920093222558	0.0235072452832	0.0354325209289
tât-	0.00830332226798	0.949336675205	0.000979422023746	0.0413805805033
luf-	0.214859151052	0.667877399757	0.0550648087308	0.0621986404606
alf-	0.0	0.956978967495	0.0430210325048	0.0
swê-	0.973684210526	0.0263157894737	0.0	0.0
wât-	1.0	0.0	0.0	0.0
vîn-	0.0734243728959	0.890446173774	0.0125870353536	0.0235424179761
bed-	0.463968180934	0.0472419190475	0.00267780008097	0.486112099937
mfî-	0.431636192352	0.406500235516	0.035969682696	0.125893889436
muô-	0.5	0.0	0.0	0.5
zer-	0.00533166818771	0.992843076036	0.000288198280417	0.00153705749556
seg-	0.392236211031	0.460881294964	0.0974220623502	0.0494604316547
lôn-	0.232068855594	0.604551565467	0.0439079153442	0.119471663594
nôn-	0.638642059695	0.0815675552518	0.174982911825	0.104807473229
mâz-	0.237142857143	0.734285714286	0.0285714285714	0.0
fol-	0.0	1.0	0.0	0.0
lin-	0.0	1.0	0.0	0.0
tso-	0.620221360448	0.240699100961	0.0119644030522	0.12711513554
epa-	0.0	0.995597945708	0.00440205429201	0.0
kiu-	0.0816326530612	0.918367346939	0.0	0.0
bwa-	0.630630630631	0.207207207207	0.0540540540541	0.108108108108
bâb-	0.367578729995	0.212700051626	0.113061435209	0.30665978317
asi-	0.0	1.0	0.0	0.0
gun-	0.682704565844	0.189810661504	0.0571320647811	0.0703527078711
nan-	0.142165939908	0.0419401469446	0.00527567050953	0.810618242638
tet-	0.755813953488	0.209302325581	0.0348837209302	0.0
dîm-	0.106306892068	0.834362808843	0.0234070221066	0.0359232769831
mpe-	0.0885630093351	0.0119097570043	0.035682289723	0.863844943938
nsê-	0.154358706207	0.749323971017	0.0803167251812	0.0160005975947
kib-	0.186687259877	0.548971915484	0.154265211133	0.110075613506
miw-	0.0	1.0	0.0	0.0
kôs-	0.0	1.0	0.0	0.0
eyo-	0.186046511628	0.660465116279	0.0976744186047	0.0558139534884
wul-	0.495291045313	0.244619841029	0.153315688051	0.106773425607
mue-	0.297611362169	0.435119431892	0.0697224015494	0.19754680439
mîr-	0.0	0.93063583815	0.0693641618497	0.0
nsu-	0.175228635298	0.616927803261	0.117522321266	0.0903212401754
tol-	0.373089188355	0.396234955251	0.0327126838803	0.197963172513
mel-	0.0	0.993031358885	0.0	0.00696864111498
kri-	0.00348841524512	0.991019186284	0.0022266480288	0.00326575044224
yôl-	0.439862542956	0.218499427262	0.215922107675	0.125715922108
kaf-	0.473418035498	0.291629919524	0.0538804982913	0.181071546687
m'g-	0.392715002596	0.44830420488	0.0261723481571	0.132808444368
mir-	0.0130718954248	0.986928104575	0.0	0.0
yêz-	0.00410751435467	0.92913372722	0.00235666139635	0.0644020970292
juî-	0.0284360189574	0.820336062042	0.133132270573	0.0180956484274
ngâ-	0.149163587825	0.141266956748	0.0130317841251	0.696537671301
tsw-	0.364705882353	0.117647058824	0.517647058823	0.0
dio-	0.109946079969	0.0651222535885	0.00739346686382	0.817538199579
yom-	0.612244897959	0.387755102041	0.0	0.0
bab-	0.288242713886	0.238196088184	0.121858422288	0.351702775641
ita-	0.0	0.965909090909	0.0340909090909	0.0
pûm-	0.343664289632	0.579539221064	0.0767964893033	0.0
mvû-	0.185180461676	0.725885303745	0.0407260978617	0.0482081367173
siy-	0.0148662041625	0.967294350842	0.0	0.017839444995
njî-	0.334833483348	0.506750675068	0.021602160216	0.136813681368
zuî-	0.3	0.5	0.1	0.1
yûd-	0.589584624923	0.38065716057	0.00185988840669	0.0278983261005
kom-	0.340802987862	0.466230936819	0.125531694159	0.0674343811599
vûv-	0.454545454545	0.0909090909091	0.393939393939	0.0606060606061
ata-	0.0	1.0	0.0	0.0
sûe-	0.3127874885	0.547378104876	0.0551977920884	0.0846366145354
atê-	0.0	1.0	0.0	0.0
ali-	0.00489995916701	0.97917517354	0.0110249081258	0.00489995916701
tua-	0.523438269754	0.325121221587	0.07014395653	0.081296552129
zam-	0.419337887546	0.476329240912	0.0321024220131	0.0722304495295
ntû-	0.162642521797	0.570478426112	0.190308517773	0.076570534317
mip-	0.886363636364	0.113636363636	0.0	0.0
nsâ-	0.144396521855	0.480901800885	0.187032073333	0.187669603927
pôn-	0.0	1.0	0.0	0.0
sîn-	0.563351351351	0.178	0.0848108108108	0.173837837838
tûk-	0.160284433483	0.069299074631	0.0250420737162	0.74537441817
sab-	0.408907901359	0.462757926522	0.0352289884248	0.093105183694
aki-	0.0	1.0	0.0	0.0
nin-	0.633098121753	0.28966728993	0.0214227325259	0.0558118557912
zow-	0.0	1.0	0.0	0.0
miê-	0.126235132192	0.259639680355	0.0275272704862	0.586597916966
êbu-	0.746924428822	0.0738137082601	0.0421792618629	0.137082601054
gêk-	0.26968973747	0.0644391408114	0.618138424821	0.0477326968974
tuw-	0.675220866639	0.109521806198	0.0469779834525	0.168279343711
sir-	0.0186818889466	0.981318111053	0.0	0.0
wêy-	0.492125984252	0.507874015748	0.0	0.0
lîk-	0.0	1.0	0.0	0.0
mab-	0.154205642045	0.715607079943	0.0739463018648	0.0562409761473
baw-	0.757392220201	0.132811537059	0.0258874682053	0.0839087745343
and-	0.0	0.997101449275	0.00289855072464	0.0
ALL	0.23258760575	0.340907866223	0.0629859657036	0.363518562323
ana-	0.00520833333333	0.989583333333	0.00520833333334	0.0
zed-	0.508235958848	0.18079087178	0.141066790134	0.169906379239
lâs-	0.138554216867	0.740963855422	0.0722891566265	0.0481927710843
bie-	0.510129767921	0.17945796418	0.0781426654254	0.232269602474
nkô-	0.103696371231	0.747096743041	0.0704990463314	0.0787078393973
per-	0.0	0.992012779553	0.0	0.00798722044728
nef-	0.0	0.989189189189	0.0108108108108	0.0
sok-	0.743494423792	0.211895910781	0.0446096654275	0.0
suz-	0.0	1.0	0.0	0.0
kui-	0.419787530851	0.0803734306256	0.015130378796	0.484708659727
big-	0.1930271368	0.689110671376	0.0604877663704	0.0573744254543
ba--	0.0193182161297	0.936803647453	0.0271385005586	0.0167396358586
zor-	0.0	1.0	0.0	0.0
nke-	0.172338169997	0.616931221906	0.15802327522	0.0527073328773
tel-	0.607668939041	0.140266867318	0.0218628702513	0.23020132339
sob-	0.56639659173	0.211837650728	0.146829472403	0.0749362851382
niô-	0.39780521262	0.437585733882	0.0987654320987	0.0658436213991
lid-	0.0245231607629	0.975476839237	0.0	0.0
zim-	0.59179802772	0.191554942808	0.136379679135	0.0802673503373
div-	0.439544807966	0.204836415363	0.121384542437	0.234234234234
yed-	0.639770806937	0.0820763054103	0.0549406254896	0.223212262163
gas-	0.0952380952381	0.904761904762	0.0	0.0
tîr-	0.00348432055749	0.996515679443	0.0	0.0
fit-	0.537549407115	0.256916996047	0.205533596838	0.0
far-	0.0183798502383	0.97957794418	0.00204220558203	0.0
tsû-	0.0176991150442	0.16814159292	0.761061946903	0.0530973451328
bâk-	0.201884654381	0.116717361484	0.043836106638	0.637561877497
kîo-	0.186513629842	0.490674318508	0.06456241033	0.25824964132
mal-	0.112210411667	0.565942493135	0.0864298880024	0.235417207196
lum-	0.153149082826	0.59644185684	0.027143191179	0.223265869155
yik-	0.53880605227	0.254976616231	0.104759284732	0.101458046768
lev-	0.0612442507867	0.874848704914	0.0566448801743	0.00726216412491
sed-	0.0591133004926	0.940886699507	0.0	0.0
tês-	0.197206644612	0.511870433598	0.102570453058	0.188352468732
ken-	0.546211702895	0.189465414216	0.053253695438	0.211069187451
adi-	0.0140186915888	0.873831775701	0.11214953271	0.0
ami-	0.0	1.0	0.0	0.0
têz-	0.205079962371	0.464722483537	0.0931326434619	0.23706491063
m'y-	0.108792184725	0.83973141408	0.0340480908428	0.0174283103523
vûd-	0.147849462366	0.563172043011	0.282258064516	0.00672043010753
ome-	0.0153452685422	0.938618925831	0.0460358056266	0.0
asê-	0.0	1.0	0.0	0.0
tek-	0.637557959815	0.237221240892	0.0481618458821	0.0770589534113
amb-	0.346778160354	0.141006722414	0.01246105919	0.499754058042
kub-	0.510924000798	0.207848336355	0.0772759256947	0.203951737153
tsa-	0.494596882625	0.378317812858	0.0703152233455	0.0567700811713
nsi-	0.0664344918452	0.747663186455	0.0360700169069	0.149832304793
len-	0.204911890703	0.149619543823	0.199750839412	0.445717726062
nkê-	0.112120664314	0.741607652343	0.0954184973551	0.0508531859875
muâ-	0.0607843672739	0.76338968636	0.0286994309183	0.147126515448
nze-	0.0982808560854	0.355401491176	0.321032022743	0.225285629995
tal-	0.163321821978	0.0619328377508	0.0132858788277	0.761459461444
wet-	0.22746185853	0.106796116505	0.0221914008322	0.643550624133
ndû-	0.0288075566	0.866372792366	0.0833599302293	0.0214597208047
mez-	0.0192926045016	0.961414790997	0.0	0.0192926045016
bin-	0.129729330373	0.733875000947	0.0885577294668	0.047837939213
kos-	0.09375	0.857638888889	0.0486111111111	0.0
lem-	0.364425914158	0.0634879080556	0.0609108657514	0.511175312035
rod-	0.0	1.0	0.0	0.0
kis-	0.140080538875	0.721524250744	0.0932878889462	0.0451073214352
m'k-	0.104941294729	0.665431316795	0.0762426057545	0.153384782722
mua-	0.258211234203	0.367791819629	0.0647152464183	0.30928169975
zat-	0.380828951319	0.419893840022	0.0902387359967	0.109038472663
mîv-	0.106832298137	0.766459627329	0.0111801242236	0.115527950311
wan-	0.681350762458	0.167859776028	0.0458426158783	0.104946845636
pon-	0.0701754385965	0.894736842105	0.0	0.0350877192982
dîn-	0.615929378751	0.152566009932	0.0249885548286	0.206516056488
sôn-	0.548569285882	0.194232655491	0.104445202389	0.152752856238
ged-	0.336705120191	0.367676308462	0.0950161959424	0.200602375405
tôm-	0.741859552766	0.167778213678	0.039754151955	0.0506080816006
sik-	0.421167569781	0.277703866603	0.215739025915	0.0853895377011
bui-	0.357287449393	0.531376518219	0.00809716599192	0.103238866397
gol-	0.0844155844156	0.831818181818	0.0603896103896	0.0233766233766
ben-	0.208231924013	0.184340606087	0.0386073359323	0.568820133968
wîs-	0.525002104554	0.273592053203	0.0997558717065	0.101649970536
mfû-	0.352003983072	0.344535723177	0.116753796365	0.186706497386
kia-	0.101407788175	0.0423529101547	0.0269878602582	0.829251441412
tsâ-	0.657514744763	0.193613992272	0.0780964002441	0.0707748627212
mpa-	0.391685866046	0.323583011697	0.0871009800944	0.197630142162
mbê-	0.144057336494	0.491442280528	0.305066949482	0.0594334334969
fiy-	0.315618221258	0.287418655098	0.0455531453362	0.351409978308
amp-	0.0	1.0	0.0	0.0
bun-	0.167141233948	0.442204898624	0.303479500056	0.0871743673723
wây-	0.427989821883	0.394910941476	0.0356234096692	0.141475826972
lam-	0.252205071665	0.690600882029	0.0199834619625	0.037210584344
til-	0.333333333333	0.571428571429	0.0571428571428	0.0380952380952
gîz-	0.568965517241	0.0862068965517	0.0	0.344827586207
wun-	0.465986760734	0.206871308305	0.105083983455	0.222057947507
sân-	0.391351823542	0.261179553717	0.30214662847	0.0453219942705
nit-	0.0768789926789	0.308768495989	0.0260398970399	0.588312614292
kûn-	0.19327049427	0.245325610589	0.0238215840436	0.537582311097
zid-	0.477099236641	0.37213740458	0.0362595419847	0.114503816794
wêk-	0.431934493347	0.0907540088707	0.112930740362	0.364380757421
yem-	0.325093215504	0.35817310882	0.303729947056	0.0130037286201
ziv-	0.704081632653	0.295918367347	0.0	0.0
saf-	0.492924528302	0.330737165423	0.0644471259325	0.111891180342
ntu-	0.344900391623	0.466984505364	0.100868380725	0.0872467222885
dik-	0.577466256125	0.229326917683	0.0776417675524	0.11556505864
nad-	0.65516608552	0.145038684066	0.0659222841468	0.133872946267
yad-	0.646300067889	0.244738628649	0.0675492192804	0.0414120841819
nib-	0.414078620371	0.094479808461	0.0697512114528	0.421690359716
bûb-	0.481355932203	0.498305084746	0.0	0.0203389830509
kuê-	0.0730833513301	0.0275972996778	0.0123842623089	0.886935086683
sên-	0.496474423777	0.198670642944	0.058633238981	0.246221694298
nêl-	0.050747110234	0.94079503806	0.0	0.00845785170567
pât-	0.0	1.0	0.0	0.0
buê-	0.195228011988	0.569662481037	0.0787475570744	0.1563619499
luz-	0.421747981684	0.470560036084	0.020338513403	0.0873534688284
fio-	0.385304659498	0.409498207885	0.0887096774193	0.116487455197
ded-	0.423197492163	0.0752351097178	0.103448275862	0.398119122257
kiv-	0.263690193858	0.557660235323	0.0728307602859	0.105818810533
ban-	0.219450880855	0.580796385472	0.0662943615331	0.13345837214
wîn-	0.117589547596	0.712558883655	0.147453559684	0.0223980090659
nôk-	0.632258064516	0.0903225806452	0.129032258065	0.148387096774
m'b-	0.0891105648857	0.564055982279	0.303513974477	0.0433194783585
miv-	0.176050200453	0.581662890012	0.231828481785	0.0104584277497
pêm-	0.363636363636	0.2	0.436363636364	0.0
wen-	0.457482474855	0.154983236818	0.0516610789394	0.335873209388
m'd-	0.059504969298	0.82380620793	0.0829271380642	0.0337616847081
ndô-	0.130364449519	0.637739080788	0.152535921591	0.0793605481017
did-	0.441623389113	0.521061742643	0.0146181958069	0.022696672437
wug-	0.535087719298	0.201754385965	0.263157894737	0.0
nam-	0.547689130869	0.108366435462	0.0308664753289	0.31307795834
kûl-	0.320369149637	0.559657218194	0.106789716546	0.0131839156229
mpî-	0.0644419470303	0.829215848042	0.0630777525871	0.0432644523409
bup-	0.104166666667	0.895833333333	0.0	0.0
tue-	0.344966635014	0.0650974933985	0.0152191162506	0.574716755337
nuâ-	0.511693539059	0.354368595156	0.0508917624742	0.0830461033103
sid-	0.274789371355	0.474184489091	0.0533592568589	0.197666882696
bon-	0.601756006285	0.165501193461	0.0564224970314	0.176320303223
oli-	0.0176085176085	0.957821457821	0.00737100737102	0.017199017199
elu-	0.205776173285	0.173285198556	0.361010830325	0.259927797834
muf-	0.512	0.36	0.08	0.048
kil-	0.221802192954	0.590001855036	0.108379249663	0.0798167023469
gan-	0.135486415143	0.123744527427	0.0289724439866	0.711796613443
mpâ-	0.168010074462	0.5749452618	0.0995928092214	0.157451854517
mod-	0.137254901961	0.862745098039	0.0	0.0
yit-	0.483019042765	0.263056361699	0.064507840767	0.189416754769
ero-	0.0113636363636	0.926136363636	0.0625	0.0
net-	0.256684491979	0.454545454545	0.096256684492	0.192513368984
waz-	0.7049412216	0.15766676523	0.0586984839888	0.0786935291814
bêk-	0.246110037628	0.40506457846	0.208481643446	0.140343740466
kêt-	0.557275541796	0.222910216718	0.0712074303405	0.148606811146
gêg-	0.231481481481	0.694444444444	0.0185185185185	0.0555555555555
bvû-	0.359447004608	0.0138248847926	0.193548387097	0.433179723502
eli-	0.00254975564842	0.968128054395	0.000849918549471	0.0284722714073
fut-	0.58155360452	0.301105811587	0.0827080232099	0.034632560683
yul-	0.555712083796	0.275950080382	0.0864312113628	0.0819066244593
dje-	0.357091172214	0.149059334298	0.278581765557	0.215267727931
zak-	0.667852839811	0.25673877105	0.0127140015131	0.0626943876264
bîz-	0.884582903256	0.0400675612274	0.00975884395233	0.0655906915642
kuô-	0.170533682101	0.155756361042	0.0142677582634	0.659442198594
wâk-	0.594399236259	0.207278265218	0.0584170568714	0.139905441651
maf-	0.0616293697416	0.356503975902	0.0413170681039	0.540549586252
waw-	0.678236263343	0.235618597321	0.0367146643743	0.0494304749624
tuk-	0.391137430682	0.290539924845	0.0455614472051	0.272761197268
ene-	0.00687285223366	0.993127147766	0.0	0.0
ewu-	0.306046280169	0.185120676785	0.0879157335988	0.420917309447
diz-	0.522172949002	0.0720620842572	0.340909090909	0.0648558758314
nim-	0.418039152674	0.193165689189	0.0454906581684	0.343304499969
yim-	0.453957427732	0.287430854087	0.150880184442	0.107731533738
oze-	0.0	0.922077922078	0.0	0.0779220779221
sen-	0.611859838275	0.303683737646	0.0305480682839	0.0539083557951
tul-	0.438077682686	0.173666886109	0.0881018213737	0.300153609831
edi-	0.0857542877143	0.350717535877	0.0	0.563528176409
yam-	0.483273483274	0.261576261576	0.0842940842941	0.170856170856
eyi-	0.0483724874251	0.518973192777	0.05261230704	0.380042012758
wuy-	0.196077805104	0.197578970903	0.268740617714	0.337602606279
lôd-	0.0	1.0	0.0	0.0
têl-	0.777730654968	0.0532474523039	0.00941366655659	0.159608226172
nki-	0.0564576445205	0.0284220856549	0.0165761664957	0.898544103329
tûn-	0.624008610922	0.236819246167	0.0379560389757	0.101216103935
mâm-	0.153243715986	0.660879940375	0.0485975970551	0.137278746583
ese-	0.0	1.0	0.0	0.0
rab-	0.00729927007299	0.931386861314	0.0	0.0613138686131
ape-	0.0	1.0	0.0	0.0
njô-	0.26735218509	0.354755784062	0.161953727506	0.215938303342
muî-	0.112671180583	0.332182091848	0.0109710167882	0.544175710781
nzi-	0.182324656711	0.610153035277	0.041980674095	0.165541633917
ras-	0.199059389697	0.800940610303	0.0	0.0
kab-	0.552958962267	0.202649139697	0.0438424110206	0.200549487015
môy-	0.36694541902	0.336647229783	0.163687641706	0.132719709491
luk-	0.407906265082	0.295351966958	0.0936864881685	0.203055279792
nkî-	0.0916286149162	0.724809741248	0.0	0.183561643836
azi-	0.0042689434365	0.990928495197	0.00160085378869	0.00320170757738
yêk-	0.265625	0.213541666667	0.0703125	0.450520833333
tia-	0.0	1.0	0.0	0.0
ndu-	0.110961257365	0.554135712241	0.274596525067	0.0603065053269
mig-	0.435635848388	0.394473963868	0.138717676231	0.0311725115126
kôd-	0.04	0.96	0.0	0.0
nsû-	0.0472597299444	0.643764892772	0.199761715647	0.109213661636
bas-	0.334148097766	0.305869810979	0.142290035134	0.21769205612
mim-	0.102503177322	0.522593063307	0.346731502459	0.0281722569118
lun-	0.394308324456	0.338788079529	0.108274324796	0.158629271218
fûf-	0.0910746812385	0.908925318761	0.0	0.0
kaz-	0.690059058489	0.130078070837	0.0493817203335	0.13048115034
sâr-	0.0497131931166	0.950286806883	0.0	0.0
yes-	0.00930232558139	0.990697674419	0.0	0.0
gôm-	0.610183647734	0.267212239501	0.0624121539829	0.0601919587819
yêl-	0.522633744856	0.40329218107	0.0411522633744	0.0329218106996
kâm-	0.496278255158	0.416014449127	0.00629412730556	0.081413168409
kiâ-	0.0756664514568	0.2485793698	0.0373743426369	0.638379836107
gân-	0.312902140892	0.131130322595	0.0349418050096	0.521025731504
ang-	0.0117707267144	0.988229273286	0.0	0.0
pun-	0.0307692307692	0.969230769231	0.0	0.0
sîs-	0.761587355593	0.140981426207	0.0251697313682	0.0722614868313
kuk-	0.549184827774	0.225442282628	0.118166815246	0.107206074352
ând-	0.0	1.0	0.0	0.0
gên-	0.85648004949	0.0380451592948	0.0581503247758	0.0473244664398
zaf-	0.548638132296	0.272373540856	0.115619788772	0.0633685380767
zon-	0.242454173178	0.638020173027	0.09145201269	0.0280736411048
lus-	0.351790444628	0.377747331056	0.0918168205261	0.178645403791
bes-	0.308375634518	0.131979695431	0.0761421319797	0.483502538071
fia-	0.358990686938	0.143516675953	0.26665605349	0.230836583619
mbi-	0.3446142743	0.361473590976	0.223295147001	0.070616987724
nok-	0.468098159509	0.392331288344	0.0687116564417	0.0708588957055
bôk-	0.481927710843	0.230010952903	0.0679079956189	0.220153340635
kun-	0.419907796826	0.181118905742	0.0987924791229	0.300180818309
wey-	0.576271186441	0.271186440678	0.0	0.152542372881
kan-	0.221269691538	0.217691267748	0.0185279833034	0.54251105741
zab-	0.537709830362	0.235128633985	0.104361685921	0.122799849733
sie-	0.774647887324	0.169014084507	0.0140845070422	0.0422535211268
vûn-	0.223391614327	0.700220675607	0.0	0.0763877100662
lud-	0.428419682527	0.43837948269	0.0466847962102	0.0865160385726
fûm-	0.073457282993	0.659062393065	0.159689745637	0.107790578305
nav-	0.601357981083	0.117822520507	0.0671140939597	0.213705404451
kiô-	0.176392867131	0.193501721494	0.137623084416	0.492482326959
fis-	0.0641868681912	0.334674649131	0.137893807047	0.463244675631
vul-	0.156091495141	0.0938839621715	0.169944478986	0.580080063702
ziê-	0.602919273161	0.206136431338	0.010128090557	0.180816204945
bum-	0.253877284659	0.467168605756	0.203437276282	0.0755168333033
nju-	0.0796019900497	0.621890547264	0.189054726368	0.109452736318
mum-	0.0171489552127	0.867188211776	0.10011763571	0.0155451973011
ntê-	0.388898429034	0.172409505143	0.0334859098634	0.40520615596
taf-	0.524550224887	0.144865067466	0.0826461769115	0.247938530735
obê-	0.25	0.75	0.0	0.0
yîs-	0.630170316302	0.148418491484	0.148418491484	0.0729927007299
yif-	0.353993648038	0.26609196536	0.218314165664	0.161600220938
wut-	0.531271580137	0.274154058635	0.0573246908155	0.137249670412
wâw-	0.520069808028	0.146596858639	0.207678883072	0.125654450262
pôt-	0.34309623431	0.313807531381	0.092050209205	0.251046025105
lez-	0.00613732259302	0.967011891063	0.0184119677791	0.0084388185654
mâw-	0.0341150843766	0.0263032244758	0.0080520074926	0.931529683655
diy-	0.191176470588	0.0919117647058	0.0919117647058	0.625
kuw-	0.641112797421	0.229294969082	0.0853412269369	0.0442510065598
bim-	0.175919316268	0.668070378921	0.116376044533	0.039634260277
m'v-	0.0345693285986	0.529990090016	0.0329868279792	0.402453753407
wu'-	0.3	0.166666666667	0.0	0.533333333333
mêk-	0.185873605948	0.665427509294	0.148698884758	0.0
lol-	0.0608834973678	0.856260013733	0.0192263675899	0.0636301213092
tuy-	0.507124424997	0.279984292606	0.129305508807	0.0835857735892
fiâ-	0.348872833659	0.162705199219	0.0199355904948	0.468486376627
sîm-	0.630149668261	0.227588335134	0.0277734917451	0.11448850486
pib-	0.0188528133926	0.952867966518	0.0238140800749	0.00446514001404
kôk-	0.0941316770388	0.647685329226	0.0110076189461	0.247175374789
wid-	0.81703904602	0.101855439322	0.0192001377588	0.0619053768996
bub-	0.13003904802	0.128665512321	0.412687813869	0.328607625789
yâk-	0.263383297645	0.477516059957	0.139186295503	0.119914346895
luâ-	0.202886794187	0.250994622638	0.085626779009	0.460491804165
mat-	0.147735526685	0.539125510722	0.0524145578586	0.260724404734
kie-	0.298989481492	0.150894269306	0.172277972114	0.377838277088
aka-	0.0	1.0	0.0	0.0
nif-	0.473551334455	0.295623948064	0.106756431835	0.124068285646
fiô-	0.0923894894225	0.100596807695	0.540660382195	0.266353320687
sûm-	0.754692101446	0.146411146763	0.0131862335721	0.085710518219
ndê-	0.169090738482	0.198273435301	0.0624941353101	0.570141690907
par-	0.0	1.0	0.0	0.0
tud-	0.46783042394	0.31961762261	0.0886949293433	0.123857024106
but-	0.401762486496	0.438875797735	0.0703389642012	0.0890227515671
yây-	0.272104922736	0.47394542532	0.1598112108	0.0941384411442
nti-	0.0384976525822	0.950704225352	0.00469483568075	0.00610328638498
dig-	0.426470588235	0.421122994652	0.132352941176	0.0200534759358
nse-	0.24783420151	0.676931576553	0.0441980742268	0.0310361477107
baj-	0.0102822139576	0.82472835995	0.13797126814	0.0270181579523
wud-	0.640311804009	0.168708240535	0.14420935412	0.0467706013363
sâd-	0.195355191257	0.45218579235	0.331967213115	0.0204918032787
bib-	0.101606633981	0.58245493483	0.254902424587	0.0610360066018
tuê-	0.278676540268	0.102481486997	0.0261280409385	0.592713931796
wîl-	0.515298133258	0.157837324278	0.0386719918363	0.288192550627
nzô-	0.282912933405	0.496878798034	0.0685978010264	0.151610467534
wên-	0.504347826087	0.388405797101	0.0173913043478	0.0898550724638
fuf-	0.0263620386643	0.973637961336	0.0	0.0
nga-	0.0570891030411	0.86764305548	0.0363272293909	0.0389406120881
yen-	0.455012749128	0.267682780871	0.0264234792111	0.250880990789
gay-	0.466399197593	0.383149448345	0.0	0.150451354062
beb-	0.503134796238	0.219958202717	0.244514106583	0.0323928944618
via-	0.618181818182	0.109090909091	0.236363636364	0.0363636363636
sîd-	0.467647862204	0.117084692386	0.0368751707184	0.378392274692
kin-	0.166145737457	0.531235246035	0.22355922617	0.0790597903375
dan-	0.05444646098	0.89110707804	0.05444646098	0.0
kôr-	0.00855920114123	0.957203994294	0.0171184022825	0.0171184022825
n't-	0.573913043478	0.217391304348	0.0521739130435	0.15652173913
gaw-	0.10931351115	0.69392216878	0.0655881066899	0.13117621338
vîm-	0.743421052632	0.0	0.217105263158	0.0394736842105
lug-	0.436052441725	0.372269074807	0.128290668458	0.063387815011
yîz-	0.48167539267	0.282722513089	0.0314136125654	0.204188481675
wuk-	0.53993413115	0.265459957159	0.0876255672073	0.106980344484
zar-	0.0	1.0	0.0	0.0
kuv-	0.382118677818	0.214987388822	0.113500597372	0.289393335988
eba-	0.250234301781	0.318650421743	0.0674789128397	0.363636363636
kag-	0.6918035059	0.153326119316	0.0455269736666	0.109343401117
sâm-	0.541584053986	0.227075580349	0.119324495508	0.112015870158
mâr-	0.00170726155247	0.923628499886	0.0	0.0746642385614
mub-	0.235157159488	0.159875824602	0.0162980209546	0.588668994955
dza-	0.507871321013	0.383527264431	0.0784850558978	0.0301163586585
bam-	0.445898391033	0.305230711105	0.0757885804908	0.173082317371
mis-	0.360927013809	0.444765510883	0.145291394285	0.0490160810225
naw-	0.692442461771	0.0597451871723	0.0161146601208	0.231697690935
ted-	0.229787234043	0.71914893617	0.0510638297872	0.0
wed-	0.660958623487	0.0314770187203	0.00982628366325	0.297738074129
mvi-	0.0758327427357	0.73635719348	0.110559886605	0.0772501771793
lêm-	0.472072175612	0.206987702563	0.222675554534	0.0982645672911
yum-	0.191860465116	0.11773255814	0.495639534884	0.19476744186
din-	0.294099104779	0.216744420628	0.458790400538	0.0303660740554
bên-	0.0616904119537	0.0541888426394	0.0552100715668	0.82891067384
tûl-	0.601750686857	0.104593955658	0.0115008625647	0.28215449492
zel-	0.115795625313	0.675571881783	0.166054433127	0.0425780597763
yon-	0.13707165109	0.604361370716	0.168224299065	0.0903426791277
lûn-	0.274720781345	0.483281929062	0.114479648582	0.127517641011
kob-	0.232258064516	0.6	0.116129032258	0.0516129032258
sez-	0.0408486383787	0.950126662445	0.00759974667512	0.00142495250158
was-	0.588983945526	0.196032825002	0.110091276071	0.104891953401
tuo-	0.328083989501	0.540682414698	0.0524934383202	0.0787401574803
djô-	0.623645557428	0.270888514327	0.0288947748616	0.0765711533831
dji-	0.165253628395	0.660751065766	0.0443071322508	0.129688173588
zûn-	0.860600627521	0.112505602869	0.0	0.02689376961
yêr-	0.0	1.0	0.0	0.0
kua-	0.179423350855	0.0471628135623	0.0132306487175	0.760183186865
tat-	0.112232692087	0.410115339844	0.111162498157	0.366489469913
bit-	0.118101655056	0.524538834948	0.154311491309	0.203048018688
ser-	0.0	1.0	0.0	0.0
ong-	0.25068119891	0.683923705722	0.0108991825613	0.0544959128065
leg-	0.0696590181918	0.884084468416	0.0206600237682	0.0255964896243
bvu-	0.569406545912	0.191278729902	0.0484538453909	0.190860878796
yâs-	0.0	0.657894736842	0.342105263158	0.0
wek-	0.309107635695	0.166053357866	0.0795768169273	0.445262189512
zal-	0.280396196184	0.47277885289	0.123221729752	0.123603221175
buî-	0.517710381281	0.302639636446	0.0412221613433	0.13842782093
ngê-	0.218249255747	0.200745066779	0.0304208488556	0.550584828618
kip-	0.12089456869	0.780447284345	0.0674760383387	0.0311821086262
pot-	0.0	1.0	0.0	0.0
mam-	0.101773738355	0.759126634904	0.0552681091251	0.083831517616
sêm-	0.462152420185	0.388516992791	0.128733264676	0.0205973223481
kij-	0.0221238938053	0.907079646018	0.0530973451327	0.0176991150442
gez-	0.196319018405	0.662576687117	0.141104294478	0.0
taz-	0.588748545787	0.21181651986	0.0706332059165	0.128801728436
pûp-	0.720200752823	0.139272271016	0.0150564617315	0.125470514429
zan-	0.266023166023	0.270656370656	0.155212355212	0.308108108108
yûl-	0.704015018987	0.0877672057004	0.0320006826812	0.176217092631
wôn-	0.1875	0.4375	0.120535714286	0.254464285714
môk-	0.0717753656802	0.747750255126	0.00315428147323	0.177320097721
sis-	0.267068015883	0.563852952479	0.0576405789676	0.111438452671
km'-	0.535211267606	0.394366197183	0.0704225352112	0.0
dzû-	0.0368548765851	0.90509053906	0.0374419454156	0.0206126389396
zâk-	0.0111952584788	0.719240478542	0.0190977938755	0.250466469103
mag-	0.098292315825	0.792533858934	0.0843018037185	0.0248720215226
mos-	0.0384958191675	0.0285824221263	0.0871944776256	0.845727281081
yig-	0.540885221305	0.220555138785	0.166541635409	0.0720180045011
mêm-	0.196850393701	0.755905511811	0.0	0.0472440944882
tuv-	0.372897311014	0.303278353047	0.0720337248803	0.251790611059
ili-	0.0	1.0	0.0	0.0
gâm-	0.421947896454	0.290491722059	0.132942487924	0.154617893563
yaw-	0.356073001888	0.305349276274	0.19572057898	0.142857142857
mbû-	0.0501622074162	0.902536017023	0.0251159870234	0.0221857885373
tag-	0.39065308568	0.354104254044	0.053924505692	0.201318154583
wân-	0.377833753149	0.186397984887	0.0377833753149	0.39798488665
alâ-	0.0	1.0	0.0	0.0
tûd-	0.483830415789	0.245733681134	0.0246707941796	0.245765108897
map-	0.190975845777	0.741399920308	0.0438305219816	0.0237937119329
muê-	0.44324598693	0.412073062896	0.0192832974198	0.125397652754
bet-	0.0531736187405	0.379395399936	0.0454690434845	0.521961937839
yôy-	0.550408719346	0.258855585831	0.0926430517711	0.0980926430518
tûm-	0.298163034379	0.230447273997	0.386970037311	0.0844196543123
sal-	0.249477655467	0.531359129401	0.0571441227934	0.162019092339
gat-	0.0722847132583	0.886040936751	0.0	0.0416743499908
pat-	0.306801736613	0.518572117704	0.134105161602	0.040520984081
kiy-	0.20441412653	0.518543967416	0.175422620329	0.101619285726
nûn-	0.583129156458	0.333566678334	0.0539026951348	0.0294014700735
kov-	0.653412144009	0.205803331542	0.0956475013433	0.0451370231059
yay-	0.410701206584	0.315041825681	0.08621487221	0.188042095525
sek-	0.0217654171705	0.384522370012	0.593712212818	0.0
fie-	0.346287992028	0.255107125062	0.249128051819	0.149476831091
den-	0.0185185185185	0.981481481481	0.0	0.0
nsa-	0.227830091693	0.346974455253	0.189654940299	0.235540512755
mbô-	0.22165140699	0.537944329756	0.0530963224441	0.18730794081
yan-	0.318488459914	0.220036098772	0.107784277833	0.353691163481
bad-	0.631563496423	0.142845826178	0.0351629193518	0.190427758048
wuv-	0.39364640884	0.440607734807	0.036832412523	0.128913443831
gûm-	0.362128573562	0.417973191827	0.08723567991	0.132662554702
lôs-	0.308106827737	0.612640887468	0.0479856299718	0.0312666548232
zil-	0.263940291941	0.272380816812	0.148445183498	0.315233707749
min-	0.235267392184	0.549537610193	0.116593761177	0.0986012364457
akâ-	0.0	1.0	0.0	0.0
zib-	0.564656884157	0.291151760169	0.112752084603	0.0314392710707
fuô-	0.460859770978	0.150178336775	0.0397972592453	0.349164633002
mpi-	0.0887030690844	0.360836539724	0.137759959515	0.412700431677
mbâ-	0.183752798168	0.695002444377	0.0356731960316	0.0855715614237
m's-	0.194326049708	0.392305955084	0.0363664665243	0.377001528683
kut-	0.49695446142	0.31164499116	0.0806059279723	0.110794619447
fuk-	0.257702701175	0.440430559796	0.181879854822	0.119986884208
lul-	0.403202340328	0.279224751671	0.169775412334	0.147797495668
ntî-	0.610436025733	0.217774600905	0.0071479628306	0.164641410531
mîn-	0.103669788415	0.263794658342	0.447173083593	0.18536246965
waf-	0.523958672884	0.122578267833	0.284867982823	0.0685950764609
naz-	0.211211137709	0.72703508437	0.0189446786013	0.0428090993201
gal-	0.311945594323	0.35925487877	0.190814113937	0.137985412971
bân-	0.0842735165418	0.609994531296	0.0588860480588	0.246845904103
zêk-	0.0	0.0342857142857	0.0	0.965714285714
êto-	0.152866242038	0.745222929936	0.0764331210191	0.0254777070064
nig-	0.673981505627	0.0732754297635	0.0238701783243	0.228872886286
lwâ-	0.378698224852	0.12426035503	0.426035502959	0.0710059171598
nue-	0.38302666166	0.589936162223	0.00901239203905	0.0180247840781
kay-	0.53936561981	0.261051799679	0.0528776890483	0.146704891463
zêb-	0.965033313903	0.00781382582325	0.00664064517557	0.0205122150979
kus-	0.431842396881	0.258738354197	0.0899815308845	0.219437718038
nil-	0.607315710713	0.174822393108	0.0565879500918	0.161273946087
zaw-	0.333487824189	0.317073170732	0.0858389819052	0.263600023174
mia-	0.2352558322	0.179122056247	0.0369911924361	0.548630919117
wuw-	0.58064516129	0.348387096774	0.00258064516129	0.0683870967742
mân-	0.0685515797001	0.0534058692821	0.00924577937833	0.86879677164
mfu-	0.0263459063179	0.736649174578	0.057225441689	0.179779477415
gak-	0.289699570815	0.551502145923	0.0600858369098	0.098712446352
lan-	0.330167844523	0.407906360424	0.0790636042403	0.182862190813
mba-	0.207249157077	0.409270531445	0.0990839387974	0.284396372681
râb-	0.0280373831775	0.971962616822	0.0	0.0
buf-	0.208968788792	0.245832594432	0.187533250576	0.3576653662
lu'-	0.857142857143	0.0714285714286	0.0714285714286	0.0
ari-	0.0	1.0	0.0	0.0
taw-	0.779314720812	0.0899746192893	0.0228426395939	0.107868020305
m't-	0.0984410265489	0.741052461311	0.0364023753088	0.124104136831
gêm-	0.21017699115	0.78982300885	0.0	0.0
bag-	0.592975232096	0.235228279925	0.064967405907	0.106829082072
tuz-	0.553141433359	0.0693531644285	0.0363446369557	0.341160765257
lob-	0.184549356223	0.673819742489	0.0643776824034	0.0772532188841
mun-	0.130288493633	0.220490186519	0.0935816370053	0.555639682843
tay-	0.487600791115	0.300547695116	0.109539023277	0.102312490491
mpê-	0.20106933123	0.315189762468	0.293540187571	0.190200718731
ndî-	0.0749063670412	0.831460674157	0.0786516853933	0.0149812734083
kak-	0.315322610426	0.159130528077	0.134791091665	0.390755769832
sue-	0.11040715963	0.673740640645	0.0843560320765	0.131496167649
yôk-	0.277724027422	0.0704995608497	0.217152385116	0.434624026612
m'l-	0.204257037267	0.649933905688	0.0821147488101	0.0636943082346
niz-	0.633569723785	0.150054367525	0.0560088082229	0.160367100467
kuâ-	0.180401369522	0.0482804834909	0.0411319441856	0.730186202801
nêt-	0.155095383306	0.0201404155734	0.00808453301184	0.816679668109
tuî-	0.196119845339	0.711986237204	0.0476928579945	0.0442010594628
sôm-	0.979274611399	0.0	0.020725388601	0.0
biâ-	0.0753611271929	0.149728903236	0.00989669028118	0.76501327929
luô-	0.528491688646	0.164325584248	0.0525056738023	0.254677053303
sil-	0.0519290065428	0.886778972701	0.0483191697375	0.012972851019
môd-	0.421412300683	0.389521640091	0.0797266514806	0.109339407745
evo-	0.444444444444	0.555555555556	0.0	0.0
lal-	0.259291270527	0.662921348315	0.0777873811582	0.0
bua-	0.207106723811	0.0847578208751	0.0425895748862	0.665545880428
nek-	0.733944954128	0.045871559633	0.0481651376147	0.172018348624
kên-	0.644562334218	0.254641909814	0.00848806366046	0.0923076923077
kue-	0.169226023578	0.0819416047425	0.0306687811186	0.718163590561
lôk-	0.767132455838	0.0863974689192	0.035938102095	0.110531973148
nis-	0.469504447268	0.240628970775	0.0554320203304	0.234434561626
gêz-	0.233564013841	0.653979238754	0.112456747405	0.0
siê-	0.582993197279	0.137414965986	0.0598639455783	0.219727891156
nia-	0.48322147651	0.51677852349	0.0	0.0
yeb-	0.625664388762	0.312832194381	0.0432801822323	0.0182232346241
tik-	0.065637065637	0.918918918919	0.0	0.015444015444
zud-	0.00499092558983	0.983212341198	0.00226860254083	0.00952813067151
vuê-	0.247058823529	0.694117647059	0.0	0.0588235294117
wel-	0.657048331242	0.054299666828	0.00811170779312	0.280540294137
kôn-	0.290773236352	0.262166384263	0.124974170352	0.322086209034
