-héé	0.143266475645	0.143266475645	0.126074498567	0.587392550143
-tə̀	0.636815239287	0.236549255833	0.0324656275058	0.0941698773739
-tə́	0.774580335731	0.225419664269	0.0	0.0
-̀pá	0.148150083612	0.851849916388	0.0	0.0
-imú	0.0	0.75	0.25	0.0
-can	0.022480285825	0.926428155482	0.0	0.0510915586932
-msí	0.0335517574474	0.875416342501	0.0521482741722	0.038883625879
-bǔr	0.528824607863	0.359136280301	0.0677327357914	0.044306376044
-̃na	0.634722193416	0.27900488709	0.0369741083544	0.0492988111392
-òló	0.11990599797	0.744699033275	0.108956897933	0.026438070822
-pã̀	0.328767123288	0.493150684932	0.13698630137	0.041095890411
-k'ô	0.365721182861	0.348823174412	0.199758599879	0.0856970428485
-ivi	0.0	1.0	0.0	0.0
-lse	0.330704921148	0.0965228956869	0.0326809804294	0.540091202736
-adɛ	0.00912603798405	0.958316204884	0.0295979610294	0.00295979610293
-̌sí	0.877308707124	0.0910290237467	0.0197889182058	0.0118733509235
-kwẽ	0.259225092251	0.607933579336	0.110701107011	0.0221402214022
-pɔr	0.632246688285	0.18498422612	0.0806087238152	0.10216036178
-hĩ̌	0.176654589644	0.659743006954	0.140198483246	0.0234039201566
-úku	0.274111675127	0.604060913706	0.0913705583756	0.0304568527919
-mə̀	0.317989967906	0.171491146855	0.202293870834	0.308225014405
-jìl	0.0487804878048	0.90243902439	0.0243902439024	0.0243902439024
-́pǎ	0.513513513514	0.459459459459	0.0	0.027027027027
-oyi	0.0	0.980769230769	0.0192307692308	0.0
-òró	0.30145503328	0.312419379805	0.163046282442	0.223079304473
-òrò	0.0700985761227	0.859802847755	0.0700985761227	0.0
-nsi	0.0950204428356	0.614400480603	0.229642781297	0.0609362952646
-nse	0.0284810126582	0.821202531646	0.150316455696	0.0
-ɔrɔ	0.0111214087118	0.874884151993	0.113994439296	0.0
-bti	0.0319472085472	0.892217450508	0.0745784015921	0.00125693935268
-ɔrɛ	0.055753262159	0.909845788849	0.0142348754449	0.0201660735469
-álá	0.0261903079232	0.966476405858	0.00314283695078	0.00419044926771
-bwǎ	0.216216216216	0.135135135135	0.648648648649	0.0
-ənɛ	0.395348837209	0.604651162791	0.0	0.0
-cẽ́	0.875862068966	0.124137931034	0.0	0.0
-ílú	0.00726517903478	0.854696419305	0.123508043591	0.0145303580695
-́wá	0.273964558812	0.352154396221	0.309418795835	0.0644622491322
-dwǐ	0.0487444608567	0.68094534712	0.217134416544	0.0531757754801
-yǐn	0.177243314601	0.795654400785	0.0223411699357	0.00476111467794
-kɛ̌	0.622425629291	0.178489702517	0.0343249427918	0.1647597254
-kɛ́	0.628560198343	0.324424018867	0.0225252464171	0.024490536373
-kɛ̀	0.0680379746835	0.630063291139	0.0370253164557	0.264873417722
-kɛ̃	0.347060238695	0.551426210475	0.00788925704446	0.0936242937855
-rsɛ	0.0592728093411	0.858054093863	0.0666373668143	0.0160357299821
-bwǐ	0.0359381926414	0.908017225002	0.0151985308087	0.0408460515484
-́ɛ́	0.459216079006	0.320989192784	0.159089517561	0.0607052106483
-ílí	0.244263629404	0.613009558667	0.0777806622291	0.0649461497004
-ɛ́ɛ	0.635593220339	0.21186440678	0.127118644068	0.0254237288136
-sɛ́	0.124357657469	0.7163887397	0.0897741727779	0.0694794300522
-arã	0.179487179487	0.820512820513	0.0	0.0
-ɔkɛ	0.0	0.992673992674	0.0	0.007326007326
-yìl	0.535705383031	0.272064129308	0.107371984099	0.084858503562
-yìm	0.412698412698	0.190476190476	0.365079365079	0.031746031746
-sɛ̃	0.547252532491	0.302980358946	0.0603237679554	0.0894433406078
-mə̌	0.216758755459	0.0686699213826	0.181666308071	0.532905015087
-̌nə	0.59723956563	0.195343220566	0.0946562427322	0.112760971072
-inə	0.181195094003	0.618130119255	0.0131986589144	0.187476127828
-̌nɛ	0.411260709914	0.287637698898	0.198286413709	0.102815177479
-yìr	0.215507411631	0.555682250095	0.148992778411	0.0798175598632
-g'è	0.315789473684	0.0350877192982	0.0	0.649122807018
-hùr	0.0	0.927272727273	0.0727272727273	0.0
-ìsì	0.0368968779564	0.950804162725	0.0122989593188	0.0
-ìsí	0.0641835357244	0.899288481444	0.0188775105072	0.0176504723242
-əma	0.0588235294118	0.883942766296	0.0349761526232	0.0222575516693
-júr	0.683544303797	0.259493670886	0.0	0.0569620253164
-lyĩ	0.460644537292	0.451717115205	0.0514241543203	0.0362141931833
-vùr	0.531512578009	0.0855497651676	0.0468699736215	0.336067683202
-msi	0.122853688433	0.741559887918	0.115454936889	0.02013148676
-òdù	0.0646184744801	0.110680968113	0.0768945292603	0.747806028147
-bàr	0.0634920634921	0.857142857143	0.0634920634921	0.015873015873
-əle	0.741537293398	0.184363462001	0.047946570036	0.0261526745651
-ime	0.0	0.982142857143	0.0178571428571	0.0
-zul	0.623214285714	0.285714285714	0.0214285714286	0.0696428571428
-imi	0.107692307692	0.851282051282	0.0307692307692	0.0102564102564
-nyɛ	0.143910305637	0.268161572723	0.0866226386116	0.501305483029
-ɔla	0.129724208376	0.723186925434	0.0858018386108	0.0612870275791
-gɔ̃	0.0	1.0	0.0	0.0
-asɛ	0.0398707296045	0.940522833239	0.00623396204384	0.0133724751129
-imo	0.0	1.0	0.0	0.0
-hɛ̀	0.370565109064	0.173019107502	0.0785419130192	0.377873870415
-idi	0.0371890004365	0.94238323876	0.0109995635094	0.00942819729376
-cər	0.18461011531	0.538474711725	0.259333257221	0.0175819157438
-ide	0.00420765947029	0.984775923007	0.00642624355463	0.00459017396759
-rse	0.117903930131	0.384279475983	0.484716157205	0.0131004366812
-nsí	0.220285680696	0.574212320715	0.148483423466	0.0570185751235
-ísí	0.0547409579668	0.923753665689	0.00391006842619	0.0175953079179
-wà'	0.0832012678288	0.650554675119	0.232963549921	0.0332805071315
-rhɔ	0.228606178601	0.719021499994	0.0208095345504	0.0315627868539
-cəl	0.104741363591	0.705677028794	0.0329514610652	0.156630146549
-rhə	0.0245985248765	0.853213847158	0.111903398396	0.0102842295686
-pàr	0.133928571429	0.553571428571	0.0267857142857	0.285714285714
-rhɛ	0.325424680612	0.340520864872	0.121226165366	0.21282828915
--co	0.429669314613	0.554258267135	0.00332532791428	0.0127470903381
-lu'	0.147523709168	0.754127151388	0.0491745697225	0.0491745697225
-ẽbá	0.134969325153	0.368098159509	0.496932515337	0.0
-wẽ́	0.0249639146236	0.0501511235292	0.00918273603339	0.915702225814
-wẽ̀	0.135352028616	0.596753212722	0.122198425729	0.145696332933
-azɛ	0.00904977375566	0.990950226244	0.0	0.0
-lɛ̀	0.129460271513	0.652766025694	0.164234169169	0.053539533624
-lɛ́	0.119304994907	0.600814116569	0.187191404013	0.0926894845109
-wẽ̌	0.223467741722	0.0863637688031	0.0380233676175	0.652145121858
-ntú	0.0	0.965517241379	0.0344827586207	0.0
-eju	0.0511945392492	0.119453924915	0.819112627986	0.0102389078498
-zãã	0.46687211094	0.477657935285	0.0369799691834	0.0184899845917
-jil	0.148528038906	0.843780330507	0.0	0.00769163058622
-jim	0.744628697543	0.195362945649	0.00112515669015	0.058883200118
-ara	0.0412182276163	0.872070834287	0.0683917258225	0.0183192122739
-ìrh	0.652021351113	0.186087792768	0.11972594073	0.0421649153887
--bṹ	0.197014117541	0.776717333454	0.0262685490055	0.0
-yìì	0.0574490889603	0.536763129689	0.114469453376	0.291318327974
-arh	0.329352128164	0.545699515129	0.0354299870527	0.0895183696539
-wər	0.0526879604731	0.627008591854	0.0298419361186	0.290461511554
-bóm	0.287564766839	0.327535159141	0.362694300518	0.0222057735011
-'ám	0.572016460905	0.308641975309	0.0	0.119341563786
-wəl	0.34235923683	0.590930754208	0.0494853318276	0.0172246771344
-lul	0.231835829174	0.597615085968	0.063227953411	0.107321131448
-ící	0.703290562469	0.207298987685	0.0471769080319	0.0422335418144
-bán	0.384087791495	0.545065762931	0.0581376583555	0.0127087872186
--cǒ	0.0679802955665	0.932019704433	0.0	0.0
-myɔ	0.0691997986915	0.796930045294	0.0996477101157	0.0342224458984
--cǔ	0.160014244592	0.751253820815	0.0281924206903	0.0605395139033
-rɔm	0.0431739037737	0.723722549925	0.204676284557	0.028427261744
-ngá	0.0411716027376	0.35201708298	0.428809042627	0.178002271656
-myɛ	0.139203020234	0.0947809663406	0.0721877303765	0.693828283049
-ámǎ	0.446654796959	0.153975210573	0.0195165376977	0.37985345477
-əkə	0.78115727003	0.0853115727002	0.0801186943621	0.0534124629081
-áám	0.653846153846	0.076923076923	0.269230769231	0.0
-wùl	0.364552708946	0.506929861403	0.0907181856363	0.0377992440151
-ěsé	0.663141195135	0.134232328574	0.128944121276	0.073682355015
-kɔn	0.143163776067	0.305813835069	0.0195451151853	0.531477273679
-ìní	0.324212893553	0.44517324671	0.0800641345995	0.150549725137
-ìnì	0.542252102533	0.200911517349	0.144785214282	0.112051165836
-wàr	0.248176012866	0.159031417388	0.185368548473	0.407424021273
-n'á	0.598279180197	0.0411949429435	0.0246461417884	0.335879735071
-zùr	0.083679697563	0.814441413819	0.0424342947205	0.0594445938972
-yà'	0.110549589387	0.535691724574	0.309538850284	0.0442198357549
-sɔr	0.0555846879916	0.839014158364	0.105401153644	0.0
-ìnù	0.361090296309	0.537881998718	0.0132235215934	0.0878041833798
-ìnú	0.134775374376	0.737542692005	0.0851212890796	0.0425606445398
-wàl	0.413390748715	0.364356160578	0.197249618003	0.0250034727045
-ǎna	0.565637065637	0.189189189189	0.148166023166	0.0970077220077
-ili	0.66068300596	0.120472913917	0.0085200398531	0.21032404027
-yǔr	0.403628792385	0.426234384295	0.105591909578	0.0645449137418
-unə	0.310440084895	0.526507282344	0.0512066119415	0.11184602082
-lyì	0.0417422240877	0.525966140077	0.0250490115138	0.407242624322
-lyí	0.725468577729	0.169514884234	0.00661521499449	0.098401323043
-j'à	0.230846993411	0.172119922653	0.0875146200549	0.50951846388
-ote	0.0390546765472	0.938536172864	0.00360504706589	0.0188041035227
-j'â	0.52070406897	0.220005225002	0.135196917249	0.124093788779
-k'ê	0.236120519143	0.102317988457	0.117999295527	0.543562196873
-ɔdɛ	0.0142405063291	0.946070675106	0.0365242616034	0.00316455696202
-k'á	0.502641092476	0.144261617229	0.0649232681406	0.288174022154
-́ré	0.181905381796	0.654002946114	0.141653249289	0.0224384228015
-ume	0.0	0.963636363636	0.0	0.0363636363636
-ùjú	0.298232276165	0.657942495022	0.023592540637	0.0202326881763
-búl	0.335820895522	0.397388059702	0.173507462687	0.0932835820896
-lyõ	0.55230125523	0.44769874477	0.0	0.0
-́le	0.205992144895	0.525346142318	0.177654601153	0.0910071116336
-cǐl	0.143817122439	0.465822116654	0.0684843440188	0.321876416888
-jə́	0.405852722475	0.0587670904294	0.535380187095	0.0
-bwí	0.557393407923	0.311369821591	0.0342203406915	0.0970164297954
ALL	0.240335960558	0.30207815506	0.0601342168006	0.397451667581
-gàà	0.108117737218	0.130477536422	0.0172334403086	0.744171286051
-yàl	0.512061182384	0.139847664552	0.102919504212	0.245171648853
-yàm	0.478755930416	0.312387981023	0.155824986821	0.0530311017396
-ícú	0.483426224699	0.418891170431	0.0469345849222	0.0507480199472
-aka	0.145268914745	0.613410175421	0.0699617608889	0.171359148946
-zum	0.13527309852	0.237366003063	0.54517611026	0.0821847881572
-b'à	0.205754702596	0.0380771079145	0.00469765553434	0.751470533956
-dwì	0.553111249059	0.40967005007	0.0330832896633	0.00413541120792
-dwí	0.089671704715	0.61363275018	0.108488640355	0.18820690475
--cí	0.357722917814	0.36128130995	0.157999635099	0.122996137137
-ɔsɛ	0.0439954141588	0.926626540556	0.0118945256521	0.0174835196331
-dwé	0.421237384818	0.163229486617	0.278192189557	0.137340939008
-yàr	0.0674157303371	0.791839148433	0.0709639266706	0.0697811945594
-úyǔ	0.69	0.205	0.03	0.075
-əjo	0.0384615384615	0.961538461538	0.0	0.0
-dwã	0.0616210079447	0.285213868495	0.151302988197	0.501862135363
-dwà	0.135911904299	0.817611751348	0.031402935374	0.0150734089795
-ɔ́l	0.25036262841	0.709579351044	0.0200290102728	0.0200290102728
-ɔ́m	0.495265931811	0.373392826604	0.0410441379953	0.0902971035897
-ɔ́n	0.082539188611	0.0635186121591	0.00696254230036	0.84697965693
-wun	0.322433431395	0.480463151543	0.0503233283274	0.146780088735
-wul	0.090909090909	0.787878787879	0.121212121212	0.0
-rsì	0.512345976358	0.447432056185	0.0273124018536	0.0129095656028
-sə́	0.395468587924	0.0855208797244	0.0358303063995	0.483180225952
-sə̀	0.124342591409	0.223026194033	0.0671432093778	0.58548800518
-cám	0.445086705202	0.121387283237	0.433526011561	0.0
-báá	0.138686131387	0.861313868613	0.0	0.0
-̀ré	0.14446829799	0.80703884674	0.0424312483607	0.00606160690868
-ɔ̀l	0.160777385159	0.759717314488	0.0282685512368	0.0512367491166
-tũ̌	0.592964850181	0.241253354009	0.103691235581	0.0620905602285
-lúl	0.48	0.294117647059	0.165882352941	0.06
-abɛ	0.0352422907489	0.955947136564	0.0	0.00881057268724
-̀ká	0.325596014483	0.123104623838	0.0340140462179	0.51728531546
-twi	0.308825644228	0.143019524332	0.46571175853	0.0824430729104
-yar	0.142458100559	0.393854748603	0.220670391061	0.243016759776
-ǹdə	0.0816851394544	0.0240117312614	0.0251910450606	0.869112084224
-mfa	0.0	1.0	0.0	0.0
-rdɛ	0.0	1.0	0.0	0.0
-bɔ́	0.0766249716074	0.147850736462	0.0185541368094	0.756970155122
-bɔ̀	0.292908902087	0.479322979265	0.161728841643	0.0660392770044
-bɔ̃	0.021039132787	0.976436171279	0.00252469593444	0.0
-pǎr	0.381958955634	0.457030992235	0.110859380155	0.050150671975
-̀mɔ	0.0446511627907	0.944186046512	0.0111627906977	0.0
-yal	0.042716733871	0.895224294355	0.0249495967742	0.037109375
-ɛva	0.0	0.962962962963	0.037037037037	0.0
-dáá	0.0614525139665	0.896648044693	0.0377094972067	0.00418994413407
-atã	0.0	1.0	0.0	0.0
-túm	0.0185422906861	0.936528312652	0.0320924261874	0.012836970475
-dɔr	0.6333285571	0.321965897693	0.0447055452071	0.0
-yɔ̌	0.0301254839279	0.908170467166	0.0264149376733	0.0352891112334
-ebe	0.257142857143	0.742857142857	0.0	0.0
-dũ̀	0.358843537415	0.44387755102	0.176870748299	0.0204081632653
-lyi	0.0030247017308	0.969248865737	0.0247017308015	0.0030247017308
-isi	0.0265137964931	0.949392317011	0.0187630702696	0.00533081622613
-ɛbá	0.0583118556701	0.844072164948	0.0879510309279	0.00966494845361
-èna	0.00532623169107	0.0157123834887	0.00426098535286	0.974700399467
-yɔ̃	0.3396834395	0.618695269494	0.00134262229051	0.0402786687154
-yɔ̀	0.304389337767	0.579349718116	0.0657296510873	0.0505312930296
-yɔ́	0.490940885024	0.398795356293	0.0480885996017	0.062175159081
-zha	0.375212224109	0.405772495755	0.198641765705	0.0203735144312
-sáa	0.416666666667	0.392857142857	0.190476190476	0.0
-'ə̌	0.130434782609	0.869565217391	0.0	0.0
-hẽ̀	0.612728310502	0.329052511416	0.0505136986302	0.00770547945205
-ábá	0.149407639955	0.824927243979	0.0187905314054	0.00687458466051
-́lé	0.190624825818	0.522434646898	0.225739925311	0.0612006019731
-hẽ̌	0.670937769661	0.191497260741	0.129638177038	0.00792679255884
-bɛ́	0.105601142888	0.17747560103	0.0250344464412	0.691888809641
-bɛ̃	0.315596330275	0.489908256881	0.150458715596	0.0440366972477
-ǐnə	0.426614332071	0.227236328594	0.0268733437525	0.319275995583
-dɔm	0.0312254404709	0.96273092589	0.00402908909301	0.00201454454651
-ráá	0.015642650829	0.0134104022782	0.00304397529645	0.967902971596
-jur	0.146487294469	0.539611360239	0.313901345291	0.0
-twí	0.673305257081	0.160126474331	0.07543852744	0.0911297411475
-stə	0.00536540961692	0.966953433289	0.00374890800157	0.0239322490926
-yẽ̀	0.745911406191	0.0776871799783	0.0125168989272	0.163884514903
-gàl	0.0	1.0	0.0	0.0
-zhe	0.572528596987	0.0651448057761	0.0295292148044	0.332797382432
-yàà	0.137596040189	0.519614361702	0.280363475177	0.0624261229314
-ham	0.0115818733154	0.949334568733	0.0363881401617	0.00269541778976
-̀ɛ̀	0.881680804335	0.078866392203	0.0175956754116	0.0218571280503
-̀ɛ́	0.0134649910234	0.389587073609	0.596947935368	0.0
-́ba	0.0228453890595	0.0237409137427	0.00847814624367	0.944935550954
-dwi	0.25653305006	0.301184467541	0.0327777181174	0.409504764282
-akó	0.00948742453283	0.119423743314	0.0394197905871	0.831669041567
-rhá	0.553269654666	0.380602498163	0.035268185158	0.0308596620133
-rhà	0.118575272495	0.786108450768	0.018698408355	0.0766178683814
-uni	0.051724137931	0.775862068966	0.0	0.172413793103
-nsɛ	0.14922415584	0.631206353772	0.186969653387	0.0325998370008
-rhé	0.504159169861	0.419914175069	0.0369515702175	0.038975084853
-rhè	0.627385443999	0.334251723276	0.0204709233446	0.0178919093799
-rhí	0.599006259959	0.225741778128	0.0931832807257	0.0820686811875
-èmé	0.0272706063043	0.95439226187	0.0119896631166	0.00634746870877
-ímí	0.124149196842	0.530356656684	0.214810781378	0.130683365097
-pul	0.692367097984	0.119261138867	0.165487241722	0.0228845214267
-rhó	0.139615473288	0.781637578436	0.0614826693217	0.0172642789549
-vyi	0.059842519685	0.922834645669	0.0110236220472	0.00629921259842
-ndṍ	0.472222222222	0.25	0.277777777778	0.0
-ìlí	0.135099337748	0.586754966888	0.00794701986754	0.270198675497
-rhù	0.397464474784	0.514210086375	0.0693786570075	0.0189467818333
-hil	0.300572806753	0.549191036077	0.129635212542	0.0206009446287
-rhú	0.303462922776	0.411301635199	0.0921226729857	0.193112769039
-hii	0.023413897281	0.915407854985	0.0158610271903	0.0453172205438
-666	0.333333333333	0.119047619048	0.0	0.547619047619
-iri	0.0877598152425	0.846602649812	0.0408411328552	0.0247964020907
-ànu	0.223076923077	0.317948717949	0.120512820513	0.338461538462
-nə̀	0.216094359734	0.525380840691	0.0755901006159	0.182934698959
-nə́	0.0734269366516	0.127132785633	0.0232345344239	0.776205743291
-jéé	0.591715976331	0.174556213018	0.210059171598	0.0236686390533
-ènè	0.952941176471	0.0470588235294	0.0	0.0
-rbɛ	0.0266666666667	0.973333333333	0.0	0.0
-mɛ́	0.139735810821	0.672301867475	0.146293809163	0.0416685125409
-gal	0.011583011583	0.169884169884	0.200772200772	0.617760617761
-jər	0.600961538462	0.193509615385	0.0504807692308	0.155048076923
-yíl	0.609467788465	0.298208818495	0.0283262216437	0.0639971713957
-nyì	0.273400509894	0.613330095909	0.0803690664076	0.0329003277893
-nyí	0.28582627231	0.178582650495	0.103112004365	0.43247907283
-̀ĩ̀	0.259592878928	0.534435066317	0.0980211362508	0.107950918505
-ìrì	0.461879091259	0.297338274933	0.114434924913	0.126347708895
-jəl	0.886781090033	0.0597711532671	0.00421559771153	0.0492321589882
-yír	0.550825369244	0.111207645526	0.109470026064	0.228496959166
-àna	0.0655737704918	0.016393442623	0.0131147540983	0.904918032787
-gar	0.4	0.366666666667	0.1	0.133333333333
-nyú	0.18839725383	0.747533389305	0.0271520694521	0.036917287413
-zwẽ	0.789807851505	0.0593186715699	0.0389072274317	0.111966249494
-ɛga	0.0174418604651	0.982558139535	0.0	0.0
-ini	0.0806758242867	0.456737503879	0.249675729994	0.21291094184
-jàà	0.19266206413	0.550489556641	0.0395460709148	0.217302308315
-zhĩ	0.856219709208	0.0821802346	0.0231790405282	0.0384210156634
-̌na	0.529888917088	0.304745914921	0.117525330418	0.047839837573
-̀mà	0.339851728083	0.517276623101	0.0390813065548	0.103790342262
-ɛna	0.4522696011	0.215955983494	0.259972489684	0.0718019257222
-əni	0.013437849944	0.975363941769	0.00223964165734	0.00895856662934
-̀lè	0.486611840077	0.364126082005	0.0709558878448	0.0783061900729
-sɔ̌	0.0748752079867	0.858569051581	0.0116472545757	0.0549084858569
-eré	0.0384615384615	0.833333333333	0.128205128205	0.0
-̀ná	0.296450243611	0.418010528689	0.189839912947	0.0956993147529
-̀nà	0.115581618644	0.23384519341	0.238129009843	0.412444178102
-ubá	0.0150656809015	0.809357941638	0.14667709233	0.0288992851308
-sɔ̀	0.278443516898	0.446613706746	0.197926484449	0.0770162919079
-inu	0.00262619436708	0.984699768064	0.00157807195152	0.0110959656173
-gòm	0.425952733932	0.386029475887	0.133775180954	0.0542426092265
-zhù	0.341563786008	0.465020576132	0.189300411523	0.00411522633745
-wĩ̌	0.614096429886	0.279168200221	0.0548398969452	0.0518954729481
-rɔ́	0.167250979583	0.680415205884	0.120437203547	0.0318966109851
-rɔ̀	0.183627317956	0.325644504749	0.459068294889	0.0316598824061
-rɔ̃	0.027027027027	0.934684684685	0.0337837837838	0.0045045045045
-ede	0.00657894736843	0.993421052632	0.0	0.0
-swí	0.153282549282	0.285863813456	0.454148979473	0.106704657789
-rsi	0.230769230769	0.69055944056	0.0786713286713	0.0
-ə̌l	0.285913886558	0.560292975332	0.0947644449716	0.0590286931388
-swé	0.530453033423	0.0893790590844	0.014256296531	0.365911610962
-wĩ́	0.367481807359	0.437190024766	0.139047170352	0.0562809975234
-wĩ̀	0.74256901709	0.183422331095	0.0236464806864	0.0503621711285
-zhé	0.128129602356	0.730486008837	0.10824742268	0.0331369661266
-cìì	0.46949602122	0.466843501326	0.0318302387268	0.0318302387268
-zhí	0.225077080263	0.648703338932	0.0128172627254	0.113402318079
-zhì	0.581286003181	0.109783440991	0.0570632006754	0.251867355153
-̃ɛ̃	0.250724171226	0.308550584701	0.188255909595	0.252469334478
-kɔ̌	0.106575963719	0.616780045351	0.0272108843537	0.249433106576
-əna	0.430701786491	0.332739598456	0.143187705621	0.0933709094311
-zhã	0.0232531337124	0.955672513336	0.0143239742717	0.00675037867978
-lyẽ	0.530233093646	0.212076490721	0.0449021885892	0.212788227044
-j'ǎ	0.471387098361	0.175499024094	0.0523216716692	0.300792205875
-ban	0.0358010720145	0.934477283294	0.0145230763832	0.015198568308
-cəə	0.0	1.0	0.0	0.0
-ɔrá	0.140383715489	0.798783341132	0.029948525971	0.0308844174076
-jǒm	0.553943217666	0.338170347003	0.0567823343849	0.0511041009463
-ɛ̃̀	0.259688656557	0.0986085402581	0.00778200771025	0.633920795475
-rɛ̀	0.11309978468	0.236267697689	0.182422156911	0.468210360721
-rɛ́	0.170617165804	0.191539728001	0.0345619588706	0.603281147324
-úlí	0.206481827852	0.311207021881	0.0804344142597	0.401876736007
-yẽ̌	0.573376044616	0.137881289618	0.0321019601768	0.256640705589
-úvǔ	0.526427061311	0.283298097252	0.0507399577167	0.139534883721
-nká	0.152846433997	0.828047761754	0.0	0.0191058042496
-tùr	0.221563981043	0.767772511848	0.00710900473934	0.00355450236967
-idə	0.00654359186936	0.980576487483	0.000888270389507	0.0119916502583
-pyǎ	0.145334529979	0.807011956805	0.0169363944298	0.0307171187864
-urí	0.0684274361435	0.365905758404	0.360384497022	0.20528230843
-ɔlɛ	0.513970123329	0.342316467531	0.109731913383	0.0339814957573
-yɔm	0.0606205250596	0.890692124105	0.0200477326969	0.0286396181384
-adã	0.131147540984	0.868852459016	0.0	0.0
-asa	0.0442477876106	0.920353982301	0.0176991150442	0.0176991150442
-ɛnɛ	0.364249355457	0.256723378426	0.28990907288	0.0891181932366
-imə	0.186426311396	0.49715624171	0.28421406803	0.0322033788637
-wàà	0.64347826087	0.208695652174	0.00869565217391	0.139130434783
-wã̀	0.159290685112	0.58621252087	0.208827325916	0.0456694681015
-dɔ̃	0.0652218924701	0.886638139278	0.0108703154117	0.0372696528401
-dɔ́	0.482587064677	0.36815920398	0.119402985075	0.0298507462686
-àná	0.242387077733	0.417621117603	0.278853455365	0.0611383492989
-əmɔ	0.00494389076356	0.993643569018	0.0	0.00141254021816
-bɛn	0.0	1.0	0.0	0.0
-nyu	0.0833333333333	0.625	0.291666666667	0.0
-msɛ	0.114015572859	0.766407119021	0.101779755284	0.0177975528365
-əmɛ	0.0	0.944444444444	0.0185185185185	0.037037037037
-dɔ̌	0.428454619787	0.493049877351	0.0539656582175	0.0245298446443
-̀nu	0.0462418432289	0.0911141545154	0.0768549101748	0.785789092081
-̀wà	0.750801857637	0.182105210404	0.00958470456557	0.0575082273934
-̀wá	0.23125	0.7	0.03125	0.0375
-wəə	0.0318101518251	0.930525171895	0.00238960181837	0.0352750744617
-hɛ́	0.671084741952	0.1332743975	0.0323216542849	0.163319206263
-yam	0.0	0.857142857143	0.142857142857	0.0
-ɔyà	0.0873287671233	0.912671232877	0.0	0.0
-hɛ̌	0.411057692308	0.242788461538	0.194711538462	0.151442307692
-hìì	0.596758817922	0.253574833174	0.045757864633	0.103908484271
-omə	0.847457627119	0.152542372881	0.0	0.0
-hnà	0.391534391534	0.0687830687831	0.539682539683	0.0
-ókó	0.392042129901	0.159742539497	0.290228203628	0.157987126975
-ram	0.0	1.0	0.0	0.0
-̀na	0.0303147325739	0.329310677737	0.0589882216644	0.581386368025
-èlé	0.529739888342	0.255410902588	0.162798112027	0.0520510970427
-ope	0.0103734439834	0.98755186722	0.0	0.00207468879668
-ɛdɛ	0.215053763441	0.784946236559	0.0	0.0
--má	0.0786516853932	0.606741573034	0.280898876404	0.0337078651685
-ere	0.0516684607104	0.907427341227	0.0	0.0409041980624
-arɛ	0.029032109881	0.909432883662	0.0241525921162	0.0373824143405
-dar	0.148148148148	0.0555555555556	0.777777777778	0.0185185185185
-lsi	0.322062826291	0.578440398156	0.0728948783787	0.0266018971746
-nə'	0.15	0.803846153846	0.0461538461539	0.0
-ədɛ	0.0416666666667	0.958333333333	0.0	0.0
-oze	0.0111524163569	0.944237918216	0.0297397769517	0.0148698884758
-rsè	0.219512195122	0.682926829268	0.0243902439024	0.0731707317073
-rsé	0.00905318747643	0.899283289325	0.0735571482459	0.0181063749528
-yár	0.589407974225	0.329641562626	0.0344341522352	0.0465163109142
-yə́	0.0743562202352	0.820021286398	0.029353303307	0.0762691900597
-rsí	0.256138040042	0.693888303477	0.031717597471	0.0182560590095
-zhi	0.0406867356538	0.939557855127	0.0141110065851	0.00564440263405
-yóm	0.1491657127	0.721788600964	0.0947028827141	0.0343428036216
-lyǒ	0.0842484248425	0.1099909991	0.77695769577	0.028802880288
-zho	0.0940740740741	0.875259259259	0.0228148148148	0.00785185185185
-zal	0.411830268267	0.199043982657	0.0478414795231	0.341284269553
-ənà	0.042837366694	0.842955291222	0.0113310090238	0.10287633306
-dóó	0.217566885411	0.369392562679	0.323254248696	0.0897863032139
-utə	0.0	1.0	0.0	0.0
-yĩ́	0.242987377279	0.293127629733	0.416023842917	0.0478611500702
-aza	0.0	0.833333333333	0.030303030303	0.136363636364
--dõ	0.137728075338	0.719835197175	0.0682754561507	0.0741612713361
-ltɛ	0.28	0.68	0.02	0.02
-cùù	0.181569343066	0.281934306569	0.484489051095	0.0520072992701
-ile	0.00723775530439	0.973527662106	0.0117985326195	0.00743604997025
-éré	0.512455516014	0.348754448399	0.11743772242	0.0213523131673
-dùr	0.607164408743	0.174542843807	0.13214459822	0.0861481492306
-údú	0.0458790702459	0.0315761500842	0.0871376586416	0.835407121028
--vɔ	0.511210762332	0.42600896861	0.0627802690583	0.0
-lam	0.0	1.0	0.0	0.0
-cẽẽ	0.0900962861073	0.858321870702	0.0220082530949	0.0295735900963
-nyǎ	0.137857900318	0.651113467657	0.193152552643	0.0178760793819
-̀má	0.215588723051	0.201768933112	0.0641238253178	0.518518518518
-èta	0.0749494503409	0.108667194451	0.0646292127721	0.751754142436
-tã̀	0.0928413535114	0.493113416086	0.143683047101	0.270362183302
-aam	0.0	1.0	0.0	0.0
-bɛ̀	0.551917186975	0.127509520044	0.124264979869	0.196308313112
-nyǐ	0.480563085488	0.142992802758	0.0346417246249	0.34180238713
-nyǔ	0.184603722491	0.784884053549	0.0199759716236	0.0105362523361
-dùl	0.0982922201139	0.193927893738	0.675332068311	0.0324478178368
-dùm	0.139423076923	0.572115384615	0.240384615385	0.0480769230769
-dùn	0.216666666667	0.55	0.2	0.0333333333333
-əpa	0.663590899486	0.331760231035	0.00211312249067	0.0025357469888
-wã́	0.106586501773	0.803539165722	0.025699602518	0.0641747299873
-tàr	0.855172413793	0.128275862069	0.0165517241379	0.0
-̀lá	0.520161290323	0.467741935484	0.0	0.0120967741935
-yõ̌	0.782898919262	0.109345200254	0.0743801652893	0.0333757151939
-gáá	0.382621334216	0.149666997829	0.446517275638	0.021194392317
-úmí	0.0	0.913907284768	0.0264900662251	0.0596026490066
-ãɔ̃	0.394269614038	0.401168451801	0.141705856761	0.0628560773996
-pya	0.03125	0.9375	0.03125	0.0
-ùrh	0.412470122039	0.346154516807	0.135531619899	0.105843741255
-sám	0.724137931035	0.241379310345	0.0	0.0344827586206
-əka	0.0434782608696	0.898550724638	0.0289855072464	0.0289855072464
-myi	0.00845665961945	0.983086680761	0.00422832980973	0.00422832980973
-pyi	0.579088476507	0.315006865477	0.0709041846844	0.0350004733315
-dom	0.397713950762	0.500293083236	0.0773739742087	0.0246189917937
-ẽẽ́	0.417910447761	0.492537313433	0.0298507462687	0.0597014925373
-̀là	0.155345065205	0.795773020944	0.0432894915038	0.00559242234739
-lùl	0.662090813094	0.292502639916	0.0188565394479	0.0265500075426
-gã̌	0.0593748618418	0.176400371369	0.00840001768425	0.755824749105
-ǐsí	0.189916046104	0.77156951098	0.0298818953659	0.00863254755017
-írh	0.196551201576	0.474568700798	0.157883822392	0.170996275234
-zhǐ	0.59967513658	0.181859663986	0.033124855945	0.185340343489
-zhǔ	0.366790760906	0.485196472542	0.043755598871	0.10425716768
-yám	0.365089182728	0.553526353622	0.0699754266896	0.0114090369603
-akɛ	0.00916578879699	0.98421019577	0.00385117176344	0.00277284366968
-̌rh	0.292123907711	0.427672668231	0.128538087989	0.151665336068
-yál	0.690480491548	0.127673650216	0.0496433523409	0.132202505895
-ǔnə	0.44911834882	0.322758045431	0.179239975946	0.0488836298035
-ole	0.116504854369	0.854368932039	0.0291262135922	0.0
-lùr	0.0293159609121	0.931596091205	0.0	0.0390879478827
-árá	0.663381760053	0.146912161226	0.0807636195923	0.108942459129
-mwà	0.0101954120646	0.0734919286321	0.897196261682	0.0191163976211
-tɔ̀	0.022580627073	0.0502727705897	0.22993621915	0.697210383188
-ènu	0.00480267920892	0.40086576869	0.0	0.594331552102
-ə̀l	0.831528397741	0.0802865876517	0.0221244157371	0.0660605988702
-ɔ̌'	0.640845070423	0.274647887324	0.0	0.0845070422535
-umə	0.229236840819	0.594264309934	0.135408515867	0.0410903333799
-àmá	0.112228996777	0.802835227015	0.0677791730336	0.0171566031741
-ɛɛ́	0.0678591404984	0.0351822203496	0.883908804441	0.0130498347112
-ɔda	0.0	1.0	0.0	0.0
-ámm	0.0789473684211	0.842105263158	0.0789473684211	0.0
-ɔ̌n	0.281306715063	0.5444646098	0.141560798548	0.032667876588
-tər	0.06530206642	0.0832601346855	0.0100259966107	0.841411802284
-ɔ̌l	0.572255270998	0.40696978517	0.0132204188019	0.00755452502969
-ə̀r	0.685978301387	0.186056777383	0.0475760726688	0.0803888485609
--jì	0.130259316756	0.830149439271	0.0278375934179	0.0117536505542
-lɔ́	0.0976494402575	0.792271760352	0.0944219271124	0.0156568722776
-lɔ̀	0.094951223442	0.417027544644	0.370929133613	0.117092098301
-həl	0.631079081754	0.310218107192	0.0193289743712	0.0393738366821
-wã̌	0.271627073061	0.67861945316	0.0336172120125	0.016136261766
-híl	0.135135135135	0.189189189189	0.675675675676	0.0
-̀mm	0.196721311475	0.704918032787	0.0983606557377	0.0
-ipi	0.0	1.0	0.0	0.0
-jòm	0.662852412991	0.124214918094	0.0216942668747	0.19123840204
-mǔr	0.770547945205	0.174657534247	0.0102739726028	0.0445205479452
-rhi	0.486812358704	0.0813865862848	0.10851544838	0.323285606631
-hɔ́	0.493738878819	0.433466926092	0.0189690630214	0.0538251320684
-hɔ̀	0.085236241187	0.357922059701	0.0592795257638	0.497562173349
-ànà	0.484526377135	0.232515279362	0.220336619164	0.0626217243389
-wə̌	0.120831333397	0.35684938082	0.404531055006	0.117788230777
--ná	0.206106870229	0.52417302799	0.229007633588	0.0407124681934
-́má	0.15953934535	0.594510361397	0.117630468425	0.128319824828
-zwì	0.659591350922	0.147986510613	0.0389307677048	0.15349137076
-wə́	0.287435587535	0.528790019834	0.103171024232	0.0806033683978
-wə̀	0.282193139769	0.373062180898	0.0954216869583	0.249322992375
-ùrú	0.101265822785	0.848101265823	0.0506329113924	0.0
-lɛm	0.00652398406233	0.978132243639	0.0025262710024	0.0128175012964
-awa	0.145038167939	0.824427480916	0.030534351145	0.0
-gál	0.348837209302	0.549039433772	0.0819009100101	0.0202224469161
-ùrì	0.252759021911	0.154621860093	0.542764122207	0.0498549957888
-ùrí	0.15916451507	0.384975951478	0.34170148927	0.114158044182
-yəə	0.0522861381717	0.937256634194	0.00190131411534	0.00855591351902
-ywẽ	0.223612647645	0.332818824402	0.42604651779	0.0175220101621
-íri	0.0577164366373	0.810539523212	0.131744040151	0.0
-pyé	0.100130890052	0.473167539267	0.0373036649215	0.389397905759
-́sí	0.2109375	0.6484375	0.140625	0.0
-sɔ́	0.803085554321	0.160131901206	0.0	0.0367825444727
-kùr	0.314866561515	0.139765053141	0.148113045881	0.397255339463
-ə̃̌	0.0815677137974	0.856317960215	0.052558275836	0.009556050152
-əyi	0.0139480119554	0.975364550312	0.00634000543429	0.0043474322978
-bàn	0.852071203629	0.0619398060361	0.0301053352602	0.0558836550751
-oló	0.0540962288687	0.846033810143	0.0592977893368	0.0405721716515
-əya	0.0	1.0	0.0	0.0
-írí	0.746148331913	0.145423223729	0.022049744223	0.0863787001347
-ə̃́	0.0597532374834	0.828489854186	0.0899357601713	0.0218211481595
-ə̃̀	0.280597081536	0.513514248537	0.149953767045	0.0559349028829
-óló	0.0921017796579	0.577301305991	0.301235143994	0.0293617703571
-dɛ̃	0.0497025900287	0.64159567521	0.0138198105717	0.29488192419
-dɛ̀	0.265333549598	0.569084968835	0.140556572514	0.025024909053
-dɛ́	0.167398904606	0.448128571327	0.0389961346956	0.345476389372
-pɔ̃	0.436422628103	0.127956433774	0.0244797563748	0.411141181748
-sti	0.087912087912	0.912087912088	0.0	0.0
-wúl	0.816938453446	0.115728563914	0.0673329826407	0.0
--dǒ	0.0588803088803	0.759652509653	0.178571428571	0.00289575289575
-cə́	0.0861610466972	0.581852994362	0.33198595894	0.0
-pɔ̌	0.741883825884	0.133935070607	0.0659484641141	0.0582326393943
-dɛ̌	0.64971582411	0.0634160933293	0.00807657792402	0.278791504637
-kùl	0.116478555305	0.371557562077	0.49841986456	0.0135440180587
-gá'	0.0533333333333	0.933333333333	0.0	0.0133333333333
-wár	0.481135117704	0.356659142212	0.146726862303	0.0154788777813
-oli	0.0982142857143	0.901785714286	0.0	0.0
-ùlì	0.365522960041	0.43821294906	0.133625423007	0.0626386678918
-ùlí	0.316096925059	0.324526506427	0.168399108362	0.190977460152
-ìmì	0.344727014934	0.627025247879	0.0156931873263	0.012554549861
-nãã	0.0628571428571	0.662857142857	0.217142857143	0.0571428571428
-zhũ	0.213334954112	0.533823618793	0.252841427095	0.0
-wǎl	0.221914980137	0.468184804029	0.235953580031	0.0739466358034
-dàl	0.348829080741	0.366043341489	0.129674938833	0.155452638937
-bùr	0.484905441178	0.355207581302	0.118208900728	0.0416780767922
-púl	0.741599073001	0.188876013905	0.0434530706836	0.0260718424102
-pún	0.185185185185	0.685185185185	0.111111111111	0.0185185185185
-ámá	0.377551020408	0.132653061224	0.15306122449	0.336734693878
-ìmú	0.0570884871551	0.529019980971	0.399619410086	0.0142721217888
-wál	0.623417518154	0.163389242337	0.0385579332948	0.174635306214
-ùlú	0.0599345120927	0.870012513758	0.0473293093612	0.0227236647882
-ùlù	0.0861153120274	0.48005849342	0.427326925721	0.00649926883225
-úli	0.806451612903	0.0645161290323	0.0645161290322	0.0645161290322
-dǎr	0.020920502092	0.953974895397	0.0251046025105	0.0
-láá	0.539078908652	0.248556672788	0.0	0.21236441856
-hĩĩ	0.232867990788	0.627411214739	0.120224869663	0.0194959248102
--jù	0.106976957058	0.879467023825	0.00945768775563	0.00409833136077
-zhǎ	0.0366924002701	0.90357237209	0.019843250066	0.0398919775736
--ju	0.117702025194	0.713975093892	0.0949163506982	0.0734065302162
-úsí	0.41935483871	0.516129032258	0.0	0.0645161290322
-góm	0.388819617623	0.532418952618	0.0336658354115	0.0450955943474
-sɛ̀	0.141338264976	0.596119648195	0.22349922585	0.0390428609787
-esé	0.153722194136	0.783240647118	0.039812942366	0.0232242163802
-éné	0.617266399183	0.306658663213	0.0379321601955	0.0381427774092
-aɔm	0.00607533414338	0.993924665857	0.0	0.0
-dǎl	0.138036289639	0.336442258776	0.315923350856	0.209598100729
-̀mú	0.144041903099	0.855958096901	0.0	0.0
-úri	0.0431893687708	0.781100036914	0.0376522702104	0.138058324105
-úrh	0.560505809541	0.383652540847	0.042546018752	0.01329563086
-n'ô	0.373902073392	0.217014695325	0.147692242726	0.261390988556
-m'ê	0.378485170944	0.25291640267	0.0571020076971	0.311496418689
-m'é	0.372151825157	0.323849104859	0.0848639851197	0.219135084864
-úrú	0.013767735155	0.962690488702	0.0134524435102	0.0100893326327
-fóó	0.872928176796	0.060773480663	0.0331491712707	0.0331491712707
-m'â	0.4497082046	0.42842430484	0.0144181256437	0.107449364916
-m'á	0.443549500876	0.275316682964	0.0811111663546	0.200022649806
-m'à	0.727853881278	0.211872146119	0.0164383561644	0.0438356164383
-ndi	0.167400881057	0.581497797357	0.251101321586	0.0
-ána	0.44541380439	0.392905739924	0.152169840646	0.00951061504036
-n'â	0.119531872739	0.0369167579751	0.0107567593865	0.832794609899
-ifu	0.0333944206883	0.801058847485	0.161066992466	0.00447973936062
-ure	0.0731707317073	0.80487804878	0.121951219512	0.0
-n'é	0.110384167027	0.0668548425828	0.014058618326	0.808702372064
-n'ê	0.33802065	0.0289881816783	0.00289061901635	0.630100549306
-m'ô	0.730205278592	0.131964809384	0.0791788856305	0.0586510263929
-uwə	0.535309503052	0.227986050567	0.17262423714	0.0640802092415
-ala	0.0615793946723	0.80967665662	0.0577698782241	0.0709740704839
-ɔ̀n	0.364297914338	0.545851434906	0.0793164365288	0.0105342142265
-ɔ̀m	0.816267244001	0.103254483594	0.00757817302969	0.0729000993746
--sà	0.124641833811	0.785100286533	0.0902578796562	0.0
-əfu	0.161290322581	0.741935483871	0.0645161290322	0.0322580645161
--dṍ	0.260906757913	0.673510122612	0.0570287995438	0.00855431993156
-k'é	0.298030251721	0.179337396997	0.0406366407044	0.481995710577
-fùù	0.601413811854	0.242704368316	0.130868225485	0.0250135943447
-lə̀	0.390828126236	0.405047325266	0.0881116472005	0.116012901298
-lə́	0.151009321256	0.589366073054	0.0989151003779	0.160709505312
-d'á	0.10922967017	0.190471760541	0.0946083757375	0.605690193552
-yẽ́	0.158783783784	0.536036036036	0.0675675675675	0.237612612613
-́ná	0.0168016305845	0.918883931031	0.0582548339118	0.00605960447309
-pwà	0.324958103353	0.155388872959	0.353945612364	0.165707411325
-abá	0.0491986251471	0.887335848916	0.0361459286795	0.0273195972578
--sõ	0.150352321929	0.339757195008	0.274556413957	0.235334069106
-pɔn	0.313157894737	0.181578947368	0.489473684211	0.0157894736842
-ə̀n	0.106014390189	0.533199016274	0.157185024438	0.203601569099
-y'ǎ	0.682165587503	0.0565426516254	0.0277781065906	0.233513654281
-pwí	0.460869565217	0.308695652174	0.204347826087	0.0260869565217
-hǐr	0.76271862819	0.0325901620842	0.0032247532056	0.20146645652
-ómó	0.0294924095499	0.919949174079	0.0252792081856	0.0252792081857
-mún	0.122799295775	0.776848591549	0.068661971831	0.0316901408451
-bə̀	0.0397327777561	0.012833485728	0.000928291842898	0.946505444673
-bə́	0.471635789171	0.242855091196	0.137871607066	0.147637512566
-gwi	0.671130488944	0.24104640299	0.0482715664902	0.0395515415759
-zwí	0.577268195414	0.267198404786	0.107676969093	0.0478564307079
-bə̌	0.488985691902	0.422868851048	0.0310232614198	0.0571221956301
-b'ò	0.475665748393	0.261707988981	0.182736455464	0.0798898071625
-nnə	0.0587113223657	0.914991788874	0.0110099250947	0.0152869636653
-eli	0.0	0.960784313725	0.0392156862745	0.0
-b'è	0.427150084317	0.243591905565	0.115795390669	0.213462619449
-b'é	0.322674418605	0.401162790698	0.200581395349	0.0755813953489
-b'ê	0.719298245614	0.157894736842	0.0964912280702	0.0263157894737
-ɔ̌r	0.68472906404	0.20197044335	0.0985221674876	0.0147783251231
-dɛm	0.0	1.0	0.0	0.0
-oge	0.025	0.9625	0.0125	0.0
-b'á	0.308628773546	0.422390392367	0.165336842971	0.103643991116
-b'â	0.505376344086	0.408602150538	0.0645161290322	0.0215053763441
-ele	0.407912687585	0.473396998636	0.113233287858	0.00545702592087
-shə	0.861101613558	0.138898386442	0.0	0.0
-tɛ̀	0.0616966580977	0.492716366752	0.44558697515	0.0
-shɛ	0.573033707865	0.247191011236	0.0224719101123	0.157303370787
-war	0.688163570362	0.126287951911	0.0419359521497	0.143612525577
-ónə	0.569920844327	0.11345646438	0.316622691293	0.0
-shɔ	0.748869194916	0.219688430329	0.0244551803647	0.00698719438991
-zhɛ	0.0513698630137	0.945205479452	0.00342465753425	0.0
-tɛ̌	0.225098039216	0.179215686275	0.150980392157	0.444705882353
-ŋwĩ	0.663316582915	0.306532663317	0.0	0.0301507537689
-lár	0.189396581793	0.628531566097	0.115102895012	0.066968957098
-iti	0.0579096045198	0.908192090395	0.0194915254237	0.014406779661
-̃bá	0.00332431387708	0.992732895245	0.000695786625434	0.00324700425203
-wìì	0.241201456311	0.545813106796	0.153519417476	0.0594660194174
-ɛrh	0.182101167315	0.356420233463	0.32373540856	0.137743190661
-vɛ̃	0.142194744977	0.732612055641	0.0185471406491	0.106646058733
-cɔ̌	0.578013596419	0.237053003924	0.164041341955	0.0208920577019
-kám	0.480176211454	0.370044052863	0.0925110132159	0.057268722467
-cì'	0.444836716681	0.396293027361	0.0635481023831	0.0953221535746
-ezu	0.00500835676348	0.812584414714	0.00376359268589	0.178643635837
-úrí	0.061927688096	0.860851505711	0.0694798451808	0.00774096101199
-ərɛ	0.0238095238095	0.96336996337	0.0054945054945	0.007326007326
-cɔ̀	0.631790109157	0.101110098654	0.183288974004	0.0838108181851
-cɔ̃	0.185185185185	0.404320987654	0.222222222222	0.188271604938
-ndé	0.338983050847	0.173728813559	0.444915254237	0.0423728813559
-áná	0.298372118431	0.647000983284	0.0405331585272	0.0140937397575
-ulə	0.216559401635	0.767611758567	0.0116542007306	0.00417463906766
-ndí	0.094249201278	0.905750798722	0.0	0.0
-ɔtɛ	0.0271792787038	0.96476760168	0.00603983971195	0.00201327990398
-bri	0.742587220152	0.232030150796	0.0124975539986	0.0128850750529
-udi	0.0	1.0	0.0	0.0
-pùl	0.735435229609	0.198766278273	0.0472926662097	0.0185058259082
-alá	0.0610757083026	0.855576936608	0.0483980016704	0.0349493534186
-shó	0.150653780557	0.703240477544	0.144400227402	0.00170551449687
-amɛ	0.00447245375076	0.988818865623	0.0	0.00670868062614
-bsɛ	0.0875912408759	0.813868613139	0.0766423357664	0.021897810219
-twã	0.25340599455	0.594005449591	0.108991825613	0.0435967302452
