anu-	0.183216266427	0.334398118785	0.050271339093	0.432114275695
kud-	0.165115190284	0.0264170629152	0.0321183230004	0.776349423801
hie-	0.0	1.0	0.0	0.0
béb-	0.597103786207	0.133486852098	0.0419708574686	0.227438504227
atá-	0.451231000226	0.381661490364	0.0491412822148	0.117966227195
bɛƒ-	0.603058912043	0.177264359355	0.0608810346189	0.158795693983
bɔl-	0.451654585851	0.118799945099	0.0356424452569	0.393903023794
alɛ-	0.38774979393	0.290471047471	0.0998421257097	0.221937032889
lee-	0.0208050179671	0.131886189899	0.0267253720732	0.820583420061
uuƒ-	0.225796473863	0.329106093412	0.369007114136	0.0760903185896
maa-	0.00538772368674	0.0167754123883	0.106075183235	0.87176168069
uti-	0.39432933724	0.17938323496	0.0319507116438	0.394336716157
ngy-	0.691114566046	0.066847245019	0.0329411771838	0.209097011751
aay-	0.531418933427	0.195590755061	0.0840606626751	0.188929648837
gad-	0.0103986135182	0.958405545927	0.0207972270364	0.0103986135182
bɛb-	0.565660103948	0.172310626004	0.040936117702	0.221093152346
eee-	0.224878911355	0.161220881064	0.246790189898	0.367110017683
tut-	0.0261324041811	0.410278745645	0.095818815331	0.467770034843
gyu-	0.560464495462	0.154694173785	0.0442471970102	0.240594133743
úté-	0.416309874049	0.201664935138	0.042624200779	0.339400990034
ɔma-	0.104530819498	0.497966665916	0.010953543848	0.386548970738
udi-	0.183697742465	0.580773129245	0.0629249651595	0.172604163131
été-	0.292487479132	0.539232053422	0.0841402337229	0.0841402337229
nél-	0.34391584801	0.302778110178	0.0939019380232	0.259404103789
mah-	0.0	1.0	0.0	0.0
wav-	0.477678571429	0.372767857143	0.0647321428571	0.0848214285714
nle-	0.254901960784	0.745098039216	0.0	0.0
béd-	0.338058662818	0.128975720398	0.0464199185525	0.486545698232
aku-	0.275219123506	0.283984063745	0.0921115537849	0.348685258964
waƒ-	0.314110127603	0.282489556237	0.211745304293	0.191655011867
lis-	0.298398498977	0.373652563658	0.0547597041257	0.273189233239
blɔ-	0.00189184265475	0.968567384633	0.00231925895823	0.0272215137544
ana-	0.152742362882	0.526107027982	0.0491642084562	0.27198640068
bɛk-	0.310761120448	0.24635298523	0.0831047569575	0.359781137365
yal-	0.0	1.0	0.0	0.0
nkɛ-	0.289439842091	0.181834494721	0.0798516613333	0.448874001854
bɛy-	0.587097411923	0.14880211782	0.0347698152357	0.229330655021
lɛƒ-	0.158778003091	0.673149194819	0.0956461016035	0.0724267004864
duo-	0.277385989657	0.592383638928	0.0376116596145	0.0926187118006
bap-	0.0189343366914	0.940769510863	0.0315572278189	0.00873892462677
aƒi-	0.0175438596491	0.491228070175	0.473684210526	0.0175438596491
maƒ-	0.697784258232	0.261568115075	0.0169365111221	0.023711115571
une-	0.059100832602	0.423599666103	0.452633719313	0.0646657819824
bɛn-	0.364821674315	0.11749344221	0.0244097415691	0.493275141906
ɔɔk-	0.496674868726	0.307597766293	0.11635167529	0.079375689691
mbo-	0.550074312055	0.146840092397	0.0641047684001	0.238980827148
nƒa-	0.389937106918	0.584905660377	0.0251572327044	0.0
úwu-	0.920792079208	0.0792079207921	0.0	0.0
kat-	0.104480073503	0.674911473032	0.0193012639551	0.20130718951
ayɛ-	0.761467889908	0.0550458715596	0.165137614679	0.0183486238532
abi-	0.437399528653	0.4530893131	0.022359441518	0.0871517167291
ayu-	0.0419093621253	0.894738244069	0.0278803807359	0.0354720130701
mil-	0.0	1.0	0.0	0.0
ɔva-	0.441610988368	0.3743977427	0.0239571964756	0.160034072457
ɔsu-	0.115320508238	0.0939352775565	0.00488614768017	0.785858066526
sod-	0.00485296666474	0.995147033335	0.0	0.0
ɔɔb-	0.594691207175	0.211842691686	0.0411535666616	0.152312534477
amm-	0.0814752573951	0.0405806805515	0.0185700923025	0.859373969751
ɔbɛ-	0.0	0.010752688172	0.745519713262	0.243727598566
bay-	0.13745110212	0.559061648916	0.160134836373	0.143352412591
med-	0.551431466937	0.304535089942	0.0604256397263	0.083607803395
nka-	0.459076482245	0.0126015048602	0.0111374296067	0.517184583288
ked-	0.181254877642	0.289374254347	0.431666507521	0.0977043604898
tam-	0.0	1.0	0.0	0.0
mey-	0.69109947644	0.30890052356	0.0	0.0
líd-	0.341501059069	0.244001619328	0.0306154168685	0.383881904734
émw-	0.830188679245	0.0943396226415	0.0	0.0754716981132
mar-	0.0126417176683	0.805458011438	0.000601986555632	0.181298284338
uyi-	0.517482517482	0.314685314685	0.0419580419581	0.125874125874
úun-	0.581395348837	0.0930232558139	0.0	0.325581395349
abr-	0.00963656387665	0.959054436753	0.0296570169918	0.00165198237885
bik-	0.638106110677	0.251336898396	0.0606861743675	0.0498708165595
baƒ-	0.109841449451	0.774165542375	0.0318657024683	0.0841273057059
ták-	0.95	0.05	0.0	0.0
úse-	0.434723480873	0.156133400674	0.0165321054473	0.392611013006
ɔƒi-	0.11463878327	0.616730038023	0.191634980989	0.0769961977186
náy-	0.506033535716	0.148040721841	0.051900875458	0.294024866985
gee-	0.213010956158	0.211635251712	0.149536647905	0.425817144225
her-	0.0156514654489	0.911644261487	0.049527239982	0.0231770330825
ate-	0.0255319148936	0.968085106383	0.0	0.0063829787234
euo-	0.137931034483	0.862068965517	0.0	0.0
éel-	0.0805639476334	0.7583081571	0.0	0.161127895267
ɔɔt-	0.475860458742	0.225826641732	0.0578750775113	0.240437822015
kam-	0.135967196096	0.0710202227433	0.0201112195297	0.772901361631
kle-	0.0506756756757	0.908783783784	0.0405405405405	0.0
kúb-	0.429158415759	0.359870810388	0.122336423496	0.0886343503568
sin-	0.0419580419581	0.944055944056	0.0034965034965	0.0104895104895
bod-	0.0102773568746	0.931286646024	0.00731273469926	0.051123262402
aal-	0.526420754356	0.236544486085	0.0698016469865	0.167233112572
dor-	0.0	0.96174863388	0.0327868852459	0.00546448087431
atɔ-	0.436532079646	0.430724557522	0.0622234513274	0.0705199115044
líy-	0.711359762468	0.226782866883	0.0329905976797	0.0288667729697
pat-	0.0252808988764	0.974719101124	0.0	0.0
ƒ^i-	0.00251783466219	0.997482165338	0.0	0.0
nwe-	0.777994385056	0.0616611159907	0.00215710088278	0.15818739807
ske-	0.0	0.952380952381	0.0	0.047619047619
ɔmw-	0.0518878675074	0.728177467143	0.0359340575856	0.184000607764
maw-	0.109090909091	0.218181818182	0.0	0.672727272727
kúk-	0.524390243903	0.309312638581	0.126385809313	0.039911308204
kɔt-	0.328917392254	0.366626096183	0.0990543956559	0.205402115907
kem-	0.0146930108231	0.0046151977247	0.00109094821511	0.979600843237
káv-	0.278977084025	0.679176353371	0.0209232813019	0.0209232813019
ees-	0.502415458937	0.285990338164	0.176811594203	0.0347826086956
sil-	0.0324275207996	0.945991992504	0.00397535281256	0.0176051338842
ɔgb-	0.157197052283	0.53603976802	0.045349496359	0.261413683338
néw-	0.564567285908	0.272315360217	0.0217489805166	0.141368373357
naa-	0.238836094646	0.454419713893	0.137771607578	0.168972583882
bét-	0.516040379395	0.154899048483	0.038432933705	0.290627638417
aaw-	0.669132693216	0.0988509365653	0.0176294663938	0.214386903825
dɔn-	0.601542416452	0.329048843188	0.0694087403599	0.0
por-	0.392857142857	0.607142857143	0.0	0.0
ulu-	0.153069791805	0.361252227438	0.0555261766261	0.430151804131
éem-	0.775280898876	0.157303370787	0.0674157303371	0.0
búb-	0.40968648054	0.336589664121	0.0679194541996	0.18580440114
buu-	0.348746007743	0.273107535578	0.0967916965677	0.281354760111
ába-	0.504023967573	0.347013483306	0.03060874297	0.118353806151
yod-	0.0	1.0	0.0	0.0
yoh-	0.0185440077185	0.916906027466	0.0113521192836	0.0531978455315
bak-	0.204556110442	0.409715301725	0.109943737353	0.27578485048
ute-	0.3300553862	0.116591577132	0.039776450206	0.513576586463
nák-	0.429991990154	0.3230312384	0.129173422939	0.117803348506
lík-	0.534090990111	0.231268314594	0.131116450516	0.103524244779
gug-	0.044776119403	0.0149253731344	0.940298507463	0.0
epa-	0.0	0.992729035385	0.00727096461464	0.0
bev-	0.28965038777	0.628831239624	0.0676429049282	0.0138754676776
náv-	0.223284589426	0.37326584177	0.111736032996	0.291713535808
sap-	0.0	1.0	0.0	0.0
asi-	0.261787927961	0.563003669137	0.0698694177382	0.105338985164
eve-	0.229754810069	0.649911865924	0.0503156971918	0.0700176268152
nan-	0.0838881491345	0.806924101198	0.0159786950732	0.0932090545939
oto-	0.141365162253	0.749720253637	0.0738530399105	0.0350615441999
náa-	0.262796027502	0.249809014515	0.31474407945	0.172650878533
bɛw-	0.446581930608	0.298351082102	0.15922363449	0.0958433527997
bɔ́-	0.387115652524	0.228124417108	0.0761508078247	0.308609122544
su--	0.637698480451	0.115653852721	0.022064328023	0.224583338806
usi-	0.271001702164	0.624687102173	0.00514940424253	0.0991617914205
mue-	0.0795079104999	0.0421042735502	0.0352771584875	0.843110657462
kya-	0.437670609645	0.354868061874	0.0928116469518	0.114649681529
nsu-	0.0321855583628	0.0110101396889	0.001880918282	0.954923383666
amu-	0.0703505693642	0.0312633293264	0.00122791370998	0.897158187599
ákw-	0.503779907809	0.449573804431	0.0404267827254	0.00621950503469
yis-	0.167785234899	0.832214765101	0.0	0.0
mel-	0.0469871655427	0.894278877529	0.0378507722428	0.0208831846857
kri-	0.0108995330526	0.941004485215	0.00330437776531	0.0447916039674
bíg-	0.357843137255	0.362745098039	0.0735294117647	0.205882352941
báƒ-	0.598920574359	0.169681628421	0.0482027811431	0.183195016077
ɔdɔ-	0.0611491829204	0.739940256545	0.1430328589	0.0558777016342
kɔp-	0.121951219512	0.756097560976	0.0731707317073	0.0487804878049
náb-	0.51583790655	0.194966043541	0.151597641422	0.137598408486
mir-	0.0	1.0	0.0	0.0
isa-	0.0	0.995993990986	0.00400600901353	0.0
tee-	0.321015087826	0.217977042773	0.0836056552768	0.377402214124
eut-	0.0645161290323	0.935483870968	0.0	0.0
mmu-	0.268389662028	0.0417495029821	0.0298210735586	0.660039761432
éle-	0.0377358490566	0.77358490566	0.0377358490566	0.150943396226
ábi-	0.489285714286	0.210714285714	0.160714285714	0.139285714286
bab-	0.266487415353	0.472048574995	0.126947422056	0.134516587596
ita-	0.0	1.0	0.0	0.0
úbi-	0.49702396093	0.227247291041	0.0859744620237	0.189754286005
úwi-	0.560230329103	0.209872767108	0.035207638628	0.194689265161
kɔl-	0.189855402206	0.627448892159	0.0303524661984	0.152343239436
édu-	0.394229917634	0.313169781242	0.118567885927	0.174032415198
ɔbɔ-	0.179581795818	0.617466174662	0.166051660517	0.0369003690037
lɛb-	0.237868723805	0.29245123632	0.269641430713	0.200038609162
ɔla-	0.104517809561	0.134415887013	0.322373373481	0.438692929945
mmɔ-	0.176194849668	0.0223255319292	0.00241698516171	0.799062633241
sor-	0.0	1.0	0.0	0.0
ása-	0.474335248856	0.28606214084	0.138307197818	0.101295412487
yia-	0.371134020619	0.556701030928	0.0721649484536	0.0
ƒut-	0.0206825232678	0.180972078594	0.798345398139	0.0
ata-	0.168990862506	0.713145614059	0.0675605654142	0.050302958021
opo-	0.0128479657387	0.987152034261	0.0	0.0
akw-	0.0130773201615	0.884642246222	0.0923611040821	0.0099193295343
aan-	0.0688161620281	0.020646449637	0.0238087967779	0.886728591557
ede-	0.202105263158	0.128421052632	0.618947368421	0.0505263157894
kút-	0.431904277927	0.394992146355	0.0713526748591	0.101750900859
kev-	0.118199676974	0.826348622717	0.0372110094178	0.0182406908911
táw-	0.349514563107	0.349514563107	0.233009708738	0.0679611650485
ɔ́v-	0.69933181701	0.0990732112155	0.0499650188219	0.151629952952
uba-	0.585349201747	0.301120093702	0.0339995630091	0.0795311415417
úme-	0.505543237251	0.310421286031	0.0243902439024	0.159645232816
néb-	0.527508636069	0.24518333384	0.0803975910374	0.146910439054
mal-	0.404471599665	0.41506934494	0.107058855335	0.0734002000594
sab-	0.0	1.0	0.0	0.0
nli-	0.634247176422	0.179956837874	0.0194029321157	0.166393053589
nyi-	0.547826086957	0.152173913043	0.0173913043478	0.282608695652
aki-	0.0	1.0	0.0	0.0
kɔm-	0.152769847648	0.168071825787	0.0450053110921	0.634153015472
nin-	0.140075874432	0.313205572559	0.115924861599	0.430793691411
nƒɔ-	0.630136986301	0.041095890411	0.246575342466	0.0821917808219
úƒi-	0.446576763486	0.295124481328	0.0129668049792	0.245331950207
tik-	0.635570589283	0.284671532847	0.0722805768203	0.00747730105038
éye-	0.316448801743	0.462962962963	0.0408496732026	0.179738562091
pto-	0.103286384976	0.896713615024	0.0	0.0
uni-	0.0177125759289	0.943019543876	0.0	0.0392678801949
béw-	0.58506996614	0.269855234991	0.0438043488363	0.101270450032
búu-	0.380952380952	0.289682539683	0.0406746031746	0.28869047619
únw-	0.555175243231	0.0731290161017	0.00440106136976	0.367294679298
ɔtɔ-	0.216320843178	0.654845280969	0.0345355897224	0.0942982861306
sir-	0.0366972477065	0.95871559633	0.0	0.0045871559633
emo-	0.253968253968	0.257495590829	0.425044091711	0.0634920634921
ƒot-	0.0	1.0	0.0	0.0
kɔs-	0.179114452799	0.494549934157	0.166019568696	0.160316044348
lim-	0.0666906239397	0.729794081215	0.0223641813338	0.181151113511
mab-	0.472052325206	0.149853780939	0.0232474469322	0.354846446923
wal-	0.606099935107	0.245295262816	0.0947436729396	0.0538611291369
sit-	0.04	0.306666666667	0.573333333333	0.08
úum-	0.355450236967	0.0	0.284360189574	0.36018957346
ɔdu-	0.440356446384	0.190540297531	0.0679739801762	0.30112927591
údu-	0.470503971871	0.206165237289	0.0549271668558	0.268403623984
and-	0.0014450867052	0.99710982659	0.0	0.0014450867052
kás-	0.213213213213	0.518232518233	0.125268125268	0.143286143286
ALL	0.234918677364	0.291787916637	0.054276824724	0.419016581275
búƒ-	0.381114419396	0.376435559336	0.140365801787	0.102084219481
ɛ-ɛ-	0.446428571429	0.553571428571	0.0	0.0
dio-	0.0128755364807	0.948497854077	0.0128755364807	0.0257510729614
ine-	0.0	0.144265568451	0.0	0.855734431549
rah-	0.09375	0.897321428571	0.0	0.00892857142856
nii-	0.224783861672	0.64265129683	0.0634005763689	0.0691642651295
uku-	0.451685393259	0.460674157303	0.0741573033707	0.0134831460674
per-	0.0	0.995229034731	0.0	0.00477096526851
nék-	0.591011169113	0.148277041598	0.170882969705	0.0898288195839
bíƒ-	0.21052631579	0.578947368421	0.126315789474	0.0842105263157
kuw-	0.1	0.66338028169	0.223943661972	0.012676056338
arm-	0.0	1.0	0.0	0.0
sɔs-	0.257529881532	0.0708364184473	0.0819758832241	0.589657816797
big-	0.366699905747	0.543417979155	0.0432677203	0.0466143947983
liv-	0.137519328869	0.771694397151	0.0743791160318	0.0164071579482
áƒɛ-	0.296596775893	0.269307765251	0.348751448741	0.0853440101149
tel-	0.121621621622	0.279279279279	0.0675675675674	0.531531531532
kyi-	0.599579242637	0.284712482468	0.0736325385694	0.0420757363254
bág-	0.605263157895	0.200199866756	0.0916055962692	0.102931379081
lid-	0.105324578871	0.50881024643	0.215972771089	0.16989240361
nɔɔ-	0.498345153664	0.0439716312057	0.0382978723404	0.41938534279
gas-	0.0408163265306	0.795918367347	0.0408163265306	0.122448979592
ɔlɔ-	0.0545429916224	0.844082749358	0.0607283973465	0.0406458616736
ɔyu-	0.180505210398	0.50661909158	0.0421178824261	0.270757815596
lɛw-	0.161747555396	0.639813402709	0.142818695613	0.0556203462815
kug-	0.168590836046	0.757475594868	0.0179781911631	0.0559553779223
eeƒ-	0.0983543941178	0.418467708565	0.473628927014	0.0095489703027
baw-	0.168141876065	0.500864485152	0.275847061503	0.055146577279
ɔ́d-	0.577107404218	0.1865119957	0.0402288997894	0.196151700293
uté-	0.343392041	0.261908859694	0.0457040139216	0.348995085384
asa-	0.20930882179	0.0707938427563	0.0260900713788	0.693807264075
úmw-	0.731617647059	0.125	0.113051470588	0.0303308823529
tot-	0.0246913580247	0.407407407407	0.567901234568	0.0
ńaƒ-	0.349206349206	0.190476190476	0.31746031746	0.142857142857
eet-	0.488679828	0.394594508984	0.0662026148449	0.0505230481711
kae-	0.0441286462229	0.945827545678	0.00363286675927	0.00641094133988
ebw-	0.0274390243902	0.894817073171	0.0594512195122	0.0182926829268
kla-	0.0361445783132	0.94578313253	0.00903614457831	0.00903614457831
úti-	0.574772295718	0.0552376026084	0.0138221578604	0.356167943814
adi-	0.29863125559	0.319393786211	0.0411498230742	0.340825135125
kuk-	0.136534947174	0.622814054288	0.113525438196	0.127125560341
ƒ^u-	0.0780642023346	0.552285992218	0.00875486381323	0.360894941634
bin-	0.14085241471	0.0554807487056	0.0142051983864	0.789461638198
bíy-	0.254878629224	0.353879105188	0.128510233222	0.262732032366
esu-	0.189557321226	0.626560726447	0.0862656072645	0.0976163450624
éti-	0.451858608354	0.128124333673	0.0403349996446	0.379682058329
ome-	0.0	0.970491803279	0.0295081967213	0.0
ɔ́m-	0.422015971918	0.229488780081	0.120783568464	0.227711679537
ɔlɛ-	0.280206103201	0.100592047938	0.0585945935644	0.560607255296
tek-	0.180371352785	0.588859416446	0.103448275862	0.127320954907
eub-	0.0	1.0	0.0	0.0
náw-	0.399408284024	0.470145239376	0.0766541151157	0.0537923614847
nsi-	0.381868482483	0.287085190536	0.123224573013	0.207821753968
kéƒ-	0.569877883311	0.145183175034	0.199457259159	0.0854816824966
bug-	0.278089029235	0.448456758684	0.0672303147601	0.206223897321
kɔw-	0.161898891109	0.659690489908	0.146926392104	0.0314842268794
ábw-	0.18621892717	0.124160488443	0.539424334933	0.150196249455
úud-	0.204943079263	0.306433961996	0.00653771265331	0.482085246088
ávu-	0.442307692308	0.480769230769	0.0	0.0769230769231
tal-	0.515816395208	0.4276484049	0.0	0.0565351998923
kég-	0.0348189415042	0.344906486271	0.548149621966	0.0721249502586
lɛl-	0.123429061894	0.090150289527	0.017199886968	0.769220761611
ánu-	0.788196894848	0.0640437544108	0.00529287226535	0.142466478476
ogy-	0.176611976173	0.69652001254	0.0339638415717	0.0929041697147
ami-	0.0766319459844	0.0540942207467	0.0061542257779	0.863119607491
uke-	0.340909090909	0.551652892562	0.0619834710744	0.0454545454545
rod-	0.1	0.9	0.0	0.0
bún-	0.482438754736	0.139074276315	0.0408796127762	0.337607356173
ƒar-	0.0155453866874	0.973809755623	0.00519261350728	0.00545224418265
kál-	0.766201804758	0.147662018048	0.0812141099261	0.00492206726825
awɔ-	0.0690445624633	0.0673484118064	0.031110448217	0.832496577513
bɔt-	0.349764376295	0.407055939401	0.0491744968492	0.194005187455
pon-	0.0	0.989743589744	0.0	0.0102564102564
útá-	0.581441606917	0.211024862915	0.0549969177227	0.152536612445
ƒaa-	0.294640172739	0.229781069779	0.171918987619	0.303659769864
néy-	0.148453608247	0.263917525773	0.562886597938	0.0247422680412
umi-	0.859296482412	0.0	0.0	0.140703517588
kél-	0.726715129486	0.177873693776	0.0190822353476	0.0763289413903
úke-	0.802745044923	0.119508781435	0.0409499300194	0.0367962436227
sik-	0.0161725067385	0.765185791298	0.201675009627	0.0169666923373
ari-	0.00585937500001	0.994140625	0.0	0.0
ben-	0.2594543764	0.520898740638	0.0791597669854	0.140487115976
ekp-	0.0729828021944	0.618504592246	0.181478791517	0.127033814043
beg-	0.159762333411	0.737056781244	0.0937506440014	0.00943024134418
bɛs-	0.389770697113	0.164308269346	0.051063488129	0.394857545412
nni-	0.0226177027109	0.0201946944021	0.00346144044104	0.953726162446
inɔ-	0.0278142453439	0.911995727732	0.0369373178167	0.0232527091075
ntá-	0.49070492556	0.368697006777	0.066386520279	0.0742115473841
úƒu-	0.748299319728	0.183673469388	0.0136054421769	0.0544217687074
nwa-	0.270876389014	0.106141612005	0.12909216162	0.493889837362
bun-	0.192742620804	0.456361305888	0.186736712488	0.16415936082
der-	0.0717299578059	0.911392405063	0.0084388185654	0.0084388185654
úve-	0.643045387994	0.0972181551976	0.083748169839	0.175988286969
lam-	0.0	0.986577181208	0.0134228187919	0.0
nar-	0.0135992747054	0.805077062557	0.181323662738	0.0
kɔɔ-	0.461412080111	0.272137180944	0.192055558548	0.0743951803964
yud-	0.031193327178	0.750578610341	0.0955240415847	0.122704020897
gen-	0.0362694300518	0.963730569948	0.0	0.0
nát-	0.56259092514	0.214648192533	0.0897192304866	0.13304165184
ƒes-	0.0138312586445	0.983402489627	0.0	0.00276625172891
ɔga-	0.0448962128113	0.581947761974	0.0171339270584	0.356022098156
tén-	0.6138996139	0.239382239382	0.0	0.146718146718
tun-	0.213396561944	0.743924125667	0.0	0.0426793123889
sat-	0.0556814822115	0.913931868204	0.00771985151605	0.0226667980684
ƒee-	0.214285714286	0.666666666667	0.0238095238095	0.0952380952381
ani-	0.134310621075	0.100682829318	0.0085583840435	0.756448165563
ntu-	0.183110094164	0.48080064861	0.0851354213539	0.250953835872
evo-	0.100143061516	0.688125894134	0.190271816881	0.0214592274678
nya-	0.192452830189	0.309433962264	0.464150943396	0.0339622641509
kis-	0.0	0.923076923077	0.0769230769231	0.0
ɔdi-	0.14019501033	0.0970988915813	0.0181445764631	0.744561521625
ɔbl-	0.280743915486	0.402100163655	0.0689772737734	0.248178647086
úte-	0.401161130559	0.0920689850815	0.0379213807179	0.468848503641
néd-	0.588302075438	0.180642144136	0.0852429407686	0.145812839658
wel-	0.610874506832	0.0672275494474	0.00731586235727	0.314582081363
náƒ-	0.485608870956	0.147220919156	0.188609505062	0.178560704826
áwɔ-	0.117100371747	0.664498141264	0.190520446097	0.0278810408922
mom-	0.288762816843	0.130276375371	0.400562119398	0.180398688388
asu-	0.464165779343	0.386763862724	0.0728970431648	0.0761733147678
ban-	0.159953059056	0.154119268872	0.0240697153971	0.661857956675
oow-	0.073761365745	0.0894414548154	0.016143997031	0.820653182409
adr-	0.145408163265	0.823979591837	0.015306122449	0.015306122449
rom-	0.119221830077	0.629078075235	0.195403288284	0.0562968064044
ise-	0.0	0.955390334572	0.0	0.0446096654275
bem-	0.375548718466	0.426221779805	0.121112370677	0.0771171310525
bíb-	0.398702734218	0.371291140383	0.0994466318114	0.130559493587
ter-	0.0769230769231	0.913461538462	0.00961538461536	0.0
wen-	0.523156070733	0.214964536717	0.0608741510876	0.201005241462
tás-	0.531172069825	0.199501246883	0.0	0.269326683292
tra-	0.0	0.933438985737	0.0	0.0665610142631
ɔnw-	0.0355615256814	0.878433313302	0.0313195941886	0.0546855668281
áak-	0.526717557252	0.114503816794	0.206106870229	0.152671755725
ebe-	0.173469508143	0.329611728757	0.410962675151	0.08595608795
búg-	0.432786885246	0.390163934426	0.0786885245901	0.0983606557377
keg-	0.357586631389	0.531745958564	0.0471228971814	0.0635445128658
bés-	0.641109140474	0.0604591585378	0.0176109304693	0.280820770519
unw-	0.069386593947	0.357095882071	0.029147734639	0.544369789344
sid-	0.0188235294118	0.981176470588	0.0	0.0
ɔkp-	0.208625768154	0.462513983414	0.171393043808	0.157467204624
oli-	0.0	1.0	0.0	0.0
elu-	0.0264900662252	0.966887417219	0.0	0.00662251655628
ewi-	0.245043164785	0.679252442842	0.0298833127787	0.045821079594
sɛɛ-	0.203459234812	0.0490771299352	0.681151448478	0.0663121867743
ula-	0.371278367348	0.228143467454	0.131725878122	0.268852287077
ágy-	0.255982791073	0.42554450121	0.0564667921484	0.262005915569
yer-	0.0179081649803	0.959570069582	0.000588255067397	0.0219335103701
eli-	0.080582972801	0.80141036183	0.0124067676448	0.105599897724
arƒ-	0.0	1.0	0.0	0.0
yul-	0.013201320132	0.986798679868	0.0	0.0
tuo-	0.298507462686	0.238805970149	0.0746268656716	0.388059701493
ɛɛn-	0.0175	0.100416666667	0.0275	0.854583333333
ɔyi-	0.085441691403	0.667730458276	0.118888324951	0.12793952537
ébu-	0.605623516524	0.26839510681	0.0219098046376	0.104071572028
but-	0.385520033612	0.214115257928	0.0892324348452	0.311132273615
gal-	0.0214635795166	0.954199763394	0.0152104106811	0.00912624640865
waw-	0.396292004635	0.603707995365	0.0	0.0
nu--	0.314699792961	0.324361628709	0.0372670807454	0.323671497585
ugy-	0.199738695611	0.520077634137	0.125421471155	0.154762199098
ene-	0.100831366968	0.265519460475	0.112917318488	0.520731854069
eeb-	0.343320051819	0.25807113199	0.339016136029	0.0595926801614
ewu-	0.348837209302	0.637209302326	0.0	0.0139534883721
ntɔ-	0.213321531312	0.265102898871	0.187652135428	0.333923434388
ɔbu-	0.15008778107	0.453115822335	0.334554588143	0.0622418084523
nim-	0.0	1.0	0.0	0.0
ɔmi-	0.241610738255	0.436241610738	0.0	0.322147651007
ávɔ-	0.79792746114	0.139896373057	0.0	0.0621761658031
sen-	0.0849056603774	0.88679245283	0.0	0.0283018867925
bɛɛ-	0.577731179009	0.218888455402	0.0440722838842	0.159308081705
kús-	0.522270920395	0.270104984201	0.0241565589644	0.183467536439
yam-	0.117647058824	0.882352941176	0.0	0.0
ina-	0.112306625668	0.0471560808057	0.0360418530064	0.80449544052
baa-	0.519416378431	0.25176060932	0.0746718081837	0.154151204066
ɔvɔ-	0.103023516237	0.858902575588	0.0246360582307	0.013437849944
ese-	0.285256410256	0.311431623932	0.0940170940171	0.309294871795
lɛɛ-	0.403065975492	0.226921927284	0.0969095702771	0.273102526947
rab-	0.0714285714286	0.726190476191	0.0	0.202380952381
ape-	0.0	1.0	0.0	0.0
uwe-	0.475609756098	0.40243902439	0.0243902439024	0.0975609756097
kúƒ-	0.91	0.09	0.0	0.0
nse-	0.373674627484	0.158741530544	0.177021549797	0.290562292176
kni-	0.0956175298805	0.713147410359	0.0239043824701	0.167330677291
kab-	0.226913120391	0.520974872973	0.0811155244967	0.170996482139
líw-	0.402457757296	0.3133640553	0.136712749616	0.147465437788
isr-	0.0330698835275	0.94524750416	0.00987936772047	0.0118032445923
údi-	0.599311199573	0.162301419385	0.0125043497716	0.22588303127
kos-	0.0	1.0	0.0	0.0
ber-	0.026268115942	0.890398550725	0.0778985507247	0.00543478260868
tia-	0.0	1.0	0.0	0.0
ndu-	0.412263822035	0.163899343892	0.061603624425	0.362233209648
ɔɔl-	0.609359361348	0.188105555865	0.0737377125785	0.128797370209
ƒel-	0.00511073253833	0.994889267462	0.0	0.0
bas-	0.307720187813	0.343150067228	0.0714240973776	0.277705647581
buƒ-	0.451840675726	0.264522111774	0.0766809905886	0.206956221911
abl-	0.383674940198	0.310454853812	0.0609865599107	0.244883646079
úyi-	0.209429280397	0.296277915633	0.351364764268	0.142928039702
ayɔ-	0.239704329461	0.500527983105	0.179514255544	0.0802534318902
yes-	0.00362681153424	0.716865599545	0.00318355645809	0.276324032463
lii-	0.322804574731	0.273380994639	0.179100216671	0.224714213959
úli-	0.68071910818	0.119170984456	0.0146019783326	0.185507929031
bée-	0.444909557861	0.365806709493	0.081883771598	0.107399961048
ebu-	0.128168013264	0.704976708688	0.0315814406401	0.135273837408
eye-	0.526209677419	0.433467741936	0.0	0.0403225806452
ńté-	0.393586005831	0.518950437318	0.0	0.0874635568513
saƒ-	0.0651558073654	0.841359773371	0.0934844192634	0.0
nta-	0.379061371841	0.401790319016	0.113055330435	0.106092978708
yar-	0.0	1.0	0.0	0.0
áku-	0.619565217391	0.25	0.0652173913044	0.0652173913044
avw-	0.0252100840337	0.974789915966	0.0	0.0
uuw-	0.566574557364	0.32545287074	0.0660116671783	0.0419609047181
okl-	0.0646347871781	0.293221229637	0.584866001051	0.0572779821335
bɔb-	0.420712673748	0.241054821723	0.0639613624227	0.274271142107
eek-	0.498900866065	0.305638689515	0.13136636915	0.0640940752708
ugb-	0.0513784461153	0.384711779449	0.0175438596491	0.546365914787
iko-	0.0	1.0	0.0	0.0
mbi-	0.358208955224	0.462686567164	0.119402985075	0.0597014925373
ye--	0.655696202532	0.253164556962	0.0	0.0911392405063
euƒ-	0.0	1.0	0.0	0.0
kun-	0.0975178103367	0.20803717666	0.223877251852	0.470567761152
báv-	0.536989584293	0.183307217255	0.0477924232648	0.231910775187
har-	0.127272727273	0.872727272727	0.0	0.0
kan-	0.131746265916	0.0690094832813	0.118474310378	0.680769940425
éte-	0.502435211961	0.166987896866	0.0803607905591	0.250216100614
uut-	0.452975577251	0.195202832212	0.0949409245707	0.256880665966
ƒul-	0.0188598676251	0.0627964515818	0.00992183934993	0.908421841443
lig-	0.170481834534	0.74113263868	0.0392105631273	0.049174963658
bát-	0.545325451753	0.196568126865	0.0523749172166	0.205731504166
tih-	0.0138888888889	0.986111111111	0.0	0.0
ɔɔn-	0.456293453476	0.282916304935	0.0823117602349	0.178478481354
úgy-	0.629370629371	0.288111888112	0.0657342657343	0.0167832167832
ger-	0.0117878192534	0.94695481336	0.0117878192535	0.0294695481336
sio-	0.0205781479667	0.97648211661	0.0	0.00293973542381
bum-	0.159003083841	0.619013875173	0.0973826090509	0.124600431935
áyɛ-	0.727537286286	0.196071298654	0.07639141506	0.0
uli-	0.543482155666	0.187916540478	0.060927682229	0.207673621627
áyu-	0.158033362599	0.467954345918	0.0421422300264	0.331870061457
ɔ́g-	0.638986134305	0.193501150085	0.0555224801368	0.111990235473
wan-	0.45903729678	0.365180563778	0.0418962612141	0.133885878228
eey-	0.395032051282	0.191506410256	0.144230769231	0.269230769231
suu-	0.11271975181	0.55480868666	0.31695966908	0.0155118924509
kow-	0.0140900195695	0.962426614481	0.00469667318982	0.0187866927593
met-	0.295976073662	0.377230387305	0.171743166388	0.155050372645
lɛs-	0.397688237718	0.335351588656	0.0809541709138	0.186006002712
udu-	0.332377616405	0.218851469349	0.104821394379	0.343949519868
mna-	0.204545454545	0.727272727273	0.0340909090909	0.0340909090909
ɔƒa-	0.19077020472	0.12245705829	0.0305919787749	0.656180758216
bim-	0.401369568335	0.486949662986	0.0742148286247	0.0374659400545
éni-	0.466666666667	0.169696969697	0.363636363636	0.0
káw-	0.0218955270566	0.454175789803	0.203315608383	0.320613074758
yas-	0.0232333010649	0.942884801549	0.0222652468538	0.0116166505324
ken-	0.250898578011	0.29993467088	0.026466247947	0.422700503162
kpɛ-	0.0852068345323	0.336255995204	0.50809352518	0.070443645084
kák-	0.351311401337	0.572010386345	0.042251259849	0.0344269524696
név-	0.238636363636	0.454545454545	0.136363636364	0.170454545455
ési-	0.662241887906	0.268928220256	0.00983284169126	0.0589970501474
bub-	0.335415809856	0.454671447728	0.0474603733119	0.162452369104
ele-	0.389359085628	0.439864537567	0.0928492922435	0.0779270845615
ɔ́s-	0.362521626729	0.043344095092	0.00892807458498	0.585206203594
ti--	0.675438596491	0.245614035088	0.0526315789473	0.0263157894736
kéy-	0.39608801956	0.392013039935	0.115729421353	0.0961695191524
aat-	0.549831620604	0.243666018968	0.106943730344	0.0995586300839
ntɛ-	0.144731693167	0.420927987675	0.0667161744846	0.367624144673
nen-	0.297902097902	0.693706293706	0.0	0.0083916083916
eku-	0.189459535956	0.642151661527	0.148734588974	0.019654213543
ɛpu-	0.046964002015	0.867632812803	0.0547913356841	0.0306118494982
aab-	0.541378965276	0.167667367157	0.0475332732913	0.243420394276
adm-	0.0	1.0	0.0	0.0
áab-	0.142922583601	0.749885478699	0.0	0.1071919377
tɛt-	0.530717986677	0.19541080681	0.264988897113	0.00888230940044
bɛ́-	0.413382400338	0.233087043719	0.0646225426987	0.288908013245
ádi-	0.723267999224	0.0690859693383	0.0232874053949	0.184358626043
ala-	0.169432398638	0.386301143002	0.0325128953663	0.411753562993
éwi-	0.660127181708	0.286835340279	0.0416723041537	0.0113651738601
ébi-	0.553468208093	0.307803468208	0.0433526011561	0.0953757225433
nti-	0.632057105775	0.187540558079	0.164828033744	0.015574302401
mma-	0.139389321214	0.603118090337	0.245132944204	0.0123596442456
yoe-	0.0	1.0	0.0	0.0
keƒ-	0.409793814433	0.399484536082	0.0541237113402	0.136597938144
uvo-	0.11149825784	0.699041811847	0.163327526132	0.0261324041812
bib-	0.461085848869	0.167188816948	0.080549717384	0.291175616798
átɔ-	0.777358490566	0.154716981132	0.0	0.0679245283019
uyɔ-	0.0121236211865	0.96889595548	0.00705555003478	0.0119248732982
ayi-	0.527854094815	0.216402642193	0.243467586368	0.0122756766236
ƒia-	0.0	0.802816901408	0.197183098592	0.0
uwɔ-	0.0744373918061	0.870167339873	0.00346220427005	0.0519330640508
ɔsi-	0.11755964325	0.0374329762991	0.00559272940499	0.839414651046
bwi-	0.0789473684211	0.921052631579	0.0	0.0
beb-	0.227083399757	0.62312365774	0.031140741511	0.118652200992
via-	0.766666666667	0.0333333333333	0.1	0.1
bɛv-	0.347118644068	0.258983050847	0.316610169492	0.0772881355932
ɛlɛ-	0.112500783801	0.194701022077	0.321717802656	0.371080391467
egu-	0.175030611373	0.727819805796	0.0439949503099	0.0531546325211
pii-	0.0270953277507	0.104551833355	0.7652172728	0.103135566095
ya--	0.492385786802	0.370558375634	0.106598984772	0.0304568527919
énw-	0.460905349794	0.325102880658	0.148148148148	0.0658436213992
ńta-	0.483663966878	0.257926217211	0.138396626558	0.120013189353
ubi-	0.0431185387718	0.831528157643	0.0106619728533	0.114691330732
ɔƒu-	0.0313770293653	0.891844456035	0.0481831954897	0.0285953191102
tio-	0.344647519582	0.469973890339	0.0835509138381	0.10182767624
ɔti-	0.0644131846845	0.901831264887	0.00623140724157	0.0275241431868
ser-	0.0	0.969432314411	0.0305676855895	0.0
aƒɔ-	0.335630293198	0.469499009698	0.0261713821883	0.168699314916
bɔs-	0.423100082689	0.141629463952	0.113167479663	0.322102973696
nás-	0.191894280493	0.111290919731	0.0317325721656	0.66508222761
ndi-	0.55414994539	0.0166597304557	0.0235469163226	0.405643407832
bam-	0.140403471294	0.0821610553589	0.0470192381188	0.730416235228
mis-	0.0388349514563	0.961165048544	0.0	0.0
kuƒ-	0.337457747621	0.236033327928	0.0966347772941	0.329874147157
ted-	0.518518518518	0.251851851852	0.155555555556	0.0740740740742
wed-	0.547815663293	0.318127330847	0.0547416089504	0.07931539691
lɛg-	0.0760206223578	0.86617880491	0.0161338887333	0.0416666839991
par-	0.0324675324676	0.87012987013	0.0	0.0974025974026
ƒɔ--	0.499581169375	0.454682526386	0.0211090634947	0.0246272407438
ńag-	0.547619047619	0.0238095238095	0.190476190476	0.238095238095
yai-	0.0725604670559	0.912427022519	0.00500417014178	0.0100083402835
akɔ-	0.0922230635515	0.197711442868	0.0242298721558	0.685835621425
ɔvu-	0.43183742591	0.422805532035	0.0536268698842	0.0917301721704
avl-	0.646967340591	0.353032659409	0.0	0.0
úsi-	0.79199631114	0.0228027123226	0.0113697734573	0.17383120308
was-	0.395279081899	0.293948878456	0.108502869066	0.202269170579
kɔk-	0.258676816188	0.45263373091	0.167774344495	0.120915108407
eni-	0.136363636364	0.318181818182	0.109090909091	0.436363636364
sos-	0.0125	0.96875	0.0125	0.00624999999999
úmo-	0.469135802469	0.364197530864	0.123456790123	0.0432098765432
ule-	0.114573678118	0.593547869897	0.0378042051025	0.254074246883
ném-	0.354905193735	0.437345424567	0.181780708986	0.0259686727123
tat-	0.567891781521	0.27437468096	0.0382848392036	0.119448698315
bit-	0.43450867109	0.279262112553	0.101829992409	0.184399223949
uri-	0.0	1.0	0.0	0.0
yii-	0.185579937304	0.757993730408	0.0150470219436	0.0413793103449
meb-	0.57973526373	0.220224006338	0.0585765199609	0.141464209971
wek-	0.834267912773	0.100934579439	0.0	0.0647975077882
kag-	0.197946763386	0.42564701543	0.247740824983	0.128665396201
káb-	0.386705767351	0.393548387097	0.0922776148582	0.127468230694
ɔbi-	0.0	0.914728682171	0.0852713178295	0.0
kip-	0.0216216216216	0.972972972973	0.00540540540541	0.0
ɔmm-	0.0971345047377	0.00571083679333	0.00180359957758	0.895351058891
mam-	0.273212379936	0.405549626467	0.282817502668	0.0384204909285
utu-	0.101738252937	0.104517739224	0.257980982993	0.535763024845
esa-	0.0898876404494	0.898876404494	0.0	0.0112359550562
kew-	0.0456585365854	0.946146341463	0.00819512195122	0.0
búd-	0.483090992828	0.277189288769	0.0903677873545	0.149351931048
ɔky-	0.499502115308	0.153095804286	0.0233579338163	0.32404414659
kúw-	0.243333333333	0.356666666667	0.276666666667	0.123333333333
ɔ́n-	0.687234751327	0.0949468285826	0.0263696380771	0.191448782014
ɔkw-	0.113316261204	0.738583013231	0.122705932565	0.0253947930004
wat-	0.416729489659	0.302632010227	0.123307876364	0.15733062375
lɛd-	0.163898619646	0.318002783441	0.0400196432779	0.478078953635
wɛl-	0.109100410775	0.522508591803	0.318799901615	0.0495910958068
ɔka-	0.304201165287	0.15026065624	0.186854748032	0.35868343044
aug-	0.0740740740741	0.925925925926	0.0	0.0
eté-	0.50302685624	0.217238546603	0.125800947867	0.153933649289
ama-	0.0993125258813	0.115716914542	0.014179102649	0.770791456927
kok-	0.395892947315	0.0259215620266	0.578185490658	0.0
bo--	0.584172093941	0.368462601145	0.023682652457	0.0236826524571
uus-	0.663892784074	0.0807567642124	0.218385784235	0.0369646674789
ili-	0.0	0.953488372093	0.0	0.046511627907
bɛd-	0.397524031865	0.180032324794	0.0433977265207	0.37904591682
sak-	0.0351014040562	0.929017160686	0.0234009360374	0.01248049922
reg-	0.0846560846561	0.915343915344	0.0	0.0
alƒ-	0.0	1.0	0.0	0.0
égy-	0.267351129363	0.325256673511	0.343326488706	0.0640657084189
pla-	0.170830824804	0.115141481036	0.210264900662	0.503762793498
úde-	0.414479034331	0.172773299455	0.0435465314551	0.369201134758
eno-	0.0382165605095	0.96178343949	0.0	0.0
nik-	0.0256793042132	0.970040811751	0.0	0.00427988403554
tro-	0.00990916597853	0.987613542527	0.0	0.00247729149463
mew-	0.325842696629	0.674157303371	0.0	0.0
bet-	0.38043220382	0.313326221406	0.0627073716722	0.243534203101
elm-	0.0	1.0	0.0	0.0
lɛm-	0.132723720564	0.0933959055815	0.0145423572629	0.759338016592
áƒu-	0.401315789474	0.5	0.0394736842105	0.0592105263158
sal-	0.0692457737321	0.909622886866	0.0117035110533	0.00942782834851
adu-	0.484624277397	0.254504745506	0.0706138651815	0.190257111915
bɛm-	0.267265407247	0.231650665841	0.118302880149	0.382781046764
asɛ-	0.00808352980801	0.662512630515	0.305153250253	0.0242505894241
abɔ-	0.339652448657	0.394944707741	0.170616113744	0.0947867298578
bɔɔ-	0.376258713867	0.23335791572	0.0749288803591	0.315454490054
sɔɔ-	0.182821212481	0.242496144264	0.0640645390913	0.510618104164
gab-	0.0	1.0	0.0	0.0
ɔɔg-	0.720368181475	0.195483238186	0.0295752332571	0.0545733470814
mbe-	0.623706637429	0.128406022166	0.0589039224724	0.188983417932
nnw-	0.22131147541	0.508196721311	0.22131147541	0.0491803278689
yan-	0.0	0.981481481481	0.0185185185185	0.0
amɛ-	0.0809157176732	0.0483474340584	0.0224391814749	0.848297666794
bat-	0.166743048131	0.700151822544	0.0384662429552	0.0946388863708
uuk-	0.436990591015	0.450135068597	0.060096789998	0.0527775503895
káƒ-	0.315789473684	0.289473684211	0.131578947368	0.263157894737
eme-	0.0208956983683	0.899353477922	0.0192908563306	0.0604599673791
ulá-	0.456214396215	0.258740546958	0.159211916805	0.125833140021
min-	0.00680067337417	0.0113501706401	0.00637636792968	0.975472788056
táƒ-	0.170212765957	0.702127659574	0.127659574468	0.0
ket-	0.149220617681	0.705628080313	0.059220424285	0.0859308777211
elé-	0.329355608592	0.354813046937	0.244232299125	0.071599045346
née-	0.289481824173	0.127812445365	0.447990774238	0.134714956225
bík-	0.390996410207	0.199864169982	0.315028621325	0.0941107984865
bli-	0.0790633516133	0.0383541365273	0.495239376913	0.387343134946
mpi-	0.0101408564967	0.13672578786	0.00283943981909	0.850293915824
nna-	0.0384615384615	0.807692307692	0.0961538461538	0.0576923076923
nee-	0.396208397803	0.262622745428	0.153187250321	0.187981606448
ɔ́y-	0.589801660903	0.101048993262	0.0418466811576	0.267302664677
kát-	0.365380047506	0.28919239905	0.248159144893	0.097268408551
tab-	0.373516552155	0.341661461586	0.127420362274	0.157401623985
ulé-	0.426622174628	0.324802330645	0.122290792504	0.126284702224
aso-	0.0508171333925	0.876999438493	0.0323381757952	0.0398452523191
éyi-	0.260223048327	0.441604708798	0.273776332094	0.0243959107807
yon-	0.0	0.996136257957	0.0	0.00386374204254
arn-	0.0	1.0	0.0	0.0
usu-	0.235576923077	0.5625	0.0865384615385	0.115384615385
kar-	0.0	0.942857142857	0.0	0.0571428571429
mbl-	0.791345583877	0.0462359217546	0.00711321873147	0.155305275637
ark-	0.05	0.925	0.0	0.025
kay-	0.11821551947	0.719448597628	0.0386543035375	0.123681579365
kli-	0.487640449438	0.298876404494	0.159550561798	0.0539325842697
suk-	0.368421052632	0.421052631579	0.105263157895	0.105263157895
bii-	0.473234149391	0.311991432556	0.0912836426909	0.123490775362
vaa-	0.970336565887	0.0176839703366	0.0119794637764	0.0
lil-	0.134958101009	0.35656982808	0.0471763354043	0.461295735507
uye-	0.518662142511	0.351268379383	0.0393170679162	0.0907524101901
ɔku-	0.366969417243	0.428072231355	0.071440937951	0.133517413451
ɔna-	0.0551086460456	0.721828577626	0.0577109588383	0.165351817491
báy-	0.454529618411	0.165216633924	0.0722919549796	0.307961792686
imo-	0.0	0.914323598409	0.0856764015911	0.0
ubu-	0.108534584926	0.809966957327	0.0262834449145	0.0552150128325
agr-	0.00359928014397	0.989202159568	0.0	0.00719856028794
kún-	0.129776496035	0.65032444124	0.205479452055	0.0144196106705
ete-	0.232936532579	0.468378712005	0.0449566218798	0.253728133537
ɛku-	0.295552367288	0.325681492109	0.0172166427547	0.361549497848
bɔg-	0.521219112379	0.089666012318	0.037237164309	0.351877710994
bék-	0.737477800816	0.145459279026	0.0408186036132	0.0762443165441
bél-	0.667092758295	0.195816891754	0.0237129253969	0.113377424554
eel-	0.379120879121	0.373626373626	0.131868131868	0.115384615385
mun-	0.21882981883	0.0608454608455	0.019602019602	0.700722700723
ɔda-	0.195062225669	0.559064457866	0.030505783739	0.215367532726
tay-	0.326730022755	0.326596171864	0.291259536876	0.0554142685049
lɛy-	0.220585371659	0.531720526293	0.119991093043	0.127703009005
ƒie-	0.152173913043	0.54347826087	0.130434782609	0.173913043478
kak-	0.128176446417	0.712365164006	0.0321327897578	0.12732559982
abb-	0.063829787234	0.872340425532	0.0	0.063829787234
nah-	0.0	1.0	0.0	0.0
ɔbe-	0.0945945945946	0.905405405405	0.0	0.0
one-	0.0498442367601	0.889408099689	0.00934579439252	0.0514018691588
ńte-	0.561645860567	0.251693424268	0.0827799693343	0.103880745831
úsu-	0.279860505667	0.683522231909	0.0366172624237	0.0
sto-	0.20618556701	0.463917525773	0.329896907216	0.0
gog-	0.0550458715596	0.889908256881	0.0550458715596	0.0
búy-	0.653497186172	0.318938784886	0.0275640289423	0.0
