mié-	0.503355704698	0.322147651007	0.174496644295	0.0
bɔl-	0.17250102343	0.755353143738	0.025790449587	0.0463553832446
cɛm-	0.286254651943	0.368677933012	0.0857787810384	0.259288634006
nyu-	0.129232804233	0.726851851852	0.015873015873	0.128042328042
súá-	0.558572135578	0.382674107085	0.0375234080471	0.0212303492898
búá-	0.206568235026	0.121539068721	0.0411176948906	0.630775001363
owó-	0.477124183006	0.37908496732	0.0	0.143790849673
cia-	0.0542596982286	0.0808483609122	0.041061943711	0.823829997148
hat-	0.704347671616	0.128012253301	0.0217432925614	0.145896782522
táb-	0.72483478042	0.116648909765	0.104750137157	0.0537661726576
amú-	0.071568627451	0.748039215686	0.108823529412	0.071568627451
búó-	0.582463465553	0.308977035491	0.108559498956	0.0
tib-	0.158088235294	0.790441176471	0.0257352941177	0.0257352941176
túw-	0.367816091954	0.356321839081	0.275862068966	0.0
ilé-	0.341261633919	0.387797311272	0.221302998966	0.0496380558428
suu-	0.0	1.0	0.0	0.0
bik-	0.0455632811064	0.551161993611	0.03454858987	0.368726135413
onu-	0.235438016529	0.275834710744	0.321719008264	0.167008264463
oól-	0.111457521434	0.793452844895	0.0187061574435	0.0763834762276
wɛɛ-	0.045842217484	0.547707889126	0.206556503198	0.199893390192
lɛf-	0.0	1.0	0.0	0.0
oón-	0.0422250828756	0.67146377102	0.0210707344251	0.265240411679
bec-	0.0292682926829	0.687804878049	0.282926829268	0.0
ɔla-	0.323831124582	0.276977477632	0.297558735759	0.101632662026
húú-	0.506198347107	0.346074380165	0.0671487603306	0.0805785123967
ɛmɛ-	0.0319934997334	0.925348500622	0.0426579996445	0.0
ɛkɛ-	0.184049079755	0.705521472393	0.0920245398772	0.0184049079754
ane-	0.03066439523	0.918228279387	0.0511073253833	0.0
amɔ-	0.154545142818	0.353255837877	0.0924801975105	0.399718821795
nák-	0.575210017436	0.179109209066	0.0792518624188	0.166428911079
eso-	0.0125	0.9875	0.0	0.0
cúá-	0.53790238837	0.329118563313	0.0440412925295	0.0889377557877
asi-	0.0055720653789	0.986627043091	0.0	0.00780089153046
búɔ-	0.232143514775	0.166701277353	0.0179681076892	0.583187100183
míi-	0.0240963855421	0.975903614458	0.0	0.0
mue-	0.144444444444	0.255555555556	0.4	0.2
wií-	0.605832569908	0.211054399511	0.0777603280548	0.105352702526
amu-	0.168	0.048	0.736	0.048
tol-	0.0334572490706	0.966542750929	0.0	0.0
iŋé-	0.127314814815	0.780864197531	0.0802469135802	0.0115740740741
mus-	0.092501904451	0.838801828273	0.0557732070954	0.0129230601806
ááŋ-	0.519224395094	0.148989061982	0.092807424594	0.23897911833
tuh-	0.0240867762003	0.931887063327	0.0248843515713	0.0191418089009
tiá-	0.107142857143	0.892857142857	0.0	0.0
yɛ́-	0.0359792700267	0.0372023875163	0.0367267008908	0.890091641566
hiɔ-	0.0384276789082	0.888619774415	0.0485149446215	0.0244376020556
múá-	0.324250604123	0.634167926099	0.019348112468	0.0222333573097
aki-	0.0	1.0	0.0	0.0
hét-	0.676470588235	0.247058823529	0.0	0.0764705882353
yík-	0.783333333333	0.0666666666667	0.0833333333333	0.0666666666667
fɛ́-	0.335106382979	0.622340425532	0.031914893617	0.0106382978723
cón-	0.732093809423	0.145890555673	0.055461652229	0.0665539826748
túá-	0.247516716235	0.162529477525	0.0388027589698	0.551151047269
kíl-	0.255109231853	0.584214235377	0.109936575053	0.0507399577167
nún-	0.382978723404	0.148936170213	0.0851063829787	0.382978723404
ana-	0.0676356050572	0.191992723939	0.111263096729	0.629108574275
yás-	0.0128022759602	0.98719772404	0.0	0.0
tel-	0.589211618257	0.311203319502	0.0497925311203	0.0497925311203
tón-	0.616146334754	0.314537202586	0.0519873469949	0.017329115665
nɔɔ-	0.101944361352	0.746874065211	0.0844151959318	0.0667663775052
kóó-	0.133483103997	0.120097350931	0.0106711597866	0.735748385285
oke-	0.290892108433	0.643734338668	0.0195016284707	0.0458719244275
ból-	0.0837004405286	0.599118942731	0.31718061674	0.0
ɛnɔ-	0.1197053407	0.180672676166	0.689735388194	0.00988659494039
lum-	0.636975734305	0.24684664258	0.0334928701344	0.0826847529809
eém-	0.189043205632	0.16642080115	0.0614959825549	0.583040010663
mes-	0.101827931215	0.871450004883	0.00923287257748	0.0174891913247
ɔmɔ-	0.0403309142658	0.127588589245	0.0237084364242	0.808372060065
ami-	0.0	1.0	0.0	0.0
ɔ́m-	0.35204738028	0.0835263135521	0.0531931793519	0.511233126817
ɔlɛ-	0.649698847721	0.187258231667	0.0534583773689	0.109584543244
báy-	0.629770984021	0.0154890034052	0.00773429814305	0.347005714431
súa-	0.620851229988	0.215150331902	0.0	0.16399843811
aas-	0.216034887622	0.342837973834	0.0852063066085	0.355920831936
ebá-	0.0	0.96	0.04	0.0
ciá-	0.160191173868	0.579404285625	0.14087810535	0.119526435156
ceh-	0.3	0.281481481481	0.218518518519	0.2
kúa-	0.889846573819	0.0668553951924	0.022369385537	0.0209286454516
wɔt-	0.354848899652	0.528272085922	0.10740233758	0.00947667684532
bɛs-	0.0835559769606	0.532205349436	0.0151206863643	0.369117987239
ɔfɔ-	0.285532186106	0.300828553219	0.398342893563	0.0152963671128
lúú-	0.505102040816	0.311224489796	0.107142857143	0.0765306122449
uún-	0.408279220779	0.152597402597	0.0381493506494	0.400974025974
ɛlá-	0.0	1.0	0.0	0.0
bun-	0.0933689574742	0.801685561518	0.0338296288417	0.0711158521659
ili-	0.0	1.0	0.0	0.0
woó-	0.233927265474	0.613822219267	0.0714713117479	0.0807792035104
nut-	0.40426947718	0.171651872082	0.068838933009	0.355239717729
wíí-	0.316227461858	0.428571428571	0.0416088765603	0.21359223301
yem-	0.33423180593	0.206199460916	0.137466307278	0.322102425876
sat-	0.0	1.0	0.0	0.0
ólí-	0.56345177665	0.38578680203	0.0	0.0507614213198
saf-	0.0	1.0	0.0	0.0
abi-	0.0114613180516	0.982808022923	0.0	0.00573065902579
maŋ-	0.319372374598	0.612428959723	0.0422535211268	0.0259451445515
ofé-	0.309600862999	0.42718446602	0.217907227616	0.0453074433657
cíó-	0.432023854929	0.407787524704	0.106792413578	0.0533962067889
túf-	0.0270127429679	0.264196370897	0.0450212382798	0.663769647856
ééc-	0.647058823529	0.0924369747899	0.109243697479	0.151260504202
ban-	0.0495385957369	0.530364394921	0.0115763052845	0.408520704058
óóf-	0.654019313585	0.118752446822	0.0221845230327	0.20504371656
esú-	0.261464856665	0.507876619083	0.130304562605	0.100353961648
wóo-	0.609996064542	0.120818575364	0.029909484455	0.239275875639
bon-	0.377643504532	0.34193902774	0.177423784675	0.102993683054
eéc-	0.0993480927648	0.0475354881541	0.0357909854635	0.817325433618
hmm-	0.283819628647	0.145888594164	0.228116710875	0.342175066313
net-	0.544652701213	0.167585446527	0.26460859978	0.0231532524807
be--	0.180627420652	0.572835914339	0.168682981322	0.0778536836872
wéé-	0.619202081446	0.178341899816	0.0697079106433	0.132748108095
bɔm-	0.266157501113	0.0946457570962	0.212399289101	0.426797452689
cén-	0.339262888794	0.114561141883	0.495845760545	0.0503302087771
míé-	0.532407407407	0.351851851852	0.0555555555555	0.0601851851852
bɛɛ-	0.099665615275	0.421921869182	0.380780605686	0.0976319098566
ánɔ-	0.423573323505	0.168218994343	0.0222715409838	0.385936141168
ɔmú-	0.677987421384	0.267169811321	0.0475471698114	0.00729559748428
ŋɔ́-	0.329751094506	0.10202168096	0.0778668128413	0.490360411693
óót-	0.567521367521	0.299145299145	0.11452991453	0.0188034188034
nɛ́-	0.0	1.0	0.0	0.0
óók-	0.597104389524	0.216617484323	0.0645518258946	0.121726300258
cib-	0.309199782254	0.236799129015	0.431137724551	0.0228633641807
tia-	0.190476190476	0.809523809524	0.0	0.0
bít-	0.551037877669	0.131681828522	0.0985696495536	0.218710644256
yúb-	0.761658031088	0.134715025907	0.0829015544041	0.020725388601
fíá-	0.178979436405	0.651561309977	0.112338156893	0.0571210967251
efu-	0.139352796991	0.643379244186	0.17277863681	0.0444893220124
háy-	0.163252916113	0.0673834126148	0.0230402079478	0.746323463324
océ-	0.376811594203	0.353623188406	0.130434782609	0.139130434783
oné-	0.255508990131	0.675544139516	0.0567797755846	0.0121670947681
lék-	0.614652711703	0.231208372978	0.0456707897241	0.108468125595
uuw-	0.0438961871195	0.136815123358	0.0105735341237	0.808715155399
ecú-	0.0146341463415	0.926829268293	0.0585365853659	0.0
núá-	0.218872908835	0.186967010408	0.0707168968866	0.523443183871
mbi-	0.362112377419	0.113084194717	0.365005742557	0.159797685308
lúf-	0.0	1.0	0.0	0.0
núó-	0.501047263455	0.0788634914853	0.0076495765413	0.412439668518
cum-	0.690086116362	0.212770426381	0.00945179584121	0.0876916614156
bát-	0.573595546678	0.173184539629	0.0657547347322	0.187465178961
ekú-	0.0479264564089	0.243709606502	0.0074805265447	0.700883410545
mot-	0.275018532246	0.225352112676	0.361749444033	0.137879911045
osi-	0.190082644628	0.476584022039	0.28650137741	0.0468319559228
cɔb-	0.567518547664	0.112177629825	0.0166917219901	0.303612100521
ɛɛb-	0.0988813196327	0.802237360735	0.0988813196327	0.0
táa-	0.0	1.0	0.0	0.0
ɛŋa-	0.111213801602	0.0738139248306	0.00887245841035	0.806099815157
omb-	0.309740714786	0.48142957253	0.18640504555	0.0224246671338
káŋ-	0.37793502734	0.525570923126	0.0964940495336	0.0
kós-	0.332075471698	0.577358490566	0.0679245283019	0.022641509434
tíi-	0.0	1.0	0.0	0.0
boó-	0.28125	0.321691176471	0.314338235294	0.0827205882353
nah-	0.0	1.0	0.0	0.0
cía-	0.666666666667	0.210526315789	0.0	0.122807017544
ibí-	0.0953548432128	0.803959376691	0.0750344635035	0.0256513165931
yáb-	0.262548262548	0.341055341055	0.200772200772	0.195624195624
hik-	0.104160078152	0.458333316331	0.273446984273	0.164059621244
fíó-	0.0880503144653	0.320754716981	0.591194968554	0.0
beb-	0.375548589342	0.330407523511	0.200626959248	0.0934169278997
hée-	0.796774193548	0.125806451613	0.00241935483871	0.075
mub-	0.27818404322	0.569590782915	0.109840909769	0.0423842640957
wuk-	0.00686498855835	0.979405034325	0.0137299771167	0.0
tio-	0.133771929825	0.728070175439	0.0263157894737	0.111842105263
bíf-	0.164232428828	0.0855568554931	0.135109635053	0.615101080625
hay-	0.0631578947369	0.905263157895	0.0315789473684	0.0
eté-	0.0731073667125	0.309343130661	0.223640980742	0.393908521884
yaŋ-	0.117519632193	0.0594293066779	0.00395895982238	0.819092101306
kúá-	0.634930645467	0.25976695096	0.0327203522817	0.0725820512915
húé-	0.435996563574	0.330326460481	0.135738831615	0.0979381443299
ɛla-	0.287410926366	0.669833729216	0.0285035629454	0.0142517814727
ɛcɔ-	0.495145631068	0.276699029126	0.155339805825	0.0728155339806
hiy-	0.0872374798061	0.912762520194	0.0	0.0
cɔc-	0.520600089566	0.284594715629	0.0694133452754	0.12539184953
ɔtá-	0.41837227904	0.351546493175	0.0490332368067	0.181047990978
mɛɛ-	0.0	1.0	0.0	0.0
laŋ-	0.470523314551	0.305978111038	0.160221301075	0.0632772733361
suá-	0.576203208556	0.219251336898	0.0320855614973	0.172459893048
kok-	0.560869434987	0.147688129636	0.0188703735136	0.272572061863
ofi-	0.659447583177	0.263731952291	0.00258945386064	0.0742310106717
núo-	0.696825396825	0.142857142857	0.0285714285714	0.131746031746
bob-	0.755884917175	0.052310374891	0.0871839581517	0.104620749782
mu--	0.633135429622	0.253247706709	0.0425058033949	0.0711110602742
nɔf-	0.195652173913	0.173913043478	0.565217391304	0.0652173913044
asɛ-	0.24817925333	0.299192966341	0.0341184961617	0.418509284168
cák-	0.302298173247	0.697701826753	0.0	0.0
baŋ-	0.197477834683	0.342023239165	0.433360867889	0.0271380582631
cam-	0.541353383459	0.0827067669173	0.0	0.375939849624
yan-	0.352941176471	0.485294117647	0.0735294117647	0.0882352941176
amɛ-	0.459494081986	0.385699336028	0.0830326212471	0.071773960739
síe-	0.110905730129	0.833641404806	0.0	0.0554528650647
ɔmɛ-	0.0250346025983	0.886030898719	0.0203295115967	0.068604987086
lul-	0.582122439257	0.340459742735	0.0464506908051	0.0309671272034
bók-	0.340366334338	0.170183167169	0.440992348713	0.0484581497798
ŋée-	0.443222838364	0.154955084208	0.0390822208718	0.362739856556
nue-	0.205301146844	0.645817627717	0.0491779613441	0.099703264095
kay-	0.00178677784396	0.996426444312	0.00178677784395	0.0
cúc-	0.795454545455	0.204545454545	0.0	0.0
yií-	0.267624853129	0.167170330498	0.0524811954568	0.512723620916
bíé-	0.470740466938	0.398122887719	0.0304985360904	0.100638109252
kún-	0.474719101124	0.182584269663	0.219101123595	0.123595505618
oki-	0.0808044259524	0.277626399473	0.0584541970022	0.583114977572
eel-	0.37125748503	0.48502994012	0.14371257485	0.0
kak-	0.320158102767	0.450592885376	0.0750988142292	0.154150197628
kám-	0.26622296173	0.446755407654	0.0249584026622	0.262063227953
aan-	0.0711540805875	0.0938831917369	0.0220911010118	0.812871626664
tɛɛ-	0.0	1.0	0.0	0.0
lín-	0.0	1.0	0.0	0.0
aál-	0.436277188764	0.447152694284	0.061973986228	0.0545961307246
nye-	0.401304064798	0.544431045706	0.0244378755056	0.0298270139904
múo-	0.733333333333	0.222222222222	0.0444444444444	0.0
nɔt-	0.375266104725	0.184164919399	0.0482043383194	0.392364637556
uúm-	0.298267326733	0.352722772277	0.185643564356	0.163366336634
fuŋ-	0.511278195489	0.0676691729323	0.0225563909774	0.398496240602
kua-	0.619338512176	0.182926358619	0.0979992171089	0.0997359120957
núa-	0.344370860927	0.333964049196	0.298959318827	0.0227057710501
áná-	0.0	0.541401273885	0.458598726115	0.0
ték-	0.649482095962	0.195879309762	0.0874181441115	0.0672204501651
cío-	0.431972789116	0.302721088435	0.132653061225	0.132653061225
ɔsɛ-	0.903699552791	0.0520518731783	0.000590348529241	0.0436582255019
tɔm-	0.462973898666	0.18081965277	0.197472540451	0.158733908114
ŋge-	0.597039170081	0.112969321077	0.0516853102965	0.238306198545
osé-	0.514134275618	0.397526501767	0.0671378091873	0.0212014134276
bák-	0.748639277897	0.100470683945	0.0236310457706	0.127258992388
yél-	0.00597014925373	0.994029850746	0.0	0.0
hɔk-	0.288475085709	0.326891466679	0.384633447612	0.0
sáy-	0.411256906077	0.466764502762	0.0377244475138	0.0842541436464
yóo-	0.231456187462	0.0907515032386	0.00982812391175	0.667964185388
áah-	0.585310734463	0.376271186441	0.0293785310734	0.00903954802259
ɛŋá-	0.340852130326	0.659147869674	0.0	0.0
núɔ-	0.451167937427	0.228812660108	0.0611177638659	0.258901638599
eŋé-	0.424059193253	0.318084175352	0.003818919564	0.254037711831
táá-	0.474449339207	0.323348017621	0.0995594713657	0.102643171806
men-	0.642851007827	0.233990441227	0.0395650065803	0.0835935443652
mɔf-	0.30575707042	0.630247263678	0.0355531477233	0.0284425181787
bus-	0.327917282127	0.463810930576	0.128508124077	0.0797636632201
líŋ-	0.602917797222	0.137167847674	0.0632562647362	0.196658090368
fii-	0.652184970676	0.0767803695993	0.00788327957647	0.263151380148
fék-	0.0573248407643	0.305732484076	0.59872611465	0.0382165605096
oom-	0.788019896285	0.120541856281	0.028574452323	0.0628637951106
áaf-	0.689938398357	0.17659137577	0.0718685831622	0.0616016427105
séy-	0.0	1.0	0.0	0.0
kéé-	0.250029828998	0.0165651736143	0.00205614817505	0.731348849212
cɛk-	0.759700476515	0.191286589517	0.0490129339687	0.0
ɛ́t-	0.0124293991848	0.0224825897019	0.10985395456	0.855234056554
eti-	0.494047619048	0.215167548501	0.0820105820106	0.208774250441
bes-	0.0275070822233	0.787573025729	0.137870590835	0.0470493012124
ŋóo-	0.294586282284	0.150813354578	0.0329788416645	0.521621521473
hát-	0.678522553492	0.111627549385	0.0172002871282	0.192649609994
ɛŋɛ-	0.116603295311	0.864385297845	0.0190114068441	0.0
túɔ-	0.167475147451	0.207143294695	0.073171267321	0.552210290533
téb-	0.0791139240506	0.911392405063	0.0	0.0094936708861
fák-	0.339506172839	0.623456790123	0.0	0.037037037037
lih-	0.222222222222	0.555555555556	0.185185185185	0.037037037037
híŋ-	0.458333333333	0.3	0.183333333333	0.0583333333333
ɔwɔ-	0.576273207967	0.329543195643	0.0531149365881	0.041068659802
túu-	0.571428571429	0.259259259259	0.0740740740741	0.0952380952381
nay-	0.0	0.859649122807	0.0	0.140350877193
sua-	0.711538461538	0.152714932127	0.079185520362	0.0565610859728
cun-	0.198668714798	0.146953405018	0.586789554532	0.0675883256528
ŋɔɔ-	0.301624121802	0.0175339292918	0.00546512081821	0.675376828088
kot-	0.692534423102	0.199153246285	0.0451855121578	0.0631268184558
atú-	0.235403151066	0.536607970343	0.183503243744	0.044485634847
téŋ-	0.281661654736	0.553672754906	0.0227680643893	0.141897525969
eeŋ-	0.763005780347	0.0173410404624	0.0693641618497	0.150289017341
ony-	0.237852798163	0.661008738091	0.0671146358531	0.0340238278937
ɔfi-	0.326364099949	0.439061703213	0.128335883053	0.106238313785
ɔtɛ-	0.168641169744	0.478536085715	0.124762219609	0.228060524932
ɔyá-	0.120040495589	0.494287229427	0.362628356554	0.0230439184303
iín-	0.711439290612	0.104888362442	0.0286048499633	0.155067496983
bíɔ-	0.168470802837	0.307397810559	0.0256579096275	0.498473476977
ohe-	0.563271604938	0.317386831276	0.0730452674897	0.0462962962963
lah-	0.885829415715	0.0980523841504	0.00805910006714	0.00805910006718
hɛt-	0.21860806533	0.644217094096	0.0389961921366	0.0981786484379
búl-	0.483623283394	0.133718202774	0.0590042700439	0.323654243789
acá-	0.142857142857	0.857142857143	0.0	0.0
ɛbɔ-	0.455418381344	0.338820301783	0.0905349794238	0.115226337449
yaa-	0.106503701082	0.191355530044	0.599243031546	0.102897737329
uus-	0.0196317177974	0.0396604815727	0.0172494419298	0.9234583587
nak-	0.386039282182	0.535537657199	0.0614667231878	0.0169563374311
nɔŋ-	0.774193548387	0.0806451612902	0.0483870967742	0.0967741935484
esi-	0.674373795761	0.134874759152	0.0635838150289	0.127167630058
owí-	0.478431372549	0.352941176471	0.16862745098	0.0
olu-	0.188016595604	0.678213931405	0.0478072938343	0.0859621791559
bee-	0.175687666371	0.353149955634	0.471162377995	0.0
fua-	0.551020408163	0.394557823129	0.0408163265306	0.0136054421769
oké-	0.508222098899	0.414668341268	0.0700995998481	0.00700995998482
ɛma-	0.0173985086993	0.932891466446	0.0422535211268	0.00745650372827
wín-	0.0458333333333	0.929166666667	0.0	0.0249999999999
ceé-	0.342322335025	0.427030456853	0.15133248731	0.0793147208122
tun-	0.158305649355	0.783493744264	0.0548379046787	0.00336270170199
ocí-	0.753719008265	0.206611570248	0.00991735537189	0.0297520661157
buá-	0.183562160294	0.243347261931	0.228769361274	0.344321216501
nám-	0.515566584969	0.351767398831	0.065533815231	0.0671322009683
ɛsɔ-	0.0782721608711	0.869659173487	0.0258270493073	0.0262416163349
keb-	0.77380952381	0.178571428571	0.0	0.047619047619
híó-	0.0551839464883	0.054347826087	0.860367892977	0.0301003344481
bɛc-	0.345049206668	0.544888531834	0.0907812813818	0.0192809801165
kín-	0.495104028221	0.259360049257	0.0632865836191	0.182249338903
yíi-	0.529716819628	0.205224348	0.140295790291	0.12476304208
emú-	0.219392752204	0.238491674829	0.0381978452498	0.503917727718
mak-	0.0954314319918	0.567646526519	0.128709743199	0.20821229829
ómó-	0.632380766275	0.116403080733	0.0168354280539	0.234380724938
hɛh-	0.723076923077	0.246153846154	0.0307692307692	0.0
nik-	0.0	1.0	0.0	0.0
cál-	0.504504504505	0.0375375375375	0.0105105105105	0.447447447447
buó-	0.277126566525	0.563605767044	0.0334908644364	0.125776801994
tuŋ-	0.314233932804	0.644779032483	0.0351317440401	0.00585529067334
fié-	0.912663755459	0.0349344978166	0.0262008733624	0.0262008733625
abɔ-	0.214998999296	0.0862875339366	0.0184557345799	0.680257732188
sef-	0.0277777777778	0.972222222222	0.0	0.0
wéʼ-	0.633333333333	0.0222222222222	0.0	0.344444444444
etú-	0.138921900775	0.734430707558	0.0541000762722	0.0725473153945
eem-	0.142864684526	0.222292309315	0.0589282721661	0.575914733993
hun-	0.208	0.504	0.192	0.096
tɛa-	0.0	0.486419753086	0.513580246914	0.0
ɔ́k-	0.455873594878	0.173267326733	0.0294982505769	0.341360827812
kán-	0.59796459637	0.283886262054	0.0259879985545	0.0921611430219
kal-	0.0061841235269	0.98113647855	0.0105791295554	0.00210026836762
ɛ́c-	0.40695835595	0.0752567512282	0.0106797865157	0.507105106306
áyá-	0.0771807578833	0.160352277968	0.0902726981636	0.672194265985
tɛs-	0.0	1.0	0.0	0.0
kel-	0.583333333333	0.276785714286	0.0416666666666	0.0982142857143
any-	0.0568078490294	0.011350522057	0.00335230431566	0.928489324598
lɛ́-	0.777295049869	0.0904350136493	0.0344916594273	0.0977782770547
ɛlɔ-	0.14051973051	0.768046198268	0.0664100096246	0.0250240615977
nút-	0.564263322884	0.398119122257	0.0376175548589	0.0
bol-	0.185089974293	0.72236503856	0.0925449871465	0.0
bah-	0.333263554532	0.420417277231	0.182471565138	0.0638476030982
tuɔ-	0.0623914619214	0.830085787075	0.0483594694212	0.0591632815829
aám-	0.105819119572	0.0470737140627	0.0349501668871	0.812156999478
tɔb-	0.0886659095889	0.861688907918	0.0370890079326	0.0125561745605
áák-	0.645077720207	0.198834196891	0.0926165803109	0.0634715025907
aca-	0.0603448275862	0.198275862069	0.497536945813	0.243842364532
eke-	0.0463197969543	0.6581535533	0.18163071066	0.113895939086
lɛc-	0.800273102147	0.0689779714734	0.0175823977378	0.113166528642
yaá-	0.148617478262	0.251535627305	0.0575518759516	0.542295018481
bɔk-	0.204377155248	0.314050663473	0.0728749504185	0.40869723086
mɔk-	0.258034910605	0.583049471399	0.0876118533684	0.071303764627
iki-	0.0615574522686	0.101025686837	0.213908086115	0.623508774779
kúu-	0.589787847324	0.327065369689	0.0365845845145	0.0465621984729
nee-	0.841081390359	0.116864540123	0.0	0.0420540695179
yém-	0.194340524347	0.0565737035017	0.0275373638658	0.721548408286
yik-	0.205479452055	0.356164383562	0.438356164384	0.0
tuó-	0.439393939394	0.378787878788	0.181818181818	0.0
kɔŋ-	0.867026704038	0.0918551039475	0.00638040910577	0.0347377829091
kɔt-	0.113636363636	0.545454545455	0.204545454545	0.136363636364
céb-	0.72734558934	0.184491308921	0.0	0.0881631017382
ɛci-	0.342902711324	0.635832004253	0.0212652844232	0.0
emi-	0.122727272727	0.177272727273	0.327272727273	0.372727272727
sál-	0.0887983706721	0.875763747454	0.0134419551935	0.0219959266802
iis-	0.0725661697596	0.643849508163	0.00437751411284	0.279206807964
ɔwa-	0.567116324208	0.263566845556	0.0576679642962	0.11164886594
íny-	0.0338278931751	0.0189910979228	0.0154302670623	0.93175074184
isi-	0.250535331906	0.447537473233	0.276231263383	0.0256959314775
nyo-	0.6	0.095652173913	0.286956521739	0.0173913043478
cíé-	0.323627930946	0.418062355063	0.164905952074	0.093403761917
okó-	0.382191780822	0.380821917808	0.0369863013699	0.2
bat-	0.650251077458	0.224724210193	0.0213119291448	0.103712783204
oso-	0.494594594595	0.377477477478	0.0783783783783	0.0495495495495
neb-	0.048	0.897696969697	0.0157575757576	0.0385454545455
hɛɔ-	0.233444209253	0.421832476565	0.263078318718	0.0816449954641
nóh-	0.551979401352	0.396121660766	0.0079658834889	0.0439330543933
óóm-	0.601129298312	0.239626950895	0.0932622763608	0.0659814744322
tam-	0.0231516056759	0.976848394324	0.0	0.0
imi-	0.0390879478827	0.960912052117	0.0	0.0
cɛf-	0.0336837807492	0.911197305298	0.0489945901807	0.00612432377258
búm-	0.102138855284	0.128025934061	0.171572369889	0.598262840766
eny-	0.165326834237	0.212796915354	0.0757520643119	0.546124186097
cɛt-	0.390505359877	0.471669218989	0.10336906585	0.0344563552833
omó-	0.479371316307	0.269155206287	0.129666011788	0.121807465619
o-t-	0.198529411765	0.661764705882	0.0955882352941	0.0441176470588
ɔkɔ-	0.357930090036	0.286700240919	0.0636371300749	0.291732538969
aŋá-	0.286144578313	0.633534136546	0.070281124498	0.0100401606426
hii-	0.535281102051	0.199786041347	0.0655863760382	0.199346480564
oóm-	0.486573330273	0.258664218499	0.0619692448933	0.192793206335
míí-	0.0	1.0	0.0	0.0
bíh-	0.534121752617	0.301224173267	0.0909821082369	0.0736719658782
énu-	0.412998617421	0.185487305107	0.0281768916208	0.373337185851
nyé-	0.464387871244	0.440563681085	0.0416270573741	0.0534213902968
tim-	0.0747138397503	0.900312174818	0.00811654526535	0.0168574401665
nat-	0.037037037037	0.746588693957	0.204678362573	0.0116959064327
mol-	0.0029835902536	0.991049229239	0.0	0.00596718050721
elo-	0.0	0.914285714286	0.0857142857143	0.0
ɔca-	0.544148217063	0.253863150703	0.0725022168597	0.129486415374
onj-	0.0334581054766	0.897480933219	0.0137264022468	0.0553345590573
sɛm-	0.0	1.0	0.0	0.0
oós-	1.0	0.0	0.0	0.0
héy-	0.42852861852	0.4815702727	0.0539406652682	0.0359604435121
het-	0.761650341348	0.111902641733	0.0569902048085	0.0694568121104
lím-	0.681185555605	0.165945700757	0.0335774660353	0.119291277603
úús-	0.0939924906133	0.0575719649562	0.0135168961202	0.83491864831
atá-	0.0870128448636	0.322960704047	0.39918727794	0.190839173149
bɛb-	0.0600335801515	0.828596277193	0.0834672110355	0.0279029316197
ɛny-	0.121393263593	0.662030118404	0.186228302104	0.0303483158984
nél-	0.0	1.0	0.0	0.0
mah-	0.0870672523474	0.648959409135	0.169264440102	0.0947088984152
tum-	0.126903553299	0.720812182741	0.0395939086295	0.11269035533
eno-	0.0	1.0	0.0	0.0
hɛk-	0.130535746219	0.365695414448	0.348853831144	0.154915008189
ééh-	0.270238560813	0.224481814627	0.348846304263	0.156433320297
cám-	0.402708481825	0.27868852459	0.138987883108	0.179615110478
séŋ-	0.635472972973	0.171959459459	0.125	0.0675675675676
yán-	0.190872673003	0.0803079098264	0.0485429267143	0.680276490456
yal-	0.0	1.0	0.0	0.0
mén-	0.87380385416	0.0607417966306	0.0255542021599	0.0399001470499
súb-	0.721536106529	0.187629111121	0.0268996983073	0.063935084043
tís-	0.0781758957655	0.912052117264	0.00977198697068	0.0
muá-	0.168876262294	0.626277829742	0.130348271262	0.074497636702
fúŋ-	0.890654799746	0.0578512396694	0.0171646535283	0.0343293070566
yáá-	0.223008623302	0.0749987964043	0.0201467896122	0.681845790682
mil-	0.0578512396694	0.776859504132	0.0247933884298	0.140495867769
inú-	0.0662251655629	0.900662251656	0.0198675496689	0.0132450331126
biú-	0.00782093776766	0.980447655581	0.0117314066515	0.0
tus-	0.128812349219	0.655459209231	0.176028765712	0.0396996758388
hum-	0.606542480691	0.223080417992	0.170377101318	0.0
oko-	0.453461186911	0.391261872067	0.0663358831525	0.0889410578698
cek-	0.194117647059	0.317647058824	0.488235294118	0.0
ŋaá-	0.68245211975	0.00437079022454	0.00025125500692	0.312925835018
kam-	0.463663890992	0.40991672975	0.0514761544284	0.0749432248297
kúb-	0.323426573427	0.660839160839	0.0157342657343	0.0
aal-	0.0	1.0	0.0	0.0
emé-	0.230319048518	0.340003775722	0.197470266188	0.232206909571
buc-	0.130657557643	0.721605465414	0.140051238258	0.00768573868487
ɔwá-	0.590476190476	0.27619047619	0.0285714285714	0.104761904762
fɛs-	0.0115163147793	0.977447216891	0.00095969289827	0.0100767754319
akí-	0.0102780117944	0.983656276327	0.00404380791912	0.00202190395956
olé-	0.358329402082	0.446145198687	0.119844623553	0.0756807756777
boc-	0.275862068966	0.689655172414	0.0	0.0344827586207
núu-	0.427093436793	0.212091820239	0.0853540252182	0.27546071775
buu-	0.0622720398541	0.719153100258	0.0174361711591	0.201138688729
bak-	0.144597879381	0.525301235067	0.193016396086	0.137084489466
say-	0.262626262626	0.612257024022	0.0568712333418	0.0682454800102
eéŋ-	0.809573688069	0.0940609615586	0.0280716455431	0.0682937048288
ááh-	0.695829555757	0.260652765186	0.0435176790571	0.0
imé-	0.0185185185185	0.925925925926	0.0	0.0555555555556
wée-	0.619609623241	0.209033136632	0.0204266908761	0.150930549251
mel-	0.134550443225	0.768845856198	0.080158646405	0.0164450541719
ɛsá-	0.182889026658	0.650650960942	0.147861128332	0.018598884067
ááf-	0.735593220339	0.227118644068	0.0271186440678	0.0101694915254
fɔŋ-	0.73417721519	0.189873417721	0.0	0.0759493670886
ook-	0.0538851833997	0.865623115875	0.00849626227395	0.0719954384513
bɔh-	0.141114982578	0.648083623693	0.189895470383	0.0209059233449
lɛb-	0.719400499584	0.280599500416	0.0	0.0
eét-	0.237419856227	0.574120847095	0.0318632212939	0.156596075384
biu-	0.0357142857143	0.964285714286	0.0	0.0
kút-	0.481751824818	0.474452554744	0.0	0.043795620438
hié-	0.168987929434	0.487465181058	0.16713091922	0.176415970288
káa-	0.113750354878	0.833254471468	0.0141951358001	0.0388000378537
túe-	0.0490196078431	0.630718954248	0.232026143791	0.0882352941177
nyi-	0.250113986939	0.494372494035	0.0628460963388	0.192667422687
hiá-	0.0838247011952	0.784860557769	0.0611952191235	0.0701195219123
óom-	0.337448559671	0.572016460905	0.074074074074	0.0164609053498
cie-	0.313245823389	0.599045346062	0.0375894988067	0.0501193317422
yif-	0.0377358490566	0.132075471698	0.830188679245	0.0
bét-	0.0773569701854	0.186946011281	0.103948428687	0.631748589847
fám-	0.564003849856	0.23676612127	0.147256977863	0.0519730510106
sak-	0.0533689126085	0.887925283522	0.0200133422282	0.0386924616411
sám-	0.366019417476	0.480258899676	0.128478964401	0.0252427184466
ohu-	0.546397903858	0.346589877293	0.0522738475108	0.0547383713388
ɔny-	0.435816061687	0.4305654254	0.0531839508916	0.0804345620207
ata-	0.102875399361	0.882428115016	0.0108626198083	0.00383386581469
yíó-	0.454545454545	0.401515151515	0.0681818181818	0.0757575757576
míɔ-	0.176638001007	0.0584563696329	0.0137369129448	0.751168716415
lúk-	0.236459709379	0.668428005284	0.0475561426684	0.0475561426684
bíy-	0.410332541568	0.374703087886	0.0997624703088	0.115201900238
tán-	0.298422013096	0.479729487959	0.186782123305	0.0350663756396
iíl-	0.0176928520878	0.86396162617	0.0798144216403	0.0385311001022
ome-	0.455838079002	0.398563604048	0.0364177155501	0.1091806014
lís-	0.0	1.0	0.0	0.0
ɔhu-	0.173333333333	0.36	0.00533333333335	0.461333333333
yóʼ-	0.0	0.673913043478	0.0652173913043	0.260869565217
tal-	0.28949107733	0.560475875744	0.0984798413747	0.0515532055519
bɔf-	0.0983606557377	0.868852459016	0.0	0.0327868852459
wóó-	0.396501457726	0.265306122449	0.338192419825	0.0
láh-	0.445339301946	0.416848298848	0.123737941415	0.0140744577913
mua-	0.133720843752	0.348685382968	0.0372054720751	0.480388301205
tɔɔ-	0.248640921209	0.628523573521	0.0743665631518	0.0484689421182
bɔt-	0.157340385528	0.512994044793	0.246040725757	0.0836248439214
yáa-	0.553547178919	0.101848540098	0.0504226605368	0.294181620446
kél-	0.542413221097	0.367876608591	0.0476008943198	0.0421092759925
bok-	0.125874125874	0.82571274879	0.0484131253362	0.0
kuá-	0.807315328981	0.128930579126	0.0129738056635	0.0507802862297
til-	0.0	1.0	0.0	0.0
bík-	0.632256030248	0.164786154052	0.0561110981519	0.146846717548
hih-	0.24480369515	0.484988452656	0.152424942263	0.117782909931
tén-	0.21714066103	0.179285165258	0.065142198309	0.538431975403
hán-	0.106720581963	0.0521724730201	0.0945869166251	0.746520028392
ŋaa-	0.44636201641	0.121668635732	0.0256522391859	0.406317108673
mom-	0.316666666667	0.116666666667	0.533333333333	0.0333333333333
hal-	0.323422770123	0.229151559101	0.126178390138	0.321247280638
tɔs-	0.239867109635	0.506976744186	0.221262458472	0.0318936877077
nam-	0.379821104604	0.471097058999	0.102185836454	0.0468959999438
mɔɔ-	0.119311386098	0.749913967997	0.0351413183398	0.0956333275651
béf-	0.0210432959768	0.0351527856164	0.0246714504555	0.919132467951
úúb-	0.193355878257	0.156554605132	0.0425701213448	0.607519395266
oli-	0.641135276308	0.194836711582	0.0954538100631	0.0685742020478
séé-	0.326530612245	0.489795918367	0.0204081632653	0.163265306122
kon-	0.820143884892	0.136690647482	0.0	0.0431654676259
náa-	0.173652906606	0.462578772216	0.319160235078	0.0446080861007
cán-	0.492857142857	0.45	0.0428571428571	0.0142857142857
ébu-	0.754098360656	0.0327868852459	0.0655737704918	0.147540983607
úúl-	0.0	1.0	0.0	0.0
míe-	0.233766233766	0.279220779221	0.0	0.487012987013
tul-	0.0755594402627	0.80646803744	0.107280148675	0.0106923736221
ŋee-	0.477621670959	0.131042800795	0.0502004759266	0.341135052319
yam-	0.283780728107	0.253577543044	0.280065897858	0.182575830991
ŋéé-	0.539756782039	0.144184596196	0.0773308387902	0.238727782975
oóʼ-	0.367778235213	0.509125840538	0.0531082750103	0.0699876492384
ɛsa-	0.00374298190892	0.988771054273	0.0	0.00748596381785
éfe-	0.0711804372999	0.149002111573	0.216606498195	0.563210952932
ba--	0.305813953488	0.343410852713	0.204651162791	0.146124031008
hón-	0.932591218306	0.00556586270872	0.0618429189857	0.0
hul-	0.603401161372	0.24349777973	0.0665471136486	0.0865539452496
ɔɔl-	0.745386615146	0.254613384854	0.0	0.0
olú-	0.251223491028	0.670473083197	0.0587275693311	0.0195758564437
héé-	0.869846878681	0.0204652532391	0.0522673733805	0.0574204946997
káá-	0.231004143683	0.0171232965432	0.00175786368092	0.750114696093
bɛa-	0.126196735035	0.490128952675	0.332698024807	0.0509762874831
fɛl-	0.0	1.0	0.0	0.0
ció-	0.00533258490036	0.991299466742	0.00336794835812	0.0
ebí-	0.278122461368	0.145511029379	0.061596693418	0.514769815835
nuf-	0.33234421365	0.561380252011	0.0225777319056	0.0836978024341
báá-	0.110860654249	0.110978484653	0.0299660470886	0.74819481401
kan-	0.503965540818	0.362378439684	0.0566577649794	0.0769982545185
kɛ́-	0.608264756403	0.14788597357	0.0660780858609	0.177771184166
kál-	0.280587275693	0.415986949429	0.171288743883	0.132137030995
kúe-	0.47483863256	0.487508964858	0.0125508008606	0.0251016017212
eey-	0.213190845137	0.188734547124	0.0492922890355	0.548782318704
ken-	0.492048192771	0.379759036145	0.0983132530121	0.0298795180723
oyé-	0.427244582043	0.424148606811	0.0743034055727	0.0743034055728
étí-	0.0459587955626	0.0665610142631	0.0	0.887480190174
bub-	0.0240295748614	0.744916820702	0.227356746765	0.00369685767098
ilu-	0.0511676725269	0.719233796904	0.209918656521	0.0196798740488
nɔk-	0.0393150602771	0.875847178072	0.0610567984166	0.023780963234
muu-	0.343882092026	0.469937577316	0.0933245679333	0.0928557627245
eku-	0.158750678698	0.620187708457	0.177624945058	0.0434366677871
mem-	0.00597371565115	0.976105137395	0.0	0.0179211469534
obí-	0.368431995757	0.422293764165	0.114897536137	0.0943767039411
bɛ́-	0.354120539217	0.182155966126	0.0799556580689	0.383767836588
ala-	0.0434576288119	0.796947975724	0.0504508104598	0.109143585005
but-	0.0615383107591	0.745058019876	0.0598472077935	0.133556461572
iic-	0.149466192171	0.747330960854	0.0925266903915	0.0106761565836
nyɛ-	0.264263406649	0.301616863915	0.102568768576	0.33155096086
anu-	0.0425824175824	0.664835164835	0.284340659341	0.00824175824176
ŋeé-	0.460031998884	0.00710245607799	0.00870050869553	0.524165036342
aam-	0.726863512373	0.0872652171449	0.0321061559205	0.153765114562
aák-	0.547652331223	0.204341748212	0.177288051969	0.0707178685963
sém-	0.358422939068	0.469534050179	0.0	0.172043010753
fée-	0.883720930233	0.0232558139535	0.093023255814	0.0
mɔm-	0.150804425784	0.380718664986	0.112390598469	0.356086310761
fél-	0.061991476172	0.92987214258	0.0	0.00813638124758
bit-	0.237096720672	0.678605910155	0.0652610521093	0.0190363170644
yii-	0.204172876304	0.77347242921	0.0223546944858	0.0
káb-	0.042735042735	0.940170940171	0.017094017094	0.0
mɛɔ-	0.830870279146	0.136617405583	0.00295566502462	0.0295566502463
fíl-	0.0	0.996503496503	0.0	0.00349650349651
nuá-	0.370536680602	0.194355198099	0.112174521996	0.322933599304
loy-	0.0	1.0	0.0	0.0
nuó-	0.318237082067	0.324924012158	0.0638297872341	0.293009118541
bif-	0.0995390264864	0.16458317056	0.719470271115	0.0164075318384
beé-	0.030839892926	0.14142124139	0.106470055413	0.721268810271
míó-	0.179245283019	0.245283018868	0.575471698113	0.0
hɛ́-	0.147628803416	0.26216853092	0.0665638778682	0.523638787796
ote-	0.747826086957	0.173913043478	0.0086956521739	0.0695652173913
fál-	0.503279515641	0.437689202825	0.0317860746721	0.0272452068618
cif-	0.109573566789	0.0943236373906	0.770968652923	0.0251341428975
yɔ́-	0.193829002982	0.207500944114	0.0380025861901	0.560667466713
bet-	0.101786890674	0.799503205627	0.0645682699995	0.0341416336989
law-	0.0	1.0	0.0	0.0
sal-	0.109922928709	0.801396917148	0.0785645472061	0.0101156069364
itú-	0.665594855306	0.259990813045	0.0330730362884	0.0413412953606
isk-	0.00363636363636	0.996363636364	0.0	0.0
otu-	0.526315789474	0.175438596491	0.0877192982456	0.21052631579
ɛhá-	0.0114613180516	0.988538681948	0.0	0.0
ébú-	0.336532416915	0.156007711328	0.0240979003395	0.483361971418
sán-	0.485065054059	0.333516584204	0.115448048378	0.065970313359
eme-	0.036036036036	0.765765765766	0.198198198198	0.0
ibó-	0.190909090909	0.245454545455	0.490909090909	0.0727272727273
ɛkɔ-	0.118971267317	0.818496664956	0.0586839404824	0.00384812724474
náá-	0.0516150947275	0.0643489631425	0.0140963179256	0.869939624204
fúú-	0.505600532328	0.129754907397	0.305423089719	0.0592214705556
sul-	0.0696311347297	0.855110972179	0.0724445139106	0.00281337918099
inj-	0.0636015033082	0.586622956543	0.298937974898	0.0508375652515
sím-	0.00916622290508	0.987429180016	0.000261892083002	0.00314270499603
kus-	0.0	1.0	0.0	0.0
tám-	0.491733785502	0.380245866893	0.0296735905045	0.0983467571005
oof-	0.497068039509	0.182309547673	0.0348021413115	0.285820271506
mun-	0.0733486806021	0.831614413633	0.0604668308914	0.0345700748739
lɔɔ-	0.312543798178	0.237561317449	0.0672740014015	0.382620882971
nel-	0.0	1.0	0.0	0.0
sóó-	0.390909090909	0.448484848485	0.0363636363636	0.124242424242
tím-	0.542566314433	0.200333450973	0.147947349707	0.109152884887
búo-	0.178229665072	0.686602870813	0.0777511961722	0.0574162679426
oóc-	0.121255392259	0.0720183083664	0.0101317095235	0.796594589851
bef-	0.081916537867	0.243585780525	0.657805255023	0.0166924265842
ndá-	0.482191780822	0.312328767123	0.180821917808	0.0246575342466
kaá-	0.662688372591	0.1205890334	0.0119387041418	0.204783889868
bɛá-	0.217965320641	0.499756134479	0.213592559579	0.0686859853008
wɔs-	0.448275862069	0.310344827586	0.0344827586207	0.206896551724
iny-	0.310394889663	0.488675958188	0.124274099884	0.0766550522648
yút-	0.0134182005849	0.95544469293	0.00103216927576	0.0301049372097
tém-	0.53929638924	0.195642792066	0.208669660982	0.056391157713
beh-	0.0742492072891	0.895287451095	0.0137790591503	0.0166842824652
hám-	0.489027462215	0.124083769633	0.0246221475847	0.362266620567
etí-	0.0356031128405	0.112624297449	0.0903588413315	0.761413748379
itu-	0.0	0.995169082126	0.0048309178744	0.0
fɔk-	0.384615384615	0.412587412587	0.0979020979021	0.104895104895
nán-	0.522022130614	0.247125189846	0.153612497288	0.0772401822521
ɛlm-	0.0	1.0	0.0	0.0
fen-	0.010989010989	0.901098901099	0.076923076923	0.010989010989
tɔt-	0.0991080277503	0.794350842418	0.0668979187314	0.0396432111001
nal-	0.0	1.0	0.0	0.0
oti-	0.378787878788	0.227272727273	0.378787878788	0.0151515151515
lek-	0.825656265478	0.0911342248638	0.0802377414561	0.00297176820208
kes-	0.673469387755	0.204081632653	0.102040816326	0.0204081632653
ítí-	0.129001883239	0.38418079096	0.0649717514125	0.421845574388
woo-	0.696686872951	0.13177467453	0.128653839389	0.0428846131298
ohó-	0.105529811554	0.512048192771	0.0297894876208	0.352632508054
ɛɛl-	0.0	1.0	0.0	0.0
ɛba-	0.0	1.0	0.0	0.0
caa-	0.536082474227	0.350515463918	0.0721649484536	0.0412371134021
cók-	0.844228094576	0.155771905424	0.0	0.0
cuu-	0.0291153415454	0.917133258679	0.030235162374	0.023516237402
alá-	0.108497580797	0.774438137528	0.0836213336685	0.0334429480063
múú-	0.37189588239	0.358136574811	0.0953350728696	0.174632469929
néŋ-	0.618810235959	0.22640412097	0.0817547357927	0.0730309072781
úúm-	0.0763709857842	0.055206246712	0.0155541722575	0.852868595246
tuc-	0.096980105911	0.869357377988	0.0144267926149	0.0192357234865
hɛm-	0.0	1.0	0.0	0.0
mon-	0.244922335567	0.66063048928	0.0332165912615	0.0612305838916
ɛbɛ-	0.167980091248	0.723558689341	0.0885524678556	0.0199087515554
nén-	0.534967741935	0.260129032258	0.118193548387	0.0867096774193
man-	0.10504064368	0.572726332554	0.244255072703	0.0779779510621
yál-	0.370149253731	0.558208955224	0.0716417910448	0.0
eeh-	0.0846214398777	0.272069635865	0.0524466946056	0.590862229652
bíí-	0.377267655429	0.262728332686	0.229116256911	0.130887754974
yus-	0.00671140939597	0.993288590604	0.0	0.0
ɔɔm-	0.234782608696	0.486956521739	0.104347826087	0.173913043478
mél-	0.111111111111	0.888888888889	0.0	0.0
his-	0.0555555555555	0.907407407407	0.037037037037	0.0
lɔb-	0.563035073184	0.267812758906	0.0865531872161	0.0825989806934
amb-	0.155268332815	0.270407139489	0.471734506526	0.10259002117
owi-	0.655107526882	0.129211469534	0.036559139785	0.179121863799
nua-	0.220024519887	0.143407921957	0.0561100750165	0.58045748314
ehí-	0.166857142857	0.694857142857	0.0537142857143	0.0845714285714
nus-	0.0292870905588	0.939499036609	0.0104046242775	0.0208092485549
yef-	0.58064516129	0.177419354839	0.145161290323	0.0967741935484
yɔh-	0.0	1.0	0.0	0.0
ofú-	0.11666309316	0.243083562208	0.554012708072	0.0862406365608
asá-	0.124201060548	0.605985073022	0.187271911608	0.0825419548225
fól-	0.778940108058	0.221059891942	0.0	0.0
núe-	0.465168539326	0.45393258427	0.0808988764044	0.0
bue-	0.472527472528	0.472527472527	0.054945054945	0.0
nɔh-	0.182034192988	0.333352651405	0.142451463344	0.342161692263
buw-	0.210407239819	0.429864253394	0.33257918552	0.027149321267
naá-	0.0603712267983	0.148428223236	0.0438722579839	0.747328291982
ant-	0.0200756473669	0.947628745999	0.00174570846668	0.030549898167
yíí-	0.402638522427	0.454705364996	0.0890061565523	0.0536499560246
sék-	0.571428571429	0.386759581881	0.0188153310104	0.0229965156794
cík-	0.529579806749	0.366737399761	0.041473117396	0.0622096760939
ámɛ-	0.716552246403	0.0465791858574	0.0242082655709	0.212660302169
