-tui	0.33734939759	0.414156626506	0.194277108434	0.0542168674698
-eus	0.0911458333333	0.826822916667	0.01171875	0.0703125
-hel	0.0406549971767	0.850931677019	0.0982495765104	0.0101637492942
-hem	0.0162803234501	0.966756513926	0.0153818508536	0.00158131176999
-ank	0.262166030534	0.411259541985	0.114503816794	0.212070610687
-ivi	0.40194368303	0.116051404364	0.0748638353921	0.407141077213
-lem	0.00298069427248	0.99371761361	0.000412711514651	0.00288898060256
-xel	0.892186876659	0.0468058904133	0.0135378904827	0.0474693424453
-ufu	0.0271800679502	0.877689694224	0.0951302378256	0.0
-aus	0.538189903217	0.267460109861	0.171985351818	0.0223646351034
-aut	0.291947861963	0.26737601216	0.421875803585	0.0188003222912
-aua	0.0744109136006	0.868540719306	0.0570483670938	0.0
-ufe	0.819536423841	0.0968543046358	0.0240066225166	0.0596026490066
-ufa	0.197802197802	0.725274725275	0.0769230769231	0.0
-mul	0.44262295082	0.508196721311	0.0491803278689	0.0
-xet	0.611939172274	0.309296379809	0.0363528221153	0.0424116258012
-aul	0.784810126582	0.0632911392405	0.0506329113924	0.101265822785
-put	0.117212900175	0.847006764232	0.00912031211734	0.0266600234764
-usi	0.62467382196	0.19388724624	0.0515281703492	0.129910761451
-pus	0.334654717976	0.141929362151	0.0540853979968	0.469330521877
-uai	0.415970181089	0.390158488602	0.130790536973	0.0630807933355
-uak	0.0537017944493	0.144050567049	0.0113056409367	0.790941997565
-uan	0.359079639701	0.448721496911	0.0571941254371	0.13500473795
-pak	0.26136641408	0.358935773649	0.349754033244	0.0299437790271
-uau	0.724489795918	0.0408163265306	0.19387755102	0.0408163265306
-pul	0.377185313086	0.37938022893	0.131384004185	0.112050453799
-was	0.672643413835	0.253526179968	0.0217860215007	0.0520443846962
-puk	0.734240069084	0.198582325849	0.0179188255613	0.049258779505
-iva	0.223233404711	0.333511777302	0.399892933619	0.0433618843683
-'iu	0.0498753117207	0.278054862843	0.653366583541	0.0187032418953
-opo	0.0709010339734	0.765140324963	0.150664697193	0.01329394387
-ope	0.813953488372	0.186046511628	0.0	0.0
-naa	0.0300429184549	0.922746781116	0.0	0.0472103004292
-imu	0.00934579439252	0.990654205607	0.0	0.0
-das	0.0625562188241	0.915365115709	0.00588764412462	0.0161910213427
-dek	0.0401529636711	0.956022944551	0.0038240917782	0.0
-400	0.402489626556	0.0373443983402	0.0	0.560165975104
-ima	0.472222222222	0.310185185185	0.0833333333333	0.134259259259
-lep	0.728102189781	0.255474452555	0.0164233576642	0.0
-ime	0.491752047068	0.216341385604	0.0699573116079	0.22194925572
-imi	0.0194467524152	0.0468207865202	0.00951970427901	0.924212756786
-lua	0.0629373482669	0.814146112573	0.0572250443724	0.0656914947875
-sik	0.282351492935	0.523095019901	0.100915046983	0.09363844018
-bit	0.318921918623	0.341846308756	0.278473843197	0.0607579294247
-obo	0.28431372549	0.519607843137	0.196078431372	0.0
-ida	0.0	1.0	0.0	0.0
-bia	0.0904977375566	0.87556561086	0.0135746606335	0.0203619909502
-100	0.122891566265	0.0987951807228	0.0	0.778313253012
-uta	0.363009715022	0.115665163641	0.0464592315648	0.474865889771
-ria	0.0221412696556	0.928262286316	0.0156576374847	0.0339388065438
-rin	0.0286157147967	0.869083104805	0.0658161440325	0.0364850363658
-rim	0.0	1.0	0.0	0.0
-rik	0.601820439795	0.20191082531	0.147729155297	0.0485395795977
-riu	0.0779467680608	0.847908745247	0.0684410646388	0.00570342205323
-ris	0.0897552130552	0.893925657298	0.0	0.0163191296464
-tef	0.571876266378	0.169417803593	0.0432797514521	0.215426178576
-utu	0.0761061946903	0.899115044248	0.0247787610619	0.0
-tei	0.815055406954	0.150554069545	0.0137562094001	0.0206343141001
-nap	0.187016287397	0.39274575488	0.312810442417	0.107427515306
-ard	0.0	1.0	0.0	0.0
-are	0.0893039421373	0.104887155533	0.0300954048311	0.775713497498
-ara	0.055068466353	0.184064137903	0.0181709567164	0.742696439028
-rao	0.340628430208	0.0763565051918	0.0201210146073	0.562894049993
-lus	0.581060553753	0.229959262584	0.154871228337	0.0341089553269
-lut	0.102563067608	0.872207514691	0.00548465602184	0.0197447616786
-ari	0.0806444941376	0.125614522934	0.0177542565187	0.77598672641
-art	0.0190839694657	0.848600508906	0.132315521628	0.0
-lui	0.457763584711	0.154518551515	0.369959793678	0.0177580700965
-luk	0.221289487064	0.576230198882	0.12485997106	0.0776203429947
-lum	0.826579637425	0.103382922199	0.0114827327538	0.0585547076221
-lun	0.0216470369163	0.954611051627	0.0153624132955	0.00837949816116
-mel	0.019313304721	0.871244635193	0.0965665236051	0.0128755364807
-men	0.129411764706	0.67149321267	0.161085972851	0.0380090497737
-luf	0.655150100047	0.198119537309	0.0790832073429	0.0676471553007
-aye	0.729591836735	0.135204081633	0.0714285714286	0.0637755102041
-vut	0.670391061453	0.111731843575	0.134078212291	0.0837988826816
-git	0.564485645707	0.281860104704	0.0936950728582	0.0599591767307
-aya	0.128165771297	0.784343821949	0.0460475825019	0.0414428242518
-vus	0.0666666666667	0.933333333333	0.0	0.0
-ero	0.142649199418	0.844250363901	0.00436681222707	0.00873362445415
-num	0.54597390574	0.345119814768	0.0694694651915	0.0394368143009
-xok	0.334351881634	0.586040527501	0.015921518173	0.0636860726922
-gom	0.218274111675	0.781725888325	0.0	0.0
-vul	0.132755109913	0.0401625259791	0.0127729709384	0.814309393169
-vuk	0.324010796531	0.523746626084	0.0881525297192	0.0640900476655
-mor	0.0833333333333	0.916666666667	0.0	0.0
-xat	0.555555555556	0.407407407407	0.037037037037	0.0
-xau	0.246304878806	0.551490977495	0.0467149539407	0.155489189759
-alo	0.0972786647137	0.0630195732544	0.0143434075154	0.825358354517
-xaf	0.69431385545	0.297773735941	0.00791240860911	0.0
-xai	0.121655846222	0.845122386617	0.0237837651264	0.00943800203429
-ili	0.0120428035647	0.958779203799	0.0161717647868	0.0130062278498
-xal	0.0793905372895	0.757818765036	0.141940657578	0.0208500400962
-xam	0.622767055443	0.226479650668	0.103967788889	0.0467855049999
-xan	0.518702004277	0.290531128019	0.0548752219227	0.135891645781
-xao	0.633077765608	0.222891566265	0.0733844468784	0.0706462212486
-umu	0.788461538462	0.0961538461538	0.0	0.115384615385
-ote	0.657534246575	0.237671232877	0.0349315068493	0.0698630136986
-oti	0.035271793727	0.913159950887	0.0104922424378	0.0410760129479
-oam	0.0244470314319	0.923166472643	0.0174621653085	0.034924330617
-ume	0.837811065272	0.0859990236031	0.049748516541	0.0264413945836
-uma	0.0937292098982	0.85374692907	0.033827723936	0.0186961370956
-otu	0.035425847791	0.90220505766	0.0295552209894	0.0328138735599
-umi	0.249767018957	0.477148394787	0.068697140582	0.204387445674
-nak	0.264043355325	0.515409990575	0.0563619227144	0.164184731386
ALL	0.229747063231	0.302638965071	0.0569753550788	0.41063861662
-nai	0.479708303021	0.22052922667	0.0455250633266	0.254237406982
-nan	0.214262352257	0.671164546259	0.0468375291061	0.0677355723782
-nam	0.468201264793	0.380289629271	0.104058799872	0.0474503060646
-sis	0.026013986014	0.963076923077	0.00923076923077	0.00167832167832
-sip	0.160648283215	0.781903605461	0.0261319706064	0.0313161407178
-kin	0.0	1.0	0.0	0.0
-kim	0.0	1.0	0.0	0.0
-kis	0.0178611547967	0.944731521007	0.0359469782071	0.00146034598966
-sul	0.384466019417	0.564077669903	0.0378640776699	0.0135922330097
-sin	0.176335542653	0.674485312433	0.0773013602595	0.0718777846542
-nas	0.297437103221	0.64189983541	0.040912297202	0.0197507641665
-sia	0.0253391635834	0.939791456441	0.0132301827559	0.0216391972194
-sie	0.679819672537	0.188402566198	0.0182061380694	0.113571623195
-nau	0.449604513268	0.350163979387	0.0389794161778	0.161252091168
-uaa	0.388401511788	0.47636677245	0.0311454707837	0.104086244978
-mos	0.0246913580247	0.962962962963	0.0123456790123	0.0
-gol	0.00197876129543	0.684387573379	0.296154607216	0.0174790581096
-gon	0.548227675528	0.253408316292	0.0930470347648	0.105316973415
-gog	0.126002290951	0.828178694158	0.0458190148912	0.0
-gof	0.055381697487	0.352773826458	0.570317686107	0.0215267899478
-lki	0.0	1.0	0.0	0.0
-gop	0.501128668172	0.282167042889	0.196388261851	0.020316027088
-mon	0.37934578801	0.232103841658	0.0439807449273	0.344569625405
-got	0.504334121355	0.0551615445233	0.409771473601	0.0307328605201
-yau	0.661417322835	0.244094488189	0.0	0.0944881889764
-ber	0.0	1.0	0.0	0.0
-eor	0.0188679245283	0.981132075472	0.0	0.0
-bet	0.0729528535981	0.89429280397	0.0	0.0327543424318
-eon	0.03582395087	0.924257932446	0.0296827021495	0.0102354145343
-bel	0.0961538461538	0.894230769231	0.0	0.0096153846154
-ixe	0.629032258065	0.344086021505	0.0215053763441	0.00537634408602
-yan	0.190764849811	0.697883696973	0.0673729706559	0.0439784825603
-yai	0.230598669623	0.50258684405	0.10199556541	0.164818920916
-ma'	0.0338983050847	0.932203389831	0.0169491525424	0.0169491525424
-iso	0.118721461187	0.799086757991	0.0365296803653	0.0456621004566
-rei	0.193317422434	0.749403341289	0.0322195704057	0.0250596658711
-pol	0.021069167112	0.923286207064	0.00398387018413	0.0516607556397
-isi	0.224424227703	0.727361052841	0.00797138251595	0.0402433369399
-ise	0.668423983141	0.229543081686	0.0488513124636	0.0531816227097
-ref	0.0696015658694	0.909166307269	0.0157582191554	0.0054739077066
-isa	0.055973174147	0.891664824232	0.0410126022551	0.0113493993662
-upe	0.843770599868	0.104812129202	0.0276862228082	0.0237310481213
-eva	0.269896193771	0.730103806229	0.0	0.0
-res	0.295061728395	0.525925925926	0.166049382716	0.012962962963
-ret	0.022022925069	0.972113139461	0.00427191679048	0.00159201867969
-reu	0.0	1.0	0.0	0.0
-ava	0.0583583239696	0.0978604678779	0.0931260917255	0.750655116427
-mas	0.0449580899162	0.925577851156	0.00152400304801	0.0279400558801
-mar	0.0	1.0	0.0	0.0
-mau	0.449448745015	0.0723668777856	0.0225193525686	0.455665024631
-ave	0.138607409842	0.0440207148709	0.0137303136646	0.803641561622
-mai	0.0716669528041	0.818250667056	0.0905001850387	0.0195821951008
-mak	0.707219784603	0.234543278819	0.0486637415237	0.00957319505385
-has	0.0	1.0	0.0	0.0
-mam	0.0441050342405	0.438902180292	0.476684873381	0.0403079120873
-mal	0.190224570674	0.182298546896	0.571994715984	0.0554821664465
-man	0.171320554568	0.695903520175	0.0687288330863	0.0640470921714
-maa	0.615950896222	0.0784280134311	0.0224912139871	0.283129876359
-be'	0.0626385711361	0.06814483726	0.0186594203364	0.850557171267
-uno	0.361073158614	0.200223574711	0.395975655198	0.0427276114768
-uni	0.711538461539	0.230769230769	0.0576923076923	0.0
-se'	0.0620654990633	0.147879916697	0.0103646763212	0.779689907918
-une	0.463417720903	0.400582162275	0.099055203197	0.0369449136248
-ung	0.436263277672	0.455736933441	0.0538456927766	0.0541540961102
-una	0.0775506371119	0.500662204519	0.0773226574149	0.344464500954
-in'	0.370883882149	0.382437897169	0.161756210283	0.0849220103986
-efe	0.457627118644	0.406779661017	0.135593220339	0.0
-nka	0.225067385445	0.738544474394	0.0161725067386	0.0202156334232
-pta	0.0	1.0	0.0	0.0
-nki	0.0378151260504	0.953017570665	0.0	0.00916730328495
-gaf	0.189980990719	0.372470088337	0.385888404339	0.0516605166052
-tra	0.0	1.0	0.0	0.0
-oue	0.382251596913	0.378664839704	0.196767888448	0.042315674935
-gaa	0.370526315789	0.498947368421	0.0378947368421	0.0926315789473
-ada	0.435	0.505	0.06	0.0
-gan	0.444865192102	0.432374129938	0.0746550271122	0.0481056508478
-gal	0.259111617312	0.504555808656	0.0768792710706	0.159453302961
-gai	0.744838842734	0.143473998853	0.0708534617742	0.0408336966384
-adi	0.0	1.0	0.0	0.0
-gau	0.561087593567	0.106289125091	0.026524835414	0.306098445929
-gat	0.609809394291	0.270149386361	0.100834624253	0.0192065950958
-gas	0.718999640184	0.133557044845	0.0117108865724	0.135732428398
-lam	0.352633323623	0.608341453125	0.0253136583259	0.0137115649265
-sen	0.681338028169	0.228873239437	0.0422535211268	0.0475352112676
-sem	0.0	1.0	0.0	0.0
-sel	0.305555555556	0.694444444444	0.0	0.0
-sek	0.0	1.0	0.0	0.0
-sei	0.735675901443	0.181563005643	0.0333806911612	0.0493804017522
-ina	0.0582423459845	0.13143685303	0.0131259404143	0.797194860571
-un'	0.544340965155	0.170528053097	0.116644492533	0.168486489215
-ine	0.603364553167	0.0706611515931	0.0181870310958	0.307787264144
-sea	0.0	0.835100117786	0.0494699646643	0.11542991755
-lai	0.317267940358	0.272421098422	0.16576674158	0.24454421964
-aas	0.478405209662	0.19730227874	0.11131993309	0.212972578508
-uin	0.0856816450876	0.0751142421935	0.0951066260473	0.744097486672
-set	0.508833922262	0.3074204947	0.0	0.183745583039
-uie	0.811563498322	0.0660981380241	0.0104259954821	0.111912368171
-sep	0.00975043528729	0.98429096537	0.00379183594506	0.00216676339718
-lat	0.0263808738664	0.907254740313	0.0432811211871	0.0230832646331
-kut	0.25	0.125	0.625	0.0
-iaa	0.0	1.0	0.0	0.0
-aal	0.247604259503	0.508863383697	0.0805910982777	0.162941258523
-fun	0.596761952947	0.1634201872	0.104730584366	0.135087275487
-ful	0.0993377483443	0.562913907285	0.317880794702	0.0198675496689
-ian	0.235803538317	0.595646396523	0.0436262293172	0.124923835843
-iai	0.494356330801	0.32044404622	0.0804310134168	0.104768609563
-nes	0.0	1.0	0.0	0.0
-iak	0.225823766671	0.183992083611	0.0536521995688	0.536531950149
-fui	0.0767200131991	0.895066820657	0.0227685200462	0.005444646098
-iau	0.209178446606	0.0809686839064	0.0271699676891	0.682682901798
-pel	0.0891089108911	0.871287128713	0.0396039603961	0.0
-fut	0.35498406522	0.219254182482	0.241915066669	0.183846685629
-fos	0.21686746988	0.768674698795	0.0	0.0144578313253
-fur	0.0479041916167	0.916167664671	0.0359281437126	0.0
-fus	0.414868415385	0.459103243313	0.0343713658096	0.0916569754922
-ias	0.0304944456546	0.929209322588	0.0145211645974	0.0257750671604
-nei	0.407246670293	0.255262048844	0.0816282302135	0.25586305065
-nef	0.138339920949	0.687747035573	0.110671936759	0.0632411067194
-kun	0.0377358490566	0.698113207547	0.188679245283	0.0754716981132
-kum	0.037037037037	0.814814814815	0.0	0.148148148148
-kuk	0.329439252336	0.64953271028	0.0	0.0210280373832
-kui	0.686443661972	0.234330985915	0.0485915492958	0.0306338028169
-ban	0.0532231404959	0.536198347107	0.364958677686	0.0456198347107
-uul	0.278012983347	0.241038667796	0.453852667231	0.0270956816257
-bal	0.0840336134453	0.890756302521	0.0126050420168	0.0126050420168
-uun	0.102009409489	0.370722126955	0.101716279002	0.425552184555
-bak	0.268428304301	0.20603287078	0.0369058163567	0.488633008562
-uuk	0.0996617031046	0.784876910534	0.0787032264715	0.0367581598898
-bai	0.453930224418	0.0584185757069	0.0398273112676	0.447823888608
-uuf	0.700171501007	0.19800909701	0.0330325851913	0.0687868167921
-jop	0.03125	0.90625	0.0625	0.0
-hos	0.0510246758679	0.866164784609	0.0501882057716	0.0326223337516
-jon	0.0166221763611	0.96067655174	0.0125619686399	0.0101393032594
-uut	0.188734455011	0.745427944404	0.0438917337235	0.0219458668617
-bat	0.0398921832884	0.907277628032	0.0032345013477	0.0495956873316
-uup	0.668292682927	0.180487804878	0.136585365854	0.0146341463415
-uus	0.805920306214	0.036513819085	0.00379234197071	0.15377353273
-dru	0.0	1.0	0.0	0.0
-pet	0.748706824629	0.143000166861	0.0018354747205	0.106457533789
-ase	0.65476577427	0.230037390741	0.0622034570233	0.0529933779652
-asa	0.0822198029277	0.140453918217	0.307084757751	0.470241521105
-150	0.0677966101695	0.627118644068	0.0169491525424	0.28813559322
-aso	0.0426416934639	0.0302785264377	0.00749217201824	0.91958760808
-asi	0.106831542672	0.865599026961	0.0199241261475	0.00764530421939
-asu	0.49252839211	0.239689181112	0.135086670652	0.132695756127
-lta	0.0681818181818	0.781818181818	0.0545454545454	0.0954545454545
-elo	0.00992555831266	0.970486502745	0.0157530641402	0.00383487480262
-xos	0.787878787879	0.151515151515	0.0606060606061	0.0
-ove	0.275705468282	0.389922176579	0.0294779431497	0.304894411989
-xot	0.46327654404	0.31589152297	0.119955533725	0.100876399266
-430	0.380952380952	0.0238095238095	0.0	0.595238095238
-rau	0.35736677116	0.404388714733	0.210031347962	0.0282131661442
-ras	0.461140147116	0.481675054846	0.0283101045296	0.0288746935088
-ran	0.0213105720266	0.917865032283	0.0216164360991	0.0392079595911
-eri	0.171111775501	0.222659230087	0.0704859894018	0.53574300501
-ram	0.492036492964	0.475645585279	0.0202566877996	0.012061233957
-xof	0.385321100917	0.366972477064	0.137614678899	0.110091743119
-rak	0.227477564226	0.499480029272	0.211108115395	0.0619342911066
-rai	0.483870967742	0.483870967742	0.0322580645161	0.0
-raf	0.0242214532872	0.0290657439446	0.932179930796	0.0145328719723
-era	0.0866773675763	0.908507223114	0.0	0.00481540930979
-xoi	0.507564403383	0.234708413934	0.0815435502699	0.176183632413
-ere	0.32089382078	0.370905221555	0.0957665121228	0.212434445542
-xol	0.329648413015	0.508613976105	0.114821357342	0.0469162535377
-raa	0.394366197183	0.422535211268	0.151408450704	0.0316901408451
-pok	0.126002403799	0.795972651863	0.052607727622	0.0254172167162
-poi	0.741573033708	0.191011235955	0.0674157303371	0.0
-uga	0.313610246063	0.393686857611	0.13019576882	0.162507127506
-pof	0.0409777138749	0.922358015816	0.0345075485262	0.00215672178289
-ye'	0.0139388731135	0.986061126887	0.0	0.0
-laa	0.272567634766	0.0782905377248	0.0938531706397	0.555288656869
-ika	0.0	1.0	0.0	0.0
-iko	0.0196463654224	0.968565815324	0.0	0.0117878192534
-aat	0.196039009123	0.397758247557	0.273375274778	0.132827468541
-lan	0.342461200004	0.402075532667	0.0413066761772	0.214156591152
-fok	0.127450980392	0.872549019608	0.0	0.0
-aap	0.212964068833	0.590030181885	0.150556470762	0.0464492785201
-iki	0.0	1.0	0.0	0.0
-lak	0.115451885865	0.628873925309	0.0542972035309	0.201376985296
-aam	0.0730765108532	0.178962493292	0.0204690387621	0.727491957093
-lau	0.186376308776	0.296708676846	0.379170198063	0.137744816315
-wan	0.369189907038	0.543160690571	0.0398406374502	0.0478087649402
-aan	0.249137847525	0.215678048947	0.0352932443924	0.499890859135
-iks	0.105263157895	0.592105263158	0.0526315789474	0.25
-aak	0.479534319272	0.27676259333	0.028078389811	0.215624697587
-las	0.141703056879	0.784949146438	0.0381344808243	0.0352133158586
-aaf	0.11225934614	0.63245208056	0.160612016315	0.0946765569856
-oxo	0.213306517685	0.165568162865	0.194015358493	0.427109960957
-gei	0.803359242384	0.127937103547	0.0284106137765	0.040293040293
-gen	0.81568627451	0.0725490196078	0.0117647058823	0.1
-gel	0.422081999121	0.352891316632	0.0712626357758	0.153764048471
-ile	0.750470750321	0.122964586944	0.0258524621928	0.100712200542
-ges	0.20913523223	0.779317423659	0.0	0.0115473441109
-dom	0.00929899856938	0.981402002861	0.00929899856939	0.0
-dok	0.0	1.0	0.0	0.0
-tof	0.283108643933	0.613798572561	0.0959555908009	0.00713719270422
-sar	0.0	1.0	0.0	0.0
-vot	0.157303370786	0.769662921348	0.0674157303371	0.00561797752808
-sau	0.359756674471	0.173454346004	0.0570691685016	0.409719811024
-sat	0.0	1.0	0.0	0.0
-ibu	0.0384615384615	0.961538461538	0.0	0.0
-tol	0.195825426945	0.692599620493	0.0842504743833	0.0273244781784
-tok	0.557326333552	0.253679572513	0.0455610762163	0.143433017718
-toi	0.812325925926	0.142340740741	0.0303407407407	0.0149925925926
-lfa	0.0623145400594	0.93056379822	0.00712166172106	0.0
-oli	0.0	1.0	0.0	0.0
-'ui	0.0828798448261	0.289651587712	0.36001863608	0.267449931382
-saf	0.746090156394	0.173873045078	0.0413983440662	0.0386384544618
-vof	0.214925373134	0.602985074627	0.14328358209	0.0388059701493
-'ul	0.0716741475846	0.839915609456	0.067672037821	0.0207382051387
-sak	0.319813748315	0.170444798432	0.474696728342	0.0350447249112
-voi	0.0581395348837	0.918604651163	0.0232558139535	0.0
-sai	0.14923217718	0.545075938211	0.23511763172	0.0705742528894
-vol	0.429864253394	0.434389140272	0.117647058824	0.0180995475113
-san	0.414655723345	0.430038642697	0.0774935366921	0.0778120972665
-sam	0.58100669063	0.200751845029	0.138906882324	0.0793345820168
-sal	0.426626323752	0.35552193646	0.177004538578	0.0408472012103
-rot	0.0224576759185	0.91897961534	0.04364850858	0.0149142001612
-iel	0.0571642802465	0.932821539272	0.00500709024057	0.00500709024057
-loi	0.00487804878049	0.975609756098	0.0	0.019512195122
-lof	0.075707968928	0.505083779331	0.0979419077581	0.321266343983
-loe	0.0	0.964285714286	0.0357142857143	0.0
-rol	0.302521008403	0.0567226890756	0.628151260504	0.0126050420168
-rom	0.0880431231624	0.694870957203	0.186050310356	0.031035609278
-ron	0.015911872705	0.965728274174	0.0183598531212	0.0
-lou	0.080305206886	0.191433886981	0.038016289812	0.690244616321
-rok	0.131578947368	0.815789473684	0.0526315789473	0.0
-ipa	0.0594877999597	0.896955031256	0.0369026013309	0.00665456745312
-ipe	0.834368015893	0.0584388709544	0.0278122671964	0.0793808459564
-awi	0.46511627907	0.372093023256	0.0232558139535	0.139534883721
-tie	0.633487431378	0.197365886545	0.0628431089281	0.106303573148
-awa	0.0794533800943	0.796226871448	0.0720764300399	0.0522433184182
-uxe	0.600735436424	0.253919101993	0.0459841300561	0.0993613315269
-awe	0.57023326572	0.325304259635	0.057555780933	0.046906693712
-tia	0.363378684807	0.606009070295	0.0204081632653	0.0102040816327
-pil	0.259431807801	0.0337992143966	0.701288024116	0.00548095368596
-276	0.0	0.137931034483	0.0	0.862068965517
-sta	0.3	0.571428571429	0.128571428571	0.0
-bis	0.748505747126	0.130114942529	0.0	0.121379310345
-ain	0.178827602232	0.758366368389	0.0314117111765	0.0313943182024
-saa	0.236513439073	0.595616867699	0.0410770253585	0.12679266787
-pit	0.796301490012	0.174716999952	0.0289815100351	0.0
-ibi	0.151515151515	0.848484848485	0.0	0.0
-lei	0.376991074555	0.095628747222	0.0917555757234	0.4356246025
-lek	0.0	1.0	0.0	0.0
-ois	0.0176991150442	0.964601769912	0.0176991150442	0.0
-ion	0.0152413209145	0.940304826418	0.0406435224387	0.0038103302286
-len	0.0	1.0	0.0	0.0
-leo	0.126059322034	0.791313559322	0.0826271186441	0.0
-lea	0.0	1.0	0.0	0.0
-olo	0.151713130771	0.776092242061	0.00566817320744	0.066526453961
-mui	0.157803692473	0.0813767573351	0.13177696887	0.629042581321
-mut	0.0459912369127	0.812032776741	0.0326869142555	0.109289072091
-oie	0.598694062823	0.12379428699	0.0627854412189	0.214726208969
-tiu	0.346735074627	0.571968283582	0.0378731343284	0.0434235074627
-mus	0.197183098592	0.774647887324	0.0	0.0281690140845
-mur	0.00436681222707	0.986899563319	0.00873362445414	0.0
-ios	0.0	1.0	0.0	0.0
-oin	0.828571428571	0.0857142857143	0.0857142857143	0.0
-let	0.789157156089	0.0922073436837	0.00482723976076	0.113808260467
-iot	0.0651105651106	0.884520884521	0.0368550368551	0.0135135135135
-fai	0.222137449827	0.676049552336	0.0855356847034	0.0162773131339
-ife	0.138542322944	0.0382670543568	0.012701367401	0.810489255298
-ifi	0.335902577215	0.264343923033	0.0725704089329	0.327183090819
-alu	0.519607843137	0.176470588235	0.196078431373	0.107843137255
-gis	0.386788990826	0.245137614679	0.321834862385	0.0462385321101
-ole	0.619647355164	0.319899244332	0.0302267002519	0.0302267002519
-gin	0.931449034403	0.0378565033892	0.00690625399667	0.0237882082108
-gim	0.295443164747	0.614421632449	0.0901352028042	0.0
-gil	0.140892066555	0.595430171309	0.249560170905	0.0141175912305
-ifu	0.0571860785742	0.879147879955	0.0106429465785	0.0530230948922
-ali	0.667462225732	0.235872911657	0.0386393278265	0.0580255347843
-nda	0.0	0.991543340381	0.0	0.00845665961945
-ale	0.758064516129	0.0645161290323	0.0645161290323	0.112903225806
-nde	0.243401759531	0.328445747801	0.0527859237536	0.375366568915
-ala	0.156200810709	0.750223571856	0.0702990708883	0.0232765465461
-lon	0.0504451038576	0.945103857567	0.0	0.00445103857566
-120	0.0888888888889	0.4	0.0	0.511111111111
-mfa	0.0	1.0	0.0	0.0
-wat	0.0130151843818	0.973969631236	0.0130151843818	0.0
-yot	0.737199116935	0.212825808289	0.0112163509472	0.0387587238285
-yon	0.0	1.0	0.0	0.0
-lok	0.0839819004525	0.424796380091	0.0561085972851	0.435113122172
-nat	0.369273630698	0.243128356837	0.320676680932	0.0669213315335
-xut	0.225	0.525	0.25	0.0
-pen	0.216007212095	0.554578687928	0.17477751679	0.0546365831872
-xup	0.683595632223	0.260065086696	0.0290592081366	0.0272800729445
-xus	0.352739389394	0.258131561575	0.313088392338	0.0760406566918
-xul	0.531341932564	0.322244851776	0.0724145734329	0.0739986422267
-xum	0.0	0.980830670927	0.0191693290735	0.0
-153	0.09375	0.03125	0.0625	0.8125
-eli	0.0186335403727	0.944099378882	0.0	0.0372670807453
-xui	0.116430903156	0.596300326442	0.182807399347	0.104461371055
-pes	0.27047146402	0.491315136477	0.200992555831	0.0372208436724
-oga	0.468337730871	0.339709762533	0.115435356201	0.0765171503958
-iya	0.147165886635	0.765470618825	0.0592823712949	0.0280811232449
-ele	0.572477508371	0.122644934845	0.0189615524267	0.285916004357
-esi	0.00544959128065	0.989100817439	0.0	0.00544959128065
-rie	0.285343183017	0.376466290539	0.0324714859764	0.305719040468
-iti	0.7758352284	0.166397033012	0.0164832649074	0.0412844736802
-esa	0.0	1.0	0.0	0.0
-ite	0.405398170055	0.241941195818	0.12278498518	0.229875648946
-ita	0.0164739052694	0.960077859007	0.00672536270075	0.0167228730232
-spa	0.046783625731	0.801169590643	0.140350877193	0.0116959064327
-faa	0.137125156312	0.0549181065642	0.00667703366481	0.801279703459
-bru	0.0	0.967936385789	0.0166730793895	0.0153905348211
-ute	0.541395139803	0.332124169369	0.0651664473051	0.0613142435235
-fan	0.315801089573	0.580515043078	0.0683854782795	0.0352983890697
-666	0.27027027027	0.027027027027	0.0	0.702702702703
-fas	0.0424242424243	0.932525252525	0.00484848484849	0.020202020202
-uda	0.0219751400576	0.81573212033	0.132486129888	0.0298066097242
-fau	0.476253589574	0.210956483322	0.0556660039762	0.257123923128
-so'	0.24358974359	0.628205128205	0.128205128205	0.0
-hum	0.0	1.0	0.0	0.0
-uok	0.191176470588	0.5	0.0735294117647	0.235294117647
-abe	0.092050209205	0.907949790795	0.0	0.0
-aba	0.132075471698	0.754716981132	0.0	0.11320754717
-lot	0.0166175693028	0.970038018984	0.0113301608883	0.00201425082459
-vas	0.444188901677	0.207252513776	0.161221669458	0.187336915089
-vat	0.796061279018	0.0581017624235	0.0189843273198	0.126852631239
-vau	0.00992501295136	0.93898122969	0.044439289097	0.00665446826176
-sou	0.168977591036	0.094887955182	0.0189075630252	0.717226890756
-kol	0.14832717278	0.5801345844	0.0810349729884	0.190503269832
-tuk	0.416530999215	0.445231847695	0.0888222788301	0.0494148742602
-tul	0.154257468542	0.174978621033	0.0482491174324	0.622514792992
-tum	0.336609622645	0.366944402867	0.118578389795	0.177867584693
-tun	0.0097772949484	0.986963606735	0.0	0.00325909831613
-sor	0.0	1.0	0.0	0.0
-sol	0.0531982681448	0.911020690292	0.0102231547325	0.0255578868312
-ori	0.115136197697	0.809042403819	0.0471777590564	0.0286436394271
-vaf	0.793286219081	0.196113074205	0.0	0.0106007067138
-kop	0.0	0.998397863818	0.0	0.00160213618157
-sok	0.299636491139	0.50274377047	0.0553811878346	0.142238550557
-kor	0.0414794331144	0.903214656066	0.0414794331144	0.0138264777048
-vak	0.61180476731	0.38819523269	0.0	0.0
-vai	0.559757249538	0.264937281997	0.0947383351968	0.080567133268
-vao	0.350123864575	0.417836498761	0.140379851362	0.0916597853014
-val	0.877805486284	0.122194513716	0.0	0.0
-ore	0.47533632287	0.363228699552	0.067264573991	0.0941704035875
-lit	0.638805951801	0.172462972842	0.0595624320777	0.129168643279
-liu	0.219919035391	0.115115365581	0.171637410794	0.493328188235
-dus	0.187066652189	0.359071801951	0.342800415704	0.111061130156
-lip	0.0545334501944	0.917944995502	0.0214056533473	0.00611590095638
-lis	0.209568011424	0.653338093538	0.0503391645841	0.0867547304535
-lim	0.518486764548	0.393419783517	0.0398671096345	0.0482263422999
-omi	0.242290748899	0.713656387665	0.0176211453744	0.0264317180617
-lio	0.010752688172	0.951612903226	0.0268817204301	0.010752688172
-rul	0.168420194111	0.392953266455	0.32950004078	0.109126498654
-rum	0.125676247232	0.823919431661	0.0129341011536	0.0374702199534
-lie	0.579525753438	0.107095973723	0.0279717955677	0.285406477271
-lif	0.251781179893	0.646488178882	0.0737741291325	0.0279565120923
-lia	0.0367389783065	0.954863540938	0.00839748075579	0.0
-eas	0.0910165484633	0.898345153664	0.0106382978723	0.0
-ear	0.106194690265	0.663716814159	0.230088495575	0.0
-eau	0.353383458647	0.0676691729323	0.345864661654	0.233082706767
-iik	0.0610335396574	0.707499640132	0.203541096876	0.0279257233338
-144	0.148936170213	0.0744680851064	0.0	0.776595744681
-oda	0.0643776824034	0.884120171674	0.0257510729614	0.0257510729613
-adu	0.918367346939	0.0	0.0	0.0816326530612
-rna	0.0	1.0	0.0	0.0
-eai	0.0607661822985	0.923381770145	0.0	0.0158520475561
-eak	0.232969307241	0.329899482357	0.266514906932	0.17061630347
-uri	0.125186593677	0.481916121811	0.0481496836569	0.344747600855
-url	0.0153452685422	0.762148337596	0.199488491049	0.0230179028133
-ura	0.0892193308549	0.910780669145	0.0	0.0
-gap	0.0140845070423	0.394366197183	0.591549295775	0.0
-ure	0.401777777778	0.447111111111	0.096	0.0551111111111
-pai	0.177827628142	0.744035989796	0.0363738330291	0.0417625490333
-wau	0.816513761468	0.159021406728	0.0152905198777	0.00917431192661
-apa	0.0611835506519	0.910230692076	0.00902708124373	0.0195586760281
-pal	0.588134869825	0.29150661545	0.0904822876653	0.0298762270593
-tuf	0.660377358491	0.249056603774	0.0150943396226	0.0754716981132
-pan	0.396335763694	0.537574590856	0.0345606402814	0.0315290051689
-paa	0.223501443369	0.261725250467	0.276192902021	0.238580404143
-api	0.18624186315	0.717173072466	0.0544421811026	0.0421428832807
-dua	0.464985994398	0.341736694678	0.109243697479	0.0840336134454
-sop	0.381954887218	0.487218045113	0.103759398496	0.0270676691729
-waa	0.189189189189	0.792792792793	0.0	0.018018018018
-sot	0.706322541234	0.279474648748	0.00962125839951	0.00458155161881
-dui	0.499545040946	0.163785259327	0.110100090992	0.226569608735
-pas	0.0322580645161	0.94623655914	0.0161290322581	0.00537634408602
-pat	0.479584624805	0.410056892212	0.033139915997	0.0772185669852
-pau	0.600950118765	0.301662707838	0.0878859857482	0.00950118764845
-wai	0.682944941375	0.214504817664	0.0153118970243	0.0872383439369
-ve'	0.00662484316185	0.993375156838	0.0	0.0
-aro	0.111111111111	0.622222222222	0.122222222222	0.144444444444
-nuk	0.714792625206	0.271504472752	0.00599896633195	0.00770393571052
-nui	0.0	1.0	0.0	0.0
-nuf	0.817103354101	0.100366988137	0.00563284117095	0.0768968165913
-kel	0.394233782513	0.249764963961	0.277969288624	0.0780319649012
-sus	0.00858840408152	0.825832642569	0.00476280011677	0.160816153233
-sur	0.0	1.0	0.0	0.0
-sup	0.301886792453	0.698113207547	0.0	0.0
-sum	0.0466381655655	0.78429848426	0.151574038088	0.0174893120871
-ket	0.293643110681	0.685382381413	0.0	0.0209745079058
-suk	0.044722061834	0.783056007559	0.140884992914	0.0313369376936
-sos	0.134328358209	0.820895522388	0.0	0.044776119403
-sui	0.696067668581	0.177680936702	0.0331673078371	0.0930840868798
-kep	0.0350877192982	0.543859649123	0.0701754385965	0.350877192983
-suf	0.7041266868	0.193996330135	0.0311078405138	0.0707691425513
-kat	0.84636394674	0.106862410379	0.0102424035507	0.0365312393308
-nus	0.121434428955	0.675901504909	0.0332675812851	0.169396484851
-sua	0.0411622276029	0.958837772397	0.0	0.0
-fet	0.288209606987	0.620087336245	0.0786026200873	0.0131004366812
-dia	0.0104771597917	0.970244866192	0.0122133748428	0.0070645991738
-din	0.0888133589478	0.895337668095	0.00975321412738	0.00609575882961
-son	0.0478011472275	0.93690248566	0.0114722753346	0.0038240917782
-dis	0.233734939759	0.740963855422	0.0168674698795	0.00843373493976
-iir	0.103261817547	0.757544043258	0.113378684807	0.0258154543869
-sli	0.0	1.0	0.0	0.0
-uks	0.0975609756097	0.804878048781	0.0487804878049	0.0487804878049
-kos	0.0	0.99209486166	0.00790513833994	0.0
-eis	0.174124496352	0.717779868297	0.0841335486963	0.023962086654
-vem	0.227848101266	0.472573839663	0.229957805907	0.0696202531646
-afu	0.0312035661218	0.836552748886	0.126300148588	0.00594353640416
-vei	0.343792633015	0.619372442019	0.0	0.0368349249659
-500	0.105882352941	0.0735294117647	0.211764705882	0.608823529412
-ves	0.0968300317854	0.149986579824	0.577756581322	0.175426807069
-afo	0.274012964054	0.0654095462581	0.0589275191514	0.601649970536
-su'	0.330859886512	0.189000436491	0.00654735923179	0.473592317765
-afa	0.153936234518	0.732754291759	0.0976903026749	0.0156191710482
-ing	0.077249479596	0.793974892259	0.0677659884339	0.0610096397113
-afe	0.57553062205	0.164429245683	0.104117796682	0.155922335585
-ait	0.0826908788777	0.0590991523595	0.0523084420513	0.805901526712
-ora	0.05	0.914285714286	0.0142857142857	0.0214285714286
-tip	0.847262247839	0.135446685879	0.0	0.0172910662824
-ais	0.00844367657632	0.978510468897	0.00470151532171	0.00834433920483
-tis	0.0234375	0.9609375	0.00390624999999	0.01171875
-aie	0.799656332328	0.0955600531586	0.0150039183122	0.0897796962008
-nga	0.247688428131	0.69725413281	0.0302605771925	0.0247968618661
-aia	0.0463706125932	0.936361358319	0.00401928263248	0.0132487464552
-mek	0.0	1.0	0.0	0.0
-ail	0.0384615384615	0.865384615385	0.0961538461538	0.0
-tin	0.0535899819544	0.875868103024	0.0623393667633	0.00820254825833
-vam	0.149220489978	0.846325167038	0.0	0.00445434298441
-tik	0.33110367893	0.548494983278	0.120401337793	0.0
-eme	0.0777244527684	0.841741776893	0.0805337703382	0.0
-ema	0.140165871364	0.289098844041	0.0637880612194	0.506947223376
-emi	0.136771234957	0.145972076177	0.06995560229	0.647301086576
-260	0.0711743772242	0.23487544484	0.0320284697509	0.661921708185
-ems	0.00437956204379	0.994647201946	0.000973236009731	0.0
-oni	0.051724137931	0.775862068966	0.0	0.172413793103
-dal	0.355755566082	0.374230222643	0.149218379915	0.12079583136
-ulu	0.428430404738	0.248766041461	0.0473840078973	0.275419545903
-ins	0.107692307692	0.846153846154	0.0153846153846	0.0307692307692
-ana	0.0789925377595	0.179197074448	0.0482872783786	0.693523109413
-ses	0.0482528533802	0.935030728709	0.00519754170325	0.0115188762072
-dan	0.0188730115934	0.969803181451	0.0	0.0113238069561
-rus	0.113411548194	0.775247296986	0.0669427191166	0.0443984357028
-ane	0.161816260463	0.0995376207232	0.0209187894853	0.717727329329
-lel	0.0	1.0	0.0	0.0
-ame	0.321227097738	0.206249445773	0.05373118646	0.418792270029
-buk	0.461681775318	0.162225111227	0.0696469715505	0.306446141905
-000	0.0677480942548	0.292371739112	0.0153404495974	0.624539717035
-eta	0.508728975942	0.223546944858	0.11283798169	0.154886097509
-ete	0.610465116279	0.198764534884	0.0708575581395	0.119912790698
-kus	0.0114285714286	0.974285714286	0.0142857142857	0.0
-oxe	0.36170212766	0.531914893617	0.0851063829787	0.0212765957447
-atu	0.137704918033	0.820765027322	0.0185792349727	0.0229508196721
-bun	0.0346424283999	0.889212827988	0.0452752529583	0.0308694906534
-bul	0.0701949860724	0.913091922006	0.0050139275766	0.0116991643454
-bum	0.340326340326	0.547785547786	0.048951048951	0.062937062937
-uya	0.0594059405941	0.940594059406	0.0	0.0
-nge	0.692910818125	0.206689057148	0.0556985044713	0.0447016202552
-uye	0.596638655462	0.361344537815	0.0420168067227	0.0
-lin	0.161194029851	0.707462686567	0.0268656716418	0.10447761194
-wet	0.10676901605	0.386601535241	0.462665736218	0.0439637124913
-300	0.14606741573	0.292134831461	0.112359550562	0.449438202247
-iam	0.0392598155676	0.783983770344	0.00994581994381	0.166810594145
-wei	0.62874251497	0.26372255489	0.0830838323353	0.0244510978044
-ate	0.520968743517	0.215205699946	0.124078566742	0.139746989795
-ska	0.148690996931	0.809394790103	0.0228504276294	0.0190637853366
-wen	0.065523727298	0.880515556104	0.0271345317752	0.0268261848232
-ata	0.0283215202422	0.831771673226	0.12731528791	0.0125915186213
-bur	0.591521138355	0.320279884753	0.035867583936	0.0523313929559
-ato	0.125422619697	0.746973497655	0.121060093794	0.00654378885375
-net	0.621880998081	0.355086372361	0.0230326295585	0.0
-ati	0.415931443148	0.476010779432	0.0381084894948	0.069949287926
-nis	0.201896425966	0.784099197666	0.00875273522976	0.00525164113785
-kai	0.343934223155	0.591521621543	0.0279388864242	0.0366052688782
-edi	0.00786885245902	0.992131147541	0.0	0.0
-osa	0.0	1.0	0.0	0.0
-kan	0.646013505509	0.195000592347	0.0454922402559	0.113493661888
-kam	0.0546619492642	0.873525940281	0.0190494150947	0.0527626953599
-lik	0.0456521739131	0.940217391304	0.0	0.0141304347826
-ule	0.39927095854	0.362679738191	0.160348613816	0.0777006894535
-nia	0.39115362722	0.124955983991	0.0109154389167	0.472974949872
-kas	0.508129626295	0.303811020863	0.136882369831	0.0511769830107
-kar	0.0	1.0	0.0	0.0
-kap	0.199247288023	0.760903254372	0.0265663050697	0.0132831525349
-nin	0.0527552166482	0.665009417803	0.069197091053	0.213038274495
-oma	0.225519287834	0.204747774481	0.436201780416	0.13353115727
-mua	0.121323897663	0.498623500952	0.13868189972	0.241370701665
-nim	0.2	0.8	0.0	0.0
-nen	0.0442780919009	0.837142629609	0.0603647368002	0.0582145416899
-nou	0.751327433628	0.195575221239	0.0318584070796	0.0212389380531
-kuf	0.67701863354	0.16149068323	0.149068322981	0.0124223602484
-tak	0.133743158313	0.258313480145	0.295142438226	0.312800923316
-fiu	0.306329113924	0.685232067511	0.00675105485232	0.00168776371308
-fin	0.253071128778	0.515889421546	0.0228408706664	0.20819857901
-dak	0.0990970311906	0.458183816119	0.329906337177	0.112812815514
-fia	0.0302114803625	0.969788519637	0.0	0.0
-fie	0.270528325907	0.511775938892	0.109484404838	0.108211330363
-ilu	0.0170854013788	0.0388265746333	0.0642581945856	0.879829829402
-vin	0.0588495184236	0.925819563489	0.00260669788813	0.0127242201997
-vio	0.135435386375	0.828296030061	0.0313674236236	0.00490115994118
-vil	0.651343815834	0.158665296939	0.0407732493469	0.14921763788
-wel	0.0158550383421	0.907134775425	0.0664401606716	0.0105700255614
-vie	0.595041322314	0.326446280992	0.0330578512397	0.0454545454545
-ods	0.1	0.9	0.0	0.0
-ila	0.0174665888508	0.867312706524	0.0943447719896	0.0208759326361
-vis	0.406005776331	0.406155757086	0.0295694102235	0.15826905636
-ilk	0.0289855072464	0.623188405797	0.347826086957	0.0
-vit	0.0163030998852	0.961308840413	0.00378874856487	0.0185993111366
-viu	0.552631578947	0.144736842105	0.0657894736842	0.236842105263
-iga	0.105608030393	0.0996828273675	0.019344045171	0.775365097069
-oak	0.558604461338	0.30828743333	0.0488116574438	0.084296447888
-amu	0.15220281164	0.275902441064	0.169984197808	0.401910549488
-ami	0.0338353569828	0.112407545176	0.0152330432922	0.838524054549
-amo	0.0542740091038	0.109199864463	0.00541027639557	0.831115850038
-ama	0.14466193772	0.530344420143	0.0298252272203	0.295168414916
-oas	0.00904977375565	0.990950226244	0.0	0.0
-lva	0.0293632804451	0.83463836802	0.0736657737482	0.062332577787
-uum	0.0833333333333	0.428571428571	0.404761904762	0.0833333333333
-eik	0.0776255707762	0.885844748858	0.027397260274	0.00913242009132
-ula	0.23745819398	0.354515050167	0.408026755853	0.0
-iri	0.0450596166343	0.0665211535844	0.0353031184457	0.853116111336
-ein	0.117027677497	0.84055354994	0.033393501805	0.00902527075812
-gus	0.372184006284	0.55049685445	0.0505935400996	0.0267255991669
-ire	0.152859707617	0.135880995127	0.041959476789	0.669299820467
-usa	0.0134755755194	0.932622122403	0.0320044918585	0.021897810219
-gup	0.320855614973	0.673796791444	0.00534759358291	0.0
-eie	0.685160328113	0.22624906786	0.0482227193637	0.0403678846632
-ira	0.0172579098754	0.982742090125	0.0	0.0
-use	0.543946762722	0.0508948121254	0.0101079024986	0.395050522654
-gut	0.313628458889	0.151744901365	0.141127809323	0.393498830423
-gui	0.734939759036	0.0722891566265	0.0481927710843	0.144578313253
-uli	0.482641123433	0.119239393303	0.0436258205245	0.35449366274
-gun	0.0785440613027	0.865079365079	0.0128626163109	0.0435139573071
-gum	0.00995024875622	0.990049751244	0.0	0.0
-gul	0.694240420146	0.165688826926	0.032490922691	0.107579830237
-gua	0.0402020318223	0.0425246543736	0.0136321435179	0.903641170286
-usu	0.31712962963	0.297453703704	0.0405092592592	0.344907407407
-nit	0.0	0.75	0.03125	0.21875
-iud	0.0	1.0	0.0	0.0
-pia	0.0760699417152	0.672606161532	0.0359700249792	0.215353871773
-wil	0.265486725664	0.575221238938	0.159292035398	0.0
-ius	0.0646794688067	0.8923282698	0.0334384255278	0.0095538358651
-xit	0.0714285714286	0.514285714286	0.414285714286	0.0
-iut	0.0905666426224	0.849162458924	0.0602708984531	0.0
-pin	0.245440766754	0.332425141049	0.0391716871135	0.382962405083
-iui	0.0431082126672	0.925058030286	0.0205593014259	0.0112744556206
-pis	0.479648703061	0.451930090742	0.0306947159572	0.0377264902401
-ium	0.0601001669449	0.869782971619	0.0500834724541	0.0200333889817
-piu	0.0714628297361	0.860431654676	0.0594724220623	0.00863309352518
-nok	0.025	0.95	0.0	0.025
-iue	0.54133138259	0.278712509144	0.10314557425	0.0768105340161
