-baˬ	0.436441684448	0.084391507972	0.0314717019268	0.447695105653
-hoˬ	0.0656519300393	0.0610881648055	0.0211615929835	0.852098312172
-u-e	0.165830863916	0.785730567586	0.0307727376339	0.0176658308639
-ho˰	0.170101005217	0.702422631087	0.108839933402	0.0186364302937
-eun	0.118011036547	0.733782258049	0.0968823390247	0.0513243663795
-heh	0.218680787745	0.6577136821	0.0891905014387	0.0344150287157
-u-o	0.573966710305	0.273237329344	0.0899569852253	0.0628389751262
-u-i	0.0714285714286	0.785714285714	0.142857142857	0.0
-ba˰	0.166007905138	0.478260869565	0.100131752306	0.255599472991
-baˍ	0.0	1.0	0.0	0.0
-hoˆ	0.743928738865	0.148241912799	0.063478668542	0.0443506797937
-baˉ	0.100446428571	0.857142857143	0.0424107142857	0.0
-baˆ	0.110551658064	0.76007501638	0.0925805137099	0.0367928118464
-baˇ	0.283213742118	0.638508371385	0.068493150685	0.00978473581215
-hoˉ	0.0627963367045	0.823154434134	0.101028224051	0.0130210051108
-tiˍ	0.423545583747	0.217422706834	0.232520211551	0.126511497868
-hoˍ	0.447258001356	0.432041635262	0.116721265227	0.0039790981553
-yeˬ	0.373797709553	0.355615794089	0.22102079567	0.0495657006876
-ra˰	0.10101010101	0.870931537598	0.020202020202	0.00785634118968
-i-a	0.659611935075	0.169619810124	0.0406658791617	0.13010237564
-poˍ	0.0320236226203	0.897924702898	0.0689599600744	0.00109171440751
-pun	0.124534654106	0.520755775684	0.215316219395	0.139393350814
-poˆ	0.526967370749	0.419729337476	0.0374961086965	0.0158071830779
-pui	0.184061512608	0.70562623328	0.0322001247879	0.0781121293246
-i-o	0.571245282224	0.28944627613	0.0493493650959	0.0899590765499
-heˇ	0.713251922207	0.165988240615	0.10854816825	0.0122116689281
-po˰	0.0571263147737	0.881424297983	0.047553797163	0.0138955900801
-raˍ	0.112612612613	0.878378378378	0.009009009009	0.0
-poˬ	0.528818576167	0.395886705792	0.0295687675428	0.0457259504976
-raˆ	0.0691158156912	0.903175591532	0.0140099626401	0.013698630137
-caw	0.221897141246	0.131129049314	0.00317247699954	0.64380133244
-gaˇ	0.517341391526	0.207322045132	0.0719240075513	0.20341255579
-gaˆ	0.0904054243255	0.887193231594	0.0208012480749	0.00160009600576
-deh	0.679526274732	0.200765903127	0.068505779732	0.0512020424083
-gaˍ	0.539378514188	0.406921246073	0.0109301372919	0.0427701024467
-gaˉ	0.725551620812	0.122241895941	0.0633342413511	0.088872241896
-wnˬ	0.530024386236	0.145947702167	0.016926587346	0.307101324251
-deu	0.489539748954	0.225941422594	0.284518828452	0.0
-unˍ	0.21193280695	0.293370473191	0.331074414187	0.163622305673
-unˉ	0.0791709572539	0.864808217835	0.0310218578925	0.0249989670183
-unˇ	0.371790711216	0.388785533167	0.151469630996	0.0879541246215
-wnˍ	0.0989472612742	0.853352595046	0.0333321588387	0.0143679848412
-wnˉ	0.0461862206553	0.737640403378	0.206334891093	0.00983848487333
-wnˇ	0.586752923344	0.232974231269	0.111574274578	0.0686985708099
-fuˇ	0.687150837989	0.245810055866	0.0502793296089	0.0167597765363
-ui˰	0.200628836652	0.669112142536	0.121275640066	0.00898338074564
-fuˍ	0.126582278481	0.805907172996	0.0675105485231	0.0
-kuˇ	0.0232783802866	0.948352764923	0.0258189672878	0.00254988750268
-kuˆ	0.0642228739003	0.921700879765	0.0123167155425	0.00175953079179
-neˍ	0.0362254025045	0.882379248658	0.0362254025045	0.0451699463327
-uiˬ	0.0760373761857	0.7987812251	0.0279685730527	0.0972128256616
-teh	0.71230884284	0.165321132251	0.0332232173877	0.0891468075209
-neˇ	0.0933164959193	0.699624530663	0.0543156490523	0.152743324365
-aoˍ	0.374107737862	0.549015162445	0.0327363163572	0.0441407833357
-meu	0.0	0.783269961977	0.216730038023	0.0
-inˉ	0.0964753761129	0.716398060999	0.0195539730647	0.167572589823
-seˍ	0.0386414123699	0.949842160645	0.0054366888811	0.00607973810359
-ˉpi	0.0661764705882	0.867647058824	0.0	0.0661764705882
-g'u	0.165684830633	0.477172312224	0.268777614138	0.0883652430044
-inˍ	0.393860898847	0.507188188058	0.0756378707422	0.023313042352
-ku˰	0.666666666667	0.235294117647	0.0130718954248	0.0849673202614
-inˇ	0.0438161597213	0.911697708696	0.00803966233418	0.0364464692483
-g'a	0.439398187463	0.0121060603411	0.0265583730587	0.521937379137
-uiˍ	0.300782020082	0.23238087458	0.415095492475	0.0517416128627
-ye˰	0.551160337553	0.0849156118143	0.332278481013	0.0316455696202
-kuˬ	0.916301761253	0.0531126868948	0.00745989069566	0.0231256611566
-meh	0.307989510896	0.65440575796	0.0159342512268	0.0216704799172
-uiˇ	0.334266585846	0.482032506189	0.0665409362924	0.117159971673
-uiˆ	0.735554618305	0.199915647406	0.0202446225222	0.0442851117672
-awˉ	0.227650726366	0.214912962112	0.168572639953	0.388863671569
-ˇve	0.450867052023	0.375722543353	0.0693641618497	0.104046242775
-awˍ	0.411610843126	0.37198275498	0.111022629828	0.105383772066
-kaˇ	0.933463211446	0.0611534451886	0.00151373219376	0.00386961117138
-awˇ	0.0925980138449	0.242269418325	0.0319453077062	0.633187260124
-awˆ	0.294481746194	0.271410143508	0.103667634191	0.330440476107
-hiˉ	0.152968443311	0.527688631483	0.169479632485	0.149863292721
-vuh	0.27569200277	0.511981820144	0.179351785886	0.0329743911994
-awˬ	0.1636326687	0.0500929812975	0.0093176096726	0.77695674033
-ˇiˆ	0.0939130434783	0.895652173913	0.0	0.0104347826087
-aw˰	0.334791035564	0.204925704512	0.0559537302475	0.404329529677
-cuˍ	0.0454545454546	0.954545454545	0.0	0.0
-cuˉ	0.0340738947328	0.114917629269	0.846994535519	0.004013940479
-cuˇ	0.166456914243	0.247919473836	0.121446279833	0.464177332088
-cuˆ	0.271147403685	0.45351758794	0.128768844221	0.146566164154
ALL	0.203377629414	0.244716017769	0.0461386765303	0.505767676286
-cuˬ	0.051724137931	0.73275862069	0.172413793103	0.0431034482758
-zuh	0.138888888889	0.708333333333	0.111111111111	0.0416666666667
-keu	0.579373878414	0.310085056171	0.0248203413719	0.0857207240427
-naw	0.0116182722719	0.925915749654	0.0481104480903	0.0143555299841
-boˆ	0.74195912385	0.23231007247	0.00879407214397	0.0169367315365
-geˍ	0.0443037974684	0.955696202532	0.0	0.0
-laˬ	0.932216783227	0.0156602310205	0.00600825695094	0.0461147288017
--iˍ	0.164787510841	0.825238508239	0.00477016478751	0.00520381613183
-doˆ	0.306711758354	0.586416515444	0.0484600539861	0.0584116722155
-la˰	0.0784323121376	0.780007497605	0.022674167096	0.118886023161
-yaw	0.670416695549	0.282061817951	0.0266870663664	0.0208344201342
-laˇ	0.236222703047	0.0187557181753	0.0111405125068	0.733881066271
-laˍ	0.410852713178	0.527131782946	0.0387596899225	0.0232558139535
--iˬ	0.438766519824	0.460792951542	0.0211453744493	0.079295154185
-enˍ	0.0770347595866	0.851462787409	0.0538617018248	0.017640751179
-beu	0.793391081168	0.13666987488	0.0449149823548	0.0250240615977
-beh	0.751578006591	0.182992905953	0.0273707337963	0.0380583536597
-noˍ	0.0	1.0	0.0	0.0
-yan	0.243107889112	0.45917368379	0.256106739864	0.0416116872344
-noˆ	0.0	1.0	0.0	0.0
-k'o	0.0490057371652	0.0182038935736	0.00367638468427	0.929113984577
-loˍ	0.420167894431	0.422136772787	0.0465745115074	0.111120821274
-loˉ	0.486486486486	0.142857142857	0.277992277992	0.0926640926641
-k'e	0.100892681909	0.0807182619107	0.0195014087063	0.798887647473
-loˇ	0.213808463252	0.599109131403	0.187082405345	0.0
-k'a	0.0837578609146	0.162821113097	0.0597275949871	0.693693431001
-laˆ	0.0460343011863	0.925371064384	0.0157490677751	0.0128455666545
-ˬ-a	0.626086956522	0.286041189931	0.02471395881	0.0631578947369
-roˆ	0.0174729511255	0.936015420968	0.0401691331924	0.00634249471459
-to˰	0.145787500842	0.0849007496424	0.0165826893104	0.752729060205
-'uˬ	0.262790697674	0.669767441861	0.0139534883721	0.053488372093
-k'u	0.182628347102	0.518355713152	0.282433189566	0.0165827501796
-ˍte	0.08	0.893333333333	0.0	0.0266666666667
-toˆ	0.105670103093	0.693298969072	0.0773195876288	0.123711340206
-toˇ	0.64841477778	0.244092974064	0.0139413023099	0.0935509458453
-loˬ	0.379060499416	0.287837767731	0.008715673781	0.324386059072
-toˍ	0.0373961218836	0.929362880886	0.0166204986149	0.016620498615
-maw	0.337388538393	0.229036172731	0.223737270953	0.209838017924
-toˉ	0.192268351623	0.79842834104	0.0093033073366	0.0
-'uˉ	0.433918669131	0.470425138632	0.058225508318	0.0374306839186
-saˆ	0.0272147819237	0.612388296052	0.337399635545	0.0229972864793
-haw	0.0365142683509	0.443289140679	0.0206857083406	0.499510882629
-saˉ	0.0162601626016	0.951219512195	0.0	0.0325203252032
-'uˇ	0.0958687990399	0.241494542576	0.051252556427	0.611384101957
-'uˆ	0.0755939524838	0.924406047516	0.0	0.0
-saˍ	0.0550527488899	0.915584274292	0.0166559461184	0.0127070306996
-diˆ	0.128271915653	0.820952715896	0.0353888931629	0.0153864752882
-laˉ	0.13986013986	0.821678321678	0.0034965034965	0.034965034965
-biˆ	0.653846153846	0.230769230769	0.0	0.115384615385
-biˇ	0.45684003164	0.123068215286	0.351997156541	0.0680945965329
-hiˇ	0.54166422498	0.206995388256	0.0306416972057	0.220698689559
-biˉ	0.181818181818	0.659090909091	0.113636363636	0.0454545454546
-deˇ	0.728273725242	0.134430544219	0.0656327564092	0.07166297413
-deˍ	0.0766129032258	0.895161290323	0.00806451612903	0.0201612903226
-te˰	0.346925550846	0.379738505073	0.158247096552	0.115088847529
-lao	0.12285012285	0.744471744472	0.0552825552826	0.0773955773956
-jiˆ	0.511809099314	0.352898171672	0.0586820356722	0.076610693342
-jiˇ	0.0959488272921	0.692963752665	0.211087420043	0.0
-riˬ	0.748502994012	0.233532934132	0.0179640718563	0.0
-meˇ	0.177725118483	0.575829383886	0.232227488152	0.0142180094787
-ri˰	0.00566377637987	0.974952813148	0.0143646239635	0.00501878650816
-meˍ	0.0858505564388	0.866454689984	0.0476947535771	0.0
-teˬ	0.278260869565	0.6	0.0260869565217	0.095652173913
-luˆ	0.105263157895	0.84962406015	0.00601503759399	0.0390977443609
-riˆ	0.0157636901586	0.915627879905	0.00713003831789	0.0614783916185
-me˰	0.0880937447314	0.75538746854	0.142811174382	0.0137076123461
-lu˰	0.025558183468	0.950754905023	0.00345099439214	0.0202359171167
-riˍ	0.0154566636676	0.765381687314	0.146261563661	0.0729000853577
-gui	0.716814159292	0.256637168142	0.0	0.0265486725664
-fuh	0.0139037039762	0.969176444624	0.0130577114062	0.00386213999338
-fui	0.336134453781	0.596638655462	0.0336134453781	0.0336134453782
-yaˆ	0.0401608700578	0.949926362297	0.0	0.00991276764472
-luˬ	0.709143012336	0.171680164179	0.0863030237703	0.0328737997148
-teˆ	0.364705882353	0.548663101604	0.0802139037433	0.00641711229946
-teˇ	0.043636233013	0.0571654699809	0.0426549591216	0.856543337885
-teˍ	0.256206383709	0.672749113374	0.0350074362201	0.0360370666972
-kui	0.0968959041858	0.683130403178	0.135742533988	0.084231158649
-viˆ	0.0157529652641	0.966861409206	0.00679539678057	0.0105902287489
-he˰	0.357820630548	0.614018977655	0.0153045607591	0.0128558310376
-eu˰	0.249662894405	0.351522956375	0.0900425147989	0.308771634421
-caˬ	0.133315927745	0.769103992951	0.0726139386127	0.0249661406915
-heˬ	0.587209200614	0.136383993394	0.0521313333823	0.224275472609
-euˬ	0.479572228815	0.269664086065	0.0231052475522	0.227658437568
-ca˰	0.318187453143	0.549372184867	0.0654970276923	0.0669433342976
-caˇ	0.616542257986	0.34278432523	0.0140130840264	0.0266603327577
-caˆ	0.285433532729	0.547237894747	0.114989315798	0.0523392567269
-caˉ	0.423624490903	0.324330871391	0.082873419039	0.169171218667
-nyi	0.236452851727	0.493006463761	0.0194720922727	0.251068592239
-caˍ	0.576610905458	0.375737630961	0.0216405315374	0.0260109320433
-euˍ	0.721855072464	0.243014492754	0.0278260869565	0.00730434782609
-heˍ	0.28932282002	0.265889544471	0.0519067315247	0.392880903984
-euˉ	0.0906977072195	0.0998218347867	0.367751366148	0.441729091846
-heˉ	0.318702502567	0.452830697977	0.195282563683	0.0331842357729
-heˆ	0.155371709012	0.217230386385	0.0656677448085	0.561730159794
-euˆ	0.45409021247	0.424966937454	0.0965663515325	0.0243764985437
-hnˉ	0.124633298732	0.493004468114	0.254569661958	0.127792571196
-raˇ	0.105582524272	0.821601941748	0.0436893203884	0.0291262135922
-puˬ	0.407199100113	0.349831271091	0.229471316085	0.0134983127109
-ˍeˬ	0.846715328467	0.0	0.0656934306569	0.0875912408759
-euˇ	0.171507968893	0.466151311066	0.305112581911	0.0572281381294
-diˬ	0.0482214222017	0.89761204875	0.0198170228226	0.0343495062258
-puˆ	0.0101455668284	0.981473312748	0.00617556241729	0.00220555800618
-puˇ	0.628522920204	0.2740237691	0.0487832484437	0.0486700622524
-pon	0.0714119479474	0.120150234249	0.0206685376388	0.787769280165
-nuˇ	0.0572011313729	0.515513737084	0.402966300439	0.0243188311042
-puˍ	0.0223594548552	0.918867120954	0.0118895513912	0.0468838727995
-puˉ	0.0844332177754	0.738895595451	0.146871227559	0.0297999592149
-coˇ	0.207693658879	0.440137010364	0.135148427894	0.217020902863
-coˆ	0.0350877192982	0.912280701754	0.0350877192982	0.0175438596491
-lai	0.208549886538	0.525665814337	0.228016326366	0.0377679727591
-yaˇ	0.0249644150854	0.719970152082	0.039842290734	0.215223142099
-law	0.488926943472	0.427617700345	0.0185254124648	0.0649299437178
-beˍ	0.101983002833	0.875354107649	0.0226628895184	0.0
-yaˍ	0.0434782608696	0.95652173913	0.0	0.0
-moˬ	0.0397840863654	0.931327469012	0.0174930027989	0.0113954418233
-beˆ	0.524160965361	0.27572770206	0.0980444971179	0.102066835461
-ˇaˆ	0.0698299015219	0.914055505819	0.0053715308863	0.0107430617726
-geh	0.0389336796273	0.0171636478287	0.0235785854196	0.920324087124
-goˍ	0.0	1.0	0.0	0.0
-ya˰	0.101531241006	0.191360669326	0.0766273234143	0.630480766254
-bon	0.22246908395	0.642085795831	0.109230624774	0.0262144954446
-goˇ	0.518080903987	0.215357144253	0.253925832151	0.0126361196094
-moˇ	0.168035030104	0.792556102901	0.0311986863711	0.00821018062396
-moˆ	0.035294117647	0.917647058824	0.035294117647	0.0117647058824
-beˬ	0.613538287551	0.320838665516	0.0374988839618	0.0281241629713
-yaˬ	0.181119648738	0.782656421515	0.006586169045	0.0296377607025
-moˍ	0.0296190540069	0.944146710878	0.0194358657239	0.00679836939142
-saˬ	0.664679680335	0.311804008909	0.0195860081226	0.0039303026333
-geu	0.0878541620909	0.866900944432	0.0206457280913	0.0245991653854
-haˆ	0.157650364049	0.526150970628	0.0959949366628	0.22020372866
-haˇ	0.180920139852	0.769410067151	0.0166490926245	0.0330207003718
-haˉ	0.183773008428	0.458840850532	0.0802352682994	0.27715087274
-haˍ	0.171331698529	0.453473700471	0.313645320725	0.0615492802753
-ˇoˆ	0.109090909091	0.890909090909	0.0	0.0
-maˉ	0.170712876383	0.717980612507	0.0772068285151	0.0340996825941
-ˍoˆ	0.0397954111167	0.947913777948	0.00563142610141	0.00665938483422
-'ui	0.554371002132	0.319829424307	0.0191897654584	0.106609808102
-maˍ	0.742242717947	0.213999935258	0.0135255192544	0.0302318275412
-juˇ	0.593967735861	0.371508379888	0.0185173560982	0.0160065281526
-ˍoˍ	0.0	0.95652173913	0.0347826086957	0.00869565217391
-sah	0.914836176218	0.0542397840226	0.0154620198797	0.0154620198797
-maˇ	0.109541297005	0.0476527139328	0.0580110985629	0.784794890499
-maˆ	0.106627393225	0.867452135493	0.0126656848306	0.0132547864507
-reˍ	0.030737704918	0.93237704918	0.0368852459016	0.0
-ma˰	0.0522798468004	0.865825852923	0.0757671719709	0.00612712830534
-haˬ	0.497362829475	0.280708601216	0.164506491936	0.0574220773737
-ha˰	0.451102181342	0.315894400365	0.147091195524	0.0859122227684
-maˬ	0.22164898104	0.0922245603308	0.0313741275832	0.654752331046
-ˍoˬ	0.224875321143	0.405168505365	0.119691703189	0.250264470304
-enˬ	0.00644033489741	0.092679486	0.00920047842488	0.891679700678
-han	0.157665055605	0.76691343943	0.0265301776259	0.0488913273391
-hka	0.878504672897	0.0436137071651	0.00934579439252	0.0685358255452
-hko	0.034054519928	0.960097734226	0.00343985049778	0.00240789534844
-'oˬ	0.770486742359	0.124515487257	0.0152642952698	0.0897334751141
-awn	0.1335023761	0.105496909808	0.00970779744676	0.751292916645
-e-o	0.601634702244	0.236858105761	0.0416927246196	0.119814467375
-naˉ	0.0757066440618	0.594776209081	0.278500417345	0.0510167295119
-kiˇ	0.300736067298	0.375394321767	0.267087276551	0.0567823343848
-kiˆ	0.259880725738	0.703037568114	0.0130942914402	0.0239874147085
-naˍ	0.237369269861	0.465320531675	0.0531856926111	0.244124505853
-kiˉ	0.464485914993	0.215709926914	0.28148726318	0.0383168949124
-naˆ	0.110681014416	0.780426915191	0.0810279047201	0.0278641656733
-naˇ	0.511571292181	0.383974410112	0.0619932010778	0.0424610966286
-kiˍ	0.263821532493	0.512124151309	0.110572259942	0.113482056256
-siˉ	0.557894736842	0.221052631579	0.0315789473684	0.189473684211
-siˆ	0.0336604753021	0.92558196123	0.0364993105686	0.00425825289967
-naˬ	0.167436666594	0.352448307825	0.434192375906	0.0459226496755
-cuh	0.388912881241	0.5555536878	0.0116188527494	0.0439145782099
-aiˇ	0.045024284752	0.89878398979	0.049810330769	0.00638139468926
-kiˬ	0.0914127423822	0.809972299169	0.0952908587257	0.00332409972299
-lo˰	0.276876626504	0.645428305654	0.0163830179612	0.061312049881
-juˆ	0.723023255814	0.198604651163	0.0518604651163	0.026511627907
-na˰	0.553657238776	0.212684315619	0.0753582086278	0.158300236977
-ˍaˆ	0.0	1.0	0.0	0.0
-leh	0.0154698327357	0.000439938553082	0.000546682264707	0.983543546447
-gaˬ	0.0933539377388	0.0226158603453	0.00434865995488	0.879681541961
-kaˬ	0.0590428017329	0.229677229115	0.0260838796017	0.68519608955
-mui	0.878224457088	0.101637833462	0.0052878011686	0.0148499082818
-fiˍ	0.389261744966	0.409395973154	0.201342281879	0.0
-ka˰	0.0929154117799	0.138153734264	0.0214293408723	0.747501513084
-leu	0.262798634812	0.542662116041	0.184300341297	0.0102389078498
-jaˆ	0.44980390389	0.337195149439	0.0919623134833	0.121038633188
-ˇ-a	0.527510580993	0.304732589457	0.0692574066949	0.0984994228549
-kaˍ	0.0313570949142	0.708640011212	0.103894490472	0.156108403402
-ˇ-o	0.29392971246	0.466453674121	0.0479233226837	0.191693290735
-kaˆ	0.0871654929377	0.82282947598	0.0678397491988	0.0221652818832
-niˆ	0.0399580553567	0.918186722815	0.0332713543005	0.00858386752742
-niˍ	0.0292682926829	0.936585365854	0.0195121951219	0.0146341463414
-yuˬ	0.725643223181	0.0664685111258	0.0349241923486	0.172964073345
-ˉa˰	0.0359496704613	0.955062911923	0.0	0.00898741761535
-yu˰	0.390243902439	0.463414634146	0.109756097561	0.0365853658537
-chi	0.0469853931331	0.0356795978966	0.026277100052	0.891057908918
-viˉ	0.00560805903367	0.942195258977	0.0388543144891	0.0133423675
-cha	0.402339716016	0.505280167919	0.0413279466602	0.0510521694039
-ˍo˰	0.0683760683761	0.803418803419	0.0	0.128205128205
-peh	0.682122518349	0.260503971327	0.0469432089967	0.0104303013274
-che	0.808344198175	0.144519105406	0.0265770735132	0.0205596229064
-yuˆ	0.015873015873	0.984126984127	0.0	0.0
-peu	0.954252810738	0.029082958886	0.00177955168009	0.0148846786956
-153	0.0	0.0	0.155555555556	0.844444444444
-chu	0.551052827729	0.279726225173	0.160542949811	0.00867799728709
-zaˆ	0.0	1.0	0.0	0.0
-ciˉ	0.175636847242	0.217536629775	0.406622183917	0.200204339066
-ciˍ	0.47643932259	0.426819537463	0.07079321892	0.0259479210269
-reˆ	0.0	1.0	0.0	0.0
-zaˍ	0.355322338831	0.299850074963	0.299850074963	0.0449775112444
-ciˇ	0.533053954296	0.330982968704	0.0632454184545	0.0727176585455
-jaˬ	0.0	0.778591033852	0.221408966148	0.0
-loˆ	0.058631921824	0.912052117264	0.0293159609121	0.0
-ciˬ	0.187948836549	0.792978131412	0.016688903034	0.00238412900485
-ˉ-a	0.668661718937	0.0229830021546	0.268135025138	0.0402202537707
-jaˇ	0.301938943026	0.0983468461835	0.323706699907	0.276007510883
-ˉ-e	0.469696969697	0.348484848485	0.030303030303	0.151515151515
-jaˍ	0.0280652777571	0.962579629657	0.00935509258572	0.0
-ˉ-o	0.004914004914	0.356265356265	0.589680589681	0.04914004914
-'aˇ	0.0757594780978	0.277234687881	0.0563902292541	0.590615604767
-'aˆ	0.16072901343	0.689277575082	0.102791152817	0.0472022586715
-hui	0.0633939032925	0.0166423055621	0.00146801432476	0.918495776821
-'aˍ	0.22608896059	0.472920027656	0.283705923024	0.0172850887301
-buˆ	0.107382550336	0.845637583893	0.0201342281879	0.0268456375839
-'aˉ	0.0738690699819	0.770144557533	0.11742844701	0.0385579254756
-'aˬ	0.0783488073039	0.0726516183272	0.0116253535559	0.837374220813
-'a˰	0.394651364623	0.0976924260013	0.0245212923733	0.483134917002
-onˇ	0.169984095594	0.68641376667	0.132381700638	0.0112204370974
-onˍ	0.340724819412	0.633258802196	0.0201477305307	0.00586864786146
-uh˰	0.645198207127	0.292088102127	0.0170500433729	0.0456636473737
-onˉ	0.0546895765875	0.51576109128	0.402616879574	0.0269324525587
-daˍ	0.037037037037	0.888888888889	0.0740740740741	0.0
-uhˬ	0.218702299968	0.595042481906	0.125568015681	0.0606872024454
-anˇ	0.182876530518	0.449050606717	0.035880257429	0.332192605335
-anˉ	0.260810827476	0.642795814211	0.0436529129	0.052740445413
-daˆ	0.0245409527149	0.962312108331	0.0	0.0131469389544
-anˍ	0.402057801677	0.448850634391	0.0267435339272	0.122348030005
-ˆ-o	0.604629192253	0.193827743662	0.0	0.201543064084
--eˬ	0.0140906915962	0.138136536475	0.0846468602275	0.763125911701
-onˬ	0.486354299468	0.174629924636	0.194142308127	0.144873467769
-ˆ-e	0.432819370746	0.108018308734	0.0219721846629	0.437190135857
-da˰	0.0903400545008	0.300009565267	0.270719964789	0.338930415443
--aw	0.424462075946	0.313350964835	0.065628367127	0.196558592092
-ˆ-a	0.221590909091	0.642045454545	0.0340909090909	0.102272727273
-daˬ	0.357558139535	0.351744186047	0.104651162791	0.186046511628
-ˍ-o	0.106951871658	0.754010695187	0.096256684492	0.0427807486631
-uhˍ	0.0776812889635	0.419845943055	0.0614231997934	0.441049568189
-kuˉ	0.636118598383	0.153638814016	0.210242587601	0.0
-uhˉ	0.330825611811	0.347044825332	0.245666904405	0.076462658452
-uhˆ	0.393172349107	0.390552028158	0.18831304991	0.0279625728246
-uhˇ	0.164222019801	0.549966362069	0.0597135201428	0.226098097987
-anˬ	0.222429571333	0.684614205031	0.0270304690566	0.0659257545789
-˰-a	0.195945945946	0.722972972973	0.0337837837838	0.0472972972973
-taˬ	0.211758025297	0.438729431048	0.0659579291997	0.283554614455
-miˇ	0.00948035017613	0.751360154155	0.0156995185541	0.223459977115
-miˆ	0.0273452335739	0.943030763388	0.0159513862514	0.0136726167869
-miˉ	0.0127794734361	0.974813270801	0.00843693391895	0.00397032184421
-miˍ	0.0920245502132	0.847475988065	0.0584946062649	0.00200485545666
-yiˬ	0.426232947288	0.392957407556	0.0933911680684	0.0874184770873
-ˍve	0.315175097276	0.416342412451	0.0350194552529	0.233463035019
-enˇ	0.17643885792	0.624205487558	0.0253155286137	0.174040125908
-ta˰	0.0453312817595	0.00751316130889	0.00442353462486	0.942732022307
-taˍ	0.555573331022	0.0373603723902	0.0051730376715	0.401893258916
-taˉ	0.697828749911	0.112513102008	0.0248780302998	0.164780117781
-taˆ	0.307426890204	0.276555457891	0.0313657548179	0.384651897087
-taˇ	0.359020229018	0.0535559444945	0.0172680704581	0.570155756029
-miˬ	0.0403928999389	0.884031715051	0.0242565547493	0.0513188302605
-ˉeˆ	0.106382978723	0.382978723404	0.510638297872	0.0
-yiˍ	0.0310394855245	0.56489960416	0.398607185449	0.00545372486626
-yiˉ	0.43587736721	0.40457808106	0.106133606025	0.0534109457041
-ˉve	0.244897959184	0.489795918367	0.244897959184	0.0204081632653
-yiˇ	0.0170433063323	0.0351255859462	0.107288923761	0.840542183961
-paw	0.351134863444	0.416746679823	0.214630169618	0.0174882871146
-keh	0.280779861451	0.572810247708	0.0528851200056	0.0935247708348
-ceˍ	0.0981308411214	0.772749631087	0.078947368421	0.0501721593704
-ceˉ	0.151785714286	0.848214285714	0.0	0.0
-suh	0.42361307552	0.275777211398	0.26117969777	0.0394300153124
-ceˇ	0.501601830664	0.446224256293	0.0302059496567	0.0219679633867
-uiˉ	0.14272801841	0.336198976429	0.168918573076	0.352154432085
-feu	0.700021962622	0.239502389742	0.0226947090998	0.037780938536
-hiˍ	0.850538577721	0.0982390079748	0.0235646770132	0.0276577372909
-hiˆ	0.362454212912	0.299692210757	0.320139817827	0.0177137585042
-ce˰	0.0775890653207	0.897505802601	0.00191577939064	0.0229893526876
-guˉ	0.115973403433	0.846915107469	0.0371114890985	0.0
-ceˬ	0.0490025530451	0.921734291557	0.0261150916299	0.00314806376781
-guˇ	0.0181818181818	0.981818181818	0.0	0.0
-piˬ	0.332669322709	0.583665338645	0.0717131474104	0.0119521912351
-'eˆ	0.318723535405	0.626860251233	0.0544162133618	0.0
-pi˰	0.122641509434	0.801886792453	0.0	0.0754716981132
-veu	0.851950554519	0.0585678850372	0.0167073245731	0.0727742358705
-ˇ-e	0.487804878049	0.358885017422	0.0383275261324	0.114982578397
-men	0.177514792899	0.331360946746	0.0710059171598	0.420118343195
-piˆ	0.144282183779	0.723814873062	0.0909233880026	0.0409795551562
-piˇ	0.329498254101	0.0346103263406	0.00123529354019	0.634656126018
-piˉ	0.136015932648	0.833506842288	0.0268561686205	0.00362105644322
-piˍ	0.064182194617	0.0839199447895	0.846928916494	0.00496894409938
-aoˬ	0.181318681319	0.425824175824	0.362637362637	0.0302197802198
-jaw	0.329944130435	0.323219694031	0.037411283126	0.309424892408
-faˉ	0.464156930622	0.326482042406	0.194360305784	0.0150007211885
-faˍ	0.198211624441	0.609538002981	0.158718330849	0.0335320417288
-faˬ	0.0891089108911	0.455445544554	0.455445544554	0.0
--aˬ	0.676363636364	0.149090909091	0.109090909091	0.0654545454545
-koˇ	0.27969759594	0.600230203783	0.0510110654773	0.0690611348
-koˆ	0.00384511053309	0.992309778934	0.00266199959983	0.00118311093326
-tuˆ	0.0884062054271	0.871122341768	0.0316375823956	0.00883387040917
-tuˇ	0.156848306333	0.770986745214	0.0662739322533	0.00589101620029
-koˍ	0.789473684211	0.0350877192983	0.0701754385965	0.105263157895
-tuˉ	0.456513641713	0.422532147107	0.113570512673	0.00738369850777
-tuˍ	0.426634054198	0.522146610806	0.0386264015693	0.012592933427
-vaˆ	0.0	0.769230769231	0.0	0.230769230769
-vaˇ	0.199808337326	0.735505510302	0.0551030186871	0.00958313368471
-'oˍ	0.199069104687	0.736739848751	0.0334877491509	0.0307032974117
-soˆ	0.0594900849859	0.92492917847	0.0	0.0155807365439
-o-e	0.152386339861	0.684882252203	0.0499042984339	0.112827109503
-huˍ	0.0549040605625	0.0472884937669	0.163215794944	0.734591650727
-va˰	0.241254062321	0.705983559549	0.0321162301663	0.0206461479641
-liˇ	0.039032434892	0.920649713133	0.0283304062151	0.0119874457598
-huˉ	0.85283351493	0.133883427396	0.00471334304567	0.00856971462851
-huˇ	0.0485543224299	0.842289719626	0.104044976636	0.00511098130841
-tuˬ	0.109327368837	0.0112207037848	0.000442985525782	0.879008941852
-'ai	0.712765674668	0.044953496034	0.00523837156016	0.237042457738
-'aw	0.03867583115	0.118622441543	0.00334598823742	0.83935573907
-weh	0.277449337411	0.161854485555	0.436687557063	0.12400861997
-hto	0.835348932787	0.131848436928	0.00569120944902	0.0271114208368
-kai	0.0	0.952	0.0	0.048
-kan	0.543909348442	0.181303116147	0.257790368272	0.0169971671388
-hti	0.257435487343	0.676406360533	0.0343247316459	0.031833420478
-muˬ	0.181132075472	0.22641509434	0.0150943396226	0.577358490566
-ehˬ	0.376606449279	0.214628413493	0.0664393363593	0.342325800869
-hta	0.560857538036	0.370677731674	0.051867219917	0.0165975103734
-mu˰	0.255992657795	0.719088342859	0.020246686969	0.00467231237746
--eˍ	0.156334081758	0.658106177284	0.118758234214	0.066801506745
-giˆ	0.0842433697348	0.84399375975	0.0655226209048	0.00624024961
-htu	0.813333333333	0.16	0.0133333333333	0.0133333333333
-kaw	0.073735590404	0.843874407173	0.0578114722886	0.0245785301346
-tu˰	0.292270668821	0.636847734565	0.0454850601916	0.0253965364222
-muˆ	0.0272727272727	0.972727272727	0.0	0.0
--e˰	0.0610520577814	0.929136004361	0.00654129190516	0.00327064595258
-ˆla	0.276595744681	0.659574468085	0.0425531914894	0.0212765957447
-shu	0.197983918149	0.237906858297	0.106343710755	0.457765512799
-leˆ	0.0345489443378	0.667946257198	0.297504798464	0.0
-leˇ	0.230419151484	0.260482938565	0.376401893893	0.132696016058
-shi	0.069097069865	0.670493881332	0.242248062016	0.0181609867876
-sho	0.0302755071148	0.954586739328	0.00787163184984	0.00726612170754
-sha	0.0157135781913	0.941808213677	0.024746950237	0.0177312578949
-276	0.0	0.103448275862	0.0	0.896551724138
-peˆ	0.155037743762	0.786590480185	0.0144684420214	0.0439033340323
-peˇ	0.192556634304	0.428802588997	0.31067961165	0.0679611650486
-peˍ	0.153981522217	0.816102067752	0.0175978882534	0.0123185217774
-yo˰	0.631415241058	0.293934681182	0.0186625194401	0.0559875583204
-ˉoˆ	0.238366578905	0.740350690836	0.0	0.0212827302594
-yoˬ	0.00171624365194	0.00561664359564	3.8790136275e-05	0.992628322616
-hpa	0.0971172298994	0.821991869639	0.0739573947077	0.00693350575385
-peˬ	0.067392784207	0.851940095303	0.0340367597005	0.0466303607896
-pe˰	0.806908075382	0.131506203116	0.0274112158363	0.0341745056653
-yoˇ	0.315068493151	0.397260273973	0.0	0.287671232877
-nuˬ	0.378571428571	0.542857142857	0.0785714285714	0.0
-diˇ	0.107241569928	0.832227750138	0.0527915975677	0.00773908236596
-hin	0.424559111692	0.111038536904	0.150881776617	0.313520574788
-su˰	0.0141281874569	0.9727773949	0.00689179875948	0.00620261888353
-w-a	0.129032258065	0.634408602151	0.236559139785	0.0
-w-e	0.813664596273	0.163975155279	0.00496894409938	0.0173913043478
-w-o	0.320796460177	0.401548672566	0.178097345133	0.0995575221238
-nuˍ	0.181818181818	0.818181818182	0.0	0.0
-nuˆ	0.111703409228	0.86119142272	0.0271051680521	0.0
-n-o	0.410035478966	0.415103902686	0.0729853015713	0.101875316777
-keˍ	0.0514838286591	0.933874606312	0.0107257976373	0.0039157673914
-˰-o	0.339740981828	0.20714673176	0.0223759153783	0.430736371033
-a-o	0.774871074009	0.104229347018	0.0195466385167	0.101352940457
-ceh	0.111356643395	0.0826458095675	0.0654785518166	0.740518995221
-suˆ	0.00583077053666	0.862601450837	0.00354220942456	0.128025569202
-a-e	0.775856643844	0.0701605547523	0.025172563499	0.128810237905
-h-e	0.576555023924	0.168660287081	0.0645933014354	0.19019138756
-e-a	0.333030852995	0.417422867514	0.124319419238	0.125226860254
-h-a	0.530011325028	0.15288788222	0.228765571914	0.088335220838
--o˰	0.550092623794	0.267272569782	0.0679088839978	0.114725922426
-veˬ	0.146979603106	0.752959364161	0.0785167912357	0.0215442414976
-h-o	0.492228966493	0.370859304826	0.0988050845151	0.0381066441656
-tiˆ	0.282649061275	0.649473901382	0.0482772849185	0.0195997524242
-tiˇ	0.567945090854	0.365834162629	0.0362139050896	0.0300068414282
-˰-e	0.691252011643	0.0614781108706	0.00723685256919	0.240033024918
-aiˍ	0.447366569721	0.306673211703	0.0793289276398	0.166631290937
-'o˰	0.0863982047126	0.801022316419	0.0916344595437	0.0209450193243
--oˬ	0.123283343798	0.716910711602	0.0514925972214	0.108313347379
-aiˉ	0.0684162569954	0.26094921582	0.621235720074	0.0493988071108
-tiˉ	0.0478442431951	0.0732825704699	0.165961274574	0.712911911761
-veˆ	0.0399049881235	0.831828978622	0.0256532066508	0.102612826603
-ti˰	0.205265094272	0.405033849453	0.364674589412	0.0250264668634
-ai˰	0.0527480634452	0.502397639248	0.314275175212	0.130579122095
-ˍ-a	0.310909090909	0.291636363636	0.316	0.0814545454546
-veˍ	0.138269402319	0.861730597681	0.0	0.0
-'oˇ	0.283779355543	0.582304751502	0.0779901693064	0.0559257236483
-'oˆ	0.531210968241	0.0428553787774	0.00280245031665	0.423131202665
--oˇ	0.253968253968	0.248677248677	0.433862433862	0.0634920634921
--oˆ	0.534236016253	0.216607862103	0.037924522905	0.21123159874
-aiˬ	0.0528010623859	0.364640690734	0.569694133999	0.0128641128808
-'eu	0.0	0.978260869565	0.0217391304348	0.0
-hpu	0.0651334954565	0.861787621962	0.0460766901553	0.0270021924261
-li˰	0.153850370183	0.767057255626	0.0076875517935	0.0714048223974
-jeˬ	0.239804778845	0.669108474113	0.0565234062481	0.0345633407938
-liˬ	0.372315035799	0.262529832936	0.315035799523	0.0501193317422
-je˰	0.0581161851213	0.786434831912	0.124264688511	0.0311842944553
--aˍ	0.258620689655	0.456896551724	0.155172413793	0.129310344828
-hpe	0.147673523265	0.753602463975	0.0772742272577	0.0214497855022
-hpi	0.643564356436	0.134213421342	0.016501650165	0.205720572057
--aˆ	0.259833871078	0.120134550697	0.170247820416	0.449783757809
-daw	0.275149900067	0.688874083944	0.0199866755496	0.0159893404397
-viˇ	0.151006711409	0.411912751678	0.421979865772	0.0151006711409
-liˍ	0.0274473924977	0.794144556267	0.137236962488	0.0411710887466
-liˉ	0.151639344262	0.823770491803	0.0245901639344	0.0
-liˆ	0.0620242458416	0.888638285875	0.0109952072174	0.0383422610657
-ank	0.268965517242	0.696551724138	0.0	0.0344827586207
-ruˆ	0.019778008364	0.962692198849	0.0116970097161	0.00583278307078
-ruˇ	0.0	1.0	0.0	0.0
-paˉ	0.109674081119	0.279417559687	0.560485614462	0.0504227447326
-tan	0.285776298654	0.567935175807	0.0153378671683	0.130950658371
-paˍ	0.156271533391	0.322470796469	0.0169794500855	0.504278220054
-paˆ	0.240502639247	0.585495139657	0.0993815110534	0.074620710043
-paˇ	0.126253633378	0.295001978816	0.0254470185612	0.553297369244
-duˆ	0.0296362819937	0.875617422541	0.0920520880108	0.00269420745398
-duˇ	0.609125569311	0.376077858155	0.00369914313347	0.0110974294004
-taw	0.0781528430853	0.128802592924	0.0148723216907	0.7781722423
-eh˰	0.306568212356	0.0920052139002	0.0218446588798	0.579581914864
-leˍ	0.150104239055	0.819318971508	0.0138985406532	0.0166782487839
-hnˍ	0.0178047790192	0.971618620831	0.00786979252821	0.00270680762117
-ehˍ	0.291750143976	0.343295774546	0.0911376592371	0.27381642224
-paˬ	0.0942636158556	0.787302610377	0.0507573316145	0.0676764421527
-ehˉ	0.155911425539	0.436404300823	0.17490763517	0.232776638468
-ehˆ	0.158652623132	0.452948724486	0.123342532751	0.265056119631
-ehˇ	0.473419044692	0.273466630061	0.0258732727026	0.227241052544
-hnˇ	0.168146632796	0.622837188739	0.143095864338	0.0659203141274
-pa˰	0.251994497937	0.634387895461	0.0629986244842	0.0506189821183
-duˬ	0.0341917535707	0.945448611349	0.01383211849	0.00652751659077
