-ɛpi	0.753569714919	0.0708069293006	0.0332153079965	0.142408047784
-lɔy	0.119679612555	0.430287789885	0.398342181242	0.0516904163174
-uŋɔ	0.352798958527	0.509949786126	0.086665426818	0.0505858285289
-uŋɛ	0.320468642316	0.49483115093	0.0978635423846	0.0868366643694
-ɛpa	0.827683329104	0.0498858157828	0.00918548591728	0.113245369196
-tɔi	0.417173745174	0.350424710425	0.172725868726	0.0596756756757
-ɛrɛ	0.0146655380429	0.018940836108	0.00606440250202	0.960329223347
-hiŋ	0.283040967043	0.487038935088	0.19516271346	0.0347573844096
-lɔi	0.262511315143	0.461399198241	0.230828915039	0.0452605715764
-mɔy	0.172391294396	0.481809558811	0.242590271933	0.103208874859
-sɔŋ	0.198361068915	0.714038541447	0.0499308597236	0.0376695299143
-hee	0.187029575002	0.380293469171	0.395271040827	0.0374059150004
-tɔy	0.542609995938	0.288137109071	0.107629953276	0.0616229417156
-ŋɔŋ	0.652192504581	0.245853107646	0.0194106452968	0.0825437424762
-nkɔ	0.106886783711	0.783400327396	0.0292097053879	0.0805031835049
-ufu	0.0156023531418	0.973314008014	0.00511552562026	0.00596811322363
-oye	0.5042031731	0.30538124556	0.072519535875	0.117896045465
-oya	0.460063492654	0.501620488279	0.0193953654038	0.0189206536631
-mba	0.330265633885	0.539920176897	0.0498003069391	0.0800138822787
-oyo	0.465877904008	0.272522019403	0.199610671432	0.061989405157
-rɔŋ	0.0942079553384	0.855547801814	0.0502442428472	0.0
-nkɛ	0.392074550741	0.245329496077	0.249761028306	0.112834924877
-ɔrɔ	0.460875214774	0.368082138506	0.0911377969283	0.079904849792
-oyu	0.0143737166325	0.759054567696	0.226309581021	0.000262134649832
-nsi	0.0318510675843	0.945473795659	0.00714663843303	0.0155284983236
-unɛ	0.494740620082	0.438005576875	0.0324673531929	0.0347864498495
-unɔ	0.411214953271	0.196261682243	0.018691588785	0.373831775701
-ufo	0.0	1.0	0.0	0.0
-nsa	0.459183673469	0.479591836735	0.0	0.0612244897959
-ɔrɛ	0.634589350181	0.299977436823	0.0259476534296	0.0394855595668
-kɔŋ	0.214160917212	0.035359183996	0.0130521878663	0.737427710926
-nti	0.395658869578	0.524305297262	0.0453359121391	0.0346999210214
-naŋ	0.234957767385	0.353483510949	0.154761778984	0.256796942682
-ɛŋɛ	0.299232245681	0.272610364683	0.289385796545	0.13877159309
-nto	0.476971970407	0.356830259456	0.0250078149422	0.141189955194
-kiŋ	0.636783527147	0.0882951400351	0.0184457860622	0.256475546756
-nte	0.489661654135	0.271616541353	0.145676691729	0.093045112782
-puy	0.788571428572	0.117142857143	0.0171428571428	0.0771428571428
-siŋ	0.148962185375	0.783937731123	0.0483120601217	0.0187880233807
-mɛŋ	0.107033022842	0.181617555092	0.0341365220439	0.677212900022
-ɔkɔ	0.307455079346	0.442156986314	0.085496365446	0.164891568894
-ɔkɛ	0.215714053566	0.384054154223	0.337960078317	0.0622717138938
-ɛnɛ	0.022621562131	0.00715907266989	0.00195813912311	0.968261226076
-ɔsi	0.0398787936327	0.937905580747	0.00946323175708	0.0127523938629
-opi	0.0767384372873	0.909915747532	0.0	0.0133458151804
-ope	0.508744038156	0.195548489666	0.0286168521463	0.267090620032
-ɔsa	0.29689608637	0.53036437247	0.0917678812416	0.080971659919
-ŋuŋ	0.536080794918	0.131943313243	0.0293207362763	0.302655155563
-kii	0.159529630311	0.755456831664	0.0294156305039	0.0555979075208
-ɛnɔ	0.0887033435952	0.121660499712	0.749568453193	0.040067703499
-mbɔ	0.610530583886	0.220551105243	0.0646577266493	0.104260584222
-dee	0.41686746988	0.179518072289	0.193975903614	0.209638554217
-mbɛ	0.0725723547504	0.364435621988	0.142012668017	0.420979355244
-hɛŋ	0.489762527215	0.289505776791	0.063441924294	0.157289771699
-ima	0.125074105974	0.309846866296	0.0678363292654	0.497242698464
-beŋ	0.092985217831	0.0482942713414	0.00787750358643	0.850843007241
-oko	0.46644943539	0.281962428345	0.178828225583	0.072759910682
-asɔ	0.564459930314	0.184668989547	0.209059233449	0.0418118466899
-oki	0.319256824249	0.632578413033	0.0297488240315	0.0184159386862
-imi	0.0	0.993650793651	0.00634920634921	0.0
-ɔla	0.639302960319	0.182657988663	0.104555952131	0.0734830988873
-oka	0.781423396637	0.179631064302	0.0301513850793	0.00879415398145
-yaŋ	0.0823592052798	0.0421879208594	0.00896385936803	0.866489014493
-wuŋ	0.0713595881002	0.0598983305427	0.0266739225087	0.842068158848
-ido	0.0532433445819	0.86769510954	0.0430660453157	0.0359955005624
-obo	0.167671232877	0.365479452055	0.310136986301	0.156712328767
-idi	0.142962850529	0.564850301673	0.231662429325	0.0605244184723
-ide	0.343878954608	0.56121045392	0.0453920220083	0.0495185694635
-pɔy	0.165829145729	0.658291457287	0.0703517587939	0.105527638191
-ida	0.0443974630021	0.955602536998	0.0	0.0
-moŋ	0.710877393465	0.0958847681943	0.0469059356605	0.14633190268
-pɔi	0.145719489982	0.846994535519	0.00728597449908	0.0
-obu	0.0333333333333	0.966666666667	0.0	0.0
-uta	0.67559802437	0.110190720437	0.0427243005157	0.171486954677
-ute	0.812809051145	0.0624748718494	0.016127099005	0.108588978001
-haŋ	0.169145787615	0.130632735727	0.0160751019691	0.684146374689
-uto	0.591675633899	0.203901191998	0.104105109836	0.100318064267
-ɔyŋ	0.353303505281	0.417323398607	0.0689372693232	0.160435826788
-maŋ	0.147429587679	0.107742382942	0.0203595817183	0.724468447661
-tee	0.5390625	0.28125	0.0	0.1796875
-utu	0.768885917016	0.0745580671327	0.0248428838156	0.131713132036
-kiy	0.482352941176	0.345098039216	0.117647058823	0.0549019607843
-reŋ	0.591100372818	0.284813671056	0.0591228378962	0.0649631182297
-ara	0.382287074904	0.448127214078	0.121164195688	0.0484215153297
-hɔi	0.254610888684	0.444114809187	0.2074484013	0.0938259008284
-ɔmi	0.0312576151415	0.935291252865	0.0263222022244	0.00712892976912
-aro	0.56862745098	0.411764705882	0.0	0.0196078431373
-ari	0.545816103703	0.352060586349	0.0362867629977	0.0658365469497
-nde	0.585929754287	0.18434578124	0.0427304690333	0.18699399544
-ydo	0.0308108330368	0.909569895069	0.031722139366	0.0278971325283
-haa	0.141407084411	0.763310185404	0.0331575232411	0.0621252069441
-hɔy	0.150488885995	0.357685573242	0.38824336939	0.103582171373
-dɔŋ	0.691659047415	0.19687777239	0.016065208459	0.0953979717366
-aye	0.166768816038	0.0600129676546	0.0409111330617	0.732307083246
-kɛɛ	0.177292576419	0.719456574478	0.0339640950994	0.0692867540029
-aya	0.105223161404	0.649949147791	0.186455846391	0.0583718444146
-ndu	0.120836142953	0.616183412003	0.204720161834	0.0582602832097
-ayo	0.431907478664	0.3861504715	0.100805730314	0.0811363195214
-ayi	0.310356370111	0.573583946306	0.0348342848326	0.0812253987502
-kɔy	0.357112930708	0.17616601269	0.2239848894	0.242736167202
-ahɛ	0.240853123128	0.294566887258	0.268130432357	0.196449557257
-oyi	0.224286214237	0.651885943531	0.0922638824468	0.0315639597844
-ilo	0.388429752066	0.561983471074	0.0	0.0495867768595
-rɔy	0.13448340765	0.174484488008	0.19747753405	0.493554570292
-kɔi	0.38801456787	0.271551025783	0.208677175548	0.131757230799
-alo	0.827291370172	0.142093526228	0.00840458554187	0.0222105180587
-tɔŋ	0.391753270855	0.499756635168	0.053204731019	0.0552853629583
-ŋɔy	0.532598156562	0.323826161895	0.0817480194627	0.0618276620801
-sɔs	0.00336779357651	0.689588615616	0.00306489143236	0.303978699375
-lɔŋ	0.157195356889	0.53779508048	0.21742772186	0.0875818407718
-ikɔ	0.287058823529	0.310588235294	0.0847058823529	0.317647058824
-heŋ	0.255496477268	0.228023744547	0.219274627014	0.297205151171
-uba	0.30659309086	0.627746416982	0.0311823958897	0.0344780962683
-ikɛ	0.283018867925	0.660377358491	0.0377358490566	0.0188679245283
-ŋɔi	0.398974412409	0.330120179293	0.231695414992	0.0392099933064
-ota	0.587310361771	0.185983661937	0.0775136662368	0.149192310055
-mɛi	0.211764705882	0.682352941176	0.0705882352941	0.0352941176471
-ote	0.586155378486	0.195219123506	0.0493027888446	0.169322709163
-ɔdɔ	0.220281338752	0.632576767978	0.080259214511	0.0668826787592
-oti	0.362845849802	0.504347826087	0.0806324110671	0.0521739130435
-ali	0.220639191353	0.405858926102	0.0291618517878	0.344340030757
-oto	0.448138957816	0.301736972705	0.0208436724566	0.229280397022
-nda	0.226230989789	0.285382347091	0.0317046900757	0.456681973044
-mɛy	0.495785466658	0.276833661886	0.116579430358	0.110801441099
-nhi	0.0297638304755	0.94403105791	0.0164995147201	0.00970559689421
-umo	0.500998003992	0.207584830339	0.183632734531	0.107784431138
-umi	0.0431654676259	0.838129496403	0.0	0.118705035971
-ako	0.22030291651	0.150915842617	0.070096382526	0.558684858347
ALL	0.233871084802	0.285065433295	0.0529686026065	0.428094879297
-nai	0.407766990291	0.300970873786	0.291262135922	0.0
-aki	0.101100993394	0.853755741083	0.0171466146432	0.02799665088
-ŋiŋ	0.508319677063	0.137606200055	0.32706196613	0.0270121567521
-uwɛ	0.254671964523	0.393703398244	0.315384098712	0.0362405385215
-ake	0.123247292395	0.125074286427	0.037177166501	0.714501254678
-naa	0.0709732530771	0.0196302503876	0.00195195058064	0.907444545955
-aka	0.170740272288	0.764004964414	0.0368716863363	0.0283830769621
-sii	0.150867308067	0.786863693545	0.0482893034958	0.0139796948918
-nay	0.01261829653	0.955835962145	0.0	0.031545741325
-mpɛ	0.0431351920042	0.842188321936	0.0988953182535	0.0157811678064
-aku	0.0454100500326	0.895366543398	0.0257232978029	0.0335001087666
-puŋ	0.355052672649	0.467420991026	0.0955911041748	0.0819352321498
-puu	0.312120851671	0.529915546568	0.00678006423218	0.151183537528
-awɛ	0.089696969697	0.894141414141	0.00969696969696	0.00646464646465
-yni	0.31451018905	0.585808986005	0.0790572059906	0.0206236189541
-dɛŋ	0.633171258779	0.339276066991	0.00324149108591	0.0243111831442
-yna	0.321815508217	0.341776858806	0.105299927321	0.231107705656
-pɔŋ	0.319463687508	0.548055308224	0.102295458992	0.0301855452763
-biŋ	0.0880855522857	0.880994348618	0.013690324654	0.0172297744425
-ami	0.0162664601085	0.967467079783	0.00697134004648	0.00929512006197
-ɔhɔ	0.265742766837	0.25317670544	0.331836154939	0.149244372785
-fɛŋ	0.216826149547	0.591660686987	0.0477000147078	0.143813148758
-deŋ	0.0902284288487	0.210392361579	0.0317895650957	0.667589644476
-ewɛ	0.169394901865	0.282514862774	0.508999104162	0.0390911311996
-nta	0.578557652836	0.30084850785	0.0386979219109	0.0818959174031
-ɛiŋ	0.32518703223	0.0883405576947	0.0373175676979	0.549154842377
-iso	0.661621621622	0.172612612613	0.0677477477478	0.098018018018
-eyɛ	0.473892689953	0.314368023046	0.0302484695715	0.181490817429
-hɔŋ	0.373743101965	0.11874031567	0.0683293555997	0.439187226766
-yiŋ	0.0694036110426	0.812016190049	0.0783579809016	0.0402222180072
-isi	0.367268482893	0.580212166086	0.018607373111	0.0339119779104
-dɔy	0.312138728324	0.199421965318	0.132947976879	0.35549132948
-eyɔ	0.0266666666667	0.973333333333	0.0	0.0
-isa	0.507274351327	0.246163692627	0.0511431305286	0.195418825517
-luŋ	0.554054054054	0.378378378378	0.0225225225225	0.045045045045
-dɔi	0.548424737456	0.28821470245	0.0116686114352	0.151691948658
-ist	0.00419476672813	0.973618156079	0.002925366585	0.0192617106081
-meŋ	0.0764314595017	0.041672101213	0.38593974175	0.495956697535
-rɛi	0.821428571429	0.178571428571	0.0	0.0
-ɔya	0.453196347032	0.307077625571	0.208904109589	0.0308219178082
-ɔyi	0.285588410605	0.186332184414	0.293492627051	0.23458677793
-rɛy	0.711500974659	0.228070175439	0.0292397660819	0.0311890838206
-maa	0.0256858377417	0.0230531188362	0.0109711202486	0.940289923174
-teŋ	0.514205911307	0.36445431443	0.0503674534673	0.0709723207949
-nku	0.2114183709	0.0871493664671	0.259200732561	0.442231530072
-uno	0.728226289749	0.101260129635	0.0762034633893	0.0943101172267
-ɔra	0.688972480697	0.28221234319	0.00134986771297	0.0274653083998
-uni	0.0497603608684	0.88046236256	0.0499013250634	0.0198759515083
-une	0.792059905161	0.0623677044693	0.00819095115778	0.137381439212
-ɔri	0.364721340195	0.570787255009	0.0381035804226	0.0263878243731
-una	0.238818064625	0.0890626995525	0.0173858721431	0.65473336368
-boŋ	0.16174936673	0.379232160119	0.439783413324	0.0192350598273
-nke	0.395163214528	0.177995128005	0.104607893872	0.322233763595
-kɛŋ	0.0973850041804	0.792493275995	0.0500990209004	0.0600226989246
-nka	0.187849508442	0.659986540904	0.0457951310042	0.10636881965
-unu	0.538634321653	0.348444008821	0.070448419505	0.0424732500204
-nko	0.272509513291	0.435606736526	0.188474788132	0.103408962051
-oyɛ	0.807772670288	0.168825741747	0.00835770998746	0.0150438779774
-666	0.0877192982456	0.0	0.0	0.912280701754
-ɛta	0.76370510397	0.175803402646	0.0226843100189	0.0378071833648
-ade	0.0819854991634	0.0967651979922	0.0167317345231	0.804517568321
-ada	0.0518192485839	0.317713226978	0.106407464649	0.524060059789
-ado	0.203107186766	0.669520509668	0.0240974628367	0.103274840729
-adi	0.0471076739678	0.861982779779	0.0876037445717	0.00330580168195
-uŋa	0.43846787314	0.129471548798	0.0426818245727	0.38937875349
-ɛpɛ	0.467669622397	0.317824051011	0.0446348510511	0.16987147554
-aaŋ	0.261491900511	0.20254765705	0.0398513201369	0.496109122302
-uŋo	0.544289483603	0.374293252921	0.0294006784772	0.0520165849981
-ini	0.119019010075	0.736965104648	0.101181971851	0.0428339134257
-ɛni	0.106503077727	0.824087563676	0.0295300826226	0.0398792759738
-loŋ	0.215638556766	0.255232250556	0.0977674320178	0.43136176066
-ino	0.628594938281	0.259533713009	0.0540310877574	0.0578402609531
-ina	0.242403391178	0.273043557735	0.0357957504249	0.448757300662
-see	0.846846674473	0.0221062635397	0.0107574791959	0.120289582791
-ɛna	0.186068242928	0.125856820766	0.0575182848822	0.630556651424
-ine	0.48048270594	0.412623525748	0.0357645743546	0.0711291939576
-ɔsɔ	0.163987138264	0.816720257235	0.0	0.0192926045016
-ɛti	0.100085645442	0.685310324254	0.0680835151304	0.146520515173
-ohe	0.658697897578	0.0493744377436	0.0156598807184	0.27626778396
-ɔka	0.330599692465	0.607893388006	0.0615069195285	0.0
-oho	0.183404295969	0.651935096482	0.0747837004285	0.0898769071208
-ohi	0.488832474855	0.277681867692	0.0333475321233	0.20013812533
-roŋ	0.653513432518	0.304210765917	0.0317068511734	0.0105689503911
-kuu	0.295800051533	0.595980417418	0.108219531049	0.0
-eda	0.0690666592878	0.831650017986	0.0474833282603	0.0517999944658
-ede	0.193047337278	0.24926035503	0.468195266272	0.0894970414201
-toŋ	0.00972877187767	0.961326201474	0.00633142296801	0.0226136036799
-ntɛ	0.325880114177	0.35537583254	0.0960989533777	0.222645099905
-aɛŋ	0.666666666667	0.0740740740741	0.259259259259	0.0
-ɛŋo	0.214285714286	0.714285714286	0.0714285714286	0.0
-ɛŋa	0.528630819763	0.174380412063	0.133220019753	0.163768748421
-ntɔ	0.154600210391	0.385844217503	0.171478043922	0.288077528184
-lɛŋ	0.0412292663508	0.104619192145	0.0776804240203	0.776471117484
-eka	0.0221694935703	0.942856999226	0.0135731593288	0.021400347875
-eke	0.56559908924	0.287990231477	0.0666917859353	0.0797188933472
-bai	0.0206896551724	0.710344827586	0.165517241379	0.103448275862
-dɛɛ	0.0264900662251	0.894039735099	0.0397350993378	0.0397350993378
-eko	0.78302712161	0.146981627297	0.0174978127734	0.0524934383202
-hoo	0.0330578512397	0.95041322314	0.0165289256198	0.0
-baa	0.0386128893043	0.0162753797113	0.00273712707355	0.942374603911
-iha	0.582093336156	0.337367449287	0.0231991414548	0.057340073102
-bay	0.0857908847185	0.875335120643	0.0174262734585	0.0214477211796
-hoy	0.327836694661	0.605222828419	0.025746337277	0.0411941396432
-ɔlɛ	0.253817798841	0.443391258557	0.274354923644	0.0284360189574
-bɛy	0.170212952722	0.584860694159	0.0632230824598	0.181703270659
-ase	0.473159543358	0.350736019163	0.0614196160605	0.114684821418
-mbu	0.304437547038	0.0707761889749	0.0673017596125	0.557484504375
-asa	0.00541027953111	0.945897204689	0.00541027953111	0.0432822362489
-yɔi	0.296764366975	0.248314560605	0.0950634012642	0.359857671155
-aso	0.265813788202	0.314143567875	0.311300639659	0.108742004264
-imɛ	0.203868269733	0.774176685834	0.0219550444328	0.0
-asi	0.0705913137112	0.888825442164	0.0130456226571	0.0275376214674
-ɔlɔ	0.0	0.0493736182756	0.950626381724	0.0
-bɛi	0.155921580617	0.593614835594	0.206828813094	0.043634770695
-opo	0.746411483254	0.143540669856	0.0574162679426	0.0526315789473
-mbe	0.19658478324	0.312211498112	0.180347977662	0.310855740986
-yɔy	0.582974987373	0.123569971606	0.0733966954298	0.220058345591
-mbi	0.249007090344	0.209477490293	0.149504257054	0.392011162309
-yee	0.407766990291	0.223300970874	0.0582524271845	0.31067961165
-ise	0.705097087379	0.229368932039	0.0145631067961	0.0509708737864
-mbo	0.516005214965	0.427163199011	0.0332836644593	0.0235479215654
-kɛy	0.120218579235	0.878142076503	0.0	0.00163934426229
-ray	0.0	1.0	0.0	0.0
-bɔy	0.397679814385	0.328538283063	0.179582366589	0.0941995359629
-ɛla	0.740626802538	0.0980580657566	0.012497596616	0.148817535089
-arɔ	0.0	0.944444444444	0.0539215686275	0.00163398692811
-eri	0.14407141302	0.579296755933	0.179065969954	0.097565861093
-ero	0.569536423841	0.271523178808	0.158940397351	0.0
-era	0.117167158479	0.86460683909	0.00781114389863	0.0104148585315
-hɔɔ	0.382251079068	0.247652521747	0.0752222475496	0.294874151636
-bɔi	0.339853300733	0.327628361858	0.259168704156	0.0733496332518
-ere	0.13248328011	0.196139831931	0.0379308976248	0.633445990334
-arɛ	0.753225806452	0.154838709677	0.0435483870968	0.0483870967742
-poy	0.809688581315	0.0415224913495	0.148788927336	0.0
-inɔ	0.490372699316	0.289140313031	0.177112498279	0.0433744893744
-ŋoŋ	0.605839416058	0.21897810219	0.175182481752	0.0
-poo	0.508699791791	0.410109126673	0.0455130418406	0.0356780396957
-utɔ	0.556372300517	0.201003751394	0.0352326878232	0.207391260266
-utɛ	0.1314862288	0.0519235059627	0.0159117026785	0.800678562559
-ŋɔɔ	0.622478386167	0.157925072046	0.0829971181556	0.136599423631
-soŋ	0.0	1.0	0.0	0.0
-ika	0.23361220568	0.726371877244	0.011481646835	0.0285342702409
-iko	0.17383878126	0.222248724627	0.0091343270598	0.594778167054
-lai	0.0	0.985576923077	0.0144230769231	0.0
-iki	0.0609937530214	0.874876709445	0.0426678917048	0.0214616458284
-lay	0.02002002002	0.95995995996	0.0	0.02002002002
-kɔɔ	0.486708204629	0.0797349045826	0.0186180341049	0.414938856684
-ahi	0.182620276344	0.309916208867	0.420342933245	0.0871205815438
-aho	0.187159007519	0.271283780191	0.485094706839	0.0564625054506
-rɔɔ	0.157303370787	0.550561797753	0.157303370786	0.134831460674
-aha	0.0598149522238	0.839938216454	0.0495934097551	0.0506534215667
-boi	0.206655185823	0.72334870285	0.0	0.0699961113272
-ahe	0.218655449782	0.653678695299	0.0651243450668	0.0625415098517
-kɛi	0.649779735683	0.277533039648	0.0528634361233	0.0198237885463
-ayɔ	0.165887785085	0.444466209598	0.360934657898	0.0287113474185
-boy	0.169496129295	0.516773054462	0.299877767214	0.0138530490289
-ayɛ	0.644846796657	0.170380687094	0.0383008356546	0.146471680594
-ahu	0.111727908952	0.380080327891	0.479470572158	0.0287211909994
-mpo	0.140951803577	0.119733252501	0.0433464686268	0.695968475296
-mpi	0.0607216658719	0.862978858687	0.0216181847083	0.0546812907328
-ooŋ	0.0855381395454	0.0329867825375	0.485019450827	0.39645562709
-fuŋ	0.488302192091	0.0123916371811	0.0143374314492	0.484968739279
-mpa	0.0925754800988	0.828558947563	0.0212369159428	0.0576286563954
-oli	0.019943019943	0.561253561254	0.418803418803	0.0
-saa	0.884287809969	0.0344558993598	0.0187716727695	0.062484617902
-ibo	0.291424587497	0.543109458517	0.111550081339	0.0539158726469
-akɛ	0.143635358206	0.739727585409	0.0955764984567	0.0210605579283
-neŋ	0.456846764749	0.404951873768	0.0671015415499	0.0710998199324
-yka	0.381800607567	0.357221761944	0.03314001657	0.227837613919
-olo	0.183480148276	0.34634436227	0.18284095068	0.287334538774
-mpu	0.410753275109	0.570141921397	0.0	0.0191048034934
-kuŋ	0.375877098694	0.206403328709	0.0261952374027	0.391524335195
-ole	0.757776564569	0.0992425811229	0.0204258363298	0.122555017978
-loo	0.0188679245283	0.320754716981	0.660377358491	0.0
-seŋ	0.276150627615	0.57949790795	0.106694560669	0.0376569037657
-ybi	0.284671532847	0.321167883212	0.313868613139	0.0802919708029
-loi	0.0714285714286	0.892857142857	0.0357142857143	0.0
-yba	0.362595419847	0.288167938931	0.240458015267	0.108778625954
-uiŋ	0.0955599554456	0.628903259217	0.0854927889177	0.19004399642
-loy	0.0	0.981132075472	0.0188679245283	0.0
-ime	0.465469866276	0.499908408133	0.0307748671918	0.00384685839897
-ɔdi	0.0281432177079	0.927743405329	0.0377476491479	0.00636572781488
-otɛ	0.391771019678	0.322003577818	0.189624329159	0.0966010733453
-ɛbɛ	0.0456342738572	0.83240130362	0.090488474657	0.0314759478656
-ewu	0.288888888889	0.511111111111	0.177777777778	0.0222222222222
-ipi	0.135043219498	0.821241320674	0.0343630437863	0.00935241604081
-yɔŋ	0.331971162218	0.399038740611	0.0648385711135	0.204151526057
-iti	0.172672072118	0.758587607138	0.0424596724305	0.0262806483129
-riŋ	0.218341737017	0.651194078575	0.0359703590439	0.0944938253646
-oke	0.644934804413	0.165496489468	0.1444332999	0.0451354062187
-yeŋ	0.374962207177	0.449318928242	0.0628694805826	0.112849383999
-bɛŋ	0.134172082307	0.277167606998	0.0317879837074	0.556872326988
-yɔɔ	0.707865168539	0.14606741573	0.14606741573	0.0
-awo	0.930434782609	0.0347826086956	0.0347826086957	0.0
-baŋ	0.0955451756489	0.0511699107702	0.0131492739247	0.840135639656
-uuŋ	0.305373525557	0.427260812582	0.149410222805	0.117955439056
-hoŋ	0.11555567134	0.550160450383	0.30141559722	0.0328682810567
-awa	0.0237560416203	0.0086079809924	0.00172268260743	0.96591329478
-awe	0.690206247739	0.202146906284	0.056989506694	0.0506573392835
-imo	0.481327244241	0.299270313113	0.0475873088737	0.171815133772
-ita	0.355396073831	0.484947914953	0.0646418785845	0.0950141326309
-awu	0.573431426985	0.412409772349	0.0	0.0141588006663
-poŋ	0.364744249914	0.260041194645	0.00514933058703	0.370065224854
-iɔŋ	0.0989010989011	0.85014985015	0.032967032967	0.017982017982
-ɔyɛ	0.262368181784	0.176490524427	0.443405523823	0.117735769967
-ɛsa	0.0889235569422	0.461778471139	0.421216848674	0.0280811232449
-eyi	0.523358348968	0.412288930582	0.00525328330208	0.0590994371482
-isɛ	0.480594549959	0.30470685384	0.135425268373	0.0792733278282
-raŋ	0.123677212088	0.78855482753	0.0535557620793	0.0342121983028
-eyo	0.506805330443	0.258290692527	0.0665561268252	0.168347850205
-eya	0.0343839541548	0.944126074499	0.0128939828081	0.00859598853867
-isɔ	0.0186335403727	0.981366459627	0.0	0.0
-eye	0.219405430337	0.541907018823	0.0913904054603	0.14729714538
-ɛdi	0.0487804878049	0.951219512195	0.0	0.0
-bɔŋ	0.763406010607	0.104203496366	0.0293164407778	0.103074052249
-ibi	0.188861985472	0.668280871671	0.0556900726392	0.0871670702179
-eme	0.837060817476	0.0547016518106	0.0247502555733	0.0834872751404
-oba	0.00686498855835	0.993135011442	0.0	0.0
-ɔɔŋ	0.420613468093	0.351275120461	0.0528851803972	0.175226231049
-ɛyo	0.391304347826	0.347826086956	0.0	0.260869565217
-yte	0.474040632054	0.525959367946	0.0	0.0
-ndɛ	0.0666060533336	0.0231042885989	0.00400714617426	0.906282511893
-yta	0.859462486002	0.078947368421	0.0229563269877	0.038633818589
-mɔi	0.291680477295	0.431223069274	0.24196221412	0.0351342393106
-eŋɔ	0.724956063269	0.0817223198594	0.193321616872	0.0
-eŋɛ	0.133844073907	0.794772420009	0.0356917530419	0.0356917530419
-eaŋ	0.0	0.950819672131	0.0491803278688	0.0
-muy	0.58585313175	0.41414686825	0.0	0.0
-ndy	0.269030239833	0.391032325339	0.198123044838	0.14181438999
-ifa	0.01261829653	0.98738170347	0.0	0.0
-uwa	0.581363058282	0.285659545639	0.060748666554	0.0722287295248
-yɛŋ	0.572652923219	0.20443664767	0.0439548592905	0.178955569821
-iba	0.00841620058669	0.939528040229	0.0430161363319	0.00903962285237
-ndi	0.337088562111	0.335392523693	0.0794194534119	0.248099460785
-ruŋ	0.624728850325	0.0629067245119	0.312364425163	0.0
-oŋo	0.370000551663	0.497876096431	0.0733712142108	0.0587521376952
-uwɔ	0.465195979691	0.248054100996	0.206932931463	0.0798169878499
-aŋɛ	0.243902439024	0.756097560976	0.0	0.0
-ndo	0.282790269666	0.167009454256	0.0465222658779	0.503678010201
-liŋ	0.116316027351	0.825132309846	0.0361574013326	0.0223942614705
-oŋe	0.638089963569	0.154646703714	0.0308267809041	0.176436551813
-aŋɔ	0.380577172377	0.382574268218	0.163972079588	0.0728764798168
-oŋa	0.125537934875	0.596534870567	0.0321143554332	0.245812839124
-emo	0.706333973129	0.195777351248	0.063339731286	0.0345489443378
-emɛ	0.295767125117	0.061957537722	0.573730360084	0.0685449770775
-ala	0.0434784893118	0.862081097233	0.0275664347104	0.0668739787446
-atɔ	0.116841257051	0.609857641687	0.235025517056	0.0382755842063
-paŋ	0.284583139264	0.595714951095	0.0544946436889	0.0652072659525
-ŋeŋ	0.489588969719	0.373634742179	0.0570485714477	0.0797277166543
-atɛ	0.189536688096	0.131456439814	0.642872977167	0.0361338949235
-uyɛ	0.667954793777	0.267671249405	0.0165903621726	0.0477835946455
-iŋɔ	0.430722891566	0.262048192771	0.117469879518	0.189759036145
-duŋ	0.583951926476	0.158713326264	0.138564863909	0.118769883351
-waŋ	0.21604148856	0.433678775532	0.129228766288	0.22105096962
-uyɔ	0.550174176874	0.314979211147	0.0458478480728	0.088998763906
-pee	0.302030456853	0.499365482234	0.0710659898477	0.127538071066
-fay	0.042460414793	0.937099719293	0.00910255362057	0.0113373122939
-pɛɛ	0.289707750953	0.61499364676	0.0787801778907	0.0165184243964
-iyu	0.00796080832823	0.958971218616	0.0	0.0330679730557
-wɛŋ	0.247110068688	0.700619869325	0.0170882894957	0.0351817724912
-iyo	0.512373766468	0.316729094166	0.077334601444	0.0935625379224
-eli	0.222427148654	0.717929801663	0.0225292965979	0.0371137530857
-iyi	0.680082317322	0.223379278907	0.0214225297557	0.0751158740155
-elo	0.830840720072	0.0367641522733	0.0386152455658	0.0937798820885
-iye	0.39117393205	0.182236595856	0.0514754308321	0.375114041262
-bii	0.766990291262	0.0873786407767	0.0873786407767	0.0582524271845
-iya	0.244983721917	0.447251353319	0.0352511481602	0.272513776604
-ele	0.167132473218	0.482544223867	0.30410208137	0.0462212215442
-itu	0.69512195122	0.19512195122	0.109756097561	0.0
-diŋ	0.181094854924	0.274027934604	0.348414696408	0.196462514064
-ito	0.462140606538	0.317231193383	0.0884994092163	0.132128790862
-esi	0.142374712954	0.655409968931	0.0467378089964	0.155477509118
-rɛŋ	0.225805213416	0.633094783172	0.0577211777952	0.0833788256167
-ɛra	0.303698487993	0.488307886155	0.0512340646309	0.156759561221
-esa	0.0893854748603	0.91061452514	0.0	0.0
-ite	0.702444646077	0.175539409626	0.0479212014315	0.0740947428656
-ɛri	0.0888112949749	0.88796113557	0.00652800971611	0.0166995597389
-ɛya	0.438765650599	0.487255898497	0.0330184279445	0.0409600229602
-nuŋ	0.177636274168	0.0836366717395	0.0292312856226	0.70949576847
-udu	0.0610079575597	0.668435013263	0.270557029178	0.0
-ɛyi	0.339161343286	0.35399258182	0.0524741911075	0.254371883787
-fai	0.0503703703704	0.82037037037	0.0885185185185	0.0407407407407
-keŋ	0.194296154639	0.635793967652	0.0796133651841	0.090296512525
-nki	0.65804181296	0.128972140719	0.0217234325887	0.191262613733
-uda	0.00249800159872	0.993605115907	0.000899280575541	0.00299760191846
-suŋ	0.258652317476	0.31233948881	0.0337532102238	0.39525498349
-ɔtɔ	0.0733075441184	0.848595044389	0.0486779162067	0.0294194952859
-ɔtɛ	0.613724641614	0.309559778184	0.028030692766	0.0486848874357
-udi	0.00735294117647	0.970588235294	0.0220588235294	0.0
-woy	0.193456614509	0.75533428165	0.0512091038407	0.0
-abu	0.141737449071	0.505956080381	0.0460948829501	0.306211587598
-amɛ	0.0975712278813	0.0750983648028	0.378555207153	0.448775200163
-amɔ	0.197964254994	0.584385453503	0.162271814967	0.0553784765364
-ɔbɛ	0.291720779221	0.392532467533	0.221103896104	0.0946428571429
-woi	0.196078431373	0.647058823529	0.117647058824	0.0392156862745
-ela	0.620048225973	0.272476748192	0.00413365483982	0.103341370996
-aba	0.255571203711	0.575385111773	0.150600177023	0.018443507493
-huu	0.284363466867	0.605834243041	0.0316599001573	0.0781423899338
-abi	0.488984294087	0.427746188108	0.0128566689983	0.0704128488061
-aiŋ	0.346041055718	0.480938416422	0.134897360704	0.0381231671554
-tiŋ	0.112600244092	0.377335379504	0.0442311837013	0.465833192702
-ilɔ	0.113273453094	0.413672654691	0.425149700599	0.0479041916168
-gba	0.162718339784	0.690872826143	0.0370713393127	0.10933749476
-soy	0.161932871464	0.6977253066	0.136743313681	0.00359850825476
-gbe	0.0594042206075	0.914605960815	0.00975090258161	0.0162389159957
-koo	0.445360824742	0.309278350515	0.232989690722	0.0123711340206
-gbi	0.194067505635	0.726752952065	0.037260961082	0.0419185812172
-ɔmɔ	0.458995037221	0.262655086849	0.244044665012	0.0343052109181
-ilɛ	0.235989910008	0.413723752386	0.329049631852	0.021236705754
-los	0.0	0.934426229508	0.0655737704918	0.0
-soo	0.0151515151515	0.984848484848	0.0	0.0
-ori	0.440366972477	0.481298517996	0.0169371912491	0.0613973182781
-soi	0.21796410031	0.631499542641	0.150536357049	0.0
-oro	0.358620799212	0.601108825328	0.019618900865	0.0206514745947
-gbu	0.0741733169891	0.87424288406	0.00912283865407	0.0424609602973
-ora	0.150501295483	0.635124478991	0.0537343697195	0.160639855807
-koy	0.600035521146	0.245356878779	0.0584286604903	0.0961789395851
-ɔiŋ	0.157125186252	0.598236851325	0.105336812867	0.139301149557
-eeŋ	0.203925294466	0.119061944566	0.177899919879	0.499112841088
-asɛ	0.0257595772788	0.962351387054	0.00792602377808	0.00396301188904
-ɛki	0.194121638475	0.670143405416	0.116961103259	0.0187738528506
-omi	0.0	0.987012987013	0.0	0.012987012987
-omo	0.53052628749	0.158621091378	0.062372158359	0.248480462773
-thu	0.201543146449	0.604573392867	0.125805668167	0.0680777925159
-ɛka	0.327091513138	0.596798550287	0.0634249471459	0.0126849894292
-oma	0.0491098091584	0.135428164831	0.0666588062486	0.748803219762
-laŋ	0.330046170642	0.267590711286	0.293949295689	0.108413822383
-lia	0.0	1.0	0.0	0.0
-ome	0.85472759361	0.0440623675489	0.0870616518785	0.0141483869623
-ipo	0.634615384615	0.288461538461	0.0641025641025	0.0128205128205
-wɔi	0.248150328565	0.247084281373	0.368438638642	0.13632675142
-leŋ	0.281368821293	0.501901140684	0.216730038023	0.0
-144	0.279816513761	0.114678899083	0.0	0.605504587156
-muŋ	0.171957400646	0.171541210448	0.0213096397012	0.635191749205
-ɛtɔ	0.21568627451	0.554987212276	0.0801364023871	0.149190110827
-mɔŋ	0.0405945705232	0.922728500912	0.00933616032411	0.0273407682403
-ode	0.019899554629	0.888294008023	0.0743548438043	0.0174515935437
-doŋ	0.0277456647399	0.563005780347	0.128323699422	0.280924855491
-odo	0.294786096257	0.649064171123	0.0	0.0561497326203
-ipa	0.270120468299	0.662575646174	0.0288445223687	0.0384593631582
-uŋe	0.56039066739	0.255778621812	0.110689093869	0.0731416169289
-are	0.624486442071	0.182141878937	0.042180224596	0.151191454396
-ura	0.136798179059	0.808497723824	0.014339908953	0.0403641881639
-sɛɛ	0.56049347602	0.261385857006	0.0469299960892	0.131190670886
-ehe	0.481786487136	0.153642702573	0.270497715797	0.0940730944938
-uhu	0.546662565364	0.163826514918	0.0476161181175	0.2418948016
-ure	0.223198594025	0.652899824253	0.00527240773286	0.118629173989
-peŋ	0.545653036361	0.194364802242	0.037140308771	0.222841852626
-ɔmɛ	0.347984414806	0.148688745692	0.0323692492132	0.470957590289
-ipe	0.765363128492	0.100558659218	0.100558659218	0.0335195530726
-uru	0.136735925511	0.75713423571	0.0556944564187	0.0504353823605
-pai	0.0377358490566	0.924528301887	0.0	0.0377358490566
-ŋee	0.890406535568	0.0576059930898	0.0132390454971	0.0387484258452
-apa	0.1080361107	0.741009323664	0.0266390409945	0.124315524641
-duu	0.531464570685	0.097777159494	0.0149050548009	0.35585321502
-ape	0.0904238618525	0.0929356357928	0.283830455259	0.532810047096
-paa	0.355453462651	0.530542793943	0.0765696784073	0.0374340649992
-ɛsɛ	0.0906666601064	0.824349490392	0.0586362730603	0.0263475764412
-api	0.273622047244	0.511811023622	0.205708661417	0.00885826771653
-yoŋ	0.138384458882	0.270874122312	0.432645607197	0.158095811609
-pay	0.0881139250748	0.885184885509	0.0	0.0267011894166
-ihɛ	0.232964472918	0.145796932634	0.504756357989	0.116482236459
-apu	0.0436817472699	0.946957878315	0.00936037441498	0.0
-kee	0.622222222222	0.3	0.0577777777777	0.02
-thɔ	0.509136458152	0.267889754393	0.0737601052172	0.149213682238
-ɔsɛ	0.0873998543336	0.624908958485	0.243991260015	0.0436999271668
-faŋ	0.0	0.966386554622	0.0336134453782	0.0
-anɛ	0.63226904709	0.184756122616	0.130285743037	0.0526890872575
-thɛ	0.204325741139	0.378208111218	0.0964517219603	0.321014425683
-kei	0.531931264427	0.255450115414	0.0636060528341	0.149012567325
-gbo	0.0102489019034	0.963396778917	0.0263543191801	0.0
-onɛ	0.305267025458	0.519712350577	0.0697170877345	0.10530353623
-key	0.851949922437	0.0387351724245	0.00742594063205	0.101888964507
-feu	0.531007751938	0.31007751938	0.0271317829457	0.131782945736
-uhɛ	0.211586418569	0.478611164397	0.243621714943	0.066180702091
-ɔli	0.110355982466	0.820787409975	0.013271904253	0.0555847033063
-aru	0.0	0.179104477612	0.820895522388	0.0
-ɔpu	0.0348913759052	0.933508887426	0.0263331138907	0.00526662277815
-ɔhɛ	0.632115288499	0.173127117232	0.107458210696	0.0872993835731
-hɛɛ	0.141274238227	0.742382271468	0.00831024930748	0.108033240997
-ɛmɛ	0.0324494533388	0.625027506103	0.0399621061462	0.302560934412
-ɔpi	0.297080291971	0.619708029197	0.0481751824817	0.0350364963503
-iyɔ	0.67990697817	0.0863005999924	0.0511623004876	0.18263012135
-ɔpa	0.200877009814	0.689705575277	0.0705784088536	0.0388390060555
-ɛlo	0.015625	0.390625	0.59375	0.0
-ɛli	0.0969541905574	0.866804295794	0.0235872239024	0.0126542897465
-uku	0.503702913549	0.360987048534	0.0983421490821	0.0369678888351
-enɔ	0.0	1.0	0.0	0.0
-tuŋ	0.0618038541188	0.0741209648605	0.033265746797	0.830809434224
-ɔiy	0.31746031746	0.0793650793651	0.603174603175	0.0
-koŋ	0.01463614931	0.0423817618933	0.0369385372256	0.906043551571
-uka	0.243833296428	0.463004645255	0.248578318413	0.0445837399046
-uke	0.61441397719	0.21984955108	0.0480465906333	0.117689881097
-uko	0.633004926108	0.246305418719	0.0935960591133	0.0270935960591
-ɔii	0.48275862069	0.206896551724	0.137931034483	0.172413793103
-ɔna	0.240888134018	0.699112502181	0.0206475543444	0.0393518094564
-huŋ	0.125241320993	0.0519943856338	0.0309227520998	0.791841541273
-ɔni	0.127694086129	0.76512361624	0.0537775744259	0.0534047232051
-nɛŋ	0.110990461185	0.360602532084	0.171571973227	0.356835033504
-woŋ	0.0772629097457	0.0161696321639	0.000186229650996	0.906381228439
-ɔŋa	0.524443019715	0.363359512742	0.0544959128065	0.0577015547364
-ore	0.772469008264	0.18569214876	0.0139462809918	0.0278925619835
-tii	0.0371900826446	0.805785123967	0.157024793388	0.0
-aŋo	0.838461538462	0.0230769230769	0.138461538462	0.0
-uwe	0.417277526883	0.485073520773	0.0512575216765	0.0463914306677
-ema	0.699682894982	0.118758938009	0.0153578312504	0.166200335758
-alɛ	0.733188720174	0.117136659436	0.0260303687635	0.123644251627
-aŋi	0.186090225564	0.43045112782	0.174812030075	0.208646616541
-uwo	0.575897294928	0.318954342546	0.0565979967718	0.0485503657544
-aŋe	0.395833333333	0.604166666667	0.0	0.0
-emi	0.0333333333333	0.966666666667	0.0	0.0
-aŋa	0.39247311828	0.405913978495	0.177419354839	0.0241935483871
-eŋa	0.220060679271	0.337486305026	0.385425738124	0.0570272775796
-ɔki	0.22774744642	0.660850826068	0.0764267665491	0.0349749609632
-emɔ	0.0	0.975308641975	0.0246913580247	0.0
-eŋe	0.624683674167	0.196805964024	0.0553997674577	0.123110594351
-eŋo	0.367645564475	0.364219664088	0.163398028656	0.104736742782
-the	0.202299446173	0.155659491459	0.10440078828	0.537640274089
-ani	0.162626564513	0.730935712739	0.0627839719844	0.0436537507637
-elɛ	0.892631578947	0.0568421052632	0.0252631578947	0.0252631578947
-tha	0.275174640819	0.197626596284	0.0181008590387	0.509097903858
-iyɛ	0.405142255072	0.311758096289	0.0642361021694	0.21886354647
-pɛy	0.73808086904	0.178636089318	0.050694025347	0.0325890162945
-oyŋ	0.099173553719	0.727272727273	0.099173553719	0.0743801652893
-000	0.279816513761	0.114678899083	0.0	0.605504587156
-eta	0.394850071526	0.205753464208	0.164796725682	0.234599738584
-iri	0.195632983605	0.741299882483	0.0287568113087	0.0343103226034
-ete	0.100304677734	0.169122564531	0.0924778244049	0.638094933331
-sɛŋ	0.0659608741398	0.875638984329	0.0303732878944	0.0280268536365
-eti	0.556411075433	0.234806583394	0.0951532370593	0.113629104114
-eto	0.418367346939	0.367346938776	0.0	0.214285714286
-uyi	0.689481065919	0.241514726508	0.0429172510519	0.0260869565217
-iŋe	0.645434346989	0.193546506863	0.0772585926887	0.0837605534595
-uyo	0.787810063784	0.120056697378	0.0326009922041	0.0595322466337
-iŋa	0.442374087167	0.421569320628	0.0682402805283	0.0678163116771
-uya	0.599649147018	0.175625126761	0.180246015268	0.044479710954
-piŋ	0.247040658775	0.539886773032	0.209984559959	0.00308800823469
-uye	0.871357200202	0.0693830102392	0.00818175774838	0.05107803181
-iŋo	0.496981710064	0.129110730696	0.337688080007	0.0362194792324
-ate	0.565244667503	0.290464240903	0.0426599749059	0.101631116688
-ata	0.730966837926	0.159693956985	0.0378327884166	0.0715064166722
-ato	0.66298811545	0.13921901528	0.00509337860781	0.192699490662
-uyu	0.387096774194	0.612903225806	0.0	0.0
-ati	0.0978685594138	0.601392875378	0.0659157137662	0.234822851442
-ose	0.786172487527	0.173200285103	0.0	0.04062722737
-kai	0.0236984442668	0.966822178026	0.00947937770673	0.0
-uli	0.0545144804088	0.93867120954	0.0068143100511	0.0
-osa	0.0222752585521	0.960222752586	0.00318217979316	0.0143198090692
-ɔte	0.139705882353	0.683823529412	0.0882352941177	0.0882352941176
-ɔti	0.527163813805	0.304774573016	0.0812948541842	0.0867667589949
-ula	0.0998822935934	0.854380359845	0.0206826971582	0.0250546494031
-osi	0.578231292517	0.238095238095	0.0816326530612	0.102040816327
-kay	0.0900979325353	0.865505984766	0.0156692056583	0.0287268770403
-nia	0.0375429278294	0.906393543308	0.0369892994005	0.0190742294617
-ɛyɔ	0.66768492051	0.171850536134	0.0592745015037	0.101190041853
-ɛyɛ	0.302143560482	0.224909738178	0.128373772313	0.344572929028
-ulu	0.0958988569778	0.515039523993	0.22809322298	0.160968396049
-itɛ	0.324879297307	0.367401547321	0.146006631377	0.161712523995
-iiŋ	0.249265138154	0.198118753674	0.0952380952381	0.457378012934
-itɔ	0.666294542778	0.177072812318	0.0964173923199	0.0602152525843
-ŋɛŋ	0.322112098951	0.458538170164	0.0958413050169	0.123508425868
-iŋɛ	0.470146147152	0.201573684218	0.250272999846	0.0780071687834
-tɛŋ	0.677759247342	0.116243236139	0.0330375513238	0.172959965195
-miŋ	0.0217905607132	0.0386166749345	0.00474151904847	0.934851245304
-saŋ	0.737365368683	0.141673570837	0.0588235294118	0.0621375310688
-ile	0.673417721519	0.288607594937	0.0379746835443	0.0
-gbɔ	0.551312649165	0.420047732697	0.0143198090692	0.0143198090692
-ila	0.415716359113	0.545718432511	0.00435413642961	0.0342110719469
-gbɛ	0.357041921809	0.239816502488	0.259886542833	0.14325503287
--ka	0.359375	0.141741071429	0.378348214286	0.120535714286
-ili	0.10975950783	0.814142897092	0.0406879194631	0.0354096756152
-nɔi	0.24879159222	0.274500085167	0.426950004169	0.049758318444
-taŋ	0.408350078341	0.333351700259	0.0683693991615	0.189928822239
-eba	0.759124087591	0.0875912408759	0.0656934306569	0.0875912408759
-amu	0.0969023034154	0.818903891978	0.0238284352661	0.0603653693407
-ebe	0.164984953089	0.559036997699	0.210479730926	0.0654983182864
-nɔy	0.112616511837	0.346416523253	0.471106269391	0.0698606955182
-amo	0.280826002684	0.525495750708	0.0547562248397	0.138922021768
-ama	0.0720890163406	0.152789470915	0.0431759175836	0.731945595161
-buu	0.051542996036	0.902513544518	0.0413434344581	0.00460002498778
-ame	0.22550831793	0.0826511750726	0.136651703195	0.555188803802
-usi	0.0242914979757	0.975708502024	0.0	0.0
-iro	0.378109452736	0.422885572139	0.18407960199	0.0149253731343
-uso	0.202162257185	0.33638041663	0.427177639096	0.034279687088
-him	0.0241176943484	0.942680279765	0.0208216094541	0.0123804164322
-ire	0.443181818182	0.465909090909	0.0227272727273	0.0681818181818
-usa	0.0418282906646	0.946922679079	0.00310318076028	0.00814584949575
-ira	0.205767374912	0.759381934562	0.023264689686	0.0115860008396
-use	0.947666195191	0.052333804809	0.0	0.0
-ubu	0.491228070175	0.385964912281	0.0526315789474	0.0701754385965
-ɛtu	0.035175879397	0.941373534338	0.0234505862647	0.0
-koi	0.688373723651	0.186511240633	0.0302379595951	0.0948770761208
-usu	0.0388072665034	0.750848599611	0.156563834169	0.0537802997161
-ɛkɛ	0.116814603667	0.331751752549	0.501615651043	0.0498179927405
-epe	0.932570638171	0.0201558063044	0.00355253632352	0.0437210192009
-wɔy	0.298127380495	0.288819450881	0.30591267582	0.107140492804
-epo	0.642168469598	0.123264775523	0.065462649148	0.169104105731
-ɔta	0.738277410527	0.165166612061	0.0156108466475	0.0809451307649
