-u-u	0.291989168212	0.514190068019	0.117806349816	0.0760144139534
-get	0.108629441624	0.891370558376	0.0	0.0
-het	0.285714285714	0.714285714286	0.0	0.0
-bwa	0.390346274921	0.571878279119	0.0377754459601	0.0
-hem	0.0135060639471	0.947905181918	0.0	0.0385887541345
-hen	0.349846558527	0.143796580447	0.349846558527	0.156510302499
-lek	0.211796054288	0.5689944025	0.125425781137	0.093783762075
-heh	0.127042302908	0.169286769801	0.0228754623097	0.680795464981
-hei	0.64199352882	0.126113086684	0.0313623975525	0.200530986943
-hek	0.819597796795	0.0799490750736	0.0135294107152	0.0869237174161
-950	0.0	0.333333333333	0.0	0.666666666667
-u-i	0.514489788924	0.410692712372	0.036525963594	0.0382915351101
-dre	0.16	0.84	0.0	0.0
-kop	0.00655594405594	0.958041958042	0.00305944055944	0.0323426573427
-oya	0.498378597487	0.450952573976	0.0243210376976	0.0263477908391
-mba	0.6	0.333333333333	0.0666666666668	0.0
-asu	0.241755354093	0.611746156878	0.0361319143345	0.110366574694
-aua	0.0	0.69014084507	0.30985915493	0.0
-dun	0.230606809779	0.64047914544	0.0650053518531	0.0639086929271
-yem	0.227526237207	0.627684339116	0.0465394576105	0.0982499660666
-—iy	0.566666666667	0.366666666667	0.0	0.0666666666667
-pus	0.0850800438905	0.837520749515	0.0703092029373	0.00709000365754
--um	0.413140422158	0.486324447527	0.0620354771579	0.0384996531563
--ul	0.0	1.0	0.0	0.0
--un	0.372674811067	0.270149672657	0.298800513645	0.0583750026313
-siy	0.149684990187	0.695632033026	0.120153969567	0.0345290072197
--uk	0.318914604948	0.271987230646	0.366959297686	0.0421388667199
-dus	0.019801980198	0.950495049505	0.019801980198	0.009900990099
--us	0.398880895284	0.468425259792	0.0775379696244	0.0551558752998
-i-i	0.25498932864	0.686599018984	0.0280825251807	0.0303291271951
-wmi	0.4	0.6	0.0	0.0
-dro	0.0476838707168	0.166053440162	0.0800591186651	0.706203570456
-war	0.122535211268	0.33661971831	0.215492957747	0.325352112676
-pra	0.0626057529611	0.823604060914	0.106175972927	0.00761421319799
-rba	0.0	1.0	0.0	0.0
-sis	0.0579710144928	0.942028985507	0.0	0.0
-sma	0.0	1.0	0.0	0.0
-u-a	0.0	1.0	0.0	0.0
-opa	0.00623700623701	0.989604989605	0.0	0.004158004158
-815	0.0	0.0	0.0	1.0
-deh	0.736436083767	0.0192294244663	0.00394963140378	0.240384860363
-dei	0.525423728814	0.35593220339	0.0508474576271	0.0677966101694
-dek	0.559488426609	0.317649820252	0.0323349399924	0.0905268131469
-403	0.0	1.0	0.0	0.0
-dem	0.333333333333	0.666666666666	0.0	0.0
-den	0.522896115158	0.355164500769	0.0502471659659	0.0716922181071
-400	0.474626865672	0.265671641791	0.0179104477612	0.241791044776
-ima	0.178038291928	0.567202607576	0.237776986496	0.0169821139993
-oko	0.0	0.95041322314	0.0	0.0495867768595
-des	0.0581113801452	0.941888619855	0.0	0.0
-ime	0.142562592047	0.80088365243	0.0282768777614	0.0282768777614
-aka	0.148739535321	0.675594958141	0.141567115041	0.0340983914965
-oke	0.2398961944	0.116599822151	0.0638803694898	0.579623613959
-oka	0.179487179487	0.820512820513	0.0	0.0
-sik	0.129004451836	0.425284961229	0.392902902592	0.0528076843421
-bit	0.00626314268062	0.986119062059	0.00136032058222	0.00625747467819
-obo	0.240855762595	0.485852311939	0.273291925466	0.0
-idi	0.555781751324	0.155814910281	0.0618482958807	0.226555042514
-ide	0.247159090909	0.625	0.127840909091	0.0
-ida	0.00376647834275	0.992467043315	0.0	0.00376647834275
-ait	0.0	0.0	1.0	0.0
-bin	0.060471771826	0.815063502411	0.0310368901156	0.0934278356474
-318	0.0	0.25	0.0	0.75
-bik	0.367647058824	0.485294117647	0.147058823529	0.0
-100	0.0987992270809	0.439189693414	0.150798820281	0.311212259224
-uta	0.0	1.0	0.0	0.0
-tet	0.0337630448128	0.80028647432	0.158583998363	0.0073664825046
-teu	0.61250314163	0.244391507218	0.0813654890562	0.0617398620961
-105	0.0	1.0	0.0	0.0
-rin	0.229021619641	0.62605349945	0.0736533528765	0.0712715280322
-ril	0.0	1.0	0.0	0.0
-rim	0.0	1.0	0.0	0.0
-rik	0.0177683489155	0.611605977661	0.357374701351	0.0132509720726
-rih	0.174573569806	0.684708156908	0.10532758917	0.0353906841163
-rit	0.0574971815107	0.913190529876	0.00450958286358	0.0248027057497
-riu	0.568373493976	0.238855421687	0.119126506024	0.0736445783132
-ris	0.0119489878723	0.945667468229	0.0389589118604	0.00342463203818
-teh	0.622041097272	0.29352984997	0.048888441978	0.03554061078
-tek	0.0350988149474	0.0199818801081	0.00634346430502	0.938575840639
-tel	0.0	1.0	0.0	0.0
-nap	0.025974025974	0.964285714286	0.00649350649352	0.00324675324675
-ten	0.33312788906	0.598459167951	0.04437596302	0.0240369799692
-riy	0.294117647059	0.430848675348	0.113381230355	0.161652447238
-are	0.175801868516	0.213129085684	0.020318743416	0.590750302385
-duk	0.0229957589187	0.529232643118	0.0592137123402	0.388557885623
-ara	0.217638524723	0.614066962369	0.0682223919042	0.100072121004
-jih	0.109564871798	0.862151192899	0.022792142883	0.00549179241988
-mer	0.0	0.990453460621	0.00954653937948	0.0
-wak	0.404255907759	0.483921032365	0.0566352932849	0.0551877665912
-aro	0.123505109807	0.774407479887	0.0348988910633	0.0671885192433
-lut	0.0	1.0	0.0	0.0
-ari	0.0306319815425	0.117000854913	0.0410624385427	0.811304725001
-luw	0.177614702731	0.699646069422	0.10845212196	0.014287105887
-luh	0.678269816093	0.216272988383	0.100312942084	0.00514425344022
-aru	0.119550081252	0.166451267995	0.0373376554498	0.676660995303
-luk	0.223168683601	0.716794349984	0.0288732527432	0.031163713671
-lum	0.312926169762	0.312632259582	0.310251587115	0.0641899835411
-lun	0.125569519952	0.756564611626	0.103999295666	0.0138665727555
-mem	0.762902019447	0.222139117427	0.0149588631264	0.0
-mel	0.0152775420132	0.984722457987	0.0	0.0
-men	0.0604007407302	0.902747414377	0.0122189378634	0.024632907029
-mei	0.238542756276	0.686437630753	0.0308904288703	0.0441291841004
-meh	0.20506117578	0.0268011752555	0.00430738002149	0.763830268943
-jip	0.0093207312686	0.925434149851	0.0623017300586	0.00294338882166
-aye	0.0582306466821	0.895357154469	0.0234093051988	0.0230028936502
-aya	0.0923545875505	0.860768992349	0.0204494450102	0.0264269750901
-nah	0.120495211342	0.723257649683	0.105634070147	0.0506130688276
-pau	0.0	1.0	0.0	0.0
-num	0.244480141623	0.508499024702	0.167193928566	0.0798269051092
-gol	0.054721977052	0.889673433363	0.0423654015887	0.0132391879965
-sbi	0.0	1.0	0.0	0.0
-ubu	0.0422192098387	0.874882615273	0.0217834620145	0.061114712874
-lap	0.0	1.0	0.0	0.0
-dai	0.698844889142	0.232398377882	0.0238157011602	0.0449410318163
-ija	0.00136892539357	0.995893223819	0.00136892539356	0.00136892539357
-oti	0.0239697612243	0.93661841984	0.0131372729787	0.0262745459574
-962	0.0	0.333333333333	0.0	0.666666666667
-uma	0.0	1.0	0.0	0.0
-969	0.0	0.333333333333	0.0	0.666666666667
-keh	0.591443138994	0.292222187035	0.0650315102765	0.0513031636951
-umi	0.0	0.818181818182	0.0363636363636	0.145454545455
-nak	0.251875669882	0.215434083601	0.0257234726688	0.506966773848
ALL	0.242777925919	0.290771906974	0.0518202680822	0.414629899025
-nai	0.231457127827	0.744871120463	0.0205155181483	0.00315623356128
-nan	0.384836670831	0.226382876591	0.13454008295	0.254240369628
-aki	0.301204819277	0.692771084337	0.0	0.00602409638554
-nam	0.61937381554	0.161333307012	0.0739300379027	0.145362839545
-kik	0.513288170922	0.381002009975	0.0387106379811	0.0669991811212
-sir	0.294047760485	0.631982891767	0.0457407627421	0.0282285850065
-ake	0.156756756757	0.681081081081	0.118918918919	0.0432432432432
-sip	0.0189145578989	0.973018627284	0.00318426900655	0.00488254581006
-kin	0.025945945946	0.641801801802	0.321441441441	0.0108108108108
-siu	0.0737894786385	0.806326448795	0.032221520972	0.0876625515943
-840	0.0	1.0	0.0	0.0
-kis	0.143378499049	0.711922972396	0.131109989517	0.0135885390379
-kir	0.0	1.0	0.0	0.0
-sih	0.600576318033	0.328805120213	0.0436649122291	0.0269536495241
-sin	0.116433489839	0.25833606248	0.453184805853	0.172045641828
-sim	0.0	1.0	0.0	0.0
-nas	0.0532258064516	0.911290322581	0.0193548387097	0.0161290322581
-aku	0.653433989436	0.173074867664	0.0229513914281	0.150539751472
-nat	0.0612315101479	0.799793601651	0.138974888201	0.0
-nau	0.246841176445	0.685712332338	0.0292051771804	0.0382413140364
-goi	0.377743746809	0.53190403267	0.0842266462481	0.0061255742726
-gok	0.237968410585	0.56667996773	0.0580838506944	0.137267770991
-mos	0.175925925926	0.824074074074	0.0	0.0
-mor	0.368229587712	0.506871463217	0.0824575586095	0.0424413904608
-gon	0.0	1.0	0.0	0.0
-365	0.0	0.333333333333	0.0	0.666666666667
-ale	0.107648693973	0.116411387735	0.0645399404607	0.711399977832
-lki	0.0	1.0	0.0	0.0
-mon	0.433614359488	0.272223040057	0.0417342860708	0.252428314383
-mok	0.103896103896	0.896103896104	0.0	0.0
-moi	0.6	0.2	0.2	0.0
-yau	0.120071595485	0.831029682295	0.0192164271864	0.0296822950331
-yat	0.0	1.0	0.0	0.0
-yas	0.0952220365744	0.871667918512	0.0239128102151	0.00919723469809
-yar	0.583152066443	0.25311449476	0.105991694681	0.0577417441171
-ber	0.104247104247	0.895752895753	0.0	0.0
-bes	0.710466439135	0.135949943117	0.018771331058	0.134812286689
-bet	0.0828220858895	0.886503067485	0.00306748466258	0.0276073619632
-600	0.0	0.210526315789	0.315789473684	0.473684210526
-bek	0.0854432462387	0.782350259614	0.0956428710182	0.0365636231287
-beh	0.0	1.0	0.0	0.0
-ben	0.285312484608	0.450759202927	0.0488089281862	0.215119384279
-lpa	0.0503355704697	0.94966442953	0.0	0.0
-yam	0.186046511628	0.714189416919	0.093023255814	0.0067408156387
-yan	0.217076948973	0.0554970985504	0.111084898402	0.616341054075
-yah	0.31440032777	0.2344318122	0.126972275736	0.324195584294
-yak	0.0157060533674	0.932589385811	0.0183317656825	0.0333727951388
-iso	0.0590425531915	0.907978723404	0.00106382978723	0.031914893617
-rek	0.41055268575	0.310045830582	0.195556763895	0.0838447197732
-reh	0.415370374097	0.468603894579	0.051650467202	0.0643752641217
-rei	0.136533737464	0.787186702556	0.0295553113046	0.0467242486758
-ren	0.120123394542	0.754824135456	0.0927135622226	0.0323389077795
-isi	0.269662302866	0.58903807973	0.0915844232514	0.049715194152
-rem	0.0	0.935483870968	0.0645161290322	0.0
-rat	0.0454545454545	0.954545454545	0.0	0.0
-ise	0.444444444445	0.111111111111	0.166666666667	0.277777777778
-isa	0.0693769332744	0.885771100309	0.0231992929739	0.0216526734423
--uh	0.105072240772	0.102087212076	0.0743795294734	0.718461017679
-res	0.387433973441	0.501184775633	0.0665819222985	0.0447993286272
-ret	0.0144655269585	0.979898553447	0.00338155175653	0.00225436783769
-reu	0.27881209059	0.216966857254	0.0808630045793	0.423358047577
-ahe	0.181818181818	0.818181818182	0.0	0.0
-bwi	0.63445864445	0.31221401259	0.045123136351	0.00820420660927
-jut	0.02	0.92	0.06	0.0
-hah	0.0	1.0	0.0	0.0
-bwe	0.0968801296984	0.0723457002706	0.0205230841664	0.810251085865
-mas	0.15437638706	0.767399596243	0.0347896226286	0.0434343940685
-hak	0.25529418444	0.527412425957	0.18555667001	0.0317367195927
-mat	0.0	1.0	0.0	0.0
-han	0.559521466267	0.204966088147	0.0503438154274	0.185168630159
-hap	0.0971128608924	0.871391076115	0.00524934383202	0.0262467191601
-mah	0.0	1.0	0.0	0.0
-mak	0.165150264889	0.465210934559	0.0725584072643	0.297080393287
-has	0.432784748248	0.362717940362	0.0822877627505	0.122209548639
-mam	0.0910321061998	0.782379226475	0.0477742341112	0.0788144332139
-hau	0.374823860968	0.38374823861	0.0497886331611	0.191639267262
-man	0.0799176602684	0.690001604021	0.192108217933	0.0379725177779
-182	0.0	0.0	0.0	1.0
-uni	0.808957033069	0.12276101155	0.0348774119499	0.0334045434311
-une	0.203228512743	0.551016865797	0.147684207481	0.0980704139787
-782	0.0	0.333333333333	0.0	0.666666666667
-pta	0.0	1.0	0.0	0.0
-unu	0.129254822583	0.709192528159	0.107977001666	0.0535756475915
-nki	0.0274368231047	0.961732851986	0.00758122743683	0.00324909747292
-him	0.0	0.974322396576	0.0256776034237	0.0
-ade	0.335787116831	0.53942966984	0.0939632630488	0.03081995028
-tra	0.0	1.0	0.0	0.0
-500	0.163043478261	0.255434782609	0.0978260869565	0.483695652174
-ada	0.118855186988	0.396714303907	0.0640050686166	0.420425440488
-ado	0.117665600449	0.0782811023043	0.0213839548486	0.782669342398
-gai	0.0	1.0	0.0	0.0
-adi	0.59423847717	0.270158211054	0.0688586972936	0.0667446144819
-147	0.0	0.0	0.0	1.0
-144	0.0229885057471	0.103448275862	0.0	0.873563218391
-adu	0.0375089108809	0.342842427257	0.0179804240061	0.601668237856
-gar	0.0	1.0	0.0	0.0
-137	0.2	0.0	0.0	0.8
-nor	0.0	1.0	0.0	0.0
-ini	0.658232555132	0.248932936688	0.0535471771325	0.0392873310483
-sem	0.13262278205	0.783806697753	0.0284624235451	0.0551080966511
-sel	0.0511812540949	0.897753112113	0.0316799630015	0.0193856707905
-sek	0.400874998037	0.353046770785	0.195361004855	0.0507172263238
-bel	0.122807017544	0.835087719298	0.0421052631579	0.0
-sei	0.614379084967	0.284722222222	0.0661764705882	0.0347222222222
-seh	0.293948126801	0.559077809798	0.125360230548	0.021613832853
-ina	0.0	1.0	0.0	0.0
-lba	0.0157068062827	0.900047596383	0.0842455973346	0.0
-ine	0.219969132187	0.47648804673	0.0431106642077	0.260432156875
-nou	0.152979066022	0.735909822867	0.0386473429952	0.0724637681159
-ohe	0.5	0.5	0.0	0.0
-800	0.0	1.0	0.0	0.0
-807	0.0	1.0	0.0	0.0
-oha	0.265009660286	0.606232843199	0.0681349513142	0.0606225452008
-seu	0.338496026085	0.219516337205	0.412098362883	0.0298892738265
-oho	0.125917212867	0.517637105572	0.0401394174647	0.316306264096
-ses	0.00787288048682	0.726995501296	0.0033101883865	0.261821429831
-ser	0.0	1.0	0.0	0.0
-omi	0.0	0.705490848586	0.0	0.294509151414
-sep	0.0239934711643	0.946028291621	0.00620239390642	0.023775843308
-lat	0.0240138974045	0.908031882281	0.0394441038218	0.028510116493
-kut	0.0	0.818181818182	0.181818181818	0.0
-kus	0.045545212766	0.931017287234	0.0124667553191	0.0109707446808
-ede	0.276158445441	0.422272047833	0.0209267563528	0.280642750374
-edi	0.00881834215167	0.991181657848	0.0	0.0
-ner	0.0	1.0	0.0	0.0
-nes	0.0466926070039	0.892347600519	0.0350194552529	0.0259403372244
-diy	0.462909768014	0.330767198454	0.0833577622708	0.122965271261
-nen	0.208462513102	0.279613485872	0.15180342144	0.360120579586
-nem	0.129374383257	0.633540539683	0.0280632426433	0.209021834418
-nek	0.127915170503	0.343093162428	0.0445957000494	0.48439596702
-neh	0.418241885494	0.32645345867	0.166683696059	0.0886209597766
-nei	0.714475938574	0.190064016545	0.0456918839895	0.0497681608908
-kun	0.0964029643912	0.803880219317	0.0560342230524	0.0436825932398
-kum	0.342587656042	0.424758431817	0.0430419705493	0.189611941591
-kuk	0.28	0.56	0.16	0.0
-aon	0.377777777778	0.355555555556	0.177777777778	0.0888888888889
-ban	0.0143375606486	0.969729428904	0.00434048295394	0.0115925274933
-eka	0.0335497835498	0.827922077922	0.00974025974025	0.128787878788
-bam	0.0	1.0	0.0	0.0
-bak	0.119205298013	0.53642384106	0.344370860927	0.0
-bah	0.182735036954	0.377681819652	0.0230059319866	0.416577211408
-bai	0.13993237009	0.0740506330517	0.145824275533	0.640192721326
-hok	0.578933534985	0.190245968283	0.0559946595062	0.174825837225
-hon	0.266442408073	0.433168405937	0.0769172309797	0.22347195501
-jor	0.121899942325	0.836424863718	0.0228841466818	0.0187910472753
-hom	0.396976090014	0.456751054852	0.0808720112517	0.0654008438818
-hor	0.0287206266318	0.971279373368	0.0	0.0
-hos	0.0564516129032	0.917050691244	0.0138248847926	0.0126728110599
-jon	0.0305035921135	0.938701269315	0.0139115526372	0.0168835859344
-hou	0.187202860261	0.422471531118	0.0241025236071	0.366223085013
-isk	0.0	1.0	0.0	0.0
-bar	0.222805429864	0.595294117647	0.129773755656	0.0521266968326
-bas	0.020279528638	0.967525349411	0.00534392984379	0.00685119210743
-bap	0.0	1.0	0.0	0.0
-905	0.0	1.0	0.0	0.0
-dru	0.438078371276	0.15282162206	0.0877290845901	0.321370922075
-ase	0.309786276715	0.56670416198	0.0499437570304	0.0735658042745
-nya	0.602350942834	0.0303212555733	0.00645953992659	0.360868261666
-uku	0.246313577879	0.0280878337039	0.0124299856657	0.713168602752
-asa	0.155170443725	0.683793563131	0.102380498953	0.0586554941916
-nye	0.232615277315	0.59552681218	0.0844072471349	0.0874506633696
-aso	0.0438249118981	0.0423092988393	0.00948954353987	0.904376245723
-yep	0.0084388185654	0.991561181435	0.0	0.0
-yer	0.320196171879	0.598655907053	0.0497031016539	0.0314448194137
-yeu	0.0480664699958	0.926861019979	0.0128610284583	0.0122114815665
-153	0.046511627907	0.046511627907	0.046511627907	0.860465116279
-asi	0.0793932061741	0.867811648306	0.0333923726304	0.0194027728893
-930	0.0	0.428571428571	0.0	0.571428571429
-yei	0.0196078431373	0.960784313725	0.0196078431373	0.0
-yeh	0.135088154954	0.64103837558	0.161219460946	0.0626540085194
-yek	0.224923298046	0.73925481633	0.0124381547306	0.0233837308936
-dra	0.262303506425	0.335836892968	0.0721708584798	0.329688742127
-yel	0.0361337125362	0.940192475802	0.0186898513118	0.00498396034983
-yen	0.262928865084	0.45629781409	0.0625069847347	0.218266336091
-lta	0.140776699029	0.830097087379	0.0	0.0291262135922
-dri	0.161812029908	0.0864603857184	0.0174811485611	0.734246435813
-ihi	0.534120047794	0.35552512519	0.0855182783572	0.0248365486595
-430	0.348214285714	0.214285714286	0.0	0.4375
-rau	0.0113737734166	0.968554861731	0.0147190008921	0.00535236396075
-rar	0.0	1.0	0.0	0.0
-ras	0.0538221437176	0.839688963703	0.0623913222344	0.0440975703446
-ran	0.369670563904	0.448732386723	0.0705254420692	0.111071607303
-eri	0.0126811594203	0.661231884058	0.326086956522	0.0
-ral	0.018691588785	0.682242990654	0.299065420561	0.0
-ram	0.0814258082842	0.718819461039	0.106831922884	0.0929228077927
-rak	0.157709193637	0.611652572937	0.0169467448819	0.213691488544
-rah	0.179958356578	0.672260885629	0.0984265822344	0.0493541755589
-rai	0.250393700787	0.399212598425	0.317322834646	0.0330708661417
-era	0.0	1.0	0.0	0.0
-iwi	0.0506164828034	0.941596365996	0.00778715120051	0.0
-ere	0.357939004325	0.213828076694	0.0846902233554	0.343542695625
-pos	0.046511627907	0.953488372093	0.0	0.0
-pou	0.542036773013	0.330450269902	0.0318782392712	0.0956347178135
-pon	0.101508916324	0.861454046639	0.037037037037	0.0
-pol	0.0317525773196	0.901492004221	0.00272749411478	0.0640279243445
-bon	0.0387096774194	0.909677419355	0.0	0.0516129032258
-150	0.2	0.448275862069	0.103448275862	0.248275862069
-119	0.0	0.0	0.0	1.0
-ika	0.0347826086956	0.954422788606	0.0	0.0107946026986
-iko	0.0202702702703	0.97972972973	0.0	0.0
-lam	0.127853881279	0.829337899543	0.0273972602739	0.0154109589041
-lan	0.359389167595	0.331547989762	0.0674964828761	0.241566359767
-nos	0.0289855072464	0.971014492754	0.0	0.0
-lah	0.712920123886	0.191271874482	0.0347315158235	0.0610764858079
-lai	0.0514285714286	0.0685714285714	0.725714285714	0.154285714286
-iki	0.317901234568	0.595679012346	0.0246913580247	0.0617283950617
-lak	0.187874312905	0.650586594471	0.0991330981485	0.0624059944759
-noh	0.185698782483	0.235950339504	0.219269547038	0.359081330975
-lau	0.0325933412869	0.503634216369	0.0157300564602	0.448042385884
-nok	0.0344827586207	0.948275862069	0.0	0.0172413793104
-iks	0.0861980502822	0.842996408415	0.015392508979	0.0554130323243
-non	0.0	0.966101694915	0.0338983050847	0.0
-las	0.0641907381935	0.904276969361	0.0174553761754	0.0140769162705
-bok	0.357985230905	0.608949630773	0.0304199272567	0.0026452110658
-dot	0.0344827586207	0.896551724138	0.0344827586207	0.0344827586207
-ahi	0.142848792318	0.0803973937826	0.0174804641327	0.759273349767
-aho	0.0	0.0	0.991137370753	0.00886262924667
-ato	0.189744820823	0.288966411964	0.10761860009	0.413670167123
-bol	0.0886400746442	0.883368322837	0.0209937018894	0.00699790062982
-geb	0.142857142857	0.380952380952	0.380952380952	0.095238095238
--ik	0.345929686031	0.204737732657	0.336529422824	0.112803158488
-aha	0.065025493055	0.0688761434963	0.0132304892927	0.852867874156
--im	0.236016371078	0.50204638472	0.143246930423	0.118690313779
--in	0.161302217266	0.396335816478	0.299985412803	0.142376553453
-bot	0.0	1.0	0.0	0.0
-bou	0.0787723785166	0.910997442455	0.00613810741685	0.00409207161125
--is	0.262725779967	0.609195402299	0.128078817734	0.0
--ir	0.0	1.0	0.0	0.0
--iu	0.396159202374	0.100056511999	0.0327971421075	0.47098714352
-bor	0.0	0.333333333333	0.666666666667	0.0
-bos	0.391845979615	0.516421291053	0.0781426953567	0.0135900339751
-don	0.34997008968	0.47262989604	0.0390098962626	0.138390118017
-180	0.0	0.0	0.0	1.0
-dom	0.0246409754176	0.963859902721	0.00328546338901	0.00821365847253
-dok	0.404319068213	0.318079077086	0.19389063384	0.0837112208617
-doh	0.0755880554291	0.0286864852161	0.0182488788888	0.877476580466
-ahu	0.0923765759396	0.827402694317	0.0420250579317	0.0381956718118
-sas	0.0438596491229	0.649122807018	0.0497076023391	0.25730994152
-sar	0.500991618581	0.354301830757	0.115107483481	0.029599067181
-sau	0.114295017909	0.819602735265	0.0231195050472	0.0429827417779
-sat	0.0	1.0	0.0	0.0
-ton	0.353114754098	0.459180327869	0.166721311475	0.0209836065574
-tok	0.64875	0.26125	0.06375	0.02625
-toh	0.414390756303	0.363445378151	0.189075630252	0.0330882352941
-mpa	0.0	1.0	0.0	0.0
--iy	0.219172102595	0.134459726118	0.0605756281379	0.585792543149
-tou	0.84103344809	0.0591040725939	0.0215035745373	0.0783589047789
-oks	0.0430622009569	0.956937799043	0.0	0.0
-olo	0.036399463257	0.00715586905551	0.00274270087998	0.953701966808
-sak	0.623458816203	0.181112766262	0.154686461147	0.0407419563882
-ola	0.37245890915	0.408798757053	0.137460135743	0.0812821980538
-sai	0.253620821808	0.441843569834	0.25977938481	0.0447562235478
-sah	0.0653365563359	0.0404836588381	0.00795859156222	0.886221193264
-san	0.143257971748	0.449216532191	0.0581451989269	0.349380297135
-sam	0.0614203454894	0.892514395393	0.0218809980806	0.0241842610365
-sal	0.0	1.0	0.0	0.0
-rot	0.0278767422964	0.923557722358	0.0421901368836	0.0063753984624
-rou	0.606084707482	0.296025693955	0.0302001117129	0.0676894868495
-lom	0.717877692107	0.209655209843	0.0150529155663	0.0574141824833
-lok	0.329896907216	0.154639175258	0.474226804124	0.0412371134021
-loh	0.520824615349	0.143929450623	0.0568219741276	0.2784239599
-loi	0.0	0.980769230769	0.0192307692308	0.0
-air	0.00560224089636	0.987675070028	0.0	0.00672268907563
-der	0.0	1.0	0.0	0.0
-187	0.0	0.0	0.0	1.0
-hai	0.7	0.3	0.0	0.0
-rom	0.0913871501684	0.7193660699	0.147828237667	0.0414185422652
-ron	0.09267251843	0.86373071132	0.0221901404417	0.0214066298082
-lou	0.455167782626	0.403401609604	0.0650087827079	0.076421825063
-roh	0.495790394157	0.434773815534	0.0269463354462	0.0424894548634
-roi	0.119524258125	0.816886481394	0.049458313707	0.0141309467734
-rok	0.17960096868	0.652245548155	0.0483877509993	0.119765732166
-mar	0.197277760317	0.383265237048	0.363730870585	0.0557261320504
-ipa	0.0303091533643	0.943624974742	0.0212164073551	0.00484946453829
-ham	0.0391307085893	0.907872514613	0.0401898426184	0.0128069341791
-ewa	0.284839203675	0.485451761103	0.119448698315	0.110260336907
-mai	0.597226837716	0.186730126302	0.102683280958	0.113359755023
-awi	0.438109769925	0.251178410889	0.0917040963302	0.219007722856
-awa	0.111312792826	0.392883738248	0.0439821278973	0.451821341028
-har	0.0	1.0	0.0	0.0
-awe	0.00871381894274	0.00717595984415	0.00195185678191	0.982158364431
-sup	0.0	1.0	0.0	0.0
-830	0.0	1.0	0.0	0.0
-hat	0.0	1.0	0.0	0.0
-deu	0.666864125219	0.159962740217	0.0343507613	0.138822373264
-276	0.0	0.246575342466	0.0	0.753424657534
-pim	0.0	1.0	0.0	0.0
-kiy	0.70961307365	0.215451071247	0.0642179735625	0.0107178815403
-bis	1.0	0.0	0.0	0.0
-oli	0.0	1.0	0.0	0.0
-ank	0.272870043188	0.510797016097	0.0946211228896	0.121711817825
-209	0.0	0.857142857143	0.0	0.142857142857
-ibo	0.360602148747	0.145769134671	0.253539601899	0.240089114683
-eya	0.429164200611	0.45715233139	0.070814597173	0.0428688708263
-dou	0.0	1.0	0.0	0.0
-205	0.0	1.0	0.0	0.0
-207	0.0	1.0	0.0	0.0
-ibi	0.142857142857	0.857142857143	0.0	0.0
-leh	0.225710581373	0.668005859462	0.0733936967578	0.0328898624076
-lei	0.518898618145	0.359663982364	0.0680767293696	0.053360670121
-oba	0.00763196947213	0.988976044096	0.00211999152004	0.00127199491202
-lel	0.0	1.0	0.0	0.0
-lem	0.0729411958772	0.8792353732	0.0329516431008	0.0148717878224
-len	0.0774022814417	0.544785348219	0.0531339057069	0.324678464632
-mum	0.0	0.980392156863	0.0196078431372	0.0
-mul	0.0	1.0	0.0	0.0
-mun	0.187730159577	0.377968724983	0.415621497572	0.0186796178684
-lee	0.316083916084	0.6	0.0335664335664	0.0503496503497
-muk	0.25303514377	0.580830670927	0.112460063898	0.0536741214057
-mus	0.0743801652893	0.861487603306	0.0228099173554	0.0413223140496
-ibe	0.0555984555984	0.925868725869	0.00926640926641	0.00926640926641
-lep	0.0	1.0	0.0	0.0
-les	0.594894536295	0.209028140793	0.0421729196721	0.153904403241
-leu	0.395660563567	0.322268703325	0.190155989925	0.0919147431837
--eu	0.0354274917336	0.78460085026	0.179971658007	0.0
--es	0.333333333333	0.452380952381	0.119047619048	0.095238095238
--er	0.188700999231	0.792083013067	0.0169100691776	0.00230591852422
-alu	0.285999928589	0.29849680437	0.0875495411861	0.327953725854
-ole	0.063829787234	0.914893617021	0.0212765957447	0.0
-ali	0.203459158307	0.725665121035	0.0433717096564	0.0275040110016
--em	0.209657563093	0.624566689345	0.0408202935174	0.124955454045
--el	0.0359654829563	0.921053923675	0.0206463967005	0.0223341966686
--en	0.383723451604	0.277984147159	0.128642757843	0.209649643393
--ei	0.378531934101	0.165196303114	0.0866273813041	0.36964438148
--eh	0.466477449929	0.116619968584	0.0307409606343	0.386161620852
--ek	0.322165520302	0.378966052807	0.077213223874	0.221655203018
-ala	0.357731426025	0.0946155920671	0.0190998763091	0.528553105599
-lon	0.25382628325	0.398142904795	0.166021518722	0.182009293233
-127	0.0	0.0	0.0	1.0
-120	0.0252100840336	0.176470588235	0.0	0.798319327731
-yos	0.0	0.935483870968	0.0645161290323	0.0
-yor	0.41095890411	0.58904109589	0.0	0.0
-you	0.137023949745	0.594424813506	0.157047506871	0.111503729878
-yot	0.0166051660517	0.976014760148	0.00369003690037	0.00369003690037
-yok	0.194791295041	0.788084195505	0.00713521227257	0.00998929718158
-yon	0.132122695079	0.766990665507	0.0785751710823	0.022311468332
-yom	0.0	1.0	0.0	0.0
-gwa	0.133797507259	0.785316229261	0.0275777607879	0.0533085026924
-pel	0.0	1.0	0.0	0.0
-pen	0.0814479638009	0.855203619909	0.054298642534	0.00904977375567
-ros	0.0	1.0	0.0	0.0
-pek	0.4	0.36875	0.125	0.10625
-pet	0.0734439912025	0.91174314341	0.00860950805497	0.00620335733218
-peu	0.670807453416	0.274844720497	0.0170807453416	0.0372670807454
-iyo	0.0307692307692	0.923076923077	0.0410256410256	0.00512820512821
-eli	0.0235294117647	0.964705882353	0.0117647058824	0.0
-elo	0.0174798078082	0.966883083335	0.00719858094959	0.00843852790742
-per	0.0	1.0	0.0	0.0
-pes	0.0858895705521	0.865030674847	0.0	0.0490797546012
-iye	0.82110086251	0.101018034262	0.0219925879713	0.0558885152564
-ori	0.0	1.0	0.0	0.0
-ela	0.0	1.0	0.0	0.0
-iya	0.0834960943049	0.609206224412	0.0314904123296	0.275807268953
-ele	0.155782096209	0.649569926728	0.143357757248	0.0512902198152
-abu	0.285714285714	0.714285714286	0.0	0.0
-ter	0.0169491525424	0.915254237288	0.0677966101695	0.0
-esi	0.00211416490486	0.989429175476	0.0	0.00845665961944
-k20	0.0323861664803	0.862358792459	0.0485792497205	0.0566757913406
-esa	0.0	0.985074626866	0.0149253731343	0.0
-ese	0.336834455956	0.28923222681	0.181251636253	0.19268168098
-ita	0.0271964484395	0.946345177828	0.0100281889526	0.01643018478
-rum	0.125	0.625	0.125	0.125
-spa	0.0553846153846	0.907692307692	0.0369230769231	0.0
-jam	0.111111111111	0.388888888889	0.0	0.5
-udu	0.193969191867	0.0264179906155	0.0105703813642	0.769042436153
-666	0.0377358490566	0.0	0.0	0.962264150943
-uda	0.0197260273973	0.975342465753	0.00493150684931	0.0
-udi	0.394029096942	0.28171436143	0.0332026224119	0.291053919215
-hul	0.0	1.0	0.0	0.0
-hum	0.0	1.0	0.0	0.0
-hun	0.632010405376	0.256973022632	0.0315062284465	0.0795103435455
-woi	0.916666666667	0.0833333333333	0.0	0.0
-abe	0.122928665431	0.104221206504	0.409667878925	0.36318224914
-pwa	0.0643623361144	0.903456495828	0.0321811680572	0.0
-aba	0.130710909012	0.110717875051	0.154469500194	0.604101715742
-won	0.57180156658	0.0626631853785	0.365535248042	0.0
-abo	0.354049017446	0.306418187303	0.134586531128	0.204946264122
-lot	0.0275315055473	0.900771865423	0.0619458874814	0.009750741548
-kob	0.260504201681	0.705882352941	0.0168067226891	0.0168067226891
-sou	0.286005014396	0.567591910946	0.113780681738	0.0326223929201
-kol	0.0	1.0	0.0	0.0
-kon	0.0572352873653	0.364344843404	0.0259591194441	0.552460749787
-aem	0.558441558442	0.337662337662	0.0519480519481	0.0519480519481
-tum	0.295930949445	0.562268803946	0.104808877929	0.0369913686806
-sos	0.52995158317	0.238447825294	0.0552539351336	0.176346656403
-sor	0.135714285714	0.764285714286	0.0857142857142	0.0142857142857
-kou	0.122966859444	0.505636173128	0.0661393127081	0.305257654719
-sol	0.0639387767697	0.920878849596	0.0081466395112	0.00703573412331
-tur	0.647522342802	0.110489873197	0.135961030671	0.10602675333
-son	0.27297817242	0.348989689778	0.306371396696	0.0716607411059
-soh	0.405911485567	0.490696710799	0.0568260294785	0.046565774156
-kos	0.224573045398	0.672954678103	0.0528237368995	0.0496485395996
-tuw	0.43023255814	0.389534883721	0.0348837209302	0.145348837209
-ora	0.0668151447662	0.886414253898	0.0155902004454	0.0311804008909
-ore	0.45409950946	0.29152067274	0.2032235459	0.0511562718991
-liy	0.25539737487	0.110659568146	0.0335761992251	0.600366857759
-min	0.00243704305443	0.946385052803	0.0438667749796	0.00731112916329
-lit	0.0	1.0	0.0	0.0
-liu	0.336958507881	0.49159126439	0.115143845212	0.056306382518
-jeh	0.857142857143	0.142857142857	0.0	0.0
-pwe	0.37864369428	0.290393669238	0.131824100972	0.19913853551
-lip	0.0310667766242	0.929676114732	0.0358680057389	0.00338910290446
-rut	0.00750562922192	0.538403802852	0.00375281461095	0.450337753315
-lis	0.0689149560117	0.82991202346	0.0058651026393	0.0953079178885
-jer	0.0344827586207	0.931034482759	0.0344827586207	0.0
-lim	0.230431952918	0.578479539365	0.129014253892	0.0620742538253
-lin	0.0893253865533	0.644565900359	0.233081100472	0.033027612616
-run	0.395387149918	0.446457990115	0.0988467874794	0.0593080724876
-lik	0.132319659572	0.741269286873	0.108620844889	0.0177902086674
-kek	0.0681338404004	0.856505823101	0.0443789087516	0.0309814277469
-ome	0.0	0.961904761905	0.0190476190476	0.0190476190476
-huw	0.0289547422943	0.0276810732784	0.140613059353	0.802751125074
--ap	0.190476190476	0.190476190476	0.539682539683	0.0793650793651
--ar	0.340402969247	0.290562036055	0.199893955461	0.169141039237
--au	0.545393521114	0.126530032123	0.0643519157192	0.263724531044
-abi	0.0533558083273	0.895503338488	0.0101395724312	0.0410012807533
-oda	0.142859231748	0.746304230212	0.0780096214304	0.0328269166094
--ak	0.447581772435	0.231478892927	0.289069052278	0.0318702823595
-gat	0.0	1.0	0.0	0.0
--al	0.0875	0.8625	0.05	0.0
--an	0.131177884613	0.306872481299	0.445418944221	0.116530689867
-rni	0.0	1.0	0.0	0.0
-odo	0.280575539568	0.374100719424	0.31654676259	0.0287769784172
-uri	0.577063323721	0.078131827101	0.0109630830096	0.333841766169
-pam	0.0850245457766	0.904347386001	0.0106280682221	0.0
-ura	0.0	1.0	0.0	0.0
-162	0.0	0.2	0.0	0.8
-ehe	0.239575129454	0.207653815463	0.0731239977429	0.47964705734
-ure	0.0904522613066	0.698492462311	0.211055276382	0.0
-uru	0.056308378063	0.0981840363744	0.00683555763206	0.838672027931
-pah	0.0307692307692	0.907692307692	0.0	0.0615384615385
-pai	0.0288659793814	0.956288659794	0.0	0.0148453608247
-wau	0.197183098592	0.676056338028	0.12676056338	0.0
-apa	0.0522397763474	0.627722514791	0.0695663480919	0.25047136077
-was	0.160669930216	0.684268080302	0.114184078014	0.0408779114688
-mes	0.0639611821791	0.816938685488	0.119100132333	0.0
-pan	0.457156886816	0.527375398969	0.010311809477	0.00515590473852
-wap	0.0301507537688	0.954773869347	0.0150753768844	0.0
-api	0.557744524147	0.279182426802	0.0728624261716	0.0902106228791
-895	0.0	0.4	0.4	0.2
-tuh	0.5	0.455919395466	0.0251889168766	0.0188916876574
-wab	0.0	0.857142857143	0.142857142857	0.0
-wan	0.190898527351	0.55310287822	0.0690853436156	0.186913250814
-wam	0.145220588235	0.718846749226	0.0740131578947	0.0619195046439
-pas	0.028564942681	0.934357383376	0.0317808633801	0.00529681056335
-pat	0.0	0.988326848249	0.011673151751	0.0
-dum	0.0921810159594	0.676710351502	0.0387094657766	0.192399166762
-wai	0.213497406676	0.166571319242	0.0569053635768	0.563025910505
-wah	0.19334542428	0.67856921032	0.0998248468963	0.0282605185029
-nun	0.264317180617	0.387665198238	0.348017621145	0.0
-lus	0.0666128381106	0.882115462253	0.0331045619701	0.0181671376665
-sen	0.257844974344	0.506127295727	0.190575505061	0.0454522248673
-suw	0.56043956044	0.43956043956	0.0	0.0
-ken	0.380225493927	0.184261275843	0.101428097638	0.334085132593
-kem	0.0118343195266	0.988165680473	0.0	0.0
-kel	0.16029143898	0.817850637523	0.0072859744991	0.0145719489982
-sus	0.0566851196623	0.919376774055	0.0191978872166	0.00474021906584
-sur	0.0371517027864	0.925696594427	0.0371517027864	0.0
-kei	0.369658782736	0.471161946748	0.0712947327907	0.0878845377254
-sop	0.0	0.943396226415	0.0566037735849	0.0
-sun	0.156278442843	0.719424160524	0.112451278061	0.0118461185724
-keu	0.63768115942	0.199677938808	0.0579710144927	0.104669887279
-suk	0.327272727273	0.563636363636	0.109090909091	0.0
-tun	0.0374180770888	0.764855732525	0.115973361353	0.0817528290334
-kep	0.377833753149	0.151133501259	0.0151133501259	0.455919395466
-nuw	0.126842340331	0.760160786065	0.064761054042	0.0482358195623
-aen	0.0375488419346	0.944202089084	0.00796323010101	0.0102858388805
-601	0.0	0.333333333333	0.0	0.666666666667
-nus	0.0504908835904	0.907433380084	0.0336605890603	0.00841514726507
-som	0.759878419453	0.148936170213	0.0	0.0911854103343
-kot	0.0	1.0	0.0	0.0
-dim	0.0	1.0	0.0	0.0
-din	0.505529291364	0.211252491185	0.124521271233	0.158696946218
-dih	0.0925657782934	0.449530269685	0.0457006649405	0.412203287081
-dik	0.281173594132	0.551344743276	0.062347188264	0.105134474328
-dit	0.0	1.0	0.0	0.0
-diu	0.104147075418	0.854946398345	0.024684972729	0.0162215535076
-tus	0.0550220314089	0.916393627839	0.0186419613603	0.00994237939216
-dis	0.0522875816993	0.928104575163	0.0130718954248	0.00653594771241
-sli	0.0	1.0	0.0	0.0
-oro	0.105900426952	0.0799819583626	0.00738971536629	0.80672789932
-ska	0.0	1.0	0.0	0.0
--ou	0.211698934837	0.581468211584	0.177354021776	0.0294788318034
--os	0.672610556348	0.295292439372	0.00855920114123	0.0235378031384
--or	0.060606060606	0.939393939394	0.0	0.0
-kim	0.0	1.0	0.0	0.0
-kor	0.473684210526	0.0631578947368	0.315789473684	0.147368421053
-uka	0.119156106535	0.165907254251	0.682439519249	0.0324971199642
--on	0.149424218619	0.433581069519	0.171930807973	0.245063903889
-uki	0.550131517871	0.269031409562	0.0622775800712	0.118559492496
-ing	0.0977995110025	0.861450692747	0.0	0.040749796251
--ok	0.536489576038	0.312872898139	0.0406033671136	0.110034158709
--oh	0.514149966764	0.270467597284	0.0430437957	0.172338640252
-tiu	0.0645569620253	0.927848101266	0.00759493670885	0.0
-ais	0.00670479455837	0.971917895379	0.0059784918354	0.0153988182274
-tis	0.00501253132832	0.944862155389	0.0501253132832	0.0
-mek	0.418681249255	0.409246397739	0.126123484185	0.0459488688212
-til	0.0	1.0	0.0	0.0
-tim	0.0427487933808	0.932429326592	0.0165479200184	0.00827396000919
-tin	0.0911213145075	0.445759326328	0.0491676569099	0.413951702255
-ain	0.25	0.5	0.25	0.0
-tik	0.0715792957922	0.864330340519	0.0434027059456	0.0206876577434
-eme	0.227837972118	0.0191354570989	0.000991819186317	0.752034751597
-uwe	0.372737408466	0.50949500566	0.0567843707779	0.0609832150961
-ema	0.0	1.0	0.0	0.0
-uwa	0.159828269905	0.698987118683	0.0479395619832	0.093245049429
-kes	0.587648174002	0.106227218089	0.030624669494	0.275499938415
-uwi	0.420915662098	0.215784767244	0.0645778519143	0.298721718744
-260	0.0613718411552	0.223826714801	0.043321299639	0.671480144404
-uli	0.384615384615	0.384615384615	0.230769230769	0.0
-das	0.0739365910059	0.898831619303	0.00958437290817	0.0176474167833
-jah	0.184364060677	0.658109684947	0.0700116686114	0.0875145857644
-jai	0.197593413553	0.703609879671	0.0493983533882	0.0493983533882
-dal	0.0	1.0	0.0	0.0
-set	0.0	1.0	0.0	0.0
-ana	0.53016998695	0.341835572894	0.0544852294974	0.0735092106583
-ker	0.545886220436	0.283261802575	0.0451100356132	0.125741941375
-int	0.0875912408758	0.912408759124	0.0	0.0
-rus	0.0440917107584	0.908485204781	0.00940623162845	0.0380168528317
-los	0.0748051948052	0.898701298701	0.00935064935065	0.0171428571429
-ane	0.202813873373	0.0394010009052	0.00516386807957	0.752621257643
-rsa	0.0	1.0	0.0	0.0
-000	0.112417213071	0.344638469254	0.01733981037	0.525604507305
-eta	0.0	1.0	0.0	0.0
-o-o	0.387518142235	0.465529753266	0.105224963716	0.0417271407838
-jel	0.0	0.897310513447	0.0	0.102689486553
-o-a	0.461538461538	0.423076923077	0.115384615385	0.0
-ruu	0.0782608695652	0.54347826087	0.352173913044	0.0260869565217
-buk	0.253684695545	0.675024678342	0.0277444389108	0.0435461872027
-atu	0.0923630547781	0.803178728509	0.0512794882047	0.0531787285086
-bun	0.0712202524611	0.693120950297	0.18318298041	0.0524758168322
-bul	0.0324324324324	0.956756756757	0.0108108108108	0.0
-ruk	0.477531895676	0.390181024425	0.0859960106883	0.0462910692108
-wes	0.0952804986643	0.629563668744	0.26981300089	0.0053428317008
-wer	0.417370099418	0.475708122303	0.0562746201464	0.0506471581318
-bum	0.266666666667	0.6	0.133333333333	0.0
-uye	0.586826347305	0.245508982036	0.0239520958084	0.14371257485
-ruh	0.144438338959	0.751367192611	0.038202894	0.0659915744302
-weu	0.126795905225	0.319210356849	0.528649360839	0.0253443770864
-wek	0.266496844375	0.106993224863	0.0406714848482	0.585838445914
-wei	0.596556530374	0.28561878445	0.0675648266989	0.0502598584773
-weh	0.0444444444444	0.92	0.0266666666667	0.00888888888889
-wen	0.116729108254	0.185276155362	0.101457784216	0.596536952168
-wem	0.147205062528	0.20765406057	0.0575561247551	0.587584752147
-wel	0.0282870612886	0.959140911472	0.0	0.0125720272394
-lih	0.463790677484	0.335688411221	0.0944825315091	0.106038379786
-oma	0.0	1.0	0.0	0.0
-ati	0.239263025315	0.465644910519	0.103736545621	0.191355518544
-ose	0.404931545124	0.376851075719	0.120704107293	0.0975132718637
-nis	0.00869565217391	0.973913043478	0.0173913043478	0.0
-k10	0.498020728372	0.436483374118	0.0453433136605	0.0201525838491
-osa	0.585503074709	0.265340834751	0.112521261285	0.0366348292555
-kan	0.407555779111	0.541932957281	0.022343261596	0.028168002012
-kam	0.0	0.8	0.2	0.0
-niu	0.0516576715497	0.932151117965	0.00809560524286	0.00809560524288
-oso	0.525447968369	0.268023891646	0.0891730461849	0.1173550938
-niy	0.505386624962	0.281855373296	0.139472889157	0.0732851125842
-osi	0.138613861386	0.811881188119	0.0	0.049504950495
-kas	0.0431654676259	0.956834532374	0.0	0.0
-nik	0.67383610128	0.224748162265	0.0687448951811	0.0326708412742
-nin	0.203135599608	0.733926283259	0.0327881209015	0.0301499962312
-kom	0.503246753247	0.321428571429	0.077922077922	0.0974025974026
-kau	0.269822848301	0.661117336321	0.0417533749533	0.0273064404247
-nim	0.372170997485	0.40821458508	0.155909471919	0.0637049455155
-300	0.0689655172414	0.48132183908	0.191091954023	0.258620689655
-uhi	0.797974689965	0.120293429897	0.0425366176153	0.0391952625227
-yum	0.0336538461539	0.927884615385	0.0336538461539	0.00480769230769
-mre	0.0	1.0	0.0	0.0
-ata	0.031654811814	0.953083046776	0.00593527721513	0.0093268641952
-ile	0.0330365012516	0.0105904660038	0.00372411895783	0.952648913787
-ila	0.023755139333	0.973503883052	0.0	0.00274097761535
-ilo	0.124675324675	0.812987012987	0.0155844155844	0.0467532467532
-yus	0.0736405725894	0.857880190863	0.044361506118	0.0241177304294
-yur	0.695238095238	0.266666666667	0.0380952380952	0.0
-yut	0.0	1.0	0.0	0.0
-ili	0.230684503393	0.0965451511781	0.0105926049419	0.662177740487
-ebi	0.00859598853867	0.991404011461	0.0	0.0
-110	0.0	0.0	0.0	1.0
-bus	0.0	0.98275862069	0.0172413793103	0.0
-eba	0.00824175824174	0.95467032967	0.0370879120879	0.0
-amu	0.064956049638	0.375840227508	0.530280506722	0.0289232161323
-ami	0.0590305569942	0.903750176562	0.00360186449457	0.0336174019493
-amo	0.447368421053	0.368421052632	0.131578947368	0.0526315789474
-tuk	0.348153730219	0.452901281085	0.103993971364	0.0949510173323
-ama	0.03175838828	0.87884689658	0.0415690375274	0.0478256776125
-ame	0.694872478968	0.0562437879238	0.0228620621709	0.226021670937
-kak	0.639348527422	0.286502237486	0.0482620459985	0.0258871890936
-usi	0.228764981761	0.714434601355	0.0325690463783	0.0242313705055
-hik	0.201472832538	0.11579176861	0.0581865749376	0.624548823914
