-᤺ᤒᤣ	0.325102880658	0.341563786008	0.0740740740741	0.259259259259
-᤺ᤒᤡ	0.542449560363	0.411580137911	0.0306468678171	0.0153234339086
-᤺ᤒᤠ	0.161579468558	0.129993720712	0.332312935233	0.376113875497
-᤺ᤒᤧ	0.573248407643	0.331210191083	0.0573248407643	0.0382165605096
-᤺ᤒ᤻	0.272045028143	0.224202626642	0.37148217636	0.132270168856
-ᤢᤷᤖ	0.0201550387597	0.942635658915	0.0372093023256	0.0
-ᤶᤗᤧ	0.307692307692	0.317482517483	0.111888111888	0.262937062937
-सम्	0.219635609074	0.200273596488	0.0460038054919	0.534086988946
-़ःर	0.541753653445	0.0240083507307	0.00417536534448	0.43006263048
-़क्	0.0967482719853	0.103692445786	0.0321698206385	0.76738946159
-ᤓᤢ᤹	0.154405820534	0.644907033145	0.0472918350849	0.153395311237
-᤻ᤛᤡ	0.528052805281	0.184818481848	0.148514851485	0.138613861386
-᤻ᤛᤣ	0.400551657972	0.328596270312	0.200695568747	0.0701565029682
-᤻ᤛᤢ	0.657775585921	0.14476422846	0.00603481700067	0.191425368619
-᤻ᤛᤥ	0.0	0.95818815331	0.0418118466899	0.0
-ᤓᤢᤰ	0.58697644902	0.222112537019	0.0148075024679	0.176103511493
-ᤓᤢᤱ	0.00909780136467	0.147081122062	0.834723275209	0.00909780136466
-हम्	0.483589892536	0.255881498693	0.138541969213	0.121986639558
-ᤗᤥᤏ	0.0147118921128	0.973028197793	0.0	0.012259910094
-ᤛᤒᤠ	0.0557390586292	0.918455821635	0.0258051197357	0.0
-ᤡᤵᤗ	0.185365853659	0.307317073171	0.360975609756	0.146341463415
-ाहा	0.0612244897959	0.91156462585	0.0136054421769	0.0136054421769
-थत्	0.0	0.605042016807	0.394957983193	0.0
-िदस	0.0712589073634	0.869358669834	0.0	0.0593824228028
-ᤃᤌᤠ	0.0	0.98951048951	0.0104895104895	0.0
-ोओए	0.218089602705	0.499577345731	0.170752324598	0.111580726965
-़ःॽ	0.448473282443	0.154580152672	0.209923664122	0.187022900763
-बक्	0.438428428517	0.383715528612	0.0221440041532	0.155712038718
-ोओग	0.5	0.46	0.0	0.04
-ाघा	0.77027027027	0.0662805662806	0.0444015444015	0.119047619048
-ᤒᤌᤠ	0.0	1.0	0.0	0.0
-िनु	0.273209549072	0.34801061008	0.0763925729443	0.302387267904
-िन्	0.172601637184	0.327700562224	0.0253394706312	0.47435832996
-़ध्	0.334487487967	0.177660674724	0.0447181064955	0.443133730813
-समा	0.378571428571	0.202380952381	0.169047619048	0.25
-ᤗᤋᤡ	0.0	1.0	0.0	0.0
-ओवा	0.0	0.359712230216	0.0	0.640287769784
-ायस	0.0	1.0	0.0	0.0
-ायर	0.0	1.0	0.0	0.0
-रोए	0.354330708661	0.488188976378	0.157480314961	0.0
-ᤜᤘᤣ	0.0670315885505	0.830699053484	0.00273691412932	0.0995324438362
-ेबा	0.251990139059	0.292647593186	0.256598584393	0.198763683362
-ेबि	0.0296882731321	0.128649183572	0.0890648193964	0.752597723899
-ायो	0.236438034275	0.639387432646	0.0821212980594	0.04205323502
-ेबे	0.503556187767	0.179231863442	0.0170697012802	0.300142247511
-धना	0.33180778032	0.530892448513	0.0800915331808	0.0572082379863
-प्‌	0.366732262588	0.312042939797	0.0631017051012	0.258123092514
-कास	0.104408352668	0.756380510441	0.0696055684454	0.0696055684454
-ᤵᤏᤧ	0.344741235392	0.16694490818	0.0396494156928	0.448664440735
-कार	0.749979051645	0.104572327688	0.00184345526828	0.143605165399
-ᤵᤏᤢ	0.634146341463	0.317073170732	0.0	0.0487804878049
-ᤁᤖᤧ	0.0329457364341	0.951550387597	0.0	0.015503875969
-़धा	0.131578947368	0.868421052632	0.0	0.0
-ᤷᤏᤠ	0.0	1.0	0.0	0.0
-िनि	0.252129090094	0.697519796803	0.0129986553115	0.0373524577917
-िनस	0.0238095238095	0.97619047619	0.0	0.0
-ागस	0.0	0.929824561404	0.0701754385965	0.0
-ᤥᤃᤢ	0.308752288364	0.0847272799371	0.0205010937882	0.586019337911
-ᤥᤃᤡ	0.313357972545	0.303854276663	0.192713833157	0.190073917635
-ᤥᤃᤧ	0.4848628193	0.16761274046	0.059444970041	0.288079470199
-बिर	0.466716222797	0.343090764617	0.0322969266655	0.15789608592
-ागि	0.0488527187276	0.108218668425	0.0219371163237	0.820991496524
-थस्	0.0	0.983240223464	0.0	0.0167597765363
-ᤑᤣᤳ	0.0648648648649	0.935135135135	0.0	0.0
-᤻ᤛᤧ	0.624169251218	0.0870070890563	0.0681214000886	0.220702259637
-ᤎᤏᤠ	0.26279729862	0.406968777528	0.0630322012332	0.267201722619
-᥌ᤖᤥ	0.0263504611331	0.0	0.0	0.973649538867
-ᤣᤒᤣ	0.395721925134	0.196078431373	0.0	0.408199643494
-ᤥᤃᤵ	0.886882789855	0.0772875121877	0.00589234708302	0.0299373508747
-ᤣᤒᤡ	0.708442123586	0.124456048738	0.041775456919	0.125326370757
-ᤧᤒᤳ	0.358617259388	0.25789604576	0.052225814474	0.331260880378
-ोमु	0.117496807152	0.586206896552	0.158365261814	0.137931034483
-ᤶᤕᤰ	0.107142857143	0.819196428571	0.0736607142857	0.0
-बिओ	0.135464231355	0.756468797565	0.00761035007611	0.100456621005
-ᤆᤩᤧ	0.444444444444	0.351851851852	0.0462962962963	0.157407407407
-ᤳᤀᤠ	0.821678321678	0.0104895104895	0.0	0.167832167832
-ᤧᤒᤣ	0.556175667081	0.150645903015	0.0343537493788	0.258824680525
-ᤧᤒᤠ	0.443010989836	0.253471085645	0.0725625366608	0.230955387858
-ᤶᤕᤥ	0.275842525178	0.310415485896	0.121637528883	0.292104460043
-ᤧᤒᤧ	0.475598526703	0.240791896869	0.122007366483	0.161602209945
-ᤧᤒᤥ	0.402498642042	0.312873438349	0.0673546985334	0.217273221075
-ᤠᤀᤣ	0.231748962271	0.207730774049	0.0697126786685	0.490807585012
-ᤠᤀᤢ	0.0192061459667	0.262483994878	0.699103713188	0.0192061459667
-ᤠᤀᤡ	0.138565022422	0.791928251121	0.00896860986546	0.060538116592
-ᤠᤀᤠ	0.361056305964	0.393332321546	0.130267617747	0.115343754743
-ᤠᤀᤥ	0.175198649326	0.457306962451	0.0759047191009	0.291589669122
-ᤠᤒᤱ	0.424710424711	0.405405405405	0.0386100386101	0.131274131274
-ᤗᤠᤵ	0.645441389291	0.17510853835	0.0144717800289	0.16497829233
-ᤗᤠᤶ	0.215350547822	0.467634949134	0.0615508825136	0.25546362053
-बिॽ	0.126694584869	0.595004388817	0.195024248619	0.0832767776949
-ᤗᤠᤱ	0.13918851477	0.762032034417	0.02684025743	0.0719391933838
-ᤋᤠᤏ	0.2	0.78064516129	0.0193548387097	0.0
-िॽर	0.361233480176	0.198237885463	0.387665198238	0.0528634361234
-ᤠᤒᤡ	0.440010633016	0.298068465679	0.0624892985727	0.199431602732
-ᤠᤒᤠ	0.279494804505	0.276232316592	0.256719824165	0.187553054738
-ᤠᤒᤣ	0.501195772985	0.201143004853	0.063828594847	0.233832627314
-ᤠᤒᤢ	0.733108108108	0.201858108108	0.0177364864865	0.0472972972973
-ᤠᤒᤥ	0.112421775489	0.586863820125	0.0393199313286	0.261394473058
-ᤠᤒᤧ	0.6091325811	0.288610719323	0.0811001410437	0.0211565585332
-ᤴᤈᤠ	0.085549132948	0.129094412331	0.628901734104	0.156454720617
-ᤴᤏᤢ	0.195993383487	0.479524206908	0.035659193277	0.288823216328
-ᤋᤠᤔ	0.0	1.0	0.0	0.0
-ᤋᤠᤖ	0.512909907508	0.10446873526	0.0302906010951	0.352330756137
-ᤴᤏᤣ	0.295307727804	0.308129437699	0.0855594392819	0.311003395216
-ᤗᤠᤔ	0.0	0.922958397535	0.0770416024653	0.0
-थसि	0.51968503937	0.307086614173	0.0944881889764	0.0787401574803
-ᤷᤒᤡ	0.0	1.0	0.0	0.0
-ᤴᤏᤠ	0.00485313744305	0.965292714044	0.00591935703283	0.0239347914806
-ोने	0.0406349206349	0.928888888889	0.0101587301587	0.0203174603175
-िॽओ	0.117573596727	0.0321811755031	0.00985908773907	0.840386140031
-ᤢᤛᤱ	0.087702312783	0.0309432664318	0.743440957471	0.137913463315
-ᤠᤒᤛ	0.0	1.0	0.0	0.0
-ᤅᤡᤖ	0.194805194805	0.409681227863	0.324675324675	0.0708382526565
-िॽग	0.165633530011	0.0241186830244	0.0149249276141	0.795322859351
-ोन्	0.127355084356	0.827348519661	0.00590822556292	0.0393881704195
-ᤗᤠᤛ	0.0285714285715	0.971428571429	0.0	0.0
-ᤡᤃᤧ	0.0631997625432	0.0283802676936	0.00870909391621	0.899710875847
-ागु	0.458515283843	0.541484716157	0.0	0.0
-ᤋᤠ᤺	0.729849771391	0.0240365774004	0.00548661005878	0.24062704115
-ङ्ल	0.349056603774	0.514150943396	0.0235849056604	0.11320754717
-िॽए	0.269760444393	0.203680129615	0.0271959263974	0.499363499595
-ᤗᤠᤁ	0.448833034111	0.551166965889	0.0	0.0
-ᤛᤕᤱ	0.393966282165	0.560780834073	0.0346051464064	0.0106477373558
-ागे	0.0368098159509	0.963190184049	0.0	0.0
-ᤢᤛᤠ	0.285371702638	0.473021582734	0.0215827338129	0.220023980815
-ᤢᤛᤡ	0.564829687142	0.0590400362978	0.0101743929344	0.365955883626
-ᤢᤛᤢ	0.693334997504	0.132925611583	0.136295556665	0.0374438342486
-ᤢᤛᤣ	0.224338624339	0.667724867725	0.0253968253968	0.0825396825397
-ᤋᤠᤴ	0.226247257944	0.0905029282136	0.0109883475216	0.67226146632
-ᤋᤠᤵ	0.223880597015	0.766169154229	0.0	0.00995024875622
-ᤢᤛᤧ	0.16049382716	0.398589065256	0.229276895944	0.21164021164
-ᤀᤧᤗ	0.0	1.0	0.0	0.0
-इलओ	0.0249340668434	0.582354380372	0.0561016503978	0.336609902386
-ᤜᤢᤔ	0.0139616055847	0.979057591623	0.0	0.00698080279233
-सेॽ	0.0962809964462	0.844151215348	0.0199369740116	0.0396308141937
-ᤈᤡᤰ	0.0266094420601	0.967381974249	0.00600858369098	0.0
-ᤈᤡᤱ	0.412915851272	0.469667318982	0.0469667318982	0.0704500978474
-ᤈᤡᤴ	0.0795980078264	0.824573105656	0.0193436499467	0.0764852365706
-तयु	0.414847161572	0.480349344978	0.0524017467249	0.0524017467249
-ᤈᤡ᤹	0.030303030303	0.949494949495	0.0	0.020202020202
-ᤀᤧᤳ	0.445812807882	0.116995073892	0.298645320197	0.138546798029
-ᤜᤢ᤹	0.559895833333	0.388020833333	0.0	0.0520833333333
-ᤋᤒᤠ	0.00434782608697	0.986956521739	0.0	0.00869565217391
-ःत्	0.27148836274	0.362298008874	0.0673906811263	0.29882294726
-ᤜᤢᤵ	0.167645767483	0.106859400858	0.0330285108065	0.692466320852
-ᤜᤢᤴ	0.359255202629	0.501486465342	0.0610233140354	0.078235017994
-ᤀᤧ᤹	0.415335463259	0.316293929712	0.134185303514	0.134185303514
-ᤜᤢᤰ	0.212234024386	0.597698008812	0.0566959254073	0.133372041395
-ᤈᤡᤏ	0.0391791044776	0.856343283582	0.0	0.10447761194
-ᤌᤡᤶ	0.1395631336	0.690372595357	0.0277550780013	0.142309193041
-ोधा	0.471624266145	0.348336594912	0.0900195694716	0.0900195694716
-ᤌᤡᤰ	0.0759426078811	0.0683748099876	0.065182154469	0.790500427662
-जम्	0.284860557769	0.462151394422	0.173306772908	0.0796812749004
-ओबा	0.340763947764	0.413698164087	0.116957465896	0.128580422253
-ᤌᤡ᤺	0.0995993131082	0.733257012021	0.125930165999	0.0412135088723
-ᤣᤎᤣ	0.308270676692	0.112781954887	0.0	0.578947368421
-ᤠᤱᤃ	0.303454338085	0.392821851552	0.0921479191858	0.211575891177
-ᤧᤶᤕ	0.56338028169	0.270320719498	0.0	0.166298998812
--ᤅᤠ	0.184959349594	0.432926829268	0.19918699187	0.182926829268
-पत्	0.484384961735	0.0185634015951	0.000520956078441	0.496530680592
-गोग	0.0550458715597	0.889908256881	0.0550458715597	0.0
-ᤔᤖᤡ	0.0573420283337	0.899482797392	0.00269844839218	0.0404767258826
-ᤔᤖᤧ	0.0182649333687	0.901195893961	0.0319687353319	0.048570437338
-गोइ	0.262948207171	0.593625498008	0.0478087649402	0.0956175298805
-ःङ्	0.341152016599	0.267704895635	0.0359210022918	0.355222085475
-एप्	0.127853881279	0.570776255708	0.246575342466	0.0547945205479
-िःआ	0.545454545455	0.425837320574	0.0143540669856	0.0143540669856
-घेए	0.683751363141	0.185387131952	0.130861504907	0.0
-ᤣᤏᤧ	0.135387004918	0.0807662438519	0.00155319699715	0.782293554233
-ᤣᤏᤡ	0.0316539171722	0.955156950673	0.0131891321551	0.0
-ᤣᤏᤠ	0.0	1.0	0.0	0.0
-ᤣᤏᤢ	0.0756772673733	0.809481743227	0.0618374558304	0.0530035335689
-िःओ	0.393325387366	0.445768772348	0.160905840286	0.0
-हङ्	0.142019494365	0.794776119403	0.0137069753275	0.0494974109046
-ᤰᤋᤧ	0.615191700717	0.209255951653	0.0974407281447	0.0781116194857
-ᤰᤋᤢ	0.613937946669	0.197375220724	0.0408119762756	0.147874856331
-ᤰᤋᤡ	0.541547277937	0.365329512894	0.0214899713467	0.0716332378223
-ास्	0.138503047866	0.741695099145	0.090893517395	0.0289083355937
-ᤣᤏᤛ	0.0118343195266	0.976331360947	0.0	0.0118343195266
-ासे	0.180299558835	0.559062425904	0.0966723293437	0.163965685917
-ासु	0.683794466403	0.225296442688	0.0671936758893	0.0237154150198
-नोग	0.0	0.617851843397	0.24860175779	0.133546398813
-ासि	0.199110965488	0.2016771513	0.0656244293203	0.533587453892
-ासा	0.029702970297	0.613861386139	0.29702970297	0.0594059405941
-ᤂᤫᤠ	0.0676056338028	0.464788732394	0.371830985916	0.0957746478873
-घोए	0.449138266166	0.0380977063626	0.0196967733575	0.493067254114
-घोओ	0.360128617363	0.504823151126	0.0	0.135048231511
-ᤢᤶᤗ	0.395902921701	0.174681899003	0.0759399626082	0.353475216689
-नोए	0.339855818744	0.262100926879	0.140061791967	0.25798146241
-ᤠ᤹᤺	0.563695265963	0.246107221235	0.080468178493	0.109729334309
-ᤰᤆᤢ	0.334899615549	0.629218282785	0.0	0.035882101666
-तम्	0.512259970458	0.284342688331	0.126095519449	0.0773018217626
-ᤓᤣ᤹	0.207865168539	0.516853932584	0.00749063670412	0.267790262172
-᥈᥌᥆	0.0310880829016	0.0777202072539	0.0466321243523	0.844559585492
-घत्	0.181642600938	0.112756368988	0.0496643060793	0.655936723995
-ᤠ᤹ᤃ	0.254047384239	0.145588242918	0.0259268515728	0.57443752127
-नोर	0.0	1.0	0.0	0.0
-िवा	0.0	1.0	0.0	0.0
-ᤠ᤹ᤖ	0.425932556817	0.0630831771173	0.0197990605978	0.491185205468
-ᤣ᤹ᤃ	0.754601226994	0.165644171779	0.0	0.079754601227
-खार	0.0	1.0	0.0	0.0
-ᤧᤔᤧ	0.518656716418	0.369402985075	0.0559701492537	0.0559701492537
-नोन	0.0	1.0	0.0	0.0
-ामो	0.117647058824	0.882352941176	0.0	0.0
-मक्	0.751461138558	0.127772934225	0.00387484258451	0.116891084633
-ाम्	0.109265420805	0.420518565654	0.0517518258586	0.418464187683
-इबे	0.221183800623	0.688473520249	0.0529595015576	0.0373831775701
-ᤡ᤺ᤖ	0.359223300971	0.621359223301	0.0194174757281	0.0
-ᤌᤛᤡ	0.58883248731	0.258883248731	0.0913705583756	0.0609137055838
-‌गा	0.0	0.904912836767	0.0	0.095087163233
-‌गि	0.2506619594	0.634598411298	0.0286849073257	0.086054721977
-लनु	0.703571428571	0.107142857143	0.178571428571	0.0107142857143
-्खस	0.0	0.986363636364	0.0136363636364	0.0
-ᤡ᤺ᤴ	0.126615471581	0.760585079656	0.0702291401886	0.0425703085745
-ᤡ᤺ᤶ	0.0443204320432	0.113375337534	0.144338433843	0.69796579658
-मिए	0.330161054173	0.625915080527	0.0439238653002	0.0
-ᤡ᤺ᤰ	0.11841545557	0.0428275676081	0.0264242387683	0.812332738053
-ᤡ᤺ᤳ	0.396354485479	0.439869414405	0.0220363191186	0.141739780997
-ᤛᤪᤡ	0.111524163569	0.851301115242	0.0371747211896	0.0
-खु–	0.353159851301	0.646840148699	0.0	0.0
-जभा	0.338548961543	0.633905585124	0.00993770592394	0.0176077474089
-रोग	0.314049586777	0.123966942149	0.123966942149	0.438016528926
-रोम	0.0106382978724	0.983451536643	0.0	0.00591016548463
-ामम	0.0	1.0	0.0	0.0
-आल्	0.105260885565	0.0369277797873	0.0211296815389	0.836681653109
-‌गु	0.021978021978	0.776556776557	0.14652014652	0.0549450549451
-ᤱᤖᤰ	0.196805936441	0.442006775286	0.148411034038	0.212776254235
-‌ग्	0.0806451612903	0.384164222874	0.4215542522	0.113636363636
-‌गो	0.0197368421053	0.763157894737	0.197368421053	0.0197368421053
-ामि	0.0	1.0	0.0	0.0
-ामा	0.409836221911	0.394902635255	0.0528724739186	0.142388668915
-रोस	0.0	1.0	0.0	0.0
-गुॽ	0.467201175255	0.245073017691	0.024687822915	0.263037984139
-इबा	0.224824355972	0.36299765808	0.299765807962	0.112412177986
-ᤱᤖᤧ	0.259498385895	0.557983610628	0.027315619568	0.155202383909
-बाॽ	0.0803264057121	0.862297590208	0.0242254239449	0.0331505801351
-लरो	0.597716744515	0.0848337426777	0.0406219544658	0.276827558342
-र्र	0.0229709035222	0.931087289433	0.0459418070444	0.0
-ाॽ–	0.349425287356	0.512643678161	0.0	0.137931034483
-ᤐᤣᤖ	0.369052326348	0.125741399763	0.0	0.50520627389
-आलो	0.324324324324	0.594594594595	0.0810810810811	0.0
-मिओ	0.0685640362225	0.857266062958	0.014014661492	0.0601552393273
-ुदा	0.0181739506707	0.979229770662	0.0	0.00259627866724
-ुदि	0.0729096725779	0.409486068872	0.141439674202	0.376164584348
-‌सि	0.124989232929	0.101382745325	0.0299349922224	0.743693029525
-‌सा	0.171197083588	0.548332343916	0.204558566543	0.0759120059533
-ᤥᤒᤠ	0.132615263089	0.54037300388	0.0949751979922	0.232036535039
-ᤥᤒᤡ	0.197278911565	0.0816326530612	0.163265306122	0.557823129252
-ᤥᤒᤣ	0.338575797291	0.233289646134	0.157273918742	0.270860637833
-ᤥᤒᤥ	0.438536585366	0.216097560976	0.0585365853658	0.286829268293
-ᤥᤒᤧ	0.505639097744	0.15037593985	0.0770676691729	0.266917293233
-ᤠᤃᤧ	0.593054318789	0.13357079252	0.177203918077	0.0961709706144
-‌स्	0.325645869547	0.501057720416	0.0993659964104	0.0739304136268
-ᤠᤃᤢ	0.110701107011	0.889298892989	0.0	0.0
-ᤠᤃᤣ	0.0381679389313	0.961832061069	0.0	0.0
-ᤠᤃᤡ	0.0449540042716	0.0831522852303	0.0138590023939	0.858034708104
-‌से	0.152620288078	0.48728164266	0.294207784248	0.0658902850138
-बार	0.609808531528	0.177296056799	0.0632838508737	0.149611560799
-आसि	0.701198630137	0.154965753425	0.0	0.143835616438
-बाल	0.225352112676	0.671361502347	0.056338028169	0.0469483568075
-ᤳᤋᤣ	0.420216742556	0.145651539355	0.0964306080196	0.33770111007
-ᤑᤠᤰ	0.698113207547	0.287735849057	0.0	0.0141509433962
-ᤥᤀᤥ	0.296485758851	0.517429238339	0.0801479444915	0.105937058319
-ᤥᤀᤣ	0.265043040732	0.294754065758	0.0581723261549	0.382030567355
-ᤥᤀᤠ	0.63	0.17	0.02	0.18
-ᤥᤀᤡ	0.227781167378	0.756965629449	0.0122025625381	0.00305064063453
-ᤳᤋᤥ	0.104344025144	0.363660332064	0.0134740406164	0.518521602176
-ॽयो	0.199067599068	0.223776223776	0.0708624708624	0.506293706294
-ᤶᤒᤡ	0.361885901697	0.181397995201	0.0297963996596	0.426919703442
-आसओ	0.372950819672	0.602459016393	0.0122950819672	0.0122950819672
-बाओ	0.227963623767	0.602446561747	0.0808477258537	0.0887420886326
-उवा	0.0416666666667	0.958333333333	0.0	0.0
-ᤧᤓᤰ	0.455128205128	0.512820512821	0.0	0.0320512820513
-बाग	0.274034044853	0.297703323426	0.174682518238	0.253580113483
-ᤶᤔᤠ	0.357956105211	0.473451949625	0.0569246431596	0.111667302005
-ᤶᤔᤣ	0.374887051025	0.427305110471	0.0474540570918	0.150353781412
-ᤶᤔᤢ	0.439716312057	0.475177304964	0.0425531914894	0.0425531914894
-ᤶᤔᤥ	0.0756480965108	0.420512421717	0.0229282356655	0.480911246107
-ᤶᤔᤤ	0.268537074148	0.0901803607214	0.0	0.64128256513
-ᤶᤔᤧ	0.436170212766	0.5	0.0	0.063829787234
-ᤶᤔᤦ	0.237410071942	0.517985611511	0.10071942446	0.143884892086
-पे़	0.64347826087	0.147826086957	0.0	0.208695652174
-ᤑᤠᤛ	0.0201409869084	0.967774420947	0.0	0.012084592145
-ᤠᤃᤛ	0.0	0.959183673469	0.0408163265306	0.0
-बाइ	0.67332382311	0.248216833096	0.0442225392296	0.0342368045649
-बाआ	0.180722891566	0.558417154858	0.201171659113	0.0596882944623
-ᤗᤡᤶ	0.0521739130435	0.947826086957	0.0	0.0
-आमु	0.247561890473	0.383345836459	0.324081020255	0.0450112528132
-्तु	0.790071589523	0.0580787094274	0.0048577337245	0.146991967325
-ᤋᤡᤏ	0.0	0.977272727273	0.0227272727273	0.0
-याओ	0.127099965715	0.693674388989	0.00906107655385	0.170164568742
-ᤃᤧᤃ	0.0954412686761	0.0368475784129	0.0147191509535	0.852992001958
-ᤗᤡᤰ	0.385404195753	0.265195329048	0.140533770468	0.208866704732
-ᤛᤖᤋ	0.163323782235	0.836676217765	0.0	0.0
-आम्	0.0873820363725	0.323856733381	0.0155312333846	0.573229996861
-ᤋᤡᤛ	0.0617939937812	0.903766678474	0.0261738890857	0.00826543865864
-ᤃᤧᤖ	0.486382607008	0.284654954868	0.0920120353295	0.136950402795
-एन्	0.0325581395349	0.923867809058	0.0	0.0435740514076
-ᤏᤠᤃ	0.325581395349	0.0930232558139	0.201550387597	0.37984496124
-बरो	0.137724550898	0.574850299401	0.0	0.287425149701
-ᤋᤡᤖ	0.3417539913	0.377047298771	0.165505526415	0.115693183514
-ᤃᤧᤛ	0.193103448276	0.779310344828	0.0275862068965	0.0
-ᤑᤖᤧ	0.0624182395814	0.904316950103	0.0067277144459	0.02653709587
-ᤗᤡᤗ	0.0189473684211	0.966315789474	0.00315789473684	0.0115789473684
-ᤛᤖᤡ	0.0342368045649	0.940085592011	0.0256776034237	0.0
-सल्	0.199407281964	0.638230313294	0.0882726502964	0.0740897544454
-ᤛᤖᤧ	0.0456483088903	0.856025911932	0.0186039082609	0.0797218709169
-ᤛᤖᤥ	0.087742551161	0.838299225957	0.0538118969357	0.0201463259464
-ᤗᤥ–	0.43747368421	0.317473684211	0.0564210526316	0.188631578947
-ᤴᤋᤛ	0.0	1.0	0.0	0.0
-ᤗᤡᤛ	0.107072620001	0.892927379999	0.0	0.0
-्बि	0.262840827538	0.418806846647	0.115169502389	0.203182823426
-यास	0.00580270793037	0.986460348162	0.0	0.00773694390714
-लओए	0.641025641026	0.102564102564	0.0	0.25641025641
-ᤃᤧᤵ	0.0584551148225	0.751565762004	0.116910229645	0.0730688935283
-ᤃᤧᤴ	0.172073137015	0.606875410313	0.101143690436	0.119907762237
-ᤋᤡ᤹	0.514700129144	0.269322182913	0.0898413673286	0.126136320614
-ᤃᤧᤶ	0.413818814465	0.303467130608	0.0695911519821	0.213122902945
-ᤃᤧᤰ	0.454607508532	0.372184300341	0.137372013652	0.0358361774744
-ᤃᤧᤳ	0.0493658293957	0.657796568018	0.245585675205	0.0472519273812
-ᤡᤀᤥ	0.184304219067	0.569009316456	0.103986360293	0.142700104185
-ᤋᤡᤱ	0.0675907238871	0.871977457066	0.0250180876585	0.0354137313888
-ᤋᤡᤰ	0.258152593572	0.159506056918	0.076012626559	0.506328722951
-ᤃᤧ᤹	0.476614605319	0.250299704517	0.0459181089067	0.227167581258
-यान	0.0353982300885	0.893805309735	0.0707964601769	0.0
-ᤋᤡᤴ	0.12808452945	0.368823445613	0.0139631462919	0.489128878645
-मस्	0.164788379664	0.8051590283	0.0210368144253	0.00901577761082
-गन्	0.547645125958	0.386637458927	0.065717415115	0.0
-बुल	0.109668287279	0.882208135885	0.00812357683551	0.0
-ᤡᤖᤠ	0.0	1.0	0.0	0.0
-ᤡᤖᤡ	0.273101230791	0.100722573893	0.0200770879668	0.60609910735
-ᤡᤖᤢ	0.330014348031	0.0246997987424	0.00231109227999	0.642974760946
-ᤶᤒᤰ	0.425840056754	0.167310196095	0.0291032066991	0.377746540452
-ᤡᤖᤥ	0.432763827764	0.293113484046	0.0702663771595	0.203856311031
-ᤡᤖᤧ	0.193462139056	0.643285437749	0.0575306582451	0.10572176495
-ᤢᤈᤡ	0.0459146405092	0.826776583533	0.0960033392466	0.0313054367108
-ᤢᤈᤠ	0.436464715226	0.337596032286	0.014911342345	0.211027910143
-ᤈᤠᤱ	0.258680874518	0.160756935513	0.525445526364	0.0551166636046
-ᤈᤠᤰ	0.179801478271	0.720579698928	0.0126978445107	0.0869209782903
-ᤈᤠᤶ	0.927461139896	0.0431778929188	0.0	0.0293609671848
-ᤈᤠᤴ	0.658536585366	0.0836236933798	0.0	0.257839721254
-ᤡᤖᤰ	0.153627041398	0.123053551082	0.0351310292442	0.688188378276
-ᤈᤠ᤹	0.150651606457	0.718494387935	0.0603420025861	0.070512003022
-ᤱᤜᤱ	0.209201533589	0.700783463911	0.0	0.0900150025004
-धाः	0.506329113924	0.493670886076	0.0	0.0
-ःन्	0.211637591104	0.417367137856	0.0272384101551	0.343756860885
-ुगु	0.869080779944	0.0640668523677	0.066852367688	0.0
-ातस	0.0	1.0	0.0	0.0
-याॽ	0.285633484163	0.305429864253	0.352375565611	0.0565610859728
-ᤅᤥᤃ	0.165727170237	0.527245396468	0.00789177001127	0.299135663284
-ᤡᤁᤠ	0.0247167868177	0.975283213182	0.0	0.0
-ᤌᤠᤵ	0.359688581315	0.204325259515	0.0799307958477	0.356055363322
-ᤡᤖᤛ	0.0289855072464	0.898550724638	0.0144927536232	0.0579710144927
-ᤈᤠᤖ	0.0	1.0	0.0	0.0
-ᤌᤠᤱ	0.112337974076	0.680268843015	0.0864138262122	0.120979356697
-अब्	0.0	1.0	0.0	0.0
-ᤐᤏᤢ	0.48	0.136	0.216	0.168
-ᤌᤠ᤺	0.270803949224	0.644569816643	0.0	0.0846262341326
-्‌ल	0.444728955361	0.205646907503	0.0419403344494	0.307683802687
-ᤀᤡᤛ	0.0611325611326	0.938867438867	0.0	0.0
-᤹ᤃᤪ	0.134005767731	0.00471293194863	0.00158500389939	0.859696296421
-ᤡᤗᤡ	0.024064171123	0.891711229947	0.0280748663101	0.0561497326203
-ᤡᤗᤠ	0.320078729841	0.468812326577	0.0760424279304	0.135066515651
-ᤀᤡᤔ	0.0	1.0	0.0	0.0
-ᤀᤡᤖ	0.317164179104	0.529850746269	0.0858208955225	0.0671641791044
-ᤀᤡᤗ	0.0148720999405	0.938726948245	0.0	0.0464009518144
-ᤅᤢ᤹	0.316483516483	0.545054945055	0.0791208791209	0.0593406593407
-लॽर	0.252100840336	0.43487394958	0.151260504202	0.161764705882
-तिओ	0.032909930716	0.736720554272	0.223441108545	0.00692840646652
-ᤈᤣ᤹	0.0720156555773	0.831702544031	0.00665362035227	0.0896281800391
-ᤅᤢᤱ	0.585128107387	0.20648750692	0.059719915412	0.148664470281
-᤻ᤋᤣ	0.211267605634	0.788732394366	0.0	0.0
-ᤀᤡᤃ	0.182567726737	0.738908519827	0.0588928150765	0.0196309383588
-ᤅᤢᤴ	0.545893719807	0.3961352657	0.0579710144928	0.0
-्‌य	0.794795978711	0.0934358367829	0.0	0.111768184506
-ᤅᤢᤶ	0.186666666667	0.217142857143	0.00571428571429	0.590476190476
-᤻ᤋᤛ	0.0374531835206	0.906367041199	0.0112359550562	0.0449438202247
-लॽआ	0.34869739479	0.40881763527	0.0861723446894	0.15631262525
-्‌ग	0.318699748204	0.283714271567	0.0471532220553	0.350432758174
-ᤀᤡᤰ	0.398984695032	0.474353497022	0.00904727199618	0.11761453595
-ᤀᤡᤱ	0.169628571429	0.516	0.182857142857	0.131514285714
-ᤀᤡᤴ	0.149312353081	0.576202254832	0.0462942721063	0.22819111998
-लॽए	0.323443300659	0.102472215391	0.0407839417255	0.533300542224
-ᤀᤡᤶ	0.578446909667	0.132329635499	0.225832012678	0.0633914421553
-जिॽ	0.0952380952381	0.880952380952	0.0	0.0238095238095
-्‌आ	0.291005291005	0.603762492651	0.0305702527925	0.0746619635509
-तिर	0.267340892839	0.324547961998	0.168045765655	0.240065379508
-ोति	0.0571428571429	0.771428571429	0.0571428571429	0.114285714286
-ᤅᤢᤖ	0.375137131573	0.574946975792	0.0115190521466	0.0383968404885
-ᤁᤢᤔ	0.0	0.953488372093	0.0	0.046511627907
-ग्र	0.0510468622161	0.00919963059802	0.00396381807153	0.935789689114
-ाउद	0.00152110533654	0.980732665737	0.0	0.0177462289263
-ᤁᤢᤒ	0.0	0.992434529583	0.0	0.00756547041707
-ोत्	0.261291616526	0.235258724428	0.386442037706	0.11700762134
-ᤁᤢᤛ	0.0	1.0	0.0	0.0
-लोन	0.0214216163583	0.978578383642	0.0	0.0
-खिम	0.0	1.0	0.0	0.0
-आबे	0.656738804371	0.193271909149	0.137133061924	0.0128562245554
-बथा	0.0	1.0	0.0	0.0
-्‌॥	0.377621808129	0.361889352035	0.0919601813059	0.16852865853
-फुओ	0.0250521920668	0.0334029227557	0.0	0.941544885177
-ᤣᤈᤱ	0.33629832364	0.438333903524	0.0842456380432	0.141122134793
-ाउस	0.037037037037	0.888888888889	0.0	0.0740740740741
-ᤧᤸᤗ	0.771428571429	0.171428571429	0.0571428571428	0.0
-जिओ	0.42185138539	0.538476070529	0.0198362720403	0.0198362720403
-बोग	0.0	0.815384615385	0.184615384615	0.0
-जिम	0.465753424658	0.260273972603	0.237442922374	0.0365296803653
-ᤁᤢᤶ	0.0593703148426	0.749925037481	0.178110944528	0.0125937031484
-जिन	0.0785854616895	0.764243614931	0.0785854616896	0.0785854616896
-लोओ	0.398627397469	0.263277513567	0.338095088964	0.0
-लोक	0.0	1.0	0.0	0.0
-लोग	0.23873664654	0.091964700418	0.0334417092429	0.635856943799
-लोए	0.36443732479	0.611533840609	0.0240288346015	0.0
-ᤴᤜᤳ	0.159090909091	0.545454545454	0.159090909091	0.136363636364
-ियम	0.00534568781183	0.978260869565	0.00178189593728	0.0146115466857
-लोआ	0.770491803279	0.229508196721	0.0	0.0
-लोइ	0.0	0.968309859155	0.0105633802817	0.0211267605634
-े़र	0.497199152516	0.203701142343	0.0810076763968	0.218092028744
-सिः	0.214371257485	0.731736526946	0.0071856287425	0.0467065868263
-े़ल	0.178571428571	0.788961038961	0.0	0.0324675324675
-‌ङो	0.120942440184	0.750279578891	0.0441809351348	0.0845970457904
-े़स	0.115384615385	0.884615384615	0.0	0.0
-मुए	0.0596167494677	0.655074520937	0.0127750177431	0.272533711852
-सिए	0.383189741535	0.335303546384	0.0721298337006	0.209376878381
-जःॽ	0.301075268817	0.698924731183	0.0	0.0
-सिओ	0.193438674242	0.392817076879	0.391630954601	0.0221132942791
-े़त	0.159836065574	0.840163934426	0.0	0.0
-सिग	0.25035161744	0.454289732771	0.0759493670886	0.2194092827
-ᤰᤛᤧ	0.154569724098	0.064401395779	0.0124253186118	0.768603561511
-ᤋᤛᤡ	0.241071428571	0.0915178571429	0.138392857143	0.529017857143
-ᤋᤛᤣ	0.0377358490566	0.641509433962	0.245283018868	0.0754716981132
-ᤣᤖᤰ	0.199130571414	0.148221861415	0.0874142355837	0.565233331588
-े़म	0.0135564240352	0.980581338544	0.0	0.00586223742061
-ᤕᤛᤣ	0.0364077669903	0.936893203884	0.0266990291262	0.0
-ᤏᤡᤴ	0.153263643519	0.241437870126	0.0125838671571	0.592714619198
-े़क	0.0457697642164	0.912621359223	0.0332871012483	0.00832177531207
-᤹ᤑᤢ	0.0334194136412	0.653083700441	0.00843080662311	0.305066079295
-े़छ	0.202755905512	0.624015748032	0.0787401574803	0.0944881889764
-े़ज	0.638663443274	0.226644793645	0.0863408737696	0.048350889311
-ᤴᤍᤥ	0.556592765461	0.422403733956	0.0210035005834	0.0
-सिर	0.572883295813	0.272452085584	0.0314940794914	0.123170539112
-ᤡ᤹ᤖ	0.388978930308	0.397082658023	0.213938411669	0.0
-ᤠᤸᤗ	0.0962132662544	0.00851458609305	0.00350234345692	0.891769804196
-ᤰᤛᤠ	0.0812092941535	0.355606963897	0.38014631281	0.183037429139
-े़इ	0.228813559322	0.110169491525	0.177966101695	0.483050847458
-िस्	0.106743150274	0.812789139359	0.0269412759463	0.0535264344209
-ᤴᤍᤧ	0.310819544985	0.095139607032	0.0346863150638	0.55935453292
-िसै	0.0745341614907	0.925465838509	0.0	0.0
-े़ए	0.249685664122	0.155516856632	0.0464494065671	0.548348072679
-ᤏᤖᤧ	0.024304711642	0.965973403701	0.00703100586787	0.00269087878893
-िसा	0.202011633543	0.104419130716	0.012320245597	0.681248990144
-िसि	0.0214185488616	0.305689584936	0.00627348028788	0.666618385914
-िसस	0.00851063829789	0.948936170213	0.0170212765957	0.0255319148936
-िओग	0.47223430477	0.177613455125	0.213136146151	0.137016093954
-ोप्	0.0357894736842	0.882105263158	0.0547368421053	0.0273684210526
-ोबि	0.303225806452	0.135483870968	0.251612903226	0.309677419355
-चुओ	0.802325581395	0.197674418605	0.0	0.0
-रिओ	0.222222222222	0.604938271605	0.0246913580247	0.148148148148
-दत्	0.17223198594	0.732864674868	0.0316344463972	0.0632688927944
-़गन	0.0	1.0	0.0	0.0
-रिक	0.0193621867882	0.157175398633	0.791571753986	0.0318906605923
-चम्	0.61891025641	0.229166666667	0.0346153846154	0.117307692308
-िसओ	0.514065738821	0.137696180041	0.298489783832	0.0497482973053
-ोआर	0.679389312977	0.290076335878	0.0152671755725	0.0152671755725
-तु–	0.530973451327	0.389380530973	0.0	0.0796460176991
-ᤣ᤺ᤶ	0.0	0.91904047976	0.0809595202399	0.0
-ᤣ᤺ᤴ	0.231281685593	0.472652263	0.0192917729548	0.276774278452
-ᤣ᤺ᤵ	0.207783641161	0.551451187335	0.159960422164	0.0808047493404
-ᤣ᤺ᤳ	0.252918152114	0.535416496344	0.0289357965198	0.182729555023
-ᤣ᤺ᤰ	0.226703007155	0.43774173274	0.113946770451	0.221608489654
-ᤣ᤺ᤱ	0.334723307322	0.463416700396	0.0826924706082	0.119167521673
-एबि	0.691117235531	0.157939368243	0.00635997456011	0.144583421666
-रिर	0.217866721683	0.496802145657	0.0575613781721	0.227769754487
-ᤀᤍᤱ	0.0983747527732	0.378364433743	0.494023561785	0.0292372516984
-सिॽ	0.471873117303	0.358387709514	0.0782459452257	0.0914932279574
-ᤱᤄᤱ	0.460542909988	0.455919761851	0.0143471311523	0.0691901970086
-्ता	0.649097667246	0.213119285408	0.0254588040181	0.112324243328
-भन्	0.664048687975	0.221946018922	0.0193937575673	0.0946115355355
-ᤱᤄᤧ	0.497345855451	0.434054716211	0.0342997141691	0.034299714169
-़स्	0.606300638713	0.115600419895	0.0321574309539	0.245941510438
-ᤱᤄᤥ	0.0	0.880636604775	0.119363395225	0.0
-ᤱᤄᤢ	0.789108800179	0.0736889187074	0.0107346528011	0.126467628313
-दाॽ	0.146906453523	0.642539964476	0.115822972173	0.0947306098283
-ᤱᤄᤠ	0.070534043472	0.164603425939	0.0488700158342	0.715992514755
-ᤱᤄᤡ	0.654545454545	0.272727272727	0.0727272727272	0.0
-ियो	0.116129032258	0.845161290323	0.0	0.0387096774194
-़सु	0.0200073496386	0.957576252501	0.00281736147972	0.0195990363807
-तिआ	0.214285714286	0.741071428571	0.0446428571428	0.0
-किम	0.0	1.0	0.0	0.0
-ᤎᤩᤧ	0.220611916264	0.455716586151	0.227053140097	0.0966183574879
-ᤩᤠᤏ	0.129589632829	0.758099352052	0.112311015119	0.0
-ᤐᤢᤱ	0.123683005039	0.757214841961	0.0366468163078	0.0824553366926
-ोसओ	0.731021555764	0.240862230553	0.0	0.0281162136832
-रोद	0.0226389967817	0.930640328487	0.0314060592609	0.01531461547
-भेॽ	0.239612188366	0.501385041551	0.016620498615	0.242382271468
-ᤒᤧᤖ	0.579167830215	0.277296844457	0.0279251605697	0.115610164758
-ᤒᤧᤗ	0.257246376812	0.597826086956	0.0	0.144927536232
-इत्	0.0941253431893	0.802054242969	0.0686954033044	0.0351250105377
-़सि	0.0714285714286	0.928571428571	0.0	0.0
-़सा	0.241508730214	0.0698650255263	0.0340350141036	0.654591230156
-मार	0.483628425903	0.144312393888	0.103322823187	0.268736357022
-ुधि	0.418326693227	0.474103585657	0.0478087649402	0.0597609561753
-ᤷᤂᤛ	0.0	1.0	0.0	0.0
-ोसा	0.330775554947	0.499862976158	0.0115100027405	0.157851466155
-ᤒᤧ᤹	0.348135494565	0.192903870731	0.0569360614458	0.402024573258
-ᤒᤧᤴ	0.230700525289	0.54278343668	0.118294123027	0.108221915005
-ᤘᤕᤧ	0.712083021196	0.0339840479443	0.0013440267924	0.252588904067
-ᤘᤕᤡ	0.56827009262	0.172990737974	0.0215118016134	0.237227367792
-ᤒᤧᤳ	0.041095890411	0.890410958904	0.0684931506849	0.0
-तिस	0.126404494382	0.827247191011	0.00421348314607	0.0421348314607
-ाकस	0.233333333333	0.766666666667	0.0	0.0
-ᤧᤔᤖ	0.387755102041	0.414965986395	0.102040816326	0.0952380952381
-ुवा	0.660416504577	0.306724759459	0.000311211390337	0.0325475245728
-ᤥᤁᤡ	0.0	0.142857142857	0.857142857143	0.0
-ᤶᤛᤏ	0.0	1.0	0.0	0.0
-तेग	0.0	0.698113207547	0.0	0.301886792453
-ᤍᤧᤵ	0.470633693972	0.197063369397	0.183925811437	0.148377125193
-‌भा	0.223300970874	0.495145631068	0.194174757282	0.0873786407767
-ᤍᤧᤴ	0.201959092746	0.689875836764	0.0193015408472	0.088863529643
-ᤪᤡᤱ	0.129590766002	0.284889821616	0.0251836306401	0.560335781742
-यिॽ	0.580379670792	0.069386038688	0.0698365973807	0.28039769314
-सबा	0.0412489258092	0.94156402177	0.0171870524205	0.0
-ᤧᤔᤠ	0.158859991054	0.0844143395744	0.0113106268771	0.745415042495
-बुॽ	0.819672131148	0.0491803278689	0.0327868852459	0.0983606557377
-ᤧᤔᤢ	0.604395604396	0.126373626374	0.269230769231	0.0
-ᤶᤛᤧ	0.627211496452	0.158457892848	0.0317198389483	0.182610771752
-ᤶᤛᤠ	0.1114419396	0.565291365377	0.091875797533	0.23139089749
-ᤶᤛᤡ	0.0243429176222	0.00846710178162	0.0151702240254	0.952019756571
-ᤶᤛᤢ	0.338983050847	0.50149551346	0.00398803589233	0.155533399801
-ᤶᤛᤣ	0.0249924265374	0.71129960618	0.174644047258	0.0890639200242
-ᤋᤢᤖ	0.503401474008	0.154620738351	0.0313679994885	0.310609788153
-ᤗᤢᤰ	0.101470164312	0.846065148458	0.0253675410781	0.0270971461517
-ᤗᤢᤱ	0.100903158896	0.715872261354	0.0950693574176	0.0881552223326
-ᤗᤢᤶ	0.281278354673	0.347313237222	0.256477467487	0.114930940619
-ᤡᤁᤛ	0.0533997864009	0.934140263439	0.0124599501602	0.0
-ᤗᤢᤵ	0.092715231788	0.23178807947	0.443708609272	0.23178807947
-ᤄᤡᤴ	0.370335820895	0.387126865672	0.0746268656716	0.167910447761
-ᤔᤀᤣ	0.325309043592	0.567338972023	0.0683148991542	0.0390370852309
-ᤃᤠᤍ	0.0	1.0	0.0	0.0
-ᤠᤜᤱ	0.1171875	0.85546875	0.0	0.02734375
-ᤳᤌᤥ	0.434423344451	0.155104503629	0.283090022292	0.127382129628
-ᤰᤘᤠ	0.190119551889	0.287955634823	0.0699476089622	0.451977204325
-ᤳᤌᤡ	0.385309427415	0.249161364951	0.113938692886	0.251590514748
-ᤃᤠᤖ	0.0	0.556261810685	0.0685449235527	0.375193265762
-बुओ	0.056338028169	0.943661971831	0.0	0.0
-ᤋᤢᤏ	0.0299722479186	0.912303422757	0.0488436632747	0.00888066604998
-ᤏᤠᤶ	0.0833236050673	0.752621599971	0.0747291852007	0.089325609761
-᤹ᤀᤥ	0.326496958083	0.268197089054	0.0501111246527	0.355194828211
-ᤏᤠᤰ	0.453431372549	0.160947712418	0.0433006535948	0.342320261438
-ᤏᤠᤱ	0.26869028419	0.420273393311	0.0662973753239	0.244738947175
-ᤠᤜᤠ	0.0933333333334	0.886666666667	0.00666666666666	0.0133333333333
-ᤋᤢᤶ	0.429886842225	0.280526945872	0.071374663338	0.218211548565
-यिर	0.193661971831	0.468309859155	0.147887323944	0.19014084507
-ᤋᤢᤴ	0.462604071902	0.176497246117	0.106219060577	0.254679621403
-ᤏᤠᤏ	0.0	1.0	0.0	0.0
-ᤩ᤺ᤱ	0.377551020408	0.6027696793	0.00218658892128	0.0174927113703
-ᤋᤢᤰ	0.0	0.0504201680673	0.0	0.949579831933
-ᤋᤢᤱ	0.467485457208	0.229860577514	0.0378065882282	0.26484737705
-ᤄᤡᤖ	0.327586206897	0.353448275862	0.241379310345	0.0775862068966
-‌भो	0.787313432836	0.212686567164	0.0	0.0
-ᤋᤢ᤹	0.596034282257	0.162138861823	0.0517336089351	0.190093246985
-मिस	0.00577478344561	0.976900866218	0.0173243503368	0.0
-ᤃᤠᤱ	0.176708765377	0.0944691823399	0.0686405419307	0.660181510353
-ाक्	0.206114081955	0.315719218503	0.0720719579161	0.406094741626
-बुर	0.372093023256	0.348837209302	0.279069767442	0.0
-ᤃᤠᤵ	0.893854748603	0.0614525139664	0.0	0.0446927374302
-ᤃᤠᤶ	0.504149377593	0.154564315353	0.0404564315353	0.300829875519
-ᤏᤠᤛ	0.0327868852459	0.877049180328	0.0901639344262	0.0
-ᤃᤠ᤹	0.0176744381802	0.0125868293028	0.000485918874505	0.969252813642
-ᤏᤠᤖ	0.45310072183	0.44611844305	0.0202387742658	0.080542060854
-ᤗᤢᤏ	0.0	1.0	0.0	0.0
-ᤃᤡᤃ	0.252540436534	0.168059647646	0.123714749564	0.455685166256
-ᤢᤘᤠ	0.582003255351	0.308578091976	0.00553895488666	0.103879697787
-माए	0.420940217275	0.167073339991	0.100231280999	0.311755161735
-ᤡᤔᤠ	0.284669482031	0.126167370508	0.0441609928467	0.545002154615
-ᤴᤍᤰ	0.0215053763441	0.494623655914	0.483870967742	0.0
-ᤴᤍᤱ	0.0485512725182	0.622824721783	0.0675906196692	0.261033386029
-माइ	0.0989881214254	0.832380114386	0.00791904971403	0.0607127144743
-माआ	0.56654676259	0.19964028777	0.0	0.23381294964
-ᤄᤠᤱ	0.643979057592	0.020942408377	0.0	0.335078534031
-ᤋᤣᤃ	0.0	1.0	0.0	0.0
-ᤧᤇᤢ	0.503311258278	0.271523178808	0.0	0.225165562914
-ᤃᤡᤖ	0.440105220558	0.195467422096	0.123634156212	0.240793201133
-ᤏᤡ᤹	0.0439555921523	0.0119595299499	0.00298270052431	0.941102177373
-ᤴᤍᤠ	0.426356589147	0.242424242424	0.221987315011	0.109231853418
-ᤴᤍᤡ	0.275841839728	0.348827012974	0.0261830217924	0.349148125506
-ᤴᤍᤢ	0.599793895675	0.272034135187	0.0493168584582	0.0788551106801
-ᤰᤛᤥ	0.451013513514	0.472972972973	0.0760135135135	0.0
-माग	0.291714148624	0.315495111857	0.267063515864	0.125727223655
-ᤰᤛᤣ	0.133333333333	0.733333333333	0.133333333333	0.0
-ᤏᤡᤱ	0.766196575676	0.095185612674	0.035001083383	0.103616728267
-ᤰᤛᤡ	0.184656403199	0.0503139244861	0.0051604025114	0.759869269803
-िओक	0.0	1.0	0.0	0.0
-ᤡᤆ᤺	0.015332197615	0.96933560477	0.015332197615	0.0
-ᤴᤍᤛ	0.0	1.0	0.0	0.0
-िगि	0.407572383074	0.541202672606	0.0	0.0512249443207
-्पि	0.297163995068	0.436498150432	0.0517879161529	0.214549938348
-ᤋᤣ᤹	0.927996860899	0.0720031391014	0.0	0.0
-ᤷᤕᤠ	0.571428571429	0.261904761905	0.166666666667	0.0
-ᤏᤡᤃ	0.0338983050847	0.745762711864	0.0847457627118	0.135593220339
-ते़	0.531146342555	0.138702675015	0.0323094194934	0.297841562937
-ᤴᤍᤖ	0.0	1.0	0.0	0.0
-‌धो	0.220710253395	0.251296154074	0.340050902354	0.187942690177
-्से	0.0267857142857	0.892857142857	0.0	0.080357142857
-मास	0.0	1.0	0.0	0.0
-ᤏᤡᤛ	0.0666666666667	0.933333333333	0.0	0.0
-ᤃᤡᤵ	0.0101143761027	0.0410506783476	0.00319401350612	0.945640932044
-ᤃᤡᤴ	0.773089437677	0.0998873685967	0.0262806607709	0.100742532955
-ᤃᤡ᤹	0.591838814511	0.149760131654	0.0258929481348	0.232508105701
-्पे	0.402355250245	0.452077199869	0.0457965325483	0.0997710173373
-ᤀᤠᤛ	0.0	1.0	0.0	0.0
-ताः	0.724541429475	0.0774474664417	0.0117717337831	0.1862393703
-ताआ	0.76217765043	0.0744985673352	0.00859598853868	0.154727793696
-्सा	0.66568914956	0.105571847507	0.0791788856305	0.149560117302
-᤹ᤀᤣ	0.244215834792	0.135404639723	0.0282826912961	0.592096834189
-᤹ᤀᤠ	0.739290942652	0.0596397428553	0.0120934377188	0.188975876774
-᤹ᤀᤡ	0.218801793994	0.550906382418	0.107927201856	0.122364621732
-ॽआर	0.172222222222	0.0222222222222	0.272222222222	0.533333333333
-ᤀᤠᤖ	0.431328419513	0.200697687503	0.119844708265	0.248129184718
-ताए	0.19298245614	0.701754385965	0.0315789473684	0.0736842105263
-ᤀᤠᤔ	0.0	0.915421482943	0.0	0.0845785170566
-ᤜᤧᤴ	0.559322033898	0.220338983051	0.0508474576271	0.169491525424
-ᤡᤔᤥ	0.134020618557	0.0215635738832	0.00713058419244	0.837285223368
-ᤡᤔᤢ	0.401315789474	0.506578947368	0.0526315789474	0.0394736842105
-्प्	0.166507177033	0.68038277512	0.114832535885	0.0382775119617
-ᤜᤧᤰ	0.473953400265	0.398749763213	0.00625118393635	0.121045652586
-जोओ	0.103879849812	0.747183979975	0.13266583229	0.0162703379224
-ᤀᤠᤅ	0.469135802469	0.185185185185	0.246913580247	0.0987654320988
-ᤈᤢᤶ	0.134588581728	0.637368222497	0.0963704860311	0.131672709744
-ᤔᤀᤥ	0.647451963241	0.243943191312	0.108604845447	0.0
-बलस	0.0173410404624	0.982658959538	0.0	0.0
-ᤅᤣᤃ	0.287907869482	0.206333973129	0.0547024952015	0.451055662188
-तान	0.186813186813	0.796703296703	0.0164835164835	0.0
-ᤀᤠᤱ	0.329059866197	0.131805995967	0.0330495957389	0.506084542097
-ᤡᤔᤛ	0.0431654676259	0.956834532374	0.0	0.0
-ᤀᤠᤴ	0.434462444772	0.10147275405	0.10412371134	0.359941089838
-तार	0.555693131141	0.155510336936	0.0303773260095	0.258419205913
-ᤜᤧᤔ	0.0	1.0	0.0	0.0
-माॽ	0.386627080826	0.489802211889	0.0594694610561	0.0641012462283
-आबा	0.401208531202	0.264366060325	0.0367052277592	0.297720180714
-ोथि	0.00836820083682	0.991631799163	0.0	0.0
-जोर	0.0	1.0	0.0	0.0
-ᤌᤢᤶ	0.118484848485	0.571515151515	0.0563636363636	0.253636363636
-जब्	0.0	1.0	0.0	0.0
-ᤎᤒᤠ	0.546391752577	0.329896907216	0.0	0.123711340206
-ᤁᤣᤔ	0.0	0.982062780269	0.0179372197309	0.0
-आरो	0.594810500436	0.183125022719	0.0359675068998	0.186096969946
-जाए	0.46455505279	0.155354449472	0.334841628959	0.0452488687782
-ᤧ᤹ᤃ	0.109817482011	0.0402432806468	0.00414029465097	0.845798942691
-ᤢᤱ–	0.39798488665	0.274559193955	0.0377833753149	0.289672544081
-ुॽइ	0.197701149425	0.507662835249	0.184291187739	0.110344827586
-ᤁᤣᤃ	0.353029544317	0.0841261892839	0.0300450676014	0.532799198798
-ᤧ᤹ᤖ	0.403799019608	0.358718487395	0.133024042951	0.104458450047
-ुॽओ	0.456310679612	0.543689320388	0.0	0.0
-ताम	0.0	1.0	0.0	0.0
--ᤀᤣ	0.202936096719	0.497409326425	0.189550949914	0.110103626943
-ᤰᤕᤰ	0.0523875172327	0.787567364331	0.0141621757112	0.145882942725
-जरो	0.679442508711	0.266799402688	0.0149328023892	0.038825286212
-साॽ	0.015704036764	0.931508358956	0.0195887195424	0.0331988847379
-ᤄᤒᤠ	0.363636363636	0.554304102977	0.0724054706355	0.00965406275143
-ुॽर	0.329787234043	0.422872340426	0.103723404255	0.143617021277
-ोनि	0.024	0.784	0.0	0.192
-ᤢᤴᤗ	0.587239920573	0.254673431144	0.0669033218053	0.0911833264775
-साउ	0.0	0.479041916168	0.48502994012	0.0359281437126
-आबि	0.387607479187	0.404940630545	0.0969018697966	0.110550020472
-धे़	0.0234375	0.109375	0.046875	0.8203125
-साः	0.105353602115	0.679054857898	0.00376734963648	0.21182419035
-ताह	0.0	1.0	0.0	0.0
-ᤛᤩᤧ	0.728125733052	0.108843537415	0.073187895848	0.0898428336852
-ए़ॽ	0.439739413681	0.42345276873	0.0586319218241	0.0781758957655
-जरि	0.219512195122	0.731707317073	0.0	0.0487804878048
-साग	0.401170079398	0.468449644797	0.0	0.130380275804
-साओ	0.212307692308	0.464615384615	0.212307692308	0.110769230769
-जरस	0.0363636363637	0.909090909091	0.0181818181818	0.0363636363636
-ᤈᤖᤥ	0.712312900927	0.201086956522	0.0277975766215	0.0588025659302
-᤹ᤖᤢ	0.633496139049	0.166259652378	0.0399055908756	0.160338617698
-᤹ᤖᤣ	0.15943877551	0.531462585034	0.0433673469387	0.265731292517
