-rbs	0.719639355678	0.226483901116	0.0	0.0538767432058
-ivu	0.41782729805	0.49860724234	0.08356545961	0.0
-rbu	0.316256157635	0.514285714286	0.0733990147783	0.0960591133005
-cai	0.0	1.0	0.0	0.0
-gto	0.418675816024	0.474221068249	0.0778931750742	0.0292099406528
-cas	0.0	1.0	0.0	0.0
-ūzo	0.0	1.0	0.0	0.0
-rba	0.136854370872	0.125333941055	0.0189028392502	0.718908848823
-ive	0.27435387674	0.312127236581	0.0	0.41351888668
-rbe	0.103086779266	0.770529994176	0.115899825277	0.0104834012813
-gta	0.64031071933	0.179491550188	0.140749038134	0.0394486923489
-rbk	0.324525185797	0.625516102395	0.027250206441	0.0227085053675
-ivi	0.0267175572519	0.229007633588	0.74427480916	0.0
-rbi	0.0714285714286	0.785714285714	0.0714285714286	0.0714285714286
-rbo	0.34718067864	0.45707369329	0.112272012688	0.0834736153814
-ivo	0.023765716038	0.955535111929	0.0206991720331	0.0
-iją	0.0324419041262	0.87883933414	0.0778296966915	0.0108890650423
-aus	0.0520649803684	0.841282370345	0.0424462317986	0.0642064174881
-alą	0.210322798815	0.729689992575	0.0274941372796	0.0324930713304
-gte	0.315789473684	0.407894736842	0.0394736842105	0.236842105263
-aug	0.0496032250357	0.0543716416469	0.697523270178	0.198501863139
-lto	0.128509557945	0.158975507766	0.149193548387	0.563321385902
-auk	0.524362901649	0.399452519064	0.0248777944339	0.051306784853
-ufo	0.0	1.0	0.0	0.0
-iję	0.670489753764	0.151763874545	0.0679458607382	0.109800510953
-ūzu	0.0	1.0	0.0	0.0
-svu	0.0335195530726	0.798882681564	0.100558659218	0.0670391061452
-svi	0.0597439544808	0.169985775249	0.77027027027	0.0
-ijų	0.0235482549716	0.653568000783	0.0167931091399	0.306090635106
-sva	0.0732217573222	0.0753138075313	0.799163179916	0.0523012552301
-dro	0.117967172825	0.842534889845	0.015799174932	0.023698762398
-sve	0.341772151899	0.607594936709	0.0506329113924	0.0
-iva	0.0769230769231	0.698717948718	0.224358974359	0.0
-šės	0.521621621622	0.42972972973	0.0243243243243	0.0243243243243
-ido	0.59348224732	0.190067717423	0.0241802213127	0.192269813944
-rpk	0.0	0.869565217392	0.130434782608	0.0
-lpų	0.0705882352942	0.867647058823	0.0617647058824	0.0
-rpo	0.341596638655	0.281092436975	0.13781512605	0.239495798319
-idi	0.265128516495	0.483505363287	0.168791742562	0.0825743776563
-rpa	0.536193029491	0.201072386059	0.117962466488	0.144772117963
-ide	0.154362416107	0.82774049217	0.0178970917226	0.0
-rpe	0.3125	0.6875	0.0	0.0
-ece	0.0	1.0	0.0	0.0
-ida	0.0243055555555	0.96875	0.00694444444443	0.0
-ūta	0.435483870968	0.401528013582	0.0967741935484	0.0662139219015
-ecs	0.0	1.0	0.0	0.0
-rps	0.587364264561	0.249753208292	0.125863770977	0.0370187561698
-idu	0.167519349337	0.748196248196	0.0439459530369	0.0403384494294
-rpu	0.441445363518	0.0742272529386	0.0396168915978	0.444710491946
-ūti	0.744812673113	0.0347171604278	0.0134171296521	0.207053036807
-ecu	0.0	1.0	0.0	0.0
-yli	0.847052552086	0.0693438763271	0.0662787081871	0.0173248634001
-lpė	0.619885613726	0.308842938847	0.0131984161901	0.0580730312362
-uta	0.163174113599	0.80286725253	0.00441270383631	0.0295459300344
-ute	0.425249169435	0.252491694352	0.0232558139535	0.299003322259
-mfą	0.0	1.0	0.0	0.0
-uti	0.596674339499	0.261773702028	0.0633035044507	0.0782484540223
-uto	0.505892155696	0.289370313058	0.105344601833	0.0993929294132
-lpę	0.555555555556	0.222222222222	0.222222222222	0.0
-lpą	0.271870794078	0.596231493944	0.0969044414535	0.0349932705249
-utu	0.222222222222	0.777777777778	0.0	0.0
-gyn	0.0804953560371	0.0185758513932	0.882352941177	0.0185758513932
-gyk	0.828096118299	0.149070349027	0.00456670653474	0.018266826139
-žtu	0.481120779117	0.453500439052	0.0544823181927	0.0108964636385
-žti	0.497328228216	0.209260739681	0.0606933984096	0.232717633694
-žto	0.537037037037	0.259259259259	0.0925925925926	0.111111111111
-žta	0.548335072574	0.257186225216	0.00474338298074	0.18973531923
-gyt	0.0	1.0	0.0	0.0
-gys	0.41340833219	0.351991585494	0.192756207984	0.0418438743312
-rbų	0.252487129961	0.637440700841	0.0230327226295	0.0870394465681
-edo	0.107423580786	0.685589519651	0.149344978166	0.0576419213974
-ivų	0.156120563309	0.843879436691	0.0	0.0
-ūzų	0.095238095238	0.904761904762	0.0	0.0
-orę	0.216012975523	0.645089943969	0.0884694780301	0.0504276024772
-svį	0.0	1.0	0.0	0.0
-būk	0.738323520051	0.0844406429026	0.053707829408	0.123528007638
-svė	0.0381991814461	0.912687585266	0.043656207367	0.00545702592088
-auž	0.0	1.0	0.0	0.0
-auš	0.686621869273	0.232131948687	0.0568112400733	0.024434941967
-būs	0.00854700854701	0.182336182336	0.809116809117	0.0
-būt	0.0973236009733	0.12895377129	0.0	0.773722627737
-svą	0.0	0.444444444444	0.444444444445	0.111111111111
-ije	0.0	1.0	0.0	0.0
-ija	0.127465800015	0.786386408543	0.0714906550633	0.0146571363788
-ijo	0.402307174233	0.506624707208	0.0480239121235	0.0430442064358
-nka	0.289753861965	0.530245716698	0.0852849716891	0.0947154496477
-iji	0.703564727955	0.231841329402	0.0331010452961	0.0314928973465
-iju	0.377261499433	0.492823285934	0.0857867681421	0.0441284464918
-rbį	0.171286719073	0.587918907737	0.223417459661	0.0173769135292
-ivį	0.115920763023	0.718268525312	0.118855465884	0.0469552457814
-rbė	0.276255753653	0.574762316335	0.0492452413017	0.0997366887098
-ivė	0.309417040359	0.596412556054	0.0269058295964	0.067264573991
-ivę	0.0188679245283	0.924528301887	0.0566037735849	0.0
-rbę	0.062508799099	0.90539208785	0.0152048430241	0.0168942700268
-jūs	0.0499472053712	0.028420105032	0.0147947170636	0.906837972533
-ivą	0.0205845500806	0.9656071803	0.00536988262971	0.00843838698957
-rbą	0.220293376177	0.689447078647	0.0398395966404	0.0504199485351
-ūzą	0.0	1.0	0.0	0.0
-zbė	0.0	1.0	0.0	0.0
-utį	0.0838971583221	0.391069012179	0.421805528707	0.103228300793
-žtą	0.0592105263158	0.940789473684	0.0	0.0
-lpu	0.104651162791	0.825581395349	0.0348837209302	0.0348837209302
-mfo	0.255338904364	0.326833797586	0.389972144847	0.0278551532033
-lps	0.589052997394	0.145091225022	0.203301476977	0.0625543006082
-ūtų	0.535788558009	0.0372227379014	0.00859747097402	0.418391233116
-ofo	0.0	1.0	0.0	0.0
-lpe	0.0	1.0	0.0	0.0
-ipę	0.521065110341	0.211380631041	0.0213386832026	0.246215575415
-utė	0.516242937853	0.218926553672	0.129237288136	0.135593220339
-lpa	0.392452830189	0.316981132075	0.177358490566	0.11320754717
-lpo	0.4028031688	0.386959171237	0.155393053017	0.054844606947
-rpų	0.148305084746	0.826271186441	0.0	0.0254237288136
-utę	0.660682226212	0.204667863555	0.032315978456	0.102333931777
-idų	0.31151154989	0.511166490942	0.0579890731333	0.119332886035
-ūtė	0.411382925612	0.214178731902	0.299550673989	0.0748876684973
-idą	0.116215783576	0.839603009445	0.00480230510645	0.0393789018729
-rpą	0.0415733930285	0.932842980493	0.0	0.025583626479
-ūtę	0.220125786164	0.0859538784067	0.651991614256	0.041928721174
-ecą	0.0	1.0	0.0	0.0
-rpę	0.0	1.0	0.0	0.0
-utų	0.374142213336	0.533743166784	0.0332315497653	0.0588830701143
-bęs	0.51552393273	0.235661923243	0.145752479517	0.103061664511
-idę	0.352700630431	0.52759200886	0.0597418640314	0.0599654966774
-idė	0.468122307987	0.436457844684	0.0493624461598	0.0460574011685
-ižė	0.804347826087	0.117391304348	0.0195652173913	0.0586956521739
-rpė	0.615062761506	0.146443514644	0.100418410042	0.138075313808
-fis	0.0	1.0	0.0	0.0
-idį	0.0591357088703	0.0159211523882	0.907505686126	0.0174374526156
-rpį	0.214574898785	0.704453441296	0.0809716599191	0.0
-žtų	0.567703271785	0.290573372206	0.0469711694201	0.0947521865889
-mzį	0.0	1.0	0.0	0.0
-uar	0.132993774759	0.0209394453877	0.846066779853	0.0
-ūtį	0.326100642129	0.622613002057	0.0172073697906	0.0340789860243
-ikš	0.680831942483	0.233662857876	0.0362049043523	0.0493002952882
-toį	0.0	1.0	0.0	0.0
-kės	0.465470541931	0.280994476971	0.0525127932953	0.201022187803
-glį	0.140625	0.734375	0.125	0.0
-kėm	0.884615384615	0.115384615385	0.0	0.0
-ikų	0.0613925820475	0.814779978138	0.0472583064291	0.0765691333859
-kėk	0.561585148161	0.33805386965	0.0309413304772	0.0694196517117
-ūgų	0.076923076923	0.923076923077	0.0	0.0
-uju	0.249647647499	0.581560331515	0.115247928032	0.0535440929536
-ade	0.0351906158358	0.929618768328	0.0	0.0351906158358
-glą	0.0447761194029	0.865671641791	0.0895522388059	0.0
-ada	0.0751292852101	0.053987125188	0.00738019059018	0.863503399012
-ado	0.585882003821	0.329840310106	0.0179906152048	0.0662870708682
-edą	0.0796661608499	0.92033383915	0.0	0.0
-cpa	0.0	1.0	0.0	0.0
-adu	0.087169223927	0.833222148099	0.0128974872137	0.0667111407605
-uės	0.377652370203	0.56546275395	0.0189616252822	0.0379232505643
-sjo	0.061797752809	0.898876404494	0.0393258426966	0.0
-ąir	0.537593984962	0.214285714286	0.0	0.248120300752
-ėle	0.174556213018	0.674556213018	0.150887573965	0.0
-lbo	0.585497835498	0.128787878788	0.201298701299	0.0844155844156
-sek	0.909341606343	0.0534298517752	0.018614270941	0.0186142709411
-lbk	0.812729498164	0.146878824969	0.00734394124846	0.0330477356181
-ikį	0.0816453723902	0.863197257713	0.0105952009972	0.0445621689
-uir	0.666666666667	0.0	0.333333333333	0.0
-lba	0.694736121327	0.205888915218	0.0156720758538	0.0837028876011
-smu	0.102624552827	0.708725025024	0.0949636219786	0.0936868001705
-oha	0.0	1.0	0.0	0.0
-lbu	0.778656221293	0.0700822694767	0.0177370437652	0.133524465465
-lak	1.0	0.0	0.0	0.0
-ses	0.18004321037	0.66231895655	0.0544130591342	0.103224773946
-lbs	0.796774387675	0.0578925197087	0.0935788650177	0.0517542275983
-iką	0.063321213689	0.764305436959	0.083961512365	0.0884118369866
-uja	0.467287268879	0.318512726325	0.0941381975812	0.120061807215
-ieš	0.0474640313457	0.0459349366318	0.00384214153983	0.902758890483
-ųir	0.392941176471	0.470588235294	0.0423529411765	0.0941176470588
-mtu	0.0	0.0	0.0	1.0
-ikė	0.660751440403	0.154734447843	0.0425645974829	0.141949514271
-mti	0.72844702888	0.123560972145	0.0347796803858	0.113212318589
-mto	0.157649253731	0.152052238806	0.00279850746269	0.6875
-mta	0.746114413022	0.218893073357	0.0181691897647	0.0168233238562
-ikę	0.702596700027	0.113101531955	0.0697740182457	0.114527749773
-edė	0.832518346479	0.0585900109077	0.0194409610661	0.0894506815467
-naš	0.75	0.25	0.0	0.0
-udė	0.784995786341	0.144537483639	0.0147029818364	0.0557637481845
-ėdę	0.632199184831	0.19546340599	0.0717703349282	0.100567074251
-zon	0.0	1.0	0.0	0.0
-pką	0.0	1.0	0.0	0.0
-ėdė	0.490250127616	0.440071465033	0.0696784073507	0.0
-ėdą	0.0138036809816	0.894171779141	0.0920245398774	0.0
-zos	0.0	0.941747572816	0.0	0.0582524271844
-ery	0.0	0.666666666667	0.0	0.333333333333
-nčo	0.278463648834	0.655692729767	0.0329218106996	0.0329218106996
-rau	0.850110327859	0.0339966022925	0.00263615238913	0.113256917459
-ras	0.105146912551	0.693689186585	0.143919079456	0.0572448214082
-ran	0.225321888412	0.678111587983	0.0321888412017	0.0643776824034
-eri	0.0933920704846	0.108663729809	0.472540381792	0.325403817915
-erk	0.377395838362	0.506493506493	0.0528653502632	0.063245304881
-ero	0.0158879413767	0.644823449305	0.283064751467	0.0562238578516
-era	0.112735344776	0.12741655283	0.629703183465	0.130144918929
-ere	0.183141536343	0.604406412905	0.138683977575	0.0737680731779
-ugu	0.0580062053149	0.90961823823	0.0323755564548	0.0
-ugs	0.570762052877	0.303265940902	0.0769828926905	0.0489891135303
-oze	0.142617449664	0.71644295302	0.0	0.140939597315
-ęsė	0.460774577954	0.120655412115	0.0253227408143	0.393247269116
-azu	0.0	1.0	0.0	0.0
-ozo	0.0	0.985507246377	0.0144927536232	0.0
-uge	0.112863203394	0.0637156807813	0.0404226366766	0.782998479148
-azo	0.0	0.986978106942	0.0130218930577	0.0
-azi	0.0	0.428571428571	0.0	0.571428571429
-uga	0.588686481304	0.25099413734	0.0631846973578	0.0971346839979
-bom	0.0	0.666666666667	0.333333333333	0.0
-ugo	0.54471076634	0.340906336172	0.0600815126814	0.0543013848065
-iaį	0.4	0.6	0.0	0.0
-ugi	0.479860426307	0.134036258818	0.011226579686	0.374876735189
-ezą	0.0	1.0	0.0	0.0
-ūgo	0.489440160912	0.384847468991	0.0729131746564	0.0527991954408
-ika	0.0442910997136	0.109481935703	0.0376373226334	0.80858964195
-iko	0.576176849252	0.203061775942	0.0713513350447	0.149410039761
-nos	0.0713654561798	0.815361652192	0.033512471664	0.0797604199643
-not	0.153324287653	0.268656716418	0.0244233378562	0.553595658073
-iki	0.16141662498	0.0660264466601	0.0322260019947	0.740330926365
-edį	0.0294513380176	0.924951412767	0.0324413215727	0.0131559276424
-iku	0.123362602562	0.550083283637	0.169651853832	0.156902259968
-nok	0.555066079295	0.257709251101	0.107929515419	0.079295154185
-iks	0.543678496359	0.116338021722	0.0277183304913	0.312265151428
-nom	0.461538461538	0.461538461539	0.0	0.0769230769233
-non	0.0	0.5	0.5	0.0
-ūgs	0.818181818182	0.181818181818	0.0	0.0
-mtą	0.0324580598103	0.187272064187	0.00838803792851	0.771881838074
-blį	0.689655172414	0.310344827586	0.0	0.0
-pys	0.0951086956522	0.807065217391	0.0978260869565	0.0
-lbą	0.411238145883	0.481742444385	0.0332358415315	0.0737835681999
-lbę	0.55432661028	0.223812621991	0.124268054652	0.0975927130774
-adų	0.156867393709	0.623439228703	0.0379326695116	0.181760708076
-lbė	0.628756166841	0.121953954253	0.0403647779937	0.208925100912
-pyk	0.563636363636	0.245454545455	0.0	0.190909090909
-gla	0.320754716981	0.622641509434	0.0377358490566	0.0188679245283
-vos	0.0984605975111	0.659753083984	0.0299495415333	0.211836776972
-vot	0.0	1.0	0.0	0.0
-cpė	0.0	1.0	0.0	0.0
-ton	0.192099147947	0.707203718048	0.0170410534469	0.0836560805577
-cpę	0.0	1.0	0.0	0.0
-tol	0.168056164985	0.279947345327	0.12724879333	0.424747696358
-toj	0.0773275595422	0.726260439221	0.0658388935531	0.130573107684
-tok	0.789381767377	0.158225637443	0.0146699266504	0.0377226685295
-rai	0.156770059298	0.406499866072	0.074629828167	0.362100246463
-adė	0.0401785714285	0.959821428571	0.0	0.0
-ygą	0.00894187779433	0.970938897168	0.0	0.0201192250373
-tos	0.205755257536	0.464891237549	0.0799575674452	0.249395937469
-žyk	0.677740863787	0.215946843854	0.046511627907	0.0598006644518
-vok	0.860565110565	0.0939803439803	0.00859950859952	0.036855036855
-von	0.121212121212	0.748803827751	0.066985645933	0.0629984051036
-adę	0.602995720399	0.279029957204	0.0208273894437	0.0971469329529
-rot	0.0	0.730061349693	0.269938650307	0.0
-ima	0.596912918174	0.117184625024	0.115298381436	0.170604075366
-iek	0.158614746593	0.0680029682292	0.144162582359	0.629219702818
-iem	0.10049843269	0.0488125158849	0.0246745361611	0.826014515264
-ros	0.0400378853109	0.849875868205	0.0697075368808	0.0403787096033
-mtų	0.528346	0.134436	0.06811	0.269108
-įžk	0.340887923005	0.353616889165	0.00745110214219	0.298044085688
-rom	0.112676056338	0.577464788732	0.0281690140845	0.281690140845
-ron	0.0812720848056	0.76148409894	0.00353356890459	0.15371024735
-ype	0.0	1.0	0.0	0.0
-ugė	0.374158603281	0.135727808162	0.449621371477	0.0404922170803
-sas	0.0376580188406	0.383827908647	0.168360311924	0.410153760588
-ozą	0.0	1.0	0.0	0.0
-ugę	0.737250780862	0.0911054674957	0.0760136614414	0.0956300902005
-švę	0.0	1.0	0.0	0.0
-ugą	0.0840807174888	0.834080717489	0.0639013452914	0.0179372197309
-ęsk	0.698540217498	0.220143039091	0.0372293524052	0.0440873910062
-ozė	0.0392925109146	0.942908317475	0.0	0.0177991716109
-gūs	0.092532223281	0.618862530719	0.219770299413	0.0688349465871
-erį	0.00608308724724	0.903571802155	0.0218540541845	0.0684910564134
-azą	0.0	0.994444444444	0.0	0.00555555555555
-ozę	0.0291828793774	0.952140077821	0.00466926070039	0.0140077821012
-ūme	0.0	0.908783783784	0.0912162162162	0.0
-švė	0.0	1.0	0.0	0.0
-erę	0.103941684665	0.591320194384	0.0141738660907	0.29056425486
-nčą	0.25	0.75	0.0	0.0
-nga	0.181227606688	0.238486607401	0.407718919336	0.172566866575
-azį	0.0	1.0	0.0	0.0
-ūma	0.0	1.0	0.0	0.0
-erą	0.055915896405	0.410058761137	0.474397107557	0.0596282349004
-rma	0.111228813559	0.0401579352851	0.107473035439	0.741140215717
-ols	1.0	0.0	0.0	0.0
-ūtu	0.0	1.0	0.0	0.0
-įso	0.752704791345	0.132921174652	0.0556414219474	0.0587326120556
-erų	0.0291873322144	0.613902355381	0.334385306021	0.0225250063828
-įsi	0.333333333333	0.666666666667	0.0	0.0
-ėdu	0.333333333333	0.666666666667	0.0	0.0
-pka	0.0	1.0	0.0	0.0
-ėdi	0.833394902106	0.0173623937939	0.0129294421869	0.136313261914
-nčų	0.141336739038	0.787994891443	0.0357598978289	0.0349084716901
-ėdo	0.822319315492	0.0919351902421	0.0177498634626	0.0679956308028
-ėda	0.233360122123	0.511551070914	0.229192977085	0.0258958298784
-ugų	0.175260304879	0.806570763994	0.0181689311278	0.0
-rįs	0.290578122366	0.0591606270015	0.0596662733862	0.590594977246
-tik	0.0786810397402	0.0388707577181	0.0172452158434	0.865202986698
-lei	0.132274894306	0.416533237384	0.0273185211838	0.423873347126
-oir	0.590697674419	0.325581395349	0.0837209302326	0.0
-urį	0.130523473463	0.0665676461056	0.00517544895884	0.797733431473
-šau	0.693172026939	0.0576588299425	0.019870228068	0.22929891505
-muo	0.0513066871637	0.886241352806	0.0393927747886	0.0230591852421
-yte	0.387978142076	0.262295081967	0.00546448087431	0.344262295082
-mui	0.16694597409	0.72234839912	0.0577260415623	0.0529795852268
-šas	0.034023953892	0.852714631586	0.0853812696849	0.0278801448375
-yta	0.696927798552	0.171372957484	0.025675299018	0.106023944946
-šam	0.276150627615	0.210878661088	0.383263598326	0.129707112971
-yko	0.647637425851	0.168427751985	0.0742919621074	0.109642860057
-šan	0.0	0.666666666667	0.333333333333	0.0
-šai	0.101216727212	0.66633225961	0.0817630016225	0.150688011555
-krų	0.0626616992652	0.0220428438373	0.891389837525	0.0239056193729
-mus	0.08302645096	0.434895387458	0.0270847841812	0.454993377401
-ytu	0.486995943689	0.336435218325	0.0405631114292	0.136005726557
-let	0.0	1.0	0.0	0.0
-tėk	0.5871886121	0.241992882562	0.106761565836	0.0640569395017
-mpu	0.406698564593	0.421052631579	0.0574162679426	0.114832535885
-rnų	0.0386546426094	0.936921777234	0.0163464906557	0.00807708950047
-izų	0.0	1.0	0.0	0.0
-urą	0.0453250453251	0.867650867651	0.013986013986	0.073038073038
-san	0.0	0.4	0.6	0.0
-eaš	0.796875	0.109375	0.09375	0.0
-urę	0.0409977944667	0.87470336972	0.0548172757475	0.0294815600659
-urė	0.0439624853458	0.931418522861	0.0175849941383	0.00703399765533
-lon	0.0583700440528	0.736784140969	0.0132158590308	0.191629955947
-ūvę	0.0	0.0	1.0	0.0
-izą	0.0	1.0	0.0	0.0
-rną	0.0539389995429	0.900508208024	0.0276570525483	0.0178957398842
-ybo	0.922374429224	0.0593607305936	0.0	0.0182648401826
-ūvą	0.0	1.0	0.0	0.0
-urų	0.0361874758811	0.891777360863	0.0244647724266	0.0475703908296
-ėvu	0.0522438044206	0.867716008038	0.0532484929672	0.0267916945747
-lsu	0.0377039274925	0.694259818731	0.136072507553	0.131963746224
-ogs	0.903225806452	0.0703812316715	0.00879765395894	0.0175953079179
-ogu	0.307445099089	0.576325656133	0.0808784145688	0.0353508302089
-pei	0.684664339971	0.22295216588	0.0544036132211	0.0379798809279
-ogi	0.0745380195662	0.200269165071	0.598374657073	0.12681815829
-ėve	0.00534063351781	0.975433085818	0.00925709809755	0.00996918256659
-ogo	0.0371793282935	0.435700417235	0.460817119015	0.0663031354567
-pes	0.0467289719626	0.92523364486	0.0280373831776	0.0
-oga	0.0920439826935	0.299129164715	0.553366219307	0.0554606332847
-ėvo	0.00436832341478	0.987192869988	0.00109208085369	0.00734672574304
-lsi	0.625377643505	0.196374622357	0.07250755287	0.105740181269
-oge	0.39298245614	0.508771929825	0.0842105263158	0.0140350877193
-lso	0.0597014925373	0.830674215131	0.0113226968605	0.0983015954709
-ėvi	0.532064902453	0.23469190651	0.233243191037	0.0
-ity	0.102564102564	0.547008547009	0.00854700854701	0.34188034188
-itu	0.137910798122	0.159624413145	0.106807511737	0.595657276995
-esu	0.643759927766	0.0383556975339	0.00920552409791	0.308678850602
-nkę	0.413373924891	0.214170143916	0.0861151324193	0.286340798774
-esk	0.623721521438	0.27842567934	0.02576426296	0.0720885362621
-ito	0.348123233392	0.199583012254	0.0915820598745	0.360711694479
-esi	0.540361013832	0.152120511524	0.0344048922193	0.273113582425
-rie	0.0744632222263	0.0457264768008	0.00768269506632	0.872127605907
-eso	0.205128205128	0.692307692308	0.051282051282	0.051282051282
-iti	0.472092924965	0.274388274973	0.0968611619968	0.156657638065
-ūse	0.666666666667	0.0	0.333333333333	0.0
-esa	0.0846321539541	0.59110955197	0.15354064348	0.170717650596
-ite	0.608934884198	0.218280101074	0.0640841886222	0.108700826106
-ese	0.111823468018	0.3171313553	0.0387654689131	0.532279707768
-ita	0.12095590394	0.250308261406	0.301831953497	0.326903881158
-spa	0.0	1.0	0.0	0.0
-klę	0.193580742227	0.732196589769	0.0341023069208	0.0401203610832
-nką	0.0497480136793	0.88416985935	0.0184811395953	0.047600987375
-klė	0.159491884262	0.741707833451	0.00988002822865	0.0889202540578
-spo	0.0	0.384615384615	0.230769230769	0.384615384615
-far	0.0	0.545454545455	0.454545454545	0.0
-fas	0.0282651072125	0.949317738791	0.0126705653022	0.00974658869396
-uda	0.323443160255	0.576751521723	0.0399221272086	0.059883190813
-rio	0.107052532743	0.295744273595	0.0371502325725	0.56005296109
-žnų	0.0244399185336	0.181262729124	0.769857433809	0.0244399185336
-klą	0.0476477924122	0.834541287924	0.0886705420474	0.0291403776159
-yšo	0.622311442501	0.312302839117	0.0129050759966	0.052480642386
-udi	0.561354019746	0.186177715092	0.0719322990127	0.18053596615
-udo	0.137651059019	0.836509391139	0.0116307950565	0.0142087547855
-ųtu	0.666666666667	0.333333333333	0.0	0.0
-žną	0.294982698962	0.471453287197	0.129757785467	0.103806228374
-klų	0.0539202484451	0.754008197342	0.184339205009	0.00773234920341
-kųs	0.618601611849	0.146155521673	0.0522761925506	0.182966673927
-lot	0.0	1.0	0.0	0.0
--tą	0.0	1.0	0.0	0.0
-įtą	0.186234817814	0.704453441296	0.109311740891	0.0
-lop	0.0810372771475	0.141004862237	0.15397082658	0.623987034036
-zga	0.402555910543	0.492012779553	0.0670926517572	0.038338658147
-ogę	0.371681415929	0.561946902655	0.0265486725664	0.0398230088495
-kšk	0.454545454545	0.0606060606061	0.0	0.484848484848
-muš	0.612804878049	0.314024390244	0.0182926829268	0.0548780487805
-lsė	0.818181818182	0.181818181818	0.0	0.0
-kra	0.0535937755046	0.658904184123	0.160182817346	0.127319223026
-kro	0.16302016302	0.220935220935	0.151437151437	0.464607464607
-lsę	1.0	0.0	0.0	0.0
-ogė	0.778321108395	0.0872045639771	0.0268948655257	0.107579462103
-kri	0.0954835542464	0.0751104565538	0.823514973	0.00589101620029
-ėvą	0.0102923164917	0.976893749476	0.00030876949475	0.0125051645374
-ųjų	0.171191987816	0.408820027801	0.338962579729	0.0810254046543
-oiš	0.0	0.5	0.0	0.5
-lsą	0.0327216449259	0.950033163829	0.0132655317267	0.00397965951802
-ogą	0.0663221771375	0.714393671196	0.199236585787	0.0200475658796
-ytų	0.571823043578	0.179660671301	0.126552873864	0.121963411257
-rnu	0.167597765363	0.71322160149	0.0800744878957	0.0391061452514
-ear	0.148936170213	0.170212765957	0.425531914894	0.255319148936
-rne	0.0	0.889007809093	0.108217386134	0.00277480477266
-ūva	0.32060566162	0.627057274523	0.0506912442396	0.00164581961817
-iza	0.0	1.0	0.0	0.0
-rna	0.0180315552216	0.939894815928	0.0112697220135	0.030803906837
-ūve	0.0	1.0	0.0	0.0
-rno	0.0665091154625	0.858203916273	0.0418636056718	0.0334233625929
-ėvį	0.46511627907	0.502325581395	0.0	0.0325581395349
-izo	0.0254237288136	0.974576271186	0.0	0.0
-ūvo	0.727873855544	0.13479145473	0.0595116988809	0.0778229908444
-uri	0.46580903043	0.0278596035617	0.0101568775868	0.496174488422
-ipa	0.0909112209752	0.891867194639	0.01265259261	0.00456899177582
-ynę	0.666520634364	0.220099886095	0.098133707176	0.0152457723648
-ųjį	0.0965020576131	0.166666666667	0.621810699588	0.115020576132
-ure	0.533333333333	0.333333333333	0.0	0.133333333333
-ury	0.288080662586	0.564277997839	0.0504141159525	0.0972272236226
-urs	0.417543859649	0.361403508772	0.0736842105263	0.147368421053
-uru	0.129548612898	0.467702918318	0.382675382161	0.0200730866231
-lsų	0.20908896949	0.566887134628	0.224023895882	0.0
-hiu	0.0	1.0	0.0	0.0
-ėvų	0.00741255501506	0.956914523975	0.0259439425527	0.00972897845726
-ogų	0.0540392537555	0.727628221882	0.0284011002004	0.189931424162
-ytą	0.367041230527	0.448091410032	0.0851655365416	0.0997018228992
-ytę	0.285714285714	0.428571428571	0.0	0.285714285714
-rda	0.6	0.4	0.0	0.0
-esų	0.0915434048109	0.273425769023	0.047925125842	0.587105700324
-itų	0.131285074189	0.41805387452	0.150839526535	0.299821524756
-lkė	0.685339690107	0.300754866905	0.0119189511323	0.00198649185538
-ynė	0.712481120417	0.193189619662	0.0407798983935	0.0535493615269
-udų	0.117111995452	0.86355884025	0.0	0.0193291642979
-žni	0.142857142857	0.571428571429	0.285714285714	0.0
-vęs	0.311857040561	0.0921510644034	0.0423926098388	0.553599285197
-žna	0.2	0.2	0.6	0.0
-iuž	0.666666666667	0.333333333333	0.0	0.0
-lmo	0.461538461539	0.538461538461	0.0	0.0
-iha	0.0	1.0	0.0	0.0
-spą	0.0	1.0	0.0	0.0
-klu	0.0384985563042	0.807507218479	0.115495668912	0.0384985563041
-udę	0.41075794621	0.354523227384	0.0501222493888	0.184596577017
-itį	0.0908877407233	0.853687177079	0.0314701737905	0.0239549084077
-klo	0.0928409552437	0.808154374642	0.0483081153011	0.0506965548136
-esį	0.092596823946	0.840426139609	0.0357020450131	0.0312749914315
-kli	0.0432871603623	0.111614278103	0.801145444859	0.0439531166755
-udą	0.134241138484	0.816750539969	0.026313192777	0.0226951287702
-kle	0.261948529412	0.623161764706	0.0689338235295	0.0459558823529
-kla	0.0427556940135	0.921479646278	0.0251677234985	0.0105969362099
-esę	0.199438202247	0.758426966292	0.0421348314607	0.0
-itę	0.255714496387	0.457749594455	0.130069311311	0.156466597847
-itė	0.263611762989	0.516309412861	0.159894002852	0.0601848212982
-esė	0.701237477902	0.145550972304	0.0251781218193	0.128033427975
-ary	0.428571428571	0.285714285714	0.142857142857	0.142857142857
-dėm	0.355769230769	0.153846153846	0.394230769231	0.0961538461538
-yšį	0.297114794352	0.625537139349	0.0073664825046	0.0699815837937
-itą	0.0508127423777	0.152343375627	0.268050027583	0.528793854413
-udį	0.29797979798	0.585858585859	0.020202020202	0.0959595959596
-esą	0.117449241775	0.688964179556	0.0863393621845	0.107247216484
-štė	0.0172811059908	0.965437788018	0.0172811059908	0.0
-bąs	0.58014354067	0.100478468899	0.247607655502	0.0717703349282
-sėn	0.18407960199	0.741293532338	0.0746268656716	0.0
-sėk	0.633352701917	0.235909355026	0.0348634514817	0.0958744915747
-štę	0.0504648074369	0.877822045153	0.0557768924302	0.0159362549801
-štą	0.180823551473	0.653325517738	0.105318292135	0.0605326386538
-sės	0.147360440329	0.686445517696	0.0420439048646	0.12415013711
-usų	0.100211714891	0.553987297107	0.231474947071	0.114326040932
-vus	0.161007648498	0.719188446997	0.0762734603893	0.0435304441157
-ygs	0.166666666667	0.444444444444	0.0	0.388888888889
-mdo	0.631606870482	0.216857881822	0.0699648517806	0.0815703959148
-ygu	0.743639921722	0.0782778864969	0.119373776908	0.0587084148728
-ygy	0.2	0.8	0.0	0.0
-yga	0.0591397849463	0.860215053763	0.0	0.0806451612903
-epų	0.0	1.0	0.0	0.0
-štį	0.214906632325	0.670798454604	0.0595621377978	0.0547327752736
-bės	0.16664919908	0.675647345118	0.0956799865568	0.0620234692452
-ygo	0.363534675615	0.526845637584	0.0257270693512	0.0838926174497
-bėn	0.0897930550684	0.781304805332	0.0841809891266	0.0447211504735
-opė	0.270622286541	0.27496382055	0.0	0.454413892909
-usį	0.445647825546	0.366401301742	0.11901922473	0.0689316479815
-bėk	0.624557654145	0.259495691031	0.0418407138595	0.074105940965
-dės	0.476001711709	0.40040062054	0.0473056619265	0.0762920058242
-bmą	0.0	1.0	0.0	0.0
-zmą	0.178571428571	0.767857142857	0.0	0.0535714285714
-epė	0.754107293596	0.0594581144247	0.0153078580338	0.171126733946
-dėl	0.0635770192055	0.100346126019	0.00396688371481	0.83210997106
-bui	0.106207774907	0.597479120766	0.108037681435	0.188275422891
-dėk	0.675828617623	0.153135465989	0.0445778958309	0.126458020557
-ojí	0.0	0.961538461538	0.0192307692308	0.0192307692308
-epę	0.566710859347	0.277811257081	0.126551765698	0.0289261178739
-štų	0.38526441814	0.431866504123	0.113927667886	0.0689414098514
-epį	0.0	0.846153846154	0.153846153846	0.0
-usą	0.125	0.467741935484	0.370967741936	0.0362903225806
-usę	0.203687221869	0.510235219326	0.0363636363636	0.249713922441
-sąs	0.537855148629	0.0557562818197	0.0250451634094	0.381343406142
-gnį	0.0116921078272	0.978077297824	0.00730756739202	0.0029230269568
-taį	0.0	0.0	0.0	1.0
-rmė	0.220056530444	0.647744670828	0.0845012366034	0.0476975621246
-ėaš	0.0	0.857142857143	0.0	0.142857142857
-enė	0.0488055884738	0.889290837647	0.0104472026445	0.0514563712343
-iiš	0.142857142857	0.0519480519481	0.0519480519481	0.753246753247
-drė	0.0	0.785714285714	0.214285714286	0.0
-erš	0.475716064757	0.47198007472	0.0373599003736	0.0149439601494
-rmą	0.054044380816	0.167501789549	0.531496062992	0.246957766643
-eną	0.0270055975462	0.49820964383	0.0156098731988	0.459174885425
-ajo	0.00849686425246	0.978150920494	0.00606918875179	0.00728302650213
-ksą	0.00197141448989	0.988171513061	0.00788565795958	0.0019714144899
-aji	1.0	0.0	0.0	0.0
-gną	0.0	1.0	0.0	0.0
-aja	0.0419510736884	0.941657117234	0.00508195904539	0.0113098500324
-enį	0.0335320417288	0.907106023238	0.0410297666935	0.0183321683394
-švį	0.0	1.0	0.0	0.0
-gnę	0.0415335463259	0.761980830671	0.143769968051	0.052715654952
-gnė	0.385638297872	0.348404255319	0.0265957446808	0.239361702128
-rmį	0.0	1.0	0.0	0.0
-cra	0.0	1.0	0.0	0.0
-mra	0.0	1.0	0.0	0.0
-ldi	0.281524926686	0.0469208211143	0.66568914956	0.00586510263929
-ldo	0.492182976259	0.294813466788	0.067968125293	0.14503543166
-mre	0.0	1.0	0.0	0.0
-oju	0.335543193328	0.437443783752	0.15256696077	0.0744460621503
-ltė	0.228571428572	0.742857142857	0.0285714285714	0.0
-lda	0.102026686808	0.824332829809	0.0264350453172	0.0472054380665
-lde	0.0	1.0	0.0	0.0
-svę	0.146797153025	0.722419928826	0.108096085409	0.0226868327402
-fra	0.0	1.0	0.0	0.0
-oje	0.0660228285305	0.648181442553	0.0487510377522	0.237044691165
-fro	0.0	0.824427480916	0.175572519084	0.0
-oji	0.177629594986	0.354396828202	0.346739267299	0.121234309513
-sgi	0.25327510917	0.131004366812	0.362445414847	0.25327510917
-ojo	0.486968727143	0.25331831296	0.18438230439	0.0753306555069
-ldu	0.133757961783	0.866242038217	0.0	0.0
-rmų	0.0	0.265605875153	0.269277845777	0.46511627907
-tim	0.454545454546	0.0	0.181818181818	0.363636363636
-ers	0.343009915635	0.546944530317	0.0551381287576	0.05490742529
-dęs	0.682556608076	0.140723643706	0.0496562066535	0.127063541565
-usė	0.802408457421	0.0312483440199	0.00357691696253	0.162766281596
-enų	0.034364332695	0.883211223046	0.0324077928565	0.0500166514029
-usk	0.542330288315	0.323021020817	0.0697863958977	0.0648622949706
-usi	0.495212634604	0.189017682758	0.125975619794	0.189794062844
-uso	0.763994782693	0.132169702344	0.0389926253891	0.0648428895746
-usa	0.153294486777	0.480502017033	0.289556252801	0.0766472433886
-use	0.0774193548387	0.74623655914	0.116129032258	0.0602150537634
-uli	0.191593352884	0.454545454546	0.272482893451	0.0813782991202
-usu	0.0418994413408	0.752793296089	0.180167597765	0.0251396648045
-enę	0.296431072548	0.608062955705	0.0498615592757	0.0456444124713
-ygų	0.303797468354	0.605063291139	0.0	0.0911392405063
-eru	0.101178781925	0.17141453831	0.694990176817	0.032416502947
-epa	0.622267560478	0.157679976683	0.155931215389	0.0641212474497
-epk	0.682703321879	0.288087056128	0.020618556701	0.0085910652921
-epi	0.622377622378	0.244755244755	0.118881118881	0.013986013986
-eps	0.704467353952	0.149140893471	0.0515463917526	0.0948453608247
-rmę	0.0625	0.892991474423	0.0369859578736	0.00752256770311
-eer	0.0	0.927272727273	0.0545454545454	0.0181818181818
-ius	0.135135386417	0.635668368473	0.104347691604	0.124848553506
-iui	0.0613723764041	0.798231289044	0.065815751298	0.0745805832538
-ium	0.184262948207	0.292828685259	0.062749003984	0.46015936255
-iuo	0.111425245302	0.0764593381008	0.0405371694661	0.771578247131
-mdė	0.607120580824	0.287293231207	0.0182630173898	0.0873231705797
-štu	0.354023852005	0.516319439786	0.0421233382075	0.0875333700012
-šte	0.0966171992999	0.608952074992	0.0129462252164	0.281484500492
-uei	0.028880866426	0.927797833935	0.0	0.0433212996391
-šta	0.615927815134	0.231174582294	0.0883263246033	0.0645712779679
-što	0.0461420664919	0.667704456587	0.0901623245719	0.19599115235
-ygį	0.0966346339973	0.869083670651	0.0283196613771	0.00596203397413
-šti	0.690937883846	0.185934880743	0.0687851741713	0.0543420612403
-ndi	0.431192660551	0.403669724771	0.137614678899	0.0275229357798
-mrį	0.0	1.0	0.0	0.0
-kme	0.5	0.401408450704	0.0	0.0985915492958
-ojį	0.0543622381331	0.843542826836	0.0517104216388	0.0503845133917
-iir	0.157024793388	0.446280991736	0.0	0.396694214876
-mrą	0.0	1.0	0.0	0.0
-oję	0.596469092668	0.206731455345	0.0259735317343	0.170825920253
-ldą	0.201610092873	0.679361617121	0.0942908552968	0.0247374347084
-ldę	0.762207225089	0.133386264391	0.0309646685192	0.0734418420008
-oją	0.0971154500306	0.787570583033	0.0464317300497	0.0688822368869
-mrę	0.0	1.0	0.0	0.0
-ach	0.0	0.75	0.25	0.0
-ldė	0.791952338172	0.10723911296	0.0344224313207	0.0663861175469
-ajų	0.0488917861799	0.900260756193	0.0312907431552	0.019556714472
-ojų	0.100295063263	0.790595755774	0.0225547718266	0.0865544091368
-tan	0.125	0.625	0.25	0.0
-kse	0.285714285714	0.714285714286	0.0	0.0
-tai	0.211463350944	0.174100450768	0.0143441634149	0.600092034874
-tad	0.158952627851	0.0306259160648	0.0174975476922	0.792923908392
-ają	0.027868852459	0.940983606557	0.0245901639344	0.00655737704918
-gne	0.0	1.0	0.0	0.0
-kso	0.00250836120402	0.721258361204	0.274352006689	0.00188127090301
-ūfo	0.0	1.0	0.0	0.0
-išį	0.0	1.0	0.0	0.0
-ksu	0.0132743362832	0.975663716814	0.0110619469027	0.0
-tat	0.394321766562	0.208201892744	0.189274447949	0.208201892744
-tau	0.081593341401	0.0175450300763	0.00709367792844	0.893767950594
-pas	0.0609734557844	0.132281996736	0.0146407795364	0.792103767944
-tar	0.0	0.74647887324	0.25352112676	0.0
-tas	0.367073212245	0.293625944033	0.0991215538387	0.240179289883
-eny	0.0	0.625	0.375	0.0
-ufą	0.142857142857	0.657142857143	0.2	0.0
-ent	0.162325158946	0.0843596730245	0.0968574023615	0.656457765668
-enu	0.264403190046	0.251243698777	0.0357391045369	0.44861400664
-bįn	0.0824742268041	0.587628865979	0.288659793814	0.0412371134021
-ens	0.160590312058	0.720517964474	0.0236314380267	0.0952602854413
-eno	0.236326944749	0.225520972866	0.0725584524516	0.465593629933
-eni	0.0728290212615	0.0429762162801	0.0221088100258	0.862085952433
-rme	0.0966514459665	0.784627092846	0.10197869102	0.0167427701674
-ene	0.180920197556	0.688068624903	0.0280738237588	0.102937353782
-rmi	0.00838426406018	0.0331619707433	0.401120843722	0.557332921475
-ena	0.185627795858	0.378400729048	0.0426772304591	0.393294244635
-aką	0.0222181077578	0.961118311424	0.00555452693946	0.0111090538789
-upe	0.833333333333	0.166666666667	0.0	0.0
-akę	0.54637605002	0.330287037249	0.0567753432795	0.0665615694517
-ątą	0.450980392157	0.274509803922	0.274509803922	0.0
-akė	0.892295024505	0.0373172848187	0.00250869359848	0.0678789970783
-rys	0.155084756616	0.546689855536	0.0484756148392	0.24974977301
-akį	0.177078906361	0.565094205978	0.0155829437597	0.242243943901
-ešu	0.0581959262852	0.910766246363	0.0106692531523	0.0203685741998
-nsu	0.0	1.0	0.0	0.0
-ubų	0.021613832853	0.93083573487	0.00432276657061	0.0432276657061
-eša	0.627642007926	0.217470277411	0.0472258916777	0.107661822985
-eše	0.152380952381	0.701587301587	0.0698412698413	0.0761904761905
-nsi	0.674638691218	0.205560853936	0.0317658278923	0.0880346269532
-eši	0.217100868404	0.11623246493	0.0100200400802	0.656646626587
-ešk	0.627721720659	0.289431757833	0.0	0.0828465215082
-srų	0.0442176870748	0.869614512472	0.00907029478457	0.0770975056689
-ešo	0.0282220131703	0.885451828897	0.0564440263405	0.0298821315921
-fio	0.0	1.0	0.0	0.0
-ubę	0.375	0.53125	0.09375	0.0
-pur	0.0	1.0	0.0	0.0
-pus	0.228970277649	0.437647116791	0.0426428726604	0.2907397329
-srą	0.0	1.0	0.0	0.0
-ubė	0.391663048198	0.306990881459	0.11115935736	0.190186712983
-pui	0.00762631077217	0.974261201144	0.00571973307912	0.0123927550048
-nam	0.0877639326835	0.200184929364	0.0446554583231	0.667395679629
-nkė	0.65103926097	0.165127020785	0.0916859122402	0.0921478060046
-akų	0.0362124463519	0.911681866953	0.0339994635193	0.018106223176
-yju	0.636717368235	0.269543685886	0.0813583303856	0.0123806154934
-msa	0.0	0.894910773298	0.0882352941177	0.0168539325843
-lgu	0.5	0.0	0.0	0.5
-lgs	0.633333333333	0.209523809524	0.0642857142858	0.0928571428572
-oku	0.0278567367823	0.940306992609	0.0	0.0318362706083
-dei	0.61273769997	0.142457224363	0.134727721454	0.110077354214
-msi	0.541313350424	0.213172944192	0.175507789391	0.0700059159929
-zlę	0.451807228916	0.503012048193	0.0451807228915	0.0
-oks	0.176434801607	0.105897181655	0.0680873233282	0.64958069341
-yje	0.072838202007	0.626448922935	0.0234944218667	0.277218453191
-oko	0.421692560069	0.47553797163	0.0498890282737	0.052880440027
-des	0.0612792033703	0.901187284565	0.0053619302949	0.0321715817694
-oki	0.51906779661	0.220338983051	0.139830508475	0.120762711864
-yja	0.611916023256	0.221429773233	0.0645809575443	0.102073245967
-msu	0.21835443038	0.414556962025	0.158227848101	0.208860759494
-lga	0.15315739868	0.691328934967	0.116242538486	0.0392711278668
-lgo	0.848430962343	0.0969142259414	0.0187238493724	0.0359309623431
-opų	0.1	0.75	0.15	0.0
-oka	0.430507372073	0.421400693842	0.0749132697311	0.0731786643539
-yji	0.8	0.2	0.0	0.0
-lgi	0.54620547238	0.23541559112	0.0604026845638	0.157976251936
-pės	0.0275006272073	0.929077329834	0.0110002508829	0.0324217920759
-biu	0.54346194858	0.238043521188	0.0531179653252	0.165376564907
-bis	0.151240717261	0.426009780837	0.374932077522	0.0478174243797
-kir	0.0799999999999	0.92	0.0	0.0
-ždu	0.594679186229	0.280125195618	0.0625978090767	0.0625978090767
-ūpų	0.160916513037	0.788517250461	0.00474058467211	0.0458256518304
-rlų	0.0	0.965267727931	0.0347322720695	0.0
-upę	0.176966146316	0.788772294115	0.0140160925507	0.0202454670177
-upą	0.0	0.923076923077	0.0769230769229	0.0
-bia	0.725390110087	0.155132470057	0.0293232670337	0.0901541528214
-bio	0.17640731445	0.754033703836	0.0415919684475	0.0279670132664
-lįs	0.171783044377	0.536822013679	0.132018450771	0.159376491172
-aža	0.118424634744	0.0801597144499	0.65125986872	0.150155782087
-upo	0.578474192623	0.308987152103	0.0168967386106	0.095641916664
-rlę	0.136267232238	0.858430540827	0.0	0.00530222693532
-upų	0.0	1.0	0.0	0.0
-aži	0.103302611367	0.125448028674	0.657322068612	0.113927291347
-rlė	0.0174418604651	0.982558139535	0.0	0.0
-kit	0.375	0.5625	0.03125	0.03125
-ažo	0.311649016641	0.416036308623	0.226928895613	0.0453857791225
-ažu	0.140877598152	0.252886836028	0.495381062356	0.110854503464
-rlą	0.0	0.938900203666	0.0488798370672	0.0122199592668
-met	0.0605175178465	0.0642856753719	0.00403147455722	0.871165332224
-mes	0.0223217828767	0.0975656464995	0.00703812109195	0.873074449532
-lus	0.117035886179	0.763431537555	0.0873615072988	0.0321710689667
-lui	0.0605506572514	0.862504563193	0.0346145328453	0.0423302467107
-oja	0.551406821177	0.342376358457	0.0547497682486	0.0514670521169
-ydi	0.556913996627	0.223861720067	0.107925801012	0.111298482293
-men	0.0243421700995	0.0773627673204	0.00266088499064	0.895634177589
-mei	0.197905218637	0.696856162787	0.0467912212342	0.0584473973424
-jis	0.0337750577706	0.0725870448312	0.000412845268185	0.89322505213
-mek	0.0	1.0	0.0	0.0
-yda	0.186274509804	0.769607843137	0.00980392156863	0.0343137254902
-ndu	0.44836532453	0.422287073419	0.0343522314228	0.0949953706279
-sro	0.107954545455	0.892045454545	0.0	0.0
-šus	0.0430730086198	0.564241700419	0.0919617821166	0.300723508845
-ubs	0.802816901409	0.0845070422535	0.0281690140845	0.0845070422535
-ubu	0.113636363636	0.659090909091	0.181818181818	0.0454545454545
-pūs	0.720930232558	0.209302325581	0.0697674418605	0.0
-ųiš	0.839116719243	0.0283911671924	0.0	0.132492113564
-ubo	0.303864948912	0.581519324745	0.031985784096	0.0826299422479
-šui	0.0993204391009	0.721380031364	0.103502352326	0.0757971772086
-uba	0.423926048547	0.298428203825	0.164063396325	0.113582351302
-šum	0.10313174946	0.258639308855	0.0631749460043	0.57505399568
-ube	0.333333333333	0.333333333333	0.0	0.333333333333
-šuo	0.0471003826906	0.952899617309	0.0	0.0
-ešė	0.818559188087	0.0705274103652	0.0173063805008	0.0936070210465
-ešę	0.444444444444	0.444444444444	0.0	0.111111111111
-iži	0.666666666667	0.333333333333	0.0	0.0
-ešą	0.057251908397	0.710877862595	0.214694656489	0.0171755725191
-ejį	0.333333333333	0.0	0.666666666667	0.0
-ako	0.786866010755	0.0729960902356	0.0140137899009	0.126124109109
-kmę	0.631578947368	0.368421052632	0.0	0.0
-ake	0.0	0.285714285714	0.714285714286	0.0
