-yer	0.0	1.0	0.0	0.0
-rbu	0.404761904762	0.485119047619	0.0386904761905	0.0714285714286
-cak	0.163703076489	0.758396838837	0.0660457239627	0.0118543607113
-cah	0.24617310647	0.167245205713	0.542878279178	0.0437034086382
-can	0.257879656161	0.699140401146	0.0429799426934	0.0
-her	0.325932956358	0.324017587092	0.309638023796	0.0404114327534
-hel	0.0431654676259	0.913669064748	0.0	0.0431654676259
-hem	0.0361247947455	0.949096880131	0.0	0.0147783251232
-rba	0.383629191322	0.207100591716	0.335305719921	0.0739644970414
-cap	0.811926605505	0.15504587156	0.00550458715599	0.0275229357798
-cau	0.387773089545	0.500909517112	0.0582841068917	0.053033286451
-cat	0.252090032154	0.551125401929	0.169774919614	0.0270096463022
-aan	0.164288739137	0.668239881091	0.0690565141407	0.098414865631
-kho	0.0	1.0	0.0	0.0
-lem	0.00527644989628	0.986651032741	0.000947055109589	0.00712546225309
-aus	0.0242063301475	0.975793669853	0.0	0.0
-aut	0.063309352518	0.735731414868	0.178896882494	0.0220623501199
-oya	0.0	0.238805970149	0.582089552239	0.179104477612
-hun	0.0243842242954	0.943481909275	0.0147588725998	0.0173749938299
-zin	0.49430523918	0.485193621868	0.00341685649203	0.0170842824601
-ang	0.191171380694	0.210753666993	0.043085691145	0.554989261168
-zim	0.0	1.0	0.0	0.0
-aud	0.00853096741171	0.987544787579	0.00102371608941	0.00290052891998
-aui	0.374585635359	0.316022099447	0.209944751381	0.0994475138121
-auh	0.229211858279	0.73608098337	0.00867678958785	0.0260303687635
-aum	0.130020315674	0.822003438037	0.0273480231286	0.0206282231599
-nsa	0.648940028354	0.0642906597211	0.0258151725957	0.260954139329
-zia	0.0	1.0	0.0	0.0
-put	0.698884758364	0.234200743494	0.0594795539034	0.00743494423792
-pah	0.541076159149	0.345392974345	0.032840296964	0.0806905695418
-pur	0.19387755102	0.80612244898	0.0	0.0
-pus	0.107383951562	0.833321734289	0.00751618066671	0.0517781334818
-uai	0.45358138575	0.431855915354	0.0300286908884	0.0845340080084
-uah	0.246621280098	0.169440933162	0.0424364116214	0.541501375119
-uak	0.330434782609	0.530434782609	0.139130434783	0.0
-nah	0.381455513573	0.160319918954	0.0246121535915	0.433612413882
-uan	0.177779972517	0.481950676273	0.0642948729956	0.275974478215
-uap	0.27989821883	0.442239185751	0.164885496183	0.112977099237
-uas	0.236288016636	0.44710163764	0.241746815701	0.0748635300234
-pak	0.0746405224263	0.234286120347	0.0373871194382	0.653686237788
-eus	0.0084	0.9838	0.0	0.00779999999999
-pul	0.51423690205	0.12383516256	0.0163594947194	0.345568440671
-was	0.552336448598	0.314018691589	0.0560747663551	0.0775700934579
-pun	0.0991746249715	0.157478382769	0.0208482419821	0.722498750277
-puh	0.279190751445	0.238342967245	0.462427745665	0.0200385356455
-pui	0.0292898590771	0.926406926407	0.0288293267017	0.0154738878143
-puk	0.242478308607	0.698230627702	0.0194848640845	0.0398061996069
-smu	0.328325393917	0.584463173324	0.0641260534995	0.0230853792598
-fia	0.0363636363636	0.963636363636	0.0	0.0
-nal	0.720782126368	0.194077707715	0.0307472482861	0.0543929176307
-car	0.580685244707	0.332333742006	0.0368799496339	0.0501010636535
-nam	0.161012971497	0.175264550265	0.196172555043	0.467549923195
-sis	0.0	1.0	0.0	0.0
-nmu	0.211716344814	0.571117547071	0.0966538897922	0.120512218323
-ope	0.0713849908481	0.90726052471	0.0091519219036	0.0122025625381
-smi	0.434426229508	0.516393442623	0.0491803278689	0.0
-uki	0.144669180665	0.799794309222	0.00719917723689	0.0483373328762
-dea	0.00501183349575	0.984964499513	0.00668244466101	0.0033412223305
-imu	0.0960204346129	0.421082105043	0.0257328587332	0.457164601611
-rbe	0.0405405405405	0.959459459459	0.0	0.0
-gko	0.606414312901	0.193545787886	0.102346844266	0.0976930549465
-dek	0.0346889952153	0.954545454545	0.0	0.0107655502392
-del	0.236842105263	0.114035087719	0.622807017544	0.0263157894737
-400	0.0	0.44387755102	0.015306122449	0.540816326531
-ima	0.602236367352	0.104923028198	0.0656703299075	0.227170274542
-oko	0.481927710843	0.389558232932	0.0	0.128514056225
-des	0.0187454124555	0.894867596409	0.0443791993677	0.0420077917678
-okh	0.0123736852959	0.975252629408	0.0	0.0123736852959
-imi	0.508667921743	0.484135361738	0.00599726376588	0.00119945275318
-kil	0.744897959184	0.15306122449	0.0816326530612	0.0204081632653
-ido	0.328951966113	0.222176251606	0.0598635520435	0.389008230238
-bit	0.230602562552	0.643240644986	0.0356142953748	0.0905424970875
-ias	0.0958333333334	0.847916666667	0.0294642857143	0.0267857142857
-ida	0.0760869565218	0.853497164461	0.0378071833648	0.0326086956522
-bia	0.0272727272727	0.896363636364	0.0490909090909	0.0272727272727
-bil	0.520137276673	0.0543050368426	0.0801453517715	0.345412334713
-gus	0.108455039623	0.662846289868	0.0589429563167	0.169755714192
-bik	0.612755314715	0.225510629429	0.151729887453	0.0100041684035
-bih	0.092100540371	0.024987748739	0.285557983273	0.597353727617
-rif	0.0645792563601	0.681017612525	0.254403131115	0.0
-dam	0.227183668142	0.61373856485	0.103552832132	0.0555249348764
-ter	0.21080083412	0.522135809482	0.177454639455	0.0896087169432
-uta	0.0418481095572	0.107228199561	0.816341383535	0.0345823073471
-ria	0.0276547768058	0.772544434653	0.0129818286804	0.186818959861
-rin	0.475409836066	0.245901639344	0.147540983607	0.131147540984
-eji	0.332941517079	0.092980294369	0.0204023192476	0.553675869305
-ril	0.0092879256966	0.97213622291	0.0	0.0185758513932
-uti	0.0918716233687	0.87087898095	0.0121269180272	0.0251224776546
-rik	0.0446157579356	0.0406261590534	0.00634355784083	0.90841452517
-hli	0.166767738023	0.619466343238	0.184202546998	0.0295633717404
-eru	0.580650154799	0.198916408669	0.12693498452	0.0934984520124
-tea	0.0920245398773	0.907975460123	0.0	0.0
-rit	0.0731014904188	0.910811450201	0.0111189969245	0.00496806245564
-ris	0.248610913235	0.696965379684	0.0202308021086	0.0341929049722
-rip	0.332558139535	0.146511627907	0.00465116279069	0.516279069768
-utu	0.295081967213	0.462799495586	0.0378310214376	0.204287515763
-lau	0.142190981647	0.439631112919	0.262053490161	0.156124415273
-sia	0.0575592956522	0.727209227032	0.123400009692	0.0918314676234
-ten	0.0899522443058	0.696057772742	0.0687216086574	0.145268374295
-jin	0.224738675958	0.236933797909	0.261324041812	0.277003484321
-hdo	0.359801832135	0.413223894094	0.0535113607564	0.173462913015
-jil	0.0165289256198	0.768595041322	0.165289256198	0.0495867768595
-duk	0.339126177946	0.387957410354	0.183331293599	0.0895851181006
-ara	0.126259604612	0.385828342627	0.0517870927862	0.436124959975
-mes	0.0	1.0	0.0	0.0
-lup	0.930379746835	0.0696202531645	0.0	0.0
-wak	0.369588789724	0.44023688381	0.0798231712404	0.110351155226
-lus	0.0415917721142	0.810349137572	0.0162605497161	0.131798540598
-lut	0.88638195004	0.0713134568896	0.00483481063659	0.0374697824336
-ari	0.0741637648556	0.420855904791	0.0148614168979	0.490118913455
-luh	0.0994600845542	0.168980768798	0.11909678679	0.612462359859
-aru	0.683486411202	0.137525408417	0.0474290446435	0.131559135737
-luk	0.110240929757	0.545153369909	0.0586491315571	0.285956568778
-mea	0.0	0.963636363636	0.0	0.0363636363636
-wai	0.233654021288	0.590554391941	0.113061360144	0.0627302266273
-lun	0.0403226380474	0.200607164461	0.0051286458021	0.75394155169
-mel	0.832704402516	0.11572327044	0.0201257861635	0.0314465408805
-men	0.0358208955224	0.910447761194	0.0	0.0537313432836
-mei	0.0	1.0	0.0	0.0
-jis	0.370973513162	0.0290788913902	0.578647680817	0.0212999146313
-alu	0.443929511824	0.0839512269181	0.0378940653078	0.43422519595
-aya	0.441369669806	0.475288928135	0.0411124268898	0.04222897517
-rah	0.0867781550741	0.786854145743	0.0360291421557	0.0903385570276
-kis	0.0191693290735	0.961661341853	0.0191693290735	0.0
-goh	0.0501393295449	0.0809243431502	0.300762261029	0.568174066276
-ayo	0.111111111111	0.222222222222	0.0	0.666666666667
-kia	0.00207004843779	0.993789854687	0.00414009687558	0.0
-ayu	0.365308899934	0.538088883443	0.0491173578021	0.0474848588203
-mos	0.0	0.983739837398	0.0162601626016	0.0
-ber	0.130712485319	0.719176003273	0.0290985391346	0.121012972274
-sra	0.0924170616113	0.804502369668	0.0462085308057	0.0568720379147
-lap	0.224539877301	0.484662576687	0.257668711656	0.0331288343558
-uba	0.661948717949	0.198974358974	0.0547692307692	0.0843076923077
-ili	0.607993115977	0.321158810594	0.058418586863	0.0124294865666
-ipi	0.0896405919662	0.862579281184	0.03044397463	0.0173361522199
-inu	0.0154241645244	0.830334190231	0.0462724935732	0.107969151671
-nsi	0.0395095367847	0.91553133515	0.0163487738419	0.0286103542234
-umu	0.257868205092	0.633555708554	0.0576118009227	0.0509642854317
-ota	0.0646894375855	0.855660378149	0.0112218166525	0.0684283676132
-ija	0.339763763748	0.122768408836	0.00387169520105	0.533596132215
-oti	0.731343283582	0.0597014925373	0.149253731343	0.0597014925373
-hwa	0.0505345479291	0.00650297748391	0.00271884877689	0.94024362581
-iji	0.183653797372	0.577646999137	0.167672873015	0.0710263304754
-uma	0.102954351423	0.355375907754	0.317674462725	0.223995278097
-umi	0.0102878904141	0.97300139256	0.00477449057891	0.0119362264473
-ako	0.582673000481	0.238947526221	0.0595574540364	0.118822019262
-nak	0.0259497146039	0.802007119179	0.0258395831891	0.146203583028
ALL	0.215870927318	0.254709721194	0.0480536570093	0.481365694479
-nai	0.262539001974	0.242381083777	0.0317810370811	0.463298877168
-nan	0.176401154754	0.637283973979	0.129304078331	0.0570107929358
-aki	0.273493842228	0.585265727283	0.0816598246976	0.0595806057917
-gdo	0.463114081991	0.208307496046	0.0593351870441	0.269243234919
-kik	0.126254014056	0.0492994299339	0.00846954571638	0.815977010294
-sir	0.0212811693895	0.896173688736	0.0715821152193	0.0109630266552
-ake	0.018018018018	0.945945945946	0.036036036036	0.0
-kin	0.303481346504	0.14017454685	0.253572456124	0.302771650523
-kim	0.0658943184056	0.869930345408	0.0277544004154	0.0364209357709
-sit	0.396142433234	0.43471810089	0.0178041543027	0.151335311573
-sik	0.031718061674	0.947136563877	0.0211453744493	0.0
-kir	0.822222222222	0.177777777778	0.0	0.0
-sih	0.087227540312	0.764938819717	0.00680607749706	0.141027562474
-sin	0.047770700637	0.464968152866	0.468152866242	0.0191082802547
-sim	0.0618661987968	0.821962827907	0.0584291877524	0.0577417855436
-kit	0.298923416275	0.654313863664	0.0196895663415	0.0270731537195
-nar	0.511703037405	0.369461248535	0.0895702023881	0.0292655116714
-sib	0.244563889568	0.682873198143	0.0725629122893	0.0
-aku	0.45871199582	0.315157558629	0.101295160854	0.124835284696
-aun	0.141025641026	0.839743589744	0.0192307692308	0.0
-nat	0.461819733073	0.424766896215	0.0771527820099	0.0362605887013
-nau	0.0361619363204	0.907217980118	0.0216107189166	0.0350093646449
-nti	0.476602438065	0.287455760912	0.143924498624	0.0920173023987
-gok	0.409371153061	0.458195057569	0.0705697213859	0.0618640679835
-gom	0.11553716158	0.743921365753	0.0724262803932	0.0681151922745
-mor	0.11726710649	0.42689371697	0.301440364754	0.154398811785
-gon	0.0	1.0	0.0	0.0
-gog	0.0	0.964912280702	0.0350877192982	0.0
-lku	0.512195121951	0.243902439024	0.0731707317074	0.170731707317
-yni	0.2	0.766666666667	0.0	0.0333333333333
-lko	0.668533601969	0.0933820267112	0.0200998185933	0.217984552727
-mon	0.0632200753462	0.394449170786	0.398112172251	0.144218581616
-gor	0.348397790849	0.611481737316	0.00938158065933	0.0307388911754
-moh	0.0382932801096	0.372396347053	0.511563410191	0.0777469626466
-yat	0.227335164835	0.606913919414	0.10989010989	0.0558608058608
-coh	0.768925166137	0.19712510835	0.0108350187807	0.0231147067321
-cok	0.701388135777	0.13211690706	0.00357878755016	0.162916169613
-yar	0.651298570566	0.279386810089	0.0116962428217	0.0576183765232
-rlu	0.455163372615	0.216452683928	0.0766632942417	0.251720649216
-mfa	0.0	1.0	0.0	0.0
-bet	0.0132145935076	0.823039356507	0.00517092789428	0.158575122091
-nta	0.0693003013057	0.32474054235	0.258118513559	0.347840642785
-bei	0.0729001584786	0.118858954041	0.80824088748	0.0
-ben	0.0	0.929824561404	0.0	0.0701754385965
-jub	0.352941176471	0.418300653595	0.150326797386	0.078431372549
-bel	0.0462097040378	0.875233799098	0.0161733964132	0.0623831004511
-yal	0.178571428571	0.625	0.142857142857	0.0535714285714
-yan	0.0721418444041	0.876206302502	0.0162212431205	0.0354306099736
-yai	0.654406065175	0.0983785850048	0.047888550283	0.199326799537
-yah	0.0753709606912	0.398112901721	0.293379438389	0.233136699199
-yak	0.0547717187902	0.0186599283457	0.00631151454215	0.920256838322
-cor	0.521212373105	0.362994981349	0.0113465155183	0.104446130028
-reh	0.0321256615029	0.244449186423	0.273914339414	0.44951081266
-upu	0.0	0.859649122807	0.140350877193	0.0
-uga	0.101122672428	0.0316804846239	0.0821950717904	0.785001771158
-isi	0.084683011822	0.87131981259	0.0175064607647	0.0264907148228
-rat	0.300390282685	0.557278462712	0.0666646986056	0.0756665559969
-rea	0.0292917166867	0.877911164466	0.0378151260504	0.0549819927972
-isa	0.00856568150054	0.595411395277	0.00332330621115	0.392699617011
-ual	0.903578257307	0.0841300191205	0.0057361376673	0.00655558590549
-upa	0.525103638876	0.362966374942	0.0525103638876	0.0594196222939
-res	0.0533689126084	0.839893262175	0.0266844563042	0.0800533689126
-isu	0.330261136713	0.0645161290323	0.57757296467	0.0276497695852
-npa	0.136203105218	0.106483640968	0.0655694009462	0.691743852869
-ret	0.234084777759	0.757723013558	0.0027307362279	0.00546147245581
-upi	0.153017679334	0.770575086365	0.0361715098557	0.0402357244462
-hab	0.0314685314685	0.926573426573	0.0	0.041958041958
-jut	0.522212148685	0.227561196736	0.190389845875	0.0598368087035
-lmu	0.216352996995	0.459275660288	0.303020718014	0.0213506247035
-hai	0.25633890608	0.530598161216	0.050644464727	0.162418467977
-mas	0.0453751827188	0.745259460776	0.184698310866	0.0246670456391
-hak	0.128606998197	0.325060378391	0.0204845815607	0.525848041851
-hal	0.0929820531284	0.527981207815	0.0355713366383	0.343465402418
-mat	0.145200384597	0.725151854517	0.0540269942494	0.0756207666358
-han	0.13415364091	0.588307864299	0.0601193343378	0.217419160454
-hap	0.240906943788	0.558337269721	0.0661313179027	0.134624468588
-mah	0.194393894212	0.6637296006	0.108822035886	0.0330544693023
-mak	0.236191032253	0.0583570802534	0.0107167571641	0.694735130329
-has	0.0	1.0	0.0	0.0
-hat	0.0890023226198	0.308467807657	0.491346912388	0.111182957335
-mal	0.133891213389	0.615062761506	0.200836820084	0.0502092050209
-jud	0.677103342297	0.193430656934	0.00230503265463	0.127160968114
-man	0.12225200696	0.749382355199	0.06317160943	0.0651940284105
-juk	0.0714713727285	0.0438240314883	0.0289984974924	0.855706098291
-jui	0.554502369668	0.324644549763	0.0497630331753	0.0710900473933
-jun	0.47131147541	0.303278688525	0.127049180328	0.0983606557377
-uat	0.395373838796	0.189101510128	0.25212449903	0.163400152046
-nku	0.275892594859	0.440613773003	0.0643999971651	0.219093634973
-uni	0.149112736345	0.0919565897884	0.0144520326489	0.744478641217
-ung	0.387904286092	0.27558659746	0.096030452617	0.240478663832
-una	0.122235281547	0.258788332087	0.523560209424	0.095416176942
-eor	0.0	1.0	0.0	0.0
-pta	0.118881118881	0.755244755245	0.0	0.125874125874
-hil	0.0286168521462	0.133545310016	0.764705882353	0.0731319554849
-nko	0.461037539366	0.159776454187	0.0395568180076	0.33962918844
-666	0.0	0.0	0.0	1.0
-him	0.0	1.0	0.0	0.0
-tre	0.168284789644	0.823948220065	0.0	0.00776699029125
-bar	0.19801379823	0.513402787995	0.200142015851	0.0884413979235
-gad	0.155844155844	0.688311688312	0.0	0.155844155844
-tra	0.0	0.933333333333	0.0666666666666	0.0
-ada	0.114596983412	0.0915669658557	0.042469987571	0.751366063161
-gan	0.378749518601	0.461255275683	0.0728415059626	0.0871536997531
-gam	0.0518731988473	0.247838616715	0.492795389049	0.207492795389
-gal	0.366038283606	0.132030721734	0.0346120670792	0.46731892758
-gak	0.429022540017	0.432906246597	0.0448622554535	0.0932089579326
-dko	0.552857142857	0.1725	0.0385714285714	0.236071428571
-gai	0.0763511747041	0.0612019077901	0.0263416357534	0.836105281752
-adi	0.535027188089	0.0445581947795	0.0281746117059	0.392240005425
-tru	0.318419231011	0.241079856523	0.0531747530049	0.387326159461
-iko	0.673678609149	0.196482327425	0.0295330985465	0.10030596488
-adu	0.754133321556	0.0111777559175	0.00143108568657	0.23325783684
-gas	0.339898811135	0.431551770805	0.054446272044	0.174103146016
-gar	0.495388336867	0.185039726399	0.201580279689	0.117991657045
-gap	0.569920349491	0.230732740551	0.0756790150696	0.123667894888
-sni	0.338971820429	0.277997298295	0.0789425191149	0.304088362162
-lan	0.132847727583	0.202289166093	0.226517988964	0.43834511736
-ini	0.272482602249	0.44979393989	0.0463655920617	0.2313578658
-sem	0.0	1.0	0.0	0.0
-kul	0.463100746797	0.419540448355	0.0280956149415	0.0892631899063
-sek	0.631895687061	0.102920271606	0.0939509175007	0.171233123832
--mu	0.304561125751	0.444415511369	0.0546835126605	0.196339850219
-ina	0.336409256246	0.337153852535	0.139311352938	0.187125538281
-uit	0.130115633492	0.830201974601	0.012943384206	0.0267390077013
-sea	0.0208333333333	0.979166666667	0.0	0.0
-ing	0.22943086153	0.298724146399	0.134391897742	0.33745309433
-kni	0.196046096625	0.544098272892	0.0499900869922	0.20986554349
-kah	0.163866920198	0.230881587075	0.0393377499485	0.565913742779
-uil	0.0648016990863	0.831515582376	0.103682718538	0.0
-set	0.0	1.0	0.0	0.0
-ses	0.025	0.95	0.0125	0.0125
-ser	0.632124352332	0.0552239784876	0.00314816029383	0.309503508887
-noh	0.0437240055455	0.862216060574	0.0106643915965	0.0833955422843
-kut	0.283134702151	0.612060144808	0.0342041922061	0.0706009608357
-kus	0.108518682371	0.765001570845	0.0707628323086	0.0557169144755
-kup	0.187407952872	0.0822901325479	0.299521354934	0.430780559647
-iam	0.177328843996	0.233445566779	0.471380471381	0.117845117845
-rsi	0.108168593808	0.712793733682	0.134278254383	0.0447594181275
-ian	0.0551901481498	0.0994827504105	0.0178830497819	0.827444051658
-nes	0.020186427596	0.864968631875	0.00922242672526	0.105622513804
-iak	0.85761020182	0.0634181364272	0.0151084935851	0.0638631681679
-nen	0.0203294777427	0.717490361023	0.25797406239	0.00420609884331
-iat	0.242746005046	0.511143818335	0.215412111018	0.0306980656014
-toa	0.382608695652	0.617391304348	0.0	0.0
-nok	0.649895178197	0.290566037736	0.0218029350105	0.0377358490566
-nek	0.0683717820127	0.6919926446	0.0277499164159	0.211885656971
-neh	0.131496354093	0.129995614053	0.116710539972	0.621797491882
-iar	0.193156732892	0.201356039104	0.565279091769	0.0402081362346
-aok	0.0131317660624	0.96316699763	0.0134520530395	0.0102491832682
-kun	0.2783633555	0.6073866412	0.0726165275216	0.0416334757791
-kum	0.210085016267	0.733747820475	0.0222450864953	0.0339220767629
-aoh	0.125518377832	0.139918453504	0.0358321675537	0.69873100111
-kuk	0.667558008031	0.197903107202	0.0272561419285	0.107282742839
-tko	0.673290201449	0.226543127988	0.0461977810972	0.0539688894659
-kui	0.693703308431	0.184631803629	0.0309498399146	0.0907150480256
-nom	0.612885638971	0.333494455342	0.0384444606816	0.0151754450059
-ban	0.0747061707456	0.854225860003	0.0352841185501	0.0357838507012
-bal	0.224778761062	0.690265486726	0.0690265486726	0.0159292035398
-bak	0.414226725564	0.523661774866	0.0164598990935	0.0456516004773
-bah	0.304106583302	0.497769652097	0.0360978878019	0.162025876799
-bai	0.165923094661	0.427466283371	0.147619155721	0.258991466247
-gsu	0.00999111900533	0.110790408526	0.879218472469	0.0
-bad	0.285714285714	0.48051948052	0.103896103896	0.12987012987
-ekh	0.0	1.0	0.0	0.0
-hon	0.698924731183	0.150537634409	0.0645161290322	0.0860215053763
-jor	0.0340567185199	0.477754305102	0.405607835606	0.082581140772
-iap	0.272738309943	0.0832134108846	0.581081685429	0.0629665937426
-hor	0.0	1.0	0.0	0.0
-jom	0.404761904762	0.357142857143	0.0952380952381	0.142857142857
-gsi	0.348010860583	0.171526384134	0.129854798725	0.350607956558
-hot	0.253579676674	0.603849114704	0.0415704387991	0.101000769823
-bat	0.24850487343	0.590367853227	0.119573266938	0.0415540064051
-bau	0.212913677389	0.474658643832	0.312427678778	0.0
-gsa	0.0400807829735	0.756548081404	0.0165682771477	0.186802858474
-bas	0.058098305195	0.665723301129	0.25275690446	0.0234214892164
-nya	0.919851507571	0.0363348465566	0.00117527875754	0.0426383671149
-asa	0.201351315965	0.552172571845	0.0953358828851	0.151140229304
-nyi	0.304300198112	0.596410674746	0.0550984733714	0.04419065377
-pdo	0.390282156919	0.373593378202	0.082718761582	0.153405703297
-asi	0.359031070975	0.191576737638	0.109372243167	0.340019948221
-mba	0.125698324022	0.766410614525	0.0481843575419	0.0597067039106
-zur	0.0	1.0	0.0	0.0
-nyu	0.0470219435737	0.905956112853	0.0470219435737	0.0
-mbi	0.1133384734	0.813415574402	0.053199691596	0.0200462606014
-lta	0.0	1.0	0.0	0.0
-dia	0.125255623722	0.609406952965	0.207055214724	0.058282208589
-430	0.15625	0.0	0.0	0.84375
-rau	0.930877773726	0.0342805846214	0.00185148820377	0.0329901534491
-gur	0.707395498392	0.260450160772	0.032154340836	0.0
-ras	0.155322746411	0.248814773066	0.403391572456	0.192470908066
-rap	0.328556518423	0.566805265377	0.0198011763204	0.0848370398795
-ran	0.312002779626	0.553093576348	0.0844989983314	0.0504046456951
-eri	0.0871530098792	0.678601746177	0.0355960909915	0.198649152952
-iwa	0.086775426219	0.721032218329	0.0468733660491	0.145318989403
-ram	0.0215795676203	0.0204192739023	0.0125250562493	0.945476102228
-rak	0.38018507827	0.280454728916	0.0894521760989	0.249908016715
-iwe	0.0863580374131	0.913641962587	0.0	0.0
-rai	0.463396226415	0.437735849057	0.0384905660377	0.0603773584906
-era	0.0569145307475	0.79227170841	0.110369359711	0.0404444011305
-rab	0.123989218329	0.768194070081	0.0350404312669	0.0727762803234
-ugu	0.0697072967039	0.340912458411	0.574428534867	0.0149517100176
-ado	0.560246713401	0.158945573497	0.0600082241084	0.220799488994
-por	0.507985975847	0.246591351772	0.166342033502	0.0790806388781
-nni	0.112246300559	0.300231886598	0.0655776580308	0.521944154812
-pot	0.205479452055	0.744292237443	0.0365296803652	0.013698630137
-pok	0.286991090049	0.0402680143743	0.0899489837311	0.582791911845
-poh	0.364179104478	0.573134328358	0.0358208955224	0.0268656716418
-pon	0.0	0.918824893699	0.0811751063007	0.0
-pol	0.779084158416	0.0998349834983	0.0204207920792	0.100660066007
-aza	0.0	1.0	0.0	0.0
-ugi	0.393736017897	0.434004474273	0.145413870246	0.0268456375839
-ike	0.0233463035019	0.976653696498	0.0	0.0
-uju	0.571776649746	0.167918781726	0.0383756345178	0.22192893401
-ika	0.0745394526674	0.818443190289	0.0207645618145	0.0862527952295
-lal	0.354929577465	0.0971830985915	0.481690140845	0.0661971830986
-aat	0.410993781396	0.33999760945	0.119395296539	0.129613312615
-nor	0.0736043704119	0.456698290369	0.302051069434	0.167646269785
-nos	0.0344827586207	0.965517241379	0.0	0.0
-lah	0.0489373856345	0.697691610394	0.0239373908019	0.229433613169
-lai	0.546126217764	0.198248705848	0.0231823719351	0.232442704452
-iki	0.56780275562	0.221174764322	0.0761421319797	0.134880348078
-lak	0.180528818459	0.103931372456	0.595367139381	0.120172669704
-lat	0.171047469596	0.702824637113	0.0825814044723	0.0435464888191
-aal	0.0416666666667	0.958333333333	0.0	0.0
-iku	0.0337690047146	0.0514694144555	0.00763454839721	0.907127032433
-fos	0.0	1.0	0.0	0.0
-iks	0.0541806020067	0.915719063545	0.0	0.0301003344481
-aah	0.0211156326922	0.91483564907	0.0217869389338	0.0422617793044
-lar	0.178478539182	0.775203827235	0.00603732902096	0.0402803045617
-las	0.0916764907181	0.235721457236	0.0806753118319	0.591926740214
-uji	0.636322274882	0.275981042654	0.0489857819905	0.0387109004739
-aaf	0.679344652205	0.119973667166	0.111489822572	0.0891918580575
--ni	0.1916675627	0.587997291832	0.0664764888354	0.153858656632
-ahi	0.396483592005	0.28119809862	0.216482446595	0.10583586278
-dor	0.665573770492	0.134426229508	0.0262295081967	0.173770491803
-dos	0.0483870967742	0.903225806452	0.0483870967742	0.0
-dop	0.327272727273	0.0363636363636	0.618181818182	0.0181818181818
-gel	0.151789976134	0.826730310263	0.0214797136038	0.0
-bon	0.614364196704	0.0365804636205	0.0104515610344	0.338603778641
-aha	0.68117036916	0.15446341065	0.0432865076772	0.121079712512
-bok	0.0724360506814	0.325364570882	0.412383456849	0.189815921587
-dod	0.0	1.0	0.0	0.0
-aka	0.118310317103	0.126604464023	0.0655632184269	0.689522000446
-bor	0.358557491834	0.451958389599	0.158320220987	0.0311638975799
-bos	0.490254872564	0.266866566717	0.0629685157421	0.179910044978
-don	0.0	1.0	0.0	0.0
-ger	0.0540639941155	0.343876425156	0.0386171386539	0.563442442074
-dom	0.44964028777	0.37641315519	0.0167009249743	0.157245632066
-dok	0.606265727724	0.0660265120521	0.00686805558127	0.320839704643
-doh	0.0738255033557	0.765100671141	0.120805369128	0.0402684563758
-ahu	0.0527272727273	0.238636363636	0.706363636364	0.00227272727273
-sar	0.120260523563	0.787289198948	0.0704383066582	0.0220119708307
-sap	0.443012884044	0.356293359762	0.0490584737364	0.151635282458
-sau	0.162872154116	0.791593695271	0.0	0.045534150613
-sat	0.19014084507	0.683098591549	0.0845070422536	0.0422535211268
-ton	0.414545454545	0.52	0.0436363636364	0.0218181818182
-ibu	0.0356338202949	0.354343074622	0.0160415596701	0.593981545413
-tol	0.0382165605096	0.923566878981	0.0382165605096	0.0
-ddo	0.606702619415	0.0859013867489	0.0	0.307395993837
-tok	0.395632855148	0.580906436461	0.0149295417037	0.00853116668782
-toh	0.137465738984	0.328589500316	0.485241408391	0.0487033523087
-mpa	0.421010153186	0.318655066101	0.160675372472	0.099659408242
-ges	0.03125	0.9375	0.03125	0.0
-tor	0.237772761475	0.621670428894	0.121595184349	0.0189616252821
-ibi	0.0220633299285	0.725638406537	0.133810010215	0.11848825332
-sad	0.0	1.0	0.0	0.0
-sak	0.520301752829	0.212780119814	0.15886398935	0.108054138008
-ola	0.924369747899	0.0756302521008	0.0	0.0
-sai	0.111154816178	0.0327942774718	0.00255224791786	0.853498658433
-mpu	0.0340462734822	0.878176123747	0.0469286472322	0.040848955539
-iba	0.199448846021	0.0564932828109	0.0478815018946	0.696176369273
-sam	0.0	1.0	0.0	0.0
-sal	0.198968629136	0.210141813494	0.0747743876235	0.516115169746
-lon	0.0665212649946	0.645583424209	0.0294438386041	0.258451472192
-gku	0.205524373131	0.630056128363	0.0346989201391	0.129720578366
-lom	0.0490499970597	0.0092313281759	0.00548744382165	0.936231230943
-lok	0.611756555518	0.181151408217	0.0375771839998	0.169514852266
-loh	0.587246990343	0.0294218812012	0.0146580235481	0.368673104908
-ros	0.0083857442348	0.421383647799	0.557651991614	0.0125786163522
-tis	0.709741692165	0.257560663204	0.023446950829	0.00925069380204
-der	0.0	1.0	0.0	0.0
-rol	0.901960784314	0.0588235294118	0.0	0.0392156862745
-lot	0.298263576474	0.639477521641	0.0579152575678	0.00434364431759
-roh	0.646825396825	0.305555555556	0.0178571428571	0.0297619047619
-los	0.428835343902	0.489670308849	0.0127139518727	0.0687803953767
-lop	0.119047619048	0.642857142857	0.0952380952381	0.142857142857
-rok	0.0207607325573	0.823533773263	0.15570549418	0.0
-kar	0.521416706217	0.344012023414	0.0566563834836	0.077914886885
-mar	0.177815993121	0.553224419604	0.221840068788	0.0471195184867
-win	0.535224648116	0.337252373314	0.0644988016297	0.0630241769403
-omo	0.0	1.0	0.0	0.0
-ipa	0.0792007428483	0.200012910466	0.0110483794882	0.709737967198
-ham	0.0432540891471	0.887106974399	0.0379447636856	0.0316941727684
-ntu	0.159768940413	0.605195628511	0.0460949451018	0.188940485974
-wil	0.108359133127	0.826625386997	0.0216718266254	0.0433436532508
-rda	0.0302444413755	0.164169313631	0.172904294987	0.632681950007
-ewa	0.206061646776	0.602472739761	0.178586760539	0.0128788529235
-hko	0.623829256992	0.201971888782	0.06080513326	0.113393720966
-rdo	0.465174990329	0.296679357453	0.157979925484	0.0801657267342
-rdi	0.0	0.762295081967	0.237704918033	0.0
-ewi	0.0317628374801	0.950238221281	0.0137638962414	0.00423504499736
-ipu	0.648911885558	0.237863338913	0.0346979150814	0.0785268604474
-mai	0.0818312807547	0.851942473425	0.0548079275753	0.0114183182448
-awi	0.0659811482434	0.902313624679	0.0274207369323	0.00428449014567
-cam	0.112410142981	0.490165099929	0.253574531954	0.143850225136
-mpi	0.213980028531	0.743223965763	0.0427960057061	0.0
-har	0.116022099448	0.580110497238	0.0110497237569	0.292817679558
-gga	0.398789228119	0.0870316412536	0.0376681590176	0.476510971609
-iup	0.539621182837	0.357557015848	0.0587553150368	0.0440664862776
-mam	0.0102604825965	0.949444518701	0.0262998576898	0.0139951410128
-nas	0.158303599657	0.663520166208	0.153109615645	0.0250666184906
-pko	0.501599919162	0.357034591936	0.087305062481	0.0540604264206
-tmu	0.303686106306	0.496510580819	0.0791250977512	0.120678215124
-stu	0.0	0.84375	0.15625	0.0
-kdo	0.531869556951	0.116047224405	0.0199440171209	0.332139201523
-aim	0.0	1.0	0.0	0.0
-sti	0.232971156807	0.105986343011	0.0454865156631	0.61555598452
-ngi	0.699234567611	0.213965859732	0.027687021984	0.0591125506733
-ato	0.250632911392	0.627848101266	0.106329113924	0.0151898734177
-pku	0.235359116022	0.47955801105	0.102762430939	0.182320441989
-nap	0.0126315789473	0.532631578947	0.296842105263	0.157894736842
-cun	0.162921348315	0.38202247191	0.432584269663	0.0224719101123
-cul	0.655194102578	0.193996544254	0.0492576410795	0.101551712089
-cuk	0.135344721866	0.776105273934	0.0359959366665	0.052554067533
-oli	0.0714285714286	0.928571428571	0.0	0.0
-kku	0.116671173464	0.544155791185	0.0530241116195	0.286148923731
-hyu	0.093023255814	0.697674418605	0.0697674418605	0.139534883721
-uci	0.0353078051495	0.305680611058	0.633517122768	0.0254944610248
-red	0.0	1.0	0.0	0.0
-pit	0.4452236311	0.511015071826	0.0361506367133	0.0076106603607
-cut	0.682355413143	0.229132741503	0.0323055103221	0.0562063350317
-leh	0.165680473373	0.242603550296	0.556213017752	0.0355029585799
-fsu	0.108271130212	0.676392972932	0.183668853201	0.0316670436553
-ioh	0.0790321447567	0.914645283663	0.00632257158054	0.0
-ois	0.0	1.0	0.0	0.0
-ion	0.0194174757281	0.970873786408	0.00970873786406	0.0
-iom	0.0733971569481	0.286916158979	0.626631853786	0.0130548302872
-mum	0.160594795539	0.261214374226	0.232961586121	0.345229244114
-lea	0.00351684025429	0.978898958474	0.015961044231	0.00162315704044
-mun	0.389010989011	0.378021978022	0.018021978022	0.214945054945
-muk	0.364278412787	0.371974554578	0.242458034485	0.0212889981499
-leg	0.0	1.0	0.0	0.0
-mus	0.0159476589654	0.956450623594	0.00306685749336	0.0245348599468
-mur	0.0381101540068	0.602192638998	0.308796658836	0.0509005481597
-ios	0.0	0.955223880597	0.044776119403	0.0
-ema	0.197744224122	0.30671275241	0.347826086957	0.147716936511
-ler	0.390243902439	0.141463414634	0.0292682926829	0.439024390244
-les	0.277451619917	0.722548380083	0.0	0.0
-iot	0.00149775336995	0.98801797304	0.00149775336995	0.00898652021967
-fta	0.0	1.0	0.0	0.0
-eel	0.0	1.0	0.0	0.0
-sah	0.386205760027	0.322205575133	0.235216330091	0.0563723347492
-bko	0.702175270778	0.218359821636	0.0191509282805	0.0603139793057
-bka	0.095652173913	0.64347826087	0.182608695652	0.0782608695652
-git	0.0124213252948	0.96440229946	0.00954321333626	0.0136331619089
-ndu	0.705263157895	0.157894736842	0.0526315789474	0.0842105263158
-san	0.239364502764	0.355800331555	0.0653115209399	0.339523644741
-ndi	0.325118483412	0.581042654028	0.0881516587678	0.00568720379149
-gin	0.0664007313222	0.891631347129	0.0145433391507	0.0274245823984
-gik	0.319415448852	0.0594989561587	0.502087682672	0.118997912317
-ndo	0.540163579964	0.232359694669	0.045921779895	0.181554945472
-ali	0.143507638655	0.289578569806	0.0396437137947	0.527270077745
-nda	0.121831338879	0.765148892762	0.0376456768692	0.0753740914898
-oam	0.0220588235294	0.904411764706	0.0	0.0735294117647
-bku	0.25	0.714285714286	0.0	0.0357142857143
-gia	0.362529274005	0.435597189696	0.113348946136	0.088524590164
-ala	0.113066035428	0.790859522409	0.0809327400996	0.0151417020631
-bda	0.383075523203	0.493175614195	0.0582347588717	0.0655141037306
-bdo	0.333333333333	0.666666666667	0.0	0.0
-wat	0.376572408923	0.0702280155341	0.0227586683316	0.530440907212
-bdi	0.493247210804	0.420434527305	0.0581327069876	0.0281855549031
-yok	0.197452229299	0.71974522293	0.0445859872611	0.0382165605095
-yol	0.0	0.973214285714	0.0	0.0267857142857
-iel	0.0306036046934	0.953429297206	0.0159670981009	0.0
-lsu	0.0400125529578	0.074062450965	0.7676133689	0.118311627177
-yap	0.318510858325	0.565667011375	0.0579110651499	0.0579110651499
-loi	0.0	0.980769230769	0.0192307692308	0.0
-rku	0.0455381381907	0.53955882496	0.0683072072861	0.346595829563
-elu	0.0360469167344	0.0464057600743	0.319103472303	0.598443850888
-pet	0.175815665576	0.788666018146	0.035518316278	0.0
-eli	0.829342366546	0.158392711132	0.00175213176031	0.0105127905619
-per	0.233127592836	0.105838308206	0.0540321764646	0.607001922493
-rko	0.630301975615	0.23085251661	0.0447135782853	0.0941319294897
-oga	0.253760738025	0.331229997797	0.00492361911919	0.410085645059
-ela	0.267806622402	0.379943225609	0.243143750269	0.109106401719
-ele	0.440697020798	0.40191118606	0.0944350758853	0.0629567172569
-itu	0.0103004291846	0.0132331902718	0.0914163090129	0.885050071531
-pni	0.471912390996	0.403163658487	0.0592171973231	0.0657067531941
-rid	0.0598109546612	0.794933869733	0.0192249497125	0.126030225893
-sye	0.074812967581	0.526184538653	0.0	0.399002493766
-esi	0.00287356321839	0.988505747126	0.0	0.00862068965517
-tes	0.468468468468	0.495495495495	0.036036036036	0.0
-dul	0.206377242726	0.139165194757	0.526169006228	0.128288556289
-iti	0.259850905218	0.178913738019	0.0894568690096	0.471778487753
-esa	0.12603626943	0.39067357513	0.304663212435	0.178626943005
-ita	0.485252002559	0.441840517789	0.0387494424722	0.0341580371793
-kub	0.00341199886267	0.990048336651	0.000852999715666	0.00568666477111
-udu	0.0393013100437	0.836244541485	0.124454148472	0.0
-kko	0.701999014428	0.15763902335	0.047812790335	0.0925491718878
-fan	0.118921521425	0.875300914781	0.00577756379392	0.0
-kom	0.0740740740741	0.814814814815	0.111111111111	0.0
-fas	0.0313993174061	0.958361774744	0.0	0.0102389078498
-uda	0.191890415812	0.741833586727	0.0459060917826	0.0203699056785
-fat	0.228575026762	0.605188590139	0.156826776509	0.00940960659053
-udi	0.120896248488	0.111507732664	0.018759172974	0.748836845874
-udo	0.386245776695	0.284692484482	0.0548292999136	0.27423243891
-hum	0.0	1.0	0.0	0.0
-nju	0.5	0.363354037267	0.0807453416149	0.055900621118
-rim	0.889033282795	0.0764565735326	0.0202151469208	0.0142949967511
-uok	0.0178370879302	0.909823611019	0.012882341283	0.0594569597674
-hui	0.182191780822	0.764383561644	0.0287671232876	0.0246575342466
-uoh	0.664198317176	0.21078464355	0.0430312272866	0.0819858119881
-hud	0.0	1.0	0.0	0.0
-son	0.0574068888266	0.894987398488	0.0464855782694	0.00112013441613
-wok	0.0596643878185	0.849596022374	0.08328154133	0.00745804847735
-rih	0.0285252582028	0.160120845921	0.792664933605	0.0186889622708
-uot	0.148332831952	0.123172617908	0.0507002622375	0.677794287902
-abi	0.0284958869592	0.94807627059	0.0029895768167	0.0204382656342
-nji	0.202046482187	0.0800029584849	0.00754958723416	0.710400972094
-hus	0.00660066006602	0.993399339934	0.0	0.0
-nci	0.464701850583	0.498286497601	0.0123372172721	0.0246744345442
-tuh	0.527279819548	0.313162491732	0.130386852772	0.029170835948
-lor	0.188827694729	0.806451612903	0.0	0.00472069236821
-tuk	0.11040612619	0.166584631132	0.00799274075182	0.715016501927
-tul	0.0	0.949494949495	0.050505050505	0.0
-sop	0.0	0.911340967861	0.0886590321389	0.0
-sos	0.0388349514563	0.95145631068	0.0	0.00970873786407
-sor	0.412213740458	0.175572519084	0.0458015267176	0.36641221374
-tup	0.430278884462	0.235059760956	0.0478087649402	0.286852589641
-sol	0.483114446529	0.266416510319	0.250469043152	0.0
-tur	0.38096484912	0.321856385416	0.214701839366	0.082476926098
-ori	0.0761589403973	0.758278145695	0.135761589404	0.0298013245033
-tut	0.347104056197	0.193653987144	0.275903224156	0.183338732502
-kop	0.482573726542	0.436997319035	0.0	0.0804289544236
-sok	0.110374919198	0.420652876535	0.0987394957984	0.370232708468
-kor	0.444208901229	0.49366913603	0.0284802470131	0.0336417157275
-ora	0.194092827004	0.745991561181	0.0548523206751	0.00506329113924
-eju	0.542372881356	0.220338983051	0.203389830508	0.0338983050847
-tna	0.0	0.6	0.4	0.0
-tni	0.292139436765	0.501249430008	0.110141573543	0.0964695596844
-liu	0.408514335361	0.108601216334	0.00729800173762	0.475586446568
-rup	0.0344827586207	0.293103448276	0.534482758621	0.137931034483
-dus	0.133702805681	0.511603740908	0.305507447177	0.0491860062349
-rut	0.493748209308	0.191509468309	0.0439527505294	0.270789571854
-lis	0.600837637123	0.346826957834	0.0208168837988	0.0315185212447
-jer	0.109041588892	0.86557804128	0.0141002054602	0.0112801643681
-ruk	0.602362178339	0.0181707601312	0.00387031773466	0.375596743795
-ruh	0.0376579076192	0.729716750759	0.0650396743457	0.167585667276
-rui	0.586206896552	0.275862068966	0.103448275862	0.0344827586207
-run	0.0249277456648	0.942557803468	0.00216763005781	0.0303468208093
-gmu	0.179883978522	0.590450979305	0.0441938219069	0.185471220265
-rum	0.0822822008228	0.760386997604	0.138342601383	0.0189882001899
-rub	0.0193236714976	0.792270531401	0.115942028986	0.0724637681159
-dak	0.248829906985	0.296348055189	0.39803027082	0.056791767006
-oma	0.037255007829	0.638923384266	0.243642351925	0.0801792559797
-gah	0.212055473774	0.245401719997	0.0991322538158	0.443410552413
-ruf	0.127516778523	0.626398210291	0.232662192394	0.0134228187919
-lia	0.0252248728979	0.828412201799	0.136976926085	0.00938599921783
-lib	0.195249730349	0.750599837108	0.00330185564287	0.0508485769002
-lni	0.408068248147	0.290504493703	0.0687512031649	0.232676054985
-eas	0.0	0.9975	0.0	0.0025
-oda	0.0	0.974576271186	0.0254237288136	0.0
-gat	0.301550934085	0.40800140994	0.186817060275	0.1036305957
-hur	0.114133074308	0.668285575522	0.129188926663	0.0883924235065
-rna	0.167595120489	0.193586567141	0.574589297268	0.0642290151025
-eam	0.0203646436873	0.979635356313	0.0	0.0
-rni	0.358052022596	0.266041962781	0.154800285545	0.221105729078
-odo	0.338176137685	0.232560610453	0.0549838634987	0.374279388364
-zer	0.0	1.0	0.0	0.0
-uri	0.202374222725	0.546071226682	0.0740531373657	0.177501413228
-uja	0.67865903516	0.252657399836	0.0588716271464	0.00981193785772
-hni	0.119617836871	0.23584732902	0.0798544717408	0.564680362368
-ura	0.0395030833854	0.223344356064	0.71212798284	0.0250245777102
-dku	0.484375	0.25625	0.06015625	0.19921875
-rga	0.0077032493621	0.862341055058	0.095745753047	0.0342099425329
-gih	0.147840565155	0.808576378065	0.0358919291129	0.00769112766704
-ehu	0.0	1.0	0.0	0.0
-uru	0.0293400085734	0.92849731244	0.0240696737	0.0180930052869
-jik	0.617647058824	0.294117647059	0.0588235294118	0.0294117647059
-dup	0.65879892441	0.206752315506	0.0657305049298	0.0687182551538
-pai	0.279312776799	0.0770079668544	0.132093792477	0.51158546387
-apa	0.0665119095259	0.464022151968	0.00264149557451	0.466824442932
-pal	0.16596894784	0.75427077366	0.0286431939365	0.0511170845635
-war	0.0627906976744	0.563953488372	0.366279069767	0.00697674418603
-pan	0.160254930845	0.476655855416	0.0582360663598	0.304853147379
-bus	0.00386703353908	0.979772439949	0.00386703353908	0.0124934929724
-api	0.165866755319	0.13602960934	0.00733145604546	0.690772179295
-way	0.0180162727625	0.954862456412	0.00135606354126	0.025765207284
-dua	0.637247237857	0.336434229727	0.00964144256827	0.0166770898478
-wab	0.84228838287	0.0596715250164	0.00223488857739	0.0958052035358
-apu	0.190812720848	0.745583038869	0.0636042402827	0.0
-duh	0.527693048644	0.244662064537	0.0398137742816	0.187831112538
-dui	0.0488997555012	0.635696821516	0.176039119804	0.139364303178
-par	0.693304701281	0.213896771225	0.0801441828361	0.0126543446583
-pas	0.494573368397	0.319228027967	0.130712486793	0.0554861168427
-pat	0.30724646237	0.277663942728	0.149740377401	0.265349217502
-dum	0.0224272020257	0.964912280702	0.0083197684934	0.00434074877915
-dun	0.188118811881	0.722772277228	0.0	0.0891089108911
-wah	0.134104954241	0.5824543807	0.146363855876	0.137076809183
-nun	0.729107709093	0.149374339391	0.0405059838385	0.0810119676771
-num	0.664353915782	0.294168933332	0.0290340056206	0.012443145266
-nuk	0.00858369098715	0.964711492608	0.0181211254173	0.00858369098713
-nuh	0.651519150308	0.274915356587	0.0122949135188	0.0612705795867
-jib	0.361022364217	0.354632587859	0.0862619808306	0.198083067093
-sut	0.781127524872	0.164606572204	0.0361772686162	0.0180886343081
