-cab	0.185725393883	0.702265956073	0.071897258015	0.0401113920291
-ki"	0.450270238525	0.444552692737	0.0609911822202	0.0441858865183
-om-	0.373626373626	0.0	0.406593406593	0.21978021978
-yo:	0.509531736304	0.285458348932	0.0914988217547	0.11351109301
-noa	0.0	0.992922978415	0.0	0.00707702158491
-so"	0.557615463916	0.202092212809	0.0297972556012	0.210495067674
-pu:	0.671232876712	0.246575342466	0.041095890411	0.041095890411
-aja	0.502192982456	0.261695906433	0.0840643274854	0.152046783626
-hem	0.0406278855032	0.937211449677	0.005540166205	0.0166204986149
-hen	0.429383093821	0.406070134323	0.096936864645	0.0676099072113
-pu'	0.6961496906	0.159463706905	0.0360966506237	0.108289951871
-hei	0.375989264427	0.494198874103	0.0577769186707	0.0720349427994
-pu"	0.153846153846	0.595706618962	0.157423971377	0.0930232558139
-a"-	0.303684315317	0.15709620469	0.0313238571307	0.507895622862
-hed	0.155322951868	0.156859397721	0.0657195688079	0.622098081602
-pu-	0.585792542852	0.276373917653	0.0	0.137833539495
-eug	0.442666935084	0.377807907929	0.0895029828466	0.0900221741397
-heg	0.146853146853	0.58041958042	0.188811188811	0.0839160839161
-u-i	0.0275229357798	0.97247706422	0.0	0.0
-heb	0.0367159612442	0.926568077512	0.0367159612443	0.0
-lem	0.00633468238606	0.989911431756	0.00099712593114	0.00275675992726
-ufu	0.146341463415	0.756097560976	0.0	0.0975609756098
-xen	0.504816955684	0.425818882466	0.0462427745665	0.0231213872832
-xei	0.242753623188	0.300724637681	0.289855072464	0.166666666667
-oyo	0.142614601019	0.341256366723	0.285229202037	0.230899830221
-nsu	0.216535433071	0.48031496063	0.108267716535	0.194881889764
-oyi	0.12106918239	0.792452830189	0.0377358490565	0.0487421383648
-zin	0.0	1.0	0.0	0.0
-ang	0.328323812797	0.16369746819	0.0515672242496	0.456411494763
-aug	0.332293291732	0.445137805512	0.104004160166	0.11856474259
-zig	0.336206896552	0.663793103448	0.0	0.0
-zid	0.581532416503	0.229862475442	0.0943025540275	0.0943025540275
-aum	0.341296928328	0.597269624573	0.0409556313993	0.0204778156997
-zia	0.0	1.0	0.0	0.0
-ca"	0.326909885079	0.177669022068	0.0534311470719	0.441989945781
--ug	0.0873521383075	0.876251137398	0.0363967242948	0.0
-ca'	0.845637583893	0.127516778523	0.0268456375839	0.0
-he:	0.397972462708	0.049519625194	0.0143888070295	0.538119105069
--um	0.0685071574642	0.896216768916	0.0138036809816	0.021472392638
-sho	0.323083755682	0.321124405664	0.0817702074299	0.274021631224
-kia	0.0452261306532	0.954773869347	0.0	0.0
-ca-	0.516129032258	0.217741935484	0.193548387097	0.0725806451613
--19	0.523364485981	0.420560747663	0.0	0.0560747663552
-he-	0.502803083392	0.378649848166	0.0280308339173	0.0905162345246
-pug	0.164378894081	0.762363707165	0.0233644859813	0.0498929127725
-ig:	0.493900878615	0.300946856607	0.0887144928773	0.116437771901
-ca:	0.607329711239	0.314946171647	0.0279203139149	0.0498038031995
-he'	0.361463616256	0.23071896155	0.148165732032	0.259651690163
-ntu	0.0	0.963015647226	0.0199146514936	0.0170697012802
-pui	0.517069275305	0.461968456778	0.0	0.0209622679178
-he"	0.16017116285	0.583586551583	0.0458070954424	0.210435190124
-spu	0.0	0.970873786408	0.0291262135922	0.0
-am"	0.227571396013	0.425081548025	0.0863405407433	0.261006515218
-zi:	0.506309353454	0.212696760765	0.109275400026	0.171718485755
-au:	0.0696363998319	0.0554787759004	0.0224751485082	0.852409675759
-rba	0.0	0.925925925926	0.0	0.0740740740741
-pro	0.238805970149	0.641791044776	0.089552238806	0.0298507462686
-she	0.0567965829767	0.899940312155	0.00884734727743	0.0344157575912
-au"	0.548270676698	0.144018199843	0.0471329285674	0.260578194892
-pru	0.0851926977687	0.893509127789	0.0152129817444	0.00608519269775
-opi	0.0	0.514851485148	0.485148514852	0.0
-xe:	0.0235662124855	0.0432473951376	0.0189242140885	0.914262178288
-byo	0.470993160309	0.264629338632	0.0783625511097	0.186014949949
-zi'	0.0641848523748	0.362002567394	0.0641848523748	0.509627727856
-au-	0.32735426009	0.350896860987	0.183856502242	0.137892376682
-opa	0.0537162902872	0.933457575093	0.00822188116641	0.00460425345319
-vhu	0.397463002114	0.376321353066	0.162790697674	0.0634249471459
-ri'	0.606060606061	0.272727272727	0.0	0.121212121212
-imu	0.0135135135135	0.986486486487	0.0	0.0
-rbe	0.0845070422535	0.788732394366	0.12676056338	0.0
-po:	0.582378854626	0.31718061674	0.0	0.100440528634
-deg	0.0593678130181	0.9219126063	0.00160453548698	0.0171150451944
-oku	0.198159393977	0.737920240406	0.0349965566894	0.0289238089276
-dei	0.371729481573	0.452712768109	0.120610773809	0.0549469765091
-te:	0.185122539133	0.18676534103	0.102965479119	0.525146640718
-ri-	0.32144014572	0.209871492739	0.0692297676562	0.399458593885
-dem	0.440506705301	0.315402999121	0.0	0.244090295578
-den	0.0	1.0	0.0	0.0
-ima	0.205128205128	0.74358974359	0.0	0.0512820512821
-te"	0.148169932023	0.163225695035	0.176091483376	0.512512889565
-atu	0.0	1.0	0.0	0.0
-ime	0.256700253616	0.714510932895	0.0	0.0287888134896
-a'-	0.621488113615	0.217814140167	0.0472368014819	0.113460944736
-te'	0.771186440678	0.152542372881	0.0254237288136	0.0508474576271
-imi	0.120120969548	0.798285871879	0.0424878429376	0.0391053156358
-vho	0.55563743552	0.287398673545	0.0832719233603	0.0736919675755
-g"-	0.325333220687	0.404166430887	0.0948116382591	0.175688710167
-a''	0.0762527233115	0.891067538126	0.0326797385621	0.0
-imo	0.0427807486631	0.545454545455	0.165775401069	0.245989304813
-imn	0.0560747663552	0.943925233645	0.0	0.0
-e''	0.0317916887442	0.825145711907	0.143062599349	0.0
-lu:	0.203445887446	0.332277056277	0.426614718615	0.0376623376624
-biu	0.0	1.0	0.0	0.0
-obo	0.203880892027	0.651661379801	0.0950029726477	0.049454755524
-idi	0.347193347193	0.648648648649	0.004158004158	0.0
-e'-	0.371920820452	0.206992054022	0.0721375494929	0.348949576034
-oba	0.135084427767	0.819887429644	0.0225140712946	0.0225140712945
-ji"	0.427835051546	0.10824742268	0.463917525773	0.0
-ida	0.0958004837139	0.885981719383	0.00502559914564	0.0131921977573
-bid	0.0377462883543	0.712354969177	0.190990114552	0.0589086279169
-ji:	0.298804780876	0.653386454183	0.0239043824701	0.0239043824701
-u"-	0.339114960204	0.34746830188	0.134240199906	0.17917653801
-me"	0.239110287303	0.692410668314	0.0375862424055	0.0308928019772
-me-	0.0340909090909	0.965909090909	0.0	0.0
-bim	0.223048327138	0.710037174721	0.0446096654275	0.0223048327138
-ar:	0.448648648649	0.502702702703	0.0324324324324	0.0162162162162
-u"'	0.19612590799	0.537530266344	0.208232445521	0.0581113801453
-dam	0.285269826229	0.373299419699	0.0679141212531	0.273516632819
-de"	0.380329094989	0.510471204189	0.0336574420344	0.0755422587883
-uta	0.0	1.0	0.0	0.0
-eje	0.6038647343	0.251207729469	0.0869565217391	0.0579710144928
-ria	0.115728900256	0.834398976982	0.0076726342711	0.042199488491
-im:	0.00816219062664	0.0667017728629	0.0984728804634	0.826663156047
-de-	0.0177095631641	0.982290436836	0.0	0.0
-im"	0.195094760312	0.423076923077	0.0278706800446	0.353957636566
-dzi	0.28517682468	0.0827689992475	0.0	0.632054176072
-eju	0.0889395667047	0.623717217788	0.177879133409	0.109464082098
-utu	0.0132613652226	0.908799032153	0.0653762039924	0.012563398632
-tei	0.29469273743	0.540502793296	0.0391061452514	0.125698324022
-de:	0.275291564958	0.28912394901	0.217249796583	0.218334689449
-gri	0.613989637306	0.124352331606	0.020725388601	0.240932642487
-im-	0.208195637806	0.221194095616	0.447235073805	0.123375192774
-sia	0.00928792569661	0.981424148607	0.00116099071207	0.00812693498452
-dan	0.108260345782	0.851398430632	0.0126982059714	0.0276430176147
-gyo	0.426038463334	0.472199801213	0.0194117764777	0.0823499589752
-are	0.111451173063	0.846359108427	0.00949268666471	0.0326970318451
-id-	0.332934731646	0.130362705545	0.0331302296734	0.503572333136
-ara	0.0704276325313	0.868095968808	0.039070165449	0.0224062332114
-gyi	0.112211325514	0.457554247928	0.307827005842	0.122407420716
-eri	0.0641330166271	0.871394638616	0.0644723447574	0.0
-id'	0.287484650515	0.317441883736	0.0531746792193	0.341898786529
-gye	0.161194542599	0.153170396545	0.246883588535	0.43875147232
-id"	0.228070891879	0.425799819969	0.0548008615719	0.291328426581
-ari	0.0794633592609	0.422235600951	0.00763828967579	0.490662750113
-gya	0.290611028316	0.619970193741	0.0447093889717	0.0447093889716
-med	0.0	1.0	0.0	0.0
-id:	0.406764876338	0.162214880887	0.0822326387325	0.348787604042
-lun	0.0659501709819	0.900124843945	0.0168267925962	0.0170981924768
-gyu	0.3515625	0.4609375	0.0234375	0.1640625
-men	0.0194521057612	0.14130343937	0.00315439552885	0.83609005934
-lug	0.138582897293	0.635852543127	0.0520267436813	0.173537815899
-pha	0.0602726426924	0.850734193601	0.0720035597265	0.0169896039804
-aya	0.328753680078	0.463912927112	0.0517441341779	0.155589258631
-phe	0.605007473842	0.394992526158	0.0	0.0
-ayo	0.0694196317962	0.647585982515	0.0214212656913	0.261573119998
-ila	0.0636663514106	0.890890636894	0.0399068072247	0.00553620447048
-pho	0.0961707821395	0.721173978017	0.0484234755643	0.134231764279
-ayu	0.309575233981	0.383009359251	0.138948884089	0.168466522678
-phu	0.0	0.970247933884	0.0297520661157	0.0
-rag	0.0	1.0	0.0	0.0
-zu"	0.392156862745	0.227450980392	0.23137254902	0.149019607843
-si:	0.234836057726	0.696982849411	0.0195696714772	0.0486114213862
-no'	0.214003606079	0.472181677685	0.124066283163	0.189748433073
-ki'	0.575384615385	0.424615384615	0.0	0.0
-xau	0.75	0.0454545454545	0.136363636364	0.0681818181818
-na-	0.0	0.908025247971	0.0108205590622	0.0811541929666
-na'	0.136363636364	0.704545454545	0.0909090909091	0.0681818181818
-ki-	0.121837333044	0.806167879249	0.0609186665219	0.0110761211858
-na:	0.138251788889	0.757379239892	0.0647977972969	0.0395711739218
-ubi	0.530487804878	0.359756097561	0.0365853658537	0.0731707317073
-xab	0.462259615385	0.397115384615	0.0162259615385	0.124399038462
-dab	0.389267571532	0.351154016811	0.108547334877	0.151031076779
-si-	0.584850910546	0.205023013808	0.0392235341205	0.170902541525
-zu:	0.158973284867	0.621685945164	0.174469278273	0.0448714916963
-si"	0.139972144847	0.759749303621	0.0543175487466	0.0459610027855
-sru	0.296875	0.296875	0.0625	0.34375
-si'	0.825922323352	0.0493295351907	0.0166747724588	0.108073368999
-run	0.0134328358209	0.986567164179	0.0	0.0
-oti	0.0949993402823	0.770418260984	0.102915951972	0.0316664467608
----	0.0914634146341	0.908536585366	0.0	0.0
-eb-	0.327896597377	0.55439693177	0.0924836556703	0.0252228151828
-ye:	0.647262172965	0.0388312697078	0.0186933803877	0.295213176939
-uma	0.0724832214764	0.911409395973	0.0161073825503	0.0
-otu	0.445092322643	0.310981535471	0.0719144800778	0.172011661808
-nhe	0.324951644101	0.473887814313	0.170212765957	0.0309477756286
-umi	0.0527921163773	0.493195682778	0.411778507743	0.0422336931018
-ako	0.335216572505	0.551789077213	0.101694915254	0.0112994350283
-gdi	0.144960883571	0.654855039116	0.158766682006	0.041417395306
ALL	0.21697829572	0.25905349944	0.0471643197836	0.476803885057
-gid	0.031551270815	0.836985100789	0.0525854513585	0.0788781770376
-nan	0.0977312390925	0.748691099476	0.139616055846	0.0139616055846
-zug	0.432398667407	0.288265778271	0.177077549509	0.102258004812
-aki	0.437840455151	0.46168744704	0.032683694468	0.067788403341
-nam	0.184727982252	0.416288358063	0.0543586944942	0.344624965191
-nab	0.0427405301293	0.846739429515	0.0729157112721	0.0376043290837
-gda	0.283018867925	0.596226415094	0.0754716981132	0.0452830188679
-ake	0.159779614325	0.823691460055	0.00826446280991	0.00826446280992
-tr"	0.398340248963	0.502074688797	0.0995850622407	0.0
-nag	0.0961538461538	0.771634615385	0.108173076923	0.0240384615384
-kim	0.0	1.0	0.0	0.0
-"--	0.309032580195	0.148399143598	0.0229838297315	0.519584446475
-ira	0.0	1.0	0.0	0.0
-aku	0.00887136520453	0.981764415968	0.00443568260226	0.00492853622474
-gi`	0.285520054385	0.440856560163	0.237933378654	0.0356900067981
-gdu	0.258620689655	0.672413793104	0.0431034482759	0.0258620689655
-nau	0.555941952334	0.0816193249962	0.0803230382731	0.282115684397
-u:-	0.20198314562	0.297105882643	0.0972039959273	0.40370697581
-zo'	1.0	0.0	0.0	0.0
-goo	0.1006009004	0.0247808323414	0.00634265733174	0.868275609927
-re-	0.336844158377	0.417007996879	0.115857226448	0.130290618295
-re"	0.237003543343	0.0450833420521	0.0085701450215	0.709342969584
-re'	0.335625859697	0.49105914718	0.0990371389271	0.0742778541953
-re:	0.464362157534	0.229987157534	0.0696703767123	0.235980308219
-mod	0.38	0.34	0.16	0.12
-yo"	0.186070599856	0.046494486932	0.05197241963	0.715462493582
-di'	0.205456936226	0.774819197896	0.00986193293886	0.00986193293886
-moo	0.0078207275623	0.0026392931525	0.000846840686353	0.988693138599
-mon	0.0054657253473	0.975631974493	0.00136643133682	0.0175358688226
-yne	0.397959183674	0.295918367347	0.234693877551	0.0714285714285
-yau	0.353466634001	0.264534609803	0.198254904547	0.183743851648
-ha"	0.0665945614611	0.369782404505	0.0188312223502	0.544791811684
-kid	0.348547717842	0.489626556017	0.0995850622406	0.0622406639004
-o"-	0.23491582609	0.179583510364	0.0462371869843	0.539263476561
-ju:	0.490885241491	0.425534777344	0.0412013991659	0.0423785819992
-gvo	0.295284366962	0.704715633038	0.0	0.0
-mu"	0.0980392156863	0.901960784314	0.0	0.0
-ha-	0.0645161290322	0.822580645161	0.112903225806	0.0
-nus	0.063752276867	0.840619307833	0.0	0.0956284153005
-ju"	0.540264234288	0.271131151465	0.0248788186113	0.163725795636
-yad	0.309278350515	0.192439862543	0.395189003436	0.103092783505
-eom	0.340321746996	0.315350820519	0.12886031787	0.215467114614
-bei	0.347613219094	0.351285189718	0.252141982864	0.0489596083231
-ma-	0.00620604054614	0.993793959454	0.0	0.0
-ju'	0.6352	0.1728	0.1536	0.0384
-sen	0.452524239385	0.349381477767	0.0401203610833	0.157973921765
-yab	0.446078625555	0.403722817703	0.0387309914777	0.111467565264
-yam	0.290201881373	0.115160037165	0.0188705199216	0.57576756154
-ha:	0.222524594954	0.126593750542	0.0221893161451	0.628692338359
-yan	0.29622509612	0.430269136666	0.221076546662	0.0524292205522
-bed	0.0845735884715	0.847862036381	0.00566973777463	0.061894637373
-iso	0.0350877192982	0.929824561404	0.0350877192982	0.0
-ism	0.78417266187	0.21582733813	0.0	0.0
-i70	0.320987654321	0.493827160494	0.111111111111	0.0740740740741
-hho	0.637096774194	0.362903225806	0.0	0.0
-zo:	0.5571714362	0.151634101	0.0348233984481	0.256371064352
-wu"	0.041095890411	0.712328767123	0.246575342466	0.0
-go"	0.178205262563	0.0375180465042	0.0238554353461	0.760421255587
-mo:	0.449442040537	0.327943520838	0.0381462081531	0.184468230471
-red	0.0548648115256	0.936254193803	0.00592066311426	0.00296033155713
-mo'	0.245387453875	0.29704797048	0.424354243542	0.0332103321033
-eve	0.0790281496963	0.899418718568	0.0	0.0215531317353
-go:	0.363832077503	0.526372443488	0.0258342303552	0.0839612486544
-mo"	0.25259432065	0.275199099027	0.158675890918	0.313530689406
-mo-	0.344742510469	0.192903919084	0.0491078097368	0.413245760711
-evi	0.0108028201046	0.970434387082	0.0153513759381	0.00341141687514
-ret	0.430894308943	0.536585365854	0.0	0.0325203252033
-dia	0.110924369748	0.774789915967	0.100840336134	0.0134453781512
-be:	0.186375321337	0.745501285347	0.0305269922879	0.0375964010283
-avi	0.0390920554855	0.923076923077	0.0378310214376	0.0
-hab	0.418548050255	0.423650474055	0.0968925828958	0.0609088927942
-hae	0.0681818181818	0.795454545454	0.0681818181818	0.0681818181818
-avo	0.189473684211	0.621052631579	0.189473684211	0.0
-ava	0.0860321384425	0.833621755253	0.0425216316439	0.0378244746601
-co'	0.173397142493	0.430723415103	0.355438649347	0.0404407930567
-ha'	0.450892857143	0.455357142857	0.0	0.09375
-mau	0.499166203447	0.26403557532	0.0466926070039	0.19010561423
-ham	0.167340002803	0.382766121316	0.071379946976	0.378513928905
-han	0.0240916361788	0.928679634993	0.0164194518379	0.0308092769903
-ya:	0.0194203354436	0.0463471766549	0.0389735666204	0.895258921281
-mai	0.0	1.0	0.0	0.0
-ya'	0.326829268293	0.526829268293	0.0878048780488	0.0585365853659
-hau	0.310019939644	0.292340957174	0.116598590264	0.281040512918
-man	0.0179571790346	0.712685135446	0.269357685519	0.0
-be"	0.259375304053	0.562514937624	0.0414402037698	0.136669554553
-u'-	0.431828341529	0.519892713456	0.0	0.0482789450157
-dre	0.0685486843075	0.873442912951	0.0469521633375	0.0110562394044
-be'	0.212264150943	0.36320754717	0.353773584906	0.0707547169811
-se-	0.748095756257	0.145810663765	0.0408052230686	0.0652883569097
-ui:	0.112540002689	0.7879790238	0.0438886647842	0.0555923087266
-uni	0.0259615384615	0.938461538462	0.0240384615385	0.0115384615384
-dd"	0.0569715142428	0.923538230885	0.0164917541229	0.00299850074962
-se'	0.693725545641	0.07330246726	0.0471688745388	0.18580311256
-in"	0.213254627563	0.283488590736	0.0942170045012	0.4090397772
-ung	0.214951972939	0.514409837768	0.077741072546	0.192897116748
-se"	0.328326180257	0.474248927039	0.158798283262	0.0386266094421
-in'	0.361863116577	0.347314397963	0.109353828936	0.181468656523
-in:	0.346369257969	0.34522068396	0.100375276387	0.208034781684
--ru	0.161735700197	0.767258382643	0.0414201183432	0.0295857988166
-oh"	0.0	0.626485568761	0.0	0.373514431239
-oug	0.202403549279	0.179589153395	0.0598418665867	0.558165430739
-ui"	0.343911349878	0.468689490121	0.0267491079994	0.160650052002
-666	0.0	0.0	0.037037037037	0.962962962963
-img	0.0746268656716	0.686567164179	0.179104477612	0.0597014925373
-iri	0.187296494106	0.0259189952654	0.00665217778733	0.780132332841
-ed"	0.351827245929	0.240404695949	0.264599010121	0.143169048001
-fu'	0.288190682557	0.669555796316	0.0390032502708	0.00325027085591
-oo"	0.285048822518	0.207332959181	0.0962609930009	0.4113572253
-fu"	0.429948147862	0.372306069145	0.0343793826636	0.163366400329
-ed'	0.420564143947	0.364319064602	0.095277661957	0.119839129494
-oo'	0.330336682163	0.499533760358	0.098228690432	0.0719008670462
-ada	0.0	1.0	0.0	0.0
-ado	0.507380073801	0.232472324723	0.0442804428044	0.215867158671
-gam	0.228200956731	0.544820997245	0.105897685139	0.121080360885
-fu-	0.0	0.960264900662	0.0397350993378	0.0
-oo-	0.247022130573	0.313200496534	0.0840438231599	0.355733549733
-ng"	0.220537806291	0.321664902412	0.0691127726726	0.388684518624
-gai	0.147260273973	0.801369863014	0.0	0.0513698630137
-adi	0.271837054446	0.630238934587	0.0718109413762	0.0261130695914
-tru	0.020995740577	0.930322269549	0.0118540544885	0.0368279353853
-gau	0.382700318187	0.40015752195	0.179647498415	0.037494661448
-adu	0.258976561362	0.374868631401	0.210636858379	0.155517948858
-ku"	0.0663021189338	0.870494417863	0.0054682159945	0.0577352472089
-ian	0.173594132029	0.78239608802	0.0440097799511	0.0
-sa:	0.341866101181	0.466525295365	0.171160254468	0.0204483489852
-ed:	0.448391364973	0.246319121434	0.0350530783402	0.270236435253
-ku-	0.0245614035088	0.966081871345	0.00701754385964	0.00233918128656
-oo:	0.124347325882	0.422024429614	0.0258940312066	0.427734213298
-fu:	0.342006855718	0.559831723278	0.0623247117482	0.0358367092552
-lan	0.208333333333	0.0833333333334	0.708333333333	0.0
-ini	0.294388931591	0.299769408148	0.405841660261	0.0
-sei	0.652631578947	0.0947368421053	0.157894736842	0.0947368421052
-ino	0.0	0.889908256881	0.110091743119	0.0
-ina	0.0234375	0.9765625	0.0	0.0
-sed	0.0	1.0	0.0	0.0
-seb	0.043691316565	0.940374203276	0.011308340758	0.004626139401
-sea	0.0888888888889	0.866666666667	0.0444444444444	0.0
-ing	0.162381634409	0.584853938597	0.0983777375016	0.154386689493
-i"-	0.128518843177	0.0954200889558	0.0785022240792	0.697558843788
--mo	0.501766784452	0.286219081272	0.0636042402827	0.148409893993
-ome	0.0798816568047	0.849112426036	0.0266272189349	0.0443786982249
-ua:	0.230769230769	0.596153846154	0.134615384615	0.0384615384615
-un:	0.291429982712	0.578167448753	0.0896517658681	0.0407508026673
-mi:	0.180244399185	0.586048879837	0.17617107943	0.0575356415479
-hig	0.594660194175	0.150485436893	0.101941747573	0.152912621359
-uid	0.501172870984	0.251810300867	0.0970933197348	0.149923508414
-ga'	0.130872483222	0.577181208054	0.221476510067	0.0704697986577
-ad'	0.397350993378	0.503311258278	0.0794701986755	0.0198675496689
-bli	0.053164556962	0.893670886076	0.053164556962	0.0
-ga"	0.013451555965	0.0295980934804	0.00576835161587	0.951181998939
-iab	0.134328358209	0.55223880597	0.313432835821	0.0
-ble	0.0380952380952	0.866666666667	0.0	0.0952380952381
-rsi	0.0	1.0	0.0	0.0
-ga-	0.33908625909	0.163436445249	0.0443648004454	0.453112495216
--da	0.254385964912	0.0526315789474	0.385964912281	0.30701754386
-oom	0.666666666667	0.30303030303	0.030303030303	0.0
-ooo	0.673499310871	0.186915339726	0.0	0.139585349403
-ng-	0.455590388911	0.323115832605	0.0638414484834	0.15745233
-kug	0.217367345259	0.476238161883	0.255843947448	0.0505505454091
-ghi	0.284014065458	0.493938574274	0.196227899771	0.0258194604962
-nei	0.211289487312	0.75763852926	0.0186431900569	0.0124287933713
-ghe	0.554491387245	0.415421200413	0.020276299622	0.00981111272034
-ad:	0.282051282051	0.666666666667	0.0	0.0512820512821
-ga:	0.182135554388	0.0837659147388	0.00329371565354	0.73080481522
-nea	0.0588235294117	0.933823529412	0.00735294117647	0.0
-ban	0.142630744849	0.677760169044	0.0871632329635	0.0924458531431
-ska	0.0	1.0	0.0	0.0
-eka	0.0357142857143	0.964285714286	0.0	0.0
-bam	0.576086956522	0.130434782609	0.130434782609	0.163043478261
-ra:	0.0426197458455	0.890843923102	0.0471814923429	0.0193548387097
-hog	0.146527117031	0.790675547098	0.0313986679353	0.0313986679353
-hod	0.463476070529	0.392947103274	0.0377833753149	0.105793450882
-bai	0.137055837563	0.58883248731	0.0	0.274111675127
-rhi	0.284857571215	0.51724137931	0.107946026986	0.0899550224887
-bag	0.173642030276	0.661620658949	0.138023152271	0.026714158504
-hoi	0.341905318527	0.538281706604	0.10227936879	0.0175336060783
-hoo	0.105100701853	0.702584352945	0.0325026693042	0.159812275898
-jom	0.88679245283	0.0754716981132	0.0	0.0377358490566
-gso	0.0261437835645	0.914121767277	0.0196198200086	0.0401146291495
-joo	0.338278931751	0.338872403561	0.164391691395	0.158456973294
-gsi	0.286610878661	0.428870292887	0.106694560669	0.177824267782
-xo'	0.42610944443	0.272352725503	0.0631659837247	0.238371846341
-dd:	0.428571428572	0.551020408163	0.0	0.0204081632653
-gse	0.452736318408	0.398009950249	0.0199004975124	0.129353233831
-go-	0.420562829493	0.238224884291	0.0707620721234	0.270450214093
-bau	0.0667971178617	0.714440729957	0.106927548358	0.111834603822
-ra"	0.112706648968	0.796548811391	0.0419934837697	0.0487510558707
-pi:	0.0357344626281	0.949177142805	0.00372042605768	0.0113679685096
-ke"	0.409525668554	0.499316806559	0.0286941245364	0.0624634003513
-jhi	0.230111962286	0.147613435474	0.418385385975	0.203889216264
-ase	0.28892169527	0.500707387587	0.137171679892	0.0731992372516
-zoo	0.169283817911	0.580327656543	0.0717153402837	0.178673185262
-jho	0.4	0.075	0.125	0.4
-aso	0.52489626556	0.369294605809	0.0871369294606	0.0186721991701
-nyi	0.0151471175126	0.902635175174	0.0757930317213	0.00642467559167
-hi"	0.146587645217	0.290049773458	0.0949184070781	0.468444174247
-ug:	0.10134246828	0.272459544887	0.0259374366915	0.600260550141
-asi	0.780551382075	0.146769726481	0.02326086563	0.0494180258132
-n:-	0.386412848528	0.312500215156	0.0828679641236	0.218218972192
-ug'	0.884615384615	0.0769230769231	0.0	0.0384615384615
-d"-	0.221654307432	0.668886775318	0.0379196963331	0.0715392209171
-asu	0.186346863469	0.669280442804	0.0539667896679	0.0904059040591
-zi-	0.243102450318	0.409608334941	0.192166698823	0.155122515917
-ug"	0.386289164162	0.439448120185	0.0762351038509	0.0980276118019
-ayi	0.080884550254	0.548062556031	0.202211375635	0.16884151808
-yen	0.202915213831	0.474416792983	0.131487312813	0.191180680373
-po"	0.511494252874	0.357471264368	0.0655172413793	0.0655172413793
-ug-	0.257848101159	0.290683800517	0.166979703457	0.284488394866
-yeb	0.0	1.0	0.0	0.0
-jhu	0.533342430859	0.295169213974	0.140101892285	0.0313864628821
-yed	0.36248478707	0.333161346401	0.106950079111	0.197403787418
-thu	0.249461626679	0.215272471906	0.0699817503123	0.465284151103
-ho"	0.435101514334	0.341064925137	0.11560582851	0.108227732019
-ba-	0.745821659743	0.0845328953724	0.0342962032654	0.135349241619
-ho'	0.227659460663	0.166663086159	0.127784179507	0.477893273671
-jo:	0.170347003155	0.570977917981	0.11356466877	0.145110410095
-ba'	0.472440944882	0.503937007874	0.0	0.0236220472441
-ba"	0.181770005299	0.682564917859	0.0625331213567	0.0731319554849
-eru	0.0575719649562	0.927409261577	0.00187734668336	0.0131414267835
-ho-	0.562992125984	0.283464566929	0.129921259843	0.0236220472441
-ran	0.209115281501	0.621983914209	0.164879356568	0.00402144772118
-jo-	0.22721968813	0.501750291715	0.0986528057707	0.172377214384
-ram	0.0	1.0	0.0	0.0
-ba:	0.188118811881	0.732673267327	0.039603960396	0.039603960396
-go'	0.472846955568	0.255074053758	0.055951727921	0.216127262754
-iwe	0.261467889908	0.711009174312	0.0	0.0275229357798
-rai	0.090960416536	0.85509064676	0.0464211780942	0.00752775860988
-ho:	0.129072649255	0.0320882683445	0.0141309028896	0.824708179511
-era	0.0	1.0	0.0	0.0
-jo'	0.323583180987	0.533820840951	0.142595978062	0.0
-oem	0.208944524092	0.160180025211	0.0201750024012	0.610700448296
-jo"	0.22602739726	0.547945205479	0.041095890411	0.184931506849
-oza	0.422360248447	0.521739130435	0.0	0.055900621118
-as"	0.388235294118	0.611764705882	0.0	0.0
-wu:	0.0134529147982	0.100896860986	0.00448430493272	0.881165919283
-iya	0.309417040359	0.627802690583	0.00896860986546	0.0538116591928
-ozi	0.0367769976596	0.908057505851	0.0183884988298	0.0367769976596
-uka	0.0168067226891	0.831932773109	0.0168067226891	0.134453781513
-zo"	0.352232244372	0.419237474418	0.0613961949519	0.167134086258
-azo	0.875912408759	0.124087591241	0.0	0.0
-ye-	0.49506788688	0.0773574981684	0.0231785720387	0.404396042912
-azi	0.321983715766	0.418948926721	0.0925240562546	0.166543301258
-zho	0.517998244074	0.316066725198	0.123792800702	0.0421422300263
-lo'	0.445807770961	0.339468302659	0.0245398773006	0.19018404908
-nu:	0.174683279238	0.376463197571	0.405507276725	0.0433462464664
-ye"	0.262017706985	0.0849919573149	0.182668445212	0.470321890489
-''-	0.335294117647	0.405882352941	0.188235294118	0.0705882352941
-aza	0.0	1.0	0.0	0.0
-ugi	0.175364758698	0.524691358025	0.166386083053	0.133557800224
-eva	0.020316027088	0.952595936795	0.0	0.0270880361174
-to'	0.331014161101	0.12550690098	0.0144750690154	0.529003868903
-ike	0.0	1.0	0.0	0.0
-lag	0.0552486187845	0.596685082873	0.281767955801	0.0662983425414
-to"	0.36952938298	0.0302980623272	0.0033077186733	0.59686483602
-lab	0.504168320762	0.446208813021	0.0198491464867	0.02977371973
-lam	0.0429082240763	0.942789034565	0.0	0.0143027413587
-vo:	0.146727189588	0.476885671905	0.370007695482	0.00637944302555
-lai	0.120312277199	0.728718094967	0.0982995864823	0.0526700413517
-iki	0.00643776824036	0.890557939914	0.0965665236051	0.00643776824033
-aam	0.670588235294	0.176470588235	0.0	0.152941176471
-sa"	0.407704654896	0.361155698234	0.211878009631	0.0192616372392
-iku	0.0204081632653	0.979591836735	0.0	0.0
-noo	0.406408124529	0.224752800513	0.222918779049	0.145920295909
-aad	0.0	1.0	0.0	0.0
--no	0.0571428571429	0.885714285714	0.0	0.0571428571429
-to:	0.0570579017157	0.0368465463897	0.843412223249	0.0626833286454
-vo-	0.705298013245	0.155629139073	0.0198675496689	0.119205298013
-bod	0.432915921288	0.459749552773	0.0	0.107334525939
-boe	0.633165829146	0.201005025126	0.0603015075377	0.105527638191
-gei	0.254826027261	0.394471268037	0.14737303748	0.203329667222
-lo-	0.565164433618	0.221071863581	0.141291108404	0.072472594397
-myu	0.106537010224	0.811032894274	0.0394005487933	0.0430295467085
-pyu	0.0668214871592	0.879084927998	0.0477296336851	0.00636395115801
-bom	0.673469387755	0.163265306122	0.0816326530612	0.0816326530612
-boo	0.146039066867	0.429645003682	0.128889557741	0.29542637171
-lo"	0.520935251557	0.0360394577785	0.0084481936113	0.434577097053
-sid	0.450861195542	0.381965552178	0.0151975683891	0.151975683891
--in	0.012474012474	0.968814968815	0.00623700623701	0.012474012474
-mya	0.237762237762	0.608391608392	0.13986013986	0.013986013986
-pya	0.485621957704	0.35632183908	0.105370802143	0.0526854010717
-lo:	0.312610355752	0.189984000408	0.0941489938105	0.40325665003
-pye	0.234234234234	0.441441441441	0.036036036036	0.288288288288
-myi	0.183443810698	0.724834283952	0.0639741020503	0.0277478032989
-doo	0.0149887584312	0.934049462903	0.050961778666	0.0
-dom	0.00594832286586	0.988103354268	0.00594832286586	0.0
-myo	0.180661293304	0.392478329551	0.261391456876	0.165468920269
-pyo	0.476826394344	0.373919874313	0.0738413197172	0.075412411626
-ou"	0.77058920614	0.160092424493	0.0	0.0693183693679
-no:	0.19846692218	0.7172137977	0.0269955007499	0.0573237793701
-la'	0.434831460674	0.439325842697	0.00674157303372	0.119101123595
-ou'	0.481203007519	0.488721804511	0.0	0.0300751879699
-la"	0.121100607698	0.00663740715733	0.00124071573261	0.871021269412
-fo'	0.0711462450592	0.833992094862	0.0	0.094861660079
-too	0.607019961779	0.198727756577	0.0532904489465	0.140961832697
-olu	0.0451273123436	0.881050142066	0.0055293686118	0.0682931769781
-mpa	0.04	0.96	0.0	0.0
-sab	0.0	1.0	0.0	0.0
-ibo	0.606741573034	0.0561797752809	0.337078651685	0.0
-sag	0.131104898425	0.835086146076	0.00807722486335	0.0257317306361
-hu"	0.594866407352	0.225372812973	0.028738708137	0.151022071538
-ddu	0.346774193548	0.508064516129	0.120967741936	0.0241935483871
-olo	0.099400775467	0.865350722594	0.00986958054283	0.0253789213958
-yg:	0.558282208589	0.40490797546	0.0	0.0368098159509
-ou:	0.208255857196	0.719433081278	0.0159084335358	0.0564026279906
-fo:	0.463611859838	0.309973045822	0.121293800539	0.105121293801
-san	0.22439266237	0.20723847298	0.497471492315	0.0708973723351
-sam	0.255747126437	0.39367816092	0.0862068965517	0.264367816092
-voo	0.197114655658	0.555850172063	0.020262072824	0.226773099455
-lon	0.0197325623419	0.945970365016	0.00845681243225	0.0258402602096
-loo	0.654660488499	0.0435551891992	0.0128981725239	0.288886149778
-lol	0.353846153846	0.312820512821	0.210256410256	0.123076923077
-o:'	0.272727272727	0.454545454546	0.151515151515	0.121212121212
-bo"	0.167197452229	0.492038216561	0.144904458599	0.195859872611
-ge"	0.114468974448	0.0906637375182	0.0213672367379	0.773500051296
-nna	0.0393794749403	0.939140811456	0.00715990453461	0.0143198090692
-loe	0.125	0.847222222222	0.0	0.0277777777778
-ge'	0.298986451808	0.143387463801	0.0125991114603	0.545026972931
-o:-	0.257340913921	0.424669349967	0.0532183771109	0.264771359001
-rod	0.0273457419684	0.912098419174	0.0498470168282	0.0107088220296
-a:-	0.338829751986	0.286413392526	0.0714825473111	0.303274308176
-roa	0.0470219435736	0.952978056426	0.0	0.0
-hai	0.36291913215	0.506903353057	0.100591715976	0.0295857988166
-oki	0.00547138047139	0.972643097643	0.003367003367	0.0185185185185
-oco	0.285714285714	0.404761904762	0.196428571429	0.113095238095
-los	0.552631578947	0.407894736842	0.0	0.0394736842105
-a:"	0.0	1.0	0.0	0.0
-rdu	0.0	0.898876404494	0.101123595506	0.0
-lu-	0.210621131106	0.735046666283	0.00402460760075	0.0503075950095
-ipi	0.104252400549	0.854595336077	0.0082304526749	0.0329218106996
-ipo	0.103448275862	0.879310344828	0.0172413793103	0.0
-gna	0.35046728972	0.196261682243	0.397196261682	0.0560747663551
-ipa	0.0370608053906	0.959570030483	0.0	0.00336916412642
-su-	0.245991504282	0.322007956308	0.213336929405	0.218663610006
-pid	0.606733524355	0.308739255014	0.0200573065903	0.0644699140401
-co"	0.696202531646	0.189873417722	0.0	0.113924050633
-rdi	0.0149713049987	0.970057390003	0.0149713049988	0.0
-rea	0.0821917808219	0.88698630137	0.0102739726027	0.0205479452055
-g:-	0.307625377067	0.345658783424	0.124505643233	0.222210196276
-cu'	0.235230644726	0.608848125169	0.080927974103	0.0749932560022
-ri:	0.460613216988	0.256154184846	0.0553376295881	0.227894968579
-m":	0.460251046025	0.150627615063	0.276150627615	0.112970711297
-cu"	0.263283108644	0.707110758657	0.0105736188211	0.0190325138779
-yug	0.122385723368	0.201981496158	0.0527029944262	0.622929786048
-cu:	0.684596577017	0.281386201765	0.0127564579568	0.0212607632614
-ibu	0.43875147232	0.0974676089517	0.254711425206	0.209069493522
-m"-	0.294064967842	0.478547586095	0.0569893348531	0.170398111211
-rma	0.0	0.977528089888	0.0224719101124	0.0
-a--	0.37676056338	0.105633802817	0.295774647887	0.221830985916
-hag	0.731958762887	0.268041237113	0.0	0.0
-stu	0.0152027699288	0.965322826707	0.00480227112933	0.0146721322349
-co:	0.36496350365	0.442822384428	0.0389294403893	0.153284671533
-tu"	0.769820971867	0.0732687178248	0.00790314259684	0.149007167711
-ya-	0.0793650793651	0.777777777778	0.142857142857	0.0
-":"	0.536631183469	0.20663744521	0.0876643706951	0.169067000626
-am:	0.307886079502	0.385247817442	0.0617519025052	0.245114200551
-nvu	0.369380831213	0.467345207803	0.144189991518	0.0190839694656
-yi'	0.131652661064	0.742296918768	0.0840336134454	0.0420168067227
-mid	0.764705882353	0.235294117647	0.0	0.0
-ain	0.286302962008	0.495201943806	0.0448997846808	0.173595309505
-oli	0.00290135396519	0.92166344294	0.0	0.0754352030947
-ko"	0.168348227155	0.473239165946	0.267127894686	0.0912847122129
-hyu	0.513742071882	0.338266384778	0.135306553911	0.0126849894292
-hyi	0.171972126917	0.390285843537	0.0578009478156	0.379941081731
-hyo	0.389068116877	0.163148677297	0.0884989399945	0.359284265831
-tor	0.0	0.854166666667	0.145833333333	0.0
-ssu	0.53164556962	0.189873417722	0.158227848101	0.120253164557
-idd	0.182873730044	0.306240928883	0.0348330914369	0.476052249637
-no-	0.288888888889	0.488888888889	0.0888888888889	0.133333333333
-lei	0.224860154903	0.156774419114	0.562910049943	0.0554553760402
-mug	0.0316438356165	0.929554794521	0.0308904109589	0.00791095890412
-ion	0.0434782608696	0.938405797101	0.0	0.018115942029
-mun	0.00826890034365	0.988187285223	0.00161082474227	0.00193298969072
-led	0.415639972621	0.337097878166	0.0436344969199	0.203627652293
-leg	0.0	1.0	0.0	0.0
-oig	0.0674157303371	0.561797752809	0.0	0.370786516854
-uno	0.206896551724	0.772413793103	0.0206896551724	0.0
-oib	0.55	0.15	0.0	0.3
-yo-	0.710810810811	0.183783783784	0.0567567567568	0.0486486486486
-ola	0.0345844948053	0.91209774237	0.0172922474026	0.0360255154222
-hra	0.094064949608	0.885778275476	0.013437849944	0.00671892497199
-oin	0.295285699942	0.525864562281	0.0965291765131	0.0823205612642
-yo'	0.0340549572018	0.0208959626465	0.00627579151981	0.938773288632
-no"	0.185780852589	0.514371851401	0.168354921389	0.131492374621
-in-	0.298659559458	0.514776201301	0.144234537901	0.0423297013405
-"-"	0.748031496063	0.228346456693	0.0236220472441	0.0
-xu:	0.0464711797157	0.901894176156	0.0442970894366	0.00733755469196
-b'-	0.181054841249	0.637890317502	0.110207294673	0.0708475465757
-eed	0.031007751938	0.852713178295	0.0542635658915	0.062015503876
-au'	0.348008802941	0.296595884157	0.295811579613	0.0595837332897
-alu	0.247318902559	0.635568129482	0.0782946246464	0.038818343312
-ndu	0.236842105263	0.763157894737	0.0	0.0
-gio	0.0625	0.84375	0.0	0.09375
-alo	0.585204755614	0.0475561426684	0.182298546896	0.184940554822
-la:	0.063829787234	0.936170212766	0.0	0.0
-ali	0.00930713547052	0.957600827301	0.0330920372285	0.0
-ale	0.20625	0.74375	0.0	0.05
-pe:	0.521471466434	0.415707719663	0.0088066561546	0.0540141577482
-ala	0.101398775449	0.823684603514	0.0324057942157	0.0425108268206
-o:"	0.336917562724	0.512544802867	0.0	0.150537634409
-oeb	0.274368061685	0.445962011671	0.14467108663	0.134998840014
-120	0.078431372549	0.705882352941	0.0	0.21568627451
-mlu	0.0833333333333	0.833333333333	0.0833333333333	0.0
-bdo	0.0787746170678	0.868708971554	0.0	0.0525164113785
-bia	0.0333333333333	0.953333333333	0.0133333333333	0.0
-oi:	0.347368421053	0.473684210526	0.178947368421	0.0
-you	0.264673311185	0.456256921373	0.0996677740864	0.179401993355
-bui	0.183398171071	0.436922144192	0.288738442884	0.0909412418532
-yoo	0.143815148955	0.405961148461	0.0396778134156	0.410545889169
-oi"	0.491740787802	0.184243964422	0.189538331216	0.134476916561
-e"-	0.0890394019547	0.18511586953	0.017328394057	0.708516334458
-kha	0.327306733167	0.256857855362	0.0374064837905	0.378428927681
-oi-	0.0	0.578544061303	0.421455938697	0.0
-eek	0.131422924901	0.453557312253	0.235177865613	0.179841897233
-tu:	0.134996146518	0.159290063615	0.234270796206	0.471442993661
-mu:	0.0	1.0	0.0	0.0
-gi=	0.399445214979	0.101248266297	0.0	0.499306518724
-ae:	0.353773584906	0.533018867925	0.0	0.11320754717
-gwe	0.594733162433	0.0822652062456	0.0769051503146	0.246096481007
-gi:	0.329833197994	0.302214923743	0.101544315656	0.266407562607
-yu"	0.374912057884	0.383776924198	0.0353154207894	0.205995597129
-if'	0.0232558139535	0.93023255814	0.046511627907	0.0
-iyu	0.662342096279	0.204506657562	0.0716968248549	0.0614544213042
-ogu	0.11320754717	0.750943396226	0.135849056604	0.0
-rku	0.0337790288529	0.947220267417	0.00844475721323	0.0105559465166
-elu	0.0	1.0	0.0	0.0
-ogi	0.1875	0.288461538462	0.177884615385	0.346153846154
-gi-	0.15651880897	0.149750336969	0.0375260384757	0.656204815586
-eli	0.150623885918	0.803327391563	0.017825311943	0.0282234105764
-iyi	0.0729113924051	0.573164556962	0.0415189873418	0.312405063291
-bo-	0.210090361446	0.473644578313	0.0587349397591	0.257530120482
-oga	0.0344827586207	0.948275862069	0.0172413793103	0.0
-rka	0.15873015873	0.722222222222	0.0	0.119047619048
-xi:	0.0259217756416	0.104888684875	0.0241666554159	0.845022884068
-ela	0.0512061135025	0.911967048676	0.0191010569615	0.0177257808603
-oge	0.0	1.0	0.0	0.0
-gi"	0.392781395349	0.191144186047	0.112372093023	0.303702325581
-nd'	0.2	0.8	0.0	0.0
-se:	0.634157105031	0.19814651368	0.123565754634	0.0441306266549
-rhe	0.552631578948	0.362573099415	0.03216374269	0.0526315789474
-d'-	0.31391905232	0.438104639684	0.0692991115499	0.178677196446
-hum	0.0	1.0	0.0	0.0
-do:	0.198529411765	0.658088235294	0.134558823529	0.00882352941176
-itu	0.0759493670886	0.905670192474	0.0124848274666	0.00589561297035
-tam	0.538077728619	0.24052570596	0.145729384834	0.075667180587
-rid	0.0229885057471	0.413793103448	0.379310344828	0.183908045977
-ab:	0.286103542234	0.632152588556	0.0817438692098	0.0
-ab'	0.331073668859	0.446373930057	0.095845566194	0.12670683489
-eso	0.0	1.0	0.0	0.0
-ge-	0.145896656535	0.762917933131	0.063829787234	0.0273556231003
-ab"	0.46511627907	0.093023255814	0.046511627907	0.395348837209
-iti	0.0	0.980392156863	0.0	0.0196078431372
-ab-	0.253021148036	0.431268882175	0.253398791541	0.0623111782477
-esa	0.0323974082073	0.967602591793	0.0	0.0
-ese	0.0322580645162	0.967741935484	0.0	0.0
-ko'	0.381806720615	0.510652987256	0.0440992564844	0.0634410356442
-tu'	0.113384644265	0.809085789375	0.0474938990051	0.030035667355
-va:	0.0236966824644	0.876777251185	0.0995260663507	0.0
-tu-	0.358019904356	0.333139459739	0.106307354272	0.202533281634
-so-	0.363636363636	0.517316017316	0.106060606061	0.012987012987
-eza	0.0	1.0	0.0	0.0
-uda	0.0338279320727	0.784529897366	0.123506105407	0.0581360651539
-ui'	0.548571428572	0.297142857143	0.108571428571	0.0457142857143
-bre	0.0194805194805	0.938016528926	0.0354191263282	0.00708382526566
-i:-	0.41950578382	0.394824063711	0.0817863642325	0.103883788236
-so'	0.155755475035	0.65654868053	0.0768267361746	0.11086910826
-udi	0.199231613611	0.682766190999	0.0389681668496	0.07903402854
-gtu	0.497272345783	0.226185480487	0.0318925723878	0.244649601343
-ko:	0.357268981754	0.354326074161	0.134196586227	0.154208357858
-hg:	0.447447447447	0.246246246246	0.009009009009	0.297297297297
-abu	0.046511627907	0.953488372093	0.0	0.0
-uti	0.209677419355	0.774193548387	0.016129032258	0.0
-hui	0.174701771723	0.239076727606	0.477518176043	0.108703324628
-lhu	0.615384615385	0.115384615385	0.0384615384615	0.230769230769
-u":	0.179372197309	0.659192825112	0.0941704035875	0.067264573991
-uog	0.0131578947368	0.986842105263	0.0	0.0
-hue	0.503147864557	0.392206908287	0.0706142589757	0.034030968181
-hug	0.462052451861	0.276380982656	0.0707698490614	0.190796716421
-acu	0.28125	0.28125	0.03125	0.40625
-abe	0.521408182683	0.404376784015	0.011417697431	0.0627973358706
-ade	0.0487804878049	0.951219512195	0.0	0.0
-aba	0.0395817195972	0.941828040279	0.013942680093	0.00464756003098
-geo	0.0	0.868355065196	0.0	0.131644934804
-tra	0.0	1.0	0.0	0.0
-abo	0.088620499893	0.139150332483	0.0932116329557	0.679017534668
-tau	0.77207977208	0.132598450355	0.0655004393323	0.0298213382325
