-tâk	0.458977459664	0.105522327897	0.030177250493	0.405322961946
-gkâ	0.228531855956	0.646814404432	0.0	0.124653739612
-het	0.418759819229	0.252380860019	0.245650445138	0.0832088756134
-heu	0.110800744879	0.0577281191806	0.212756052141	0.618715083799
-her	0.420786110441	0.384374246443	0.118157704365	0.0766819387509
-rep	0.5008	0.1344	0.1824	0.1824
-hel	0.575388291517	0.218399044205	0.125925925926	0.0802867383513
-hem	0.0641711229947	0.911521633447	0.0111813320369	0.0131259115217
-hen	0.323960880196	0.223896159931	0.113080684597	0.339062275277
-heh	0.532679357225	0.371215269907	0.0586530869002	0.0374522859677
-hei	0.172110708919	0.125713072466	0.208193052277	0.493983166339
-rbe	0.010101010101	0.989898989899	0.0	0.0
-hek	0.0639638638488	0.041607561921	0.0186956209103	0.87573295332
-aan	0.158048780488	0.633170731707	0.125853658537	0.0829268292683
-lel	0.532963267544	0.287246436403	0.0712376644737	0.108552631579
-hea	0.0	0.96628216504	0.0	0.0337178349601
-hêr	0.418300653595	0.248366013072	0.333333333333	0.0
-lem	0.0249656436097	0.952206443732	0.0145060314552	0.00832188120324
-hbo	0.493421052632	0.476973684211	0.0296052631579	0.0
-nsu	0.0731707317073	0.829268292683	0.0609756097561	0.0365853658537
-zir	0.81028320044	0.12702777014	0.0255705251581	0.0371185042618
-zin	0.266237201133	0.686914192659	0.0365647658209	0.0102838403871
-ufa	0.0	0.944444444445	0.0555555555555	0.0
-mul	0.0715630885122	0.826741996234	0.101694915254	0.0
-ête	0.0861787616971	0.434634802979	0.454796219749	0.0243902155747
-auh	0.101345723774	0.0771567199356	0.0958770596095	0.725620496681
-aum	0.00512820512821	0.99358974359	0.00128205128205	0.0
-aul	0.106741573034	0.876404494382	0.0168539325843	0.0
-zia	0.303262794073	0.412970106677	0.0901595563861	0.193607542863
-uaa	0.0685471936281	0.281013439328	0.00958702008786	0.640852346956
-nth	0.0	0.994328922495	0.00567107750473	0.0
-nto	0.0	1.0	0.0	0.0
-uai	0.489718463754	0.275975953158	0.0721680037706	0.162137579317
-uah	0.325386044632	0.274485056331	0.0456914252533	0.354437473784
-uak	0.179946989309	0.0703529802116	0.0323889919867	0.717311038493
-dân	0.0522899071439	0.812374597546	0.0175855069759	0.117749988335
-nte	0.21744186305	0.649221838033	0.0512973097694	0.0820389891482
-ual	0.114817865723	0.481602489857	0.27454828932	0.129031355099
-dâk	0.734623015873	0.219246031746	0.0119047619048	0.0342261904762
-uan	0.0262944579045	0.103011858045	0.00750759041747	0.863186093633
-i-a	0.106548279689	0.800221975583	0.0665926748058	0.0266370699223
-uap	0.0649926144756	0.567208271787	0.338257016248	0.0295420974889
-wma	0.354015828559	0.410415238184	0.0900670563762	0.145501876881
-uar	0.636755922373	0.229771867788	0.0436336002063	0.0898386096329
-aah	0.153399801612	0.491035743565	0.0596232572923	0.29594119753
-uat	0.604547290895	0.136743759545	0.0169118549501	0.24179709461
-dâr	0.0266102207439	0.872996673722	0.0417296643484	0.0586634411853
-pum	0.0622916997302	0.638549436597	0.261069671481	0.0380891921917
-pun	0.654581280788	0.187914614121	0.0794745484401	0.0780295566503
-ntu	0.297565482692	0.60803195766	0.0486370601988	0.045765499449
-pui	0.188056166484	0.564964014051	0.192947430511	0.0540323889545
-pra	0.0	0.961264822134	0.0387351778656	0.0
-sen	0.0282118936473	0.871930180637	0.0934645829105	0.00639334280495
-iar	0.799749617983	0.138391295543	0.0193309645231	0.0425281219508
-pru	0.297709923664	0.610687022901	0.0458015267176	0.0458015267176
-sma	0.685870828491	0.306657811722	0.00747135978748	0.0
--ho	0.106944444444	0.745138888889	0.122916666667	0.025
-opa	0.0532786885246	0.66393442623	0.245901639344	0.0368852459016
-vem	0.532853842182	0.307100535198	0.0208448175439	0.139200805076
-ive	0.00962695547533	0.95908543923	0.0312876052948	0.0
-dea	0.0	1.0	0.0	0.0
-msa	0.208945323605	0.432862693073	0.226854922771	0.131337060551
-naa	0.231701342046	0.637076704859	0.0761601923845	0.0550617607104
-gka	0.0711838385987	0.87340601431	0.0392320019549	0.0161781451361
-deh	0.863708399366	0.0958795562599	0.0190174326466	0.0213946117274
-kio	0.0	1.0	0.0	0.0
-keu	0.383277435457	0.403790655955	0.085172763435	0.127759145153
-dek	0.937372560443	0.012816778328	0.0	0.0498106612293
-del	0.083405433466	0.0363384668628	0.869527599931	0.0107284997404
-dem	0.494736842105	0.457894736842	0.0368421052631	0.0105263157895
-den	0.427777777778	0.516666666667	0.0133333333334	0.0422222222223
-ima	0.139852863557	0.408019959217	0.181414025861	0.270713151366
-der	0.456919765136	0.0851883000147	0.391784394361	0.0661075404878
-atu	0.447481439434	0.436953399831	0.0909331548942	0.0246320058404
-aka	0.154272998163	0.258042152321	0.0622527531937	0.525432096323
-kil	0.0649259673114	0.696146472982	0.056485591561	0.182441968145
-oka	0.0860033726812	0.903878583474	0.0101180438449	0.0
-sîr	0.0839078773654	0.870910957899	0.0258178084201	0.0193633563151
-ido	0.0882352941176	0.670588235294	0.0705882352941	0.170588235294
-lla	0.0	0.970873786408	0.0291262135922	0.0
-tin	0.0711290559552	0.106127155152	0.00613304613944	0.816610742754
-vâr	0.197398398776	0.406015848736	0.351401862141	0.0451838903465
-vâp	0.0842105263158	0.831578947368	0.0842105263158	0.0
-rpa	0.0	1.0	0.0	0.0
-oik	0.090909090909	0.420454545455	0.488636363636	0.0
-lli	0.0	0.993355481728	0.0	0.00664451827243
-oba	0.000328723893844	0.997370208849	0.0	0.00230106725691
-tlu	0.778789555768	0.134426724355	0.00981033355135	0.0769733863259
-ida	0.00291651476485	0.995625227853	0.00145825738243	0.0
-êra	0.0717703349282	0.868421052632	0.0157894736842	0.044019138756
-bia	0.656850643625	0.156409804267	0.0206312819609	0.166108270146
-vân	0.00651604977835	0.926347273407	0.0570421406826	0.010094536132
-tla	0.709592214755	0.208934677135	0.0209516667879	0.0605214413224
-vâl	0.0633934120572	0.1124922312	0.820385332505	0.00372902423866
-vâk	0.565187713311	0.146075085324	0.106484641638	0.182252559727
-bih	0.672268907563	0.149159663866	0.0682773109244	0.110294117647
-hle	0.446398471738	0.0632093493651	0.108888639173	0.381503539724
-uta	0.151200610168	0.411775535431	0.023757966809	0.413265887592
-sim	0.591863650198	0.392918737953	0.00365222684387	0.0115653850056
-hla	0.313058775456	0.394633825113	0.0213964881874	0.270910911244
-ute	0.163453885313	0.7033236514	0.0435607711847	0.0896616921027
-hlo	0.261589403973	0.152317880795	0.519867549669	0.0662251655629
-ril	0.703191294286	0.177143073937	0.076541742281	0.0431238894966
-uti	0.149942373775	0.100665483956	0.0353580009654	0.714034141304
-rik	0.0165673593954	0.399360558058	0.570411277431	0.0136608051155
-hli	0.0472756410257	0.943108974359	0.00641025641026	0.00320512820513
-hâk	0.633528550512	0.19019033675	0.0571010248902	0.119180087848
-tea	0.205758654157	0.605675463327	0.149281323659	0.0392845588575
-hlu	0.305120149006	0.185519690907	0.427641612607	0.0817185474802
-kîl	0.529391777098	0.34828406388	0.00407747196738	0.118246687054
-utu	0.523896178527	0.368834402835	0.0689589119816	0.0383105066565
-teh	0.397496162701	0.186558662701	0.00755468150422	0.408390493093
-tei	0.135135135135	0.486486486486	0.297297297297	0.0810810810811
-tek	0.573643410853	0.348837209302	0.046511627907	0.031007751938
-tel	0.164678119137	0.16328564728	0.046904315197	0.625131918386
-tem	0.882579403272	0.0885466794994	0.014436958614	0.014436958614
-ten	0.194403438372	0.679655683653	0.0511114595733	0.0748294184014
-dan	0.0374443135849	0.898650724563	0.0529212965333	0.0109836653182
-ard	0.0	0.842105263158	0.157894736842	0.0
-êka	0.388085742772	0.437437686939	0.0997008973081	0.0747756729811
-ara	0.0978878424095	0.85781340726	0.0293585237832	0.0149402265474
-lup	0.524390243902	0.365853658537	0.0731707317073	0.0365853658537
-arh	0.642141634373	0.219292781271	0.037020018792	0.101545565565
-ari	0.00299507951223	0.994009840976	0.00171147400699	0.00128360550524
-jia	0.0176991150442	0.946902654867	0.0353982300885	0.0
-luh	0.547064210848	0.0246260303246	0.00122112547064	0.427088633357
-lui	0.327569916856	0.278533635677	0.364417989418	0.0294784580499
-luk	0.125611745514	0.226753670473	0.305057096248	0.342577487765
-lul	0.443087008343	0.210965435042	0.228545887962	0.117401668653
-lum	0.696922351547	0.213918247435	0.0354322610611	0.0537271399575
-lun	0.459438968916	0.500379075057	0.0356330553449	0.00454890068234
-lua	0.285714285714	0.601503759399	0.0451127819549	0.0676691729323
-men	0.0132190942472	0.0727050183598	0.00440636474908	0.909669522644
-mei	0.0860899289362	0.802499574794	0.0428339597403	0.06857653653
-meh	0.668253968254	0.166666666667	0.11746031746	0.047619047619
-êpa	0.626984126984	0.111111111111	0.261904761905	0.0
-vut	0.0173279514907	0.858167508169	0.0494167505476	0.0750877897931
-phe	0.0586228699924	0.938750405156	0.00262672485164	0.0
-phi	0.354508196721	0.627049180328	0.0184426229508	0.0
-pho	0.369337979094	0.453878598936	0.140473134055	0.0363102879149
-kia	0.0235385693158	0.973846034094	0.00261539659065	0.0
-phu	0.6375	0.2375	0.116666666667	0.00833333333335
-vua	0.810777957861	0.152755267423	0.0158022690438	0.0206645056726
-vun	0.173921549447	0.796732857282	0.0293455932701	0.0
-vui	0.535135135135	0.362162162162	0.0767567567567	0.025945945946
-mâr	0.0	0.574241049992	0.112041828949	0.313717121059
-mât	0.08	0.613333333333	0.173333333333	0.133333333333
-na-	0.475857548613	0.351103342801	0.0	0.173039108586
-pût	0.217054263566	0.767441860465	0.0	0.015503875969
-pûr	0.231884057971	0.739130434783	0.0289855072464	0.0
-goa	0.0	1.0	0.0	0.0
-âra	0.173796516262	0.343754192133	0.0516470779458	0.430802213659
-pûk	0.383928571428	0.535714285714	0.0267857142857	0.0535714285714
-ûra	0.0665126150266	0.0223292935749	0.0171259536042	0.894032137794
-tze	0.1647819063	0.576736672052	0.200323101777	0.0581583198708
-uba	0.49694002448	0.429620563035	0.031211750306	0.0422276621787
-mâk	0.350622406639	0.478838174274	0.0921161825726	0.0784232365145
-mân	0.057920398354	0.0634530931222	0.0310061435965	0.847620364927
-ota	0.00831843497228	0.988354191039	0.00332737398892	0.0
-gîl	0.214424951267	0.238986354776	0.228460038986	0.318128654971
-zan	0.0926784059314	0.877664504171	0.0185356811863	0.0111214087118
-ija	0.00540906017579	0.983772819473	0.00946585530764	0.00135226504395
-lma	0.0442297915608	0.943568886629	0.00305033045247	0.0091509913574
-hil	0.184498875451	0.544315644426	0.0167103586412	0.254475121482
-nho	0.0393846365521	0.91383535846	0.0287215471799	0.0180584578077
-nem	0.238447941699	0.254199606763	0.415982747119	0.0913697044182
-uma	0.324262821457	0.338483518426	0.241147965947	0.0961056941703
-otu	0.284768674573	0.612536458424	0.0465445273067	0.0561503396965
-sup	0.320388349514	0.466019417476	0.0873786407767	0.126213592233
-umi	0.0298065515386	0.0726298246414	0.024474664047	0.873088959773
-nah	0.172421831213	0.10079174256	0.00938295298638	0.71740347324
-nai	0.106837941568	0.236782329443	0.0330539672593	0.62332576173
-nan	0.146962596162	0.815633566186	0.0149438500309	0.0224599876205
-aki	0.01	0.8	0.19	0.0
-nam	0.0987461485792	0.837705409107	0.00898664840808	0.0545617939062
-kik	0.828542260541	0.171457739459	0.0	0.0
-zuk	0.155152514427	0.083759274526	0.0270403957131	0.734047815334
-zui	0.820351657679	0.0142682578823	0.00285365157646	0.162526432862
-fâk	0.0324232081911	0.586177474403	0.345563139932	0.0358361774744
-kin	0.21162323222	0.138639054279	0.138919474925	0.510818238576
-kim	0.10145188926	0.460386623927	0.136654670066	0.301506816747
-sit	0.68281938326	0.232378854625	0.0269823788546	0.0578193832599
-sik	0.0698529411764	0.898897058824	0.0238970588235	0.00735294117648
-kip	0.283116883117	0.628571428571	0.0727272727273	0.0155844155844
-sin	0.408694292823	0.152269300833	0.0434618089665	0.395574597378
-zut	0.152008686211	0.29207383279	0.0456026058632	0.510314875136
-kit	0.593088315963	0.104772353264	0.0111903455842	0.290948985189
-nar	0.900302114804	0.00906344410875	0.0317220543807	0.0589123867069
-sia	0.0367737948084	0.942367119901	0.00741656365884	0.0134425216316
-nat	0.391560353288	0.393523061825	0.166339548577	0.0485770363101
-nau	0.0222106861637	0.925828534279	0.0274577060602	0.0245030734971
-nti	0.403532608696	0.245923913044	0.146739130435	0.203804347826
-mos	0.0128893662728	0.987110633727	0.0	0.0
-gon	0.0	1.0	0.0	0.0
-sên	0.115359965819	0.808801538133	0.0425122837	0.0333262123478
-sêl	0.340290060134	0.317887041623	0.230986911921	0.110835986322
-ega	0.0	0.915730337079	0.0842696629213	0.0
-ên-	0.8125	0.1875	0.0	0.0
-sêp	0.0125	0.9375	0.05	0.0
-mon	0.00203527815468	0.996607869742	0.00135685210312	0.0
-lka	0.0487804878049	0.951219512195	0.0	0.0
-iin	0.319007270715	0.222421726552	0.0516777905846	0.406893212148
-kêl	0.246238030096	0.737346101231	0.0	0.016415868673
-hâm	0.395195478097	0.506535562883	0.0816650965615	0.0166038624588
-hâl	0.156600608158	0.115497535913	0.0704099821747	0.657491873755
-hân	0.319508755628	0.0600759469499	0.0160240241384	0.604391273284
-ber	0.0573286072629	0.263859864567	0.47213025534	0.206681272829
-neh	0.668796592119	0.156017039404	0.0830670926518	0.0921192758253
-bet	0.354411891294	0.618542244585	0.00649767166766	0.0205481924532
-wha	0.427676578106	0.298689979642	0.124841776939	0.148791665313
-utê	0.151906158358	0.779472140763	0.0422287390029	0.0263929618768
-beh	0.895783611774	0.0668257756563	0.00636435958632	0.0310262529833
-bei	0.310367892977	0.384392419175	0.126644370123	0.178595317726
-rli	0.0353634577603	0.911591355599	0.0117878192534	0.041257367387
-bel	0.266613191831	0.529771086568	0.0493613870549	0.154254334547
-dâl	0.617165738162	0.0678969359331	0.0188022284123	0.296135097493
-ûka	0.234009360374	0.465275162731	0.147398999408	0.153316477487
-hâr	0.188699109352	0.75662183581	0.035513200565	0.0191658542732
-reh	0.374802920416	0.267179275717	0.135348194145	0.222669609722
-rei	0.0367733723068	0.509735514592	0.251661873556	0.201829239546
-hho	0.174143348018	0.109030007703	0.013848377576	0.702978266703
-rel	0.147540983607	0.754098360656	0.0983606557377	0.0
-rem	0.412589001666	0.388047265566	0.0599909104681	0.1393728223
-hûn	0.210447786123	0.718233797469	0.0257213960817	0.0455970203266
-uam	0.434946764328	0.373102771275	0.140753605679	0.0511968587178
-otê	0.323654768247	0.676345231753	0.0	0.0
-hûm	0.274190122226	0.680157222424	0.0300238183837	0.0156288369668
-hûk	0.0360144057623	0.204081632653	0.684273709484	0.0756302521009
-isa	0.128448339167	0.672484272881	0.156781631704	0.042285756248
-kût	0.0291046750656	0.912278916411	0.0160788065048	0.042537602019
-hût	0.44066555553	0.293736926862	0.069894083581	0.195703434027
-oas	0.0	1.0	0.0	0.0
-hûr	0.637709772952	0.222112537019	0.116485686081	0.0236920039487
-eva	0.0	0.943396226415	0.0	0.0566037735849
-hûp	0.0985074626865	0.832835820896	0.0328358208955	0.0358208955224
-upa	0.0330686510853	0.879711443949	0.0671004667653	0.0201194382008
-êng	0.146062259011	0.271941841413	0.0512001063803	0.530795793196
-isu	0.149593495935	0.61593495935	0.0117073170732	0.222764227642
-evi	0.0311269836423	0.968873016358	0.0	0.0
-hhu	0.493150684932	0.321917808219	0.0616438356164	0.123287671233
-haa	0.432076536021	0.377986245932	0.0862682590355	0.103668959011
-hah	0.270486799775	0.46292975364	0.0689189429927	0.197664503593
-hai	0.258907883664	0.531153096866	0.0326459094629	0.177293110007
-hak	0.0399737277542	0.39632268549	0.530453834812	0.0332497519437
-hal	0.713931136737	0.20177759517	0.0580496468944	0.0262416211988
-ham	0.418422303911	0.378795181304	0.137309649639	0.0654728651459
-han	0.399572846049	0.229643313912	0.0282707370286	0.34251310301
-mai	0.169818907488	0.16098766903	0.0650801215226	0.60411330196
-mah	0.0832249326607	0.232834681277	0.0288367574079	0.655103628654
-mak	0.456604115927	0.342086715004	0.181141266042	0.0201679030266
-hat	0.137984278798	0.0749933252085	0.0900843320235	0.69693806397
-hau	0.688074489649	0.165086736144	0.09681258572	0.0500261884872
-haw	0.206471362362	0.64237958751	0.0366092495591	0.114539800569
-maa	0.124700239808	0.132100034258	0.00945529290853	0.733744433025
-kak	0.0210491146007	0.810557968593	0.0841964584029	0.0841964584029
-pua	0.639473684211	0.246052631579	0.0592105263158	0.0552631578947
-hza	0.532228360958	0.411602209945	0.0534069981584	0.00276243093922
-hih	0.684132579374	0.260238427456	0.0216640963501	0.0339648968202
-ptu	0.0891132501177	0.900660639213	0.0029217459055	0.00730436476374
-uno	0.257666658699	0.392642875923	0.331285704042	0.0184047613356
-eih	0.383002952831	0.0645812779522	0.113152141068	0.439263628149
-ṭum	0.169811320755	0.581132075472	0.135849056604	0.11320754717
-zâr	0.0528723945094	0.812913065582	0.131164209456	0.00305033045247
-ung	0.196569018061	0.608651780738	0.0773949565092	0.117384244692
-una	0.272735398013	0.435135777833	0.0461514444882	0.245977379666
-zât	0.0301238424634	0.318252817137	0.386589311614	0.265034028785
-pte	0.294184586407	0.537709935646	0.13208287553	0.0360226024172
-zân	0.0752878653675	0.716563330381	0.0560968408621	0.152051963389
-pta	0.018993853378	0.914000052761	0.0670060938613	0.0
-wng	0.170177123642	0.260401575851	0.0529886352775	0.516432665229
-ṭîn	0.390476190476	0.609523809524	0.0	0.0
-wna	0.29078257302	0.289009212298	0.201034865297	0.219173349384
-tra	0.0	1.0	0.0	0.0
-hin	0.313817963424	0.258820569453	0.0456797064044	0.381681760718
-gaa	0.453051160879	0.180193137456	0.0	0.366755701664
-ada	0.0	1.0	0.0	0.0
-gan	0.538797447094	0.0829694323144	0.0819617064159	0.296271414175
-gam	0.667416561373	0.129125704952	0.154087953404	0.0493697802706
-ein	0.419097227424	0.448335319787	0.0687865223975	0.0637809303919
-tri	0.0512820512821	0.948717948718	0.0	0.0
-gai	0.401293753488	0.165963661896	0.107592364494	0.325150220122
-gah	0.120276163474	0.244347902126	0.039940760368	0.595435174032
-lal	0.0159925506561	0.922555554209	0.0282725449098	0.0331793502248
-gat	0.291666666667	0.451388888889	0.0	0.256944444444
-tûk	0.0162530474464	0.91092079765	0.0412577358255	0.0315684190786
-ben	0.911504424779	0.070796460177	0.0	0.0176991150442
-ini	0.0402669679181	0.233077130996	0.00596034292764	0.720695558158
-sem	0.705141657922	0.195173137461	0.00472193074501	0.0949632738719
-sek	0.805555555556	0.111111111111	0.0833333333333	0.0
-lpa	0.00394991175729	0.980922766619	0.00130263047315	0.0138246911505
-sei	0.455140104915	0.460517456058	0.0133386306658	0.0710038083614
-seh	0.642857142857	0.22619047619	0.0238095238095	0.107142857143
-sef	0.508771929825	0.421052631579	0.0	0.0701754385965
-dis	0.0359820089955	0.928035982009	0.0359820089955	0.0
-sea	0.0436125749591	0.901871706342	0.0174450299837	0.0370706887152
-ing	0.350587434254	0.461552480237	0.138228443063	0.0496316424456
-uih	0.616697339803	0.189476325916	0.105738664882	0.0880876693994
-erê	0.0862047518348	0.913795248165	0.0	0.0
-uin	0.274677651057	0.295988916628	0.0496902065897	0.379643225726
-uia	0.229031099046	0.596930017166	0.112858796758	0.0611800870294
-îna	0.258255298176	0.409068506654	0.111713487761	0.220962707409
-kna	0.23508342435	0.577044662015	0.0968342323984	0.0910376812359
-îng	0.269488441396	0.389860222171	0.147061674509	0.193589661924
-âng	0.309389983581	0.287532379131	0.0332798368619	0.369797800426
-rsa	0.0360501567398	0.551724137931	0.33855799373	0.0736677115987
-kut	0.0179555350056	0.948984703117	0.00786036296382	0.0251993989134
-iaa	0.563911040719	0.13325258939	0.0676385800771	0.235197789814
-âna	0.151021031444	0.484052791341	0.0855733444777	0.279352832738
-fua	0.810810810811	0.135135135135	0.0	0.054054054054
-iam	0.374247612324	0.400900128174	0.0906892957686	0.134162963733
-ial	0.377051088345	0.401941443986	0.0672648096986	0.153742657971
-ian	0.0525765491634	0.70951816796	0.0269959234892	0.210909359387
-iai	0.299517659872	0.498677454489	0.131787770344	0.0700171152948
-iah	0.223683753489	0.478071761581	0.0428847769455	0.255359707985
-iak	0.507984861634	0.457975022453	0.0115768615986	0.0224632543147
-mtu	0.349517557971	0.561821902769	0.0370165214421	0.0516440178183
-nen	0.688622754491	0.11377245509	0.107784431138	0.0898203592814
-iat	0.654165774053	0.182470470079	0.0395935687981	0.12377018707
-aoa	0.0106951871658	0.989304812834	0.0	0.0
-gho	0.325353385988	0.272869347051	0.0710626458572	0.330714621104
-nek	0.315436241611	0.410006101281	0.0866381940207	0.187919463087
-kua	0.0777965404208	0.431823019398	0.0445800400164	0.445800400165
-nei	0.61154722916	0.279831711211	0.0150828371883	0.0935382224407
-ghe	0.458734813574	0.300377042312	0.0795978215333	0.161290322581
-kum	0.00892498997192	0.972322503008	0.00812274368229	0.0106297633373
--te	0.012987012987	0.851576994434	0.117073402788	0.0183625897912
-gha	0.00781702374059	0.986103068906	0.000868558193398	0.00521134916039
-mte	0.203672170549	0.434363255755	0.112482700735	0.249481872961
-ban	0.404264934331	0.509080638328	0.0514051687615	0.0352492585793
-vên	0.467741935484	0.373814041746	0.105313092979	0.0531309297913
-eka	0.0294117647059	0.91243315508	0.0501336898396	0.00802139037434
-vêl	0.0883840505436	0.753457227833	0.0166770285484	0.141481693076
-vêk	0.270034129693	0.241638225256	0.153993174061	0.33433447099
-bai	0.340809338227	0.51065117863	0.06894888191	0.0795906012335
-eki	0.030303030303	0.848484848485	0.0606060606061	0.0606060606061
-hhi	0.391304347826	0.16149068323	0.391304347826	0.055900621118
-rho	0.265969802555	0.626016260163	0.0574912891986	0.0505226480836
-hos	0.0	1.0	0.0	0.0
-him	0.359201837986	0.433111691149	0.120176839418	0.0875096314481
-êan	0.166666666667	0.0789473684211	0.280701754386	0.473684210526
-baw	0.663265306122	0.15306122449	0.183673469388	0.0
-bat	0.545108302901	0.426765715868	0.00401799731868	0.0241079839121
-vêt	0.672413793103	0.275862068966	0.0	0.051724137931
-bar	0.0330578512397	0.909090909091	0.0	0.0578512396694
-ptê	0.0781395348837	0.910697674419	0.00558139534884	0.00558139534886
-êah	0.260355029586	0.272189349112	0.213017751479	0.254437869823
-ata	0.101120362097	0.137406451452	0.0111734225312	0.750299763919
-asa	0.0423783296051	0.0528037295336	0.55356129105	0.351256649811
-ltu	0.290537236066	0.606801036717	0.0662360398716	0.0364256873451
-dra	0.0201342281879	0.953020134228	0.0	0.0268456375839
-hap	0.751678870888	0.172060553174	0.0455287020526	0.0307318738855
-gên	0.871688256304	0.0385948078256	0.015246015246	0.0744709206247
-lte	0.0896521781088	0.736784075377	0.122714074993	0.0508496715208
-rea	0.114738423713	0.759049310204	0.114738423713	0.0114738423713
-raw	0.193819317325	0.653278776785	0.125982556261	0.0269193496285
-rau	0.00658114477282	0.926308497347	0.0517584769351	0.0153518809456
-rap	0.386876135514	0.382280645506	0.163513946778	0.0673292722026
-vek	0.0830999508564	0.0971917130965	0.0939796202329	0.725728715814
-ran	0.0452115974828	0.891573081652	0.0286997556728	0.0345155651924
-ral	0.705236323508	0.111634267402	0.0216627251135	0.161466683977
-ram	0.040783197657	0.777948073991	0.00354850783239	0.177720220519
-hhe	0.207359665806	0.56591383149	0.130509970697	0.0962165320071
-rah	0.140541193502	0.550410204887	0.0807866453358	0.228261956276
-rai	0.067755886593	0.877462758289	0.0461316674676	0.00864968765017
-era	0.0182937039518	0.878600133958	0.0907568653718	0.012349296718
-ova	0.167143674678	0.254612883079	0.0464364727033	0.53180696954
-rab	0.08	0.92	0.0	0.0
-ere	0.0323741007194	0.827338129496	0.140287769784	0.0
-aho	0.168658698539	0.76759628154	0.0478087649403	0.0159362549801
-ṭûl	0.3	0.297222222222	0.236111111111	0.166666666667
-uka	0.197373785839	0.504693843228	0.118455039046	0.179477331887
-chu	0.0388272310797	0.00602694593836	0.000941034691328	0.954204788291
-mtê	0.485893416928	0.326018808777	0.188087774295	0.0
-poh	0.646153846154	0.0769230769231	0.0307692307692	0.246153846154
-azi	0.0	0.81308411215	0.18691588785	0.0
-uga	0.0	1.0	0.0	0.0
-aza	0.072	0.91	0.012	0.00599999999999
-laa	0.655083655084	0.164736164736	0.037323037323	0.142857142857
-ika	0.0309506263817	0.964627855564	0.00442151805453	0.0
-iko	0.0	1.0	0.0	0.0
-lam	0.170266350601	0.0949512289445	0.0992763777942	0.63550604266
-lan	0.430567703083	0.47212226013	0.0523437865121	0.0449662502754
-lah	0.190734892715	0.537718801628	0.0340632291548	0.237483076502
-lai	0.143704804587	0.321039645497	0.05021410392	0.485041445997
-iki	0.0618556701031	0.861221252974	0.0523394131642	0.0245836637589
-lak	0.495815899582	0.299163179916	0.0439330543933	0.161087866109
-lat	0.441609211742	0.140024166607	0.0506787973559	0.367687824295
-lau	0.240300090937	0.270006062443	0.471582297666	0.0181115489542
-ppi	0.00803212851406	0.987951807229	0.0	0.00401606425702
-law	0.363275904418	0.166672514825	0.133618723464	0.336432857293
-hva	0.266031285611	0.234642080182	0.0717393556407	0.427587278566
--na	0.477707006369	0.108280254777	0.152866242038	0.261146496815
-ppa	0.00454545454546	0.995454545455	0.0	0.0
-ṭhi	0.623125937032	0.354385307346	0.00562218890555	0.0168665667166
-hvi	0.0	0.583941605839	0.284671532847	0.131386861314
--ni	0.113636363636	0.647727272727	0.102272727273	0.136363636364
-gei	0.163986513168	0.102536374958	0.073551836214	0.65992527566
-gen	0.637119113574	0.203601108033	0.0332409972299	0.126038781163
-ṭha	0.0721975275817	0.115606274246	0.678386917482	0.133809280691
-gea	0.0	0.971153846154	0.0288461538462	0.0
-aha	0.373016344933	0.359004403653	0.068065995334	0.19991325608
-tve	0.0738137082601	0.757469244288	0.105448154657	0.0632688927944
-hre	0.939331479557	0.0175207018616	0.0074644410298	0.0356833775511
--in	0.742358078603	0.198689956332	0.0163755458515	0.0425764192139
-ṭhu	0.857142857143	0.0518045112782	0.00172932330827	0.0893233082706
-êna	0.0481022838827	0.0242094985025	0.00905195015119	0.918636267464
-don	0.0	1.0	0.0	0.0
-dom	0.00478468899521	0.995215311005	0.0	0.0
-gla	0.0	0.920792079208	0.039603960396	0.039603960396
-dda	0.0	1.0	0.0	0.0
-wra	0.5	0.406976744186	0.0	0.093023255814
-saw	0.312053758925	0.312473750525	0.0327593448131	0.342713145737
-sat	0.285579641847	0.37794533459	0.172478793591	0.163996229972
-gli	0.0130081300813	0.0314363143631	0.0	0.955555555556
-wrh	0.614087018545	0.23562767475	0.0985734664765	0.0517118402282
-glo	0.176872929358	0.6613497916	0.0721385059314	0.0896387731111
-oli	0.0143426294821	0.885258964143	0.0	0.100398406375
-saa	0.161928350497	0.627282746525	0.12600879324	0.0847801097378
-ibo	0.635572139304	0.136815920398	0.0335820895522	0.194029850746
-uṭa	0.054945054945	0.937728937729	0.0	0.00732600732602
-sak	0.513391510301	0.267748355512	0.116051965859	0.102808168329
-ola	0.00557232412352	0.98978407244	0.0034827025772	0.00116090085907
-nêm	0.118950411582	0.140158453424	0.67817182707	0.0627193079249
-sah	0.507342726732	0.239630879143	0.0158761659059	0.23715022822
-nêk	0.589797899568	0.317535963287	0.022239872915	0.0704262642309
-san	0.713783297964	0.129368338153	0.0370328064976	0.119815557386
-sam	0.00170068027211	0.962585034014	0.0255102040816	0.0102040816326
-sal	0.134890345419	0.818482258912	0.0272684532205	0.0193589424486
-lon	0.0177619893428	0.9378330373	0.0213143872114	0.0230905861457
-dep	0.264150943396	0.509433962264	0.0377358490566	0.188679245283
-iel	0.416539050536	0.384379785605	0.0918836140888	0.10719754977
-loh	0.150015511947	0.0335845672655	0.0127429696733	0.803656951114
-loi	0.0166666666667	0.933333333333	0.0166666666667	0.0333333333333
-nna	0.131579594995	0.802865506538	0.0338471432771	0.0317077551904
-loe	0.0615384615385	0.907692307692	0.0307692307692	0.0
-ṭâm	0.0531588632181	0.458392966673	0.474136168473	0.0143120016357
-voh	0.628205128205	0.121794871795	0.134615384615	0.115384615385
-fên	0.209660901229	0.719446973145	0.0364132908511	0.0344788347747
-fêm	0.0510638297872	0.71914893617	0.229787234043	0.0
-ken	0.643617021277	0.313829787234	0.0	0.0425531914893
-ava	0.0	0.989864864865	0.0101351351351	0.0
-rom	0.00253257168585	0.712412415229	0.285055013085	0.0
-lot	0.0	1.0	0.0	0.0
-euh	0.134200796072	0.0861940072333	0.05189117653	0.727714020165
-mar	0.201711458751	0.371493515176	0.365824308063	0.0609707180104
-win	0.108427476951	0.73380080509	0.0214257888586	0.1363459291
-lha	0.615324877039	0.220036241263	0.0828371731815	0.0818017085167
-mau	0.0689655172413	0.862068965517	0.0344827586207	0.0344827586207
-sât	0.652073732719	0.209677419355	0.0	0.138248847926
-ipa	0.0802538186642	0.818377104844	0.056525139333	0.0448439371591
-sâr	0.333333333333	0.183333333333	0.35	0.133333333333
-sân	0.211924390041	0.285119493713	0.228162211675	0.274793904572
-maw	0.101972277669	0.0520227705012	0.0698412480709	0.776163703759
-ipp	0.02	0.98	0.0	0.0
-êma	0.358525590029	0.310527711482	0.232829488199	0.0981172102892
-rdi	0.0326486192355	0.934702761529	0.0326486192355	0.0
-vîn	0.136515513126	0.0133651551313	0.837708830549	0.0124105011933
-tûr	0.102200270086	0.0175561409747	0.0100069685874	0.870236620352
-awk	0.165488434708	0.155391607862	0.0562068542707	0.622913103159
-ûte	0.0505415162455	0.949458483755	0.0	0.0
-awi	0.619800344091	0.198135099954	0.0654177492413	0.116646806714
-awh	0.310428202031	0.0660890594512	0.0280918321891	0.595390906329
-awn	0.531755854776	0.113762069245	0.047897486217	0.306584589762
-awm	0.486516167163	0.0669609225804	0.0325982059465	0.41392470431
-awl	0.217202753786	0.535090835201	0.215280605523	0.0324258054902
-awa	0.465477114042	0.292474786656	0.0744763382467	0.167571761055
-nêp	0.389743589744	0.317948717949	0.248717948718	0.0435897435897
-har	0.23123457951	0.110839456751	0.589639222113	0.0682867416254
-aws	0.0435154365285	0.950071762299	0.00458057226616	0.00183222890646
-awr	0.0697335837756	0.864450449515	0.0423102643133	0.0235057023962
-awp	0.158854285671	0.234516644174	0.128816384381	0.477812685774
-rîk	0.113636363636	0.621212121212	0.253787878788	0.0113636363636
-mal	0.461646480604	0.275057047569	0.155052366743	0.108244105085
-lâm	0.482874066443	0.509399948493	0.00772598506309	0.0
-lân	0.548337595908	0.388491048593	0.0180306905371	0.0451406649616
-îpa	0.697139938713	0.281409601634	0.0214504596527	0.0
-lâk	0.466435372688	0.124539642629	0.260779306034	0.14824567865
-put	0.446428571429	0.199404761905	0.116071428571	0.238095238095
-stu	0.0610119047619	0.927083333333	0.00297619047619	0.00892857142857
-man	0.48962231334	0.379172214343	0.040981744049	0.0902237282684
-nvo	0.595070422535	0.383802816901	0.0211267605634	0.0
-nni	0.0542553815473	0.0979334076289	0.0119655111737	0.83584569965
-sto	0.0	0.682481751825	0.317518248175	0.0
-wka	0.336181204053	0.143651897477	0.193522749851	0.326644148619
-pin	0.467634335748	0.292098816907	0.0875592849325	0.152707562412
-mpa	0.304761904762	0.657142857143	0.0190476190476	0.0190476190476
-sta	0.00300025354255	0.992647265966	0.00338056737189	0.000971913119418
-lâr	0.804272945697	0.0863824647217	0.0745531292601	0.0347914603214
-zîm	0.37485800833	0.183642559636	0.441499432033	0.0
-sso	0.135135135135	0.864864864865	0.0	0.0
-ssa	0.018018018018	0.954954954955	0.027027027027	0.0
-âka	0.548496701615	0.158615379506	0.21462914411	0.0782587747682
-fak	0.624371990399	0.228036435738	0.0666398318351	0.0809517420278
-rta	0.0	1.0	0.0	0.0
-zîr	0.395147313692	0.343154246101	0.0415944540728	0.220103986135
-leh	0.0252263758194	0.0123477405342	0.00267222403614	0.95975365961
-lei	0.175940945951	0.766983265629	0.0207310261896	0.0363447622303
-hbu	0.406015037594	0.563909774436	0.0	0.0300751879699
-lek	0.327258497317	0.149821109123	0.0916815742397	0.43123881932
-mua	0.620111731844	0.234636871508	0.0670391061452	0.0782122905028
-ion	0.0153609831029	0.955453149002	0.0276497695853	0.00153609831029
-len	0.643124780239	0.0963926248242	0.0373044127989	0.223178182138
-lea	0.0	1.0	0.0	0.0
-dûn	0.306775067751	0.0731707317073	0.110569105691	0.509485094851
-mun	0.0613700025465	0.583808348514	0.179199885082	0.175621763857
-hru	0.721778791334	0.2417331813	0.00912200684149	0.0273660205245
-muh	0.903334699012	0.0246709728553	0.0106192717594	0.0613750563729
-vûr	0.280542986425	0.52036199095	0.10407239819	0.0950226244344
-hri	0.177914110429	0.601226993865	0.220858895705	0.0
-mut	0.230769230769	0.179487179487	0.429487179487	0.160256410256
-vûn	0.854166666667	0.0208333333333	0.125	0.0
-itê	0.172588832487	0.664974619289	0.142131979695	0.0203045685279
-mup	0.449275362319	0.414492753623	0.136231884058	0.0
-oia	0.0142857142857	0.971428571429	0.0142857142857	0.0
-nên	0.0849476123583	0.0310180172925	0.00687466633263	0.877159704017
-hra	0.0	1.0	0.0	0.0
-rûl	0.366592068103	0.51986882534	0.0503428113977	0.0631962951588
-let	0.502202643172	0.15859030837	0.105726872247	0.233480176211
-sai	0.00211615330355	0.992475899365	0.00141076886903	0.00399717846226
-oii	0.101694915254	0.864406779661	0.0	0.0338983050847
-iot	0.0277777777778	0.972222222222	0.0	0.0
-âte	0.112109694149	0.464601612731	0.400269972648	0.0230187204718
-rra	0.0113636363637	0.971590909091	0.0	0.0170454545455
-âma	0.135155542132	0.744790093627	0.0868317728783	0.0332225913621
-ûma	0.611796982167	0.351165980796	0.0205761316873	0.0164609053498
-iba	0.181651376147	0.818348623853	0.0	0.0
-gin	0.132638133699	0.138344922251	0.0252320188331	0.703784925216
-tak	0.0413930417483	0.15339406229	0.206968950541	0.598243945421
-gil	0.270833333333	0.375	0.229166666667	0.125
-nia	0.141828517075	0.705611449106	0.030610979909	0.12194905391
-fai	0.428442573662	0.143114852676	0.377029464823	0.0514131088395
-ndo	0.348044177916	0.261382207364	0.000557763105635	0.390015851615
-ali	0.0171871217623	0.231905107722	0.041394335512	0.709513435004
-nda	0.0	1.0	0.0	0.0
-hia	0.112589839882	0.628922531543	0.0847462937823	0.173741334793
-gia	0.00628930817609	0.924528301887	0.0691823899371	0.0
-ala	0.382269132948	0.387442533481	0.102502852119	0.127785481452
-gpu	0.0277777777778	0.944444444444	0.0	0.0277777777778
-zâp	0.837455830389	0.104240282685	0.047703180212	0.0106007067138
-uva	0.174347393401	0.626138712394	0.100474622981	0.0990392712241
-hma	0.0447551082987	0.0641847629136	0.0096172608926	0.881442867895
-fîm	0.166578529878	0.357482813326	0.452141723956	0.0237969328398
-nît	0.302857142857	0.497142857143	0.165714285714	0.0342857142857
-gtê	0.328467153285	0.43795620438	0.233576642336	0.0
-ṭap	0.678417547983	0.320537929234	0.00104452278365	0.0
-gpa	0.270833333333	0.645833333333	0.0833333333333	0.0
-sîk	0.196265938069	0.434881602914	0.357923497268	0.0109289617486
-ṭîl	0.441340782123	0.189944134078	0.301675977654	0.0670391061453
-kha	0.342590013501	0.106830942767	0.00631187489996	0.544267168832
-nîa	0.24	0.66	0.04	0.06
-mli	0.00579150579151	0.0401544401545	0.000772200772201	0.953281853282
-mlo	0.0464733025709	0.0527356624918	0.836519446276	0.0642715886618
-mit	0.144375652646	0.646702245165	0.0300075772902	0.178914524899
-chi	0.0843421644214	0.812548915125	0.0266431319001	0.0764657885534
-lûk	0.770181240227	0.192135148299	0.0118434207491	0.0258401907252
-tes	0.0579710144927	0.797101449275	0.144927536232	0.0
-pea	0.286885245902	0.467213114754	0.245901639344	0.0
-cho	0.69014084507	0.0	0.253521126761	0.056338028169
-pel	0.689655172414	0.103448275862	0.0	0.206896551724
-cha	0.089552238806	0.455223880597	0.365671641791	0.089552238806
-ien	0.316831683168	0.60396039604	0.039603960396	0.039603960396
-bîk	0.180614539096	0.27416937297	0.214339245566	0.330876842368
-che	0.0223798835589	0.00328814900039	0.00019339313685	0.974138574304
-pek	0.327472527472	0.448351648352	0.105494505494	0.118681318681
-rki	0.0	0.979310344828	0.0	0.0206896551724
-elh	0.541214067209	0.313005260401	0.0773499115675	0.0684307608226
-eli	0.0	1.0	0.0	0.0
-elo	0.707936507937	0.0412698412698	0.0190476190476	0.231746031746
-oga	0.0	0.981308411215	0.018691588785	0.0
-rka	0.0147928994083	0.985207100592	0.0	0.0
-ela	0.0365751446636	0.0767779450904	0.00871595254138	0.877930957705
-alh	0.667434672807	0.210961605337	0.0530614530815	0.0685422687744
-kte	0.230323723669	0.546285576131	0.129499482491	0.0938912177099
-hse	0.215909090909	0.431818181818	0.352272727273	0.0
-pna	0.123422830832	0.746875560605	0.112838605513	0.0168630030497
-zâm	0.0	1.0	0.0	0.0
-hum	0.080269132143	0.309948949585	0.0999364810503	0.509845437222
-itu	0.372797401191	0.379604051807	0.0705010224882	0.177097524514
-ter	0.41975308642	0.567901234568	0.0	0.0123456790124
-esi	0.00413223140496	0.99173553719	0.00413223140496	0.0
-sîn	0.0122671512949	0.51158564289	0.470695138573	0.00545206724216
-ith	0.0	1.0	0.0	0.0
-iti	0.115586690017	0.732049036778	0.0630472854641	0.0893169877408
-esa	0.0	1.0	0.0	0.0
-ite	0.0766600075151	0.725016430172	0.0929756302958	0.105347932017
-ili	0.005158746802	0.989808329489	0.00440380824561	0.000629115463657
-ita	0.0704456863758	0.899027849528	0.0133846804114	0.0171417836848
-spa	0.00970873786408	0.990291262136	0.0	0.0
-faa	0.438616071429	0.420758928571	0.0602678571429	0.0803571428572
-iip	0.0817717206133	0.790459965928	0.127768313458	0.0
-spi	0.0504201680672	0.911764705882	0.0378151260504	0.0
-rêp	0.0326582611077	0.942692527532	0.00233273293627	0.0223164784237
-fan	0.341937132635	0.229150694267	0.0843342703808	0.344577902717
-bul	0.229923138086	0.603763583356	0.0549960243838	0.111317254174
-fal	0.0344827586207	0.896551724138	0.0344827586207	0.0344827586207
-nûk	0.776652769506	0.151876116736	0.0571768910065	0.0142942227516
-rêk	0.596385542169	0.222891566265	0.10843373494	0.0722891566265
-kîr	0.574834162521	0.0429104477612	0.00373134328359	0.378524046434
-uda	0.00477251034043	0.899140948139	0.087257397391	0.00882914412981
-âta	0.343217665615	0.618927444795	0.0378548895899	0.0
-rên	0.255319148936	0.71914893617	0.0170212765958	0.00851063829787
-rêm	0.30258302583	0.564575645756	0.132841328413	0.0
-rêl	0.298957520577	0.587873916895	0.0505928111745	0.0625757513537
-rêa	0.204819277108	0.469879518072	0.228915662651	0.0963855421687
-udi	0.0	1.0	0.0	0.0
-îsa	0.247619047619	0.466666666667	0.171428571429	0.114285714286
-hul	0.325670498084	0.300766283525	0.373563218391	0.0
-abu	0.0452830188679	0.92884097035	0.00808625336926	0.0177897574124
-hun	0.0958387848983	0.677518697458	0.0369473893212	0.189695128322
-rim	0.287475928241	0.391567282679	0.138687117808	0.182269671273
-huh	0.576801374198	0.353132628153	0.0253141668927	0.0447518307567
-hui	0.555240793201	0.25283286119	0.0856940509915	0.106232294618
-huk	0.124956511264	0.111269450682	0.00305600163418	0.760718036419
-ruh	0.121786253886	0.822929196652	0.0360551409532	0.0192294085084
-far	0.138840070299	0.79086115993	0.0281195079086	0.0421792618629
-îte	0.0818181818182	0.827272727273	0.0272727272727	0.0636363636363
-hua	0.354985498203	0.397068152343	0.025286048638	0.222660300817
-aba	0.024208961563	0.970906774262	0.00361010830325	0.00127415587173
-hut	0.544736842105	0.256390977444	0.0436090225564	0.155263157895
-hup	0.742765273312	0.103077629766	0.0409738171796	0.113183279743
-ron	0.0243902439024	0.951219512195	0.0243902439024	0.0
-ria	0.798662372183	0.153320219009	0.0144984603294	0.0335189484787
-var	0.244897959184	0.163265306122	0.0408163265306	0.551020408163
-tua	0.294458831314	0.574548038983	0.0387220102769	0.0922711194256
-zêp	0.343407631281	0.314318095958	0.247072157159	0.0952021156026
-vaw	0.648648648649	0.153153153153	0.18018018018	0.018018018018
-vau	0.606294864716	0.196576477084	0.137493097736	0.0596355604638
-tuh	0.633835457706	0.316338354577	0.0312862108922	0.018539976825
-tui	0.0783780111336	0.836819550591	0.0599739169088	0.0248285213668
-tuk	0.312443642922	0.328674481515	0.227231740307	0.131650135257
-mze	0.0220385674931	0.457300275482	0.473829201102	0.0468319559229
-dîl	0.608105546499	0.356863934488	0.00363953444288	0.0313909845699
-lru	0.111194599494	0.746219168933	0.0501765182959	0.092409713277
-bât	0.303370786517	0.629213483146	0.0	0.0674157303371
-chû	0.335664335664	0.615384615385	0.0	0.048951048951
-kos	0.0	1.0	0.0	0.0
-bba	0.0238393977415	0.939774153074	0.0100376411543	0.0263488080301
-vak	0.357713583282	0.472239295226	0.0768285187462	0.0932186027453
-vah	0.231614949984	0.508264466825	0.11500585426	0.145114728931
-ora	0.0124275062137	0.97265948633	0.00497100248549	0.00994200497099
-rin	0.141553125479	0.105930396139	0.0200214071008	0.732495071281
-zêm	0.0099502487562	0.960199004975	0.0	0.0298507462686
-zêl	0.354424509805	0.114808646445	0.0343482217467	0.496418622003
-tna	0.192452622979	0.5706817399	0.159689971496	0.0771756656245
-gma	0.327755243472	0.221275554922	0.164183363568	0.286785838038
-rip	0.301158301158	0.212355212355	0.440154440155	0.0463320463321
-nih	0.403519099387	0.0361290023578	0.0165480508818	0.543803847373
-wsa	0.572974745818	0.392259757297	0.009839291571	0.0249262053133
-zak	0.08377760853	0.155369383092	0.75628332064	0.004569687738
-ruk	0.00426712182633	0.169155821065	0.0192020482185	0.80737500889
-lin	0.378938163051	0.262880586059	0.0740593175032	0.284121933386
