-rbs	0.148870086752	0.799721537967	0.00481953518261	0.0465888400985
-ivs	0.0439955106621	0.849158249158	0.0377104377104	0.0691358024691
-ivu	0.0775316455696	0.692246835443	0.0901898734178	0.14003164557
-rbu	0.184430548725	0.652971966556	0.0371495819574	0.125447902761
-cai	0.0664451827242	0.860465116279	0.00664451827242	0.0664451827243
-īļš	0.0543478260869	0.282608695652	0.5	0.163043478261
-cam	0.837326305702	0.0740297077144	0.0359367513177	0.0527072352659
-cas	0.254246290191	0.510505968536	0.0322327266207	0.203015014652
-iva	0.0626631853786	0.835509138381	0.0	0.10182767624
-rba	0.244310264747	0.595912679982	0.0831398049233	0.0766372503484
-ūzi	0.309090909091	0.690909090909	0.0	0.0
-rbj	0.285388127854	0.451176677204	0.210748155954	0.0526870389884
-rbi	0.208186101296	0.683745583039	0.0647820965842	0.0432862190813
-ufu	0.0	0.925925925926	0.0740740740741	0.0
-aus	0.62922832981	0.316067653277	0.0166490486258	0.0380549682875
-aur	0.0408744197657	0.0348020602819	0.00830449162591	0.916019028326
-ijā	0.0281844225438	0.933785149405	0.0365284950075	0.00150193304345
-īzē	0.0	0.985401459854	0.0	0.014598540146
-aua	0.0	1.0	0.0	0.0
-auc	0.812011607046	0.093711244627	0.0185423765547	0.0757347717723
-aud	0.359240849525	0.42724807953	0.196565747854	0.0169453230908
-aug	0.821061786642	0.0938713751281	0.0350275216241	0.0500393166059
-lto	0.872881355932	0.0508474576271	0.0254237288136	0.0508474576271
-auj	0.69968839291	0.241367211741	0.0180517210755	0.040892674273
-aul	0.0	1.0	0.0	0.0
-aun	0.311320754717	0.688679245283	0.0	0.0
-les	0.0580538388738	0.860865380576	0.0329512292155	0.0481295513345
-dro	0.340050377834	0.2040302267	0.420025188917	0.0358942065491
-car	0.0	0.961538461538	0.0384615384615	0.0
-īļā	0.416666666667	0.166666666667	0.125	0.291666666667
-āmā	0.0942593905032	0.595322466336	0.284904323175	0.0255138199858
-eņa	0.0131414267835	0.716520650814	0.255319148936	0.0150187734668
-cat	0.897213730797	0.0671547343212	0.0113904086917	0.0242411261901
-eņi	0.0217298679165	0.945036216447	0.028121005539	0.005112910098
-eņu	0.229982964225	0.526405451448	0.184838160136	0.0587734241908
-ītā	0.0776265418971	0.575287111867	0.296044236495	0.0510421097405
-ivi	0.0249515900618	0.167695879616	0.00161848151752	0.805734048805
-rpi	0.0337078651685	0.966292134831	0.0	0.0
-ūtu	0.559474686402	0.0237941932824	0.010816434699	0.405914685617
-eci	0.0811202317721	0.266960405601	0.0354901014003	0.616429261227
-rpj	0.691041291047	0.259303047321	0.0	0.0496556616321
-eco	0.0455687118766	0.0717617509868	0.871905274489	0.010764262648
-lāb	0.660949868074	0.245382585752	0.0	0.0936675461741
-idi	0.476130908636	0.454912201148	0.0295529529498	0.0394039372664
-rpa	0.25746799431	0.571834992888	0.0	0.170697012802
-lām	0.0971599402093	0.576708791955	0.167142274766	0.15898899307
-eca	0.0110701107011	0.0959409594096	0.774907749078	0.118081180812
-ece	0.332125056638	0.497507929316	0.135024920707	0.0353420933394
-ida	0.379999845056	0.54737021514	0.0242099799348	0.0484199598695
-lāt	0.483349704292	0.103741508281	0.0979681693604	0.314940618067
-tli	0.019512195122	0.921951219512	0.00975609756098	0.0487804878049
-idz	0.68115942029	0.260869565217	0.0579710144927	0.0
-ūta	0.509395025524	0.214826663507	0.232925540843	0.0428527701255
-lās	0.482167929933	0.167826681368	0.107913397963	0.242091990736
-ecs	0.015479876161	0.046439628483	0.938080495356	0.0
-rps	0.232365145228	0.684647302905	0.0829875518672	0.0
-idu	0.187091116509	0.623862110712	0.136569996197	0.0524767765818
-rpu	0.201717362829	0.528307378839	0.244505894339	0.0254693639936
-ūti	0.512963479231	0.0787914691943	0.362245609144	0.045999442431
-ecu	0.092879256966	0.623323013416	0.283797729618	0.0
-uta	0.0978621161368	0.857117802838	0.0119258492783	0.0330942317473
-ute	0.106413994169	0.798833819242	0.0349854227405	0.0597667638484
-uti	0.257038645957	0.564239170526	0.0796073931396	0.0991147903774
-uto	0.311111111111	0.325925925926	0.207407407407	0.155555555556
-uts	0.409480523969	0.171724328621	0.164759962672	0.254035184737
-lpā	0.0988332189431	0.767330130405	0.0864790665751	0.0473575840768
-utu	0.110695595411	0.833707666265	0.0226259362933	0.0329708020313
-šie	0.122244434839	0.086314026367	0.160336070888	0.631105467906
-aut	0.249590834697	0.419777202893	0.0175545113774	0.313077451032
-cīs	0.6678109845	0.0900411067962	0.0294049399011	0.212742968802
-cīt	0.792631008592	0.0904868797895	0.0781794256522	0.0387026859664
-šās	0.357036163679	0.306142527673	0.219156911091	0.117664397558
-šām	0.263979649347	0.149187344819	0.124906700788	0.461926305046
-šāk	0.0875912408759	0.299270072993	0.0875912408759	0.525547445255
-cīm	0.0688845401174	0.917025440313	0.0	0.0140900195695
-īļo	0.0338983050847	0.28813559322	0.327683615819	0.350282485876
-īļi	0.23125	0.01875	0.31875	0.43125
-āms	0.655577299413	0.122564451629	0.115502424913	0.106355824045
-āmu	0.833661417323	0.0738188976378	0.0807086614173	0.011811023622
-āmi	0.17237544484	0.228091637011	0.43271797153	0.166814946619
-āmo	0.0832837596669	0.668649613325	0.228435455086	0.0196311719215
-āma	0.256033384986	0.190229982049	0.0240568281195	0.529679804845
-erē	0.35	0.56	0.08	0.00999999999999
-auž	0.384328358209	0.391791044776	0.0373134328358	0.186567164179
-būs	0.402816902501	0.0173344794547	0.00407297171386	0.57577564633
-būt	0.50087095239	0.063573374309	0.0373681625979	0.398187510704
-ufa	0.0	1.0	0.0	0.0
-ija	0.779974067788	0.0978015120955	0.0105419447287	0.111682475388
-īzu	0.0952380952381	0.0	0.785714285714	0.119047619048
-iji	0.752988047809	0.104581673307	0.0438247011952	0.0986055776892
-iju	0.159212792057	0.693570710311	0.0824027153625	0.0648137822699
-ijs	0.0345010903647	0.892048475117	0.0683512167602	0.0050992177583
-rbē	0.0	1.0	0.0	0.0
-ivā	0.0273722627738	0.953771289538	0.0036496350365	0.0152068126521
-rbā	0.238907270722	0.599389157547	0.0726223805888	0.0890811911427
-jūs	0.0175737825951	0.0172199315932	0.0085403889026	0.956665896909
-jūt	0.410256410256	0.358974358974	0.0	0.230769230769
-eēd	0.824307304786	0.0340050377834	0.0	0.141687657431
-lpu	0.0803430771924	0.866094871346	0.018904253457	0.0346577980046
-utā	0.329679409497	0.442179868532	0.0189581726709	0.2091825493
-lps	0.0346810313664	0.910457685566	0.0322642347555	0.0225970483119
-idū	0.050645733097	0.45568498354	0.0223157761459	0.471353507217
-utē	0.17172593235	0.754842440012	0.0104076322637	0.0630239953744
-āca	0.849644789098	0.0565922773376	0.0090683542363	0.0846945793281
-ofi	0.139534883721	0.860465116279	0.0	0.0
-lpo	0.633799596249	0.265089145897	0.0310623926947	0.0700488651586
-mfu	0.0	1.0	0.0	0.0
-āci	0.778609235262	0.0843219565614	0.0193465960942	0.117722212082
-rpā	0.131225610159	0.0922018652027	0.0836034129242	0.692969111714
-idā	0.26402640264	0.498349834984	0.0735502121641	0.164073550212
-ecē	0.655800575264	0.25886864813	0.0364333652924	0.0488974113135
-uģī	0.0209580838323	0.952095808383	0.0	0.0269461077844
-ītu	0.656865862822	0.193770229385	0.0568851452996	0.0924787624934
-eņā	0.21897810219	0.277372262774	0.350364963504	0.153284671533
-īts	0.726786551805	0.15018346599	0.048534858538	0.0744951236671
-īte	0.0934466019417	0.52427184466	0.356796116505	0.0254854368932
-īta	0.444999448063	0.398650513302	0.0943950767193	0.0619549619163
-īto	0.246643222506	0.393062659847	0.229859335038	0.130434782609
-īti	0.73144357864	0.171597698674	0.0618701650583	0.035088557627
-ūtī	0.246311010216	0.737797956867	0.0	0.0158910329171
-rsā	0.0426439232409	0.957356076759	0.0	0.0
-aņā	0.531464060645	0.104758425427	0.00657594300849	0.35720157092
-uju	0.720987654321	0.239506172839	0.0148148148148	0.0246913580247
-ējš	0.0638686131387	0.782846715329	0.0474452554744	0.105839416058
-adi	0.00207468879668	0.98132780083	0.0	0.0165975103734
-adu	0.246321457642	0.7066349425	0.0338947675996	0.0131488322585
-ads	0.0914753669904	0.81095090822	0.0345573608631	0.0630163639268
-sen	0.153166421208	0.0250368188513	0.154639175258	0.667157584683
-ējā	0.152329298143	0.27556238601	0.458851249758	0.113257066089
-āri	0.0872093023256	0.259056350626	0.0581395348837	0.595594812165
-oha	0.128342245989	0.823529411765	0.0160427807487	0.0320855614974
-sev	0.116549000838	0.0828048342707	0.0901041043437	0.710542060548
-ses	0.122655552248	0.551056862161	0.0142899672522	0.311997618339
-lat	0.774590163934	0.114754098361	0.0	0.110655737705
-ikā	0.0456185267078	0.707319911556	0.0278133364366	0.2192482253
-āru	0.0	1.0	0.0	0.0
-ieš	0.746726888785	0.103097137494	0.0469849835758	0.103190990145
-mts	0.513978708586	0.122823599642	0.0390010944185	0.324196597353
-ūgā	0.0945454545454	0.84	0.0218181818182	0.0436363636364
-mtu	0.661125035793	0.153272692852	0.0726462350888	0.112956036266
-mti	0.155204422625	0.170180287966	0.0594083914353	0.615206897974
-mto	0.279829545455	0.46875	0.191761363636	0.0596590909091
-iež	0.59373970346	0.324217462933	0.0276771004942	0.0543657331136
-mta	0.344074977532	0.456284503787	0.128386185646	0.0712543330338
-nēt	0.675413022352	0.314868804665	0.00971817298348	0.0
-nēs	0.502262443439	0.389140271493	0.0651583710407	0.0434389140271
-nēm	0.0577346848832	0.844248567651	0.0451300132216	0.0528867342442
-ēnī	0.0454201362604	0.809235427706	0.118092354277	0.0272520817562
-ētā	0.0624504099444	0.817740015869	0.0895265802698	0.030282993917
-kām	0.432945282933	0.439396811494	0.0352971167485	0.0923607888252
-zog	0.928008998875	0.0494938132733	0.0112485939257	0.0112485939258
-ētī	0.403198653199	0.137205387205	0.343434343434	0.116161616162
-zot	0.60350692387	0.11822151996	0.0838325981522	0.194438958018
-kāp	0.568618266979	0.1981264637	0.0224824355972	0.210772833724
-kāt	0.884438010468	0.0450843435488	0.0153212273878	0.0551564185959
-sma	0.0424911476776	0.737971255988	0.215788377421	0.00374921891272
-rat	0.598582758819	0.100263092198	0.138459470359	0.162694678624
-ers	0.0825867321362	0.873581243493	0.0151676799877	0.0286643443835
-ert	0.661747031393	0.285611268689	0.0122590260084	0.0403826739099
-ras	0.138585629477	0.57624508658	0.0847866254692	0.200382658474
-nči	0.26	0.4	0.2	0.14
-ran	0.333333333333	0.516666666667	0.0	0.15
-eri	0.0195393845558	0.962330172247	0.0113179794852	0.00681246371201
-ram	0.11456064424	0.452543907103	0.0476761622748	0.385219286382
-rai	0.11376735328	0.607577807848	0.0805225613525	0.198132277519
-era	0.0262106440786	0.931703159128	0.0155559107133	0.0265302860796
-erd	0.456314113902	0.442872302795	0.0318358684117	0.0689777148921
-ugu	0.152875412891	0.591344117896	0.103328533921	0.152451935293
-ugt	0.709150326797	0.0980392156862	0.0588235294117	0.133986928105
-ugs	0.0534303534304	0.928066528067	0.0126819126819	0.00582120582121
-oze	0.046511627907	0.953488372093	0.0	0.0
-azu	0.0243283266342	0.924476412101	0.0469642479373	0.00423101332769
-ozi	0.0666666666667	0.9	0.0333333333333	0.0
-azs	0.0332369942196	0.541907514451	0.364161849711	0.0606936416185
-ozs	0.227586206897	0.451724137931	0.155172413793	0.165517241379
-azo	0.0	0.577836411609	0.422163588391	0.0
-ņot	0.666666666667	0.148148148148	0.111111111111	0.0740740740741
-uga	0.479611092273	0.462598222052	0.0309592958972	0.0268313897775
-ozu	0.043552087519	0.887490440576	0.043552087519	0.0254053843861
-aza	0.0710900473934	0.417061611374	0.483412322275	0.0284360189574
-ugi	0.167642688576	0.789528887335	0.0110130233371	0.0318154007517
-ēla	0.341412372488	0.462186419159	0.0302088349897	0.166192373364
-ika	0.725883310088	0.0998469704014	0.0214822563149	0.152787463195
-mtē	0.365079365079	0.518518518519	0.021164021164	0.095238095238
-nos	0.236314790852	0.549696454719	0.112631515979	0.101357238449
-ūga	0.409090909091	0.488636363636	0.102272727273	0.0
-ims	0.0601760942547	0.400772787737	0.499144866029	0.0399062519794
-iki	0.515589973507	0.374363154677	0.0855920114123	0.0244548604035
-iku	0.130421711649	0.745614529548	0.0218991680007	0.102064590802
-ikt	0.788724901164	0.0796833579468	0.0370944514259	0.0944972894633
-iks	0.543549875129	0.154863035336	0.00761875274063	0.293968336794
-ūgu	0.265625	0.6796875	0.046875	0.0078125
-ūgt	0.584028393966	0.393611357586	0.00425909494232	0.0181011535049
-mtā	0.230769230769	0.692307692308	0.0192307692307	0.0576923076923
-ūgs	0.232514177694	0.710302457467	0.0132325141777	0.0439508506616
-ēja	0.770946264988	0.105630086382	0.0382363031309	0.085187345499
-āšu	0.617443510583	0.22813676279	0.0429989889185	0.111420737708
-ējo	0.208787878788	0.237575757576	0.45696969697	0.0966666666667
-ēji	0.449918290482	0.332954228089	0.0978663553069	0.119261126122
-ēju	0.81843549136	0.118161078401	0.013086675315	0.0503167549241
-ējs	0.310010304775	0.602449134766	0.0441204424717	0.043420117988
-gla	0.0861244019139	0.693779904306	0.22009569378	0.0
-vos	0.294293912538	0.143632863577	0.0216112160395	0.540462007845
-vot	0.693124305641	0.14504382175	0.0866559683991	0.0751759042093
-adā	0.026918249881	0.960098671398	0.00778984723244	0.00519323148831
-gli	0.126037013401	0.619761752819	0.0914699000212	0.162731333759
-tom	0.324324324324	0.216216216216	0.0	0.459459459459
-tot	0.53666989812	0.282567549812	0.0527472683563	0.128015283711
-tos	0.236240865072	0.15085493262	0.0415712068252	0.571332995484
-top	0.464944649447	0.125461254613	0.0553505535055	0.354243542435
-rot	0.715987337409	0.165512292417	0.0406079270274	0.0778924431472
-iek	0.711601174412	0.0846093206124	0.0247341975904	0.179055307386
-iem	0.0740656105489	0.393920881178	0.0939442676279	0.438069240645
-ros	0.249610490781	0.49087899247	0.204167748637	0.0553427681122
-iec	0.572611549134	0.252081222746	0.0488922168876	0.126415011232
-ieb	0.928571428571	0.0714285714286	0.0	0.0
-ied	0.829501915709	0.155172413793	0.0114942528736	0.00383141762451
-ieg	0.452380952381	0.404761904762	0.142857142857	0.0
-rod	0.903138472404	0.0756735282433	0.0	0.0211879993526
-aņi	0.135483870968	0.864516129032	0.0	0.0
-iez	0.0972132209981	0.902786779002	0.0	0.0
-iep	0.267605633803	0.605633802817	0.0	0.12676056338
-ies	0.557662537439	0.224369053862	0.0925833828662	0.125385025832
-iet	0.636537530994	0.200122991735	0.0427386063574	0.120600870914
-rok	0.75390625	0.24609375	0.0	0.0
-ozā	0.046511627907	0.953488372093	0.0	0.0
-gūt	0.680412371134	0.226804123711	0.0515463917526	0.0412371134021
-erī	0.189573459716	0.398104265403	0.298578199052	0.113744075829
-gūs	0.702755905512	0.0570866141732	0.157480314961	0.0826771653543
-tie	0.0843712900317	0.103591146182	0.0239405384631	0.788097025323
-sat	0.790177547524	0.0321669972072	0.00607115392399	0.171584301345
-imo	0.395504731861	0.210567823344	0.264984227129	0.128943217666
-erā	0.0992041227687	0.859339608919	0.0257465245309	0.0157097437816
-lād	0.358863198459	0.465317919075	0.0915221579961	0.0842967244702
-tic	0.793182865039	0.134434427848	0.0250049351846	0.0473777719287
-ngi	0.062885326757	0.911220715167	0.0184956843403	0.00739827373612
-ķus	0.215246636771	0.73692077728	0.0119581464873	0.0358744394619
-ētu	0.524252300793	0.235373694684	0.102535301368	0.137838703156
-ūts	0.600649350649	0.399350649351	0.0	0.0
-ēts	0.412651710188	0.245257474242	0.26656219518	0.0755286203901
-ēto	0.17000157994	0.537523582933	0.260876030446	0.0315988066804
-ēti	0.402604343962	0.309297421687	0.236344060515	0.0517541738355
-ļūs	0.393251644836	0.0779863584234	0.0416490613871	0.487112935353
-žos	0.0420521446594	0.159317553767	0.00288357563378	0.79574672594
-žot	0.804733727811	0.188438780155	0.0	0.00682749203461
-ēta	0.185797847849	0.609219120381	0.172751922782	0.0322311089889
-ļūt	0.762315270936	0.118930330753	0.0158339197748	0.102920478536
-lei	0.0937815399012	0.818167756505	0.0455914710307	0.0424592325629
-lej	0.757702742291	0.176726828088	0.0218568098738	0.0437136197475
-urī	0.114476678043	0.738445676906	0.0485281569966	0.0985494880545
-āva	0.710061305445	0.197439596105	0.0297511720159	0.0627479264335
-āve	0.068619473827	0.918361811771	0.00650935720097	0.00650935720097
-šas	0.368241779924	0.279309236152	0.226546833226	0.125902150697
-šam	0.562245248735	0.209153857487	0.0972351814566	0.131365712321
-šai	0.0536378801488	0.183113050173	0.0556910047478	0.70755806493
-lāj	0.649922320042	0.192646297255	0.0745727602278	0.0828586224754
-mus	0.154915820397	0.70983014957	0.107778225145	0.0274758048882
-lāk	0.131007815194	0.0892100836797	0.228849094896	0.550933006231
-āvu	0.690607734807	0.222375690608	0.0331491712707	0.0538674033149
-iļā	0.352941176471	0.262032085561	0.385026737968	0.0
-urā	0.152317274226	0.0708310435367	0.0717469622031	0.705104720034
-urē	0.756181318681	0.186126373626	0.0206043956044	0.0370879120879
-īgo	0.117868806171	0.18955610613	0.601225813892	0.0913492738067
-īgi	0.228657331391	0.23961056297	0.263482544197	0.268249561442
-ēļā	0.0265017667845	0.690812720848	0.0176678445229	0.265017667844
-izē	0.193312434692	0.120689655172	0.0543364681296	0.631661442006
-urš	0.166349048035	0.0913138725133	0.0406076905266	0.701729388925
-īga	0.184801697948	0.213849931333	0.425727246244	0.175621124475
-rnā	0.0	1.0	0.0	0.0
-īgu	0.186173323308	0.253347307345	0.471470992535	0.0890083768122
-īgs	0.205997203583	0.189780969436	0.454681510861	0.14954031612
-lss	0.0149714828898	0.876901140684	0.0503802281369	0.057747148289
-eļi	0.0140502952943	0.968875023814	0.00785863974089	0.00921604115069
-eļo	0.652173913044	0.0652173913043	0.0	0.282608695652
-lst	0.694444444444	0.277777777778	0.0277777777778	0.0
-pec	0.0533333333333	0.506666666667	0.0	0.44
-ogs	0.0842105263158	0.768421052632	0.021052631579	0.126315789474
-eļa	0.0597126329539	0.856689680911	0.0505691360328	0.0330285501026
-ģes	0.0128105590062	0.935947204969	0.0489130434783	0.00232919254659
-pei	0.0350194552529	0.836575875486	0.0817120622568	0.0466926070039
-ids	0.0318415000884	0.955775694322	0.00813727224483	0.00424553334513
-tnē	0.154315643667	0.538784520821	0.122933079387	0.183966756125
-lsa	0.468085106383	0.127659574468	0.127659574468	0.276595744681
-ogo	0.410526315789	0.536842105263	0.0526315789474	0.0
-pes	0.114282070087	0.775708682759	0.0937470106182	0.0162622365358
-oga	0.0619621342513	0.917383820998	0.0103270223752	0.0103270223752
-lsi	0.0553805339082	0.926048748135	0.00696401923396	0.0116066987233
-eļu	0.0557147975636	0.898737011824	0.0107488355428	0.0347993550699
-ēkā	0.0366385577203	0.855045071242	0.0457981971503	0.0625181738878
-ūžā	0.169811320755	0.745283018868	0.0566037735849	0.0283018867924
-eja	0.0302027306579	0.928837401738	0.0119983450559	0.0289615225486
-ess	0.0235428498905	0.724037820859	0.212440904908	0.0399784243424
-itu	0.0920443286145	0.235254233103	0.194042120621	0.478659317662
-its	0.0484536582998	0.207942904306	0.0620478710492	0.681555566345
-esu	0.0921231571846	0.698002540357	0.139973534946	0.0699007675128
-est	0.722800495663	0.163197026022	0.0371747211896	0.0768277571252
-ito	0.0929460580913	0.682987551867	0.0995850622407	0.124481327801
-esi	0.422605151371	0.158739948172	0.0425322683471	0.376122632109
-tes	0.0642750034698	0.881229039231	0.0120650569643	0.0424309003345
-eso	0.0473933649289	0.0142180094787	0.796208530806	0.142180094787
-iti	0.0598076118779	0.701519587341	0.0855987731772	0.153074027603
-esa	0.360008929463	0.508712355755	0.0774827827388	0.0537959320425
-ite	0.0813008130081	0.752032520325	0.0853658536586	0.0813008130081
-ese	0.402298850575	0.597701149425	0.0	0.0
-ita	0.502318185173	0.219630432303	0.0835049886271	0.194546393897
-uds	0.091575091575	0.84126984127	0.042735042735	0.02442002442
-udu	0.111078288796	0.810716233412	0.0538159728534	0.0243895049385
-udz	0.0406133758445	0.0403856372884	0.691774842481	0.227226144386
-fai	0.0	1.0	0.0	0.0
-klē	0.714707500366	0.100344710983	0.0192543543104	0.165693434341
-fas	0.0612813370473	0.922005571031	0.0	0.016713091922
-uda	0.545487501601	0.336090078376	0.0534592638959	0.0649631561267
-spu	0.0	1.0	0.0	0.0
-gtu	0.594011126626	0.214774918545	0.0902098987078	0.101004056121
-udi	0.501278772379	0.483375959079	0.0	0.0153452685422
-klā	0.04776689754	0.840936231192	0.0697396704084	0.0415572008598
-ļās	0.0596026490066	0.582781456954	0.32582781457	0.0317880794702
-ejs	0.00700116686114	0.980663443907	0.0040006667778	0.00833472245374
-ļām	0.182857142857	0.554285714286	0.262857142857	0.0
-eju	0.336040464067	0.631435269012	0.00196323542785	0.0305610314935
-tne	0.0402684563759	0.872999483738	0.0309757356737	0.0557563242127
-īgī	0.697986577181	0.0805369127517	0.161073825503	0.0604026845637
-tni	0.181500423601	0.738723808816	0.0599373491893	0.0198384183937
-eļā	0.121023564613	0.613260490942	0.0209893267041	0.244726617741
-tns	0.0449438202247	0.955056179775	0.0	0.0
-tnu	0.058064516129	0.903225806452	0.0	0.0387096774194
-ogā	0.00837111963725	0.971049877921	0.010115102895	0.0104638995466
-rnu	0.0905016212092	0.812798016403	0.0635132557696	0.0331871066184
-rns	0.0398671096346	0.904069767442	0.0186877076412	0.0373754152824
-ēļa	0.00453240670796	0.984136576522	0.00498564737876	0.00634536939114
-sts	0.293816411227	0.524434934973	0.139977303057	0.0417713507429
-izs	0.0490196078431	0.093137254902	0.78431372549	0.0735294117647
-īgā	0.16728801261	0.260302249356	0.468136212375	0.104273525659
-ize	0.0544554455446	0.915841584158	0.0111386138614	0.0185643564357
-iza	0.353164556962	0.0999999999999	0.463291139241	0.0835443037975
-rna	0.230847803881	0.697650663943	0.0286006128703	0.0429009193054
-lsī	0.0947193692292	0.818342151675	0.0195040979355	0.0674343811599
-izi	0.0972425986533	0.720215927472	0.0543580483768	0.128183425498
-rni	0.0369368032783	0.915741114959	0.00936209833784	0.0379599834245
-uri	0.235300848358	0.515667652876	0.0525524298347	0.196479068931
-ipa	0.0289631202935	0.949604170689	0.0144815601467	0.00695114887044
-urn	0.45641025641	0.266666666667	0.0307692307692	0.246153846154
-iļa	0.0	0.298387096774	0.701612903226	0.0
-ļņi	0.133489461358	0.810304449649	0.056206088993	0.0
-ura	0.168976860573	0.187238170214	0.153021058847	0.490763910366
-ure	0.360153256705	0.340996168582	0.206896551724	0.0919540229885
-iļi	0.055407789605	0.337744990912	0.453816181526	0.153031037957
-iļu	0.181012658228	0.722784810127	0.0746835443038	0.0215189873418
-ļņu	0.160427807487	0.831550802139	0.0	0.00802139037433
-urp	0.154055807917	0.0672290720312	0.00389357560026	0.774821544452
-ņam	0.0339839894825	0.0698292447528	0.00384056306468	0.8923462027
-urt	0.636363636364	0.0363636363636	0.145454545455	0.181818181818
-uru	0.146148536796	0.136048276659	0.0143460542164	0.703457132329
-zni	0.058628318584	0.884955752212	0.0564159292036	0.0
-zne	0.0	1.0	0.0	0.0
-eļš	0.0363636363636	0.922727272727	0.0272727272727	0.0136363636364
-mēm	0.0909369571881	0.797179932564	0.102687238173	0.00919587207519
-mēs	0.0154908210135	0.00965251158312	0.00135007155379	0.97350659585
-mēr	0.0823459115135	0.0568159386881	0.0150398840653	0.845798265733
-mēt	0.885714285714	0.0714285714286	0.0142857142857	0.0285714285714
-āvē	0.167874506926	0.81331987891	0.00275204109715	0.0160535730667
-pja	0.314285714286	0.485714285714	0.142857142857	0.0571428571429
-pju	0.0475033141847	0.832633672117	0.0811975254087	0.0386654882899
-šīm	0.0904522613065	0.0834170854271	0.0140703517588	0.812060301508
-šīs	0.0414025285627	0.0377493642778	0.0100282941155	0.910819813044
-udē	0.646635926541	0.194619116386	0.14209338815	0.0166515689238
-īši	0.0289855072464	0.971014492754	0.0	0.0
-klu	0.0660872933259	0.826591461102	0.0618509283691	0.0454703172029
-nnu	0.024485798237	0.970617042116	0.0048971596474	0.0
-kls	0.0554291623578	0.187383660807	0.729058945191	0.0281282316443
-esī	0.014939309057	0.913165266106	0.0130718954248	0.0588235294117
-ihs	0.0	0.953488372093	0.046511627907	0.0
-klo	0.00333889816362	0.0350584307178	0.961602671119	0.0
-kli	0.126371555407	0.527703325237	0.318494011224	0.027431108133
-ihu	0.108108108108	0.891891891892	0.0	0.0
-kle	0.0499021526419	0.854207436399	0.0352250489237	0.0606653620352
-nna	0.0179250407387	0.939706681152	0.0195545898968	0.0228136882129
-kla	0.075906760473	0.851222749473	0.0619399165459	0.0109305735081
-īšu	0.687234506744	0.128704428559	0.0434200450884	0.140641019608
-ēka	0.0280910336511	0.824838568171	0.0586461930611	0.0884242051163
-esē	0.984	0.016	0.0	0.0
-itē	0.526315789474	0.414473684211	0.0592105263158	0.0
-ēko	0.2535644018	0.623049349109	0.0735789558795	0.0498072932108
-ēks	0.0414086221791	0.813333138927	0.028978745275	0.116279493619
-ēku	0.0379376568607	0.811522227626	0.0662054178396	0.0843346976737
-ēkt	0.641247833622	0.332755632582	0.0259965337955	0.0
-esā	0.241328773815	0.653728294178	0.0415685926189	0.063374339388
-itā	0.0335747202107	0.359447004608	0.217248189598	0.389730085583
-gām	0.239423444874	0.492680965873	0.21919221983	0.0487033694228
-gāk	0.283570504528	0.112031047865	0.199741267788	0.404657179819
-gāt	0.697522461203	0.196841818677	0.0174244486796	0.0882112714403
-gās	0.148851473392	0.441726252724	0.338848132487	0.0705741413974
-gta	0.657627118644	0.0779661016949	0.24406779661	0.0203389830509
-āar	0.919282511211	0.0807174887892	0.0	0.0
-usī	0.320606950563	0.282917278512	0.323054331865	0.0734214390602
-zmā	0.1875	0.6875	0.0833333333333	0.0416666666667
-īvs	0.336592897581	0.113741636644	0.510550694802	0.0391147709727
-īvu	0.188986232791	0.295369211514	0.443053817272	0.072590738423
-īva	0.151162790698	0.198966408269	0.62015503876	0.0297157622739
-īve	0.209221902017	0.741786743516	0.0138328530259	0.0351585014409
-usē	0.0491428571429	0.349485714286	0.175542857143	0.425828571429
-īvi	0.109140210146	0.752796294204	0.115241215682	0.0228222799684
-īvo	0.601190041319	0.210319103167	0.068674962862	0.119815892653
-žēl	0.181062027692	0.608053963585	0.19810315971	0.0127808490135
-enē	0.114334603718	0.410437893754	0.0700007777864	0.405226724741
-rmā	0.0337197049526	0.0326659641728	0.870389884089	0.0632244467861
-enā	0.0220977219045	0.66244363324	0.0253772424698	0.290081402385
-ksā	0.440271932664	0.490126254451	0.0307542894141	0.0388475234704
-dēs	0.749764837159	0.119665702868	0.00807646144157	0.122492998531
-aja	0.0496537900875	0.937955539359	0.00364431486881	0.00874635568514
-uhi	0.0239043824701	0.9203187251	0.0557768924303	0.0
-enī	0.0850116189001	0.691518202943	0.0759101471727	0.147560030984
-āča	0.0	0.822222222222	0.133333333333	0.0444444444445
-aju	0.0328018223235	0.967198177677	0.0	0.0
-ajs	0.0113055181696	0.972543741588	0.0	0.0161507402423
-ldi	0.454499107826	0.448126433852	0.0193729288809	0.0780015294418
-ldo	0.0443786982249	0.297337278106	0.636094674556	0.0221893491124
-oju	0.640968271218	0.195060623495	0.0759658207079	0.0880052845789
-lda	0.477822978137	0.40742821753	0.0606875396869	0.0540612646458
-lde	0.102739726027	0.869863013699	0.013698630137	0.013698630137
-oja	0.735803761709	0.135438866036	0.0501096545572	0.0786477176983
-fra	0.0	1.0	0.0	0.0
-lds	0.102643856921	0.869362363919	0.0279937791602	0.0
-oji	0.888372093023	0.0558139534884	0.0279069767442	0.0279069767442
-ldu	0.278724573942	0.481583287521	0.174546454096	0.0651456844419
-bja	0.521276595745	0.329787234043	0.0212765957447	0.127659574468
-bju	0.0054644808743	0.994535519126	0.0	0.0
-īvē	0.123333333333	0.776666666667	0.0366666666667	0.0633333333333
-usi	0.493295072745	0.206883988455	0.118639629123	0.181181309676
-usa	0.686432314004	0.168341721526	0.0889802920537	0.0562456724161
-acu	0.228729281768	0.643093922652	0.0419889502762	0.0861878453038
-use	0.0384615384615	0.125	0.836538461539	0.0
-īvā	0.124501197127	0.736632083001	0.101755786113	0.037110933759
-uss	0.0893503984545	0.882878531756	0.0181115672543	0.00965950253562
-acs	0.00517762117073	0.96634546239	0.0103552423414	0.0181216740975
-ltā	0.272934827729	0.501608551266	0.167860107929	0.057596513076
-usu	0.0695617209489	0.607961399276	0.314032971451	0.00844390832328
-ust	0.529133858268	0.125984251968	0.0944881889763	0.250393700787
-eru	0.27947749644	0.631672135207	0.041552652758	0.0472977155946
-epa	0.265898251192	0.66613672496	0.016693163752	0.0512718600954
-zma	0.183266932271	0.645418326693	0.0	0.171314741036
-epu	0.0931106471816	0.901878914405	0.0	0.00501043841336
-eps	0.0	1.0	0.0	0.0
-žās	0.190649445152	0.683463707477	0.0684009459705	0.0574859014007
-žām	0.103749191985	0.713316095669	0.0620555914673	0.120879120879
-mdē	0.479259559519	0.418051614647	0.0216187001756	0.0810701256587
-kmi	0.373873873874	0.414414414415	0.18018018018	0.0315315315315
-tīs	0.704936796495	0.200519556993	0.0190577146942	0.0754859318179
-ēdi	0.599228715515	0.35627410264	0.0355977454761	0.00889943636905
-tīt	0.78512404242	0.0922326905022	0.0584575705878	0.0641856964898
-ldā	0.0315789473684	0.968421052632	0.0	0.0
-ēda	0.873299142296	0.0505946824516	0.0282515347529	0.0478546404999
-ojā	0.751424360923	0.091605843651	0.047314310911	0.109655484515
-ēdz	0.709208400646	0.237479806139	0.0339256865913	0.0193861066236
-ldē	0.859649122807	0.0701754385965	0.0350877192982	0.0350877192982
-ēdu	0.379895561358	0.498694516971	0.0626631853786	0.0587467362924
-par	0.110295476053	0.0175619172576	0.00167399984165	0.870468606848
-tīm	0.0665176810832	0.881556461154	0.0124884974365	0.039437360326
-ksa	0.062015503876	0.914728682171	0.0077519379845	0.015503875969
-tam	0.137705837905	0.139945326834	0.0321795652599	0.690169270001
-tan	0.0294117647059	0.858823529412	0.0	0.111764705882
-tai	0.10711779791	0.316578390159	0.0296186827448	0.546685129186
-tad	0.129841454593	0.0181516551705	0.00282095598158	0.849185934255
-ajā	0.0943905132633	0.288200026823	0.535717932288	0.0816915276258
-pūš	0.641509433962	0.320754716981	0.0	0.0377358490566
-kss	0.0	1.0	0.0	0.0
-ksu	0.196167883212	0.747262773723	0.029197080292	0.0273722627737
-kst	0.52190764883	0.213961217087	0.120461479561	0.143669654522
-tat	0.652664413147	0.129572196848	0.0673314389786	0.150431951026
-tas	0.153252754692	0.225392723799	0.0278649012177	0.593489620292
-rms	0.0596046942557	0.0649783817171	0.0996911673873	0.77572575664
-rmu	0.0	1.0	0.0	0.0
-enu	0.0844301174717	0.384082843026	0.030091880692	0.50139515881
-ens	0.0345339310377	0.345510953292	0.0158158912505	0.60413922442
-eno	0.0626922167021	0.286728176011	0.565412822333	0.0851667849538
-eni	0.0729198079653	0.763315866399	0.0379897930342	0.125774532601
-ene	0.0606571187869	0.843302443134	0.0050547598989	0.0909856781802
-ena	0.0655659557785	0.413630875742	0.0181323258829	0.502670842596
-akā	0.361904761905	0.580952380952	0.0571428571429	0.0
-lēš	0.572591587517	0.386702849389	0.0	0.0407055630936
-hej	0.0603015075377	0.939698492462	0.0	0.0
-pnī	0.00638977635784	0.980830670927	0.0	0.0127795527156
-ešu	0.23371563954	0.671373847515	0.0440784403277	0.0508320726173
-nss	0.0	1.0	0.0	0.0
-eša	0.118431738959	0.76877133719	0.0380350019765	0.0747619218745
-eši	0.0354133917375	0.781214122967	0.0355017044351	0.147870780861
-ģus	0.0786026200873	0.860262008734	0.0262008733624	0.0349344978166
-ešo	0.00160342063068	0.0112239444147	0.879743452699	0.107429182255
-pus	0.0408023315618	0.604663123607	0.0281158923367	0.326418652494
-rūž	0.958115183246	0.0418848167539	0.0	0.0
-ēvs	0.00908678469435	0.950206255589	0.0243691044075	0.016337855309
-rāt	0.703693495039	0.0624114033706	0.0352417703575	0.198653331233
-rās	0.663011125069	0.131905069093	0.0893627134757	0.115721092362
-akš	0.0	0.0561797752809	0.0	0.943820224719
-ēvu	0.0141529189192	0.961247960102	0.00050546138997	0.0240936595886
-ēvi	0.0403803569102	0.885762667709	0.0267031392471	0.0471538361339
-rāj	0.594177326864	0.213498014998	0.110277900309	0.0820467578297
-rāk	0.0689867342669	0.0307154635623	0.291058551352	0.609239250818
-gda	0.141176470588	0.701960784314	0.141176470588	0.0156862745098
-ēva	0.00803272155367	0.956006838933	0.0046701869498	0.0312902525637
-msa	0.00808625336927	0.741913746631	0.25	0.0
-lgu	0.143168626969	0.549642231981	0.237324570832	0.0698645702178
-āts	0.447411241271	0.333839196543	0.153532736505	0.0652168256808
-deg	0.640275387263	0.318416523236	0.0413080895008	0.0
-oku	0.102139198554	0.819323089284	0.0241036456764	0.0544340664859
-dei	0.460116731517	0.404912451362	0.120379377432	0.0145914396887
-msi	0.385093167702	0.590062111801	0.0	0.0248447204969
-aēl	0.251798561151	0.669064748201	0.0143884892086	0.0647482014388
-oks	0.0176653966055	0.97402147558	0.00831312781434	0.0
-sks	0.0194174757282	0.194174757282	0.747572815534	0.0388349514563
-der	0.517299631627	0.231231686266	0.0883523117026	0.163116370405
-āte	0.00940594059404	0.965346534653	0.0	0.0252475247525
-oki	0.0	1.0	0.0	0.0
-msu	0.0	0.848101265823	0.0168776371308	0.135021097046
-āta	0.3739399341	0.447577378059	0.106236158375	0.0722465294657
-āto	0.528096017458	0.3136933988	0.0611020185488	0.0971085651936
-oka	0.0288635637448	0.908296943231	0.0287570561295	0.0340824368942
-āti	0.482263402946	0.287228936055	0.116723285019	0.113784375979
-bis	0.658108547286	0.198082547936	0.0962788430289	0.0475300617485
-āļi	0.00903369874137	0.93953850318	0.00426309378807	0.0471647042902
-urs	0.430780559647	0.2470544919	0.277982326951	0.0441826215022
-āļa	0.0130340333092	0.969587255612	0.0173787110789	0.0
-bie	0.079754601227	0.147239263804	0.576687116564	0.196319018405
-zūd	0.596469872185	0.167376749848	0.0730371272063	0.163116250761
-āļu	0.103734439834	0.635546334716	0.242738589212	0.0179806362379
-bij	0.744186046512	0.139534883721	0.116279069767	0.0
-aži	0.0389395846444	0.0246224040277	0.0285556954059	0.907882315922
-ažs	0.411290322581	0.209677419355	0.0241935483871	0.354838709677
-ažu	0.184526330651	0.58110969928	0.100945926867	0.133418043202
-met	0.67928315943	0.146936685116	0.0424731945807	0.131306960873
-jim	0.122807017544	0.421052631579	0.0350877192982	0.421052631579
-mes	0.0243286539507	0.881443882075	0.0195592598134	0.0746682041607
-lus	0.108430315574	0.623212610594	0.199288448157	0.0690686256741
-men	0.0210410758394	0.124142347452	0.00146372701491	0.853352849694
-mei	0.0745812368639	0.849308961213	0.0229284758932	0.0531813260302
-jis	0.757956017803	0.111060312335	0.0406745583179	0.0903091115443
-lēs	0.3503009843	0.461746522411	0.105791914097	0.0821605791914
-lēt	0.778965483381	0.170804263151	0.0203564711422	0.0298737823255
-ēvā	0.239513515588	0.746668396974	0.0	0.0138180874378
-arā	0.0475602863515	0.79930141927	0.0624856042603	0.0906526901186
-šup	0.684466019418	0.126213592233	0.0291262135922	0.160194174757
-šus	0.104241018664	0.703716194625	0.0748659642833	0.117176822428
-ubu	0.0207468879669	0.979253112033	0.0	0.0
-pām	0.0651112316874	0.814432989691	0.0	0.120455778622
-rom	0.28555431131	0.1679731243	0.0918253079507	0.454647256439
-ešā	0.0268738190216	0.114843585975	0.765064035272	0.0932185597313
-pār	0.0338766379035	0.0362590429704	0.0108079839623	0.919056335164
-pās	0.513297872341	0.299645390071	0.0265957446808	0.160460992908
-ako	0.181818181818	0.515151515152	0.242424242424	0.0606060606061
-aki	0.851301420478	0.0624024960998	0.00624024960998	0.0800558338123
-rūp	0.711947626841	0.229132569558	0.0589198036007	0.0
-aka	0.818954372814	0.0646677422911	0.00608796737049	0.110289917524
-rūk	0.566865186789	0.319436924743	0.0487276664862	0.0649702219816
-aku	0.880756954429	0.0423970185687	0.0155439889204	0.0613020380824
-akt	0.759753593429	0.141683778234	0.0739219712526	0.0246406570842
-aks	0.281134401973	0.67447595561	0.0	0.0443896424168
-lko	0.448330683625	0.532591414944	0.0190779014308	0.0
-ažī	0.0	1.0	0.0	0.0
-sīm	0.0196584450931	0.926113955052	0.0180978033497	0.0361297965055
-sīs	0.184609707095	0.699392511362	0.0351735208551	0.0808242606882
-sīt	0.547222222222	0.266666666667	0.0783333333333	0.107777777778
-gos	0.359489390966	0.225318414304	0.375936618003	0.0392555767274
-got	0.559642008111	0.333379946861	0.0964900013984	0.0104880436303
-cās	0.621126462497	0.246455240802	0.0659068234725	0.0665114732291
-ūpu	0.508196721311	0.245901639344	0.0	0.245901639344
-rli	0.0406091370558	0.539763113367	0.419627749577	0.0
-cot	0.465324384787	0.436987322893	0.0391498881432	0.058538404176
-cos	0.704340529302	0.236890805713	0.0299604958747	0.0288081691104
-ažš	0.545454545455	0.236363636364	0.0545454545454	0.163636363636
-amo	0.412946428571	0.160009398496	0.271968984962	0.15507518797
-cāt	0.547603870893	0.324621892565	0.0425914121805	0.0851828243611
-ācu	0.727786951801	0.14908447299	0.0146885748433	0.108440000365
-ama	0.26901158522	0.597186706443	0.0557357221784	0.0780659861587
-upe	0.776859504132	0.0743801652892	0.148760330579	0.0
-upa	0.400943396226	0.587264150943	0.0	0.0117924528302
-upi	0.0287769784173	0.956834532374	0.0	0.0143884892086
-msā	0.00941915227629	0.868131868132	0.113029827316	0.00941915227629
-ātē	0.179856115108	0.424460431655	0.359712230216	0.0359712230216
-zls	0.379061371841	0.129963898917	0.42238267148	0.0685920577617
-uvu	0.172222681777	0.185540574076	0.030275457027	0.61196128712
-oči	0.0408163265306	0.897959183674	0.0306122448979	0.030612244898
-ātā	0.161021654636	0.668239866741	0.0694058856191	0.101332593004
-okā	0.126849894292	0.823255813953	0.0118393234672	0.0380549682875
-ptu	0.529497098646	0.128384912959	0.169245647969	0.172872340426
-pts	0.734796606008	0.170668158132	0.0701852508662	0.0243499849944
-mpī	0.378640776699	0.504854368932	0.0	0.116504854369
-tļa	0.182741116751	0.786802030457	0.0	0.0304568527919
-pta	0.758231799416	0.082670425939	0.104722585842	0.0543751888027
-pto	0.486486486486	0.324324324324	0.135135135135	0.054054054054
-pti	0.443232612194	0.461827284105	0.0670480958341	0.027892007867
-gad	0.0518056187052	0.0185407165525	0.00688904504057	0.922764619702
-tra	0.0621026689445	0.276654437505	0.193659506539	0.467583387011
-gan	0.268117979245	0.0718424172788	0.0241410079329	0.635898595543
-gam	0.0709521580941	0.697241806187	0.151342864476	0.0804631712435
-olē	0.0145278450363	0.985472154964	0.0	0.0
-tri	0.0462936503401	0.124164142424	0.106018174544	0.723524032691
-gai	0.13571083015	0.293899330652	0.519593048024	0.0507967911736
-tru	0.0402084309641	0.0689441190697	0.244810020657	0.64603742931
-ird	0.912398465177	0.0659487423561	0.00329499015799	0.0183578023088
-bei	0.029702970297	0.792079207921	0.178217821782	0.0
-gas	0.167012674297	0.554726843712	0.232024697749	0.0462357842416
-gar	0.181360201511	0.324937027708	0.0403022670025	0.453400503778
-trs	0.0697030174854	0.243186083227	0.162461648447	0.524649250841
-olā	0.0	1.0	0.0	0.0
-pīd	0.573472041613	0.396185522323	0.0303424360641	0.0
-ini	0.683011753527	0.214552560794	0.0415254976924	0.0609101879869
-ķās	0.188405797101	0.159420289855	0.521739130435	0.130434782609
-lpa	0.0541253209354	0.897994587468	0.0062452293387	0.041634862258
-ino	0.519031141868	0.16955017301	0.155709342561	0.155709342561
-ina	0.691898717368	0.196760150913	0.0429225909563	0.0684185407624
-rza	0.141822459003	0.763629234994	0.0661838142016	0.0283644918007
-kni	0.802469135802	0.197530864198	0.0	0.0
-rzs	0.0	1.0	0.0	0.0
-ķām	0.161616161616	0.540404040404	0.207070707071	0.0909090909091
-ins	0.108395743003	0.852581789515	0.0189199842333	0.0201024832479
-inu	0.741933117389	0.1658013837	0.0233908558401	0.0688746430708
-rzu	0.0168582375479	0.91877394636	0.0	0.0643678160919
-kne	0.0458015267175	0.954198473282	0.0	0.0
-lpi	0.0489891135303	0.921267496112	0.0110808709176	0.0186625194401
-ību	0.125735352694	0.775184964749	0.0641184386178	0.0349612439397
-tņu	0.0418243377813	0.721171081458	0.167297351125	0.0697072296355
-gāž	0.551724137931	0.310344827586	0.137931034483	0.0
-ūšu	0.309682187731	0.0336289726533	0.00110864745011	0.655580192165
-dru	0.217333333333	0.397333333333	0.358666666667	0.0266666666667
-drs	0.0561167227834	0.59595959596	0.30303030303	0.0448933782267
-rki	0.348404255319	0.587765957447	0.031914893617	0.031914893617
-lts	0.19382480061	0.645250896901	0.0759894160962	0.0849348863925
-ltu	0.237819507511	0.647541181903	0.0764262070576	0.0382131035288
-eit	0.0496094285323	0.097848430862	0.0131560915445	0.839386049061
-dre	0.364485981308	0.579439252336	0.0	0.0560747663551
-lti	0.263431542461	0.56577910824	0.121947376713	0.0488419725855
-dra	0.0	1.0	0.0	0.0
-āga	0.518181818182	0.318181818182	0.0545454545455	0.109090909091
-dri	0.0975483425414	0.501143819061	0.256280214088	0.145027624309
-rka	0.748448122968	0.187703221992	0.0514336387821	0.0124150162578
-uja	0.0554089709762	0.873350923483	0.0606860158312	0.0105540897098
-eču	0.487804878049	0.512195121951	0.0	0.0
-inī	0.0353397373755	0.0322552216445	0.0296113510179	0.902793689962
-inā	0.243611584327	0.260647359455	0.281090289608	0.21465076661
-rzā	0.0599101347978	0.85396904643	0.0112331502746	0.0748876684972
-inē	0.0	0.941176470588	0.0294117647059	0.0294117647059
-sas	0.0532061242466	0.556546352471	0.0558387189359	0.334408804347
-trā	0.03418230563	0.183720583855	0.533214179327	0.248882931189
-cei	0.0380952380952	0.580952380952	0.342857142857	0.0380952380952
