jer-	0.0283537507405	0.935416916965	0.000745715244492	0.0354836170504
yie-	0.175780350711	0.66931476477	0.0879149680705	0.0669899164485
agu-	0.415740737062	0.303727421155	0.043594500435	0.236937341347
kud-	0.0636084477032	0.902863946857	0.0241273422322	0.00940026320738
ahm-	0.0	0.945454545455	0.0545454545455	0.0
ure-	0.456273764259	0.442332065906	0.101394169835	0.0
maa-	0.0894688569195	0.173544447855	0.0189729713269	0.718013723899
uti-	0.483593731986	0.257232548981	0.0690618518276	0.190111867206
jac-	0.0510638297872	0.908085106383	0.0408510638298	0.0
aay-	0.495562427228	0.130538585752	0.0084416488808	0.36545733814
uju-	0.0354026605636	0.802102703476	0.11982072188	0.04267391408
pol-	0.125581395349	0.790697674419	0.0558139534884	0.0279069767442
coo-	0.203760165609	0.248348582545	0.158809897418	0.389081354428
udi-	0.393156036127	0.365531026224	0.166158272746	0.0751546649034
cio-	0.412698412698	0.539682539683	0.031746031746	0.015873015873
poy-	0.383838383838	0.535353535354	0.040404040404	0.040404040404
mah-	0.293176474121	0.522031843688	0.0755704185632	0.109221263628
tum-	0.60401927167	0.240266504623	0.0572941533921	0.0984200703155
eno-	0.0265486725663	0.973451327434	0.0	0.0
aku-	0.167953828942	0.584896298127	0.0665359819934	0.180613890938
red-	0.0666666666666	0.903703703704	0.0296296296296	0.0
yuo-	0.408857195184	0.436732475776	0.0788641541966	0.0755461748436
tea-	0.118421052632	0.865789473684	0.0157894736842	0.0
ana-	0.76239657587	0.0523718950531	0.00795167843565	0.177279850642
yal-	0.503125	0.13125	0.0999999999999	0.265625
pre-	0.0	0.984732824427	0.0152671755725	0.0
duo-	0.13441987914	0.362125998066	0.319236048515	0.184218074279
ele-	0.0	1.0	0.0	0.0
cod-	0.101270643631	0.873974310148	0.024755046221	0.0
uwa-	0.258153144081	0.194489200155	0.0449874652624	0.502370190501
wii-	0.190067561325	0.269599254969	0.042459001487	0.497874182219
der-	0.030349013657	0.960546282246	0.00910470409712	0.0
abi-	0.0716701100587	0.23565449029	0.141265869982	0.55140952967
ayu-	0.558926168914	0.158266866136	0.0585829137932	0.224224051157
ruy-	0.465959256409	0.231298853833	0.181645133854	0.121096755903
mil-	0.141361256544	0.837696335079	0.0104712041885	0.0104712041885
tib-	0.0	1.0	0.0	0.0
gan-	0.405797101449	0.376811594203	0.217391304348	0.0
yer-	0.847826086957	0.152173913043	0.0	0.0
yut-	0.194748358862	0.352297592998	0.400437636762	0.0525164113785
ari-	0.183756123888	0.200931064394	0.0421153711522	0.573197440566
puo-	0.374347193543	0.498804837689	0.0355877920103	0.0912601767574
lya-	0.286771507863	0.509713228492	0.114708603145	0.0888066604995
bay-	0.129824561403	0.860038986355	0.00779727095517	0.00233918128655
lij-	0.0	0.992156862745	0.00784313725492	0.0
lor-	0.661355386464	0.197048943327	0.104419188648	0.0371764815613
ked-	0.0182602061961	0.00999852209259	0.00292326788892	0.968818003822
uga-	0.404029409992	0.411186929232	0.10801550108	0.0767681596961
dhy-	0.106949618331	0.740856829931	0.152193551739	0.0
mar-	0.193862180506	0.133131841805	0.0811769225246	0.591829055165
uyi-	0.611022121137	0.208946543265	0.0577475635733	0.122283772025
cah-	0.152369017929	0.430231824799	0.0500178351293	0.367381322143
abr-	0.0268620085899	0.946425631893	0.0222977118657	0.00441464765126
cey-	0.1	0.82	0.04	0.04
nen-	0.278805685214	0.432529096501	0.131460440965	0.157204777321
adm-	0.0	1.0	0.0	0.0
dah-	0.201900011471	0.167386954193	0.394335644594	0.236377389742
lod-	0.280032929173	0.634945024861	0.0263163475608	0.058705698405
wod-	0.0733214339541	0.759342581801	0.0169935161161	0.150342468128
ate-	0.426393212648	0.202743518479	0.0448951603621	0.32596810851
tii-	0.3841175599	0.306410893448	0.0568617457158	0.252609800936
acw-	0.469068280138	0.404800985002	0.0972649945437	0.0288657403162
kam-	0.0170870626526	0.978030919447	0.00488201790073	0.0
kle-	0.0	1.0	0.0	0.0
jur-	0.231085043988	0.445161290323	0.29560117302	0.0281524926686
bod-	0.438973031593	0.267366530678	0.206017593911	0.0876428438184
aal-	0.39633820669	0.346834635375	0.218778690093	0.0380484678423
uaj-	0.822757111597	0.0919037199124	0.0	0.0853391684901
ler-	0.267622461171	0.36917562724	0.301075268817	0.0621266427718
pat-	0.0117647058824	0.976470588235	0.0	0.0117647058824
nwe-	0.215068922306	0.59649122807	0.0317982456141	0.15664160401
gwi-	0.459886794428	0.269752278692	0.169447954598	0.100912972282
dol-	0.170563961486	0.77166437414	0.0412654745529	0.0165061898212
aoa-	0.178217821782	0.584158415842	0.237623762376	0.0
jor-	0.0	1.0	0.0	0.0
cer-	0.147448015123	0.852551984877	0.0	0.0
pic-	0.380249716232	0.606129398411	0.0136208853576	0.0
gen-	0.0254839696126	0.0177504883758	0.00308850389566	0.953677038116
ake-	0.725595721148	0.0785478387082	0.0207476919023	0.175108748241
guu-	0.329545207386	0.465830741458	0.123436718359	0.0811873327968
naa-	0.319204667832	0.0776102201102	0.00705256396819	0.596132548089
ngw-	0.303694648988	0.25265859143	0.212110445735	0.231536313847
uci-	0.578485676372	0.2165023117	0.0474373870659	0.157574624862
aji-	0.229508196721	0.590163934426	0.0819672131148	0.0983606557377
lal-	0.642956136096	0.162497401427	0.111045665581	0.0835007968956
goj-	0.873638344227	0.113289760349	0.0130718954248	0.0
dam-	0.0479704797048	0.880442804428	0.0549815498155	0.0166051660517
buu-	0.164005440648	0.129249821189	0.0222264983014	0.684518239862
nge-	0.531623100075	0.269601840664	0.0931716747277	0.105603384534
yod-	0.0205479452055	0.719178082192	0.123287671233	0.13698630137
aci-	0.173724131444	0.1657237587	0.0955922883521	0.564959821503
ped-	0.494023904383	0.374501992032	0.0239043824701	0.107569721116
gug-	0.0977302784977	0.213746760544	0.470189360059	0.218333600899
epa-	0.104931794334	0.801379103583	0.0554639484336	0.0382251536502
500-	0.0	0.5	0.228260869565	0.271739130435
gun-	0.384842732537	0.589783021361	0.0126871230507	0.0126871230507
nan-	0.824335213538	0.175664786462	0.0	0.0
cel-	0.178460342146	0.76866251944	0.0116640746501	0.0412130637636
mog-	0.122626582278	0.753955696203	0.0759493670886	0.0474683544304
uki-	0.297251797683	0.539499203851	0.0830262970247	0.0802227014413
mel-	0.0911025704964	0.778319316301	0.106073737203	0.0245043759994
ura-	0.415798990486	0.362088989159	0.145619360284	0.0764926600712
kri-	0.0119612875073	0.964739527055	0.00316889701604	0.0201302884216
lid-	0.0414201183432	0.958579881657	0.0	0.0
tee-	0.237994792372	0.420873929681	0.146010982065	0.195120295881
uoj-	0.487804878049	0.512195121951	0.0	0.0
pud-	0.681715575621	0.249811888638	0.038374717833	0.0300978179082
dio-	0.093023255814	0.906976744186	0.0	0.0
yah-	0.365078876964	0.335711430241	0.214336234202	0.0848734585934
ita-	0.056466302368	0.910746812386	0.0218579234973	0.0109289617486
rya-	0.151077572822	0.685889075213	0.14346934973	0.0195640022359
war-	0.233324317014	0.700676223965	0.0284555044631	0.0375439545578
con-	0.596864418157	0.208577352805	0.0476393633367	0.146918865701
doo-	0.257020190067	0.575049326648	0.0969571044372	0.0709733788477
rio-	0.0328933602283	0.169798371235	0.724156113729	0.073152154808
mee-	0.351592168414	0.260689609809	0.0827413143601	0.304976907417
yih-	0.0672036240245	0.0350872791124	0.00794224293838	0.889766853925
ali-	0.704192813856	0.115071368779	0.0179319104615	0.162803906904
jud-	0.0273200924037	0.80948468759	0.112561842795	0.0506333772114
joi-	0.274519191866	0.43753112743	0.0343820514274	0.253567629277
non-	0.279683377309	0.182058047493	0.490765171504	0.047493403694
uba-	0.353030370675	0.35021738371	0.0799386487384	0.216813596876
mal-	0.0845588235294	0.834558823529	0.0735294117647	0.00735294117647
thi-	0.106673712306	0.131972949092	0.1087390202	0.652614318401
nyi-	0.111197115432	0.208997218645	0.018270011225	0.661535654698
aki-	0.422552092938	0.439240272912	0.097270883275	0.0409367508759
joa-	0.135209208843	0.801449540167	0.0267982215726	0.0365430294171
dhu-	0.120978767429	0.787006609155	0.0737965200707	0.0182181033448
cie-	0.176869268692	0.644093947067	0.0624244477738	0.116612336466
coh-	0.323444612139	0.108814918633	0.12202594951	0.445714519718
koj-	0.0135440180587	0.986455981941	0.0	0.0
uge-	0.422779363852	0.248232616607	0.261774309997	0.0672137095444
pey-	0.217391304348	0.260869565217	0.521739130435	0.0
ejr-	0.0	1.0	0.0	0.0
and-	0.001443001443	0.998556998557	0.0	0.0
apa-	0.362296413169	0.241542522494	0.0751739901598	0.320987074177
ALL	0.230404978195	0.279227930723	0.0520621307281	0.438304960353
wuu-	0.10358738819	0.851408178641	0.0190130389926	0.025991394176
uro-	0.406239309777	0.171915510616	0.086417899866	0.335427279741
nii-	0.524252006164	0.166391216031	0.0357934871399	0.273563290664
ucu-	0.605271294415	0.137975466614	0.0410656625867	0.215687576385
ugr-	0.0369913686807	0.239210850801	0.686806411837	0.0369913686807
cil-	0.0	0.955963302752	0.0	0.0440366972477
per-	0.0	1.0	0.0	0.0
ger-	0.0434782608696	0.95652173913	0.0	0.0
bar-	0.29924170259	0.492162107374	0.0454583779575	0.163137812078
cal-	0.0864398336188	0.856641687407	0.0528334206744	0.00408505829957
mor-	0.201893439014	0.585645090269	0.121092029943	0.0913694407749
gaa-	0.174238724991	0.692546539605	0.0781447681641	0.0550699672395
atw-	0.177568520531	0.253169153931	0.471314039528	0.09794828601
mii-	0.177152832068	0.679043019159	0.0479025884318	0.0959015603414
lwa-	0.265351217726	0.485008548868	0.156781839032	0.0928583943739
yed-	0.672021063578	0.181927804144	0.0292721781554	0.116778954123
cih-	0.0159504416303	0.884156538329	0.0766432237658	0.0232497962746
ata-	0.422381660519	0.38744471697	0.0997894899476	0.0903841325634
tie-	0.109144256512	0.431998861414	0.0532231146578	0.405633767417
rud-	0.425985090522	0.454739084132	0.0511182108626	0.0681576144835
lum-	0.178890601698	0.368193702881	0.0289190269026	0.423996668518
num-	0.243323442136	0.685459940653	0.0	0.0712166172107
kla-	0.0170454545454	0.982954545455	0.0	0.0
nej-	0.0344827586207	0.965517241379	0.0	0.0
adi-	0.149460589083	0.413477226399	0.165507990255	0.271554194262
ami-	0.360398542147	0.35794283899	0.228812615014	0.0528460038485
cwi-	0.229164749696	0.190708999074	0.0633949078323	0.516731343398
kur-	0.285052862011	0.311932991055	0.0758513410567	0.327162805877
ely-	0.0	1.0	0.0	0.0
abd-	0.0	0.957446808511	0.0	0.0425531914893
gaj-	0.0	0.961538461538	0.0	0.0384615384615
ebp-	0.013986013986	0.944055944056	0.0	0.041958041958
coa-	0.255314134645	0.61605939505	0.0197682176914	0.108858252614
win-	0.0647740974017	0.904599019588	0.0232341871115	0.00739269589911
tal-	0.583765891823	0.213420597307	0.0794403069285	0.123373203942
gid-	0.0731707317073	0.926829268293	0.0	0.0
alp-	0.00352112676056	0.996478873239	0.0	0.0
paa-	0.136965695815	0.638980841213	0.0515237779423	0.172529685029
uke-	0.218298124057	0.576432919561	0.100245588449	0.105023367933
une-	0.414244047936	0.316291648702	0.0863148919678	0.183149411394
rod-	0.335667444704	0.290652439702	0.103367789263	0.270312326331
nem-	0.0489130434783	0.869565217391	0.016304347826	0.0652173913044
lud-	0.0154639175258	0.984536082474	0.0	0.0
ceh-	0.585858585859	0.343434343434	0.0707070707071	0.0
wan-	0.0234160266619	0.0812333764442	0.00400667076651	0.891343926127
pon-	0.228644013973	0.691330581137	0.0571610034932	0.0228644013973
umi-	0.270665386725	0.52015693198	0.104639391078	0.104538290217
ged-	0.0	1.0	0.0	0.0
nga-	0.181254184948	0.270968985928	0.0237450333208	0.524031795803
ben-	0.0468227424749	0.709030100335	0.0	0.244147157191
kij-	0.0	0.979166666667	0.0208333333333	0.0
aah-	0.0346820809249	0.895953757225	0.0	0.0693641618497
goa-	0.23053181885	0.414495370468	0.141615402381	0.213357408302
pin-	0.0469615117615	0.173024126766	0.00427805182796	0.775736309645
pog-	0.285714285714	0.47619047619	0.119047619048	0.119047619048
ade-	0.478434968863	0.373129003997	0.0755216612949	0.0729143658455
amp-	0.0384615384615	0.961538461538	0.0	0.0
bun-	0.0968020743302	0.784788245462	0.113223854797	0.00518582541054
lam-	0.0385906240474	0.904559105917	0.0512450524216	0.00560521761366
nar-	0.0344827586207	0.896551724138	0.0689655172414	0.0
wun-	0.011535365547	0.0187113700359	0.00468400940998	0.965069255007
kaj-	0.393266680937	0.554191616752	0.0509495295141	0.00159217279732
ruo-	0.0442952993026	0.765610837514	0.0188728673499	0.171220995834
pur-	0.0827481388706	0.757666164736	0.153675115045	0.0059105813479
gur-	0.712841253792	0.258510279744	0.00808897876644	0.020559487698
peg-	0.325458314625	0.471861058303	0.0935449048024	0.109135722269
the-	0.0837696084358	0.633807140266	0.220194399317	0.0622288519809
ani-	0.77102315645	0.0771754420862	0.0163185121693	0.135482889295
upi-	0.239859009967	0.643923856805	0.0283859428724	0.0878311903555
nya-	0.12631704207	0.442640307673	0.316800801524	0.114241848732
nib-	0.57	0.43	0.0	0.0
goo-	0.262622524553	0.653601319002	0.0519812465583	0.031794909886
luy-	0.415617128463	0.313602015113	0.270780856423	0.0
wel-	0.0496538553354	0.851038433994	0.0993077106708	0.0
cag-	0.354404214176	0.388077615523	0.0680136027206	0.18950456758
ban-	0.0624166794933	0.0189487408193	0.00892786004536	0.909706719642
adr-	0.0277777777778	0.75	0.222222222222	0.0
yug-	0.479656183476	0.163481917593	0.106299660026	0.250562238905
ute-	0.476799063493	0.280060504981	0.104299795139	0.138840636386
ter-	0.71692745377	0.173541963016	0.0455192034139	0.0640113798008
wen-	0.369473966241	0.374653925159	0.0535857819059	0.202286326695
cea-	0.361811647174	0.467166179337	0.030610380117	0.140411793372
tra-	0.0	1.0	0.0	0.0
yej-	0.181124763201	0.54005242936	0.168394300808	0.11042850663
ebe-	0.0	1.0	0.0	0.0
ale-	0.183505411037	0.629542244066	0.129211334207	0.0577410106894
ker-	0.174479310255	0.196131065524	0.219419543749	0.409970080472
ugw-	0.52166010343	0.326251629926	0.0919952850535	0.0600929815911
oay-	0.469273743017	0.396648044693	0.0335195530726	0.100558659218
bon-	0.0227272727273	0.954545454545	0.0227272727273	0.0
oli-	0.0	1.0	0.0	0.0
won-	0.143179385877	0.201150743285	0.0240302750119	0.631639595826
led-	0.18779342723	0.655712050078	0.123630672926	0.0328638497652
mod-	0.671361502348	0.215962441314	0.075117370892	0.037558685446
jec-	0.0104166666667	0.989583333333	0.0	0.0
ero-	0.0172193405943	0.913163816144	0.0522918625411	0.0173249807207
too-	0.188144926983	0.194030316714	0.0671067310922	0.550718025211
kon-	0.437721325558	0.211350509631	0.130952896875	0.219975267936
eli-	0.0079357710745	0.907096748973	0.00328376734118	0.0816837126117
ala-	0.387439008662	0.468190308917	0.0755430348507	0.0688276475711
uaa-	0.630154350339	0.118299336295	0.0285791107472	0.222967202619
cii-	0.116568556884	0.647103064888	0.178952017913	0.057376360315
col-	0.0187613316867	0.470513527954	0.504471363131	0.00625377722889
jea-	0.0113879977498	0.69912755138	0.00334321150106	0.286141239369
joc-	0.0415493901622	0.95081088326	0.00562927221552	0.00201045436268
pan-	0.00833333333333	0.991666666667	0.0	0.0
udh-	0.293236744354	0.287541461223	0.0943208943555	0.324900900068
ukw-	0.451705100927	0.276882454574	0.144551580796	0.126860863703
roj-	0.0738636363636	0.778409090909	0.147727272727	0.0
tul-	0.0826446280992	0.892561983471	0.0123966942149	0.0123966942149
mic-	0.052972802024	0.937671305081	0.00197659709045	0.00737929580434
yam-	0.114460431655	0.810431654676	0.0401438848921	0.034964028777
baa-	0.141389508851	0.696794636434	0.0894068409202	0.0724090137949
rab-	0.0357142857143	0.785714285714	0.0	0.178571428571
ape-	0.697752527714	0.162645903377	0.01690764785	0.122693921059
uwe-	0.359223300971	0.407195888064	0.11422044546	0.119360365505
umu-	0.528577652318	0.310495123532	0.0612624969572	0.0996647271927
jae-	0.269816260803	0.629741189555	0.0886257790959	0.0118167705461
anh-	0.430843050517	0.190687766055	0.160240578585	0.218228604843
wij-	0.110671936759	0.315431319017	0.567051057414	0.00684568680982
000-	0.375	0.208333333333	0.0	0.416666666667
dun-	0.11588934466	0.856663178973	0.0228728969724	0.00457457939449
aja-	0.0977982633718	0.845610747687	0.0277308393703	0.0288601495708
upa-	0.492273213106	0.292892743259	0.0783639656791	0.136470077956
yor-	0.31597250924	0.579461048853	0.0655975815689	0.0389688603379
jo'-	0.0340735547605	0.462764385918	0.0309339860291	0.472228073293
awi-	0.486061558264	0.264448686665	0.0916884985804	0.157801256491
car-	0.0	0.777777777778	0.222222222222	0.0
ple-	0.0	1.0	0.0	0.0
lwe-	0.0213713268032	0.957257346394	0.0106856634016	0.0106856634016
jeb-	0.0	0.987914055506	0.00940017905104	0.00268576544315
lii-	0.170103213061	0.706694459784	0.107802036261	0.0154002908944
yuu-	0.504911918956	0.215719627177	0.118931141789	0.160437312078
ang-	0.414897134398	0.217717939141	0.170829462304	0.196555464158
dug-	0.29410773058	0.343574427868	0.0454285396205	0.316889301931
wur-	0.0522438989167	0.762756133978	0.0088851788692	0.176114788236
kee-	0.0754443797379	0.0650326759393	0.0473285310019	0.812194413321
tah-	0.481916392673	0.363081258807	0.0591827148896	0.0958196336308
ywa-	0.400760107463	0.538693401481	0.0605464910556	0.0
666-	0.0943396226415	0.0377358490566	0.0	0.867924528302
toa-	0.545567653681	0.336925467065	0.0621107790344	0.0553961002199
kun-	0.177377551143	0.179499234506	0.0628066495486	0.580316564802
wey-	0.52783109405	0.339731285989	0.0863723608445	0.046065259117
kan-	0.205794504013	0.201601268533	0.0450761440553	0.5475280834
agi-	0.396911196911	0.433204633205	0.123552123552	0.046332046332
yea-	0.109612399681	0.0999905037739	0.011994964762	0.778402131783
tih-	0.204540617292	0.446065900593	0.0917638619772	0.257629620137
juu-	0.147875769159	0.804422369822	0.0186180473723	0.0290838136467
uya-	0.491028517908	0.288231450813	0.157690453198	0.0630495780816
uli-	0.444545572574	0.433858929294	0.0476024964023	0.0739930017299
log-	0.467745943835	0.410835374729	0.0543188838002	0.0670997976356
lub-	0.354096637704	0.327576990333	0.0595718078118	0.258754564152
uka-	0.440903750697	0.362725505858	0.0561914615302	0.140179281915
met-	0.0	1.0	0.0	0.0
daa-	0.451954762158	0.168520371094	0.0438166653238	0.335708201424
udu-	0.3795887173	0.260776814692	0.0359383599585	0.323696108048
alw-	0.38963315995	0.444213670793	0.100461706583	0.0656914626737
wag-	0.14	0.377142857143	0.294285714286	0.188571428571
waa-	0.174259661303	0.691369048608	0.0384393984411	0.0959318916481
rej-	0.100993221011	0.377628801209	0.297323499864	0.224054477916
cob-	0.100628930818	0.740041928721	0.159329140461	0.0
jal-	0.174634146341	0.547317073171	0.263414634146	0.0146341463415
mat-	0.0238341968912	0.976165803109	0.0	0.0
dwi-	0.866666666667	0.133333333333	0.0	0.0
aka-	0.55366727677	0.26867446219	0.0481175700604	0.129540690979
mad-	0.310392333034	0.551422581611	0.0609763402216	0.0772087451333
poj-	0.321780372127	0.377234585917	0.270339292229	0.0306457497264
par-	0.481127437436	0.294573642795	0.0945914538124	0.129707465957
yip-	0.0	0.981191222571	0.0188087774295	0.0
rog-	0.180124296073	0.0878891141305	0.048710464611	0.683276125186
uku-	0.367690062788	0.316363754663	0.121886650237	0.194059532312
ajw-	0.441031793641	0.326694661068	0.115656868626	0.116616676665
upe-	0.482422370477	0.315387046095	0.0383196329148	0.163870950514
nah-	0.325266022784	0.278264133831	0.0763449193318	0.320124924053
duu-	0.350529808583	0.315397647118	0.0896165831376	0.244455961162
wud-	0.187421813599	0.157468382898	0.0434765018626	0.611633301641
ame-	0.388844662824	0.216525427691	0.0850864168912	0.309543492594
gea-	0.0	0.958041958042	0.041958041958	0.0
ane-	0.415042120361	0.239065877457	0.0769681420578	0.268923860124
ayi-	0.319002100988	0.443367354284	0.0420009326186	0.19562961211
tha-	0.222633664607	0.561867357323	0.0454158579913	0.170083120079
anu-	0.436488547272	0.0958011147347	0.0601369026355	0.407573435357
guo-	0.400964446777	0.245123886073	0.15779069737	0.196120969779
yen-	0.161576752321	0.7281043993	0.0484326651419	0.0618861832369
gay-	0.489473684211	0.278947368421	0.136842105263	0.0947368421052
puu-	0.248030989349	0.580681879161	0.0861594908399	0.0851276406501
apy-	0.0851063829787	0.914893617021	0.0	0.0
kwu-	0.0	0.907407407407	0.0555555555555	0.037037037037
cem-	0.143057503506	0.789621318373	0.0589060308555	0.00841514726508
pii-	0.1343199966	0.768726280574	0.0173586128882	0.0795951099383
dan-	0.0738453276047	0.854658968851	0.0523630504833	0.0191326530612
ubi-	0.295573429926	0.608799872157	0.0347733446972	0.0608533532201
lug-	0.193493714102	0.645868337808	0.0197613659487	0.140876582141
aru-	0.526953371014	0.0783194297557	0.0219697222933	0.372757476937
uyu-	0.431357769217	0.267214906024	0.0634512514398	0.23797607332
loa-	0.29825981384	0.6547956293	0.0372318899231	0.00971266693648
wer-	0.407035175879	0.532663316583	0.0301507537688	0.0301507537688
ucw-	0.418159669842	0.411005347757	0.124945509089	0.0458894733119
ooh-	0.422140270511	0.454232973226	0.0371245257104	0.0865022305526
wed-	0.429620782323	0.333890713646	0.189190803225	0.0472977008062
jwa-	0.409910064546	0.40661989887	0.098570794902	0.0848992416817
ran-	0.113300492611	0.753694581281	0.108374384236	0.0246305418719
twa-	0.444881878599	0.212300911306	0.270171181335	0.0726460287591
uji-	0.0	1.0	0.0	0.0
nac-	0.0625	0.90625	0.03125	0.0
kob-	0.83752106388	0.0246928841685	0.00619735006904	0.131588701883
agr-	0.0183409754064	0.962901208837	0.0100041684035	0.00875364735307
tuo-	0.485711012247	0.326515998466	0.117817693819	0.0699552954685
luu-	0.23192527645	0.497835725568	0.115847755838	0.154391242144
ule-	0.425659566045	0.330778489333	0.157415544197	0.0861464004246
nep-	0.0	1.0	0.0	0.0
moa-	0.119888001167	0.81189577177	0.025309182445	0.0429070446171
dog-	0.372779345131	0.199897409592	0.0853210224845	0.342002222792
yii-	0.316095429892	0.528288600917	0.0390418168157	0.116574152376
kag-	0.422114962703	0.496270293989	0.0500219394471	0.0315928038614
rwa-	0.501213116067	0.369467910478	0.074868879369	0.0544500940865
utu-	0.468201644191	0.386924200484	0.100728232938	0.0441459223867
pej-	0.0908956191534	0.875909974993	0.00972492358988	0.0234694822636
kew-	0.273441886581	0.313307130825	0.298708590679	0.114542391915
eal-	0.0131578947368	0.967105263158	0.0197368421053	0.0
ama-	0.372574388397	0.346694049935	0.144617262348	0.13611429932
jep-	0.0	1.0	0.0	0.0
abu-	0.355082332304	0.435568485429	0.0727676387322	0.136581543535
kea-	0.72744603326	0.0271292097922	0.00358006109039	0.241844695858
ujw-	0.420739001873	0.402749249486	0.144459743133	0.0320520055076
aje-	0.229370461502	0.719138210406	0.0514913280922	0.0
tag-	0.535688005887	0.340691685063	0.0412067696835	0.0824135393672
unh-	0.434371236883	0.327885773267	0.1021847583	0.13555823155
mac-	0.0093131548312	0.97076704178	0.0183676109171	0.00155219247187
map-	0.075114758659	0.90819307275	0.0166921685909	0.0
jaa-	0.162386150691	0.752687919703	0.0481216642858	0.0368042653203
elm-	0.0	1.0	0.0	0.0
law-	0.125281214848	0.491022756771	0.383696028381	0.0
raa-	0.251729054563	0.34608046022	0.241449046985	0.160741438232
nih-	0.0339849297913	0.851005030399	0.0152171327424	0.099792907067
cim-	0.0212614536073	0.958900453696	0.017614091273	0.00222400142336
gab-	0.0	1.0	0.0	0.0
upo-	0.387421227455	0.560425915003	0.0447024493217	0.00745040822029
cam-	0.467379850771	0.451660179802	0.026566772658	0.0543931967691
yan-	0.733333333333	0.0333333333333	0.2	0.0333333333333
bad-	0.226149363264	0.639873886097	0.0646141037895	0.0693626468502
apu-	0.511444119765	0.265348534284	0.0842588793388	0.138948466612
ruu-	0.0750639327793	0.513482966481	0.304479861175	0.106973239565
eme-	0.0	0.627906976744	0.372093023256	0.0
ayw-	0.792564600143	0.158410785415	0.0	0.0490246144418
rug-	0.704116638079	0.0514579759862	0.192967409949	0.0514579759863
lic-	0.17903930131	0.7903930131	0.0131004366812	0.0174672489083
apr-	0.414225941423	0.401673640167	0.0251046025104	0.1589958159
noo-	0.0988051978045	0.0614441604763	0.0373880981931	0.802362543526
bli-	0.206751054852	0.793248945148	0.0	0.0
joe-	0.138975864072	0.594763129899	0.0323107566715	0.233950249357
age-	0.489554621287	0.434643087678	0.0455255742078	0.0302767168275
gal-	0.116348708042	0.825742574257	0.0425018111567	0.0154069065443
arb-	0.162337662338	0.837662337662	0.0	0.0
yon-	0.691328934967	0.134307257304	0.124882186616	0.0494816211122
kre-	0.00647948164146	0.97192224622	0.0	0.0215982721382
adh-	0.20072478773	0.594519967463	0.104642525275	0.100112719533
kar-	0.18154002702	0.185165404125	0.0595915125183	0.573703056337
ahb-	0.449785660952	0.484658534213	0.0	0.0655558048351
ark-	0.0248447204969	0.975155279503	0.0	0.0
awe-	0.316221926598	0.218201737225	0.0950778621176	0.370498474059
ulw-	0.452204699067	0.337946572256	0.090119085935	0.119729642742
bii-	0.0406031022783	0.605042550565	0.354354347156	0.0
ati-	0.314748343233	0.407693566259	0.0996976117533	0.177860478755
ubu-	0.547168946961	0.238283518007	0.0695900313513	0.144957503681
ung-	0.528446104089	0.296098138499	0.0902980352256	0.0851577221863
gie-	0.526315789474	0.365131578947	0.0592105263158	0.0493421052631
kej-	0.139504021644	0.00727858495757	0.00055309309994	0.852664300298
ugo-	0.540611698627	0.331181784018	0.0649338073769	0.0632727099789
jog-	0.692368839428	0.275834658188	0.0	0.0317965023847
luk-	0.012987012987	0.974025974026	0.0	0.012987012987
lel-	0.563160163828	0.170079758569	0.231192067256	0.0355680103471
dhi-	0.333854199256	0.155233114306	0.0702696743026	0.440643012135
dew-	0.0756585309248	0.894867133408	0.00278497659846	0.0266893590686
uly-	0.477711630609	0.326266879628	0.182953390446	0.0130680993175
cub-	0.558114180743	0.162521483495	0.0767570339117	0.20260730185
one-	0.141615356755	0.620789568997	0.0369431365447	0.200651937704
bea-	0.0874604847207	0.757639620653	0.0916754478399	0.0632244467861
gog-	0.131868131868	0.802197802198	0.0659340659341	0.0
rak-	0.163366336634	0.806930693069	0.0	0.029702970297
gee-	0.148691333575	0.539841817572	0.0192839484673	0.292182900386
unu-	0.396536247954	0.187971909816	0.177675695654	0.237816146576
nye-	0.128857871237	0.589641772807	0.0634833964404	0.218016959516
430-	0.535384615385	0.147692307692	0.0	0.316923076923
dik-	0.0363636363636	0.927272727273	0.0363636363636	0.0
pri-	0.0825248405202	0.848518088584	0.051065506555	0.0178915643404
ngi-	0.193010805735	0.58905512509	0.100978866564	0.116955202611
lib-	0.0419074096974	0.499439273059	0.395792202698	0.062861114546
ram-	0.0251396648045	0.958100558659	0.0167597765363	0.0
cad-	0.210463018641	0.0441972339146	0.371767889357	0.373571858088
him-	0.0263157894737	0.684210526316	0.0	0.289473684211
wuo-	0.149199894719	0.710152937357	0.0648734010471	0.075773766877
gra-	0.0	1.0	0.0	0.0
acu-	0.610361365806	0.101226377981	0.0355167613874	0.252895494825
ary-	0.141666666667	0.858333333333	0.0	0.0
uco-	0.654408640179	0.241569704966	0.0551186800332	0.0489029748221
run-	0.0732617129215	0.790112404257	0.0739082860837	0.0627175967373
gel-	0.173834586466	0.800902255639	0.0216541353383	0.00360902255639
umo-	0.157436585142	0.160688005525	0.285849399207	0.396026010125
raj-	0.316245487365	0.405054151625	0.0794223826715	0.199277978339
tro-	0.105882352941	0.86431372549	0.00392156862745	0.0258823529412
dag-	0.206282344446	0.732940185341	0.0511493561198	0.00962811409316
nie-	0.536351165981	0.341563786008	0.0480109739369	0.0740740740741
gol-	0.0	1.0	0.0	0.0
uri-	0.469435507458	0.401685766705	0.0661277885612	0.0627509372757
uoo-	0.701196674888	0.136527946339	0.0366049406883	0.125670438085
jam-	0.149439601494	0.72602739726	0.0871731008717	0.0373599003735
nag-	0.564705882353	0.435294117647	0.0	0.0
arp-	0.0	1.0	0.0	0.0
waj-	0.0759717314488	0.666582534074	0.237758707723	0.0196870267542
kad-	0.194573478619	0.581310472711	0.17734803025	0.046768018421
cap-	0.183279742765	0.713826366559	0.0	0.102893890675
aye-	0.624958179993	0.199732351957	0.0301104048176	0.145199063232
gul-	0.0460151802657	0.743121442125	0.0199240986717	0.190939278937
yoa-	0.388083096972	0.191157612022	0.0812377270502	0.339521563955
koy-	0.573770491803	0.196721311475	0.131147540984	0.0983606557377
men-	0.0260238131882	0.869503169029	0.00734543114182	0.0971275866411
rob-	0.565469625566	0.101959003788	0.0208370340877	0.311734336558
tud-	0.274362487453	0.320369695326	0.339761281831	0.0655065353902
ded-	0.132947976879	0.416184971098	0.450867052023	0.0
mug-	0.0	1.0	0.0	0.0
rwe-	0.547169811321	0.289308176101	0.0	0.163522012579
uru-	0.745338100517	0.11368689251	0.0203988185284	0.120576188445
muu-	0.0999323336416	0.536476000598	0.0497156908213	0.313875974939
caa-	0.347026070729	0.404932655065	0.0616537327352	0.186387541471
mow-	0.0726965661709	0.748973770605	0.122823079307	0.0555065839175
dom-	0.291243915313	0.293677790159	0.0630461556507	0.352032138877
yic-	0.0161241253423	0.970489808336	0.0	0.0133860663219
cuu-	0.408182002382	0.412101100587	0.0527597461999	0.126957150831
yum-	0.392444101773	0.420971472629	0.11565150347	0.0709329221279
cin-	0.201534015484	0.522456497703	0.0381223305237	0.23788715629
pam-	0.0810810810811	0.882882882883	0.018018018018	0.018018018018
com-	0.753500927957	0.129576514257	0.116922557786	0.0
mag-	0.472020186556	0.282322617752	0.079432348873	0.16622484682
agw-	0.551580393938	0.261041701695	0.0803206331434	0.107057271223
job-	0.0764331210191	0.808917197452	0.0	0.114649681529
gih-	0.158128160484	0.0268509462617	0.00490399563197	0.810116897623
ket-	0.121139762378	0.220486271471	0.201422458131	0.456951508019
nyw-	0.461199002034	0.300327367647	0.143291847536	0.0951817827836
dru-	0.0357142857143	0.964285714286	0.0	0.0
lag-	0.2976781185	0.553802317317	0.0992260395	0.0492935246826
leb-	0.201438848921	0.755395683453	0.0431654676259	0.0
mon-	0.603849186932	0.217271128702	0.0722465521322	0.106633132234
yij-	0.0364987972292	0.908884413324	0.0297836621622	0.0248331272845
alo-	0.42886620693	0.204379727423	0.284581731409	0.0821723342375
tho-	0.202789578001	0.345307888476	0.357447581161	0.0944549523607
ano-	0.371446620341	0.49968414403	0.0	0.128869235629
yaj-	0.10631836669	0.342759187736	0.550922445575	0.0
bec-	0.0	0.00803212851405	0.991967871486	0.0
man-	0.173349766809	0.159132114167	0.0645247143818	0.602993404642
coj-	0.0196078431372	0.980392156863	0.0	0.0
jad-	0.0	1.0	0.0	0.0
laa-	0.127316633158	0.680693621066	0.118914766274	0.0730749795022
pad-	0.0585871025088	0.121262115027	0.0348061103372	0.785344672127
yey-	0.182982740022	0.340749730313	0.0857605177994	0.390507011866
gah-	0.253510568273	0.178179624077	0.0817304176113	0.486579390039
cwa-	0.452533008513	0.355424808688	0.169579258617	0.0224629241825
dum-	0.0869565217391	0.695652173913	0.0869565217391	0.130434782609
ema-	0.0407470288625	0.83701188455	0.0611205432937	0.0611205432937
rup-	0.0	1.0	0.0	0.0
mie-	0.16749698647	0.667825216411	0.0332141020842	0.131463695035
amo-	0.19298647687	0.684979908372	0.0479859547719	0.0740476599857
apo-	0.209791783905	0.337872819358	0.0378915775652	0.414443819171
uwo-	0.625048318516	0.241206030151	0.105914186316	0.0278314650174
kuo-	0.162510852428	0.5984813391	0.0607011428005	0.178306665671
bie-	0.605974841593	0.358539035109	0.00837866800086	0.027107455297
gag-	0.336380255941	0.17550274223	0.488117001828	0.0
atu-	0.486543605231	0.242093074028	0.20748446812	0.0638788526207
aro-	0.491368625081	0.179538701063	0.026155957693	0.302936716163
awa-	0.339054460538	0.137752055199	0.0475282252457	0.475665259017
klu-	0.0975609756097	0.90243902439	0.0	0.0
dho-	0.190822483045	0.597640083057	0.0646768106765	0.146860623222
ado-	0.307326265189	0.323225246981	0.0692146171057	0.300233870724
rub-	0.669757916909	0.146737376983	0.038131293918	0.14537341219
reb-	0.0941704035875	0.825112107623	0.0538116591927	0.0269058295964
dhe-	0.117660122517	0.209881159193	0.0394399138451	0.633018804445
tog-	0.471738959301	0.352318349996	0.0708494056521	0.105093285051
aly-	0.32171621028	0.57138673305	0.090496412359	0.016400644311
uny-	0.528343692046	0.302443166871	0.082085883541	0.0871272575418
uni-	0.728899583646	0.166532787539	0.0449220683318	0.0596455604834
ehr-	0.0	1.0	0.0	0.0
luo-	0.643074945478	0.26521386319	0.0430458833795	0.0486653079525
jop-	0.0683333333333	0.905	0.00499999999999	0.0216666666667
now-	0.243642288963	0.163388042714	0.0714912089757	0.521478459347
tan-	0.572744014733	0.261510128913	0.0220994475138	0.14364640884
loo-	0.0683106747151	0.84683539596	0.0300166890971	0.0548372402279
ley-	0.272727272727	0.727272727273	0.0	0.0
dih-	0.463840185193	0.258927423158	0.206498906846	0.070733484803
nea-	0.0656804950958	0.0269552347229	0.00508487796773	0.902279392214
aga-	0.17292487082	0.732032896044	0.0442497142831	0.0507925188528
ajo-	0.461355358075	0.42355580531	0.0584381786876	0.0566506579277
coc-	0.0	1.0	0.0	0.0
lah-	0.114896988907	0.612123613312	0.237321711569	0.0356576862123
dee-	0.234768603013	0.228894567742	0.266407572665	0.269929256581
ngu-	0.29467172653	0.28688697204	0.0642442448437	0.354197056587
gwe-	0.578296966156	0.271023376471	0.0549689670683	0.0957106903046
kuj-	0.0	0.963636363636	0.0363636363636	0.0
bel-	0.0915221579961	0.898201669878	0.00256904303147	0.00770712909442
boa-	0.210072394311	0.665673438306	0.0282779052048	0.0959762621783
wal-	0.0478773187277	0.0504753039126	0.013251661951	0.888395715409
ton-	0.107826671145	0.501175680215	0.350688612697	0.0403090359422
mej-	0.00224971878515	0.975253093363	0.0224971878515	0.0
ant-	0.081870962713	0.875534009389	0.0121700079708	0.0304250199272
uja-	0.392698057005	0.493755636324	0.0442707621676	0.069275544503
yaa-	0.0475017816466	0.163781480872	0.0137186510303	0.774998086451
luc-	0.0	1.0	0.0	0.0
lih-	0.754051965459	0.153594182969	0.0324353633474	0.0599184882244
uce-	0.681977308478	0.0902105157468	0.0184745138726	0.209337661903
pih-	0.0381643760234	0.948388345763	0.00414894141812	0.00929833679522
aya-	0.467764302327	0.342198046749	0.130462539571	0.0595751113535
mea-	0.00395778364116	0.960422163588	0.0	0.0356200527705
uma-	0.544113812136	0.283781588077	0.0430347500168	0.129069849771
bee-	0.372681746042	0.147668928039	0.0940010491622	0.385648276757
cug-	0.292682926829	0.414634146341	0.243902439024	0.0487804878049
kah-	0.403280208	0.350723326524	0.148860918313	0.0971355471624
nho-	0.277227722772	0.138613861386	0.19801980198	0.386138613861
reg-	0.488479262673	0.207373271889	0.0276497695853	0.276497695853
cen-	0.15436120522	0.799450714672	0.041978229056	0.00420985105145
yit-	0.0	0.923728813559	0.0762711864407	0.0
art-	0.0178637886118	0.968738369929	0.00893189430591	0.00446594715295
wul-	0.578468236691	0.228774985157	0.0755986542647	0.117158123887
yoo-	0.110456296614	0.224729280231	0.0373656700037	0.627448753151
bal-	0.0315605454663	0.639121011775	0.28328690483	0.0460315379291
wee-	0.264162341981	0.368464781985	0.0949438350665	0.272429040968
dec-	0.0119607005553	0.966111348427	0.0150932649865	0.00683468603162
ayo-	0.513116165244	0.158935630455	0.0585730049655	0.269375199335
dea-	0.117017478401	0.810289956887	0.0286687314513	0.0440238332609
ula-	0.291325071497	0.299523355577	0.305052430887	0.10409914204
doa-	0.416861826698	0.505854800937	0.0281030444965	0.0491803278688
top-	0.0	0.571428571429	0.428571428571	0.0
kub-	0.0671407733866	0.871916063078	0.0316766725721	0.0292664909634
rii-	0.432267290692	0.375715028601	0.075663026521	0.116354654186
tun-	0.00218340611354	0.986899563319	0.0	0.0109170305677
ceg-	0.497023809524	0.13244047619	0.322916666667	0.047619047619
ubo-	0.571339692978	0.295773308786	0.0428396770547	0.0900473211818
jwe-	0.378006872852	0.115463917526	0.370446735395	0.136082474227
mec-	0.0	0.954545454545	0.0	0.0454545454545
nog-	0.294117647059	0.613445378151	0.0168067226891	0.0756302521008
kaa-	0.135734365021	0.095835496547	0.0222700026151	0.746160135817
ady-	0.0441176470588	0.955882352941	0.0	0.0
boh-	0.272727272727	0.340909090909	0.113636363636	0.272727272727
udo-	0.43400643596	0.182149046647	0.0642098215913	0.319634695803
adu-	0.290535299048	0.377288546067	0.0679669811947	0.264209173691
amu-	0.322472609223	0.53903450999	0.084714094732	0.0537787860556
rom-	0.201021194008	0.14717581839	0.158472131892	0.493330855709
joo-	0.0661722701211	0.855502670908	0.0232628167574	0.055062242214
ugu-	0.57756933417	0.271920430346	0.0695742087965	0.0809360266873
ehl-	0.0681818181818	0.931818181818	0.0	0.0
tuu-	0.268386440893	0.408885853163	0.281665978333	0.0410617276106
tol-	0.0699300699301	0.93006993007	0.0	0.0
ahj-	0.226415094339	0.745283018868	0.0283018867925	0.0
uko-	0.513547488146	0.31376608814	0.0955738229581	0.0771126007558
can-	0.0320938545445	0.126854714645	0.0471268548393	0.793924575971
yid-	0.0	1.0	0.0	0.0
thu-	0.372385145082	0.379980799152	0.107602679438	0.140031376329
bla-	0.134328358209	0.753731343284	0.0850746268656	0.0268656716418
woj-	0.586632243259	0.291164658635	0.0808950086059	0.0413080895008
pah-	0.466184508616	0.268583989143	0.103885861075	0.161345641166
uda-	0.458057388331	0.281541590533	0.167890132048	0.0925108890879
uno-	0.411078717201	0.139941690962	0.0	0.448979591837
pio-	0.109513837795	0.102665685664	0.0234874639199	0.764333012621
kwa-	0.283142032065	0.310981297693	0.0594719024652	0.346404767777
uto-	0.314677109168	0.167635399771	0.0511928707285	0.466494620332
buy-	0.262068965517	0.665517241379	0.051724137931	0.0206896551724
cwe-	0.421234813538	0.393631736384	0.068956588693	0.116176861385
uth-	0.571885575753	0.244023837348	0.0666045421163	0.117486044782
a'a-	0.743035163978	0.0787443706997	0.0189069668523	0.15931349847
nik-	0.00680989055533	0.993190109445	0.0	0.0
oon-	0.0392156862745	0.960784313725	0.0	0.0
teb-	0.424437299035	0.315112540193	0.0578778135048	0.202572347267
yun-	0.258620689655	0.706896551724	0.0344827586207	0.0
ujo-	0.484509600503	0.415695884767	0.0260333516688	0.0737611630616
mih-	0.382155743128	0.320302346422	0.249027602483	0.0485143079673
lan-	0.488907616162	0.318690612929	0.115005024538	0.0773967463713
pie-	0.446222222222	0.334993710692	0.0823480083857	0.1364360587
mio-	0.101294316263	0.878446820484	0.0202588632527	0.0
aoo-	0.810177281175	0.0885230834431	0.00902017141386	0.0922794639678
uta-	0.142879726099	0.675150285748	0.106006168888	0.0759638192657
jak-	0.0330800178811	0.885561019222	0.0201162270898	0.0612427358069
wih-	0.228146965164	0.541197193792	0.0763314560592	0.154324384985
uwu-	0.450679854292	0.383054533501	0.0978219838774	0.0684436283298
awo-	0.480168585836	0.425566343042	0.022578460149	0.0716866109732
klo-	0.0568720379147	0.886255924171	0.0	0.0568720379147
kuu-	0.26841349788	0.0402152462752	0.00967453758976	0.681696718255
gam-	0.23630831643	0.594320486815	0.117647058824	0.0517241379311
gri-	0.0347528268151	0.673625626432	0.272280843134	0.0193407036188
koo-	0.266602348809	0.585493140546	0.066897849309	0.0810066613364
ara-	0.361072190184	0.341551194339	0.235416157481	0.0619604579962
nud-	0.53692426001	0.101145370326	0.0308851355018	0.331045234162
det-	0.407643312102	0.544585987261	0.0477707006369	0.0
bih-	0.22937796232	0.446816065409	0.257356363549	0.0664496087216
oog-	0.0824578792119	0.0207245918903	0.0204536821923	0.876363846705
cun-	0.604431280971	0.307854417042	0.0136697613487	0.074044540639
awu-	0.352219870509	0.303948228471	0.202593664025	0.141238236995
ath-	0.401643200209	0.253308669301	0.172155777999	0.172892352491
pag-	0.177221172023	0.408790170132	0.212665406427	0.201323251418
cog-	0.0812474822948	0.062551707708	0.0849284213718	0.771272388625
kal-	0.191201501331	0.36372365033	0.139134988871	0.305939859468
ago-	0.511883131565	0.263675117054	0.105041848223	0.119399903159
muo-	0.434301268568	0.302997116782	0.0739260344256	0.188775580224
cej-	0.281117668067	0.559871430758	0.0704919984354	0.0885189027398
wah-	0.101711622452	0.778469030621	0.0417055917423	0.0781137551849
key-	0.267527675277	0.69926199262	0.0332103321033	0.0
jie-	0.0287661369864	0.126378060141	0.0237574448994	0.821098357973
cay-	0.56035432316	0.240472561509	0.0734140063738	0.125759108958
nyu-	0.198295300746	0.275586635868	0.0428705009399	0.483247562446
aba-	0.370457399831	0.358052973152	0.114408586808	0.157081040209
ngo-	0.0731042823539	0.0284949618051	0.00612121302157	0.892279542819
uca-	0.407912453307	0.371310297751	0.0841934578211	0.136583791121
eje-	0.0	1.0	0.0	0.0
jej-	0.0367722165475	0.85291113381	0.0	0.110316649642
den-	0.0804828973843	0.678068410463	0.0804828973843	0.160965794769
gwa-	0.15506850758	0.641183250814	0.115930137973	0.0878181036325
akw-	0.570241762315	0.237395988311	0.0682453603551	0.124116889019
alu-	0.489630545255	0.306299500984	0.126012910315	0.0780570434464
jar-	0.0431034482758	0.956896551724	0.0	0.0
loj-	0.714285714286	0.142857142857	0.0	0.142857142857
kel-	0.069409132513	0.700549171158	0.124936438523	0.105105257805
taa-	0.290363137964	0.53159658531	0.0701484028838	0.107891873842
dha-	0.106902648152	0.507934330425	0.054797542093	0.330365479329
yim-	0.235846289234	0.339982399531	0.367849809328	0.0563215019067
