xom-	0.0795819103798	0.75052606161	0.05019145193	0.119700576081
fig-	0.0	1.0	0.0	0.0
xìn-	0.232688940644	0.209632207494	0.115539141095	0.442139710766
jac-	0.00182265057579	0.980006075502	0.0101074259203	0.00806384800199
kih-	0.664459161148	0.278145695364	0.0441501103753	0.0132450331126
kàs-	0.585501858736	0.207644191172	0.0830727021793	0.123781247913
táñ-	0.157575757576	0.321212121212	0.375757575758	0.145454545455
ke̱-	0.513052317003	0.294711153372	0.0517127506593	0.140523778965
jté-	0.0907565588774	0.909243441123	0.0	0.0
fiy-	0.362055683944	0.441509849235	0.133707494223	0.0627269725982
der-	0.0417582417583	0.956043956044	0.0021978021978	0.0
jñà-	0.0260165178298	0.0147730334305	0.00396429046883	0.955246158271
miß-	0.0834313956225	0.288728569618	0.569726813549	0.0581132212105
ímî-	0.19048573146	0.658900306266	0.00658327847269	0.144030683802
tib-	0.360974996394	0.552076360664	0.0151441747627	0.0718044681787
tîx-	0.408048565201	0.392538684632	0.11510817286	0.0843045773062
ßtì-	0.537435137139	0.333580429948	0.031504818384	0.0974796145293
paf-	0.0	1.0	0.0	0.0
abr-	0.0374082654109	0.930708048915	0.0225677276852	0.00931595798843
zaq-	0.0518412584912	0.917411512335	0.0128709331427	0.0178762960315
ìxi-	0.531468531469	0.426573426573	0.0	0.041958041958
cul-	0.845070422535	0.105633802817	0.0492957746478	0.0
zac-	0.0598117478851	0.815560586203	0.0131061598951	0.111521506017
her-	0.0318663508291	0.904899638449	0.0436853260192	0.0195486847027
ßnc-	0.482776584574	0.408729113716	0.070426125672	0.0380681760389
tâñ-	0.0823842274547	0.0822602170772	0.147021191996	0.688334363472
ate-	0.00378429517502	0.996215704825	0.0	0.0
înà-	0.0	0.569444444444	0.0138888888889	0.416666666667
ßko-	0.0923695582767	0.0390472909229	0.0171222036111	0.851460947189
i̱s-	0.055946406131	0.71649650649	0.0402859952506	0.187271092128
urí-	0.0	1.0	0.0	0.0
dor-	0.132943754565	0.858290723156	0.00876552227904	0.0
pat-	0.0124223602484	0.987577639752	0.0	0.0
laj-	0.0587571094011	0.0792489126799	0.0293576446972	0.832636333222
kìl-	0.0	0.695652173913	0.0	0.304347826087
jam-	0.0912906610703	0.845750262329	0.0	0.0629590766002
tíj-	0.447592585087	0.204482962556	0.0766464014938	0.271278050863
nig-	0.0	0.960784313725	0.0392156862745	0.0
hor-	0.049675909164	0.820524328184	0.013287975702	0.11651178695
ósò-	0.5625	0.166666666667	0.270833333333	0.0
nai-	0.0655339286378	0.789032333638	0.0073843090444	0.13804942868
skí-	0.507541863252	0.390975619516	0.0437387494652	0.0577437677669
o̱'-	0.649122807018	0.298245614035	0.0105263157895	0.0421052631579
asi-	0.0135613299456	0.982697613518	0.00374105653672	0.0
jiî-	0.722627737226	0.043795620438	0.0656934306569	0.167883211679
fay-	0.201174743025	0.408223201175	0.263582966226	0.127019089574
tér-	0.0	0.97432605905	0.0256739409499	0.0
tol-	0.205357142857	0.794642857143	0.0	0.0
sio-	0.449438202247	0.533707865169	0.0168539325843	0.0
làp-	0.0252100840336	0.974789915966	0.0	0.0
arc-	0.220786214324	0.714593430264	0.0	0.064620355412
i̱'-	0.135087459714	0.284361224432	0.0283809852743	0.55217033058
mus-	0.0	0.902040816327	0.0979591836735	0.0
pud-	0.0203389830508	0.979661016949	0.0	0.0
ójn-	0.177089097952	0.424460431655	0.315439955728	0.0830105146653
âtß-	0.144371053205	0.237352108587	0.0260700200818	0.592206818127
moi-	0.0318862610561	0.937318118164	0.00383936612716	0.0269562546528
tsó-	0.580439974462	0.267484295071	0.0261998407832	0.125875889683
oni-	0.851063829787	0.148936170213	0.0	0.0
uzí-	0.0	1.0	0.0	0.0
kác-	0.317961165049	0.424757281553	0.0873786407767	0.169902912621
nìo-	0.0623830318153	0.107298814722	0.163443543356	0.666874610106
lis-	0.027079303675	0.96940390364	0.00140671707403	0.00211007561104
'iì-	0.0728554641598	0.706227967098	0.176263219741	0.0446533490012
xaâ-	0.0	0.614035087719	0.385964912281	0.0
ßkì-	0.217987804878	0.672256097561	0.0548780487805	0.0548780487804
koj-	0.373530599159	0.205727991641	0.208791469757	0.211949939443
kôa-	0.457564575646	0.261992619926	0.114391143911	0.166051660517
nîy-	0.218816067653	0.173361522199	0.0570824524313	0.550739957717
ta'-	0.0	0.963133640553	0.036866359447	0.0
san-	0.0538696666036	0.873652864436	0.0649146026344	0.00756286632633
mée-	0.201481481482	0.34962962963	0.346666666667	0.102222222222
ßyé-	0.517073170732	0.458536585366	0.0	0.0243902439024
tíx-	0.551607990745	0.246906782732	0.0717959715521	0.129689254971
kix-	0.203981011736	0.292791889204	0.222495058544	0.280732040515
teñ-	0.0215053763441	0.548387096774	0.0	0.430107526882
mae-	0.0210345966964	0.952241904319	0.00473278425668	0.021990714728
xij-	0.125418060201	0.581872370266	0.136139281476	0.156570288057
i̱í-	0.314643874644	0.105299145299	0.00273504273504	0.577321937322
arm-	0.0	0.990990990991	0.009009009009	0.0
cal-	0.0525665153696	0.869294069892	0.00516624229676	0.0729731724418
râ--	0.145908932921	0.114110329291	0.0101375987351	0.729843139053
niô-	0.144190871369	0.183609958506	0.058091286307	0.614107883818
xîk-	0.148936170213	0.148936170213	0.617021276596	0.0851063829787
sîn-	0.379370511109	0.488209833925	0.0721400753978	0.0602795795677
îxt-	0.072719494723	0.804380868259	0.0622154112645	0.0606842257538
mes-	0.0332499106185	0.88630675724	0.00983196281731	0.0706113693243
sed-	0.0165289256198	0.652892561983	0.330578512397	0.0
ßsì-	0.399579040656	0.371108895536	0.0343414201839	0.194970643625
tßî-	0.228610423953	0.536807984304	0.0742130853877	0.160368506355
adi-	0.0	1.0	0.0	0.0
ami-	0.110876095464	0.760917893035	0.0436463098716	0.0845597016297
kax-	0.149897738026	0.750027982132	0.0541327065336	0.0459415733081
îjy-	0.607266435986	0.129757785467	0.0259515570934	0.237024221453
ßja-	0.546687385224	0.271083486368	0.0169515468286	0.165277581579
sàn-	0.0161290322581	0.865591397849	0.118279569892	0.0
ißì-	0.202328495776	0.435083747692	0.293730040021	0.068857716511
jii-	0.366533864542	0.609561752988	0.0	0.0239043824701
'ne-	0.433962264151	0.283018867924	0.169811320755	0.11320754717
jti-	0.462593833857	0.271976905595	0.226640685033	0.0387885755149
gól-	0.0	0.986290936786	0.013709063214	0.0
ged-	0.0247422680412	0.975257731959	0.0	0.0
ßch-	0.153379188984	0.365509438685	0.353535102588	0.127576269742
tîh-	0.487588738108	0.404838943353	0.0220939778819	0.0854783406577
ßkâ-	0.07556543339	0.52163681527	0.0274545692247	0.375343182115
nìs-	0.334358974359	0.414871794872	0.193846153846	0.0569230769231
jíî-	0.682464454976	0.317535545024	0.0	0.0
tàk-	0.384963768116	0.371953227931	0.0858036890646	0.157279314888
kaj-	0.441455062925	0.360208120247	0.0640369991551	0.134299817672
kôo-	0.274774774775	0.725225225225	0.0	0.0
nîk-	0.503910614525	0.241340782123	0.111731843575	0.143016759776
sat-	0.439794147497	0.457735366527	0.0654264853973	0.0370440005788
xi̱-	0.0616428428384	0.313314844803	0.0174096550891	0.60763265727
heb-	0.0285624758966	0.929690512919	0.0330698033166	0.00867720786733
ani-	0.0159362549801	0.93625498008	0.0478087649402	0.0
sßê-	0.316921335597	0.359083191851	0.159309564233	0.164685908319
ókj-	0.132854578097	0.571514063435	0.264512268103	0.031119090365
îch-	0.637693631669	0.0989672977625	0.219449225473	0.0438898450947
kôà-	0.0344601247128	0.425664588119	0.0	0.539875287168
bix-	0.496503417087	0.314564396209	0.053199296478	0.135732890227
ban-	0.226252869293	0.715233457614	0.0167181923123	0.0417954807807
fèh-	0.780564263323	0.0313479623825	0.0940438871473	0.0940438871476
ise-	0.0834822461882	0.590894780763	0.179156575327	0.146466397722
osè-	0.127937336815	0.522193211488	0.0365535248042	0.313315926893
jîi-	0.264672036824	0.654775604143	0.0	0.0805523590333
koì-	0.432624113475	0.326241134752	0.0212765957447	0.219858156028
sòn-	0.406969430117	0.500943514907	0.052836834822	0.0392502201535
tjô-	0.144024859826	0.825373235155	0.0206714855097	0.00993041950956
jng-	0.0479340448198	0.0809367597924	0.0232062916239	0.847922903764
arq-	0.167714884696	0.819706498952	0.0	0.0125786163522
órr-	0.0098814229249	0.990118577075	0.0	0.0
ale-	0.0282744282744	0.857796257796	0.112266112266	0.0016632016632
sid-	0.010935397039	0.946724988784	0.0	0.0423396141768
luc-	0.00870827285922	0.982583454282	0.0	0.00870827285921
dec-	0.0124481327801	0.76846473029	0.00497925311203	0.214107883817
kue-	0.173333333333	0.684444444444	0.0355555555555	0.106666666667
be--	0.780318518234	0.0814455911881	0.0627810146032	0.0754548759745
tßa-	0.328877005348	0.548128342246	0.0508021390375	0.072192513369
jéê-	0.413793103448	0.465517241379	0.0258620689655	0.0948275862069
ßjà-	0.388489208633	0.352517985611	0.21582733813	0.0431654676259
tjê-	0.218156787624	0.494878907038	0.0374061419042	0.249558163434
kóß-	0.201287930473	0.0882422470579	0.0135091836504	0.696960638819
ina-	0.63933271484	0.273854929045	0.0258908016356	0.0609215544789
cre-	0.00777537796975	0.955075593953	0.0112311015119	0.0259179265659
kô--	0.30862857511	0.263306815254	0.132405468951	0.295659140685
âtj-	0.140531515236	0.775984416307	0.0250452205371	0.0584388479198
ßén-	0.187321006512	0.469162936046	0.0621314182039	0.281384639238
fre-	0.0964740450539	0.727228207639	0.139569049951	0.0367286973556
ajò-	0.0692556634304	0.806472491909	0.0679611650485	0.0563106796116
tia-	0.0	1.0	0.0	0.0
bít-	0.450906260306	0.43379179312	0.048686907259	0.0666150393147
fáh-	0.437901094753	0.516798791997	0.0226500566252	0.0226500566251
kîk-	0.254278728606	0.518031784841	0.0947432762837	0.132946210269
sé--	0.866666666667	0.114285714286	0.0	0.0190476190476
tîy-	0.207407407407	0.488888888889	0.222222222222	0.0814814814815
se̱-	0.406793048973	0.34439178515	0.21327014218	0.0355450236967
oné-	0.0309050772627	0.767476085357	0.11331861663	0.0883002207505
bax-	0.579545454546	0.279545454545	0.0931818181818	0.0477272727272
ma--	0.302555088335	0.132589740669	0.0946272524802	0.470227918516
ñáâ-	0.106836011405	0.117938502853	0.0667060668225	0.708519418919
íkô-	0.373064458048	0.205977673749	0.14872164206	0.272236226143
sod-	0.00463900833667	0.995360991663	0.0	0.0
bij-	0.346804957814	0.318980363369	0.129578497392	0.204636181425
zab-	0.0	1.0	0.0	0.0
'én-	0.174084610633	0.428383548032	0.0985941313294	0.298937710006
bát-	0.431240479223	0.330772231165	0.117006505701	0.12098078391
osi-	0.572289156626	0.321285140562	0.0421686746988	0.0642570281124
jtô-	0.0289296046288	0.884281581485	0.0867888138863	0.0
jes-	0.00744906853766	0.632975341931	0.00307910623178	0.3564964833
ndí-	0.0835344811028	0.197660496712	0.151058240016	0.567746782169
sìc-	0.360949612403	0.387112403101	0.0823643410853	0.169573643411
apá-	0.171428571429	0.746031746032	0.0	0.0825396825397
sa̱-	0.328264178135	0.162469505028	0.0493872103005	0.459879106537
lák-	0.0142857142857	0.0	0.942857142857	0.0428571428571
ßyi-	0.59580952381	0.0857142857142	0.0388571428571	0.279619047619
nef-	0.0	1.0	0.0	0.0
ján-	0.0693412373716	0.0292410046084	0.018119077826	0.883298680194
ijo-	0.105616021183	0.341155582066	0.0374432073903	0.51578518936
nit-	0.0412463891651	0.939882559076	0.00774257707061	0.0111284746886
kêe-	0.298113207547	0.294339622641	0.011320754717	0.396226415094
kós-	0.217826565819	0.175898333438	0.0365176465927	0.569757454151
ñàn-	0.139240506329	0.708860759494	0.0759493670886	0.0759493670886
ixà-	0.494616145742	0.218147954135	0.0831150689715	0.204120831151
ong-	0.512071620631	0.310020471767	0.0696156196529	0.108292287949
jèh-	0.195601851852	0.296296296296	0.131944444444	0.376157407407
feb-	0.0	1.0	0.0	0.0
skê-	0.586404085998	0.209347053957	0.0528740492372	0.151374810808
kòj-	0.258472051878	0.461364591482	0.216337172274	0.0638261843665
tre-	0.00589101620029	0.121747668139	0.410898379971	0.46146293569
fa̱-	0.522099447514	0.345303867403	0.0331491712707	0.0994475138122
jié-	0.0431218858022	0.0457172915294	0.011214002474	0.899946820194
inà-	0.513157894737	0.276315789474	0.0197368421053	0.190789473684
tio-	0.441462465966	0.488525865422	0.0116686114352	0.0583430571762
bíf-	0.170406613801	0.679939261009	0.14965412519	0.0
elm-	0.0	1.0	0.0	0.0
ran-	0.0892473118279	0.843778801843	0.0345622119816	0.0324116743471
kís-	0.289538912001	0.382727681225	0.274464044993	0.0532693617823
'yi-	0.321085733201	0.481959616021	0.0943396226414	0.102615028136
agr-	0.0137583123137	0.950470075671	0.0116945654666	0.024077046549
inî-	0.289827255278	0.351887396033	0.319897632758	0.0383877159309
moj-	0.509247199792	0.414170356864	0.0609533732744	0.0156290700704
koe-	0.639344262295	0.0491803278689	0.0655737704918	0.245901639344
leg-	0.0	0.934065934066	0.0	0.065934065934
náj-	0.0264889751719	0.021550956435	0.0146270437787	0.937333024614
jín-	0.278521692555	0.565077664703	0.0589180503481	0.0974825923943
ßnt-	0.0202984258599	0.855911261894	0.0294187890253	0.0943715232213
isè-	0.223502304147	0.585253456221	0.179723502304	0.0115207373272
akj-	0.460251046025	0.125523012552	0.0	0.414225941423
'ií-	0.202549575071	0.274787535411	0.437677053824	0.0849858356941
ßkí-	0.597388340925	0.147753711046	0.0489071664974	0.205950781532
xaá-	0.334471083116	0.452914938388	0.115784764052	0.0968292144447
kok-	0.561868343484	0.24970125514	0.114588913338	0.0738414880379
fìm-	0.872909698997	0.0401337792642	0.0468227424749	0.0401337792642
kím-	0.693333333333	0.0666666666666	0.0666666666666	0.173333333333
ís'-	0.0982003286704	0.817627961041	0.0336686841156	0.0505030261734
nìb-	0.807073954984	0.048231511254	0.144694533762	0.0
jíß-	0.739762219287	0.101717305152	0.158520475561	0.0
maj-	0.32655708472	0.197640787764	0.0603694679596	0.415432659556
'mí-	0.3875	0.3125	0.3	0.0
kiy-	0.256562907581	0.217691360505	0.444094870525	0.0816508613895
neá-	0.0	0.973799126638	0.0	0.0262008733624
cam-	0.105958256362	0.879856075436	0.00376354462489	0.0104221235766
yan-	0.737240075614	0.206049149338	0.0226843100189	0.0340264650283
kjâ-	0.158079235801	0.394479735256	0.126538026679	0.320903002263
min-	0.517997884799	0.344436001233	0.0926083371476	0.0449577768201
est-	0.049655401478	0.80652661297	0.0328821722162	0.110935813336
sîi-	0.590424295652	0.282269926953	0.0597287082194	0.0675770691757
fìs-	0.419277108434	0.0963855421687	0.0144578313253	0.469879518072
jaâ-	0.129032258065	0.522580645161	0.0	0.348387096774
ßsí-	0.298689704597	0.105806345833	0.0247607755417	0.570743174029
ßmì-	0.45974515884	0.1786900612	0.0313347941366	0.330229985823
nue-	0.0888157894737	0.0756578947369	0.200657894737	0.634868421052
kay-	0.515075376884	0.175879396985	0.238693467337	0.070351758794
âmá-	0.439834024896	0.360995850622	0.0	0.199170124481
nìß-	0.486808687089	0.439589488416	0.0430207847406	0.0305810397553
'nd-	0.111009256361	0.452164289228	0.210280373832	0.22654608058
max-	0.293365521256	0.414173814782	0.119429178009	0.173031485952
oki-	0.399428026692	0.352716873213	0.0610104861773	0.186844613918
tè--	0.418181818182	0.395454545455	0.145454545454	0.0409090909091
xkê-	0.0	0.962264150943	0.0377358490566	0.0
'i̱-	0.129032258065	0.655913978495	0.0	0.215053763441
kak-	0.505019305019	0.273359073359	0.17528957529	0.0463320463321
kòn-	0.403620405924	0.46582556226	0.0800877674163	0.0504662643993
gog-	0.0	1.0	0.0	0.0
sos-	0.0480961923848	0.951903807615	0.0	0.0
bua-	0.639175257732	0.144329896907	0.113402061856	0.103092783505
k'e-	0.159698829944	0.0379568678166	0.0299474909737	0.772396811266
kôn-	0.595270219183	0.224485646837	0.0553964026783	0.124847731301
sau-	0.0503962609226	0.823511481406	0.00335297703719	0.122739280634
pri-	0.0872251050161	0.909809735607	0.0	0.00296515937731
kî--	0.219321148825	0.313315926893	0.23498694517	0.232375979112
màx-	0.286764705882	0.647058823529	0.0441176470588	0.0220588235294
osé-	0.302631578947	0.697368421053	0.0	0.0
bák-	0.148095974655	0.757694609225	0.0248565560445	0.0693528600748
íßt-	0.231328862112	0.192338297147	0.0807093327271	0.495623508014
arp-	0.049710024855	0.930405965203	0.00994200497101	0.009942004971
nà--	0.927536231884	0.0289855072464	0.0434782608696	0.0
óti-	0.316429273084	0.278978388998	0.138138506876	0.266453831041
ßsâ-	0.236375574524	0.215458212175	0.100115686458	0.448050526842
ijò-	0.075768082091	0.153862764062	0.216510647616	0.553858506232
îká-	0.256756756757	0.256756756757	0.0540540540541	0.432432432432
men-	0.0454348766768	0.902639549978	0.0519255733449	0.0
fii-	0.853830645161	0.0	0.0151209677419	0.131048387097
àkj-	0.0164378688528	0.95643964754	0.00587566376014	0.021246819847
bàk-	0.315945945946	0.489189189189	0.130540540541	0.0643243243243
jé--	0.238773580975	0.45711714868	0.05037408171	0.253735188635
yaà-	0.727272727273	0.109090909091	0.0	0.163636363636
jmì-	0.136847617385	0.0913481119451	0.00174550532379	0.770058765346
ñá--	0.108519094522	0.186106791083	0.0715396578538	0.633834456541
cef-	0.0220507166483	0.936604189636	0.0124035281147	0.0289415656009
'an-	0.109613371686	0.0217696494164	0.00107144917622	0.867545529722
yij-	0.111845956504	0.287203197646	0.0521616849672	0.548789160883
ißn-	0.0475970745098	0.823420740103	0.021649365239	0.107332820148
ßmí-	0.15106888361	0.673159144893	0.0418052256532	0.133966745843
kîx-	0.477582296041	0.327255173965	0.103141871626	0.0920206583682
eti-	0.0860215053763	0.823655913979	0.0903225806451	0.0
fi'-	0.627808988764	0.105337078652	0.0	0.266853932584
elí-	0.00386937914053	0.992261241719	0.000703523480095	0.00316585566043
tìf-	0.632644745956	0.154830297845	0.0290917980687	0.183433158131
xíx-	0.527192663882	0.324359905575	0.0469856546213	0.101461775922
cle-	0.0176548477269	0.964690304546	0.0176548477269	0.0
ânc-	0.598142414861	0.219814241486	0.0	0.182043343653
kîj-	0.459138102011	0.229390223782	0.0641874761402	0.247284198067
bìc-	0.0923076923077	0.692307692308	0.0	0.215384615385
ímì-	0.160168598525	0.808219178082	0.0316122233931	0.0
ßbe-	0.566153871485	0.288720335448	0.0576277139909	0.0874980790762
joó-	0.336079243948	0.429423358771	0.154141608127	0.0803557891545
anf-	0.025	0.975	0.0	0.0
'en-	0.129866479269	0.606465214336	0.125931131412	0.137737174982
quí-	0.0	1.0	0.0	0.0
lot-	0.0113264790157	0.960357323445	0.0283161975392	0.0
tâá-	0.826923076923	0.0961538461538	0.0	0.0769230769231
sis-	0.73786407767	0.084142394822	0.0517799352751	0.126213592233
bau-	0.716568141876	0.256910049529	0.023006870107	0.00351493848857
fes-	0.0126498002663	0.983355525965	0.0	0.00399467376831
tît-	0.487549088916	0.258736889352	0.158780004043	0.0949340176888
ndâ-	0.145460687106	0.788517760513	0.00528543326644	0.0607361191143
kot-	0.0824137510845	0.865753909403	0.00811831823688	0.0437140212755
dav-	0.011346301736	0.964448254561	0.00107159516395	0.0231338485395
pát-	0.40344403444	0.547355473555	0.0	0.0492004920049
kàß-	0.512169781546	0.296972695402	0.0874634275332	0.103394095519
tan-	0.0741915648223	0.0445374518205	0.00592176996728	0.87534921339
nî--	0.204677755756	0.33235101846	0.0703531145261	0.392618111258
ín--	0.84375	0.140625	0.0	0.015625
nea-	0.0397281614161	0.859726936918	0.00482996482969	0.0957149368363
kìj-	0.613766095845	0.261117748573	0.068697729988	0.0564184255941
i̱j-	0.0816975202716	0.0923791704286	0.0197856540003	0.806137655299
caí-	0.00320855614973	0.981818181818	0.0	0.0149732620321
jòn-	0.0501083692907	0.0403849595355	0.214551311368	0.694955359806
ijn-	0.22802688094	0.2490158741	0.132056460221	0.390900784739
ngu-	0.160812050092	0.2600110906	0.160851465612	0.418325393697
xit-	0.234833659491	0.450097847358	0.215264187867	0.0998043052838
nàm-	0.0946859903382	0.726086956522	0.083574879227	0.095652173913
taß-	0.461538461539	0.252508361204	0.155518394649	0.130434782609
ok'-	0.260853388103	0.119093330952	0.458052417734	0.162000863211
nak-	0.385274974592	0.311476608938	0.0968698990853	0.206378517386
tíh-	0.236584747994	0.684344702272	0.0400762199469	0.038994329788
niy-	0.417879417879	0.462577962578	0.0987525987526	0.02079002079
i̱x-	0.0593098249643	0.784427544515	0.0937813825817	0.0624812479388
lâj-	0.0884983822876	0.143754361479	0.0231554907061	0.744591765527
káb-	0.629911438194	0.280279406262	0.015591867282	0.0742172882624
aya-	0.694915254237	0.305084745763	0.0	0.0
bee-	0.188022750084	0.768484442958	0.0120441619271	0.0314486450318
jiè-	0.352941176471	0.0196078431373	0.274509803922	0.352941176471
îsâ-	0.270912547529	0.62927756654	0.0427756653993	0.0570342205323
kóh-	0.209411084299	0.203906826476	0.0989769259917	0.487705163233
ísi-	0.533125864047	0.304023296173	0.0673788863724	0.0954719534076
noe-	0.0	0.958	0.021	0.021
put-	0.0	1.0	0.0	0.0
tin-	0.375096871799	0.391353244712	0.0855648500029	0.147985033486
biß-	0.51262507918	0.319780406536	0.0959639916159	0.0716305226675
yââ-	0.736842105263	0.0701754385965	0.0	0.19298245614
kà'-	0.654246181716	0.182403098354	0.0443514382984	0.118999281632
pub-	0.0	0.948275862069	0.0287356321839	0.0229885057471
mok-	0.347854860829	0.517445373294	0.0158019313015	0.118897834575
top-	0.0	0.833948339483	0.166051660517	0.0
kó--	0.49756097561	0.238580931264	0.019955654102	0.243902439024
iní-	0.395269596535	0.388284432357	0.135727933351	0.0807180377567
jía-	0.246575342466	0.150684931507	0.575342465753	0.0273972602739
nâa-	0.259970457902	0.491875923191	0.0369276218611	0.211225997046
ßta-	0.224634298164	0.390989729225	0.0147836912543	0.369592281357
înì-	0.181294964029	0.667625899281	0.11654676259	0.0345323741007
nìm-	0.232926383238	0.353268425354	0.127137084915	0.286668106494
kíß-	0.618188514422	0.225238088954	0.0662079787917	0.0903654178319
isé-	0.133602150538	0.669086021505	0.0948924731183	0.102419354839
rom-	0.0850805454151	0.75325142613	0.127485888623	0.0341821398319
ti'-	0.341438443819	0.537496800614	0.115945738418	0.00511901714872
înc-	0.4623919279	0.357928859534	0.072609108818	0.107070103748
jyo-	0.321325327996	0.179452968646	0.452523904825	0.0466977985324
tì'-	0.504597443373	0.241608731405	0.118486955222	0.135306870001
can-	0.037286776498	0.911976964572	0.0463624435049	0.00437381542499
koh-	0.120865795616	0.804862521599	0.0366811168036	0.0375905659805
'ma-	0.280482358196	0.468512728897	0.0902188476998	0.160786065208
kín-	0.520711826228	0.308023543171	0.0984250035659	0.0728396270346
nìc-	0.447755099426	0.45152942759	0.0775122421463	0.0232032308377
oní-	0.572670207629	0.259295026557	0.107194591985	0.060840173829
mak-	0.361732815077	0.456001699055	0.0542078635331	0.128057622335
taí-	0.865979381443	0.0515463917526	0.0	0.0824742268041
nik-	0.219118583668	0.634062483468	0.0595041810265	0.0873147518376
lâ--	0.540983606557	0.253353204173	0.0357675111774	0.169895678092
itj-	0.511458963331	0.168927760461	0.0438794614795	0.275733814729
t'ì-	0.75355450237	0.113744075829	0.0568720379147	0.0758293838862
kjó-	0.414189977066	0.212487718628	0.109426283782	0.263896020524
síf-	0.227081581161	0.520605550883	0.201850294365	0.0504625735913
'ng-	0.230461929032	0.292196369775	0.354079009259	0.123262691933
sîh-	0.460356116191	0.298200825047	0.100060389355	0.141382669407
xí--	0.291956305859	0.702085402185	0.0	0.0059582919563
cap-	0.00684570826751	0.983149025803	0.00473933649289	0.00526592943654
ko̱-	0.179853542209	0.0831469133215	0.0315336555305	0.705465888939
tsj-	0.267057594431	0.408215569532	0.128398440014	0.196328396023
xó--	0.178614209716	0.465880337505	0.305194826505	0.0503106262737
ìßì-	0.349462365591	0.413978494624	0.172043010753	0.0645161290322
ara-	0.00404149265795	0.995958507342	0.0	0.0
gad-	0.0949482653682	0.863055386488	0.0200852099817	0.0219111381619
jik-	0.605839416058	0.328467153285	0.021897810219	0.043795620438
te̱-	0.42202261112	0.232615765836	0.108409478086	0.236952144959
ník-	0.234479397152	0.652380497803	0.0695575214446	0.043582583601
ißs-	0.225552366331	0.154115212603	0.173112609305	0.447219811762
ßjc-	0.168091168091	0.180436847103	0.0189933523267	0.632478632479
asì-	0.0343957591163	0.832651402761	0.130968467404	0.00198437071824
tií-	0.165745856354	0.425414364641	0.0	0.408839779006
ask-	0.0495049504951	0.521452145215	0.244224422442	0.184818481848
kán-	0.31746031746	0.665223665224	0.0	0.017316017316
beó-	0.0	1.0	0.0	0.0
jie-	0.447115384615	0.524038461538	0.0288461538461	0.0
kro-	0.336314152411	0.603615863142	0.0136080870918	0.0464618973561
ßyà-	0.571428571429	0.128571428571	0.0857142857143	0.214285714286
jus-	0.00783801436969	0.99216198563	0.0	0.0
ma̱-	0.302083333333	0.21875	0.0	0.479166666667
teó-	0.0	0.975913287836	0.0	0.0240867121638
ti̱-	0.213524439366	0.147229037941	0.0589975643706	0.580248958323
eze-	0.0	1.0	0.0	0.0
jos-	0.0304952098232	0.962218324113	0.0020240183511	0.00526244771286
ßkà-	0.152284263959	0.472081218274	0.0304568527919	0.345177664975
xkâ-	0.109395744835	0.248001722056	0.567631359491	0.0749711736176
tí'-	0.412488725456	0.406813293554	0.078567959481	0.102130021508
ßñô-	0.280701754386	0.66081871345	0.0584795321637	0.0
kôm-	0.340045266313	0.0849248526079	0.0639997605444	0.511030120534
bur-	0.0171673819743	0.932761087268	0.0371959942775	0.0128755364807
cor-	0.021200141302	0.935665630288	0.0206957156511	0.0224385127585
ìsi-	0.286186384666	0.400969376515	0.167437761621	0.145406477198
efe-	0.0	0.998114985862	0.00188501413761	0.0
tîi-	0.320111902058	0.521606391589	0.0609675404014	0.0973141659512
nâh-	0.100628930818	0.805031446541	0.0943396226415	0.0
nâß-	0.0282800133131	0.902637769085	0.0140185643388	0.0550636532629
jni-	0.0408163265306	0.326530612245	0.632653061225	0.0
ßan-	0.454672245467	0.0529986052998	0.0418410041841	0.450488145049
ijñ-	0.0799417587187	0.695003290072	0.177313900906	0.0477410503032
isß-	0.0512820512821	0.384615384615	0.487179487179	0.0769230769231
kí'-	0.766666666667	0.0333333333333	0.166666666667	0.0333333333333
ßon-	0.281273131014	0.039970392302	0.128793486306	0.549962990377
mè--	0.367768595041	0.409090909091	0.0867768595041	0.136363636364
aca-	0.00899550224888	0.988005997001	0.0	0.00299850074963
mí--	0.194078947368	0.19572368421	0.115131578947	0.495065789474
six-	0.528120713306	0.296410608139	0.113740283493	0.0617283950618
yaá-	0.370967741936	0.363287250384	0.0245775729647	0.241167434716
t'a-	0.492924528302	0.422169811321	0.0495283018868	0.0353773584906
miì-	0.698507462687	0.229850746269	0.0537313432836	0.0179104477612
iki-	0.897872340426	0.0510638297872	0.0510638297873	0.0
ced-	0.0	1.0	0.0	0.0
nîß-	0.0992458309698	0.178893562627	0.0462521667643	0.675608439639
faf-	0.835820895522	0.149253731343	0.0149253731343	0.0
tjè-	0.188399756968	0.713182459541	0.0485059075776	0.0499118759133
ßin-	0.260869565217	0.626811594203	0.11231884058	0.0
fiß-	0.561942758828	0.239233093599	0.0636292965273	0.135194851046
for-	0.0281477482163	0.961662265783	0.00175401398381	0.00843597201735
naz-	0.00974713942647	0.977865191737	0.0110837036957	0.00130396514067
ber-	0.0255796116635	0.854124897399	0.0131194746828	0.107176016255
fah-	0.474665014404	0.325775679958	0.0721506611336	0.127408644504
ând-	0.149634854358	0.485219503269	0.0176334569893	0.347512185384
si--	0.573311777142	0.14625046636	0.00435269245119	0.276085064047
joò-	0.0272043218214	0.0395523827899	0.386648659078	0.546594636311
viv-	0.0872483221476	0.885906040269	0.00671140939597	0.0201342281879
mì--	0.198967462039	0.100728850325	0.0377006507592	0.662603036876
álo-	0.020202020202	0.93265993266	0.040404040404	0.006734006734
zar-	0.0	1.0	0.0	0.0
isi-	0.581348903326	0.254879367383	0.0601049455789	0.103666783712
skâ-	0.526284595108	0.28491150827	0.0693851813395	0.119418715282
nax-	0.16492533071	0.742103797001	0.0521080357465	0.0408628365428
ote-	0.28934809678	0.376982652527	0.232656604854	0.101012645839
'in-	0.127992183684	0.197036313304	0.483308907344	0.191662595668
bat-	0.255036088895	0.494800298816	0.075737579116	0.174426033173
sße-	0.378947368421	0.242105263158	0.353684210526	0.0252631578947
loi-	0.0	1.0	0.0	0.0
tìy-	0.146696528555	0.76091825308	0.0867861142216	0.00559910414333
jen-	1.0	0.0	0.0	0.0
oso-	0.116129032258	0.681720430108	0.202150537634	0.0
kíî-	0.258553147036	0.161661008096	0.403499608253	0.176286236615
ßkr-	0.614350971958	0.317795338602	0.0403454369644	0.0275082524758
xos-	0.0	1.0	0.0	0.0
mèj-	0.43501048218	0.376310272537	0.172955974843	0.0157232704403
ßnd-	0.126173980083	0.222245256681	0.0583335819763	0.59324718126
kìi-	0.211851826427	0.0800375839848	0.0207226765289	0.687387913059
kàf-	0.572611913994	0.322523792739	0.0317236517448	0.0731406415227
tam-	0.0	1.0	0.0	0.0
imi-	0.0	0.648936170213	0.31914893617	0.031914893617
jan-	0.162261549069	0.680073546311	0.0956102045507	0.0620547000689
náß-	0.397590361446	0.566265060241	0.0361445783133	0.0
jáh-	0.304043409767	0.556581480833	0.0704533520042	0.0689217573954
báj-	0.214944999368	0.714249589076	0.0531040586674	0.0177013528891
jîì-	0.406632237021	0.351454199511	0.0951345474314	0.146779016037
toa-	0.043956043956	0.956043956044	0.0	0.0
so--	0.0	0.991561181435	0.0084388185654	0.0
kje-	0.412131029733	0.118092805235	0.0862300454976	0.383546119535
xôn-	0.221276595745	0.114893617021	0.663829787234	0.0
tji-	0.484068878635	0.220987737842	0.079087896541	0.215855486982
kòs-	0.414578587699	0.102505694761	0.332574031891	0.150341685649
âsò-	0.113371424308	0.269270862477	0.0613641874374	0.555993525778
ìßs-	0.245762711864	0.247740112994	0.139265536723	0.367231638418
chj-	0.243561272116	0.390656021854	0.0990164799084	0.266766226122
kße-	0.258302583026	0.413653136532	0.161623616236	0.166420664207
nàj-	0.0806361216197	0.0728597449909	0.012470225585	0.834033907804
ijc-	0.708916122847	0.10486186096	0.0190960609096	0.167125955284
nix-	0.307965110706	0.349851432953	0.122208377264	0.219975079076
tsê-	0.228766763082	0.319484617407	0.0410202471733	0.410728372338
tân-	0.124785081338	0.0482740378257	0.0346515011242	0.792289379712
bíh-	0.101449275362	0.811594202899	0.0	0.0869565217391
î-n-	0.0419463087248	0.302013422819	0.0	0.656040268456
bìn-	0.469539649582	0.361359141616	0.099678808291	0.0694224005112
tim-	0.0611215090462	0.854251532166	0.0198631142427	0.0647638445447
tri-	0.00872786516418	0.951899765317	0.009503675401	0.0298686941174
zen-	0.0502512562814	0.949748743719	0.0	0.0
yâá-	0.211659262859	0.0137617360722	0.00450519203175	0.770073809037
rah-	0.00599520383692	0.979616306954	0.0143884892086	0.0
inì-	0.103288779453	0.554272834014	0.0491120689214	0.293326317612
tòô-	0.626479724624	0.373520275376	0.0	0.0
mol-	0.0238300899344	0.933489151974	0.0426807580915	0.0
tos-	0.661538461538	0.123076923077	0.0	0.215384615385
sâa-	0.498680738786	0.250659630607	0.0791556728232	0.171503957784
ham-	0.0	0.982089552239	0.0179104477612	0.0
tes-	0.0265731292517	0.942354024943	0.0133574263039	0.0177154195011
naj-	0.0131908252504	0.0102898544865	0.00578172570361	0.97073759456
jèn-	0.376470588235	0.570588235294	0.0	0.0529411764706
elo-	0.0	0.962264150943	0.0188679245283	0.0188679245283
tak-	0.258098870579	0.188055527988	0.0713531954875	0.482492405945
ki̱-	0.459848126205	0.289221200724	0.0726437595921	0.178286913478
fàh-	0.656488549618	0.297709923664	0.0458015267176	0.0
âßt-	0.0517533071321	0.0928030362498	0.00160416630882	0.853839490309
'o̱-	0.222222222222	0.361111111111	0.222222222222	0.194444444445
jon-	0.0143117025201	0.54234355719	0.0400727670564	0.403271973234
isê-	0.322869955157	0.255605381166	0.201793721973	0.219730941704
jer-	0.0134480903712	0.978627880995	0.000993089750484	0.0069309388836
fìc-	0.287601193012	0.700894759267	0.0115040477205	0.0
kèn-	0.425699026076	0.286286522149	0.20397423814	0.0840402136349
nât-	0.0777437485276	0.608504694915	0.271850705079	0.0419008514791
ßkó-	0.611959287532	0.209923664122	0.152671755725	0.0254452926208
ndî-	0.181675558252	0.400743982176	0.05593084557	0.361649614003
nij-	0.219098487358	0.610867284973	0.10778955504	0.0622446726289
máj-	0.286995515695	0.659192825112	0.0	0.0538116591928
mah-	0.360460824582	0.37649534103	0.179539609637	0.0835042247517
xôx-	0.310791366906	0.604316546763	0.0402877697841	0.0446043165468
kjò-	0.452487782535	0.213610101866	0.137294116042	0.196607999556
mìß-	0.541619156214	0.0136830102623	0.444697833523	0.0
ân--	0.241071428571	0.4375	0.0	0.321428571429
tea-	0.0690537084399	0.634271099744	0.0588235294117	0.237851662404
sue-	0.240896358543	0.708683473389	0.0336134453782	0.0168067226891
sîk-	0.498254889576	0.30308254874	0.0861233579549	0.112539203729
mén-	0.153936545241	0.257344300822	0.0352526439483	0.553466509988
tís-	0.436645863262	0.356251507127	0.0858566572791	0.121245972332
xàn-	0.156669465975	0.375882814544	0.0417142778474	0.425733441634
skô-	0.240142966475	0.566897894496	0.1088110228	0.084148116229
seg-	0.0	0.959595959596	0.040404040404	0.0
tse-	0.189407494572	0.166994250708	0.33310236735	0.31049588737
koé-	0.710526315789	0.0614035087719	0.228070175439	0.0
ski-	0.54497001237	0.312561629203	0.0529676943156	0.0895006641122
mil-	0.065071770335	0.746889952153	0.0172248803828	0.170813397129
nît-	0.0614091894179	0.7771380208	0.0668432053961	0.094609584386
okò-	0.46	0.34	0.04	0.16
jôó-	0.195652173913	0.557453416149	0.139751552795	0.107142857143
sâs-	0.135483870968	0.522580645161	0.303225806452	0.0387096774194
tiì-	0.396167883212	0.341332116788	0.104197080292	0.158302919708
nii-	0.568115942029	0.266666666667	0.0	0.165217391304
xân-	0.0888418826018	0.594923320994	0.240084611317	0.0761501850872
así-	0.0	1.0	0.0	0.0
îjn-	0.196675419211	0.135990568288	0.0427790286266	0.624554983875
xkì-	0.190873189996	0.453707766564	0.0131636682756	0.342255375164
kam-	0.494109329171	0.235255822419	0.0518435034616	0.218791344949
ßká-	0.202998572108	0.204664445502	0.151118514993	0.441218467397
o̱--	1.0	0.0	0.0	0.0
jor-	0.00232198142416	0.994582043344	0.0	0.00309597523219
ská-	0.168201236573	0.615589556007	0.173120231482	0.0430889759373
naí-	0.0	0.957894736842	0.0	0.0421052631579
fàt-	0.381598240469	0.235153958944	0.0329912023461	0.350256598241
índ-	0.646428571429	0.0857142857143	0.0964285714285	0.171428571429
tâf-	0.0458015267176	0.229007633588	0.679389312977	0.0458015267176
ji̱-	0.16492121445	0.207892966949	0.0218822059954	0.605303612606
tât-	0.538171027785	0.380900998112	0.0323711896412	0.0485567844618
por-	0.185064935065	0.814935064935	0.0	0.0
alf-	0.0014684287812	0.998531571219	0.0	0.0
cos-	0.0140296180826	0.985970381917	0.0	0.0
chô-	0.0974854139906	0.555501491615	0.0493335754331	0.297679518962
bak-	0.297340850647	0.460084645856	0.158772497415	0.0838020060822
lix-	0.221964311621	0.717104308719	0.0609313796605	0.0
ped-	0.0133136224075	0.938269229087	0.00334152678033	0.0450756217252
îßn-	0.176602631697	0.446236108182	0.017913575158	0.359247684963
epa-	0.114119004003	0.832960173689	0.0122124974557	0.0407083248524
nií-	0.362622036262	0.417015341702	0.100418410042	0.119944211994
ndá-	0.0901480985525	0.834680214209	0.0202380351396	0.054933652099
naß-	0.344539417701	0.461358701849	0.0694236581758	0.124678222275
mel-	0.0128040973111	0.971583889301	0.0033694992924	0.0122425140957
ßmà-	0.272277227723	0.430693069307	0.259900990099	0.0371287128713
ngâ-	0.0956566201409	0.0941164923588	0.0101350707786	0.800091816722
fik-	0.412011688275	0.482538511731	0.0674061675508	0.0380436324434
tjé-	0.143246789677	0.36345633573	0.357116995318	0.136179879275
je̱-	0.769230769231	0.0961538461538	0.0576923076923	0.0769230769231
pa̱-	0.0588235294118	0.911764705882	0.0	0.0294117647059
ji--	0.341140067753	0.158113046494	0.00300088025821	0.497746005495
siy-	0.294234592445	0.685884691849	0.0	0.0198807157058
láz-	0.0187120701281	0.903236682401	0.00455158462576	0.0734996628456
xìj-	0.189683860233	0.597337770383	0.089850249584	0.1231281198
jud-	0.0332829933804	0.834510638684	0.089158689752	0.0430476781832
ikj-	0.140628960346	0.733150296244	0.012741150514	0.113479592896
la--	0.253063381445	0.35654126895	0.0416157479274	0.348779601678
cis-	0.0	1.0	0.0	0.0
ßjí-	0.854792841044	0.0790656299116	0.0153254762421	0.0508160528026
îsa-	0.273805706957	0.611841402159	0.0854974885113	0.0288554023726
a̱p-	0.201581027668	0.715415019763	0.0	0.0830039525692
tìh-	0.391957104558	0.457372654156	0.0879356568364	0.0627345844504
paj-	0.153191489362	0.782978723404	0.063829787234	0.0
sâá-	0.33343247739	0.275223900327	0.168104255483	0.2232393668
and-	0.00280177445715	0.9950968947	0.0	0.00210133084287
oka-	0.188481675393	0.748691099476	0.0628272251309	0.0
tj'-	0.161616161616	0.542087542088	0.26936026936	0.026936026936
per-	0.00214861235452	0.989256938227	0.00429722470904	0.00429722470905
lid-	0.0100128369705	0.74351732991	0.0	0.246469833119
ata-	0.0	1.0	0.0	0.0
íká-	0.518518518519	0.348864994026	0.0346475507766	0.0979689366786
ßng-	0.217850510678	0.280212685701	0.372207230734	0.129729572888
lev-	0.0877632898696	0.863590772317	0.0255767301906	0.0230692076229
ndà-	0.264880447685	0.519755808038	0.0780057656436	0.137357978633
jèy-	0.191693290735	0.354632587859	0.0191693290735	0.434504792332
saú-	0.49356223176	0.467811158798	0.0257510729614	0.0128755364807
bíy-	0.442766432126	0.307705508838	0.0123562725245	0.237171786511
kìh-	0.803278688525	0.179363548698	0.0115718418515	0.00578592092575
níc-	0.0513541602983	0.831672474578	0.0798842493529	0.037089115771
jai-	0.17880794702	0.678145695364	0.0834437086093	0.0596026490066
'ko-	0.278606965174	0.338308457712	0.0796019900497	0.303482587065
tal-	0.0	1.0	0.0	0.0
o̱k-	0.358286085859	0.222441182037	0.0404834169757	0.378789315128
ßma-	0.173461935581	0.557178473394	0.211538945831	0.0578206451938
jîí-	0.146205203506	0.0983343275364	0.00940669022163	0.746053778736
îsà-	0.0195231389626	0.916977300258	0.0317979245464	0.0317016362331
xa--	0.0357142857143	0.964285714286	0.0	0.0
ísk-	0.500970797314	0.332185967745	0.104952444716	0.0618907902251
ské-	0.304272316777	0.642584230636	0.0250086835707	0.028134769017
ó'n-	0.88961892247	0.11038107753	0.0	0.0
koß-	0.472929199445	0.396691346599	0.0291531698288	0.101226284128
chi-	0.227082311189	0.541396824568	0.118917273622	0.112603590622
nga-	0.0409315861329	0.0856429764169	0.0127816165993	0.860643820851
tín-	0.433837073396	0.414534694191	0.0456944006403	0.105933831773
kij-	0.774668866077	0.100583664786	0.022199886799	0.102547582338
ßfi-	0.495158048602	0.335921797917	0.0420244838297	0.126895669651
pax-	0.0376052348083	0.925088776284	0.0191517376212	0.0181542512868
kaà-	0.298127704188	0.197878116907	0.0234095656868	0.480584613218
an--	0.602166176103	0.0457936553741	0.00565591273735	0.346384255786
tén-	0.674846625767	0.141104294478	0.0	0.184049079755
cir-	0.403177701115	0.547686133293	0.028107261157	0.0210289044353
xiß-	0.111392405063	0.508860759494	0.379746835443	0.0
rak-	0.294337249971	0.340216921445	0.188705937832	0.176739890753
evo-	0.0	1.0	0.0	0.0
ik'-	0.326530612245	0.551020408163	0.122448979592	0.0
sên-	0.356971038199	0.256871612303	0.0224510086917	0.363706340806
eub-	0.212121212121	0.787878787879	0.0	0.0
maß-	0.239189697302	0.317485154463	0.25254498591	0.190780162325
yâà-	0.43670886076	0.292545710267	0.10900140647	0.161744022504
ßka-	0.0683277285234	0.652552736166	0.0165087129318	0.262610822378
ter-	0.0	1.0	0.0	0.0
xko-	0.131386998206	0.744292828883	0.0560426081924	0.0682775647186
jèe-	0.0420875420876	0.228114478114	0.0227272727273	0.707070707071
nam-	0.00393184796855	0.76998689384	0.218217562254	0.00786369593711
înî-	0.570060922541	0.254134029591	0.0313315926893	0.144473455178
oli-	0.0653697311997	0.914060593383	0.0127253076735	0.00784436774396
nâc-	0.125096678932	0.825821673268	0.0313083491535	0.0177732986461
ßni-	0.426334362594	0.194249508762	0.0695252035128	0.309890925131
sìn-	0.182494221897	0.0869538225565	0.0564644850026	0.674087470544
châ-	0.238013134207	0.559649078324	0.139506579781	0.0628312076878
kox-	0.351485148515	0.450495049505	0.039603960396	0.158415841584
kon-	0.105500238109	0.0511577686462	0.0141659146973	0.829176078547
col-	0.14534362103	0.806208505293	0.0161492912256	0.0322985824511
díd-	0.123545210385	0.876454789615	0.0	0.0
én--	0.233910129266	0.715477737501	0.0314615963341	0.019150536899
nim-	0.291568967275	0.267509430115	0.301253950454	0.139667652156
jnê-	0.173902318697	0.625370004934	0.173902318698	0.0268253576714
tor-	0.0249635947576	0.925109215727	0.0499271895153	0.0
lin-	0.0286590147573	0.90789192272	0.0506166678548	0.0128323946674
mai-	0.116831683168	0.770297029703	0.106930693069	0.00594059405941
ka'-	0.0349744417541	0.800107613667	0.0104923325262	0.154425612053
ape-	0.0196721311475	0.980327868852	0.0	0.0
sîx-	0.420067789725	0.429347619108	0.0789864547498	0.0715981364173
éfe-	0.014063498828	0.981461751545	0.0044747496271	0.0
ba--	0.287674169346	0.504823151125	0.136763129689	0.0707395498392
sîj-	0.554238923064	0.223916827056	0.0871390585764	0.134705191303
isr-	0.0296512797704	0.895588666151	0.0192274429654	0.0555326111129
ojá-	0.126968293552	0.494478090488	0.218667616673	0.159885999287
car-	0.0896453900709	0.82865248227	0.0102127659575	0.0714893617021
ijá-	0.596858638743	0.340314136126	0.0	0.0628272251309
pól-	0.013698630137	0.958904109589	0.0	0.027397260274
pun-	0.0702765512433	0.683755519405	0.234255170811	0.0117127585406
