-yer	0.0403916768666	0.944920440636	0.0146878824969	0.0
-cae	0.641367521368	0.142564102564	0.134017094017	0.0820512820513
-het	0.548354648656	0.344733438712	0.0465584135652	0.060353499066
-hep	0.459923521032	0.150708555147	0.0173952163155	0.371972707505
-can	0.0824742268041	0.840206185567	0.0773195876288	0.0
-her	0.119889502762	0.404634745243	0.325076734193	0.150399017802
-hes	0.676550548337	0.233043037508	0.0580591650539	0.0323472491015
-hel	0.10794044665	0.401985111663	0.482630272953	0.00744416873451
-hem	0.0888934771215	0.893794768356	0.0092117592872	0.0080999952353
-rba	0.27027027027	0.486486486487	0.216216216216	0.027027027027
-cap	0.46065402419	0.286994176497	0.161266238614	0.0910855606988
-rbe	0.0379746835443	0.962025316456	0.0	0.0
-hek	0.653747280997	0.250543800672	0.0482499505636	0.0474589677675
-aan	0.75	0.113636363636	0.136363636364	0.0
-lem	0.108181436493	0.0918090594683	0.0117578144246	0.788251689614
-aus	0.019829248141	0.953180941889	0.0	0.0269898099697
-ehu	0.0	1.0	0.0	0.0
-rbu	0.435897435897	0.444444444444	0.051282051282	0.0683760683761
-hun	0.631578947368	0.368421052632	0.0	0.0
-uru	0.169883477595	0.48829372292	0.0196496467976	0.322173152688
-cak	0.73835125448	0.250896057348	0.0	0.010752688172
-zim	0.0	1.0	0.0	0.0
-aud	0.00596059385176	0.962470335007	0.000993432308626	0.0305756388322
-aum	0.00235109717869	0.985893416928	0.0	0.0117554858934
-aul	0.372448979592	0.566326530612	0.030612244898	0.030612244898
-aun	0.443226311668	0.537979639781	0.0140955364135	0.00469851213782
-pah	0.0	0.828571428571	0.171428571429	0.0
-ca'	0.788618492765	0.121597044808	0.0219512157501	0.0678332466775
-nto	0.154858509083	0.113278756519	0.0204999908833	0.711362743514
-pus	0.0030531761513	0.994911373081	0.0	0.00203545076753
-nta	0.361889173291	0.492416096928	0.0452820971289	0.100412632652
-nte	0.384720327422	0.262278308322	0.138130968622	0.214870395634
-dim	0.0	1.0	0.0	0.0
-wat	0.292375776903	0.341446747584	0.267059321207	0.0991181543067
-was	0.0268292682927	0.939024390244	0.00243902439025	0.0317073170732
-wil	0.0	0.965517241379	0.0344827586208	0.0
-war	0.252258969952	0.0593500592591	0.064245378243	0.624145592546
-pra	0.533632286996	0.385650224215	0.0269058295964	0.0538116591928
-dha	0.291843900465	0.0951511514749	0.0511628229493	0.561842125111
-car	0.358257477243	0.415908105765	0.0957954052883	0.130039011704
-dhi	0.337643543007	0.268049785582	0.175494236853	0.218812434558
-'in	0.0	1.0	0.0	0.0
-dhu	0.0908310864728	0.401817468482	0.196368439055	0.31098300599
-'il	0.0451669595782	0.898550087873	0.0131810193322	0.0431019332162
-ddu	0.310942578548	0.517659804984	0.138028169014	0.033369447454
-opi	0.0555555555556	0.916666666667	0.0	0.0277777777778
-sma	0.275334608031	0.590822179732	0.0114722753346	0.122370936902
-ope	0.392199349946	0.604911520404	0.00072228241242	0.00216684723727
-opa	0.215618878238	0.59174564829	0.034275829073	0.158359644399
-uki	0.0107623318386	0.980717488789	0.00852017937223	0.0
-dea	0.00322219108994	0.990053236201	0.00588400112076	0.00084057158868
-gka	0.215195004196	0.179842848949	0.0382767291379	0.566685417717
-gko	0.102045573888	0.807574570255	0.0569145637275	0.0334652921296
-dek	0.62826719113	0.256390175204	0.0141752468587	0.101167386807
-del	0.154023670067	0.579277626058	0.113708749714	0.152989954161
-dem	0.403551251009	0.10411622276	0.112994350282	0.379338175948
-den	0.642857142857	0.142857142857	0.214285714286	0.0
-dep	0.0343511450382	0.87786259542	0.0458015267175	0.0419847328244
-der	0.787393422655	0.0614799025579	0.00219244823386	0.148934226553
-des	0.0324124428975	0.860452469001	0.0419839025452	0.0651511855558
-ime	0.419620496328	0.571493422573	0.0029620270329	0.00592405406581
-okh	0.0434412265758	0.946337308348	0.0102214650767	0.0
-te'	0.66110922333	0.197931204263	0.0208431213799	0.120116451026
-oka	0.645801753604	0.171942339129	0.119839500669	0.0624164065983
-sik	0.0	0.971047794118	0.0289522058824	0.0
-lla	0.279181753019	0.469687408742	0.0929176341333	0.158213204106
-obi	0.502318145484	0.251159072742	0.0780175859313	0.168505195843
-bir	0.083295194508	0.817391304348	0.0178489702517	0.0814645308925
-bis	0.730985387786	0.0558261521169	0.0816785312851	0.131509928812
-lle	0.337445894055	0.0669106214442	0.0309327917745	0.564710692726
-idi	0.198282032928	0.425912670007	0.0493915533285	0.326413743737
-ji'	0.516245760188	0.407619140761	0.0431501378819	0.0329849611693
-lli	0.635163173725	0.330159393949	0.0219387837164	0.0127386486095
-oba	0.592427936326	0.338018069697	0.0394378316363	0.0301161623405
-llo	0.0854824620082	0.0473765808589	0.0161332210566	0.851007736076
-ida	0.106077732371	0.800017389792	0.039127032432	0.0547778454048
-me'	0.36328750112	0.0233641868623	0.00505690619759	0.60829140582
-sih	0.0113301324575	0.911051030176	0.00216761192699	0.0754512254393
-llu	0.135960926488	0.21453581035	0.140703749505	0.508799513658
-bin	0.537423312884	0.355828220859	0.040490797546	0.0662576687116
-bil	0.0331636156671	0.873142429501	0.0152336933756	0.0784602614564
-lu'	0.34229787946	0.435359069806	0.127483374462	0.0948596762725
-tep	0.616287878788	0.145643939394	0.0535984848485	0.18446969697
-eja	0.193198804185	0.763639760837	0.0154147982063	0.0277466367713
-bba	0.243708160325	0.438119650877	0.028302686213	0.289869502585
-tes	0.211788298893	0.209957276136	0.458976371087	0.119278053884
-ria	0.00729281767956	0.961104972376	0.0145856353591	0.0170165745856
-rin	0.33734939759	0.313253012048	0.289156626506	0.0602409638554
-bbi	0.108368272066	0.379841783546	0.0800137021858	0.431776242202
-rim	0.0	1.0	0.0	0.0
-uto	0.493537015276	0.407755581669	0.0846063454759	0.0141010575793
-hli	0.239111561279	0.560338590653	0.144118072638	0.0564317754305
-a'i	0.198090207233	0.15014221861	0.00568874441284	0.646078829744
-ris	0.292855339561	0.646301439031	0.0381216864428	0.0227215349659
-bbu	0.57801583605	0.245924545878	0.0461108523522	0.12994876572
-nas	0.102558665646	0.756237374407	0.119651776587	0.0215521833604
-a'a	0.475772685883	0.241593959522	0.0531419329128	0.229491421682
-tek	0.316267942584	0.348325358852	0.211961722488	0.123444976077
-tel	0.558435128139	0.278860316008	0.104792764787	0.0579117910663
-tem	0.176452217364	0.684051634395	0.0957734749115	0.0437226733292
-a'e	0.545775114939	0.226829480885	0.0561298658627	0.171265538314
-dan	0.147309627159	0.612520131344	0.182958982972	0.0572112585256
-are	0.200919738038	0.579603616835	0.0239636289789	0.195513016148
-jil	0.0769230769231	0.923076923077	0.0	0.0
-pas	0.077823449961	0.0168037752597	0.00439832028176	0.900974454498
-ara	0.230700889421	0.316485769872	0.0260444709682	0.426768869739
-e'a	0.431548296101	0.261613358205	0.132035124437	0.174803221257
-eri	0.0	1.0	0.0	0.0
-lup	0.78125	0.1875	0.0	0.03125
-lus	0.0368114243766	0.770650714366	0.0022113755896	0.190326485668
-jib	0.169513411347	0.54754506378	0.17525226571	0.107689259164
-ari	0.0319659423613	0.0107366070482	0.00155629615903	0.955741154431
-bi'	0.119995299107	0.0520974092598	0.0970993124084	0.730807979225
-luk	0.387194524778	0.321323639548	0.218686269314	0.0727955663606
-jit	0.201550387597	0.321705426357	0.461240310078	0.015503875969
-men	0.302723448459	0.266383932757	0.0865159556019	0.344376663183
-jir	0.153634246509	0.811071399563	0.00415227693267	0.031142076995
-jis	0.354374377391	0.0416509706422	0.576374762467	0.0275998895
-aya	0.08194159287	0.894986584333	0.00494396202791	0.018127860769
-rah	0.101801096319	0.890368050118	0.0	0.00783085356304
-kis	0.0	1.0	0.0	0.0
-rai	0.533759124088	0.29174270073	0.0307937956204	0.143704379562
-yur	0.504751847941	0.279831045407	0.18373812038	0.0316789862724
-na'	0.0941302969115	0.545942990471	0.0636619020069	0.29626481061
-sra	0.847457627119	0.101694915254	0.0	0.0508474576271
-uba	0.222638368706	0.717852684145	0.0162297128589	0.0432792342905
-nsi	0.086574654956	0.860727728984	0.030112923463	0.0225846925972
-ota	0.0622254758419	0.924597364568	0.00878477306003	0.00439238653002
-ote	0.0419281232174	0.0519110096977	0.897604107245	0.00855675984028
-lma	0.0	1.0	0.0	0.0
-oti	0.020253070477	0.967483602445	0.00306583176945	0.00919749530835
-oam	0.0153374233129	0.882413087935	0.0255623721881	0.0766871165644
-ume	0.0129322384224	0.963996424781	0.00508351488744	0.0179878219094
-gog	0.0175438596491	0.964912280702	0.0175438596491	0.0
-u'i	0.516566475605	0.24409338739	0.0520061512652	0.18733398574
-sup	0.0575521524889	0.880100911746	0.0112124162757	0.0511345194889
-ako	0.590948832942	0.241535380287	0.0668960074623	0.100619779309
ALL	0.225565083908	0.276143710429	0.0518603656458	0.446430840017
-nai	0.0	1.0	0.0	0.0
-nan	0.206641769582	0.672280342735	0.0644226511327	0.0566552365499
-nal	0.820366145095	0.128215664436	0.0201671767034	0.0312510137656
-nam	0.0	0.929203539823	0.0530973451327	0.0176991150442
-sis	0.0	0.964285714286	0.0	0.0357142857143
-ake	0.238347711549	0.603758522337	0.0867140506997	0.071179715414
-kin	0.435954620382	0.160961892757	0.273732182682	0.129351304179
-kim	0.0745921714842	0.815316973012	0.0337012822971	0.0763895732066
-nae	0.423802823735	0.356896802678	0.0895153073601	0.129785066227
-zur	0.0	1.0	0.0	0.0
-nay	0.0842700944924	0.867836401804	0.010674211969	0.0372192917342
-nar	0.321915414191	0.536875218455	0.0919259000349	0.0492834673191
-sib	0.214285714286	0.75	0.0	0.0357142857143
-sia	0.00579950289975	0.970173985087	0.0207125103563	0.003314001657
-nat	0.51737211114	0.37055310309	0.0688652298104	0.0432095559595
-ker	0.464685181769	0.364699064924	0.0729461900794	0.097669563227
-mot	0.68458781362	0.201911589008	0.0089605734767	0.104540023895
-mos	0.013986013986	0.972027972028	0.013986013986	0.0
-mor	0.183231420959	0.439130518124	0.277061089919	0.100576970998
-gon	0.312977099237	0.610687022901	0.00916030534353	0.0671755725191
-re'	0.129485179407	0.795631825273	0.0655226209048	0.00936037441496
-moy	0.474051227035	0.442134906799	0.0274909481025	0.0563229180636
-goy	0.895104895105	0.055944055944	0.020979020979	0.027972027972
-ale	0.662334593274	0.195489391049	0.0231546098039	0.119021405873
-lki	0.0	1.0	0.0	0.0
-apa	0.191902749428	0.152355240447	0.0177772053666	0.637964804758
-mon	0.100374673342	0.12169539611	0.00201944747752	0.775910483071
-mom	0.104683195592	0.435261707989	0.33608815427	0.123966942149
-mok	0.143720617864	0.564808596373	0.235057085292	0.0564137004701
-com	0.349184596409	0.163491845964	0.441277237221	0.0460463204056
-yat	0.190342108968	0.512224881505	0.20930123422	0.0881317753062
-con	0.00923076923077	0.443076923077	0.547692307692	0.0
-yap	0.0691419574915	0.111125688796	0.0421149304644	0.777617423248
-cok	0.313192556973	0.183148651474	0.150533138198	0.353125653356
-ha'	0.200332173596	0.137847182377	0.0786652556427	0.583155388384
-ber	0.396825396825	0.512113617377	0.0526315789474	0.0384294068505
-bes	0.741935483871	0.161290322581	0.0322580645161	0.0645161290323
-mfa	0.0	1.0	0.0	0.0
-bet	0.113131313131	0.585858585859	0.00495867768595	0.296051423324
-yae	0.62599469496	0.310344827586	0.0159151193634	0.0477453580901
-rlo	0.40672025082	0.243296391937	0.0921314841312	0.257851873112
-ben	0.0	0.590361445783	0.0	0.409638554217
-ju'	0.818114641613	0.120605932651	0.00760054892854	0.0536788768078
-bel	0.395302067412	0.423517818357	0.0576482181642	0.123531896066
-yam	0.0263359509672	0.644672577345	0.000415830804746	0.328575640883
-cot	0.519730116541	0.245348599468	0.144142302188	0.0907789818033
-yan	0.080143180872	0.0897756334936	0.0170263118164	0.813054873818
-yai	0.473098330241	0.326530612245	0.200371057514	0.0
-yah	0.0	1.0	0.0	0.0
-ma'	0.194472904311	0.215854744263	0.188524321356	0.40114803007
-cor	0.597226632793	0.25150841537	0.0353551391976	0.115909812639
-rek	0.163929904228	0.819951127804	0.0122504156552	0.00386855231217
-ren	0.529905561385	0.10703043022	0.163693599161	0.199370409234
-pol	0.486672985283	0.108885809423	0.0289700581577	0.375471147137
-isi	0.0208835795398	0.95184119991	0.00354388016432	0.0237313403861
-rem	0.705794085871	0.182165579609	0.0454163498859	0.0666239846345
-bdi	0.197306023259	0.655713610268	0.0553214116387	0.0916589548347
-rea	0.0	0.987577639752	0.0124223602484	0.0
-red	0.195217360353	0.68153319732	0.032012842163	0.0912366001648
-mo'	0.0989993226717	0.841144183409	0.0179952359117	0.0418612580074
-upa	0.0603015075377	0.939698492462	0.0	0.0
-res	0.129168247544	0.470799432289	0.214858845186	0.18517347498
-rep	0.437486430032	0.34075620439	0.0598063548841	0.161951010694
-le'	0.139963167587	0.738121546961	0.0791896869245	0.0427255985268
-ret	0.250634932153	0.719976779624	0.00631303969233	0.0230752485306
-jur	0.504503731895	0.206650600456	0.248637337589	0.04020833006
-hab	0.02416918429	0.957703927492	0.0181268882175	0.0
-had	0.0358208955224	0.916417910448	0.0	0.0477611940298
-yas	0.0274007847173	0.894256126584	0.00836174181514	0.0699813468836
-jut	0.762890625	0.134375	0.00937499999999	0.093359375
-hai	0.252543387193	0.491921005386	0.201675643327	0.0538599640934
-mas	0.0143441234272	0.776480155414	0.193928030902	0.0152476902573
-hak	0.0880874226119	0.88795169042	0.0202213265744	0.0037395603939
-hal	0.119483315393	0.245425188375	0.528525296017	0.106566200215
-mat	0.145712840132	0.664118386022	0.0835876383189	0.106581135526
-han	0.260303284026	0.641548050982	0.0648432412317	0.0333054237603
-hap	0.12414941977	0.590535618488	0.240421266623	0.0448936951182
-mah	0.0604125905331	0.861342807126	0.058078467717	0.020166134624
-ya'	0.0331352269353	0.370950114721	0.406782408524	0.18913224982
-has	0.345970258481	0.19680630188	0.306624621242	0.150598818398
-hat	0.0777415188142	0.309545088649	0.455426684869	0.157286707668
-mal	0.197080291971	0.649635036496	0.0875912408759	0.0656934306569
-jud	0.704994797086	0.150364203954	0.00884495317378	0.135796045786
-man	0.11240523885	0.739199979227	0.0642178013178	0.0841769806046
-juk	0.663326919249	0.123813947316	0.0103510052419	0.202508128193
-mae	0.767218261495	0.138487365644	0.0189678854078	0.0753264874528
-i'i	0.584796023542	0.252969409651	0.050606591102	0.111627975705
-jul	0.850931677019	0.149068322981	0.0	0.0
-uni	0.0392156862745	0.803921568627	0.0	0.156862745098
-lae	0.514357644391	0.120387274748	0.0180781780767	0.347176902784
-se'	0.0150217110668	0.94671986856	0.0257012087783	0.0125572115949
-ung	0.341065902749	0.294241045028	0.251811869393	0.112881182831
-una	0.485023219815	0.304693811359	0.0636201260316	0.146662842794
-in'	0.0	0.929055143502	0.0	0.0709448564979
-sna	0.562344180554	0.374138892534	0.0188213489043	0.0446955780081
-pta	0.314685314685	0.643356643357	0.0	0.041958041958
-him	0.038010902028	0.893203984879	0.0264614356425	0.0423236774503
-tre	0.202846975089	0.544483985765	0.00711743772241	0.245551601423
-gad	0.109090909091	0.745454545455	0.0	0.145454545455
-tra	0.274609807729	0.605688272345	0.0299356621797	0.0897662577471
-ada	0.608399762887	0.226121002303	0.0767805313871	0.0886987034233
-gan	0.185194632601	0.248961889329	0.0704335964199	0.495409881651
-gal	0.354531946885	0.390746702198	0.117196064107	0.13752528681
-gak	0.528483786153	0.337423312883	0.134092900964	0.0
-gai	0.416694435188	0.480006664445	0.0816394535155	0.0216594468511
-adi	0.281877167779	0.109155845229	0.0370276490666	0.571939337926
-gat	0.344848076695	0.366358990611	0.0913124430535	0.197480489641
-gas	0.201005025126	0.547738693467	0.0502512562814	0.201005025126
-gar	0.734677229974	0.20488449987	0.0129033852847	0.0475348848706
-gap	0.606338998622	0.295896493646	0.0839840759455	0.0137804317869
-ne'	0.0216551165645	0.406944476832	0.150875638365	0.420524768238
-lan	0.24782665022	0.579035752901	0.0381725793784	0.134965017501
-gay	0.0331105710814	0.962332928311	0.0	0.00455650060753
-sen	0.298631560714	0.524337432877	0.118829031699	0.0582019747098
-sem	0.0355582242274	0.886064392218	0.00950028891573	0.0688770946389
-sel	0.484366117112	0.316846693197	0.0494599204094	0.149327269282
-sek	0.597014925373	0.34328358209	0.0	0.0597014925373
-u'a	0.66665012369	0.311884529043	0.00677304646787	0.0146923007995
-ina	0.166426142895	0.357021522947	0.0530253791086	0.423526955049
-un'	0.0	0.932584269663	0.0	0.0674157303371
-ine	0.410563117387	0.468728093843	0.0476950071499	0.0730137816201
-ing	0.777238022337	0.131771816886	0.0414532251259	0.0495369356513
-ggi	0.448614510473	0.115547722268	0.0831877823721	0.352649984886
-'na	0.126692064104	0.150570527824	0.0360212189081	0.686716189164
-ses	0.0	0.974842767296	0.0125786163522	0.0125786163522
-ser	0.227052295168	0.67740081139	0.0761977913648	0.0193491020769
-sep	0.141523341523	0.356265356265	0.119901719902	0.38230958231
-ga'	0.600503291244	0.162560728458	0.130194988177	0.106740992121
-rsa	0.830843350041	0.0826317582364	0.00700764027446	0.0795172514477
-eda	0.4916126073	0.19132101435	0.25473429002	0.0623320883297
-kus	0.0600200066689	0.885295098366	0.0213404468156	0.0333444481494
-rse	0.426087418621	0.150401168312	0.385595831323	0.0379155817439
-aot	0.66215512298	0.236907112101	0.0445317960234	0.0564059688949
-ian	0.0281690140845	0.887323943662	0.0845070422535	0.0
-nes	0.177823834197	0.419481865285	0.28	0.122694300518
-nep	0.53	0.37	0.06	0.04
-sli	0.0399201596807	0.580172987359	0.379906852961	0.0
-nen	0.0614389652385	0.729452977634	0.139585017515	0.069523039612
-nem	0.0253602305476	0.097214217099	0.333525456292	0.543900096061
-kub	0.00236266981689	0.990549320732	0.0	0.00708800945068
-edu	0.652173913044	0.226086956522	0.104347826087	0.0173913043478
-sa'	0.346207527276	0.203007846978	0.0803474716746	0.370437154071
-kum	0.0173913043478	0.84347826087	0.0347826086956	0.104347826087
-aon	0.0112273434758	0.966794824783	0.006775121063	0.0152027106779
-aom	0.254807692308	0.552197802198	0.0803571428571	0.112637362637
-ban	0.0292675579931	0.0587588185621	0.0102196554959	0.901753967949
-uks	0.0	0.974358974359	0.0	0.025641025641
-eka	0.327368509836	0.0426097672234	0.010991220764	0.619030502176
-non	0.641079131937	0.28914354758	0.0348886602414	0.0348886602415
-bah	0.543616622988	0.326843878697	0.0494196929988	0.0801198053164
-bai	0.205776717597	0.269415976139	0.0573021926512	0.467505113613
-hok	0.676416028025	0.196370671698	0.0256235320463	0.101589768231
-bad	0.047619047619	0.857142857143	0.047619047619	0.047619047619
-ekh	0.0	1.0	0.0	0.0
-bab	0.0583513523812	0.0182240701426	0.00286681590381	0.920557761572
-hor	0.0843091334895	0.289617486339	0.56049960968	0.0655737704918
-gso	0.0	0.0279870828848	0.972012917115	0.0
-bay	0.535348967418	0.241833021082	0.0599091241898	0.16290888731
-gse	0.505263157895	0.273684210526	0.0	0.221052631579
-ra'	0.261105997491	0.160307341762	0.112388716257	0.46619794449
-bat	0.202575022197	0.404450306809	0.0867930189552	0.306181652039
-bau	0.12358029777	0.517212970046	0.359206732184	0.0
-bar	0.205345624955	0.48497025109	0.221976300139	0.0877078238159
-bas	0.351742696341	0.472410168852	0.119042582833	0.0568045519741
-pet	0.235180795054	0.51371986277	0.190842694877	0.0602566472987
-ase	0.188677776883	0.294334642056	0.254013929655	0.262973651406
-nya	0.296704099778	0.618761123641	0.0306056308635	0.0539291457169
-mbu	0.587864853413	0.230014423357	0.0625235235293	0.119597199701
-asa	0.229511422363	0.540897157443	0.115930973424	0.113660446769
-nye	0.559727097905	0.324144542307	0.0374117754427	0.0787165843447
-nyi	0.0655737704918	0.934426229508	0.0	0.0
-nyo	0.5	0.219298245614	0.122807017544	0.157894736842
-asi	0.359296482412	0.434673366834	0.0452261306532	0.160804020101
-mba	0.287889842292	0.603378799165	0.0383265486502	0.0704048098931
-yek	0.628183029068	0.22843375382	0.0940217817128	0.0493614353992
-opo	0.602724177071	0.237230419977	0.119182746879	0.0408626560726
-yem	0.135842880524	0.309328968903	0.510638297872	0.0441898527005
-yel	0.0661778529799	0.904042113179	0.0297800338409	0.0
-mbi	0.244098551872	0.189094605806	0.063091972002	0.50371487032
-lta	0.0	1.0	0.0	0.0
-po'	0.26405215338	0.60967096145	0.0408603254453	0.0854165597249
-ba'	0.367839943648	0.211576823624	0.133103291721	0.287479941007
-rat	0.34397151483	0.477543691298	0.104046185547	0.0744386083247
-tol	0.0247167868177	0.814624098867	0.160659114315	0.0
-ras	0.685942387636	0.110346275478	0.0854462654485	0.118265071437
-rap	0.196597937043	0.609074309945	0.161637102973	0.0326906500394
-ran	0.128948506203	0.683075582027	0.039435939943	0.148539971827
-rao	0.0379776328052	0.93825722274	0.00489282385834	0.0188723205964
-iwa	0.0576923076923	0.846153846154	0.0384615384615	0.0576923076923
-ram	0.22743403021	0.29359893928	0.442818575377	0.0361484551328
-rak	0.343979779412	0.384650735294	0.21875	0.0526194852941
-iwe	0.159396012815	0.829352503928	0.0112514832575	0.0
-ero	0.160947344734	0.145758325833	0.190369036904	0.502925292529
-era	0.127881134173	0.196405309314	0.0492812570849	0.626432299428
-rae	0.289632116918	0.515517062852	0.0284750676745	0.166375752555
-rab	0.0	0.974522292994	0.0	0.0254777070063
-ere	0.342027791824	0.325885822997	0.14364402533	0.188442359849
-gen	0.0923320784625	0.853774519516	0.0297206261145	0.0241727759065
-ugu	0.774048871018	0.225951128982	0.0	0.0
-poy	0.0383271783611	0.940413214892	0.0161692783711	0.00509032837609
-por	0.432672149653	0.410578938881	0.0980487018223	0.0587002096436
-luy	0.760416666667	0.177083333333	0.0625	0.0
-pot	0.584159043239	0.258214672713	0.075508607767	0.0821176762806
-pok	0.128511235955	0.330758426966	0.481741573034	0.0589887640449
-pon	0.628590933564	0.12497755416	0.0398925795355	0.20653893274
-uga	0.312882046638	0.22028526149	0.416572334163	0.0502603577089
-aza	0.439688715953	0.356031128405	0.145914396887	0.0583657587549
-ugi	0.491770373344	0.387796065837	0.0	0.120433560819
-to'	0.19423734315	0.0540077780775	0.0458548476783	0.705900031094
-ike	0.00779220779221	0.992207792208	0.0	0.0
-ika	0.0525918470056	0.526170105687	0.411424257675	0.00981378963261
-ri'	0.575254465813	0.130053380519	0.0395724992028	0.255119654465
-lal	0.44427244582	0.193498452012	0.278637770898	0.0835913312693
-lam	0.244530124959	0.652343568542	0.0174664374971	0.0856598690017
-nor	0.0676529498233	0.866929140627	0.0336975302805	0.0317203792691
-nos	0.772087067862	0.224071702945	0.0	0.00384122919334
-not	0.285478547855	0.546204620462	0.113861386139	0.0544554455445
-lai	0.347009449322	0.552891671065	0.0474978997376	0.0526009798747
-lak	0.532313021836	0.357345980762	0.0317713377733	0.0785696596285
-lat	0.624384236453	0.247536945813	0.0689655172414	0.0591133004926
-uja	0.0704343451283	0.854100285091	0.0654033204762	0.010062049304
-fos	0.0	1.0	0.0	0.0
-lap	0.224747474747	0.585858585859	0.0909090909091	0.0984848484848
-nom	0.60595703125	0.348876953125	0.027587890625	0.017578125
-lar	0.190406808947	0.561322494712	0.127350008581	0.12092068776
-las	0.0563036082598	0.360099794209	0.125242351289	0.458354246242
-ppa	0.680195415257	0.210984055403	0.053148655178	0.0556718741611
-nca	0.0731826491328	0.478757908393	0.057243709089	0.390815733385
-lay	0.330882352941	0.269117647059	0.285294117647	0.114705882353
-ppe	0.233848314607	0.277387640449	0.320224719101	0.168539325843
-ahi	0.287539936102	0.476038338658	0.191693290735	0.0447284345048
-dos	0.0	1.0	0.0	0.0
-gem	0.318790012469	0.203271199405	0.0465218621318	0.431416925995
-gel	0.140199267995	0.57106547377	0.280805205368	0.00793005286703
-lo'	0.0391536195815	0.266817971225	0.333216158489	0.360812250704
-aha	0.525745257453	0.392953929539	0.0650406504064	0.0162601626017
-pya	0.153846153846	0.410256410256	0.282051282051	0.153846153846
-dod	0.0188679245283	0.981132075472	0.0	0.0
-ro'	0.501233518229	0.12119005678	0.0649117768768	0.312664648114
-ke'	0.108015845739	0.487556163933	0.264625539869	0.139802450459
-aka	0.0615938356823	0.82938507516	0.0951966949267	0.0138243942309
-ges	0.638029509894	0.320347474715	0.0370615890466	0.0045614263442
-ger	0.722302602222	0.177902041981	0.0739025067247	0.0258928490715
-gep	0.595702446075	0.16988967965	0.063713203681	0.170694670594
-dok	0.0	1.0	0.0	0.0
-get	0.337353698651	0.38725552694	0.0963867710433	0.179004003366
-sas	0.110091743119	0.605504587156	0.266055045872	0.0183486238532
-sar	0.150001618169	0.655378802764	0.0537911224947	0.140828456573
-dda	0.161651638975	0.562804097188	0.0425110035395	0.233033260297
-la'	0.330737015459	0.0754997439219	0.0120780591591	0.58168518146
-sau	0.0936037441498	0.800312012481	0.00936037441497	0.0967238689548
-ton	0.53258865645	0.219924967135	0.0705634473069	0.176922929108
-say	0.0	1.0	0.0	0.0
-mpe	0.020767778477	0.972938955318	0.00314663310258	0.00314663310258
-tok	0.257016814782	0.259638130554	0.362508790998	0.120836263666
-mpa	0.438103234209	0.273348463393	0.0365220399515	0.252026262447
-don	0.0	1.0	0.0	0.0
-tot	0.183530631643	0.216624902791	0.404389527348	0.195454938218
-tor	0.574360972999	0.231454451888	0.0556909661384	0.138493608975
-tos	0.462874537771	0.0703972231948	0.026381510609	0.440346728425
-sae	0.215067281278	0.224084679735	0.352184507458	0.20866353153
-olo	0.0774198367145	0.155712980678	0.0927314407846	0.674135741823
-sak	0.547859472601	0.267394417899	0.138529493182	0.0462166163179
-ola	0.518892824172	0.204782091823	0.0473007093323	0.229024374673
-san	0.248382140578	0.429456521945	0.0732567252412	0.248904612236
-sam	0.0	1.0	0.0	0.0
-no'	0.141984347009	0.786617809924	0.027585530276	0.0438123127913
-lon	0.082373782108	0.765279007972	0.0230292294066	0.129317980514
-ima	0.0	0.830282861897	0.169717138103	0.0
-dom	0.00478468899521	0.995215311005	0.0	0.0
-rop	0.148148148148	0.796296296296	0.037037037037	0.0185185185185
-lok	0.386438068485	0.518431234849	0.0240662835689	0.0710644130974
-ros	0.298354863981	0.080780940385	0.028700019969	0.592164175665
-ge'	0.00843836926505	0.953448329554	0.0227132772718	0.0154000239087
-oko	0.212854261756	0.53727842055	0.14758518204	0.102282135654
-wel	0.0102739726027	0.989726027397	0.0	0.0
-oce	0.126338587414	0.444110215377	0.429551197209	0.0
-aop	0.668247467127	0.331752532873	0.0	0.0
-oco	0.693065244153	0.18814115716	0.0794009027493	0.0393926959376
-lor	0.139830508475	0.786016949153	0.0254237288135	0.0487288135593
-co'	0.6188858472	0.324610074376	0.0453362135113	0.0111678649119
-lop	0.658109924736	0.189170212948	0.102372654959	0.0503472073568
-rok	0.70220771985	0.275035026915	0.00337979008431	0.01937746315
-mar	0.103815137696	0.777957157105	0.0815637210859	0.0366639841134
-gna	0.552447552448	0.363636363636	0.0839160839161	0.0
-gla	0.706463878327	0.0574144486692	0.0239543726236	0.21216730038
-kke	0.169811320755	0.301886792453	0.452830188679	0.0754716981132
-ipa	0.0195903829029	0.976847729297	0.00356188780054	0.0
-ham	0.637992831541	0.227598566308	0.0752688172043	0.0591397849462
-sap	0.388493475682	0.538849347568	0.020759193357	0.0518979833926
-ewa	0.280762112139	0.556145890038	0.113707131192	0.0493848666303
-zba	0.00240480961924	0.991583166333	0.0	0.00601202404808
-rdi	0.0	0.729166666667	0.270833333333	0.0
-ewi	0.0346780481799	0.943160832273	0.0184675996224	0.00369351992449
-awi	0.0700473350173	0.859247309545	0.0513680456794	0.0193373097578
-awa	0.285412262156	0.663847780127	0.0	0.0507399577167
-har	0.192938209332	0.597730138714	0.00756620428751	0.201765447667
-mam	0.0138352117131	0.937662477918	0.0279635586617	0.0205387517067
-rus	0.0325838852252	0.834352751492	0.00513224314178	0.127931120141
-ddi	0.257715839712	0.029369893782	0.00383357062993	0.709080695876
-nge	0.598087528451	0.177281344002	0.0531616231599	0.171469504387
-stu	0.0	0.875862068965	0.124137931035	0.0
-bit	0.219878826277	0.29914878224	0.149649232194	0.331323159289
-sto	0.249454461927	0.408521878948	0.275869989663	0.0661536694613
-ste	0.00962231485403	0.963040568934	0.00190712546656	0.0254299907451
-glo	0.178947368421	0.198496240601	0.487218045113	0.135338345865
-sta	0.240266842205	0.650793099871	0.0972260732002	0.0117139847229
-sso	0.209965991424	0.727931391394	0.0133077036818	0.0487949134999
-oli	0.037037037037	0.962962962963	0.0	0.0
-ssa	0.20322162621	0.491802646889	0.121469201045	0.183506525856
-jun	0.0894117647059	0.891764705882	0.0188235294117	0.0
-sse	0.181034554694	0.748203840152	0.0301237493637	0.0406378557898
-hyu	0.0181818181818	0.872727272727	0.0	0.109090909091
-eyo	0.301507537688	0.070351758794	0.447236180905	0.180904522613
-isa	0.0324914435513	0.499115414613	0.0181623927585	0.450230749077
-hya	0.0403870364804	0.853282696755	0.00903601010748	0.0972942566572
-lek	0.667926173521	0.237610812382	0.029792181369	0.0646708327279
-ois	0.0	1.0	0.0	0.0
-ion	0.0544554455445	0.707920792079	0.0148514851485	0.222772277228
-len	0.715359140232	0.158658775347	0.0733982578799	0.0525838265409
-lea	0.0112492062052	0.970153315794	0.0142429465663	0.00435453143427
-sad	0.0	1.0	0.0	0.0
-leg	0.0	1.0	0.0	0.0
-mus	0.0453091684435	0.898720682303	0.00399786780384	0.05197228145
-lep	0.247176508551	0.258470474347	0.465311390771	0.0290416263311
-ema	0.65229631403	0.0702301502981	0.0561852770465	0.221288258626
-les	0.750182203146	0.127862825968	0.0495077934768	0.0724471774098
-yo'	0.483790523691	0.471321695761	0.0	0.0448877805486
-iot	0.0201342281879	0.96644295302	0.0134228187919	0.0
-fta	0.0	1.0	0.0	0.0
-rra	0.226733364821	0.514938247271	0.0881219601293	0.170206427779
-pe'	0.130051474377	0.0446273387098	0.0420428190072	0.783278367906
-lja	0.0952256033578	0.559024134313	0.327649527807	0.0181007345226
-rre	0.281072298944	0.645004061738	0.0353371242892	0.0385865150285
-bka	0.164429530201	0.654362416107	0.120805369128	0.0604026845637
-rri	0.699059561129	0.213166144201	0.0407523510971	0.0470219435736
-rro	0.443569441472	0.0751836792924	0.0187174548827	0.462529424353
-gir	0.205860534125	0.287091988131	0.135756676558	0.371290801187
-ole	0.183011400035	0.0968800531541	0.0648708893075	0.655237657504
-ndi	0.18691588785	0.607476635514	0.0934579439252	0.11214953271
-alo	0.372434017595	0.258064516129	0.0527859237537	0.316715542522
-top	0.587199060482	0.269054609513	0.045096887845	0.0986494421609
-ali	0.731060006048	0.0749391587345	0.021427645695	0.172573189522
-sal	0.283933518006	0.547091412742	0.0124653739612	0.156509695291
-gia	0.0961158657011	0.747202106649	0.0460829493087	0.110599078341
-ala	0.319263155554	0.388059577793	0.120124525985	0.172552740668
-rot	0.377046189835	0.0928840076616	0.0512385786257	0.478831223878
-lah	0.0272064069807	0.73531847449	0.00828132649189	0.229193792038
-yos	0.919061822126	0.0167028199566	0.00195227765727	0.0622830802603
-yor	0.0530973451327	0.946902654867	0.0	0.0
-yow	0.0	1.0	0.0	0.0
-yot	0.23024348569	0.604300156628	0.0606578385306	0.104798519151
-yon	0.0597070972588	0.927900863688	0.00337964701465	0.00901239203903
-yom	0.648466257669	0.323926380368	0.00368098159509	0.0239263803681
-yol	0.0	0.956678700361	0.0216606498195	0.0216606498195
-iel	0.0	1.0	0.0	0.0
-lsu	0.044174360173	0.125160687157	0.695337150871	0.1353278018
-pel	0.0165615141956	0.900630914827	0.0828075709779	0.0
-pen	0.590473506201	0.260146561443	0.1099210823	0.0394588500563
-loi	0.0	0.980769230769	0.0192307692308	0.0
-pek	0.617708333333	0.108333333333	0.209375	0.0645833333334
-ogi	0.150056793596	0.102025638252	0.711001730852	0.0369158372999
-iyo	0.0	1.0	0.0	0.0
-eli	0.0131004366812	0.973799126638	0.0	0.0131004366812
-elo	0.616494845361	0.241237113402	0.0989690721649	0.0432989690721
-per	0.595374285004	0.285003730415	0.0701318080079	0.049490176573
-pes	0.540361223738	0.331367489864	0.106155547365	0.0221157390343
-oga	0.29264216285	0.339431261049	0.0393074917604	0.328619084341
-obu	0.346691519105	0.474370922647	0.156570363467	0.022367194781
-iya	0.328471013893	0.254515153124	0.0446873528276	0.372326480155
-ele	0.79614386961	0.0784297706338	0.042687036621	0.0827393231347
-kte	0.342368913146	0.532100886328	0.0691275065752	0.0564026939508
-cco	0.425621414914	0.304397705545	0.240152963671	0.02982791587
-abu	0.919879351955	0.0492659053484	0.00214014597673	0.0287145967196
-cca	0.423827095414	0.394306800211	0.0859251449657	0.0959409594096
-hu'	0.298905238904	0.564470245058	0.0932384101817	0.0433861058563
-cce	0.0398746656775	0.610355699588	0.320534720731	0.0292349140035
-ter	0.262079805369	0.434744605441	0.231323782488	0.0718518067024
-sye	0.0748299319728	0.526077097506	0.0	0.399092970522
-roy	0.483333333333	0.466666666667	0.0333333333333	0.0166666666667
-jan	0.263450278446	0.301362579836	0.151253859734	0.283933281984
-uta	0.070122565165	0.0851812537758	0.80228815613	0.0424080249294
-esa	0.631334488546	0.250912416643	0.0658654900831	0.0518876047278
-ese	0.470233609646	0.372268274303	0.0308967596081	0.126601356443
-ita	0.0	1.0	0.0	0.0
-spa	0.201405719825	0.259331071255	0.448376151236	0.090887057683
-ko'	0.0658675184403	0.0468574799419	0.0308410191164	0.856433982501
-yar	0.344799137638	0.143460566713	0.447719524904	0.0640207707436
-ae'	0.123762376238	0.431683168317	0.436633663366	0.00792079207919
-fah	0.0606060606061	0.742424242424	0.19696969697	0.0
-fan	0.0357142857143	0.892857142857	0.0	0.0714285714286
-fas	0.0222623345367	0.968110709988	0.0	0.0096269554753
-uda	0.528287621032	0.42721135671	0.0263549743471	0.0181460479111
-fat	0.038300094783	0.961699905217	0.0	0.0
-o'a	0.60810801204	0.228927002868	0.0649312057373	0.098033779355
-so'	0.657637170119	0.0540583372448	0.0273078763883	0.260996616248
-udi	0.0290603168218	0.753467942436	0.125035375235	0.0924363655075
-o'e	0.303079333383	0.239223517062	0.25027723077	0.207419918784
-or'	0.0859745282924	0.817304127379	0.096721344329	0.0
-hum	0.0	1.0	0.0	0.0
-nju	0.291666666667	0.395833333333	0.0	0.3125
-huh	0.555555555555	0.444444444445	0.0	0.0
-huk	0.0636886333481	0.842105263158	0.0827067669173	0.0114993365767
-hud	0.0	1.0	0.0	0.0
-ksa	0.588333560757	0.246854312166	0.0868346296504	0.077977497426
-rik	0.122448979592	0.755102040816	0.0816326530612	0.0408163265306
-ela	0.421511627907	0.5	0.0610465116279	0.0174418604651
-aba	0.0615190078857	0.117737766832	0.0298457558932	0.790897469389
-nja	0.475485661425	0.0999074930619	0.013876040703	0.41073080481
-hut	0.947087742688	0.0264561286559	0.00562453128905	0.0208315973669
-lot	0.228141285466	0.701795020266	0.0700636942676	0.0
-nji	0.403573707722	0.517804722399	0.0200382897256	0.0585832801531
-hus	0.0208481643446	0.454083189261	0.513627580596	0.0114410657988
-aeb	0.564102564103	0.391941391941	0.043956043956	0.0
-nci	0.636612461761	0.340202865883	0.0231846723555	0.0
-kom	0.301701922264	0.613447394758	0.0297152373083	0.0551354456695
-oci	0.558823529412	0.441176470588	0.0	0.0
-kon	0.478748763259	0.33012125814	0.0628839649341	0.128246013667
-rit	0.117562380038	0.856525911708	0.0201535508637	0.00575815738965
-sos	0.0491803278688	0.950819672131	0.0	0.0
-aen	0.086075319808	0.302978203432	0.147303748308	0.463642728452
-som	0.116089613035	0.566191446029	0.28716904277	0.030549898167
-sol	0.775485436893	0.0364077669903	0.0618932038835	0.126213592233
-los	0.147507454227	0.618516054311	0.190606441438	0.0433700500234
-son	0.155579399142	0.744635193133	0.0423819742489	0.0574034334764
-kop	0.189528795811	0.144886561955	0.263001745201	0.402582897033
-sok	0.116978066613	0.629569455727	0.0194963444354	0.233956133225
-kor	0.380176201918	0.418028587715	0.0532285646254	0.148566645742
-gi'	0.36727799457	0.0701710504444	0.0463284706776	0.516222484308
-ora	0.614790103692	0.314784359295	0.0397964070712	0.0306291299416
-ore	0.526111944925	0.225227942426	0.0675987830304	0.181061329618
-tna	0.0	0.6875	0.3125	0.0
-lit	0.960784313725	0.0392156862745	0.0	0.0
-tri	0.0333333333333	0.9	0.0666666666667	0.0
-dus	0.193965517241	0.644396551724	0.0258620689655	0.135775862069
-rut	0.0298062593145	0.756582215599	0.213611525087	0.0
-lis	0.0530112184425	0.897783496747	0.0310817913261	0.0181234934846
-lim	0.00232908617619	0.985705804448	0.0011417089099	0.0108234004658
-ipi	0.00571973307912	0.982840800763	0.00571973307912	0.00571973307913
-run	0.0610287707062	0.711130485324	0.22784074397	0.0
-lik	0.625	0.166666666667	0.180555555556	0.0277777777778
-rub	0.128342245989	0.679144385027	0.0802139037433	0.112299465241
-oma	0.279641678114	0.270548248285	0.11785579127	0.331954282331
-rug	0.0	1.0	0.0	0.0
-lib	0.627488009271	0.354753908388	0.00321898773566	0.014539094606
-odu	0.394419235658	0.0289153928729	0.0198454983108	0.556819873158
-teb	0.0699523052464	0.219395866455	0.572337042925	0.138314785374
-abi	0.108045429604	0.155193655592	0.0133762643779	0.723384650426
-wa'	0.062040735809	0.0931104206736	0.205109237067	0.639739606451
-oda	0.596963398051	0.232279795015	0.0876060386806	0.0831507682538
-rne	0.0590364800891	0.252018936229	0.654692286271	0.0342522974102
-adu	0.580886586068	0.32469775475	0.00690846286702	0.0875071963155
-ten	0.126979174314	0.473594694467	0.0590815652302	0.340344565989
-rna	0.181290344616	0.246149117115	0.510536562041	0.0620239762287
-du'	0.783272032526	0.192970635605	0.0194378169836	0.00431951488526
-ao'	0.0139480821387	0.489732661759	0.256102285936	0.240216970166
-rni	0.0	1.0	0.0	0.0
-zer	0.0	1.0	0.0	0.0
-uri	0.380784450965	0.492691199828	0.091797453361	0.0347268958462
-met	0.426991796748	0.491734324402	0.0246748396729	0.0565990391767
-ura	0.821845174974	0.0710498409332	0.0434782608696	0.0636267232237
-hna	0.0109600786591	0.944609197705	0.0374306257776	0.00700009785784
-e'e	0.75881371595	0.166882628268	0.0253387492416	0.04896490654
-li'	0.126984126984	0.84126984127	0.0	0.031746031746
-ru'	0.0363545433561	0.818227283219	0.0	0.145418173425
-dup	0.0524017467248	0.947598253275	0.0	0.0
-dur	0.530401034929	0.126778783959	0.00776196636481	0.335058214748
-pak	0.0	0.834101382488	0.0	0.165898617512
-pal	0.103490792958	0.811008024579	0.00424473955491	0.0812564429083
-mes	0.45558739255	0.439623413835	0.0343839541547	0.0704052394597
-pan	0.153175008512	0.37639030757	0.263307229599	0.207127454318
-ape	0.0366182796885	0.0326937020394	0.00178688015211	0.92890113812
-mer	0.0984654537743	0.210034387166	0.425946404496	0.265553754563
-pae	0.769230769231	0.17975708502	0.017004048583	0.034008097166
-wab	0.361586031284	0.40742088032	0.0242512428762	0.20674184552
-kol	0.476723897599	0.353487906747	0.0436798271175	0.126108368537
-wan	0.389512329841	0.385249005462	0.0655320002324	0.159706664465
-par	0.188110990422	0.10631644778	0.702083539054	0.00348902274448
-wal	0.593131730103	0.388966591077	0.00697056520421	0.0109311136157
-pat	0.291908312621	0.387738193869	0.206020436343	0.114333057166
-dum	0.0288079470199	0.952317880795	0.00198675496689	0.0168874172185
-dun	0.068661971831	0.799295774648	0.110915492958	0.0211267605634
-wah	0.142530353686	0.608041527362	0.150448706669	0.0989794122822
-aro	0.579710144928	0.173913043478	0.101449275362	0.144927536232
-ken	0.133004856798	0.100088251677	0.17704833981	0.589858551715
-kem	0.901639344262	0.0	0.0	0.0983606557377
-kel	0.396626890141	0.416635229313	0.108111404526	0.0786264760192
-sus	0.0959749630531	0.804398852473	0.0709380161697	0.0286881683039
-sop	0.201388888889	0.703703703704	0.0810185185185	0.0138888888889
-sun	0.0666666666666	0.853333333333	0.08	0.0
-sul	0.0715798122807	0.81435862592	0.0223588155358	0.091702746263
-kes	0.152565105622	0.628367050408	0.153123952163	0.0659438918073
-tun	0.00315126050421	0.922619047619	0.0735294117647	0.000700280112043
-kep	0.804791873689	0.140443855581	0.0256155459865	0.0291487247433
-sor	0.0496774193548	0.46935483871	0.442903225806	0.0380645161291
-nus	0.0552160312407	0.849495543538	0.00931916139084	0.0859692638305
-t'a	0.416961130742	0.498233215548	0.0424028268551	0.0424028268551
-i'a	0.669237777792	0.259775103623	0.0406507431208	0.0303363754633
-fes	0.135593220339	0.796610169492	0.0677966101695	0.0
-aep	0.0356763644086	0.794860904651	0.133786366532	0.0356763644085
-dil	0.0338653785572	0.22629423501	0.507980678358	0.231859708075
-pso	0.1006088123	0.674698173563	0.186771231039	0.0379217830977
-din	0.247838616715	0.561959654179	0.118155619596	0.0720461095101
-kto	0.264112566102	0.149747611981	0.000979767155072	0.585160054763
-ti'	0.324707416077	0.590175105923	0.0567449853338	0.0283724926669
-kma	0.0819539765845	0.852644327816	0.036334275333	0.0290674202664
-dir	0.595547309833	0.26159554731	0.0723562152134	0.0705009276438
-dis	0.0	1.0	0.0	0.0
-fek	0.212765957447	0.673114119923	0.0967117988394	0.0174081237911
-oro	0.770173230678	0.0813221794492	0.012807225348	0.135697364525
-ska	0.00454947554657	0.985087830153	0.00151649184886	0.00884620245168
-'om	0.0339792888145	0.762278230412	0.199744917384	0.00399756338994
-kos	0.131480366318	0.840834617219	0.0122001767462	0.0154848397163
-uku	0.0636154289004	0.859815774324	0.0477835348301	0.0287852619459
-'on	0.725923539519	0.110273482245	0.0265249140894	0.137278064147
-uka	0.601092896175	0.148907103825	0.225409836065	0.0245901639344
