-eur	0.0	1.0	0.0	0.0
-eum	0.00479041916168	0.995209580838	0.0	0.0
-iva	0.0232558139535	0.976744186047	0.0	0.0
-rba	0.0	0.968253968254	0.031746031746	0.0
-eun	0.0	1.0	0.0	0.0
-700	0.0357142857143	0.10119047619	0.0	0.863095238095
-rbe	0.0101522842639	0.989847715736	0.0	0.0
-zek	0.0	0.944444444444	0.0555555555557	0.0
-ivi	0.0	1.0	0.0	0.0
-bma	0.0	1.0	0.0	0.0
-aut	0.0909090909091	0.818181818182	0.0	0.090909090909
-lāñ	0.333333333333	0.333333333333	0.0	0.333333333333
-auk	1.0	0.0	0.0	0.0
-zem	0.0	1.0	0.0	0.0
-aul	0.000662289794978	0.995047224142	0.00155494125777	0.00273554480534
-atō	0.36	0.352	0.256	0.032
-ijō	0.031914893617	0.877659574468	0.0904255319148	0.0
-let	0.0	1.0	0.0	0.0
-nọk	0.152091254753	0.726235741445	0.0988593155894	0.0228136882129
-eck	0.081081081081	0.756756756757	0.162162162162	0.0
-ido	0.0	1.0	0.0	0.0
-ech	0.0	1.0	0.0	0.0
-idi	0.780952380952	0.142857142857	0.0761904761904	0.0
-rpa	0.0	0.666666666667	0.333333333333	0.0
-lām	0.464601769911	0.429203539823	0.0	0.106194690265
-ide	0.184466019417	0.708737864078	0.106796116505	0.0
-kaṇ	0.374628344896	0.297324083251	0.151635282458	0.176412289395
-lāj	0.0951360617099	0.24491107778	0.607242339833	0.0527105206771
-ida	0.0	1.0	0.0	0.0
-ūte	0.653475935829	0.166488413547	0.0281639928699	0.151871657754
-ūta	0.00980739715502	0.939372453951	0.0436874964177	0.00713265247636
-ṃūṇ	1.0	0.0	0.0	0.0
-tla	0.0	1.0	0.0	0.0
-idu	0.013679611254	0.938986211496	0.0270189336709	0.0203152435788
-ūti	0.613969794931	0.117098587144	0.0259132490146	0.24301836891
-tle	0.475609756097	0.524390243903	0.0	0.0
-uta	0.0	1.0	0.0	0.0
-ute	0.0904977375565	0.909502262443	0.0	0.0
-utu	0.711562897078	0.171537484117	0.0825921219821	0.0343074968234
-ziz	0.0	1.0	0.0	0.0
-ōmi	0.187513434197	0.665256629919	0.0614839967911	0.0857459390933
-pha	0.0	1.0	0.0	0.0
-eār	0.0	1.0	0.0	0.0
-pōs	0.0	0.986394557823	0.0136054421769	0.0
-āmi	0.123711340206	0.742268041237	0.0515463917525	0.0824742268041
-num	0.25	0.5	0.25	0.0
-piḷ	0.0140073081608	0.964677222899	0.00487210718636	0.016443361754
-eāl	0.818181818182	0.181818181818	0.0	0.0
-nuk	0.160362687267	0.797966283115	0.0255959791044	0.0160750505133
-ñūṃ	0.0934579439252	0.691588785047	0.0280373831776	0.18691588785
-aṃa	0.0454545454545	0.954545454545	0.0	0.0
-aṃo	0.130301661396	0.641519851428	0.209506600412	0.0186718867641
-ije	0.309232590255	0.486804322571	0.0363867517152	0.167576335459
-ija	0.0137939453125	0.981079101563	0.002197265625	0.0029296875
-kek	0.52691309987	0.38878080415	0.0599870298313	0.0243190661479
-ijo	0.0220613761334	0.134012292495	0.00625956697467	0.837666764397
-iji	0.69710467706	0.19710467706	0.0757238307349	0.0300668151448
-iju	0.00873090115372	0.988774555659	0.0	0.00249454318678
-845	0.0	0.2	0.0	0.8
-zia	0.0	1.0	0.0	0.0
-iai	0.0	1.0	0.0	0.0
-284	0.0	0.0	0.0	1.0
-288	0.0	0.0	0.0	1.0
-daṃ	0.75	0.25	0.0	0.0
-245	0.0	0.15625	0.1875	0.65625
-mōs	0.0135467980296	0.979064039409	0.00492610837439	0.00246305418719
-mōr	0.0	0.991416309013	0.00858369098712	0.0
-mōm	0.0	1.0	0.0	0.0
-mōn	0.00520471894518	0.994014573213	0.000520471894517	0.000260235947259
-lpa	0.0203703703704	0.951851851852	0.0277777777778	0.0
-mōj	0.0	1.0	0.0	0.0
-iañ	0.326086956522	0.195652173913	0.347826086956	0.130434782609
-ofa	0.0	1.0	0.0	0.0
-067	0.0	0.25	0.0	0.75
-kpā	0.0	0.0	1.0	0.0
-322	0.0	0.25	0.0	0.75
-piọ	0.0211059518784	0.480793583791	0.48965808358	0.00844238075137
-ñōt	0.682926829268	0.317073170732	0.0	0.0
-pod	0.00706297822248	0.992937021778	0.0	0.0
-ikū	0.173566878981	0.0835987261146	0.0573248407643	0.68550955414
-eeṃ	0.0369131449147	0.921624817565	0.00671148089358	0.0347505566268
-667	0.0	0.2	0.0	0.8
-666	0.0	0.2	0.0	0.8
-brọ	0.0	1.0	0.0	0.0
-ade	0.274860624919	0.692726565539	0.0258005963957	0.00661221314663
-052	0.0	0.25	0.0	0.75
-ada	0.021164021164	0.941798941799	0.031746031746	0.005291005291
-ado	0.0	1.0	0.0	0.0
-ikō	0.259842519685	0.614173228347	0.0787401574804	0.0472440944881
-adi	0.0	0.615384615385	0.307692307692	0.0769230769231
-ouk	0.690954773869	0.180904522613	0.100502512563	0.0276381909548
-adu	0.2421875	0.395596590909	0.289772727273	0.0724431818182
-lam	0.0	1.0	0.0	0.0
-ohu	0.0	1.0	0.0	0.0
-sem	0.0	1.0	0.0	0.0
-sel	0.0	1.0	0.0	0.0
-sek	0.0	1.0	0.0	0.0
-oes	0.046511627907	0.883720930233	0.0232558139535	0.046511627907
-sed	0.0	0.894736842105	0.105263157895	0.0
-lba	0.0	1.0	0.0	0.0
-sea	0.0	1.0	0.0	0.0
-oun	0.0285126396237	0.186801881246	0.472957084068	0.311728395062
-uim	0.0	1.0	0.0	0.0
-oha	0.0	1.0	0.0	0.0
-aar	0.461379883884	0.0390588506342	0.0162140748084	0.483347190674
-ses	0.0337773367429	0.964848669898	0.000915995572688	0.000457997786345
-ser	0.0593119810201	0.890865954923	0.0450771055753	0.00474495848161
-sep	0.00204174228675	0.995235934664	0.002722323049	0.0
-aam	0.463101604278	0.31550802139	0.0609625668448	0.160427807487
-lau	0.703703703704	0.287037037037	0.0	0.00925925925928
-ble	0.0217391304348	0.945652173913	0.0217391304348	0.0108695652174
-mao	0.2	0.6	0.2	0.0
-toō	0.142857142857	0.530612244898	0.122448979592	0.204081632653
-bla	0.0	1.0	0.0	0.0
-rōṃ	0.152824633137	0.668124977649	0.0374313064002	0.141619082814
-ōḷō	1.0	0.0	0.0	0.0
-rōṇ	0.038961038961	0.805194805195	0.0974025974026	0.0584415584416
-njọ	0.635460548787	0.267619264488	0.0764260503245	0.0204941363999
-mta	0.0	1.0	0.0	0.0
-uje	0.793733681462	0.193211488251	0.0104438642298	0.00261096605744
-uul	0.043438077634	0.0323475046211	0.0452865064694	0.878927911276
-uun	0.299306625578	0.423728813559	0.0439137134052	0.233050847458
-lar	0.157894736842	0.763157894737	0.0789473684211	0.0
-uuk	0.785714285714	0.115925058548	0.0175644028103	0.0807962529273
-uuj	0.0560268646165	0.931247790739	0.0108695652174	0.00185577942736
-las	0.00844475721324	0.985925404645	0.00562983814216	0.0
-500	0.045766590389	0.171624713959	0.0686498855836	0.713958810069
-uji	0.746310331073	0.224970083765	0.0167530913442	0.0119664938173
-uut	0.0	0.75	0.25	0.0
-uur	0.453488372093	0.448121645796	0.0760286225403	0.0223613595707
-zon	0.0	1.0	0.0	0.0
-kān	0.0346153846153	0.942307692308	0.0	0.023076923077
-kōḷ	0.00795755968169	0.880636604775	0.111405835544	0.0
-ōji	0.617786187323	0.350993377483	0.0198675496689	0.0113528855251
-ōjo	0.0	1.0	0.0	0.0
-zot	0.0	1.0	0.0	0.0
-ōja	0.0888290713324	0.846567967699	0.0201884253028	0.0444145356662
-ōje	0.56853725851	0.297148114075	0.0551977920883	0.0791168353266
-zor	0.0262390670554	0.965014577259	0.0	0.00874635568513
-bod	0.0	1.0	0.0	0.0
-ray	0.0	0.72	0.12	0.16
-rat	0.00829875518672	0.983402489627	0.0	0.00829875518672
-rar	0.335182250396	0.614896988907	0.0451664025357	0.00475435816165
-ras	0.0	1.0	0.0	0.0
-rap	0.0974472160912	0.269145879315	0.0	0.633406904593
-ran	0.0620209839916	0.850745307703	0.0416306116983	0.0456030966067
-eri	0.0180831826401	0.977938517179	0.0	0.00397830018083
-ral	0.0	1.0	0.0	0.0
-ram	0.0338668645325	0.834110663557	0.129319482722	0.00270298918804
-raj	0.0	1.0	0.0	0.0
-rak	0.391647220726	0.389170107102	0.178519715192	0.0406629569796
-ern	0.0	1.0	0.0	0.0
-ero	0.00884955752212	0.990044247788	0.00110619469027	0.0
-era	0.0334646452289	0.787181667468	0.0712371411782	0.108116546124
-iwi	0.0919740933452	0.81503617244	0.0881849716402	0.00480476257441
-rae	0.857555049355	0.0864085041761	0.0227790432802	0.033257403189
-erd	0.117162074203	0.87502712085	0.00520720329789	0.00260360164895
-ere	0.486934463827	0.393112794496	0.0995204670234	0.0204322746543
-ñwe	0.0	1.0	0.0	0.0
-oza	0.0	1.0	0.0	0.0
-oze	0.0	1.0	0.0	0.0
-ozi	0.0	1.0	0.0	0.0
-iōṃ	0.185261704387	0.749724095005	0.0241645701374	0.0408496304703
-jib	0.0	0.857142857143	0.142857142857	0.0
-aza	0.0	1.0	0.0	0.0
-ike	0.669196008575	0.2419685683	0.0735668347754	0.0152685883496
-ika	0.00462962962963	0.993055555556	0.00231481481481	0.0
-iko	0.0114702815433	0.978102189781	0.00834202294057	0.00208550573514
-nor	0.0	1.0	0.0	0.0
-not	0.0384615384615	0.730769230769	0.230769230769	0.0
-ḷot	0.601983494001	0.378597683612	0.0194188223871	0.0
-iki	0.590247353969	0.201797382626	0.0256629284334	0.182292334972
-noi	1.0	0.0	0.0	0.0
-iku	0.0	1.0	0.0	0.0
-nok	0.173493975904	0.804819277109	0.00722891566264	0.0144578313253
-iāñ	0.186046511628	0.511627906977	0.093023255814	0.209302325581
-nom	0.0	0.976744186047	0.0232558139535	0.0
-non	0.011273957159	0.922209695603	0.0665163472379	0.0
-noa	0.00234741784038	0.99765258216	0.0	0.0
-nob	0.0	1.0	0.0	0.0
-nod	0.0	1.0	0.0	0.0
-noe	0.411290322581	0.367943548387	0.214717741936	0.00604838709677
-ḷañ	0.6	0.0	0.4	0.0
-ṇān	0.236852123783	0.662424539077	0.0397019633436	0.0610213737968
-dod	0.0	1.0	0.0	0.0
-ọne	0.625	0.125	0.0	0.25
-mọk	0.534939759036	0.112289156627	0.241445783132	0.111325301205
-gla	0.0	1.0	0.0	0.0
-tob	0.0	1.0	0.0	0.0
-toa	0.0	1.0	0.0	0.0
-ton	0.0	0.9664	0.0	0.0336
-tom	0.0	1.0	0.0	0.0
-tok	0.786656644229	0.131496375115	0.011293028636	0.07055395202
-toi	0.0	0.916666666667	0.0	0.0833333333333
-ōḷo	0.242642759696	0.351003702982	0.394659910349	0.0116936269733
-tot	0.0	1.0	0.0	0.0
-tou	0.0	1.0	0.0	0.0
-vod	0.0	1.0	0.0	0.0
-tos	0.0	1.0	0.0	0.0
-ōḷe	0.653571428572	0.303571428571	0.0	0.0428571428571
-dol	0.0	1.0	0.0	0.0
-rot	0.10235042735	0.290811965812	0.215811965812	0.391025641026
-cle	0.0	1.0	0.0	0.0
-iek	0.544117647059	0.0294117647059	0.411764705882	0.0147058823529
-iej	0.300749964174	0.333662404662	0.27750266707	0.0880849640941
-iem	0.307692307692	0.413461538461	0.144230769231	0.134615384615
-iel	0.00946771754233	0.984077020497	0.00559456036592	0.000860701594757
-ror	0.15818452381	0.759821428571	0.0700892857143	0.0119047619048
-ien	0.0635428886895	0.666576125814	0.0350761617413	0.234804823755
-ieb	0.0675810973167	0.864837805366	0.0585702843413	0.00901081297557
-ied	0.187800963082	0.600321027287	0.0626003210272	0.149277688603
-roz	0.0	1.0	0.0	0.0
-dok	0.0128617363344	0.974276527331	0.0128617363344	0.0
-rod	0.00824402308326	0.956306677659	0.0338004946414	0.00164880461665
-roe	0.0	1.0	0.0	0.0
-rog	0.0	1.0	0.0	0.0
-roa	0.0	1.0	0.0	0.0
-iep	0.0190735694823	0.929155313352	0.0463215258856	0.00544959128065
-ron	0.00320684126135	0.983965793693	0.0128273650454	0.0
-ier	0.122927872881	0.669783249664	0.0963579308687	0.110930946586
-ñem	0.167259786477	0.555160142349	0.256227758007	0.0213523131673
-ñel	0.00892857142857	0.897321428571	0.0133928571428	0.0803571428571
-ñeo	0.310880829016	0.256476683938	0.0777202072539	0.354922279793
-ñen	0.046511627907	0.93023255814	0.0	0.0232558139535
-iāe	0.75	0.25	0.0	0.0
-hku	0.0	1.0	0.0	0.0
-ḷoñ	0.811724915445	0.103720405862	0.0777903043969	0.00676437429536
-dda	0.0	1.0	0.0	0.0
-iāp	0.629213483146	0.325842696629	0.0374531835206	0.00749063670413
-ḷat	0.0717131474103	0.91235059761	0.0159362549801	0.0
-ḷap	0.16991937654	0.168542261348	0.511470070124	0.150068291988
-rad	0.281762295082	0.464139344262	0.0491803278689	0.204918032787
-875	0.0	0.360655737705	0.0	0.639344262295
-ḷae	0.275862068965	0.103448275862	0.413793103448	0.206896551724
-ḷan	0.0618402335854	0.900875945197	0.0193157146066	0.0179681066108
-ḷam	0.0486111111112	0.902777777778	0.0486111111111	0.0
-ḷal	0.0	0.0	0.6	0.4
-ḷak	0.470588235294	0.323529411765	0.0441176470588	0.161764705882
-ḷaj	0.0754510661564	0.744122471296	0.114816839803	0.0656096227446
-āñe	0.0	0.863636363636	0.136363636364	0.0
-ddo	0.169446297532	0.478541249722	0.28974872137	0.0622637313764
-7.5	0.0	0.0	0.5	0.5
-273	0.217391304348	0.0	0.0	0.782608695652
-toñ	0.170245398773	0.532208588957	0.28527607362	0.0122699386503
-rab	0.373529411765	0.291176470588	0.110294117647	0.225
-roñ	0.541897129828	0.182500912946	0.115006886567	0.160595070659
-raō	0.117647058824	0.764705882353	0.117647058823	0.0
-erō	0.235294117647	0.764705882353	0.0	0.0
-lōt	0.31431163113	0.451170043622	0.221513310775	0.0130050144727
-saf	0.0	1.0	0.0	0.0
-mug	0.0909090909091	0.636363636364	0.181818181818	0.090909090909
-lek	0.026026026026	0.931931931932	0.042042042042	0.0
-lel	0.436544386954	0.545665949654	0.0122085925237	0.00558107086797
-lem	0.0333803770279	0.743066216581	0.0342652114091	0.189288194982
-len	0.223055115083	0.380231608284	0.0342126759886	0.362500600644
-mul	0.0424528301887	0.915094339623	0.0424528301887	0.0
-leb	0.0	1.0	0.0	0.0
-sad	0.0	1.0	0.0	0.0
-led	0.0	1.0	0.0	0.0
-leg	0.0425531914893	0.957446808511	0.0	0.0
-mut	0.0	1.0	0.0	0.0
-lez	0.0	1.0	0.0	0.0
-ece	0.0	1.0	0.0	0.0
-lep	0.0559155841191	0.382704842526	0.0507591037393	0.510620469616
-oin	0.120543698581	0.759508763563	0.0664123047574	0.0535352330989
-oim	0.0408163265306	0.959183673469	0.0	0.0
-ōro	0.127076617902	0.364943759439	0.255505714221	0.252473908437
-oik	0.686492532403	0.153036383973	0.14764129219	0.0128297914336
-sai	0.0289855072464	0.942028985507	0.0289855072464	0.0
-lev	0.0	1.0	0.0	0.0
-muz	0.0	1.0	0.0	0.0
-bke	0.0	1.0	0.0	0.0
-ole	0.578990901572	0.354838709677	0.0165425971878	0.0496277915632
-iaḷ	0.0267902125516	0.949602401928	0.00629757220082	0.0173098133195
-sam	0.106060606061	0.887205387205	0.0	0.00673400673401
-470	0.0	0.294117647059	0.0	0.705882352941
-125	0.222222222222	0.777777777778	0.0	0.0
-urū	0.267818574514	0.30777537797	0.0194384449244	0.404967602592
-120	0.0307692307692	0.0153846153846	0.0	0.953846153846
-650	0.133333333333	0.2	0.0	0.666666666667
-123	0.0	0.0	0.0	1.0
-128	0.0	0.0	0.0	1.0
-yōn	0.0	1.0	0.0	0.0
-kuṃ	0.0279627163782	0.739014647137	0.0892143808255	0.143808255659
-ōkō	0.0520446096654	0.660780669145	0.0371747211896	0.25
-ped	0.238231631382	0.0991282689913	0.021295143213	0.641344956413
-jka	0.6	0.4	0.0	0.0
-peg	0.0	1.0	0.0	0.0
-jke	0.0138884658728	0.951755855389	0.0124874364207	0.0218682423172
-pel	0.109077792229	0.768218582344	0.0841733051536	0.0385303202731
-pem	0.152925961849	0.0842224377627	0.0538312318138	0.709020368574
-pen	0.132202042804	0.280042816733	0.217243820721	0.370511319741
-pei	0.0	1.0	0.0	0.0
-pej	0.181258549932	0.610123119015	0.194938440492	0.0136798905609
-pek	0.0	1.0	0.0	0.0
-pet	0.123919308357	0.755043227666	0.0172910662824	0.103746397694
-pep	0.0210526315789	0.971929824561	0.00701754385966	0.0
-per	0.164054456012	0.728406360828	0.0958700377531	0.0116691454067
-oga	0.0	1.0	0.0	0.0
-jab	0.0852821702544	0.0599358090339	0.0159922084427	0.838789812269
-rid	0.0	1.0	0.0	0.0
-est	0.0416666666666	0.958333333333	0.0	0.0
-ito	0.166666666667	0.0555555555556	0.0	0.777777777778
-720	0.0	0.107142857143	0.0	0.892857142857
-esh	0.0155844155844	0.92012987013	0.0642857142857	0.0
-iti	0.480995162405	0.28403593642	0.0967519004837	0.138217000691
-rib	0.0	1.0	0.0	0.0
-esa	0.0178173719377	0.930957683742	0.0200445434298	0.0311804008909
-ite	0.839024390244	0.0731707317073	0.0780487804879	0.00975609756097
-ita	0.0498721227621	0.942455242967	0.0076726342711	0.0
-spa	0.0	1.0	0.0	0.0
-udu	0.074074074074	0.925925925926	0.0	0.0
-jaj	0.571428571429	0.214285714286	0.214285714286	0.0
-uda	0.00074548052432	0.995527116854	0.0018637013108	0.0018637013108
-udi	0.0526315789475	0.894736842105	0.0526315789473	0.0
-sōs	0.00183131264499	0.971970061715	0.00283625858975	0.0233623670504
-ñōṃ	0.495192307692	0.400641025641	0.0657051282051	0.0384615384615
-joḷ	0.286486486486	0.17027027027	0.421621621622	0.121621621622
-ñon	0.0	1.0	0.0	0.0
-nnū	0.0494905385735	0.854439592431	0.00582241630277	0.0902474526929
-sōn	0.0560978623502	0.923143457309	0.0126034844928	0.00815519584826
-sōl	0.00733496332518	0.955990220049	0.0366748166259	0.0
-aea	0.0	0.0	0.333333333333	0.666666666667
-aek	0.387075104125	0.31344887814	0.00080612656187	0.298669891173
-ñūt	0.62235881675	0.361505954668	0.0115251632731	0.00461006530926
-ael	0.000987810077048	0.993397269485	0.00561492043796	0.0
-aen	0.090909090909	0.909090909091	0.0	0.0
-aer	0.0869574419566	0.144530153498	0.0279719420325	0.740540462513
-aet	0.13408177585	0.172129021284	0.032446684102	0.661342518764
-ted	0.0512927439533	0.610508757298	0.0221017514595	0.316096747289
-tna	0.0	1.0	0.0	0.0
-boṇ	0.0777279521674	0.790732436472	0.119581464873	0.0119581464873
-kra	0.292307692308	0.584615384615	0.0923076923076	0.0307692307692
-ouṃ	0.0	0.9	0.1	0.0
-eap	0.166666666667	0.833333333333	0.0	0.0
-ear	0.511884090092	0.0318515520703	0.00153621761072	0.454728140227
-eat	0.0	0.980198019802	0.019801980198	0.0
-tel	0.0338196286472	0.956233421751	0.00994694960211	0.0
-eaz	0.0	1.0	0.0	0.0
-eda	0.0	1.0	0.0	0.0
-eab	0.105263157895	0.59649122807	0.236842105263	0.0614035087719
-ead	0.030303030303	0.939393939394	0.030303030303	0.0
-rna	0.0	1.0	0.0	0.0
-eai	0.00900090009	0.99099909991	0.0	0.0
-oiō	0.472727272727	0.218181818182	0.0545454545455	0.254545454545
-eam	0.00492175668854	0.971794548208	0.0221479050984	0.00113579000505
-eal	0.0	0.983766233766	0.012987012987	0.00324675324675
-aaṃ	0.0952558805369	0.26285930979	0.0358301935965	0.606054616077
-ean	0.166666666667	0.633333333333	0.2	0.0
-bōb	0.335064935065	0.0701298701298	0.288311688312	0.306493506494
-uri	0.579636977026	0.333883728113	0.0647406809057	0.0217386139555
-ipa	0.0	1.0	0.0	0.0
-bōd	0.228836975634	0.618018923219	0.0971280247843	0.0560160763627
-bōj	0.107001582278	0.379746835443	0.175039556962	0.338212025316
-ura	0.0	1.0	0.0	0.0
-aaḷ	0.333333333333	0.666666666667	0.0	0.0
-bōn	0.0549467462907	0.853834472285	0.0597052063453	0.0315135750785
-ure	0.673574316103	0.223949134582	0.0263746614859	0.0761018878292
-bōl	0.438998957247	0.318561001043	0.223670490094	0.0187695516163
-bōr	0.222707423581	0.427947598253	0.323144104804	0.0262008733624
-bōs	0.0	0.980769230769	0.0192307692308	0.0
-bōp	0.395833333333	0.236111111111	0.368055555556	0.0
-laḷ	0.0182248299317	0.902933234529	0.0368163383506	0.0420255971888
-bōt	0.0156379281814	0.90269733576	0.0719841138507	0.00968062220751
-bōz	0.0	1.0	0.0	0.0
-ōki	0.606255480854	0.22128032739	0.0485238234434	0.123940368313
-ōka	0.0326086956522	0.934782608696	0.0108695652174	0.0217391304348
-ōke	0.564404209776	0.264957252977	0.0397206039803	0.130917933267
-pju	0.0449438202246	0.932584269663	0.0	0.0224719101124
-eañ	0.10117217525	0.615392006149	0.140084550346	0.143351268255
-ewi	0.0711186798038	0.080038924705	0.014272391842	0.834570003649
-iha	0.0	1.0	0.0	0.0
-nni	0.0101936799185	0.964322120285	0.0152905198777	0.0101936799185
-ihu	0.012048192771	0.975903614458	0.00803212851406	0.00401606425701
-kle	0.0335448776065	0.917497733454	0.0435176790571	0.00543970988213
-nna	0.012213740458	0.978625954198	0.00305343511451	0.00610687022902
-kla	0.0	1.0	0.0	0.0
-nne	0.23191606847	0.749152007573	0.0094659619784	0.00946596197839
-epō	0.0	1.0	0.0	0.0
-262	0.5	0.0	0.5	0.0
-260	0.107142857143	0.0714285714286	0.0	0.821428571429
-ṃeo	0.147541406174	0.291759611209	0.0771018354936	0.483597147123
-jja	0.166409861325	0.106317411402	0.657935285054	0.0693374422188
-jje	0.672924338135	0.314209039721	0.00257332442882	0.0102932977152
-3/4	0.0	0.0912408759124	0.0182481751825	0.890510948905
-jjo	0.138335287222	0.101992966002	0.0890973036342	0.670574443142
-jju	0.154619736015	0.179132620993	0.103708359522	0.56253928347
-000	0.0475550501395	0.145869947276	0.0320479685723	0.774527034012
-392	0.0	0.0	0.0	1.0
-390	0.0	0.0	0.0	1.0
-wiō	0.357142857143	0.5	0.142857142857	0.0
-642	0.0	0.0	0.0	1.0
-130	0.0	0.2	0.0	0.8
-648	0.0	0.2	0.0	0.8
-jep	0.349557522124	0.606194690266	0.0353982300885	0.00884955752212
-139	0.0	0.333333333333	0.0	0.666666666667
-138	0.0	0.2	0.0	0.8
-oōṃ	0.181818181818	0.636363636364	0.0	0.181818181818
-iiō	0.0389012901049	0.378817759917	0.0148298591009	0.567451090877
-buz	0.0	1.0	0.0	0.0
-aji	0.761904761905	0.206349206349	0.031746031746	0.0
-aje	0.655760644259	0.0774172758362	0.0652880757596	0.201534004146
-ṃoṇ	0.117431760188	0.750985900972	0.102404825115	0.0291775137253
-aja	0.5	0.0	0.5	0.0
-aju	0.0	1.0	0.0	0.0
-cre	0.0	1.0	0.0	0.0
-mra	0.0	1.0	0.0	0.0
-ldi	0.0	0.777777777778	0.222222222222	0.0
-mre	0.0	1.0	0.0	0.0
-mri	0.0	1.0	0.0	0.0
-lda	0.0	1.0	0.0	0.0
-mro	0.181918109371	0.127232756252	0.0296784830998	0.661170651278
-ñkō	0.3828125	0.59375	0.0078125	0.015625
-sga	0.0	1.0	0.0	0.0
-oje	0.704836579383	0.154699259943	0.124111616596	0.0163525440785
-oji	0.77205408886	0.117836445589	0.0907920154539	0.0193174500966
-ojo	0.111013215859	0.242290748899	0.0229074889868	0.623788546256
-taō	0.21359223301	0.514563106796	0.184466019417	0.0873786407767
-āāl	0.325208530365	0.374060062947	0.293173149971	0.00755825671716
-usi	0.0	0.989010989011	0.00824175824177	0.00274725274725
-ush	0.0	0.890410958904	0.109589041096	0.0
-usa	0.0	0.625	0.375	0.0
-tiṃ	0.428571428571	0.571428571429	0.0	0.0
-הhe	1.0	0.0	0.0	0.0
-iiñ	0.041606435396	0.946816731821	0.00812483173499	0.00345200104803
-epe	0.375490889577	0.553479522892	0.0177086128253	0.0533209747055
-epa	0.0566265060241	0.853012048193	0.0614457831326	0.0289156626506
-epi	0.562737642586	0.163498098859	0.174904942966	0.0988593155894
-ñut	0.603072784872	0.214446499178	0.0421814720286	0.140299243921
-eọr	0.714285714286	0.142857142857	0.0	0.142857142857
-win	0.385641793158	0.131636173557	0.0171741255954	0.465547907689
-wil	0.269955876454	0.558898248429	0.164326781655	0.00681909346169
-wik	0.8	0.2	0.0	0.0
-wij	0.317828279669	0.545777888989	0.104427504565	0.0319663267768
-wie	0.616788321168	0.229927007299	0.113138686131	0.0401459854015
-iur	0.42784952274	0.195395845031	0.195957327344	0.180797304885
-wia	0.212791614955	0.734148657679	0.022660925229	0.0303988021365
-iuk	0.0830502576679	0.859788894596	0.0382309566024	0.0189298911332
-ium	0.0	1.0	0.0	0.0
-jid	0.636363636364	0.181818181818	0.121212121212	0.0606060606062
-wit	0.0111627906977	0.965581395349	0.0213953488372	0.00186046511628
-tañ	0.390243902439	0.609756097561	0.0	0.0
-iza	0.0	1.0	0.0	0.0
-uem	0.167157151265	0.517363154797	0.0370806356681	0.27839905827
-uel	0.00481706617732	0.982796192224	0.00412891386628	0.00825782773254
-ueo	0.109090909091	0.890909090909	0.0	0.0
-jki	0.261682242991	0.359813084112	0.317757009346	0.0607476635514
-ued	0.540983606557	0.303278688525	0.0737704918033	0.0819672131148
-iim	0.258620689655	0.431034482759	0.120689655172	0.189655172414
-iil	0.88090349076	0.0533880903491	0.0287474332649	0.0369609856263
-iio	0.132740081572	0.265850945495	0.485724879496	0.115684093437
-iin	0.0544767269493	0.831096490228	0.0384843439987	0.0759424388242
-eōṃ	0.106	0.665272727273	0.0430909090909	0.185636363636
-iij	0.0	0.450881612091	0.549118387909	0.0
-iie	0.13605691305	0.219642869253	0.623317260415	0.0209829572813
-iid	0.0730337078652	0.890449438202	0.0365168539326	0.0
-iia	0.182864283311	0.392965279542	0.420050944394	0.00411949275313
-kma	0.244425385935	0.601200686106	0.154373927959	0.0
-eọñ	0.625592417062	0.289099526066	0.0568720379147	0.0284360189573
-ọle	0.382436260623	0.606232294618	0.0113314447592	0.0
-ọli	0.6	0.1	0.0999999999999	0.2
-ksa	0.0	1.0	0.0	0.0
-tam	0.0164383561644	0.890410958904	0.0383561643836	0.0547945205479
-uḷe	0.361981799798	0.625884732053	0.0106167846309	0.00151668351871
-tao	0.134981759222	0.637616538306	0.210376976084	0.0170247263883
-tai	0.0217391304348	0.963768115942	0.00724637681159	0.00724637681159
-tak	0.570527642807	0.270789912134	0.0233254990402	0.135356946019
-tad	0.0120481927711	0.846385542169	0.117469879518	0.0240963855422
-tab	0.130806082066	0.440533222245	0.126223703395	0.302436992293
-tat	0.174880763116	0.779014308426	0.027027027027	0.0190779014308
-tau	0.0	1.0	0.0	0.0
-tar	0.715381509891	0.154622527251	0.0173597093258	0.112636253533
-tas	0.0	1.0	0.0	0.0
-ent	0.0215771898279	0.857179553044	0.020549704598	0.10069355253
-ens	0.00779220779221	0.982467532468	0.00974025974026	0.0
-rma	0.0	0.975	0.025	0.0
-eni	0.380952380952	0.428571428571	0.190476190476	0.0
-ene	0.419594260267	0.385947550718	0.142503711034	0.0519544779812
-rmi	0.0	1.0	0.0	0.0
-ena	0.0100027596691	0.977686151507	0.0123110888235	0.0
-het	0.0	0.99649122807	0.00350877192984	0.0
-hep	0.0	1.0	0.0	0.0
-akā	0.294089380106	0.333012974532	0.370014416146	0.00288322921672
-hel	0.0372670807453	0.962732919255	0.0	0.0
-hem	0.019801980198	0.980198019802	0.0	0.0
-hen	0.0181818181818	0.981818181818	0.0	0.0
-ubō	0.0	1.0	0.0	0.0
-hek	0.0	1.0	0.0	0.0
-818	0.0	0.0	0.0	1.0
-u-i	0.8	0.2	0.0	0.0
-heb	0.0	1.0	0.0	0.0
-jaṃ	0.0606861832671	0.632482381507	0.0119279739525	0.294903461273
-put	0.571428571428	0.357142857143	0.0714285714287	0.0
-jaḷ	0.449954086318	0.319100091827	0.175849403122	0.0550964187328
-akō	1.0	0.0	0.0	0.0
-pur	0.0	1.0	0.0	0.0
-250	0.0	0.133126934984	0.0123839009288	0.854489164087
-254	0.0	0.0	0.0	1.0
-pua	0.0	1.0	0.0	0.0
-yre	0.0307692307692	0.969230769231	0.0	0.0
-pul	0.0	1.0	0.0	0.0
-nan	0.0455465587044	0.891700404858	0.0465587044534	0.0161943319838
-puk	0.0	0.333333333333	0.666666666667	0.0
-eñe	0.078504999345	0.0585076190892	0.0272016766362	0.83578570493
-nma	0.0568862275449	0.877245508982	0.0658682634731	0.0
-eñi	1.0	0.0	0.0	0.0
-rār	0.25	0.0	0.625	0.125
-fig	0.0	0.960773631163	0.0392263688369	0.0
-rān	0.615384615385	0.230769230769	0.153846153846	0.0
-nab	0.0	0.941176470588	0.0588235294118	0.0
-hōm	0.0	1.0	0.0	0.0
-rāe	0.432432432432	0.47027027027	0.0837837837838	0.0135135135135
-dea	0.0	1.0	0.0	0.0
-ded	0.241628959276	0.392760180995	0.327601809955	0.0380090497738
-dej	0.0809716599191	0.868237026132	0.0393816709606	0.0114096429886
-dek	0.48295006416	0.346953962343	0.113678280272	0.0564176932244
-del	0.0	1.0	0.0	0.0
-den	0.0443258631341	0.868165484432	0.0734742459114	0.0140344065224
-dep	0.0320284697509	0.0782918149465	0.00711743772241	0.88256227758
-der	0.00577379667602	0.916792575005	0.0704187351608	0.00701489315778
-des	0.0	1.0	0.0	0.0
-oki	0.631439505446	0.257874595231	0.0965557845158	0.0141301148072
-lga	0.0	1.0	0.0	0.0
-oke	0.213928188131	0.142574965831	0.0628193328828	0.580677513156
-āto	0.079901659496	0.902888752305	0.0147510755993	0.00245851259988
-āti	0.503491777427	0.328677630097	0.0983705038673	0.0694600886086
-lak	0.0130576713819	0.973884657236	0.0130576713819	0.0
-zur	0.0	0.985915492958	0.0	0.0140845070422
-bit	0.0	1.0	0.0	0.0
-bir	0.0	1.0	0.0	0.0
-bib	0.0	0.928571428572	0.0238095238095	0.0476190476189
-bia	0.0241327300151	0.948717948718	0.0211161387632	0.00603318250377
-bin	0.037037037037	0.962962962963	0.0	0.0
-bil	0.434210526316	0.302631578947	0.236842105263	0.0263157894737
-bim	0.0	1.0	0.0	0.0
-bij	0.607929515419	0.330396475771	0.0616740088105	0.0
-100	0.03861003861	0.323359073359	0.019305019305	0.618725868726
-nce	0.0	1.0	0.0	0.0
-105	0.0	0.25	0.25	0.5
-108	0.0	0.0	0.25	0.75
-rra	0.0410094637224	0.958990536278	0.0	0.0
-jin	0.0112278034633	0.79334765213	0.00784508519349	0.187579459213
-met	0.0740740740741	0.888888888889	0.0	0.037037037037
-jil	0.206508638007	0.37324226597	0.0819606267578	0.338288469265
-jim	0.3	0.4	0.1	0.2
-jij	0.0465116279069	0.953488372093	0.0	0.0
-jik	0.165690376569	0.811715481172	0.0225941422594	0.0
-mes	0.0	0.999048977651	0.000951022349025	0.0
-mer	0.00714285714284	0.982142857143	0.0107142857143	0.0
-lur	0.188811188811	0.284382284382	0.459207459208	0.067599067599
-lut	0.0	1.0	0.0	0.0
-jia	0.00152576853526	0.988358951175	0.00508589511754	0.00502938517179
-med	0.010851544838	0.985531273549	0.00361718161266	0.0
-034	0.0	0.0	0.0	1.0
-luk	0.00892857142856	0.924107142857	0.0178571428571	0.0491071428571
-lul	0.615798922801	0.315978456014	0.0466786355476	0.0215439856373
-lum	0.0120481927711	0.987951807229	0.0	0.0
-lun	0.0	1.0	0.0	0.0
-mem	0.0392450009344	0.564380489628	0.0353205008409	0.361054008597
-mel	0.00970402717126	0.978165938865	0.00727802037845	0.00485201358565
-jit	0.857534246575	0.115068493151	0.0164383561644	0.0109589041096
-men	0.0998350036283	0.374527204582	0.00966968205643	0.515968109733
-jir	0.478260869565	0.173913043478	0.304347826087	0.0434782608696
-jis	0.0169491525424	0.966101694915	0.0169491525424	0.0
-mek	0.0483870967742	0.943548387097	0.0	0.00806451612902
-mej	0.148510409278	0.654369337033	0.118109760675	0.0790104930138
-280	0.142857142857	0.0	0.0	0.857142857143
-eea	0.0487804878049	0.878048780488	0.0731707317073	0.0
-ḷoḷ	0.2	0.2	0.6	0.0
-743	0.0	0.142857142857	0.0	0.857142857143
-745	0.0	0.882352941177	0.117647058823	0.0
-arā	0.242990654206	0.252336448598	0.11214953271	0.392523364486
-uby	0.181818181818	0.818181818182	0.0	0.0
-736	0.0	0.142857142857	0.0	0.857142857143
-eiṃ	0.0748565893056	0.694548351142	0.0555552313537	0.175039828199
-ubu	0.731040412726	0.226139294927	0.0299226139295	0.0128976784179
-730	0.0	0.0	0.0	1.0
-ubi	0.0	1.0	0.0	0.0
-uba	0.0	1.0	0.0	0.0
-pāl	0.267441860465	0.674418604651	0.0465116279069	0.0116279069768
-pān	0.0770348079786	0.049059929301	0.039360080422	0.834545182298
-oan	0.0338983050847	0.898305084746	0.0677966101695	0.0
-pād	0.612630919327	0.0983280206651	0.00872459691557	0.280316463093
-moz	0.0	1.0	0.0	0.0
-tūṃ	0.0609004670455	0.751886986111	0.0373037048854	0.149908841958
-pāp	0.745856353591	0.198895027624	0.0552486187845	0.0
-ako	0.626283645349	0.139298883005	0.0397154771727	0.194701994474
-ṃōd	0.413526259254	0.553468694588	0.0296660142508	0.00333903190702
-aki	0.358607026883	0.493237551358	0.0307019130555	0.117453508704
-ṃōn	0.0217680572226	0.892213357375	0.00673462848206	0.0792839569201
-ake	0.460262195641	0.138059469694	0.0749994472826	0.326678887383
-ṃōl	0.0556552962299	0.127996620551	0.811912556764	0.00443552645475
-ṃōk	0.413649851632	0.18587537092	0.320237388724	0.080237388724
-ṃōj	0.716271852164	0.0692552090933	0.0277987004707	0.186674238272
-aka	0.0106951871658	0.967914438503	0.0213903743316	0.0
-ṃōt	1.0	0.0	0.0	0.0
-ṃōr	0.569078947368	0.414473684211	0.016447368421	0.0
-oaf	0.0	1.0	0.0	0.0
-zza	0.0	1.0	0.0	0.0
-gon	0.0152671755725	0.984732824427	0.0	0.0
-goa	0.0	1.0	0.0	0.0
-gob	0.0	1.0	0.0	0.0
-tch	0.0	1.0	0.0	0.0
-gog	0.0	0.989949748744	0.0100502512563	0.0
-got	0.048549107143	0.938058035714	0.0108816964286	0.00251116071429
-uva	0.0	1.0	0.0	0.0
-com	0.0	0.846153846154	0.153846153846	0.0
-eot	0.0	1.0	0.0	0.0
-eor	0.614928909953	0.134281200632	0.0363349131122	0.214454976303
-eon	0.0161987041037	0.983801295896	0.0	0.0
-eol	0.0188679245283	0.924528301887	0.0566037735849	0.0
-eok	0.00968384803403	0.0163347769551	0.00230454090083	0.97167683411
-jiō	0.247545008183	0.626022913257	0.10740589198	0.0190261865794
-ōik	0.374103579604	0.336810338715	0.264358552965	0.0247275287158
-lọk	0.521550109465	0.322643702007	0.00866988756462	0.147136300963
-upe	0.816965643053	0.100030404378	0.0136819702037	0.0693219823654
-upa	0.0	1.0	0.0	0.0
-upi	0.861842105263	0.105263157895	0.0328947368421	0.0
-amb	0.0111782089169	0.973403571887	0.0104072979571	0.00501092123859
-roj	0.666666666667	0.333333333333	0.0	0.0
-oṇi	0.805872756933	0.0815660685154	0.0522022838499	0.0603588907015
-eij	0.0	0.783783783784	0.216216216216	0.0
-oṇo	0.662068965517	0.262068965517	0.0482758620689	0.0275862068966
-oṇa	0.0	1.0	0.0	0.0
-oṇe	0.572897196262	0.391214953271	0.0173831775701	0.0185046728972
-eil	0.191570881226	0.789272030651	0.00766283524904	0.0114942528736
-gag	0.0487804878049	0.90243902439	0.0	0.0487804878049
-gad	0.0	0.993418165862	0.00658183413779	0.0
-tra	0.0	0.99348534202	0.00651465798045	0.0
-gab	0.0	1.0	0.0	0.0
-gan	0.150462962963	0.726851851852	0.103587962963	0.0190972222222
-tro	0.0	1.0	0.0	0.0
-gal	0.00374531835207	0.988764044944	0.00749063670411	0.0
-tri	0.048780487805	0.90243902439	0.0487804878048	0.0
-gai	0.0	1.0	0.0	0.0
-ōñā	0.804037678335	0.187941933388	0.00209879319392	0.00592159508282
-gat	0.0	1.0	0.0	0.0
-gas	0.0	1.0	0.0	0.0
-gar	0.0725490196078	0.727450980392	0.192156862745	0.0078431372549
-gur	0.0	1.0	0.0	0.0
-gaz	0.0	1.0	0.0	0.0
-aṇe	0.0588235294119	0.470588235294	0.117647058823	0.35294117647
-ini	0.543938446411	0.346004149412	0.0587127288807	0.0513446752959
-inj	0.333333333333	0.666666666667	0.0	0.0
-ink	0.0	0.985815602837	0.0	0.0141843971631
-218	0.0	0.0	0.0	1.0
-ino	0.45387196242	0.23617603992	0.137599743709	0.172352253951
-ina	0.0307692307693	0.938461538462	0.0205128205128	0.0102564102564
-rza	0.0	1.0	0.0	0.0
-ind	0.0	0.789473684211	0.210526315789	0.0
-ine	0.145319133565	0.810872501935	0.0261817992038	0.0176265652964
-800	0.125	0.416666666667	0.0833333333332	0.375
-mōd	0.0	0.2	0.4	0.4
-jōṃ	0.139742873114	0.607602012297	0.0486305198435	0.204024594746
-int	0.0447984071677	0.901443504231	0.0537580886013	0.0
-inu	0.0	1.0	0.0	0.0
-212	0.0	0.666666666667	0.0	0.333333333333
-irz	0.0	1.0	0.0	0.0
-awā	0.00860752464251	0.979823221806	0.00337822203711	0.00819103151465
-gub	0.0	1.0	0.0	0.0
-dru	0.0	1.0	0.0	0.0
-wōr	0.0827886710239	0.156862745098	0.760348583878	0.0
-wōt	0.0692957463786	0.0925769865698	0.0516786649458	0.786448602106
-930	0.0	1.0	0.0	0.0
-wōd	0.374916499666	0.279392117568	0.210921843687	0.134769539078
-wōj	0.420524149226	0.214594484949	0.0221048870369	0.342776478788
-wōn	0.345746425985	0.109179119671	0.00668325161267	0.538391202731
-ṃur	0.373244291254	0.615639810426	0.00659198621284	0.00452391210685
-uoṃ	0.0387140593163	0.869141951551	0.0271677609237	0.0649762282092
-nro	0.514112903226	0.316532258065	0.0665322580645	0.102822580645
-har	0.0	1.0	0.0	0.0
-247	0.0	0.0999999999999	0.0	0.9
-240	0.666666666667	0.333333333333	0.0	0.0
-242	0.0	0.5	0.0	0.5
-110	0.0	1.0	0.0	0.0
-112	0.0	0.0	0.0588235294118	0.941176470588
-waḷ	0.476744186047	0.354651162791	0.151162790698	0.0174418604651
-aho	0.0	1.0	0.0	0.0
-aha	0.0	0.75	0.0	0.25
-023	0.0	0.0	0.0	1.0
-oṇō	0.0202729995656	0.357666013764	0.556973988065	0.0650869986054
-ruṃ	0.0411376333164	0.933976637887	0.00457084814627	0.0203148806501
-601	0.0	0.0	0.0	1.0
-fōr	0.16	0.84	0.0	0.0
-fōs	0.0	1.0	0.0	0.0
-ahu	0.0	1.0	0.0	0.0
-sar	0.0	1.0	0.0	0.0
-lōb	0.0166237113402	0.965206185567	0.0143041237114	0.00386597938145
-sap	0.014742014742	0.985257985258	0.0	0.0
-lōd	0.142857142857	0.857142857143	0.0	0.0
-ddi	0.0	0.777777777778	0.222222222222	0.0
-lōk	0.474464276406	0.47522829526	0.0283650924784	0.0219423358555
-āāñ	0.0	1.0	0.0	0.0
-lōm	0.330522765599	0.606520517144	0.0314783586284	0.0314783586284
-lōn	0.0	1.0	0.0	0.0
-waṇ	0.0863309352519	0.302158273381	0.589928057554	0.021582733813
-oli	0.510805500982	0.37721021611	0.0884086444008	0.0235756385068
-lōr	0.193548387097	0.806451612903	0.0	0.0
-lōs	0.0311059907834	0.947004608295	0.0172811059908	0.00460829493088
-waṃ	0.0	1.0	0.0	0.0
-olm	0.0	0.666666666667	0.333333333333	0.0
-olo	0.0410256410256	0.938461538462	0.0102564102564	0.0102564102564
-sak	0.00241984271022	0.993950393224	0.00362976406533	0.0
-ola	0.0	0.857142857143	0.142857142857	0.0
-lōz	0.0	0.9	0.0	0.1
-750	0.0365853658537	0.158536585366	0.0365853658536	0.768292682927
-old	0.00355182434614	0.808040038747	0.18743945754	0.000968679367129
-san	0.0	0.923076923077	0.076923076923	0.0
-olf	0.076137689615	0.871353558926	0.0525087514586	0.0
-inō	0.0357883817427	0.81846473029	0.0	0.145746887967
-pọṇ	0.154922001076	0.84023668639	0.0	0.00484131253362
-603	0.0	0.0	0.0	1.0
-map	0.0	1.0	0.0	0.0
-riō	0.323529411765	0.0588235294118	0.0882352941176	0.529411764706
-mñe	0.106585788562	0.838388214905	0.0467937608319	0.00823223570192
-ham	0.0	0.991967871486	0.0	0.00803212851407
-iuz	0.0	1.0	0.0	0.0
-tōm	0.200113004991	0.681443638761	0.00953479612016	0.108908560128
-ōñō	0.0	1.0	0.0	0.0
-kiñ	0.0460090623911	0.815963750436	0.0292784942488	0.108748692924
-hat	0.0	0.985419198056	0.0145808019441	0.0
-hav	0.0	1.0	0.0	0.0
-nām	0.0253414704767	0.0335558712538	0.00350847518945	0.93759418308
-āāt	0.256615077384	0.121567648527	0.0209685471792	0.60084872691
-āār	0.400679117148	0.370118845501	0.20882852292	0.0203735144312
-lōñ	0.120013260108	0.544058518051	0.301736540281	0.0341916815602
-āān	0.302868289864	0.589552777978	0.086626688823	0.020952243335
-āāk	0.04	0.88	0.0799999999999	0.0
-āāj	0.527472527472	0.43956043956	0.018315018315	0.014652014652
-iōs	0.0145671365702	0.971104532377	0.0100298317369	0.00429849931581
-iōt	0.00357142857143	0.996428571429	0.0	0.0
-ssa	0.0	1.0	0.0	0.0
-sse	0.00383877159309	0.996161228407	0.0	0.0
-uck	0.0	1.0	0.0	0.0
-iōb	0.0491631799163	0.90690376569	0.0439330543933	0.0
-iōd	0.142857142857	0.428571428571	0.0	0.428571428571
-red	0.145569620253	0.78204113924	0.0356012658228	0.0367879746836
-iōk	0.0416640191709	0.761589223633	0.159167445787	0.037579311409
-iōm	0.0332480818414	0.932225063939	0.0242966751918	0.0102301790281
-iōn	0.00906344410876	0.940664652568	0.0390332326284	0.0112386706949
-iok	0.0121951219512	0.983739837398	0.0020325203252	0.0020325203252
-ion	0.0178272980501	0.955431754875	0.00278551532033	0.0239554317549
-iom	0.083949313622	0.190601900739	0.0110876451953	0.714361140444
-iob	0.0	1.0	0.0	0.0
-ior	0.0135135135135	0.972972972973	0.0135135135135	0.0
-ryl	0.0	0.75	0.25	0.0
-iot	0.0178129638793	0.967342899555	0.0118753092528	0.00296882731321
-aoḷ	0.666666666667	0.222222222222	0.111111111111	0.0
-iud	0.0	1.0	0.0	0.0
-liō	0.160377358491	0.735849056604	0.0188679245283	0.0849056603773
-ooḷ	0.322308807539	0.362057508759	0.0249184487133	0.290715234988
--el	0.0	1.0	0.0	0.0
-ọje	0.0270444301352	0.967160334836	0.00579523502898	0.0
-tāō	0.00776534683162	0.987057755281	0.00517689788774	0.0
-ooṃ	0.0560017364879	0.746038636857	0.0638159322771	0.134143694378
-ooṇ	0.0319740500463	0.319277108434	0.636237256719	0.0125115848007
-ñil	0.0	1.0	0.0	0.0
-ñin	0.168963895521	0.189051081687	0.0324506186238	0.609534404168
-ñij	0.934782608696	0.0652173913045	0.0	0.0
-ōti	0.784090909091	0.102272727273	0.0909090909091	0.0227272727273
-ōto	0.0381861575179	0.939273402281	0.0194908512331	0.00304958896844
-ñir	0.0	0.483870967742	0.0	0.516129032258
-ōta	0.0738161559888	0.806638811514	0.0452646239554	0.0742804085422
-ōte	0.730759363776	0.227424320164	0.0242432016419	0.0175731144176
-elt	0.111111111111	0.888888888889	0.0	0.0
-elu	0.135802469136	0.617283950617	0.172839506173	0.0740740740741
-rki	0.0	1.0	0.0	0.0
-eli	0.25730994152	0.573099415205	0.140350877193	0.0292397660819
-ell	0.0747663551402	0.88785046729	0.018691588785	0.018691588785
-rko	0.0	0.684210526316	0.0	0.315789473684
-rka	0.0	1.0	0.0	0.0
-ela	0.0365853658536	0.907460545194	0.0215208034432	0.0344332855093
-elf	0.0	1.0	0.0	0.0
-ele	0.354259011099	0.51648741825	0.121006998133	0.00824657251829
-ḷeọ	0.136363636364	0.545454545455	0.318181818182	0.0
-diō	0.174672489083	0.689956331878	0.0436681222707	0.0917030567686
-ioñ	0.67081935793	0.227120268328	0.0685194058457	0.0335409678965
-832	0.0	0.142857142857	0.0	0.857142857143
-ḷeo	0.0525680917852	0.671500829301	0.01836799035	0.257563088564
-hul	0.0	1.0	0.0	0.0
-hum	0.0	1.0	0.0	0.0
-hud	0.030303030303	0.969696969697	0.0	0.0
-kūṃ	0.747899159664	0.0504201680672	0.201680672269	0.0
-hua	0.0122199592668	0.968092328581	0.0	0.0196877121521
-hub	0.0	1.0	0.0	0.0
-ñiñ	0.333333333333	0.666666666667	0.0	0.0
-hut	0.0	1.0	0.0	0.0
-hur	0.0219981668195	0.972502291476	0.00549954170488	0.0
-kod	0.0	1.0	0.0	0.0
-tub	0.0	1.0	0.0	0.0
-nch	0.0	0.994495412844	0.00550458715598	0.0
-vat	0.0	1.0	0.0	0.0
-kob	0.0	0.994864048338	0.00422960725076	0.000906344410876
-kol	0.0468319559229	0.909090909091	0.0275482093664	0.0165289256198
-kon	0.00269179004038	0.973082099596	0.0242261103634	0.0
-tul	0.0	1.0	0.0	0.0
-kok	0.19375	0.4125	0.31875	0.075
-kot	0.846463064474	0.057722091708	0.0143043591752	0.0815104846428
-tur	0.037037037037	0.913580246914	0.0246913580247	0.0246913580247
-tus	0.0	0.833333333333	0.166666666667	0.0
-hai	0.0	0.987603305785	0.0	0.0123966942149
-kos	0.0	1.0	0.0	0.0
-kor	0.229508196721	0.622950819672	0.0655737704917	0.0819672131147
-vai	0.0059317844785	0.985912011864	0.00741473059812	0.000741473059811
-van	0.0277777777778	0.972222222222	0.0	0.0
-koz	0.0	1.0	0.0	0.0
-lix	0.0163678877631	0.977396726422	0.0062353858145	0.0
-jed	0.370072992701	0.394160583942	0.0868613138686	0.148905109489
-jej	0.020429380294	0.082559260433	0.0205735293648	0.876437829908
-jek	0.27800754717	0.361720754717	0.251833962264	0.108437735849
-liv	0.0175438596491	0.880701754386	0.0947368421053	0.00701754385965
-jei	1.0	0.0	0.0	0.0
-jen	0.188027073833	0.333753720817	0.0395127903154	0.438706415035
-jeo	0.487878787879	0.276767676768	0.0515151515152	0.183838383838
-omu	0.0	0.989847715736	0.0	0.0101522842639
-lis	0.0091533180778	0.864988558352	0.0045766590389	0.121281464531
-lil	0.0408560311284	0.897859922179	0.0612840466926	0.0
-ññe	0.0188092170697	0.00884771714825	0.002197495817	0.970145569965
-lin	0.131811328882	0.659200229736	0.189245459114	0.0197429822672
-lio	0.0225955888692	0.540034573973	0.0413118145891	0.396058022568
-uñe	1.0	0.0	0.0	0.0
-lij	0.207505518764	0.408388520971	0.129139072848	0.254966887417
-lik	0.286125198698	0.128201246436	0.12890084709	0.456772707776
-lid	0.0	1.0	0.0	0.0
-lia	0.183834048641	0.733190271817	0.0615164520744	0.0214592274678
-ome	0.411085450346	0.491916859122	0.0692840646651	0.0277136258661
