-ाहल	0.779069767442	0.139534883721	0.0	0.0813953488372
-ड़य	0.310068517013	0.3732822359	0.0890334068827	0.227615840204
-ाहर	0.0655368727658	0.0544816629154	0.0714285714286	0.80855289289
-वस्	0.294553628466	0.410486855764	0.0660857227929	0.228873792977
-आओर	0.0675164111231	0.0815013268267	0.206377964844	0.644604297206
-ढाल	0.0384615384615	0.961538461538	0.0	0.0
-आओल	0.636951814458	0.293587435757	0.0241971250424	0.0452636247424
-ड़द	0.0310277957337	0.937944408533	0.0155138978668	0.0155138978668
-ाहस	0.336043186567	0.441397514389	0.143112023561	0.0794472754824
-ाहा	0.277375181169	0.625168674097	0.0719676145734	0.0254885301614
-ाहि	0.0864947740626	0.0754295888856	0.00819880365034	0.829876833401
-ड़ा	0.200474195856	0.720939766641	0.03547864447	0.0431073930333
-ड़ि	0.555315504355	0.154433595564	0.039663915746	0.250586984334
-ड़ऽ	0.589454953387	0.20055317009	0.0633824610266	0.146609415497
-ाहत	0.653894178243	0.264164195411	0.0147494927423	0.0671921336039
-ड़ह	0.441556770666	0.422579607591	0.0509488581538	0.0849147635896
-ाहन	0.317704688593	0.591322603219	0.0573827851645	0.033589923023
-ेआह	0.0	1.0	0.0	0.0
-ाहम	0.00712288643323	0.979297031021	0.0111835973905	0.00239648515511
-ाहय	0.762848860976	0.155978434138	0.0183293204582	0.0628433844282
-ाहब	0.45945945946	0.374517374517	0.108108108108	0.057915057915
-बका	0.0983606557377	0.83606557377	0.0327868852459	0.0327868852459
-ाहक	0.101683247795	0.831188372717	0.0265501855116	0.040578193976
-़की	0.106237816764	0.686159844055	0.0292397660818	0.178362573099
-नैत	0.891349652417	0.0521226785267	0.0120033423629	0.0445243266936
-हमो	0.198347107438	0.628099173554	0.123966942149	0.0495867768595
-ड़क	0.0952763856684	0.807109731468	0.0482459421049	0.0493679407585
-थता	0.606557377049	0.295081967213	0.0655737704918	0.0327868852459
-ड़त	0.449889995862	0.18264299741	0.0444929113757	0.322974095352
-चटा	0.0	0.0501567398119	0.00940438871473	0.940438871473
-चास	0.0146324468703	0.146440599234	0.00487748229008	0.834049471606
-हमर	0.00571737648785	0.0233945969106	0.00720886600642	0.963679160595
-धोउ	0.54114994363	0.425028184893	0.0338218714769	0.0
-शहर	0.0942097026604	0.826917057903	0.00469483568075	0.0741784037559
-चार	0.435988575745	0.451692849515	0.0484661226287	0.0638524521113
-िदा	0.699211129019	0.0840614131817	0.0110272287726	0.205700229027
-चाप	0.293159609121	0.267100977199	0.124592833876	0.315146579805
-़का	0.126175236579	0.106131136496	0.580727651364	0.186965975561
-चान	0.129310344828	0.870689655172	0.0	0.0
-सोक	0.0	0.893042575286	0.0886119764625	0.018345448252
-वसक	0.0902255639098	0.586466165414	0.278195488722	0.0451127819549
-हमत	0.519039735099	0.288079470199	0.139072847682	0.0538079470199
-तृत	0.441176470588	0.196078431373	0.303921568627	0.0588235294118
-आओत	0.623571620862	0.0268310017076	0.0163164360408	0.333280941389
-इहो	0.121618865756	0.106601902149	0.0200226181427	0.751756613953
-ड़ो	0.105263157895	0.315789473684	0.0	0.578947368421
-ड़ै	0.0	1.0	0.0	0.0
-चाक	0.277257030094	0.415885545141	0.00296003946719	0.303897385298
-ड़ू	0.555196023676	0.317175084145	0.053575175161	0.0740537170179
-हमक	0.0126293140411	0.886570049816	0.0919133410773	0.00888729506599
-ड़ी	0.133691010873	0.810742127273	0.0293021393695	0.0262647224836
-तृक	0.673267326733	0.207920792079	0.0594059405941	0.0594059405941
-ाहू	0.214974054855	0.154929577465	0.163083765752	0.467012601927
-ाही	0.272829490241	0.488785130098	0.0372116898442	0.201173689817
-बक्	0.00749063670413	0.955056179775	0.0374531835206	0.0
-चाउ	0.549559471366	0.397577092511	0.0132158590309	0.0396475770925
-चाइ	0.00802139037433	0.705882352941	0.262032085561	0.024064171123
-ाहो	0.0564971751412	0.143126177025	0.075329566855	0.725047080979
-बूल	0.5625	0.354166666667	0.0416666666667	0.0416666666667
-़कक	0.0245148110317	0.808988764045	0.166496424923	0.0
-चाँ	0.0791341302573	0.114514204367	0.0296229614587	0.776728703917
-नति	0.242784380306	0.492359932088	0.152801358234	0.112054329372
-नता	0.177844700022	0.676655704461	0.0878762047168	0.0576233907995
-िने	0.0640717662195	0.0729111143887	0.13012373335	0.732893386041
-िनु	0.0931077066037	0.0737892330077	0.0380256030909	0.795077457298
-िनू	0.803921568627	0.0	0.0	0.196078431373
-िन्	0.407992794413	0.295559745421	0.121589554844	0.174857905322
-़ैत	0.577486772675	0.223375182944	0.0833356792259	0.115802365154
-िनो	0.303703703704	0.185185185185	0.0111111111111	0.5
-तखन	0.0312173892359	0.0107508865991	0.000376462022325	0.957655262143
-मतो	0.205128205128	0.282051282051	0.0	0.512820512821
-मत्	0.0624776865405	0.799476377484	0.134475782459	0.0035701535166
-रैक	0.385389703768	0.408973252804	0.1164797239	0.0891573195283
-मती	0.257493551543	0.293960686649	0.437872453971	0.010673307836
-ीबी	0.425631067961	0.413980582524	0.134757281553	0.0256310679612
-ुमब	0.293542074364	0.630136986301	0.0704500978474	0.00587084148728
-ायक	0.156509839671	0.707772138775	0.0811308067656	0.0545872147884
-ायन	0.0963244613434	0.836501901141	0.02154626109	0.0456273764258
-ायब	0.457996898945	0.160034967549	0.020803492964	0.361164640541
-ायम	0.522765598651	0.232715008432	0.0309162450815	0.213603147836
-रैत	0.378399797612	0.0687870549793	0.0139138052748	0.538899342134
-ड़ल	0.598846685537	0.123527462625	0.0764182432587	0.20120760858
-ायत	0.296797008261	0.038968633425	0.0179242393174	0.646310118996
-ूरो	0.457669740151	0.401508801341	0.0528080469405	0.0880134115675
-ायद	0.409195402299	0.23908045977	0.0275862068966	0.324137931035
-नैक	0.478260869565	0.45652173913	0.0	0.0652173913043
-ाया	0.0513056747186	0.902398295569	0.0400771600496	0.00621886966285
-ायर	0.0322580645161	0.241935483871	0.629032258065	0.0967741935484
-ेबह	0.825479930192	0.0666349357449	0.0	0.107885134063
-ायल	0.598265357958	0.169348194566	0.156269794705	0.0761166527715
-इफा	0.0	1.0	0.0	0.0
-लाद	0.114285714286	0.885714285714	0.0	0.0
-ेबऽ	0.408181650883	0.171110431805	0.0588044607307	0.361903456581
-ेबि	0.731481481481	0.166666666667	0.0	0.101851851852
-काज	0.453047696322	0.440438477887	0.0162160561753	0.090297769615
-डली	0.0186232950817	0.962753409837	0.00301520015608	0.0156080949256
-ायी	0.242571591485	0.240591738469	0.36540167258	0.151434997466
-काक	0.120624368178	0.753096996385	0.0801021194935	0.0461765159433
-िसा	0.120481927711	0.236947791165	0.642570281125	0.0
-ेबो	0.606299212598	0.157480314961	0.0	0.236220472441
-ाये	0.308526011561	0.288294797688	0.260115606936	0.143063583815
-िनक	0.0568760291105	0.817179703113	0.0154602244875	0.110484043289
-ालब	0.729166666667	0.1875	0.0208333333333	0.0625
-काउ	0.435265333573	0.524556327943	0.0267855589891	0.0133927794946
-जओक	0.0388349514563	0.961165048544	0.0	0.0
-काँ	0.0257953035825	0.0115196313718	0.0221257435891	0.940559321457
-िनत	0.715350223547	0.217585692996	0.0447093889717	0.0223546944858
-मति	0.710747894998	0.220901436355	0.0416047548291	0.0267459138187
-मता	0.425499231951	0.270353302611	0.155145929339	0.149001536098
-िनब	0.0582524271845	0.621359223301	0.203883495146	0.116504854369
-वश्	0.291909771431	0.194417376809	0.0917472779716	0.421925573789
-काश	0.0434553594943	0.896456716841	0.0359595632179	0.0241283604465
-मतल	0.0196078431373	0.509803921569	0.470588235294	0.0
-कार	0.347735918346	0.456104789473	0.0661638719415	0.12999542024
-काल	0.155826696915	0.258959936735	0.045220030193	0.539993336158
-काय	0.625	0.340909090909	0.0340909090909	0.0
-कान	0.112838124192	0.869375527418	0.00803254443402	0.0097538039556
-िनल	0.732305213488	0.221774657613	0.0132926688917	0.0326274600069
-कात	0.0553013113871	0.269930392647	0.00992193208476	0.664846363881
-िनऽ	0.503978779841	0.363395225464	0.0	0.132625994695
-िना	0.0551663846119	0.105975388334	0.173090032356	0.665768194698
-िनि	0.752461714694	0.0859688515261	0.0243038766915	0.137265557089
-काठ	0.101321585903	0.850220264317	0.0484581497797	0.0
-िनह	0.67845659164	0.32154340836	0.0	0.0
-नती	0.776269513173	0.128154501141	0.0185105201456	0.0770654655396
-ागर	0.00433734939759	0.990843373494	0.00481927710842	0.0
-सूस	0.330508474576	0.567796610169	0.0	0.101694915254
-ागल	0.436407573095	0.0984662086596	0.0295973797731	0.435528838473
-बचा	0.646907950983	0.115417497863	0.0245084069535	0.213166144201
-सोर	0.581790123457	0.131172839506	0.0223765432099	0.264660493827
-ागह	0.47572815534	0.500970873786	0.0	0.0233009708738
-सूल	0.0143364281813	0.982591480066	0.00307209175314	0.0
-बिल	0.284671532847	0.583941605839	0.0	0.131386861314
-ागऽ	0.594427244582	0.374613003096	0.030959752322	0.0
-ागि	0.661156909556	0.130955069878	0.0259860025708	0.181902017996
-ोधक	0.0872041897094	0.827643483868	0.0461669239638	0.0389854024583
-सूप	0.0425531914893	0.929078014184	0.0283687943262	0.0
-ागत	0.787572298245	0.0453241792082	0.0874296911213	0.079673831425
-पशु	0.386220281417	0.427462396895	0.136826783115	0.0494905385735
-फरी	0.383718551851	0.54755573737	0.0687257107793	0.0
-पश्	0.440687137195	0.393946171804	0.0328720805641	0.132494610437
-ागब	0.632128358786	0.118499903344	0.114053740576	0.135317997294
-ोना	0.0601073021871	0.141173609602	0.0200658963692	0.778653191842
-ोनि	0.492944353282	0.314442306846	0.061707438214	0.130905901658
-ालि	0.184883618019	0.212673687937	0.0196477564386	0.582794937605
-ाटे	0.213309828118	0.182459233142	0.0277655354782	0.576465403261
-ागओ	0.267990074442	0.70223325062	0.029776674938	0.0
-ागक	0.343806104129	0.430879712747	0.0978456014362	0.127468581688
-ूधक	0.0338983050847	0.932203389831	0.0338983050847	0.0
-हैक	0.349716446125	0.338374291115	0.266540642722	0.0453686200378
-बिओ	0.227787919256	0.290078009494	0.0694599933157	0.412674077935
-यले	0.428571428571	0.392857142857	0.142857142857	0.0357142857143
-अय्	0.0705882352942	0.929411764706	0.0	0.0
-वका	0.0792471520555	0.197622585438	0.638930163447	0.0842000990589
-ोनक	0.111060750605	0.817035425916	0.024664683635	0.0472391398434
-ुषक	0.0782588011418	0.786156041865	0.00428163653662	0.131303520457
-आहक	0.0	1.0	0.0	0.0
-वक्	0.023946871773	0.949791688922	0.0205640423032	0.00569739700174
-्यक	0.0783066860465	0.717659883721	0.15261627907	0.0514171511627
-िऐन	0.533839779005	0.140777730557	0.0233744156397	0.302008074798
-शेर	0.116379310345	0.883620689655	0.0	0.0
-फरओ	0.0422535211268	0.957746478873	0.0	0.0
-शेष	0.1075315287	0.185691274113	0.245369897458	0.461407299729
-छेर	0.0965309200603	0.703200938495	0.0211161387632	0.179152002681
-छज्	0.0	1.0	0.0	0.0
-शेम	0.0	1.0	0.0	0.0
-ेँट	0.910584224392	0.0353324035332	0.00557880055788	0.0485045715171
-भस्	0.756457564576	0.188929889299	0.030258302583	0.0243542435424
-शेत	0.0	1.0	0.0	0.0
-ुष्	0.0398479430763	0.713641670879	0.18892960574	0.0575807803051
-ोने	0.322455080162	0.322573361004	0.322455080162	0.0325164786718
-्या	0.731011510175	0.0984796015962	0.0834405197718	0.0870683684574
-ोनो	0.0599277900394	0.220239914411	0.0138269343376	0.706005361212
-शेक	0.0204081632653	0.857142857143	0.122448979592	0.0
-ालल	0.532828282828	0.376262626262	0.0151515151515	0.0757575757576
-ागी	0.405381035954	0.367269389924	0.0613457420258	0.166003832096
-महर	0.209702905116	0.198393733669	0.564844921845	0.0270584393698
-ागै	0.0	1.0	0.0	0.0
-िऐक	0.484699279858	0.188401758682	0.0517120058586	0.275186955602
-ूधे	0.189189189189	0.486486486486	0.324324324324	0.0
-महा	0.234192037471	0.320843091335	0.285714285714	0.15925058548
-ाग्	0.49932885906	0.213422818792	0.252348993289	0.0348993288591
-दरि	0.0695121951219	0.893902439024	0.0292682926829	0.00731707317075
-िंह	0.0584795321637	0.929824561404	0.0116959064327	0.0
-पतन	0.493251533742	0.455214723926	0.0441717791411	0.00736196319017
-ाल्	0.0409814669799	0.887496737144	0.0527277473245	0.0187940485513
-ौसी	0.0394736842105	0.861842105263	0.0	0.0986842105263
-पति	0.00465805632014	0.911496929917	0.0796104171077	0.00423459665467
-पता	0.802244267361	0.0429338103757	0.0152870385429	0.139534883721
-ढंग	0.230192719486	0.296573875803	0.325481798715	0.147751605996
-ठकल	0.341085271318	0.581395348837	0.046511627907	0.031007751938
-ड्ड	0.274780015999	0.157988509927	0.144353137954	0.422878336121
-ठका	0.265402843602	0.088467614534	0.603475513428	0.042654028436
-ठकि	0.70223325062	0.267990074442	0.0	0.0297766749379
-्भे	0.145833333333	0.5625	0.0833333333333	0.208333333333
-ूकक	0.362962962963	0.501234567901	0.0740740740741	0.0617283950618
-गहि	0.250734573947	0.270323212537	0.0646425073457	0.41429970617
-ाघर	0.0	0.997780389085	0.000783392087742	0.00143621882752
-एहू	0.164556962025	0.189873417721	0.0569620253164	0.588607594937
-एही	0.0640417457306	0.0499396239434	0.109496291185	0.776522339141
-दरक	0.268315614378	0.641498517394	0.0684891878208	0.0216966804079
-आयब	0.878662244334	0.0312327252626	0.00414593698175	0.0859590934217
-ृथ्	0.0040425040425	0.962558712559	0.0186725186725	0.0147262647263
-आयल	0.856680554814	0.0223901857095	0.0121521286256	0.108777130851
-ुअल	0.207084468665	0.520435967302	0.272479564033	0.0
-ूका	0.0132450331126	0.973509933775	0.0	0.0132450331126
-ूकि	0.694915254237	0.192685102587	0.0535236396075	0.0588760035682
-घात	0.670059989093	0.177240501727	0.0545355389929	0.0981639701872
-पतक	0.218181818182	0.659893048128	0.096256684492	0.0256684491979
-ाअल	0.0	0.875518672199	0.0	0.124481327801
-ूकू	0.38578680203	0.372250423012	0.167512690355	0.0744500846024
-ङड़	0.145931458428	0.0507881713051	0.787503996383	0.0157763738841
-ूकी	0.502617801047	0.293193717277	0.0314136125655	0.17277486911
-एहन	0.0615326284609	0.0494264563038	0.184168012924	0.704872902311
-गहो	0.182800166182	0.725799750727	0.091400083091	0.0
-एहि	0.0154944269804	0.0165676813987	0.00291300413108	0.96502488749
-गोन	0.0	1.0	0.0	0.0
-घैत	0.427419354839	0.548387096774	0.0241935483871	0.0
-पत्	0.611111111111	0.388888888889	0.0	0.0
-ौसम	0.0526315789474	0.614035087719	0.333333333333	0.0
-ुछऽ	0.749824807288	0.140854940435	0.021023125438	0.0882971268396
-सोझ	0.112075198843	0.182935647144	0.287780187997	0.417208966016
-फेन	0.565217391304	0.347826086957	0.0869565217392	0.0
-ढरि	0.251497005988	0.0718562874251	0.508982035928	0.167664670659
-जऽन	0.571841155235	0.350180505415	0.0779783393502	0.0
-ुछल	0.323040380047	0.391923990499	0.256532066508	0.0285035629454
-ंथक	0.132445690259	0.846531184303	0.021023125438	0.0
-ुछब	0.666204024983	0.12560721721	0.0208188757807	0.187369882026
-फेस	0.078431372549	0.882352941176	0.0	0.0392156862745
-ुछत	0.613199665831	0.147869674185	0.0	0.238930659983
-फेर	0.0696116062715	0.025426669269	0.0380857892568	0.866875935203
-़कऽ	0.105263157895	0.894736842105	0.0	0.0
-गौर	0.5	0.159090909091	0.295454545455	0.0454545454545
-ाऊद	0.0117845117845	0.968855218855	0.0	0.0193602693603
-ीके	0.11212147965	0.205703187075	0.112562902799	0.569612430476
-तमक	0.373134328358	0.223880597015	0.0	0.402985074627
-धरा	0.0531914893617	0.872340425532	0.031914893617	0.0425531914894
-धरि	0.0613765232919	0.104821277529	0.0307258544532	0.803076344726
-धरस	0.159292035398	0.654867256637	0.0265486725664	0.159292035398
-टान	0.00239234449761	0.997607655502	0.0	0.0
-उन्	0.463485881207	0.36611489776	0.117818889971	0.0525803310613
-बच्	0.0542910837336	0.493767419902	0.185570192561	0.266371303803
-झाँ	0.35667539267	0.34554973822	0.0399214659686	0.257853403141
-टार	0.609657248726	0.164543770264	0.22579898101	0.0
-झाउ	0.667721518987	0.169303797468	0.0427215189873	0.120253164557
-टाह	0.204418943222	0.395535382947	0.0967143387284	0.303331335103
-टाइ	0.409800204171	0.530406883477	0.0	0.0597929123523
-थीक	0.196675900277	0.551246537396	0.221606648199	0.0304709141274
-झबे	0.157894736842	0.431578947368	0.0	0.410526315789
-रंग	0.304761904762	0.221768707483	0.0734693877551	0.4
-आजर	0.0	1.0	0.0	0.0
-ास्	0.263072260866	0.472322359319	0.0509433525184	0.213662027297
-ासौ	0.088669950739	0.645320197044	0.0197044334975	0.246305418719
-टाक	0.362892889838	0.443027158987	0.0476045163259	0.146475434849
-ासो	0.151398264224	0.49662487946	0.0192864030858	0.33269045323
-तटा	0.00113981762918	0.0	0.0	0.998860182371
-ासे	0.265463917526	0.423969072165	0.0979381443299	0.212628865979
-झाय	0.38736724427	0.31330352152	0.193683622135	0.105645612074
-ासु	0.0266666666666	0.973333333333	0.0	0.0
-ासी	0.150613582165	0.530728053246	0.0496528292851	0.269005535304
-नोक	0.0972639917846	0.847156584338	0.0555794238769	0.0
-हैत	0.74625578488	0.0397820129609	0.0122391794001	0.201723022759
-डीक	0.0269784172662	0.946043165468	0.0269784172662	0.0
-चूर	0.484287455626	0.441613917283	0.0635131089346	0.0105855181558
-ासल	0.0775862068965	0.355911330049	0.540640394089	0.0258620689655
-ंतक	0.226666666667	0.306666666667	0.0933333333333	0.373333333333
-चून	0.017094017094	0.589743589744	0.188034188034	0.205128205128
-ासन	0.143102724938	0.838069315542	0.00746978828778	0.0113581712321
-झबह	0.641350210971	0.189873417721	0.0168776371308	0.151898734177
-तम्	0.17844377234	0.72669782788	0.0811108056091	0.013747594171
-अच्	0.3	0.35	0.0875	0.2625
-नोश	0.0	1.0	0.0	0.0
-ँहक	0.107006369427	0.766878980892	0.0229299363057	0.103184713376
-िवश	0.697744360902	0.135338345865	0.0631578947368	0.103759398496
-नोर	0.100943396226	0.887735849057	0.0	0.011320754717
-ासक	0.122973740394	0.769989432899	0.040039968083	0.0669968586237
-रहू	0.500862581523	0.18795879799	0.0417398216368	0.26943879885
-नोत	0.83426443203	0.16573556797	0.0	0.0
-घोर	0.212328767123	0.391991570074	0.155426765016	0.240252897787
-िवत	0.621621621622	0.162162162162	0.162162162162	0.0540540540541
-ीका	0.260458730415	0.570586335002	0.0985301243741	0.0704248102083
-ंता	0.0718920685308	0.897297044956	0.0184865319079	0.0123243546053
-नोन	0.0	1.0	0.0	0.0
-ामो	0.666007660942	0.252440380576	0.0407759792413	0.0407759792413
-नवम	0.0	0.923566878981	0.0764331210191	0.0
-ोजन	0.516314822571	0.461851651688	0.000823906631763	0.0210096191099
-ाम्	0.0372208436725	0.925558312655	0.029776674938	0.00744416873449
-शस्	0.302478962929	0.329088014555	0.130088696839	0.238344325677
-ामी	0.243262580491	0.51511021771	0.185411059248	0.0562161425505
-ामे	0.704590818363	0.253493013972	0.0239520958084	0.0179640718563
-मकी	0.207692307692	0.632307692308	0.0830769230769	0.0769230769231
-्र⌟	0.0	0.825721153846	0.078125	0.0961538461538
-ैंच	0.983935742972	0.0160642570281	0.0	0.0
-िधि	0.490237757833	0.416076208471	0.0307038261691	0.0629822075264
-िधा	0.461904761905	0.357142857143	0.0952380952381	0.0857142857143
-ोजर	0.350178662583	0.381827462991	0.203675344564	0.0643185298622
-लनी	0.016051364366	0.842696629214	0.112359550562	0.0288924558587
-्खा	0.63783556459	0.28562416766	0.0	0.0765402677508
-ैन्	0.115702479339	0.851239669421	0.0330578512397	0.0
-लने	0.800353356891	0.120141342756	0.047703180212	0.0318021201413
-रम्	0.113834711998	0.535023146391	0.175305456477	0.175836685133
-लन्	0.451388888889	0.256944444444	0.0	0.291666666667
-ओतऽ	0.203402697151	0.0677860141109	0.0128159328391	0.715995355899
-छठम	0.0	0.0207100591716	0.970414201183	0.00887573964496
-ोजक	0.148085153819	0.752954946982	0.0649091811951	0.034050718004
-ाहे	0.0739341113533	0.150413939361	0.117827932886	0.657824016399
-ओतौ	0.643564356436	0.1414427157	0.214992927864	0.0
-रमण	0.719359388888	0.198138628885	0.0390798863179	0.0434220959087
-छला	0.4	0.2	0.1	0.3
-छलि	0.177849264706	0.123851102941	0.0363051470588	0.661994485294
-ठरी	0.145	0.58	0.18	0.095
-छलह	0.439821278972	0.508866238481	0.0146607092991	0.0366517732477
-रमर	0.0322580645161	0.814516129032	0.112903225806	0.0403225806452
-रोग	0.208925750395	0.660742496051	0.068720379147	0.0616113744076
-रमा	0.253998217188	0.697551255834	0.0484505269781	0.0
-मकओ	0.433962264151	0.528301886792	0.0	0.0377358490566
-ामक	0.428366091886	0.359106987254	0.0551875666907	0.157339354169
-लना	0.639952068795	0.0881793190949	0.0335518432368	0.238316768873
-रोम	0.00602409638554	0.977911646586	0.0	0.0160642570281
-ुएल	0.0	1.0	0.0	0.0
-छलक	0.647550776583	0.154121863799	0.0	0.198327359618
-ामय	0.0185822436339	0.616311080523	0.362009635237	0.00309704060564
-रोन	0.0	1.0	0.0	0.0
-ोजो	0.918918918919	0.027027027027	0.027027027027	0.027027027027
-रोद	0.0182772518512	0.918549067392	0.0524885181366	0.0106851626207
-रोध	0.146640147748	0.285523511862	0.0650092342663	0.502827106123
-मकत	0.329896907216	0.257731958763	0.329896907216	0.0824742268041
-नवे	0.21400274412	0.615552592421	0.0973969505478	0.0730477129108
-तून	0.0246516613076	0.968917470525	0.0	0.0064308681672
-रमक	0.431398416887	0.485488126649	0.0633245382585	0.0197889182058
-मकि	0.632992327366	0.274936061381	0.0575447570332	0.03452685422
-मकऽ	0.338345864662	0.372180451128	0.255639097744	0.0338345864662
-लनक	0.173639317628	0.698415922015	0.118805848903	0.0091389114541
-ामा	0.249017730379	0.674216660613	0.0747845610328	0.00198104797438
-रोस	0.461538461538	0.461538461538	0.0512820512821	0.025641025641
-रोह	0.420787083754	0.427850655903	0.0665993945509	0.0847628657921
-मकल	0.657303370787	0.207865168539	0.0337078651685	0.101123595506
-कड़	0.105906313646	0.699129790779	0.173301240511	0.0216626550638
-यबह	0.574459826627	0.257126838315	0.0996247897529	0.0687885453055
-हूम	0.00249272953885	0.997507270461	0.0	0.0
-यबा	0.543326650631	0.285309667805	0.0443807466778	0.126982934886
-ेष्	0.196797400789	0.150150847064	0.433975400325	0.219076351822
-हूद	0.0	1.0	0.0	0.0
-ुदक	0.494680851064	0.409574468085	0.031914893617	0.063829787234
-वयं	0.130744134957	0.111103824778	0.0409856222437	0.717166418021
-हूर	0.137254901961	0.83660130719	0.0261437908497	0.0
-ुला	0.464196762142	0.32397260274	0.0130759651308	0.198754669988
-ूसि	0.471204188482	0.371727748691	0.125654450262	0.0314136125654
-ूसा	0.0453485523486	0.941694718409	0.000762160543674	0.0121945686988
-बौआ	0.0198511166253	0.65459057072	0.209429280397	0.116129032258
-ुदा	0.0201500490902	0.00957038280309	0.000319902499258	0.969959665607
-ुदि	0.737051792829	0.207171314741	0.0	0.0557768924303
-ाजऽ	0.797066549912	0.156085814361	0.0164185639229	0.0304290718038
-कौआ	0.446464646465	0.553535353535	0.0	0.0
-हूँ	0.0350938276257	0.0290519045264	0.0461222271661	0.889732040682
-ाखू	0.586836198541	0.160880987604	0.0758812426669	0.176401571188
-ाखी	0.471059113301	0.133312807882	0.0846674876848	0.310960591133
-ूसक	0.108439003061	0.849584608658	0.0419763882816	0.0
-ाजि	0.680871089186	0.134655329093	0.075197974815	0.109275606906
-बौक	0.2783244307	0.0365476525161	0.619342142255	0.065785774529
-ुदय	0.532258064516	0.129032258064	0.0	0.338709677419
-हूक	0.0574948665297	0.94250513347	0.0	0.0
-ाख्	0.403314917127	0.381215469613	0.132596685083	0.0828729281768
-ूदी	0.0180542084482	0.824442424844	0.131638905648	0.0258644610595
-झूठ	0.291027953111	0.354373309288	0.313570784491	0.0410279531109
-बास	0.0167185482473	0.904162688216	0.0084770103789	0.0706417531575
-ायः	0.415584415584	0.064935064935	0.064935064935	0.454545454545
-पेँ	0.173913043478	0.0260869565217	0.0	0.8
-बार	0.0726409163931	0.886149332961	0.0160648180485	0.0251449325976
-ाखह	0.642436149312	0.257367387033	0.0884086444008	0.0117878192534
-आसा	0.0	0.707317073171	0.0	0.292682926829
-ाखि	0.637774663529	0.0535004451025	0.023797562072	0.284927329297
-ाखऽ	0.427775958074	0.206026858827	0.195217818539	0.17097936456
-बान	0.114133482894	0.0961862030286	0.771172181716	0.0185081323612
-बाप	0.297872340426	0.489361702128	0.0	0.212765957447
-बाब	0.6280809111	0.181455039946	0.0114737378888	0.178990311066
-ाखत	0.310921717172	0.152304292929	0.0591856060606	0.477588383838
-पेट	0.10373046988	0.833345941785	0.0137061281523	0.0492174601832
-़ही	0.0519801980198	0.903465346535	0.0148514851485	0.029702970297
-बात	0.144822051312	0.460022922507	0.00475115399548	0.390403872186
-बाध	0.421171171171	0.531531531532	0.00675675675676	0.0405405405405
-बाद	0.134532180459	0.0252300669791	0.00685140242424	0.833386350138
-ूसी	0.414705882353	0.297058823529	0.264705882353	0.0235294117647
-बाज	0.264588100686	0.439359267735	0.241704805492	0.0543478260869
-बाट	0.179418378164	0.535713106666	0.0190010160775	0.265867499092
-ूदक	0.0	1.0	0.0	0.0
-बाक	0.48160239286	0.135392292472	0.0304168166326	0.352588498035
-भहि	0.222222222222	0.681003584229	0.0860215053764	0.010752688172
-बाउ	0.0918367346939	0.908163265306	0.0	0.0
-पेश	0.542279411765	0.276960784314	0.107230392157	0.0735294117647
-यबो	0.458909682669	0.215622457282	0.086248982913	0.239218877136
-यबौ	0.590735361566	0.0839321204709	0.119859348723	0.20547316924
-कहऽ	0.77665266774	0.0538224264607	0.0526983156323	0.116826590167
-बाइ	0.0	0.827852998066	0.154738878143	0.0174081237911
-यबे	0.312691942599	0.305823887431	0.0312691942598	0.350214975711
-याग	0.46484375	0.509114583333	0.00651041666668	0.01953125
-याक	0.197752400801	0.635231189143	0.0923513749935	0.074665035062
-्बक	0.352217145388	0.301624363439	0.11141080091	0.234747690264
-याज	0.247422680412	0.752577319588	0.0	0.0
-जरि	0.352307845678	0.358189612202	0.0445618582395	0.24494068388
-ँहे	0.24287856072	0.6011994003	0.0389805097451	0.116941529235
-्ते	0.105014191107	0.124408703879	0.0567644276253	0.713812677389
-याइ	0.0289855072464	0.913043478261	0.0289855072464	0.0289855072463
-ेंग	0.197479856006	0.802520143994	0.0	0.0
-बरु	0.300278035218	0.455050973123	0.0222428174235	0.222428174235
-याँ	0.15639666501	0.399062921508	0.299265639666	0.145274773815
-ेंट	0.34008097166	0.48987854251	0.141700404858	0.0283400809716
-रहक	0.1240741437	0.401925029139	0.085159980449	0.388840846712
-्बल	0.0333646616541	0.0704887218045	0.896146616541	0.0
-सल्	0.323838589352	0.591386910817	0.0203458799593	0.0644286198711
-यार	0.387902140872	0.134967161904	0.425077018035	0.0520536791892
-ताउ	0.36832412523	0.237569060774	0.0994475138122	0.294659300184
-सली	0.157616892911	0.193061840121	0.514328808447	0.134992458522
-षधर	0.100390407139	0.738984941439	0.160624651422	0.0
-झैत	0.729128668285	0.0695606234041	0.0623907218959	0.138919986415
-यास	0.0790162218734	0.772579801151	0.137624280481	0.010779696494
-याह	0.00881392818281	0.983351468988	0.00195865070729	0.00587595212187
-याद	0.616052060738	0.260303687636	0.0195227765727	0.104121475054
-मसा	0.09	0.28	0.6	0.03
-याण	0.339019189765	0.366737739872	0.0767590618337	0.217484008529
-याय	0.517212969665	0.320971891234	0.107318501158	0.0544966379427
-पवन	0.162162162162	0.708108108108	0.12972972973	0.0
-ंयम	0.12389380531	0.628318584071	0.132743362832	0.115044247788
-गनल	0.841700533907	0.158299466093	0.0	0.0
-मस्	0.238103601445	0.326715081532	0.0685469913497	0.366634325673
-गन्	0.0989322672139	0.737829491883	0.14799182986	0.0152464110432
-बरक	0.0732317963697	0.914249947841	0.00876277905279	0.0037554767369
-गुज	0.253731343284	0.402985074627	0.343283582089	0.0
-रोक	0.383260994186	0.390713291295	0.147408074687	0.078617639833
-धाख	0.661538461539	0.264615384615	0.0553846153847	0.0184615384615
-276	0.0	0.0754716981132	0.0	0.924528301887
-गने	0.529850746269	0.179104477612	0.0559701492537	0.235074626866
-गनी	0.0	0.00601202404809	0.993987975952	0.0
-सलि	0.470588235294	0.364705882353	0.0588235294118	0.105882352941
-सला	0.263610605141	0.581056466302	0.116373203805	0.0389597247521
-ँति	0.0288461538462	0.846153846154	0.0817307692307	0.0432692307692
-बरल	0.0865892291446	0.623020063358	0.288278775079	0.00211193241817
-बरि	0.264276885043	0.297404202719	0.0964153275649	0.341903584672
-बुस	0.0	1.0	0.0	0.0
-एना	0.263845063337	0.145996250057	0.0229417234493	0.567216963156
-एनि	0.0860215053763	0.387096774194	0.462365591398	0.0645161290323
-तता	0.109090909091	0.872727272727	0.0181818181818	0.0
-धार	0.558616501258	0.2966237022	0.0153934713224	0.12936632522
-धाम	0.0	0.688524590164	0.0	0.311475409836
-अबै	0.24	0.64	0.048	0.072
-ईहो	0.168776371308	0.7805907173	0.0506329113924	0.0
-धान	0.380487158587	0.417857873196	0.171170833849	0.0304841343675
-ंशक	0.15841324051	0.714698541968	0.0386181531591	0.0882700643637
-सलक	0.641791044776	0.223880597015	0.0	0.134328358209
-ाछक	0.0878048780488	0.828184281843	0.0059620596206	0.0780487804877
-दशा	0.158086216267	0.108968599222	0.291803411054	0.441141773457
-तिए	0.305679075086	0.55583788591	0.0304916783128	0.107991360691
-सभा	0.178373126041	0.71640755136	0.0363686840644	0.0688506385341
-धुर	0.240177909563	0.759822090437	0.0	0.0
-धिक	0.126501091703	0.432587336245	0.170851528384	0.270060043668
-़बा	0.756968440451	0.0463026952315	0.0188896567611	0.177839207556
-ोतक	0.0376647834275	0.822975517891	0.139359698682	0.0
-ठगर	0.0734693877551	0.330612244898	0.571428571428	0.0244897959184
-तिक	0.11663710064	0.61584334441	0.117999536672	0.149520018278
-तिओ	0.0861244019139	0.741626794258	0.0	0.172248803828
-म्र	0.0997411561692	0.185332182916	0.682139775669	0.0327868852459
-ीचा	0.0446428571428	0.940476190476	0.0	0.014880952381
-तरा	0.05	0.858571428571	0.0914285714285	0.0
-्‌य	0.1	0.45	0.4	0.05
-रल⌟	0.83432916893	0.154807170016	0.0	0.0108636610538
-सभक	0.0313285143651	0.00837560786062	0.000311747190842	0.959984130583
-तित	0.371115173675	0.0658135283364	0.524680073126	0.0383912248629
-तिम	0.039485492073	0.0433742147771	0.890517499252	0.0266227938977
-बथु	0.358490566038	0.424528301887	0.103773584906	0.11320754717
-ाछा	0.0877192982456	0.888357256778	0.0	0.0239234449761
-जैत	0.721704073651	0.164169524841	0.0298854724512	0.0842409290571
-वन्	0.354561101549	0.188468158348	0.42512908778	0.0318416523236
-ोतल	0.599239307615	0.127532407048	0.254599084064	0.018629201273
-यरक	0.0257933406284	0.938064138861	0.00716481684123	0.028977703669
-ोतऽ	0.588	0.256	0.06	0.096
-ोता	0.106637649619	0.873775843308	0.0130576713819	0.00652883569096
-ोति	0.612658227848	0.370632911392	0.0	0.0167088607595
-धित	0.207246950991	0.395386065038	0.364762129113	0.0326048548575
-वनी	0.727806022683	0.166992569417	0.0265936644505	0.0786077434493
-वना	0.249762131303	0.509831906121	0.148430066603	0.0919758959721
-जिए	0.382596685083	0.0414364640884	0.00414364640884	0.57182320442
-ग्र	0.0	0.111111111111	0.777777777778	0.111111111111
-ोती	0.0515823409435	0.937364300283	0.00736890584908	0.00368445292453
-टित	0.892857142857	0.0714285714285	0.0357142857143	0.0
-जिआ	0.855904658722	0.0113759479957	0.0384615384615	0.0942578548213
-ोत्	0.598225289623	0.348779886616	0.0315504067044	0.0214444170569
-ाउन	0.373170731707	0.582926829268	0.0292682926829	0.0146341463415
-ओछा	0.433295324972	0.361459521095	0.205245153934	0.0
-लोन	0.0192926045016	0.967845659164	0.00643086816722	0.0064308681672
-झिआ	0.426900584795	0.163742690058	0.365497076023	0.0438596491227
-ाउर	0.0419296871401	0.94409375048	0.0	0.01397656238
-ऊपर	0.157198591683	0.126653344752	0.081358835284	0.63478922828
-ाछी	0.0384615384615	0.946153846154	0.0	0.0153846153846
-लोभ	0.256681514477	0.61859688196	0.110244988864	0.0144766146993
-ाछू	0.363384188627	0.20665742025	0.00832177531206	0.421636615811
-बथि	0.575345137428	0.237930986445	0.106955685887	0.0797681902401
-थुन	0.512198637047	0.301023244323	0.0357414918367	0.151036626794
-ाउस	0.181102362205	0.787401574803	0.0	0.0314960629921
-जिक	0.323529411765	0.588235294118	0.0882352941176	0.0
-़ैक	0.475787405294	0.292950667901	0.163243713039	0.0680182137661
-ाछो	0.0550458715596	0.922018348624	0.00917431192661	0.0137614678899
-बल्	0.0159407291282	0.018540989908	0.00695287121549	0.958565409748
-दो⌟	0.526508962015	0.415420196586	0.0348425048392	0.0232283365595
-टिआ	0.220264317181	0.753303964758	0.00881057268723	0.0176211453745
-कहक	0.619433198381	0.107287449393	0.224696356275	0.0485829959514
-जित	0.386749913285	0.247889929472	0.352641923922	0.0127182333218
-वनक	0.0885070428636	0.883583065779	0.0167207907683	0.0111891005893
-अछि	0.843367557224	0.024796655917	0.00110462349365	0.130731163365
-लोक	0.03324586884	0.611816374155	0.0157573695691	0.339180387436
-टिए	0.218529707956	0.569989929507	0.0375965088956	0.173883853642
-ूँट	0.0	0.988764044944	0.0112359550562	0.0
-टिओ	0.234375	0.5390625	0.015625	0.2109375
-फुस	0.0234375	0.9609375	0.015625	0.0
-टिक	0.122681255541	0.754781819806	0.0500347081423	0.0725022165101
-ाउग	0.647738928693	0.313017790003	0.0268180883025	0.0124251930012
-सभ्	0.0	0.37558685446	0.455399061033	0.169014084507
-ूँक	0.494456762749	0.159645232816	0.079822616408	0.266075388027
-जिल	0.228557385107	0.395428852298	0.0958466453674	0.280167117228
-ाउज	0.75057208238	0.221967963387	0.0	0.0274599542334
-ढ़ऽ	0.613359657782	0.312273774268	0.0493583415597	0.0250082263903
-ेबी	0.0701754385965	0.842105263158	0.0350877192982	0.0526315789474
-ढ़ि	0.366835558378	0.263685060677	0.0871840183342	0.282295362611
-ढ़ा	0.668068331143	0.207358738502	0.0515111695138	0.073061760841
-सिआ	0.422680412371	0.113402061856	0.396907216495	0.0670103092783
-ुनऽ	0.818901795143	0.0966209081309	0.0142555438226	0.0702217529039
-खप्	0.0164158686731	0.950752393981	0.0328317373461	0.0
-ढ़ल	0.673087608816	0.14484163734	0.096869790702	0.0852009631413
-सिओ	0.276820455809	0.304613674263	0.260144524736	0.158421345192
-ढ़य	0.389830508475	0.491525423729	0.118644067797	0.0
-सिक	0.21835443038	0.246835443038	0.46835443038	0.0664556962025
-्गे	0.0839160839161	0.664335664336	0.0839160839161	0.167832167832
-ढ़त	0.666666666667	0.1	0.0	0.233333333333
-रहि	0.437098480209	0.120993152591	0.0531091688471	0.388799198352
-्गी	0.419063270337	0.378800328677	0.088742810189	0.113393590797
-सित	0.37617823479	0.133676092545	0.22793487575	0.262210796915
-ढ़क	0.14196762142	0.768368617684	0.0149439601494	0.0747198007472
-दति	0.671044950379	0.201109165207	0.0595446584939	0.0683012259194
-बली	0.151162790698	0.552325581395	0.252906976744	0.0436046511628
-सिल	0.172655056511	0.804683967322	0.0161864115479	0.00647456461916
-िशय	0.0	1.0	0.0	0.0
-सिर	0.00802973977695	0.991970260223	0.0	0.0
-िसी	0.00631750560424	0.988383941308	0.0	0.00529855308742
-ाओल	0.675371085057	0.169357263266	0.063226967521	0.0920446841563
-िस्	0.586823979738	0.378496854121	0.0225024926367	0.0121766735047
-चमक	0.369942196532	0.439306358381	0.142581888247	0.0481695568401
-रौद	0.0113085621971	0.852988691438	0.135702746365	0.0
-रिए	0.202830188679	0.36320754717	0.160377358491	0.27358490566
-़गर	0.592857142857	0.107142857143	0.0	0.3
-िसऽ	0.606557377049	0.311475409836	0.0655737704918	0.016393442623
-्गक	0.026631017457	0.923039529908	0.0298013766781	0.0205280759564
-रिआ	0.0	0.3	0.0	0.7
-िश्	0.343363855792	0.452541597802	0.052853903886	0.15124064252
-रिओ	0.384997371035	0.20050242449	0.228135771455	0.18636443302
-दत्	0.677215189873	0.0569620253165	0.151898734177	0.113924050633
-आगू	0.42096069869	0.201746724891	0.110043668122	0.267248908297
-रिक	0.146221728852	0.559955915046	0.224710297028	0.0691120590734
-्गा	0.00281425891182	0.997185741088	0.0	0.0
-चम्	0.541237113402	0.329896907216	0.0773195876289	0.0515463917526
-रिम	0.00537056928034	0.0107411385607	0.951664876477	0.032223415682
-रिय	0.191843029732	0.0501242395682	0.3383600377	0.419672693
-वदा	0.298611111111	0.121527777778	0.0243055555555	0.555555555556
-चुप	0.104387291982	0.0463943519919	0.805345436208	0.0438729198185
-्गल	0.078431372549	0.607843137255	0.294117647059	0.0196078431373
-रित	0.453686039946	0.311679356197	0.0965446731685	0.138089930688
-रिस	0.0743801652893	0.925619834711	0.0	0.0
-षदक	0.0	1.0	0.0	0.0
-चबो	0.944652701213	0.0108930540242	0.044454244763	0.0
-ूएल	0.0375782881002	0.9624217119	0.0	0.0
-ढ़े	0.00398406374502	0.597609561753	0.0398406374502	0.358565737052
-्गत	0.316091954023	0.402298850575	0.126436781609	0.155172413793
-ढ़ी	0.0737155621742	0.886075949367	0.00670141474311	0.0335070737156
-ीबय	0.507462686567	0.179104477612	0.0298507462686	0.283582089552
-मुख	0.0762007052337	0.298923570512	0.104644976343	0.520230747912
-कलम	0.770813844715	0.154349859682	0.0187090739008	0.0561272217025
-भेद	0.262803234501	0.626010781671	0.0667115902965	0.044474393531
-ेटक	0.166340508806	0.763209393346	0.0352250489237	0.0352250489237
-पैत	0.656966660243	0.277124686838	0.0204278280979	0.0454808248217
-किए	0.0690032858707	0.758488499452	0.0460021905805	0.126506024096
-ीबा	0.390419194781	0.500117479579	0.0985169930756	0.0109463325639
-ीबऽ	0.579439252336	0.373831775701	0.018691588785	0.0280373831776
-ँपू	0.295081967213	0.245901639344	0.409836065574	0.0491803278689
-मछा	0.163559044815	0.797186784429	0.0196270853778	0.0196270853778
-मात	0.0	1.0	0.0	0.0
-्षा	0.444231868352	0.410759484275	0.0195549386519	0.125453708721
-दुस	0.0281030444965	0.901639344262	0.0281030444965	0.0421545667447
-ेटह	0.473684210526	0.407894736842	0.118421052632	0.0
-हऽर	0.722891566265	0.240963855422	0.0289156626506	0.00722891566263
-ेटऽ	0.275132275132	0.584656084656	0.0291005291005	0.111111111111
--जे	0.385899814471	0.157699443414	0.21521335807	0.241187384045
-ेटि	0.750783721069	0.110344942586	0.0452767860591	0.0935945502862
--बक	0.14364640884	0.657458563536	0.132596685083	0.0662983425415
-शजी	0.125	0.875	0.0	0.0
-ेटल	0.706336100879	0.0694465294056	0.021997944549	0.202219425167
-किल	0.41231126597	0.121951219512	0.20325203252	0.262485481998
-किर	0.262295081967	0.360655737705	0.344262295082	0.0327868852459
-पैघ	0.0477279130893	0.0213984225813	0.805874177167	0.124999487162
-ेटब	0.680555555556	0.243055555555	0.0138888888889	0.0625
-ेटय	0.259704568877	0.468911027139	0.0638955685332	0.207488835452
-किन	0.0997137628455	0.0408239876121	0.0218197175168	0.837642532026
-ीबक	0.0775862068966	0.51724137931	0.206896551724	0.198275862069
-कित	0.607708919826	0.197447071073	0.128032085149	0.066811923952
-ेटत	0.798112117126	0.106337892506	0.0127143132344	0.0828356771335
-क्ष	0.176586155091	0.300011556686	0.0469201433029	0.476482144921
-ोसक	0.0417495029821	0.946322067594	0.0	0.0119284294235
-ढेर	0.708108108108	0.194594594595	0.0972972972973	0.0
-इतो	0.187449933244	0.039652870494	0.0225634178905	0.750333778371
-ेटी	0.0204063040904	0.854094925754	0.00612189122711	0.119376878929
-ेटू	0.0	0.893346459923	0.106653540077	0.0
-ूति	0.351919561243	0.31352833638	0.27970749543	0.054844606947
-ेटे	0.0	0.895734597156	0.0473933649289	0.0568720379147
-रदन	0.00324149108591	0.990275526742	0.00648298217179	0.0
-ोसर	0.022488926483	0.128944109446	0.312363084731	0.53620387934
-इऐक	0.583333333333	0.375	0.0416666666667	0.0
-ोसल	0.309554140127	0.583439490446	0.107006369427	0.0
-मार	0.0393890675241	0.118971061093	0.774437299035	0.0672025723473
-ुधि	0.461279461279	0.181818181818	0.225589225589	0.131313131313
-ुनी	0.780104712042	0.136780104712	0.0320680628272	0.0510471204188
-ीबू	0.585447449122	0.344298856983	0.0702536938946	0.0
-ोसा	0.30101113648	0.495596663716	0.129770280975	0.0736219188295
-ोसि	0.523341523342	0.363636363636	0.113022113022	0.0
-गिए	0.780303030303	0.174242424242	0.0	0.0454545454545
-शजक	0.4375	0.171875	0.359375	0.03125
-ाका	0.0392026578073	0.881063122924	0.0239202657807	0.0558139534884
-ाकि	0.689747946757	0.162701784197	0.113848768054	0.0337015009912
-ाकऽ	0.756097560976	0.0292682926829	0.0585365853658	0.156097560976
-ूथा	0.0	1.0	0.0	0.0
-ाकस	0.105882352941	0.894117647059	0.0	0.0
-ाकह	0.77358490566	0.0377358490566	0.0	0.188679245283
-ाकल	0.260689655172	0.44	0.278620689655	0.0206896551724
-ाकर	0.306884841	0.628897807965	0.0345785736339	0.0296387774004
-ुवा	0.0	0.794117647059	0.147058823529	0.0588235294118
-ोपा	0.771186440678	0.228813559322	0.0	0.0
-ोपि	0.519387755102	0.388775510204	0.0183673469388	0.0734693877551
-ाकब	0.990049751244	0.0	0.0	0.00995024875622
-ँपय	0.982142857143	0.0	0.0178571428571	0.0
-ुँह	0.0477381045394	0.787561528244	0.00773497929526	0.156965387921
-ाकत	0.273119862376	0.457661987568	0.198987328302	0.0702308217538
-ोपल	0.642857142857	0.228571428571	0.0857142857143	0.0428571428571
-ूती	0.608823529412	0.285294117647	0.0	0.105882352941
-फले	0.13180614358	0.543072035591	0.210889829727	0.114231991102
-ुवक	0.0352112676056	0.25176056338	0.701408450704	0.0116197183099
--दऽ	0.666666666667	0.153477218225	0.10071942446	0.0791366906475
-ाकक	0.0331693142724	0.966830685728	0.0	0.0
-्षक	0.0252425479609	0.902185126652	0.0573444839545	0.0152278414329
-ागय	0.40556615189	0.182407350438	0.146434504399	0.265591993273
-ृपे	0.0114285714286	0.742857142857	0.0228571428571	0.222857142857
-ृप्	0.57672880889	0.201028560933	0.173569657452	0.0486729727248
-भूख	0.136658354115	0.103241895262	0.739152119701	0.0209476309227
-यिक	0.40243902439	0.140243902439	0.329268292683	0.128048780488
-छोट	0.095617176299	0.0549659651881	0.7109656525	0.138451206013
-्भक	0.0	0.845360824742	0.0	0.154639175258
-छोक	0.459574468085	0.131914893617	0.306382978723	0.102127659574
-बुक	0.325252525253	0.189898989899	0.412121212121	0.0727272727272
-मिक	0.12323204033	0.247324304319	0.456618720867	0.172824934483
-ाँप	0.0489927222867	0.929121400696	0.0142390043244	0.00764687269275
-ोपे	0.481751824818	0.430656934307	0.0875912408759	0.0
-मित	0.328014184397	0.302304964539	0.178191489362	0.191489361702
-्भर	0.51225878624	0.218607252727	0.0433485597092	0.225785401324
-मिस	0.0120603015075	0.987939698492	0.0	0.0
-्भय	0.0581395348837	0.639534883721	0.112403100775	0.18992248062
-फलक	0.0946063505872	0.762940408874	0.0674206176598	0.0750326228794
