iam-	0.283765303654	0.0537362864732	0.00674142175642	0.655756988116
kud-	0.453533952995	0.243311251476	0.111436347764	0.191718447765
agu-	0.05	0.95	0.0	0.0
tut-	0.295246312003	0.0900551680559	0.166962354485	0.447736165456
siu-	0.323890567722	0.468795402086	0.104335262675	0.102978767517
hem-	0.0	0.961538461538	0.0384615384615	0.0
fig-	0.0	1.0	0.0	0.0
son-	0.334228246835	0.558417978251	0.0465191644385	0.0608346104749
dok-	0.803347280335	0.196652719665	0.0	0.0
maa-	0.221404263016	0.0501516496368	0.0188457801017	0.709598307245
mab-	0.206425597468	0.31384417715	0.378820380699	0.100909844684
omo-	0.180764315706	0.0833688310107	0.075229720684	0.660637132599
pao-	0.346349745331	0.119269949066	0.488539898133	0.0458404074703
unn-	0.663315932525	0.0601406445489	0.0125113249062	0.26403209802
omb-	0.282131661442	0.573667711599	0.0877742946708	0.0564263322884
udi-	0.375	0.625	0.0	0.0
poy-	0.147713950762	0.78898007034	0.0562719812426	0.00703399765534
nuk-	0.427184466019	0.417475728155	0.155339805825	0.0
mah-	0.0	1.0	0.0	0.0
rok-	0.0913268185787	0.0893445574434	0.0299416559997	0.789386967978
tum-	0.581107653041	0.337765160887	0.0395608974777	0.041566288594
eno-	0.0	1.0	0.0	0.0
aku-	0.739130434783	0.142292490118	0.0711462450593	0.0474308300395
kak-	0.105528750369	0.572820486976	0.157892978271	0.163757784383
opi-	0.256083429896	0.333719582851	0.166859791425	0.243337195828
lis-	0.34561145772	0.426709531125	0.0121761326842	0.215502878471
ism-	0.554098360656	0.137704918033	0.229508196721	0.0786885245901
peo-	0.341085271318	0.516795865633	0.12661498708	0.015503875969
ana-	0.0458080015376	0.772636447363	0.0473091281523	0.134246422947
and-	0.395024537043	0.538981431765	0.0172633392855	0.0487306919071
seg-	0.0784	0.8376	0.0767999999999	0.0072
der-	0.0277349768875	0.972265023113	0.0	0.0
kat-	0.135615120095	0.616589858023	0.120695528641	0.12709949324
sun-	0.193999452011	0.444041838867	0.140516897869	0.221441811253
ayu-	0.192	0.808	0.0	0.0
mil-	0.591345114209	0.200697204772	0.015632354154	0.192325326864
dis-	0.566608685208	0.204625984678	0.0456967167039	0.18306861341
tib-	0.510802234703	0.354196559792	0.0811390710275	0.053862134477
gan-	0.13445493758	0.716205046205	0.0402313489003	0.109108667315
yer-	0.0356879088415	0.95414380671	0.00130565520152	0.00886262924668
sen-	0.0883521641432	0.186967292313	0.189461100827	0.535219442717
bay-	0.108028727447	0.670931286282	0.0122346855869	0.208805300684
ked-	0.472727272727	0.345454545455	0.130909090909	0.0509090909091
tai-	0.422550560959	0.0782930466951	0.0255352771292	0.473621115217
paf-	0.0	1.0	0.0	0.0
mar-	0.219951344059	0.271358934597	0.195628522649	0.313061198695
dek-	0.0132158590309	0.713656387665	0.0	0.273127753304
abr-	0.029634810779	0.926041820056	0.028199087027	0.0161242821381
mud-	0.490139580137	0.337724057928	0.0740934775287	0.0980428844067
oko-	0.357043235704	0.592747559275	0.0	0.0502092050209
nen-	0.120546640226	0.490827354885	0.0662115782524	0.322414426637
adm-	0.0	1.0	0.0	0.0
ong-	0.349556899705	0.276269517513	0.256013504009	0.118160078773
her-	0.0151776266062	0.93306122449	0.0406349206349	0.0111262282691
mul-	0.395696320185	0.3955132448	0.0473179456125	0.161472489403
ate-	0.019536019536	0.945054945055	0.035409035409	0.0
euo-	0.0727272727273	0.927272727273	0.0	0.0
kam-	0.146029333091	0.516354645051	0.165633851568	0.17198217029
kle-	0.037037037037	0.925925925926	0.037037037037	0.0
sin-	0.302615436043	0.428568228138	0.105969877355	0.162846458464
dor-	0.405436920768	0.255287866805	0.264748230618	0.0745269818093
pat-	0.497088479801	0.326509589827	0.0876635894358	0.0887383409362
iar-	0.259317831535	0.0964417342358	0.0433424914562	0.600897942773
ror-	0.661176470588	0.338823529412	0.0	0.0
dol-	0.104991394148	0.763052208835	0.131956397017	0.0
maw-	0.0498338870432	0.382059800664	0.544850498339	0.0232558139535
kem-	0.292914049385	0.520016841513	0.0887810392692	0.0982880698335
lom-	0.683994528044	0.316005471956	0.0	0.0
gen-	0.0506329113924	0.949367088608	0.0	0.0
saw-	0.00344530577089	0.837209302326	0.13608957795	0.0232558139535
naa-	0.500856674745	0.232104103308	0.0531592694762	0.213879952471
kid-	0.210745715609	0.755210745716	0.0129689671144	0.0210745715609
rek-	0.324675324675	0.506132756133	0.0432900432901	0.125901875902
por-	0.305358255679	0.60387610742	0.0639798249993	0.0267858119016
alf-	0.0	0.982224479431	0.0177755205688	0.0
pas-	0.139907133299	0.60578113708	0.0277062936932	0.226605435928
sig-	0.333961755993	0.217344465392	0.274441152707	0.174252625909
nge-	0.202959830867	0.15644820296	0.0	0.640591966173
zer-	0.0	1.0	0.0	0.0
nai-	0.6333687792	0.0839777861628	0.0471297231054	0.235523711531
bak-	0.119494941203	0.234084684773	0.584858538142	0.0615618358812
umm-	0.578002747112	0.14236591282	0.0289845110863	0.250646828981
rat-	0.0750399803174	0.111534834133	0.0418255627999	0.77159962275
epa-	0.0491369535088	0.939523749528	0.00755953130907	0.00377976565453
sap-	0.0667945969529	0.0367155474924	0.0110778316248	0.88541202393
asi-	0.00350364963504	0.996496350365	0.0	0.0
gun-	0.189292436843	0.440955979082	0.211516403723	0.158235180352
nan-	0.286595372206	0.146449565774	0.0114776073886	0.555477454631
oto-	0.433839479393	0.540130151844	0.0260303687636	0.0
lin-	0.0385090274933	0.874642687948	0.0210267700821	0.0658215144767
ses-	0.668754894283	0.231845471156	0.0533542156095	0.0460454189506
pok-	0.69090023442	0.163333028892	0.0255731116997	0.120193624989
ruk-	0.221556886227	0.658682634731	0.0838323353293	0.0359281437126
bu'-	0.163663663664	0.315315315315	0.394894894895	0.126126126126
bir-	0.0834630843321	0.447894412862	0.0291487127494	0.439493790057
uki-	0.692960509859	0.0975588192412	0.0318503588382	0.177630312061
mel-	0.316527591938	0.266206754329	0.101974435782	0.31529121795
kri-	0.0187096125104	0.893061261102	0.00469103987141	0.0835380865163
mir-	0.0188679245283	0.981132075472	0.0	0.0
isa-	0.0213506614064	0.961940125319	0.0	0.0167092132745
tee-	0.178815667484	0.0803201791828	0.0101891884449	0.730674964889
mus-	0.201212294293	0.714147131191	0.0176352307693	0.0670053437469
eut-	0.0	1.0	0.0	0.0
pud-	0.215165908539	0.610858401816	0.0651487354762	0.108826954169
dio-	0.106669487837	0.0356725070026	0.0158638326056	0.841794172555
yah-	0.110767398259	0.662660964386	0.114940276899	0.111631360456
bab-	0.206120280015	0.333022986184	0.0582340076064	0.402622726195
ita-	0.552401496587	0.268745756271	0.0313344379836	0.147518309159
sor-	0.455082135524	0.375513347023	0.0539014373717	0.115503080082
moi-	0.107094499923	0.0591753943499	0.0260062697895	0.807723835938
ura-	0.0703364713504	0.117534346307	0.00751130798247	0.804617874361
kom-	0.0756025549205	0.768515135127	0.0292325006943	0.126649809258
biu-	0.0618556701031	0.845360824742	0.0515463917526	0.041237113402
be'-	0.0198489751888	0.936569579288	0.0319309600863	0.0116504854369
so'-	0.375670840787	0.624329159213	0.0	0.0
tua-	0.04070472129	0.842192112726	0.0135939378551	0.103509228129
oni-	0.114714714715	0.836636636637	0.036036036036	0.0126126126126
dod-	0.265367316342	0.419790104947	0.254872563718	0.0599700149925
tau-	0.0305983071022	0.432207994778	0.0111300175046	0.526063680615
mal-	0.217838721467	0.224488843428	0.122636735912	0.435035699193
apf-	0.0	0.953846153846	0.0461538461538	0.0
umb-	0.372333054812	0.161244211626	0.0308586084631	0.435564125099
sab-	0.0889786635409	0.722480101958	0.0869946470689	0.101546587433
ole-	0.0658307210031	0.934169278997	0.0	0.0
nin-	0.0311218818899	0.96887811811	0.0	0.0
nau-	0.628452856123	0.231714731305	0.0335703523565	0.106262060215
su'-	0.605597964377	0.251908396946	0.0966921119593	0.0458015267176
ure-	0.190476190476	0.809523809524	0.0	0.0
ian-	0.0554100302199	0.0211337544234	0.00429132270474	0.919164892652
sir-	0.224619628804	0.285043755322	0.0373607040112	0.452975911862
lim-	0.0921850966522	0.593422719033	0.0062262584355	0.30816592588
ta'-	0.180995759056	0.0891645746204	0.0315309354011	0.698308730923
ump-	0.518770803354	0.225019268129	0.0588133325963	0.19739659592
red-	0.557077625571	0.16894977169	0.255707762557	0.0182648401826
sak-	0.249744779582	0.376612529002	0.0727610208817	0.300881670534
apa-	0.0714285714286	0.572751322751	0.0396825396826	0.316137566138
ALL	0.216358148325	0.274586106173	0.0516252534381	0.457430492065
san-	0.169116957446	0.504897407103	0.0726007830356	0.253384852415
dud-	0.360655737705	0.431693989071	0.153005464481	0.0546448087432
len-	0.0779027856147	0.734551871855	0.0240099494467	0.163535393084
mae-	0.370138017566	0.259723964868	0.200752823087	0.169385194479
per-	0.155218007451	0.698903325823	0.0688449889788	0.0770336777474
ger-	0.036	0.928	0.0	0.036
sok-	0.027972027972	0.818181818182	0.153846153846	0.0
kui-	0.651870954341	0.0601510761124	0.0208218088478	0.267156160699
mor-	0.58678155571	0.0976055050392	0.0705866895861	0.245026249665
rur-	0.0810810810811	0.918918918919	0.0	0.0
tel-	0.39378238342	0.239378238342	0.124352331606	0.242487046632
lid-	0.0277008310249	0.711911357341	0.0	0.260387811634
ata-	0.0	1.0	0.0	0.0
far-	0.0111622715223	0.964686027892	0.00498315692958	0.0191685436558
baw-	0.413170808928	0.384992876365	0.0918157353174	0.110020579389
lum-	0.571878054013	0.297618763855	0.0477915762878	0.0827116058447
rea-	0.0990482200103	0.892081790138	0.00886998985166	0.0
lol-	0.509637275258	0.346721590568	0.044631233184	0.0990099009901
mes-	0.0406151849948	0.108489071268	0.064385565127	0.78651017861
kla-	0.0255319148936	0.974468085106	0.0	0.0
adi-	0.129375669981	0.616185512389	0.147488263779	0.106950553851
ami-	0.00454704442112	0.104698612568	0.00139909059112	0.889355252419
kur-	0.61056465746	0.26061295631	0.0560724826372	0.0727499035932
ome-	0.0143540669857	0.921052631579	0.0645933014354	0.0
iss-	0.119586777762	0.114354989256	0.0699242732079	0.696133959774
tek-	0.133485453508	0.811180832858	0.0165430690245	0.0387906446092
ann-	0.0459335348408	0.0063831123915	0.000882693405359	0.946800659362
haw-	0.0582524271845	0.941747572816	0.0	0.0
win-	0.182887232125	0.210836307621	0.214073205233	0.39220325502
tal-	0.187683689308	0.318131107309	0.0661801527862	0.428005050596
gid-	0.0	1.0	0.0	0.0
paa-	0.513129102845	0.249452954048	0.0667396061269	0.17067833698
kos-	0.0	1.0	0.0	0.0
lem-	0.312622371983	0.401580236368	0.0356248869691	0.25017250468
rod-	0.0188679245283	0.981132075472	0.0	0.0
paw-	0.279171210469	0.284078516903	0.119411123228	0.3173391494
ett-	0.437267080745	0.509937888199	0.0155279503106	0.0372670807453
mua-	0.139373228229	0.667931120784	0.0396464843613	0.153049166626
dak-	0.380047409318	0.139291641277	0.059847709189	0.420813240215
pon-	0.0597967069124	0.494956582939	0.363814452968	0.0814322571804
rap-	0.244016134233	0.609304904196	0.0593210271148	0.0873579344562
akh-	0.0119284294235	0.988071570577	0.0	0.0
sik-	0.337641380404	0.311338239679	0.0849597296267	0.26606065029
nga-	0.137254901961	0.764705882353	0.0588235294117	0.0392156862745
ben-	0.102454449422	0.235828541282	0.00751732805266	0.654199681243
kia-	0.356178798554	0.246694422839	0.0642814658919	0.332845312714
pin-	0.21485961903	0.635882158226	0.131202792573	0.0180554301706
pog-	0.491217129196	0.232720091467	0.0503066209334	0.225756158403
ade-	0.383095499451	0.296377607025	0.0252469813392	0.295279912184
bun-	0.141287920237	0.301492520913	0.396365737445	0.160853821406
ili-	0.0	1.0	0.0	0.0
lam-	0.216825947226	0.091924616599	0.05162522553	0.639624210645
nar-	0.526209711667	0.275161702897	0.0496024975688	0.149026087867
sat-	0.198337637983	0.446179268935	0.168433202249	0.187049890833
pur-	0.396157616154	0.401529111939	0.0696334052147	0.132679866693
gur-	0.253918495298	0.746081504702	0.0	0.0
peg-	0.302777777778	0.630555555556	0.0333333333333	0.0333333333333
rak-	0.50960966911	0.427977016049	0.0148603130572	0.0475530017832
dik-	0.311359877863	0.178442258741	0.0498957551534	0.460302108243
nad-	0.624795799373	0.217724880823	0.0588227938467	0.0986565259574
kis-	0.477905288346	0.34968403816	0.119848374504	0.0525622989899
abi-	0.0289855072464	0.915458937198	0.0555555555556	0.0
ded-	0.435215946844	0.524916943522	0.0	0.0398671096345
ban-	0.115286214847	0.698529455232	0.01209653522	0.174087794701
adr-	0.078431372549	0.921568627451	0.0	0.0
kac-	0.0	0.980582524272	0.0194174757282	0.0
ter-	0.0642292490118	0.906126482213	0.0197628458498	0.0098814229249
lia-	0.102944826321	0.655847028736	0.0326963127624	0.20851183218
zai-	0.00210084033614	0.925420168067	0.0661764705883	0.00630252100841
did-	0.73879780321	0.155010578909	0.0545927057101	0.0515989121712
tis-	0.767050013373	0.0885263439423	0.0861192832308	0.0583043594544
ebe-	0.0	1.0	0.0	0.0
ale-	0.0	0.884210526316	0.098947368421	0.0168421052631
ker-	0.52152377422	0.227946465127	0.184012293767	0.0665174668865
sid-	0.377830847149	0.482631317851	0.052261793514	0.0872760414864
bon-	0.313581494057	0.466976513166	0.117665188315	0.101776804461
oli-	0.0	1.0	0.0	0.0
soy-	0.0568181818182	0.882867132867	0.0	0.0603146853147
mea-	0.698277650965	0.179290309193	0.0726291761776	0.0498028636647
tok-	0.295525478347	0.171531840651	0.115939656945	0.417003024057
ula-	0.150503482874	0.81159995669	0.00974482982639	0.0281517306096
kon-	0.607594936709	0.341772151899	0.0	0.0506329113924
eli-	0.0208439618104	0.894322571241	0.00291523941404	0.0819182275344
yul-	0.0337837837838	0.932432432432	0.0	0.0337837837838
pi'-	0.388941808947	0.38155283356	0.190759627671	0.0387457298226
mut-	0.469038523274	0.356745025245	0.0458177267513	0.128398724729
a'd-	0.684445791348	0.238654443518	0.0768997651337	0.0
peu-	0.0891089108911	0.792079207921	0.118811881188	0.0
tuk-	0.43134872418	0.524301336573	0.0151883353585	0.0291616038882
ene-	0.0	1.0	0.0	0.0
pan-	0.26385165535	0.380968547092	0.0766760598034	0.278503737755
nim-	0.0	1.0	0.0	0.0
tor-	0.486352116234	0.164311054605	0.0273047893204	0.32203203984
all-	0.0899888664889	0.705728388909	0.00928012205192	0.19500262255
ari-	0.00443458980044	0.9955654102	0.0	0.0
tul-	0.347270511433	0.203542877457	0.0190684543609	0.43011815675
yoe-	0.0	1.0	0.0	0.0
yam-	0.0543478260869	0.891304347826	0.0217391304348	0.0326086956522
ina-	0.429957675235	0.205636419944	0.15587901311	0.208526891711
baa-	0.607903578805	0.276895834832	0.0231360178649	0.0920645684987
mai-	0.1074251731	0.0459586810332	0.0133285111482	0.833287634718
pen-	0.154285064489	0.395084820478	0.0417466972268	0.408883417806
rab-	0.286395422759	0.576287349015	0.018118245391	0.119198982835
ape-	0.0377358490566	0.962264150943	0.0	0.0
kni-	0.234482758621	0.744827586207	0.0	0.0206896551724
kab-	0.260357624267	0.439367378461	0.0821747299433	0.218100267328
pae-	0.227436823105	0.530685920578	0.111913357401	0.129963898917
und-	0.538769000379	0.28334996791	0.0560142385537	0.121866793157
yor-	0.0	1.0	0.0	0.0
nal-	0.457170909406	0.221547942172	0.0633176011587	0.257963547263
kau-	0.0212765957447	0.978723404255	0.0	0.0
bas-	0.153899779494	0.54371860058	0.0678189574825	0.234562662443
dir-	0.42315271485	0.317755772006	0.118202412649	0.140889100495
sit-	0.29338784637	0.0953439094834	0.0351392189243	0.576129025222
wi'-	0.0832177531206	0.384188626907	0.00416088765603	0.528432732316
yes-	0.0243964311596	0.75681743738	0.00358431905364	0.215201812407
mid-	0.163265306122	0.775510204082	0.0612244897959	0.0
le'-	0.537494072187	0.080047891072	0.0185206279806	0.36393740876
ang-	0.0797954451673	0.181001580701	0.0183282360322	0.7208747381
pun-	0.657083599463	0.251487337003	0.0622923290011	0.0291367345328
yar-	0.0	1.0	0.0	0.0
omi-	0.116892387619	0.0976912348887	0.0242906148996	0.761125762593
iko-	0.165965365416	0.0654298862725	0.00805243793824	0.760552310373
sod-	0.00519874899945	0.994801251001	0.0	0.0
amm-	0.0483122415451	0.0139322943066	0.00410338067492	0.933652083473
kec-	0.0	1.0	0.0	0.0
kun-	0.113553271108	0.0245171835348	0.00825841971697	0.85367112564
pul-	0.0590294737837	0.111801370967	0.0594828491583	0.769686306091
har-	0.0	0.994347621291	0.00565237870937	0.0
kan-	0.066732306629	0.458477758629	0.381468974691	0.0933209600515
kuk-	0.311974198026	0.153707101802	0.108514313395	0.425804386777
ill-	0.0455791119391	0.0121997680451	0.00529130901841	0.936929810997
sio-	0.154143553538	0.247436543957	0.0416876786014	0.556732223903
bum-	0.157310497938	0.724706628608	0.0818268315889	0.0361560418649
mum-	0.65306122449	0.183673469388	0.163265306122	0.0
kum-	0.129748616904	0.0082354143553	0.00244767961757	0.859568289123
tod-	0.245033112583	0.635761589404	0.119205298013	0.0
met-	0.396870937209	0.325108003491	0.200884652639	0.0771364066603
tao-	0.487387648594	0.120034792694	0.0646564221514	0.327921136561
udu-	0.897727272727	0.0568181818182	0.0	0.0454545454545
dap-	0.264189982089	0.129547279353	0.0750416898276	0.531221048731
hez-	0.0	1.0	0.0	0.0
ken-	0.385862749056	0.124464328852	0.0610520333167	0.428620888776
bub-	0.0262008733624	0.882096069869	0.0917030567686	0.0
ref-	0.0	1.0	0.0	0.0
mat-	0.169317843739	0.30198431619	0.230484358331	0.29821348174
muu-	0.571805006588	0.372859025033	0.0	0.0553359683794
aka-	0.175070174954	0.102637920132	0.0127870212145	0.709504883699
lay-	0.0545421762779	0.873636445593	0.0234396129459	0.0483817651832
ra'-	0.380697050938	0.506702412869	0.0536193029491	0.058981233244
mem-	0.27370979146	0.44834056594	0.148821659253	0.129127983347
par-	0.273120323078	0.508613857469	0.0505197749219	0.16774604453
too-	0.0914295888185	0.0624683726956	0.00720199554382	0.838900042942
ala-	0.642106559852	0.299974523962	0.0222154747014	0.0357034414844
but-	0.282965783131	0.0608228533504	0.372845946481	0.283365417038
dig-	0.552634309977	0.250159375111	0.0408111476589	0.156395167252
nah-	0.0	1.0	0.0	0.0
zeu-	0.0	1.0	0.0	0.0
pom-	0.538508540838	0.31534488902	0.0962624084348	0.0498841617071
feb-	0.0212765957447	0.978723404255	0.0	0.0
anu-	0.337572674419	0.130450581395	0.0388808139535	0.493095930233
wai-	0.0569968403094	0.863284089083	0.0169842933539	0.0627347772533
gay-	0.0161290322581	0.983870967742	0.0	0.0
beb-	0.24	0.64	0.12	0.0
lo'-	0.16779864163	0.491914050965	0.274626969376	0.0656603380292
kin-	0.11608967335	0.138759735837	0.0402167796962	0.704933811117
reu-	0.0955227760088	0.849892780558	0.0272922217168	0.0272922217168
dan-	0.159964432589	0.787751472713	0.00373457819273	0.0485495165055
mub-	0.504097017537	0.137669149089	0.0822541140541	0.27597971932
urr-	0.644613033849	0.159719663723	0.035212740391	0.160454562037
ser-	0.22533834571	0.723396840388	0.0430987373513	0.00816607655078
uyu-	0.557620817844	0.442379182156	0.0	0.0
mis-	0.0415224913494	0.958477508651	0.0	0.0
ted-	0.891170915958	0.087582625118	0.014164305949	0.0070821529745
elm-	0.0	1.0	0.0	0.0
ran-	0.17263477444	0.213751898859	0.166927183304	0.446686143398
din-	0.182477513661	0.372596898883	0.0237136676739	0.421211919782
riw-	0.285714285714	0.714285714286	0.0	0.0
yai-	0.0825105782793	0.822284908322	0.0232722143864	0.0719322990127
zel-	0.0	1.0	0.0	0.0
yon-	0.0	1.0	0.0	0.0
rin-	0.132029339853	0.471882640587	0.337408312958	0.0586797066015
agr-	0.00710479573712	0.989342806394	0.0	0.00355239786856
was-	0.168539325843	0.831460674157	0.0	0.0
tuo-	0.437285721221	0.285692984351	0.098941450515	0.178079843914
sos-	0.0	1.0	0.0	0.0
mup-	0.438064982662	0.23508194297	0.0648599250921	0.261993149276
don-	0.600550964187	0.2681359045	0.0220385674931	0.10927456382
ule-	0.694423223835	0.165011459129	0.00916730328494	0.131398013751
kua-	0.462704351831	0.218302083109	0.0359816467685	0.283011918291
tat-	0.270245752928	0.322447633185	0.277420418934	0.129886194953
bit-	0.0	1.0	0.0	0.0
meb-	0.103747521695	0.50817434264	0.0819059381805	0.306172197484
ron-	0.480570975416	0.496431403648	0.0134813639968	0.00951625693894
kag-	0.558558558559	0.398198198198	0.0324324324325	0.0108108108108
kip-	0.329387015639	0.214967480189	0.07329857951	0.382346924662
pot-	0.229903536978	0.668810289389	0.0434083601286	0.0578778135048
mam-	0.388523032928	0.27400730983	0.0948546730413	0.2426149842
esa-	0.00653594771242	0.993464052288	0.0	0.0
sia-	0.209313616412	0.0750558837826	0.0458965134812	0.669733986324
lea-	0.283464566929	0.629921259843	0.0708661417323	0.015748031496
sis-	0.317255992673	0.416538527828	0.0797812120864	0.186424267412
loy-	0.048	0.912	0.04	0.0
mag-	0.112742145144	0.65766779747	0.202292254526	0.0272978028598
pai-	0.550108202466	0.315596567097	0.0627584540285	0.0715367764083
doi-	0.165528875307	0.728992528328	0.0267434827206	0.0787351136442
sur-	0.12678413386	0.741466384351	0.0487104404048	0.0830390413847
kea-	0.123360863453	0.336791235694	0.457351106111	0.0824967947422
fri-	0.0406582768635	0.895450145208	0.054211035818	0.00968054211036
reg-	0.0487804878049	0.951219512195	0.0	0.0
kho-	0.0400667779633	0.883138564274	0.0701168614357	0.0066777963272
mac-	0.0	1.0	0.0	0.0
map-	0.149508348621	0.121382919776	0.569205590429	0.159903141174
bet-	0.0217435071472	0.933561505939	0.0102677672639	0.0344272196497
til-	0.244104619607	0.518348983581	0.105646242844	0.131900153968
sal-	0.211139942655	0.434679010272	0.0708699671922	0.283311079881
asu-	0.0344462109168	0.954954954955	0.0105988341282	0.0
aun-	0.0	1.0	0.0	0.0
isk-	0.0	1.0	0.0	0.0
gab-	0.0	1.0	0.0	0.0
sek-	0.0	0.962962962963	0.037037037037	0.0
ull-	0.499285527449	0.258063701795	0.0626758292619	0.179974941494
ind-	0.118339090357	0.0552057833996	0.004217456036	0.822237670207
yan-	0.0	0.912832929782	0.0508474576271	0.0363196125908
liu-	0.228734144166	0.0787566252597	0.0306547353178	0.661854495256
min-	0.0634070190992	0.805153506659	0.0512652494844	0.0801742247576
diu-	0.813238770686	0.108747044917	0.0124113475177	0.0656028368794
ren-	0.596559378468	0.300776914539	0.0360710321865	0.0665926748058
sul-	0.28187627889	0.124421102607	0.0456562009695	0.548046417533
mui-	0.666543795682	0.0799629581383	0.0263400912375	0.227153154943
das-	0.0543999081858	0.938369724271	0.00309872894729	0.00413163859639
ma'-	0.419665908556	0.315210656417	0.081271444139	0.183851990888
lok-	0.111082802548	0.776305732484	0.0537579617834	0.0588535031847
naz-	0.0155677655678	0.978937728938	0.00549450549451	0.0
akw-	0.0	1.0	0.0	0.0
kre-	0.0	0.982938388626	0.0	0.0170616113744
kar-	0.119137315248	0.413891809809	0.140958789497	0.326012085445
soa-	0.302325581395	0.558139534884	0.093023255814	0.046511627907
ark-	0.0393184796854	0.960681520315	0.0	0.0
kay-	0.110387531159	0.640793006713	0.0127752721439	0.236044189983
kus-	0.433560588116	0.177454403147	0.0575517588216	0.331433249915
sye-	0.0	0.958593864364	0.0414061356365	0.0
lil-	0.171721677074	0.423489601762	0.1077424885	0.297046232663
bea-	0.256849315068	0.367294520548	0.197773972603	0.178082191781
ist-	0.0588235294117	0.941176470588	0.0	0.0
ung-	0.511209491817	0.27864543833	0.0816143618929	0.12853070796
taw-	0.405013864244	0.386009223059	0.062969864422	0.146007048275
lop-	0.0933460986118	0.857277960046	0.0114887505984	0.0378871907436
oma-	0.180374894809	0.227720391725	0.553819691687	0.0380850217779
mer-	0.174794898744	0.580699305087	0.164096691713	0.0804091044565
lob-	0.489808034831	0.441042595546	0.0691493696232	0.0
luk-	0.0855207451313	0.787468247248	0.0152413209145	0.111769686706
mon-	0.377838060852	0.364483863589	0.0774380976201	0.180239977939
lel-	0.209743509384	0.137652409038	0.133729866337	0.518874215241
iat-	0.23123838612	0.0346250053465	0.0154772522412	0.718659356292
uyy-	0.297569650267	0.352104327208	0.0545346769413	0.295791345584
att-	0.167358410254	0.398367315419	0.0117482535664	0.422526020761
one-	0.121645796064	0.66129994037	0.0536672629696	0.163387000596
kik-	0.267714923026	0.176604380736	0.116941529235	0.438739167002
sto-	0.116666666667	0.55	0.333333333333	0.0
gog-	0.0	0.962264150943	0.0377358490566	0.0
ani-	0.0619335347432	0.865558912387	0.00453172205438	0.0679758308157
kap-	0.1339022007	0.633705806766	0.0687882399765	0.163603752558
sil-	0.38367266355	0.42578666762	0.0291779214449	0.161362747385
lal-	0.139387898716	0.424709225253	0.0160982290864	0.419804646945
bua-	0.226533467347	0.502343311179	0.0765725546245	0.194550666849
kib-	0.422731860491	0.298306605361	0.17702141976	0.101940114388
mep-	0.504429461706	0.344298339066	0.101089793763	0.050182405465
pag-	0.551401869159	0.154205607477	0.0280373831776	0.266355140187
gau-	0.147684742493	0.576120296605	0.14317461274	0.133020348162
him-	0.0	0.91724137931	0.0	0.0827586206897
tik-	0.514988276398	0.276524234313	0.0574688975829	0.151018591706
tur-	0.511886809835	0.149861567032	0.0602219776277	0.278029645505
ga'-	0.607082630691	0.261382799325	0.0151770657673	0.116357504216
run-	0.342898134864	0.211382113821	0.0286944045911	0.417025346724
sau-	0.188196386783	0.631296183871	0.0268015087792	0.153705920567
pri-	0.00677966101694	0.993220338983	0.0	0.0
tro-	0.0383064516129	0.945564516129	0.00806451612903	0.00806451612903
tiu-	0.617258263801	0.177231010164	0.0326738563387	0.172836869696
bom-	0.0843998616396	0.854029747492	0.051885160844	0.00968523002419
kit-	0.231126643743	0.124284322331	0.0416723706143	0.602916663312
pop-	0.452904123146	0.448082864135	0.0625025075896	0.0365105051289
gol-	0.0	1.0	0.0	0.0
ela-	0.0	1.0	0.0	0.0
yud-	0.0510112970224	0.874606933499	0.00496913700066	0.069412632478
nag-	0.38028492918	0.473506067718	0.0977380208273	0.0484709822745
bai-	0.0226242903326	0.593036313221	0.0114636869061	0.37287570954
leg-	0.0	0.845161290323	0.0	0.154838709677
arp-	0.0	1.0	0.0	0.0
itu-	0.0	0.988826815642	0.0111731843575	0.0
kad-	0.169080951421	0.450538303277	0.172246907757	0.208133837544
fen-	0.0441176470588	0.872549019608	0.0588235294118	0.0245098039215
rui-	0.162943850165	0.663509047799	0.0337572916677	0.139789810368
ras-	0.0507036043649	0.787669471286	0.0336554359408	0.127971488408
kuu-	0.802065856921	0.0988936222853	0.0305780842888	0.068462436505
tir-	0.279888886216	0.631584854534	0.0411064880509	0.0474197711986
man-	0.338531911452	0.164005329807	0.0379956811248	0.459467077616
men-	0.421727780149	0.270513620921	0.0579574821348	0.249801116795
kes-	0.149741985926	0.687380766224	0.115590304926	0.0472869429241
sie-	0.118577075099	0.181818181818	0.0	0.699604743083
bus-	0.224029175893	0.631393855944	0.0312598850083	0.113317083155
fle-	0.0	1.0	0.0	0.0
lub-	0.0615942028985	0.760869565217	0.00724637681158	0.170289855072
tap-	0.297937497625	0.122762306645	0.0364079709718	0.542892224758
lup-	0.321739130435	0.523188405797	0.111594202898	0.0434782608696
ibr-	0.00757814966845	0.958320176823	0.0303125986738	0.00378907483422
sol-	0.0374375314731	0.0487241125826	0.020771936311	0.893066419633
dom-	0.0660633777552	0.852278517186	0.00377015385373	0.0778879512055
ulu-	0.0476588946788	0.897959377734	0.00765471073751	0.0467270168499
bos-	0.21868707209	0.582360048329	0.153040676601	0.0459122029804
pam-	0.287074633807	0.627633795496	0.0483171592204	0.0369744114766
laz-	0.0562793121417	0.880145909328	0.00416883793642	0.0594059405941
dru-	0.0	0.978723404255	0.0212765957447	0.0
nil-	0.0	0.986842105263	0.0	0.0131578947368
hal-	0.0666666666667	0.933333333333	0.0	0.0
meg-	0.371229698376	0.240139211137	0.266821345707	0.12180974478
opa-	0.380716934487	0.278121137207	0.0815822002472	0.259579728059
ram-	0.129722975263	0.793290410031	0.0508302270417	0.0261563876652
asy-	0.0	1.0	0.0	0.0
pit-	0.0225180013092	0.027885664412	0.00759327951123	0.942003054768
lap-	0.254387197665	0.503609977422	0.104353567119	0.137649257795
ara-	0.0582977908536	0.814029559737	0.0944048883241	0.0332677610849
las-	0.02	0.87	0.11	0.0
nas-	0.444125290791	0.238819319275	0.0707955431824	0.246259846751
pem-	0.194824691242	0.6133092373	0.0835316985343	0.108334372924
eti-	0.0799999999999	0.671111111111	0.213333333333	0.0355555555555
sip-	0.343955512339	0.206194053697	0.146030684211	0.303819749753
pad-	0.151782729282	0.364625475551	0.105310936786	0.378280858381
yus-	0.0177822513001	0.949505116591	0.0077168260359	0.0249958060728
yos-	0.125	0.81995412844	0.0412844036697	0.0137614678899
gah-	0.110294117647	0.757352941176	0.0	0.132352941176
nuh-	0.0	1.0	0.0	0.0
inn-	0.282626164528	0.0520846738323	0.0207636131294	0.644525548511
bar-	0.179896489317	0.541984373775	0.194693315672	0.0834258212364
zeb-	0.00348735832607	0.996512641674	0.0	0.0
pis-	0.223288946389	0.0883531602032	0.0303319554448	0.658025937963
rup-	0.165321175636	0.51122362019	0.103819011515	0.219636192659
ten-	0.0236323614806	0.0364613577129	0.0192434943485	0.920662786458
yod-	0.0	1.0	0.0	0.0
pet-	0.115334717122	0.711436665847	0.0368142709253	0.136414346105
his-	0.0387096774194	0.961290322581	0.0	0.0
sai-	0.478667445938	0.472238457043	0.0490940970193	0.0
wir-	0.0846446011937	0.304937601736	0.518176885513	0.0922409115572
yas-	0.0326594090202	0.94867807154	0.0186625194401	0.0
kuo-	0.472000693028	0.1716757331	0.0782887523702	0.278034821502
amb-	0.0348915472622	0.79478552848	0.00530185351396	0.165021070744
lot-	0.00862068965518	0.778735632184	0.169540229885	0.0431034482759
kef-	0.0103806228374	0.975778546713	0.0	0.0138408304498
ish-	0.00255754475703	0.994884910486	0.00255754475703	0.0
bot-	0.0566801619434	0.82995951417	0.080971659919	0.0323886639676
awa-	0.317919075144	0.300578034682	0.242774566474	0.138728323699
fir-	0.0309050772627	0.94701986755	0.0220750551876	0.0
nay-	0.639534883721	0.142441860465	0.0193798449612	0.198643410853
kao-	0.207181969247	0.0334654501911	0.0074891859024	0.751863394659
sea-	0.0	1.0	0.0	0.0
sua-	0.63488073994	0.107748762158	0.00754015130571	0.249830346596
rub-	0.0	1.0	0.0	0.0
bau-	0.0652173913043	0.906832298137	0.027950310559	0.0
mik-	0.0576923076923	0.942307692308	0.0	0.0
fes-	0.0117955439056	0.97378768021	0.0	0.0144167758846
yef-	0.0	1.0	0.0	0.0
nam-	0.268270120259	0.567221708295	0.0655257477644	0.0989824236818
lep-	0.179487179487	0.758974358974	0.0615384615385	0.0
ped-	0.0998336106489	0.334442595674	0.565723793677	0.0
ewa-	0.147984720192	0.638543341025	0.0530224950765	0.160449443706
kot-	0.07926349375	0.620241269144	0.0329054797008	0.267589757405
bul-	0.0522491128812	0.769896245567	0.153116183498	0.0247384580544
wak-	0.061215566244	0.874070835155	0.0148666375164	0.0498469610844
dot-	0.291017990697	0.189714614137	0.15121523046	0.368052164705
tae-	0.158141940143	0.0395548482079	0.0124417659634	0.789861445685
keo-	0.0652173913043	0.695652173913	0.239130434783	0.0
tan-	0.142994142228	0.427020995728	0.0761013651334	0.353883496911
ema-	0.0384615384615	0.923076923077	0.0384615384615	0.0
bil-	0.200808741289	0.63524907511	0.0129054460982	0.151036737503
nea-	0.0	1.0	0.0	0.0
aga-	0.0192307692308	0.980769230769	0.0	0.0
pob-	0.0685871056241	0.890260631001	0.0	0.0411522633745
rem-	0.572797825543	0.387271556811	0.0275383569972	0.0123922606488
pia-	0.720059632268	0.239937054829	0.0104356468444	0.0295676660593
rop-	0.61805046001	0.331828187616	0.0162555737427	0.0338657786307
mau-	0.532253684549	0.2131401157	0.124422939245	0.130183260506
ba'-	0.147355955524	0.776066669736	0.0341268735257	0.0424505012148
sii-	0.319673969939	0.518806550512	0.0381365437822	0.123382935766
oll-	0.188679245283	0.755166217431	0.0134770889488	0.0426774483378
bel-	0.0858792136049	0.828390288959	0.0234446666457	0.0622858307902
boa-	0.0	1.0	0.0	0.0
loa-	0.104705942926	0.767650503932	0.0450256793111	0.0826178738302
ton-	0.239365808966	0.310969110093	0.0836946476437	0.365970433297
mej-	0.15210355987	0.838187702265	0.00647249190938	0.00323624595469
ant-	0.143839130384	0.219618038813	0.00664246781952	0.629900362983
dia-	0.454641144235	0.277951665888	0.0904531758738	0.176954014003
asd-	0.024	0.928	0.048	0.0
boy-	0.370256410256	0.213333333333	0.264615384615	0.151794871795
nak-	0.594015419605	0.0499440780156	0.0172897431763	0.338750759204
tip-	0.502347671218	0.26918164319	0.146257218414	0.0822134671775
pol-	0.15733975925	0.0851860492005	0.0675585153757	0.689915676173
ize-	0.0687022900763	0.908396946565	0.0	0.0229007633588
peb-	0.35449941566	0.597195169459	0.0229840280483	0.0253213868329
rum-	0.890330188679	0.0955188679246	0.0141509433962	0.0
sar-	0.24631423521	0.555020868969	0.0587545671909	0.13991032863
lao-	0.413872998531	0.0944532365023	0.0103036094114	0.481370155555
kio-	0.386733244766	0.182921801274	0.252050025196	0.178294928764
bee-	0.703203230148	0.200709365846	0.00906341540654	0.0870239885995
ret-	0.230428360414	0.65435745938	0.0487444608567	0.06646971935
saf-	0.0	1.0	0.0	0.0
teu-	0.142857142857	0.830357142857	0.0	0.0267857142857
gub-	0.0953908492318	0.8624008104	0.0067533344589	0.0354550059092
dam-	0.03482493915	0.929413967422	0.0222804718218	0.0134806216064
put-	0.0	1.0	0.0	0.0
tin-	0.113358498904	0.379828799506	0.0257883689722	0.481024332618
gaz-	0.0392156862745	0.960784313725	0.0	0.0
art-	0.0	1.0	0.0	0.0
nab-	0.29689694254	0.480629354282	0.0641963588906	0.158277344287
bal-	0.203464098707	0.594056266593	0.113582534841	0.0888970998586
apo-	0.0435172723195	0.935957828623	0.00168236877524	0.0188425302827
han-	0.0197530864198	0.967901234568	0.0123456790123	0.0
efa-	0.018691588785	0.897196261682	0.0	0.0841121495327
gal-	0.0161646045361	0.957597196797	0.016711233675	0.00952696499231
sad-	0.198084694468	0.715143568326	0.0410877407313	0.0456839964742
pub-	0.0570342205323	0.920152091255	0.0228136882129	0.0
dim-	0.291624279417	0.340793489318	0.310613767379	0.0569684638861
mok-	0.471858203616	0.102493937506	0.0345379032236	0.391109955654
top-	0.0625	0.8125	0.0	0.125
kub-	0.707173763702	0.1658293372	0.024926007569	0.102070891529
tun-	0.30777903044	0.473506200676	0.157835400225	0.0608793686584
sop-	0.0	0.924050632911	0.0759493670885	0.0
dad-	0.36176626411	0.0853629457477	0.0205897914367	0.532280998706
iru-	0.138688964128	0.789005046619	0.0179137274524	0.0543922618003
tas-	0.0751352494335	0.737424595449	0.0604373463981	0.12700280872
amp-	0.284501845018	0.659655596556	0.0211562115621	0.0346863468635
set-	0.0397000621463	0.749677002584	0.159066005953	0.0515569293167
kaa-	0.0160618679357	0.0630577037478	0.920880428317	0.0
hag-	0.260663507109	0.659557661927	0.0608214849921	0.0189573459715
akk-	0.570653293948	0.223260287147	0.119530122965	0.0865562959401
hak-	0.0	1.0	0.0	0.0
toi-	0.243310547767	0.0916144243599	0.017980187524	0.647094840349
rom-	0.071593263383	0.767927554635	0.13357949609	0.0268996858919
kep-	0.0778210116732	0.844357976654	0.0	0.0778210116732
sib-	0.32159332799	0.345682775134	0.111220462455	0.221503434421
hen-	0.0	1.0	0.0	0.0
keb-	0.276675577776	0.578599760962	0.0884028472606	0.0563218140013
muk-	0.524027733694	0.187709745961	0.070386329998	0.217876190346
eng-	0.091743119266	0.899082568807	0.00917431192662	0.0
law-	0.908457711443	0.0796019900497	0.0	0.0119402985075
lus-	0.0	0.100558659218	0.664804469274	0.234636871508
era-	0.0163934426229	0.983606557377	0.0	0.0
sus-	0.0857270366697	0.0635437372043	0.0596917138451	0.791037512281
amf-	0.0	1.0	0.0	0.0
to'-	0.109526850974	0.565156946428	0.0787787769592	0.246537425639
bla-	0.119402985075	0.835820895522	0.044776119403	0.0
dua-	0.112909449336	0.103737522629	0.0329165647312	0.750436463303
kwa-	0.0923076923077	0.907692307692	0.0	0.0
mak-	0.157694269061	0.397073485124	0.292482056035	0.15275018978
pep-	0.20065641068	0.598210868644	0.043084404106	0.15804831657
get-	0.0	1.0	0.0	0.0
sam-	0.194654682812	0.655777064249	0.0638126338985	0.0857556190413
nik-	0.020297699594	0.96752368065	0.0	0.0121786197564
lit-	0.134575967821	0.698996333683	0.0301677267872	0.136259971709
yun-	0.0527846912034	0.710116859785	0.206379489377	0.0307189596347
yao-	0.0392904430169	0.0239579580704	0.022941531494	0.913810067419
mas-	0.194260844847	0.378580081513	0.308965143827	0.118193929812
ima-	0.018505064319	0.952348390957	0.019829907261	0.00931663746314
khu-	0.0	0.966666666667	0.0333333333333	0.0
ruf-	0.0	1.0	0.0	0.0
lib-	0.186126747776	0.752859996368	0.0348647176321	0.0261485382241
tig-	0.594768015795	0.163376110563	0.170286278381	0.0715695952615
uta-	0.3290302267	0.510075566751	0.149559193955	0.0113350125945
ing-	0.0	1.0	0.0	0.0
kas-	0.216584030959	0.552614509041	0.0769722783074	0.153829181692
klo-	0.0212765957447	0.957446808511	0.0	0.0212765957447
sum-	0.288195084033	0.514808713669	0.108995899172	0.0880003031259
dar-	0.0796933197891	0.700212838001	0.164465728245	0.0556281139651
dit-	0.544219712808	0.33472909879	0.0453572234444	0.075693964957
sa'-	0.109724661949	0.606988094784	0.05575773927	0.227529503997
gam-	0.177009155646	0.792472024415	0.0	0.030518819939
yop-	0.0333333333333	0.959259259259	0.0037037037037	0.0037037037037
ebu-	0.0	1.0	0.0	0.0
gad-	0.0212615166548	0.95747696669	0.0	0.0212615166548
sem-	0.384456065862	0.615543934138	0.0	0.0
amo-	0.0	1.0	0.0	0.0
da'-	0.250486835436	0.143783178168	0.298290073892	0.307439912503
lik-	0.092715231788	0.668874172186	0.238410596026	0.0
tei-	0.216867469879	0.313253012048	0.0963855421687	0.373493975904
rot-	0.0242674664933	0.940023491411	0.00875684292216	0.0269521991736
mug-	0.672627005348	0.131851604278	0.0250668449198	0.170454545454
suu-	0.297179394302	0.151298486543	0.0508685449706	0.500653574185
kul-	0.424271084784	0.411898269058	0.119262804933	0.0445678412246
buk-	0.294471493944	0.608257276847	0.00768657307324	0.089584656136
los-	0.668269230769	0.216346153846	0.0144230769231	0.100961538462
muo-	0.674286771495	0.0565948031014	0.0164282104587	0.252690214945
hes-	0.0	1.0	0.0	0.0
alu-	0.248603731487	0.464991382824	0.145240530046	0.141164355643
ke'-	0.677543691057	0.148909082619	0.0123734335927	0.161173792731
eun-	0.0384615384615	0.961538461538	0.0	0.0
kal-	0.104931998073	0.0941770145539	0.0356158653649	0.765275122009
ond-	0.121621450865	0.23002565107	0.178672967816	0.469679930249
aba-	0.0	1.0	0.0	0.0
tam-	0.240049443722	0.193240722726	0.0648353313544	0.501874502198
kil-	0.172677728298	0.729936684194	0.0305238408607	0.0668617466473
res-	0.355263157895	0.430622009569	0.188995215311	0.0251196172249
tob-	0.480541455161	0.387478849408	0.0507614213198	0.0812182741117
les-	0.17952718904	0.64690998036	0.0367802103792	0.136782620221
pau-	0.0464851950221	0.781306178309	0.00243560153559	0.169773025133
unt-	0.469768174598	0.247746790691	0.0576007939555	0.224884240755
sim-	0.214257223775	0.576691721549	0.0598490132744	0.149202041401
nap-	0.378376022335	0.170498126228	0.0507569570472	0.400368894389
ros-	0.365627632687	0.050547598989	0.393428812131	0.190395956192
lak-	0.0191632281322	0.0151052761389	0.0266266574703	0.939104838259
kel-	0.231667554608	0.159492807672	0.0154544485882	0.593385189132
taa-	0.318626950933	0.399571559727	0.0941038457615	0.187697643579
leb-	0.520833333333	0.254166666667	0.0875	0.1375
pus-	0.465844671202	0.158659297052	0.202357331822	0.173138699924
iap-	0.49069539667	0.354554358472	0.0901077375122	0.0646425073457
aso-	0.0183486238532	0.94495412844	0.0	0.0366972477064
nat-	0.594716766807	0.184328272394	0.0497920269432	0.171162933855
reh-	0.0	1.0	0.0	0.0
tim-	0.0650225338006	0.866887831748	0.0119178768152	0.0561717576365
pil-	0.0983495365137	0.800568995403	0.043051473359	0.0580299947245
poa-	0.717539863326	0.184510250569	0.0979498861048	0.0
gom-	0.003996003996	0.933066933067	0.0	0.0629370629371
dil-	0.518225161036	0.313130955959	0.118974794175	0.0496690888304
pos-	0.451351351351	0.397297297297	0.081081081081	0.0702702702702
mun-	0.199209964211	0.103790332848	0.0549559362313	0.64204376671
jut-	0.10447761194	0.388059701493	0.0597014925373	0.44776119403
bur-	0.282298573438	0.65541490858	0.0502310628893	0.0120554550934
hos-	0.0	1.0	0.0	0.0
bol-	0.456829034207	0.248350059836	0.231998767729	0.0628221382276
olo-	0.111205021051	0.559771068434	0.0437724666489	0.285251443865
kiu-	0.17845484222	0.636561479869	0.0544069640914	0.130576713819
bek-	0.157017331366	0.753352859565	0.0658459776697	0.0237838313991
obe-	0.0	1.0	0.0	0.0
hab-	0.071599045346	0.928400954654	0.0	0.0
efe-	0.0209277990931	0.945936519009	0.0073247296826	0.0258109522148
odo-	0.0520231213873	0.341040462428	0.606936416185	0.0
rau-	0.391304347826	0.0434782608696	0.0	0.565217391304
asa-	0.273749270584	0.0891640658373	0.0349558124878	0.602130851091
dii-	0.488034580599	0.160922549933	0.0877821800028	0.263260689466
naf-	0.0	1.0	0.0	0.0
yoh-	0.0534286289863	0.876019304377	0.0101164043409	0.060435662296
ore-	0.641620735501	0.25627654219	0.0325283009126	0.0695744213964
tra-	0.0	0.992831541219	0.00716845878136	0.0
nao-	0.323751596906	0.117107015845	0.0387073560332	0.520434031217
pup-	0.589285714286	0.196428571429	0.0357142857143	0.178571428571
hie-	0.0	1.0	0.0	0.0
rar-	0.0507859975749	0.926470273196	0.00654819456921	0.0161955346597
dib-	0.490100147879	0.356085524848	0.0612808452814	0.0925334819923
yeh-	0.0	1.0	0.0	0.0
la'-	0.113232889084	0.144372981258	0.150048245508	0.59234588415
meo-	0.652631578947	0.161524500908	0.0682395644283	0.117604355717
bis-	0.191198786039	0.599105227356	0.0393752289258	0.170320757679
