-ua'	0.478695806872	0.173635804932	0.0347396681294	0.312928720066
-cai	0.581687612208	0.364452423698	0.0538599640934	0.0
-eus	0.00460031983176	0.991675611733	0.0	0.00372406843524
-aja	0.380974120115	0.299598383664	0.114559980258	0.204867515963
-hel	0.0779220779221	0.805194805195	0.0779220779221	0.038961038961
-hem	0.0	1.0	0.0	0.0
-pu'	0.417803710108	0.273958495524	0.147235174729	0.161002619639
-cau	0.53125	0.420833333333	0.0291666666666	0.01875
-kho	0.0	1.0	0.0	0.0
-lem	0.00339465113078	0.982201018395	0.000412862975366	0.0139914674985
-aus	0.0516129032258	0.933724340176	0.0	0.0146627565982
-'ba	0.423517851294	0.404847690796	0.115623976417	0.0560104814936
-oya	0.628787073456	0.141911657592	0.0636641744328	0.16563709452
-'be	0.0	0.52	0.48	0.0
-'bi	0.157112116724	0.426887811027	0.125762724019	0.29023734823
-'bo	0.359883083668	0.563390573621	0.0219218122031	0.0548045305079
-uru	0.0616788455861	0.774966784765	0.0943404930617	0.069013876587
-aua	0.11959357979	0.516737837169	0.0267531940924	0.336915388949
-zim	0.0	1.0	0.0	0.0
-aud	0.00145107167689	0.988663502524	0.000725535838445	0.0091598899604
-'bu	0.104082580748	0.173445374767	0.0655586044246	0.656913440061
-aui	0.580575539568	0.239568345324	0.0424460431655	0.137410071942
-aum	0.0139778683751	0.96447291788	0.0	0.0215492137449
-nsa	0.0792572596862	0.738894789651	0.0633538903745	0.118494060289
-aun	0.19391634981	0.80608365019	0.0	0.0
-nto	0.0956435998566	0.834080315525	0.002689135891	0.0675869487271
-pus	0.00854342909792	0.973364603401	0.00100510930564	0.0170868581958
-nta	0.170869312787	0.429416957999	0.0439652719429	0.355748457271
-nte	0.0832904884319	0.827249357327	0.0894601542416	0.0
ALL	0.227835339909	0.275727754308	0.0518537668515	0.444583138932
-uan	0.107883817427	0.240663900415	0.0373443983402	0.614107883818
-pue	0.633879781421	0.276867030965	0.0218579234973	0.0673952641166
-apa	0.132146446526	0.193492075294	0.0138456527233	0.660515825457
-pua	0.222039473684	0.572368421053	0.148026315789	0.0575657894737
-'re	0.107614780103	0.0637181523275	0.0280321857921	0.800634881778
-ntu	0.201269955124	0.0707541240317	0.0417931142111	0.686182806633
-pui	0.736792325361	0.128848954346	0.0828641775135	0.0514945427795
-opi	0.209178228388	0.436499466382	0.0277481323373	0.326574172892
-au'	0.346121922723	0.441340038426	0.110528037941	0.10201000091
-ope	0.0618955512572	0.924564796905	0.00193423597679	0.0116054158608
-ipi	0.121459002915	0.452126466851	0.0381194409148	0.388295089319
-opa	0.487668161435	0.142376681614	0.235426008969	0.134529147982
-gke	0.436871042938	0.33374419726	0.185345282626	0.0440394771757
-dea	0.0224511228495	0.969335051718	0.0032855301731	0.00492829525964
-gka	0.0744397370086	0.0225352117117	0.0105483802014	0.892476671078
-oia	0.44140969163	0.388986784141	0.106167400881	0.063436123348
-oku	0.226576593506	0.382784312989	0.147554306975	0.24308478653
-dei	0.236279224009	0.363289670038	0.363123860056	0.0373072458962
-gko	0.319433446123	0.168268191776	0.0516980915157	0.460600270585
-dek	0.0414314879308	0.944157559745	0.0	0.0144109523238
-gki	0.43956043956	0.516483516484	0.043956043956	0.0
-400	0.0	0.210970464135	0.286919831224	0.502109704641
-ima	0.438557459	0.335716337219	0.0701857320513	0.155540471729
-oko	0.350003707927	0.36485578994	0.112414144544	0.172726357589
-des	0.0332563510393	0.880831408776	0.0384526558891	0.0474595842956
-oki	0.53735721259	0.205036840813	0.0776862165233	0.179919730074
-okh	0.020725388601	0.979274611399	0.0	0.0
-te'	0.130423112586	0.678187984969	0.0399047142648	0.15148418818
-imi	0.585911717506	0.162598367056	0.106996923124	0.144492992313
-oka	0.278252237093	0.361895176206	0.0913071230835	0.268545463617
-imo	0.410052666321	0.254333129923	0.201054410303	0.134559793454
-zur	0.0	1.0	0.0	0.0
-lla	0.25899117696	0.308380223073	0.0965540203096	0.336074579657
-'ri	0.213791526102	0.368040863781	0.352983780281	0.0651838298359
-lle	0.239620618037	0.0841934681055	0.0752118424449	0.600974071413
-ji'	0.188421583674	0.224135729944	0.29974742155	0.287695264833
-lli	0.722255256942	0.166782237363	0.0461063043053	0.0648562013894
-oba	0.490248744599	0.423722215734	0.0330880921795	0.0529409474873
-llo	0.079722514957	0.660629123713	0.0540881687273	0.205560192603
-ece	0.185967878276	0.661876584953	0.0710059171598	0.0811496196112
-ida	0.00766773162941	0.988498402556	0.0	0.0038338658147
-llu	0.308391079956	0.235139958519	0.0562728105857	0.40019615094
-bia	0.0466633889063	0.888302865061	0.0324051311849	0.0326286148482
-rat	0.0	1.0	0.0	0.0
-bii	0.437788018433	0.270353302611	0.0691244239631	0.222734254992
-eja	0.143584388461	0.181568985772	0.563895052865	0.110951572902
-ter	0.0	1.0	0.0	0.0
-uta	0.118939904914	0.194235609588	0.627025515324	0.0597989701745
-de'	0.184891928966	0.120842783147	0.192665498299	0.501599789588
-eji	0.109619613281	0.122870561475	0.104382026362	0.663127798881
-rim	0.0	1.0	0.0	0.0
-eru	0.181692892424	0.0670947977162	0.612165283705	0.139047026155
-tea	0.163994656822	0.272957021421	0.484227466428	0.0788208553286
-ris	0.0	1.0	0.0	0.0
-utu	0.430024797742	0.259263643196	0.203826782745	0.106884776317
-tei	0.311551870603	0.383360357257	0.0449456846191	0.260142087521
-aku	0.185003120644	0.265417378406	0.060824560766	0.488754940184
-dan	0.00177619893428	0.998223801066	0.0	0.0
-are	0.368895824485	0.218629950396	0.0824849974523	0.329989227667
-ara	0.180141834388	0.665562760922	0.0353570022656	0.118938402425
-mes	0.0	1.0	0.0	0.0
-aro	0.740086000956	0.0826564739608	0.0692785475394	0.107978977544
-ari	0.376463328893	0.0497986679561	0.015722493446	0.558015509705
-jia	0.379503758183	0.500476844743	0.0671623696759	0.0528570273983
-lui	0.419616522781	0.0810438015114	0.0281901407877	0.47114953492
-oja	0.131745172352	0.617397581664	0.14437827107	0.106478974914
-mea	0.0	1.0	0.0	0.0
-lum	0.0321141837645	0.277430865299	0.0463871543265	0.64406779661
-lun	0.0241820768137	0.0711237553342	0.00853485064013	0.896159317212
-lua	0.105276993989	0.204910706462	0.35629786712	0.33351443243
-men	0.0384615384615	0.961538461538	0.0	0.0
-mei	0.0	1.0	0.0	0.0
-aya	0.180975643691	0.314277326249	0.0799159672471	0.424831062812
-rah	0.0	1.0	0.0	0.0
-rro	0.223343141376	0.326888048199	0.413105413106	0.0366633973191
-rai	0.509903864204	0.279569558283	0.113634922667	0.096891654846
-ayu	0.128987766851	0.411909330775	0.0562485008395	0.402854401535
-aru	0.455696202532	0.278481012658	0.113924050633	0.151898734177
-mar	0.0	1.0	0.0	0.0
-'na	0.22722496796	0.428726817585	0.0792682738453	0.264779940609
-ki'	0.271337382178	0.183681738425	0.057409232374	0.487571647022
-kea	0.404027664348	0.342547890542	0.198643661287	0.0547807838232
-na'	0.114205436075	0.487288050924	0.038666449675	0.359840063326
-uba	0.267190569745	0.693516699411	0.028978388998	0.0103143418468
-si'	0.619444526566	0.228426049109	0.0412055514494	0.110923872875
-ota	0.0665112201434	0.736848369236	0.0353023412526	0.161338069368
-ija	0.228447615869	0.0968829822607	0.0442185609043	0.630450840966
-oti	0.00833846934706	0.970525323569	0.00844723199072	0.0126889750934
-'mi	0.593255639549	0.154784653824	0.0541714113646	0.197788295263
-'mo	0.31606932733	0.153131089861	0.0472927877438	0.483506795064
-iji	0.31565024469	0.162209346443	0.122297319023	0.399843089844
-oto	0.253787878788	0.67803030303	0.0681818181818	0.0
-uma	0.386531820424	0.347064627528	0.0444005920079	0.222002960039
-umo	0.413377175969	0.29696304209	0.0683419964314	0.221317785509
-umi	0.601421423055	0.1264780212	0.034326781146	0.237773774599
-ako	0.270021190796	0.134696383198	0.0375717000623	0.557710725944
-kia	0.355021245582	0.489480342679	0.0451795217337	0.110318890004
-nai	0.115974853001	0.204034402014	0.0250422919516	0.654948453033
-nan	0.0	1.0	0.0	0.0
-aki	0.399851057529	0.175408255836	0.0566070104149	0.368133676221
-nam	0.0	1.0	0.0	0.0
-sis	0.0384615384615	0.961538461538	0.0	0.0
-sir	0.0245842371656	0.919498674379	0.0400096408773	0.0159074475777
-ake	0.375538539359	0.283563865971	0.084413037815	0.256484556855
-aka	0.246888984234	0.359734458908	0.0744784404797	0.318898116378
-aul	0.130434782609	0.832298136646	0.0372670807453	0.0
-kis	0.0	1.0	0.0	0.0
-go'	0.134811046512	0.220203488372	0.549055232558	0.0959302325581
-nas	0.0157894736842	0.977894736842	0.00631578947368	0.0
-sia	0.0649979696333	0.688943058501	0.225147089778	0.0209118820873
-goi	0.137931034483	0.0344827586207	0.827586206897	0.0
-mos	0.0368745296615	0.926250940677	0.0368745296617	0.0
-mor	0.0	0.94495412844	0.0550458715596	0.0
-gon	0.0	1.0	0.0	0.0
-goa	0.202550637659	0.548387096774	0.235558889722	0.0135033758439
-re'	0.44013008839	0.168879922922	0.0799983591578	0.31099162953
-gog	0.0	0.987394957983	0.0126050420168	0.0
-mon	0.0123634969006	0.982850633331	0.0	0.00478586976798
-lka	0.0359880039987	0.934021992669	0.00399866711096	0.0259913362213
-coi	0.506223101082	0.363498894963	0.0802605560079	0.0500174479469
-ha'	0.416032470827	0.583967529173	0.0	0.0
-ber	0.0	1.0	0.0	0.0
-mfa	0.0	1.0	0.0	0.0
-bet	0.0540983606557	0.606967213115	0.00532786885247	0.333606557377
-eon	0.113846153846	0.870769230769	0.00615384615384	0.00923076923077
-bei	0.405855068567	0.34180895402	0.0282333960742	0.224102581339
-ben	0.0	0.77358490566	0.0	0.22641509434
-ju'	0.654843422546	0.179764583446	0.0120081312203	0.153383862787
-bel	0.0280602832583	0.936269865142	0.0	0.0356698515996
-yao	0.0	1.0	0.0	0.0
-bea	0.0	1.0	0.0	0.0
-yai	0.488046470014	0.272980704837	0.0827502690273	0.156222556122
-ma'	0.330855343062	0.351893046538	0.0481296678764	0.269121942524
-rei	0.606497533879	0.182586077353	0.0413107937888	0.16960559498
-nri	0.0694794528647	0.0298198431217	0.00292825280273	0.897772451211
-isi	0.323969243493	0.634322433861	0.030472112739	0.0112362099078
-rea	0.178705144771	0.309672255888	0.133352082875	0.378270516466
-red	0.0	1.0	0.0	0.0
-mo'	0.329833064082	0.443995691976	0.226171243942	0.0
-upa	0.163900050302	0.422325654685	0.152542681042	0.261231613971
-res	0.0684342659393	0.84357882071	0.0684342659392	0.0195526474112
-ret	0.0177388836329	0.979422894986	0.00283822138127	0.0
-upi	0.352941176471	0.36974789916	0.0252100840336	0.252100840336
-hab	0.0649350649351	0.935064935065	0.0	0.0
-hah	0.285714285714	0.404761904762	0.0952380952381	0.214285714286
-hai	0.535434631777	0.171672118148	0.156110615522	0.136782634552
-mas	0.0263775971093	0.96820234869	0.00216802168022	0.00325203252033
-hak	0.00109769484083	0.993413830955	0.0032930845225	0.00219538968167
-ham	0.0442061700527	0.897592174567	0.0243792325056	0.0338224228743
-mai	0.362961883206	0.220682941541	0.0826977675412	0.333657407712
-ya'	0.261545243058	0.58546977052	0.0459918598232	0.106993126598
-jua	0.0842834856718	0.0401733831705	0.157887573159	0.717655557998
-ugi	0.649913344887	0.28596187175	0.0415944540728	0.0225303292894
-man	0.0358208955224	0.785074626866	0.179104477612	0.0
-eo'	0.384615384616	0.442093222762	0.0674864169288	0.105804975693
-jui	0.436365251903	0.396025234724	0.0412285638125	0.12638094956
-mae	0.105563839631	0.0213979955558	0.00517433024401	0.867863834569
-be'	0.02	0.98	0.0	0.0
-uno	0.662774401316	0.267941302386	0.0137893368755	0.0554949594225
-uni	0.0	0.814814814815	0.0	0.185185185185
-se'	0.443133280243	0.205929197133	0.0774632592485	0.273474263375
-ung	0.281018021898	0.44411267872	0.0453266807172	0.229542618665
-una	0.147135750407	0.307149303645	0.187844146068	0.35787079988
-eor	0.0	1.0	0.0	0.0
-oël	0.0	1.0	0.0	0.0
-unu	0.267130197423	0.502774902239	0.0778073967773	0.152287503561
-666	0.0	0.0	0.0	1.0
-ui'	0.840506329114	0.053164556962	0.0303797468354	0.0759493670886
-ia'	0.266769178575	0.109674111544	0.0199376696786	0.603619040203
-gad	0.0550458715596	0.834862385321	0.0	0.110091743119
-tra	0.0	1.0	0.0	0.0
-ada	0.551401869159	0.448598130841	0.0	0.0
-gai	0.534458142355	0.234456342608	0.0998856158896	0.131199899147
-adi	0.0	1.0	0.0	0.0
-ku'	0.158211917171	0.551885596176	0.163931897051	0.125970589603
-eia	0.579136941186	0.197148343831	0.0419290966439	0.18178561834
-adu	0.108598835218	0.822884549503	0.0239808153477	0.0445357999315
-gar	0.0512820512821	0.931623931624	0.017094017094	0.0
-lam	0.0	1.0	0.0	0.0
-ne'	0.339669516986	0.58814105931	0.00929680442044	0.0628926192827
-'ja	0.273071244904	0.376726860316	0.155014127746	0.195187767034
-ini	0.286952484135	0.571892895837	0.141154620028	0.0
-sem	0.0	1.0	0.0	0.0
-'ne	0.158418930172	0.675640183848	0.071716439876	0.0942244461048
-ate	0.360560641116	0.201728660636	0.0962499258446	0.341460772403
-sei	0.612466124661	0.287262872629	0.0487804878049	0.0514905149052
-ino	0.070614077326	0.820350583296	0.0398470510734	0.0691882883045
-ina	0.193481597975	0.387815989707	0.192853268087	0.225849144231
-un'	0.0	0.928571428571	0.0	0.0714285714286
-ine	0.0658446178171	0.726173651006	0.0284771521303	0.179504579047
-sea	0.0143193578398	0.97852096324	0.0	0.00715967891993
-ing	0.174852116162	0.273325097402	0.104710689422	0.447112097013
-iki	0.541608187947	0.211875382508	0.0921052105766	0.154411218968
-uia	0.395884419951	0.429430947746	0.0927775109336	0.0819071213691
-set	0.0	1.0	0.0	0.0
-ses	0.0255863539445	0.955223880597	0.0127931769723	0.00639658848613
-inu	0.321218176181	0.449952726006	0.124864589673	0.10396450814
-ga'	0.38639622317	0.217415125667	0.0566436964053	0.339544954758
-kus	0.0921166120407	0.85302742798	0.0186303260307	0.0362256339486
-noi	0.682754386291	0.210021024429	0.018698718068	0.0885258712114
-ian	0.0555555555555	0.861111111111	0.0833333333333	0.0
-iai	0.564434148054	0.249394926833	0.106745414233	0.0794255108795
-nes	0.0236617853893	0.8936667494	0.0076528501696	0.075018615041
-fos	0.0	1.0	0.0	0.0
-kub	0.00180505415163	0.992779783393	0.0	0.00541516245488
-kua	0.093414797061	0.836401320184	0.0111488743075	0.0590350084476
-nei	0.436048029235	0.268826677108	0.234109892978	0.0610154006787
-ppo	0.325143494464	0.585626071108	0.0727129294633	0.0165175049645
-kum	0.0357142857143	0.875	0.0178571428571	0.0714285714286
-kui	0.621524809923	0.171584570201	0.149266301475	0.0576243184014
-nea	0.0365201256884	0.495262533589	0.0155258502817	0.452691490441
-uks	0.0124481327801	0.98755186722	0.0	0.0
-eka	0.0897988097797	0.203977260883	0.0647772631833	0.641446666154
-eke	0.357142857143	0.579831932773	0.0	0.063025210084
-bai	0.395423056342	0.281279075934	0.198557592645	0.124740275079
-eki	0.540167699417	0.21806332969	0.118287585361	0.123481385531
-bae	0.716981132075	0.0880503144654	0.150943396226	0.0440251572327
-eko	0.560706835067	0.196348183475	0.0775739656797	0.165371015778
-hor	0.0	1.0	0.0	0.0
-joi	0.409691629956	0.590308370044	0.0	0.0
-eku	0.0539455771242	0.498275219158	0.0165425306391	0.431236673079
-uji	0.447074183323	0.331447609536	0.101359329307	0.120118877834
-ra'	0.253624911371	0.476231591791	0.150942980919	0.119200515919
-ila	0.337525210582	0.621188753114	0.0151856685253	0.0261003677779
-bau	0.724390243903	0.242682926829	0.0	0.0329268292683
-bar	0.0789473684211	0.881578947368	0.0394736842105	0.0
-bas	0.0298712660917	0.913198350206	0.00918635170604	0.047744031996
-ase	0.370078740158	0.574803149606	0.0	0.0551181102362
-nya	0.0	1.0	0.0	0.0
-mbu	0.0273115896137	0.968730208993	0.00395820139329	0.0
-asa	0.137462759718	0.626209448706	0.0471389000556	0.18918889152
-yer	0.0	1.0	0.0	0.0
-asi	0.0504563580758	0.875591732434	0.0205078195484	0.0534440899417
-mba	0.383376855088	0.43131574275	0.0379223883699	0.147385013793
-asu	0.0924261874196	0.712451861361	0.16944801027	0.0256739409498
-mbe	0.0217621728093	0.0250907599576	0.0014585132407	0.951688553992
-lta	0.0384615384615	0.923076923077	0.0	0.0384615384615
-po'	0.259266922906	0.533169190683	0.0409280902783	0.166635796133
-mbo	0.40494487044	0.493284683889	0.0438067010238	0.0579637446473
-ba'	0.25832419617	0.0328143563832	0.00452379954917	0.704337647898
-uu'	0.013698630137	0.933789954338	0.0251141552511	0.027397260274
-ras	0.0270880361174	0.972911963883	0.0	0.0
-ran	0.0980392156863	0.901960784314	0.0	0.0
-eri	0.651715260468	0.166209026604	0.0784824516984	0.10359326123
-ram	0.0325976901738	0.445839267046	0.0325976901737	0.488965352607
-rak	0.0	1.0	0.0	0.0
-iwe	0.0	1.0	0.0	0.0
-ero	0.526428144479	0.229783963795	0.0420544786952	0.201733413031
-era	0.132713047655	0.704572211569	0.0200516598482	0.142663080927
-jo'	0.297348484849	0.506628787879	0.0397727272727	0.15625
-rab	0.0405405405405	0.95945945946	0.0	0.0
-ere	0.110466521634	0.263475948755	0.449117718153	0.176939811458
-dos	0.0	1.0	0.0	0.0
-ela	0.393727434781	0.377294978871	0.167220146046	0.0617574403011
-nni	0.123002590447	0.0456966557033	0.00558838082487	0.825712373024
-nro	0.672888668083	0.154798055329	0.0225087069153	0.149804569673
-poi	0.354716641139	0.343904856293	0.199792774124	0.101585728444
-uga	0.00548088838052	0.867743780383	0.0852635592413	0.041511771995
-nre	0.540990347692	0.39426257355	0.0151499975105	0.049597081247
-poa	0.176213711343	0.237500271767	0.428995052288	0.157290964602
-aza	0.0	0.95	0.05	0.0
-nra	0.467342344375	0.410694459238	0.0812076986819	0.0407554977045
-to'	0.261720272174	0.0956356224334	0.13009202362	0.512552081772
-ike	0.00411522633745	0.995884773663	0.0	0.0
-uju	0.110135135135	0.0953316953316	0.0347665847666	0.759766584767
-ika	0.187234062545	0.571136142739	0.158272486409	0.0833573083076
-ri'	0.31054444096	0.452448708151	0.176413196999	0.0605936538898
-iko	0.474425126017	0.324471417968	0.0820522660888	0.119051189927
-aat	0.0	1.0	0.0	0.0
-nor	0.0	1.0	0.0	0.0
-nos	0.0	1.0	0.0	0.0
-lah	0.0	1.0	0.0	0.0
-lai	0.495097425929	0.251596782093	0.12587410574	0.127431686238
-ppu	0.226820533227	0.729407083168	0.0179068842021	0.0258654994031
-lak	0.129763130793	0.870236869207	0.0	0.0
-uja	0.049763343498	0.394982507998	0.151909153836	0.403344994668
-iku	0.299645873059	0.571778806865	0.11767910651	0.0108962135658
-aan	0.0467289719626	0.700934579439	0.252336448598	0.0
-sa'	0.410804864818	0.290237703878	0.197065313934	0.10189211737
-aah	0.0706486833655	0.902376364804	0.0154142581888	0.0115606936416
-non	0.0	1.0	0.0	0.0
-las	0.0570646322331	0.913403266989	0.00184575629864	0.0276863444797
-noa	0.0436741552057	0.88558093223	0.0219055323916	0.048839380173
-ppa	0.552336530292	0.142062382619	0.0460566483422	0.259544438746
-'nu	0.169835953863	0.467980407577	0.0703353164359	0.291848322124
-uki	0.505946550406	0.303032450295	0.0750429998658	0.115977999433
-gei	0.45739334334	0.308682632495	0.0452165990845	0.188707425081
-boa	0.0679711637487	0.808444902163	0.11122554068	0.0123583934089
-lo'	0.130367920404	0.75541435711	0.0555200245282	0.0586976979578
-gea	0.0233609846693	0.954093275614	0.00432923181598	0.018216507901
-aha	0.362649171427	0.290537865505	0.193201741983	0.153611221085
-boi	0.453098075633	0.260878089047	0.16684723727	0.11917659805
-dod	0.0	1.0	0.0	0.0
-ro'	0.204393294594	0.19171187857	0.0461073948732	0.557787431963
-doa	0.282608695652	0.13768115942	0.260869565217	0.31884057971
-don	0.0	0.985849056604	0.0	0.0141509433962
-dom	0.00474997596738	0.995250024033	0.0	0.0
-dok	0.0	1.0	0.0	0.0
-doi	0.283333333333	0.15	0.533333333333	0.0333333333333
-mpo	0.416502572762	0.182475042272	0.223404457349	0.177617927618
-la'	0.309005636623	0.426285512387	0.0661157216706	0.198593129319
-sau	0.15145631068	0.84854368932	0.0	0.0
-toa	0.127551361491	0.615543527987	0.155683026228	0.101222084294
-mpa	0.138712447251	0.0255217416274	0.00770014583906	0.828065665283
-oli	0.225133265283	0.673131450607	0.0217761143246	0.0799591697856
-tor	0.045045045045	0.862290862291	0.0926640926641	0.0
-olo	0.242953780998	0.194337554281	0.119761376207	0.442947288514
-ola	0.733333333333	0.222222222222	0.0	0.0444444444444
-sai	0.408687657267	0.25395030323	0.0497916268536	0.28757041265
-mpu	0.0372948340143	0.882894221195	0.0626553211441	0.0171556236466
-ole	0.0572710113788	0.0351015287063	0.0663130336797	0.841314426235
-sam	0.0	1.0	0.0	0.0
-no'	0.298709280885	0.309157959435	0.340503995083	0.0516287645974
-lon	0.0432786885245	0.728524590164	0.0118032786885	0.216393442623
-gku	0.12928314789	0.394291562478	0.032693614646	0.443731674985
-bo'	0.22262387586	0.196261682243	0.569873038265	0.0112414036325
-iel	0.0281434460573	0.947769820831	0.00887405956762	0.0152126735445
-loi	0.311376978814	0.323076580476	0.059917660191	0.305628780519
-ge'	0.5703125	0.0234375	0.0	0.40625
-der	0.0261723009815	0.973827699019	0.0	0.0
-loa	0.0766513642803	0.535109759203	0.134183863763	0.254055012754
-do'	0.330357142857	0.223214285714	0.303571428571	0.142857142857
-roa	0.635133497421	0.242386579228	0.0314987503213	0.0909811730296
-lot	0.01287001287	0.860038610039	0.127091377091	0.0
-roh	0.028907089649	0.900455842568	0.0274617351666	0.0431753326168
-roi	0.64661277205	0.195937526486	0.0677860348866	0.0896636665771
-hku	0.398107306119	0.149570935921	0.0	0.45232175796
-ipa	0.0276689520078	0.823947110676	0.0102840352596	0.138099902057
-oke	0.737312220869	0.221274868047	0.0365408038977	0.00487210718636
-ewa	0.271840916602	0.335959017296	0.324446402997	0.0677536631047
-rdi	0.0	0.866071428571	0.133928571429	0.0
-ewi	0.0437535981577	0.928612550374	0.0120898100173	0.0155440414508
-ipu	0.597919175247	0.227010133535	0.097411822007	0.077658869211
-awi	0.0724043715847	0.927595628415	0.0	0.0
-cu'	0.0	1.0	0.0	0.0
-awa	0.255974257199	0.55823981967	0.127031574133	0.0587543489978
-mpi	0.276243093923	0.0690607734806	0.0	0.654696132597
-har	0.0840163934426	0.688524590164	0.0	0.227459016393
-awe	0.0831460674157	0.711235955056	0.0662921348314	0.139325842697
-nge	0.367393537962	0.0243907088761	0.00327816511608	0.604937588046
-sti	0.33851511304	0.0306529347327	0.0262754996483	0.604556452579
-toi	0.242990654206	0.717757009346	0.0	0.0392523364486
-sta	0.0	0.990291262136	0.00970873786408	0.0
-ssi	0.368013104798	0.264613048863	0.282272563826	0.0851012825123
-loë	0.0555555555555	0.944444444444	0.0	0.0
-cui	0.199393417763	0.748965121521	0.0344276404771	0.0172138202385
-ssa	0.463281003387	0.170600188205	0.055173782106	0.310945026302
-tu'	0.0683461830633	0.0384160806715	0.00678859608684	0.886449140178
-cua	0.279635258359	0.506079027356	0.183890577508	0.0303951367781
-'ga	0.185783758577	0.387062820598	0.379588301912	0.0475651189128
-'ge	0.428982725528	0.455854126679	0.0287907869482	0.0863723608445
-isa	0.00971088764726	0.580035111843	0.00298538405534	0.407268616454
-ssu	0.384297520661	0.46694214876	0.136363636364	0.0123966942149
-lei	0.50967576961	0.170079792092	0.0564138960354	0.263830542263
-ois	0.0	1.0	0.0	0.0
-ion	0.0124378109453	0.980099502488	0.00746268656718	0.0
-'ru	0.559748427673	0.364779874214	0.0377358490566	0.0377358490566
-lea	0.190905276802	0.480214594122	0.0798229577858	0.249057171291
-sad	0.0	1.0	0.0	0.0
-aga	0.175951886651	0.535753269268	0.214883462107	0.0734113819746
-leg	0.0	1.0	0.0	0.0
-'ra	0.14025642842	0.748081509291	0.033175131638	0.0784869306509
-mus	0.058317656544	0.905670518678	0.00644987906476	0.0295619457136
-mur	0.0188679245283	0.962264150943	0.0188679245283	0.0
-ios	0.0	1.0	0.0	0.0
-les	0.0	1.0	0.0	0.0
-yo'	0.556672760512	0.2239488117	0.0932358318099	0.126142595978
-'ro	0.653032440056	0.279266572637	0.064880112835	0.00282087447109
-iot	0.00150375939849	0.995488721805	0.00300751879699	0.0
-fta	0.0	1.0	0.0	0.0
-eel	0.0	1.0	0.0	0.0
-rra	0.638786764706	0.188878676471	0.0850183823529	0.0873161764706
-pe'	0.140662602571	0.633168275038	0.106153571961	0.12001555043
-bka	0.26359832636	0.44769874477	0.200836820084	0.0878661087867
-rri	0.357787222315	0.396735175449	0.17422157919	0.0712560230458
-alu	0.0574374079529	0.942562592047	0.0	0.0
-ndu	0.882352941176	0.0672268907563	0.0	0.0504201680672
-ndi	0.0	0.953125	0.046875	0.0
-alo	0.261843107728	0.104165258534	0.0474154585783	0.58657617516
-ali	0.325625575002	0.18354823025	0.0642217274511	0.426604467297
-nda	0.00966356478168	0.904438081604	0.00214745884037	0.0837508947744
-ale	0.232018276369	0.328624971373	0.11213825693	0.327218495327
-gia	0.231675127556	0.497345991982	0.155575345857	0.115403534605
-ala	0.0652637076917	0.743158644342	0.0176348883021	0.173942759664
-mu'	0.165961049958	0.0812870448773	0.681625740897	0.0711261642676
-io'	0.693299364102	0.139746139698	0.0993368336256	0.0676176625747
-le'	0.287800065768	0.552384084183	0.0907596185465	0.0690562315028
-yoi	0.361111111111	0.555555555556	0.0	0.0833333333333
-yol	0.0	1.0	0.0	0.0
-pea	0.30905511811	0.0738188976378	0.572834645669	0.0442913385826
-ros	0.0642857142857	0.378571428571	0.557142857143	0.0
-pei	0.5	0.125	0.270833333333	0.104166666667
-iyo	0.0873126255601	0.112192860454	0.0285890897852	0.7719054242
-eli	0.453723991572	0.454299774758	0.043481655491	0.0484945781792
-elo	0.3769751693	0.51467268623	0.108352144469	0.0
-gi'	0.0628121548512	0.827591464615	0.0545815966293	0.0550147839042
-rka	0.0257801899593	0.932609678878	0.0348258706468	0.0067842605156
-lu'	0.28746891044	0.176334395671	0.0193666327801	0.516830061109
-iya	0.433161953728	0.23264781491	0.236503856041	0.0976863753213
-cci	0.0264900662252	0.437086092715	0.496688741722	0.0397350993377
-abu	0.311320754717	0.330188679245	0.216981132075	0.141509433962
-sye	0.0857142857143	0.6	0.0	0.314285714286
-esi	0.313106796117	0.23786407767	0.26213592233	0.186893203883
-eso	0.382439599293	0.377136122569	0.109605185622	0.130819092516
-dia	0.107154446057	0.637873818291	0.180546247184	0.0744254884668
-esa	0.128722338344	0.831515263948	0.0242618019915	0.0155005957168
-ese	0.204678362573	0.485380116959	0.27485380117	0.0350877192983
-ita	0.481458121068	0.316222728964	0.0992188637136	0.103100286255
-'di	0.0555555555556	0.164951989026	0.706447187929	0.0730452674897
-ko'	0.300849300813	0.579033290992	0.033617332119	0.0865000760757
-udu	0.314295581127	0.147902421335	0.160999452097	0.376802545441
-kko	0.483516320321	0.276934539379	0.109985587399	0.129563552901
-ria	0.075807820436	0.71142671531	0.0213680277697	0.191397436484
-fan	0.0	1.0	0.0	0.0
-fas	0.0177304964539	0.954609929078	0.0191489361702	0.00851063829787
-uda	0.00789513033942	0.984209739321	0.0	0.00789513033942
-fat	0.1	0.9	0.0	0.0
-so'	0.433901693547	0.291036312259	0.224505488168	0.0505565060264
-udi	0.0693628853354	0.731171138615	0.155991206673	0.0434747693759
-hum	0.0	1.0	0.0	0.0
-usu	0.294877480874	0.470063199911	0.124736667036	0.110322652179
-'ka	0.740072202166	0.216606498195	0.043321299639	0.0
-hud	0.0	1.0	0.0	0.0
-uoa	0.108695652174	0.891304347826	0.0	0.0
-aba	0.301879020554	0.208089939161	0.133017309032	0.357013731254
-nja	0.271120581599	0.0734519929807	0.198734018551	0.456693406869
-njo	0.0752781045071	0.00962182974191	0.00532960610398	0.909770459647
-ron	0.0239275561592	0.964108665761	0.0119637780796	0.0
-nji	0.252142083768	0.25279332649	0.156638745164	0.338425844578
-hus	0.0135900339751	0.976217440544	0.00339750849377	0.00679501698754
-tua	0.277940870345	0.214931736912	0.0223794701293	0.484747922613
-koa	0.234760361325	0.536589292538	0.194841595432	0.0338087507056
-nci	0.487924182207	0.348822989911	0.0642005502904	0.099052277591
-aei	0.112588462363	0.0803488455215	0.00643362642077	0.800629065694
-tui	0.545214114842	0.218354714413	0.0524648483063	0.183966322439
-koi	0.579418843094	0.0728484185915	0.0274466843851	0.320286053929
-ael	0.0116802498786	0.956008766749	0.0082680420489	0.0240429413232
-tun	0.00578428036747	0.942157196325	0.0520585233073	0.0
-los	0.0516288707264	0.924887763325	0.0	0.0234833659491
-son	0.0121302324055	0.975739535189	0.00606511620275	0.00606511620276
-soi	0.614236509759	0.247990815155	0.103329506315	0.0344431687715
-oro	0.284947131539	0.241789204353	0.0326520546256	0.440611609482
-kos	0.0247933884298	0.97520661157	0.0	0.0
-uai	0.447335524793	0.354877540627	0.0863465901199	0.11144034446
-ora	0.236255572065	0.698365527489	0.0416047548291	0.0237741456166
-soa	0.284872298625	0.410609037328	0.304518664047	0.0
-ore	0.0555555555556	0.453703703704	0.462962962963	0.0277777777778
-tna	0.0	0.774891774892	0.225108225108	0.0
-rus	0.0392992412914	0.834715885028	0.0105994300713	0.115385443609
-icu	0.52447869447	0.414324569356	0.0339981867633	0.0271985494107
-rut	0.0	1.0	0.0	0.0
-lis	0.0106007067138	0.989399293286	0.0	0.0
-lim	0.0	1.0	0.0	0.0
-omi	0.591971845225	0.149855769523	0.0822160555838	0.175956329668
-rui	0.517816263561	0.260724594406	0.206529312232	0.0149298297999
-run	0.0	1.0	0.0	0.0
-oma	0.0669059215585	0.693668290182	0.186618815688	0.0528069725712
-rua	0.0557431904181	0.0994699315133	0.148055633737	0.696731244332
-rug	0.0	1.0	0.0	0.0
-ome	0.0	1.0	0.0	0.0
-ye'	0.212216131558	0.249021143305	0.0117462803446	0.527016444793
-eas	0.00757575757574	0.987373737374	0.0	0.0050505050505
-pa'	0.334305873686	0.379249786474	0.0516248358698	0.234819503971
-wa'	0.351828176937	0.338148811046	0.196880593199	0.113142418819
-oda	0.637708509005	0.226321222865	0.107344948523	0.0286253196062
-'ji	0.499522935843	0.187033658499	0.194181666203	0.119261739455
-ode	0.321788063724	0.465166045811	0.126495997464	0.0865498930015
-rna	0.0346248969497	0.96537510305	0.0	0.0
-du'	0.272278085992	0.596827323162	0.0996879334257	0.0312066574202
-eai	0.13378405173	0.0595967552606	0.0345601115021	0.772059081507
-odi	0.132624503091	0.242768590573	0.445472988463	0.179133917873
-eam	0.00759493670887	0.992405063291	0.0	0.0
-rni	0.0	1.0	0.0	0.0
-odo	0.356076759062	0.337953091684	0.199360341151	0.106609808102
-zer	0.0	1.0	0.0	0.0
-uri	0.0286259541984	0.914122137405	0.0572519083969	0.0
-uro	0.518731141999	0.192513453917	0.030195319034	0.25856008505
-hna	0.00444989007472	0.956716794072	0.0312709241821	0.00756239167156
-rga	0.105545617174	0.856887298748	0.0375670840787	0.0
-li'	0.55785543243	0.307168561088	0.0412572842559	0.0937187222258
-ru'	0.395314098557	0.243010069339	0.0820604696858	0.279615362418
-pai	0.54871939181	0.225787968544	0.0631164930906	0.162376146556
-dus	0.039352864014	0.839527765632	0.0524704853519	0.0686488850022
-api	0.318417204301	0.387070967742	0.0601548387097	0.234356989247
-dua	0.141703290397	0.437424330498	0.168663847843	0.252208531262
-ea'	0.461615563435	0.206384268121	0.0612220494103	0.270778119034
-apu	0.323968821046	0.671159467359	0.00487171159466	0.0
-dui	0.508377213978	0.185096537418	0.0965374182224	0.209988830381
-pas	0.0440625688477	0.929499889844	0.0132187706543	0.0132187706543
-pau	0.498525722354	0.149252392842	0.0248124263859	0.327409458418
-wai	0.340164735446	0.236590813905	0.0989389920424	0.324305458607
-lus	0.0353724858019	0.779806739116	0.00411119449308	0.180709580589
-nuh	0.0	1.0	0.0	0.0
-nui	0.418046936966	0.39606370239	0.133089161573	0.05280019907
-sus	0.0292203806016	0.960466543892	0.00220994475138	0.00810313075507
-kei	0.531084685988	0.247986358264	0.0783753932011	0.142553562547
-nua	0.172444444444	0.428444444444	0.345777777778	0.0533333333333
-amo	0.587026719362	0.100182370062	0.0362062326052	0.276584677971
-kes	0.0	1.0	0.0	0.0
-sos	0.0133689839572	0.959893048128	0.0	0.0267379679144
-sui	0.345230168243	0.265903138456	0.0648111155503	0.324055577751
-suf	0.0343525858814	0.953567383918	0.00113250283125	0.0109475273688
-tuo	0.40157480315	0.409448818898	0.0	0.188976377953
-nur	0.0490463215259	0.91553133515	0.00272479564033	0.0326975476839
-nus	0.0189147343386	0.837620597108	0.0122107778642	0.131253890689
-sua	0.368128391704	0.452019187056	0.0972244765515	0.0826279446882
-fes	0.0	0.909090909091	0.0454545454545	0.0454545454545
-bi'	0.382352941176	0.377450980392	0.122549019608	0.117647058824
-dim	0.024	0.976	0.0	0.0
-ai'	0.16986556967	0.181543274663	0.05203495269	0.596556202977
-ori	0.428985314196	0.458123813647	0.0779246728163	0.0349661993406
-dis	0.0	1.0	0.0	0.0
-sli	0.0	1.0	0.0	0.0
-ke'	0.308457149314	0.456810349698	0.224563583978	0.0101689170104
-omo	0.307126913109	0.510083959462	0.113699870253	0.0690892571761
-nu'	0.216186252772	0.107538802661	0.609756097561	0.0665188470067
-nnu	0.153629024933	0.395114541766	0.0537267552796	0.397529678021
-uka	0.256266256644	0.581837089115	0.123937899295	0.0379587549474
-su'	0.347997741515	0.352164823963	0.163420367547	0.136417066975
-ggu	0.18458468446	0.436268396109	0.00997755051134	0.36916936892
-nna	0.161015783242	0.291226247093	0.0437762900455	0.50398167962
-uko	0.438653262614	0.227688869568	0.0593506059527	0.274307261865
-nne	0.209873146934	0.0282452981213	0.00402615343206	0.757855401513
-kki	0.372102011763	0.262920566618	0.295354844528	0.0696225770918
-di'	0.0507996237065	0.9115710254	0.0376293508937	0.0
-ngu	0.364590163934	0.281967213115	0.227540983607	0.125901639344
-ais	0.0350877192983	0.964912280702	0.0	0.0
-tis	0.0600858369099	0.914163090129	0.0128755364807	0.0128755364807
-kka	0.185679661902	0.213168101342	0.0497911942532	0.551361042503
-kke	0.0984019397574	0.0174805424413	0.00576327597998	0.878354241821
-nga	0.135724944643	0.293617347548	0.0678802925099	0.502777415299
-aia	0.121174355043	0.573240059729	0.0766357104858	0.228949874743
-tia	0.152108048729	0.819720513009	0.0177178856994	0.0104535525626
-aim	0.0	1.0	0.0	0.0
-ngi	0.471180682279	0.20861956755	0.0725420301733	0.247657719997
-ain	0.0	0.985849056604	0.00471698113207	0.00943396226415
-kku	0.200107629272	0.462108459748	0.0541359055472	0.283648005433
-ngo	0.0	0.0	1.0	0.0
-ema	0.0154360689478	0.969127862104	0.0154360689478	0.0
-kim	0.0	1.0	0.0	0.0
-emo	0.460079275198	0.162620328426	0.146871460929	0.230428935447
-emi	0.534115917541	0.172309732843	0.0791802738503	0.214394075765
-260	0.0	0.0892857142857	0.0	0.910714285714
-mmo	0.405889246451	0.198155468959	0.0486587073967	0.347296577193
-mmi	0.46835781931	0.110919831923	0.0489257257912	0.371796622976
-mma	0.116824886511	0.0746960242493	0.0272559052628	0.781223183977
-jai	0.0665371821943	0.146757159041	0.614125548009	0.172580110756
-ana	0.480456356006	0.211258792182	0.0342879430509	0.273996908761
-uku	0.144365305476	0.71660968661	0.0798607154162	0.0591642924977
-cia	0.223522167488	0.634852216749	0.132389162562	0.00923645320198
-bu'	0.0962607067891	0.814638854255	0.0155983326596	0.0735021062962
-onu	0.256656387981	0.588907215228	0.0989622283917	0.0554741683996
-zar	0.0	1.0	0.0	0.0
-oe'	0.14532689366	0.685731333017	0.085999396183	0.0829423771398
-ame	0.204373302844	0.541231956553	0.202944118908	0.051450621695
-000	0.0909090909091	0.15873015873	0.0	0.750360750361
-ja'	0.376833743122	0.169612467295	0.0771180752363	0.376435714347
-eta	0.176004825631	0.533658545502	0.0386224103934	0.251714218474
-ete	0.0939201451906	0.0588021778584	0.00816696914701	0.839110707804
-bui	0.396794776673	0.377652470693	0.148389968838	0.0771627837958
-bul	0.312	0.688	0.0	0.0
-ede	0.0859375	0.46875	0.0	0.4453125
-ci'	0.971454058876	0.028545941124	0.0	0.0
-'ah	0.0428407130535	0.879815986199	0.0414031052329	0.0359401955147
-lio	0.0	0.994809688581	0.0	0.00519031141868
-ska	0.0278853601859	0.956622773044	0.012393493416	0.00309837335399
-ata	0.126032863409	0.506334455421	0.057502520237	0.310130160933
-ato	0.219224283305	0.659359190557	0.101180438449	0.0202360876897
-wea	0.00903614457831	0.918674698795	0.0180722891566	0.0542168674698
-ati	0.0891171661536	0.608664108774	0.109366145583	0.192852579489
-ose	0.144578313253	0.710843373494	0.0	0.144578313253
-'la	0.296283854713	0.275162712576	0.428553432711	0.0
-kai	0.551091291257	0.203969759925	0.073510711917	0.171428236901
-bua	0.166557530099	0.572941046803	0.0220563922692	0.238445030828
-osa	0.119866722199	0.762515618492	0.0826322365681	0.0349854227405
-ulo	0.0415673555977	0.201279498546	0.0113912954374	0.745761850419
-oso	0.161344537815	0.465546218487	0.252100840336	0.121008403361
-ula	0.406347709564	0.195530795573	0.0269244131222	0.371197081741
-osi	0.188466659838	0.668646932295	0.11215814811	0.0307282597561
-hta	0.416666666667	0.309523809524	0.0595238095238	0.214285714286
-nia	0.0888132067584	0.799583974875	0.0897818927104	0.0218209256559
-aca	0.654370489174	0.303127506014	0.0218810860351	0.0206209187765
-aco	0.16955017301	0.733564013841	0.060553633218	0.0363321799308
-'ju	0.622222222222	0.111111111111	0.266666666667	0.0
-rbe	0.0134529147982	0.986547085202	0.0	0.0
-kau	0.0292947210239	0.0206925041747	0.00439960945983	0.945613165342
-ulu	0.141966540404	0.53970959596	0.191745580808	0.126578282828
-tta	0.199666945109	0.576786726672	0.036929749167	0.186616579052
-aji	0.30508489767	0.312021078873	0.109613748775	0.273280274682
-tte	0.0688265029027	0.0406284419858	0.00516897448944	0.885376080622
-oa'	0.688325329664	0.130963504497	0.0199808591837	0.160730306654
-khi	0.0	1.0	0.0	0.0
-tti	0.364749688574	0.454097409144	0.0756585758266	0.105494326455
-tto	0.43135551142	0.495096822244	0.0518247269116	0.021722939424
-ti'	0.564072149663	0.304160596176	0.120937068888	0.0108301852735
-lia	0.0773602074201	0.74510731946	0.110713779184	0.0668186939359
-tka	0.0361718161266	0.954785229842	0.0	0.00904295403165
-ica	0.0	1.0	0.0	0.0
-ttu	0.334656611201	0.0521759221045	0.00630449414341	0.606862972551
-aju	0.346967499787	0.528064488612	0.0678154056129	0.0571526059882
-fia	0.00820793433653	0.97537619699	0.016415868673	0.0
-fus	0.0	1.0	0.0	0.0
-co'	0.448835620233	0.483942455078	0.023269127777	0.0439527969122
-ias	0.0443979544398	0.930032543003	0.010460251046	0.0151092515109
-yua	0.190494694661	0.390520930532	0.162947030768	0.256037344039
-yub	0.0	0.958158995816	0.0418410041841	0.0
-ka'	0.258806074593	0.53503232634	0.0536966575113	0.152464941556
-ile	0.725088801645	0.179753224902	0.0293512806132	0.0658066928398
-ni'	0.687009267828	0.124898348336	0.0244226886515	0.163669695185
-bus	0.0	0.998175737306	0.000912131346912	0.000912131346915
-ilo	0.543806646526	0.29003021148	0.0906344410876	0.0755287009063
-yus	0.0163265306122	0.983673469388	0.0	0.0
-oji	0.250927070457	0.430160692213	0.187886279357	0.131025957973
-ili	0.322723057695	0.458553400798	0.0762004596218	0.142523081885
-oam	0.00762388818297	0.916137229987	0.0	0.0762388818297
-oai	0.46221820697	0.267119323556	0.101833683884	0.16882878559
-atu	0.180673812946	0.569160869364	0.0416088156421	0.208556502048
-igi	0.0	0.861356932153	0.138643067847	0.0
-ebe	0.0508474576271	0.949152542373	0.0	0.0
-ami	0.474340969524	0.120419352882	0.0458055142338	0.35943416336
-gji	0.0882825040128	0.565008025682	0.250401284109	0.0963081861958
-igu	0.0898876404494	0.752808988764	0.134831460674	0.0224719101124
-ama	0.307621622854	0.520914570135	0.0562089212227	0.115254885788
-oas	0.0	1.0	0.0	0.0
-usi	0.182553956835	0.269784172662	0.547661870504	0.0
-him	0.0	1.0	0.0	0.0
-pi'	0.25044507367	0.409196493667	0.0493395954492	0.291018837213
-gus	0.0	1.0	0.0	0.0
-hia	0.017634092579	0.97443056576	0.0	0.00793534166056
-usa	0.0644609174655	0.884630437703	0.0115077487455	0.0394008960856
-ira	0.0427072432616	0.365330769013	0.0226263540459	0.569335633679
-ubu	0.0830892869304	0.80688551386	0.0705237349316	0.0395014642784
-gui	0.172972972973	0.827027027027	0.0	0.0
-uli	0.319057563461	0.0828976216267	0.0215371261501	0.576507688762
-ppi	0.220690728332	0.398124086428	0.149861373635	0.231323811605
-gua	0.0634180874285	0.345761312017	0.522093091853	0.0687275087015
-his	0.0	1.0	0.0	0.0
-iu'	0.0	0.874213836478	0.100628930818	0.0251572327044
-'le	0.295081967213	0.360655737705	0.0983606557377	0.245901639344
-uza	0.0	1.0	0.0	0.0
-epe	0.270925110132	0.0561674008811	0.530837004405	0.142070484581
-ng'	0.0	1.0	0.0	0.0
-epa	0.330249443729	0.337158917906	0.0983721747278	0.234219463637
-ges	0.0192307692308	0.923076923077	0.0576923076923	0.0
-epu	0.0231847790086	0.739557649137	0.108195635373	0.129061936481
-cei	0.211241297334	0.423671251486	0.166411954491	0.198675496689
-cea	0.502314814815	0.449074074074	0.0486111111111	0.0
-pia	0.0876990537734	0.836141241634	0.0761597045926	0.0
-ekh	0.0	1.0	0.0	0.0
-ius	0.0311472039474	0.934364720395	0.00544819078947	0.0290398848684
-wia	0.0665868263474	0.919281437126	0.0141317365269	0.0
-ium	0.0106241699867	0.973439575033	0.0159362549801	0.0
-yu'	0.462513199578	0.410770855333	0.0	0.12671594509
-iun	0.0740740740741	0.87037037037	0.0	0.0555555555555
-ehu	0.0	1.0	0.0	0.0
-iud	0.0	1.0	0.0	0.0
-iks	0.0227194492255	0.947676419966	0.00895008605852	0.0206540447504
-uel	0.0	1.0	0.0	0.0
-ce'	0.195694716243	0.315068493151	0.430528375734	0.0587084148727
-ta'	0.196801426604	0.369404753843	0.0218392361346	0.411954583418
-iia	0.36641221374	0.251908396947	0.0229007633588	0.358778625954
-agu	0.104761904762	0.880952380952	0.0	0.0142857142857
-kas	0.0436334787782	0.685640618802	0.0	0.27072590242
-agi	0.275862068966	0.409961685824	0.191570881226	0.122605363985
-yi'	0.126696832579	0.544494720965	0.328808446456	0.0
-'pi	0.0535714285714	0.0446428571428	0.0	0.901785714286
-age	0.371001625838	0.422845764601	0.116822856725	0.0893297528361
-ong	0.162092741246	0.16240797329	0.105678823101	0.569820462362
