-yer	0.277783801366	0.433373089017	0.243304781524	0.0455383280928
-hey	0.301294016484	0.43298169082	0.0546863530547	0.211037939641
-het	0.0	1.0	0.0	0.0
-her	0.198548249359	0.767292912041	0.0	0.0341588385995
-hes	0.276923076923	0.723076923077	0.0	0.0
-hem	0.414746543779	0.539170506912	0.0	0.0460829493088
-ive	0.626624652598	0.246222663816	0.0633153493772	0.0638373342094
-ivi	0.28817959124	0.537530620453	0.0751160835071	0.0991737048005
-ltt	0.196664926102	0.539804072922	0.243864508366	0.0196664926102
-rbo	0.227044813538	0.386242557192	0.340645565653	0.0460670636164
-kyi	0.472532491583	0.188765965405	0.0408927763835	0.297808766629
-ivn	0.126582278481	0.848101265823	0.0	0.0253164556962
-ivu	0.286962544621	0.446649617277	0.15220132488	0.114186513222
-oya	0.17679558011	0.762430939227	0.0386740331492	0.0220994475138
-shi	0.261883929068	0.48101322048	0.0729799487963	0.184122901656
-oyo	0.667271490134	0.169426173736	0.0476298480381	0.115672488093
-oyi	0.48114792338	0.0840975474304	0.0270549446741	0.407699584516
-uru	0.0714901434809	0.889367882158	0.00469013965914	0.0344518347022
-pll	0.292683647538	0.664765675788	0.0186159210449	0.0239347556291
-aat	0.0290028625038	0.910609194593	0.00794072632031	0.0524472165833
-aum	0.258199749597	0.178401190217	0.0351676006586	0.528231459528
-shm	0.441277080958	0.262257696693	0.136830102622	0.159635119726
-nti	0.287456830039	0.520978764053	0.0837680946432	0.107796311265
-yte	0.339066339066	0.442106879607	0.0806203931204	0.138206388206
-nto	0.362342561553	0.203998214458	0.0995002231928	0.334159000797
-nta	0.0875973303671	0.865684093437	0.0467185761957	0.0
-nte	0.0599370464681	0.312260178861	0.0274988804775	0.600303894193
-yre	0.142038786117	0.696529369027	0.0559436651205	0.105488179735
-pum	0.165690973447	0.618780385599	0.0947007898186	0.120827851136
-ntr	0.0	0.191011235955	0.789727126806	0.0192616372391
-ntu	0.209284127235	0.0496809121746	0.00610585867233	0.734929101918
-puk	0.241726618705	0.689208633094	0.0345323741007	0.0345323741007
-nme	0.138975966562	0.687565308255	0.1421107628	0.0313479623825
-dha	0.303571428571	0.254464285714	0.441964285714	0.0
-pri	0.133439653132	0.489316106204	0.282004958822	0.095239281843
-dhn	0.0343611808295	0.331899127525	0.39321142584	0.240528265806
-dhm	0.0850831454341	0.342129368658	0.460717305524	0.112070180383
-dll	0.229418221734	0.111964873765	0.1317233809	0.526893523601
-prm	0.0657181153853	0.928000583264	0.00157032533776	0.0047109760133
-dhi	0.259409955976	0.46346957155	0.0957779241454	0.181342548329
-nmu	0.612903225806	0.387096774194	0.0	0.0
-pru	0.226715686274	0.598039215686	0.0802696078432	0.0949754901961
-opi	0.432397959184	0.376275510204	0.114795918367	0.0765306122449
-kii	0.409594095941	0.535055350554	0.0553505535056	0.0
-dhy	0.262340543539	0.57127010538	0.12201885746	0.0443704936216
-msa	0.253804745132	0.497773642587	0.181431514588	0.0669900976939
-kse	0.0717230008244	0.588623248145	0.255564715581	0.0840890354493
-oku	0.490994687514	0.447026303287	0.0347687124778	0.0272102967218
-the	0.0327064595257	0.934587080949	0.0327064595257	0.0
-msi	0.705392305362	0.186307179642	0.0946682823387	0.0136322326568
-dek	0.262295081967	0.737704918033	0.0	0.0
-ysr	0.199004975124	0.626865671642	0.174129353234	0.0
-oki	0.639199529135	0.276044732195	0.0	0.0847557386698
-oni	0.0112359550562	0.865168539326	0.0	0.123595505618
-hee	0.463385111963	0.230356062134	0.122680048416	0.183578777486
-imi	0.515906438683	0.2844893196	0.0895022578518	0.110101983865
-vin	0.399729875775	0.232909438571	0.0661602637694	0.301200421885
-oka	0.647441860465	0.294418604651	0.0	0.0581395348837
-yji	0.0997464074387	0.278951817413	0.41842772612	0.202874049028
-imo	0.0	1.0	0.0	0.0
-ido	0.229151523962	0.563938556961	0.00678393177303	0.200125987304
-lla	0.362254933028	0.188544749807	0.0751457236331	0.374054593532
-ytu	0.0649137637366	0.505179222549	0.293897223028	0.136009790686
-yme	0.241488519398	0.218263394035	0.176035893376	0.364212193191
-lle	0.107211206617	0.282247532947	0.0489682980559	0.56157296238
-idi	0.331588132635	0.647469458988	0.0	0.020942408377
-llk	0.245614035088	0.204678362573	0.0350877192982	0.514619883041
-lli	0.281740397978	0.366401597604	0.0512435541205	0.300614450297
-ide	0.0777352335448	0.0633686465113	0.00396737787297	0.854928742071
-llo	0.14684296978	0.0783018399008	0.027099725928	0.747755464391
-ymo	0.345010282687	0.443201226951	0.112563467996	0.0992250223662
-lll	0.525036460865	0.240398638794	0.0255226057365	0.209042294604
-lls	0.110565110565	0.791154791155	0.085995085995	0.012285012285
-llu	0.208192249154	0.58769344205	0.0643468406884	0.139767468107
-tll	0.204148148148	0.620148148148	0.0328888888889	0.142814814815
-idt	0.400704725991	0.538249930455	0.0231817760331	0.0378635675208
-idu	0.0686286481866	0.77030162413	0.0337037489315	0.127365978752
-idr	0.402976101007	0.0786863069292	0.0270554637006	0.491282128363
-bii	0.0980392156863	0.666666666667	0.0	0.235294117647
-ter	0.393939393939	0.424242424242	0.0	0.181818181818
-rie	0.141083521445	0.819413092551	0.0395033860045	0.0
-teu	0.206798866855	0.793201133145	0.0	0.0
-ute	0.244307388393	0.276918306171	0.223436584778	0.255337720658
-rin	0.659511857365	0.0998788298424	0.0311580405054	0.209451272287
-uti	0.544652635964	0.314527831367	0.0124933081297	0.128326224539
-uto	0.246435845214	0.53716904277	0.0432790224033	0.173116089613
-rii	0.313711036226	0.286436394271	0.340353833193	0.05949873631
-utr	0.136026380874	0.771846661171	0.0401896125309	0.0519373454245
-ris	0.0	1.0	0.0	0.0
-utt	0.452616179937	0.264440018385	0.040600582197	0.24234321948
-utu	0.43730168726	0.233365101627	0.066208693604	0.26312451751
-yse	0.0	0.984251968504	0.0	0.015748031496
-ten	0.0	0.640569395018	0.359430604982	0.0
-grm	0.235002325812	0.57865057154	0.0956023090357	0.0907447936128
-are	0.10453261623	0.356913039257	0.0960148924207	0.442539452091
-ara	0.131002095021	0.845376189874	0.0118108575526	0.0118108575526
-jii	0.5	0.45756718529	0.0424328147101	0.0
-arm	0.205440719236	0.413836565231	0.110350789123	0.270371926409
-arn	0.0689863676342	0.828770888302	0.0170404573439	0.0852022867194
-aro	0.190444657488	0.276897379891	0.0805176963599	0.452140266261
-ari	0.268830933771	0.361263661893	0.116608371886	0.25329703245
-aru	0.377956899037	0.373913842059	0.130882846442	0.117246412461
-lum	0.168913739971	0.33947381861	0.0560108781493	0.43560156327
-arr	0.121481562295	0.578769365045	0.106644119572	0.193104953087
-ars	0.131578947368	0.684210526316	0.0	0.184210526316
-men	0.0607802105132	0.129236030859	0.0675578598869	0.742425898741
-ary	0.0891530460623	0.777117384844	0.133729569094	0.0
-mek	0.0	1.0	0.0	0.0
-aye	0.147433218044	0.416295723804	0.0763733983057	0.359897659846
-aya	0.111431811154	0.685496340583	0.101020513349	0.102051334914
-phe	0.115159401431	0.806766428107	0.039037085231	0.039037085231
-aym	0.198388141962	0.403859854345	0.084281478412	0.31347052528
-rro	0.0873684210527	0.432280701755	0.315789473684	0.164561403509
-ayo	0.454943878692	0.273437892267	0.0500340059978	0.221584223043
-ayn	0.138684126291	0.627877976624	0.0890299238566	0.144407973229
-ayi	0.321781503236	0.299081676001	0.103243515128	0.275893305635
-tyi	0.555555555556	0.134259259259	0.0	0.310185185185
-rrn	0.190453460621	0.178042959427	0.522911694511	0.108591885441
-ayu	0.324508558465	0.40687635191	0.108438030695	0.160177058931
-num	0.214503986536	0.288998441701	0.0820692401367	0.414428331627
-ayr	0.129286715509	0.54716901771	0.0591603543974	0.264383912384
-um-	0.0945273631841	0.0597014925372	0.0199004975124	0.825870646766
-ali	0.143559880876	0.664486279515	0.124202297384	0.0677515422249
-vum	0.12329080815	0.610917923896	0.0952540612074	0.170537206747
-alo	0.343712727656	0.359437704218	0.0555361392647	0.241313428861
-hrr	0.616052060737	0.1431670282	0.240780911063	0.0
-dab	0.0	1.0	0.0	0.0
-ubo	0.24541398116	0.695091720377	0.0	0.059494298463
-srt	0.157360406091	0.755076142132	0.0723350253807	0.0152284263959
-ube	0.188683027822	0.108916015732	0.0457227837535	0.656678172692
-rru	0.241070656634	0.348784887428	0.0849645680186	0.325179887919
-oti	0.413165266106	0.544817927171	0.0420168067227	0.0
-ndn	0.0874785591766	0.777015437393	0.114922813036	0.0205831903945
-ott	0.253916865562	0.479098234752	0.18113287804	0.0858520216461
-otu	0.0879566982408	0.509133964817	0.210081190798	0.192828146144
-umo	0.395814678207	0.227295397453	0.0793748158373	0.297515108503
-umi	0.182625237793	0.591629676601	0.157260621433	0.0684844641725
-ako	0.311799811538	0.365720866925	0.0732907548948	0.249188566642
-akn	0.67454798331	0.311543810848	0.0	0.0139082058415
ALL	0.225294418585	0.264414440167	0.0483908007321	0.461900340516
-akk	0.204714640198	0.699131513648	0.0961538461538	0.0
-aki	0.377112098243	0.490346411161	0.0189344986566	0.113606991939
-nam	0.220273390684	0.385859944972	0.0588840665741	0.334982597769
-ake	0.0642860021765	0.269154810366	0.0252173095267	0.64134187793
-kin	0.0905893937263	0.909410606274	0.0	0.0
-aka	0.403044612777	0.388544893213	0.0310154610194	0.177395032991
-nay	0.111891432076	0.597317454351	0.160477952086	0.130313161487
-aky	0.334844852883	0.540309871571	0.0274217018784	0.097423573667
-nar	0.326228114516	0.261110372817	0.28485938716	0.127802125506
-nas	0.0	1.0	0.0	0.0
-aku	0.262187630182	0.492290615327	0.0459372808336	0.199584473658
-eer	0.0	1.0	0.0	0.0
-yll	0.096042826088	0.178697410999	0.0173152837131	0.7079444792
-lky	0.441118210863	0.249936102236	0.0602236421725	0.248722044728
-mos	0.0321424431823	0.919175798211	0.0224685039721	0.0262132546341
-ynu	0.206176284495	0.51207028018	0.0784730446633	0.203280390662
-gog	0.0264051301396	0.947189739721	0.0264051301396	0.0
-lku	0.38947368421	0.296992481203	0.0428571428572	0.270676691729
-dye	0.217767023851	0.782232976149	0.0	0.0
-lki	0.498797951291	0.147904254207	0.021950454688	0.331347339814
-vlo	0.0	1.0	0.0	0.0
-moo	0.117179806998	0.629160375501	0.161754086523	0.0919057309788
-mon	0.0579727944805	0.903731332028	0.00337860404183	0.0349172694501
-dyn	0.229461756374	0.260623229462	0.498583569405	0.0113314447592
-lka	0.394981457804	0.2333400922	0.0341853415266	0.33749310847
-dyi	0.60856498873	0.277986476334	0.045830202855	0.0676183320812
-yau	0.328649309146	0.301735752107	0.0594354105962	0.310179528151
-yat	0.288059472259	0.0878690538842	0.0176297134189	0.606441760438
-lpu	0.56338028169	0.201207243461	0.22032193159	0.0150905432596
-dyo	0.562960364784	0.394072255349	0.0429673798667	0.0
-pur	0.168888888889	0.604444444444	0.2	0.0266666666667
-yas	0.0326062654686	0.92704983263	0.0269355426274	0.013408359274
-yar	0.237143876811	0.560547735734	0.127143370247	0.0751650172084
-ber	0.0	1.0	0.0	0.0
-yay	0.20366778346	0.777816963499	0.0185152530418	0.0
-bet	0.0	1.0	0.0	0.0
-yne	0.114414537092	0.59225636603	0.0833219856868	0.210007111192
-rll	0.170147810053	0.811232354986	0.0186198349605	0.0
-yam	0.273136377286	0.471931837347	0.0849924068848	0.169939378483
-yan	0.132271176234	0.733159373745	0.0689883580891	0.065581091931
-lpi	0.657187378263	0.229840280483	0.0	0.112972341254
-lyo	0.362623527176	0.224154313949	0.18873527176	0.224486887115
-upp	0.020964360587	0.69322152341	0.243885394829	0.041928721174
-ish	0.323785274772	0.337895183535	0.004455760662	0.333863781031
-red	0.0	1.0	0.0	0.0
-upe	0.363726461843	0.353815659068	0.0743310208127	0.208126858276
-upo	0.353580246914	0.224691358025	0.115555555556	0.306172839506
-evi	0.093569426878	0.8494903653	0.00416635666989	0.0527738511519
-ret	0.0733745917924	0.889547603279	0.0140583251502	0.023019479778
-lpr	0.177343382007	0.63306641545	0.189590202544	0.0
-may	0.424700364773	0.480458572173	0.0573215216258	0.0375195414278
-avi	0.257114482464	0.543102108606	0.0819938033586	0.117789605571
-hab	0.0656271587881	0.841113194513	0.0518109148328	0.0414487318662
-avn	0.282312014985	0.214610650254	0.02140754616	0.4816697886
-avo	0.341662626338	0.557751836796	0.00790661246411	0.0926789244023
-ava	0.181338597531	0.577123645772	0.105710666739	0.135827089958
-mas	0.00968370409369	0.974372768809	0.0135226010737	0.00242092602342
-hak	0.0447594181276	0.944050727341	0.0	0.0111898545319
-ham	0.205861000481	0.460478795905	0.100718870506	0.232941333109
-han	0.145022080324	0.669618931326	0.129260773976	0.0560982143738
-har	0.16862037872	0.691788591873	0.0757439134355	0.063847115972
-has	0.0	1.0	0.0	0.0
-mam	0.172256219216	0.600100089336	0.0940245553125	0.133619136136
-hau	0.481523582205	0.13357139682	0.0393357776987	0.345569243276
-hav	0.0141279219111	0.406712903502	0.179809915233	0.399349259354
-man	0.531563807258	0.103649714216	0.190227757869	0.174558720656
-hay	0.128596909697	0.666681995015	0.0540913977127	0.150629697575
-avr	0.0491132332879	0.732605729877	0.184174624829	0.0341064120055
-avu	0.0636537227109	0.8461449923	0.0292903521198	0.060910932869
-jum	0.456107758937	0.337903002725	0.0674460064679	0.13854323187
-ptu	0.128047740835	0.213128729753	0.0306905370844	0.628132992327
-uni	0.319865319865	0.646464646465	0.03367003367	0.0
-tmi	0.116015132409	0.155737704918	0.378310214376	0.349936948298
-und	0.640449438202	0.325842696629	0.0337078651685	0.0
-jli	0.0	1.0	0.0	0.0
-nke	0.207495741056	0.424531516184	0.0163543441227	0.351618398637
-vyi	0.105263157895	0.0263157894737	0.0	0.868421052632
-nka	0.572338489536	0.350318471338	0.0500454959054	0.0272975432211
-unu	0.604914731065	0.142430438107	0.0527092764796	0.199945554348
-unr	0.0	0.192904656319	0.0	0.807095343681
-vye	0.0991080277502	0.8810703667	0.0198216055501	0.0
-tre	0.314694047454	0.414735673651	0.0582766754544	0.212293603441
-ade	0.243542234332	0.294495912807	0.0833514986376	0.378610354223
-tra	0.260306643952	0.636115843271	0.0729131175468	0.03066439523
-trm	0.128106005848	0.447851344389	0.0452664214873	0.378776228276
-ado	0.483660130719	0.326797385621	0.169934640523	0.0196078431373
-gam	0.27115453036	0.366762531626	0.102279016445	0.259803921569
-trn	0.0134622754916	0.890953753541	0.0442313065809	0.0513526643863
-tri	0.365348857832	0.442833877826	0.0713353705484	0.120481893794
-nll	0.0	0.719512195122	0.0365853658537	0.243902439024
-adi	0.523262152325	0.321601613878	0.0511821557598	0.103954078037
-tru	0.463156239243	0.206502991915	0.0229745954108	0.307366173431
-lal	0.407922777514	0.304036801341	0.0860704387813	0.201969982364
-adt	0.504	0.264	0.184	0.048
-adu	0.179283153026	0.664039668624	0.0236742240315	0.133002954319
-nlu	0.0747011952192	0.830677290837	0.0946215139442	0.0
-gar	0.0275103163686	0.958734525447	0.0137551581843	0.0
-lam	0.181399193338	0.410501390797	0.0639730280398	0.344126387825
-dky	0.0	0.607142857143	0.392857142857	0.0
-nor	0.0	1.0	0.0	0.0
-gay	0.146132527085	0.340639959688	0.203325774754	0.309901738473
-ini	0.0561966461992	0.0269806457423	0.0944704787991	0.822352229259
-inj	0.364534217388	0.370072380718	0.0388748298169	0.226518572077
-inn	0.520597179983	0.432955487974	0.0464473320431	0.0
-ino	0.521992580816	0.236883942766	0.0635930047695	0.177530471648
-ind	0.318144159072	0.597348798675	0.0546810273405	0.029826014913
-ine	0.120986915896	0.570783300049	0.0235881843953	0.284641599659
-knj	0.3907422371	0.560775712802	0.0484820500981	0.0
-iki	0.161875276426	0.206545776205	0.278195488722	0.353383458647
-hsi	0.585793357934	0.0885608856088	0.0	0.325645756458
-aar	0.122891147317	0.187433386423	0.0245171137622	0.665158352499
-int	0.686873092019	0.0566942869603	0.25643262102	0.0
-inu	0.285834793704	0.27331621497	0.0255918939607	0.415257097366
-ebe	0.0633802816902	0.704225352113	0.0422535211267	0.19014084507
-aam	0.0682616372704	0.617032423307	0.205270000194	0.109435939228
-ood	0.2	0.740206185567	0.00618556701032	0.0536082474227
-oog	0.0	1.0	0.0	0.0
-ede	0.626262626263	0.07696007696	0.118807118807	0.17797017797
-edi	0.615869378401	0.281867659696	0.0163276997995	0.0859352621025
-oom	0.0	1.0	0.0	0.0
-edo	0.159321810265	0.558648898272	0.27648766328	0.00554162818315
-eat	0.0	0.890909090909	0.109090909091	0.0
-ghm	0.752520623281	0.247479376719	0.0	0.0
-oos	0.0252100840336	0.974789915966	0.0	0.0
-gho	0.323830601298	0.215311902172	0.29280918264	0.16804831389
-bed	0.25	0.75	0.0	0.0
-edt	0.603734941145	0.164587299901	0.0908204863369	0.140857272617
-edu	0.455580042632	0.303860163104	0.114448433174	0.126111361091
-ppo	0.423889640455	0.422727359335	0.0820265609816	0.071356439228
-kum	0.397183596826	0.0963793751079	0.0448809442605	0.461556083806
-ban	0.207885304659	0.304659498208	0.121863799283	0.365591397849
-bam	0.0411899313501	0.947368421053	0.0114416475973	0.0
-lar	0.128563807952	0.0926097235973	0.0816585479364	0.697167920515
-bai	0.0160427807487	0.898395721925	0.0	0.0855614973262
-rhi	0.408262849707	0.212752114509	0.260247234873	0.118737800911
-hon	0.0	1.0	0.0	0.0
-hoo	0.13272261301	0.774905938165	0.0332079175528	0.0591635312721
-baa	0.279411764706	0.60294117647	0.0	0.117647058824
-hor	0.0	1.0	0.0	0.0
-ekr	0.179698606767	0.159226613591	0.571509809497	0.089564970145
-mko	0.381818181818	0.618181818182	0.0	0.0
-bay	0.350427350427	0.649572649573	0.0	0.0
-eky	0.156782065834	0.751347900114	0.0918700340522	0.0
-bas	0.156070679239	0.806769635228	0.0159255795141	0.0212341060189
-ase	0.0762905436272	0.8213796254	0.0831429876657	0.0191868433074
-mbu	0.116169718427	0.573183849336	0.0281102034712	0.282536228766
-drr	0.0503144654088	0.0901467505241	0.859538784067	0.0
-aso	0.187032418953	0.730950401773	0.0210584649487	0.0609587143253
-yep	0.857142857143	0.0476190476191	0.0952380952381	0.0
-yes	0.0	1.0	0.0	0.0
-nyi	0.185251215559	0.510696920583	0.199675850891	0.104376012966
-ltu	0.384916269405	0.246302408019	0.230411930082	0.138369392495
-ash	0.108610683406	0.795451853607	0.0390856330688	0.0568518299183
-jhy	0.178067239777	0.339825180187	0.0710374626771	0.411070117358
-asu	0.0621761658031	0.533678756477	0.0	0.40414507772
-lto	0.810344827586	0.152709359606	0.0	0.0369458128079
-ppe	0.536966152357	0.2910007937	0.081948111163	0.0900849427804
-yen	0.0	0.918367346939	0.0816326530612	0.0
-drm	0.0854068325466	0.655292423394	0.0912873029842	0.168013441075
-mbi	0.741935483871	0.258064516129	0.0	0.0
-drn	0.173936193815	0.73257310201	0.0437946487997	0.0496960553756
-yee	0.0432432432433	0.830630630631	0.126126126126	0.0
-lte	0.394964767052	0.336662789902	0.130450844907	0.137921598139
-dhr	0.204154338506	0.142020409396	0.539279029044	0.114546223054
-per	0.308236290356	0.336219574078	0.0150830050086	0.340461130557
-rat	0.401041666667	0.583333333333	0.0	0.015625
-ers	0.0239234449761	0.952153110048	0.0239234449761	0.0
-ras	0.136350142623	0.696051731482	0.0221356015333	0.145462524362
-ran	0.168257165551	0.598169481318	0.143274686823	0.0902986663068
-eri	0.195624195624	0.783783783784	0.020592020592	0.0
-ram	0.229228617085	0.422425434313	0.0482663651777	0.300079583424
-rak	0.0	1.0	0.0	0.0
-rah	0.0	1.0	0.0	0.0
-ero	0.0	0.0198675496689	0.0198675496689	0.960264900662
-ere	0.0703587246847	0.0679582107719	0.0219089157115	0.839774148832
-dos	0.0354191263282	0.645808736718	0.0	0.318772136954
-ela	0.450674861753	0.288178575756	0.0979935939264	0.163152968564
-por	0.0890410958904	0.869863013699	0.041095890411	0.0
-pos	0.0	0.995513180034	0.0	0.00448681996634
-nni	0.373038177309	0.422016892561	0.0837593576753	0.121185572455
-nrn	0.531496062992	0.255905511811	0.0472440944882	0.165354330709
-pon	0.140329592559	0.544737640279	0.311394196745	0.00353857041755
-poo	0.461256117455	0.517536704731	0.021207177814	0.0
-nri	0.0	0.89156626506	0.10843373494	0.0
-ver	0.140170511535	0.762036108325	0.0225677031093	0.0752256770311
-ike	0.227805377483	0.396109992903	0.0370152761457	0.339069353469
-nnm	0.216557867427	0.157755339444	0.0802886895107	0.545398103618
-ika	0.651001040042	0.244344773791	0.0565522620904	0.048101924077
-aau	0.417834921127	0.184571295794	0.146386801952	0.251206981127
-ppr	0.0878844946642	0.893283113622	0.0188323917138	0.0
-lan	0.0868358207761	0.812801096582	0.0531250041668	0.0472380784754
-nos	0.0706642438926	0.892994144963	0.0121138703816	0.0242277407632
-ppu	0.179144343842	0.55232082695	0.197529342904	0.0710054863039
-lak	0.312328767123	0.293150684932	0.197260273973	0.197260273973
-noh	0.0	1.0	0.0	0.0
-ppi	0.476684995953	0.351744559832	0.11698345826	0.0545869859543
-aan	0.446202059394	0.189225488733	0.364572451873	0.0
-iks	0.0	1.0	0.0	0.0
-ppn	0.161270555005	0.677645569209	0.0330300472379	0.128053828547
-ppm	0.0600431155685	0.770202723511	0.101669054537	0.068085106383
-las	0.0036830474587	0.952225612964	0.0336735767652	0.0104177628117
-ppa	0.0	0.831865492394	0.0120096076861	0.15612489992
-lay	0.0918259023355	0.666666666667	0.106157112526	0.135350318471
-iky	0.428720634622	0.372351350408	0.102248356336	0.0966796586331
-ahi	0.311996383908	0.341835166491	0.305668223595	0.0405002260057
-aho	0.0454760776883	0.858597820938	0.0923732828044	0.0035528185694
-tvn	0.158665365161	0.0878516283609	0.753483006478	0.0
-boo	0.516198704104	0.226781857451	0.231101511879	0.0259179265659
-tve	0.125	0.25	0.09375	0.53125
-anu	0.430062490896	0.0946415505998	0.0216067479141	0.45368921059
-hhu	0.471083793345	0.293862329321	0.0282796596935	0.206774217641
-bos	0.0	1.0	0.0	0.0
-myi	0.375800637375	0.288407084269	0.183511833238	0.152280445118
-doo	0.550705697857	0.266335598536	0.164662833246	0.0182958703607
-dom	0.0653756718636	0.862043990394	0.0192124423436	0.0533678953989
-mym	0.335550772843	0.631578947368	0.0328702797887	0.0
-dok	0.0	1.0	0.0	0.0
-myo	0.160714285714	0.607142857143	0.0	0.232142857143
-ype	0.118464052287	0.839869281046	0.0	0.0416666666667
-sar	0.0414305949009	0.863314447592	0.0127478753541	0.082507082153
-vos	0.0	1.0	0.0	0.0
-dte	0.430817159501	0.291605965882	0.0552976748854	0.222279199732
-sat	0.109269107681	0.554122740964	0.224432887801	0.112175263554
-ton	0.0	0.95041322314	0.0495867768595	0.0
-say	0.0734830988872	0.921618027854	0.00489887325914	0.0
-ddh	0.130733547567	0.160021183601	0.514722275799	0.194522993034
-gll	0.222739495124	0.182485853032	0.0377252478227	0.557049404021
-yky	0.897196261682	0.0934579439252	0.0	0.00934579439251
-rvo	0.181818181818	0.636363636364	0.0	0.181818181818
-don	0.00930232558139	0.990697674419	0.0	0.0
-oll	0.316495503995	0.141482606667	0.0226330029368	0.5193888864
-tos	0.0235073699901	0.898041570056	0.0510102683008	0.0274407916529
-yka	0.490460025752	0.288111124117	0.0460415935074	0.175387256623
-sad	0.0	1.0	0.0	0.0
-yko	0.243012765515	0.207316121987	0.238618932481	0.311052180017
-rve	0.216494845361	0.690721649485	0.0	0.0927835051547
-san	0.158232262902	0.724367637698	0.0525508113245	0.0648492880747
-sam	0.137982975601	0.696046900297	0.0665988364361	0.0993712876658
-lon	0.0288461538461	0.873251748252	0.055944055944	0.0419580419581
-bhu	0.0471512770138	0.952848722986	0.0	0.0
-ros	0.0609756097561	0.871951219512	0.030487804878	0.0365853658536
-tvu	0.302977232925	0.511383537653	0.0840630472855	0.101576182137
-bhe	0.236694677871	0.439775910364	0.323529411765	0.0
-dtm	0.277207468919	0.519306026186	0.0517659736416	0.151720531253
-hai	0.420236826885	0.341359471553	0.111448662141	0.12695503942
-bhi	0.46114996115	0.240481740482	0.104118104118	0.19425019425
-lot	0.0711462450593	0.928853754941	0.0	0.0
-ahu	0.20618556701	0.268041237113	0.40206185567	0.123711340206
-los	0.0186603894715	0.953177830088	0.00368071902418	0.0244810614166
-hve	0.315558990211	0.32277176713	0.217413704276	0.144255538382
-mar	0.111018782657	0.718852027234	0.105742242157	0.0643869479512
-ave	0.0406505721566	0.869771689092	0.0101359887617	0.0794417499892
-hke	0.553921568627	0.416666666667	0.0	0.0294117647059
-nmo	0.135746606335	0.658371040724	0.205882352941	0.0
-ipp	0.862068965517	0.137931034483	0.0	0.0
-ipu	0.575221238938	0.185840707965	0.0265486725664	0.212389380531
-jtu	0.623896314176	0.0487859770157	0.00876617194309	0.318551536865
-mak	0.535714285714	0.0357142857143	0.392857142857	0.0357142857143
-jtm	0.404096436953	0.0896095583528	0.416684446341	0.0896095583529
-rme	0.196579288793	0.10323516692	0.0234371730305	0.676748371256
-jti	0.115511551155	0.884488448845	0.0	0.0
-jte	0.573232323232	0.191919191919	0.116161616162	0.118686868687
-hat	0.285462145843	0.388109614491	0.141105434278	0.185322805388
-rvu	0.310466760962	0.33946251768	0.307637906648	0.04243281471
-sth	0.203432042856	0.608102120735	0.0816375292233	0.106828307186
-ste	0.0647482014388	0.251798561151	0.107913669065	0.575539568345
-ssi	0.539948586118	0.308483290488	0.0837017994859	0.0678663239075
-yyo	0.527429092595	0.201896291542	0.100898591114	0.169776024749
-yyi	0.199161425577	0.702568134172	0.0203092243187	0.0779612159329
-sso	0.330316742081	0.466063348416	0.0950226244344	0.108597285068
-oli	0.166509877705	0.520225776105	0.118532455315	0.194731890875
-yye	0.412386954513	0.475603033418	0.0463058150449	0.0657041970232
-kku	0.334822061162	0.584723658177	0.0363697433126	0.0440845373485
-eys	0.199170124481	0.286307053942	0.514522821577	0.0
-eyu	0.532659331946	0.446525919318	0.0	0.0208147487363
-hyu	0.0647958293701	0.0852124809521	0.0223588808547	0.827632808823
-eyi	0.135820895522	0.238208955224	0.500597014925	0.125373134328
-hyi	0.155851375695	0.598091008236	0.0443375792502	0.201720036819
-eyk	0.209205020921	0.602510460251	0.172594142259	0.015690376569
-hym	0.145539906103	0.169014084507	0.530516431925	0.154929577465
-eyo	0.244715312023	0.42586720617	0.0668930469464	0.26252443486
-hyo	0.149633737377	0.0837439346535	0.0075875377035	0.759034790265
-rta	0.0312744331509	0.82799061767	0.140734949179	0.0
-ssu	0.166125588605	0.606212161095	0.116174171891	0.111488078409
-hye	0.10569289622	0.332524371684	0.0215951626836	0.540187569413
-yyr	0.479548660085	0.108603667137	0.327221438646	0.0846262341324
-lel	0.174016371798	0.580142593082	0.0406654343808	0.205175600739
-rys	0.151898734177	0.73417721519	0.113924050633	0.0
-mum	0.0554200324612	0.118840872203	0.0184529353773	0.807286159958
-mun	0.36217948718	0.088141025641	0.00961538461539	0.540064102564
-unn	0.317945155094	0.292190118109	0.154023458253	0.235841268544
-yta	0.0455235204856	0.822964087001	0.116337885685	0.0151745068285
-hri	0.316282486913	0.542290384792	0.1221416108	0.0192855174947
-mut	0.0	0.886998784933	0.0874848116646	0.0255164034022
-rye	0.0685828210667	0.862435620535	0.0320983552085	0.0368832031899
-hrm	0.341517556841	0.265841517557	0.284340104937	0.108300820665
-ryo	0.516279765242	0.309296848716	0.0841463870509	0.0902769989908
-ytt	0.284554079696	0.216546489564	0.317191650854	0.181707779886
-rym	0.0677746879648	0.467567742353	0.464657569682	0.0
-sai	0.0462962962963	0.953703703704	0.0	0.0
-ryi	0.0744002429396	0.348921955663	0.555420589129	0.0212572122685
-ndy	0.266705573388	0.28596440035	0.447330026262	0.0
-rra	0.2	0.74	0.0	0.06
-rre	0.355102665458	0.140193817293	0.116778683691	0.387924833557
-giv	0.422535211268	0.521126760563	0.0	0.056338028169
-rri	0.376337580048	0.152640625385	0.0145120250139	0.456509769553
-alu	0.0802688213597	0.129709853869	0.0228477882677	0.767173536504
-eea	0.0805059565919	0.420423139685	0.271843194959	0.227227708764
-bke	0.16471266577	0.802998270229	0.0322890640015	0.0
-rrm	0.324796698629	0.243770915333	0.225963622492	0.205468763546
-ole	0.178133715348	0.126972766196	0.0428504124981	0.652043105959
-ndi	0.077433429159	0.127475849058	0.0332483649778	0.761842356806
-rrr	0.167756802269	0.636798723744	0.0614375609324	0.134006913055
-all	0.159532137913	0.187202641517	0.0347525973136	0.618512623256
-ndm	0.098814229249	0.860781730347	0.0351339481774	0.00527009222663
-von	0.0416666666667	0.958333333333	0.0	0.0
-ndo	0.444586831342	0.208229065762	0.0929999461845	0.254184156711
-el-	0.470588235294	0.327731092437	0.0504201680672	0.151260504202
-nda	0.292719127439	0.33049197293	0.287071583219	0.0897173164123
-ale	0.368298868212	0.18094686409	0.0460608499358	0.404693417762
-nde	0.411570247934	0.180165289256	0.254545454545	0.153719008265
-ala	0.235880398671	0.657332700522	0.078310393925	0.0284765068818
-uve	0.209595155734	0.657300708106	0.00529841613434	0.127805720026
-yos	0.13066490687	0.785241949603	0.0244643169789	0.0596288265478
-uvn	0.440552755084	0.291065531027	0.147749000522	0.120632713367
-uvo	0.487340895144	0.284242598201	0.0439950907615	0.184421415893
-uvi	0.28127054458	0.487274546569	0.0847705132026	0.146684395648
-uvu	0.174050632911	0.568264014467	0.0406871609403	0.216998191682
-yoo	0.47461928934	0.285532994924	0.11421319797	0.125634517767
-yon	0.0378054989817	0.940554989817	0.00254582484725	0.0190936863544
-yob	0.0101897634638	0.952559134037	0.00300681544835	0.0342442870507
-mmr	0.562023283822	0.187073464472	0.0832998795664	0.16760337214
-mll	0.236363636364	0.763636363636	0.0	0.0
-chi	0.419079927189	0.385901042529	0.0808373324507	0.114181697832
-rpr	0.208835341366	0.66265060241	0.0803212851405	0.0481927710843
-chm	0.21875	0.640625	0.140625	0.0
-mgi	0.418063498324	0.495234339052	0.0390455531453	0.0476566094787
-cho	0.0	1.0	0.0	0.0
-iyu	0.317764147116	0.205995369818	0.185780090217	0.290460392849
-cha	0.0879120879121	0.6336996337	0.190476190476	0.0879120879121
-che	0.329326796352	0.0421740734884	0.00685328694184	0.621645843218
-ogi	0.224991125084	0.405588478919	0.349239955354	0.0201804406436
-iyo	0.165845039584	0.207630169653	0.0519961511763	0.574528639587
-eli	0.0833758720436	0.916624127956	0.0	0.0
-iyi	0.414679685129	0.255880620459	0.13909287257	0.190346821841
-elo	0.415558833087	0.309891758118	0.242001849861	0.032547558933
-ell	0.131943083679	0.416085539934	0.030425286313	0.421546090074
-iye	0.214869268446	0.655215410758	0.042906795756	0.0870085250396
-rka	0.671532846715	0.21897810219	0.0	0.109489051095
-lsi	0.0	1.0	0.0	0.0
-iya	0.657894736842	0.105263157895	0.0526315789474	0.184210526316
-chu	0.0211456405996	0.392515953631	0.00445568855492	0.581882717215
-ele	0.124200832893	0.738767669658	0.03028036835	0.106751129098
-pne	0.135842880524	0.844517184943	0.0	0.0196399345336
-ess	0.0567901234569	0.943209876543	0.0	0.0
-itt	0.139163481066	0.466192808506	0.367989188866	0.0266545215625
-itu	0.0866818001188	0.189400546492	0.00221550926821	0.721702144121
-itr	0.168626851993	0.112417901329	0.108599358485	0.610355888193
-ore	0.169518276558	0.392702134147	0.214073708369	0.223705880927
-ito	0.0978473581213	0.119373776908	0.0	0.782778864971
-esi	0.0	1.0	0.0	0.0
-tes	0.0546116504855	0.875606796116	0.069781553398	0.0
-iti	0.151288399658	0.52841898222	0.139433569993	0.180859048128
-ite	0.144578573434	0.0665126222817	0.0256980586089	0.763210745676
-one	0.172035983392	0.754344148854	0.0230662771029	0.0505535906504
-ita	0.461490093248	0.265455469785	0.00321083120393	0.269843605764
-udr	0.0940349958546	0.544224811275	0.0222542217568	0.339485971113
-thn	0.108997429306	0.711053984576	0.0832904884319	0.0966580976864
-udt	0.0	0.855579868709	0.0	0.144420131291
-udu	0.476781078742	0.432362272858	0.0	0.0908566483991
-tu-	0.0	0.983888292159	0.016111707841	0.0
-ude	0.0689821513791	0.243651107991	0.0449699082605	0.642396832369
-udi	0.0840080135487	0.823970424222	0.0269631128918	0.0650584493371
-nna	0.358254026354	0.477489019034	0.0347730600293	0.129483894583
-hum	0.229847739475	0.661177613296	0.0891439055319	0.0198307416967
-nju	0.28049935978	0.0981333346865	0.0160459991252	0.605321306408
-hll	0.18009478673	0.542279870292	0.0	0.277625342978
-abe	0.0	1.0	0.0	0.0
-gad	0.0	1.0	0.0	0.0
-njo	0.828326180257	0.0429184549356	0.0	0.128755364807
-huu	0.650537634409	0.139784946237	0.0	0.209677419355
-utm	0.182561307902	0.644042605895	0.0544959128065	0.118900173396
-abi	0.198581560284	0.574468085106	0.0	0.22695035461
-nji	0.24173553719	0.595041322314	0.0309917355371	0.132231404959
-var	0.140617061126	0.0968054140755	0.0294641894112	0.733113335387
-vas	0.043321299639	0.956678700361	0.0	0.0
-roo	0.508423326134	0.29848812095	0.141252699784	0.0518358531317
-vau	0.015320974414	0.0939686430723	0.0214493641796	0.869261018334
-koo	0.293161468864	0.12672205915	0.15328089631	0.426835575677
-tuk	0.269275798629	0.152792348979	0.0	0.577931852392
-tum	0.323009435433	0.280610882146	0.121221903057	0.275157779363
-sos	0.268629807692	0.6953125	0.0	0.0360576923077
-oru	0.0860041592453	0.0805755695407	0.0661950333751	0.767225237839
-tur	0.303797468354	0.563291139241	0.0189873417721	0.113924050633
-ori	0.642756349953	0.318830354343	0.00548761367199	0.032925682032
-oro	0.0421887480535	0.183019613855	0.18347143445	0.591320203642
-ora	0.430939226519	0.569060773481	0.0	0.0
-van	0.185805728089	0.140834836421	0.0367039109421	0.636655524547
-vam	0.145608764707	0.759813183524	0.0160845469911	0.0784935047777
-tne	0.128250401284	0.127180310326	0.0260032102729	0.718566078117
-vnu	0.111185532485	0.562625586068	0.101808439384	0.224380442063
-liv	0.0531914893617	0.941489361702	0.0	0.00531914893616
-ruv	0.875	0.0833333333333	0.0	0.0416666666667
-tno	0.0	0.72	0.0	0.28
-kri	0.322787010639	0.31312147973	0.339753841875	0.0243376677561
-lin	0.301213960546	0.534901365706	0.0591805766313	0.104704097117
-tnu	0.184753793787	0.204981331111	0.09020071038	0.520064164722
-lii	0.0	0.950819672131	0.016393442623	0.0327868852459
-vne	0.666538387531	0.254569944199	0.0558014238983	0.0230902443717
-rum	0.132512680967	0.380112108193	0.0802030810789	0.407172129762
-vno	0.0	0.0392156862745	0.843137254902	0.117647058823
-ome	0.0877687919252	0.806908657764	0.0	0.10532255031
-rnu	0.0968198992444	0.806360201511	0.0354219143577	0.0613979848866
-odt	0.207728557964	0.647219604147	0.0720075400565	0.0730442978322
-odu	0.168025849982	0.199713569029	0.0162012824377	0.616059298551
-nan	0.056813131915	0.828657145222	0.0409594511853	0.0735702716775
-oda	0.221234247247	0.647774406	0.0161006055948	0.114890741158
-rne	0.0798024154661	0.812593321486	0.0340975292142	0.0735067338336
-rnd	0.0	0.989720159909	0.0102798400914	0.0
-ode	0.121692643698	0.182706147792	0.0335054755669	0.662095732943
-iid	0.017582672373	0.891460810928	0.00608630966757	0.0848702070312
-rno	0.120041753653	0.634655532359	0.0469728601253	0.198329853862
-odi	0.251310431235	0.183052755752	0.0218664685292	0.543770344485
-riy	0.0	1.0	0.0	0.0
-lnu	0.477996965099	0.303490136571	0.0819423368741	0.136570561457
-rni	0.747747747748	0.18018018018	0.036036036036	0.036036036036
-odo	0.315899623222	0.328035448949	0.135968345362	0.220096582467
-uri	0.709828393136	0.177847113885	0.0561622464899	0.0561622464898
-res	0.0	1.0	0.0	0.0
-hni	0.355704697987	0.419463087248	0.187919463087	0.0369127516779
-urm	0.154257988958	0.572695332107	0.16262338966	0.110423289276
-kyu	0.165657711796	0.216243968411	0.031054533521	0.587043786273
-uro	0.0469962096664	0.872699778079	0.0553820774171	0.0249219348377
-hne	0.366355950574	0.528506394971	0.020593973553	0.0845436809018
-kyy	0.110400929692	0.854735618826	0.0	0.0348634514816
-trr	0.283212072218	0.156090002695	0.212206952304	0.348490972784
-gtt	0.192	0.048	0.76	0.0
-kye	0.272349457841	0.264779702701	0.149100244899	0.313770594559
-urr	0.603174603175	0.031746031746	0.0952380952381	0.269841269841
-kyo	0.262349415824	0.396154212033	0.0716382866483	0.269858085495
-kyn	0.197893107963	0.0813593619807	0.460361861683	0.260385668373
-kym	0.379017424216	0.365880527344	0.15460349859	0.10049854985
-pai	0.0	1.0	0.0	0.0
-pam	0.149020813244	0.617592855792	0.112137590734	0.12124874023
-pan	0.570057808124	0.218035016255	0.0519374764541	0.159969699167
-ape	0.253012048193	0.590361445783	0.0240963855422	0.132530120482
-api	0.352309483762	0.487643938414	0.0494242463449	0.110622331479
-apr	0.233038797481	0.518129189519	0.151076579322	0.0977554336786
-pay	0.0	0.546391752577	0.453608247423	0.0
-apu	0.0597988583855	0.752650176678	0.0	0.187550964936
-dan	0.0399828644866	0.622304726546	0.297729544481	0.0399828644867
-pas	0.0139534883721	0.986046511628	0.0	0.0
-pat	0.599769319492	0.0484429065744	0.0	0.351787773933
-dum	0.305274140371	0.381342860489	0.0635342676666	0.249848731474
-ydu	0.121212121212	0.494949494949	0.383838383838	0.0
-jan	0.104521962111	0.022114464009	0.00248057328152	0.870883000598
-sen	0.0978260869565	0.717391304348	0.0326086956522	0.152173913043
-luu	0.17503805175	0.627092846271	0.152207001522	0.0456621004566
-sum	0.0688837577361	0.886763594274	0.0141621785484	0.0301904694414
-sor	0.00359066427289	0.996409335727	0.0	0.0
-nur	0.459343543138	0.279876851004	0.10097149032	0.159808115538
-din	0.633333333333	0.1	0.2	0.0666666666667
-dii	0.0773195876289	0.884020618557	0.0386597938144	0.0
-son	0.00826446280992	0.953168044077	0.0385674931129	0.0
-lem	0.0545936035852	0.940313709513	0.0	0.00509268690161
-sli	0.214145383104	0.732809430255	0.0294695481336	0.0235756385069
-vag	0.517453798768	0.349075975359	0.0924024640658	0.041067761807
-ovn	0.215517241379	0.75	0.0344827586207	0.0
-ttn	0.0728673072156	0.200504468777	0.0346166183096	0.692011605698
-uku	0.171218032076	0.776766363242	0.0520156046814	0.0
-nnr	0.122964810722	0.217067614618	0.270587642458	0.389379932202
-uky	0.623196883024	0.233981381423	0.0303039315799	0.112517803973
-ove	0.326177698271	0.449165175909	0.126267143709	0.0983899821109
-iho	0.0	0.913686806412	0.0863131935881	0.0
-nnu	0.314591663556	0.143856498941	0.0381970122773	0.503354825226
-kll	0.249184431849	0.440345464356	0.0654609466344	0.245009157161
-uka	0.453299148633	0.352111452378	0.0962969398604	0.098292459128
-klo	0.0	0.861386138614	0.049504950495	0.0891089108911
-nno	0.240831463447	0.25430035783	0.0255610801621	0.479307098561
-uke	0.448213204119	0.101150817686	0.0399757722592	0.410660205936
-sky	0.139650872818	0.714463840399	0.145885286783	0.0
-kle	0.270015698587	0.28885400314	0.147566718995	0.293563579278
-uki	0.661414956641	0.187687816605	0.092083798403	0.0588134283506
-uko	0.643401660173	0.190996103676	0.101566999831	0.0640352363205
-nne	0.144406021819	0.0371683953101	0.0235747187612	0.794850864109
-day	0.0321231459124	0.789151431528	0.0739479130734	0.104777509486
-kki	0.320020508236	0.366913378995	0.14687052204	0.166195590729
-kkm	0.369797827723	0.413969244005	0.182358318099	0.0338746101732
-ngu	0.308855399178	0.500650765973	0.0718800597833	0.118613775065
-tir	0.196879073691	0.458438770033	0.047542366383	0.297139789893
-mvu	0.366310160428	0.504010695187	0.0213903743315	0.108288770053
-kke	0.576388888889	0.277777777778	0.0	0.145833333333
-rtm	0.128425734865	0.520339975257	0.131530575311	0.219703714566
-dne	0.43793911007	0.281030444965	0.0281030444965	0.252927400468
-vay	0.163360899878	0.578548014044	0.144699402632	0.113391683445
-til	0.274145170966	0.713857228554	0.0119976004799	0.0
-ngi	0.527860148694	0.100452684381	0.0394817034135	0.332205463511
-tin	0.14219662107	0.387491782373	0.0495968412632	0.420714755293
-ain	0.585365853659	0.182926829268	0.0	0.231707317073
-aii	0.00688863375432	0.958668197474	0.0	0.0344431687715
-tii	0.0645689520932	0.726679433709	0.0273720340971	0.181379580101
-ngo	0.300751879699	0.501879699248	0.112781954887	0.0845864661654
-eme	0.294175586053	0.687438439819	0.0	0.0183859741283
-jas	0.0695517774343	0.888717156105	0.0370942812983	0.00463678516228
-mmu	0.288217848477	0.389592882178	0.141547586951	0.180641682394
-soo	0.309278350515	0.579037800687	0.0601374570447	0.0515463917526
-emo	0.0	0.171428571429	0.2	0.628571428571
-hmo	0.263829787234	0.33556231003	0.331914893617	0.0686930091185
-emi	0.0279069767442	0.958139534884	0.00465116279071	0.00930232558141
-jay	0.789762340036	0.109689213894	0.073126142596	0.0274223034735
-pmo	0.722080136402	0.170502983802	0.0	0.107416879795
-mmo	0.885106382979	0.0893617021277	0.0255319148936	0.0
-mmi	0.814580645161	0.158967741935	0.0264516129032	0.0
-mme	0.0468101524399	0.0429215285476	0.0106735656818	0.899594753331
-jam	0.46677158595	0.327920452107	0.128764575435	0.0765433865083
-ana	0.18777881523	0.585537918871	0.0575785869903	0.169104678909
-obu	0.265	0.705	0.03	0.0
-ohi	0.0911330049261	0.844827586207	0.0147783251232	0.0492610837438
-pdu	0.447115384615	0.182692307692	0.264423076923	0.105769230769
-pdt	0.155555555555	0.577777777778	0.266666666667	0.0
-phi	0.268176400477	0.660309892729	0.0	0.0715137067938
-ane	0.0916014910981	0.145269721454	0.0242018929362	0.738926894512
-etr	0.0636809371754	0.0447797083083	0.150730253499	0.740809101017
-vre	0.472499396761	0.373695939137	0.0882290321207	0.0655756319816
-ett	0.595365261532	0.124431692783	0.045464577356	0.234738468329
-etu	0.172263229794	0.179709333852	0.0499797520891	0.598047684265
-tnm	0.198168193172	0.694897109552	0.0712501486856	0.0356845485904
-eta	0.315219833672	0.35591628298	0.07708515512	0.251778728228
-lir	0.493951612903	0.0907258064516	0.415322580645	0.0
-vaa	0.0612244897959	0.938775510204	0.0	0.0
-njn	0.148390993012	0.189802432922	0.0186351479596	0.643171426107
