ris-	0.0	1.0	0.0	0.0
ajb-	0.362229863919	0.426503726387	0.064894796688	0.146371613006
vas-	0.0336961530375	0.904402301884	0.055429545424	0.00647199965403
fig-	0.0	1.0	0.0	0.0
del-	0.0	1.0	0.0	0.0
ye'-	0.370157249864	0.577756833176	0.0520859169602	0.0
axs-	0.368810931446	0.172630414661	0.0975675945124	0.360991059382
jac-	0.129337192014	0.417686487964	0.0539456579534	0.399030662068
viu-	0.0212746596783	0.832197714202	0.00221664118803	0.144310984931
jko-	0.519346735646	0.325434752945	0.0899342261503	0.0652842852588
oje-	0.633298146592	0.0485648836324	0.018302850126	0.299834119649
júp-	0.0103443180139	0.989655681986	0.0	0.0
kob-	0.25	0.5	0.25	0.0
a'b-	0.318181818182	0.681818181818	0.0	0.0
kxn-	0.413195108255	0.430524312511	0.0762098635579	0.0800707156765
nyu-	0.481880070436	0.420335199044	0.0732972769008	0.0244874536193
ctz-	0.232483254223	0.100392890136	0.0335047607345	0.633619094907
oxl-	0.00834724540902	0.0513676640555	0.13869269295	0.801592397586
kba-	0.558430314422	0.223115432311	0.0621477697849	0.156306483482
qni-	0.191368623521	0.496007069451	0.0347304394238	0.277893867604
icx-	0.0439836616879	0.0386303584381	0.0569261429044	0.86045983697
qa'-	0.0350877192982	0.789473684211	0.0	0.175438596491
inb-	0.543602281989	0.175224123879	0.179299103504	0.101874490628
knn-	0.372413793103	0.296551724138	0.124137931034	0.206896551724
beq-	0.0	1.0	0.0	0.0
e'n-	0.0415138403347	0.617119892257	0.0556765430684	0.285689724339
inp-	0.338475099163	0.0996033494932	0.0260026443367	0.535918907007
a'l-	0.122671772191	0.415717735371	0.0388617747549	0.422748717682
txa-	0.428309064137	0.265219031988	0.120210850583	0.186261053291
icj-	0.184090971166	0.118084070031	0.0739732512723	0.62385170753
imj-	0.145695364238	0.35761589404	0.437086092715	0.0596026490066
der-	0.0439601034355	0.956039896564	0.0	0.0
gez-	0.0217391304348	0.978260869565	0.0	0.0
hat-	0.0425531914894	0.920972644377	0.0364741641337	0.0
neg-	0.339769172689	0.580951353684	0.0566281954482	0.0226512781793
nme-	0.263723532635	0.60113000076	0.0625988073872	0.0725476592172
tcl-	0.594300114971	0.30329802688	0.0610002924633	0.0414015656855
jxt-	0.169919632606	0.469575200919	0.153846153846	0.206659012629
ibz-	0.15	0.55	0.0	0.3
tib-	0.114452231678	0.0994815516283	0.017127514426	0.768938702268
nee-	0.112541809076	0.670050993365	0.162484235922	0.0549229616362
atk-	0.206235404974	0.4257527961	0.106681961572	0.261329837355
c'o-	0.260257993157	0.19199864527	0.0340350061905	0.513708355382
swa-	0.719406674907	0.265760197775	0.00741656365884	0.00741656365885
tty-	0.307005472728	0.565593470775	0.0838982567172	0.0435027997793
seo-	0.0	1.0	0.0	0.0
bay-	0.219895287958	0.410994764398	0.0392670157068	0.329842931937
lij-	0.125	0.875	0.0	0.0
ikx-	0.106633437439	0.134106090147	0.106647338895	0.652613133519
som-	0.0	1.0	0.0	0.0
kyv-	0.373333333333	0.6	0.0266666666667	0.0
jja-	0.192694892664	0.511244080197	0.12647817826	0.169582848878
paf-	0.0189075630252	0.981092436975	0.0	0.0
fes-	0.057696327782	0.928367361159	0.00891923907743	0.00501707198105
abr-	0.0291354375535	0.935334219411	0.0252929316168	0.0102374114182
tzu-	0.363563667227	0.108912164031	0.02251349313	0.505010675612
zaq-	0.0838147937179	0.860851167711	0.0130197737814	0.0423142647897
jn--	0.27851580394	0.367613376088	0.168346312414	0.185524507558
c-o-	0.428571428571	0.142857142857	0.428571428572	0.0
cul-	0.237778276369	0.527135841248	0.124897165507	0.110188716875
zac-	0.0668513388735	0.875530932595	0.014404432133	0.0432132963989
her-	0.0447712386364	0.805016279152	0.0472114199886	0.103001062223
ate-	0.402323093931	0.107376759868	0.0168047235617	0.47349542264
naw-	0.143385070214	0.821138211382	0.0266075388026	0.00886917960089
zuf-	0.0	1.0	0.0	0.0
sko-	0.436900958466	0.371405750799	0.143769968051	0.0479233226837
aqe-	0.179524546862	0.357865015029	0.0327898715729	0.429820566536
ety-	0.092967818832	0.825983313468	0.0667461263409	0.0143027413588
oyb-	0.234167431525	0.653229312594	0.0744408482682	0.0381624076131
i'k-	0.766728624535	0.152947424323	0.0584174190122	0.0219065321296
urí-	0.0141414141414	0.985858585859	0.0	0.0
dor-	0.0508202787714	0.768224990749	0.0222030344147	0.158751696065
kyx-	0.189394759729	0.237065281087	0.0631602652241	0.510379693959
pat-	0.20652560171	0.55471870531	0.158837717509	0.0799179754702
jem-	0.448979591837	0.510204081633	0.0136054421769	0.0272108843537
cee-	0.333333333333	0.666666666667	0.0	0.0
laj-	0.221699371197	0.126725079733	0.029975692987	0.621599856082
ẍib-	0.25	0.625	0.0	0.125
t-x-	0.191780268105	0.515836759625	0.038881731627	0.253501240642
jpj-	0.341173015831	0.416161670093	0.00961050748818	0.233054806588
oma-	0.0	1.0	0.0	0.0
tjt-	0.524549444262	0.457867892802	0.00586088764539	0.0117217752908
q'o-	0.42244649736	0.298183405253	0.0480185738602	0.231351523527
cbi-	0.391391394282	0.244712011567	0.0838870081883	0.280009585963
aló-	0.0	0.833333333333	0.166666666667	0.0
chw-	0.0625317913089	0.90643075358	0.0237273577348	0.00731009737659
diz-	0.0	1.0	0.0	0.0
jam-	0.238921401056	0.385595612435	0.126619080743	0.248863905766
vig-	0.138791349671	0.855302635449	0.00590601487963	0.0
jkc-	0.424390243903	0.287804878049	0.0341463414634	0.253658536585
xtm-	0.395477316354	0.137272344211	0.030432136336	0.436818203099
qje-	0.491582491582	0.316498316498	0.121212121212	0.0707070707071
co'-	0.242382284786	0.52093729868	0.122162286901	0.114518129633
ent-	0.165675725553	0.0836580351921	0.047708097515	0.70295814174
nai-	0.0	0.941176470588	0.0588235294119	0.0
nkw-	0.4	0.572727272727	0.0272727272727	0.0
qmo-	0.431208053691	0.348993288591	0.0704697986577	0.14932885906
che-	0.310585901424	0.0957222538572	0.0154755422712	0.578216302447
asi-	0.0108132128574	0.971485705821	0.0111094652644	0.00659161605688
tip-	0.0913164212883	0.569074318182	0.184157266543	0.155451993986
geu-	0.0	1.0	0.0	0.0
wuj-	0.134938409854	0.628779395297	0.055431131019	0.18085106383
al--	0.201257861635	0.339622641509	0.0754716981132	0.383647798742
hid-	0.0	1.0	0.0	0.0
tér-	0.126420454545	0.813920454546	0.0383522727273	0.0213068181818
qnu-	0.433070866142	0.283464566929	0.0708661417323	0.212598425197
nog-	0.0	1.0	0.0	0.0
xch-	0.433885391525	0.45253726144	0.0986329592675	0.0149443877678
bu'-	0.298919567827	0.593037214886	0.094537815126	0.0135054021609
exq-	0.0473094129718	0.043102475641	0.00900977067833	0.900578340709
tol-	0.47211569904	0.464119028509	0.0448140551146	0.018951217337
elx-	0.600370933555	0.180736030473	0.0633966147514	0.155496421221
ẍil-	0.204429301533	0.718909710392	0.0715502555365	0.00511073253832
elj-	0.219558210832	0.718811414197	0.0297146450751	0.0319157298954
jct-	0.475555555556	0.213333333333	0.0	0.311111111111
ẍch-	0.673407627484	0.170171524503	0.0545609171536	0.10185993086
mus-	0.0	1.0	0.0	0.0
pud-	0.0283553875236	0.971644612476	0.0	0.0
ojb-	0.1472303207	0.82944606414	0.00437317784256	0.0189504373178
zem-	0.0	1.0	0.0	0.0
hol-	0.0	1.0	0.0	0.0
hur-	0.0	1.0	0.0	0.0
n-e-	0.48068211284	0.196842303866	0.0581847710399	0.264290812254
moi-	0.0576510288441	0.916685432729	0.00239530856888	0.0232682298585
exc-	0.497489378138	0.230204712244	0.0946311317111	0.177674777907
bo'-	0.368231046931	0.56678700361	0.0216606498195	0.043321299639
jnx-	0.449462917476	0.24166880522	0.0252960369542	0.283572240349
oni-	0.46435235182	0.392973515947	0.0474066456088	0.0952674866245
dod-	0.0	1.0	0.0	0.0
uzí-	0.0	0.992268041237	0.0	0.00773195876289
hiz-	0.0	1.0	0.0	0.0
nmk-	0.690909090909	0.227272727273	0.0	0.0818181818182
nli-	0.723342002601	0.149382314694	0.0282834850455	0.0989921976593
oyl-	0.494358251058	0.334978843442	0.0818053596615	0.0888575458392
aki-	0.327846254939	0.268530496483	0.00188970058949	0.401733547988
jju-	0.380264969847	0.255425233867	0.312455482217	0.05185431407
cyl-	0.484217661117	0.366194475574	0.051824145416	0.0977637178936
lis-	0.046801306083	0.892308622566	0.0370661506833	0.0238239206676
fúa-	0.0	1.0	0.0	0.0
esb-	0.0	1.0	0.0	0.0
ism-	0.0231684908524	0.950307581689	0.00479348086602	0.0217304465926
uni-	0.0	1.0	0.0	0.0
koj-	0.12201373273	0.836804780788	0.0141221884098	0.027059298072
qoy-	0.429958391123	0.396671289875	0.0901525658807	0.0832177531207
cne-	0.819772493627	0.0683588952951	0.0211593774624	0.0907092336157
ta'-	0.482533891965	0.214060004829	0.0447479629478	0.258658140258
jbe-	0.174402761377	0.581342537923	0.22790444182	0.0163502588791
apa-	0.275	0.625	0.05	0.05
ana-	0.0959611173075	0.797494117934	0.019864692138	0.0866800726201
yaq-	0.192474674385	0.369512783406	0.27689339122	0.161119150989
exm-	0.793893129771	0.160305343511	0.0458015267176	0.0
qjk-	0.149068322981	0.785714285714	0.0652173913043	0.0
alw-	0.0770854963078	0.88371848862	0.0391960150718	0.0
lo--	0.0882352941175	0.911764705882	0.0	0.0
tẍy-	0.0973393900065	0.776119402985	0.126541207008	0.0
ato-	0.397702733361	0.250901177202	0.0646158758434	0.286780213594
arm-	0.0	1.0	0.0	0.0
qya-	0.0217041683214	0.562704014644	0.00962967623135	0.405962140803
cal-	0.0603461479553	0.896461939041	0.0385970286414	0.00459488436207
plo-	0.114422551342	0.428616049351	0.42416512663	0.0327962726776
nke-	0.066265060241	0.697590361446	0.028313253012	0.207831325301
tel-	0.327658698123	0.142674557231	0.0338087718618	0.495857972784
162-	0.0	0.2	0.0	0.8
jwi-	0.118646370529	0.808349948305	0.0331471183034	0.0398565628625
mii-	0.153922052294	0.34583127775	0.500246669956	0.0
e'ẍ-	0.0	0.917808219178	0.0821917808219	0.0
oke-	0.536281065975	0.178061682803	0.0732608044715	0.212396446751
nad-	0.0	1.0	0.0	0.0
xpa-	0.182981303044	0.781602960883	0.0264820368834	0.00893369918959
axn-	0.476613657624	0.282039289055	0.138447146866	0.102899906455
mes-	0.201015815937	0.746914973185	0.00222926285102	0.0498399480263
xni-	0.611336032389	0.291497975709	0.0	0.0971659919028
sed-	0.0103836169599	0.885780213441	0.0995096625324	0.00432650706662
qyo-	0.325207453987	0.399302265484	0.0794642088035	0.196026071726
ken-	0.479457054865	0.13788166664	0.0116573514315	0.371003927064
adi-	0.0	1.0	0.0	0.0
ami-	0.0149849481547	0.975025086409	0.00187311851934	0.00811684691716
kax-	0.0450683127147	0.792479144606	0.0418399235518	0.120612619127
175-	0.2	0.2	0.0	0.6
bya-	0.646701211003	0.319632698069	0.0213706490237	0.012295441904
súa-	0.0294117647059	0.970588235294	0.0	0.0
119-	0.0	0.0	0.0	1.0
str-	0.0262676781474	0.852060436674	0.0977157627082	0.0239561224704
win-	0.124072872474	0.12548688436	0.019903022234	0.730537220932
gid-	0.0	0.90977443609	0.0902255639097	0.0
coz-	0.0	0.923076923077	0.0769230769231	0.0
pi--	0.0	1.0	0.0	0.0
kpi-	0.0747952036091	0.861094621869	0.021370058174	0.0427401163481
jjw-	0.0326472675657	0.141234918382	0.0	0.826117814053
jaj-	0.216740797036	0.15050756987	0.0312840419344	0.601467591159
jti-	0.318192141722	0.44537815126	0.139450374744	0.0969793322735
wan-	0.265793280388	0.378999452539	0.0458172323946	0.309390034678
at--	0.266939714893	0.289340741576	0.145960580452	0.297758963079
gól-	0.00373134328358	0.988805970149	0.00746268656716	0.0
icw-	0.423853211009	0.170642201835	0.185321100917	0.220183486239
ged-	0.0112824370064	0.939356901091	0.0	0.0493606619029
cob-	0.106666666667	0.893333333333	0.0	0.0
tpk-	0.0208333333333	0.104166666667	0.875	0.0
njq-	0.216824258233	0.332246494946	0.450929246821	0.0
ocl-	0.196978175713	0.374930050364	0.103525461668	0.324566312255
ctk-	0.481409472878	0.342194975787	0.079692169152	0.0967033821826
ipb-	0.392753239884	0.411531340915	0.101824914044	0.0938905051573
ktq-	0.590905232365	0.18074610005	0.101016696813	0.127331970772
qik-	0.530932399949	0.301438029773	0.0879264538439	0.079703116434
e'p-	0.648438218032	0.132557803658	0.033349526673	0.185654451637
cyp-	0.378456006575	0.313779342271	0.0940238456845	0.213740805469
ptz-	0.132885329021	0.841324872702	0.0165597652099	0.00923003306782
bun-	0.363636363636	0.397727272727	0.147727272727	0.0909090909091
ili-	0.460776583417	0.340529309429	0.0944507758969	0.104243331257
npl-	0.111111111111	0.722222222222	0.166666666667	0.0
gat-	0.0143884892086	0.985611510791	0.0	0.0
kaj-	0.0931892037892	0.807187023116	0.0274293479801	0.0721944251151
tba-	0.241196269864	0.299740791198	0.181008979513	0.278053959426
sat-	0.0919927157441	0.8812850195	0.0135530337407	0.0131692310152
peg-	0.0331837868676	0.934391973777	0.00384837406196	0.0285758652934
saf-	0.147369409114	0.547566527432	0.0140798798517	0.290984183602
adn-	0.0714285714286	0.857142857143	0.0714285714287	0.0
alú-	0.0	0.833333333333	0.166666666667	0.0
sun-	0.0	1.0	0.0	0.0
iqi-	0.512769107396	0.382980692123	0.0527419653322	0.051508235149
poq-	0.417007390283	0.476712385629	0.0613541987634	0.044926025324
haz-	0.0144578313253	0.898795180723	0.0819277108435	0.00481927710845
hag-	0.0	1.0	0.0	0.0
jtw-	0.128048780488	0.80243902439	0.0182926829268	0.0512195121951
tni-	0.433444121197	0.300732266814	0.106498951105	0.159324660883
ahu-	0.0	1.0	0.0	0.0
bix-	0.00978408228429	0.009548685963	0.000517477745918	0.980149754007
ban-	0.517052837269	0.155458103871	0.146450700027	0.181038358832
o'n-	0.415060510982	0.398476019722	0.0797848498431	0.106678619453
atx-	0.222136795957	0.252329453752	0.0514225636274	0.474111186664
wen-	0.17711122695	0.117111606493	0.266602835447	0.43917433111
kẍa-	0.448034170243	0.492943364216	0.0389011704702	0.0201212950708
gun-	0.0	1.0	0.0	0.0
ijó-	0.0	1.0	0.0	0.0
137-	0.0	0.0	0.0	1.0
arq-	0.132777421424	0.859525336754	0.0	0.00769724182168
ale-	0.141584567282	0.657065841362	0.151386575786	0.0499630155698
sid-	0.0105191256831	0.967076502732	0.0035519125683	0.0188524590164
eky-	0.274376417234	0.636621315193	0.0192743764172	0.0697278911565
nsp-	0.57301689117	0.375668163352	0.0282232200128	0.023091725465
luc-	0.0162223572618	0.923075906893	0.00429337631113	0.0564083595339
745-	0.0	0.727272727273	0.272727272727	0.0
qaw-	0.430134680135	0.333333333333	0.196127946128	0.040404040404
jpw-	0.0688986206011	0.829251244597	0.0179735532003	0.0838765816014
dec-	0.0	0.751096121417	0.0121416526138	0.23676222597
net-	0.130858378205	0.515716959024	0.271002616785	0.0824220459858
jpe-	0.485816759048	0.244212585589	0.15454841865	0.115422236713
xli-	0.263560217939	0.629421810198	0.06717085468	0.039847117183
adu-	0.0	1.0	0.0	0.0
e'o-	0.578826959809	0.211892852782	0.0512951577222	0.157985029686
luq-	0.30031974744	0.322256850285	0.0862103857207	0.291213016554
azb-	0.0	1.0	0.0	0.0
xuy-	0.396883593034	0.487626031164	0.104491292392	0.0109990834097
ksi-	0.625108979948	0.244115082825	0.0296425457716	0.101133391456
peu-	0.0	1.0	0.0	0.0
var-	0.0488761696518	0.883919097077	0.00450175246793	0.0627029808031
siv-	0.0	1.0	0.0	0.0
ekk-	0.732718894009	0.267281105991	0.0	0.0
cjt-	0.601156069364	0.260115606936	0.0	0.138728323699
jlu-	0.0608124354579	0.101838728276	0.0148369631336	0.822511873133
tfw-	0.481927710843	0.477911646586	0.0	0.0401606425703
cty-	0.553602811951	0.260105448155	0.0738137082601	0.112478031634
a'c-	0.170731707317	0.829268292683	0.0	0.0
juc-	0.222832000757	0.270189714718	0.353124852155	0.15385343237
jny-	0.25974025974	0.510822510823	0.1443001443	0.085137085137
ina-	0.2556432658	0.172714668786	0.0183169556986	0.553325109715
nmj-	0.0388601036269	0.440414507772	0.349740932643	0.170984455959
nlo-	0.498699440353	0.270192840412	0.137800202228	0.0933075170071
kxm-	0.174791373144	0.730529966403	0.0755608540154	0.0191178064376
aha-	0.0	1.0	0.0	0.0
kni-	0.356993916464	0.260014667816	0.0680436244552	0.314947791264
nxn-	0.285128918296	0.358070554131	0.0464895765389	0.310310951034
ncp-	0.204081632653	0.551020408163	0.122448979592	0.122448979592
sif-	0.0	1.0	0.0	0.0
gim-	0.0	1.0	0.0	0.0
qqk-	0.979591836735	0.0	0.0	0.0204081632653
emj-	0.326599326599	0.505050505051	0.0	0.16835016835
sah-	0.0	1.0	0.0	0.0
e'q-	0.177010067577	0.698869121501	0.047579644187	0.0765411667357
tia-	0.0	0.996237064911	0.0	0.00376293508937
idb-	0.0	1.0	0.0	0.0
jo'-	0.195080376082	0.264333802805	0.0715152997624	0.46907052135
klm-	0.521739130435	0.331521739131	0.0978260869566	0.0489130434782
ub'-	0.00868173682968	0.985530438617	0.0	0.00578782455312
tdy-	0.322429906542	0.654205607477	0.00934579439253	0.0140186915888
jxu-	0.105040149338	0.462058135056	0.0343713887818	0.398530326824
tco-	0.38376030601	0.487152180113	0.0407705327883	0.0883169810885
wi'-	0.0904989885354	0.0698477203516	0.0337063818115	0.805946909302
atj-	0.343268242549	0.514902363823	0.0678314491264	0.0739979445015
ang-	0.0280675584168	0.945538141457	0.00843989518829	0.0179544049383
xaw-	0.311418685121	0.647058823529	0.0415224913495	0.0
ttz-	0.446575561577	0.281153678501	0.0453475781156	0.226923181806
iky-	0.162921930282	0.135756211092	0.063574654326	0.6377472043
spe-	0.35	0.225	0.415	0.01
kyw-	0.241184131517	0.286523196698	0.036855600663	0.435437071122
sod-	0.00942741420101	0.990572585799	0.0	0.0
tnu-	0.304162650652	0.545041148704	0.0609445666412	0.0898516340031
cum-	0.108436995843	0.012894982384	0.00464752571922	0.874020496054
zab-	0.00465260545905	0.995347394541	0.0	0.0
xoq-	0.0640178136525	0.925544499339	0.0104376870086	0.0
sle-	0.192038769409	0.734183624265	0.0737776063265	0.0
ẍeẍ-	0.470588235294	0.0	0.529411764706	0.0
nav-	0.0	1.0	0.0	0.0
etx-	0.324324324324	0.612612612613	0.018018018018	0.0450450450451
pwa-	0.107820370275	0.81475220515	0.0257627936565	0.0516646309179
xme-	0.131214217198	0.734777347158	0.092950531957	0.0410579036865
kyy-	0.374801508435	0.340643808778	0.115646684005	0.168907998781
we'-	0.346206465532	0.0994354011671	0.0256765514881	0.528681581813
suu-	0.0	0.852941176471	0.147058823529	0.0
jel-	0.390549662488	0.124879459981	0.079556412729	0.405014464802
leq-	0.566308492201	0.390017331022	0.00485268630849	0.0388214904679
teh-	0.0	1.0	0.0	0.0
xcy-	0.411162029467	0.353910409497	0.134188156367	0.100739404668
zía-	0.0	1.0	0.0	0.0
nef-	0.0101471334348	0.989852866565	0.0	0.0
zee-	0.0	1.0	0.0	0.0
tju-	0.204603257519	0.291344111804	0.088192351168	0.41586027951
rej-	0.0232558139535	0.976744186047	0.0	0.0
to'-	0.429387609355	0.356364934833	0.153544009998	0.0607034458132
kjq-	0.678277782689	0.268499690567	0.0383697285828	0.0148527981611
jal-	0.0919377652051	0.449189424437	0.440104450005	0.0187683603525
lai-	0.102040816326	0.734693877551	0.163265306122	0.0
nit-	0.511325129303	0.288924558588	0.135544854646	0.0642054574639
ksu-	0.863636363636	0.0	0.136363636364	0.0
uta-	0.0	1.0	0.0	0.0
xtn-	0.749015748031	0.162401574803	0.0	0.0885826771654
qnk-	0.0603015075377	0.130653266332	0.412060301508	0.396984924623
too-	0.214506703335	0.756961155036	0.0	0.0285321416294
ajw-	0.32362978171	0.512528923921	0.0421187624612	0.121722531908
nti-	0.232391565089	0.179837154868	0.0731155711725	0.51465570887
nah-	0.0131984161901	0.97360316762	0.00659920809502	0.00659920809502
tga-	0.492532359774	0.310321938268	0.115499502157	0.0816461998008
150-	0.133333333333	0.0666666666668	0.0666666666666	0.733333333333
feb-	0.178529754959	0.821470245041	0.0	0.0
tmo-	0.439219541996	0.381315209194	0.0874865166716	0.0919787321376
éba-	0.0	1.0	0.0	0.0
tre-	0.00910470409711	0.296408700051	0.387455741022	0.307030854831
tcy-	0.184668075141	0.379322107268	0.0528686995655	0.383141118026
oze-	0.0	1.0	0.0	0.0
beb-	0.0	1.0	0.0	0.0
txl-	0.376811594203	0.242753623188	0.25	0.130434782609
ira-	0.0	1.0	0.0	0.0
kwu-	0.285256410256	0.128205128205	0.307692307692	0.278846153846
rwe-	0.0200333889817	0.974958263773	0.0	0.00500834724541
hau-	0.0	1.0	0.0	0.0
tjk-	0.592739305814	0.190430182846	0.149803144852	0.0670273664887
púa-	0.0	1.0	0.0	0.0
exp-	0.126248193171	0.0690552356579	0.0471078884387	0.757588682733
apó-	0.0	1.0	0.0	0.0
wuk-	0.0222027405434	0.0563524334136	0.0270726343958	0.894372191647
xky-	0.449652048945	0.303302105048	0.0724766710996	0.174569174907
eba-	0.0	1.0	0.0	0.0
205-	0.0	0.6	0.0	0.4
jca-	0.345184759415	0.44523357716	0.0757856113635	0.133796052062
elm-	0.0	1.0	0.0	0.0
962-	0.0	0.2	0.0	0.8
ran-	0.75	0.0	0.0	0.25
puc-	0.809523809524	0.190476190476	0.0	0.0
zel-	0.0	1.0	0.0	0.0
xkk-	0.505209595348	0.414829173734	0.0193845408287	0.0605766900897
xik-	0.638082593169	0.129020713421	0.0226256817528	0.210271011657
s-u-	0.297215951844	0.291948833709	0.168547780286	0.242287434161
agr-	0.0187222860897	0.968303498111	0.00509114797175	0.00788306782724
was-	0.142857142857	0.793650793651	0.0634920634921	0.0
mup-	0.0	1.0	0.0	0.0
exb-	0.161290322581	0.645161290323	0.0322580645161	0.161290322581
moj-	0.367741069766	0.475902471905	0.0676929776901	0.0886634806389
kyk-	0.303160132329	0.247334074219	0.0660469356943	0.383458857758
qap-	0.287952084773	0.204215618521	0.0526760347078	0.455156261998
aru-	0.0	1.0	0.0	0.0
ron-	0.0	0.75	0.25	0.0
ziz-	0.0	1.0	0.0	0.0
zal-	0.0	1.0	0.0	0.0
csp-	0.493150684932	0.21095890411	0.131506849315	0.164383561644
kmq-	0.876227897839	0.123772102161	0.0	0.0
kew-	0.513137012872	0.207194498325	0.119026626697	0.160641862105
tky-	0.126420027776	0.274264575582	0.0570892617184	0.542226134923
cym-	0.464019280866	0.275180630149	0.0336146588024	0.227185430183
sea-	0.0	1.0	0.0	0.0
jkj-	0.76473726327	0.23526273673	0.0	0.0
qal-	0.0615346065519	0.0722647427157	0.0328910897438	0.833309560989
kok-	0.369074492099	0.566591422122	0.0124153498871	0.0519187358916
bec-	0.0454397156069	0.640746492329	0.215474244161	0.0983395479024
nxa-	0.516360826886	0.256881209811	0.0990259924705	0.127731970833
isú-	0.0	1.0	0.0	0.0
kcu-	0.430875100125	0.219588620827	0.159569376785	0.189966902263
ofi-	0.0	1.0	0.0	0.0
ac'-	0.120312125483	0.0796051071574	0.722119512726	0.0779632546336
ktb-	0.396631135676	0.189946045532	0.170232925385	0.243189893407
ẍju-	0.00830932860625	0.0224351872369	0.969255484157	0.0
adb-	0.0	1.0	0.0	0.0
maj-	0.162345207883	0.313505838846	0.06661912087	0.457529832402
kiy-	0.197095110674	0.58719920977	0.0825057212815	0.133199958275
isb-	0.0	1.0	0.0	0.0
xtx-	0.384210130203	0.39850982163	0.161962820802	0.0553172273651
tec-	0.153557580611	0.687648474349	0.0646471538873	0.0941467911533
sek-	0.0	1.0	0.0	0.0
cam-	0.118745950413	0.810324149498	0.0356938697819	0.0352360303076
qri-	0.482841455045	0.31537405628	0.16935483871	0.0324296499657
mix-	0.244262941271	0.112586774385	0.0535377653158	0.589612519028
min-	0.20646644601	0.0716000437434	0.0295484470184	0.692385063228
335-	0.294117647059	0.0	0.0	0.705882352941
est-	0.0606154730669	0.814263023136	0.0282595296737	0.096861974123
je'-	0.547244995923	0.0532040956509	0.0118298272323	0.387721081194
ajl-	0.0939210200723	0.877502604652	0.00523900213385	0.0233373731417
see-	0.3390625	0.4265625	0.0234375	0.2109375
tsk-	0.786299329858	0.0676098287416	0.0500372300819	0.096053611318
ibl-	0.173913043478	0.826086956522	0.0	0.0
xnn-	0.526315789474	0.263157894737	0.0701754385965	0.140350877193
nue-	0.13051222131	0.123658182278	0.277471104655	0.468358491758
kay-	0.147415582996	0.81783411649	0.0104906567588	0.0242596437548
amn-	0.0118577075099	0.916996047431	0.0355731225296	0.0355731225297
zoh-	0.0	1.0	0.0	0.0
me'-	0.13221266249	0.436313476106	0.381908725334	0.0495651360704
yo'-	0.506565181793	0.414895230009	0.0324468569003	0.0460927312976
nwi-	0.0761937831276	0.140266571577	0.0166535563634	0.766886088932
max-	0.119097096447	0.104287964951	0.0375092737241	0.739105664879
oki-	0.462055070176	0.152485311281	0.0500266075979	0.335433010945
jc'-	0.472098560928	0.394347240915	0.0590123201159	0.0745418780412
gie-	0.089219330855	0.895910780669	0.0	0.0148698884758
eel-	0.650717703349	0.234449760766	0.0956937799042	0.0191387559809
550-	0.015	0.535	0.015	0.435
kak-	0.177945224022	0.18084194378	0.0644317105086	0.576781121689
afe-	0.0	1.0	0.0	0.0
háv-	0.0	1.0	0.0	0.0
sto-	0.0181894208656	0.954421910935	0.0273886681999	0.0
gog-	0.00446428571428	0.986607142857	0.00892857142857	0.0
815-	0.0	0.0	0.0	1.0
jup-	0.158832410669	0.770508303976	0.0549572219427	0.0157020634122
nye-	0.544438493832	0.191409498929	0.0821328288258	0.182019178413
inw-	0.336688143724	0.116728589569	0.0203169825519	0.526266284156
qxj-	0.171127026008	0.493026762156	0.0327930644554	0.30305314738
qot-	0.673420164013	0.178485287024	0.0299083453931	0.11818620357
cyq-	0.714645031364	0.162092354431	0.0198737261057	0.1033888881
k'e-	0.22881124316	0.304616045624	0.183271667113	0.283301044104
xt'-	0.0	0.166666666667	0.833333333333	0.0
yeb-	0.206994713298	0.169174461163	0.556323708825	0.0675071167141
qul-	0.307729007634	0.596851145038	0.0	0.0954198473282
o'a-	0.414325842697	0.331694756554	0.125234082397	0.128745318352
kua-	0.0	1.0	0.0	0.0
sau-	0.0405315059335	0.883788790462	0.0095409214998	0.0661387821049
xwe-	0.472222222222	0.326388888889	0.118055555556	0.0833333333334
pri-	0.0406129925833	0.766285407917	0.0284156911804	0.164685908319
twe-	0.265038117626	0.419288342651	0.210916555469	0.104756984253
bit-	0.370008692104	0.597670870807	0.0101467014351	0.0221737356536
pop-	0.0	1.0	0.0	0.0
jtt-	0.216110693581	0.621291736962	0.0411639416345	0.121433627822
tti-	0.563545340289	0.181453629871	0.168074114863	0.0869269149772
zah-	0.0	1.0	0.0	0.0
tiẍ-	0.233400072209	0.676994781239	0.0	0.089605146552
arp-	0.0288072503641	0.971192749636	0.0	0.0
yaẍ-	0.17582511604	0.486535047379	0.27047549785	0.0671643387308
u'l-	0.561616161616	0.23367003367	0.0484848484848	0.156228956229
s̈i-	0.272348763164	0.661523389664	0.0499632623072	0.0161645848641
orj-	0.1262250098	0.606428851431	0.176401411211	0.0909447275578
men-	0.231869388776	0.32236380877	0.412207340358	0.0335594620966
ald-	0.0350694444444	0.940972222222	0.00833333333334	0.015625
lk'-	0.575806094466	0.113210921665	0.024016760633	0.286966223237
sie-	0.290578887628	0.518728717367	0.177071509648	0.0136208853575
bus-	0.0624133148405	0.0846047156727	0.852981969487	0.0
nsw-	0.25	0.25	0.5	0.0
plé-	0.0	1.0	0.0	0.0
axc-	0.323308270677	0.473684210526	0.0676691729323	0.135338345865
deb-	0.0	1.0	0.0	0.0
nse-	0.708492731446	0.160673297628	0.0436113236419	0.0872226472838
i'l-	0.414315414315	0.34452034452	0.146718146718	0.0944460944461
squ-	0.5390625	0.0703125	0.1328125	0.2578125
bos-	0.0	0.942857142857	0.057142857143	0.0
iqt-	0.108279367732	0.694833228884	0.139788315577	0.0570990878072
t-h-	0.0	1.0	0.0	0.0
rim-	0.0816326530614	0.897959183673	0.0	0.0204081632653
cef-	0.140926640927	0.708494208494	0.104247104247	0.046332046332
siw-	0.0	1.0	0.0	0.0
ará-	0.0	1.0	0.0	0.0
jub-	0.525419430375	0.276285255758	0.130091830117	0.0682034837505
ẍun-	0.0	0.919117647059	0.0808823529412	0.0
ctx-	0.508196721311	0.196721311475	0.262295081967	0.0327868852459
ẍaw-	0.0	1.0	0.0	0.0
nca-	0.377910244971	0.426303026235	0.0516385193668	0.144148209428
tze-	0.165753043856	0.271876961926	0.0350055743017	0.527364419917
nwu-	0.198713174021	0.0951298389776	0.0340092099958	0.672147777006
iẍj-	0.625	0.0340909090909	0.340909090909	0.0
ort-	0.449995852573	0.259684242542	0.12774075815	0.162579146736
pit-	0.504781440499	0.315026146246	0.142374252448	0.0378181608066
oxj-	0.376528117359	0.418092909535	0.0	0.205378973105
sef-	0.0985545335085	0.877792378449	0.0	0.0236530880421
kxl-	0.572806248506	0.111978959114	0.0155415637204	0.29967322866
txq-	0.108713165044	0.240997919763	0.335675861991	0.314613053203
xwi-	0.285861713106	0.449948400413	0.160990712074	0.103199174407
mk'-	0.433333333333	0.442156862745	0.0264705882353	0.0980392156863
eti-	0.114856894518	0.79636183026	0.0611535357298	0.0276277394921
txc-	0.445532358293	0.470472104373	0.0429254014562	0.041070135878
elí-	0.0117507634234	0.985239435913	0.0	0.00300980066341
bes-	0.0	1.0	0.0	0.0
hor-	0.0272515101592	0.89174903899	0.0107084019769	0.0702910488743
ẍon-	0.29304029304	0.175824175824	0.377289377289	0.153846153846
pad-	0.0	0.91	0.09	0.0
ncw-	0.204478620067	0.458285958743	0.0649211046385	0.272314316551
tcn-	0.675671776524	0.147186968009	0.0476704739843	0.129470781483
ebr-	0.0301255940258	0.912593346911	0.0572810590631	0.0
cle-	0.738430449802	0.187473828563	0.0235376270876	0.050558094547
inn-	0.186046511628	0.46511627907	0.0	0.348837209302
qne-	0.290429042904	0.574257425743	0.039603960396	0.0957095709571
cby-	0.490522243714	0.230947775629	0.147001934236	0.131528046422
qoe-	0.772727272727	0.123376623377	0.0	0.103896103896
xka-	0.47823329535	0.320728255209	0.129574153231	0.0714642962108
pet-	0.146722790138	0.785929043897	0.043295249549	0.0240529164161
anf-	0.0326975476839	0.967302452316	0.0	0.0
quí-	0.0	0.975409836066	0.0245901639344	0.0
lot-	0.0319645296487	0.905696686161	0.0537512986133	0.00858748557728
itm-	0.0	1.0	0.0	0.0
ish-	0.0	1.0	0.0	0.0
pch-	0.626016260163	0.308943089431	0.0650406504065	0.0
110-	0.0666666666666	0.133333333333	0.0	0.8
cwa-	0.218019611166	0.512429040847	0.131257329473	0.138294018515
tu'-	0.0958998605594	0.034211075287	0.00653161071867	0.863357453435
awa-	0.297321160287	0.63776842705	0.0184174435306	0.0464929691325
ere-	0.0	1.0	0.0	0.0
nay-	0.51265590609	0.240278796772	0.144900953778	0.10216434336
tje-	0.247074557004	0.51420929455	0.193915078569	0.0448010698763
ers-	0.0	1.0	0.0	0.0
xop-	0.75	0.25	0.0	0.0
cun-	0.0370370370371	0.888888888889	0.0	0.0740740740741
bau-	0.399390909195	0.554475534916	0.0265706771206	0.0195628787676
nẍo-	0.0	1.0	0.0	0.0
chu-	0.248436791132	0.596110223485	0.0949908278597	0.0604621575241
xuu-	0.032647309656	0.63573617146	0.0260635318943	0.30555298699
lep-	0.411848723205	0.324818840848	0.0589938601451	0.204338575802
kot-	0.502490887633	0.322024250906	0.0573635233788	0.118121338082
dav-	0.00852817012872	0.979737918229	0.00326007611569	0.0084738355268
pát-	0.172011661808	0.810495626822	0.0	0.0174927113703
oqe-	0.322706959315	0.310363275834	0.106851859862	0.260077904989
dot-	0.102040816327	0.897959183673	0.0	0.0
spi-	0.0928613060021	0.704651175578	0.177977984032	0.0245095343876
cu'-	0.337090723296	0.14126494542	0.121154309369	0.400490021916
tan-	0.205990932408	0.47727116856	0.0497515347811	0.266986364251
ojq-	0.658605132756	0.15058057836	0.0342060498484	0.156608239036
j-e-	0.360727125853	0.210349885782	0.0754480141536	0.353474974212
dep-	0.0708116099915	0.816356703758	0.00233444868103	0.110497237569
nsk-	0.364033613445	0.324033613445	0.242016806723	0.0699159663865
cy'-	0.421091701239	0.398669367707	0.152904774459	0.0273341565956
kup-	0.270173874275	0.659830584039	0.0205082478823	0.0494872938029
vii-	0.0297951582868	0.86592178771	0.104283054004	0.0
qju-	0.0304955527319	0.0533672172808	0.0622617534943	0.853875476493
rem-	0.184626436782	0.734195402299	0.055316091954	0.0258620689655
q'i-	0.194341698891	0.595429070267	0.0667761247273	0.143453106114
ohe-	0.0	1.0	0.0	0.0
xiq-	0.632981606761	0.179322155437	0.0304829292948	0.157213308507
kjp-	0.628158844765	0.317689530686	0.0216606498195	0.0324909747292
lah-	0.0	0.9	0.1	0.0
220-	0.0	1.0	0.0	0.0
abu-	0.0	1.0	0.0	0.0
jay-	0.207847374352	0.203897375096	0.012741704612	0.575513545941
vai-	0.0	1.0	0.0	0.0
acá-	0.152542372881	0.813559322034	0.0338983050847	0.0
exs-	0.0502481272382	0.0275762423554	0.00723184915436	0.914943781252
ton-	0.575703549019	0.267112926671	0.0572013953482	0.0999821289613
kii-	0.236407876325	0.203047194973	0.0478139539182	0.512730974784
cjk-	0.768279317363	0.148739627368	0.0516674495068	0.0313136057617
chk-	0.268132225454	0.652156241109	0.039542216106	0.0401693173306
dia-	0.0202108266625	0.956011730205	0.0237774431322	0.0
yaa-	0.161224160523	0.118314179451	0.0716924839184	0.648769176107
ntn-	0.676947799965	0.206042676747	0.0326421416897	0.0843673815981
ok'-	0.56625228097	0.365666699872	0.0270829843015	0.0409980348564
nak-	0.157856929164	0.353296400026	0.0626994818332	0.426147188976
niy-	0.257678194479	0.321405209252	0.117336895831	0.303579700439
xqe-	0.413953488372	0.422591362126	0.123588039867	0.0398671096345
aya-	0.181060191639	0.197837441988	0.00617621627345	0.6149261501
nmq-	0.784807481323	0.1120631106	0.0680215244762	0.0351078836007
xeb-	0.478454680535	0.236255572065	0.21396731055	0.07132243685
kek-	0.64474624732	0.202287348106	0.0	0.152966404575
txm-	0.139597315436	0.791946308725	0.0644295302013	0.00402684563758
uma-	0.0	1.0	0.0	0.0
bee-	0.0654018148106	0.911773390759	0.0193132875951	0.00351150683547
elz-	0.0	1.0	0.0	0.0
iwl-	0.705429485886	0.171448343473	0.0284593869842	0.0946627836567
muc-	0.170531562714	0.458747648777	0.296152949906	0.0745678386029
noe-	0.00855188141391	0.908779931585	0.00171037628279	0.0809578107185
put-	0.178608878015	0.768961901433	0.0104858441105	0.0419433764418
tin-	0.281608539551	0.416066083201	0.0533575614995	0.248967815749
wul-	0.533211921791	0.285197317503	0.0409544884065	0.140636272299
n-á-	0.593634292224	0.406365707776	0.0	0.0
han-	0.032514450867	0.943641618497	0.0238439306358	0.0
eb'-	0.492477722055	0.200188343604	0.0479329110791	0.259401023262
xqk-	0.540441176471	0.205882352941	0.0147058823529	0.238970588235
ayo-	0.545302224968	0.246490836632	0.0502043368288	0.158002601571
oqx-	0.480193833745	0.419311825159	0.0507350071549	0.0497593339404
pub-	0.0221914008322	0.947295423024	0.0221914008322	0.00832177531206
evi-	0.0	0.916666666667	0.0833333333333	0.0
mok-	0.395061728395	0.527777777778	0.0462962962962	0.0308641975309
tpl-	0.181341719078	0.707285115304	0.0718029350105	0.039570230608
top-	0.0218499635834	0.925710123816	0.0524399126001	0.0
xba-	0.142396395424	0.786082841162	0.0276378033403	0.0438829600737
usi-	0.0	1.0	0.0	0.0
tun-	0.347651197457	0.331596164889	0.0554211835946	0.265331454059
273-	0.378378378379	0.189189189189	0.108108108108	0.324324324324
muq-	0.221130964638	0.70426762861	0.0268250563646	0.0477763503872
gaa-	0.0333333333333	0.966666666667	0.0	0.0
dof-	0.0	1.0	0.0	0.0
kyl-	0.659822421552	0.189762170223	0.0501343659201	0.100281042305
tc'-	0.269974108483	0.435490210633	0.0599857269855	0.234549953898
zuz-	0.0	1.0	0.0	0.0
nku-	0.465738073005	0.147194843896	0.0401705599225	0.346896523177
nbo-	0.1	0.9	0.0	0.0
cux-	0.638436482085	0.276872964169	0.0456026058632	0.0390879478827
cyn-	0.441979339125	0.275849966576	0.0898887895794	0.19228190472
eun-	0.031914893617	0.968085106383	0.0	0.0
jea-	0.0	0.833333333333	0.166666666667	0.0
rom-	0.0872846741254	0.691308980566	0.157964837507	0.0634415078023
cay-	0.00539447066758	0.903573836817	0.047538772758	0.0434929197572
tkx-	0.311557788945	0.645369705671	0.0258435032304	0.0172290021536
ti'-	0.0811240319921	0.0672037122343	0.00987114563905	0.841801110135
keb-	0.571428571429	0.428571428571	0.0	0.0
jyo-	0.643696653682	0.185396604617	0.0259546879382	0.144952053763
ska-	0.0259587020649	0.966961651917	0.0070796460177	0.0
can-	0.275336065022	0.568817828152	0.0446014618505	0.111244644975
pér-	0.0	0.983042635659	0.0	0.0169573643411
mqo-	0.0906747891284	0.819353327085	0.0599812558575	0.0299906279288
jes-	0.00989417976466	0.66456736459	0.00297430728147	0.322564148363
kml-	0.615853658537	0.310975609756	0.0365853658537	0.0365853658537
kta-	0.332464146024	0.355161787365	0.0882570819012	0.22411698471
qam-	0.11400291864	0.0423996329275	0.00593387865218	0.83766356978
epr-	0.0	1.0	0.0	0.0
con-	0.210507311789	0.688752482398	0.0476620328579	0.0530781729554
115-	0.0	1.0	0.0	0.0
mak-	0.47278099364	0.310279347133	0.0538724913623	0.163067167865
qpl-	0.420560747664	0.327102803738	0.018691588785	0.233644859813
hup-	0.0	1.0	0.0	0.0
ẍej-	0.39651416122	0.407407407407	0.0392156862745	0.156862745098
xty-	0.543909348442	0.300283286119	0.0396600566572	0.116147308782
nik-	0.206736426958	0.392088886062	0.081528365298	0.319646321682
miy-	0.341152336782	0.392169104531	0.150285408491	0.116393150196
nkk-	0.563706563707	0.183783783784	0.0555984555984	0.196911196911
teb-	0.015625	0.828125	0.0	0.15625
jwo-	0.126984126984	0.619047619048	0.253968253968	0.0
ccn-	0.666666666667	0.222222222222	0.0	0.111111111111
tẍu-	0.0197693574959	0.980230642504	0.0	0.0
ajc-	0.542372881356	0.406779661017	0.0338983050847	0.0169491525424
may-	0.37728636451	0.424365988934	0.083689373471	0.114658273085
irí-	0.363636363636	0.636363636364	0.0	0.0
oq'-	0.578886674919	0.314556263978	0.0415650628085	0.064991998294
cap-	0.0259377826109	0.929748833493	0.0165890844934	0.0277242994025
tiy-	0.100312279016	0.627032199043	0.0261236262966	0.246531895644
azá-	0.0	1.0	0.0	0.0
xxa-	0.530612244898	0.215743440233	0.183673469388	0.0699708454811
tsj-	0.131736526946	0.233532934132	0.383233532934	0.251497005988
xno-	0.461538461539	0.230769230769	0.153846153846	0.153846153846
ara-	0.0299260650158	0.945898368736	0.0206548527168	0.00352071353127
gad-	0.0398542827786	0.944577638011	0.00996357069465	0.00560450851574
jik-	0.315765053616	0.313548254055	0.233279488589	0.137407203739
amo-	0.00425894378194	0.977853492334	0.00255536626916	0.015332197615
yoẍ-	0.0267737617135	0.94109772423	0.0321285140562	0.0
tsw-	0.46875	0.359375	0.171875	0.0
ksb-	0.66812443532	0.191606346215	0.0841615310789	0.056107687386
afr-	0.0819397993311	0.873467112598	0.0445930880714	0.0
okn-	0.297914948757	0.42830722111	0.126410649075	0.147367181058
400-	0.30587603971	0.11537429568	0.0804936946606	0.498255969949
ask-	0.0	1.0	0.0	0.0
ljo-	0.527798308843	0.174758381922	0.0710096085385	0.226433700697
teó-	0.0338983050847	0.830508474576	0.118644067797	0.0169491525424
kro-	0.80193236715	0.169082125604	0.0	0.0289855072464
kal-	0.0322291021672	0.856191950464	0.0517647058824	0.0598142414861
jle-	0.536576815663	0.259653314833	0.052294922262	0.151474947242
iró-	0.0	1.0	0.0	0.0
cti-	0.339570998738	0.517752111036	0.0856061341357	0.0570707560905
uca-	0.0	1.0	0.0	0.0
ajq-	0.238024837374	0.501039659678	0.0736059975964	0.187329505351
b'e-	0.345584147947	0.213628661751	0.0370374054863	0.403749784816
kpo-	0.370800240372	0.14853427082	0.0507086875941	0.429956801214
jus-	0.016702692081	0.975044213008	0.00235802711731	0.00589506779329
alu-	0.200539263746	0.616478481437	0.0547428610066	0.12823939381
neh-	0.0315457413249	0.968454258675	0.0	0.0
jwu-	0.0895074946466	0.204710920771	0.0231263383298	0.682655246253
npj-	0.46409554237	0.284877529287	0.107256960292	0.143769968051
eze-	0.00458295142071	0.98441796517	0.00366636113656	0.00733272227316
mko-	0.882653061225	0.0727040816326	0.0114795918368	0.0331632653061
jos-	0.0275423097041	0.950267657708	0.00390462060805	0.0182854119796
meq-	0.372275501308	0.330427201395	0.151700087184	0.145597210113
qxm-	0.0422609964838	0.824580375506	0.0495986200491	0.0835600079612
ewe-	0.257148205344	0.57087369554	0.132668819318	0.0393092797978
cyr-	0.159584719722	0.756322842233	0.0295459917453	0.0545464462992
yec-	0.362796436378	0.42525140311	0.0401570230209	0.171795137492
sav-	0.0	1.0	0.0	0.0
qum-	0.489046869211	0.273480918859	0.0599759170062	0.177496294924
iga-	0.0	1.0	0.0	0.0
kel-	0.775405494869	0.118172790467	0.0524660708375	0.0539556438266
ner-	0.0	0.990066225166	0.00198675496689	0.00794701986755
kto-	0.372716199756	0.598051157126	0.0146163215591	0.0146163215591
izr-	0.0	1.0	0.0	0.0
nnk-	0.320754716981	0.566037735849	0.0754716981132	0.0377358490566
eme-	0.0	1.0	0.0	0.0
azr-	0.0	1.0	0.0	0.0
pos-	0.427124564766	0.43019813771	0.0793911830421	0.0632861144821
tbu-	0.161313012896	0.807268464244	0.0117233294256	0.0196951934349
pee-	0.545454545455	0.409090909091	0.0	0.0454545454545
bur-	0.0434460345516	0.932493300644	0.00649980044472	0.0175608643594
ile-	0.285439430428	0.513515593126	0.118781177639	0.0822637988062
akr-	0.0	0.979253112033	0.00622406639004	0.0145228215768
bol-	0.0959402527945	0.540137754376	0.317424293575	0.0464976992542
cac-	0.00589970501475	0.98820058997	0.00589970501475	0.0
sum-	0.0	1.0	0.0	0.0
efe-	0.0235358160684	0.958852348778	0.00848570239201	0.00912613276121
atz-	0.175288899136	0.0486638261999	0.00821271852108	0.767834556143
sev-	0.166666666667	0.833333333333	0.0	0.0
yok-	0.454810495627	0.160349854227	0.314868804665	0.069970845481
nve-	0.238095238095	0.666666666667	0.0	0.0952380952381
bah-	0.0	1.0	0.0	0.0
o'l-	0.105442176871	0.352040816327	0.147959183673	0.394557823129
ore-	0.0	1.0	0.0	0.0
jni-	0.058946024932	0.146785386939	0.0402998658129	0.753968722316
nkẍ-	0.676470588235	0.264705882353	0.0588235294118	0.0
aco-	0.228	0.732	0.032	0.00799999999999
sep-	0.00186683260734	0.97199751089	0.0112009956441	0.0149346608587
plu-	0.596184086382	0.374986895901	0.00995911521124	0.0188699025055
meo-	0.0	1.0	0.0	0.0
jpu-	0.32682688883	0.527494309119	0.0547021385323	0.090976663518
wep-	0.952380952381	0.0476190476191	0.0	0.0
kẍc-	0.72697368421	0.22336791498	0.0259362348178	0.0237221659919
jbu-	0.551401869159	0.0560747663551	0.0560747663551	0.336448598131
e'a-	0.439091860639	0.303688834716	0.0541906630478	0.203028641597
luw-	0.335467349552	0.206999573197	0.0802390098164	0.377294067435
axt-	0.27910752175	0.163239098286	0.107516291553	0.450137088411
aca-	0.00743997294556	0.988501859993	0.00135272235374	0.00270544470747
gav-	0.0128205128205	0.987179487179	0.0	0.0
web-	0.46511627907	0.209302325581	0.100775193798	0.22480620155
