jer-	0.170532320062	0.428083945221	0.130454155613	0.270929579104
vaj-	0.30539861509	0.307861734325	0.335716637411	0.0510230131748
tut-	0.211151241924	0.521170869595	0.0901875585695	0.177490329912
jne-	0.163755458515	0.626819505095	0.20942503639	0.0
siu-	0.476457614264	0.220216568308	0.034720339233	0.268605478195
vas-	0.111719341734	0.649400950217	0.0570990842112	0.181780623838
fig-	0.0	1.0	0.0	0.0
maa-	0.0	1.0	0.0	0.0
ven-	0.137797822695	0.226013080771	0.334092903131	0.302096193404
jac-	0.000922745681036	0.99077254319	0.00768954734198	0.000615163787357
cju-	0.245867110493	0.511204500312	0.0954451440563	0.147483245139
vux-	0.892802036196	0.0603348690373	0.00360485344359	0.0432582413231
nij-	0.0415949155238	0.0902976570869	0.0123107152498	0.855796712139
abí-	0.0231481481481	0.912037037037	0.0555555555555	0.00925925925926
mah-	0.175777211002	0.278830909216	0.504308264976	0.0410836148067
joe-	0.275449101796	0.652694610779	0.0239520958084	0.0479041916168
eno-	0.0476190476191	0.946428571429	0.00595238095237	0.0
lis-	0.0123034859877	0.977443609023	0.0082023239918	0.00205058099795
xcú-	0.276655541893	0.601616019673	0.0	0.121728438433
san-	0.0970312327558	0.70550711842	0.0691167273664	0.128344921458
sue-	0.253533568905	0.746466431095	0.0	0.0
pre-	0.101710171017	0.781638163816	0.0961296129613	0.0205220522052
cjí-	0.0295586421226	0.154239493386	0.729834880179	0.0863669843123
núj-	0.561969256793	0.139076717505	0.0377546494971	0.261199376205
nun-	0.279276157184	0.167143804243	0.498885004822	0.0546950337512
euf-	0.0	1.0	0.0	0.0
der-	0.0922485586163	0.821268417681	0.0711082639334	0.0153747597694
jyë-	0.168595975265	0.409545090778	0.244526254588	0.177332679369
hat-	0.403527590416	0.120064697364	0.064891859352	0.411515852868
pró-	0.0294117647059	0.970588235294	0.0	0.0
neg-	0.190871369295	0.713692946058	0.00414937759337	0.0912863070539
mil-	0.00485648465226	0.250046696968	0.0112072722745	0.733889546106
bár-	0.0425531914894	0.957446808511	0.0	0.0
dis-	0.155125809297	0.641286363777	0.00878001482597	0.194807812099
tib-	0.00961538461537	0.956730769231	0.0192307692308	0.0144230769231
gan-	0.176870748299	0.557823129252	0.0	0.265306122449
teh-	0.502810975837	0.330019732678	0.0927063554116	0.0744629360736
sod-	0.0047281323877	0.992907801418	0.0	0.00236406619385
ari-	0.0112219451372	0.988778054863	0.0	0.0
tje-	0.379157127016	0.290577545754	0.125494760789	0.204770566442
mig-	0.162601626016	0.837398373984	0.0	0.0
tus-	0.0735951895675	0.792125868064	0.126532080309	0.00774686205974
tai-	0.218508997429	0.727506426735	0.0231362467866	0.0308483290488
jya-	0.0107833588423	0.0499031370744	0.251067632798	0.688245871285
paf-	0.0	1.0	0.0	0.0
mar-	0.0957860257228	0.80479739799	0.0261399640633	0.0732766122238
fes-	0.0288239815527	0.956571867794	0.00807071483474	0.00653343581858
cah-	0.403418612893	0.215532303916	0.0542367646011	0.326812318589
abr-	0.0159317168741	0.943259395384	0.038075132701	0.00273375504036
hví-	0.692409415499	0.161015604337	0.0780216873843	0.0685532927797
zaq-	0.0591133004926	0.911330049261	0.024630541872	0.00492610837438
así-	0.0	1.0	0.0	0.0
has-	0.0339295672266	0.918353775541	0.035141552834	0.0125751043986
zac-	0.0258152173913	0.941576086957	0.0122282608696	0.0203804347826
her-	0.0268565332344	0.916740108539	0.0436012802078	0.0128020780185
ate-	0.0479704797048	0.892988929889	0.0369003690037	0.0221402214022
sex-	0.547058823529	0.0352941176471	0.382352941176	0.0352941176471
sin-	0.347522608922	0.602563593793	0.0259269547733	0.0239868425114
urí-	0.0	1.0	0.0	0.0
dor-	0.0	1.0	0.0	0.0
pat-	0.100191448628	0.798614276598	0.0847843923785	0.0164098823958
jem-	0.314539998946	0.0647513021782	0.197484319222	0.423224379654
yaj-	0.623182552504	0.202342487884	0.154281098546	0.0201938610662
lla-	0.0175438596491	0.912280701754	0.0584795321637	0.0116959064327
vuj-	0.713178294574	0.116279069767	0.0387596899225	0.131782945736
ñih-	0.0819654959305	0.883394261892	0.00335194360355	0.0312882985744
jor-	0.0	1.0	0.0	0.0
naí-	0.0	0.931034482759	0.0	0.0689655172414
gen-	0.140350877193	0.859649122807	0.0	0.0
jam-	0.120689655172	0.844827586207	0.0344827586207	0.0
hve-	0.717059197963	0.0647146191386	0.0101845957989	0.208041587099
alf-	0.0	1.0	0.0	0.0
cji-	0.115734098517	0.346843615495	0.0743663318987	0.463055954089
cos-	0.170289855072	0.72463768116	0.0833333333333	0.0217391304348
cen-	0.0548780487805	0.90243902439	0.0243902439024	0.0182926829268
hor-	0.136504776306	0.388528010534	0.0225339036272	0.452433309532
tia-	0.0	1.0	0.0	0.0
nai-	0.0161748952326	0.966790168189	0.004582573242	0.0124523633359
haa-	0.137579617834	0.431847133758	0.084076433121	0.346496815287
ped-	0.0142587243456	0.972995649398	0.00363143541385	0.00911419084261
che-	0.380269412326	0.510123521768	0.0313163045445	0.0782907613612
epa-	0.149034038638	0.780128794848	0.0321987120515	0.0386384544619
yac-	0.0301040948823	0.606198541946	0.00816074861267	0.355536614559
oro-	0.00343183984747	0.707149666349	0.289418493804	0.0
asi-	0.00379626700411	0.994305599494	0.0	0.00189813350206
dia-	0.0	1.0	0.0	0.0
nan-	0.0965810364502	0.731146661218	0.0236756905023	0.14859661183
nux-	0.519757441804	0.386732973463	0.0140264377099	0.0794831470226
uva-	0.206769825919	0.788588007737	0.00116054158607	0.00348162475822
ses-	0.537827483012	0.342753585727	0.0504213265324	0.0689976047285
feh-	0.444608907309	0.398822445892	0.0920169725675	0.064551674232
tol-	0.1171875	0.8828125	0.0	0.0
mel-	0.0689003504075	0.920075593527	0.00708689318477	0.00393716288043
cue-	0.510053702786	0.263991223476	0.0710677512897	0.154887322448
mir-	0.0596026490066	0.920529801325	0.0	0.0198675496689
xun-	0.134957825679	0.240237425804	0.160262417994	0.464542330522
pud-	0.137254901961	0.862745098039	0.0	0.0
dio-	0.0276497695853	0.972350230415	0.0	0.0
yah-	0.264050378835	0.299906107947	0.136964917267	0.299078595951
bab-	0.0299065420561	0.928971962617	0.0336448598131	0.00747663551402
ita-	0.0	0.970149253731	0.0149253731343	0.0149253731343
tuh-	0.618986516019	0.216459617643	0.0377842241414	0.126769642197
siy-	0.0849056603773	0.88679245283	0.0283018867924	0.0
mág-	0.00324675324675	0.996753246753	0.0	0.0
cac-	0.739493286847	0.0856293214896	0.0204830529142	0.154394338749
moi-	0.0523088341846	0.902645483945	0.00415289730856	0.0408927845618
jéy-	0.155462686567	0.177194029851	0.0522985074627	0.615044776119
ñuj-	0.036817331865	0.0311587299964	0.104802775362	0.827221162777
xim-	0.168960607499	0.304224015188	0.505457997152	0.0213573801614
jud-	0.0151544290165	0.970537328359	0.00500019231509	0.00930805030962
cúy-	0.320631055414	0.071022532777	0.0171217542669	0.591224657542
uzí-	0.0	1.0	0.0	0.0
cis-	0.0	0.966666666667	0.0333333333333	0.0
mal-	0.0483870967742	0.951612903226	0.0	0.0
adá-	0.0390271493213	0.930429864253	0.0237556561086	0.00678733031674
sab-	0.00699294999796	0.986014100004	0.00699294999796	0.0
nin-	0.137565345188	0.769746564285	0.0312147424088	0.0614733481181
cie-	0.0377818403413	0.0475319926874	0.0197440585009	0.89494210847
coh-	0.386793702665	0.404932765131	0.164351902964	0.0439216292403
xic-	0.294358312592	0.297092887222	0.133538552666	0.27501024752
hnt-	0.0304435383697	0.917290862461	0.0234230609036	0.028842538266
sir-	0.0677764565993	0.831153388823	0.0998810939358	0.00118906064209
tsí-	0.437007874016	0.42125984252	0.106299212598	0.0354330708661
xqu-	0.166562694947	0.797878976918	0.00748596381784	0.0280723643169
sós-	0.019801980198	0.980198019802	0.0	0.0
esr-	0.0	1.0	0.0	0.0
fel-	0.00319659030368	0.987213638785	0.00106553010123	0.0085242408098
and-	0.00721153846154	0.980769230769	0.0120192307692	0.0
viy-	0.380593316952	0.415551817801	0.117137400624	0.0867174646222
ALL	0.236305069127	0.30431311089	0.0562773063901	0.403104513593
ana-	0.105434277752	0.86530422666	0.00557361820716	0.0236878773804
xat-	0.134994069856	0.127753519219	0.573744786137	0.163507624789
jnu-	0.368623148656	0.170597915524	0.46077893582	0.0
teñ-	0.0091743119266	0.045871559633	0.344036697248	0.600917431193
lax-	0.0	0.896774193548	0.103225806452	0.0
cil-	0.0051724137931	0.993103448276	0.0	0.00172413793103
per-	0.0453163212298	0.0212671561048	0.00608414113747	0.927332381528
sej-	0.463509749304	0.153760445682	0.314206128134	0.0685236768802
cal-	0.0655737704918	0.934426229508	0.0	0.0
mor-	0.0263852242744	0.258575197889	0.709762532982	0.00527704485488
zor-	0.0	1.0	0.0	0.0
xcu-	0.138864023829	0.304847673422	0.026551356158	0.529736946592
lid-	0.00671892497202	0.986562150056	0.0	0.006718924972
gas-	0.252844500632	0.619469026549	0.0745891276864	0.0530973451327
ata-	0.0	1.0	0.0	0.0
fit-	0.685951495376	0.0797622544422	0.103858853173	0.130427397008
far-	0.0118076084119	0.97960197748	0.00252659238485	0.00606382172364
tju-	0.133435832034	0.169806226831	0.446363810053	0.250394131082
fra-	0.0204778156996	0.79180887372	0.18771331058	0.0
arm-	0.0	1.0	0.0	0.0
cuí-	0.445238749885	0.385390889928	0.121253780588	0.0481165795986
rud-	0.126262626263	0.813131313131	0.030303030303	0.030303030303
isc-	0.020964360587	0.970649895178	0.0041928721174	0.0041928721174
loh-	0.135728542914	0.101796407186	0.670658682635	0.0918163672654
tac-	0.483668205172	0.137245396923	0.043517836179	0.335568561726
mes-	0.130279595479	0.775133848899	0.0	0.0945865556216
sed-	0.078431372549	0.450980392157	0.470588235294	0.0
arc-	0.353658536585	0.646341463415	0.0	0.0
nej-	0.0186393289842	0.939111525318	0.00745573159366	0.0347934141038
cuh-	0.393911439114	0.442804428044	0.0332103321033	0.130073800738
saú-	0.214285714286	0.75	0.0357142857143	0.0
ami-	0.067529281187	0.911440838859	0.0140199199696	0.00700995998481
xáh-	0.336614173228	0.657480314961	0.00590551181102	0.0
tán-	0.500374244261	0.375793715458	0.0443707310606	0.0794613092197
nec-	0.43712881099	0.304433334342	0.0937705303814	0.164667324286
hmi-	0.20871559633	0.346330275229	0.344036697248	0.100917431193
nuj-	0.0194847220306	0.0151100971412	0.00279886606754	0.962606314761
eub-	0.0	1.0	0.0	0.0
adi-	0.0	1.0	0.0	0.0
súa-	0.685714285714	0.285714285714	0.0285714285714	0.0
jai-	0.24483283586	0.275594687243	0.0829733710458	0.396599105851
tal-	0.0	1.0	0.0	0.0
nañ-	0.0126957257723	0.982225983919	0.0	0.00507829030892
jeh-	0.0744416873449	0.776674937965	0.14888337469	0.0
rod-	0.0222222222222	0.955555555556	0.0222222222222	0.0
zaf-	0.0	1.0	0.0	0.0
hnc-	0.160830415208	0.659704852426	0.165395197599	0.0140695347674
pue-	0.0637583892617	0.926174496644	0.010067114094	0.0
pon-	0.00684931506849	0.986301369863	0.0	0.00684931506849
azu-	0.0510752688172	0.938172043011	0.010752688172	0.0
cuë-	0.539156393889	0.235921018515	0.202911040778	0.0220115468176
ged-	0.0333333333333	0.933333333333	0.0	0.0333333333333
chi-	0.218827084666	0.538970669211	0.16961846682	0.0725837793034
nga-	0.083379859181	0.189423587293	0.0202442127331	0.706952340793
ben-	0.0	0.994805194805	0.0051948051948	0.0
dió-	0.15625	0.765625	0.0625	0.015625
veh-	0.515151515152	0.2	0.060606060606	0.224242424242
hmí-	0.648792836559	0.20004209844	0.0277179106507	0.12344715435
seg-	0.0	1.0	0.0	0.0
tse-	0.237933952897	0.334514810053	0.299176686288	0.128374550762
pax-	0.117109401141	0.816288095841	0.0666025030185	0.0
ili-	0.0504201680672	0.949579831933	0.0	0.0
lam-	0.0	0.973154362416	0.0134228187919	0.0134228187919
nar-	0.0309278350515	0.809278350515	0.159793814433	0.0
nut-	0.473879563459	0.306631211567	0.0961719572322	0.123317267741
cua-	0.203980721997	0.135529394696	0.0321086448226	0.628381238484
dám-	0.0	1.0	0.0	0.0
sím-	0.041782729805	0.91643454039	0.025069637883	0.016713091922
sat-	0.229754697592	0.590328472011	0.0641609294549	0.115755900942
sió-	0.0	0.977215189873	0.0151898734177	0.00759493670888
esl-	0.0	1.0	0.0	0.0
saf-	0.0	1.0	0.0	0.0
evo-	0.16393442623	0.83606557377	0.0	0.0
rcú-	0.332103321033	0.560885608856	0.0811808118081	0.0258302583026
sec-	0.599576476766	0.300193496464	0.0313932316193	0.0688367951506
vec-	0.232691438105	0.298863299705	0.390747353157	0.0776979090328
hyú-	0.887472709034	0.0607777187702	0.0141617985484	0.0375877736472
tsa-	0.128763118083	0.154238749859	0.0836070684867	0.633391063571
fle-	0.0	1.0	0.0	0.0
sov-	0.145542753184	0.179502728927	0.020618556701	0.654335961189
doc-	0.0223255813954	0.849302325581	0.122790697674	0.00558139534882
ban-	0.132775891579	0.851903813238	0.0	0.0153202951822
adr-	0.206896551724	0.758620689655	0.0344827586207	0.0
yug-	0.065331800859	0.880225031759	0.021777266953	0.0326659004295
tey-	0.430961361462	0.479164786775	0.0801284943423	0.00974535742
jma-	0.0940054495912	0.267029972752	0.634877384196	0.0040871934605
ter-	0.0	1.0	0.0	0.0
yoj-	0.121565452248	0.570688350473	0.0675276262509	0.240218571028
noj-	0.491204330176	0.144790257104	0.0595399188092	0.304465493911
tra-	0.0457746478873	0.866197183099	0.0880281690141	0.0
yej-	0.0	1.0	0.0	0.0
dañ-	0.731679819617	0.251409244645	0.00338218714769	0.0135287485908
tis-	0.54606562243	0.238825671946	0.0617782924247	0.1533304132
arq-	0.0	1.0	0.0	0.0
ale-	0.0670694864049	0.841087613293	0.0918429003021	0.0
juh-	0.795620437956	0.14598540146	0.0	0.058394160584
sid-	0.0	0.996350364964	0.0	0.0036496350365
oli-	0.00788091068302	0.956654991243	0.0302101576183	0.00525394045534
luc-	0.00793650793651	0.97619047619	0.00793650793652	0.00793650793651
xín-	0.0685656188264	0.709619024789	0.0852420668049	0.136573289579
jec-	0.0	1.0	0.0	0.0
dec-	0.0	0.742857142857	0.0857142857143	0.171428571429
xtí-	0.571200103004	0.360017348111	0.0298848315844	0.0388977173003
eli-	0.0437309347834	0.83259986255	0.00940450210396	0.114264700563
col-	0.0	1.0	0.0	0.0
fët-	0.373737373737	0.383838383838	0.242424242424	0.0
vit-	0.269085836722	0.587762294066	0.0459770530584	0.0971748161535
ene-	0.0422535211267	0.866197183099	0.0915492957746	0.0
jyi-	0.122122208759	0.278085511511	0.232127401766	0.367664877964
pan-	0.0256513487088	0.95554149652	0.00655662276413	0.0122505320067
hyí-	0.833034111311	0.0969479353681	0.0	0.0700179533214
suë-	0.141748577341	0.733747197793	0.058975685463	0.0655285394034
nim-	0.206757578067	0.26879746799	0.434458550306	0.0899864036372
hvo-	0.475001178078	0.308939258282	0.173177512841	0.0428820507987
xih-	0.0527936442668	0.836826181615	0.0474190862144	0.0629610879035
lec-	0.011320754717	0.97358490566	0.0150943396226	0.0
sen-	0.068515497553	0.774877650897	0.146818923328	0.00978792822188
tiv-	0.541900436428	0.302996741613	0.0637768148312	0.0913260071282
xah-	0.10306910749	0.461517739133	0.0802804179688	0.355132735409
fen-	0.112415938974	0.696209307772	0.10304794406	0.088326809194
jim-	0.17900107352	0.11076618303	0.0576325021858	0.652600241265
cre-	0.0308422301305	0.948991696323	0.00593119810201	0.0142348754448
lir-	0.318958308446	0.681041691554	0.0	0.0
lat-	0.224880382775	0.663875598086	0.0717703349282	0.0394736842105
pen-	0.012987012987	0.987012987013	0.0	0.0
rab-	0.0677966101695	0.762711864407	0.0	0.169491525424
ape-	0.0	1.0	0.0	0.0
fav-	0.543840588657	0.217042396109	0.0414825057409	0.197634509494
fre-	0.123711340206	0.752577319588	0.113402061856	0.0103092783505
vet-	0.348211530174	0.449592642661	0.10922003441	0.0929757927552
rcá-	0.0233725490196	0.0574117647059	0.907450980392	0.0117647058823
ndu-	0.602187473515	0.158301224886	0.0710227339838	0.168488567615
car-	0.216964443658	0.598001061383	0.129311869804	0.0557226251548
sca-	0.377350583451	0.3369133231	0.182064449206	0.103671644243
bas-	0.0168507770081	0.983149222992	0.0	0.0
ñaj-	0.0701030927835	0.122680412371	0.265979381443	0.541237113402
jñu-	0.0573443600185	0.708198648252	0.219344276059	0.0151127156711
víi-	0.155844155844	0.251082251082	0.0519480519481	0.541125541126
hme-	0.420299500832	0.25391014975	0.306489184692	0.0193011647255
sah-	0.401446603365	0.117548798713	0.0348666630915	0.44613793483
spe-	0.240384615385	0.596153846154	0.153846153846	0.00961538461538
tah-	0.230261795155	0.379618826593	0.0412053652577	0.348914012995
cai-	0.0973068606252	0.842539807352	0.0442303911933	0.0159229408296
tút-	0.385117493473	0.575718015666	0.0391644908616	0.0
zap-	0.292929292929	0.616161616162	0.0909090909091	0.0
suv-	0.11752602475	0.113508540674	0.196028269613	0.572937164963
cum-	0.437631423704	0.127773383998	0.0634726598152	0.371122532483
tya-	0.0104395484895	0.207899258357	0.781661193153	0.0
zab-	0.0160642570281	0.983935742972	0.0	0.0
hng-	0.24955466571	0.518081609546	0.204250608352	0.0281131163916
mij-	0.308605401389	0.0874651341467	0.0394022536887	0.564527210776
xuv-	0.300085738783	0.699914261217	0.0	0.0
hyu-	0.782423623999	0.0644524140565	0.0202727835097	0.132851178435
tih-	0.510824046317	0.243930067049	0.045138332685	0.200107553949
óni-	0.0	0.846153846154	0.153846153846	0.0
sey-	0.493917641638	0.345120549113	0.117556377541	0.0434054317075
cja-	0.201222464294	0.473720043573	0.281787097555	0.0432703945776
sio-	0.101382488479	0.857142857143	0.0	0.0414746543779
juu-	0.0897548161121	0.138791593695	0.000875656742559	0.77057793345
taf-	0.374825824431	0.233163028333	0.269391546679	0.122619600557
met-	0.15306122449	0.714285714286	0.0510204081632	0.0816326530612
mna-	0.36	0.56	0.08	0.0
nef-	0.0	1.0	0.0	0.0
hvë-	0.802306789754	0.12380731	0.028558145713	0.0453277545328
ces-	0.0155210643016	0.978935698448	0.0	0.00554323725056
tuy-	0.156919398226	0.382783700309	0.211318122945	0.248978778519
inv-	0.6875	0.3125	0.0	0.0
gól-	0.00956937799043	0.984051036683	0.00637958532695	0.0
bla-	0.312781954887	0.390977443609	0.0917293233083	0.204511278195
mat-	0.1451333853	0.47965331035	0.195630573501	0.179582730848
nit-	0.624206008584	0.266094420601	0.0710729613734	0.0386266094421
hig-	0.0419254658385	0.880434782609	0.0745341614906	0.00310559006212
sih-	0.539515279241	0.242360379347	0.173867228662	0.0442571127503
tró-	0.020725388601	0.948186528497	0.0310880829016	0.0
tsu-	0.148933366935	0.270258555267	0.0428117181265	0.537996359671
jyu-	0.104809939722	0.154508549637	0.365481609054	0.375199901587
par-	0.0403132918683	0.907394609537	0.0117484450587	0.040543653536
yat-	0.0306435784609	0.085821013644	0.0765456329735	0.806989774922
jul-	0.0625	0.822916666667	0.0	0.114583333333
tsá-	0.0459506234355	0.916179053437	0.0329053193245	0.0049650038034
nah-	0.0158312072987	0.496376302673	0.00731745835085	0.480475031677
zeu-	0.0	1.0	0.0	0.0
feb-	0.133333333333	0.866666666667	0.0	0.0
amé-	0.0252100840336	0.420168067227	0.100840336134	0.453781512605
fëm-	0.0833333333334	0.916666666667	0.0	0.0
gay-	0.0161290322581	0.983870967742	0.0	0.0
gob-	0.106812247804	0.880726323285	0.00712081652028	0.00534061239022
con-	0.172512157534	0.432089231804	0.0215912028608	0.373807407802
dan-	0.0298507462686	0.880597014925	0.089552238806	0.0
xti-	0.369176882662	0.336602451839	0.184938704028	0.109281961471
apó-	0.0360130876831	0.903452718183	0.0276685917565	0.0328656023775
zar-	0.0	1.0	0.0	0.0
ser-	0.0	1.0	0.0	0.0
hyi-	0.735659304529	0.0932967160485	0.031060225119	0.139983754303
ndi-	0.0974001108496	0.706941810567	0.0334749376886	0.162183140895
cri-	0.0326530612245	0.922651188916	0.00786369593709	0.0368320539225
mis-	0.0	1.0	0.0	0.0
scá-	0.529362337784	0.470637662216	0.0	0.0
elm-	0.0	1.0	0.0	0.0
jef-	0.0	1.0	0.0	0.0
xum-	0.238985157432	0.440170401326	0.179101520282	0.14174292096
sac-	0.20406394079	0.0726120604771	0.027651363639	0.695672635094
gua-	0.145785876993	0.108200455581	0.109339407745	0.636674259681
zel-	0.0	1.0	0.0	0.0
nac-	0.250240224028	0.696641225247	0.0401582474394	0.0129603032853
jey-	0.0781876503609	0.39915797915	0.42562149158	0.0970328789094
agr-	0.0	0.985133795837	0.00594648166502	0.00891972249752
sos-	0.0	0.971428571429	0.0285714285714	0.0
cad-	0.042019258827	0.929092500729	0.0148818208346	0.014006419609
fél-	0.0	0.962307692308	0.0284615384615	0.00923076923077
tat-	0.0342606145435	0.924692674885	0.00726295683043	0.0337837537415
bit-	0.0	1.0	0.0	0.0
hñu-	0.0955418877453	0.202604870992	0.468444580224	0.233408661039
yii-	0.527272727273	0.309090909091	0.0	0.163636363636
jín-	0.467391304348	0.510869565217	0.0217391304348	0.0
cëj-	0.406404509958	0.103738274571	0.0344253962386	0.455431819232
cef-	0.394957983193	0.579831932773	0.0	0.0252100840336
séc-	0.681440443213	0.246537396122	0.0443213296399	0.0277008310249
mam-	0.404581482449	0.243358592457	0.0978137792875	0.254246145806
cuá-	0.406383051936	0.384034667413	0.0725257844727	0.137056496178
joh-	0.533151059467	0.240601503759	0.138072453862	0.0881749829118
vaq-	0.337977325023	0.496677972843	0.132549058735	0.0327956433984
suá-	0.432699031125	0.069270749037	0.00805336885084	0.489976850987
mos-	0.110845159318	0.859687852238	0.018635046699	0.0108319417452
sur-	0.11039028984	0.787904154023	0.0627812074919	0.0389243486449
tif-	0.556498657124	0.274220701427	0.0727815145132	0.096499126935
fri-	0.0232558139535	0.872093023256	0.093023255814	0.0116279069767
reg-	0.107142857143	0.892857142857	0.0	0.0
xty-	0.378714208536	0.480821177742	0.135602377093	0.00486223662885
pla-	0.253164556962	0.606188466948	0.14064697609	0.0
mac-	0.391359385388	0.411855724742	0.12062079547	0.0761640944002
ico-	0.0	0.974358974359	0.0192307692308	0.00641025641026
tuj-	0.141456710382	0.7712487819	0.0523614362873	0.0349330714304
bet-	0.0164863472437	0.970376094796	0.00077279752705	0.0123647604328
vis-	0.484959910012	0.360782419375	0.0588463354124	0.0954113351998
maj-	0.165674057827	0.115493775335	0.582775863379	0.136056303459
vix-	0.372533454298	0.527954184622	0.0416761170334	0.0578362440463
sal-	0.026883996613	0.966130397968	0.000635055038105	0.00635055038103
ván-	0.280303030303	0.439393939394	0.0227272727273	0.257575757576
nih-	0.444783162738	0.208707617516	0.0496162656421	0.296892954103
vey-	0.505377248393	0.338564461889	0.0575109244259	0.0985473652923
tec-	0.525465838509	0.260248447205	0.171428571429	0.0428571428572
hma-	0.140621055289	0.469073466296	0.204998737692	0.185306740722
cam-	0.594199336866	0.144970401449	0.0577048656274	0.203125396057
túx-	0.125727590221	0.819945673263	0.0170741171906	0.0372526193249
yan-	0.195313319487	0.553569555458	0.0726917993581	0.178425325697
sán-	0.432	0.424	0.048	0.096
núh-	0.55223880597	0.208955223881	0.179104477612	0.0597014925373
lic-	0.0528634361233	0.779735682819	0.167400881057	0.0
vij-	0.563026066716	0.245364853109	0.0831841958622	0.108424884313
est-	0.106269294704	0.774756589884	0.0579434813584	0.0610306340537
ren-	0.229702970297	0.0613861386138	0.708910891089	0.0
cjë-	0.266698175312	0.0726949456758	0.0586510923935	0.601955786619
tab-	0.0	1.0	0.0	0.0
rcu-	0.186374418621	0.581145772866	0.0457649832663	0.186714825246
gal-	0.0105150823264	0.964913160464	0.0225972410054	0.00197451620435
cui-	0.549135306607	0.169001635692	0.0382255589288	0.243637498772
sel-	0.259988485895	0.724812895797	0.0151986183074	0.0
cav-	0.634551531759	0.18619920112	0.0393760236408	0.13987324348
tej-	0.25955444594	0.179080078178	0.0460434103474	0.515322065534
jih-	0.796676557864	0.144925816024	0.039881305638	0.0185163204748
jah-	0.556607978605	0.332516157789	0.0161577891687	0.0947180744373
max-	0.27486958086	0.606943694909	0.0919230077352	0.0262637164958
vax-	0.383842389892	0.503975439264	0.0506104697827	0.061571701062
yas-	0.281994215267	0.272176724039	0.0930707365188	0.352758324175
lob-	0.156612529002	0.691995359629	0.151392111369	0.0
xco-	0.474285714286	0.268571428571	0.222857142857	0.0342857142857
til-	0.12582781457	0.715231788079	0.119205298013	0.0397350993377
cax-	0.579884790779	0.326492532781	0.0623179356607	0.0313047407792
xot-	0.482167457523	0.517832542477	0.0	0.0
one-	0.0884955752212	0.893805309735	0.0176991150442	0.0
tjo-	0.0842657944569	0.875208010558	0.0260371836805	0.0144890113043
gog-	0.0914634146341	0.871951219512	0.0365853658537	0.0
sil-	0.0605888478652	0.9156962984	0.00568020448736	0.0180346492474
maq-	0.602739726027	0.191780821918	0.150684931507	0.0547945205479
jas-	0.0260983036103	0.963462374946	0.0104393214441	0.0
nis-	0.234272608126	0.679151124105	0.0393184796855	0.0472577880835
nts-	0.145960816444	0.721448969179	0.0421002302642	0.0904899841119
vuh-	0.727848101266	0.196202531646	0.0759493670886	0.0
lad-	0.0871692705493	0.804888256171	0.0264935613589	0.0814489119204
him-	0.0831134564644	0.869393139842	0.0	0.0474934036939
acu-	0.0971223021583	0.859712230216	0.0431654676259	0.0
egi-	0.00769608995874	0.932017872031	0.0602860380102	0.0
sau-	0.0472626176219	0.902053036784	0.000641573994867	0.0500427715997
sín-	0.684327425302	0.228299150217	0.0404615187196	0.0469119057619
esm-	0.00990099009901	0.841584158416	0.148514851485	0.0
pri-	0.0734249171009	0.892468024633	0.0	0.0341070582662
tro-	0.0	1.0	0.0	0.0
cúa-	0.268382352941	0.599264705882	0.0330882352941	0.0992647058824
hñú-	0.0251154734411	0.0112586605081	0.00519630484987	0.958429561201
nie-	0.0	1.0	0.0	0.0
tex-	0.186943620178	0.662710187933	0.0909990108803	0.0593471810089
ela-	0.0582524271844	0.941747572816	0.0	0.0
fin-	0.579877184695	0.26594237128	0.106565895135	0.0476145488899
nag-	0.0	1.0	0.0	0.0
arp-	0.0609137055837	0.939086294416	0.0	0.0
itu-	0.014598540146	0.985401459854	0.0	0.0
chë-	0.0584097859327	0.920795107034	0.00611620795106	0.0146788990826
had-	0.0698181818182	0.851636363636	0.0610909090909	0.0174545454545
tét-	0.444444444444	0.428571428571	0.0634920634921	0.063492063492
tam-	0.0	1.0	0.0	0.0
que-	0.243902439024	0.744840525328	0.00562851782365	0.00562851782365
tir-	0.0185567010309	0.980412371134	0.00103092783505	0.0
man-	0.313181811937	0.603654921526	0.0551264979189	0.0280367686179
vëh-	0.232153071442	0.0536311822877	0.0298730403253	0.684342705945
fañ-	0.753588516746	0.138755980861	0.0430622009569	0.0645933014354
rob-	0.0	1.0	0.0	0.0
fë́-	0.170616113744	0.715639810427	0.0568720379147	0.0568720379147
ceb-	0.0810810810811	0.72972972973	0.189189189189	0.0
fii-	0.753949258018	0.18573480134	0.0	0.0603159406415
caa-	0.469149378827	0.341050942163	0.126790703204	0.0630089758069
dom-	0.0108695652174	0.798913043478	0.0217391304348	0.16847826087
coj-	0.0151662985638	0.00327201257309	0.00320858948551	0.978353099378
së́-	0.829588487756	0.117394597324	0.00757384498864	0.0454430699319
haj-	0.245098039216	0.147058823529	0.0392156862745	0.56862745098
yum-	0.0659752055972	0.19097009124	0.703674154085	0.0393805490774
squ-	0.648555444862	0.219694995785	0.053858533221	0.0778910261322
fuy-	0.640706543557	0.123243677238	0.134885588117	0.101164191088
nch-	0.0731254484243	0.383612782162	0.449040234009	0.0942215354048
com-	0.17155579065	0.789200137112	0.0249934314812	0.0142506407568
mag-	0.046875	0.953125	0.0	0.0
por-	0.297872340426	0.702127659574	0.0	0.0
job-	0.0314136125654	0.905759162304	0.0314136125654	0.0314136125654
nís-	0.0458536585366	0.936585365854	0.0	0.0175609756097
elí-	0.0232312565998	0.972967265048	0.0012671594509	0.00253431890179
aqu-	0.0140098447558	0.985990155244	0.0	0.0
tuc-	0.470056875209	0.226329876213	0.105386416862	0.198226831716
chí-	0.0896609217892	0.753985402453	0.137979141501	0.0183745342566
dru-	0.0	1.0	0.0	0.0
hmú-	0.551653989032	0.0994752049059	0.16489769444	0.183973111622
xca-	0.146240294962	0.819300173716	0.0276527103201	0.0068068210019
rij-	0.0578189114248	0.0837852653315	0.00827048861876	0.850125334625
tic-	0.554141452508	0.241613314416	0.042954229132	0.161291003944
ram-	0.0	1.0	0.0	0.0
tjë-	0.0993801474166	0.756791778776	0.0849876447379	0.0588404290699
rëh-	0.579794578691	0.263982565623	0.0700309353078	0.0861919203787
xuj-	0.261592965453	0.64723231519	0.0134077495695	0.0777669697879
pas-	0.0208618331053	0.972982216142	0.0	0.0061559507524
tíc-	0.020061055386	0.910161360663	0.0122110771915	0.0575665067597
sun-	0.314551716715	0.577709611452	0.0948229469378	0.0129157248951
hit-	0.094254475489	0.0667552159508	0.291131601686	0.547858706874
las-	0.0	1.0	0.0	0.0
aar-	0.00836820083682	0.941422594142	0.0502092050209	0.0
eti-	0.0	0.79381443299	0.20618556701	0.0
vin-	0.415642836616	0.367253950508	0.114933998113	0.102169214764
esp-	0.0998043052837	0.851272015656	0.045988258317	0.00293542074364
gad-	0.0366646954465	0.949142519219	0.00709639266706	0.00709639266708
ent-	0.67343009149	0.101629454845	0.00690069674776	0.218039756917
tíq-	0.00793650793651	0.992063492063	0.0	0.0
nuh-	0.393998548533	0.444343869302	0.105913588315	0.0557439938502
cle-	0.0365853658536	0.914634146341	0.0243902439024	0.0243902439024
reb-	0.107142857143	0.836466165414	0.0375939849624	0.0187969924812
piz-	0.148148148148	0.814814814815	0.037037037037	0.0
yax-	0.0320641282565	0.921843687375	0.0420841683367	0.00400801603208
bar-	0.123593716595	0.851603368651	0.00523268243747	0.0195702323162
pab-	0.0323853616231	0.915043637219	0.00256310228874	0.0500078988687
sií-	0.442105263158	0.252631578947	0.115789473684	0.189473684211
zeb-	0.0120512176751	0.984935977906	0.0	0.00301280441878
pis-	0.137223974763	0.812302839117	0.0410094637224	0.00946372239748
amó-	0.0	1.0	0.0	0.0
lih-	0.132822757112	0.391739606127	0.41898249453	0.056455142232
ten-	0.0110964332893	0.501188903567	0.0169088507265	0.470805812417
hác-	0.133333333333	0.45	0.35	0.0666666666667
his-	0.0944826088649	0.093184966091	0.0198582246873	0.792474200357
anf-	0.0740740740741	0.925925925926	0.0	0.0
apo-	0.0347540667085	0.918424482309	0.0	0.0468214509823
fan-	0.159870905993	0.682037827041	0.0876966565344	0.0703946104312
xav-	0.0884520884521	0.893857493857	0.0176904176904	0.0
quí-	0.251572327044	0.490566037736	0.25786163522	0.0
lot-	0.0202455121353	0.925766455504	0.0337425202254	0.0202455121352
nín-	0.0583482429616	0.834344643546	0.0610309207989	0.0462761926937
yuj-	0.0212228398181	0.346639717029	0.613946437595	0.0181910055584
seh-	0.0707851228824	0.0293568630757	0.0038483012003	0.896009712842
caj-	0.746432072177	0.131181158289	0.0636535906225	0.0587331789113
fir-	0.556059624109	0.187297472456	0.254698639015	0.00194426441996
nay-	0.0457831325301	0.936144578313	0.00722891566265	0.010843373494
arf-	0.0	1.0	0.0	0.0
neh-	0.13323639453	0.844462234712	0.0205858806999	0.00171549005832
cun-	0.302933455085	0.339040444394	0.20640718335	0.151618917171
rub-	0.0	1.0	0.0	0.0
chu-	0.337189377932	0.332893782004	0.0775484545942	0.252368385471
dav-	0.00385134664979	0.975645896185	0.00288850998734	0.0176142471777
hnd-	0.119434399157	0.791919455568	0.0529447285636	0.0357014167115
van-	0.593583982582	0.299302075451	0.0488600971303	0.0582538448367
tux-	0.169065366344	0.657319155324	0.101790546721	0.0718249316115
tan-	0.238209973043	0.147699653674	0.0757476698352	0.538342703448
tiñ-	0.244543437976	0.123116105416	0.0829324399573	0.54940801665
aug-	0.151515151515	0.848484848485	0.0	0.0
ley-	0.0196736380723	0.941307913922	0.0302671354959	0.00875131251005
cas-	0.662681723514	0.180914065928	0.0340536189851	0.122350591573
ema-	0.040717401842	0.918565196316	0.0407174018419	0.0
cún-	0.299402475459	0.347631241997	0.2304737516	0.122492530943
suh-	0.0869710933107	0.853129877812	0.0415794863852	0.0183195424921
aga-	0.134920634921	0.813492063492	0.0277777777778	0.0238095238095
ama-	0.0	0.6	0.4	0.0
tji-	0.603803837302	0.100746731894	0.0253879241584	0.270061506645
jiñ-	0.501434878587	0.274282560706	0.076821192053	0.147461368653
caí-	0.0	0.988165680473	0.0118343195266	0.0
scu-	0.666749586727	0.224313970624	0.0361848481718	0.0727515944774
vut-	0.641634980989	0.191155169292	0.040663286861	0.126546562858
lah-	0.124293785311	0.197740112994	0.677966101695	0.0
bue-	0.137931034483	0.689655172414	0.103448275862	0.0689655172414
ngu-	0.0460273755031	0.113976145326	0.0280139841597	0.811982495011
chú-	0.170176160377	0.121928413809	0.52679807009	0.181097355724
bel-	0.00956937799043	0.985645933014	0.00478468899522	0.0
boa-	0.0487804878049	0.951219512195	0.0	0.0
ndë-	0.0550458715596	0.926605504587	0.0183486238532	0.0
ton-	0.0	0.771929824561	0.0350877192982	0.19298245614
mej-	0.509156818502	0.105342996298	0.0290061224735	0.356494062727
ant-	0.0462989990678	0.944689786349	0.0	0.00901121458366
yaa-	0.192639921025	0.323580223215	0.0638933830587	0.419886472701
zet-	0.00946713551526	0.990532864485	0.0	0.0
xto-	0.438877755511	0.5250501002	0.0360721442886	0.0
tsë-	0.0442534815847	0.0134553104979	0.00587633242573	0.936414875492
cué-	0.469427327768	0.428693619461	0.047021101279	0.0548579514921
víh-	0.538774014233	0.208332060719	0.0439815521823	0.208912372866
sar-	0.0220820189275	0.946021731511	0.0220820189275	0.00981423063444
jav-	0.612877074711	0.360242351837	0.0161283440713	0.0107522293809
lao-	0.0	1.0	0.0	0.0
bee-	0.242678166811	0.750004903537	0.00731692965257	0.0
hax-	0.146258503401	0.255102040816	0.547619047619	0.0510204081632
teu-	0.307692307692	0.605769230769	0.0192307692308	0.0673076923076
gub-	0.0586604792247	0.913619269161	0.0039525073595	0.0237677442551
dam-	0.00643776824035	0.988733905579	0.0	0.00482832618026
put-	0.0	1.0	0.0	0.0
tin-	0.435666367551	0.422779783546	0.0743992947499	0.0671545541538
gaz-	0.0	0.93023255814	0.0	0.0697674418605
art-	0.0447154471545	0.661246612466	0.177506775068	0.116531165312
sát-	0.452	0.452	0.0	0.096
bal-	0.0246449947189	0.961272151156	0.0	0.0140828541251
obi-	0.155844155844	0.770562770563	0.073593073593	0.0
han-	0.0422528372581	0.0136362801089	0.00787799794744	0.936232884686
efa-	0.0181818181818	0.9	0.0545454545455	0.0272727272727
eva-	0.0388349514563	0.961165048544	0.0	0.0
sad-	0.00625	0.98875	0.0025	0.0025
pub-	0.03125	0.890625	0.03125	0.046875
hya-	0.105991481216	0.0703518094017	0.00703052816262	0.81662618122
ran-	0.114052502223	0.402855275926	0.0278846275314	0.45520759432
top-	0.0	0.714285714286	0.285714285714	0.0
tér-	0.0954773869346	0.844221105528	0.0603015075376	0.0
tun-	0.334221361104	0.510777427949	0.0920319689998	0.0629692419472
các-	0.102397428733	0.0612942355089	0.0226247839893	0.813683551769
jiy-	0.26116885575	0.274385804379	0.0900638319861	0.374381507884
tja-	0.442707647582	0.443850492687	0.0739426049496	0.0394992547807
amp-	0.0	1.0	0.0	0.0
nda-	0.186022006006	0.411163103282	0.240523275089	0.162291615623
set-	0.274430718501	0.483983656305	0.186877255024	0.0547083701704
ele-	0.0	0.924369747899	0.0756302521008	0.0
cés-	0.0727219626169	0.91238317757	0.0148948598131	0.0
ciu-	0.0637422892392	0.853324194654	0.0411240575737	0.0418094585332
cut-	0.479599692071	0.282525019246	0.0508083140877	0.187066974596
abi-	0.00376615595309	0.996233844047	0.0	0.0
rom-	0.0316836546727	0.691268574235	0.252732408203	0.0243153628884
tuu-	0.514876504963	0.322447789481	0.0426431461166	0.120032559439
heb-	0.0	0.97228753779	0.0268726906282	0.000839771582128
can-	0.503743992613	0.24022221391	0.0522359292487	0.203797864228
sus-	0.0444444444445	0.353535353535	0.230303030303	0.371717171717
pér-	0.0	1.0	0.0	0.0
voj-	0.0709900230238	0.221028396009	0.704528012279	0.00345356868765
jes-	0.0115149864355	0.770235883171	0.00451369312633	0.213735437267
ref-	0.158154859967	0.802306425041	0.0395387149918	0.0
vét-	0.145714285714	0.828571428572	0.0	0.0257142857143
cáh-	0.623052959502	0.182242990654	0.0794392523364	0.115264797508
ves-	0.172398781019	0.612102742708	0.0	0.215498476273
aje-	0.0	0.780104712042	0.219895287958	0.0
vuy-	0.567577030812	0.265406162465	0.0252100840336	0.141806722689
hvi-	0.288700564972	0.633333333333	0.0593220338983	0.0186440677966
cin-	0.156960621187	0.843039378813	0.0	0.0
get-	0.0	1.0	0.0	0.0
sam-	0.0497244335579	0.9319044703	0.0124923453766	0.00587875076547
ngo-	0.385147473853	0.425045653257	0.0730452105583	0.116761662332
jua-	0.0293998742252	0.943558530231	0.015946455844	0.0110951396999
vex-	0.303370786517	0.539325842697	0.157303370787	0.0
lit-	0.0342857142857	0.76	0.137142857143	0.0685714285714
yun-	0.0651004125729	0.778967103523	0.0317267225564	0.124205761348
noé-	0.0	1.0	0.0	0.0
lan-	0.271958165406	0.453585584385	0.207507577524	0.0669486726843
rut-	0.0	1.0	0.0	0.0
qui-	0.326103463766	0.357699847128	0.0808465983226	0.235350090783
pie-	0.196428571428	0.619047619048	0.172619047619	0.0119047619048
ruf-	0.0592105263158	0.835526315789	0.105263157895	0.0
cru-	0.444182716734	0.543254353148	0.00498822225301	0.00757470786569
lib-	0.0183392766175	0.964849719817	0.00152827305145	0.0152827305145
may-	0.143146120895	0.809733460257	0.0314136125655	0.0157068062827
toj-	0.0322580645161	0.806451612903	0.161290322581	0.0
eje-	0.0724665563635	0.841317480473	0.0315518103813	0.0546641527826
isa-	0.0151990418615	0.974036158321	0.00584578533135	0.00491901448615
fat-	0.863252673044	0.075407990996	0.0512099043332	0.0101294316263
neá-	0.0384615384615	0.961538461538	0.0	0.0
cap-	0.043282989276	0.89179252681	0.0613600024443	0.00356448146979
tiy-	0.4065806457	0.33172235473	0.20731080748	0.0543861920894
cuj-	0.765375854214	0.210706150342	0.0	0.0239179954442
gam-	0.116751269035	0.860406091371	0.00761421319797	0.0152284263959
tsj-	0.124596409576	0.810343750833	0.0254040763727	0.0396557632178
gri-	0.140710251747	0.16770364698	0.668134392649	0.0234517086245
ara-	0.0917197452229	0.908280254777	0.0	0.0
niñ-	0.167632143432	0.798422132132	0.00964954603272	0.0242961784038
sem-	0.0	1.0	0.0	0.0
cla-	0.0194552529183	0.972762645914	0.00778210116732	0.0
sua-	0.525731140166	0.149123476429	0.0551845696881	0.269960813717
tyu-	0.226970684039	0.756091205212	0.0109446254072	0.00599348534202
sáh-	0.0974025974025	0.402597402597	0.409090909091	0.0909090909091
ado-	0.250996015936	0.645418326693	0.103585657371	0.0
gab-	0.0	1.0	0.0	0.0
ose-	0.0342857142857	0.668571428571	0.0228571428571	0.274285714286
vát-	0.291317866539	0.489021765128	0.119205931595	0.100454436738
jot-	0.0	1.0	0.0	0.0
taj-	0.268151299053	0.320780683098	0.317235914759	0.0938321030903
gni-	0.065934065934	0.714285714286	0.0	0.21978021978
cej-	0.111111111111	0.629629629629	0.0	0.259259259259
den-	0.0241891822595	0.774234298912	0.169324275816	0.0322522430126
nuv-	0.304794520548	0.628424657534	0.0205479452055	0.0462328767123
eun-	0.0337078651685	0.966292134831	0.0	0.0
fëc-	0.521667126691	0.200110405741	0.139111233784	0.139111233784
vej-	0.387353400198	0.40014906906	0.135382561747	0.0771149689951
kil-	0.0403397027601	0.932059447983	0.0148619957537	0.0127388535032
res-	0.0	1.0	0.0	0.0
pau-	0.0	0.964912280702	0.0350877192982	0.0
sim-	0.0141404391157	0.982049262919	0.00101607945741	0.00279421850788
jus-	0.0	1.0	0.0	0.0
teó-	0.0108695652174	0.978260869565	0.0108695652174	0.0
jar-	0.236804239259	0.173093948279	0.0340136998209	0.556088112641
vid-	0.0506329113924	0.746835443038	0.0759493670886	0.126582278481
eze-	0.0	1.0	0.0	0.0
jos-	0.0068377042408	0.988888730609	0.0025641390903	0.0017094260602
taa-	0.340425531915	0.351063829787	0.151595744681	0.156914893617
let-	0.200248880752	0.697624190065	0.0480597313804	0.054067197803
lám-	0.0695468914646	0.838777660696	0.0505795574288	0.0410958904109
jez-	0.132075471698	0.867924528302	0.0	0.0
sav-	0.113304198883	0.262882389665	0.608013574733	0.015799836719
aso-	0.0388349514563	0.961165048544	0.0	0.0
naj-	0.139043388688	0.0935525624094	0.00455108597831	0.762852962925
tij-	0.407828975753	0.347784105617	0.0492277159375	0.195159202692
hmu-	0.400282801094	0.196930074874	0.346976498548	0.0558106254845
nir-	0.442148760331	0.45867768595	0.0743801652892	0.0247933884297
nas-	0.00400667779633	0.985976627713	0.00534223706177	0.00467445742904
pil-	0.0611865116868	0.88152420667	0.0359519471535	0.0213373344895
hin-	0.369987571364	0.330461528738	0.0831996923116	0.216351207586
gom-	0.0480769230769	0.927884615385	0.0	0.0240384615384
láz-	0.026031713238	0.908165900522	0.0498941170394	0.015908269201
bur-	0.0579710144928	0.924402663533	0.0117508813161	0.00587544065805
cor-	0.0390685332123	0.925442781553	0.023578806388	0.0119098788471
hos-	0.085020242915	0.781376518219	0.085020242915	0.0485829959514
har-	0.0204081632653	0.979591836735	0.0	0.0
ste-	0.106727037516	0.726067270375	0.124514877102	0.0426908150065
idu-	0.0	1.0	0.0	0.0
mit-	0.0	0.963636363636	0.0	0.0363636363636
scú-	0.34637964775	0.455968688845	0.133072407045	0.06457925636
asa-	0.0	0.857142857143	0.0	0.142857142857
xút-	0.0958083832335	0.652694610778	0.251497005988	0.0
tix-	0.389929382868	0.318698188517	0.223518575376	0.0678538532392
tjú-	0.0533333333333	0.56	0.386666666667	0.0
jni-	0.0226146074312	0.961049997639	0.0110476370332	0.00528775789623
nde-	0.105614155087	0.841358269134	0.0294477644179	0.0235798113615
ndo-	0.757532281205	0.148852223816	0.0365853658537	0.0570301291249
tyj-	0.105189412623	0.440488173703	0.376268590157	0.0780538235163
pát-	0.0	1.0	0.0	0.0
hie-	0.0	1.0	0.0	0.0
cho-	0.293282170356	0.31173015924	0.238406580873	0.156581089532
yeh-	0.265113044246	0.250320144838	0.353760045924	0.130806764992
tom-	0.00497512437811	0.992260917634	0.0	0.00276395798784
rey-	0.0878378378378	0.817567567568	0.0844594594595	0.0101351351351
aná-	0.018691588785	0.967289719626	0.0140186915888	0.0
noh-	0.634615384615	0.288461538462	0.0	0.0769230769231
