-नैऋ	0.0903614457831	0.680722891566	0.10843373494	0.120481927711
-धडे	0.228743416102	0.726109857035	0.0225733634312	0.0225733634312
-ढाल	0.0881272949817	0.875152998776	0.0	0.0367197062424
-िकट	0.0169683257918	0.711538461539	0.237556561086	0.0339366515837
-ाहा	0.527024323744	0.176971349401	0.00831289684451	0.287691430011
-ाहण	0.162162162162	0.756756756757	0.0	0.0810810810811
-ाहत	0.475521731101	0.117966633834	0.0273177788722	0.379193856193
-ाहन	0.566037735849	0.338364779874	0.0301886792453	0.0654088050314
-ाहक	0.0465838509317	0.760869565217	0.192546583851	0.0
-ाहट	0.827586206897	0.0	0.051724137931	0.120689655172
-िदु	0.222222222222	0.0555555555556	0.0	0.722222222222
-वचा	0.24347826087	0.673043478261	0.0208695652174	0.0626086956522
-हमी	0.123753433471	0.108077008735	0.0257355670486	0.742433990745
-ौपट	0.202127659574	0.478723404255	0.0	0.31914893617
-ढाई	0.49791144528	0.397660818714	0.0680868838764	0.0363408521303
-खाण	0.265547500954	0.734452499046	0.0	0.0
-चला	0.616058989432	0.278602738795	0.0322810832852	0.0730571884875
-जखम	0.105011933174	0.732696897375	0.162291169451	0.0
-शहर	0.14489571899	0.766190998902	0.0032930845225	0.085620197585
-िदण	0.0123395733054	0.975320853389	0.0123395733054	0.0
-चार	0.276180887101	0.366855686273	0.0166724664833	0.340290960143
-िदा	0.277777777778	0.5	0.0	0.222222222222
-षतः	0.0119426751592	0.0453821656051	0.078025477707	0.864649681529
-हमत	0.531531531532	0.342342342342	0.0810810810811	0.045045045045
-चाड	0.0745341614907	0.27950310559	0.571428571429	0.0745341614906
-पये	0.148855196457	0.764639042443	0.0244827625753	0.062022998524
-चाच	0.452318559872	0.384527742965	0.0136720975276	0.149481599635
-वसत	0.302059496567	0.308924485126	0.157894736842	0.231121281465
-ड़ी	0.287401574803	0.712598425197	0.0	0.0
-ाहू	0.655371006394	0.0795711808815	0.0131693741648	0.251888438559
-ाही	0.12330959324	0.103311888411	0.0150087646848	0.758369753665
-डवू	0.662023016354	0.149000605693	0.174439733495	0.0145366444579
-टये	0.140562248996	0.799196787149	0.0	0.0602409638554
-धडा	0.326975476839	0.607629427793	0.0653950953678	0.0
-नति	0.783329728171	0.153940442714	0.0324464633355	0.0302833657797
-नता	0.283858563579	0.572196792989	0.101246303544	0.0426983398885
-िने	0.0745758253321	0.202286650199	0.0157390810965	0.707398443373
-िनी	0.131578947368	0.817105263158	0.0302631578947	0.021052631579
-खडा	0.578644158628	0.168140407288	0.0	0.253215434084
-सोत	0.0443074552109	0.394143710268	0.0260065497977	0.535542284724
-नतर	0.319285416466	0.356666345938	0.0291061291254	0.29494210847
-ायच	0.139240506329	0.784810126582	0.0	0.0759493670886
-मती	0.432330827068	0.46992481203	0.0112781954887	0.0864661654135
-ायक	0.338315392366	0.324747930034	0.288151385911	0.0487852916891
-मते	0.638943869021	0.277657141759	0.0309383347105	0.0524606545091
-यची	0.51991002999	0.230589803399	0.0591469510163	0.190353215595
-रया	0.0	1.0	0.0	0.0
-यचे	0.612966876369	0.169961639612	0.0457162555866	0.171355228432
-ायम	0.411334552102	0.533820840951	0.054844606947	0.0
-खडक	0.164458300857	0.784099766173	0.0327357755261	0.0187061574435
-मून	0.486314449395	0.364735837047	0.0152768936983	0.13367281986
-ठास	0.454545454546	0.10303030303	0.0848484848485	0.357575757576
-ायस	0.0604265402844	0.866113744076	0.010663507109	0.0627962085308
-सोम	0.0	1.0	0.0	0.0
-ाया	0.247450417204	0.521460124707	0.0317584395281	0.199331018561
-गाध	0.123539232053	0.200333889816	0.609348914858	0.0667779632721
-डला	0.615415558999	0.143846175222	0.0446926561133	0.196045609666
-ेबी	0.434408602151	0.438709677419	0.0387096774193	0.0881720430107
-डले	0.771416000127	0.0983153921759	0.0214714087058	0.108797198991
-डली	0.62130025663	0.151668092387	0.0340461933276	0.192985457656
-काच	0.0307486103994	0.0979619190287	0.503409942051	0.367879528521
-ायी	0.364381260974	0.26852315235	0.104230106961	0.262865479715
--या	0.234782608696	0.721739130435	0.0	0.0434782608695
-ायू	0.254894717399	0.540081270779	0.199482822312	0.00554118950868
-डलो	0.603366649132	0.154480098194	0.0455900403297	0.196563212344
-ज्ञ	0.140959499533	0.745216720153	0.0914814965268	0.0223422837876
-मतः	0.0740740740741	0.425925925926	0.138888888889	0.361111111111
-यचा	0.41335461954	0.308331322282	0.134168074403	0.144145983776
-कां	0.312787488501	0.300827966881	0.0919963201472	0.294388224471
-ाठी	0.192852961403	0.231031465937	0.0283255605086	0.547790012151
-ळमळ	0.0844155844156	0.603896103896	0.311688311688	0.0
-वशी	0.0143836762	0.651321291186	0.00623013881921	0.328064893795
-मति	0.512768130746	0.26557711951	0.11746680286	0.104187946885
-मता	0.28126569563	0.526619789051	0.141888498242	0.0502260170769
-काव	0.323877068558	0.31914893617	0.126871552403	0.230102442868
-काश	0.0732552744344	0.798739048555	0.118725947761	0.00927972925025
-कार	0.243053571227	0.574928970276	0.0670481493571	0.11496930914
-काल	0.603324908967	0.279287020055	0.0447982744368	0.0725897965412
-काळ	0.0565908895205	0.459175912461	0.0860414360115	0.398191762007
-काम	0.383722886667	0.391097993578	0.0235204217552	0.201658697999
-काय	0.173587198818	0.0125980390365	0.000866115183759	0.812948646962
-कान	0.108596277338	0.818764072269	0.0	0.0726396503931
-खडे	0.114942528736	0.64367816092	0.206896551724	0.0344827586207
-कात	0.0561948160239	0.875995924097	0.0262836455469	0.0415256143325
-िना	0.051281131771	0.826731933562	0.0986773293169	0.0233096053504
-काठ	0.205479452055	0.753424657534	0.041095890411	0.0
-काढ	0.603609209707	0.116365899191	0.0186683260734	0.261356565028
-काण	0.15	0.739705882353	0.00882352941177	0.101470588235
-ागर	0.0458015267176	0.923664122137	0.0	0.030534351145
-मही	0.311318009892	0.0776840267675	0.567355251673	0.0436427116672
-ालत	0.560044893378	0.148148148148	0.0157126823794	0.276094276094
-सोर	0.0	1.0	0.0	0.0
-ागस	0.15625	0.70625	0.1375	0.0
-सूर	0.0111773472429	0.113263785395	0.763785394933	0.111773472429
-सूल	0.207865168539	0.702247191011	0.0898876404494	0.0
-ूधर	0.20253164557	0.772151898734	0.0253164556962	0.0
-्तन	0.411111111111	0.405555555556	0.0666666666665	0.116666666667
-ागा	0.192323355486	0.58944298079	0.0364099102695	0.181823753455
-्ये	0.157393088607	0.43603278345	0.0359202574882	0.370653870455
-सून	0.235636050176	0.400555973653	0.0562597908008	0.30754818537
-ुता	0.233206590621	0.306717363752	0.403041825095	0.0570342205323
-सूप	0.060606060606	0.939393939394	0.0	0.0
-ागत	0.696988980289	0.112199286047	0.0868229085829	0.103988825082
-्यू	0.0940366972477	0.782110091743	0.0275229357798	0.0963302752293
-्यु	0.0622721749696	0.778250303767	0.127582017011	0.0318955042527
-्यी	0.591590140164	0.199613339778	0.0	0.208796520058
-सूड	0.243911867027	0.703904136065	0.0521839969076	0.0
-बित	0.417845484222	0.36887921654	0.0957562568009	0.117519042437
-ोना	0.0173991093313	0.96955155867	0.0101494804433	0.00289985155522
-फरे	0.157068062827	0.413612565445	0.272251308901	0.157068062827
-रडी	0.0625	0.9375	0.0	0.0
-बिज	0.484631879914	0.48201096021	0.0	0.0333571598761
-गाव	0.123628383321	0.582297000732	0.0087783467447	0.285296269203
-ाला	0.308561060908	0.240229474806	0.0121961139917	0.439013350294
-छीत	0.712694877506	0.153674832962	0.0534521158129	0.0801781737194
-मूल	0.241344806884	0.601761056634	0.0956573944367	0.0612367420452
-ऐके	0.725548902196	0.059880239521	0.184630738523	0.0299401197605
-गार	0.201195431743	0.6813960935	0.107802326822	0.00960614793467
-ऐकू	0.655165496489	0.241725175527	0.00722166499498	0.0958876629889
-डघे	0.215796178344	0.351592356688	0.00305732484077	0.429554140127
-ऐको	0.719933857667	0.177036738674	0.0	0.103029403659
-शेस	0.278388278388	0.434065934066	0.287545787546	0.0
-्यक	0.21116561551	0.112123335669	0.175192711983	0.501518336837
-डघा	0.425196850394	0.535433070866	0.0	0.0393700787401
-दंड	0.217720369343	0.591301276553	0.176345930673	0.014632423432
-समज	0.261055634807	0.553495007133	0.0962910128388	0.0891583452212
-शेर	0.0	1.0	0.0	0.0
-ऐका	0.71149074523	0.215611898583	0.00513361663291	0.0677637395546
-फरक	0.118652112008	0.594209776934	0.185097294732	0.102040816327
-शेष	0.223763837638	0.1563099631	0.228487084871	0.391439114391
-ऐकत	0.936034627871	0.044487194902	0.000721413971383	0.018756763256
-दंश	0.373937677054	0.614730878187	0.0113314447592	0.0
-शेप	0.245252169538	0.705697396554	0.0490504339077	0.0
-शेब	0.113540467971	0.782892213272	0.0391254315305	0.0644418872267
-शेम	0.0	1.0	0.0	0.0
-गी-	0.250148898154	0.654556283502	0.0952948183442	0.0
-गाऊ	0.482065997131	0.343974175036	0.123744619799	0.0502152080345
-शेत	0.0637381567614	0.928509905254	0.00301464254952	0.00473729543496
-शही	0.806576402321	0.154738878143	0.0386847195358	0.0
-ोनी	0.0196950444727	0.959339263024	0.0	0.0209656925032
-आहो	0.208955223881	0.47263681592	0.0696517412935	0.248756218905
-शेच	0.81935483871	0.18064516129	0.0	0.0
-ोने	0.0252440880573	0.904592196607	0.0490032297583	0.0211604855775
-्या	0.0965044655907	0.264335714543	0.0758583090805	0.563301510786
-आहे	0.741207814143	0.0127011192486	4.95174466085e-05	0.246041549162
-ागी	0.163526548274	0.503560804111	0.039664653385	0.293247994231
-ागु	0.195121951219	0.0731707317073	0.658536585366	0.0731707317073
-ागू	0.474501966347	0.215395525756	0.103474953259	0.206627554639
-्यत	0.377220533124	0.532943228124	0.022000711531	0.0678355272204
-ागे	0.597445096521	0.0752311970729	0.0134642532127	0.313859453194
-्यम	0.283018867924	0.452830188679	0.264150943396	0.0
-ागो	0.232108317215	0.555125725339	0.174081237911	0.0386847195358
-महा	0.496644295302	0.441404233351	0.0309757356737	0.0309757356737
-दरा	0.162711864407	0.837288135593	0.0	0.0
-पतन	0.669691470055	0.127041742287	0.0	0.203266787659
-ईने	0.269344405871	0.461698973293	0.0312997921262	0.23765682871
-पति	0.315904139434	0.435729847495	0.0653594771242	0.183006535948
-पता	0.7100199071	0.236894492369	0.0530856005309	0.0
-िंब	0.113924050633	0.53164556962	0.101265822785	0.253164556962
-ढरु	0.279424216766	0.720575783234	0.0	0.0
-ढरी	0.079086115993	0.0667838312829	0.854130052724	0.0
-उथळ	0.420634920635	0.460317460317	0.0714285714286	0.0476190476191
-ढरू	0.264187866928	0.328767123288	0.0313111545988	0.375733855186
-ढरे	0.0314958588778	0.79780436276	0.170699778362	0.0
-िंथ	0.0	1.0	0.0	0.0
-दरच	0.214988391768	0.0714004643292	0.00796836264905	0.705642781254
-भीत	0.336303404158	0.308201964816	0.329906328535	0.0255883024903
-गहन	0.0898876404494	0.101123595505	0.741573033708	0.0674157303371
-िके	0.0915032679738	0.908496732026	0.0	0.0
-ंथी	0.0	0.154639175258	0.845360824742	0.0
-चाव	0.452734922861	0.313884992987	0.0100981767181	0.223281907433
-टोळ	0.0340909090909	0.965909090909	0.0	0.0
-ल्ल	0.0	0.991666666667	0.00833333333331	0.0
-ाजी	0.289054726368	0.435323383085	0.148258706468	0.12736318408
-ूकी	0.0	0.990023752969	0.00712589073634	0.00285035629454
-चाल	0.472205968403	0.45523698069	0.0351082504388	0.0374488004681
-वपण	0.0287907869482	0.481765834933	0.431861804223	0.0575815738964
-गोड	0.0	0.185577942736	0.795334040297	0.0190880169671
-ल्प	0.191693290735	0.488817891374	0.172523961661	0.14696485623
-गहू	0.0	1.0	0.0	0.0
-गही	0.066322770818	0.933677229182	0.0	0.0
-गोग	0.0454545454546	0.954545454545	0.0	0.0
-ल्ख	0.0661764705882	0.933823529412	0.0	0.0
-पतो	0.885906040268	0.0939597315437	0.0	0.0201342281879
-ढरा	0.0	0.00666666666668	0.993333333333	0.0
-सळे	0.26	0.71	0.03	0.0
-पते	0.556701030928	0.226804123711	0.0927835051546	0.123711340206
-फेड	0.547826086957	0.176328502415	0.169082125604	0.106763285024
-पती	0.0239108157625	0.927957022638	0.00838431202062	0.0397478495793
-तंभ	0.191430454845	0.780224126566	0.0253131179961	0.00303230059328
-ईना	0.223653395785	0.185011709602	0.21018735363	0.381147540983
-दरे	0.0581896551724	0.864224137931	0.0517241379311	0.0258620689655
-दरी	0.0420168067227	0.655462184874	0.0924369747898	0.210084033613
-टात	0.196307548493	0.72909558308	0.0392615096985	0.0353353587287
-ीके	0.0	0.971949509116	0.0	0.0280504908835
-थील	0.0569181359376	0.124664088615	0.00570230058333	0.812715474864
-ूंद	0.148787825891	0.481398954686	0.369813219423	0.0
-ंतू	0.805104408353	0.07656612529	0.0139211136891	0.104408352668
-धरा	0.262498351141	0.35285582377	0.116739216462	0.267906608627
-धरस	0.0089485458613	0.991051454139	0.0	0.0
-लेम	0.0241920590951	0.968051708218	0.0	0.00775623268698
-झाच	0.75442043222	0.104125736739	0.0	0.141453831041
-ाऊन	0.569191111947	0.0607606242949	0.00235050770967	0.367697756049
-धरत	0.473065621939	0.444662095984	0.0	0.0822722820764
-घता	0.215384615385	0.738461538462	0.0	0.0461538461538
-िवे	0.489300635207	0.397508295448	0.0157607818076	0.0974302875376
-टाळ	0.442140570209	0.110382680287	0.410885805763	0.0365909437414
-थीय	0.0	0.903225806452	0.0967741935484	0.0
-रंभ	0.342884390307	0.611599982661	0.0182062508128	0.0273093762192
-666	0.0	0.0	0.0	1.0
-टास	0.529411764706	0.470588235294	0.0	0.0
-ाऊस	0.149443561208	0.84546899841	0.00381558028617	0.00127186009539
-कून	0.628085436774	0.14905281024	0.023781330903	0.199080422084
-अचल	0.206896551724	0.0689655172414	0.637931034483	0.0862068965517
-चात	0.394088669951	0.532019704433	0.0738916256158	0.0
-हजर	0.189264660254	0.0887372013652	0.231461371393	0.490536766987
-झाल	0.476744186046	0.453488372093	0.0	0.0697674418605
-वणे	0.332812383717	0.194611892535	0.0595370990548	0.413038624693
-थीच	0.0797872340425	0.345744680851	0.031914893617	0.542553191489
-डया	0.607843137255	0.143790849673	0.0	0.248366013072
-टाई	0.132743362832	0.451327433628	0.41592920354	0.0
-तमा	0.284210526316	0.357894736842	0.210526315789	0.147368421053
-ाऊक	0.918805768174	0.0317164968072	0.00507463948916	0.0444030955301
-टाक	0.554640259399	0.103584260801	0.0157742529138	0.326001226886
-झाड	0.00868665773089	0.963081704644	0.0228024765435	0.00542916108179
-ःचा	0.149863760218	0.102251541661	0.201132941345	0.546751756776
-ासे	0.075728104982	0.884333099925	0.0246375684017	0.0153012266916
-टाच	0.061988698659	0.0777599730117	0.0328919625537	0.827359365776
-ासी	0.103979194453	0.771908384718	0.0762004390718	0.0479119817575
-तमय	0.110159118727	0.889840881273	0.0	0.0
-ासू	0.102183364388	0.445196120587	0.374898475945	0.0777220390808
-नोख	0.0	1.0	0.0	0.0
-ःचे	0.0766407282337	0.0745852297754	0.539715166642	0.309058875349
-ासा	0.18654848293	0.493186577704	0.206302050358	0.113962889008
-ासह	0.351090606144	0.367356272291	0.0604801937159	0.221072927849
-ःची	0.109909590498	0.171423506471	0.376528984223	0.342137918809
-डीच	0.0	0.911764705883	0.0882352941175	0.0
-शपथ	0.223037726147	0.443410780235	0.00607732223832	0.32747417138
-चूर	0.473372781065	0.477657620894	0.0	0.0489695980412
-चूप	0.389937106918	0.320754716981	0.100628930818	0.188679245283
-चून	0.541146573671	0.207209163083	0.0783967347834	0.173247528463
-ासन	0.0129954515919	0.928525016244	0.0214424951267	0.037037037037
-आजी	0.0	1.0	0.0	0.0
-ासद	0.0578325370882	0.899421674629	0.0125722906714	0.0301734976113
-ंतच	0.684210526316	0.245614035088	0.0	0.0701754385965
-डील	0.059952999348	0.829000036224	0.0414108346012	0.0696361298268
-घतो	0.322222222222	0.422222222222	0.0	0.255555555556
-नोर	0.0	1.0	0.0	0.0
-ासच	0.282585533325	0.372676689949	0.172368888363	0.172368888363
-घते	0.588647512264	0.253679046952	0.0630693763139	0.0946040644709
-ंतय	0.0444444444445	0.955555555556	0.0	0.0
-िवस	0.0222960633117	0.923929586039	0.00943587662338	0.044338474026
-िवा	0.0174555412654	0.927956220596	0.0323720947103	0.0222161434286
-चूक	0.189349112426	0.151310228233	0.422654268808	0.236686390533
-नोद	0.107913669065	0.597122302158	0.165467625899	0.129496402878
-घोष	0.327743902439	0.576219512195	0.0411585365854	0.0548780487805
-िवड	0.759904676795	0.0816204944892	0.0375335120644	0.120941316652
-ंतर	0.102644671619	0.115711028551	0.0128230465261	0.768821253304
-डीत	0.52883610959	0.320244185891	0.0864001282376	0.0645195762814
-ंति	0.365676899849	0.556248951518	0.0108706592854	0.0672034893475
-ंता	0.509960452836	0.373506622654	0.0822433692895	0.034289555221
-रवू	0.7583081571	0.205438066465	0.0	0.036253776435
-नोन	0.0	1.0	0.0	0.0
-कडी	0.0686436024162	0.692476661175	0.238879736409	0.0
-कडू	0.341812400636	0.114467408585	0.534181240064	0.00953895071542
-ोजन	0.547860734276	0.382885874206	0.00996110425956	0.0592922872593
-कडे	0.220906080621	0.323085866598	0.046480529083	0.409527523698
-डळी	0.0252555622369	0.953698135899	0.0	0.0210463018641
-ोजत	0.786350148368	0.160237388724	0.0356083086054	0.0178041543027
-मके	0.472284194268	0.0875235970482	0.101252788742	0.338939419942
-ामी	0.38627529996	0.21562000338	0.308929244609	0.089175452052
-ामे	0.28571880744	0.494567623342	0.0700166062902	0.149696962928
-ाजण	0.549019607843	0.274509803922	0.0	0.176470588235
-मकी	0.604719764012	0.194690265487	0.0943952802359	0.106194690265
-सवय	0.429305338396	0.228947956221	0.120616484253	0.22113022113
-नवा	0.0722866044714	0.0552359845911	0.785514435255	0.0869629756822
-नवस	0.0208333333333	0.90625	0.0416666666667	0.03125
-िधि	0.650485436893	0.349514563107	0.0	0.0
-िधा	0.21472392638	0.257668711656	0.361963190184	0.165644171779
-षून	0.601680672269	0.146218487395	0.00504201680672	0.247058823529
-ंबू	0.0888888888889	0.792592592593	0.0	0.118518518519
-नवल	0.61724137931	0.15	0.139655172414	0.0931034482758
-ाजत	0.0151975683891	0.0911854103344	0.802431610942	0.0911854103343
-वसा	0.164057181756	0.693669162696	0.0653505786249	0.0769230769231
-्खा	0.342105263158	0.359649122807	0.298245614035	0.0
-ठरत	0.353876739563	0.0994035785288	0.230616302187	0.316103379722
-ओता	0.777777777778	0.0740740740741	0.111111111111	0.037037037037
-ठरा	0.0149365197909	0.00672143390591	0.0	0.978342046303
-ोजक	0.134920634921	0.865079365079	0.0	0.0
-दोक	0.0	1.0	0.0	0.0
-ठून	0.203189090328	0.0811300317843	0.00213079531935	0.713550082568
-रमय	0.516044663515	0.312946383664	0.158937732622	0.0120712201992
-ामच	0.212314225053	0.11889596603	0.0849256900212	0.583864118896
-रोज	0.05	0.530769230769	0.0730769230769	0.346153846154
-रोच	0.0	1.0	0.0	0.0
-रोग	0.215885338907	0.640788295014	0.136160047775	0.00716631830396
-्खी	0.0	1.0	0.0	0.0
-लना	0.607630079939	0.132784452635	0.0437030300129	0.215882437413
-रोम	0.0190174326466	0.961965134707	0.0	0.0190174326466
-रोब	0.342857142857	0.557142857143	0.0571428571428	0.0428571428571
-तूद	0.569892473118	0.333333333333	0.0645161290322	0.0322580645161
-रोप	0.343507511181	0.315393142464	0.0198386911815	0.321260655174
-रोन	0.0161290322581	0.983870967742	0.0	0.0
-बसा	0.0947251114413	0.71396731055	0.146731054978	0.0445765230312
-रोद	0.0206669798027	0.952090183185	0.0178487552842	0.00939408172851
-रोध	0.311098549086	0.383455813077	0.04013566987	0.265309967967
-रोत	0.40933572711	0.461400359066	0.100538599641	0.0287253141831
-नवे	0.127728375101	0.00970088924817	0.852869846403	0.00970088924816
-नवी	0.133311059138	0.288506515202	0.450467758102	0.127714667558
-तून	0.173385984795	0.52804406247	0.126141891684	0.172428061051
-नवू	0.736434108527	0.255813953488	0.0	0.0077519379845
-ामत	0.0888888888889	0.4	0.511111111111	0.0
-रमक	0.211055276382	0.477386934673	0.190954773869	0.120603015075
-वेक	0.0375870544859	0.853850880787	0.048648095043	0.0599139696845
-रमख	0.0291262135922	0.766990291262	0.203883495146	0.0
-छेद	0.68345323741	0.172661870504	0.0143884892086	0.129496402878
-ामा	0.0800840532337	0.837380340883	0.0359561055335	0.0465795003503
-ळून	0.645616193013	0.180217929922	0.0437116269839	0.130454250082
-तूल	0.857142857143	0.0612244897959	0.0	0.0816326530612
-रोश	0.359240069085	0.578583765112	0.020725388601	0.0414507772021
-कडा	0.0609331476323	0.918175487465	0.0104456824513	0.0104456824512
-हूब	0.519561815336	0.386541471048	0.0	0.093896713615
-हूम	0.00524017467248	0.947598253275	0.00524017467248	0.0419213973799
-हून	0.411026526741	0.292714851246	0.0579894945773	0.238269127436
-रदय	0.226757369614	0.614512471655	0.0510204081633	0.107709750567
-हूद	0.0	1.0	0.0	0.0
-तां	0.664122137405	0.335877862595	0.0	0.0
-धचा	0.217391304348	0.384057971015	0.101449275362	0.297101449275
-ळसा	0.205479452055	0.260273972603	0.116438356164	0.417808219178
-षची	0.63	0.16	0.0	0.21
-हूल	0.639727361246	0.214216163583	0.116845180136	0.0292112950341
-ुदा	0.478260869565	0.391304347826	0.0434782608696	0.0869565217391
-ोटे	0.255020313407	0.322925130586	0.365177016831	0.0568775391759
-ाखू	0.709905660377	0.212264150943	0.0707547169811	0.00707547169811
-ाखु	0.0	1.0	0.0	0.0
-ाखी	0.109452736318	0.771144278607	0.0	0.119402985075
-ाखे	0.388888888889	0.173611111111	0.215277777778	0.222222222222
-हूच	0.295583238958	0.194790486976	0.0339750849377	0.475651189128
-ाखो	0.58407079646	0.159292035398	0.159292035398	0.0973451327433
-ाजा	0.0185103703227	0.912542282999	0.023654941911	0.0452924047678
-ूदी	0.0302009461133	0.630779706062	0.122176554731	0.216842793093
-बास	0.0422535211268	0.811267605634	0.0788732394367	0.0676056338028
-ाखव	0.559441507388	0.4242917175	0.0	0.0162667751118
-बाळ	0.160894190767	0.747381083655	0.0180442083104	0.0736805172673
-आसा	0.0	0.675675675676	0.0	0.324324324324
-बाव	0.431734317343	0.154981549815	0.0442804428044	0.369003690037
-ाखा	0.582887700535	0.360962566845	0.0160427807486	0.0401069518717
-ाखण	0.3671875	0.6328125	0.0	0.0
-बान	0.0	1.0	0.0	0.0
-बाप	0.287769784173	0.302158273381	0.345323741007	0.0647482014388
-बाब	0.223255813953	0.702325581395	0.0	0.0744186046512
-बाम	0.0	1.0	0.0	0.0
-ुदी	0.0788643533123	0.675078864353	0.148264984227	0.0977917981073
-बाण	0.347408829175	0.537428023033	0.0575815738964	0.0575815738964
-पेट	0.3125	0.670454545454	0.0	0.0170454545455
-बाथ	0.00106970939562	0.98787662685	0.00588340167587	0.0051702620788
-आसन	0.0125865324103	0.823788546255	0.0	0.163624921334
-पेत	0.261154855643	0.550524934383	0.0485564304462	0.139763779528
-जगू	0.941585535466	0.00834492350488	0.0	0.0500695410292
-पेठ	0.24778761062	0.699115044248	0.0	0.0530973451328
-बाज	0.136842105263	0.294736842105	0.126315789474	0.442105263158
-तरत	0.601880877743	0.0877742946709	0.0	0.310344827586
-पेय	0.077791718946	0.623588456713	0.185696361355	0.112923462986
-बाग	0.0	1.0	0.0	0.0
-ळसे	0.00927357032459	0.0293663060278	0.856259659969	0.105100463679
-बाई	0.0107334525939	0.913774597496	0.0100178890876	0.0654740608228
-पेल	0.638227146814	0.308587257618	0.0531855955678	0.0
-याग	0.756630265211	0.0444617784712	0.0429017160687	0.15600624025
-शाश	0.0590717299578	0.831223628692	0.084388185654	0.0253164556962
-ोपू	0.545454545455	0.0	0.318181818182	0.136363636364
-याज	0.0117302052786	0.321603128055	0.373411534702	0.293255131965
-जपा	0.523648648649	0.304054054054	0.0608108108108	0.111486486486
-याच	0.0961395997032	0.12354598214	0.290823972111	0.489490446045
-जोम	0.40157480315	0.0944881889764	0.456692913386	0.0472440944882
-बरे	0.655429784224	0.0691192076406	0.0613371064732	0.214113901663
-यां	0.3502837189	0.440200785683	0.113487560017	0.0960279353994
-बरू	0.164179104478	0.268656716418	0.567164179105	0.0
-बरु	0.0776397515528	0.307453416149	0.549689440994	0.0652173913043
-बरी	0.642921550947	0.166516381124	0.100390742411	0.0901713255185
-ेंच	0.676470588235	0.0	0.0	0.323529411765
-्बल	0.0209205020921	0.0627615062761	0.873779637378	0.0425383542539
-्बळ	0.205194257226	0.421059059971	0.329776484827	0.0439701979769
-सलो	0.408230842006	0.136234626301	0.104304635762	0.351229895932
-ेंड	0.0714285714285	0.464285714286	0.357142857143	0.107142857143
-याल	0.475244459351	0.279547975954	0.0550581800356	0.190149384659
-यार	0.314509653986	0.0570063085452	0.304110112789	0.32437392468
-पणी	0.613153460749	0.379995662594	0.00685087665642	0.0
-सली	0.331598738937	0.344399285904	0.0708398222357	0.253162152923
-्बा	0.0331967213115	0.80368852459	0.0131147540984	0.15
-यास	0.420060874991	0.199484908936	0.0472513828684	0.333202833204
-ंशी	0.223708799724	0.429728727269	0.0672638494408	0.279298623567
-याद	0.615384615385	0.358974358974	0.025641025641	0.0
-सही	0.17633416367	0.522462051955	0.158295804548	0.142907979826
-यात	0.3442392312	0.408121941831	0.0397317476901	0.207907079279
-पवत	0.77358490566	0.22641509434	0.0	0.0
-याय	0.466962361134	0.428577350357	0.0327368425528	0.0717234459566
-याप	0.797872340426	0.127659574468	0.0425531914893	0.031914893617
-ंयम	0.0865384615384	0.432692307692	0.4375	0.0432692307693
-यान	0.196233894945	0.383548067393	0.274529236868	0.145688800793
-ंशय	0.553871142393	0.208987547374	0.0227395776935	0.214401732539
-्कम	0.439821693908	0.305349182764	0.179049034175	0.075780089153
-धाक	0.640074211503	0.25974025974	0.0111317254174	0.0890538033395
-सलत	0.698466780239	0.235093696763	0.0204429301533	0.0459965928449
-पवू	0.5	0.28	0.14	0.08
-्बी	0.0243902439024	0.871951219512	0.0	0.103658536585
-सठी	0.276964445772	0.627427547057	0.0717060053779	0.0239020017927
-्बे	0.0	1.0	0.0	0.0
-पणा	0.191361245611	0.632589997654	0.120295497237	0.0557532594987
-सला	0.587210602273	0.105338401393	0.00718200974314	0.300268986591
-ुऊन	0.764705882353	0.235294117647	0.0	0.0
-धास	0.0249762131304	0.710989533777	0.164129400571	0.0999048525214
-बरा	0.5558297153	0.120200964926	0.0822916721353	0.241677647639
-धाल	0.883116883117	0.038961038961	0.0	0.077922077922
-धार	0.0809510578744	0.721242899481	0.162869432782	0.0349366098625
-पणच	0.12676056338	0.87323943662	0.0	0.0
-ंशज	0.0694939415538	0.917141838917	0.00267284390591	0.0106913756237
-धान	0.433619550858	0.340525466021	0.0535740496111	0.17228093351
-झरे	0.0	1.0	0.0	0.0
-धात	0.37	0.45	0.12	0.06
-धाण	0.148698884758	0.594795539034	0.167286245353	0.089219330855
-धाड	0.0568720379147	0.75355450237	0.0	0.189573459716
-ळकट	0.33546114902	0.164869029276	0.305965221219	0.193704600484
-सभर	0.0643689812468	0.568170299037	0.103395843893	0.264064875823
-दशा	0.181904310753	0.647560397916	0.153481762198	0.0170535291331
-ोतः	0.289156626506	0.325301204819	0.385542168675	0.0
-म्य	0.0741239892183	0.364330637916	0.467205750225	0.0943396226415
-सभा	0.0262008733624	0.88090512108	0.00238189757841	0.0905121079793
-धुर	0.0611205432937	0.308998302207	0.619694397283	0.0101867572156
-धिक	0.047165628136	0.0231977409041	0.303157599944	0.626479031016
-ंवत	0.224576271186	0.0508474576271	0.419491525424	0.305084745763
-तिक	0.0934061584738	0.653289004987	0.23216971424	0.0211351222987
-ंवा	0.0304876993352	0.0102815660521	0.00118999607085	0.958040738542
-म्र	0.132988113452	0.116158644227	0.683770742615	0.0670824997058
-ीचा	0.196869147915	0.672180857736	0.0779431015886	0.0530068927606
-ंवर	0.15088693428	0.436039813985	0.0681835486618	0.344889703073
-तरा	0.0	1.0	0.0	0.0
-तडी	0.0995775754704	0.893783919498	0.00663850503136	0.0
-ोतच	0.459854014599	0.255474452555	0.0875912408759	0.197080291971
-ेबर	0.534950071327	0.22967189729	0.0641940085592	0.171184022825
-तित	0.266487213997	0.650067294751	0.0672947510095	0.0161507402422
-आणी	0.430528375734	0.176125244618	0.0587084148728	0.334637964775
-आणू	0.653289353125	0.15759574858	0.0974894630749	0.0916254352207
-तिय	0.232664233577	0.616788321168	0.0958029197081	0.0547445255474
-आवड	0.246621621622	0.405405405405	0.201013513513	0.146959459459
-ळकळ	0.142604596346	0.506776664702	0.244549204479	0.106069534473
-तिश	0.346153846154	0.403846153846	0.137573964497	0.112426035503
-धिन	0.504056403322	0.161290322581	0.15211512459	0.182538149508
-ोतल	0.549019607843	0.176470588235	0.0392156862745	0.235294117647
-वने	0.338164251208	0.54741927282	0.0839054157132	0.0305110602593
-ोता	0.672009992597	0.010830159394	0.000838680386732	0.316321167622
-ट्र	0.0238568588469	0.958250497018	0.0	0.0178926441352
-धित	0.266798418972	0.423913043478	0.0592885375494	0.25
-वनी	0.0588957055214	0.882208588957	0.0147239263804	0.0441717791411
-आणत	0.874172185431	0.0927152317881	0.0	0.0331125827814
-लोह	0.0	0.901185770751	0.0	0.098814229249
-ोते	0.723283306674	0.0122456051572	0.000611261488716	0.26385982668
-ोती	0.731291094766	0.0251725173359	0.00401301001007	0.239523377888
-लोश	0.0	1.0	0.0	0.0
-ोतो	0.513576259211	0.0351266781064	0.0116416002153	0.439655462468
-लोन	0.0326086956522	0.967391304348	0.0	0.0
-बळी	0.0995575221239	0.767699115044	0.0663716814159	0.0663716814159
-टिल	0.0250626566416	0.112781954887	0.751879699248	0.110275689223
-लोभ	0.237479806139	0.676359719979	0.034464189553	0.0516962843295
-आणा	0.861544313427	0.0289083301636	0.0273868391023	0.0821605173069
-जिक	0.0636942675159	0.898089171975	0.0	0.0382165605096
-ग्य	0.173055248873	0.154677293219	0.378312172233	0.293955285675
-लोद	0.0	0.99552238806	0.0044776119403	0.0
-िका	0.411251756187	0.287089322382	0.290513887388	0.011145034043
-शी-	0.983865184654	0.016134815346	0.0	0.0
-लोट	0.00586510263931	0.985337243402	0.00879765395896	0.0
-ीची	0.219090034865	0.582267030834	0.0961132285913	0.102529705709
-जित	0.263805004314	0.384059534081	0.298748921484	0.0533865401208
-लोक	0.0357450243092	0.409177560355	0.00280713871795	0.552270276618
-ीचे	0.24562471187	0.549066307826	0.136763382528	0.0685455977758
-लोई	0.0	0.933823529412	0.00735294117647	0.0588235294118
-कंप	0.0575133915986	0.899351564703	0.020862700874	0.0222723428249
-टिक	0.0918367346939	0.69387755102	0.214285714286	0.0
-ियम	0.118350919178	0.779179810726	0.00652670510171	0.0959425649951
-ितो	0.621896056823	0.20691037608	0.0607907055458	0.110402861551
-जिर	0.0870712401056	0.64907651715	0.121372031662	0.142480211082
-डबड	0.259433962264	0.589622641509	0.0943396226415	0.0566037735849
-ाचु	0.334148329258	0.233903830481	0.431947840261	0.0
-काट	0.285165889772	0.235810255004	0.421442281327	0.0575815738963
-वदी	0.744680851064	0.170212765957	0.0851063829787	0.0
-सिक	0.370611183355	0.46033810143	0.0390117035111	0.130039011704
-्गे	0.662452591656	0.324273072061	0.0	0.0132743362832
-ळखी	0.281727224855	0.706687730384	0.0115850447604	0.0
-िशा	0.237623762376	0.574257425743	0.049504950495	0.138613861386
-व्र	0.229820627803	0.152466367713	0.214125560538	0.403587443946
-सित	0.556818181818	0.227272727273	0.170454545455	0.0454545454545
-व्ह	0.285123966942	0.528925619835	0.0743801652893	0.111570247934
-णणे	0.323855009939	0.199887622504	0.0266704125832	0.449586954974
-दता	0.229357798165	0.495412844037	0.220183486239	0.0550458715596
-िशय	0.293714996889	0.112009956441	0.0933416303671	0.500933416304
-िसु	0.222222222222	0.111111111111	0.0444444444445	0.622222222222
-िसू	0.550679851669	0.27935723115	0.0407911001236	0.129171817058
-ायु	0.510791366906	0.187050359712	0.302158273381	0.0
-पोस	0.663265306122	0.336734693878	0.0	0.0
-गुण	0.208628005658	0.392975011787	0.398396982555	0.0
-व्य	0.287709043676	0.395356389024	0.10992044163	0.20701412567
-िसर	0.991168678246	0.0	0.00883132175449	0.0
-रपट	0.0385434731274	0.273539321706	0.115630419382	0.572286785784
-िसा	0.206106870229	0.503816793893	0.24427480916	0.0458015267176
-िसत	0.388641716828	0.0389950274797	0.013347291285	0.559015964407
-मान	0.283680587604	0.363208558673	0.209215695527	0.143895158195
-दतो	0.482269503546	0.13475177305	0.106382978723	0.276595744681
-ाये	0.0	1.0	0.0	0.0
-िशी	0.218009478673	0.52448657188	0.0997235387046	0.157780410742
-रिक	0.132278649295	0.636621465922	0.136266950279	0.0948329345033
-्गा	0.137940026076	0.846414602347	0.0	0.0156453715776
-रिय	0.122141098744	0.0991436446651	0.297830706756	0.480884549835
-वदा	0.102739726027	0.239726027397	0.246575342466	0.41095890411
-रित	0.498536289916	0.302432787106	0.119283959756	0.0797469632222
-्गय	0.0	1.0	0.0	0.0
-माण	0.482811353071	0.213252385613	0.0293613897724	0.274574871544
-रिल	0.328389830508	0.512711864407	0.0317796610169	0.127118644068
-्गत	0.242286751361	0.617059891107	0.068058076225	0.0725952813067
-ाखल	0.388647450111	0.440620842572	0.0533924611973	0.11733924612
-मुख	0.0434370421443	0.337671291907	0.555545979488	0.0633456864604
-भेद	0.22206095791	0.631349782293	0.0304789550073	0.116110304789
-किक	0.339867916156	0.494583518233	0.116212900363	0.0493356652484
-भेत	0.18831402461	0.692955314097	0.025904871555	0.0928257897387
-थचा	0.0	0.988304093567	0.00584795321639	0.00584795321637
-भेठ	0.409090909091	0.261363636364	0.329545454546	0.0
-ोसू	0.508849557522	0.221238938053	0.0796460176991	0.190265486726
-कथा	0.143281165677	0.713842417701	0.0254991905019	0.11737722612
-ोसे	0.167763157895	0.74451754386	0.0372807017544	0.0504385964912
-भेल	0.246478873239	0.246478873239	0.295774647887	0.211267605634
-ळया	0.435066957334	0.402989722828	0.080971659919	0.080971659919
-ेटा	0.594059405941	0.366336633663	0.0	0.039603960396
-ळही	0.166073546856	0.503262158956	0.166073546856	0.164590747331
-भेट	0.433984606276	0.31971580817	0.00710479573714	0.239194789817
-टकच	0.449438202247	0.325842696629	0.0674157303371	0.157303370787
-णबा	0.0487453057773	0.88612002288	0.00149220323808	0.0636424681042
-कित	0.68356645928	0.103251996647	0.132286105105	0.080895438968
-ेटत	0.575438596491	0.178947368421	0.147368421053	0.0982456140351
-क्व	0.273305274469	0.220963553327	0.496328467807	0.00940270439688
-क्ष	0.304543010753	0.451202956989	0.0450940860215	0.199159946237
-तें	0.440298507463	0.343283582089	0.216417910448	0.0
-क्स	0.134161490683	0.785093167702	0.00372670807453	0.0770186335403
-ढेल	0.821287779238	0.11826544021	0.0473061760841	0.0131406044678
-क्त	0.108822277366	0.296661232994	0.205372068153	0.389144421487
-ढेन	0.155709342561	0.844290657439	0.0	0.0
-ेटी	0.366013071895	0.567071272954	0.0342359165889	0.0326797385621
-क्य	0.0781309261928	0.110170295077	0.366949859668	0.444748919062
-ेटू	0.278106508876	0.674556213018	0.0	0.0473372781065
-क्क	0.424760112519	0.324610152215	0.0885059837102	0.162123751556
-मार	0.459232835148	0.493568234573	0.0133942910251	0.0338046392539
-ढेच	0.138235294118	0.166013071896	0.0598039215686	0.635947712418
-ीबी	0.0858310626703	0.895095367847	0.0190735694823	0.0
-्पद	0.167706708268	0.364274570983	0.388455538222	0.0795631825273
-यीच	0.30931122449	0.404177295918	0.188456632653	0.0980548469388
-थचे	0.314285714286	0.657142857143	0.0285714285714	0.0
-तेच	0.230084139702	0.144709784445	0.0684197573325	0.55678631852
-ाका	0.491226117308	0.218913740051	0.0561019630917	0.233758179549
-ुवर	0.748251748252	0.125874125874	0.020979020979	0.104895104895
-वला	0.633935492035	0.0910178433016	0.0801228308841	0.194923833779
-ोपन	0.309389140271	0.554864253394	0.0424208144796	0.0933257918551
-ोपत	0.877551020408	0.0816326530612	0.0	0.0408163265306
-िकत	0.860556464812	0.0615384615385	0.00130932896891	0.0765957446808
-ाकर	0.076249728713	0.904651667511	0.0	0.0190986037763
-ुवा	0.307581893679	0.584764443533	0.0430614651151	0.0645921976726
-ेळे	0.476190476191	0.269841269841	0.0	0.253968253968
-्सव	0.426862425231	0.203371397499	0.288200108755	0.0815660685154
-ुवत	0.221374045801	0.171755725191	0.591603053435	0.0152671755725
-ाकद	0.396153846154	0.534615384615	0.0	0.0692307692307
-सणे	0.299290947766	0.506145119357	0.0992673126921	0.0952966201843
-सणी	0.0	1.0	0.0	0.0
-ाकड	0.166666666667	0.65	0.183333333333	0.0
-ैनत	0.0	0.884615384615	0.0384615384615	0.0769230769231
-जना	0.302867383513	0.510394265233	0.0200716845878	0.166666666667
-पडा	0.245871559633	0.721100917431	0.0	0.0330275229358
-ैना	0.0384615384615	0.961538461538	0.0	0.0
-नतो	0.611550766122	0.242465061458	0.0422630072403	0.103721165179
-यिक	0.037713954163	0.554685233537	0.372787931535	0.0348128807659
-ृपा	0.0429971852859	0.809909735029	0.0515383868776	0.0955546928079
-ौंड	0.131147540984	0.811475409836	0.0245901639344	0.0327868852459
-नते	0.527607361963	0.220858895705	0.0920245398773	0.159509202454
-दाज	0.291845493562	0.682403433476	0.0	0.0257510729614
-मिक	0.0857013321243	0.192898003814	0.593122024722	0.12827863934
-मिन	0.0	1.0	0.0	0.0
-ताच	0.304632594852	0.187967443536	0.0798993807267	0.427500580884
-ोपे	0.0808803130736	0.21319879351	0.607377063695	0.0985438297219
-मित	0.362062715244	0.293547217691	0.31538879826	0.0290012688055
-ोपी	0.423279626562	0.0655021834061	0.042538774281	0.468679415751
-ाक्	0.575342465753	0.184931506849	0.239726027397	0.0
-ाको	0.593956562795	0.213251495121	0.0495750708215	0.143216871262
-बुल	0.0	1.0	0.0	0.0
-मिर	0.179028132992	0.641943734015	0.0716112531969	0.107416879795
-ाके	0.207070707071	0.762626262626	0.030303030303	0.0
-मिळ	0.201834862385	0.798165137615	0.0	0.0
-ाकू	0.398976982097	0.432225063939	0.0690537084399	0.0997442455243
-ाकी	0.492743445693	0.203651685393	0.108848314607	0.194756554307
-जबर	0.259842519685	0.267716535433	0.377952755906	0.0944881889764
-ऋतू	0.169491525424	0.762711864407	0.0	0.0677966101695
-्पट	0.0932027307806	0.143959631938	0.552092609083	0.210745028198
-260	0.0909090909091	0.136363636364	0.0340909090909	0.738636363636
-ाचे	0.13731120565	0.472894115884	0.0462504628438	0.343544215622
-माच	0.317073170732	0.512195121951	0.0853658536586	0.0853658536584
-ाचू	0.0	0.698113207547	0.301886792453	0.0
-बलो	0.0402298850574	0.745210727969	0.214559386973	0.0
-ाची	0.201934305686	0.439959303546	0.0449734302831	0.313132960485
-ळखू	0.382278481013	0.354430379747	0.0	0.26329113924
-बले	0.618805066079	0.175110132159	0.0697962555066	0.136288546255
-बीज	0.371351188685	0.460126391815	0.132410472465	0.0361119470358
-माग	0.372995151063	0.299701603879	0.032637075718	0.29466616934
-माफ	0.666693106218	0.164655608324	0.0936951585877	0.0749561268701
-माप	0.651019440493	0.299668089142	0.0293978188715	0.0199146514936
-बीत	0.181494661922	0.487544483986	0.224199288256	0.106761565836
-्पा	0.0388925510877	0.957152274225	0.00395517468688	0.0
-बीय	0.0	0.867924528302	0.0754716981133	0.0566037735849
-बीम	0.522979397781	0.429477020602	0.0475435816165	0.0
-मात	0.246774637148	0.631400427245	0.0377155154591	0.0841094201482
-पडे	0.138793085308	0.720192779286	0.0767412697469	0.0642728656588
-मास	0.0841078692852	0.882437565667	0.00969314906115	0.0237614159864
-पडू	0.412734944381	0.395473724588	0.029919447641	0.161871883391
-बीर	0.0403309203723	0.494312306101	0.415718717684	0.0496380558428
-यरत	0.561403508772	0.0877192982456	0.140350877193	0.21052631579
-माल	0.186276969393	0.663196186653	0.0188158554942	0.13171098846
-ूति	0.545886075949	0.32753164557	0.0949367088608	0.0316455696202
-्पण	0.471811979909	0.414986130894	0.0359847064998	0.0772171826973
-पळत	0.849	0.084	0.015	0.052
-माव	0.0301003344481	0.869565217391	0.0401337792642	0.0602006688963
-ूते	0.578313253012	0.306024096386	0.115662650602	0.0
-थवा	0.00848056537103	0.0734982332155	0.00636042402827	0.911660777385
-सबळ	0.629032258065	0.16935483871	0.177419354839	0.0241935483871
-ूती	0.389937106918	0.243186582809	0.20964360587	0.157232704403
-्सर	0.0308788598575	0.70783847981	0.232779097387	0.0285035629454
-्सा	0.122621962705	0.877378037295	0.0	0.0
-सबा	0.063829787234	0.936170212766	0.0	0.0
-000	0.112452384468	0.271885427432	0.0296235050937	0.586038683006
-्सस	0.118421052632	0.881578947368	0.0	0.0
-्पै	0.0476568705321	0.86656076251	0.0190627482129	0.066719618745
-पडत	0.491771909682	0.264829697665	0.0604668962878	0.182931496364
-फळू	0.272	0.664	0.0639999999999	0.0
-्पी	0.108153078203	0.24459234609	0.647254575707	0.0
-ळखा	0.344827586207	0.558189655172	0.0	0.0969827586207
-पळू	0.825	0.075	0.05	0.05
-सबब	0.22193298625	0.67994927246	0.0	0.0981177412895
-ताट	0.209302325581	0.77519379845	0.0	0.015503875969
-ताठ	0.286919831224	0.0590717299578	0.57805907173	0.0759493670886
-ाचव	0.504672897196	0.196261682243	0.0	0.299065420561
-बला	0.818804135233	0.0172534227438	0.0593741268511	0.104568315172
-ताथ	0.0	1.0	0.0	0.0
-तात	0.456102453069	0.26449466765	0.0396375602419	0.239765319039
-फळे	0.0935679195704	0.832857306067	0.0383868387981	0.035187935565
-तान	0.0271376557588	0.89416314254	0.0284945385468	0.0502046631539
-णखी	0.072824492074	0.0402380073635	0.211902168532	0.675035332031
-ताप	0.451636614805	0.468360565447	0.0295077845336	0.0504950352145
-तले	0.630902201421	0.0338142412568	0.00915314505505	0.326130412267
-जोत	0.117647058824	0.764705882353	0.0588235294118	0.0588235294118
-तार	0.544776119403	0.238805970149	0.171641791045	0.044776119403
-ताळ	0.171428571429	0.742857142857	0.0857142857142	0.0
-ाचत	0.795454545455	0.181818181818	0.0	0.0227272727272
-ाचा	0.167477040018	0.510197645353	0.0372135483742	0.285111766254
-ताह	0.0	1.0	0.0	0.0
-तास	0.344966964633	0.5402254178	0.0190439176059	0.0957636999612
-जोर	0.521963824289	0.116279069767	0.124892334195	0.236864771749
-ळखत	0.965022421525	0.00672645739911	0.00672645739911	0.0215246636772
-पशू	0.0253378378378	0.842342342342	0.0985360360361	0.0337837837837
-जाई	0.503363672339	0.138504155125	0.100910170162	0.257222002374
-ाईम	0.0	1.0	0.0	0.0
-ाईन	0.438799076212	0.102001539646	0.0134719014627	0.445727482679
-फूट	0.491625609893	0.103240373095	0.00698506925881	0.398148947753
-पटे	0.180811808118	0.763837638376	0.0553505535055	0.0
-धला	0.663043478261	0.149456521739	0.0285326086956	0.158967391304
-पटू	0.83666061706	0.16333938294	0.0	0.0
-बता	0.610169491525	0.220338983051	0.0	0.169491525424
-णले	0.729790545482	0.0488477188771	0.0158637889329	0.205497946708
-ाईर	0.0	0.920454545455	0.0340909090909	0.0454545454546
-णली	0.694671897018	0.14308565335	0.0525574132612	0.109685036371
