jer-	0.00264043831276	0.994367064933	0.0	0.00299249675446
rag-	0.0	1.0	0.0	0.0
ˀi⁴-	0.164291476203	0.146903289415	0.160437393564	0.528367840817
pa³-	0.127272727273	0.827272727273	0.0454545454545	0.0
fig-	0.0	1.0	0.0	0.0
cao-	0.0485276759622	0.0226107807582	0.00760916935994	0.92125237392
son-	0.190789299446	0.413586374227	0.0443021888027	0.351322137524
je³-	0.327798600692	0.298249968008	0.0479754162862	0.325976015013
vi²-	0.085719148371	0.737321660585	0.0662507316223	0.110708459421
xto-	0.2125	0.707142857143	0.0589285714286	0.0214285714286
jac-	0.000893876942941	0.994338779361	0.00178775388588	0.0029795898098
ton-	0.16898989899	0.0931812865496	0.0420297713982	0.695799043062
ncj-	0.0582553338946	0.396479389805	0.441824842288	0.103440434013
ve³-	0.853159530926	0.0438244650978	0.028113963402	0.0749020405744
júp-	0.0140845070423	0.971830985916	0.0140845070422	0.0
abí-	0.0	0.957446808511	0.0425531914894	0.0
mah-	0.0	1.0	0.0	0.0
xja-	0.20095902354	0.769834350479	0.0139494333043	0.0152571926765
joe-	0.0434782608696	0.934782608696	0.0	0.0217391304348
eno-	0.0242424242424	0.975757575758	0.0	0.0
xe¹-	0.797583081571	0.202416918429	0.0	0.0
lis-	0.0264406779661	0.963389830508	0.00610169491526	0.00406779661017
ˀya-	0.335584973254	0.308565266552	0.0255454292219	0.330304330972
nˀo-	0.380917587603	0.471549913234	0.0874052424879	0.0601272566749
san-	0.0337394425663	0.888500627302	0.0700872556924	0.00767267443902
sue-	0.393442622951	0.52224824356	0.0562060889929	0.0281030444965
sáb-	0.0418410041841	0.953974895398	0.00418410041841	0.0
xai-	0.416174183515	0.326283048211	0.210886469673	0.0466562986003
mi²-	0.0967035442531	0.787907989588	0.0190478574289	0.0963406087304
ALL	0.214777942183	0.245750716249	0.0467518981196	0.492719443448
čha-	0.75	0.205882352941	0.0359477124183	0.00816993464052
seg-	0.0	0.9375	0.0625	0.0
tse-	0.385234526646	0.181402601585	0.251825569898	0.181537301871
si¹-	0.424240940823	0.132046239577	0.0204795887864	0.423233230814
pró-	0.0	1.0	0.0	0.0
abi-	0.0416124837451	0.958387516255	0.0	0.0
gál-	0.350877192982	0.649122807018	0.0	0.0
mil-	0.0590961761298	0.694090382387	0.0347624565469	0.212050984936
tib-	0.00953137410643	0.98570293884	0.00476568705321	0.0
rro-	0.106391752577	0.846597938144	0.0123711340206	0.0346391752576
maa-	0.0	1.0	0.0	0.0
sen-	0.437284632412	0.288098397247	0.0649210142258	0.209695956115
tje-	0.298914536926	0.253325832415	0.0180600601368	0.429699570522
jnq-	0.304891921639	0.499290445695	0.147750057407	0.0480675752598
bay-	0.0243902439024	0.292682926829	0.682926829268	0.0
mig-	0.0754716981132	0.899371069182	0.0125786163522	0.0125786163522
nka-	0.41958041958	0.538461538462	0.0	0.041958041958
tai-	0.157841607782	0.648527117555	0.0633201798661	0.130311094797
paf-	0.018018018018	0.981981981982	0.0	0.0
lao-	0.296535252334	0.451544195953	0.0635875802599	0.188332971453
ˀe⁴-	0.692882973129	0.101194151741	0.00370142975068	0.202221445379
abr-	0.0057337014228	0.973157782969	0.020089190911	0.00101932469739
zaq-	0.0757097791798	0.858044164038	0.0	0.0662460567823
así-	0.0	1.0	0.0	0.0
a¹--	0.016655033557	0.00322147651006	0.00173959731544	0.978383892617
zac-	0.0405164737311	0.919857524488	0.00801424755121	0.0316117542297
her-	0.0260671711926	0.925161992383	0.0425384577336	0.0062323786912
ate-	0.0151057401813	0.92749244713	0.0574018126888	0.0
ˀol-	0.0481927710843	0.903614457831	0.0481927710843	0.0
har-	0.0	1.0	0.0	0.0
si²-	0.0554699537751	0.813174114022	0.127118644068	0.00423728813559
ja⁴-	0.108262337245	0.210956512637	0.0348612912752	0.645919858843
sin-	0.25920158785	0.625263080067	0.0729485491238	0.0425867829594
urí-	0.0	1.0	0.0	0.0
dor-	0.192052980132	0.788079470199	0.00662251655628	0.0132450331126
ai¹-	0.202609363008	0.514198004605	0.191097467383	0.0920951650039
sa¹-	0.0989528292824	0.860601402632	0.0294937073686	0.0109520607167
ára-	0.0129032258064	0.987096774194	0.0	0.0
máq-	0.169102296451	0.830897703549	0.0	0.0
ˀmi-	0.376103719704	0.523115741418	0.026260063292	0.0745204755863
ja²-	0.491388103976	0.0374022441346	0.0140698097058	0.457139842184
jor-	0.0116009280742	0.983758700696	0.00464037122972	0.0
naí-	0.0	0.925925925926	0.0	0.0740740740741
ˀi¹-	0.149214659686	0.835078534031	0.0157068062828	0.0
gen-	0.29203539823	0.690265486726	0.0	0.0176991150442
jam-	0.142857142857	0.8	0.0571428571429	0.0
sja-	0.759411121579	0.134617380332	0.0432573664277	0.0627141316619
nig-	0.0	0.971428571429	0.0285714285714	0.0
por-	0.266666666667	0.733333333333	0.0	0.0
ña³-	0.176040535226	0.0992570094449	0.187072439373	0.537630015956
alf-	0.0025312895514	0.991562368162	0.0059063422866	0.0
cji-	0.244339046126	0.20287608688	0.143195149383	0.40958971761
cos-	0.148261971012	0.761202707754	0.0730927364093	0.017442584825
dam-	0.0144861928474	0.980081484835	0.0	0.00543232231779
hor-	0.028673493689	0.895832341034	0.0146225291736	0.0608716361038
tio-	0.572248547916	0.152739509051	0.0663239955811	0.208687947452
jnc-	0.0553657986106	0.0948508877228	0.0443531327296	0.805430180937
nai-	0.0352434786028	0.881977218003	0.0211934937735	0.0615858096208
cro-	0.505261221185	0.480711199446	0.00516805555719	0.00885952381231
tsˀ-	0.156608375164	0.159101248003	0.0610217334478	0.623268643385
ped-	0.00711015150951	0.984402337788	0.00312697762722	0.00536053307524
ra⁴-	0.121179039301	0.868995633188	0.0	0.00982532751094
sˀi-	0.542407706496	0.141849426532	0.0623118531332	0.253431013839
xo²-	0.658298983916	0.132724784915	0.0186074726383	0.190368758531
zor-	0.0	1.0	0.0	0.0
ecj-	0.455764075067	0.26273458445	0.201072386059	0.0804289544236
oro-	0.089552238806	0.910447761194	0.0	0.0
asi-	0.00682593856655	0.993174061433	0.0	0.0
dia-	0.0	1.0	0.0	0.0
hac-	0.0909090909091	0.909090909091	0.0	0.0
ˀa¹-	0.571482975754	0.232156535571	0.0386461100503	0.157714378625
mpe-	0.0197368421053	0.960526315789	0.0	0.0197368421053
tér-	0.0	0.972972972973	0.027027027027	0.0
jño-	0.134066042019	0.799898576621	0.0491491852941	0.0168861960657
tol-	0.0612244897959	0.938775510204	0.0	0.0
mel-	0.0396304400681	0.954534403112	0.00291757840992	0.00291757840992
cue-	0.329004329004	0.463203463204	0.103896103896	0.103896103896
nco-	0.156963521989	0.510564674802	0.124477862863	0.207993940346
mir-	0.0392156862745	0.928104575163	0.0196078431373	0.0130718954248
isa-	0.00477016478751	0.990893321769	0.00260190806591	0.00173460537728
eut-	0.0307692307692	0.969230769231	0.0	0.0
pud-	0.0	1.0	0.0	0.0
dio-	0.12972972973	0.837837837838	0.0	0.0324324324324
bab-	0.0184049079755	0.955521472393	0.021472392638	0.00460122699387
ita-	0.00681198910082	0.797002724796	0.196185286104	0.0
láz-	0.0528031290744	0.873207301173	0.0250977835724	0.0488917861799
moi-	0.0409684325751	0.952334959193	0.00178683536968	0.00490977286263
xoi-	0.633855799373	0.185579937304	0.0188087774294	0.161755485893
čch-	0.7	0.08	0.08	0.14
jud-	0.0131856230038	0.887304072722	0.0809093483965	0.0186009558775
joi-	0.972911963883	0.0135440180587	0.0135440180587	0.0
uzí-	0.0	1.0	0.0	0.0
cis-	0.0	0.962962962963	0.037037037037	0.0
mal-	0.0503597122302	0.94964028777	0.0	0.0
adá-	0.0113475177305	0.977304964539	0.00567375886524	0.00567375886525
sab-	0.0	1.0	0.0	0.0
nin-	0.0	1.0	0.0	0.0
no²-	0.621166506652	0.0565251680153	0.0104409546016	0.311867370731
ˀña-	0.0	0.951612903226	0.0	0.0483870967742
cie-	0.00571610034932	0.0735683285699	0.054620514449	0.866095056632
fa³-	0.328627524672	0.285428888412	0.052254528756	0.33368905816
sir-	0.0501228501229	0.865847665848	0.0781326781327	0.00589680589681
xqu-	0.488464311464	0.324541704587	0.122519413287	0.064474570662
ñai-	0.655201578799	0.230899351565	0.0465181843812	0.0673808852552
pub-	0.0	0.954128440367	0.0275229357798	0.0183486238532
lim-	0.0616242388673	0.677613935555	0.247067550273	0.0136942753039
esr-	0.0	1.0	0.0	0.0
ya¹-	0.167074673996	0.450773138029	0.0223145760204	0.359837611955
fel-	0.00324090745409	0.992617933021	0.00054015124235	0.00360100828232
te¹-	0.159083847016	0.775314447796	0.00794678769005	0.0576549174976
and-	0.00845070422535	0.991549295775	0.0	0.0
te²-	0.510643174616	0.291608534471	0.0109869850318	0.186761305882
ana-	0.062865497076	0.931286549708	0.00292397660819	0.00292397660819
xa⁴-	0.252027529554	0.683481151306	0.0163359068306	0.0481554123091
no¹-	0.21389335007	0.72621253003	0.0449288855096	0.0149652343906
mae-	0.0306997742664	0.948181590168	0.00933032355155	0.011788312014
ti³-	0.363424141214	0.172870935985	0.0323288040898	0.431376118712
per-	0.0	0.986666666667	0.0	0.0133333333333
cˀo-	0.136436074494	0.0366473104639	0.0111559652741	0.815760649768
arm-	0.0	1.0	0.0	0.0
cal-	0.0470590816349	0.923981483513	0.0217195761392	0.00723985871306
i⁴--	0.0764541971438	0.0724486241728	0.00313479623824	0.847962382445
jčh-	0.285646100487	0.48486969803	0.0585483819645	0.170935819518
lid-	0.0176056338028	0.982394366197	0.0	0.0
ata-	0.0	1.0	0.0	0.0
far-	0.0105666440091	0.986529073719	0.00179200395477	0.00111227831675
fe²-	0.535691922354	0.119390523899	0.0203506574828	0.324566896264
rud-	0.0862619808306	0.913738019169	0.0	0.0
to⁴-	0.0947486109367	0.0262874774716	0.0170648714217	0.86189904017
lev-	0.0416866315285	0.925730713943	0.0239578342118	0.00862482031624
sed-	0.0233918128655	0.72514619883	0.251461988304	0.0
adi-	0.0	1.0	0.0	0.0
saú-	0.0740740740741	0.888888888889	0.037037037037	0.0
ami-	0.0	1.0	0.0	0.0
ñˀa-	0.391673053402	0.476461771149	0.080522604522	0.0513425709267
ome-	0.0139968895801	0.975116640746	0.0108864696734	0.0
cás-	0.197183098592	0.69014084507	0.0845070422535	0.0281690140845
fa¹-	0.786824574389	0.133234641007	0.0510732790525	0.0288675055514
ˀoa-	0.572708476913	0.337205867874	0.0339667224574	0.0561189327558
čho-	0.059332121228	0.419680579718	0.516278400544	0.00470889851015
coa-	0.529567101017	0.0545265966997	0.0383587189054	0.377547583378
jai-	0.291085946574	0.191056910569	0.0365853658537	0.481271777004
li²-	0.0864407557145	0.0509165274509	0.0193247359602	0.843317980874
tal-	0.0	1.0	0.0	0.0
tja-	0.351006732817	0.482609261059	0.0776884648981	0.0886955412262
rod-	0.12213740458	0.87786259542	0.0	0.0
zaf-	0.0365333874569	0.476354779785	0.487111832758	0.0
ˀai-	0.495313258558	0.164208651493	0.0337058076354	0.306772282314
jti-	0.268263042502	0.5280728974	0.183678419707	0.0199856403907
pon-	0.0624263839812	0.922261484099	0.0	0.0153121319199
ma⁴-	0.0643571895844	0.546235212643	0.100596166035	0.288811431738
azu-	0.0705329153605	0.915360501567	0.00940438871475	0.00470219435737
ged-	0.0	1.0	0.0	0.0
chi-	0.242676445906	0.589012097674	0.0745189724596	0.09379248396
tsa-	0.260804366769	0.027009616387	0.00539136474176	0.706794652102
xˀi-	0.0384143093638	0.89267331812	0.0343677260649	0.0345446464509
ben-	0.0	0.989528795812	0.0104712041885	0.0
dió-	0.4	0.504761904762	0.0952380952381	0.0
jve-	0.620224719101	0.256179775281	0.116853932584	0.0067415730337
lai-	0.471430004346	0.237520478786	0.0234043264569	0.267645190411
ni³-	0.0292826112954	0.548765282071	0.00661006232763	0.415342044306
der-	0.0101522842639	0.989847715736	0.0	0.0
lam-	0.0	0.986394557823	0.0136054421769	0.0
nar-	0.017316017316	0.722943722944	0.25974025974	0.0
mao-	0.474838709677	0.189264516129	0.117470967742	0.218425806452
cua-	0.0107424960506	0.826224328594	0.123222748815	0.0398104265403
dám-	0.0	1.0	0.0	0.0
jmi-	0.174940554457	0.627741443344	0.0460653436686	0.15125265853
na³-	0.0691588970026	0.133288069917	0.00607736692237	0.791475666158
sat-	0.0750595710882	0.912629070691	0.0099285146942	0.00238284352661
sió-	0.0206856923961	0.972227542616	0.0	0.00708676498754
esl-	0.0	1.0	0.0	0.0
saf-	0.0	1.0	0.0	0.0
evo-	0.3	0.7	0.0	0.0
yoi-	0.306503918566	0.118232591658	0.0671110710747	0.508152418701
se¹-	0.443146896128	0.352796558082	0.115550092194	0.0885064535955
mje-	0.602937120794	0.129619415334	0.0396442360728	0.227799227799
ded-	0.0923076923077	0.861538461538	0.0153846153846	0.0307692307692
n-a-	0.626262626263	0.252525252525	0.0606060606061	0.0606060606061
to³-	0.144325844227	0.257070557955	0.0890880571861	0.509515540632
ban-	0.204545454545	0.522727272727	0.25	0.0227272727273
ˀa³-	0.602287773388	0.0669175551507	0.018302676588	0.312491994873
adr-	0.22966507177	0.636363636364	0.114832535885	0.0191387559808
ˀa²-	0.385385284419	0.176105812653	0.0218715831956	0.416637319732
yug-	0.0904392764858	0.8165374677	0.0878552971576	0.00516795865632
jma-	0.141130604289	0.566471734893	0.280701754386	0.0116959064328
ter-	0.0	1.0	0.0	0.0
tra-	0.0	0.981818181818	0.0181818181818	0.0
arq-	0.151351351351	0.837837837838	0.0108108108108	0.0
ale-	0.0336481700118	0.796340023613	0.166469893743	0.00354191263282
sid-	0.0	0.989485981308	0.0	0.0105140186916
oli-	0.0420899854862	0.955007256894	0.00290275761974	0.0
luc-	0.0078125	0.9765625	0.0	0.015625
xi²-	0.0851114875077	0.331607560134	0.158951868681	0.424329083677
ca¹-	0.662580158431	0.103060839575	0.0107776041386	0.223581397855
jec-	0.0	1.0	0.0	0.0
je²-	0.0184778468763	0.0161902987914	0.00499905038032	0.960332803952
dec-	0.00869565217391	0.75652173913	0.0	0.234782608696
ne⁴-	0.195126926333	0.531530153291	0.203275913064	0.0700670073127
str-	0.0870725895987	0.843369135387	0.0226039444632	0.0469543305515
va³-	0.202274690144	0.22007216854	0.0955955727395	0.482057568576
fa²-	0.696013634285	0.128029263832	0.00523756079311	0.17071954109
eli-	0.0217430368374	0.969272237197	0.0	0.00898472596586
pa²-	0.0550022814291	0.826006308648	0.0334477354336	0.0855436744897
ji³-	0.458357511544	0.045041739795	0.00520209314224	0.491398655519
col-	0.0	1.0	0.0	0.0
vi⁴-	0.202249229095	0.460366406675	0.0565935062579	0.280790857972
ene-	0.0194805194805	0.954545454545	0.025974025974	0.0
díd-	0.0368098159509	0.963190184049	0.0	0.0
pan-	0.0316205533597	0.9604743083	0.0	0.00790513833991
cˀi-	0.0500548665849	0.0565411705744	0.00683422782048	0.88656973502
tor-	0.0816591056383	0.887232663642	0.0233311730396	0.00777705767984
sco-	0.775583800836	0.112706835037	0.0220963415246	0.0896130226025
ari-	0.00350877192982	0.989473684211	0.00701754385965	0.0
efr-	0.0	1.0	0.0	0.0
ai--	0.391304347826	0.369565217391	0.0652173913043	0.173913043478
ntr-	0.220460453596	0.344365034081	0.0369001258853	0.398274386437
cre-	0.0212591986917	0.961569910057	0.0122649223221	0.00490596892886
mai-	0.318641216685	0.238182718618	0.0524566941769	0.39071937052
tˀe-	0.369605876971	0.269088727481	0.0461092154382	0.31519618011
se²-	0.0921881643539	0.507749990337	0.0162343937227	0.383827451587
rab-	0.0104529616725	0.912891986063	0.0	0.0766550522648
ape-	0.0462962962963	0.916666666667	0.037037037037	0.0
éfe-	0.130841121495	0.85046728972	0.018691588785	0.0
mi³-	0.26827184689	0.0645517914702	0.0157215773265	0.651454784313
fre-	0.302912621359	0.458252427185	0.192233009709	0.0466019417476
que-	0.324098928602	0.206477932485	0.101669006509	0.367754132403
ve⁴-	0.251459336814	0.214932107918	0.00788869673642	0.525719858532
coe-	0.43572943581	0.233272916586	0.01118352551	0.319814122093
ber-	0.0465088809816	0.926028732153	0.0131406044678	0.0143217823975
tia-	0.0753138075314	0.517433751743	0.377963737796	0.0292887029289
tir-	0.0	0.997120921305	0.00287907869482	0.0
vi³-	0.337529692498	0.480162256745	0.0358649511642	0.146443099593
car-	0.227648680583	0.741630563214	0.021268215833	0.00945254037022
ncˀ-	0.111183656421	0.574456433172	0.190585997923	0.123773912484
sca-	0.432663847058	0.162611566126	0.101271558438	0.303453028378
bas-	0.653846153846	0.346153846154	0.0	0.0
si⁴-	0.302895607106	0.0277988655855	0.00462349110779	0.664682036201
yo²-	0.0379746835443	0.938656280428	0.014605647517	0.00876338851024
ˀma-	0.441137334646	0.348501101766	0.143851718543	0.0665098450442
ˀyo-	0.214971120574	0.683962435306	0.0823632639194	0.0187031802004
pól-	0.0172413793103	0.879310344828	0.0689655172414	0.0344827586207
oné-	0.0	1.0	0.0	0.0
fao-	0.381808838643	0.199383350462	0.304830421377	0.113977389517
che-	0.339460007946	0.582954412031	0.0395299934414	0.0380555865815
jo¹-	0.243958404569	0.0761431856703	0.0524929136324	0.627405496129
fia-	0.47	0.26	0.03	0.24
cai-	0.315528375315	0.248032758842	0.045759739982	0.390679125861
sod-	0.00906344410876	0.97583081571	0.0135951661631	0.00151057401813
ˀe²-	0.238095238095	0.52380952381	0.0	0.238095238095
si³-	0.316274425236	0.0231112713433	0.0044816070101	0.656132696411
cum-	0.0359281437125	0.712574850299	0.107784431138	0.14371257485
can-	0.0325814536341	0.32528290423	0.0476949950634	0.594440647072
zab-	0.0	0.97860417728	0.0213958227203	0.0
te³-	0.235721664547	0.115354380939	0.0355416719828	0.613382282531
óni-	0.0	0.868421052632	0.131578947368	0.0
tso-	0.770405884241	0.0852373951531	0.0136499218394	0.130706798767
cja-	0.381642375943	0.348887920048	0.0811340719373	0.188335632072
sio-	0.28901734104	0.46387283237	0.208092485549	0.0390173410404
ˀan-	0.191300845751	0.255221218572	0.170732408952	0.382745526724
jte-	0.53255619851	0.363924773817	0.0364244271914	0.0670946004822
vao-	0.132308122073	0.242340809725	0.595175531589	0.0301755366131
jto-	0.242697078832	0.278711484594	0.0648259303722	0.413765506202
cjo-	0.244655968188	0.156062274056	0.0382853803441	0.560996377412
met-	0.0	0.922352941176	0.00705882352941	0.0705882352941
tao-	0.175570496241	0.701433627981	0.0988637735682	0.0241321022095
ceb-	0.0	0.968152866242	0.0127388535032	0.0191082802548
mna-	0.0377358490566	0.924528301887	0.0377358490566	0.0
nef-	0.0	1.0	0.0	0.0
ces-	0.0	1.0	0.0	0.0
ˀe³-	0.0535714285714	0.93112244898	0.015306122449	0.0
gól-	0.0	0.977272727273	0.0227272727273	0.0
via-	0.697986577181	0.302013422819	0.0	0.0
mat-	0.028314028314	0.969111969112	0.0	0.002574002574
ˀnč-	0.040899795501	0.781867757328	0.177232447171	0.0
ni⁴-	0.0279299969172	0.271401494794	0.0063173277667	0.694351180523
hig-	0.0213378492803	0.932938187976	0.0426756985605	0.0030482641829
tró-	0.0	1.0	0.0	0.0
par-	0.062874251497	0.851796407186	0.0763473053892	0.00898203592813
jul-	0.0717131474103	0.910358565737	0.0	0.0179282868526
nti-	0.169329134472	0.377855403194	0.0729784543559	0.379837007978
nah-	0.0	1.0	0.0	0.0
ni¹-	0.65800523679	0.110000371136	0.0183245964193	0.213669795655
mja-	0.63103085889	0.352727620139	0.0105092194516	0.00573230151905
feb-	0.0	1.0	0.0	0.0
amé-	0.0	0.559322033898	0.101694915254	0.338983050847
tre-	0.0357568533969	0.239570917759	0.502979737783	0.221692491061
gay-	0.0161290322581	0.983870967742	0.0	0.0
ma²-	0.265615734335	0.569578968176	0.0859853726033	0.0788199248863
gob-	0.0227880880449	0.957531290462	0.0	0.0196806214933
sje-	0.501679249502	0.168039952721	0.0453072276818	0.284973570095
dan-	0.0350223754065	0.864913694861	0.100063929733	0.0
xti-	0.0462928727786	0.798151683346	0.111132569587	0.0444228742887
yi³-	0.0139467958512	0.192127522652	0.0574433946529	0.736482286844
gre-	0.0322580645161	0.935483870968	0.0322580645161	0.0
ser-	0.0366972477064	0.963302752294	0.0	0.0
jme-	0.0986618238616	0.181512219612	0.0170355586684	0.702790397858
cri-	0.0117350657793	0.950150489769	0.0111070667943	0.0270073776576
mis-	0.0566037735848	0.943396226415	0.0	0.0
elm-	0.0	1.0	0.0	0.0
yai-	0.26276543623	0.248995216073	0.071031949938	0.417207397759
ˀao-	0.410646535601	0.270797810066	0.134417612739	0.184138041593
zel-	0.0	1.0	0.0	0.0
nac-	0.0	1.0	0.0	0.0
jyo-	0.371588964606	0.22091801507	0.354237339017	0.0532556813065
agr-	0.00174216027875	0.998257839721	0.0	0.0
ca²-	0.386340798825	0.0577240797449	0.0058831777934	0.550051943637
so²-	0.507157464213	0.0306748466258	0.00511247443763	0.457055214724
sos-	0.0	1.0	0.0	0.0
cad-	0.022	0.906	0.06	0.012
fél-	0.054054054054	0.924794359577	0.0	0.021151586369
vˀe-	0.325697778327	0.22162656435	0.0430080550148	0.409667602309
bit-	0.0	1.0	0.0	0.0
leg-	0.0	0.958333333333	0.0	0.0416666666667
jts-	0.425458193641	0.481156141382	0.0384639994591	0.0549216655177
cef-	0.0147368421053	0.953684210526	0.0315789473684	0.0
nia-	0.423725881922	0.0917503490173	0.0179834913825	0.466540277678
esa-	0.0125	0.9875	0.0	0.0
sia-	0.576923076923	0.166153846154	0.132307692308	0.124615384615
esp-	0.0302412144551	0.890135985329	0.0650171805575	0.0146056196588
aug-	0.16724738676	0.825783972125	0.006968641115	0.0
mos-	0.00420757363254	0.971949509116	0.0210378681627	0.00280504908837
yˀa-	0.49721452367	0.281487080429	0.128915763836	0.0923826320652
xcˀ-	0.537572254335	0.393063583815	0.0	0.0693641618497
sur-	0.201058201058	0.539682539683	0.116402116402	0.142857142857
xa³-	0.290313934399	0.62089992294	0.0690186618421	0.0197674808188
fri-	0.0483870967742	0.860215053763	0.0860215053763	0.00537634408602
reg-	0.0416666666667	0.958333333333	0.0	0.0
pla-	0.246913580247	0.555555555556	0.197530864198	0.0
coi-	0.228703319835	0.0700423359327	0.024861665334	0.676392678898
mac-	0.00740192450036	0.959289415248	0.0244263508512	0.00888230940044
ti¹-	0.622674697671	0.0616735137461	0.0296455726926	0.28600621589
ico-	0.0	0.986754966887	0.00662251655628	0.00662251655628
bet-	0.0168134507606	0.977582065653	0.00080064051241	0.00480384307446
sˀo-	0.0941305490188	0.824716123284	0.0526856907857	0.028467636912
vi¹-	0.530212856084	0.328751456105	0.0619506512761	0.079085036535
pér-	0.0	1.0	0.0	0.0
nqu-	0.188901523692	0.193767477538	0.093036483403	0.524294515368
pat-	0.043956043956	0.956043956044	0.0	0.0
neá-	0.0	1.0	0.0	0.0
ti²-	0.251323630091	0.127677819811	0.0487919897576	0.572206560341
gab-	0.0	1.0	0.0	0.0
cam-	0.029702970297	0.910891089109	0.043204320432	0.016201620162
se⁴-	0.727053140097	0.200483091788	0.0	0.072463768116
ñao-	0.376431164479	0.161407428093	0.109187377827	0.352974029601
lic-	0.0481927710843	0.722891566265	0.228915662651	0.0
lˀi-	0.0556846668293	0.886286311876	0.0417335083804	0.0162955129141
ntˀ-	0.0713952595676	0.489863379819	0.0538589733297	0.384882387283
ma¹-	0.161403508772	0.733333333333	0.0280701754386	0.0771929824561
tˀt-	0.7	0.175	0.075	0.05
ren-	0.0	0.960227272727	0.0397727272727	0.0
jta-	0.213844118394	0.633376195923	0.109345149756	0.0434345359271
tab-	0.0243902439024	0.975609756098	0.0	0.0
naz-	0.00978792822186	0.979200652529	0.00978792822186	0.00122349102773
gal-	0.00839229883165	0.968240908343	0.0171959848609	0.00617080796446
soa-	0.201169653653	0.322911803086	0.340241113865	0.135677429396
nue-	0.0201005025125	0.0301507537689	0.331658291457	0.618090452261
mia-	0.658015267176	0.141984732824	0.0	0.2
nca-	0.015941791972	0.0166565355085	0.00234270079769	0.965058971722
sa⁴-	0.154384440455	0.0405872769723	0.362388868226	0.442639414347
aon-	0.15093719055	0.145869288443	0.0178243032961	0.685369217711
no⁴-	0.559030492572	0.128225175919	0.265832681783	0.0469116497262
va¹-	0.511316471876	0.279440824512	0.0380815256117	0.171161178
ñch-	0.107784431138	0.730538922156	0.0718562874252	0.0898203592814
xco-	0.299975384521	0.46303281065	0.0820281538026	0.154963651027
me³-	0.551072466716	0.152852142815	0.0416528953635	0.254422495106
abb-	0.0858895705521	0.754601226994	0.0	0.159509202454
one-	0.121739130435	0.671739130435	0.0260869565217	0.180434782609
tjo-	0.278309904754	0.28146907741	0.135915334594	0.304305683242
gog-	0.0	1.0	0.0	0.0
yo³-	0.259019132289	0.0794068840199	0.064445328808	0.597128654883
le³-	0.0666666666666	0.244444444444	0.577777777778	0.111111111111
co⁴-	0.0473913137565	0.903226504512	0.0194758823657	0.0299062993659
sil-	0.0457584562869	0.932236860665	0.00338533585353	0.0186193471944
xˀa-	0.347763966281	0.356765252179	0.276610944421	0.0188598371196
jas-	0.0383141762452	0.931034482759	0.0306513409962	0.0
lib-	0.0794794329537	0.900999302812	0.0153381361841	0.0041831280502
jo³-	0.138222826682	0.0601435909738	0.0226296020775	0.779003980267
cje-	0.56487513754	0.158211599561	0.0382397942776	0.238673468622
tom-	0.0807486631015	0.919251336898	0.0	0.0
him-	0.0	0.875	0.0	0.125
jno-	0.536684994269	0.390310694672	0.0585411928301	0.0144631182286
ni²-	0.282268305813	0.0625486545601	0.0265115133206	0.628671526306
rei-	0.0	0.989619377163	0.0103806228374	0.0
egi-	0.0245520902455	0.899137358991	0.0763105507631	0.0
sau-	0.0602946796314	0.920810156681	0.00636915629909	0.0125260073882
sín-	0.093023255814	0.906976744186	0.0	0.0
na¹-	0.0403379572967	0.811634307293	0.011908026157	0.136119709253
esm-	0.019512195122	0.834146341463	0.146341463415	0.0
pri-	0.0369127516778	0.902684563758	0.0	0.0604026845638
tro-	0.00963081861957	0.985553772071	0.0048154093098	0.0
co²-	0.331895889626	0.255136395676	0.0389707187658	0.373996995932
sjo-	0.247776755596	0.417969947869	0.304814474088	0.0294388224471
ela-	0.0	1.0	0.0	0.0
ntj-	0.311250723434	0.5287632888	0.0552691234655	0.1047168643
ñe²-	0.186440677966	0.813559322034	0.0	0.0
jna-	0.352755619401	0.0827096322232	0.0263899715271	0.538144776848
nag-	0.0	1.0	0.0	0.0
etí-	0.0	0.680473372781	0.319526627219	0.0
arp-	0.182304326689	0.803111327176	0.0116674769081	0.00291686922703
itu-	0.0434782608696	0.95652173913	0.0	0.0
fen-	0.0425531914894	0.882978723404	0.031914893617	0.0425531914894
xo⁴-	0.0952184688616	0.10130462099	0.0103310921169	0.793145818032
tam-	0.0	1.0	0.0	0.0
ˀa⁴-	0.368899733807	0.0903948535936	0.00665483584738	0.534050576752
xo¹-	0.420254299262	0.48430091293	0.0408105494091	0.0546342383997
yoa-	0.422781456954	0.291062251656	0.0890066225166	0.197149668874
man-	0.0251730648206	0.934550031466	0.0100692259282	0.0302076777847
men-	0.0957446808511	0.904255319149	0.0	0.0
rob-	0.0	1.0	0.0	0.0
jes-	0.00305926810141	0.758624939496	0.00293403490428	0.235381757499
so¹-	0.524537453636	0.0355551653754	0.00658428988434	0.433323091105
fle-	0.030534351145	0.801526717557	0.167938931298	0.0
eub-	0.0	1.0	0.0	0.0
noi-	0.148148148148	0.851851851852	0.0	0.0
vˀa-	0.46245667768	0.262230481898	0.0672468039504	0.208066036472
yˀe-	0.363636363636	0.534090909091	0.0340909090909	0.0681818181818
je⁴-	0.107173576467	0.852915878204	0.0299329089971	0.00997763633237
ji²-	0.513898700396	0.0788396631569	0.0325181372714	0.374743499176
squ-	0.777781897463	0.112288622441	0.0353073761569	0.0746221039394
nch-	0.448477405364	0.365343242138	0.0776856589615	0.108493693537
pre-	0.167995549787	0.814203597256	0.0111255330985	0.00667531985908
bo²-	0.0131578947368	0.973684210526	0.0131578947368	0.0
com-	0.152804642166	0.831721470019	0.0154738878143	0.0
mag-	0.0191501003101	0.963523618457	0.00410359292358	0.0132226883093
va²-	0.372301410261	0.350674883739	0.0472607660025	0.229762939998
job-	0.0428571428571	0.957142857143	0.0	0.0
elí-	0.00612182430364	0.989592898684	0.0	0.00428527701255
aqu-	0.0108108108108	0.989189189189	0.0	0.0
dru-	0.0	0.913043478261	0.0869565217392	0.0
nil-	0.514285714286	0.4	0.0	0.0857142857143
cˀa-	0.233569169722	0.275466354177	0.0753632423508	0.41560123375
to²-	0.576209763377	0.227563419314	0.0939032189299	0.10232359838
xca-	0.139352687825	0.399861407699	0.431845952874	0.0289399516014
leb-	0.0	0.945454545455	0.0545454545455	0.0
tsi-	0.233333020846	0.122294899986	0.0317537794353	0.612618299733
xio-	0.349840056499	0.164513314777	0.0901499729965	0.395496655727
ram-	0.038496791934	0.923006416132	0.0	0.038496791934
nts-	0.0590701250134	0.679306587403	0.0835068627595	0.178116424824
xao-	0.292909894297	0.477024684997	0.157930894499	0.0721345262073
pas-	0.108580907857	0.837882672297	0.0309153973759	0.0226210224702
se³-	0.228340066409	0.75560846097	0.012274655534	0.0037768170874
las-	0.0216163104888	0.714566445591	0.07811348563	0.18570375829
la²-	0.222591042478	0.152499158128	0.235724250734	0.38918554866
mˀa-	0.692395129735	0.0734911578902	0.220342317529	0.0137713948456
nta-	0.208583509985	0.364164023786	0.184787540343	0.242464925886
vin-	0.0673673989714	0.851332771613	0.0724486383098	0.00885119110572
tˀa-	0.169325887117	0.0960524282275	0.0221245899416	0.712497094714
mˀo-	0.638989169675	0.043321299639	0.108303249097	0.209386281588
pad-	0.143382352941	0.8125	0.0220588235294	0.0220588235294
bo¹-	0.0115750310046	0.978503513849	0.0	0.00992145514678
sˀe-	0.441925250118	0.210234412568	0.0480390339114	0.299801303402
jch-	0.325710017308	0.425750512614	0.142149367337	0.10639010274
arf-	0.0	1.0	0.0	0.0
cle-	0.037037037037	0.938271604938	0.0246913580247	0.0
reb-	0.113402061856	0.618556701031	0.237113402062	0.0309278350516
fai-	0.623563218391	0.238505747126	0.0172413793103	0.120689655172
tíq-	0.0630105017503	0.892648774796	0.0093348891482	0.0350058343058
ema-	0.036866359447	0.926267281106	0.036866359447	0.0
hot-	0.0535714285714	0.839285714286	0.0	0.107142857143
sˀa-	0.290633258889	0.17666485927	0.101125768302	0.43157611354
zeb-	0.0066889632107	0.993311036789	0.0	0.0
pis-	0.0689655172413	0.862068965517	0.0413793103448	0.0275862068965
amó-	0.0	1.0	0.0	0.0
ta³-	0.544216728431	0.0486880994708	0.0111187896963	0.395976382402
his-	0.189814814815	0.75	0.037037037037	0.0231481481482
sai-	0.63491366696	0.158764998537	0.0658472344161	0.140474100088
apo-	0.0437235543018	0.932299012694	0.0	0.0239774330042
fan-	0.0	1.0	0.0	0.0
ya²-	0.456612027353	0.319056717619	0.106647224457	0.117684030571
ˀnt-	0.105496331349	0.652399079938	0.0496479169305	0.192456671782
quí-	0.0	1.0	0.0	0.0
lot-	0.0282264387643	0.872981025561	0.098792535675	0.0
nín-	0.0	1.0	0.0	0.0
ji⁴-	0.00819672131148	0.967213114754	0.0245901639344	0.0
čhj-	0.0585335597291	0.797428056114	0.0373530082809	0.106685375876
yo⁴-	0.0445098934529	0.686659609528	0.218980277695	0.0498502193243
rub-	0.0	1.0	0.0	0.0
bau-	0.0120724346077	0.976358148893	0.00301810865191	0.00855130784706
fes-	0.00853485064011	0.99146514936	0.0	0.0
fi³-	0.442340397073	0.184969331015	0.204459901019	0.168230370894
tˀo-	0.395209580838	0.443113772455	0.161676646707	0.0
dav-	0.00493844174936	0.984357772878	0.000689084895259	0.0100147004778
pát-	0.0	1.0	0.0	0.0
jio-	0.369037726442	0.225306077226	0.0774195335439	0.328236662789
jop-	0.0	1.0	0.0	0.0
sao-	0.252010723861	0.550938337802	0.189008042895	0.00804289544235
tan-	0.105499438833	0.854096520763	0.026936026936	0.013468013468
lo⁴-	0.149390243902	0.727134146342	0.118902439024	0.00457317073172
bar-	0.124786582887	0.840253661483	0.0118468274893	0.0231129281409
aga-	0.0405405405405	0.910810810811	0.0162162162162	0.0324324324324
epa-	0.0202702702703	0.963513513514	0.0	0.0162162162162
mi¹-	0.126213592233	0.720873786408	0.0873786407767	0.0655339805826
ama-	0.0	0.622222222222	0.377777777778	0.0
tji-	0.506692974584	0.15995348032	0.052507346962	0.280846198135
caí-	0.0232558139535	0.953488372093	0.0116279069767	0.0116279069767
to¹-	0.403333333333	0.5125	0.0408333333333	0.0433333333333
bue-	0.0344827586207	0.965517241379	0.0	0.0
jao-	0.125015242255	0.224865303477	0.125182151791	0.524937302477
njo-	0.41043814433	0.541237113402	0.00322164948453	0.0451030927835
bel-	0.0159045725646	0.970178926441	0.00994035785288	0.00397614314115
boa-	0.0192307692308	0.980769230769	0.0	0.0
vai-	0.912621359223	0.0	0.0	0.0873786407767
jef-	0.0	1.0	0.0	0.0
ord-	0.175182481752	0.78102189781	0.043795620438	0.0
ˀme-	0.199211045365	0.741617357002	0.0591715976331	0.0
ant-	0.00243348475016	0.99464633355	0.0	0.00292018170019
ˀnc-	0.374691467976	0.355836026362	0.0320618845263	0.237410621135
jne-	0.851602399697	0.131225049622	0.0	0.0171725506813
ven-	0.27680798005	0.655860349127	0.0673316708229	0.0
pol-	0.0155363011652	0.968329847625	0.0161338512101	0.0
tˀi-	0.643193446351	0.232020951465	0.0348235499905	0.089962052194
sar-	0.0714515609913	0.901512713228	0.0193112327004	0.00772449308014
co¹-	0.624061059693	0.317339201313	0.0199935584889	0.0386061805056
mar-	0.00376411543287	0.832566569078	0.000209117524049	0.163460197965
ma³-	0.458440288259	0.131765185308	0.0431003423656	0.366694184067
uva-	0.0571428571428	0.847619047619	0.0952380952381	0.0
bee-	0.0704081632653	0.923469387755	0.00612244897959	0.0
teu-	0.210810810811	0.691891891892	0.0	0.0972972972973
cen-	0.204318936877	0.715946843854	0.0398671096345	0.0398671096345
put-	0.0357142857143	0.928571428571	0.0357142857143	0.0
tin-	0.536904192571	0.368404272278	0.0679100908656	0.026781444285
gaz-	0.0606060606061	0.848484848485	0.0	0.0909090909091
art-	0.075	0.925	0.0	0.0
anf-	0.078431372549	0.921568627451	0.0	0.0
bal-	0.0700073691968	0.922623434046	0.00736919675755	0.0
nčˀ-	0.642857142857	0.142857142857	0.0	0.214285714286
efa-	0.125	0.875	0.0	0.0
asa-	0.0	0.857142857143	0.0	0.142857142857
die-	0.2	0.542857142857	0.0857142857143	0.171428571429
nˀi-	0.234272743982	0.290928260942	0.217100607614	0.257698387462
sad-	0.00726392251816	0.983050847458	0.00726392251816	0.00242130750605
sós-	0.00990099009901	0.970297029703	0.019801980198	0.0
je¹-	0.215276504705	0.574269048672	0.100167798994	0.110286647629
top-	0.0	0.777777777778	0.222222222222	0.0
isc-	0.0	1.0	0.0	0.0
so³-	0.184045212802	0.534893764143	0.190134911987	0.0909261110674
eur-	0.0444444444444	0.755555555556	0.155555555556	0.0444444444444
ˀva-	0.46628041715	0.290073387408	0.114175357281	0.129470838161
sta-	0.34131736527	0.155688622754	0.359281437126	0.14371257485
tas-	0.0666666666667	0.65	0.283333333333	0.0
amp-	0.0	1.0	0.0	0.0
set-	0.0	1.0	0.0	0.0
ˀen-	0.114596670935	0.683738796415	0.128681177977	0.0729833546735
xi¹-	0.150670312422	0.21795518374	0.109508261968	0.52186624187
ele-	0.0	1.0	0.0	0.0
cés-	0.0643005300761	0.899746485365	0.0154413459322	0.0205116386264
dal-	0.0	1.0	0.0	0.0
cˀe-	0.510500754964	0.104549790006	0.133159459031	0.251789995999
jnč-	0.142510318038	0.64457392571	0.187424132071	0.0254916241806
yo¹-	0.386020651311	0.59968228753	0.0142970611596	0.0
clo-	0.0666666666667	0.9	0.0	0.0333333333333
toi-	0.396415770609	0.491039426523	0.0236559139785	0.0888888888889
rom-	0.00765414599575	0.748263642807	0.241530829199	0.00255138199858
ño³-	0.097270033056	0.459261370113	0.0695885102017	0.373880086629
ats-	0.787234042553	0.170212765957	0.0	0.0425531914894
heb-	0.0439166479946	0.907685413399	0.0483979386064	0.0
ciu-	0.366071428571	0.580357142857	0.0	0.0535714285714
soi-	0.408345752608	0.329955290611	0.203278688525	0.0584202682563
era-	0.0060975609756	0.981707317073	0.0	0.0121951219512
sus-	0.0	1.0	0.0	0.0
xia-	0.418241810794	0.0883990529771	0.0184323435956	0.474926792633
bla-	0.111111111111	0.696296296296	0.037037037037	0.155555555556
fam-	0.171052631579	0.745614035088	0.0263157894737	0.0570175438596
ya⁴-	0.0852261106873	0.03777477316	0.00589018012553	0.871108936027
con-	0.26456057656	0.300735829665	0.111039939967	0.323663653808
sal-	0.0149219467401	0.971992653811	0.00619834710744	0.0068870523416
cin-	0.125186289121	0.0879284649776	0.357675111773	0.429210134128
get-	0.0	1.0	0.0	0.0
sam-	0.0214916208264	0.969297684534	0.0053729052066	0.00383778943329
ca³-	0.469319402212	0.0230083520989	0.00496792582053	0.502704319868
jua-	0.0206194662937	0.953992209247	0.0110729269143	0.0143153975445
nja-	0.715841703982	0.195207551737	0.0127072491831	0.0762434950986
vís-	0.0493697478992	0.881302521008	0.00630252100842	0.063025210084
ve¹-	0.668490153173	0.275711159737	0.019693654267	0.0361050328228
li⁴-	0.0318432704555	0.898101534542	0.0445805786377	0.0254746163644
rre-	0.0491220036544	0.92766993106	0.0061402504568	0.0170678148291
ye⁴-	0.0910814759551	0.880941278871	0.0223817961391	0.00559544903478
isl-	0.0	1.0	0.0	0.0
yao-	0.0903255589252	0.457108962133	0.0549441855028	0.397621293438
noé-	0.0177383592018	0.980044345898	0.00221729490022	0.0
rut-	0.0	1.0	0.0	0.0
qui-	0.21473768095	0.0458620972474	0.0327531720058	0.706647049797
ruf-	0.0	0.962264150943	0.0377358490566	0.0
mio-	0.360655737705	0.213114754098	0.0327868852459	0.393442622951
jco-	0.126421259979	0.676206804447	0.16345418731	0.0339177482647
faˀ-	0.347058823529	0.405882352941	0.141176470588	0.105882352941
xa¹-	0.29333760245	0.553641477934	0.0444495877604	0.108571331855
cap-	0.0136692575717	0.968105065666	0.0160814794961	0.00214419726615
ta⁴-	0.0243190307397	0.630560575451	0.0317697469841	0.313350646825
ˀnq-	0.337386375203	0.0746537428654	0.561324115469	0.0266357664634
gam-	0.175903614458	0.824096385542	0.0	0.0
tsj-	0.479153903906	0.260602029326	0.139474525065	0.120769541703
gri-	0.0341549372376	0.531185415624	0.41181717319	0.0228424739487
ara-	0.13921360255	0.854410201913	0.00637619553666	0.0
gad-	0.00812064965199	0.991879350348	0.0	0.0
sem-	0.0	1.0	0.0	0.0
cla-	0.106446776612	0.88155922039	0.0	0.0119940029985
čhi-	0.161219629182	0.100990721291	0.0453598187261	0.6924298308
ˀi³-	0.201189693433	0.540766006411	0.216333114161	0.0417111859949
ose-	0.0	1.0	0.0	0.0
sim-	0.0123126771972	0.982827055488	0.00048602673147	0.00437424058323
jot-	0.0	1.0	0.0	0.0
gni-	0.030303030303	0.772727272727	0.0	0.19696969697
chu-	0.0571428571428	0.914285714286	0.0285714285714	0.0
vˀi-	0.0406320541761	0.817155756208	0.142212189616	0.0
ñe³-	0.549954170486	0.406049495875	0.0219981668194	0.0219981668194
dos-	0.0384615384615	0.846153846154	0.0384615384615	0.0769230769231
eun-	0.037037037037	0.962962962963	0.0	0.0
cuc-	0.326086956522	0.586956521739	0.0	0.0869565217391
aba-	0.0	1.0	0.0	0.0
kil-	0.28275862069	0.613793103448	0.0413793103448	0.0620689655172
res-	0.0	1.0	0.0	0.0
le²-	0.601677148847	0.247379454927	0.0251572327044	0.125786163522
pau-	0.0	0.932203389831	0.0677966101695	0.0
afr-	0.0634920634921	0.904761904762	0.031746031746	0.0
jus-	0.0215053763441	0.978494623656	0.0	0.0
teó-	0.024	0.968	0.00799999999998	0.0
ja³-	0.839475536122	0.0322292278892	0.0101328222556	0.118162413733
jar-	0.0	1.0	0.0	0.0
eze-	0.0	1.0	0.0	0.0
jos-	0.013769123783	0.982892906815	0.00250347705146	0.000834492350487
let-	0.119751166407	0.628304821151	0.213063763608	0.0388802488336
čhˀ-	0.124444444444	0.656	0.203555555556	0.016
lám-	0.079365079365	0.809523809524	0.095238095238	0.015873015873
jez-	0.184439262243	0.37672249311	0.0063599745601	0.432478270087
i⁴²-	0.402079722704	0.265164644714	0.051993067591	0.280762564991
ne¹-	0.650401351922	0.210815378116	0.127798901563	0.0109843683988
na⁴-	0.0381597749356	0.402073439496	0.118354497857	0.441412287711
mˀe-	0.208653235272	0.102081471352	0.616257658802	0.0730076345742
pil-	0.0373443983403	0.892318591236	0.0437202712276	0.0266167391965
roj-	0.0333333333333	0.933333333333	0.0333333333333	0.0
gom-	0.0295358649789	0.931082981716	0.028129395218	0.0112517580872
ˀni-	0.143342399373	0.09923156407	0.0104516788009	0.746974357756
le⁴-	0.0956733995466	0.127303864557	0.0146582722159	0.762364463681
co³-	0.532492546641	0.235966682717	0.0298390484289	0.201701722213
idu-	0.0	1.0	0.0	0.0
efe-	0.0127551020408	0.967930029155	0.0054664723032	0.0138483965015
ˀar-	0.0	1.0	0.0	0.0
xo³-	0.0946319855703	0.829126761769	0.00390891006679	0.0723323425938
nčh-	0.699089312655	0.148054303236	0.0207455422884	0.132110841821
jni-	0.333333333333	0.533333333333	0.0888888888889	0.0444444444444
nao-	0.231737879397	0.164051474036	0.0178259907229	0.586384655844
mes-	0.269275028769	0.723820483314	0.00690448791716	0.0
ño⁴-	0.218637992832	0.729390681004	0.0250896057348	0.0268817204301
hie-	0.0	1.0	0.0	0.0
cho-	0.101051371684	0.148381399887	0.0329931885978	0.717574039831
do⁴-	0.110554121759	0.85193849127	0.0265398678056	0.0109675191652
est-	0.0900044228218	0.836281881174	0.046439628483	0.0272740675217
nte-	0.635245901639	0.118852459016	0.176229508197	0.0696721311475
aná-	0.0283018867925	0.933962264151	0.0377358490566	0.0
ˀve-	0.459332121817	0.02049439827	0.0166682721604	0.503505207753
baa-	0.0	1.0	0.0	0.0
nat-	0.00550964187328	0.988980716253	0.00550964187328	0.0
urb-	0.0	1.0	0.0	0.0
en¹-	0.11058420138	0.712604981334	0.0617821310494	0.115028686237
naa-	0.011673151751	0.988326848249	0.0	0.0
aca-	0.0308724832215	0.967785234899	0.0	0.00134228187919
rra-	0.211930926217	0.772370486656	0.0156985871272	0.0
lat-	0.0235193500107	0.837502672653	0.0449005772931	0.0940774000427
pal-	0.374358974359	0.625641025641	0.0	0.0
an³-	0.0577541622902	0.0249802786901	0.00248790820445	0.914777650815
xon-	0.285137520381	0.629118559806	0.0286133663989	0.0571305534149
cha-	0.384286288158	0.387607978161	0.0571017971864	0.171003936495
pen-	0.0126582278481	0.974683544304	0.0126582278481	0.0
va⁴-	0.188191881919	0.763837638376	0.0442804428044	0.00369003690037
joa-	0.30325620229	0.47265625	0.127027671756	0.0970598759542
jue-	0.294715447154	0.571138211382	0.0853658536585	0.0487804878049
nje-	0.444641933397	0.418155278671	0.0870724548301	0.0501303331023
ced-	0.0483870967742	0.951612903226	0.0	0.0
so⁴-	0.233543383422	0.152205525933	0.00349006301502	0.61076102763
xin-	0.40884618117	0.218602851583	0.0454646122585	0.327086354988
med-	0.0	1.0	0.0	0.0
pel-	0.0	1.0	0.0	0.0
epi-	0.0674157303371	0.303370786517	0.629213483146	0.0
xan-	0.396677454901	0.495903446861	0.0956670739458	0.0117520242928
pue-	0.0568181818181	0.886363636364	0.0113636363636	0.0454545454545
sa³-	0.192516756437	0.0615413420729	0.0261279642225	0.719813937268
jvi-	0.0409055577147	0.756024096385	0.177030703459	0.0260396424407
nio-	0.240407632702	0.271553712434	0.0185081269514	0.469530527913
