-hey	0.2943130983	0.431550617807	0.0384341533082	0.235702130585
-het	0.464822106615	0.375924987174	0.0326598349495	0.126593071262
-eut	0.452279859701	0.294812626915	0.203064426804	0.0498430865793
-ã'ĩ	0.431327235195	0.275765063738	0.131893813032	0.161013888036
-hei	0.354609929078	0.368794326241	0.18085106383	0.0957446808511
-hee	0.328125	0.671875	0.0	0.0
-heg	0.347852780858	0.392417620727	0.0766217538726	0.183107844542
-erẽ	0.00471253534401	0.981149858624	0.00942507068802	0.00471253534401
-naĩ	0.115044247788	0.663716814159	0.0442477876106	0.176991150442
-aut	0.143166478542	0.812835456451	0.0245099168413	0.0194881481652
-akĩ	0.0	1.0	0.0	0.0
-ẽka	0.0244498777506	0.902200488998	0.0488997555012	0.0244498777506
-yti	0.282402603305	0.0997697048267	0.0294573643278	0.58837032754
-yro	0.335887930298	0.341113698463	0.0841917234092	0.23880664783
-nsi	0.0	1.0	0.0	0.0
-ẽku	0.241514517595	0.619908436744	0.0634426032003	0.0751344424608
-ãpe	0.1862933813	0.180453016453	0.0275768542855	0.605676747962
-nti	0.175238095238	0.64380952381	0.129523809524	0.0514285714286
-utã	0.0	1.0	0.0	0.0
-6.1	0.56434651978	0.304206309464	0.0	0.131447170756
-6.7	0.187695516163	0.56204379562	0.0	0.250260688217
-6.5	0.0	1.0	0.0	0.0
-nta	0.0326086956522	0.951086956522	0.0054347826087	0.0108695652174
-hep	0.452944108757	0.287412610065	0.0880711483399	0.171572132839
-6.9	0.473454545455	0.434909090909	0.0305454545455	0.0610909090909
-6.8	0.437317784257	0.551020408163	0.0	0.0116618075802
-nte	0.145419602819	0.622037155669	0.127482383088	0.105060858424
-kia	0.0511872059184	0.900399815052	0.0152310495825	0.0331819294476
-uap	0.390993469798	0.137083124906	0.0811488933131	0.390774511983
-pak	0.534504533374	0.379540442216	0.0388305592732	0.0471244651373
-uat	0.18198943343	0.314107387935	0.0912889822838	0.412614196351
-pun	0.535230561484	0.283684312406	0.0549974865214	0.126087639588
-puo	0.156847012277	0.179057042591	0.0715374634557	0.592558481677
-ntu	0.0501971137552	0.839918657129	0.0124868442177	0.0973973848981
-'at	0.353991563465	0.356342589413	0.0501706936744	0.239495153447
-puk	0.383869629182	0.511562110981	0.065336300879	0.0392319589573
-2.7	0.380743982495	0.522975929978	0.0393873085339	0.0568927789934
-nme	0.302875441647	0.265878165982	0.0923920836198	0.338854308751
-opy	0.431332240556	0.386606247799	0.110822112041	0.0712393996044
-arã	0.127659574468	0.758865248227	0.0177304964539	0.095744680851
-wãu	0.1716297237	0.711984238794	0.00748062856154	0.108905408944
-kiũ	0.199170124481	0.709543568465	0.0912863070539	0.0
-'it	0.244897959184	0.448979591837	0.0	0.30612244898
-2.9	0.409638554217	0.126506024096	0.144578313253	0.319277108434
-'in	0.138605224336	0.472045771393	0.0588603402499	0.330488664021
-opo	0.318988438893	0.423111588393	0.0682981207756	0.189601851939
-wãi	0.350252747908	0.321371625338	0.0997149797162	0.228660647038
-'ig	0.629557894737	0.285557894737	0.0848842105263	0.0
-ope	0.208853866324	0.134124762415	0.0370118900509	0.620009481211
-'ẽn	0.573148318324	0.351375359921	0.0330208907676	0.042455430987
-ũ'ẽ	0.599514563107	0.211165048544	0.145631067961	0.0436893203883
-reĩ	0.139390810532	0.845121321631	0.0	0.0154878678369
-imu	0.0573866155196	0.671431544092	0.0582641973745	0.212917643014
-ãgã	0.184397163121	0.695035460993	0.0827423167848	0.0378250591016
-iwẽ	0.364141149695	0.457677472938	0.067054575947	0.11112680142
-400	0.218829516539	0.201017811705	0.0152671755725	0.564885496183
-ima	0.0	0.969387755102	0.030612244898	0.0
-oko	0.382242875274	0.462134331569	0.0866656561787	0.0689571369783
-oki	0.15924535957	0.786996652805	0.0426006694391	0.0111573181864
-siu	0.150794485952	0.801325897085	0.0336735767652	0.0142060401979
-imi	0.245936922695	0.360553752021	0.0126446706621	0.380864654622
-imo	0.270029649035	0.299918661077	0.0868471894263	0.343204500462
-kpy	0.355032034976	0.418308656773	0.0718307794458	0.154828528806
-yha	0.341921206423	0.529178548584	0.036834151397	0.0920660935964
-ymo	0.491258501907	0.159269856364	0.154668635279	0.19480300645
-ẽpo	0.14401975128	0.817574981712	0.038405267008	0.0
-kpo	0.218019244628	0.224663683944	0.0781795303789	0.47913754105
-ẽpe	0.326114627595	0.423533556554	0.0538604716225	0.196491344228
-kpe	0.265703426804	0.573116449432	0.0734836221691	0.0876965015945
-tep	0.0	0.5	0.5	0.0
-100	0.0227577768005	0.0272885722346	0.152330280197	0.797623370768
-uta	0.117136408357	0.816635011496	0.0119956436873	0.0542329364599
-tet	0.306607929515	0.593832599119	0.0343612334802	0.0651982378855
-teu	0.0963906448616	0.728049217058	0.0746499743982	0.100910163682
-104	0.266666666667	0.610256410256	0.0307692307692	0.0923076923077
-ria	0.156060511277	0.329203550469	0.0485563398695	0.466179598385
-rin	0.143374160576	0.21141502331	0.401417609078	0.243793207036
-tey	0.227480612448	0.588785046729	0.183734340823	0.0
-uti	0.0686835650042	0.931316434996	0.0	0.0
-rik	0.342232596347	0.293525410485	0.279199767584	0.0850422255838
-a'i	0.135735142238	0.285267630504	0.0681499672989	0.510847259959
-riu	0.113212992601	0.828435745395	0.0399853072362	0.0183659547673
-rip	0.3300330033	0.51595159516	0.15401540154	0.0
-teg	0.677670871037	0.322329128963	0.0	0.0
-tei	0.202247191011	0.752808988764	0.0449438202247	0.0
-a'a	0.304110798496	0.520836943911	0.0438049629759	0.131247294617
-tek	0.437505205308	0.363692869698	0.116926937827	0.0818749871673
-tem	0.418876583311	0.20572474491	0.0945113572908	0.280887314489
-a'e	0.202610711236	0.323337806515	0.293522020251	0.180529461998
-meu	0.247507122507	0.670584045584	0.0373931623931	0.0445156695157
-are	0.165767827805	0.177123516887	0.0221255675377	0.63498308777
-e'e	0.276874166007	0.0810015081412	0.0453388619794	0.596785463873
-ara	0.221927226018	0.633268068295	0.0482992008468	0.0965055048398
-pat	0.232744243696	0.620450678508	0.0674177217703	0.0793873560259
-õ'ẽ	0.544649238072	0.246462419993	0.0688053233407	0.140083018594
-aro	0.49386888095	0.341025393454	0.0955875253451	0.069518200251
-ari	0.356355952434	0.536394425287	0.0550263442011	0.052223278078
-e'i	0.213749428199	0.283107813105	0.0772792509293	0.425863507766
-maũ	0.0	1.0	0.0	0.0
-aru	0.121076311441	0.0465152465567	0.00292834473818	0.829480097265
-e'u	0.226086956522	0.686956521739	0.0869565217391	0.0
-g'e	0.086782376502	0.654205607477	0.0253671562083	0.233644859813
-g'i	0.249795249795	0.446519246519	0.192956592957	0.110728910729
-gyt	0.379743452699	0.323156066275	0.214591127739	0.082509353287
-mei	0.0	1.0	0.0	0.0
-ary	0.430265923221	0.339493534613	0.127404162827	0.102836379339
-e'y	0.210059171598	0.387573964497	0.207100591716	0.195266272189
-tye	1.0	0.0	0.0	0.0
-tym	0.127387469445	0.652114914539	0.0195830583774	0.200914557639
-rai	0.102564102564	0.794871794872	0.051282051282	0.0512820512819
-tyi	0.267080330931	0.472044302108	0.0927408593542	0.168134507606
-tyk	0.500592492499	0.303917013606	0.0616677654262	0.133822728468
-tyt	0.427814475685	0.493400631103	0.0410598517538	0.0377250414591
-typ	0.1686797434	0.74621276413	0.0272406960171	0.0578667964525
-wuo	0.272915125482	0.474110775317	0.0665945200743	0.186379579126
-ỹry	0.466666666667	0.419047619048	0.0380952380952	0.0761904761905
-p'e	0.110547667343	0.663624070318	0.0243407707911	0.201487491548
-p'i	0.28787927814	0.370935368897	0.202869007173	0.138316345791
-nug	0.36148158996	0.259836016701	0.0600508186666	0.318631574672
-umu	0.401464098792	0.297608866692	0.00307871241405	0.297848322102
-ota	0.0228006840205	0.965798973969	0.0114003420102	0.0
-t'u	0.272727272727	0.505928853755	0.0355731225296	0.185770750988
-ote	0.131627995918	0.0545508877606	0.00987403172828	0.803947084593
-oti	0.0362471074629	0.908150596559	0.0323436027826	0.0232586931955
-oto	0.816997161279	0.0668916134932	0.0104946694448	0.105616555783
-ume	0.0381230291336	0.895420529957	0.0197674965878	0.0466889443215
-uma	0.0255558113827	0.896119258692	0.0281113925209	0.0502135374042
-oty	0.0963855421686	0.657089898054	0.0917516218721	0.154772937905
-sup	0.340672528969	0.119315045372	0.0172327841353	0.522779641524
-umi	0.272727272727	0.350649350649	0.0	0.376623376623
-epy	0.255529510556	0.487928928585	0.0361290170482	0.220412543811
-ako	0.0183652303753	0.960927664235	0.0140512500859	0.00665585530382
-.49	0.805555555556	0.12037037037	0.0	0.0740740740741
ALL	0.220314229933	0.26401812545	0.0494480405602	0.466219604057
-nai	0.0839892258719	0.825655018015	0.0732150977718	0.0171406583412
-aki	0.0199093503441	0.911901964076	0.016854121202	0.0513345643781
-nam	0.356735793569	0.38688104935	0.122257019073	0.134126138008
-kik	0.395672333849	0.518215941709	0.0596158092295	0.0264959152131
-ake	0.167377075578	0.592659426842	0.158472840581	0.0814906569985
-nag	0.470588235294	0.0	0.490196078431	0.0392156862745
-aka	0.17369294537	0.723128833764	0.0230565856685	0.0801216351981
-sit	0.616422479773	0.232852248706	0.0479626794956	0.102762592026
-sik	0.655592469546	0.236987818383	0.0808416389811	0.0265780730897
-ene	0.0193998965339	0.975426797724	0.00517330574236	0.0
-sio	0.163841395184	0.108947944685	0.0219542417597	0.705256418371
-sin	0.34404573845	0.417247105905	0.0890445637997	0.149662591845
-kiu	0.16918429003	0.818731117825	0.012084592145	0.0
-kit	0.458528769621	0.361560632952	0.0854791293317	0.094431468095
-sia	0.0464258478479	0.92296574585	0.0107982125217	0.0198101937805
-sig	0.208331633444	0.180538443337	0.52568396746	0.0854459557594
-nat	0.489473684211	0.113157894737	0.142105263158	0.255263157895
-wuk	0.31719579219	0.555090538037	0.0737646441518	0.0539490256207
-put	0.51674866796	0.329249783839	0.0679670495376	0.0860344986628
-wui	0.351464435147	0.47280334728	0.0	0.175732217573
-mot	0.017484781764	0.935241549022	0.011656521176	0.0356171480378
-iuẽ	0.378151260504	0.487394957983	0.00840336134454	0.126050420168
-w'i	0.238095238095	0.726190476191	0.0	0.0357142857143
-t'i	0.163135969134	0.247937796969	0.112194213128	0.476732020769
-mog	0.421474241199	0.353274050121	0.174542514882	0.0507091937973
-yni	0.372396215926	0.504933810286	0.087275521391	0.0353944523967
-nũg	0.0618556701031	0.876288659794	0.0618556701031	0.0
-yno	0.0670071971137	0.031697727431	0.0064925014055	0.89480257405
-kãi	0.322916666667	0.65625	0.0208333333333	0.0
-teĩ	0.0441986187792	0.0493479724233	0.0114144005779	0.89503900822
-yne	0.0679333561721	0.158518718692	0.0489340460674	0.724613879068
-moi	0.266639340902	0.610148788786	0.0708283805385	0.0523834897734
-yat	0.120161165558	0.725184789741	0.0179559787511	0.13669806595
-u'u	0.531888971404	0.282755776293	0.0685521059616	0.116803146342
-t'e	0.383334752377	0.460712359869	0.096949056336	0.0590038314177
-yap	0.0803571428572	0.841923701299	0.0507305194806	0.0269886363636
-arĩ	0.0571428571429	0.857142857143	0.0571428571428	0.0285714285714
-u'e	0.249990171371	0.201741026005	0.0274638891508	0.520804913474
-u'a	0.205928332771	0.660822119364	0.0774606872452	0.0557888606198
-u'i	0.247098366736	0.515378134305	0.130781023326	0.106742475633
-atã	0.0	1.0	0.0	0.0
-rek	0.331361861134	0.598099187338	0.0438300281339	0.0267089233941
-upu	0.0604534005037	0.848866498741	0.0302267002519	0.0604534005038
-ren	0.504925796579	0.235641470516	0.0677622809826	0.191670451922
-isi	0.0554141374584	0.926962991972	0.00234971607597	0.0152731544938
-rem	0.698529714592	0.192228491413	0.0282113586755	0.0810304353197
-rat	0.182016443163	0.0657986582388	0.0136372659867	0.738547632612
-ise	0.047619047619	0.816326530612	0.0680272108844	0.0680272108843
-rea	0.0	1.0	0.0	0.0
-k'a	0.295572916667	0.340364583333	0.3390625	0.025
-isa	0.249884986388	0.626042531877	0.0762365974051	0.0478358843293
-upy	0.249163131058	0.608257755634	0.0952862870266	0.0472928262816
-irẽ	0.257136817114	0.246293028916	0.0662118834476	0.430358270523
-a'ũ	0.0681908548708	0.916103379722	0.00437375745527	0.0113320079523
-upe	0.231169474727	0.729022134126	0.0175090849025	0.0222993062438
-eiẽ	0.251611573897	0.234598063168	0.0394430871574	0.474347275778
-upa	0.108108108108	0.810810810811	0.0810810810811	0.0
-imĩ	0.0	1.0	0.0	0.0
-upo	0.347125825115	0.4654329095	0.0697455871197	0.117695678265
-rep	0.403593734555	0.344325922651	0.041313296038	0.210767046757
-põi	0.267857142857	0.72193877551	0.0102040816327	0.0
-reu	0.0424816473291	0.914820301966	0.0208912489804	0.0218068017246
-ĩ'ã	0.18483817313	0.362645411892	0.107282366221	0.345234048757
-hag	0.247392210664	0.556400859956	0.0666622143723	0.129544715008
-.34	0.590361445783	0.301204819277	0.10843373494	0.0
-map	0.212465571905	0.205909491401	0.478670190994	0.1029547457
-hak	0.40116956658	0.328454720782	0.157589938327	0.112785774312
-mau	0.430668841762	0.42251223491	0.0587275693311	0.0880913539968
-.31	0.213581599124	0.720700985761	0.0	0.065717415115
-han	0.440863229873	0.396925465449	0.103990994422	0.0582203102572
-.33	0.25	0.375	0.197368421053	0.177631578947
-mai	0.273861613764	0.467220409374	0.0876038267576	0.171314150104
-mak	0.55010179455	0.394248270841	0.0311113807655	0.0245385538432
-hat	0.181014245428	0.0515524326871	0.00258367022845	0.764849651657
-man	0.112389615951	0.828672276977	0.0232060091313	0.0357320979404
-hay	0.268010520312	0.316354833808	0.0412463034777	0.374388342402
-4.4	0.216216216216	0.459459459459	0.108108108108	0.216216216216
-uno	0.32	0.44	0.24	0.0
-uni	0.0634920634921	0.777777777778	0.0	0.15873015873
-8.2	0.306193458594	0.427974947808	0.140570633264	0.125260960334
-kun	0.214569536424	0.785430463576	0.0	0.0
-se'	0.0	1.0	0.0	0.0
-une	0.655913978495	0.258064516129	0.0258064516129	0.0602150537634
-ung	0.238317031517	0.468095016302	0.214252445272	0.0793355069089
-una	0.110151187905	0.77969762419	0.0323974082074	0.0777537796977
-toĩ	0.350583733935	0.354497094956	0.0766866149972	0.218232556112
-hik	0.366954696659	0.490918803223	0.057065010003	0.0850614901148
-nka	0.642032332564	0.267898383372	0.041570438799	0.0484988452656
-666	0.0705150665733	0.800192711983	0.0919761737912	0.0373160476524
-gag	0.502455400921	0.368279373479	0.102346186533	0.0269190390672
-500	0.0782122905028	0.117318435754	0.167597765363	0.63687150838
-ũpa	0.0	1.0	0.0	0.0
-nop	0.0528138528138	0.341125541125	0.557575757576	0.0484848484849
-ini	0.233129152226	0.470593314988	0.121783284015	0.174494248771
-sem	0.238193515039	0.280626051839	0.0643448046025	0.416835628519
-sei	0.137528744541	0.758821307006	0.0456597884628	0.0579901599907
-ina	0.117673512217	0.828361564983	0.00749512816668	0.0464697946335
-ywi	0.241520423233	0.514941243381	0.216246098557	0.0272922348295
-ywo	0.123338847737	0.110040460094	0.0433385924275	0.723282099742
-ohy	0.318724047843	0.538905728176	0.0510758913101	0.091294332671
-noĩ	0.308464849354	0.315638450502	0.00860832137733	0.367288378766
-naũ	0.0	1.0	0.0	0.0
-uim	0.370205173952	0.603033006244	0.0	0.0267618198037
-oha	0.783333333333	0.183333333333	0.0333333333333	0.0
-sey	0.444444444444	0.555555555556	0.0	0.0
-upi	0.243517927793	0.12195793988	0.0406949641678	0.593829168159
-ywy	0.26553500274	0.115968347141	0.0163248775633	0.602171772556
-set	0.207194914664	0.674561689312	0.0283327293084	0.0899106667152
-inu	0.367936925099	0.61629434954	0.0157687253613	0.0
-sep	0.484303520066	0.32254759622	0.119709628818	0.0734392548966
-iag	0.0860564776502	0.694857294504	0.11176464988	0.107321577966
-kup	0.241695205642	0.204900009714	0.284693292436	0.268711492207
-iam	0.287293144499	0.390799912282	0.0993415405914	0.222565402628
-ian	0.354909819639	0.223219772879	0.347989311957	0.0738810955244
-n'ẽ	0.286474010905	0.282087492355	0.348156680687	0.0832818160526
-iat	0.214784122419	0.172124682407	0.0512394884927	0.561851706681
-kue	0.399792683838	0.234675917511	0.0458370935608	0.31969430509
-nem	0.169593174618	0.442821743358	0.296151312694	0.0914337693297
-neg	0.0968185812099	0.772476334157	0.0835557618661	0.0471493227673
-gha	0.50046138074	0.319780456366	0.121582228667	0.0581759342268
-kui	0.0	1.0	0.0	0.0
-eka	0.0610886876841	0.763281335224	0.175629977092	0.0
-hog	0.316568047337	0.60650887574	0.0710059171597	0.00591715976331
-eke	0.503679847033	0.164068637845	0.0293834445883	0.302868070533
-iũe	0.287310454908	0.393455706305	0.287310454908	0.0319233838787
-hok	0.320166320166	0.621621621622	0.058212058212	0.0
-iũg	0.0758054327227	0.535691724574	0.388502842704	0.0
-wyt	0.168538527032	0.671385708306	0.0709020289435	0.0891737357185
-mõi	0.39980490524	0.411092530658	0.125418060201	0.0636845039018
-wyp	0.526998961578	0.426272066459	0.0311526479751	0.0155763239875
-hop	0.262089595893	0.665509408459	0.0326356776495	0.0397653179977
-otã	0.108344122736	0.0476434578631	0.0194224790998	0.824589940301
-wyk	0.259030718141	0.447718786573	0.162868812744	0.130381682542
-eku	0.0764338452871	0.570964132224	0.322934030066	0.0296679924228
-ra'	0.0946515831046	0.714170961912	0.0955887274918	0.0955887274918
-i'o	0.347946768688	0.245265709894	0.0448653825417	0.361922138876
-ase	0.0	1.0	0.0	0.0
-ã'ã	0.339070288025	0.462203278427	0.144911569307	0.0538148642414
-asa	0.678846480886	0.168203999559	0.0321281782985	0.120821341256
-aso	0.0358056265984	0.704603580563	0.0613810741687	0.19820971867
-asi	0.037899296156	0.932773867533	0.0175961017867	0.0117307345244
-k'e	0.488459521708	0.199405938258	0.0447077792914	0.267426760742
-asu	0.24210402163	0.653218931537	0.0868165714397	0.0178604753935
-nyt	0.115796610169	0.785175141243	0.0759322033898	0.0230960451978
-'ẽg	0.259006815969	0.36611489776	0.234664070107	0.140214216164
-po'	0.641566064163	0.190355499233	0.0	0.168078436604
-ape	0.0208610933561	0.0171315068439	0.0048406111976	0.957166788602
-tẽm	0.798113207547	0.0207547169811	0.135849056604	0.0452830188679
-iwu	0.110992746447	0.478430448864	0.0953379192205	0.315238885469
-ray	0.249076733689	0.500615510874	0.0533442757489	0.196963479688
-430	0.314285714286	0.171428571429	0.0380952380952	0.47619047619
-rau	0.17545325424	0.82454674576	0.0	0.0
-eru	0.174210924095	0.732828459183	0.0220946314192	0.0708659853036
-rap	0.285408425634	0.393398797278	0.126940393064	0.194252384024
-tãg	0.461794019934	0.498338870432	0.0398671096346	0.0
-ran	0.290627325799	0.0698120063336	0.0252278304856	0.614332837382
-eri	0.315281256139	0.374506844019	0.0820908664843	0.228121033358
-iwa	0.0476003051049	0.869183938408	0.0427903005208	0.0404254559665
-ahi	0.090757917298	0.715235948413	0.168138649717	0.0258674845719
-iwe	0.129032258064	0.870967741936	0.0	0.0
-ero	0.467715936337	0.255424152691	0.225201732929	0.0516581780432
-muẽ	0.341673182174	0.395621579359	0.1657544957	0.0969507427677
-era	0.253005978833	0.681720523812	0.0345565574232	0.0307169399317
-iwo	0.0151400454201	0.887963663891	0.0938682816048	0.00302800908403
-ere	0.265056299117	0.480955983474	0.0462111177046	0.207776599704
-ata	0.0224838889721	0.925542151795	0.0238118579745	0.0281621012584
-pot	0.21672709507	0.592910936057	0.0581681534112	0.132193815462
-pok	0.50677935407	0.210276533	0.0583458331051	0.224598279825
-poi	0.446741862425	0.355024891817	0.0750112272834	0.123222018475
-ẽ'ã	0.362117475425	0.382576678592	0.187571641947	0.0677342040363
-pog	0.6875	0.09375	0.0625	0.15625
-ika	0.187901231456	0.502641055173	0.164132380567	0.145325332804
-iko	0.250373190227	0.604219178737	0.0575748040963	0.0878328269388
-aat	0.1607442192	0.744541315769	0.0380632172139	0.0566512478178
-iki	0.242774566474	0.757225433526	0.0	0.0
-noi	0.375831038978	0.241027883322	0.0274047745766	0.355736303123
-iku	0.126061016908	0.81545429731	0.0306533326534	0.0278313531284
-eiũ	0.271131037834	0.279391302427	0.0395344214502	0.409943238289
-isu	0.0	0.966101694915	0.0338983050847	0.0
-pyp	0.0951704545455	0.811079545455	0.0937499999999	0.0
-myp	0.276599355167	0.68182589513	0.0356354997455	0.00593924995757
-ypy	0.0830605483359	0.227186439656	0.0557171575908	0.634035854417
-pyt	0.167285572571	0.617036272367	0.0705394115345	0.145138743527
-pã'	0.844054580897	0.155945419103	0.0	0.0
-pyy	0.191044776119	0.699502487562	0.0855721393035	0.0238805970149
-aha	0.0714285714286	0.928571428571	0.0	0.0
-pya	0.150171233752	0.134181704484	0.023669289176	0.691977772589
-ahy	0.166099819201	0.486413754914	0.34001426907	0.00747215681503
-myi	0.179691193037	0.180875173952	0.0213381635042	0.618095469506
-pyi	0.109667326066	0.0940066457346	0.0306573041404	0.765668724059
-myk	0.490712074303	0.407120743034	0.0835913312694	0.0185758513932
-pyk	0.408637268372	0.281333440179	0.130964319745	0.179064971704
-sut	0.269216986203	0.489383623007	0.038971510482	0.202427880308
-ahu	0.238147150037	0.225103750806	0.271461920445	0.265287178711
-9.8	0.234806629834	0.549723756906	0.165745856354	0.0497237569061
-9.9	0.340788072417	0.621938232162	0.00532481363152	0.0319488817892
-sap	0.351176427973	0.345371580635	0.076294611563	0.227157379829
-sau	0.15244717839	0.703129178925	0.112329499866	0.032094142819
-sat	0.405097578732	0.223581017309	0.0653199026392	0.30600150132
-9.1	0.428571428571	0.516717325228	0.0182370820669	0.0364741641337
-'up	0.279683783674	0.452110518055	0.0726178682339	0.195587830036
-k'i	0.480131384041	0.357365761694	0.0883212234407	0.0741816308249
-tok	0.172168218261	0.678105390933	0.0202147758754	0.12951161493
-yky	0.382703777336	0.498011928429	0.0298210735587	0.0894632206759
-'ut	0.289719626168	0.654205607477	0.0560747663551	0.0
-1.1	0.3825717322	0.3825717322	0.0318809776833	0.202975557917
-yke	0.335761076868	0.417908178778	0.0680505265485	0.178280217806
-1.5	0.404494382022	0.52808988764	0.0	0.0674157303371
-yka	0.278797996661	0.479131886477	0.158597662771	0.0834724540901
-sak	0.29739493552	0.501191920681	0.0289537169554	0.172459426844
-1.9	0.572815533981	0.427184466019	0.0	0.0
-ũpe	0.273119399185	0.168459827523	0.0130891497958	0.545331623496
-ohũ	0.203803649447	0.733658870899	0.0308404009252	0.0316970787287
-rot	0.358628785897	0.36367389341	0.1423192615	0.135378059192
-kag	0.162901934805	0.58627587647	0.0630388919178	0.187783296807
-rop	0.485971943888	0.466075007157	0.0128829086745	0.0350701402806
-rog	0.342372881356	0.596610169492	0.0203389830508	0.0406779661017
-anu	0.0386120134699	0.818638756253	0.0972819220777	0.0454673081991
-py'	0.091533180778	0.839816933638	0.0686498855836	0.0
-get	0.459897610922	0.345563139932	0.080204778157	0.11433447099
-ieu	0.152391662775	0.795572159692	0.033451828414	0.0185843491189
-pãi	0.242390384445	0.0686081997643	0.0427659582439	0.646235457547
-ipi	0.0266920139484	0.951064641095	0.0100578603284	0.0121854846286
-ipo	0.169238475178	0.541846406801	0.0576022189735	0.231312899047
-win	0.0	1.0	0.0	0.0
-ipa	0.0299843158963	0.946028231387	0.0138389150291	0.010148537688
-ewy	0.139848797752	0.0551173380937	0.046252754659	0.758781109495
-ipe	0.126126133411	0.080115906243	0.016947895598	0.776810064748
-oke	0.375434685582	0.572438845676	0.026063234371	0.026063234371
-ewe	0.422370617696	0.479131886477	0.0634390651085	0.0350584307179
-ipy	0.0566252317327	0.780608832689	0.0681166400399	0.0946492955386
-ewa	0.332334399072	0.559213756239	0.040660614775	0.0677912299132
-ewo	0.626035897072	0.220493239092	0.0622770559544	0.0911938078813
-ewi	0.255603112285	0.425436296404	0.0623766039908	0.25658398732
-ipu	0.0860244418652	0.761589403974	0.0669078992285	0.0854782549328
-hap	0.0213952229796	0.0204769751967	0.000349664768551	0.957778137055
-awi	0.199624389533	0.192510594469	0.0184869902456	0.589378025752
-ite	0.444322860367	0.257288531979	0.0975342514674	0.200854356186
-awa	0.233713344121	0.397388986075	0.0126741132329	0.356223556571
-aig	0.166666666667	0.333333333333	0.5	0.0
-awe	0.21768295888	0.115355649266	0.0151099755044	0.65185141635
-awy	0.305567443489	0.650780064584	0.0	0.043652491927
-ese	0.161902430772	0.168212305855	0.0584989800116	0.611386283361
-mam	0.928018223235	0.0719817767654	0.0	0.0
-awu	0.0	1.0	0.0	0.0
-ety	0.00554938956714	0.994450610433	0.0	0.0
-y'e	0.317389792171	0.416175674818	0.0751560285644	0.191278504446
-276	0.0	0.0961538461539	0.0	0.903846153846
-pke	0.78550492939	0.21449507061	0.0	0.0
-ẽ'ẽ	0.169678546068	0.485757501925	0.21341616899	0.131147783017
-erũ	0.04	0.96	0.0	0.0
-9.6	0.404761904762	0.428571428571	0.142857142857	0.0238095238095
-5.5	0.691056910569	0.113821138211	0.0	0.19512195122
-5.7	0.288617886179	0.560975609756	0.0487804878049	0.10162601626
-tin	0.41935483871	0.193548387097	0.309677419355	0.0774193548387
-5.2	0.147887323944	0.830985915493	0.0211267605634	0.0
-5.3	0.308219178082	0.568493150685	0.0821917808219	0.041095890411
-3.1	0.193548387097	0.564516129032	0.0604838709677	0.181451612903
-3.6	0.212436774769	0.757215114549	0.0303481106813	0.0
-3.7	0.45245398773	0.501533742331	0.0460122699387	0.0
-3.4	0.285110876452	0.598732840549	0.0633579725449	0.052798310454
-3.5	0.747443762781	0.150306748466	0.102249488753	0.0
-hyp	0.34767579799	0.446576361314	0.093182022881	0.112565817815
-hyt	0.2652396383	0.194644293895	0.0262765182048	0.513839549601
-asĩ	0.0297239915074	0.762208067941	0.193205944798	0.0148619957537
-eyi	0.164420485175	0.835579514825	0.0	0.0
-hyk	0.491182146034	0.264199115787	0.152218418725	0.0924003194537
-hon	0.223306118121	0.437993244164	0.338700637714	0.0
-ium	0.404975138249	0.385135104155	0.0785657562054	0.13132400139
-ihi	0.194246547591	0.646858223318	0.125806124861	0.0330891042307
-iok	0.486722595854	0.358871247313	0.10088053803	0.0535256188033
-urĩ	0.0	1.0	0.0	0.0
-mug	0.138211382114	0.788617886179	0.0	0.0731707317073
-'um	0.433962264151	0.339622641509	0.188679245283	0.0377358490566
-ũka	0.292592592593	0.655555555556	0.0518518518519	0.0
-ehĩ	0.214228140684	0.166010138091	0.0227406707029	0.597021050522
-muo	0.226147325877	0.261204971218	0.0781005937736	0.434547109131
-yte	0.025789515091	0.0195141535707	0.00962618766099	0.945070143677
-mui	0.0	0.955555555556	0.0444444444445	0.0
-ũki	0.355460385439	0.284796573876	0.115631691649	0.244111349036
-mut	0.510942882721	0.316970573949	0.0799064558552	0.0921800874746
-yty	0.262222222222	0.444444444444	0.173333333333	0.12
-ytu	0.0215809072444	0.90923324306	0.0385071090048	0.0306787406906
-iot	0.753347719003	0.0807854055292	0.0504157089195	0.115451166548
-'yn	0.234330997556	0.0148326944759	0.00501524258933	0.745821065379
-'ym	0.0387495402869	0.0407702680705	0.278646403788	0.641833787855
-etũ	0.0	1.0	0.0	0.0
-uwa	0.110150402773	0.857780492623	0.009760162271	0.0223089423337
-'yi	0.299271438467	0.50876447896	0.044908018334	0.14705606424
-.28	0.103448275862	0.896551724138	0.0	0.0
-.25	0.546639919759	0.423269809428	0.0300902708124	0.0
-.23	0.411792232101	0.288722508189	0.0280767430978	0.271408516612
-.22	0.284763201695	0.472386140112	0.145256468452	0.0975941897413
-'yt	0.225047051735	0.538035815222	0.0657589291008	0.171158203942
-'ĩa	0.383812010444	0.287206266319	0.0861618798955	0.242819843342
-'yp	0.289107198939	0.568500796787	0.022429407887	0.119962596387
-urũ	0.130434782609	0.817391304348	0.0347826086957	0.0173913043478
-120	0.0350877192982	0.228070175439	0.0	0.736842105263
-ehũ	0.401746724891	0.518195050946	0.00849102377485	0.0715672003881
-wat	0.183524382992	0.244825039095	0.0254109818409	0.546239596073
-yot	0.317195325543	0.53756260434	0.0651085141903	0.0801335559265
-yok	0.376947040498	0.292834890966	0.0	0.330218068536
-490	0.0561797752809	0.0898876404494	0.0224719101124	0.831460674157
-tap	0.190325947823	0.694304566213	0.034975866652	0.0803936193118
-'en	0.313262201315	0.163023407017	0.0400525437288	0.483661847939
-'ãm	0.68365222394	0.162423066002	0.029825619351	0.124099090708
-'ãg	0.469089171189	0.318899991247	0.0712259496793	0.140784887884
-pei	0.663770250368	0.29646539028	0.00883652430044	0.0309278350515
-pet	0.0	1.0	0.0	0.0
-peu	0.106399449101	0.808662408282	0.0292546244628	0.0556835181535
-153	0.0291262135922	0.0	0.0582524271845	0.912621359223
-pep	0.15478682384	0.806654180897	0.0198303404208	0.0187286548419
-'ãu	0.0633165419289	0.864671061862	0.0358730902914	0.0361393059173
-hot	0.280290114388	0.556098160732	0.133587647626	0.030024077254
-sym	0.49104180491	0.333775713338	0.131386861314	0.0437956204379
-ity	0.236179721415	0.539473807003	0.12820971569	0.0961367558925
-itu	0.134633259109	0.733632015241	0.0661819323477	0.0655527933025
-esu	0.137163416955	0.773746946207	0.0303623874424	0.0587272493953
-est	0.675994108984	0.176730486009	0.103092783505	0.0441826215022
-ito	0.240978849293	0.155542319185	0.0272290559681	0.576249775554
-esi	0.0	1.0	0.0	0.0
-eso	0.335169364831	0.397467386878	0.136791959065	0.130571289226
-iti	0.186048161991	0.368003974074	0.301012442636	0.144935421299
-esa	0.122157629816	0.845610119738	0.0194953127698	0.0127369376763
-syp	0.408470566586	0.488179537657	0.0448673371056	0.0584825586518
-aku	0.296822590919	0.138550872354	0.0763837200619	0.488242816665
-wo'	0.166654343808	0.572495378928	0.0310536044362	0.229796672828
-ita	0.0548184479876	0.902312293811	0.0125651274039	0.0303041307976
-ko'	0.401206636501	0.357466063348	0.241327300151	0.0
-m'i	0.0942934117071	0.655890276757	0.140419626092	0.109396685444
-m'e	0.360557874161	0.555761001638	0.0228221247821	0.0608589994188
-ute	0.366459627329	0.633540372671	0.0	0.0
-o'u	0.501715764809	0.377199153425	0.105338591313	0.015746490454
-o'i	0.104027839526	0.139265049959	0.0144859899241	0.742221120591
-n'a	0.619047619048	0.309523809524	0.0238095238095	0.047619047619
-ẽie	0.722222222222	0.0833333333333	0.138888888889	0.0555555555556
-n'e	0.29928685554	0.507267838354	0.123611706481	0.0698335996259
-o'o	0.181012708976	0.475203463898	0.133303932967	0.210479894159
-n'i	0.232081911263	0.559726962458	0.0853242320818	0.122866894198
-m'u	0.320754716981	0.0	0.0	0.679245283019
-o'e	0.678754332488	0.0714175905191	0.00901468491349	0.240813392079
-tpe	0.204526372287	0.189416223976	0.0641942312636	0.541863172474
-hum	0.441708321617	0.335154687577	0.101371558972	0.121765431835
-hun	0.235089084528	0.495893517293	0.239305028828	0.0297123693512
-rẽi	0.0310326240894	0.918315746431	0.0106780198318	0.0399736096477
-rãu	0.034979296163	0.920657121116	0.0191018468442	0.0252617358768
-wop	0.133421787541	0.558814995708	0.157086814077	0.150676402674
-hug	0.183486238532	0.743119266055	0.0183486238532	0.0550458715596
-wot	0.0830027705384	0.775390464025	0.0338662016492	0.107740563788
-keĩ	0.438697951091	0.250660938533	0.079312623926	0.231328486451
-uto	0.230494706119	0.0955897306988	0.038107961851	0.635807601331
-woo	0.328767123288	0.424657534247	0.246575342466	0.0
-hut	0.30526058571	0.412314833511	0.0681602583722	0.214264322407
-huu	0.153293995985	0.68678356135	0.0514374608906	0.108484981774
-uot	0.0662868979803	0.122734334542	0.476954945624	0.334023821854
-hup	0.0908563758192	0.518589888862	0.371415405168	0.0191383301511
-rão	0.55737704918	0.311475409836	0.0819672131148	0.0491803278688
-tug	0.0272727272727	0.263636363636	0.436363636364	0.272727272727
-tui	0.131515606905	0.504776859944	0.350422587319	0.0132849458321
-tuk	0.563212563011	0.317191533833	0.0142689368659	0.10532696629
-koi	0.337504904904	0.487683250319	0.0508901427407	0.123921702036
-tum	0.550826372466	0.182753273009	0.0468098359164	0.219610518608
-kok	0.293987107597	0.447001502163	0.0700458777739	0.188965512466
-oru	0.0745128064543	0.839648108605	0.0447242791525	0.0411148057886
-tup	0.247200958638	0.210832046707	0.0696312266366	0.472335768019
-tut	0.73053649888	0.0657226790117	0.0159700341181	0.18777078799
-oro	0.359891224323	0.278169255908	0.066566984325	0.295372535445
-sok	0.275185570008	0.290913372601	0.116108310699	0.317792746692
-rok	0.549399666801	0.376285402424	0.0470155684494	0.0272993623255
-aiũ	0.324561403509	0.491228070175	0.0526315789474	0.131578947368
-ore	0.329111881907	0.357263854158	0.231346293458	0.0822779704767
-owi	0.166595772998	0.722862294919	0.0743731129454	0.0361688191376
-yhu	0.479324894515	0.26582278481	0.2	0.0548523206751
-rup	0.418905201974	0.250697001553	0.213432697918	0.116965098556
-utu	0.162260146786	0.730303298258	0.0176850296224	0.0897515253338
-rut	0.633918782982	0.235390565743	0.0479728021431	0.0827178491315
-ruk	0.456324855437	0.386134126237	0.0487214766252	0.108819541701
-rui	0.31414963512	0.483745197445	0.13844999659	0.0636551708459
-.67	0.132118451025	0.70159453303	0.136674259681	0.0296127562642
-rum	0.13506689669	0.316602373777	0.351198365159	0.197132364374
-ryp	0.0698551532851	0.771928794705	0.122466650035	0.0357494019753
-uwẽ	0.223062875033	0.560396556222	0.0472214975215	0.169319071224
-rue	0.0622729631552	0.87545407369	0.0	0.0622729631552
-i'ã	0.0	0.869565217391	0.0652173913043	0.0652173913043
-uty	0.160278745645	0.547038327526	0.189547038327	0.103135888502
-kap	0.18728507074	0.537301906364	0.0747711065155	0.20064191638
-owo	0.440553687158	0.189417011879	0.021795297412	0.348234003551
-peĩ	0.23066560868	0.208632429739	0.0602867634847	0.500415198096
-owa	0.309951333357	0.443924810942	0.108685819734	0.137438035966
-õpe	0.502802574216	0.306933776209	0.132239983392	0.0580236661823
-moĩ	0.336276306004	0.32483266	0.0590062997064	0.27988473429
-kĩu	0.0	0.833333333333	0.0	0.166666666667
-uri	0.204938271605	0.745679012346	0.0148148148148	0.0345679012346
-ĩke	0.40846583584	0.290932531156	0.04512247529	0.255479157714
-kyt	0.106701505423	0.680835328053	0.0805602666031	0.13190289992
-ura	0.179661016949	0.413559322034	0.25593220339	0.150847457627
-ewẽ	0.252403846154	0.395032051282	0.0673076923076	0.285256410256
-õti	0.265190078169	0.347946861088	0.24967039357	0.137192667173
-ure	0.51408772743	0.28194792634	0.0842301983826	0.119734147847
-eha	0.170901651237	0.63763141425	0.090104239361	0.101362695152
-kyi	0.43161268556	0.312483130904	0.142712550607	0.113191632928
-ehu	0.572043010753	0.298924731183	0.0258064516129	0.103225806452
-uru	0.0949821203016	0.694243138153	0.0121648212929	0.198609920252
-imẽ	0.158705701079	0.785824345146	0.0184899845917	0.0369799691834
-pai	0.239103788086	0.457694387728	0.0136310514523	0.289570772734
-apa	0.0778840433809	0.889168535212	0.0164737107033	0.0164737107033
-pan	0.247134670487	0.731375358166	0.0	0.0214899713467
-wap	0.779557761733	0.139214801444	0.0812274368231	0.0
-api	0.0651645681467	0.880715705765	0.0	0.0541197260879
-apo	0.19857690937	0.116995661974	0.0117391673876	0.672688261268
-uãu	0.0	1.0	0.0	0.0
-pag	0.500082922239	0.319959018013	0.0570881318655	0.122869927882
-pay	0.203883495146	0.643203883495	0.122330097087	0.0305825242718
-apu	0.0931034482758	0.855172413793	0.0206896551724	0.0310344827586
-pap	0.353578400564	0.386258951869	0.104697336304	0.155465311263
-wan	0.426799434033	0.401754156063	0.0293035410168	0.142142868887
-apy	0.262109593172	0.452278359776	0.116605470102	0.169006576949
-wak	0.560017399085	0.309417146842	0.0449623874308	0.0856030666427
-wai	0.205966947789	0.707063813192	0.0543070248136	0.0326622142056
-nuk	0.403536749668	0.477837839506	0.0343182021728	0.0843072086528
-ken	0.15271346932	0.478496642056	0.0905184999791	0.278271388645
-suu	0.101893459742	0.805530316735	0.0512098531444	0.0413663703789
-ũtu	0.0294117647059	0.941176470588	0.0294117647059	0.0
-ywa	0.0838988089538	0.7937294476	0.102903511534	0.0194682319119
-sop	0.205861329521	0.606862044317	0.174410293066	0.0128663330951
-t'n	0.242774566474	0.566473988439	0.0346820809249	0.156069364162
-keu	0.161037630683	0.760401916182	0.0500888795155	0.0284715736194
-ket	0.43228840278	0.334098640461	0.0699383140662	0.163674642692
-suk	0.272735730567	0.662045866865	0.0373075312834	0.0279108712844
-sui	0.012739572251	0.551564570509	0.00197193880371	0.433723918437
-ũti	0.32619266538	0.60931746899	0.0431789597088	0.0213109059208
-omã	0.7805907173	0.143459915612	0.0759493670886	0.0
-sue	0.229180560991	0.671276367064	0.0509290135535	0.048614058392
-ũte	0.0	1.0	0.0	0.0
-t'a	0.303913405496	0.450457951707	0.245628642798	0.0
-ỹ'ã	0.431724946279	0.324672787654	0.109396366478	0.13420589959
-i'a	0.169406180326	0.695089796213	0.084687399563	0.0508166238978
-ãti	0.207641440118	0.765907421014	0.0264511388685	0.0
-i'e	0.296438925895	0.211537531879	0.0453764137523	0.446647128474
-i'i	0.0470950482894	0.0108992610737	0.00184540385122	0.940160286786
-koĩ	0.583572453372	0.375538020086	0.0215208034434	0.019368723099
-ãty	0.0702218801082	0.769858279073	0.115426090533	0.0444937502857
-i'u	0.395897694784	0.402967679531	0.0696586879556	0.131475937729
-aeu	0.0322580645161	0.903225806452	0.0645161290322	0.0
-see	0.264259549974	0.578754578755	0.133437990581	0.0235478806907
-'ok	0.370219258316	0.422972979143	0.0842437516897	0.122564010851
-iha	0.0778688524591	0.542760771797	0.327506165675	0.0518642100682
-ĩpo	0.12676056338	0.739436619718	0.133802816901	0.0
-uku	0.124664365171	0.806290755658	0.0460299194476	0.0230149597238
-nu'	0.0	1.0	0.0	0.0
-ĩpa	0.0	0.929961089494	0.0700389105058	0.0
-som	0.208752636184	0.0569684664795	0.0239907126652	0.710288184671
-'og	0.154108802798	0.0654908389464	0.237145899911	0.543254458345
-tpo	0.209903218592	0.240243639795	0.259911043121	0.289942098492
-uka	0.402001955891	0.314413032791	0.0555450982602	0.228039913058
-uki	0.253443470534	0.636769398554	0.0825221149574	0.0272650159551
-ihy	0.366563347696	0.451722900939	0.0973966037752	0.0843171475902
-uko	0.3325552266	0.490662719198	0.120416761558	0.056365292644
-tãu	0.0417434200256	0.876494739143	0.0212307596241	0.0605310812077
-aiu	0.0582444626743	0.749794913864	0.0541427399508	0.137817883511
-tiu	0.200645301207	0.503635904949	0.0511660123661	0.244552781478
-ora	0.0	0.991202346041	0.0	0.00879765395894
-tip	0.600989164012	0.325063623413	0.0403348432223	0.0336123693519
-'ỹi	0.193382191312	0.751840475071	0.0304217668887	0.0243555667284
-y'u	0.383238788668	0.36097495424	0.132816842557	0.122969414536
-y'y	0.108592618136	0.786546659693	0.00658549455432	0.0982752276167
-myẽ	0.432802522089	0.474946144483	0.0503189091426	0.0419324242855
-y'a	0.221679973244	0.416306475658	0.0781543014723	0.283859249625
-tig	0.183632568934	0.319013031298	0.394458245696	0.102896154073
-aia	0.184823184111	0.627412500648	0.043836681268	0.143927633973
-tia	0.276470837757	0.459068910265	0.0519545671971	0.212505684781
-ihũ	0.272740502795	0.52653554787	0.0536585107706	0.147065438564
-y'i	0.338902931745	0.261202174523	0.0946459961205	0.305248897612
-eme	0.0	1.0	0.0	0.0
-uwe	0.121220503102	0.206452408194	0.0116594006938	0.660667688011
-ema	0.0132743362832	0.977876106195	0.0	0.00884955752212
-irũ	0.0	1.0	0.0	0.0
-a'ẽ	0.0322580645161	0.870967741935	0.0645161290323	0.0322580645161
-uwo	0.462962962963	0.388888888889	0.0740740740741	0.0740740740741
-emo	0.261053972717	0.108475615039	0.0621927149104	0.568277697334
-emi	0.399361022364	0.523961661342	0.0	0.0766773162939
-260	0.0	0.114130434783	0.0163043478261	0.869565217391
-emu	0.154400997885	0.776994414014	0.0303704105429	0.0382341775585
-uwu	0.356054530874	0.481154771452	0.130713712911	0.0320769847634
-asũ	0.0555864369094	0.887159533074	0.0155642023346	0.0416898276821
-uwy	0.356697983702	0.458684386352	0.103760908227	0.0808567217196
-ũ'ã	0.182640144665	0.334538878843	0.119349005425	0.363471971067
-450	0.0	0.207547169811	0.0377358490566	0.754716981132
-'eĩ	0.857664233577	0.142335766423	0.0	0.0
-oho	0.430079779376	0.309115532355	0.193238451689	0.0675662365803
-inã	0.0	1.0	0.0	0.0
-iyp	0.197869101979	0.593607305936	0.1400304414	0.068493150685
-at'	0.560602350637	0.439397649363	0.0	0.0
-pua	0.817857142857	0.0535714285714	0.075	0.0535714285714
-etu	0.187421195161	0.682572606627	0.0455310169034	0.0844751813088
-000	0.101009847056	0.195784621831	0.0261470773099	0.677058453803
-sãu	0.0	1.0	0.0	0.0
-eta	0.0771128932758	0.79919802591	0.098704503393	0.0249845774214
-ete	0.112979173223	0.0834866823508	0.0316631673053	0.771870977121
-eti	0.0	1.0	0.0	0.0
-eto	0.413422093001	0.105172009251	0.0292658366934	0.452140061055
-'ag	0.130749540728	0.365168081085	0.181646192494	0.322436185693
-.18	0.330175646339	0.376258140912	0.10637458062	0.187191632129
-atu	0.130586568657	0.557255522006	0.192406903021	0.119751006316
-.12	0.282141106299	0.647714274042	0.0260437944277	0.0441008252308
-tõi	0.661764705882	0.117647058824	0.132352941176	0.0882352941176
-'am	0.470619825135	0.278966553499	0.0523711962099	0.198042425156
-.11	0.473840665874	0.385850178359	0.0832342449464	0.0570749108205
-.16	0.376592476584	0.425232659699	0.198174863717	0.0
-.14	0.159411404047	0.513590844063	0.302472920499	0.0245248313918
-.15	0.392540427752	0.372717788211	0.0	0.234741784038
-300	0.0834879406308	0.378478664193	0.231910946197	0.30612244898
-wei	0.399529394393	0.357278800325	0.0930273257515	0.150164479531
-ate	0.0360605817774	0.952720570559	0.0112188476641	0.0
-wen	0.221559976444	0.0808454740264	0.0443868959504	0.653207653579
-.13	0.1921875	0.7046875	0.02109375	0.08203125
-ky'	0.108843537415	0.727891156463	0.0816326530613	0.0816326530611
