-ↄli	0.463695321508	0.0857331637651	0.0252380960699	0.425333418657
-ↄla	0.0698933492676	0.872432997318	0.023280538246	0.0343931151688
-iva	0.0	0.988846156632	0.0	0.0111538433682
-ufu	0.165764790849	0.579500097312	0.0680749560922	0.186660155746
-ŋbu	0.135558883115	0.733374438474	0.0561085175725	0.0749581608385
-ↄkↄ	0.0267909428069	0.0649033769276	0.0939878977162	0.814317782549
-isↄ	0.198491483047	0.601595029542	0.123543342527	0.076370144884
-oyi	0.0	0.976470588235	0.0	0.0235294117647
-nsi	0.181645704288	0.559427649054	0.100849113855	0.158077532802
-zii	0.113649864814	0.566275005708	0.0431746543393	0.276900475138
--zu	0.709486166008	0.177865612648	0.0118577075099	0.100790513834
-nti	0.0458789923695	0.0415906130943	0.00545861057993	0.907071783956
-puu	0.0354877786938	0.869178468159	0.00690452598017	0.0884292271674
-nta	0.035	0.8	0.04	0.125
-aah	0.105769230769	0.548076923077	0.0	0.346153846154
-pun	0.652215911155	0.0256493280256	0.00996597603953	0.31216878478
-pam	0.0669062745916	0.0715020167523	0.602487011011	0.259104697645
-ŋŋi	0.512060561181	0.0691802502297	0.0454610439289	0.37329814466
--mɛ	0.855108189537	0.108737332238	0.0164338537387	0.0197206244864
-nma	0.370054777845	0.49726110773	0.034692635423	0.0979914790018
-ŋŋa	0.13598407995	0.358425360233	0.098545195828	0.407045363989
-ɛfa	0.0729483282675	0.890577507599	0.0	0.0364741641337
-ɛfi	0.0157105451083	0.976434182338	0.00142823137349	0.00642704118067
-ŋŋu	0.125717561854	0.661222572471	0.147821498913	0.0652383667625
-msa	0.396805380412	0.364859184531	0.172761664565	0.0655737704918
-mↄn	0.14480587618	0.82371458552	0.00629590766003	0.0251836306401
-dee	0.482594936709	0.162974683544	0.136867088608	0.217563291139
-msi	0.387923645323	0.384907799191	0.093570518684	0.133598036802
-fɛa	0.389182833627	0.254948069763	0.18969233784	0.166176758769
-ima	0.0877031473308	0.5742711998	0.0937176931806	0.244307959689
-imi	0.102840783968	0.779563972693	0.0761946707773	0.0414005725611
-nyɛ	0.609241130652	0.0250451486863	0.01001656803	0.355697152632
-imm	0.169622205089	0.315122810882	0.449608987774	0.0656459962551
-lla	0.262296831099	0.304513283779	0.108119642921	0.325070242202
-obi	0.0225642678701	0.953259730841	0.0209525344508	0.00322346683859
-lli	0.126461810046	0.305194138406	0.094794627296	0.473549424252
-oba	0.107843137255	0.485294117647	0.367647058823	0.0392156862745
-ida	0.0	1.0	0.0	0.0
-kpi	0.58060508509	0.152267506368	0.244624244034	0.0225031645075
-bia	0.342105263158	0.631578947368	0.0	0.0263157894737
-kpa	0.171126848218	0.149364219408	0.0546358592046	0.624873073169
-obu	0.162458982631	0.329088666686	0.181948775179	0.326503575503
-eem	0.137584018478	0.173405856464	0.10054765962	0.588462465438
-bba	0.0452586206896	0.834051724138	0.0129310344828	0.10775862069
-uta	0.0483063671284	0.312303573507	0.517867535793	0.121522523571
-gru	0.223129749727	0.467670435209	0.198041416478	0.111158398586
-bbi	0.0680786686838	0.85930408472	0.0	0.072617246596
-rim	0.383655817229	0.298358256696	0.0680299028679	0.249956023207
-rii	0.0250757107081	0.930673035101	0.00632160774153	0.0379296464492
-gra	0.210415922885	0.587981970725	0.150392716887	0.0512093895037
--vↄ	0.847155508856	0.0582782948063	0.0	0.0945661963374
-a'a	0.310700720414	0.43740806766	0.113717415282	0.138173796644
-gri	0.243116736127	0.572622286557	0.071866958256	0.11239401906
-oya	0.12676056338	0.746478873239	0.0422535211268	0.0845070422534
-gyi	0.256315795678	0.668207056716	0.0145590437007	0.0609181039056
-ari	0.381662438291	0.267462867326	0.110742948509	0.240131745874
-gya	0.0133414190418	0.963816454417	0.0179907014352	0.00485142510613
-aru	0.0	0.646464646465	0.353535353535	0.0
-nwa	0.317979197623	0.472511144131	0.0445765230312	0.164933135215
-nzↄ	0.0238278247502	0.938508839354	0.0112733794517	0.0263899564438
-aya	0.156749501199	0.707274082543	0.0810523012084	0.0549241150492
-ayi	0.0917586821131	0.0894828937931	0.0431518759034	0.77560654819
--ka	0.229772759249	0.182752071955	0.0938059511589	0.493669217637
-goo	0.0	0.722891566265	0.277108433735	0.0
--vu	0.303220958864	0.0798812282734	0.616897812862	0.0
-ubu	0.301204796733	0.51378630288	0.0589554824632	0.126053417924
--nɛ	0.545454545455	0.255681818182	0.102272727273	0.0965909090909
-ŋni	0.231220340923	0.367762196602	0.188080717265	0.21293674521
-ↄya	0.160866725613	0.669100294095	0.107289027425	0.0627439528668
-uba	0.224183571321	0.601637517344	0.07076018273	0.103418728605
-ŋna	0.435329277278	0.4097808388	0.069256930476	0.0856329534458
-umu	0.0353620399327	0.900890064951	0.0310319942266	0.0327159008901
-ota	0.0	1.0	0.0	0.0
-ɛba	0.187146892655	0.666902071563	0.121233521657	0.0247175141243
-oti	0.290948275862	0.0883620689655	0.523706896552	0.0969827586207
-mɛa	0.583697234352	0.206695778748	0.157205240175	0.0524017467249
-uma	0.204908636068	0.508181526945	0.172095886076	0.114813950911
-otu	0.114417989418	0.795194003527	0.0180776014109	0.0723104056437
-umi	0.0340909090909	0.761363636364	0.0681818181818	0.136363636364
ALL	0.263954723264	0.323641791922	0.0609554164217	0.351448068392
-nai	0.0	1.0	0.0	0.0
-nan	0.0143403441683	0.985659655832	0.0	0.0
-aki	0.0242290748899	0.971365638767	0.00440528634361	0.0
-naa	0.220338734329	0.164315724597	0.0240211494481	0.591324391626
-aka	0.0353141655487	0.945759762155	0.0115296762264	0.00739639606975
-zum	0.0485298315729	0.868683985156	0.0699400513846	0.012846131887
-sii	0.0121640134158	0.938069819075	0.0452312343521	0.00453493315698
-sim	0.25931303906	0.614440566734	0.0934765139567	0.03276988025
-aku	0.0	0.995884773663	0.00411522633746	0.0
-wum	0.907408199992	0.0501203483478	0.00656260254067	0.0359088491192
-ŋŋↄ	0.0765971634753	0.0616998221187	0.051128916981	0.810574097425
-ɛra	0.0840615252446	0.473104557453	0.399979022079	0.0428548952228
-dam	0.0840440730799	0.820709585245	0.0559031084943	0.0393432331804
-moo	0.135271807838	0.6298988622	0.190581542351	0.0442477876106
-wuu	0.0	1.0	0.0	0.0
-ofu	0.0845070422535	0.887323943662	0.0281690140845	0.0
-mfa	0.0192307692308	0.980769230769	0.0	0.0
-eoo	0.111660032248	0.624648757071	0.216389711209	0.0473014994716
-tↄa	0.0533333333333	0.10962962963	0.692592592593	0.144444444444
-rli	0.275783707496	0.59863172625	0.112188879188	0.0133956870672
-yam	0.216502695255	0.422067248423	0.31320554038	0.0482245159419
-yan	0.301215386545	0.0824037556319	0.037484898247	0.578895959576
-yai	0.100977198697	0.537459283388	0.307817589577	0.0537459283388
-tↄm	0.223697650664	0.241645994455	0.0518021304538	0.482854224427
-azi	0.0205128205128	0.979487179487	0.0	0.0
-igu	0.184552211487	0.663958009162	0.0991597565825	0.0523300227684
-isi	0.339218177083	0.467786708941	0.0657049469758	0.127290167001
--zↄ	0.82722513089	0.148610551752	0.00483286347161	0.0193314538864
-isa	0.00742133503009	0.812954551206	0.00812128006523	0.171502833699
-ama	0.154603410817	0.234012050266	0.0196077805436	0.591776758372
-nsↄ	0.21281553124	0.507593665791	0.214027004852	0.065563798117
-too	0.258306538049	0.401810170299	0.287483625104	0.0523996665476
-dim	0.758666666667	0.129333333333	0.04	0.0719999999999
-maa	0.00501896358436	0.00511803751864	0.00127611804359	0.988586880853
-hɛm	0.0181683351872	0.957360029663	0.0177975528365	0.00667408231369
-uni	0.0818577235895	0.155034145834	0.0350000750802	0.728108055497
-una	0.160593797788	0.406716844754	0.0660388528243	0.366650504634
--zɛ	0.585405604332	0.202854739498	0.0596708900689	0.152068766101
-unu	0.0234915094973	0.316397073629	0.460433586147	0.199677830727
-nki	0.0	1.0	0.0	0.0
-pti	0.0251330238877	0.888599569795	0.0787954262425	0.00747198007472
-iri	0.378563605686	0.332942100677	0.0722857514334	0.216208542205
-nla	0.452863689739	0.135408707556	0.126748346622	0.284979256082
-sↄn	0.0787401574802	0.889763779528	0.0314960629921	0.0
-gaa	0.0548780487805	0.908536585366	0.0365853658537	0.0
-ada	0.0793650793651	0.920634920635	0.0	0.0
-sↄa	0.244199347963	0.307477455149	0.143848544356	0.304474652533
-adi	0.170731707317	0.825203252033	0.0040650406504	0.0
-adu	0.166402535658	0.800316957211	0.0190174326466	0.0142630744849
-yaa	0.148098472721	0.329197854022	0.451261194999	0.071442478259
-ↄru	0.0347826086957	0.947826086957	0.0173913043478	0.0
-ini	0.235234282886	0.545179773082	0.0377447866491	0.181841157384
-ɛni	0.102994339008	0.131227878546	0.0222763698234	0.743501412622
-ina	0.0857269411309	0.726875190868	0.12615024968	0.0612476183209
-see	0.25259702298	0.109434725907	0.0482529118137	0.589715339299
-ɛti	0.0094226742447	0.968591085851	0.00448698773557	0.0174992521687
--mi	0.647438656909	0.188549289712	0.0671545415411	0.0968575118381
-ↄri	0.204619612691	0.43858858142	0.140771062464	0.216020743425
-inu	0.0582053354891	0.274858528698	0.0363783346807	0.630557801132
--di	0.651317213026	0.190928270042	0.0259655955858	0.131788921346
-bli	0.469226462937	0.297230546317	0.0623044752527	0.171238515494
-kur	0.269590057967	0.116117853121	0.0412777847283	0.573014304183
-ede	0.131124427212	0.364998237575	0.304811420515	0.199065914699
--da	0.762229806598	0.217292377702	0.0102389078498	0.0102389078498
-oom	0.220660101114	0.674703912337	0.0672919127369	0.0373440738121
-oon	0.00560747663552	0.993529834651	0.0	0.000862688713156
-ooy	0.192023633678	0.135893648449	0.364844903988	0.307237813885
-bsↄ	0.0456492221718	0.924813045835	0.0245028913128	0.00503484068072
-kum	0.135579611839	0.538746919904	0.260098563083	0.0655749051745
-bee	0.0903954137398	0.0380652299608	0.0105117383106	0.861027617989
--du	0.3724609375	0.134765625	0.0814453125	0.411328125
-uum	0.391417200208	0.537809309569	0.0256099671224	0.0451635231008
-kpɛ	0.432334335714	0.0580528146328	0.0254119843059	0.484200865347
-uui	0.251444662107	0.270307536774	0.212231236356	0.266016564763
-hoo	0.0667749413224	0.0312847115281	0.0200378453237	0.881902501826
-baa	0.0628665259207	0.654703260615	0.237391508328	0.0450387051372
-gsi	0.458544705136	0.29541851617	0.130020080321	0.116016698372
-eku	0.0242494226328	0.946717255031	0.00775321676015	0.0212801055757
-ↄ'a	0.145928447703	0.613651958882	0.0289573437636	0.211462249651
-gsa	0.12708560736	0.6464992983	0.189926711367	0.0364883829721
-nya	0.816851457523	0.0592708727784	0.0111417166799	0.112735953018
-mbu	0.210526315789	0.684210526316	0.0877192982456	0.0175438596491
-asa	0.106150156447	0.199726999275	0.127466430247	0.566656414031
-asi	0.347877811606	0.313959119546	0.107342469561	0.230820599286
-ↄra	0.192073810023	0.664919270287	0.116586286433	0.0264206332565
-mba	0.0277580071174	0.950177935943	0.00498220640569	0.0170818505338
-asu	0.223076923077	0.7	0.0615384615385	0.0153846153846
-ass	0.297752808989	0.0505617977528	0.0	0.651685393258
-bɛn	0.0	1.0	0.0	0.0
-nyu	0.685811712989	0.267301411228	0.0236231794745	0.0232636963086
-bɛa	0.42726231386	0.352806414662	0.109965635739	0.109965635739
-yee	0.0664556962025	0.68670886076	0.246835443038	0.0
-eru	0.0405405405406	0.797297297297	0.162162162162	0.0
-afu	0.049145756016	0.909558157332	0.0341289972334	0.00716708941899
-eri	0.168016967803	0.584393563235	0.200747875335	0.0468415936276
-ram	0.0	1.0	0.0	0.0
-gyɛ	0.416995588577	0.192477362433	0.301834223357	0.0886928256326
-era	0.244095179559	0.511330709856	0.19428635286	0.0502877577248
-raa	0.0	0.96875	0.0	0.03125
-ugu	0.0543175872308	0.137885060193	0.0177272003759	0.790070152201
-ela	0.138922227427	0.265473693862	0.302734497475	0.292869581236
-azu	0.650451702571	0.274496177901	0.0250173731758	0.0500347463517
--nↄ	0.6	0.308474576271	0.0813559322034	0.0101694915254
-bsa	0.0910152060067	0.732033566786	0.118209350748	0.0587418764591
-poo	0.028490342537	0.964030942547	0.00747871491596	0.0
-uga	0.107562887945	0.78487422411	0.077670695851	0.0298921920941
-bsi	0.769878762945	0.121054810142	0.0358960221945	0.0731704047184
-aza	0.23875432526	0.657439446367	0.083044982699	0.0207612456747
-ugi	0.467688054372	0.379679760396	0.0960718811197	0.0565603041124
-aha	0.0549600755577	0.421721527668	0.0109433452472	0.512375051527
-aay	0.0867056787274	0.421989615099	0.26992499794	0.221379708234
-laa	0.224179553282	0.0437027111282	0.0563289964041	0.675788739186
-ika	0.0960615148247	0.817501588099	0.0774992244168	0.00893767265958
-iko	0.0568145348316	0.813135986772	0.0623753258963	0.0676741524996
-lam	0.615508885299	0.255250403877	0.0726978998384	0.0565428109854
-ppu	0.374308132109	0.477586521501	0.0370415424853	0.111063803905
-aam	0.254910591111	0.68922488868	0.0263825787968	0.0294819414126
-ppi	0.186853880574	0.235303193952	0.241937972535	0.335904952939
-aan	0.333333333333	0.09375	0.104166666667	0.46875
-aai	0.528217009606	0.128032487397	0.080773102238	0.262977400759
--na	0.378277153558	0.217228464419	0.23595505618	0.168539325843
-ppa	0.0934355898098	0.863206651733	0.0148069402787	0.0285508181784
-uki	0.0123456790123	0.888888888889	0.0	0.0987654320988
-boo	0.0672207082216	0.766608157968	0.114767062817	0.051404070993
-doo	0.0600350620662	0.651678924208	0.0310291512579	0.257256862468
-dda	0.383519295271	0.54169324159	0.0406014811925	0.0341859819466
-asↄ	0.118426888768	0.78832980139	0.040017741856	0.0532255679858
-nyↄ	0.539226519337	0.381215469613	0.0530386740331	0.0265193370166
-ibu	0.296762629891	0.549490064214	0.111219327936	0.0425279779583
-ddi	0.0	1.0	0.0	0.0
-oli	0.759305097193	0.154149622794	0.0262717720996	0.0602735079131
-saa	0.122379825784	0.780636367892	0.0715877868643	0.0253960194598
-mbↄ	0.238948393379	0.184225900682	0.0350535540409	0.541772151899
-ibi	0.634969659208	0.196946461312	0.093977009196	0.0741068702835
-mpu	0.496697601712	0.33973158332	0.0911152107479	0.0724556042192
-iba	0.059034992033	0.766509797953	0.0375092473069	0.136945962707
-voo	0.0	0.839285714286	0.160714285714	0.0
-gsↄ	0.117138970267	0.4083757147	0.0155258219235	0.45895949311
-roo	0.227154046997	0.757180156658	0.0104438642298	0.00522193211488
-ipi	0.00214745884037	0.994631352899	0.0	0.00322118826056
-pↄa	0.605926446117	0.329954353236	0.0192357601942	0.0448834404531
-ipa	0.166219839142	0.622877569258	0.130473637176	0.0804289544236
-pↄi	0.0570852876616	0.0785890139511	0.0754958934088	0.788829804979
-lɛm	0.00124424828623	0.997253263217	0.00065733871725	0.000845149779323
-awa	0.169172932331	0.757518796993	0.0	0.0733082706767
-gli	0.584337349398	0.144578313253	0.0542168674699	0.21686746988
--mↄ	0.744186046512	0.209302325581	0.046511627907	0.0
-ita	0.0043837045803	0.974416725519	0.00381744956195	0.0173821203387
-man	0.127231283066	0.0310115967814	0.00492328401254	0.83683383614
-ɛbↄ	0.325153374233	0.319018404908	0.122699386503	0.233128834356
-iŋi	0.487792101203	0.0593565210289	0.0114408500381	0.44141052773
-ɛdi	0.191304347826	0.808695652174	0.0	0.0
--wa	0.610948191593	0.240469208211	0.0312805474096	0.117302052786
--fↄ	0.063492063492	0.015873015873	0.84126984127	0.0793650793651
-mun	0.282766945112	0.074960889021	0.00365250161225	0.638619664255
-lee	0.167665556932	0.0968140644894	0.0485987121542	0.686921666425
-fta	0.0	1.0	0.0	0.0
-ifa	0.0153846153846	0.908974358974	0.0705128205128	0.00512820512821
-een	0.0456650208499	0.922100846786	0.0214894215764	0.0107447107882
-eeh	0.412457912458	0.547138047138	0.030303030303	0.010101010101
-alu	0.46349214948	0.21285336367	0.126086838755	0.197567648094
-ifu	0.0507442489851	0.949255751015	0.0	0.0
-ali	0.448526562194	0.240244421397	0.121361154942	0.189867861467
-nda	0.0264900662252	0.973509933775	0.0	0.0
-ala	0.0866502003437	0.256070752461	0.0778611140197	0.579417933176
-nŋↄ	0.104334799442	0.151043578559	0.036505075155	0.708116546844
-yoo	0.0773384263517	0.910636391502	0.00282945462262	0.00919572752353
--tↄ	0.571272551903	0.226561290319	0.183787416162	0.0183787416162
-iyu	0.0	1.0	0.0	0.0
-zↄr	0.0	1.0	0.0	0.0
-zↄm	0.343443770415	0.482034531031	0.0695286980868	0.104993000467
-eli	0.31966717391	0.363965442362	0.184375776436	0.131991607292
-iyi	0.0833057851239	0.253553719008	0.0654545454545	0.597685950413
-lsi	0.0701754385965	0.543859649123	0.0877192982456	0.298245614035
-zↄa	0.134012075293	0.765597253463	0.009944358944	0.0904463123002
-abu	0.229296259769	0.393566327542	0.158685159907	0.218452252782
-ↄna	0.195432937461	0.127062580043	0.0288242252553	0.64868025724
-esi	0.293145279676	0.467931693502	0.075783978862	0.16313904796
-iti	0.0326733875866	0.905016397425	0.0378962711041	0.0244139438844
-ↄni	0.0219434450114	0.634814014255	0.0136257301941	0.329616810539
-esa	0.147002543096	0.746535342407	0.0395546682792	0.0669074462181
-ɛri	0.694390329177	0.130119255361	0.130969292155	0.0445211233073
-ɛya	0.54044592955	0.239970563081	0.0262545497941	0.193328957575
-fan	0.0166865315852	0.983313468415	0.0	0.0
-eza	0.0	1.0	0.0	0.0
-bra	0.416519769741	0.458450968392	0.0773641473727	0.047665114495
-uda	0.0290636180526	0.962106928362	0.00717393103828	0.0016555225473
-bri	0.334087881794	0.529851440876	0.045914785828	0.0901458915024
-hum	0.0	1.0	0.0	0.0
--sa	0.554057844791	0.290042224174	0.0058389487279	0.150060982307
-nɛa	0.434991974318	0.30658105939	0.157303370786	0.101123595506
--bɛ	0.206670115759	0.0504726584668	0.0118563654357	0.731000860338
-yↄn	0.0829015544042	0.890040299367	0.00230282095567	0.0247553252735
-abe	0.0566037735849	0.88679245283	0.0566037735849	0.0
-aba	0.0732319976178	0.447969132986	0.0964309899018	0.382367879495
--su	0.311040387288	0.26715675288	0.104890402976	0.316912456856
-igɛ	0.314814814815	0.62962962963	0.037037037037	0.0185185185185
-abi	0.344591134235	0.307705934568	0.0191311160134	0.328571815184
-yↄa	0.545291771791	0.382436721738	0.0195328395865	0.0527386668837
-gba	0.0515999549614	0.0357358831657	0.0574276362252	0.855236525648
-koo	0.0404407892847	0.903110609005	0.05644860171	0.0
-gbi	0.677099692722	0.29276233876	0.0301379685187	0.0
-tum	0.866097815952	0.07501294983	0.016312076776	0.0425771574417
-oru	0.0754504837708	0.554782968903	0.215699618309	0.154066929017
-soo	0.013856812933	0.958429561201	0.013856812933	0.013856812933
-ori	0.357759119494	0.323609127238	0.10321329624	0.215418457027
-oro	0.0276207328126	0.948211125976	0.0181261059082	0.00604203530276
-gbu	0.366094263792	0.565948118378	0.0504201680672	0.0175374497625
-ora	0.434999192321	0.288572414684	0.178757480594	0.0976709124008
-iim	0.0340215803793	0.933751947754	0.0172672342629	0.014959237604
-gma	0.0209384054556	0.959951845111	0.00702062794552	0.0120891214874
-yɛa	0.560328939843	0.260838618656	0.0804555333834	0.098376908118
-kra	0.546163849155	0.395318595579	0.0390117035111	0.0195058517555
-yɛm	0.303412608449	0.487465666827	0.169295243493	0.0398264812312
-yɛl	0.578395195717	0.205990883438	0.0850879097026	0.130526011142
-kri	0.437944380004	0.39174391666	0.103603430533	0.066708272802
-lim	0.387438184111	0.365691226424	0.0869807051153	0.15988988435
-omi	0.0266002364465	0.902465799696	0.0532004728931	0.0177334909643
-lii	0.00544662309368	0.969589687727	0.0225127087872	0.00245098039216
-nↄn	0.0	1.0	0.0	0.0
-oma	0.145244604067	0.228511799304	0.206941427033	0.419302169597
--sↄ	0.75	0.112244897959	0.137755102041	0.0
-bgu	0.102239124622	0.769123943988	0.0890402212388	0.0395967101509
-eaa	0.183597031254	0.480422367795	0.077841332896	0.258139268055
-oda	0.0388349514563	0.961165048544	0.0	0.0
-yum	0.0197602423923	0.957186141483	0.0131734949282	0.00988012119615
-bgi	0.466796015454	0.264644224841	0.172957807029	0.0956019526764
-odi	0.0508732083116	0.907077744698	0.0374451367361	0.00460391025445
-bga	0.0658651193165	0.618750242091	0.0345570356952	0.280827602897
-ɛtɛ	0.129796839729	0.870203160271	0.0	0.0
-uri	0.346561940487	0.524389848614	0.0828121837139	0.046236027185
-ŋmɛ	0.624100295757	0.233988536132	0.0641243751145	0.077786792996
-ura	0.244356478085	0.634066437755	0.08797632088	0.03360076328
--yɛ	0.669691470055	0.0907441016334	0.08166969147	0.157894736842
--dↄ	0.611218568665	0.268858800774	0.0406189555126	0.0793036750484
-kyi	0.0612822094709	0.851370416881	0.0718245697636	0.0155228038841
-uru	0.010746925704	0.972576810273	0.00444700373957	0.0122292602838
-ara	0.300473366304	0.504179131853	0.15050474479	0.0448427570524
-duu	0.0851550132512	0.742115935327	0.0225004891411	0.150228562281
-paa	0.476222371065	0.368720696584	0.0160750167448	0.138981915606
-waa	0.442804428044	0.50184501845	0.0553505535055	0.0
-dum	0.440456769984	0.481239804241	0.0783034257749	0.0
-wai	0.187018590959	0.300621042868	0.0938621607452	0.418498205428
-suu	0.124505928854	0.875494071146	0.0	0.0
-sum	0.202817429497	0.173143362168	0.260478320255	0.36356088808
-nuu	0.171532093308	0.760843103338	0.0137385126814	0.0538862906728
-dia	0.0563380281691	0.943661971831	0.0	0.0
--lɛ	0.233779815931	0.673395845391	0.0	0.0928243386784
-din	0.2113746477	0.168178060213	0.0657429423059	0.554704349781
-dii	0.0236631120106	0.958122518876	0.00560442126566	0.0126099478477
--tu	0.789473684211	0.197368421053	0.0	0.0131578947368
--ti	0.0939579426969	0.0111413674778	0.00658248074679	0.888318209078
--ta	0.487179487179	0.141025641026	0.371794871795	0.0
-ɛli	0.859157347105	0.0933764839099	0.00222625519126	0.0452399137939
-ɛla	0.0949698794702	0.133173744355	0.0142098880055	0.757646488169
-afi	0.202449145014	0.75023621973	0.0217722723984	0.0255423628571
-nni	0.162441250448	0.598762524351	0.0406748634928	0.198121361708
-nna	0.347652124029	0.392035024334	0.056167355284	0.204145496353
-kki	0.584163139319	0.165309309287	0.0788351727924	0.171692378601
-vai	0.036803874092	0.945762711864	0.0116222760291	0.00581113801453
-lↄn	0.0409552238806	0.725349253731	0.0120358208955	0.221659701493
-kka	0.218696816802	0.710489895262	0.0440359014172	0.0267773865183
-lↄa	0.0155199172271	0.189084324884	0.0103466114847	0.785049146405
-ԑɛh	0.222222222222	0.15873015873	0.619047619048	0.0
--fa	0.721759269897	0.12295186463	0.0137756251629	0.14151324031
-efu	0.183333333333	0.8	0.0	0.0166666666667
-tim	0.614921402585	0.346302799111	0.0174827298712	0.0212930684329
-tin	0.028022899557	0.0402526496093	0.0180667920739	0.91365765876
-ain	0.126444595513	0.259687287559	0.573079537729	0.0407885791978
-kku	0.102909941404	0.820229919256	0.0401656212035	0.0366945181365
-tii	0.01740952688	0.961070363504	0.01740952688	0.00411058273555
-ema	0.165582703463	0.678221128493	0.103603445245	0.0525927227984
-uwa	0.306426901056	0.487714124437	0.165654843503	0.0402041310033
-mmu	0.128663657659	0.298006056105	0.207107353025	0.366222933212
-emi	0.0	1.0	0.0	0.0
-aŋa	0.159830561008	0.480731480525	0.303027172228	0.0564107862383
-mmi	0.383454395198	0.145100256622	0.0182680179201	0.45317733026
-mma	0.239932853312	0.495909226917	0.204302497711	0.0598554220601
-zaa	0.0335752089302	0.166442298659	0.0653560587326	0.734626433679
-zam	0.0289256198347	0.921487603306	0.0330578512397	0.0165289256198
-ↄma	0.512964260687	0.336370007008	0.0988086895586	0.051857042747
--gↄ	0.511727078891	0.283582089552	0.153518123667	0.0511727078891
-bun	0.270535241123	0.580021197668	0.0990990990991	0.0503444621091
-ruu	0.0	0.960088691796	0.0	0.039911308204
-pɛa	0.531385281385	0.284632034632	0.0806277056277	0.103354978355
-uyi	0.0620993589744	0.0955634278003	0.577281545209	0.265055668016
-zɛa	0.74	0.1	0.0	0.16
-atu	0.0845771144279	0.910447761194	0.00497512437811	0.0
-ↄba	0.110244988864	0.81333518931	0.020114142539	0.0563056792873
-kↄa	0.0543531914635	0.0967021513393	0.0438695046994	0.805075152498
-uya	0.197704015732	0.708765753407	0.0546369105837	0.0388933202775
-kↄm	0.0798595499604	0.332177189715	0.580855118077	0.00710814224849
-'am	0.378533491213	0.173038135201	0.0699864923728	0.378441881212
-ↄbi	0.779814230474	0.170927270425	0.022105555765	0.0271529433362
-ↄsↄ	0.0733054992904	0.558831820304	0.0559763669871	0.311886313419
--lↄ	0.5730263385	0.210742517864	0.036936035072	0.179295108564
-'an	0.011780104712	0.964659685864	0.0157068062827	0.00785340314138
-ati	0.0624257020106	0.918366389678	0.019207908311	0.0
-edi	0.0	1.0	0.0	0.0
-osa	0.305454545454	0.513454545455	0.0818909090909	0.0992
-ŋↄa	0.183843156258	0.100692551537	0.026571365114	0.68889292709
-kam	0.0874506415937	0.30030223679	0.0247106448589	0.587536476757
--pi	0.725913420957	0.233570481129	0.020258048957	0.020258048957
-bla	0.349112426035	0.449704142012	0.0591715976331	0.142011834319
-ŋↄn	0.077779327033	0.0224809804637	0.00146116975825	0.898278522745
-ula	0.0617724321823	0.0952248296162	0.024554348512	0.81844838969
-osi	0.674564124996	0.238955921235	0.0243471337331	0.0621328200358
--pa	0.273321589929	0.0392101946506	0.0333139247783	0.654154290642
-'ai	0.546081941636	0.282933121069	0.0669872534179	0.103997683877
-daŋ	0.211232187762	0.346186085499	0.347024308466	0.0955574182732
-nii	0.0323450134771	0.32111410602	0.18939802336	0.457142857143
-nin	0.109106802324	0.0123076912694	0.00756146441002	0.871024041997
-ulu	0.0490196078431	0.421568627451	0.529411764706	0.0
-tta	0.379394260178	0.386058047832	0.0771981276125	0.157349564377
-iiŋ	0.238759137101	0.307684079159	0.237689427705	0.215867356035
-tti	0.732954518761	0.118203397758	0.0356132879796	0.113228795501
-ɛsↄ	0.540761856252	0.354833626947	0.0923578417856	0.0120466750155
-vii	0.0832171083217	0.890283589028	0.0111576011158	0.0153417015342
-vin	0.162959130885	0.767201241593	0.0201758923952	0.0496637351268
-gↄa	0.0953895071542	0.847376788553	0.0	0.0572337042925
-ata	0.0760424523954	0.240160827324	0.131384755048	0.552411965233
--ku	0.673253101172	0.185415955389	0.0125184932286	0.128812450211
-ila	0.0645688772327	0.801205594073	0.0988731403821	0.0353523883124
-gbɛ	0.504189944134	0.404329608939	0.0230446927374	0.0684357541899
-ↄti	0.0124833825103	0.979491585876	0.00356668071723	0.00445835089653
-yuu	0.0629620418144	0.863172333609	0.0409909126396	0.032874711937
-ili	0.584729582537	0.250575431008	0.0360945438997	0.128600442555
-ebi	0.667971196164	0.107087491271	0.0256900964682	0.199251216098
-iga	0.115834066077	0.579294244589	0.142748654088	0.162123035246
-ↄhↄ	0.389655172414	0.362068965517	0.0206896551724	0.227586206897
--bu	0.658619192438	0.114637244808	0.0765259524295	0.150217610325
-eba	0.119076959475	0.355245292703	0.0447365217135	0.480941226109
-igi	0.516301388586	0.197955328026	0.112674680311	0.173068603077
-oaa	0.176345086425	0.621506991696	0.0925995400757	0.109548381804
-usↄ	0.0895813047712	0.837390457644	0.0525803310613	0.0204479065238
--ba	0.477363515313	0.36085219707	0.119840213049	0.0419440745672
-amm	0.239942870745	0.00595096405617	0.754106165199	0.0
-yiŋ	0.0	0.592307692308	0.407692307692	0.0
--sɛ	0.516569866758	0.177314656645	0.172189955586	0.133925521011
-ebu	0.309277481748	0.463828812692	0.136084867937	0.0908088376231
-ban	0.0344794124779	0.0739735112236	0.00616162438279	0.885385451916
-usi	0.320500468345	0.575644445979	0.0370845776466	0.0667705080288
-him	0.0226070808607	0.944208954019	0.0317306527795	0.00145331234105
-usa	0.0379116420917	0.758719677681	0.00587560504742	0.19749307518
-ira	0.327006196996	0.460507601076	0.0766001515938	0.135886050334
-dↄn	0.0	1.0	0.0	0.0
-uli	0.285295678623	0.557434079202	0.0806962481693	0.0765739940059
--bↄ	0.648501362398	0.215258855586	0.0108991825613	0.125340599455
-gum	0.145767602727	0.804283073945	0.0339092589355	0.0160400643927
-iru	0.0695249130939	0.930475086906	0.0	0.0
-usu	0.309139784946	0.60752688172	0.0672043010753	0.0161290322581
-kan	0.045646851372	0.0685049052262	0.167115539919	0.718732703483
-uza	0.0952380952381	0.904761904762	0.0	0.0
-bↄa	0.34721398347	0.209870684541	0.0355914106062	0.407323921383
-bↄn	0.553728180809	0.200484310362	0.046614872364	0.199172636464
-bam	0.337748344371	0.397350993377	0.158940397351	0.105960264901
-kaa	0.0332103321033	0.955719557196	0.00885608856089	0.00221402214022
--kↄ	0.451882845188	0.271966527197	0.150627615063	0.125523012552
-pii	0.0599466544433	0.345682266751	0.015617681026	0.578753397779
-uɛl	0.0	0.964539007092	0.0354609929078	0.0
-ɛsa	0.150743099788	0.771054493985	0.0527246992215	0.0254777070064
-ɛsi	0.317353617548	0.575547749615	0.0197114048167	0.0873872280206
-ɛzi	0.0	1.0	0.0	0.0
-kyɛ	0.416383868325	0.0395360890205	0.0108358681538	0.5332441745
--pↄ	0.252109704641	0.657172995781	0.0379746835443	0.0527426160338
--ya	0.284051222352	0.215948777648	0.384749708964	0.115250291036
--yi	0.140641476987	0.0298512305521	0.0176295310869	0.811877761374
-ŋma	0.572086329804	0.239683556995	0.0707357063937	0.117494406807
--yↄ	0.68909512761	0.220417633411	0.0278422273782	0.0626450116009
-owi	0.111111111111	0.857142857143	0.0	0.031746031746
-ↄbↄ	0.43535012285	0.516277641278	0.0290233415234	0.0193488943489
-ↄsi	0.692147168358	0.171587260819	0.0224091434442	0.113856427379
--lu	0.710853759088	0.14822726932	0.0221122854359	0.118806686155
-owa	0.198921143366	0.543877210544	0.184211989768	0.0729896563231
-uhu	0.0	1.0	0.0	0.0
-ɛma	0.623865300146	0.342020497804	0.00600292825769	0.0281112737921
--zi	0.740895848507	0.077567370721	0.0600873998543	0.121449380918
-kma	0.558524985032	0.274111163584	0.0882463943661	0.0791174570179
-bma	0.577964309743	0.258257777208	0.0374843815077	0.126293531541
-anu	0.0401700895684	0.416719442685	0.00694833981724	0.536162127929
-ona	0.00438644059627	0.987262451345	0.00219322029813	0.00615788776014
--ga	0.420634920635	0.373015873016	0.0476190476191	0.15873015873
-oni	0.0799026609533	0.308451921212	0.0667336754307	0.544911742404
-ana	0.090361457197	0.727932410751	0.11352134628	0.0681847857725
-ani	0.15482173345	0.132873146572	0.0319968530615	0.680308266917
-rↄn	0.00826446280992	0.98347107438	0.00826446280991	0.0
-daa	0.782301150953	0.0135467425076	0.00111102023599	0.203041086303
-tam	0.413657119137	0.452677459527	0.100871731009	0.032793690328
-tan	0.0	1.0	0.0	0.0
-ksi	0.0276976341604	0.953837276399	0.0184650894403	0.0
-taa	0.322580645161	0.153225806452	0.133064516129	0.391129032258
-yim	0.28192176671	0.216609890755	0.0296017855045	0.47186655703
-yin	0.0985284661878	0.0678029871585	0.0131684823545	0.820500064299
-yii	0.021897810219	0.912408759124	0.029197080292	0.036496350365
-mna	0.362991589895	0.520467108069	0.0584017067414	0.0581395952946
-mni	0.448485116689	0.3482417623	0.0749260880553	0.128347032955
-afɛ	0.149292149292	0.326898326898	0.41287001287	0.110939510939
-min	0.0	0.957507082153	0.042492917847	0.0
-iya	0.170324034057	0.666639984642	0.0504103423493	0.112625638951
-eni	0.0344827586207	0.862068965517	0.0	0.103448275862
-bii	0.0494795756779	0.89756407556	0.0116494275496	0.0413069212127
-ena	0.109919286321	0.875743415463	0.0143372982158	0.0
