vas-	0.0	1.0	0.0	0.0
fig-	0.0	1.0	0.0	0.0
jac-	0.0130081300813	0.977235772358	0.00631276901005	0.00344332855094
júp-	0.0	1.0	0.0	0.0
dyö-	0.658196401316	0.252008066942	0.02877541126	0.0610201204819
ñej-	0.33096659674	0.415120219461	0.133128933355	0.120784250444
tät-	0.641025641026	0.188034188034	0.0	0.17094017094
der-	0.189309064625	0.570522719059	0.0841081578342	0.156060058481
neg-	0.56511904262	0.114233699668	0.0532306704	0.267416587312
tib-	0.0483701366982	0.869610935857	0.0252365930599	0.0567823343848
c'o-	0.00778195380508	0.0450034653035	0.00166962323781	0.945544957654
pãt-	0.518208804824	0.363705278904	0.0550065092558	0.0630794070171
paf-	0.0	1.0	0.0	0.0
abr-	0.0504140981612	0.927936099982	0.0167388244385	0.00491097741791
ñut-	0.664184661206	0.223380491437	0.017870439315	0.0945644080417
pëv-	0.574850299401	0.214371257485	0.146107784431	0.0646706586826
zaq-	0.144876325088	0.727915194346	0.0518256772674	0.075382803298
sug-	0.137942926114	0.71031985516	0.084490042245	0.0672471764808
cul-	0.455801104972	0.527624309392	0.0165745856353	0.0
zac-	0.104362212168	0.830272131812	0.023397933689	0.041967722331
her-	0.0725034568212	0.847702336272	0.0571228473432	0.0226713595633
ate-	0.0199778024417	0.980022197558	0.0	0.0
urí-	0.0	1.0	0.0	0.0
dor-	0.219081272085	0.664310954064	0.116607773852	0.0
pat-	0.279022697701	0.593754517855	0.060719965303	0.0665028191412
rrõ-	0.0841121495327	0.280373831776	0.551401869159	0.0841121495327
laj-	0.117021276596	0.875	0.00797872340425	0.0
cju-	0.0957657479063	0.63342919949	0.0983888628032	0.172416189801
jam-	0.0545454545455	0.845454545455	0.0727272727273	0.0272727272727
vig-	0.0	0.930939226519	0.0690607734806	0.0
cji-	0.306322661549	0.463116031143	0.0963537436723	0.134207563636
ent-	0.37765634487	0.303582270795	0.23679417122	0.0819672131148
jyü-	0.46159350994	0.283433900712	0.163659537707	0.0913130516396
sö'-	0.15642891293	0.15485796694	0.530775440677	0.157937679452
che-	0.49170983857	0.337962685665	0.0961638466329	0.0741636291321
pjü-	0.47152624382	0.34263174503	0.095718943936	0.0901230672137
ẽ's-	0.506782419967	0.436245252306	0.026044492675	0.0309278350515
asi-	0.0177012568084	0.971973010053	0.00184388091754	0.00848185222068
tũt-	0.519786096257	0.258823529412	0.146524064171	0.0748663101605
xëd-	0.437633864193	0.53186805449	0.0114682867764	0.019029794541
mue-	0.237037037037	0.707407407408	0.0444444444444	0.0111111111111
mog-	0.0704347826087	0.459130434783	0.14347826087	0.326956521739
tol-	0.141791044776	0.858208955224	0.0	0.0
bë'-	0.349330967973	0.365174476758	0.16518202578	0.120312529488
sio-	0.0	0.989595375723	0.0	0.0104046242774
mus-	0.339230847149	0.493297768174	0.0671911402235	0.100280244454
pud-	0.125	0.875	0.0	0.0
jũs-	0.330472103004	0.407725321888	0.214592274678	0.0472103004292
ö't-	0.576936949042	0.156296078896	0.0362001110314	0.23056686103
moi-	0.0620796882902	0.91607440571	0.00209804619448	0.0197478598056
exc-	0.716287215412	0.194395796848	0.031523642732	0.0577933450087
dod-	0.69592476489	0.0564263322884	0.247648902821	0.0
uzí-	0.0	1.0	0.0	0.0
siñ-	0.722222222222	0.12962962963	0.037037037037	0.111111111111
däj-	0.388513513514	0.304054054054	0.263513513514	0.0439189189189
o'ñ-	0.390728476821	0.470198675497	0.0993377483444	0.0397350993378
xoñ-	0.014078372055	0.951086846647	0.0164612192311	0.0183735620671
mbü-	0.635987499292	0.251745589514	0.0485804068107	0.0636865043831
ta'-	0.745302713987	0.0793319415449	0.0	0.175365344468
äjt-	0.894878706199	0.0727762803234	0.0323450134771	0.0
apa-	0.153153153153	0.615186615187	0.108108108108	0.123552123552
san-	0.188386241569	0.438288409163	0.346691546302	0.0266338029653
mü'-	0.156461482729	0.427733077738	0.0510067308397	0.364798708693
cãr-	0.249291170497	0.285360469824	0.0708913493973	0.394457010282
üji-	0.165942199248	0.760690789474	0.0510455827068	0.0223214285715
arm-	0.0	0.964912280702	0.0350877192982	0.0
cal-	0.0304259634889	0.872210953347	0.0912778904665	0.00608519269777
bün-	0.39941550883	0.134939080106	0.0782979184614	0.387347492603
t'ü-	0.00508474576271	0.954237288136	0.0	0.0406779661016
mes-	0.180579216354	0.788756388416	0.0102214650767	0.0204429301533
sed-	0.0	0.722222222222	0.277777777778	0.0
adi-	0.0	1.0	0.0	0.0
ami-	0.0	1.0	0.0	0.0
nuj-	0.266306874728	0.163668404163	0.0279904738176	0.542034247291
'ne-	0.341477651768	0.389176117412	0.119246164109	0.150100066711
züj-	0.676923076923	0.0615384615385	0.0	0.261538461538
tĩg-	0.266019417476	0.44854368932	0.26213592233	0.0233009708738
jmõ-	0.0466918136405	0.942297889693	0.00489346518504	0.00611683148129
gól-	0.0	1.0	0.0	0.0
ged-	0.0588235294118	0.941176470588	0.0	0.0
ela-	0.0	1.0	0.0	0.0
nut-	0.103252920853	0.209203290708	0.0172709308981	0.670272857541
sjũ-	0.163178938623	0.348121559871	0.440602606709	0.048096894797
ñag-	0.576591242064	0.235208831266	0.104898668951	0.0833012577191
̱mü-	0.647619047619	0.228571428572	0.104761904762	0.0190476190476
yem-	0.443044940385	0.285019871599	0.161877101804	0.110058086212
sat-	0.0717546717529	0.779591310163	0.134631878725	0.0140221393587
sjë-	0.37173569592	0.342569932778	0.222344413122	0.0633499581797
ünm-	0.334642356241	0.446563814867	0.173352033661	0.0454417952314
heb-	0.00560822539725	0.960742422219	0.0280411269863	0.00560822539721
ani-	0.138064679316	0.793776033486	0.0344488550366	0.033710432161
pö'-	0.454579262654	0.414163952881	0.0419330197403	0.0893237647248
ban-	0.429755614267	0.534180977543	0.0360634081902	0.0
arq-	0.225165562914	0.761589403974	0.0	0.0132450331126
ale-	0.067731629393	0.850905218317	0.0788072417466	0.00255591054313
sid-	0.43502069486	0.217065862132	0.0615634124327	0.286350030576
luc-	0.0707911957168	0.907792980369	0.0	0.0214158239143
dec-	0.0140186915888	0.747663551402	0.00934579439254	0.228971962617
net-	0.263253012048	0.485968489342	0.164587581094	0.0861909175162
jät-	0.186813186813	0.758241758242	0.0	0.054945054945
zũj-	0.430344345394	0.283342073064	0.24785876595	0.0384548155917
var-	0.157278304518	0.783602900167	0.0457334076966	0.0133853876185
siv-	0.043145004944	0.93713263755	0.0178440377435	0.00187831976247
jë'-	0.245614035088	0.0	0.0	0.754385964912
trä-	0.53125	0.375	0.0	0.09375
vez-	0.073597844722	0.486621356845	0.0266348273329	0.4131459711
sog-	0.598592492742	0.275515806873	0.0426575183124	0.0832341820731
pëg-	0.420878210439	0.264291632146	0.225352112676	0.089478044739
jí'-	0.493405676588	0.299565166944	0.0887623004713	0.118266855997
cre-	0.514189852156	0.34313415709	0.0601811045883	0.0824948861652
bëz-	0.0874094219078	0.683760225139	0.0453099708153	0.183520382138
fav-	0.564492988384	0.315175637525	0.021752209932	0.0985791641598
fre-	0.481366459627	0.462732919255	0.0186335403727	0.0372670807453
tia-	0.0	0.9712	0.024	0.0048
jo'-	0.309228550829	0.228478731074	0.281975486662	0.180317231435
oné-	0.23046875	0.41796875	0.0325520833334	0.319010416667
bax-	0.831472766393	0.00520222592312	0.163325007684	0.0
mäc-	0.313115716458	0.3641161573	0.204361634173	0.118406492069
mbi-	0.55367378765	0.3226505586	0.0881837442855	0.0354919094647
zap-	0.0891753701505	0.856665131946	0.0358640075605	0.0182954903434
xog-	0.539862786846	0.128045895434	0.307251005441	0.0248403122782
cum-	0.335923150691	0.367326040668	0.10552151228	0.191229296361
zab-	0.0	1.0	0.0	0.0
zëm-	0.566253574833	0.281220209724	0.0381315538608	0.114394661582
nef-	0.0	1.0	0.0	0.0
tju-	0.402135231317	0.548042704626	0.0	0.0498220640569
jäb-	0.395174708819	0.557681641708	0.0	0.0471436494732
rvi-	0.227688166826	0.0794945754867	0.0484053598381	0.644411897849
nit-	0.0941129355226	0.763849953277	0.0786276865572	0.0634094246429
zũv-	0.192	0.776	0.032	0.0
eñb-	0.692307692308	0.286713286713	0.020979020979	0.0
ëji-	0.8	0.2	0.0	0.0
nah-	0.0	1.0	0.0	0.0
feb-	0.405693950178	0.551601423488	0.0	0.0427046263345
amé-	0.0578133193498	0.191137912952	0.00367068694284	0.747378080755
tre-	0.00915471467807	0.0808666463228	0.0347879157766	0.875190723222
tũs-	0.0509090909091	0.56	0.287272727273	0.101818181818
apó-	0.115416872576	0.720649513743	0.0290276972816	0.134905916399
lug-	0.109261518895	0.82869246622	0.0311743391861	0.0308716756988
ütc-	0.748063723947	0.251936276053	0.0	0.0
elm-	0.0	1.0	0.0	0.0
agr-	0.023569023569	0.96632996633	0.006734006734	0.003367003367
dyë-	0.149402236841	0.658603722513	0.0140545166122	0.177939524034
moj-	0.25543596525	0.727964602758	0.0124983958532	0.00410103613933
dog-	0.298439531859	0.613784135241	0.0877763328999	0.0
leg-	0.184466019417	0.553398058252	0.0194174757281	0.242718446602
rmí-	0.378652527232	0.258486542562	0.0380381534205	0.324822776785
ixq-	0.535917901939	0.409350057012	0.0136830102623	0.0410490307867
maj-	0.0738954273586	0.726992089523	0.113061933243	0.0860505498746
pjë-	0.246357889626	0.494028184607	0.114108266628	0.145505659138
neá-	0.0408163265306	0.959183673469	0.0	0.0
tec-	0.344262295082	0.55737704918	0.0	0.0983606557377
cam-	0.25556580123	0.614697431173	0.0636960636093	0.0660407039876
ünn-	0.386978602947	0.212638414786	0.281491965698	0.118891016568
mix-	0.0212765957447	0.723404255319	0.234042553191	0.0212765957447
min-	0.264838481084	0.453972181411	0.123571178668	0.157618158837
est-	0.129388721818	0.720902867659	0.0481414663261	0.101566944196
je'-	0.574756708935	0.208787968151	0.185491005603	0.0309643173105
s'ö-	0.282352941176	0.2	0.423529411765	0.0941176470588
cjë-	0.0137178851594	0.927310372984	0.0140678312094	0.0449039106471
ixc-	0.297953488372	0.215348837209	0.0848372093023	0.401860465116
nue-	0.113996136067	0.0962746426874	0.60523148195	0.184497739296
me'-	0.139965694683	0.0415094339622	0.812349914237	0.00617495711835
juã-	0.666666666667	0.333333333333	0.0	0.0
max-	0.290774201268	0.0768218260142	0.0358980495393	0.596505923178
ü't-	0.840604026846	0.104026845638	0.0352348993288	0.0201342281879
zë'-	0.406961091198	0.45874758746	0.0895275475615	0.0447637737807
gog-	0.0655737704918	0.901639344262	0.0327868852459	0.0
ñäd-	0.458471760797	0.384274640089	0.0132890365448	0.143964562569
nep-	0.328328130245	0.338559758269	0.229103498232	0.104008613255
sau-	0.0335614512047	0.847567263523	0.00843723633637	0.110434048936
pri-	0.123565754634	0.7493380406	0.112974404237	0.0141218005296
xĩ'-	0.588351431392	0.346495557749	0.0592300098717	0.00592300098716
pop-	0.753136295981	0.246863704019	0.0	0.0
o'o-	0.227724823871	0.61520928305	0.0617488603398	0.0953170327393
arp-	0.0464316423044	0.953568357696	0.0	0.0
ñez-	0.689786698267	0.15001481262	0.0606576803437	0.099540808769
zög-	0.235144214062	0.176995250782	0.0486505270474	0.539210008109
pös-	0.284256559767	0.584548104956	0.0874635568513	0.0437317784257
tjõ-	0.0519603212093	0.924292523726	0.00420835659381	0.0195387984712
men-	0.164112704801	0.58427753131	0.103337635624	0.148272128265
ric-	0.11808572256	0.15837677382	0.70398928468	0.01954821894
xõp-	0.27868852459	0.0983606557377	0.622950819672	0.0
chö-	0.615163090003	0.281772479214	0.0642128368571	0.0388515939255
ngö-	0.528340089197	0.260991339903	0.0613233265787	0.149345244321
opj-	0.699406588909	0.184980560671	0.0446081440557	0.0710047063638
ngä-	0.641279069767	0.133720930233	0.104651162791	0.120348837209
zo'-	0.428725279751	0.296141391342	0.090545634262	0.184587694645
squ-	0.130609751716	0.670690956128	0.0765333620783	0.122165930078
jũ'-	0.543882948086	0.307561775884	0.0833114048006	0.0652438712294
bos-	0.0558970807259	0.911005963581	0.0198581734158	0.0132387822772
hüe-	0.758064516129	0.0	0.0322580645161	0.209677419355
chä-	0.586492424705	0.320004110114	0.0252029455	0.0683005196811
mäp-	0.398918507235	0.339695354151	0.191774562072	0.0696115765423
ẽgu-	0.294545454545	0.607272727273	0.0545454545454	0.0436363636364
tĩt-	0.348148148148	0.111111111111	0.496296296296	0.0444444444444
tjë-	0.243437620528	0.635785103342	0.0573088005082	0.0634684756222
pit-	0.244405594406	0.568881118881	0.174125874126	0.0125874125874
eti-	0.0	0.827586206897	0.172413793103	0.0
elí-	0.0205838323353	0.954715568862	0.0	0.0247005988024
hor-	0.0526241733502	0.895033065991	0.0227944280287	0.0295483326298
ndü-	0.800633149597	0.142658890016	0.012871139222	0.0438368211649
sem-	0.20207253886	0.79792746114	0.0	0.0
yëb-	0.107008847918	0.892991152082	0.0	0.0
cle-	0.0242914979757	0.914979757085	0.0242914979757	0.0364372469636
fai-	0.159203980099	0.621890547264	0.218905472637	0.0
piz-	0.398137369034	0.272021730695	0.189367481568	0.140473418704
pet-	0.135568970932	0.677565690756	0.106256761001	0.0806085773109
anf-	0.0	1.0	0.0	0.0
quí-	0.0	0.913461538462	0.0865384615385	0.0
lot-	0.0176413100677	0.873203083888	0.102540114769	0.0066154912754
xop-	0.562807011421	0.338251332746	0.0439740692592	0.054967586574
bau-	0.304347826087	0.326086956522	0.239130434783	0.130434782609
pãx-	0.450592885375	0.478260869565	0.0237154150198	0.0474308300395
chu-	0.639011137762	0.309125232821	0.0268922522905	0.024971377127
lep-	0.0641992121006	0.788434414669	0.144448227226	0.00291814600458
paz-	0.0266666666667	0.453333333333	0.52	0.0
dav-	0.0138031928259	0.958389404151	0.00480208164655	0.0230053213765
pát-	0.0	1.0	0.0	0.0
tan-	0.234160157142	0.542734457083	0.159791695217	0.0633136905578
caí-	0.0291262135922	0.947572815534	0.0	0.0233009708738
ngu-	0.218216584167	0.133464004011	0.0267733737394	0.621546038083
enz-	0.417327244529	0.119765638463	0.0198173358608	0.443089781148
sur-	0.046875	0.4328125	0.23671875	0.28359375
ton-	0.0196078431373	0.549019607843	0.43137254902	0.0
jün-	0.426281430393	0.376983258955	0.0862086347379	0.110526675914
gui-	0.0791579693272	0.109547244549	0.0255244064361	0.785770379688
cjö-	0.0379710573485	0.896442570868	0.0	0.0655863717838
nan-	0.171837634639	0.529141888456	0.147497306678	0.151523170227
bee-	0.146017699115	0.827433628319	0.0265486725664	0.0
tũr-	0.0659281917263	0.395064294836	0.489115908888	0.0498916045496
täj-	0.787838967531	0.127311158144	0.0580428163628	0.0268070579617
xüc-	0.754759238522	0.161254199328	0.06718924972	0.01679731243
co'-	0.359125667796	0.323125807465	0.216138831663	0.101609693076
put-	0.0	0.96	0.04	0.0
tin-	0.101910828026	0.898089171974	0.0	0.0
ẽgö-	0.514705882353	0.34693877551	0.0408163265306	0.0975390156062
pub-	0.0210966851491	0.969234000824	0.00966931402666	0.0
exm-	0.503664848949	0.244951757139	0.0575161237716	0.19386727014
top-	0.0	0.927272727273	0.0727272727273	0.0
übü-	0.86524822695	0.13475177305	0.0	0.0
tér-	0.2874251497	0.682634730539	0.0179640718563	0.0119760479042
tun-	0.502944893852	0.418331972596	0.0478125027761	0.0309106307757
jiy-	0.188779106499	0.124839470397	0.0474653931274	0.638916029976
dad-	0.200727552348	0.080296935999	0.681119129303	0.0378563823494
nuv-	0.761643835617	0.147945205479	0.0328767123287	0.0575342465753
rom-	0.0638324091189	0.651016635859	0.247443006778	0.037707948244
ti'-	0.0364741641337	0.790273556231	0.118541033435	0.0547112462006
jyo-	0.30462457672	0.155878560423	0.0941941573047	0.445302705552
can-	0.0712643678161	0.883908045977	0.0425287356322	0.00229885057471
jes-	0.0109989709444	0.684861316353	0.00383995962979	0.300299753073
'ma-	0.0511208286458	0.0246792664638	0.00288679704277	0.921313107848
to'-	0.0197368421053	0.980263157895	0.0	0.0
cüj-	0.251058530511	0.674765085475	0.0228235027737	0.0513528812408
con-	0.186340721012	0.675259202892	0.0621135736707	0.0762865024255
mbẽ-	0.0955057004953	0.872815867747	0.0236949831091	0.00798344864821
mir-	0.0849748937814	0.778292777134	0.132869833913	0.00386249517188
cap-	0.0502882013881	0.929714151276	0.00882249147159	0.011175155864
zöv-	0.659604519774	0.158192090395	0.139830508475	0.0423728813559
pöb-	0.158038976857	0.14413317093	0.685647584247	0.0121802679659
tsj-	0.41156673827	0.220054718698	0.057782212118	0.310596330915
ara-	0.00857142857142	0.991428571429	0.0	0.0
gad-	0.0566716641679	0.891904047976	0.0388305847077	0.0125937031484
nud-	0.14877563961	0.0816406500473	0.0267172037418	0.742866506601
ẽcj-	0.335881860264	0.580994329957	0.0100308493098	0.073092960469
möj-	0.762649106056	0.0900523980488	0.0052629823529	0.142035513542
ügö-	0.45671641791	0.391044776119	0.0776119402985	0.0746268656716
xcu-	0.596153846154	0.211538461538	0.0961538461538	0.0961538461538
'hu-	0.450313117766	0.364091454088	0.0652514452641	0.120343982882
pzë-	0.236786469345	0.200845665962	0.503171247357	0.059196617336
jus-	0.0186915887851	0.981308411215	0.0	0.0
teó-	0.111612175874	0.748590755355	0.0676437429537	0.0721533258173
eze-	0.0	1.0	0.0	0.0
jos-	0.0318064516129	0.952451612903	0.00503225806452	0.0107096774194
jñe-	0.438281967295	0.287366343231	0.1260994477	0.148252241774
mün-	0.303471332153	0.331457428404	0.0652094838843	0.299861755559
gav-	0.0	1.0	0.0	0.0
c'í-	0.0273689987896	0.501203059839	0.00646369013491	0.464964251236
pos-	0.104498880369	0.321639411006	0.279907715274	0.29395399335
sũj-	0.265493466501	0.400713137325	0.278370754759	0.0554226414154
bur-	0.31614231613	0.617399776942	0.0261664603581	0.0402914465702
cor-	0.0404487788521	0.915888895099	0.0241016039792	0.0195607220701
chõ-	0.275856921113	0.584218373491	0.0606108164699	0.0793138889261
bol-	0.0	0.923076923077	0.0384615384615	0.0384615384615
efe-	0.0232084690554	0.948697068404	0.01832247557	0.00977198697069
hue-	0.15006385696	0.752234993614	0.0268199233717	0.0708812260536
tõj-	0.399681832644	0.451829462297	0.107922367165	0.0405663378937
dyi-	0.074074074074	0.876543209877	0.0	0.0493827160494
t'o-	0.511291156342	0.401324529056	0.0343918952166	0.0529924193857
töt-	0.665920888955	0.175655221759	0.0760933641454	0.0823305251408
pji-	0.1053199831	0.863159071839	0.0277684516013	0.00375249345963
ngõ-	0.265445704254	0.545139262148	0.0673573188324	0.122057714765
ngã-	0.37785767268	0.417558643306	0.132530873095	0.0720528109186
aca-	0.0414779499404	0.957091775924	0.00143027413588	0.0
zöj-	0.353007859734	0.425559250302	0.0589480048368	0.162484885127
chë-	0.508649188898	0.221701135286	0.0724737961611	0.197175879654
bor-	0.847298256139	0.0813090204267	0.0713927234339	0.0
chũ-	0.378435751606	0.459163135095	0.0565488565049	0.105852256794
nev-	0.582677165354	0.226096737908	0.0607424071991	0.130483689539
t'a-	0.0611371640482	0.909749900691	0.0174677611566	0.0116451741044
jär-	0.177542511754	0.40546020423	0.113809302406	0.30318798161
yöx-	0.16	0.08	0.56	0.2
jue-	0.186783785125	0.599475846478	0.154868056478	0.0588723119179
ced-	0.0740740740741	0.925925925926	0.0	0.0
sot-	0.423220973783	0.475655430712	0.0561797752809	0.0449438202247
biz-	0.09220636663	0.90779363337	0.0	0.0
züt-	0.741873804971	0.235181644359	0.0	0.0229445506692
bëx-	0.109108202778	0.602985156529	0.0815796453298	0.206326995363
fru-	0.414462081129	0.320987654321	0.26455026455	0.0
cir-	0.441622964394	0.458270080044	0.0625517526912	0.0375552028706
for-	0.00782778864969	0.956947162427	0.0	0.0352250489237
céb-	0.0324675324675	0.928571428571	0.038961038961	0.0
xes-	0.0139796228181	0.0956328000271	0.0462820522425	0.844105524912
ber-	0.0427185903605	0.899681646554	0.0287258458577	0.0288739172281
bëv-	0.275974025974	0.24025974026	0.386363636364	0.0974025974026
tso-	0.341544200405	0.363146550879	0.225184454308	0.0701247944081
unü-	0.597967966748	0.177754963301	0.0348241503638	0.189452919587
viv-	0.263157894737	0.184210526316	0.421052631579	0.131578947368
pes-	0.414316870614	0.428837974262	0.0538564689282	0.102988686196
álo-	0.126463700234	0.817330210773	0.056206088993	0.0
bid-	0.0113803404618	0.897956280525	0.0878182938973	0.00284508511547
zar-	0.0155440414508	0.875647668394	0.0	0.108808290155
c'i-	0.14150845091	0.777798907947	0.0485979409374	0.0320947002063
bat-	0.261992619926	0.645756457565	0.0590405904059	0.0332103321033
zib-	0.56862745098	0.235294117647	0.176470588235	0.0196078431373
loi-	0.214285714286	0.607142857143	0.178571428571	0.0
ndã-	0.136433447099	0.401535836178	0.35861774744	0.103412969283
jen-	0.0649126222394	0.573964844097	0.0980286328473	0.263093900817
oso-	0.0	0.780487804878	0.219512195122	0.0
pä'-	0.334047109208	0.633832976445	0.0	0.0321199143469
xos-	0.628764227033	0.208794800473	0.0495779980185	0.112862974476
cäd-	0.693001753547	0.138307030129	0.0547106647537	0.11398055157
yät-	0.586612725267	0.228883167831	0.0324874341057	0.152016672796
señ-	0.273726040206	0.667367928939	0.0504908835905	0.00841514726506
tam-	0.0	1.0	0.0	0.0
jan-	0.747949315474	0.155989075134	0.0453560351894	0.0507055742024
bön-	0.631171345595	0.266214908035	0.0280735721201	0.0745401742498
rel-	0.206106870229	0.770992366412	0.0229007633588	0.0
s'a-	0.113906711845	0.496791867926	0.34604570687	0.0432557133588
zũp-	0.334115900339	0.589217278337	0.0653087737206	0.0113580476036
tji-	0.0921698814962	0.360407079417	0.14057921401	0.406843825077
jän-	0.232134292566	0.474820143885	0.137649880096	0.155395683453
ocü-	0.413526570048	0.352657004831	0.195169082126	0.0386473429951
chj-	0.458980982302	0.303172690915	0.08752425712	0.150322069663
on'-	0.227247655819	0.511307225593	0.221731936018	0.0397131825703
die-	0.0828579340903	0.485793409028	0.00974799224589	0.421600664636
tim-	0.0246736136064	0.9532878189	0.00934243621991	0.0126961312732
tri-	0.167051215117	0.73179850784	0.091954797312	0.00919547973121
zen-	0.490238749278	0.315534223623	0.0612810953162	0.132945931783
rah-	0.0431372549019	0.956862745098	0.0	0.0
mol-	0.310837227362	0.475752138927	0.106705316856	0.106705316856
zox-	0.78716964084	0.0786537158346	0.062615766885	0.07156087644
ham-	0.0629685157421	0.700899550225	0.0	0.236131934033
xün-	0.0529801324503	0.887417218543	0.0198675496689	0.0397350993377
zan-	0.105454371624	0.69273547174	0.141498159568	0.0603119970681
tes-	0.0911552866609	0.810267934313	0.0521117833478	0.0464649956785
dac-	0.366672461463	0.384985792305	0.0641916328578	0.184150113375
jon-	0.263106426063	0.459175388112	0.212582189288	0.0651359965363
jer-	0.0140065041697	0.977299803587	0.00175081302122	0.00694287922208
ñu'-	0.576654170725	0.228115325393	0.0718199278536	0.123410576028
'ñe-	0.181681668165	0.11801224517	0.0216040935942	0.678701993071
nzo-	0.240911381163	0.277265856512	0.411880748439	0.0699420138859
rmá-	0.335448057098	0.357652656622	0.137985725615	0.168913560666
cya-	0.739130434783	0.217391304348	0.0434782608696	0.0
unn-	0.50307834001	0.235196972928	0.0887795981145	0.172945088947
nij-	0.626235255691	0.185060774677	0.100304791429	0.0883991782034
jëz-	0.467641481715	0.284361374118	0.0905881162906	0.157409027877
mah-	0.0	1.0	0.0	0.0
eno-	0.0838639540301	0.74840813791	0.153750582389	0.0139773256717
xot-	0.290748898678	0.68281938326	0.0	0.0264317180617
alg-	0.278787878788	0.563636363636	0.0969696969697	0.0606060606061
seg-	0.228149927095	0.741830345656	0.0300197272493	0.0
tse-	0.175620818919	0.402646980064	0.393693428893	0.0280387721239
pöc-	0.326063639614	0.283518055059	0.0679299249196	0.322488380408
mil-	0.0257586972613	0.20829015544	0.00621761658031	0.759733530718
jij-	0.933291770574	0.0480049875312	0.0130922693267	0.00561097256858
süj-	0.654976019185	0.230815347722	0.0602517985611	0.0539568345323
nug-	0.347186503446	0.356530535267	0.0499262764462	0.24635668484
c'ü-	0.0847464939835	0.0259060846559	0.00309917936822	0.886248241992
bö'-	0.511246061162	0.37713844185	0.0288546282099	0.0827608687779
rep-	0.282051282051	0.615384615385	0.102564102564	0.0
zon-	0.638590036164	0.201171124782	0.0633070956035	0.0969317434514
söy-	0.170182779124	0.782450801786	0.0184981281656	0.0288682909251
za'-	0.0709324564641	0.870192038833	0.0172242168014	0.0416512879017
ñir-	0.292201382034	0.560710760119	0.0937808489634	0.0533070088845
así-	0.0	1.0	0.0	0.0
ya'-	0.801429108688	0.162467092892	0.0180518992102	0.0180518992102
jur-	0.252918287938	0.696011673152	0.0364785992218	0.0145914396887
züg-	0.252631578947	0.215789473684	0.078947368421	0.452631578947
sër-	0.443396226415	0.235849056604	0.245283018868	0.0754716981132
alt-	0.0316205533597	0.928853754941	0.0237154150198	0.0158102766798
rrĩ-	0.527480140346	0.187027130496	0.0321485080568	0.2533442211
jor-	0.0461538461538	0.923076923077	0.0205128205128	0.0102564102564
naí-	0.151162790698	0.686046511628	0.0	0.162790697674
sej-	0.00745897563401	0.98176694845	0.0091165257749	0.00165755014089
anx-	0.0129848086226	0.959481577575	0.0173130781635	0.0102205356385
ñab-	0.317647058824	0.247058823529	0.0	0.435294117647
nza-	0.0955613928566	0.0663233956142	0.0182501553185	0.819865056211
boc-	0.373983739837	0.414634146341	0.178861788618	0.0325203252033
xäj-	0.122448979592	0.836734693878	0.0204081632653	0.0204081632653
por-	0.168940874262	0.391348497157	0.0588622741344	0.380848354447
alf-	0.0	1.0	0.0	0.0
cos-	0.36377229131	0.532839794318	0.0268042740965	0.0765836402757
sig-	0.568284912482	0.293154184693	0.03310644796	0.105454454865
cöt-	0.421971252567	0.241273100616	0.163244353183	0.173511293634
ngi-	0.0937499999998	0.90625	0.0	0.0
ped-	0.140152456501	0.766259831166	0.0164864508825	0.0771012614512
epa-	0.119979134064	0.832029212311	0.0271257172665	0.0208659363589
ord-	0.210526315789	0.444444444445	0.175438596491	0.169590643275
mel-	0.0792210366013	0.869084498962	0.03417091717	0.0175235472666
zöy-	0.0	0.309090909091	0.472727272727	0.218181818182
láz-	0.0630063006301	0.8499849985	0.00600060006	0.0810081008101
jäs-	0.458172131667	0.354474535422	0.091456840236	0.0958964926745
jñõ-	0.277063922579	0.598947539152	0.0637063201715	0.0602822180973
jud-	0.0430563166157	0.924455229753	0.0104442622478	0.0220441913834
'mã-	0.307980060573	0.399366811665	0.151395502475	0.141257625286
ñin-	0.0652173913043	0.847826086957	0.0434782608696	0.0434782608696
cis-	0.0	1.0	0.0	0.0
më'-	0.73732718894	0.244239631336	0.0	0.0184331797235
paj-	0.0162951227792	0.934819508883	0.0488853683377	0.0
cie-	0.0228085942149	0.249442615792	0.0485165859996	0.679232203993
pëz-	0.649690199897	0.161179783295	0.106411218547	0.0827187982609
ca'-	0.344241393965	0.579260518487	0.0	0.0764980875478
yu'-	0.262921348315	0.63595505618	0.101123595506	0.0
and-	0.00633484162895	0.988235294118	0.0	0.00542986425338
xat-	0.574468085106	0.163120567376	0.0921985815602	0.170212765957
xäd-	0.74054054054	0.227027027027	0.0324324324324	0.0
per-	0.135582389882	0.0665540316827	0.0153769411194	0.782486637316
ñux-	0.419047619048	0.580952380952	0.0	0.0
möc-	0.561439360256	0.157432973888	0.0648527313827	0.216274934473
tõ'-	0.683823529412	0.233455882353	0.0220588235294	0.0606617647058
lid-	0.0287769784173	0.971223021583	0.0	0.0
div-	0.578406169666	0.359897172236	0.0462724935733	0.0154241645244
ata-	0.0	1.0	0.0	0.0
dat-	0.631607759948	0.14188934889	0.0704827727786	0.156020118384
lev-	0.064636097875	0.887356177977	0.0249425605907	0.023065163557
arc-	0.0356536502547	0.964346349745	0.0	0.0
suc-	0.263024142313	0.325285895807	0.411689961881	0.0
saú-	0.723300970874	0.218446601942	0.0291262135922	0.0291262135922
sũc-	0.253393665158	0.60157790927	0.0672931894652	0.0777352361063
xãx-	0.0182370820669	0.711246200608	0.270516717325	0.0
õtj-	0.123076923077	0.507692307692	0.369230769231	0.0
zöt-	0.264674493063	0.437566702241	0.179295624333	0.118463180363
jai-	0.127167630058	0.815028901734	0.0462427745665	0.0115606936416
tal-	0.0372670807453	0.925465838509	0.0372670807453	0.0
rrã-	0.270966932325	0.252529974019	0.091442637533	0.385060456124
nem-	0.624396967609	0.347346657478	0.00206753962784	0.026188835286
noc-	0.607057574954	0.256832050942	0.11170071637	0.0244096577342
taz-	0.0596480763496	0.821055770951	0.0134208171787	0.10587533552
cañ-	0.12987012987	0.718614718615	0.151515151515	0.0
chi-	0.284765841117	0.60216313557	0.0805444361275	0.0325265871854
nga-	0.381094489406	0.484675418974	0.054183437754	0.0800466538657
bëc-	0.279196962038	0.455681273248	0.166854595176	0.0982671695375
xör-	0.707866191307	0.248137753167	0.0182052643556	0.0257907911704
pax-	0.142268813179	0.762261325346	0.067390490453	0.0280793710221
idi-	0.0641409836967	0.900530613367	0.0236439116927	0.0116844912435
ray-	0.258015361489	0.541338055721	0.147025513251	0.0536210695385
pur-	0.137931034483	0.793103448276	0.0	0.0689655172414
evo-	0.086642599278	0.913357400722	0.0	0.0
tiz-	0.0328542094456	0.926078028747	0.0164271047228	0.0246406570842
i̱ṉ-	0.0525557031282	0.0226995716561	0.00853145623238	0.916213268983
dän-	0.569620253165	0.393630053083	0.0367496937525	0.0
tsa-	0.194826714599	0.652024939617	0.108914227939	0.0442341178453
exo-	0.313615942864	0.10223476558	0.00518373459279	0.578965556964
vü'-	0.35799522673	0.50954653938	0.0930787589498	0.0393794749403
jma-	0.292525252525	0.451717171717	0.14505050505	0.110707070707
ter-	0.0	1.0	0.0	0.0
peñ-	0.0151349735338	0.978138371562	0.0067266549039	0.0
ñe'-	0.58528405335	0.269772912859	0.0	0.144943033791
tã'-	0.377049180328	0.163934426229	0.426229508197	0.0327868852459
nam-	0.235027855153	0.260097493036	0.041782729805	0.463091922006
oli-	0.02870533099	0.958406561219	0.0105448154657	0.00234329232572
lël-	0.0782608695652	0.874782608696	0.015652173913	0.0313043478261
jec-	0.0	1.0	0.0	0.0
tëj-	0.193152144394	0.697800246506	0.0169211807224	0.0921264283773
cán-	0.0487804878049	0.878048780488	0.0487804878049	0.0243902439024
pi'-	0.287746170678	0.457877461707	0.0	0.254376367615
rví-	0.422650826611	0.225413774192	0.0852110002297	0.266724398967
däp-	0.722222222222	0.240740740741	0.0	0.037037037037
col-	0.0894788593904	0.816125860374	0.023598820059	0.070796460177
ä't-	0.306759302873	0.400906735751	0.102449364107	0.189884597268
joc-	0.594042271649	0.236046169035	0.0762006171723	0.093710942144
bös-	0.299465240642	0.64705882353	0.0427807486631	0.0106951871658
tor-	0.125140924464	0.636414881624	0.213077790304	0.0253664036076
lin-	0.0964216798566	0.778041074213	0.118731009706	0.00680623622517
mai-	0.0	1.0	0.0	0.0
ape-	0.0357142857143	0.964285714286	0.0	0.0
os'-	0.283783783784	0.603603603604	0.081081081081	0.0315315315315
'ni-	0.245015689879	0.581856794193	0.117024311389	0.056103204539
águ-	0.278207109737	0.605873261206	0.10200927357	0.0139103554868
tjũ-	0.141165427107	0.774111247503	0.0387512937155	0.0459720316749
täg-	0.264308581245	0.43351292262	0.228000312329	0.0741781838058
ñüg-	0.510638297872	0.425531914894	0.031914893617	0.031914893617
mim-	0.551240732888	0.265018850625	0.0856296662416	0.098110750245
jñu-	0.449878045685	0.362665369028	0.0819024687404	0.105554116547
pól-	0.0446927374301	0.905027932961	0.0335195530726	0.0167597765363
pun-	0.0470917117854	0.10605050054	0.706185341857	0.140672445817
tur-	0.285714285714	0.47619047619	0.238095238095	0.0
ña'-	0.505921978962	0.280748736921	0.0585295822865	0.15479970183
ndr-	0.753814852492	0.193285859613	0.0	0.0528992878942
'ñõ-	0.389948897049	0.329113273927	0.227010092191	0.0539277368327
ëch-	0.578491965389	0.288009888752	0.0222496909765	0.111248454883
zoc-	0.437933628688	0.376076235058	0.0860988046476	0.0998913316058
jig-	0.617890520694	0.34526034713	0.0192256341789	0.0176234979973
xõx-	0.128813559322	0.474576271186	0.223728813559	0.172881355932
söj-	0.423280524322	0.313830786399	0.0682146299527	0.194674059326
teñ-	0.467984763287	0.296813592116	0.0786020920249	0.156599552573
poc-	0.249902127104	0.17225629649	0.14572186698	0.432119709426
ñac-	0.280821917808	0.585258638315	0.0572480065427	0.0766714373339
cob-	0.135021097046	0.817414652858	0.0153433064825	0.0322209436134
bob-	0.0344827586207	0.827586206897	0.137931034483	0.0
xi'-	0.54593667185	0.102008816285	0.0226388888862	0.329415622978
ala-	0.0533484676504	0.919409761634	0.00681044267877	0.0204313280364
jä'-	0.466578870741	0.409787815147	0.0518741178093	0.071759196303
zät-	0.735613601032	0.0697804456708	0.0127339096909	0.181872043606
pom-	0.123076923077	0.815384615385	0.0307692307692	0.0307692307692
saj-	0.527853881279	0.351598173516	0.0803652968036	0.0401826484018
pec-	0.571890145396	0.249326871298	0.0516962843295	0.127086698977
dom-	0.56768558952	0.200873362445	0.231441048035	0.0
gob-	0.0833407612087	0.848649612265	0.0278099652376	0.0401996612889
sëb-	0.0934833683689	0.0885371584023	0.810189192531	0.00779028069742
ser-	0.336448598131	0.644859813084	0.018691588785	0.0
zöz-	0.140991180526	0.512396924576	0.272514340169	0.0740975547288
cri-	0.0379921402869	0.912053676296	0.00751547147344	0.0424387119438
vot-	0.41075794621	0.479217603912	0.0440097799511	0.0660146699267
siz-	0.407035175879	0.381909547739	0.13567839196	0.0753768844221
fij-	0.237288135593	0.152542372881	0.43220338983	0.177966101695
fél-	0.0436005625879	0.9370604782	0.0	0.0193389592124
t'ĩ-	0.216096849245	0.679798099294	0.0414054181947	0.0626996332663
bit-	0.160149205541	0.779261637323	0.0187005677895	0.0418885893461
zür-	0.698943257524	0.136712867244	0.102738851877	0.0616050233555
cef-	0.468571428571	0.445714285714	0.0	0.0857142857143
mäg-	0.362792200931	0.349155639532	0.139380077195	0.148672082341
sẽ'-	0.184022824536	0.701854493581	0.0427960057061	0.0713266761769
xoc-	0.536160880839	0.252383832993	0.0946488085563	0.116806477611
bët-	0.309653297077	0.424541128484	0.131203263086	0.134602311353
fri-	0.0194805194805	0.935064935065	0.0324675324675	0.012987012987
ico-	0.0247770069376	0.946481665015	0.0168483647175	0.01189296333
bet-	0.0134643866972	0.97199407567	0.00484717921099	0.00969435842197
sal-	0.388657921977	0.516146001256	0.0441533318627	0.0510427449051
mbe-	0.415785815573	0.22814737561	0.0639041141157	0.292162694702
xü'-	0.618556701031	0.349369988545	0.0	0.0320733104238
eme-	0.62283754455	0.240897851922	0.0511307107505	0.0851338927767
lic-	0.0394736842105	0.820175438597	0.140350877193	0.0
sũp-	0.409925303172	0.336498624006	0.158919768954	0.094656303868
ren-	0.342391304348	0.620923913044	0.0366847826087	0.0
ma'-	0.50791092769	0.351317199333	0.0463315588188	0.0944403141581
naz-	0.0405858676207	0.944208407871	0.0033542039356	0.0118515205724
t'u-	0.178947368421	0.821052631579	0.0	0.0
pã'-	0.400317804463	0.303180411001	0.121724619991	0.174777164545
ngr-	0.306904619403	0.595788671854	0.00130583818488	0.0960008705587
not-	0.283072817385	0.438277378002	0.228522326534	0.0501274780785
mun-	0.380650994575	0.484629294756	0.0271247739602	0.107594936709
toc-	0.383935395965	0.522847362999	0.0583230866373	0.0348941543983
ënm-	0.190476190476	0.507936507937	0.0634920634921	0.238095238095
xãm-	0.217741935484	0.758064516129	0.0241935483871	0.0
tjo-	0.186890996492	0.672469793426	0.106535013642	0.0341041964402
niz-	0.329654126469	0.134894889835	0.522812486835	0.0126384968614
tsä-	0.468204990609	0.383776048654	0.0241481083982	0.123870852339
saf-	0.147058823529	0.735294117647	0.0	0.117647058824
ãxã-	0.0833333333333	0.833333333333	0.0555555555556	0.0277777777778
böb-	0.743187101864	0.123226151518	0.0124122660778	0.12117448054
sub-	0.5078125	0.2109375	0.140625	0.140625
üvi-	0.183444047011	0.663260091978	0.106285130301	0.0470107307103
tro-	0.0527530115593	0.922317422407	0.0167402890015	0.00818927703255
sjo-	0.401384083045	0.347750865052	0.243944636678	0.00692041522492
nov-	0.0379586593795	0.392661449927	0.117671844077	0.451708046617
ejm-	0.384207778801	0.437435079826	0.0613909744697	0.116966166904
hac-	0.105751391466	0.877551020408	0.00556586270873	0.0111317254174
jiz-	0.396173840675	0.351169752399	0.090243459002	0.162412947924
itu-	0.0	1.0	0.0	0.0
fen-	0.113722077168	0.774876704381	0.0661444734552	0.0452567449956
rob-	0.0	1.0	0.0	0.0
ärj-	0.283018867925	0.169811320755	0.0754716981132	0.471698113208
ñug-	0.343859649123	0.360526315789	0.204385964912	0.0912280701754
teg-	0.576370034431	0.16206828558	0.142645876625	0.118915803364
jít-	0.544310340011	0.291272036432	0.0700555974632	0.0943620260945
com-	0.122476190476	0.587047619048	0.0902857142857	0.20019047619
job-	0.0294117647059	0.852941176471	0.117647058824	0.0
xö'-	0.486068111455	0.388544891641	0.078947368421	0.0464396284829
enm-	0.115909090909	0.543181818182	0.327272727273	0.0136363636364
böt-	0.409127625202	0.478190630049	0.0290791599354	0.0836025848142
exn-	0.335204490778	0.28949478749	0.317562149158	0.0577385725741
tõm-	0.702044367116	0.239669421488	0.0313179643324	0.0269682470639
s'ä-	0.108695652174	0.825217391304	0.0608695652174	0.00521739130435
man-	0.297280646877	0.46567902659	0.0396862729347	0.197354053597
esp-	0.00661865547927	0.965464727131	0.0262360183496	0.00168059904019
enc-	0.355330285426	0.512222973922	0.0205286949253	0.111918045727
päj-	0.387230268992	0.490984333432	0.0331067100207	0.0886786875554
tíq-	0.174780058651	0.795307917889	0.0105571847507	0.0193548387097
mib-	0.1408202528	0.667511732024	0.169516514735	0.0221515004405
arf-	0.0	1.0	0.0	0.0
yax-	0.0521739130434	0.947826086957	0.0	0.0
t'ã-	0.611111111111	0.325163398693	0.063725490196	0.0
zeb-	0.00367421922841	0.994488671157	0.00183710961421	0.0
yep-	0.158528979822	0.208119580743	0.0483231737984	0.585028265637
his-	0.206272363713	0.610608292991	0.0442012207956	0.1389181225
õxc-	0.17031275994	0.392987855598	0.436699384462	0.0
ögü-	0.579632918887	0.222024866785	0.112492599171	0.0858496151569
jit-	0.692898272553	0.138195777351	0.0998080614202	0.0690978886756
zi'-	0.561749462773	0.323705389121	0.027598702229	0.086946445877
yot-	0.315436241611	0.530201342282	0.154362416107	0.0
ch'-	0.383615534126	0.421453257419	0.0728276714285	0.122103537026
'ñö-	0.053488372093	0.813953488372	0.0558139534884	0.0767441860465
rub-	0.0	1.0	0.0	0.0
zob-	0.50183544049	0.390270866726	0.0734122033373	0.0344814894463
pät-	0.375468848945	0.429548443665	0.0551415071363	0.139841200253
jop-	0.275814329714	0.607130634975	0.069579690757	0.047475344554
jax-	0.106382978723	0.842553191489	0.0510638297872	0.0
cas-	0.399082629972	0.317372694908	0.14167233356	0.14187234156
tëg-	0.419126575388	0.509023154545	0.0718502700666	0.0
pob-	0.12	0.712	0.168	0.0
scu-	0.0	1.0	0.0	0.0
tü'-	0.393048128342	0.606951871658	0.0	0.0
bue-	0.284999804634	0.392255694917	0.0371976712382	0.285546829211
nzu-	0.246374900676	0.638488913674	0.0271820617828	0.0879541238674
boa-	0.0229007633588	0.961832061069	0.0152671755725	0.0
ixi-	0.423704981272	0.221298794606	0.122306168704	0.232690055417
mej-	0.198198198198	0.653153153153	0.112612612613	0.036036036036
ant-	0.148126863259	0.535553081187	0.0332243813081	0.283095674245
ärä-	0.799434034713	0.130472100235	0.0218287067661	0.0482651582863
pol-	0.0212801702414	0.953519628157	0.00336002688022	0.0218401747214
õt'-	0.137637028015	0.813641900122	0.0487210718636	0.0
mar-	0.0172400087907	0.77543100022	0.00458237282746	0.202746618162
fel-	0.0165829621909	0.969676869137	0.00464322941344	0.00909693925898
möt-	0.26833976834	0.107142857143	0.147683397683	0.476833976834
sëc-	0.412324266771	0.425129063667	0.0773751567327	0.0851715128293
art-	0.0262690805822	0.966631167909	0.00709975150869	0.0
apo-	0.0145334754384	0.884701094855	0.0	0.100765429706
xtí-	0.582206191764	0.336639615269	0.0135256988278	0.0676284941389
sós-	0.0470588235294	0.929411764706	0.0235294117647	0.0
vos-	0.781818181818	0.218181818182	0.0	0.0
asó-	0.0192307692308	0.961538461538	0.0	0.0192307692308
nda-	0.0933008102907	0.752799360919	0.106745905224	0.0471539235663
cés-	0.0779856837875	0.877809870652	0.0165766670853	0.0276277784754
ciu-	0.155172413793	0.577586206897	0.172413793103	0.0948275862069
pëj-	0.19512195122	0.170731707317	0.390243902439	0.243902439024
ñõn-	0.453278885419	0.488589959164	0.0196973336536	0.0384338217632
cã'-	0.208492975734	0.626436781609	0.0673690932312	0.0977011494253
c'a-	0.388633389309	0.402386554505	0.143592325508	0.0653877306776
era-	0.0	0.987012987013	0.0	0.012987012987
sus-	0.0714285714286	0.857142857143	0.0714285714286	0.0
bro-	0.0141065830721	0.985893416928	0.0	0.0
bla-	0.306850422916	0.344462983988	0.0877159850608	0.260970608035
fam-	0.177777777778	0.533333333333	0.288888888889	0.0
sam-	0.0166301405182	0.977697563491	0.0	0.00567229599072
pãj-	0.367647058824	0.485294117647	0.0	0.147058823529
isl-	0.151154138907	0.825497960266	0.00897996185654	0.0143679389704
xaj-	0.32967032967	0.35409035409	0.301587301587	0.014652014652
tsõ-	0.131754715654	0.776504963816	0.0312307474144	0.0605095731154
emb-	0.153589783243	0.175759723949	0.0207786264275	0.649871866381
lib-	0.249866403828	0.520181928297	0.149157453479	0.0807942143952
lad-	0.132146525163	0.447107155084	0.268058883944	0.15268743581
zũc-	0.193469137066	0.470774900195	0.157641519091	0.178114443648
gri-	0.0228683436785	0.348578895786	0.595883698138	0.0326690623979
cla-	0.0434647624961	0.950325985719	0.0	0.00620925178516
oxt-	0.888888888889	0.0740740740741	0.037037037037	0.0
da'-	0.534781026397	0.223942258105	0.0690035687971	0.172273146701
xep-	0.56338028169	0.338028169014	0.0985915492958	0.0
ñi'-	0.122290017453	0.746957932636	0.090079700356	0.0406723495547
clo-	0.030303030303	0.909090909091	0.0	0.0606060606061
dez-	0.079207920792	0.871287128713	0.049504950495	0.0
