jer-	0.0492813141684	0.926078028747	0.0	0.0246406570842
neu-	0.454690200609	0.260963377771	0.109988763979	0.174357657641
ris-	0.0	1.0	0.0	0.0
tut-	0.13960108061	0.39231679785	0.235601789726	0.232480331814
gin-	0.186008230453	0.700411522634	0.0135802469136	0.1
vuǥ-	0.569047619048	0.366666666667	0.0642857142857	0.0
del-	0.325730180807	0.594436717663	0.0525730180807	0.0272600834492
maa-	0.186601569574	0.296840644669	0.0274507312664	0.48910705449
pev-	0.459541469993	0.190155091032	0.191503708699	0.158799730276
bev-	0.297165991903	0.605668016194	0.0437246963563	0.0534412955465
ipu-	0.533437013997	0.242612752722	0.0653188180404	0.158631415241
mei-	0.372497509862	0.403003340997	0.170432136228	0.0540670129132
ver-	0.377685155499	0.516511702469	0.0711766591856	0.0346264828471
mah-	0.344435434443	0.292786988369	0.276653554551	0.0861240226373
eda-	0.644824437733	0.238674937231	0.0655616363635	0.0509389886719
tum-	0.100386008114	0.730720111376	0.0468189711641	0.122074909346
kee-	0.188553786699	0.44863637173	0.0521769281983	0.310632913373
emu-	0.0765772674072	0.0201973863183	0.00731660313435	0.89590874314
zei-	0.162599411701	0.142717071576	0.618150125286	0.076533391437
lis-	0.0499029052109	0.912591885884	0.0119766972506	0.0255285116548
ism-	0.00997506234414	0.840399002494	0.149625935162	0.0
lùl-	0.321739130435	0.565217391304	0.0	0.113043478261
id--	0.528487543929	0.295650017856	0.0339174621129	0.141944976102
sip-	0.0589569160999	0.920634920635	0.0	0.0204081632653
ana-	0.0207550062545	0.96000745668	0.00590610855393	0.0133314285117
hew-	0.533439078637	0.407987218611	0.00836767182175	0.0502060309305
duy-	0.0648401232194	0.927678324101	0.00748155267916	0.0
sak-	0.342857580997	0.510272462746	0.0366887361363	0.110181220121
pid-	0.0893769816181	0.175293184913	0.366686612354	0.368643221114
ele-	0.08014571949	0.821493624772	0.0765027322405	0.0218579234973
uwa-	0.126155056033	0.71404853966	0.134565393101	0.0252310112065
vil-	0.428571428571	0.478260869565	0.0	0.0931677018634
zaa-	0.21162509049	0.0290310468439	0.0327297249081	0.726614137758
seg-	0.240867121638	0.108390204737	0.0287033319952	0.62203934163
der-	0.0270825311257	0.947246823258	0.0179694519317	0.00770119368501
sun-	0.146649648219	0.781539810963	0.0272446870792	0.0445658537393
ayu-	0.0148760330578	0.092561983471	0.892561983471	0.0
aya-	0.12521884753	0.782294283322	0.0418664839766	0.0506203851717
mil-	0.0250843997802	0.954502630133	0.0157022846824	0.00471068540473
dis-	0.0615384615384	0.869230769231	0.0692307692307	0.0
igi-	0.00300782033287	0.966512933627	0.0304792460397	0.0
teh-	0.32850555504	0.540773063473	0.0554885030793	0.0752328784081
yut-	0.1	0.9	0.0	0.0
sen-	0.182611582312	0.559500896108	0.0758182051798	0.1820693164
ǥuǥ-	0.0504201680672	0.836134453782	0.100840336134	0.0126050420168
sew-	0.584415584416	0.350649350649	0.0	0.064935064935
ini-	0.542289432038	0.398804290487	0.0244417091613	0.0344645683137
bay-	0.085910652921	0.41529209622	0.0302405498282	0.468556701031
mig-	0.858140348277	0.0632161274007	0.00660974155659	0.0720337827655
iit-	0.790697674419	0.093023255814	0.116279069767	0.0
ked-	0.24622203051	0.411118084563	0.0579998722872	0.28466001264
pez-	0.50669647565	0.0467874492931	0.0250986016493	0.421417473407
mey-	0.32183908046	0.206896551724	0.287356321839	0.183908045977
hum-	0.173436939629	0.091850966328	0.052918908149	0.681793185894
erg-	0.255681818182	0.744318181818	0.0	0.0
abr-	0.0108540286027	0.945011350868	0.0338156496748	0.0103189708546
ihe-	0.705882352941	0.0455407969639	0.214421252372	0.0341555977229
nen-	0.245515716627	0.611873403212	0.0744000371599	0.0682108430012
adm-	0.0	1.0	0.0	0.0
zac-	0.047064777328	0.863866396761	0.0313765182186	0.0576923076924
dah-	0.265486725664	0.524918490918	0.0419189566838	0.167675826735
val-	0.0551015118791	0.896146868251	0.00773218142549	0.0410194384449
mul-	0.0703576809516	0.705880296	0.0382769085702	0.185485114478
gaw-	0.266666666667	0.510548523207	0.121518987342	0.101265822785
ate-	0.0935593220339	0.80406779661	0.0203389830509	0.0820338983051
wey-	0.00508439251136	0.00328572590622	0.000526558638817	0.991103322944
kam-	0.0465232616308	0.914957478739	0.0235117558779	0.0150075037518
dey-	0.0330652762358	0.0189326078368	0.00898893767869	0.939013178249
ilm-	0.0	1.0	0.0	0.0
sin-	0.125376716068	0.801027812638	0.0590526536135	0.0145428176809
tag-	0.155152335378	0.779021858986	0.0151585615025	0.0506672441331
mew-	0.469701024787	0.363630869644	0.0959604244187	0.0707076811507
pat-	0.0919354838709	0.801612903226	0.0774193548387	0.0290322580645
reǥ-	0.384615384615	0.615384615385	0.0	0.0
eds-	0.46963276724	0.330007023994	0.0677538440248	0.132606364741
hud-	0.0456948994666	0.8110933296	0.0954649826996	0.0477467882336
ǥiy-	0.391891891892	0.581081081081	0.0	0.027027027027
kem-	0.172493834668	0.509337825369	0.0495566056946	0.268611734268
egk-	0.481195488703	0.251956960365	0.1087231255	0.158124425432
inw-	0.621052631579	0.210526315789	0.0842105263158	0.0842105263158
him-	0.456412825869	0.311794360577	0.107318247535	0.124474566019
ul--	0.572600890239	0.188173744278	0.0540050207793	0.185220344704
diz-	0.105633802817	0.0	0.0633802816901	0.830985915493
ium-	0.312056737589	0.281323877069	0.0614657210402	0.345153664303
kid-	0.0	1.0	0.0	0.0
vel-	0.044927901058	0.910252191391	0.0329189363665	0.0119009711848
kiv-	0.295285359801	0.397022332506	0.280397022333	0.0272952853598
guǥ-	0.131639722864	0.757505773672	0.0138568129331	0.0969976905311
alf-	0.0	1.0	0.0	0.0
vud-	0.243722943723	0.665367965368	0.0701298701299	0.0207792207792
eta-	0.292702485966	0.50922213312	0.128307939054	0.0697674418605
sig-	0.304374205478	0.28371663007	0.0541719634809	0.357737200971
buu-	0.0181818181818	0.981818181818	0.0	0.0
nge-	0.541095890411	0.424657534247	0.0	0.0342465753424
zer-	0.309523809524	0.547619047619	0.047619047619	0.0952380952381
nai-	0.0425531914894	0.957446808511	0.0	0.0
idt-	0.521993877785	0.292902218313	0.0813229296976	0.103780974204
bak-	0.31090487239	0.68909512761	0.0	0.0
haa-	0.224008416409	0.0399429628983	0.00748349474032	0.728565125953
ped-	0.0301282970428	0.942962780884	0.00389192732338	0.0230169947493
say-	0.283173414463	0.340276152586	0.254153990171	0.12239644278
gug-	0.0	0.923076923077	0.0769230769231	0.0
vèb-	0.0507150228513	0.923632610939	0.0221141088014	0.00353825740822
sap-	0.368949771689	0.55799086758	0.062100456621	0.0109589041096
asi-	0.0	1.0	0.0	0.0
eve-	0.0	1.0	0.0	0.0
tip-	0.239542185759	0.559910868024	0.080691448057	0.11985549816
uva-	0.465170797053	0.287340924313	0.17180174146	0.0756865371735
rer-	0.400739827374	0.540073982737	0.0443896424168	0.0147965474723
ǥap-	0.00522951772225	0.984601975596	0.0	0.0101685066822
amu-	0.126506024096	0.840361445783	0.0150602409638	0.0180722891566
mel-	0.29116684172	0.410057869106	0.19632280512	0.102452484054
kri-	0.0103130317143	0.966486893198	0.00429259292796	0.0189074821593
haz-	0.003870254331	0.934574272024	0.0473645410984	0.014190932547
tew-	0.0578703324008	0.0440738069686	0.0149319694221	0.883123891208
hus-	0.200041852305	0.269251452056	0.251941143979	0.27876555166
mir-	0.0400348128808	0.9181897302	0.041775456919	0.0
isa-	0.163956295776	0.806626200716	0.0209831143904	0.00843438911771
kez-	0.110877584303	0.61485684926	0.153717894973	0.120547671464
mus-	0.209775967413	0.720977596741	0.0692464358452	0.0
pud-	0.209077715194	0.104651162791	0.0449220774733	0.641349044542
dio-	0.0505617977528	0.949438202247	0.0	0.0
luǥ-	0.815779214081	0.119604610546	0.0646161753728	0.0
ita-	0.255133104939	0.543753026059	0.122747935179	0.0783659338231
mum-	0.0198675496689	0.973509933775	0.0	0.00662251655628
siy-	0.0252827677978	0.644710578842	0.0189620758483	0.311044577512
hei-	0.221541440643	0.0295466842225	0.00494915938137	0.743962715754
hur-	0.0	1.0	0.0	0.0
ǥet-	0.0843478260869	0.829565217391	0.0208695652174	0.0652173913044
ibp-	0.493632774448	0.317840704316	0.0563955492582	0.132130971977
lau-	0.771623222749	0.0995260663507	0.00888625592417	0.119964454976
moi-	0.0574460469269	0.909861366945	0.00274491035304	0.0299476757748
ura-	0.0387557368689	0.801971783104	0.0256671766106	0.133605303417
mee-	0.359888233058	0.364803327378	0.183094653249	0.0922137863154
tua-	0.139689578714	0.860310421286	0.0	0.0
ede-	0.462701884942	0.337830220321	0.0846801210565	0.114787773681
mek-	0.442239000489	0.343392204496	0.120776393662	0.0935924013537
ite-	0.573391323057	0.297745470193	0.0419554626627	0.0869077440871
ǥin-	0.0470656595003	0.899825682743	0.0237071470075	0.0294015107496
hiz-	0.0551140468573	0.840644029312	0.062957993601	0.0412839302301
mal-	0.216130173329	0.542447824549	0.0488149982313	0.192607003891
pek-	0.302103250478	0.371959624705	0.152074347459	0.173862777358
ens-	0.456086601307	0.161560457516	0.015318627451	0.367034313725
aki-	0.0	1.0	0.0	0.0
nin-	0.0793013924947	0.920698607505	0.0	0.0
awà-	0.514792899408	0.192307692308	0.0532544378698	0.239644970414
veg-	0.247191011236	0.685393258427	0.0	0.0674157303371
uni-	0.110572259942	0.693501454898	0.0426770126091	0.153249272551
ian-	0.811854466186	0.102247365963	0.00934239892043	0.0765557689313
ebm-	0.237404246326	0.579677727816	0.100519125626	0.082398900232
tuw-	0.178673691444	0.0759935860726	0.461287366854	0.284045355629
uge-	0.146845611739	0.70287533596	0.116208757491	0.03407029481
sir-	0.132959287112	0.744218392701	0.034890025696	0.0879322944907
inl-	0.542658084424	0.374653455799	0.0289289072105	0.0537595525662
edè-	0.739938080495	0.156346749226	0.0650154798761	0.0386996904025
lim-	0.222313799368	0.569366884209	0.110509318442	0.0978099979816
ump-	0.79366700715	0.165474974464	0.0040858018386	0.0367722165475
red-	0.631111111111	0.368888888889	0.0	0.0
and-	0.0413479866613	0.88497268257	0.024726440555	0.0489528902135
ALL	0.239683489873	0.314088555751	0.0586301247807	0.387597829595
san-	0.0	0.994632313473	0.00107353730542	0.00429414922169
puk-	0.0	1.0	0.0	0.0
zed-	0.270990312164	0.125807319699	0.0678148546825	0.535387513455
ine-	0.0124859758966	0.975028048207	0.00190003981036	0.0105859360863
per-	0.0432938578425	0.921534221302	0.0212882678862	0.0138836529692
ger-	0.0473673741409	0.602694065879	0.339111731605	0.0108268283751
ire-	0.586206896552	0.275862068966	0.0344827586207	0.103448275862
big-	0.431654676259	0.482014388489	0.021582733813	0.0647482014389
ǥim-	0.18829787234	0.755319148936	0.0372340425532	0.0191489361702
leǥ-	0.119233498935	0.353442157559	0.510290986515	0.0170333569908
tel-	0.139719983625	0.616611744404	0.124536656304	0.119131615667
gaa-	0.263392857143	0.522321428571	0.0491071428571	0.165178571429
lid-	0.0	1.0	0.0	0.0
div-	0.328739152629	0.324144971924	0.327718223584	0.0193976518632
piǥ-	0.392307692308	0.215384615385	0.230769230769	0.161538461538
gas-	0.0683669607333	0.883154648929	0.0372910694909	0.0111873208473
ata-	0.333333333333	0.456140350877	0.105263157895	0.105263157895
ign-	0.403284671533	0.42700729927	0.014598540146	0.155109489051
dap-	0.106210621062	0.364536453645	0.048604860486	0.480648064807
ins-	0.526658576226	0.348262392	0.0177350865947	0.107343945179
rud-	0.387650085763	0.566037735849	0.00514579759863	0.041166380789
dat-	0.0493059695138	0.908796729967	0.00357659882483	0.0383207016946
lum-	0.16321950676	0.7274568475	0.0630874032103	0.0462362425294
giy-	0.176870748299	0.795918367347	0.0	0.0272108843537
mes-	0.394396373123	0.410780536135	0.10481555818	0.0900075325624
sed-	0.00565770862803	0.98585572843	0.00848656294202	0.0
ibm-	0.327696205009	0.456882689143	0.145819206391	0.0696018994572
adi-	0.0	1.0	0.0	0.0
bin-	0.0510549622298	0.936441781714	0.0093774420422	0.00312581401407
zat-	0.199794450154	0.643576567318	0.0863309352519	0.0702980472764
kur-	0.179074110627	0.558782891241	0.204901231381	0.0572417667512
iku-	0.0841407807878	0.851135541683	0.0420703903939	0.0226532871352
tek-	0.326111879814	0.552901959726	0.0517827950508	0.0692033654089
ebp-	0.468579700343	0.315125757163	0.0663523633533	0.149942179141
vuv-	0.0458737864078	0.93567961165	0.00194174757282	0.0165048543689
zaǥ-	0.0296680348527	0.945704615828	0.00475264635991	0.0198747029596
ien-	0.731709828554	0.244812850744	0.0234773207022	0.0
win-	0.342431761787	0.36476426799	0.263027295285	0.0297766749379
tal-	0.666666666667	0.238095238095	0.0634920634921	0.031746031746
vay-	0.428571428571	0.362637362637	0.164835164835	0.0439560439561
mez-	0.113198382614	0.310407551279	0.445767546848	0.130626519259
alp-	0.00953389830507	0.973516949153	0.0169491525424	0.0
paa-	0.109091204682	0.662335880345	0.03824678914	0.190326125833
iaw-	0.659198913781	0.244399185336	0.0420909708079	0.0543109300747
meh-	0.293106344612	0.25322431955	0.095463762466	0.358205573372
edn-	0.465732460273	0.22660185385	0.10443697594	0.203228709937
sud-	0.0181598062954	0.980629539952	0.0	0.00121065375303
vak-	0.0499188311689	0.945211038961	0.00243506493507	0.00243506493507
umi-	0.0067264573991	0.977578475336	0.0156950672646	0.0
ged-	0.0363636363636	0.8	0.0909090909091	0.0727272727273
rap-	0.229166666667	0.5625	0.166666666667	0.0416666666667
ilu-	0.10752688172	0.548387096774	0.344086021505	0.0
sik-	0.116509172923	0.0521734246754	0.00626847587214	0.825048926529
nga-	0.157044434508	0.82204667031	0.00438879780063	0.0165200973816
ben-	0.22112239327	0.411825094074	0.0555851746166	0.31146733804
veh-	0.823529411765	0.176470588235	0.0	0.0
mat-	0.0870682565789	0.890008223684	0.00154194078948	0.0213815789474
rev-	0.594762366634	0.401163918526	0.0	0.00407371483996
kei-	0.321428571429	0.125	0.517857142857	0.0357142857143
pin-	0.136004300524	0.233684170463	0.0207095424357	0.609601986577
edw-	0.37462564661	0.40076231963	0.089844813504	0.134767220256
bun-	0.228786251343	0.709989258862	0.016111707841	0.0451127819548
ili-	0.175099219517	0.670295101289	0.103974579575	0.0506310996193
lam-	0.0195764370884	0.927211247553	0.0177967609895	0.0354155543691
iǥi-	0.0944881889764	0.881889763779	0.0236220472441	0.0
gat-	0.0440251572327	0.798742138365	0.157232704402	0.0
uve-	0.194362017804	0.198374221591	0.0371964726041	0.570067288001
zue-	0.079180898134	0.161427107149	0.0207139205492	0.738678074168
hih-	0.133831026948	0.455571740714	0.366897305171	0.0436999271668
pur-	0.426419170088	0.311282018434	0.116268026072	0.146030785406
gur-	0.0629073391895	0.877585718334	0.0510059506942	0.00850099178237
ziv-	0.10176496178	0.406376235163	0.161891740725	0.329967062333
peg-	0.307692307692	0.353846153846	0.230769230769	0.107692307692
rak-	0.502481389578	0.497518610422	0.0	0.0
dik-	0.0049751243781	0.726368159204	0.0	0.268656716418
kis-	0.0	1.0	0.0	0.0
hag-	0.0288115246098	0.935174069628	0.0144057623049	0.0216086434574
zin-	0.148169637937	0.0387679193537	0.0106134174438	0.802449025265
ded-	0.103278082921	0.0942395084922	0.290445742388	0.512036666199
ban-	0.313947388371	0.5802471382	0.0624425744826	0.0433628989463
yub-	0.125748502994	0.874251497006	0.0	0.0
zuw-	0.3125	0.25	0.40625	0.03125
hal-	0.172374429224	0.712328767123	0.0669710806697	0.0483257229833
ise-	0.596582466568	0.381129271917	0.00891530460624	0.0133729569094
iin-	0.498481082574	0.367992267329	0.0842308754488	0.0492957746479
ter-	0.198446207803	0.581600006566	0.154100686506	0.0658530991256
tiy-	0.0437505601616	0.928871788694	0.0136888255721	0.0136888255721
iyi-	0.0	1.0	0.0	0.0
zai-	0.290037802218	0.150295222759	0.418668128505	0.140998846518
kaǥ-	0.367832672196	0.523981247746	0.0324558240173	0.0757302560403
lup-	0.466944529159	0.163023957168	0.299549320592	0.0704821930805
tis-	0.0503144654088	0.815513626834	0.0167714884696	0.117400419287
sev-	0.0563994064142	0.0859780005494	0.115083903399	0.742538689637
ale-	0.0140350877193	0.985964912281	0.0	0.0
ker-	0.0364346893502	0.913345184402	0.0450291624429	0.00519096380527
sid-	0.0579136690647	0.903057553957	0.0390287769784	0.0
uǥu-	0.5	0.382352941177	0.0294117647058	0.0882352941177
luc-	0.00816326530612	0.983673469388	0.0	0.00816326530612
led-	0.205369558242	0.696759011659	0.0598994544871	0.0379719756124
par-	0.0867860744571	0.85547490874	0.0269874863287	0.0307515304745
ǥèg-	0.0	0.139534883721	0.0	0.860465116279
ula-	0.251066910295	0.493125198347	0.105212600567	0.150595290791
net-	0.674930891959	0.105406754911	0.0470071775655	0.172655175565
jua-	0.0456733398972	0.917979433322	0.00779455201838	0.0285526747621
zey-	0.120407171473	0.0702549950404	0.0544666437103	0.754871189776
hak-	0.00421762969211	0.987768873893	0.00168705187684	0.00632644453817
but-	0.255817016157	0.647387356109	0.0967956277349	0.0
vit-	0.0152429797875	0.930618160967	0.0467801793479	0.00735867989743
peu-	0.0923076923077	0.746153846154	0.0346153846154	0.126923076923
var-	0.0126582278481	0.962025316456	0.0253164556962	0.0
tuk-	0.113066768701	0.837574134303	0.00918308781328	0.0401760091831
ene-	0.444747090823	0.460894879379	0.00772658804798	0.0866314417501
pan-	0.22382176521	0.699742930591	0.044558697515	0.0318766066838
nim-	0.0	1.0	0.0	0.0
tul-	0.173123481079	0.657965513251	0.104987848629	0.063923157042
nah-	0.399733032139	0.236163877195	0.284834171886	0.0792689187802
zeh-	0.0785429709732	0.789982925441	0.0341491178144	0.0973249857712
baa-	0.281277837506	0.427184764245	0.0889264321917	0.202610966058
lat-	0.0424028268551	0.872791519435	0.0	0.0848056537103
rut-	0.0	1.0	0.0	0.0
pen-	0.32459941019	0.479362637245	0.0668094745886	0.129228477976
gev-	0.0472440944882	0.795275590551	0.0944881889764	0.0629921259842
rab-	0.550898203593	0.233532934132	0.0	0.215568862275
gem-	0.297333632086	0.604974232579	0.0752856822765	0.0224064530585
umu-	0.16	0.756923076923	0.0323076923077	0.0507692307692
uza-	0.241111111111	0.625555555556	0.12	0.0133333333333
ǥaǥ-	0.0847973834636	0.842107632065	0.0610925239674	0.0120024605044
dun-	0.0526315789473	0.894736842105	0.0526315789474	0.0
hul-	0.322038059043	0.622155345632	0.0	0.0558065953249
vet-	0.215478841871	0.654231625835	0.0517817371937	0.0785077951002
isr-	0.0229545593588	0.951480313469	0.00546207888357	0.0201030482884
vur-	0.56204379562	0.284671532847	0.153284671533	0.0
hen-	0.123322054412	0.270106351524	0.0160339305839	0.59053766348
ǥag-	0.370927318296	0.383458646617	0.185463659148	0.0601503759398
upa-	0.306407052846	0.433883041809	0.0708167138697	0.188893191475
isp-	0.0	0.811050416405	0.188949583595	0.0
tia-	0.758949880668	0.128878281623	0.0572792362768	0.054892601432
iba-	0.246621796245	0.566937133648	0.0381604529459	0.148280617161
bas-	0.00934579439251	0.990654205607	0.0	0.0
dir-	0.0161943319838	0.983805668016	0.0	0.0
eng-	0.468096719157	0.224817667266	0.0977024304782	0.209383183099
meǥ-	0.218364181866	0.27541525362	0.201442904434	0.30477766008
mid-	0.700821391495	0.161811091051	0.0365322281871	0.100835289267
teo-	0.25	0.556451612903	0.145161290322	0.0483870967742
men-	0.153910480162	0.187233647045	0.0204297012799	0.638426171513
ang-	0.276360819742	0.0517812258545	0.019003832593	0.652854121811
pun-	0.151036682414	0.724113960994	0.0855231653411	0.039326191251
inh-	0.735431760294	0.147467513051	0.0540182222334	0.0630825044223
tur-	0.0515574650913	0.893662728249	0.016111707841	0.0386680988185
ǥar-	0.0	0.986363636364	0.0136363636363	0.0
nem-	0.565059924784	0.226676208721	0.0974263908345	0.110837475661
kes-	0.148987399513	0.51920856666	0.0300058316247	0.301798202202
piy-	0.364969801553	0.619499568594	0.0155306298533	0.0
zap-	0.0481917952457	0.259385250881	0.352731543352	0.339691410521
kun-	0.335767411851	0.382692580839	0.067390789286	0.214149218024
ert-	0.0196078431373	0.941176470588	0.0	0.0392156862745
ide-	0.518072289157	0.192771084337	0.180722891566	0.10843373494
har-	0.0519480519481	0.948051948052	0.0	0.0
kan-	0.0685730329014	0.0410307010979	0.0144655158876	0.875930750113
nei-	0.495170030629	0.165851749201	0.0657043040309	0.273273916139
geh-	0.162437494736	0.598410950131	0.0888913750612	0.150260180072
lig-	0.475471698113	0.220754716981	0.184905660377	0.118867924528
ida-	0.565437336815	0.310156064562	0.0834915737004	0.0409150249229
diy-	0.0863026667358	0.0284048355082	0.00826859019661	0.877023907559
ehè-	0.35652173913	0.182608695652	0.408695652174	0.0521739130435
gap-	0.034188034188	0.931623931624	0.017094017094	0.017094017094
sey-	0.157894736842	0.0350877192982	0.0701754385965	0.736842105263
edr-	0.603870304686	0.21401332465	0.0776303786369	0.104485992027
vul-	0.0115436550109	0.845028985385	0.140056203716	0.00337115588813
bum-	0.110011934233	0.822288413931	0.050774738877	0.016924912959
uya-	0.161806543385	0.107752489331	0.00426742532006	0.726173541963
dek-	0.291781483207	0.207141679096	0.265312583893	0.235764253804
luh-	0.265696784073	0.705972434916	0.0176110260337	0.010719754977
gir-	0.243902439024	0.70406504065	0.0520325203252	0.0
kum-	0.0651805165347	0.839318537485	0.024435688056	0.0710652579243
uka-	0.14218513197	0.837975082174	0.0198397858563	0.0
met-	0.309554124289	0.319762136324	0.23444713606	0.136236603327
kuw-	0.571000934765	0.311782269571	0.0551608450188	0.0620559506461
ces-	0.13810741688	0.795396419437	0.0613810741687	0.00511508951406
hez-	0.917063870353	0.0257387988561	0.0	0.0571973307912
ken-	0.117887960457	0.0487675570125	0.0206362254251	0.812708257106
hil-	0.205998421468	0.47592738753	0.296764009471	0.0213101815312
tit-	0.0321123933768	0.931761164074	0.00903161063724	0.0270948319117
amà-	0.184523691568	0.784828774884	0.00957735423364	0.021070179314
vuu-	0.061295971979	0.854891168376	0.0425318989242	0.0412809607205
ǥal-	0.0371959942775	0.902718168813	0.0515021459227	0.00858369098714
sih-	0.051724137931	0.120689655172	0.0	0.827586206897
aka-	0.0535714285714	0.839285714286	0.0119047619048	0.0952380952381
hiǥ-	0.61140776699	0.340533980583	0.0480582524272	0.0
kiw-	0.116896932763	0.0431731301527	0.0240713302201	0.815858606864
has-	0.042654028436	0.919431279621	0.0379146919432	0.0
mem-	0.108842142895	0.684277603875	0.162771190089	0.0441090631412
vas-	0.0569020021075	0.933614330875	0.00632244467862	0.00316122233931
sug-	0.329470198676	0.503311258278	0.0877483443708	0.0794701986755
ala-	0.0252525252525	0.654882154882	0.151515151515	0.16835016835
jul-	0.0	1.0	0.0	0.0
pes-	0.410222092719	0.367035250197	0.121547286732	0.101195370352
tiv-	0.0256667099284	0.194710818319	0.228848689122	0.55077378263
huw-	0.0772273603399	0.850845196206	0.0363422872188	0.035585156235
peǥ-	0.249371069182	0.391391509434	0.31784591195	0.0413915094339
hib-	0.00525394045534	0.952714535902	0.0420315236427	0.0
rag-	0.394515701017	0.271561256081	0.0265369305617	0.30738611234
feb-	0.0333333333333	0.966666666667	0.0	0.0
raw-	0.113300492611	0.886699507389	0.0	0.0
sag-	0.0676730650531	0.875436940699	0.037926662832	0.018963331416
hik-	0.41351888668	0.580516898608	0.00596421471174	0.0
her-	0.0827586206897	0.793103448276	0.124137931034	0.0
gay-	0.0161290322581	0.983870967742	0.0	0.0
puu-	0.146955199397	0.151897912509	0.0169647961817	0.684182091913
beb-	0.0664146868251	0.88282937365	0.00971922246221	0.0410367170626
ipa-	0.392376086333	0.49647114677	0.0563719553995	0.0547808114971
ira-	0.582732129626	0.368521623835	0.00818936941855	0.0405568771204
egu-	0.511946941709	0.343554955932	0.0877580098097	0.0567400925494
vuy-	0.486584262888	0.348809164908	0.103105215556	0.0615013566476
dan-	0.039790927967	0.0154934746111	0.00459107306698	0.940124524355
ubi-	0.269841269841	0.730158730159	0.0	0.0
inà-	0.0727272727272	0.7	0.118181818182	0.109090909091
lug-	0.16	0.835	0.00500000000001	0.0
zez-	0.0540289914803	0.0563472795534	0.0428368118387	0.846786917128
idl-	0.408025302398	0.439218716048	0.103937806321	0.0488181752336
aru-	0.0	0.982142857143	0.0178571428571	0.0
uyu-	0.508849557522	0.362831858407	0.0486725663717	0.0796460176991
tev-	0.490762183614	0.309076626437	0.126707542261	0.0734536476877
hay-	0.129650092081	0.786372007366	0.00220994475138	0.0817679558011
zur-	0.451580020388	0.322120285423	0.0611620795107	0.165137614679
cri-	0.0	1.0	0.0	0.0
mis-	0.210979547901	0.771797631862	0.00645855758881	0.010764262648
ted-	0.162162162162	0.792792792793	0.027027027027	0.018018018018
ran-	0.0181745556221	0.961254244058	0.00599161174357	0.014579588576
vag-	0.420107719928	0.482944344704	0.096947935368	0.0
din-	0.0904766695941	0.0156036474499	0.00928410513913	0.884635577817
zèd-	0.597058823529	0.297058823529	0.0176470588235	0.0882352941176
lav-	0.0418633464459	0.120680971188	0.576127272064	0.261328410302
zel-	0.169806169806	0.316407316407	0.00982800982802	0.503958503958
rin-	0.3453364817	0.512987012987	0.0	0.141676505313
beg-	0.555555555556	0.351851851852	0.0925925925926	0.0
vav-	0.0590771884433	0.901681759379	0.00689952565762	0.0323415265201
eni-	0.326039387309	0.146425966448	0.0218818380744	0.505652808169
pig-	0.708860759494	0.0920210496373	0.187171099417	0.0119470914521
ibi-	0.0	1.0	0.0	0.0
sus-	0.418466898955	0.454703832753	0.0679442508712	0.0588850174216
ule-	0.0638123806927	0.901008999182	0.0264521407145	0.00872647941094
nep-	0.417048253558	0.275185422748	0.202997313481	0.104769010213
bit-	0.0332927959157	0.945716596036	0.011302635103	0.00968797294545
eba-	0.370171068626	0.365997832129	0.0425402791961	0.221290820049
meb-	0.462526846654	0.325456012533	0.130918725831	0.0810984149822
zal-	0.121006645417	0.738007562709	0.0327981363795	0.108187655494
lap-	0.270053865191	0.559251710584	0.0178337458145	0.15286067841
zuǥ-	0.0	0.872180451128	0.127819548872	0.0
esa-	0.0188817404062	0.883343963341	0.0642613093151	0.0335129869374
hiy-	0.2	0.666666666667	0.08	0.0533333333333
kew-	0.24970027469	0.0400247924988	0.0283364639801	0.681938468831
sia-	0.185320227846	0.346799938565	0.00367923482284	0.464200598766
imp-	0.529146337276	0.337506873856	0.0356755106695	0.0976712781989
huz-	0.10455159982	0.258675078864	0.436683190626	0.200090130689
ǥel-	0.104755637331	0.724579970185	0.162807719685	0.00785667279978
sis-	0.0388121563507	0.919141340936	0.00215623090837	0.0398902718049
laz-	0.0853221957041	0.846658711217	0.0143198090692	0.0536992840095
aug-	0.0	1.0	0.0	0.0
pai-	0.0224306688418	0.950652528548	0.0171288743882	0.00978792822186
ama-	0.692307692308	0.25	0.0576923076923	0.0
sur-	0.26486336868	0.687652117475	0.0163690334157	0.0311154804287
igm-	0.0387096774194	0.961290322581	0.0	0.0
tuv-	0.443738656987	0.420825771325	0.0551270417423	0.0803085299455
epu-	0.0437982113089	0.895353333038	0.0222160246944	0.0386324309592
yaw-	0.0	1.0	0.0	0.0
reg-	0.143426294821	0.752988047809	0.0796812749003	0.0239043824701
bet-	0.353309481216	0.421990799898	0.0680424226937	0.156657296192
vis-	0.0	0.710920770878	0.289079229122	0.0
hip-	0.329396005845	0.521797369703	0.0282513395032	0.120555284949
nar-	0.01171875	0.77734375	0.2109375	0.0
sal-	0.109642575453	0.727321744478	0.0992910329707	0.0637446470984
asu-	0.0408441116406	0.922396187883	0.00816882232812	0.0285908781484
ǥeu-	0.114285714286	0.876190476191	0.0	0.00952380952379
end-	0.273199969015	0.600052287075	0.0484623726712	0.0782853712382
kiy-	0.0	1.0	0.0	0.0
dia-	0.0	1.0	0.0	0.0
vey-	0.0679130532718	0.692983444082	0.0261290685888	0.212974434058
gih-	0.269697837921	0.167059705111	0.177638683799	0.385603773169
anl-	0.130258260968	0.810533438592	0.0389083117176	0.0202999887223
tuǥ-	0.696386832879	0.155677834047	0.0306778340475	0.117257499026
sek-	0.183820224719	0.773033707865	0.0215730337079	0.0215730337079
den-	0.346245596456	0.192820441945	0.028789639093	0.432144322506
ind-	0.469672881597	0.279248787808	0.190414178105	0.06066415249
zeg-	0.330434782609	0.147826086957	0.15652173913	0.365217391304
buǥ-	0.278210116731	0.607003891051	0.011673151751	0.103112840467
eme-	0.1328125	0.2109375	0.48046875	0.17578125
zil-	0.030303030303	0.859848484849	0.109848484848	0.0
egn-	0.700662392067	0.163849053254	0.0467940154986	0.0886945391805
min-	0.122719033997	0.116678726348	0.111473573091	0.649128666565
tun-	0.425857519789	0.349340369393	0.131398416886	0.0934036939314
est-	0.121031004856	0.679118416137	0.0225999252895	0.177250653717
ren-	0.362637362637	0.354395604396	0.0631868131868	0.21978021978
ed--	0.48949330502	0.298216628326	0.0742464419044	0.138043624749
inr-	0.798364080552	0.120011187725	0.0189220968994	0.0627026348235
joe-	0.0	0.923076923077	0.0	0.0769230769231
lul-	0.579919678715	0.395983935743	0.0192771084337	0.00481927710844
tab-	0.076726342711	0.884910485933	0.0383631713555	0.0
iǥa-	0.2	0.7	0.1	0.0
gal-	0.010989010989	0.989010989011	0.0	0.0
see-	0.290222772277	0.554455445545	0.0587871287129	0.0965346534654
erp-	0.0	1.0	0.0	0.0
zum-	0.0585255004646	0.315605458991	0.164323489961	0.461545550583
kar-	0.186541143654	0.756276150628	0.0313807531381	0.0258019525802
sel-	0.149860224062	0.480860662461	0.0963751866835	0.272903926794
kay-	0.169086264793	0.134840719783	0.0138284344353	0.682244580989
ibe-	0.636850694335	0.241330868183	0.0216447153242	0.100173722158
kus-	0.0119284294235	0.976143141153	0.0119284294235	0.0
vaa-	0.207463963352	0.585425444312	0.0690592496063	0.13805134273
lil-	0.519337016575	0.453038674033	0.00552486187845	0.0220994475138
gak-	0.572467532468	0.237402597403	0.0342857142857	0.155844155844
beǥ-	0.224377038243	0.273775016337	0.445492782326	0.0563551630936
ete-	0.0238695301994	0.669523417493	0.0178410992276	0.28876595308
tuz-	0.11227154047	0.0	0.783289817232	0.104438642298
mer-	0.161418378352	0.475103887586	0.314785413318	0.0486923207427
luk-	0.172452407615	0.688689809631	0.0716685330347	0.06718924972
lel-	0.0501013796783	0.11070051071	0.0585044591814	0.780693650431
imb-	0.577975882975	0.281886573641	0.0663415653129	0.073795978071
kak-	0.0211957624778	0.889495009165	0.0813608174276	0.00794841092915
nel-	0.371886756286	0.275266233537	0.267369744559	0.0854772656173
ihu-	0.376715810879	0.396842991324	0.0926350354622	0.133806162334
hap-	0.0200034443017	0.904327897519	0.0174864546213	0.0581822035582
rep-	0.0700808625337	0.690026954178	0.010781671159	0.229110512129
vek-	0.0117647058824	0.964705882353	0.0235294117647	0.0
egr-	0.0	0.990147783251	0.00656814449917	0.00328407224959
buh-	0.261052631579	0.612631578947	0.126315789474	0.0
sil-	0.347234341359	0.528332963305	0.0361422766536	0.0882904186825
upi-	0.0831377807577	0.88333892055	0.0214549111633	0.0120683875293
lal-	0.235955664718	0.577812386769	0.0557391505542	0.130492797959
ngi-	0.0	0.977611940299	0.0223880597015	0.0
ipe-	0.545171377189	0.327297719658	0.0629102311552	0.0646206719977
mep-	0.290568503107	0.351566774511	0.29946465487	0.058400067512
vuh-	0.0645442964595	0.923666790945	0.00825223881675	0.00353667377861
erk-	0.123711340206	0.829896907216	0.0463917525773	0.0
gus-	0.496699404283	0.253743358557	0.187570439543	0.0619867976171
keǥ-	0.366909206132	0.434124681257	0.0670539043047	0.131912208307
asn-	0.06565774156	0.912456344587	0.00279394644936	0.019091967404
tik-	0.101398601399	0.877622377622	0.0	0.020979020979
idh-	0.442976015663	0.413020068527	0.0614782183064	0.0825256975037
nuw-	0.0196335078534	0.469895287958	0.0261780104712	0.484293193717
tru-	0.00841514726508	0.976858345021	0.0126227208976	0.00210378681627
egi-	0.346947738252	0.394817742644	0.0790513833993	0.179183135705
run-	0.888888888889	0.111111111111	0.0	0.0
gel-	0.030498687664	0.945984251968	0.0181627296588	0.00535433070866
kuk-	0.28776185226	0.601433296582	0.0578831312018	0.0529217199559
iel-	0.354581673307	0.37583001328	0.0942895086321	0.175298804781
pri-	0.0799242529728	0.888106045838	0.0272912083322	0.00467849285694
ser-	0.109351468532	0.822006712905	0.0454640616453	0.0231777569172
ǥeh-	0.267990553072	0.555831365224	0.0301039491173	0.146074132587
veb-	0.374807790876	0.575217837007	0.0	0.0499743721169
iza-	0.482431678751	0.31121026213	0.133853876185	0.0725041829336
ela-	0.050139275766	0.855710306407	0.0345403899721	0.0596100278552
uri-	0.0470517380912	0.735230459413	0.206990006211	0.0107277962848
giv-	0.1875	0.71875	0.09375	0.0
luy-	0.606557377049	0.122950819672	0.258196721311	0.0122950819672
zep-	0.21568627451	0.764705882353	0.0196078431373	0.0
nag-	0.0	1.0	0.0	0.0
bai-	0.0914634146341	0.849738675958	0.0130662020906	0.0457317073171
keh-	0.181062979276	0.538120236109	0.131723380388	0.149093404227
arp-	0.0240963855422	0.927710843373	0.0	0.0481927710843
itu-	0.492813825888	0.235133394051	0.0399848945954	0.232067885465
ids-	0.451532026728	0.363606510144	0.0814757656846	0.103385697443
had-	0.0529455318664	0.863220245667	0.0177396389042	0.0660945835627
kad-	0.0578076405181	0.052087279279	0.0642585654212	0.825846514782
zah-	0.616666666667	0.383333333333	0.0	0.0
kin-	0.33499040979	0.155771585352	0.055113369086	0.454124635772
ras-	0.677611940298	0.30447761194	0.0179104477612	0.0
gul-	0.00630354431105	0.974785822756	0.0189106329332	0.0
tir-	0.0274724535766	0.954909342499	0.012541772285	0.00507643163915
man-	0.218526556254	0.494163335237	0.0441347801257	0.243175328384
lek-	0.424610051993	0.535528596187	0.0103986135182	0.0294627383015
edh-	0.520113555693	0.238107123704	0.050051628826	0.191727691777
ava-	0.0360032362459	0.944174757282	0.000404530744337	0.0194174757282
tud-	0.269792985147	0.665772973971	0.00942775187043	0.0550062890116
bus-	0.0	1.0	0.0	0.0
lub-	0.312809624912	0.687190375088	0.0	0.0
daa-	0.107634071786	0.06785496076	0.0642828877929	0.760228079661
tap-	0.0338798239807	0.912223996261	0.0486389656919	0.00525721406597
ǥum-	0.438449612403	0.483410852713	0.0781395348837	0.0
ame-	0.0359140054978	0.951361546678	0.000776298184822	0.0119481496394
iǥu-	0.770491803279	0.229508196721	0.0	0.0
aby-	0.0	0.984575835476	0.00771208226221	0.00771208226223
teg-	0.281727574751	0.488372093023	0.175415282392	0.0544850498339
ulu-	0.0412216198809	0.800279104718	0.127422038538	0.0310772368633
hut-	0.0	1.0	0.0	0.0
ǥev-	0.388235294118	0.552941176471	0.0588235294118	0.0
mag-	0.029702970297	0.970297029703	0.0	0.0
agw-	0.0311992200195	0.90445238869	0.0526486837829	0.0116997075073
rim-	0.465517241379	0.387931034483	0.10775862069	0.0387931034483
ika-	0.0244233378562	0.975576662144	0.0	0.0
hob-	0.0	1.0	0.0	0.0
hek-	0.581730769231	0.0865384615385	0.180288461538	0.151442307692
ket-	0.124359119939	0.61596075442	0.153317103125	0.106363022516
iam-	0.354123138951	0.533778017063	0.0122056047893	0.0998932391962
ayà-	0.170818505338	0.775800711744	0.0	0.0533807829182
dru-	0.0346820809249	0.93063583815	0.0346820809248	0.0
tim-	0.133076353984	0.714406159553	0.0307456359913	0.121771850472
apù-	0.280967463554	0.532165896151	0.0234139552962	0.163452684999
meg-	0.124104759992	0.803808299827	0.0258860059601	0.0462009342211
abe-	0.0288461538462	0.971153846154	0.0	0.0
ram-	0.184764991896	0.795786061588	0.0	0.0194489465154
asy-	0.0214250124564	0.977578475336	0.000996512207271	0.0
eza-	0.113585746102	0.861915367483	0.0089086859688	0.0155902004454
pit-	0.0225009698694	0.0125005388163	0.00310358205095	0.961894909263
zek-	0.141177592978	0.120608672147	0.415189454771	0.323024280104
mam-	0.237652727586	0.589915677164	0.0227155394941	0.149716055756
ara-	0.0	1.0	0.0	0.0
hit-	0.559097978227	0.363919129083	0.0186625194401	0.0583203732504
las-	0.0	1.0	0.0	0.0
heǥ-	0.423489860102	0.346871272096	0.117123956187	0.112514911615
eti-	0.0	1.0	0.0	0.0
vin-	0.0575271636308	0.890301650042	0.0398722754821	0.0122989108452
bes-	0.330353907477	0.106655393163	0.0451745379877	0.517816161372
ent-	0.101114057244	0.818397140971	0.0477902260603	0.0326985757255
gez-	0.583333333333	0.324074074074	0.0185185185185	0.074074074074
huk-	0.288158336129	0.583361288158	0.0412613217041	0.0872190540086
ruǥ-	0.051356448571	0.76846075729	0.140432322646	0.0397504714928
mib-	0.590054647689	0.25249744155	0.0676932958007	0.0897546149602
igk-	0.396640650525	0.315178960972	0.206327895628	0.0818524928753
cle-	0.0	1.0	0.0	0.0
reb-	0.114206128134	0.701949860724	0.066852367688	0.116991643454
inn-	0.394230769231	0.375	0.0288461538462	0.201923076923
vew-	0.833955223881	0.0932835820895	0.0391791044776	0.0335820895522
bar-	0.177229388671	0.794327377614	0.0113772934861	0.0170659402291
usy-	0.0	1.0	0.0	0.0
tuy-	0.31474537317	0.505745736059	0.0573363977259	0.122172493045
ing-	0.225305814021	0.590416063891	0.0397802874639	0.144497834624
dab-	0.625	0.275	0.0	0.1
ten-	0.085944103357	0.12611668555	0.0107110374118	0.777228173681
pet-	0.276019245379	0.356658507076	0.100869418418	0.266452829127
his-	0.0724144051251	0.867240257271	0.0482762700834	0.0120690675209
peh-	0.294056629793	0.147890715901	0.0395377691435	0.518514885162
keg-	0.366643424425	0.42553362003	0.0972185840025	0.110604371543
suw-	0.553790993589	0.289347025468	0.107757360822	0.0491046201212
amb-	0.240344778432	0.682160877121	0.0404318318857	0.0370625125619
gag-	0.642553191489	0.306382978723	0.0	0.0510638297872
vuw-	0.158431397892	0.0273544077049	0.00938673215298	0.80482746225
dei-	0.177901594267	0.142778423086	0.525099034288	0.154220948358
ima-	0.152380952381	0.847619047619	0.0	0.0
tig-	0.0944149711888	0.791400023945	0.0620501146895	0.0521348901772
ebi-	0.403947618208	0.483221766714	0.0274718019322	0.0853588131466
bèb-	0.161559888579	0.817548746518	0.0125348189415	0.00835654596099
neh-	0.434141568657	0.217397218134	0.186602481501	0.161858731708
tiǥ-	0.23592265943	0.570725915875	0.0203527815468	0.172998643148
rub-	0.0	1.0	0.0	0.0
guw-	0.0983075261073	0.877925819229	0.0151242347857	0.00864241987758
keb-	0.355216663947	0.461910822309	0.0848372522641	0.0980352614801
nam-	0.0515411084267	0.664982795227	0.07731166264	0.206164433707
meu-	0.159428459911	0.155498460167	0.506754371035	0.178318708886
ewa-	0.566693613581	0.219347884667	0.0517380759903	0.162220425761
edu-	0.373950968923	0.271285794212	0.0420883983521	0.312674838513
bul-	0.0376940133038	0.79822616408	0.109756097561	0.0543237250554
ihi-	0.0138681169273	0.942080217539	0.0104690686608	0.0335825968729
dav-	0.00778986497567	0.981386322637	0.000683321489094	0.0101404908982
ebe-	0.509747887062	0.220736608709	0.0759019513731	0.193613552856
van-	0.0962640385056	0.756131102452	0.0068760027504	0.140728856292
ǥur-	0.145833333333	0.854166666667	0.0	0.0
etu-	0.0744846363283	0.445624270712	0.012679891093	0.467211201867
tan-	0.0447774913574	0.889279219871	0.0111903762764	0.0547529124952
dum-	0.0671659677003	0.249730713533	0.0797873073098	0.603316011456
udt-	0.245535714286	0.526785714286	0.174107142857	0.0535714285714
edi-	0.198206278027	0.504035874439	0.286995515695	0.0107623318386
aha-	0.661102278749	0.173820879703	0.00397456279809	0.161102278749
kav-	0.161290322581	0.817204301075	0.0215053763441	0.0
suh-	0.289446360987	0.656964865861	0.025119737415	0.028469035737
ive-	0.609781633004	0.253663033872	0.039394144586	0.0971611885378
ipi-	0.0349730976172	0.893543428132	0.0599538816295	0.0115295926211
niw-	0.0595640729105	0.0408936658754	0.00861844979658	0.890923811418
ulì-	0.659328441183	0.313097620636	0.0	0.027573938181
inu-	0.102127659575	0.804625346901	0.0488436632747	0.0444033302498
vut-	0.247057766598	0.458179858054	0.236366903243	0.0583954721049
ngu-	0.191616766467	0.473053892216	0.0179640718563	0.317365269461
buw-	0.37104865037	0.232263715264	0.0286647026037	0.368022931762
bel-	0.0533085696279	0.893396941191	0.0231623341357	0.0301321550459
pis-	0.0319820640118	0.915317872152	0.0162911569468	0.0364089068897
wal-	0.143178410795	0.129310344828	0.188155922039	0.539355322339
edl-	0.518383022091	0.272264141957	0.0923520316864	0.117000804265
pru-	0.0972785176606	0.675822498289	0.0098962994157	0.217002684634
neǥ-	0.405405841658	0.426578972572	0.0938941623238	0.0741210234469
gun-	0.105866881552	0.226701930262	0.0428860475961	0.624545140589
dut-	0.432288909218	0.0131905132241	0.00873309488302	0.545787482675
kea-	0.330219867308	0.291932717711	0.017847935977	0.359999479003
nak-	0.0	1.0	0.0	0.0
ven-	0.163933982683	0.353614523847	0.15568333702	0.32676815645
niy-	0.0684931506849	0.753424657534	0.150684931507	0.027397260274
seǥ-	0.264491788582	0.594821089832	0.140687121586	0.0
geb-	0.0	1.0	0.0	0.0
pih-	0.0	1.0	0.0	0.0
gei-	0.286878076389	0.126228411683	0.0737475774778	0.51314593445
ziz-	0.0600934787447	0.374582684175	0.0701090585355	0.495214778544
rum-	0.0703929756326	0.734315512554	0.181637009466	0.0136545023477
sar-	0.283301465902	0.640057361377	0.0301147227534	0.0465264499681
mar-	0.0198504862825	0.776842308995	0.00326607635361	0.200041128369
kuz-	0.0334528076463	0.937873357228	0.0286738351255	0.0
bee-	0.386253358463	0.547499699242	0.0224565906083	0.0437903516862
gub-	0.099494949495	0.818097643098	0.0439393939394	0.038468013468
noe-	0.0	1.0	0.0	0.0
put-	0.0192926045016	0.977491961415	0.0	0.0032154340836
ige-	0.438752783964	0.383073496659	0.075723830735	0.102449888641
ses-	0.195035460993	0.581560283688	0.18085106383	0.0425531914893
dus-	0.147058823529	0.808823529412	0.0441176470588	0.0
bal-	0.115179139271	0.772028853878	0.0354754401324	0.0773165667185
