-leh	0.14278738297	0.0283382112114	0.0581175895229	0.770756816296
-nyi	0.28224891028	0.543270977116	0.126509716673	0.0479703959317
-rbu	0.719230769231	0.15	0.0230769230769	0.107692307692
-fsu	0.195834855681	0.554256485203	0.236755571794	0.0131530873219
-hei	0.074219786335	0.361198646314	0.0552280624559	0.509353504895
-hek	0.110599078341	0.854838709677	0.0207373271889	0.0138248847926
-lel	0.0	1.0	0.0	0.0
-rbi	0.0101522842639	0.989847715736	0.0	0.0
-aus	0.056685150955	0.300061614294	0.64325323475	0.0
-aut	0.0373079736649	0.91104608632	0.0384784198976	0.0131675201171
-hun	0.0197314332694	0.952863798301	0.0227459577967	0.00465881063305
-zin	0.437923250564	0.510158013544	0.0180586907449	0.0338600451467
-ufa	0.0	0.926267281106	0.073732718894	0.0
-auh	0.0811566671944	0.276291488576	0.120943485832	0.521608358398
-auk	0.527027027027	0.445945945946	0.027027027027	0.0
-aum	0.222043443282	0.758648431215	0.0144810941271	0.00482703137572
-aun	0.295043273013	0.605822187254	0.0944138473643	0.00472069236821
-nti	0.15632405674	0.0113419871199	0.00268770561853	0.829646250522
-pur	0.406784575239	0.390547984923	0.176572919687	0.0260945201508
-pus	0.0429943588962	0.915688367129	0.00182954718707	0.0394877267876
-nta	0.752938956433	0.136410465592	0.0128089418613	0.0978416361135
-uah	0.118285508523	0.772582633657	0.0842135864633	0.0249182713569
-uam	0.0	0.00921658986175	0.990783410138	0.0
ALL	0.211232245765	0.237839196979	0.0447072969148	0.506221260341
-uan	0.065670270699	0.654784033197	0.0269575845616	0.252588111543
-uas	0.396109637489	0.123784261715	0.384615384615	0.0954907161803
-uar	0.368543987456	0.0323903172062	0.0401816340531	0.558884061285
-uat	0.780166606604	0.0898657146766	0.0592251534267	0.070742525293
-pal	0.047309915518	0.886883059137	0.0188528234771	0.0469542018675
-pun	0.198887288534	0.0836466865523	0.00979154240604	0.707674482508
-ntu	0.138643723438	0.72080515882	0.0619307087928	0.0786204089488
-aki	0.0821333567833	0.835491459098	0.0455954448524	0.0367797392662
-nmu	0.107142857143	0.785714285714	0.107142857143	0.0
-gka	0.735119047619	0.182738095238	0.0633928571429	0.01875
-das	0.0612244897959	0.876530612245	0.0336734693878	0.0285714285714
-deh	0.0384615384615	0.0	0.0384615384615	0.923076923077
-dek	0.0736576411198	0.564938044975	0.277650298302	0.0837540156035
-gki	0.139534883721	0.620563035496	0.188494492044	0.0514075887393
-ima	0.68240574124	0.102164677321	0.0367345634976	0.178695017941
-kim	0.136274384114	0.848847173771	0.00894730804784	0.00593113406792
-lga	0.442396313364	0.502304147465	0.0552995391705	0.0
-sik	0.0	1.0	0.0	0.0
-lla	0.0184331797235	0.981566820276	0.0	0.0
-iop	0.775216138329	0.195142033759	0.0271716755866	0.00247015232606
-bir	0.0797872340425	0.843085106383	0.0452127659574	0.031914893617
-bis	0.306406685237	0.0843373493976	0.0173843004329	0.591871664933
-sus	0.0129291127954	0.977708426215	0.00668747213553	0.00267498885421
-oba	0.796792180079	0.156949129208	0.0282233083224	0.0180353823914
-ida	0.00998336106489	0.96006655574	0.0266222961731	0.00332778702163
-bid	0.272727272727	0.727272727273	0.0	0.0
-bia	0.0	0.962962962963	0.037037037037	0.0
-bin	0.0	1.0	0.0	0.0
-bil	0.689849894446	0.145091222051	0.0111094220163	0.153949461487
-eja	0.136245834876	0.852647167716	0.00444279896335	0.00666419844502
-bba	0.080412371134	0.816494845361	0.0	0.103092783505
-uta	0.00368391969055	0.0335378381059	0.959802768607	0.00297547359621
-hla	0.124063147823	0.376973369479	0.457502790624	0.0414606920746
-ria	0.00940438871474	0.976489028213	0.00313479623825	0.0109717868338
-rin	0.037037037037	0.962962962963	0.0	0.0
-bbi	0.016196013289	0.93646179402	0.0	0.047342192691
-uti	0.0	0.54	0.46	0.0
-rik	0.0108464483199	0.561463207146	0.407486176095	0.020204168439
-rit	0.0156231318002	0.973257343271	0.00621736877764	0.00490215615161
-gra	0.0471204188482	0.0253725332259	0.00966572694321	0.917841320983
-ris	0.165214948019	0.78673784771	0.0311885361057	0.0168586681652
-utu	0.463268365817	0.434782608696	0.0929535232384	0.00899550224888
-teh	0.0520764667106	0.0949241924852	0.842452208306	0.0105471324983
-gri	0.0300634379855	0.873986234646	0.0096100015867	0.086340325782
-aku	0.718902727416	0.150717326186	0.0430395711808	0.0873403752167
-ten	0.253886010363	0.611398963731	0.124352331606	0.0103626943005
-jin	0.0437688518543	0.803333116334	0.0782935138772	0.074604517935
-jil	0.0116493934281	0.787398569937	0.195378404435	0.00557363220053
-ara	0.0621589784314	0.625919058269	0.0283452981112	0.283576665188
-mes	0.0	0.888888888889	0.111111111111	0.0
-’un	0.018779342723	0.981220657277	0.0	0.0
-pat	0.481523203682	0.241215092019	0.0338176494848	0.243444054814
-lur	0.0230414746544	0.84331797235	0.0230414746544	0.110599078341
-lus	0.0177474733262	0.91282952741	0.0386926895942	0.0307303096694
-lut	0.0864847089773	0.822207607147	0.0097555628631	0.0815521210128
-’ud	0.0	0.998253580161	0.00139713587146	0.000349283967866
-aru	0.084165428601	0.073198639923	0.659238950391	0.183396981085
-lum	0.217702066829	0.0212043599976	0.00921238112256	0.75188119205
-lun	0.031951312286	0.952073031571	0.00532521871434	0.0106504374287
-’us	0.230769230769	0.717948717949	0.0	0.0512820512821
-’ur	0.0	1.0	0.0	0.0
-jis	0.109400769654	0.0818346030001	0.778606769811	0.0301578575356
-alu	0.205638913035	0.191390453154	0.187762198118	0.415208435693
-aya	0.204002081073	0.24170320287	0.0384247793084	0.515869936748
-o’a	0.524029546767	0.471957929294	0.00145909961395	0.00255342432441
-gis	0.614618198801	0.325367790146	0.053008484471	0.00700552658208
-ila	0.0790590312536	0.0229722385473	0.00923652390312	0.888732206296
-ayu	0.320868763446	0.574019055425	0.0799098453027	0.0252023358262
-gol	0.239436619718	0.197183098592	0.56338028169	0.0
-ndi	0.1487236404	0.819882670049	0.0228317742191	0.00856191533217
-ubu	0.100632547441	0.818861414606	0.0805060379528	0.0
-sru	0.418032786885	0.44262295082	0.0409836065574	0.0983606557377
-ota	0.0194341240354	0.956844812804	0.0128608173764	0.0108602457845
-oti	0.0174173810317	0.972041317057	0.00113591615424	0.00940538575712
-iji	0.022507033448	0.80994060644	0.092528915286	0.0750234448265
-uma	0.0684165690555	0.0331555357644	0.0503964143619	0.848031480818
-umi	0.00711142149423	0.972345746415	0.0140737325378	0.00646909955281
-nak	0.0308198547927	0.89740665879	0.00992108415632	0.0618524022608
-nah	0.0563259398876	0.548298609942	0.0188482380263	0.376527212144
-nai	0.0810810810811	0.837837837838	0.0810810810811	0.0
-nan	0.196981744003	0.600933939063	0.179117131524	0.0229671854096
-nal	0.932291364191	0.0305621696963	0.0121377548057	0.0250087113073
-nam	0.257233152942	0.344646278195	0.154381843353	0.243738725511
-sis	0.00761421319797	0.946700507614	0.00761421319796	0.0380710659898
-sir	0.0147810218978	0.911313868613	0.0722627737227	0.00164233576643
-ake	0.006230529595	0.97507788162	0.018691588785	0.0
-kin	0.404960507861	0.0945596811102	0.409389532738	0.0910902782904
-aka	0.260959440164	0.543808884649	0.170557625556	0.0246740496309
-zum	0.04	0.848	0.112	0.0
-zur	0.0	1.0	0.0	0.0
-kir	0.855194307608	0.0819485495348	0.0316694033935	0.0311877394636
-sin	0.105263157895	0.427631578947	0.453947368421	0.0131578947368
-sim	0.107661682775	0.825610503423	0.0117754965534	0.0549523172495
-sil	0.217255579171	0.747874601488	0.0189293304995	0.0159404888417
-nar	0.0250541473576	0.23534978346	0.571506053459	0.168090015723
-nas	0.116773675762	0.397672552167	0.357142857143	0.128410914928
-sia	0.0229423697838	0.828621393128	0.125973529932	0.022462707156
-nat	0.345064535782	0.472875136368	0.132967795866	0.0490925319845
-goh	0.159026507424	0.148096548465	0.0930072110862	0.599869733024
-gok	0.928262453864	0.0413404800527	0.00387897595035	0.0265180901333
-mos	0.0357142857143	0.964285714286	0.0	0.0
-mor	0.183390096935	0.272941624789	0.512944482816	0.0307237954605
-goa	0.0560747663551	0.935914552737	0.00801068090787	0.0
-lki	0.0	1.0	0.0	0.0
-moa	0.0698819860534	0.218522705321	0.0184188228701	0.693176485755
-gop	0.833333333333	0.125	0.0416666666667	0.0
-mon	0.0169736239744	0.971616720076	0.00971933654964	0.00169031939994
-gor	0.0505781054359	0.931319241442	0.00961402004153	0.00848863308014
-mok	0.622399354732	0.216188646122	0.149455554765	0.0119564443812
-yat	0.0941889286698	0.870283668411	0.0165243734508	0.0190030294685
-mol	0.44262295082	0.524590163934	0.0327868852459	0.0
-yap	0.499893549074	0.17628273366	0.0549286778795	0.268895039387
-yar	0.0	0.962962962963	0.037037037037	0.0
-bek	0.411023771191	0.531323989014	0.0192963348802	0.0383559049152
-beh	0.0797349965616	0.0293260727322	0.328181973802	0.562756956904
-yam	0.00804880385831	0.944105528762	0.0156504519467	0.0321952154333
-yan	0.292130761568	0.684143801503	0.0182921307616	0.0054333061668
-yah	0.031101511879	0.963714902808	0.0	0.00518358531318
-yak	0.0395951280502	0.34204093674	0.520746994835	0.0976169403744
-rek	0.67407013344	0.209114687237	0.0485436893204	0.0682714900031
-upu	0.03125	0.90625	0.0625	0.0
-pol	0.5130280538	0.186801453493	0.00929960218368	0.290870890523
-isi	0.0178904620788	0.941005378114	0.0242015146526	0.0169026451542
-isa	0.00313659588254	0.751039183815	0.00484141719984	0.240982803103
-ual	0.916507329509	0.0646908859145	0.0143403441683	0.0044614404079
-upa	0.244033915436	0.441125273738	0.0676062664945	0.247234544331
-isu	0.171537001898	0.234155597723	0.566982922201	0.0273244781783
-ret	0.500775193799	0.477519379845	0.00930232558142	0.0124031007752
-jur	0.109090909091	0.763636363636	0.0181818181818	0.109090909091
-jus	0.0228310502283	0.461187214612	0.456621004566	0.0593607305936
-hab	0.0537634408602	0.91935483871	0.0215053763441	0.00537634408602
-had	0.0	1.0	0.0	0.0
-jut	0.726978998385	0.0468497576736	0.143780290792	0.0823909531502
-hah	0.464472700075	0.367240089753	0.0392670157069	0.129020194465
-hai	0.0	1.0	0.0	0.0
-mas	0.0840824960339	0.729349550502	0.181491274458	0.00507667900582
-mar	0.40162673115	0.490657287316	0.0938667839085	0.0138491976258
-hal	0.161851114061	0.0901297331162	0.0195948942079	0.728424258615
-ham	0.0774474943082	0.299327210867	0.281074927733	0.342150367092
-han	0.0709089190856	0.769835257126	0.0312979815115	0.127957842277
-’ir	0.0451127819549	0.90977443609	0.0300751879699	0.0150375939849
-mai	0.258120398441	0.614551754006	0.0909484625379	0.0363793850152
-mah	0.143213264987	0.731396530625	0.101313638885	0.0240765655035
-mak	0.00307180340458	0.992704466914	0.000767950851144	0.00345577883016
-’in	0.0384615384615	0.961538461538	0.0	0.0
-hat	0.0974261368015	0.246197598181	0.63080092436	0.0255753406584
-hau	0.545301448299	0.301111485348	0.139440889188	0.014146177164
-man	0.119945331514	0.800056256448	0.0463316874369	0.0336667246015
-juj	0.0	0.971962616822	0.0280373831775	0.0
-haz	0.0	1.0	0.0	0.0
-jun	0.446475195822	0.412532637076	0.0156657963446	0.125326370757
-una	0.374515918983	0.293601562768	0.264436752459	0.0674457657905
-pti	0.0314465408805	0.911949685535	0.0314465408805	0.0251572327044
-hak	0.0535424553813	0.903461330449	0.0381287182261	0.00486749594376
-gad	0.0	1.0	0.0	0.0
-tra	0.021042351061	0.954186273639	0.0205096333126	0.00426174198704
-ada	0.329182677971	0.019310784182	0.00969051457514	0.641816023272
-gan	0.0992953923926	0.136064431938	0.0172270222127	0.747413153456
-gal	0.728980388573	0.170481313487	0.0435562319721	0.0569820659674
-tri	0.0472440944882	0.917322834646	0.011811023622	0.0236220472441
-gai	0.02991282548	0.872941712723	0.0629593755342	0.0341860862629
-adi	0.618130981651	0.0239641645024	0.00506188822031	0.352842965626
-iko	0.0	1.0	0.0	0.0
-gat	0.513529579774	0.23920478162	0.11075191165	0.136513726956
-gar	0.916435024322	0.0705273379331	0.00525848803733	0.00777914970714
-hia	0.0220264317181	0.977973568282	0.0	0.0
-nor	0.0120824449183	0.980810234542	0.00284292821606	0.00426439232409
-ini	0.161475105214	0.0586591048423	0.0107376287321	0.769128161211
-sek	0.0161063015905	0.974833903765	0.00402657539763	0.00503321924703
-seh	0.145112093277	0.782282009199	0.0511316698842	0.02147422764
--mu	0.172407731491	0.570279539986	0.0352745398294	0.222038188693
-ina	0.110715604956	0.757130864032	0.125524698613	0.00662883239867
-apa	0.0407365662104	0.389679825441	0.025832002649	0.543751605699
-uit	0.100686498856	0.858123569794	0.0411899313501	0.0
-ing	0.12554775009	0.550233926848	0.0388107288972	0.285407594164
-kna	0.774487610009	0.029165153481	0.0253799229195	0.17096731359
-noh	0.557702600102	0.252735148053	0.160779408287	0.0287828435582
-kut	0.721325270553	0.0462631362649	0.0117419127576	0.220669680424
-bli	0.949547834365	0.0461684911947	0.0	0.00428367444074
-iam	0.0925821781064	0.604434384051	0.20154373928	0.101439698563
-ian	0.0894753290121	0.59141497828	0.0544313387552	0.264678353952
-iah	0.00508924250935	0.976661790635	0.0163578822077	0.00189108464829
-iak	0.780348287395	0.047791488871	0.0089724368585	0.162887786876
-win	0.55033557047	0.299604198933	0.142316296679	0.00774393391843
-iat	0.236184708554	0.676381529145	0.0635881907646	0.0238455715367
-nok	0.0506329113924	0.949367088608	0.0	0.0
-iap	0.0490794525942	0.161317318106	0.0515408092941	0.738062420006
-ias	0.235333112363	0.733432119948	0.031234767689	0.0
-iar	0.633194809601	0.0413874989399	0.0167924688322	0.308625222627
-kun	0.0852130325815	0.10275689223	0.225563909774	0.586466165414
-kum	0.137478141162	0.814330096365	0.0210681995758	0.0271235628976
-kul	0.450582341076	0.500097599063	0.0234237751318	0.025896284729
-ban	0.136009006179	0.839642894544	0.0180647188187	0.00628338045869
-bal	0.075	0.153125	0.7484375	0.0234375
-bak	0.241879350348	0.665893271462	0.0748259860789	0.0174013921114
-bah	0.235001017558	0.693385637256	0.0284641774464	0.0431491677394
-bai	0.941422594142	0.0585774058577	0.0	0.0
-gsu	0.12972972973	0.562162162162	0.308108108108	0.0
-hok	0.4140969163	0.215859030837	0.229074889868	0.140969162996
-bab	0.0391756221148	0.0918354012703	0.00353144353573	0.865457533079
-hor	0.387413029728	0.572738772928	0.0398481973434	0.0
-hop	0.10101010101	0.83164983165	0.0673400673401	0.0
-joh	0.00911746383053	0.0561405563571	0.0217940705185	0.912947909294
-jok	0.42558407724	0.240152443002	0.285883239267	0.0483802404912
-bat	0.387261042771	0.560388779163	0.0258971808968	0.0264529971693
-bau	0.11356466877	0.697160883281	0.18927444795	0.0
-gsa	0.0119881225371	0.962929036462	0.0106048776289	0.0144779633717
-bas	0.00818474130372	0.680795089155	0.299035369775	0.0119847997662
-dru	0.38961038961	0.428571428571	0.168831168831	0.012987012987
-nya	0.128855330811	0.272726405166	0.0381871432519	0.560231120771
-mbu	0.0661701925813	0.908215539323	0.0199222085191	0.00569205957689
-asa	0.180083961469	0.607098130952	0.11800288273	0.0948150248497
-yer	0.289353681616	0.688958606093	0.00709109913572	0.014596613156
-asi	0.748351282478	0.0426489608277	0.0027147814729	0.206284975221
-sak	0.376514082794	0.298535778567	0.283115240551	0.0418348980883
-mba	0.116289802856	0.859194371095	0.0170690392968	0.00744678675203
-asu	0.489795918367	0.408163265306	0.102040816327	0.0
-mbi	0.0401427297056	0.922390722569	0.0321141837645	0.00535236396075
-okh	0.0	1.0	0.0	0.0
-rat	0.404587583055	0.522761578287	0.0439572841283	0.0286935545304
-rau	0.0	0.666666666667	0.3	0.0333333333333
-ras	0.191882640587	0.290660146699	0.453594132029	0.0638630806846
-rap	0.302452679286	0.562116768862	0.0630498533724	0.0723806984804
-ran	0.225557552154	0.610690444596	0.115582916722	0.0481690865275
-eri	0.0216034258517	0.012730233365	0.00133497580656	0.964331364977
-iwa	0.0640516265742	0.839172626357	0.0180596691469	0.0787160779215
-ram	0.139940399484	0.53265947165	0.305653994845	0.0217461340206
-rak	0.191922563418	0.686582109479	0.0821094793058	0.039385847797
-rah	0.0479554327608	0.8281838068	0.112111123085	0.0117496373539
-rai	0.514652863618	0.351951998352	0.0441646065101	0.0892305315204
-iwi	0.00986842105263	0.973684210526	0.00986842105263	0.00657894736842
-rab	0.028	0.96	0.0	0.012
-a’a	0.208009563658	0.476588961945	0.278940027894	0.0364614465033
-bsu	0.0161290322581	0.887096774194	0.0967741935484	0.0
-a’i	0.836231071228	0.0901370082526	0.00648986459418	0.067142055925
-pot	0.854247491639	0.136120401338	0.00240802675585	0.00722408026756
-a’u	0.0	1.0	0.0	0.0
-pok	0.368239921337	0.405604719764	0.193706981318	0.0324483775811
-poh	0.418389166073	0.333570919458	0.109052031361	0.138987883108
-pon	0.588648090815	0.0841073271414	0.0164086687306	0.310835913313
-uga	0.114677989538	0.0725420368124	0.166366636664	0.646413336986
-bsi	0.0111731843575	0.986033519553	0.00279329608939	0.0
-aza	0.0	0.904761904762	0.047619047619	0.0476190476191
-ugi	0.39758226998	0.491605104097	0.076561450638	0.0342511752854
-laf	0.262032085561	0.695187165775	0.0106951871658	0.0320855614973
-uju	0.496519144704	0.273247140726	0.0989557434112	0.131277971159
-ika	0.126764561666	0.337040955896	0.0185811246742	0.517613357764
-lal	0.246332046332	0.125353925354	0.562676962677	0.0656370656371
-lam	0.0148222309069	0.0574501390218	0.00414164287139	0.9235859872
-lan	0.338278058773	0.524585621597	0.0504674150008	0.0866689046294
-lah	0.249940469012	0.514566060245	0.0475665568269	0.187926913916
-lai	0.0951847704367	0.665173572228	0.194848824188	0.0447928331467
-iki	0.0747663551402	0.616822429907	0.308411214953	0.0
-lak	0.691806167401	0.199295154185	0.0539207048458	0.0549779735683
-lat	0.150307647231	0.645180193378	0.136243773806	0.0682683855846
-lau	0.0440984964883	0.0335750451131	0.00381058584801	0.918515872551
-iku	0.153846153846	0.384615384615	0.215384615385	0.246153846154
-aan	0.607142857143	0.142857142857	0.0714285714286	0.178571428571
-lap	0.0962226640159	0.744996686547	0.150563286945	0.00821736249172
-lar	0.32772567531	0.625486077897	0.0174676121358	0.0293206346566
-las	0.0812483645845	0.21075307612	0.0524778583984	0.655520700897
-uji	0.502288479142	0.442526480973	0.0372695174578	0.0179155224271
-ppa	0.0	1.0	0.0	0.0
-uki	0.00546448087432	0.983606557377	0.00819672131148	0.00273224043716
-gek	0.108303249097	0.602888086643	0.216606498195	0.072202166065
-ahi	0.448051948052	0.266233766234	0.24025974026	0.0454545454546
-dor	0.533755259492	0.222015304158	0.0151221322206	0.22910730413
-dop	0.31255306622	0.603693718819	0.0795389048991	0.00421431006166
-bol	0.139605462822	0.261001517451	0.408194233687	0.191198786039
-bon	0.581395348837	0.0697674418605	0.313953488372	0.0348837209302
-aha	0.135215912604	0.501906626816	0.293517468824	0.0693599917552
-boh	0.691511132819	0.165991732557	0.0231368640437	0.11936027058
-bok	0.0845065645639	0.687240062569	0.202130566592	0.0261228062757
-bot	0.640300670402	0.233918304687	0.0838110145476	0.0419700103635
-bor	0.0161106127896	0.550578660658	0.401518300554	0.0317924259992
-don	0.0	1.0	0.0	0.0
-ger	0.0	1.0	0.0	0.0
-dom	0.00471698113207	0.995283018868	0.0	0.0
-dok	0.726745593842	0.168320220058	0.0345777223903	0.0703564637096
-doh	0.142220970552	0.4582225899	0.371041839016	0.0285146005316
-ahu	0.802201523222	0.109581678339	0.0171725261081	0.071044272331
-sar	0.0340590294856	0.327906723583	0.598796920498	0.0392373264342
-dda	0.0	1.0	0.0	0.0
-sap	0.0979290979291	0.877851877852	0.013689013689	0.01053001053
-mpi	0.0650710545998	0.921465968586	0.0134629768138	0.0
-ter	0.0	1.0	0.0	0.0
-ibu	0.0424121447677	0.0935058564314	0.00418885380422	0.859893144997
-tol	0.00995024875622	0.850746268657	0.139303482587	0.0
-tom	0.417582417582	0.384615384615	0.0	0.197802197802
-tok	0.405516720895	0.497926182595	0.0553641898832	0.0411929066261
-toh	0.724015229691	0.17670711312	0.0133793545173	0.0858983026723
-mpa	0.838509690622	0.12850607921	0.0124593716143	0.020524858553
-lfa	0.0137299771167	0.961098398169	0.0251716247139	0.0
-oli	0.0	1.0	0.0	0.0
-tor	0.13276302633	0.651927563604	0.173980668815	0.041328741251
-ibi	0.114285714286	0.885714285714	0.0	0.0
-top	0.760588497548	0.145786892555	0.0454748105216	0.0481497993758
-lfi	0.0	1.0	0.0	0.0
-ola	0.0	1.0	0.0	0.0
-sai	0.304761904762	0.552380952381	0.0380952380952	0.104761904762
-sah	0.325676535132	0.410413169158	0.170974451237	0.0929358444728
-san	0.331937313532	0.474738093534	0.158723785349	0.0346008075849
-sam	0.0	1.0	0.0	0.0
-sal	0.201303176493	0.130046154168	0.0395547480317	0.629095921308
-rot	0.107823267126	0.827725982975	0.0194568301581	0.0449939197406
-gku	0.0797872340426	0.920212765957	0.0	0.0
-lok	0.282003710575	0.627087198516	0.0575139146568	0.0333951762523
-loh	0.0159027324933	0.18702538968	0.00656303245755	0.790508845369
-loe	0.0847457627118	0.881355932203	0.0	0.0338983050847
-rom	0.00147089467168	0.73695500288	0.261574102448	0.0
-lot	0.560151562993	0.28228607515	0.106094095358	0.0514682664983
-lor	0.0	1.0	0.0	0.0
-los	0.0125899280575	0.980215827338	0.00359712230216	0.00359712230216
-lop	0.461538461538	0.538461538462	0.0	0.0
-rok	0.46332046332	0.27027027027	0.250965250965	0.015444015444
-gut	0.491945830364	0.430363506771	0.0218104062723	0.055880256593
-kit	0.196901880137	0.201547574328	0.42249076273	0.179059782805
-mpo	0.0444417087282	0.337375353933	0.00889449710699	0.609288440231
-mau	0.170885397041	0.0167694876189	0.0123220115684	0.800023103772
-mat	0.32670743669	0.613173391543	0.0253297940865	0.0347893776806
-’is	0.078431372549	0.921568627451	0.0	0.0
-ewa	0.0318021201413	0.777385159011	0.162544169611	0.0282685512367
-h’a	0.0408163265306	0.948979591837	0.0102040816327	0.0
-ipu	0.512903627977	0.396833312555	0.0476249844159	0.042638075053
-hap	0.503462309106	0.436271710806	0.0308337572542	0.0294322228336
-awi	0.0405314118442	0.897320423328	0.0607971177663	0.00135104706147
-awa	0.747932271822	0.141135717549	0.0226304841467	0.0883015264821
-sat	0.375833041038	0.181515257804	0.225710277096	0.216941424062
-har	0.409167132476	0.577417551705	0.0134153158189	0.0
-mam	0.00968122786305	0.891428571429	0.096906729634	0.00198347107438
-ddi	0.0	1.0	0.0	0.0
-’at	0.0453612096323	0.617323128617	0.30670151204	0.0306141497106
-put	0.0180288461538	0.958533653846	0.0216346153846	0.00180288461539
-bit	0.0719424460432	0.89928057554	0.0239808153477	0.00479616306954
-’az	0.0298507462686	0.970149253731	0.0	0.0
-sti	0.160890377778	0.0195827277878	0.0340747674294	0.785452127004
-’am	0.0212765957447	0.974468085106	0.0	0.00425531914893
-’al	0.0213523131673	0.914590747331	0.0640569395018	0.0
-’an	0.0711865169357	0.845290511782	0.0480880745363	0.0354348967465
-nap	0.126866409572	0.100365865717	0.323939483833	0.448828240878
-ank	0.55369928401	0.379474940334	0.00954653937947	0.0572792362768
-hya	0.0390425993602	0.0547730775689	0.00268045457923	0.903503868492
-rta	0.201740215038	0.236206299938	0.0138675014972	0.548185983527
-iok	0.0384	0.9328	0.0288	0.0
-lei	1.0	0.0	0.0	0.0
-lek	0.43816819272	0.211662013305	0.0319735114615	0.318196282513
-ois	0.101694915254	0.898305084746	0.0	0.0
-ion	0.0198851082634	0.944321696863	0.0106053910738	0.0251878038003
-mun	0.139620596206	0.806504065041	0.0227642276423	0.0311111111111
-mut	0.173703256936	0.775633293124	0.0361881785283	0.0144752714113
-mus	0.0127280441239	0.987271955876	0.0	0.0
-mur	0.0132587715342	0.967800126274	0.0151528817534	0.00378822043835
-m’i	0.0	1.0	0.0	0.0
-les	0.0384615384615	0.961538461538	0.0	0.0
-iot	0.0	1.0	0.0	0.0
-mpu	0.0	0.959601141428	0.0403988585719	0.0
-git	0.0273133181048	0.936432477225	0.0124300130297	0.0238241916403
-ndu	0.250944414463	0.424177010254	0.172692930383	0.1521856449
-iba	0.116666666667	0.0125	0.0375	0.833333333333
-lju	0.0	1.0	0.0	0.0
-gin	0.146154609507	0.779517713605	0.0293142800437	0.0450133968443
-gil	0.944490976928	0.0123353384604	0.00951800807128	0.03365567654
-ali	0.0755362939919	0.261390208974	0.108444604028	0.554628893005
-nda	0.0616810838506	0.793141304533	0.0997934404145	0.0453841712023
-ala	0.044871462485	0.302625978839	0.0458984501828	0.606604108493
-iga	0.0150217259646	0.0457501474403	0.275468833886	0.66375929271
-wat	0.759873617694	0.183254344392	0.0126382306477	0.044233807267
-bdi	0.0	1.0	0.0	0.0
-rut	0.646750838537	0.137956423332	0.0560115622699	0.159281175861
-yol	0.00892857142857	0.973214285714	0.0	0.0178571428571
-chi	0.43812250324	0.22637637831	0.321550528551	0.0139505898993
-lsu	0.0993520518358	0.224622030237	0.671706263499	0.00431965442764
-cha	0.727873609544	0.220377236821	0.0401418668386	0.0116072867967
-pen	0.0	0.960784313725	0.0	0.0392156862745
-che	0.096	0.856	0.048	0.0
-pet	0.220134704006	0.779865295994	0.0	0.0
-rki	0.117467581998	0.710144927536	0.0	0.172387490465
-lsa	0.518867924528	0.198113207547	0.0	0.283018867925
-ela	0.0571428571428	0.942857142857	0.0	0.0
-iya	0.0	1.0	0.0	0.0
-chu	0.0645879732739	0.895322939866	0.0334075723831	0.00668151447663
-hum	0.0516870064609	0.935391241924	0.00646087580761	0.00646087580762
-itu	0.0781394245728	0.0178693109487	0.00573207843851	0.89825918604
-rid	0.041822444712	0.908050653851	0.00710381237931	0.0430230890578
-tes	0.0	1.0	0.0	0.0
-ith	0.0	1.0	0.0	0.0
-iti	0.00769230769231	0.960576923077	0.0	0.0317307692308
-ita	0.00465389825575	0.023914649331	0.00324208542354	0.96818936699
-apu	0.564263322884	0.343931930139	0.0895656068069	0.00223914017017
-tir	0.407304814512	0.352402386968	0.228363368806	0.0119294297137
-ute	0.0615384615384	0.861538461539	0.0461538461538	0.0307692307692
-fan	0.0	1.0	0.0	0.0
-fas	0.106116838488	0.866391752577	0.0076975945017	0.019793814433
-uda	0.023597273204	0.582485579444	0.38479286838	0.00912427897221
-fat	0.0081300813008	0.991869918699	0.0	0.0
-bri	0.80290503814	0.100991184397	0.0307860960124	0.0653176814507
-udi	0.0143959755109	0.82594914486	0.147375208279	0.0122796713504
-abu	0.0403022670025	0.959697732997	0.0	0.0
-nju	0.476953907816	0.258517034068	0.0841683366733	0.180360721443
-rim	0.785066666667	0.1456	0.0096	0.0597333333333
-tal	0.47143209133	0.426999206067	0.101568702604	0.0
-hud	0.0	1.0	0.0	0.0
-’el	0.00995183037659	0.973876445261	0.0140984263668	0.00207329799512
-nja	0.597826086957	0.33152173913	0.0271739130435	0.0434782608696
-hut	0.267326732673	0.247524752475	0.118811881188	0.366336633663
-abi	0.017137726421	0.968808557152	0.00714397251718	0.00690974391006
-nji	0.727053866988	0.230213662353	0.0267830273849	0.0159494432741
-hus	0.0	1.0	0.0	0.0
-tua	0.019656019656	0.793884793885	0.177528177528	0.008931008931
-kob	0.000600300150076	0.9979989995	0.000600300150074	0.000800400200101
-roh	0.296071711154	0.557178954107	0.0280513118378	0.1186980229
-kon	0.0727969348659	0.858237547893	0.0536398467433	0.0153256704981
-tul	0.0753645194928	0.145094308556	0.505140776788	0.274400395163
-tum	0.296296296296	0.333333333333	0.0740740740741	0.296296296296
-ort	0.0	0.979381443299	0.020618556701	0.0
-kot	0.254877249328	0.310146812954	0.413454550998	0.0215213867192
-tur	0.0	0.979831932773	0.0	0.0201680672269
-tus	0.0577107446415	0.72160917522	0.0345215914837	0.186158488655
-tut	0.256898727281	0.107504507766	0.108945586959	0.526651177994
-kop	0.198659396381	0.248659975226	0.233621597842	0.319059030551
-sok	0.483340665447	0.0626085345806	0.0173192248026	0.43673157517
-ado	0.0236051502146	0.95726037196	0.0100143061516	0.00912017167382
-uai	0.592141457136	0.395846126669	0.0105991907602	0.00141322543469
-sof	0.00174249757986	0.997095837367	0.00116166505324	0.0
-aba	0.670212765957	0.127659574468	0.0	0.202127659574
-tna	0.0	0.459677419355	0.540322580645	0.0
-lit	0.112935334511	0.791844677567	0.0686469680364	0.026573019885
-rus	0.0272305426658	0.854038734058	0.0159771041151	0.102753619161
-pak	0.798898824988	0.136576694834	0.0453815370872	0.0191429430908
-lip	0.163265306122	0.714285714286	0.0408163265306	0.0816326530612
-lir	0.824120603015	0.115577889447	0.0402010050251	0.0201005025126
-lis	0.402001160894	0.560767295945	0.027253379032	0.00997816412836
-lil	0.00281056773468	0.982574480045	0.0134907251265	0.00112422709387
-lim	0.00266056758775	0.996499253174	0.000280059746079	0.000560119492158
-lin	0.756994404476	0.0647482014389	0.0431654676259	0.135091926459
-ipi	0.00784621420165	0.968615143193	0.00392310710082	0.0196155355041
-ick	0.833333333333	0.166666666667	0.0	0.0
-rub	0.261904761905	0.666666666667	0.047619047619	0.0238095238095
-gah	0.170829023201	0.453494901729	0.0650509827102	0.31062509236
-ruf	0.154639175258	0.680412371134	0.134020618557	0.0309278350515
-lia	0.056954842946	0.748599324821	0.170048509158	0.0243973230748
-lib	0.40753163592	0.580271382833	0.00548864156121	0.00670833968593
-tek	0.277941016433	0.399064098379	0.290347154206	0.0326477309827
-zat	0.0992344768925	0.712220017012	0.157924581798	0.0306209242983
-oda	0.0	1.0	0.0	0.0
-adu	0.701923076923	0.262019230769	0.0264423076923	0.00961538461539
-hur	0.552423900789	0.184141300263	0.149567831642	0.113866967306
-rna	0.042724919594	0.0352627434242	0.0177536550409	0.904258681941
--an	0.0	0.964601769912	0.0	0.0353982300885
-rni	0.0	1.0	0.0	0.0
-uri	0.31633192389	0.614957716702	0.0524577167019	0.0162526427061
-rgi	0.506721412903	0.0427076888464	0.00138365487373	0.449187243377
-ura	0.0939678272633	0.700386395555	0.199395145656	0.00625063152527
-rga	0.0155933352414	0.856661264511	0.121448091784	0.00629730846289
-uru	0.0881396542872	0.766592503851	0.0269724456615	0.118295396201
-’ul	0.0128205128205	0.987179487179	0.0	0.0
-pah	0.352946092771	0.584956122023	0.0391140827413	0.0229837024655
-pai	0.267268456142	0.0398532396145	0.0161740085882	0.676704295655
-dur	0.789440524194	0.0574596774194	0.0207913306452	0.132308467742
-dus	0.0149462867819	0.659971975712	0.311805585042	0.0132761524635
-was	0.04	0.96	0.0	0.0
-war	0.546012269939	0.165644171779	0.220858895705	0.0674846625767
-pan	0.156139620331	0.415044703001	0.038123698714	0.390691977955
-wap	0.120689655172	0.810344827586	0.0689655172414	0.0
-api	0.0161826864543	0.070023964418	0.00333166820517	0.910461680923
-dua	0.0474276658661	0.041186753582	0.0866212485092	0.824764332043
-wab	0.850784770785	0.139891219891	0.002331002331	0.00699300699301
-kol	0.468747633544	0.375558483651	0.0598240113893	0.0958698714163
-wan	0.130630207304	0.461162547273	0.104883320749	0.303323924675
-par	0.260333634645	0.21949215219	0.509326978388	0.0108472347769
-pas	0.493799137451	0.225459647964	0.0979137863436	0.182827428241
-dul	0.0415704387991	0.143187066975	0.78752886836	0.027713625866
-dum	0.0	1.0	0.0	0.0
-dun	0.0	1.0	0.0	0.0
-wah	0.0661434977578	0.0992662046474	0.0437219730942	0.790868324501
-nun	0.0	1.0	0.0	0.0
-num	0.705557251686	0.274311478262	0.0153172706916	0.00481399936022
-nuk	0.0	0.877551020408	0.0408163265306	0.0816326530612
-sen	0.0714285714286	0.785714285714	0.142857142857	0.0
-sut	0.0713846153846	0.912	0.0166153846154	0.0
-kek	0.0	0.854545454545	0.127272727273	0.0181818181818
-sur	0.369098712446	0.407725321888	0.0557939914163	0.167381974249
-ari	0.321926252516	0.533748920339	0.0194621173203	0.124862709824
-sun	0.0839682377198	0.813243057485	0.0361932059138	0.0665954988813
-sul	0.0238693877551	0.865893877551	0.0372244897959	0.073012244898
-kok	0.159579529063	0.773760908534	0.0541478118233	0.0125117505794
-sud	0.399466531183	0.489648164613	0.035247046869	0.0756382573352
-nus	0.0337800853885	0.957383920054	0.00211125533679	0.00672473922087
-dia	0.016791154368	0.0475916004852	0.00407114465034	0.931546100496
-lui	0.0	0.981132075472	0.0188679245283	0.0
-dil	0.0909009493104	0.267418950385	0.346140068064	0.295540032241
-dim	0.0769230769231	0.923076923077	0.0	0.0
-son	0.00289017341041	0.991329479769	0.00578034682079	0.0
-ksi	0.440391358444	0.506051351657	0.012385476756	0.0411718131433
-’im	0.0	1.0	0.0	0.0
-dis	0.00877086124984	0.947374832501	0.0369107077598	0.00694359848946
-sli	0.0	1.0	0.0	0.0
-soh	0.0272412085191	0.949232293214	0.0123823675087	0.0111441307578
-ska	0.00336511497476	0.984856982614	0.00224340998318	0.00953449242849
-iha	0.0701754385964	0.912280701754	0.0175438596491	0.0
-uku	0.025291047772	0.939783219591	0.025291047772	0.0096346848655
-ktu	0.0587257801854	0.330951510519	0.00611519159826	0.604207517697
-ski	0.141660851361	0.140265177948	0.0544312630844	0.663642707606
-kor	0.304076019005	0.570781584285	0.0454558083965	0.0796865883137
-uka	0.507365666619	0.215785423974	0.166426546686	0.110422362721
-tpi	0.0590154828855	0.448725959869	0.0111087967785	0.481149760467
-afa	0.0	1.0	0.0	0.0
-nna	0.0302785627776	0.947920872023	0.00484457004441	0.0169559951554
-ngu	0.0200553250346	0.0878284923927	0.892116182573	0.0
-ais	0.0655737704918	0.934426229508	0.0	0.0
-tis	0.469760687951	0.515114941445	0.0117298734607	0.00339449714296
-nga	0.0187883897387	0.887269661568	0.0881609056967	0.0057810429965
-tia	0.0261248185776	0.834542815675	0.121915820029	0.0174165457184
-tib	0.527426160338	0.261603375527	0.126582278481	0.084388185654
-ngi	0.0910131654264	0.55466514024	0.354321694333	0.0
-tin	0.0477880939377	0.936919716002	0.0124249044238	0.00286728563626
-ain	0.021109955869	0.2424822082	0.318139658839	0.418268177092
-aik	0.234623419124	0.0493622500242	0.352967007661	0.36304732319
-jat	0.485297141682	0.291486736582	0.142401809583	0.080814312153
-jau	0.020316027088	0.135440180587	0.844243792325	0.0
-jar	0.785006559414	0.190758130222	0.00916591866326	0.0150693917006
-jap	0.0342075256556	0.250095020905	0.491448118586	0.224249334854
-rti	0.13222465794	0.0268355235784	0.0118961255719	0.82904369291
-jan	0.149544863459	0.816644993498	0.0299089726918	0.00390117035111
-jam	0.0867253343259	0.64249062824	0.19020019674	0.0805838406934
-jak	0.565377600774	0.280120594037	0.138087616779	0.0164141884096
-gga	0.0518915938587	0.923169904148	0.00534396471285	0.0195945372805
-ana	0.0508214234579	0.195007504028	0.0749190666495	0.679252005865
-ron	0.0	0.96875	0.03125	0.0
-dpa	0.0126582278481	0.810126582278	0.113924050633	0.0632911392405
-pdu	0.072072072072	0.783783783784	0.126126126126	0.018018018018
-zar	0.0	1.0	0.0	0.0
-rja	0.444780345936	0.452969539262	0.0408694321138	0.0613806826879
-dak	0.145328719723	0.386032527946	0.0227007568581	0.445937995473
-eta	0.0808510638298	0.863829787234	0.0553191489362	0.0
-iri	0.29519360184	0.154353478045	0.197196781255	0.35325613886
-jel	0.0568625132994	0.932497931198	0.00709303700201	0.003546518501
-kus	0.0192683607931	0.979056129573	0.00167550963418	0.0
-ike	0.00657894736841	0.973684210526	0.0	0.0197368421052
-atu	0.0149039405344	0.0964943852267	0.0281928515098	0.860408822729
-bun	0.0383754814611	0.949289542355	0.0054822116373	0.00685276454662
-bul	0.0393412625801	0.949679780421	0.0109789569991	0.0
-uya	0.0136054421769	0.959183673469	0.0272108843537	0.0
-omi	0.0185185185185	0.944444444444	0.037037037037	0.0
-lio	0.00645161290322	0.98064516129	0.0	0.0129032258065
-dab	0.0	1.0	0.0	0.0
-ata	0.900500200872	0.0722534046708	0.010352409613	0.0168939848437
-bur	0.534243792191	0.389779100005	0.0421301631623	0.0338469446422
-run	0.360611890573	0.0983998873821	0.00305006803998	0.537938154005
-but	0.0	0.844827586207	0.155172413793	0.0
-ati	0.271813912014	0.376133839141	0.28164852524	0.0704037236046
-kak	0.216745442269	0.234301147873	0.540850776502	0.00810263335584
-nis	0.0670464504821	0.37379491674	0.520595968449	0.0385626643296
-kai	0.479132582684	0.440894363712	0.0279729252879	0.0520001283161
-kah	0.302734362276	0.176493769554	0.0397614782902	0.48101038988
-osa	0.0880511696676	0.816812535389	0.0772445644496	0.0178917304933
-kan	0.689015548398	0.140599796435	0.0551802283857	0.115204426781
-kam	0.711774107619	0.211507725093	0.0383590836441	0.0383590836441
-kal	0.158370529408	0.140685914458	0.598847392508	0.102096163625
-ula	0.173801176738	0.144856804882	0.0901768256685	0.591165192711
-osi	0.0	1.0	0.0	0.0
-hta	0.00703977472721	0.9845124956	0.0	0.00844772967264
-nes	0.0	1.0	0.0	0.0
-nia	0.0102147590812	0.928471772385	0.0541880512233	0.00712541731028
-kas	0.110280791862	0.492245640824	0.0351664623002	0.362307105014
-kar	0.401434977579	0.552825112108	0.0274439461883	0.0182959641256
-kap	0.841103636372	0.111644814273	0.0126641101031	0.0345874392527
-nin	0.0119521912351	0.948207171315	0.0	0.0398406374502
-kau	0.0207270723227	0.0213745566084	0.00293834702479	0.954960024044
-ulu	0.121747436837	0.234742844603	0.0963304084603	0.5471793101
-dmi	0.120203982516	0.12438823925	0.00224156610752	0.753166212127
-lig	0.0	1.0	0.0	0.0
-aji	0.418743768694	0.526420737787	0.0348953140578	0.0199401794616
-khi	0.0	1.0	0.0	0.0
-aja	0.0797915631364	0.476376760195	0.0409457272922	0.402885949376
-rug	0.0	1.0	0.0	0.0
-shi	0.0	0.706896551724	0.293103448276	0.0
-weh	0.0172215843857	0.827784156142	0.143513203215	0.0114810562572
-rud	0.0634920634921	0.634920634921	0.301587301587	0.0
-aju	0.17115166512	0.76069697907	0.0226827507991	0.0454686050108
-fus	0.00952380952381	0.990476190476	0.0	0.0
-neh	0.031646829346	0.847299072489	0.106285577803	0.0147685203615
-yub	0.0	1.0	0.0	0.0
--ku	0.304694419841	0.535872453499	0.0531443755535	0.106288751107
--ko	0.00387596899225	0.895348837209	0.0956072351421	0.00516795865632
-bus	0.486052564056	0.442102562223	0.0278582163411	0.0439866573806
-yus	0.024	0.976	0.0	0.0
-yur	0.0447260529258	0.807677972419	0.147595974655	0.0
-sgi	0.0	0.58	0.08	0.34
-yut	0.642898217366	0.212190914319	0.0672800460035	0.0776308223117
-ili	0.00699300699301	0.979020979021	0.013986013986	0.0
-lma	0.217741935484	0.741935483871	0.0403225806452	0.0
-oam	0.0	0.940828402367	0.0	0.0591715976331
-igi	0.0134688912061	0.837938825165	0.0443169968718	0.104275286757
-amu	0.0160154108616	0.0151673913689	0.00576865769869	0.963048540071
-tmu	0.545073375262	0.266247379455	0.0377358490566	0.150943396226
-oaa	0.34693877551	0.285714285714	0.0	0.367346938776
-ami	0.126280523162	0.149861477998	0.0270601121062	0.696797886734
-kis	0.0	0.958333333333	0.0416666666667	0.0
-lmu	0.146341463415	0.634146341463	0.219512195122	0.0
-igu	0.00302013422819	0.994966442953	0.00201342281879	0.0
-ama	0.0719873375324	0.0583315231621	0.0263427577239	0.843338381582
-oas	0.0	1.0	0.0	0.0
-usi	0.100823045267	0.816872427984	0.0658436213992	0.0164609053498
-ush	0.0357142857143	0.964285714286	0.0	0.0
-hil	0.0229367914957	0.29963389352	0.622116360108	0.0553129548762
-him	0.00582698341551	0.964365755267	0.0217391304348	0.00806813088302
-hin	0.16814159292	0.690265486726	0.106194690265	0.0353982300885
-gus	0.519514967791	0.29859795377	0.0966275104206	0.0852595680182
-gur	0.644444444444	0.207407407407	0.0	0.148148148148
-usa	0.0794010889292	0.910617059891	0.00499092558983	0.00499092558983
-ira	0.0786158239543	0.435410717285	0.0216697463464	0.464303712414
-jmu	0.352941176471	0.078431372549	0.490196078431	0.078431372549
-tat	0.0	1.0	0.0	0.0
-uli	0.415654286706	0.460256855259	0.0971884762235	0.0269003818119
-gun	0.52711319483	0.0706774272438	0.00214734355707	0.40006203437
-iru	0.0280811232449	0.96255850234	0.00936037441497	0.0
-hir	0.0772727272727	0.854545454546	0.00909090909091	0.0590909090909
-hit	0.0759493670886	0.268987341772	0.642405063291	0.0126582278481
-usu	0.0613333333333	0.904	0.0346666666667	0.0
-uza	0.0	1.0	0.0	0.0
-sta	0.0610089949159	0.558858036762	0.349628470864	0.0305044974579
-koh	0.188679245283	0.77358490566	0.0	0.0377358490566
-pia	0.0377358490566	0.962264150943	0.0	0.0
-hon	0.0779220779221	0.181818181818	0.0	0.74025974026
-ius	0.0206915084199	0.965603726263	0.00241848799713	0.01128627732
-pin	0.335059171598	0.629437869823	0.0221893491124	0.0133136094675
-tun	0.0034344590727	0.990841442473	0.0022896393818	0.00343445907269
-pir	0.228932105084	0.121119071989	0.0767656090072	0.57318321392
-pis	0.462908011869	0.46587537092	0.0356083086053	0.0356083086053
-ium	0.408357075024	0.553656220323	0.0189933523267	0.0189933523267
--ya	0.0305676855895	0.427947598253	0.157205240175	0.384279475983
-wai	0.242074927954	0.524495677234	0.146974063401	0.0864553314121
-gsi	0.171428571429	0.771428571429	0.0	0.0571428571428
-gak	0.190332326284	0.767371601208	0.0422960725076	0.0
-sda	0.0	0.980952380952	0.0	0.0190476190476
-agu	0.266211604096	0.511945392491	0.180887372014	0.0409556313993
-agi	0.0764200927074	0.12223446857	0.102168872563	0.69917656616
-nik	0.0786026200873	0.829694323144	0.0262008733625	0.0655021834061
-aga	0.385528106118	0.486432196449	0.0681678951204	0.0598718023124
-min	0.0189355168884	0.266632548618	0.00460593654043	0.709825997953
-ong	0.28709413637	0.539841526785	0.124048264782	0.0490160720631
-one	0.0	1.0	0.0	0.0
-ggu	0.322390984811	0.618814306713	0.0293973542381	0.0293973542381
-anu	0.58	0.34	0.08	0.0
-ega	0.00619834710744	0.973140495868	0.0206611570248	0.0
-dat	0.0925718551698	0.777528928705	0.104516610676	0.0253826054498
-bar	0.166273207835	0.660990427725	0.124772939103	0.0479634253369
-dap	0.381318681319	0.178571428571	0.0576923076923	0.382417582418
-dar	0.462232866618	0.355563743552	0.05729550479	0.124907885041
-oni	0.0677966101695	0.762711864407	0.0	0.169491525424
