-wõj	0.25	0.566666666667	0.15	0.0333333333333
-jãm	0.0612244897959	0.853741496599	0.047619047619	0.0374149659864
-jãn	0.382870219339	0.530398252448	0.0651941688575	0.0215373593547
-het	0.24	0.493333333333	0.266666666667	0.0
-wõd	0.293333333333	0.598095238095	0.0742857142857	0.0342857142857
-heo	0.623211446741	0.357710651828	0.0190779014308	0.0
-—mo	0.288	0.144	0.568	0.0
-hee	0.0087250597443	0.956389260377	0.0302371677146	0.00464851216413
-jãw	0.104876769796	0.871525957001	0.00262191924489	0.0209753539591
-uuk	0.545468346744	0.290951874905	0.0924548352816	0.0711249430697
-aus	0.394904458599	0.528662420382	0.0127388535032	0.0636942675159
-ode	0.0408163265306	0.959183673469	0.0	0.0
-asu	0.145789101203	0.516631280963	0.0700636942675	0.267515923567
-tëh	0.331923992807	0.548525052243	0.0466540311998	0.0728969237498
-aug	0.0697674418605	0.651162790698	0.279069767442	0.0
-auh	0.197247706422	0.787024901704	0.0	0.0157273918742
-auk	0.280373831776	0.514018691589	0.18691588785	0.018691588785
-ako	0.00793650793651	0.992063492063	0.0	0.0
-ejã	0.481871194925	0.365725875818	0.110434219863	0.0419687093942
-ejä	0.333333333333	0.490196078431	0.176470588235	0.0
-pur	0.121621621622	0.452702702703	0.425675675676	0.0
-ẽẽw	0.606060606061	0.228100801217	0.0785551228683	0.0872834698537
-ejë	0.42332541256	0.293449728084	0.207049544733	0.0761753146228
-nah	0.0359116022099	0.939226519337	0.0138121546961	0.0110497237569
-óts	0.154657817441	0.766412691276	0.037729763016	0.0411997282675
-pud	0.30831701724	0.639573064353	0.0521099184068	0.0
-ẽẽn	0.371574422354	0.50018807093	0.0774583557228	0.050779150994
-ejõ	0.60628774976	0.162634339841	0.0938737047913	0.137204205608
-ẽẽj	0.420757363254	0.360448807854	0.199158485273	0.0196353436185
-i-i	0.386494252874	0.602729885058	0.00646551724137	0.00431034482759
-ẽẽd	0.521232876712	0.408904109589	0.0575342465753	0.0123287671233
-puh	0.12095663425	0.851579782128	0.0245419257899	0.00292165783213
-ẽẽb	0.0891089108911	0.910891089109	0.0	0.0
-'ẽs	0.25039049689	0.592618636012	0.133144153108	0.0238467139895
-jõs	0.0619469026549	0.902654867257	0.0353982300885	0.0
-nyy	0.253201752886	0.142443297262	0.0321015306525	0.5722534192
-akũ	0.0640602876662	0.807407522031	0.0211223471338	0.107409843168
-sõn	0.0251641137855	0.974835886214	0.0	0.0
-wãw	0.0463555946925	0.878830027818	0.0152600716473	0.0595543058419
-esé	0.119805816595	0.782211731172	0.0601255956887	0.0378568565448
-ajẽ	0.546417441325	0.317977554947	0.066418777336	0.0691862263917
-wãn	0.0	1.0	0.0	0.0
-jõg	0.416822429907	0.224299065421	0.123364485981	0.235514018692
-'ii	0.42016716204	0.343105536538	0.182192345316	0.0545349561052
-jõk	0.0255148120724	0.521723716909	0.41824759912	0.0345138718984
-gyb	0.361244019139	0.33014354067	0.251196172249	0.0574162679426
-jõn	0.0195950359242	0.970607446114	0.00979751796212	0.0
-jõm	0.0382165605095	0.713375796178	0.171974522293	0.0764331210192
-naǟ	0.439024390244	0.0	0.451219512195	0.109756097561
-sip	0.101470588235	0.863235294118	0.0308823529412	0.00441176470589
-das	0.0958221024259	0.853234501348	0.0161725067385	0.0347708894878
-hén	0.0762076928101	0.876610353135	0.020911057406	0.0262708966492
-jãã	0.430473160066	0.347019569569	0.100625951759	0.121881318606
-400	0.304979253112	0.161825726141	0.0663900414938	0.466804979253
-des	0.0650086185669	0.893006648609	0.0365673479439	0.00541738488057
-gõn	0.46234806487	0.344034242386	0.144183388213	0.0494343045302
-eré	0.0	0.994884910486	0.00511508951407	0.0
-dew	0.0220338983051	0.977966101695	0.0	0.0
-nae	0.209823557463	0.312350977587	0.426323319027	0.0515021459227
-oka	0.0298365338835	0.920647516267	0.0285668941438	0.0209490557055
-imo	0.0581395348837	0.918604651163	0.0232558139535	0.0
-kis	0.0	0.978609625668	0.0213903743316	0.0
-atẽ	0.220588235294	0.625	0.132352941176	0.0220588235294
-gãã	0.598538391387	0.254697187658	0.0466230694613	0.100141351494
-ida	0.0305676855895	0.960698689956	0.0	0.00873362445414
-its	0.180148053996	0.152738057409	0.444373830456	0.222740058139
-wad	0.271080505545	0.548618601178	0.140753339418	0.0395475538594
-byy	0.120362233006	0.499828053953	0.228401665966	0.151408047075
-kiw	0.211221122112	0.689768976898	0.069306930693	0.029702970297
-430	0.383333333333	0.0	0.0	0.616666666667
-—bë	0.181015535289	0.117073957597	0.00662997294312	0.695280534171
-bii	0.160454889416	0.657151348889	0.182393761695	0.0
-eja	0.0975168840086	0.753785826552	0.117906436576	0.0307908528637
-100	0.0765093973499	0.0568830736819	0.0754560070965	0.791151521872
-waa	0.339472834357	0.51563258173	0.0762255932165	0.0686689906964
-—te	0.554828864181	0.202746893394	0.15587529976	0.0865489426641
-tew	0.158753043265	0.7354025271	0.0190416604328	0.0868027692014
-péh	0.134028321095	0.420377367729	0.0227317192191	0.422862591957
-—ti	0.121008115025	0.189103879017	0.0222853023223	0.667602703635
-roé	0.041067761807	0.852156057495	0.041067761807	0.0657084188911
-rẽn	0.489373336977	0.218676207074	0.0529111298571	0.239039326092
-rik	0.802816901408	0.112676056338	0.0281690140845	0.056338028169
-rih	0.4783638062	0.459512684044	0.0138035645099	0.0483199452461
-rii	0.568896335136	0.347844912983	0.0307480341108	0.052510717771
-riw	0.0584846007264	0.822174008799	0.0165788675159	0.102762522959
-rit	0.0542005420054	0.856820234869	0.0347786811201	0.0542005420054
-ris	0.0277827567664	0.927227101631	0.00734898727371	0.0376411543287
-rip	0.0310676013712	0.94669713721	0.00169852691393	0.0205367345048
-péw	0.0972972972973	0.724324324324	0.178378378378	0.0
-—ty	0.189138576779	0.147940074906	0.314606741573	0.348314606742
-enh	0.2099632489	0.633120171218	0.0650675204627	0.0918490594186
-pas	0.0917964693666	0.843198338525	0.0199376947041	0.045067497404
-ara	0.122398498806	0.835806891846	0.0238826339133	0.017911975435
-mes	0.00840336134454	0.924369747899	0.0672268907563	0.0
-jõõ	0.129922712826	0.140707802887	0.480438139805	0.248931344482
-róh	0.086485091003	0.812830773203	0.100684135794	0.0
-rók	0.0	0.969696969697	0.030303030303	0.0
-ari	0.0202805936097	0.894841366468	0.0398100541228	0.0450679857994
-—jé	0.32295079614	0.221050415058	0.0232060452316	0.43279274357
-men	0.285035629454	0.57244655582	0.0890736342042	0.0534441805225
-jis	0.041764155358	0.444782405241	0.247601778194	0.265851661207
-gyp	0.0627648929902	0.833106073347	0.0951854356798	0.00894359798333
-tyd	0.407238095238	0.52419047619	0.0251428571429	0.0434285714286
-ayd	0.0170383362566	0.971185166625	0.00125281884239	0.0105236782761
-eëg	0.643184130214	0.245549338759	0.0338250254323	0.0774415055951
-tyb	0.0	1.0	0.0	0.0
-ayb	0.0	1.0	0.0	0.0
-eëk	0.351934051997	0.239061509195	0.285351934052	0.123652504756
-tym	0.157759374261	0.579497128862	0.0455387173088	0.217204779568
-tyn	0.457608822476	0.358297897712	0.0928526525145	0.0912406272973
-yyp	0.43710258381	0.43542573456	0.065326751038	0.0621449305918
-ä̃t	0.266355140187	0.355140186916	0.168224299065	0.210280373832
-ebo	0.523772888137	0.416217879674	0.0276965687029	0.0323126634867
-tyt	0.439909391301	0.448367588686	0.0279307550032	0.0837922650097
-ä̃k	0.489361702128	0.255319148936	0.255319148936	0.0
-ä̃h	0.0437601545017	0.898378345238	0.0389319763343	0.0189295239263
-tyw	0.130720863376	0.693875197934	0.0424846649346	0.132919273756
-tón	0.338198295507	0.352338738359	0.252446751057	0.057016215077
-ä̃m	0.342613289982	0.375939849624	0.188376346271	0.0930705141232
-tób	0.104743139276	0.798577974551	0.0208320930042	0.075846793169
-ayy	0.313829787234	0.504654255319	0.113696808511	0.0678191489362
-tyy	0.449550521906	0.492618050131	0.0312163601505	0.0266150678123
-õõh	0.0458769144565	0.899257564438	0.0354874859918	0.0193780351139
-'éé	0.038645747968	0.947358174617	0.00497229066065	0.0090237867545
-aód	0.384274193548	0.404032258065	0.061693548387	0.15
-õõk	0.162300102076	0.680503572644	0.126573664512	0.030622660769
-iwo	0.0	0.86231884058	0.13768115942	0.0
-õõj	0.235154394299	0.700712589074	0.00712589073634	0.0570071258907
-aóh	0.027149321267	0.972850678733	0.0	0.0
-ubi	0.0	0.650429799427	0.349570200573	0.0
-'ỹỹ	0.385186407126	0.538601121742	0.0504783899703	0.0257340811613
-õõd	0.662874525982	0.172521565196	0.0275034379298	0.137100470892
-—ỹỹ	0.15274151436	0.0802872062663	0.00195822454308	0.76501305483
-ota	0.0	1.0	0.0	0.0
-ija	0.018378334709	0.904405600066	0.0122808260086	0.0649352392164
-tsẽ	0.372502100487	0.543088556545	0.0201848428836	0.064224500084
-ijo	0.0493062862456	0.898487777424	0.0249223089534	0.0272836273766
-ots	0.3380890507	0.525864841569	0.0544184430922	0.0816276646383
-—hã	0.461107654014	0.216552582452	0.0504044803982	0.271935283136
-ebé	0.304750559661	0.473047468871	0.168117620641	0.0540843508265
-naj	0.0	1.0	0.0	0.0
ALL	0.262648223072	0.339290016961	0.0644633545591	0.333598405407
-nan	0.014742014742	0.985257985258	0.0	0.0
-gän	0.460405106568	0.484893296612	0.02735079841	0.02735079841
-nam	0.0	1.0	0.0	0.0
-sis	0.349693251534	0.549079754601	0.0184049079754	0.0828220858896
-sir	0.015873015873	0.920634920635	0.0634920634921	0.0
-naa	0.179902196371	0.201853955802	0.0416551851861	0.576588662641
-aka	0.0938185362683	0.867922995695	0.0297295101941	0.00852895784258
-sit	0.0109835008715	0.940760726821	0.0453905112103	0.00286526109692
-sik	0.50618381272	0.255486572197	0.154358558991	0.0839710560912
-sii	0.0851545567913	0.0417472389273	0.0151659113122	0.857932292969
-bód	0.160497544705	0.52302418234	0.138214583526	0.178263689428
-aky	0.240564742283	0.0729215568421	0.0156619269106	0.670851773965
-bóg	0.101428421016	0.875057031552	0.00526445091777	0.0182500965149
-nas	0.0796721842681	0.88461642319	0.0103961331785	0.0253152593633
-sig	0.341897325603	0.431363381335	0.137273237329	0.0894660557322
-nat	0.0	1.0	0.0	0.0
-sid	0.0	1.0	0.0	0.0
-kãp	0.0809308519444	0.181182105453	0.682044754761	0.0558422878416
-wuh	0.661616161616	0.208080808081	0.0878787878788	0.0424242424242
-mos	0.0248447204969	0.975155279503	0.0	0.0
-goo	0.375	0.397321428571	0.160714285714	0.0669642857143
-wug	0.478121510377	0.384876613367	0.0818370537543	0.0551648225017
-god	0.179515418502	0.765418502203	0.0550660792951	0.0
-gog	0.0	0.96261682243	0.0373831775701	0.0
-ynh	0.303797468354	0.620253164557	0.0759493670886	0.0
-wus	0.00996677740864	0.970099667774	0.0199335548173	0.0
-puw	0.0186046511628	0.953488372093	0.0279069767442	0.0
-ũũt	0.599692115222	0.329126760909	0.0459194978192	0.0252616260496
-moo	0.380180012071	0.316400421287	0.034353256814	0.269066309828
-mon	0.226624405705	0.548335974643	0.193343898574	0.0316957210777
-mom	0.0	1.0	0.0	0.0
-mok	0.0	1.0	0.0	0.0
-yng	0.404626552377	0.369779316689	0.0476742792551	0.177919851679
-ema	0.0513081623061	0.745417515275	0.140216199279	0.0630581231396
-ber	0.0206611570248	0.969008264463	0.0	0.0103305785124
-bep	0.588235294118	0.2	0.111764705882	0.0999999999999
-bew	0.0743452548578	0.718952407772	0.0050689946494	0.20163334272
-bet	0.162590423699	0.771271098863	0.0661384774372	0.0
-hëë	0.362869630301	0.298431448781	0.266182930404	0.0725159905151
-ä̃g	0.368924889544	0.311487481591	0.282768777614	0.0368188512519
-ũũs	0.0387878787878	0.932121212121	0.0290909090909	0.0
-—sa	0.209639539051	0.221665565925	0.110283102967	0.458411792057
-bed	0.0	1.0	0.0	0.0
-bee	0.386442057743	0.350558284535	0.199585565084	0.0634140926373
-rej	0.0121708018066	0.957719905371	0.0222886972843	0.00782059553835
-upu	0.0	0.962264150943	0.0377358490566	0.0
-dẽp	0.981673306773	0.0183266932271	0.0	0.0
-reg	0.040703517588	0.402512562814	0.541708542714	0.0150753768844
-aũm	0.0429996560027	0.952872377021	0.0	0.00412796697626
-dẽm	0.190613421161	0.703170028818	0.0197612186085	0.086455331412
-dẽn	0.0	1.0	0.0	0.0
-res	0.0	1.0	0.0	0.0
-ẽẽr	0.149656626795	0.775586381926	0.0412983592489	0.0334586320304
-rew	0.0	0.967978652435	0.032021347565	0.0
-ret	0.0354671280277	0.884083044983	0.0242214532872	0.0562283737024
-haa	0.0213042411109	0.4893693732	0.0261345583079	0.463191827381
-hab	0.417910447761	0.522388059702	0.0199004975124	0.0398009950249
--da	0.0222057735011	0.964470762398	0.00888230940046	0.00444115470023
-akë	0.244306418219	0.483781918565	0.234644582471	0.0372670807453
-aké	0.476816648562	0.433994625808	0.0	0.0891887256303
-juu	0.305155827103	0.587252458665	0.0444837473538	0.0631079668784
-map	0.168176237578	0.0788528805393	0.126132178183	0.6268387037
-mas	0.0737489025461	0.918349429324	0.00526777875329	0.00263388937665
-akä	0.427412518887	0.299150322156	0.148997567788	0.124439591169
-maw	0.00948068487336	0.977123720579	0.00169803311164	0.0116975614358
-dõm	0.0375391032325	0.943691345151	0.00625651720542	0.0125130344108
-mah	0.130819867274	0.321832858377	0.445291596276	0.102055678074
-mak	0.0	0.964285714286	0.0	0.0357142857143
-pug	0.125842696629	0.297378277154	0.576779026217	0.0
-hat	0.450549450549	0.406593406593	0.0989010989011	0.043956043956
-man	0.0354799839336	0.958495113134	0.0	0.00602490293211
-maa	0.693203784751	0.194566258981	0.0315513078643	0.0806786484038
-akõ	0.0478723404256	0.813420621931	0.0863338788871	0.0523731587562
-mab	0.121928031563	0.0651233540904	0.084137472073	0.728811142273
-mag	0.139708950694	0.784011880753	0.0539555801781	0.0223235883748
-—ër	0.36860670194	0.344973544974	0.106525573192	0.179894179894
-gëd	0.644295302013	0.114093959731	0.0469798657718	0.194630872483
-unh	0.37253420282	0.488548704347	0.102769692801	0.0361474000315
-räp	0.19298245614	0.771929824561	0.0350877192982	0.0
-ung	0.296090007798	0.52422858416	0.125320262894	0.0543611451487
--ro	0.0672962494688	0.858997989882	0.00421126157916	0.0694944990697
-gët	0.1875	0.8125	0.0	0.0
-ĩĩn	0.177305383858	0.65952861105	0.0970089608141	0.0661570442776
--ru	0.0243328368222	0.938974609708	0.00136445813956	0.0353280953302
-gës	0.530578512397	0.228099173554	0.132231404959	0.109090909091
-räb	0.427244582043	0.470588235294	0.0557275541796	0.0464396284829
-kaj	0.0	1.0	0.0	0.0
-666	0.314814814815	0.0555555555555	0.0185185185185	0.611111111111
-ras	0.0540632946556	0.929268970233	0.00961600102571	0.00705173408552
-bëë	0.656935932131	0.211538514408	0.051657026257	0.0798685272039
-gab	0.0608845491097	0.904652498564	0.0	0.0344629523262
-ada	0.492610948672	0.397602281571	0.0353240737395	0.0744626960169
-ado	0.318543681673	0.145590926202	0.0544721467812	0.481393245344
-kãã	0.322033898305	0.538384845464	0.0797607178464	0.0598205383848
-wät	0.420550239246	0.192477608237	0.0503543550833	0.336617797434
-gah	0.22760800843	0.702845100105	0.0569020021075	0.0126448893572
-ëës	0.316867349293	0.552103336539	0.0606168685562	0.0704124456121
-144	0.0	0.060606060606	0.0	0.939393939394
-adu	0.530945015599	0.32785238476	0.021373372827	0.119829226814
-wän	0.182705718271	0.817294281729	0.0	0.0
-puk	0.312288135593	0.687711864407	0.0	0.0
-wäd	0.3841276909	0.163271841263	0.0782490303996	0.374351437437
-sek	0.0	1.0	0.0	0.0
-wës	0.122252655488	0.633910080834	0.19573785824	0.0480994054379
-pee	0.226137525669	0.580560012637	0.110884331119	0.0824181305754
-ina	0.0378512712674	0.955840183521	0.00630854521123	0.0
-kän	0.342079200177	0.010889757173	0.00237226568082	0.644658776969
-géh	0.0903225806451	0.909677419355	0.0	0.0
-ing	0.113580246914	0.493827160494	0.392592592593	0.0
-wëd	0.344597011414	0.264325450051	0.152263795741	0.238813742794
--mo	0.318689501117	0.676842889054	0.0	0.00446760982874
-jas	0.0236055140394	0.96006625194	0.00521668818551	0.0111115458351
-oha	0.0	0.985074626866	0.00995024875622	0.0049751243781
-sew	0.0	1.0	0.0	0.0
-wëh	0.566035102063	0.344882294501	0.0529607787865	0.0361218246504
-sóh	0.276330690827	0.411098527746	0.285390713477	0.0271800679502
-oob	0.0612363946274	0.0402353687689	0.215057229454	0.68347100715
-kus	0.130136986301	0.856164383562	0.0	0.013698630137
-ood	0.514778389083	0.325320791587	0.0651645402452	0.0947362790848
-oog	0.122759887102	0.835345325943	0.015812561635	0.0260822253205
-dóm	0.506970849176	0.0836501901141	0.352344740177	0.0570342205323
-ooh	0.157270942603	0.162049099639	0.0235765693674	0.657103388391
-ook	0.264729895288	0.44617121692	0.158705639944	0.130393247848
-sób	0.664179104478	0.201492537313	0.134328358209	0.0
-oom	0.219921023034	0.668328297327	0.0552464323598	0.0565042472797
-nes	0.0333333333333	0.918518518519	0.00740740740739	0.0407407407407
-oon	0.463669950739	0.423645320197	0.0960591133005	0.0166256157636
-oop	0.43247260178	0.433540412797	0.0611132276019	0.072873757821
-oos	0.660888088612	0.241297784681	0.0503111885041	0.0475029382024
-oor	0.211906049946	0.736178776919	0.0235183151619	0.0283968579737
-oot	0.565743127814	0.221604688598	0.0359941483211	0.176658035266
-äng	0.252942221932	0.201222103799	0.0343462669475	0.511489407322
-edu	0.501920614597	0.455825864276	0.0345710627401	0.00768245838667
-änh	0.335549815904	0.305709732373	0.282683958894	0.0760564928285
-sós	0.393893129771	0.509923664122	0.0251908396947	0.0709923664122
-—se	0.28701594533	0.0774487471526	0.123006833713	0.512528473804
-dów	0.372391592918	0.325637019235	0.287648634273	0.0143227535738
-sów	0.646706586826	0.0	0.0179640718563	0.335329341317
--du	0.117647058824	0.764705882353	0.0392156862745	0.078431372549
-hob	0.47345452112	0.374041021572	0.0719144196896	0.0805900376182
-uun	0.501660689508	0.308735943034	0.0557562803316	0.133847087127
-baj	0.35735922297	0.357883527676	0.088160139119	0.196597110235
-uuh	0.230256598668	0.599071460479	0.0718780549387	0.0987938859145
-bah	0.102732891238	0.30226007493	0.539739123521	0.0552679103109
-uuj	0.200068729972	0.437722532235	0.14190457798	0.220304159812
-jot	0.0847184986595	0.887399463807	0.0187667560322	0.00911528150136
-bag	0.0909944271511	0.701887647481	0.1749917729	0.0321261524684
-hoh	0.4	0.525925925926	0.0	0.074074074074
-aaj	0.316885255166	0.201800433	0.110615856167	0.370698455667
-bab	0.0	1.0	0.0	0.0
-hoo	0.114278402543	0.679612335729	0.154018072599	0.0520911891288
-gëë	0.275253473526	0.495681562148	0.0938790837401	0.135185880586
-baa	0.328972252911	0.531561651765	0.0709755073083	0.0684905880152
-hop	0.407136812748	0.472307307248	0.100532758066	0.0200231219384
-wyk	0.0449368530614	0.762910896007	0.139825204392	0.0523270465391
-hot	0.0789858605558	0.254509995124	0.596294490493	0.0702096538274
-wyh	0.676035972773	0.200335262654	0.0480081243139	0.0756206402591
-wyg	0.183423771331	0.528554159836	0.203752931769	0.0842691370638
-uut	0.0901074633683	0.240073332699	0.657233874422	0.0125853295102
-uuw	0.0175438596492	0.973168214654	0.00928792569659	0.0
-wyd	0.234581497797	0.727973568282	0.00660792951541	0.0308370044053
-wyb	0.0403587443946	0.887892376682	0.0627802690583	0.00896860986549
-uus	0.080214574979	0.462974585285	0.1101018042	0.346709035536
-pëë	0.741425134343	0.127876807102	0.0474567111475	0.0832413474074
-bëh	0.596875	0.365625	0.0	0.0375
-adä	0.381156786565	0.363767389397	0.115803985462	0.139271838576
-jëë	0.473006598609	0.245513625937	0.0601113378927	0.221368437561
-asa	0.418702407268	0.381035240768	0.116094257654	0.0841680943096
-aso	0.654494288312	0.279913940366	0.0223618296068	0.0432299417154
-wéh	0.0370514494908	0.944209886399	0.00255527237867	0.0161833917316
-adë	0.101224730707	0.851261620186	0.0156411391471	0.0318725099602
-näw	0.309373026958	0.526163736201	0.128302753171	0.0361604836704
-sak	0.0140056022409	0.970388155262	0.00720288115246	0.00840336134453
-näh	0.328020038522	0.279885034397	0.114988254286	0.277106672795
-näk	0.190173334195	0.113855940655	0.0156935066166	0.680277218534
-pew	0.0	1.0	0.0	0.0
-näm	0.168530118077	0.593196485115	0.211476152472	0.0267972443365
-bës	0.460948934786	0.200134168157	0.0325256139209	0.306391283136
-näg	0.353675450763	0.512424872862	0.101999537679	0.0319001386962
-kuj	0.0160374206482	0.930838623455	0.0531239558971	0.0
-'ũũ	0.796610169492	0.135593220339	0.0	0.0677966101695
-tẽn	0.0870841720838	0.84596166546	0.0590772021674	0.00787696028897
-sét	0.0329741630658	0.096937491823	0.102482815535	0.767605529576
-raw	0.185714285714	0.785714285714	0.0	0.0285714285714
-rat	0.0272727272727	0.95	0.0227272727273	0.0
-bäh	0.490481624073	0.481807978237	0.0155744570957	0.0121359405941
-rap	0.0	1.0	0.0	0.0
-eri	0.0127118644068	0.987288135593	0.0	0.0
-bäp	0.0753774164179	0.524465900188	0.134853585721	0.265303097673
-rah	0.0463709677419	0.838373655914	0.0950940860215	0.0201612903226
-ero	0.037558685446	0.953051643192	0.0	0.0093896713615
-era	0.352634170366	0.444045226901	0.127604857445	0.0757157452888
-rad	0.0194174757282	0.68932038835	0.291262135922	0.0
-rab	0.0105105440884	0.942080193215	0.00916877250263	0.0382404901939
-wëë	0.413640859988	0.308145657636	0.0607400559334	0.217473426442
-raa	0.328748890861	0.438775510204	0.157941437445	0.0745341614907
-ỹỹm	0.22289026261	0.484433223105	0.216972630652	0.0757038836326
-jëb	0.42243138357	0.433250538041	0.082705345937	0.0616127324512
-ỹỹn	0.011743643839	0.942045922014	0.0126284389227	0.0335819952244
-ỹỹh	0.369255616188	0.258977679261	0.0452457159316	0.326520988619
-ỹỹk	0.226153846154	0.312307692308	0.433846153846	0.0276923076923
-ỹỹj	0.043822985118	0.890589169246	0.0232611738497	0.0423266717858
-jëh	0.591171251109	0.408828748891	0.0	0.0
-ỹỹd	0.438805934177	0.321470898789	0.125326970187	0.114396196847
-jëk	0.585611103243	0.26993343719	0.0212434499363	0.12321200963
-pow	0.0903225806451	0.696774193548	0.103225806452	0.109677419355
-jën	0.629652925618	0.204188439456	0.0849945164828	0.081164118444
-ỹỹb	0.00940473556096	0.968023899093	0.0119495463598	0.0106218189865
-jëp	0.339806557836	0.309331627708	0.29876239282	0.0520994216355
-poo	0.251051293027	0.253443456803	0.105935084229	0.389570165941
-gäp	0.0203045685279	0.822335025381	0.157360406091	0.0
-ỹỹt	0.359440936446	0.434260570714	0.137923839865	0.0683746529745
-—ej	0.618302227574	0.0746538229982	0.216736905479	0.0903070439494
-pog	0.219512195122	0.344947735192	0.101045296167	0.334494773519
-hũũ	0.329497501776	0.615231949539	0.055270548685	0.0
-ike	0.0754716981132	0.924528301887	0.0	0.0
-500	0.0356234096692	0.206106870229	0.0763358778626	0.681933842239
-iko	0.0414099087996	0.932462410648	0.014296278038	0.0118314025142
-aat	0.365206719121	0.461807306674	0.0901431498612	0.0828428243443
-aaw	0.31660899654	0.560553633218	0.060553633218	0.0622837370242
-aap	0.15451802272	0.320167928461	0.343360362717	0.181953686102
-aas	0.188679245283	0.679245283019	0.0566037735849	0.0754716981132
-aar	0.0629126735443	0.869123314948	0.0396838485454	0.0282801629621
-noh	0.275	0.225	0.45	0.05
-rak	0.0	1.0	0.0	0.0
-aan	0.687795323326	0.186085556661	0.0529555616726	0.07316355834
-aah	0.238301811	0.564306104374	0.0552688231059	0.14212326152
-aak	0.356356077466	0.491742757833	0.0784011819709	0.0734999827305
-noo	0.414342224875	0.321022128564	0.0296529673991	0.234982679162
-aad	0.160681244003	0.217446865474	0.320898047289	0.300973843235
-aag	0.23903096995	0.685139259349	0.0526745443707	0.0231552263309
-awä	0.176096753922	0.0270286913152	0.0100216090409	0.786852945722
-ewë	0.539439656387	0.201389214944	0.0793065757175	0.179864552951
-aab	0.0752562709834	0.817590493945	0.0702761423226	0.0368770927493
-awë	0.364462137991	0.280888166195	0.149709832067	0.204939863747
-ahi	0.0535237548443	0.84937562796	0.0857327400603	0.0113678771351
-aho	0.158006354682	0.812954812083	0.0245713204293	0.00446751280532
-dëë	0.454682459499	0.358584831282	0.0572008290901	0.129531880128
-boo	0.423013371218	0.23266726793	0.0915342009763	0.252785159876
-boh	0.391253182988	0.516298891689	0.0531550638592	0.0392928614644
-bok	0.371346437566	0.319622371614	0.106462501631	0.202568689189
-baǟ	0.515084621045	0.0728476821192	0.350257542311	0.0618101545254
-ahy	0.328445747801	0.548387096774	0.0263929618768	0.0967741935484
-moh	0.097588978186	0.870264064294	0.0172215843858	0.0149253731343
-pyh	0.794871794872	0.205128205128	0.0	0.0
-doo	0.222150980301	0.105415313123	0.0308144777508	0.641619228824
-tĩn	0.0	0.928571428571	0.0714285714286	0.0
-aĩn	0.0350877192982	0.877192982456	0.0	0.0877192982456
-aĩh	0.0749279538904	0.913544668588	0.0115273775216	0.0
-doh	0.383118191431	0.42189217509	0.115536245908	0.0794533875706
-ũnh	0.146970163952	0.307140655656	0.513895675314	0.0319935050779
-hǟs	0.479001808818	0.389364106316	0.109695070722	0.0219390141443
-dek	0.0528950062564	0.938004777613	0.00910021613011	0.0
-tob	0.0714285714286	0.928571428571	0.0	0.0
-jus	0.406814310051	0.572742759796	0.0204429301533	0.0
-ter	0.0220588235294	0.955882352941	0.0220588235294	0.0
-too	0.0633687653311	0.936631234669	0.0	0.0
-tom	0.0166222695791	0.842088438998	0.124667021843	0.0166222695791
-toj	0.163265306122	0.785714285714	0.0204081632653	0.030612244898
-tok	0.0637204522097	0.84412470024	0.0369989722508	0.0551558752997
-'uu	0.239229292283	0.391248694715	0.334489844039	0.0350321689629
-—õm	0.307345666463	0.156129294572	0.0155858236769	0.520939215288
-saa	0.162277834043	0.498702532789	0.253128843543	0.0858907896254
-sag	0.374169040836	0.557454890788	0.011396011396	0.0569800569801
-tos	0.0869565217391	0.913043478261	0.0	0.0
-sad	0.0	1.0	0.0	0.0
-hǟj	0.271900040744	0.513241885101	0.0380279777265	0.176830096428
-sah	0.125040988086	0.729587933107	0.134440922505	0.0109301563012
-hǟn	0.363472538074	0.347192465764	0.144435818262	0.144899177899
-päd	0.0579710144928	0.942028985507	0.0	0.0
-rot	0.0444635932787	0.903489875054	0.0299870745368	0.0220594571306
-pãw	0.0361394161955	0.944125579362	0.00463963160694	0.0150953728354
-dëb	0.196232361545	0.714687173039	0.061928365542	0.0271520998747
-ror	0.277185501066	0.71855010661	0.0	0.00426439232409
-ros	0.0471428571429	0.93	0.0	0.0228571428571
-hä̃	0.686956521739	0.194782608695	0.0973913043479	0.0208695652174
-ayw	0.172972972973	0.648648648649	0.0324324324324	0.145945945946
-rod	0.0283153983123	0.948064566076	0.0113880932105	0.0122319424015
-rog	0.347012564558	0.582964465838	0.0487501687118	0.0212728008925
-pyn	0.463091118801	0.344290657439	0.167243367935	0.0253748558247
-tëë	0.356449558329	0.490478314301	0.0769114763987	0.0761606509721
-ron	0.566306996171	0.372578025293	0.00145028425571	0.0596646942801
-sén	0.325348129639	0.523857605796	0.0510039424263	0.0997903221384
-roh	0.146928696368	0.42092807902	0.358678876428	0.073464348184
-roj	0.0	0.969230769231	0.0153846153846	0.0153846153846
-rok	0.0579710144928	0.913043478261	0.0289855072464	0.0
-eju	0.243107769424	0.484962406015	0.189223057644	0.0827067669173
-ipo	0.0210526315789	0.978947368421	0.0	0.0
-tog	0.232558139535	0.116279069767	0.232558139535	0.418604651163
-—ky	0.487204238169	0.297185190592	0.102131323219	0.113479248021
-wób	0.113234125697	0.319865131994	0.134979061416	0.431921680893
-rõn	0.0577964387666	0.792604872054	0.0228497548612	0.126748934318
-ewa	0.314341846758	0.662082514735	0.0	0.0235756385069
-rõm	0.0	1.0	0.0	0.0
--po	0.0	1.0	0.0	0.0
-wóp	0.0217805243417	0.0267093976162	0.0888346557451	0.862675422297
-ewi	0.0923367747565	0.858768358296	0.0219936018613	0.0269012650865
-äts	0.479385633958	0.421088941232	0.0495268701662	0.0499985546439
-ahë	0.0384173653617	0.770912802665	0.0731203709467	0.117549461027
-awi	0.0151052853444	0.937822430094	0.00878214264207	0.0382901419194
-ahé	0.743000104987	0.129120029863	0.0682703019558	0.0596095631937
-ahã	0.423423423423	0.558558558559	0.0	0.018018018018
-awa	0.645116501354	0.264083709933	0.0247843110951	0.0660154776178
-dëp	0.369300118465	0.419801754891	0.115553741023	0.0953443856209
-pũũ	0.124280782509	0.634062140391	0.227848101266	0.0138089758343
-euj	0.0706351466818	0.736257476502	0.181144972942	0.0119624038736
-dii	0.520805855491	0.338966734278	0.0819212292254	0.0583061810048
-syt	0.183183586871	0.225439643893	0.541145656238	0.0502311129981
-ahõ	0.501282394825	0.286261149179	0.212456455997	0.0
-aä̃	0.349519790201	0.368736865871	0.168681290054	0.113062053874
-aẽn	0.0	0.985948477752	0.0140515222482	0.0
-sẽn	0.222222222222	0.777777777778	0.0	0.0
-276	0.0	0.181818181818	0.0	0.818181818182
-uéw	0.0241870464929	0.959688255845	0.00806234883095	0.00806234883098
-sto	0.011646964454	0.949102856828	0.00387716038294	0.0353730183349
-réh	0.0384533219397	0.924802392651	0.00769066438796	0.0290536210212
-hóh	0.0	1.0	0.0	0.0
-saë	0.731707317073	0.243902439024	0.0243902439024	0.0
-hód	0.196629213483	0.569288389513	0.20911360799	0.0249687890137
-ati	0.0287958115183	0.392015706806	0.533813263525	0.0453752181501
-yym	0.146576414453	0.733485757182	0.0747771369577	0.0451606914081
-ëëh	0.396290246276	0.329500781164	0.110016837778	0.164192134782
-ëëk	0.442927915664	0.324818524525	0.0703480156291	0.161905544182
-ëëj	0.489857269436	0.36647355162	0.0510902738394	0.0925789051051
-mãw	0.0	1.0	0.0	0.0
-yyh	0.351970952699	0.303046665509	0.0288022529252	0.316180128867
-yyk	0.137726810867	0.755219793144	0.0699037094369	0.0371496865527
-yyj	0.0478260188878	0.763284423019	0.0533979822534	0.135491575839
-yyd	0.541948546019	0.286797241612	0.117996727702	0.0532574846674
-yyg	0.244049981962	0.524417188454	0.0639673372075	0.167565492377
-ëëb	0.395874592612	0.410125835593	0.105263101581	0.0887364702138
-ëëd	0.281269538239	0.224135965364	0.06791077069	0.426683725707
-ëëg	0.416586366984	0.347239214223	0.0859763198995	0.150198098893
-yyb	0.293255990984	0.302779340599	0.0353573894024	0.368607279015
-waw	0.0105633802817	0.87323943662	0.116197183099	0.0
-hyk	0.406554998221	0.392776665434	0.0422209974815	0.158447338863
-tëg	0.050464042233	0.867873382031	0.026968474081	0.0546941016553
-tor	0.111524163569	0.82156133829	0.0446096654275	0.0223048327138
-ëëp	0.591670855983	0.327215872528	0.040805464139	0.0403078073498
-hyb	0.0681129883945	0.098223487274	0.00639465204544	0.827268872286
-ëër	0.202234455594	0.227440809235	0.0426678264083	0.527656908763
-ëët	0.318388462341	0.373654038862	0.058256674469	0.249700824328
-yys	0.488296889437	0.195000513294	0.174947815077	0.141754782192
-̃nh	0.130145892281	0.132497206036	0.184933567795	0.552423333888
-góp	0.136363636364	0.25	0.613636363636	0.0
-aga	0.17903930131	0.657517155334	0.111665626949	0.0517779164067
-ỹnh	0.0374614729797	0.548542577861	0.0301312120234	0.383864737136
-mut	0.0	1.0	0.0	0.0
-sõm	0.0	0.666390728477	0.333609271523	0.0
-täg	0.0729729729729	0.894594594595	0.0324324324324	0.0
-sõg	0.669603524229	0.215859030837	0.079295154185	0.0352422907489
-säh	0.435087719298	0.370175438597	0.152631578947	0.0421052631579
-täh	0.34831951113	0.533828022698	0.102138804016	0.0157136621563
-yts	0.554407658534	0.224657001746	0.106600778862	0.114334560858
-gób	0.751655629139	0.153973509934	0.0298013245033	0.0645695364239
-eem	0.469810721421	0.296813405062	0.0722550846593	0.161120788858
-een	0.280357571839	0.503483330494	0.0256050983725	0.190553999295
-eeh	0.268157775305	0.40198205616	0.0378466449248	0.292013523611
-eek	0.322274881516	0.620853080569	0.0284360189573	0.0284360189574
-ëts	0.391452533994	0.4349523093	0.163749009074	0.00984614763162
-eed	0.103250022324	0.834137650279	0.0222926483225	0.0403196790751
-eeb	0.647482014388	0.136690647482	0.129496402878	0.0863309352518
--ee	0.444444444444	0.12962962963	0.222222222222	0.203703703704
-dos	0.0	0.981651376147	0.0183486238532	0.0
-'yy	0.171021841959	0.362314893035	0.033329258	0.433334007006
-eet	0.118452138493	0.275193482688	0.0577596741345	0.548594704684
-eew	0.0	1.0	0.0	0.0
-eep	0.544750469465	0.205466463455	0.054830429359	0.194952637721
-ees	0.107213947542	0.803067848361	0.0353957836354	0.0543224204616
-eer	0.0795033358043	0.893681309827	0.0163406065685	0.0104747478003
-säg	0.175146153571	0.49084977437	0.30554728708	0.0284567849786
-sëg	0.431473735102	0.431210981019	0.0472957349757	0.0900195489038
-sëh	0.194135490394	0.548028311426	0.221435793731	0.0364004044489
-sëk	0.3793338096	0.571953394426	0.0166213528363	0.0320914431384
-hät	0.228669848849	0.735266565176	0.0128226083467	0.0232409776284
-sëm	0.230880361174	0.677246049661	0.0293453724605	0.0625282167043
-abä	0.381157945477	0.124256868941	0.0221948476247	0.472390337957
-rãã	0.425389755011	0.447661469933	0.0801781737193	0.0467706013363
-häj	0.130943433593	0.702590247302	0.0194682041091	0.146998114996
-häh	0.301296720061	0.233409610984	0.410373760488	0.0549199084668
-häd	0.276581696887	0.158331209761	0.00466200672571	0.560425086626
-abé	0.509008609213	0.248624301056	0.180260939025	0.0621061507056
-abë	0.5	0.253382949932	0.105548037889	0.141069012179
-këh	0.360255258232	0.386280620188	0.0309870972804	0.222477024299
-aéw	0.0505877264125	0.884699648554	0.0280454176805	0.0366672073533
-—ãã	0.135764071646	0.131027002887	0.0153117374037	0.717897188063
-'ap	0.137249461034	0.635210997033	0.183141582531	0.0443979594014
-peh	0.0427046263345	0.903914590747	0.0427046263345	0.0106761565836
-këg	0.13532827155	0.753014738723	0.0107190710139	0.100937918714
-153	0.0759493670886	0.0	0.0253164556962	0.898734177215
-nau	0.493087557604	0.470046082949	0.00921658986174	0.0276497695853
-ogo	0.0	1.0	0.0	0.0
-pes	0.0842572062084	0.905664180609	0.00322515621851	0.00685345696433
-eej	0.217483496793	0.474963824596	0.189006871579	0.118545807032
-asẽ	0.386920980926	0.376021798365	0.16348773842	0.0735694822888
-syk	0.225609756097	0.504065040651	0.217479674797	0.0528455284553
-sym	0.140672782875	0.840978593272	0.0	0.0183486238532
-rig	0.201680672269	0.798319327731	0.0	0.0
-sõõ	0.747017287558	0.252982712442	0.0	0.0
-syg	0.105183503594	0.765418085509	0.0794551645857	0.049943246311
-—ta	0.179384878942	0.244294381029	0.0273149025854	0.549005837445
-bãn	0.0	1.0	0.0	0.0
-syd	0.181102362205	0.658792650919	0.0971128608925	0.0629921259843
-ito	0.066037735849	0.481132075472	0.433962264151	0.0188679245283
-eso	0.417022767867	0.51254832802	0.0413755680662	0.0290533360465
-jẽr	0.350930256298	0.492862983277	0.0727538336227	0.0834529268025
-esa	0.142342090443	0.681780590485	0.15782094854	0.0180563705317
-ese	0.324093816631	0.535181236674	0.0383795309168	0.102345415778
-ita	0.0185567010309	0.969072164948	0.0	0.0123711340206
-mäh	0.12309846825	0.0906899149128	0.00056181772785	0.785649799109
-—14	0.107692307692	0.184615384615	0.553846153846	0.153846153846
-jyy	0.0903011439761	0.686439245594	0.0660661651035	0.157193445326
-—12	0.260377358491	0.0150943396226	0.0	0.724528301887
-däk	0.461721061946	0.214439365368	0.0255185867766	0.298320985909
-—da	0.503012048193	0.126506024096	0.180722891566	0.189759036145
-ahỹ	0.144710989825	0.0765403882996	0.0139224853853	0.76482613649
-péj	0.400938967136	0.469483568075	0.0444444444445	0.0851330203443
-edẽ	0.167212537393	0.793467682775	0.0161418043522	0.0231779754801
-däg	0.333659555851	0.155139686127	0.0715207073896	0.439680050632
-päh	0.761972905901	0.115414841533	0.0303374713775	0.0922747811885
-iis	0.124785200586	0.833421728154	0.0114559687719	0.0303371024885
-rãw	0.172757475083	0.827242524917	0.0	0.0
-hud	0.297476759628	0.31208499336	0.318725099602	0.0717131474103
-jyw	0.241567912488	0.729261622607	0.00729261622607	0.0218778486782
-sëë	0.481168999649	0.351481951056	0.0520389592944	0.115310090001
-'õp	0.161912381925	0.344234506316	0.17711231982	0.316740791938
-hub	0.157930410433	0.441327215419	0.280477202308	0.12026517184
-wok	0.105042016807	0.579831932773	0.289915966387	0.0252100840336
-asä	0.34375	0.350694444444	0.175347222222	0.130208333333
-aba	0.372651356994	0.464509394572	0.144050104384	0.0187891440501
-rom	0.0517366909916	0.848341494836	0.0659289058996	0.0339929082724
-abo	0.34861898017	0.42652266289	0.216359773371	0.0084985835694
-hup	0.181446801161	0.280895584298	0.106052419956	0.431605194584
-rãm	0.0923913043478	0.864130434783	0.0217391304348	0.0217391304348
-rãn	0.0456852791878	0.92385786802	0.0203045685279	0.0101522842639
-këë	0.415993060824	0.369291741695	0.120606833715	0.0941083637669
-kéw	0.128437881046	0.786207830917	0.0487738788782	0.0365804091587
-aee	0.505658575408	0.37387982491	0.0868444090728	0.0336171906088
-uts	0.119205298013	0.0397350993378	0.701986754967	0.139072847682
-aeh	0.188492616328	0.428113680691	0.329896907216	0.0534967957649
-koo	0.696296296296	0.22962962963	0.0592592592592	0.0148148148148
-tuk	0.505571159604	0.340596932004	0.0365443377882	0.117287570604
-sop	0.0	0.847001537673	0.152998462327	0.0
-'ãã	0.344283252294	0.35339604534	0.0694708002968	0.23284990207
-jóh	0.505501564475	0.325514411819	0.108062744773	0.0609212789325
-ehǟ	0.591240875912	0.131386861314	0.189781021898	0.0875912408759
-jój	0.103193564396	0.785522200293	0.0701960920098	0.0410881433007
-ori	0.0	1.0	0.0	0.0
-tuu	0.372898028011	0.557684200665	0.0106796571268	0.0587381141974
-kos	0.0242718446602	0.966019417476	0.00970873786408	0.0
-sog	0.589223739972	0.244672463925	0.0591602561461	0.106943539956
-ora	0.00945273377359	0.971641798679	0.0141791006604	0.00472636688679
-ore	0.0	0.868686868687	0.131313131313	0.0
-nés	0.0194174757281	0.980582524272	0.0	0.0
-néw	0.0	0.924528301887	0.0	0.0754716981132
-hëp	0.222912257446	0.267562074991	0.042770262382	0.466755405181
-rus	0.213058419244	0.749828178694	0.0329896907217	0.00412371134021
-pak	0.146474149835	0.767712711877	0.0577019378139	0.0281112004734
-kẽm	0.0	1.0	0.0	0.0
-ruu	0.273556231003	0.726443768997	0.0	0.0
-jes	0.472222222222	0.25	0.236111111111	0.0416666666666
-hëd	0.122693053358	0.0408090669913	0.00711628081572	0.829381598835
-ããj	0.00677225979706	0.00846753258372	0.0113226559449	0.973437551674
-hën	0.16886329557	0.256313385002	0.380389689451	0.194433629977
-aãm	0.0434637114975	0.9137340659	0.0319849336176	0.010817288985
-hëm	0.29557195621	0.570006472544	0.0900175303591	0.0444040408873
-rug	0.0	1.0	0.0	0.0
-ǟnh	0.0978361391622	0.108499039751	0.184465060619	0.609199760467
-aãh	0.0334128878281	0.723150357995	0.243436754177	0.0
-iik	0.536824369263	0.346627943068	0.0423446991531	0.0742029885159
-iij	0.0496237543217	0.935326418548	0.00345739271914	0.0115924344112
-—wë	0.0714285714285	0.714285714286	0.214285714286	0.0
-kĩm	0.0	1.0	0.0	0.0
-abi	0.537234042553	0.255319148936	0.0	0.207446808511
-gat	0.893064254233	0.106935745767	0.0	0.0
-wog	0.309727885496	0.518016143796	0.0873762170259	0.0848797536823
-eag	0.28529513043	0.660485885507	0.0154911383039	0.0387278457597
-sẽẽ	0.69269101583	0.241763353025	0.0186662747515	0.0468793563931
-eaj	0.502824858757	0.180790960452	0.0112994350283	0.305084745763
-pën	0.925581395349	0.0744186046512	0.0	0.0
-eho	0.0	0.911602209945	0.0662983425414	0.0220994475138
-pëm	0.111908177905	0.864591104735	0.0167862266858	0.00671449067432
-uub	0.406867566842	0.446660109094	0.146472324063	0.0
-kyy	0.225283251473	0.549884385208	0.057735833402	0.167096529916
-pëb	0.190476190476	0.809523809524	0.0	0.0
-kog	0.256527799524	0.198850825899	0.436493161702	0.108128212876
-õts	0.424000828329	0.371908940953	0.106468819846	0.0976214108725
-kyg	0.552585597204	0.395931272621	0.0102966260349	0.0411865041395
-kyd	0.680746453593	0.12523682616	0.0133760706671	0.18064064958
-pah	0.0	0.985345341706	0.0146546582944	0.0
-apa	0.404723047538	0.422206062017	0.0899879533327	0.0830829371116
-was	0.0	1.0	0.0	0.0
-duu	0.458893510011	0.207418512429	0.23648321888	0.0972047586807
-pan	0.157202438242	0.0481231953802	0.580526146936	0.214148219442
-paa	0.673990484234	0.0645114523251	0.0208054957999	0.240692567641
-pab	0.511627906977	0.488372093023	0.0	0.0
-jũũ	0.562727116775	0.271530189946	0.0180695495895	0.14767314369
-ẽnh	0.145806530379	0.202552227699	0.013407960279	0.638233281643
-byk	0.311538461538	0.590384615385	0.0538461538462	0.0442307692308
-sä̃	0.176470588235	0.764705882353	0.0588235294118	0.0
-wag	0.175100616095	0.592957827074	0.149732008316	0.0822095485151
-eda	0.117647058824	0.739495798319	0.109243697479	0.0336134453781
-'ĩĩ	0.350808356889	0.21864455171	0.033659970848	0.396887120553
-dug	0.518664909969	0.230566534914	0.231005709267	0.0197628458498
-pap	0.0185185185185	0.981481481482	0.0	0.0
-ikó	0.0	1.0	0.0	0.0
-bĩm	0.0875912408759	0.795620437956	0.0583941605839	0.0583941605839
-wak	0.0921226271445	0.399434913545	0.463100192874	0.0453422664366
-wẽẽ	0.402127581819	0.161179937475	0.0415682444128	0.395124236293
-wah	0.0	1.0	0.0	0.0
-õõm	0.175379989978	0.785034240855	0.0	0.0395857691665
-aro	0.0293162631042	0.930049169682	0.0150292234901	0.0256053437239
-ũũh	0.251424987046	0.532031526986	0.0799083644694	0.136635121499
-nuh	0.814931763734	0.13239203861	0.0526761976558	0.0
-ũũj	0.57755397879	0.272526131075	0.131609063859	0.018310826276
-ũũd	0.446141579508	0.343575128239	0.0795666511225	0.13071664113
-suu	0.39574386869	0.367172440118	0.0893596717244	0.147724019467
-sus	0.0174654913557	0.739805216156	0.00800283573075	0.234726456758
-eǟm	0.78825303063	0.0977821647799	0.0641290601191	0.0498357444708
-rẽm	0.0244399185336	0.975560081466	0.0	0.0
-sup	0.667274384686	0.273169249468	0.0	0.0595563658462
