-hex	0.0660287515305	0.653315042402	0.0434220670265	0.237234139041
-hey	0.11320754717	0.88679245283	0.0	0.0
-het	0.269469280987	0.557711605462	0.0687217417776	0.104097371774
-hep	0.153970774276	0.586524308224	0.0484747317101	0.21103018579
-ene	0.0127795527157	0.980830670927	0.0	0.00638977635782
-pu'	0.14454996135	0.0845157372654	0.0378774621224	0.733056839263
-heh	0.275840670506	0.149150450303	0.0767139601136	0.498294919077
-hek	0.0	1.0	0.0	0.0
-pãg	0.0383141762452	0.961685823755	0.0	0.0
-nõk	0.0	0.799256505576	0.185873605948	0.0148698884758
-oye	0.0541001130959	0.922041303236	0.0108448107581	0.0130137729097
-xeo	0.0211066742727	0.965202509983	0.0102681118083	0.00342270393611
-xeh	0.433929660566	0.319192541399	0.134177665824	0.112700132211
-xek	0.22482197355	0.306205493388	0.0244150559511	0.444557477111
-nha	0.262886597938	0.30412371134	0.154639175258	0.278350515464
-õxa	0.560466933672	0.287877307805	0.0490866464784	0.102569112045
-xex	0.415560638369	0.403656671262	0.0688197309893	0.11196295938
-xet	0.167224490983	0.272884749349	0.106517754735	0.453373004933
-xep	0.290288153682	0.265741728922	0.0672358591249	0.376734258271
-put	0.437351668539	0.304119284838	0.0255020066135	0.23302704001
-ãg'	0.264582954752	0.491186625477	0.183172814828	0.0610576049427
-nõe	0.0113088826993	0.984167564221	0.0045235530797	0.0
-pup	0.131144055512	0.791445193962	0.0377872702321	0.0396234802946
-yõn	0.315792202614	0.471554772825	0.0546990917556	0.157953932806
-nta	0.124452242767	0.831489790446	0.0179609132895	0.0260970534975
-ã'ĩ	0.0705001559738	0.891546220235	0.0120619735884	0.0258916502028
-nte	0.27540139107	0.256206416872	0.0878761498766	0.380516042181
-nah	0.0	1.0	0.0	0.0
-yõg	0.0171473738925	0.0125540304111	0.00385137038181	0.966447225315
-yõy	0.575955396243	0.245326104411	0.02672061141	0.151997887935
-he'	0.328359054054	0.40005021074	0.173223543549	0.0983671916567
-ntu	0.855769230769	0.0865384615385	0.0	0.0576923076923
-ũug	0.445945945946	0.486486486487	0.0405405405405	0.027027027027
-puk	0.37217952079	0.180511262421	0.0457059939864	0.401603222803
-gã'	0.438529535575	0.30612563808	0.0889507571515	0.166394069194
-xe'	0.214187740204	0.205724410552	0.105293973126	0.474793876118
-'ip	0.137404580153	0.862595419847	0.0	0.0
-g'ã	0.241935483871	0.516129032258	0.241935483871	0.0
-700	0.185714285714	0.514285714286	0.0857142857142	0.214285714286
-opa	0.16502556276	0.588240237155	0.0208298217758	0.225904378309
-'ẽm	0.0460122699386	0.953987730061	0.0	0.0
-gõy	0.0660302042446	0.896463974453	0.0227030803007	0.0148027410019
-api	0.249452954048	0.275711159737	0.387308533917	0.0875273522976
-mõ'	0.579781674602	0.129775868076	0.174776448728	0.115666008594
-400	0.314102564103	0.222222222222	0.0619658119658	0.40170940171
-gõn	0.0189861401177	0.903713146546	0.00406845859664	0.0732322547397
-te'	0.237459236714	0.038874216659	0.00916131410619	0.714505232521
-ũmũ	0.131471548813	0.0901655404662	0.064768139616	0.713594771105
-oka	0.209852216749	0.68472906404	0.105418719212	0.0
-ĩgã	0.106912318451	0.661108122647	0.202729962345	0.0292495965573
-xot	0.0141509433962	0.787735849057	0.169811320755	0.0283018867925
-'ũn	0.0779950269545	0.458052959013	0.0264761570973	0.437475856935
-õxã	0.433305012744	0.422259983008	0.0	0.144435004248
-ãmũ	0.223684210526	0.513157894737	0.0921052631579	0.171052631579
-me'	0.114155251142	0.823744292237	0.0474885844749	0.0146118721461
-kip	0.0535714285714	0.910714285714	0.0357142857142	0.0
-xnã	0.189509338278	0.615966847692	0.0938558480142	0.100667966015
-kpa	0.258842144453	0.268801191363	0.0607315711095	0.411625093075
-kpe	0.719553583083	0.188552408302	0.0105730322412	0.0813209763738
-tep	0.264283794062	0.15970839784	0.0309609305962	0.545046877502
-pep	0.572051732808	0.100835809098	0.0289802582313	0.298132199863
-100	0.0392840252169	0.179813257296	0.0918396805747	0.689063036913
-tet	0.154825026511	0.805938494168	0.0281018027572	0.0111346765642
-ea'	0.0	1.0	0.0	0.0
-ute	0.193238931608	0.10808132195	0.035121814196	0.663557932246
-tex	0.43591777448	0.41446698938	0.0690306932088	0.0805845429305
-kit	0.0819374181274	0.854283040338	0.0149802481895	0.0487992933446
-'ũg	0.251333382512	0.226621114165	0.022460974171	0.499584529152
-a'o	0.32	0.6	0.04	0.04
-utu	0.0113636363636	0.835227272727	0.0340909090909	0.119318181818
-teh	0.218982953399	0.20789679468	0.0604285979906	0.51269165393
-ok'	0.456592444333	0.172629472104	0.15761821366	0.213159869902
-tek	0.110470985258	0.0541144853872	0.0201540392325	0.815260490123
-teo	0.00478087649402	0.990438247012	0.00478087649402	0.0
-met	0.0895336804396	0.820079937402	0.0443404893606	0.0460458927975
-e'e	0.229541715673	0.318148875604	0.246994287323	0.2053151214
-mep	0.4686501243	0.308829432899	0.101922028341	0.12059841446
-ãha	0.463117527634	0.184976314009	0.0595533498759	0.292352808482
-mey	0.318906605923	0.353075170843	0.177676537585	0.150341685649
-mex	0.102564102564	0.897435897436	0.0	0.0
-ãmĩ	0.490384615385	0.480769230769	0.0	0.0288461538462
-kõn	0.246851169566	0.625053551538	0.0925370576643	0.0355582212321
-meo	0.0510708401977	0.936573311367	0.00741350906096	0.00494233937397
-men	0.155386081983	0.684461391802	0.148713060057	0.0114394661582
-mek	0.166666666667	0.772727272727	0.030303030303	0.030303030303
-aye	0.138832997988	0.861167002012	0.0	0.0
-ũmã	0.366435719785	0.436874518861	0.126635873749	0.0700538876059
-gnẽ	0.324436741768	0.675563258232	0.0	0.0
-nĩ'	0.624938514511	0.00983767830791	0.0	0.365223807182
-ynã	0.300911854103	0.451367781155	0.214285714286	0.0334346504559
-xap	0.133759941594	0.519082075409	0.140226795746	0.206931187252
-ãmã	0.351770799488	0.427046501405	0.151946637106	0.0692360620019
-xax	0.254521584091	0.566518183775	0.058250745224	0.120709486911
-ãmõ	0.253521126761	0.112676056338	0.0985915492958	0.535211267606
-xah	0.647945205479	0.156164383562	0.165753424658	0.0301369863014
-gãy	0.228651499113	0.358003766545	0.163979654985	0.249365079358
-exe	0.043956043956	0.956043956044	0.0	0.0
-xao	0.738197424893	0.197424892704	0.0128755364807	0.0515021459227
-ota	0.317682147422	0.47268853856	0.0756710694503	0.133958244568
-ote	0.0900321543409	0.814040728832	0.0450160771704	0.050911039657
-nĩy	0.0862894763807	0.728351399428	0.0543063082291	0.131052815963
-ãõm	0.0	1.0	0.0	0.0
-yĩp	0.0940750791497	0.658073270014	0.0162822252374	0.231569425599
-uma	0.288112150409	0.381180111119	0.158238976018	0.172468762454
-nĩn	0.260291103664	0.617307129737	0.0745555501416	0.0478462164568
-nĩm	0.507396860715	0.149521248947	0.059582662425	0.283499227913
-ako	0.0205643512298	0.972425074487	0.0043816089268	0.00262896535608
-nak	0.31709444306	0.551208572141	0.0943184649888	0.0373785198106
ALL	0.224412036798	0.29802858413	0.0551883152564	0.422371063816
-nan	0.664031620553	0.098814229249	0.0474308300396	0.189723320158
-nao	0.0238455715367	0.968205904618	0.00794852384557	0.0
-yhã	0.537814222342	0.234054756464	0.0701438365372	0.157987184657
-kik	0.00729927007299	0.978102189781	0.00729927007299	0.00729927007299
-nag	0.396713348009	0.261185790851	0.187537219059	0.154563642081
-aka	0.441901437439	0.454365830768	0.0391879208997	0.0645448108936
-nax	0.211560831189	0.750932733657	0.0280421945077	0.00946424064634
-nay	0.045529157895	0.836221501461	0.0189704824562	0.0992788581877
-xa'	0.135086755114	0.068965228442	0.0180186921774	0.777929324266
-nap	0.105348460292	0.833063209076	0.00324149108589	0.0583468395462
-kix	0.464251016349	0.312456587447	0.125900970329	0.0973914258749
-pop	0.553912479962	0.230574116549	0.0445426696397	0.170970733849
-nat	0.124718310138	0.789494356267	0.0405567923445	0.045230541251
-gok	0.171821305842	0.761471598949	0.0315342631898	0.0351728320194
-mot	0.0801204007906	0.781004237839	0.0932683639973	0.0456069973731
-yĩy	0.178543832474	0.103001027056	0.0364397667167	0.682015373753
-ayã	0.683073171898	0.263141538976	0.0537852891258	0.0
-kãy	0.210751206065	0.579324603722	0.0347346657478	0.175189524466
-nũy	0.121394148515	0.0208646625881	0.00920775127593	0.848533437621
-yõk	0.132612966601	0.602161100196	0.221021611002	0.0442043222004
-mox	0.161342220179	0.704205929671	0.0	0.134451850149
-mog	0.511695906433	0.252923976608	0.103801169591	0.131578947368
-ĩã'	0.469135802469	0.0123456790123	0.432098765432	0.0864197530864
-yĩn	0.0961351480314	0.812252751653	0.0548571572764	0.0367549430394
-nũg	0.350877192982	0.438596491228	0.0175438596491	0.19298245614
-yĩk	0.403656509695	0.332853185596	0.0702493074792	0.19324099723
-nũk	0.270408163265	0.515306122449	0.0489795918368	0.165306122449
-yĩg	0.47261663286	0.318748188931	0.0912778904665	0.117357287743
-nũn	0.778996529432	0.0674895292073	0.014568648874	0.138945292487
-nũm	0.509505703422	0.38783269962	0.0798479087452	0.0228136882129
-yat	0.0606060606061	0.787878787879	0.030303030303	0.121212121212
-u'u	0.243093922652	0.403314917127	0.198895027624	0.154696132597
-yap	0.0853658536585	0.890243902439	0.0243902439025	0.0
-ha'	0.275111137219	0.0955065189093	0.0218313743706	0.607550969502
-kãm	0.194594594595	0.740540540541	0.0	0.0648648648648
-eot	0.115384615385	0.870192307692	0.0	0.0144230769231
-yax	0.122666186931	0.80373410091	0.0339054853766	0.0396942267823
-ãmi	0.611600165164	0.225267040087	0.0256652492266	0.137467545523
-eop	0.289156626506	0.593373493976	0.0451807228916	0.0722891566265
-ixk	0.938877598874	0.032671564796	0.0284508363295	0.0
-yao	0.0841701122268	0.810691080921	0.0549320732428	0.050206733609
-kex	0.0751274483498	0.861014220553	0.0574188355245	0.00643949557285
-yah	0.324836661452	0.542652065888	0.102144106009	0.0303671666514
-yak	0.103587829478	0.874520329636	0.0193755373357	0.00251630355008
-xox	0.152417796231	0.567122017836	0.18934637822	0.0911138077134
-pux	0.658565856834	0.302125530803	0.0163495998324	0.0229590125306
-oax	0.0425531914893	0.957446808511	0.0	0.0
-go'	0.630769230769	0.215384615385	0.123076923077	0.0307692307692
-mo'	0.301020408163	0.607142857143	0.0867346938775	0.00510204081633
-nĩã	0.609929078014	0.262411347518	0.127659574468	0.0
-nũ'	0.487955113093	0.186637845362	0.066954201337	0.258452840208
-kã'	0.0555555555556	0.916666666667	0.0	0.0277777777778
-upa	0.261044176707	0.457831325301	0.053547523427	0.227576974565
-põn	0.0747663551401	0.92523364486	0.0	0.0
-nhã	0.208318328313	0.223986133657	0.0434166440545	0.524278893975
-upi	0.119088916488	0.778361414755	0.0199132401938	0.0826364285639
-ãm'	0.79020979021	0.125874125874	0.0	0.0839160839161
-max	0.249644832718	0.197050184462	0.262220236874	0.291084745946
-ẽyã	0.480592753722	0.21249405207	0.0428250968663	0.264088097342
-hah	0.10750248374	0.0749902725076	0.00757518638268	0.809932057369
-map	0.29816060746	0.318534050174	0.0708431228888	0.312462219477
-hak	0.306681389877	0.0883581176362	0.03593496923	0.569025523257
-mat	0.0454545454546	0.926136363636	0.0227272727273	0.00568181818182
-hap	0.417738947827	0.486625789559	0.0503204461482	0.0453148164658
-mah	0.0899119668545	0.0617012342697	0.0697467368974	0.778640061978
-mak	0.23465391229	0.62664951809	0.0579026687676	0.0807939008524
-hat	0.176612625043	0.7523283891	0.0269058295964	0.0441531562608
-ix'	0.310163951043	0.268124572384	0.128348072878	0.293363403695
-'hu	0.363057324841	0.636942675159	0.0	0.0
-hax	0.185402843602	0.651184834123	0.10009478673	0.063317535545
-hay	0.0315789473684	0.926315789474	0.0	0.0421052631579
-mag	0.645070422535	0.253521126761	0.0	0.101408450704
-ptu	0.1152082774	0.0529728836662	0.0222011110882	0.809617727845
-hũm	0.102657693624	0.769264612427	0.0498623083315	0.0782153856181
-hũn	0.140881134156	0.707473075295	0.0527781696949	0.0988676208542
-pte	0.291866028708	0.564593301435	0.0382775119617	0.105263157895
-hik	0.097463428695	0.576579952439	0.0156373856021	0.310319233264
-pta	0.0613496932515	0.871165644172	0.0429447852761	0.0245398773006
-hũp	0.25827750267	0.409651422468	0.0	0.332071074862
-666	0.0176991150442	0.477876106195	0.00884955752212	0.495575221239
-axe	0.262166223558	0.580534042307	0.0174777482372	0.139821985898
-nnẽ	0.246304215027	0.432987171655	0.105192425168	0.215516188149
-ũpa	0.305468830559	0.539718061536	0.100173187468	0.054639920437
-xẽm	0.0	1.0	0.0	0.0
-xẽn	0.0408163265306	0.959183673469	0.0	0.0
-gah	0.162420382166	0.742038216561	0.0477707006369	0.0477707006369
-ku'	0.101123595506	0.85393258427	0.0449438202247	0.0
-ouk	0.497329563305	0.213634935595	0.248978950675	0.0400565504241
-gat	0.040404040404	0.934343434343	0.020202020202	0.00505050505051
-myũ	0.271523178808	0.688741721854	0.0	0.0397350993378
-ne'	0.0456553755522	0.924153166421	0.00147275405007	0.0287187039764
-yĩm	0.10263603245	0.788189019396	0.0101112661081	0.0990636820457
-xẽy	0.0	1.0	0.0	0.0
-gax	0.0229885057471	0.969348659004	0.00766283524906	0.0
-xũy	0.39614501741	0.430443448547	0.0783200114983	0.095091522545
-ino	0.0104166666667	0.838541666667	0.151041666667	0.0
-pũm	0.533333333333	0.222222222222	0.0	0.244444444444
-pũn	0.71743486974	0.246492985972	0.0120240480962	0.0240480961924
-hũ'	0.142195114348	0.16365166613	0.0240022443657	0.670150975156
-ohe	0.292472024415	0.373346897253	0.257884028484	0.0762970498475
-õka	0.0217391304348	0.95652173913	0.0	0.0217391304348
-'ãn	0.0431778929188	0.905008635579	0.0518134715026	0.0
-pũy	0.585365853659	0.170731707317	0.146341463415	0.0975609756098
-oho	0.106382978723	0.617021276596	0.276595744681	0.0
-ohi	0.560606060606	0.318181818182	0.0	0.121212121212
-hãm	0.148357978593	0.579851271088	0.030328901112	0.241461849207
-ga'	0.542253521127	0.119718309859	0.0845070422535	0.253521126761
-kut	0.128757238591	0.288677642101	0.532307175551	0.0502579437576
-nex	0.0927920995775	0.77268375785	0.124526313987	0.00999782858553
-kup	0.163949177565	0.72563957863	0.0364026171674	0.0740086266379
-net	0.0748580620083	0.887378380163	0.015702869957	0.0220606878714
-nep	0.0924837329803	0.816470105018	0.0651698843799	0.0258762776215
-kux	0.342919349655	0.194335527546	0.0436890239995	0.4190560988
-nen	0.86	0.14	0.0	0.0
-neo	0.0983064959603	0.744076791587	0.0935302825529	0.0640864298998
-ugã	0.363415023831	0.374217228952	0.171272921106	0.0910948261114
-iap	0.295964125561	0.497757847534	0.206278026906	0.0
-aok	0.60447761194	0.15671641791	0.238805970149	0.0
--te	0.296632609635	0.226359080181	0.187475359119	0.289532951065
-kuk	0.0338983050847	0.898305084746	0.0677966101695	0.0
-iax	0.225974614687	0.178830462375	0.298730734361	0.296464188577
-kuh	0.300349243306	0.6717112922	0.0279394644936	0.0
-xĩy	0.0708393866928	0.0734559735365	0.0104836640967	0.845220975674
-mõg	0.558625722678	0.0927513054961	0.0145207491311	0.334102222695
-ãhã	0.61774132739	0.227754643393	0.0551437866974	0.0993602425193
-uuh	0.122572593782	0.84912467586	0.0200607264627	0.00824200389551
-uuk	0.48	0.3	0.12	0.1
-mõm	0.264745011086	0.558758314856	0.152549889135	0.0239467849224
-hok	0.208319911957	0.090069033549	0.12516581357	0.576445240924
-hoh	0.400518337207	0.117551473764	0.0281794434046	0.453750745624
-mõn	0.037044534413	0.924089068826	0.013967611336	0.0248987854251
-kgã	0.350082114249	0.445703319106	0.0547003303514	0.149514236294
-pĩp	0.0	0.656992084433	0.171503957784	0.171503957784
-hop	0.0	0.960912052117	0.0390879478827	0.0
-hot	0.147887323944	0.784507042254	0.0676056338028	0.0
-tãn	0.0322981366459	0.961242236025	0.0	0.00645962732919
-hox	0.617647058824	0.352941176471	0.0294117647059	0.0
-mõy	0.339673545148	0.208373904811	0.0827549739708	0.36919757607
-yex	0.0584182144997	0.897626766236	0.0133918474401	0.0305631718243
-hẽp	0.550079491256	0.373608903021	0.0190779014309	0.0572337042925
-mũ'	0.0950933138776	0.0776645850656	0.0215178086646	0.805724292392
-yet	0.0504540867811	0.878910191726	0.0706357214934	0.0
-õy'	0.62818570051	0.214767874363	0.0	0.157046425127
-yeh	0.0714285714285	0.880952380952	0.047619047619	0.0
-ũxa	0.699115044248	0.221238938053	0.0530973451327	0.0265486725664
-yeo	0.0	1.0	0.0	0.0
-ũxe	0.333333333333	0.316666666667	0.25	0.1
-hẽm	0.0	1.0	0.0	0.0
-xop	0.0732375063522	0.146560257122	0.0238347391011	0.756367497425
-ho'	0.278929188256	0.218480138169	0.0544041450777	0.448186528497
-tẽn	0.0560046189376	0.920900692841	0.0144341801385	0.00866050808314
-430	0.561904761905	0.0761904761905	0.0	0.361904761905
-yũm	0.498246442737	0.245525228165	0.0269845129479	0.229243816151
-iye	0.0106243632659	0.975840489012	0.0063309561927	0.00720419152962
-yũk	0.153846153846	0.0307692307692	0.492307692308	0.323076923077
-xok	0.459060390496	0.315577016444	0.0907002875918	0.134662305468
-xoh	0.574900133156	0.266644474035	0.0852197070572	0.0732356857523
-xon	0.881832357031	0.118167642969	0.0	0.0
-pox	0.324508519004	0.622018348624	0.037745740498	0.0157273918742
-mũg	0.319367648029	0.149150596407	0.0426474393528	0.488834316211
-mũk	0.319380982631	0.329018920308	0.0393422633539	0.312257833707
-tũx	0.843137254902	0.117647058824	0.0	0.0392156862745
-pot	0.261962263765	0.67410584048	0.0296939879459	0.0342379078095
-mũn	0.312992521405	0.130968555633	0.0261527326567	0.529886190305
-pok	0.33086957669	0.558455622906	0.0205861366039	0.0900886638002
-poh	0.631920739322	0.239863458496	0.109899259013	0.0183165431687
-mũy	0.541712887611	0.33856955886	0.0374343407563	0.0822832127735
-ye'	0.0855148342059	0.780104712042	0.0104712041885	0.123909249564
-nox	0.571171824644	0.296360540185	0.0414096862809	0.0910579488899
-noy	0.424058895865	0.217755434812	0.14821475972	0.209970909603
-nã'	0.467472239156	0.335173457245	0.0775365956155	0.119817707983
-500	0.0445544554455	0.215346534653	0.155940594059	0.584158415842
-õmẽ	0.0	0.987078248385	0.0	0.0129217516153
-not	0.0230235538469	0.913694816386	0.0460471076937	0.0172345220734
-nok	0.0983044431404	0.670862357817	0.194533718063	0.0362994809799
-nom	0.163165266106	0.46218487395	0.287114845938	0.0875350140056
-non	0.35	0.225	0.1	0.325
-ppa	0.171727787996	0.37273375624	0.0459817574415	0.409556698322
-oux	0.978723404255	0.0212765957447	0.0	0.0
-yĩ'	0.353684294293	0.289421766565	0.094531998634	0.262361940509
-xãn	0.267765731237	0.6722757462	0.0384322578951	0.021526264668
-aho	0.336099585062	0.558091286307	0.0248962655602	0.0809128630705
-aha	0.584937933412	0.20262146853	0.0453076681674	0.167132929891
-mĩm	0.211286094648	0.656792759226	0.0522202896639	0.0797008564622
-tĩy	0.376910016978	0.398981324278	0.193548387097	0.0305602716469
-ẽmã	0.00775193798448	0.968992248062	0.0232558139535	0.0
-mĩn	0.157446808511	0.731914893617	0.0613981762917	0.0492401215805
-pã'	0.36	0.5	0.14	0.0
-xãm	0.138741134752	0.695921985816	0.053634751773	0.11170212766
-mĩt	0.0	1.0	0.0	0.0
-mĩy	0.447328525898	0.295693999393	0.0541014325557	0.202876042154
-tĩn	0.122641509434	0.830188679245	0.0377358490566	0.00943396226415
-get	0.0828749017646	0.888071253364	0.0247672120217	0.0042866328499
-'ux	0.506439979392	0.339000515198	0.0680061823803	0.0865533230293
-hĩm	0.305429864253	0.580316742082	0.0837104072398	0.0305429864253
-mpe	0.256471584713	0.690338209834	0.0205387922049	0.0326514132488
-tok	0.103892288119	0.722575793223	0.0578661460294	0.115665772629
-mpa	0.4375	0.1875	0.00815217391306	0.366847826087
-'uk	0.158600300929	0.242654052621	0.424850064274	0.173895582176
-hĩy	0.404936873875	0.363299644389	0.0873936935951	0.144369788141
-tot	0.251423194424	0.593619128537	0.0743965772949	0.0805610997434
-'un	0.277582135311	0.450967394457	0.172349504909	0.0991009653229
-'um	0.540816326531	0.418367346939	0.0	0.0408163265306
-tox	0.211350602699	0.531991338852	0.104634633553	0.152023424896
-no'	0.556179775281	0.443820224719	0.0	0.0
-nãm	0.261416142675	0.560575106796	0.101072282607	0.0769364679217
-nãn	0.326883877285	0.350770106156	0.0591143347941	0.263231681765
-não	0.0289379762709	0.864473811131	0.0617343493778	0.0448538632199
-xya	0.0533333333333	0.706666666667	0.0	0.24
-nãg	0.156503164967	0.30998177596	0.112343762112	0.421171296962
-ge'	0.03125	0.9375	0.03125	0.0
-iex	0.0	1.0	0.0	0.0
-nãy	0.299793603828	0.307330368799	0.0894487519374	0.303427275436
-pãn	0.1	0.864705882353	0.0176470588235	0.0176470588235
-eyã	0.165319617928	0.272593681117	0.495958853784	0.0661278471712
-pãm	0.041584706265	0.914267646442	0.0115276608121	0.032619986481
-iet	0.129213483146	0.848314606742	0.0224719101123	0.0
-ipi	0.559410234172	0.363399826539	0.0251517779705	0.0520381613183
-tix	0.0962597519324	0.487266952842	0.151260750958	0.265212544268
-'nã	0.353667031546	0.371678774007	0.0507513185391	0.223902875908
-ẽãm	0.0497737556561	0.927601809955	0.0135746606335	0.00904977375566
-oex	0.381578947368	0.440789473684	0.138157894737	0.0394736842105
-uxi	0.39719502979	0.3839962038	0.118631258897	0.100177507513
-ahã	0.256097560976	0.69512195122	0.0	0.0487804878049
-ya'	0.294808126411	0.332731376975	0.0839729119639	0.28848758465
-uxa	0.212452444246	0.137577745235	0.0206620022657	0.629307808253
-nẽ'	0.394348894349	0.391891891892	0.114250614251	0.0995085995086
-myã	0.31857064599	0.661202646328	0.0	0.0202267076819
-mã'	0.461058667044	0.334337765596	0.0788741330047	0.125729434355
-ũ'a	0.330827067669	0.571428571429	0.0601503759398	0.0375939849624
-mam	0.301886792453	0.566037735849	0.0188679245283	0.11320754717
-õe'	0.0	1.0	0.0	0.0
-276	0.0	0.263157894737	0.0	0.736842105263
-ma'	0.255186852058	0.299203128244	0.177299171204	0.268310848494
-ĩmũ	0.200426626055	0.133913429146	0.0403248789472	0.625335065852
-pip	0.514395435092	0.0507484621412	0.0218334473595	0.413022655407
-mãp	0.189655172414	0.568965517241	0.0775862068966	0.163793103448
-mãt	0.0	1.0	0.0	0.0
-mãy	0.409262435677	0.519382504288	0.0473413379074	0.0240137221269
-xyã	0.0657681977786	0.868986215341	0.0259313393716	0.0393142475086
-nẽy	0.10096382893	0.761608091765	0.0620258731264	0.0754022061787
-nẽg	0.0727667662232	0.886505566115	0.0195492804779	0.0211783871844
-mãg	0.263936620766	0.525947439701	0.042211071012	0.167904868521
-xka	0.049565731375	0.168715626988	0.0508163910063	0.730902250631
-mãk	0.569915254237	0.169491525424	0.146186440678	0.114406779661
-nẽo	0.0359820089955	0.83808095952	0.125937031484	0.0
-nẽm	0.0387231815803	0.918890633176	0.00313971742543	0.0392464678179
-mãn	0.240585589394	0.648487478269	0.0261463657574	0.0847805665789
-mãm	0.312640807927	0.569101211825	0.00985245368419	0.108405526564
-nõn	0.0521692778152	0.897323700771	0.0295004844788	0.0210065369354
-mug	0.811320754717	0.0377358490566	0.0754716981132	0.0754716981132
-nõm	0.0925965013783	0.0821593430387	0.0150314261263	0.810212729457
-top	0.257492731236	0.293092713845	0.251003251583	0.198411303335
-tnũ	0.53743315508	0.342245989305	0.0802139037433	0.0401069518716
-nõg	0.284537632454	0.359104054766	0.135398158335	0.220960154446
-gmũ	0.254807692308	0.230384615385	0.0726923076923	0.442115384615
-mun	0.307692307692	0.339366515837	0.217194570136	0.135746606335
-muk	0.215418969657	0.389676684483	0.172617705734	0.222286640127
-yta	0.391275715002	0.400809081786	0.158993978926	0.048921224285
-mut	0.106755410417	0.8122958986	0.0683566723861	0.0125920185974
-iox	0.0	1.0	0.0	0.0
-nõy	0.0945880542611	0.320895162027	0.153926166776	0.430590616936
-ytu	0.492170022371	0.353467561521	0.0402684563758	0.114093959731
-nõp	0.246612466125	0.550135501355	0.121951219512	0.0813008130081
-iot	0.141868512111	0.81660899654	0.0207612456747	0.0207612456748
-pe'	0.396280217414	0.21694997614	0.0503577497411	0.336412056705
-ãn'	0.943396226415	0.0566037735849	0.0	0.0
-'ĩy	0.540145985402	0.328467153285	0.0875912408759	0.0437956204379
-'ã'	0.244587548757	0.193617859221	0.0319586649487	0.529835927073
-'ya	0.291709314227	0.0122824974411	0.419651995906	0.276356192426
-ayĩ	0.260869565217	0.63768115942	0.0434782608696	0.0579710144928
-'ĩn	0.387031064335	0.415888643694	0.169071464946	0.0280088270243
-'ĩm	0.304878048781	0.592682926829	0.0512195121951	0.0512195121951
-yoy	0.767741935484	0.116129032258	0.0774193548387	0.0387096774194
-yox	0.0103522501556	0.60792611256	0.00376054186117	0.377961095423
-hnũ	0.145161290323	0.612903225806	0.0322580645161	0.209677419355
-yos	0.0431654676259	0.870503597122	0.0431654676259	0.0431654676259
-nõ'	0.374809676874	0.304263238031	0.105988834377	0.214938250719
-yop	0.0399929642007	0.924679917422	0.0253288773271	0.00999824105019
-yot	0.0685657662798	0.90208293001	0.00812589792446	0.0212254057854
-yok	0.317918786673	0.292132891973	0.160786229361	0.229162091993
-yoh	0.0	1.0	0.0	0.0
-490	0.0201342281879	0.201342281879	0.0268456375839	0.751677852349
-gpa	0.4375	0.5625	0.0	0.0
-yoa	0.261904761905	0.666666666667	0.047619047619	0.0238095238095
-õnã	0.300733496333	0.180929095354	0.474327628362	0.0440097799511
-yog	0.265182186235	0.619433198381	0.0607287449392	0.0546558704453
-yoe	0.107692307692	0.846153846154	0.0153846153846	0.0307692307692
-'ẽ'	0.0869565217391	0.465838509317	0.0372670807453	0.409937888199
-'ãm	0.2022253698	0.695376954865	0.0397543916008	0.0626432837347
-ãna	0.190082644628	0.710743801653	0.0661157024793	0.0330578512397
-xux	0.239962147713	0.591586522469	0.0989421747937	0.069509155024
-ãti	0.462437395659	0.307178631052	0.105175292154	0.125208681135
-'ãk	0.146153846154	0.569230769231	0.1	0.184615384615
-xut	0.435416333827	0.0911217158209	0.0528930755282	0.420568874824
-'ãg	0.0801890727096	0.836507715835	0.0583901014875	0.024913109968
-peo	0.0230515916575	0.950603732162	0.01317233809	0.01317233809
-xup	0.360642831029	0.376202388014	0.0425282421812	0.220626538776
-pek	0.32606693276	0.286766963463	0.145993245318	0.241172858459
-pet	0.156948519774	0.764124554047	0.0116092683603	0.0673176578183
-153	0.12	0.0266666666667	0.0533333333333	0.8
-'ãy	0.816901408451	0.0281690140845	0.0985915492958	0.056338028169
-'ãx	0.341484716157	0.522270742358	0.0628820960698	0.0733624454148
-xuk	0.0434004463468	0.893079001778	0.0385775830584	0.0249429688171
-'ĩ'	0.153846153846	0.723076923077	0.0615384615385	0.0615384615385
-pex	0.240242425656	0.574288342755	0.117342572691	0.0681266588979
-'ãp	0.392550143267	0.229226361032	0.126074498567	0.252148997135
-õa'	0.299950759567	0.619925407398	0.0256807157163	0.0544431173187
-hu'	0.295078150157	0.118784936382	0.0615309669482	0.524605946513
-nõã	0.232258064516	0.503225806452	0.2	0.0645161290323
-ũpe	0.729854689564	0.220607661823	0.0297225891678	0.0198150594452
-ito	0.429752066116	0.347107438017	0.099173553719	0.123966942149
-ita	0.0	0.954022988506	0.0459770114943	0.0
-ko'	0.0	1.0	0.0	0.0
-tu'	0.054892522057	0.0147023616165	0.0032313803027	0.927173736024
-'yã	0.305988668497	0.23929910656	0.0244941668132	0.43021805813
-o'a	0.462857142857	0.257142857143	0.0257142857143	0.254285714286
-o'e	0.0	0.931192660551	0.0	0.0688073394495
-ũ'ã	0.17360808974	0.171636771642	0.0341396426562	0.620615495962
-'õy	0.302013422819	0.677852348993	0.0201342281879	0.0
-huh	0.704500978474	0.189823874755	0.0234833659491	0.0821917808219
-huk	0.410700509799	0.318255314506	0.0687972761895	0.202246899506
-õah	0.365482233503	0.421319796954	0.0913705583756	0.121827411168
-õam	0.565573770492	0.122950819672	0.262295081967	0.0491803278689
-'õk	0.622119815668	0.302830809743	0.0631994733377	0.0118499012508
-ãxi	0.167471819646	0.509393451422	0.201825013419	0.121309715513
-nnũ	0.288717234393	0.513851127383	0.101900200374	0.0955314378506
-'õn	0.301740688596	0.518430820428	0.084474593626	0.0953538973506
-'õm	0.371934376198	0.239803425622	0.0631891461776	0.325073052002
-hut	0.229231935218	0.695870501789	0.0408532161775	0.0340443468146
-ãxa	0.469696969697	0.469696969697	0.0606060606061	0.0
-hup	0.380228644862	0.31961930694	0.229058382691	0.0710936655067
-ãxe	0.104291348755	0.885615940076	0.0033642370566	0.00672847411319
-ãnã	0.30432776252	0.528749611337	0.0778385316547	0.0890840944889
-nek	0.0699270326616	0.883165392634	0.0429986101459	0.00390896455873
-axa	0.11320754717	0.72641509434	0.150943396226	0.00943396226415
-koa	0.499721861673	0.334785833488	0.0876135731503	0.0778787316892
-tuk	0.1817123933	0.108011977729	0.0843790939186	0.625896535052
-koh	0.0	1.0	0.0	0.0
-tup	0.33108617796	0.1898406658	0.0912968361639	0.387776320076
-kot	0.448363320244	0.418996931105	0.0205233124601	0.11211643619
-tut	0.133019091112	0.728285431441	0.0660492748502	0.0726462025961
-kop	0.625	0.339285714286	0.0357142857143	0.0
-tux	0.442011647628	0.198879348025	0.0204448057316	0.338664198615
-ogã	0.509369969753	0.305538693708	0.113848960872	0.0712423756674
-'et	0.66859085877	0.263798829669	0.0225367705203	0.0450735410407
-koy	0.0	0.969072164948	0.0309278350515	0.0
-kox	0.19762496044	0.596826337813	0.0748146745913	0.130734027155
-iyã	0.516340648855	0.218511450382	0.00465171755725	0.260496183206
-aãt	0.546218487395	0.0756302521008	0.378151260504	0.0
-omi	0.446709916589	0.369786839666	0.0500463392029	0.133456904541
-oma	0.521276595745	0.0212765957447	0.372340425532	0.0851063829787
-a'a	0.285567275534	0.544635966041	0.154360689478	0.0154360689478
-120	0.025	0.25	0.0	0.725
-'õg	0.101124954994	0.0872182629391	0.0227205346485	0.788936247419
-kĩn	0.153531218014	0.370522006141	0.0153531218014	0.460593654043
-pa'	0.217053787672	0.104838183207	0.0368912071035	0.641216822017
-'ũ'	0.449340324763	0.511586603518	0.0390730717185	0.0
-kĩy	0.556461582414	0.328033343212	0.0192508457289	0.0962542286445
-tah	0.0235663786332	0.842105263158	0.129615082482	0.00471327572663
-'hã	0.347107438017	0.305785123967	0.0	0.347107438016
-ihã	0.31815747188	0.205677557579	0.14783074451	0.328334226031
-ĩka	0.290130796671	0.466508125248	0.0253666270314	0.21799445105
-ãhi	0.393219154142	0.418734708144	0.0433414889899	0.144704648724
-ehe	0.516483516484	0.318681318681	0.032967032967	0.131868131868
-õmã	0.375851970837	0.067634844072	0.0335693007093	0.522943884382
-nnã	0.431622681815	0.395803902371	0.0980513576919	0.0745220581224
-pah	0.122321951057	0.162360288431	0.0129644045513	0.70235335596
-pak	0.568548892574	0.225771686844	0.0788164298059	0.126862990776
-ẽna	0.583333333333	0.145833333333	0.0208333333333	0.25
-ape	0.0878264509913	0.653648627449	0.0732966814641	0.185228240095
-ãnũ	0.549107142857	0.316964285714	0.133928571429	0.0
-pax	0.353039418137	0.303208289959	0.0800064286645	0.26374586324
-pay	0.0	0.915300546448	0.0846994535518	0.0
-'ũm	0.243543216439	0.143825034128	0.0124556574603	0.600176091973
-'ũk	0.595455732567	0.224340558893	0.133194045443	0.0470096630974
-ũyk	0.112499782819	0.82000034749	0.0224999565638	0.0449999131276
-apu	0.509082739585	0.318751738451	0.102969809787	0.0691957121766
-pap	0.177871248307	0.667997433521	0.0655877949668	0.0885435232053
-pat	0.058568329718	0.863340563991	0.0650759219089	0.0130151843818
-oit	0.343346255361	0.345942758166	0.187916529198	0.122794457275
-tnã	0.531469906226	0.230323708743	0.08867915495	0.149527230081
-nuk	0.113163635184	0.767234039102	0.0797538052336	0.0398485204797
-keo	0.0	1.0	0.0	0.0
-ũtu	0.225	0.4875	0.2875	0.0
-sus	0.483443708609	0.206622516556	0.0	0.309933774834
-'o'	0.09375	0.90625	0.0	0.0
-ãxĩ	0.418604651163	0.162790697674	0.0	0.418604651163
-ket	0.291786743516	0.682276657061	0.0129682997118	0.0129682997118
-xnũ	0.128402713795	0.734399865985	0.0105536477092	0.12664377251
-nux	0.0985074626865	0.537313432836	0.0955223880597	0.268656716418
-ũti	0.174418604651	0.709302325581	0.116279069767	0.0
-omã	0.244181353424	0.297053679537	0.347773442755	0.110991524284
-nut	0.168598144057	0.662075084056	0.14762633433	0.0217004375571
-ũta	0.679152426521	0.16992481203	0.0754613807245	0.0754613807245
-i'a	0.0806865433955	0.475537467929	0.110943997169	0.332831991507
-mhã	0.344821814467	0.178217816103	0.0298897397985	0.447070629632
-ãte	0.0195473987516	0.0269223166263	0.00760256275613	0.945927721866
-ãta	0.0598863605915	0.762404788598	0.114397694379	0.0633111564315
-ti'	0.390101388186	0.337215434038	0.151998316741	0.120684861035
-ãtu	0.379561793717	0.32942892888	0.0830179840445	0.207991293359
-aet	0.0329717180302	0.892466476909	0.0287916655849	0.0457701394763
-'ok	0.309180784055	0.216698069661	0.0943011713084	0.379819974976
-'om	0.366666666667	0.233333333333	0.366666666667	0.0333333333333
-tãm	0.0535117056857	0.899408284024	0.0246977103164	0.0223822999743
-tpu	0.355356032128	0.176555696784	0.13643616302	0.331652108067
-ihi	0.441326603276	0.242655946262	0.126093315222	0.189924135241
-tãg	0.19298245614	0.68671679198	0.12030075188	0.0
-'og	0.711538461538	0.288461538462	0.0	0.0
-ĩpe	0.501265822785	0.301265822785	0.121518987342	0.0759493670886
-'ox	0.0652173913043	0.826086956522	0.108695652174	0.0
-uka	0.138166894665	0.861833105335	0.0	0.0
-one	0.171568627451	0.696078431373	0.0441176470588	0.0882352941177
-õma	0.4	0.15	0.06	0.39
-'op	0.521549451818	0.448028912692	0.0211585307078	0.00926310478233
-tpe	0.25897492789	0.646505435988	0.0758819613934	0.0186376747282
-'ot	0.0139627659575	0.954122340426	0.00598404255319	0.0259308510638
-ĩãa	0.543378995434	0.2100456621	0.246575342466	0.0
-tit	0.218696099431	0.655441633925	0.0333635049254	0.0924987617186
-ait	0.0160769526046	0.967642874884	0.00379343825502	0.0124867342561
-oãn	0.0	1.0	0.0	0.0
-tip	0.228461538462	0.771538461538	0.0	0.0
-ẽnã	0.463081404311	0.286715502655	0.0920137811783	0.158189311856
-x'a	0.0344827586207	0.965517241379	0.0	0.0
-xõp	0.511201629328	0.403258655805	0.0	0.0855397148677
-xõn	0.600290164818	0.218424329254	0.164143027125	0.0171424788032
-800	0.0	0.50783847981	0.0266033254157	0.465558194774
-peh	0.345854634363	0.449655478995	0.0671260280062	0.137363858635
-hã'	0.456897580033	0.218672294657	0.0517303929426	0.272699732367
-ĩy'	0.356591574966	0.334616195229	0.0744485375968	0.234343692208
-xõg	0.259733989355	0.575877409787	0.117348170458	0.0470404303993
-ũyã	0.407862623692	0.296801105392	0.0326916867676	0.262644584148
-tik	0.0694799474745	0.363007133461	0.0172501414263	0.550262777638
-ema	0.440842787682	0.544570502431	0.0	0.0145867098865
-mmu	0.484662576687	0.478527607362	0.0	0.0368098159509
-emo	0.21832884097	0.78167115903	0.0	0.0
-emi	0.0967416378316	0.793204536717	0.0499807766243	0.0600730488273
-nop	0.326184477682	0.60137555676	0.0380616768186	0.0343782887394
-260	0.0247933884297	0.099173553719	0.0	0.876033057851
-et'	0.548898337843	0.103208349439	0.347893312717	0.0
-ãyã	0.111146180704	0.246030205174	0.0301921291441	0.612631484978
-'a'	0.246916381359	0.150634654249	0.0444539001125	0.557995064279
-mix	0.0177610669104	0.942042834292	0.0126716383805	0.0275244604167
-ãot	0.038062283737	0.913494809689	0.0484429065743	0.0
-xta	0.0894632206759	0.846918489066	0.0238568588469	0.0397614314115
-hõm	0.537469649577	0.210520583767	0.0576386186939	0.194371147962
-hõn	0.573770491803	0.295081967213	0.0218579234973	0.109289617486
-hõk	0.647058823529	0.205882352941	0.147058823529	0.0
-000	0.114489062751	0.258522590035	0.0138216172335	0.613166729981
-'xo	0.71186440678	0.0847457627119	0.0677966101695	0.135593220339
-igã	0.513931084046	0.240955562816	0.16946108365	0.0756522694867
-atu	0.365853658537	0.403080872914	0.0385109114249	0.192554557125
-kep	0.43089254093	0.45524868744	0.0685016620585	0.0453571095716
-aot	0.0545915025298	0.881019606072	0.00626807011204	0.0581208212866
-'ak	0.236512528453	0.326973129347	0.013693785198	0.422820557002
-kũm	0.463937621832	0.432748538012	0.0350877192982	0.0682261208577
-oxk	0.303468748165	0.232358609938	0.134542794753	0.329629847144
-300	0.335008375209	0.217755443886	0.201005025126	0.246231155779
-ate	0.0727203003799	0.05379780432	0.0107322693233	0.862749625977
-ata	0.114241829743	0.815222495074	0.011127450949	0.0594082242334
-tõy	0.160099119973	0.768508926362	0.0681952990234	0.00319665464172
-kũy	0.315080399826	0.51803563668	0.143415906128	0.0234680573664
-pma	0.34900990099	0.383663366337	0.0148514851485	0.252475247525
-'ax	0.252165692917	0.557539190252	0.0697198925293	0.120575224302
-kak	0.185959922817	0.601309574217	0.0153657666669	0.197364736299
-nip	0.0611955887912	0.881645808903	0.0406902606099	0.0164683416957
-kah	0.252153896126	0.153861874532	0.220675329094	0.373308900248
-nit	0.0689081204629	0.876404938218	0.029877348204	0.0248095931153
-nix	0.0633899982244	0.849253386019	0.00957573201581	0.0777808837407
-niy	0.444793732564	0.34700494581	0.00946369643754	0.198737625188
-'ap	0.188166397695	0.0821676048363	0.019772446217	0.709893551251
-ghi	0.799363057325	0.0859872611465	0.0764331210191	0.0382165605096
-iãn	0.0338835794961	0.96090356212	0.00521285838401	0.0
-iãm	0.0521287624988	0.919801903848	0.0260643812494	0.0020049524038
-kax	0.331320548028	0.561046289508	0.0590501203241	0.0485830421395
-iak	0.00708873136153	0.990955756539	0.000977756049866	0.000977756049866
-kmũ	0.445833333333	0.266666666667	0.1	0.1875
-nik	0.10058087174	0.862215020863	0.0242259303976	0.0129781769987
-'ah	0.380500480503	0.257644084945	0.0936644152925	0.26819101926
-nio	0.0548947849954	0.883806038426	0.035681610247	0.0256175663312
-mmã	0.333662528217	0.495979119639	0.0857082392777	0.0846501128669
-kat	0.0899374033919	0.252990056896	0.634434712067	0.0226378276456
-yãn	0.0786516853932	0.859550561798	0.0280898876404	0.0337078651685
-õ'õ	0.211706886775	0.682439669838	0.105853443387	0.0
-yãk	0.191278829006	0.232144729474	0.0509755205541	0.525600920966
-ãpu	0.391174020795	0.115091804237	0.0249972991549	0.468736875813
-oa'	0.436677631579	0.193667763158	0.155016447368	0.214638157895
-khi	0.323858482008	0.606743271848	0.0693982461445	0.0
-ygã	0.292525542212	0.401684889765	0.119734719484	0.186054848539
-ãpa	0.174066003625	0.527507787081	0.122637411645	0.175788797649
-'at	0.0107775211701	0.895304080062	0.0	0.0939183987682
-ãpe	0.549295774648	0.366197183099	0.0281690140845	0.056338028169
-yãy	0.103732126564	0.0733770489467	0.0897832576008	0.733107566889
-ãpi	0.391304347826	0.449275362319	0.130434782609	0.0289855072464
-õã'	0.471018418202	0.339490790899	0.0752979414951	0.114192849404
-yãp	0.395089285714	0.254464285714	0.100446428571	0.25
-yuk	0.0236348361803	0.0870344441333	0.27905908709	0.610271632596
-gnũ	0.0915984240639	0.120759483899	0.0212848037061	0.766357288331
-ũhi	0.281204468188	0.425449247207	0.165128703254	0.12821758135
-ka'	0.183630954374	0.33700861146	0.183205191018	0.296155243147
-ĩha	0.132325141777	0.657844990548	0.20415879017	0.00567107750473
-xat	0.279605915222	0.492393412795	0.0434836158179	0.184517056165
-yut	0.854889589905	0.0315457413249	0.0694006309148	0.0441640378549
-pẽn	0.196078431373	0.745098039216	0.0196078431373	0.0392156862745
-oah	0.782894736842	0.160714285714	0.0338345864661	0.0225563909774
-yã'	0.285450482371	0.200076438369	0.0519657480528	0.462507331208
-uyã	0.241935483871	0.598387096774	0.0	0.159677419355
-gha	0.525735294118	0.319852941176	0.0220588235294	0.132352941176
-ami	0.105753923129	0.757789401865	0.0955196725039	0.0409370025017
-ãĩy	0.0357142857143	0.892857142857	0.0	0.0714285714286
-yãm	0.113577585005	0.769141213088	0.109873968102	0.00740723380465
-ama	0.14433960035	0.150471404605	0.0456281850332	0.659560810013
-oat	0.020202020202	0.959595959596	0.0	0.020202020202
-ame	0.0331475925132	0.95027861123	0.00514359194171	0.0114302043149
-pmã	0.432467223369	0.325887552	0.0544727749221	0.187172449709
-xpa	0.0722891566265	0.674698795181	0.253012048193	0.0
-iro	0.0357142857143	0.821428571429	0.142857142857	0.0
-amã	0.0255660456178	0.590943270114	0.383490684268	0.0
-pi'	0.290225833331	0.193314019497	0.04540440874	0.471055738432
-hic	0.764705882353	0.102941176471	0.0441176470588	0.0882352941176
-hix	0.0564352122264	0.16251418223	0.126144417138	0.654906188406
-xpu	0.0752797583213	0.02515405383	0.00516942546412	0.894396762385
-hip	0.385540199116	0.355570666003	0.078871540824	0.180017594058
-ãtã	0.0156862745098	0.964705882353	0.0196078431372	0.0
-hit	0.350649350649	0.519480519481	0.038961038961	0.090909090909
-xi'	0.118899261668	0.119684545103	0.0394616287362	0.721954564493
-uyĩ	0.474226804124	0.185567010309	0.231958762887	0.10824742268
-eãm	0.0	1.0	0.0	0.0
-yẽy	0.624886889097	0.187743344098	0.125397444731	0.0619723220735
-'e'	0.350003100829	0.211809919827	0.181112331657	0.257074647687
-epi	0.319947656825	0.170524249612	0.0171751042774	0.492352989286
-õg'	0.383561643836	0.493150684932	0.0547945205479	0.0684931506849
-xĩp	0.414634146341	0.414634146341	0.0975609756098	0.0731707317073
-ggã	0.314608864655	0.447308751282	0.0765264805917	0.161555903471
-anã	0.361819090455	0.192403798101	0.23988005997	0.205897051474
-xãg	0.0	1.0	0.0	0.0
-yẽn	0.157933219595	0.749312349849	0.0384387730232	0.0543156575328
-xix	0.0705660931529	0.0337776831746	0.00587875130608	0.889777472366
-xiy	0.279289082336	0.521218715996	0.177729416032	0.0217627856365
-xip	0.321757971934	0.122434041737	0.0377070705448	0.518100915784
-pik	0.457831325301	0.321686746988	0.166265060241	0.0542168674698
-xit	0.489091368322	0.364736245	0.0320557019231	0.114116684754
