iam-	0.189894503054	0.604664075514	0.0133259300389	0.192115491394
neu-	0.524881482384	0.219638684094	0.162995607121	0.0924842264019
ig--	0.440833799229	0.342921922637	0.048900195597	0.167344082537
ris-	0.0	1.0	0.0	0.0
tut-	0.46288209607	0.406113537118	0.131004366812	0.0
kud-	0.0908608044119	0.146405686711	0.00881485415937	0.753918654718
muw-	0.0617124639441	0.912858660999	0.00614847426749	0.0192804007894
del-	0.271832718327	0.639606396064	0.0442804428044	0.0442804428044
agu-	0.075	0.925	0.0	0.0
maa-	0.0934046166919	0.432756995731	0.414073413006	0.0597649745718
gum-	0.0369687831574	0.935555927849	0.00904674149774	0.0184285474954
000-	0.173990010683	0.163459472233	0.0148339618344	0.647716555249
lel-	0.232488772034	0.609857897573	0.0578727415365	0.099780588856
ug--	0.473087818697	0.475920679887	0.0169971671388	0.0339943342776
mah-	0.0979828280833	0.280385104809	0.294319899302	0.327312167805
gin-	0.00684931506849	0.993150684932	0.0	0.0
tur-	0.0	1.0	0.0	0.0
emu-	0.0733680730781	0.0386040941506	0.00892094122258	0.879106891549
lis-	0.0614715926731	0.930145917417	0.00838248990995	0.0
ism-	0.00988467874794	0.841845140033	0.148270181219	0.0
id--	0.14375	0.59375	0.25	0.0125
ana-	0.0250406283857	0.96338028169	0.00320964247021	0.00836944745396
sak-	0.199270473322	0.596583934743	0.038086864167	0.166058727768
pid-	0.0252958713524	0.953334676887	0.00208482456201	0.0192846271987
egb-	0.595717640604	0.241001926879	0.0443342174718	0.118946215045
iem-	0.240740740741	0.333333333333	0.0740740740741	0.351851851852
uwa-	0.131019227497	0.842776927004	0.0262038454994	0.0
nun-	0.324324324324	0.297297297297	0.0810810810811	0.297297297297
der-	0.269334162354	0.47541283397	0.217105864711	0.0381471389646
kat-	0.0941400695246	0.682933068429	0.143186750174	0.0797401118727
abi-	0.0969959404601	0.889364005413	0.00151556156969	0.0121244925575
mil-	0.054574177797	0.918066925176	0.00430848772081	0.0230504093063
dis-	0.283783783784	0.695945945946	0.0202702702702	0.0
tib-	0.133319336553	0.829939114004	0.00839806844425	0.0283434809994
gan-	0.0874388128508	0.776445097041	0.096453123454	0.039662966654
imm-	0.391566607772	0.150139543351	0.108136750859	0.350157098018
sen-	0.206006657441	0.33631297453	0.101656879979	0.35602348805
ini-	0.0	1.0	0.0	0.0
bay-	0.309125156969	0.421982161832	0.0960170009982	0.172875680201
mig-	0.689350407232	0.171822485097	0.0430565878716	0.0957705197989
mas-	0.0424456046193	0.26071093576	0.63446844022	0.0623750194008
ked-	0.0281911870986	0.0331137393191	0.00218937820474	0.936505695378
mey-	0.193254309768	0.0680679462595	0.0814078217539	0.657269922218
hum-	0.336489071203	0.287613227634	0.0545657953301	0.321331905833
uli-	0.223490071286	0.756810195986	0.00951021579941	0.0101895169279
abr-	0.0198912198912	0.944444444444	0.032634032634	0.0030303030303
ihe-	0.401515151515	0.507575757576	0.0757575757575	0.0151515151515
nen-	0.49911955279	0.242130632958	0.174429097994	0.0843207162589
adm-	0.0	1.0	0.0	0.0
dah-	0.0646503986521	0.906428297737	0.0185285302624	0.0103927733483
mul-	0.330952583363	0.105119789839	0.015661463341	0.548266163456
gaw-	0.0876911935745	0.0700256753495	0.0363404946345	0.805942636441
ate-	0.00740431821009	0.988732559246	0.0019315612722	0.0019315612722
igb-	0.375473098335	0.537499230087	0.0329511399706	0.0540765316071
har-	0.0276423345524	0.929271435477	0.0322214122398	0.0108648177306
kam-	0.0641389992226	0.812838070668	0.0612159155133	0.0618070145966
dey-	0.0313131313131	0.677104377104	0.0602693602694	0.231313131313
ilm-	0.0	1.0	0.0	0.0
sin-	0.129091778798	0.742305797138	0.0781010155276	0.0505014085366
tag-	0.0309471944716	0.0848257878979	0.0346814606561	0.849545556974
mew-	0.178132869089	0.245500046632	0.524139646221	0.0522274380576
pat-	0.261708836422	0.596477735907	0.104898869492	0.0369145581789
niy-	0.0801194865663	0.0391422553273	0.00655091866731	0.874187339439
hud-	0.0235536803517	0.844785131135	0.104877696861	0.0267834916527
alt-	0.00946969696969	0.984848484848	0.00568181818181	0.0
kem-	0.312808959169	0.137835181013	0.0548424572807	0.494513402537
egk-	0.513133266701	0.235229798847	0.13114576447	0.120491169983
inw-	0.699824605362	0.247557003257	0.0165372087196	0.036081182661
dya-	0.0	0.877157536224	0.0921318478324	0.0307106159441
saw-	0.378854542186	0.509211161259	0.0344413220169	0.077492974538
ul--	0.291954022989	0.0275862068966	0.436781609195	0.24367816092
igt-	0.566960779072	0.309622853621	0.0452706325494	0.078145734758
kid-	0.0669293422774	0.0418213856264	0.00794076942274	0.883308502673
nig-	0.024504084014	0.931155192532	0.0163360560093	0.0280046674445
pas-	0.578373338062	0.286958844348	0.0909755923272	0.0436922252624
sig-	0.0	0.923076923077	0.0769230769231	0.0
buu-	0.0988467874794	0.59802306425	0.273476112026	0.0296540362438
nai-	0.0	0.862068965517	0.0	0.137931034483
bak-	0.127723812024	0.845812549225	0.0187450774482	0.00771856130219
276-	0.0	0.257142857143	0.0	0.742857142857
umm-	0.283911671924	0.0176656151419	0.668138801262	0.0302839116719
aw--	0.013411567477	0.832075998882	0.0628667225482	0.0916457110924
gug-	0.0	1.0	0.0	0.0
epa-	0.483128028928	0.290011853141	0.0882233791955	0.138636738736
500-	0.162344983089	0.603156708005	0.054114994363	0.180383314543
sap-	0.125101335398	0.244351802198	0.0146471813037	0.615899681101
asi-	0.0	1.0	0.0	0.0
gun-	0.0	0.899581589958	0.0753138075314	0.0251046025104
nan-	0.656999032313	0.193152392457	0.0538001313859	0.0960484438438
al--	0.259259259259	0.314814814815	0.185185185185	0.240740740741
153-	0.0	0.0	0.0212765957447	0.978723404255
hid-	0.11789347696	0.788749251945	0.032315978456	0.0610412926391
egt-	0.446307086546	0.222701593907	0.159495788206	0.171495531342
usi-	0.0663457785872	0.877065174971	0.0429296214388	0.0136594250033
amu-	0.0	1.0	0.0	0.0
lei-	0.0737910822692	0.076568815317	0.283328770873	0.566311331541
iim-	0.170454545454	0.702272727273	0.113636363636	0.0136363636364
kri-	0.00789052513737	0.972186780842	0.00264585418168	0.0172768398388
tew-	0.502369668247	0.24644549763	0.0900473933649	0.161137440758
hah-	0.0571428571428	0.942857142857	0.0	0.0
mir-	0.00364520048602	0.989064398542	0.00729040097205	0.0
isa-	0.148547169305	0.822417219045	0.0139664967429	0.0150691149068
tee-	0.541666666667	0.115384615385	0.0576923076924	0.285256410256
mus-	0.0169155461924	0.927752648863	0.0533490302993	0.00198277464527
pud-	0.0	1.0	0.0	0.0
yah-	0.328985507246	0.644927536232	0.0	0.0260869565217
bab-	0.041094224924	0.952340425532	0.00364741641338	0.0029179331307
ita-	0.447619047619	0.474666666667	0.0297142857143	0.048
tuh-	0.47131147541	0.366393442623	0.0762295081968	0.0860655737705
mum-	0.0166204986149	0.96675900277	0.0	0.0166204986149
siy-	0.0283406683755	0.883445374087	0.00778642936596	0.0804275281714
war-	0.224568171554	0.0789312624919	0.0165949422326	0.679905623722
hur-	0.000897934750074	0.99910206525	0.0	0.0
ura-	0.0476364968853	0.910997109238	0.0162859818411	0.0250804120353
mee-	0.162990196078	0.259037990196	0.540287990196	0.0376838235295
biu-	0.0	1.0	0.0	0.0
ali-	0.0728216138844	0.809089282519	0.0622651637145	0.0558239398819
tua-	0.0524781341108	0.947521865889	0.0	0.0
uba-	0.146485377116	0.602573969557	0.124380023944	0.126560629383
gey-	0.235344265803	0.673869830137	0.0150755010932	0.0757104029663
mal-	0.0720167095815	0.408934548132	0.271143331647	0.24790541064
pek-	0.110901293048	0.140795032646	0.0571309691461	0.691172705159
sab-	0.0398049089385	0.164909892806	0.109224670127	0.686060528128
ugs-	0.41958041958	0.370629370629	0.20979020979	0.0
ens-	0.375	0.18201754386	0.0168988648091	0.426083591331
aki-	0.00926538716083	0.978821972204	0.0	0.0119126406354
nin-	0.0440044004401	0.95599559956	0.0	0.0
uni-	0.165009940358	0.662027833002	0.079522862823	0.0934393638171
ian-	0.99703264095	0.00296735905045	0.0	0.0
keu-	0.187398692473	0.583064235911	0.115868754584	0.113668317031
sir-	0.0203784570597	0.976710334789	0.0	0.00291120815138
inl-	0.570660390634	0.252997053362	0.0359061772441	0.14043637876
lim-	0.287101742924	0.42525378874	0.21654743937	0.071097028966
ins-	0.591119449944	0.326452413444	0.0330766057231	0.0493515308894
mab-	0.139537362754	0.271680159785	0.520682903293	0.0680995741673
pey-	0.576972833118	0.299482535576	0.0808538163001	0.0426908150065
beu-	0.0714285714286	0.928571428571	0.0	0.0
red-	0.394979106252	0.0701797841121	0.0361704003125	0.498670709323
and-	0.23961338719	0.430178880554	0.246826312752	0.0833814195038
apa-	0.592	0.376	0.0	0.032
ALL	0.227735961211	0.319297405631	0.0592093326616	0.393757300496
san-	0.0235248855722	0.940627669746	0.0194173658691	0.0164300788123
puk-	0.119284294235	0.701789264414	0.0596421471173	0.119284294235
ine-	0.0246456722052	0.959219923769	0.00488472782444	0.0112496762018
arp-	0.0	1.0	0.0	0.0
per-	0.487468538631	0.0469656563638	0.0126574109349	0.45290839407
ger-	0.349514563107	0.320388349515	0.21359223301	0.116504854369
lum-	0.737556561086	0.20814479638	0.0	0.054298642534
hep-	0.0362363749043	0.0605640819997	0.0112281725056	0.89197137059
tel-	0.404224326293	0.275309541151	0.196649672251	0.123816460306
gaa-	0.489028213166	0.136363636364	0.318181818182	0.0564263322884
lid-	0.0	1.0	0.0	0.0
gas-	0.0	0.9	0.0	0.1
ata-	0.0	1.0	0.0	0.0
ign-	0.65139426495	0.201516707481	0.0376017062959	0.109487321273
arm-	0.0	1.0	0.0	0.0
pig-	0.0	1.0	0.0	0.0
rud-	0.194174757282	0.666666666667	0.0679611650485	0.0711974110032
baw-	0.831817630654	0.0994300957924	0.01273190251	0.056020371044
dat-	0.317733990148	0.0935960591133	0.399014778325	0.189655172414
ire-	0.94214818146	0.029681274908	0.0281705436317	0.0
num-	0.0423728813559	0.957627118644	0.0	0.0
kla-	0.163110718344	0.603332912511	0.147708622649	0.0858477464966
haw-	0.500423062976	0.260244167775	0.152302671341	0.0870300979088
bin-	0.0552577721469	0.92018321801	0.0104603190073	0.0140986908358
pel-	0.217469455698	0.729803574979	0.0499148642928	0.00281210503058
kur-	0.0359080276714	0.926728213806	0.0329965659682	0.00436719255462
riy-	0.0	1.0	0.0	0.0
iku-	0.597669806644	0.387456618741	0.00148735746157	0.0133862171542
adi-	0.0	1.0	0.0	0.0
ang-	0.0804008655051	0.251338116388	0.0523858330486	0.615875185059
tal-	0.0597182438638	0.857520564055	0.0460858964349	0.0366752956464
ehe-	0.252613240418	0.602787456446	0.0871080139373	0.0574912891986
alp-	0.00473521568976	0.985794352931	0.00947043137951	0.0
paa-	0.0874579257164	0.79031806567	0.0351148373246	0.0871091712893
ami-	0.0	1.0	0.0	0.0
lem-	0.38578680203	0.492385786802	0.0913705583757	0.0304568527919
450-	0.0392156862745	0.21568627451	0.0392156862745	0.705882352941
sud-	0.0283400809717	0.971659919028	0.0	0.0
dak-	0.0968523323623	0.126131336768	0.597240573004	0.179775757865
umi-	0.0165427353998	0.933829058401	0.0496282061993	0.0
ged-	0.488095238095	0.166666666667	0.166666666667	0.178571428571
ilu-	0.0743801652892	0.665289256198	0.260330578512	0.0
sik-	0.0775036721673	0.0349205202841	0.00615139526162	0.881424412287
nga-	0.0516874228009	0.92712848143	0.00385165377617	0.0173324419928
ben-	0.119651477447	0.851320649326	0.026549884049	0.0024779891779
beg-	0.19926199262	0.690036900369	0.0221402214022	0.0885608856089
kei-	0.294812442684	0.227827339589	0.0792683130921	0.398091904635
pin-	0.0688647960878	0.17078518439	0.0406390523739	0.719710967149
bun-	0.143407586057	0.782809133899	0.0589958168203	0.0147874632239
ili-	0.0688299947842	0.138328482949	0.0908624747333	0.701979047533
map-	0.183866875606	0.384523543019	0.351615551078	0.0799940302962
igg-	0.254589757676	0.56475662841	0.0883670537489	0.0922865601652
gat-	0.0434316839828	0.355993409724	0.0307437763024	0.569831129991
an--	0.0506285517479	0.137936972619	0.626054761495	0.185379714138
egh-	0.511372475808	0.385326239149	0.0334484582594	0.0698528267836
usu-	0.109090909091	0.727272727273	0.163636363636	0.0
ray-	0.00396678787406	0.996033212126	0.0	0.0
pur-	0.112821242176	0.0672709826364	0.0129785516714	0.806929223516
peg-	0.359774232211	0.462701964236	0.0529686835698	0.124555119984
rak-	0.403846153846	0.596153846154	0.0	0.0
dik-	0.00307692307692	0.729230769231	0.0	0.267692307692
nad-	0.445229681979	0.406360424028	0.148409893993	0.0
kis-	0.0	0.96	0.04	0.0
sun-	0.0208202060502	0.907412846692	0.0593007947791	0.0124661524791
ele-	0.155892537705	0.146827936696	0.298086969841	0.399192555758
ded-	0.119187159476	0.0763094376829	0.243226008848	0.561277393993
ahu-	0.335714285714	0.192857142857	0.471428571429	0.0
ban-	0.394521797169	0.412542502857	0.130658146977	0.0622775529967
hal-	0.23347335839	0.61795268627	0.114967941632	0.0336060137077
yug-	0.045470203238	0.942128832243	0.0124009645195	0.0
tey-	0.377880184332	0.352534562212	0.214285714286	0.0552995391705
iin-	0.339449541284	0.376146788991	0.284403669725	0.0
ter-	0.0	1.0	0.0	0.0
tiy-	0.102497579157	0.858312169989	0.0391902508541	0.0
dab-	0.000672947510093	0.969941677882	0.00370121130552	0.0256841633019
tra-	0.183547313362	0.747979077508	0.0542082738945	0.0142653352354
nam-	0.560501625802	0.174500463406	0.185586426024	0.0794114847684
ebe-	0.00642054574638	0.987158908507	0.0032102728732	0.00321027287319
mem-	0.371182458888	0.207517619421	0.253719655442	0.167580266249
ker-	0.105263157895	0.580701754386	0.0175438596491	0.29649122807
sid-	0.0152931180968	0.981308411215	0.0	0.00339847068819
ula-	0.159037281737	0.751297781973	0.0118924020764	0.0777725342142
be--	0.00987475915222	0.957851637765	0.0014450867052	0.0308285163776
me--	0.575342465753	0.13698630137	0.0684931506849	0.219178082192
hak-	0.00241870464929	0.993012631013	0.0	0.00456866433754
lu--	0.214285714286	0.452380952381	0.0	0.333333333333
peu-	0.36094983852	0.411111318536	0.176414583606	0.0515242593387
hel-	0.0808800743725	0.580105361016	0.185001549427	0.154013015184
tuk-	0.0267515923567	0.96178343949	0.00382165605095	0.00764331210193
ene-	0.737634408602	0.120737327189	0.00245775729647	0.139170506912
pan-	0.0726138165522	0.865313300955	0.0409650793989	0.0211078030937
ugp-	0.215519338361	0.682315738263	0.0501094624179	0.0520554609584
nim-	0.0	1.0	0.0	0.0
ari-	0.00829302004148	0.991706979959	0.0	0.0
tul-	0.17593974539	0.617294091646	0.102015482621	0.104750680343
enn-	0.319609211445	0.191905094208	0.013258897418	0.47522679693
kep-	0.0108260767239	0.960931983996	0.0176512120499	0.0105907272299
ina-	0.283084337349	0.545156626506	0.0286265060241	0.14313253012
baa-	0.0729454594485	0.745769567856	0.0360008090069	0.145284163689
lat-	0.0	0.978260869565	0.0	0.0217391304348
rut-	0.0922431865828	0.599580712788	0.0440251572327	0.264150943396
rab-	0.241610738255	0.627516778523	0.0	0.130872483221
ape-	0.285714285714	0.34693877551	0.214285714286	0.15306122449
umu-	0.0745934098884	0.899517768837	0.013441847425	0.0124469738492
hul-	0.0129032258065	0.987096774194	0.0	0.0
hen-	0.168901836056	0.212026610484	0.017754520787	0.601317032673
lab-	0.030693151535	0.128908417557	0.609744599351	0.230653831557
isp-	0.0489959839358	0.255421686747	0.669879518072	0.025702811245
tia-	0.0	0.943686006826	0.0	0.0563139931741
nal-	0.38726823591	0.240899054066	0.223298358793	0.14853435123
kau-	0.119205298013	0.841059602649	0.0	0.0397350993378
iba-	0.187202674324	0.801654309347	0.0111430163288	0.0
bas-	0.163904235727	0.766114180479	0.0346224677716	0.0353591160221
dir-	0.0416666666667	0.51867816092	0.0320881226054	0.407567049808
eng-	0.417953768011	0.262257696693	0.0379392557272	0.281849279569
mid-	0.0808625336927	0.822102425876	0.0970350404312	0.0
lek-	0.479132884105	0.40039941932	0.0821370658466	0.0383306307284
sah-	0.141268473176	0.49140329486	0.0199331250233	0.34739510694
pun-	0.127550217718	0.641666474685	0.176592307823	0.0541909997737
inh-	0.643263757116	0.202518544075	0.127307227876	0.0269104709332
kee-	0.125679587703	0.772863004382	0.0720422060945	0.0294152018204
day-	0.377344557672	0.469649977847	0.0989514104268	0.0540540540541
tah-	0.211751487533	0.334717337901	0.0393000646099	0.414231109956
666-	0.0	0.0	0.0	1.0
kes-	0.0850661625709	0.895085066163	0.0198487712665	0.0
kun-	0.186965696908	0.265944909889	0.0486519096657	0.498437483538
ay--	0.26154389138	0.467387098283	0.104776308534	0.166292701803
wey-	0.00460910197548	0.0174424348982	0.000321465144409	0.977626997982
kan-	0.0248870764194	0.0331110482931	0.00975441723109	0.932247458056
nei-	0.665175212223	0.152555840216	0.134187938573	0.0480810089883
hik-	0.142215568862	0.826347305389	0.0314371257485	0.0
lig-	0.175431944506	0.293718364333	0.0381656640704	0.492684027091
diy-	0.0507147956605	0.0255782326937	0.00334892335834	0.920358048287
gap-	0.0195097548774	0.976738369185	0.00150075037519	0.00225112556278
sey-	0.12	0.359139784946	0.491182795699	0.0296774193548
uya-	0.407395483604	0.102285793129	0.0190866025847	0.471232120683
luh-	0.0830388692579	0.885159010601	0.0106007067138	0.0212014134276
daw-	0.730980619034	0.0728955741973	0.111078970205	0.0850448365635
gir-	0.195121951219	0.760975609756	0.0	0.0439024390244
eey-	0.189189189189	0.454054054054	0.356756756757	0.0
kum-	0.0667632374138	0.879001543595	0.0414851850533	0.0127500339384
uka-	0.0441176470588	0.75	0.176470588235	0.0294117647059
100-	0.0262556439689	0.0884985061498	0.131278219845	0.753967630037
kuw-	0.566740780495	0.296480870965	0.0153338955762	0.121444452963
dap-	0.298549699328	0.346657233817	0.128404669261	0.226388397595
na--	0.297872340426	0.063829787234	0.148936170213	0.489361702128
tuy-	0.341277788904	0.475065091128	0.0833166433007	0.100340476667
pib-	0.163265306122	0.836734693878	0.0	0.0
hil-	0.159653450689	0.773165641843	0.0442603625671	0.0229205449008
egl-	0.570596136352	0.241310200424	0.0703266318446	0.117767031379
bub-	0.0310866318148	0.827296489918	0.128827483196	0.0127893950709
eta-	0.174041297935	0.495575221239	0.070796460177	0.259587020649
mat-	0.0553413710401	0.538231659479	0.337895401441	0.0685315680401
sug-	0.0283875851627	0.952308856927	0.00454201362604	0.0147615442846
aka-	0.0292106898695	0.920447482909	0.0503418272219	0.0
kin-	0.169826572722	0.45298954753	0.358418512596	0.0187653671516
has-	0.0247592847318	0.933975240715	0.0371389270977	0.0041265474553
leh-	0.213435114504	0.499541984733	0.205190839695	0.0818320610687
mad-	0.119761630142	0.428008458285	0.316320645905	0.135909265667
par-	0.0984660084909	0.515912900829	0.038071929982	0.347549160698
ala-	0.1691161667	0.676062009261	0.0604992953493	0.0943225286894
but-	0.00839229883166	0.0654928418628	0.903899950634	0.022214908672
guh-	0.303875250888	0.518027893572	0.039339200247	0.138757655293
nah-	0.458231966777	0.293556545247	0.180971254499	0.0672402334763
hib-	0.0512601760596	0.905573806674	0.0015280006112	0.0416380166552
eye-	0.133845079244	0.0445166033963	0.00298720251923	0.81865111484
anu-	0.0	1.0	0.0	0.0
geh-	0.194055944056	0.687062937063	0.103146853147	0.0157342657343
gay-	0.0161290322581	0.983870967742	0.0	0.0
puu-	0.0982996693181	0.0448383616562	0.0113312819989	0.845530687027
beb-	0.208465602501	0.642195003894	0.0670503399858	0.0822890536189
ipa-	0.496274596196	0.356243441681	0.0652833219967	0.0821986401257
ira-	0.0	1.0	0.0	0.0
iyu-	0.159691182446	0.711905729378	0.0845184884193	0.0438845997562
dan-	0.0447865613523	0.0264284847492	0.0157006712956	0.913084282603
ubi-	0.0673170731707	0.228292682927	0.701463414634	0.00292682926829
igd-	0.609255568047	0.313963425073	0.0253067444201	0.05147426246
ser-	0.554733727811	0.363905325444	0.0458579881657	0.0355029585799
uyu-	0.535031847134	0.363057324841	0.0636942675159	0.0382165605096
hay-	0.093347639485	0.888412017167	0.0128755364807	0.00536480686694
mis-	0.133433922278	0.263422577227	0.305466932344	0.297676568151
naw-	0.643767060965	0.134212920837	0.152411282985	0.0696087352138
ran-	0.0493113840406	0.0252631596743	0.00629162927324	0.919133827012
din-	0.0269199260098	0.0157792494457	0.00259343771958	0.954707386825
rin-	0.0649485372785	0.0202203302557	0.00432190265007	0.910509229816
tum-	0.383586284429	0.555255761664	0.0362001124227	0.024957841484
agr-	0.0015368852459	0.986680327869	0.00256147540983	0.00922131147542
heh-	0.424403183024	0.306366047745	0.107427055703	0.161803713528
ibi-	0.0	1.0	0.0	0.0
sus-	0.0294324991188	0.336799436024	0.608036658442	0.0257314064152
deg-	0.0793271885762	0.0556639624139	0.0369759313132	0.828032917697
kua-	0.914885555884	0.0575852899772	0.0165174924834	0.0110116616556
tat-	0.0240198931273	0.0789376223481	0.0104756362097	0.886566848315
bit-	0.0141556174208	0.925824564715	0.0524701552399	0.00754966262445
uri-	0.0184660565699	0.862268432684	0.107028967236	0.0122365435102
leg-	0.0906171958616	0.867552622191	0.0263110952551	0.0155190866928
rig-	0.037037037037	0.925925925926	0.037037037037	0.0
lap-	0.0880088138896	0.781779315268	0.0730833425282	0.0571285283143
sei-	0.0768490876125	0.0532045376924	0.00409723385512	0.86584914084
kew-	0.173539340499	0.0416643491358	0.00972665506682	0.775069655299
eal-	0.366834170854	0.301507537689	0.241206030151	0.0904522613066
sis-	0.0276744603241	0.959265681995	0.00839562279496	0.00466423488608
gil-	0.372549019608	0.56862745098	0.0	0.0588235294118
pri-	0.0873641593863	0.874493927126	0.00767099936075	0.0304709141274
ama-	0.247602703102	0.104014421975	0.237501718721	0.410881156202
sur-	0.0	1.0	0.0	0.0
egg-	0.657008597474	0.186504598042	0.0383868003894	0.118100004095
pla-	0.284554845057	0.610181997049	0.0373831775701	0.0678799803246
lam-	0.0587716720541	0.927123126653	0.0088157508081	0.00528945048487
hip-	0.502135369484	0.434321211337	0.0094473922609	0.0540960269186
nar-	0.756358103466	0.158952963382	0.0309154771781	0.0537734559736
sal-	0.0729486241161	0.830262748538	0.0636291471979	0.0331594801482
asu-	0.0234222511386	0.968119713728	0.0039037085231	0.00455432661028
nih-	0.0816326530612	0.857142857143	0.030612244898	0.030612244898
isk-	0.0	0.98956780924	0.0	0.0104321907601
gab-	0.0571620712844	0.915938130464	0.018829858776	0.00806993947545
sek-	0.620705621815	0.348210528579	0.0233128872044	0.00777096240146
400-	0.249329758713	0.388739946381	0.0643431635389	0.297587131367
den-	0.5119388543	0.109272526463	0.0694926353445	0.309295983892
ind-	0.690196000333	0.200562399614	0.0489144276098	0.0603271724429
min-	0.0987346888419	0.144424103684	0.0907790531237	0.666062154351
rue-	0.299537892791	0.134288354898	0.0417744916821	0.524399260628
nee-	0.48089102492	0.276029814841	0.153839855351	0.089239304887
lul-	0.038951403487	0.711759614196	0.171386175343	0.0779028069741
das-	0.0628498027342	0.914579319204	0.0121112028626	0.0104596751996
tab-	0.243644498678	0.550538946512	0.0256253813301	0.18019117348
gal-	0.0409913128502	0.921552404949	0.0311383550825	0.0063179271182
see-	0.147417142986	0.0642044182868	0.00664423604699	0.78173420268
ida-	0.0539262062441	0.416272469252	0.481551561022	0.0482497634816
kar-	0.0941217982755	0.647919340828	0.190304097437	0.0676547634598
sel-	0.168442921632	0.621698881404	0.0193828354092	0.190475361555
kay-	0.17734739245	0.189363527195	0.00536923406386	0.627919846291
ibe-	0.838300221521	0.106687129781	0.0367607886162	0.0182518600822
kus-	0.0	1.0	0.0	0.0
lil-	0.218529817118	0.630580547254	0.117069544884	0.0338200907444
ist-	0.0449661758854	0.83446080382	0.0405889375249	0.0799840827696
ubu-	0.162790697674	0.325581395349	0.488372093023	0.0232558139535
ete-	0.0241153422901	0.761913873371	0.0387081744794	0.17526260986
tak-	0.130314337404	0.843396653098	0.0161126187246	0.0101763907734
luk-	0.0261236646327	0.857234803789	0.0700417095225	0.0465998220562
mei-	0.0663730741911	0.726344170046	0.197547362146	0.00973539361703
el--	0.494623655914	0.41935483871	0.0	0.0860215053763
kak-	0.116402532542	0.76113885721	0.101458964175	0.0209996460734
ihu-	0.0591133004926	0.743842364532	0.0	0.197044334975
ani-	0.0	1.0	0.0	0.0
gee-	0.0300920237022	0.888151607001	0.0512274378089	0.0305289314874
buh-	0.0304797852639	0.969520214736	0.0	0.0
sil-	0.019199431128	0.959467867619	0.00711090041776	0.0142218008355
430-	0.508771929825	0.0350877192982	0.0	0.456140350877
upi-	0.123534458107	0.755790677724	0.0580497569345	0.0626251072347
lal-	0.076123942499	0.737033417514	0.0219644118472	0.16487822814
bua-	0.06	0.94	0.0	0.0
ngi-	0.0620590633204	0.873086420056	0.0279545330272	0.0368999835959
ipe-	0.503800630814	0.337887801222	0.0500643420057	0.108247225958
leu-	0.768292682927	0.231707317073	0.0	0.0
ule-	0.0452483299264	0.929042391706	0.0236525360979	0.00205674226938
gus-	0.0612244897959	0.938775510204	0.0	0.0
asn-	0.0170357751278	0.982964224872	0.0	0.0
tik-	0.0339157245632	0.953751284687	0.0	0.0123329907502
nuw-	0.0	0.692706949113	0.129745954819	0.177547096068
gel-	0.119318181818	0.744318181818	0.0170454545455	0.119318181818
sau-	0.0398030365203	0.885104636849	0.00184653262208	0.073245794009
sag-	0.395894428153	0.451612903226	0.117302052786	0.0351906158358
beh-	0.349636841292	0.589244320816	0.0144490805131	0.0466697573791
kit-	0.802120141343	0.197879858657	0.0	0.0
ela-	0.0183767228178	0.535987748851	0.0	0.445635528331
luy-	0.0135317997294	0.864682002706	0.0811907983762	0.0405953991881
nag-	0.219047619048	0.652380952381	0.0999999999999	0.0285714285714
sew-	0.19387755102	0.214285714286	0.5	0.0918367346939
itu-	0.537304075235	0.354545454545	0.0855799373041	0.0225705329154
had-	0.021	0.879	0.088	0.012
kad-	0.266092127124	0.100852093313	0.0166532261982	0.616402553365
gul-	0.196923076923	0.686153846154	0.113846153846	0.00307692307693
tir-	0.0165061898212	0.979367262724	0.0041265474553	0.0
man-	0.0550531297675	0.747048769548	0.0242265495302	0.173671551155
men-	0.228637826242	0.449588845191	0.189309974973	0.132463353593
ald-	0.0147187867349	0.940158551692	0.00686946954269	0.0382531920306
tud-	0.2	0.75	0.0	0.05
eg--	0.617566878705	0.223253756264	0.0622157324704	0.0969636325605
bus-	0.0273189326556	0.734253040479	0.19790343075	0.0405245961155
lub-	0.0687426556991	0.931257344301	0.0	0.0
daa-	0.212121212121	0.575757575758	0.151515151515	0.0606060606061
tap-	0.24135410109	0.147279816421	0.346952866397	0.264413216092
lup-	0.0348530845671	0.841999349962	0.0418237014806	0.0813238639899
ame-	0.0343639867628	0.953703575706	0.001504992121	0.0104274454098
new-	0.456034296442	0.231000990313	0.148179211169	0.164785502076
ses-	0.367724867725	0.378306878307	0.150793650794	0.103174603175
ulu-	0.077182324117	0.842442517904	0.045896986763	0.0344781712157
hut-	0.258426966292	0.539325842697	0.123595505618	0.0786516853932
pam-	0.342512145477	0.54042599709	0.0388426102751	0.0782192471579
mag-	0.00444351142367	0.97261584036	0.0113362023722	0.011604445844
ika-	0.224603226581	0.254639503351	0.310527386398	0.21022988367
hek-	0.771208226221	0.0462724935732	0.146529562982	0.0359897172236
ket-	0.278959677647	0.709881935248	0.0	0.0111583871059
tim-	0.0780047483101	0.763235096289	0.012993822834	0.145766332567
adr-	0.216216216216	0.756756756757	0.027027027027	0.0
meg-	0.493421052632	0.361842105263	0.118421052632	0.0263157894737
igh-	0.445589919817	0.257731958763	0.207331042383	0.0893470790378
ram-	0.0	1.0	0.0	0.0
asy-	0.00731885825812	0.99121737009	0.00146377165162	0.0
pit-	0.161135300758	0.0633446218351	0.000967585873248	0.774552491534
mam-	0.14197888876	0.682171441828	0.100916367011	0.0749333024011
ara-	0.131195335277	0.825072886297	0.0	0.0437317784256
las-	0.064467766117	0.856371814093	0.016191904048	0.0629685157421
bes-	0.527075395451	0.0567792063136	0.0198319715832	0.396313426652
sip-	0.0522388059701	0.941364605544	0.0	0.00639658848613
pad-	0.171256647931	0.0709670336554	0.0996374371788	0.658138881235
huk-	0.24379928448	0.680035683581	0.015660100025	0.0605049319146
igk-	0.285999912774	0.309995141712	0.304410853423	0.0995940920907
gah-	0.325925925926	0.17037037037	0.303703703704	0.2
inn-	0.677244149875	0.193879034456	0.0372493560407	0.0916274596286
dum-	0.0348634137206	0.224780532628	0.100178580466	0.640177473185
bar-	0.10265667421	0.873190808227	0.0091525329712	0.0149999845917
egd-	0.547126490379	0.250618801017	0.0657073966442	0.13654731196
ing-	0.459905312956	0.350884523653	0.0503772337563	0.138832929635
rup-	0.0	1.0	0.0	0.0
lih-	0.0328397050623	0.0545263027449	0.164714872875	0.747919119318
ten-	0.11421263475	0.163830107803	0.0112841394671	0.71067311798
his-	0.0242957560207	0.708970477189	0.00283773579485	0.263896030996
suw-	0.292452830189	0.377358490566	0.103773584906	0.22641509434
amb-	0.0967676878793	0.749738738243	0.12679903929	0.0266945345874
seh-	0.175	0.8	0.025	0.0
awa-	0.549019607843	0.303921568627	0.0294117647059	0.117647058824
dei-	0.0819054121028	0.070854393878	0.727034882735	0.120205311285
ima-	0.0662650602409	0.897590361446	0.0361445783133	0.0
nay-	0.0	1.0	0.0	0.0
300-	0.0	0.354098360656	0.314754098361	0.331147540984
mik-	0.0480769230769	0.951923076923	0.0	0.0
tis-	0.0079936051159	0.987210231815	0.00479616306954	0.0
meu-	0.0561502470285	0.135433101891	0.689069283996	0.119347367085
bul-	0.108440859779	0.759023371273	0.105136415093	0.0273993538548
ihi-	0.00504095778197	0.918084436043	0.0712035286705	0.00567107750472
gis-	0.394001164822	0.336924868958	0.26907396622	0.0
ila-	0.461163812133	0.415815777856	0.0322196311934	0.0908007788179
tan-	0.0839002350641	0.69075656329	0.0195663225394	0.205776879107
hey-	0.22635889799	0.381236038719	0.00893521965748	0.383469843634
hub-	0.222222222222	0.497076023392	0.263157894737	0.0175438596491
dep-	0.0272727272727	0.763636363636	0.0545454545455	0.154545454545
aha-	0.0304546607215	0.939647776009	0.00464247876852	0.0252550845008
bil-	0.0951859956236	0.799781181619	0.105032822757	0.0
suh-	0.0974196249532	0.864348515899	0.0188404839029	0.0193913752451
aga-	0.0	1.0	0.0	0.0
ipi-	0.0205607476636	0.920560747664	0.0570093457944	0.0018691588785
egm-	0.342184204108	0.302742958495	0.165636482996	0.189436354401
inu-	0.263052874385	0.562663500179	0.13936772085	0.0349159045865
lah-	0.0396029366146	0.950470478751	0.00558370385689	0.00434288077758
bue-	0.278911564626	0.360544217687	0.319727891156	0.0408163265306
buw-	0.356274624864	0.0858412272613	0.0466091038645	0.51127504401
bel-	0.0355870516998	0.933436503107	0.0038934010497	0.0270830441439
pis-	0.0176470588235	0.977647058824	0.00235294117647	0.00235294117647
wal-	0.16943834327	0.364485530159	0.0374116000096	0.428664526562
iay-	0.424242424242	0.181818181818	0.151515151515	0.242424242424
pru-	0.0403608943589	0.926778579875	0.00891132902129	0.0239491967447
dut-	0.303318854653	0.0484880542106	0.00988646911354	0.638306622023
mek-	0.0417717705327	0.525439459204	0.305100062612	0.127688707651
nak-	0.755474242118	0.128634038705	0.0488216333883	0.0670700857891
tip-	0.13125	0.83125	0.0375000000001	0.0
aya-	0.166364508905	0.555294870428	0.19899754719	0.0793430734777
rum-	0.0605493133583	0.593632958802	0.295880149813	0.0499375780275
sar-	0.0453115166771	0.838263058527	0.0862177470107	0.0302076777848
mar-	0.0603875750139	0.515958332428	0.27311225487	0.150541837688
uma-	0.615384615385	0.090909090909	0.0	0.293706293706
kah-	0.42187710515	0.393768460965	0.0993988869803	0.0849555469047
dam-	0.014245014245	0.985754985755	0.0	0.0
put-	0.130165289256	0.857438016529	0.0	0.0123966942149
nap-	0.409953735349	0.299410776946	0.230939291257	0.0596961964478
art-	0.0126050420168	0.987394957983	0.0	0.0
igw-	0.769452449568	0.122791630122	0.0451071294324	0.0626487908783
dus-	0.256038647343	0.579710144928	0.0869565217391	0.0772946859903
bal-	0.060411877725	0.881811499083	0.0224855313704	0.0352910918221
han-	0.330338367425	0.521315236092	0.0619384438922	0.0864079525904
pei-	0.587085913545	0.27655864847	0.0227259063308	0.113629531654
sad-	0.0144927536232	0.978260869565	0.00724637681158	0.0
pub-	0.04	0.94	0.0	0.02
gub-	0.0482725982016	0.938665404638	0.00681495504023	0.00624704212021
ike-	0.196056338028	0.657746478873	0.114929577465	0.0312676056338
lut-	0.0186046511628	0.920930232558	0.060465116279	0.0
dad-	0.0165289256198	0.305785123967	0.107438016529	0.570247933884
amp-	0.0731792103666	0.783165384778	0.0725529018095	0.0711025030454
kaa-	0.0948809230031	0.682136735207	0.192196392666	0.0307859491246
hag-	0.194805194805	0.779220779221	0.025974025974	0.0
nab-	0.450522871096	0.232365011116	0.232146861507	0.0849652562809
eli-	0.28927680798	0.351620947631	0.31421446384	0.0448877805486
bir-	0.0218436461402	0.963485248243	0.00782458966217	0.0068465159544
tug-	0.021582733813	0.0	0.129496402878	0.848920863309
sib-	0.0	0.959595959596	0.040404040404	0.0
gim-	0.0468247000292	0.746561311092	0.17617793386	0.030436055019
tuu-	0.368534482759	0.431034482759	0.109913793103	0.0905172413793
sit-	0.0760563380281	0.921126760563	0.0	0.00281690140845
law-	0.0465107026339	0.88923064681	0.0286770601882	0.0355815903679
lus-	0.0620689655172	0.834482758621	0.0413793103448	0.0620689655172
us--	0.578491965389	0.154511742892	0.148331273177	0.118665018541
kuk-	0.129075118559	0.257818068286	0.613106813155	0.0
rip-	0.0287026406429	0.971297359357	0.0	0.0
ipr-	0.0	1.0	0.0	0.0
pew-	0.120805369128	0.181208053691	0.697986577181	0.0
bew-	0.203777508231	0.772933633686	0.0194073817363	0.00388147634726
bla-	0.508474576271	0.440677966102	0.0	0.0508474576271
pah-	0.344902292471	0.484299447678	0.109090501453	0.0617077583975
huw-	0.0188065171432	0.926300956323	0.0157122824851	0.0391802440484
ily-	0.00252578404546	0.996211323932	0.0	0.00126289202273
mak-	0.0686953658005	0.651347827164	0.260866623647	0.0190901833888
pep-	0.485981308411	0.245739417262	0.103353490929	0.164925783397
get-	0.0844055584148	0.784354091611	0.0849202264539	0.0463201235204
sam-	0.15544346364	0.741824295923	0.0754939050022	0.027238335435
buy-	0.191274818947	0.307321806022	0.475414948543	0.0259884264874
hup-	0.0148698884758	0.981412639405	0.00371747211896	0.0
nik-	0.120715516209	0.0852030021579	0.0196229851304	0.774458496503
lit-	0.17094017094	0.729344729345	0.0826210826211	0.017094017094
teb-	0.0	1.0	0.0	0.0
isl-	0.0	1.0	0.0	0.0
klu-	0.043795620438	0.912408759124	0.0	0.043795620438
kiy-	0.0	1.0	0.0	0.0
pli-	0.0	1.0	0.0	0.0
bag-	0.403752039152	0.542006525286	0.021207177814	0.0330342577488
duh-	0.0296777440853	0.861184745407	0.109137510507	0.0
pie-	0.311475409836	0.688524590164	0.0	0.0
lib-	0.101307637228	0.560591853709	0.0167297015605	0.321370807503
tig-	0.306567006026	0.535480280686	0.077108672534	0.0808440407537
may-	0.0979417216438	0.674580731312	0.189564622536	0.0379129245073
uta-	0.681950271834	0.29927262431	0.0102420566484	0.00853504720696
luu-	0.422976501306	0.201044386423	0.195822454308	0.180156657963
apu-	0.0748103510108	0.833731282343	0.0481023045361	0.0433560621105
kas-	0.203940872796	0.647128758982	0.0568114281531	0.092118940069
des-	0.7	0.131578947368	0.110526315789	0.0578947368421
sum-	0.329613199093	0.33373386981	0.0240625322402	0.312590398857
le--	0.681818181818	0.269480519481	0.0	0.0487012987013
dar-	0.04658924427	0.045115233558	0.0334294867483	0.874866035424
gam-	0.47868852459	0.44262295082	0.0373770491803	0.0413114754099
ime-	0.127118644068	0.822033898305	0.0508474576271	0.0
gri-	0.0274302213667	0.467757459095	0.503368623677	0.00144369586141
ebu-	0.0731707317073	0.878048780488	0.0341463414634	0.0146341463415
gad-	0.0	0.97783933518	0.0	0.0221606648199
nud-	0.317768344451	0.129927228623	0.0175864160097	0.534718010916
lik-	0.112630798385	0.177721018374	0.617862733789	0.0917854494521
isu-	0.763428428585	0.156516576571	0.0101240508702	0.069930943974
rub-	0.0	1.0	0.0	0.0
hun-	0.0410006877079	0.649721310604	0.117399484679	0.191878517009
pag-	0.206896551724	0.758620689655	0.0	0.0344827586207
kul-	0.252956231954	0.4686142559	0.214691647974	0.0637378641724
kek-	0.251445086705	0.537572254335	0.21098265896	0.0
hee-	0.101941747573	0.165048543689	0.72427184466	0.00873786407767
key-	0.0302560700255	0.149458319251	0.0148989462543	0.80538666447
imb-	0.737610461995	0.143851470052	0.0340663676272	0.0844717003261
kal-	0.104000306419	0.770310613286	0.0798509214522	0.0458381588422
aba-	0.371794871795	0.576923076923	0.0	0.0512820512821
kil-	0.0242857142858	0.877142857143	0.0128571428571	0.0857142857143
pau-	0.0416666666667	0.916666666667	0.0416666666667	0.0
unt-	0.192825112108	0.536621823617	0.0896860986547	0.18086696562
sim-	0.0244037899626	0.949321897849	0.00709058424938	0.0191837279385
buk-	0.181136011845	0.775052156942	0.0254391278013	0.0183727034121
alu-	0.0496638217399	0.736643240096	0.166799210067	0.0468937280971
lak-	0.0482758620689	0.931034482759	0.0206896551724	0.0
kel-	0.0327153762268	0.944383860414	0.0130861504907	0.00981461286804
nek-	0.270473650092	0.180111648787	0.0390064588244	0.510408242296
taa-	0.118811881188	0.841584158416	0.039603960396	0.0
let-	0.1579595186	0.8420404814	0.0	0.0
leb-	0.113009760378	0.64295467011	0.135939276977	0.108096292536
144-	0.0460829493088	0.0783410138249	0.0	0.875576036866
gut-	0.0827067669173	0.864661654135	0.0451127819549	0.00751879699248
nat-	0.267302902733	0.177985399914	0.034278017326	0.520433680027
nir-	0.0	1.0	0.0	0.0
bey-	0.105281210824	0.63090508224	0.0561825486993	0.207631158237
nas-	0.44319386794	0.309352533459	0.0559579737618	0.191495624839
pil-	0.0379880437194	0.741444914226	0.134368189575	0.0861988524791
tin-	0.335620922672	0.628272463876	0.0176268506613	0.0184797627901
hin-	0.21992246123	0.672648824412	0.0515257628814	0.0559029514758
tri-	0.0213730907574	0.752471806634	0.0940937288224	0.132061373786
him-	0.36681666249	0.483743643002	0.0421273193762	0.107312375132
pee-	0.238793932555	0.283807525994	0.0619467016032	0.415451839847
bur-	0.0157894736842	0.9	0.0842105263158	0.0
ile-	0.380300957592	0.541723666211	0.0533515731874	0.0246238030096
nid-	0.111111111111	0.759259259259	0.0	0.12962962963
bek-	0.463519313305	0.459227467811	0.0257510729614	0.0515021459228
idu-	0.0	1.0	0.0	0.0
liy-	0.0511805457373	0.79245016259	0.141099957585	0.0152693340874
uub-	0.251256281407	0.502512562814	0.165829145729	0.0804020100503
asa-	0.0219382176053	0.945154455987	0.0149671951886	0.0179401312193
eah-	0.292307692308	0.453846153846	0.207692307692	0.0461538461539
igs-	0.449130930195	0.345145613291	0.130456316465	0.0752671400485
yab-	0.0	1.0	0.0	0.0
bah-	0.0224719101123	0.640449438202	0.269662921348	0.0674157303371
puw-	0.333333333333	0.592592592593	0.037037037037	0.037037037037
sep-	0.14060216311	0.813797135341	0.0152002338497	0.0304004676995
iwa-	0.560008142708	0.343356305837	0.0495129150564	0.0471226363986
egs-	0.538081227318	0.307229802259	0.0482090679889	0.106479902434
pik-	0.043956043956	0.876678876679	0.042735042735	0.0366300366301
abu-	0.112849640982	0.485907191083	0.0	0.401243167935
dib-	0.116515837104	0.241327300151	0.341251885369	0.300904977376
rib-	0.0778947368421	0.874736842105	0.0473684210526	0.0
iri-	0.201492537313	0.798507462687	0.0	0.0
gid-	0.0186335403727	0.981366459627	0.0	0.0
luw-	0.426434753382	0.516847323754	0.00378119485758	0.0529367280061
urb-	0.0	1.0	0.0	0.0
naa-	0.259856134921	0.0903900062616	0.0557597951892	0.593994063628
lip-	0.197399342002	0.541751527495	0.091649694501	0.169199436002
pal-	0.300111974371	0.608071085423	0.0414755767636	0.0503413634428
hus-	0.0409462055716	0.949687800192	0.00540345821326	0.00396253602306
260-	0.103852596315	0.331658291457	0.0301507537689	0.534338358459
uug-	0.780363404527	0.122091169908	0.0	0.0975454255659
ean-	0.0	1.0	0.0	0.0
sul-	0.046071061877	0.913579321095	0.0244048216001	0.0159447954278
dag-	0.119764878766	0.457016899339	0.1675238795	0.255694342395
sub-	0.0958470321871	0.0830571549017	0.409932077166	0.411163735745
med-	0.532110091743	0.247706422018	0.0	0.220183486239
ume-	0.388059701493	0.439232409382	0.0959488272921	0.0767590618337
saa-	0.134428300695	0.810739102969	0.0159191408718	0.0389134554643
ibu-	0.187707904324	0.69665769048	0.103754158086	0.0118802471091
ney-	0.292246015647	0.0779287832755	0.0203932035111	0.609431997566
gep-	0.46875	0.46875	0.0	0.0625
lar-	0.0214669051878	0.960644007156	0.0143112701252	0.00357781753131
pak-	0.416362473437	0.38334776242	0.131757329736	0.0685324344068
ute-	0.17507082153	0.372804532578	0.438526912181	0.013597733711
tup-	0.0	1.0	0.0	0.0
gib-	0.197080291971	0.802919708029	0.0	0.0
un--	0.0204081632653	0.857142857143	0.0612244897959	0.0612244897959
lin-	0.0508729327991	0.912856550298	0.0300527140054	0.00621780289767
tru-	0.0357362908195	0.958454361412	0.00528122524426	0.000528122524426
isr-	0.00927601809955	0.977714932127	0.00576923076923	0.00723981900453
api-	0.072313224131	0.918098282062	0.00958849380742	0.0
piy-	0.386657101865	0.613342898135	0.0	0.0
pul-	0.0878242376694	0.53258239142	0.0334101039363	0.346183266974
pir-	0.0406059598238	0.0351708075509	0.00463138983188	0.919591842793
due-	0.227250672208	0.114605433798	0.0174510255652	0.640692868429
iti-	0.0	0.913043478261	0.0869565217391	0.0
hir-	0.0114852980357	0.966816882984	0.0140611564342	0.00763666254614
