-eme	0.364378513857	0.336775908809	0.132873846708	0.165971730626
-nku	0.0543241284353	0.895389830404	0.00248381882697	0.0478022223336
-ago	0.00787029749725	0.986935306155	0.00283330709901	0.00236108924918
-ema	0.00666666666665	0.973333333333	0.0	0.02
-ion	0.00678733031674	0.993212669683	0.0	0.0
-emo	0.0201168694319	0.959766261136	0.00862151547083	0.0114953539611
-emi	0.823040661743	0.0980118347326	0.0168475007521	0.0621000027723
-260	0.0	0.0825082508251	0.0	0.917491749175
-nke	0.261321634599	0.643338284569	0.0604511382086	0.0348889426233
-jae	0.465802853159	0.24924166041	0.0482033680146	0.236752118417
-nka	0.106033485405	0.447092333531	0.0463128942274	0.400561286837
-jaa	0.717703349282	0.0478468899522	0.0	0.234449760766
-ivi	0.136724348494	0.538339767428	0.00451641992022	0.320419464158
-nko	0.0743792010474	0.788918633367	0.0380808545668	0.0986213110185
-666	0.0	0.0420462508759	0.0	0.957953749124
-jai	0.339363651158	0.441919650591	0.117736609744	0.100980088507
-gae	0.358021262366	0.359775096938	0.155902334913	0.126301305783
-ava	0.041708590733	0.923552987336	0.0047217272528	0.0300166946785
-ese	0.0576865893547	0.721677074041	0.00713648528101	0.213499851323
-ika	0.181241622282	0.0962525454426	0.0217508412928	0.700754990983
-gaa	0.297296462379	0.466591162076	0.0927470789196	0.143365296625
-ana	0.373437319385	0.254775760676	0.0729565487808	0.298830371158
-eee	0.357177427161	0.251282547672	0.0261349336947	0.365405091472
-kra	0.295081967213	0.688524590164	0.0	0.016393442623
-gai	0.367325473593	0.37123235188	0.127638445538	0.133803728989
-rku	0.405705229794	0.40412044374	0.0	0.190174326466
-144	0.0	0.0683111954459	0.0	0.931688804554
-ire	0.160684106512	0.295142227419	0.116017320156	0.428156345913
-apa	0.0134151505172	0.722146424083	0.000604891556385	0.263833533844
-nti	0.326048465348	0.0589464963894	0.00585776741101	0.609147270851
-ini	0.0967179460097	0.141760950641	0.0897485643586	0.67177253899
-tyo	0.293389831038	0.163786688533	0.0707271961642	0.472096284264
-uae	0.1	0.881578947368	0.00789473684211	0.0105263157895
-aki	0.0800613300505	0.638322359782	0.0142492357127	0.267367074454
-nto	0.0406765445904	0.844422700587	0.0511601901034	0.063740564719
-ino	0.215911290647	0.764146636327	0.0153400561738	0.00460201685215
-nta	0.145496926934	0.105950657893	0.0674242421276	0.681128173045
-ina	0.215229499188	0.570107426758	0.0579922924068	0.156670781648
-000	0.0953978427155	0.154944853633	0.0144993967056	0.735157906945
-nte	0.270189466813	0.153110542348	0.0820450277129	0.494654963126
-ine	0.231772110397	0.414744631861	0.0676795282333	0.285803729508
-sea	0.0	1.0	0.0	0.0
-ira	0.281367480465	0.356585677661	0.0811467414761	0.280900100397
-eta	0.258838999912	0.553180148867	0.119431568927	0.0685492822934
-tai	0.565210407594	0.184288908148	0.0503015050475	0.200199179211
-ete	0.20631909783	0.524242562481	0.16877168997	0.100666649719
-eti	0.0687795557115	0.117145285562	0.0274638006494	0.786611358077
-eto	0.0324956672444	0.954506065858	0.0129982668977	0.0
-iae	0.424124513619	0.233463035019	0.249027237354	0.0933852140078
-rea	0.0150137626157	0.957461005922	0.0	0.0275252314622
-iaa	0.167832167832	0.48951048951	0.342657342657	0.0
-kie	0.394213381555	0.258589511754	0.0	0.347197106691
-cho	0.137335152342	0.862664847658	0.0	0.0
-cha	0.0873155230985	0.0345090578535	0.0103520561154	0.867823362933
-ian	0.0	0.974193548387	0.0258064516129	0.0
-iai	0.245452832953	0.319400548381	0.38972727463	0.0454193440358
-iku	0.115104217474	0.647764375888	0.0213948465003	0.215736560138
-ooo	0.236363636364	0.481818181818	0.0363636363636	0.245454545455
-ogi	0.282561516872	0.178309183474	0.0868905423928	0.452238757261
-neo	0.0	0.980132450331	0.0	0.0198675496689
-iyo	0.0223546944858	0.940387481371	0.0372578241431	0.0
-ate	0.350602552929	0.369927910384	0.100374306603	0.179095230083
-kua	0.707438016529	0.0495867768595	0.0	0.242975206612
-ata	0.273025695521	0.210361684675	0.13644050737	0.380172112434
-oga	0.118751616401	0.146587748472	0.00739574495117	0.727264890175
-ato	0.022296857361	0.877723870285	0.0305925998791	0.0693866724751
-nee	0.0297552905769	0.145153896366	0.816719568283	0.00837124477419
-oge	0.386532137399	0.106683522832	0.0143048032069	0.492479536562
-aon	0.0873015873015	0.896825396825	0.0	0.015873015873
-kui	0.313432835821	0.529850746269	0.0559701492537	0.100746268657
-ati	0.23173809572	0.266415969317	0.0585639299407	0.443282005023
-ose	0.0195723802991	0.970402741987	0.000954750258491	0.00907012745566
-kai	0.303176100902	0.341450001792	0.0927620814543	0.262611815852
-naa	0.500529882699	0.242938582568	0.0553071977181	0.201224337015
-osa	0.0	1.0	0.0	0.0
-age	0.1408955616	0.382308372233	0.120524021909	0.356272044257
-oku	0.0510374229238	0.623281133081	0.0202050096387	0.305476434357
-eki	0.0670655250242	0.710611031214	0.127129704029	0.0951937397321
-eko	0.121387283237	0.878612716763	0.0	0.0
-kae	0.487610577722	0.305728813073	0.10256936169	0.104091247516
-pei	0.0	0.963636363636	0.0363636363636	0.0
-ima	0.0172364263143	0.960356219477	0.00517092789428	0.0172364263143
-ito	0.033330880038	0.808759220411	0.00362110592557	0.154288793625
-oko	0.00987253847645	0.973714366306	0.0108597923241	0.005553302893
-nia	0.0370243839945	0.70308631274	0.0361089342745	0.223780368991
-oki	0.158502096888	0.753088426262	0.021149005923	0.0672604709277
-aka	0.301105868509	0.204457262271	0.0699683131283	0.424468556091
-eku	0.123574624978	0.664593878666	0.044305974497	0.167525521859
-iti	0.232000833118	0.377925781702	0.170610690484	0.219462694695
-imi	0.312477075176	0.220138018101	0.0754066757087	0.391978231014
-nik	0.181034482759	0.818965517241	0.0	0.0
-esa	0.134582058184	0.623078057594	0.0462741049371	0.196065779285
-ite	0.134100530229	0.594622746495	0.0954204238722	0.175856299404
-oka	0.110100711993	0.120872837275	0.0147563360018	0.75427011473
-nio	0.0821917808219	0.917808219178	0.0	0.0
-imo	0.0014242309153	0.995727307254	0.0	0.00284846183061
-ita	0.23010957156	0.240505558866	0.0314761524452	0.49790871713
-300	0.0	0.312101910828	0.229299363057	0.458598726115
-ase	0.120494551551	0.805113160101	0.0492455993294	0.0251466890193
-ipe	0.023945267959	0.961231470924	0.00684150513115	0.00798175598632
-uku	0.829383886256	0.156398104265	0.0	0.0142180094787
-asa	0.0281958109081	0.770954029687	0.096585650132	0.104264509273
-aso	0.594356261023	0.246913580247	0.137566137566	0.021164021164
-aje	0.151832460733	0.722513089005	0.0628272251308	0.0628272251309
-ria	0.0456332369004	0.880530080598	0.0353704024143	0.0384662800874
-nie	0.44188034188	0.186324786325	0.284615384615	0.0871794871795
-153	0.0427960057061	0.0713266761769	0.359486447932	0.526390870185
-tea	0.0	0.874364343404	0.125635656596	0.0
-nki	0.197815389906	0.101209201403	0.0327996187035	0.668175789987
-shi	0.062091461346	0.439753414511	0.0126465503297	0.485508573813
-mpi	0.411454374253	0.27628602071	0.0763028226837	0.235956782354
-opo	0.00771704180066	0.947266881029	0.0450160771704	0.0
-sha	0.0454776254498	0.926871536746	0.00132459103252	0.0263262467713
-ivo	0.028	0.972	0.0	0.0
-ake	0.394725113606	0.198600739357	0.0693030210809	0.337371125955
-kia	0.032849712565	0.789488091979	0.0199835751437	0.157678620312
-eja	0.0	0.924910607866	0.0750893921335	0.0
-100	0.0	0.009065087327	0.0814044841964	0.909530428477
-uta	0.660294017327	0.0744337949382	0.0569530663756	0.208319121359
-eje	0.246224556796	0.0703873933027	0.00393959290873	0.679448456993
-ute	0.406536649084	0.369696429459	0.0902843370355	0.133482584421
-evo	0.00474308300394	0.995256916996	0.0	0.0
-rio	0.105313304227	0.0577949148026	0.0237871539739	0.813104626997
-430	0.0650406504065	0.0	0.0	0.934959349594
-via	0.185567010309	0.752577319588	0.0618556701031	0.0
-rra	0.283687943262	0.588652482269	0.0851063829787	0.0425531914893
-sai	0.0	1.0	0.0	0.0
-ran	0.0253543961993	0.931516300213	0.0101283434553	0.0330009601325
-rao	0.178217821782	0.762376237624	0.0	0.0594059405941
-uti	0.458101683323	0.215059456836	0.139356785139	0.187482074702
-rom	0.308295964126	0.414798206278	0.254484304933	0.0224215246637
-era	0.322805395041	0.184649561641	0.0461365279209	0.446408515396
-vei	0.351495202745	0.163316758877	0.0850199593809	0.400168078997
-ene	0.135784358333	0.37910753713	0.26197632837	0.223131776167
-ere	0.0753933416995	0.738355234356	0.0337417302656	0.152509693679
-teo	0.00593201003878	0.963267168606	0.00752908966461	0.0232717316906
-jio	0.093069167313	0.906930832687	0.0	0.0
-iga	0.359126777385	0.337952941672	0.16623987009	0.136680410852
-koa	0.00939597315435	0.947651006711	0.0013422818792	0.041610738255
-ara	0.268669283187	0.170554307004	0.0490362339634	0.511740175845
-ige	0.325087181866	0.229696294927	0.105468613241	0.339747909967
-eri	0.417981367056	0.290371947153	0.0577105684634	0.233936117327
-tui	0.493545183714	0.278053624628	0.168818272095	0.0595829195631
-igi	0.361837819469	0.253619290537	0.0967405175295	0.287802372465
-aro	0.198619509583	0.207620355291	0.0607187824833	0.533041352642
-igo	0.179285505761	0.690973094445	0.00427718900423	0.125464210791
-ign	0.355750273822	0.521577217963	0.0766703176342	0.0460021905805
-ami	0.0385139294635	0.853135735625	0.00704336534567	0.101306969566
-gao	0.0	1.0	0.0	0.0
-soo	0.311036789298	0.628762541806	0.0	0.0602006688963
-vaa	0.635838150289	0.364161849711	0.0	0.0
-eso	0.02424489086	0.648283678364	0.00299803588783	0.324473394888
-oro	0.136678281796	0.255435128933	0.0195054629985	0.588381126273
-vae	0.725941422594	0.232217573222	0.0	0.0418410041841
-ama	0.301618634031	0.505329648638	0.116462692459	0.0765890248716
-meo	0.0	1.0	0.0	0.0
-men	0.00592425417872	0.0845381667724	0.000987375696452	0.908550203352
-mei	0.0	1.0	0.0	0.0
-320	0.344299499485	0.550038264296	0.105662236218	0.0
-ore	0.176217265214	0.774634220798	0.0460958112558	0.00305270273217
-ike	0.553413686943	0.256011429261	0.016902428718	0.173672455078
-iro	0.0770367695662	0.115301608427	0.0236713991004	0.783990222906
-uso	0.0	1.0	0.0	0.0
-iri	0.288804113623	0.158673483042	0.0337576328297	0.518764770505
-500	0.0132669983416	0.0132669983416	0.0563847429519	0.917081260365
-hio	0.0606585788562	0.890814558059	0.0485268630849	0.0
-iko	0.0409850406788	0.829105065174	0.0389292275391	0.0909806666083
-hia	0.043991416309	0.949570815451	0.0	0.00643776824036
-ayo	0.0998691978647	0.843567716619	0.0120196556722	0.0445434298442
-ero	0.346724270499	0.389318904657	0.063151861464	0.20080496338
-jeo	0.0	1.0	0.0	0.0
-iki	0.139228162323	0.460944665978	0.0691071825125	0.330719989186
-omi	0.0563063213159	0.755450030722	0.00347541088487	0.184768237077
-omo	0.0	1.0	0.0	0.0
-vuo	0.667458432304	0.332541567696	0.0	0.0
-oma	0.0258397932817	0.584840654608	0.111972437554	0.277347114556
-aaa	0.097576329871	0.709789109223	0.00377714825309	0.188857412653
-noe	0.0	1.0	0.0	0.0
-ome	0.352465506569	0.362503049256	0.0232808072548	0.261750636921
-ahi	0.284384694933	0.703205791107	0.0	0.0124095139607
-kaa	0.258413461538	0.388822115385	0.244591346154	0.108173076923
-epa	0.0461924552323	0.953807544768	0.0	0.0
-gea	0.0124223602485	0.853002070393	0.0538302277433	0.0807453416149
-gon	0.0	1.0	0.0	0.0
-ikn	0.512195121951	0.341463414634	0.146341463415	0.0
-eaa	0.247813411079	0.463556851312	0.262390670554	0.0262390670554
-eae	0.304606958763	0.406974871134	0.0984213917526	0.189996778351
-ova	0.145845856251	0.785059273889	0.013097653902	0.0559972159577
-raa	0.0649794591354	0.883545403189	0.0175798288325	0.0338953088431
-oso	0.0	1.0	0.0	0.0
-jee	0.345323741007	0.505995203837	0.0551558752998	0.0935251798561
-ota	0.272027043401	0.339386709408	0.0656609149836	0.322925332208
-ote	0.245967227518	0.503770504767	0.0519804946624	0.198281773053
-oan	0.039717845995	0.899673114262	0.00938874824883	0.0512202914936
-ton	0.525340477785	0.445188658183	0.0160750167448	0.0133958472873
-oti	0.124678720794	0.216796969453	0.0427214027923	0.615802906961
-mpe	0.357142857143	0.592633928571	0.0	0.0502232142857
-ure	0.0178132405725	0.911722274859	0.0408756977395	0.0295887868288
-rai	0.0	0.995061728395	0.00493827160496	0.0
-pio	0.0	1.0	0.0	0.0
-kya	0.205557351947	0.160063792447	0.043244237852	0.591134617754
-mon	0.0149797773006	0.973036400859	0.00299595546013	0.00898786638039
-ogn	0.475300765585	0.243346700693	0.0428363106088	0.238516223113
-umo	0.017478273535	0.972617371462	0.0	0.00990435500316
-400	0.0733695652173	0.0217391304348	0.0	0.904891304348
-sao	0.0	0.947368421053	0.00877192982456	0.0438596491228
-ako	0.366891738595	0.292553791097	0.0574832373258	0.283071232982
-pai	0.384705652259	0.361040485038	0.0234695873264	0.230784275376
ALL	0.217879694078	0.270514345831	0.0499082426467	0.461697717445
-nai	0.364180417464	0.24644721765	0.0904120394884	0.298960325398
-nan	0.0	1.0	0.0	0.0
-nao	0.348468848997	0.472016895459	0.0844772967265	0.0950369588173
-pan	0.0759994779658	0.858137207987	0.00313220515944	0.0627311088877
-1/2	0.0	0.849679645145	0.0320354854608	0.118284869394
-paa	0.425149700599	0.290188853063	0.0248733302626	0.259788116076
-kii	0.113010166495	0.860836894062	0.0143656991307	0.0117872403124
-api	0.273237893828	0.33750164907	0.0461739578878	0.343086499215
-kio	0.0	1.0	0.0	0.0
-pae	0.207752495728	0.772461552298	0.0197859519741	0.0
-'ee	0.59718969555	0.236533957845	0.0140515222482	0.152224824356
-/10	0.110070257611	0.882903981265	0.0	0.00702576112411
-roe	0.0769449985751	0.803362781419	0.0256483328583	0.0940438871473
-joo	0.177977080219	0.341504733433	0.0570004982561	0.423517688092
-sio	0.0	1.0	0.0	0.0
-roa	0.413043478261	0.586956521739	0.0	0.0
-apu	0.0315322329492	0.8653178805	0.015171063754	0.0879788227966
-ime	0.17706053525	0.482129379164	0.0291673175598	0.311642768026
-ron	0.0201749737353	0.961407227661	0.0184177986035	0.0
-roo	0.0727272727273	0.836363636364	0.0181818181818	0.0727272727273
-roi	0.0	0.981132075472	0.0188679245283	0.0
-ise	0.0113636363636	0.943181818182	0.0454545454545	0.0
-seo	0.0353258987325	0.914802244233	0.0290919166032	0.0207799404309
-iii	0.565596759115	0.0560922405734	0.00934870676223	0.368962293549
-ipo	0.0275067129478	0.969054947934	0.0	0.00343833911847
-goo	0.0588235294117	0.924369747899	0.0	0.0168067226891
-uri	0.0164223418074	0.980098348488	0.00301540174429	0.00046390796066
-keo	0.0484210526316	0.913684210526	0.0126315789474	0.0252631578947
-ipa	0.0295748613679	0.951940850277	0.0	0.0184842883549
-ari	0.22050068457	0.14461143962	0.0389633506779	0.595924525131
-1/3	0.0	0.182344827586	0.817655172414	0.0
-oke	0.624910522548	0.139584824624	0.0107372942018	0.224767358626
-agi	0.289962412691	0.220033739789	0.392336036463	0.0976678110571
-tsi	0.0785911567154	0.345854941969	0.0150732184375	0.560480682878
-aku	0.0516005966914	0.754739159549	0.0682948292236	0.125365414536
-agn	0.748908296943	0.251091703057	0.0	0.0
-1/4	0.0097208721011	0.591029023747	0.399250104152	0.0
-120	0.0615384615385	0.169230769231	0.0	0.769230769231
-aga	0.218464066639	0.380796851927	0.194232964969	0.206506116465
-tsa	0.319251748263	0.54198833788	0.0128995769114	0.125860336945
-nae	0.488975244661	0.255648199837	0.109176415868	0.146200139634
-pia	0.134812558256	0.829040398299	0.00136403937527	0.0347830040694
-okn	0.470422535211	0.27323943662	0.0338028169014	0.222535211268
-mai	0.440101282536	0.251225857449	0.119054754242	0.189618105773
-nii	0.0	0.96996996997	0.03003003003	0.0
-sei	0.143293337199	0.832427553283	0.00869699445427	0.0155821150639
-nea	0.0350877192982	0.280701754386	0.614035087719	0.0701754385965
-ona	0.213430318113	0.358894493714	0.105316254623	0.32235893355
-ego	0.0910576763255	0.241010582304	0.667931741371	0.0
-nin	0.244491397525	0.625113190462	0.0787805614247	0.0516148505886
-uro	0.0225563909774	0.977443609023	0.0	0.0
-egi	0.0727064945933	0.378853296012	0.0271481605388	0.521292048856
-oni	0.197871404482	0.30847283658	0.0461888120433	0.447466946895
-450	0.102564102564	0.0512820512821	0.0	0.846153846154
-eon	0.0486656200942	0.845368916797	0.00470957613815	0.10125588697
-ori	0.0785954165025	0.110151904448	0.0183484713095	0.79290420774
-ane	0.136783396232	0.565422869742	0.0800919232088	0.217701810817
-pii	0.00946372239748	0.640378548896	0.0	0.350157728707
-ani	0.279730468539	0.279213448927	0.0675963482935	0.373459734241
-ank	0.292097365789	0.383461153718	0.1027009003	0.221740580193
-are	0.0401522779264	0.879826719162	0.0255197646965	0.0545012382153
-ano	0.201493659146	0.322338421869	0.0515221915786	0.424645727406
-ovo	0.0118238634149	0.964528409755	0.0	0.0236477268298
-tan	0.0	1.0	0.0	0.0
-vee	0.259946725127	0.249074137507	0.117772932979	0.373206204387
-ren	0.00413907284768	0.978330736268	0.00219127386054	0.0153389170238
-reo	0.0264615601736	0.967893306989	0.00564513283704	0.0
-son	0.0207564575646	0.979243542435	0.0	0.0
-ovi	0.217391304348	0.418455329297	0.0660429279031	0.298110438452
-ven	0.0	1.0	0.0	0.0
-tae	0.532927300782	0.271625089666	0.0580403569201	0.137407252631
-276	0.0	0.375	0.0	0.625
-nei	0.45219286298	0.347861618088	0.0179787523836	0.181966766549
-taa	0.40116341983	0.259008542463	0.0915710032371	0.24825703447
-isa	0.121330522852	0.763251246723	0.0845714873271	0.030846743098
-ree	0.123966942149	0.731404958678	0.0	0.144628099174
-soe	0.271073152618	0.617526921649	0.0	0.111399925733
-one	0.478661780008	0.35124671592	0.0770589352841	0.0930325687879
-eva	0.0910994764398	0.883769633508	0.0	0.0251308900523
-eka	0.314055556428	0.41833770394	0.0234285445095	0.244178195123
-vai	0.233580228022	0.166903881484	0.42411313973	0.175402750764
-iño	0.352760342624	0.142633526474	0.0247884259093	0.479817704992
-mpa	0.293116993981	0.307733912468	0.129531881858	0.269617211693
-evi	0.276465750127	0.553474887506	0.11551753937	0.054541822997
-mia	0.0873015873016	0.865079365079	0.0	0.0476190476191
-avi	0.11889502134	0.626609698714	0.0544029446917	0.200092335254
-poa	0.0265207324774	0.95628990388	0.0171893636427	0.0
-ora	0.388136020926	0.331947888847	0.0825887323379	0.197327357889
-tse	0.0422950933525	0.841028787055	0.116676119593	0.0
-ega	0.267183646026	0.633368965374	0.0487567187801	0.0506906698194
-avo	0.0	1.0	0.0	0.0
-mii	0.372484952708	0.531040412726	0.0123817712812	0.0840928632846
-ame	0.371360490887	0.205450268718	0.0446318329855	0.37855740741
-ena	0.412961423222	0.297756533369	0.0624966732381	0.226785370171
-ave	0.0582734521114	0.896348065755	0.00836696525248	0.0370115168816
-min	0.0	1.0	0.0	0.0
-sun	0.0	1.0	0.0	0.0
-eve	0.264150943396	0.735849056604	0.0	0.0
-eni	0.0854964614282	0.152878519047	0.0594858557256	0.7021391638
-eyo	0.0216086434574	0.824729891957	0.153661464586	0.0
-man	0.0914634146341	0.22256097561	0.685975609756	0.0
-200	0.0531129521778	0.230005741941	0.0723484537774	0.644532852104
-ain	0.0	0.983836206897	0.0	0.0161637931034
-mae	0.288432372811	0.56679994485	0.0537708534399	0.0909968288984
-ogo	0.0	1.0	0.0	0.0
-mpo	0.0756255938963	0.0208986126382	0.000430539347224	0.903045254118
