-caa	0.25006817562	0.745841287156	0.00409053722389	0.0
-unɨ	0.312536603338	0.437434113992	0.0894005251714	0.160628757499
-ɨmb	0.356103997132	0.292001921918	0.0242527780108	0.327641302939
-pöt	0.953846153846	0.0	0.0461538461538	0.0
-mos	0.0	1.0	0.0	0.0
-cam	0.0878105529406	0.838092165536	0.0062721823529	0.0678250991707
-aja	0.0441176470589	0.955882352941	0.0	0.0
-cas	0.11388286334	0.77874186551	0.0	0.10737527115
-iva	0.205438066465	0.776435045317	0.0	0.0181268882175
-pu'	0.0	1.0	0.0	0.0
-ɨmp	0.822377622378	0.0993006993007	0.0	0.0783216783217
-ive	0.0829642044774	0.917035795523	0.0	0.0
-rbe	0.0446428571428	0.955357142857	0.0	0.0
-eví	0.0042331028644	0.989417242839	0.0	0.0063496542966
-aan	0.20207643163	0.568694009435	0.0663107951034	0.162918763832
-caz	0.0	1.0	0.0	0.0
-cay	0.564796905222	0.215304642166	0.0618955512572	0.158002901354
-ajc	0.0785203461067	0.398252383608	0.0648735042472	0.458353766038
-ɨmy	0.41718936269	0.136054877581	0.0260008743271	0.420754885402
-ivo	0.021676300578	0.978323699422	0.0	0.0
-oyg	0.532467532468	0.38961038961	0.0	0.077922077922
-ɨbɨ	0.205414730815	0.195870274832	0.107918133639	0.490796860714
-oyb	0.462882078351	0.315643799848	0.118675284418	0.102798837382
-dío	0.117054669108	0.592205074549	0.14046560293	0.150274653414
-lao	0.280155642023	0.673151750973	0.0	0.0466926070039
-ɨc'	0.605555555555	0.286111111111	0.108333333333	0.0
-ɨna	0.168294347955	0.226902589374	0.0532719886517	0.551531074019
-üty	0.556541019956	0.350332594235	0.0665188470066	0.0266075388026
-zip	0.274424238956	0.423214154444	0.0502279263985	0.252133680202
-plo	0.0463678516229	0.652241112828	0.0	0.301391035549
-ang	0.06368769705	0.786131174928	0.0228703463082	0.127310781714
-'jɨ	0.571592210767	0.190148911798	0.0171821305842	0.22107674685
-jɨñ	0.425855513308	0.399239543726	0.106463878327	0.0684410646388
-gɨ'	0.206051504539	0.55393338596	0.137025578637	0.102989530864
-aum	0.00594530321047	0.989298454221	0.0	0.00475624256837
-aul	0.367074527252	0.59955506118	0.0333704115684	0.0
-ajy	0.422376522161	0.376950380481	0.0990423746825	0.101630722676
-inɨ	0.494103683608	0.184856513077	0.0671929973295	0.253846805985
-cxy	0.2202624575	0.0332760741239	0.00507407996563	0.74138738841
-uac	0.0628128417937	0.89568133565	0.00825934504279	0.033246477514
-edy	0.0266057048315	0.883387150383	0.043462647213	0.0465444975722
-ca'	0.18178463574	0.0391998798775	0.0132329989427	0.76578248544
-ɨjt	0.0248368468003	0.879722052679	0.0428095215738	0.0526315789474
-nto	0.0161741381745	0.885090278286	0.0821307736601	0.0166048098793
-cxp	0.469080052759	0.317355844375	0.113686325086	0.0998777777799
-ɨjx	0.369565449841	0.476246230833	0.0718547507538	0.0823335685721
-a'ñ	0.362342135003	0.330455598409	0.111133248759	0.196069017829
-uaj	0.346068185712	0.572126092171	0.0389755011135	0.0428302210039
-uam	0.465635285955	0.345845706999	0.073497987435	0.115021019611
-puy	0.0	0.955555555556	0.0444444444444	0.0
-tzc	0.127659574468	0.872340425532	0.0	0.0
-uan	0.0603628230617	0.842429723982	0.0103362383837	0.0868712145731
-les	0.0309336696553	0.949801474426	0.01170113732	0.00756371859912
-ɨjc	0.0900381885662	0.708184657574	0.077234197278	0.124542956582
-ntz	0.0787075393538	0.35526097763	0.516321458161	0.049710024855
-uay	0.0329617044041	0.9180362964	0.0159201427711	0.033081856425
-nan	0.147029253042	0.0654529452197	0.0245293070878	0.76298849465
-tzp	0.464794772186	0.298597263374	0.146735904412	0.089872060028
-puj	0.537851662404	0.395652173913	0.00511508951405	0.0613810741688
-duu	0.143942537081	0.379021885697	0.0256456799087	0.451389897313
-gɨx	0.287437231208	0.204487026896	0.0544649009445	0.453610840951
-gɨy	0.600688293976	0.218028357657	0.0703168298541	0.110966518512
-ɨch	0.316323624392	0.168586979114	0.0417916245548	0.47329777194
-'ix	0.63731180771	0.175294108016	0.0197709354968	0.167623148777
-rna	0.0488081725312	0.933030646992	0.0136208853575	0.00454029511918
-más	0.00192802056555	0.998071979434	0.0	0.0
-'it	0.0829096439498	0.0676784422747	0.0125325241519	0.836879389624
-gɨp	0.5045833271	0.289113373118	0.0908996265867	0.115403673195
-aré	0.0	1.0	0.0	0.0
-dɨɨ	0.305697170533	0.473330359419	0.159922253378	0.0610502166709
-dea	0.0113164843455	0.951263674085	0.00316861561675	0.0342512259525
-ɨ̈c	0.125856164384	0.874143835616	0.0	0.0
-xɨ̈	0.385780372288	0.108106619672	0.369534089658	0.136578918383
-zor	0.0	1.0	0.0	0.0
-ɨcx	0.562173277685	0.294429336196	0.0107201529594	0.132677233159
-ɨcy	0.376779139288	0.277579660002	0.0737880384652	0.271853162244
-smo	0.551181102362	0.330708661417	0.11811023622	0.0
-ope	0.00597609561755	0.990039840637	0.00398406374502	0.0
-yɨ̈	0.525896414342	0.223107569721	0.119521912351	0.131474103586
-ɨcp	0.322097378277	0.460674157303	0.0898876404494	0.12734082397
-'ty	0.714347543822	0.147551035129	0.0672653826733	0.0708360383755
-'tz	0.0351870923447	0.745108135942	0.194816340542	0.0248884311706
-dec	0.00629954328311	0.99244054806	0.00125990865662	0.0
-das	0.0840755204675	0.844843087124	0.00702385300481	0.0640575394039
-̈cɨ	0.744475051929	0.0570814723686	0.0230893352233	0.175354140479
-imy	0.395126394899	0.321566841266	0.072876337964	0.210430425871
-oes	0.122448979592	0.778425655977	0.0641399416909	0.0349854227406
-dem	0.346889952153	0.539872408293	0.113237639553	0.0
-deo	0.00493962678376	0.995060373216	0.0	0.0
-'ti	0.0753035192869	0.107115414169	0.462578761334	0.35500230521
-imb	0.674759058192	0.188361595706	0.0461144321093	0.0907649139929
-ɨtz	0.163750200674	0.793225236796	0.0391716166319	0.00385294589822
-ɨty	0.277298934251	0.286900243698	0.15341370649	0.282387115561
-dey	0.349481189127	0.585587879559	0.0649309313132	0.0
-ooy	0.499764664838	0.0729676206019	0.0891766922682	0.338091022292
-ïgɨ	0.146155791003	0.0544964616164	0.237203788696	0.562143958685
-imo	0.0310287450402	0.66942866959	0.148541864554	0.151000720815
-ido	0.04	0.86	0.04	0.06
-äcx	0.621852861036	0.232643051771	0.0261580381472	0.119346049046
-ech	0.160701027077	0.569442126841	0.108416397102	0.161440448981
-jɨm	0.100832778634	0.0360747312566	0.0076117917573	0.855480698352
-obo	0.0191614066727	0.922082313539	0.00499162694835	0.0537646528404
-bip	0.219858156028	0.624113475177	0.0	0.156028368794
-idi	0.520325203252	0.310104529617	0.109175377468	0.0603948896631
-rpa	0.0554134697357	0.927536231884	0.0170502983802	0.0
-eca	0.0857142857143	0.696428571429	0.196428571429	0.0214285714286
-llo	0.149899972763	0.814597402109	0.035502625128	0.0
-axɨ	0.780554263308	0.0978268093307	0.017943776168	0.103675151193
-kɨn	0.327559797337	0.183221397431	0.340756451043	0.148462354189
-asɨ	0.216511241235	0.685426154847	0.0915564230463	0.00650618087182
-jɨy	0.592088805504	0.352095059412	0.0262664165103	0.0295497185741
-jɨx	0.757575757576	0.181818181818	0.0	0.0606060606061
-ecy	0.305176492061	0.468633921291	0.051595984882	0.174593601766
-oby	0.40157480315	0.442519685039	0.0283464566929	0.127559055118
-güg	0.138479491937	0.549188849117	0.0970150468419	0.215316612104
-mbɨ	0.151032878606	0.409259957856	0.0733165434379	0.3663906201
-jɨp	0.447650823222	0.391774857209	0.102726738001	0.0578475815685
-ecp	0.527426160338	0.409282700422	0.0126582278481	0.0506329113924
-lda	0.0395397171389	0.923962082425	0.0364982004359	0.0
-zɨ'	0.262002774682	0.585844572312	0.104391730537	0.0477609224681
-bɨc	0.18708313698	0.289504095548	0.292949478793	0.230463288679
-dam	0.376322139019	0.348142206784	0.170212791391	0.105322862807
-a'y	0.134561811537	0.402842027245	0.122677435019	0.339918726199
-ejc	0.365503921339	0.272591595458	0.0794510125249	0.282453470678
-ria	0.0249404153899	0.954063102939	0.0130518669845	0.0079446146862
-alí	0.0	0.981132075472	0.0188679245283	0.0
-rio	0.0190284307141	0.873069173942	0.096709200806	0.0111931945378
-xpy	0.525292711885	0.276851826769	0.0975811998396	0.100274261506
-a'p	0.126498054174	0.0847111434341	0.0499183758733	0.738872426519
-äxy	0.565345906393	0.365496911622	0.0309239431642	0.0382332388212
-a't	0.248012889366	0.590870032223	0.047798066595	0.113319011815
-uañ	0.36230669293	0.329659276644	0.189220904405	0.118813126022
-tea	0.0640243902439	0.926829268293	0.0	0.00914634146341
-utp	0.290001442793	0.658058000289	0.0432837974318	0.00865675948636
-ejt	0.225947815452	0.61786605156	0.0646584970665	0.0915276359211
-a'n	0.198373388042	0.393845252052	0.133645955451	0.274135404455
-a'm	0.20918729374	0.538416284572	0.178704035793	0.0736923858941
-utz	0.158860404668	0.667855868712	0.115692370419	0.0575913562
-ejy	0.0864442265618	0.850938298774	0.0211936068093	0.0414238678547
-uty	0.615553602812	0.231107205624	0.0428383128296	0.110500878735
-tel	0.0	0.965635738832	0.0137457044674	0.020618556701
-tem	0.914285714286	0.0734693877551	0.0	0.0122448979592
-ten	0.428838951311	0.543071161049	0.0280898876404	0.0
-teo	0.0230233495137	0.907695554575	0.00431687803381	0.0649642178776
-lux	0.0654761904761	0.934523809524	0.0	0.0
-jim	0.148151222144	0.311989044279	0.539859733577	0.0
-ara	0.0980392156863	0.796158282317	0.0363765415669	0.0694259604294
-nza	0.77094972067	0.111731843575	0.0446927374302	0.072625698324
-jii	0.115606936416	0.378612716763	0.0	0.505780346821
-zɨp	0.547613214748	0.253429431988	0.122509216358	0.0764481369051
-e'm	0.436162361624	0.444280442804	0.0708487084872	0.0487084870848
-aro	0.00816882232811	0.9091218516	0.00204220558203	0.0806671204901
-gɨñ	0.497907949791	0.351464435146	0.0502092050209	0.100418410042
-rón	0.0037759597231	0.955947136564	0.040276903713	0.0
-jeñ	0.451361867704	0.346303501945	0.0856031128405	0.11673151751
-bro	0.0221314619204	0.931843390105	0.0371103670609	0.00891478091407
-zɨm	0.338159034692	0.422997855202	0.0846561873269	0.154186922779
-mec	0.0	1.0	0.0	0.0
-zɨn	0.0269447606917	0.892920108482	0.0112351979712	0.0688999328553
-meo	0.332695984704	0.667304015296	0.0	0.0
-mei	0.0	1.0	0.0	0.0
-per	0.0430460382437	0.018886334324	0.0139090450289	0.924158582403
-e'y	0.845360824742	0.0927835051546	0.0	0.0618556701031
-e'x	0.416436845008	0.510479867623	0.0124103695532	0.0606729178158
-ayg	0.648831043625	0.242709086527	0.0433839479393	0.0650759219089
-aya	0.0153846153846	0.97094017094	0.0034188034188	0.0102564102564
-'nɨ	0.12407818549	0.0892639987505	0.0235125456026	0.763145270157
-éty	0.25	0.375	0.0394736842105	0.335526315789
-rro	0.0260846215812	0.831217154475	0.0272354137098	0.115462810234
-ayo	0.016713091922	0.983286908078	0.0	0.0
-ero	0.0686869930586	0.899453619196	0.0144059840241	0.0174534037215
-dɨ̈	0.93023255814	0.0	0.0	0.0697674418605
-xɨɨ	0.138547025217	0.593020111977	0.0375675793306	0.230865283475
-typ	0.33635479241	0.438899172735	0.0876485401413	0.137097494714
-ooc	0.366438356164	0.414251844046	0.183746048472	0.0355637513172
-rpɨ	0.0352250489237	0.964774951076	0.0	0.0
-sés	0.0693339087536	0.882609192338	0.00364291788838	0.0444139810196
-goñ	0.457758260142	0.0708908406524	0.0439146800502	0.427436219155
-yöy	0.496269356959	0.189934746082	0.0677391953761	0.246056701583
-yɨɨ	0.193443683603	0.5989349421	0.18580954246	0.0218118318369
-bás	0.0332159033719	0.954705586311	0.00905888273781	0.00301962757927
-món	0.0214181452766	0.971833671965	0.00154034606442	0.00520783669397
-juy	0.672541409234	0.234430832057	0.0468219182905	0.0462058404182
-xap	0.0156739811912	0.835945663532	0.0626959247648	0.085684430512
-uby	0.164881082074	0.669226295471	0.0578023074756	0.108090314979
-ztɨ	0.0210526315789	0.894736842105	0.0842105263158	0.0
-u'ñ	0.199927156034	0.680175613021	0.0797346117121	0.0401626192328
-exy	0.510927938054	0.337740191618	0.0354511231244	0.115880747203
-yuu	0.0807678079658	0.525463438695	0.290599695836	0.103169057503
-ñbɨ	0.0416666666667	0.895833333333	0.0	0.0625
-na'	0.401462476641	0.336497819826	0.0995206326565	0.162519070876
-dán	0.0194029850746	0.956965174129	0.00199004975124	0.0216417910448
-xac	0.193215972521	0.536281665951	0.150279089738	0.120223271791
-xad	0.0	1.0	0.0	0.0
-ctz	0.12328895556	0.475435964748	0.082973935871	0.318301143821
-pyɨ	0.262371240844	0.351414654801	0.270370000402	0.115844103953
-tio	0.0	0.960396039604	0.0	0.039603960396
-xam	0.371514920433	0.0941611832487	0.166476803563	0.367847092755
-'mb	0.11123407592	0.496215937232	0.0475923435383	0.34495764331
-tán	0.0149253731343	0.935457845906	0.0266236385639	0.0229931423961
-ote	0.0955383123181	0.870999030068	0.0203685741998	0.0130940834142
-mpɨ	0.295964125561	0.430493273543	0.192825112108	0.0807174887893
-ijc	0.144385026738	0.737967914439	0.0855614973262	0.0320855614973
-erɨ	0.0130854429945	0.936112248909	0.0461839164511	0.00461839164511
-icó	0.0	1.0	0.0	0.0
-umy	0.365600637682	0.441753902578	0.0478952800457	0.144750179694
-jëb	0.2365845175	0.0829565229361	0.104649260594	0.57580969897
-oto	0.0384615384615	0.942307692308	0.0192307692308	0.0
-ijt	0.441991385813	0.283941627291	0.125180006466	0.14888698043
-cpɨ	0.156079360078	0.312146888077	0.295557540817	0.236216211028
-ijp	0.509034703394	0.34091228926	0.0708468978976	0.0792061094485
-gog	0.00779220779221	0.981818181818	0.0103896103896	0.0
-umb	0.346429151994	0.344741666729	0.12043746508	0.188391716197
-oty	0.127988281903	0.64872565973	0.0454718520763	0.17781420629
-'my	0.347324721714	0.4244150655	0.0479415709171	0.180318641869
-ä'u	0.358422939068	0.555555555556	0.0860215053764	0.0
-ijx	0.525366656792	0.262211564988	0.084275212225	0.128146565995
-ijy	0.579528827174	0.178187388909	0.0702143747975	0.172069409119
-bas	0.00727488279355	0.902732122649	0.0610281834348	0.0289648111225
-xyɨ	0.268652660192	0.104112470517	0.0958069656326	0.531427903658
-zuc	0.020202020202	0.978114478114	0.0	0.0016835016835
ALL	0.229166658923	0.284632853385	0.0525399246974	0.433660562994
-ufo	0.0	1.0	0.0	0.0
-ybɨ	0.119595937909	0.485612626966	0.292339790255	0.10245164487
-pxɨ	0.445826988077	0.322772350778	0.0865431044089	0.144857556736
-nam	0.464942169055	0.202546377026	0.0746762088125	0.257835245107
-zuj	0.618759088706	0.28962675715	0.0698012603005	0.0218128938439
-nac	0.1265625	0.203125	0.0	0.6703125
-naa	0.365643325285	0.273657583075	0.189375646775	0.171323444866
-zul	0.0	0.30612244898	0.69387755102	0.0
-aús	0.0631578947368	0.936842105263	0.0	0.0
-nax	0.183230249568	0.323198881996	0.208766747934	0.284804120503
-nay	0.290651472528	0.350368463156	0.104605392118	0.254374672198
-sio	0.0	1.0	0.0	0.0
-zuu	0.12649267512	0.635787270713	0.142927489844	0.0947925643235
-nas	0.0156849076333	0.975949808296	0.00627396305332	0.00209132101778
-sia	0.00380952380952	0.99619047619	0.0	0.0
-ocɨ	0.155386828297	0.374302161939	0.322836896178	0.147474113587
-nat	0.188976377953	0.317585301837	0.461942257218	0.0314960629922
-jch	0.658704490949	0.222042898683	0.0401046042284	0.0791480061397
-put	0.0	0.647058823529	0.0705882352941	0.282352941177
-ipɨ	0.698152954079	0.201513687251	0.00627083491687	0.0940625237531
-gom	0.337758688012	0.650527137837	0.0	0.0117141741507
-mor	0.0	1.0	0.0	0.0
-goo	0.31578418062	0.256549504702	0.080454568311	0.347211746367
-gon	0.199038226424	0.202950525715	0.0482516912544	0.549759556606
-zaa	0.0324177482644	0.92996076064	0.0282523392695	0.00936915182614
-ɨpy	0.484750877884	0.278056452853	0.0926474911313	0.144545178132
-mu'	0.0338983050847	0.79209039548	0.00677966101694	0.167231638418
-moy	0.755944129016	0.134952610796	0.026881841232	0.0822214189558
-mox	0.36192271442	0.570216776626	0.0678605089538	0.0
-goy	0.427647784416	0.332171226728	0.115667919751	0.124513069105
-jcy	0.560184794242	0.249727858532	0.0384520935597	0.151635253667
-aán	0.0948766603415	0.905123339659	0.0	0.0
-moc	0.278267717385	0.633683392935	0.0282420966898	0.0598067929901
-cnɨ	0.388377762249	0.267992092183	0.239207267388	0.10442287818
-ägy	0.348972938349	0.247822269644	0.138868514017	0.264336277989
-jcp	0.351742656738	0.396056359744	0.0760486970751	0.176152286443
-gop	0.0796323918588	0.871000336814	0.0202569407689	0.0291103305586
-gos	0.15720836916	0.825594726283	0.00429922613929	0.0128976784179
-mol	0.0	0.881981771442	0.118018228558	0.0
-iin	0.223746912889	0.682368915623	0.0254226454066	0.0684615260815
-got	0.204667863555	0.432675044883	0.190305206463	0.172351885099
-nïg	0.344658695525	0.322422381497	0.147185208053	0.185733714925
-com	0.068716711049	0.02236868879	0.0164383852503	0.892476214911
-xañ	0.454336588168	0.364732912119	0.180930499713	0.0
-tɨu	0.313488372093	0.636279069767	0.033488372093	0.0167441860465
-̈gy	0.567548709655	0.191802344069	0.0792489695652	0.161399976711
-coj	0.395006029075	0.423471392378	0.064206262109	0.117316316438
-tɨp	0.334098615611	0.464541760208	0.102683086377	0.0986765378045
-ber	0.0	1.0	0.0	0.0
-ïdy	0.520119225037	0.327868852459	0.0357675111773	0.116244411326
-ïdz	0.288257423082	0.0534058847239	0.517264543867	0.141072148327
-ixy	0.613854393008	0.231563490807	0.0603705888842	0.0942115273001
-eos	0.0352646805849	0.934083978419	0.00281491907108	0.0278364219251
-eor	0.0	1.0	0.0	0.0
-tɨy	0.188080487458	0.10177638179	0.0453217864431	0.664821344309
-cob	0.0229947987955	0.931289351218	0.0109499041883	0.034765945798
-nte	0.00802139037433	0.897504456328	0.0935828877006	0.000891265597151
-ɨjy	0.355158193758	0.592367490581	0.0233219180716	0.0291523975895
-ñɨɨ	0.190072639225	0.719128329298	0.0145278450363	0.0762711864406
-tɨc	0.198866551042	0.431785426387	0.0410386691746	0.328309353397
-jtɨ	0.507346337222	0.257703442543	0.025825044668	0.209125175567
-bel	0.11622117829	0.614635040405	0.0	0.269143781304
-yab	0.163934426229	0.672131147541	0.0327868852459	0.131147540984
-yam	0.320095867813	0.0749704019462	0.0326016508965	0.572332079344
-tɨn	0.164355435659	0.609696949412	0.101347652646	0.124599962282
-tɨm	0.181016806427	0.201158803876	0.0849245765971	0.5328998131
-rla	0.00531914893616	0.964539007092	0.0301418439716	0.0
-cop	0.0829003818773	0.806323762828	0.0297015699401	0.081074285355
-bed	0.269841269841	0.730158730159	0.0	0.0
-cor	0.0	1.0	0.0	0.0
-iso	0.311390134529	0.502780269058	0.155695067265	0.030134529148
-yau	0.327543424318	0.181141439206	0.0	0.491315136476
-uyɨ	0.212478360881	0.707842253788	0.0298797694989	0.0497996158315
-ɨɨn	0.0928344359481	0.815095346408	0.0668736236157	0.0251965940282
-ɨɨm	0.112528417363	0.796756179223	0.0295903559696	0.0611250474445
-ɨɨb	0.447903714356	0.355705452675	0.111823628722	0.0845672042471
-rea	0.00882595369855	0.937770439893	0.00598057161066	0.0474230347982
-ɨɨg	0.0236706241962	0.0458408663076	0.135919706261	0.794568803236
-red	0.0	1.0	0.0	0.0
-ɨɨd	0.063005289036	0.0242514222157	0.0103761202745	0.902367168474
-mo'	0.714397970409	0.153678633169	0.00269414696572	0.129229249456
-eve	0.0	0.948275862069	0.0517241379311	0.0
-ɨɨy	0.635889679095	0.204386114017	0.0497695982508	0.109954608637
-rey	0.0898115876143	0.735617425965	0.0235940248063	0.150976961615
-stɨ	0.0	0.989655172414	0.0103448275862	0.0
-eva	0.160611854684	0.688336520077	0.0305927342256	0.120458891013
-res	0.00820008200081	0.900232335657	0.00683340166735	0.0847341806751
-ret	0.0326661329064	0.963490792634	0.00192153722978	0.00192153722978
-'ñɨ	0.25695654981	0.347278713926	0.105235973917	0.290528762347
-may	0.65778566866	0.0877330431019	0.117997722783	0.136483565455
-haa	0.173538073201	0.630837189735	0.183003786285	0.0126209507783
-hab	0.00822346952094	0.978070747944	0.0137057825349	0.0
-hac	0.103583494412	0.822040780915	0.00611912238613	0.0682566022864
-jut	0.054907994857	0.895010855131	0.0462871234956	0.00379402651603
-naí	0.0259740259741	0.974025974026	0.0	0.0
-öcɨ	0.592677345538	0.324942791762	0.0549199084668	0.0274599542334
-mas	0.0612496152662	0.899764029958	0.00615574022778	0.0328306145481
-mar	0.0	1.0	0.0	0.0
-ujy	0.72843215812	0.153378739316	0.0556223290599	0.0625667735043
-ham	0.161964309213	0.361964486245	0.0191356600423	0.4569355445
-'cp	0.413429155525	0.410598434687	0.086926130136	0.0890462796516
-'aa	0.13022846375	0.681182344608	0.0715788894544	0.117010302188
-eyɨ	0.0472440944882	0.866141732283	0.0629921259842	0.0236220472441
-ucɨ	0.420331840927	0.579668159073	0.0	0.0
-mam	0.460707720588	0.386029411765	0.109604779412	0.0436580882353
-mal	0.0715465052284	0.42487616951	0.203632361035	0.299944964227
-man	0.0127388535032	0.987261146497	0.0	0.0
-guy	0.131180625631	0.747539173315	0.0445519105916	0.0767282904632
-nañ	0.368329646905	0.0334782812486	0.0390395662229	0.559152505623
-täg	0.480916030534	0.290076335878	0.0	0.229007633588
-dio	0.0908173562058	0.880928355197	0.0282542885974	0.0
-hii	0.194331983806	0.246963562753	0.0485829959514	0.51012145749
-ung	0.128666821217	0.629736830233	0.0623268083723	0.179269540177
-ɨmɨ	0.458079625293	0.308508977361	0.0694769711163	0.163934426229
-yɨp	0.30687756318	0.396093745789	0.147739508972	0.149289182059
-̈yɨ	0.510241870154	0.261196620761	0.0983682444162	0.130193264668
-hoñ	0.39542651593	0.0338033144913	0.00192702980473	0.568843139774
-bet	0.0964694181999	0.667826951765	0.0104425658876	0.225261064147
-pta	0.0	1.0	0.0	0.0
-uex	0.864038211757	0.118364268655	0.0	0.0175975195877
-pto	0.0015690376569	0.992677824268	0.0	0.00575313807531
-aay	0.487110699378	0.338165922162	0.0513146384825	0.123408739977
-u'x	0.238095238095	0.730158730159	0.0	0.031746031746
-uuñ	0.451172027233	0.247925188165	0.097520392291	0.203382392311
-üch	0.457848509872	0.362422741035	0.126929910167	0.052798838926
-äty	0.51437966402	0.133318567486	0.147050805875	0.20525096262
-dɨ'	0.414245548266	0.454545454545	0.131208997188	0.0
-igo	0.133382276029	0.746256171387	0.0123643446536	0.107997207931
-gad	0.0	1.0	0.0	0.0
-tra	0.0437097709986	0.867852701071	0.0846200806814	0.00381744724879
-üxɨ	0.459854014599	0.211678832117	0.175182481752	0.153284671533
-gaa	0.0244897959184	0.767346938776	0.204081632653	0.00408163265306
-ada	0.0905203806192	0.0601177080951	0.010871564874	0.838490346412
-zëx	0.0	0.6875	0.3125	0.0
-gan	0.105263157895	0.855263157895	0.0	0.0394736842105
-gam	0.334093916018	0.512263536907	0.0435691296748	0.1100734174
-uez	0.152627907931	0.762442046527	0.0	0.0849300455421
-gaj	0.0991454668155	0.891648168409	0.0	0.00920636477573
-gai	0.0	1.0	0.0	0.0
-cɨ'	0.061303517247	0.82641632831	0.024468785854	0.0878113685888
-ɨby	0.39314903412	0.355423407686	0.0836668954262	0.167760662768
-ydɨ	0.0590969815651	0.0130716062352	0.0392481221609	0.888583290039
-gau	0.0	1.0	0.0	0.0
-sna	0.521578298397	0.230579531443	0.203452527743	0.0443896424168
-gar	0.185023570732	0.621586250184	0.0427678583352	0.150622320749
-gap	0.510860121634	0.36403127715	0.0625543006082	0.062554300608
-yaa	0.157742402316	0.450554751568	0.232513265798	0.159189580318
-mno	0.323076923077	0.676923076923	0.0	0.0
-adz	0.160966007816	0.747922805777	0.0862193106267	0.00489187578024
-zoñ	0.469633049431	0.289978508318	0.00716389397437	0.233224548277
-gay	0.412651162791	0.237860465116	0.0829767441861	0.266511627907
-ady	0.278429164636	0.102946243336	0.0351840703493	0.583440521678
-seo	0.0473186119874	0.855086750789	0.0532334384858	0.0443611987382
-ntɨ	0.447372573773	0.421650623323	0.0836357898059	0.0473410130977
-sem	0.0	1.0	0.0	0.0
-yɨy	0.285173220452	0.488470535814	0.132560989195	0.0937952545394
-nög	0.278350515464	0.59793814433	0.0618556701031	0.0618556701031
-tzɨ	0.528330381904	0.235069664874	0.0549300010023	0.18166995222
-ino	0.077987126476	0.882582377765	0.0176904386376	0.0217400571209
-ina	0.123034801234	0.743408011051	0.11555018198	0.0180070057348
-uis	0.0	1.0	0.0	0.0
-oñɨ	0.16031767398	0.547314578005	0.141337999731	0.151029748284
-uit	0.199629325253	0.640784427708	0.0596984199861	0.0998878270529
-sea	0.0384615384615	0.961538461538	0.0	0.0
-pɨn	0.111230779163	0.329185340919	0.0167240537472	0.54285982617
-cxɨ	0.5699013444	0.197959792252	0.0916726721503	0.140466191198
-uij	0.581095026916	0.185200680557	0.163417287256	0.0702870052715
-uim	0.0362225097025	0.948253557568	0.0116429495472	0.00388098318241
-aas	0.488721804511	0.315789473684	0.15037593985	0.0451127819549
-u'n	0.0944163316055	0.0734453632759	0.0104640448678	0.821674260251
-pre	0.0	1.0	0.0	0.0
-set	0.0	1.0	0.0	0.0
-ser	0.0	1.0	0.0	0.0
-opy	0.478699644305	0.408801389693	0.0479775002068	0.0645214657953
-ga'	0.875	0.125	0.0	0.0
-pɨs	0.380530973451	0.424778761062	0.0	0.194690265487
-blo	0.0641027042688	0.791177644274	0.0030065652452	0.141713086212
-oob	0.3197724015	0.258101324095	0.319562955028	0.102563319377
-dón	0.010699546543	0.965099098181	0.00331176440617	0.0208895908697
-cɨm	0.38808314555	0.347097667731	0.0698883866422	0.194930800076
-cɨn	0.188985856073	0.626122173966	0.068244568571	0.11664740139
-són	0.0142517814727	0.973277909739	0.00712589073634	0.00534441805225
-ibɨ	0.057354342795	0.0256001484557	0.00220274169891	0.91484276705
-eñɨ	0.0589427150488	0.509117701234	0.0718364339658	0.360103149751
-dɨm	0.432228077035	0.23519609564	0.0481993952645	0.284376432061
-oom	0.0	0.936625297069	0.0633747029311	0.0
-nes	0.0724024944509	0.825071345524	0.0486206532079	0.0539055068175
-rso	0.0173410404624	0.982658959538	0.0	0.0
-cɨx	0.485903341741	0.327380085742	0.0757228758136	0.110993696703
-cɨy	0.0306622127047	0.155754781001	0.0615743348585	0.752008671436
-dɨu	0.193612774451	0.499001996008	0.131736526946	0.175648702595
-ujc	0.201650791446	0.406218980984	0.0964013545778	0.295728872992
-nej	0.132345915116	0.0367849826282	0.00762693506518	0.823242167191
-ma'	0.624901081509	0.152730150356	0.0168820891585	0.205486678977
-ias	0.0384552446409	0.940271641302	0.0	0.0212731140566
-dɨp	0.380651672766	0.29861771304	0.114929082011	0.205801532183
-cɨp	0.35358500856	0.356209173078	0.196085012407	0.0941208059554
-oox	0.0381907306164	0.10777047817	0.00493028299915	0.849108508215
-nee	0.134199134199	0.806637806638	0.008658008658	0.0505050505051
-edɨ	0.0	0.288256227758	0.711743772242	0.0
-dɨy	0.731372009898	0.180873752499	0.0262690515647	0.0614851860384
-xɨn	0.234547930404	0.621391820256	0.0822176522628	0.0618425970772
-uum	0.117163158985	0.734407712732	0.0870268074237	0.0614023208596
-üdz	0.294028101222	0.595745398153	0.0873534125506	0.0228730880744
-üdy	0.616711671167	0.243774377438	0.103510351035	0.0360036003601
-uun	0.542107449903	0.262296653776	0.0659976349516	0.12959826137
-joy	0.0	0.931726907631	0.0682730923694	0.0
-̈ch	0.43973178032	0.209564027008	0.168217360032	0.182486832641
-jot	0.176691382998	0.416478808685	0.0812842617166	0.3255455466
-uud	0.168384879725	0.831615120275	0.0	0.0
-hon	0.538350217077	0.322720694645	0.0	0.138929088278
-bac	0.287081339713	0.172248803828	0.382775119617	0.157894736842
-uuc	0.524429967427	0.271986970684	0.0195439739414	0.184039087948
-uub	0.425642937011	0.355944837868	0.119642191577	0.0987700335445
-'tɨ	0.582797621925	0.275943738218	0.0346802648751	0.106578374982
-hip	0.0369111219038	0.765905779505	0.111704711025	0.0854783875667
-'at	0.352284565813	0.443354891349	0.0536856832032	0.150674859635
-uuy	0.388139907608	0.408692372961	0.0560950315829	0.147072687848
-uux	0.229460666844	0.593818723312	0.0911215644508	0.0855990453931
-̈cx	0.416666666667	0.583333333333	0.0	0.0
-hou	0.58064516129	0.364055299539	0.0	0.0552995391705
-hoz	0.0269058295964	0.949775784753	0.0233183856502	0.0
-uut	0.429530201342	0.281879194631	0.248322147651	0.0402684563758
-fón	0.0	0.815181518152	0.138613861386	0.046204620462
-hoy	0.388235294118	0.345098039216	0.0470588235294	0.219607843137
-lbɨ	0.0	0.289256198347	0.0	0.710743801653
-pɨy	0.40127388535	0.372366487016	0.226359627634	0.0
-job	0.119712689545	0.720670391061	0.159616919393	0.0
-joc	0.028711019965	0.941974787382	0.00940949393811	0.0199046987152
-näy	0.489292684759	0.321382740429	0.083284782772	0.10603979204
-jɨɨ	0.337928257827	0.459422151498	0.202649590675	0.0
-obɨ	0.450493533493	0.230017231394	0.130538090913	0.1889511442
-ecɨ	0.655348047538	0.237691001698	0.0203735144312	0.0865874363327
-que	0.0	1.0	0.0	0.0
-tpy	0.318266203345	0.495880302182	0.106670297588	0.0791831968848
-asa	0.0	0.857142857143	0.0	0.142857142857
-aso	0.0165130039906	0.880143112701	0.0813265446539	0.0220173386542
-mby	0.579411764706	0.317647058824	0.0	0.102941176471
-yes	0.142857142857	0.72380952381	0.0571428571429	0.0761904761905
-llɨ	0.162512091673	0.781233722747	0.0468784879827	0.00937569759654
-zoc	0.466872402336	0.0776738115399	0.0130877113053	0.442366074818
-dre	0.162962962963	0.718518518519	0.0	0.118518518519
-gɨɨ	0.287099149452	0.53204195342	0.118589725007	0.0622691721215
-äcɨ	0.385167464115	0.38038277512	0.105263157895	0.129186602871
-ast	0.149732620321	0.818181818182	0.0320855614973	0.0
-zoy	0.670954269449	0.232038466862	0.0323104790906	0.0646967845988
-zou	0.307580901893	0.460250988858	0.113812584967	0.118355524282
-näc	0.632258064516	0.212903225806	0.058064516129	0.0967741935483
-yɨm	0.438663773399	0.29585319886	0.0680635560583	0.197419471683
-po'	0.00668300289597	0.97911561595	0.00334150144799	0.0108598797059
-näg	0.0468500481759	0.579079585499	0.182198806741	0.191871559584
-e'ñ	0.35031168416	0.572433267622	0.0293036389792	0.0479514092387
-uza	0.0911458333334	0.807291666667	0.0	0.1015625
-uiñ	0.153269954533	0.701976635412	0.0238101246547	0.1209432854
-ba'	0.0881012034337	0.785805232678	0.040867458003	0.0852261058858
-utɨ	0.223771093177	0.657373440939	0.118855465884	0.0
-mán	0.0	0.61937716263	0.38062283737	0.0
-ras	0.15965665236	0.696137339056	0.0103004291846	0.133905579399
-eri	0.0	1.0	0.0	0.0
-ral	0.105591552676	0.859851211903	0.0244780417567	0.0100791936645
-ram	0.0	1.0	0.0	0.0
-uía	0.019959138771	0.966210906805	0.0	0.013829954424
-dzɨ	0.403768084139	0.518550447499	0.0447655919372	0.0329158764245
-äcy	0.619565217391	0.25	0.130434782609	0.0
-'ít	0.104651162791	0.209302325581	0.0348837209302	0.651162790698
-dor	0.165118788212	0.680128625526	0.00761598510652	0.147136601155
-uío	0.0	1.0	0.0	0.0
-upy	0.917159763314	0.0236686390533	0.0	0.059171597633
-xon	0.277542305566	0.133534985098	0.105047436883	0.483875272452
-rac	0.0	1.0	0.0	0.0
-nta	0.157638888889	0.571388888889	0.11125	0.159722222222
-'co	0.255102040816	0.435131195335	0.0911078717201	0.218658892128
-aén	0.0	0.906976744186	0.046511627907	0.046511627907
-'ch	0.585897435897	0.367948717949	0.0	0.0461538461539
-gyɨ	0.541927692656	0.213525549098	0.137368858027	0.107177900219
-pos	0.00442543147957	0.99557456852	0.0	0.0
-reo	0.00329851566795	0.897746014293	0.0857614073668	0.0131940626718
-gel	0.0210400497757	0.917013240768	0.0136992282586	0.0482474811977
-arɨ	0.260053619303	0.739946380697	0.0	0.0
-nnɨ	0.257417102967	0.234729493892	0.248691099476	0.259162303665
-ugy	0.207400708418	0.523042429723	0.17116964353	0.0983872183284
-poj	0.150427635823	0.774859415198	0.0368973446358	0.0378156043439
-zɨɨ	0.559251721979	0.374217282404	0.0453976205385	0.0211333750783
-ɨɨx	0.149774797318	0.554278850966	0.059693724352	0.236252627365
-'cy	0.474821781156	0.234344873219	0.185731113438	0.105102232187
-'cx	0.777227722772	0.222772277228	0.0	0.0
-dɨñ	0.342572542226	0.231485491555	0.334993503681	0.0909484625379
-gäp	0.355263157895	0.25	0.0394736842105	0.355263157895
-cɨñ	0.332855093257	0.434720229555	0.12912482066	0.103299856528
-ñañ	0.298342541436	0.425414364641	0.276243093923	0.0
-ïxy	0.065131056394	0.934868943606	0.0	0.0
-ujp	0.619318181818	0.227272727273	0.153409090909	0.0
-to'	0.0836236933798	0.672473867596	0.0766550522648	0.16724738676
-xɨy	0.517971641359	0.28708935561	0.141899815714	0.0530391873163
-päg	0.0545634920635	0.625	0.320436507936	0.0
-ujt	0.366807955657	0.531463971308	0.101728073036	0.0
-aax	0.12846036878	0.567783237418	0.0402562507763	0.263500143026
-ojy	0.546628565132	0.26518793335	0.0904223340655	0.0977611674525
-'ni	0.0645161290323	0.236559139785	0.698924731183	0.0
-ujx	0.156568590216	0.782962102425	0.0191573021157	0.0413120052427
-lam	0.0	1.0	0.0	0.0
-nor	0.0	1.0	0.0	0.0
-xɨp	0.447044527062	0.385175945896	0.0822754265295	0.0855041005118
-tyɨ	0.461058306143	0.300822811746	0.0278053624628	0.210313519648
-ayɨ	0.47222561408	0.216693707225	0.0538896515245	0.257191027171
-gïg	0.420507509063	0.448990160539	0.0	0.130502330399
-aam	0.380720732463	0.462701468611	0.0499629953336	0.106614803593
-aal	0.0	1.0	0.0	0.0
-fos	0.0	1.0	0.0	0.0
-gɨ̈	0.500591016549	0.254728132388	0.0927895981087	0.151891252955
-eón	0.0407933605289	0.940919960613	0.00984667323112	0.00844000562667
-lar	0.0645161290323	0.935483870968	0.0	0.0
-las	0.0788599459778	0.900027942501	0.00838275016301	0.0127293613586
-aad	0.248747288892	0.134370566516	0.0641870201748	0.552695124416
-aag	0.0825464183957	0.0944223447155	0.47058989036	0.352441346529
-noc	0.0	0.986619090098	0.0	0.0133809099019
-yɨn	0.302855041098	0.440502071943	0.0956384915809	0.161004395378
-ïtz	0.896265560166	0.103734439834	0.0	0.0
-aac	0.0744728577838	0.904291909675	0.0140571257664	0.00717810677434
-aab	0.313585446335	0.122416637721	0.0260507120528	0.53794720389
-dou	0.722269746222	0.144853150841	0.0387795836898	0.0940975192473
-ctɨ	0.384615384615	0.025641025641	0.0512820512821	0.538461538462
-dos	0.154467916295	0.754363780621	0.0245958544084	0.066572448676
-dro	0.0367731310175	0.869529481143	0.00281107441097	0.0908863134287
-bom	0.0722516970553	0.47070407525	0.142946505109	0.314097722586
-fán	0.0	1.0	0.0	0.0
-aín	0.0	0.97950469684	0.0102476515798	0.0102476515798
-boj	0.136850708318	0.431620050854	0.353614239012	0.0779150018162
-doy	0.650694192335	0.20062858524	0.0601293818097	0.0885478406153
-ubɨ	0.104671547901	0.895328452099	0.0	0.0
-'tp	0.287387498459	0.406669954383	0.27832573049	0.0276168166687
-myb	0.44608417599	0.327331552185	0.0903147161612	0.136269555664
-ɨɨu	0.237623762376	0.762376237624	0.0	0.0
-bor	0.27397260274	0.547945205479	0.178082191781	0.0
-lta	0.0	1.0	0.0	0.0
-ges	0.792944785276	0.0613496932516	0.0	0.145705521472
-doo	0.524812030075	0.227067669173	0.175939849624	0.0721804511278
-doc	0.0	1.0	0.0	0.0
-sas	0.0	1.0	0.0	0.0
-mpo	0.149743285582	0.453050133654	0.0305928276282	0.366613753135
-vos	0.00729040097207	0.987241798299	0.0	0.00546780072904
-iby	0.0883953624454	0.0827248853912	0.0173583691589	0.811521383005
-sau	0.0483870967742	0.951612903226	0.0	0.0
-ögy	0.43572433795	0.262438975358	0.189353634335	0.112483052357
-otɨ	0.450392376682	0.246917040359	0.240470852018	0.0622197309417
-ibu	0.0273224043716	0.956284153005	0.016393442623	0.0
-tol	0.100757742148	0.783274763892	0.0554579398199	0.0605095541402
-'mɨ	0.262275449102	0.54371257485	0.112574850299	0.0814371257485
-ijɨ	0.677725118483	0.142180094787	0.0284360189574	0.151658767772
-jup	0.217770034843	0.712543554007	0.0174216027874	0.0522648083623
-'uu	0.141509433962	0.650943396227	0.0566037735849	0.150943396226
-oli	0.0	1.0	0.0	0.0
-ibo	0.394805194805	0.58961038961	0.0	0.0155844155844
-tor	0.0233050847457	0.891949152542	0.0593220338983	0.0254237288136
-yɨ'	0.346581680359	0.0182123584736	0.00268912847325	0.632516832694
-olo	0.11214953271	0.775700934579	0.0	0.11214953271
-'uc	0.0331491712707	0.950276243094	0.0	0.0165745856353
-xɨ'	0.297547717723	0.207831532128	0.433839767685	0.0607809824635
-iba	0.096015362458	0.772923667787	0.048007681229	0.0830532885261
-sam	0.0	1.0	0.0	0.0
-toy	0.166413169902	0.82016641317	0.0134204169276	0.0
-ámy	0.244070127191	0.316947404607	0.117566173943	0.321416294259
-bo'	0.158049535604	0.779256965944	0.0208978328173	0.0417956656346
-iel	0.0713081809931	0.887851678983	0.0252819914431	0.0155581485803
-tes	0.0	1.0	0.0	0.0
-ros	0.165574335978	0.602621593653	0.0758882373232	0.155915833046
-jxɨ	0.560844496044	0.219787510122	0.0643908721061	0.154977121728
-avo	0.415584415584	0.48051948052	0.103896103896	0.0
-ocy	0.283355870515	0.430334413968	0.0802641106339	0.206045604883
-ocx	0.0451198117469	0.521787774054	0.0251862045781	0.407906209621
-des	0.0142503005923	0.941069069426	0.035922632743	0.008757997239
-seś	0.710526315789	0.257894736842	0.0	0.0315789473684
-xyp	0.456983698115	0.33808925962	0.0865472666225	0.118379775643
-rom	0.0	1.0	0.0	0.0
-ron	0.0645161290322	0.935483870968	0.0	0.0
-mɨy	0.45486851457	0.26368159204	0.0756929637527	0.205756929638
-lor	0.0225563909775	0.202172096909	0.775271512114	0.0
-och	0.34007861254	0.528653630327	0.0370339952493	0.0942337618844
-jcɨ	0.488417303036	0.264807226672	0.0752467871112	0.171528683181
-̈'ñ	0.262948207171	0.533864541833	0.0836653386454	0.119521912351
-abɨ	0.136010122177	0.10998782474	0.0445351915415	0.709466861542
-ipo	0.0	0.995024875622	0.0	0.0049751243781
-'je	0.351744186047	0.0348837209302	0.093023255814	0.520348837209
-ión	0.0702784449782	0.872119918157	0.050929632595	0.00667200427007
-ipa	0.0101351351351	0.984797297297	0.0	0.00506756756757
-aañ	0.716399560108	0.140882749076	0.0508161474873	0.0919015433281
-ida	0.0395569620253	0.957278481013	0.00316455696202	0.0
-ipe	0.0103946102021	0.982675649663	0.0	0.00692974013474
-ynɨ	0.158823529412	0.841176470588	0.0	0.0
-zɨ̈	0.153846153846	0.564102564103	0.24358974359	0.0384615384615
-ipx	0.170161001789	0.151699463327	0.00515205724508	0.672987477639
-ipy	0.138941662551	0.196147593372	0.014067014885	0.650843729192
-cäb	0.51763367463	0.430034129693	0.0386803185438	0.0136518771331
-dyɨ	0.4	0.211764705882	0.211764705882	0.176470588235
-dëb	0.226459534819	0.0851041720788	0.0281255953309	0.660310697771
-hɨ'	0.11214953271	0.838785046729	0.0	0.0490654205607
-jty	0.651591854134	0.0409749814446	0.0116780392824	0.295755125139
-'ɨy	0.123456790123	0.864197530864	0.0123456790123	0.0
-jtz	0.170331229512	0.275757130975	0.0791623856353	0.474749253877
-cu'	0.0790354017129	0.819899173523	0.0682452819581	0.0328201428063
-ätz	0.906593406593	0.0384615384615	0.0549450549451	0.0
-ñɨp	0.463413410903	0.264757510407	0.222679171473	0.049149907217
-jtp	0.346008666781	0.424855749659	0.112854157432	0.116281426129
-́cx	0.40127388535	0.0509554140127	0.267515923567	0.28025477707
-̈gɨ	0.610837438424	0.182266009852	0.103448275862	0.103448275862
-̈tz	0.348672566372	0.153982300885	0.49203539823	0.00530973451327
-uxy	0.497122642068	0.412981664185	0.0647841178409	0.0251115759059
-acɨ	0.527676093458	0.252161580509	0.0874533683962	0.132708957636
-uxp	0.175585284281	0.794314381271	0.0301003344481	0.0
-ɨ'ñ	0.127402093278	0.80864503135	0.0433106678249	0.0206422075473
-hɨn	0.19158818217	0.259321377887	0.440717326797	0.108373113147
-hɨm	0.428518655338	0.32582194311	0.201329885482	0.0443295160695
-saú	0.128504672897	0.771028037383	0.0	0.10046728972
-ato	0.0469510274982	0.873571508386	0.0398199973589	0.0396574667574
-iɨn	0.0251677852349	0.93288590604	0.0419463087248	0.0
-lla	0.0680628272251	0.732984293194	0.0314136125654	0.167539267016
-́jc	0.0194174757282	0.902912621359	0.0582524271844	0.0194174757281
-min	0.861373419576	0.0674765049244	0.0359694394988	0.035180636001
-hɨy	0.832102081934	0.0879785090664	0.0	0.0799194089994
-hɨ̈	0.142857142857	0.128571428571	0.728571428571	0.0
-tim	0.514435695538	0.10498687664	0.380577427822	0.0
-ste	0.22491349481	0.752018454441	0.0	0.0230680507497
-ëyɨ	0.103869945832	0.051064772868	0.0807949782613	0.764270303038
-ptz	0.0333951762523	0.32560296846	0.62987012987	0.0111317254174
-sta	0.0316663899348	0.935602915926	0.0161649550645	0.0165657390743
-saí	0.0	1.0	0.0	0.0
-yög	0.0810810810809	0.878378378379	0.0405405405406	0.0
-nɨm	0.360376420091	0.257301699738	0.0831500164277	0.299171863744
-ucy	0.456051403972	0.237610425802	0.103702698961	0.202635471265
-ucx	0.622598727719	0.248913522706	0.0944762864521	0.0340114631227
-rpo	0.0	1.0	0.0	0.0
-loé	0.0	0.946091644205	0.0	0.0539083557951
-hyp	0.613496932515	0.361963190184	0.0	0.0245398773006
-lón	0.0519626588685	0.779889776178	0.0253064897087	0.142841075245
-jɨn	0.319128544582	0.446466460167	0.137268373512	0.0971366217391
-cua	0.0144045224765	0.937218024678	0.0100559873892	0.0383214654563
-udz	0.235677103627	0.612132381591	0.0122734286115	0.139917086171
-uch	0.0259235996117	0.891138011763	0.00842231485183	0.0745160737738
-uco	0.0393056010482	0.876187356698	0.0583033082214	0.0262037340321
-ucc	0.552367288379	0.249641319943	0.0	0.197991391679
-uëg	0.691505216096	0.196721311475	0.0491803278688	0.0625931445603
-ɨyg	0.541547277937	0.441260744986	0.0171919770774	0.0
-äcp	0.434782608696	0.326086956522	0.152173913043	0.0869565217391
-cup	0.0236530880421	0.483574244415	0.023653088042	0.469119579501
-udy	0.652694610778	0.275449101796	0.00898203592815	0.062874251497
-car	0.0	0.83863738234	0.0	0.16136261766
-lem	0.0208913649025	0.979108635097	0.0	0.0
-ñor	0.0855106888361	0.67458432304	0.130641330166	0.109263657957
-leo	0.146153846154	0.169230769231	0.107692307692	0.576923076923
-'py	0.0577989112964	0.865905460211	0.0381833336264	0.0381122948662
-lea	0.00234833659491	0.992074363992	0.00205479452055	0.00352250489237
-täy	0.519356019624	0.278436772456	0.0780126527066	0.124194555213
-emɨ	0.226268888028	0.511429678419	0.239054629988	0.0232468035645
-leg	0.0	1.0	0.0	0.0
