-ivu	0.443787829125	0.294080021266	0.0595384723656	0.202593677244
-iva	0.319160104526	0.540534009567	0.0591409273868	0.0811649585197
-ive	0.628736396516	0.161220807116	0.0800247653392	0.130018031029
-imé	0.43648424544	0.493864013267	0.0696517412935	0.0
-ivi	0.0210643015521	0.960643015521	0.00831485587583	0.009977827051
-ivo	0.0658060814695	0.0152711922628	0.00762702217677	0.911295704091
-aua	0.054747647562	0.924721984602	0.0205303678358	0.0
-úka	0.125899280576	0.874100719424	0.0	0.0
-aue	0.435700575816	0.351887396033	0.0895713371721	0.122840690979
-aui	0.173362685746	0.810126582278	0.0165107319758	0.0
-úki	0.144329896907	0.824742268041	0.0309278350515	0.0
-uae	0.164705882353	0.658823529412	0.0	0.176470588235
ALL	0.220881880967	0.264078333277	0.0502348775414	0.464804908215
-pua	0.22745490982	0.365731462926	0.0350701402806	0.371743486974
-a'í	0.203703703704	0.462962962963	0.0740740740741	0.259259259259
-pui	0.25754527163	0.639839034205	0.0120724346076	0.0905432595573
-opu	0.0403891587659	0.0247933319795	0.0527602104524	0.882057298802
-'úa	0.382352941177	0.617647058823	0.0	0.0
-aré	0.51282051282	0.410256410256	0.0769230769231	0.0
-opo	0.225743406702	0.223101328574	0.0269839381321	0.524171326591
-'ii	0.164786145369	0.546050905274	0.0110207294673	0.27814221989
-opa	0.0511363636363	0.914772727273	0.0340909090909	0.0
-'ia	0.0748058426304	0.566062621517	0.0133690960646	0.345762439788
-imu	0.433659639925	0.252265440598	0.155161348494	0.158913570983
-oku	0.0236600396975	0.9373535791	0.00890843599948	0.0300779452025
-400	0.376744186047	0.237209302326	0.00348837209303	0.382558139535
-ima	0.209276439304	0.405308968085	0.0708876916858	0.314526900925
-júa	0.0238095238095	0.894841269841	0.0813492063492	0.0
-ime	0.416891619864	0.220316234649	0.0850338211356	0.277758324351
-imi	0.0	1.0	0.0	0.0
-júi	0.0	0.808383233533	0.191616766467	0.0
-oka	0.0752235031777	0.227858384801	0.237747244846	0.459170867175
-imo	0.590591523055	0.251979506288	0.00838379133675	0.14904517932
-úpa	0.0195386804815	0.863863304385	0.0818651924983	0.0347328226348
-úpi	0.0282560195319	0.885449991581	0.0627736150867	0.0235203738003
-úpo	0.457070707071	0.204545454545	0.030303030303	0.308080808081
-eja	0.466914635101	0.165643246202	0.0359617595138	0.331480359183
-100	0.0351016337075	0.153075582268	0.149181943257	0.662640840768
-uta	0.483809551718	0.30546927271	0.0488224146582	0.161898760914
-eje	0.379085825017	0.129556838653	0.0445940731038	0.446763263227
-ute	0.423676012461	0.303219106957	0.0861889927311	0.18691588785
-rio	0.295503211991	0.597430406852	0.0107066381156	0.0963597430407
-uti	0.160679338389	0.565745892608	0.155808570989	0.117766198015
-uto	0.0744071954211	0.190515126738	0.703188879804	0.0318887980377
-a'u	0.530696474635	0.0889079965606	0.018056749785	0.36233877902
-ejo	0.54921259329	0.166488846919	0.0695531724521	0.214745387338
-tea	0.293574147962	0.231761129109	0.263159706682	0.211505016246
-a'i	0.278468569315	0.227107493483	0.0769138306652	0.417510106537
-riu	0.261645193261	0.389494549059	0.160555004955	0.188305252726
-a'o	0.240187860684	0.452606348731	0.0261671598969	0.281038630689
-eju	0.534590520132	0.133286837093	0.0380643257598	0.294058317015
-utu	0.343042071197	0.605177993527	0.0517799352751	0.0
-tei	0.303145853194	0.549094375596	0.0428979980934	0.104861773117
-a'a	0.298240415781	0.273748474219	0.0761171978038	0.351893912197
-sia	0.0754091142009	0.892945765198	0.0188504300339	0.0127946905667
-a'e	0.252419549291	0.137464272748	0.0633237433673	0.546792434594
-are	0.433742043857	0.31688130635	0.071373884426	0.178002765367
-e'e	0.379360087205	0.350612441891	0.101633826235	0.16839364467
-úhe	0.362596333349	0.234359293476	0.0330285768992	0.370015796276
-ara	0.281996278312	0.300403582754	0.0440685699406	0.373531568994
-e'a	0.0303312149902	0.84474706489	0.0228953983164	0.102026321803
-e'o	0.142401652596	0.720462098078	0.0534399137776	0.0836963355488
-aro	0.234405642145	0.205649019643	0.0966788715545	0.463266466657
-ari	0.160145841164	0.533320426536	0.0475289695179	0.259004762782
-e'i	0.271859042267	0.282163471031	0.0382055574257	0.407771929277
-jia	0.123805810099	0.806005069214	0.0584909339052	0.011698186781
-aru	0.177510271222	0.526652318022	0.123275056617	0.17256235414
-mea	0.0515899488548	0.855014454081	0.0893929286191	0.00400266844563
-rai	0.11048108694	0.833217244427	0.0128902219765	0.0434114466564
-vua	0.351640003575	0.580212708911	0.0292698185718	0.0388774689427
-vui	0.571428571429	0.428571428571	0.0	0.0
-nui	0.0962627406569	0.467723669309	0.374858437146	0.0611551528878
-umu	0.353609151255	0.357408257838	0.0409134555171	0.24806913539
-ota	0.192567540233	0.754193198644	0.0430445089932	0.01019475213
-hwi	0.0193497457363	0.927612858218	0.013144609058	0.0398927869875
-ija	0.249591006628	0.386685925605	0.0863736717339	0.277349396032
-oti	0.0339577242503	0.87999016843	0.0414219554475	0.0446301518719
-hwa	0.0555998106651	0.691384107413	0.100682298341	0.152333783581
-iji	0.269232168786	0.492048695798	0.0788501890369	0.159868946378
-hwe	0.0173308182032	0.938752652676	0.00389059184155	0.0400259372789
-ume	0.394610630921	0.079489586599	0.0273244791386	0.498575303342
-iju	0.416947813294	0.129102184886	0.0412492787224	0.412700723097
-uma	0.390926578562	0.280617335421	0.044723751255	0.283732334762
-otu	0.257425742574	0.551626591231	0.118811881188	0.0721357850071
-umo	0.39375295788	0.130619971604	0.0482725982016	0.427354472314
-umi	0.202360876897	0.723440134907	0.0	0.0741989881955
-ako	0.199337901359	0.0999397747803	0.164748171464	0.535974152396
-kia	0.0739917786912	0.814909454505	0.0793245194979	0.0317742473059
-nai	0.0911371378225	0.841688506283	0.00589248735921	0.0612818685358
-nao	0.59793814433	0.066541705717	0.0431115276476	0.292408622306
-aki	0.194653925351	0.325665039148	0.0298893181768	0.449791717325
-ake	0.318711671903	0.301103849191	0.0574640030915	0.322720475814
-naa	0.545446337478	0.148425089584	0.0389087079345	0.267219865004
-aka	0.215217288104	0.247448230182	0.0220018157701	0.515332665944
-nae	0.454483991487	0.14703307144	0.0489140723426	0.34956886473
-sii	0.430253623188	0.298007246377	0.153985507246	0.117753623188
-aku	0.350573420283	0.176073757589	0.183719361367	0.28963346076
-sie	0.354267310789	0.561191626409	0.036231884058	0.048309178744
-nau	0.525778432468	0.206024279982	0.107651411253	0.160545876297
-u'u	0.230887868978	0.426246227635	0.0323020563384	0.310563847048
-ú'o	0.0535189232346	0.0471054340176	0.0756804036502	0.823695239098
-u'e	0.46399174426	0.225441010985	0.069212007323	0.241355237433
-u'a	0.171336422133	0.341528611781	0.053843947184	0.433291018902
-u'o	0.0664122730123	0.057285244772	0.0552210454141	0.821081436802
-u'i	0.313926771577	0.392457125448	0.158804040131	0.134812062845
-iso	0.00440050614657	0.971211146535	0.00563759622794	0.0187507510904
-evu	0.369008535785	0.325673013789	0.0315167432699	0.273801707157
-rei	0.0685434516524	0.694002447981	0.00367197062423	0.233782129743
-ijá	0.520536984269	0.0119570405054	0.000417959847614	0.467088015378
-isi	0.121649759454	0.793553191698	0.0301528755182	0.0546441733295
-ijí	0.0835390727537	0.014319286297	0.00286882338335	0.899272817566
-rea	0.124508050089	0.783899821109	0.0751341681574	0.016457960644
-túa	0.476373232889	0.325322560862	0.116323696403	0.0819805098459
-isa	0.265893558124	0.338491469639	0.0437705955837	0.351844376654
-eve	0.348480531018	0.43767914313	0.0871201327545	0.126720193097
-eva	0.403157894737	0.316842105263	0.157894736842	0.122105263158
-upa	0.260692924049	0.557991805058	0.106115388956	0.0751998819372
-túu	0.228169014084	0.583098591549	0.12676056338	0.0619718309859
-upo	0.296174327354	0.464896300448	0.0977438340808	0.141185538117
-isu	0.0449382255002	0.0789655494352	0.25438023216	0.621715992904
-evo	0.0983606557377	0.172131147541	0.147540983607	0.581967213115
-reu	0.0	1.0	0.0	0.0
-úno	0.0694444444444	0.0509259259259	0.0486111111111	0.831018518519
-haa	0.149841452408	0.719566450211	0.0359427790957	0.0946493182853
-hae	0.615919819235	0.136671445068	0.0588345634991	0.188574172198
-úni	0.0409406799746	0.01571112929	0.00644118074297	0.936907009992
-avo	0.359136637263	0.1095350369	0.0452395805812	0.486088745256
-hai	0.145979381443	0.636288659794	0.16824742268	0.0494845360825
-úne	0.368303703775	0.213666694341	0.043576293326	0.374453308558
-mau	0.495978552279	0.353887399464	0.053619302949	0.0965147453083
-ave	0.431048303404	0.120026337913	0.0509911380118	0.397934220672
-úna	0.177739558152	0.417277366196	0.0643551471524	0.3406279285
-mai	0.204590542166	0.204830041157	0.167302877794	0.423276538883
-jua	0.054310299504	0.766933632428	0.11978409071	0.0589719773576
-akú	0.72602739726	0.243531202435	0.0	0.0304414003044
-jue	0.578431372549	0.166666666667	0.0392156862745	0.21568627451
-maa	0.222621699875	0.216201479615	0.18018626465	0.380990555861
-mae	0.388924751014	0.327877167097	0.189966801918	0.0932312799705
-kii	0.22131147541	0.516393442623	0.122950819672	0.139344262295
-uno	0.249661399549	0.097065462754	0.0401805869074	0.61309255079
-uni	0.0695918049789	0.10139051509	0.0206645190625	0.808353160868
-une	0.256542872912	0.335299874295	0.034069914751	0.374087338042
-una	0.415012844036	0.215409127207	0.0519078440984	0.317670184659
-unu	0.131880733945	0.664373088685	0.0137614678899	0.18998470948
-666	0.046875	0.0	0.0	0.953125
-500	0.0505617977528	0.112359550562	0.11797752809	0.719101123596
-144	0.0	0.0521739130435	0.0	0.947826086957
-ire	0.259259259259	0.268760064412	0.370531400966	0.101449275362
-ini	0.127083960376	0.386274939798	0.0866308836635	0.400010216162
-sei	0.161611221307	0.561795988854	0.0760807542863	0.200512035553
-ino	0.174480607186	0.176920234375	0.0623540615159	0.586245096923
-ina	0.174015043626	0.334072637439	0.130275927235	0.3616363917
-see	0.22334384858	0.350788643533	0.319873817035	0.105993690852
-ine	0.201129838388	0.19906222948	0.052431286168	0.547376645964
-sea	0.132785536006	0.411551617595	0.177141218136	0.278521628264
-hie	0.560326484757	0.223121180656	0.0556215636543	0.160930770933
-ohe	0.505509536207	0.209639199236	0.0736053144868	0.211245950071
-oha	0.145422598188	0.727994161345	0.0274702416634	0.0991129988031
-uia	0.0746624305004	0.89674344718	0.00953137410643	0.0190627482129
-oho	0.0303345202256	0.95751638981	0.00297996546297	0.00916912450143
-ohi	0.106991454142	0.763138415988	0.0343180135926	0.0955521162775
-iaa	0.0	0.953584321815	0.0464156781846	0.0
-úsa	0.0324879827615	0.161611138737	0.0228741919443	0.783026686557
-iai	0.303330333033	0.664266426643	0.00540054005402	0.02700270027
-ooo	0.337730870712	0.424802110818	0.0158311345646	0.221635883905
-kue	0.440234134319	0.4426987061	0.033887861984	0.083179297597
-kua	0.177187522229	0.39020332222	0.149691122794	0.282918032757
-kui	0.472534745202	0.380542686962	0.0675049636003	0.0794176042356
-nea	0.0108885864282	0.707369239744	0.265409294186	0.0163328796422
-eka	0.257502275275	0.18730243814	0.0162373187666	0.538957967819
-hoa	0.212869283691	0.686766491299	0.0485633346822	0.0518008903278
-uné	0.195073891626	0.307389162561	0.0349753694581	0.462561576355
-eke	0.230546781503	0.0633818694945	0.0129301543915	0.693141194611
-eki	0.130884526071	0.653789318134	0.189993666878	0.025332488917
-hoi	0.321439557059	0.342048600431	0.277453091357	0.0590587511535
-eko	0.14072932717	0.333846944016	0.0421160760144	0.483307652799
-eku	0.176994992619	0.551361833917	0.0642565631422	0.207386610322
-uji	0.360436148624	0.339866050056	0.105047097507	0.194650703813
-ase	0.429788576838	0.475544335753	0.0946670874093	0.0
-asa	0.206900517611	0.534519191718	0.224014977672	0.0345653129988
-aso	0.305623471883	0.371638141809	0.117359413203	0.205378973105
-vea	0.0597855185878	0.431400558691	0.0020435315046	0.506770391217
-asi	0.0525809749961	0.889945971638	0.0142390246278	0.0432340287376
-asu	0.185493599218	0.355574826018	0.0339171144201	0.425014460344
-ihi	0.231215572196	0.366437952468	0.120536769861	0.281809705476
-430	0.136363636364	0.0	0.0	0.863636363636
-eru	0.257473582957	0.529942021515	0.0746495822586	0.137934813269
-eri	0.12583889612	0.170649398553	0.0710960404464	0.632415664881
-ero	0.0273141122914	0.972685887709	0.0	0.0
-era	0.24485126959	0.52997616939	0.132441955884	0.0927306051355
-rae	0.452338129496	0.404676258993	0.0710431654676	0.0719424460432
-ere	0.20089617638	0.584794741903	0.131036055238	0.0832730264789
-raa	0.307902285708	0.399894575647	0.127970160038	0.164232978607
-úja	0.0436643835616	0.835616438356	0.0462328767123	0.0744863013698
-úji	0.61875	0.38125	0.0	0.0
-poa	0.171704957678	0.429262394196	0.0967351874244	0.302297460701
-ike	0.146322856569	0.0398317370071	0.00721907552909	0.806626330895
-uju	0.340217010851	0.413020651033	0.0892544627231	0.157507875394
-ika	0.326736545682	0.341442428035	0.104896745932	0.22692428035
-iko	0.0	1.0	0.0	0.0
-ihu	0.529962598769	0.295138729077	0.0463344126232	0.128564259532
-iki	0.115834057445	0.365217969355	0.0897897940675	0.429158179133
-uja	0.150312559197	0.757077308413	0.0236261076382	0.0689840247522
-iku	0.0	0.481012658228	0.518987341772	0.0
-aai	0.553191489362	0.404255319149	0.0425531914894	0.0
-uje	0.213321332133	0.589558955896	0.129612961296	0.0675067506751
-aae	0.257983293526	0.244705936103	0.0863497800644	0.410960990307
-noa	0.15881408437	0.754091181861	0.0428175227468	0.0442772110223
-ahi	0.0530585663108	0.107581625021	0.014030595443	0.825329213225
-aho	0.339060754429	0.228407796437	0.0561667065882	0.376364742545
-úva	0.59842519685	0.212598425197	0.0	0.188976377953
-úvo	0.162162162162	0.72972972973	0.0	0.108108108108
-aha	0.197169250799	0.412411964848	0.0519056950309	0.338513089322
-ahe	0.442899300879	0.308353975369	0.0963040389539	0.152442684798
-úvu	0.490956072351	0.354005167959	0.0723514211886	0.0826873385012
-ahu	0.291688257494	0.494948407534	0.0703852297322	0.14297810524
-toa	0.250530575236	0.580481165426	0.0400691271353	0.128919132203
-hau	0.592636935049	0.25502379011	0.0396329820723	0.112706292768
-toi	0.266339104559	0.244213911287	0.0308564577967	0.458590526357
-saa	0.571100917431	0.360091743119	0.0275229357798	0.0412844036697
-sae	0.974789915966	0.0	0.0	0.0252100840336
-sai	0.34241898824	0.50831005022	0.122588962457	0.0266819990837
-rou	0.59354528463	0.127953639392	0.0299329414396	0.248568134538
-múo	0.682352941177	0.223529411765	0.0235294117647	0.0705882352941
-múa	0.345195729537	0.402135231317	0.106761565836	0.14590747331
-múe	0.575118966689	0.184034184714	0.0679809653297	0.172865883267
-roe	0.354712537326	0.011962190352	0.00138789586575	0.631937376456
-roa	0.280634152326	0.56171302544	0.0246757302343	0.132977092
-apo	0.187247236112	0.555905188662	0.104000218823	0.152847356404
-oki	0.041664016284	0.798888959566	0.0614888789941	0.0979581451562
-roo	0.319327731092	0.163865546218	0.0	0.516806722689
-áme	0.172413793103	0.362068965517	0.0172413793103	0.448275862069
-roi	0.288826695371	0.392378902045	0.0775026910656	0.241291711518
-húa	0.122057541412	0.790758500436	0.0348735832607	0.052310374891
-ipi	0.0269351334317	0.925231784784	0.0394739024431	0.00835917934089
-húe	0.163695299838	0.282009724473	0.4943273906	0.0599675850891
-ipo	0.249543145695	0.29063592054	0.070290235189	0.389530698575
-ipa	0.108832807571	0.834384858044	0.0567823343849	0.0
-oke	0.0819672131147	0.426229508197	0.0491803278689	0.44262295082
-húu	0.44783870475	0.290972964717	0.0733160226058	0.187872307927
-ipu	0.134154470367	0.785567309086	0.037675699174	0.0426025213737
-úmo	0.0463878718038	0.0183141248182	0.0224226066709	0.912875396707
-ahí	0.296511627907	0.389534883721	0.244186046512	0.0697674418605
-úma	0.312692138779	0.137461572244	0.0219587176109	0.527887571366
-úme	0.453720508167	0.344827586207	0.0653357531761	0.13611615245
-úmu	0.739413680782	0.0846905537459	0.0195439739414	0.156351791531
-276	0.0	0.135593220339	0.0	0.864406779661
-'ui	0.330864850569	0.505157365776	0.156043374769	0.00793440888654
-avu	0.612914675501	0.0983023813752	0.0453385637484	0.243444379376
-200	0.0184867291694	0.539064219376	0.0924336458471	0.350015405608
-mue	0.616068541869	0.32250242483	0.0444552214678	0.0169738118332
-mua	0.230412760542	0.603489274107	0.0986650306997	0.0674329346509
-mui	0.0178372352285	0.982162764771	0.0	0.0
-oia	0.13360945955	0.722092324137	0.140289932527	0.00400828378649
-oin	0.310786106033	0.44424131627	0.0	0.244972577697
-'ua	0.0988897850054	0.522174330992	0.274363388474	0.104572495529
-úri	0.342560553633	0.173010380623	0.442906574394	0.0415224913495
-eee	0.237592397043	0.408658922914	0.0	0.353748680042
-úra	0.0546592818631	0.0938542424533	0.0448240026034	0.80666247308
-uve	0.50298149152	0.217958646325	0.0848757066523	0.194184155502
-120	0.0	0.0	0.0	1.0
-uva	0.542376105774	0.0906021116712	0.074907257681	0.292114524874
-uvo	0.255065554231	0.386174016687	0.303933253874	0.0548271752086
-uvu	0.447664798055	0.285391057679	0.127473659327	0.139470484939
-chi	0.158261499346	0.637071510823	0.00643775590558	0.198229233926
-pea	0.0225140712946	0.921200750469	0.0562851782364	0.0
-cha	0.177336880965	0.600876003699	0.0470137603403	0.174773354995
-153	0.0	0.0	0.04	0.96
-chu	0.144329896907	0.567010309278	0.0309278350515	0.257731958763
-itu	0.193158953722	0.601609657948	0.132796780684	0.0724346076459
-esu	0.00355492690358	0.818824416626	0.00143510241754	0.176185554053
-esi	0.273193841295	0.454401894986	0.0442163442558	0.228187919463
-rie	0.409797263016	0.196842319966	0.172235668309	0.22112474871
-iti	0.0314065719895	0.885141139671	0.0732101932623	0.0102420950772
-esa	0.200470504471	0.504447639327	0.195266933332	0.0998149228696
-ite	0.0	1.0	0.0	0.0
-ese	0.118797178567	0.709689394877	0.00371241183021	0.167801014726
-ita	0.0296388788156	0.887235141132	0.0240855444041	0.0590404356478
-apu	0.116404011461	0.787965616046	0.0	0.0956303724928
-ria	0.175352372867	0.561634319402	0.110573875387	0.152439432344
-o'u	0.119815668203	0.0783410138249	0.635944700461	0.165898617511
-o'i	0.403628845211	0.173407907118	0.0706948880731	0.352268359598
-o'o	0.171473877373	0.0448899493905	0.044894425405	0.738741747831
-eji	0.190753313935	0.390882638215	0.0698351115422	0.348528936308
-o'a	0.102821048157	0.140396117482	0.130366568853	0.626416265508
-hui	0.560165975104	0.278008298755	0.0414937759336	0.120331950207
-hue	0.453506595272	0.399242523181	0.0156719341779	0.131578947368
-hua	0.283028641457	0.10033985673	0.0208714987808	0.595760003032
-pwa	0.01259181532	0.89611752361	0.0849947534102	0.00629590766002
-rii	0.373397573776	0.314634775875	0.0433622988902	0.268605351458
-aea	0.257261410788	0.742738589212	0.0	0.0
-tua	0.269660916434	0.579192098371	0.0214649711614	0.129682014034
-aee	0.103896103896	0.571428571429	0.0	0.324675324675
-chí	0.153543307087	0.0925196850393	0.0570866141732	0.696850393701
-vau	0.555555555556	0.0277777777778	0.333333333333	0.0833333333333
-chá	0.196604557042	0.00788415547554	0.0	0.795511287483
-oru	0.0269578795394	0.944978459557	0.00374538849042	0.0243182724128
-vaa	0.519417825492	0.462569349377	0.00504359103682	0.0129692340947
-soi	0.821428571429	0.0	0.178571428571	0.0
-tuu	0.615384615385	0.307692307692	0.0192307692308	0.0576923076923
-vae	0.0316455696203	0.955696202532	0.0126582278481	0.0
-vai	0.142930510342	0.789808073027	0.0394291063012	0.0278323103303
-soa	0.315008917734	0.478024829846	0.0363896707552	0.170576581665
-ore	0.138276990185	0.38080697928	0.0261723009815	0.454743729553
-jee	0.03125	0.96875	0.0	0.0
-omu	0.0100239460935	0.70652113382	0.265913014423	0.0175419056635
-omi	0.0096463022508	0.421221864952	0.530546623794	0.0385852090032
-rui	0.247064487919	0.579739480468	0.0779331374687	0.0952628941447
-omo	0.292740543736	0.213511062308	0.0654556783812	0.428292715575
-oma	0.325393382226	0.587470302655	0.0118100747168	0.0753262404022
-rua	0.217083486515	0.685934887334	0.0255086914561	0.071472934695
-ome	0.6489758889	0.214798460899	0.019096016165	0.117129634035
-rue	0.193606797131	0.631798871788	0.0353088655199	0.139285465562
-i'í	0.203539823009	0.743362831858	0.0	0.0530973451328
-ova	0.0557971014493	0.90569358178	0.0055900621118	0.0329192546584
-odi	0.0390263717035	0.847881514811	0.00306211723535	0.110029996251
-eho	0.134914751668	0.262416604892	0.00889547813194	0.593773165308
-uro	0.210126582278	0.693670886076	0.0658227848102	0.0303797468355
-ura	0.195313309433	0.307823861078	0.0683441879285	0.42851864156
-ehe	0.79746835443	0.20253164557	0.0	0.0
-ure	0.410375448436	0.387042914732	0.125598748584	0.076982888248
-eha	0.416128228265	0.333663332753	0.0210490465467	0.229159392435
-ehu	0.0223360519545	0.835975997645	0.0522250600533	0.0894628903469
-uru	0.140215470818	0.738975098185	0.0341655630648	0.0866438679322
-tue	0.766917293233	0.12030075188	0.0	0.112781954887
-pai	0.0645136770896	0.839143364783	0.0324943704928	0.0638485876351
-apa	0.0769187277699	0.789957647156	0.00981722486071	0.123306400214
-ape	0.328875758047	0.269164982118	0.0244907479397	0.377468511896
-api	0.0840823951976	0.837719518349	0.0290811291661	0.0491169572872
-pae	0.121301775148	0.718934911243	0.12426035503	0.0355029585798
-áru	0.198393953708	0.642890883325	0.0	0.158715162966
-waa	0.059134325717	0.573171091383	0.0181595257457	0.349535057154
-tui	0.407839866556	0.334862385321	0.0846538782318	0.172643869892
-wai	0.0993282149712	0.400911708253	0.0849328214972	0.414827255278
-ú'u	0.0407561993617	0.529585072428	0.249447581635	0.180211146575
-kwa	0.0667297550215	0.833688918254	0.00205322323143	0.097528103493
-kea	0.00263388937665	0.997366110623	0.0	0.0
-ohu	0.429338462155	0.274552229835	0.119806066434	0.176303241576
-nue	0.261633011413	0.441615452151	0.11237928007	0.184372256365
-nua	0.0827744714869	0.766871335939	0.081181160064	0.0691730325102
-kúo	0.720620842572	0.0133037694013	0.133037694013	0.133037694013
-ú'a	0.327272727273	0.6	0.0363636363637	0.0363636363636
-sui	0.541922290389	0.124744376278	0.0858895705521	0.247443762781
-sue	0.424528301887	0.433962264151	0.0566037735849	0.0849056603773
-nuu	0.954198473282	0.0229007633588	0.0	0.0229007633588
-ú'i	0.317891373802	0.448881789137	0.105431309904	0.127795527157
-sua	0.322869955157	0.484945547726	0.138372837924	0.0538116591928
-kúa	0.908450704225	0.0176056338028	0.0739436619718	0.0
-i'a	0.147980714795	0.270793935401	0.0182936399847	0.562931709819
-dia	0.0691312807599	0.786883369578	0.0254091793522	0.11857617031
-i'e	0.283439490446	0.366242038217	0.101910828025	0.248407643312
-i'i	0.412549601134	0.30180183376	0.0622734456737	0.223375119432
-i'o	0.162443839128	0.333176384769	0.0415535025568	0.462826273546
-ori	0.139859584546	0.220674484429	0.0599197605082	0.579546170517
-i'u	0.500810057676	0.488302767157	0.0	0.0108871751668
-'oi	0.0853960180964	0.250919591499	0.0417653839692	0.621919006436
-iha	0.201811573756	0.52004769112	0.0700231544704	0.208117580654
-urí	0.461883408072	0.437219730942	0.0384368994235	0.0624599615631
-uku	0.110280373832	0.67476635514	0.192523364486	0.022429906542
-ihe	0.375152640242	0.255010750961	0.0611402350306	0.308696373767
-'oa	0.0889835482735	0.722014456053	0.142984118466	0.0460178772074
-ove	0.59502526234	0.268946754761	0.136027982899	0.0
-iho	0.0716349455756	0.875438530299	0.0135315129275	0.0393950111978
-vei	0.113700056049	0.383670963782	0.0435049510236	0.459124029146
-uka	0.147855108207	0.761102016817	0.0457641260355	0.0452787489412
-uke	0.392043469824	0.328934601203	0.116048903551	0.162973025422
-súa	0.428143712575	0.290419161677	0.0479041916168	0.233532934132
-uki	0.06	0.74	0.156363636364	0.0436363636364
-ovu	0.127659574468	0.446808510638	0.148936170213	0.276595744681
-uko	0.195652173913	0.423913043478	0.184782608696	0.195652173913
-tiu	0.261453166034	0.557630580683	0.0624452874233	0.118470965859
-ora	0.104992094774	0.570483154416	0.0422396998625	0.282285050947
-úue	0.646666666667	0.173333333333	0.0	0.18
-tie	0.596715287155	0.243341150151	0.080151493215	0.0797920694786
-aia	0.0483756215326	0.933298159784	0.00839368794666	0.00993253073689
-tia	0.0412583860079	0.889839165231	0.0498238041487	0.0190786446124
-tio	0.41325613895	0.311239768417	0.0539029746456	0.221601117988
-aii	0.480392156863	0.460784313726	0.0294117647059	0.0294117647059
-eme	0.416421902771	0.103127432826	0.0340960794433	0.446354584959
-ahá	0.333333333333	0.0333333333333	0.0666666666666	0.566666666667
-ema	0.338276130708	0.388385137486	0.0769705271346	0.196368204671
-emo	0.895833333333	0.0208333333333	0.0416666666667	0.0416666666667
-emi	0.0168100040432	0.935436203376	0.0176672306175	0.0300865619629
-260	0.0	0.0986842105263	0.0394736842105	0.861842105263
-emu	0.638550846272	0.273324940551	0.0601482724857	0.0279759406911
-jae	0.231988472623	0.324207492795	0.383285302594	0.0605187319885
-jaa	0.287704476002	0.311073161963	0.0429624303433	0.358259931692
-jai	0.200703548088	0.315040798095	0.0455083626478	0.438747291169
-ají	0.278886677357	0.2286759551	0.0366648669992	0.455772500544
-ava	0.274978324712	0.148375167087	0.0356125199302	0.541033988271
-inu	0.224159290302	0.0682651319679	0.0550389571178	0.652536620613
-000	0.0606526594148	0.187819887839	0.00631263001482	0.745214822731
-eta	0.0160765550239	0.916937799043	0.0669856459331	0.0
-eti	0.0386519026681	0.926586707797	0.0115103938857	0.0232509956491
-atu	0.405940594059	0.366336633663	0.029702970297	0.19801980198
-'aa	0.0190609753689	0.956791830446	0.00488869575523	0.0192584984297
-weu	0.222852929955	0.723193202792	0.0539538672523	0.0
-300	0.0287081339713	0.511961722488	0.258373205742	0.200956937799
-wei	0.216812317936	0.635039533916	0.0707449022056	0.0774032459426
-ate	0.260162601626	0.617886178862	0.121951219512	0.0
-ata	0.142267660282	0.680092792183	0.0945782266839	0.0830613208515
-wea	0.0738066486454	0.84644067782	0.0417826660112	0.0379700075238
-wee	0.126874279123	0.810841983852	0.0415224913495	0.0207612456748
-ati	0.0404724137572	0.913242501171	0.0200604749551	0.0262246101165
-kai	0.049588257327	0.908803204916	0.0324888582487	0.00911967950841
-niu	0.474989875316	0.207051950402	0.0706573720628	0.24730080222
-kaa	0.450486548369	0.503720663995	0.0343445907269	0.011448196909
-osi	0.0786030023196	0.870278786818	0.00761521291961	0.043502997943
-osu	0.0812660393498	0.40504704876	0.123182207015	0.390504704876
-nia	0.181095713277	0.607352335359	0.0921332344192	0.119418716944
-'ai	0.144333570919	0.714896650036	0.051674982181	0.0890947968639
-nie	0.423141966959	0.306774669168	0.0856954314845	0.184387932388
-nii	0.378368643374	0.451782966043	0.0227577851272	0.147090605455
-nio	0.726775956284	0.0327868852459	0.0	0.24043715847
-kau	0.0370522848909	0.909427748045	0.0267599835323	0.0267599835323
-ajo	0.613843926299	0.139762251433	0.0504893272713	0.195904494997
-aji	0.117804488999	0.050464255992	0.00864217638741	0.823089078621
-aje	0.625972006221	0.241057542768	0.0497667185069	0.0832037325039
-aja	0.103507271215	0.159673053327	0.0184217240579	0.7183979514
-aju	0.475696151288	0.167481132348	0.0973021426713	0.259520573692
-oju	0.553079183407	0.139225497526	0.0673083510459	0.240386968021
-via	0.424606151538	0.287321830458	0.247561890473	0.0405101275319
-vie	0.426693629929	0.330637007078	0.111223458038	0.131445904955
-oja	0.265443873943	0.453401000422	0.0305602411243	0.25059488451
-oje	0.798852406758	0.145361810647	0.0141323982574	0.0416533843375
-oji	0.498094719652	0.253130103429	0.134458356015	0.114316820904
-ojo	0.501951830301	0.131251381012	0.0405096854975	0.326287103189
-viu	0.801204819277	0.0903614457831	0.0	0.10843373494
-amu	0.416224610061	0.27714501992	0.0828529853363	0.223777384683
-ami	0.159138425299	0.347377786936	0.131059334258	0.362424453507
-amo	0.128145920067	0.830874337808	0.0106277806557	0.0303519614691
-ama	0.21574373581	0.164054132443	0.0635218687202	0.556680263028
-ame	0.32751635704	0.175404438874	0.0562464108558	0.44083279323
-hii	0.273858921162	0.726141078838	0.0	0.0
-usi	0.0338696020322	0.916454981654	0.00762066045726	0.0420547558566
-iro	0.502532915467	0.232219128499	0.0486075526843	0.216640403349
-uso	0.15560821485	0.123222748815	0.310426540284	0.410742496051
-iri	0.222827528018	0.449599286927	0.0718133736258	0.255759811429
-hio	0.673202614379	0.222222222222	0.0261437908497	0.078431372549
-hia	0.266065589708	0.575925700653	0.0325505774643	0.125458132174
-usa	0.414646970867	0.486435859939	0.078213575642	0.0207035935523
-ira	0.140340917548	0.580915051058	0.0577870555569	0.220956975837
-iru	0.320443165337	0.296615100781	0.169379866829	0.213561867053
-hiu	0.412108496928	0.210849692792	0.0986063239922	0.278435486288
-usu	0.0848661446003	0.0729678868451	0.0244035694773	0.817762399077
-epo	0.136840754767	0.758582839548	0.0627990629559	0.0417773427291
-epi	0.0101694915254	0.989830508475	0.0	0.0
-pia	0.0247688707481	0.933231739723	0.0361362268885	0.00586316264084
-múu	0.944089456869	0.055910543131	0.0	0.0
-núe	0.111666666667	0.507666666667	0.175333333333	0.205333333333
-núa	0.252754205747	0.211589995534	0.0299612922436	0.505694506476
-'ea	0.410781746124	0.417896956915	0.0175214962802	0.153799800681
-úhu	0.661538461538	0.0615384615385	0.0923076923077	0.184615384615
-'ee	0.00743049772596	0.0038981287278	0.000535584390544	0.988135789156
-úhi	0.238780694327	0.654530059272	0.0457239627434	0.0609652836579
-núu	0.378778377022	0.302019315189	0.206321334504	0.112880973285
-úha	0.336683747173	0.51530972932	0.0681576259515	0.0798488975562
-uea	0.227272727273	0.402597402597	0.344155844156	0.025974025974
-usé	0.45652173913	0.445652173913	0.0489130434783	0.0489130434783
-uri	0.235809773992	0.47582293153	0.147794587243	0.140572707235
-uhu	0.188461943125	0.629783412493	0.0507650453917	0.13098959899
-irá	0.190462704004	0.20727864906	0.0127447162531	0.589513930683
-uho	0.0399527318366	0.798748456446	0.00216097491852	0.159137836798
-uhi	0.161268090972	0.695382494831	0.0441075120606	0.0992419021364
-uhe	0.444687808576	0.312759273712	0.134661486088	0.107891431624
-uha	0.186303475469	0.58368475884	0.03532016066	0.194691605031
-'wa	0.0203596591084	0.972910192905	0.00107682367782	0.00565332430852
-one	0.310480942778	0.168192068467	0.0196915301593	0.501635458596
-úti	0.253633631161	0.694486762466	0.0345864042491	0.0172932021246
-anu	0.408567042191	0.135022925619	0.116486856	0.33992317619
-ona	0.124127081021	0.391769600419	0.0258999261515	0.458203392409
-'wi	0.107587636727	0.303712991627	0.123839582767	0.464859788879
-ono	0.450751259733	0.281314437319	0.0667035519043	0.201230751043
-ehi	0.335026873184	0.293452821978	0.215691117148	0.155829187689
-ije	0.243891883104	0.506835450664	0.104008576561	0.145264089671
-oni	0.0255238980237	0.263747673059	0.00907747650124	0.701650952416
-450	0.11073253833	0.548551959114	0.0340715502555	0.3066439523
-ana	0.337782593803	0.158899061157	0.0400123380568	0.463306006983
-onu	0.154804299027	0.712362779224	0.0306681578236	0.102164763925
-ane	0.340273781556	0.250364409675	0.0733588209131	0.336002987856
-ani	0.160504709974	0.527266124021	0.0864015111239	0.225827654881
-mwe	0.0792792792792	0.697297297297	0.0648648648649	0.158558558558
-ank	0.343200740055	0.381128584644	0.063829787234	0.211840888067
-ano	0.310607209153	0.27787040658	0.1107210703	0.300801313967
-ijo	0.454095656954	0.321055525014	0.158878504673	0.065970313359
-tai	0.166767128792	0.490657022303	0.201928872815	0.14064697609
-tae	0.332941176471	0.52	0.0482352941176	0.0988235294118
-taa	0.238894059821	0.603137797456	0.0571803017683	0.100787840955
-mia	0.255209289603	0.547416619517	0.0737038133387	0.123670277542
-mie	0.526729266021	0.205401653444	0.0597116198282	0.208157460707
-enu	0.486764349594	0.21121211802	0.0369313094498	0.265092222936
-mio	0.408967391304	0.38722826087	0.142663043478	0.0611413043478
-eno	0.324874415254	0.341281990343	0.139704265084	0.194139329319
-miu	0.227766047409	0.40616594091	0.228630434686	0.137437576995
-eni	0.0871941065013	0.733251500429	0.0343009883044	0.145253404765
-ene	0.0794899708562	0.0159872316245	0.00362216025037	0.900900637269
-ena	0.332113792529	0.227616850388	0.0357231543653	0.404546202717
