lùɔ-	0.582857142857	0.285714285714	0.12	0.0114285714286
bɔl-	0.270388615216	0.675971538041	0.0355774493705	0.0180623973727
lur-	0.603621730382	0.311871227364	0.0241448692153	0.0603621730382
tèt-	0.0855831156125	0.0559515745788	0.655904267329	0.20256104248
gèh-	0.140364835635	0.413710951783	0.0832404789799	0.362683733602
wur-	0.558139534884	0.162790697674	0.046511627907	0.232558139535
ŋgu-	0.32357201828	0.456706093006	0.121914561826	0.0978073268879
cio-	0.233282974149	0.651811224411	0.106809037354	0.00809676408635
nyu-	0.255265974413	0.618652378557	0.104927008267	0.0211546387635
cém-	0.588306942753	0.193666260658	0.177831912302	0.0401948842875
súá-	0.443043674021	0.382260243134	0.0108059432688	0.163890139577
fág-	0.535890895841	0.319400343553	0.0965592629223	0.0481494976836
der-	0.757352941176	0.178676470588	0.0242647058824	0.0397058823529
táb-	0.315217391304	0.638198757764	0.0465838509317	0.0
tib-	0.0363636363636	0.772727272727	0.115151515151	0.0757575757576
lél-	0.153929602419	0.252785137594	0.176741256916	0.416544003071
lor-	0.176470588235	0.498452012384	0.185758513932	0.139318885449
sùè-	0.055018692248	0.944981307752	0.0	0.0
paf-	0.0	1.0	0.0	0.0
àsâ-	0.0	1.0	0.0	0.0
abr-	0.0177953136323	0.945808841292	0.0300346243659	0.0063612207102
wèh-	0.536124810349	0.286275571948	0.0569794231239	0.120620194579
her-	0.013348428008	0.935581255966	0.0439225436007	0.00714777242558
bec-	0.00549450549452	0.994505494505	0.0	0.0
dor-	0.455612963833	0.406294034758	0.0676373884452	0.0704556129638
gɔr-	0.660550458716	0.321100917431	0.0	0.0183486238532
ndì-	0.414748048132	0.522411338514	0.056556552018	0.00628406133536
cór-	0.455457314808	0.29771899844	0.143398469426	0.103425217327
cug-	0.1641708264	0.119800332779	0.663893510815	0.0521353300055
dùɔ-	0.338730089609	0.591082594526	0.0	0.070187315865
lùà-	0.586364570806	0.286627072731	0.0665814732118	0.060426883251
jòl-	0.568598858888	0.133141190632	0.0370812577681	0.261178692712
jek-	0.0185185185185	0.981481481482	0.0	0.0
jam-	0.267505470459	0.420131291029	0.207330415755	0.105032822757
kid-	0.0382165605095	0.96178343949	0.0	0.0
kód-	0.129186602871	0.755980861244	0.0430622009569	0.0717703349282
cèg-	0.245353159851	0.702602230483	0.0371747211896	0.0148698884758
júl-	0.0	1.0	0.0	0.0
hor-	0.666006774149	0.270283100423	0.0407036912456	0.0230064341823
amɔ-	0.0	1.0	0.0	0.0
kéh-	0.352705859315	0.391506860812	0.0941350901487	0.161652189725
ejí-	0.00566691153321	0.920033581698	0.0730401930947	0.00125931367405
gug-	0.0153846153846	0.861538461539	0.123076923077	0.0
tér-	0.637456473863	0.352811366231	0.0	0.0097321599063
tol-	0.0727272727273	0.927272727273	0.0	0.0
fug-	0.260869565217	0.456521739131	0.217391304348	0.0652173913043
làb-	0.459084555162	0.241736745968	0.268229178297	0.0309495205727
hol-	0.0408163265306	0.959183673469	0.0	0.0
dèr-	0.471337579618	0.203821656051	0.133757961783	0.191082802548
mág-	0.266514434839	0.700864459305	0.0110911759909	0.0215299298646
pún-	0.54533860477	0.302257365132	0.103813289121	0.0485907409769
cìè-	0.0355987055016	0.877022653722	0.084142394822	0.0032362459547
veé-	0.292518082936	0.353721866443	0.324783713902	0.028976336719
kùl-	0.0743047680303	0.513718454325	0.352397555898	0.0595792217464
aki-	0.053105310531	0.941494149415	0.0	0.00540054005401
ke`-	0.167176740627	0.159525631216	0.0241009946443	0.649196633512
túá-	0.179267342167	0.555728760717	0.215900233827	0.0491036632891
kíl-	0.0357941834452	0.888143176734	0.00447427293065	0.0715883668904
pub-	0.132075471698	0.660377358491	0.0471698113208	0.16037735849
kèn-	0.380630738838	0.078332667385	0.0503004855192	0.490736108258
yiì-	0.535038932147	0.299221357063	0.122358175751	0.0433815350389
san-	0.084754171156	0.888147556434	0.0201795645609	0.00691870784948
y`i-	0.382561307902	0.471934604905	0.0594005449591	0.0861035422344
bar-	0.269132393866	0.62477735281	0.0802188167524	0.0258714365717
cal-	0.603213844252	0.307375360527	0.0519159456119	0.0374948496086
yàg-	0.278210303072	0.516343983033	0.166655264418	0.0387904494767
tel-	0.0417753447381	0.938138204937	0.00550048250075	0.0145859678238
tùr-	0.0	0.7375	0.2625	0.0
vɔ́-	0.235076257484	0.507527422104	0.184744133199	0.0726521872132
síd-	0.0	1.0	0.0	0.0
nɔɔ-	0.282581731938	0.204013476027	0.170084560395	0.34332023164
sàŋ-	0.307548928238	0.538676607642	0.0838769804287	0.0698974836906
ami-	0.0	1.0	0.0	0.0
sàn-	0.497370398197	0.397069872276	0.09166040571	0.0138993238167
asê-	0.0	0.95652173913	0.0	0.0434782608696
dàn-	0.36301369863	0.541856925419	0.0631659056316	0.0319634703196
wan-	0.245666722748	0.123919290075	0.0599725951748	0.570441392003
gól-	0.408970197698	0.591029802302	0.0	0.0
yíy-	0.253739612188	0.50027700831	0.232686980609	0.013296398892
bun-	0.74869842881	0.106244017826	0.0126185128451	0.132439040519
loò-	0.213890596189	0.515058389674	0.151198524892	0.119852489244
tàk-	0.092961054211	0.35237132233	0.554667623459	0.0
sat-	0.196428571429	0.321428571429	0.410714285714	0.0714285714286
saf-	0.0	1.0	0.0	0.0
nya-	0.514966219684	0.398973629599	0.0347876257428	0.0512725249748
séf-	0.144927536232	0.768115942029	0.0	0.0869565217391
pɔ̀-	0.35	0.3	0.125	0.225
núr-	0.582244008715	0.326252723312	0.0411220043573	0.0503812636166
ban-	0.025974025974	0.155844155844	0.233766233766	0.584415584416
fèh-	0.23126886189	0.702118185866	0.0306030857522	0.0360098664914
ise-	0.0150391831691	0.967645432966	0.0153643546971	0.00195102916789
ŋùŋ-	0.454545454545	0.454545454545	0.0909090909091	0.0
sòn-	0.252725422533	0.483985058368	0.0468453099953	0.216444209104
àpò-	0.0	1.0	0.0	0.0
ale-	0.0468619246862	0.834309623431	0.115481171548	0.00334728033473
mɔg-	0.425816335727	0.50100633843	0.011355102286	0.0618222235574
be--	0.0967741935484	0.806451612903	0.0322580645161	0.0645161290323
bɔm-	0.69899867294	0.239474001689	0.0108577633007	0.0506695620702
kàr-	0.955757298386	0.0442427016137	0.0	0.0
cén-	0.0546934777064	0.090096860581	0.0859166685988	0.769292993114
sɔg-	0.199265527702	0.726329235191	0.0479003672361	0.0265048698707
tug-	0.194547856371	0.428725831632	0.31944277651	0.0572835354869
ŋɔ́-	0.310672217709	0.457554833469	0.177701056052	0.0540718927701
yúl-	0.15834717908	0.704832767464	0.0996893736907	0.0371306797659
cib-	0.115734474246	0.793970927149	0.063927580831	0.0263670177746
àmô-	0.0	1.0	0.0	0.0
tia-	0.0	1.0	0.0	0.0
vuɔ-	0.25175954771	0.715934002538	0.0239990769586	0.00830737279335
njò-	0.139461172742	0.841521394612	0.0190174326466	0.0
vév-	0.404239212718	0.54125662377	0.0408781226344	0.0136260408781
kwê-	0.381397908641	0.503577325261	0.030269675289	0.084755090809
lou-	0.0205116332071	0.868067149371	0.0113953517817	0.10002586564
mbi-	0.096004128334	0.861823935479	0.0303085398803	0.011863396307
cum-	0.478260869565	0.344151867728	0.126148193509	0.0514390691978
mèh-	0.368421052632	0.236842105263	0.394736842105	0.0
ŋel-	0.617852357359	0.1159203515	0.109765978	0.156461313141
ŋeî-	0.133802816901	0.739436619718	0.0528169014084	0.0739436619718
ndí-	0.215568862275	0.269461077844	0.125748502994	0.389221556886
jel-	0.155532359081	0.227557411273	0.383089770355	0.23382045929
weè-	0.241208813199	0.699044252408	0.0370919629874	0.0226549714055
ján-	0.0188679245283	0.924528301887	0.0283018867924	0.0283018867924
meî-	0.136134453781	0.435294117647	0.0504201680672	0.378151260504
véh-	0.0976751513514	0.865835452629	0.0179296168763	0.0185597791431
ádà-	0.0131940626718	0.921385376581	0.0522264980759	0.0131940626718
kie-	0.541784120342	0.380773895618	0.0334549371052	0.0439870469346
tùà-	0.184154175589	0.668094218415	0.147751605996	0.0
kós-	0.0	1.0	0.0	0.0
boó-	0.135912179822	0.798222686879	0.0219550444328	0.0439100888656
nah-	0.0	1.0	0.0	0.0
mét-	0.0197530864197	0.746502057613	0.0493827160494	0.184362139918
vuú-	0.342841163311	0.604306487696	0.0125838926174	0.0402684563758
jèh-	0.19578313253	0.558734939759	0.218373493976	0.0271084337349
rúb-	0.0	1.0	0.0	0.0
yáb-	0.328919787012	0.636433831502	0.0147072955971	0.0199390858885
sòr-	0.0804045240946	0.849732878303	0.0655743563171	0.00428824128504
bàt-	0.322696505042	0.663213150988	0.0033153750518	0.0107749689184
beb-	0.113616155229	0.0855579047205	0.755537552609	0.0452883874409
ŋal-	0.367673179396	0.355239786856	0.0426287744227	0.234458259325
fuf-	0.126984126984	0.396825396825	0.444444444444	0.031746031746
èpì-	0.0526315789473	0.447368421053	0.5	0.0
lug-	0.246315789474	0.362105263158	0.353684210526	0.0378947368421
elm-	0.0	1.0	0.0	0.0
nyù-	0.0138248847926	0.958525345622	0.0276497695852	0.0
ceè-	0.438822065533	0.445043550394	0.0522604728329	0.0638739112401
agr-	0.0245499181669	0.968903436989	0.00654664484451	0.0
veè-	0.0657255157336	0.901248924344	0.011396143917	0.0216294160058
yúá-	0.558441558442	0.0995670995671	0.272727272727	0.069264069264
leg-	0.383339442815	0.287664956012	0.157441348974	0.171554252199
kùm-	0.363775694194	0.492426974396	0.101875225388	0.0419221060224
dág-	0.208986119003	0.280461076386	0.205130286549	0.305422518062
sêm-	0.0	1.0	0.0	0.0
kok-	0.0782719085968	0.834748284207	0.075217201571	0.0117626056254
bêh-	0.363970588235	0.334558823529	0.046743697479	0.254726890756
fùl-	0.15037593985	0.84962406015	0.0	0.0
doô-	0.0374361405163	0.0073833816559	0.00751488026006	0.947665597568
tà--	0.485294117647	0.183823529412	0.176470588235	0.154411764706
bóú-	0.352941176471	0.205882352941	0.264705882353	0.176470588235
yui-	0.189098997129	0.263502790853	0.0764079195655	0.470990292453
baŋ-	0.414634146342	0.351219512195	0.131707317073	0.10243902439
sek-	0.0	1.0	0.0	0.0
cam-	0.56753160346	0.201818585052	0.018629407851	0.212020403637
nâr-	0.0967741935484	0.709677419355	0.193548387097	0.0
bèl-	0.595789646711	0.156943090958	0.1708327952	0.0764344671308
lèr-	0.487750417096	0.300654818076	0.143039091936	0.0685556728917
hóm-	0.288395904437	0.486348122867	0.163822525597	0.061433447099
d`i-	0.33415007657	0.496477794793	0.0799387442573	0.0894333843798
ŋgú-	0.127144735077	0.267667464742	0.511247656922	0.0939401432593
pàn-	0.0	0.987654320988	0.0123456790123	0.0
jaâ-	0.119115879034	0.425136409877	0.401368722834	0.0543789882549
kay-	0.0278925619835	0.917871900826	0.0542355371901	0.0
jéj-	0.218510408204	0.293953072962	0.39896769843	0.0885688204037
cúc-	0.0108057922167	0.931563315961	0.0534828199607	0.00414807186177
yií-	0.467355733402	0.106093866442	0.0750696627029	0.351480737453
wuw-	0.0363636363636	0.16	0.796363636364	0.00727272727273
làm-	0.025157022025	0.95742400134	0.0140691734361	0.00334980319906
kèm-	0.48406364983	0.274740765518	0.0721555884742	0.169039996177
bíé-	0.557190768618	0.385687376529	0.0174581540299	0.0396637008224
kún-	0.396825396825	0.571428571429	0.0	0.031746031746
sàm-	0.375377073907	0.309577677225	0.286764705882	0.0282805429864
kòn-	0.753424657534	0.0547945205479	0.191780821918	0.0
kám-	0.0538506668728	0.299108078794	0.0108040283655	0.636237225968
dùl-	0.290800559943	0.508795330287	0.133646760519	0.0667573492512
lèl-	0.060871422469	0.85027765912	0.0888509184109	0.0
gog-	0.210489014883	0.37597448618	0.384833451453	0.028703047484
lín-	0.0	1.0	0.0	0.0
nye-	0.340695723507	0.255505622081	0.16625858512	0.237540069292
yìè-	0.342881944444	0.461805555556	0.0954861111111	0.0998263888889
yeb-	0.288461538462	0.391025641026	0.192307692308	0.128205128205
him-	0.0666666666667	0.833333333333	0.0	0.1
fùɔ-	0.14175257732	0.143470790378	0.655498281787	0.0592783505154
màn-	0.45256909524	0.441566788915	0.105864115846	0.0
mbé-	0.0916744279479	0.776109863219	0.0883872970653	0.0438284117679
nyí-	0.273566187843	0.0581974811025	0.0168431010604	0.651393229994
sag-	0.387842465753	0.359955968689	0.172186888454	0.0800146771037
bom-	0.33572377158	0.456573705179	0.174236387782	0.0334661354582
ŋge-	0.421667200663	0.333118513419	0.0651278884152	0.180086397503
pɔ́-	0.216827973775	0.532469559788	0.207930065564	0.0427724008742
yùɔ-	0.352941176471	0.569852941177	0.0551470588235	0.0220588235294
yíé-	0.429060149421	0.163579678288	0.203385469608	0.203974702683
núɔ-	0.150348990756	0.78324844369	0.0373514431239	0.0290511224297
jáŋ-	0.786737166777	0.200044062569	0.00528750826173	0.00793126239259
dún-	0.704467353952	0.274914089347	0.0	0.020618556701
men-	0.0547326234367	0.0386523363374	0.0379384197907	0.868676620435
sie-	0.437026340282	0.129087664038	0.0391598464374	0.394726149242
deb-	0.678571428571	0.25	0.0	0.0714285714286
tíé-	0.0533333333333	0.946666666667	0.0	0.0
gàs-	0.0357142857143	0.928571428571	0.0	0.0357142857143
bos-	0.0	1.0	0.0	0.0
yaà-	0.352306770521	0.424805272618	0.179748352307	0.0431396045536
kór-	0.0888888888889	0.555555555556	0.0	0.355555555555
kúr-	0.324324324324	0.302131399692	0.153812348934	0.219731927049
kɔg-	0.166876627843	0.776742999791	0.0277071466663	0.0286732256992
fag-	0.677911461632	0.224281849059	0.0406424500605	0.0571642392493
cic-	0.28208643426	0.572137354746	0.0795142969056	0.0662619140879
ŋɔg-	0.282285165626	0.637061929909	0.0806529044647	0.0
dɔg-	0.578125	0.390625	0.03125	0.0
elí-	0.0898277276456	0.880639868745	0.00984413453651	0.019688269073
njó-	0.164113785558	0.737417943107	0.0612691466084	0.0371991247265
túɔ-	0.150879436476	0.766027540538	0.0721597304883	0.0109332924982
vùv-	0.455128205128	0.544871794872	0.0	0.0
téb-	0.041265474553	0.893397524072	0.0230398899587	0.0422971114168
gwɔ-	0.570558269595	0.356304762829	0.0493075047798	0.0238294627963
keì-	0.068421362539	0.0537007595831	0.0166048401342	0.861273037744
bie-	0.645858013003	0.229322712136	0.0249284095255	0.0998908653353
vuû-	0.377374071016	0.596201486375	0.00495458298927	0.0214698596201
heb-	0.0185283218634	0.932239280042	0.0397035468502	0.00952885124405
sua-	0.374055758335	0.206968379578	0.0435167681692	0.375459093918
ŋɔɔ-	0.495336666374	0.400871268602	0.056135426717	0.0476566383066
ŋem-	0.564159581426	0.222105951602	0.173708306082	0.0400261608895
tît-	0.0625293841091	0.907851433945	0.0239774330042	0.00564174894218
ndâ-	0.152650822669	0.373857404022	0.341864716636	0.131627056673
vúá-	0.288316933786	0.654964980879	0.0567180853349	0.0
kàm-	0.219512195122	0.368368116671	0.325622328388	0.0864973598191
dav-	0.00478087649402	0.987592487194	0.00591918042118	0.00170745589072
sìb-	0.226618705036	0.528776978417	0.226618705036	0.0179856115108
gùg-	0.267928934726	0.495630911984	0.118494369166	0.117945784124
tan-	0.177916504097	0.674600078034	0.135778384705	0.0117050331643
kàg-	0.239464233626	0.688486569976	0.0498754309706	0.0221737654277
kób-	0.473065621939	0.467189030362	0.0538687561215	0.0058765915769
bèì-	0.257403189066	0.738041002278	0.00455580865604	0.0
gèr-	0.378702199998	0.476806848851	0.0905469032959	0.0539440478555
nàm-	0.165127825926	0.689413048649	0.0450754335637	0.100383691861
gui-	0.114667989314	0.804716939411	0.0305781304837	0.0500369407915
nak-	0.0	1.0	0.0	0.0
kek-	0.454128440367	0.270642201835	0.230504587156	0.0447247706422
èsé-	0.0	1.0	0.0	0.0
làr-	0.368657446525	0.425134522168	0.0990349979988	0.107173033308
fua-	0.0722891566265	0.812048192771	0.0578313253012	0.0578313253012
wul-	0.624031222243	0.222063486794	0.089754147881	0.064151143082
ceé-	0.237109192461	0.51400801592	0.0689437221042	0.179939069515
lèì-	0.27896335602	0.371822970739	0.318837236129	0.0303764371131
top-	0.0	0.579710144928	0.420289855072	0.0
kùɔ-	0.285714285714	0.628571428571	0.0857142857143	0.0
vɔg-	0.484650020467	0.321735571019	0.130167826443	0.0634465820713
jie-	0.127025036819	0.740427098675	0.09941089838	0.0331369661266
kùn-	0.494782608696	0.502608695652	0.0	0.00260869565217
lòb-	0.364724862018	0.468724478448	0.120169463208	0.046381196326
keb-	0.476475782601	0.372865503633	0.116866105071	0.0337926086951
bàŋ-	0.486363636364	0.390404040404	0.0787878787878	0.0444444444444
cól-	0.688749780959	0.228111192227	0.0293431859343	0.0537958408796
mak-	0.01225302108	0.95098791568	0.0	0.03675906324
ném-	0.616541353383	0.225563909774	0.0451127819549	0.112781954887
nik-	0.0419355241316	0.947580594835	0.0104838810329	0.0
teb-	0.116027253494	0.822702360526	0.0369821253061	0.024288260674
cál-	0.740625	0.178125	0.0	0.08125
bèm-	0.157068062827	0.794700936062	0.034269395526	0.0139616055846
bá--	0.147165259349	0.7876960193	0.0241254523523	0.0410132689988
ŋgû-	0.268054651919	0.376707872479	0.32791151594	0.0273259596617
ara-	0.0350877192982	0.912280701754	0.0	0.0526315789473
gad-	0.0	0.666666666667	0.208333333333	0.125
amo-	0.0	1.0	0.0	0.0
kèl-	0.835341365462	0.120481927711	0.0200803212851	0.0240963855421
hun-	0.542460574737	0.145866625271	0.294808740674	0.0168640593183
sàl-	0.376651982379	0.491189427313	0.118942731278	0.0132158590308
tií-	0.0439453125	0.612630208333	0.305989583333	0.0374348958333
kán-	0.181427343078	0.386807517504	0.0542930843877	0.37747205503
dèh-	0.69407367859	0.272290443139	0.0192205018687	0.0144153764015
ŋaà-	0.359180687637	0.346744696416	0.126554498903	0.167520117045
kal-	0.115384615385	0.884615384615	0.0	0.0
jég-	0.421248449773	0.330715171558	0.128978916908	0.119057461761
lèm-	0.50562248996	0.31124497992	0.103614457831	0.0795180722891
dùk-	0.216062394604	0.62373524452	0.153878583474	0.00632377740303
wúw-	0.279441117764	0.128409846973	0.13373253493	0.458416500333
mvû-	0.324649298597	0.402805611223	0.248496993988	0.0240480961924
jos-	0.0256781582239	0.956263680425	0.0106707317073	0.00738742964353
kèr-	0.194577352472	0.675279106858	0.0880382775119	0.042105263158
akì-	0.0	1.0	0.0	0.0
yoy-	0.487804878049	0.228658536585	0.146341463415	0.137195121951
kel-	0.353098666808	0.0940474397244	0.114342200705	0.438511692762
mbè-	0.179409875877	0.768981113135	0.0220397901995	0.0295692207881
pɔ̂-	0.0244187947553	0.918696661544	0.00434882124056	0.0525357224602
cor-	0.423287671233	0.361187214612	0.129680365297	0.0858447488585
môn-	0.209016078833	0.148895986452	0.0534225225804	0.588665412135
tàg-	0.392703806009	0.430119281514	0.133457934074	0.0437189784034
fèf-	0.222854819032	0.294835298902	0.0463603090688	0.435949572997
koô-	0.0325615578042	0.564953049647	0.335734502739	0.0667508898094
bah-	0.129032258065	0.806451612903	0.0	0.0645161290322
nìà-	0.0	1.0	0.0	0.0
tùl-	0.264970853206	0.600423953365	0.072072072072	0.0625331213566
tuɔ-	0.346041055718	0.587976539589	0.0659824046921	0.0
kom-	0.353461486842	0.217286994028	0.272303631564	0.156947887565
boá-	0.03125	0.96875	0.0	0.0
gàd-	0.0	1.0	0.0	0.0
ŋéh-	0.398843930636	0.531791907515	0.0693641618497	0.0
lua-	0.500531832963	0.367495143555	0.07617955014	0.0557934733421
loô-	0.52473242696	0.189181371131	0.157940410761	0.128145791148
feí-	0.0861471432816	0.66036241212	0.0485196554114	0.204970789187
pɔr-	0.152542372881	0.847457627119	0.0	0.0
jús-	0.0218818380744	0.978118161926	0.0	0.0
cú--	0.37430786268	0.301218161683	0.0299003322259	0.294573643411
kug-	0.126394052045	0.801734820322	0.0570012391573	0.0148698884758
jue-	0.480979280478	0.214529804059	0.0562520140325	0.248238901431
nje-	0.391356645055	0.374215407791	0.0442300781269	0.190197869027
ábè-	0.0	1.0	0.0	0.0
ánà-	0.0	1.0	0.0	0.0
tua-	0.276228748398	0.64097129575	0.038743584755	0.0440563710974
kɔŋ-	0.389704695821	0.573180571244	0.0371147329352	0.0
vev-	0.0446529842282	0.578124813448	0.364805329704	0.0124168726196
yâb-	0.359533992037	0.549181536646	0.0457159710957	0.0455685002212
for-	0.0	1.0	0.0	0.0
céb-	0.165829145729	0.78391959799	0.0502512562814	0.0
tàŋ-	0.253544868617	0.564997521071	0.152305404065	0.0291522062469
ber-	0.487444343984	0.298043296542	0.0579163752367	0.156595984237
due-	0.0650603273072	0.799090268562	0.054471870208	0.0813775339229
sál-	0.0300189680292	0.00186931302746	0.930588008907	0.0375237100366
fùà-	0.0	0.693238731219	0.306761268781	0.0
lóú-	0.179894179894	0.566137566138	0.0952380952381	0.15873015873
kwè-	0.20093731693	0.451083772701	0.0404217926186	0.30755711775
koú-	0.530978575565	0.342790966995	0.100752750434	0.0254777070064
dòù-	0.164962976962	0.52318449671	0.216640610236	0.0952119160926
cíé-	0.768115942029	0.159420289855	0.0724637681159	0.0
lég-	0.159183673469	0.644897959184	0.177551020408	0.0183673469388
coó-	0.766666666667	0.166666666667	0.0666666666666	0.0
fer-	0.38200408998	0.273755964553	0.173687798228	0.170552147239
lîs-	0.00331491712707	0.990055248619	0.00662983425414	0.0
lie-	0.304589275102	0.293360407712	0.304095384686	0.0979549324996
kou-	0.904023087738	0.0600626526233	0.0225697442096	0.0133445154288
kus-	0.0	0.983333333333	0.0	0.0166666666667
tɔŋ-	0.40340847805	0.572861611477	0.0237299104735	0.0
ne`-	0.315371079416	0.198418944371	0.0256877326707	0.460522243543
jan-	0.0	1.0	0.0	0.0
lag-	0.597864768683	0.325266903915	0.0597864768683	0.0170818505338
ŋer-	0.660721692244	0.275404396516	0.021567814185	0.0423060970551
gèc-	0.0807907068836	0.475933611693	0.284241232789	0.159034448634
meì-	0.0897129186603	0.709003914746	0.135711178773	0.0655719878208
ŋeŋ-	0.0761421319797	0.251269035533	0.604060913706	0.0685279187817
vua-	0.403565062389	0.452049910873	0.100534759358	0.0438502673797
dɔ̀-	0.334005376344	0.543346774194	0.0638440860215	0.0588037634408
kék-	0.278999553985	0.553916355028	0.0953785981405	0.0717054928466
fel-	0.12100643194	0.155762857556	0.0113690346018	0.711861675902
tɔr-	0.403930131004	0.42903930131	0.121179039301	0.0458515283843
féí-	0.0743801652893	0.876033057851	0.0	0.0495867768594
kèì-	0.115098655991	0.180848890886	0.127047673516	0.577004779607
èsè-	0.0	1.0	0.0	0.0
nyé-	0.428173368454	0.182260931871	0.0996120514873	0.289953648188
háy-	0.452352231604	0.32810615199	0.0386007237635	0.180940892642
tri-	0.0	0.995744680851	0.00425531914893	0.0
ceê-	0.187096774194	0.723387096774	0.0193548387097	0.0701612903225
mír-	0.0606060606061	0.939393939394	0.0	0.0
rah-	0.0482758620689	0.937931034483	0.0	0.0137931034483
ŋéŋ-	0.65671641791	0.328358208955	0.0	0.0149253731343
veê-	0.094548268022	0.617406224504	0.249430395946	0.0386151115282
ham-	0.142968130521	0.151429157612	0.659413008159	0.0461897037069
fur-	0.688771391669	0.195087988376	0.080016951889	0.0361236680659
tes-	0.0207612456748	0.959169550173	0.0159169550173	0.00415224913495
sɔ̂-	0.0526087897814	0.903225806452	0.0181857544923	0.0259796492747
nâb-	0.104651162791	0.742397137746	0.134168157424	0.0187835420394
naj-	0.00262524611682	0.993436884708	0.00393786917524	0.0
jèn-	0.0681818181818	0.863636363636	0.0	0.0681818181818
elo-	0.0	0.96	0.02	0.02
àgá-	0.0	1.0	0.0	0.0
efê-	0.0	0.992494639028	0.00214438884917	0.00536097212294
jon-	0.00625	0.989583333333	0.00416666666667	0.0
jer-	0.0493552753437	0.893481513144	0.0419462848187	0.0152169266937
lím-	0.253731343284	0.572139303483	0.119402985075	0.0547263681592
mun-	0.629387848547	0.24069161895	0.0570319086062	0.0728886238965
lòr-	0.0972222222222	0.694444444445	0.208333333333	0.0
gɔl-	0.604780808062	0.214408434889	0.168341049667	0.0124697073827
yín-	0.741037598368	0.162780530458	0.0371611774993	0.0590206936753
tum-	0.363457760314	0.542239685658	0.0471512770137	0.0471512770137
bèb-	0.0181818181818	0.390909090909	0.590909090909	0.0
yuo-	0.376926473433	0.0414643240079	0.0109333516332	0.570675850926
lùl-	0.787878787879	0.212121212121	0.0	0.0
yán-	0.267303102625	0.121718377088	0.610978520286	0.0
ŋua-	0.728819695873	0.145908761767	0.0966690803766	0.028602461984
yal-	0.324607329843	0.235602094241	0.267015706806	0.17277486911
mén-	0.0889723258769	0.0782995404396	0.0705784196796	0.762149714004
bàr-	0.0380276564774	0.949599708879	0.0080058224163	0.00436681222707
seg-	0.452107988166	0.393676035503	0.109282544379	0.0449334319526
ade-	0.16	0.64	0.18	0.02
mil-	0.0125	0.9875	0.0	0.0
bòù-	0.0150990877634	0.91318024536	0.0648002516514	0.00692041522491
kág-	0.45805879974	0.440243741969	0.0252142458572	0.0764832124336
así-	0.00447467334885	0.986575979953	0.00536960801862	0.00357973867908
sès-	0.217750637067	0.238159737368	0.500378796575	0.0437108289906
ŋaá-	0.44587960196	0.178056018006	0.0532062507275	0.322858129307
kam-	0.542424242424	0.275757575757	0.0181818181818	0.163636363636
jur-	0.0290262172285	0.968164794007	0.00280898876405	0.0
mb`-	0.268115942029	0.282608695652	0.405797101449	0.0434782608696
jôb-	0.0	0.977528089888	0.0224719101123	0.0
múm-	0.0807776560788	0.704499817452	0.204910551296	0.00981197517345
kem-	0.585774510864	0.173335791997	0.073645456453	0.167244240686
kpɔ-	0.277115816709	0.536324640839	0.0871519030435	0.099407639409
fií-	0.467365028203	0.305398871877	0.207896857373	0.0193392425463
alf-	0.0	1.0	0.0	0.0
vrà-	0.344637351939	0.392341392179	0.193899075126	0.0691221807561
epa-	0.0119047619048	0.97619047619	0.0119047619048	0.0
jaŋ-	0.743474903475	0.222239382239	0.0046332046332	0.0296525096525
líl-	0.184210526316	0.473684210526	0.131578947368	0.210526315789
mel-	0.253659039847	0.715245194608	0.0117816254548	0.0193141400899
lòù-	0.16087361274	0.127863252607	0.0527967399307	0.658466394723
yaá-	0.461034139406	0.260735666099	0.188724720455	0.0895054740394
sòs-	0.237288135593	0.762711864407	0.0	0.0
gɔ̀-	0.391866481652	0.392679749441	0.0723480271927	0.143105741713
gɔ--	0.284090909091	0.6875	0.0284090909091	0.0
pàt-	0.024	0.976	0.0	0.0
goô-	0.0781099324976	0.555448408872	0.366441658631	0.0
sóu-	0.563968668407	0.42819843342	0.0	0.00783289817232
gíi-	0.362871927555	0.402328589909	0.0	0.234799482536
siy-	0.0543933054393	0.945606694561	0.0	0.0
fém-	0.0943987465726	0.747434390913	0.152604778692	0.00556208382295
jud-	0.00531516694116	0.981060038928	0.00808504267106	0.0055397514598
kòr-	0.257698541329	0.66450567261	0.0194489465154	0.0583468395461
sou-	0.455479452055	0.428767123288	0.0205479452055	0.095205479452
nyi-	0.338446727951	0.499149702114	0.0955541763795	0.0668493935558
céc-	0.312933512021	0.387373126367	0.052506004196	0.247187357416
ndò-	0.231255302996	0.4160675211	0.300428705399	0.0522484705041
kaî-	0.0373831775701	0.96261682243	0.0	0.0
cie-	0.107512725453	0.639616845099	0.0478353378323	0.205035091615
kwé-	0.405216733438	0.540621399955	0.0307776956275	0.0233841709795
toó-	0.572037727324	0.362306562747	0.0179317745397	0.0477239353892
and-	0.00555812876332	0.991662806855	0.0	0.00277906438166
èvò-	0.0377358490566	0.962264150943	0.0	0.0
léh-	0.243975903614	0.521084337349	0.0542168674699	0.180722891566
pír-	0.191780821918	0.575342465753	0.205479452055	0.027397260274
màt-	0.0874132804757	0.862636273538	0.0416253716551	0.00832507433104
cuù-	0.370246606049	0.0735343240242	0.0291773147554	0.527041755171
keî-	0.617647058824	0.347058823529	0.0352941176471	0.0
ata-	0.0	1.0	0.0	0.0
meí-	0.0197132933444	0.957487854353	0.00325697890038	0.0195418734023
lev-	0.0492135038175	0.913531413853	0.031735810873	0.00551927145617
ndà-	0.0858955588092	0.257523995445	0.644867414999	0.0117130307467
tán-	0.0972846765826	0.659109406474	0.225064602112	0.018541314831
kur-	0.410470191579	0.336217035624	0.210710645305	0.0426021274928
kaŋ-	0.565447074936	0.308158873019	0.0156525141851	0.11074153786
lól-	0.200988467875	0.0889621087315	0.660626029654	0.0494233937397
gèb-	0.135878356519	0.682950501456	0.0452927855063	0.135878356519
yuɔ-	0.422604422604	0.33230958231	0.0976658476658	0.14742014742
nem-	0.438247011952	0.300796812749	0.165338645418	0.0956175298805
tɔɔ-	0.306752109415	0.533153858047	0.109122708679	0.0509713238588
kél-	0.266486675666	0.232455043914	0.14132626702	0.359732013399
tín-	0.32603406326	0.379562043796	0.0900243309002	0.204379562044
kaà-	0.363505228994	0.374684457266	0.0959249909845	0.165885322755
gbé-	0.191082802548	0.464968152866	0.343949044586	0.0
hih-	0.0555399185553	0.460656104474	0.302880876731	0.18092310024
nyè-	0.113624643716	0.70906213555	0.0500200331797	0.127293187555
nyú-	0.0784480426634	0.314449124705	0.605943501952	0.00115933067975
hán-	0.0280373831776	0.943925233645	0.018691588785	0.00934579439252
bei-	0.0994800782456	0.687995469989	0.191161330176	0.0213631215896
sên-	0.185714285714	0.771428571429	0.0285714285714	0.0142857142857
sùm-	0.0968144909432	0.504059962523	0.0487195502811	0.350405996252
geb-	0.252225519288	0.712166172107	0.0296735905044	0.00593471810089
sèn-	0.329529700331	0.472112615975	0.163165191426	0.0351924922683
ter-	0.124444057187	0.473426072698	0.114241649672	0.287888220443
did-	0.19000757619	0.425521168525	0.262967096527	0.121504158758
nam-	0.628942486085	0.287569573284	0.0612244897959	0.0222634508349
mɔɔ-	0.551963048499	0.219399538106	0.193995381062	0.0346420323326
ndɔ-	0.0275361731686	0.0294076215084	0.0123595299466	0.930696675376
àgà-	0.165009940358	0.769383697813	0.0536779324056	0.0119284294235
oli-	0.00109589041095	0.992328767123	0.0	0.00657534246575
yul-	0.0900623180021	0.148407903099	0.1318409895	0.629688789399
col-	0.541380702463	0.271497779572	0.0700444085587	0.117077109406
nim-	0.037037037037	0.962962962963	0.0	0.0
tor-	0.467517837026	0.396169733383	0.105144573789	0.0311678558017
àtê-	0.0190476190476	0.961904761905	0.0126984126984	0.0063492063492
tul-	0.74383882149	0.17719237435	0.046863084922	0.0321057192374
yam-	0.43091537133	0.300345423143	0.225561312608	0.0431778929188
nyò-	0.424242424242	0.19696969697	0.106060606061	0.272727272727
bèc-	0.263714963401	0.316304929991	0.0610064015915	0.358973705017
gwò-	0.112113258674	0.827506987034	0.0162648985817	0.0441148557104
ese-	0.0	1.0	0.0	0.0
júé-	0.599369198821	0.234241663436	0.0474993878607	0.118889749882
neì-	0.101413389242	0.108444187392	0.0134651532678	0.776677270098
yur-	0.415112855741	0.540726202159	0.0206084396467	0.0235525024534
tir-	0.0	0.907692307692	0.0615384615385	0.0307692307692
gwà-	0.217066360053	0.652620099013	0.0199381933197	0.110375347615
sâr-	0.0138888888889	0.986111111111	0.0	0.0
kèb-	0.174796125208	0.33109598235	0.155908603757	0.338199288685
pun-	0.680343849699	0.155928748671	0.129829847572	0.0338975540589
rág-	0.0	1.0	0.0	0.0
sàb-	0.0853880522919	0.861327155386	0.0453417176899	0.00794307463181
gi`-	0.373214086845	0.189485520497	0.11557736592	0.321723026739
kan-	0.0377358490566	0.716981132076	0.232704402516	0.0125786163522
sèr-	0.430489731438	0.25355450237	0.0450236966825	0.27093206951
ŋaâ-	0.378438343714	0.313079740169	0.264107567698	0.0443743484188
nju-	0.294622655134	0.301201919219	0.0945969799573	0.309578445689
dèn-	0.635890182608	0.0928837282991	0.0383814402454	0.232844648847
ŋgù-	0.0888338202117	0.813040118969	0.0692581666644	0.0288678941553
cùr-	0.157674028516	0.417388873358	0.418227564999	0.00670953312832
màk-	0.0401127176717	0.959887282328	0.0	0.0
keí-	0.454448395869	0.358734785207	0.0507702178487	0.136046601075
maŋ-	0.37865559558	0.226448501129	0.305146834361	0.0897490689297
mem-	0.258917060593	0.368500214869	0.325311559948	0.0472711645896
nd`-	0.0	0.95867768595	0.0413223140496	0.0
ení-	0.0545454545454	0.927272727273	0.0181818181818	0.0
káŋ-	0.0718562874251	0.48502994012	0.431137724551	0.0119760479042
gob-	0.370142835202	0.408692981109	0.129012440485	0.0921517432038
mòl-	0.151685393258	0.814606741573	0.0337078651685	0.0
duɔ-	0.455299769472	0.325976391021	0.0457702281073	0.1729536114
njɔ-	0.587581387963	0.248054629188	0.0571700809909	0.107193901858
ŋàr-	0.599778464409	0.196408791465	0.0965428787967	0.10726986533
ser-	0.253297904861	0.336256966163	0.200343311308	0.210101817669
gàb-	0.0	1.0	0.0	0.0
wer-	0.432727272727	0.501818181818	0.0436363636363	0.0218181818182
dìd-	0.118660270722	0.0899133082596	0.0488601114739	0.742566309544
vú--	0.232558139535	0.617940199336	0.14950166113	0.0
ker-	0.471668822769	0.311772315653	0.0597671410091	0.156791720569
mɔm-	0.609937178755	0.330097087379	0.0394060536836	0.0205596801827
àpe-	0.0	1.0	0.0	0.0
fél-	0.615580212668	0.235552473417	0.0790568654646	0.0698104484512
bit-	0.0	1.0	0.0	0.0
káb-	0.123188405797	0.63768115942	0.173913043478	0.0652173913043
luɔ-	0.641011912729	0.117253379735	0.0441707937358	0.1975639138
loy-	0.21875	0.78125	0.0	0.0
beé-	0.237782713444	0.348823576721	0.254964387342	0.158429322493
sur-	0.395833333333	0.548611111111	0.0416666666667	0.0138888888889
mɔ̀-	0.108236261044	0.781061815423	0.0822677772685	0.0284341462644
kɔr-	0.272350134827	0.66915577681	0.019912881145	0.0385812072184
fri-	0.110738255034	0.828859060403	0.0503355704698	0.010067114094
elî-	0.00693357190785	0.991724446433	0.00134198165959	0.0
yɔ́-	0.27294966904	0.18038642798	0.318441280547	0.228222622433
bet-	0.0461925451635	0.940315572833	0.00343013949234	0.0100617425109
cuú-	0.217229471916	0.21321202865	0.103248046077	0.466310453357
hàg-	0.197183098591	0.74647887324	0.0422535211267	0.0140845070423
sal-	0.139011899588	0.723908599081	0.100156891784	0.0369226095467
hob-	0.3277544281	0.418793155209	0.243545481837	0.00990693485441
itú-	0.0	1.0	0.0	0.0
isk-	0.00387096774194	0.996129032258	0.0	0.0
mbe-	0.0812941501792	0.637649728289	0.146400817994	0.134655303538
tàs-	0.516556291391	0.105960264901	0.317880794702	0.0596026490066
caà-	0.425531914894	0.063829787234	0.468085106383	0.0425531914894
tɔb-	0.358163214868	0.494538085117	0.046216202857	0.101082497158
téh-	0.00998129664265	0.0167404307328	0.0860632210515	0.887215051573
wá--	0.0754716981132	0.88679245283	0.0377358490566	0.0
sul-	0.394597457627	0.46186440678	0.0799788135593	0.0635593220339
mèd-	0.0	1.0	0.0	0.0
ŋen-	0.744373743741	0.0774873838745	0.0272365455695	0.150902326815
cui-	0.28431372549	0.352941176471	0.362745098039	0.0
neb-	0.55523613963	0.284599589322	0.150308008214	0.00985626283366
tám-	0.25306247306	0.234787283842	0.48202375821	0.0301264848881
toò-	0.101506038758	0.188272475039	0.0998896430444	0.610331843159
àka-	0.0967741935484	0.903225806452	0.0	0.0
lág-	0.528762470813	0.230842708554	0.0350244109531	0.20537040968
tú--	0.353846153846	0.507692307692	0.0	0.138461538462
jen-	0.101604278075	0.866310160428	0.0106951871658	0.0213903743316
bɔg-	0.192124029034	0.572615560932	0.169362027251	0.0658983827837
leb-	0.0795922017528	0.830158588207	0.0719906993382	0.0182585107017
èpà-	0.06993006993	0.825174825175	0.027972027972	0.076923076923
lɔɔ-	0.141662034228	0.720810678425	0.028242935491	0.109284351856
nel-	0.441558441558	0.454545454545	0.025974025974	0.0779220779221
bàl-	0.587619047619	0.253333333333	0.0742857142857	0.0847619047619
dɔl-	0.053524209719	0.777874529666	0.133610807097	0.0349904535178
ndá-	0.675	0.21	0.115	0.0
kaá-	0.440257282717	0.287504288783	0.0771788198748	0.195059608625
ŋɔr-	0.556165242612	0.366230304931	0.0646703770479	0.0129340754096
njè-	0.122799297932	0.420882582161	0.0738673979141	0.382450721992
wuo-	0.894750173306	0.0531914893617	0.00119980803072	0.050858529302
tém-	0.639735346193	0.235066629391	0.0279563880347	0.0972416363806
tro-	0.0237154150198	0.96442687747	0.0118577075099	0.0
beh-	0.52439281943	0.246251319958	0.101372756072	0.127983104541
ŋèm-	0.0429892025953	0.933562141444	0.0234486559611	0.0
ŋab-	0.523133222968	0.211989195783	0.234416659406	0.0304609218437
sèm-	0.100733972844	0.861097276484	0.0358557479319	0.00231300274016
bèr-	0.425106857461	0.443179706374	0.029269652481	0.102443783683
ŋúɔ-	0.856791136643	0.125974558884	0.0172343044727	0.0
fen-	0.138517618469	0.728230052653	0.0882948562171	0.044957472661
gul-	0.232772031075	0.611202233303	0.115208737704	0.0408169979181
jeb-	0.0554272517322	0.937014486668	0.0	0.00755826159983
rob-	0.0	1.0	0.0	0.0
jol-	0.346495276731	0.285380969842	0.263098885334	0.105024868092
kú--	0.365393409156	0.449262107939	0.100615576434	0.0847289064709
dom-	0.576384256171	0.356237491661	0.0120080053369	0.0553702468312
ŋeé-	0.850746268657	0.149253731343	0.0	0.0
ŋgè-	0.399190059825	0.5211780948	0.0301518637827	0.0494799815923
teg-	0.35119047619	0.361607142857	0.213541666667	0.0736607142857
yíl-	0.629943132172	0.177878380975	0.0830234561365	0.109155030716
jùj-	0.379681467377	0.24412038146	0.125399383721	0.250798767442
càŋ-	0.0296116150326	0.814468691592	0.0257465506016	0.130173142774
job-	0.0	1.0	0.0	0.0
geè-	0.339622641509	0.497641509434	0.141509433962	0.0212264150943
tou-	0.248076923077	0.694230769231	0.0259615384615	0.0317307692308
nén-	0.375	0.486725663717	0.102876106195	0.0353982300885
man-	0.182012847966	0.61670235546	0.0920770877945	0.109207708779
dìò-	0.159420289855	0.753623188406	0.0579710144927	0.0289855072464
pêm-	0.135593220339	0.677966101695	0.0847457627119	0.101694915254
lòl-	0.279736183762	0.35410507164	0.106891062088	0.259267682511
esp-	0.150684931507	0.794520547945	0.027397260274	0.027397260274
bàp-	0.0831924247548	0.874196821103	0.0213053770714	0.0213053770714
arf-	0.0	1.0	0.0	0.0
gou-	0.04	0.798139534884	0.0558139534884	0.106046511628
júê-	0.783333333333	0.0833333333333	0.1	0.0333333333333
gwá-	0.325377496347	0.369215781783	0.159766195811	0.145640526059
soú-	0.419811029457	0.478293089607	0.036682517137	0.0652133637992
cúg-	0.30752688172	0.443010752688	0.094623655914	0.154838709677
sàa-	0.0549338758901	0.749745676501	0.0396744659206	0.155645981689
gag-	0.952268940508	0.0147995687543	0.032931490738	0.0
piì-	0.311475409836	0.590163934426	0.0983606557377	0.0
nua-	0.0512532652806	0.445590823829	0.00952786163653	0.493628049254
loù-	0.0730878671784	0.544772924699	0.0161460208654	0.365993187257
kòb-	0.33924718293	0.314313114361	0.321265883481	0.025173819228
dèk-	0.0	0.723214285714	0.0	0.276785714286
jop-	0.0253164556962	0.960216998192	0.00361663652803	0.0108499095841
mél-	0.299003322259	0.681063122924	0.0199335548173	0.0
wèl-	0.495726495727	0.272934472935	0.121937321937	0.109401709402
duû-	0.166666666667	0.305555555556	0.222222222222	0.305555555556
boa-	0.0421052631579	0.915789473684	0.0421052631579	0.0
naá-	0.551181467926	0.0675363566361	0.0530467781993	0.328235397238
kèh-	0.365384615385	0.440934065934	0.111263736264	0.0824175824175
ant-	0.0536129644365	0.933131082818	0.00176746036604	0.0114884923793
jûf-	0.014368242108	0.839270888928	0.136615667438	0.00974520152602
kì--	0.0857142857143	0.857142857143	0.0571428571428	0.0
ŋgi-	0.473657952505	0.337557373778	0.171422869687	0.0173618040311
mie-	0.313725490196	0.186274509804	0.480392156863	0.0196078431373
màd-	0.0999999999999	0.825	0.075	0.0
joá-	0.0	1.0	0.0	0.0
jìn-	0.551433389545	0.27150084317	0.141652613828	0.035413153457
gei-	0.0	1.0	0.0	0.0
sís-	0.448979591837	0.469387755102	0.0408163265306	0.0408163265306
mar-	0.0223847931458	0.890983965343	0.00125522204556	0.0853760194656
àmp-	0.0	1.0	0.0	0.0
lèh-	0.164649798313	0.760542720939	0.0528052805281	0.02200220022
art-	0.037037037037	0.925925925926	0.0	0.037037037037
taá-	0.161760158408	0.683651699846	0.0374452029343	0.117142938812
wee-	0.41302563167	0.198120952294	0.0799051354556	0.30894828058
die-	0.477469537285	0.189094480873	0.0920597839072	0.241376197935
kéí-	0.173085339168	0.578774617068	0.21750547046	0.0306345733042
jód-	0.0	1.0	0.0	0.0
ŋgá-	0.452227243383	0.25823111685	0.121045836023	0.168495803744
nèb-	0.256916996048	0.743083003952	0.0	0.0
nda-	0.279658270192	0.577003871062	0.110199913161	0.033137945585
tàb-	0.103064823897	0.778391972893	0.0305542649447	0.0879889382654
osí-	0.0	1.0	0.0	0.0
beè-	0.128275075668	0.146607356814	0.0121209121845	0.712996655334
bia-	0.123076923077	0.215384615385	0.630769230769	0.0307692307692
elá-	0.04	0.96	0.0	0.0
bla-	0.131782945736	0.790697674419	0.0775193798449	0.0
fam-	0.804111245466	0.0580411124546	0.0217654171705	0.116082224909
yɔ̀-	0.130477484295	0.833735545297	0.020495807178	0.0152911632293
tèr-	0.0	0.987096774194	0.0129032258064	0.0
cuû-	0.278936497651	0.309006965819	0.276486311356	0.135570225174
keè-	0.428098467454	0.165002402948	0.209323436749	0.19757569285
sam-	0.145370206696	0.119588670965	0.0353761647294	0.69966495761
koù-	0.42962962963	0.411111111111	0.0666666666667	0.0925925925925
daá-	0.423913043478	0.554347826087	0.0	0.0217391304348
bag-	0.132574793367	0.41873983623	0.353050224413	0.0956351459898
caá-	0.295238095238	0.25367965368	0.183982683983	0.267099567099
lib-	0.2187742436	0.716058960435	0.055857253685	0.00930954228083
jak-	0.0199185935741	0.960336018013	0.0114315406599	0.00831384775266
gè`-	0.0978260869565	0.820652173913	0.0652173913043	0.0163043478261
sum-	0.215382866907	0.565529892554	0.144999767893	0.0740874726461
dar-	0.240223463687	0.671787709497	0.0628491620112	0.0251396648045
mèg-	0.61822985469	0.188903566711	0.105680317041	0.0871862615588
pùj-	0.0357142857143	0.964285714286	0.0	0.0
mvu-	0.245647512114	0.647817988334	0.0661566089808	0.0403778905708
arâ-	0.120967741935	0.846774193548	0.0241935483871	0.00806451612901
kul-	0.498314295359	0.38512829275	0.0722165036527	0.0443409082385
nóm-	0.762295081967	0.0983606557377	0.106557377049	0.0327868852459
mik-	0.051724137931	0.948275862069	0.0	0.0
bɔr-	0.133779264214	0.503901895206	0.351170568562	0.0111482720178
saâ-	0.158243669166	0.4087599174	0.419302249755	0.0136941636778
fés-	0.032904148784	0.949928469242	0.0	0.0171673819743
kêh-	0.523549488055	0.329010238908	0.0518771331058	0.0955631399317
jàt-	0.330396475771	0.343612334802	0.145374449339	0.180616740088
