-tə̄	0.0160989559092	0.0598211246954	0.00744169538677	0.916638224009
-tə̀	0.0940258777485	0.232894401241	0.0537610884691	0.619318632541
-ūmù	0.0	0.936170212766	0.063829787234	0.0
-əmè	0.118313489392	0.437138625478	0.363130662255	0.0814172228741
-can	0.483870967742	0.451612903226	0.0645161290323	0.0
-car	0.753951347446	0.171401682411	0.0241344858654	0.0505124842776
-hen	0.137254901961	0.267973856209	0.281045751634	0.313725490196
-lɔn	0.0863373749783	0.686337260773	0.0421451621233	0.185180202125
-rbe	0.0963855421687	0.897382633984	0.00623182384711	0.0
-ùtù	0.0742430545714	0.810296195043	0.0788512441655	0.0366095062197
-pār	0.209080280592	0.239477786438	0.062938425565	0.488503507405
-àkā	0.163004394726	0.821014782261	0.0143827407111	0.00159808230124
-ufu	0.173553719008	0.793388429752	0.0330578512397	0.0
-akī	0.0810012656448	0.853185206019	0.0472507382928	0.0185627900436
-shi	0.237032731588	0.470212569838	0.0496152517061	0.243139446868
-əre	0.157495256167	0.831119544592	0.0	0.011385199241
-hwā	0.81052631579	0.147368421053	0.0105263157895	0.0315789473684
-àbŭ	0.0678918813236	0.783518256024	0.0938462290435	0.0547436336086
-oyi	0.0494590417311	0.904173106646	0.0185471406491	0.0278207109737
-uru	0.0632911392405	0.907497565725	0.00389483933788	0.0253164556962
-rìn	0.191513534222	0.743107388668	0.0318902994835	0.0334887776266
-àkī	0.170568561873	0.404682274248	0.309364548495	0.115384615385
-kpî	0.107142857143	0.659090909091	0.155844155844	0.077922077922
-kpà	0.294078845258	0.640598323762	0.0390928139066	0.0262300170728
-pə̄	0.601054817069	0.137884895418	0.0442893257593	0.216770961754
-̄cā	0.399433427762	0.600566572238	0.0	0.0
-pla	0.42710063102	0.342079043507	0.0846894719362	0.146130853537
-nti	0.0703068374004	0.80864943223	0.0202947571877	0.100748973182
-pə̆	0.153887688985	0.703563714903	0.126349892009	0.0161987041037
-̄jī	0.117542852764	0.81213997238	0.0565356477277	0.0137815271285
-nta	0.0	0.763878608438	0.19541080681	0.040710584752
-nyu	0.242990654206	0.448598130841	0.271028037383	0.0373831775701
-nte	0.0493827160494	0.934156378601	0.0	0.0164609053498
-yùn	0.375021803593	0.521483807198	0.0790743647887	0.02442002442
-lku	0.105263157895	0.894736842105	0.0	0.0
-ədè	0.230832772944	0.283587967559	0.0726527558528	0.412926503644
-yàn	0.132012159371	0.79449941819	0.0290904826765	0.0443979397624
-pun	0.308681672026	0.305466237942	0.0192926045016	0.366559485531
-ntu	0.0812215580537	0.839515417917	0.0200284474851	0.0592345765446
-grì	0.376886792453	0.372641509434	0.122641509434	0.127830188679
-nme	0.12729447719	0.12134611025	0.531044903571	0.22031450899
-̄de	0.0568229857506	0.0821734702312	0.0270131200537	0.833990423964
-iva	0.0	0.92	0.08	0.0
-pri	0.428571428571	0.357142857143	0.214285714286	0.0
-eza	0.0	1.0	0.0	0.0
-gyà	0.636607672016	0.338012620129	0.0	0.0253797078545
-cwe	0.496978851964	0.36253776435	0.0996978851964	0.0407854984894
-əsō	0.0595268379548	0.930552022386	0.00457898753497	0.00534215212414
-ādə	0.292915492914	0.166620186568	0.0805244208527	0.459939899666
-ywɛ	0.265486725664	0.353982300885	0.256637168142	0.12389380531
-ywə	0.303797468354	0.221518987342	0.43670886076	0.0379746835443
-inɔ	0.104166666667	0.895833333333	0.0	0.0
-opa	0.159068865179	0.785160038797	0.0305528612997	0.0252182347236
-əjā	0.195612265712	0.340989959885	0.408760737031	0.0546370373728
-imu	0.0	0.99512195122	0.00487804878049	0.0
-lɔm	0.0287474332649	0.946611909651	0.0123203285421	0.0123203285421
-bwā	0.521843687375	0.385971943888	0.0529058116233	0.0392785571142
-ima	0.118263473054	0.785179640719	0.0336826347306	0.062874251497
-ɔli	0.0148270181219	0.836902800659	0.00988467874795	0.138385502471
-əmu	0.109563014566	0.85792695799	0.0206881992822	0.0118218281613
-kim	0.0	1.0	0.0	0.0
-imi	0.0359520639148	0.946071904128	0.0139813581891	0.00399467376831
-ākī	0.0932642487046	0.860103626943	0.0310880829016	0.0155440414508
-ɔla	0.0709555345317	0.914853358562	0.0141911069063	0.0
-nyə	0.800152829083	0.0366004735311	0.00542953013111	0.157817167255
-ndē	0.365660669892	0.272127028255	0.174556924804	0.187655377048
-ɔle	0.096256684492	0.839572192513	0.0320855614973	0.0320855614973
-pàn	0.275512118256	0.575073159751	0.0926690177834	0.0567457042095
-mfū	0.350051177073	0.477993858751	0.165813715455	0.00614124872057
-cər	0.11263467189	0.687561214496	0.0176297747306	0.182174338883
-lān	0.198694794925	0.699055524091	0.0826034540699	0.0196462269139
-wūr	0.159176602466	0.813920309793	0.0269030877407	0.0
-òro	0.0636363636364	0.790909090909	0.145454545455	0.0
-kpu	0.0851063829787	0.716312056738	0.148936170213	0.0496453900709
-ncɛ	0.0419701733795	0.885098049928	0.0688035629173	0.00412821377504
-ida	0.061004784689	0.845693779904	0.0861244019139	0.00717703349283
-kpi	0.265990583122	0.734009416878	0.0	0.0
-kpm	0.411719768226	0.48711851801	0.0551485464505	0.0460131673129
-bin	0.617891688744	0.258147988417	0.0518760396772	0.0720842831618
-pàr	0.314998375041	0.319683674575	0.198624201062	0.166693749323
-ekə	0.406928826342	0.399703723655	0.079940744731	0.113426705272
-idu	0.034159745207	0.904889777056	0.0475863361019	0.0133641416349
-dɛn	0.0862068965517	0.655172413793	0.224137931034	0.0344827586207
-əme	0.0897955939122	0.607718896351	0.272575249326	0.0299102604115
-uta	0.0	1.0	0.0	0.0
-rin	0.471934716927	0.429752680682	0.0705044250394	0.0278081773517
-utu	0.244856214655	0.54036818674	0.0649741306702	0.149801467934
-ɔ̂n	0.215377268386	0.663801337154	0.0907354345749	0.0300859598854
-àfà	0.181818181818	0.366336633663	0.26102610261	0.190819081908
-swɛ	0.292264426329	0.250961161938	0.430208963725	0.0265654480083
-mfē	0.686274509804	0.248366013072	0.0130718954248	0.0522875816994
-are	0.0304630381803	0.663078797726	0.306458164094	0.0
-nze	0.489932885906	0.342281879195	0.127516778523	0.0402684563758
-bìn	0.443923723336	0.351486748546	0.0610859728507	0.143503555268
-ùcī	0.103692375579	0.304803734234	0.477450519201	0.114053370986
-ara	0.0715728715729	0.86608946609	0.0311688311688	0.0311688311688
-bīn	0.585604748949	0.263269849122	0.0952263170913	0.055899084838
-ūjì	0.203603603604	0.20990990991	0.027027027027	0.559459459459
-aro	0.0664105378704	0.809824368826	0.0721734357849	0.0515916575192
-wər	0.332737748267	0.213304892817	0.422140011943	0.0318173469724
-gya	0.416873449132	0.535980148883	0.0397022332507	0.00744416873449
-nzu	0.365888931739	0.176308008742	0.431450057848	0.0263530016712
-lun	0.405767412543	0.556413488812	0.0330917113142	0.0047273873306
-yùr	0.513329491366	0.337580841391	0.08121491537	0.0678747518729
-cīn	0.198154808697	0.567979173621	0.0371245813726	0.196741436309
-aya	0.0458249832999	0.93961255845	0.00641282565131	0.00814963259853
-̀gu	0.179119357051	0.167719241568	0.142606922041	0.51055447934
-hŭn	0.104651162791	0.832558139535	0.0348837209302	0.0279069767442
-ila	0.0761822941957	0.901236370551	0.0101021762974	0.0124791589556
-ayi	0.0586383236052	0.91059972656	0.0270810327602	0.0036809170742
-wùr	0.635386762886	0.225526087071	0.0741657668098	0.0649213832337
-prē	0.0508881421027	0.725876140183	0.217474795967	0.00576092174748
-nmē	0.17608631977	0.185830241954	0.0506524177129	0.587431020563
-vun	0.404489590742	0.344026536651	0.0653224456143	0.186161426993
-kɔn	0.140760197775	0.627008652658	0.216625463535	0.0156056860321
-yur	0.233628909903	0.159619958221	0.0695270832293	0.537224048647
-wàr	0.425745838141	0.481438748787	0.0743548889255	0.018460524147
-ubu	0.00923245832917	0.989669627707	0.000898293242839	0.000199620720631
-ggə	0.108597312814	0.740762325678	0.0216407688579	0.128999592649
-sɔn	0.46505532714	0.348720423925	0.058568307201	0.127655941735
-mfù	0.0410958904109	0.753424657534	0.205479452055	0.0
-uba	0.0	1.0	0.0	0.0
-wàn	0.518248175182	0.388905109489	0.0718248175182	0.0210218978102
-ili	0.00430386979642	0.97689549983	0.0149299123559	0.00387071801819
-ufa	0.0338983050847	0.864406779661	0.101694915254	0.0
-ota	0.0	0.747292418773	0.252707581227	0.0
-ija	0.0	0.95652173913	0.0434782608696	0.0
-pān	0.118254841033	0.247625611354	0.0184558361134	0.6156637115
-ɛba	0.0	1.0	0.0	0.0
-̀bè	0.0914390917459	0.326173672906	0.541884013501	0.0405032218472
-tăn	0.283018867925	0.345911949686	0.220125786164	0.150943396226
-nər	0.50729952747	0.220513905541	0.12243458636	0.149751980629
-uma	0.0	0.871657754011	0.128342245989	0.0
-otu	0.0689655172414	0.896551724138	0.0344827586207	0.0
-ncə	0.116427432217	0.744816586922	0.138755980861	0.0
-mɛ̄	0.60683087291	0.348035779067	0.033994119912	0.0111392281105
-jə̄	0.3645822044	0.473393302265	0.119865611791	0.0421588815433
-sə̄	0.736413918643	0.06879890779	0.0305488206812	0.164238352886
-èkī	0.333333333333	0.611111111111	0.0	0.0555555555556
-jə̀	0.0596074807267	0.170821274836	0.756292711399	0.0132785330382
ALL	0.205624828059	0.273459912775	0.0513387842482	0.469576474918
-brè	0.0389111513185	0.887460955615	0.0462148822487	0.0274130108182
-nan	0.494892546766	0.263872826736	0.0579176575973	0.1833169689
-aki	0.292543022267	0.156875941375	0.0926209157588	0.457960120599
-ake	0.0	0.931297709924	0.0687022900763	0.0
-bwà	0.60369440117	0.384859949766	0.00667662862048	0.00476902044322
-jūn	0.124789118515	0.832191058625	0.0158161113454	0.0272037115141
-mpə	0.154505353122	0.664912925608	0.115448237835	0.0651334834352
-yàr	0.457489878543	0.368421052632	0.0728744939271	0.101214574899
-glə	0.263349404166	0.130514873101	0.0320658600928	0.57406986264
-aku	0.0165388302972	0.972435282838	0.00575263662512	0.00527325023969
-yən	0.525423728814	0.338983050847	0.101694915254	0.0338983050847
-zə̄	0.0712799568468	0.874431686831	0.0243507744471	0.0299375818756
-sə̀	0.713244716664	0.0332982276972	0.0078217232181	0.245635332421
-zə̀	0.057754782818	0.879196245939	0.0401877030441	0.0228612681988
-yə̀	0.0884202230083	0.0231389540674	0.00715599524814	0.881284827676
-̀kì	0.237986270023	0.480549199085	0.205949656751	0.0755148741419
-lki	0.0	1.0	0.0	0.0
-wur	0.6285839581	0.213515883965	0.131605313591	0.026294844344
-mon	0.0	1.0	0.0	0.0
-yər	0.50181312353	0.151424538424	0.0289053410153	0.317856997031
-grē	0.182116488925	0.768662838392	0.039376538146	0.00984413453651
-ùci	0.261665141812	0.0850869167429	0.422689844465	0.230558096981
-nàr	0.559440559441	0.300699300699	0.111888111888	0.027972027972
-hɛn	0.446722060336	0.295115569247	0.21556023347	0.0426021369468
-mfa	0.0188679245283	0.981132075472	0.0	0.0
-ben	0.0	1.0	0.0	0.0
-bɔ̀	0.321203900585	0.337191827571	0.040227636465	0.301376635379
-rīn	0.0740473530916	0.670370883659	0.0648336056053	0.190748157644
-bɔ̂	0.62763915547	0.170825335892	0.172744721689	0.0287907869482
-yan	0.0435846459703	0.892185349442	0.0504664321761	0.0137635724117
-ofa	0.0	0.813953488372	0.186046511628	0.0
-pər	0.751479289941	0.14201183432	0.0710059171597	0.0355029585798
-zɔn	0.0	1.0	0.0	0.0
-pɔn	0.180748053921	0.774064932599	0.0	0.0451870134802
-isi	0.037037037037	0.962962962963	0.0	0.0
-ish	0.0	0.977272727273	0.0227272727273	0.0
-arō	0.528662420382	0.28025477707	0.0382165605096	0.152866242038
-yɔ̄	0.470364437903	0.11784282374	0.0216945697565	0.3900981686
-eyɔ	0.171428571429	0.828571428571	0.0	0.0
-isa	0.0169515468286	0.962424071196	0.0144088148043	0.00621556717051
-ɔ̆n	0.11871784725	0.595172140878	0.235061337554	0.0510486743174
-bɛ̀	0.470706654216	0.488121369408	0.0319552747426	0.00921670163354
-umì	0.0	0.870967741935	0.0	0.129032258065
-bɛ̂	0.259067357513	0.419689119171	0.0	0.321243523316
-kpă	0.0582147477361	0.744501940492	0.197283311772	0.0
-bɛ̄	0.319394581219	0.233539207005	0.0398014110573	0.407264800719
-dɔn	0.392409108095	0.193079897064	0.0143853743612	0.40012562048
-ĭgĭ	0.254199683043	0.433914421553	0.175911251981	0.135974643423
-kūr	0.292221087662	0.56300956029	0.0861060996451	0.0586632524033
-gyū	0.0455142231947	0.84113785558	0.104595185996	0.00875273522975
-bwi	0.282828282828	0.434343434343	0.262626262626	0.020202020202
-rɛn	0.301268012821	0.300286556042	0.0448495411255	0.353595890012
-gàn	0.407873478896	0.326747722292	0.133606305424	0.131772493388
-grĕ	0.0666666666667	0.3	0.633333333333	0.0
-nzū	0.559880239521	0.170658682635	0.0898203592815	0.179640718563
-bwa	0.343629343629	0.51093951094	0.118404118404	0.027027027027
-àdə	0.420466708607	0.152965268138	0.0546286772204	0.371939346035
-arū	0.0117869370802	0.865691282032	0.0872545167668	0.0352672641209
-àkì	0.0886075949366	0.862670169573	0.0085980415572	0.0401241939336
-kpĭ	0.203285420945	0.533880903491	0.0657084188912	0.197125256673
-gàr	0.330307601457	0.29454842048	0.330737343086	0.0444066349769
-man	0.142484273841	0.258705778125	0.0162887907847	0.58252115725
-tăr	0.0478902953586	0.0694092827005	0.755696202532	0.127004219409
-jun	0.514173415912	0.378156264888	0.0500238208671	0.0576464983325
-plā	0.160962767958	0.58217374953	0.160210605491	0.0966528770214
-ɔra	0.0	0.959595959596	0.0	0.040404040404
-ūgū	0.00797628981671	0.97607113055	0.0	0.0159525796334
-plɔ	0.441558441559	0.219155844156	0.214285714286	0.125
-adi	0.0293762575453	0.91509054326	0.00965794768611	0.045875251509
-ɔru	0.310559006211	0.478260869565	0.0621118012422	0.149068322981
-̄ne	0.0689655172414	0.689655172414	0.137931034483	0.103448275862
-nka	0.345692529124	0.463580558255	0.0953634563102	0.0953634563102
-grè	0.178294573643	0.651162790698	0.108527131783	0.062015503876
-myŏ	0.0392156862745	0.343137254902	0.617647058824	0.0
-glā	0.699566041061	0.125363468147	0.00793021411578	0.167140276676
-nə̀	0.590718713352	0.182610152454	0.0958284469761	0.130842687217
-nə̄	0.391870014197	0.0365678628006	0.0076871089574	0.563875014045
-ada	0.00898539872707	0.991014601273	0.0	0.0
-gan	0.445905104686	0.343214322656	0.0989085871759	0.111971985482
-jər	0.1875	0.78125	0.03125	0.0
-eku	0.0125	0.9625	0.0125	0.0125
-mpā	0.219981668194	0.39596700275	0.343721356554	0.0403299725023
-tru	0.0385542168675	0.913253012048	0.0481927710843	0.0
-ìrì	0.111587982833	0.688841201717	0.144849785408	0.0547210300429
-144	0.0716417910447	0.107462686567	0.0	0.820895522388
-gat	0.0	1.0	0.0	0.0
-gar	0.265672653338	0.569129108777	0.0991189427313	0.0660792951542
-əwu	0.024	0.976	0.0	0.0
-̄gu	0.132059969293	0.213468533795	0.0730164121426	0.581455084769
-gwa	0.12530354541	0.784847013113	0.0869354055367	0.00291403593978
-ywa	0.111421664904	0.828712796495	0.0118975676084	0.0479679709926
-əkē	0.445193330968	0.453352252572	0.0170273146506	0.0844271018091
-ywe	0.601402943573	0.111293137481	0.00413783894618	0.28316608
-əbū	0.204149377593	0.711203319502	0.0597510373444	0.0248962655602
-ina	0.0183823529412	0.963235294118	0.00367647058824	0.0147058823529
-ywi	0.101125801051	0.848299751746	0.0249408232781	0.0256336239247
-bə̄	0.00919431236192	0.0714866600854	0.00286509157744	0.916453935975
-ūrū	0.0959811520469	0.817973845051	0.0747772049032	0.0112677979991
-iki	0.0594439117929	0.908916586769	0.0316395014382	0.0
-ywu	0.144533424693	0.634276904629	0.216693075243	0.00449659543489
-prɛ	0.276422764228	0.600191296031	0.051649928264	0.0717360114778
-inu	0.0493730407523	0.908307210031	0.0188087774295	0.0235109717868
-rɔ̄	0.573485302939	0.257348530294	0.0953809238153	0.0737852429514
-nàn	0.255035731178	0.0945117222096	0.0986080268642	0.551844519748
-kur	0.374786583687	0.45145123093	0.0815112628738	0.0922509225093
-ede	0.250396196513	0.625990491284	0.11410459588	0.00950871632332
-edi	0.0124777183601	0.98752228164	0.0	0.0
-bla	0.295608386732	0.435666300222	0.212112722577	0.0566125904691
-glō	0.128254580521	0.790807904156	0.0569766111502	0.0239609041727
-ntə	0.104954771289	0.873601232275	0.0108730122774	0.0105709841586
-̀cu	0.089066315934	0.591504489266	0.312831689916	0.00659750488399
-rsu	0.00719424460432	0.920863309352	0.0719424460432	0.0
-əno	0.0	1.0	0.0	0.0
-kun	0.030303030303	0.939393939394	0.0	0.030303030303
-mùn	0.308166361265	0.230971807398	0.0770494750354	0.383812356301
-gùr	0.105852766347	0.274119798811	0.0539551897577	0.566072245085
-ban	0.326121762914	0.108671726933	0.0792241740438	0.485982336109
-kpə	0.273877645734	0.455971645031	0.0566779935189	0.213472715716
-eka	0.116465863454	0.803212851406	0.0481927710843	0.0321285140562
-̄mī	0.0614232209738	0.884644194757	0.0	0.0539325842697
-ākū	0.00671140939597	0.953020134228	0.0134228187919	0.0268456375839
-gga	0.0891312753098	0.475610996927	0.172768156936	0.262489570827
-rɛ̀	0.608540925267	0.230447630113	0.0420139238306	0.11899752079
-ə̄r	0.134548906207	0.236824566635	0.0755929619097	0.553033565248
-rɛ̂	0.370948379352	0.416566626651	0.140456182473	0.0720288115246
-ràn	0.370071684588	0.411589008363	0.172640382318	0.0456989247312
-kpɔ	0.312247644684	0.423283983849	0.21601615074	0.0484522207269
-rɛ̆	0.375197358978	0.408066599684	0.0961676474811	0.120568393857
-kan	0.32721961665	0.042011897737	0.0427297892948	0.588038696318
-fɔ̀	0.716051197078	0.171334527737	0.0400503040794	0.0725639711054
-̀jī	0.0470873255856	0.858410142446	0.0897664760101	0.00473605595832
-hyɛ	0.101132601316	0.168465278069	0.730402120615	0.0
-̀jĭ	0.460869565217	0.2	0.0521739130435	0.286956521739
-tùr	0.471055979644	0.298664122137	0.0610687022901	0.169211195929
-sùr	0.372547256792	0.597088426205	0.0132855920938	0.017078724909
-nkì	0.303519111178	0.646373538938	0.0279286868202	0.0221786630631
-̄nè	0.274193548387	0.274193548387	0.451612903226	0.0
-ɔsu	0.0626086956522	0.926956521739	0.0104347826087	0.0
-ɔrù	0.375609756098	0.226829268293	0.0987804878049	0.298780487805
-yɔn	0.471195184867	0.454858125537	0.0601891659501	0.0137575236457
-rān	0.115384615385	0.730769230769	0.102564102564	0.0512820512821
-ase	0.0	1.0	0.0	0.0
-kān	0.376602324403	0.325084668888	0.0642876554095	0.234025351299
-asa	0.053317535545	0.86887835703	0.0304107424961	0.0473933649289
-zɔ̆	0.0800554366377	0.0897799248559	0.104957089023	0.725207549484
-asi	0.0	0.774901419335	0.173152754357	0.0519458263072
-zɔ̂	0.137959866221	0.201452759197	0.564956103679	0.095631270903
-pə̀	0.121364995676	0.554082243369	0.111849153064	0.212703607891
-asu	0.0744810744811	0.899877899878	0.00610500610501	0.019536019536
-hyī	0.470588235294	0.254901960784	0.196078431373	0.078431372549
-bɛl	0.14518057427	0.84627939195	0.00854003378059	0.0
-sàn	0.327338129496	0.651079136691	0.0	0.0215827338129
-àdā	0.0632911392405	0.841772151899	0.0632911392405	0.0316455696203
-dɔ̄	0.356666666667	0.463333333333	0.02	0.16
-tso	0.477064220183	0.0793497505231	0.10043457267	0.343151456623
-̄mē	0.411833977692	0.199551170955	0.16131182509	0.227303026263
-nār	0.246828143022	0.609573241061	0.0536332179931	0.0899653979238
-ywâ	0.133683815246	0.796094630116	0.0232820127676	0.0469395418701
-hɛ̄	0.625524389492	0.101416081636	0.243608446874	0.0294510819986
-ywà	0.220440881764	0.647294589178	0.0300601202405	0.102204408818
-hɛ̂	0.701149425287	0.275862068965	0.0229885057471	0.0
-ywè	0.728230808042	0.0365914113833	0.00353037452991	0.231647406045
-ita	0.0479360852197	0.894616701541	0.0467947498574	0.0106524633822
-ywî	0.248541801685	0.353208036293	0.359364873623	0.0388852883992
-ran	0.246674727932	0.376662636034	0.333131801693	0.043530834341
-sūr	0.461992136304	0.37745740498	0.121887287025	0.0386631716907
-gyɛ	0.463645943098	0.536354056902	0.0	0.0
-gyə	0.218181818182	0.363636363636	0.0	0.418181818182
-era	0.0	1.0	0.0	0.0
-gyɔ	0.883920059047	0.0685860323115	0.00892037053003	0.0385735381113
-arɛ	0.0	1.0	0.0	0.0
-swe	0.292151229078	0.296903361153	0.135267022392	0.275678387376
-gbù	0.076577769481	0.76698994434	0.0179252633136	0.138507022865
-swa	0.233144726975	0.559615515713	0.207239757311	0.0
-blè	0.0895522388059	0.874626865672	0.0358208955224	0.0
-azu	0.283442469598	0.502338634238	0.147801683817	0.066417212348
-yə̆	0.442081701175	0.365416899832	0.0973698936766	0.0951315053162
-blà	0.594936708861	0.379746835443	0.0253164556962	0.0
-ənè	0.0595377705963	0.474442488119	0.0109350842846	0.455084657
-har	0.357397644921	0.337467083255	0.268418363812	0.0367169080118
-̀tù	0.0742691990091	0.753580276041	0.144673823287	0.0274767016633
-nri	0.160714285714	0.589285714286	0.196428571429	0.0535714285715
-sər	0.124020659902	0.662762589227	0.18301746815	0.0301992827206
-̀kā	0.0714285714286	0.821428571429	0.107142857143	0.0
-zər	0.560365128232	0.211434731927	0.0616386625912	0.16656147725
-aza	0.0144	0.9376	0.0	0.048
-̀mē	0.124204458003	0.324336296805	0.0388234484477	0.512635796744
-tàn	0.650490594885	0.234836838174	0.102336416148	0.0123361507935
-ike	0.181818181818	0.636363636364	0.060606060606	0.121212121212
-ākì	0.0	1.0	0.0	0.0
-ika	0.123528237877	0.839752544402	0.0145679505089	0.0221512672121
-əze	0.138128116431	0.382349340423	0.39155049165	0.0879720514961
-ywī	0.041997893534	0.0331712104148	0.00817477246404	0.916656123587
-lan	0.187073059393	0.661747993798	0.118347716798	0.0328312300107
-ihu	0.0	1.0	0.0	0.0
-blā	0.649301949925	0.26755220953	0.0105284412138	0.0726173993308
-ɔrū	0.867131269279	0.120301610876	0.0	0.0125671198446
-wăr	0.245833333333	0.594791666667	0.121875	0.0375
-iku	0.0265610438024	0.97064305685	0.00279589934762	0.0
-shɛ	0.30320855615	0.377807486631	0.272459893048	0.0465240641711
-ânē	0.199886104784	0.404897494305	0.364464692483	0.0307517084282
-ŭkì	0.152542372881	0.728813559322	0.118644067797	0.0
-ūgu	0.104051837711	0.869330250316	0.021778291614	0.00483962035867
-ɔkī	0.100586756077	0.523470243085	0.350796311819	0.0251466890193
-ɛ̆n	0.195095235197	0.169780320088	0.0372421347289	0.597882309986
-tàr	0.0994848679974	0.168330113758	0.114241253488	0.617943764756
-nkū	0.0255087580069	0.839748313588	0.118870812312	0.0158721160932
-ywă	0.150943396226	0.150943396226	0.584905660377	0.11320754717
-ywā	0.0486177465676	0.051974128673	0.295044020553	0.604364104207
-ūfù	0.347826086957	0.652173913043	0.0	0.0
-ggà	0.172067722095	0.313314220732	0.0815083380751	0.433109719098
-̄bə	0.21360994874	0.244129997402	0.0408874623373	0.501372591521
-aha	0.0444444444444	0.911111111111	0.0296296296296	0.0148148148148
-evi	0.0200461446273	0.979953855373	0.0	0.0
-ywē	0.433371926703	0.276349593568	0.0152385904032	0.275039889326
-aka	0.0819592155332	0.836081568934	0.0263440335642	0.0556151819689
-əka	0.0386246440609	0.459254983148	0.457977922436	0.0441424503552
-inē	0.13551702231	0.487739840944	0.0811628552969	0.295580281449
-sar	0.38260654892	0.540084593854	0.0456402721803	0.031668585045
-kàn	0.273807259546	0.0257503173045	0.000685146366161	0.699757276783
-ibu	0.037037037037	0.944444444445	0.0185185185185	0.0
-̄gā	0.0982142857143	0.791666666667	0.106398809524	0.00372023809524
-jùn	0.326154049645	0.492416560116	0.0727481151625	0.108681275076
-oli	0.0408163265306	0.959183673469	0.0	0.0
-ibi	0.0708446866485	0.925068119891	0.0	0.00408719346049
-əbu	0.0	1.0	0.0	0.0
-ūbū	0.0470329764089	0.710123288256	0.139925771085	0.102917964251
-nkī	0.0898979324784	0.813661345198	0.0858414027741	0.0105993195499
-̄nē	0.0128794304052	0.328199273419	0.0131640539196	0.645757242256
-tɔ̀	0.184947061313	0.763731539801	0.0381470378014	0.0131743610844
-əsə	0.218649517685	0.721061093248	0.0554662379421	0.00482315112541
-tɔ̄	0.365823653011	0.387249191643	0.107312771494	0.139614383852
-esi	0.00676889073076	0.991780632684	0.000414421881475	0.00103605470369
-băn	0.357114948816	0.342033289052	0.101586309291	0.19926545284
-krɛ	0.326283926504	0.291846149767	0.190532837232	0.191337086497
-hwə	0.0431372549019	0.76619406737	0.178903971845	0.0117647058824
-nkā	0.319685233001	0.264723964097	0.415590802902	0.0
-tər	0.587778268867	0.264881738448	0.027802648005	0.11953734468
-ə̀r	0.166107408481	0.20556938275	0.0890352131937	0.539287995574
-ɔlo	0.0458789010403	0.928514270472	0.0144038410243	0.0112029874633
-lɔ̀	0.446140530333	0.278857502557	0.246675584232	0.0283263828783
-nzŭ	0.519452054795	0.216438356164	0.0460273972603	0.218082191781
-lɔ̄	0.464680687548	0.317358338488	0.195256705843	0.0227042681212
-rdu	0.0215962441315	0.978403755869	0.0	0.0
-āki	0.104733923523	0.84961754742	0.0235605311263	0.0220879979309
-gla	0.731420585334	0.155705360079	0.0829496876028	0.0299243669845
-̀me	0.0	1.0	0.0	0.0
-ipa	0.0934844192634	0.762039660057	0.110481586402	0.0339943342776
-swĕ	0.312366281558	0.41377834831	0.212237911853	0.0616174582799
-ukī	0.253858003942	0.557899832119	0.12155065443	0.06669150951
-ìjī	0.00224887556222	0.798350824588	0.19940029985	0.0
-swē	0.0987682826682	0.155093199681	0.0115429633734	0.734595554278
-wə̆	0.0414232607541	0.933085501859	0.00637280934678	0.0191184280404
-wə̄	0.0824822821886	0.183768881375	0.0168075739142	0.716941262522
-wə̀	0.104784261658	0.209239661708	0.0666882357763	0.619287840858
-jār	0.188679245283	0.77358490566	0.0377358490566	0.0
-ànē	0.400843881857	0.290084388186	0.261603375527	0.0474683544304
-nyū	0.211386995831	0.678318986328	0.0324433366571	0.0778506811842
-əmē	0.0750122257908	0.0390275871384	0.0326700714604	0.85329011561
-yŭn	0.165916607927	0.668004120805	0.117280268937	0.0487990023315
-jān	0.0380434782609	0.858695652174	0.070652173913	0.0326086956522
-əkì	0.437054631829	0.513064133017	0.0213776722091	0.0285035629453
-̀kū	0.0180760304645	0.950871114307	0.0187134311771	0.0123394240513
-mbŭ	0.126620848427	0.768637640925	0.104741510648	0.0
-awu	0.224550898204	0.736526946108	0.0359281437126	0.00299401197605
-glà	0.774443368829	0.147246140521	0.0522239771743	0.0260865134764
-kùr	0.40464875547	0.426904437021	0.0882900565299	0.0801567509797
-nān	0.351139208438	0.358125734759	0.103110271579	0.187624785224
-bàn	0.423259374669	0.292323662625	0.0961770588246	0.188239903881
-ekī	0.218584545353	0.728748538762	0.0377315218282	0.014935394057
-stu	0.0592356496377	0.921820970021	0.0135309859578	0.00541239438314
-əya	0.0061099796334	0.993890020367	0.0	0.0
-̄me	0.72972972973	0.189189189189	0.0	0.0810810810811
-mpà	0.222719522592	0.640522875817	0.0758027848821	0.0609548167093
-ə̄n	0.78015675779	0.166316191933	0.0535270502772	0.0
-pɔ̆	0.145978315782	0.700272659611	0.0305277846693	0.123221239937
-glò	0.498657611874	0.22167657977	0.0175592766935	0.262106531663
-pɔ̄	0.0808867585381	0.892150988616	0.00898741761534	0.0179748352307
-̀sà	0.0636363636364	0.463636363636	0.209090909091	0.263636363636
-pɔ̀	0.0505685507827	0.867153930116	0.0752310816972	0.00704643740415
-bwɔ	0.0685871056241	0.910836762689	0.0	0.0205761316872
-glo	0.254508414823	0.52706293625	0.0762166128285	0.142212036098
-cə̆	0.3	0.69	0.01	0.0
-cə̄	0.125416669503	0.612058607046	0.0626265768183	0.199898146633
-lfa	0.0	1.0	0.0	0.0
-nyī	0.281144781145	0.54797979798	0.170875420875	0.0
-ərɛ	0.414186859291	0.393162659277	0.158557184112	0.03409329732
-eyu	0.0	1.0	0.0	0.0
-lŭn	0.0713640469738	0.917795844625	0.00813008130082	0.00271002710026
-dàn	0.950781861301	0.0168490280307	0.00347148077528	0.0288976298933
-uci	0.439787485242	0.296536796537	0.107241243605	0.156434474616
-bùr	0.123348017621	0.814977973568	0.0528634361233	0.00881057268722
-ɛda	0.00546448087433	0.994535519126	0.0	0.0
-gɔn	0.0507469751647	0.769756274859	0.119595632174	0.059901117802
-̀bə	0.175806003712	0.350338353479	0.0737362116521	0.400119431157
-200	0.0895522388059	0.440298507463	0.0	0.470149253731
-gɔg	0.0353982300885	0.929203539823	0.0353982300885	0.0
-oba	0.0	1.0	0.0	0.0
-yār	0.124961081667	0.45809695171	0.281652677716	0.135289288907
-zān	0.19802237835	0.340098881083	0.363257871455	0.0986208691127
-cɔ̀	0.389501438159	0.533796740173	0.0431447746884	0.0335570469799
-mun	0.214092534045	0.428946149979	0.0708720249746	0.286089291002
-əzè	0.168867859318	0.244143697294	0.506105238773	0.0808832046152
-krū	0.412087912088	0.412087912088	0.175824175824	0.0
-dār	0.181818181818	0.474025974026	0.237012987013	0.107142857143
-sɛ̀	0.164545128152	0.28318885173	0.32149206711	0.230773953008
-ɛkū	0.725139962677	0.183984270861	0.0307251399627	0.0601506264996
-sɛ̂	0.133041969278	0.303404246203	0.369025430083	0.194528354436
-zār	0.80701754386	0.157894736842	0.0350877192982	0.0
-sɛ̄	0.0446932814021	0.924342745862	0.0280428432327	0.00292112950341
-sɛ̆	0.144094001237	0.676561533704	0.0847247990105	0.0946196660482
-ūci	0.395289510209	0.137645570105	0.10295459446	0.364110325226
-ryo	0.0384615384615	0.807692307692	0.153846153846	0.0
-īcī	0.151424287856	0.31784107946	0.314842578711	0.215892053973
-yān	0.228168535508	0.691301393136	0.0632008154944	0.0173292558614
-fta	0.0	1.0	0.0	0.0
-ùkì	0.0471283042587	0.928038613427	0.00787448264412	0.0169585996703
-dər	0.245362163319	0.534097257357	0.0864844363656	0.134056142959
-ūji	0.417910447761	0.318407960199	0.0	0.26368159204
-ifi	0.114285714286	0.8	0.0571428571428	0.0285714285714
-ùmū	0.127781765973	0.814788226849	0.0552763819096	0.00215362526921
-ndu	0.449759675403	0.423011969569	0.0301936769494	0.0970346780793
-san	0.0556204150621	0.84045723048	0.0292739026643	0.0746484517939
-alo	0.0378250591016	0.952718676123	0.00945626477542	0.0
-êrè	0.300128810648	0.373550880206	0.215543151567	0.110777157578
-lwē	0.239892274753	0.604033233239	0.110552765172	0.0455217268357
-ali	0.0048955613577	0.990208877285	0.0048955613577	0.0
-nda	0.0347567030784	0.965243296922	0.0	0.0
-ale	0.0	1.0	0.0	0.0
-̀rō	0.259036144578	0.536144578313	0.192771084337	0.0120481927711
-brì	0.260391198044	0.634474327628	0.0647921760391	0.0403422982885
-ɔ̀n	0.296613295331	0.450855902414	0.0812424325986	0.171288369656
-gān	0.144232735333	0.4743085838	0.231634957083	0.149823723785
-ə̆r	0.155396090741	0.615564247021	0.0820562159499	0.146983446288
-lə̄	0.362180552259	0.416013925152	0.172276287681	0.0495292349079
-lə̆	0.0787494480466	0.776292053795	0.135606336987	0.00935216117152
-nmi	0.0188679245283	0.952830188679	0.0283018867925	0.0
-lə̀	0.287602947551	0.299306458604	0.072821846554	0.340268747291
-lə̂	0.0254606367412	0.0664433194909	0.893951245578	0.0141447981896
-mla	0.564461196131	0.355615094682	0.0649380137142	0.0149856954725
-kpa	0.0454545454545	0.878787878788	0.0757575757575	0.0
-kyū	0.27489779486	0.577230576778	0.103930139656	0.0439414887068
-afa	0.00540865384615	0.993389423077	0.00120192307692	0.0
-njì	0.196392666257	0.49061261834	0.143561849989	0.169432865414
-àrō	0.0827430813847	0.906422156818	0.00695365309356	0.00388110870338
-bə̆	0.0268556508765	0.91943304737	0.0537113017531	0.0
-gbà	0.411240020021	0.172328370703	0.0799500842499	0.336481525026
-bə̀	0.286541524389	0.502932913178	0.125387685043	0.0851378773903
-iyu	0.0868962329559	0.880517679686	0.0180263461983	0.0145597411602
-zwè	0.478954951261	0.295523566067	0.0628876741261	0.162633808546
-uwu	0.0149875229247	0.972084423198	0.00691500556207	0.00601304831484
-gbì	0.202702702703	0.391891891892	0.256756756757	0.148648648649
-gbm	0.295983086681	0.570824524313	0.0443974630022	0.0887949260043
-̀rā	0.0	1.0	0.0	0.0
-iyo	0.0827205882353	0.853860294118	0.00275735294118	0.0606617647059
-eli	0.190476190476	0.809523809524	0.0	0.0
-krē	0.585903215536	0.243493885218	0.0233668059272	0.147236093319
-ətù	0.111245249039	0.0533843436005	0.0116073671864	0.823763040174
-ɛkā	0.0211634145782	0.950462018206	0.00934354435604	0.0190310228601
-̄sē	0.215756783263	0.65478914678	0.086302713305	0.0431513566525
-ela	0.0330920282253	0.927942565612	0.017292565394	0.0216728407691
-iya	0.054570594126	0.902306104545	0.0326774808459	0.0104458204835
-ele	0.0	1.0	0.0	0.0
-shə	0.0972222222222	0.541666666667	0.333333333333	0.0277777777778
-ryô	0.115477145148	0.422614274258	0.442662389735	0.0192461908581
-ɛru	0.0	1.0	0.0	0.0
-tɛ̄	0.68871295453	0.298675821481	0.00840748265959	0.00420374132978
-itu	0.035538005923	0.943731490622	0.0	0.0207305034551
-shɔ	0.309296264118	0.54474370113	0.145960034752	0.0
-hun	0.511111016674	0.476591575406	0.0	0.01229740792
-̄zē	0.0262302941603	0.886335391972	0.0	0.0874343138677
-ngā	0.497179558782	0.414130131248	0.040882435074	0.0478078748953
-hār	0.137554585153	0.613537117904	0.196506550218	0.0524017467249
-dɔ̀	0.120589638156	0.858801509134	0.00974743033595	0.0108614223743
-mfə	0.175223018368	0.182148955524	0.435663788839	0.206964237269
-esa	0.0	1.0	0.0	0.0
-àtè	0.132596685083	0.817679558011	0.0414364640884	0.0082872928177
-ese	0.0456140350877	0.954385964912	0.0	0.0
-ɛri	0.0	0.895953757225	0.104046242775	0.0
-spa	0.036036036036	0.918918918919	0.0450450450451	0.0
-pùr	0.174631268436	0.546902654867	0.253097345133	0.0253687315634
-udu	0.0377358490566	0.679245283019	0.283018867925	0.0
-cɔ̄	0.699381761978	0.168083462133	0.0653013910356	0.0672333848532
-ēkī	0.586419753086	0.413580246914	0.0	0.0
-afē	0.296569957254	0.656685243321	0.00639781219913	0.0403469872263
-fan	0.0255319148936	0.974468085106	0.0	0.0
-666	0.171428571429	0.0857142857143	0.0	0.742857142857
-far	0.603707694306	0.214728380062	0.0660232456844	0.115540679948
-ndè	0.297258869821	0.223688126178	0.0555500446384	0.423502959362
-uda	0.0242026022204	0.835046847166	0.115611646043	0.0251389045706
-bre	0.432078559738	0.286779414439	0.227677759593	0.0534642662302
-ɔtɔ	0.478934441715	0.37370111468	0.0368411109012	0.110523332704
-ndà	0.141420767284	0.241697843349	0.134749976374	0.482131412993
-klā	0.378531073446	0.570621468927	0.0169491525424	0.0338983050848
-hum	0.0	1.0	0.0	0.0
-bm̀	0.0739055389926	0.861132904441	0.0536638945552	0.0112976620116
-bm̄	0.173993839471	0.785205596237	0.015828601296	0.0249719629962
-shù	0.187258687259	0.395752895753	0.405405405405	0.011583011583
-kwɔ	0.753761081759	0.098817945733	0.0219396435927	0.125481328916
-̄tù	0.0647773279352	0.894736842105	0.0323886639676	0.0080971659919
-mlà	0.140186915888	0.25	0.595794392523	0.0140186915888
-aba	0.0683550846362	0.898759529655	0.0172502907352	0.0156350949735
-gbŭ	0.470744062507	0.452912207529	0.0394541240128	0.0368896059519
-njo	0.00862068965517	0.978448275862	0.00431034482759	0.00862068965517
-abi	0.091735925984	0.894150854634	0.00470440646072	0.00940881292145
-nji	0.285836177474	0.263672687921	0.407100640972	0.0433904936319
-cin	0.434940722962	0.163793730453	0.120008727907	0.281256818678
-var	0.424996791993	0.575003208007	0.0	0.0
-zwe	0.181458056117	0.670942320917	0.0193201218357	0.12827950113
-gba	0.201753540483	0.258270506773	0.140508999331	0.399466953413
-nci	0.650847457627	0.159322033898	0.142372881356	0.0474576271187
-əti	0.0120684426232	0.967065679234	0.00674478206777	0.0141210960747
-ɛ̂n	0.135522621538	0.0961708964057	0.0321344609136	0.736172021142
-əte	0.0549298233005	0.856166001006	0.0256065381891	0.0632976375042
-gbo	0.536900732011	0.244676396547	0.137422371999	0.0810004994425
-tun	0.0131534077069	0.263847615336	0.070541238369	0.652457738588
-əta	0.198382679014	0.648493543759	0.124298943524	0.0288248337029
-əlɔ	0.0	0.0980392156863	0.901960784314	0.0
-ori	0.294817293897	0.187912363174	0.0751149325361	0.442155410393
-rkì	0.115071900652	0.781164808732	0.0724085492932	0.0313547413221
-gbu	0.0610621192311	0.827162211033	0.0246659433796	0.0871097263564
-elà	0.0528543732526	0.908334686002	0.0257888487851	0.0130220919608
-ətu	0.130841121495	0.82554517134	0.0373831775701	0.00623052959502
-yâr	0.285421878554	0.346145098931	0.197862178758	0.170570843757
-ələ	0.20467991757	0.415409160407	0.336646059075	0.0432648629484
-zɛ̀	0.3241139076	0.368623183301	0.270704234248	0.0365586748513
-gwă	0.0709812108559	0.851774530271	0.0730688935282	0.00417536534448
-kre	0.49166945576	0.277263042751	0.119574534085	0.111492967404
-zɛ̄	0.221264129616	0.321472084482	0.331374932021	0.125888853881
-ncī	0.0404797601199	0.952523738131	0.0039980009995	0.00299850074963
-yɛn	0.456717933786	0.292182764428	0.0902682624008	0.160831039384
-yɛm	0.0	1.0	0.0	0.0
-gre	0.20365535248	0.469973890339	0.180156657963	0.146214099217
-ɛku	0.130764740222	0.722124927029	0.0653823701109	0.0817279626386
-omu	0.0	0.990643918547	0.00660429279031	0.00275178866263
-kri	0.135593220339	0.830508474576	0.0338983050847	0.0
-omi	0.0	1.0	0.0	0.0
-kru	0.270973739252	0.494073901929	0.191726702301	0.0432256565187
-ndō	0.140620161934	0.830832887899	0.0285469501671	0.0
-ici	0.191390285234	0.342225915082	0.168246623025	0.298137176659
-pm̄	0.131805779487	0.784168423664	0.0444933647526	0.0395324320972
-oma	0.0	1.0	0.0	0.0
-èkə	0.576257534094	0.275907563259	0.0287476043663	0.119087298281
-ryū	0.49	0.45	0.0	0.06
-ome	0.0462962962963	0.935185185185	0.0185185185185	0.0
-frē	0.447478991597	0.483193277311	0.0378151260504	0.031512605042
-əde	0.111411706837	0.822183964584	0.0531234628628	0.0132808657157
-mûn	0.515924275044	0.286535876366	0.0356590557628	0.161880792828
-wɔn	0.261847944249	0.403981122435	0.169327798167	0.164843135149
-lăn	0.263740458015	0.465267175573	0.110687022901	0.160305343511
-hàn	0.356875	0.5925	0.03375	0.016875
-vàr	0.606018194542	0.297410776767	0.037788663401	0.0587823652904
-mlă	0.0361445783132	0.909638554217	0.0542168674699	0.0
-mlā	0.145725164417	0.713049498096	0.0872274143302	0.0539979231568
-tēn	0.303595206391	0.355525965379	0.119840213049	0.22103861518
-hur	0.1992318771	0.50936149784	0.239558329333	0.0518482957273
-rna	0.0	1.0	0.0	0.0
-mûr	0.0761762509336	0.874533233757	0.0492905153099	0.0
-ryō	0.100662625123	0.362047088679	0.504581982236	0.0327083039617
-rĭn	0.0370942812983	0.678516228748	0.132921174652	0.151468315301
-vūn	0.546041928478	0.212696618846	0.089637697905	0.151623754771
-lwe	0.452406916875	0.380553281474	0.0298271264627	0.137212675188
-kyu	0.561412140968	0.111199950797	0.300571990897	0.0268159173381
-uro	0.0192307692308	0.942307692308	0.0384615384615	0.0
-wɛl	0.060635226179	0.88739172281	0.0519730510106	0.0
-hər	0.635316698656	0.172744721689	0.0767754318618	0.115163147793
-wɛn	0.0209092404388	0.88555991407	0.0689082834485	0.0246225620424
-rga	0.140532544379	0.782544378698	0.0739644970414	0.00295857988165
-klò	0.169491525424	0.830508474576	0.0	0.0
-âmē	0.443148688047	0.25531028738	0.0874635568513	0.214077467722
-kya	0.260857914594	0.166909620991	0.0671518607443	0.50508060367
-əsa	0.0373250388802	0.96267496112	0.0	0.0
-rɛ̄	0.222481520522	0.637702200521	0.0352148664384	0.104601412519
-ĕkə	0.530516431925	0.349765258216	0.0985915492958	0.0211267605634
-klà	0.297906602254	0.481481481482	0.12077294686	0.0998389694042
-ɔ̄n	0.191098116137	0.313180307686	0.118999492005	0.376722084173
-ukì	0.0586620069895	0.814028956565	0.127309036445	0.0
-isu	0.0436469447139	0.910766246363	0.0290979631426	0.0164888457808
-ɔcī	0.253435114504	0.424427480916	0.134351145038	0.187786259542
-tān	0.338844462434	0.54753104717	0.0870219311373	0.0266025592596
-apa	0.0790960451977	0.920903954802	0.0	0.0
-hm̀	0.200655200655	0.550914550915	0.101283101283	0.147147147147
-war	0.509918994875	0.225285950898	0.167545235919	0.0972498183077
-pan	0.285756868642	0.559285763542	0.0918265883352	0.0631307794805
-ùdu	0.0924145316759	0.317902029332	0.0206031714096	0.569080267582
-ngà	0.155303447516	0.20909057532	0.110511436649	0.525094540515
-ngâ	0.0818181818182	0.468181818182	0.368181818182	0.0818181818182
-ryă	0.291726406991	0.620910376607	0.043074919198	0.0442882972036
-wan	0.567628624836	0.333939763492	0.0311878367437	0.0672437749277
-par	0.243709134139	0.451159104419	0.144640380424	0.160491381018
-tār	0.16	0.674615384615	0.133076923077	0.0323076923077
-ĕkì	0.0878789662471	0.770961119466	0.112789539357	0.0283703749302
-gbā	0.13504779905	0.128088100592	0.081347654604	0.655516445754
-āzù	0.559245203458	0.35220324689	0.0495467004006	0.0390048492515
-ini	0.0	1.0	0.0	0.0
-̀rù	0.25410390717	0.106137690785	0.051126538182	0.588631863863
-gbò	0.574238884693	0.192934290359	0.0701301206633	0.162696704284
-krì	0.190288713911	0.628608923885	0.0944881889764	0.0866141732283
-sur	0.468851896345	0.484812081689	0.028831302557	0.0175047194096
-krè	0.587050179059	0.16956307724	0.0718032447574	0.171583498944
-ari	0.00877286631359	0.858659376059	0.106249158687	0.0263185989407
-zwĕ	0.267022696929	0.572763684913	0.0400534045394	0.120160213618
-mūn	0.335787844258	0.253787777086	0.104613160834	0.305811217822
-zwē	0.357667902092	0.307023903002	0.0408667250319	0.294441469874
-gri	0.511883988923	0.278621127753	0.131955652165	0.0775392311586
-njī	0.478260869565	0.417391304348	0.0684782608696	0.0358695652174
-krù	0.0288141239174	0.945369753498	0.0198201199201	0.00599600266489
-wâr	0.134083450539	0.503984997656	0.274730426629	0.0872011251758
-tsɛ	0.119547657512	0.880452342488	0.0	0.0
-tsə	0.742072324223	0.0942552067686	0.0535143848136	0.110158084195
-fɔ̄	0.781447174117	0.129950328903	0.0190629614713	0.0695395355081
-abē	0.101041373487	0.875316633831	0.0135097101041	0.0101322825781
-gbī	0.254143646409	0.671270718232	0.0745856353591	0.0
-tsɔ	0.0266219909039	0.0757427989301	0.00357277353444	0.894062436632
-màn	0.260843329047	0.170450598442	0.0231392599306	0.54556681258
-ɛti	0.0553505535055	0.944649446494	0.0	0.0
-brē	0.218759275749	0.560032650638	0.183511427723	0.037696645889
-mər	0.253538061929	0.556504628515	0.143645403508	0.0463119060489
