-muⱡ	0.0669842091005	0.80480310358	0.0546710390981	0.0735416482211
-gᵾr	0.233239147187	0.615720524018	0.0806575905471	0.0703827382481
-ank	0.107834585927	0.104023036574	0.0183288925	0.769813484999
-gmᵾ	0.628571428571	0.209523809524	0.0571428571429	0.104761904762
-aus	0.0213715359323	0.978628464068	0.0	0.0
-dᵾp	0.564769422637	0.219724577184	0.0635805554867	0.151925444692
-gᵾm	0.0503482687027	0.93190342241	0.00658026923849	0.0111680396491
-kng	0.168299474422	0.469911492726	0.152301987131	0.209487045721
-yel	0.081931571118	0.887859022772	0.0233436319945	0.00686577411603
-pup	0.128755364807	0.545064377682	0.103004291845	0.223175965665
-pur	0.559091873541	0.310417992786	0.0369191597708	0.0935709739019
-nai	0.167808219178	0.785102739726	0.0265410958904	0.0205479452055
-pul	0.168596237337	0.821273516643	0.00578871201159	0.00434153400868
-pum	0.596032760564	0.195296263248	0.07543293343	0.133238042758
-yoⱡ	0.547169811321	0.452830188679	0.0	0.0
-pui	0.594470046083	0.405529953917	0.0	0.0
-puk	0.342032406243	0.0941399532608	0.024075135588	0.539752504909
-pra	0.150761095243	0.589680764422	0.21716163667	0.042396503665
-pᵾt	0.647756812135	0.206718859904	0.0694210832136	0.0761032447476
-nᵾn	0.478113310491	0.101751718962	0.0443287307641	0.375806239783
-pᵾp	0.434662181218	0.343247653197	0.0818560896015	0.140234075984
-pᵾr	0.154133959357	0.457780060157	0.351038074976	0.0370479055095
-pri	0.157232747559	0.440559104664	0.0606245668449	0.341583580932
-k50	0.516906335017	0.246793626117	0.0295375048581	0.206762534007
-ᵾmᵾ	0.251133589117	0.594233228694	0.13021741658	0.0244157656086
-pru	0.0103507763082	0.975848188614	0.0138010350776	0.0
-pᵾm	0.238970024583	0.617647960667	0.0963588808803	0.0470231338696
-pᵾl	0.628579155414	0.254020471898	0.024302506937	0.0930978657508
-pᵾn	0.32519538016	0.237849075032	0.0646101838966	0.372345360911
-pᵾi	0.417748216608	0.250461340091	0.0763340022494	0.255456441052
-opa	0.076736172792	0.0847173196087	0.00675682519834	0.831789682401
-pᵾk	0.380236398401	0.423344342082	0.132974100469	0.0634451590474
-imp	0.433987730834	0.261242278481	0.0770829094562	0.227687081228
-ims	0.00358086793418	0.991303606446	0.00153465768608	0.00358086793418
-gka	0.204918032787	0.786885245902	0.0	0.00819672131148
-dek	0.0702276171706	0.864027379521	0.0313782970337	0.0343667062749
-400	0.296391752577	0.170103092784	0.100515463917	0.432989690722
-ima	0.166879161354	0.756622751098	0.0699815837938	0.00651650375407
-kim	0.13206162876	0.852216748769	0.0157216224714	0.0
-oke	0.573770491803	0.278237328922	0.0812152203339	0.0667769589412
-yum	0.0215384615385	0.96	0.0138461538461	0.00461538461538
-oka	0.350454394757	0.481047132244	0.0243916258751	0.144106847124
-rwa	0.551643192488	0.406103286385	0.0422535211267	0.0
-rpi	0.0363636363636	0.963636363636	0.0	0.0
-duⱡ	0.0932868370912	0.402177750328	0.222445016964	0.282090395617
-rpa	0.405358645537	0.173885410694	0.374430159522	0.0463257842473
-let	0.0380952380952	0.92380952381	0.0190476190476	0.0190476190476
-ᵾwᵾ	0.31513219078	0.419821974226	0.209246711837	0.0557991231566
-kpi	0.589399844115	0.197349961029	0.0177708495713	0.195479345284
-kip	0.0217391304348	0.978260869565	0.0	0.0
-bin	0.442493267505	0.237797351885	0.0767223967684	0.242986983842
-kpa	0.362041467305	0.527272727273	0.0545454545455	0.0561403508772
-bil	0.334559237237	0.402794731662	0.0841579595342	0.178488071567
-rat	0.125969228891	0.851059283229	0.0128212955614	0.0101501923194
-tep	0.414818436375	0.147576534744	0.0468538445669	0.390751184314
-100	0.0436973886373	0.108819454271	0.121860323242	0.72562283385
-uta	0.0261264470887	0.957095779364	0.011579739738	0.00519803380975
-tet	0.535326086957	0.440217391304	0.0244565217391	0.0
-rin	0.138283518011	0.810197489471	0.0343459950116	0.0171729975058
-ⱡᵾi	0.45879977326	0.257750185754	0.0994238249846	0.184026216002
-ril	0.0	0.94	0.06	0.0
-sil	0.0492449113591	0.919894944189	0.00525279054497	0.0256073539068
-ⱡᵾl	0.0409321830801	0.940575284935	0.00994625200068	0.00854627998376
-ukᵾ	0.327701200534	0.507336594042	0.116940862605	0.048021342819
-ⱡᵾn	0.412726691334	0.391987574802	0.108263670001	0.0870220638619
-ⱡᵾp	0.347270638093	0.269662957228	0.0838150428142	0.299251361865
-rit	0.0173243503368	0.948026948989	0.0288739172281	0.00577478344562
-ris	0.0140315699838	0.959960736773	0.0222743308263	0.0037333624172
-tek	0.424483304672	0.0840396662977	0.0600229839044	0.431454045126
-tem	0.356054289253	0.421181141192	0.0670476655917	0.155716903964
-ten	0.355871886121	0.516014234875	0.085409252669	0.0427046263344
-nᵾk	0.179515448293	0.0305656904597	0.00982719103297	0.780091670214
-met	0.363927181584	0.432227425632	0.11674691643	0.0870984763538
-nᵾi	0.607230616997	0.232900368157	0.0508237004523	0.109045314394
-wal	0.183202082215	0.680760648801	0.0582229445955	0.0778143243884
-koⱡ	0.327964087668	0.43680133791	0.0706363876419	0.164598186779
-ara	0.444512736461	0.386532814314	0.0892918117872	0.0796626374377
-nᵾm	0.296474760852	0.495479414691	0.0817230353059	0.126322789151
-nᵾl	0.0771617707902	0.77420769549	0.0270169631775	0.121613570542
-wak	0.484732238112	0.0497598069265	0.0288755776595	0.436632377302
-lus	0.106533575318	0.861887477314	0.0152450090744	0.016333938294
-ral	0.59523541066	0.221590451492	0.095034067297	0.0881400705507
-nde	0.26133027417	0.613621394426	0.0303273837912	0.0947209476127
-luk	0.0119047619048	0.880952380952	0.0	0.107142857143
-dun	0.270126601782	0.635628258134	0.0552117305668	0.0390334095169
-lun	0.0	1.0	0.0	0.0
-mem	0.298555377207	0.529695024077	0.0658105939005	0.105939004815
-mel	0.0760328762996	0.0329908391105	0.00582166044091	0.885154624149
-men	0.466216216216	0.47972972973	0.0405405405405	0.0135135135135
-mei	0.288923198584	0.40289205626	0.0385230931445	0.269661652012
-mek	0.739636292306	0.0723291470891	0.00772072993906	0.180313830666
-nᵾt	0.497254844926	0.248082027415	0.0469039741119	0.207759153547
-ila	0.0623881940477	0.0446623035074	0.00974677110091	0.883202731344
-mou	0.313998245101	0.328224627084	0.0137467095642	0.344030418251
-tyu	0.143617021277	0.845744680851	0.0106382978723	0.0
-era	0.0634146341464	0.84668989547	0.0794425087108	0.0104529616725
-ruⱡ	0.0846614241688	0.312373174765	0.203230889853	0.399734511213
-gol	0.0113447444213	0.668016952724	0.320638302854	0.0
-int	0.23055008677	0.0998903502935	0.0400980621154	0.629461500821
-ndᵾ	0.320388349515	0.504854368932	0.174757281553	0.0
-nui	0.103661792667	0.76964728391	0.0538060093028	0.0728849141203
-yut	0.0	1.0	0.0	0.0
-eⱡa	0.109677419355	0.387096774194	0.309677419355	0.193548387097
-ira	0.0532625907418	0.910029407531	0.0194336479734	0.0172743537541
-raⱡ	0.0742268678316	0.0214875833805	0.016018027447	0.888267521341
-ota	0.03125	0.96875	0.0	0.0
-ija	0.0234624798783	0.96859908708	0.00485126463649	0.00308716840504
-oti	0.0535015772871	0.934384858044	0.0015141955836	0.0105993690852
-ots	0.0	1.0	0.0	0.0
-uma	0.418759231905	0.477104874446	0.0864106351551	0.0177252584934
-umi	0.0110294117647	0.988970588235	0.0	0.0
ALL	0.220585367709	0.273563392146	0.0533242457881	0.452526994357
-ⱡpa	0.347624516974	0.185251973231	0.098107786851	0.369015722944
-nan	0.450717022958	0.535578344102	0.00779746356887	0.00590716937036
-nal	0.0993965769336	0.174194679798	0.485147504573	0.241261238695
-nam	0.0500405160525	0.158714551007	0.00334008515775	0.787904847783
-sis	0.0238959467635	0.956140350877	0.010889292196	0.00907441016334
-pⱡa	0.175183881686	0.107668613158	0.199104805344	0.518042699812
-sip	0.109479234233	0.84905120221	0.0232626571937	0.0182069063636
-kin	0.198813184909	0.761424178109	0.0265084246545	0.0132542123273
-aka	0.302755716916	0.482555996131	0.137186908792	0.0775013781618
-kil	0.409980665003	0.230159135245	0.15051451855	0.209345681202
-kis	0.0191679049034	0.977265973254	0.00178306092125	0.00178306092125
-mᵾl	0.115908157787	0.77298424028	0.067692048553	0.0434155533799
-ᵾⱡi	0.488843430863	0.326341258812	0.1109608744	0.0738544359245
-sin	0.0611328591555	0.897185645966	0.033345195903	0.00833629897575
-waⱡ	0.106891365696	0.739756616286	0.124878392634	0.0284736253841
-kit	0.126667152086	0.350407340431	0.230963558174	0.291961949309
-nas	0.0286624203822	0.947452229299	0.0238853503185	0.0
-ᵾⱡa	0.161373101678	0.462959067772	0.364169225807	0.0114986047425
-mᵾn	0.362700804426	0.403056000707	0.0951379682963	0.139105226571
-itᵾ	0.638888888889	0.305555555556	0.0555555555555	0.0
-gok	0.436884858383	0.359736966519	0.116345038037	0.0870331370611
-mot	0.648370005087	0.140482901431	0.0672480905857	0.143899002897
-mos	0.0266903914591	0.814946619217	0.112099644128	0.0462633451957
-mor	0.755343355026	0.0654086088356	0.0131188255161	0.166129210622
-keⱡ	0.441755164846	0.294528668365	0.0822843881644	0.181431778624
-mop	0.251327433628	0.545132743363	0.113274336283	0.0902654867256
-god	0.54347826087	0.423913043478	0.0326086956522	0.0
-lki	0.239197530864	0.70524691358	0.0555555555556	0.0
-pot	0.0246720139277	0.962991979108	0.0123360069639	0.0
-wur	0.288461538462	0.487980769231	0.158653846154	0.0649038461538
-mon	0.0851133577902	0.166632471864	0.00979137682355	0.738462793522
-gor	0.339513752456	0.424115913556	0.226055992141	0.0103143418468
-mok	0.57546815216	0.272512906511	0.066564506854	0.0854544344747
-got	0.0475136143753	0.882575419388	0.0129199909037	0.0569909753331
-ᵾni	0.216484597916	0.635931767073	0.0315094298454	0.116074205166
-yap	0.0526315789473	0.947368421053	0.0	0.0
-yas	0.0949664340488	0.855812349086	0.016628191861	0.0325930250042
-ber	0.046511627907	0.767441860465	0.186046511628	0.0
-gou	0.0876369739205	0.145969097285	0.766393928795	0.0
-ᵾna	0.270804973228	0.53801010376	0.171824424479	0.0193604985328
-ᵾng	0.43531412828	0.296580482177	0.0430516557739	0.225053733769
-uⱡi	0.155356879691	0.173711862255	0.233087066529	0.437844191526
-lpa	0.284605675293	0.247499086102	0.0988298421439	0.369065396461
-bem	0.0	0.333333333333	0.666666666667	0.0
-yan	0.0442260442261	0.686732186732	0.265356265356	0.0036855036855
-ᵾnt	0.339293925573	0.122486844958	0.12571810216	0.412501127309
-iso	0.186738836265	0.690121786198	0.0189445196211	0.104194857916
-kik	0.180974477958	0.645011600928	0.0626450116009	0.111368909513
-rei	0.222270933801	0.504164839982	0.034195528277	0.23936869794
-rel	0.0406482880817	0.906786874425	0.0185001823962	0.0340646550975
-isa	0.104634403237	0.8446421642	0.0149675702644	0.0357558622984
-upa	0.161472807163	0.310356324925	0.181143428192	0.347027439719
-res	0.0237556561086	0.925339366516	0.0441176470588	0.00678733031674
-ist	0.0102855041717	0.961397785958	0.00388137420627	0.0244353356642
-ret	0.0251134936733	0.954248366013	0.00341285939663	0.017225280917
-jut	0.0526315789474	0.842105263158	0.105263157895	0.0
-map	0.325068870523	0.308539944904	0.176308539945	0.190082644628
-mas	0.0661447084233	0.83441324694	0.0221382289417	0.0773038156947
-mar	0.0	1.0	0.0	0.0
-mat	0.118339229264	0.158967239413	0.131551043502	0.591142487821
-mak	0.202644728209	0.773128753849	0.00454247211427	0.0196840458285
-mam	0.146411558401	0.340439001711	0.310090708556	0.203058731332
-mal	0.423036931457	0.544203825212	0.022429752191	0.0103294911406
-man	0.324487715589	0.4538060024	0.0567445482127	0.164961733799
-ⱡim	0.260254732954	0.69049176543	0.039441280591	0.00981222102508
-ⱡin	0.414606950381	0.374465712693	0.0905965433934	0.120330793533
-puⱡ	0.300174298238	0.304947803932	0.0325517798157	0.362326118014
-uni	0.374726255171	0.275529240003	0.312271879309	0.0374726255171
-ung	0.563916080433	0.243563066391	0.0578123696662	0.13470848351
-una	0.128839901903	0.0480292552806	0.0124282305831	0.810702612233
-lᵾi	0.545038036019	0.244223220512	0.0828532662485	0.127885477221
-lᵾk	0.231625259791	0.534717679894	0.229085509135	0.00457155118008
-lᵾm	0.0129310344828	0.969827586207	0.00862068965517	0.00862068965517
-lᵾl	0.0434782608696	0.95652173913	0.0	0.0
-pta	0.0266075388027	0.946784922395	0.0133037694013	0.0133037694013
-lᵾn	0.357772877619	0.325248070562	0.0435501653804	0.273428886439
-unt	0.504044027638	0.127705656834	0.0981296431755	0.270120672353
-pun	0.594988519517	0.176699610662	0.0269541778976	0.201357691924
-pti	0.406804373154	0.484372169783	0.0981790452678	0.0106444117956
-tra	0.0	1.0	0.0	0.0
-500	0.216287215412	0.292907180385	0.124781085814	0.366024518389
-gan	0.26582278481	0.73417721519	0.0	0.0
-gal	0.121536657736	0.661170529949	0.209926954271	0.00736585804458
-iko	0.0	0.993975903614	0.00602409638554	0.0
-gau	0.569377990431	0.200956937799	0.114832535885	0.114832535885
-gat	0.0	1.0	0.0	0.0
-gar	0.0275229357798	0.619266055046	0.325688073394	0.0275229357798
-tᵾp	0.338163717638	0.0806600632663	0.0335434499039	0.547632769192
-sem	0.0	1.0	0.0	0.0
-sel	0.584415584416	0.415584415584	0.0	0.0
-sek	0.0	1.0	0.0	0.0
-tᵾt	0.395583167883	0.318186715175	0.110348980366	0.175881136576
-ina	0.436326075265	0.341248322606	0.0895435316583	0.13288207047
-rᵾm	0.517430019299	0.293955702663	0.0938988463357	0.0947154317022
-rᵾl	0.0870957373195	0.895649446796	0.00985989479089	0.00739492109316
-rᵾk	0.25267981781	0.202024183922	0.0588464086641	0.486449589604
-rᵾi	0.454564745442	0.302042015572	0.0707768147169	0.172616424269
-ing	0.370369328897	0.308952755716	0.0711384458266	0.24953946956
-rᵾt	0.574195563886	0.253358325523	0.0706029365823	0.101843174008
-uim	0.0169088215093	0.906168735315	0.0407276231276	0.0361948200478
-rᵾr	0.456856702619	0.223420647149	0.139445300462	0.180277349769
-rᵾp	0.271703043936	0.411582440813	0.0394205703334	0.277293944918
-tᵾi	0.399827083648	0.291114058606	0.106025106153	0.203033751593
-tᵾk	0.313709429277	0.0769906719536	0.0341817036072	0.575118195162
-set	0.0	1.0	0.0	0.0
-tᵾm	0.465203308215	0.232121938472	0.0653914238501	0.237283329463
-tᵾl	0.0987373018133	0.0590208550904	0.0125003955821	0.829741447514
-tᵾn	0.0411354037372	0.0337239562566	0.0115207788224	0.913619861184
-ⱡam	0.0166343221514	0.981702245633	0.0	0.00166343221514
-kut	0.104020859064	0.697818032112	0.0949636338685	0.103197474955
-kus	0.0663507109005	0.881152023332	0.0240612468101	0.0284360189574
-kur	0.140115780617	0.783573106072	0.0540434608378	0.0222676524729
-kup	0.228141044762	0.138409867919	0.0494535680806	0.583995519238
-net	0.614730878187	0.385269121813	0.0	0.0
-buⱡ	0.242240929086	0.0742506625077	0.0283067369795	0.655201671426
-nen	0.144762986091	0.642917967641	0.183366449049	0.0289525972183
-pel	0.066049666127	0.929922915207	0.0	0.00402741866628
-nem	0.680731364276	0.0956399437413	0.00843881856539	0.215189873418
-kun	0.229182857073	0.212454951734	0.300582212731	0.257779978462
-kum	0.508980906652	0.285904191798	0.033602817676	0.171512083874
-kul	0.323606728664	0.605615327718	0.0429559087312	0.027822034887
-kuk	0.197186558984	0.68372134543	0.102440595993	0.0166514995923
-kui	0.289389841662	0.285509642316	0.347500541703	0.0775999743192
-pᵾⱡ	0.135819268666	0.312085088713	0.172897220516	0.379198422104
-bal	0.0834363207507	0.50218402852	0.364379042365	0.0500006083645
-kaⱡ	0.0975092902552	0.674610730629	0.176591628021	0.0512883510948
-jop	0.0294117647059	0.852941176471	0.0588235294118	0.0588235294118
-jon	0.0184424413969	0.951294235047	0.0098857081571	0.0203776153993
-niⱡ	0.549035845262	0.257186797587	0.129184904768	0.0645924523838
-owᵾ	0.0467955239064	0.776195320448	0.177009155646	0.0
-kᵾp	0.490772187558	0.277755838138	0.211568333202	0.0199036411026
-dru	0.0	0.996100097498	0.0	0.00389990250244
-isi	0.0077159959863	0.983114771115	0.00231825888378	0.00685097401474
-asa	0.00784313725489	0.945098039216	0.00784313725492	0.0392156862745
-l00	0.234104046243	0.387283236994	0.124277456647	0.254335260116
-dᵾi	0.389465477354	0.345663999958	0.125732685896	0.139137836791
-gᵾt	0.348877776486	0.265612280498	0.176299569717	0.209210373299
-dᵾm	0.577621719892	0.270688303222	0.0988413032061	0.0528486736796
-dᵾl	0.207142857143	0.664285714286	0.0	0.128571428571
-gᵾp	0.419696850703	0.437760150789	0.0891384591219	0.0534045393858
-dᵾn	0.362884997782	0.457679576546	0.0690515318154	0.110383893857
-gᵾn	0.236446065725	0.627922390922	0.0996032550385	0.0360282883142
-mba	0.429174295938	0.10738952193	0.0322669901533	0.43116919198
-dᵾr	0.714862046362	0.163291818128	0.0687205768429	0.0531255586675
-gᵾk	0.500120992364	0.286406885978	0.0984291788211	0.115042942837
-gᵾi	0.519427661779	0.322068891557	0.0535397596974	0.104963686967
-mbi	0.318929507223	0.507443242691	0.0258919813638	0.147735268721
-mbo	0.320445083954	0.484992900908	0.102889742163	0.0916722729747
-bᵾr	0.47659878528	0.176491604144	0.140050017863	0.206859592712
-430	0.333333333333	0.0277777777777	0.0	0.638888888889
-rar	0.352535696701	0.484736582964	0.104135893648	0.0585918266864
-ras	0.0747094947835	0.901593498162	0.0154099034313	0.00828710362303
-rap	0.426666666667	0.446666666667	0.0266666666667	0.1
-ran	0.0220447284345	0.977955271566	0.0	0.0
-eri	0.145454545454	0.483422459893	0.15935828877	0.211764705882
-iwa	0.838506225718	0.121083835693	0.0404099385888	0.0
-ram	0.0646807856938	0.914336189259	0.0182597705484	0.0027232544986
-rak	0.329696119556	0.228537516354	0.142094117964	0.299672246126
-ero	0.0364963503649	0.941605839416	0.021897810219	0.0
-bᵾn	0.529354207436	0.280821917808	0.109589041096	0.0802348336594
-bᵾm	0.0257497252316	0.945988381222	0.0113047574187	0.0169571361281
-bᵾl	0.157447775544	0.754982956035	0.0309588322699	0.0566104361507
-bᵾk	0.156369183829	0.491990846682	0.230739893211	0.120900076278
-ump	0.238263973004	0.390319239187	0.244670662543	0.126746125266
-por	0.213022508039	0.227491961415	0.557073954984	0.00241157556269
-mᵾm	0.420475319927	0.579524680073	0.0	0.0
-pop	0.496420047733	0.381861575179	0.121718377088	0.0
-mᵾi	0.0981099448371	0.830874508621	0.0312684723802	0.0397470741619
-oⱡa	0.226511375095	0.10290033374	0.0756289448239	0.594959346341
-mᵾk	0.439616353321	0.30419518152	0.0563512860305	0.199837179128
-pok	0.416470828264	0.126155194692	0.0259186773162	0.431455299727
-pol	0.0581400964623	0.812786871428	0.0164513198739	0.112621712235
-ⱡma	0.146787333586	0.738976498853	0.110551129898	0.00368503766324
-ᵾmi	0.556291390729	0.132450331126	0.0943708609271	0.216887417219
-pam	0.0506028524178	0.911812515018	0.00243826593354	0.0351463666304
-ike	0.363636363636	0.636363636364	0.0	0.0
-ika	0.0300736970819	0.129151657358	0.189563435672	0.651211209888
-nop	0.484375	0.453125	0.0	0.0625
-lam	0.0754709271914	0.886662355426	0.0183755300988	0.0194911872833
-nor	0.417910447761	0.537313432836	0.0149253731343	0.0298507462686
-kᵾⱡ	0.205642253844	0.0591029144399	0.00910305091449	0.726151780802
-nou	0.105726872247	0.867841409692	0.0	0.0264317180617
-iki	0.68188428966	0.096456123348	0.0457246309277	0.175934956065
-lak	0.0860215053763	0.913978494624	0.0	0.0
-noi	0.163809209803	0.563083855369	0.0346191889219	0.238487745906
-nok	0.432445661064	0.266265897845	0.0899940702573	0.211294370834
-iks	0.025	0.910714285714	0.0128571428571	0.0514285714286
-nom	0.548970797445	0.331222826662	0.029161795349	0.0906445805432
-non	0.147286821705	0.748062015504	0.104651162791	0.0
-las	0.0212923258909	0.972497412391	0.00532308147271	0.000887180245453
-uwᵾ	0.149006622517	0.785883961992	0.0385113734524	0.0265980420386
-guⱡ	0.0612244897959	0.908163265306	0.0114795918367	0.0191326530612
-gem	0.0948721478904	0.845405125766	0.0331468432273	0.0265758831162
-gel	0.0	0.70796460177	0.132743362832	0.159292035398
-bon	0.0933333333333	0.88	0.0266666666667	0.0
-boi	0.791534391534	0.15873015873	0.0201058201058	0.0296296296296
-ᵾlᵾ	0.366851494316	0.455610498558	0.155295433671	0.0222425734551
-don	0.146892655367	0.830508474576	0.0225988700565	0.0
-gep	0.83008334227	0.156165967356	0.0137506903744	0.0
-sas	0.00410047010048	0.715723222268	0.00302956392489	0.277146743706
-piⱡ	0.111111111111	0.805555555556	0.0833333333333	0.0
-ton	0.0	1.0	0.0	0.0
-tok	0.0	1.0	0.0	0.0
-ges	0.0201680672269	0.952941176471	0.0268907563025	0.0
-olk	0.380403966744	0.124361185338	0.0609579204225	0.434276927495
-sak	0.00698215671063	0.990690457719	0.00232738557021	0.0
-sus	0.0388508332481	0.932624476025	0.0061343420918	0.0223903486351
-san	0.215384615385	0.6	0.0615384615385	0.123076923077
-sam	0.0403804737975	0.919777458722	0.00753768844221	0.032304379038
-rot	0.0957431796802	0.825352775165	0.0507996237065	0.0281044214487
-rou	0.68700265252	0.269230769231	0.0238726790451	0.0198938992042
-lom	0.163043478261	0.79347826087	0.0217391304348	0.0217391304348
-rop	0.340804154379	0.0649556281574	0.0225273526519	0.571712864812
-lok	0.0	0.576219512195	0.217479674797	0.206300813008
-ror	0.393576826197	0.496221662469	0.0642317380352	0.0459697732998
-tis	0.0160535306442	0.870977179637	0.10583438721	0.00713490250856
-rom	0.233296601555	0.486465718044	0.16070375598	0.119533924421
-ron	0.173223202203	0.757594848103	0.034999300014	0.0341826496803
-roi	0.361991140572	0.297274234352	0.244600562972	0.0961340621045
-rok	0.166637515218	0.0348505245704	0.0119047436267	0.786607216585
-ipi	0.382045929019	0.561586638831	0.0563674321503	0.0
-ipa	0.13408968506	0.798261464819	0.060038354482	0.00761049563857
-ein	0.0471448588363	0.863055410047	0.00448998655585	0.085309744561
-ewa	0.915928790482	0.0840712095176	0.0	0.0
-awa	0.360599432303	0.29471980343	0.216971439081	0.127709325185
-awe	0.559664494284	0.36458046039	0.0469961855264	0.0287588597997
-mbʉ	0.217080152672	0.551526717557	0.0	0.231393129771
-daⱡ	0.447916666667	0.479166666667	0.0	0.0729166666666
-yᵾi	0.607843137255	0.326797385621	0.0653594771242	0.0
-ilᵾ	0.59052445812	0.330738947464	0.078736594416	0.0
-276	0.0	0.2	0.0	0.8
-ldᵾ	0.118120456905	0.545475608258	0.105634274612	0.230769660224
-ngi	0.368312757202	0.361368312757	0.111882716049	0.158436213992
-ain	0.041065394528	0.923809128929	0.0320412883591	0.0030841881843
-oli	0.03125	0.96875	0.0	0.0
-eyu	0.0	1.0	0.0	0.0
-tou	0.215284154678	0.624936230997	0.0550964187328	0.104683195592
-ᵾpa	0.350865165228	0.0769278944928	0.0204114577256	0.551795482554
-eya	0.195121951219	0.756097560976	0.0487804878049	0.0
-200	0.0654121863799	0.308243727599	0.0752688172043	0.551075268817
-ᵾkᵾ	0.194186281231	0.330299560283	0.158231233413	0.317282925073
-ᵾpi	0.244611343854	0.293804400934	0.24669989039	0.214884364822
-lmᵾ	0.0275815187108	0.669857579067	0.202153030067	0.100407872155
-lek	0.0217391304348	0.978260869565	0.0	0.0
-lel	0.0	1.0	0.0	0.0
-lem	0.017951877017	0.970490883848	0.00344786370364	0.00810937543099
-oip	0.238914971309	0.425143453313	0.244131455399	0.0918101199792
-mum	0.213853082777	0.361236216804	0.366205932598	0.0587047678211
-mul	0.143333970331	0.65335694523	0.0579099804575	0.145399103982
-mun	0.501693933537	0.258533902069	0.099984018662	0.139788145732
-lee	0.671875	0.21875	0.0	0.109375
-muk	0.0324299416345	0.91115682239	0.0334883361693	0.022924899806
-mus	0.15	0.8125	0.0375	0.0
-mur	0.412828664719	0.295884172538	0.0818439594432	0.2094432033
-oim	0.220289855073	0.388405797102	0.243478260869	0.147826086956
-les	0.1	0.9	0.0	0.0
-oik	0.293609671848	0.588946459413	0.103626943005	0.013816925734
-alt	0.105347938144	0.255154639175	0.170532646048	0.468964776632
-ndi	0.155701426637	0.0925723852261	0.0165543748836	0.735171813253
-gil	0.463800759441	0.261714250595	0.0598597372685	0.214625252695
-alk	0.40329114963	0.361769821553	0.121967303158	0.11297172566
-ndo	0.495778971604	0.39907904835	0.031465848043	0.0736761320031
-ali	0.0293757649938	0.962231159294	0.00839307571253	0.0
-nda	0.142548478334	0.160702423472	0.0967021293955	0.600046968798
-ⱡum	0.487532158939	0.202092775573	0.0925758399148	0.217799225574
-uⱡa	0.173435937629	0.59404518834	0.0623170512762	0.170201822755
-lon	0.110184598083	0.708136432699	0.053190089368	0.12848887985
-120	0.0	0.342857142857	0.0	0.657142857143
-dᵾk	0.484530407351	0.225416625857	0.0600099416035	0.230043025188
-yos	0.0	0.954545454545	0.0454545454545	0.0
-yor	0.0202702702703	0.97972972973	0.0	0.0
-yot	0.00406107862248	0.985217673814	0.0	0.0107212475634
-yok	0.0486075073517	0.935132330047	0.00103788271925	0.0152222798823
-yon	0.06120748473	0.813808240425	0.0408188032898	0.0841654715549
-ᵾⱡᵾ	0.393520347689	0.338798893718	0.15408929277	0.113591465824
-ᵾmp	0.279355295709	0.343761444467	0.0220844846414	0.354798775183
-iyu	0.0480210812896	0.484894411566	0.421835440734	0.0452490664104
-pem	0.396952908587	0.320498614958	0.0760387811635	0.206509695291
-pen	0.151185292695	0.764554104177	0.0060474117078	0.0782131914208
-pei	0.398439471692	0.162257087575	0.12339109952	0.315912341213
-elt	0.507692307692	0.461538461538	0.0307692307692	0.0
-pek	0.552848568336	0.173177211453	0.0673029617239	0.206671258487
-pet	0.131622516556	0.827400662252	0.00496688741723	0.0360099337749
-153	0.11320754717	0.0754716981132	0.0503144654088	0.761006289308
-eli	0.056657223796	0.818224740321	0.103871576959	0.0212464589235
-pep	0.67468078916	0.15434937113	0.0300892956489	0.140880544061
-elo	0.0109722645535	0.970796381234	0.0104816348377	0.00774971937467
-per	0.0	1.0	0.0	0.0
-ᵾma	0.0933953922484	0.50677899494	0.355528810728	0.0442968020828
-iye	0.104046242775	0.583815028902	0.0	0.312138728324
-ela	0.05083477381	0.846536531894	0.0485967649002	0.0540319293956
-iya	0.102471155601	0.838725988405	0.0284161065029	0.0303867494911
-ele	0.51	0.165	0.27	0.055
-pna	0.0814764958022	0.74036156671	0.15643487194	0.0217270655473
-ter	0.0	0.928571428571	0.0535714285714	0.0178571428571
-esi	0.0045045045045	0.995495495495	0.0	0.0
-k20	0.0416666666667	0.763888888889	0.194444444444	0.0
-iti	0.147591257902	0.0610800332148	0.0404176086763	0.750911100206
-esa	0.0	1.0	0.0	0.0
-ita	0.042854388632	0.93859613081	0.00391912691966	0.014630353638
-spa	0.0549738219895	0.772251308901	0.137434554974	0.0353403141361
-yᵾl	0.628712871287	0.252475247525	0.0891089108911	0.029702970297
-666	0.0	0.222222222222	0.0	0.777777777778
-bra	0.0	0.294845360825	0.705154639175	0.0
-ᵾnᵾ	0.102624179944	0.742268041237	0.0810684161199	0.0740393626991
-ⱡᵾⱡ	0.234714003945	0.483234714004	0.112426035503	0.169625246548
-rim	0.0	1.0	0.0	0.0
-ⱡᵾm	0.398441051581	0.294334974394	0.125670116833	0.181553857192
-lot	0.0587237612386	0.878175551219	0.0425838454945	0.0205168420477
-kom	0.110099513021	0.826381537159	0.0520855388524	0.0114334109676
-kol	0.310312258886	0.393449263682	0.23459898475	0.0616394926818
-kon	0.393220338983	0.538983050848	0.0677966101695	0.0
-koi	0.0126582278481	0.303797468354	0.303797468354	0.379746835443
-ael	0.437275985663	0.388888888889	0.0143369175627	0.159498207885
-sos	0.152466367713	0.7466367713	0.0	0.100896860987
-sor	0.0	1.0	0.0	0.0
-ᵾti	0.388525150404	0.310737958777	0.0285700046278	0.272166886191
-kot	0.201107487271	0.446526197236	0.180963889345	0.171402426148
-tus	0.0740561471442	0.883833494676	0.0174249757987	0.0246853823814
-kop	0.0331292761973	0.932301044292	0.029528267915	0.00504141159525
-kos	0.0528634361233	0.920704845815	0.00881057268722	0.0176211453744
-kor	0.0793532264007	0.67196351942	0.0651154455031	0.183567808676
-ora	0.174444667928	0.19527021247	0.0720180158399	0.558267103762
-kra	0.0141904070159	0.815228795093	0.151884432249	0.0186963656417
-rur	0.339924461231	0.492890468785	0.0816485225505	0.0855365474339
-rus	0.0510546500479	0.907837967402	0.0080297219559	0.0330776605945
-rup	0.263900735382	0.420656296056	0.104750023238	0.210692945323
-omp	0.696174304495	0.117105758608	0.0601667678851	0.126553169012
-lip	0.269628384985	0.381657446757	0.0758285781245	0.272885590133
-rut	0.56297959372	0.126020698458	0.0788109920189	0.232188715804
-lis	0.0628019323671	0.937198067633	0.0	0.0
-lim	0.0574887620332	0.0202567586902	0.0132279005804	0.909026578696
-lin	0.053295362083	0.918633034988	0.00488201790073	0.0231895850285
-rui	0.0824513287456	0.262295240938	0.0344429701464	0.62081046017
-run	0.656033138546	0.205816822261	0.0549483481049	0.0832016910885
-lik	0.543988867457	0.105017744362	0.0260239014963	0.324969486685
-oma	0.268199409425	0.592709790343	0.0717212018374	0.0673695983939
-wᵾl	0.440995607614	0.39560761347	0.0333821376281	0.130014641288
-wᵾm	0.338725023787	0.146527117031	0.166508087536	0.348239771646
-wᵾk	0.24064171123	0.55614973262	0.20320855615	0.0
-wᵾi	0.689363187988	0.215049539523	0.0554318886125	0.0401553838767
-pal	0.129520295203	0.669003690037	0.166051660517	0.0354243542435
-144	0.0357142857143	0.0964285714286	0.0	0.867857142857
-rna	0.0195510499638	0.980448950036	0.0	0.0
-wᵾr	0.740024321222	0.170873631931	0.0350043755469	0.0540976712997
-rni	0.0	1.0	0.0	0.0
-uri	0.208574678639	0.62695611918	0.139248997487	0.025220204695
-lwa	0.17312568287	0.778106519138	0.0243838989959	0.0243838989959
-ura	0.150380199853	0.671009490546	0.122126950184	0.0564833594162
-rga	0.0	0.993333333333	0.0	0.00666666666668
-gti	0.0882297755878	0.674905890229	0.208464369875	0.0283999643081
-mep	0.699472027881	0.122499934979	0.0313402169108	0.146687820229
-dup	0.340649577767	0.16519850883	0.0390442477215	0.455107665681
-pai	0.248982497484	0.717108934548	0.0140903846626	0.0198181833059
-dur	0.324255396666	0.49357865015	0.0974587849531	0.0847071682303
-apa	0.0283733703924	0.947769836543	0.0163787969029	0.00747799616174
-was	0.0511727078891	0.948827292111	0.0	0.0
-mes	0.0	1.0	0.0	0.0
-pan	0.032	0.936	0.032	0.0
-dui	0.229818568873	0.10945709064	0.0510544193811	0.609669921106
-wam	0.0881057268722	0.784941930316	0.0192230676812	0.10772927513
-duk	0.283098265738	0.191135765887	0.0850228355314	0.440743132843
-pat	0.0405007232272	0.932498794621	0.0270004821515	0.0
-dum	0.533728122232	0.264517010136	0.0737202095591	0.128034658073
-wai	0.288834951456	0.0145631067961	0.645631067961	0.0509708737864
-nun	0.577045989367	0.289750443043	0.081345690131	0.0518578774585
-rwᵾ	0.516666666667	0.433333333333	0.0333333333333	0.0166666666667
-num	0.349435319449	0.521586724254	0.046592392377	0.0823855639196
-sen	0.0646630236794	0.913479052823	0.0163934426229	0.00546448087431
-kem	0.571428571429	0.272727272727	0.155844155844	0.0
-kel	0.0872094266876	0.44379308132	0.323523670996	0.145473820996
-kek	0.25321888412	0.489270386266	0.167381974249	0.0901287553648
-kei	0.64562360179	0.156402532032	0.0716264998983	0.12634736628
-sop	0.106598984772	0.847715736041	0.0	0.0456852791878
-dᵾt	0.434575343637	0.317450137882	0.119070523098	0.128903995383
-rik	0.0165137614679	0.610747051114	0.367627785059	0.00511140235911
-ket	0.241400875547	0.72607879925	0.0100062539087	0.0225140712945
-kes	0.122448979592	0.854591836735	0.00765306122449	0.015306122449
-tun	0.472370766488	0.342245989305	0.0623885918003	0.122994652406
-moⱡ	0.371608028969	0.57530510975	0.0212347445125	0.0318521167687
-kep	0.0845396783464	0.096645451465	0.0350872393423	0.783727630846
-nus	0.0105263157895	0.989473684211	0.0	0.0
-kou	0.130994671403	0.0577264653641	0.059946714032	0.751332149201
-sol	0.0565308601082	0.920415148504	0.00198741305068	0.0210665783372
-dil	0.452908876502	0.370231224383	0.0742193384832	0.102640560632
-dim	0.567096628196	0.267368182847	0.080787508486	0.0847476804707
-din	0.243599719071	0.568537082947	0.038478004406	0.149385193576
-ᵾwa	0.096	0.4432	0.4416	0.0192
-son	0.0549363057325	0.932324840764	0.0127388535032	0.0
-dip	0.167050462158	0.793244344095	0.0249520522902	0.014753141457
-uip	0.567070679559	0.363611602887	0.0183848563257	0.0509328612284
-ᵾwi	0.640243902439	0.182926829268	0.15243902439	0.0243902439024
-sli	0.0	1.0	0.0	0.0
-uka	0.584338898939	0.277783383333	0.111615295303	0.0262624224243
-nᵾr	0.645418326693	0.247011952191	0.107569721115	0.0
-ulk	0.394013860434	0.338294167762	0.0867527027237	0.18093926908
-tpa	0.37250708438	0.124486840602	0.0352596879066	0.467746387112
-tit	0.600620282053	0.197788050793	0.0538358008075	0.147755866347
-ait	0.0	1.0	0.0	0.0
-tip	0.119565766393	0.794233902524	0.0134272141141	0.0727731169694
-aip	0.144800868003	0.621732451685	0.0952425321365	0.138224148176
-ais	0.185567010309	0.814432989691	0.0	0.0
-air	0.0	0.857142857143	0.142857142857	0.0
-nga	0.108767619988	0.138348976119	0.0371635938718	0.715719810022
-800	0.124864842093	0.479729824611	0.0	0.395405333296
-aim	0.203266787659	0.755250194452	0.0357791029297	0.00570391495981
-tim	0.408997179342	0.0896218686019	0.0147775299618	0.486603422094
-tin	0.409911460756	0.278119002928	0.0813459706051	0.230623565711
-ngk	0.209113125251	0.371825409101	0.307544776812	0.111516688836
-tik	0.3	0.675	0.025	0.0
-eme	0.0465126197867	0.93023107032	0.014311575319	0.00894473457438
-ema	0.0354648255902	0.952805641478	0.00679113681516	0.00493839611658
-jas	0.211075493287	0.361267202924	0.324872715754	0.102784588035
-uwa	0.290216877567	0.614049243339	0.0889495884491	0.00678429064442
-uin	0.45444176286	0.354228895974	0.0389574200687	0.152371921097
-uwi	0.127659574468	0.659574468085	0.191489361702	0.0212765957447
-260	0.287534121929	0.217470427661	0.0382165605096	0.4567788899
-emp	0.494460261641	0.41357140792	0.0517681359667	0.0402001944729
-ikᵾ	0.426563321072	0.482790331056	0.0788229111928	0.0118234366789
-oni	0.183002808891	0.713284692689	0.0649614086854	0.0387510897337
-gga	0.51989307616	0.249680855545	0.0694478648108	0.160978203485
-ins	0.0188087774295	0.96802507837	0.0131661442006	0.0
-ᵾlt	0.670588235294	0.195294117647	0.0917647058824	0.0423529411765
-gaⱡ	0.325212464589	0.525212464589	0.129178470255	0.0203966005666
-dam	0.0984054583457	0.034023074875	0.00517565455075	0.862395812229
-ses	0.0550918965359	0.893147392429	0.0066224826895	0.0451382283453
-ont	0.260670306765	0.439677595493	0.217986854553	0.0816652431885
-dpa	0.526815977769	0.187783420967	0.039223597296	0.246177003968
-ser	0.0	1.0	0.0	0.0
-ᵾla	0.491428571429	0.188571428571	0.177142857143	0.142857142857
-ᵾli	0.5184	0.3568	0.0864	0.0384
-ᵾlk	0.244848484849	0.339393939394	0.26303030303	0.152727272727
-sep	0.0362016834191	0.957260766528	0.00261502002124	0.00392253003187
-kta	0.022034820457	0.810663764962	0.14281828074	0.0244831338411
-rᵾⱡ	0.164812659215	0.75527817268	0.0412031648038	0.0387060033005
-000	0.105145004166	0.329918282571	0.0184139363799	0.546522776882
-eta	0.168191146314	0.587967340842	0.0297115220037	0.21412999084
-eti	0.0	1.0	0.0	0.0
-buk	0.292670303715	0.607159140626	0.00903204436066	0.091138511298
-atu	0.421052631579	0.5	0.0	0.078947368421
-bun	0.219597572733	0.30422506636	0.110366353487	0.365811007421
-bul	0.120689655172	0.718390804598	0.137931034483	0.0229885057472
-rᵾn	0.488628222701	0.303652995413	0.0848860687361	0.12283271315
-ruk	0.413016797605	0.192863573457	0.040051093037	0.354068535901
-nos	0.0	1.0	0.0	0.0
-omi	0.0	1.0	0.0	0.0
-dus	0.032	0.864	0.016	0.088
-wei	0.15669243916	0.216783002848	0.245539736108	0.380984821884
-kuⱡ	0.204301075269	0.795698924731	0.0	0.0
-wel	0.0869676850522	0.859583425176	0.0135887007894	0.0398601889823
-bur	0.624924012158	0.251063829787	0.058358662614	0.0656534954407
-kak	0.0393093640127	0.329831045111	0.0152781333815	0.615581457495
-nis	0.0472718233418	0.916186767204	0.0174006711687	0.0191407382856
-nip	0.6	0.3	0.1	0.0
-ian	0.0975609756097	0.829268292683	0.0731707317073	0.0
-osa	0.0	1.0	0.0	0.0
-kan	0.284398641179	0.480728358628	0.0494482241085	0.185424776085
-nit	0.342754644837	0.180840462675	0.120540624331	0.355864268157
-rum	0.639022666325	0.137084353295	0.0417349970158	0.182157983364
-osi	0.109649122807	0.714912280702	0.0	0.175438596491
-baⱡ	0.6448839556	0.275600403633	0.0411705348133	0.0383451059536
-ipᵾ	0.159087913536	0.759193357058	0.0579939369975	0.023724792408
-kas	0.0648255813954	0.904941860465	0.018023255814	0.0122093023256
-kar	0.0740898445817	0.889291036832	0.0212901852246	0.0153289333617
-kap	0.076	0.876	0.048	0.0
-nin	0.418639881442	0.218070512469	0.0953875990267	0.267902007062
-kau	0.0375238894327	0.95548408148	0.00279681163474	0.00419521745213
-kat	0.243823924921	0.0952781860912	0.0733140580947	0.587583830893
-dᵾⱡ	0.51552232916	0.286838915302	0.126803626341	0.0708351291975
-300	0.25	0.245689655172	0.103448275862	0.400862068965
-dma	0.223958333333	0.411458333333	0.359375	0.00520833333333
-gᵾⱡ	0.199008308764	0.734655588314	0.0663361029215	0.0
-ldi	0.111922141119	0.798989331836	0.0247052217855	0.0643833052592
-ari	0.0	1.0	0.0	0.0
-iyo	0.319073514767	0.513726390158	0.12400673718	0.0431933578943
-dom	0.361204013378	0.464882943144	0.0535117056856	0.120401337793
-lda	0.299224465446	0.665609595278	0.0207227856448	0.0144431536312
-ata	0.0120800302001	0.925380646785	0.00151000377501	0.06102931924
-pkᵾ	0.167482312526	0.798028817972	0.0177215534987	0.0167673160026
-k30	0.0860215053763	0.365591397849	0.0	0.548387096774
-bᵾⱡ	0.184893098879	0.700693594689	0.0585832628757	0.0558300435569
-rⱡi	0.669291338583	0.275590551181	0.0	0.0551181102362
-ilo	0.136363636364	0.706293706294	0.0944055944056	0.062937062937
-yus	0.0135338345865	0.945697577277	0.0230576441103	0.0177109440267
-ilk	0.548780487805	0.292682926829	0.158536585366	0.0
-ili	0.223194230702	0.401622021655	0.0250654399423	0.350118307701
-lma	0.119711042312	0.790505675955	0.0712074303406	0.0185758513932
-amp	0.08805790248	0.348061625058	0.0152371302046	0.548643342257
-ᵾki	0.0904156171407	0.834826448734	0.0571937913971	0.0175641427284
-ama	0.156476761043	0.194879354574	0.176273806866	0.472370077517
-poⱡ	0.0691373403923	0.851626106687	0.053521377408	0.0257151755128
-kᵾk	0.414455587999	0.424738690703	0.0880199737633	0.072785747535
-usi	0.0133868808568	0.978580990629	0.00803212851407	0.0
-kᵾi	0.225256838456	0.708554411703	0.0327521878831	0.0334365619583
-kᵾn	0.102959802659	0.0473606671128	0.0138519119444	0.835827618284
-kᵾl	0.222641509434	0.516981132076	0.147169811321	0.11320754717
-kᵾm	0.366383711009	0.219756764183	0.122586802794	0.291272722014
-gur	0.475126491487	0.0923432493661	0.0605613034019	0.371968955745
-usa	0.0337078651685	0.932584269663	0.0337078651685	0.0
-kai	0.162608568857	0.150176232567	0.454600140968	0.232615057609
-ⱡar	0.274639657187	0.196997392946	0.480566959336	0.0477959905307
-guk	0.321175591983	0.292245950982	0.112927438275	0.273651018761
-gui	0.313219694134	0.336390817859	0.0272531517924	0.323136336215
-aⱡi	0.565043894653	0.312051077414	0.0383080606544	0.0845969672785
-gun	0.242908480318	0.583191900625	0.0533215743058	0.120578044751
-gum	0.453384871736	0.345151480113	0.0802271000118	0.121236548139
-gul	0.201754385965	0.399122807018	0.046052631579	0.353070175439
-kᵾr	0.355480641894	0.138104802855	0.0359206156463	0.470493939604
-eis	0.0597243491577	0.940275650842	0.0	0.0
-aⱡa	0.102216007646	0.757088746504	0.0187617260788	0.121933519771
-kᵾt	0.364673664993	0.392058420812	0.139662254678	0.103605659516
-boⱡ	0.435406698565	0.531100478469	0.0	0.0334928229665
-epa	0.44637730821	0.0991534845962	0.0678412386538	0.38662796854
-pos	0.0	1.0	0.0	0.0
-pou	0.0730912846588	0.734090728529	0.139588464289	0.0532295225232
-win	0.112781954887	0.87969924812	0.00751879699246	0.0
-wil	0.070460704607	0.734417344174	0.0650406504065	0.130081300813
-wik	0.244258872651	0.438413361169	0.317327766179	0.0
-ius	0.0377358490566	0.962264150943	0.0	0.0
-pik	0.0265316221139	0.933670944715	0.0353754961518	0.004421937019
-pil	0.0795539569643	0.629129819437	0.274999774635	0.0163164489638
-pim	0.58371040724	0.361990950226	0.0	0.0542986425339
-pin	0.543620346689	0.144075021313	0.173770957658	0.138533674339
-pip	0.274390243902	0.388211382114	0.0955284552845	0.241869918699
-kok	0.13163143199	0.800558436378	0.0358994814519	0.0319106501795
-pis	0.412213740458	0.473282442748	0.0687022900763	0.0458015267175
-pit	0.278599178511	0.678499074434	0.0121554949988	0.0307462520557
-wit	0.152086520748	0.817446836409	0.0241759595025	0.00629068333994
-wis	0.0	1.0	0.0	0.0
-ᵾri	0.548076923077	0.356750392465	0.0313971742543	0.0637755102041
-wun	0.163265306122	0.0408163265306	0.0816326530612	0.714285714286
-roⱡ	0.181125168225	0.332890801597	0.120269659956	0.365714370223
-owi	0.0391535171804	0.775755788232	0.00929066509365	0.175800029494
-owa	0.13878698102	0.799676048344	0.042570570238	0.0189664003987
-min	0.454007314238	0.271719004528	0.0862845474887	0.187989133745
-owu	0.517771852199	0.0813725202918	0.167023178129	0.23383244938
-ote	0.015051624835	0.00877571454522	0.00200016389347	0.974172496726
-ong	0.191065250997	0.459925726714	0.255108410907	0.0939006113821
-one	0.0298507462687	0.850746268657	0.0	0.119402985075
-ant	0.171290255145	0.420944533952	0.0363062064552	0.371459004448
-anu	0.04288370625	0.93879637444	0.00267594327001	0.01564397604
-ona	0.11811415151	0.174224438263	0.0181375624219	0.689523847805
-ⱡwa	0.0638084931607	0.893652511399	0.0425389954405	0.0
-oea	0.0398406374502	0.840637450199	0.119521912351	0.0
-mbᵾ	0.200980495609	0.143279768795	0.0033232151068	0.652416520489
-das	0.0821917808219	0.876712328767	0.0	0.041095890411
-450	0.0	0.164948453608	0.0	0.835051546392
