koi-	0.425429862056	0.446825820866	0.0876724305421	0.0400718865358
iam-	0.115942028986	0.869565217391	0.0144927536232	0.0
omo-	0.451545426085	0.255709644591	0.180750408078	0.111994521245
siu-	0.156862745098	0.812834224599	0.030303030303	0.0
gin-	0.174504300173	0.528486174463	0.16992371208	0.127085813284
nak-	0.135838804619	0.0605614670591	0.0144894724926	0.78911025583
son-	0.103952720087	0.250956235508	0.0611902325994	0.583900811805
ure-	0.340909090909	0.568181818182	0.0227272727273	0.0681818181818
maa-	0.0	1.0	0.0	0.0
tut-	0.368282109891	0.234604626734	0.284332574746	0.112780688629
pao-	0.766666666667	0.0666666666667	0.166666666667	0.0
nas-	0.212098241358	0.530624620982	0.00636749545179	0.250909642207
lau-	0.509610899365	0.358119663094	0.0633545715752	0.0689148659656
rok-	0.0	1.0	0.0	0.0
tum-	0.380056980057	0.298195631529	0.17094017094	0.150807217474
eno-	0.0170212765957	0.957446808511	0.0255319148936	0.0
bov-	0.137607464877	0.839274481023	0.0181641853638	0.00495386873558
ola-	0.0619706241422	0.748222775768	0.185759268106	0.00404733198359
aea-	0.426013195099	0.360980207352	0.0791705937795	0.13383600377
ooo-	0.291497975709	0.364372469636	0.157894736842	0.186234817814
bis-	0.120637487974	0.797375869714	0.080815404565	0.00117123774732
lis-	0.112359550562	0.708507223114	0.118459069021	0.0606741573034
san-	0.134551153948	0.062976309153	0.0203648305693	0.78210770633
bap-	0.713475761652	0.249057536105	0.0090828369074	0.0283838653356
iem-	0.0	0.987810669622	0.0121893303783	0.0
nun-	0.254810192408	0.622464898596	0.0280811232449	0.0946437857514
kat-	0.533790620289	0.305187327917	0.0246116917121	0.136410360082
abi-	0.0	0.958796868562	0.0288421920066	0.0123609394314
lia-	0.389844559586	0.528082901554	0.0	0.0820725388601
gan-	0.385956509244	0.4138327426	0.0565188236422	0.143691924514
sto-	0.206896551724	0.379310344828	0.413793103448	0.0
uit-	0.0181673668673	0.954581582832	0.0181673668673	0.00908368343362
lor-	0.538143412967	0.310095915047	0.0818842077897	0.0698764641968
uga-	0.554945054945	0.0989010989011	0.346153846154	0.0
tai-	0.0383512305341	0.263979949839	0.0141143217933	0.683554497834
mar-	0.145813892272	0.691957630405	0.0608649072458	0.101363570077
kum-	0.517040887818	0.283135786834	0.0574599147681	0.14236341058
nen-	0.301434690149	0.288016293767	0.188696199119	0.221852816965
lui-	0.451226515711	0.246041512839	0.147674132415	0.155057839035
ate-	0.0254667086176	0.465698466258	0.503342005618	0.00549281950575
kam-	0.243602414624	0.311529253673	0.0415771644607	0.403291167242
kle-	0.0986301369862	0.868493150685	0.0328767123288	0.0
ies-	0.00689025122019	0.767660939727	0.00467213859517	0.220776670457
sin-	0.151832326012	0.627849599569	0.147003843109	0.0733142313101
tag-	0.549850942915	0.384861177152	0.0306087816143	0.0346790983184
ler-	0.375	0.25	0.347222222222	0.0277777777778
pat-	0.455524013241	0.306808573461	0.104551591204	0.133115822094
toe-	0.0893111706677	0.846503107715	0.0185322461082	0.0456534755089
ror-	0.74103164246	0.114103629544	0.0355818070461	0.109282920949
mog-	0.0331143490451	0.907622062683	0.0316274154883	0.0276361727833
lom-	0.527143874956	0.311881914711	0.101269854411	0.0597043559224
gen-	0.0674846625767	0.907975460123	0.0	0.0245398773006
som-	0.485714285714	0.3	0.116326530612	0.0979591836735
ake-	0.0985915492958	0.783098591549	0.101408450704	0.0169014084507
rek-	0.0587985698779	0.0593897144434	0.00518616786481	0.876625547814
ior-	0.0	0.995210727969	0.00319284802043	0.00159642401022
por-	0.0629312704251	0.679634157615	0.237641672391	0.0197928995692
pas-	0.293024161608	0.242381918998	0.210779353134	0.253814566261
sig-	0.519675134889	0.228266327564	0.0147120247811	0.237346512766
buu-	0.0473684210526	0.757894736842	0.157894736842	0.0368421052631
nge-	0.235661861692	0.0227303973889	0.00379596904603	0.737811771873
oal-	0.162230853691	0.705883134872	0.073961232829	0.0579247786081
bak-	0.467362924282	0.422976501306	0.0156657963447	0.0939947780679
276-	0.0	0.151515151515	0.0	0.848484848485
umm-	0.51924447631	0.143078726085	0.0529757133675	0.284701084237
sen-	0.10443368461	0.705307129973	0.101965252065	0.0882939333523
epa-	0.0172697368421	0.907072368421	0.0139802631579	0.061677631579
500-	0.0897755610973	0.0935162094763	0.0648379052369	0.75187032419
sap-	0.616925623993	0.327927323758	0.019078992404	0.0360680598451
asi-	0.0491724886464	0.940290549501	0.0070246412352	0.0035123206176
gun-	0.102412618349	0.704466444192	0.0877822442994	0.105338693159
nan-	0.106365287266	0.72950356214	0.0315969427463	0.132534207848
goe-	0.0761138104363	0.838584429445	0.0250386197473	0.0602631403713
153-	0.0	0.0277777777778	0.166666666667	0.805555555556
eke-	0.550117513465	0.0651924536464	0.0177428917389	0.366947141149
mue-	0.0595017718306	0.920664304226	0.0111069974084	0.00872692653515
bir-	0.246425614132	0.228926304168	0.453105161468	0.0715429202319
tol-	0.362009018091	0.455187722253	0.111187886537	0.071615373119
mel-	0.0339022890825	0.936986945359	0.0215166528044	0.0075941127545
kri-	0.0355555555555	0.84	0.106666666667	0.0177777777778
mir-	0.219029146999	0.607411600196	0.0754497835811	0.098109469224
luv-	0.629555997349	0.236138723216	0.106914071129	0.0273912083057
bab-	0.0343619458294	0.928581053766	0.0309931276108	0.00606387279343
ita-	0.0329671880549	0.0230627126713	0.00794260435301	0.936027494921
aku-	0.0498793977085	0.887329450105	0.0427174882616	0.020073663925
sor-	0.00480357874052	0.995196421259	0.0	0.0
ura-	0.0514379485901	0.907872434449	0.00917042936148	0.0315191875996
iai-	0.0814479638009	0.819004524887	0.0542986425339	0.0452488687783
rio-	0.177914110429	0.748466257669	0.0122699386503	0.0613496932515
biu-	0.0392593342102	0.949205706769	0.00667813416978	0.00485682485075
log-	0.230988697465	0.468341929112	0.185083580233	0.115585793189
tau-	0.240605078105	0.161527758118	0.578798229847	0.0190689339291
mal-	0.123981612141	0.677244476886	0.066305108586	0.132468802388
sab-	0.032943314779	0.954447347495	0.00477110076111	0.00783823696467
aki-	0.112736660929	0.211703958692	0.649741824441	0.025817555938
ole-	0.244514106583	0.547245857591	0.0980743394537	0.110165696373
nin-	0.243397664742	0.640841555828	0.0387536086646	0.0770071707657
tik-	0.0119521912351	0.980079681275	0.00796812749006	0.0
ian-	0.0776699029126	0.864077669903	0.0582524271844	0.0
lov-	0.240856889194	0.624394993843	0.0813357390383	0.0534123779248
sir-	0.00995355009953	0.943596549436	0.0424684804247	0.00398142003981
lim-	0.00577470822527	0.0176410823453	0.142544113561	0.834040095869
ins-	0.370967741935	0.483870967742	0.102150537634	0.0430107526881
esr-	0.0	1.0	0.0	0.0
sak-	0.298096641549	0.663352514582	0.0268959375833	0.0116549062861
apa-	0.0757924769187	0.815048073321	0.0452956731748	0.0638637765854
ALL	0.231320409307	0.301161350116	0.0553915501683	0.412126690409
ana-	0.0262329485834	0.936341378104	0.00629590766002	0.0311297656523
ine-	0.257575054033	0.0240007471828	0.00361092895711	0.714813269827
mae-	0.30375929241	0.556795033466	0.0868790730077	0.0525666011164
per-	0.0349311961288	0.955542114018	0.00635112656888	0.00317556328444
ger-	0.0658542908996	0.899922219342	0.0311122634171	0.00311122634172
mor-	0.434929197573	0.26916160935	0.183187233086	0.112721959991
rur-	0.468903940887	0.362992610837	0.14224137931	0.0258620689655
bae-	0.055056787628	0.0280058329743	0.00804291195214	0.908894467446
liv-	0.11211907006	0.824654414075	0.0325950361294	0.0306314797361
tel-	0.421847369903	0.416475444275	0.107041447165	0.0546357386571
gas-	0.561446833237	0.325174317257	0.0316676350959	0.0817112144102
ata-	0.102148830316	0.679263258177	0.136022017572	0.0825658939346
pig-	0.0689655172414	0.931034482759	0.0	0.0
aek-	0.171594239837	0.211673250924	0.0147827195106	0.601949789729
lum-	0.221642764016	0.707953063885	0.0704041720991	0.0
mes-	0.086508753862	0.824922760041	0.0108135942328	0.077754891864
ami-	0.0	1.0	0.0	0.0
kur-	0.109155126387	0.0908966997226	0.00908752671102	0.790860647179
gue-	0.103448275862	0.620689655172	0.137931034483	0.137931034483
ome-	0.181542022277	0.396065384059	0.0553305366701	0.367062056994
iss-	0.245098039216	0.186274509804	0.156862745098	0.411764705882
tek-	0.262103505843	0.124095715081	0.0237432758301	0.590057503246
ral-	0.0459962366715	0.928914906962	0.0167259042442	0.00836295212209
tal-	0.243423162482	0.173633153529	0.0474424268829	0.535501257107
alp-	0.0	1.0	0.0	0.0
pa'-	0.748361801627	0.205090320985	0.0144684866292	0.0320793907591
bin-	0.349693251534	0.549079754601	0.0644171779141	0.0368098159509
kos-	0.311840726511	0.615228780999	0.0502968913726	0.0226336011177
lem-	0.864024084295	0.0938283993979	0.0	0.0421475163071
osu-	0.435497095255	0.465751446112	0.0747195167626	0.0240319418704
450-	0.0461538461538	0.792307692308	0.0461538461538	0.115384615385
nem-	0.196786695263	0.647439515371	0.155773789367	0.0
kit-	0.0968567605825	0.0640864051502	0.0167729925734	0.822283841694
pon-	0.311944023631	0.254772734511	0.370029095909	0.0632541459481
anr-	0.0	0.997150997151	0.0	0.002849002849
sik-	0.063823441694	0.723232925738	0.195049209663	0.0178944229049
nga-	0.104880583506	0.0721679715036	0.0179919583681	0.804959486622
ben-	0.00407885791978	0.896668932699	0.0203942895989	0.0788579197824
bog-	0.10986267166	0.801498127341	0.0736579275906	0.0149812734082
ion-	0.0455690107045	0.914676023872	0.0129858852506	0.026769080173
ioe-	0.0	1.0	0.0	0.0
beg-	0.0738436054736	0.85819828932	0.0171507728842	0.0508073323219
rev-	0.00838141512299	0.976981475858	0.00461585180686	0.0100212572123
iun-	0.066037735849	0.905660377359	0.0283018867924	0.0
pin-	0.0634077908862	0.481933960848	0.430392574446	0.0242656738199
ili-	0.0923076923077	0.861538461538	0.0	0.0461538461538
map-	0.666068222621	0.269299820467	0.032315978456	0.032315978456
nar-	0.0977620701934	0.706364939902	0.13220193816	0.0636710517452
gat-	0.0241863960599	0.96004371933	0.0115173314571	0.00425255315339
nut-	0.0855519358101	0.859321579808	0.00678673099993	0.0483397533819
iii-	0.0297835064447	0.108121636841	0.0172694281066	0.844825428607
sat-	0.0371413934426	0.870816256831	0.0874316939891	0.00461065573771
pur-	0.111803226322	0.421019006549	0.409678965021	0.0574988021083
gur-	0.0560239035322	0.874506456088	0.0672286842386	0.00224095614129
esl-	0.0	1.0	0.0	0.0
rak-	0.239867994363	0.157419041499	0.0341883140359	0.568524650102
kis-	0.0384615384615	0.923076923077	0.0384615384615	0.0
sun-	0.227272727273	0.14738292011	0.534435261708	0.0909090909091
mom-	0.465239633249	0.18777361208	0.0554019979888	0.291584756683
ban-	0.173330572933	0.757511611684	0.0349495926909	0.0342082226923
ter-	0.0167597765363	0.958100558659	0.0167597765363	0.00837988826815
mil-	0.0310467179184	0.926374926079	0.00532229450029	0.0372560615021
nam-	0.174090183195	0.730393825979	0.0331522962629	0.0623636945633
ebe-	0.0	1.0	0.0	0.0
ale-	0.795439239681	0.114001001178	0.00871528740641	0.0818444717347
bup-	0.399497487437	0.28391959799	0.286432160804	0.0301507537688
ker-	0.0827581044061	0.0292489635875	0.020695477043	0.867297454963
bon-	0.299419791092	0.596203481948	0.0652073615669	0.0391693653922
oli-	0.00334672021419	0.944444444444	0.0401606425703	0.0120481927711
amv-	0.765498775311	0.135598119609	0.0290882536398	0.06981485144
tok-	0.775510204082	0.183673469388	0.0204081632653	0.0204081632653
ero-	0.0204683150483	0.919382129796	0.0466131761367	0.0135363790186
kue-	0.179789212647	0.788592684439	0.018598884067	0.0130192188469
rir-	0.0823834196891	0.837823834197	0.0673575129533	0.0124352331606
kon-	0.15188390888	0.167533193209	0.0542026228926	0.626380275019
eli-	0.0224119530416	0.896478121665	0.00818214158662	0.0729277837069
ala-	0.513526385099	0.363732427705	0.0505910361431	0.0721501510529
gio-	0.0805412371135	0.851804123711	0.0381228522337	0.0295317869416
siv-	0.0654710255985	0.84977316651	0.0444036163713	0.0403521915199
mul-	0.59156547903	0.229510112272	0.132087597496	0.0468368112019
pan-	0.298682808791	0.427869070461	0.0466005423245	0.226847578424
nim-	0.0	1.0	0.0	0.0
koa-	0.0627052851598	0.763511495969	0.124813377128	0.0489698417438
all-	0.489888661668	0.366962054079	0.0190865712338	0.12406271302
ari-	0.0109223300971	0.989077669903	0.0	0.0
tul-	0.482517482518	0.192307692308	0.230769230769	0.0944055944056
enn-	0.256602963281	0.502469400902	0.173072793644	0.067854842173
oru-	0.0749621558671	0.530709995183	0.0224298980519	0.371897950898
ina-	0.131985905991	0.108184209025	0.0170324150341	0.74279746995
ruv-	0.227426364075	0.394978271366	0.264606470304	0.112988894254
lir-	0.0140845070423	0.978873239437	0.0	0.00704225352114
mai-	0.475960014417	0.363992952855	0.033912552316	0.126134480412
pen-	0.463909294155	0.2909613542	0.0612157989993	0.183913552646
ka'-	0.640472216199	0.0251135910923	0.00786690805298	0.326547284656
ape-	0.312	0.432	0.256	0.0
pae-	0.277104125369	0.522185181085	0.148041929992	0.0526687635547
atm-	0.0	1.0	0.0	0.0
nal-	0.0424028268551	0.95406360424	0.00353356890459	0.0
kau-	0.213903650801	0.100123714982	0.0577034784114	0.628269155805
ino-	0.166274858989	0.0933367960813	0.0232948496122	0.717093495318
bas-	0.0933863098228	0.0635329966994	0.0452944500251	0.797786243453
mim-	0.65	0.275	0.045	0.03
gig-	0.59009009009	0.292792792793	0.045045045045	0.072072072072
teo-	0.128834355828	0.723926380368	0.0184049079755	0.128834355828
ang-	0.0251398226089	0.948195017231	0.0120049714705	0.0146601886899
pun-	0.278657201899	0.415878152434	0.0732113626171	0.232253283049
kuk-	0.0481927710843	0.94578313253	0.00301204819277	0.00301204819277
tur-	0.534208323098	0.301464827049	0.0308741420103	0.133452707842
666-	0.0	0.0	0.0	1.0
kes-	0.181505994006	0.684045121545	0.119588744589	0.0148601398601
ont-	0.426862215361	0.468930914705	0.00926283288304	0.0949440370514
kun-	0.0566241179974	0.786266839795	0.0428901843881	0.11421885782
pul-	0.582830564248	0.292382164281	0.0683118434418	0.0564754280292
kan-	0.244156754129	0.393971563881	0.0558324850496	0.30603919694
lig-	0.212973753637	0.748646928868	0.0132125519243	0.0251667655701
nav-	0.0165745856354	0.577348066298	0.372928176796	0.0331491712707
osi-	0.758241758242	0.241758241758	0.0	0.0
iep-	0.0	1.0	0.0	0.0
mum-	0.491758241758	0.447552447552	0.0202297702298	0.0404595404596
gir-	0.234679501098	0.425461388145	0.279148874575	0.0607102361824
ias-	0.0345744680851	0.928191489362	0.0372340425532	0.0
met-	0.0	1.0	0.0	0.0
tao-	0.489792586636	0.308196172466	0.0503298626822	0.151681378216
100-	0.229651162791	0.212209302326	0.0	0.558139534884
lol-	0.376608628679	0.502621472363	0.0566222235215	0.0641476754364
ken-	0.137807630436	0.133234366376	0.134311419864	0.594646583324
iub-	0.0526315789473	0.947368421053	0.0	0.0
pib-	0.378947368421	0.621052631579	0.0	0.0
iek-	0.023402340234	0.970597059706	0.002400240024	0.003600360036
mat-	0.333938007625	0.35683674779	0.207269087216	0.101956157368
ioa-	0.0	1.0	0.0	0.0
aka-	0.123984294575	0.589470669525	0.0773235385519	0.209221497348
ios-	0.026190684516	0.965934610785	0.00437483594365	0.00349986875492
bem-	0.0485545678644	0.154403525809	0.765668185553	0.0313737207739
gok-	0.0	1.0	0.0	0.0
mem-	0.0261205741593	0.852884439285	0.025502426404	0.0954925601516
par-	0.251351074233	0.602924171652	0.105545898069	0.0401788560463
seb-	0.0131004366812	0.967248908297	0.0196506550218	0.0
rog-	0.538461538462	0.423076923077	0.0	0.0384615384615
but-	0.089552238806	0.910447761194	0.0	0.0
pom-	0.044776119403	0.940298507463	0.0149253731343	0.0
iuk-	0.135604672769	0.59930217183	0.235648068595	0.0294450868062
kin-	0.0489833662592	0.137211856385	0.050430617932	0.763374159424
reu-	0.0	1.0	0.0	0.0
ona-	0.118811881188	0.727722772277	0.0	0.153465346535
lug-	0.122894856623	0.858898497952	0.016385980883	0.00182066454256
uap-	0.193270060397	0.0578084555651	0.748921484038	0.0
ser-	0.333861584653	0.483258821206	0.145412567656	0.0374670264851
kag-	0.502309468822	0.112009237875	0.0190531177829	0.36662817552
bam-	0.697709923664	0.229007633588	0.0160305343511	0.0572519083969
mis-	0.0285412262156	0.831923890063	0.101479915434	0.0380549682875
elm-	0.0	1.0	0.0	0.0
ran-	0.309435364041	0.614784546805	0.00947251114412	0.0663075780089
kia-	0.0405259462722	0.0272579773591	0.00556390131236	0.926652175056
rin-	0.371095509205	0.499618073248	0.097261341641	0.0320250759062
agr-	0.013698630137	0.972602739726	0.00684931506849	0.00684931506849
goa-	0.243003419333	0.502539443537	0.207047975554	0.0474091615757
sos-	0.0372558422077	0.595278616662	0.322944014245	0.0445215268851
ule-	0.741739983543	0.0907810620926	0.0411418444205	0.126337109944
kua-	0.0430107526882	0.935483870968	0.0	0.0215053763441
tat-	0.660249935837	0.195794044018	0.0219978676071	0.121958152538
bit-	0.0	1.0	0.0	0.0
koe-	0.0207612456747	0.456747404844	0.204152249135	0.318339100346
leg-	0.181233499573	0.40813068247	0.365848615465	0.044787202492
ron-	0.402217832034	0.277552506856	0.148296369741	0.171933291368
ave-	0.460632299637	0.196167270775	0.0769902000269	0.266210229561
nia-	0.0764189094966	0.907265374425	0.00794868219217	0.00836703388649
pot-	0.457827275614	0.419381650036	0.0659567451708	0.0568343291794
mam-	0.32159134472	0.498658261277	0.1696980023	0.0100523917025
utu-	0.710558745382	0.183371501002	0.0603113343085	0.0457584193073
sia-	0.150041366119	0.696294253525	0.0773786783588	0.076285701997
sis-	0.23931867028	0.532545744465	0.100459048631	0.127676536624
gil-	0.139513185398	0.761175140896	0.0594962332712	0.0398154404346
aug-	0.142857142857	0.857142857143	0.0	0.0
pai-	0.111674719477	0.836376803566	0.0287346412866	0.0232138356704
mos-	0.0495112090171	0.914020546491	0.022499836808	0.0139684076842
kok-	0.100693800319	0.0990242273588	0.0317361561008	0.768545816221
sur-	0.602409638554	0.156626506024	0.132530120482	0.10843373494
tuv-	0.554884910486	0.337084398977	0.103120204604	0.0049104859335
reg-	0.790814357391	0.192203782323	0.0115785411038	0.00540331918179
pla-	0.0	0.998692810458	0.0	0.00130718954248
lam-	0.192884160215	0.61607421835	0.152856593615	0.0381850278197
bet-	0.0292587137948	0.964261168385	0.00117820324006	0.00530191458026
sal-	0.203573520797	0.709431751611	0.0618043350908	0.0251903925015
iup-	0.0	1.0	0.0	0.0
iar-	0.0	1.0	0.0	0.0
isk-	0.0	0.996396396396	0.0	0.0036036036036
otu-	0.222446916077	0.292214357937	0.404448938322	0.0808897876643
sek-	0.0115853658537	0.954674796748	0.0154471544715	0.0182926829268
400-	0.075517269141	0.0847757829482	0.0	0.839706947911
ull-	0.484837642007	0.488326326147	0.0268360318454	0.0
liu-	0.114966477912	0.739680405962	0.052196998975	0.0931561171509
bav-	0.253743300457	0.409024749765	0.0916789982446	0.245552951534
rug-	0.714021934232	0.232173069161	0.0417815336786	0.0120234629291
min-	0.0392808627229	0.076189408681	0.0096687448312	0.874860983765
ren-	0.0	1.0	0.0	0.0
alt-	0.0157161465708	0.937560174435	0.0314322931415	0.0152913858526
ant-	0.0212249848393	0.977865372953	0.0	0.000909642207398
kut-	0.819249577259	0.0795210456561	0.000914035007541	0.100315342078
age-	0.0701754385965	0.929824561404	0.0	0.0
lul-	0.383381910424	0.390023561739	0.0642148346827	0.162379693154
lok-	0.280386157417	0.394518885841	0.25229478793	0.072800168812
gal-	0.245969651369	0.601689646496	0.0260015455337	0.126339156601
kar-	0.0597983124147	0.768717393376	0.0525017487027	0.118982545507
soa-	0.118513032932	0.357553546302	0.344762086304	0.179171334462
sel-	0.0865102639296	0.890029325513	0.0117302052786	0.0117302052786
kus-	0.0363636363636	0.963636363636	0.0	0.0
mia-	0.0161388876063	0.0251557103204	0.00629632050056	0.952409081573
lae-	0.0894552545458	0.0505278687803	0.0105641065206	0.849452770153
gie-	0.0643924875431	0.926408585665	0.00459946339595	0.00459946339594
tak-	0.0956791198226	0.811825078622	0.0445011569077	0.0479946446474
mun-	0.0472703562231	0.0585521606999	0.223242036195	0.670935446882
mei-	0.390206000865	0.095715378443	0.0261211172233	0.487957503469
pav-	0.525581597102	0.294002042663	0.0981380414487	0.0822783187857
kop-	0.0720720720721	0.891891891892	0.036036036036	0.0
kak-	0.413052451247	0.0560994443704	0.013252837261	0.517595267122
abb-	0.0679156908665	0.836065573771	0.0	0.0960187353629
aii-	0.134328358209	0.731343283582	0.0	0.134328358209
one-	0.0405447365044	0.0607954751461	0.00418466751033	0.894475120839
kik-	0.677056408697	0.233541128174	0.0279762809792	0.0614261821499
bea-	0.0	0.788235294118	0.211764705882	0.0
gog-	0.576009949883	0.267887889963	0.110465096841	0.0456370633135
poi-	0.0	0.531914893617	0.170212765957	0.297872340426
unu-	0.0662020905923	0.933797909408	0.0	0.0
sil-	0.163274566185	0.410778235391	0.400786089227	0.0251611091974
430-	0.659090909091	0.0454545454545	0.0	0.295454545455
lal-	0.335903680604	0.562730216747	0.0695607299931	0.0318053726562
ngi-	0.0967335398211	0.150376280618	0.0340867413199	0.718803438241
iuo-	0.166666666667	0.833333333333	0.0	0.0
rae-	0.0959987679323	0.092372785869	0.0364499049457	0.775178541253
gus-	0.371951929571	0.589899154575	0.0190744579267	0.0190744579267
gau-	0.0552703052189	0.895961778411	0.0444329904701	0.00433492589953
nau-	0.154197468309	0.634637665368	0.048400871997	0.162763994326
sau-	0.243333243327	0.645924121468	0.0774504859995	0.0332921492057
sag-	0.454325814316	0.40960706363	0.122229787608	0.0138373344462
tro-	0.0041067761807	0.991786447639	0.0041067761807	0.0
iop-	0.0369284876905	0.943728018757	0.010550996483	0.00879249706917
pop-	0.148263035449	0.809150773518	0.0331225930259	0.00946359800738
gol-	0.2428979648	0.564861248908	0.176765766359	0.0154750199327
ela-	0.071507150715	0.72497249725	0.07700770077	0.126512651265
nag-	0.0	1.0	0.0	0.0
bai-	0.312943204138	0.243022316423	0.063596043858	0.380438435581
itu-	0.0	0.989361702128	0.0106382978723	0.0
rig-	0.0278297075827	0.912403171336	0.00277270149348	0.0569944195882
gul-	0.858247558615	0.114488455406	0.00681599649463	0.0204479894839
tir-	0.0	1.0	0.0	0.0
man-	0.0898586209238	0.111550943164	0.0687995483574	0.729790887554
men-	0.226528437167	0.683606239705	0.0508671640345	0.0389981590931
ava-	0.0488742434281	0.105804164975	0.00937792408585	0.835943667511
iko-	0.349238479098	0.294968968469	0.00561777714368	0.350174775289
sie-	0.0	1.0	0.0	0.0
bus-	0.288836385115	0.438275251034	0.240992321323	0.0318960425281
ain-	0.0229885057471	0.959770114943	0.0172413793103	0.0
mug-	0.0	0.972972972973	0.0	0.027027027027
tap-	0.475699100301	0.0782699806609	0.0254508325129	0.420580086525
uru-	0.0	1.0	0.0	0.0
lup-	0.552653153637	0.200804597705	0.169922386936	0.0766198617208
sol-	0.122016718769	0.783895445719	0.00895156514674	0.0851362703649
ame-	0.283056267674	0.259270026693	0.120569812617	0.337103893015
koo-	0.463018078539	0.536981921461	0.0	0.0
lai-	0.0307949496283	0.782675641195	0.119110465884	0.0674189432933
iso-	0.361575621605	0.41118865936	0.177140957387	0.0500947616484
pam-	0.485984750573	0.385009269991	0.058230542843	0.0707754365933
mag-	0.216065889324	0.62599018561	0.039922283545	0.118021641522
avo-	0.0242409749443	0.868236152085	0.0135581261644	0.093964746806
ket-	0.512114537445	0.356828193833	0.0517621145374	0.079295154185
bot-	0.732533521524	0.174311926605	0.0529287226535	0.0402258292167
kip-	0.533116492687	0.447672102171	0.0192114051419	0.0
mon-	0.247137574152	0.722414508035	0.0098333742352	0.0206145435774
alo-	0.224473501656	0.572989882331	0.156280676954	0.0462559390584
ram-	0.138099029591	0.635450064759	0.181326457053	0.0451244485978
iut-	0.0205479452055	0.821917808219	0.143835616438	0.013698630137
pit-	0.0148998955656	0.95000294637	0.018767814279	0.0163293437858
las-	0.0247450259154	0.946162849022	0.0190603577997	0.010031767263
pem-	0.0645161290323	0.782556750299	0.0884109916368	0.0645161290323
bes-	0.429977687361	0.247539047119	0.261845386534	0.0606378789867
sip-	0.0628316386489	0.928143212412	0.0037089653173	0.00531618362145
sea-	0.0	1.0	0.0	0.0
inn-	0.259979292283	0.710542663987	0.00974480784457	0.0197332358852
ema-	0.064	0.904	0.032	0.0
pis-	0.103318077803	0.836613272311	0.00480549199083	0.0552631578947
rup-	0.0	0.962264150943	0.0377358490566	0.0
ten-	0.0772634445201	0.477195371001	0.4431586113	0.00238257317903
sai-	0.0502071013743	0.915632364797	0.0314955276435	0.00266500618522
apo-	0.0452817666224	0.900476650175	0.0293833715458	0.0248582116568
ael-	0.744680851064	0.0851063829787	0.063829787234	0.106382978723
gia-	0.2432863179	0.480580697124	0.0659477873827	0.210185197594
atu-	0.865113789774	0.0500310127719	0.0127764808391	0.0720787166149
aro-	0.00882028665933	0.958103638368	0.0330760749724	0.0
ere-	0.0	0.926229508197	0.0737704918033	0.0
lot-	0.209846499438	0.49943841258	0.248596031449	0.0421190565332
sa'-	0.510093597034	0.0684125369507	0.046450344418	0.375043521597
kor-	0.106021224685	0.820700947728	0.0246365109992	0.0486413165882
300-	0.0909090909091	0.181818181818	0.173553719008	0.553719008265
bau-	0.478423470036	0.468928707587	0.0422998021168	0.0103480202603
lep-	0.0	0.924050632911	0.0759493670886	0.0
bul-	0.0283311631604	0.954814896711	0.0131315975233	0.00372234260502
na'-	0.516220028209	0.190409026798	0.0662905500705	0.227080394922
tae-	0.219000817437	0.0685360422412	0.0100247413344	0.702438398987
tan-	0.472549156465	0.177329888176	0.0496074330921	0.300513522267
bar-	0.0680359538287	0.845581679291	0.019268151623	0.0671142152571
bil-	0.185465054619	0.597916003818	0.14529642592	0.0713225156432
kav-	0.446748375541	0.382373149794	0.116009944691	0.0548685299745
kup-	0.152380952381	0.742857142857	0.104761904762	0.0
aga-	0.042741731618	0.588394890552	0.0097796849574	0.359083692873
ama-	0.305451264863	0.204432016801	0.0612481429222	0.428868575414
rem-	0.008547008547	0.97150997151	0.017094017094	0.002849002849
pia-	0.223849153506	0.466625697031	0.0439766798679	0.265548469595
osa-	0.0137701804368	0.936372269706	0.017094017094	0.0327635327635
ose-	0.356707317073	0.448170731707	0.128048780488	0.0670731707317
mau-	0.199591039148	0.692011007711	0.0743211379124	0.0340768152284
iao-	0.630303030303	0.151515151515	0.0181818181818	0.2
ba'-	0.948429890346	0.0262929875407	0.00490005676895	0.020377065344
oll-	0.129484718267	0.107626881611	0.0210727725793	0.741815627543
bel-	0.00228397411496	0.029311001142	0.968405024743	0.0
boa-	0.330097087379	0.631067961165	0.0291262135922	0.00970873786408
loa-	0.730195995717	0.0901955547675	0.0291115812775	0.150496868238
ton-	0.242032019748	0.179454706372	0.101882928978	0.476630344902
puv-	0.0173913043478	0.947826086957	0.0173913043478	0.0173913043478
rav-	0.630531995557	0.229173407938	0.0330502397627	0.107244356743
tiu-	0.135593220339	0.813559322034	0.0	0.0508474576271
000-	0.105263157895	0.117239205799	0.00740624015127	0.770091396155
pol-	0.0642306305997	0.874953627226	0.00862418766233	0.0521915545117
esi-	0.00291262135922	0.993203883495	0.0	0.00388349514564
geb-	0.0224719101124	0.977528089888	0.0	0.0
rab-	0.0174781523096	0.925093632959	0.0	0.0574282147316
rum-	0.0225563909775	0.661654135338	0.0451127819549	0.270676691729
sar-	0.0381679389313	0.924936386768	0.029262086514	0.00763358778626
lao-	0.377142399487	0.243472689412	0.0567035079289	0.322681403172
kio-	0.0	1.0	0.0	0.0
bee-	0.10487804878	0.885365853659	0.00243902439024	0.00731707317073
rer-	0.628804587561	0.287163652404	0.00727834142038	0.076753418615
gop-	0.0676056338028	0.932394366197	0.0	0.0
put-	0.305620387308	0.461616097899	0.102188860153	0.130574654639
nap-	0.0153271946554	0.934713170857	0.0126361604792	0.0373234740081
art-	0.0384615384615	0.961538461538	0.0	0.0
bal-	0.418569851534	0.446766522708	0.0459947651443	0.0886688606131
ell-	0.458165558597	0.325995962185	0.119236956928	0.0966015222911
ula-	0.846590909091	0.119318181818	0.0	0.0340909090909
top-	0.0	0.774193548387	0.225806451613	0.0
tun-	0.43420730673	0.449888228513	0.0313299732957	0.0845744914606
sop-	0.245186953063	0.141607000796	0.0124105011933	0.600795544948
iru-	0.0	0.965517241379	0.0	0.0344827586207
amp-	0.0	1.0	0.0	0.0
set-	0.0	1.0	0.0	0.0
ais-	0.0154602951511	0.973929698373	0.00530500323812	0.00530500323811
lav-	0.202069921374	0.612307020449	0.150168299078	0.0354547590982
toi-	0.52	0.306666666667	0.12	0.0533333333333
rom-	0.45182619194	0.0215970836026	0.00489845892867	0.521678265528
tug-	0.113072803015	0.394876300054	0.104287698019	0.387763198912
sib-	0.0	0.988013027858	0.0	0.0119869721423
gim-	0.579810372498	0.277177126446	0.0598656981164	0.0831468029395
sit-	0.0	1.0	0.0	0.0
soi-	0.545454545455	0.0727272727273	0.0363636363636	0.345454545455
lus-	0.0	1.0	0.0	0.0
ulo-	0.568180046491	0.213966936082	0.137908141704	0.0799448757225
sus-	0.0496323529412	0.939338235294	0.0110294117647	0.0
rip-	0.635195611376	0.193301573553	0.133391078389	0.0381117366825
ial-	0.212835240378	0.30810456334	0.00994979874271	0.46911039754
ipr-	0.0	1.0	0.0	0.0
ri—-	0.466361854997	0.423905943828	0.0548661005879	0.0548661005879
bla-	0.330285714286	0.403428571429	0.192	0.0742857142857
mut-	0.417253521127	0.582746478873	0.0	0.0
mak-	0.0997396354897	0.787702783897	0.102944121771	0.00961345884239
pep-	0.0796144829829	0.139172413203	0.699660768981	0.0815523348334
get-	0.0	1.0	0.0	0.0
sam-	0.537806276844	0.415776836223	0.0215822079161	0.0248346790171
ngo-	0.453724056782	0.0897872946349	0.0116657737706	0.444822874812
lel-	0.622293989655	0.0774043324563	0.0510541501039	0.249247527785
nik-	0.00386535674021	0.988403929779	0.00773071348043	0.0
lit-	0.175648702595	0.704590818363	0.0119760479042	0.107784431138
ott-	0.0977541970492	0.59315025898	0.0586832525025	0.250412291468
mas-	0.224169013673	0.394891412787	0.149731592683	0.231207980856
rut-	0.401451489687	0.210847975554	0.304812834225	0.0828877005348
bag-	0.232940746398	0.600987518195	0.0826908433222	0.0833808920843
rea-	0.0935477930169	0.0330502597715	0.00280945278585	0.870592494426
lun-	0.309255887199	0.594786195717	0.0627587057789	0.0331992113049
lib-	0.172043010753	0.784946236559	0.0215053763441	0.0215053763441
apu-	0.200953678474	0.711171662125	0.0797002724796	0.00817438692098
kas-	0.138258150124	0.195930244227	0.268507138764	0.397304466885
klo-	0.030487804878	0.951219512195	0.0182926829268	0.0
sum-	0.138648180243	0.0935875216638	0.684575389948	0.0831889081456
aia-	0.0	0.771428571429	0.228571428571	0.0
kao-	0.11832830725	0.518032633998	0.134588461071	0.229050597681
gam-	0.0608695652173	0.921739130435	0.0	0.0173913043478
ime-	0.0	0.797427652733	0.0	0.202572347267
gar-	0.24375	0.675	0.0625	0.01875
ara-	0.0754728801367	0.890317449895	0.0193972355491	0.0148124344193
sem-	0.102036684618	0.892294610681	0.0	0.00566870470097
ene-	0.090708506987	0.850453542535	0.0539347879383	0.00490316253983
amo-	0.29	0.576666666667	0.0333333333333	0.1
lik-	0.241598609299	0.259139089886	0.410970476086	0.0882918247283
isu-	0.134895798695	0.205046547584	0.328105109126	0.331952544595
tei-	0.0319757071112	0.681471747385	0.0205067344779	0.266045811026
gab-	0.0	1.0	0.0	0.0
rot-	0.0	1.0	0.0	0.0
pag-	0.481843597954	0.339727434834	0.0736194580008	0.104809509211
onr-	0.200189403727	0.18872301378	0.0843533632824	0.526734219211
kul-	0.393785466934	0.52191393748	0.0600272723439	0.0242733232429
kek-	0.251798410929	0.0311039716604	0.00407373640948	0.713023881001
los-	0.221969771807	0.397362441964	0.314284303072	0.0663834831572
ago-	0.072587784007	0.889642962526	0.0342283859546	0.00354086751254
noa-	0.032183908046	0.958620689655	0.0	0.00919540229885
kal-	0.285433788828	0.267066308088	0.0671544097846	0.380345493299
aba-	0.0292929294455	0.92001562934	0.0361329557199	0.0145584854946
ier-	0.00946310837226	0.983765695922	0.00397574793758	0.00279544776861
boe-	0.890909090909	0.0954545454545	0.0136363636364	0.0
kil-	0.116936806877	0.595579568019	0.256534768248	0.0309488568561
res-	0.0180873759392	0.9610425749	0.0153047027177	0.00556534644281
iau-	0.0410992081193	0.0151614695448	0.00121785731874	0.942521465017
pau-	0.269195698278	0.16535809544	0.544203980015	0.0212422262673
unt-	0.669692532943	0.256515373353	0.0333821376281	0.0404099560761
sim-	0.0523747560182	0.943070917372	0.00455432661029	0.0
buk-	0.0	1.0	0.0	0.0
ros-	0.124153498871	0.875846501129	0.0	0.0
lak-	0.15325391461	0.0240804365618	0.0324246932989	0.79024095553
kel-	0.56508900573	0.332997391113	0.0333442154652	0.0685693876919
tor-	0.742343991805	0.0801891933129	0.118441988709	0.0590248261732
sav-	0.135696163604	0.814042438687	0.0343084492965	0.0159529484124
pup-	0.716662918305	0.185813438269	0.0430505136636	0.0544731297628
nat-	0.0285139642048	0.933596556186	0.0132496953234	0.0246397842857
gav-	0.144633715389	0.564278245682	0.210939427204	0.0801486117252
nir-	0.161290322581	0.806451612903	0.0	0.0322580645161
iul-	0.0890688259109	0.813765182186	0.0	0.0971659919028
pil-	0.0231084712205	0.937802291048	0.023080186678	0.0160090510536
poa-	0.409637294953	0.539511178777	0.0339010175134	0.0169505087567
lag-	0.186735969666	0.107387097291	0.0358670542895	0.670009878753
gom-	0.0866892099601	0.52013525976	0.0537964955426	0.339379034737
eme-	0.126712328767	0.719178082192	0.154109589041	0.0
rik-	0.152976639035	0.297663903542	0.0553880934439	0.493971363979
800-	0.0	0.598214285714	0.0	0.401785714286
bur-	0.287592440427	0.579293344289	0.133114215284	0.0
bol-	0.0566926134695	0.16237515293	0.217081674876	0.563850558725
kiu-	0.787354880976	0.137866427928	0.0109138711201	0.0638648199764
ste-	0.0570101351351	0.851351351351	0.0228040540541	0.0688344594595
obe-	0.0	1.0	0.0	0.0
mit-	0.00499168053245	0.845257903494	0.0399334442596	0.109816971714
rau-	0.133375512854	0.104723559842	0.213282887882	0.548618039422
asa-	0.0795631825273	0.831513260531	0.0608424336973	0.0280811232449
ore-	0.174369706987	0.0258246477356	0.014549015426	0.785256629852
nao-	0.0	1.0	0.0	0.0
sep-	0.0	1.0	0.0	0.0
kae-	0.0382100518907	0.609176576594	0.0168879889448	0.335725382571
kom-	0.0255402750491	0.920759659463	0.0478061558612	0.00589390962672
rar-	0.33492746819	0.496832950051	0.0977568055766	0.0704827761818
piu-	0.143822175875	0.773622512188	0.0339429010282	0.0486124109082
tom-	0.0716901137021	0.871266139911	0.0524185777607	0.00462516862594
aso-	0.0294117647059	0.950980392157	0.0	0.0196078431372
ono-	0.470588235294	0.137254901961	0.078431372549	0.313725490196
lua-	0.0683547619012	0.146632330861	0.16755096959	0.617461937647
luk-	0.158051689861	0.643141153082	0.0984095427435	0.100397614314
mur-	0.353626943005	0.383419689119	0.108808290155	0.15414507772
erm-	0.0	1.0	0.0	0.0
lat-	0.0	1.0	0.0	0.0
bor-	0.100371747212	0.89219330855	0.00743494423791	0.0
pal-	0.321711004515	0.182129004225	0.0766704651291	0.419489526131
260-	0.0162162162162	0.12972972973	0.0324324324324	0.821621621622
ril-	0.0789321548324	0.0850473413071	0.0468274258405	0.78919307802
kol-	0.192475218406	0.594959535753	0.0435964224996	0.168968823342
iki-	0.371301073289	0.0923673933123	0.00997826108648	0.526353272312
rap-	0.241523343036	0.580457380188	0.125336640232	0.0526826365433
pra-	0.0	0.963414634146	0.0	0.0365853658537
tav-	0.100125156446	0.833677447127	0.0533123942083	0.0128850022188
tot-	0.230706194405	0.51489516136	0.128015177828	0.126383466407
lea-	0.0553191489362	0.9166344294	0.00483558994197	0.0232108317215
pel-	0.144594608163	0.830001975271	0.00934190157585	0.0160615149901
pro-	0.0	1.0	0.0	0.0
epi-	0.0289855072463	0.275362318841	0.695652173913	0.0
bok-	0.628151260504	0.163865546218	0.015756302521	0.192226890756
pak-	0.562906187615	0.240544758458	0.0605068622609	0.136042191665
ute-	0.521529324425	0.227171492205	0.172976985895	0.0783221974758
omu-	0.226666666667	0.52	0.0133333333333	0.24
kei-	0.0	1.0	0.0	0.0
tup-	0.0323384045769	0.50162730551	0.369199053489	0.0968352364243
nea-	0.0675784392598	0.546259050684	0.173773129525	0.212389380531
lin-	0.507105169456	0.358301233289	0.0938076586929	0.0407859385621
pos-	0.134186562588	0.761413328669	0.0514403248818	0.0529597838617
gai-	0.226877636211	0.732829887413	0.00371930551165	0.0365731708646
isr-	0.0235877064013	0.912088611174	0.0245278217598	0.039795860665
ber-	0.0262041803114	0.937065607093	0.0188594052253	0.0178708073708
api-	0.0295915085236	0.93856545513	0.00964940495336	0.0221936313927
ass-	0.687022900763	0.229007633588	0.0229007633588	0.0610687022901
iur-	0.0218074753785	0.848601387775	0.100234860016	0.0293562768305
pir-	0.174602432738	0.769437430781	0.0395508737862	0.0164092626944
iti-	0.212962962963	0.527777777778	0.25	0.00925925925925
rus-	0.319455458631	0.480042294475	0.0894792492731	0.111022997621
pes-	0.0279744704765	0.934217393664	0.0198093331547	0.0179988027051
rag-	0.0792989430462	0.501593688688	0.0384481213486	0.380659246917
sup-	0.2913596785	0.613194909578	0.0753516409913	0.020093770931
isi-	0.0306210042152	0.899732226365	0.054015963921	0.0156308054989
tem-	0.0104526977555	0.979195596738	0.00282778296766	0.00752392253895
bek-	0.135942283935	0.0576264902705	0.0446754591022	0.761755766692
era-	0.0128205128205	0.974358974359	0.0	0.0128205128205
ote-	0.323991797676	0.423786739576	0.0574162679426	0.194805194805
ark-	0.0422535211268	0.957746478873	0.0	0.0
int-	0.146573047498	0.346250133122	0.0492265743975	0.457950244982
ako-	0.478947368421	0.442105263158	0.0473684210526	0.0315789473684
bat-	0.813822284908	0.110014104372	0.00846262341325	0.067700987306
inu-	0.618659662437	0.285639944873	0.0798941579222	0.015806234768
uai-	0.056439738087	0.889517215452	0.0203640464927	0.0336789999687
loi-	0.0	1.0	0.0	0.0
mer-	0.127906976744	0.406976744186	0.459302325581	0.00581395348837
oso-	0.0537134893444	0.922188026247	0.0127751001684	0.0113233842402
kap-	0.0989259562644	0.449550956134	0.335293192362	0.116229895239
nek-	0.537313432836	0.044776119403	0.373134328358	0.044776119403
muk-	0.0571603727317	0.659816903711	0.260135687429	0.0228870361288
lon-	0.603781870608	0.25806107475	0.064785593161	0.073371461481
tam-	0.146687992565	0.771657672564	0.0182638307488	0.0633905041225
are-	0.00975836431228	0.98187732342	0.00278810408922	0.00557620817844
ulu-	0.703703703704	0.0370370370371	0.00634920634922	0.25291005291
lil-	0.229355664108	0.198418236799	0.521516631775	0.050709467318
rel-	0.64613044305	0.225137858909	0.0612283704126	0.0675033276288
una-	0.752219046186	0.182337896796	0.0406198284941	0.0248232285241
pap-	0.263143219448	0.14714570057	0.50233499408	0.0873760859016
toa-	0.440873051448	0.441148094806	0.0645005711235	0.0534782826221
buv-	0.177340608845	0.474798966111	0.272831705916	0.0750287191269
ila-	0.105539358601	0.879300291545	0.00816326530612	0.0069970845481
giu-	0.673796791444	0.31550802139	0.0	0.0106951871658
lue-	0.329608938547	0.435754189944	0.0670391061453	0.167597765363
len-	0.555792962416	0.326933809882	0.0755203081117	0.0417529195904
ase-	0.0	1.0	0.0	0.0
eva-	0.0480769230769	0.951923076923	0.0	0.0
beo-	0.123076923077	0.876923076923	0.0	0.0
aet-	0.0621572212066	0.0438756855576	0.00959780621572	0.88436928702
rul-	0.180271036874	0.157421998109	0.608257169871	0.0540497951465
144-	0.0114942528736	0.0919540229885	0.0	0.896551724138
kai-	0.0374639769452	0.916906820365	0.0297790585975	0.0158501440922
tet-	0.05466769883	0.157827227621	0.247537831731	0.539967241817
aik-	0.006734006734	0.993265993266	0.0	0.0
git-	0.657923804551	0.284236740104	0.0289197276726	0.0289197276726
sas-	0.403253182461	0.420933521924	0.0898161244696	0.0859971711457
ora-	0.160388837584	0.0764502382252	0.0458444819967	0.717316442194
tim-	0.014222793173	0.976486511286	0.00309689851349	0.00619379702698
tri-	0.0	1.0	0.0	0.0
epe-	0.00584225900681	0.983446932814	0.00778967867575	0.00292112950341
nae-	0.150256770856	0.142558359155	0.00587566923887	0.70130920075
gon-	0.772727272727	0.136363636364	0.0	0.0909090909091
kir-	0.0043699927167	0.989075018208	0.0	0.00655498907501
sae-	0.0613246116108	0.349959116926	0.417007358953	0.17170891251
ibu-	0.0	0.971624713959	0.0228832951945	0.00549199084668
ner-	0.310151293314	0.493167398731	0.0937042459736	0.102977061982
mol-	0.0687600913089	0.0525583208062	0.309559601359	0.569121986526
elo-	0.0	0.963636363636	0.0181818181818	0.0181818181818
lop-	0.0996943121844	0.83170760472	0.0330446176834	0.0355534654118
tes-	0.0	0.995601173021	0.0	0.00439882697947
tar-	0.271384270945	0.251369679664	0.0202897678014	0.45695628159
tit-	0.176470588235	0.745098039216	0.0784313725491	0.0
abe-	0.0951008645533	0.890489913545	0.0	0.014409221902
200-	0.0961721576843	0.402970862693	0.0457055798895	0.455151399733
pik-	0.0	0.969367588933	0.0306324110672	0.0
biv-	0.355605889015	0.368063420159	0.201585503964	0.074745186863
rol-	0.822013873489	0.0589939409736	0.0140908902342	0.104901295303
