-eba	0.573122817654	0.273708311479	0.0912212668035	0.0619476040631
-foj	0.222396817722	0.633983121621	0.078622917674	0.0649971429827
-can	0.0833333333332	0.833333333333	0.0833333333334	0.0
-eus	0.0228751311647	0.953830010493	0.00251836306401	0.0207764952781
-hel	0.118421052632	0.881578947368	0.0	0.0
-hem	0.0297356828194	0.950440528634	0.00660792951542	0.0132158590308
-rbe	0.0634696755995	0.919605077574	0.0169252468265	0.0
-khi	0.0	1.0	0.0	0.0
-rbi	0.100590997409	0.629533678757	0.250850064767	0.0190252590674
-lem	0.0185306983202	0.958334638312	0.00475012266801	0.0183845406997
-ufu	0.100843031785	0.85538190709	0.0364987775061	0.00727628361858
-aus	0.24276620038	0.675218191384	0.0196837459767	0.0623318622597
-ode	0.0	1.0	0.0	0.0
-nsu	0.111036339166	0.843988335576	0.0124495289368	0.0325257963212
-oyu	0.677649767576	0.183157307192	0.0952372646323	0.0439556605995
-zim	0.0	0.666875391359	0.333124608641	0.0
-aud	0.00860975167664	0.979116497061	0.00116522955022	0.0111085217121
-ghi	0.338005655969	0.594983400959	0.0500430345506	0.0169679085208
-ufc	0.304635761589	0.403973509934	0.291390728477	0.0
-aum	0.0395227442207	0.947800149142	0.00447427293065	0.0082028337062
-nsa	0.321221232092	0.0576277722137	0.0471934425484	0.573957553146
-zia	0.0	1.0	0.0	0.0
-pus	0.0215758568893	0.970742864946	0.00460876689881	0.00307251126587
-nta	0.112420337063	0.542288627673	0.246254071661	0.0990369636029
-kia	0.00434666330847	0.978447794429	0.00691514617257	0.0102903960901
-uan	0.0710779858207	0.862115978913	0.00109071077986	0.0657153244864
-ntu	0.319573901465	0.644474034621	0.0	0.0359520639147
-nma	0.476131116266	0.330001951135	0.167309818544	0.0265571140546
-nam	0.0956382553021	0.811524609844	0.0848339335734	0.00800320128051
-nmi	0.192	0.74	0.044	0.024
-kik	0.626111168647	0.230502963038	0.07286822816	0.0705176401548
-opi	0.361650485437	0.558252427185	0.0	0.0800970873786
-sma	0.431673889265	0.298420776822	0.0784172078526	0.191488126061
-ope	0.0112160566706	0.966646989374	0.00442739079104	0.0177095631641
-dea	0.00877481627728	0.980329786845	0.00833607546342	0.00255932141421
-gka	0.694071146245	0.0545454545455	0.0308300395257	0.220553359684
-jga	0.441382790621	0.407055714566	0.0347238540627	0.11683764075
-oku	0.45825981145	0.357703481959	0.12487203657	0.0591646700214
-dei	0.55205811138	0.150121065375	0.159806295399	0.138014527845
-dek	0.0379809037612	0.940520471468	0.0085994499082	0.0128991748623
-gki	0.0722214792029	0.271766751371	0.643306138826	0.0127056306005
-jgi	0.28813559322	0.0338983050847	0.542372881356	0.135593220339
-oks	0.108527131783	0.364341085271	0.186046511628	0.341085271318
-400	0.0	0.441558441558	0.116883116883	0.441558441558
-ima	0.334544831294	0.467524143161	0.158572810099	0.0393582154463
-hra	0.326086956522	0.608695652174	0.0652173913043	0.0
-der	0.109366731346	0.472922914094	0.266008114306	0.151702240254
-des	0.0320557315396	0.904388101518	0.0456352461603	0.017920920782
-okh	0.103092783505	0.876288659794	0.0103092783505	0.0103092783505
-imf	0.173913043478	0.585921325052	0.24016563147	0.0
-imi	0.724137931034	0.206896551724	0.0689655172414	0.0
-oka	0.283186136406	0.427135614226	0.105500984032	0.184177265335
-rwa	0.163711806865	0.795548849491	0.0271595624293	0.0135797812146
-obk	0.8220119949	0.0841058126082	0.0226595886073	0.0712226038844
-bit	0.802845528455	0.152319464371	0.0125538020086	0.032281205165
-dal	0.0200860832138	0.955523672884	0.0243902439024	0.0
-bir	0.418006430868	0.539121114684	0.021436227224	0.021436227224
-obo	0.367929423975	0.34769071095	0.0581214322781	0.226258432797
-kir	0.195566620557	0.660952341245	0.098274683697	0.0452063545006
-oba	0.027433973707	0.00857923061354	0.00073203428704	0.963254761392
-ida	0.357063042277	0.0327973815672	0.00399846664359	0.606141109512
-bif	0.0507622659849	0.899278409331	0.0280633267126	0.0218959979715
-big	0.462926637897	0.415064731267	0.028638681836	0.0933699489996
-bic	0.0606693006031	0.798088951091	0.0187946644208	0.122447083885
-bia	0.0944081336238	0.870733478577	0.0174291938998	0.0174291938998
-bin	0.181097522578	0.10357416183	0.18101684992	0.534311465672
-idu	0.18080773566	0.112293977673	0.0170598468302	0.689838439837
-bij	0.679156908665	0.217798594848	0.0234192037471	0.07962529274
-bik	0.721334681496	0.168250758342	0.036400404449	0.0740141557128
-obu	0.596669179515	0.280347719674	0.0586181134703	0.06436498734
-rif	0.500872600349	0.404886561955	0.0366492146597	0.0575916230366
-rig	0.873509484465	0.0878277275389	0.010502151547	0.028160636449
-ter	0.0496656313831	0.848764654859	0.0621170150256	0.0394526987325
-uta	0.0590961761298	0.476245654693	0.0243337195829	0.440324449595
-rib	0.386206896552	0.28275862069	0.257471264368	0.0735632183908
-ric	0.852459016393	0.147540983607	0.0	0.0
-ria	0.0150137964616	0.845777200671	0.0203700697939	0.118838933074
-rin	0.281345189296	0.0970225627425	0.0428923505569	0.578739897405
-eji	0.553783447016	0.347602623549	0.0380012181743	0.0606127112611
-rim	0.0	1.0	0.0	0.0
-rij	0.693411226337	0.198454079732	0.0335797201115	0.0745549738189
-rik	0.829882080257	0.0648377943478	0.0112278049363	0.0940523204593
-rii	0.327330380268	0.534295096782	0.0982741509936	0.0401003719572
-omf	0.372561359345	0.4386406545	0.0566393958464	0.132158590308
-tea	0.0917030567686	0.842794759825	0.0349344978166	0.0305676855895
-teb	0.195569352998	0.100973934116	0.166302553922	0.537154158963
-tec	0.797134944486	0.171821214814	0.0116816705054	0.0193621701948
-rir	0.335776585725	0.444134146841	0.163867163507	0.0562221039269
-ris	0.467033496617	0.345719449292	0.074047029523	0.113200024567
-sib	0.0534412955466	0.913360323887	0.0145748987854	0.0186234817814
-tei	0.352861090791	0.33315045111	0.0918475168659	0.222140941234
-tek	0.170215316382	0.23617375148	0.295704160985	0.297906771153
-aku	0.0722891566265	0.89156626506	0.0	0.0361445783133
-ten	0.197386462994	0.425102046872	0.150069144837	0.227442345297
-jin	0.20979020979	0.58041958042	0.0839160839161	0.125874125874
-met	0.568656046489	0.300026480847	0.0534673140158	0.0778501586487
-jil	0.426751592357	0.496815286624	0.0382165605095	0.0382165605096
-pas	0.0310880829015	0.958549222798	0.0103626943005	0.0
-ara	0.108140083717	0.631573799203	0.0587869058118	0.201499211268
-mes	0.128859658901	0.474083156839	0.24322817969	0.15382900457
-mer	0.340667574932	0.609900090827	0.0199818346957	0.0294504995459
-lus	0.0597528618054	0.85446816259	0.00444023389212	0.0813387417123
-ari	0.0514707211559	0.841903374309	0.0370944162813	0.0695314882537
-jia	0.0823244552058	0.838983050848	0.0278450363196	0.0508474576271
-meg	0.250931612587	0.594327127418	0.0404027172945	0.114338542701
-mef	0.017412934439	0.0203407521865	0.00433965773691	0.957906655638
-mea	0.0	1.0	0.0	0.0
-mec	0.602122015915	0.397877984085	0.0	0.0
-ifi	0.2196486641	0.715473815376	0.0257853287218	0.039092191802
-mem	0.13236964334	0.812193911296	0.0268709407658	0.0285655045979
-men	0.46038767827	0.216837251715	0.0460948737163	0.276680196299
-jir	0.172159879068	0.667582413508	0.066149295733	0.0941084116907
-mek	0.5525768625	0.244299067787	0.0253794450112	0.177744624701
-mej	0.558727348867	0.229862302914	0.138063900878	0.0733464473415
-aya	0.0250610037592	0.9611114775	0.00197850029678	0.011849018444
-rah	0.108036890646	0.698287220026	0.0592885375494	0.134387351779
-kis	0.0	1.0	0.0	0.0
-ayo	0.052647623693	0.621071243484	0.191141054172	0.135140078651
-mou	0.318567092377	0.0952694576485	0.548937632438	0.0372258175362
-mot	0.60539690779	0.237055820888	0.0858838450551	0.071663426266
-rag	0.22022022022	0.61961961962	0.16016016016	0.0
-fos	0.283244030253	0.521314154495	0.0791995236878	0.116242291564
-gom	0.504852950139	0.26032437964	0.0803015205082	0.154521149712
-mor	0.074812967581	0.825436408978	0.0374064837905	0.0623441396509
-ubu	0.675901812866	0.206723903291	0.043280297048	0.0740939867942
-sra	0.608156925708	0.270518839113	0.112109736305	0.00921449887437
-ubk	0.857996232659	0.0850773761825	0.0289315114113	0.0279948797469
-ufa	0.211933656111	0.49481033871	0.155573281903	0.137682723277
-umu	0.203460336006	0.303526932697	0.140275557444	0.352737173853
-ota	0.154679091458	0.616637031013	0.0124159518631	0.216267925666
-ijg	0.0650578707226	0.219305551328	0.650578707226	0.0650578707227
-ija	0.724116040581	0.15432348635	0.0158055219909	0.105754951078
-oti	0.0970583667765	0.865855313167	0.00600750324896	0.0310788168079
-ijo	0.3925	0.39	0.06	0.1575
-iji	0.151652624757	0.533376539209	0.291639662994	0.0233311730395
-umf	0.238213399504	0.468982630273	0.101736972705	0.191066997519
-uma	0.196963735827	0.194671450459	0.0577635440328	0.550601269681
-otu	0.337213287911	0.55531589199	0.0453176670566	0.0621531530428
-nak	0.731481481482	0.138888888889	0.0277777777778	0.101851851852
ALL	0.205327277543	0.240589283646	0.0451912491473	0.508892189663
-nai	0.134764460346	0.840190816935	0.0107334525939	0.0143112701252
-nan	0.0560624381665	0.882778538379	0.0152897558636	0.0458692675907
-kif	0.677341120008	0.192368219492	0.0477562107242	0.0825344497752
-aki	0.174657652573	0.66629043961	0.120008753038	0.0390431547791
-kid	0.481810586067	0.439277993661	0.0638055198207	0.0151059004523
-sis	0.360678510114	0.198091500812	0.0748427302228	0.366387258851
-sir	0.0656063898845	0.835610058988	0.0663260986142	0.0324574525133
-ake	0.128865979381	0.871134020619	0.0	0.0
-ebo	0.146853146853	0.23951048951	0.062937062937	0.550699300699
-kim	0.161246731882	0.706559736788	0.0496460150995	0.0825475162304
-aul	0.111111111111	0.814814814815	0.0740740740741	0.0
-zur	0.0	1.0	0.0	0.0
-sij	0.545574693435	0.20012425259	0.0320742639569	0.222226790019
-sih	0.194485842027	0.725782414307	0.0506706408346	0.0290611028316
-sin	0.116533864542	0.877490039841	0.0	0.00597609561754
-kit	0.10834670947	0.4341894061	0.337078651685	0.120385232745
-nas	0.0334987593052	0.921836228288	0.014888337469	0.029776674938
-sia	0.00132473726044	0.976154729312	0.0152344784951	0.00728605493244
-aun	0.291062801932	0.609903381643	0.0386473429951	0.0603864734299
-aks	0.010152284264	0.989847715736	0.0	0.0
-sif	0.24226030234	0.0801321874784	0.00467660661283	0.672930903569
-ker	0.35876931277	0.3800237265	0.0404610421378	0.220745918592
-wuj	0.166642303757	0.777810261658	0.00292354918871	0.0526238853969
-gok	0.648699891658	0.241061755146	0.0284398699892	0.0817984832069
-goj	0.0550396758399	0.937869322978	0.00101300016883	0.006078001013
-mos	0.143288440327	0.583442581769	0.0443596758323	0.228909302071
-wun	0.519512195122	0.378048780488	0.0256097560975	0.0768292682927
-gon	0.112923462986	0.298201589293	0.581346716855	0.00752823086575
-gob	0.658010735822	0.267194657733	0.0234919667144	0.0513026397301
-wug	0.010067114094	0.305369127517	0.684563758389	0.0
-gog	0.178777790804	0.413487182899	0.276613337873	0.131121688423
-gof	0.81737012987	0.0608766233766	0.0243506493506	0.0974025974026
-mog	0.181032956471	0.682639046969	0.0281065837064	0.108221412854
-mof	0.117533610979	0.826536601727	0.015792268776	0.0401375185175
-mod	0.110927785848	0.806939515627	0.0189488183675	0.0631838801571
-moc	0.0783427099217	0.907986750092	0.00473210999527	0.00893842999108
-wus	0.12329202415	0.343501747696	0.148077534159	0.385128693994
-mon	0.0153628818647	0.981723468126	0.000529754547059	0.00238389546177
-mom	0.501574786726	0.315353649125	0.0615731180778	0.121498446071
-gor	0.0	1.0	0.0	0.0
-mok	0.179030355677	0.664499339116	0.111282760169	0.0451875450381
-gos	0.390001981907	0.281897932166	0.253151559887	0.07494852604
-moh	0.482234535528	0.275388440868	0.154698017144	0.0876790064596
-ber	0.120689655172	0.576436781609	0.302873563218	0.0
-gou	0.583121877621	0.277734109169	0.0546531686704	0.0844908445391
-ofu	0.592022698751	0.291755333661	0.0834833851694	0.0327385824194
-mfa	0.263565891473	0.736434108527	0.0	0.0
-coc	0.964912280702	0.0350877192982	0.0	0.0
-got	0.771770261539	0.117727630374	0.0192308301345	0.0912712779522
-eon	0.0396902226525	0.957405614714	0.00290416263311	0.0
-bei	0.219223339607	0.281958066308	0.421778492609	0.0770401014766
-ben	0.265172489563	0.533025708635	0.146429356185	0.0553724456164
-bel	0.0456597578494	0.58095628976	0.119023189001	0.25436076339
-mfu	0.207547169811	0.641509433962	0.150943396226	0.0
-yan	0.146341463415	0.853658536585	0.0	0.0
-yai	0.178793349666	0.278743610928	0.251774681961	0.290688357445
-yah	0.632577637749	0.244684127658	0.00666021428028	0.116078020313
-bed	0.275510204082	0.724489795918	0.0	0.0
-ofa	0.0347025938322	0.0876809325754	0.046127370865	0.831489102727
-rej	0.300358602713	0.208657720209	0.0583868918719	0.432596785206
-rek	0.235367602343	0.0393884339573	0.0130675117042	0.712176451995
-rei	0.220593182936	0.403471994062	0.155258417598	0.220676405405
-ren	0.0724934042229	0.563259316285	0.247896969551	0.116350309941
-igu	0.370400654129	0.605069501226	0.0	0.0245298446443
-isi	0.332956423013	0.583609477833	0.0488983449791	0.0345357541745
-rem	0.231729055258	0.661319073084	0.0534759358289	0.0534759358289
-rec	0.428445229682	0.106007067138	0.412544169611	0.0530035335689
-rea	0.0365272631021	0.926416093171	0.0164107993647	0.0206458443621
-dif	0.0333831961179	0.0226194512918	0.00154406274645	0.942453289844
-red	0.294117647059	0.705882352941	0.0	0.0
-rer	0.146239263834	0.773867300411	0.0315825484522	0.0483108873027
-res	0.305268973509	0.567617735391	0.0471337397231	0.0799795513767
-isu	0.420111152314	0.530674417336	0.0159114323689	0.0333029979814
-ret	0.0324569007031	0.955407878263	0.00809014735626	0.00404507367813
-fes	0.131476726579	0.470077029429	0.359931529396	0.0385147145961
-jus	0.198998748436	0.461827284105	0.239048811014	0.100125156446
-hab	0.0219298245614	0.978070175439	0.0	0.0
-ebs	0.575042158516	0.301854974705	0.102866779089	0.0202360876897
-hah	0.279056713591	0.408027108879	0.149004133414	0.163912044116
-mas	0.0453250203791	0.80985493161	0.125513169318	0.0193068786922
-hak	0.0167758427864	0.951393070901	0.0279597379773	0.00387134833532
-ham	0.0393501491655	0.921277868777	0.0283099834018	0.0110619986557
-han	0.00488476765742	0.981374084716	0.000946456596702	0.0127946910295
-mai	0.175613405988	0.391514952936	0.377414776027	0.0554568650488
-mah	0.219303742043	0.637336550015	0.0568646298907	0.0864950780516
-mak	0.639534883721	0.321705426357	0.0387596899225	0.0
-has	0.0	1.0	0.0	0.0
-mam	0.0313563496532	0.914306816643	0.0437288211774	0.0106080125267
-bes	0.399950245826	0.418894087305	0.12386625982	0.0572894070481
-juj	0.325569716241	0.395839237053	0.043818398714	0.234772647993
-mag	0.832258064516	0.0903225806451	0.0387096774194	0.0387096774194
-uni	0.0677966101695	0.762711864407	0.0	0.169491525424
-unj	0.239726027397	0.397260273973	0.123287671233	0.239726027397
-kun	0.405197956359	0.1571689763	0.161762042274	0.275871025067
-und	0.835136527563	0.0283359093251	0.074703760948	0.0618238021638
-ung	0.211502782931	0.705009276438	0.0	0.0834879406308
-una	0.555042500904	0.291378628894	0.0981622649917	0.0554166052109
-unc	0.478149714161	0.291643639059	0.0630106194117	0.167196027368
-bet	0.0536013400335	0.894472361809	0.0033500837521	0.0485762144054
-unt	0.342522049396	0.429301125196	0.153059524978	0.0751173004298
-oug	0.339117444757	0.152179430272	0.0441209975129	0.464582127458
-666	0.0	0.0	0.0	1.0
-uns	0.751671442216	0.0764087870105	0.0859598853868	0.0859598853868
-dit	0.480054551654	0.27105352881	0.167064439141	0.0818274803955
-gad	0.0	1.0	0.0	0.0
-tra	0.00662251655628	0.993377483444	0.0	0.0
-ika	0.117748847158	0.16716969112	0.113541451377	0.601540010346
-ada	0.0	1.0	0.0	0.0
-gan	0.0822617082284	0.239812320792	0.0341906334173	0.643735337562
-adi	0.0	1.0	0.0	0.0
-144	0.174725983236	0.122501611863	0.00967117988395	0.693101225016
-gar	0.123855916468	0.780958518098	0.0883046811857	0.00688088424824
-aat	0.401127899255	0.501781726928	0.0209685694727	0.0761218043436
-fka	0.183471488051	0.808792858931	0.00136511523848	0.00637053777955
-ohu	0.467506938245	0.269368413187	0.0836463018932	0.179478346675
-sem	0.0	1.0	0.0	0.0
-fok	0.247174944467	0.424819687475	0.0171227555651	0.310882612492
-sek	0.0	0.833333333333	0.166666666667	0.0
-sej	0.0793650793651	0.698412698413	0.206349206349	0.015873015873
-sei	0.211347288451	0.382445647782	0.317627091247	0.0885799725208
-ino	0.420308483291	0.226221079692	0.284061696658	0.0694087403599
-ina	0.0625694680278	0.134349309127	0.0106522962482	0.792428926597
-uis	0.605516439954	0.246419735622	0.0446777320865	0.103386092337
-seb	0.643140849374	0.262908646502	0.0420103880232	0.0519401161014
-sea	0.15223880597	0.829850746269	0.0	0.0179104477612
-fom	0.367929349598	0.549796071381	0.0583735839983	0.0239009950229
-oha	0.254780999383	0.579272054288	0.141887723627	0.024059222702
-uin	0.330167540078	0.339195084803	0.222539174433	0.108098200687
-set	0.0	1.0	0.0	0.0
-int	0.561535612887	0.375015430194	0.0360449327243	0.0274040241945
-ser	0.0858662152545	0.842237704083	0.0307833858881	0.0411126947741
-rsa	0.0781300629979	0.108802460516	0.265238728225	0.547828748261
-eda	0.0654964078695	0.0252034624511	0.00244191890407	0.906858210775
-kus	0.0557266872025	0.93195183422	0.000560067208065	0.0117614113694
-kur	0.0748497188288	0.921659879775	0.0	0.00349040139617
-uja	0.276690697883	0.154181077373	0.0530827382527	0.516045486491
-fun	0.174579746043	0.752151034115	0.0624145206062	0.0108546992359
-rsi	0.119846828547	0.822002031327	0.0380139961957	0.0201371439307
-net	0.434002019991	0.236251871974	0.0689583115662	0.260787796468
-ian	0.065625	0.896875	0.0375	0.0
-ner	0.108299781472	0.760420081784	0.0700449425615	0.0612351941829
-nes	0.0353309766079	0.897295339098	0.0180536314273	0.0493200528671
-ofc	0.5625	0.25	0.1875	0.0
-nen	0.446992570769	0.231427490155	0.169735966405	0.151843972671
-fut	0.114414876563	0.515831997435	0.350003206156	0.0197499198461
-aan	0.132855335301	0.822859552931	0.0	0.0442851117671
-nej	0.377473457316	0.464403018695	0.0741383617445	0.0839851622449
-fus	0.0	0.961538461538	0.0384615384615	0.0
-ias	0.0414974575982	0.862084655724	0.0467528921954	0.0496649944829
-nei	0.384762679875	0.349956061075	0.181485235523	0.0837960235273
-nef	0.496380558428	0.47259565667	0.0310237849018	0.0
-neg	0.197326306159	0.285355292333	0.162918848659	0.354399552849
-kum	0.206403149515	0.563079183319	0.103932252798	0.126585414367
-tki	0.515151515152	0.461279461279	0.010101010101	0.013468013468
-neb	0.700743035482	0.208521421753	0.0453677713827	0.0453677713827
-kuj	0.501137471563	0.406239844004	0.0584985375366	0.0341241468963
-nom	0.792213032076	0.0854374649008	0.0428223260581	0.0795271769652
-eka	0.396124367382	0.274154937994	0.0721414182245	0.2575792764
-bah	0.204763535982	0.562804041435	0.131330594098	0.101101828485
-jot	0.539805340654	0.326500053478	0.0520517665514	0.0816428393169
-eki	0.00969305331179	0.32633279483	0.663974151858	0.0
-ekh	0.0	1.0	0.0	0.0
-hor	0.0	1.0	0.0	0.0
-jom	0.0646900269542	0.692722371968	0.0889487870619	0.153638814016
-bat	0.00762326324849	0.985614164515	0.00110660272962	0.00565596950695
-bar	0.123071168054	0.833722996353	0.0432058355934	0.0
-bas	0.0304921968787	0.937334933974	0.0138655462185	0.0183073229292
-job	0.427184466019	0.398058252427	0.0194174757282	0.155339805825
-nya	0.1955602537	0.772727272727	0.0190274841438	0.0126849894292
-mbu	0.381578947368	0.592105263158	0.0263157894737	0.0
-asa	0.22162563546	0.676700748272	0.0337008053921	0.0679728108756
-yes	0.102071148009	0.323003242075	0.0868450651564	0.48808054476
-yer	0.410885805763	0.340092493774	0.0	0.249021700463
-yet	0.228973428328	0.729466326119	0.0133306448	0.0282296007528
-cka	0.553651730951	0.352182093497	0.0533230150711	0.04084316048
-mba	0.134044884312	0.75875921594	0.0579786517969	0.0492172479514
-cki	0.596752734478	0.219245023981	0.0287075304207	0.155294711119
-lta	0.29955290611	0.678092399404	0.0	0.0223546944858
-mbk	0.792884170229	0.13834677613	0.0181098774816	0.0506591761594
-rat	0.322647846285	0.550244745177	0.0190048175477	0.10810259099
-ers	0.223392003645	0.682998921464	0.0484286696599	0.0451804052315
-gur	0.201855385048	0.764461804772	0.0104020443201	0.0232807658594
-ras	0.0109849871842	0.772313255218	0.0752929329916	0.141408824606
-ran	0.144144144144	0.855855855856	0.0	0.0
-eri	0.120582120582	0.823284823285	0.018711018711	0.0374220374221
-iwa	0.0427270437699	0.0252640180667	0.00552927031072	0.926479667853
-ram	0.0	1.0	0.0	0.0
-rak	0.0325128581925	0.876561351947	0.0674136664218	0.0235121234387
-iwe	0.228624381068	0.771375618932	0.0	0.0
-ero	0.447580645161	0.491935483871	0.0	0.0604838709678
-era	0.476197951015	0.0509718660224	0.0129456103668	0.459884572595
-rab	0.0	1.0	0.0	0.0
-gen	0.35470180933	0.554196304634	0.0473728840198	0.043729002016
-ugu	0.755536967779	0.18492163547	0.017481202442	0.0420601943092
-bsa	0.790343246698	0.195951379082	0.0	0.0137053742202
-uga	0.295620839944	0.392491979028	0.0756860312673	0.23620114976
-moj	0.730636145861	0.114453021027	0.0239552834709	0.130955549641
-bsi	0.130318512863	0.610298153118	0.215327792017	0.0440555420022
-aza	0.0	0.746478873239	0.0845070422536	0.169014084507
-oub	0.701492537313	0.208955223881	0.0	0.0895522388059
-fob	0.752137636685	0.0261843765145	0.0042876342442	0.217390352557
-fod	0.0602650329627	0.616767663315	0.0559366051808	0.267030698542
-fof	0.644370435714	0.249750022365	0.0416044317666	0.0642751101544
-fog	0.313430413681	0.294072577034	0.0733680542931	0.319128954993
-iko	0.0919117647058	0.477941176471	0.0	0.430147058824
-lam	0.0	1.0	0.0	0.0
-lan	0.0175438596491	0.754385964912	0.19298245614	0.0350877192982
-nos	0.166197183099	0.760563380282	0.0394366197183	0.0338028169014
-lah	0.0343221820005	0.874845468591	0.0123599162702	0.078472433138
-oun	0.782316638299	0.113150529134	0.0238825361613	0.0806502964059
-fon	0.0415591860132	0.713384924047	0.224992834623	0.0200630553168
-lak	0.0416666666667	0.958333333333	0.0	0.0
-noh	0.422068311565	0.396097899875	0.154023915016	0.0278098735445
-aal	0.116504854369	0.766990291262	0.0970873786408	0.0194174757282
-noj	0.266666666667	0.0333333333333	0.266666666667	0.433333333333
-nok	0.0538307890687	0.39181386162	0.0206636920698	0.533691657241
-fot	0.192730346576	0.743871513102	0.0253592561285	0.0380388841927
-fou	0.298009717145	0.271050979446	0.300185405108	0.130753898301
-non	0.318785578748	0.333965844402	0.273244781784	0.0740037950665
-las	0.0749391243851	0.862942901158	0.00745415693485	0.0546638175223
-uji	0.021274009239	0.79902968415	0.0418849324757	0.137811374135
-uki	0.0332225913621	0.94792134327	0.0107748944958	0.00808117087189
-nof	0.599326599327	0.151515151515	0.171717171717	0.0774410774411
-nog	0.0303494141244	0.352105985432	0.602501847356	0.0150427530877
-gek	0.786934673367	0.0502512562814	0.00603015075376	0.156783919598
-gej	0.411245865491	0.476295479603	0.0926130099228	0.0198456449835
-gei	0.649427913109	0.241339765005	0.0400365066612	0.0691958152248
-ahi	0.386790020483	0.424681510382	0.114397048457	0.0741314206785
-aho	0.218008292822	0.165356019445	0.150486130969	0.466149556763
-gem	0.0239786856128	0.941385435169	0.0346358792185	0.0
-geb	0.15917843389	0.813863928113	0.0154043645699	0.0115532734275
-aha	0.63031234288	0.177832467638	0.0814421980659	0.110412991416
-geg	0.826879271071	0.108200455581	0.0	0.0649202733485
-gef	0.113736946947	0.0644674921996	0.0155084548839	0.806287105969
-bok	0.223140495868	0.752066115702	0.0	0.0247933884297
-dog	0.262432075065	0.634468773267	0.0414551336783	0.0616440179894
-dod	0.0	0.962962962963	0.037037037037	0.0
-aka	0.529411764706	0.411764705882	0.0	0.0588235294118
-don	0.0	0.969138875062	0.0308611249378	0.0
-ger	0.0842471538874	0.777201990425	0.0627486369427	0.0758022187446
-dom	0.0211267605634	0.947183098591	0.0316901408451	0.0
-dok	0.0	1.0	0.0	0.0
-get	0.539906103286	0.37558685446	0.0422535211267	0.0422535211268
-sar	0.111008433834	0.714945782498	0.146100667922	0.0279451157459
-tob	0.697627527485	0.188170361579	0.02751481386	0.0866872970759
-sau	0.0189491817399	0.919035314384	0.0620155038759	0.0
-toa	0.0617283950617	0.493827160494	0.444444444444	0.0
-ton	0.252173913043	0.539130434783	0.104347826087	0.104347826087
-ibu	0.0197661431735	0.238283147325	0.0324633449594	0.709487364542
-toj	0.0697986577181	0.898697197	0.0108961705488	0.0206079747335
-toh	0.513812154696	0.292817679558	0.193370165746	0.0
-ibs	0.706569343066	0.0919708029197	0.0744525547445	0.12700729927
-lfa	0.0125260960334	0.974947807933	0.0125260960334	0.0
-ges	0.0833333333333	0.883333333333	0.0333333333333	0.0
-tot	0.417366946779	0.549019607843	0.00840336134453	0.0252100840336
-tou	0.322695035461	0.624113475177	0.0	0.0531914893617
-tor	0.149210903874	0.80774748924	0.0344332855093	0.00860832137733
-ibi	0.421021123749	0.524459078081	0.0305310869751	0.0239887111947
-sad	0.0	1.0	0.0	0.0
-sak	0.0273224043716	0.836065573771	0.0327868852459	0.103825136612
-sai	0.0	0.997010463378	0.0	0.00298953662182
-mpu	0.0389158300002	0.936412042483	0.0127175915033	0.0119545360132
-iba	0.25	0.675	0.05	0.025
-sam	0.0	1.0	0.0	0.0
-lon	0.0353275155083	0.911681211229	0.0176637577542	0.0353275155083
-rou	0.247827450278	0.32839096936	0.31378785164	0.109993728722
-iel	0.147984076147	0.836930168517	0.0107755395253	0.00431021581011
-ros	0.198747343322	0.111658435959	0.0444810506213	0.645113170098
-loe	0.0833333333333	0.883333333333	0.0	0.0333333333333
-oko	0.550178034682	0.422048554913	0.0	0.0277734104046
-rof	0.239056859206	0.56351534296	0.0710740072202	0.126353790614
-rob	0.0812274368231	0.0631768953068	0.85559566787	0.0
-lot	0.0531803962461	0.812304483837	0.128258602711	0.00625651720542
-roh	0.250463821892	0.601113172542	0.0983302411873	0.0500927643785
-los	0.0385567128964	0.929792254129	0.00690567992173	0.0247453530529
-roj	0.420456424673	0.322887382173	0.224408797751	0.0322473954027
-rok	0.407370116794	0.465062424486	0.103604510673	0.0239629480467
-mar	0.233393871577	0.245833440452	0.00889542270844	0.511877265263
-ipa	0.014192139738	0.963427947598	0.00655021834061	0.0158296943231
-ewa	0.0	0.962264150943	0.0377358490566	0.0
-hka	0.0396261682243	0.417943925234	0.515140186916	0.0272897196262
-ewi	0.0734828328899	0.866337260864	0.0221715444064	0.0380083618396
-awa	0.20202020202	0.773737373737	0.0	0.0242424242424
-har	0.0	0.889400921659	0.0	0.110599078341
-rma	0.496402816043	0.416168116552	0.0538336387261	0.0335954286787
-man	0.100630571427	0.403038983059	0.119392203388	0.376938242125
-eci	0.344505178366	0.397727272727	0.159953970081	0.0978135788262
-aim	0.337748344371	0.509933774835	0.00662251655629	0.145695364238
-sta	0.0871215663783	0.835109972735	0.0411473338027	0.0366211270844
-ngk	0.631940496274	0.245705978026	0.0749555666096	0.0473979590905
-oli	0.0392156862745	0.960784313725	0.0	0.0
-gku	0.680878368744	0.126621987737	0.0128333095679	0.179666333951
-idi	0.0495970241786	0.628022318661	0.235585864848	0.0867947923125
-eyi	0.395912679861	0.536646983938	0.0253666677619	0.0420736684394
-isa	0.351504631306	0.362794555539	0.1172833086	0.168417504555
-dou	0.262333450439	0.168799277948	0.0349396910584	0.533927580554
-yei	0.366591081579	0.253786608527	0.199369990088	0.180252319806
-nah	0.253216795541	0.241933675987	0.336674778624	0.168174749848
-mug	0.466772151899	0.232594936709	0.151898734177	0.148734177215
-ois	0.612390568737	0.191137723404	0.106915880294	0.0895558275655
-ion	0.0394604388967	0.917052546809	0.03382323334	0.00966378095431
-mum	0.369565217391	0.320652173913	0.165760869565	0.14402173913
-lea	0.00951148300876	0.971345152455	0.0119194533907	0.00722391114589
-muh	0.678111587983	0.206008583691	0.0515021459228	0.0643776824034
-leg	0.0	1.0	0.0	0.0
-mut	0.428825096182	0.356121140377	0.164743020617	0.0503107428233
-mus	0.0448328955711	0.922561362195	0.00815143555837	0.0244543066751
-mur	0.049648324369	0.858502275548	0.0372362432768	0.0546131568059
-ios	0.0	0.964285714286	0.0357142857143	0.0
-oin	0.368947268737	0.338977461368	0.168298851343	0.123776418552
-les	0.0384615384615	0.961538461538	0.0	0.0
-iow	0.0	0.792996910402	0.194644696189	0.0123583934089
-oij	0.537910447761	0.276119402985	0.0519402985075	0.134029850746
-iot	0.00843288826423	0.985945186226	0.00281096275475	0.00281096275474
-fta	0.0	1.0	0.0	0.0
-eel	0.0	1.0	0.0	0.0
-sah	0.560781742401	0.329748450033	0.0563879713466	0.0530818362188
-jma	0.41989060905	0.317144517502	0.128587690145	0.134377183303
-bka	0.372881355932	0.576271186441	0.0508474576271	0.0
-gir	0.245027456538	0.576947895842	0.0872409342814	0.0907837133386
-ifo	0.517495395948	0.220994475138	0.0500920810313	0.211418047882
-ndi	0.578571428571	0.380357142857	0.0410714285714	0.0
-ftu	0.513481424346	0.33924409558	0.0584101393094	0.0888643407644
-dos	0.0810810810811	0.918918918919	0.0	0.0
-ali	0.0	1.0	0.0	0.0
-gif	0.318984464139	0.528003938871	0.0871803084824	0.0658312885071
-gib	0.378600823045	0.584362139918	0.0246913580247	0.0123456790123
-gia	0.00532859680284	0.898756660746	0.0746003552398	0.0213143872114
-ala	0.0693607193311	0.872569841229	0.05081075951	0.00725867992999
-rot	0.148516687858	0.0176226969434	0.00137185695682	0.832488758241
-jba	0.365217391304	0.449448410123	0.119922128488	0.0654120700844
-yol	0.0	1.0	0.0	0.0
-yob	0.0684931506849	0.849315068493	0.0821917808219	0.0
-jka	0.0608454312553	0.849487617421	0.0128095644748	0.0768573868489
-loi	0.0	0.975609756098	0.00487804878049	0.019512195122
-ogu	0.426737027722	0.412788606495	0.0468561515498	0.113618214233
-eli	0.0	0.982352941176	0.0	0.0176470588235
-iyi	0.485489459537	0.34952875581	0.105006239808	0.059975544845
-oga	0.166649630574	0.439950914162	0.0441037629353	0.349295692328
-rka	0.635194256699	0.234570963349	0.0595137209511	0.0707210590016
-ela	0.365079365079	0.603174603175	0.031746031746	0.0
-eja	0.706046815199	0.137825753592	0.0179701801047	0.138157251104
-sye	0.0	1.0	0.0	0.0
-esi	0.161388021632	0.256107130167	0.0414899541096	0.541014894091
-eso	0.2	0.8	0.0	0.0
-itk	0.120967741935	0.459677419355	0.411290322581	0.00806451612901
-iti	0.418367346939	0.244897959184	0.30612244898	0.030612244898
-fek	0.140597526697	0.602729485514	0.14027286858	0.11640011921
-esa	0.180121886903	0.615145051162	0.107479412476	0.097253649459
-ita	0.319055183119	0.117083840942	0.0453753217943	0.518485654144
-fag	0.00360576923077	0.808894230769	0.133413461538	0.0540865384615
-bru	0.03125	0.96875	0.0	0.0
-udu	0.537555772633	0.167172690551	0.109221955276	0.18604958154
-tir	0.0811784210225	0.210454103703	0.54557234598	0.162795129295
-fan	0.0	0.971830985915	0.0281690140845	0.0
-fas	0.0577251279992	0.904628049393	0.0105411103303	0.0271057122779
-bra	0.171554086331	0.596690629856	0.118172530999	0.113582752814
-uda	0.0492315124304	0.941568659489	0.00770796406739	0.00149186401304
-fat	0.0220858895705	0.977914110429	0.0	0.0
-udi	0.0691253634127	0.772009065159	0.109966262747	0.0488993086806
-hum	0.0	1.0	0.0	0.0
-hun	0.176408183634	0.77785838102	0.0161048583926	0.0296285769525
-huj	0.0911908226347	0.72714032676	0.125208010097	0.0564608405082
-hud	0.0	1.0	0.0	0.0
-wos	0.153863800434	0.70820303495	0.122413324958	0.0155198396575
-wok	0.251284223142	0.58495751908	0.0957945473456	0.0679637104326
-wom	0.324742268041	0.675257731959	0.0	0.0
-nja	0.202336389989	0.173584036847	0.120692873475	0.503386699689
-ron	0.0127522015383	0.910734589232	0.00637610076914	0.0701371084606
-hur	0.28074639525	0.583545377439	0.115351993215	0.0203562340967
-gab	0.418604651163	0.0558139534884	0.260465116279	0.26511627907
-tub	0.509977827051	0.206762749446	0.019955654102	0.263303769401
-kob	0.0233438265106	0.0775340644837	0.026377068001	0.872745041005
-kom	0.0819545384258	0.829905674965	0.00927787227463	0.0788619143344
-tul	0.0	0.88	0.12	0.0
-ael	0.0564959781925	0.90865306526	0.0166310035804	0.0182199529671
-tun	0.0180165081493	0.882683202748	0.0892445636235	0.0100557254787
-oru	0.461081310971	0.377447510869	0.0480783219136	0.113392856247
-kou	0.0761980039065	0.303690040879	0.465080674228	0.155031280986
-tur	0.037255166486	0.961878434293	0.000866399220606	0.0
-son	0.0255029753471	0.97109662794	0.00340039671295	0.0
-tut	0.266618322456	0.280980581742	0.0408911449521	0.41150995085
-sok	0.329098566597	0.15933018232	0.0243887322493	0.487182518834
-kor	0.287169011896	0.452720857698	0.208512557367	0.0515975730381
-ora	0.243064193159	0.164241651956	0.0402563005641	0.552437854321
-tna	0.0100355325074	0.415048497071	0.476673389033	0.0982425813886
-gma	0.27180366803	0.427760918327	0.2206095791	0.0798258345429
-jef	0.277894736842	0.629473684211	0.0463157894737	0.0463157894737
-jeg	0.361445783133	0.578313253012	0.0240963855422	0.0361445783133
-rur	0.379343537475	0.4201610506	0.107191479438	0.0933039324873
-rus	0.0674709488515	0.885276276208	0.0108993253163	0.0363534496243
-hir	0.622400607833	0.184827312819	0.0892093222999	0.103562757049
-jen	0.102478231748	0.372672471534	0.44661754856	0.0782317481581
-ruw	0.691358024691	0.222222222222	0.0864197530864	0.0
-omu	0.242439586036	0.0892790019069	0.0781803368179	0.59010107524
-lis	0.0590859761244	0.841056596279	0.0882672133124	0.0115902142842
-ruj	0.5	0.252487562189	0.144278606965	0.103233830846
-ruk	0.36485837734	0.452232357177	0.170427268363	0.0124819971195
-ruh	0.363224514398	0.324619392973	0.137660166048	0.174495926581
-ipi	0.0400838116061	0.953539218366	0.0	0.00637697002824
-run	0.0	0.997198879552	0.0	0.00280112044818
-ici	0.657718120805	0.302013422819	0.0	0.0402684563758
-rum	0.230166836908	0.743987371158	0.00580369579348	0.0200420961402
-ruc	0.5	0.277777777778	0.0740740740741	0.148148148148
-oma	0.0383137967652	0.0189722690351	0.00595551928365	0.936758414916
-rua	0.0378443838149	0.0301256962917	0.00180117748184	0.930228742412
-ruf	0.585834333733	0.288115246098	0.0432172869148	0.0828331332534
-gij	0.0344803791174	0.00564619310074	0.00367872372465	0.956194704057
-lib	0.385582009094	0.490118942905	0.00940333796002	0.11489571004
-sba	0.244705882353	0.623529411765	0.00705882352943	0.124705882353
-eas	0.0306650736758	0.966945440064	0.0	0.00238948626046
-odu	0.474914384876	0.334121657939	0.0923721915936	0.0985917655912
-abi	0.0578404180752	0.907508408844	0.0100246173896	0.0246265556909
-oda	0.575789820219	0.278560657636	0.102801465049	0.0428480570961
-abj	0.622264616766	0.28851980698	0.0252496913927	0.0639658848613
-rna	0.14267852125	0.62505837331	0.0983997121261	0.133863393314
-odi	0.0730307772562	0.926969222744	0.0	0.0
-hus	0.142011834319	0.810650887574	0.0118343195266	0.0355029585799
-eam	0.0493962678376	0.917672886937	0.032930845225	0.0
-bga	0.478944304289	0.32020182418	0.116242965263	0.0846109062682
-rni	0.178583508084	0.532300615572	0.128526009606	0.160589866739
-odo	0.174757281553	0.223300970874	0.0873786407767	0.514563106796
-zer	0.0	1.0	0.0	0.0
-uri	0.286030558118	0.0957220298561	0.0311136228464	0.58713378918
-bua	0.0341715497222	0.0238948057495	0.00429016497981	0.937643479549
-rgi	0.493309979103	0.275606663525	0.197052770422	0.0340305869501
-uro	0.645454545455	0.204545454545	0.0272727272728	0.122727272727
-ura	0.335820895522	0.417910447761	0.134328358209	0.111940298507
-urc	0.359375	0.484375	0.125	0.03125
-rga	0.123735351918	0.78795157338	0.0553169808574	0.0329960938448
-ehu	0.0	1.0	0.0	0.0
-uru	0.0818135537655	0.101554649654	0.0187234592411	0.797908337339
-dus	0.0	0.956730769231	0.0	0.0432692307692
-dut	0.753171438927	0.0913374411018	0.0467560710402	0.108735048931
-pan	0.156284885019	0.787452556374	0.0	0.0562625586068
-bus	0.0106797517679	0.975321114158	0.00786549285611	0.00613364121807
-api	0.144665461121	0.836331872376	0.00888834400955	0.0101143224937
-duf	0.811308174423	0.0638751833578	0.0	0.124816642219
-dug	0.282105263158	0.254736842105	0.26947368421	0.193684210526
-duh	0.526198934281	0.333925399645	0.0559502664298	0.0839253996448
-wan	0.116144018583	0.502129307007	0.363143631436	0.0185830429733
-duk	0.132639791937	0.85955786736	0.0	0.0078023407022
-dum	0.237538688005	0.694225107572	0.0160111723409	0.0522250320827
-wah	0.307444754345	0.152703282557	0.139991418151	0.399860544947
-kef	0.0748258451033	0.0532178369479	0.00952561337191	0.862430704577
-unu	0.289993711476	0.663271764774	0.0395445970195	0.0071899267308
-keb	0.195173882186	0.653655074521	0.0468417317246	0.104329311569
-nuh	0.0934583435601	0.471754303097	0.00606439005485	0.428722963288
-ini	0.228774390808	0.34708424105	0.130635575845	0.293505792297
-suw	0.225441696113	0.465017667845	0.288339222615	0.0212014134276
-sut	0.113680013878	0.213080907272	0.0344780585725	0.638761020278
-sus	0.0159245225777	0.6480181158	0.00423741465235	0.33181994697
-sur	0.144016211956	0.749435208466	0.065568356663	0.0409802229144
-kei	0.278464385933	0.721535614067	0.0	0.0
-sop	0.0	0.920529801324	0.0794701986755	0.0
-sum	0.29315452213	0.570785828492	0.0866906175467	0.0493690318308
-sul	0.100642583337	0.814336007506	0.0325653745728	0.0524560345839
-kes	0.389945333199	0.228057819365	0.287922996948	0.094073850488
-sos	0.508217941871	0.343064541166	0.099083621209	0.0496338957543
-suf	0.0418046936967	0.94741753371	0.00587878505109	0.00489898754257
-nur	0.0667905553126	0.874726716222	0.0253607345868	0.0331219938785
-nus	0.0649989283768	0.878030775685	0.0246358036487	0.032334492289
-sua	0.207564231257	0.641615715815	0.0836229996432	0.0671970532848
-fet	0.424242424242	0.429565929566	0.0601965601965	0.0859950859951
-dig	0.82107549188	0.0602897799099	0.103238144631	0.0153965835791
-fer	0.0585169131162	0.816692271817	0.0583317330114	0.0664590820554
-dia	0.0904942965779	0.806844106464	0.0	0.102661596958
-dib	0.487980769231	0.194711538462	0.317307692308	0.0
-oam	0.0	0.918032786885	0.0	0.0819672131147
-dim	0.114285714286	0.885714285714	0.0	0.0
-din	0.142125006201	0.0376674949141	0.00740290367806	0.812804595207
-dij	0.406926406926	0.388744588745	0.116017316017	0.0883116883117
-dik	0.906862059317	0.0391717963066	0.00811415780638	0.0458519865697
-fef	0.490061686086	0.376419519144	0.022577913962	0.110940880807
-fed	0.0766037735849	0.889056603774	0.0343396226415	0.0
-tus	0.0212039922851	0.935011111826	0.0121170406194	0.0316678552696
-feb	0.15627171689	0.728886428746	0.0948752806557	0.0199665737083
-age	0.0785290174296	0.770158973377	0.0287301283279	0.122581880866
-dis	0.234029686641	0.75871357889	0.0	0.00725673446949
-fen	0.0643457380822	0.0162748637983	0.00314468018845	0.916234717931
-eni	0.295096753145	0.368599914284	0.115635142718	0.220668189852
-fem	0.173019772016	0.32208995265	0.274099239191	0.230791036143
-fej	0.152488039009	0.767918990174	0.034696468575	0.0448965022423
-sli	0.0	1.0	0.0	0.0
-fei	0.19680558727	0.614721699487	0.0994370211728	0.0890356920702
-ska	0.0892552457166	0.120537580811	0.061991965265	0.728215208208
-fna	0.192882956939	0.68726743875	0.112359004042	0.00749060026948
-kos	0.296482276977	0.377680765157	0.283062994285	0.0427739635809
-uku	0.383402108656	0.526079006973	0.0404166201183	0.0501022642533
-ski	0.86286407767	0.0788834951456	0.0436893203883	0.0145631067961
-nek	0.658521780501	0.140773654404	0.070210627581	0.130493937514
-tuw	0.0371517027864	0.224458204334	0.738390092879	0.0
-uit	0.33708769107	0.485518905873	0.0675784392598	0.109814963797
-uka	0.36928064303	0.39546431504	0.181998081493	0.053256960437
-sku	0.191905678586	0.584770298354	0.143330558974	0.0799934640856
-ggu	0.638990830466	0.244884032085	0.0178194335195	0.098305703929
-nna	0.337375854669	0.594500174677	0.0194639916155	0.0486599790388
-ing	0.401435501614	0.534498926981	0.0274566734595	0.0366088979459
-tit	0.494293427237	0.344428903692	0.0958429513462	0.0654347177246
-efa	0.250722250942	0.215457770922	0.0471981463108	0.486621831825
-ais	0.305899232166	0.323005575764	0.162719445907	0.208375746164
-tis	0.659847529603	0.311528037451	0.0226096786817	0.00601475426468
-mei	0.187746779512	0.691985173137	0.0515652618629	0.0687027854879
-efo	0.162558033912	0.213022305208	0.0285123132822	0.595907347598
-efi	0.371641080864	0.382584959054	0.206856828028	0.0389171320528
-nga	0.0670261941448	0.856702619414	0.0762711864407	0.0
-aif	0.174702148905	0.131003833643	0.0469189408724	0.647375076579
-tia	0.0497925311203	0.855601659751	0.0846473029046	0.00995850622407
-ngg	0.298760635269	0.105062743977	0.0185979357362	0.577578685018
-ngh	0.139753050028	0.244450187609	0.0604522778437	0.555344484519
-ail	0.724409448819	0.0787401574803	0.10498687664	0.0918635170604
-tin	0.0543224979611	0.1814633578	0.0498077595246	0.714406384714
-ain	0.0177252584933	0.93353028065	0.00886262924667	0.03988183161
-tij	0.556743552439	0.269697178921	0.0797247110411	0.0938345575989
-aij	0.24833006633	0.159787842105	0.222801331098	0.369080760467
-ema	0.181052876371	0.325671666987	0.0851704946049	0.408104962038
