jer-	0.0	0.995789473684	0.00421052631579	0.0
iam-	0.0105633802817	0.87676056338	0.0739436619718	0.0387323943662
agu-	0.230927566939	0.56237296426	0.122196365596	0.0845031032043
gef-	0.321702002356	0.386778563015	0.173733804476	0.117785630153
omo-	0.245614035088	0.608187134503	0.146198830409	0.0
hem-	0.00734394124846	0.933904528764	0.0	0.0587515299877
fig-	0.0680803571429	0.841517857143	0.0435267857143	0.046875
mou-	0.806808088736	0.148575795757	0.00371800962552	0.0408981058807
maa-	0.292319696234	0.156189530847	0.0697425400077	0.481748232912
jac-	0.0	0.922077922078	0.0779220779221	0.0
ipu-	0.112359550562	0.732398111828	0.086762848215	0.0684794893956
fal-	0.258237266621	0.603680266465	0.0511787519857	0.0869037149283
000-	0.094250245707	0.142535358606	0.0292317491385	0.733982646549
ogo-	0.56103289753	0.294913110959	0.0370318744244	0.107022117087
pao-	0.176162611641	0.73383636177	0.0628990863361	0.0271019402525
ofi-	0.332481386821	0.203022558062	0.0342260251139	0.430270030003
aul-	0.282585457936	0.594350565171	0.0794423343719	0.0436216425208
nas-	0.0101239669421	0.979338842975	0.00433884297521	0.00619834710744
lau-	0.0853047042645	0.0149670650376	0.00124232837985	0.898485902318
eak-	0.291530964871	0.110975064018	0.10086890585	0.496625065261
joe-	0.0	1.0	0.0	0.0
eno-	0.0	0.989266547406	0.0	0.0107334525939
eka-	0.525592304527	0.114661270478	0.072311515	0.287434909995
ola-	0.492440317638	0.344187277279	0.0453464077057	0.118025997377
emu-	0.160151702528	0.0993953904506	0.020641151368	0.719811755653
ooo-	0.123966942149	0.553719008264	0.0	0.322314049587
opi-	0.403725595558	0.370469878799	0.133142277151	0.0926622484925
mo'-	0.592120368995	0.150110077122	0.0317400289037	0.22602952498
efo-	0.502936690418	0.315910487855	0.0586768957589	0.122475925968
fog-	0.238561967701	0.497729292008	0.191965046729	0.0717436935623
rac-	0.0	1.0	0.0	0.0
fae-	0.448198879338	0.252251366931	0.125011679785	0.174538073946
sak-	0.030973623265	0.894578547337	0.048999797939	0.0254480314593
iud-	0.0758999255091	0.73482468966	0.123149130771	0.0661262540599
bap-	0.615123752941	0.356320403791	0.0196834869018	0.0088723563664
fou-	0.117230348085	0.0421644119151	0.010938153588	0.829667086412
euf-	0.0907682557566	0.279628195198	0.501513977889	0.128089571157
der-	0.018691588785	0.981308411215	0.0	0.0
abi-	0.0	0.788148148148	0.211851851852	0.0
bea-	0.0	0.810526315789	0.189473684211	0.0
mil-	0.06	0.855555555556	0.0	0.0844444444444
tib-	0.0204081632653	0.945578231293	0.0	0.0340136054422
gan-	0.0601352249992	0.0593330953241	0.0208148922356	0.859716787441
imm-	0.0363636363636	0.872727272727	0.0181818181818	0.0727272727273
ari-	0.0154142581888	0.984585741811	0.0	0.0
puo-	0.122262633599	0.0325547177575	0.0035094905987	0.841673158045
ini-	0.0319196605304	0.822584163367	0.0855570064891	0.0599391696133
ana-	0.0387205387205	0.942087542088	0.0090909090909	0.010101010101
uga-	0.115143056525	0.687718073971	0.163642707606	0.0334961618981
tai-	0.0164569215876	0.961035818006	0.00580832526621	0.0166989351404
paf-	0.00869565217391	0.991304347826	0.0	0.0
oil-	0.136383949057	0.762566442198	0.0789243676144	0.0221252411304
abr-	0.0108258100275	0.960169145208	0.0210374646538	0.00796758011029
oko-	0.406722155217	0.337140832228	0.0519375648348	0.20419944772
eik-	0.438674033149	0.287766377269	0.242304656669	0.0312549329124
her-	0.0239438531185	0.90296438473	0.0466275034414	0.0264642587099
mul-	0.158593264325	0.723456449019	0.0535735783148	0.0643767083412
ate-	0.0	1.0	0.0	0.0
euo-	0.492170022371	0.444071588367	0.0469798657718	0.0167785234899
ee'-	0.169331638617	0.0815024344289	0.033189532895	0.715976394059
kam-	0.0808655216354	0.825279915509	0.06427289548	0.0295816673757
fe'-	0.31463148097	0.490549719704	0.0689990580448	0.125819741281
ies-	0.0199298031043	0.644502136342	0.00335969721801	0.332208363336
sin-	0.00664652567976	0.957099697885	0.00725075528701	0.0290030211481
kim-	0.102774128738	0.765899080442	0.119735723669	0.0115910671509
aal-	0.33676975945	0.26116838488	0.20618556701	0.19587628866
dor-	0.0547945205479	0.945205479452	0.0	0.0
mic-	0.259365994236	0.636887608069	0.0	0.103746397694
pat-	0.0396825396826	0.960317460317	0.0	0.0
toe-	0.0	1.0	0.0	0.0
ske-	0.0	1.0	0.0	0.0
oul-	0.401437371663	0.516427104723	0.0164271047228	0.0657084188912
aoa-	0.0511811023622	0.948818897638	0.0	0.0
eap-	0.652225002763	0.119345783209	0.0714454327824	0.156983781246
eok-	0.574931880109	0.0490463215259	0.310626702997	0.0653950953678
oma-	0.186283127911	0.105493468811	0.0328983601319	0.675325043146
lom-	0.510023204614	0.269896760485	0.0420031045773	0.178076930324
myr-	0.0	1.0	0.0	0.0
430-	0.25	0.0333333333333	0.0	0.716666666667
jek-	0.0	1.0	0.0	0.0
jam-	0.0125815470643	0.979030754893	0.00279589934762	0.00559179869525
ium-	0.172029854399	0.649027284963	0.14957787838	0.0293649822586
kid-	0.0530973451327	0.946902654867	0.0	0.0
mar-	0.00655917918651	0.769036277025	0.000219860754856	0.224184683034
lal-	0.545811961859	0.190252836447	0.0616285936181	0.202306608076
a'u-	0.0453809195104	0.898678895822	0.0113452298776	0.0445949547899
alf-	0.0	0.968440431314	0.0315595686859	0.0
pas-	0.00557396339764	0.975536493977	0.000928993899606	0.0179605487257
fi'-	0.220487302677	0.747769389156	0.0317433081675	0.0
eaf-	0.564904068988	0.134675191274	0.0344494817129	0.265971258026
nai-	0.0	0.925925925926	0.0	0.0740740740741
ael-	0.638310246378	0.111050015861	0.0437453737972	0.206894363963
276-	0.0	0.279069767442	0.0	0.720930232558
fol-	0.490851419298	0.264372975831	0.112233186575	0.132542418295
lin-	0.0764920925058	0.788007629341	0.131327982198	0.00417229595488
che-	0.142857142857	0.642857142857	0.142857142857	0.0714285714286
gug-	0.674274973147	0.176356068743	0.00872717508057	0.140641783029
epa-	0.518417627068	0.211875942619	0.0494444213507	0.220262008962
500-	0.0130501535312	0.010747185261	0.00921187308086	0.966990788127
sap-	0.0	1.0	0.0	0.0
asi-	0.00778412039441	0.992215879606	0.0	0.0
tip-	0.124207510363	0.802842802568	0.0219458668617	0.0510038202065
153-	0.359281437126	0.0538922155689	0.0359281437126	0.550898203593
mah-	0.0	1.0	0.0	0.0
usi-	0.0	1.0	0.0	0.0
mue-	0.551861702128	0.276595744681	0.0625	0.109042553191
amu-	0.228677192087	0.532750710674	0.0481249769719	0.190447120268
uki-	0.231977159172	0.511063526053	0.0749464668095	0.182012847966
mel-	0.14042880328	0.570598787051	0.227385325019	0.0615870846502
iim-	0.668702290076	0.265648854962	0.0	0.0656488549619
kri-	0.0137986695407	0.937128020535	0.013245903847	0.0358274060776
kaf-	0.0692694632886	0.704647191841	0.208777516267	0.0173058286031
fug-	0.369668246445	0.477883096367	0.124012638231	0.0284360189574
mir-	0.178950130086	0.619832090776	0.174763331074	0.026454448064
isa-	0.0469271206868	0.0895065127978	0.0221405389198	0.841425827596
fik-	0.0465280225591	0.909058864998	0.0380683820937	0.00634473034896
pud-	0.0	1.0	0.0	0.0
dio-	0.0700389105058	0.906614785992	0.023346303502	0.0
bab-	0.0107768298159	0.916479568927	0.0377189043556	0.0350246969017
ita-	0.0	0.947075208914	0.0529247910863	0.0
eea-	0.391890053068	0.208055517758	0.318410668118	0.0816437610559
aku-	0.048128342246	0.932918161511	0.00778447167129	0.0111690245719
akr-	0.017255804225	0.94666387785	0.00784354737504	0.0282367705501
moi-	0.627512430843	0.229420827789	0.0203480635899	0.122718677779
kom-	0.174624490202	0.282502735502	0.51899930369	0.0238734706058
aea-	0.412999505059	0.295346690513	0.122347822573	0.169305981854
aan-	0.297878282147	0.20432588416	0.0728405486811	0.424955285012
ali-	0.74358974359	0.102564102564	0.0	0.153846153846
jud-	0.0280284123632	0.918282459845	0.00268765598003	0.0510014718116
oni-	0.359743040685	0.304782298358	0.15988579586	0.175588865096
uba-	0.0	1.0	0.0	0.0
sou-	0.0528683914511	0.455568053993	0.305961754781	0.185601799775
mi'-	0.0223716652446	0.956062855646	0.0197515603061	0.00181391880362
tau-	0.020618556701	0.979381443299	0.0	0.0
pou-	0.0858044439455	0.828634325519	0.0502017424058	0.0353594881293
mal-	0.296002247685	0.582986342979	0.0335538845651	0.0874575247702
sab-	0.0194174757281	0.980582524272	0.0	0.0
aki-	0.0439570866062	0.832101007773	0.0353262895366	0.0886156160837
ole-	0.25862745098	0.706078431373	0.0117647058823	0.0235294117647
nin-	0.244958288455	0.540109759361	0.0558320183014	0.159099933883
aup-	0.0775743012054	0.840086991688	0.0389703969835	0.0433683101226
eko-	0.511026181078	0.0972200912223	0.0212712538184	0.370482473882
ean-	0.544015849533	0.214054634259	0.0541037642078	0.187825752
700-	0.497925311203	0.327800829875	0.0	0.174273858921
auf-	0.122078732077	0.371436502825	0.0209841150535	0.485500650045
uni-	0.0928788465231	0.797496959963	0.09051538914	0.019108804374
oi'-	0.613636363636	0.136363636364	0.181818181818	0.0681818181818
ian-	0.0794117647058	0.802941176471	0.0676470588235	0.05
keu-	0.488860645833	0.254983084699	0.104998960969	0.1511573085
uge-	0.0152284263959	0.913705583756	0.0304568527919	0.0406091370558
sir-	0.0535879273175	0.915614413305	0.0271019402525	0.00369571912535
emo-	0.340497469555	0.388505079342	0.202185551644	0.0688118994584
ii'-	0.391966759003	0.475069252078	0.00831024930745	0.124653739612
fak-	0.436957174588	0.262519481422	0.0895261255247	0.210997218465
and-	0.013446884805	0.964589870013	0.00537875392201	0.0165844912595
apa-	0.243780574567	0.315306352816	0.217306135049	0.223606937569
ALL	0.229687586341	0.271024319029	0.0506643188734	0.448623775756
ofo-	0.287773319139	0.188272868725	0.384079927934	0.139873884203
puk-	0.313911135962	0.573728434196	0.0156098882447	0.096750541597
ine-	0.154215495023	0.761819191502	0.0330917427274	0.0508735707471
nii-	0.0171428571429	0.982857142857	0.0	0.0
foi-	0.521738493522	0.232158443496	0.103767761394	0.142335301588
mae-	0.187277420817	0.3855790277	0.367291270464	0.0598522810182
per-	0.0	0.994666666667	0.0	0.00533333333333
arm-	0.0	1.0	0.0	0.0
deo-	0.0725655907061	0.728660927396	0.0154475685933	0.183325913305
kui-	0.0159256801593	0.928334439283	0.0557398805573	0.0
320-	0.0975609756097	0.375609756098	0.146341463415	0.380487804878
iip-	0.0	0.864541832669	0.0876494023904	0.0478087649403
gaa-	0.435188162592	0.466070979424	0.0186474193912	0.080093438593
lid-	0.0	1.0	0.0	0.0
ata-	0.141221374046	0.721374045802	0.0	0.137404580153
euk-	0.5500169549	0.253569948382	0.0932519498136	0.103161146905
tie-	0.129532556427	0.771043625179	0.0734306632586	0.0259931551358
far-	0.0662525879917	0.925465838509	0.00828157349896	0.0
ofa-	0.268371332117	0.34236730371	0.0741378169061	0.315123547268
ego-	0.661538154932	0.187190678332	0.0536168629718	0.0976543037647
pig-	0.552631578947	0.447368421053	0.0	0.0
aep-	0.471279897919	0.283252231828	0.123136718786	0.122331151467
oka-	0.478417388125	0.217265541398	0.0761599462728	0.228157124204
mes-	0.0425542460945	0.894614460571	0.00397989351963	0.0588513998146
kla-	0.0	1.0	0.0	0.0
adi-	0.0	1.0	0.0	0.0
ami-	0.314896184204	0.239276054497	0.0402594138052	0.405568347494
kur-	0.122448979592	0.877551020408	0.0	0.0
au'-	0.125492370548	0.0418240081902	0.00737588778546	0.825307733476
kei-	0.63840794469	0.100980125169	0.0292670701854	0.231344859956
eub-	0.111111111111	0.888888888889	0.0	0.0
elu-	0.192307692308	0.807692307692	0.0	0.0
aom-	0.135910260592	0.0452019378299	0.0263346743503	0.792553127228
jai-	0.0591133004926	0.659113300493	0.0167487684729	0.265024630542
tal-	0.121212754858	0.706993227918	0.0651632479125	0.106630769311
lis-	0.0277975766215	0.965787598004	0.00213827512473	0.00427655024947
paa-	0.365563751317	0.388366701791	0.138082191781	0.107987355111
kos-	0.0	1.0	0.0	0.0
rod-	0.0	1.0	0.0	0.0
450-	0.0365853658536	0.195121951219	0.0365853658536	0.731707317073
pon-	0.0	0.986913849509	0.0	0.0130861504907
umi-	0.0133847549909	0.910541439806	0.0751663641863	0.000907441016335
rap-	0.0	0.940213523132	0.0	0.0597864768683
feo-	0.468045242746	0.292949902457	0.131958010957	0.10704684384
sik-	0.121783611821	0.796664862406	0.0407757628865	0.0407757628865
ben-	0.0	1.0	0.0	0.0
nip-	0.121126760563	0.878873239437	0.0	0.0
lai-	0.264097377761	0.0784040538679	0.0121121866326	0.645386381738
iku-	0.121663927142	0.822159364818	0.0134285100278	0.0427481980125
pin-	0.227185446102	0.64033312059	0.0333048076487	0.0991766256592
pog-	0.194805194805	0.766233766234	0.038961038961	0.0
amp-	0.0	1.0	0.0	0.0
ili-	0.450949367089	0.525316455696	0.0237341772152	0.0
map-	0.402991589791	0.383828536507	0.122893810203	0.0902860634985
esl-	0.0	1.0	0.0	0.0
ioa-	0.0205475588111	0.906913266302	0.0139732078927	0.0585659669937
fet-	0.213808463252	0.632516703786	0.126948775056	0.0267260579064
sat-	0.0599850443792	0.826980806953	0.0604727276668	0.0525614210007
fef-	0.476071671581	0.267917895214	0.144732365616	0.111278067589
foo-	0.486826977482	0.228058102436	0.0465333139088	0.238581606173
ani-	0.39049055346	0.247685538372	0.0440990591373	0.317724849031
ou'-	0.0171253564007	0.287893248925	0.0347943749094	0.660187019765
upi-	0.0	1.0	0.0	0.0
nad-	0.0118343195266	0.822485207101	0.165680473373	0.0
pak-	0.145266423319	0.687272504421	0.0268465433861	0.140614528874
kis-	0.0	1.0	0.0	0.0
aaf-	0.253641298506	0.359427066538	0.0836155003762	0.30331613458
aka-	0.169647155495	0.382646216945	0.191098485871	0.256608141689
ele-	0.0	1.0	0.0	0.0
fle-	0.0	1.0	0.0	0.0
mom-	0.354999719589	0.431495709719	0.0832819247378	0.130222645954
aei-	0.54226538856	0.189238325705	0.0769990745604	0.191497211175
adr-	0.29243697479	0.556302521008	0.090756302521	0.0605042016807
ise-	0.301136363636	0.596590909091	0.102272727273	0.0
iin-	0.417599659775	0.0646324170318	0.0285794104001	0.489188512793
ter-	0.0886571056062	0.895697522816	0.0156453715776	0.0
pir-	0.0	0.914285714286	0.0857142857143	0.0
eif-	0.53269440859	0.0696453398245	0.00659064438775	0.391069607198
tra-	0.0983606557377	0.901639344262	0.0	0.0
o'i-	0.619822514315	0.256626197832	0.0648747564983	0.0586765313552
laf-	0.372153447322	0.370789082753	0.14445719612	0.112600273805
ebe-	0.0	1.0	0.0	0.0
ale-	0.0453096507468	0.827896407244	0.0675990757109	0.0591948662982
sid-	0.0	0.994330708661	0.0	0.00566929133858
i'a-	0.0381262025789	0.0409346123161	0.00354467861517	0.91739450649
oli-	0.17657621297	0.720505080041	0.0239278786556	0.078990828333
mea-	0.127236646822	0.474044057565	0.35402804876	0.0446912468524
tok-	0.0582639714625	0.901307966706	0.0261593341261	0.0142687277051
ula-	0.0247856586126	0.164785658613	0.801699142634	0.00872954014029
kon-	0.0764179104477	0.882985074627	0.0370149253731	0.00358208955224
eli-	0.0733992433436	0.715664929688	0.186041116425	0.0248947105432
eis-	0.776389068333	0.0356625572049	0.0673029192365	0.120645455225
e'o-	0.643030597377	0.244994873455	0.0607090820787	0.0512654470886
pi'-	0.227819442479	0.639167963775	0.107542097071	0.0254704966747
ea'-	0.492530290554	0.393130219974	0.0202329137748	0.0941065756969
maf-	0.803447159735	0.0311539083994	0.0781679883476	0.0872309435184
hel-	0.0183486238532	0.981651376147	0.0	0.0
afi-	0.220878756557	0.710503734618	0.0408760262886	0.027741482536
pan-	0.0442752487928	0.155520159163	0.168566929388	0.631637662657
aum-	0.195518657678	0.450321854188	0.0867856829772	0.267373805156
nim-	0.133333333333	0.866666666667	0.0	0.0
koa-	0.203291970902	0.0369614646497	0.00527225460864	0.75447430984
sen-	0.0704225352112	0.929577464789	0.0	0.0
jod-	0.0	1.0	0.0	0.0
oam-	0.627329192547	0.298136645963	0.0745341614907	0.0
aek-	0.346513895584	0.173868356794	0.180248757335	0.299368990287
pug-	0.0768995759452	0.0529330676303	0.0488760850693	0.821291271355
ina-	0.135328485428	0.499382759223	0.0610187393763	0.304270015972
ema-	0.565598545084	0.0954726084839	0.0913760202892	0.247552826143
aef-	0.259986116334	0.271367830388	0.066149885749	0.40249616753
mai-	0.322254883655	0.406356066227	0.110024769368	0.16136428075
fof-	0.116507765969	0.16909869821	0.25364912323	0.46074441259
rab-	0.0138248847926	0.921658986175	0.0	0.0645161290322
ape-	0.345035085413	0.486093575984	0.0319650559705	0.136906282633
epo-	0.133068703947	0.117843590028	0.112484019482	0.636603686542
umu-	0.0325865580448	0.0278343516633	0.939579090292	0.0
ba--	0.032315978456	0.967684021544	0.0	0.0
ofe-	0.732959850607	0.136321195145	0.00933706816061	0.121381886088
ogu-	0.702247191011	0.213483146067	0.0842696629213	0.0
jeh-	0.0	1.0	0.0	0.0
aoi-	0.0	1.0	0.0	0.0
gao-	0.322414939264	0.328760500393	0.0562035414275	0.292621018916
ber-	0.0346112246124	0.936546088211	0.0201898810239	0.0086528061531
eug-	0.25	0.75	0.0	0.0
tia-	0.147983795065	0.688101925779	0.110306100311	0.0536081788445
kau-	0.0678078776799	0.060661459199	0.255276715971	0.61625394715
ino-	0.437160393339	0.311503178828	0.0958048265394	0.155531601293
bas-	0.0294117647059	0.970588235294	0.0	0.0
gea-	0.65204957102	0.107721639657	0.0	0.240228789323
iiu-	0.171428571429	0.682857142857	0.0428571428571	0.102857142857
efu-	0.62248781705	0.0348170709435	0.0129960304957	0.329699081511
teo-	0.145833333333	0.680555555556	0.125	0.0486111111111
gaf-	0.126223501391	0.765856267216	0.0528701684481	0.055050062945
pun-	0.393442622951	0.508196721311	0.0	0.0983606557377
fao-	0.584915705413	0.205974563739	0.0819284235433	0.127181307305
ofu-	0.174999573255	0.561272041377	0.188450574399	0.0752778109691
omi-	0.528247831151	0.168667341541	0.0289847500245	0.274100077284
lou-	0.828136761457	0.107693747432	0.0180289781952	0.0461405129165
666-	0.0	0.0	0.0	1.0
fia-	0.0816564142157	0.0410305581152	0.00597713744925	0.87133589022
sod-	0.00464037122969	0.99535962877	0.0	0.0
amm-	0.0	1.0	0.0	0.0
jot-	0.0	1.0	0.0	0.0
kra-	0.00869061413674	0.986095017381	0.00521436848203	0.0
cum-	0.173913043478	0.826086956522	0.0	0.0
kan-	0.261628857553	0.548099872933	0.0276514861034	0.162619783411
nei-	0.189473684211	0.747368421053	0.0631578947369	0.0
gap-	0.335520236932	0.533811847446	0.0530498619128	0.0776180537089
eul-	0.885437770364	0.0452088091696	0.00850898552885	0.0608444349371
ill-	0.476793248945	0.354430379747	0.118143459916	0.0506329113924
ifi-	0.0518965357206	0.521149414897	0.0739653850097	0.352988664373
sio-	0.0318072289157	0.968192771084	0.0	0.0
log-	0.252781428516	0.496974586527	0.0254655232989	0.224778461659
kum-	0.0	0.829787234043	0.0	0.170212765957
uka-	0.352800953516	0.475566150179	0.0929678188319	0.0786650774732
tao-	0.0846339638056	0.420142793506	0.00370488840448	0.491518354284
100-	0.0217774998691	0.3420391995	0.0537968932409	0.58238640739
eep-	0.818181818182	0.0363636363636	0.0363636363636	0.109090909091
oum-	0.401550099691	0.406006880644	0.0806325501388	0.111810469526
lol-	0.412537543973	0.156079245847	0.303762683719	0.127620526461
ken-	0.598278290952	0.241444951674	0.0201594208067	0.140117336567
uik-	0.195744680851	0.421276595745	0.255319148936	0.127659574468
nor-	0.0208152645273	0.70078057242	0.111882046834	0.166522116219
fep-	0.450950739015	0.321694813465	0.108401222022	0.118953225498
ufa-	0.12567962736	0.59109039075	0.11997131236	0.16325866953
mat-	0.0472553699284	0.951312649165	0.0	0.00143198090692
kie-	0.333191475202	0.471964720788	0.0581099199807	0.13673388403
fif-	0.21835443038	0.669303797468	0.0268987341772	0.0854430379747
eku-	0.327384868365	0.228202309679	0.404107898679	0.0403049232777
ios-	0.0255049640534	0.959688462855	0.00513522766176	0.00967134542965
mem-	0.0	1.0	0.0	0.0
par-	0.0	1.0	0.0	0.0
ala-	0.450579175052	0.149683508617	0.0455395540449	0.354197762286
eag-	0.626679896996	0.156929157157	0.0390166301474	0.1773743157
uin-	0.199579831933	0.586134453782	0.176470588235	0.0378151260504
nah-	0.0	1.0	0.0	0.0
aem-	0.271204862876	0.215369777586	0.154188877705	0.359236481833
hib-	0.0306924995205	0.918153334612	0.0453993222073	0.00575484366009
feb-	0.0	1.0	0.0	0.0
fok-	0.473604336246	0.16297913457	0.0552613729889	0.308155156195
fuf-	0.176084355088	0.794093138944	0.0206126144188	0.00920989154882
fek-	0.464647693226	0.289728232098	0.0862690863655	0.15935498831
koo-	0.513674197384	0.486325802616	0.0	0.0
aam-	0.0792507244188	0.588730653556	0.106321326064	0.225697295961
ipa-	0.218984887027	0.255846164034	0.107174905623	0.417994043316
kin-	0.0760527026257	0.68801293403	0.0171253531774	0.218809010167
reu-	0.0	1.0	0.0	0.0
egu-	0.551151761517	0.29810298103	0.106707317073	0.0440379403795
aim-	0.214579659024	0.23368606702	0.104644326867	0.44708994709
dan-	0.074166827201	0.788094779426	0.137738393373	0.0
o'e-	0.218457943925	0.646028037383	0.0514018691588	0.0841121495327
ser-	0.0	0.98615916955	0.0138408304498	0.0
kag-	0.249079769031	0.454023731963	0.0575306057648	0.239365893241
mis-	0.0566037735848	0.943396226415	0.0	0.0
elm-	0.0	1.0	0.0	0.0
fee-	0.659340659341	0.197802197802	0.0989010989011	0.043956043956
gua-	0.0913976911658	0.461398181885	0.134141179934	0.313062947015
oaf-	0.594822254464	0.1959688808	0.0734342196957	0.135774645041
rin-	0.015873015873	0.941798941799	0.0423280423281	0.0
eu'-	0.153203342618	0.818941504178	0.0	0.0278551532033
cin-	0.0	0.933701657459	0.0662983425414	0.0
afe-	0.267282287934	0.155963473707	0.0516626224483	0.52509161591
sos-	0.00641025641025	0.99358974359	0.0	0.0
kle-	0.0368098159509	0.914110429448	0.0245398773006	0.0245398773006
don-	0.0590885461792	0.90556229423	0.00173280194074	0.0336163576503
kua-	0.150072600665	0.433527455542	0.0679948164686	0.348405127324
ope-	0.40889428686	0.32636097666	0.0908215219486	0.173923214531
eut-	0.0645161290323	0.935483870968	0.0	0.0
moa-	0.399843177257	0.311157981179	0.0409308434812	0.248067998083
uri-	0.0	1.0	0.0	0.0
i'i-	0.0527472497494	0.0705262338776	0.00522680529106	0.871499711082
kip-	0.484833579275	0.185604197409	0.178717822594	0.150844400721
epi-	0.40691202348	0.304327115461	0.0784673840926	0.210293476966
lap-	0.54180803903	0.229444736165	0.0689178002092	0.159829424595
esa-	0.0131578947368	0.986842105263	0.0	0.0
tit-	0.425025701278	0.532383609928	0.0117491555294	0.0308415332648
sad-	0.0272619517977	0.97155274595	0.0	0.00118530225207
eal-	0.0636215334421	0.601957585644	0.288743882545	0.0456769983687
sis-	0.059649967887	0.918031470777	0.0155748233783	0.00674373795761
eeg-	0.145534912168	0.0216673765688	0.00761536264385	0.825182348619
a'i-	0.128076418246	0.729588415618	0.0601981320048	0.0821370341309
pai-	0.184403696967	0.247917429635	0.0623069420535	0.505371931345
mos-	0.0247408669353	0.929829095004	0.0147073367597	0.0307227013007
kok-	0.616677599145	0.154072342003	0.058250205198	0.170999853654
feg-	0.454055192842	0.286715670355	0.188224066587	0.071005070216
kea-	0.496352577513	0.242358736436	0.0450653045597	0.216223381491
ifu-	0.689331770223	0.286049237984	0.0246189917937	0.0
epu-	0.665254788311	0.158031296637	0.0282994915999	0.148414423452
fri-	0.0	0.978494623656	0.0	0.0215053763441
gop-	0.159473900534	0.334045759693	0.0457596931086	0.460720646664
a'a-	0.0485933737296	0.0936950867222	0.0110549632776	0.846656576271
lam-	0.595375532938	0.212448502076	0.0418512004438	0.150324764542
fop-	0.43998000031	0.366832151127	0.075742107328	0.117445741234
ika-	0.299677455262	0.383248498255	0.129386801267	0.187687245216
bet-	0.0192269573835	0.953617443013	0.00832507433102	0.0188305252725
epe-	0.528479526356	0.0936301558456	0.0259105754544	0.351979742344
sal-	0.0378480670451	0.947620978643	0.0101378751014	0.0043930792106
aun-	0.0859907533746	0.0405631648443	0.0202874542274	0.853158627554
ima-	0.115424796752	0.547748924438	0.048645493842	0.288180784968
isk-	0.00533807829181	0.987544483986	0.0	0.00711743772242
gab-	0.0727272727272	0.890909090909	0.0	0.0363636363636
sek-	0.0550458715596	0.926605504587	0.0183486238532	0.0
400-	0.0158172231986	0.066783831283	0.0	0.917398945518
den-	0.134827605924	0.769969695237	0.0746183315227	0.0205843673166
pip-	0.2453752135	0.630582542827	0.0511878209588	0.0728544227137
efi-	0.560793307003	0.21688537818	0.0114664288444	0.210854885973
eme-	0.631918067785	0.121796575583	0.214261829842	0.0320235267892
ufe-	0.439117457282	0.458525784155	0.0701874915864	0.032169266977
min-	0.263000805175	0.614140544743	0.0699669600466	0.0528916900352
ket-	0.15173025732	0.78083407276	0.0567879325643	0.0106477373558
aap-	0.32409033877	0.307026348808	0.240150564617	0.128732747804
fau-	0.0873417882321	0.316061110581	0.11344943772	0.483147663466
pif-	0.17875024727	0.459563624582	0.25116434114	0.110521787008
age-	0.425555108089	0.26008182831	0.0659764759189	0.248386587682
fuk-	0.699356913183	0.268488745981	0.032154340836	0.0
ma'-	0.0606531435594	0.13057908136	0.195341399857	0.613426375223
lok-	0.416531616672	0.264499455077	0.0845601813015	0.23440874695
igo-	0.416425679584	0.557547715443	0.026026604974	0.0
gal-	0.66429930344	0.129896818168	0.0620244726914	0.143779405701
i'e-	0.920609462711	0.0793905372895	0.0	0.0
chr-	0.0	0.845474613687	0.154525386313	0.0
kar-	0.0	0.96	0.0	0.04
sel-	0.0	0.981012658228	0.0189873417721	0.0
kus-	0.0	1.0	0.0	0.0
lil-	0.382797840156	0.155056868227	0.256270822962	0.205874468656
oof-	0.17004048583	0.562753036437	0.218623481781	0.0485829959514
me'-	0.257503085367	0.199059803876	0.0338463571723	0.509590753585
gak-	0.460737635315	0.358712136957	0.0790769760633	0.101473251664
ati-	0.0687484870491	0.60735899298	0.251755022997	0.072137496974
e'u-	0.215452212745	0.0470432488028	0.0125093659095	0.724995172542
fa'-	0.263711077315	0.411869671413	0.23256985729	0.0918493939813
eau-	0.435974665706	0.40238885462	0.048408370988	0.113228108686
ae'-	0.418165621681	0.294206324734	0.171480453627	0.116147599959
aon-	0.0893519761962	0.191554888485	0.168154409248	0.550938726071
oki-	0.625446960667	0.254767580453	0.0589988081049	0.0607866507747
eop-	0.507109194025	0.281079425939	0.0688154005911	0.142995979445
lop-	0.0812811581046	0.827087107219	0.0605848670495	0.031046867627
kem-	0.598177777898	0.132838469388	0.0873851804574	0.181598572257
eel-	0.762264150943	0.109433962264	0.0981132075472	0.0301886792453
imu-	0.255610972569	0.651831958565	0.0513140226357	0.0412430462306
luk-	0.026286966046	0.929901423877	0.0175246440307	0.026286966046
mon-	0.219167657331	0.678653442794	0.0448550533885	0.0573238464862
oak-	0.49277510189	0.392367543535	0.0222304557243	0.0926268988514
kop-	0.131517768183	0.817668548655	0.0338757887745	0.0169378943873
kak-	0.101207967711	0.119858385344	0.256279279932	0.522654367013
abb-	0.0831234256927	0.821158690176	0.0	0.095717884131
eni-	0.732168211569	0.148818524974	0.01466021771	0.104353045747
one-	0.0146627565982	0.948680351906	0.0	0.0366568914956
kik-	0.0676163751789	0.805173156264	0.120334227013	0.00687624154361
sto-	0.047619047619	0.304761904762	0.647619047619	0.0
gog-	0.370820668693	0.182370820669	0.437689969605	0.00911854103344
saf-	0.151773049645	0.401418439716	0.0170212765957	0.429787234043
sil-	0.0397096466201	0.900346793744	0.0394490224478	0.0204945371876
ake-	0.425347440653	0.237602491153	0.0771265598201	0.259923508374
aog-	0.311883757135	0.327674401364	0.100081547928	0.260360293573
jas-	0.0362068965517	0.941379310345	0.0120689655173	0.0103448275862
aai-	0.328060165975	0.393153526971	0.197095435685	0.0816908713692
ipe-	0.134238112291	0.738492856044	0.0938000581733	0.0334689734909
eeu-	0.209697388766	0.0787283752528	0.013295840426	0.698278395556
gau-	0.0672434953594	0.82094558058	0.0160910398335	0.095719884227
o'a-	0.349292597909	0.412343653886	0.113799466885	0.124564281321
oap-	0.347029056481	0.270976167156	0.249216454456	0.132778321907
ga'-	0.534865276848	0.366417008807	0.0571523609368	0.0415653534086
600-	0.0	0.893310753599	0.0	0.106689246401
sau-	0.0543650793651	0.875198412698	0.00416666666667	0.0662698412699
fon-	0.113924050633	0.227848101266	0.620253164557	0.0379746835443
pri-	0.0635838150289	0.92774566474	0.0	0.00867052023121
fea-	0.427020291512	0.283582562051	0.0680169718821	0.221380174555
tro-	0.009828009828	0.990171990172	0.0	0.0
aag-	0.200964767206	0.465828039294	0.0914461714897	0.24176102201
nie-	0.109718058363	0.466564136137	0.0218223762489	0.401895429251
gol-	0.00369328174464	0.690291945128	0.298628209638	0.00738656348927
ela-	0.538770586517	0.115317511714	0.00814191205414	0.337769989715
fin-	0.0603420149983	0.914712769232	0.00346461330133	0.0214806024683
o'o-	0.236199259214	0.677254708649	0.0448031986636	0.0417428334737
aen-	0.165745856354	0.589318600368	0.142725598527	0.102209944751
bis-	0.227272727273	0.727272727273	0.0454545454545	0.0
itu-	0.0	1.0	0.0	0.0
had-	0.0	0.888888888889	0.0793650793651	0.031746031746
kad-	0.145762711864	0.789830508475	0.0542372881356	0.0101694915254
7:5-	0.586666666667	0.413333333333	0.0	0.0
fen-	0.220168870479	0.644416122352	0.0780627688386	0.0573522383304
tam-	0.0	1.0	0.0	0.0
oai-	0.446912823656	0.165466523671	0.332465144783	0.0551555078903
oti-	0.0579433489735	0.893721255327	0.0128598759202	0.0354755197797
men-	0.0	1.0	0.0	0.0
iko-	0.0734797930569	0.890530104221	0.0	0.0359901027218
ain-	0.41575563815	0.32049954014	0.0676135982618	0.196131223448
mug-	0.779825412221	0.133850630456	0.0226317491109	0.0636922082121
rek-	0.076103500761	0.878234398782	0.0456621004566	0.0
sol-	0.0	1.0	0.0	0.0
ame-	0.149924537427	0.497385909762	0.0438600148424	0.308829537969
iak-	0.0037460198539	0.987076231504	0.000936504963477	0.00824124367859
oom-	0.374222602286	0.0353209735123	0.0257620522826	0.564694371919
iso-	0.222022004424	0.670299887194	0.047173266529	0.0605048418523
eip-	0.939808481532	0.0328317373461	0.0164158686731	0.0109439124487
ban-	0.0167545180723	0.951054216867	0.0129894578313	0.0192018072289
auk-	0.312385152517	0.515803013598	0.13322307975	0.0385887541345
pam-	0.146219964837	0.791137591978	0.0294328319333	0.0332096112522
mag-	0.326843341063	0.540594174322	0.0572621508885	0.0753003337266
job-	0.155172413793	0.689655172414	0.155172413793	0.0
eai-	0.58503512498	0.170560365953	0.0875673909492	0.156837118118
uuf-	0.220294548539	0.583082735754	0.0801912252294	0.116431490477
afa-	0.336304513549	0.315858721823	0.109116354155	0.238720410473
dru-	0.0	1.0	0.0	0.0
nil-	0.0226142644449	0.920850074443	0.0565356611123	0.0
meg-	0.2578675075	0.69965713586	0.0203575583175	0.0221177983224
opa-	0.287429815659	0.353570232343	0.209195771892	0.149804180106
kof-	0.0731707317073	0.890243902439	0.0365853658537	0.0
alo-	0.310361096959	0.119755510912	0.0523007031047	0.517582689024
ram-	0.0	1.0	0.0	0.0
fag-	0.242025303839	0.59914786519	0.0888032693786	0.070023561592
pit-	0.135105535072	0.479313864344	0.367566529241	0.018014071343
aeg-	0.506758490889	0.273291128411	0.0806313628198	0.13931901788
sip-	0.0386355024162	0.934898327426	0.00204240541407	0.0244237647433
mam-	0.122588816677	0.160023131076	0.619358591679	0.0980294605676
sef-	0.111111111111	0.888888888889	0.0	0.0
las-	0.0144329896907	0.950515463918	0.00824742268042	0.0268041237113
foe-	0.185387385294	0.577186665118	0.0500638866303	0.187362062957
eti-	0.025817555938	0.917383820998	0.0567986230637	0.0
laa-	0.199738867771	0.167423067959	0.029014168066	0.603823896204
200-	0.224129709108	0.327610872675	0.0643776824034	0.383881735813
afo-	0.530049798272	0.228253361186	0.0703684518926	0.171328388649
uu'-	0.124098857571	0.858544658852	0.0104138901459	0.00694259343058
arf-	0.0	1.0	0.0	0.0
gou-	0.151657231753	0.729081140256	0.0360111202339	0.0832505077568
fai-	0.544595017271	0.221615171213	0.0652249299644	0.168564881552
bar-	0.0197461212976	0.950634696756	0.0267983074753	0.00282087447108
pis-	0.141592920354	0.858407079646	0.0	0.0
ten-	0.291167354111	0.651843897201	0.0316671954702	0.025321553218
oal-	0.460280373832	0.357476635514	0.0560747663552	0.126168224299
pet-	0.0226989911839	0.929889327302	0.00907306908571	0.038338612428
his-	0.0	0.912408759124	0.0875912408759	0.0
sai-	0.00644315414871	0.985278141974	0.00127364675033	0.0070050571268
apo-	0.0714433752492	0.727048113147	0.088834785119	0.112673726485
fan-	0.519180983761	0.396563897388	0.00282419392798	0.0814309249235
did-	0.0	0.777777777778	0.166666666667	0.0555555555556
lot-	0.0233942612445	0.976605738756	0.0	0.0
kef-	0.470431656422	0.297403584327	0.131569277063	0.100595482187
gag-	0.0931536388947	0.799805610363	0.0737505901648	0.0332901605772
e'i-	0.112972566062	0.10166949223	0.0247852465477	0.76057269516
u'u-	0.13157825786	0.816580838425	0.0413797348039	0.0104611689111
fir-	0.289156626506	0.650602409639	0.0361445783133	0.0240963855422
sea-	0.0	1.0	0.0	0.0
300-	0.369369369369	0.252252252252	0.0	0.378378378378
fes-	0.0300653594771	0.958169934641	0.0078431372549	0.00392156862745
nam-	0.101840312998	0.669468193016	0.0243442979278	0.204347196059
reb-	0.118705035971	0.809352517986	0.0287769784173	0.0431654676259
mii-	0.202247191011	0.730337078652	0.0674157303371	0.0
ilo-	0.473509933775	0.311258278146	0.0860927152317	0.129139072848
eae-	0.0811555076224	0.732263027201	0.155926346537	0.0306551186405
dav-	0.0049369171695	0.97510970927	0.00246845858475	0.0174849149753
eof-	0.444478850561	0.106521335233	0.402551557565	0.0464482566421
lof-	0.317472872637	0.15605837302	0.0189377249764	0.507531029366
spi-	0.0149151103718	0.93823471296	0.0360414756831	0.0108087009851
keo-	0.202352486032	0.088300271423	0.0163994950562	0.692947747488
loo-	0.494900730595	0.0776382075681	0.0376312271977	0.389829834639
aug-	0.24253887919	0.0168841502545	0.00126228318186	0.739314687374
aeu-	0.534371021768	0.261049666393	0.0745605323269	0.130018779512
kup-	0.293526785714	0.517578125	0.0251116071428	0.163783482143
aga-	0.0856267262262	0.183404964496	0.0332252540597	0.697743055219
aau-	0.0964874551971	0.511875746715	0.0266666666667	0.364970131422
ama-	0.12999992919	0.741159475707	0.038617943941	0.0902226511627
fap-	0.488983417882	0.277838719142	0.0833930127936	0.149784850182
pia-	0.309977417368	0.504495996715	0.10505029768	0.0804762882365
mu'-	0.454853273138	0.193002257336	0.284424379233	0.0677200902934
oun-	0.375	0.2578125	0.3671875	0.0
mau-	0.138305914316	0.768854281692	0.0427553339936	0.0500844699984
220-	0.0	0.396475770925	0.0748898678414	0.528634361233
ifo-	0.0830329139783	0.0916072973671	0.160345914714	0.665013873941
bel-	0.109090909091	0.885454545454	0.00545454545454	0.0
boa-	0.0198347107438	0.960330578512	0.0198347107438	0.0
loa-	0.390812307605	0.355318310492	0.0525592016035	0.201310180299
jef-	0.0	1.0	0.0	0.0
leo-	0.0	0.918918918919	0.0810810810811	0.0
iu'-	0.142076502732	0.857923497268	0.0	0.0
ant-	0.0549465797142	0.899662767478	0.00318530896893	0.0422053438384
fem-	0.482596177122	0.192783652408	0.054496986172	0.270123184298
ifa-	0.141957330439	0.790832123208	0.0323473217742	0.0348632245789
har-	0.10584742481	0.890280108429	0.00387246676132	0.0
nan-	0.0700636942675	0.847133757962	0.0573248407643	0.0254777070064
pol-	0.0753390256153	0.904989117696	0.00627825213461	0.0133936045538
sar-	0.0456981664316	0.853878702398	0.0383638928068	0.0620592383639
lao-	0.258917085026	0.299640535035	0.0459899365994	0.395452443339
olu-	0.154394299287	0.5	0.0516627078385	0.293942992874
kio-	0.0451127819549	0.90977443609	0.0451127819549	0.0
wes-	0.0	0.94294770206	0.0570522979398	0.0
teu-	0.263157894737	0.684210526316	0.0	0.0526315789474
fua-	0.0978783427386	0.382269832206	0.291290896026	0.22856092903
dam-	0.023753894081	0.945872274143	0.00584112149533	0.0245327102804
put-	0.0284371272653	0.954500596376	0.00243746805132	0.0146248083079
oau-	0.396696278854	0.368546862179	0.0581540547291	0.176602804238
art-	0.0252737994945	0.944397641112	0.0252737994945	0.00505475989892
iik-	0.408005164622	0.464170432537	0.120077469335	0.00774693350548
oag-	0.423253105701	0.168993373165	0.0481882093777	0.359565311756
ago-	0.208944873022	0.471810264965	0.0289462557626	0.29029860625
bal-	0.0	0.994228179311	0.0	0.00577182068876
pok-	0.2004048583	0.769230769231	0.0303643724696	0.0
idu-	0.0	0.946666666667	0.0	0.0533333333332
efa-	0.467004457951	0.335471316402	0.042412928527	0.15511129712
foa-	0.432230857296	0.257052600621	0.085372411971	0.225344130112
ank-	0.206418039896	0.754553339115	0.0130095403296	0.0260190806592
pub-	0.0190476190476	0.911111111111	0.0190476190476	0.0507936507937
mok-	0.483547351525	0.309222846442	0.0414660246121	0.165763777421
i'o-	0.133294324281	0.106949759685	0.126965233136	0.632790682898
top-	0.0	0.669724770642	0.330275229358	0.0
omu-	0.593966233047	0.327982286189	0.0249100470524	0.0531414337116
aof-	0.436846095527	0.38119787718	0.0	0.181956027293
sop-	0.0	0.945454545455	0.0545454545455	0.0
lo'-	0.358192911589	0.438693866513	0.0919025808306	0.111210641067
lef-	0.0435097897027	0.897026831037	0.00435097897026	0.05511240029
mop-	0.565086523825	0.239742201264	0.0569274520002	0.13824382291
set-	0.0	1.0	0.0	0.0
kaa-	0.0338326509598	0.913702223639	0.0416779033563	0.0107872220452
oop-	0.650903714809	0.190883724804	0.0326919873397	0.125520573047
hag-	0.257627118644	0.715254237288	0.0271186440678	0.0
ais-	0.058312518931	0.0332247521208	0.00562246435704	0.902840264591
mog-	0.231332006655	0.613360445488	0.0753173975157	0.0799901503412
rom-	0.0915070638351	0.545078131279	0.25399471606	0.109420088826
eam-	0.316282420749	0.372478386167	0.276657060519	0.0345821325648
kep-	0.481391094756	0.299078551525	0.0524862485161	0.167044105203
ugu-	0.226347914547	0.244659206511	0.498474059003	0.0305188199389
sib-	0.076726342711	0.846547314578	0.076726342711	0.0
ufu-	0.0833675266945	0.744876279683	0.0411788828554	0.130577310768
tol-	0.189189189189	0.810810810811	0.0	0.0
eki-	0.533370462809	0.189013969965	0.190298954625	0.0873166126003
lus-	0.0	1.0	0.0	0.0
dem-	0.0151515151515	0.966666666667	0.0060606060606	0.0121212121212
sus-	0.0727272727273	0.890909090909	0.0363636363636	0.0
amf-	0.0	1.0	0.0	0.0
jes-	0.0657334144857	0.905051734632	0.0	0.0292148508825
bla-	0.267875920084	0.284086926043	0.0677357167894	0.380301437084
fam-	0.347346967315	0.464618030108	0.0369593647949	0.151075637782
fo'-	0.360747784413	0.485218779484	0.0399683378291	0.114065098274
bit-	0.0	0.950819672131	0.0327868852459	0.0163934426229
mak-	0.267114315722	0.663850175244	0.043663484346	0.0253720246876
cen-	0.272222222222	0.707407407407	0.0	0.0203703703704
pep-	0.0688388229107	0.859454069891	0.0210340847783	0.0506730224204
sam-	0.0325260428113	0.948353918509	0.0	0.0191200386796
auo-	0.23595505618	0.648876404494	0.0983146067415	0.0168539325843
nik-	0.0295728368017	0.967141292443	0.0	0.00328587075575
lit-	0.326119328899	0.626228531718	0.00893477613422	0.0387173632483
pui-	0.0780821917808	0.879452054795	0.0383561643835	0.00410958904109
144-	0.0	0.107368421053	0.0	0.892631578947
rut-	0.0	1.0	0.0	0.0
aop-	0.507089502169	0.274634342712	0.0925884510444	0.125687704075
eum-	0.569496880961	0.221770947191	0.0817258238979	0.127006347949
ega-	0.0543291278071	0.0209288136124	0.0103942426573	0.914347815923
ruf-	0.0	0.94495412844	0.0550458715596	0.0
lib-	0.112469437653	0.887530562347	0.0	0.0
jak-	0.17381489842	0.785553047404	0.0	0.0406320541761
apu-	0.341124652636	0.359630257394	0.0884302210689	0.210814868902
iug-	0.286393910561	0.468125594672	0.194100856327	0.0513796384395
kas-	0.0406091370558	0.837563451777	0.0507614213198	0.0710659898477
klo-	0.1	0.871428571429	0.0	0.0285714285714
ko'-	0.247107800194	0.366282606406	0.163238492446	0.223371100954
gam-	0.472225760009	0.267758804474	0.0577575585581	0.202257876959
gri-	0.0323886639676	0.538265243528	0.380149674886	0.0491964176175
ara-	0.111328125	0.8359375	0.052734375	0.0
gad-	0.0	1.0	0.0	0.0
sem-	0.0	1.0	0.0	0.0
amo-	0.5059133823	0.320382335014	0.0459951225463	0.12770916014
emm-	0.078431372549	0.921568627451	0.0	0.0
oog-	0.475447925717	0.255329686346	0.0463561727573	0.22286621518
oin-	0.299126047392	0.460762230832	0.153617443013	0.0864942787638
sta-	0.0	1.0	0.0	0.0
lik-	0.106382978723	0.457446808511	0.436170212766	0.0
tei-	0.216515872601	0.753360179907	0.00753098687307	0.0225929606192
eem-	0.21664541736	0.0424497227211	0.0202899465107	0.720614913408
rub-	0.0	1.0	0.0	0.0
pag-	0.15816784428	0.412507134563	0.214268141471	0.215056879687
kul-	0.0	0.875862068966	0.0827586206897	0.0413793103448
kek-	0.498877967112	0.189374227164	0.0575238129889	0.254223992734
a'o-	0.554441591708	0.239445363066	0.037180067938	0.168932977288
oa'-	0.146536412078	0.174067495559	0.652753108348	0.0266429840142
aif-	0.381014794227	0.248189235831	0.0559313402289	0.314864629713
noa-	0.0	1.0	0.0	0.0
tax-	0.0252977759039	0.970696742911	0.0	0.00400548118478
hes-	0.0	1.0	0.0	0.0
ke'-	0.451769980365	0.366919349953	0.0657793535603	0.115531316122
eun-	0.0117647058823	0.988235294118	0.0	0.0
kal-	0.0327274062548	0.845184906846	0.0949579377474	0.0271297491515
aa'-	0.109594928548	0.671913613409	0.115235843988	0.103255614054
aba-	0.0119641076769	0.952143569292	0.0239282153539	0.011964107677
ier-	0.00883344603701	0.973636797829	0.00269543053592	0.0148343255986
kil-	0.131046613896	0.823218997361	0.0158311345647	0.0299032541777
res-	0.0	1.0	0.0	0.0
