-tɔa	0.246489859594	0.33125325013	0.116484659386	0.305772230889
-lɔs	0.0780230676896	0.890663326549	0.0054798810083	0.0258337247534
-tɔi	0.266666666667	0.733333333333	0.0	0.0
-lɔt	0.0106347062795	0.978730587441	0.0106347062795	0.0
-tɔs	0.0364819348817	0.953170019073	0.00466676586362	0.0056812801818
-iva	0.690194345161	0.173791070345	0.0424742826181	0.0935403018763
-lɔi	0.19374238875	0.71727232354	0.0701666468045	0.0188186409054
-lɔn	0.0378900445765	0.791233283804	0.0891530460624	0.0817236255571
-hee	0.225195412598	0.489279883788	0.229336157185	0.056188546429
-u-o	0.471365638766	0.0396475770925	0.0	0.488986784141
-ɔlɔ	0.749114796429	0.145834616677	0.029519698497	0.0755308883972
-lɔd	0.0153086608749	0.903159962749	0.0413333843622	0.040197992014
-iɛl	0.0277361735175	0.96893548566	0.0033283408221	0.0
-oya	0.322379749742	0.509269888646	0.0687062334978	0.099644128114
-mba	0.118422011203	0.462174593921	0.0432003496868	0.37620304519
-oyo	0.752256770311	0.156135071882	0.0565028418589	0.0351053159478
-ufe	0.283127613996	0.349306334796	0.305085178007	0.0624808732021
-fii	0.539541201328	0.223060670088	0.194234832478	0.0431632961062
-ufa	0.234567901235	0.62962962963	0.135802469136	0.0
-unɛ	0.212532867097	0.532897241744	0.160635306527	0.0939345846321
-ndo	0.135001315279	0.479319455462	0.0951292287033	0.290550000556
-pla	0.158970476911	0.285011355034	0.0215745647237	0.534443603331
-uaa	0.407368290187	0.173674888786	0.0496407290999	0.369316091927
-puu	0.0312787300549	0.0782989764439	0.0106237358776	0.879798557624
-ŋia	0.646766169154	0.0796019900497	0.248756218905	0.0248756218905
-kia	0.0786877203222	0.0171418345136	0.00678955545745	0.897380889707
-pue	0.225932568947	0.647879907359	0.0850175889075	0.0411699347859
-nai	0.0858324715615	0.864529472596	0.0434332988624	0.00620475698035
-pua	0.424576907329	0.16580797052	0.0339497748055	0.375665347345
-pui	0.138037889992	0.805760969082	0.00591590957109	0.0502852313544
-i-o	0.173076923077	0.673076923077	0.0192307692308	0.134615384615
-lɔk	0.0	1.0	0.0	0.0
--mɛ	0.0	0.743317776835	0.256682223165	0.0
-ɔkɛ	0.154061926853	0.56349120725	0.0577732225699	0.224673643327
-yɔs	0.0161290322581	0.983870967742	0.0	0.0
-ɛnɛ	0.366779345384	0.529077181548	0.0435196243143	0.0606238487541
-opo	0.106657173529	0.762449034125	0.0571406377374	0.0737531546077
-mɔn	0.00639843999939	0.991773434287	0.0	0.00182812571411
-ɛfi	0.017316017316	0.963100391672	0.00494743351886	0.0146361574933
-opa	0.0	0.939086294416	0.0	0.0609137055838
-hei	0.414320620233	0.354617602727	0.0174523498888	0.213609427151
-dea	0.699850044305	0.166996114784	0.0310817258537	0.102072115057
-bɛɛ	0.127149131582	0.040945262444	0.0191317760761	0.812773829898
-fɛi	0.147183894495	0.809275626276	0.0332956605875	0.0102448186423
-dei	0.121995314648	0.560172194779	0.0497188733716	0.268113617202
-mbɛ	0.242367818606	0.238419593339	0.0882507025286	0.430961885526
-jɛɛ	0.675995069963	0.20220401653	0.0609004567534	0.0609004567534
-ɔlu	0.0328056112556	0.332721138253	0.125841630478	0.508631620014
-apo	0.0740740740741	0.812865497076	0.037037037037	0.0760233918129
-ima	0.49190649599	0.274946856795	0.0678774002024	0.165269247013
-ɔli	0.660347432131	0.212445125019	0.0414139783746	0.0857934644756
-oki	0.240975609756	0.367804878049	0.0234146341463	0.367804878049
-kim	0.0	1.0	0.0	0.0
-nyɔ	0.0153455882013	0.052823079024	0.146350157159	0.785481175616
-ivi	0.0799605133268	0.868706811451	0.0394866732478	0.0118460019743
-imi	0.130951798385	0.702079765109	0.0732077318327	0.0937607046734
-nyɛ	0.342028902232	0.466199327721	0.0864768581032	0.105294911943
-ɔla	0.481242303285	0.304563989518	0.143087820758	0.0711058864381
-asɛ	0.0	1.0	0.0	0.0
-ɔle	0.676509546698	0.268775386071	0.0306938182024	0.0240212490279
-ɛhu	0.182072829132	0.451914098973	0.276377217554	0.0896358543417
-pɔu	0.672434607646	0.255130784708	0.0651911468813	0.00724346076459
-pɔs	0.029484029484	0.959459459459	0.00737100737101	0.0036855036855
-idi	0.00186950831931	0.995887081698	0.00112170499159	0.00112170499159
-kpu	0.146516393443	0.262295081967	0.121926229508	0.469262295082
-ida	0.00210084033614	0.997899159664	0.0	0.0
-kpi	0.1	0.0222222222222	0.877777777778	0.0
-bie	0.14042754551	0.0776039637031	0.00734843845683	0.77462005233
-bia	0.192785133832	0.10787931141	0.00984162139182	0.689493933365
-kpa	0.289461662468	0.281024490178	0.139770794899	0.289743052455
-dɛi	0.189208629859	0.581733254809	0.0809892239151	0.148068891416
-kpe	0.111162283197	0.108682999832	0.232739615785	0.547415101186
-pɔi	0.288819125815	0.67447476455	0.0212509055784	0.015455204057
-bii	0.209208331128	0.233135069395	0.0657566595679	0.491899939909
-eza	0.0	1.0	0.0	0.0
-eja	0.0759911894273	0.203744493392	0.700440528634	0.0198237885463
-ugɔ	0.564220183486	0.151376146789	0.137614678899	0.146788990826
-ria	0.0305830438867	0.924918627258	0.00342966992157	0.0410686589335
-eji	0.262796833773	0.497625329815	0.0538258575198	0.185751978892
-ril	0.0	0.978723404255	0.0212765957447	0.0
-uti	0.418196527475	0.539983819777	0.0261372829672	0.0156823697803
-ugɛ	0.838286096229	0.0578757156169	0.0285132331957	0.0753249549583
-tea	0.783485155196	0.153340080972	0.0371963562753	0.0259784075574
-ris	0.159163987138	0.768488745981	0.0289389067524	0.0434083601286
-utu	0.0895619253651	0.627690643591	0.0752839372634	0.20746349378
-tei	0.116656551834	0.702692180932	0.0241771165865	0.156474150647
-dan	0.00259067357513	0.971502590674	0.0	0.0259067357513
-bɔɔ	0.0647375709399	0.0356252758352	0.00457937362891	0.895057779596
-ara	0.008486562942	0.968882602546	0.0	0.022630834512
-hɔi	0.397959183673	0.479591836735	0.0	0.122448979592
-jii	0.218771617749	0.631068616794	0.0318751303928	0.118284635065
-lus	0.00827472072818	0.983450558544	0.00827472072816	0.0
-jia	0.53448628369	0.253164419344	0.0690467703602	0.143302526606
-lui	0.0753674815134	0.716685511872	0.048470536438	0.159476470176
-ile	0.0895012570999	0.0406374410693	0.0112528641316	0.858608437699
-lua	0.369047619048	0.547619047619	0.0833333333333	0.0
-mei	0.230295167045	0.646123905287	0.0648718780409	0.058709049627
-jis	0.0269058295964	0.919282511211	0.0538116591928	0.0
-rak	0.0	1.0	0.0	0.0
-aye	0.36754191134	0.514254419326	0.0768247786533	0.0413788906807
-rɔg	0.0	1.0	0.0	0.0
-vuu	0.0608548659744	0.695725670128	0.0608548659744	0.182564597923
-aya	0.215309740408	0.634085635711	0.0647098740027	0.0858947498785
-kɔs	0.0157209530828	0.979857528863	0.00442151805453	0.0
-rɔn	0.0281524926686	0.943695014663	0.0140762463343	0.0140762463343
-ayi	0.575471698113	0.0864779874213	0.196540880503	0.141509433962
-ahɛ	0.0935251798561	0.906474820144	0.0	0.0
-jɔn	0.0296889227707	0.924634182496	0.0121974461597	0.0334794485738
-rɔs	0.0421686746988	0.837636259323	0.0418818129662	0.078313253012
-ilo	0.225329081841	0.414683999673	0.182977679666	0.177009238819
-kɔm	0.0	1.0	0.0	0.0
-auŋ	0.277640927242	0.172820619198	0.144298086397	0.405240367163
-kɔi	0.131264023934	0.746821241586	0.0553477935677	0.0665669409126
-vui	0.149488673412	0.773474218817	0.033427666297	0.0436094414737
-emɔ	0.118825969906	0.746991762829	0.0838771552279	0.0503051120369
-sɔp	0.0	0.977900552486	0.0220994475138	0.0
-gɛɛ	0.104912292815	0.0276131125786	0.00423956026128	0.863235034345
-sɔs	0.0124442357361	0.967128433905	0.00845268842451	0.0119746419347
-lɔŋ	0.0945945945946	0.648648648649	0.0405405405405	0.216216216216
-sɔn	0.0477960701009	0.942644715879	0.00955921402017	0.0
-ikɔ	0.048	0.664	0.128	0.16
-sɔi	0.210810810811	0.416216216216	0.372972972973	0.0
-uba	0.568683745583	0.317910777385	0.08226590106	0.0311395759717
-ɔvɔ	0.243697478992	0.693277310924	0.0	0.063025210084
-nsi	0.101690762068	0.873805439843	0.00980151923548	0.0147022788532
-umu	0.0781181988095	0.484651306396	0.0196014303663	0.417629064428
-ɔwo	0.446191051995	0.499395405079	0.0181378476421	0.0362756952841
-mɛi	0.193848517652	0.636199655055	0.0561622326847	0.113789594608
-ote	0.522339746946	0.206898521473	0.10382055847	0.16694117311
-ɛba	0.0	1.0	0.0	0.0
-oti	0.0191411042945	0.96	0.00441717791411	0.0164417177914
-mɛa	0.5625	0.375	0.0	0.0625
-ali	0.369574757506	0.459042889101	0.0803650001559	0.091017353237
-oam	0.0	0.94181717129	0.0	0.0581828287102
-oto	0.0443927970524	0.0949353608929	0.740873852576	0.119797989479
-ɛbu	0.048639794901	0.88099985757	0.047429141148	0.0229312063808
-uma	0.443159280357	0.250785817213	0.128747727803	0.177307174626
-ɔwu	0.563797423074	0.32049162454	0.0417565610783	0.0739543913074
-umi	0.0	0.84	0.0	0.16
-ako	0.0648458565726	0.0724188125494	0.00686964916369	0.855865681714
ALL	0.236814732937	0.33660328769	0.0624064758862	0.364175503487
-olɛ	0.247837047733	0.185120308672	0.23682995822	0.330212685375
-nan	0.018018018018	0.981981981982	0.0	0.0
-aki	0.0232002572702	0.955896540635	0.00930307345983	0.0116001286351
-nam	0.0	1.0	0.0	0.0
-sis	0.0	1.0	0.0	0.0
-kii	0.2197265625	0.5654296875	0.029296875	0.185546875
-naa	0.179465203977	0.11047308879	0.023311621529	0.686750085705
-olɔ	0.692361615916	0.101652519412	0.0359007195854	0.170085145087
-aka	0.292014166095	0.389915279278	0.169425706095	0.148644848532
-kis	0.0	0.97619047619	0.0238095238095	0.0
-sii	0.215975675119	0.685172920888	0.027323655268	0.071527748725
--hu	0.302757456387	0.551303695367	0.100919152129	0.0450196961171
-sin	0.0301724137931	0.961206896552	0.00862068965516	0.0
-sim	0.0	1.0	0.0	0.0
-nas	0.0215544567009	0.96703436034	0.00760745530618	0.00380372765309
-sia	0.0963509736977	0.574178340284	0.0718254496726	0.257645236345
-sie	0.532596685083	0.32817679558	0.0331491712707	0.106077348066
-goi	0.138177724516	0.791008461343	0.0424882884845	0.0283255256564
-nti	0.0835966490042	0.836965739255	0.0445016987237	0.0349359130167
-wui	0.131732936831	0.750323756535	0.0735287064127	0.0444146002206
-goo	0.198614231503	0.730020578851	0.0356825948232	0.0356825948232
-amu	0.117382011057	0.276142286023	0.407264714808	0.199210988112
-wua	0.296387735128	0.134778880805	0.0130241558091	0.555809228257
-wue	0.0112101187886	0.0169088677149	0.00581265418669	0.96606835931
-lɛɛ	0.0867132806396	0.121265793602	0.0450561861656	0.746964739593
-wuu	0.498829039813	0.227166276347	0.252927400468	0.0210772833724
-awɔ	0.0731707317073	0.439024390244	0.463414634146	0.0243902439024
-ewɔ	0.0726976976371	0.650828691732	0.0147069652581	0.261766645373
-yas	0.00306748466258	0.98773006135	0.0	0.00920245398773
-hɛl	0.291697830965	0.663425579656	0.0	0.0448765893792
-hɛm	0.0173913043478	0.973913043478	0.0	0.00869565217391
-hɛi	0.0704062811896	0.842875330676	0.0333025665436	0.0534158215913
-ofo	0.160614886174	0.527202853844	0.199476105951	0.112706154032
-bei	0.151700867005	0.224294736634	0.0365274247236	0.587476971638
-yaa	0.250161754384	0.055896262973	0.0191253333055	0.674816649337
-ɛiŋ	0.136964967401	0.0629275675064	0.0800096467203	0.720097818372
-ɛvɛ	0.366120218579	0.568306010929	0.0109289617486	0.0546448087432
-poo	0.64238410596	0.298013245033	0.0	0.0596026490066
-dɔs	0.110429447853	0.650306748466	0.0	0.239263803681
-upu	0.479425465839	0.430900621118	0.0174689440994	0.0722049689441
-ren	0.0	1.0	0.0	0.0
-isi	0.0266794526487	0.958976995467	0.00160612089524	0.0127374309886
-rem	0.0357142857143	0.964285714286	0.0	0.0
-ise	0.985401459854	0.014598540146	0.0	0.0
-gɔɔ	0.745369027883	0.122350310677	0.046505774923	0.0857748865168
-isa	0.414281498967	0.493655945707	0.0619651814694	0.0300973738566
-ɔhɔ	0.280761464304	0.415735734758	0.278880601876	0.024622199062
-eva	0.573229462123	0.206899981452	0.0604092106959	0.159461345729
-dɔi	0.0853621881574	0.715659753532	0.165614667869	0.0333633904419
-dɔn	0.0	1.0	0.0	0.0
-dɔm	0.0726872246696	0.92731277533	0.0	0.0
-haa	0.47698668917	0.379895075819	0.0622708805981	0.0808473544124
-hab	0.0126582278481	0.987341772152	0.0	0.0
-rɛl	0.0110974106042	0.976880394575	0.0	0.0120221948212
-ɔya	0.236383097403	0.611957849034	0.119799596983	0.0318594565802
-juu	0.0573798431996	0.773321213499	0.112032723554	0.0572662197477
-ava	0.494996941854	0.293202549715	0.0497211123409	0.162079396091
-mas	0.0338114754098	0.960040983607	0.0	0.0061475409836
-mau	0.184930067481	0.709529035421	0.089663063021	0.0158778340766
-ham	0.0185944471377	0.943444286501	0.028594200636	0.00936706572558
-ebu	0.128205128205	0.509550851833	0.0748580278781	0.287385992084
-mai	0.254180602007	0.686176142698	0.0261984392419	0.0334448160535
-has	0.0	1.0	0.0	0.0
-maa	0.465090803405	0.14595656024	0.0801109285525	0.308841707803
-nɛɛ	0.393600761028	0.302236012293	0.190620232794	0.113542993886
-ɔra	0.0129032258065	0.987096774194	0.0	0.0
-uni	0.417535120744	0.207901811435	0.130370768316	0.244192299505
-una	0.110157724746	0.0924557963251	0.0663286530499	0.731057825879
-boŋ	0.286436394271	0.224936815501	0.374052232519	0.114574557708
-gad	0.0	1.0	0.0	0.0
-tra	0.0	1.0	0.0	0.0
-gaa	0.261589738927	0.417837807008	0.0799363760764	0.240636077989
-ada	0.0129568106312	0.951162790698	0.0119601328904	0.0239202657807
-ouŋ	0.168896611642	0.130408340573	0.331972198089	0.368722849696
-gai	0.483483483483	0.495495495496	0.021021021021	0.0
-lɔɔ	0.0426589215008	0.102307666126	0.143179678016	0.711853734358
-ɔva	0.498534123592	0.279510786633	0.0954818001839	0.126473289592
-ɛpɛ	0.618106110643	0.228030034364	0.0357843240775	0.118079530915
-ɛgi	0.0	1.0	0.0	0.0
-aaŋ	0.0420518846047	0.0651185801305	0.00865774094802	0.884171794317
-foi	0.0739978541149	0.793951066786	0.105825550103	0.0262255289958
-ɛpɔ	0.576080150282	0.307451471509	0.0826549780839	0.0338134001252
-ini	0.642573055785	0.173282703072	0.0295342965817	0.154609944562
-ɛni	0.619970826303	0.170568416675	0.0442809193735	0.165179837648
-loŋ	0.0600441920542	0.121019744095	0.202649148183	0.616286915668
-sei	0.161904761905	0.775757575758	0.0623376623376	0.0
-ɔku	0.385146177592	0.519520610133	0.0381332849101	0.0571999273652
-fla	0.00296313855636	0.0026075619296	0.00296313855636	0.991466160958
-ina	0.04915314721	0.0733762859415	0.0849802900472	0.792490276801
-ɛna	0.368421052632	0.323976608187	0.104093567251	0.20350877193
-ɔsɔ	0.0964871976943	0.860016986202	0.00183785138465	0.0416579647188
-ɛti	0.0344277972585	0.951227287217	0.0	0.0143449155244
-uii	0.19530084869	0.0552455650027	0.0229478497211	0.726505736586
-ija	0.00979768205265	0.984323708716	0.00522543042808	0.000653178803509
-uin	0.159090909091	0.522727272727	0.272727272727	0.0454545454545
-ɛns	0.0138728323699	0.98612716763	0.0	0.0
-foo	0.134334437145	0.710408882435	0.0187706964637	0.136485983956
--ma	0.212121212121	0.583333333333	0.204545454545	0.0
-ɛel	0.568345323741	0.431654676259	0.0	0.0
-iaa	0.350575546339	0.134330876011	0.0416611786285	0.473432399022
-ɔkɔ	0.236139707966	0.315948544551	0.173180452974	0.274731294509
-aal	0.0555555555556	0.944444444444	0.0	0.0
-ooi	0.255555555555	0.430555555556	0.0	0.313888888889
-ian	0.0	0.95652173913	0.0434782608696	0.0
-bla	0.181309576718	0.259442284682	0.157245543215	0.402002595385
-ias	0.0330990519778	0.917374959137	0.0250081726054	0.0245178162799
-nei	0.0192307692308	0.966346153846	0.0	0.0144230769231
-iks	0.00813008130081	0.69918699187	0.0162601626016	0.276422764228
-aoi	0.132785330383	0.540625987986	0.285804615871	0.0407840657604
-bee	0.522433002108	0.338452273412	0.0677506775068	0.0713640469738
-kui	0.077445481999	0.867027568643	0.0336084167165	0.0219185326412
-uje	0.508196721311	0.327868852459	0.0983606557377	0.0655737704918
-ban	0.104979811575	0.510094212651	0.279946164199	0.104979811575
-lɛŋ	0.295894655306	0.253292021689	0.102246320682	0.348567002324
-biɔ	0.0	1.0	0.0	0.0
-kpɛ	0.607831677382	0.247223845704	0.0526008182349	0.0923436586792
-uui	0.585454545455	0.283636363636	0.0654545454545	0.0654545454545
-eke	0.134067079283	0.80203178947	0.0125296335778	0.0513714976691
-hoe	0.352941176471	0.524886877828	0.0271493212669	0.0950226244344
-dɛɛ	0.267857142857	0.317750355956	0.333175130517	0.0812173706692
-kpɔ	0.211001544493	0.642865629084	0.0677200902935	0.0784127361293
-biɛ	0.684639498433	0.131034482759	0.184326018809	0.0
-baa	0.208884405	0.389711727496	0.126965110492	0.274438757012
-sad	0.0	1.0	0.0	0.0
-joi	0.380701754386	0.545614035088	0.0736842105263	0.0
-eku	0.0377358490566	0.641509433962	0.320754716981	0.0
-hou	0.478236186892	0.186070911075	0.0955886539338	0.240104248099
-bas	0.0606826801517	0.939317319848	0.0	0.0
-job	0.0	1.0	0.0	0.0
-ɔlɛ	0.316432481234	0.455822696849	0.174462482361	0.0532823395569
-nya	0.0557884400009	0.0493333751353	0.0148040206384	0.880074164225
-dɔu	0.0512705194513	0.745221497639	0.114459185968	0.0890487969418
-asa	0.063113604488	0.899018232819	0.00841514726509	0.0294530154277
-yɔi	0.248285759847	0.73879763993	0.00861106681549	0.00430553340775
-aso	0.0	0.823529411765	0.176470588235	0.0
-gɛi	0.204931114191	0.612199985608	0.0699777622712	0.11289113793
-imɛ	0.83625149224	0.0698368483883	0.00477516912057	0.0891364902507
-nyi	0.498293515358	0.430034129693	0.0614334470989	0.0102389078498
-asi	0.0336940645333	0.901125348559	0.0385555493434	0.026625037564
-yɔa	0.416666666667	0.410256410256	0.115384615385	0.0576923076923
-yei	0.0844511164153	0.716084038362	0.104034629522	0.0954302157002
-bɛi	0.191733418776	0.693944248638	0.0671579621916	0.0471643703941
-ɔsi	0.0251264222503	0.95685840708	0.00284450063211	0.0151706700379
-bɛl	0.0390388994748	0.960961100525	0.0	0.0
-mbe	0.483128651485	0.270656969119	0.122809109336	0.123405270061
-bɛn	0.0	1.0	0.0	0.0
-fɛɛ	0.0340909090909	0.784090909091	0.181818181818	0.0
-yea	0.466666666667	0.380952380952	0.0952380952381	0.0571428571429
-mbi	0.40301019903	0.217249232597	0.128032478463	0.25170808991
-lta	0.0	1.0	0.0	0.0
-yɔu	0.210341600374	0.16471689284	0.11815629387	0.506785212915
-bɛd	0.0	1.0	0.0	0.0
-bɛe	0.0936218869399	0.0130518448281	0.0010039880637	0.892322280168
-mbo	0.372410832342	0.547935634816	0.0334644461456	0.0461890866962
-bɔu	0.198566068314	0.606179646626	0.145753694928	0.0495005901316
-bɔs	0.0	1.0	0.0	0.0
-ras	0.142857142857	0.821428571429	0.0255102040816	0.0102040816327
-ran	0.05	0.95	0.0	0.0
-eri	0.00310934531007	0.920366211781	0.0	0.076524442909
-iwa	0.0169491525424	0.971751412429	0.0	0.0112994350282
-ram	0.0	1.0	0.0	0.0
-jiɛ	0.244823386114	0.436053593179	0.222898903776	0.0962241169306
-era	0.0711462450592	0.920948616601	0.00790513833991	0.0
-iwi	0.241142155358	0.648925391465	0.102840036844	0.00709241633406
-hɔɔ	0.123952953431	0.0303806258409	0.0124994574888	0.833166963239
-bɔi	0.214389534884	0.543604651163	0.223110465116	0.0188953488372
-ela	0.440744237357	0.304618439822	0.0996044854972	0.155032837324
-iya	0.496290054977	0.391826269937	0.085674149184	0.0262095259017
-iɔs	0.0337009114437	0.933573384344	0.00478226623157	0.0279434379806
-iɔn	0.0716783216783	0.884615384615	0.027972027972	0.0157342657343
-poi	0.0839175296161	0.704904104608	0.020757292376	0.1904210734
-iɔk	0.0434916718075	0.93244910549	0.012029611351	0.012029611351
-uga	0.549738219895	0.424083769634	0.0	0.0261780104712
-poe	0.139534883721	0.694767441861	0.165697674419	0.0
--nu	0.595845954132	0.210298572047	0.0164430982259	0.177412375595
-aha	0.0924890500165	0.719734147708	0.11375527962	0.0740215226552
-laa	0.241828166341	0.534900832265	0.130928929174	0.0923420722208
-ika	0.043082715711	0.895556739368	0.0221878571909	0.0391726877305
-sɔɔ	0.12798053528	0.498296836983	0.347445255475	0.0262773722628
-aat	0.0	1.0	0.0	0.0
-oui	0.219378427788	0.691042047532	0.08957952468	0.0
-lai	0.00793650793651	0.972222222222	0.0	0.0198412698413
-iki	0.0906842539159	0.604286892003	0.285243198681	0.0197856553999
-lak	0.0476568705322	0.952343129468	0.0	0.0
-aam	0.120921305182	0.84452975048	0.0230326295585	0.0115163147793
-uja	0.235252055774	0.290668573472	0.0378977475867	0.436181623168
-aan	0.0190023752969	0.769596199525	0.204275534442	0.00712589073634
-aai	0.30067713432	0.545108089276	0.0790246529901	0.0751901234146
--na	0.251308900524	0.748691099476	0.0	0.0
-las	0.034628975265	0.955477031802	0.00212014134276	0.00777385159012
-noa	0.0	1.0	0.0	0.0
-aaa	0.220338983051	0.0677966101695	0.0338983050847	0.677966101695
--ni	0.174992465341	0.646436106088	0.0327757685353	0.145795660036
-dee	0.106360792492	0.832116788321	0.0250260688217	0.036496350365
-kɔɔ	0.460946919368	0.0934904993123	0.00764551125778	0.437917070062
-gei	0.196399824432	0.519573786759	0.0342394217088	0.2497869671
-ahi	0.378830083566	0.345403899721	0.200557103064	0.075208913649
-jɔɔ	0.512453168888	0.144002023301	0.0607678872049	0.282776920606
-boo	0.828571428571	0.171428571429	0.0	0.0
-boi	0.275361914609	0.550035610919	0.0896032982586	0.0849991762137
-gee	0.777292576419	0.183406113537	0.0262008733624	0.0131004366812
-kɛi	0.0826873339025	0.868061400196	0.0268360247831	0.0224152411182
-doe	0.0888888888889	0.911111111111	0.0	0.0
-kɛm	0.0	1.0	0.0	0.0
-kɛl	0.0188087774295	0.981191222571	0.0	0.0
-doo	0.455823047782	0.358426005133	0.150311621655	0.0354393254308
-ahu	0.216282619005	0.228128503106	0.0635872428644	0.492001635024
-siɛ	0.408759124088	0.357664233577	0.204379562044	0.029197080292
-a-o	0.487619047619	0.36380952381	0.08	0.0685714285714
-toa	0.174817898023	0.69250780437	0.109261186264	0.0234131113424
-ibu	0.0345518755369	0.941586331965	0.0141261811587	0.00973561133913
-ooŋ	0.0444444444444	0.866666666667	0.0444444444444	0.0444444444444
-fuŋ	0.221476510067	0.402684563758	0.104026845638	0.271812080537
-iaŋ	0.884669086847	0.0952247975426	0.0	0.0201061156101
-toi	0.220410492279	0.58023965556	0.135260145592	0.0640897065689
-aɛn	0.0	0.964285714286	0.0357142857143	0.0
-saa	0.361074416556	0.581982306553	0.0154117129018	0.0415315639887
-akɛ	0.397282832441	0.514615067929	0.0461095100864	0.0419925895431
-ibi	0.102564102564	0.897435897436	0.0	0.0
-olo	0.33851528388	0.484262691841	0.0723628681365	0.104859156142
-ola	0.534575221406	0.268566950545	0.121608097135	0.0752497309138
-sai	0.55800169348	0.282811176969	0.0762066045724	0.0829805249788
-akɔ	0.0221771638576	0.631859079964	0.332657457864	0.0133062983145
-sao	0.516079501834	0.413546020643	0.0	0.0703744775228
-ole	0.286839444415	0.482198925017	0.178024754292	0.0529368762762
-sam	0.0	1.0	0.0	0.0
-voo	0.201396098741	0.591308277656	0.117648495804	0.0896471277986
-iei	0.141207349081	0.660367454068	0.108923884514	0.0895013123359
-umɔ	0.112558515381	0.560904759251	0.279306453411	0.0472302719572
-loi	0.0441632319284	0.881181621424	0.0334882960765	0.0411668505711
-oko	0.497744861569	0.274825897766	0.0371565304954	0.19027271017
-ijɔ	0.509536784741	0.359673024523	0.0163487738419	0.114441416894
-hai	0.432300163132	0.518760195759	0.0195758564437	0.0293637846656
-rom	0.0741916859123	0.539982678984	0.279878752887	0.105946882217
-ɔwɔ	0.28808989889	0.579093678543	0.0335442301774	0.0992721923897
-otɛ	0.138461538462	0.176923076923	0.0	0.684615384615
-ɛbɛ	0.206048921557	0.793951078443	0.0	0.0
-ɛva	0.47994762149	0.306776768868	0.0584597221684	0.154815887474
-pia	0.0	0.577889447236	0.422110552764	0.0
-rɛd	0.0670886075949	0.893670886076	0.0392405063292	0.0
-ipa	0.0111214087118	0.977757182576	0.0111214087118	0.0
-voi	0.196256249273	0.584699453552	0.142309033833	0.0767352633415
-ave	0.552808797204	0.307390674282	0.0843917824567	0.0554087460575
-oke	0.125896414343	0.656573705179	0.153784860558	0.0637450199203
-ewe	0.246804325144	0.266895230281	0.112570884341	0.373729560233
-ɛvu	0.164895645009	0.729580981195	0.0336371127427	0.0718862610536
-hɛɛ	0.350011690437	0.56149169979	0.0173018470891	0.0711947626841
-ipt	0.025078369906	0.949059561129	0.00470219435737	0.0211598746081
-lɛi	0.306007270243	0.567445097057	0.0472278417133	0.0793197909871
-awo	0.599848013246	0.190664860435	0.0418577667423	0.167629359577
-wii	0.591296928328	0.380546075085	0.028156996587	0.0
-uuŋ	0.34035690793	0.279139346871	0.0913489082691	0.28915483693
-lɛm	0.0132195971596	0.982091018713	0.0	0.00468938412755
-awa	0.0898427375375	0.427148735011	0.140436234367	0.342572293084
-iɔm	0.0230959582073	0.955457794886	0.0	0.0214462469068
-wuɛ	0.402843601896	0.266982622433	0.0995260663507	0.230647709321
-too	0.67729468599	0.0722408026756	0.0100334448161	0.240431066518
-ita	0.0139948443522	0.925689639807	0.00442289892261	0.055892616918
-uɛi	0.106401636948	0.836524408068	0.0276235019	0.0294504530839
-lɛt	0.0555555555555	0.907407407407	0.0	0.037037037037
-tia	0.0236765309731	0.0216354507168	0.0131109390581	0.941577079252
-nve	0.623118603251	0.32119205298	0.00782661047562	0.0478627332932
-uji	0.00803885168733	0.168434661539	0.00895047404362	0.81457601273
-pka	0.611111111111	0.0740740740741	0.12962962963	0.185185185185
-ɔyɔ	0.493402124551	0.204883878882	0.0937141959034	0.207999800664
-sti	0.00858069069529	0.95479941713	0.00634662501778	0.0302732671567
-oli	0.684129876282	0.231184380538	0.0226513470143	0.0620343961661
-gɔs	0.0	0.995249406176	0.00475059382422	0.0
-upɛ	0.0823271130626	0.835345773875	0.0823271130626	0.0
-gɔi	0.237549305369	0.495927894953	0.188720041975	0.0778027577029
-gɔn	0.0	1.0	0.0	0.0
-eya	0.434381697467	0.187626056984	0.0608623500351	0.317129895514
-isɔ	0.0062893081761	0.993710691824	0.0	0.0
-eye	0.481481481481	0.362962962963	0.111111111111	0.0444444444445
-gɔe	0.404755618744	0.212283678138	0.222270312017	0.160690391101
--wa	0.298533459914	0.471686240638	0.229780299449	0.0
-gɔg	0.0	1.0	0.0	0.0
-mue	0.0210493752438	0.0401148636834	0.00739754401538	0.931438217057
-lei	0.157304067557	0.667221700918	0.0654777993117	0.109996432214
-mua	0.0859130666197	0.0232124089491	0.0152281029182	0.875646421513
-aɔs	0.46062992126	0.244094488189	0.0236220472441	0.271653543307
-mɔs	0.0	1.0	0.0	0.0
-ɔɛi	0.0770982104137	0.87274133395	0.0208881436295	0.0292723120067
-mui	0.0667132566918	0.415260485908	0.0721750891008	0.445851168299
-lee	0.0701295716084	0.0539013038579	0.022797004069	0.853172120465
-mɔi	0.0862941035105	0.81605622946	0.0424445612481	0.0552051057811
-ɔji	0.103448275862	0.601880877743	0.134796238244	0.15987460815
-mɔm	0.0	1.0	0.0	0.0
-ema	0.534255045464	0.260547407887	0.0657109676713	0.139486578978
-fta	0.0	1.0	0.0	0.0
-eel	0.0	1.0	0.0	0.0
-een	0.0123966942149	0.97520661157	0.0	0.0123966942149
-eei	0.168844221106	0.746733668342	0.0120603015075	0.0723618090453
-ulɛ	0.93346683244	0.0665331675597	0.0	0.0
-alu	0.0339435300758	0.676997678088	0.143586520083	0.145472271753
-ndu	0.364319735008	0.522061906956	0.0166722590597	0.0969460989767
-iba	0.0	1.0	0.0	0.0
-ndi	0.0351463907118	0.865882130237	0.0486812216053	0.0502902574458
-alo	0.204310912684	0.578313693918	0.135036229232	0.0823391641659
-uwɔ	0.0707673932517	0.628097939684	0.282472379815	0.0186622872499
-gii	0.134509670762	0.0331962528239	0.00285678164617	0.829437294768
-liŋ	0.055342044581	0.695618754804	0.221368178324	0.0276710222905
-nda	0.188443933812	0.262506894771	0.101195548327	0.44785362309
-gie	0.0591368679391	0.112911486116	0.00996389672028	0.817987749224
-ale	0.145571478951	0.0570698686576	0.0126603483705	0.784698304021
-nde	0.6544733091	0.226471356027	0.049304987859	0.0697503470138
-ala	0.372215318172	0.358879822037	0.139117495628	0.129787364163
-uve	0.585978730437	0.266507847853	0.103503892581	0.0440095291289
-paŋ	0.39951179821	0.250935720098	0.0875508543532	0.262001627339
-uva	0.564218055218	0.284199599391	0.0586517707245	0.0929305746671
-loo	0.562897583252	0.223791800795	0.076447709292	0.136862906661
-kpo	0.252496433666	0.520684736091	0.102710413695	0.124108416548
-atɛ	0.457381973964	0.299436976518	0.13508584616	0.108095203358
-ndɔ	0.160171118065	0.50887098807	0.0231902428134	0.307767651052
-uvu	0.0257155040824	0.789477530374	0.128778947337	0.0560280182069
-bui	0.189028417969	0.541748586588	0.0416847257893	0.227538269653
-yoo	0.247663551402	0.659813084112	0.0280373831776	0.0644859813084
-pee	0.585590086939	0.206555411212	0.0	0.207854501849
-pɛɛ	0.432061068702	0.174045801527	0.0	0.393893129771
-ogu	0.299363057325	0.40127388535	0.273885350319	0.0254777070064
-pei	0.0890438859989	0.35243387794	0.419624148289	0.138898087772
-eli	0.201554271442	0.691583491147	0.0326632555201	0.0741989818905
-ɛwɛ	0.277706569478	0.181095718659	0.490213535845	0.0509841760178
-iye	0.233083387055	0.175245139619	0.00441081667967	0.587260656646
-lsi	0.0	1.0	0.0	0.0
-iɛŋ	0.121951219512	0.715447154472	0.0162601626016	0.146341463415
-ele	0.171245132672	0.298630664596	0.0686599821546	0.461464220578
-abu	0.197226207556	0.52587278814	0.04725011956	0.229650884744
-esu	0.00943921464299	0.780256967365	0.00379991197842	0.206503906013
-ɔyi	0.430985915493	0.450704225352	0.0507042253521	0.0676056338028
-esi	0.016348773842	0.920980926431	0.0626702997275	0.0
-uta	0.0	1.0	0.0	0.0
-iti	0.284355731304	0.511505711388	0.0648603870718	0.139278170236
-ajɔ	0.545454545455	0.130909090909	0.0436363636364	0.28
-ɛro	0.0324324324324	0.967567567568	0.0	0.0
-esa	0.333913190854	0.50116626976	0.109947026257	0.0549735131285
-ite	0.0	0.8753894081	0.1246105919	0.0
-ese	0.0284415433034	0.0644597272409	0.261335820026	0.64576290943
-ɛri	0.0	1.0	0.0	0.0
-mɛɛ	0.0621118012422	0.863575865129	0.0726486246672	0.00166370896184
-ɛya	0.286491387126	0.557570262919	0.074705349048	0.0812330009067
-faa	0.620412844037	0.231651376147	0.0481651376147	0.0997706422018
-fai	0.533002119588	0.266271550269	0.0	0.200726330143
-fan	0.0	1.0	0.0	0.0
-fas	0.116495806151	0.827586206897	0.0	0.0559179869525
-amɔ	0.111493642498	0.710183901134	0.106388512452	0.0719339439158
-uda	0.0111551809618	0.969323252355	0.0111551809619	0.00836638572137
-fat	0.0	1.0	0.0	0.0
-ɔtɔ	0.267515923567	0.694267515924	0.0191082802548	0.0191082802547
-udi	0.0754716981132	0.905660377359	0.0188679245283	0.0
-ulɔ	0.269240628065	0.192056494579	0.107204407629	0.431498469726
-hum	0.0	1.0	0.0	0.0
-amɛ	0.063187873605	0.915037926707	0.00768501165466	0.0140891880336
-rim	0.0	1.0	0.0	0.0
-hui	0.137474465273	0.571454678363	0.167440218697	0.123630637667
-ɔui	0.02782651038	0.931225535321	0.00701318554293	0.0339347687561
-tmɔ	0.792207792208	0.0519480519481	0.103896103896	0.0519480519481
-hua	0.288409703504	0.501347708895	0.185983827493	0.0242587601078
-ɔbɛ	0.244408074195	0.294053464266	0.273867975996	0.187670485543
-nɛi	0.145941088214	0.550112705072	0.238213479381	0.0657327273325
-woi	0.235335925736	0.691137256707	0.0366605052372	0.0368663123206
-abe	0.189655172414	0.172413793103	0.362068965517	0.275862068966
-nje	0.00178826895565	0.997138769671	0.0	0.00107296137339
-lmɔ	0.0771428571428	0.494285714286	0.394285714286	0.0342857142857
-aba	0.102110667427	0.419281232173	0.429549343982	0.0490587564176
-woo	0.446631638049	0.22780299032	0.171009040436	0.154556331194
-woa	0.476683937824	0.288428324698	0.0	0.234887737478
-nɔɔ	0.576784897772	0.206022601084	0.114638447972	0.102554053171
-aiŋ	0.0691316643972	0.817324814078	0.100974127998	0.0125693935268
-tiŋ	0.436157750879	0.0749707145646	0.0	0.488871534557
-koe	0.0398450470393	0.948533480908	0.0	0.0116214720531
-tua	0.181818181818	0.409090909091	0.0	0.409090909091
-ilɔ	0.747303843286	0.0937625547786	0.0375403855469	0.121393216388
-gba	0.298496326693	0.241799236898	0.0903829177393	0.369321518669
-oso	0.419540229885	0.32183908046	0.258620689655	0.0
-gbe	0.446266140685	0.206423017821	0.0918212885026	0.255489552992
-tui	0.0652592975692	0.890732991678	0.00921528985848	0.0347924208943
-koo	0.368421052632	0.19298245614	0.40350877193	0.0350877192982
-gbi	0.0685644343534	0.164875405911	0.0314592567983	0.735100902937
-koi	0.0701645764787	0.874147398596	0.0273186537372	0.0283693711886
-gbo	0.295861297539	0.311800894855	0.281879194631	0.110458612975
-ɛgu	0.645161290323	0.344086021505	0.010752688172	0.0
-soo	0.21613832853	0.662824207493	0.0821325648415	0.0389048991354
-vaa	0.589928258735	0.253239560168	0.0521897534747	0.104642427622
-soi	0.08014571949	0.901639344262	0.0182149362477	0.0
-fɔɔ	0.251728907331	0.141078838174	0.0207468879668	0.586445366528
-gbu	0.564885496183	0.374045801527	0.0407124681934	0.0203562340967
-vai	0.0503157312134	0.93861480792	0.00805051699414	0.0030189438728
-ɔki	0.0	1.0	0.0	0.0
-nja	0.217213467666	0.71342461035	0.015930422802	0.053431499182
-eeŋ	0.475719747747	0.208193081731	0.0344689025859	0.281618267936
-jei	0.111511839247	0.621872367913	0.216972648458	0.0496431443825
-lip	0.0	1.0	0.0	0.0
-yɛi	0.127752417303	0.765847784817	0.052403635568	0.0539961623124
-lis	0.0898203592814	0.899401197605	0.0	0.0107784431138
-ɛki	0.0890893484384	0.868546485871	0.0336421315781	0.00872203411285
-lim	0.0	1.0	0.0	0.0
-omi	0.17496807152	0.802043422733	0.0	0.0229885057471
-ipi	0.00818833162743	0.987717502559	0.0	0.00409416581371
-lii	0.241460364853	0.318613006387	0.0661245923606	0.3738020364
-ɛka	0.0923076923077	0.815384615385	0.0615384615385	0.0307692307692
-oma	0.25554608775	0.237401290895	0.0473095348613	0.459743086493
-adi	0.176470588235	0.581932773109	0.21918767507	0.0224089635855
-lia	0.0357653446393	0.22506400377	0.0176081368526	0.721562514738
-wɔi	0.245845542318	0.559156700174	0.0576515109152	0.137346246592
-ɔɔl	0.0243243243243	0.932848232848	0.0013959013959	0.0414315414315
-usɛ	0.168423679122	0.761025513068	0.0336847358244	0.0368660719855
-oda	0.0	0.949988092403	0.0500119075971	0.0
-ova	0.566798654293	0.230459373642	0.119852010055	0.0828899620102
-vɔi	0.571428571429	0.219047619048	0.047619047619	0.161904761905
-ɛtɛ	0.0609874152953	0.835430784124	0.00774443368829	0.0958373668925
-ɔpɔ	0.355035838191	0.510346406495	0.0843210115703	0.0502967437437
-eɔs	0.009009009009	0.990990990991	0.0	0.0
-sɛɛ	0.426078768072	0.466238298344	0.103694676785	0.00398825679941
-wɛi	0.224296989947	0.637888384632	0.0712014919685	0.0666131334527
-ɛma	0.554078627961	0.182055435068	0.0949097339715	0.168956203
-ehu	0.202686915888	0.525700934579	0.0876168224299	0.183995327103
-iɛi	0.233758992404	0.625311519386	0.0672832782339	0.073646209977
-pai	0.0339256865913	0.886106623586	0.0290791599354	0.0508885298869
-afa	0.235113000859	0.569779863017	0.154116833881	0.0409903022433
-yee	0.0709481190068	0.100262358751	0.0212581874651	0.807531334777
-pao	0.306467661692	0.455389718076	0.134660033168	0.103482587065
-paa	0.501707097933	0.424618149146	0.0420485175202	0.0316262353998
-ɛsɛ	0.0	0.6	0.243137254902	0.156862745098
-api	0.444254794825	0.312443820508	0.0603961096018	0.182905275065
-pae	0.383620689655	0.564655172414	0.051724137931	0.0
-dua	0.621052631579	0.263157894737	0.0526315789474	0.0631578947368
-waa	0.266470699084	0.126684890104	0.127404189612	0.4794402212
-apu	0.638292878702	0.292141740637	0.0366133582429	0.0329520224186
-uɛɛ	0.225203830038	0.0592581947995	0.0286042747583	0.686933700404
-dui	0.270042194093	0.535864978903	0.164556962025	0.0295358649789
-pas	0.0422747861097	0.936587820835	0.0105686965274	0.0105686965274
-pau	0.169709989259	0.313372717508	0.362781954887	0.154135338346
-wai	0.0852820535381	0.505710799188	0.240298573232	0.168708574042
-kee	0.108075289809	0.0367181177985	0.0140375059829	0.84116908641
-jie	0.35632183908	0.494252873563	0.0172413793103	0.132183908046
-nui	0.233830845771	0.547263681592	0.218905472637	0.0
-ken	0.0119047619047	0.982142857143	0.00595238095237	0.0
-llɔ	0.20979020979	0.601398601399	0.0839160839161	0.104895104895
-kei	0.0713331405156	0.545856851446	0.221570319615	0.161239688424
-gao	0.569689202179	0.383210509452	0.0134572252483	0.0336430631208
-sui	0.232242617717	0.281324820431	0.0167597765363	0.469672785315
-nuu	0.184207478331	0.282971063452	0.0318514371755	0.500970021041
-aga	0.0	0.986842105263	0.0131578947368	0.0
-sua	0.130052724077	0.869947275923	0.0	0.0
-agɛ	0.598930481283	0.243315508021	0.0795454545454	0.0782085561497
-die	0.0566988660227	0.892902141957	0.0377992440151	0.012599748005
-feu	0.417582417582	0.395604395604	0.021978021978	0.164835164835
-dia	0.117105147576	0.804714950808	0.0176783204497	0.0605015811665
-ɔpu	0.093023255814	0.906976744186	0.0	0.0
-dii	0.127920936774	0.778955586755	0.0445836141603	0.0485398623103
-diu	0.00826446280992	0.99173553719	0.0	0.0
-uvo	0.220942408377	0.665968586387	0.0879581151832	0.0251308900524
-ɛmɛ	0.429536679537	0.324324324324	0.159266409266	0.0868725868726
-ɔpi	0.00858556461002	0.967403958091	0.000436554132712	0.0235739231665
-dis	0.09375	0.875	0.03125	0.0
-jɛi	0.0677820005485	0.877287152764	0.00368295263096	0.0512478940563
-ɛmɔ	0.169387806465	0.459866034351	0.33111016032	0.0396359988638
-ɔpa	0.0115273775216	0.980403458213	0.0	0.00806916426509
-fei	0.028013559477	0.925617143123	0.0364568071235	0.00991249027647
-ɔfɛ	0.543859649123	0.0350877192982	0.0	0.421052631579
-ɛli	0.38465385879	0.540355615903	0.0334692512692	0.0415212740383
-uku	0.574936494496	0.333615580017	0.0304826418289	0.0609652836579
-vɛɛ	0.0357142857143	0.803571428571	0.142857142857	0.0178571428571
-enɔ	0.0	1.0	0.0	0.0
-ɛle	0.58762886598	0.0790378006873	0.292096219931	0.041237113402
-ɛla	0.707284090178	0.0988601695368	0.0312513994139	0.162604340871
-vei	0.275949477458	0.273361001101	0.341931318066	0.108758203375
-uka	0.100523560209	0.535078534031	0.301570680628	0.0628272251309
-uke	0.170919881306	0.743620178042	0.0	0.0854599406528
-ihu	0.364446477425	0.467408639713	0.082746795871	0.0853980869915
-tɛɛ	0.447679382799	0.0285244551246	0.0130341280946	0.510762033982
-uki	0.0128205128205	0.948717948718	0.0	0.0384615384615
-ɔna	0.145462968325	0.466889471638	0.202344415675	0.185303144363
-tiu	0.0171037628278	0.96921322691	0.00684150513114	0.00684150513114
-ora	0.0	0.939393939394	0.030303030303	0.030303030303
-ngu	0.0722433460076	0.882129277567	0.0114068441065	0.0342205323194
-tis	0.0	0.995762711864	0.0042372881356	0.0
-ɔni	0.776956893197	0.113160332888	0.0294504892707	0.0804322846442
-wie	0.58861025771	0.100334484629	0.0308405550573	0.280214702603
-tie	0.163730854758	0.29681266605	0.0217833079313	0.51767317126
-nga	0.550452585087	0.125599037347	0.0425849567808	0.281363420785
-ɔnu	0.286449399657	0.281303602058	0.205831903945	0.22641509434
-nge	0.367497899459	0.152184636082	0.0370788520363	0.443238612422
-ngi	0.0125788281692	0.0141527678021	0.00355317446719	0.969715229562
-gnɔ	0.477272727273	0.25	0.181818181818	0.0909090909091
-tii	0.125604725972	0.34815345	0.0180457565834	0.508196067444
-ngo	0.0923824959481	0.786061588331	0.0291734197731	0.0923824959481
-ndɛ	0.283640166532	0.593279993639	0.0504092213557	0.0726706184724
-giɛ	0.496340347667	0.397586916743	0.0660452881976	0.0400274473925
-alɛ	0.498323566786	0.303680218423	0.0624150819479	0.135581132843
-uwa	0.212289793243	0.367365777095	0.396611183694	0.0237332459678
-uwo	0.77358490566	0.0754716981132	0.11320754717	0.0377358490566
-alɔ	0.561242657371	0.182573982092	0.0601260399909	0.196057320546
-pɛi	0.272927641152	0.520842881812	0.0376476579252	0.168581819111
-kɛɛ	0.00676668038477	0.00748093618511	0.000619619381744	0.985132764048
-aŋa	0.0	1.0	0.0	0.0
-mmm	0.0075187969925	0.0526315789474	0.0	0.93984962406
-uwu	0.14420952982	0.631113916062	0.173556326917	0.051120227201
-ɔmɔ	0.0558887741809	0.507505670897	0.423410280272	0.0131952746503
-jaa	0.696075916902	0.279815337266	0.0184662734034	0.00564247242882
-oni	0.522609244107	0.12909957181	0.0543009182654	0.293990265818
-eiŋ	0.419541080681	0.254034048853	0.126572908956	0.19985196151
-yɔɔ	0.341800522973	0.268370777523	0.264955440525	0.124873258979
-ɛfɛ	0.453584928123	0.40236316557	0.0976219530343	0.0464299532724
-ana	0.0494330478629	0.859541617382	0.0797226965463	0.0113026382085
-obu	0.24	0.52	0.24	0.0
-mɔɔ	0.151892771497	0.608513189448	0.192917094895	0.046676944159
-ani	0.371348397918	0.366310996655	0.0621701058599	0.200170499567
-lea	0.360683232555	0.639316767445	0.0	0.0
-muɛ	0.233502538071	0.517766497462	0.0685279187817	0.180203045685
-elɛ	0.229102167183	0.566563467492	0.0768833849329	0.127450980392
-ɛwo	0.566320645905	0.295271049596	0.0692041522491	0.0692041522491
-iyɛ	0.242110221385	0.267545925577	0.115873763542	0.374470089496
-ɔbu	0.128838239949	0.461116387042	0.00205761316873	0.40798775984
-ɛwa	0.372549019608	0.372549019608	0.254901960784	0.0
-elɔ	0.499796811648	0.143073962271	0.0550015675876	0.302127658493
-eta	0.0365376250544	0.926924749891	0.0365376250544	0.0
-omu	0.0552938238005	0.764872057671	0.143143824231	0.0366902942975
-emu	0.482005962521	0.298658432709	0.146933560477	0.0724020442931
-ete	0.0	0.626556016597	0.373443983403	0.0
-ɛwu	0.179540709812	0.53235908142	0.27139874739	0.0167014613779
-eti	0.0373300872388	0.895313451004	0.0435179549604	0.0238385067965
-atu	0.41095890411	0.287671232877	0.178082191781	0.123287671233
-ŋao	0.569230769231	0.223076923077	0.207692307692	0.0
-uya	0.5997783452	0.279288750168	0.0720711249833	0.0488617796496
-ŋaa	0.177181208054	0.767785234899	0.0107382550336	0.0442953020134
-bua	0.169172227821	0.187138977956	0.029182846547	0.614505947677
-ŋae	0.357798165138	0.366972477064	0.275229357798	0.0
