-rke	0.59981892259	0.199185151652	0.0950656405613	0.105930285197
-ive	0.645986315891	0.174848222029	0.0220873084707	0.157078153609
-rbe	0.639853747715	0.0530164533821	0.246800731261	0.0603290676417
-rbo	0.179295624333	0.820704375667	0.0	0.0
-ion	0.271373491252	0.593175926496	0.0704202334634	0.0650303487882
-oye	0.748587570622	0.156779661017	0.0155367231638	0.0790960451977
-urs	0.337923393479	0.559195948085	0.0261158594492	0.076764798987
-ziz	0.500100454404	0.467977698185	0.0156165197658	0.0163053276454
-zit	0.699108648518	0.199470007227	0.0267405444471	0.0746807998072
-iol	0.766666666667	0.0666666666667	0.133333333333	0.0333333333333
-zir	0.540155408862	0.272972336573	0.108788909729	0.078083344836
-zis	0.106289272358	0.0879131309679	0.178028361524	0.62776923515
-zip	0.00811688311688	0.982142857143	0.00324675324675	0.00649350649353
-aen	0.0	0.938461538462	0.0615384615385	0.0
-zin	0.383038915772	0.10756169423	0.0277753137987	0.481624076199
-val	0.120750293083	0.79835873388	0.0509964830012	0.0298944900352
-zil	0.0103092783505	0.989690721649	0.0	0.0
-zim	0.0689655172413	0.913793103448	0.0	0.0172413793103
-zik	0.123185637891	0.647631779985	0.197669977082	0.031512605042
-pli	0.274852633744	0.0799064869444	0.238648726975	0.406592152337
-iad	0.036750483559	0.920696324952	0.0386847195358	0.00386847195358
-nse	0.594401962216	0.279203341397	0.0517890909049	0.0746056054828
-zid	0.00666666666666	0.98	0.0	0.0133333333333
-zie	0.126895849448	0.779825257104	0.0512413795354	0.0420375139119
-zib	0.309473278024	0.112868994791	0.498938838511	0.0787188886746
-nsa	0.36	0.528	0.0	0.112
-pla	0.162162162162	0.797297297297	0.0405405405405	0.0
-yel	0.134328358209	0.503731343284	0.233208955224	0.128731343284
-nti	0.538192163074	0.318950803849	0.0888649128833	0.0539921201935
-anp	0.0540533588501	0.92333137842	0.0126400592647	0.00997520346534
-nto	0.0801704105345	0.483346243222	0.03350116189	0.402982184353
-nak	0.0847457627119	0.881355932203	0.0338983050847	0.0
-nta	0.351791530945	0.394136807818	0.0977198697068	0.156351791531
-nte	0.327757074742	0.357195163626	0.131063774389	0.183983987242
-pak	0.00546821599453	0.913192071087	0.00615174299385	0.0751879699248
-was	0.0896817743491	0.729026036644	0.158148505304	0.023143683703
-gad	0.0	1.0	0.0	0.0
-leg	0.0691642651297	0.749279538905	0.155619596542	0.0259365994236
-pre	0.159471879613	0.0716700795276	0.0199295204533	0.748928520406
-kie	0.362790697674	0.120930232558	0.460465116279	0.0558139534884
-pri	0.0215583462191	0.927444040479	0.0315319879021	0.0194656253997
-dri	0.0	0.744897959184	0.255102040816	0.0
-twi	0.0191082802548	0.627388535032	0.343949044586	0.00955414012739
-nmi	0.0336351875809	0.910952996981	0.0265200517465	0.0288917636912
-nab	0.0567026853535	0.37627046111	0.455761206804	0.111265646732
-lte	0.442040066659	0.395540888912	0.091093034046	0.0713260103832
-sma	0.0923076923076	0.323076923077	0.153846153846	0.430769230769
-ope	0.178275694106	0.810034096444	0.00876765708719	0.0029225523624
-opa	0.0	1.0	0.0	0.0
-msa	0.115838602831	0.144474555857	0.0691960252935	0.670490816019
-bba	0.0884086444007	0.813359528487	0.0	0.098231827112
-msi	0.123161234497	0.0657629074127	0.0207672339198	0.790308624171
-dek	0.0561872909699	0.935785953177	0.0	0.00802675585284
-del	0.125833475808	0.424004103266	0.399897418362	0.0502650025645
-dem	0.0	1.0	0.0	0.0
-apo	0.141990291262	0.85072815534	0.0	0.00728155339805
-lep	0.0161725067386	0.924528301887	0.0539083557953	0.00539083557951
-der	0.519700146405	0.299280103613	0.114507496167	0.0665122538145
-des	0.0669185105235	0.643281165677	0.218564490016	0.071235833783
-ime	0.113112521621	0.618555853832	0.172417841294	0.0959137832528
-aka	0.289044508154	0.495229590638	0.148047187104	0.0676787141044
-oke	0.588173178458	0.209081309398	0.139387539599	0.0633579725449
-dey	0.397039030956	0.417227456258	0.157469717362	0.0282637954239
-kil	0.214025675417	0.156735006706	0.512167081816	0.117072236061
-oka	0.113924050633	0.835443037975	0.0253164556962	0.0253164556962
-rwa	0.0613348749545	0.541101097613	0.059822291208	0.337741736224
-imo	0.0355453852021	0.879328756674	0.0649885583524	0.0201372997712
-oul	0.0720392563627	0.849396074688	0.0401588824338	0.0384057865151
-ido	0.0615942028986	0.923913043478	0.0144927536232	0.0
-bit	0.486464315012	0.32403609516	0.0713699753896	0.118129614438
-obi	0.03125	0.59375	0.21875	0.15625
-bir	0.546601941748	0.291262135922	0.104854368932	0.0572815533981
-bis	0.0192307692308	0.980769230769	0.0	0.0
-idi	0.0405405405405	0.621081081081	0.267567567568	0.0708108108108
-let	0.180929095355	0.684647514262	0.0554197229014	0.0790036674817
-ide	0.206934745967	0.733638333735	0.0303395136046	0.029087406694
-biz	0.402150537634	0.449462365591	0.135483870968	0.0129032258064
-ida	0.020283706748	0.962216624685	0.00238631844094	0.0151133501259
-erp	0.264705882353	0.735294117647	0.0	0.0
-bie	0.618892508143	0.28013029316	0.00977198697068	0.0912052117264
-bib	0.685039370079	0.267716535433	0.0472440944882	0.0
-bia	0.0	0.971428571429	0.0285714285714	0.0
-bin	0.121212121212	0.848484848485	0.030303030303	0.0
-tla	0.109459763105	0.216833049786	0.567778384104	0.105928803005
-bim	0.738200887455	0.261799112545	0.0	0.0
-ege	0.246575342466	0.191780821918	0.506849315068	0.0547945205479
-rif	0.0689655172414	0.827586206897	0.103448275862	0.0
-rig	0.0	1.0	0.0	0.0
-ter	0.0844341456988	0.790223442974	0.053823844263	0.0715185670637
-tes	0.233179067284	0.409754360983	0.14168743325	0.215379138483
-tet	0.0808910175999	0.806895503098	0.0145208499639	0.0976926293382
-ute	0.636471845698	0.183622406841	0.0258465724141	0.154059175047
-rin	0.142643517932	0.673481181092	0.108072487644	0.0758028133316
-tey	0.0	1.0	0.0	0.0
-ril	0.533016832111	0.271903323263	0.186447993095	0.00863185153215
-rim	0.287345598388	0.642124118372	0.0323916856364	0.0381385976042
-rik	0.116104466139	0.854978949842	0.0170870723751	0.0118295116443
-riv	0.776360121513	0.0440209886772	0.00613090306546	0.173487986744
-rit	0.300699230746	0.421088959357	0.210069322877	0.0681424870207
-gra	0.386196845886	0.261958049237	0.351845104877	0.0
-rir	0.818771143996	0.117770091915	0.0130533663447	0.0504053977434
-ris	0.020814289344	0.89150694053	0.0692388342596	0.0184399358662
-rip	0.363636363636	0.571428571429	0.038961038961	0.025974025974
-gre	0.26273458445	0.358776218262	0.120170320139	0.258318877149
-tek	0.201834862385	0.669724770642	0.128440366972	0.0
-tel	0.122799230655	0.657197810327	0.196478769049	0.0235241899689
-tem	0.588203753351	0.381003446955	0.0174645729605	0.0133282267331
-riy	0.728484175458	0.148250971682	0.0316490838423	0.0916157690173
-ard	0.550541362358	0.322771320583	0.0337605501719	0.0929267668874
-met	0.508907514918	0.32497495442	0.0330103853597	0.133107145302
-nze	0.504073546053	0.42288296974	0.0535219164641	0.0195215677426
-arg	0.703192550715	0.130196208846	0.134685733289	0.03192550715
-ara	0.0879926672777	0.826764436297	0.0632447296059	0.0219981668194
-mes	0.210823413916	0.781813719475	0.00294514664376	0.00441771996564
-mer	0.0385491270339	0.885705798871	0.0428727020694	0.0328723720255
-arl	0.476793248945	0.240506329114	0.105485232067	0.177215189873
-arm	0.222852850346	0.712044069777	0.0212836991904	0.0438193806861
-arn	0.311475409836	0.114754098361	0.0655737704918	0.508196721311
-aro	0.0207256506231	0.95076087852	0.0103628253115	0.0181506455457
-mey	0.267364939361	0.429988974642	0.15545755237	0.147188533627
-ari	0.0127914314465	0.962137362918	0.00818651612573	0.0168846895093
-ark	0.26791579576	0.687667960585	0.0147805315019	0.0296357121529
-art	0.0846924177396	0.666094420601	0.0223175965665	0.226895565093
-med	0.0690095846645	0.884984025559	0.0460063897764	0.0
-arp	0.0	0.9875	0.0125	0.0
-nat	0.0670731707317	0.932926829268	0.0	0.0
-ars	0.624124241009	0.252568893041	0.0371321812237	0.0861746847268
-mem	0.238246828625	0.0952922495761	0.0696762077099	0.596784714089
-mel	0.389078498293	0.482935153584	0.0972696245734	0.0307167235495
-for	0.155381343206	0.265159641305	0.471599232594	0.107859782895
-men	0.00633293124245	0.0693606755127	0.0	0.924306393245
-mek	0.0	1.0	0.0	0.0
-erm	0.470605969249	0.242749472415	0.134579439252	0.152065119084
-aye	0.522384937239	0.275313807531	0.13640167364	0.06589958159
-nwi	0.0426287744227	0.936056838366	0.0106571936057	0.0106571936057
-ayo	0.243835616438	0.361643835617	0.0493150684932	0.345205479452
-rso	0.26843100189	0.686200378072	0.0453686200378	0.0
-ilo	0.0163902439024	0.966731707317	0.00439024390244	0.012487804878
-oup	0.346558036919	0.463805405279	0.0242744651638	0.165362092638
-pes	0.60222576639	0.228719278674	0.0672318551553	0.10182309978
-erb	0.0573247605169	0.923273012847	0.00970111331824	0.00970111331825
-gol	0.325714285714	0.182857142857	0.388571428571	0.102857142857
-plo	0.293314162473	0.620416966211	0.0690150970525	0.0172537742631
-sri	0.111111111111	0.851851851852	0.0	0.037037037037
-ira	0.0363636363636	0.945454545455	0.0	0.0181818181818
-vit	0.558167490317	0.208094029651	0.0631761720315	0.170562308
-xak	0.140983606557	0.327868852459	0.226229508197	0.304918032787
-nsi	0.467741935484	0.40275142315	0.108159392789	0.0213472485769
-ota	0.0	1.0	0.0	0.0
-ote	0.128558075868	0.584155229918	0.0527103433834	0.23457635083
-lma	0.0613056303707	0.229960241118	0.0720790047454	0.636655123766
-oto	0.195946779887	0.769840290292	0.00933079904224	0.0248821307793
-ume	0.0	1.0	0.0	0.0
-uma	0.0478003499345	0.029026405868	0.00597803703647	0.917195207161
-umi	0.122448979592	0.540816326531	0.336734693878	0.0
-ple	0.230036630037	0.389743589744	0.243956043956	0.136263736264
-siz	0.819485148515	0.0641584158416	0.0040396039604	0.112316831683
ALL	0.237194156267	0.304147011288	0.056397814367	0.402261018079
-nai	0.111587982833	0.888412017167	0.0	0.0
-nan	0.267770876466	0.305383022774	0.154244306418	0.272601794341
-ige	0.336538461538	0.130341880342	0.485042735043	0.0480769230769
-aki	0.119741984533	0.237845964186	0.031783366265	0.610628685016
-nam	0.0917159763313	0.890532544379	0.00591715976331	0.0118343195266
-sis	0.0327169274538	0.203413940256	0.0156472261735	0.748221906117
-sir	0.455189873418	0.21034358047	0.233779385172	0.10068716094
-ake	0.146292964681	0.55970078591	0.22156992709	0.072436322318
-sip	0.0593277543638	0.910815816119	0.0050193417739	0.0248370877433
-kin	0.825468716506	0.113190020502	0.0395750083823	0.0217662546102
-kim	0.146757679181	0.832764505119	0.0204778156997	0.0
-sit	0.788868365965	0.0730451914789	0.0661987439971	0.0718876985593
-naz	0.301164919936	0.621459461565	0.0107531071025	0.066622511396
-kir	0.2	0.766666666667	0.0333333333333	0.0
-kip	0.277265775128	0.521236126907	0.0702772657752	0.13122083219
-sin	0.0222784857128	0.659939801675	0.25950954842	0.0582721641924
-ysi	0.437161755863	0.0932050511125	0.10463018641	0.365003006615
-kit	0.718515915438	0.0442044130431	0.00466088371835	0.2326187878
-nar	0.0361445783132	0.951807228916	0.0120481927711	0.0
-sib	0.158763678249	0.107314263774	0.537723171434	0.196198886543
-nap	0.152542372881	0.745762711864	0.101694915254	0.0
-sif	0.75	0.232142857143	0.0	0.0178571428571
-sie	0.265016710324	0.595429500497	0.111643031343	0.0279107578358
-sid	0.497320471597	0.185423365488	0.185066095034	0.132190067881
-mov	0.576158940397	0.0927152317881	0.311258278146	0.0198675496689
-mos	0.0	1.0	0.0	0.0
-mor	0.376683749493	0.3092808657	0.291485015506	0.0225503693013
-gon	0.0297542043984	0.937904269081	0.0271668822769	0.0051746442432
-gog	0.00263024785028	0.994941831057	0.00182094081943	0.000606980273142
-ign	0.227341426552	0.43908146848	0.169762566428	0.16381453854
-yni	0.466666666667	0.0375	0.110416666667	0.385416666667
-lki	0.0	1.0	0.0	0.0
-dam	0.0203527092546	0.840748041984	0.00841813628856	0.130481112473
-kik	0.115003808073	0.600152322925	0.027418126428	0.257425742574
-apa	0.0553725939544	0.901771710219	0.00740378918251	0.0354519066438
-mon	0.0116	0.945066666667	0.0278666666667	0.0154666666667
-gos	0.30489578284	0.581677169171	0.113427047988	0.0
-gou	0.04243281471	0.678925035361	0.270155586987	0.008486562942
--ma	0.0	0.955555555556	0.0444444444444	0.0
-nba	0.0538903556453	0.204728995186	0.0108712533002	0.730509395869
-bey	0.135922330097	0.631067961165	0.174757281553	0.0582524271845
-yar	0.146185709354	0.458750431481	0.279081808768	0.115982050397
-ber	0.605381165919	0.206278026906	0.158445440957	0.0298953662182
-bes	0.593678307418	0.183023196533	0.208004078511	0.0152944175376
-eou	0.0	1.0	0.0	0.0
-eor	0.0820172009383	0.0876465989054	0.0982799061767	0.73205629398
-bet	0.214644009799	0.635494031186	0.118909670646	0.0309522883696
-yaz	0.269413381646	0.618838633098	0.0491972262135	0.0625507590429
-eon	0.0422932330827	0.949248120301	0.0	0.00845864661653
-ben	0.0	1.0	0.0	0.0
-bel	0.177170922369	0.488544318445	0.302913420247	0.031371338939
-ofi	0.301075268817	0.5770609319	0.0931899641577	0.0286738351254
-rle	0.724275724276	0.221778221778	0.023976023976	0.02997002997
-yal	0.0297324083251	0.573835480674	0.336967294351	0.0594648166502
-ofe	0.277777777778	0.240740740741	0.444444444444	0.037037037037
-rla	0.0634163110638	0.0435030385447	0.0127261057108	0.880354544681
-bed	0.279069767442	0.720930232558	0.0	0.0
-rek	0.0758714479994	0.368907021688	0.447355235846	0.107866294467
-sil	0.0585552057797	0.343225691907	0.535361881415	0.0628572208983
-isk	0.0923076923077	0.846153846154	0.0	0.0615384615385
-reo	0.0227272727273	0.185606060606	0.757575757576	0.0340909090909
-rel	0.0151400454201	0.618470855413	0.336866010598	0.0295230885693
-rem	0.145447816432	0.30754996299	0.0743893412287	0.472612879349
-lye	0.462688206005	0.506567130593	0.00683214742256	0.023912515979
-ise	0.0	1.0	0.0	0.0
-zan	0.062397168071	0.822480929351	0.0579847434811	0.0571371590966
-mod	0.304620071078	0.671010323236	0.0	0.0243696056862
-reg	0.7	0.1	0.0	0.2
-red	0.0	1.0	0.0	0.0
-rez	0.28431372549	0.509803921569	0.176470588235	0.0294117647059
-eve	0.459058657856	0.18905919948	0.00697611439094	0.344906028273
-upe	0.832905484247	0.0777129521587	0.0294049008168	0.0599766627771
-eva	0.0	1.0	0.0	0.0
-rer	0.0522163063699	0.783876909542	0.0475976650202	0.116309119068
-res	0.634480857839	0.143091019555	0.0478817804176	0.174546342189
-ist	0.0	0.980392156863	0.0196078431372	0.0
-rev	0.226476925839	0.666232716825	0.074968576046	0.0323217812893
-evi	0.00355450236967	0.982227488152	0.00355450236967	0.010663507109
-ret	0.348266033696	0.533342555116	0.0332635112672	0.0851278999212
-upi	0.26	0.4	0.0	0.34
-may	0.681362725451	0.189178356713	0.0813627254509	0.0480961923848
-avi	0.114921915484	0.759187758461	0.045418059521	0.0804722665339
-maz	0.078936078936	0.903474903475	0.00600600600601	0.011583011583
-avo	0.182926829268	0.689024390244	0.109756097561	0.0182926829268
-ava	0.509212998121	0.0636449631613	0.00746099630947	0.419681042408
-mas	0.378931451613	0.377620967742	0.00181451612903	0.241633064516
-mar	0.387423935091	0.478701825558	0.0669371196754	0.0669371196754
-bwa	0.06559543475	0.863763327827	0.0454122240576	0.0252290133654
-mal	0.146745998728	0.347826086957	0.429287973814	0.0761399405009
-man	0.23058724295	0.547256910276	0.072729003039	0.149426843735
-nir	0.63135534197	0.231003621674	0.045706226494	0.0919348098621
-dwa	0.483937989452	0.482499600447	0.0258910020777	0.00767140802302
-zam	0.0	0.940298507463	0.0298507462686	0.0298507462686
-uni	0.115778053317	0.213267203968	0.61934283943	0.0516119032858
-usi	0.157590917837	0.103906099673	0.0658071964595	0.67269578603
-nke	0.685714285714	0.133333333333	0.0190476190476	0.161904761905
-pte	0.519161751835	0.135185668899	0.0726132188251	0.273039360441
-nki	0.120342396777	0.130412890232	0.0589123867069	0.690332326284
-pti	0.0478940217391	0.128057065217	0.693614130435	0.130434782609
-nla	0.0691188742922	0.0883786955599	0.00823963256868	0.834262797579
-ade	0.00970873786408	0.990291262136	0.0	0.0
-tra	0.0819875776397	0.744099378882	0.0540372670807	0.119875776397
-oue	0.565277503456	0.254789650405	0.12245704128	0.0574758048588
-gan	0.186881188119	0.121905940594	0.681930693069	0.00928217821783
-tro	0.228656443122	0.143739986267	0.252231631952	0.375371938659
-gal	0.205413105413	0.57321937322	0.167521367521	0.0538461538462
-tri	0.172596153846	0.714903846154	0.0980769230769	0.0144230769231
-lot	0.0389816006845	0.131817782007	0.28609924687	0.543101370439
-gai	0.0	1.0	0.0	0.0
-adi	0.0506661662601	0.702570838807	0.172264965284	0.0744980296491
-iko	0.0335954798809	0.961823318317	0.00458120180194	0.0
-gat	0.05	0.9	0.05	0.0
-gar	0.351377018044	0.475783475783	0.037037037037	0.135802469136
-lam	0.548764800468	0.343692442625	0.0426692004093	0.0648735564975
-ana	0.0126506024096	0.962048192771	0.00722891566265	0.0180722891567
-lan	0.172527767524	0.408034406004	0.35398141002	0.0654564164514
-seo	0.0410958904109	0.938356164384	0.0102739726027	0.0102739726027
-ini	0.74034937393	0.0716010815124	0.0204620042824	0.167587540275
-sem	0.737531486146	0.227707808564	0.0332493702771	0.00151133501259
-sel	0.025650028077	0.0720759972632	0.127287801669	0.77498617299
-sek	0.729984301413	0.105180533752	0.150706436421	0.0141287284145
-inn	0.780109554257	0.0359745666145	0.00567534908169	0.178240530047
-dab	0.0	1.0	0.0	0.0
-sef	0.0893323729221	0.823030097595	0.0660988941147	0.0215386353686
-ixe	0.367644239985	0.228100440866	0.15641173088	0.247843588269
-fle	0.749010197961	0.167486502699	0.072225554889	0.0112777444511
-ine	0.38963360143	0.360653644836	0.108770585982	0.140942167752
-rze	0.0770202020202	0.912878787879	0.00252525252525	0.00757575757576
-oun	0.0402675634201	0.609646587891	0.0233688934063	0.326716955282
-die	0.00962130033404	0.844224633108	0.0058140876817	0.140339978877
-inz	0.134671685487	0.814638226683	0.0175658720201	0.0331242158093
-sez	0.0951374207188	0.602536997886	0.0253699788583	0.276955602537
-sey	0.51276860791	0.435845530987	0.0127686079103	0.0386172531922
-ont	0.379250441765	0.0816376061706	0.0429520945991	0.496159857465
-inp	0.129052565313	0.224425558703	0.53950267548	0.107019200504
-set	0.0146930303692	0.29648241206	0.0096679047411	0.679156652829
-int	0.192990570159	0.53667874303	0.243351576351	0.0269791104602
-ser	0.0618248708449	0.770795282576	0.130772843501	0.0366070030789
-lat	0.101453739037	0.806298850333	0.0541332110287	0.0381141996018
-yan	0.205148946647	0.587943586677	0.122815038863	0.0840924278127
-sik	0.0077519379845	0.992248062016	0.0	0.0
-rse	0.646733155332	0.217396994922	0.052314014973	0.0835558347731
-iab	0.0239598811293	0.859026745914	0.103640416048	0.0133729569094
-ble	0.399891701638	0.343417291108	0.0494987219201	0.207192285334
-ial	0.42996742671	0.325732899023	0.185667752443	0.0586319218241
-net	0.661627760998	0.137800654295	0.105455163094	0.0951164216139
-ian	0.1218892839	0.518972647464	0.319959370239	0.0391786983966
-ner	0.0290725496472	0.916438803055	0.0196509853279	0.0348376619701
-nes	0.0573440643863	0.339034205231	0.595573440644	0.00804828973844
-iak	0.0603773584905	0.830188679245	0.0830188679245	0.0264150943396
--de	0.30802369413	0.371567043619	0.0592353257943	0.261173936457
-pel	0.855375377072	0.101260935484	0.00825085616169	0.035112831282
-nel	0.0480047748977	0.165075034106	0.710010231924	0.0769099590723
-fos	0.0849241748439	0.218733273863	0.640142729706	0.0561998215879
-nek	0.230992134676	0.151372981924	0.0535393956119	0.564095487788
-ias	0.0283970606551	0.933864740316	0.0265288329804	0.0112093660481
-nef	0.113677364236	0.167408907202	0.438022871367	0.280890857194
-neg	0.0397350993377	0.576158940397	0.370860927152	0.0132450331126
-neb	0.0210369740756	0.895452613685	0.0835104122397	0.0
-aon	0.0350877192982	0.943859649123	0.0140350877193	0.00701754385964
-aom	0.00255427841635	0.997445721584	0.0	0.0
-mte	0.283582089552	0.194029850746	0.402985074627	0.119402985075
-ban	0.192128912302	0.609544468547	0.185931205454	0.0123954136969
-bal	0.427046263345	0.498220640569	0.0320284697509	0.0427046263345
-lar	0.501782421635	0.239704978488	0.147264904733	0.111247695144
-bag	0.0	1.0	0.0	0.0
-eki	0.0614472029932	0.153563123587	0.00247706540025	0.78251260802
-las	0.198338943868	0.648286452379	0.0620936125406	0.091280991212
-twa	0.0209905416806	0.0256988617454	0.00301815388766	0.950292442686
-baz	0.34620505992	0.419440745672	0.0905459387484	0.143808255659
-ekt	0.037037037037	0.925925925926	0.037037037037	0.0
-bat	0.63145921352	0.273643158921	0.0589860253493	0.03591160221
-bar	0.544776119403	0.283582089552	0.0223880597015	0.149253731343
-bas	0.018711018711	0.970478170478	0.00748440748441	0.0033264033264
--or	0.0112612612613	0.542792792793	0.443693693694	0.00225225225225
-zol	0.0344827586207	0.965517241379	0.0	0.0
-zom	0.0346581469649	0.8536485623	0.0505559105431	0.0611373801917
-ase	0.444941792993	0.23109726879	0.152874912504	0.171086025713
-isi	0.0888899315196	0.286256688419	0.0205624901828	0.604290889879
-asa	0.22433460076	0.574144486692	0.0760456273764	0.125475285171
-nye	0.106269925611	0.583203902014	0.0635984631733	0.246927709202
-aso	0.156756756757	0.83027027027	0.00972972972973	0.00324324324324
-zof	0.281767955801	0.46408839779	0.254143646409	0.0
-yer	0.150048518813	0.486889017303	0.182714218738	0.180348245145
-nyo	0.0215911301303	0.964598327174	0.0126434545808	0.00116708811515
-asi	0.0911062906724	0.824295010846	0.0802603036876	0.00433839479393
-dre	0.181240621907	0.513935446796	0.058104268429	0.246719662867
-mba	0.28813559322	0.64406779661	0.0338983050847	0.0338983050847
-ast	0.0179640718563	0.982035928144	0.0	0.0
-dra	0.0220750551876	0.955849889625	0.0132450331126	0.00883002207505
-mbe	0.487179487179	0.153846153846	0.25641025641	0.102564102564
-asp	0.0	1.0	0.0	0.0
-zot	0.0217469786181	0.0286364219382	0.0102211045393	0.939395494904
-zou	0.0997442455243	0.842284739983	0.0579710144928	0.0
-lta	0.384892086331	0.386690647482	0.174460431655	0.0539568345324
-zop	0.169491525424	0.830508474576	0.0	0.0
-zor	0.0649060814581	0.909429049656	0.0167379579692	0.00892691091686
-opi	0.0	0.893805309734	0.106194690266	0.0
-xos	0.801526717557	0.160305343511	0.0381679389313	0.0
-erz	0.0132890365448	0.797342192691	0.172757475083	0.0166112956811
-ove	0.309470411822	0.142636044722	0.48759351682	0.0603000266363
-raz	0.42715449673	0.451744720308	0.0623240622544	0.0587767207075
-ray	0.0466386554622	0.918487394958	0.0151260504202	0.0197478991597
-rav	0.270769230769	0.129230769231	0.48	0.12
-ref	0.768953068592	0.209386281588	0.00722021660649	0.014440433213
-rat	0.0833333333332	0.916666666667	0.0	0.0
-ogn	0.904109589041	0.0821917808219	0.0	0.013698630137
-rar	0.0313315926893	0.399477806788	0.553524804178	0.0156657963446
-ras	0.216149143797	0.693197113587	0.0459975323413	0.0446562102745
-erv	0.676615168539	0.199087078652	0.063202247191	0.061095505618
-ran	0.385707503407	0.1262104607	0.286596503436	0.201485532458
-eri	0.816348873278	0.0871270869446	0.0246327889791	0.0718912507983
-ral	0.0819348469892	0.51233958539	0.341888779204	0.0638367884173
-ram	0.26164874552	0.731182795699	0.0	0.00716845878136
-erl	0.0	0.983651226158	0.0163487738419	0.0
-rak	0.122858563486	0.745943136103	0.126452108665	0.00474619174614
-ern	0.237697307335	0.59682244919	0.0464252553389	0.119054988136
-ero	0.0381679389313	0.916030534351	0.0152671755725	0.030534351145
-era	0.108196721311	0.822950819672	0.0688524590164	0.0
-rad	0.0228149710069	0.421381128097	0.217142857143	0.338661043753
-rab	0.202647355858	0.171991033083	0.324874485968	0.300487125091
-ere	0.440483303157	0.316797404775	0.176884533224	0.0658347588444
-bze	0.195918367347	0.791836734694	0.0122448979592	0.0
-poz	0.804350363827	0.118020156426	0.0326471847154	0.0449822950309
-oza	0.0	1.0	0.0	0.0
-swa	0.199832278192	0.234660624047	0.0967224725496	0.468784625211
-oze	0.553935399854	0.264280499595	0.0513802016535	0.130403898897
-por	0.385764061722	0.496266799403	0.0791438526631	0.0388252862121
-pos	0.225402504472	0.758497316637	0.0161001788909	0.0
-ozi	0.191489361702	0.68085106383	0.0212765957447	0.106382978723
-pov	0.0120218579235	0.0923497267759	0.885792349727	0.00983606557378
-uka	0.0904977375565	0.588235294118	0.113122171946	0.20814479638
-pot	0.0249048772051	0.925131634575	0.0395864560514	0.0103770321688
-pou	0.120623212757	0.00963926905931	0.00171524486669	0.868022273317
-pok	0.0370036101083	0.779061371841	0.0111913357401	0.17274368231
-azo	0.0118487799459	0.979264635095	0.00888658495945	0.0
-pon	0.0616740088106	0.735682819383	0.176211453744	0.0264317180617
-azi	0.0561983471075	0.934710743802	0.00661157024793	0.00247933884297
-pol	0.0282714943504	0.899816133138	0.00405450002357	0.0678578724875
-epo	0.20367278798	0.779632721202	0.0100166944908	0.00667779632721
-aze	0.405513364237	0.360785087287	0.0868921984417	0.146809350035
-aza	0.0606060606061	0.878787878788	0.0	0.0606060606061
-lad	0.0250659630607	0.107739665787	0.812664907652	0.0545294635004
-oub	0.227027027027	0.236036036036	0.390990990991	0.145945945946
-ike	0.423221915054	0.339532545866	0.182457903996	0.0547876350842
-oug	0.0342230325492	0.833218758406	0.0799533729862	0.0526048360582
-ouf	0.389187976671	0.568939733812	0.0328996560491	0.00897263346792
-lab	0.253958201393	0.407853071564	0.286890436985	0.051298290057
-oud	0.317814329523	0.628659046557	0.0133816559799	0.0401449679398
-ouk	0.0	0.981395348837	0.0186046511628	0.0
-aat	0.0	1.0	0.0	0.0
-nor	0.567074068853	0.283383011376	0.0507622755184	0.0987806442519
-lao	0.131523122613	0.243635977938	0.13459906661	0.490241832838
-not	0.075	0.725	0.175	0.025
-nou	0.0440025521219	0.0154389518753	0.00218192565136	0.938376570352
-oum	0.0	0.926078028747	0.0	0.0739219712526
-lak	0.179868788725	0.734661645001	0.00892965617787	0.076539910096
-ous	0.524916957411	0.388162694489	0.0293831749131	0.0575371731864
--ne	0.0758293838863	0.635071090047	0.24644549763	0.042654028436
-lav	0.345408719858	0.622014069142	0.0182071248542	0.0143700861453
-aan	0.010101010101	0.969696969697	0.020202020202	0.0
-fot	0.158466646544	0.762149109568	0.0697253244793	0.0096589194084
-ouv	0.941802196642	0.0175784137713	0.00471274685817	0.0359066427289
-aak	0.00202429149797	0.991902834008	0.00404858299595	0.00202429149797
-out	0.665743605576	0.182317824076	0.0318651800458	0.120073390302
-ouz	0.0515797603242	0.117711885733	0.164874738587	0.665833615356
-nob	0.211267605634	0.56338028169	0.225352112676	0.0
-noe	0.0	1.0	0.0	0.0
-laz	0.0532260824919	0.864624336813	0.0292657881225	0.0528837925723
-aab	0.0536912751678	0.946308724832	0.0	0.0
-eti	0.652173913043	0.108695652174	0.239130434783	0.0
-dou	0.0206540447504	0.156052782559	0.775100401607	0.0481927710843
-dor	0.400106739605	0.547301767319	0.042251093803	0.0103403992728
-dos	0.185267857143	0.774553571429	0.0401785714285	0.0
-gel	0.0824742268041	0.917525773196	0.0	0.0
-bol	0.0295721870976	0.914813582372	0.0445608298731	0.0110534006568
-bom	0.425287356322	0.540229885057	0.0	0.0344827586207
-bon	0.0789662741968	0.0743763719816	0.732269008182	0.11438834564
-bou	0.198598130841	0.752336448598	0.035046728972	0.0140186915888
-gey	0.202534854246	0.248415716096	0.506970849176	0.0420785804816
-bor	0.120346623764	0.449686987272	0.0863373528522	0.343629036112
-bos	0.103852596315	0.664991624791	0.221105527638	0.0100502512563
-don	0.137528857138	0.766567242484	0.0389133881492	0.0569905122282
-ger	0.304859069687	0.596922012796	0.0503199031644	0.0478990143524
-dol	0.00840336134454	0.876496052967	0.110516934046	0.00458365164247
-dom	0.0100409407405	0.954815766668	0.0351432925918	0.0
-box	0.265625	0.59375	0.0	0.140625
-dok	0.0	1.0	0.0	0.0
-get	0.447550365773	0.0646912464455	0.00566690243066	0.482091485351
-sas	0.685338999421	0.0231794475565	0.000579486188912	0.290902066834
-sar	0.047619047619	0.380952380952	0.547619047619	0.0238095238095
-vor	0.770408163265	0.162244897959	0.0214285714286	0.0459183673469
-sap	0.83426443203	0.0927374301677	0.0283054003724	0.0446927374302
-vot	0.28431372549	0.71568627451	0.0	0.0
-gle	0.659993436167	0.306531014112	0.0216606498195	0.0118148999016
-efe	0.133415943825	0.149524989674	0.122676579926	0.594382486576
-ton	0.0115190358362	0.984119847716	0.000853261913792	0.00350785453448
-voy	0.955019357222	0.00723322476078	0.0012018281141	0.0365455899029
-tom	0.574950915483	0.193073375645	0.0143829048902	0.217592803982
-olt	0.108829896982	0.824041381515	0.0488208883658	0.0183078331372
-lfa	0.0195993031359	0.947735191638	0.0326655052265	0.0
-oli	0.227242384137	0.335338882697	0.370373595245	0.0670451379214
-tou	0.0249473748057	0.141805996029	0.0372579975106	0.795988631655
-tor	0.368449931413	0.286694101509	0.302880658436	0.041975308642
-ibi	0.020506055882	0.967981772395	0.00287804293081	0.00863412879242
-rvi	0.559173139081	0.152105745574	0.0307781369096	0.257942978436
-sak	0.0510434667021	0.180911870264	0.028977801409	0.739066861624
-ola	0.0342857142857	0.948571428571	0.0	0.0171428571429
-rve	0.57651489216	0.320780554605	0.0636768230058	0.0390277302294
-vok	0.775522755228	0.145756457565	0.0455104551045	0.0332103321033
-vol	0.730061349693	0.257668711656	0.0122699386503	0.0
-san	0.0845243077131	0.384303232433	0.102611900867	0.428560558986
-sam	0.107061728395	0.158551440329	0.064658436214	0.669728395062
-sal	0.126797921204	0.640739223255	0.194725378992	0.0377374765489
-lon	0.254871395168	0.650818394388	0.0685892439594	0.0257209664848
-rou	0.218097431177	0.753324284737	0.0255700436553	0.00300824043003
-iek	0.12925170068	0.639455782313	0.190476190476	0.0408163265306
-lom	0.0777202072539	0.813471502591	0.0	0.108808290155
-rop	0.0728980374972	0.0781151919273	0.686224580437	0.162762190139
-lok	0.551326887472	0.35609956799	0.0432009874511	0.049372557087
-ros	0.173990954402	0.619264012361	0.137642242836	0.0691027904007
-ksi	0.025641025641	0.923076923077	0.0512820512821	0.0
-log	0.0588235294117	0.873949579832	0.0420168067227	0.0252100840336
-lod	0.0142857142857	0.971428571429	0.0	0.0142857142857
-loe	0.0112994350282	0.932203389831	0.0	0.0564971751412
-ied	0.0	0.0222222222222	0.977777777778	0.0
-roz	0.772727272727	0.206293706294	0.0	0.020979020979
-wel	0.0886075949367	0.645569620253	0.26582278481	0.0
-rod	0.520959607094	0.268765962643	0.0217074982447	0.188566932018
-rog	0.00704225352114	0.987323943662	0.00140845070423	0.00422535211268
-loz	0.382352941177	0.43137254902	0.0882352941176	0.0980392156863
-rob	0.203428571429	0.731428571429	0.0445714285714	0.0205714285714
-rol	0.136051862045	0.753859551045	0.0236088414896	0.0864797454201
-det	0.499030704772	0.487836908261	0.0	0.0131323869677
-ies	0.013850171918	0.921515692465	0.0286236886305	0.0360104469868
-lou	0.175947879656	0.551369410587	0.246400038937	0.02628267082
-lor	0.0369058823702	0.0247327730796	0.00343266885888	0.934928675691
-los	0.0107978404319	0.984403119376	0.00119976004799	0.00359928014397
-lop	0.799026425591	0.116133518776	0.0431154381085	0.0417246175243
-iev	0.018320610687	0.951908396947	0.0	0.0297709923665
-tof	0.0717391304348	0.326086956522	0.54347826087	0.0586956521739
-win	0.154526094025	0.452815498408	0.0879113329822	0.304747074584
-ipa	0.0799659719268	0.820501914079	0.0306252658443	0.0689068481497
-mat	0.147058823529	0.477941176471	0.323529411765	0.0514705882353
-rde	0.489666136725	0.267239666137	0.10433227345	0.138761923688
-rdo	0.0856134157105	0.809355692851	0.0776699029126	0.027360988526
-rdi	0.431160090213	0.291942019019	0.0691351178499	0.207762772918
-ans	0.270449026299	0.582068018326	0.0758745056606	0.071608449714
-vou	0.570454545455	0.265909090909	0.163636363636	0.0
-onp	0.802052785924	0.0791788856305	0.0439882697947	0.074780058651
-tig	0.717391304348	0.217391304348	0.031190926276	0.0340264650283
-saz	0.13518629669	0.499422872709	0.290041091463	0.0753497391385
-nas	0.460657245589	0.475424366586	0.0182623965215	0.0456559913036
-pik	0.534131460804	0.141245539312	0.324622999885	0.0
-pil	0.806167400881	0.127753303965	0.0484581497797	0.0176211453744
-nvi	0.566371369075	0.0920304944764	0.0515829597995	0.290015176649
-dwi	0.204007285975	0.517304189435	0.171220400729	0.107468123862
-til	0.1240234375	0.316731770833	0.517252604167	0.0419921875
-tim	0.237054950414	0.565517801983	0.127316696472	0.07011055113
-ste	0.614363166701	0.188880542556	0.0749453277567	0.121810962987
-sta	0.15969581749	0.794676806084	0.0456273764258	0.0
-eli	0.0296916121196	0.93521830083	0.000674809366355	0.0344152776841
-sab	0.101391650099	0.584161696488	0.20675944334	0.107687210073
-eyn	0.620689655172	0.310344827586	0.0344827586207	0.0344827586207
-eya	0.0	1.0	0.0	0.0
-lfe	0.0	1.0	0.0	0.0
-eye	0.342234897589	0.402829949774	0.164236272317	0.0906988803203
-onb	0.631818181818	0.302727272727	0.0272727272727	0.0381818181818
-lek	0.34375	0.625	0.0	0.03125
-ois	0.161500815661	0.446982055465	0.293637846656	0.0978792822186
-lem	0.0221605483369	0.954543543165	0.012699213658	0.0105966948404
-leo	0.130347593583	0.824532085562	0.0417780748663	0.0033422459893
-lea	0.0	1.0	0.0	0.0
-lfi	0.0216794334442	0.969648793178	0.0	0.00867177337766
-led	0.320746711922	0.521001272804	0.068731438269	0.0895205770047
-oiz	0.0439060086186	0.945605333767	0.00341491178145	0.00707374583299
-sfe	0.385964912281	0.324561403509	0.289473684211	0.0
-ley	0.0196776611694	0.921476761619	0.0318590704648	0.0269865067466
-lez	0.233175700255	0.435067297199	0.237904692616	0.0938523099309
-rye	0.563309840154	0.28355674886	0.119834955481	0.0332984555045
-fou	0.0848232848233	0.555093555094	0.330561330561	0.0295218295218
-rya	0.22966507177	0.626794258373	0.143540669856	0.0
-ios	0.0126926563917	0.922937443336	0.00181323662738	0.0625566636446
-ryo	0.289473684211	0.710526315789	0.0	0.0
-ler	0.116853256383	0.416178946973	0.115544770198	0.351423026446
-les	0.662056787913	0.16453022313	0.0722187825349	0.101194206422
-oik	0.041958041958	0.251748251748	0.706293706294	0.0
-sai	0.030487804878	0.969512195122	0.0	0.0
-lev	0.560644924881	0.0980474271057	0.0380045019107	0.303303146103
-eem	0.0	1.0	0.0	0.0
-eel	0.0	1.0	0.0	0.0
-een	0.0670062695925	0.878134796238	0.0387931034483	0.016065830721
-giz	0.7	0.233333333333	0.0	0.0666666666667
--es	0.0989010989011	0.626373626374	0.0824175824176	0.192307692308
--er	0.0416971470373	0.285296269203	0.28090709583	0.39209948793
-ifi	0.0213786487598	0.663149239414	0.0250787995066	0.29039331232
-alt	0.0	1.0	0.0	0.0
-git	0.0972031178358	0.0288858321871	0.726960110041	0.146950939936
-gis	0.0413793103448	0.958620689655	0.0	0.0
-gir	0.076064200977	0.822982088858	0.0546638753199	0.0462898348453
-ole	0.495049504951	0.276608910891	0.167079207921	0.0612623762376
-ndi	0.564573459716	0.250148104265	0.0742002369668	0.111078199052
-gim	0.021978021978	0.978021978022	0.0	0.0
-alm	0.146993318486	0.0734966592427	0.755011135858	0.0244988864142
-ali	0.287787787788	0.646146146146	0.0570570570571	0.00900900900902
-kiz	0.498944749999	0.358252971084	0.0369954090459	0.105806869871
-gid	0.393074119076	0.557715674362	0.00729040097206	0.0419198055893
-nde	0.879061462406	0.0862059243249	0.0069931436112	0.0277394696577
-ees	0.0708661417322	0.850393700787	0.0787401574803	0.0
-ala	0.140244451759	0.216607643999	0.00904968311321	0.63409822113
-uve	0.878435901298	0.0594710092777	0.010376742707	0.0517163467171
-fat	0.0	1.0	0.0	0.0
-rid	0.118421052632	0.868421052632	0.0131578947368	0.0
-uvo	0.0522149030036	0.142201003203	0.775608871699	0.0299752220947
-yot	0.0170542635659	0.976744186047	0.0	0.00620155038759
-yon	0.0669975186104	0.836228287841	0.0719602977668	0.0248138957816
-yom	0.00856919008912	0.987611399471	0.00190970521986	0.00190970521986
-iem	0.011903418707	0.14264357441	0.802973033961	0.0424799729211
-yod	0.27701674277	0.487062404871	0.182648401826	0.0532724505327
-gwi	0.0	0.966153598195	0.0338464018051	0.0
-ien	0.102268482971	0.382584715587	0.14429081398	0.370855987462
-pei	0.028400309119	0.885819165379	0.0374806800618	0.0482998454405
-pet	0.250798258345	0.687663280116	0.0580551523948	0.00348330914369
-our	0.0994486897673	0.65260075477	0.0270113092895	0.220939246174
-pep	0.034507388063	0.894692201241	0.0411142359716	0.0296861747243
-elo	0.058176100629	0.861635220126	0.0283018867924	0.0518867924528
-per	0.274400798257	0.199397604859	0.484785542517	0.0414160543673
-lse	0.587301587302	0.253968253968	0.0	0.15873015873
-iye	0.685854092527	0.201579181495	0.0346307829181	0.0779359430605
-ela	0.0	1.0	0.0	0.0
-oge	0.551724137931	0.258620689655	0.0862068965517	0.103448275862
-pey	0.648772820699	0.29682021521	0.0362713093943	0.0181356546971
-pez	0.416666666667	0.435897435897	0.0705128205128	0.0769230769231
-ele	0.559145299145	0.408205128205	0.022905982906	0.00974358974359
-gio	0.0740740740741	0.888888888889	0.037037037037	0.0
-vwa	0.0402425578831	0.942943770673	0.00882028665931	0.007993384785
-vwe	0.388888888889	0.277777777778	0.148148148148	0.185185185185
-rey	0.0772843422455	0.161814162192	0.111515503603	0.64938599196
-est	0.24	0.59	0.14	0.03
-ito	0.12447316662	0.0705254284911	0.0244450688396	0.780556336049
-esi	0.139558709365	0.758705791021	0.0543224681779	0.047413031436
-rie	0.016333938294	0.917019560395	0.00604960677555	0.0605968945352
-iti	0.176008381351	0.462545835516	0.301728653745	0.0597171293871
-rib	0.197194719472	0.336633663366	0.376237623762	0.0899339933993
-ite	0.20535146685	0.513850954044	0.14199721894	0.138800360166
-ese	0.168579978406	0.738836412683	0.0737225244722	0.0188610844389
-ita	0.0	0.90312815338	0.0	0.0968718466196
-spe	0.230573107194	0.659904666888	0.0585300964416	0.0509921294757
-tir	0.288760681609	0.484940275534	0.0589453327545	0.167353710103
-fan	0.053320407174	0.867984007131	0.0653248185512	0.0133707671437
-fam	0.0104914465568	0.90771412751	0.0172914582139	0.0645029677194
-eza	0.194670089859	0.0723697047497	0.0245853658536	0.708374839538
-bra	0.153799392097	0.755015197568	0.0838905775076	0.00729483282674
-iez	0.35076365519	0.514108206057	0.0683406678747	0.0667874708775
-eze	0.551495016611	0.126245847176	0.232558139535	0.0897009966777
-bre	0.170576540755	0.680715705766	0.106958250497	0.0417495029821
-faz	0.377192982456	0.421052631579	0.0964912280702	0.105263157895
-ezi	0.00440803259552	0.733548084797	0.00337655748228	0.258667325125
-bri	0.0629244906112	0.822213343987	0.0179784258889	0.0968837395126
-fay	0.0	0.521739130435	0.403726708075	0.0745341614907
-tez	0.593751759077	0.197523219814	0.164142977765	0.0445820433436
-ezo	0.054054054054	0.945945945946	0.0	0.0
-tre	0.672837203354	0.147013898872	0.042276623996	0.137872273778
-uti	0.909090909091	0.020202020202	0.0707070707071	0.0
-tis	0.0633772862612	0.784701545442	0.0905288529703	0.0613923153268
-abe	0.307933906869	0.230051436115	0.0368701351905	0.425144521826
-pwa	0.168194070081	0.621563342318	0.194070080863	0.0161725067385
-aba	0.0870453616674	0.506699933323	0.0073559460564	0.398898758953
-rom	0.0972972972972	0.875135135135	0.00810810810811	0.0194594594594
-pwi	0.0910891089109	0.632673267327	0.0	0.276237623762
-ron	0.0843652945145	0.696909867855	0.0175460584033	0.201178779227
-orz	0.0285590653397	0.493725659888	0.0986585893553	0.379056685418
-zwe	0.366030283081	0.529295589203	0.0710994075049	0.0335747202107
-tam	0.0	1.0	0.0	0.0
-ier	0.0632050913775	0.775958692328	0.0871222191098	0.0737139971846
-zwa	0.226556238312	0.527518033663	0.219075607801	0.0268501202244
-kob	0.0	0.994452149792	0.0	0.00554785020804
-kom	0.491379310345	0.275862068966	0.0775862068966	0.155172413793
-ors	0.161000155545	0.317651263848	0.0621885216199	0.459160058987
-sov	0.744039212428	0.182188252887	0.00573232533023	0.0680402093545
-ael	0.0109202906724	0.980746105154	0.0046801245739	0.00365347959997
-ort	0.300462715221	0.477622463929	0.0569901767663	0.164924644083
-iet	0.541225401471	0.261909346478	0.0996649593715	0.0972002926791
-som	0.234741784038	0.655996585574	0.0892018779343	0.0200597524541
-kot	0.0348801171309	0.096718517054	0.00610502241625	0.862296343399
-son	0.019849812639	0.90404601594	0.0174927113703	0.0586114600506
-orn	0.0359042553191	0.918882978723	0.0452127659574	0.0
-vag	0.140017286085	0.823681936041	0.0207433016421	0.0155574762317
-kos	0.018691588785	0.981308411215	0.0	0.0
-ado	0.168161434978	0.67264573991	0.0358744394619	0.12331838565
-orb	0.486486486486	0.432432432432	0.0810810810811	0.0
-rok	0.0232558139535	0.93023255814	0.0465116279069	0.0
-van	0.0809813001196	0.236830808153	0.0593336271586	0.622854264569
-gam	0.0	1.0	0.0	0.0
-ord	0.419464113874	0.463112633985	0.0505070170267	0.0669162351134
-koz	0.326724013214	0.11673530821	0.0116599927531	0.544880685823
-kre	0.497477338114	0.224515289693	0.205605843385	0.0724015288075
-lix	0.0401498929336	0.853854389722	0.0802997858672	0.0256959314775
-fol	0.203703703704	0.240740740741	0.518518518519	0.037037037037
