-əmà	0.761904761905	0.15873015873	0.031746031746	0.047619047619
-asl	0.291011401353	0.380877447095	0.173434235406	0.154676916147
-hən	0.431917788011	0.313827709478	0.176954836422	0.0772996660884
-àya	0.755555555556	0.155555555556	0.0444444444444	0.0444444444445
-saɗ	0.462875197472	0.453396524487	0.0489731437599	0.0347551342812
-hem	0.00469851213782	0.995301487862	0.0	0.0
-ava	0.61610880025	0.187323153955	0.0696300739331	0.126937971861
-wìs	0.501147666412	0.3519510329	0.0596786534048	0.0872226472838
-òyà	0.196978843767	0.612757500322	0.0	0.190263655911
-liɗ	0.00704833184661	0.970044589652	0.0229070785015	0.0
-wàŋ	0.517524807765	0.240980669976	0.0697910215613	0.171703500698
-ufu	0.0108788033316	0.978922318545	0.0035696073432	0.00662927078022
-llà	0.876056338028	0.0535211267606	0.0422535211268	0.0281690140845
-oya	0.686978555347	0.182349638762	0.0604464448706	0.0702253610206
-wya	0.384615384615	0.230769230769	0.230769230769	0.153846153846
-əre	0.00490196078431	0.989215686275	0.00588235294118	0.0
-ɗak	0.745098039216	0.0588235294118	0.078431372549	0.117647058824
-uru	0.110122358176	0.749721913237	0.0	0.140155728587
-zin	0.672581872778	0.206889720679	0.0992586877418	0.0212697188018
-zil	0.0698873677546	0.553419472458	0.0220370062281	0.354656153559
-zim	0.012685324665	0.242606834219	0.0523269642433	0.692380876873
-oys	0.0	1.0	0.0	0.0
-zik	0.0634948445046	0.0658925331369	0.055275968693	0.815336653666
-̀ɓà	0.50036416606	0.349599417334	0.0648215586307	0.0852148579752
-aul	0.110655737705	0.770491803279	0.0573770491804	0.0614754098361
-pla	0.142530977595	0.757331212416	0.0141604256406	0.0859773843479
-kuɗ	0.123557676593	0.843493609649	0.032948713758	0.0
-naŋ	0.285973626701	0.098039496854	0.0473993793843	0.56858749706
-ŋàŋ	0.77232395482	0.0839482559587	0.0263699947939	0.117357794427
-puw	0.352226720648	0.551764025448	0.0381723539618	0.0578368999421
-tay	0.292860620706	0.635667442098	0.0277712657566	0.0437006714395
-fil	0.0643776824034	0.826180257511	0.0772532188841	0.0321888412017
-pus	0.0	0.97620306716	0.0	0.0237969328398
-kiŋ	0.0481927710843	0.903614457831	0.0481927710844	0.0
-zuŋ	0.126981512033	0.282735859173	0.11537177379	0.474910855004
-àsa	0.329878990123	0.086061179188	0.0203847053639	0.563675125325
-yàh	0.72063115691	0.131579716515	0.0449868597993	0.102802266776
-rod	0.0309126265674	0.913498290082	0.0479447461946	0.0076443371555
-siŋ	0.337383965184	0.427511400137	0.156544108489	0.0785605261893
-wma	0.155203895313	0.0191342057212	0.0011412051126	0.824520693853
-dus	0.0	1.0	0.0	0.0
-ŋiz	0.0210265665002	0.966886305452	0.00881353086834	0.00327359717967
-àfa	0.568483732024	0.276141212871	0.109707386882	0.0456676682235
-dzà	0.644031214526	0.178719960091	0.0332150656411	0.144033759742
-ədà	0.288905074047	0.26292789512	0.0699198834668	0.378247147366
-tuw	0.347626186907	0.344927536232	0.0587706146926	0.248675662169
-əva	0.0596590909091	0.920928030303	0.0127840909091	0.00662878787878
-arà	0.304051413344	0.166846752704	0.167005590679	0.362096243273
-gòɗ	0.807054130046	0.0184803775531	0.00433956596109	0.17012592644
-ɗɗà	0.230769230769	0.596153846154	0.134615384615	0.0384615384615
-ŋŋa	0.219475655431	0.687640449438	0.0853932584269	0.00749063670412
-əvi	0.25375294911	0.38209302279	0.0802206004478	0.283933427651
-peh	0.875912408759	0.036496350365	0.043795620438	0.043795620438
-ɓiŋ	0.623188405797	0.101449275362	0.0	0.275362318841
-ŋiŋ	0.616	0.016	0.048	0.32
-ìsà	0.514480408859	0.304940374787	0.12265758092	0.0579216354344
-əɓa	0.248142606637	0.372838861706	0.295863187033	0.0831553446241
-ope	0.00943989930774	0.985525487728	0.0	0.00503461296412
-zìn	0.172413793103	0.810344827586	0.0172413793103	0.0
-ŋŋu	0.0119000396668	0.983339944466	0.0	0.00476001586674
-̀fà	0.724120906248	0.246914257502	0.0289648362499	0.0
-əma	0.203989461799	0.271609584745	0.108392924351	0.416008029106
-rbe	0.0802816901408	0.919718309859	0.0	0.0
-oku	0.448701629328	0.541115071283	0.00254582484726	0.00763747454175
-okw	0.314574572921	0.306318630748	0.0927417189193	0.286365077411
-sor	0.0	1.0	0.0	0.0
-ark	0.00371195248701	0.996288047513	0.0	0.0
-ima	0.0149197710425	0.975837477714	0.00028150511401	0.00896124612929
-der	0.455467126236	0.4207674831	0.00865308875404	0.11511230191
-ime	0.0	1.0	0.0	0.0
-kim	0.0	1.0	0.0	0.0
-lga	0.102185835815	0.196931221131	0.541639733396	0.159243209659
-ùts	0.311475409836	0.382513661202	0.295081967213	0.0109289617486
-nàŋ	0.669725183575	0.145413510629	0.0313138977122	0.153547408084
-pàk	0.475939524303	0.272842299365	0.192129877461	0.059088298871
-kis	0.0	1.0	0.0	0.0
-lla	0.541768445394	0.280669007494	0.0778679803497	0.0996945667624
-pàh	0.333305900749	0.518299493281	0.0582197820285	0.0901748239416
-yəŋ	0.33232110076	0.364146379124	0.10062278038	0.202909739736
-pàl	0.647830296629	0.312560514039	0.0264061262212	0.0132030631106
-rpa	0.329510623435	0.510666498423	0.0865782446142	0.0732446335285
-ɗàh	0.47993891152	0.252413303007	0.0610711021722	0.2065766833
-oba	0.0910806697108	0.729436834094	0.147336377473	0.0321461187215
-ida	0.217575532513	0.474105178964	0.23904742861	0.0692718599137
-nìs	0.744994356472	0.222224095594	0.0152681182158	0.0175134297182
-ɗmà	0.644578313253	0.184008762322	0.0421686746988	0.129244249726
-idz	0.0750728862974	0.896501457726	0.00765306122449	0.0207725947522
-̀ɓa	0.917910447761	0.0597014925373	0.0	0.0223880597015
-pàs	0.745454545455	0.177272727273	0.0340909090909	0.0431818181818
-tla	0.30758988016	0.49511762095	0.150687971593	0.0466045272969
-pàw	0.660714285714	0.25	0.0416666666666	0.047619047619
-əra	0.0976855919063	0.193611688262	0.0584532317098	0.650249488122
-obu	0.151479289941	0.179750164366	0.660880999343	0.00788954635108
-eza	0.459183673469	0.479591836735	0.0612244897959	0.0
-àɗà	0.446488294314	0.528428093646	0.0100334448161	0.0150501672241
-uta	0.0	1.0	0.0	0.0
-asa	0.604829939853	0.141446289087	0.0581635481341	0.195560222926
-hla	0.483943363285	0.304809773786	0.0745815207306	0.136665342199
-ɓàɗ	0.554404145078	0.352331606218	0.0	0.0932642487047
-dzu	0.0169971671388	0.866855524079	0.116147308782	0.0
-ynu	0.0	0.980810234542	0.00639658848613	0.0127931769723
-bbi	0.00325027085591	0.899241603467	0.0	0.0975081256772
-rim	0.12844286883	0.380692664303	0.0650395418598	0.425824925007
-dəv	0.270075994127	0.409236051093	0.198191460077	0.122496494704
-lbà	0.0588235294118	0.823529411765	0.0	0.117647058824
-uts	0.456600102992	0.193225381931	0.339875264634	0.0102992504434
-maŋ	0.471337579618	0.471337579618	0.0573248407643	0.0
-dzi	0.139613439217	0.702600801769	0.021275417238	0.136510341776
-zga	0.183299389002	0.755600814664	0.061099796334	0.0
-utu	0.132162748985	0.042921426099	0.620063563989	0.204852260927
-səɓ	0.642761328317	0.253279895305	0.0340258465565	0.0699329298217
-taz	0.62890625	0.158203125	0.125	0.087890625
-dza	0.0833726008842	0.508313713813	0.026604341076	0.381709344227
-zəɓ	0.447008100674	0.399658315132	0.0492968786175	0.104036705576
-əda	0.412129366339	0.333484580989	0.0139202056183	0.240465847054
-əvà	0.625751574496	0.186010836184	0.0332183981153	0.155019191204
-are	0.0358220211161	0.946078431373	0.0	0.0180995475113
-pas	0.0440956750539	0.919411352488	0.0273697293438	0.0091232431146
-ara	0.213534427982	0.706271339251	0.0639479873358	0.0162462454313
-ayà	0.180548038315	0.751093721061	0.0394009303597	0.0289573102643
-ŋŋà	0.289603960396	0.383663366337	0.118811881188	0.207920792079
-àpa	0.230841121495	0.604672897196	0.0205607476636	0.143925233645
-lus	0.0870662460568	0.890220820189	0.022712933754	0.0
-ari	0.0110969785069	0.890198317932	0.0221939570138	0.0765107465476
-naw	0.498535722879	0.33868864779	0.0799734924514	0.0828021368789
-aru	0.202702702703	0.689189189189	0.0810810810811	0.027027027027
-ìsa	0.646153846154	0.0307692307692	0.0307692307692	0.292307692308
-bìy	0.193370165746	0.574585635359	0.232044198895	0.0
-dàŋ	0.125970608438	0.110694515998	0.0798220214871	0.683512854078
-lav	0.139800285307	0.796005706134	0.0470756062768	0.0171184022825
-men	0.00289995166747	0.0616239729338	0.00289995166747	0.932576123731
-ìsl	0.804878048781	0.0975609756097	0.0487804878049	0.0487804878048
-yda	0.250361244201	0.691392322386	0.00411572340549	0.054130710007
-aya	0.115466290679	0.0597240365356	0.0802117042687	0.744597968516
-ila	0.25791427275	0.54557340442	0.152408199697	0.0441041231328
-ayi	0.328125	0.265625	0.359375	0.046875
-wùr	0.632425742574	0.123762376238	0.131497524752	0.112314356436
-ŋak	0.0152273337529	0.062851797203	0.0109593632745	0.91096150577
-wùl	0.556350383194	0.10466465481	0.0091358027685	0.329849159227
-ziŋ	0.460941646202	0.391557027014	0.0640289850361	0.0834723417486
-tre	0.0	0.81974248927	0.18025751073	0.0
-law	0.640976099663	0.120005056021	0.0351076839673	0.203911160349
-gol	0.10306166414	0.0758514584206	0.39214000012	0.428946877319
-wàw	0.499647408078	0.295316672516	0.111582222508	0.0934536968976
-oɓa	0.260869565217	0.630434782609	0.108695652174	0.0
-wàr	0.578947368421	0.320175438596	0.0526315789473	0.0482456140351
-wàs	0.932203389831	0.0677966101695	0.0	0.0
-fga	0.0722891566265	0.89156626506	0.0361445783133	0.0
-wul	0.400665580256	0.366400441406	0.0303808017682	0.202553176571
-ɗma	0.604844379114	0.257887560981	0.0950661468652	0.0422019130398
-wàz	0.693779904306	0.234449760766	0.0478468899522	0.0239234449761
-vga	0.105344694036	0.221275497031	0.648851019881	0.0245287890524
-laɗ	0.279347109255	0.541739942845	0.0672675313256	0.111645416575
-laɓ	0.743346007605	0.165399239544	0.0627376425855	0.0285171102661
-tàɗ	0.375615763547	0.447044334975	0.0738916256158	0.103448275862
-uba	0.098265649109	0.149899112311	0.0746899111029	0.677145327477
-ili	0.11562061425	0.843785697967	0.0214187799863	0.0191749077973
-wàh	0.428239497746	0.393376267581	0.118917916653	0.0594663180195
-ufa	0.461101168544	0.538898831456	0.0	0.0
-ota	0.0	1.0	0.0	0.0
-bul	0.0502645502645	0.949735449735	0.0	0.0
-nəf	0.521370635271	0.202316350597	0.0540737473874	0.222239266745
-ebi	0.0353802538138	0.923224849224	0.0244123751315	0.0169825218306
-nəh	0.114503816794	0.81679389313	0.0229007633588	0.0458015267176
-liŋ	0.144146084603	0.820866637843	0.0274926804343	0.00749459711974
-ŋuz	0.572052401747	0.331877729258	0.0174672489083	0.0786026200873
-nəl	0.135542168675	0.701807228916	0.0361445783133	0.126506024096
-isà	0.503430531732	0.3730703259	0.0308747855918	0.0926243567753
-nəs	0.0652242196987	0.909928458511	0.0139766185069	0.0108707032831
-təɗ	0.50861438112	0.345565164561	0.0595498603615	0.086270593957
-uma	0.19082656701	0.248467156335	0.0451667390135	0.515539537642
-ə̀ɓ	0.77827702012	0.125362472315	0.0331563036781	0.0632042038865
-mat	0.66568914956	0.294721407624	0.0	0.0395894428152
-umi	0.00947599977439	0.990524000226	0.0	0.0
-ə̀ɗ	0.667026941581	0.18657299967	0.067563139974	0.0788369187748
-əsa	0.330492408899	0.322277492425	0.219226469206	0.12800362947
-sən	0.547516741544	0.306896776435	0.0603663030022	0.0852201790185
-nak	0.611111111111	0.388888888889	0.0	0.0
ALL	0.225075217517	0.30250496202	0.0555631887041	0.416856631759
-gga	0.282965972657	0.114760373775	0.534028918986	0.068244734582
-nan	0.240702047639	0.729210196406	0.010029251985	0.0200585039699
-zug	0.683229813665	0.149068322981	0.130434782609	0.0372670807453
-nal	0.389941690962	0.247813411079	0.307580174927	0.0546647230321
-nam	0.0542168674698	0.614457831325	0.317771084337	0.0135542168675
-avà	0.705256191691	0.122507035481	0.0319854784497	0.140251294379
-àkw	0.167286245353	0.609665427509	0.189591078067	0.0334572490706
-dla	0.672209302326	0.171511627907	0.0269767441861	0.129302325581
-sip	0.0204081632653	0.979591836735	0.0	0.0
-ron	0.0307692307692	0.969230769231	0.0	0.0
-aka	0.152696764994	0.179041213387	0.0638307295671	0.604431292052
-sik	0.116045525684	0.706628650453	0.0210027615263	0.156323062337
-nay	0.131411120052	0.139440356118	0.0282312496557	0.700917274175
-zuv	0.144967414917	0.644170890659	0.210861694424	0.0
-sin	0.09199377111	0.786756488169	0.0640380668151	0.0572116739058
-akw	0.494946231596	0.359025245765	0.146028522638	0.0
-nas	0.0153000384576	0.969593594458	0.0116202823729	0.00348608471186
-aku	0.127768417979	0.712931206907	0.0233204204915	0.135979954623
-ala	0.225725761558	0.0903975690945	0.0436605576422	0.640216111705
-nav	0.687009593539	0.2223415967	0.00738984862179	0.0832589611389
-yàw	0.39956725568	0.436278398846	0.121024161558	0.0431301839164
-kàɗ	0.558538944549	0.233761108182	0.111866303915	0.0958336433542
-pàŋ	0.744107744108	0.255892255892	0.0	0.0
-nti	0.299270768199	0.684330833544	0.00819919912872	0.00819919912872
-mos	0.00648648648649	0.974054054054	0.012972972973	0.00648648648649
-mor	0.0	0.961805555556	0.0138888888889	0.0243055555556
-gon	0.0	1.0	0.0	0.0
-ayì	0.247706422018	0.51376146789	0.128440366972	0.110091743119
-wuf	0.16393442623	0.688524590164	0.147540983607	0.0
-gog	0.415048543689	0.533980582524	0.0364077669903	0.0145631067961
-goy	0.377952755906	0.503937007874	0.0472440944882	0.0708661417323
-vla	0.35989414878	0.309026756836	0.187003822405	0.144075271979
-lki	0.0	1.0	0.0	0.0
-wur	0.437280441545	0.260768541318	0.142913173436	0.159037843701
-wus	0.0266726943942	0.955018083183	0.0122061482821	0.00610307414105
-mon	0.00527909551497	0.991421469788	0.0	0.00329943469686
-gor	0.397123893805	0.496681415929	0.0663716814159	0.0398230088496
-mok	0.122182625807	0.0418832885172	0.00163685969355	0.834297225982
-yəs	0.275294117647	0.64705882353	0.035294117647	0.0423529411765
-əfu	0.307118805274	0.539321792089	0.0614237610548	0.0921356415823
-bez	0.280373831776	0.420560747664	0.214953271028	0.0841121495327
-àbà	0.162895927602	0.597285067873	0.239819004525	0.0
-nàw	0.533323942944	0.222066665487	0.0863457834124	0.158263608157
-lka	0.438554216868	0.443373493976	0.0144578313253	0.103614457831
-oɓà	0.0909090909091	0.651515151515	0.0	0.257575757576
-yàŋ	0.510263929619	0.277940697295	0.0586510263929	0.153144346693
-ber	0.0	1.0	0.0	0.0
-raw	0.413193431418	0.360698953862	0.142958362856	0.0831492518651
-deŋ	0.0756302521009	0.747899159664	0.176470588235	0.0
-pìs	0.859403530128	0.0785149117468	0.0164333536214	0.045648204504
-bew	0.0	0.712574850299	0.251497005988	0.0359281437126
-bet	0.00423728813559	0.970338983051	0.0	0.0254237288136
-uzl	0.100112485939	0.685039370079	0.195725534308	0.0191226096738
-wàà	0.922879177378	0.0616966580976	0.0	0.0154241645244
-bel	0.0323732049473	0.955175562381	0.00249024653441	0.00996098613762
-rle	0.0	0.729577464789	0.202816901408	0.0676056338028
-yal	0.568804483188	0.182752179327	0.0653798256538	0.183063511831
-yan	0.182608695652	0.713043478261	0.0869565217391	0.0173913043478
-rla	0.60135554215	0.222643766503	0.10741043545	0.0685902558968
-yah	0.586509025227	0.253985622393	0.0669399511628	0.0925654012172
-bed	0.176991150442	0.823008849558	0.0	0.0
-nab	0.230769230769	0.326923076923	0.0384615384615	0.403846153846
-isl	0.265911072363	0.632955536181	0.0941586748038	0.00697471665215
-ren	0.0149174214171	0.985082578583	0.0	0.0
-uga	0.0512019527753	0.161497171894	0.774831027053	0.0124698482774
-yip	0.250839865621	0.695408734603	0.03359462486	0.020156774916
-ise	0.0	1.0	0.0	0.0
-umù	0.795555555556	0.186666666667	0.0	0.0177777777778
-yaw	0.171881523785	0.735641539181	0.0283776504219	0.0640992866119
-red	0.0	1.0	0.0	0.0
-ənà	0.781153751311	0.125553014442	0.0255293224576	0.0677639117885
-nàv	0.766837606838	0.0878632478633	0.0107122507122	0.134586894587
-wəŋ	0.284774161669	0.647395728051	0.0282999797857	0.0395301304944
-umà	0.375402112045	0.503822540952	0.0385149728634	0.0822603741403
-aze	0.063981042654	0.907582938389	0.0	0.0284360189574
-pəh	0.483289996329	0.20767192603	0.0263835795122	0.282654498129
-ɗal	0.638864280971	0.0920681051281	0.0200410445483	0.249026569352
-wòy	0.854341736695	0.0952380952381	0.0	0.0504201680672
-pəl	0.626414723605	0.21564055541	0.0971509038512	0.0607938171339
-rew	0.0303210463733	0.922116527943	0.0386444708681	0.0089179548157
-ret	0.01806306766	0.975813858557	0.00489845902643	0.00122461475661
-əsà	0.485760610997	0.161796539427	0.0358373446548	0.316605504922
-may	0.250151401019	0.640674539304	0.0918384707523	0.0173355889243
-haa	0.376811594203	0.391304347826	0.231884057971	0.0
-hab	0.436737710977	0.465319699396	0.0326475298755	0.0652950597512
-maz	0.569837811668	0.199007504236	0.105240861777	0.125913822319
-had	0.433034898593	0.333089713137	0.102320482368	0.131554905902
-yas	0.040440350483	0.948582982957	0.00519947363353	0.00577719292615
-uvu	0.050023060276	0.922304608507	0.0276723312165	0.0
-hah	0.429961773614	0.247405256412	0.187502126839	0.135130843136
-gàm	0.739436619718	0.198123966471	0.0354963790842	0.0269430347266
-mas	0.31749042121	0.420166075067	0.0662506247037	0.196092879019
-mar	0.0	1.0	0.0	0.0
-gàh	0.555906040268	0.254362416107	0.129932885906	0.0597986577181
-ham	0.0909618367008	0.796495402635	0.0476437393478	0.0648990213167
-maw	0.44159779125	0.390500140838	0.0549903697069	0.112911698205
-mav	0.256628820181	0.636644878917	0.0634149477435	0.0433113531583
-dèw	0.244329274829	0.337073468606	0.0445154786438	0.374081777921
-rùh	0.248882083994	0.66956333481	0.0365589501913	0.0449956310046
-har	0.028085106383	0.971914893617	0.0	0.0
-gàw	0.44566722411	0.228102353851	0.151768535002	0.174461887037
-zla	0.158972374084	0.466785211533	0.0540861826716	0.320156231711
-mal	0.483342534426	0.356752075478	0.0756355948833	0.0842697952125
-haw	0.503582019411	0.273169976654	0.0657574680186	0.157490535916
-wàɗ	0.389447236181	0.336369346734	0.156407035176	0.11777638191
-hay	0.249583924714	0.566177813857	0.0685001143737	0.115738147055
-haz	0.0	1.0	0.0	0.0
-sət	0.0	1.0	0.0	0.0
-mad	0.699421390418	0.0918052735963	0.0356292452333	0.173144090752
-àkà	0.4453125	0.428125	0.0515625	0.075
-maf	0.417600954166	0.201482364968	0.0481342647811	0.332782416084
-ɓək	0.449282382525	0.388873021172	0.0500508517426	0.11179374456
-ekà	0.619596541787	0.242074927954	0.0864553314121	0.0518731988473
-uni	0.0	0.785714285714	0.0	0.214285714286
-yay	0.342683000591	0.265370022247	0.0230450718189	0.368901905343
-kga	0.173820339297	0.639844256976	0.161305274868	0.0250301288588
-una	0.023942537909	0.966480446927	0.0095770151636	0.0
-mfa	0.0	1.0	0.0	0.0
-vàr	0.0948275862069	0.370689655172	0.534482758621	0.0
-dùw	0.679487013575	0.146933599058	0.0287681337595	0.144811253607
-wni	0.314697818572	0.366432232686	0.182977708905	0.135892239838
-nis	0.628772865985	0.331826223353	0.0246255691639	0.0147753414984
-nla	0.368676056338	0.284732394366	0.271504225352	0.0750873239437
-sàk	0.679833309087	0.164494647776	0.0334038828846	0.122268160252
-ade	0.00870195794054	0.991298042059	0.0	0.0
-tàŋ	0.466195179282	0.337391836258	0.0939366447418	0.102476339718
-asà	0.685060063684	0.0850025199521	0.0117829481315	0.218154468232
-oɗa	0.365299001324	0.344844182409	0.170737576706	0.119119239562
-gam	0.0807430770235	0.823592413757	0.0563388654879	0.0393256437316
-gal	0.0340586565752	0.965941343425	0.0	0.0
-diŋ	0.445496873068	0.423585331688	0.0384541170082	0.0924636782358
-aùɗ	0.562727745966	0.325871941697	0.0562207183758	0.0551795939615
-lìm	0.12676056338	0.394366197183	0.19014084507	0.288732394366
-adi	0.191149139694	0.283008373246	0.0395181220482	0.486324365012
-gaw	0.172855874864	0.416163891372	0.122703992266	0.288276241498
-lal	0.53504390543	0.291286868363	0.100773904646	0.0728953215602
-ràŋ	0.789691670502	0.0966405890473	0.0391164289001	0.0745513115508
-adu	0.0689655172414	0.884012539185	0.0219435736677	0.025078369906
-gar	0.257822277847	0.682102628285	0.0375469336671	0.0225281602002
-eɗa	0.269380925823	0.680842163971	0.0497769102063	0.0
-lam	0.224776003116	0.572652902221	0.160498636541	0.0420724581223
-yaa	0.784615384615	0.0615384615384	0.0	0.153846153846
-adz	0.472628109867	0.284373914502	0.0388980269895	0.204099948642
-hal	0.340137916765	0.514745707629	0.0417816937017	0.103334681904
-gay	0.212942651499	0.227552856216	0.0367856567787	0.522718835506
-gòr	0.316326530612	0.234693877551	0.224489795918	0.224489795918
-ə̀ŋ	0.569924023565	0.227825710646	0.115232163181	0.087018102608
-sem	0.0	1.0	0.0	0.0
-sel	0.0555555555555	0.847222222222	0.0833333333333	0.0138888888889
-sek	0.0419457374687	0.756714722682	0.00419457374687	0.197144966103
-aki	0.0	1.0	0.0	0.0
-gòt	0.526315789474	0.473684210526	0.0	0.0
-rzl	0.75	0.166666666667	0.0	0.0833333333333
-fla	0.369011504779	0.450890046362	0.0889473985462	0.091151050312
-ina	0.03698459082	0.126637068547	0.0730718039742	0.763306536659
-aɗa	0.164879823509	0.177207106088	0.441750203197	0.216162867206
-lba	0.429901423877	0.34830230011	0.0629791894852	0.158817086528
-vka	0.661016949153	0.0677966101695	0.0508474576271	0.220338983051
-zaŋ	0.350742311771	0.313915935602	0.229779234551	0.105562518076
-dəŋ	0.039393396872	0.829950716835	0.0571917358786	0.0734641504142
-kah	0.334060093387	0.345635228836	0.277073371574	0.0432313062031
-oha	0.224598930481	0.374331550802	0.401069518717	0.0
-nàl	0.376344086021	0.301075268817	0.129032258065	0.193548387097
-sew	0.526829827726	0.359194631971	0.0463025632481	0.0676729770549
-ser	0.671324486625	0.204519327678	0.0220008503758	0.102155335321
-gòl	0.347133757962	0.175159235669	0.420382165605	0.0573248407643
-ɗuk	0.369696969697	0.630303030303	0.0	0.0
-lat	0.114285714286	0.571428571429	0.0571428571429	0.257142857143
-kut	0.198418637024	0.734945925675	0.0314271318248	0.0352083054763
-kus	0.0229166666667	0.977083333333	0.0	0.0
-kur	0.179814749648	0.696002161673	0.0412226020511	0.0829604866278
-ede	0.0	1.0	0.0	0.0
-ble	0.126224783862	0.859942363112	0.0138328530259	0.0
-rsi	0.0448872647038	0.936357994898	0.00124112252638	0.0175136178722
-net	0.0	0.913043478261	0.0434782608696	0.0434782608696
-nma	0.141940197255	0.454678286281	0.0245264311434	0.378855085321
-bla	0.31389055923	0.307276007216	0.368009621167	0.0108238123873
-nes	0.0218181818182	0.923636363636	0.0218181818182	0.0327272727273
-nàh	0.494382022472	0.477528089888	0.0112359550562	0.0168539325843
-əni	0.276469383576	0.566864632398	0.124411222609	0.0322547614172
-atà	0.120105790345	0.0368034222582	0.00857382528797	0.834516962109
-kud	0.579657965797	0.251575157516	0.0634563456346	0.105310531053
-ŋiɗ	0.702290076336	0.297709923664	0.0	0.0
-rsu	0.0716308360529	0.836075190546	0.0432628000319	0.0490311733696
-nəŋ	0.683940249322	0.162388568841	0.0495350174049	0.104136164432
-saŋ	0.487632325777	0.406296594296	0.0309373983121	0.0751336816151
-əna	0.141293921835	0.235717354216	0.0225441378531	0.600444586096
-ləs	0.0468707297076	0.862394096748	0.0899152773982	0.000819896146487
-kul	0.0171891068052	0.0279063576022	0.00491084306047	0.949993692532
-ɗuw	0.250901311951	0.250926244509	0.194075027052	0.304097416488
-gùr	0.79701120797	0.166874221669	0.0186799501868	0.0174346201744
-aah	0.29347826087	0.0978260869565	0.0978260869565	0.510869565217
-ban	0.0980957876515	0.734564339296	0.167339873052	0.0
-rùw	0.0990099009901	0.237623762376	0.633663366337	0.029702970297
-bal	0.55047318612	0.402208201893	0.0473186119874	0.0
-hof	0.382113821138	0.585365853659	0.0162601626016	0.0162601626016
-lar	0.105311778291	0.818013856813	0.070207852194	0.00646651270209
-bah	0.619164619165	0.0918918918919	0.247665847666	0.0412776412776
-àva	0.667031164571	0.311098961181	0.0	0.0218698742482
-gul	0.342474889068	0.5079412386	0.142117123298	0.00746674903492
-əla	0.0706502699708	0.691579101223	0.0363345374802	0.201436091326
-wnì	0.820216500878	0.0507606787595	0.129022820363	0.0
-pəs	0.305337756333	0.591525934861	0.0597104945718	0.043425814234
-ekw	0.401212339455	0.573580602569	0.0126035289881	0.0126035289881
-ətà	0.378614131835	0.312116682987	0.0801680152554	0.229101169922
-ləm	0.368560542966	0.416256660638	0.0407437107939	0.174439085602
-bay	0.123966679894	0.145045135199	0.0862451319449	0.644743052962
-baw	0.45493831538	0.211426429631	0.117570658532	0.216064596456
-hoy	0.358943558425	0.462083026261	0.0970472526401	0.0819261626746
-pàɗ	0.565889457109	0.278784201554	0.133483574586	0.0218427667504
-bas	0.104164353137	0.831315935591	0.0332037756802	0.0313159355913
-job	0.0	0.914285714286	0.0	0.0857142857143
-ɗga	0.0918845500848	0.459898132428	0.246519524618	0.201697792869
-ase	0.0167753960858	0.972041006524	0.0111835973905	0.0
-agà	0.619815703714	0.287892899269	0.0269446483796	0.0653467486367
-ùgw	0.651005594924	0.180290033539	0.0422965577639	0.126407813773
-adà	0.668791363479	0.0565158445878	0.0129323889298	0.261760403003
-əzi	0.0774841456271	0.692591692838	0.064949542246	0.164974619289
-dùh	0.312169312169	0.601410934744	0.063492063492	0.0229276895943
-yer	0.0253358674919	0.945815207696	0.00257304002964	0.0262758847827
-guf	0.0641024562263	0.904348686007	0.00632986636717	0.0252189913994
-urà	0.706178022039	0.14855422685	0.0397691181751	0.105498632937
-həŋ	0.279492680667	0.0505617951555	0.0209433819518	0.649002142225
-yel	0.00796747614155	0.97410570254	0.00449075927978	0.0134360620387
-deɗ	0.434480854923	0.458417130013	0.025947395402	0.0811546196616
-zot	0.0	1.0	0.0	0.0
-ànì	0.609249304582	0.231162100732	0.0741218887424	0.0854667059435
-àsl	0.520619424339	0.286147113281	0.0521797677158	0.141053694664
-tàp	0.510189739986	0.41180604357	0.033731553057	0.0442726633872
-hha	0.131034482759	0.868965517241	0.0	0.0
-zor	0.0	1.0	0.0	0.0
-adù	0.605053191489	0.195478723404	0.0797872340426	0.119680851064
-wga	0.16829822568	0.0705794947994	0.728028581418	0.0330936981033
-ràw	0.638633505356	0.321523049568	0.0239060670454	0.0159373780303
-ray	0.255862049035	0.63310113832	0.031082772323	0.0799540403219
-ref	0.129032258064	0.806451612903	0.0322580645161	0.0322580645161
-rat	0.0	1.0	0.0	0.0
-aɗà	0.514745308311	0.332439678284	0.0610664283587	0.0917485850461
-kal	0.40257730314	0.179206738008	0.08841835382	0.329797605032
-ras	0.0	0.98418972332	0.0158102766799	0.0
-ran	0.0588235294117	0.941176470588	0.0	0.0
-eri	0.278239072536	0.380228732571	0.254895817014	0.0866363778788
-ral	0.32909127063	0.462119705707	0.113342612845	0.0954464108173
-ram	0.107579462103	0.872860635697	0.0	0.0195599022005
-ohà	0.388746803069	0.549872122762	0.0	0.0613810741688
-rak	0.0	1.0	0.0	0.0
-rah	0.551105979285	0.358478195989	0.025833092779	0.0645827319474
-ɓdu	0.567901234568	0.407407407407	0.0	0.0246913580247
-era	0.0433825075532	0.131058702878	0.749381172139	0.0761776174298
-rab	0.430228352343	0.31248342215	0.187263388874	0.0700248366328
-ere	0.0	0.864532019704	0.0	0.135467980296
-ugw	0.503305834315	0.242874659238	0.117538659334	0.136280847113
-bàŋ	0.197802197802	0.538461538461	0.263736263736	0.0
-səh	0.291120707064	0.151408301224	0.0317264369114	0.525744554801
-zək	0.645807975943	0.228180711678	0.0551299491659	0.0708813632132
-səm	0.131578947368	0.666666666667	0.046783625731	0.154970760234
-ɓàw	0.508474826104	0.381052964654	0.0713781625929	0.0390940466498
-iya	0.12649959581	0.434873214126	0.0409517005892	0.397675489474
-ɓàz	0.218175402831	0.531952013173	0.162602422864	0.0872701611322
-lək	0.445526936251	0.498865607901	0.0209084033987	0.034699052449
-səg	0.353972721368	0.397596882442	0.219203290756	0.0292271054341
-azl	0.563153660499	0.236256369	0.194153928667	0.00643604183427
-ìts	0.440243079001	0.344361917623	0.166779203241	0.0486158001351
-dìy	0.732962447844	0.127955493741	0.0639777468707	0.0751043115438
-luŋ	0.295774647887	0.661971830986	0.0140845070423	0.0281690140845
-pol	0.0326286764706	0.90496980042	0.00137867647059	0.0610228466387
-ɓàh	0.598806139852	0.238487777146	0.0944855031267	0.068220579875
-sər	0.0	1.0	0.0	0.0
-ɗeŋ	0.845360824742	0.154639175258	0.0	0.0
-səp	0.310672014086	0.320747334442	0.150249437543	0.218331213929
-zər	0.0	1.0	0.0	0.0
-aza	0.329396020016	0.354503665775	0.146776445944	0.169323868265
-eva	0.0	0.962962962963	0.037037037037	0.0
-tàm	0.225531914894	0.646808510638	0.0893617021276	0.0382978723404
-tàl	0.571560480148	0.334256694368	0.0720221606648	0.0221606648199
-tàk	0.035752099159	0.864142023196	0.100105877645	0.0
-laa	0.31914893617	0.446808510638	0.0851063829787	0.148936170213
-ika	0.0852255018956	0.831674424373	0.0268804150233	0.0562196587076
-tàh	0.340253164557	0.38835443038	0.214683544304	0.0567088607595
-iko	0.003003003003	0.996996996997	0.0	0.0
-tàf	0.276162790698	0.500968992248	0.222868217054	0.0
-nor	0.127591706539	0.872408293461	0.0	0.0
-nos	0.0384615384615	0.961538461538	0.0	0.0
-lah	0.192017768074	0.746896641174	0.0237814131935	0.0373041775585
-sùf	0.24	0.544	0.12	0.096
-oum	0.0	0.807692307692	0.0769230769231	0.115384615385
-lak	0.468007461093	0.350505335015	0.0587015130662	0.122785690825
-ikw	0.252747252747	0.285714285714	0.395604395604	0.0659340659341
-ràh	0.119182714428	0.177286738199	0.0327768237932	0.67075372358
-for	0.0	1.0	0.0	0.0
-fos	0.00598802395209	0.994011976048	0.0	0.0
-lap	0.117948717949	0.842735042735	0.0034188034188	0.0358974358974
-tàz	0.180327868852	0.77868852459	0.0409836065574	0.0
-hkà	0.692307692308	0.151193633952	0.053050397878	0.103448275862
-las	0.0209986000933	0.969202053196	0.00419972001867	0.00559962669155
-tàw	0.746987951807	0.120481927711	0.0722891566265	0.0602409638554
-əpa	0.214902590882	0.659168507733	0.0777264510946	0.0482024502912
-sùw	0.3046875	0.51953125	0.09375	0.08203125
-lay	0.291507045837	0.496672461035	0.0914425237715	0.120377969357
-wès	0.303571428571	0.178571428571	0.482142857143	0.0357142857143
-əkw	0.556492411467	0.231661045531	0.107504215852	0.10434232715
-vuɗ	0.0414945480257	0.745227196606	0.0244873655614	0.188790889807
-ɓaw	0.539432242694	0.34211899912	0.055074900303	0.0633738578829
-edi	0.0	1.0	0.0	0.0
-gel	0.215140564227	0.224102223894	0.180926835684	0.379830376195
-ɓaz	0.565371024735	0.201413427562	0.159010600707	0.0742049469965
-ɓay	0.146282696182	0.688943817388	0.122453634106	0.0423198523239
-aha	0.0237172922966	0.0156735051308	0.00420867567174	0.956400526901
-evi	0.027918027918	0.912632412632	0.029205029205	0.0302445302445
-tav	0.354632587859	0.357827476038	0.191693290735	0.0958466453674
-bow	0.0170777988615	0.0619617574077	0.00321121004233	0.917749233688
-əka	0.347907551575	0.47095629116	0.0769916258394	0.104144531426
-don	0.0	1.0	0.0	0.0
-ùdà	0.61935483871	0.303225806452	0.0	0.0774193548387
-ypa	0.211267605634	0.507042253521	0.253521126761	0.0281690140845
-dok	0.0578723404255	0.869787234043	0.011914893617	0.0604255319149
-boz	0.0	1.0	0.0	0.0
-ɓal	0.492840584215	0.359168832061	0.0399255171918	0.108065066532
-kàh	0.57797011156	0.215147031165	0.114624947182	0.0922579100932
-gla	0.266654226535	0.628102257884	0.0559805933943	0.049262922187
-dda	0.0	1.0	0.0	0.0
-sap	0.420528647519	0.342923988252	0.216835083877	0.0197122803524
-saw	0.343902834479	0.477626062979	0.0740716161579	0.104399486384
-əbi	0.247544204322	0.717092337918	0.0	0.0353634577603
-zuw	0.625651721205	0.23920541106	0.0343035967178	0.100839271016
-ter	0.27380952381	0.39880952381	0.214285714286	0.113095238095
-diy	0.691438848067	0.131776688311	0.036858536817	0.139925926805
-say	0.267730104141	0.280962875238	0.163268476983	0.288038543638
-siɗ	0.568965517241	0.0931034482758	0.289655172414	0.0482758620689
-əba	0.602409638554	0.325301204819	0.0361445783133	0.0361445783133
-mpa	0.253562447611	0.746437552389	0.0	0.0
-lfa	0.0375	0.9625	0.0	0.0
-ɓak	0.573874755382	0.232387475538	0.0843933463797	0.109344422701
-god	0.0857142857143	0.914285714286	0.0	0.0
-lfe	0.0	1.0	0.0	0.0
-saf	0.0459650582363	0.866888519135	0.0559484193012	0.0311980033278
-yka	0.0967741935484	0.58064516129	0.0	0.322580645161
-àdà	0.381097560976	0.307926829268	0.219512195122	0.0914634146342
-sak	0.439371125533	0.387970713672	0.0681021625971	0.104555998198
-ola	0.402482580037	0.415947304275	0.119838864667	0.0617312510217
-̀sl	0.195865070729	0.771490750816	0.0326441784548	0.0
-sah	0.20775902312	0.500896783863	0.235620746419	0.0557234465984
-vol	0.291666666667	0.440476190476	0.196428571429	0.0714285714286
-iba	0.303453169347	0.653973509934	0.0354777672659	0.00709555345318
-sam	0.488873600664	0.47798242641	0.0	0.0331439729263
-sal	0.409965165928	0.36519842945	0.0506087817009	0.174227622921
-lon	0.0	1.0	0.0	0.0
-ə̀k	0.598872933431	0.174526497163	0.112443895552	0.114156673854
-ə̀h	0.549498797704	0.189614171352	0.0222703723341	0.23861665861
-dom	0.0092450714353	0.974576053553	0.0161788750118	0.0
-ə̀n	0.592520889381	0.318641624553	0.0165941719257	0.0722433141411
-lok	0.0755713244004	0.739564268771	0.152353173448	0.0325112333805
-ə̀l	0.7783711839	0.12839490911	0.0261967064521	0.0670372005385
-ə̀m	0.391129736337	0.354635935045	0.127117164309	0.127117164309
-təl	0.421042003231	0.486672051696	0.0922859450727	0.0
-təm	0.455585183688	0.286235135033	0.106023076243	0.152156605037
-ɗɗa	0.388973146579	0.32375769471	0.180212329378	0.107056829334
-ə̀f	0.36014310322	0.418046906055	0.0906320392209	0.131177951504
-ə̀g	0.356754182123	0.106144364418	0.05819609428	0.478905359179
-ə̀d	0.703125	0.25	0.0	0.046875
-tək	0.880290205562	0.0568319226119	0.0628778718259	0.0
-ə̀z	0.649455497308	0.164076337072	0.0381614231757	0.148306742444
-nəɓ	0.280356645305	0.474059626637	0.212984118139	0.0325996099192
-təv	0.0391304347826	0.4	0.534782608696	0.0260869565217
-nəɗ	0.570652173913	0.241847826087	0.0570652173913	0.130434782609
-tər	0.0919634800149	0.827458994639	0.0700674133446	0.0105101120017
-map	0.284876905041	0.669402110199	0.00351699882767	0.042203985932
-ə̀r	0.832817337461	0.092879256966	0.0185758513932	0.0557275541795
-ə̀s	0.638731493593	0.103376800846	0.0339314852391	0.223960220322
-lot	0.00659075097945	0.983523122551	0.00988612646918	0.0
-ahu	0.0	0.984105960265	0.0158940397351	0.0
-ə̀v	0.650575879281	0.181548357158	0.0436878053636	0.124187958198
-los	0.0145190562613	0.981851179673	0.0	0.00362976406534
-ə̀t	0.461538461539	0.324786324786	0.119658119658	0.0940170940171
-waɗ	0.410720019194	0.399881096453	0.0768462686515	0.112552615702
-ews	0.0288819875776	0.950931677019	0.00341614906832	0.0167701863354
-ipo	0.0521375025326	0.823191733639	0.1200108057	0.00465995812791
-ikà	0.522727272727	0.195707070707	0.103535353535	0.17803030303
-ŋga	0.0864126199378	0.450141225776	0.27922927594	0.184216878346
-iti	0.142316586084	0.204856001682	0.602690771495	0.05013664074
-ŋuv	0.0537341088064	0.134335272016	0.605589582583	0.206341036595
-riŋ	0.532786885246	0.27868852459	0.0	0.188524590164
-kòt	0.756373937677	0.186968838527	0.056657223796	0.0
-kòr	0.446725317693	0.433040078201	0.0791788856305	0.0410557184751
-han	0.423459977868	0.371695561293	0.0774621910734	0.127382269765
-hka	0.13268380232	0.800974296519	0.0	0.0663419011602
-ɓəh	0.561350548022	0.322543191529	0.0473713542634	0.0687349061862
-kàl	0.125049869691	0.809759433791	0.0189634358015	0.0462272607161
-əpà	0.58574610245	0.334075723831	0.0534521158129	0.0267260579065
-akà	0.625988097401	0.18136196575	0.0523298796977	0.140320057152
-ewk	0.218380803623	0.36555093141	0.0783705303324	0.337697734635
-ewi	0.101694915254	0.65150888797	0.174865646962	0.0719305498139
-àzl	0.657980153946	0.195956598349	0.0653806918297	0.080682555875
-nar	0.0915032679739	0.699346405229	0.209150326797	0.0
-baŋ	0.426155580609	0.37091319053	0.0405862457723	0.162344983089
-rəɓ	0.641734279919	0.264705882353	0.0352434077079	0.0583164300203
-nga	0.159674688163	0.663597987073	0.0744115051635	0.1023158196
-aŋà	0.472061657033	0.0757867694284	0.18368657675	0.268464996789
-ahà	0.60488188686	0.171031860507	0.0639720762362	0.160114176397
-mak	0.413793103448	0.48275862069	0.0413793103448	0.0620689655173
-wdi	0.240709646831	0.574542849765	0.0277967706612	0.156950732743
-ɗka	0.626875919568	0.282491417361	0.0906326630701	0.0
-yaŋ	0.283805210884	0.565320277008	0.0891331462311	0.0617413658774
-eda	0.0157444695165	0.90881594599	0.021850971767	0.0535886127268
-əkà	0.627388766498	0.087660167627	0.0160108664418	0.268940199433
-wda	0.0386209346385	0.875098673824	0.0458241237765	0.0404562677613
-gəŋ	0.476317314452	0.28659520669	0.138182009515	0.0989054693428
-wuɗ	0.119402985075	0.597014925373	0.149253731343	0.134328358209
-goɗ	0.427423842344	0.101996616125	0.0343153045389	0.436264236992
-maà	0.0218181818182	0.250909090909	0.727272727273	0.0
-dìŋ	0.594581593912	0.281056194059	0.0125238365201	0.111838375509
-rpi	0.684942716858	0.292962356792	0.00490998363338	0.0171849427168
-hùɓ	0.541935483871	0.432258064516	0.0	0.0258064516129
-zəŋ	0.380895759017	0.260800634166	0.203527546572	0.154776060246
-stu	0.00554956559056	0.977585832348	0.00255887750573	0.0143057245555
-man	0.32791151594	0.435263500325	0.236824983735	0.0
-əya	0.0128977393523	0.969574563579	0.0100630713628	0.00746462570572
-àdz	0.4408314468	0.267201756191	0.236262605474	0.0557041915346
-maɗ	0.427244582043	0.334365325077	0.12693498452	0.111455108359
-əyà	0.736	0.24	0.024	0.0
-dèɗ	0.677227722772	0.243564356436	0.0142574257426	0.0649504950495
-gàɗ	0.73257782479	0.207619903798	0.0149505678529	0.0448517035586
-wka	0.440115440115	0.373737373737	0.0822510822511	0.103896103896
-ɗàŋ	0.669527091979	0.190117094805	0.0534818089043	0.0868740043116
-àda	0.433530705316	0.101660470445	0.0563497741708	0.408459050069
-ŋor	0.10436788237	0.68531065302	0.200374801788	0.00994666282255
-olà	0.812884888678	0.0947418285173	0.00852676456655	0.0838465182378
-anu	0.020077240698	0.0126377143203	0.00477067007676	0.962514374905
-bàs	0.686914347601	0.256392145783	0.0369167019824	0.0197768046334
-ààà	0.57247706422	0.273394495413	0.154128440367	0.0
-zlo	0.00742270476051	0.0428731490684	0.100361153949	0.849342992222
-bàw	0.337413144205	0.392264569	0.207149143685	0.0631731431096
-nuŋ	0.203125	0.7265625	0.046875	0.0234375
-ain	0.00970088924818	0.888439773646	0.0953920776071	0.00646725949879
-yyi	0.253277523742	0.680292329025	0.0148370307684	0.0515931164643
-dàz	0.717176217067	0.223646177595	0.0169078872393	0.0422697180983
-ùlà	0.631578947368	0.25	0.118421052632	0.0
-pəɗ	0.0685714285714	0.914285714286	0.0171428571429	0.0
-dàw	0.551676888363	0.275681914234	0.0345150729678	0.138126124436
-dàv	0.556051046917	0.269462834157	0.0533334929547	0.121152625971
-ffa	0.404515712899	0.423028074422	0.108919713271	0.0635364994082
-idi	0.220265780731	0.145514950166	0.0830564784054	0.551162790698
-dàs	0.377215189873	0.412658227848	0.0962025316455	0.113924050633
-àma	0.329896907216	0.384879725086	0.243986254296	0.0412371134021
-bùh	0.0	0.863700140309	0.0817799158148	0.0545199438765
-dàp	0.0286385332222	0.971361466778	0.0	0.0
-ymi	0.167400881057	0.610572687225	0.0211453744493	0.200881057269
-tày	0.513402351382	0.152199423166	0.0160897863399	0.318308439113
-dàl	0.622073578595	0.190635451505	0.130434782609	0.056856187291
-gov	0.556179775281	0.342696629213	0.0337078651685	0.0674157303371
-raŋ	0.0298062593144	0.833084947839	0.101341281669	0.0357675111774
-dàh	0.331822864082	0.404632370999	0.0745840382569	0.188960726663
-isa	0.230827928272	0.297596337276	0.171690194582	0.29988553987
-kiɗ	0.0756324900133	0.159875721261	0.724012427874	0.0404793608522
-taɓ	0.810526315789	0.189473684211	0.0	0.0
-nah	0.772727272727	0.136363636364	0.0909090909091	0.0
-wkà	0.155551706219	0.100525434494	0.0357988336509	0.708124025637
-ɗàw	0.560555672442	0.267109609445	0.0876134055561	0.0847213125572
-əzà	0.616154664331	0.149565162986	0.0488644184446	0.185415754239
-ion	0.186546314206	0.443369868902	0.0631850419085	0.306898774984
-len	0.0	0.996015936255	0.00398406374503	0.0
-hàŋ	0.586620079374	0.192275828859	0.0499330646709	0.171171027096
-olo	0.403671555423	0.43080913898	0.106854235259	0.0586650703382
-amà	0.489407505659	0.267116645648	0.0540522584811	0.189423590212
-ɓəl	0.443327239488	0.500914076782	0.0137111517367	0.0420475319927
-zaɗ	0.461538461538	0.281167108753	0.201591511936	0.0557029177719
-zaɓ	0.189768234152	0.72411411611	0.0390193742325	0.0470982755053
-mus	0.0	1.0	0.0	0.0
-ɗàl	0.161290322581	0.0322580645161	0.806451612903	0.0
-ema	0.113043478261	0.860869565217	0.00434782608695	0.0217391304348
-biy	0.392145083168	0.439116885067	0.152968122254	0.0157699095108
-let	0.0	1.0	0.0	0.0
-ità	0.218216317043	0.517961814877	0.0308100100919	0.233011857988
-osà	0.0671936758893	0.881422924901	0.0434782608696	0.00790513833994
-fta	0.0626232741617	0.931952662722	0.00147928994083	0.00394477317555
-fəŋ	0.771256415979	0.212675742022	0.00803392099978	0.00803392099978
-rra	0.173877214668	0.452822414503	0.23046284851	0.142837522318
-vok	0.373169971106	0.135251666315	0.0193579391073	0.472220423472
-zèŋ	0.59858044164	0.32334384858	0.0165615141956	0.0615141955836
-dəs	0.186593798795	0.785300022306	0.0234218157484	0.00468436314968
-oŋu	0.0644066104149	0.417220030955	0.450846272904	0.0675270857257
-ləŋ	0.541326092131	0.286523456636	0.0713569014511	0.100793549782
