-msá	0.464788732394	0.225352112676	0.161971830986	0.147887323944
-hey	0.255474452555	0.350364963504	0.262773722628	0.131386861314
-wfa	0.34096692112	0.379134860051	0.0687022900763	0.211195928753
-nƴá	0.508393285372	0.0983213429257	0.223021582734	0.170263788969
-caa	0.627131208302	0.255744996294	0.0415122312824	0.0756115641215
-aja	0.39764012605	0.357321548918	0.125523134977	0.119515190055
-hel	0.077759689654	0.592484673201	0.0170802881785	0.312675348966
-iva	0.086077346273	0.885360035054	0.0120092828511	0.0165533358217
-rba	0.0435344710269	0.107495713236	0.833727987807	0.0152418279307
-eƴa	0.111849613293	0.812825307988	0.0343569064087	0.0409681723107
-ive	0.368249087065	0.330194118778	0.0730347876226	0.228522006535
-rbe	0.0288753799392	0.966565349544	0.00455927051671	0.0
-eƴe	0.0607093561925	0.0840006482221	0.0690803627809	0.786209632804
-aan	0.38310708899	0.191553544495	0.0995475113122	0.325791855204
-rwá	0.521788990826	0.363532110092	0.091743119266	0.0229357798165
-ufu	0.289108910891	0.544554455446	0.118811881188	0.0475247524752
-aus	0.0251554141969	0.952291455833	0.00867428075755	0.0138788492121
-aur	0.0	0.994718309859	0.00528169014084	0.0
-aut	0.0212624584718	0.978737541528	0.0	0.0
-áwa	0.241863777956	0.109268590403	0.0228908763561	0.625976755285
-zir	0.213386832026	0.742841510122	0.0437716578515	0.0
-áwe	0.102942029826	0.80781059595	0.0458654906284	0.0433818835954
-ufe	0.317256010309	0.438458855105	0.110431631629	0.133853502958
-ufa	0.348107430637	0.503394486555	0.0632558839192	0.0852421988885
-aug	0.0	0.981651376147	0.0183486238532	0.0
-nse	0.557345636032	0.222247253596	0.0408173676536	0.179589742718
-aum	0.0121359223301	0.98786407767	0.0	0.0
-nsa	0.610503466537	0.212380355355	0.110873043348	0.0662431347599
-rge	0.0887280228198	0.130196650031	0.0752433739654	0.705831953184
-álá	0.574615702986	0.272914305609	0.0466040917021	0.105865899702
-nti	0.0961538461538	0.865384615385	0.0384615384615	0.0
-nak	0.70945945946	0.226044226044	0.0257985257985	0.0386977886978
-nta	0.511882170384	0.277164984745	0.0896543395678	0.121298505302
-nte	0.704170393708	0.143056344358	0.0303337836331	0.122439478302
--he	0.283404571641	0.436721798922	0.139379297528	0.140494331909
-ára	0.19147111234	0.116737443154	0.0459457850939	0.645845659412
-imá	0.338043478261	0.610869565217	0.0163043478261	0.0347826086957
-nme	0.497766610832	0.331099944165	0.0421552205472	0.128978224456
-ará	0.47629776496	0.367564888248	0.0804343907714	0.0757029560202
-nma	0.223172070555	0.675386079192	0.101441850252	0.0
-ŋŋe	0.25078303568	0.202497876472	0.463257330458	0.0834617573897
-gyá	0.675257731959	0.197164948454	0.0270618556701	0.100515463918
-sma	0.78107159692	0.192217042895	0.0245116011103	0.002199759074
-gda	0.0	0.949685534591	0.0503144654088	0.0
-ŋɗe	0.125720273712	0.529495565094	0.122626914158	0.222157247036
-msa	0.58245255458	0.106138397766	0.0547651149531	0.256643932701
-mse	0.0888888888889	0.566666666667	0.0111111111111	0.333333333333
-nƴa	0.476569609829	0.328655459118	0.0773280670473	0.117446864005
-dem	0.210971305378	0.0436805926372	0.00648168727918	0.738866414706
-ima	0.0146922376541	0.96275345772	0.0145766190222	0.00797768560403
-ivá	0.25	0.638888888889	0.0833333333333	0.0277777777778
-eƴá	0.294117647059	0.529411764706	0.117647058824	0.0588235294118
-ɗɗe	0.0577801746612	0.563028484225	0.340006557529	0.0391847835847
-kim	0.0	1.0	0.0	0.0
-lga	0.0895846965089	0.787594780801	0.0582156191063	0.0646049035834
-dey	0.149471424656	0.237813053134	0.192666801575	0.420048720635
-rwa	0.0680129132768	0.653974180661	0.013115437822	0.26489746824
-lla	0.118632707775	0.765750670241	0.051273458445	0.0643431635388
-lle	0.0594085390394	0.102649959984	0.0967267921413	0.741214708835
-idi	0.013847828016	0.979099821122	0.00294237155147	0.00410997930999
-rpa	0.0755148741419	0.910755148741	0.0137299771167	0.0
-áwá	0.354832019909	0.356076316881	0.155951887184	0.133139776027
-ide	0.419970631424	0.490035661842	0.0	0.0899937067338
-rpe	0.208556149733	0.701871657754	0.0160427807487	0.0735294117647
-ida	0.178069980505	0.426375518945	0.326518449681	0.0690360508692
-ufá	0.0899935718877	0.0443539747161	0.0	0.865652453396
-rga	0.30064516129	0.473548387097	0.14064516129	0.0851612903227
-kpa	0.319909245604	0.590470788429	0.0714690867839	0.0181508791832
-ále	0.488902328394	0.314242515875	0.117478076807	0.0793770789236
-nsá	0.392670157068	0.376963350785	0.0994764397906	0.130890052356
-ála	0.300155998176	0.555480260863	0.063986255591	0.0803774853697
-eja	0.494417349541	0.242517267843	0.10987052212	0.153194860496
-ter	0.513620279885	0.329539587082	0.0568824650524	0.0999576679803
-uta	0.167330677291	0.795105293113	0.018782014798	0.0187820147979
-eje	0.490192502889	0.245386909369	0.0572780501638	0.207142537579
-bbe	0.0772076564259	0.922792343574	0.0	0.0
-ute	0.21154777996	0.623103210834	0.0473081533243	0.118040855882
-ntá	0.674725642437	0.217060162997	0.0370546049535	0.0711595896122
-bbi	0.745762711864	0.152542372881	0.0	0.101694915254
-rim	0.0	1.0	0.0	0.0
-llá	0.283194433207	0.413787523262	0.0695849178736	0.233433125657
-eru	0.624396821682	0.230394615136	0.0465269187478	0.0986816444341
-maŋ	0.0	0.906976744186	0.0	0.093023255814
-bzu	0.358574610245	0.273942093541	0.0601336302895	0.307349665924
-gre	0.389030612245	0.472789115646	0.0701530612245	0.0680272108843
-dze	0.18639352984	0.235046791521	0.0544450416208	0.524114637018
-mja	0.726238286479	0.253681392236	0.0	0.0200803212851
-dza	0.471387638984	0.321459399853	0.038462471289	0.168690489874
-mje	0.377107364685	0.543034605146	0.0798580301686	0.0
-iƴa	0.757575757576	0.020202020202	0.0	0.222222222222
-jin	0.0	1.0	0.0	0.0
-are	0.203432546367	0.302105548351	0.0570685521514	0.43739335313
-yɗa	0.0353625783348	0.517009847807	0.426141450313	0.0214861235453
-ara	0.170342858249	0.362397796111	0.0573435433985	0.409915802242
-yɗe	0.61038961039	0.194805194805	0.116883116883	0.0779220779221
-nmá	0.724137931034	0.137931034483	0.0689655172414	0.0689655172414
-gye	0.461395279668	0.315668505744	0.153980436528	0.0689557780602
-lus	0.192603309522	0.763088886879	0.0144678542364	0.0298399493625
-ari	0.133018812435	0.636286136077	0.0490516083917	0.181643443096
-gya	0.555929692235	0.144948032415	0.0795788717534	0.219543403596
-aru	0.180685358255	0.647975077882	0.0498442367601	0.121495327103
-lum	0.0116389099167	0.954769114307	0.00747539742621	0.0261165783497
-yde	0.148851270424	0.786586732766	0.0430413312069	0.0215206656035
-yda	0.0	1.0	0.0	0.0
-aye	0.185560623777	0.49823781968	0.0301146854122	0.286086871131
-áye	0.235395475515	0.66814065469	0.0104332001392	0.0860306696558
-wji	0.146368715084	0.763687150838	0.08156424581	0.00837988826816
-aya	0.211307778351	0.546604710393	0.17055136645	0.0715361448057
-nwe	0.0346509529012	0.949543349284	0.00729493745289	0.0085107603617
-phe	0.161616161616	0.626262626263	0.050505050505	0.161616161616
-ayi	0.0	1.0	0.0	0.0
-ayu	0.0874568469505	0.904487917146	0.00345224395857	0.00460299194478
-áfá	0.160012249819	0.759704787469	0.0442940483929	0.0359889143192
-auŋ	0.057362088874	0.826423808992	0.00670465973854	0.109509442396
-iwi	0.0359424920128	0.912639776358	0.0469249201278	0.00449281150161
-eca	0.481535330038	0.471939517301	0.0325676068625	0.0139575457982
-ána	0.0853288851107	0.879144144867	0.0170016199657	0.0185253500569
-ubu	0.0	0.999136491854	0.00086350814576	0.0
-dán	0.685714285714	0.175939849624	0.0481203007518	0.0902255639097
-uba	0.24403599657	0.73265557565	0.00904237306452	0.0142660547153
-ube	0.413983440662	0.287948482061	0.066237350506	0.231830726771
-aud	0.0	1.0	0.0	0.0
-aɓe	0.160872346634	0.0785667685451	0.0407308376816	0.71983004714
-ɗaa	0.639508352508	0.187614265109	0.0927531198294	0.0801242625529
-ija	0.59942735006	0.200367714877	0.0752846552968	0.124920279767
-áɓá	0.225663716814	0.747787610619	0.0265486725664	0.0
-sus	0.0160608622147	0.960270498732	0.021978021978	0.00169061707523
-ali	0.119677859596	0.710253603083	0.0524902892965	0.117578248024
-iji	0.028125	0.92734375	0.03046875	0.0140625
-isá	0.28804661917	0.359935243081	0.300980751342	0.0510373864064
-rán	0.537583817791	0.257578612836	0.0789992145733	0.1258383548
-rám	0.0792253521127	0.130281690141	0.679577464789	0.110915492958
-uma	0.0728070658152	0.744046507998	0.0955167675374	0.0876296586496
-evá	0.432702223322	0.339603184424	0.133646825888	0.0940477663656
-nhe	0.606650984177	0.253352634859	0.0446749904498	0.0953213905141
-ábi	0.289813384499	0.121165167421	0.0394311438188	0.549590304262
-lme	0.290621645456	0.138238474619	0.455247812719	0.115892067206
-haá	0.389090909091	0.272727272727	0.0109090909091	0.327272727273
ALL	0.242985067863	0.330571564351	0.0612277805638	0.365215587222
-ápá	0.395437262357	0.205323193916	0.223574144487	0.17566539924
-nan	0.154854368932	0.791747572816	0.0373786407766	0.0160194174757
-ige	0.335266835249	0.461595618461	0.150645366187	0.0524921801033
-aki	0.0	1.0	0.0	0.0
-nam	0.0455407969639	0.948766603416	0.0	0.00569259962048
-sis	0.0	1.0	0.0	0.0
-avá	0.715662650602	0.255421686747	0.0	0.0289156626506
-ake	0.164555905176	0.648379618514	0.135786504009	0.0512779723
-naa	0.621301342785	0.186326606142	0.043637910285	0.148734140788
-gde	0.145278450363	0.840193704601	0.0145278450363	0.0
-aka	0.317669087824	0.166259927892	0.067910319469	0.448160664815
-aul	0.0358389551302	0.902680812677	0.00339922602238	0.0580810061709
-kis	0.0	0.961538461538	0.0384615384615	0.0
-eba	0.157865090214	0.477422809325	0.141336209185	0.223375891276
-nar	0.534482758621	0.431034482759	0.0	0.0344827586207
-nas	0.0424024545704	0.910312383969	0.0218436887181	0.0254414727423
-aku	0.19145194803	0.710780528747	0.0188276204816	0.0789399027421
-aun	0.00493923441867	0.992526158445	0.00175472801715	0.000779879118734
-vge	0.559433407274	0.111941752717	0.0677799942596	0.26084484575
-zza	0.805531396765	0.152026439381	0.0	0.0424421638546
-ayá	0.583452153013	0.332138346845	0.0222430439565	0.0621664561861
-wun	0.228346456693	0.748031496063	0.0236220472441	0.0
-wum	0.177361211247	0.633741888969	0.162941600577	0.0259552992069
-wus	0.0528325907066	0.937619350732	0.00572883513685	0.00381922342457
-yna	0.0	1.0	0.0	0.0
-lka	0.225426482534	0.185621445979	0.0974817221771	0.49147034931
-yau	0.308227311281	0.244105173876	0.0729431721798	0.374724342663
-yas	0.0540495127142	0.922426347037	0.00420073933012	0.0193234009186
-yar	0.359859379994	0.485458612975	0.0664749121125	0.0882070949185
-mfe	0.282913165266	0.578151260504	0.118767507003	0.0201680672269
-pus	0.0109190172884	0.989080982712	0.0	0.0
-mfa	0.586333710671	0.251482854306	0.0872278777426	0.0749555572811
-bet	0.0	1.0	0.0	0.0
-yaa	0.556998920029	0.239979539495	0.0727019579729	0.130319582503
-bel	0.0564853556485	0.918410041841	0.0251046025105	0.0
-bem	0.185620915033	0.720261437909	0.0078431372549	0.086274509804
-yan	0.204334365325	0.517027863777	0.260061919505	0.0185758513932
-áɓa	0.139534883721	0.860465116279	0.0	0.0
-rem	0.604116144816	0.226087516364	0.0491877159474	0.120608622873
-lye	0.607674553751	0.28792847042	0.0639687351894	0.0404282406397
-ise	0.494421932798	0.253370005663	0.0493458548746	0.202862206664
-lya	0.393137770141	0.457094753814	0.0508311852202	0.0989362908244
-hhe	0.323929368784	0.300487111833	0.109397199107	0.266186320276
-eve	0.565779883382	0.24152696793	0.0655976676384	0.12709548105
-upe	0.0902956106301	0.876540260774	0.0119836767194	0.0211804518762
-umá	0.648387096774	0.159677419355	0.0354838709677	0.156451612903
-ábá	0.123595505618	0.876404494382	0.0	0.0
-lɓe	0.153772443302	0.846227556698	0.0	0.0
-ábí	0.381733021077	0.407494145199	0.056206088993	0.154566744731
-isu	0.00748649966451	0.77376087167	0.00259748802307	0.216155140642
-áne	0.181011767861	0.624233567315	0.0766675501837	0.11808711464
-sán	0.383333333333	0.616666666667	0.0	0.0
-zlu	0.512658227848	0.360759493671	0.0569620253165	0.0696202531645
-haa	0.421048592696	0.124274179108	0.0536318755809	0.401045352615
-hab	0.00721153846154	0.992788461538	0.0	0.0
-ápa	0.48940609568	0.419660899406	0.0116580775531	0.0792749273612
-ava	0.423857312027	0.336953905122	0.0587578588402	0.180430924011
-mas	0.0153564899452	0.980255941499	0.0	0.00438756855576
-mar	0.0	1.0	0.0	0.0
-ŋga	0.42275862069	0.246206896552	0.255172413793	0.0758620689655
-ave	0.138236870844	0.250310169728	0.0601387996201	0.551314159808
-aká	0.570353242802	0.210916084448	0.0838994927673	0.134831179983
-rɗa	0.449947812032	0.364462064717	0.144893066675	0.0406970565761
-zle	0.527911346662	0.232161434913	0.0713037039543	0.168623514471
-zla	0.286936713348	0.561806679961	0.104346770845	0.0469098358455
-man	0.0221223191869	0.723471010163	0.242770905363	0.0116357652866
-maa	0.518516104532	0.104305959176	0.0107472323209	0.366430703971
-teŋ	0.239195702325	0.075415091683	0.0164412048219	0.66894800117
-zli	0.289915966387	0.281512605042	0.0252100840336	0.403361344538
-eká	0.360057151929	0.103857755199	0.312049531672	0.2240355612
-uni	0.0412863972186	0.945241199478	0.0	0.0134724033029
-une	0.392027827395	0.48199680361	0.0893108959293	0.0366644730657
-kga	0.243902439024	0.365853658537	0.0	0.390243902439
-una	0.361533428162	0.0662924869685	0.00401059381315	0.568163491056
-pte	0.62765753687	0.202260103429	0.0356253591266	0.134457000575
-nka	0.479938652051	0.232675259275	0.110086085865	0.177300002809
-pta	0.0	1.0	0.0	0.0
-unu	0.0	1.0	0.0	0.0
-wna	0.00867052023121	0.965317919075	0.0260115606936	0.0
-eɗu	0.477611940299	0.242537313433	0.279850746269	0.0
-ade	0.413995804609	0.535289941961	0.0163309201413	0.034383333289
-gaa	0.537515432896	0.153657654951	0.0531173275623	0.255709584591
-ada	0.0844423771687	0.857702846147	0.0112804702325	0.0465743064519
-gan	0.522040535535	0.293697412288	0.0260358787109	0.158226173467
-gak	0.347663551402	0.590654205608	0.0560747663551	0.00560747663551
-adi	0.0209059233449	0.707317073171	0.271777003484	0.0
-gaw	0.0	1.0	0.0	0.0
-mbá	0.213922821571	0.482967874396	0.0692286682052	0.233880635828
-eɗe	0.290947768566	0.531939185345	0.0590376820297	0.118075364059
-adu	0.604436229205	0.351201478743	0.0	0.0443622920518
-gar	0.506249035643	0.202129301034	0.166640950471	0.124980712853
-eɗa	0.465904846007	0.272105459693	0.131531719164	0.130457975136
-aƴa	0.706253127522	0.17150437483	0.0458616697417	0.0763808279061
-fke	0.167656668034	0.258698810219	0.056732290517	0.51691223123
-fka	0.293205461193	0.244034636856	0.337421772651	0.125338129299
-gay	0.0755669888588	0.893837365464	0.00312103958991	0.027474606087
-aƴi	0.105356689515	0.773800456969	0.00913937547602	0.11170347804
-ini	0.0880758935493	0.0600454775613	0.0163321630513	0.835546465838
-sem	0.377137080558	0.114183514741	0.0195483852813	0.489131019419
-lpa	0.0	0.898997995992	0.0	0.101002004008
-lbe	0.21695789844	0.597748328838	0.043391579688	0.141902193034
-ina	0.225177511311	0.156623094598	0.048023563235	0.570175830856
-aɗa	0.371939546385	0.444052426071	0.100450018583	0.083558008961
-lba	0.09	0.87	0.02	0.02
-ine	0.0725881492055	0.739387314464	0.157412844534	0.0306116917962
-aɗe	0.145854837012	0.132818067797	0.0707635087911	0.650563586399
-iwá	0.606557377049	0.262295081967	0.0655737704918	0.0655737704918
-rfa	0.513219284603	0.219654284476	0.167567498661	0.0995589322591
-sey	0.152463328819	0.0530844205981	0.0244738511359	0.769978399447
-áfa	0.147201946472	0.810218978102	0.021897810219	0.0206812652068
-set	0.454545454545	0.041958041958	0.0	0.503496503497
-ses	0.103425117529	0.840161182001	0.0	0.0564137004701
-inu	0.67393939394	0.30606060606	0.00545454545456	0.0145454545454
-rsa	0.276020888536	0.588017200454	0.0646426050117	0.0713193059988
-eda	0.249411092165	0.653308232882	0.0372564287052	0.0600242462473
-kus	0.0374155133569	0.953733504989	0.00241390408754	0.00643707756678
-rse	0.574493165623	0.275350560877	0.060593029988	0.0895632435127
-ede	0.550185873606	0.207647371216	0.124269782262	0.117896972916
-ena	0.359543174947	0.189698470833	0.0313957998554	0.419362554365
-usa	0.0460313606799	0.925575516783	0.0129069999581	0.0154861225788
-mtu	0.270212777422	0.0302097529918	0.00903591810072	0.690541551485
-nem	0.502835574731	0.271937299241	0.0847899108028	0.140437215226
-fus	0.0	0.960784313726	0.0392156862745	0.0
-átá	0.546217541235	0.0403388478486	0.0187782317547	0.394665379162
-kul	0.0348188019025	0.195476437482	0.0147344048353	0.754970355781
-rɗá	0.77485380117	0.190058479532	0.0350877192983	0.0
-ban	0.613389414651	0.32220469681	0.0460042060989	0.0184016824395
-eka	0.430985308615	0.265388806645	0.154620442496	0.149005442244
-rhe	0.560957795427	0.230369152503	0.11152627786	0.0971467742093
-eke	0.0682662210613	0.0419300626895	0.0243270810808	0.865476635168
-eki	0.128656906392	0.0587283067338	0.0284452045241	0.78416958235
-áŋa	0.424080980288	0.43526904635	0.0479488545552	0.0927011188066
-baa	0.5692561756	0.291233743893	0.019266496938	0.120243583569
-nká	0.479277364506	0.199787460149	0.206163655685	0.11477151966
-mka	0.429639039928	0.218675072791	0.0937350792552	0.257950808027
-bar	0.0744827586207	0.899310344828	0.0220689655172	0.00413793103448
-bas	0.0205128205128	0.97037037037	0.0034188034188	0.00569800569801
-wya	0.0	0.781619654231	0.0	0.218380345769
-ɗga	0.127659574468	0.872340425532	0.0	0.0
-ŋde	0.0629370629371	0.734265734266	0.0839160839161	0.118881118881
-ase	0.427158784003	0.262590630364	0.0291894343419	0.281061151292
-nya	0.37810552475	0.469325579298	0.0984809261496	0.0540879698023
-asa	0.478241940035	0.324597928243	0.0423358000669	0.154824331656
-nye	0.211425623267	0.713853983578	0.0554823928574	0.0192380002973
-yep	0.257731958763	0.123711340206	0.0463917525773	0.572164948454
-yer	0.0120556334481	0.96903773436	0.00223055773048	0.0166760744612
-yev	0.890367216605	0.109632783395	0.0	0.0
-mba	0.121441385641	0.749068120385	0.0630163166512	0.0664741773229
-asu	0.0	0.891891891892	0.108108108108	0.0
-eli	0.711504337895	0.202448106241	0.0615895942491	0.0244579616152
-yem	0.533280663638	0.344262295082	0.0829547698993	0.0395022713806
-mbe	0.590283088725	0.237088719009	0.0760187721111	0.0966094201554
-eɗá	0.535016286645	0.223941368078	0.158794788274	0.0822475570033
-lta	0.192233009709	0.656310679612	0.15145631068	0.0
-yeb	0.320512820513	0.366096866097	0.0	0.31339031339
-lte	0.560949298813	0.367853290183	0.0129449838188	0.0582524271845
-yef	0.333333333333	0.652777777778	0.0	0.0138888888889
-wga	0.268292682927	0.560975609756	0.146341463415	0.0243902439024
-wge	0.503225806452	0.270967741936	0.129032258065	0.0967741935483
-iná	0.403577817531	0.46976744186	0.0336314847943	0.0930232558139
-aɗá	0.683544303797	0.151898734177	0.151898734177	0.0126582278481
-rau	0.315578525472	0.56787258728	0.0322750764687	0.0842738107794
-rar	0.598818674561	0.318506255026	0.0332793321409	0.049395738272
-ras	0.00546448087431	0.994535519126	0.0	0.0
-áɗe	0.607240171273	0.235110938108	0.0350330868042	0.122615803815
-ran	0.29373498799	0.595176140913	0.0600480384308	0.0510408326661
-eri	0.22656387173	0.751328832064	0.00981659723219	0.0122906989736
-iwa	0.387680049035	0.245786086424	0.26110940852	0.105424456022
-ram	0.166696403538	0.705757907884	0.122040119287	0.00550556929116
-isa	0.104634264075	0.826082803945	0.0502585203293	0.0190244116501
-iwe	0.0575339555545	0.832628492933	0.109837551513	0.0
-era	0.256599564338	0.404265204555	0.134945227005	0.204190004101
-bza	0.434974445711	0.383571717469	0.0617715189175	0.119682317903
-ere	0.0955982274599	0.359600834778	0.0721480771809	0.472652860581
-bze	0.537792278412	0.234910277325	0.10766721044	0.119630233823
-raa	0.586718607388	0.215879012564	0.0566498165546	0.140752563493
-rsá	0.515818132566	0.344880225948	0.0901085320988	0.0491931093873
-ugu	0.0	0.922239502333	0.0777604976672	0.0
-átu	0.00199778024417	0.994006659267	0.00399556048835	0.0
-ása	0.0985091526703	0.741460652953	0.0958671447442	0.064163049632
-azu	0.518636252844	0.398115047124	0.0429598635034	0.0402888365291
-uka	0.439745468634	0.300243272542	0.143438759938	0.116572498887
-uge	0.395237600083	0.131329936571	0.0946864926692	0.378745970677
-áte	0.0876632999782	0.0128493846332	0.00967672046133	0.889810594927
-kƴa	0.209677419355	0.0322580645161	0.758064516129	0.0
-uga	0.0875912408759	0.758313057583	0.095701540957	0.0583941605839
-áta	0.134236453202	0.850985221675	0.0	0.0147783251232
-zha	0.130919220056	0.481894150418	0.0389972144847	0.348189415042
-rɗe	0.100744309999	0.0743233239566	0.0848621074876	0.740070258557
-zhe	0.145136768644	0.48633056158	0.0412738074796	0.327258862297
-aza	0.511238245427	0.325812795964	0.093328733799	0.0696202248097
-eva	0.502266178593	0.261342476991	0.0588920408879	0.177499303528
-ike	0.057781201849	0.828967642527	0.0277349768875	0.0855161787366
-aha	0.115044777416	0.740277220964	0.0794045140384	0.0652734875809
-laa	0.535880275144	0.172362686166	0.0792691743612	0.212487864328
-ika	0.228386801655	0.551902136713	0.129446384895	0.0902646767362
-lal	0.393289114319	0.563012095201	0.0436987904799	0.0
-lam	0.06953125	0.81796875	0.09375	0.01875
-lan	0.414665095622	0.54182905828	0.0100607269102	0.0334451191879
-upa	0.724279835391	0.257201646091	0.0	0.0185185185185
-iki	0.0141956635628	0.946056478461	0.0397478579757	0.0
-lak	0.308740978348	0.659320299754	0.015969360949	0.015969360949
-kca	0.756911344137	0.243088655863	0.0	0.0
-uja	0.0	1.0	0.0	0.0
-áce	0.2464	0.1992	0.4312	0.1232
-law	0.0378440366973	0.594036697248	0.196100917431	0.172018348624
-uje	0.141785241813	0.0899041078142	0.343385085047	0.424925565326
-lar	0.654545454546	0.2	0.0363636363636	0.109090909091
-las	0.00923076923077	0.95972027972	0.0176223776224	0.0134265734266
-ahe	0.570982130767	0.240290879463	0.0584960264267	0.130230963343
-ppe	0.519843416823	0.331370739314	0.0445561885364	0.104229655326
-ahi	0.113320504597	0.794526405816	0.0806072268548	0.0115458627325
-awá	0.0833333333333	0.63768115942	0.119565217391	0.159420289855
-úmá	0.0652173913043	0.91847826087	0.0163043478261	0.0
-fán	0.228933791918	0.555030094583	0.190240756664	0.0257953568357
-ɓaa	0.711674425276	0.214828723807	0.0180729961272	0.0554238547901
-kja	0.261838440111	0.721448467967	0.016713091922	0.0
-cca	0.172555464256	0.137222678718	0.690221857025	0.0
-gey	0.347962382445	0.297805642633	0.137931034483	0.216300940439
-whe	0.847206385405	0.0661345496009	0.0165336374002	0.0701254275941
-ges	0.395939086294	0.573604060914	0.0	0.0304568527919
-eɓa	0.363068109099	0.55570474635	0.0645418300776	0.0166853144737
-ypa	0.10689882918	0.701828279796	0.129345541879	0.0619273491444
-gev	0.752759586593	0.0915290254032	0.0516951608229	0.104016227181
-eɓe	0.180506681729	0.146092881125	0.0868852861618	0.586515150984
-sar	0.315674371253	0.419855963199	0.190038083029	0.0744315825194
-dda	0.0627473140138	0.340566860706	0.00561337543966	0.59107244984
-íre	0.0632716049382	0.895061728395	0.0231481481481	0.0185185185185
-dde	0.522222495511	0.226529256954	0.0528814226333	0.198366824901
-efe	0.524451668453	0.286710846365	0.109848921743	0.0789885634396
-ddi	0.0	1.0	0.0	0.0
-ƴaa	0.615429049237	0.0974818124164	0.0502607459232	0.236828392424
-lfa	0.0	1.0	0.0	0.0
-saa	0.551118148499	0.276458759607	0.0603435037484	0.112079588146
-dus	0.0176443275035	0.936310168704	0.0386163132642	0.00742919052779
-lfe	0.0468150923667	0.635710758685	0.293148019054	0.0243261298943
-yka	0.725897920605	0.100189035917	0.0	0.173913043478
-ibe	0.0	1.0	0.0	0.0
-rve	0.29207104082	0.5863171768	0.0720961097132	0.0495156726666
-iba	0.36314457634	0.583234279496	0.0110940298271	0.0425271143372
-rva	0.27551903654	0.425267679221	0.017664052387	0.281549231852
-árá	0.402811859819	0.439632055927	0.0639318760687	0.0936242081861
-vhe	0.714422356074	0.224775741282	0.00977173435358	0.051030168291
-yán	0.452553760421	0.315551760555	0.140215266386	0.0916792126374
-áki	0.117000072642	0.0393657834932	0.0107572476227	0.832876896242
-ɗɗa	0.0	0.375	0.53125	0.09375
-air	0.0133928571429	0.959821428571	0.0178571428572	0.00892857142859
-tsa	0.434579962254	0.282698401886	0.112788546215	0.169933089644
-hán	0.261044176707	0.484939759036	0.0753012048193	0.178714859438
-yák	0.158227848101	0.76582278481	0.0	0.0759493670886
-áma	0.240082273733	0.528112875895	0.057133238564	0.174671611808
-ime	0.719364282727	0.146800501882	0.0567604708132	0.0770747445778
-áme	0.119174891122	0.272543635566	0.0276836857564	0.580597787556
-vse	0.198113207547	0.745283018868	0.0566037735849	0.0
-ipi	0.0	0.97919556172	0.00832177531206	0.0124826629681
-ipa	0.0464584920031	0.669078446306	0.268469154608	0.015993907083
-nvá	0.529988459755	0.335411296498	0.117775213279	0.0168250304684
-rde	0.120231937761	0.686823979482	0.0266762735562	0.1662678092
-ɗva	0.583229923772	0.36713348697	0.0496365892572	0.0
-ewe	0.385620915033	0.281045751634	0.0522875816993	0.281045751634
-rda	0.351898829785	0.503058499017	0.0642470892554	0.0807955819424
-han	0.663366336634	0.153465346535	0.0148514851485	0.168316831683
-ewa	0.572984749455	0.0610021786492	0.114379084967	0.251633986928
-rwe	0.183650050945	0.43717911939	0.293355360128	0.0858154695367
-esa	0.421337363621	0.428500473244	0.093630525249	0.0565316378862
-ipu	0.234680180656	0.156360703971	0.168905114378	0.440054000995
-sau	0.378297660528	0.366959792047	0.0738344118135	0.180908135612
-aid	0.463768115942	0.536231884058	0.0	0.0
-gán	0.572963352133	0.119872193511	0.137970964767	0.169193489589
-awa	0.529376153463	0.130345139968	0.0967360387094	0.243542667859
-ahá	0.449644507528	0.38516977439	0.0633794144906	0.101806303591
-awe	0.150733954782	0.632294543411	0.124353485843	0.0926180159639
-kjá	0.490566037736	0.132075471698	0.0188679245283	0.358490566038
-wda	0.0740740740741	0.851851851852	0.0	0.0740740740741
-eɓá	0.476228899719	0.44824581222	0.0377626440306	0.0377626440306
-rɓa	0.349557522124	0.597345132743	0.0	0.0530973451327
-nva	0.418740505727	0.0949394499145	0.0265265478741	0.459793496485
-rɓe	0.111111111111	0.888888888889	0.0	0.0
-nve	0.63532372588	0.231742076484	0.046678712073	0.0862554855638
-stu	0.0	1.0	0.0	0.0
-rak	0.0	1.0	0.0	0.0
-ƴƴa	0.335378323108	0.59918200409	0.00817995910021	0.0572597137014
-pka	0.20368600079	0.383072084063	0.278233903096	0.135008012051
-ŋgu	0.136784878209	0.819296921857	0.0311490316714	0.0127691682628
-wka	0.489250821927	0.223841723599	0.0419678457341	0.244939608739
-anu	0.563171668951	0.283454798065	0.036279263421	0.117094269563
-sta	0.0128205128205	0.974358974359	0.0128205128205	0.0
-rvá	0.366071428571	0.412946428572	0.220982142857	0.0
-áza	0.172815556282	0.163138914062	0.0337471641962	0.63029836546
-yye	0.20446998746	0.196084463256	0.493314562113	0.106130987172
-eys	0.0	0.955357142857	0.0357142857143	0.00892857142856
-sse	0.444098496672	0.15995555947	0.0759284360461	0.320017507812
-eya	0.353466520405	0.435672417423	0.0292524016887	0.181608660484
-hya	0.177943203011	0.644595743215	0.0991419369868	0.0783191167867
-eye	0.38442168877	0.350344132953	0.119187510492	0.146046667786
-lli	0.0	0.970802919708	0.029197080292	0.0
-uce	0.162296037296	0.350815850816	0.292832167832	0.194055944056
-car	0.0625	0.794642857143	0.142857142857	0.0
-lem	0.692682926829	0.268292682927	0.0	0.0390243902439
-yte	0.528925619835	0.421487603306	0.0	0.0495867768595
--ju	0.0350877192983	0.33918128655	0.625730994152	0.0
-yta	0.549763033175	0.336492890995	0.0568720379147	0.0568720379147
-ley	0.335168477959	0.151378110862	0.0498602466785	0.4635931645
-ági	0.21198156682	0.622119815668	0.0	0.165898617512
-mus	0.00838457238681	0.973169368362	0.00670765790944	0.0117384013415
-ema	0.413216600464	0.317426172809	0.0736657728741	0.195691453854
-esá	0.708333333333	0.0625	0.0208333333333	0.208333333333
-áge	0.0597014925373	0.399668325042	0.441127694859	0.0995024875622
-itá	0.528004463974	0.27041919509	0.0655646230035	0.136011717933
-fta	0.0	1.0	0.0	0.0
-ifa	0.281885701533	0.611281407166	0.0756917231966	0.0311411681052
-rre	0.204174647558	0.241941731089	0.21972611171	0.334157509643
-eza	0.433440409593	0.107402924424	0.0227373719087	0.436419294075
-bka	0.132950191571	0.165134099617	0.68429118774	0.0176245210728
-ndu	0.483660130719	0.303921568627	0.0457516339869	0.166666666667
-ndi	0.0257510729614	0.896995708155	0.0772532188841	0.0
-ezá	0.391200273567	0.564345149892	0.0	0.0444545765417
-sam	0.0	1.0	0.0	0.0
-kve	0.306807286673	0.366730584851	0.136625119847	0.189837008629
-nda	0.489119059487	0.301323331504	0.078073448555	0.131484160454
-ale	0.161384747239	0.426055760212	0.268636527842	0.143922964706
-nde	0.0713229233972	0.407709028016	0.0135375209641	0.507430527623
-ala	0.492369717753	0.387271315042	0.0508191996011	0.0695397676035
-bde	0.9	0.076923076923	0.0230769230769	0.0
-uve	0.782424870466	0.206632124352	0.0	0.0109430051813
-uva	0.336488138694	0.246088012033	0.242899488957	0.174524360316
-abá	0.387149917628	0.579901153213	0.0	0.0329489291598
-njá	0.570010190257	0.15088998817	0.0389455231194	0.240154298454
-rƴe	0.587212342901	0.330248267266	0.0321340610355	0.0504053287978
-uɗe	0.236737384534	0.181078396093	0.092115125763	0.49006909361
-rƴa	0.681743744498	0.15712723832	0.0442913886092	0.116837628573
-uɗa	0.522281736222	0.36807720206	0.0603114292583	0.0493296324597
-iyu	0.841836734694	0.0459183673469	0.00510204081633	0.107142857143
-pen	0.583941605839	0.21897810219	0.109489051095	0.0875912408758
-uɗi	0.114574789229	0.248258187335	0.317853829882	0.319313193553
-elu	0.767906336088	0.15564738292	0.0227272727273	0.0537190082644
-wɗa	0.294642857143	0.598214285714	0.0535714285714	0.0535714285714
-uɗu	0.558823529412	0.0705882352941	0.370588235294	0.0
-lsa	0.0951893551689	0.875639713408	0.0	0.0291709314228
-lse	0.728571428572	0.0785714285714	0.0214285714286	0.171428571428
-iye	0.27573570469	0.139177675848	0.0829971991061	0.502089420356
-rka	0.472848588935	0.285711241905	0.123078246999	0.118361922162
--ŋa	0.19414893617	0.0877659574468	0.0558510638298	0.662234042553
-mán	0.459279038718	0.28170894526	0.17712505563	0.0818869603916
-iya	0.152974855233	0.573011171319	0.030867629209	0.243146344239
-ffá	0.328125	0.640625	0.0	0.03125
-ele	0.0967481934233	0.280942827237	0.10716135445	0.515147624889
-kte	0.310477994754	0.397085397843	0.0770183619936	0.215418245409
-láa	0.0	1.0	0.0	0.0
-hum	0.0335558979627	0.932374593392	0.0109570279062	0.0231124807396
-lál	0.229950319376	0.247693399574	0.513839602555	0.00851667849538
-lám	0.0129032258065	0.987096774194	0.0	0.0
-lán	0.486875879772	0.218762937816	0.165190030637	0.129171151776
-itu	0.308553157474	0.54276578737	0.00479616306954	0.143884892086
-cce	0.0	0.111893012527	0.888106987473	0.0
-bba	0.0504504504504	0.903861003861	0.00694980694981	0.0387387387387
-lák	0.871860154625	0.0827304623219	0.00908187661067	0.0363275064427
-iti	0.0	0.922580645161	0.0774193548387	0.0
-ján	0.294252873563	0.158620689655	0.0275862068966	0.519540229885
-ágá	0.567676767677	0.276767676768	0.0484848484849	0.107070707071
-ite	0.241934797449	0.332926282709	0.0261645419014	0.398974377941
-ese	0.531522144705	0.268063579393	0.0634303105332	0.136983965369
-ita	0.162292649404	0.782084699634	0.0227544171683	0.0328682337939
-spa	0.040404040404	0.924242424242	0.0353535353536	0.0
-faa	0.619032687936	0.134044054245	0.108959786784	0.137963471035
-udu	0.0052640154411	0.984207953677	0.0105280308822	0.0
-fak	0.644526445264	0.089790897909	0.19926199262	0.0664206642066
-úrá	0.157894736842	0.771929824561	0.0526315789474	0.0175438596491
-fan	0.260960532573	0.653447456015	0.0427960057061	0.0427960057061
-far	0.400166233209	0.0833847226318	0.131243799769	0.38520524439
-áná	0.489848835563	0.284988460307	0.101999823038	0.123162881092
-uda	0.00860971321167	0.966197780877	0.000909476747709	0.0242830291639
-eze	0.318725393043	0.420090912389	0.163640889717	0.0975428048508
-fat	0.0	1.0	0.0	0.0
-ude	0.206953642384	0.450331125828	0.0496688741722	0.293046357616
-ndá	0.63060428948	0.160175613232	0.0266922450573	0.18252785223
-ɓán	0.535714285714	0.285714285714	0.178571428571	0.0
-alá	0.368421052632	0.520123839009	0.0371517027863	0.0743034055728
-abu	0.0	1.0	0.0	0.0
-hun	0.0	0.956204379562	0.043795620438	0.0
-uvá	0.681818181818	0.102272727273	0.122727272727	0.0931818181818
-ŋka	0.483118535279	0.225793366723	0.100498672755	0.190589425244
-eŋa	0.165547089266	0.497868999179	0.020522366438	0.316061545117
-abe	0.812227074236	0.187772925764	0.0	0.0
-nje	0.958904109589	0.0	0.0	0.041095890411
-ela	0.44221697924	0.428423060257	0.0352797759801	0.0940801845235
-aba	0.174579244971	0.0515900321154	0.00850307198418	0.765327650929
-nja	0.50752632408	0.219295252281	0.0833343583757	0.189844065263
-hyá	0.461144321093	0.239111870196	0.220324508967	0.0794192997438
-abi	0.0366595054166	0.932988983864	0.0136216117384	0.0167298989807
-aiŋ	0.00664244940321	0.984224182667	0.00373637778931	0.00539699014011
-gba	0.142857142857	0.845238095238	0.0	0.0119047619047
-rƴá	0.3	0.20625	0.41875	0.075
-asá	0.3125	0.166666666667	0.0	0.520833333333
-fas	0.0115458627325	0.980756895446	0.0	0.00769724182168
-ená	0.557332456994	0.271846397626	0.0545488857581	0.116272259622
-khe	0.933701657459	0.0662983425415	0.0	0.0
-vaa	0.614175160172	0.256514411628	0.0612133020078	0.0680971261917
-rká	0.0227272727273	0.977272727273	0.0	0.0
-elá	0.344715685949	0.415312169864	0.0489845419188	0.190987602268
-van	0.989848802359	0.00755233086828	0.0	0.00259886677281
-ris	0.0	1.0	0.0	0.0
-áyá	0.440017549651	0.282100952076	0.186326707586	0.0915547906872
-kán	0.295566502463	0.51724137931	0.187192118227	0.0
-min	0.00278357689631	0.10577592206	0.0	0.891440501044
-wse	0.521994134897	0.281524926686	0.161290322581	0.0351906158357
-rus	0.0237015930579	0.932003626473	0.020593187411	0.0237015930579
-utu	0.383164005806	0.425253991292	0.191582002903	0.0
-lip	0.0107449856734	0.979584527221	0.0	0.00967048710602
-rut	0.0	1.0	0.0	0.0
-jem	0.531397174254	0.29748822606	0.0486656200942	0.122448979592
-lim	0.0	0.989604989605	0.010395010395	0.0
-rŋa	0.350553505535	0.221402214022	0.391143911439	0.0369003690037
-ván	0.591078066915	0.297397769517	0.104089219331	0.00743494423792
-ice	0.346212362478	0.472046574738	0.0267685583635	0.154972504421
-mde	0.613213694325	0.276811545512	0.0410665243646	0.0689082357982
-ica	0.493899964315	0.353174885577	0.0652165683802	0.0877085817271
-mhe	0.751217738869	0.107698157302	0.0257847928703	0.115299310959
-aci	0.071309580546	0.0491507976089	0.00329436518759	0.876245256657
-slá	0.285291003679	0.420620472705	0.218681209868	0.0754073137477
-rna	0.0864840738393	0.854778538422	0.0443118718314	0.0144255159078
-ril	0.0	0.716814159292	0.283185840708	0.0
-rni	0.0199608862657	0.734454047218	0.0139357316845	0.231649334832
-uri	0.253333333333	0.506666666667	0.24	0.0
-ɗau	0.102673796791	0.783957219251	0.0106951871657	0.102673796791
-lwe	0.346774193548	0.483870967742	0.16935483871	0.0
-ura	0.0564033442981	0.566312455922	0.00916190637392	0.368122293406
-ehe	0.61805474453	0.167293196133	0.0473105870953	0.167341472242
-ure	0.0448047387063	0.0656659929089	0.00757903503719	0.881950233348
-eha	0.55472926324	0.290003004046	0.0626463272951	0.0926214054185
-úge	0.478873239437	0.474178403756	0.018779342723	0.0281690140845
-kya	0.105823693831	0.0990458305621	0.554417838653	0.240712636954
-kye	0.283784763331	0.476647256385	0.1315630512	0.108004929084
-nná	0.364828384111	0.468954878519	0.0593906671809	0.106826070189
-wza	0.58041958042	0.188811188811	0.0839160839161	0.146853146853
-uru	0.331244033041	0.530654601303	0.0660827694989	0.0720185961563
-wze	0.541353383459	0.0902255639098	0.0	0.368421052632
-áre	0.281079422429	0.447522073791	0.129452034073	0.141946469706
-ákí	0.223880597015	0.380597014925	0.089552238806	0.305970149254
-apa	0.531162279159	0.275923806357	0.0563971072504	0.136516807233
-was	0.0101608806096	0.969517358171	0.0177815410669	0.00254022015241
-war	0.193335567747	0.496392598211	0.190513150699	0.119758683342
-ape	0.770883522348	0.195460440293	0.0240400266845	0.00961601067378
-jaa	0.658951965065	0.175327510917	0.0100436681223	0.155676855895
-paa	0.580736543909	0.308781869688	0.00849858356941	0.101983002833
-uɓa	0.0225563909775	0.977443609023	0.0	0.0
-ári	0.275	0.47	0.0	0.255
-áká	0.546448453835	0.283576316794	0.0694616400761	0.100513589295
-ngá	0.491721854305	0.221440397351	0.245860927152	0.0409768211921
-ŋer	0.338945255881	0.274501059204	0.152413869997	0.234139814918
-waa	0.498960153774	0.203753805851	0.0436586409412	0.253627399434
-wan	0.516	0.316	0.12	0.048
-wam	0.0254491017964	0.938622754491	0.00898203592814	0.0269461077844
-pas	0.0576923076922	0.900641025641	0.0416666666666	0.0
-dun	0.00109649122807	0.998903508772	0.0	0.0
-nun	0.0	1.0	0.0	0.0
-áya	0.475351091091	0.271489366013	0.101370603347	0.151788939549
-ácá	0.209224426694	0.790775573306	0.0	0.0
-ken	0.787512048838	0.0843954160866	0.0115668844383	0.116525650637
-kem	0.0981605088328	0.728615063815	0.0519673282056	0.121257099146
-kúr	0.409395973154	0.335570469799	0.214765100671	0.0402684563758
-aɗi	0.0310083187782	0.82945424672	0.0813968367928	0.0581405977091
-áyu	0.129411764706	0.826470588235	0.0264705882353	0.0176470588235
-wle	0.00396825396826	0.996031746032	0.0	0.0
-ŋri	0.0504215972359	0.877020712866	0.0279453624304	0.0446123274674
-nus	0.016823941332	0.936910220005	0.0182259364431	0.0280399022201
-pse	0.349256900212	0.400212314225	0.13906581741	0.111464968153
-sle	0.445781637717	0.215012406948	0.0451612903226	0.294044665012
-tus	0.0335908993346	0.94397939472	0.0186735350934	0.00375617085211
-sla	0.3612557704	0.499268945803	0.0300635770728	0.109411706724
-rná	0.586162433102	0.228502823549	0.0396091794519	0.145725563897
-dis	0.0	1.0	0.0	0.0
-fem	0.58064516129	0.195037220844	0.18064516129	0.0436724565757
-áɗá	0.36912856703	0.514969787833	0.0671381480977	0.0487634970394
-ska	0.0827931693943	0.880785959687	0.0155702608019	0.0208506101173
-rte	0.292801653061	0.283444370779	0.0116730940092	0.412080882151
-ske	0.0291750931851	0.565534237319	0.314847880622	0.0904427888737
-uku	0.0	1.0	0.0	0.0
-ihe	0.428618857902	0.246015936255	0.268592297477	0.0567729083665
-ski	0.284510010537	0.343519494204	0.239199157007	0.132771338251
-urá	0.537424048216	0.238375955905	0.0697469151567	0.154453080723
-kta	0.254787135155	0.651979921919	0.0240751068972	0.069157836029
-ama	0.215213327705	0.628681255803	0.0606572998171	0.0954481166755
-nnu	0.148514851485	0.742574257426	0.029702970297	0.0792079207921
-ehá	0.637119113573	0.263157894737	0.0581717451524	0.0415512465374
-afi	0.27451231329	0.646781359124	0.011517999159	0.0671883284275
-kyá	0.405017921147	0.354562999724	0.0413564929694	0.199062586159
-rze	0.221220915432	0.624764523191	0.098391120615	0.0556234407616
-uke	0.26468364003	0.410637761533	0.247038064028	0.0776405344089
-ihu	0.00451990285854	0.966813458821	0.00366511850843	0.0250015198118
-ŋwe	0.0915780813331	0.14920534385	0.35357954397	0.405637030846
-afa	0.195861850413	0.604818609773	0.180962262899	0.0183572769142
-nna	0.226870471795	0.10173628165	0.0137428357509	0.657650410804
-ŋwa	0.231008494301	0.599713670911	0.07237387667	0.0969039581184
-afe	0.167428681821	0.161568677957	0.563461909975	0.107540730247
-nne	0.128183968752	0.562248995984	0.156241403972	0.153325631292
-baŋ	0.0	0.97880357984	0.0	0.0211964201602
-ait	0.02490234375	0.9150390625	0.04248046875	0.017578125
-efa	0.618022864829	0.18209668983	0.0470746469402	0.152805798401
-ais	0.0314318975553	0.927823050058	0.0205665502522	0.0201785021343
-tis	0.0091743119266	0.97247706422	0.0183486238532	0.0
-kka	0.102595054226	0.152338281537	0.0424577064382	0.702608957799
-iyá	0.472383950536	0.351710662012	0.117580518399	0.0583248690527
-áke	0.440401505646	0.262233375157	0.289836888331	0.00752823086575
-kke	0.162962883254	0.18540604595	0.331008684983	0.320622385813
-áka	0.217739412122	0.47000791445	0.0813531869468	0.230899486481
-nga	0.5	0.358974358974	0.087912087912	0.0531135531135
-aim	0.0	1.0	0.0	0.0
-ail	0.0434632710386	0.942778571223	0.00750444967572	0.0062537080631
-ain	0.0351386964895	0.930398351184	0.00202723248978	0.0324357198365
-aik	0.0	1.0	0.0	0.0
-eme	0.399547209582	0.235687298487	0.0697828783167	0.294982613614
-bán	0.418660287081	0.437799043062	0.0	0.143540669856
-uwe	0.192555232276	0.380542907216	0.0219420792648	0.404959781243
-úma	0.366666666667	0.566666666667	0.0666666666667	0.0
-jar	0.703703703704	0.191358024691	0.0370370370371	0.0679012345678
-uwa	0.242983698176	0.346049894937	0.0556324686056	0.355333938282
-nwa	0.0786516853933	0.786516853933	0.134831460674	0.0
-aŋe	0.254160887656	0.275658807212	0.37326629681	0.0969140083218
-ulá	0.384937238494	0.18410041841	0.242677824268	0.188284518828
-vka	0.267532360134	0.236683773298	0.0936982728451	0.402085593723
