-tɔb	0.159529806885	0.790092359362	0.0251889168766	0.0251889168766
-jot	0.27597955707	0.6933560477	0.0	0.03066439523
-tɔk	0.409780775717	0.225969645868	0.184654300169	0.179595278246
-mos	0.0	1.0	0.0	0.0
-tɔn	0.0819413181693	0.0706867274809	0.0127552027801	0.83461675157
-tɔl	0.684636118599	0.169811320755	0.0323450134771	0.11320754717
-lɔk	0.269122594165	0.486019963602	0.178679755143	0.0661776870899
-lek	0.231795032105	0.0884593886732	0.096017115725	0.583728463497
-lɔn	0.0118362650008	0.984218313332	0.00394542166693	0.0
-gɑl	0.155338231568	0.0476480027025	0.160273625538	0.636740140191
-lem	0.0972972972973	0.902702702703	0.0	0.0
-btu	0.229166666667	0.5	0.270833333333	0.0
-yut	0.0222335154364	0.974564858341	0.0021344174819	0.00106720874095
-tuu	0.266531819845	0.093548006499	0.0617030377757	0.57821713588
-jɑb	0.103954835952	0.772627815476	0.0334953434515	0.0899220051201
-nkɑ	0.160683760684	0.466666666667	0.323076923077	0.0495726495726
-ptɑ	0.0583657587548	0.941634241245	0.0	0.0
-jɑn	0.485899600693	0.279328062382	0.0743885382168	0.160383798709
-jɑl	0.248505450709	0.569804243348	0.0902590552104	0.0914312507326
-jɑk	0.283636392842	0.546575320461	0.0354194108009	0.134368875896
-jɑi	0.0283806343907	0.959933222037	0.0100166944908	0.0016694490818
-jɑt	0.931297709924	0.0	0.0	0.0687022900763
-n’ɑ	0.543942435663	0.189521191855	0.0428736797131	0.223662692769
-n’ɔ	0.431935401324	0.136938918218	0.0424608301291	0.388664850329
-unɔ	0.0374531835206	0.850187265918	0.0374531835206	0.0749063670412
-btl	0.481137820048	0.273552353061	0.153971061559	0.0913387653318
-lɑk	0.0225685115529	0.977431488447	0.0	0.0
-unɑ	0.388184485909	0.443497037816	0.0777919273573	0.0905265489176
-nti	0.0897729591919	0.778749041001	0.106316441892	0.0251615579145
-ntk	0.236266746853	0.228461936887	0.162408749966	0.372862566294
-ntl	0.519869930693	0.382327380333	0.0656022950615	0.032200393913
-kuɑ	0.237854919502	0.0902024569422	0.0568938638376	0.615048759718
-pus	0.0	1.0	0.0	0.0
-yen	0.261643256944	0.285074981519	0.161117858274	0.292163903263
-ŋin	0.253731343284	0.462686567164	0.276119402985	0.00746268656716
-ɑnɑ	0.0947383115138	0.461188839587	0.168707165257	0.275365683642
-ɑli	0.0906596524422	0.753703086526	0.0869789979703	0.0686582630619
-ɑnɔ	0.0688218095978	0.76634073559	0.0877181688695	0.0771192859426
-muk	0.289634146341	0.539024390244	0.114634146341	0.0567073170732
-fuɑ	0.199534600496	0.769040059154	0.020660258362	0.0107650819886
-pul	0.666476136039	0.176621891969	0.0265790225779	0.130322949414
-blɔ	0.037037037037	0.925925925926	0.037037037037	0.0
-puo	0.0183888988596	0.759172371356	0.00669464172272	0.215744088062
-blɑ	0.0803701899659	0.839259620068	0.0803701899659	0.0
-l’ɑ	0.328975123092	0.128549960085	0.0385457621149	0.503929154708
-nɑk	0.649450549451	0.210989010989	0.0659340659341	0.0736263736264
-puk	0.446094716251	0.400676073734	0.0790860438784	0.074143166136
-ɔkɑ	0.162456661714	0.578008915305	0.161466072313	0.0980683506687
-nml	0.328730095562	0.438842930805	0.142685587467	0.0897413861661
-knɑ	0.334881358392	0.201708874537	0.438647413105	0.0247623539656
-nmk	0.0441260744986	0.00716332378224	0.0	0.948710601719
-nmi	0.325975730955	0.609830312995	0.0530041838951	0.0111897721556
-nmt	0.553154586474	0.193200490337	0.072376828982	0.181268094207
-opo	0.144452198186	0.156315422191	0.695045359386	0.00418702023728
-itu	0.00616197183098	0.420334507042	0.558538732394	0.0149647887324
-opi	0.0	0.363636363636	0.636363636364	0.0
-inɑ	0.076392155349	0.865524338203	0.020314067505	0.0377694389433
-fie	0.520039100684	0.433040078201	0.0469208211144	0.0
-hei	0.348504234448	0.255072198867	0.255681472004	0.140742094681
-uki	0.575333281131	0.206394495233	0.0788422762954	0.139429947341
-pɑɑ	0.357261043616	0.125470372541	0.175463106019	0.341805477824
-enm	0.0492478490147	0.797268942548	0.124196502914	0.0292867055232
-imu	0.0173410404624	0.736994219653	0.228323699422	0.0173410404624
-oku	0.242395247777	0.231910058605	0.0681736634374	0.45752103018
-okt	0.23101100763	0.656735514154	0.0219731459382	0.090280332278
-dek	0.047356691841	0.937786306797	0.00371425034047	0.0111427510214
-leu	0.706351303735	0.293648696265	0.0	0.0
-msn	0.289201877934	0.584272300469	0.108450704225	0.0180751173709
-den	0.0	1.0	0.0	0.0
-ɔlt	0.0963855421687	0.78313253012	0.0963855421687	0.0240963855422
-okl	0.131816788794	0.697527907613	0.0369409990035	0.13371430459
-ɔli	0.343511450382	0.582333696838	0.0479825517993	0.0261723009815
-nyɑ	0.11348478338	0.815663123284	0.0343751751453	0.0364769181908
-oki	0.395004763018	0.532648107926	0.0538642858661	0.0184828431894
-ɑkɑ	0.137925610552	0.78428372871	0.0467892682986	0.0310013924385
-ɑdo	0.14024035823	0.760234226253	0.0361910601883	0.0633343553295
-imi	0.0122025402826	0.982916443604	0.00488101611304	0.0
-ɑje	0.0886075949367	0.911392405063	0.0	0.0
-yul	0.0609920221991	0.868692334374	0.0114602844259	0.0588553590011
-ɑmi	0.0412930054058	0.0523474451834	0.0113019390609	0.89505761035
-obk	0.00297355539816	0.022146307315	0.0540195897333	0.920860547554
-bit	0.0901282263319	0.823731521953	0.0598196192468	0.0263206324686
-obi	0.0780583797966	0.114791734995	0.0491964578551	0.757953427353
-obn	0.62480127186	0.217806041335	0.138314785374	0.0190779014308
-bis	0.084952675061	0.785125136014	0.10803764111	0.0218845478147
-obl	0.257575757576	0.644781144781	0.026936026936	0.0707070707071
-idi	0.0746268656716	0.925373134328	0.0	0.0
-i’ɔ	0.497999622903	0.0735931343531	0.0181262360293	0.410281006714
-i’ɑ	0.67103084384	0.215043965181	0.0290547466924	0.0848704442858
-pɑt	0.731223175966	0.168991416309	0.056330472103	0.0434549356223
-lll	0.306275187104	0.126367299942	0.0883707541739	0.47898675878
-kpi	0.732244592507	0.217663673233	0.00434530706837	0.045746427192
-ekɑ	0.146666666667	0.746666666667	0.0933333333333	0.0133333333333
-bie	0.452268145161	0.0802923387097	0.396169354839	0.0712701612903
-bib	0.850746268657	0.0597014925373	0.0	0.089552238806
-kpo	0.59905397634	0.161655029552	0.186826123742	0.0524648703659
-bin	0.0489076572797	0.172494100612	0.00812272694624	0.770475515163
-pɔn	0.0	0.977528089888	0.0	0.0224719101124
-bil	0.247064086791	0.654960295269	0.0241583715468	0.073817246393
-pɔl	0.516129032258	0.47465437788	0.00921658986175	0.0
-ɑmu	0.226539206344	0.624688777549	0.0820705130176	0.0667015030891
-bik	0.063304254175	0.799298331828	0.0545330139994	0.082864399998
-obt	0.382443062288	0.537363944023	0.0721439678039	0.00804902588494
-bii	0.268380690805	0.106004942809	0.0448828355577	0.580731530828
-100	0.0904647873517	0.759554117828	0.0142839137924	0.135697181028
-ɑte	0.143198090692	0.756563245823	0.0107398568019	0.0894988066825
-ɑtb	0.161961015948	0.262020082693	0.540578854105	0.0354400472534
-eje	0.328301886792	0.528301886793	0.135849056604	0.00754716981131
-ɑtɔ	0.175539568345	0.575899280576	0.20035971223	0.0482014388489
-ɑtn	0.0	0.824175824176	0.175824175824	0.0
-ɑtl	0.37065061905	0.466478953951	0.126954219549	0.0359162074502
-ɑtm	0.0925925925926	0.37037037037	0.425925925926	0.111111111111
-ɑtk	0.258620689655	0.672413793104	0.0	0.0689655172413
-utl	0.290983606557	0.495901639344	0.213114754098	0.0
-ɑti	0.0372526193248	0.728920671878	0.209878596375	0.0239481124231
-ɑtt	0.0385852090032	0.224008574491	0.727759914255	0.0096463022508
-ɑtu	0.252793832424	0.638563880207	0.0695602296314	0.0390820577384
-tei	0.691339099967	0.173765465893	0.0168619292675	0.118033504872
-tel	0.0	0.918367346939	0.0816326530612	0.0
-ten	0.0	0.907407407407	0.0925925925926	0.0
-jin	0.259398496241	0.375939849624	0.186090225564	0.178571428571
-jil	0.31007751938	0.276485788114	0.339793281654	0.0736434108527
-jik	0.280812182741	0.302538071066	0.0909644670051	0.325685279188
-mes	0.0	1.0	0.0	0.0
-jii	0.618978366089	0.037260844641	0.0115709828088	0.332189806461
-uuu	0.21340629275	0.546511627907	0.240082079343	0.0
-jie	0.625498007968	0.211155378486	0.123505976096	0.0398406374502
-lut	0.142857142857	0.857142857143	0.0	0.0
-luu	0.797101449275	0.166666666667	0.036231884058	0.0
-mee	0.0381630407379	0.0549773506494	0.00951846124581	0.897341147367
-luk	0.137075591862	0.704018259053	0.120575752101	0.0383303969836
-’mɔ	0.645830902078	0.208042043175	0.0523692334931	0.0937578212538
-lun	1.0	0.0	0.0	0.0
-luo	0.771929824561	0.0877192982456	0.0701754385965	0.0701754385965
-jit	0.747899159664	0.193277310924	0.0	0.0588235294118
-men	0.0	1.0	0.0	0.0
-mei	0.617570889587	0.351522959418	0.011042606055	0.0198635449395
-mek	0.0	1.0	0.0	0.0
-kɔt	0.923982188295	0.00922391857507	0.0667938931298	0.0
-fɑɑ	0.234418657336	0.0793855564226	0.0171797518061	0.669016034435
-kɔp	0.00642054574639	0.979133226324	0.0112359550562	0.00321027287319
-o’b	0.623476368601	0.200130850958	0.113157632735	0.0632351477052
-o’n	0.531983805668	0.362753036437	0.034008097166	0.0712550607288
-o’m	0.371440363186	0.529508873298	0.0495253817581	0.0495253817581
-o’l	0.267857142857	0.196428571429	0.482142857143	0.0535714285714
-nul	0.745098039216	0.117647058824	0.078431372549	0.0588235294118
-o’i	0.420164320604	0.517124586768	0.0627110926275	0.0
-bɑn	0.356494096276	0.242960944596	0.229336966394	0.171207992734
-bɑl	0.0592264539124	0.850872888582	0.0490530569603	0.0408476005457
-o’t	0.418647166362	0.287020109689	0.118829981718	0.17550274223
-jɔi	0.031914893617	0.345744680851	0.175531914894	0.446808510638
-bɑk	0.535050071531	0.123032904149	0.303290414878	0.0386266094421
-kɔb	0.014330127271	0.980569318955	0.00218595161761	0.00291460215681
-kɔl	0.0440561161703	0.939145951268	0.00313807531381	0.0136598572483
-iɑɑ	0.440677966102	0.118644067797	0.203389830508	0.237288135593
-kɔn	0.306617086587	0.198646505016	0.00803444510826	0.486701963289
-bɑb	0.432826362484	0.440430925222	0.0925221799746	0.0342205323194
-kɔi	0.616492256174	0.356634575136	0.0123064043533	0.0145667643365
-gol	0.134615384615	0.692307692308	0.173076923077	0.0
-int	0.484579660135	0.235105975384	0.0851725867226	0.195141777759
-ujɑ	0.0520661157025	0.809090909091	0.138842975207	0.0
-ibt	0.502133483617	0.282135093793	0.14134127687	0.0743901457209
-ubt	0.0866459050233	0.85048706278	0.0445308144729	0.0183362177241
-nsn	0.15795148248	0.53153638814	0.255525606469	0.054986522911
-ilk	0.292576419214	0.25327510917	0.349344978166	0.10480349345
-sɔl	0.04	0.96	0.0	0.0
-ubi	0.0745341614907	0.850931677019	0.0745341614907	0.0
-sɔn	0.00942022779824	0.987154234821	0.00239787616682	0.00102766121435
-ubl	0.302026049204	0.621852387844	0.0448625180897	0.0312590448625
-ikɑ	0.30612244898	0.571428571429	0.0	0.122448979592
-sɔk	0.84	0.16	0.0	0.0
-ili	0.141340411413	0.547919234051	0.242487439568	0.0682529149683
-umu	0.469769081615	0.225277630883	0.1551207474	0.149832540102
-ɑln	0.411881892237	0.434678769857	0.124325207124	0.0291141307822
-otb	0.173080852803	0.67219535454	0.0760506777467	0.0786731149104
-ote	0.0151930261519	0.978082191781	0.00448318804483	0.00224159402241
-ebi	0.040404040404	0.838383838384	0.0707070707071	0.050505050505
-otl	0.47472175179	0.291417476639	0.0308898095836	0.202970961988
-iji	0.0235294117647	0.917647058824	0.0470588235294	0.0117647058824
-ɑci	0.11648286045	0.864879881878	0.00931862883602	0.00931862883602
-ume	0.0	1.0	0.0	0.0
-otu	0.233682786608	0.611092323301	0.0740615488671	0.0811633412242
-ktɑ	0.0887309661011	0.281701702991	0.607595853588	0.0219714773203
-umn	0.711081794195	0.195250659631	0.0343007915568	0.0593667546174
-umi	0.645032968888	0.287739431272	0.0434803572936	0.0237472425473
-kbi	0.340909090909	0.25	0.0454545454545	0.363636363636
-lfɑ	0.0179373284701	0.954160160576	0.0279025109535	0.0
ALL	0.24611609741	0.322211631288	0.0589458209615	0.37272645034
-njɑ	0.00677583286279	0.961038961039	0.0208921513269	0.0112930547713
-olɑ	0.246177847114	0.639313572543	0.0773790951638	0.0371294851794
-kii	0.387195024607	0.0572302946498	0.0617058977238	0.49386878302
-nɑɑ	0.00963850667505	0.946406914202	0.0231324160201	0.0208221631023
-kio	0.0	0.932203389831	0.0677966101695	0.0
-dle	0.0	0.996889580093	0.0	0.00311041990669
-sik	0.268912637704	0.0513303809977	0.0215935292611	0.658163452037
-sii	0.336869506473	0.0868451258468	0.0116313836234	0.564653984057
-sin	0.0985915492958	0.87323943662	0.0281690140845	0.0
-kiu	0.0349127182045	0.598503740648	0.104738154613	0.261845386534
-kit	0.0909090909091	0.909090909091	0.0	0.0
-kɑɑ	0.0886244756501	0.0357062775124	0.0268616634169	0.848807583421
-sie	0.393650455441	0.104768151068	0.027066798061	0.47451459543
-put	0.55403348554	0.17199391172	0.216894977169	0.0570776255708
-wui	0.30625	0.38125	0.125	0.1875
-ɑle	0.0198834418924	0.928693863558	0.00822763112787	0.0431950634213
-wuo	0.441643413836	0.203309920139	0.23381121909	0.121235446935
-wun	0.0902629831908	0.211864892343	0.00228449619999	0.695587628266
-wul	0.801990852838	0.0952380952381	0.048426150121	0.0543449018025
-ɑlb	0.229405630865	0.545359749739	0.143899895725	0.0813347236705
-elu	0.587037818928	0.389649556668	0.0136467820737	0.00966584233066
-lkt	0.696125084976	0.212100611829	0.0285520054385	0.0632222977566
-lku	0.52	0.186666666667	0.266666666667	0.0266666666667
-lki	0.0	1.0	0.0	0.0
-fɔk	0.116494362023	0.138625112243	0.168463879596	0.576416646139
-s’ɑ	0.196721311475	0.0983606557377	0.704918032787	0.0
-got	0.75042158516	0.10444772344	0.00189713322091	0.143233558179
-wuu	0.379501386646	0.218565750661	0.0302783335521	0.371654529141
-s’ɔ	0.357463460347	0.364277811044	0.0875420719218	0.190716656687
-fit	0.158424747928	0.0781314853211	0.239928739511	0.52351502724
-ŋ’ɑ	0.0740740740741	0.416666666667	0.351851851852	0.157407407407
-t’b	0.514401098413	0.0797811798252	0.0217948311053	0.384022890657
-ŋ’ɔ	0.44109947644	0.184554973822	0.319371727749	0.0549738219895
-t’l	0.409685401945	0.392573602609	0.142956409954	0.054784585492
-t’n	0.38338710291	0.187572269462	0.0302972801522	0.398743347476
-ntn	0.0606060606061	0.575757575758	0.333333333333	0.030303030303
-t’i	0.552351211169	0.18334594718	0.0258765367757	0.238426304876
-bet	0.32376166547	0.654702081838	0.00538406317301	0.016152189519
-nus	0.0714285714285	0.910714285714	0.0178571428571	0.0
-t’t	0.467819987603	0.224027572624	0.0598649731747	0.248287466598
-iit	0.184933594693	0.604732381919	0.159239311554	0.0510947118346
-poi	0.539682539683	0.369047619048	0.0515873015873	0.0396825396825
-eok	0.0899440768118	0.801626442215	0.0375858494971	0.0708436314764
-fii	0.405464340687	0.341414400547	0.137677441423	0.115443817342
-bel	0.401688431529	0.489932517614	0.0197551687638	0.0886238820928
-ɔuk	0.280402974334	0.68121851763	0.0355001199328	0.00287838810267
-lpo	0.160561680194	0.0487170480477	0.0297361671822	0.760985104576
-ipɑ	0.0200956937799	0.971291866029	0.00861244019138	0.0
-bee	0.0410800148893	0.0278791506932	0.00406770815345	0.926973126264
-isn	0.137583892617	0.578859060403	0.171140939597	0.112416107382
-ebe	0.162162162162	0.837837837838	0.0	0.0
-isi	0.0293072824156	0.936056838366	0.0226465364121	0.0119893428064
-ise	0.019547906745	0.965791163196	0.0146609300587	0.0
-u’ɑ	0.524475524476	0.265734265734	0.013986013986	0.195804195804
-dɔk	0.3781278962	0.530120481928	0.0139017608897	0.0778498609824
-klɑ	0.179926560588	0.524479804162	0.227662178703	0.0679314565484
-ist	0.0	1.0	0.0	0.0
-dɔn	0.00329410323847	0.996705896762	0.0	0.0
-cuɑ	0.870240870241	0.029526029526	0.0	0.100233100233
-fes	0.00576606260296	0.99176276771	0.00247116968699	0.0
-uɑs	0.182596143932	0.744819053511	0.0589751520775	0.0136096504794
-ɑlu	0.270049131798	0.600615764724	0.0610615544302	0.0682735490479
-uɑt	0.308609999635	0.452073748611	0.157991981004	0.0813242707501
-ebt	0.65759955618	0.259617551707	0.0351935646053	0.0475893275082
-ebu	0.605769230769	0.0288461538461	0.0	0.365384615385
-uɑb	0.407407407407	0.222222222222	0.306666666667	0.0637037037037
-otn	0.52783109405	0.138195777351	0.132437619962	0.201535508637
-ɔbk	0.281767955801	0.341536916123	0.26820693119	0.108488196886
-juk	0.525487728131	0.42731277533	0.0283196979232	0.0188797986155
-uɑk	0.164172993504	0.575459654526	0.102620199589	0.157747152381
-jun	0.735294117647	0.264705882353	0.0	0.0
-uɑl	0.202166185717	0.716164695091	0.0427408412483	0.0389282779445
-uɑn	0.583931064769	0.24358283371	0.0977842839512	0.0747018175698
-n’b	0.391638152875	0.12493674837	0.0419668697778	0.441458228977
-unm	0.108977933562	0.631146162493	0.077228108376	0.182647795569
-unn	0.322699204266	0.489153993903	0.11106551909	0.0770812827412
-uni	0.274383630974	0.584050321741	0.0678668691105	0.0736991781746
-gɑt	0.0	1.0	0.0	0.0
-n’i	0.55976974173	0.113342487365	0.0434043253628	0.283483445542
-n’n	0.488335447141	0.118297123364	0.0270707072488	0.366296722246
-n’l	0.539680227955	0.289590938245	0.0904100820729	0.0803187517277
-n’m	0.44327506721	0.123287441442	0.0403714901245	0.393066001223
-l’ɔ	0.560404158017	0.152103639609	0.0473960340502	0.240096168324
-n’t	0.39221303751	0.239682674499	0.0547797158264	0.313324572165
-jɑɑ	0.130841121495	0.271028037383	0.177570093458	0.420560747664
-unt	0.241011763406	0.714143701331	0.0212072679074	0.0236372673552
-unu	0.300547684318	0.513036663383	0.081522880014	0.104892772285
-nle	0.0308478489695	0.0804522766629	0.105785881634	0.782913992734
-lmi	0.530509133308	0.282160901671	0.159347065682	0.0279828993393
-ɑɔn	0.0275650842266	0.954058192956	0.0183767228177	0.0
-ntu	0.118383065519	0.741477200655	0.110711404492	0.0294283293334
-ein	0.120689655172	0.560344827586	0.318965517241	0.0
-ɑɔk	0.175225252288	0.711714560114	0.044032901815	0.0690272857833
-adi	0.0	1.0	0.0	0.0
-ouk	0.212726248633	0.703937249821	0.0469172839186	0.0364192176274
-ɑɔt	0.0078277886497	0.980430528376	0.00391389432485	0.0078277886497
-ɑɔs	0.049969715324	0.930042398546	0.00817686250757	0.011811023622
-ubɑ	0.226064515053	0.660438074098	0.0299248637896	0.08357254706
-ben	0.0	1.0	0.0	0.0
-ini	0.13961299626	0.756111118893	0.0540267365368	0.0502491483101
-sel	0.283097418818	0.703580349709	0.0133222314738	0.0
-sek	0.0	1.0	0.0	0.0
-inm	0.0562936098277	0.124546318429	0.0355602824055	0.783599789338
-sei	0.0390206579954	0.874776842642	0.0670747258353	0.0191277735272
-ɔku	0.0818181818182	0.754545454545	0.163636363636	0.0
-knt	0.411399247793	0.256228308157	0.286111258389	0.0462611856601
-knu	0.407707641196	0.438936877076	0.072292358804	0.0810631229236
-kni	0.0323824972306	0.931812786833	0.0136493115999	0.0221554043361
-iki	0.620564208822	0.299859483662	0.028490282938	0.0510860245785
-nmɑ	0.203336398266	0.470379613819	0.21752265861	0.108761329305
-set	0.468958758853	0.0921132453398	0.0561273022927	0.382800693515
-ɔkn	0.482875241572	0.28984361695	0.0664739028381	0.16080723864
-inu	0.229463879323	0.622173079487	0.0881350945027	0.0602279466868
-ɔkl	0.154315462926	0.44639643378	0.0553742475392	0.343913855755
-uif	0.0243074173369	0.785165326184	0.187667560322	0.00285969615728
-l’l	0.522205776189	0.292674605828	0.0777753283686	0.107344289615
-l’m	0.306451612903	0.5	0.0322580645161	0.161290322581
-l’n	0.455317809906	0.119091774985	0.0466272151277	0.378963199981
-kut	0.0489396411093	0.779156022038	0.0237003293422	0.14820400751
-bli	0.085635359116	0.82044198895	0.0939226519337	0.0
-l’i	0.314260708785	0.114123525342	0.0388301010779	0.532785664794
-ede	0.114254624592	0.758795792528	0.0801595937614	0.0467899891186
-ble	0.16339869281	0.725490196078	0.0718954248366	0.0392156862745
-fuo	0.626813067643	0.336315575437	0.0368713569201	0.0
-net	0.0	0.96	0.0	0.04
-edi	0.0476190476191	0.952380952381	0.0	0.0
-nes	0.0780346820809	0.682080924856	0.127167630058	0.112716763006
-ɑnn	0.232011895448	0.300214150415	0.183652689484	0.284121264652
-sdɑ	0.0	1.0	0.0	0.0
-nel	0.0	1.0	0.0	0.0
-fos	0.0	1.0	0.0	0.0
-ɑnt	0.396571564515	0.436400347903	0.0723095298498	0.0947185577323
-kub	0.712141882674	0.18963165075	0.0491132332878	0.0491132332879
-nei	0.0310880829016	0.948186528497	0.020725388601	0.0
-kuo	0.0841695788818	0.729795026293	0.0423206661283	0.143714728697
-kun	0.310153870496	0.424429413393	0.0878129820814	0.177603734029
-kul	0.0170339273676	0.134717620928	0.0570106535161	0.791237798188
-uul	0.425075995873	0.44315469192	0.0896014336955	0.0421678785117
-uun	0.492159968285	0.326131688008	0.106270760455	0.075437583252
-uuk	0.113315018037	0.443802237398	0.0823694351027	0.360513309462
-biɑ	0.133831775768	0.0336929207666	0.0328188259177	0.799656477547
-i’u	0.729854837321	0.105598758064	0.0234445830752	0.14110182154
-i’t	0.426997813441	0.298032097034	0.0455876892611	0.229382400264
-eki	0.928380329777	0.0141940828137	0.0382837249393	0.0191418624696
-ɔkt	0.583224118001	0.216692444198	0.0532068606222	0.146876577178
-ekn	0.227926078029	0.35318275154	0.366529774127	0.0523613963039
-ekl	0.448409049108	0.341916498069	0.123597572191	0.0860768806327
-i’m	0.690607734807	0.176795580111	0.0	0.132596685083
-cɑb	0.620886634525	0.166250033343	0.0798704028223	0.13299292931
-ɑus	0.272912423625	0.672097759674	0.0	0.0549898167006
-i’n	0.552081834	0.180261094782	0.0336248108179	0.2340322604
-i’i	0.523503363748	0.306563242997	0.100026287147	0.0699071061077
-eku	0.1	0.6625	0.2125	0.025
-jok	0.273858921162	0.614107883817	0.0622406639004	0.0497925311203
-ɑmɑ	0.307976916917	0.549879890659	0.105530551951	0.0366126404727
-uut	0.262672521068	0.640594358998	0.0567866493539	0.03994647058
-obɑ	0.114917915774	0.792291220557	0.0428265524625	0.0499643112063
-cɑn	0.625	0.09375	0.0	0.28125
-uus	0.139275766017	0.846796657382	0.008356545961	0.00557103064067
-i’b	0.46970592924	0.109490311815	0.0240425944647	0.39676116448
-pet	0.351518184851	0.120787454121	0.421087754421	0.106606606607
-yɔl	0.838235294118	0.0441176470588	0.117647058824	0.0
-imɔ	0.12262521589	0.243955094991	0.604922279793	0.0284974093265
-k’b	0.558152580404	0.250186985789	0.126589379207	0.0650710545998
-eiu	0.434231378764	0.383782356049	0.110670892763	0.0713153724247
-ɔlɑ	0.0972245304969	0.735748711983	0.0897457204587	0.0772810370617
-nyi	0.303397016317	0.0454216527594	0.0253069334456	0.625874397478
-okɑ	0.147072174308	0.658193372674	0.111665910123	0.0830685428961
-yet	0.893731828638	0.041080046825	0.00298859306832	0.0621995314688
-ɔlɔ	0.0456712366901	0.924107453546	0.00521956990744	0.0250017398566
-yek	0.529411764706	0.352941176471	0.0392156862745	0.078431372549
-nmu	0.216819973719	0.727989487516	0.0473061760841	0.0078843626807
-ɑki	0.490757567414	0.313012831103	0.062044532555	0.134185068928
-yel	0.0718998862343	0.171103526735	0.196131968146	0.560864618885
-nyu	0.774744107428	0.214339374589	0.00845149779322	0.00246502018969
-’mi	0.864192656929	0.0935649427556	0.0142123963679	0.0280300039479
-luɑ	0.0725183277127	0.4486646382	0.213801620483	0.265015413604
-ɔ’u	0.0714285714286	0.714285714286	0.214285714286	0.0
-b’i	0.533712970255	0.311807112134	0.078148664203	0.0763312534077
-ope	0.0503763752172	0.928778228141	0.00347423277359	0.017371163868
-bɔl	0.445467625899	0.343309352518	0.088824940048	0.122398081535
-bɔn	0.0440771349862	0.253443526171	0.636363636364	0.0661157024793
-bɔi	0.0616740088106	0.819383259912	0.0748898678414	0.0440528634361
-bɔk	0.0714285714286	0.928571428571	0.0	0.0
-jiɑ	0.230985915493	0.17323943662	0.316901408451	0.278873239437
-ntɑ	0.0265368042969	0.0987710876969	0.285677295995	0.589014812012
-pot	0.558513396716	0.23595505618	0.0945548833189	0.110976663786
-iɔn	0.012443438914	0.980769230769	0.00339366515837	0.00339366515837
-ejɑ	0.0473067412107	0.936565960649	0.00645091925599	0.00967637888398
-bbɑ	0.116279069767	0.790697674419	0.0077519379845	0.0852713178294
-utɑ	0.076702321941	0.878424210801	0.04174276024	0.003130707018
-pol	0.364682623738	0.556096872132	0.0347384028808	0.0444821012497
-ɑtɑ	0.107987429592	0.691545538239	0.129433619638	0.0710334125305
-pob	0.0227380388441	0.430127901468	0.106584557082	0.440549502605
-k’l	0.436459909228	0.325642965204	0.153933434191	0.0839636913767
-b’ɑ	0.492636669531	0.23526241424	0.0804066947313	0.191694221497
-nnn	0.0649370353512	0.122743134577	0.00788954635108	0.80443028372
-cet	0.86574983628	0.126391617551	0.0	0.00785854616896
-500	0.240684471454	0.513033743803	0.0671677594755	0.179114025268
-iko	0.0	1.0	0.0	0.0
-foi	0.511826544021	0.413272010513	0.0453350854139	0.0295663600525
-ikl	0.535646836638	0.191926345609	0.0549260308467	0.217500786906
-ɑɑs	0.0300722936244	0.931536416666	0.0272121818333	0.0111791078761
-ɑɑl	0.522246500856	0.289039566037	0.0472321333646	0.141481799743
-ikt	0.491770647387	0.181854426748	0.0610016184612	0.265373307404
-iks	0.0911308297237	0.860759493671	0.00740148870852	0.0407081878969
-ɑɑk	0.0720970569683	0.235564883235	0.0285845785356	0.663753481262
-ɑɑj	0.0	1.0	0.0	0.0
-ɑɑd	0.0	1.0	0.0	0.0
-ɑɑf	0.0	0.857142857143	0.0	0.142857142857
-noe	0.0101078094462	0.989892190554	0.0	0.0
-ɑɑb	0.0971290091593	0.873047145705	0.0157179724366	0.0141058726995
-bot	0.649778327291	0.090399806998	0.0393274129592	0.220494452752
-kɑl	0.609781062862	0.197566373092	0.0837420202419	0.108910543803
-dos	0.0	0.966101694915	0.0169491525424	0.0169491525424
-fɑt	0.567396130669	0.219949254678	0.100856327307	0.111798287345
-unŋ	0.0904049797795	0.80562417232	0.0735789895444	0.0303918583562
-npo	0.100514683621	0.883742052679	0.00938540720557	0.00635785649409
-boi	0.856600033041	0.0424252436808	0.00568313233107	0.0952915909466
-bɑɑ	0.128418845615	0.582967840542	0.0149900944159	0.273623219427
-fɑb	0.484715003836	0.177111737674	0.114603159822	0.223570098668
-nwɑ	0.523076923077	0.107692307692	0.0	0.369230769231
-don	0.75	0.131944444444	0.0486111111111	0.0694444444444
-fɑi	0.184130811487	0.549646723571	0.216353703497	0.0498687614444
-fɑn	0.325409145095	0.101906274861	0.061929844121	0.510754735923
-fɑl	0.854838709677	0.145161290323	0.0	0.0
-doi	0.120040958857	0.727150996403	0.029931472681	0.122876572059
-fiɑ	0.550115355037	0.0884388618303	0.154148508929	0.207297274203
-ton	0.168928404305	0.150678521291	0.526438933084	0.15395414132
-ibu	0.139088729017	0.78417266187	0.0671462829736	0.00959232613908
-tol	0.696335078534	0.219895287958	0.0321615557218	0.0516080777861
-ɑnŋ	0.0947073411639	0.113180510276	0.0663389561713	0.725773192389
-olt	0.121293800539	0.78167115903	0.0970350404312	0.0
-olu	0.116878854366	0.620345597221	0.165096022363	0.0976795260496
-fus	0.0	0.971428571429	0.0285714285714	0.0
-ibl	0.615537848606	0.245019920319	0.123505976096	0.0159362549801
-ɑkn	0.367320167241	0.187727838225	0.0466686239397	0.398283370594
-saa	0.263326910726	0.447655748234	0.0	0.28901734104
-nɑi	0.0614770459082	0.93253493014	0.0	0.00598802395209
-nɑn	0.0037131116817	0.0028811899432	0.000690270160504	0.992715428215
-ibi	0.076923076923	0.852071005917	0.0532544378698	0.0177514792899
-oln	0.19680077557	0.422685409598	0.0722249151721	0.308288899661
-lfi	0.0862068965517	0.913793103448	0.0	0.0
-nŋi	0.60447761194	0.25	0.0111940298507	0.134328358209
-ole	0.0105982905983	0.0484786324786	0.0574358974359	0.883487179487
-lon	0.727935144676	0.184221810679	0.0225589141891	0.0652841304563
-lol	0.380096960381	0.506037805286	0.0224751309015	0.091390103432
-inŋ	0.128222084175	0.60886522686	0.0348997049346	0.228012984031
-umɑ	0.081081081081	0.65945945946	0.12972972973	0.12972972973
-iel	0.358883880147	0.360906843502	0.134019829811	0.14618944654
-ŋuɑ	0.0944747653498	0.0941362063626	0.0133982918378	0.79799073645
-loi	0.128878281623	0.856801909308	0.0143198090692	0.0
-ieb	0.0663715861582	0.639192977935	0.0828744120756	0.211561023831
-itl	0.350352515467	0.573444096126	0.0405045037477	0.0356988846589
-otɑ	0.0461242793081	0.880845611787	0.0730301089045	0.0
-okn	0.27546071775	0.321047526673	0.153249272551	0.250242483026
-otɔ	0.381150169502	0.517209785298	0.0825825367254	0.0190575084751
-ijɑ	0.00262655882075	0.97821153698	0.000670610762744	0.0184912934365
-ime	0.0	1.0	0.0	0.0
-lot	0.825765910532	0.103756202367	0.0510964681482	0.0193814189527
-iet	0.286869449132	0.631028168424	0.0331358386613	0.0489665437829
-ɔln	0.509301763711	0.215510992994	0.213094950471	0.0620922928244
-ipl	0.0215633423181	0.956873315364	0.010781671159	0.0107816711591
-ŋ’t	0.341463414634	0.304878048781	0.280487804878	0.0731707317073
-ɔnm	0.113564356436	0.394158415842	0.313465346535	0.178811881188
-t’ɔ	0.555065185034	0.0826548164439	0.0185027410736	0.343777257449
-ŋ’b	0.735294117647	0.117647058824	0.147058823529	0.0
-e’u	0.324220157925	0.290662680574	0.250354348033	0.134762813468
-t’ɑ	0.514469388292	0.283766797627	0.0646097606888	0.137154053392
-ɔlb	0.0674740484429	0.861591695502	0.060553633218	0.0103806228374
-ŋ’i	0.207275365323	0.606176805887	0.0	0.18654782879
-ɑyi	0.00674019607843	0.990196078431	0.0	0.00306372549019
-ŋ’n	0.247706422018	0.0275229357798	0.715596330275	0.0091743119266
-ipt	0.00695088044486	0.908711770158	0.0815569972197	0.00278035217794
-ŋ’l	0.906580972015	0.0193519551081	0.0562909753865	0.0177760974905
-boɑ	0.132063207422	0.787410446589	0.0612000229517	0.0193263230374
-iɑt	0.256228228189	0.577683636741	0.093302452348	0.0727856827217
-s’i	0.550038789759	0.269976726144	0.0915438324283	0.0884406516679
-s’n	0.563009972801	0.401631912965	0.00815956482321	0.0271985494107
-iɑs	0.0411030439836	0.951754459849	0.00444721459495	0.00269528157269
-s’b	0.680327868853	0.0819672131147	0.188524590164	0.0491803278688
-lkɑ	0.0212765957447	0.978723404255	0.0	0.0
-iɑd	0.0289968652038	0.864420062696	0.0619122257053	0.044670846395
-iɑf	0.0137919291674	0.978205346501	0.00306487314831	0.00493785118338
-ese	0.0081300813008	0.983739837398	0.0	0.00813008130083
-iɑb	0.108553442146	0.277278434225	0.0545040658038	0.559664057825
-iɑl	0.256924439417	0.529120674127	0.0599298903243	0.154024996132
-iɑn	0.444146440184	0.199891449294	0.0441709837972	0.311791126724
-tot	0.865041617122	0.0546967895363	0.0178359096314	0.0624256837099
-siɑ	0.194899817851	0.673345476624	0.093503339405	0.0382513661202
-iɑk	0.595083744047	0.218068495157	0.0333075695718	0.153540191225
-s’t	0.557894736842	0.442105263158	0.0	0.0
-ɑkt	0.544116277052	0.287110372557	0.0985878733403	0.0701854770515
-stu	0.00663939358215	0.958354321462	0.00508116855777	0.029925116398
-iut	0.0	1.0	0.0	0.0
-stl	0.0	1.0	0.0	0.0
-nmm	0.21568627451	0.078431372549	0.666666666667	0.0392156862745
-ɔyɑ	0.0	0.931034482759	0.0344827586207	0.0344827586207
-m’b	0.607177497575	0.221144519884	0.0552861299709	0.11639185257
-ɑpo	0.0941620157533	0.634265135459	0.102586936514	0.168985912274
-cul	0.261904761905	0.333333333333	0.238095238095	0.166666666667
-oli	0.402334178864	0.481622787973	0.035097217014	0.0809458161487
-kiɑ	0.0	1.0	0.0	0.0
-juo	0.593322664329	0.370173811599	0.0168477803406	0.0196557437307
-ɑkl	0.266265779389	0.561999755112	0.0953667788587	0.0763676866395
-gɔn	0.653689715282	0.307960488088	0.0383497966298	0.0
-lfe	0.0	1.0	0.0	0.0
-gɔg	0.0650406504065	0.910569105691	0.0243902439024	0.0
-lei	0.353476261886	0.612859332221	0.0	0.0336644058938
-oit	0.476703697563	0.45199801028	0.0165809981761	0.0547172939811
-ois	0.0410807998898	0.945225600147	0.00504903685797	0.00864456310531
-m’t	0.627299128751	0.269119070668	0.0454985479187	0.0580832526621
-lɔt	0.0655317718892	0.823568306452	0.110899921659	0.0
-mun	0.117311099767	0.0641702742266	0.112928412037	0.705590213969
-mui	0.195791399817	0.0631290027447	0.658737419945	0.0823421774931
-lee	0.131374711722	0.026471472977	0.00774090043116	0.83441291487
-lef	0.161290322581	0.806451612903	0.0322580645161	0.0
-muu	0.189203137903	0.748554913295	0.0356454720617	0.026596476741
-mɔk	0.611964559633	0.0417102434429	0.0298205824065	0.316504614518
-eŋɑ	0.54	0.28	0.09	0.09
-ɑde	0.016	0.984	0.0	0.0
-mɔn	0.0399262927224	0.90141651622	0.047823240917	0.0108339501402
-mɔl	0.269230769231	0.531065088757	0.190828402367	0.00887573964499
-mɔb	0.315317447008	0.485158545466	0.0236158428306	0.175908164695
-oin	0.789207419899	0.210792580101	0.0	0.0
-les	0.0086956521739	0.83768115942	0.127536231884	0.0260869565217
-let	0.0246856078249	0.961341406614	0.00279459711225	0.011178388449
-m’l	0.258278145695	0.58940397351	0.132450331126	0.0198675496689
-m’n	0.444852941176	0.335171568627	0.0870098039216	0.132965686274
-ɑ’u	0.766572299008	0.0833408572145	0.0356674959141	0.114419347864
-ɑ’t	0.433333333333	0.372222222222	0.138888888889	0.0555555555556
-een	0.206896551724	0.793103448276	0.0	0.0
-fte	0.0	1.0	0.0	0.0
-eee	0.351054078827	0.171402383135	0.11274060495	0.364802933089
-gio	0.0888888888889	0.911111111111	0.0	0.0
-emɔ	0.30231522707	0.136687444346	0.46482635797	0.0961709706145
-emɑ	0.0086956521739	0.95652173913	0.0	0.0347826086957
-ndl	0.0270270270271	0.972972972973	0.0	0.0
-ɑ’b	0.58980418198	0.244063014386	0.070825726372	0.0953070772621
-ɑ’l	0.625335114162	0.214962504822	0.0586443067394	0.101058074277
-gie	0.115847738479	0.818208164233	0.0434874587522	0.0224566385359
-ɑ’n	0.645084108645	0.0671460287623	0.0100719451907	0.277697917402
-ɑ’i	0.52479875357	0.242923915866	0.0942612308492	0.138016099714
-dɑɑ	0.125432201353	0.168449128029	0.0270360701244	0.679082600494
-iek	0.077879161529	0.813908754624	0.0777311960543	0.0304808877928
-yok	0.544642857143	0.455357142857	0.0	0.0
-yon	0.0505144995323	0.859681945744	0.0898035547241	0.0
-buɑ	0.18095775967	0.719203476373	0.0415994849817	0.0582392789744
-lok	0.0	1.0	0.0	0.0
-mɔi	0.145715365667	0.608370781695	0.104224832601	0.141689020037
-etɑ	0.0288461538462	0.971153846154	0.0	0.0
-ieo	0.041439476554	0.952017448201	0.00654307524537	0.0
-peb	0.527865404837	0.352260778128	0.0252365930599	0.0946372239748
-k’t	0.398773006135	0.420245398773	0.0613496932516	0.11963190184
-pel	0.255315553557	0.429231980615	0.0782051405152	0.237247325313
-yɑl	0.274352558661	0.222440734747	0.138772124031	0.364434582561
-pen	0.529809468098	0.391673561103	0.0230508538125	0.0554661169865
-ien	0.523396485466	0.0547590602252	0.0350353699325	0.386809084376
-pei	0.00604052190837	0.987475984577	0.00241620876335	0.00406728475163
-yɑk	0.176271186441	0.457627118644	0.0135593220339	0.352542372881
-pek	0.413239719157	0.30591775326	0.170511534604	0.110330992979
-elj	0.0	0.983333333333	0.0	0.0166666666667
-elk	0.250544188071	0.451240748803	0.223334784502	0.0748802786243
-eli	0.192457963129	0.651549793072	0.133201169218	0.022791074581
-eln	0.213524679278	0.653185475103	0.0861056751467	0.0471841704719
-pɔi	0.313725490196	0.56862745098	0.117647058824	0.0
-m’i	0.361070647557	0.46244962137	0.127812618604	0.0486671124686
-elb	0.00921658986175	0.990783410138	0.0	0.0
-k’i	0.559240910693	0.247865021794	0.0990290803292	0.0938649871832
-yɑb	0.223186512818	0.274348963098	0.375525347581	0.126939176503
-k’n	0.469872933461	0.131711982511	0.147561142233	0.250853941795
-k’m	0.413494809689	0.415224913495	0.0570934256055	0.114186851211
-ele	0.157787924911	0.563673262303	0.114155251141	0.164383561644
-u’i	0.835011260947	0.0738093484901	0.0767826446847	0.0143967458784
-uoo	0.454831850043	0.545168149957	0.0	0.0
-loe	0.0301003344481	0.909698996656	0.0100334448161	0.0501672240802
-u’l	0.60547742413	0.0614359733531	0.186528497409	0.146558105107
-u’n	0.651612903226	0.245161290323	0.0387096774193	0.0645161290322
-u’b	0.45056726094	0.371150729335	0.154511075095	0.0237709346299
-esu	0.00448250060002	0.755875252361	0.00408954647918	0.23555270056
-esi	0.104	0.88	0.016	0.0
-uol	0.162837157765	0.316865466845	0.0731291872267	0.447168188163
-esn	0.177083333333	0.583333333333	0.239583333333	0.0
-nɔk	0.116648992577	0.55249204666	0.0	0.330858960763
-uok	0.156069513253	0.501284287462	0.17149978211	0.171146417175
-u’u	0.678597642589	0.194982945469	0.0489616165105	0.077457795432
-u’t	0.670926517572	0.183173588924	0.0947816826411	0.0511182108626
-nbɑ	0.0707498614472	0.173394306133	0.0127615864417	0.743094245979
-niɑ	0.0	1.0	0.0	0.0
-uel	0.0155199172271	0.968960165546	0.0	0.0155199172271
-yuk	0.443310048361	0.518001074691	0.0386888769478	0.0
-nie	0.0442781003416	0.744628630588	0.195647420114	0.0154458489564
-ɑne	0.0	1.0	0.0	0.0
-sɑk	0.639496494429	0.112910583942	0.0896501632731	0.157942758356
-ɑbɑ	0.151982822251	0.724954707106	0.101053479165	0.0220089914782
-ude	0.00354086751254	0.989524933609	0.00486869282975	0.00206550604898
-ulɑ	0.123486978541	0.802875895226	0.0506082871297	0.0230288391026
-ɔnŋ	0.138094955191	0.352575084553	0.216106879336	0.29322308092
-ulɔ	0.13822227336	0.795775395416	0.0279792491058	0.0380230821182
-nna	0.081081081081	0.621621621622	0.027027027027	0.27027027027
-uon	0.636770517078	0.156159922363	0.0637910089245	0.143278551634
-huo	0.36	0.1	0.46	0.08
-b’b	0.428394534004	0.20204472079	0.0225470807371	0.347013664469
-ɔls	0.116022099448	0.685082872928	0.165745856354	0.0331491712707
-b’n	0.421152929967	0.363982848976	0.0514530728919	0.163411148166
-ɔul	0.0241822247647	0.919329022715	0.00260023922201	0.0538885132988
-sɑi	0.357873210634	0.450468445332	0.126504018643	0.0651543253912
-uod	0.0346310547759	0.900204903386	0.0468180410283	0.0183460008101
-tmɔ	0.238687782805	0.412895927602	0.22963800905	0.118778280543
-sɑn	0.0166299539422	0.953650943911	0.0122426316652	0.0174764704811
-kɑu	0.0969162995595	0.823788546256	0.0704845814978	0.00881057268722
-kɑt	0.405565423327	0.224985198342	0.335701598579	0.0337477797513
-kɑk	0.0352096954234	0.819869239356	0.0683782490831	0.0765428161377
-lmɑ	0.0326305039947	0.717426563345	0.243887787589	0.00605514507118
-kɑi	0.321833963944	0.302025372802	0.153572223459	0.222568439795
-e’l	0.686224489796	0.0765306122448	0.015306122449	0.22193877551
-wɑɑ	0.323146636458	0.0339836315437	0.021381895894	0.621487836105
-sɑt	0.503703703704	0.199074074074	0.00277777777778	0.294444444444
-kɑb	0.173354298715	0.743889014125	0.0692485599881	0.0135081271726
-ɑlɔ	0.197801760827	0.587214254509	0.18281886164	0.0321651230253
-uot	0.435088956051	0.334493147373	0.143647555042	0.0867703415335
-uos	0.0294365012616	0.952060555088	0.00336417157275	0.0151387720774
-ami	0.127143849737	0.0987744768634	0.00320530713623	0.770876366263
-e’n	0.174568861142	0.137057469038	0.355261941347	0.333111728474
-ɑlɑ	0.258308303453	0.631047378945	0.0427465299198	0.0678977876819
-e’i	0.71679197995	0.203007518797	0.0751879699248	0.00501253132832
-ilɔ	0.160780646296	0.458608111092	0.0614090884577	0.319202154154
-ilɑ	0.118936448807	0.804707721353	0.0404998020686	0.0358560277713
-kol	0.865107488779	0.090952043468	0.0212615166549	0.0226789510985
-tuk	0.195374155766	0.616366273709	0.141297067073	0.0469625034522
-tul	0.353293143303	0.0495556631235	0.00929579373933	0.587855399834
-b’t	0.750766871166	0.101226993865	0.127300613497	0.0207055214724
-tun	0.820773823837	0.0499083861397	0.0116083736084	0.117709416415
-ŋɑt	0.017094017094	0.957264957265	0.025641025641	0.0
-ŋɑk	0.755473885812	0.144883275532	0.0289870076091	0.0706558310471
-kot	0.423184357542	0.291899441341	0.0879888268157	0.196927374302
-los	0.0869565217391	0.847826086957	0.0217391304348	0.0434782608695
-yɑn	0.160041180187	0.566243165883	0.191550262446	0.0821653914848
-tut	0.660834776378	0.226309189706	0.0250791186481	0.0877769152684
-ŋɑn	0.192797779056	0.0746135064386	0.443196891618	0.289391822888
-yuɑ	0.510167870825	0.208698165979	0.0942403899208	0.186893573274
-eɔn	0.0806962025316	0.881329113924	0.0284810126583	0.0094936708861
-kɑn	0.121754114601	0.0538576666849	0.0195723392939	0.80481587942
-sɑu	0.262032085562	0.455971479501	0.0966131907308	0.185383244207
-min	0.191548058748	0.0592672575309	0.0556020249398	0.693582658781
-lit	0.326158940397	0.470198675497	0.129139072848	0.0745033112583
-jek	0.672828096118	0.160813308688	0.0776340110906	0.0887245841034
-won	0.436529072348	0.31247225921	0.081225033289	0.169773635153
-jen	0.625640225663	0.0781842940968	0.0303853699472	0.265790110293
-omu	0.294444444444	0.619444444445	0.0583333333333	0.0277777777778
-lis	0.0392156862745	0.960784313725	0.0	0.0
-lil	0.23007518797	0.458646616541	0.221052631579	0.0902255639097
-jes	0.0192307692308	0.980769230769	0.0	0.0
-lin	0.0801164184299	0.250922180755	0.0159109398497	0.653050460965
-cie	0.180730650342	0.0485408206558	0.364188738711	0.40653979029
-lik	0.0835021381949	0.840873283817	0.0756245779879	0.0
-lib	0.184708554126	0.738077214232	0.0772142316427	0.0
-lni	0.0	1.0	0.0	0.0
-ɑst	0.0130718954248	0.986928104575	0.0	0.0
-ɑsp	0.03	0.93	0.04	0.0
-teb	0.616666666667	0.283333333333	0.0333333333333	0.0666666666666
-wɔb	0.333333333333	0.289617486339	0.27868852459	0.0983606557377
-ɑse	0.0439463854098	0.934959349593	0.0	0.0210942649967
-ɑsn	0.300057247764	0.418639082457	0.236295082614	0.0450085871646
-usɑ	0.0180150332346	0.224980846085	0.0076615658584	0.749342554822
-ɑsl	0.0963261648745	0.627240143369	0.187724014337	0.0887096774194
-lnt	0.329547410084	0.526931681294	0.0905179831355	0.0530029254861
-ɑsi	0.0	0.928421933864	0.0357890330682	0.0357890330682
