yie-	0.456824235186	0.383318930178	0.0984843730626	0.0613724615734
rah-	0.105975197294	0.880496054115	0.0135287485907	0.0
ɔŋk-	0.495867768595	0.396694214876	0.0578512396694	0.0495867768595
bɔl-	0.0935834155972	0.888647581441	0.00710760118461	0.0106614017769
ŋɛy-	0.559527808436	0.3320216901	0.0287921685301	0.0796583329335
alɛ-	0.0488102501525	0.782794386821	0.12629652227	0.0420988407566
ḍɛy-	0.354251161419	0.202934886808	0.250718973527	0.192094978246
dok-	0.553545733117	0.0845428485556	0.0205083315914	0.341403086736
maa-	0.237265538054	0.64866793535	0.0682250339612	0.0458414926353
ica-	0.0603171925089	0.903239412856	0.00809853214105	0.0283448624937
jac-	0.00490998363339	0.92798690671	0.0671031096564	0.0
kɛc-	0.370674486804	0.382991202346	0.182991202346	0.0633431085044
moṭ-	0.2769058778	0.649127144516	0.0341617577504	0.0398052199338
mab-	0.832433162301	0.108830677829	0.0162030785849	0.0425330812854
ywo-	0.243220302187	0.557080339127	0.116800653481	0.082898705205
ogo-	0.0962474043801	0.0346115760504	0.00830598342115	0.860835036148
pol-	0.0902839382005	0.773921412895	0.0775157048381	0.0582789440662
coo-	0.401728679303	0.403678870713	0.0523488495382	0.142243600446
lɛy-	0.00798438608942	0.954755145493	0.0266146202981	0.0106458481192
rih-	0.0	1.0	0.0	0.0
goṭ-	0.414934385193	0.229720700903	0.0118516270955	0.343493286809
toc-	0.0504201680672	0.36974789916	0.504201680672	0.0756302521009
kee-	0.0516305801138	0.796452094638	0.074101195937	0.077816129311
ṭɔɔ-	0.0952610161144	0.327161024641	0.146056459372	0.431521499872
aww-	0.743732590529	0.239554317549	0.0	0.016713091922
trɔ-	0.0331707317073	0.921951219512	0.0175609756098	0.0273170731707
yuo-	0.108600552116	0.603434460902	0.091205841703	0.196759145279
aŋg-	0.077847780433	0.799044101673	0.0894344268231	0.0336736910711
wye-	0.221563671339	0.334642450931	0.0594993016582	0.384294576072
ana-	0.150960536511	0.441926951132	0.206668982285	0.200443530072
ecc-	0.728374912567	0.124524249718	0.0644097741028	0.0826910636118
bul-	0.522193523462	0.322375142138	0.0242556521843	0.131175682215
jɛr-	0.0165979203201	0.971645219453	0.0	0.0117568602267
yal-	0.669590970914	0.251916105738	0.0290512803672	0.0494416429803
wɔk-	0.271828665568	0.359692476661	0.259198242724	0.109280615047
bɛy-	0.621676562365	0.040280913327	0.00695628908425	0.331086235224
eek-	0.553371738394	0.271433412403	0.0823449678075	0.0928498813962
bap-	0.47311827957	0.430107526882	0.0322580645161	0.0645161290323
cod-	0.112773788692	0.446268026308	0.440958185	0.0
lac-	0.154268237834	0.434874516506	0.41085724566	0.0
ciḍ-	0.018461317147	0.957538970562	0.00923065857352	0.0147690537176
umt-	0.0596421471173	0.522862823062	0.387673956262	0.0298210735586
jim-	0.758064516129	0.193548387097	0.0322580645161	0.0161290322581
amg-	0.20245610008	0.404414859023	0.357779563105	0.0353494777918
cud-	0.0	0.829268292683	0.170731707317	0.0
ayu-	0.0	0.945454545455	0.0	0.0545454545455
lia-	0.0	0.839464882943	0.160535117057	0.0
kɛr-	0.284307208895	0.634116865067	0.0543839506919	0.027191975346
gan-	0.0519877133094	0.874701641717	0.0427246463637	0.0305859986096
atk-	0.601814869901	0.137786393489	0.033590133525	0.226808603085
jij-	0.205416158069	0.215192727589	0.0312091501958	0.548181964146
ɔṭi-	0.374233128834	0.542944785276	0.0460122699386	0.0368098159509
cɔp-	0.0816326530612	0.897959183673	0.0204081632653	0.0
puo-	0.365424383071	0.283144156978	0.271977390745	0.0794540692064
koŋ-	0.0486635944701	0.781013824885	0.154101382488	0.0162211981567
‘ua-	0.115289347573	0.737085880155	0.0696466408354	0.0779781314358
ood-	0.609150736976	0.134850903667	0.0214475475897	0.234550811768
lor-	0.573544517122	0.268178806622	0.088309447688	0.0699672285685
eej-	0.339675733619	0.604046630042	0.044218142838	0.0120594935013
ŋɛɛ-	0.42203898051	0.480509745127	0.0674662668666	0.0299850074962
jɔt-	0.107142857143	0.892857142857	0.0	0.0
uli-	0.136921624174	0.473087818697	0.246458923513	0.143531633617
abr-	0.0697722769061	0.879875255823	0.0369684566157	0.0133840106552
‘ya-	0.0467813466912	0.0193856655668	0.00324147262014	0.930591515122
wie-	0.537378727178	0.402511795509	0.0366667811609	0.0234426961521
lɔṭ-	0.0758122743682	0.841155234657	0.0758122743682	0.00722021660648
niɛ-	0.381348875937	0.540383014155	0.0249791840133	0.0532889258951
jiŋ-	0.0512474713419	0.916385704653	0.0222521915037	0.0101146325017
ɛka-	0.141628275044	0.189158798195	0.163075417912	0.506137508849
mul-	0.271749950229	0.340035835158	0.336452319331	0.0517618952817
wɛɛ-	0.481594134175	0.392014175748	0.0590010930747	0.067390597002
tii-	0.434007454815	0.334808179372	0.130794338764	0.10039002705
ɔɔt-	0.611972659121	0.0168308099368	0.371196530942	0.0
kam-	0.078947368421	0.921052631579	0.0	0.0
dey-	0.810869565217	0.0652173913043	0.123913043478	0.0
ŋiñ-	0.666666666667	0.190476190476	0.0	0.142857142857
dwo-	0.622074837131	0.328065100308	0.0305745666643	0.019285495896
bod-	0.43445971036	0.504270330487	0.01670998886	0.0445599702934
cɔc-	0.0647773279352	0.929149797571	0.00607287449392	0.0
kim-	0.135338345865	0.864661654135	0.0	0.0
aal-	0.30082696026	0.530666735249	0.0378059016486	0.130700402842
dor-	0.309608540925	0.345195729537	0.252669039146	0.0925266903914
gɔr-	0.80486104052	0.0943535580862	0.0222903996613	0.0784950017328
tɛr-	0.280633688975	0.576462980925	0.0601357904946	0.0827675396056
dɔɔ-	0.35224690055	0.108936975409	0.0343796628536	0.504436461187
mur-	0.140659140568	0.817055110464	0.018390386016	0.0238953629522
laj-	0.0838926174496	0.845027455766	0.00640634533252	0.0646735814521
pwo-	0.550288337567	0.352476207478	0.0579213738873	0.0393140810678
old-	0.469815610003	0.315231118969	0.0833543824198	0.131598888608
lɔñ-	0.467289719626	0.0841121495327	0.448598130841	0.0
cab-	0.0502305265712	0.942975006066	0.00242659548653	0.00436787187576
kɛɛ-	0.167920538815	0.705511322449	0.0638759347652	0.0626922039713
lom-	0.10447761194	0.797209604153	0.0632706035042	0.0350421804024
lɛp-	0.287111111111	0.177777777778	0.508444444445	0.0266666666667
ŋut-	0.6679165972	0.221310418762	0.0756441307489	0.0351288532889
gen-	0.330142659925	0.151970218041	0.0221775024933	0.49570961954
ñiñ-	0.461318051576	0.126074498567	0.103151862464	0.309455587392
unn-	0.25085423248	0.551866417381	0.0544774676036	0.142801882535
ɛkɛ-	0.0777940190416	0.0179695997101	0.00225297074567	0.901983410503
cɔl-	0.00523560209422	0.984293193717	0.0	0.0104712041885
nɔj-	0.123554573831	0.745550879247	0.0877402279228	0.0431543189986
dɔn-	0.913212658257	0.0330689500809	0.0537183916622	0.0
ḍim-	0.0883065404097	0.889671878441	0.00396388460691	0.0180576965426
kid-	0.0348837209302	0.96511627907	0.0	0.0
ŋar-	0.489876935292	0.454545454546	0.0365224295355	0.0190551806272
lal-	0.199932272265	0.727807289324	0.0197724550293	0.0524879833814
tɔm-	0.110543427775	0.875986994891	0.00139340455179	0.0120761727822
jɛp-	0.0	1.0	0.0	0.0
por-	0.129032258065	0.716755822121	0.129140325282	0.0250715945318
oŋg-	0.269538607278	0.0723646415496	0.0171197854805	0.640976965692
ɛrc-	0.758474576271	0.152542372881	0.0889830508474	0.0
ḍɔn-	0.465779467681	0.39226869455	0.0798479087453	0.0621039290241
buu-	0.168463433484	0.755312492449	0.00870944742433	0.0675146266424
oln-	0.743729425816	0.133626591313	0.0263640865791	0.0962798962915
ŋoy-	0.150421203298	0.240434617203	0.293007701413	0.316136478086
yod-	0.527927598501	0.396482768077	0.0	0.0755896334217
aci-	0.0	1.0	0.0	0.0
amɔ-	0.565110565111	0.336609336609	0.0	0.0982800982801
oor-	0.146311139255	0.767712064055	0.0539954361198	0.0319813605703
276-	0.0	0.344262295082	0.0	0.655737704918
haa-	0.167346938775	0.710204081633	0.0857142857143	0.0367346938775
ñap-	0.105882352941	0.811764705882	0.0470588235294	0.0352941176471
çwa-	0.0	1.0	0.0	0.0
epa-	0.0	0.944444444444	0.0277777777778	0.0277777777778
500-	0.102739726027	0.219178082192	0.123287671233	0.554794520548
bwa-	0.360219617493	0.323734906063	0.1271715119	0.188873964544
ord-	0.795388207823	0.134559252773	0.0131348511384	0.0569176882662
bot-	0.356854006057	0.378441629956	0.0668536618943	0.197850702092
ɛkt-	0.231132923186	0.114630049766	0.0355431121032	0.618693914945
top-	0.78553052768	0.185404842796	0.0115865752833	0.0174780542409
153-	0.0	0.0	0.0434782608696	0.95652173913
pok-	0.373477299665	0.551805367064	0.0241103836569	0.0506069496139
lɔg-	0.0438917337235	0.912216532553	0.0	0.0438917337235
bor-	0.309710929079	0.0628640226818	0.0306745478576	0.596750500382
nie-	0.422360248447	0.354037267081	0.0	0.223602484472
aŋŋ-	0.519926567285	0.243073759278	0.109644222028	0.127355451408
nog-	0.686780141631	0.223395105285	0.0465114947298	0.0433132583535
gɛt-	0.0	1.0	0.0	0.0
ḍɛk-	0.490679149216	0.342038268868	0.114560236511	0.0527223454053
ɛɛj-	0.137408861469	0.660684240045	0.176668536175	0.0252383623107
tol-	0.118826815061	0.442524113946	0.126021423991	0.312627647003
kri-	0.0097442143727	0.949654892408	0.0138043036947	0.0267965895249
ñii-	0.464440550447	0.456561682947	0.0291951083668	0.0498026582388
odg-	0.559523809524	0.190476190476	0.0357142857143	0.214285714286
dua-	0.330494508574	0.287525364445	0.245712801617	0.136267325364
pwa-	0.226246792843	0.328122043133	0.280047593473	0.165583570551
mii-	0.217181467181	0.402992277992	0.3013996139	0.0784266409266
yuc-	0.0	1.0	0.0	0.0
wyɛ-	0.259607971593	0.646081319976	0.0790993038448	0.0152114045856
lwa-	0.562963981303	0.360965997617	0.0320777197324	0.0439923013472
ṭɔr-	0.158536585366	0.731707317073	0.0365853658537	0.0731707317073
kɛn-	0.465755924227	0.354426368654	0.0848359650635	0.0949817420558
yom-	0.32467147128	0.367329470074	0.071515717572	0.236483341075
yah-	0.0724683010342	0.810234208133	0.0888106045953	0.0284868862376
bab-	0.0920245398772	0.779141104295	0.128834355828	0.0
ita-	0.0	0.707602339181	0.280701754386	0.0116959064327
ook-	0.317114694507	0.255886681959	0.321097065089	0.105901558445
tɛy-	0.177772769882	0.405575392658	0.268735608377	0.147916229084
kɔl-	0.0488997555012	0.951100244499	0.0	0.0
enj-	0.963796775175	0.0362032248251	0.0	0.0
war-	0.269709642824	0.341849196798	0.0711589204812	0.317282239896
ŋwo-	0.420878411109	0.502987243662	0.050217988051	0.0259163571775
jɔk-	0.0279612898618	0.887783451773	0.0629718244474	0.0212834339178
doo-	0.220374872559	0.721590463493	0.0298015841895	0.0282330797584
toŋ-	0.297654292872	0.412662263721	0.0674106126167	0.22227283079
mee-	0.378679612978	0.370645150262	0.085336250812	0.165338985948
aŋa-	0.17125141456	0.115616748397	0.0427433044134	0.670388532629
waj-	0.142057856838	0.592493163058	0.100358782648	0.165090197456
wee-	0.0760918954823	0.76481610911	0.0136469978787	0.145444997529
tua-	0.229116372124	0.607589196399	0.00504168056018	0.158252750917
may-	0.225480045628	0.483579965581	0.0443670357587	0.246572953033
ñin-	0.218933917944	0.434115032027	0.188221920143	0.158729129886
non-	0.0984606100277	0.258812523541	0.019484091047	0.623242775384
pɛɛ-	0.20239924137	0.625626770219	0.131090054745	0.0408839336649
wor-	0.242188666431	0.66284863759	0.0250076380215	0.0699550579581
gey-	0.460526315789	0.138157894737	0.243421052632	0.157894736842
mal-	0.0868408040748	0.845711943533	0.0360008096151	0.0314464427771
dɔw-	0.464409734426	0.11954055308	0.114279337542	0.301770374952
gac-	0.0178734667704	0.783430886988	0.189383706493	0.00931193974868
pyɛ-	0.603603603604	0.153153153153	0.135135135135	0.108108108108
dwa-	0.557180851064	0.357712765957	0.0558510638297	0.0292553191489
aki-	0.690870637998	0.17656295062	0.0305059762233	0.102060435159
kɔm-	0.13608013608	0.825930825931	0.036855036855	0.001134001134
nin-	0.088098189135	0.813804417879	0.0400703389627	0.0580270540236
klɛ-	0.16393442623	0.803278688525	0.0327868852459	0.0
gɛr-	0.0	0.967213114754	0.0327868852458	0.0
tɛl-	0.666666666667	0.294117647059	0.0392156862745	0.0
cie-	0.294562364224	0.523773272954	0.0798312093538	0.101833153468
uni-	0.436023622047	0.341535433071	0.128937007874	0.0935039370079
toy-	0.503278688525	0.202732240437	0.0278688524591	0.266120218579
tuw-	0.575293689573	0.335728765984	0.0105260422081	0.0784515022352
lɛg-	0.679677668617	0.239960260514	0.0494535820731	0.0309084887957
ŋuo-	0.570407634449	0.290097034006	0.107026590582	0.032468740963
lim-	0.457019441352	0.387563087697	0.110137966881	0.0452795040693
boŋ-	0.0158166359777	0.947064207189	0.0302005135413	0.00691864329219
ɛyi-	0.0999708369214	0.853679047779	0.0272647737058	0.0190853415941
pey-	0.428721541156	0.512434325744	0.00420315236427	0.0546409807355
ira-	0.0119047619048	0.97619047619	0.0	0.0119047619048
and-	0.217406330684	0.697716969241	0.0418792819533	0.0429974181219
ḍɛg-	0.660208643815	0.33084947839	0.0	0.00894187779433
ALL	0.224281372641	0.264493540588	0.0505004360076	0.460724650764
iny-	0.0274973978523	0.139002115865	0.00265589805399	0.830844588228
ŋoo-	0.42826047524	0.455940504263	0.0798839107564	0.0359151097406
ñon-	0.0335195530726	0.832402234637	0.134078212291	0.0
šye-	0.616438356164	0.25	0.0308219178082	0.102739726027
nii-	0.481905793621	0.255597911067	0.0455293360178	0.216966959294
buo-	0.405458061537	0.338134272355	0.238368065578	0.0180396005311
cil-	0.0949781394383	0.861559665443	0.00891144921634	0.0345507459023
ṭag-	0.336042540502	0.420515170182	0.0745830077423	0.168859281574
noṭ-	0.660440293529	0.309539693129	0.0	0.0300200133422
buñ-	0.0729995320542	0.891904539074	0.0210575573233	0.0140383715489
arm-	0.0	1.0	0.0	0.0
cal-	0.0172835949878	0.979835805848	0.0	0.00288059916463
mor-	0.131380333547	0.737026543443	0.0385663742963	0.0930267487143
ḍup-	0.0	1.0	0.0	0.0
gaa-	0.597172801655	0.370530938285	0.0305964568985	0.00169980316103
ŋɔṭ-	0.128571428571	0.357142857143	0.514285714286	0.0
lid-	0.105027932961	0.860335195531	0.0156424581005	0.0189944134078
ñan-	0.638453500522	0.176593521421	0.168234064786	0.0167189132706
nɔɔ-	0.37955055156	0.402544802014	0.120437459263	0.0974671871633
ṭɛɛ-	0.0644870975004	0.847377863044	0.054003629793	0.0341314096626
ata-	0.139506172839	0.683950617284	0.0567901234568	0.11975308642
tie-	0.736555011792	0.122320593635	0.0487125796465	0.0924118149259
ḍia-	0.295964125561	0.2466367713	0.403587443946	0.0538116591928
jɛc-	0.0978792822186	0.902120717781	0.0	0.0
baw-	0.330070701302	0.286153179589	0.0714890600075	0.312287059102
agd-	0.454896168411	0.245459075234	0.0846318452856	0.215012911069
çɔm-	0.214983713355	0.745928338762	0.0	0.0390879478827
tac-	0.0154867256637	0.957227138643	0.0147492625369	0.0125368731563
eet-	0.549917727564	0.269767756145	0.0234930098729	0.156821506418
omɛ-	0.729159909179	0.214077197535	0.0256243918262	0.0311385014596
kla-	0.135593220339	0.847457627119	0.0	0.0169491525424
duo-	0.0776119402985	0.232835820896	0.0179104477612	0.671641791045
ami-	0.593679458239	0.204853273138	0.135440180587	0.0660270880361
eyɛ-	0.821289894876	0.0416706127474	0.00899706411591	0.12804242826
kur-	0.0252565114443	0.934490923441	0.0213101815312	0.0189423835833
tiɛ-	0.528208885632	0.392896526714	0.0413715520623	0.0375230355914
šɛr-	0.40404040404	0.545454545455	0.0	0.0505050505051
kaŋ-	0.121270990233	0.793038294702	0.0455065598638	0.0401841552013
ŋua-	0.405490476429	0.516537576288	0.0485279951621	0.0294439521208
jii-	0.17123907145	0.677419354839	0.0428097678626	0.108531805849
ciṭ-	0.137782561894	0.610333692142	0.226049515608	0.0258342303552
jye-	0.213240093842	0.311889910495	0.0254439737117	0.449426021952
win-	0.539599651871	0.176924033321	0.17903767251	0.104438642298
tal-	0.0	0.945454545455	0.0	0.0545454545455
nañ-	0.214626391097	0.713831478537	0.0715421303657	0.0
lɛl-	0.0710059171598	0.92899408284	0.0	0.0
gɛn-	0.0285714285714	0.971428571429	0.0	0.0
wɔr-	0.332155477032	0.6	0.0593639575971	0.00848056537102
alp-	0.0318704651846	0.27284015513	0.0110097970638	0.684279582621
paa-	0.341148181545	0.620378719567	0.0303576795912	0.00811541929666
kɛṭ-	0.742361684558	0.205615194054	0.0520231213872	0.0
beñ-	0.238790186125	0.442047377327	0.0951776649746	0.223984771573
gɔm-	0.628062360802	0.345211581292	0.0200445434298	0.00668151447661
ñiɛ-	0.359253902918	0.541068713613	0.0934475470019	0.00622983646679
ett-	0.541953342574	0.252440519577	0.0865188942771	0.119087243572
ñie-	0.460793375225	0.425394846564	0.0498613798866	0.0639503983246
ṭuŋ-	0.144578313253	0.746987951807	0.10843373494	0.0
mua-	0.181651376147	0.653211009174	0.109174311927	0.0559633027523
tɔɔ-	0.256039206606	0.582529392092	0.0250829667361	0.136348434566
wan-	0.234383202544	0.208428405505	0.0537093202858	0.503479071666
pon-	0.22093879268	0.605710579822	0.0496038701536	0.123746757344
nec-	0.122302158273	0.812949640288	0.0647482014389	0.0
oŋn-	0.370879120879	0.43956043956	0.0	0.18956043956
apt-	0.147492625369	0.852507374631	0.0	0.0
yɔm-	0.314601777232	0.180027596855	0.28706858556	0.218302040353
wɔt-	0.123198075854	0.609161043585	0.174761915228	0.0928789653321
dɔk-	0.360535930691	0.132662989881	0.0393851226455	0.467415956783
coŋ-	0.0792886122973	0.312663385689	0.487968051202	0.120079950812
aah-	0.163265306122	0.285714285714	0.0	0.551020408163
ḍin-	0.288774295914	0.711225704086	0.0	0.0
pin-	0.031914893617	0.755319148936	0.117021276596	0.0957446808511
miŋ-	0.150190114068	0.134030418251	0.687262357415	0.0285171102661
wɛl-	0.182188485928	0.649529878487	0.134345422172	0.0339362134133
bun-	0.14921223355	0.811862835959	0.00556070435589	0.0333642261353
ili-	0.049231969108	0.912967633558	0.00685894306459	0.0309414542691
nɔw-	0.00744170663139	0.987597155614	0.0	0.00496113775426
ɛpa-	0.0795315930715	0.879726762625	0.0217126128324	0.0190290314711
til-	0.287003610108	0.637184115524	0.0758122743682	0.0
gat-	0.326359832636	0.548117154812	0.125523012552	0.0
ŋot-	0.179137041307	0.335535732246	0.244636488128	0.240690738319
ooy-	0.706502636204	0.224956063269	0.0386643233743	0.0298769771529
omɔ-	0.811267605634	0.154929577465	0.0169014084507	0.0169014084507
cua-	0.180533133835	0.259597590266	0.141040280348	0.418828995551
tye-	0.678487365712	0.237711449165	0.0646597122368	0.019141472886
lɔk-	0.347593311254	0.501696568259	0.0889936404088	0.061716480078
ɔga-	0.417113521128	0.430966538269	0.0399789317375	0.111941008865
waŋ-	0.0983211670572	0.754864813624	0.0391219949055	0.107692024414
nap-	0.0125523012552	0.962343096234	0.0167364016736	0.0083682008368
ecy-	0.0182328190743	0.967461430575	0.0100981767181	0.00420757363254
kat-	0.448864502363	0.295076969974	0.103642737388	0.152415790276
eya-	0.803986710964	0.046511627907	0.0772425249169	0.0722591362126
icp-	0.330120481928	0.575903614458	0.0433734939759	0.0506024096386
ani-	0.560847988861	0.326852421766	0.0639512251469	0.0483483642263
eck-	0.304487179487	0.554487179487	0.0576923076923	0.0833333333333
gud-	0.969387755102	0.0204081632653	0.0102040816327	0.0
yad-	0.494021810537	0.287872815662	0.11562212587	0.102483247931
ɔdi-	0.0199720282976	0.935090908033	0.0349510495207	0.00998601414878
cel-	0.0	0.985748218527	0.0142517814726	0.0
‘ye-	0.36167699689	0.422640299169	0.0522955890905	0.163387114851
maŋ-	0.503625087352	0.264893431167	0.0751222921034	0.156359189378
ñam-	0.140114263832	0.239476091253	0.172826849906	0.447582795009
wow-	0.579564489112	0.293132328308	0.0619765494137	0.0653266331658
cag-	0.373770491803	0.577049180328	0.0491803278688	0.0
mɛy-	0.0259175544046	0.916540812293	0.0268297874497	0.0307118458529
ɛɛt-	0.675675675676	0.27027027027	0.054054054054	0.0
ban-	0.0300271121686	0.216300803984	0.00460953361407	0.749062550234
jɛt-	0.0353010394195	0.943518336929	0.0105903118259	0.0105903118259
adr-	0.140435835351	0.859564164649	0.0	0.0
ḍɔŋ-	0.270426608821	0.670281995662	0.0448300795373	0.0144613159797
kac-	0.0377768083259	0.906522636969	0.0112190607485	0.0444814939563
iin-	0.525402726146	0.330855018587	0.126394052045	0.0173482032218
geb-	0.0208333333333	0.756944444445	0.194444444444	0.0277777777777
mil-	0.15415821501	0.406806400721	0.382691007437	0.0563443768312
cuñ-	0.840954274354	0.104174950298	0.0190854870775	0.0357852882704
ɛkk-	0.0527012092168	0.029761219628	0.00784901838985	0.909688552765
‘yɛ-	0.340417632025	0.54261449095	0.0865492118526	0.0304186651723
ork-	0.518844221105	0.395728643216	0.037688442211	0.0477386934673
acm-	0.0	1.0	0.0	0.0
wɛr-	0.899479648785	0.0552255304617	0.0	0.0452948207529
yɔt-	0.0740400734414	0.0979816928767	0.0340597642426	0.793918469439
jom-	0.242472826939	0.444066263307	0.236019364865	0.0774415448898
bon-	0.114576879059	0.595598579999	0.0255498130235	0.264274727918
naŋ-	0.35061670967	0.268850824549	0.0496772702875	0.330855195494
won-	0.163269515333	0.477954775503	0.261906641882	0.096869067282
kil-	0.159203340829	0.79222614841	0.0485705107613	0.0
oot-	0.674199193891	0.150078961014	0.0297362680689	0.145985577026
mod-	0.0350431862849	0.888833147961	0.0328830584546	0.0432406072991
muŋ-	0.624914205032	0.185794314327	0.0950967767239	0.0941947039175
icr-	0.0505892057069	0.789046549044	0.105420766703	0.0549434785458
urd-	0.0614035087719	0.901754385965	0.00350877192983	0.0333333333333
ula-	0.127547565297	0.247791405274	0.61353599313	0.0111250362998
amd-	0.511916550448	0.318135864747	0.0870994333352	0.0828481514701
kon-	0.277577234552	0.295996629602	0.0644361070662	0.36199002878
itu-	0.0	0.948717948718	0.0512820512821	0.0
eli-	0.0	0.853448275862	0.137931034483	0.00862068965516
yul-	0.437920296333	0.393184115355	0.164396847376	0.00449874093679
nɔṭ-	0.330434782609	0.617391304348	0.0	0.0521739130435
yor-	0.603041825095	0.251863117871	0.0987072243346	0.0463878326996
ṭya-	0.365944734877	0.529499626587	0.0	0.104555638536
yut-	0.347588050865	0.639043177948	0.0	0.0133687711871
ḍye-	0.7	0.26	0.0	0.04
but-	0.0250878975623	0.942120991407	0.00713371519691	0.0256573958343
gid-	0.051724137931	0.948275862069	0.0	0.0
tuk-	0.169303198026	0.609750237935	0.0632444120011	0.157702152038
ḍiɛ-	0.0981161156371	0.164937296631	0.528438998047	0.208507589685
pan-	0.134274193548	0.693951612903	0.159677419355	0.0120967741935
jɔl-	0.774810835937	0.136094827364	0.0207456378208	0.0683486988784
cɔt-	0.707301610239	0.222290592209	0.0493185984564	0.0210891990956
‘we-	0.0906475193596	0.499654243535	0.00856511993949	0.401133117166
nim-	0.132992327366	0.782608695652	0.0	0.084398976982
yim-	0.0453237659457	0.928556572379	0.0104339988907	0.0156856627842
gɔc-	0.0782608695652	0.895652173913	0.0260869565217	0.0
ari-	0.0	1.0	0.0	0.0
tul-	0.0470706580819	0.923962783098	0.0102234913481	0.0187430674715
bɛɛ-	0.274621413221	0.0548647519794	0.0136787883659	0.656835046434
enn-	0.372376955361	0.536054940862	0.049599389546	0.0419687142312
joo-	0.364983241542	0.435555849774	0.0767622284935	0.12269868019
yɛc-	0.279069767442	0.15780730897	0.518272425249	0.0448504983389
eññ-	0.725019014533	0.0798302053569	0.0342261598866	0.160924620223
ina-	0.101809954751	0.839366515837	0.0384615384615	0.0203619909502
baa-	0.262236052932	0.319774724223	0.111677644515	0.30631157833
lir-	0.0276497695853	0.516129032258	0.401945724526	0.0542754736303
lat-	0.11575562701	0.781350482315	0.0450160771704	0.0578778135048
cip-	0.0205855443733	0.869624885636	0.0	0.109789569991
lɛɛ-	0.611421199885	0.280460859296	0.055997812793	0.0521201280256
rab-	0.267409470752	0.562674094708	0.0	0.16991643454
dɔt-	0.558510638298	0.351063829787	0.0904255319149	0.0
mɔŋ-	0.853367911965	0.0678021541553	0.0484801756969	0.0303497581832
ṭuu-	0.500219202104	0.405414291977	0.0268522577817	0.0675142481368
ḍie-	0.537110932794	0.287369590338	0.0815501432821	0.0939693335857
got-	0.716981132075	0.283018867925	0.0	0.0
ḍor-	0.489060965584	0.298467515569	0.115765212926	0.0967063059202
liŋ-	0.060606060606	0.656565656566	0.272727272727	0.010101010101
lab-	0.223872854178	0.531267685342	0.16562912658	0.0792303338993
cib-	0.0	0.96699669967	0.0330033003301	0.0
jil-	0.676470588235	0.235294117647	0.0294117647059	0.0588235294117
tia-	0.49892203457	0.376488395215	0.0575028785606	0.067086691654
ɔɔl-	0.166825159625	0.810759407689	0.0050944165195	0.0173210161663
kiṭ-	0.0274089070563	0.919217802096	0.00965881880023	0.0437144720472
pɛñ-	0.1810687363	0.127564071801	0.0898026056381	0.601564586261
ɔgj-	0.706945428774	0.280652019844	0.0	0.012402551382
ɛme-	0.0405405405405	0.959459459459	0.0	0.0
ñua-	0.115606936416	0.884393063584	0.0	0.0
jak-	0.0459143968871	0.936964980545	0.0011673151751	0.015953307393
mañ-	0.258878355159	0.643059179295	0.05046489455	0.047597570996
ecɛ-	0.225800565642	0.774199434358	0.0	0.0
lii-	0.0252776583953	0.550515732091	0.362115180167	0.062091429347
yuu-	0.20976761526	0.476078041506	0.065614514726	0.248539828507
cow-	0.0801469360494	0.807424723104	0.0178104302332	0.0946179106139
iñɛ-	0.401869158878	0.457943925234	0.102803738318	0.0373831775701
gɔk-	0.809410594449	0.0605593579368	0.00948249801613	0.120547549599
iñu-	0.0547945205479	0.287671232877	0.383561643836	0.27397260274
ṭon-	0.391215552942	0.567361623806	0.0	0.0414228232527
ñoc-	0.455026455026	0.544973544974	0.0	0.0
yar-	0.0162667751119	0.866205774705	0.0366002440016	0.0809272061814
umj-	0.507692307692	0.446153846154	0.0461538461538	0.0
450-	0.230769230769	0.596153846154	0.0288461538462	0.144230769231
omi-	0.75956686887	0.200691649186	0.0128692102727	0.0268722716707
day-	0.348360655738	0.627049180328	0.0122950819672	0.0122950819672
ṭye-	0.325278113858	0.488773729349	0.106052656938	0.0798954998555
ywa-	0.55689550441	0.201065644372	0.158717388721	0.0833214624969
‘ww-	0.20435413643	0.118722786647	0.0	0.676923076923
ɔɔc-	0.402287893232	0.376549094376	0.135367016206	0.0857959961868
ḍwo-	0.583343592958	0.303423729952	0.0412996519189	0.0719330251715
mot-	0.62558381533	0.325807936056	0.0283829693992	0.0202252792148
ŋun-	0.653337699928	0.293512801843	0.030084621639	0.0230648765899
amm-	0.641382389048	0.157918232209	0.170008556229	0.0306908225141
lañ-	0.231403921756	0.699588944519	0.0662468483755	0.00276028534898
kun-	0.0889830508475	0.885593220339	0.0254237288136	0.0
yoñ-	0.234463796342	0.522457345933	0.170856786245	0.0722220714804
ṭee-	0.551150676743	0.287242218522	0.094573246232	0.0670338585031
wey-	0.0292679001058	0.946100768547	0.0112967943618	0.0133345369857
kan-	0.139527302184	0.260182496573	0.0201212652925	0.58016893595
agi-	0.423408281647	0.00712212018924	0.00323873078859	0.566230867375
’ya-	0.260603882099	0.415887850467	0.301941049605	0.0215672178289
ñom-	0.139514346234	0.390351372446	0.0382846985271	0.431849582793
orñ-	0.467924528302	0.532075471698	0.0	0.0
edr-	0.222222222222	0.634920634921	0.111111111111	0.031746031746
gwo-	0.314443253138	0.512356337455	0.086240961571	0.0869594478366
ñɔk-	0.392915055507	0.458400898092	0.0663589871523	0.0823250592491
juu-	0.107644305772	0.585023400936	0.297971918877	0.00936037441496
oŋi-	0.0781240083772	0.36555181824	0.0295106936599	0.526813479723
daw-	0.272727272727	0.654545454545	0.0	0.0727272727273
miɛ-	0.654867256637	0.269279393173	0.0606826801517	0.0151706700379
log-	0.0987055016181	0.894822006473	0.00485436893206	0.00161812297735
pɔk-	0.386217384837	0.383030266142	0.146808840771	0.0839435082505
kum-	0.374133949192	0.342494226328	0.260508083141	0.0228637413395
kow-	0.0134256055363	0.954186851211	0.00415224913495	0.0282352941177
ñɛŋ-	0.0	1.0	0.0	0.0
100-	0.107528633572	0.448035973216	0.0564525326251	0.387982860587
daa-	0.0693443077045	0.75828419928	0.142693205651	0.029678287365
ṭie-	0.333756980551	0.401771615636	0.208665511265	0.0558058925477
pom-	0.0509962186477	0.883356268141	0.027463949952	0.0381835632596
kuw-	0.0252577509546	0.955097331636	0.0196449174091	0.0
amj-	0.0529801324503	0.496688741722	0.304635761589	0.145695364238
ḍaŋ-	0.646443514644	0.328451882845	0.0251046025105	0.0
waa-	0.145898499942	0.224406909776	0.0760056323771	0.553688957905
krɛ-	0.0	1.0	0.0	0.0
aam-	0.214250060243	0.589344727874	0.15523339874	0.0411718131433
ŋuu-	0.39240913477	0.187305671706	0.301275865766	0.119009327758
poc-	0.509170811294	0.29991316018	0.0753927528223	0.115523275703
tyɛ-	0.120335726565	0.349209559443	0.413152661206	0.117302052786
ñac-	0.386413334218	0.142218632825	0.0445861539482	0.426781879009
ipa-	0.290824261275	0.583203732504	0.0793157076205	0.0466562986003
ñye-	0.0546543858994	0.840486755914	0.10411306261	0.000745795577429
jal-	0.0668182757908	0.90225346289	0.0170353524912	0.0138929088278
mat-	0.174494104359	0.33984063745	0.0410359354504	0.444629322741
wic-	0.573927805154	0.130408129583	0.034659184684	0.261004880579
cɔk-	0.582486140585	0.335401964171	0.0230428202471	0.0590690749971
kie-	0.601218415816	0.2609409047	0.0558965778911	0.0819441015936
cɔɔ-	0.307943425818	0.268526540353	0.0929868383844	0.330543195444
aka-	0.0	1.0	0.0	0.0
noŋ-	0.515909662092	0.125223710536	0.0497892542489	0.309077373123
ejj-	0.794642857143	0.116071428571	0.0892857142857	0.0
ɛpe-	0.0357142857142	0.928571428571	0.0357142857143	0.0
pɔl-	0.0447714779462	0.871100570352	0.0591928808591	0.0249350708429
par-	0.11559966609	0.106312805531	0.18289599257	0.595191535809
too-	0.765550086525	0.148975134948	0.0201970766344	0.0652777018929
caa-	0.0991121740493	0.83332992648	0.0326376539046	0.034920245566
jul-	0.0854526958291	0.884028484232	0.0	0.030518819939
jɔŋ-	0.674907502596	0.22584402832	0.025234211966	0.0740142571183
orn-	0.437931034483	0.172413793103	0.0827586206896	0.306896551724
ong-	0.191364082434	0.15897939156	0.135426889107	0.514229636899
baj-	0.138728323699	0.791907514451	0.0693641618497	0.0
rip-	0.0	0.948805460751	0.0511945392492	0.0
dah-	0.0417572584633	0.8268172649	0.124832225301	0.00659325133631
gɛɛ-	0.0933777704376	0.143305005699	0.0636911500261	0.699626073838
ɔki-	0.12933485929	0.0470281319186	0.00989539863963	0.813741610151
ict-	0.144372341586	0.704275275385	0.0688461118988	0.082506271131
urc-	0.0308828926018	0.936023556772	0.00406761076502	0.0290259398613
pɔɔ-	0.32038392444	0.531802506026	0.0572115882079	0.0906019813256
udd-	0.520927014874	0.296091317883	0.0781736423383	0.104808024905
two-	0.372432235323	0.571937927961	0.0384911470362	0.0171386896803
guo-	0.131324696614	0.787198081904	0.0635735914726	0.0179036300096
yen-	0.271081371207	0.596530201644	0.015118498949	0.1172699282
gay-	0.028692879915	0.936238044633	0.0148777895856	0.0201912858661
puu-	0.978204010462	0.0165649520488	0.0052310374891	0.0
šey-	0.288888888889	0.666666666667	0.0444444444444	0.0
apy-	0.00894854586128	0.991051454139	0.0	0.0
ñɔɔ-	0.319793967355	0.388656759502	0.213066531281	0.0784827418624
wod-	0.25	0.575	0.075	0.1
gob-	0.182795698925	0.10752688172	0.709677419355	0.0
pii-	0.278541567296	0.622850088381	0.0606464465082	0.0379618978143
ona-	0.0614924660199	0.811212158482	0.0199468845819	0.107348490916
dan-	0.0661764705882	0.900735294118	0.0330882352941	0.0
wuk-	0.791775588176	0.181831892218	0.0263925196059	0.0
loñ-	0.125163949785	0.726625445007	0.11504590594	0.0331646992693
hay-	0.253582682675	0.273222360547	0.0632936350597	0.409901321718
acc-	0.170465865136	0.121066351115	0.049143616757	0.659324166992
kwa-	0.45596839648	0.319955705822	0.0533282129928	0.170747684706
ajɔ-	0.037037037037	0.962962962963	0.0	0.0
cɛl-	0.0	0.964285714286	0.0357142857143	0.0
jwa-	0.0750217378925	0.384181510273	0.0155671358417	0.525229615993
twa-	0.869157626892	0.130842373108	0.0	0.0
gua-	0.525118833179	0.193427988228	0.0286822153908	0.252770963203
mol-	0.32967032967	0.351648351648	0.142857142857	0.175824175824
ṭej-	0.490384615385	0.173076923077	0.192307692308	0.144230769231
yiŋ-	0.844042533854	0.0887939652822	0.0221757702445	0.0449877306189
yon-	0.530927835052	0.190721649484	0.278350515464	0.0
pɛr-	0.0199651657851	0.962617726745	0.00657979615533	0.0108373113147
ḍoñ-	0.0624999999999	0.678125	0.0375	0.221875
agr-	0.107151845509	0.828824681264	0.0244922011675	0.0395312720599
kɔk-	0.0	1.0	0.0	0.0
ɛŋa-	0.0472039530066	0.539788800794	0.00891287420605	0.404094371993
luu-	0.409181500577	0.481789183163	0.0556117608958	0.0534175553638
don-	0.174208625451	0.150201827066	0.652220097727	0.0233694497557
cad-	0.0182898806928	0.949093165405	0.0262154956597	0.00640145824247
kua-	0.51966175215	0.261596556283	0.112375539349	0.106366152218
lɔt-	0.547767393562	0.405503634476	0.0467289719626	0.0
yed-	0.922949917446	0.0379746835443	0.0143093010457	0.0247660979637
ḍɛm-	0.744661787123	0.18593853637	0.0423566100748	0.0270430664324
yii-	0.371095615627	0.373149297927	0.0676998758239	0.188055210622
gɔg-	0.360579168613	0.243811303129	0.0186828584773	0.376926669781
ɔji-	0.460580912863	0.477178423236	0.0	0.0622406639004
ɔci-	0.00723450198198	0.00376902149512	0.0	0.988996476523
wii-	0.328125	0.510416666667	0.0708333333333	0.090625
ḍej-	0.0400444938821	0.933259176863	0.0266963292547	0.0
800-	0.0	0.690460977964	0.0	0.309539022036
gɔw-	0.598002970634	0.170820742286	0.0531594410739	0.178016846007
pot-	0.440083601787	0.303011505953	0.110751666575	0.146153225685
tɛk-	0.372021991448	0.568723274282	0.0152718387294	0.0439828955405
kɔd-	0.0540540540541	0.905405405405	0.0	0.0405405405405
kɛñ-	0.431972553967	0.416192813564	0.128847715999	0.0229869164694
lɛk-	0.0979450078782	0.651755398238	0.242143982601	0.00815561128248
dɛc-	0.599434495759	0.214891611687	0.0735155513666	0.112158341188
‘yɔ-	0.285699781715	0.573582415351	0.0703589014671	0.070358901467
‘wa-	0.115799724351	0.696126134072	0.0219211964499	0.166152945126
jɔc-	0.0212014134275	0.964664310954	0.0	0.0141342756184
tiŋ-	0.0212765957447	0.617021276596	0.36170212766	0.0
ḍañ-	0.677298311445	0.266416510319	0.0562851782364	0.0
ḍak-	0.567537917312	0.316277269281	0.0371265772895	0.0790582361173
nwa-	0.394588500564	0.311161217587	0.236753100338	0.0574971815107
mɛɛ-	0.0920347274319	0.751930170043	0.0222907289322	0.133744373593
laŋ-	0.756043956044	0.173626373626	0.0043956043956	0.0659340659341
ama-	0.25795899438	0.428223633635	0.179068400562	0.134748971423
dɛr-	0.0276923076923	0.972307692308	0.0	0.0
kok-	0.0741331207652	0.834994021523	0.0908728577122	0.0
wɔy-	0.206579954093	0.765876052028	0.0183626625861	0.00918133129303
poñ-	0.107006369427	0.747770700637	0.107006369427	0.0382165605095
omm-	0.44094488189	0.181102362205	0.246719160105	0.1312335958
bow-	0.0850399905181	0.872440014223	0.042519995259	0.0
caŋ-	0.641474654378	0.105069124424	0.176036866359	0.0774193548387
ink-	0.0201005025126	0.929648241206	0.0502512562814	0.0
mac-	0.0829491566451	0.864639607425	0.0331180476856	0.0192931882447
ṭɛr-	0.106166788495	0.743110481653	0.023663681773	0.127059048078
ɛŋi-	0.767953846572	0.108172095681	0.112444553297	0.0114295044493
[28-	0.133333333333	0.5	0.133333333333	0.233333333333
jia-	0.254237288136	0.305084745763	0.0	0.440677966102
nar-	0.0126209507783	0.886411442995	0.100967606226	0.0
cɛd-	0.0	1.0	0.0	0.0
ñyɛ-	0.319491939424	0.495847581827	0.0879335613092	0.0967269174402
eca-	0.767676767677	0.111111111111	0.040404040404	0.0808080808081
pat-	0.0770128354726	0.866977829638	0.0	0.0560093348891
kiy-	0.0	0.966666666667	0.0333333333333	0.0
ḍar-	0.414163090129	0.405579399142	0.167381974249	0.0128755364807
cim-	0.0572971801234	0.92919290877	0.0012232313879	0.0122866797184
bɔɔ-	0.513629396832	0.293888924457	0.130530764619	0.0619509140916
ḍok-	0.430894308943	0.471544715447	0.0487804878049	0.0487804878049
gab-	0.0	1.0	0.0	0.0
400-	0.284879474069	0.0986121256391	0.0	0.616508400292
ull-	0.0642023346303	0.0486381322958	0.867704280156	0.0194552529183
ñoo-	0.362966032184	0.43224504407	0.0619149493908	0.142873974356
yan-	0.268658438113	0.651747606414	0.0553697081555	0.024224247318
amɛ-	0.166938329003	0.0828844215212	0.135581397795	0.61459585168
itk-	0.646496815287	0.257961783439	0.0764331210191	0.0191082802548
wɔɔ-	0.141395674711	0.653714154346	0.0827070550048	0.122183115938
bɔŋ-	0.0399837007281	0.960016299272	0.0	0.0
jwo-	0.371213198691	0.463803157446	0.135115915233	0.0298677286304
eeŋ-	0.514631197098	0.381862152358	0.0425634824667	0.0609431680774
gɔṭ-	0.3949946981	0.298113148529	0.0409371663496	0.265954987021
min-	0.0982142857143	0.901785714286	0.0	0.0
kɛt-	0.842465753425	0.041095890411	0.0753424657534	0.041095890411
loo-	0.206289366857	0.335202665658	0.262444464186	0.196063503298
juo-	0.580641260147	0.325180269384	0.0556303003734	0.0385481700957
kaj-	0.025	0.9	0.075	0.0
jɛb-	0.0091347373763	0.990865262624	0.0	0.0
nee-	0.0710996115983	0.0216124127908	0.00625750178804	0.901030473823
age-	0.652173913043	0.282608695652	0.0217391304348	0.0434782608696
dɛɛ-	0.597492297641	0.244522661432	0.0890893087934	0.0688957321336
lul-	0.662904787542	0.223183100193	0.0505096316702	0.063402480595
tab-	0.190513730127	0.692550256208	0.0223360924977	0.0945999211667
lok-	0.237113402062	0.628865979381	0.103092783505	0.0309278350515
tid-	0.0703161684145	0.436844576616	0.474056972922	0.0187822820473
gal-	0.118615935302	0.764386658695	0.0635077202551	0.0534896857478
luy-	0.0970094821298	0.165572574763	0.733041575492	0.00437636761489
jic-	0.278260869565	0.669565217391	0.0	0.0521739130435
pak-	0.747948417351	0.20633059789	0.0246189917937	0.021101992966
kar-	0.010980966325	0.952415812592	0.0329428989751	0.00366032210834
aŋk-	0.0515180298864	0.0192712372573	0.0016052338371	0.927605499019
kay-	0.0604178430265	0.910784867307	0.0033879164314	0.0254093732354
kli-	0.04	0.92	0.04	0.0
yeñ-	0.133454285365	0.835144706313	0.0125604033285	0.0188406049928
bii-	0.095291475492	0.892059213602	0.0101194487248	0.0025298621812
lil-	0.439920159681	0.301796407186	0.118562874252	0.139720558882
ati-	0.854572366674	0.0330627762193	0.00109759420374	0.111267262903
ɔɔŋ-	0.0535714285714	0.910714285714	0.0357142857143	0.0
wɛd-	0.563953488372	0.436046511628	0.0	0.0
ŋɔk-	0.214285714286	0.785714285714	0.0	0.0
ɛpi-	0.137254901961	0.509803921569	0.352941176471	0.0
oki-	0.514492753623	0.474637681159	0.0108695652174	0.0
bɔg-	0.20615505661	0.564497442912	0.210020463921	0.0193270365571
lɔɔ-	0.242127814382	0.440828920598	0.282145600065	0.0348976649555
liɛ-	0.290446599125	0.569432018763	0.0933336557294	0.0467877263825
ɛṭi-	0.34897443102	0.618994099466	0.0118010677157	0.0202304017982
omt-	0.690361336125	0.193137344134	0.0364066624192	0.0800946573223
bɔn-	0.333333333333	0.489959839357	0.170682730924	0.00602409638554
oŋj-	0.494699646643	0.265017667845	0.141342756184	0.0989399293285
tay-	0.0145631067961	0.966712898752	0.00208044382802	0.0166435506241
gɔl-	0.091631820763	0.889783697279	0.0185844819576	0.0
dyɛ-	0.240055635364	0.646556045316	0.0572507643133	0.0561375550072
gir-	0.0492239312289	0.615946036292	0.325173021448	0.00965701103128
umn-	0.251748251748	0.72027972028	0.027972027972	0.0
kak-	0.223603009553	0.725843266548	0.0294192239412	0.0211344999577
oŋŋ-	0.0524483259784	0.591558822195	0.00946439616162	0.346528455665
mid-	0.294117647059	0.651583710407	0.027149321267	0.027149321267
aaŋ-	0.563826928245	0.285944638538	0.0698736898683	0.0803547433485
aan-	0.248164464023	0.622613803231	0.129221732746	0.0
pie-	0.18520925707	0.753649890364	0.0258356729427	0.0353051796229
gee-	0.197608558842	0.712397734424	0.059786028949	0.0302076777848
ñɔn-	0.0795454545455	0.681818181818	0.125	0.113636363636
wɛj-	0.119514106583	0.868730407524	0.0	0.0117554858934
dɛt-	0.551900170165	0.262053318208	0.124787294385	0.0612592172433
cot-	0.294117647059	0.705882352941	0.0	0.0
eñi-	0.398293029872	0.364153627312	0.0654338549075	0.172119487909
anɛ-	0.453352175449	0.479522787184	0.00842459983151	0.0587004375357
430-	0.450980392157	0.0392156862745	0.0	0.509803921569
dik-	0.177837354781	0.592493297587	0.186773905273	0.0428954423593
ñwo-	0.556658760366	0.308198650413	0.0572747163845	0.0778678728373
bua-	0.415728012694	0.156301973714	0.117134062128	0.310835951465
cɔn-	0.403394286876	0.475664418866	0.0386028357445	0.0823384585132
nɔt-	0.692368676043	0.186070411369	0.0211410282761	0.100419884312
bɛr-	0.0856611759275	0.772422547536	0.109313888684	0.032602387853
pic-	0.175644028103	0.791569086651	0.0046838407494	0.0281030444965
pɔg-	0.280108254398	0.387686062246	0.269959404601	0.0622462787551
bɛṭ-	0.84126984127	0.126984126984	0.015873015873	0.015873015873
ṭaa-	0.311495673671	0.259579728059	0.0	0.428924598269
lyɛ-	0.320557707204	0.315073586367	0.144229279628	0.220139426801
ŋɔr-	0.167965367965	0.0103896103896	0.821645021645	0.0
šɛɛ-	0.211750305997	0.514075887393	0.112607099143	0.161566707466
yeb-	0.317262160999	0.63710718898	0.0387430047352	0.00688764528627
orc-	0.687810103744	0.124718087506	0.0284167794316	0.159055029319
wuo-	0.329605650383	0.670394349617	0.0	0.0
muk-	0.539875912881	0.303464098753	0.0667937697925	0.0898662185742
ɔɔr-	0.295454545455	0.335227272727	0.335227272727	0.0340909090909
mye-	0.714959122372	0.129992117656	0.0266612302283	0.128387529743
ñor-	0.71782594086	0.126764112903	0.0764448924731	0.0789650537635
goo-	0.475943884757	0.291027210244	0.190660013181	0.0423688918181
onɛ-	0.117647058824	0.858823529412	0.0	0.0235294117647
