-eus	0.016780609074	0.914853946551	0.00745804847733	0.060907395898
-fiw	0.25	0.702380952381	0.0476190476191	0.0
-hem	0.0	1.0	0.0	0.0
-aan	0.44262295082	0.131147540984	0.229508196721	0.196721311475
-ois	0.0208333333333	0.979166666667	0.0	0.0
-lem	0.0276998837289	0.952522627271	0.00068394774639	0.0190935412534
-ufu	0.591730267607	0.246449618394	0.0521688725727	0.109651241426
-aus	0.0	1.0	0.0	0.0
-ufe	0.622987117552	0.232085346216	0.0152979066023	0.12962962963
-ufa	0.0	0.928571428571	0.0	0.0714285714285
-auk	0.446222114102	0.272859914162	0.114109870822	0.166808100914
-aul	0.111356606275	0.832965090588	0.0556783031374	0.0
-pur	0.0438016528925	0.871900826446	0.0462809917355	0.0380165289257
-pus	0.0232333010649	0.976766698935	0.0	0.0
-uak	0.561753177624	0.193857369762	0.0387320675642	0.205657385049
-uam	0.350241143446	0.326849822594	0.0505411270289	0.272367906931
-kia	0.048477704677	0.184365270762	0.742122586259	0.0250344383015
-uan	0.383477723872	0.292904375066	0.0808465190318	0.24277138203
-4.1	0.456906729634	0.342384887839	0.165289256198	0.0354191263282
-uap	0.342791919493	0.14717159818	0.032290615626	0.477745866701
-apa	0.21564889273	0.497357987717	0.155387264247	0.131605855306
-uau	0.510197915093	0.239462154404	0.0385254570177	0.211814473485
-pum	0.167197575946	0.227534768083	0.533711444332	0.0715562116385
-pun	0.0317946583939	0.0201493340273	0.0458521275482	0.902203880031
-puk	0.481687255241	0.336881709498	0.0613465374556	0.120084497805
-2.4	0.222222222222	0.0740740740741	0.679012345679	0.0246913580247
-2.3	0.807692307692	0.134615384615	0.0	0.0576923076923
-opu	0.86189258312	0.0690537084399	0.0434782608696	0.0255754475703
-wap	0.328053662388	0.241666091837	0.0851521085469	0.345128137228
-ope	0.44776119403	0.492537313433	0.0298507462687	0.0298507462687
-opa	0.115596127951	0.356271892875	0.505568170415	0.0225638087593
-msa	0.0537023244875	0.906706910744	0.0258711928188	0.0137195719493
-imu	0.729252491963	0.196432898754	0.0319875926913	0.0423270165916
-das	0.0224234583872	0.944588184562	0.0019404915912	0.0310478654592
-wqa	0.121212121212	0.69696969697	0.030303030303	0.151515151515
-oku	0.267591804674	0.424494337894	0.170452313936	0.137461543497
-dek	0.060374991424	0.92110086348	0.012349430064	0.006174715032
-ima	0.410309794197	0.455012501583	0.0741430763481	0.0605346278722
-lep	0.305594935589	0.492008808581	0.0826114405585	0.119784815271
-oko	0.0408970064601	0.102194083905	0.0865393172539	0.770369592381
-des	0.0	1.0	0.0	0.0
-ime	0.576787318701	0.289885765627	0.0441214221537	0.0892054935182
-kim	0.0	1.0	0.0	0.0
-oke	0.522607427353	0.271737910917	0.0803320991809	0.125322562549
-oka	0.159821302564	0.124753932692	0.0508466786427	0.664578086102
-lak	0.347780266105	0.268212356738	0.370965617178	0.0130417599789
-sik	0.260060763799	0.250335043131	0.173152702427	0.316451490643
-iow	0.152099659973	0.819297100286	0.011595908003	0.0170073317378
-ida	0.0286298568507	0.950920245399	0.0	0.0204498977505
-mbu	0.0964912280701	0.90350877193	0.0	0.0
-bia	0.129032258065	0.822580645161	0.00967741935486	0.0387096774194
-bin	0.197086546701	0.802913453299	0.0	0.0
-bil	0.177489896473	0.16483972762	0.580994297736	0.0766760781709
-iot	0.0	1.0	0.0	0.0
-100	0.0675241157556	0.681672025723	0.250803858521	0.0
-uta	0.0823560828061	0.192615858657	0.109241754845	0.615786303692
-tet	0.0852474544162	0.821927539664	0.0880890362301	0.00473596968978
-ria	0.0591721590153	0.395834643469	0.0137623832534	0.531230814262
-rin	0.141866292949	0.676955783323	0.130821031129	0.0503568925997
-rim	0.0	1.0	0.0	0.0
-rik	0.0784281186491	0.118498629487	0.0823994717493	0.720673780115
-eru	0.765957446809	0.127659574468	0.0425531914894	0.063829787234
-riw	0.51143880093	0.0940056191643	0.039304206091	0.355251373815
-rit	0.0	1.0	0.0	0.0
-rir	0.154506437768	0.81974248927	0.0	0.0257510729614
-ris	0.0151267322374	0.931487339724	0.0399639202621	0.013422007777
-nap	0.273774803415	0.04643585976	0.0138787375916	0.665910599234
-ten	0.0699513738356	0.298457064641	0.0128356030869	0.618755958436
-are	0.523070866707	0.270800891075	0.106235987251	0.0998922549672
-mep	0.299858274201	0.326702856446	0.136925307284	0.236513562069
-mes	0.10703666997	0.82160555005	0.0713577799801	0.0
-mer	0.0444976076555	0.867983595352	0.0217361585782	0.0657826384142
-wak	0.57293633523	0.301365723587	0.0513724674187	0.0743254737644
-lus	0.140802422407	0.83421650265	0.0204390613172	0.00454201362606
-ari	0.269230769231	0.615384615385	0.0769230769231	0.0384615384615
-luw	0.403141361257	0.581151832461	0.0	0.0157068062827
-aru	0.564487224718	0.346409633986	0.0447929117674	0.0443102295286
-luk	0.407462579086	0.356425919595	0.19275259113	0.0433589101893
-lun	0.165289256198	0.756198347108	0.0206611570248	0.0578512396694
-mem	0.594700196499	0.281902749855	0.0554741540873	0.0679228995582
-mel	0.100756183977	0.647353356079	0.218305065284	0.0335853946591
-men	0.261367131156	0.583874419028	0.0510605857153	0.103697864101
-mek	0.0306525171023	0.913129275566	0.019031748816	0.037186458516
-wuk	0.528908339969	0.213056155446	0.110586644822	0.147448859763
-aya	0.378867483946	0.446876824285	0.077422650321	0.0968330414478
-nwi	0.423728813559	0.186440677966	0.0677966101695	0.322033898305
-gol	0.00338266384778	0.712755461593	0.278787878788	0.00507399577167
-lap	0.301141125653	0.316420604732	0.229385597318	0.153052672297
-umu	0.704347826087	0.278260869565	0.0	0.0173913043478
-ota	0.0520039364761	0.766725199236	0.111031781255	0.0702390830326
-ote	0.164750957854	0.348659003831	0.318007662835	0.168582375479
-kek	0.740726678039	0.139826006536	0.0310650804221	0.0883822350022
-iep	0.449530987755	0.295658051501	0.106965037259	0.147845923485
-uma	0.297531730598	0.412372567926	0.162137495332	0.127958206143
-otu	0.139409626401	0.776253100635	0.00659777071478	0.0777395022489
-mat	0.0796700192113	0.883037631371	0.00847553395865	0.0288168154594
-ako	0.116465004976	0.170562037298	0.133090153686	0.579882804039
-nak	0.424081248122	0.350982836052	0.0192590470827	0.205676868743
ALL	0.231399873112	0.276105641328	0.0525018587778	0.439992626782
-nai	0.158459288152	0.806435884934	0.0117016089712	0.0234032179425
-nan	0.344937086306	0.223153076123	0.042526679351	0.38938315822
-nam	0.374575173976	0.215720585855	0.120417947888	0.28928629228
-sis	0.38420913652	0.586744124637	0.0	0.0290467388434
-sir	0.0362580409502	0.894518499247	0.00578168761097	0.0634417721922
-ake	0.578156800283	0.192328112556	0.054198743474	0.175316343686
-sip	0.0413438485294	0.909776572695	0.0170173021934	0.0318622765822
-siw	0.149113848002	0.1960949234	0.197897266446	0.456893962151
-kin	0.415875021792	0.283233717592	0.0594797911484	0.241411469467
-aka	0.23839965897	0.629453272563	0.0606821222451	0.0714649462219
-nae	0.268865567216	0.0924537731135	0.0804597701149	0.558220889555
-kis	0.0679757789035	0.870515482469	0.0303950892983	0.031113649329
-kir	0.0944941602521	0.312273042732	0.296511327166	0.29672146985
-sii	0.093023255814	0.441860465116	0.046511627907	0.418604651163
-kip	0.328940778524	0.185084448006	0.0409911853541	0.444983588116
-kiw	0.260149396146	0.251000009057	0.148582384923	0.340268209874
-sin	0.195441294853	0.546839760057	0.114777921937	0.142941023153
-nar	0.217355027117	0.506466416354	0.174384647476	0.101793909053
-nas	0.0388888888889	0.948148148148	0.00555555555555	0.0074074074074
-sia	0.0663168335022	0.790625404931	0.0815875987843	0.0614701627829
-nat	0.0350404312668	0.733153638814	0.22641509434	0.00539083557951
-mow	0.180852679989	0.553703371221	0.158341044374	0.107102904415
-gok	0.0235294117647	0.976470588235	0.0	0.0
-mot	0.362776991275	0.603135636616	0.0119481510487	0.0221392210609
-mos	0.0621761658031	0.937823834197	0.0	0.0
-mor	0.291304910424	0.226050045252	0.16674157082	0.315903473504
-gon	0.183046683047	0.52457002457	0.108108108108	0.184275184275
-wua	0.255374639475	0.525835089083	0.0077321169227	0.211058154519
-wue	0.465557932754	0.20177537672	0.0754366127495	0.257230077777
-lki	0.0	1.0	0.0	0.0
-mon	0.0630398643509	0.869852278271	0.0241063655735	0.0430014918042
-wus	0.0654442877292	0.912270803949	0.0138222849083	0.00846262341325
-wur	0.151433471148	0.466504232072	0.109919263781	0.272143032999
-lka	0.0868435336107	0.455829865623	0.341370746229	0.115955854537
-mok	0.499178162312	0.233754103283	0.151991056997	0.115076677408
-mol	0.575924228537	0.384356859151	0.0	0.0397189123129
-yap	0.654736842105	0.206315789474	0.107368421053	0.0315789473684
-yas	0.00845665961946	0.970401691332	0.0	0.0211416490486
-ber	0.0	1.0	0.0	0.0
-wit	0.0121856543402	0.965408465099	0.00678072701187	0.0156251535491
-eor	0.147058823529	0.852941176471	0.0	0.0
-bet	0.0157776108189	0.948159278738	0.0180315552216	0.0180315552216
-bek	0.0	0.679012345679	0.0	0.320987654321
-ben	0.0	1.0	0.0	0.0
-nup	0.257809559654	0.273993225442	0.0805419646217	0.387655250282
-bel	0.0897867564534	0.842873176207	0.0538720538721	0.013468013468
-yam	0.135135135135	0.358108108108	0.47972972973	0.027027027027
-yao	0.716417910448	0.10447761194	0.119402985075	0.0597014925373
-bea	0.0	0.825	0.175	0.0
-yak	0.0796812749004	0.808415460963	0.0610190815684	0.050884182568
-ofa	0.0316346790205	0.87274652548	0.0307346128392	0.0648841826605
-iso	0.0062893081761	0.993710691824	0.0	0.0
-rek	0.633916131435	0.172515103681	0.0466789471984	0.146889817686
-upu	0.370533745037	0.616232906925	0.0	0.013233348037
-ren	0.442413070121	0.28821318964	0.116075317283	0.153298422956
-rel	0.0329492941698	0.884938595936	0.0168149015636	0.0652972083308
-rem	0.75072469308	0.137882223061	0.0394636091359	0.0719294747233
-mod	0.00834202294057	0.979144942649	0.0125130344108	0.0
-reg	0.697171381032	0.302828618968	0.0	0.0
-isa	0.299258928451	0.119791280967	0.0349937182487	0.545956072333
-pak	0.42880248649	0.188617378969	0.102525221341	0.2800549132
-upa	0.0392156862745	0.875	0.0678104575163	0.0179738562092
-rer	0.0929535232384	0.731334332834	0.0407796101949	0.134932533733
-res	0.214103653356	0.658453695837	0.0866610025489	0.0407816482583
-rep	0.5068328255	0.174762078779	0.0670232942685	0.251381801453
-rew	0.269439024661	0.0903763141477	0.119327885225	0.520856775966
-ret	0.0815961264919	0.908795463323	0.00339120359468	0.00621720659024
-reu	0.0	1.0	0.0	0.0
-pue	0.431540745628	0.314087759815	0.0626855823161	0.19168591224
-map	0.670988940442	0.111425637357	0.0126546910405	0.20493073116
-mas	0.0167802831673	0.958049292082	0.00629260618772	0.0188778185632
-mar	0.0974044079261	0.434573533401	0.0723868746099	0.395635184063
-mau	0.572139303483	0.36815920398	0.0199004975124	0.0398009950249
-ham	0.0213895060043	0.917883691368	0.0542884897841	0.0064383128441
-mak	0.475868658114	0.37135990105	0.0522201494049	0.100551291431
-uar	0.107255520505	0.0867507886435	0.0741324921136	0.731861198738
-mam	0.605669931279	0.253814644664	0.0682805825975	0.0722348414592
-man	0.514094375096	0.246796477881	0.0773327258983	0.161776421125
-maa	0.140219308273	0.248093471391	0.0118631544376	0.599824065899
-mae	0.604481246956	0.295177788602	0.0116902094496	0.0886507549926
-une	0.572062084257	0.321507760532	0.0665188470067	0.039911308204
-una	0.232288629304	0.458265504375	0.0306690497964	0.278776816524
-mfa	0.0	1.0	0.0	0.0
-nke	0.445544554455	0.217821782178	0.00990099009899	0.326732673267
-nka	0.432926829268	0.539634146342	0.0	0.0274390243903
-pta	0.0	1.0	0.0	0.0
-unu	0.340277777778	0.284722222222	0.229166666667	0.145833333333
-nki	0.0289246559366	0.964077443434	0.0	0.00699790062983
-tra	0.0	1.0	0.0	0.0
-eon	0.0644415069398	0.910773298083	0.0148711169861	0.00991407799074
-gam	0.0228758169935	0.522875816994	0.454248366013	0.0
-gai	0.0	1.0	0.0	0.0
-adi	0.0	1.0	0.0	0.0
-144	0.00781249999998	0.08984375	0.0	0.90234375
-gat	0.0	1.0	0.0	0.0
-gar	0.254426229508	0.662950819672	0.0668852459016	0.015737704918
-sen	0.0233468802886	0.311470853458	0.0101910985387	0.654991167715
-sel	0.0266150080547	0.944131898048	0.0163904741686	0.0128626197285
-sek	0.0	1.0	0.0	0.0
-ina	0.131383124015	0.619426600829	0.126019413533	0.123170861623
-see	0.644599303136	0.146341463415	0.0	0.20905923345
-ine	0.28995215311	0.488995215311	0.155023923445	0.066028708134
-sea	0.0294117647059	0.970588235294	0.0	0.0
-ing	0.0	0.946001542813	0.0	0.053998457187
-fon	0.298387096774	0.701612903226	0.0	0.0
-uin	0.665178571429	0.267857142857	0.0133928571429	0.0535714285714
-now	0.166541786502	0.313855167189	0.192375261793	0.327227784516
-ses	0.0316088296941	0.936579753207	0.006934722702	0.0248766943969
-ser	0.0	1.0	0.0	0.0
-sep	0.0215926917043	0.947217864723	0.0088585401864	0.0223309033866
-rsa	0.189496096522	0.212916962385	0.576295244855	0.0212916962385
-kut	0.30727396329	0.676410605031	0.0122365737594	0.00407885791978
-kus	0.0287503558212	0.965271847424	0.00341588385995	0.00256191289496
-kur	0.0174356832154	0.0527520228117	0.0118054105104	0.918006883462
-fua	0.235668789809	0.723798494499	0.0301100173711	0.0104226983208
-iam	0.144211391263	0.169393184975	0.0558131379396	0.630582285822
-edi	0.0	1.0	0.0	0.0
-ner	0.0161937618813	0.516211363796	0.140903330282	0.32669154404
-nes	0.0392798690671	0.941080196399	0.00981996726678	0.00981996726678
-nep	0.406706837047	0.282280666431	0.108833675292	0.20217882123
-oon	0.229946524064	0.534759358289	0.235294117647	0.0
-nen	0.52780203192	0.242474692319	0.0576163551884	0.172106920573
-kue	0.603305785124	0.198347107438	0.0743801652893	0.123966942149
-oor	0.18965265492	0.468980942259	0.026622205772	0.31474419705
-nek	0.236119511204	0.207791451914	0.170643491725	0.385445545156
-kua	0.534008177467	0.140661523984	0.0405666643089	0.28476363424
-iar	0.0499562379947	0.0132471524211	0.00381928484002	0.932977324744
-kun	0.350672610016	0.303268771579	0.10257850779	0.243480110615
-kum	0.257271364318	0.721139430285	0.008095952024	0.0134932533733
-nee	0.320151501595	0.113849870269	0.0463749962721	0.519623631863
-kuk	0.409005868968	0.41956774945	0.091470961111	0.0799554204712
--na	0.44188916918	0.281649997063	0.0935972842155	0.182863549541
-uum	0.396475770925	0.511013215859	0.0132158590308	0.079295154185
-eka	0.213575005421	0.523690982476	0.0617309482188	0.201003063884
-uun	0.617283950617	0.320987654321	0.037037037037	0.0246913580247
-eke	0.221209218076	0.101918730443	0.0263000599127	0.650571991568
-fow	0.237258347979	0.684799934606	0.03801038133	0.0399313360853
-hor	0.0	1.0	0.0	0.0
-eku	0.251771374587	0.441190363722	0.138875767596	0.168162494095
-uut	0.229851004476	0.276733775923	0.0942845403628	0.399130679238
-uuw	0.172672136996	0.816625044595	0.00856225472709	0.00214056368177
-pek	0.272369227411	0.0825679626736	0.149441479975	0.49562132994
-uup	0.292372881356	0.216101694915	0.427966101695	0.0635593220339
-uus	0.324420677362	0.434937611408	0.229946524064	0.0106951871658
-uur	0.0673316708229	0.895261845387	0.0374064837905	0.0
-dru	0.0	1.0	0.0	0.0
-ase	0.0573613766731	0.713193116635	0.0	0.229445506692
-isi	0.00589210090223	0.99051740011	0.000552384459584	0.00303811452771
-asa	0.131673758996	0.784698032223	0.0218743968457	0.0617538119353
-ias	0.0204290091931	0.958120531154	0.00817160367722	0.0132788559755
-asi	0.105263157895	0.842105263158	0.0526315789474	0.0
-mba	0.394957983193	0.352941176471	0.0252100840336	0.226890756303
-yem	0.519893941679	0.199960977593	0.0600346421566	0.220110438571
-yen	0.384994681018	0.286643054036	0.0895680416769	0.238794223269
-lta	0.038961038961	0.922077922078	0.038961038961	0.0
-yee	0.217391304348	0.666666666667	0.0165631469979	0.0993788819875
-lte	0.25641025641	0.59805959806	0.02772002772	0.11781011781
-iwu	0.557019064125	0.233622183709	0.0866551126516	0.122703639515
-ras	0.0710526315789	0.889473684211	0.0315789473684	0.00789473684211
-rap	0.380644278336	0.175730508146	0.0807304184294	0.362894795089
-ran	0.237037037037	0.554415954416	0.0752136752137	0.133333333333
-eri	0.0	1.0	0.0	0.0
-iwa	0.155364537753	0.372781835284	0.225504740178	0.246348886786
-ram	0.106737096865	0.0480964372251	0.0239445054928	0.821221960417
-rak	0.470052052849	0.235611328323	0.198347107438	0.09598951139
-iwe	0.584592229239	0.310174713482	0.0428249047004	0.0624081525785
-ero	0.0502958579882	0.914201183432	0.0355029585799	0.0
-era	0.149447072287	0.658457995604	0.0262468907217	0.165848041388
-iwi	0.168136964395	0.355174262735	0.268331687127	0.208357085744
-ere	0.220483989245	0.636030310438	0.114153018822	0.029332681496
-por	0.186269698522	0.463959062756	0.0297166708062	0.320054567916
-pow	0.324845092652	0.316474981002	0.216742415386	0.14193751096
-pok	0.593965346624	0.0945014145207	0.0206701007469	0.290863138109
-pon	0.536904761905	0.146726190476	0.0494047619048	0.266964285714
-pol	0.0371238487582	0.904941165329	0.00198877761205	0.0559462083007
-ike	0.398666574488	0.398960394756	0.0911274920712	0.111245538685
-ika	0.136657184845	0.730512453756	0.0300075741925	0.102822787207
-iko	0.00733496332518	0.988997555012	0.00366748166259	0.0
-lam	0.0873362445414	0.857086145296	0.0198491464867	0.035728463676
-nor	0.0	1.0	0.0	0.0
-nos	0.213270994425	0.332494155727	0.10178025535	0.352454594497
-aap	0.0645559883698	0.0382684256153	0.0114295086882	0.885746077327
-aas	0.0888060032858	0.743128635496	0.129656764797	0.0384085964212
-aar	0.302440796311	0.51497876033	0.11053709627	0.0720433470895
-lat	0.119367209971	0.853307766059	0.00575263662512	0.0215723873442
-aal	0.041095890411	0.86301369863	0.0821917808219	0.013698630137
-fos	0.0246913580247	0.956790123457	0.0185185185185	0.0
-iks	0.0695282501371	0.870131651125	0.0287986834887	0.0315414152496
-nom	0.139780172787	0.779296045289	0.0324476274282	0.0484761544957
-non	0.484443073826	0.231896441425	0.0751282811189	0.208532203631
-las	0.0154175760367	0.949262158861	0.0302745129448	0.00504575215746
-noa	0.0	1.0	0.0	0.0
-n-i	0.486788808644	0.279057363771	0.0789650096273	0.155188817959
-dot	0.15	0.8	0.05	0.0
-don	0.0522565320666	0.916864608076	0.00712589073636	0.0237529691212
-ger	0.0	1.0	0.0	0.0
-dol	0.129201379808	0.448736628435	0.3384391228	0.0836228689556
-dom	0.00732600732602	0.992673992674	0.0	0.0
-dok	0.0	1.0	0.0	0.0
-sar	0.101322346852	0.876564958559	0.0118814478393	0.0102312467505
-sap	0.336048879837	0.347950610998	0.258719450102	0.0572810590631
-sat	0.0	1.0	0.0	0.0
-tol	0.111888111888	0.629370629371	0.230769230769	0.027972027972
-oli	0.016129032258	0.983870967742	0.0	0.0
-tot	0.848242399215	0.0702007949208	0.0092912816807	0.0722655241831
-ibi	0.365853658537	0.634146341463	0.0	0.0
-top	0.245901639344	0.114754098361	0.639344262295	0.0
-sak	0.073019181146	0.702034761229	0.11011869329	0.114827364335
-ola	0.221059145052	0.592533388336	0.147733718352	0.0386737482597
-sam	0.0	1.0	0.0	0.0
-rot	0.0128372093023	0.928930232558	0.0480000000001	0.0102325581395
-iek	0.512385544799	0.30475666145	0.0527908855869	0.130066908164
-row	0.129498797997	0.315858859261	0.190926749038	0.363715593704
-iem	0.43711540249	0.364424961071	0.111624791985	0.0868348444549
-iel	0.00947161897029	0.982409850484	0.00811853054597	0.0
-ros	0.192857142857	0.792857142857	0.0142857142857	0.0
-low	0.253489512113	0.515725379912	0.120746149281	0.110038958693
-ron	0.0378357926598	0.861520998865	0.0734014377601	0.0272417707151
-los	0.0552699228791	0.92902027992	0.00285632676378	0.012853470437
-rok	0.376554360062	0.0862151714269	0.0119549377383	0.525275530773
-win	0.580906578972	0.273866776285	0.0775623868012	0.0676642579417
-ipa	0.0621786027844	0.761089510431	0.0389857435512	0.137746143233
-ipe	0.576334580075	0.292417545053	0.0183611016661	0.112886773206
-ewe	0.441860465116	0.4	0.13023255814	0.0279069767442
-wil	0.14693877551	0.526530612245	0.302040816327	0.0244897959184
-ewa	0.266171044489	0.216684553979	0.29510148765	0.222042913882
-ipu	0.60729746444	0.226345083488	0.056277056277	0.110080395795
-awi	0.0494526816896	0.884586060459	0.0177747206467	0.0481865372051
-awa	0.207297704255	0.655122625358	0.0320744209072	0.105505249479
-awe	0.523953744493	0.288821585903	0.139317180617	0.0479074889868
-wie	0.265322435087	0.489118943867	0.172459582807	0.0730990382384
-awu	0.715692307692	0.192	0.00369230769231	0.0886153846154
-rma	0.129917236525	0.384224720287	0.449731325011	0.036126718178
-276	0.0	0.248226950355	0.0	0.751773049645
-wka	0.31746031746	0.637566137566	0.0449735449736	0.0
-wia	0.0118262005684	0.0245270219747	0.000386074353954	0.963260703103
-tow	0.434540389972	0.217270194986	0.192200557103	0.155988857939
-saa	0.0680980612082	0.844976766544	0.0336484537734	0.0532767184746
-yiu	0.681818181818	0.0909090909091	0.127272727273	0.0999999999999
-eya	0.278921005483	0.161988917226	0.0401033709001	0.518986706391
-m-i	0.371352452594	0.370380818054	0.109700673876	0.148566055477
-iok	0.150770134927	0.727526507824	0.0382006513701	0.0835027058795
-lek	0.482225293492	0.287181686762	0.107712592734	0.122880427012
-lel	0.151846313125	0.802599792937	0.0455538939376	0.0
-ion	0.218104179223	0.498002839951	0.0679340886106	0.215958892215
-len	0.186466705223	0.677522286261	0.0307121632132	0.105298845302
-mum	0.0	1.0	0.0	0.0
-lea	0.0	1.0	0.0	0.0
-mun	0.0888313902632	0.871912451409	0.0155059095481	0.0237502487796
-muk	0.597021177668	0.229015827059	0.0911177645815	0.0828452306918
-mut	0.310043668122	0.381472239551	0.153150343107	0.15533374922
-mus	0.0470717022441	0.910235358511	0.0131362889983	0.0295566502463
-ios	0.0758885020077	0.9010832629	0.0070654812214	0.0159627538706
-les	0.0384615384615	0.961538461538	0.0	0.0
-oik	0.212121212121	0.424242424242	0.363636363636	0.0
-lew	0.194444444444	0.75	0.0555555555556	0.0
-eel	0.317073170732	0.341463414634	0.292682926829	0.0487804878049
-een	0.412186379928	0.408602150538	0.125448028674	0.0537634408603
-ife	0.54701986755	0.323178807947	0.0	0.129801324503
-eek	0.413765274713	0.142723487527	0.0362093715853	0.407301866175
-.26	0.213235294118	0.522058823529	0.0882352941177	0.176470588235
-.23	0.428571428571	0.428571428571	0.0285714285714	0.114285714286
-gir	0.0766361478467	0.797897592404	0.121397083757	0.00406917599185
-ali	0.0707017312012	0.860578829127	0.0422888859521	0.0264305537201
-nda	0.0251004016064	0.830321285141	0.140562248996	0.00401606425703
-ale	0.163062884348	0.739337433049	0.0238048006348	0.0737948819679
-nde	0.0898437499999	0.614955357143	0.131696428571	0.163504464286
-eep	0.471428571429	0.461904761905	0.0	0.0666666666667
--ek	0.241987179487	0.360576923077	0.0608974358974	0.336538461538
-ala	0.16935957018	0.410057937064	0.168914113989	0.251668378766
-lon	0.0255015300918	0.951547092826	0.0102006120367	0.0127507650459
-120	0.0514138817481	0.102827763496	0.0	0.845758354756
-yos	0.327140643938	0.0304329186643	0.0284746265068	0.613951810891
-wat	0.6375	0.1875	0.1125	0.0625
-yon	0.158203158569	0.686098827158	0.0636174801623	0.0920805341106
-rop	0.272042777396	0.0997998577302	0.0251082094501	0.603049155424
-lok	0.27307558342	0.72692441658	0.0	0.0
-pel	0.0216033182697	0.952088640815	0.0181147824306	0.0081932584845
-pem	0.891277317793	0.0734285956481	0.00831536070754	0.0269787258511
-pen	0.0362671151875	0.81419673596	0.0977635278967	0.0517726209561
-ien	0.688027134791	0.207772764617	0.0296255187958	0.0745745817961
-rku	0.966480446927	0.0335195530726	0.0	0.0
-elu	0.3125	0.135416666667	0.375	0.177083333333
-153	0.0454545454545	0.0227272727273	0.0454545454545	0.886363636364
-eli	0.0371134020619	0.931958762887	0.0185567010309	0.0123711340206
-pep	0.571965294144	0.113818593333	0.020837627867	0.293378484655
-rka	0.0563106796117	0.64854368932	0.26213592233	0.0330097087379
-ela	0.279296711406	0.501612118295	0.176341673655	0.0427494966438
-iya	0.270072619494	0.223088108845	0.0619739053277	0.444865366333
-ele	0.490241102181	0.300803673938	0.140068886338	0.0688863375431
-itu	0.190476190476	0.777777777778	0.0	0.031746031746
-ter	0.0	0.918032786885	0.0819672131147	0.0
-esi	0.0	0.992248062016	0.0	0.0077519379845
-esa	0.233151442137	0.524874211608	0.155605555949	0.0863687903054
-ite	0.0186770428016	0.728015564202	0.0256809338522	0.227626459144
-aku	0.501030927835	0.385154639175	0.0618556701031	0.0519587628866
-ita	0.0270352676284	0.941947693929	0.0126110457606	0.0184059926824
--ya	0.264900662252	0.602649006623	0.0441501103753	0.0883002207506
-faa	0.195870535714	0.257142857143	0.0643973214286	0.482589285714
-bru	0.00178465199286	0.960737656157	0.0339083878644	0.00356930398572
-iip	0.263305322129	0.243697478992	0.479551820728	0.0134453781513
-fak	0.730199380097	0.124969774241	0.00164867776044	0.143182167901
-fan	0.338083781208	0.160758268327	0.0176660337908	0.483491916674
-fam	0.918985915493	0.0245633802817	0.0056338028169	0.0508169014085
-far	0.161284455983	0.0754755467577	0.00786655851102	0.755373438749
-fas	0.0340557275542	0.965944272446	0.0	0.0
-fap	0.588344884719	0.0526656690911	0.0189255729015	0.340063873289
-uda	0.0441711820006	0.758692396767	0.144697369284	0.052439051948
-fat	0.295302013423	0.418344519016	0.0447427293065	0.241610738255
-fau	0.56043956044	0.307692307692	0.0659340659341	0.0659340659341
-udi	0.0	0.744479495268	0.255520504732	0.0
-hum	0.0	1.0	0.0	0.0
-uok	0.539305542486	0.333546626517	0.0711395502023	0.0560082807942
-wos	0.0855439238405	0.739472168581	0.107395738049	0.0675881695294
-wow	0.0645068842149	0.53619629527	0.0316077233327	0.367689097183
-wok	0.603224247352	0.125788959521	0.0308613431493	0.240125449978
-wol	0.0865979381443	0.851546391753	0.0494845360825	0.0123711340206
-rom	0.185745816211	0.465655939774	0.202451802346	0.146146441669
-uow	0.439264439264	0.461279461279	0.0419580419581	0.0574980574981
-lot	0.0	0.979418826873	0.0102905865634	0.0102905865634
-tua	0.0645161290323	0.870967741935	0.0645161290323	0.0
-kom	0.125086986778	0.747042449548	0.0831593597773	0.044711203897
-aek	0.498466210198	0.081879147117	0.00736074615003	0.412293896535
-kon	0.430844287836	0.279177831204	0.0485675895072	0.241410291453
-aem	0.324855529934	0.136930204438	0.0426555777396	0.495558687888
-sop	0.0465116279069	0.895348837209	0.0348837209302	0.0232558139535
-kok	0.15754476661	0.0996178253563	0.0418455961271	0.700991811907
-aen	0.368345352434	0.24036623152	0.0517490222277	0.339539393819
-aep	0.0653245823351	0.0219795223747	0.00349482691366	0.909201068377
-kow	0.21526834886	0.647295789578	0.0496529023266	0.0877829592354
-tus	0.0270391663672	0.964337046353	0.00862378727992	0.0
-kop	0.00526488976637	0.984863441922	0.0	0.00987166831194
-kos	0.0148105923575	0.0456747713101	0.00290734245425	0.936607293878
-kor	0.445428261655	0.377484640405	0.0415612576799	0.13552584026
-ora	0.16814439849	0.334452097324	0.0577503151303	0.439653189056
-ore	0.526196928636	0.114724480578	0.0813008130081	0.277777777778
-rus	0.028192371476	0.957089552239	0.00559701492537	0.00912106135987
-rup	0.267694624931	0.0739803007082	0.0372783956251	0.621046678736
-liw	0.259927845597	0.0710273105769	0.101911232835	0.567133610991
-lip	0.0129709697344	0.983323038913	0.000926497838171	0.00277949351452
-ruw	0.0787649818067	0.504000083607	0.350662674421	0.0665722601648
-omu	0.110448807854	0.76683029453	0.122720897616	0.0
-lis	0.0299448384555	0.818754925138	0.0189125295509	0.132387706856
-ruk	0.40881295376	0.373171088353	0.105070478613	0.112945479274
-omi	0.264726913891	0.124208057435	0.064213491984	0.54685153669
-lio	0.307692307692	0.653846153846	0.0384615384615	0.0
-lik	0.4282393957	0.289366647298	0.163858221964	0.118535735038
-oma	0.17901518724	0.498781637289	0.0403328111752	0.281870364296
-rua	0.300020503229	0.604730269046	0.0645675193034	0.0306817084209
-lia	0.0	1.0	0.0	0.0
-ome	0.304575492723	0.489172690452	0.0664173174938	0.139834499331
-eap	0.085308056872	0.914691943128	0.0	0.0
-iik	0.320474777448	0.207715133531	0.258160237389	0.213649851632
-oda	0.0	1.0	0.0	0.0
-rna	0.0	1.0	0.0	0.0
-eam	0.00319488817891	0.990415335463	0.0	0.00638977635784
-rni	0.0	1.0	0.0	0.0
-pam	0.0491529076151	0.22241947235	0.0487424449211	0.679685175114
-ura	0.0790267888252	0.753757747364	0.0726522360008	0.0945632278105
-ure	0.639931740614	0.221274175199	0.0534698521047	0.0853242320819
-won	0.460103943748	0.280036686029	0.0666462855396	0.193213084684
-uru	0.717948717949	0.264957264957	0.0	0.017094017094
-ara	0.171533596251	0.600722874234	0.0908203241857	0.136923205329
-pai	0.0213333333333	0.962666666667	0.0	0.016
-dus	0.0382165605095	0.907643312102	0.0	0.0541401273885
-war	0.04285181499	0.915973986137	0.0247069909499	0.0164672079233
-pan	0.363551401869	0.340186915888	0.161682242991	0.134579439252
-ape	0.686857794278	0.1876665691	0.0409008981252	0.0845747384962
-api	0.341433405106	0.55859735466	0.0230698246693	0.0768994155644
-waa	0.0392561983471	0.949586776859	0.00867768595042	0.00247933884298
-apu	0.294339622641	0.664150943396	0.022641509434	0.0188679245283
-pap	0.27653303421	0.105967986484	0.0200106356	0.597488343706
-wan	0.348267933348	0.323682616883	0.227867774382	0.100181675388
-wam	0.431501325038	0.380689019472	0.0637554249722	0.124054230518
-pas	0.0720506730008	0.891923990499	0.00514647664291	0.0308788598575
-pat	0.0194805194805	0.980519480519	0.0	0.0
-sow	0.0874461642766	0.123022228232	0.0670493211053	0.722482286386
-wai	0.0498664292075	0.927574948056	0.0118729593351	0.0106856634016
-nun	0.0127208480565	0.448763250883	0.483392226148	0.0551236749117
-num	0.156694140501	0.639754381729	0.158554386119	0.0449970916514
-nuk	0.368299506453	0.331019557127	0.113898492966	0.186782443453
-ini	0.0930576070901	0.818316100443	0.0177252584934	0.0709010339733
-ken	0.156546231041	0.292031187164	0.274653777522	0.276768804273
-kem	0.504277993355	0.171474021036	0.0563394031424	0.267908582467
-kel	0.0761750405186	0.914100486224	0.0	0.00972447325769
-sus	0.0557226375017	0.74413272882	0.00507758441187	0.195067049266
-kew	0.239583333333	0.572916666667	0.0833333333333	0.104166666667
-sum	0.0365853658536	0.795731707317	0.167682926829	0.0
-ker	0.218485144158	0.281658344334	0.421167422373	0.0786890891351
-kep	0.320393879445	0.337012573014	0.0844178066137	0.258175740926
-sue	0.408866995074	0.354679802956	0.192118226601	0.0443349753695
-oru	0.692692692693	0.169169169169	0.0820820820821	0.0560560560561
-nus	0.0	0.981481481481	0.0185185185185	0.0
-sua	0.0980810234542	0.863539445629	0.00852878464817	0.0298507462686
-fet	0.0307687777876	0.958425345229	0.00382769484439	0.0069781821394
-fer	0.0361885790172	0.864707835325	0.0336985391766	0.0654050464807
-dia	0.0103367789263	0.981660553518	0.00500166722241	0.00300100033345
-fep	0.683965570415	0.116503584079	0.035326772647	0.164204072859
-kot	0.284050672752	0.402234636872	0.186009914234	0.127704776143
-owu	0.679531070664	0.273216768793	0.0405018518939	0.00675030864897
-sor	0.191100518188	0.623729669361	0.141677970381	0.0434918420704
-son	0.00695894224078	0.986082115518	0.00695894224077	0.0
-dis	0.0	1.0	0.0	0.0
-sli	0.0	1.0	0.0	0.0
-oro	0.475524475524	0.398601398601	0.041958041958	0.0839160839161
-ske	0.0181818181818	0.909090909091	0.0	0.0727272727273
-uku	0.191082802548	0.713375796178	0.0573248407643	0.0382165605096
-uka	0.0395428725947	0.91654129692	0.00903327771745	0.0348825527682
-klo	0.101694915254	0.864406779661	0.0338983050847	0.0
-uke	0.363636363636	0.41065830721	0.119122257053	0.1065830721
-tiu	0.0740740740741	0.916666666667	0.0	0.00925925925926
-aiw	0.228100317583	0.401620353227	0.116968225437	0.253311103752
-tiw	0.0828953640252	0.0529060733807	0.0470468797395	0.817151682855
-efa	0.0748414263752	0.0102374607885	0.00267636048925	0.912244752347
-ais	0.0322886716778	0.923990815511	0.00640457322285	0.0373159395886
-tis	0.0	0.965939329431	0.0340606705695	0.0
-sol	0.0135862599333	0.910279415534	0.0023071007434	0.0738272237888
-tia	0.0667461263408	0.904648390942	0.0143027413588	0.0143027413588
-aim	0.0	1.0	0.0	0.0
-ail	0.183333333333	0.4	0.166666666667	0.25
-tin	0.276073619632	0.20245398773	0.0306748466257	0.490797546012
-ain	0.0567308904928	0.0170176012714	0.00223037729227	0.924021130944
-tik	0.16808197829	0.252643027963	0.114116785562	0.465158208185
-eme	0.0	0.98107371968	0.00540750866277	0.0135187716569
-uwe	0.636525877454	0.324211778703	0.0107079119572	0.0285544318858
-ema	0.258343315474	0.196805331341	0.012584692747	0.532266660437
-uwa	0.0689887207661	0.698004388229	0.0103187659221	0.222688125083
-emi	0.421465746473	0.214248683989	0.0697325987463	0.294552970792
-ems	0.00113841191538	0.998861588085	0.0	0.0
-oni	0.037037037037	0.759259259259	0.0	0.203703703704
-set	0.0	1.0	0.0	0.0
-ana	0.216316809881	0.720373872041	0.0275257904689	0.0357835276096
-gia	0.053235053235	0.81435981436	0.13104013104	0.001365001365
-ifa	0.209188597639	0.697762353757	0.0136264297118	0.0794226188917
-ane	0.0875375427966	0.203312659517	0.162081582836	0.54706821485
-000	0.199105211697	0.315620277918	0.0179994666825	0.467275043702
-iaw	0.0604809814544	0.781293891707	0.127268036805	0.0309570900335
-eta	0.400849285522	0.17673227285	0.112227015368	0.31019142626
-aow	0.100338218715	0.777903043968	0.0405862457723	0.0811724915445
-buk	0.0	0.984126984127	0.0	0.015873015873
-lin	0.345636301214	0.429657484463	0.133076368747	0.0916298455747
-atu	0.100104275287	0.899895724713	0.0	0.0
-bul	0.198961028035	0.597450943277	0.0647780091278	0.13881001956
-lim	0.0	1.0	0.0	0.0
-.10	0.480392156863	0.225490196078	0.294117647059	0.0
-wep	0.417091610817	0.0816977275455	0.04134491927	0.459865742368
-bug	0.40920554855	0.307061790668	0.170239596469	0.113493064313
-wen	0.440225297545	0.259662152412	0.0776774453116	0.222435104731
-wem	0.404471410671	0.356294928444	0.0679285101893	0.171305150696
-ata	0.0217766278568	0.885942216473	0.0797757654161	0.0125053902544
-bus	0.0	1.0	0.0	0.0
-666	0.010101010101	0.0	0.0	0.989898989899
-kak	0.596361950009	0.245331009448	0.0582780750676	0.100028965475
-nis	0.0905831755612	0.163821220691	0.0579153556911	0.687680248056
-ian	0.243140964995	0.430463576159	0.102175969726	0.22421948912
-osa	0.176702616477	0.70727864514	0.0291420545499	0.0868766838332
-niw	0.182300762041	0.176057217431	0.124521500426	0.517120520102
-kam	0.567697944012	0.24843559525	0.0582855611342	0.125580899604
-niu	0.576763485477	0.323651452282	0.0124481327801	0.0871369294606
-rum	0.27731092437	0.537815126051	0.0756302521008	0.109243697479
-osi	0.243407707911	0.518255578093	0.207910750507	0.0304259634888
-kae	0.21053321965	0.568439693054	0.121335344658	0.099691742638
-fuk	0.649085495534	0.157805189281	0.0612505316886	0.131858783496
-nia	0.040632375801	0.0341453546895	0.00349372673587	0.921728542774
-kas	0.258695652174	0.663043478261	0.0652173913043	0.0130434782609
-kar	0.141548709409	0.825145711907	0.0166527893422	0.0166527893422
-kap	0.488343322736	0.195910459791	0.0313662209367	0.284379996536
-nin	0.31343038205	0.491666977205	0.0586457166531	0.136256924092
-mua	0.0524775144334	0.290970729457	0.00478126443418	0.651770491675
-nim	0.143378870869	0.735545638174	0.0586818124695	0.0623936784868
-oos	0.0677278502821	0.661140005169	0.215572102339	0.0555600422104
-fik	0.0319156191039	0.926121252074	0.0419631288218	0.0
-nem	0.48147027265	0.311304922002	0.0300437450134	0.177181060335
-fin	0.596249853738	0.141824954171	0.0444050079956	0.217520184095
-p-i	0.516831683168	0.159830268741	0.0611032531825	0.262234794908
-fia	0.2575	0.7275	0.015	0.0
-fif	0.00466562986003	0.98833592535	0.0	0.00699844479004
-fus	0.0	0.980392156863	0.0196078431372	0.0
-oow	0.334241725479	0.534670300235	0.0489134232408	0.0821745510447
-wel	0.0327749453751	0.812090313183	0.133284777859	0.0218499635834
--ki	0.338313463852	0.478814393525	0.0805558065329	0.10231633609
--ko	0.325813549306	0.334960628409	0.0765071389226	0.262718683363
-ila	0.145243282498	0.640937856624	0.157796451914	0.0560224089636
-ilo	0.101694915254	0.847457627119	0.0169491525424	0.0338983050848
--ke	0.171101338294	0.428315106577	0.0642774116181	0.336306143511
-ili	0.0244681492196	0.941240282047	0.018019646839	0.0162719218948
-oam	0.0665236051502	0.93347639485	0.0	0.0
-eba	0.0	0.982719468291	0.0	0.0172805317087
-ebe	0.0970464135021	0.898734177215	0.0	0.0042194092827
-ami	0.394869917914	0.294391423694	0.0695340575576	0.241204600834
-tuk	0.354430379747	0.582278481013	0.0379746835442	0.0253164556962
-ama	0.0547800427994	0.757141810256	0.0651807210285	0.122897425916
-ame	0.172161638893	0.217471109182	0.0306934709106	0.579673781014
-usi	0.00648298217179	0.987034035656	0.00648298217181	0.0
-ein	0.0	1.0	0.0	0.0
-gus	0.0136363636364	0.959090909091	0.0272727272727	0.0
-ire	0.668445203287	0.15611994451	0.051221854658	0.124212997545
-usa	0.0832749400701	0.816190300572	0.0450673059192	0.055467453439
-ira	0.297102729617	0.272566267882	0.0489613298649	0.381369672636
-rfa	0.328086164043	0.655343827672	0.00331400165701	0.013256006628
-tat	0.0	1.0	0.0	0.0
-gum	0.183333333333	0.816666666667	0.0	0.0
-iru	0.515320334262	0.455232789495	0.00557103064068	0.0238758456029
-w-i	0.40045280883	0.346681760294	0.0667893023914	0.186076128484
-eiw	0.286016949152	0.66313559322	0.0	0.0508474576271
-kan	0.530666869124	0.350688099161	0.0634211624075	0.0552238693072
-epe	0.121327254306	0.779761904762	0.0619300911854	0.0369807497467
-uuk	0.12686409872	0.772129453254	0.0430132074054	0.0579932406203
-epa	0.0892995710385	0.382185637609	0.0187620685493	0.509752722803
-tap	0.464206545834	0.535793454166	0.0	0.0
-epi	0.56862745098	0.352941176471	0.0	0.078431372549
-a-i	0.35443711793	0.309846034454	0.177077273906	0.158639573711
-dri	0.547169811321	0.301886792453	0.150943396226	0.0
-det	0.00755259845352	0.0460348858119	0.0258946232692	0.920517892465
-s-i	0.415909090909	0.461363636364	0.0136363636364	0.109090909091
-pia	0.152381486257	0.719472317208	0.0680157706897	0.0601304258461
-wim	0.0681415929203	0.480530973451	0.138053097345	0.313274336283
-ula	0.0756302521008	0.729891956783	0.0144057623049	0.180072028812
-wik	0.0153714577629	0.894489120016	0.0614112123247	0.0287282098967
-oas	0.0	1.0	0.0	0.0
-ius	0.0467397843491	0.936878152622	0.00573834976167	0.0106437132676
-iut	0.0	1.0	0.0	0.0
-pin	0.433734939759	0.349397590361	0.0906900328587	0.126177437021
-iuk	0.127433628319	0.659292035398	0.197345132743	0.0159292035398
-ium	0.20325203252	0.69918699187	0.0325203252033	0.0650406504065
-k-i	0.384900116946	0.341343712383	0.0553336940719	0.218422476599
-piw	0.103326759852	0.135401147361	0.258487213117	0.50278487967
-nok	0.463097290412	0.304534875962	0.074803402165	0.157564431461
-wiu	0.518035303147	0.332310053722	0.0805832693783	0.0690713737529
--pa	0.182340593019	0.454806365117	0.0734255326113	0.289427509253
-wis	0.173051013789	0.247367808253	0.170855441526	0.408725736432
-wun	0.286049669096	0.0489241812636	0.0552210999288	0.609805049712
-uep	0.47480728797	0.258758094305	0.187925021738	0.0785095959872
-uem	0.64598540146	0.186131386861	0.156934306569	0.0109489051095
-uel	0.0	0.988990825688	0.0110091743119	0.0
-yop	0.242424242424	0.666666666667	0.0606060606061	0.030303030303
-ule	0.621928668124	0.273285495616	0.0149529733412	0.0898328629193
-iil	0.22303030303	0.246060606061	0.0969696969696	0.433939393939
-iin	0.1647597254	0.135011441648	0.659038901602	0.0411899313501
-owo	0.665171898356	0.0896860986547	0.245142002989	0.0
-owa	0.246614065931	0.374207884138	0.0986555600733	0.280522489858
-owe	0.702896551724	0.198620689655	0.0463448275862	0.0521379310345
-sda	0.0	1.0	0.0	0.0
-wiw	0.362501709233	0.437107826008	0.0867910481776	0.113599416582
-iiw	0.0522959067216	0.755121592609	0.0377511930282	0.154831307642
-min	0.165816574788	0.321817021301	0.22344965567	0.288916748241
-pir	0.043241160755	0.884113689177	0.0657265643476	0.00691858572076
-bat	0.0	0.992497868713	0.00153452685422	0.00596760443308
-age	0.0466355762825	0.953364423718	0.0	0.0
-iir	0.158118288953	0.310106953985	0.022926347465	0.508848409597
-one	0.245721030887	0.384123549085	0.0499704898682	0.320184930159
-ega	0.0	1.0	0.0	0.0
-ona	0.059829541311	0.0565561151869	0.0425571587836	0.841057184719
-dap	0.0	1.0	0.0	0.0
-bas	0.0385708797541	0.949442950442	0.0036880522474	0.00829811755666
-450	0.0655737704918	0.0546448087432	0.0	0.879781420765
-dam	0.0521140030621	0.933046755388	0.00423978329996	0.0105994582499
-dan	0.00374376039934	0.996256239601	0.0	0.0
-onu	0.300205620288	0.332419465387	0.0630568882797	0.304318026045
-kau	0.198373202457	0.738648453856	0.0429007790782	0.0200775646086
-mwi	0.402298850575	0.413793103448	0.183908045977	0.0
-oti	0.0149584487535	0.960387811634	0.0016620498615	0.0229916897507
-ani	0.000973946919889	0.988069150231	0.000730460189919	0.0102264426589
-ank	0.161361874019	0.153246893766	0.0245433069446	0.66084792527
-tan	0.052707771575	0.813029864345	0.11704924048	0.0172131235999
-tak	0.0962301371136	0.035882369549	0.0171178261717	0.850769667166
-8.5	0.657894736842	0.144736842105	0.0394736842105	0.157894736842
