-мач	0.21568627451	0.450980392157	0.176470588235	0.156862745098
-ӧрӧ	0.150729335494	0.205834683955	0.529983792545	0.113452188006
-мат	0.228235457887	0.445208611753	0.0645685114251	0.261987418936
-мас	0.0	1.0	0.0	0.0
-ита	0.11441090555	0.150438169425	0.204479065239	0.530671859786
-ема	0.502673796792	0.304812834225	0.0748663101604	0.117647058823
-док	0.0	1.0	0.0	0.0
-дон	0.00459418070444	0.89663093415	0.0735068912711	0.0252679938744
-дом	0.00610997963341	0.993890020367	0.0	0.0
-еме	0.0753926583316	0.71015027072	0.06391316845	0.150543902498
-пын	0.0639765496865	0.740575091021	0.119796089288	0.0756522700043
-пым	0.0782115023614	0.829689547238	0.0281621253017	0.063936825099
-йто	0.361281708945	0.0638184245661	0.0221628838451	0.552736982643
-чон	0.142783835792	0.490583707505	0.123733162284	0.24289929442
-ирт	0.149253731343	0.850746268657	0.0	0.0
-йыт	0.498013146716	0.0377044286185	0.00588253779735	0.458399886868
-пыл	0.00329037565122	0.990128873046	0.0	0.00658075130244
-рзе	0.12764407453	0.758011487676	0.0943949826896	0.0199494551045
-туй	0.383561643836	0.390410958904	0.184931506849	0.041095890411
-сей	0.0245658857055	0.958483653158	0.000245658857055	0.0167048022797
-тул	0.0420629887973	0.917142253223	0.0191291481716	0.0216656098076
-вол	0.00180940892642	0.986429433052	0.0	0.0117611580217
-кӱш	0.44387755102	0.448979591837	0.015306122449	0.0918367346939
-йыш	0.0660516221118	0.870907550031	0.0367242558506	0.0263165720063
-ене	0.0469598536003	0.022544287599	0.0013421547446	0.929153704056
-зыж	0.419117647059	0.327205882353	0.0	0.253676470588
-ееш	0.666666666667	0.288888888889	0.0	0.0444444444444
-рто	0.650368280834	0.130230371415	0.09951418273	0.119887165021
-зын	0.557620528771	0.275038880249	0.0139968895801	0.1533437014
-зым	0.138479010352	0.709905571282	0.119860361367	0.031755056998
-лго	0.112244897959	0.617346938776	0.270408163265	0.0
-ьян	0.215311004785	0.114832535885	0.631578947368	0.0382775119617
-зык	0.0312447316662	0.905816240517	0.0445068839562	0.0184321438606
-пан	0.104166666667	0.514973958333	0.222981770833	0.157877604167
-кеж	0.191378255175	0.0794225478589	0.0437407413763	0.68545845559
-сам	0.108924078733	0.767204380642	0.00813970697055	0.115731833654
-пак	0.420824295011	0.344902386117	0.104121475054	0.130151843818
-ыкӧ	0.331351565596	0.152596115735	0.240982956797	0.275069361871
-кей	0.010152284264	0.979695431472	0.0	0.010152284264
-сон	0.0400464306442	0.839814277423	0.120139291933	0.0
-кем	0.209638077743	0.380155841865	0.0458237697355	0.364382310657
-кен	0.460789673233	0.305729451391	0.102103796709	0.131377078667
-кет	0.20730359461	0.274881583169	0.105255927893	0.412558894327
-кеч	0.120778065008	0.078060770437	0.138153155062	0.663008009493
-паф	0.0	1.0	0.0	0.0
-игӧ	0.0126475548061	0.528667790894	0.00309162450815	0.455593029792
-кеш	0.617953664537	0.26788906391	0.0293800109733	0.0847772605794
-ҥга	0.100254768299	0.798044481168	0.101700750534	0.0
-пат	0.12570990023	0.296239447429	0.311588641596	0.266462010744
-еем	0.0	0.993927125506	0.00607287449393	0.0
-ошо	0.0735212824765	0.184632393588	0.6135986733	0.128247650636
-ӧчӧ	0.78453038674	0.201657458564	0.0138121546961	0.0
-зыт	0.190798533867	0.0744083561092	0.0140151274391	0.720777982584
-еат	0.0636348483037	0.0779471073475	0.0615127307848	0.796905313564
-гше	0.110599078341	0.585253456221	0.110599078341	0.193548387097
-маш	0.288259277489	0.480897872086	0.0936636818563	0.137179168569
-зыш	0.0540322580645	0.708870967742	0.00161290322581	0.235483870968
-воч	0.536028119508	0.231985940246	0.0685413005272	0.163444639719
-оро	0.169165476658	0.202985067161	0.517009831015	0.110839625166
-тыт	0.455453207468	0.24885981787	0.0689599473491	0.226727027313
-пыш	0.484919396776	0.383775351014	0.0897035881435	0.0416016640666
-хон	0.02460456942	0.97539543058	0.0	0.0
-йып	0.363636363637	0.545454545454	0.0681818181818	0.0227272727273
-йын	0.321364121854	0.0827231126015	0.0126714533867	0.583241312158
-жшо	0.331553976281	0.342226108021	0.0516561656527	0.274563750045
-йыл	0.6589958159	0.0230125523012	0.0125523012552	0.305439330544
-йык	0.14661784274	0.355863033987	0.434332354226	0.063186769047
-ций	0.0	1.0	0.0	0.0
-южо	0.0742201505916	0.0602366439584	0.0494801003944	0.816063105056
-чоя	0.22	0.203333333333	0.556666666667	0.02
-ӱде	0.318181818182	0.19696969697	0.0909090909091	0.393939393939
-дья	0.0199833472106	0.905079100749	0.0199833472107	0.0549542048293
-ӱда	0.649743124811	0.256572982774	0.0	0.0936838924146
-ман	0.530803883616	0.223726693907	0.0943889704636	0.151080452013
-мам	0.152534484218	0.712702039435	0.00888550393502	0.125877972413
-чот	0.468462978279	0.0194140948069	0.118965742393	0.393157184521
-мӱй	0.0	0.972521181589	0.0274788184108	0.0
-шшо	0.229612034838	0.707046714173	0.0380047505938	0.0253365003959
-аеҥ	0.0888888888889	0.807407407407	0.06734006734	0.0363636363636
-ӧча	0.750611246944	0.176039119804	0.0440097799511	0.0293398533008
-ший	0.0164113785558	0.901531728665	0.082056892779	0.0
-лей	0.00884086444008	0.95952848723	0.021021611002	0.0106090373281
-туж	0.0825688073395	0.761467889908	0.155963302752	0.0
-шин	0.468358956025	0.531641043975	0.0	0.0
-ушт	0.192419825073	0.737609329446	0.0	0.069970845481
-йыр	0.206448067412	0.0886609269096	0.0109910239971	0.693899981682
-аен	0.708114994965	0.0215769681277	0.00258923617533	0.267718800732
-шиж	0.284849749583	0.627504173623	0.0313021702838	0.0563439065108
-икс	0.0318471337579	0.922505307856	0.0329087048832	0.0127388535032
-ача	0.0119755752291	0.956276544545	0.000945440149661	0.030802440076
-уча	0.476295784381	0.102557014513	0.0306841741534	0.390463026952
-аче	0.0606834595737	0.837854500617	0.0269508543244	0.0745111854853
-икш	0.0610221205187	0.920671243326	0.0045766590389	0.0137299771167
-учо	0.468294851693	0.150551307262	0.0355845366929	0.345569304352
-ҥгӧ	0.338582677165	0.574803149606	0.0236220472441	0.0629921259842
-сав	0.0976744186047	0.362790697674	0.260465116279	0.279069767442
-ига	0.0586956521739	0.936956521739	0.00434782608695	0.0
-уяш	0.470791457286	0.387876884422	0.0565326633166	0.0847989949749
-ӱдӧ	0.0566474029395	0.117978224684	0.0419822390427	0.783392133334
-теш	0.481704312669	0.14378376919	0.0880217877717	0.286490130369
-мен	0.673842841765	0.264800861141	0.0193756727664	0.0419806243272
-ҥен	0.679653679654	0.246359700905	0.0369933097205	0.0369933097206
-йӱр	0.27019650655	0.723253275109	0.00109170305677	0.00545851528384
-ӧрт	0.0862175525339	0.865883807169	0.00556242274413	0.0423362175525
-чам	0.0445506612583	0.872943505182	0.0476617409551	0.0348440926042
-чан	0.0606405383815	0.891064901111	0.0181558498148	0.0301387106926
-тер	0.090625	0.803125	0.06875	0.0375
-чап	0.0508516825924	0.846364769423	0.0369754881595	0.0658080598255
-теч	0.635983263598	0.207810320781	0.047419804742	0.108786610879
-чак	0.106537824089	0.133826924735	0.0503517517332	0.709283499443
-чал	0.52479133216	0.254394290189	0.0582335105721	0.162580867079
-шуо	0.367346938776	0.551020408163	0.0	0.0816326530612
-жшӧ	0.536757790965	0.122255731751	0.00681000097286	0.334176476311
-шун	0.0	0.889777777778	0.110222222222	0.0
-шоч	0.719696969697	0.060606060606	0.0227272727273	0.19696969697
-тӧр	0.118803418803	0.489316239316	0.340598290598	0.0512820512821
-шуа	0.709677419355	0.268817204301	0.0215053763441	0.0
-мдо	0.0995024875622	0.776119402985	0.116915422886	0.00746268656716
-леч	0.0976159414474	0.0939001679509	0.0397352855545	0.768748605047
-алт	0.604443069409	0.220315358028	0.0884291967734	0.0868123757893
-ӱла	0.48225420867	0.304762860056	0.0836718658576	0.129311065416
-еак	0.232248562608	0.162205794885	0.0470161724304	0.558529470077
-рфа	0.0	0.86350148368	0.0	0.13649851632
-юмо	0.0681057620263	0.825748908122	0.00186199587123	0.10428333398
-тек	0.496444895886	0.0502195799599	0.00328623069339	0.45004929346
-йӱд	0.0993443568119	0.816833842128	0.0248360892029	0.058985711857
-кка	0.0508474576271	0.847457627119	0.0677966101695	0.0338983050847
-ӧра	0.0470263603039	0.151275335117	0.00980076313298	0.791897541446
-тем	0.530814567171	0.1717600731	0.0298754384161	0.267549921313
-тен	0.619262045107	0.148844202465	0.0255364468103	0.206357305618
-чен	0.502748290048	0.14492249318	0.0144186277701	0.337910589002
-арх	0.0164835164835	0.928571428571	0.043956043956	0.010989010989
-чаш	0.349859864331	0.259894391982	0.0359378539152	0.354307889771
-йӱк	0.0449804432855	0.888852672751	0.00635593220339	0.0598109517601
-ыко	0.21452991453	0.17207977208	0.0179487179487	0.595441595442
-ика	0.00766283524906	0.969348659004	0.0229885057471	0.0
-рак	0.105933810185	0.179159950662	0.35505981231	0.359846426843
-лжо	0.11869137876	0.773143931778	0.0464238825742	0.0617408068884
-шсо	0.0153071620621	0.684672461521	0.241157380487	0.0588629959297
-яче	0.0206611570248	0.919421487603	0.0433884297521	0.0165289256198
-сшӧ	0.0424403183024	0.63925729443	0.0424403183024	0.275862068965
-аон	0.0603448275862	0.655172413793	0.284482758621	0.0
-лӱп	0.0378151260504	0.72268907563	0.239495798319	0.0
-ышо	0.287049838077	0.364959190749	0.108081777883	0.23990919329
-ушо	0.560124610592	0.257943925234	0.155763239875	0.0261682242991
-лӱм	0.0278379214352	0.935354160223	0.000618620476338	0.0361892978658
-уша	0.0585365853658	0.707317073171	0.0439024390244	0.190243902439
-нсе	0.393094289509	0.390438247012	0.0929614873838	0.123505976096
-лӱд	0.2790805307	0.216599814872	0.482721382289	0.0215982721382
-ань	0.0178571428571	0.982142857143	0.0	0.0
-ыде	0.348281475682	0.278961084162	0.191766717626	0.180990722529
-ышт	0.280634118394	0.354848397916	0.0674991516349	0.297018332055
-рге	0.0323905787986	0.867358200218	0.0533310739943	0.0469201469892
-ыда	0.436696019972	0.166152173205	0.0425655109647	0.354586295858
-рга	0.630867872682	0.290130524387	0.0343485230135	0.0446530799176
-рго	0.0	0.46875	0.457236842105	0.0740131578947
-ыдо	0.0610079956362	0.709357908789	0.216427658872	0.0132064367024
-пна	0.0372670807454	0.714285714286	0.0186335403727	0.229813664596
-ойо	0.448369565217	0.0326086956522	0.510869565217	0.00815217391304
-хим	0.0	1.0	0.0	0.0
-ант	0.0751598082301	0.736066719936	0.0209748302038	0.16779864163
-мна	0.116645065729	0.701259026106	0.0376782077393	0.144417700426
-няж	0.346153846154	0.653846153846	0.0	0.0
-фан	0.184908089311	0.738905096676	0.00245763916172	0.0737291748518
-уке	0.334870796876	0.0389984523208	0.00743192509845	0.618698825705
-мне	0.0542073747243	0.945792625276	0.0	0.0
-фай	0.0	1.0	0.0	0.0
-уко	0.0561654104754	0.0542331808857	0.711525386301	0.178076022338
-нян	0.0492954663193	0.885967114057	0.00861185857385	0.0561255610503
-ням	0.0451144470206	0.910297733745	0.0210651114493	0.023522707785
-иль	0.0171445246954	0.899807884049	0.0116728678777	0.0713747233774
-сат	0.266756720763	0.448073666787	0.0382565019691	0.246913110481
-лно	0.0641012579129	0.193254679816	0.0187124731709	0.7239315891
-сар	0.100324579522	0.882954657224	0.0	0.0167207632537
-тмо	0.438339983044	0.389710622982	0.0749966922	0.0969527017737
-тме	0.41775654877	0.41051594071	0.0803669585655	0.0913605519542
-жыҥ	0.151114781172	0.799339388935	0.0247729149463	0.0247729149463
-лне	0.0448702101829	0.216286488849	0.0610054101717	0.677837890796
-сыш	0.0998644224728	0.732978406799	0.123507820509	0.0436493502199
-аке	0.0944715055896	0.0575832265701	0.00854539660656	0.839399871234
-дыж	0.118079096045	0.724576271186	0.0593220338983	0.09802259887
-лна	0.435090051976	0.379366614287	0.0423062975946	0.143237036142
-дыт	0.449397252593	0.309503784693	0.0566302214746	0.184468741239
-ине	0.0768393895122	0.0576295421342	0.00839265176712	0.857138416586
-дыр	0.114297288695	0.544547006569	0.0432111268652	0.297944577872
-уно	0.0350602135054	0.0126104003862	0.000262534359184	0.952066851749
-стр	0.0	0.824817518248	0.175182481752	0.0
-еяк	0.0633802816902	0.725352112676	0.0845070422535	0.12676056338
-лят	0.208555011705	0.077330283039	0.0130346882315	0.701080017025
-сть	0.0287802649612	0.899269072636	0.0246687985381	0.0472818638649
-яре	0.268085106383	0.234042553191	0.31914893617	0.178723404255
-дыш	0.137342130021	0.552999885963	0.00864780621312	0.301010177803
-ник	0.0835021381949	0.887688498762	0.0114787305874	0.0173306324556
-лат	0.428772278963	0.244827041747	0.0281523471991	0.298248332091
-рим	0.032315978456	0.407540394973	0.520646319569	0.0394973070018
-иса	0.116660312619	0.619519634007	0.0480365993137	0.21578345406
-рит	0.0516129032258	0.948387096774	0.0	0.0
-аде	0.224271012007	0.318610634648	0.128644939966	0.328473413379
-вик	0.122116689281	0.0407055630936	0.0814111261872	0.755766621438
-нит	0.0223463687151	0.960893854749	0.0167597765363	0.0
-кед	0.728155339806	0.155339805825	0.0194174757281	0.0970873786408
-инт	0.0	0.858585858586	0.141414141414	0.0
-ада	0.0967168320352	0.743301032881	0.0605765276688	0.0994056074147
-инь	0.0318957771788	0.138814016172	0.00179694519317	0.827493261456
-ӱыт	0.553930530165	0.261425959781	0.168190127971	0.0164533820841
-рия	0.0	0.747770700637	0.0	0.252229299363
-тна	0.371428571429	0.4	0.209523809524	0.0190476190476
-дым	0.0859926070084	0.132352372951	0.00478537676785	0.776869643273
-дын	0.139448969428	0.077078503096	0.015067422043	0.768405105433
-жтӧ	0.130844053969	0.281142139943	0.0916222152494	0.496391590838
-пше	0.0700816934697	0.843806196373	0.0412063916149	0.0449057185429
-чия	0.0633484162896	0.918552036199	0.0	0.0180995475113
-саж	0.204500978473	0.689823874755	0.0528375733855	0.0528375733855
-ысо	0.201867441498	0.572557429108	0.0880235936763	0.137551535718
-сад	0.0	1.0	0.0	0.0
-сае	0.241610738255	0.228187919463	0.44966442953	0.0805369127517
-сак	0.0467225505016	0.721038889653	0.149787000137	0.0824515597086
-сал	0.0458081824279	0.149966465459	0.721730382294	0.0824949698189
-пшо	0.282608695652	0.613043478261	0.0130434782609	0.0913043478261
-сай	0.0474551267402	0.0613446759328	0.657643062363	0.233557134964
-ысе	0.108491378703	0.724656121207	0.0735430772658	0.0933094228241
-сан	0.173743867366	0.538656741668	0.257147690746	0.03045170022
-муш	0.887835703002	0.0932069510268	0.00947867298578	0.00947867298577
-жан	0.110069549441	0.622618687632	0.144541880859	0.122769882068
ALL	0.239626163703	0.286555062409	0.0546608515805	0.419157922307
-няр	0.0813570353496	0.100516617174	0.201602733596	0.61652361388
-нят	0.469932550112	0.300611165648	0.0920231799613	0.137433104278
-кӱм	0.145916340693	0.799616702796	0.0114444188778	0.0430225376334
-жам	0.645255725848	0.16049595316	0.0382297227484	0.156018598243
-там	0.303371685151	0.249137064306	0.0617655280253	0.385725722518
-фат	0.0581219349761	0.897222774803	0.0446552902205	0.0
-укш	0.0246743686539	0.882796748894	0.00616859216347	0.0863602902887
-фар	0.0	1.0	0.0	0.0
-анн	0.0264517462286	0.870014465799	0.00619962802232	0.0973341599504
-чыж	0.564853556485	0.313807531381	0.071129707113	0.0502092050209
-ани	0.0	1.0	0.0	0.0
-ыше	0.287103313123	0.370712475193	0.128659998733	0.213524212951
-лже	0.3278240905	0.517347124694	0.06261832288	0.0922104619255
-ане	0.589199777876	0.297414226707	0.0594579524535	0.0539280429632
-мда	0.512453440241	0.271435254546	0.128025274029	0.0880860311839
-ана	0.219538566026	0.511366366906	0.033179511371	0.235915555697
-мде	0.302249135555	0.0992403164004	0.457897215428	0.140613332617
-узе	0.132793702452	0.0500271206242	0.00450619601953	0.812672980904
-ҥда	0.472216476583	0.362206707858	0.0378461292707	0.127730686289
-пшӧ	0.328790459966	0.671209540034	0.0	0.0
-жта	0.641340782123	0.0368715083799	0.0402234636872	0.28156424581
-аум	0.334015973787	0.610280565226	0.0397296743805	0.0159737866066
-ысӧ	0.108148551218	0.21473268943	0.650591756224	0.0265270031288
-аул	0.0	0.949152542373	0.0508474576271	0.0
-даш	0.632361436771	0.164719750781	0.0292800689747	0.173638743474
-уфь	0.0	1.0	0.0	0.0
-еже	0.243020800426	0.0969082510213	0.0201387673105	0.639932181243
-жап	0.0334955861728	0.657674009295	0.0459808046641	0.262849599868
-вей	0.0416666666667	0.791666666667	0.0416666666667	0.125
-иям	0.324089962706	0.478115633651	0.00892305580342	0.188871347839
-жак	0.172153024911	0.241459074733	0.100088967971	0.486298932384
-кур	0.301587301587	0.634920634921	0.0634920634921	0.0
-иян	0.123432240959	0.19458719624	0.533102634954	0.148877927846
-дыл	0.730263157895	0.171992481203	0.0610902255639	0.0366541353383
-ҥго	0.12265917603	0.182584269663	0.649812734082	0.0449438202247
-шмӧ	0.00994255413168	0.776292532037	0.193879805568	0.0198851082634
-мыш	0.0806553034331	0.833377718109	0.0182160215043	0.0677509569541
-лжӧ	0.00538599640934	0.978456014363	0.016157989228	0.0
-ышӧ	0.278532270565	0.367634511053	0.296558920356	0.0572742980254
-мыт	0.217416591171	0.118198391661	0.0347616011811	0.629623415987
-соп	0.0	0.92349726776	0.0765027322404	0.0
-мыр	0.35734705546	0.253859348199	0.19439679817	0.19439679817
-ьын	0.0251157313547	0.874280278069	0.0175166126371	0.0830873779395
-мдӧ	0.709827026007	0.206045326466	0.0	0.0841276475267
-мыч	0.417614494212	0.447861097131	0.0868142929039	0.0477101157524
-йӧн	0.243692042269	0.404356264826	0.183739486737	0.168212206168
-сно	0.598971722365	0.329048843188	0.0719794344473	0.0
-жым	0.231368407613	0.51315049679	0.0435969165663	0.211884179031
-жын	0.559905521054	0.171800333813	0.0429038727612	0.225390272371
-аша	0.250314465409	0.456939203354	0.0446121593291	0.248134171908
-аше	0.185418933623	0.684221980414	0.0992383025027	0.0311207834603
-жыл	0.029359430605	0.0551601423488	0.891459074733	0.0240213523132
-чык	0.269607843137	0.178218574251	0.21739626083	0.334777321781
-жем	0.0212493060474	0.0388613434922	0.0022972222754	0.937592128185
-мом	0.149045454064	0.185472169738	0.00546991502185	0.660012461176
-мша	0.0634249471458	0.879492600423	0.00951374207188	0.0475687103594
-ашт	0.107137050325	0.674920715359	0.0383414208788	0.179600813438
-жен	0.372881355932	0.203389830508	0.364406779661	0.0593220338983
-жыш	0.141979464737	0.811311227066	0.0227234472311	0.0239858609662
-рра	0.00609942055503	0.993900579445	0.0	0.0
-жыр	0.105105105105	0.852852852853	0.0	0.042042042042
-жыт	0.673621849352	0.192835573496	0.0239581614682	0.109584415684
-мык	0.27453935201	0.245222275498	0.0985683950956	0.381669977396
-мыл	0.384645004781	0.081889885059	0.0109742714303	0.52249083873
-ляк	0.0587673196369	0.696368848543	0.011944577162	0.232919254658
-мый	0.0201924492523	0.017307135106	0.000978066854626	0.961522348787
-ҥге	0.0100888782128	0.964929137641	0.0141724717752	0.0108095123709
-мым	0.271142308425	0.488488721652	0.046498127781	0.193870842141
-мын	0.0727778702486	0.448959884958	0.0273024269887	0.450959817805
-йде	0.610264455401	0.146571044375	0.111385029135	0.131779471089
-мыж	0.455510237163	0.318671571118	0.0568963031791	0.16892188854
-ҥам	0.35160275759	0.607773816234	0.01680969359	0.0238137325858
-йда	0.420412675018	0.351971260133	0.13540899042	0.0922070744288
-вва	0.0456026058632	0.765472312704	0.123778501629	0.0651465798045
-кул	0.025	0.828395061728	0.103086419753	0.0435185185185
-кум	0.0130545740086	0.0291519434629	0.00265017667844	0.95514330585
-жаш	0.581933921737	0.308716707022	0.0192012288786	0.0901481423624
-аоф	0.133928571429	0.419642857143	0.0535714285714	0.392857142857
-ште	0.148172573176	0.519468648916	0.0309239106087	0.3014348673
-пп-	0.0392156862745	0.941176470588	0.0	0.0196078431373
-жар	0.0815001803102	0.579516768842	0.276956364948	0.0620266858997
-жат	0.233541266546	0.381530945942	0.0478996701628	0.337028117348
-чда	0.355999889718	0.291266274599	0.0881834589209	0.264550376763
-фше	0.367346938776	0.591836734694	0.0	0.0408163265306
-оам	0.0126050420168	0.924369747899	0.0	0.063025210084
-лнӧ	0.0229885057471	0.103448275862	0.0	0.873563218391
-шде	0.401162790698	0.0174418604651	0.470930232558	0.110465116279
-ҥше	0.375176304654	0.173013634227	0.329572167372	0.122237893747
-уем	0.128048780488	0.493902439024	0.109756097561	0.268292682927
-шда	0.265764740317	0.606241937407	0.0632540895639	0.0647392327122
-гар	0.0317273078566	0.910309341252	0.0103723891069	0.0475909617848
-ерч	0.0540107676576	0.105766980005	0.00367135236359	0.836550899974
-гат	0.279180750994	0.594891879268	0.0181034826297	0.107823887109
-жгӧ	0.108695652174	0.864130434783	0.0271739130435	0.0
-ерт	0.312853638694	0.1155316585	0.223790211587	0.347824491219
-рля	0.052285754229	0.0158843407878	0.0470962268062	0.884733678177
-гаш	0.452124747155	0.351471960827	0.0653353721677	0.13106791985
-ьше	0.122978638451	0.869834298263	0.0	0.00718706328609
-ьмо	0.0770877944325	0.877944325482	0.0192719486081	0.0256959314775
-ӱчӧ	0.0575197054792	0.907968471233	0.0	0.0345118232875
-нна	0.262613833641	0.152215507137	0.0296324370239	0.555538222199
-гая	0.624113475177	0.205673758865	0.0283687943262	0.141843971631
-ныл	0.045637070559	0.113200331442	0.0218624513991	0.8193001466
-нык	0.116825396825	0.634285714286	0.231746031746	0.0171428571429
-ужо	0.114179451418	0.641469084147	0.201952580195	0.0423988842399
-нын	0.0704509591026	0.0696295591654	0.0065599066381	0.853359575094
-ным	0.109470352958	0.361492990594	0.0235984825759	0.505438173872
-тий	0.0346191889219	0.926805143422	0.0326409495549	0.00593471810089
-сше	0.0432432432432	0.881081081081	0.0216216216216	0.0540540540541
-тӱҥ	0.0787918581746	0.704530531845	0.0984898227183	0.118187787262
-ныж	0.100964043773	0.8794945284	0.0	0.019541427827
-уже	0.031523642732	0.0858143607706	0.0105078809107	0.872154115587
-йна	0.386618444846	0.35027124774	0.201446654611	0.0616636528029
-лук	0.610684229784	0.224661544091	0.070984266374	0.0936699597512
-йне	0.00426742532005	0.799431009957	0.170697012802	0.0256045519203
-кна	0.215566456633	0.601112191821	0.0312936101831	0.152027741363
-ипа	0.213444213444	0.786555786556	0.0	0.0
-штӧ	0.212338345348	0.503081045985	0.0911103475106	0.193470261156
-лум	0.0	0.848214285714	0.0892857142857	0.0625
-лыш	0.0576285140076	0.847667071726	0.0480271448193	0.0466772694472
-144	0.321739130435	0.0260869565217	0.0	0.652173913043
-эше	0.104805182249	0.0777337329595	0.10171130233	0.715749782462
-ндо	0.581268301211	0.273720554172	0.0477251868362	0.0972859577817
-гыз	0.106824925816	0.790801186944	0.0356083086054	0.066765578635
-гыж	0.13281047686	0.510839406607	0.0449483925863	0.311401723947
-аат	0.241379310345	0.586206896552	0.172413793103	0.0
-нда	0.177909850515	0.0964737152269	0.0217086310219	0.703907803236
-яже	0.265118317265	0.458808063103	0.131463628396	0.144609991236
-гын	0.0888439337377	0.0475879087934	0.00151341720737	0.862054740262
-гым	0.0381613124411	0.903226615036	0.0190395904373	0.0395724820853
-нде	0.151869322508	0.373386721512	0.0300864464933	0.444657509486
-аал	0.0995850622407	0.775933609958	0.0995850622407	0.0248962655602
-жше	0.375962360992	0.345594525235	0.214285714286	0.0641573994868
-пка	0.0202525315665	0.923490436305	0.0202525315665	0.0360045005626
-лык	0.0604578229653	0.645322754458	0.119534247074	0.174685175503
-лын	0.61946016319	0.109563109661	0.0291890204262	0.241787706723
-лым	0.138176564917	0.570388446078	0.175121821809	0.116313167196
-сда	0.21568627451	0.745098039216	0.0	0.0392156862745
-аам	0.0311836805405	0.923773225345	0.00129932002252	0.0437437740916
-гыш	0.217947167986	0.64060327631	0.0199480142659	0.121501541437
-ндр	0.0	1.0	0.0	0.0
-льӧ	0.0956175298805	0.844621513944	0.0	0.0597609561753
-уэш	0.412977282367	0.0823033171676	0.0427027877031	0.462016612762
-ина	0.0540679711637	0.945932028836	0.0	0.0
-ржо	0.0532765050613	0.880127863612	0.0479488545552	0.0186467767715
-аус	0.030303030303	0.909090909091	0.0606060606061	0.0
-оло	0.166530808124	0.162835481063	0.249716481508	0.420917229306
-нже	0.218818369269	0.263080227634	0.0396694711833	0.478431931914
-рже	0.12881341377	0.523022330725	0.0489490972327	0.299215158272
-ӱан	0.0415252734646	0.780876966057	0.160438556568	0.017159203911
-оҥа	0.518742442564	0.408706166868	0.0290205562273	0.043530834341
-ржа	0.0738423028786	0.291614518148	0.521902377973	0.112640801001
-кшӧ	0.0619221550051	0.568770688278	0.317943157174	0.0513639995434
-тир	0.0	1.0	0.0	0.0
-мин	0.0	1.0	0.0	0.0
-ныш	0.264107504351	0.50972883078	0.0988344439804	0.127329220889
-тих	0.168421052632	0.768421052632	0.0421052631579	0.0210526315789
-мий	0.422248107164	0.467676179383	0.0419336051252	0.0681421083285
-пет	0.0420762074369	0.758309314341	0.194664336171	0.00495014205139
-ныт	0.669696797306	0.0920793742379	0.030644474494	0.207579353962
-мие	0.531300160514	0.324237560193	0.0	0.144462279294
-вор	0.0516911295469	0.934907466497	0.00191448627952	0.0114869176771
-пуд	0.0	1.0	0.0	0.0
-гав	0.0	1.0	0.0	0.0
-ере	0.108880945834	0.27330217212	0.115342315095	0.502474566951
-гад	0.0	1.0	0.0	0.0
-йшӧ	0.0	0.352748154225	0.647251845775	0.0
-она	0.460269632597	0.367239262261	0.0208280075936	0.151663097548
-газ	0.0762711864407	0.923728813559	0.0	0.0
-оно	0.585421412301	0.233105542901	0.0447987851177	0.136674259681
-гай	0.114707715273	0.0695774522381	0.0578479910733	0.757866841416
-гак	0.0610862440646	0.0690001280038	0.115298211537	0.754615416395
-гал	0.250126144309	0.0876162329705	0.434477041736	0.227780580985
-гам	0.0961961647281	0.879283244263	0.00188619930839	0.0226343917007
-кда	0.181909737976	0.679154613524	0.0738486780315	0.0650869704685
-вшо	0.030303030303	0.909090909091	0.0	0.0606060606061
-аяк	0.104251493626	0.103824167318	0.18447596088	0.607448378176
-жда	0.243243243243	0.716216216216	0.0405405405405	0.0
-тӱм	0.0294117647059	0.905882352941	0.0117647058823	0.0529411764706
-йым	0.0882493985729	0.133446607379	0.0177744232596	0.760529570788
-ҥат	0.114370059994	0.475668983906	0.0614227216456	0.348538234454
-ӱэш	0.381067961165	0.530097087379	0.066504854369	0.0223300970874
-хор	0.0	1.0	0.0	0.0
-ржӧ	0.0207029948361	0.917022396697	0.029812312564	0.032462295903
-кше	0.192598083763	0.506315724929	0.0767288559444	0.224357335363
-ҥаш	0.543824701195	0.321260412894	0.0498007968127	0.0851140890982
-кӱл	0.433425523508	0.356775977874	0.0047412090083	0.205057289609
-ият	0.426772254556	0.307718729129	0.0230703177178	0.242438698598
-шат	0.329916117592	0.459275081241	0.0859082741298	0.124900527038
-ояк	0.0480931747642	0.309716972435	0.478012353646	0.164177499155
-ынь	0.0959580376427	0.648873804381	0.110151187905	0.145016970071
-зан	0.300678569076	0.453982475789	0.0654852098294	0.179853745306
-оян	0.0984437997804	0.292794627351	0.504905055575	0.103856517294
-пич	0.597288676236	0.322966507177	0.0797448165869	0.0
-ева	0.19605077574	0.564174894217	0.0423131170663	0.197461212976
-чие	0.204708290686	0.795291709314	0.0	0.0
-ияш	0.647712065728	0.0877309459838	0.0273348755667	0.237222112721
-шаш	0.515409931527	0.18726394604	0.0635241799424	0.233801942491
-еве	0.443793421824	0.149295596645	0.00747759354891	0.399433387982
-дий	0.00191570881226	0.998084291188	0.0	0.0
-ифа	0.0164383561644	0.764383561644	0.0	0.219178082192
-чат	0.177396843477	0.395940297368	0.0300029653625	0.396659893793
-урт	0.073577401407	0.885469139319	0.0159649078525	0.0249885514213
-пеш	0.211705831158	0.0913838120104	0.208659704091	0.488250652742
-ҥле	0.594202898551	0.231884057971	0.115942028986	0.0579710144928
-йше	0.193651014692	0.120729270997	0.0130150449635	0.672604669348
-йшо	0.406869220608	0.148833113166	0.0695728753852	0.374724790841
-жно	0.253205128205	0.322115384615	0.173076923077	0.251602564103
-мга	0.035821585394	0.783914952623	0.11093136122	0.0693321007626
-ора	0.0982191041554	0.458175930923	0.0582838640043	0.385321100917
-зем	0.791517561299	0.152551358516	0.00927766732935	0.0466534128562
-ӱмӧ	0.16697059494	0.475153863688	0.268976521541	0.0888990198313
-жне	0.0263893016345	0.195126300149	0.011411589896	0.767072808321
-жна	0.079295154185	0.330396475771	0.312775330396	0.277533039648
-хий	0.0269662921348	0.966292134831	0.0	0.00674157303371
-орт	0.174165457184	0.77648766328	0.0464441219158	0.00290275761974
-ура	0.490056818182	0.201394822283	0.0640806561859	0.244467703349
-жге	0.324757004002	0.388793596341	0.257289879931	0.0291595197256
-арш	0.132352941177	0.782352941176	0.085294117647	0.0
-жга	0.337037037037	0.411111111111	0.107407407407	0.144444444444
-урж	0.719512195122	0.254355400697	0.00522648083624	0.0209059233449
-ива	0.230769230769	0.769230769231	0.0	0.0
-лыҥ	0.274265569918	0.166392479436	0.12972972973	0.429612220917
-рум	0.189873417721	0.515535097814	0.239355581128	0.0552359033372
-уро	0.594078006943	0.0503165203185	0.00428833979987	0.351317132939
-ояш	0.290849361986	0.348995805568	0.107592200396	0.25256263205
-иже	0.0656934306569	0.0656934306569	0.737226277372	0.131386861314
-тат	0.300702838269	0.283580372855	0.0759004243228	0.339816364552
-шаж	0.127754437109	0.68790191203	0.0224642030352	0.161879447826
-дис	0.0283018867924	0.83962264151	0.11320754717	0.0188679245283
-дир	0.496453900709	0.473150962513	0.0303951367781	0.0
-дия	0.0874439461883	0.912556053812	0.0	0.0
-мал	0.515785675627	0.17485116363	0.0090925491611	0.300270611582
-оят	0.037037037037	0.962962962963	0.0	0.0
-ыло	0.835182616736	0.0450762829404	0.0321312991216	0.0876098012021
-шан	0.150305125179	0.32811771574	0.296670712603	0.224906446478
-шам	0.365370630556	0.376457321987	0.0241764914132	0.233995556044
-аяш	0.617673384981	0.0723479119726	0.0300009259545	0.279977777092
-шӧк	0.196721311475	0.724590163934	0.0	0.0786885245901
-юзо	0.0194805194805	0.98051948052	0.0	0.0
-што	0.100824816015	0.295114944028	0.0469117555342	0.557148484423
-аят	0.506407411376	0.234808140045	0.0184524563335	0.240331992246
-шта	0.549546427656	0.109944180282	0.0155219497335	0.324987442329
-аяр	0.0	0.657303370786	0.325842696629	0.0168539325843
-ҥан	0.0755843260022	0.789589578967	0.0306422943252	0.104183800706
-ҥак	0.12315270936	0.307881773399	0.118226600985	0.450738916256
-ҥал	0.0951694304253	0.126892573901	0.0115356885364	0.766402307138
-тӱр	0.114379084967	0.493166963755	0.0730837789661	0.319370172311
-ҥай	0.694915254237	0.118644067797	0.186440677966	0.0
-тде	0.54023983187	0.374459142045	0.0630485844975	0.0222524415874
-нчо	0.535991312442	0.285603475023	0.0480918399007	0.130313372634
-рча	0.373015873016	0.563492063492	0.031746031746	0.031746031746
-зер	0.0	1.0	0.0	0.0
-тда	0.222243104825	0.469373052045	0.205014957165	0.103368885965
-гшо	0.333333333333	0.666666666667	0.0	0.0
-рче	0.120478604567	0.677179123662	0.0602393022832	0.142102969489
-нче	0.0319912874792	0.905047136099	0.0578565837389	0.00510499268283
-оат	0.185185185185	0.596424010217	0.0114942528736	0.206896551724
-неш	0.684718230177	0.231986302055	0.0246937891171	0.0586016786512
-гыл	0.12878658898	0.0237568259493	0.00435095153418	0.843105633536
-ува	0.762711864407	0.135593220339	0.0	0.101694915254
-нча	0.327910677416	0.44314101974	0.0110469627428	0.217901340102
-кас	0.156103286385	0.699530516432	0.0044014084507	0.139964788732
-кар	0.0325247323486	0.404390838867	0.501287437322	0.0617969914623
-ргӧ	0.253702735668	0.286461055933	0.170412963931	0.289423244468
-кат	0.240860985307	0.47480879711	0.075220590605	0.209109626977
-жсӧ	0.837837837838	0.135135135135	0.027027027027	0.0
-лот	0.0	1.0	0.0	0.0
-каш	0.709968661394	0.187274820389	0.0225979064958	0.080158611721
-уен	0.542168674699	0.0963855421687	0.361445783133	0.0
-лос	0.0167439464194	0.938948995363	0.0	0.0443070582174
-кая	0.681245016854	0.0473276954875	0.00481823587559	0.266609051783
-ием	0.498922716628	0.233161592506	0.0249180327869	0.24299765808
-иен	0.680151605972	0.0466764277272	0.012352792718	0.260819173583
-нам	0.310682873255	0.0815994381201	0.0224974553219	0.585220233303
-нан	0.0340433042035	0.0903115093081	0.00881593790846	0.86682924858
-нак	0.146074347462	0.17683068559	0.0880263451674	0.589068621781
-нал	0.344111736645	0.0448758468882	0.0177464304262	0.593265986041
-най	0.0	1.0	0.0	0.0
-еҥе	0.571522238007	0.172768003497	0.0196699814228	0.236039777074
-ыла	0.0739890523034	0.215348708945	0.0153930022903	0.695269236462
-ыле	0.508434581973	0.0146403850253	0.00534757358523	0.471577459416
-еҥа	0.799091940976	0.125993189557	0.0340522133939	0.0408626560727
-выш	0.4102492965	0.36304545995	0.156949783996	0.0697554595537
-кта	0.480530519178	0.163963640944	0.0411528208475	0.314353019031
-шле	0.0	0.0653411802131	0.0542389056784	0.880419914109
-нос	0.0434782608696	0.95652173913	0.0	0.0
-шла	0.151074767369	0.532351473874	0.0387176539488	0.277856104809
-геш	0.23147168161	0.0856903238238	0.0332060303957	0.649631964171
-выр	0.0945674044266	0.885311871227	0.0	0.0201207243461
-аве	0.0775299238302	0.734085963003	0.0414853101197	0.146898803047
-сир	0.0	1.0	0.0	0.0
--мо	0.170990955305	0.601901366607	0.0534759358289	0.173631742259
-гет	0.273818152533	0.59571555126	0.0604010630587	0.0700652331481
-сиф	0.0879732739421	0.85723830735	0.0	0.0547884187082
-выч	0.161538461538	0.661538461538	0.161538461538	0.0153846153846
-ога	0.584822218781	0.151392887521	0.0205395681185	0.24324532558
-рва	0.0112781954887	0.988721804511	0.0	0.0
-ген	0.24660744482	0.0521875286411	0.00919942221788	0.692005604321
-сий	0.0413983440662	0.935602575897	0.0147194112236	0.00827966881324
-вым	0.142887995597	0.788594040644	0.0151178425376	0.0534001212214
-пӱй	0.0	1.0	0.0	0.0
-гей	0.0	1.0	0.0	0.0
-оик	0.175	0.1	0.725	0.0
-ошт	0.379526199794	0.219243629172	0.0686314766242	0.33259869441
-чса	0.667623421355	0.280711825488	0.0	0.0516647531573
-дмӧ	0.113636363636	0.659090909091	0.181818181818	0.0454545454546
-ной	0.0268456375839	0.946308724832	0.0	0.0268456375839
-ооз	0.030303030303	0.969696969697	0.0	0.0
-сем	0.447053816206	0.091321057046	0.00675988633376	0.454865240414
-геч	0.283687943262	0.326241134752	0.0992907801419	0.290780141844
-мма	0.075	0.9	0.025	0.0
-иеш	0.560055214052	0.0171632408209	0.00884904642662	0.4139324987
-вӱр	0.015897755611	0.955112219451	0.00374064837906	0.0252493765586
-мме	0.345628062935	0.342919783338	0.0580345628063	0.253417590921
-чмӧ	0.503852080123	0.374935798665	0.0462249614792	0.0749871597329
-улл	0.0781563126252	0.881763527054	0.0400801603206	0.0
-ылт	0.50341266544	0.361564484539	0.076265653748	0.0587571962729
-нат	0.312966797397	0.18702107021	0.057794429868	0.442217702525
-выт	0.115384615385	0.423076923077	0.461538461538	0.0
-нар	0.11480711767	0.0973422032771	0.189589735601	0.598260943452
-уло	0.432875361567	0.0360166541009	0.11715817394	0.413949810392
-мсе	0.21556122449	0.432397959184	0.149234693878	0.202806122449
-лои	0.0	0.982532751092	0.0174672489083	0.0
-лой	0.0714285714286	0.875	0.0178571428571	0.0357142857143
-кае	0.534576808024	0.29561851135	0.00316734119303	0.166637339433
-нох	0.0	0.980198019802	0.0	0.019801980198
-тло	0.600610531671	0.196896464004	0.0544390740269	0.148053930298
-лон	0.0120585701981	0.950043066322	0.00861326442722	0.0292850990525
-кай	0.808172386853	0.102799832846	0.0	0.0890277803012
-лог	0.115384615385	0.826923076923	0.0	0.0576923076923
-кал	0.172989377845	0.752655538695	0.01062215478	0.0637329286798
-как	0.268126727621	0.296193918775	0.159472677015	0.276206676589
-кан	0.115815883488	0.359873268742	0.45766006322	0.0666507845493
-тле	0.240171194198	0.384342863936	0.213790643762	0.161695298104
-кап	0.055096613075	0.778555354107	0.0629977919027	0.103350240915
-лек	0.320440990421	0.247966744985	0.0189770468101	0.412615217784
-рло	0.0645234321938	0.0892008150328	0.835408648404	0.0108671043695
-паз	0.0	0.90454016298	0.0954598370198	0.0
-ымо	0.509762813954	0.174439719304	0.0783092170246	0.237488249717
-йол	0.0142788229619	0.902556681138	0.0	0.0831644958996
-йом	0.810168483239	0.104485523871	0.051949734803	0.0333962580877
-гес	0.12	0.84	0.04	0.0
-нет	0.244678938696	0.124193491536	0.0361155415349	0.595012028233
-има	0.0	1.0	0.0	0.0
-ыме	0.406927458027	0.277300237934	0.143813754649	0.17195854939
-ясе	0.0725469538998	0.767609982926	0.0846441675445	0.0751988956298
-вви	0.0229377283154	0.931186815054	0.0	0.0458754566307
-йод	0.760830519434	0.118830375745	0.0150872907537	0.105251814067
-рла	0.0782365591398	0.360430107527	0.518107526882	0.0432258064516
-лша	0.455258042265	0.126481469869	0.188123157961	0.230137329905
-еон	0.0385074626866	0.956119402985	0.0	0.00537313432836
-аза	0.175937865475	0.496896272528	0.135844303835	0.191321558161
-суд	0.14165329053	0.712881219904	0.017455858748	0.128009630819
-ньӧ	0.0655391120507	0.701089608066	0.227354041308	0.00601723857538
-ыта	0.547345958922	0.156308348893	0.0386769805281	0.257668711656
-азе	0.112676056338	0.769953051643	0.0979655712049	0.0194053208138
-куд	0.00348735832607	0.104620749782	0.0	0.891891891892
-сум	0.0331491712707	0.966850828729	0.0	0.0
-сул	0.0116279069767	0.953488372093	0.0232558139535	0.0116279069767
-иро	0.222482435597	0.629976580796	0.147540983607	0.0
-чмо	0.419313554392	0.179988365329	0.315997673066	0.0847004072135
-ред	0.495867768595	0.500826446281	0.00330578512396	0.0
-гог	0.0260543065159	0.928384999313	0.0	0.045560694171
-чеш	0.436319458396	0.071908085016	0.00716427415289	0.484608182435
-хав	0.0	1.0	0.0	0.0
-дмо	0.423468641879	0.373617270114	0.154963208421	0.0479508795868
-рем	0.297181850221	0.603317981851	0.0398213983315	0.0596787695958
-рен	0.615236670837	0.127786209962	0.0371843486765	0.219792770525
-чер	0.156577885391	0.715630885123	0.100349744417	0.0274414850686
-рей	0.0287597663224	0.775949493651	0.188720343946	0.00657039608061
-дме	0.472458520374	0.386027132264	0.110265122393	0.0312492249697
-вын	0.0447491775119	0.887122601683	0.0477479838123	0.020380236993
-яда	0.443181818182	0.488636363636	0.0	0.0681818181818
-сим	0.0194647201946	0.965936739659	0.0	0.014598540146
-мза	0.579311287104	0.264930489477	0.100423065099	0.05533515832
-лай	0.255568100174	0.303807862055	0.283588217182	0.157035820589
-дна	0.429698506622	0.466046773739	0.0422654268808	0.0619892927585
-рлӧ	0.0669220085021	0.359720526958	0.172650364073	0.400707100467
-умо	0.576081424936	0.178625954198	0.0834605597964	0.161832061069
-ымӧ	0.422801349787	0.365992704205	0.159378103937	0.0518278420698
-уми	0.0	0.758389261745	0.0805369127517	0.161073825503
-лак	0.13549790624	0.649087833945	0.0677184473284	0.147695812486
-кыр	0.0862464183382	0.224068767908	0.627936962751	0.0617478510029
-атр	0.0	1.0	0.0	0.0
-кыт	0.193919999747	0.185353344862	0.00639296702463	0.614333688366
-сым	0.0673158065379	0.460742846947	0.00898881057746	0.462952535937
-ҥеш	0.661905035191	0.110934883211	0.104449812439	0.122710269159
-деж	0.113837846551	0.845664087685	0.0120889748549	0.0284090909091
-ӱыш	0.0993871128044	0.607420904423	0.193804869969	0.0993871128044
-кыш	0.309231304358	0.439694897663	0.191188008734	0.0598857892448
-офа	0.0	0.989071038251	0.0	0.0109289617486
-дек	0.235423542354	0.660066006601	0.038503850385	0.06600660066
-дем	0.185948746563	0.600531039333	0.0617713697342	0.15174884437
-ать	0.359322033898	0.571186440678	0.0203389830508	0.0491525423729
-ама	0.0	0.945205479452	0.013698630137	0.041095890411
-ӧсӧ	0.0612244897959	0.348508634223	0.519623233909	0.0706436420722
-ҥем	0.88745855276	0.0891359469475	0.0234055002925	0.0
-ӱын	0.519959745052	0.351224421335	0.0825226434082	0.0462931902047
-ате	0.318516300163	0.474558626394	0.0242434613958	0.182681612048
-вич	0.00216412853893	0.0082880970354	0.00432825707786	0.985219517348
-кыж	0.180866691149	0.733290488432	0.0472824091076	0.038560411311
-деч	0.0531410976422	0.0122460470442	0.00206414575774	0.932548709556
-деш	0.611266261705	0.194424192011	0.0345795190955	0.159730027189
-ҥеж	0.0	0.955386385766	0.0446136142339	0.0
-кым	0.187199035004	0.62815505237	0.075086148695	0.10955976393
-кын	0.163145812318	0.525886626777	0.115638446752	0.195329114153
-езе	0.168329177057	0.597256857855	0.205735660848	0.0286783042394
-уил	0.0	0.987473903967	0.0	0.0125260960334
-рчӧ	0.0623853211009	0.930275229358	0.0	0.00733944954127
-лге	0.252254879497	0.186368654571	0.434519965838	0.126856500094
-леш	0.518849040781	0.085838626361	0.0264323650181	0.36887996784
-тмӧ	0.0	1.0	0.0	0.0
-гот	0.237529691211	0.495249406176	0.267220902613	0.0
-ӧжӧ	0.26013058348	0.190589698414	0.390714063634	0.158565654472
-рец	0.0149563772331	0.28707935189	0.0523473203157	0.645616950561
-ҥде	0.335116584233	0.251337438175	0.30150398708	0.112041990512
-гоч	0.100625414905	0.0401178954514	0.0063140451317	0.852942644512
-хар	0.0	1.0	0.0	0.0
-чем	0.132352906311	0.0631571710026	0.021740728184	0.782749194502
-чег	0.0931098696462	0.661080074488	0.0558659217877	0.189944134078
-паг	0.0263157894737	0.956140350877	0.0175438596491	0.0
-реш	0.157534738365	0.0931572917642	0.0347800181209	0.71452795175
-лсе	0.0470788428815	0.762620533182	0.0674985819626	0.122802041974
-тет	0.516315317277	0.307876911834	0.0314348010779	0.144372969811
-сус	0.00286678360318	0.617472849407	0.0015513844194	0.37810898257
-сур	0.0	0.2109375	0.7890625	0.0
-мла	0.393998695369	0.450750163079	0.100456621004	0.054794520548
-ҥме	0.339285714286	0.522959183674	0.0612244897959	0.0765306122449
