-yo:	0.238117891395	0.360526547256	0.16156771118	0.239787850169
-cao	0.159489288225	0.684489044463	0.0376013494647	0.118420317848
-so"	0.404767435341	0.343340248464	0.0961016283932	0.155790687802
-ug:	0.273566366775	0.514248908295	0.0647117382723	0.147472986658
-hem	0.0	0.997797356828	0.0	0.00220264317181
-hen	0.013407821229	0.986592178771	0.0	0.0
-rbe	0.00934579439252	0.990654205607	0.0	0.0
-je;	0.161953375577	0.784655401705	0.0480521004459	0.00533912227177
-kho	0.139376218324	0.774366471735	0.0672514619883	0.0190058479532
-lem	0.00330421287141	0.9918646274	0.000600765976619	0.00423039375203
-ug'	0.425470534215	0.263458995475	0.0677991380963	0.243271332213
-oya	0.0612244897959	0.804081632653	0.110204081633	0.0244897959183
-oyo	0.475841874085	0.379209370425	0.0702781844803	0.0746705710103
-zin	0.0239045349435	0.956724548809	0.00762472235265	0.0117461938946
-aug	0.0877333704522	0.290519241394	0.0393161819346	0.582431206219
-aui	0.206416726473	0.563948236473	0.104088639285	0.125546397769
-zid	0.169153447463	0.780587403801	0.0235589759698	0.0267001727659
-zia	0.0	1.0	0.0	0.0
-ca"	0.277979578371	0.111594716544	0.0531413418206	0.557284363263
-ca'	0.304452466907	0.375050140393	0.295092926862	0.0254044658377
-he:	0.521069363091	0.396699958262	0.0184637374284	0.0637669412192
--um	0.0185686653772	0.977176015474	0.0	0.00425531914893
-kia	0.0257737757968	0.907214407131	0.056702306753	0.0103095103187
-eu-	0.0204081632653	0.979591836735	0.0	0.0
-he-	0.120567375886	0.742907801418	0.0141843971631	0.122340425532
-bye	0.0373729602274	0.815448763068	0.147178276705	0.0
-ca:	0.684881836021	0.259875437249	0.0166368057333	0.0386059209965
-he'	0.657643544917	0.165503587957	0.0333842816976	0.143468585428
-ntu	0.0	0.952723998199	0.0	0.047276001801
-ug-	0.237501721747	0.289664502338	0.147106024351	0.325727751565
-he"	0.178579254544	0.540904607652	0.216040426779	0.0644757110245
-xe-	0.0333333333333	0.533333333333	0.0333333333333	0.4
-ag:	0.450718468191	0.274022298694	0.11859915439	0.156660078725
-au:	0.309486268851	0.326564763446	0.0822063177931	0.28174264991
-gan	0.461530886082	0.312356894896	0.0365364256346	0.189575793387
-xe"	0.459970887919	0.435225618632	0.0698689956332	0.0349344978166
-au"	0.377491799386	0.474334267875	0.044339901302	0.103834031437
-pru	0.0	1.0	0.0	0.0
-xe:	0.0224593408485	0.0514585663884	0.0247827209362	0.901299371827
-au-	0.438687392055	0.384801381693	0.0449050086355	0.131606217617
-opa	0.0563784042045	0.91591017678	0.0143334925944	0.0133779264214
-yui	0.0483380299731	0.90172281286	0.0446020665215	0.00533709064515
-imu	0.0445544554456	0.852475247525	0.0237623762376	0.079207920792
-deg	0.097148541114	0.857427055703	0.0258620689655	0.0195623342175
-oku	0.30612244898	0.69387755102	0.0	0.0
-te:	0.130944957769	0.157785839805	0.33099975436	0.380269448066
-ri-	0.100299401198	0.86377245509	0.0	0.0359281437126
-kin	0.195472511678	0.524973050665	0.240747394898	0.0388070427597
-vhe	0.0430416068867	0.490674318508	0.157819225251	0.308464849354
-qo;	0.177820267686	0.764818355641	0.057361376673	0.0
-te"	0.388990825688	0.511926605505	0.0587155963303	0.040366972477
-oki	0.0222342002425	0.958630912276	0.00485109823474	0.0142837892467
-siu	0.0204081632653	0.979591836735	0.0	0.0
-te'	0.248346168063	0.30084608329	0.0490168944245	0.401790854222
-vho	0.0255972696246	0.974402730375	0.0	0.0
-g"-	0.224943013404	0.564868198505	0.149144948535	0.0610438395554
-ri:	0.284246575342	0.505136986301	0.14897260274	0.0616438356164
-lu:	0.23923438397	0.554256917254	0.147554339419	0.0589543593569
-obo	0.0926445940015	0.63566267582	0.112182228522	0.159510501657
-ugi	0.0	0.895652173913	0.104347826087	0.0
-e'-	0.291210826534	0.338732727889	0.112875291682	0.257181153894
-oba	0.368905097915	0.544755411084	0.0863394910013	0.0
-iru	0.287600825483	0.448006926768	0.0897420039452	0.174650243804
-ida	0.0378378378378	0.956756756757	0.0	0.00540540540541
-u"-	0.329431380605	0.385339251077	0.09120507945	0.194024288867
-bia	0.179894179894	0.809523809524	0.010582010582	0.0
-bin	0.4886244745	0.234628139525	0.0925450360479	0.184202349927
-lu"	0.628427532177	0.287632904309	0.0503637381086	0.0335758254057
-idu	0.0	0.928143712575	0.0718562874252	0.0
-g'-	0.355366364762	0.417330931474	0.0687673034939	0.15853540027
-de"	0.664772727273	0.207386363636	0.0767045454546	0.0511363636363
-eje	0.152542372881	0.720338983051	0.0	0.127118644068
-ria	0.0627753303964	0.862701908957	0.0308370044053	0.0436857562408
-im:	0.346136732945	0.38125530509	0.0551604544344	0.217447507531
-ad;	0.461397041358	0.345863697257	0.0748211418419	0.117918119543
-de-	0.902127659574	0.0382978723404	0.0595744680851	0.0
-ejo	0.480411909559	0.119543317663	0.0380568614283	0.36198791135
-im"	0.384123009448	0.194079585664	0.175190512018	0.246606892871
-eju	0.183574580591	0.700760673844	0.0703452910818	0.0453194544832
-utu	0.0100799965685	0.912925987089	0.0705599759796	0.00643404036287
-de:	0.256998872385	0.0810212576392	0.295463087996	0.36651678198
-de;	0.354259197605	0.334648076533	0.136807971365	0.174284754497
-im-	0.281318681319	0.316483516483	0.375824175824	0.0263736263736
-sia	0.0166708136352	0.972878825579	0.00223936302563	0.00821099776064
-dan	0.143991500423	0.81695995709	0.0255317393188	0.0135168031688
-gyo	0.129673744369	0.72348835076	0.0982226525825	0.0486152522883
-are	0.419282511211	0.542600896861	0.0	0.0381165919283
-id-	0.221949891068	0.489106753813	0.247549019608	0.041394335512
-ara	0.0442940633651	0.937250076899	0.00922792986774	0.00922792986773
-gyi	0.114603393772	0.81490498165	0.0268885578286	0.043603066749
-id'	0.288917443313	0.0857570334911	0.0295217796649	0.595803743531
-gye	0.0996857956696	0.288160513423	0.0114303343593	0.600723356548
-id"	0.0619469026549	0.199115044248	0.672566371681	0.066371681416
-ari	0.0126492827362	0.847643276094	0.00127199491202	0.138435446258
-gya	0.252873563218	0.701149425287	0.0459770114943	0.0
-aru	0.0393576826197	0.861146095718	0.0311712846348	0.0683249370277
-meg	0.0	1.0	0.0	0.0
-id:	0.332298890198	0.185538984974	0.105725093793	0.376437031035
-id;	0.326697065776	0.286106411822	0.155954154856	0.231242367545
-lun	0.107357829485	0.794717455754	0.0871440122181	0.0107807025425
-men	0.034043121287	0.16554302116	0.00500634136573	0.795407516187
-eeg	0.0506539833531	0.417360285375	0.518430439952	0.0135552913198
-aye	0.507246376812	0.257648953301	0.138486312399	0.0966183574879
-pha	0.0715151280762	0.652869629114	0.249276469299	0.0263387735107
-phe	0.372162740899	0.576445396146	0.0385438972163	0.0128479657387
-dug	0.372773536896	0.296861747243	0.126802374894	0.203562340967
-ayo	0.106314002787	0.606357529704	0.0599891517529	0.227339315757
-pho	0.100885870631	0.788335739622	0.0354704739497	0.0753079157977
-ayu	0.24913835549	0.512063023141	0.069423929099	0.16937469227
-um-	0.0	1.0	0.0	0.0
-xau	0.0287030975595	0.906645265219	0.0420792983639	0.0225723388574
-na-	0.124923532631	0.571782736083	0.0746965452847	0.228597186001
-na"	0.0894930338363	0.187320969706	0.044815690935	0.678370305522
-ki-	0.0801068090787	0.903871829106	0.00801068090787	0.00801068090788
-na:	0.61440425902	0.0388234728609	0.00559096457034	0.341181303548
-xad	0.0	1.0	0.0	0.0
-xae	0.137089201878	0.859154929577	0.00375586854461	0.0
-nug	0.654119604475	0.113050712189	0.106118197681	0.126711485655
-zu:	0.290411348382	0.709588651618	0.0	0.0
-xam	0.625	0.375	0.0	0.0
-xao	0.191641481522	0.448988427206	0.187481404366	0.171888686906
-nue	0.0	1.0	0.0	0.0
--qo	0.0620720232524	0.772402581408	0.0413813488349	0.124144046505
-oti	0.0	0.981538461538	0.0	0.0184615384616
-nho	0.298664436608	0.503868272748	0.0896829581782	0.107784332465
-ye:	0.779754532962	0.0563260722416	0.00736443293737	0.156554961859
-uma	0.108843537415	0.877551020408	0.0136054421769	0.0
-otu	0.0344827586207	0.896551724138	0.0344827586207	0.0344827586207
-nha	0.571895424837	0.107843137255	0.0065359477124	0.313725490196
ALL	0.211124852163	0.241173275073	0.0466275824344	0.50107429033
-nai	0.344665885111	0.384525205158	0.196951934349	0.0738569753809
-nan	0.0359820089955	0.788605697151	0.16191904048	0.0134932533733
-nao	0.0301841152683	0.0204080255242	0.00151782408649	0.947890035121
-nam	0.0978150406505	0.745680894309	0.114352365115	0.0421516999261
-gda	0.0967741935484	0.854838709677	0.0	0.0483870967742
-xa:	0.0803586528798	0.659953109429	0.180710317679	0.0789779200123
-nag	0.358803986711	0.325581395349	0.275747508306	0.0398671096346
-kim	0.0	1.0	0.0	0.0
-nae	0.05868491921	0.830041891083	0.0656418312388	0.045631358468
-sin	0.413892908828	0.534008683068	0.0173661360347	0.0347322720694
-aku	0.00407550407551	0.992063492063	0.001287001287	0.002574002574
-ala	0.0	1.0	0.0	0.0
-u:-	0.203442555552	0.0943564233009	0.0290218600822	0.673179161065
-re-	0.386982064567	0.0775009961896	0.00954739129795	0.525969547946
-re"	0.412047494932	0.276629018245	0.0920938314509	0.219229655372
-goe	0.79652173913	0.125217391304	0.0208695652174	0.0573913043478
-gog	0.0491803278688	0.934426229508	0.016393442623	0.0
-re:	0.0540061101281	0.0417623924771	0.00839528084899	0.895836216546
-re;	0.716814159292	0.0973451327433	0.132743362832	0.0530973451327
-moe	0.20193685579	0.533991871254	0.214363739223	0.0497075337329
-yo"	0.275420952937	0.112475870941	0.0351107918497	0.576992384272
-mon	0.0118499769903	0.986769443166	0.0	0.00138057984353
-ha"	0.223168787365	0.584933929196	0.0679284586574	0.123968824781
-ma:	0.116364079444	0.759351772877	0.0475204094066	0.0767637382721
-o"-	0.155121178607	0.0867916324109	0.0166769729078	0.741410216075
-ber	0.0	1.0	0.0	0.0
-"i?	0.740524781341	0.215743440233	0.0	0.0437317784257
-ha-	0.0949992400061	0.732482140143	0.141358869129	0.031159750722
-ve;	0.735976924383	0.209410239343	0.0315816654206	0.0230311708526
-yae	0.152623635505	0.637092978777	0.0434384874449	0.166844898273
-yad	0.15491961304	0.296092553614	0.257556268255	0.291431565091
-yag	0.233560090703	0.283321891448	0.16877821465	0.3143398032
-ma-	0.117531831538	0.799216454456	0.0685602350637	0.0146914789422
-beo	0.0	1.0	0.0	0.0
-yab	0.205584241729	0.737495436291	0.0266694483562	0.0302508736244
-yam	0.370486656201	0.270015698587	0.284144427002	0.0753532182103
-yao	0.656615415589	0.298156273524	0.0135652199262	0.0316630909601
-ma"	0.0535714285714	0.517857142857	0.428571428571	0.0
-yai	0.178131362272	0.0579053661807	0.217292298635	0.546670972912
-bed	0.1005400914	0.728292480266	0.00498545907769	0.166181969256
-ju-	0.161676646707	0.724550898204	0.0359281437126	0.0778443113772
-go-	0.2770208901	0.272479564033	0.30881017257	0.141689373297
-zo:	0.128691523019	0.681559329231	0.00651410074532	0.183235047004
-da"	0.644832812503	0.242670527653	0.0305613381279	0.0819353217162
-go"	0.0320348651699	0.205341903612	0.0249778810464	0.737645350171
-mo;	0.0442172915073	0.173175210406	0.0102830910482	0.772324407039
-red	0.012139755231	0.983122779313	0.00355309909198	0.001184366364
-eve	0.0989277744114	0.901072225589	0.0	0.0
-go;	0.606451612903	0.324423963134	0.0387096774194	0.0304147465438
-go:	0.1128371572	0.730702674686	0.0699289007411	0.0865312673725
-mo"	0.0529860621174	0.441158206509	0.196951027216	0.308904704157
-isu	0.078313253012	0.66265060241	0.0120481927711	0.246987951807
-evo	0.112040229338	0.814053601021	0.0232385378769	0.0506676317644
-evi	0.0427540255414	0.928928373126	0.0183231538034	0.00999444752913
-reu	0.0	1.0	0.0	0.0
-be:	0.546242774566	0.453757225434	0.0	0.0
-avi	0.00385685234099	0.994740655899	0.00140249176036	0.0
-hab	0.254439100513	0.435035542341	0.170248796385	0.140276560762
-qu:	0.249744413612	0.653863005696	0.0963925806923	0.0
-had	0.0	0.932971835839	0.0	0.067028164161
-ufu	0.00884955752212	0.991150442478	0.0	0.0
-avo	0.55227598444	0.401146522896	0.0133078550467	0.0332696376169
-hai	0.8158181371	0.127964583114	0.0288113558905	0.0274059238958
-co'	0.614448609235	0.109088997419	0.0186942419001	0.257768151446
-ave	0.270899880316	0.425833304327	0.148749742291	0.154517073066
-han	0.0778328050717	0.871134298194	0.0168904034466	0.0341424932873
-hao	0.258117105063	0.205448435828	0.0453924536762	0.491042005432
-mai	0.173724899521	0.730533518436	0.0715334963544	0.0242080856881
-coe	0.0616966580976	0.776349614396	0.115681233933	0.0462724935733
-hau	0.611380123136	0.261238067973	0.0529725117436	0.074409297148
-mao	0.228359751895	0.688507925569	0.059011026878	0.0241212956581
-man	0.0694820874193	0.832947321737	0.0798304834179	0.0177401074262
-poe	0.0878832601742	0.851282827912	0.0273567272181	0.0334771846955
-mae	0.0154657201447	0.00950987895441	0.00343285475504	0.971591546146
-mad	0.515410801362	0.293219247401	0.1775692336	0.0138007176373
-mag	0.411065709872	0.273596211323	0.253396670469	0.0619414083368
-ui:	0.460869044333	0.353338564216	0.110121883575	0.0756705078766
-in-	0.135308181708	0.641305669247	0.152469911253	0.0709162377923
-to'	0.480796097796	0.208814083263	0.0511461720663	0.259243646875
-se'	0.708276891928	0.259697620281	0.00662646518653	0.025399022605
-in"	0.400167760019	0.322841562033	0.173253784127	0.103736893821
-ung	0.123520572246	0.608056943924	0.0641156288121	0.204306855018
-se"	0.629367486799	0.259633749017	0.0390967307044	0.0719020334794
-in:	0.388914173862	0.200645884583	0.0941548421337	0.316285099421
-ui-	0.123778501629	0.729641693811	0.14657980456	0.0
-se:	0.243485237287	0.691700911914	0.0187282203291	0.0460856304698
-ui"	0.674855037549	0.185879542215	0.0362013132649	0.103064106971
-666	0.0717703349282	0.153110047847	0.0	0.775119617225
-gag	0.597292850733	0.270341011068	0.101705055339	0.0306610828597
-ju"	0.669051632211	0.25699150356	0.0399023081422	0.0340545560868
-gae	0.199364266957	0.673367606534	0.0606316349712	0.0666364915383
-gad	0.607766268031	0.060346721954	0.0192236303945	0.31266337962
-ne:	0.0505780346821	0.576107899807	0.358863198459	0.014450867052
-ib:	0.209618076632	0.465703702786	0.0457985951959	0.278879625386
-gao	0.362377600979	0.341187270502	0.0367197062424	0.259715422277
-ao:	0.16040569194	0.15058141312	0.0429051141984	0.646107780742
-gam	0.278636459877	0.626932034724	0.0669066271437	0.0275248782554
-ein	0.204267062914	0.239991130816	0.0787502373087	0.476991568961
-tri	0.00212615166549	0.972360028349	0.0255138199858	0.0
-"wa	0.673028785983	0.223717146433	0.0704005006258	0.0328535669587
-gai	0.220791257435	0.342330621009	0.341439307093	0.095438814464
-tru	0.0239211716075	0.933097471921	0.00263151162068	0.0403498448505
-ao"	0.141801250045	0.286871514658	0.0441137904182	0.527213444878
-gau	0.394825256546	0.201055399335	0.0377058759084	0.36641346821
-ne-	0.0	0.488700564972	0.511299435028	0.0
-ake	0.0830115830115	0.839768339768	0.0289575289575	0.0482625482625
-lam	0.22059682064	0.626364953907	0.057706380337	0.095331845116
-ana	0.19447769234	0.32154065107	0.0256483768242	0.458333279765
-ku-	0.0282292557742	0.971770744226	0.0	0.0
-vo:	0.278379262744	0.530632570597	0.0670957635449	0.123892403114
-ao-	0.289673561732	0.422093045363	0.0877504848093	0.200482908095
-un-	0.0	0.879518072289	0.0	0.120481927711
-vo;	0.565129960824	0.274478647863	0.0429953613079	0.117396030006
-dab	0.0	1.0	0.0	0.0
-seg	0.0	1.0	0.0	0.0
-ina	0.0308483290488	0.96529562982	0.00385604113111	0.0
-sed	0.0	1.0	0.0	0.0
-seb	0.0147470599216	0.972932611536	0.00560014933731	0.00672017920478
-un"	0.442094125962	0.319565177283	0.138039442206	0.100301254549
-i"-	0.648994335085	0.150417474137	0.0743367422516	0.126251448526
-iki	0.0	0.982558139535	0.0	0.0174418604651
-un:	0.189966593058	0.787611120548	0.0149481909292	0.00747409546458
-lbu	0.0724729815639	0.912269548633	0.00762873490146	0.00762873490148
-ha:	0.621956074596	0.271626980362	0.033080402756	0.0733365422859
-ga'	0.051724137931	0.827586206897	0.103448275862	0.0172413793103
-ad'	0.451686570799	0.234958015492	0.0761005151838	0.237254898525
-yan	0.230362915746	0.593559934978	0.0855071140253	0.0905700352505
-ad"	0.294520547945	0.448356164384	0.150273972603	0.106849315068
-ga"	0.0774195335233	0.038204454838	0.0126810049197	0.871695006719
-ede	0.0068395554289	0.993160444571	0.0	0.0
-ad-	0.136766987279	0.465777226187	0.065466956252	0.331988830282
-e:-	0.151078524461	0.128882028383	0.041572619695	0.678466827461
-kug	0.298663324979	0.446532999165	0.173350041771	0.0814536340852
-kao	0.221675466045	0.60432330374	0.0651234618536	0.108877768361
-ad:	0.52902045437	0.0221975696867	0.00580522890947	0.442976747034
-ga:	0.108724965508	0.0849196727745	0.00242945224798	0.80392590947
-nea	0.0503144654088	0.924528301887	0.0251572327044	0.0
-ban	0.0792564863818	0.642700400155	0.0540854524333	0.22395766103
-bao	0.117018477542	0.71391536918	0.155278113705	0.0137880395719
-bam	0.0359031369991	0.0425416332036	0.00320673844719	0.91834849135
-ra:	0.336363636364	0.581818181818	0.0545454545454	0.0272727272727
-hoe	0.155895845252	0.641724116477	0.0441621230354	0.158217915236
-xo:	0.120964776822	0.477792484741	0.358519008751	0.042723729686
-bag	0.358139534884	0.613953488372	0.0279069767442	0.0
-bad	0.751693002257	0.234762979684	0.0	0.0135440180587
-hon	0.0	1.0	0.0	0.0
-ra-	0.0	0.964976651101	0.0350233488993	0.0
-rhu	0.0714285714286	0.875	0.0535714285714	0.0
-xo'	0.457578959863	0.213736439923	0.0533544567411	0.275330143473
-noa	0.00510023282232	0.989799534355	0.0	0.00510023282233
-bau	0.197663934063	0.468782981189	0.208995420696	0.124557664052
-ra"	0.0725600276976	0.0345651801636	0.000790127662813	0.892084664476
-su:	0.447076117245	0.461807939802	0.0392586234369	0.0518573195159
-jhi	0.170363486615	0.75186187819	0.0777746351941	0.0
-ase	0.464639562692	0.453365220362	0.0819952169457	0.0
-jho	0.793952914372	0.102703151699	0.0155449022214	0.0877990317069
-ug?	0.363117095063	0.120359037128	0.110159118727	0.406364749082
-ug;	0.497298636862	0.277360545702	0.114492571662	0.110848245774
-nyo	0.521246458924	0.237960339943	0.104815864023	0.13597733711
-dre	0.0	1.0	0.0	0.0
-asu	0.0542635658914	0.837209302326	0.0	0.108527131783
-ug"	0.505882352941	0.423529411765	0.0	0.0705882352941
-po"	0.535015772871	0.233438485804	0.101577287066	0.129968454259
-jid	0.112601365047	0.0523809448698	0.789526650273	0.045491039811
-lta	0.0384615384615	0.923076923077	0.0	0.0384615384615
-yed	0.0	0.911971830986	0.0880281690142	0.0
-ho"	0.218490586813	0.50580199924	0.0755197707673	0.20018764318
-ba-	0.682436485676	0.191912968758	0.00875500575561	0.116895539811
-ho'	0.278641373189	0.19654700358	0.153904833182	0.370906790049
-jo:	0.182004002287	0.27487135506	0.23692109777	0.306203544883
-jo;	0.504727740678	0.0445457432723	0.038907903932	0.411818612118
-eru	0.139031744086	0.155921068758	0.0204142664542	0.684632920701
-uri	0.0227670753065	0.872154115587	0.101576182137	0.00350262697023
-ho-	0.359942127445	0.433729634522	0.127068000252	0.0792602377807
-ran	0.0740740740741	0.925925925926	0.0	0.0
-eri	0.0	1.0	0.0	0.0
-iwa	0.299089429889	0.204393900511	0.049801211675	0.446715457925
-ram	0.0	1.0	0.0	0.0
-ba:	0.823676928387	0.0637441405023	0.0337240550783	0.0788548760327
-ba;	0.98	0.02	0.0	0.0
-rah	0.0995260663507	0.876777251185	0.0236966824645	0.0
-ho:	0.156046742849	0.220380842366	0.0452515278991	0.578320886886
-era	0.0	1.0	0.0	0.0
-rad	0.0273556231003	0.966565349544	0.00607902735561	0.0
-ere	0.0337194623198	0.0874850035714	0.00668791615139	0.872107617957
-jo"	0.690817186184	0.0968828980623	0.0294860994103	0.182813816344
-ye;	0.815706098719	0.123236585941	0.0147830355265	0.0462742798131
-qu"	0.622068565494	0.110105581494	0.0113290877773	0.256496765234
-oze	0.0874524714829	0.88780979431	0.00549727426818	0.0192404599386
-oge	0.156272574043	0.710089092223	0.0373224175295	0.0963159162051
-qu-	0.0536535513541	0.222023505365	0.670669391926	0.0536535513541
-su-	0.0193067134708	0.980693286529	0.0	0.0
-zo"	0.276280225582	0.189449485577	0.0300792058078	0.504191083034
-azo	0.0	1.0	0.0	0.0
-zho	0.196163703699	0.714878337647	0.0752721188613	0.0136858397929
-ugo	0.143990596532	0.476932118719	0.361445783133	0.0176315016162
-ye"	0.84407796576	0.0298875334228	0.00395638881698	0.122078112
-aza	0.0338983050847	0.949152542373	0.0169491525424	0.0
-ye'	0.357540029597	0.108989716285	0.0143803227743	0.519089931344
-eva	0.0520873228648	0.913443125239	0.0344695518958	0.0
-lad	0.0503772983314	0.887235625465	0.0414496758423	0.0209374003614
-lae	0.0968902832887	0.394343452985	0.450632093753	0.0581341699732
-ike	0.0129032258065	0.987096774194	0.0	0.0
-lag	0.306723221069	0.604646746012	0.0335527981768	0.055077234743
-to"	0.390179200112	0.0248613389228	0.00299131798842	0.581968142976
-lab	0.0397269624573	0.936040955631	0.0105119453925	0.0137201365188
-ib;	0.225563909774	0.684210526316	0.0902255639098	0.0
-sa:	0.0156629431763	0.972134531326	0.00619232637202	0.00601019912579
-lan	0.448979591837	0.0	0.0	0.551020408163
-lao	0.0739964430893	0.905678353659	0.020325203252	0.0
-lai	0.109464972945	0.714713967418	0.0678318238375	0.1079892358
-oum	0.0	0.962264150943	0.0377358490566	0.0
-sa"	0.139638386648	0.85702364395	0.0	0.00333796940196
-iku	0.00564971751412	0.983050847458	0.0112994350283	0.0
-non	0.0	0.964912280702	0.0350877192982	0.0
-vo'	0.235941320293	0.558679706602	0.161369193154	0.0440097799511
-aad	0.0	1.0	0.0	0.0
-to:	0.565632516048	0.0599281451423	0.0965455530906	0.277893785719
-nna	0.0805084745762	0.866101694915	0.0381355932203	0.0152542372881
-nog	0.0	1.0	0.0	0.0
-lo-	0.243534482759	0.42025862069	0.0366379310344	0.299568965517
-myu	0.176470588235	0.764705882353	0.0588235294117	0.0
-aho	0.0	1.0	0.0	0.0
-aha	0.384976525821	0.488262910798	0.0	0.12676056338
-lo"	0.522977158998	0.0258509638932	0.0111002951241	0.440071581985
--in	0.0	0.972972972973	0.0135135135135	0.0135135135135
-mya	0.140992907801	0.753929078014	0.0900425531915	0.0150354609929
-dog	0.0	1.0	0.0	0.0
-doe	0.355496996329	0.270657192123	0.07310323729	0.300742574257
-lo:	0.406943294506	0.0453570490941	0.0135243857727	0.534175270627
-lo;	0.0858812568815	0.90310832557	0.00402303718133	0.00698738036757
-myi	0.083588415352	0.750765246056	0.0361431598776	0.129503178714
-pyi	0.381456953642	0.46357615894	0.154966887417	0.0
-dom	0.00930548424353	0.97440991833	0.0116318553044	0.00465274212176
-myo	0.115456644134	0.627191437899	0.176818214881	0.0805337030866
-pyo	0.107287449393	0.832388663968	0.0441295546559	0.0161943319838
-qam	0.58024691358	0.339981006648	0.034188034188	0.045584045584
-no:	0.160930418247	0.660251444704	0.102784112459	0.0760340245902
-no;	0.0991896840312	0.587273628173	0.302116127161	0.0114205606347
-mia	0.0905660377358	0.903773584906	0.0056603773585	0.0
-la"	0.272963052649	0.293775410066	0.404266979341	0.0289945579445
-be;	0.737772965169	0.186067496842	0.027792817181	0.0483667208085
-la-	0.0	0.91875	0.025	0.05625
-ddi	0.0	1.0	0.0	0.0
-olu	0.0281193803125	0.884029197243	0.00363010867987	0.0842213137643
-toi	0.1	0.425	0.475	0.0
-sab	0.0	1.0	0.0	0.0
-sag	0.0375494071146	0.942292490119	0.00711462450595	0.0130434782609
-esu	0.0243995958445	0.667372951927	0.00317180681957	0.305055645409
-sae	0.145368219012	0.153752904334	0.485402565916	0.215476310738
-olo	0.0396475770925	0.942731277533	0.0	0.0176211453744
-ola	0.0719616204691	0.928038379531	0.0	0.0
-no"	0.500240930681	0.38789839609	0.0261581882013	0.0857024850279
-ajo	0.157795729367	0.126870131995	0.10904332289	0.606290815749
-sao	0.0421055212028	0.208281826894	0.427855650924	0.321757000979
-san	0.292861250353	0.0933693471906	0.567621277811	0.0461481246454
-la:	0.285494226738	0.454601119808	0.221292418041	0.0386122354133
-hae	0.241967691166	0.482884967129	0.0584345150603	0.216712826645
-lon	0.0267936885978	0.935992855016	0.0126525751712	0.0245608812146
-bo"	0.0883229101136	0.779844946897	0.119666580321	0.0121655626688
-bo-	0.334860050891	0.337913486005	0.19796437659	0.129262086514
-lod	0.0105186267349	0.989481373265	0.0	0.0
-loe	0.643490433971	0.257116192254	0.0583294447037	0.0410639290714
-do;	0.548780487805	0.284074605452	0.0310856049737	0.136059301769
-o:-	0.22457580868	0.141462922585	0.0579805771126	0.575980691622
-rod	0.0358164750766	0.903882837207	0.0470608905175	0.0132397971989
-a:-	0.474112895171	0.205932629846	0.0500145367054	0.269939938278
-qug	0.0514680181755	0.781224513573	0.0979261330536	0.0693813351975
-roa	0.0	1.0	0.0	0.0
-ava	0.0537790697675	0.890019379845	0.0242248062016	0.031976744186
-vha	0.197740112994	0.64406779661	0.101694915254	0.0564971751412
-ron	0.0261780104712	0.960732984293	0.0130890052356	0.0
-bo:	0.238124661463	0.262846260475	0.145048872149	0.353980205913
-lu-	0.297674418605	0.636046511628	0.0116279069767	0.0546511627907
-ipi	0.0342205323194	0.937262357414	0.0171102661597	0.0114068441065
-gu:	0.112747848979	0.440605889452	0.0355509853985	0.41109527617
-ipa	0.0276728509715	0.969071519502	0.0	0.00325562952606
-ham	0.0943384219689	0.399075698639	0.0210147487542	0.485571130638
-ya:	0.212270059999	0.639777147755	0.063756840509	0.0841959517373
-rdi	0.026262733925	0.934343165187	0.0	0.0393941008875
-uza	0.0	1.0	0.0	0.0
-rea	0.00560970478928	0.991865928056	0.000420727859196	0.00210363929598
-ipu	0.0545454545454	0.927272727273	0.0181818181818	0.0
-g:-	0.124413658862	0.0497108653427	0.0122659936234	0.813609482172
-cu:	0.70523415978	0.0750688705235	0.0309917355372	0.18870523416
-m"-	0.283360790774	0.497528830313	0.199341021417	0.0197693574959
-tie	0.0	0.985221674877	0.0147783251232	0.0
-hag	0.30738611234	0.206103494029	0.294117647059	0.192392746572
-stu	0.00502408275613	0.971978044117	0.00205365231666	0.0209442208101
-co:	0.106492969396	0.757030603805	0.0992555831265	0.0372208436725
-ko'	0.745436133343	0.192645105213	0.0290415429779	0.0328772184656
-oe:	0.309698858543	0.516052608718	0.0653853970471	0.108863135692
-mpa	0.0	1.0	0.0	0.0
-oli	0.0256241787122	0.856110381078	0.0	0.11826544021
-cug	0.0	0.342200725514	0.609431680774	0.0483675937122
-ko"	0.416943307853	0.0204861810645	0.00574579440324	0.556824716679
-hyu	0.0286600810029	0.0128649243157	0.958474994681	0.0
-hyi	0.114608555286	0.729620661824	0.138821630347	0.0169491525423
-eyo	0.254367430253	0.644051444382	0.0331693470582	0.0684117783075
-hyo	0.0355426939466	0.0677493330451	0.00525861284359	0.891449360165
-hya	0.0	0.964285714286	0.0357142857143	0.0
-no-	0.0	1.0	0.0	0.0
-yo;	0.481770113505	0.259020355836	0.139714205309	0.119495325349
-qo"	0.370403643429	0.0499136119933	0.113415769606	0.466266974972
-mug	0.0615489631163	0.884453581867	0.0182529546608	0.0357445003558
-ion	0.00647249190937	0.94498381877	0.0485436893204	0.0
-len	0.0961538461538	0.801282051282	0.102564102564	0.0
-mum	0.0	1.0	0.0	0.0
-lea	0.0	1.0	0.0	0.0
-sad	0.0882352941177	0.772058823529	0.139705882353	0.0
-qo-	0.220588235294	0.588235294118	0.0808823529412	0.110294117647
-leg	0.0375	0.94375	0.0	0.01875
-yo-	0.201670105752	0.47143409853	0.0786690740263	0.248226721692
-hra	0.0	0.975308641975	0.0123456790123	0.0123456790123
-qo:	0.317577976181	0.113332560335	0.0585297576651	0.510559705819
-obe	0.194744976816	0.780525502318	0.0061823802164	0.0185471406491
-yo'	0.620561546948	0.260769539969	0.0403841713206	0.078284741762
-uni	0.0666666666667	0.933333333333	0.0	0.0
-va"	0.619364531102	0.032544434034	0.00900602420193	0.339085010662
-pe'	0.783783783784	0.216216216216	0.0	0.0
-pe"	0.0760151279055	0.193422932087	0.00691728346969	0.723644656538
-giu	0.0459770114943	0.862068965517	0.0919540229885	0.0
-alu	0.267175572519	0.709923664122	0.0229007633588	0.0
-gio	0.0172413793103	0.902298850575	0.0172413793103	0.0632183908045
-alo	0.165023894863	0.786290322581	0.0164277180406	0.0322580645161
-sam	0.0119614587468	0.0476253472682	0.302961150064	0.637452043921
-ali	0.0485237834883	0.924822307272	0.0225533078185	0.00410060142155
-nda	0.0303951367781	0.858662613982	0.11094224924	0.0
-no'	0.0557275541796	0.392569659443	0.147279964617	0.40442282176
-eze	0.0	1.0	0.0	0.0
-qoe	0.0277210941769	0.715924787292	0.242493571442	0.0138605470884
-le"	0.206349206349	0.600907029478	0.147392290249	0.0453514739229
-una	0.27807486631	0.163992869875	0.450980392157	0.106951871658
-me-	0.0	1.0	0.0	0.0
-le;	0.190044559546	0.5536428381	0.170621167689	0.085691434665
-oi-	0.0	0.948979591837	0.0204081632653	0.030612244898
-ko?	0.234234234234	0.036036036036	0.0	0.72972972973
-yoe	0.260243632337	0.363233665559	0.276854928018	0.0996677740863
-e"-	0.0521231516353	0.0910744287349	0.00882005177959	0.84798236785
-ge-	0.410501193317	0.210023866348	0.133651551313	0.245823389022
-iyu	0.695984703633	0.263862332696	0.0	0.0401529636711
-rpu	0.0	1.0	0.0	0.0
-ogu	0.309523809524	0.559523809524	0.047619047619	0.0833333333333
-rku	0.0542691751085	0.941389290883	0.0	0.00434153400868
-elu	0.0	1.0	0.0	0.0
-eli	0.462602137021	0.531112507857	0.00628535512258	0.0
-rka	0.154166666667	0.720833333333	0.0	0.125
-ela	0.164103107947	0.719842621969	0.0300813918193	0.0859728782643
-iya	0.0	0.940594059406	0.039603960396	0.019801980198
-ele	0.0377358490566	0.962264150943	0.0	0.0
-d'-	0.426567794885	0.26790392124	0.14769688771	0.157831396164
-hum	0.0	1.0	0.0	0.0
-itu	0.0564312122981	0.879937731076	0.035610040864	0.0280210157618
-hu"	0.618599052291	0.151443450229	0.0460880895601	0.18386940792
-ab;	0.0593545195994	0.450723383208	0.372449610486	0.117472486707
-ab'	0.102937250425	0.162565953145	0.0540304927839	0.680466303645
-eso	0.0950226244344	0.805429864253	0.0	0.0995475113122
-hu:	0.534433789826	0.401563510587	0.0196844858131	0.0443182137735
-ab-	0.533592568589	0.283862605314	0.161481961547	0.0210628645496
-esa	0.0	1.0	0.0	0.0
-wo"	0.126863926086	0.581925033624	0.0160809309397	0.27513010935
-ese	0.225943215056	0.726489792301	0.0248175613791	0.0227494312642
-ge;	0.584904798868	0.236427560385	0.130724624446	0.0479430163006
-tu"	0.681720906206	0.247435613608	0.0487048926279	0.0221385875581
-ae"	0.095697339656	0.0277792435484	0.0119587306124	0.864564686183
-gin	0.367290748899	0.445484581498	0.140969162996	0.0462555066079
-ae'	0.881355932203	0.0593220338983	0.0381355932204	0.021186440678
-so:	0.0644226474355	0.331333483694	0.0245740330631	0.579669835807
-va:	0.0325662764096	0.427667877809	0.151661956668	0.388103889113
-de'	0.513586956522	0.190217391304	0.279891304348	0.0163043478261
-ae-	0.325705410577	0.145492422435	0.0343707096248	0.494431457363
-tu-	0.0	1.0	0.0	0.0
-i::	0.0840064620355	0.823909531502	0.0339256865913	0.0581583198708
-so-	0.438680272793	0.390070208951	0.0492635600463	0.12198595821
-b'-	0.28489486023	0.611809927289	0.0299889326558	0.0733062798253
-uda	0.0167953423814	0.828011349221	0.111959897556	0.0432334108413
-spu	0.0	0.980769230769	0.0192307692308	0.0
-bre	0.0318330966257	0.918703168617	0.0421176355355	0.00734609922131
-i:-	0.569136044254	0.179926341115	0.0527541994147	0.198183415216
-tu:	0.370165745856	0.541436464088	0.0	0.0883977900553
-ae:	0.399662073999	0.278263682817	0.115894503272	0.206179739912
-ko:	0.424186046512	0.209302325581	0.0	0.366511627907
-abu	0.0188679245283	0.962264150943	0.0188679245283	0.0
-rim	0.0	1.0	0.0	0.0
-hui	0.301400813375	0.558065973791	0.0835969272481	0.0569362855852
-hug	0.125514843686	0.0951968167835	0.0268425016062	0.752445837924
-zad	0.505680644495	0.464573435241	0.0	0.0297459202644
-abe	0.324775876121	0.474735126324	0.200488997555	0.0
-ade	0.234075233867	0.405977485334	0.271503884573	0.0884433962264
-aba	0.475402765051	0.393452848754	0.0246932103498	0.106451175845
-tra	0.0128068303095	0.961579509072	0.025613660619	0.0
-abo	0.243893083682	0.168443633109	0.143568470625	0.444094812584
-tug	0.0829968160286	0.20765706298	0.0497980896172	0.659548031374
-ael	0.0128143776254	0.939490615196	0.0179720316903	0.0297229754879
-aen	0.105263157895	0.894736842105	0.0	0.0
-ru:	0.134521122233	0.0800203661674	0.0245961641276	0.760862347472
-ia-	0.0708591674047	0.929140832595	0.0	0.0
-ori	0.0	0.967213114754	0.0	0.0327868852459
-o'-	0.439737145101	0.282265094911	0.0456907209485	0.232307039039
-a:"	0.722222222222	0.0666666666667	0.0222222222222	0.188888888889
-ado	0.88785046729	0.0700934579439	0.0140186915888	0.0280373831775
-ora	0.0551470588235	0.911764705882	0.0110294117647	0.0220588235294
-vao	0.545951808618	0.0846013975533	0.0164250335405	0.353021760288
-ore	0.0112924981004	0.00354150628053	0.000985129074996	0.984180866544
-qad	0.494098906924	0.254517438676	0.16670621015	0.0846774442503
-ze:	0.458598726115	0.359872611465	0.0191082802548	0.162420382166
-liu	0.0447615324472	0.925918686474	0.00820953870212	0.0211102423769
-lim	0.0	1.0	0.0	0.0
-lio	0.0125	0.95625	0.00624999999999	0.025
-run	0.0	0.989130434783	0.0108695652174	0.0
-rum	0.0	1.0	0.0	0.0
-oma	0.0611644862866	0.701245860743	0.202990659757	0.0345989932138
-yhi	0.772643253235	0.0998151571164	0.09426987061	0.0332717190388
-lia	0.00122174709835	0.998778252902	0.0	0.0
-lib	0.0076241500103	0.985369874305	0.00247269730064	0.00453327838451
-pa-	0.0756302521009	0.714285714286	0.18487394958	0.0252100840336
-mho	0.475884624926	0.235076826434	0.236924939743	0.0521136088964
-pa"	0.17791516005	0.711654059887	0.0315890823068	0.0788416977562
-yi:	0.231927244346	0.633328813113	0.0758982571642	0.0588456853768
-wa;	0.222222222222	0.777777777778	0.0	0.0
-144	0.0283687943262	0.0886524822695	0.0	0.882978723404
-pa:	0.436991786024	0.392743633137	0.0546910471788	0.115573533661
-qho	0.71486538665	0.159213533298	0.0183616473021	0.10755943275
-rna	0.0	1.0	0.0	0.0
-odi	0.0708469055375	0.894951140065	0.00488599348534	0.0293159609121
-wa-	0.0681899810969	0.0202751402913	0.00260630060491	0.908928578007
-du-	0.0	1.0	0.0	0.0
-rni	0.0	1.0	0.0	0.0
-je"	0.482135523614	0.252156057495	0.149897330595	0.115811088296
-jin	0.042735042735	0.918803418803	0.0	0.0384615384616
-qi"	0.219091673359	0.150755198892	0.475802183747	0.154350944002
-zeu	0.0185185185185	0.962962962963	0.0185185185185	0.0
-ura	0.0621820237422	0.864330130017	0.0734878462408	0.0
-ure	0.139014819997	0.0268239921623	0.00382874314636	0.830332444694
-li-	0.00678733031674	0.981900452489	0.0113122171946	0.0
-ta"	0.639068104397	0.0449346195177	0.00206186047478	0.31393541561
-ru-	0.0890225163587	0.478100542888	0.0584955792987	0.374381361455
-ru"	0.225286357696	0.212682592307	0.26951484838	0.292516201616
-a"-	0.373147606964	0.0881302759208	0.0118062280107	0.526915889105
-kyi	0.0129747882057	0.978629760602	0.00610578268502	0.00228966850688
-li'	0.352300242131	0.290556900726	0.0181598062954	0.338983050847
-kyo	0.128767615685	0.31101925171	0.105086215099	0.455126917506
-uru	0.0	1.0	0.0	0.0
-li"	0.477070156313	0.0185230308183	0.00427399206929	0.500132820799
-apa	0.032274750976	0.935804193949	0.00435488078238	0.0275661742925
-ib-	0.00918836140888	0.990811638591	0.0	0.0
-m:-	0.267403142242	0.545613001719	0.0596833715996	0.127300484439
-pan	0.298159531724	0.578903436051	0.0663495961271	0.0565874360985
-bya	0.0	0.968586387435	0.0314136125654	0.0
-byo	0.0207757683999	0.924144057454	0.0433435839661	0.01173659018
-api	0.044776119403	0.910447761194	0.0	0.044776119403
-pad	0.047619047619	0.952380952381	0.0	0.0
-byi	0.0537105124743	0.915675432772	0.00740511428528	0.0232089404688
-byu	0.0288044991419	0.673134422987	0.0200407679729	0.278020309899
-od'	0.458015267176	0.358778625954	0.0458015267176	0.137404580153
-ea-	0.0727272727273	0.927272727273	0.0	0.0
-od-	0.0	0.990099009901	0.00990099009901	0.0
-ve"	0.214285714286	0.5	0.00892857142857	0.276785714286
-ken	0.0	1.0	0.0	0.0
-ve-	0.511411665258	0.366863905325	0.111580726965	0.0101437024514
--o:	0.330966952264	0.541738066095	0.0763769889841	0.0509179926561
-"mo	0.540133779264	0.280100334448	0.0627090301003	0.117056856187
-gne	0.0882352941176	0.882352941176	0.0294117647059	0.0
-sug	0.49900990099	0.225742574257	0.10099009901	0.174257425743
-oru	0.196721311475	0.0245901639344	0.0	0.77868852459
-ve:	0.563318777293	0.327510917031	0.0349344978166	0.0742358078602
-sub	0.0	0.920792079208	0.0792079207921	0.0
-ng:	0.15721156769	0.251707088413	0.0319873067495	0.559094037148
-o;-	0.294724075197	0.488781079442	0.0109157064888	0.205579138872
-dia	0.0754288076049	0.881380450506	0.0262450919612	0.0169456499277
-lui	0.103448275862	0.879310344828	0.0172413793103	0.0
-din	0.249010357356	0.169513583862	0.0896372214089	0.491838837373
-ng;	0.661764705882	0.1875	0.0220588235294	0.128676470588
-ai:	0.154524746896	0.0695742067928	0.0879150735927	0.687985972718
-diu	0.00877192982456	0.912280701754	0.00877192982456	0.0701754385965
-ng"	0.131111574408	0.12405511384	0.058719463758	0.686113847994
-son	0.0242510699001	0.958630527817	0.00855920114122	0.00855920114123
-ng'	0.186209439528	0.68104719764	0.0553097345132	0.0774336283186
-ai-	0.338797310986	0.477944562114	0.116953678976	0.0663044479234
-aeu	0.00471698113207	0.950471698113	0.00471698113208	0.0400943396227
-qi:	0.127338054864	0.355945851151	0.457011406431	0.059704687554
-ng-	0.321362804761	0.452986325355	0.0525578323415	0.173093037542
-ke'	0.437350442985	0.0365958573153	0.015790546835	0.510263152865
-ovo	0.200317965024	0.476947535771	0.122416534181	0.200317965024
-nu-	0.0	1.0	0.0	0.0
-ke"	0.466739367503	0.417666303162	0.0196292257361	0.0959651035987
-vae	0.228715989468	0.395941969126	0.0694408591048	0.305901182302
-nnu	0.070796460177	0.884955752212	0.0353982300885	0.00884955752212
-uka	0.0125	0.9125	0.0	0.075
-sku	0.0174018615945	0.960474841495	0.0	0.0221232969108
-sea	0.0526315789473	0.912280701754	0.0350877192982	0.0
-uke	0.0195729537366	0.972419928826	0.00800711743773	0.0
-uki	0.0	1.0	0.0	0.0
-xu:	0.0344827586207	0.804597701149	0.16091954023	0.0
-su"	0.717655216869	0.17453046714	0.0125990096592	0.0952153063317
-nne	0.020202020202	0.838383838384	0.070707070707	0.070707070707
-aiu	0.0154738878143	0.974854932302	0.00967117988396	0.0
-tiu	0.0515021459227	0.948497854077	0.0	0.0
-qao	0.287692996608	0.427319179738	0.258794879187	0.0261929444673
-qan	0.17810880829	0.285621761658	0.454663212435	0.0816062176165
-"ru	0.398720682303	0.405117270789	0.0426439232409	0.153518123667
-qae	0.213065928837	0.663218370548	0.123715700615	0.0
-di-	0.091743119266	0.908256880734	0.0	0.0
-qag	0.0172373362668	0.164946820853	0.643527220627	0.174288622253
-qab	0.183765562986	0.664274452237	0.0758440711141	0.0761159136627
-nga	0.758620689655	0.241379310345	0.0	0.0
-tig	0.0594059405941	0.528052805281	0.16501650165	0.247524752475
-aia	0.00583027423883	0.991578492766	0.0	0.00259123299503
-nge	0.145069890442	0.717038156404	0.0925576123914	0.0453343407631
-"re	0.0967225724625	0.0130487876796	0.00287511868455	0.887353521173
-dau	0.142758566136	0.561791994029	0.0568508603837	0.238598579451
-tin	0.0	1.0	0.0	0.0
-ain	0.0189035916824	0.907372400756	0.0	0.0737240075614
-ngo	0.0470487413003	0.0145448640426	0.000767133931695	0.937639260725
-eme	0.0	1.0	0.0	0.0
-ema	0.0171551107934	0.974803431022	0.00268048606147	0.00536097212297
-uwa	0.224824355972	0.620608899297	0.0983606557377	0.056206088993
-ya"	0.195454545454	0.668181818182	0.0818181818182	0.0545454545454
-emi	0.00581395348837	0.994186046512	0.0	0.0
-260	0.166666666667	0.370833333333	0.1	0.3625
-jad	0.451747418586	0.284154090548	0.023828435266	0.2402700556
-jab	0.299530109133	0.210644325827	0.22628267139	0.263542893649
-jao	0.20332526487	0.745089480576	0.0218245307726	0.0297607237808
-jam	0.662162162162	0.324324324324	0.0	0.0135135135135
-zag	0.118991168277	0.536038172011	0.139588643234	0.205382016478
-n"-	0.183595099115	0.458550046677	0.172703864422	0.185150989786
-zab	0.0976469099744	0.2784336179	0.477786855892	0.146132616234
-cin	0.186531055594	0.701886047201	0.0908462525921	0.0207366446134
-dam	0.126116517798	0.749900013332	0.111985068658	0.0119984002133
-bu"	0.144712430427	0.840445269017	0.0148423005566	0.0
-zao	0.458734498251	0.476561539971	0.039817822633	0.0248861391456
-zam	0.0587659157688	0.908912830558	0.0205680705191	0.0117531831538
-n""	0.314621409922	0.638381201044	0.0	0.0469973890339
-zai	0.205997808968	0.181534598131	0.0260810968646	0.586386496036
-rud	0.0106007067138	0.989399293286	0.0	0.0
-dao	0.0243618692873	0.0747678049323	0.0246389034398	0.876231422341
-ng?	0.159090909091	0.295454545454	0.0	0.545454545455
-ze;	0.0945454545454	0.905454545455	0.0	0.0
-we"	0.185677414384	0.273585269078	0.0385222851419	0.502215031396
-we'	0.00223847422784	0.000603567658292	0.00106649819232	0.996091459922
-dai	0.334845565844	0.508545149463	0.0261015474488	0.130507737244
-dae	0.336438793444	0.481672106452	0.0461784010616	0.135710699042
-riu	0.0	1.0	0.0	0.0
-etu	0.0243055555556	0.944444444444	0.0208333333333	0.0104166666667
-em-	0.0566037735849	0.915094339623	0.0283018867925	0.0
-000	0.0283687943262	0.0886524822695	0.0	0.882978723404
-ja:	0.0913570869228	0.552291809938	0.0653682322633	0.290982870875
