-yer	0.0	0.976470588235	0.0	0.0235294117647
-lei	0.493857493857	0.348894348894	0.0687960687961	0.0884520884521
-het	0.432469359052	0.042194092827	0.376411492867	0.148925055254
-heu	0.510638297872	0.159574468085	0.202127659574	0.127659574468
-eus	0.0058151193102	0.982755163425	0.00240625626629	0.00902346099857
-hel	0.0	0.937172774869	0.0314136125654	0.0314136125654
-hem	0.0334928229665	0.95374800638	0.00478468899522	0.00797448165869
-hen	0.159898233487	0.691580261137	0.109543010753	0.0389784946237
-eun	0.283018867925	0.471698113208	0.22641509434	0.0188679245283
-heh	0.64875491481	0.233289646134	0.0491480996068	0.0688073394496
-hei	0.641693811075	0.211726384365	0.0684039087948	0.0781758957655
-rbe	0.0275229357798	0.97247706422	0.0	0.0
-cat	0.263219741481	0.641598119859	0.0740305522914	0.021151586369
-aan	0.420254608048	0.218165111032	0.0257622762503	0.335818004669
-mua	0.37361839787	0.578475308238	0.0463854591657	0.00152083472674
-kho	0.0	1.0	0.0	0.0
-lem	0.0508867066199	0.880366781521	0.0259241942202	0.0428223176388
-aus	0.110192837466	0.863406795225	0.0	0.0264003673095
-aur	0.550069541029	0.293463143255	0.112656467316	0.0438108484006
-aut	0.815580172576	0.0448612001214	0.0037297782269	0.135828849076
-hun	0.343870258384	0.517317207257	0.107201759208	0.0316107751512
-nsu	0.0	0.0568295114656	0.943170488534	0.0
-aua	0.0232444335699	0.104752874969	0.862368485442	0.00963420601908
-ang	0.0950866379922	0.0670816433882	0.0193396707082	0.818492047911
-zim	0.0	0.978764478765	0.0	0.0212355212355
-nsi	0.265613099771	0.675361766946	0.020563594821	0.0384615384615
-auh	0.60169444222	0.162374243574	0.164306121707	0.0716251924991
-auk	0.830188679245	0.0754716981132	0.0	0.0943396226415
-aum	0.0699152542373	0.903601694915	0.0148305084746	0.0116525423729
-aul	0.512589928058	0.312949640288	0.160071942446	0.0143884892086
-aun	0.0122545286165	0.0400194394997	0.00513256810923	0.942593463775
-nti	0.877249460304	0.0582376059362	0.00891481111379	0.0555981226457
-pah	0.324208257584	0.587715643211	0.0679781973728	0.020097901832
-pur	0.417194819509	0.463213006338	0.0997519977955	0.0198401763571
-pus	0.0550737207285	0.887395200925	0.0091066782307	0.0484244001156
-uai	0.250544356693	0.719140667764	0.00891616927733	0.0213988062656
-uah	0.376976911817	0.0871309951688	0.0178950613022	0.517997031712
-nte	0.0832109325058	0.205593491287	0.621104913367	0.0900906628411
-kia	0.577206767035	0.286667852397	0.0169489752147	0.119176405353
-uan	0.223542974156	0.2973172555	0.0322476700569	0.446892100287
-uap	0.382705833678	0.401323955316	0.141497724452	0.0744724865536
-uas	0.226563639014	0.384604169704	0.247995334597	0.140836856685
-uar	0.270772380605	0.0885522266465	0.0750238318157	0.565651560933
-uau	0.567246119184	0.385920337337	0.03889290808	0.00794063539966
-uat	0.355435620663	0.144949884349	0.437933693138	0.0616808018504
-ros	0.0869565217391	0.152173913043	0.760869565217	0.0
-pul	0.541066284516	0.111358020952	0.0297257204863	0.317849974046
-dut	0.663157894737	0.315789473684	0.0210526315789	0.0
-pun	0.589462183059	0.28137407684	0.071425620459	0.0577381196423
-puh	0.239845425599	0.114461587884	0.129819820671	0.515873165846
-pui	0.0564035814302	0.853784561985	0.0744685047134	0.0153433518716
-puk	0.0385804997825	0.86954345465	0.00363040568721	0.0882456398804
-fia	0.0135135135135	0.986486486486	0.0	0.0
-aki	0.126747437092	0.733457595527	0.128611369991	0.0111835973905
-das	0.248108226952	0.43967616519	0.0193699748691	0.292845632989
-ape	0.243741430965	0.522673031026	0.208195805616	0.0253897323922
-opi	0.0740740740741	0.925925925926	0.0	0.0
-wau	0.0808893257187	0.139831361928	0.523468067547	0.255811244807
-ope	0.0657894736842	0.919172932331	0.00375939849624	0.0112781954887
-smi	0.333919156415	0.469244288225	0.115992970123	0.0808435852372
-gke	0.214689265537	0.736346516008	0.0489642184557	0.0
-dea	0.00491668942912	0.986888828189	0.00655558590549	0.00163889647637
-gka	0.114858342681	0.198381791716	0.030491078597	0.656268787006
-cau	0.35101010101	0.618686868687	0.030303030303	0.0
-dei	0.525680197876	0.173868761822	0.128037247199	0.172413793103
-hek	0.709677419355	0.20882852292	0.0407470288625	0.0407470288625
-del	0.403225806452	0.403225806452	0.193548387097	0.0
-400	0.0	0.239436619718	0.169014084507	0.591549295775
-ima	0.412329937161	0.451528277713	0.0984686718322	0.0376731132939
-lep	0.472798653954	0.408861469434	0.00841278743692	0.109927089176
-der	0.227550130776	0.761987794246	0.0052310374891	0.0052310374891
-des	0.0290868094701	0.90710259301	0.0441939120631	0.0196166854566
-ime	0.623339741135	0.0767389057704	0.0650224441969	0.234898908897
-aka	0.210419098752	0.393383461071	0.137318185349	0.258879254828
-imi	0.640763722591	0.334358723338	0.0110794879987	0.0137980660725
--hi	0.0769230769231	0.538461538462	0.0	0.384615384615
-sik	0.0480192076831	0.875150060024	0.0480192076831	0.0288115246099
-lla	0.0264641383321	0.787053687157	0.00967567908414	0.176806495426
-dal	0.234147459492	0.692394514	0.0498465179872	0.0236115085202
-bis	0.0690092561995	0.0205952941255	0.323215936819	0.587179512856
-idi	0.833141531875	0.099170605366	0.0283708203642	0.0393170423945
-ida	0.0151228733459	0.984877126654	0.0	0.0
-sat	0.967373572594	0.00326264274062	0.00489396411092	0.0244698205546
-bia	0.0618556701031	0.829896907216	0.0927835051547	0.0154639175258
-idu	0.673758865248	0.276595744681	0.0496453900709	0.0
-bik	0.704545454545	0.159090909091	0.0454545454545	0.0909090909091
-bih	0.132863340564	0.696312364425	0.0949023861171	0.0759219088937
-tep	0.532152842498	0.214352283318	0.113699906803	0.139794967381
-eja	0.0798634812286	0.916040955631	0.0	0.00409556313992
-ter	0.26111122422	0.645234847405	0.0563959525215	0.0372579758536
-rie	0.544663011932	0.335375685263	0.0195635816403	0.100397721165
-tet	0.7842435094	0.137869292748	0.0188003581021	0.0590868397494
-ute	0.0655737704918	0.893011216566	0.0	0.0414150129422
-sil	0.346175401285	0.4891433991	0.0487145956976	0.115966603917
-rik	0.575210832241	0.339448308302	0.0702214158519	0.0151194436045
-hli	0.120059656972	0.564504101417	0.300521998509	0.0149142431022
-ras	0.407408477564	0.241748292833	0.123927302147	0.226915927456
-tea	0.0918302723242	0.901836605447	0.0	0.00633312222926
-rit	0.0418974908058	0.936455472278	0.0174572878358	0.00418974908058
-riu	0.416233912847	0.461503725446	0.0701061187627	0.0521562429442
-ris	0.23516822616	0.652473621342	0.0674148914991	0.0449432609994
-sib	0.284444444444	0.635555555556	0.0	0.08
-teh	0.193673337637	0.740477727566	0.0658489347966	0.0
-tei	0.248196256814	0.346899060145	0.164060483182	0.240844199858
-tek	0.58382881521	0.231012126709	0.0464241324868	0.138734925594
-tel	0.0839160839161	0.79020979021	0.0419580419581	0.0839160839161
-tem	0.0356718192628	0.0178359096314	0.932223543401	0.0142687277051
-ten	0.0856765314952	0.71048130219	0.144560101158	0.0592820651577
-jin	0.267750892503	0.428401428005	0.144387147957	0.159460531535
-are	0.620707493411	0.0880437451762	0.0477568750198	0.243491886393
-jil	0.047619047619	0.904761904762	0.047619047619	0.0
-duk	0.324336052769	0.437858010762	0.180871376497	0.0569345599722
-ara	0.541683726802	0.328479912966	0.0324226346692	0.0974137255632
-mes	0.0	1.0	0.0	0.0
-mer	0.278606965174	0.621890547264	0.0995024875622	0.0
-lup	0.68982630273	0.250620347395	0.0	0.0595533498759
-pat	0.376638794897	0.11347867519	0.0894632732038	0.42041925671
-lur	0.429798568524	0.333758087985	0.12926435537	0.107178988121
-lus	0.201267041958	0.261082965015	0.0155704715611	0.522079521466
-lut	0.525476995303	0.203476351274	0.118032472457	0.153014180965
-ari	0.5279643547	0.0570419319147	0.010688646614	0.404305066772
-dum	0.00694042799305	0.987275882013	0.0	0.00578368999421
-luh	0.0211665572637	0.229281393967	0.0582009628168	0.691351085953
-aru	0.603802768184	0.138060392346	0.0194063358645	0.238730503606
-luk	0.124038269107	0.817736708101	0.0218891063129	0.0363359164795
-mea	0.0	1.0	0.0	0.0
-lum	0.454746471697	0.40250151086	0.0595753000984	0.0831767173447
-lun	0.028437526074	0.350213888805	0.00998756134416	0.611361023777
-mem	0.0547545172477	0.193283445884	0.0	0.751962036868
-mel	0.862457722661	0.0676437429538	0.0270574971815	0.0428410372041
-men	0.378001461217	0.142252406601	0.0421241295963	0.437622002586
-mei	0.0	1.0	0.0	0.0
-meh	0.0898134869662	0.113249978773	0.22815396212	0.568782572141
-aye	0.0338983050847	0.559322033898	0.338983050847	0.0677966101695
-alu	0.123815717585	0.0227705771174	0.00253623007763	0.85087747522
-aya	0.130032731159	0.115615961827	0.0110139500969	0.743337356917
-rah	0.381457051188	0.258601752753	0.0551539597192	0.30478723634
-kis	0.0891364902507	0.910863509749	0.0	0.0
-mpu	0.20442219441	0.612015018774	0.113475177305	0.0700876095118
-ila	0.0545256270448	0.882466981704	0.0357445777293	0.0272628135223
-ote	0.0157626984299	0.968180366103	0.00849084022088	0.00756609524633
-ayu	0.58502235643	0.288946181553	0.0319578565773	0.0940736054401
-weh	0.781976513836	0.171736087139	0.0126238360978	0.0336635629274
-gol	0.89010989011	0.0659340659341	0.010989010989	0.032967032967
-zin	0.568645219755	0.230176710467	0.0353420933394	0.165835976439
-mnu	0.38423820986	0.368815191228	0.0998484443256	0.147098154587
-gin	0.36936416185	0.08281660536	0.161324224908	0.386495007882
-wul	0.0717948717949	0.928205128205	0.0	0.0
-sra	0.0243902439024	0.943089430894	0.0325203252033	0.0
-lap	0.757380445706	0.139789114949	0.0204384618115	0.0823919775338
-ken	0.385135135135	0.37422037422	0.0951143451144	0.14553014553
-uba	0.685042979943	0.186819484241	0.0483667621777	0.079770773639
-aud	0.282608695652	0.608695652174	0.0869565217391	0.0217391304348
-umu	0.414093648586	0.558646267965	0.0272600834492	0.0
-ota	0.0292193690196	0.935243560551	0.00954236150414	0.0259947089251
-kel	0.5	0.12676056338	0.37323943662	0.0
-ija	0.575178997613	0.376789976134	0.0265513126492	0.0214797136038
-iga	0.0438859714929	0.336084021005	0.497374343586	0.122655663916
-ume	0.0987686790327	0.876348723165	0.00507808118421	0.0198045166184
-nua	0.207920792079	0.732673267327	0.059405940594	0.0
-umi	0.0870451693852	0.895702634881	0.00784190715184	0.00941028858219
-nak	0.0244585320125	0.840304864865	0.00955509147035	0.125681511653
-nah	0.0737868408215	0.292231748683	0.0231131195493	0.610868290946
-nai	0.0521808111928	0.699944863729	0.0231602633384	0.22471406174
-nan	0.430152417045	0.348414173583	0.034152235099	0.187281174274
-nal	0.442164949322	0.519281158639	0.0	0.038553892039
-nam	0.575085324232	0.275312855518	0.0813424345847	0.0682593856656
-sis	0.32807390231	0.264378469619	0.359841473865	0.047706154206
-sir	0.374202921947	0.41004116555	0.0304302203568	0.185325692146
-ake	0.0361445783132	0.963855421687	0.0	0.0
-kin	0.518632178869	0.127575624726	0.253836036826	0.0999561595791
-kim	0.046635669641	0.880131755376	0.0335193875545	0.0397131874287
-sit	0.29115710254	0.109595484478	0.200376293509	0.398871119473
-zur	0.0	1.0	0.0	0.0
-kir	0.442450193941	0.318842191606	0.0634653616761	0.175242252777
-sih	0.282497284563	0.653311303869	0.0334419508314	0.0307494607371
-sin	0.2	0.45	0.3	0.05
-sim	0.0364842454395	0.867330016584	0.0315091210613	0.0646766169154
-kit	0.142611100185	0.466802543519	0.353220221813	0.0373661344823
-nar	0.103174603175	0.785714285714	0.0714285714286	0.0396825396825
-nas	0.139356362563	0.75435488633	0.0832595217006	0.0230292294066
-sia	0.0847116750548	0.724644252224	0.117297224809	0.0733468479123
-zia	0.0	1.0	0.0	0.0
-nat	0.585107550352	0.241205362789	0.0369457283837	0.136741358476
-nau	0.247387899997	0.363679850953	0.0374128250963	0.351519423953
-wuk	0.119534639109	0.106276963179	0.00299382971695	0.771194567995
-put	0.694799967392	0.180703595764	0.0418475417966	0.0826488950483
-wui	0.52159169285	0.2870143306	0.160357115488	0.0310368610621
-wuh	0.255574614065	0.672384219554	0.0514579759863	0.0205831903945
-mos	0.0	1.0	0.0	0.0
-mor	0.138728323699	0.674373795761	0.0597302504817	0.127167630058
-gon	0.0	1.0	0.0	0.0
-wua	0.157765654298	0.79459063404	0.0173249860588	0.0303187256029
-gog	0.0363636363636	0.963636363636	0.0	0.0
-lku	0.202510542316	0.3759929391	0.112582132	0.308914386584
-wur	0.788697788698	0.12285012285	0.0515970515971	0.036855036855
-mon	0.0113041309949	0.983376277949	0.000997423323083	0.00432216773335
-wut	0.260793598605	0.697201027428	0.0238276097941	0.0181777641728
-yau	0.460808245186	0.391103878492	0.079739625712	0.0683482506103
-yat	0.147106268923	0.597036779669	0.10162803395	0.154228917457
-sud	0.577232531169	0.189547694984	0.0356987532618	0.197521020586
-yap	0.632063074901	0.182654402103	0.0906701708278	0.0946123521682
-yar	0.676428883653	0.244517415269	0.0176444875636	0.0614092135143
-rlu	0.44953346492	0.269648304324	0.100663915306	0.180154315449
-eor	0.0	1.0	0.0	0.0
-bet	0.0	0.826086956522	0.00341005967605	0.170502983802
-nta	0.434014682489	0.436449317033	0.0590361535762	0.0704998469018
-bei	0.152542372881	0.160075329567	0.687382297552	0.0
-ben	0.0	0.739130434783	0.0	0.260869565217
-nup	0.670103092784	0.226804123711	0.0824742268041	0.020618556701
-bel	0.0324317831475	0.93914035755	0.00560549338351	0.0228223659186
-yal	0.369565217391	0.54347826087	0.0434782608695	0.0434782608696
-yan	0.0758834072296	0.823712572447	0.0383134579594	0.0620905623642
-yah	0.152730750517	0.660582277232	0.0693573890714	0.117329583179
-yak	0.416079982307	0.502857982777	0.028559222266	0.0525028126507
-rek	0.432712215321	0.221532091097	0.246376811594	0.0993788819876
-reh	0.560336134454	0.306554621849	0.0793277310925	0.053781512605
-upu	0.0296506049658	0.887010256394	0.0399695379715	0.0433696006688
-ren	0.174778607598	0.662674281486	0.0779208767833	0.0846262341326
-nri	0.06182392586	0.0142968133019	0.00184141864117	0.922037842197
-isi	0.0623128145516	0.899507079423	0.0165687252565	0.0216113807693
-die	0.407721205339	0.068568231385	0.0142160612946	0.509494501981
-rat	0.565116075049	0.328235971088	0.0114754922426	0.0951724616207
-rea	0.0374170187085	0.886541943271	0.0231744115872	0.0528666264333
-isa	0.0590694187035	0.0406619700279	0.0315351868362	0.868733424432
-ual	0.556353071862	0.334016918739	0.0412714688541	0.0683585405452
-pak	0.508580225343	0.290537668936	0.0152999065006	0.18558219922
-upa	0.210653878931	0.701295028818	0.0456974023078	0.0423536899438
-res	0.434250764526	0.375382262997	0.139908256881	0.0504587155963
-rep	0.493392070485	0.374449339207	0.105726872247	0.0264317180617
-ret	0.200812498034	0.741551433227	0.0291694738131	0.0284665949261
-upi	0.120104438642	0.833768494343	0.0182767624021	0.0278503046127
-jur	0.101179175914	0.419770582101	0.333458113853	0.145592128132
-hab	0.0701754385965	0.894736842105	0.0	0.0350877192982
-jut	0.533212341198	0.123049001815	0.130308529945	0.213430127042
-hai	0.0809249761295	0.0926332705483	0.594754224952	0.231687528371
-mas	0.0163421835336	0.789349254252	0.183522721082	0.0107858411322
-mar	0.18729535036	0.613621480026	0.144073346431	0.0550098231827
-hal	0.120888658483	0.460730123291	0.0343994634071	0.383981754819
-ham	0.0752501715978	0.87178931397	0.029045193454	0.0239153209783
-han	0.0719905239491	0.778955605697	0.0373159598659	0.111737910488
-mai	0.114272910598	0.749271790276	0.121891104638	0.014564194488
-mah	0.220857057237	0.500629307762	0.157326940366	0.121186694636
-mak	0.292256573245	0.190985264374	0.026581912742	0.490176249639
-jua	0.177911931818	0.256747159091	0.0703125	0.495028409091
-mam	0.0614978996102	0.739621046789	0.159238561391	0.0396424922103
-mal	0.547302580141	0.27365129007	0.103987490227	0.0750586395621
-cam	0.430441898527	0.373158756137	0.112929623568	0.0834697217676
-man	0.34937716585	0.531288246638	0.0536746005458	0.0656599869667
-juk	0.425446356764	0.484478044073	0.0434293067396	0.046646292424
-jul	0.662790697674	0.148255813954	0.156976744186	0.031976744186
-jum	0.431522796558	0.4314052563	0.034486811733	0.102585135409
-nku	0.212813052191	0.461568923565	0.0615730221217	0.264045002121
-uni	0.241075755982	0.423534428114	0.143715504422	0.191674311482
-une	0.326797385621	0.225490196078	0.0392156862745	0.408496732026
-ung	0.570200224687	0.177307883391	0.0396654840334	0.212826407888
-una	0.203199991284	0.155603253379	0.585956864946	0.0552398903918
-mfa	0.0	1.0	0.0	0.0
-oël	0.0	1.0	0.0	0.0
-pta	0.196078431373	0.764705882353	0.0	0.0392156862745
-unu	0.521663478729	0.247442090593	0.0142950823483	0.216599348329
-666	0.0454545454546	0.0	0.0	0.954545454545
-laa	0.111111111111	0.755555555556	0.133333333333	0.0
-gad	0.0550458715596	0.779816513761	0.0	0.165137614679
-tra	0.0064935064935	0.993506493506	0.0	0.0
-ada	0.192645737095	0.06444141112	0.0702911587192	0.672621693066
-gan	0.152286006279	0.57166645477	0.0563431098929	0.219704429058
-gal	0.5275	0.34	0.1025	0.03
-tri	0.102272727273	0.846590909091	0.0227272727273	0.0284090909091
-gai	0.275414240931	0.499776085983	0.163009404389	0.0618002686969
-gah	0.269865229111	0.454986522911	0.105876010782	0.169272237197
-tru	0.501285347044	0.259640102828	0.115681233933	0.123393316195
-gau	0.178134689083	0.549078514068	0.0999480039286	0.172838792921
-gat	0.432454158616	0.274092902409	0.126587542303	0.166865396672
-gas	0.312235058513	0.476561638458	0.127833578149	0.0833697248799
-gar	0.198138324541	0.0384972599674	0.00310938472001	0.760255030772
-dku	0.384615384615	0.539722572509	0.0226986128625	0.0529634300126
-sni	0.430577775487	0.266924416099	0.124088314983	0.17840949343
-lan	0.147259345884	0.714604244809	0.0343987200741	0.103737689233
-ini	0.24566182428	0.493853633069	0.0786119867048	0.181872555946
-sem	0.0253699788584	0.564482029598	0.401691331924	0.00845665961945
-seh	0.575609756098	0.285365853659	0.0585365853658	0.0804878048781
-sef	0.0334316617502	0.951491314323	0.0039331366765	0.0111438872501
-apa	0.263848062356	0.500045712573	0.154684362078	0.0814218629927
-uit	0.166094135803	0.794988368402	0.0139944743457	0.0249230214495
-sea	0.02	0.96	0.0	0.02
-ing	0.68490184986	0.158778651661	0.0469888647989	0.10933063368
-uik	0.390041493776	0.336099585062	0.0995850622407	0.174273858921
-kni	0.144509886476	0.643679526832	0.0432563169513	0.16855426974
-kah	0.195030212898	0.57433383628	0.188186287604	0.0424496632182
-set	0.0	1.0	0.0	0.0
-ses	0.0360791413423	0.948596922281	0.00116384326911	0.0141600931075
-inu	0.150171578473	0.555089953427	0.0385770812911	0.256161386809
-sep	0.395348837209	0.337209302326	0.186046511628	0.0813953488372
-kut	0.223250268578	0.367347577157	0.380143429645	0.0292587246197
-kus	0.145220588235	0.810661764706	0.0133928571429	0.030724789916
-kur	0.431229664686	0.446798784587	0.0743499421872	0.0476216085402
-kup	0.082648612392	0.757231491574	0.0685000419217	0.0916198541125
-iam	0.331210191083	0.649681528662	0.0191082802548	0.0
-ian	0.31062479324	0.503328904484	0.0582718695992	0.127774432677
-iai	0.218884395661	0.250978881828	0.0495538866423	0.480582835869
-nes	0.0255370129051	0.923767287402	0.0101307326916	0.0405649670015
-iak	0.664072030206	0.189776357828	0.103165843741	0.0429857682253
-nen	0.264756499491	0.474456821657	0.176809703812	0.0839769750403
-iat	0.21921641791	0.471911276949	0.252902155887	0.0559701492537
-nem	0.0169859766937	0.0691289749161	0.355520442425	0.558364605965
-kub	0.00375117224133	0.992497655517	0.00093779306033	0.00281337918099
-neh	0.224442924709	0.517150655063	0.0300027380236	0.228403682204
-iar	0.157327292368	0.100770153157	0.0572633168675	0.684639237608
-iks	0.0239840106596	0.930712858095	0.0199866755496	0.0253164556962
-kum	0.21414754264	0.72020161204	0.026861388812	0.0387894565082
-kul	0.134925135079	0.615223936289	0.0760538339693	0.173797094663
-kuk	0.346153846154	0.076923076923	0.512820512821	0.0641025641026
-kui	0.237358341284	0.490587112838	0.14183324413	0.130221301748
-kuh	0.379968203498	0.154213036566	0.186009538951	0.279809220986
-ban	0.132741806672	0.730808965219	0.114446487841	0.022002740268
-eka	0.0113481050077	0.00450527418048	0.00109768790584	0.983048932906
-uun	0.781990521327	0.0473933649289	0.0	0.170616113744
-bak	0.307342922029	0.525359576079	0.139666919001	0.0276305828917
-bah	0.179945629759	0.674820635423	0.0263879751492	0.118845759669
-bai	0.493988615328	0.10002969365	0.0162156811955	0.389766009826
-bad	0.135714285714	0.685714285714	0.107142857143	0.0714285714285
-ekh	0.0	1.0	0.0	0.0
-bab	0.279940244004	0.223172047473	0.0303759648103	0.466511743713
-mku	0.333908627994	0.403928168994	0.11353749162	0.148625711392
-iap	0.0584720746872	0.100050658561	0.0379369520023	0.803540314749
-hor	0.0	1.0	0.0	0.0
-rei	0.639707696465	0.201334633505	0.0217347885851	0.137222881446
-him	0.0	1.0	0.0	0.0
-guh	0.134769508888	0.767369689666	0.0902681530581	0.00759264838807
-eku	0.50180526593	0.324930692376	0.0218746438149	0.15138939788
-uji	0.591160220995	0.322415153907	0.0284135753749	0.0580110497237
-uut	0.703064997585	0.258137564629	0.0257725836718	0.0130248541137
-bat	0.235980392347	0.7376319329	0.00634784408847	0.0200398306649
-bau	0.0858469851007	0.061208672092	0.106749631314	0.746194711494
-bar	0.177920818438	0.506258557085	0.237934509774	0.077886114703
-bas	0.172223866461	0.556295134367	0.247303776489	0.0241772226826
-nya	0.566013897663	0.433986102337	0.0	0.0
-ipe	0.0192757009346	0.938668224299	0.0280373831776	0.0140186915888
-mbu	0.688265782287	0.246845540146	0.0277386713264	0.0371500062408
-asa	0.520110036517	0.299037820984	0.0568808185552	0.123971323944
-nye	0.0274203287249	0.0156520690859	0.000241958309826	0.956685643879
-nyi	0.598379485906	0.282099838569	0.0984105302372	0.0211101452875
-ias	0.0992099944884	0.850266397207	0.0308653316186	0.0196582766857
-asi	0.361235108723	0.573646921932	0.0407918156124	0.0243261537323
-mba	0.279412503666	0.544568776945	0.00841261761832	0.167606101771
-asu	0.0469715698393	0.133360802088	0.728196676281	0.0914709517923
-yem	0.671052631579	0.289473684211	0.0394736842105	0.0
-mbe	0.230659582739	0.259945574705	0.222495788519	0.286899054037
-nyu	0.162196194882	0.0381721712104	0.00831642835244	0.791315205556
-mbi	0.116071428571	0.794642857143	0.0625	0.0267857142857
-lta	0.0	1.0	0.0	0.0
-dia	0.427150803932	0.19374380858	0.322411034062	0.0566943534253
-430	0.285714285714	0.0	0.0	0.714285714286
-rau	0.2553616416	0.594408768926	0.0117126705026	0.138516918971
-gur	0.154229002594	0.789910327248	0.0362010965542	0.0196595736031
-eru	0.375	0.397959183673	0.188775510204	0.0382653061224
-rap	0.372041844999	0.42759245625	0.0665053924385	0.133860306313
-ran	0.222735499775	0.639500155811	0.0843410013642	0.0534233430497
-eri	0.124241913747	0.678655660377	0.0770721024258	0.12003032345
-iwa	0.268467475193	0.398015435502	0.257442116869	0.0760749724366
-ram	0.218801721284	0.299238662694	0.440913604767	0.0410460112545
-rak	0.540545731121	0.382105304443	0.0323839399015	0.0449650245346
-iwe	0.0705083025894	0.710289218916	0.115163560896	0.104038917599
-rai	0.163755428229	0.170558564405	0.286209745351	0.379476262016
-era	0.243055555556	0.569444444444	0.1875	0.0
-iwi	0.123800052393	0.135849098426	0.274340099614	0.466010749567
-rab	0.0597014925373	0.910447761194	0.00995024875621	0.0199004975124
-ere	0.0397572977726	0.0180821076532	0.00363996667958	0.938520627895
-gen	0.363985239158	0.536929129039	0.056090822779	0.042994809024
-ugu	0.223056702967	0.727375140819	0.0495681562148	0.0
-por	0.890909090909	0.0654545454545	0.0272727272728	0.0163636363636
-nru	0.609504132231	0.390495867769	0.0	0.0
-uka	0.643222056078	0.11142253223	0.171451100064	0.073904311628
-pot	0.45251396648	0.497206703911	0.0167597765363	0.0335195530726
-pok	0.0904081653672	0.765070602412	0.072054628037	0.0724666041836
-uga	0.0816326530612	0.714285714286	0.204081632653	0.0
-nre	0.512703397088	0.238367113902	0.0308307165287	0.218098772481
-aza	0.0	1.0	0.0	0.0
-ugi	0.44181184669	0.440069686411	0.0637630662021	0.0543554006968
-ike	0.0155239327296	0.98447606727	0.0	0.0
-uju	0.377048607249	0.250030985334	0.216547757139	0.156372650279
-ika	0.222618548049	0.201321863198	0.0235522450692	0.552507343684
-lal	0.384285714286	0.09	0.462857142857	0.0628571428571
-aat	0.0430226144512	0.546607832322	0.364037506895	0.0463320463321
-nor	0.0	1.0	0.0	0.0
-nos	0.0344827586207	0.965517241379	0.0	0.0
-lah	0.488956319093	0.191770331463	0.0288093003468	0.290464049097
-lai	0.659954280431	0.104341646761	0.00779116259557	0.227912910213
-iki	0.113009940449	0.718583089469	0.121873465191	0.046533504891
-lak	0.792659743071	0.0193764560443	0.0533377442562	0.134626056628
-lat	0.355472553433	0.543647943303	0.0579418665901	0.0429376366742
-aal	0.0	1.0	0.0	0.0
-iku	0.213062281114	0.359814670039	0.0402386222738	0.386884426574
-fos	0.0	1.0	0.0	0.0
-aai	0.120080910813	0.6945419561	0.165333954354	0.0200431787336
-aah	0.0937195715677	0.870496592016	0.0102239532619	0.0255598831548
-lar	0.159309021113	0.756238003839	0.0383877159309	0.0460652591171
-las	0.0487903802258	0.343482758403	0.0372828144806	0.57044404689
-imu	0.0658436213991	0.658436213992	0.275720164609	0.0
-aaf	0.670614106238	0.143279439067	0.102831702085	0.0832747526091
-uki	0.0179775280899	0.98202247191	0.0	0.0
-gei	0.788943729575	0.13441262244	0.0109284691793	0.0657151788047
-ahi	0.15784418118	0.676925024386	0.133063285107	0.0321675093264
-dos	0.05	0.95	0.0	0.0
-gel	0.0781176470588	0.916235294118	0.00423529411765	0.00141176470588
-aha	0.0967938931298	0.294961832061	0.100152671756	0.508091603053
-ahe	0.316641566265	0.433107429719	0.159136546185	0.0911144578313
-bot	0.0	0.810810810811	0.189189189189	0.0
-dod	0.0	1.0	0.0	0.0
-epu	0.234234234234	0.756756756757	0.009009009009	0.0
-doa	0.585355730794	0.386378033596	0.00939295310077	0.0188732825095
-don	0.0	0.998394863563	0.0	0.0016051364366
-ger	0.677647058824	0.237647058823	0.0494117647058	0.0352941176471
-dom	0.00947867298577	0.990521327014	0.0	0.0
-sut	0.706874945356	0.274764666453	0.0183603881911	0.0
-dok	0.10213593807	0.89786406193	0.0	0.0
-ahu	0.269389800777	0.693020924696	0.0112767823581	0.0263124921689
-sar	0.323262707577	0.586986221277	0.0633961709298	0.0263549002157
-dek	0.0437651962487	0.956234803751	0.0	0.0
-sau	0.137770897833	0.8173374613	0.00928792569661	0.0356037151703
-toa	0.321428571429	0.642857142857	0.0357142857143	0.0
-ton	0.5056	0.456	0.0288	0.00960000000002
-ibu	0.0395798784449	0.326723231743	0.0224774618329	0.611219427979
-mpe	0.329568053966	0.0589611945313	0.020783123606	0.590687627896
-mpa	0.0436486285402	0.878974257229	0.0773771142304	0.0
-ges	0.0192307692308	0.942307692308	0.0384615384616	0.0
-tor	0.117584745763	0.876059322034	0.00635593220338	0.0
-koh	0.0919747520289	0.616771866546	0.223624887286	0.0676284941388
-sad	0.0	1.0	0.0	0.0
-sak	0.48301773798	0.231591855358	0.230850396395	0.0545400102664
-dnu	0.504545454546	0.2	0.0363636363636	0.259090909091
-sai	0.441958523363	0.46596678427	0.0602357800534	0.0318389123139
-sah	0.498240356132	0.285081229916	0.135766854312	0.0809115596402
-iba	0.0594565612853	0.369224288149	0.287287210616	0.28403193995
-sam	0.0691306509848	0.419648455235	0.243713921259	0.267506972521
-sal	0.317588101516	0.28190472357	0.0941896270654	0.30631754785
-lon	0.0235849056604	0.910377358491	0.0188679245283	0.0471698113208
-gku	0.361152147616	0.475188731478	0.100840468437	0.0628186524691
-iek	0.561111111111	0.338888888889	0.0888888888888	0.0111111111111
-iel	0.06	0.899130434783	0.0304347826087	0.0104347826087
-ien	0.168226382203	0.675074603528	0.108174284488	0.0485247297806
-elu	0.0755220206073	0.102352512082	0.265136318045	0.556989149266
-lot	0.114775725594	0.813984168865	0.0633245382586	0.00791556728232
-get	0.440860215054	0.516129032258	0.0430107526882	0.0
-oci	0.151079136691	0.773381294964	0.0755395683453	0.0
-iet	0.126315789474	0.145454545455	0.113875598086	0.614354066986
-okh	0.00971502590674	0.980569948187	0.00971502590674	0.0
-ewu	0.054576149294	0.881639332273	0.0170649504202	0.0467195680129
-ipi	0.390326846779	0.491781598338	0.0317400340072	0.0861515208766
-win	0.564316984019	0.303027244135	0.099296582795	0.0333591890514
-mau	0.752873563218	0.149425287356	0.0747126436781	0.0229885057471
-ipa	0.0748404138235	0.91690512877	0.0049526744442	0.0033017829628
-mat	0.287110599174	0.320934513796	0.0579174143832	0.334037472647
-ntu	0.206066000459	0.4518145406	0.0384350851641	0.303684373778
-ewe	0.407891551682	0.42459452917	0.080367949649	0.0871459694989
-sap	0.539877300614	0.276073619632	0.0552147239264	0.128834355828
-ewa	0.392718653273	0.469662973063	0.0810061329928	0.0566122406711
-rdi	0.0	0.613861386139	0.386138613861	0.0
-ewi	0.0293296089385	0.951815642458	0.0125698324022	0.00628491620112
-ipu	0.649441528731	0.221908222312	0.0402368456466	0.0884134033105
-aer	0.475078325264	0.287952150384	0.18570207918	0.0512674451723
-awi	0.842997610299	0.0809265783622	0.0114657355545	0.064610075784
-awa	0.0523081652864	0.112194275839	0.00758474205536	0.827912816819
-mpi	0.286625297305	0.115753142939	0.0390922584452	0.558529301311
-har	0.183544303797	0.631329113924	0.00949367088607	0.175632911392
-awe	0.123726263902	0.101048664849	0.0191258421906	0.756099229059
-has	0.0	1.0	0.0	0.0
-hat	0.344388082028	0.183409355925	0.31730494543	0.154897616617
-awu	0.772026636245	0.118324357308	0.0231873292123	0.0864616772345
-hau	0.192708831877	0.115777360428	0.0553448151812	0.636168992514
-wid	0.00619249823071	0.992745930644	0.00106157112527	0.0
-stu	0.0	0.884057971014	0.115942028986	0.0
-dni	0.51244813278	0.348132780083	0.0721991701245	0.0672199170125
-sti	0.18864842793	0.17129440588	0.0168436096366	0.623213556554
-pku	0.420867526377	0.41266119578	0.128956623681	0.0375146541618
-nap	0.536091177712	0.323765301815	0.0793583790629	0.0607851414099
-loë	0.127659574468	0.829787234043	0.0	0.0425531914894
-oli	0.0350877192982	0.964912280702	0.0	0.0
-kku	0.093473805252	0.515837903224	0.0415358309719	0.349152460552
-red	0.0	1.0	0.0	0.0
-pit	0.100969030852	0.106066109698	0.119916103254	0.673048756196
-cur	0.0981595092025	0.865030674847	0.0184049079754	0.0184049079754
-leh	0.444897276702	0.244575119293	0.0784961136327	0.232031490372
-fsu	0.139251523064	0.766753698869	0.0156657963446	0.0783289817232
-lek	0.265975483306	0.1254317679	0.0493594833944	0.5592332654
-ois	0.0	1.0	0.0	0.0
-ion	0.0130272952854	0.918734491315	0.0124069478908	0.0558312655087
-len	0.647348951911	0.308261405672	0.0295930949445	0.0147965474722
-mum	0.430538172716	0.324155193992	0.107634543179	0.137672090113
-lea	0.229074142174	0.687561879438	0.0419224350089	0.0414415433793
-mun	0.0819921958931	0.0209135333756	0.00311226801417	0.893982002717
-mui	0.31233565794	0.260089173431	0.40150908883	0.0260660797988
-muh	0.577204466692	0.312668463612	0.0916442048517	0.018482864844
-muk	0.512969588551	0.226296958855	0.19946332737	0.0612701252237
-leg	0.0	1.0	0.0	0.0
-mut	0.974358974359	0.025641025641	0.0	0.0
-mus	0.177011087331	0.682023719486	0.0907584120496	0.0502067811338
-mur	0.154841269256	0.440150657815	0.311872182308	0.093135890621
-ios	0.0	1.0	0.0	0.0
-les	0.0	1.0	0.0	0.0
-let	0.515475047985	0.311300383877	0.0208733205374	0.152351247601
-leu	0.033850493653	0.059708509638	0.00775740479549	0.898683591913
-iot	0.00136239782016	0.994550408719	0.00136239782016	0.00272479564033
-fta	0.0	1.0	0.0	0.0
-eel	0.0	1.0	0.0	0.0
-een	0.383606557377	0.552459016393	0.0393442622951	0.0245901639344
-eei	0.344809180678	0.249443999644	0.0987456631972	0.307001156481
-rri	0.0975609756098	0.512195121951	0.390243902439	0.0
-git	0.0880111111641	0.734725728932	0.161990082045	0.0152730778593
-gis	0.27220058885	0.666255104948	0.0239338968563	0.0376104093456
-gir	0.190173410405	0.31387283237	0.0520231213873	0.443930635838
-san	0.134089925089	0.765345308913	0.0468618223146	0.0537029436835
-ndi	0.62746585736	0.159996206373	0.0707511380881	0.141786798179
-alo	0.0333333333333	0.9	0.0285714285714	0.0380952380952
-ure	0.435549525102	0.515603799186	0.0488466757124	0.0
-ali	0.34876815782	0.341582205387	0.0619505431801	0.247699093613
-nda	0.423496517734	0.489624253671	0.0514792795625	0.0353999490325
-eep	0.233944954128	0.532110091743	0.0825688073395	0.151376146789
-gia	0.0931034482759	0.834482758621	0.0620689655172	0.0103448275862
-ala	0.0892023898093	0.20248573692	0.0458471728518	0.662464700419
-yol	0.051724137931	0.931034482759	0.0	0.0172413793103
-lok	0.227326221998	0.756436190717	0.0162375872855	0.0
-pee	0.0807183364839	0.830812854442	0.0544423440454	0.0340264650284
-pen	0.148884565154	0.695385107443	0.131117157051	0.0246131703527
-loi	0.0185185185185	0.944444444444	0.0185185185185	0.0185185185185
-peh	0.538196436432	0.404851559713	0.0142380009638	0.0427140028914
-rku	0.336771188359	0.343200509068	0.0908899514036	0.22913835117
-pek	0.831223628692	0.113924050633	0.0042194092827	0.0506329113924
-pet	0.285818384712	0.573465402866	0.0818712508637	0.0588449615583
-eli	0.0134228187919	0.959731543624	0.0	0.0268456375839
-elo	0.132391152798	0.741122166593	0.0853983142151	0.0410883663942
-ela	0.256639374922	0.574705955696	0.119571090146	0.0490835792361
-iya	0.0492946480943	0.65493746334	0.171761039453	0.124006849112
-ele	0.695745816292	0.220489374842	0.0424681723268	0.0412966365385
-abu	0.0997361981979	0.787309553241	0.0811107635947	0.0318434849668
-itu	0.0642727895148	0.0483462115284	0.111885432968	0.775495565989
-pni	0.433194460491	0.462716651118	0.0644812444064	0.0396076439843
--sa	0.360442420299	0.444372153546	0.0806766428106	0.114508783344
-sye	0.0769230769231	0.615384615385	0.0	0.307692307692
-pnu	0.261363636364	0.238636363636	0.5	0.0
-tes	0.0689655172414	0.051724137931	0.0862068965517	0.793103448276
-iti	0.260570616176	0.0309520391951	0.00604339330395	0.702433951325
-esa	0.0282352941176	0.956235294118	0.00988235294116	0.00564705882353
-ite	0.337441472472	0.109412841074	0.0363812496636	0.51676443679
-aku	0.124348218555	0.0326931023636	0.00649040807881	0.836468271003
-ese	0.550303848751	0.380823767725	0.0546927751519	0.0141796083727
-ita	0.463793119249	0.452238315837	0.0287316431684	0.0552369217457
-udu	0.0993282149713	0.368042226488	0.51679462572	0.0158349328215
-tir	0.351703019552	0.245954275635	0.262216452447	0.140126252366
-ria	0.021205346003	0.797383892122	0.0146725623085	0.166738199567
-fan	0.253541367276	0.740299733114	0.0	0.00615889960995
-fas	0.0331978319783	0.94647696477	0.0121951219512	0.00813008130081
-uda	0.0747046281601	0.592811683419	0.312124272592	0.020359415829
-fat	0.0489130434783	0.771739130435	0.130434782609	0.0489130434782
-ude	0.0272415367287	0.0138708283096	0.00107759682837	0.957810038133
-udi	0.131578268703	0.329433063073	0.0582912291305	0.480697439094
-hum	0.362217937732	0.343187660668	0.0639460154242	0.230648386175
-nju	0.190476190476	0.47619047619	0.015873015873	0.31746031746
-rim	0.907749077491	0.0653420380358	0.0136247516321	0.0132841328413
-sul	0.0688310682892	0.826972207169	0.0262515219549	0.0779452025871
-hui	0.147959183673	0.65306122449	0.0948979591837	0.104081632653
-tis	0.709174215662	0.2571788325	0.0237137560771	0.00993319576091
-hud	0.0	1.0	0.0	0.0
-abe	0.390638297872	0.56376899696	0.00729483282675	0.0382978723404
-aba	0.875430175188	0.0443261424005	0.028901090334	0.051342592077
-nja	0.719047619048	0.209523809524	0.0428571428572	0.0285714285714
-hut	0.513296616837	0.0826121164437	0.00849724626278	0.395594020456
-hup	0.66073871409	0.27861377109	0.00638394892842	0.0542635658915
-ron	0.0223255813953	0.966511627907	0.0111627906977	0.0
-nji	0.275775043217	0.642067665323	0.0133114086602	0.0688458827993
-hus	0.00793650793651	0.992063492063	0.0	0.0
-tua	0.0370096225018	0.887759908485	0.0251665433013	0.0500639257116
-tue	0.204968944099	0.670807453416	0.0745341614907	0.0496894409938
-tuh	0.596718532289	0.129528640384	0.0282675123453	0.245485314982
-roh	0.00795201976732	0.945840956558	0.0397022105701	0.00650481310468
-snu	0.175438596491	0.614035087719	0.144736842105	0.0657894736842
-tul	0.409799554566	0.273942093541	0.243875278396	0.0723830734966
-ael	0.016859344894	0.957129094412	0.0139691714836	0.01204238921
-sos	0.0707964601769	0.87610619469	0.0	0.0530973451327
-aen	0.333354769266	0.434535690636	0.155248455762	0.0768610843348
-tnu	0.351521004346	0.443746982134	0.0777402221149	0.126991791405
-tur	0.41979415463	0.207635040284	0.232297896971	0.140272908115
-son	0.00767918088737	0.987201365188	0.00511945392491	0.0
-tut	0.319943649666	0.120196475007	0.339765433168	0.220094442158
-tuu	0.31076826493	0.0778666093461	0.117933845715	0.493431280009
-kos	0.381192524473	0.550578463364	0.0682290121625	0.0
-ora	0.019801980198	0.935643564356	0.00990099009901	0.0346534653465
-tna	0.0	0.678571428571	0.321428571429	0.0
-run	0.148199850664	0.619961828735	0.163048028473	0.068790292128
-tni	0.23803021837	0.514672964432	0.0854000395296	0.161896777669
-rus	0.222656202059	0.385881371117	0.0178436281669	0.373618798657
-rup	0.206896551724	0.713527851459	0.0318302387268	0.0477453580902
-dus	0.238627324722	0.610242036287	0.131245028597	0.0198856103935
-rut	0.515070657178	0.16833739108	0.0609848008859	0.255607150855
-lis	0.24445608521	0.614060105155	0.0419067574646	0.0995770521701
-ruk	0.460051655205	0.408758331647	0.0702250767658	0.0609649363826
-ruh	0.24833997344	0.620014061401	0.0660439474595	0.0656020176995
-hku	0.275301694469	0.428463410399	0.00777110710876	0.288463788024
-omo	0.0	1.0	0.0	0.0
-lik	0.657798867644	0.183265268238	0.043449508075	0.115486356042
-rub	0.0	0.801104972376	0.0883977900552	0.110497237569
-oma	0.0342817963661	0.634661533188	0.248252946916	0.0828037235305
-adi	0.258126816754	0.283828932329	0.125321376639	0.332722874278
-ruf	0.123110151188	0.643628509719	0.22030237581	0.0129589632829
-lia	0.120433335947	0.716813614008	0.149645421853	0.0131076281915
-lib	0.903181189488	0.0843706777317	0.00691562932227	0.00553250345782
-rue	0.0541702493551	0.92777300086	0.0	0.018056749785
-lni	0.345405375156	0.376521206111	0.120297454278	0.157775964455
-eas	0.0025078369906	0.994984326019	0.0	0.00250783699059
-eau	0.93284203078	0.0244298359776	0.00151288547296	0.0412152477693
-eat	0.281507457486	0.33140011914	0.263765721415	0.123326701959
-pal	0.119126538634	0.811915985143	0.014491063844	0.054466412379
-abi	0.0161373488914	0.967906728033	0.00307946450738	0.0128764585681
-oda	0.506674757282	0.404126213592	0.0327669902913	0.0564320388349
-adu	0.364838306236	0.469894586386	0.0627121672324	0.102554940146
-hur	0.175958188153	0.736933797909	0.0557491289198	0.0313588850174
-rna	0.193548387097	0.674110835401	0.122415219189	0.00992555831266
-eah	0.339416058394	0.5	0.105839416058	0.0547445255475
-lnu	0.451680358477	0.460492905153	0.0376400298731	0.0501867064974
-rni	0.307913488711	0.31194640177	0.0920424350283	0.288097674491
-ean	0.345144330082	0.582128828937	0.0332817746865	0.0394450662951
-zer	0.0	1.0	0.0	0.0
-uri	0.12265758092	0.81601362862	0.0408858603067	0.0204429301533
-ber	0.0	1.0	0.0	0.0
-hni	0.195189918038	0.433436378246	0.0387626541514	0.332611049565
-ura	0.351088403074	0.57002226963	0.0677665500799	0.0111227772168
-gap	0.613839929834	0.208608520569	0.0618505750583	0.115700974539
ALL	0.213941887216	0.257634024374	0.0486047478753	0.479819340534
-eha	0.165126566661	0.455337786705	0.13645512379	0.243080522844
-hnu	0.134152788472	0.669503330801	0.0450814424448	0.151262438282
-ehu	0.389328063241	0.328063241107	0.205533596838	0.0770750988142
-uru	0.0315917904919	0.882739988671	0.057518846137	0.0281493747004
-jik	0.368522072937	0.36660268714	0.0921305182342	0.172744721689
-dup	0.0848484848485	0.69898989899	0.20404040404	0.0121212121212
-pai	0.555555555556	0.346883468835	0.0271002710027	0.0704607046071
-dur	0.681186283596	0.191844300278	0.0268767377201	0.100092678406
-wat	0.254067230762	0.386110279549	0.0701783155049	0.289644174184
-was	0.726315789474	0.151246537396	0.0493074792244	0.0731301939058
-pan	0.09738674666	0.07998879733	0.00381120979559	0.818813246214
-wap	0.037037037037	0.740740740741	0.148148148148	0.0740740740741
-api	0.0358356502935	0.947173308619	0.0132839048502	0.00370713623726
-dua	0.0377111372053	0.0855839580887	0.0614217324542	0.815283172252
-sop	0.0	0.97247706422	0.0	0.0275229357798
-keh	0.0173913043478	0.969275362319	0.0	0.0133333333333
-wab	0.10861132661	0.460046547711	0.0884406516679	0.342901474011
-apu	0.132890365449	0.53488372093	0.324843115541	0.00738279808049
-duh	0.443867233158	0.251396129798	0.10037291972	0.204363717323
-wan	0.0327360316968	0.0208470611652	0.00721163117586	0.939205275962
-wam	0.359333077808	0.595630509774	0.0172479877347	0.0277884246838
-pas	0.631916139838	0.18045255637	0.122436248076	0.0651950557164
-wak	0.876156011258	0.0900683554484	0.0289505428227	0.00482509047045
