jer-	0.00922970426489	0.977844436753	0.000640951685062	0.012284907297
ína-	0.186335403727	0.782608695652	0.0310559006211	0.0
tut-	0.206698391416	0.611160055389	0.0380094651803	0.144132088015
vas-	0.020618556701	0.945017182131	0.0343642611684	0.0
vēs-	0.0716548042645	0.0367624202824	0.0272616385241	0.864321136929
xūh-	0.183000963665	0.746797738569	0.0375248872467	0.0326764105192
jis-	0.418848167539	0.439790575916	0.141361256545	0.0
maa-	0.0	1.0	0.0	0.0
tíh-	0.141744548287	0.372274143302	0.261682242991	0.224299065421
jac-	0.000926927236211	0.996910242546	0.000926927236212	0.00123590298162
zab-	0.0	0.973324865037	0.0266751349635	0.0
viu-	0.0301604278075	0.932620320856	0.00770053475935	0.0295187165775
fal-	0.721649484536	0.0721649484536	0.159793814433	0.0463917525773
xīc-	0.885000279533	0.0769832839492	0.0184491530162	0.019567283502
ver-	0.137931034483	0.0689655172414	0.16091954023	0.632183908046
yín-	0.142857142857	0.52380952381	0.206349206349	0.126984126984
coo-	0.584576954975	0.128972052004	0.0226262297689	0.263824763252
nij-	0.11320754717	0.358490566038	0.377358490566	0.150943396226
sáñ-	0.135825241238	0.0739340538728	0.0100611289806	0.780179575908
abí-	0.0	0.984962406015	0.015037593985	0.0
mah-	0.0	1.0	0.0	0.0
yuñ-	0.201227428302	0.608285141036	0.0106219756875	0.179865454975
cāy-	0.966101694915	0.0	0.0	0.0338983050847
joe-	0.386627906977	0.552325581395	0.0203488372093	0.0406976744186
eno-	0.0268817204301	0.881720430108	0.0591397849462	0.0322580645161
ite-	0.0729411764705	0.910588235294	0.0117647058823	0.00470588235294
lis-	0.0857441617288	0.742418961311	0.157197629836	0.0146392471244
yūh-	0.224769359799	0.290746435561	0.471344702264	0.0131395023763
san-	0.116525703507	0.584710070461	0.118377925945	0.180386300087
yāc-	0.0705138249833	0.867031072889	0.0584257407004	0.00402936142761
jee-	0.444858126022	0.251142325267	0.225249619225	0.0787499294862
pre-	0.160694427283	0.746941801557	0.0673421475349	0.0250216236254
fig-	0.133155792277	0.789613848202	0.0399467376831	0.0372836218375
sōó-	0.551373346897	0.274669379451	0.0946083418108	0.0793489318413
núj-	0.544510333823	0.22922342132	0.0975868233045	0.128679421552
taú-	0.610299333239	0.366718683501	0.0127677684778	0.0102142147822
cúu-	0.663205832558	0.0307790137633	0.0224661532738	0.283549000405
nun-	0.473408478314	0.426810680992	0.0440411986512	0.0557396420429
euf-	0.185483870968	0.798387096774	0.0	0.016129032258
caq-	0.692414066981	0.12779067202	0.108383709129	0.0714115518686
yáá-	0.173435260392	0.639632107023	0.164835164835	0.0220974677496
pró-	0.0	1.0	0.0	0.0
neg-	0.0333333333333	0.933333333333	0.0333333333333	0.0
ñam-	0.3104051297	0.0716992130574	0.534829495774	0.0830661614689
yúc-	0.121266367966	0.202994189262	0.0506488802878	0.625090562484
mil-	0.021033848048	0.342619817893	0.00927111759693	0.627075216462
cūú-	0.0461538461538	0.953846153846	0.0	0.0
tib-	0.00799999999999	0.984	0.0	0.008
gan-	0.287153652393	0.700251889169	0.0125944584383	0.0
ɨ́ɨ-	0.241280342462	0.399863793355	0.0912098068784	0.267646057304
yut-	0.0289482148601	0.739466066259	0.202637504021	0.0289482148601
jij-	0.15561700466	0.150084026067	0.0166663144588	0.677632654813
sám-	0.691300280636	0.186155285313	0.0505144995323	0.0720299345183
ari-	0.0182149362477	0.970856102004	0.0109289617486	0.0
lél-	0.426229508197	0.540983606557	0.0	0.0327868852459
anu-	0.119928798053	0.678302421641	0.0483571083981	0.153411671908
yāh-	0.206026975396	0.129888819122	0.0253468439585	0.638737361523
tác-	0.0674124584788	0.153244840677	0.0486844558486	0.730658244996
mig-	0.0322580645161	0.967741935484	0.0	0.0
ɨɨn-	0.00912354906178	0.122319943902	0.015493113221	0.853063393815
paf-	0.0172413793103	0.98275862069	0.0	0.0
mar-	0.0135102966418	0.970515395891	0.00570063521364	0.0102736722531
cah-	0.855581399773	0.068758366093	0.0100077411984	0.0656524929351
abr-	0.00685021736267	0.957669169631	0.0339876169148	0.00149299609186
zaq-	0.0	0.958083832335	0.0419161676647	0.0
nor-	0.0594512195122	0.716463414634	0.0685975609756	0.155487804878
nen-	0.171201814059	0.197278911565	0.496598639456	0.134920634921
náy-	0.805764156688	0.104932007307	0.0487111832758	0.0405926527299
vēj-	0.61492083325	0.123853048893	0.0155201576608	0.245705960196
zac-	0.0431841831426	0.931841831426	0.0124869927159	0.0124869927159
her-	0.0195636620992	0.923113603785	0.0292323016693	0.028090432446
cáx-	0.517097581318	0.482902418682	0.0	0.0
har-	0.0431372549019	0.949019607843	0.0078431372549	0.0
sin-	0.0100617118326	0.985913603434	0.00402468473303	0.0
urí-	0.0	1.0	0.0	0.0
dor-	0.0	1.0	0.0	0.0
cúv-	0.571111980185	0.224221092426	0.114065962717	0.0906009646721
chā-	0.028674296001	0.962067635335	0.001543011444	0.00771505722
pat-	0.0101776117846	0.970145672098	0.00644582079693	0.01323089532
sūj-	0.0570736769284	0.872016603251	0.0449671393982	0.025942580422
asɨ-	0.144192256342	0.538718291055	0.301068090788	0.0160213618158
alt-	0.00766773162939	0.982747603834	0.00958466453674	0.0
jor-	0.00430416068867	0.992826398852	0.00286944045911	0.0
naí-	0.0357142857143	0.892857142857	0.0	0.0714285714286
sed-	0.0294117647059	0.617647058824	0.352941176471	0.0
júp-	0.0	1.0	0.0	0.0
núc-	0.591632218464	0.282851058499	0.0784166353501	0.0471000876863
úū‑-	0.0388349514563	0.436893203883	0.0388349514563	0.485436893204
raz-	0.0465073529411	0.953492647059	0.0	0.0
naa-	0.526045394722	0.15888152578	0.153166778268	0.161906301231
jam-	0.169491525424	0.762711864407	0.0677966101695	0.0
jnā-	0.147222222222	0.794444444445	0.0305555555556	0.0277777777778
por-	0.274725274725	0.725274725275	0.0	0.0
ɨng-	0.0293738207737	0.0902420538291	0.36004902356	0.520335101837
alf-	0.0	1.0	0.0	0.0
pas-	0.0351689702584	0.936030103481	0.0160648382661	0.0127360879948
cos-	0.312871592927	0.47642653077	0.0616168635627	0.14908501274
cen-	0.0995423340961	0.852402745996	0.0274599542334	0.0205949656751
hor-	0.0376500183782	0.77614003851	0.0185468070829	0.167663136029
jné-	0.057787052243	0.60154098806	0.293627372294	0.0470445874029
qui-	0.725159459844	0.109678610052	0.0299751964862	0.135186733618
úxī-	0.0964846330849	0.288724853621	0.00358827147837	0.611202241815
uní-	0.0415010726972	0.0159321914676	0.577497977702	0.365068758133
dru-	0.0	1.0	0.0	0.0
ped-	0.0130424225606	0.967636754657	0.0158174060842	0.00350341669846
téy-	0.136153738514	0.244258905111	0.507797316417	0.111790039958
jíñ-	0.581984585742	0.188728323699	0.0458574181118	0.183429672447
iyú-	0.244712990937	0.438066465257	0.190332326284	0.126888217523
yac-	0.248496374595	0.163458900651	0.0910050126256	0.497039712129
oro-	0.00918043732265	0.700884660324	0.288599566016	0.00133533633784
asi-	0.00547195622435	0.990424076607	0.00246238030095	0.0016415868673
dia-	0.0393794749403	0.953460620525	0.0071599045346	0.0
nan-	0.54390095536	0.314648518268	0.0313737334675	0.110076792905
uva-	0.0772859583335	0.900840657232	0.00639375852686	0.0154796259071
rúh-	0.0924779785323	0.092431623171	0.00989951598918	0.805190882308
tér-	0.150480256137	0.823906083244	0.0128068303095	0.0128068303095
sát-	0.630136986301	0.173849468986	0.164152685855	0.0318608588579
mue-	0.067067927773	0.829750644884	0.0928632846087	0.0103181427343
stó-	0.673717916512	0.197724403861	0.0253048991101	0.103252780517
sūc-	0.0766286164141	0.682690415273	0.167614642787	0.0730663255265
mel-	0.0278134360291	0.965768078733	0.00256739409499	0.0038510911425
hoz-	0.0	0.92752293578	0.0706422018348	0.00183486238532
cue-	0.126109062421	0.312350919028	0.486017256168	0.0755227623824
yuh-	0.087045052989	0.770163091739	0.0515908050577	0.0912010502139
esa-	0.0211706102117	0.92901618929	0.0498132004981	0.0
arc-	0.107586206897	0.884137931035	0.0	0.00827586206897
jeé-	0.0930235951613	0.104463673374	0.715763668996	0.0867490624682
úhū-	0.0380999934872	0.0627401602154	0.0203199965265	0.878839849771
tee-	0.736538492057	0.177130116008	0.0102359830511	0.0760954088839
iñú-	0.0495495495495	0.121621621622	0.342342342342	0.486486486487
eut-	0.131105398458	0.529562982005	0.293059125964	0.0462724935732
pud-	0.0	1.0	0.0	0.0
dio-	0.0160760307171	0.941812848381	0.00595861391117	0.0361525069909
ndī-	0.525	0.2625	0.1875	0.025
yah-	0.200785683108	0.410388476648	0.361326931471	0.0274989087734
bab-	0.0189655172414	0.943103448276	0.0206896551724	0.0172413793103
ita-	0.0313668895237	0.837422319088	0.0967513916296	0.0344593997585
tuh-	0.174917491749	0.805280528053	0.019801980198	0.0
ách-	0.0983587679244	0.1013190439	0.00135183850036	0.798970349676
chá-	0.175914675307	0.622222222222	0.144025921426	0.0578371810449
uvu-	0.0636623748212	0.839771101574	0.0858369098712	0.0107296137339
láz-	0.020202020202	0.955106621773	0.00224466891134	0.0224466891133
cac-	0.681113173462	0.170504869338	0.0431931741527	0.105188783047
sor-	0.313003452244	0.686996547756	0.0	0.0
moi-	0.0511840877275	0.934853301447	0.00320811945871	0.0107544913672
stá-	0.289494116943	0.483402952943	0.148936994184	0.0781659359305
yɨt-	0.491547113895	0.274129453762	0.00767831885229	0.226645113491
unā-	0.102068965517	0.107586206897	0.244137931034	0.546206896552
ñuj-	0.183333333333	0.711111111111	0.0907407407407	0.0148148148148
íyú-	0.4	0.0181818181818	0.581818181818	0.0
cóh-	0.600829737111	0.222903245982	0.130089436488	0.0461775804199
ali-	0.0	0.205882352941	0.676470588235	0.117647058823
jud-	0.00536464002488	0.986549525735	0.00326543305862	0.00482040118177
ndí-	0.29082549546	0.474093178656	0.143119143756	0.0919621821284
yéj-	0.623502792677	0.346117941172	0.0129744782519	0.0174047878989
uzí-	0.0	1.0	0.0	0.0
cis-	0.0	1.0	0.0	0.0
nɨn-	0.542277747601	0.326226688394	0.0407387289517	0.0907568350534
mal-	0.108009708738	0.859223300971	0.0291262135922	0.00364077669903
adá-	0.038961038961	0.933003504432	0.0181405895692	0.00989486703773
iyó-	0.541704041472	0.188051235099	0.0480695389954	0.222175184433
sab-	0.0791139240506	0.920886075949	0.0	0.0
chó-	0.0877192982456	0.912280701754	0.0	0.0
nin-	0.193504390078	0.212343363737	0.117637030091	0.476515216094
lás-	0.174264820289	0.825735179711	0.0	0.0
sút-	0.0705115672857	0.878853046595	0.04477028348	0.0058651026393
nau-	0.145828986976	0.0771913092719	0.0145540885564	0.762425615196
paj-	0.165071770335	0.777511961723	0.043062200957	0.0143540669856
uhū-	0.141963279181	0.356948728928	0.0712219590845	0.429866032806
neé-	0.213767328327	0.394338125332	0.341917724984	0.0499768213569
cie-	0.0040263952578	0.0600603959288	0.052119449726	0.883793759087
coh-	0.466664543727	0.47543228354	0.0448470952881	0.0130560774449
vol-	0.0	0.97192224622	0.0194384449244	0.00863930885527
jeq-	0.447073220477	0.365694472772	0.100346726494	0.086885580257
iī‑-	0.309833024119	0.423005565863	0.0890538033395	0.178107606679
sir-	0.0257009345795	0.914719626168	0.0560747663552	0.0035046728972
nún-	0.32241833483	0.307017630403	0.299726713957	0.0708373208102
sós-	0.0	1.0	0.0	0.0
rei-	0.0120594935013	0.957791772746	0.00602974675064	0.0241189870025
esr-	0.0	1.0	0.0	0.0
iyá-	0.226640159046	0.383697813121	0.383697813121	0.00596421471173
mús-	0.0422535211268	0.743661971831	0.214084507042	0.0
and-	0.0144263770144	0.874973328901	0.0859098855914	0.0246904084937
ALL	0.241253577177	0.313794625331	0.0582332091279	0.386718588363
ana-	0.0121580547112	0.978723404255	0.0	0.00911854103343
jnu-	0.28974214601	0.539168650212	0.107063256391	0.0640259473866
ine-	0.501333333333	0.235897435897	0.0802051282051	0.182564102564
tíx-	0.116279069767	0.790697674419	0.093023255814	0.0
vāh-	0.174625877237	0.164037594489	0.344989801235	0.316346727039
īin-	0.350299401198	0.461077844311	0.134730538922	0.0538922155689
mae-	0.0116341030195	0.973889875666	0.00133214920071	0.0131438721137
cil-	0.00255319148936	0.997446808511	0.0	0.0
per-	0.0721258757322	0.857815550706	0.0638566670495	0.006201906512
nef-	0.0	1.0	0.0	0.0
nuc-	0.672138804056	0.199364296937	0.062140954051	0.0663559449557
cal-	0.0631139047554	0.898735152818	0.0381509424268	0.0
ced-	0.0357142857143	0.964285714286	0.0	0.0
yúh-	0.30017961383	0.328019757521	0.309160305344	0.0626403233049
zor-	0.0	1.0	0.0	0.0
víj-	0.383606557377	0.518032786885	0.0295081967213	0.0688524590164
níh-	0.261904761905	0.314481352877	0.0850925442236	0.338521340995
cáj-	0.616183961527	0.238224882715	0.0588687465596	0.0867224091986
lid-	0.003663003663	0.996336996337	0.0	0.0
ñan-	0.0224588403722	0.973514674302	0.00107372942019	0.00295275590551
gas-	0.658823529412	0.270588235294	0.0235294117647	0.0470588235294
lev-	0.022043065619	0.934789264211	0.0407184406572	0.00244922951322
tie-	0.0551556269097	0.779377492361	0.0471282821482	0.118338598581
far-	0.00988007631507	0.985861270101	0.00153311529027	0.00272553829381
jai-	0.0909090909091	0.875	0.0340909090909	0.0
fra-	0.0	0.924590163934	0.0754098360655	0.0
arm-	0.0	1.0	0.0	0.0
ɨnu-	0.175452518611	0.325662245399	0.192873068057	0.306012167933
ins-	0.0902255639098	0.518796992481	0.390977443609	0.0
rud-	0.0	1.0	0.0	0.0
uhv-	0.0536959553696	0.463040446304	0.483263598326	0.0
các-	0.47222804797	0.357688902142	0.065201730991	0.104881318897
tɨc-	0.157169943119	0.808402355054	0.00748428300568	0.0269434188205
tac-	0.0644638228328	0.759093144208	0.144979564464	0.0314634684952
mes-	0.0497098322235	0.907974033704	0.00483612960827	0.0374800044641
num-	0.332799145299	0.471688034188	0.150641025641	0.0448717948718
yós-	0.691637529138	0.157910839161	0.0219988344988	0.128452797203
vén-	0.72898841371	0.27101158629	0.0	0.0
suc-	0.0749445001338	0.320568939576	0.547292073346	0.0571944869443
cuh-	0.33564923815	0.334112211808	0.26568344365	0.0645551063924
vēn-	0.0714285714286	0.928571428571	0.0	0.0
saú-	0.568548387097	0.407258064516	0.0241935483871	0.0
ami-	0.0573612915198	0.891512339952	0.0374095379477	0.0137168305808
sañ-	0.515463917526	0.278350515464	0.20618556701	0.0
gue-	0.102611940298	0.852611940299	0.0410447761194	0.00373134328358
tóh-	0.271877655055	0.597281223449	0.0909090909091	0.0399320305862
cás-	0.317990682702	0.565657016516	0.0507914783879	0.0655608223946
yōs-	0.0905797101449	0.853260869565	0.0561594202899	0.0
ítu-	0.0542218576988	0.909630237169	0.0216887430795	0.014459162053
sec-	0.342592592593	0.592592592593	0.0555555555555	0.00925925925925
eub-	0.0833333333333	0.916666666667	0.0	0.0
adi-	0.0	1.0	0.0	0.0
níā-	0.0114678899083	0.981651376147	0.0	0.00688073394495
tal-	0.0	1.0	0.0	0.0
yaā-	0.0255643811475	0.345000336947	0.00407680491981	0.625358476986
yun-	0.339271679329	0.621430442756	0.0314383023317	0.00785957558294
ndé-	0.154736256652	0.301612846193	0.0336390037441	0.510011893411
isa-	0.0228661586128	0.949475374083	0.0060246166405	0.0216338506636
jeh-	0.294021231127	0.340465631441	0.0148835752246	0.350629562207
sca-	0.422209369578	0.312319259688	0.141700404858	0.123770965876
ñac-	0.0533278214138	0.946672178586	0.0	0.0
jée-	0.366696588869	0.495511669659	0.0866247755835	0.0511669658887
yɨh-	0.203265306122	0.61306122449	0.159183673469	0.0244897959184
taz-	0.138279932546	0.79089376054	0.0404721753794	0.0303541315346
loc-	0.148514851485	0.244224422442	0.448844884488	0.158415841584
pon-	0.0737240075614	0.90359168242	0.00567107750473	0.0170132325142
jií-	0.0225646672265	0.00778045089725	0.00229776531522	0.967357116561
núy-	0.0463576158941	0.198675496689	0.754966887417	0.0
gól-	0.0	1.0	0.0	0.0
née-	0.256181998022	0.546983184965	0.111770524233	0.0850642927794
míj-	0.0338345864662	0.648496240602	0.317669172932	0.0
chi-	0.21056285088	0.0466051276587	0.0111892836678	0.731642737794
cāh-	0.27844920426	0.285150173507	0.359578796219	0.0768218260141
ben-	0.00911854103345	0.87537993921	0.09726443769	0.0182370820669
dió-	0.0847457627118	0.881355932203	0.0338983050847	0.0
veh-	0.124517479213	0.809791251691	0.0186317135657	0.0470595555301
seg-	0.149289099526	0.604265402844	0.189573459716	0.0568720379147
ñɨɨ-	0.107069120876	0.821321949406	0.0395914755651	0.0320174541526
mat-	0.00277136258661	0.997228637413	0.0	0.0
pin-	0.0	0.850550603042	0.149449396958	0.0
ocō-	0.0172131147541	0.0319672131148	0.0319672131147	0.918852459016
súh-	0.166265060241	0.826506024096	0.0	0.00722891566264
ñuh-	0.0944112102922	0.854725789196	0.02539262032	0.0254703801921
der-	0.235054900366	0.732818218788	0.0211468076454	0.0109800732005
lam-	0.0159090909091	0.970454545455	0.0136363636363	0.0
nar-	0.0473840078973	0.82625863771	0.126357354393	0.0
sáv-	0.539656582175	0.372853638594	0.0564186426819	0.0310711365495
snú-	0.539570122705	0.204479947295	0.17639792473	0.0795520052705
act-	0.319304666057	0.617566331199	0.0329368709973	0.0301921317475
cua-	0.595186901994	0.188671465339	0.0564897507831	0.159651881884
dám-	0.0	1.0	0.0	0.0
súj-	0.0990099009901	0.895489548955	0.00550055005503	0.0
siá-	0.539445987435	0.268469833671	0.122841858119	0.0692423207752
yúu-	0.0483870967742	0.951612903226	0.0	0.0
sat-	0.117672670825	0.825611222066	0.0339236528505	0.0227924542589
sóc-	0.485887096774	0.403673835126	0.0801971326165	0.0302419354839
sió-	0.00684931506849	0.979452054795	0.0	0.013698630137
esl-	0.0	1.0	0.0	0.0
saf-	0.348416289593	0.493212669683	0.0678733031674	0.0904977375566
íyo-	0.293226176808	0.252009184845	0.112399540758	0.342365097589
ñás-	0.022641509434	0.977358490566	0.0	0.0
néē-	0.00624290578887	0.913166855846	0.0800227014756	0.0005675368899
nuj-	0.597480474889	0.274518219407	0.069184176802	0.058817128902
sun-	0.0462808658919	0.0389874295639	0.114170843197	0.800560861348
ele-	0.0	1.0	0.0	0.0
jíj-	0.154674107495	0.0939526393943	0.0118764419682	0.739496811142
sav-	0.0330069268163	0.218915273374	0.0590304838453	0.689047315964
luz-	0.046280453027	0.791167603683	0.162063065265	0.000488878024932
fle-	0.0	1.0	0.0	0.0
sōh-	0.789736290156	0.190119557181	0.00316874311553	0.0169754095475
stí-	0.549422271345	0.335264017144	0.0443157321904	0.0709979793207
ban-	0.101571946796	0.883917775091	0.0	0.0145102781137
ñúū-	0.198053113224	0.610084335188	0.0788175130091	0.113045038579
cus-	0.39154194875	0.370384291556	0.19991737975	0.0381563799443
rom-	0.0566608599982	0.718987805996	0.214357751902	0.00999358210323
tey-	0.28231085724	0.430740735504	0.217667934452	0.0692804728039
máñ-	0.129107676322	0.0665021431354	0.148071178075	0.656319002468
ter-	0.0344827586207	0.965517241379	0.0	0.0
tás-	0.178374655647	0.662534435262	0.132231404959	0.0268595041323
yōh-	0.224342351983	0.173438085961	0.23183750423	0.370382057825
tra-	0.0850515463918	0.881443298969	0.0180412371134	0.0154639175258
yej-	0.402989057913	0.524152655458	0.0408326661329	0.0320256204964
jéc-	0.541025827741	0.283979314301	0.105689078303	0.0693057796549
sóh-	0.154234528382	0.705878341226	0.0627698662018	0.0771172641908
arq-	0.164102564103	0.815384615385	0.0205128205128	0.0
ale-	0.018250471995	0.791063561989	0.179358086847	0.0113278791693
uxī-	0.0174451004305	0.0636051592269	0.0521414668423	0.8668082735
yūt-	0.0337965887555	0.959570435881	0.000947567909032	0.00568540745422
oli-	0.0194414987628	0.96147048427	0.0148462354189	0.00424178154825
síj-	0.971068249258	0.0289317507418	0.0	0.0
ñɨ́-	0.15990875137	0.570706505938	0.209111444099	0.0602732985933
yuū-	0.0567250522256	0.885532165622	0.04242326852	0.0153195136322
mod-	0.196873234248	0.528596649909	0.13321922132	0.141310894524
jec-	0.31249728783	0.260287351026	0.182044485921	0.245170875223
dec-	0.0210084033613	0.68487394958	0.0	0.294117647059
yɨs-	0.0935711881521	0.751262201279	0.132951868058	0.0222147425109
náa-	0.310314987885	0.126514364832	0.042575285566	0.520595361717
cán-	0.362913711618	0.30384986969	0.122724348544	0.210512070148
nay-	0.412338308458	0.309054726368	0.213930348259	0.0646766169154
gre-	0.0332717190388	0.859519408503	0.0665434380776	0.0406654343808
tūh-	0.237985478852	0.214359801775	0.524144289501	0.0235104298721
chū-	0.63379501385	0.36620498615	0.0	0.0
cáv-	0.174216027875	0.802090592335	0.0209059233449	0.00278745644599
tia-	0.0	1.0	0.0	0.0
yát-	0.114297672996	0.587103680868	0.0661236185678	0.232475027568
var-	0.0679094540612	0.884154460719	0.0399467376831	0.00798934753662
jēh-	0.896754291322	0.0635802329279	0.00860600312353	0.031059472627
ndɨ-	0.106468450299	0.243080419265	0.137849813308	0.512601317127
pan-	0.0273571920165	0.940640055058	0.026324845148	0.00567790777701
cūh-	0.348374933399	0.455715398172	0.0815607197016	0.114348948727
tor-	0.0	0.683615819209	0.316384180791	0.0
lec-	0.307692307692	0.692307692308	0.0	0.0
sco-	0.339682539683	0.647619047619	0.0126984126984	0.0
nuū-	0.0126811354678	0.0105034729083	0.00439854461331	0.972416847011
lin-	0.0203496259545	0.979650374045	0.0	0.0
xah-	0.0227477088576	0.0953994444272	0.0629353278395	0.818917518876
ina-	0.0174216027874	0.982578397213	0.0	0.0
ema-	0.0516129032258	0.85376344086	0.0602150537634	0.0344086021505
cre-	0.0385653682993	0.931353644427	0.0	0.0300809872734
mai-	0.0	1.0	0.0	0.0
pen-	0.0	1.0	0.0	0.0
rab-	0.0689655172414	0.758620689655	0.0	0.172413793103
ape-	0.0384615384615	0.961538461538	0.0	0.0
yuj-	0.0171032984933	0.929007737206	0.0123523822452	0.0415365820551
ini-	0.0160259281028	0.0254579037901	0.00691114042338	0.951605027684
fav-	0.349785407725	0.56008583691	0.0386266094421	0.0515021459227
ñáy-	0.0130405521016	0.357564861925	0.0132522967886	0.616142289185
fre-	0.0655737704918	0.901639344262	0.0327868852459	0.0
rec-	0.146245059288	0.675889328063	0.0711462450593	0.106719367589
vet-	0.363053613054	0.293706293706	0.19289044289	0.15034965035
isr-	0.0280325711779	0.947977650222	0.0166669844963	0.00732279410362
ber-	0.0422425272051	0.924085893139	0.0163766319237	0.0172949477325
ñáh-	0.467716328807	0.365006888408	0.0715082332874	0.0957685494981
ndu-	0.341027069776	0.496010152329	0.0783891350536	0.0845736428413
car-	0.203038332751	0.672224730972	0.0522293319246	0.0725076043522
rod-	0.106060606061	0.893939393939	0.0	0.0
bas-	0.664556962025	0.259493670886	0.0759493670886	0.0
téc-	0.324103739223	0.562899153423	0.0847991060378	0.0281980013155
mañ-	0.276450271375	0.240008458448	0.2995700289	0.183971241277
túū-	0.0	0.11356466877	0.88643533123	0.0
xií-	0.378378378378	0.216216216216	0.405405405405	0.0
vīt-	0.104887337353	0.335290384005	0.504601713742	0.0552205649
pól-	0.078947368421	0.842105263158	0.0789473684211	0.0
iñu-	0.0187606594656	0.859579306424	0.12166003411	0.0
sah-	0.200012254088	0.748929043722	0.0283375797154	0.0227211224745
pun-	0.103597122302	0.745323741007	0.129496402878	0.0215827338129
íñu-	0.053210261979	0.809963350075	0.136826387946	0.0
sáj-	0.413310005677	0.367062155403	0.153216021928	0.0664118169916
véj-	0.670536891368	0.0826149740279	0.0461416139773	0.200706520627
cut-	0.56002251004	0.281128230489	0.0925128537444	0.0663364057264
tah-	0.436102783507	0.499447918873	0.0216845489272	0.0427647486931
cai-	0.00416956219597	0.995830437804	0.0	0.0
tút-	0.516864387067	0.306998305254	0.00801681454159	0.168120493138
ñuu-	0.0838769980651	0.375212821098	0.00266085509439	0.538249325743
ndū-	0.209248934077	0.613643817645	0.143653656937	0.0334535913414
táj-	0.554505646462	0.372896980871	0.0560036874856	0.0165936851809
amé-	0.0150593397826	0.130447790964	0.00718061234666	0.847312256906
cum-	0.176984126984	0.492857142857	0.18253968254	0.147619047619
era-	0.0130718954248	0.986928104575	0.0	0.0
táx-	0.123529411765	0.876470588235	0.0	0.0
veñ-	0.0537634408602	0.917773561037	0.0189753320683	0.00948766603415
ñaj-	0.129489888319	0.633111983097	0.0863265922125	0.151071536372
jeñ-	0.441489361702	0.335106382979	0.175531914894	0.0478723404255
cáy-	0.435698505352	0.287448079054	0.100044398296	0.176809017297
sēh-	0.041360706743	0.896877354476	0.0147407294631	0.0470212093176
tih-	0.436681222707	0.366812227074	0.0	0.196506550218
yɨ̄-	0.373128090827	0.443686006826	0.0494532283903	0.133732673957
sio-	0.0738916256157	0.926108374384	0.0	0.0
jíí-	0.0178559800889	0.0401381227003	0.0019640906231	0.940041806588
xéé-	0.00960768614892	0.873338670937	0.11224979984	0.00480384307446
náx-	0.617647058824	0.235294117647	0.0294117647059	0.117647058824
jes-	0.0213333796653	0.929017802017	0.00443669763254	0.0452121206857
nɨ́-	0.132565661397	0.25732085332	0.235911090324	0.374202394958
jét-	0.734410272137	0.179357810569	0.0515899233258	0.0346419939687
cós-	0.530404837897	0.287670082312	0.0340164622879	0.147908617504
met-	0.258281761922	0.590353112486	0.0324353840553	0.118929741536
ícu-	0.175	0.775	0.05	0.0
tɨ̄-	0.174812251138	0.219132743065	0.0483022798676	0.557752725929
ɨ́n-	0.181425485961	0.349892008639	0.233261339093	0.235421166307
mna-	0.0377358490566	0.867924528302	0.0566037735849	0.0377358490566
jén-	0.482703880478	0.326126861355	0.0534323056815	0.137736952486
ces-	0.0110905730129	0.959334565619	0.00961182994455	0.0199630314233
cañ-	0.668882978724	0.239361702128	0.0398936170213	0.0518617021277
siū-	0.25641025641	0.602564102564	0.102564102564	0.0384615384615
véh-	0.0809923385625	0.678949288581	0.174388909157	0.0656694636994
azu-	0.0653753026634	0.934624697337	0.0	0.0
név-	0.60300036716	0.280555186864	0.050099202074	0.0663452439027
así-	0.0	1.0	0.0	0.0
téj-	0.45529290853	0.367420349435	0.0924974306269	0.084789311408
yúy-	0.157894736842	0.802631578947	0.0394736842105	0.0
juz-	0.212023270847	0.710407239819	0.0775694893341	0.0
víī-	0.261801977441	0.217727336026	0.0355103745996	0.484960311934
tuú-	0.213061373822	0.117534071161	0.0323058629836	0.637098692033
stu-	0.574547723019	0.32439176544	0.0823456019962	0.0187149095446
tró-	0.021897810219	0.945255474453	0.021897810219	0.0109489051095
xeé-	0.153275250081	0.387221684414	0.362697644401	0.0968054211036
váh-	0.045237138422	0.314201514471	0.506739080759	0.133822266348
siú-	0.624678663239	0.192802056555	0.120822622108	0.0616966580977
jul-	0.025641025641	0.961538461538	0.0	0.0128205128205
cop-	0.0044665012407	0.977667493797	0.0119106699752	0.00595533498759
yɨɨ-	0.0824719044878	0.71312959394	0.168172602808	0.0362258987644
chī-	0.139614447336	0.33350517401	0.0748711435821	0.452009235071
nah-	0.587975487632	0.1669157761	0.088147373141	0.156961363127
xíñ-	0.258908685969	0.206570155902	0.505289532294	0.0292316258352
rag-	0.0	1.0	0.0	0.0
feb-	0.0634920634921	0.936507936508	0.0	0.0
íni-	0.0694980694981	0.227799227799	0.131274131274	0.571428571429
úxā-	0.00938967136151	0.0109546165884	0.0125195618153	0.967136150235
quī-	0.0842776203965	0.911473087819	0.0042492917847	0.0
quɨ-	0.241022422326	0.50981600506	0.0342005169639	0.214961055649
tre-	0.0	0.704918032787	0.0	0.295081967213
gay-	0.0160642570281	0.983935742972	0.0	0.0
plu-	0.0	0.961538461538	0.0	0.0384615384615
via-	0.132743362832	0.823008849558	0.0442477876106	0.0
gob-	0.0523986546292	0.913436006373	0.0113294388387	0.0228359001593
véc-	0.290849673203	0.669934640523	0.0	0.0392156862745
ñús-	0.35003431709	0.604667124228	0.00411805078929	0.041180507893
dan-	0.0917832167832	0.798076923077	0.11013986014	0.0
sōc-	0.0787637088734	0.185111332669	0.733133931539	0.00299102691924
lug-	0.0476367144023	0.87133635082	0.0278993841359	0.0531275506418
ate-	0.0064308681672	0.987138263666	0.0064308681672	0.0
sás-	0.653154251429	0.152279690034	0.113088738829	0.0814773197079
rín-	0.213414634146	0.182926829268	0.603658536585	0.0
ser-	0.0	0.981308411215	0.018691588785	0.0
tɨ́-	0.241016761393	0.511709023408	0.0961971247649	0.151077090434
nás-	0.378903663643	0.225743005411	0.0707881417611	0.324565189185
ndi-	0.324246375683	0.325863996434	0.208234990734	0.141654637149
cri-	0.015625050969	0.955555048131	0.0051539834094	0.0236659174906
mis-	0.01	0.99	0.0	0.0
scá-	0.517335440093	0.357218665056	0.0654160980218	0.0600297968295
elm-	0.0	1.0	0.0	0.0
eun-	0.0449438202247	0.797752808989	0.157303370786	0.0
ran-	0.0451547437849	0.930492135972	0.0121765601218	0.0121765601218
apó-	0.0234221488643	0.938850899945	0.0294741806178	0.00825277057298
nac-	0.402902358015	0.485079004618	0.0388269794237	0.0731916579433
cáñ-	0.184814456362	0.70381958715	0.0360613573389	0.0753045991489
jiī-	0.244105681094	0.18239301995	0.558796137444	0.0147051615117
cuū-	0.0174096204273	0.00451360529596	0.142715900787	0.83536087349
jít-	0.173542802229	0.76963134139	0.0135025750778	0.0433232813035
naq-	0.721195635103	0.126581680319	0.0276106950373	0.124611989541
na‑-	0.158403118665	0.31627939444	0.0440657780059	0.481251708889
sos-	0.0	0.940298507463	0.0298507462687	0.0298507462687
luu-	0.0836354187589	0.634782705729	0.254131157681	0.0274507178315
cad-	0.123404255319	0.873758865248	0.00283687943263	0.0
fél-	0.0224466891134	0.959595959596	0.013468013468	0.00448933782267
tat-	0.0378611332801	0.94988028731	0.00861931364725	0.00363926576217
túj-	0.186046511628	0.613953488372	0.16976744186	0.0302325581395
bit-	0.0	1.0	0.0	0.0
sté-	0.614357334114	0.266906868361	0.0321932575781	0.0865425399466
ích-	0.181699169375	0.690998555435	0.0388226796678	0.0884795955218
soc-	0.503296732337	0.413776245028	0.0305228524993	0.0524041701352
náj-	0.0901587703275	0.0271560700965	0.0265150516967	0.856170107879
táv-	0.637724550898	0.201596806387	0.0419161676647	0.11876247505
jín-	0.554424636515	0.214179402236	0.0313314379128	0.200064523337
jeē-	0.0379780221521	0.0135173771466	0.000665982774	0.947838617927
tēe-	0.0181790163978	0.331649123541	0.0156729178416	0.63449894222
epi-	0.0970873786408	0.281553398058	0.621359223301	0.0
scó-	0.469056842903	0.37221289467	0.00713394437877	0.151596318048
cuá-	0.444930880995	0.275164260418	0.144624300594	0.135280557993
jua-	0.0244368582689	0.937844618136	0.0149380291467	0.0227804944488
sia-	0.726707009334	0.0815836538697	0.151897493691	0.0398118431046
cūt-	0.044776119403	0.910447761194	0.0358208955223	0.00895522388062
yūc-	0.0800218389986	0.0811029096122	0.00609540950986	0.832779841879
ndó-	0.460898737922	0.316383625846	0.117870335615	0.104847300617
yɨq-	0.0454933847598	0.866487601113	0.0531988146056	0.0348201995215
yoc-	0.0960430272762	0.892431809451	0.0	0.0115251632731
aug-	0.0813669650122	0.903986981286	0.00488201790073	0.00976403580146
mos-	0.0	0.973790322581	0.0241935483871	0.00201612903226
cóo-	0.687984911484	0.0895609365428	0.0477495549354	0.174704597038
sur-	0.0344488188976	0.392224409449	0.258366141732	0.314960629921
sɨq-	0.105987282591	0.11835847017	0.00900014890708	0.766654098332
fri-	0.0125786163522	0.918238993711	0.0566037735849	0.0125786163522
reg-	0.0832105680659	0.737908295694	0.00938951935374	0.169491616886
pla-	0.0351711026616	0.890684410646	0.0731939163498	0.000950570342204
mac-	0.0115948887837	0.965688594416	0.0205868433507	0.00212967345007
ico-	0.00647249190939	0.980582524272	0.0129449838188	0.0
cuɨ-	0.240640705368	0.182423864511	0.0528781026558	0.524057327465
bet-	0.0210194429848	0.965580662112	0.00157645822386	0.0118234366789
yáú-	0.310833333333	0.525	0.151666666667	0.0125
vix-	0.0	0.347107438017	0.652892561983	0.0
cuú-	0.0151006711409	0.290268456376	0.528523489933	0.16610738255
sal-	0.057480635956	0.927231960864	0.0067264573991	0.00856094578068
xíh-	0.0754027190677	0.165428995773	0.436650291329	0.322517993831
nih-	0.587198685194	0.178327361584	0.0341454929112	0.200328460312
jéé-	0.290559697574	0.0695159088523	0.604746403444	0.0351779901292
cim-	0.136522753792	0.863477246208	0.0	0.0
sac-	0.569413017437	0.317183548516	0.0774657260748	0.0359377079728
sod-	0.00911179851354	0.989369568401	0.0	0.00151863308559
gab-	0.0	1.0	0.0	0.0
cam-	0.0712744380748	0.891643590765	0.031302962668	0.00577900849255
soh-	0.0414012738853	0.0573248407643	0.90127388535	0.0
ind-	0.441891891892	0.363513513513	0.178378378378	0.0162162162162
ste-	0.578782249413	0.304038888639	0.0345923361787	0.0825865257686
sán-	0.398986418116	0.448209879884	0.114918783404	0.0378849185962
ɨɨ̄-	0.046511627907	0.0	0.0	0.953488372093
núh-	0.760922330097	0.191747572815	0.0218446601942	0.0254854368932
xeh-	0.0750663113181	0.901536396842	0.0175479688796	0.00584932295986
lic-	0.0377358490566	0.723270440252	0.238993710692	0.0
tuc-	0.0829985010156	0.0580080359756	0.0621546348776	0.796838828131
vij-	0.122680104119	0.204208784255	0.0528473846339	0.620263726992
ich-	0.128354701675	0.295420394933	0.0368275467097	0.539397356683
hig-	0.0	0.954977953121	0.0450220468787	0.0
ren-	0.00781805259418	0.977611940298	0.0124378109453	0.00213219616205
jex-	0.0776910263654	0.767954240261	0.133679931316	0.0206748020576
pañ-	0.111111111111	0.875816993464	0.0130718954248	0.0
ñúh-	0.260692665694	0.411348624736	0.063233775322	0.264724934248
nee-	0.26996436689	0.531743222032	0.145732976817	0.0525594342617
jní-	0.198797345575	0.565389049601	0.0628604833058	0.172953121519
lul-	0.15004883246	0.431057444731	0.358741010388	0.0601527124212
tab-	0.0204168438962	0.961718417695	0.0127605274351	0.00510421097405
naz-	0.00502873563218	0.992097701149	0.00287356321839	0.0
gal-	0.00586560855689	0.971620805659	0.0186319330631	0.00388165272147
jic-	0.496586900591	0.293244350779	0.0846054776508	0.125563270979
cúy-	0.758333333333	0.183333333333	0.0208333333333	0.0375
tén-	0.491899852725	0.362297496318	0.0839469808542	0.0618556701031
cui-	0.0930772800559	0.712217784418	0.167400226702	0.0273047088234
ánd-	0.00894943568836	0.983891015761	0.00208820166062	0.00507134689007
sel-	0.236928874235	0.74988224211	0.00942063118228	0.00376825247291
lúc-	0.14404432133	0.576177285319	0.279778393352	0.0
cav-	0.10127960795	0.774571195208	0.0261366730193	0.0980125238225
jéj-	0.308047084285	0.491440570607	0.110927004843	0.0895853402657
him-	0.0440251572327	0.85534591195	0.0	0.100628930818
cúc-	0.225287979401	0.31353841984	0.387071418891	0.0741021818675
tej-	0.538746363396	0.330953010667	0.0580975050692	0.0722031208674
cát-	0.507057018625	0.304048844597	0.124643082638	0.0642510541396
jih-	0.546074809398	0.188206756262	0.217211116143	0.0485073181969
ray-	0.0	0.867532467532	0.132467532468	0.0
sáá-	0.173871045641	0.174763321723	0.077112299903	0.574253332733
agr-	0.0304526748971	0.958024691358	0.00987654320988	0.00164609053498
uxā-	0.0237344099907	0.0200565572029	0.111120192229	0.845088840577
yaū-	0.125892118724	0.789260881551	0.0263423898061	0.0585046099182
qué-	0.509137130165	0.207696637743	0.0743987194936	0.208767512598
yoó-	0.114832535885	0.755980861244	0.0861244019138	0.0430622009569
nuú-	0.332663145822	0.136987271157	0.0481402296572	0.482209353364
mer-	0.0275229357798	0.862385321101	0.110091743119	0.0
dom-	0.0167988800747	0.880307979468	0.0230984601026	0.0797946803546
tay-	0.423728813559	0.0338983050847	0.440677966102	0.101694915254
toc-	0.362831858407	0.538558786346	0.0379266750948	0.0606826801517
cax-	0.548446876103	0.381000705965	0.0410342393223	0.0295181786093
ged-	0.125	0.875	0.0	0.0
cub-	0.0634920634921	0.84126984127	0.0	0.0952380952381
one-	0.0	1.0	0.0	0.0
sóó-	0.756944444444	0.102430555556	0.0	0.140625
lom-	0.107719928187	0.784560143627	0.107719928187	0.0
gog-	0.0333333333333	0.933333333333	0.0333333333333	0.0
cuī-	0.641069887834	0.157031924072	0.183779119931	0.0181190681622
uxá-	0.0970464135021	0.113924050633	0.746835443038	0.042194092827
sɨh-	0.238818931828	0.614850195397	0.0803300043421	0.0660008684325
ruf-	0.0	0.980769230769	0.0192307692308	0.0
cúú-	0.18947368421	0.294736842105	0.515789473684	0.0
cot-	0.53880021105	0.30447445208	0.0463020588362	0.110423278034
teh-	0.235818992989	0.669216061185	0.0834926704907	0.0114722753346
sil-	0.0490818580503	0.919281040676	0.00916588915396	0.0224712121194
jíī-	0.105747126437	0.124137931034	0.770114942529	0.0
jas-	0.0410256410256	0.958974358974	0.0	0.0
sām-	0.75	0.216666666667	0.0333333333333	0.0
ram-	0.0156494522692	0.976525821596	0.00782472613459	0.0
ndá-	0.230820349143	0.565222081182	0.140891868934	0.0630657007418
lán-	0.158311345646	0.804749340369	0.0369393139842	0.0
tée-	0.0502782184706	0.237518462393	0.00945403627546	0.702749282861
xíc-	0.356164383562	0.606164383562	0.0308219178083	0.00684931506849
gen-	0.0264952780692	0.868835257083	0.103095487933	0.001573976915
jéx-	0.247920270159	0.594555637921	0.141462811959	0.0160612799605
índ-	0.63116899751	0.283885958101	0.0241956787999	0.0607493655889
egi-	0.0145250087853	0.903244699543	0.0688766545625	0.013353637109
yút-	0.00900900900901	0.783783783784	0.135135135135	0.072072072072
sau-	0.0726447219069	0.897616345062	0.00136208853576	0.0283768444949
sín-	0.639624949042	0.29302894415	0.0278842233999	0.0394618834081
yɨñ-	0.244629822732	0.476746611053	0.266110531804	0.0125130344108
cuí-	0.276563625759	0.521545956702	0.183363639483	0.0185267780561
vec-	0.118127186295	0.861826172751	0.0104942147278	0.00955242622657
pri-	0.0219166308552	0.957455951869	0.0154705629566	0.00515685431887
tro-	0.107566569997	0.888478776694	0.00237279198524	0.00158186132349
māh-	0.164694280079	0.459566074951	0.284023668639	0.0917159763314
nīh-	0.333361990683	0.254606221152	0.255310117298	0.156721670867
ela-	0.0	1.0	0.0	0.0
mīj-	0.0716560509554	0.527070063694	0.382165605095	0.0191082802547
fin-	0.0427984725124	0.582318610851	0.371712659413	0.00317025722314
xín-	0.0910812157449	0.726158445441	0.121973094171	0.0607872446438
íī‑-	0.0789473684211	0.0263157894737	0.894736842105	0.0
yáñ-	0.0884074941452	0.85343481655	0.0523028883685	0.00585480093677
jna-	0.541875855984	0.3555258852	0.0538981869884	0.0487000718274
nag-	0.0319958851628	0.0864153640761	0.185394597007	0.696194153754
cóó-	0.108303249097	0.108303249097	0.783393501805	0.0
leg-	0.015873015873	0.920634920635	0.0	0.063492063492
arp-	0.0968858131487	0.903114186851	0.0	0.0
tot-	0.18927444795	0.796529968454	0.0141955835962	0.0
soō-	0.0999999999999	0.9	0.0	0.0
fen-	0.222431668237	0.70122525919	0.0367577756833	0.0395852968897
nén-	0.752007031937	0.105244652798	0.0330501025491	0.109698212716
que-	0.626407077056	0.087234805511	0.0202271929205	0.266130924513
tir-	0.0115627189909	0.982130343378	0.0042046250876	0.0021023125438
man-	0.455454671321	0.320944247291	0.105588387463	0.118012693925
rob-	0.0	1.0	0.0	0.0
cuj-	0.194878535814	0.349963446704	0.351006046398	0.104151971084
cué-	0.168319440112	0.514210131768	0.236337241143	0.0811331869765
sie-	0.27358490566	0.547169811321	0.179245283019	0.0
fue-	0.117831795526	0.548104291911	0.259279668215	0.0747842443477
ceb-	0.0	0.986666666667	0.0	0.0133333333333
tap-	0.31914893617	0.478723404255	0.0957446808511	0.106382978723
cúx-	0.289617486339	0.246476847857	0.301696865114	0.16220880069
lɨv-	0.0	1.0	0.0	0.0
caa-	0.376306168276	0.103192360385	0.0212797003818	0.499221770957
sol-	0.0922622429269	0.84564254062	0.0279513691626	0.0341438472901
úhv-	0.179487179487	0.641025641026	0.179487179487	0.0
jet-	0.761908679556	0.184944467297	0.0363636363636	0.0167832167832
coj-	0.568181818182	0.136363636364	0.0909090909091	0.204545454545
yóh-	0.27669484161	0.379462427829	0.0807259153667	0.263116815195
cuu-	0.327019332479	0.0812056727964	0.055282930791	0.536492063934
tɨv-	0.940952380952	0.0361904761905	0.0228571428572	0.0
yum-	0.0305039787799	0.811781609195	0.0152519893899	0.142462422635
squ-	0.582943822557	0.217869785351	0.120945531858	0.0782408602339
íje-	0.488389513109	0.29063670412	0.195505617977	0.025468164794
cūn-	0.316109422492	0.474164133739	0.0182370820669	0.191489361702
séy-	0.553191489362	0.234042553191	0.212765957447	0.0
com-	0.044776119403	0.910447761194	0.044776119403	0.0
náā-	0.562904301512	0.177764407942	0.168375984665	0.0909553058816
mag-	0.0703906622201	0.887803716055	0.0278704144831	0.0139352072416
tuj-	0.273076923077	0.644230769231	0.0461538461539	0.0365384615384
cef-	0.140625	0.765625	0.0	0.09375
esp-	0.00816444252166	0.946997681565	0.0421089997449	0.00272887616892
aqu-	0.0127265715388	0.987273428461	0.0	0.0
néñ-	0.170666666667	0.621333333333	0.112	0.096
chí-	0.149907116314	0.181492678209	0.0370113305847	0.631588874892
bot-	0.0	0.914110429448	0.0858895705521	0.0
núu-	0.113044363405	0.0426746858574	0.0044901058123	0.839790844925
dob-	0.0769230769231	0.0769230769231	0.638461538462	0.207692307692
adr-	0.142857142857	0.69387755102	0.142857142857	0.0204081632653
leb-	0.0	0.818181818182	0.0454545454545	0.136363636364
mon-	0.838323353293	0.161676646707	0.0	0.0
nɨñ-	0.0412266520755	0.949720197975	0.0027855845997	0.00626756534931
yɨ́-	0.264546318249	0.483422282924	0.123826633642	0.128204765186
sāt-	0.628571428571	0.342857142857	0.0	0.0285714285714
ofr-	0.165338645418	0.786852589641	0.0179282868526	0.0298804780876
cúñ-	0.00890027605016	0.955452894102	0.0164833584456	0.0191634714027
job-	0.0	0.863636363636	0.136363636364	0.0
yāa-	0.0980683506687	0.68499257058	0.145616641902	0.0713224368499
tāc-	0.0856948675231	0.160327191001	0.0102848818826	0.743693059594
nát-	0.431516936672	0.383853260142	0.116481456688	0.0681483464989
las-	0.0198815256159	0.972165864138	0.00795261024635	0.0
nác-	0.527017079937	0.351368102351	0.0691592698316	0.0524555478807
xeē-	0.326638743726	0.250481503344	0.283813035839	0.13906671709
tú‑-	0.268138801262	0.317034700315	0.38643533123	0.0283911671924
