jer-	0.00571320647812	0.981963265499	0.000566598989565	0.0117569290335
yúñ-	0.378630705394	0.455048409405	0.0103734439834	0.155947441217
tut-	0.336923718204	0.456437156443	0.00481092399134	0.201828201362
vas-	0.00859188544151	0.979952267303	0.00859188544153	0.00286396181384
xūh-	0.185364731573	0.733275070958	0.0555650188119	0.025795178657
jis-	0.501176470588	0.442352941176	0.0141176470588	0.0423529411765
cān-	0.652429271219	0.211236629011	0.0572328301509	0.0791012696191
nūn-	0.277379094862	0.615248352289	0.0843641486676	0.0230084041821
maa-	0.0	1.0	0.0	0.0
tíh-	0.0420186749666	0.893285904847	0.0466874166296	0.0180080035571
jac-	0.0819094684822	0.436872404185	0.211884233216	0.269333894117
zab-	0.0	0.973539140022	0.026460859978	0.0
viu-	0.0339438192077	0.935642518782	0.00760341550253	0.0228102465076
fal-	0.634746922025	0.0957592339261	0.236662106703	0.0328317373461
xīc-	0.763033175356	0.182464454976	0.0308056872038	0.0236966824645
man-	0.386770858	0.497434683085	0.0947193937959	0.0210750651196
ver-	0.0606060606061	0.0909090909091	0.181818181818	0.666666666667
yín-	0.430908458058	0.345631743822	0.16742081448	0.0560389836408
coo-	0.624512014856	0.106094114761	0.0281608594393	0.241233010944
ñíh-	0.270611057226	0.322987390883	0.369544131911	0.0368574199806
nij-	0.567509075677	0.194777994973	0.109396816532	0.128316112818
xún-	0.0	0.907692307692	0.0	0.0923076923077
sáñ-	0.692307692308	0.217948717949	0.025641025641	0.0641025641025
abí-	0.0	0.984962406015	0.015037593985	0.0
cōh-	0.501618057522	0.433942801667	0.0196593988916	0.0447797419198
mah-	0.0	1.0	0.0	0.0
iyá-	0.225165562914	0.437086092715	0.337748344371	0.0
cāy-	0.631845841785	0.290350623008	0.0443349753695	0.0334685598377
cót-	0.807421150278	0.0905380333952	0.0166975881262	0.0853432282003
sác-	0.638292504478	0.29131871736	0.0474304311628	0.022958346999
eno-	0.0658578856153	0.840554592721	0.0831889081456	0.0103986135182
yáj-	0.616479252523	0.35330505631	0.01247515723	0.0177405339367
lis-	0.100788469086	0.697634592743	0.186949231153	0.0146277070177
nas-	0.754953198099	0.110818525383	0.0277995149295	0.106428761589
yūh-	0.387740029542	0.491453893226	0.0516986706056	0.0691074066259
san-	0.0712404855728	0.692299453786	0.0587466254021	0.177713435239
yāc-	0.12981877461	0.733848247036	0.0665379382411	0.069795040113
jee-	0.431729922558	0.270749136393	0.233907565871	0.0636133751778
pre-	0.186278766826	0.742509769865	0.0503690838038	0.020842379505
fig-	0.146306818182	0.798295454545	0.0426136363636	0.0127840909091
sōó-	0.608982826949	0.264200792602	0.0792602377808	0.0475561426684
cōt-	0.64	0.170769230769	0.101538461538	0.0876923076923
ñíq-	0.169582772544	0.722745625841	0.0538358008076	0.0538358008075
cúu-	0.637557567926	0.0206481456586	0.00354181476089	0.338252471654
nun-	0.726978998384	0.120735531693	0.0841014919699	0.068183977953
euf-	0.120320855615	0.879679144385	0.0	0.0
caq-	0.507751937985	0.43992248062	0.0174418604651	0.0348837209302
yáá-	0.133227344992	0.773926868044	0.0432432432432	0.0496025437202
abr-	0.00753311975063	0.95644644558	0.0329032816694	0.00311715300026
pró-	0.0	1.0	0.0	0.0
neg-	0.0	0.965517241379	0.0344827586207	0.0
ñam-	0.232198735711	0.11648083195	0.126827160243	0.524493272095
yúc-	0.161762354237	0.514049976821	0.251262017442	0.0729256515002
mil-	0.0234318541823	0.329575233771	0.00996401275976	0.637028899287
sīq-	0.104752709313	0.0921148606717	0.0074804741753	0.79565195584
cūú-	0.284131049371	0.149220523805	0.196282602351	0.370365824473
tib-	0.00803212851405	0.991967871486	0.0	0.0
nās-	0.180663308821	0.100532593365	0.0364576387414	0.682346459073
ñūū-	0.00491803278689	0.995081967213	0.0	0.0
nīj-	0.0538944259875	0.886674049465	0.0129198966408	0.046511627907
yít-	0.322037323991	0.583035774439	0.0477666239978	0.0471602775719
cáv-	0.680440503338	0.170466059365	0.0910050851036	0.0580883521938
jij-	0.421093903156	0.0905704763772	0.433640462654	0.0546951578122
ari-	0.0267379679144	0.96256684492	0.0106951871658	0.0
itū-	0.122377622378	0.829254079254	0.0361305361305	0.0122377622378
yāh-	0.340386528073	0.340874076096	0.146849464672	0.171889931158
ját-	0.373800383877	0.57773512476	0.0398272552783	0.00863723608445
mig-	0.0769230769231	0.923076923077	0.0	0.0
táj-	0.490650044524	0.33125556545	0.0525378450579	0.125556544969
paf-	0.0338983050847	0.966101694915	0.0	0.0
mar-	0.0120406278855	0.97730378578	0.00435826408126	0.00629732225301
cah-	0.609712521334	0.240542871836	0.0838218210056	0.0659227858242
suu-	0.253610381534	0.188440219524	0.045601573043	0.512347825898
ñut-	0.0224033657639	0.935103865369	0.0126216145149	0.0298711543518
yōc-	0.149659863946	0.244897959184	0.605442176871	0.0
zaq-	0.0	0.926315789474	0.0578947368421	0.0157894736842
nor-	0.106430155211	0.707317073171	0.0620842572062	0.124168514412
nen-	0.718488269612	0.117310999994	0.0123322881062	0.151868442288
náy-	0.739140868731	0.154307655388	0.0431965442765	0.0633549316055
zac-	0.063204311612	0.910338069574	0.016168544831	0.0102890739833
tot-	0.0909603432154	0.884494802266	0.0129943347451	0.0115505197734
her-	0.0240935092459	0.924250302651	0.023602798254	0.0280533898487
xéy-	0.0	1.0	0.0	0.0
nāj-	0.110664142609	0.111413472156	0.0165641268339	0.7613582584
ate-	0.00623052959504	0.96261682243	0.018691588785	0.01246105919
tii-	0.625946459003	0.313005587074	0.0135901805553	0.0474577733675
har-	0.0687022900763	0.923664122137	0.00763358778626	0.0
jat-	0.756471407149	0.213770164022	0.00981047104277	0.0199479577869
sin-	0.0196107127177	0.978194058247	0.00219522903557	0.0
urí-	0.0	1.0	0.0	0.0
dor-	0.054054054054	0.945945945946	0.0	0.0
ūhū-	0.0136331444759	0.0127478753541	0.084985835694	0.888633144476
pat-	0.0228847048704	0.960063946403	0.00863785428932	0.00841349443765
sūj-	0.0314136125655	0.913850547358	0.0518800571157	0.00285578296049
xéē-	0.0905578362714	0.580113499155	0.231123722128	0.0982049424455
alt-	0.0100534087339	0.974866478165	0.00942507068803	0.00565504241281
tāā-	0.0677966101695	0.796610169491	0.0	0.135593220339
jor-	0.00884955752213	0.991150442478	0.0	0.0
naí-	0.0357142857143	0.892857142857	0.0	0.0714285714286
sed-	0.0123456790123	0.666666666667	0.320987654321	0.0
júp-	0.0	1.0	0.0	0.0
núc-	0.574647402821	0.334881320949	0.0505675954593	0.0399036807705
túú-	0.0	0.824817518248	0.175182481752	0.0
gen-	0.0328373524885	0.86557208825	0.0969728065675	0.00461775269369
raz-	0.0648593868761	0.916898910565	0.0121611350393	0.00608056751963
síh-	0.0446033151968	0.869353410097	0.0645324560293	0.0215108186765
gru-	0.0550351436887	0.885290491503	0.0123924399761	0.0472819248319
jam-	0.226804123711	0.711340206186	0.0618556701031	0.0
vāt-	0.404172731684	0.295972828724	0.151382823872	0.14847161572
por-	0.149659863946	0.65306122449	0.00680272108844	0.190476190476
núu-	0.267959073775	0.0942380183091	0.519870759289	0.117932148627
alf-	0.0	1.0	0.0	0.0
pas-	0.0483941926969	0.915416601621	0.0153271929949	0.0208620126875
cos-	0.250423148223	0.600145079391	0.0501329894415	0.0992987829451
táā-	0.469259723965	0.487801477764	0.00920117105815	0.0337376272132
hor-	0.0468760074795	0.834676639371	0.0131536527178	0.105293700432
cāt-	0.763596310065	0.194547707559	0.0115654688145	0.0302905135619
nīn-	0.330275229358	0.545871559633	0.0963302752294	0.0275229357798
put-	0.0	1.0	0.0	0.0
úxī-	0.0392599277978	0.585740072202	0.0108303249097	0.36416967509
ánō-	0.0994012177582	0.738281962175	0.0618508196885	0.100466000379
ped-	0.0143613746373	0.961368514506	0.018198331196	0.00607177966072
ntī-	0.349120433018	0.204330175913	0.377537212449	0.0690121786198
téy-	0.334584007435	0.368696430415	0.248829644418	0.0478899177309
yōh-	0.209090909091	0.409090909091	0.354545454545	0.0272727272727
mān-	0.46356284605	0.321532229038	0.105222046086	0.109682878826
yac-	0.206294836875	0.647815769427	0.0777674867236	0.0681219069749
oro-	0.00407851134336	0.697170532756	0.296711700229	0.00203925567168
asi-	0.00538116591928	0.988340807175	0.00627802690583	0.0
bot-	0.0	0.914110429448	0.0858895705521	0.0
nan-	0.333049334358	0.594507577428	0.0348322494846	0.0376108387292
níq-	0.847324293551	0.084256288169	0.0171824862851	0.0512369319946
uva-	0.0662814837157	0.908903773612	0.00391811726398	0.0208966254079
jáv-	0.2	0.666666666667	0.0888888888889	0.0444444444445
líl-	0.0471622701838	0.757793764988	0.0943245403677	0.10071942446
síq-	0.127945776288	0.377719736594	0.0209095771421	0.473424909976
mue-	0.0775862068965	0.810344827586	0.100574712644	0.0114942528736
nsu-	0.343434343434	0.494949494949	0.0808080808081	0.0808080808081
sūc-	0.0765363759603	0.762271238138	0.0814787618617	0.0797136240398
mel-	0.0360934182591	0.95881104034	0.00254777070064	0.00254777070064
cue-	0.524810597665	0.293054685002	0.10305116716	0.0790835501726
cáj-	0.344521788881	0.20291789835	0.246972442071	0.205587870697
ñii-	0.0858211742524	0.881959272274	0.0164026817684	0.0158168717052
jíí-	0.00231148364975	0.00106732540085	0.00190629169298	0.994714899256
arc-	0.128166915052	0.809239940388	0.0447093889717	0.0178837555887
jeé-	0.0489608313349	0.114541699973	0.730415667466	0.106081801226
yuc-	0.0464283711278	0.897721111963	0.0450543082014	0.010796208708
tee-	0.858067845574	0.0807244191095	0.0165650163238	0.0446427189927
nēn-	0.326134259838	0.454744284333	0.0662460215296	0.152875434299
ncā-	0.946950486092	0.0307307319313	0.0019232943934	0.020395487583
pud-	0.0	1.0	0.0	0.0
dio-	0.0184444480125	0.939967416694	0.00574945491864	0.0358386803744
ndī-	0.16874951411	0.365317836689	0.363380756174	0.102551893027
tāa-	0.0443039548223	0.876933458827	0.0787625863508	0.0
bab-	0.0293890177881	0.916988914669	0.0304202113947	0.0232018561485
ita-	0.0	0.833887043189	0.159468438538	0.00664451827242
tuh-	0.866987428217	0.106937761912	0.0	0.0260748098711
ji--	0.178297218905	0.407658371316	0.102493479904	0.311550929875
tūū-	0.123782234957	0.133524355301	0.742693409742	0.0
láz-	0.0304080061586	0.960739030023	0.00230946882217	0.00654349499615
cac-	0.595450270212	0.155813149829	0.0306428568325	0.218093723126
tūu-	0.563554555681	0.254218222722	0.128233970754	0.0539932508436
moi-	0.0651154898509	0.901534915619	0.0133271116579	0.0200224828727
stá-	0.396845389759	0.410921787226	0.134529480767	0.0577033422484
ñuj-	0.11356466877	0.829652996846	0.0567823343848	0.0
cor-	0.12546235238	0.809391872583	0.0398969159867	0.0252488590511
jēh-	0.552676434846	0.215613179493	0.00982978135109	0.22188060431
ali-	0.05	0.225	0.65	0.075
jud-	0.0179823702253	0.974652301665	0.0032125367287	0.004152791381
cúy-	0.254077883909	0.288905216752	0.440705363703	0.0163115356356
jañ-	0.0830039525692	0.75395256917	0.00296442687747	0.160079051383
uzí-	0.0	1.0	0.0	0.0
cis-	0.0	1.0	0.0	0.0
tīn-	0.118873923641	0.829427094315	0.0292651660187	0.0224338160258
neē-	0.0191318327974	0.895176848875	0.0800643086817	0.0056270096463
tiū-	0.0160108548168	0.938398914518	0.0431478968792	0.00244233378562
iyó-	0.281607761114	0.259495400851	0.0532130661786	0.405683771857
ítē-	0.379310344828	0.620689655172	0.0	0.0
nin-	0.543295502312	0.334436738125	0.0407208911307	0.0815468684322
lás-	0.0221790425552	0.977820957445	0.0	0.0
sút-	0.875	0.09375	0.0	0.03125
nsē-	0.563758389262	0.375838926174	0.0604026845638	0.0
paj-	0.151898734177	0.791139240506	0.0443037974684	0.0126582278481
ncu-	0.426468209437	0.212671319948	0.110378578446	0.25048189217
sét-	0.529411764706	0.396284829721	0.0557275541796	0.0185758513932
cie-	0.0138100141227	0.0955755989053	0.0690500706136	0.821564316358
coh-	0.649207289969	0.343013779819	0.00111127574455	0.00666765446733
vol-	0.0	0.968299711816	0.0172910662824	0.014409221902
xic-	0.0367832959136	0.160212832094	0.0120976173227	0.790906254669
gal-	0.0114404145078	0.970321243523	0.0151709844559	0.00306735751295
chá-	0.163257983495	0.271020212893	0.185264920464	0.380456883148
yav-	0.108140649736	0.751610961225	0.093647572967	0.0466008160717
nún-	0.243362258775	0.364978629711	0.329490998575	0.0621681129387
inī-	0.125222300729	0.060543967318	0.00650765817012	0.807726073782
ins-	0.117647058824	0.529411764706	0.352941176471	0.0
esr-	0.0	1.0	0.0	0.0
xīn-	0.0982274216951	0.454559290563	0.0217386892864	0.425474598456
jue-	0.304387070064	0.512337616622	0.154337105948	0.0289382073653
and-	0.0105419519554	0.892661018916	0.0729024022281	0.0238946269003
nté-	0.465191706243	0.305455809105	0.0806208733928	0.148731611259
ALL	0.251986006174	0.320958896535	0.0596491310895	0.367405966201
ana-	0.0384231536926	0.955588822355	0.0	0.00598802395209
tāx-	0.138211382114	0.666666666667	0.19512195122	0.0
jāx-	0.697766097241	0.183968462549	0.0709592641262	0.0473061760841
sám-	0.382840428989	0.515437114072	0.0682482937927	0.0334741631459
nāá-	0.205128205128	0.307692307692	0.410256410256	0.0769230769231
vāh-	0.137606452161	0.196800453762	0.362679567619	0.302913526458
teñ-	0.72247706422	0.182339449541	0.0814220183486	0.0137614678899
mae-	0.0170048547539	0.959100240535	0.00581513167749	0.0180797730336
cil-	0.0	1.0	0.0	0.0
per-	0.0627009646303	0.870693615067	0.0610932475885	0.00551217271474
heb-	0.0236561946601	0.823063529119	0.132489521566	0.0207907546549
nef-	0.0	1.0	0.0	0.0
arm-	0.0	1.0	0.0	0.0
cal-	0.0520346897932	0.891927951968	0.0520346897932	0.00400266844563
ntú-	0.109492148819	0.867166501627	0.0148535860801	0.00848776347432
yúh-	0.234392207729	0.322189863195	0.39316218399	0.050255745087
zor-	0.0	1.0	0.0	0.0
víj-	0.197798063227	0.243825529208	0.462971091741	0.095405315823
jāá-	0.482389769006	0.122236877996	0.101717134554	0.293656218444
níh-	0.458969050941	0.286072923577	0.0613033831233	0.193654642359
yuh-	0.14498715936	0.527901394775	0.0753060428143	0.251805403051
lid-	0.00684931506848	0.993150684932	0.0	0.0
ñan-	0.0281606955844	0.820380428164	0.0242943081906	0.127164568061
nū--	0.548780487805	0.280487804878	0.109756097561	0.0609756097561
nān-	0.03125	0.875	0.0	0.09375
ata-	0.0	1.0	0.0	0.0
tie-	0.0711780641101	0.784508890543	0.0280107745555	0.116302270791
far-	0.00609379570347	0.991224934187	0.00121875914069	0.00146251096883
ces-	0.0156950672646	0.962070254111	0.0112107623318	0.011023916293
tāv-	0.116857822982	0.189352953906	0.274832287384	0.418956935728
ūnā-	0.0	0.0142517814727	0.166270783848	0.819477434679
rud-	0.0434782608696	0.95652173913	0.0	0.0
jan-	0.385187618939	0.340322010835	0.0864368473128	0.188053522913
uhv-	0.323957810146	0.537920642893	0.0979407332998	0.0401808136615
īñū-	0.0390956194065	0.0471031559115	0.384361752237	0.529439472445
sāá-	0.108269296938	0.0551580544699	0.0140277201867	0.822544928406
tac-	0.130909090909	0.785454545455	0.0763636363636	0.00727272727272
mes-	0.0520384436521	0.902201209115	0.0035343357619	0.0422260114711
nsā-	0.674340652828	0.0775299145113	0.0277745171265	0.220354915534
yós-	0.580639444329	0.215459997523	0.00572575670306	0.198174801445
num-	0.317771084337	0.625753012048	0.027108433735	0.0293674698795
ntū-	0.251383399209	0.637154150198	0.0474308300395	0.0640316205533
suc-	0.0726685506661	0.178542591845	0.732640290674	0.0161485668147
cuh-	0.428275016505	0.370083938508	0.0961991889088	0.105441856078
saú-	0.490654205607	0.481308411215	0.0280373831776	0.0
ami-	0.0435607694298	0.911972742172	0.0263521090313	0.0181143793669
tán-	0.248923299619	0.713599031069	0.0215720271635	0.0159056421482
ni--	0.0201342281879	0.0805369127517	0.0402684563758	0.859060402685
cás-	0.374390848927	0.508884283389	0.0945586743697	0.0221661933143
chi-	0.21780666293	0.0442961170758	0.00850254560734	0.729394674387
yōs-	0.0592459605027	0.872531418312	0.068222621185	0.0
níc-	0.346955391556	0.0926603722848	0.0224834921868	0.537900743972
nuj-	0.24	0.76	0.0	0.0
jáñ-	0.672968490879	0.20232172471	0.0948590381426	0.0298507462686
nsi-	0.692899256601	0.158933606768	0.0799794924378	0.0681876441938
nīh-	0.556095593352	0.186791503217	0.102984703101	0.15412820033
jai-	0.139103554869	0.749613601237	0.0463678516229	0.064914992272
tal-	0.0	1.0	0.0	0.0
nañ-	0.183435020138	0.379909877577	0.381026438569	0.0556286637158
ndé-	0.484054370761	0.127120771356	0.031335214574	0.357489643308
asó-	0.0472440944882	0.850393700787	0.0	0.102362204724
jeh-	0.659694742793	0.124929338609	0.0228942905596	0.192481628038
rod-	0.019801980198	0.980198019802	0.0	0.0
júh-	0.413934426229	0.463114754098	0.0	0.122950819672
jée-	0.514860977948	0.454458293384	0.0153403643336	0.0153403643336
ndū-	0.198823835207	0.707836766521	0.0442133991812	0.0491259990903
vēe-	0.233009708738	0.169902912621	0.567961165049	0.0291262135922
taz-	0.15977443609	0.783834586466	0.0451127819549	0.0112781954887
loc-	0.0944881889763	0.338582677165	0.433070866142	0.133858267716
īī--	0.293724966622	0.369826435247	0.0961281708946	0.240320427236
cāc-	0.611685740511	0.244160669472	0.0472065443467	0.0969470456699
gól-	0.0117647058824	0.988235294118	0.0	0.0
jás-	0.492671637953	0.249421445101	0.0926973515043	0.165209565441
hig-	0.0144040331293	0.949945984876	0.0270075621174	0.00864241987757
sív-	0.0663367951715	0.904627263335	0.00271872111358	0.0263172203796
cāh-	0.560021301301	0.186526383391	0.1250764357	0.128375879607
ben-	0.0	0.969072164948	0.0309278350515	0.0
dió-	0.153846153846	0.769230769231	0.0461538461538	0.0307692307692
veh-	0.0817019500567	0.844072301494	0.0234040780605	0.0508216703887
seg-	0.218491564671	0.640092623222	0.0942772080715	0.0471386040357
pue-	0.184296619411	0.693565976009	0.082878953108	0.0392584514722
pin-	0.0	0.830827067669	0.169172932331	0.0
vās-	0.422222222222	0.377777777778	0.155555555556	0.0444444444444
yíy-	0.19987699877	0.673208095717	0.107905624511	0.0190092810019
vān-	0.428571428571	0.505714285714	0.0228571428571	0.0428571428571
ñuh-	0.0460857908847	0.903485254692	0.0169973190349	0.0334316353887
der-	0.258961847312	0.700618588389	0.0249740653936	0.015445498905
lam-	0.00678733031674	0.97963800905	0.0135746606335	0.0
nar-	0.0306748466258	0.871165644172	0.0981595092024	0.0
sáv-	0.213869086196	0.569021386909	0.0226830848996	0.194426441996
snú-	0.440561443712	0.124892580922	0.0704669149241	0.364079060441
act-	0.324245374878	0.599805258033	0.0584225900681	0.0175267770204
cua-	0.295921375921	0.543849303849	0.127862407862	0.0323669123669
dám-	0.0	1.0	0.0	0.0
adi-	0.0	1.0	0.0	0.0
siá-	0.60780223662	0.164453067867	0.146745075073	0.0809996204404
sat-	0.283038531386	0.647251738086	0.0344292291888	0.0352805013391
sóc-	0.319070724893	0.55344802235	0.0877812086458	0.0397000441112
sió-	0.0280898876404	0.97191011236	0.0	0.0
esl-	0.0	1.0	0.0	0.0
saf-	0.0	1.0	0.0	0.0
ntu-	0.329591138386	0.539333837933	0.0212113108862	0.109863712795
íyo-	0.281341052711	0.334506376055	0.151927952473	0.232224618761
sām-	0.6230248307	0.336343115124	0.0270880361174	0.0135440180587
tām-	0.02673002673	0.823581823582	0.05346005346	0.0962280962281
yaa-	0.0825174825175	0.0615384615384	0.830769230769	0.0251748251748
sec-	0.410334346505	0.562310030395	0.0182370820669	0.00911854103344
sun-	0.0504755167943	0.0452356206572	0.099913273801	0.804375588748
nā--	0.177551633565	0.329758402219	0.0316378534507	0.461052110766
stī-	0.102105263158	0.893157894737	0.00473684210527	0.0
yā--	0.40925648168	0.227305192486	0.0335690307835	0.32986929505
luz-	0.0522669540451	0.74990377954	0.197829266415	0.0
fle-	0.112712975098	0.887287024902	0.0	0.0
sōh-	0.303951706669	0.641865597795	0.0488965788989	0.00528611663771
stí-	0.534945936447	0.265314560979	0.113328784966	0.0864107176084
ban-	0.0740044637613	0.925995536239	0.0	0.0
ñúū-	0.133831750522	0.720347544959	0.0626389169529	0.0831817875665
mīn-	0.0824742268041	0.917525773196	0.0	0.0
cus-	0.347856254631	0.40742726285	0.156613837441	0.0881026450781
ído-	0.033479473894	0.863092865684	0.091669988043	0.0117576723794
tey-	0.164827078734	0.835172921266	0.0	0.0
iin-	0.0106317933856	0.126962282229	0.0138590596414	0.848546864744
vít-	0.349056603774	0.537735849057	0.0377358490566	0.0754716981132
ūnī-	0.00765727642767	0.0455809454721	0.228428646274	0.718333131826
tás-	0.0960743801653	0.773760330579	0.130165289256	0.0
sá--	0.463463463464	0.228228228228	0.04004004004	0.268268268268
jíc-	0.567178575648	0.257467470062	0.0796712355822	0.0956827187075
tra-	0.0807672892478	0.878849066128	0.0252397778899	0.015143866734
nsū-	0.0417068217044	0.0376886854729	0.0176884322746	0.902916060548
jéc-	0.47670058918	0.359935725763	0.0964113551152	0.0669523299411
sóh-	0.464516129032	0.202419354839	0.24435483871	0.0887096774193
nam-	0.453962437013	0.51672010994	0.00549702244617	0.0238204306001
arq-	0.17	0.81	0.02	0.0
tī--	0.523510971787	0.363636363636	0.0	0.112852664577
juh-	0.812281926029	0.129099790649	0.0565247732031	0.00209351011863
uxī-	0.181526472611	0.0696768278707	0.0	0.748796699519
yūt-	0.0100502512563	0.986402601242	0.0	0.00354714750222
cūs-	0.562776957164	0.23929098966	0.0177252584934	0.180206794682
oli-	0.0234136409908	0.960298608755	0.0101798439091	0.00610790634544
síj-	0.912863070539	0.0871369294606	0.0	0.0
luc-	0.106314695114	0.827871446006	0.0259458482123	0.0398680106676
yuū-	0.0357142857143	0.928571428571	0.0	0.0357142857143
gan-	0.127331711273	0.8499594485	0.0129764801298	0.00973236009735
ñun-	0.168354034026	0.672894269909	0.115123682288	0.0436280137773
jec-	0.807019750912	0.11347339288	0.0216379418795	0.0578689143289
dec-	0.0168776371308	0.713080168776	0.00843881856539	0.261603375527
ciu-	0.0781828816534	0.772324039774	0.00658023006434	0.142912848509
órd-	0.407407407407	0.567901234568	0.0246913580247	0.0
eli-	0.0415065334358	0.943593685331	0.0	0.0148997812334
cán-	0.237719664954	0.460219268342	0.0786396747744	0.223421391929
nay-	0.791383219955	0.0839002267574	0.0453514739229	0.0793650793651
tūh-	0.223652650394	0.390023681466	0.0358894915467	0.350434176593
tún-	0.614388791141	0.331939758842	0.0286516763249	0.0250197736921
chū-	0.576732673268	0.267326732673	0.0408415841584	0.115099009901
col-	0.0	1.0	0.0	0.0
vit-	0.061972365384	0.376798305246	0.508110159041	0.0531191703291
yát-	0.151214984446	0.707700340094	0.0362428663626	0.104841809098
var-	0.115942028986	0.826086956522	0.0289855072464	0.0289855072463
nán-	0.70925034927	0.191776383406	0.0313559351559	0.0676173321673
ene-	0.273542600897	0.63976083707	0.0642750373692	0.0224215246637
pan-	0.0672529746508	0.783755819969	0.135023279876	0.0139679255044
nén-	0.488417459156	0.35552304316	0.120458424774	0.035601072909
táh-	0.188500328161	0.337036338241	0.114477933338	0.35998540026
cūh-	0.0064935064935	0.980519480519	0.0	0.012987012987
aná-	0.0251748251748	0.916083916084	0.0587412587412	0.0
tor-	0.0	0.694444444444	0.305555555556	0.0
cuē-	0.547353718726	0.316250411497	0.0503207002342	0.0860751695429
roj-	0.0932835820895	0.839552238806	0.0671641791045	0.0
nuū-	0.255151009533	0.721653444145	0.0115977731606	0.0115977731606
nah-	0.240616683491	0.318206845921	0.260851610535	0.180324860053
xah-	0.134328358209	0.855721393035	0.00995024875623	0.0
tét-	0.359462118727	0.535257461463	0.039357166284	0.0659232535258
ema-	0.054945054945	0.85347985348	0.054945054945	0.0366300366301
cre-	0.0354243542435	0.964575645756	0.0	0.0
mai-	0.0	1.0	0.0	0.0
ō-n-	0.230603448276	0.588362068966	0.14224137931	0.0387931034483
pen-	0.0126582278481	0.974683544304	0.0126582278481	0.0
rab-	0.0677966101695	0.762711864407	0.0	0.169491525424
ape-	0.107142857143	0.892857142857	0.0	0.0
ó-n-	0.195121951219	0.490514905149	0.10162601626	0.212737127371
các-	0.361673928564	0.134163251573	0.0279164874507	0.476246332412
fav-	0.295118139193	0.434586742668	0.0606784959089	0.20961662223
fre-	0.281837160752	0.505219206681	0.131524008351	0.0814196242171
aja-	0.0799515445185	0.693519079346	0.0	0.226529376136
joe-	0.342007434944	0.579925650558	0.0223048327138	0.0557620817844
ñáh-	0.070557473495	0.675725696076	0.233697628337	0.0200192020918
yāā-	0.0226369945562	0.415035979017	0.00568796820828	0.556639058219
núú-	0.450616113744	0.445497630332	0.0511848341232	0.052701421801
alb-	0.148936170213	0.68085106383	0.148936170213	0.0212765957447
bas-	0.59649122807	0.333333333333	0.0701754385965	0.0
téc-	0.33449250163	0.535163163288	0.115689135902	0.0146551991803
nīñ-	0.0195365880817	0.966696697001	0.0052637439391	0.00850297097855
túū-	0.0168554225152	0.0898071841818	0.893337393303	0.0
xií-	0.159944899365	0.24361623428	0.181883115227	0.414555751129
vīt-	0.144783110419	0.82374230036	0.0188847535329	0.0125898356886
pól-	0.0694444444444	0.930555555556	0.0	0.0
iñu-	0.0376116596145	0.848142924306	0.114245416079	0.0
íyú-	0.341637010676	0.434163701068	0.0533807829181	0.170818505338
pun-	0.220925110132	0.448237885463	0.277973568282	0.0528634361233
tīs-	0.0433070866142	0.948818897638	0.00787401574803	0.0
jīh-	0.501755890749	0.190468298284	0.223379147103	0.0843966638645
fir-	0.366576819407	0.425876010782	0.161725067385	0.0458221024259
sáj-	0.557964970809	0.234361968307	0.115095913261	0.092577147623
tah-	0.340425531915	0.552178318136	0.0303951367781	0.0770010131713
cai-	0.00422237860661	0.995777621393	0.0	0.0
tút-	0.419192644735	0.203562706508	0.0525786524924	0.324665996265
zap-	0.333333333333	0.579710144928	0.0869565217391	0.0
táx-	0.662162162162	0.283783783784	0.0540540540541	0.0
yīc-	0.548258511855	0.375108394072	0.0228990589404	0.0537340351326
náx-	0.64367816092	0.32183908046	0.0229885057471	0.0114942528736
era-	0.0	1.0	0.0	0.0
cúv-	0.42015321155	0.398350029464	0.10135533294	0.080141426046
veñ-	0.123552123552	0.791505791506	0.0579150579151	0.027027027027
cáy-	0.437592836459	0.471745664274	0.0537924895648	0.0368690097017
sēh-	0.0345938124023	0.92310938624	0.0142407846767	0.0280560166813
tih-	0.48	0.0533333333333	0.373333333333	0.0933333333333
inf-	0.0248294093779	0.954921363557	0.0202492270655	0.0
ñií-	0.054820415879	0.109640831758	0.756143667297	0.0793950850662
méd-	0.0357142857143	0.946428571429	0.0178571428571	0.0
hoz-	0.0	1.0	0.0	0.0
jēē-	0.262335526316	0.498766447368	0.125	0.113898026316
jāh-	0.734265734266	0.206293706294	0.0524475524476	0.00699300699302
yiq-	0.0274863242535	0.896998515105	0.0489822863187	0.0265328743232
sūt-	0.0206643226149	0.961971360663	0.0125714510205	0.00479286570155
ndí-	0.261692866762	0.494369343123	0.166267799607	0.0776699905081
jét-	0.614180321616	0.188073244532	0.107701863805	0.0900445700462
cós-	0.465178452079	0.291538564363	0.066835984494	0.176446999064
met-	0.350210970464	0.513361462729	0.0295358649789	0.106891701828
pon-	0.0898550724637	0.901449275362	0.00579710144928	0.00289855072464
jéh-	0.530599787107	0.287714014835	0.0630132900757	0.118672907983
cut-	0.39623624	0.515577003538	0.0608403824627	0.0273463739989
mna-	0.129032258065	0.806451612903	0.0322580645161	0.0322580645161
jén-	0.377661132934	0.423114167765	0.114513089693	0.0847116096085
nūc-	0.4819553839	0.132313305267	0.024164334354	0.361566976479
ntí-	0.679471788715	0.19087635054	0.0720288115247	0.0576230492197
saj-	0.456647398844	0.456647398844	0.0751445086705	0.0115606936416
tūy-	0.676519428761	0.288608435736	0.0348721355031	0.0
ján-	0.574961808275	0.261954117998	0.0409181593536	0.122165914373
véh-	0.68085106383	0.0212765957447	0.255319148936	0.0425531914894
azu-	0.0594855305466	0.935691318328	0.0048231511254	0.0
név-	0.711705118823	0.169163810037	0.0617417093556	0.0573893617841
yaā-	0.323899371069	0.666666666667	0.00707547169811	0.00235849056603
yúy-	0.307646710136	0.640189685833	0.0213396561944	0.0308239478364
juz-	0.0208333333333	0.822916666667	0.145833333333	0.0104166666667
ele-	0.0	1.0	0.0	0.0
mat-	0.0322725235321	0.967727476468	0.0	0.0
néh-	0.0586839882756	0.396337373938	0.517468577674	0.0275100601123
ged-	0.0666666666667	0.933333333333	0.0	0.0
sih-	0.0208333333333	0.958333333333	0.0208333333333	0.0
tró-	0.0416666666667	0.927083333333	0.03125	0.0
mad-	0.179220779221	0.68051948052	0.0467532467532	0.0935064935065
sol-	0.0800663943914	0.855373796056	0.0288291436434	0.0357306659095
jáx-	0.353216612378	0.597923452769	0.0458061889251	0.00305374592834
tíi-	0.166427070662	0.600403012766	0.046788799194	0.186381117377
xín-	0.0590893291624	0.916000463446	0.024910207392	0.0
siú-	0.592920353982	0.176991150442	0.159292035398	0.070796460177
jul-	0.0118343195266	0.988165680473	0.0	0.0
jáq-	0.308425635091	0.551606326114	0.0677797983137	0.0721882404806
nti-	0.855567523209	0.111094014464	0.00974508898805	0.0235933733395
chī-	0.119041325895	0.246898120565	0.0927823213996	0.54127823214
tiv-	0.621915103653	0.296150049358	0.0463968410662	0.035538005923
xíñ-	0.227274405376	0.517734798349	0.220219324056	0.0347714722194
stē-	0.272727272727	0.508094645081	0.0298879202989	0.189290161893
táv-	0.630388262854	0.066313783117	0.0157160508745	0.287581903155
cóh-	0.656787326758	0.132332814196	0.121603976906	0.0892758821401
rag-	0.0	1.0	0.0	0.0
feb-	0.142857142857	0.857142857143	0.0	0.0
xīt-	0.0857142857143	0.914285714286	0.0	0.0
dom-	0.0245106382979	0.862468085106	0.0231489361702	0.0898723404255
amé-	0.0290624738647	0.130634774609	0.00752697164841	0.832775779878
inu-	0.237018194997	0.289502473204	0.186446706981	0.287032624818
quī-	0.265854621132	0.505098759837	0.0163683419325	0.212678277098
tre-	0.03125	0.78125	0.0	0.1875
val-	0.182102197961	0.657647867834	0.0728408791843	0.0874090550211
gay-	0.016	0.984	0.0	0.0
via-	0.128571428571	0.828571428571	0.0428571428571	0.0
gob-	0.0597693001675	0.906882330197	0.0111161232118	0.0222322464235
ñús-	0.574468085107	0.367021276596	0.0265957446809	0.031914893617
dan-	0.0293438391523	0.858171444097	0.11248471675	0.0
sōc-	0.354422249342	0.324876356863	0.296422377802	0.0242790159933
lug-	0.0548138125285	0.854474160189	0.0323083932788	0.0584036340039
úhg-	0.0	0.769662921348	0.230337078652	0.0
cáx-	0.0	0.969758064516	0.0302419354839	0.0
sás-	0.884615384615	0.0961538461538	0.0192307692308	0.0
gre-	0.0365853658536	0.879790940767	0.0574912891986	0.0261324041812
ser-	0.0651162790698	0.832558139535	0.102325581395	0.0
liv-	0.0	1.0	0.0	0.0
scó-	0.544485503127	0.364909039227	0.00639567936328	0.0842097782831
nás-	0.573014471868	0.267994007065	0.0930084273338	0.0659830937326
ndi-	0.12927536717	0.25486022201	0.13795038807	0.477914022749
cri-	0.0120456787094	0.950388700214	0.006657035048	0.0309085860287
mis-	0.0	1.0	0.0	0.0
scá-	0.454801727792	0.403332193133	0.0999127255973	0.0419533534783
jēc-	0.689395942885	0.218152387772	0.0193618213697	0.0730898479732
eun-	0.0286396181384	0.742243436754	0.229116945107	0.0
sac-	0.580487824833	0.320829244945	0.0178196262507	0.080863303971
váh-	0.0511628541048	0.409480055621	0.483285013617	0.0560720766572
apó-	0.0376350242376	0.916141837475	0.0350013359289	0.0112218023589
cóo-	0.496899167538	0.149971421795	0.0508575405635	0.302271870103
nac-	0.471092801959	0.435145681142	0.0320520980879	0.0617094188108
agr-	0.0450160771704	0.922829581994	0.0273311897106	0.0048231511254
cuū-	0.404559608193	0.511769338695	0.0243314713108	0.0593395818012
jít-	0.382019086629	0.489737062112	0.0669141712248	0.0613296800346
naq-	0.73616685634	0.114030486133	0.0119417530358	0.137860904491
tūt-	0.294642857143	0.5625	0.125	0.0178571428571
luu-	0.038338658147	0.363304427202	0.592879963487	0.00547695116385
cad-	0.0755476084041	0.893607510058	0.0201162270898	0.0107286544479
fél-	0.00224047796864	0.988050784167	0.00746825989544	0.00224047796863
nūq-	0.150943396226	0.754716981132	0.0377358490566	0.056603773585
tat-	0.0398739940802	0.9426898072	0.00294211567068	0.0144940830493
íñú-	0.115786652372	0.807022246047	0.0771911015813	0.0
bit-	0.0185185185185	0.981481481481	0.0	0.0
sté-	0.558162526085	0.372871497281	0.0225874790675	0.0463784975665
yii-	0.707924974654	0.234285231497	0.0288948969246	0.0288948969246
zar-	0.0863309352518	0.741007194245	0.172661870504	0.0
soc-	0.0380936174547	0.0217952807138	0.0113463840503	0.928764717781
ōcō-	0.0143250688705	0.0424242424242	0.0126721763085	0.930578512397
jín-	0.796887241246	0.0963719998171	0.0274552621811	0.0792854967558
uhg-	0.327082432014	0.228243566759	0.444674001227	0.0
tēe-	0.00994255365964	0.361694423166	0.0172245061931	0.611138516982
xeē-	0.217334636689	0.530465949821	0.210492016944	0.0417073965462
cuá-	0.31174256725	0.318709088091	0.251975910678	0.117572433981
cāx-	0.398351648352	0.531593406594	0.0453296703297	0.0247252747253
síí-	0.23078294136	0.273423567402	0.183355787298	0.31243770394
cūt-	0.639651890128	0.216888768017	0.0407941256459	0.102665216209
yūc-	0.277812749171	0.533761383189	0.0281170002937	0.160308867347
ndó-	0.146839137986	0.118041049043	0.0356050508133	0.699514762158
tív-	0.42600896861	0.436098654709	0.131165919283	0.00672645739911
yíh-	0.258197090365	0.249037207052	0.0680405095525	0.42472519303
mos-	0.048957273652	0.927517802645	0.0178026449644	0.00572227873856
xih-	0.0951574870343	0.161332344141	0.246322748282	0.497187420542
lūl-	0.367346938776	0.387755102041	0.0994897959183	0.145408163265
sur-	0.0295169946333	0.331842576029	0.289803220036	0.348837209302
yic-	0.840918522617	0.105593212524	0.0147553834094	0.0387328814497
nax-	0.723270440252	0.276729559748	0.0	0.0
tīv-	0.267543859649	0.473684210526	0.214912280702	0.0438596491228
fri-	0.0508474576271	0.870056497175	0.0790960451978	0.0
jác-	0.740480831709	0.232228719948	0.0218323586745	0.00545808966861
pla-	0.0327615234108	0.89784774992	0.0666605997179	0.00273012695091
mac-	0.016292798111	0.95867768595	0.0198347107438	0.00519480519481
ico-	0.0	0.984126984127	0.015873015873	0.0
bet-	0.0336112558624	0.951276706618	0.00156331422616	0.0135487232934
elm-	0.0	1.0	0.0	0.0
jāt-	0.0863309352518	0.89928057554	0.00863309352518	0.00575539568345
pér-	0.025641025641	0.974358974359	0.0	0.0
jēé-	0.524682651622	0.339915373766	0.118476727786	0.0169252468265
sal-	0.113096156814	0.867224880383	0.00926068837784	0.0104182744251
cūm-	0.0135822814611	0.00887375722124	0.124956989442	0.852586971876
xíh-	0.0673539040189	0.261628473915	0.605265724037	0.0657518980288
nih-	0.197575213291	0.688819039066	0.1014818141	0.0121239335429
neá-	0.0	1.0	0.0	0.0
cim-	0.110056925996	0.878557874763	0.0	0.011385199241
cōn-	0.0891590678824	0.789260385005	0.0243161094225	0.0972644376899
jīt-	0.499733090951	0.296225761773	0.0225069252078	0.181534222068
īyá-	0.428571428571	0.452380952381	0.0714285714286	0.047619047619
gab-	0.0	1.0	0.0	0.0
cam-	0.0453460620525	0.910392709915	0.0351486222608	0.00911260577131
nsa-	0.71136400927	0.167154454992	0.061417878068	0.0600636576697
stā-	0.153623292632	0.82749870294	0.0082960482044	0.0105819562236
sim-	0.0126687826134	0.982731723062	0.00145247189198	0.00314702243262
yun-	0.0410256410256	0.917948717949	0.0	0.0410256410256
teē-	0.0332925149242	0.936399816317	0.00918414204806	0.0211235267106
nī--	0.283975659229	0.30831643002	0.15415821501	0.25354969574
xeh-	0.102850956333	0.864669794298	0.0324792493684	0.0
min-	0.0879120879121	0.538461538462	0.373626373626	0.0
tuc-	0.0924416320285	0.053957027938	0.0586057861323	0.794995553901
sēt-	0.858695652174	0.0760869565217	0.0543478260869	0.0108695652174
ich-	0.115643522188	0.348844156305	0.013338933122	0.522173388385
ren-	0.00967741935484	0.979435483871	0.0108870967742	0.0
téē-	0.0101719544684	0.104383627997	0.838459675466	0.0469847420683
pañ-	0.060606060606	0.927272727273	0.0121212121212	0.0
cúj-	0.554226669921	0.256691888374	0.117809779513	0.0712716621918
nee-	0.602591792657	0.244060475162	0.0907127429805	0.0626349892008
chí-	0.347197131692	0.487294923315	0.122793927887	0.0427140171066
lul-	0.125977081278	0.361614935114	0.455642407225	0.0567655763831
tab-	0.0372480280455	0.946976336547	0.0157756354075	0.0
naz-	0.00394996708361	0.992100065833	0.00394996708361	0.0
dē--	0.259884849063	0.179088335401	0.0421477876388	0.518879027897
jic-	0.596346742688	0.139020870728	0.0312093055995	0.233423080984
cui-	0.251619352962	0.213234148089	0.0699222983633	0.465224200585
sel-	0.316355404641	0.675155631013	0.00509337860781	0.00339558573854
cav-	0.184685619423	0.766756588504	0.0149408590994	0.0336169329737
cúc-	0.250446672334	0.395344382495	0.279315918168	0.0748930270035
yií-	0.0584856278538	0.838807627378	0.0429974734027	0.0597092713656
ñīh-	0.322784810127	0.0379746835443	0.544303797468	0.0949367088607
tej-	0.0677966101695	0.864406779661	0.0677966101695	0.0
nca-	0.231360309777	0.132490529759	0.00699386864691	0.629155291818
nāv-	0.451281853282	0.284980694981	0.17366023166	0.0900772200772
cát-	0.32959277964	0.216654179322	0.0924292795077	0.36132376153
jih-	0.703244318971	0.19123432221	0.0916369695007	0.0138843893183
ray-	0.0	0.908256880734	0.0917431192661	0.0
rut-	0.0	1.0	0.0	0.0
jah-	0.730602237319	0.222148439495	0.0231904786229	0.0240588445625
not-	0.0882352941176	0.794117647059	0.0588235294118	0.0588235294117
nuú-	0.415568862275	0.281437125749	0.190419161677	0.112574850299
ñūt-	0.228710462287	0.657745336577	0.043795620438	0.0697485806975
tīñ-	0.252462835051	0.480030411362	0.193548908911	0.0739578446756
yíñ-	0.247511584005	0.562725244551	0.12489274069	0.0648704307534
īñi-	0.664037289351	0.182502689136	0.0466116887773	0.106848332736
tay-	0.362989323843	0.188612099644	0.384341637011	0.0640569395018
toc-	0.339285714286	0.553571428571	0.0714285714286	0.0357142857143
cax-	0.101123595506	0.634831460674	0.196629213483	0.0674157303371
sue-	0.284426229508	0.715573770492	0.0	0.0
cub-	0.0545454545455	0.818181818182	0.0	0.127272727273
one-	0.0	1.0	0.0	0.0
ujā-	0.02466367713	0.0751121076233	0.012331838565	0.887892376682
āsī-	0.0566757493188	0.61689373297	0.319891008174	0.00653950953678
gog-	0.0344827586207	0.931034482759	0.0344827586207	0.0
cuī-	0.0633121304708	0.715590125753	0.199030214542	0.0220675292335
sīí-	0.412853470437	0.256041131105	0.0863753213367	0.244730077121
cot-	0.503899242119	0.300333174679	0.110789733826	0.0849778493757
teh-	0.0689655172414	0.103448275862	0.827586206897	0.0
sil-	0.0372328837661	0.937615114966	0.0114867407363	0.0136652605312
ña--	0.0968191964286	0.150111607143	0.0689174107143	0.684151785714
tiō-	0.298826040555	0.592315901814	0.0960512273212	0.0128068303095
xīq-	0.450980392157	0.43137254902	0.117647058824	0.0
jas-	0.608289683444	0.294010475973	0.0523798679117	0.0453199726713
tús-	0.183930834872	0.0571237907233	0.00828645270069	0.750658921704
yāv-	0.150943396226	0.566037735849	0.245283018868	0.0377358490566
ndá-	0.113559357692	0.0581605769118	0.0104515540696	0.817828511326
ūxī-	0.0217645340345	0.102030382705	0.0197195442594	0.856485539001
chu-	0.650733244161	0.2457651387	0.0642240803781	0.0392775367601
yūú-	0.0618556701031	0.938144329897	0.0	0.0
xíc-	0.50193498452	0.493421052632	0.00464396284829	0.0
ndā-	0.126940832039	0.276330125993	0.114715129845	0.482013912123
nāh-	0.266489007328	0.601598934044	0.0359760159893	0.0959360426382
him-	0.0858895705521	0.837423312883	0.0460122699387	0.0306748466257
rei-	0.0125786163522	0.962264150943	0.0	0.0251572327044
egi-	0.00957230142566	0.923217922607	0.0647657841141	0.00244399185336
nsí-	0.525896414343	0.302788844621	0.0398406374502	0.131474103586
yút-	0.0775014459225	0.76980913823	0.111046847889	0.0416425679583
sau-	0.0484362263503	0.90136857008	0.0180187910249	0.0321764125445
sín-	0.643744582491	0.293845709333	0.0364056631032	0.0260040450737
cuí-	0.168879425875	0.337493560263	0.463743211533	0.0298838023287
vec-	0.103322072072	0.87865990991	0.0123873873874	0.00563063063064
pri-	0.028067361668	0.93825180433	0.0144346431435	0.019246190858
tro-	0.123341139735	0.875097580016	0.0	0.0015612802498
māh-	0.0768117112695	0.233517046831	0.0390831308757	0.650588111023
jāv-	0.116509243341	0.819842188538	0.0636485681213	0.0
taā-	0.325918944392	0.588312912347	0.0857681432611	0.0
ela-	0.0	1.0	0.0	0.0
ixi-	0.0492277992279	0.934845559846	0.00289575289575	0.0130308880309
sīh-	0.0232108317215	0.841392649903	0.12669245648	0.00870406189558
fin-	0.04604372219	0.394467014896	0.547881601857	0.0116076610563
ínī-	0.134736842105	0.266666666667	0.117894736842	0.480701754386
nag-	0.0	1.0	0.0	0.0
sīī-	0.27639058338	0.578205726705	0.0897960464633	0.055607643452
ích-	0.0268714011516	0.925143953935	0.0038387715931	0.0441458733205
arp-	0.0949781659389	0.901746724891	0.0032751091703	0.0
itu-	0.0	0.986013986014	0.013986013986	0.0
yáñ-	0.135849056604	0.839245283019	0.022641509434	0.00226415094339
tec-	0.296202531645	0.681012658228	0.0126582278481	0.0101265822785
cap-	0.0174779906784	0.947954427758	0.0174779906784	0.0170895908855
fen-	0.255882352941	0.689215686275	0.00196078431372	0.0529411764706
naā-	0.399487039757	0.280656778657	0.201279438942	0.118576742643
tam-	0.183673469388	0.591836734694	0.224489795918	0.0
que-	0.555753965997	0.196120148607	0.0749837314449	0.173142153951
tir-	0.0106063284426	0.983029874492	0.00424253137706	0.00212126568853
nāc-	0.268576814042	0.314792932507	0.0987058789841	0.317924374467
tīí-	0.330516431925	0.399061032864	0.0300469483568	0.240375586854
rob-	0.0	1.0	0.0	0.0
