-yer	0.022644102468	0.959791650751	0.00402944484981	0.0135348019314
-hey	0.536137482954	0.228587681633	0.0624250402278	0.172849795185
-hez	0.452548915214	0.475043258352	0.0	0.0724078264342
-cak	0.201388888889	0.569444444444	0.0277777777778	0.201388888889
-cah	0.0676895306859	0.898465703971	0.0203068592058	0.0135379061372
-cam	0.616535279365	0.255284696594	0.0711592402233	0.0570207838173
-car	0.311871561768	0.262410876032	0.363226910868	0.0624906513321
-rbe	0.0577777777778	0.942222222222	0.0	0.0
-cay	0.302103876462	0.128138495792	0.134349467545	0.435408160202
-əre	0.00846101778352	0.973386253154	0.0118454248969	0.0063073041659
-ɗak	0.136054421769	0.428571428571	0.204081632653	0.231292517007
-zim	0.0218340611354	0.754002911208	0.109170305677	0.11499272198
-bta	0.121673003802	0.878326996198	0.0	0.0
-nti	0.0149678191887	0.945367459961	0.0127226463104	0.0269420745397
-naŋ	0.424740081639	0.565992862034	0.00926705632667	0.0
-kfa	0.45945945946	0.177606177606	0.0	0.362934362934
-pus	0.0	1.0	0.0	0.0
-nta	0.302024010091	0.345985166592	0.145615062686	0.206375760632
-yen	0.0778314546431	0.856146001074	0.00751476113795	0.0585077831455
-wma	0.078431372549	0.57660130719	0.319215686275	0.0257516339869
-pak	0.0245771288131	0.959760975375	0.0	0.0156618958122
-wme	0.0	1.0	0.0	0.0
-pal	0.0272730079381	0.0999325402944	0.0622422243463	0.810552227421
-pam	0.574052999337	0.188583839373	0.151600650686	0.0857625106045
-əva	0.388380820801	0.520866876851	0.0878248087238	0.00292749362412
-dha	0.706810563323	0.293189436677	0.0	0.0
-hem	0.0208558072636	0.957569219705	0.0	0.0215749730313
-cwa	0.312957851453	0.587155247046	0.0731343082303	0.0267525932704
-seɗ	0.0743310208127	0.110401986517	0.192411156732	0.622855835938
-ca’	0.520661157025	0.280991735537	0.173553719008	0.0247933884297
-əma	0.549247535591	0.23440472126	0.136142678307	0.0802050648415
-mra	0.836734693878	0.0408163265306	0.0	0.122448979592
-dek	0.113448305897	0.876099642888	0.00783903841127	0.00261301280376
-dem	0.0651057301047	0.917884063772	0.0	0.0170102061237
-beŋ	0.376413570275	0.433764135703	0.0646203554119	0.125201938611
-der	0.507462686567	0.0298507462687	0.149253731343	0.313432835821
-des	0.00578034682081	0.994219653179	0.0	0.0
-ime	0.0	0.981818181818	0.0181818181818	0.0
-kim	0.0	1.0	0.0	0.0
-dew	0.0246913580247	0.975308641975	0.0	0.0
-dey	0.347163865612	0.445357255926	0.0759997432637	0.131479135199
-dez	0.0899613645034	0.863818684123	0.0151052545341	0.0311146968396
-sit	0.0	1.0	0.0	0.0
-rwa	0.599864557904	0.268250136243	0.0552921675389	0.0765931383141
-yaŋ	0.089205469435	0.823819197866	0.0854885748752	0.00148675782391
-sik	0.0742358078603	0.912663755458	0.0131004366812	0.0
-dal	0.126909090909	0.776	0.0218181818182	0.0752727272727
-idi	0.178181818182	0.821818181818	0.0	0.0
-te’	0.239436619718	0.422535211268	0.295774647887	0.0422535211268
-ece	0.0594855305467	0.755627009646	0.175241157556	0.00964630225082
-ida	0.0	1.0	0.0	0.0
--ca	0.888888888889	0.0	0.111111111111	0.0
-kip	0.0	1.0	0.0	0.0
-lda	0.595785218161	0.244183836261	0.0685477101085	0.0914832354697
-tep	0.0894117647059	0.836078431373	0.0745098039216	0.0
-ter	0.153014363187	0.780170038876	0.0338219720278	0.032993625909
-uta	0.0	1.0	0.0	0.0
-tey	0.681624378672	0.140818449458	0.0723081258196	0.105249046051
-ril	0.0	1.0	0.0	0.0
-rim	0.0	1.0	0.0	0.0
-akw	0.132723544129	0.693449253461	0.119675097964	0.0541521044454
-maŋ	0.0409769545159	0.895764611944	0.0476996711146	0.0155587624253
-ris	0.0	1.0	0.0	0.0
-tef	0.363636363636	0.602272727273	0.0340909090909	0.0
-tek	0.108852462628	0.203085392022	0.328600758674	0.359461386675
-tel	0.112012987013	0.868506493507	0.00974025974026	0.00974025974025
-tem	0.65416968818	0.320522117476	0.0217548948513	0.00355329949239
-ten	0.00976403580145	0.990235964199	0.0	0.0
-reŋ	0.0841592183902	0.244253028846	0.0603067212813	0.611281031483
-wal	0.221971023109	0.617211760728	0.0912495690286	0.0695676471339
-ara	0.550238888078	0.203677889813	0.0606492355198	0.185433986589
-mes	0.0	0.969696969697	0.030303030303	0.0
-raɗ	0.128695192637	0.611333143153	0.231208841787	0.0287628224232
-lus	0.18375	0.79375	0.0225	0.0
-mey	0.178958356176	0.403176720107	0.0411776802261	0.376687243491
-ari	0.0186186486183	0.836746544124	0.00508859779473	0.139546209463
-ark	0.0821025195483	0.861859252824	0.01303214596	0.0430060816681
-luk	0.0132450331126	0.973509933775	0.0	0.0132450331126
-ars	0.0	1.0	0.0	0.0
-men	0.00588091154129	0.0735113942661	0.00637098750306	0.91423670669
-jip	0.0223511712873	0.896410917687	0.0719965613583	0.00924134966688
-yda	0.0829562594269	0.912518853695	0.00452488687783	0.0
-nwa	0.161615062306	0.792022636992	0.0261196060293	0.0202426946727
-aya	0.266650222714	0.227819077115	0.186118466097	0.319412234075
-rah	0.416978955737	0.400652116014	0.0427427175584	0.139626210691
-wje	0.0816702361302	0.873688733682	0.0257819853493	0.0188590448388
-ayu	0.118925831202	0.746803069054	0.0498721227621	0.0843989769821
-raz	0.0	0.928571428571	0.0714285714286	0.0
-ziŋ	0.0	1.0	0.0	0.0
-geɗ	0.107692983356	0.708341852819	0.10749782309	0.0764673407355
-cta	0.393984331117	0.59121813532	0.0147975335631	0.0
-rac	0.0202312138728	0.979768786127	0.0	0.0
-aɓa	0.0966469428007	0.77909270217	0.112426035503	0.0118343195266
-hwa	0.463792058738	0.386002764847	0.0101637142089	0.140041462206
-ume	0.0	1.0	0.0	0.0
-uma	0.0348308244987	0.775883949316	0.0516409926004	0.137644233585
-əsa	0.544341747697	0.274571733188	0.100844108476	0.0802424106391
ALL	0.224839040218	0.313677024757	0.0551444524464	0.406339482579
-ana	0.166220302376	0.746162080947	0.0514376936801	0.0361799229975
-saɗ	0.561497326203	0.20320855615	0.0	0.235294117647
-aki	0.0	1.0	0.0	0.0
-nam	0.413534809656	0.387837110153	0.114021942511	0.08460613768
-sis	0.037037037037	0.925925925926	0.037037037037	0.0
-gda	0.47619047619	0.357142857143	0.0238095238095	0.142857142857
-naa	0.551020408163	0.183673469388	0.0	0.265306122449
-aka	0.528872692891	0.257241290605	0.0881449178856	0.125741098619
-twa	0.552371033277	0.389484647431	0.0290721596462	0.0290721596461
-kis	0.137891077636	0.757821552723	0.0695249130938	0.0347624565469
-zus	0.0	0.969230769231	0.0307692307692	0.0
-nay	0.304249650207	0.482273050021	0.109270470175	0.104206829596
-əja	0.577814569536	0.367549668874	0.00496688741721	0.0496688741722
-sil	0.0539877300613	0.931288343558	0.0	0.0147239263804
-nar	0.523328133947	0.321776215768	0.0898375027148	0.0650581475704
-nas	0.042918228505	0.926702397985	0.0134645422761	0.0169148312343
-naw	0.209539842873	0.760606060606	0.00987654320987	0.0199775533109
-ɓta	0.607070655373	0.236315479694	0.092125802902	0.0644880620314
-lki	0.0	1.0	0.0	0.0
-wur	0.193428722841	0.39586645469	0.143084260731	0.267620561738
-lka	0.480729259887	0.272406146661	0.0568244232485	0.190040170203
-yat	0.0292796742636	0.910834241969	0.0566836193947	0.00320246437259
-yaw	0.118835667156	0.0882935077725	0.0349432372956	0.757927587776
-bey	0.308679734401	0.253206294342	0.158836638166	0.279277333091
-yas	0.0473507843232	0.943179058812	0.00582778883978	0.00364236802486
-yar	0.685185185185	0.240740740741	0.074074074074	0.0
-ber	0.0	0.968421052632	0.0157894736842	0.0157894736842
-deŋ	0.200595715431	0.576469240463	0.137701913163	0.0852331309428
-mfa	0.0	1.0	0.0	0.0
-bet	0.0948905109489	0.862773722628	0.0102189781022	0.0321167883212
-ben	0.0	0.882352941176	0.0	0.117647058824
-bel	0.11978845133	0.81949233367	0.0151798037499	0.0455394112495
-yam	0.509967397318	0.378387134727	0.020092508773	0.091552959182
-yal	0.112861704778	0.714459886912	0.0779613929927	0.0947170153175
-rla	0.0228288841614	0.953805081462	0.0169202317902	0.00644580258673
-yah	0.201425339587	0.0293917013774	0.00223142052644	0.76695153851
-yak	0.089443786941	0.700825122773	0.0220029103571	0.187728179929
-rek	0.0290864694054	0.469872163172	0.370367710428	0.130673656995
-reh	0.0847694457382	0.108608205953	0.778676377186	0.0279459711225
-ren	0.0	0.994638069705	0.0053619302949	0.0
-isi	0.0225428313796	0.963029756537	0.000901713255184	0.0135256988278
-ise	0.0079207920792	0.90099009901	0.0851485148514	0.0059405940594
-ref	0.212121212121	0.727272727273	0.060606060606	0.0
-lya	0.371569505803	0.176042921726	0.0117396274213	0.44064794505
-rey	0.302385814934	0.517681099381	0.120055895405	0.0598771902804
-eva	0.0	1.0	0.0	0.0
-res	0.0262390670554	0.918367346939	0.0160349854227	0.0393586005831
-rep	0.42643526224	0.397973747426	0.0501688543812	0.125422135953
-zya	0.144097222222	0.609375	0.204861111111	0.0416666666666
-rew	0.396825396825	0.555555555556	0.047619047619	0.0
-meŋ	0.0	0.989821882952	0.0101781170483	0.0
-may	0.157764542747	0.157572296587	0.114037186761	0.570625973905
-haa	0.141634370363	0.181268706956	0.0452747798113	0.631822142869
-ava	0.118166505028	0.123908937778	0.0921979480374	0.665726609157
-mas	0.0577032404775	0.93803297328	0.00341102899374	0.000852757248436
-mar	0.562256280633	0.210069995233	0.0477356620455	0.179938062088
-hal	0.584158415842	0.371287128713	0.0	0.0445544554455
-mat	0.0	1.0	0.0	0.0
-han	0.0329218106996	0.901234567901	0.0576131687243	0.00823045267491
-aza	0.0429494547827	0.585945509335	0.361008419025	0.0100966168567
-hap	0.0410958904109	0.945205479452	0.0	0.013698630137
-har	0.24328133301	0.572183368583	0.0121692318593	0.172366066548
-mam	0.505315497705	0.306811525564	0.131237926937	0.0566350497938
-mal	0.0126072067158	0.888636340677	0.0787950419734	0.0199614106333
-jud	0.00458365164247	0.986249045073	0.0	0.00916730328496
-haw	0.132509790364	0.124459626349	0.0376374624976	0.705393120789
-maa	0.423344399315	0.220407717033	0.0385085938603	0.317739289792
-hay	0.117100322383	0.217603212729	0.00984314126642	0.655453323622
-teŋ	0.509756097561	0.409756097561	0.0658536585366	0.0146341463414
-uni	0.0508474576271	0.779661016949	0.0	0.169491525424
-wns	0.0132978723404	0.973404255319	0.0	0.0132978723404
-bew	0.0616098100945	0.894578769394	0.0168400147592	0.0269714057525
-nka	0.558430186276	0.178474765165	0.180305683808	0.0827893647508
-pta	0.248540145985	0.587226277372	0.13795620438	0.0262773722628
-ɓaŋ	0.0472190257201	0.942699416642	0.00780507688111	0.00227648075699
-aay	0.0273414776032	0.638743455497	0.212914485166	0.121000581734
-cya	0.346820809248	0.341040462428	0.138728323699	0.173410404624
-vya	0.139068285542	0.0785326788943	0.00783604581074	0.774562989753
-əwa	0.325219103279	0.380779406249	0.150528763122	0.143472727351
-dka	0.27266281357	0.678863797351	0.0484733890791	0.0
-ɓek	0.0411781527023	0.289676865885	0.62110380326	0.0480411781527
-gaa	0.363057637332	0.089017750979	0.0527371959253	0.495187415763
-ada	0.164929308171	0.149647372639	0.0328870292598	0.652536289931
-jəw	0.222222222222	0.555555555556	0.222222222222	0.0
-gam	0.456816170966	0.384366705234	0.0864357176887	0.0723814061118
-laŋ	0.0250677644853	0.936770130638	0.00934096915102	0.028821135726
-gaw	0.0	1.0	0.0	0.0
-eɗe	0.100407368184	0.041386635994	0.0164665880879	0.841739407734
-gat	0.0	0.980487804878	0.0	0.0195121951219
-gas	0.739754098361	0.239754098361	0.0122950819672	0.00819672131147
-gar	0.119242826939	0.13436110209	0.397674927259	0.348721143713
-ɓey	0.470933574067	0.312597747505	0.125311653491	0.0911570249363
-yaa	0.335988310997	0.149236328041	0.055069313487	0.459706047476
-ɓer	0.0879120879121	0.549450549451	0.197802197802	0.164835164835
-gay	0.407900536577	0.432293011871	0.0287388613103	0.131067590241
-ini	0.0	1.0	0.0	0.0
-sem	0.565397235618	0.0560231964323	0.0448173338726	0.333762234078
-sel	0.107092265559	0.875908962131	0.0	0.0169987723109
-gaŋ	0.0390286209887	0.960971379011	0.0	0.0
-rza	0.419154896555	0.321036160614	0.10858477733	0.151224165501
-apa	0.0273075194421	0.951309535159	0.0117129509827	0.00966999441591
-vka	0.572987721692	0.103768758527	0.031548431105	0.291695088677
-rze	0.0	0.987012987013	0.0	0.012987012987
-use	0.281699898076	0.648824691043	0.0512406038986	0.0182348069818
-sey	0.568552796353	0.293243203253	0.0574279622623	0.080776038132
-set	0.219582283148	0.383690247817	0.246793856963	0.149933612073
-ser	0.0	0.9375	0.0	0.0625
-mɗa	0.489361702128	0.0425531914894	0.425531914894	0.0425531914894
-kus	0.052	0.948	0.0	0.0
-kur	0.162162162162	0.351351351351	0.486486486487	0.0
-ney	0.132329696256	0.748631650876	0.0380928508363	0.0809458020313
-net	0.00826446280991	0.727272727273	0.0495867768595	0.214876033058
-edi	0.0	1.0	0.0	0.0
-ner	0.0831921121553	0.861962717609	0.00924356801725	0.0456016022185
-kuz	0.089552238806	0.910447761194	0.0	0.0
-aan	0.0	1.0	0.0	0.0
-fus	0.0188679245283	0.981132075472	0.0	0.0
-neh	0.107535478713	0.828103138117	0.0353787727364	0.0289826104338
-saŋ	0.0	0.986486486486	0.0135135135135	0.0
-əna	0.139530578354	0.0706161924451	0.25627465925	0.533578569951
-kum	0.0983606557377	0.737704918033	0.0655737704918	0.0983606557377
-mta	0.636379800853	0.280049786629	0.0649004267426	0.0186699857752
-əne	0.16849991437	0.396228085188	0.0853722851823	0.349899715259
-rha	0.333719582851	0.381228273465	0.0	0.285052143685
-bal	0.0692309306694	0.322587979335	0.0194287333284	0.588752356667
-bam	0.448262910798	0.190422535211	0.0552112676057	0.306103286385
-bak	0.737634408602	0.0681003584229	0.0279569892473	0.166308243728
-eke	0.0648477518498	0.72389904667	0.189465352874	0.0217878486056
-ekw	0.0446999598595	0.883960710264	0.0686302414004	0.00270908847633
-bay	0.0258176328827	0.895127948808	0.00987108771313	0.0691833305966
-baw	0.0403462325021	0.395694288115	0.123559346217	0.440400133166
-mka	0.806451612903	0.120967741935	0.0564516129032	0.0161290322581
-bar	0.0868700265252	0.844827586207	0.064323607427	0.00397877984085
-bas	0.024301800369	0.956485781538	0.00852471531268	0.0106877027801
-wya	0.135	0.655	0.03	0.18
-yey	0.432188638741	0.0658132340084	0.0109947244324	0.491003402819
-ase	0.0469157254561	0.911381407472	0.0	0.0417028670721
-nya	0.423180243437	0.182948292791	0.109583711581	0.284287752191
-asa	0.0629108604529	0.0176534141343	0.00202355432023	0.917412171093
-zda	0.491779400824	0.291980593308	0.0950844065346	0.121155599334
-asl	0.134484050046	0.232435585758	0.0614397290724	0.571640635123
-asi	0.27830753354	0.0938372893017	0.0354489164087	0.59240626075
-mba	0.110815565358	0.0869043321507	0.0468308580726	0.755449244419
-yel	0.0230177632352	0.939998639657	0.0141598037879	0.0228237933203
-deɗ	0.218629453259	0.657445103308	0.072920759319	0.0510046841138
-lta	0.673979960423	0.232261205516	0.0284260451676	0.0653327888934
-meɗ	0.111712260916	0.764916558714	0.0881658157433	0.035205364627
-ɓwa	0.428462989235	0.4416997413	0.103869815572	0.025967453893
-ray	0.075496186005	0.209856617675	0.038484078128	0.676163118192
-rav	0.214045263125	0.747528145504	0.021958052212	0.016468539159
-raw	0.0260224843925	0.138993877773	0.0458261384082	0.789157499426
-rat	0.180861244019	0.624880382775	0.186602870813	0.00765550239235
-rar	0.628441553811	0.234284847061	0.0618485446622	0.0754250544661
-ras	0.134474327628	0.79217603912	0.0330073349633	0.0403422982885
-rap	0.0251572327044	0.949685534591	0.0	0.0251572327044
-eri	0.0	1.0	0.0	0.0
-iwa	0.60238680425	0.194876486322	0.0388689948732	0.163867714556
-ram	0.451784966174	0.320369478806	0.162924710439	0.0649208445808
-rak	0.0386786786786	0.91039039039	0.0393993993994	0.0115315315315
-iwe	0.0569538700492	0.943046129951	0.0	0.0
-raf	0.15430033458	0.80161385554	0.0440858098799	0.0
-ere	0.0460078750676	0.622695590788	0.037952624214	0.293343909931
-hda	0.802501895375	0.0966641394996	0.0295678544352	0.0712661106899
-swa	0.501661351631	0.391200028455	0.024554440508	0.0825841794064
-teɗ	0.0855614973262	0.914438502674	0.0	0.0
-iya	0.116300964042	0.286961450528	0.137957907293	0.458779678137
-ɓat	0.533333333333	0.0933333333333	0.0	0.373333333333
-pey	0.566221668402	0.238004422123	0.083309905707	0.112464003769
-azl	0.359945872801	0.591339648173	0.0324763193504	0.0162381596752
-azi	0.00350877192983	0.987719298246	0.000877192982455	0.0078947368421
-aze	0.037037037037	0.962962962963	0.0	0.0
-rɗa	0.514954486346	0.384649129679	0.0631707584564	0.037225625519
-laf	0.0882464198865	0.216968386922	0.656417184545	0.0383680086463
-ɓeŋ	0.3625	0.5625	0.0375	0.0375
-lam	0.276568818009	0.351405928076	0.0749314461282	0.297093807787
-lah	0.101099571495	0.157877578224	0.0944568861577	0.646565964124
-lak	0.149003142483	0.424109580902	0.0546760240225	0.372211252592
-lat	0.0552982586143	0.888847721378	0.0361244905521	0.0197295294554
-fɗa	0.698767210455	0.127044451748	0.0166772720598	0.157511065737
-law	0.165893553925	0.788343998751	0.0332136725457	0.0125487747776
-lap	0.392209178228	0.503201707577	0.0336179295624	0.0709711846318
-lar	0.644295887249	0.203665402293	0.036947954776	0.115090755682
-las	0.0260593700431	0.954905959665	0.0099705415817	0.00906412871063
-əpa	0.128084057165	0.138306908202	0.0973158615016	0.636293173132
-lay	0.175569362234	0.645242570991	0.037806929144	0.141381137631
-əkw	0.617834394904	0.191082802548	0.0764331210191	0.114649681529
-ɓar	0.639730639731	0.16835016835	0.181818181818	0.010101010101
-ɗra	0.550724637681	0.449275362319	0.0	0.0
-gel	0.0640113798008	0.765291607397	0.149359886202	0.0213371266003
-ɓay	0.293871472555	0.650559163681	0.0326667448482	0.0229026189155
-aha	0.139238302824	0.266953528594	0.0438586783252	0.549949490256
-evi	0.0583776889304	0.89440506267	0.0334813215924	0.0137359268071
-ɓac	0.974358974359	0.025641025641	0.0	0.0
-pya	0.460489513843	0.093373311043	0.00335633756445	0.44278083755
-gey	0.206938413878	0.685360835771	0.0571156368484	0.0505851135029
-ret	0.0157108058634	0.976505859122	0.0047564825091	0.0030268525058
-əka	0.586295270908	0.224463915149	0.0608450293028	0.128395784641
-ges	0.0266666666667	0.946666666667	0.0266666666667	0.0
-ger	0.23	0.77	0.0	0.0
-ahw	0.726287024945	0.0969589885976	0.0351400884538	0.141613898004
-ɓam	0.39788594244	0.404209651734	0.139744743705	0.05815966212
-sar	0.44249328425	0.446323748881	0.102228633967	0.00895433290221
-wra	0.813664596273	0.0	0.0745341614907	0.111801242236
-saw	0.182039560965	0.470177957483	0.281913227692	0.0658692538595
-əbe	0.116952155936	0.822799763733	0.0602480803308	0.0
-ɓa’	0.228049375828	0.0599762884441	0.542506450938	0.16946788479
-ɓak	0.28275862069	0.675862068965	0.0	0.0413793103448
-lfe	0.0	1.0	0.0	0.0
-saf	0.246206769737	0.639206431769	0.0541964587472	0.0603903397469
-sak	0.0213492741246	0.627668659266	0.0896669513236	0.261315115286
-iba	0.167701863354	0.739130434783	0.0372670807453	0.055900621118
-sam	0.674022100997	0.178247601586	0.0428893060095	0.104840991407
-wɓa	0.267123287671	0.691780821918	0.0	0.041095890411
-təs	0.816559926807	0.183440073193	0.0	0.0
-la’	0.716129032258	0.058064516129	0.0	0.225806451613
-ɗya	0.536608241174	0.251477302274	0.0558171801364	0.156097276416
-kar	0.228939790044	0.142332169719	0.202076868597	0.426651171641
-yaɗ	0.178095238095	0.210952380952	0.578571428571	0.032380952381
-ŋga	0.0346260903215	0.0089752169008	0.00631914732319	0.950079545454
-ipa	0.00564307547613	0.980719492123	0.0108158946626	0.00282153773807
-beɗ	0.0322916666666	0.898958333333	0.034375	0.034375
-ham	0.360500904578	0.526409703881	0.0605683205272	0.0525210710132
-ewe	0.0813732478023	0.230062564346	0.334600459333	0.353963728518
-rda	0.567294680436	0.257516116278	0.118177255227	0.0570119480578
-ɗda	0.683530215081	0.203558474445	0.0481740490515	0.064737261422
-zle	0.401120375073	0.184150867003	0.135531637918	0.279197120006
-awi	0.0	0.981132075472	0.0188679245283	0.0
-baŋ	0.0370274942792	0.150681849972	0.763692069508	0.0485985862414
-awm	0.0469239351397	0.887653818637	0.0367002844668	0.0287219617567
-awl	0.0311848893563	0.929549039951	0.00386577791674	0.0354002927759
-awa	0.567745462421	0.214722660976	0.0378308804929	0.17970099611
-mak	0.197662061637	0.378852284803	0.190754516472	0.232731137088
-awz	0.0204081632653	0.922448979592	0.00816326530614	0.0489795918368
-ɗka	0.615903905729	0.243496194295	0.0881135119756	0.0524863879999
-aws	0.0759328468885	0.886842261375	0.0071187043958	0.0301061873406
-wda	0.488395391551	0.435631991985	0.0525964267825	0.0233761896811
-say	0.0798770962435	0.834742036602	0.0367573271537	0.0486235400006
-awt	0.0244295199307	0.926586231962	0.0370059926057	0.0119782555013
-rɓa	0.495575221239	0.12389380531	0.362831858407	0.0176991150442
-kda	0.64806806936	0.135106062562	0.0722537756551	0.144572092423
-man	0.0	0.926315789474	0.0105263157895	0.0631578947368
-pka	0.452296819788	0.0848056537103	0.378091872791	0.0848056537103
-ste	0.00555673769644	0.981245706295	0.00330121287655	0.0098963431316
-sta	0.394580220337	0.390781309358	0.107129289604	0.107509180702
-raŋ	0.13662558848	0.131505061801	0.028795900432	0.703073449287
-cər	0.39309331374	0.161645848641	0.423218221896	0.0220426157237
-eya	0.0	1.0	0.0	0.0
-uca	0.681632653061	0.232653061224	0.0244897959184	0.0612244897959
-reɗ	0.0	0.772727272727	0.227272727273	0.0
-ibi	0.0766283524904	0.869731800766	0.0383141762452	0.0153256704981
-lek	0.10688655848	0.744537990728	0.13541053743	0.0131649133612
-lem	0.0114223493744	0.977646355523	0.00243392117511	0.00849737392715
-len	0.0	1.0	0.0	0.0
-lec	0.666666666667	0.235294117647	0.0	0.0980392156863
-yta	0.698526892772	0.143884892086	0.106885919836	0.0507022953066
-lfi	0.0	1.0	0.0	0.0
-lez	0.0452776318514	0.139724994823	0.814997373326	0.0
-mus	0.0	1.0	0.0	0.0
-rya	0.66784588172	0.152503268477	0.0682919326309	0.111358917173
-lep	0.0105651517692	0.985745430153	0.000670803286937	0.00301861479121
-jar	0.155849217034	0.112874654574	0.490953966792	0.2403221616
-ler	0.124792987458	0.838665882567	0.0182705649872	0.0182705649872
-les	0.0753064330922	0.87448927818	0.0205623948514	0.0296418938766
-let	0.0	1.0	0.0	0.0
-lew	0.030303030303	0.94696969697	0.0	0.0227272727273
-fta	0.206349206349	0.611111111111	0.103174603175	0.0793650793651
-fte	0.0	1.0	0.0	0.0
-dər	0.155366928119	0.354679273665	0.187600730633	0.302353067584
-eza	0.0	1.0	0.0	0.0
-ali	0.00106708401508	0.896492850537	0.0981717293875	0.00426833606033
-nda	0.162877930012	0.0643932223166	0.0345602017563	0.738168645915
-ala	0.0936248525122	0.296425677939	0.0236520339907	0.586297435558
-paŋ	0.150400060386	0.788949275362	0.0141090479066	0.0465416163446
-wat	0.025	0.9625	0.0125	0.0
-weɗ	0.260228422727	0.728928726326	0.00867428075756	0.00216857018939
-una	0.536231884058	0.289855072464	0.0	0.173913043478
-əfa	0.629032258065	0.203629032258	0.0846774193548	0.0826612903225
-mla	0.0234260614934	0.976573938507	0.0	0.0
-zay	0.147877738629	0.682125822291	0.0977577918549	0.0722386472253
-waŋ	0.033180778032	0.966819221968	0.0	0.0
-gwa	0.128978197789	0.423614935159	0.143714185239	0.303692681813
-uɗe	0.33152173913	0.179347826087	0.0489130434783	0.440217391304
-gwe	0.16619192103	0.153171387508	0.0512502460383	0.629386445424
-uɗa	0.739582588442	0.154154195058	0.0575447700968	0.0487184464036
-pel	0.0	1.0	0.0	0.0
-pet	0.534246575342	0.36301369863	0.0	0.102739726027
-le’	0.441860465116	0.372093023256	0.046511627907	0.139534883721
-eli	0.00136518771331	0.99795221843	0.000682593856656	0.0
-iye	0.0175631174534	0.980241492865	0.00219538968167	0.0
-rka	0.507605633803	0.394366197183	0.0338028169014	0.0642253521127
-ɗaŋ	0.888059701493	0.0621890547264	0.0248756218906	0.0248756218906
-rke	0.00787401574803	0.992125984252	0.0	0.0
-ele	0.0699500471911	0.244813218059	0.245101337882	0.440135396868
-əza	0.080198447243	0.856941365918	0.031623440203	0.0312367466359
-əzl	0.539568345324	0.107913669065	0.0431654676259	0.309352517986
-sya	0.520366651599	0.2959281517	0.0827856036636	0.100919593037
-esu	0.00735577742731	0.727472957899	0.00343778915371	0.26173347552
-esi	0.0344827586207	0.931034482759	0.0344827586207	0.0
-esl	0.113616245067	0.647456754823	0.20084384288	0.0380831572295
-ɗwa	0.317250522256	0.603205849269	0.0662863570624	0.0132572714125
-ese	0.00858369098714	0.991416309013	0.0	0.0
-ita	0.176991150442	0.787610619469	0.0132743362832	0.0221238938053
-spa	0.0884955752213	0.882005899705	0.0294985250737	0.0
-faa	0.492917155223	0.180246665547	0.0606878300464	0.266148349184
-fan	0.099173553719	0.900826446281	0.0	0.0
-fam	0.320256506979	0.492644285175	0.0471520181064	0.13994718974
-far	0.569650491272	0.227831779782	0.129786343864	0.0727313850827
-fas	0.20245398773	0.736196319018	0.0	0.0613496932515
-uda	0.0420471111793	0.93539476713	0.00552443796516	0.0170336837259
-fat	0.0	1.0	0.0	0.0
-ude	0.0052708918988	0.984027600307	0.00606951188347	0.00463199591107
-waɓ	0.253695755842	0.397472579876	0.348831664282	0.0
-fay	0.131263253159	0.384072427485	0.0340779599547	0.450586359401
-wne	0.0196078431372	0.764705882353	0.0	0.21568627451
-hum	0.0	1.0	0.0	0.0
-ade	0.00543478260869	0.994565217391	0.0	0.0
-aba	0.175704681825	0.0981935566804	0.0734434991204	0.652658262374
-nja	0.2658491566	0.240346281853	0.0217223076229	0.472082253924
-abi	0.368421052632	0.347368421053	0.0	0.284210526316
-var	0.627708884777	0.0966492451323	0.00620174018727	0.269440129904
-zwa	0.546993675092	0.255632931157	0.103344104764	0.0940292889872
-vat	0.335320417288	0.575260804769	0.0715350223547	0.0178837555887
-vaz	0.669855587448	0.307131732203	0.00839651850562	0.0146161618431
-vay	0.0911416132308	0.811854099013	0.0361199627504	0.0608843250061
-veŋ	0.66	0.213333333333	0.126666666667	0.0
-əta	0.384731215178	0.450383978316	0.051950007529	0.112934798976
-zan	0.0	1.0	0.0	0.0
-pwa	0.855892365051	0.13762360188	0.0	0.00648403306858
-kta	0.633777487125	0.200114444535	0.0446333687566	0.121474699583
-val	0.039911308204	0.913525498891	0.039911308204	0.00665188470066
-vam	0.66560719931	0.0660948759354	0.0267961419599	0.241501782795
-zam	0.412350287759	0.362308290558	0.0896438015244	0.135697620159
-liz	0.124755460056	0.811263269299	0.0594913569161	0.00448991372952
-lit	0.0	0.754385964912	0.245614035088	0.0
-rus	0.120769108533	0.846655013507	0.0230414746544	0.00953440330529
-əwe	0.0289400220775	0.954907407461	0.00269209507698	0.0134604753849
-ceɓ	0.162790697674	0.790697674419	0.046511627907	0.0
-lwa	0.454514955157	0.420428568857	0.0553972041868	0.0696592717989
-rut	0.0	1.0	0.0	0.0
-lis	0.0788253477589	0.911901081917	0.00927357032458	0.0
-ruk	0.0	1.0	0.0	0.0
-fwa	0.511945392491	0.440273037543	0.0477815699659	0.0
-adi	0.0	1.0	0.0	0.0
-leŋ	0.0251834277009	0.0925440825855	0.0555284450929	0.826744044621
-ize	0.0	1.0	0.0	0.0
-rne	0.0523863949252	0.92856400692	0.00408205674742	0.0149675414072
-iza	0.00953400461647	0.975211587997	0.00120429531997	0.0140501120664
-rna	0.0	1.0	0.0	0.0
-izi	0.0	0.947368421053	0.0526315789474	0.0
-rni	0.0	1.0	0.0	0.0
-zer	0.143703297383	0.823134403221	0.0303987744463	0.00276352494967
-uri	0.0	1.0	0.0	0.0
-vaw	0.178019625256	0.521832009371	0.0714802454324	0.228668119941
-ɗar	0.128685714705	0.785810880898	0.0145799260225	0.0709234783748
-ɗap	0.518248175183	0.355839416058	0.0602189781022	0.0656934306569
-ura	0.0721504310945	0.460149300136	0.272841445995	0.194858822775
-ehe	0.393692284226	0.218869510385	0.0154326320194	0.37200557337
-ure	0.0727833366738	0.14993704486	0.0321127744973	0.745166843969
-ɗay	0.22190790204	0.478212480006	0.0481439203868	0.251735697567
-peŋ	0.0373142874991	0.955189538673	0.00343574633781	0.00406042749013
-ɗaf	0.321766193271	0.636557946542	0.025203188176	0.0164726720105
-kya	0.510293136198	0.351352738847	0.036654859079	0.101699265876
-zef	0.0203830032054	0.972959644941	0.00468480315608	0.0019725486973
-zek	0.0	1.0	0.0	0.0
-ɗam	0.571271152186	0.25931372622	0.0590481577264	0.110366963868
-zen	0.0377358490566	0.962264150943	0.0	0.0
-zel	0.123334535293	0.802481801502	0.0472077856759	0.0269758775291
-wze	0.0	0.896551724138	0.0689655172414	0.0344827586207
-waw	0.108030449449	0.718927684755	0.0692694226858	0.103772443111
-dus	0.0	0.928571428571	0.0714285714286	0.0
-was	0.0361917032407	0.828299381582	0.0230368551504	0.112472060027
-war	0.225704361897	0.138689551299	0.0369587776543	0.59864730915
-wap	0.0016835016835	0.997474747475	0.000841750841751	0.0
-ɓya	0.65875613748	0.191489361702	0.0859247135843	0.063829787234
-waz	0.0190476190476	0.857142857143	0.12380952381	0.0
-way	0.154202500236	0.629611137942	0.0482845052123	0.167901856609
-pay	0.00653756818345	0.90883897318	0.00145279292966	0.0831706657073
-paz	0.0	0.825892857143	0.174107142857	0.0
-wac	0.342281879195	0.61744966443	0.0402684563758	0.0
-wab	0.111111111111	0.805555555556	0.0555555555556	0.0277777777778
-waa	0.183521243939	0.384427805032	0.0569469547006	0.375103996328
-wan	0.0156554768504	0.948157273381	0.0336207781542	0.00256647161483
-wam	0.506237759309	0.357264918101	0.0960468992404	0.0404504233501
-pas	0.0328237535957	0.682368731853	0.0166563279568	0.268151186594
-pat	0.660766961652	0.156342182891	0.0	0.182890855457
-mya	0.689440993789	0.254658385093	0.0186335403727	0.0372670807453
-lut	0.0	0.989612915627	0.0103870843734	0.0
-kem	0.0121212121212	0.975757575758	0.0121212121212	0.0
-ywa	0.350247524752	0.50495049505	0.0148514851485	0.129950495049
-raɓ	0.192660550459	0.528178243775	0.27129750983	0.00786369593709
-ɓra	0.759183673469	0.191836734694	0.0489795918367	0.0
-kes	0.0431320504313	0.937624419376	0.00597213005972	0.0132714001327
-ker	0.384788750278	0.580230454242	0.0349807954798	0.0
-nus	0.0	1.0	0.0	0.0
-key	0.555185593683	0.206809351121	0.0608914126195	0.177113642576
-dim	0.0126582278481	0.987341772152	0.0	0.0
-fez	0.0178695860884	0.968193994952	0.0102200405705	0.00371637838926
-fey	0.520999235023	0.343593634391	0.0886620433653	0.0467450872199
-dit	0.0502092050209	0.949790794979	0.0	0.0
-sle	0.00678017176436	0.91788458641	0.0708151273166	0.00452011450956
-tus	0.0426587301587	0.94246031746	0.0104166666667	0.00446428571428
-sla	0.218422100385	0.707349124586	0.0420082584318	0.0322205165975
-fen	0.04	0.96	0.0	0.0
-eni	0.127272727273	0.872727272727	0.0	0.0
-aɗa	0.439432003407	0.369852873262	0.11719176971	0.0735233536206
-ska	0.467209447974	0.406638632907	0.0536816677105	0.0724702514092
-kaŋ	0.347457627119	0.593220338983	0.0254237288136	0.0338983050848
-vel	0.130037176148	0.606711896177	0.115184002658	0.148066925017
-vek	0.0425531914893	0.851063829787	0.0	0.106382978723
-vew	0.231511254019	0.575562700965	0.096463022508	0.0964630225081
-ver	0.376132243674	0.330100237545	0.145511013976	0.148256504806
-vaŋ	0.085002895194	0.798610306891	0.108511870295	0.00787492762014
-vez	0.10480349345	0.868995633188	0.0262008733624	0.0
-vey	0.451419547389	0.265571519419	0.0909584612178	0.192050471974
-tit	0.0463907603465	0.868719923003	0.0687199230029	0.0161693936477
-tir	0.00386597938144	0.993556701031	0.0	0.00257731958763
-tis	0.0164884868421	0.952138157895	0.0276726973684	0.00370065789474
-zla	0.189258094032	0.705619509918	0.0873325638814	0.0177898321684
-əha	0.518358531318	0.376349892009	0.0647948164147	0.0404967602592
-mek	0.0	1.0	0.0	0.0
-əhe	0.110736484049	0.132885846009	0.700260350577	0.0561173193646
-taɗ	0.287671232877	0.424657534247	0.123287671233	0.164383561644
-dav	0.129739485085	0.534483756592	0.0872687119406	0.248508046383
-tik	0.0178571428571	0.964285714286	0.0178571428571	0.0
-eme	0.0753405654357	0.182074189163	0.536477263269	0.206107982132
-ema	0.0	0.966666666667	0.0111111111111	0.0222222222222
-ete	0.0885354225893	0.147057437508	0.335664732599	0.428742407304
-jay	0.663256297066	0.336743702934	0.0	0.0
-əga	0.199574543868	0.139146073924	0.0270147030907	0.634264679117
-aŋw	0.0171013375832	0.947696740476	0.0129962155638	0.0222057063771
-jam	0.480623388539	0.286971961108	0.0786575653186	0.153747085034
-jak	0.124071538593	0.651206571966	0.035170289235	0.189551600205
-tya	0.785889269966	0.122978931896	0.00881920627144	0.0823125918668
-keɗ	0.0614035087719	0.868421052632	0.0526315789474	0.0175438596491
-pda	0.273189326557	0.490470139771	0.236340533672	0.0
-zka	0.832369942197	0.167630057803	0.0	0.0
-rit	0.0	1.0	0.0	0.0
-mda	0.408284023669	0.412228796844	0.0788954635109	0.100591715976
-zak	0.0219801223242	0.917017074414	0.0466679408767	0.0143348623853
-zat	0.0	1.0	0.0	0.0
-zar	0.210536044362	0.723844731978	0.0116451016636	0.0539741219963
-jek	0.462121212121	0.454545454546	0.0227272727273	0.060606060606
-leɓ	0.761594202899	0.229710144927	0.00434782608695	0.00434782608697
-lra	0.621732069213	0.192788382258	0.0780054176057	0.107474130923
-leɗ	0.0	0.769233952167	0.230766047833	0.0
-ɗey	0.445196036143	0.289538833787	0.105222696927	0.160042433143
-ɗes	0.0580357142857	0.941964285714	0.0	0.0
-taa	0.390141247743	0.265456006196	0.0131476569088	0.331255089153
-000	0.0526315789474	0.0	0.0	0.947368421053
-ɗek	0.360968248559	0.446127782592	0.162779239467	0.0301247293819
-rca	0.499248120301	0.428571428571	0.0293233082707	0.0428571428572
-eta	0.016339869281	0.596405228758	0.161764705882	0.225490196078
-əca	0.523138832998	0.26452834655	0.138477926382	0.0738548940702
-awr	0.0	0.989130434783	0.0108695652174	0.0
-jem	0.252154195011	0.639909297052	0.107936507937	0.0
-wez	0.583333333333	0.270833333333	0.0625	0.0833333333333
-wey	0.12724101385	0.771225337021	0.0401681720808	0.0613654770483
-bul	0.0718085106382	0.922872340426	0.00531914893616	0.0
-lim	0.0	0.962962962963	0.037037037037	0.0
-wes	0.166666666667	0.681818181818	0.0606060606061	0.0909090909091
-wer	0.178706123099	0.545156196278	0.243395291631	0.0327423889924
-ede	0.156409223143	0.566107102836	0.221718657709	0.0557650163122
-wew	0.212870938183	0.770917036724	0.00916331853105	0.00704870656235
-wde	0.0	1.0	0.0	0.0
-wek	0.135065676756	0.5	0.342661336379	0.0222729868646
-uya	0.0977653631285	0.902234636871	0.0	0.0
-ate	0.0175182481752	0.982481751825	0.0	0.0
-ata	0.290967955548	0.153488592204	0.036023329342	0.519520122906
-wec	0.0395480225989	0.89868173258	0.0124293785311	0.04934086629
-bus	0.0185185185185	0.944444444444	0.037037037037	0.0
-yeŋ	0.042216358839	0.883905013193	0.0738786279683	0.0
-ati	0.0	0.951289398281	0.0487106017192	0.0
-nis	0.0697674418605	0.91472868217	0.015503875969	0.0
-kah	0.0352803682387	0.0664569663918	0.00830275322758	0.889959912142
-kam	0.571841532394	0.213759424105	0.0681711123015	0.1462279312
-kal	0.24358974359	0.536324786325	0.181623931624	0.0384615384615
-kaa	0.265161118559	0.0825565874526	0.0388084020186	0.61347389197
-ula	0.094838162431	0.710842686335	0.0995307420392	0.0947884091949
-kaf	0.126141800783	0.224010439321	0.234884732492	0.414963027403
-nes	0.0363636363636	0.854545454545	0.0818181818181	0.0272727272727
-kaz	0.0	1.0	0.0	0.0
-kay	0.257194611922	0.179355170975	0.027792823591	0.535657393513
-faɗ	0.111423189767	0.34716092282	0.0879869647148	0.453428922698
-aca	0.118665666281	0.66314262475	0.164053916518	0.0541377924509
-daŋ	0.121815697239	0.506937711834	0.237996256901	0.133250334025
-kas	0.0352259559675	0.961993047509	0.0	0.00278099652376
-nik	0.0	0.992709599028	0.00729040097205	0.0
-wet	0.103062644469	0.861512494981	0.0126294617277	0.022795398822
-kaw	0.627601314348	0.295728368017	0.0273822562979	0.0492880613362
-əra	0.455473114617	0.411844053704	0.0548265209437	0.0778563107359
-jey	0.485690672022	0.325169009732	0.0417407624955	0.147399555751
-fir	0.0693641618497	0.93063583815	0.0	0.0
-aje	0.0616438356164	0.938356164384	0.0	0.0
-aja	0.0447351041968	0.0515695898363	0.0042437658737	0.899451540093
-ɗaw	0.0150754991599	0.0265765303757	0.00610795521663	0.952240015248
-tka	0.354758961681	0.457354758962	0.0914709517923	0.0964153275649
-fil	0.191860465116	0.720930232558	0.046511627907	0.0406976744186
-fim	0.0128205128205	0.987179487179	0.0	0.0
-yra	0.544642857143	0.196428571429	0.169642857143	0.0892857142857
-əɓa	0.269474070208	0.180165387238	0.0528445036396	0.497516038915
-wpe	0.0317669623592	0.963198273795	0.0	0.0050347638456
-əle	0.116428113651	0.54486220893	0.290108951079	0.0486007263405
-yum	0.0444789242307	0.909231962762	0.0113783294544	0.0349107835531
-vaɗ	0.0283176771649	0.797231102857	0.0954087534314	0.0790424665469
-əla	0.133730668538	0.794478271299	0.0405791989313	0.0312118612323
-miŋ	0.0	1.0	0.0	0.0
-wel	0.312182416114	0.664787260185	0.00535466837804	0.0176756553224
-wpi	0.0350058343058	0.866977829638	0.0910151691949	0.00700116686114
-lde	0.0980392156863	0.901960784314	0.0	0.0
-əli	0.0	1.0	0.0	0.0
-ile	0.0323789607246	0.934396184076	0.0217112915164	0.0115135636829
-yus	0.0832157968971	0.882087447109	0.0236953455571	0.0110014104372
-yut	0.0	1.0	0.0	0.0
-vit	0.00915960613693	0.969849629799	0.00169016541813	0.0193005986457
-ili	0.0	1.0	0.0	0.0
-lma	0.0631308273377	0.891436779398	0.00708578610545	0.0383466071589
-iga	0.0337552742616	0.957805907173	0.00843881856539	0.0
-ige	0.125	0.75	0.0625	0.0625
-taŋ	0.0990747009705	0.8642142481	0.0120364101407	0.0246746407884
-are	0.0	0.898617511521	0.0	0.101382488479
-ebe	0.151515151515	0.848484848485	0.0	0.0
-ami	0.0	1.0	0.0	0.0
-yiŋ	0.0195694716242	0.902152641879	0.0	0.078277886497
-ama	0.0278852756929	0.0341430403517	0.0170918928147	0.920879791141
-kwa	0.177488972943	0.14761743645	0.0384238708887	0.636469719718
-tay	0.312969924812	0.385025062657	0.0178571428571	0.284147869674
-iri	0.0921813203529	0.882871919684	0.00730149072103	0.0176452692425
-usa	0.181320443508	0.148950792633	0.458169156052	0.211559607807
-ira	0.037037037037	0.962962962963	0.0	0.0
-rfa	0.350140056022	0.425770308123	0.196078431373	0.0280112044818
-bəz	0.00695286377099	0.942892559459	0.0267967128039	0.0233578639658
-uza	0.0967741935484	0.870967741935	0.0322580645161	0.0
-taw	0.107600442605	0.134107482152	0.14286594427	0.615426130973
-ley	0.404224474499	0.431282177374	0.0937161634044	0.0707771847224
-nit	0.0729040097205	0.835965978129	0.0	0.0911300121507
-cey	0.331209230326	0.377624336796	0.184189116773	0.106977316105
-cew	0.0517870708343	0.0558911267162	0.106303120459	0.786018681991
-uzl	0.0905307588827	0.732343843303	0.129891958397	0.0472334394171
-cer	0.135761589404	0.784768211921	0.0	0.0794701986755
-epi	0.0	0.962264150943	0.00754716981134	0.0301886792453
-cek	0.111390316658	0.42852183218	0.0275205417461	0.432567309416
-jeɗ	0.382956324315	0.314241000646	0.046310997359	0.256491677681
-ceh	0.0355015140436	0.831799041373	0.105822592143	0.0268768524398
-wak	0.0301204819277	0.686746987952	0.28313253012	0.0
-ləw	0.384769539078	0.615230460922	0.0	0.0
-jaŋ	0.12810450068	0.824922899409	0.00548429142242	0.0414883084879
-waɗ	0.126575290517	0.351160440989	0.116840479996	0.405423788498
-wik	0.0857142857142	0.571428571429	0.342857142857	0.0
-wif	0.0214182394249	0.824567791978	0.124306808193	0.029707160405
-par	0.581231961112	0.216276773508	0.0860170135197	0.116474251861
-wiz	0.0281344596756	0.932099012297	0.00409150198114	0.0356750260462
-wis	0.0	1.0	0.0	0.0
-paɗ	0.512820512821	0.487179487179	0.0	0.0
-zeɗ	0.0417346866349	0.847966498687	0.0626020299525	0.0476967847256
-baz	0.0592238366746	0.919073018209	0.0114033474342	0.0102997976825
-əri	0.0253699788584	0.731501057082	0.22621564482	0.0169133192389
-vda	0.733779999476	0.11738072182	0.0321913685257	0.116647910178
-feɗ	0.473684210526	0.336842105263	0.0	0.18947368421
-əɗa	0.293632707719	0.326621068436	0.0351183617949	0.344627862051
-əɗe	0.346659557193	0.209806226445	0.253335595439	0.190198620924
-agw	0.0	1.0	0.0	0.0
-tar	0.531420593874	0.135440649953	0.0448042948469	0.288334461326
-gəv	0.510638297872	0.287234042553	0.063829787234	0.13829787234
-aga	0.118867924528	0.881132075472	0.0	0.0
-min	0.0727272727273	0.927272727273	0.0	0.0
-bat	0.627737226277	0.350364963504	0.021897810219	0.0
-uha	0.238993710692	0.672955974843	0.0	0.0880503144654
-rte	0.0	1.0	0.0	0.0
-wdi	0.166666666667	0.833333333333	0.0	0.0
-rta	0.510238246942	0.404807416014	0.0419774371275	0.0429768999163
-day	0.087308896666	0.905323263953	0.00552587953582	0.00184195984527
-ɗta	0.565661727133	0.318789457201	0.0471425981176	0.0684062175482
-zra	0.700498867702	0.299501132298	0.0	0.0
-daw	0.192180548662	0.346645350039	0.00817114817917	0.45300295312
-dap	0.0	1.0	0.0	0.0
-dar	0.457148502778	0.340973381577	0.0848415386223	0.117036577023
-das	0.194871794872	0.748717948718	0.0307692307692	0.025641025641
-egw	0.0384615384615	0.480769230769	0.442307692308	0.0384615384615
-dam	0.364237156177	0.500250923708	0.0289253332227	0.106586586892
-rma	0.175645872716	0.12720541903	0.65934152489	0.0378071833648
-ta’	0.322878708543	0.0197189703235	0.000823019387439	0.656579301746
-dak	0.22113022113	0.653786017422	0.0357382175564	0.089345543891
-ani	0.0542448768728	0.901670397796	0.0413294299983	0.00275529533322
-daf	0.0183486238532	0.733944954128	0.247706422018	0.0
-daa	0.20969140297	0.019082859223	0.00237436831531	0.768851369492
-mwa	0.258302583026	0.507995079951	0.206642066421	0.0270602706027
-dac	0.824561403509	0.157894736842	0.0175438596491	0.0
-tal	0.409489472077	0.52077672538	0.0403722014724	0.0293616010708
