jer-	0.00307596291013	0.993446861626	0.0	0.00347717546362
rag-	0.0	1.0	0.0	0.0
ni'-	0.594071738524	0.142114644359	0.042393876689	0.221419740428
tut-	0.291496800225	0.600001197296	0.016911813126	0.0915901893524
vas-	0.0195299569679	0.960609069844	0.0	0.0198609731877
fig-	0.0618336886994	0.865671641791	0.0724946695096	0.0
ñúñ-	0.00956175298805	0.937848605578	0.0525896414342	0.0
maa-	0.0	1.0	0.0	0.0
jac-	0.162577351503	0.801774710449	0.00796390105331	0.0276840369949
úun-	0.340909090909	0.0681818181818	0.590909090909	0.0
viu-	0.00242130750605	0.953995157385	0.0145278450363	0.0290556900726
fal-	0.425574577814	0.244857774195	0.26444014004	0.0651275079504
yóó-	0.0292224475467	0.0352042237224	0.0114340180669	0.924139310664
ju̱-	0.40350877193	0.526315789474	0.0526315789474	0.0175438596491
kañ-	0.587893864013	0.282338308458	0.0538971807629	0.0758706467662
yín-	0.392466053438	0.444590451161	0.136662286465	0.0262812089356
yo̱-	0.19465708483	0.674113419778	0.0281206061553	0.103108889236
sáú-	0.0	0.954592958305	0.0454070416952	0.0
só'-	0.114094809041	0.301257877553	0.513780972387	0.070866341019
abí-	0.0	0.984732824427	0.0152671755725	0.0
mah-	0.0	1.0	0.0	0.0
yuñ-	0.153142857143	0.572571428571	0.00914285714286	0.265142857143
joe-	0.19587628866	0.773195876289	0.0	0.0309278350515
sác-	0.426614481409	0.3228962818	0.197651663405	0.0528375733855
eno-	0.0	0.986984815618	0.0	0.0130151843818
aku-	0.0470656595003	0.807379430564	0.0322486926206	0.113306217316
no'-	0.744488208121	0.0825966447848	0.0334938001459	0.139421346949
lis-	0.060102361835	0.901159787763	0.0239470347937	0.0147908156079
tea-	0.0707964601769	0.681415929204	0.0353982300885	0.212389380531
yán-	0.198347107438	0.462809917355	0.132231404959	0.206611570248
san-	0.0566382836734	0.571725760141	0.163088926513	0.208547029672
ke̱-	0.621693121693	0.2791005291	0.0425170068027	0.0566893424036
kív-	0.175324675325	0.246753246753	0.5	0.0779220779221
sak-	0.704517999517	0.22058468229	0.0575018120319	0.0173955061609
kóo-	0.592729932403	0.136309524807	0.0367601458883	0.234200396902
uu̱-	0.0455418509797	0.07396746585	0.143686997939	0.736803685232
úu̱-	0.0234799657192	0.0667300625741	0.156259171862	0.753530799845
i̱'-	0.530973451327	0.070796460177	0.0796460176991	0.318584070796
kók-	0.631140220304	0.254614468592	0.0941500446562	0.0200952664484
taú-	0.678926310957	0.249782281544	0.05885685968	0.0124345478197
nun-	0.302810570842	0.627554998284	0.035713246717	0.0339211841577
euf-	0.0	1.0	0.0	0.0
der-	0.0889324191969	0.826444662096	0.043486777669	0.0411361410382
ski-	0.803116147309	0.0722379603399	0.103399433428	0.0212464589235
kat-	0.402298757785	0.397456428177	0.109168055562	0.0910767584758
pró-	0.0	1.0	0.0	0.0
abi-	0.0	0.989150090416	0.0	0.0108499095841
ñam-	0.0664832645575	0.190738193489	0.680880330124	0.0618982118294
yúc-	0.0837808807733	0.886680988185	0.0193340494092	0.0102040816326
mil-	0.0334831152989	0.20005227847	0.010953584187	0.755511022044
ña'-	0.195644149133	0.502071745866	0.0272126619135	0.275071443088
ñák-	0.0354924578527	0.964507542147	0.0	0.0
gan-	0.0656455142232	0.82932166302	0.0919037199124	0.0131291028446
ɨ́ɨ-	0.0226659670744	0.0454237213833	0.0588328773654	0.873077434177
kik-	0.660913645341	0.167123008977	0.0695448727187	0.102418472963
tút-	0.419486629251	0.145964014526	0.0567431495543	0.377806206669
ari-	0.012	0.988	0.0	0.0
yau-	0.126363636364	0.740909090909	0.07	0.0627272727274
mai-	0.0	1.0	0.0	0.0
ini-	0.0630959110139	0.0649027296948	0.0132802965482	0.858721062743
ját-	0.516634194458	0.269477211031	0.0799916849408	0.13389690957
mig-	0.0	1.0	0.0	0.0
ana-	0.00501113585746	0.994988864143	0.0	0.0
skɨ-	0.710401430954	0.175085009456	0.0396493418172	0.0748642177733
kíñ-	0.670296094066	0.184058086727	0.0187687911349	0.126877028072
mar-	0.0201175365229	0.944105672335	0.00298446970395	0.0327923214384
abr-	0.00294960391033	0.961907972358	0.0303387830777	0.00480364065397
ták-	0.0252934114744	0.113460164279	0.0228042185992	0.838442205648
oko-	0.0143815915628	0.0805369127516	0.0143815915628	0.890699904123
nen-	0.0887969215131	0.102228998766	0.0121977782618	0.796776301459
náy-	0.66190127765	0.194574210615	0.0742950413689	0.0692294703664
ya'-	0.12619300106	0.483563096501	0.345705196182	0.0445387062566
ñúu-	0.0915468092543	0.386210079088	0.0146788279654	0.507564283692
sá'-	0.357376584503	0.110689534973	0.0223070072212	0.509626873303
her-	0.0199525452977	0.943162208801	0.03494391717	0.00194132873167
ate-	0.0	1.0	0.0	0.0
náx-	0.779624960605	0.0576741254333	0.047273873306	0.115427040656
cil-	0.0	1.0	0.0	0.0
jat-	0.563306386463	0.294818612403	0.0560419870125	0.0858330141222
sin-	0.0275055150652	0.960766245009	0.00251319426992	0.00921504565637
yú'-	0.210128875577	0.416049231409	0.234386695608	0.139435197405
urí-	0.0	1.0	0.0	0.0
dor-	0.0	1.0	0.0	0.0
zab-	0.00689655172414	0.993103448276	0.0	0.0
ná'-	0.419661417447	0.236231879255	0.148325604632	0.195781098666
júk-	0.541404748516	0.323642711472	0.0683994528044	0.0665530872072
kux-	0.478534012514	0.220376684934	0.0724204042316	0.228668898321
alt-	0.0309110629067	0.965292841649	0.00162689804772	0.00216919739696
xía-	0.0305822387767	0.120956675162	0.77475004901	0.0737110370516
kúk-	0.22465544353	0.264984737767	0.406206641384	0.104153177319
yo'-	0.233158234264	0.662243111234	0.0594415261266	0.0451571283752
jor-	0.00312377977352	0.996876220226	0.0	0.0
káv-	0.453527869264	0.275395458451	0.0278821720064	0.243194500278
ská-	0.514308821805	0.364505830401	0.0492167513659	0.0719685964277
naí-	0.0357142857143	0.892857142857	0.0	0.0714285714286
júp-	0.0631578947368	0.905263157895	0.0	0.0315789473684
túú-	0.0245202558635	0.400319829424	0.557036247335	0.0181236673774
gen-	0.0140213123948	0.871845204711	0.110768367919	0.00336511497476
índ-	0.12	0.688	0.048	0.144
naa-	0.5546604013	0.186408206032	0.0781886928109	0.180742699857
jam-	0.0909090909091	0.909090909091	0.0	0.0
tañ-	0.099173553719	0.826446280992	0.0	0.0743801652893
cal-	0.117647058824	0.882352941176	0.0	0.0
nig-	0.0	1.0	0.0	0.0
por-	0.138599105812	0.803278688525	0.0402384500745	0.0178837555887
jiá-	0.248074024452	0.417601741752	0.0383101658014	0.296014067995
ɨng-	0.0496147887136	0.0937183857835	0.301053235907	0.555613589596
alf-	0.00884086444008	0.985265225933	0.00589390962671	0.0
vái-	0.636065622185	0.114750225189	0.0252506607995	0.223933491827
cos-	0.172241992882	0.649110320285	0.0491103202847	0.129537366548
káj-	0.527528300144	0.227519000844	0.0529999651833	0.191952733828
hor-	0.0879431568766	0.645586101707	0.0194189204271	0.247051820989
sáñ-	0.5552226362	0.311768843959	0.0988770485396	0.0341314713009
uní-	0.053113404104	0.0153592008405	0.378603239511	0.552924155545
nák-	0.460457028491	0.401059378062	0.0703839260055	0.0680996674423
náú-	0.0481745798981	0.0056212728517	0.000651741779907	0.94555240547
téy-	0.304852828976	0.33951732723	0.105007428824	0.25062241497
epa-	0.00786369593709	0.992136304063	0.0	0.0
júñ-	0.692890859677	0.253039622371	0.0420540695179	0.0120154484337
oro-	0.000508001016001	0.742104817543	0.256371179409	0.001016002032
náv-	0.0720776574381	0.0471937444966	0.00250862074427	0.878219977321
asi-	0.00177777777778	0.993777777778	0.00177777777778	0.00266666666667
gaz-	0.0	1.0	0.0	0.0
ñáy-	0.0142742650395	0.415191650308	0.00504012887745	0.565493955775
uva-	0.0696847195775	0.904906896183	0.00993050057862	0.0154778836605
déc-	0.133333333333	0.766666666667	0.1	0.0
usi-	0.0141650225123	0.0207922294734	0.124955734305	0.84008701371
sát-	0.523896428641	0.302822948815	0.0918122338634	0.0814683886802
mue-	0.108502538071	0.744923857868	0.0539340101523	0.0926395939086
tol-	0.117647058824	0.882352941176	0.0	0.0
ví'-	0.0760691975012	0.0196059586737	0.319269581932	0.585055261893
yúñ-	0.130505709625	0.73735725938	0.0293637846655	0.10277324633
yóx-	0.384702549575	0.398866855524	0.0101983002833	0.206232294617
cue-	0.277245187643	0.234382914029	0.0506916416138	0.437680256715
ñii-	0.153572440797	0.768248040451	0.0349872697783	0.043192248974
sku-	0.463570938216	0.449996848068	0.0447227996916	0.0417094140246
mir-	0.0350877192982	0.947368421053	0.0	0.0175438596491
isa-	0.00554582603619	0.990075890251	0.00131348511383	0.00306479859895
víc-	0.13411434717	0.233134162884	0.589298441464	0.043453048483
iñú-	0.0113421550094	0.0217391304348	0.550094517959	0.416824196597
eut-	0.0428571428571	0.957142857143	0.0	0.0
ua̱-	0.0491803278688	0.626808100289	0.318225650916	0.00578592092575
dio-	0.00792647570452	0.980659283312	0.0044358112026	0.00697842978082
bab-	0.0188902007084	0.942148760331	0.00885478158205	0.030106257379
ita-	0.114789643423	0.798990579961	0.064282200317	0.0219375762987
ách-	0.063514603829	0.0840948848613	0.00180292041815	0.850587590892
siy-	0.4	0.44	0.1	0.06
láz-	0.00967351874244	0.981862152358	0.00241837968561	0.00604594921403
sor-	0.264150943396	0.735849056604	0.0	0.0
moi-	0.0385514018692	0.957693591455	0.00125166889186	0.00250333778371
stá-	0.563686817123	0.316412376335	0.0306290740595	0.0892717324823
tɨs-	0.00290416263311	0.965150048403	0.026137463698	0.00580832526622
jud-	0.0160400432285	0.872589727547	0.0982196689608	0.0131505602639
nu'-	0.282685512367	0.65371024735	0.0212014134276	0.0424028268551
ndí-	0.195995364429	0.485945881233	0.162155298457	0.15590345588
káa-	0.348399342849	0.256453323994	0.0538912923393	0.341256040818
jío-	0.354430379747	0.493670886076	0.151898734177	0.0
jañ-	0.506688978255	0.255800563188	0.160319559526	0.077190899031
ku̱-	0.198440212025	0.571343923255	0.102072979593	0.128142885128
tau-	0.132450331126	0.507726269316	0.233995584989	0.12582781457
cis-	0.0	0.971428571429	0.0285714285714	0.0
mal-	0.04	0.96	0.0	0.0
ísɨ-	0.0873496741026	0.83287432296	0.0474616726338	0.0323143303039
yí'-	0.260430493028	0.285266629264	0.20081008224	0.253492795468
sab-	0.0	0.993006993007	0.006993006993	0.0
rey-	0.0151731599258	0.933147430696	0.023839727546	0.0278396818322
chó-	0.613565005039	0.322331188464	0.0152628110706	0.048840995426
nin-	0.0790450928382	0.0415665470432	0.0169137150882	0.86247464503
ñú'-	0.14733463927	0.497909686468	0.0664157211142	0.288339953147
yox-	0.389587073609	0.452423698384	0.0502692998204	0.107719928187
su'-	0.206881611727	0.720005776799	0.062281113478	0.0108314979962
paj-	0.250871080139	0.560975609756	0.188153310105	0.0
sét-	0.693448702101	0.210135970334	0.0519159456119	0.044499381953
cie-	0.00436309239368	0.15694666639	0.058174565249	0.780515675968
uni-	0.0324191567744	0.0483995088007	0.187834629554	0.731346704871
vol-	0.00919540229883	0.813793103448	0.0689655172414	0.108045977011
kó'-	0.445601268829	0.366204480624	0.0448825153207	0.143311735227
ñáá-	0.0492866742479	0.248242530756	0.66101519694	0.0414555980564
sir-	0.0120643431635	0.953753351206	0.03418230563	0.0
kít-	0.521353822947	0.41925143773	0.039596492882	0.019798246441
nún-	0.207744519862	0.275954156003	0.34049182152	0.175809502615
sós-	0.0	1.0	0.0	0.0
ñu'-	0.0647822404638	0.840165803446	0.0297648131861	0.0652871429037
rei-	0.0	0.943548387097	0.00806451612903	0.0483870967742
ta'-	0.409206388787	0.374393603671	0.0427811783473	0.173618829195
esr-	0.0	1.0	0.0	0.0
vaa-	0.420122217372	0.446748144915	0.067656045395	0.0654735923178
egi-	0.0394289598912	0.896215726263	0.0582370269658	0.00611828687967
yu'-	0.110726850945	0.68497082164	0.0803884646343	0.123913862781
jue-	0.0567480878361	0.871083148285	0.0129533678757	0.0592153960029
and-	0.00889080564633	0.891220329424	0.0858559888533	0.0140328760761
ALL	0.214843943866	0.280428056736	0.0518281788716	0.452899820526
vá'-	0.148346064128	0.134560478158	0.542306233106	0.174787224608
kík-	0.609924606262	0.212994016796	0.109468487564	0.0676128893778
sám-	0.388535031847	0.477707006369	0.0	0.133757961783
tíx-	0.237659963437	0.762340036563	0.0	0.0
kix-	0.490738513351	0.227407585599	0.0633469649587	0.218506936092
mae-	0.0141103603604	0.960900900901	0.0130067567567	0.011981981982
ja̱-	0.0971341895693	0.0290913160471	0.00732337745518	0.866451116928
per-	0.0683371298406	0.886227913563	0.0284430216093	0.0169919349873
sok-	0.503846375733	0.374961456669	0.0431685303403	0.078023637257
sej-	0.00753816194484	0.947232866386	0.0	0.0452289716691
jui-	0.0853062990665	0.873895036162	0.00649069666811	0.0343079681029
ji̱-	0.397228690396	0.442698356255	0.0313148808773	0.128758072472
kui-	0.152703122375	0.631188205835	0.0693872050189	0.14672146677
plo-	0.196399345336	0.69558101473	0.0981996726678	0.0098199672668
zor-	0.0	1.0	0.0	0.0
víj-	0.0	0.975871313673	0.0214477211796	0.00268096514745
sob-	0.109788359788	0.297619047619	0.275132275132	0.31746031746
lid-	0.0	1.0	0.0	0.0
ñan-	0.0367019773272	0.816327865764	0.0257502643066	0.121219892603
gas-	0.165413533835	0.736842105263	0.0451127819549	0.0526315789473
ata-	0.0	1.0	0.0	0.0
tie-	0.186860447872	0.601364377873	0.0382619012309	0.173513273024
far-	0.00425782785275	0.994366566226	0.0	0.00137560592165
mék-	0.0836501901141	0.680608365019	0.235741444867	0.0
ják-	0.450777202073	0.372316802369	0.102146558105	0.0747594374537
rud-	0.0816326530612	0.918367346939	0.0	0.0
kás-	0.273241762237	0.555154149101	0.0462946676936	0.125309420968
isc-	0.0036496350365	0.996350364964	0.0	0.0
tac-	0.0800064774378	0.774656012631	0.100046050534	0.0452914593971
mes-	0.0762786209317	0.894508290201	0.00605316255812	0.0231599263093
yós-	0.607100335534	0.232889562363	0.0341306779232	0.12587942418
num-	0.128138075314	0.430177824268	0.405857740586	0.0358263598326
maá-	0.35	0.4	0.116666666667	0.133333333333
adi-	0.0	1.0	0.0	0.0
saú-	0.177863083813	0.668586052463	0.126679462572	0.0268714011516
ami-	0.0356628990436	0.900859448937	0.0131571860549	0.0503204659645
kax-	0.440316853319	0.421618534429	0.115716023938	0.0223485883142
tán-	0.206346860903	0.700127771645	0.0698832671297	0.0236421003225
ele-	0.0	1.0	0.0	0.0
gue-	0.0524590163934	0.934426229508	0.00655737704919	0.00655737704916
iku-	0.0522496371553	0.77648766328	0.0522496371553	0.119013062409
cás-	0.108108108108	0.827027027027	0.0648648648649	0.0
sec-	0.184750733138	0.709677419355	0.0879765395894	0.0175953079179
jáñ-	0.0574712643678	0.544061302682	0.051724137931	0.346743295019
jáá-	0.092247353055	0.0909458651377	0.732561820676	0.0842449611313
yux-	0.0665014103769	0.822292503633	0.034190956492	0.0770151294983
súa-	0.0773801929614	0.102902359709	0.0389977120208	0.780719735309
jai-	0.0	0.906542056075	0.0934579439252	0.0
dec-	0.0	0.797567332754	0.00260642919201	0.199826238054
de‑-	0.291666666667	0.291666666667	0.229166666667	0.1875
tal-	0.0	1.0	0.0	0.0
ndé-	0.178556423986	0.311198271087	0.0291970578119	0.481048247116
kác-	0.258270792082	0.579229884988	0.0958430881636	0.0666562347659
kos-	0.467267738142	0.170521364171	0.0870246961975	0.27518620149
alb-	0.166666666667	0.651515151515	0.181818181818	0.0
xík-	0.360666128257	0.324108813216	0.0279086884961	0.28731637003
kɨ̱-	0.633331621071	0.102349133911	0.0178736164094	0.246445628609
kɨv-	0.0302993859255	0.667179518548	0.0122856363804	0.290235459146
kit-	0.133475653146	0.604960862051	0.227457558199	0.0341059266036
pon-	0.123165283982	0.842373962987	0.0268028079132	0.00765794511806
kúj-	0.254520166899	0.304589707928	0.415855354659	0.0250347705146
núy-	0.0713578832231	0.795301838637	0.123964789833	0.00937548830668
gól-	0.0	1.0	0.0	0.0
ské-	0.700676657033	0.197722779491	0.0521467952299	0.0494537682462
ged-	0.0428571428572	0.957142857143	0.0	0.0
chi-	0.165086693469	0.0509351567145	0.00841710670094	0.775561043115
kúa-	0.662393162393	0.252136752137	0.0854700854701	0.0
ben-	0.0	0.954314720812	0.0456852791878	0.0
dió-	0.103448275862	0.827586206897	0.0344827586207	0.0344827586207
kuá-	0.327143686929	0.379433775054	0.199479672556	0.0939428654614
ni̱-	0.296007885787	0.0176061715806	0.00473039419184	0.68165554844
ú'u-	0.0746404043022	0.170532590385	0.358299857458	0.396527147855
kóy-	0.0277296360485	0.972270363952	0.0	0.0
ome-	0.0304568527919	0.939086294416	0.0304568527919	0.0
pin-	0.0	0.88416988417	0.11583011583	0.0
hac-	0.474576271186	0.508474576271	0.0	0.0169491525424
yíy-	0.666666666667	0.333333333333	0.0	0.0
lam-	0.0	0.986455981941	0.0135440180587	0.0
nar-	0.0246913580247	0.913580246914	0.0617283950617	0.0
sáv-	0.177554482922	0.399188510252	0.171721489353	0.251535517473
act-	0.564808110065	0.383055756698	0.0173787110789	0.0347574221579
nát-	0.0802425078147	0.0263227331363	0.0162984853877	0.877136273661
kaj-	0.703440063107	0.138351115315	0.0532394302598	0.104969391319
yáá-	0.184426229508	0.660655737705	0.135245901639	0.0196721311476
tén-	0.12049171112	0.493859857334	0.312753757168	0.0728946743788
yúu-	0.108076429169	0.781382240647	0.100112902809	0.0104284273759
sat-	0.0924751704481	0.891327549188	0.00904034252854	0.00715693783509
ñí'-	0.308542837729	0.103156464266	0.525294953364	0.0630057446414
ve'-	0.132972352417	0.736315192385	0.0267571830833	0.103955272114
esl-	0.0	1.0	0.0	0.0
ínu-	0.234572633193	0.530854733614	0.234572633193	0.0
sɨ́-	0.114812780225	0.616745158419	0.0864576027695	0.181984458587
má'-	0.0701223156301	0.196382325989	0.0221124347584	0.711382923622
ñás-	0.0588076368876	0.901206772334	0.00540345821325	0.0345821325648
xaa-	0.224063876379	0.0999086345333	0.294169492872	0.381857996216
kis-	0.630363036304	0.191419141914	0.0891089108911	0.089108910891
sun-	0.067656891588	0.032055520095	0.0993765899181	0.800910998399
eub-	0.142857142857	0.857142857143	0.0	0.0
luz-	0.0107460853546	0.845471292601	0.136690205711	0.00709241633405
fle-	0.0	1.0	0.0	0.0
tɨv-	0.643387080819	0.290137501237	0.0308635869028	0.0356118310416
ban-	0.310714285714	0.689285714286	0.0	0.0
sáx-	0.454545454545	0.484848484849	0.0606060606061	0.0
adr-	0.0930232558139	0.813953488372	0.0813953488372	0.0116279069767
yug-	0.104997613691	0.809095247835	0.0859071384741	0.0
tey-	0.209227467811	0.627682403433	0.0	0.163090128755
kac-	0.721439228098	0.0929703333872	0.0198964212214	0.165694017294
vít-	0.087329483841	0.354321367757	0.480811757715	0.0775373906871
tiy-	0.325565912117	0.578561917443	0.0499334221039	0.0459387483356
tás-	0.247555555555	0.661333333333	0.0511111111111	0.04
jíc-	0.220588235294	0.477941176471	0.301470588235	0.0
tra-	0.0204081632653	0.979591836735	0.0	0.0
dañ-	1.0	0.0	0.0	0.0
nam-	0.522092284898	0.351135040745	0.0423192930469	0.0844533813102
arq-	0.149425287356	0.844827586207	0.00574712643678	0.0
ale-	0.00354861603975	0.855216465578	0.141234918382	0.0
kúx-	0.397397008247	0.308329880524	0.164711779962	0.129561331267
ké'-	0.681420972644	0.204977203647	0.0554711246201	0.0581306990882
sid-	0.0	1.0	0.0	0.0
i'a-	0.0710784833145	0.165079522421	0.00939041355761	0.754451580707
oli-	0.0118523535388	0.974940738232	0.0111750761937	0.00203183203522
luc-	0.178272980501	0.771587743733	0.0389972144847	0.0111420612813
ñun-	0.101773390408	0.849305494889	0.0301389010221	0.0187822136804
yit-	0.153450876862	0.826749009994	0.0198001131435	0.0
té'-	0.109078858952	0.735265149074	0.111472150372	0.0441838416009
kue-	0.175331533858	0.668231428236	0.0471775613191	0.109259476587
kon-	0.0496982605608	0.400070997515	0.0354987575435	0.514731984381
náa-	0.253363500735	0.626424705505	0.0306460277957	0.0895657659645
vik-	0.109495295124	0.796896003911	0.0328730294513	0.0607356715141
nu̱-	0.282473033847	0.511551018721	0.0680800650218	0.13789588241
soo-	0.0980392156863	0.901960784314	0.0	0.0
ñíi-	0.173286124679	0.814373023712	0.0123408516092	0.0
col-	0.0	0.523076923077	0.476923076923	0.0
vit-	0.246489974176	0.747107688833	0.00640233699161	0.0
yát-	0.124577053214	0.711518627752	0.0556389889084	0.108265330125
var-	0.0797256750964	0.845692241749	0.0102871838834	0.0642948992713
tuk-	0.114952501397	0.0873797829476	0.0668215640717	0.730846151584
xu̱-	0.183853393565	0.724258260382	0.0375837141622	0.0543046318914
díd-	0.0379746835443	0.962025316456	0.0	0.0
pan-	0.0	1.0	0.0	0.0
rom-	0.00566393958464	0.68281938326	0.309628697294	0.00188797986155
níñ-	0.0	0.275590551181	0.724409448819	0.0
sús-	0.458432304038	0.491686460808	0.0498812351544	0.0
tor-	0.00869943453675	0.747716398434	0.243584167029	0.0
lec-	0.0787492762015	0.839027214823	0.0625361899247	0.0196873190504
xɨ́-	0.64082278481	0.144251054852	0.0883438818565	0.126582278481
lin-	0.0601447090745	0.933524268918	0.00633102200785	0.0
kús-	0.3830803343	0.313462959804	0.176502359429	0.126954346467
lél-	0.0866646778043	0.911097852029	0.000894988066824	0.00134248210024
jí'-	0.360858493998	0.471565417728	0.0858493997817	0.0817266884928
cre-	0.0972622478386	0.881123919308	0.00864553314121	0.0129682997118
lat-	0.251101321586	0.563876651982	0.185022026432	0.0
pen-	0.0	1.0	0.0	0.0
ka'-	0.752819919821	0.0896468892413	0.00784962445064	0.149683566487
ape-	0.0384615384615	0.961538461538	0.0	0.0
éfe-	0.0	0.997948717949	0.00205128205128	0.0
fav-	0.193548387097	0.748387096774	0.0290322580645	0.0290322580645
fre-	0.241935483871	0.516129032258	0.16935483871	0.0725806451613
itá-	0.108359133127	0.761609907121	0.0650154798762	0.0650154798762
ber-	0.0165717244951	0.962713619886	0.00207146556189	0.018643190057
mús-	0.0	1.0	0.0	0.0
ndu-	0.431853741128	0.358201882647	0.0813073628616	0.128637013364
núú-	0.357355187837	0.0944109039371	0.0871751065478	0.461058801678
núk-	0.672096811729	0.217128228997	0.0509657900861	0.0598091691878
rod-	0.0146341463415	0.985365853659	0.0	0.0
ple-	0.276923076923	0.723076923077	0.0	0.0
bas-	0.107367030063	0.858936240502	0.00396432111	0.0297324083251
yaú-	0.0851667849539	0.860894251242	0.0	0.0539389638041
mañ-	0.0584415584416	0.785714285714	0.155844155844	0.0
yúk-	0.0840414896277	0.537178205449	0.30192451887	0.0768557860534
yuu-	0.156026560543	0.822135263665	0.0108636610538	0.010974514738
víi-	0.513493681207	0.217774154097	0.079249898084	0.189482266612
se̱-	0.0492672317319	0.742553595235	0.0145093955878	0.193669777445
iñu-	0.0873660185479	0.364862912778	0.168838297749	0.378932770924
oné-	0.0	1.0	0.0	0.0
pun-	0.0772908366535	0.758565737052	0.0900398406374	0.0741035856573
íñu-	0.0	0.851709745159	0.131179840821	0.0171104140202
áku-	0.0298850574713	0.83908045977	0.0183908045977	0.112643678161
sáj-	0.720603537981	0.186784599376	0.031737773153	0.0608740894901
kee-	0.668981906294	0.162193697213	0.0388543568388	0.129970039654
ɨɨn-	0.0217236295305	0.151457573271	0.0203504312409	0.806468365957
jec-	0.0	1.0	0.0	0.0
cai-	0.0	1.0	0.0	0.0
ju'-	0.659517426274	0.225201072386	0.104557640751	0.0107238605898
ñuu-	0.044373882624	0.297635146586	0.00504204886996	0.65294892192
táj-	0.873984639194	0.0628790837057	0.0134542566336	0.0496820204671
kun-	0.548838787498	0.202268928225	0.0471025306957	0.201789753581
yi̱-	0.262742282843	0.521895190237	0.139985642498	0.0753768844221
cum-	0.0365853658537	0.780487804878	0.0365853658537	0.146341463415
kan-	0.584203379123	0.249358842094	0.0402704869188	0.126167291865
táx-	0.368611254517	0.566339700568	0.0650490449148	0.0
paf-	0.0	1.0	0.0	0.0
kuk-	0.40049885589	0.321845109381	0.199858691664	0.077797343064
xín-	0.0423390941868	0.904959540827	0.0440555439511	0.00864582103513
juk-	0.625910118002	0.139342204369	0.025393637244	0.209354040386
ñáa-	0.138097796883	0.687802256851	0.170875873186	0.00322407307899
añú-	0.0389858828463	0.705455094971	0.0200083797781	0.235550642404
kɨy-	0.127388535032	0.168789808917	0.632165605096	0.0716560509554
kíj-	0.267193675889	0.501976284585	0.0379446640316	0.192885375494
sio-	0.00320512820513	0.996794871795	0.0	0.0
jíí-	0.0245558226998	0.0148141907118	0.00241784002933	0.958212146559
máá-	0.0344749958304	0.0453927758055	0.0225929591168	0.897539269247
vi̱-	0.0958155730323	0.253366952833	0.599687818935	0.0511296552
jes-	0.00348165298482	0.96406415701	0.00265689593258	0.0297972940731
nɨ́-	0.100129170965	0.138212932701	0.233934438614	0.52772345772
kum-	0.568713485156	0.261857636819	0.0671038511983	0.102325026827
sa̱-	0.190991051492	0.493863640179	0.151906384836	0.163238923493
áín-	0.0	0.976190476191	0.0	0.0238095238095
mna-	0.175	0.725	0.05	0.05
nef-	0.0	1.0	0.0	0.0
xe'-	0.0242424242424	0.967676767677	0.00808080808081	0.0
va'-	0.0988975703735	0.0794808514797	0.251245561729	0.570376016417
táa-	0.018936894934	0.846182816507	0.00380992290933	0.13107036565
ces-	0.0	0.997616209774	0.0	0.00238379022646
ken-	0.486428518557	0.0880866416501	0.0328832121431	0.39260162765
ján-	0.422660329426	0.365580668161	0.0484217735462	0.163337228867
kák-	0.455027210043	0.267663039715	0.0655753254329	0.211734424809
azu-	0.0327181208053	0.967281879195	0.0	0.0
tɨɨ-	0.572808336466	0.316094474377	0.0274819362653	0.0836152528923
yúy-	0.367995425584	0.462914556445	0.120078418559	0.0490115994118
juz-	0.025	0.775	0.2	0.0
na̱-	0.198259206178	0.150146031763	0.0379622012665	0.613632560793
mat-	0.0	1.0	0.0	0.0
nuu-	0.023450100348	0.0267430736778	0.00383375084527	0.945973075129
ú'i-	0.235294117647	0.372549019608	0.21568627451	0.176470588235
tró-	0.0	1.0	0.0	0.0
ve̱-	0.0827980235911	0.826377217735	0.0259277516215	0.0648970070525
kós-	0.257234726688	0.509646302251	0.08038585209	0.152733118971
séj-	0.0	1.0	0.0	0.0
yís-	0.571266254261	0.202625931069	0.210011362202	0.0160964524681
kín-	0.172457251263	0.488777703602	0.245628010093	0.0931370350423
jul-	0.0130718954248	0.986928104575	0.0	0.0
ndɨ-	0.190920226775	0.27698450208	0.203600508811	0.328494762334
to̱-	0.278350515464	0.721649484536	0.0	0.0
nah-	0.0	1.0	0.0	0.0
zac-	0.0	0.99815498155	0.00184501845019	0.0
álo-	0.0705882352941	0.835294117647	0.0705882352941	0.0235294117647
ñún-	0.328241123039	0.528901734104	0.118084227911	0.0247729149463
amé-	0.0198761996706	0.127718780169	0.00511102277244	0.847293997388
gay-	0.0161290322581	0.983870967742	0.0	0.0
via-	0.166975881262	0.743970315399	0.0890538033396	0.0
kin-	0.653966509806	0.262761866087	0.0300981773881	0.0531734467191
gob-	0.0323418319169	0.94074598678	0.0113314447592	0.0155807365439
lá'-	0.121951219512	0.585365853659	0.292682926829	0.0
kái-	0.435482731744	0.34658073534	0.0924658085925	0.125470724324
tín-	0.0180586907449	0.346124905944	0.635816403311	0.0
su̱-	0.0719020556108	0.589153624159	0.178986870488	0.159957449742
apó-	0.039689985723	0.916744850092	0.0296145217214	0.0139506424638
sás-	0.53647869236	0.245480390712	0.137977599389	0.0800633175399
gre-	0.0192616372392	0.598073836276	0.365650080257	0.0170144462279
kuv-	0.542649985783	0.213249928917	0.202587432471	0.0415126528291
ser-	0.0	1.0	0.0	0.0
róó-	0.0139533588971	0.0306092386778	0.00318967057082	0.952247731854
tɨ́-	0.195345945814	0.632498687522	0.0867163908486	0.0854389758153
nás-	0.549749784377	0.237404489156	0.0610194212201	0.151826305247
ndi-	0.333285566737	0.302387579785	0.179412746559	0.184914106919
cri-	0.00777734123866	0.984793556683	0.00367883420245	0.00375026787628
mis-	0.0	1.0	0.0	0.0
elm-	0.0	1.0	0.0	0.0
skó-	0.354599828135	0.535909698616	0.0248841984656	0.0846062747831
já'-	0.37711575301	0.381377075828	0.0461225827731	0.19538458839
ran-	0.0584973493389	0.928706355493	0.0	0.0127962951679
ñav-	0.513219284603	0.309486780715	0.0839813374805	0.0933125972006
kís-	0.631578947368	0.244019138756	0.124401913876	0.0
zel-	0.0	1.0	0.0	0.0
ñát-	0.223765996344	0.460329067642	0.197440585009	0.118464351006
vot-	0.653716216216	0.346283783784	0.0	0.0
xik-	0.0631632841425	0.167286051137	0.0364490636091	0.733101601112
agr-	0.0	0.996374622356	0.0	0.0036253776435
ché-	0.0535714285714	0.910714285714	0.0357142857143	0.0
juñ-	0.840329835082	0.0817091454273	0.0329835082459	0.0449775112444
túc-	0.121827411167	0.842639593909	0.0	0.0355329949239
luu-	0.079086870978	0.776842711206	0.0971810535179	0.0468893642979
cad-	0.0685672155321	0.919144753011	0.00245760629147	0.00983042516588
kua-	0.35281884866	0.27832441262	0.195010597504	0.173846141216
yúá-	0.0884027338507	0.167301788111	0.0114784701544	0.732817007884
tat-	0.0503886742666	0.851316791238	0.0169732198565	0.0813213146394
íñú-	0.151249155976	0.792032410533	0.0567184334909	0.0
bit-	0.0	1.0	0.0	0.0
sté-	0.473377945883	0.362525458248	0.0901949374455	0.073901658423
yii-	0.0632138495797	0.799152359744	0.0976941311687	0.0399396595072
ích-	0.124846234188	0.282488104909	0.11208077057	0.480584890333
náj-	0.447797235504	0.210095368652	0.226148565212	0.115958830632
táv-	0.37160479224	0.457686003481	0.0687000456243	0.102009158654
jín-	0.152080465939	0.14533368386	0.0227358289196	0.679850021282
síy-	0.524422703403	0.181713545788	0.257175742752	0.036688008057
cef-	0.00629260618772	0.973256423702	0.00786575773466	0.0125852123755
sía-	0.629295830445	0.154847974646	0.096365257007	0.119490937902
ko'-	0.423316274905	0.480193093605	0.0574854536422	0.0390051778475
tev-	0.801152737752	0.112391930836	0.0691642651296	0.0172910662824
yák-	0.0773930753564	0.313645621181	0.503054989817	0.105906313646
tuñ-	0.529411764706	0.392156862745	0.0522875816993	0.0261437908497
taz-	0.0662020905923	0.912891986063	0.00696864111498	0.01393728223
enr-	0.0	0.965517241379	0.0344827586207	0.0
lí'-	0.00953895071542	0.990461049285	0.0	0.0
ndó-	0.212054314365	0.473357712159	0.246658278488	0.0679296949882
laz-	0.030502736494	0.944469377152	0.0226815220084	0.00234636434569
suá-	0.087591240876	0.583941605839	0.328467153285	0.0
va̱-	0.209585313797	0.186622536237	0.268785236617	0.33500691335
mos-	0.048048048048	0.926926926927	0.0220220220221	0.003003003003
sur-	0.014471780029	0.388567293777	0.285817655572	0.311143270622
tót-	0.235294117647	0.56862745098	0.078431372549	0.117647058824
ji'-	0.45756977369	0.212679464314	0.238154596789	0.0915961652078
xí'-	0.0853658536585	0.841463414634	0.0487804878049	0.0243902439024
fri-	0.0	0.9125	0.0875	0.0
reg-	0.231578947368	0.768421052632	0.0	0.0
pla-	0.0740740740741	0.847578347578	0.0754985754986	0.002849002849
viñ-	0.164461247637	0.682419659735	0.119092627599	0.0340264650283
mac-	0.0617678624437	0.909974196789	0.0179823259425	0.0102756148243
ico-	0.0	1.0	0.0	0.0
jaa-	0.565843846903	0.169791415401	0.0950883481695	0.169276389526
bet-	0.0129049972543	0.976386600769	0.00329489291598	0.00741350906095
vis-	0.5	0.310344827586	0.189655172414	0.0
ku'-	0.337458610628	0.330819919352	0.261613611776	0.0701078582434
vix-	0.109546630476	0.225454853895	0.641842317316	0.023156198312
sal-	0.0572807385648	0.933906840117	0.00629458665548	0.00251783466219
asu-	0.0898361810815	0.339439844989	0.55487053021	0.0158534437203
pat-	0.057411764706	0.873882352941	0.0588235294118	0.00988235294117
kɨ́-	0.416731973918	0.368343142226	0.0569069461305	0.158017937725
itú-	0.178882625249	0.800026410203	0.0140606430326	0.00703032151632
neá-	0.0	1.0	0.0	0.0
cim-	0.0977917981072	0.895899053628	0.0	0.00630914826498
gab-	0.0	1.0	0.0	0.0
xán-	0.15625	0.15625	0.53125	0.15625
cam-	0.0156657963447	0.984334203655	0.0	0.0
yan-	0.189244800356	0.105605605606	0.0516071627183	0.65354243132
sán-	0.31874667638	0.354256618625	0.176152185755	0.150844519239
ruu-	0.0271299146118	0.0116001604771	0.00138321696746	0.959886707944
yun-	0.0707686609648	0.874306408137	0.0113306675629	0.0435942633351
aqu-	0.0	1.0	0.0	0.0
yee-	0.585351041639	0.353101153856	0.0268000950545	0.03474770945
cua-	0.0891215823153	0.75427574171	0.113321698662	0.0432809773124
ket-	0.677534493101	0.209928014397	0.031073785243	0.0814637072586
est-	0.0678221552374	0.837980406933	0.0376789751319	0.0565184626978
dám-	0.0	1.0	0.0	0.0
ren-	0.176059491133	0.151862017949	0.668808035975	0.00327045494364
pañ-	0.0660585089651	0.915067631331	0.0188738597043	0.0
kut-	0.271202810257	0.208225244617	0.0844048961612	0.436167048965
kát-	0.357622029999	0.415047565991	0.123278420945	0.104051983065
tab-	0.0159786950732	0.968042609854	0.00798934753662	0.00798934753661
vac-	0.367521367521	0.632478632479	0.0	0.0
naz-	0.00534640231678	0.990643795946	0.00400980173758	0.0
gal-	0.00356778797146	0.978593272171	0.0160550458716	0.00178389398573
nac-	0.350224154004	0.523961734618	0.048812279491	0.0770018318873
xá'-	0.704451008862	0.108045861914	0.187503129224	0.0
ánd-	0.019175906591	0.871415546602	0.0592335519543	0.0501749948531
sel-	0.164102762816	0.820785058318	0.00813732708181	0.00697485178441
lúc-	0.184615384615	0.415384615385	0.4	0.0
ta̱-	0.0670897761525	0.156151694944	0.0279866868449	0.748771842058
kus-	0.423572225289	0.340728055252	0.151762677873	0.0839370415855
adá-	0.0	1.0	0.0	0.0
tám-	0.0576923076923	0.173076923077	0.0288461538462	0.740384615385
ii̱-	0.0513562325068	0.757726973149	0.170845066806	0.0200717275381
tej-	0.104651162791	0.895348837209	0.0	0.0
yuv-	0.0548780487805	0.94512195122	0.0	0.0
ray-	0.0453020134228	0.934563758389	0.0	0.0201342281879
sáá-	0.119265508347	0.345921051512	0.0436710962041	0.491142343938
kún-	0.455863746243	0.390098753305	0.071569550574	0.0824679498787
yún-	0.120488052872	0.835282155567	0.0106761565836	0.0335536349771
not-	0.0425531914894	0.765957446808	0.191489361702	0.0
xi̱-	0.663070539419	0.247302904564	0.0763485477179	0.0132780082988
nuú-	0.650205761317	0.251028806584	0.0246913580247	0.0740740740741
tak-	0.227678383202	0.589335656965	0.0455356766405	0.137450283193
mun-	0.0689440993789	0.903726708075	0.0	0.0273291925466
únd-	0.188191881919	0.509225092251	0.0	0.30258302583
pav-	0.0	1.0	0.0	0.0
kón-	0.0451807228916	0.566265060241	0.271084337349	0.117469879518
kak-	0.69672137997	0.129627832565	0.0321609044563	0.141489883009
abb-	0.0484848484848	0.866666666667	0.0	0.0848484848485
cub-	0.047619047619	0.833333333333	0.0	0.119047619048
one-	0.0	0.981481481482	0.0185185185185	0.0
sóó-	0.596774193549	0.274193548387	0.118279569892	0.010752688172
yɨk-	0.0652173913043	0.554347826087	0.315217391304	0.0652173913043
íxn-	0.398190045249	0.407239819004	0.194570135747	0.0
gog-	0.0363636363636	0.963636363636	0.0	0.0
vek-	0.129771364501	0.830790230585	0.00848242577877	0.0309559791352
tes-	0.146463022508	0.801768488746	0.0152733118971	0.0364951768489
yuá-	0.0524934383202	0.63167104112	0.0402449693788	0.275590551181
sos-	0.0	1.0	0.0	0.0
evo-	0.0375	0.9625	0.0	0.0
jas-	0.586403036789	0.292602359582	0.0546338233033	0.0663607803255
dru-	0.0	0.960784313725	0.0392156862745	0.0
ndá-	0.179306879315	0.529325062201	0.201510678529	0.0898573799554
chu-	0.48616964	0.265949040192	0.0637046786387	0.18417664117
súk-	0.141721854305	0.216335540839	0.514790286976	0.127152317881
gus-	0.354285714286	0.2	0.0	0.445714285714
lad-	0.0615942028985	0.54117259552	0.0670289855073	0.330204216074
kiñ-	0.473115273803	0.145259370556	0.0550919558121	0.326533399829
him-	0.0	0.920529801324	0.0	0.0794701986755
nau-	0.32	0.349333333333	0.056	0.274666666667
i̱n-	0.12426035503	0.751479289941	0.0355029585799	0.0887573964497
rúu-	0.017710482802	0.00319772606147	0.00049195785561	0.978599833281
áná-	0.25641025641	0.0883190883191	0.603988603989	0.051282051282
sau-	0.0606673407482	0.882625547691	0.00749915739804	0.0492079541625
sín-	0.0	1.0	0.0	0.0
nús-	0.094757006389	0.0258072633036	0.00527463086796	0.874161099439
esm-	0.0	1.0	0.0	0.0
pri-	0.0	1.0	0.0	0.0
tro-	0.0	1.0	0.0	0.0
túj-	0.0	1.0	0.0	0.0
yi'-	0.0462275995891	0.820226001598	0.133546398813	0.0
aa̱-	0.191037735849	0.286556603774	0.0365566037736	0.485849056604
nó'-	0.629055093432	0.130368214192	0.0158871400626	0.224689552314
ejé-	0.444444444444	0.481481481481	0.074074074074	0.0
kót-	0.413588566912	0.326500552841	0.0852212626052	0.174689617642
ka̱-	0.582952160297	0.254604195201	0.0698647623558	0.0925788821458
ela-	0.0	1.0	0.0	0.0
tɨr-	0.169932987736	0.830067012264	0.0	0.0
fin-	0.0380313199105	0.331841909023	0.625652498136	0.00447427293065
sáy-	0.623794212219	0.250803858521	0.106109324759	0.0192926045016
nag-	0.0721374045801	0.159732824428	0.114885496183	0.653244274809
yóo-	0.0390131956397	0.869764773379	0.0808950086058	0.0103270223752
etí-	0.0	0.554585152838	0.445414847162	0.0
leg-	0.126984126984	0.301587301587	0.539682539683	0.031746031746
arp-	0.076726342711	0.907928388747	0.0153452685422	0.0
itu-	0.190200471981	0.791943973507	0.0108685983989	0.00698695611357
ai̱-	0.274944567627	0.434589800443	0.0	0.290465631929
señ-	0.629945222155	0.324406573341	0.0219111381619	0.0237370663421
tét-	0.68824940048	0.177458033573	0.134292565947	0.0
yús-	0.415784408085	0.584215591915	0.0	0.0
yív-	0.635514018692	0.11214953271	0.158878504673	0.0934579439252
que-	0.701581027668	0.209486166008	0.0592885375494	0.0296442687747
tir-	0.0	0.996820349762	0.0	0.00317965023847
kɨ'-	0.444444444444	0.4	0.155555555556	0.0
koy-	0.426641682811	0.151411693715	0.0289008162099	0.393045807264
rob-	0.0	1.0	0.0	0.0
sie-	0.143617021277	0.707446808511	0.0851063829787	0.0638297872341
jíó-	0.917067307692	0.00360576923077	0.0	0.0793269230769
fue-	0.0516302965563	0.769698356987	0.0647540566662	0.113917289791
ceb-	0.032967032967	0.962637362637	0.0	0.00439560439559
tap-	0.218253968254	0.464285714286	0.0	0.31746031746
tún-	0.281839072516	0.585465729046	0.0314459975465	0.101249200892
tɨn-	0.0949708914919	0.420214631409	0.342007434944	0.142807042155
yée-	0.762573756673	0.19078392807	0.0269738690643	0.0196684461928
sol-	0.0819329538889	0.834843325507	0.049294995513	0.0339287250913
tɨx-	0.191892896988	0.65489029379	0.148754183711	0.00446262551134
koo-	0.446087712692	0.212397345269	0.0378116618082	0.303703280231
jít-	0.111101327909	0.778892301474	0.0236990930532	0.0863072775634
nch-	0.442537265736	0.354029643646	0.0764649063047	0.126968184313
pre-	0.171277786662	0.742683511914	0.0687669918439	0.0172717095794
azo-	0.0	1.0	0.0	0.0
com-	0.12775749881	0.87224250119	0.0	0.0
mag-	0.0014917951268	0.994032819493	0.0014917951268	0.0029835902536
job-	0.0	0.962732919255	0.0372670807453	0.0
moz-	0.0607353007573	0.819057844669	0.0291982129107	0.0910086416628
ped-	0.0117539462096	0.969344895332	0.00579229049522	0.0131088679629
esp-	0.0157349865991	0.927090389656	0.0489279297853	0.00824669395929
kúr-	0.061135371179	0.938864628821	0.0	0.0
tuc-	0.125137211855	0.611416026345	0.256860592755	0.00658616904501
mí'-	0.213145006743	0.327773440273	0.278728085741	0.180353467244
chí-	0.360807282257	0.339061399868	0.112682483626	0.187448834249
bot-	0.0	0.910447761194	0.044776119403	0.044776119403
núu-	0.0618770258965	0.0378194300888	0.00939296077024	0.890910583244
ro̱-	0.714285714286	0.142857142857	0.107142857143	0.0357142857143
leb-	0.0	0.985507246377	0.0144927536232	0.0
nɨñ-	0.0804813077004	0.876996260715	0.0207659462066	0.0217564853784
yij-	0.306105610561	0.147689768977	0.496699669967	0.0495049504951
xku-	0.132352941176	0.772058823529	0.0955882352941	0.0
ofr-	0.321428571429	0.339285714286	0.339285714286	0.0
ram-	0.0	1.0	0.0	0.0
yaj-	0.0310616200476	0.83555612916	0.112674504094	0.0207077466984
pas-	0.0103614160602	0.985938078204	0.00370050573578	0.0
ace-	0.0718132854578	0.770197486535	0.147217235189	0.0107719928187
vee-	0.0837988826816	0.266759776536	0.167597765363	0.481843575419
las-	0.0	1.0	0.0	0.0
stu-	0.648778359511	0.265270506108	0.0578097731239	0.0281413612565
vin-	0.117044730567	0.289123728726	0.0404570729902	0.553374467716
elí-	0.00494437577256	0.992995467656	0.000824062628762	0.00123609394314
ú'a-	0.166666666667	0.666666666667	0.166666666667	0.0
nú'-	0.435162836254	0.289537202225	0.0556196872705	0.219680274251
ter-	0.00515021459228	0.206008583691	0.788841201717	0.0
tíq-	0.0123966942149	0.987603305785	0.0	0.0
jik-	0.564533727565	0.255155417691	0.0190435804642	0.16126727428
yos-	0.456692913386	0.425196850394	0.0393700787401	0.0787401574803
nía-	0.114343029087	0.357071213641	0.516549648947	0.012036108325
arf-	0.0	1.0	0.0	0.0
cle-	0.03125	0.95625	0.0125	0.0
reb-	0.0727272727273	0.854545454545	0.0363636363636	0.0363636363637
ema-	0.04	0.96	0.0	0.0
ñak-	0.107822410148	0.889006342495	0.0	0.0031712473573
yúa-	0.0754192798719	0.0862064397452	0.00562446300761	0.832749817375
zeb-	0.0	1.0	0.0	0.0
pis-	0.0153452685422	0.979539641944	0.00511508951406	0.0
yúj-	0.159368899159	0.775130483286	0.0597633371848	0.00573728036972
lɨ́-	0.243877099377	0.438365385847	0.260972405853	0.0567851089235
pet-	0.0	0.929675425039	0.0703245749613	0.0
anf-	0.0740740740741	0.925925925926	0.0	0.0
apo-	0.0031007751938	0.990697674419	0.0	0.0062015503876
fan-	0.0	1.0	0.0	0.0
kíi-	0.557539662297	0.134450339234	0.0296740294853	0.278335968984
quí-	0.0	1.0	0.0	0.0
lot-	0.0115849285596	0.98841507144	0.0	0.0
nín-	0.177690727627	0.35803656342	0.106416452479	0.357856256474
yuj-	0.208531708246	0.661969148734	0.123309845744	0.00618929727671
jit-	0.146388736841	0.687826245015	0.022926992953	0.142858025191
vé'-	0.0873859508134	0.631214555706	0.0217514203069	0.259648073174
túu-	0.142687934816	0.0925958465934	0.0635831755143	0.701133043077
tu'-	0.610085227273	0.257102272727	0.0965909090909	0.0362215909091
u'u-	0.268626742281	0.315203999355	0.0476788397052	0.368490418659
yáj-	0.138559708295	0.786690975387	0.0692798541477	0.00546946216955
