jer-	0.0215808575837	0.973116293221	0.00404233586161	0.00126051333319
lob-	0.0	0.917525773196	0.0412371134021	0.0412371134021
tut-	0.367962438577	0.57660114933	0.0173856916799	0.0380507204131
vas-	0.740718987024	0.154560455609	0.0219722467952	0.0827483105721
fig-	0.0357142857143	0.964285714286	0.0	0.0
son-	0.0221453287197	0.9723183391	0.0	0.00553633217992
maa-	0.333348407013	0.0750227558892	0.0685538229967	0.523075014102
ica-	0.366263746251	0.289769456815	0.228543730498	0.115423066436
jac-	0.00170875261059	0.983387127397	0.0104423770647	0.00446174292766
pro-	0.0684270601664	0.908861980913	0.0156505571834	0.00706040173686
júp-	0.00854700854703	0.940170940171	0.034188034188	0.017094017094
coo-	0.568602420845	0.260719998184	0.0626511359264	0.108026445045
abí-	0.00536193029489	0.986595174263	0.0	0.00804289544236
nas-	0.598506773072	0.15215487493	0.0571076171199	0.192230734879
mah-	0.164507607509	0.574347837131	0.0330209047728	0.228123650588
yuñ-	0.27238335435	0.602774274906	0.00378310214376	0.1210592686
tum-	0.235530797566	0.673217667585	0.0509881998737	0.0402633349751
eno-	0.119815668203	0.870967741936	0.0	0.00921658986177
lis-	0.138992404068	0.338306068967	0.487052549255	0.03564897771
ana-	0.0609137055838	0.901707429626	0.0179972311952	0.0193816335948
yu‑-	0.481751824818	0.299270072993	0.0291970802919	0.189781021898
zaa-	0.0253722764262	0.955598516254	0.0190292073197	0.0
nun-	0.104375329468	0.832999472852	0.0208750658935	0.041750131787
euf-	0.0	1.0	0.0	0.0
caq-	0.662514827995	0.22499011467	0.0219454329775	0.0905496243575
pró-	0.0	1.0	0.0	0.0
abi-	0.0	0.963376061262	0.0366239387381	0.0
zin-	0.0471204188481	0.952879581152	0.0	0.0
mil-	0.0228908457239	0.325080942855	0.0202099358644	0.631818275556
tib-	0.0296662546353	0.930778739184	0.017305315204	0.0222496909765
teh-	0.414458342167	0.337926648293	0.0237439050244	0.223871104516
yut-	0.0902857142856	0.819848214286	0.0520535714286	0.0378125
ari-	0.0561037496476	0.926980546941	0.0169157034113	0.0
zon-	0.229727584095	0.5843672738	0.0416449293442	0.144260212761
vaz-	0.206060270535	0.164786211224	0.0945468637546	0.534606654487
tus-	0.571725571726	0.391891891892	0.0259875259875	0.010395010395
ɨɨn-	0.223584721242	0.260917608893	0.127369492325	0.388128177541
paf-	0.0	1.0	0.0	0.0
mar-	0.0344421022545	0.951445210618	0.004037300368	0.0100753867591
cah-	0.469338025653	0.297427316772	0.106532480995	0.126702176579
suu-	0.0141747612787	0.0341042068227	0.00528942951874	0.94643160238
zaq-	0.433807685559	0.436141593787	0.0833423632355	0.0467083574178
así-	0.0	1.0	0.0	0.0
nen-	0.0	0.936507936508	0.031746031746	0.031746031746
cul-	0.232528987778	0.566906925729	0.166718896897	0.0338451895958
zac-	0.481135960062	0.394451142867	0.071456279999	0.052956617072
val-	0.231529959279	0.370564281559	0.34554973822	0.0523560209424
ate-	0.0333333333333	0.930303030303	0.0363636363636	0.0
yoz-	0.193844125558	0.149743122224	0.0481483393607	0.608264412858
nuq-	0.111510791367	0.771942446043	0.0172661870504	0.0992805755395
caz-	0.521472392638	0.213496932515	0.220858895706	0.0441717791411
coz-	0.371886630404	0.496421414257	0.0835957629545	0.0480961923848
sin-	0.516446718279	0.400016934048	0.0301016970437	0.0534346506294
urí-	0.0	1.0	0.0	0.0
dor-	0.0863309352517	0.798561151079	0.0143884892086	0.10071942446
pat-	0.0955321491093	0.862817730299	0.0287070552286	0.0129430653632
alt-	0.0417633410673	0.945475638051	0.0092807424594	0.00348027842227
ñih-	0.492314125654	0.184421548574	0.12919590553	0.194068420242
jor-	0.0	0.996340347667	0.00182982616652	0.00182982616651
naí-	0.0357142857143	0.892857142857	0.0	0.0714285714286
gen-	0.133333333333	0.833333333333	0.0111111111111	0.0222222222222
ñiñ-	0.117514050874	0.237338273196	0.500279567636	0.144868108293
zoc-	0.0296232916929	0.0296250700733	0.00790013185589	0.932851506378
jam-	0.410714285714	0.46875	0.120535714286	0.0
tañ-	0.0926123215103	0.0627522007605	0.03870571389	0.805929763839
aca-	0.0192043895748	0.9780521262	0.0	0.00274348422496
por-	0.225	0.775	0.0	0.0
zɨɨ-	0.329739757892	0.375211630923	0.190652439882	0.104396171302
alf-	0.0244897959184	0.975510204082	0.0	0.0
pas-	0.151861408035	0.81275340951	0.015481017324	0.0199041651308
cos-	0.288785929558	0.568764338087	0.113930997256	0.0285187350996
cen-	0.128172588833	0.852791878173	0.00761421319797	0.011421319797
qui-	0.544050660296	0.204586821814	0.0457335836475	0.205628934242
ped-	0.0507884666139	0.934069015571	0.00425574030087	0.0108867775139
epa-	0.263574064312	0.654717975751	0.0448075909331	0.0369003690037
yac-	0.204960641616	0.378752837835	0.393371666207	0.0229148543421
yei-	0.883018867925	0.116981132075	0.0	0.0
asi-	0.0193045415171	0.949263704987	0.0217794827373	0.00965227075857
dia-	0.0484330484331	0.951566951567	0.0	0.0
nan-	0.585209525162	0.257013347338	0.0740858712712	0.0836912562292
uva-	0.111812850422	0.793935683444	0.0667010375717	0.0275504285622
nuz-	0.0382090951711	0.925222691045	0.0239099859353	0.0126582278481
usi-	0.0339593207129	0.135994503974	0.0212999289678	0.808746246346
tɨh-	0.30255164034	0.136087484812	0.561360874848	0.0
tol-	0.135135135135	0.864864864865	0.0	0.0
mel-	0.0935910478128	0.89013224822	0.0101729399797	0.00610376398779
cue-	0.101402822317	0.145205963737	0.0185978536883	0.734793360258
tyi-	0.403601565349	0.364264301005	0.0849166237309	0.147217509916
mir-	0.112244897959	0.831632653061	0.0459183673469	0.0102040816326
yuc-	0.157517773652	0.190975459829	0.0241850114566	0.627321755063
joe-	0.55230125523	0.347280334728	0.0251046025105	0.0753138075314
zɨv-	0.112996100866	0.847921076542	0.0133305751476	0.0257522474443
eut-	0.245614035088	0.69298245614	0.0438596491228	0.0175438596491
pud-	0.0943396226415	0.905660377358	0.0	0.0
dio-	0.0909090909091	0.857142857143	0.0	0.0519480519481
yah-	0.371685873826	0.215317461215	0.0892885302195	0.32370813474
bab-	0.0842358604091	0.879663056558	0.0252707581227	0.0108303249097
ita-	0.0707476166583	0.85750125439	0.0466633216257	0.0250878073256
zus-	0.139264990329	0.0947775628626	0.765957446809	0.0
tuh-	0.232034798647	0.449378140848	0.0518576690304	0.266729391475
siy-	0.164561329813	0.364348295727	0.240903544567	0.230186829893
láz-	0.0396145610279	0.923982869379	0.00428265524626	0.0321199143469
cac-	0.557724780771	0.313130266045	0.0523862113439	0.0767587418397
moi-	0.0390408034923	0.951549008717	0.00330504156549	0.00610514622514
yɨt-	0.0773739742087	0.855803048066	0.052754982415	0.0140679953107
jud-	0.0394656540313	0.939241879704	0.00827286905811	0.0130195972062
zam-	0.565181895233	0.287731864292	0.0705896792989	0.0764965611766
muz-	0.0761127008504	0.845108462425	0.0520079107539	0.0267709259709
uzí-	0.0	1.0	0.0	0.0
cis-	0.141176470588	0.788235294118	0.0705882352942	0.0
mal-	0.0455005055611	0.944388270981	0.0	0.010111223458
yoñ-	0.0983308889618	0.177682190915	0.0491171704334	0.674869749689
sab-	0.0185185185185	0.981481481481	0.0	0.0
ñah-	0.136589321606	0.528055613471	0.0690367976398	0.266318267282
nin-	0.037037037037	0.962962962963	0.0	0.0
coh-	0.433881268584	0.301034849584	0.0217269545801	0.243356927252
xic-	0.528745548662	0.146560691166	0.0146236401238	0.310070120048
sir-	0.0863534824792	0.856299803287	0.0489447537759	0.00840196045744
yav-	0.10831643002	0.754563894523	0.12738336714	0.00973630831644
sós-	0.0535714285714	0.928571428571	0.0178571428571	0.0
esr-	0.0	1.0	0.0	0.0
jue-	0.160325519928	0.729985393337	0.0822146483968	0.027474438339
and-	0.0488247711664	0.858111581424	0.0654358719278	0.0276277754822
ALL	0.239979579966	0.307819596435	0.0562659915436	0.395934832055
san-	0.185699039488	0.696905016009	0.00960512273214	0.107790821772
mae-	0.0138780533898	0.932916281031	0.0362942108554	0.0169114547243
cil-	0.0123167155425	0.980410557185	0.00727272727273	0.0
per-	0.0319015322783	0.934940969606	0.027128862095	0.0060286360211
ñɨy-	0.345679012346	0.518518518519	0.135802469136	0.0
nuc-	0.854584915898	0.145415084102	0.0	0.0
cal-	0.148503915925	0.767002476739	0.0793727826495	0.00512082468706
noo-	0.290298562229	0.295021312769	0.0226620167934	0.392018108209
zor-	0.0	1.0	0.0	0.0
yuh-	0.167760777259	0.245989293803	0.153949487401	0.432300441537
lid-	0.0282685512367	0.971731448763	0.0	0.0
ñan-	0.142316947404	0.713647301478	0.119284977656	0.0247507734616
div-	0.107142857143	0.892857142857	0.0	0.0
xei-	0.0589499165863	0.0740156068383	0.0451762573687	0.821858219207
ata-	0.0	1.0	0.0	0.0
far-	0.0123963856321	0.969307744007	0.00336046598462	0.0149354043761
izu-	0.0645161290323	0.935483870968	0.0	0.0
rud-	0.119402985075	0.880597014925	0.0	0.0
uhv-	0.138450332365	0.519662112202	0.330585487484	0.0113020679482
tɨc-	0.1521033331	0.541564478079	0.0741597178427	0.232172470978
tac-	0.0769894550554	0.0841448168397	0.0177772842891	0.821088443816
mes-	0.243580443929	0.739010590454	0.00348179312346	0.0139271724938
arc-	0.0	0.8125	0.15625	0.03125
num-	0.144932677734	0.369086540671	0.0588660168002	0.427114764795
cuh-	0.256519449455	0.209123962915	0.0406273289698	0.49372925866
saú-	0.0865384615384	0.913461538462	0.0	0.0
ami-	0.130715990552	0.787766863022	0.0292884614592	0.0522286849666
zat-	0.446660542487	0.405865474869	0.076583982873	0.0708899997718
cás-	0.0940438871473	0.849529780564	0.0376175548589	0.0188087774295
sec-	0.388059701493	0.529850746269	0.0746268656716	0.00746268656716
eub-	0.0327868852459	0.967213114754	0.0	0.0
adi-	0.0	1.0	0.0	0.0
yux-	0.06	0.9	0.0	0.04
jai-	0.107871720117	0.857142857143	0.0349854227405	0.0
tal-	0.054054054054	0.855855855856	0.018018018018	0.072072072072
nañ-	0.734798790013	0.154832255621	0.0362665220629	0.0741024323031
sat-	0.332912335721	0.321893927332	0.102062263941	0.243131473006
rod-	0.108843537415	0.863945578231	0.0272108843538	0.0
zaf-	0.0	1.0	0.0	0.0
sañ-	0.385293120976	0.476448661471	0.0630294815316	0.0752287360217
taz-	0.342105263158	0.55980861244	0.0693779904306	0.0287081339713
loc-	0.126506024096	0.553547523427	0.204819277108	0.115127175368
pon-	0.101983002833	0.892351274788	0.0	0.0056657223796
cañ-	0.664664175378	0.203455217252	0.0797895544589	0.052091052911
azu-	0.0705882352941	0.790588235294	0.138823529412	0.0
ged-	0.0701754385965	0.929824561404	0.0	0.0
chi-	0.0300644237652	0.931997136722	0.0128847530422	0.025053686471
ben-	0.00840336134454	0.991596638655	0.0	0.0
dió-	0.493055555556	0.423611111111	0.0555555555555	0.0277777777778
veh-	0.0980229171277	0.702208216187	0.0133339374884	0.186434929197
seg-	0.0	0.913043478261	0.0869565217391	0.0
ñɨɨ-	0.269595401612	0.687220065691	0.0308674231114	0.0123171095849
iun-	0.135827780625	0.441312147617	0.376729882112	0.0461301896463
ñuh-	0.0813349112728	0.756499271107	0.0172943867249	0.144871430896
der-	0.0841654778887	0.90727532097	0.00855920114123	0.0
lam-	0.0	0.973568281938	0.0264317180617	0.0
nar-	0.0593220338983	0.838983050847	0.101694915254	0.0
icu-	0.106741573034	0.848314606742	0.0	0.0449438202247
zue-	0.0540540540541	0.801801801802	0.0900900900901	0.0540540540541
cua-	0.214573643281	0.112650495618	0.0734165234883	0.599359337612
tye-	0.400431399428	0.167227794292	0.0359723791744	0.396368427105
zut-	0.0465267750987	0.915642990014	0.0193460499138	0.0184841849733
zañ-	0.601623052703	0.263883964495	0.0688676763793	0.0656253064236
sió-	0.0362173038229	0.933601609658	0.0	0.0301810865191
esl-	0.0	1.0	0.0	0.0
saf-	0.0	1.0	0.0	0.0
evo-	0.0	1.0	0.0	0.0
tiz-	0.202745646371	0.60679632219	0.172450319902	0.0180077115377
xaa-	0.125322708915	0.0797748565426	0.15801342542	0.636889009122
ñiy-	0.021526219654	0.35610004962	0.0159248088043	0.606448921922
tu‑-	0.244151565074	0.717298187809	0.0128500823723	0.0257001647446
cux-	0.280084785131	0.442941810694	0.234961118542	0.0420122856334
fle-	0.0	1.0	0.0	0.0
tɨv-	0.507334797875	0.259915700441	0.151730544569	0.081018957115
ban-	0.151256059938	0.827736153959	0.0	0.0210077861025
cus-	0.325889256172	0.427380707609	0.228225283502	0.0185047527164
yug-	0.0735092529129	0.85966415353	0.0400959561343	0.0267306374229
ter-	0.189781021898	0.649635036496	0.0729927007299	0.0875912408759
cuz-	0.423972225217	0.359857953216	0.159603310357	0.0565665112098
cuñ-	0.457865254376	0.198073783147	0.0571933110364	0.286867651441
tɨñ-	0.675299574797	0.316969462698	0.00773096250484	0.0
tra-	0.158904109589	0.838356164384	0.0027397260274	0.0
nam-	0.32320441989	0.588397790055	0.0441988950276	0.0441988950276
arq-	0.181818181818	0.799043062201	0.00956937799045	0.00956937799043
ale-	0.0751719736189	0.847528544075	0.0638252606199	0.0134742216864
sid-	0.00344827586207	0.98275862069	0.00344827586207	0.0103448275862
oli-	0.0464716006885	0.932874354561	0.0175559380378	0.00309810671256
luc-	0.127485976543	0.843447220806	0.00611932687404	0.0229474757777
ñun-	0.138718890249	0.633822929417	0.193798449612	0.0336597307221
jec-	0.0384615384615	0.961538461538	0.0	0.0
dec-	0.00900900900901	0.72972972973	0.009009009009	0.252252252252
jua-	0.0332954846201	0.940938932666	0.0122723741388	0.0134932085749
voh-	0.29705548018	0.343038392431	0.194895676726	0.165010450662
itu-	0.08607907743	0.822899505766	0.0799011532125	0.0111202635914
eli-	0.0570846075433	0.937818552497	0.00407747196738	0.00101936799184
mve-	0.0286606168593	0.938742247821	0.0234809873064	0.00911614801309
soo-	0.50721265705	0.25127966496	0.0600279199628	0.181479758027
col-	0.0199203187251	0.956175298805	0.0239043824701	0.0
tia-	0.00985221674877	0.990147783251	0.0	0.0
vit-	0.169983318078	0.170598539634	0.0625306344	0.596887507888
ene-	0.0397350993377	0.841059602649	0.119205298013	0.0
díd-	0.0373443983402	0.95020746888	0.0124481327801	0.0
pan-	0.0371813796316	0.930476287939	0.0268061343594	0.00553619807014
tuq-	0.105701819103	0.0857068391473	0.0303318263513	0.778259515398
xih-	0.116646165929	0.205652878215	0.359678765105	0.31802219075
avi-	0.0528967254408	0.232997481108	0.00755667506297	0.706549118388
efr-	0.0	1.0	0.0	0.0
xah-	0.289259734703	0.597774925118	0.106118955926	0.00684638425332
zeh-	0.0366447844941	0.861633682073	0.0250120789253	0.0767094545081
ina-	0.039886039886	0.933523266857	0.0208926875594	0.005698005698
cre-	0.0546821599453	0.922761449077	0.0	0.0225563909774
lat-	0.10985915493	0.749295774648	0.0760563380281	0.0647887323944
pen-	0.0246913580247	0.938271604938	0.0246913580247	0.0123456790123
rab-	0.1	0.72	0.0	0.18
ape-	0.0384615384615	0.961538461538	0.0	0.0
jon-	0.00976653334573	0.97711840759	0.0125569714445	0.000558087619756
fre-	0.10332103321	0.675276752768	0.132841328413	0.0885608856088
azi-	0.0681818181818	0.397727272727	0.409090909091	0.125
ñáh-	0.388054118087	0.270278695679	0.272460876613	0.0692063096203
ndu-	0.454651333263	0.333555070236	0.0818801732809	0.12991342322
mig-	0.346733668342	0.643216080402	0.0100502512563	0.0
car-	0.31752994268	0.554989703138	0.0318199052838	0.0956604488986
ino-	0.0911510312707	0.837658017299	0.0452428476381	0.0259481037924
sit-	0.712012174089	0.132491207192	0.0596744872527	0.0958221314665
mañ-	0.255934235314	0.593081007022	0.0746703202603	0.0763144374037
yuu-	0.0688243411224	0.863719821638	0.0415112844549	0.0259445527843
pól-	0.163090128755	0.708154506438	0.103004291845	0.0257510729614
iñu-	0.104177808952	0.16638902284	0.0719608960589	0.657472272149
sah-	0.452131255412	0.332044698992	0.0521464780802	0.163677567516
ñie-	0.0232558139535	0.953488372093	0.0232558139535	0.0
tah-	0.274836771832	0.166846238395	0.0684361148745	0.489880874899
cai-	0.046357615894	0.953642384106	0.0	0.0
sod-	0.00838537894834	0.942001128941	0.0356378605305	0.0139756315806
ñuu-	0.0351310310698	0.577944552236	0.00888025050094	0.378044166194
zap-	0.18108974359	0.777243589744	0.0416666666667	0.0
amé-	0.228116710875	0.230769230769	0.0477453580902	0.493368700265
cum-	0.199085457483	0.181193988305	0.0953021614321	0.52441839278
tya-	0.336650124366	0.460623390347	0.0682614808709	0.134465004416
zab-	0.0122075279756	0.963377416073	0.0244150559512	0.0
zɨh-	0.0270052767761	0.924169264307	0.00464519283662	0.0441802660799
tóm-	0.0	1.0	0.0	0.0
óni-	0.0	0.846153846154	0.153846153846	0.0
luh-	0.0709959291435	0.497474049192	0.378813272002	0.0527167496627
uhu-	0.209389281263	0.603656003324	0.149563772331	0.0373909430826
abr-	0.0325028188927	0.938622912437	0.026498049941	0.00237621872956
met-	0.0301507537689	0.849246231156	0.0301507537688	0.0904522613065
noi-	0.0839285714286	0.830357142857	0.0428571428571	0.0428571428572
yañ-	0.0527671783661	0.864012530619	0.0306922093511	0.0525280816637
mna-	0.056338028169	0.802816901409	0.112676056338	0.0281690140845
nef-	0.0	1.0	0.0	0.0
ces-	0.0232558139535	0.957179771133	0.0118124769288	0.0077519379845
tuy-	0.206103589082	0.782290995057	0.0	0.0116054158607
gól-	0.0	0.969283276451	0.0307167235495	0.0
tɨɨ-	0.780906628271	0.156880932933	0.0275504977088	0.0346619410871
ñac-	0.174135723431	0.10371318822	0.0438184663537	0.678332621995
mat-	0.0392327811683	0.958151700087	0.00261551874455	0.0
hig-	0.00409696142029	0.966541481734	0.0293615568453	0.0
sih-	0.106174186181	0.0287157158627	0.0405118591735	0.824598238783
tró-	0.0212765957447	0.946808510638	0.031914893617	0.0
leh-	0.791666666667	0.208333333333	0.0	0.0
par-	0.15110178384	0.704092339979	0.11962224554	0.0251836306401
too-	0.102362204724	0.535433070866	0.354330708661	0.00787401574803
jul-	0.141509433962	0.735849056604	0.0	0.122641509434
ndɨ-	0.32207794563	0.314286312154	0.13763038253	0.226005359686
nah-	0.167083515551	0.488512028483	0.18485487271	0.159549583256
ity-	0.135895182683	0.424094169247	0.0435769307071	0.396433717363
xit-	0.418296367426	0.328008993606	0.118275288662	0.135419350306
rag-	0.0	1.0	0.0	0.0
feb-	0.105263157895	0.894736842105	0.0	0.0
ñuñ-	0.0212765957447	0.893617021277	0.0851063829788	0.0
saq-	0.827308518253	0.123120973515	0.0218324982104	0.0277380100215
her-	0.0429150423481	0.840922681072	0.0707290296042	0.0454332469754
gay-	0.024	0.976	0.0	0.0
via-	0.0914285714286	0.725714285714	0.0	0.182857142857
gob-	0.0822765113203	0.882712207267	0.0134209912083	0.0215902902046
dan-	0.0295647413085	0.881741034766	0.0886942239255	0.0
tɨi-	0.699421965318	0.14450867052	0.0231213872832	0.132947976879
yuz-	0.0337171052632	0.925164473684	0.0	0.0411184210526
gre-	0.0597014925373	0.910447761194	0.0298507462687	0.0
ser-	0.0	0.961904761905	0.0380952380952	0.0
ndi-	0.0931091545697	0.210656978098	0.0824574812894	0.613776386043
cri-	0.0337373999385	0.919029335296	0.00976033491582	0.0374729298499
mis-	0.0555555555555	0.944444444445	0.0	0.0
elm-	0.0	1.0	0.0	0.0
sac-	0.61854282199	0.317041422228	0.0144879727537	0.0499277830281
apó-	0.0592252253515	0.887888105227	0.0349916303046	0.0178950391169
zel-	0.0	1.0	0.0	0.0
nac-	0.575301970217	0.245570029547	0.05606950019	0.123058500046
agr-	0.0608966674659	0.876288659794	0.0311675857109	0.0316470870295
vav-	0.0882352941177	0.411764705882	0.294117647059	0.205882352941
naq-	0.624051868493	0.25569351295	0.042427134877	0.0778274836794
na‑-	0.57715000894	0.142141963168	0.240032183086	0.040675844806
sos-	0.0	0.965517241379	0.0344827586207	0.0
cad-	0.0362666666667	0.945066666667	0.0154666666667	0.0032
fél-	0.14264849075	0.807935735151	0.0129016553067	0.0365141187926
tat-	0.0832522264595	0.33621053146	0.0196262394932	0.560911002588
bit-	0.0357142857143	0.964285714286	0.0	0.0
leg-	0.0	0.934782608696	0.0	0.0652173913043
tyo-	0.591697063137	0.282179520927	0.0647538826007	0.0613695333359
cef-	0.555555555556	0.444444444444	0.0	0.0
zie-	0.0155362897039	0.2080520178	0.0608025164953	0.715609176001
lap-	0.0701754385965	0.912280701754	0.0175438596491	0.0
esa-	0.0397727272727	0.960227272727	0.0	0.0
tuñ-	0.185092953107	0.657304983891	0.1343735919	0.023228471101
hot-	0.0689655172414	0.862068965517	0.0689655172413	0.0
sis-	0.0373155676834	0.0609342191436	0.0137398939967	0.888010319176
glo-	0.0252251284829	0.905845084465	0.0431972183629	0.0257325686894
aug-	0.0588235294118	0.901960784314	0.0196078431372	0.0196078431372
mos-	0.00743494423793	0.903345724907	0.0817843866172	0.00743494423791
sɨq-	0.0276816608997	0.890426758939	0.0524798154556	0.0294117647059
fri-	0.0462427745665	0.890173410405	0.0635838150289	0.0
reg-	0.442953020134	0.51677852349	0.0402684563758	0.0
zeñ-	0.189191909027	0.760088557915	0.0470967092684	0.00362282378988
mac-	0.05112629714	0.932169071121	0.0121488230828	0.00455580865604
ico-	0.0745856353591	0.917127071823	0.00828729281768	0.0
cuɨ-	0.695359713032	0.203239521269	0.033419314552	0.0679814511467
bet-	0.0377783337503	0.934200650488	0.00375281461095	0.0242682011509
vis-	0.0928013876843	0.334778837814	0.460537727667	0.111882046834
vix-	0.0863188217632	0.781819288352	0.130644703209	0.00121718667587
sal-	0.0896291889748	0.890144755106	0.00773349196906	0.01249256395
adu-	0.514724402949	0.43727021232	0.0213357265471	0.0266696581839
nih-	0.153301886792	0.752358490566	0.0	0.0943396226415
neá-	0.037037037037	0.962962962963	0.0	0.0
cim-	0.210471925594	0.772993455047	0.0124009645195	0.00413365483982
gab-	0.0	1.0	0.0	0.0
cam-	0.0537398359705	0.882923928778	0.0594976755388	0.00383855971219
soh-	0.548206564626	0.184156547664	0.0193991838072	0.248237703903
ind-	0.420459042343	0.280965571824	0.0645033636723	0.234072022161
zoq-	0.0	0.341303509449	0.0647898187428	0.593906671809
coñ-	0.0505315575533	0.867836734012	0.0643288463108	0.0173028621242
xeh-	0.23007537146	0.434301054074	0.173786125269	0.161837449197
min-	0.0140623290564	0.0622189647478	0.0166773061833	0.907041400013
est-	0.17610542652	0.72927900676	0.0462950785175	0.0483204882027
yɨɨ-	0.104842824413	0.609961841309	0.222214780041	0.0629805542368
dám-	0.0	1.0	0.0	0.0
ren-	0.126984126984	0.873015873016	0.0	0.0
xay-	0.28	0.648888888889	0.00888888888888	0.0622222222222
ñúh-	0.0441566823155	0.895073230141	0.0598956977942	0.000874389748822
tab-	0.034188034188	0.965811965812	0.0	0.0
vac-	0.443259311068	0.496765168736	0.0456373491869	0.0143381710089
naz-	0.413393171666	0.424653001119	0.092919622112	0.0690342051032
gal-	0.0191664202191	0.958193633567	0.0190733793443	0.00356656686925
yon-	0.143884892086	0.784172661871	0.0	0.0719424460432
cui-	0.217274470711	0.421309478124	0.135587217548	0.225828833617
sel-	0.0357142857143	0.928571428571	0.0357142857143	0.0
cav-	0.526806526807	0.32634032634	0.0153846153846	0.131468531469
vaa-	0.0285714285714	0.2	0.428571428571	0.342857142857
zoh-	0.188288301403	0.651090249644	0.108746100607	0.0518753483458
yuv-	0.0630231365453	0.904081553661	0.00754768102339	0.0253476287702
ray-	0.0437068564116	0.819124367069	0.114997450626	0.0221713258932
uñi-	0.0274682068386	0.0290409175954	0.286396051954	0.657094823612
càc-	0.639423076923	0.194711538462	0.108173076923	0.0576923076923
tay-	0.327272727273	0.175757575758	0.109090909091	0.387878787879
clo-	0.106060606061	0.863636363636	0.0	0.030303030303
cax-	0.434714539192	0.39306961695	0.127126604739	0.0450892391191
siz-	0.200859845805	0.305751644069	0.470701860875	0.0226866492507
one-	0.115303983229	0.840670859539	0.0314465408805	0.0125786163522
aan-	0.14798206278	0.394618834081	0.0470852017937	0.410313901345
gog-	0.0285714285714	0.942857142857	0.0285714285714	0.0
cot-	0.476373531722	0.117807923248	0.0813227336207	0.324495811409
sil-	0.0751637357537	0.898225981125	0.00386777370945	0.0227425094116
jas-	0.0356027482823	0.888194878201	0.0724547158025	0.00374765771393
ihñ-	0.67046991579	0.280880492168	0.0283607487238	0.0202888433178
zɨn-	0.0834248079034	0.89462129528	0.009220636663	0.0127332601537
him-	0.0	0.877192982456	0.0	0.122807017544
egi-	0.0335927898402	0.894510446538	0.0624743957395	0.00942236788202
sau-	0.0775013922406	0.852422498608	0.022461481344	0.0476146278077
sín-	0.105263157895	0.894736842105	0.0	0.0
esm-	0.0280373831776	0.81308411215	0.158878504673	0.0
pri-	0.102362204724	0.879265091864	0.0	0.0183727034121
tro-	0.024154589372	0.886473429952	0.0821256038647	0.00724637681161
xem-	0.257575757576	0.378787878788	0.121212121212	0.242424242424
nie-	0.0	0.776951672863	0.0669144981412	0.156133828996
iza-	0.526681007564	0.308444937895	0.11449587121	0.0503781833322
ela-	0.0	1.0	0.0	0.0
iyo-	0.560730724781	0.153865451707	0.0269793268637	0.258424496648
càq-	0.159420289855	0.492753623188	0.115942028985	0.231884057971
nag-	0.0	1.0	0.0	0.0
arp-	0.0654761904762	0.910714285714	0.0	0.0238095238095
zey-	0.512504809542	0.421315890727	0.043093497499	0.0230858022317
zah-	0.286494617466	0.618386684727	0.0631569205737	0.031961777233
cap-	0.0233268300958	0.953940113665	0.0150988209347	0.00763423530409
fen-	0.0613496932515	0.883435582822	0.0368098159509	0.0184049079755
tam-	0.0808469682387	0.809432146295	0.0981713185755	0.0115495668912
que-	0.222478680497	0.132506880286	0.024280417229	0.620734021988
tir-	0.00595238095238	0.982142857143	0.00297619047619	0.00892857142857
man-	0.0322771538472	0.897147929451	0.0660594599462	0.00451545675582
men-	0.178571428571	0.821428571429	0.0	0.0
rob-	0.0	1.0	0.0	0.0
fue-	0.561643835616	0.123287671233	0.315068493151	0.0
ceb-	0.149732620321	0.72192513369	0.128342245989	0.0
uru-	0.015625	0.78125	0.203125	0.0
caa-	0.153940045473	0.399382185898	0.0329447638327	0.413733004796
nɨɨ-	0.158042647226	0.414059744174	0.075458861143	0.352438747456
xoo-	0.263380456863	0.170411674475	0.0354462916131	0.530761577049
cuu-	0.590902460328	0.0326873139616	0.0413806988885	0.335029526822
yum-	0.175865800866	0.811147186147	0.00324675324675	0.00974025974027
com-	0.207792207792	0.571428571429	0.220779220779	0.0
mag-	0.102668475803	0.785466606362	0.0615106286748	0.0503542891603
job-	0.0606060606061	0.878787878788	0.0	0.0606060606061
ñañ-	0.0947469746975	0.888682618262	0.0122387238724	0.00433168316831
elí-	0.0102143113852	0.980384739062	0.00713110257817	0.00226984697448
aqu-	0.00902934537246	0.986455981941	0.0	0.00451467268623
tuc-	0.120506455038	0.0914652979545	0.0926199736312	0.695408273377
dru-	0.0277777777778	0.888888888889	0.0833333333333	0.0
zám-	0.0689655172414	0.862068965517	0.0	0.0689655172414
leb-	0.0392156862745	0.843137254902	0.0392156862745	0.078431372549
nɨñ-	0.0743899453196	0.89508691749	0.00832449196115	0.0221986452297
tic-	0.0841514726508	0.846650441383	0.058369771471	0.0108283144955
ofr-	0.333272294452	0.622291399622	0.0341817737899	0.010254532137
ram-	0.1261829653	0.8738170347	0.0	0.0
ñeh-	0.249982395606	0.28033237096	0.288148721921	0.181536511513
vee-	0.358769931663	0.489749430524	0.0865603644647	0.0649202733485
las-	0.126126126126	0.873873873874	0.0	0.0
xɨt-	0.683720930233	0.271385237614	0.0	0.0448938321537
eti-	0.0655339805826	0.858009708738	0.0618932038835	0.0145631067961
laa-	0.0176721247096	0.33729532339	0.515436970697	0.129595581204
vin-	0.0713573407203	0.894736842105	0.0299168975069	0.00398891966759
esp-	0.0803382663848	0.609936575053	0.303382663848	0.00634249471459
tíq-	0.0274725274725	0.964285714286	0.00824175824175	0.0
yoc-	0.0723182000803	0.311771795902	0.586580956207	0.0293290478104
yus-	0.0401337792642	0.942028985507	0.0111482720178	0.0066889632107
nuh-	0.562205219579	0.24567655382	0.079656220522	0.112462006079
cle-	0.064039408867	0.87684729064	0.0295566502463	0.0295566502463
reb-	0.164835164835	0.769230769231	0.043956043956	0.021978021978
yax-	0.142543620442	0.257045372241	0.600411007317	0.0
bar-	0.145980966785	0.823274235457	0.0112887502859	0.0194560474726
adr-	0.236496350365	0.627737226277	0.109489051095	0.0262773722628
zeb-	0.00952380952381	0.979365079365	0.00793650793651	0.0031746031746
ing-	0.0493383146175	0.206824022347	0.26353031691	0.480307346126
amó-	0.0	1.0	0.0	0.0
his-	0.0	0.918088737201	0.0819112627986	0.0
anf-	0.078431372549	0.921568627451	0.0	0.0
apo-	0.134148786846	0.790054140766	0.00962502506517	0.0661720473231
fan-	0.037037037037	0.962962962963	0.0	0.0
ñuz-	0.151958793734	0.598687725748	0.0816431212465	0.167710359272
zas-	0.635008746407	0.276949183596	0.0387044848781	0.0493375851193
quí-	0.04	0.96	0.0	0.0
heb-	0.0274948764565	0.831358510639	0.113480236029	0.0276663768756
ñdo-	0.717691342535	0.0974487662064	0.0	0.184859891259
nín-	0.0988231021754	0.901176897825	0.0	0.0
atu-	0.628455008207	0.164314967419	0.0173061298934	0.18992389448
seh-	0.268188058569	0.176792276965	0.0282093712902	0.526810293176
caj-	0.167688130333	0.778549262995	0.0307214895268	0.0230411171451
fir-	0.159420289855	0.724637681159	0.0579710144928	0.0579710144927
sed-	0.0	0.758620689655	0.241379310345	0.0
zuh-	0.126150982621	0.276542209874	0.205169946015	0.39213686149
nus-	0.209348692955	0.48289083535	0.175351896663	0.132408575031
arf-	0.0	1.0	0.0	0.0
neh-	0.623376623377	0.311688311688	0.0649350649351	0.0
arm-	0.0	1.0	0.0	0.0
rub-	0.0	1.0	0.0	0.0
bau-	0.222222222222	0.75	0.0138888888889	0.0138888888889
chu-	0.0	0.972222222222	0.0277777777778	0.0
xuu-	0.362653253694	0.36856334486	0.194592895316	0.0741905061302
cox-	0.293366093366	0.0683046683046	0.6	0.0383292383293
dav-	0.0173367368645	0.947457987662	0.00372261221017	0.0314826632631
pát-	0.333333333333	0.516666666667	0.0	0.15
jop-	0.0431034482759	0.933023872679	0.0159151193634	0.0079575596817
tan-	0.0333677959003	0.169481118506	0.0506201735691	0.746530912025
tiñ-	0.0231254379818	0.967764540995	0.00911002102313	0.0
ley-	0.0438921724717	0.873310651167	0.0494354903201	0.033361686041
cas-	0.458569549855	0.467648503478	0.0240679416285	0.0497140050386
ema-	0.06734006734	0.882154882155	0.03367003367	0.016835016835
zaz-	0.217660591046	0.473367545567	0.0668908157848	0.242081047602
suh-	0.109110987832	0.0430326062724	0.00907313987671	0.838783266019
aga-	0.176181017359	0.7275239658	0.0626133517575	0.0336816650833
vii-	0.129560962766	0.455602606578	0.293240011409	0.121596419247
zih-	0.090395480226	0.785310734463	0.090395480226	0.0338983050847
caí-	0.0549338758901	0.89013224822	0.00610376398781	0.0488301119024
inu-	0.367531208338	0.358895891407	0.151769482487	0.121803417768
xiq-	0.431578947368	0.394736842105	0.102631578947	0.0710526315789
coc-	0.449197860963	0.483957219251	0.0508021390375	0.0160427807487
coq-	0.0	1.0	0.0	0.0
sii-	0.0284429684597	0.0233143631716	0.00507382623664	0.943168842132
bel-	0.0168028004667	0.968494749125	0.0126021003501	0.00210035005834
pis-	0.0363636363636	0.963636363636	0.0	0.0
ixi-	0.0583247156153	0.916856256463	0.0198552223371	0.00496380558428
jef-	0.0	1.0	0.0	0.0
mem-	0.123711340206	0.814432989691	0.0412371134021	0.020618556701
pru-	0.413793103448	0.441016333938	0.112522686025	0.032667876588
gui-	0.106194690265	0.734513274336	0.146017699115	0.0132743362832
yaa-	0.3196701431	0.649527043415	0.021828765462	0.00897404802329
oan-	0.229508196721	0.688524590164	0.0	0.0819672131148
ven-	0.0989583333333	0.765625	0.0104166666667	0.125
niy-	0.162852784134	0.655606407323	0.122807017544	0.0587337909992
pol-	0.0407647907648	0.939754689755	0.012987012987	0.00649350649353
cué-	0.612903225806	0.193548387097	0.161290322581	0.0322580645161
sar-	0.1129698747	0.849040255932	0.0379898693682	0.0
lao-	0.0	0.988857938719	0.0111420612813	0.0
bee-	0.0930962343096	0.900627615063	0.00627615062762	0.0
teu-	0.378640776699	0.563106796117	0.0	0.0582524271845
dam-	0.0261713803293	0.956099620093	0.0	0.0177289995779
put-	0.0	1.0	0.0	0.0
tin-	0.299069748948	0.579773754478	0.107391531252	0.0137649653221
gaz-	0.0555555555556	0.861111111111	0.0	0.0833333333333
art-	0.0196078431373	0.941176470588	0.0	0.0392156862745
zuc-	0.175551102204	0.384903139613	0.344422177689	0.0951235804944
yoo-	0.0814215694563	0.24444949491	0.0132237868124	0.660905148821
bal-	0.0722792607803	0.92772073922	0.0	0.0
zuu-	0.186254391704	0.156045392603	0.15006922935	0.507630986343
cuq-	0.458188703061	0.385610602714	0.114547175765	0.0416535184601
efa-	0.075	0.925	0.0	0.0
siñ-	0.739207853968	0.168014837005	0.0607942604152	0.0319830486119
die-	0.477953902105	0.474250707685	0.0238976951052	0.0238976951052
iñi-	0.179033335572	0.25141925466	0.0216131681596	0.547934241609
sad-	0.00855745721273	0.976772616137	0.0122249388753	0.00244498777506
pub-	0.0	0.935483870968	0.0430107526882	0.0215053763441
top-	0.0	0.710144927536	0.289855072464	0.0
yɨv-	0.097288848926	0.200594108813	0.0373883692137	0.664728673047
tér-	0.0997023809524	0.849277210884	0.0255102040816	0.0255102040816
tun-	0.328323912315	0.571244784112	0.0616761849695	0.0387551186038
isc-	0.0110142267095	0.985543827444	0.0	0.00344194584672
asó-	0.149253731343	0.746268656717	0.0	0.10447761194
tas-	0.712944251756	0.180725691609	0.0146768180384	0.0916532385969
amp-	0.0	1.0	0.0	0.0
nda-	0.344126184193	0.425966471531	0.109293503845	0.120613840431
set-	0.0	1.0	0.0	0.0
esc-	0.0	1.0	0.0	0.0
ele-	0.0	1.0	0.0	0.0
cés-	0.119371727749	0.855235602094	0.0227748691099	0.00261780104712
río-	0.162790697674	0.837209302326	0.0	0.0
cut-	0.516396764871	0.32297402229	0.107033245336	0.053595967504
rom-	0.0729372593904	0.71251690771	0.198626573718	0.0159192591822
yɨq-	0.0847458966517	0.825166149056	0.0506152058984	0.0394727483938
tuu-	0.558379645482	0.319804040351	0.0571548976743	0.0646614164932
lot-	0.0090117152298	0.873835986783	0.117152297987	0.0
era-	0.0434782608696	0.945652173913	0.0	0.0108695652174
sus-	0.0689655172414	0.737931034483	0.193103448276	0.0
pér-	0.0588760035682	0.941123996432	0.0	0.0
jes-	0.021983303593	0.856739189967	0.00407251234473	0.117204994095
bro-	0.322265625	0.396484375	0.28125	0.0
bla-	0.299180327869	0.428837555887	0.133383010432	0.138599105812
yat-	0.176926053034	0.173393030386	0.0677065184602	0.58197439812
ves-	0.333333333333	0.513888888889	0.0277777777778	0.125
aje-	0.0233918128655	0.859649122807	0.116959064328	0.0
con-	0.387429457118	0.271242349575	0.167812574517	0.17351561879
anc-	0.813559322034	0.0338983050847	0.0847457627118	0.0677966101695
aze-	0.054214876033	0.842975206612	0.0968595041322	0.00595041322315
get-	0.0	1.0	0.0	0.0
sam-	0.0462555066079	0.895374449339	0.0167400881057	0.0416299559471
ñɨñ-	0.408207343413	0.494600431965	0.0194384449244	0.0777537796976
lit-	0.0102564102564	0.825641025641	0.0974358974359	0.0666666666667
yun-	0.595744680851	0.268617021276	0.0398936170213	0.095744680851
noé-	0.0138067061144	0.974358974359	0.0	0.0118343195266
ñoh-	0.368618252607	0.21953040567	0.0842808292734	0.327570512449
rut-	0.0	1.0	0.0	0.0
gov-	0.16149068323	0.708074534161	0.130434782609	0.0
caá-	0.0799238820171	0.920076117983	0.0	0.0
ruf-	0.0	0.948275862069	0.051724137931	0.0
cru-	0.500015286313	0.483679313543	0.00601261630337	0.0102927838413
lib-	0.114838900384	0.865282293822	0.0104936446941	0.00938516109961
nay-	0.284934955938	0.53441040705	0.101342845153	0.079311791859
isa-	0.0388025874687	0.936474809953	0.0136172623825	0.0111053401955
des-	0.101449275362	0.63768115942	0.217391304348	0.0434782608696
tiy-	0.0263322884013	0.921003134796	0.0526645768025	0.0
zay-	0.443808904777	0.365875853104	0.131686707832	0.0586285342867
yɨc-	0.0361155698234	0.729133226324	0.234751203852	0.0
gam-	0.164835164835	0.725274725275	0.087912087912	0.021978021978
gri-	0.0306376914856	0.529747060919	0.425721410759	0.0138938368365
ara-	0.0404312668464	0.951482479784	0.00808625336929	0.0
gad-	0.0223761321258	0.955247735748	0.0149174214172	0.00745871070859
sem-	0.0	1.0	0.0	0.0
cla-	0.113674923651	0.829996606719	0.00407193756364	0.0522565320665
cu‑-	0.274306924267	0.444582538077	0.234961997234	0.0461485404218
tyu-	0.366744499173	0.586487822337	0.02576994529	0.0209977331993
cun-	0.380260196839	0.458803653559	0.0749235712938	0.086012578309
zoo-	0.168508287293	0.740331491713	0.0883977900552	0.00276243093923
ose-	0.0338983050848	0.830508474576	0.101694915254	0.0338983050847
zav-	0.573551684522	0.22144645334	0.0382528997638	0.166748962375
jot-	0.0	1.0	0.0	0.0
gni-	0.0847457627118	0.584745762712	0.0169491525424	0.313559322034
fes-	0.0814564564565	0.909534534535	0.00450450450451	0.00450450450451
tax-	0.0702011849872	0.84223899068	0.0669703972226	0.0205894271101
den-	0.274904696828	0.456735956268	0.0392720995469	0.229087247357
eun-	0.025641025641	0.974358974359	0.0	0.0
cay-	0.335314694178	0.595802387772	0.0571595143343	0.011723403716
cuc-	0.183191500537	0.364826411498	0.430913518818	0.0210685691465
ñic-	0.0883095631075	0.796436582166	0.0843596145979	0.0308942401286
aba-	0.0	1.0	0.0	0.0
kil-	0.114506272113	0.831457060148	0.0135091669347	0.0405275008041
res-	0.0	1.0	0.0	0.0
miñ-	0.0872956909361	0.843424962853	0.0118870728083	0.0573922734027
sɨñ-	0.3813487345	0.463733650416	0.134533718362	0.0203838967216
sim-	0.0180694680815	0.975294399836	0.00303822914644	0.00359790293657
jus-	0.018281535649	0.970749542962	0.0109689213894	0.0
teó-	0.0344827586207	0.896551724138	0.0689655172413	0.0
jar-	0.0	1.0	0.0	0.0
eze-	0.0	1.0	0.0	0.0
uña-	0.0246134427264	0.118333859262	0.379930577469	0.477122120543
jos-	0.0222291993721	0.953971742543	0.00904238618524	0.0147566718995
taa-	0.232412060302	0.721105527638	0.0301507537688	0.0163316582915
let-	0.151432880845	0.651282051282	0.0470588235294	0.150226244344
cur-	0.196232339089	0.78021978022	0.00941915227629	0.0141287284144
lám-	0.0810313075507	0.852670349908	0.0276243093922	0.0386740331492
tor-	0.258631672824	0.710154159766	0.0178366670913	0.0133775003185
nat-	0.586163955388	0.291243867802	0.0541757968349	0.0684163799756
xiñ-	0.0767405474114	0.594839711822	0.0622232858681	0.266196454898
pil-	0.0678685531721	0.868416248288	0.0413509812871	0.0223642172524
gom-	0.117717003567	0.827586206897	0.0356718192628	0.0190249702735
nɨh-	0.632608695652	0.171739130435	0.152173913043	0.0434782608695
usa-	0.0150948873326	0.0333829239087	0.0946333321238	0.856888856635
bur-	0.093678722711	0.892880417074	0.00733137829911	0.00610948191593
cor-	0.0673942164056	0.867868686832	0.0444463649413	0.020290731821
har-	0.126696832579	0.873303167421	0.0	0.0
idu-	0.0	1.0	0.0	0.0
efe-	0.0155520995334	0.964852255054	0.00466562986003	0.0149300155521
xuh-	0.116789104102	0.79162433969	0.0712771141688	0.0203094420389
asa-	0.0	0.857142857143	0.0	0.142857142857
tix-	0.047714716223	0.175791059769	0.76443997991	0.0120542440985
lic-	0.0571428571428	0.714285714286	0.228571428571	0.0
lei-	0.288461538462	0.711538461538	0.0	0.0
tiq-	0.0769419555341	0.804147749549	0.118910294916	0.0
nde-	0.0920492191197	0.672266919072	0.0	0.235683861808
nuy-	0.0762687638797	0.849369191338	0.0629217302007	0.011440314582
pau-	0.0	0.962962962963	0.037037037037	0.0
oho-	0.0218797564688	0.0254654021777	0.101685985248	0.850968856106
hie-	0.0	1.0	0.0	0.0
ñaz-	0.110887167321	0.791669291008	0.0727397423247	0.0247037993464
yeh-	0.648335745297	0.182344428365	0.0347322720695	0.134587554269
tom-	0.017931858936	0.946802151823	0.00717274357442	0.0280932456665
rey-	0.0617690138382	0.907433924316	0.0208775113132	0.0099195505323
zɨc-	0.23773827372	0.570143499679	0.166416791604	0.0257014349968
aná-	0.109090909091	0.802139037433	0.0641711229946	0.0245989304813
noh-	0.0	0.986655530061	0.0116764111964	0.00166805874234
baa-	0.190476190476	0.714285714286	0.047619047619	0.047619047619
iye-	0.44322990127	0.289492242595	0.104724964739	0.162552891396
urb-	0.0	1.0	0.0	0.0
cab-	0.0543492063492	0.887111111111	0.0354285714286	0.0231111111111
naa-	0.62610616233	0.211885851361	0.0675764623283	0.0944315239809
zɨq-	0.0660807371153	0.0654310007423	0.0155605491358	0.852927713007
emp-	0.409090909091	0.590909090909	0.0	0.0
cuv-	0.256986459234	0.618841832325	0.0878709305676	0.0363007778738
mai-	0.0	1.0	0.0	0.0
pal-	0.334757834758	0.641025641026	0.00997150997151	0.014245014245
pañ-	0.0773361976369	0.90977443609	0.0128893662728	0.0
sɨt-	0.176259474716	0.68552331506	0.0252898456693	0.112927364555
yɨu-	0.0140414636161	0.945320888742	0.000991162137605	0.0396464855042
vat-	0.0354926629743	0.0202319751669	0.0050354541218	0.939239907737
joa-	0.0	1.0	0.0	0.0
mús-	0.078431372549	0.78431372549	0.137254901961	0.0
lev-	0.0703540805366	0.876092813383	0.040112326515	0.0134407795652
ced-	0.037037037037	0.962962962963	0.0	0.0
tav-	0.447018788798	0.15851331355	0.0273411806905	0.367126716961
quɨ-	0.186776391325	0.507787182429	0.0204744285154	0.284961997731
moo-	0.0576895529385	0.0964617942362	0.0130658806881	0.832782772137
tot-	0.126785714286	0.567857142857	0.241071428571	0.0642857142857
med-	0.0	1.0	0.0	0.0
pel-	0.0	1.0	0.0	0.0
saa-	0.497346136368	0.083573383092	0.187224507217	0.231855973324
epi-	0.112676056338	0.380281690141	0.507042253521	0.0
áng-	0.018961164527	0.962238813987	0.00884496248949	0.00995505899626
cir-	0.325699745547	0.59711620017	0.0636132315522	0.0135708227311
azo-	0.0142857142857	0.971428571429	0.0142857142857	0.0
for-	0.0176991150442	0.982300884956	0.0	0.0
ihn-	0.630025269929	0.282104295888	0.0189524465886	0.0689179875947
siq-	0.490317645638	0.308224968799	0.0861145778815	0.115342807681
nuñ-	0.71924970448	0.149641804035	0.119571853526	0.011536637959
abo-	0.0242587601078	0.935309973046	0.0404312668463	0.0
