usá-	0.0	0.0609579100145	0.207547169811	0.731494920174
vas-	0.378843788438	0.519680196802	0.0	0.10147601476
xìn-	0.521553644794	0.244256779904	0.034189921695	0.199999653607
ùxú-	0.0413096022852	0.0417490661393	0.0	0.916941331575
yǒn-	0.151515151515	0.0	0.0	0.848484848485
xex-	0.683107362646	0.226776551651	0.0268137100862	0.0633023756167
táñ-	0.511022044088	0.248830995324	0.0601202404809	0.180026720107
èlá-	0.0428571428571	0.957142857143	0.0	0.0
còr-	0.110272756617	0.866607488702	0.0118624919303	0.0112572627502
téd-	0.786655140584	0.139499787549	0.0615375598892	0.0123075119778
yúc-	0.178484229158	0.427340630316	0.0668641825242	0.327310958002
ñǎñ-	0.0796460176991	0.362831858407	0.557522123894	0.0
tib-	0.0	0.965517241379	0.0	0.0344827586207
pùb-	0.0384615384615	0.884615384615	0.0384615384615	0.0384615384616
jòr-	0.00106780565937	0.998932194341	0.0	0.0
lij-	0.037037037037	0.907407407407	0.0555555555556	0.0
tàv-	0.391173304629	0.5308934338	0.0262648008611	0.0516684607105
yàá-	0.164531947596	0.309463514601	0.134816658128	0.391187879675
xóc-	0.488256996311	0.319235729926	0.104952158133	0.0875551156303
náy-	0.46198267565	0.53801732435	0.0	0.0
zac-	0.0403965303593	0.903097893432	0.0327137546469	0.0237918215614
dah-	0.274258219727	0.273188986902	0.275327452553	0.177225340818
mèi-	0.352173913044	0.401086956522	0.161956521739	0.0847826086957
her-	0.0648416054603	0.852808071815	0.0712219007344	0.0111284219898
mǎl-	0.0	1.0	0.0	0.0
sìd-	0.0	0.998191681736	0.0	0.00180831826402
nɨ̀-	0.172299615428	0.426822197754	0.0857681608076	0.315110026011
xíh-	0.352484789196	0.211796798916	0.344982360834	0.0907360510534
ité-	0.0451379932937	0.918751612071	0.03095176683	0.00515862780499
kìl-	0.397548161121	0.479859894921	0.0175131348511	0.105078809107
àlm-	0.37028633887	0.448868058891	0.0996969345677	0.0811486676714
ùhú-	0.156451953388	0.638369170127	0.0931005671326	0.112078309352
xǐá-	0.332635983264	0.261506276151	0.0627615062761	0.34309623431
nàa-	0.104966131618	0.64389076431	0.201400533325	0.0497425707469
gèt-	0.0	1.0	0.0	0.0
cǎv-	0.0661764705882	0.845588235294	0.0	0.0882352941177
mǎr-	0.0998916699925	0.859912195678	0.0230913963168	0.0171047380125
drǎ-	0.238095238095	0.698412698413	0.063492063492	0.0
yùc-	0.131322324795	0.678455337407	0.159883846921	0.0303384908768
che-	0.127403846154	0.466346153846	0.276442307692	0.129807692308
yac-	0.255889956224	0.2587559898	0.362464572264	0.122889481711
náv-	0.0625	0.55	0.025	0.3625
tér-	0.0	0.968253968254	0.031746031746	0.0
iná-	0.0190940914395	0.980905908561	0.0	0.0
tol-	0.0981166464156	0.898238153098	0.00364520048602	0.0
sǎh-	0.351316430241	0.368041701891	0.0894045737192	0.191237294149
tuh-	0.536663619271	0.302019905818	0.0654097597157	0.095906715195
ngü-	0.503051114454	0.129511339956	0.0426467935987	0.324790751991
dèr-	0.0105263157895	0.989473684211	0.0	0.0
èst-	0.0	1.0	0.0	0.0
xid-	0.69706959707	0.227838827839	0.0164835164835	0.0586080586081
sìr-	0.0	1.0	0.0	0.0
yǔc-	0.175088652482	0.727393617021	0.0443262411347	0.0531914893616
coh-	0.512697102696	0.376673617085	0.0657188822949	0.0449103979237
fìl-	0.0160692212608	0.966625463535	0.017305315204	0.0
nún-	0.654195011338	0.266439909297	0.0181405895692	0.0612244897959
ana-	0.0802139037432	0.807486631016	0.112299465241	0.0
cuǎ-	0.427335548153	0.327042883236	0.0624168151213	0.183204753489
lǐt-	0.119202831067	0.765319426336	0.0484261501211	0.0670515924753
yuh-	0.128395566858	0.300120744523	0.0773889000096	0.49409478861
pǎb-	0.0395575974599	0.925099457429	0.00281848339448	0.0325244617167
rǔf-	0.0350877192982	0.842105263158	0.122807017544	0.0
fìr-	0.472	0.168	0.288	0.072
tɨc-	0.0754017305315	0.264524103832	0.652657601978	0.00741656365884
mes-	0.124149231157	0.814406352407	0.0277287622889	0.0337156541467
arc-	0.325581395349	0.674418604651	0.0	0.0
déé-	0.171889312883	0.64269654115	0.174098548567	0.0113155973999
hèb-	0.00196798740488	0.954736289688	0.0432957229074	0.0
ami-	0.0	1.0	0.0	0.0
sàn-	0.396584791096	0.444811470944	0.0253858322864	0.133217905674
juà-	0.0378881163923	0.925838748177	0.0106418246917	0.0256313107394
cǔu-	0.201153804289	0.675519756177	0.0251442255361	0.0981822139981
dàn-	0.47553560052	0.339410445948	0.0960007953439	0.0890531581879
càl-	0.2	0.8	0.0	0.0
dèn-	0.337078651685	0.662921348315	0.0	0.0
ged-	0.058064516129	0.941935483871	0.0	0.0
veh-	0.13392076558	0.731952426968	0.016322083034	0.117804724417
dùm-	0.805194805195	0.025974025974	0.0	0.168831168831
ñɨɨ-	0.370565973353	0.380259953779	0.1852713539	0.0639027189677
yɨ̀-	0.219314699246	0.611692483588	0.0560920257737	0.112900791392
sáv-	0.159944322978	0.727494025525	0.0854222809783	0.0271393705192
ǔní-	0.0516031523265	0.183046049396	0.0277088056426	0.737641992635
àqu-	0.0403514480964	0.957045232672	0.00260331923202	0.0
sat-	0.51973238173	0.45440705421	0.0144932831549	0.0113672809058
dás-	0.397957054422	0.467184689832	0.0721390315881	0.0627192241578
cuì-	0.38620037314	0.173434510249	0.0881809299727	0.352184186638
càr-	0.152304609218	0.799599198397	0.0360721442886	0.0120240480962
yón-	0.275532696547	0.0962527553269	0.0220426157237	0.606171932403
vít-	0.21497451585	0.538596724022	0.0312311645303	0.215197595597
vèñ-	0.209420015347	0.645753805208	0.136666958067	0.00815922137715
tùn-	0.501886792453	0.316981132075	0.135849056604	0.0452830188679
úní-	0.0406503821549	0.0557309261966	0.149687327791	0.753931363858
arq-	0.0677966101695	0.864406779661	0.0	0.0677966101695
ale-	0.0163934426229	0.64262295082	0.340983606557	0.0
arì-	0.0160642570281	0.983935742972	0.0	0.0
ñɨ́-	0.0107040830748	0.93220747386	0.0428163322992	0.0142721107664
plè-	0.205772811918	0.405959031657	0.388268156425	0.0
xìo-	0.332936649609	0.298306160498	0.0244357174025	0.34432147249
zàf-	0.0	1.0	0.0	0.0
ala-	0.109090909091	0.381818181818	0.509090909091	0.0
tèu-	0.429042904291	0.524752475247	0.0	0.046204620462
vit-	0.250632699874	0.0792525499525	0.0201175276794	0.649997222494
vát-	0.136446754247	0.0589400574243	0.0208122804485	0.783800907881
nɨc-	0.527272727273	0.272727272727	0.0363636363636	0.163636363636
fre-	0.09	0.84	0.07	0.0
téc-	0.674033149171	0.303867403315	0.0	0.0220994475138
iñu-	0.187763803027	0.771306757621	0.0358132594329	0.00511617991899
sah-	0.55655630539	0.321891400547	0.0581144229602	0.0634378711028
jòs-	0.033359193173	0.948021722265	0.0	0.0186190845616
quì-	0.3837487429	0.180809574356	0.0805507712609	0.354890911484
zap-	0.189424753051	0.723416618245	0.0871586287043	0.0
tnu-	0.207711529707	0.504225172849	0.0562568074884	0.231806489956
mǎc-	0.0185185185185	0.97037037037	0.0037037037037	0.0074074074074
cum-	0.33202555527	0.242474916388	0.263163536575	0.162335991767
zab-	0.0	1.0	0.0	0.0
vǐl-	0.135761589404	0.844370860927	0.0198675496689	0.0
nɨ́-	0.144351587326	0.794845663382	0.0314391725758	0.0293635767164
sìc-	0.0816326530612	0.867346938776	0.0510204081632	0.0
nef-	0.0472440944882	0.92125984252	0.0	0.0314960629921
ñúm-	0.387931034483	0.202586206897	0.0862068965517	0.323275862069
véh-	0.154162309098	0.735599676082	0.0128183738163	0.0974196410042
caì-	0.0	0.914285714286	0.0857142857142	0.0
ǔhú-	0.255307456452	0.459059078768	0.0849180570968	0.200715407683
yòh-	0.0601609933188	0.14591674677	0.00684585718291	0.787076402728
cèf-	0.204761904762	0.738095238095	0.0	0.0571428571429
acà-	0.0377358490566	0.962264150943	0.0	0.0
váh-	0.24057494818	0.211628135679	0.241022851633	0.306774064508
ñàn-	0.172179313034	0.751505401931	0.0402252980233	0.0360899870116
xɨ̌-	0.193181818182	0.647727272727	0.0909090909091	0.0681818181818
nah-	0.406823769837	0.291423188683	0.199492288533	0.102260752946
yàt-	0.123712267758	0.61370282064	0.0454361419767	0.217148769625
vèc-	0.0413436692507	0.900516795866	0.0581395348837	0.0
vàí-	0.130572241543	0.0951628201075	0.660765096428	0.113499841922
cǔh-	0.194125159642	0.315453384419	0.390804597701	0.0996168582375
dɨu-	0.155264697375	0.134798445337	0.112493166815	0.597443690472
elm-	0.0	1.0	0.0	0.0
ngǔ-	0.293465351565	0.49865039091	0.118968835144	0.08891542238
tià-	0.016219474044	0.980600236928	0.0	0.00318028902822
těr-	0.682666666667	0.285333333333	0.016	0.016
dǎt-	0.146386324293	0.0176716676284	0.0310155799192	0.804926428159
xǐq-	0.300232059007	0.291619260263	0.155138575861	0.253010104869
sìq-	0.0	0.96	0.04	0.0
dáú-	0.1743275826	0.780973037246	0.00616543174539	0.0385339484085
brò-	0.0284090909091	0.948863636364	0.0227272727273	0.0
xǐc-	0.469203456362	0.340128203196	0.102644379321	0.0880239611213
cóo-	0.592791733177	0.322523733512	0.0282281777703	0.0564563555406
tné-	0.025641025641	0.948717948718	0.025641025641	0.0
jùn-	0.20370032697	0.648551367203	0.0601484227275	0.0875998831003
cuɨ-	0.140098068648	0.492744921445	0.260582407685	0.106574602222
maj-	0.298755186722	0.626556016598	0.0248962655602	0.0497925311203
ndì-	0.396264805616	0.33116763964	0.140439137796	0.132128416948
nàz-	0.0340909090909	0.943181818182	0.0	0.0227272727273
pat-	0.176650107149	0.652352992532	0.0571623812422	0.113834519078
nih-	0.350423569249	0.297539746501	0.0578656263468	0.294171057904
cáǎ-	0.076726342711	0.923273657289	0.0	0.0
tec-	0.622897732419	0.229452882031	0.0174748633715	0.130174522178
cam-	0.00795228628229	0.980119284294	0.0119284294235	0.0
bèl-	0.0352526439483	0.960047003525	0.0	0.00470035252644
est-	0.0821917808219	0.41095890411	0.506849315069	0.0
pàñ-	0.075	0.895	0.03	0.0
nàí-	0.0	0.925925925926	0.0	0.0740740740741
pàn-	0.0	1.0	0.0	0.0
gǎd-	0.0	1.0	0.0	0.0
cǔt-	0.230306154005	0.115596330275	0.151118441398	0.502979074322
òré-	0.103863752349	0.0673338132523	0.00485532880742	0.823947105592
cúc-	0.169657422512	0.58051736192	0.223257981822	0.026567233745
làm-	0.0223095809148	0.939940110413	0.0109277209315	0.0268225877411
ìdi-	0.0	0.985148514851	0.0148514851485	0.0
xóo-	0.288362751772	0.365743428229	0.0644940068499	0.281399813149
dóh-	0.435783448024	0.364797109392	0.0446379635832	0.154781479001
vǎt-	0.282259439916	0.307159668452	0.0985776170822	0.312003274551
sàm-	0.0214839124404	0.967351219677	0.00101498798931	0.0101498798931
mìó-	0.0834216101695	0.872881355932	0.0198622881356	0.0238347457627
càc-	0.295843192981	0.0961559518188	0.0183413217708	0.589659533429
nèh-	0.383096170104	0.358934648091	0.088959299806	0.169009881999
idù-	0.0	0.958333333333	0.0416666666667	0.0
nǒé-	0.0267627747645	0.941121895518	0.0278332857551	0.00428204396232
cúu-	0.279821147707	0.451329244225	0.139441704638	0.12940790343
sos-	0.0	1.0	0.0	0.0
ndǒ-	0.413157894737	0.376315789474	0.0999999999999	0.11052631579
áma-	0.180730692653	0.294867021707	0.0360328277514	0.488369457889
màn-	0.0	0.97583081571	0.0	0.02416918429
mbé-	0.0424580461649	0.91470140275	0.0202727607814	0.0225677903039
ñad-	0.0891071260452	0.749135562612	0.0274544458614	0.134302865482
yɨñ-	0.260136813544	0.396778384989	0.269327779264	0.0737570222035
cuí-	0.186260140225	0.672147275255	0.0916537023663	0.0499388821542
boà-	0.0397350993377	0.940397350993	0.0198675496689	0.0
hàr-	0.04	0.96	0.0	0.0
sǐr-	0.395348837209	0.550387596899	0.0232558139535	0.031007751938
cóó-	0.201173043538	0.514736604647	0.10695685436	0.177133497455
arp-	0.0123119015048	0.987688098495	0.0	0.0
nág-	0.317852767569	0.28789397483	0.071277425103	0.322975832498
bus-	0.0	1.0	0.0	0.0
zàq-	0.0452698781195	0.865351131747	0.0390017411491	0.0503772489843
sǎt-	0.249230721635	0.143249140238	0.123180658471	0.484339479656
tɨn-	0.16916744836	0.722288799127	0.0427474778414	0.0657962746712
ròb-	0.0	1.0	0.0	0.0
xìh-	0.314799206748	0.499512061652	0.115837548007	0.0698511835931
dúú-	0.0675952478492	0.00860303154445	0.675952478492	0.247849242114
ùní-	0.0203994900128	0.028899277518	0.556736081598	0.393965150871
mos-	0.0	0.958230958231	0.03822003822	0.003549003549
nǐc-	0.0509259259259	0.949074074074	0.0	0.0
còb-	0.101869158878	0.836448598131	0.0616822429906	0.0
eti-	0.397713352389	0.514904042466	0.0489995916701	0.0383830134749
bǔr-	0.126849894292	0.852854122622	0.0	0.0202959830866
còt-	0.521732898556	0.297876279548	0.0925992283895	0.0877915935071
xet-	0.801680127797	0.141794296055	0.0221187037099	0.0344068724376
àmó-	0.0	1.0	0.0	0.0
cle-	0.0425531914894	0.914893617021	0.0425531914894	0.0
ndě-	0.267572883194	0.284480074043	0.0734948127899	0.374452229972
onè-	0.0	1.0	0.0	0.0
quí-	0.294893098652	0.22912654499	0.07873866993	0.397241686428
túu-	0.439821021433	0.321415173754	0.107924196603	0.13083960821
nay-	0.541224076884	0.334850784016	0.0834597875569	0.0404653515427
dáh-	0.128078817734	0.832512315271	0.0394088669951	0.0
cun-	0.342821446813	0.302550492903	0.096255410563	0.258372649722
chu-	0.494079216007	0.284605961617	0.0	0.221314822376
dav-	0.101549743455	0.250570404825	0.13188811741	0.515991734309
xǐǎ-	0.242384670068	0.264778922909	0.0449388236989	0.447897583325
lìj-	0.0	1.0	0.0	0.0
tan-	0.181780623838	0.347758727536	0.0557736004958	0.414687048131
ùzi-	0.0	1.0	0.0	0.0
ihn-	0.196179659267	0.385647909138	0.418172431595	0.0
vii-	0.214229626455	0.309130811203	0.30757185714	0.169067705202
jòn-	0.00197739774457	0.97824862481	0.00197739774457	0.0177965797011
lah-	0.10830564784	0.859800664452	0.0079734219269	0.0239202657807
ngu-	0.41239606214	0.470596230839	0.0534241574894	0.0635835495313
věe-	0.274128142741	0.498783454988	0.202757502028	0.0243309002433
sǎá-	0.258370471946	0.220546223289	0.199691463833	0.321391840933
apò-	0.0	1.0	0.0	0.0
mět-	0.0277098614507	0.739038304808	0.0244498777506	0.20880195599
xit-	0.165692068181	0.492132025345	0.041501600243	0.300674306231
dɨ̀-	0.153579120734	0.581482980044	0.0505711146619	0.21436678456
méè-	0.17649260715	0.111880549837	0.110008942126	0.601617900888
yaa-	0.355371900826	0.603305785124	0.0330578512397	0.00826446280991
déh-	0.0728172826069	0.79555030416	0.028648057722	0.102984355511
yác-	0.249467867702	0.402748509764	0.196631509663	0.15115211287
tin-	0.0	1.0	0.0	0.0
nís-	0.284237726098	0.700258397933	0.015503875969	0.0
mìs-	0.0	1.0	0.0	0.0
pub-	0.0422535211268	0.915492957746	0.0	0.0422535211268
iní-	0.121332339731	0.122228323902	0.0288318609289	0.727607475437
dad-	0.463476527098	0.403298894327	0.111473626971	0.0217509516041
àug-	0.0382165605096	0.96178343949	0.0	0.0
cux-	0.38	0.16	0.26	0.2
àlf-	0.0	1.0	0.0	0.0
rom-	0.169811320755	0.811320754717	0.0188679245283	0.0
yɨq-	0.106063078847	0.671841275022	0.0440196579635	0.178075988167
grì-	0.00555890119053	0.357020428962	0.619354240978	0.0180664288692
àná-	0.0	0.996181019668	0.00381898033225	0.0
doh-	0.155575539568	0.192446043165	0.560251798561	0.091726618705
can-	0.488472366139	0.301894734484	0.0627282669159	0.146904632461
xǐd-	0.475224731419	0.34981363736	0.031572023679	0.143389607542
jes-	0.0286169952808	0.849623389612	0.00702509401542	0.114734521091
tnɨ-	0.516797343327	0.316628763922	0.0442291286543	0.122344764097
tǔh-	0.404552443451	0.183128061249	0.336868134481	0.0754513608192
àsi-	0.0076003884643	0.985643710679	0.00295570662501	0.00380019423215
nìc-	0.020979020979	0.979020979021	0.0	0.0
con-	0.58667676003	0.360333080999	0.0302800908403	0.0227100681302
àlc-	0.092485549133	0.861271676301	0.0	0.0462427745665
òse-	0.106666666667	0.533333333333	0.106666666667	0.253333333333
vèn-	0.090487238979	0.798143851508	0.0835266821346	0.0278422273782
sǔú-	0.343558282209	0.295894289759	0.119867862199	0.240679565833
lòi-	0.0	1.0	0.0	0.0
lǒt-	0.0796192314441	0.837471486226	0.0631689770135	0.0197403053167
yuc-	0.047532115576	0.687799554379	0.122064278818	0.142604051227
cap-	0.0215227817746	0.935251798561	0.0384892086331	0.00473621103117
òlí-	0.0397889842632	0.903433476395	0.0107296137339	0.046047925608
làn-	0.183385479854	0.712534320925	0.0453355469	0.058744652321
sàl-	0.0332998047453	0.961730075143	0.0	0.00497012011124
dèh-	0.0949554896142	0.448071216617	0.456973293769	0.0
ìha-	0.119909965214	0.0900347861674	0.00245549416821	0.787599754451
cút-	0.290960657783	0.218271560147	0.0483843001745	0.442383481896
ùxí-	0.147561054192	0.494812810104	0.0154649139764	0.342161221728
jus-	0.0289389067524	0.971061093248	0.0	0.0
àbé-	0.0851926977687	0.888438133874	0.0101419878296	0.0162271805274
ěfa-	0.16393442623	0.786885245902	0.0	0.0491803278689
yǔú-	0.0696952601944	0.846482666127	0.0610224696378	0.0227996040405
xíǎ-	0.134471290142	0.0816087370255	0.0109890027845	0.772930970048
ñuú-	0.140925279128	0.359384953795	0.0137894179738	0.485900349103
àga-	0.183908045977	0.793103448276	0.0	0.0229885057471
jos-	0.0	1.0	0.0	0.0
tèe-	0.357257495025	0.49624446299	0.0744687680555	0.0720292739295
nút-	0.450069526479	0.316911426027	0.0665187503542	0.16650029714
pèc-	0.0522496371553	0.809869375907	0.137880986938	0.0
cor-	0.0878381648357	0.841383148623	0.047911726274	0.0228669602672
juǎ-	0.0	1.0	0.0	0.0
gǎy-	0.0269662921348	0.973033707865	0.0	0.0
gàd-	0.043557168784	0.94555353902	0.010889292196	0.0
pàs-	0.0016508914814	0.966982170372	0.00495267444419	0.0264142637024
xìi-	0.117752830961	0.0844456147893	0.0192163350157	0.778585219234
úná-	0.0986301369863	0.157534246575	0.00821917808218	0.735616438356
chǎ-	0.372565511475	0.416206252235	0.127824812519	0.0834034237709
ván-	0.362416107383	0.328859060403	0.0402684563758	0.268456375839
yaá-	0.0696776042653	0.255861097557	0.0140790901777	0.660382208
jǒb-	0.155844155844	0.844155844156	0.0	0.0
gǒg-	0.0	1.0	0.0	0.0
nee-	0.14050558495	0.737801293357	0.114638447972	0.00705467372134
càp-	0.0989010989011	0.725274725275	0.0	0.175824175824
yǒc-	0.398843930636	0.554913294798	0.0	0.0462427745665
nùh-	0.634041131601	0.204953516231	0.0206943980453	0.140310954123
àma-	0.0	0.674418604651	0.325581395349	0.0
dàñ-	0.465750656031	0.220793940771	0.0936595695521	0.219795833645
elì-	0.0	0.957099080695	0.0429009193054	0.0
càá-	0.130590221457	0.753550266477	0.0104273560859	0.10543215598
ber-	0.00407166123778	0.995928338762	0.0	0.0
yǒd-	0.0861800465438	0.866812655341	0.0470072981148	0.0
véx-	0.621551408118	0.136301476617	0.0220677064519	0.220079408813
cùñ-	0.242337955911	0.459883718334	0.0843541779215	0.213424147833
tne-	0.198695652174	0.672450592885	0.0671936758893	0.0616600790513
dáy-	0.384102459849	0.38806668022	0.158507826794	0.0693230331368
xód-	0.196721311475	0.803278688525	0.0	0.0
nǔú-	0.107071026428	0.115790236514	0.0261096558957	0.751029081162
coó-	0.08	0.86	0.06	0.0
àsé-	0.0	0.975708502024	0.0	0.0242914979756
dau-	0.277011157537	0.0478730785242	0.178870061724	0.496245702216
ñúc-	0.0204081632653	0.938775510204	0.0	0.0408163265306
úxí-	0.0392629044079	0.15317767773	0.00230342372526	0.805255994137
señ-	0.142002279635	0.783434650456	0.0232712765957	0.0512917933131
ròm-	0.00966409933524	0.675374117785	0.291240811784	0.0237209710956
lag-	0.482202820685	0.293485560779	0.116856950974	0.107454667562
vih-	0.192182886179	0.369455204135	0.278828592225	0.159533317461
ràh-	0.0178571428572	0.982142857143	0.0	0.0
méé-	0.23463532217	0.225655722489	0.111315573636	0.428393381706
věd-	0.214100334448	0.449204013378	0.220869565217	0.115826086957
dɨ́-	0.143433327593	0.276750187084	0.0743706852262	0.505445800097
tɨú-	0.886079700699	0.0917775329364	0.0221427663648	0.0
cèd-	0.0405405405405	0.959459459459	0.0	0.0
neñ-	0.171054697536	0.288036341317	0.436067258557	0.104841702589
mìr-	0.024	0.96	0.016	0.0
làs-	0.0	1.0	0.0	0.0
tim-	0.0202287598022	0.943609210329	0.0244243544279	0.0117376754408
tri-	0.442170160471	0.557829839529	0.0	0.0
lèí-	0.235507246377	0.617753623188	0.0688405797101	0.0778985507246
èra-	0.0160427807486	0.983957219251	0.0	0.0
ngǒ-	0.575894148652	0.26126478689	0.050317038857	0.112524025601
xii-	0.0395036537257	0.0446484217039	0.00375845557925	0.912089468991
yùn-	0.0	0.967213114754	0.0	0.0327868852459
vǐx-	0.0296120817293	0.861711578324	0.105122890139	0.00355344980752
àbi-	0.0	0.994949494949	0.0050505050505	0.0
dac-	0.355964688816	0.345861194759	0.0893329248367	0.208841191588
cuy-	0.284328420204	0.252730219973	0.0368736789115	0.426067680912
tnè-	0.509157509158	0.300366300366	0.058608058608	0.131868131868
àgá-	0.220512820513	0.54358974359	0.189743589743	0.0461538461538
xǐs-	0.664795058956	0.184727681078	0.134755755194	0.0157215047726
sět-	0.0152671755725	0.984732824427	0.0	0.0
cùm-	0.243151369726	0.213024061854	0.110577884423	0.433246683997
jer-	0.0170383757405	0.954843379902	0.00369328953912	0.0244249548188
vǐv-	0.191444547529	0.479827486773	0.301647401018	0.0270805646799
coo-	0.159013672816	0.263215531933	0.0283274215091	0.549443373742
cǒh-	0.068772412438	0.910595863831	0.0206317237314	0.0
mah-	0.0	1.0	0.0	0.0
xɨ̀-	0.309304693018	0.319100085509	0.0174699872908	0.354125234182
yàh-	0.0212279695202	0.849148548475	0.0735408551062	0.0560826268983
pàá-	0.0306972984193	0.94204655939	0.00229410415233	0.0249620380384
náǎ-	0.322935779816	0.566972477064	0.0440366972477	0.0660550458715
váí-	0.234559861066	0.234125691957	0.132421578205	0.398892868773
bàr-	0.137219169828	0.791540611071	0.0104637516245	0.0607764674761
yèh-	0.0530578050824	0.857581681095	0.0134040770734	0.0759564367495
dài-	0.406779661017	0.118644067797	0.0338983050847	0.440677966102
seg-	0.0	0.900826446281	0.099173553719	0.0
àrm-	0.0	1.0	0.0	0.0
yáá-	0.0200668896321	0.979933110368	0.0	0.0
ɨ̀ɨ-	0.0996774186568	0.137146988246	0.0308215825922	0.732354010505
sàc-	0.316581905776	0.419275212664	0.170340507498	0.0938023740617
règ-	0.125	0.84375	0.03125	0.0
nùú-	0.606557377049	0.296903460838	0.0200364298725	0.0765027322404
càa-	0.261571110705	0.26776090731	0.0641040670478	0.406563914937
ǔdi-	0.0633299284985	0.0766087844739	0.0	0.860061287028
eùt-	0.0	1.0	0.0	0.0
tnǎ-	0.191377334531	0.707436429523	0.0349986062502	0.0661876296961
nǔt-	0.448669201521	0.271863117871	0.0779467680608	0.201520912548
tàñ-	0.909712722298	0.0246238030096	0.0164158686731	0.0492476060191
ndǐ-	0.161980693506	0.523172109109	0.0324836023769	0.282363595009
núc-	0.544143158553	0.365523169493	0.0217238415254	0.0686098304291
túú-	0.260460394357	0.0555939273224	0.0217691390812	0.66217653924
vìc-	0.111844764856	0.806225576068	0.0350357094731	0.0468939496025
núu-	0.106822905897	0.0243132135319	0.00416344910912	0.864700431462
alf-	0.137254901961	0.862745098039	0.0	0.0
yod-	0.293285310008	0.619243632622	0.0540262413172	0.0334448160535
uní-	0.0221465076661	0.0221465076661	0.943781942078	0.0119250425894
ped-	0.0508474576271	0.906779661017	0.0	0.0423728813559
àgr-	0.0455717970765	0.920034393809	0.0227858985383	0.0116079105761
epa-	0.0	1.0	0.0	0.0
áfr-	0.0869565217392	0.869565217391	0.0	0.0434782608696
sǎv-	0.386603439101	0.254698703796	0.216083046448	0.142614810655
ndá-	0.272711421075	0.322864383501	0.151400898466	0.253023296959
tɨh-	0.529145444256	0.228919071873	0.207130730051	0.03480475382
mel-	0.0935567849007	0.843800846079	0.0520663846404	0.0105759843801
hěr-	0.0	1.0	0.0	0.0
dìc-	0.239015520245	0.182026187986	0.0570249494196	0.521933342349
víc-	0.0066468427497	0.980759139409	0.00524750743397	0.00734651040755
pàt-	0.0884624232691	0.835666862588	0.0374546679896	0.0384160461538
jud-	0.24	0.568	0.096	0.096
cúy-	0.380193270791	0.342834762013	0.132378983008	0.144592984189
nǎá-	0.0494699646643	0.526501766784	0.116607773852	0.3074204947
nɨn-	0.110618262917	0.0642299591129	0.0342956263164	0.790856151654
còd-	0.673369896405	0.146861669714	0.179768433882	0.0
ñúñ-	0.0	1.0	0.0	0.0
ndò-	0.408959239717	0.376755224974	0.0729941303566	0.141291404952
cie-	0.120206067544	0.0	0.0	0.879793932456
moì-	0.0368252502977	0.937088891548	0.00881194287266	0.0172739152815
túǔ-	0.283360790774	0.538714991763	0.158154859967	0.0197693574959
ndǎ-	0.31810820026	0.420143773753	0.142254361949	0.119493664038
and-	0.0194759498067	0.875730005392	0.0436632333184	0.0611308114826
ciè-	0.00858544562551	0.107931316435	0.00981193785774	0.873671300082
màt-	0.0184899845917	0.981510015408	0.0	0.0
dáx-	0.547015116577	0.203433256469	0.151165769921	0.098385857033
tàr-	0.0	1.0	0.0	0.0
lid-	0.153284671533	0.846715328467	0.0	0.0
gòm-	0.00975292587776	0.988296488947	0.0	0.00195058517555
pùt-	0.0	1.0	0.0	0.0
ànf-	0.0740740740741	0.925925925926	0.0	0.0
dat-	0.141592421733	0.170482843625	0.0443250868372	0.643599647805
mèe-	0.210937619863	0.261471463706	0.142175187242	0.385415729188
lev-	0.0317820658343	0.927679584887	0.03988973569	0.000648613588454
ndà-	0.299467390715	0.329769689557	0.185609939243	0.185152980485
dáv-	0.435237329043	0.217216411907	0.313757039421	0.0337892196299
med-	0.283272283272	0.310134310134	0.0793650793651	0.327228327228
cuh-	0.315531932147	0.343743936594	0.202941178958	0.137782952302
saú-	0.526066350711	0.363033175355	0.042654028436	0.0682464454976
xáh-	0.729140259559	0.0699917297805	0.00373648180586	0.197131528855
tán-	0.959183673469	0.0408163265306	0.0	0.0
lǎx-	0.0363636363637	0.963636363636	0.0	0.0
níc-	0.314064152274	0.58019034191	0.0634473034896	0.0422982023264
sǎñ-	0.371801129907	0.336639565962	0.184010050734	0.107549253397
tal-	0.0682926829268	0.70406504065	0.0341463414634	0.193495934959
xìí-	0.228194690478	0.107541713195	0.0163800378356	0.647883558492
ñǎn-	0.0	0.894736842105	0.105263157895	0.0
yaú-	0.144400721786	0.687979650847	0.100223927647	0.0673956997196
chi-	0.251143915667	0.0746747164411	0.0140050051369	0.660176362755
nga-	0.614876803293	0.281647023798	0.0563591764881	0.0471169964209
xíd-	0.468427504542	0.292642213161	0.0800897227463	0.15884055955
idi-	0.0	0.955514365153	0.0	0.0444856348471
tén-	0.607790342847	0.204092622509	0.0850834679591	0.103033566685
blà-	0.139534883721	0.790697674419	0.0697674418604	0.0
cǔc-	0.21393477504	0.423188517931	0.249139231692	0.113737475338
mìg-	0.0759493670885	0.924050632911	0.0	0.0
dád-	0.672677261614	0.242970660147	0.0623471882641	0.0220048899755
yày-	0.191596638655	0.551260504202	0.216806722689	0.0403361344538
nag-	0.0	1.0	0.0	0.0
for-	0.0	1.0	0.0	0.0
did-	0.291044776119	0.305970149254	0.402985074627	0.0
tǔu-	0.372357967321	0.333747349937	0.0923828083175	0.201511874424
cùn-	0.247286336616	0.401742784598	0.13103870298	0.219932175806
xíǐ-	0.539130434783	0.460869565217	0.0	0.0
oli-	0.0	0.926444833625	0.0735551663748	0.0
sìn-	0.152542372881	0.796610169492	0.0508474576271	0.0
xǐt-	0.16811652797	0.557483684255	0.035661467996	0.238738319779
jec-	0.0252100840336	0.974789915966	0.0	0.0
cut-	0.552113474689	0.0948227883253	0.0529683243573	0.300095412629
cán-	0.409409297036	0.317188866823	0.0872171584123	0.186184677729
jòé-	0.12213740458	0.801526717557	0.0	0.0763358778626
xih-	0.73159187205	0.184685659028	0.0596745257211	0.0240479432011
dɨ̌-	0.164556282863	0.529616911686	0.115489859427	0.190336946024
xɨ́-	0.380803789318	0.447805065131	0.0398651402977	0.131526005253
này-	0.416901194189	0.487259450825	0.0575036129916	0.0383357419944
dàx-	0.55287184194	0.251002367035	0.140331384957	0.0557944060673
éfe-	0.0330479792953	0.957395978499	0.00238901055147	0.00716703165439
niú-	0.0220464069048	0.920695478141	0.00703608731002	0.050222027644
car-	0.1583030225	0.815302410918	0.00482827437474	0.0215662922071
ple-	0.160714285714	0.238095238095	0.571428571429	0.0297619047619
tǎt-	0.0751923094076	0.734828298563	0.0211526471737	0.168826744856
làh-	0.11214953271	0.88785046729	0.0	0.0
cúù-	0.853977855135	0.0335420620503	0.0054803974303	0.106999685385
cúd-	0.397265793152	0.327957038829	0.167886158697	0.106891009322
ndr-	0.0122038765255	0.97343862168	0.0	0.0143575017947
cúv-	0.0457516339869	0.0392156862745	0.915032679739	0.0
veñ-	0.0696236167283	0.901928164325	0.0107301818477	0.017718037099
sèr-	0.0	0.924369747899	0.0756302521008	0.0
lǒh-	0.27440785673	0.607163489312	0.0837666088966	0.0346620450607
ùú‑-	0.334586466165	0.304511278195	0.285714285714	0.0751879699248
dɨñ-	0.742857142857	0.134065934066	0.0725274725274	0.0505494505494
yǐc-	0.552557631372	0.194425783098	0.191196412239	0.0618201732907
nǔu-	0.100320519674	0.0364057758291	0.00764128839532	0.855632416102
teñ-	0.315222962583	0.414402870323	0.147360328037	0.123013839057
xǐh-	0.484467574059	0.341793434748	0.0344275420336	0.139311449159
cùr-	0.34187127104	0.569463044117	0.00789144700703	0.0807742378363
cob-	0.0680017934539	0.891271857719	0.0138245404274	0.0269018083993
yùú-	0.233552631579	0.705592105263	0.0197368421052	0.0411184210526
duu-	0.34896400498	0.274063887908	0.170189359448	0.206782747663
pom-	0.0377358490566	0.88679245283	0.0754716981132	0.0
méě-	0.190697674419	0.292177589852	0.21289640592	0.30422832981
cuè-	0.118041947763	0.166110208661	0.0449324111013	0.670915432475
pǎt-	0.0	1.0	0.0	0.0
sód-	0.394194588783	0.512632144777	0.0680881562445	0.0250851101953
dàd-	0.607823912765	0.309935047687	0.0148875789444	0.0673534606038
cǎc-	0.525717280141	0.366656134182	0.0587976193287	0.0488289663482
gob-	0.0643993071957	0.849315068493	0.0648716737521	0.0214139505589
mòl-	0.0	1.0	0.0	0.0
ngó-	0.567673711577	0.220870071564	0.0316659511788	0.179790265681
táh-	0.37756403099	0.325116775649	0.0512979456483	0.246021247712
gàb-	0.0	1.0	0.0	0.0
cri-	0.184291509302	0.681423975381	0.0	0.134284515317
sòd-	0.00467484765005	0.99532515235	0.0	0.0
dúc-	0.103932627198	0.0655653418992	0.0298813728368	0.800620658066
àpe-	0.0	1.0	0.0	0.0
ngá-	0.286468183186	0.557746550761	0.0621131694318	0.0936720966217
úá‑-	0.0508474576271	0.316384180791	0.58615819209	0.0466101694915
íñú-	0.0908080059303	0.0761675315048	0.0305782060786	0.802446256486
cúx-	0.236111111111	0.680555555556	0.0833333333334	0.0
càv-	0.217130805733	0.500311556344	0.219287734266	0.0632699036572
sàá-	0.244870980252	0.258787757615	0.0826783178282	0.413662944305
hiè-	0.0	1.0	0.0	0.0
yǎh-	0.38001987525	0.335134833105	0.0591086868886	0.225736604756
ndó-	0.471226786181	0.412812544818	0.0397461032476	0.0762145657535
ìñú-	0.0	0.00817438692098	0.629427792916	0.362397820163
ñuy-	0.128990112238	0.685543469746	0.0492861641909	0.136180253825
xoc-	0.558503732554	0.308828302499	0.0541626095423	0.0785053554041
sèñ-	0.575506131345	0.391933408608	0.00997820549852	0.0225822545493
cuú-	0.431063774068	0.266783790681	0.0567137873286	0.245438647922
sal-	0.00427756653992	0.994296577947	0.00142585551331	0.0
itú-	0.18624441806	0.736532286647	0.065109837208	0.0121134580853
nut-	0.164670658683	0.362275449102	0.0359281437126	0.437125748503
tǎh-	0.318826379159	0.511066984413	0.0640474139577	0.10605922247
òbé-	0.244233378562	0.755766621438	0.0	0.0
mbe-	0.103225806452	0.896774193548	0.0	0.0
sán-	0.407949566733	0.44251711795	0.0446713292455	0.104861986071
tàs-	0.0	0.998760667115	0.0	0.00123933288481
lic-	0.147540983607	0.606557377049	0.245901639344	0.0
yǒó-	0.00949066751028	0.988611198988	0.0	0.00189813350206
èvá-	0.123173277662	0.814196242171	0.0375782881002	0.0250521920668
náá-	0.558008831794	0.251304696909	0.100361300682	0.0903251706142
yɨɨ-	0.116593049421	0.756396366364	0.0933411117593	0.033669472456
mèd-	0.183439490446	0.624203821656	0.0853503184713	0.107006369427
das-	0.477424992718	0.367371832217	0.040052432275	0.115150742791
naz-	0.00667573247623	0.988873779206	0.00445048831747	0.0
cui-	0.303779474048	0.267804527087	0.333826768721	0.0945892301439
lúh-	0.319852941176	0.378676470588	0.275735294118	0.0257352941176
yòd-	0.213969559332	0.488541295405	0.0598735530676	0.237615592195
vět-	0.0693641618497	0.751445086705	0.0751445086705	0.104046242775
tay-	0.15625	0.697916666667	0.0208333333333	0.125
òcó-	0.0575539568345	0.117505995204	0.0	0.824940047962
pěr-	0.0161950605066	0.973008232489	0.0107967070044	0.0
bàl-	0.0731707317073	0.915275994865	0.00385109114249	0.00770218228497
sěm-	0.0	1.0	0.0	0.0
xíc-	0.423978051293	0.260003087802	0.0372814177569	0.278737443148
cǔñ-	0.528905315167	0.259130158146	0.0241775705966	0.18778695609
yút-	0.0458066128092	0.92296160573	0.0162405263596	0.0149912551012
iha-	0.186301422456	0.131610773041	0.0165089359415	0.665578868562
èli-	0.0337667378226	0.948961769843	0.0137783815253	0.00349311080924
dɨq-	0.0377358490566	0.723270440252	0.0	0.238993710692
bèr-	0.0174165457184	0.792452830189	0.139332365747	0.0507982583454
nán-	0.398807415953	0.328555262975	0.109172047297	0.163465273776
dác-	0.482003567857	0.377346970924	0.0649593407701	0.0756901204498
àla-	0.275229357798	0.48623853211	0.238532110092	0.0
nàh-	0.558256776166	0.180125743453	0.0469784428408	0.21463903754
dic-	0.0364230936966	0.0325314456481	0.0126374650584	0.918407995597
pùy-	0.3328125	0.56875	0.0	0.0984375000001
caa-	0.173356564467	0.198060322539	0.283897375639	0.344685737354
cuu-	0.191425810611	0.144720124083	0.0289544775966	0.63489958771
rùd-	0.0379746835443	0.962025316456	0.0	0.0
com-	0.277203628204	0.486710280965	0.154230270851	0.0818558199804
yǔh-	0.11463134198	0.0745119117892	0.00221688332596	0.808639862905
tuc-	0.14672860194	0.11806883442	0.0542858162483	0.680916747391
nɨñ-	0.0813953488372	0.244186046512	0.0	0.674418604651
xio-	0.0995875586429	0.405828073334	0.0754062191815	0.419178148842
nàv-	0.0821917808219	0.86301369863	0.0547945205479	0.0
bàb-	0.0736842105263	0.552631578947	0.121052631579	0.252631578947
man-	0.011396011396	0.965811965812	0.022792022792	0.0
dày-	0.313086482374	0.423577648153	0.139065009722	0.124270859752
esp-	0.0381190833415	0.867843655175	0.0283020325121	0.0657352289714
èsm-	0.117098743643	0.708292478854	0.174608777503	0.0
yus-	0.578929653315	0.404240996298	0.0168293503871	0.0
arf-	0.0	1.0	0.0	0.0
yax-	0.108229988726	0.742953776776	0.0405862457723	0.108229988726
zeb-	0.0	1.0	0.0	0.0
vìs-	0.0	0.918367346939	0.0	0.0816326530612
his-	0.0	0.907079646018	0.0929203539823	0.0
dǎn-	0.530644045283	0.312856582781	0.115450356347	0.0410490155899
ngǎ-	0.431018257105	0.326181065311	0.0649350649351	0.177865612648
sàa-	0.364904552129	0.203377386197	0.374449339207	0.0572687224669
ñán-	0.157362928607	0.730826569488	0.0513500082822	0.0604604936226
juě-	0.140750670241	0.795576407507	0.0455764075067	0.0180965147453
úúⁿ-	0.38202247191	0.425561797753	0.0912921348315	0.101123595506
fàr-	0.0	1.0	0.0	0.0
cas-	0.537409493162	0.312148028962	0.0289621882542	0.121480289622
xǐi-	0.0393700787402	0.593175853019	0.249343832021	0.11811023622
tèñ-	0.544966442953	0.401342281879	0.0	0.0536912751678
scu-	0.0866773675761	0.75922953451	0.0	0.154093097913
àpo-	0.0356282561201	0.940003361156	0.00336115623775	0.0210072264859
ènó-	0.0296767355591	0.906730259671	0.0508744038156	0.0127186009539
cáà-	0.0571428571429	0.457142857143	0.485714285714	0.0
chú-	0.435033866674	0.468719702646	0.0147200423393	0.0815263883408
gǎz-	0.0	0.852216748768	0.0	0.147783251232
naá-	0.199057097957	0.654269250917	0.0523834468308	0.0942902042954
ant-	0.0319620253164	0.955696202532	0.00949367088608	0.00284810126582
ñùn-	0.432144997004	0.31261234272	0.0710005991611	0.184242061114
pol-	0.0562482422424	0.900628105372	0.023436767601	0.0196868847849
ndè-	0.364156997882	0.240704299599	0.0485800455676	0.346558656952
cué-	0.224486237752	0.355841430006	0.236051267973	0.183621064269
mar-	0.140168128655	0.762975146199	0.0219298245614	0.0749269005848
àmp-	0.0	1.0	0.0	0.0
cúǔ-	0.531901652573	0.162228703748	0.0591281593967	0.246741484282
dìs-	0.262723004695	0.600563380282	0.0466353677621	0.0900782472613
ìó‑-	0.322627737226	0.230656934307	0.0963503649634	0.350364963504
ngò-	0.450079963445	0.445967557688	0.0559744116975	0.0479780671693
tɨt-	0.0824274749972	0.201008803577	0.56397390245	0.152589818976
ngà-	0.425771772956	0.468197853353	0.0416695242912	0.0643608494003
càu-	0.775700934579	0.18691588785	0.0	0.0373831775701
vài-	0.0696186409578	0.181127504344	0.634794332811	0.114459521887
ñuh-	0.191149028831	0.466743056729	0.0813767504958	0.260731163944
nda-	0.378378326693	0.412706115317	0.0490949621212	0.159820595869
tàb-	0.0545454545454	0.918181818182	0.0	0.0272727272727
jài-	0.108580106302	0.827638572513	0.00911161731207	0.0546697038724
nùm-	0.454545454545	0.31129476584	0.192837465565	0.0413223140496
òli-	0.0	1.0	0.0	0.0
dɨɨ-	0.545862145406	0.370043548837	0.0510572570668	0.0330370486903
nǐn-	0.126502251513	0.498464199445	0.220439566994	0.154593982047
sus-	0.162162162162	0.810810810811	0.027027027027	0.0
nǎr-	0.0	0.792079207921	0.207920792079	0.0
bla-	0.33488372093	0.443255813954	0.106976744186	0.11488372093
xít-	0.138483293711	0.645703176657	0.0227488114871	0.193064718145
lav-	0.684684684685	0.195195195195	0.12012012012	0.0
tèr-	0.0	1.0	0.0	0.0
sam-	0.143151047762	0.737498922055	0.0413930740517	0.0779569561308
chè-	0.0372518994051	0.943665704694	0.00883444254668	0.0102479533541
ñɨñ-	0.0467091295117	0.815286624204	0.0997876857749	0.0382165605095
ìco-	0.0122699386503	0.981595092025	0.00613496932515	0.0
pùd-	0.0	1.0	0.0	0.0
rày-	0.237113402062	0.412371134021	0.0	0.350515463918
uná-	0.0271002710027	0.0650406504065	0.907859078591	0.0
duh-	0.303212811484	0.100089092508	0.014566107574	0.582131988433
caá-	0.116026236523	0.506809672607	0.210061087183	0.167103003688
ànd-	0.0194480722276	0.881466129124	0.0757339163023	0.0233518823463
lib-	0.39552238806	0.44776119403	0.15671641791	0.0
dát-	0.380690913748	0.377825446629	0.128145610553	0.113338029071
ìtú-	0.693406950309	0.279311464761	0.0	0.0272815849302
dit-	0.187936805389	0.795153713406	0.0	0.0169094812047
cla-	0.060606060606	0.833333333333	0.0	0.106060606061
àrt-	0.0872483221476	0.912751677852	0.0	0.0
tax-	0.508713277794	0.242448677883	0.0275942009145	0.221243843409
vǐc-	0.0123456790123	0.987654320988	0.0	0.0
těo-	0.0	0.811846689896	0.16724738676	0.020905923345
mǐr-	0.0	1.0	0.0	0.0
ngo-	0.378449880785	0.264558905183	0.0408269915407	0.316164222491
xix-	0.160714285714	0.678571428571	0.0714285714286	0.0892857142857
lìn-	0.0636232533902	0.858162560442	0.0195111310397	0.058703055128
let-	0.245614035088	0.649122807018	0.0701754385965	0.0350877192982
cur-	0.152866242038	0.804331210191	0.0	0.0428025477707
uhú-	0.0384615384615	0.0576923076923	0.903846153846	0.0
dít-	0.308184484138	0.205278592375	0.462543321781	0.0239936017062
nǎn-	0.0962825816821	0.805927401595	0.0473875733209	0.0504024434017
mǐl-	0.0287619233016	0.0947780805917	0.00291999221336	0.873540003893
sìl-	0.051935483871	0.934516129032	0.00193548387097	0.0116129032258
lìp-	0.029702970297	0.957227722772	0.0118811881188	0.00118811881188
mnà-	0.0	0.963636363636	0.0363636363636	0.0
cud-	0.323885240347	0.359982573056	0.201025607926	0.115106578671
aná-	0.0625	0.775	0.1625	0.0
naa-	0.4517579722	0.381662082807	0.120047573032	0.0465323719617
cuv-	0.213235294118	0.0220588235294	0.764705882353	0.0
vòd-	0.0	1.0	0.0	0.0
xǐx-	0.387092020407	0.426972442299	0.0818941621463	0.104041375148
cóh-	0.444058321223	0.401776594566	0.102514728248	0.051650355963
grè-	0.0	0.983333333333	0.0166666666666	0.0
sàr-	0.021978021978	0.956043956044	0.021978021978	0.0
xéh-	0.222128665866	0.308198522606	0.18088225634	0.288790555187
tav-	0.499852405786	0.429794352061	0.0221391321461	0.0482141100069
xin-	0.766821308254	0.108131175932	0.0144184873843	0.11062902843
dìó-	0.365040650406	0.275609756098	0.253658536585	0.105691056911
crè-	0.0	1.0	0.0	0.0
cód-	0.565074135091	0.0980230642504	0.160626029654	0.176276771005
èsl-	0.0	1.0	0.0	0.0
quě-	0.565684051398	0.244686318972	0.0583522297809	0.131277399849
dàt-	0.110701179122	0.0449141065778	0.0380043283929	0.806380385907
yay-	0.449870633894	0.391655886158	0.0815006468305	0.0769728331177
ñǔh-	0.181628392484	0.780793319416	0.0	0.0375782881002
chě-	0.14517669532	0.808978032474	0.0458452722063	0.0
xíá-	0.171420746731	0.159182974342	0.00700434892845	0.662391929999
rag-	0.0	1.0	0.0	0.0
yúú-	0.0982032795345	0.840402201645	0.0291976034171	0.0321969154029
tes-	0.0610263522885	0.893897364771	0.0270457697642	0.0180305131762
tnà-	0.207079149932	0.22740234977	0.0813100783919	0.484208421906
cúh-	0.201182962019	0.636546700324	0.0563288221506	0.105941515506
jùd-	0.0412750563259	0.932385997225	0.0066650382783	0.0196739081709
cùt-	0.574015224696	0.189391291683	0.10942606063	0.127167422992
are-	0.036	0.964	0.0	0.0
cat-	0.620330948514	0.325681429136	0.00263354255366	0.0513540797964
yíc-	0.287989132047	0.574714371497	0.100762664781	0.036533831675
cáá-	0.188310452736	0.120818139505	0.0302591789917	0.660612228768
alc-	0.270790659566	0.692339205244	0.0368701351905	0.0
cov-	0.516085221968	0.258127493422	0.225787284611	0.0
chù-	0.756944444444	0.243055555556	0.0	0.0
naà-	0.0	1.0	0.0	0.0
vií-	0.260180733819	0.212763367254	0.124392978578	0.40266292035
màg-	0.0308219178082	0.958904109589	0.0102739726027	0.0
àte-	0.0	1.0	0.0	0.0
cuǐ-	0.436282170866	0.394801544158	0.0578592338864	0.111057051089
mas-	0.458049886621	0.265306122449	0.27664399093	0.0
maì-	0.0	1.0	0.0	0.0
esà-	0.0461538461538	0.859171597633	0.0142011834319	0.080473372781
dús-	0.0252716704574	0.931766489765	0.0429618397776	0.0
tùh-	0.293669090477	0.221208723132	0.367446887908	0.117675298482
vaí-	0.440298507463	0.335820895522	0.223880597015	0.0
ace-	0.130434782609	0.869565217391	0.0	0.0
