-yer	0.0	1.0	0.0	0.0
-cak	0.228527031916	0.372325793823	0.319718983998	0.079428190263
-cai	0.869565217391	0.055900621118	0.0186335403727	0.055900621118
-cah	0.495306567508	0.431973055534	0.0173143754664	0.0554060014923
-eus	0.0284760408484	0.949725058916	0.0176747839749	0.0041241162608
-hel	0.0442151805453	0.911569638909	0.0	0.0442151805452
-hem	0.0245901639344	0.950819672131	0.00327868852459	0.0213114754098
-cap	0.596551724138	0.148275862069	0.0724137931034	0.18275862069
-cau	0.442421483842	0.464724624488	0.0273099681384	0.0655439235321
-hek	0.0544973366597	0.289087047401	0.550654035466	0.105761580473
-mua	0.113750571037	0.341708542714	0.349474645957	0.195066240292
-kho	0.0	1.0	0.0	0.0
-u-i	0.544917911824	0.271721084671	0.00774764803542	0.175613355469
-lem	0.00192704748796	0.984629502179	0.00224822206928	0.0111952282634
-aus	0.0401424099783	0.91302477838	0.00334520083152	0.0434876108097
-yeh	0.0665742024965	0.565880721221	0.216366158114	0.151178918169
-yek	0.707351545404	0.0703672601856	0.0228138941741	0.199467300236
-aua	0.351558195065	0.245392763118	0.285618073838	0.117430967979
-nso	0.0405570578129	0.847196675933	0.026269912447	0.0859763538068
-aud	0.00526438933083	0.993682732803	0.00105287786617	0.0
-aui	0.454579650179	0.244498777506	0.137295467369	0.163626104946
-aum	0.00545256270447	0.932024718284	0.0418029807343	0.020719738277
-aul	0.388235294118	0.576470588235	0.0352941176471	0.0
-zia	0.0	1.0	0.0	0.0
-nti	0.417488864437	0.363705070098	0.0855238825959	0.133282182869
-nto	0.0770597188367	0.453715260524	0.197816667977	0.271408352662
-pus	0.0	0.995947315096	0.0	0.00405268490375
-nta	0.182855626327	0.414278131635	0.156847133758	0.24601910828
-uah	0.367348457994	0.272897741308	0.160446796925	0.199307003773
-uak	0.172381362403	0.108405477695	0.0411867359128	0.678026423989
-nah	0.218524320584	0.405864708454	0.0254277664917	0.350183204469
-uan	0.303239541058	0.543979779778	0.069606678414	0.0831740007495
-dus	0.00999999999999	0.9	0.06	0.03
-pua	0.511438685476	0.0830559518149	0.0364030221377	0.369102340572
-i-i	0.878588661323	0.0662951972436	0.0448402506577	0.0102758907757
-pun	0.140925483119	0.0720865389594	0.0248490755323	0.76213890239
-ntu	0.237799070729	0.435910525691	0.0373895285461	0.288900875034
-aki	0.0782555024338	0.828191945444	0.0474278603147	0.046124691807
-sis	0.0	1.0	0.0	0.0
-opi	0.100840336135	0.899159663865	0.0	0.0
-ope	0.0226986128625	0.954602774275	0.015132408575	0.00756620428753
-dea	0.00708415981865	0.984839897988	0.0046755454803	0.00340039671294
-imu	0.193684210526	0.277894736842	0.452631578947	0.0757894736842
-rbe	0.036036036036	0.963963963964	0.0	0.0
-deh	0.095360757342	0.809573995136	0.0216035984205	0.0734616491017
-gko	0.474249960497	0.0789678780208	0.0173603109281	0.429421850554
-dek	0.0778917443337	0.0276910016598	0.00288325203997	0.891534001967
-den	0.0999458041039	0.158780834099	0.0221797974541	0.719093564343
-400	0.0	0.322916666667	0.0	0.677083333333
-gku	0.0125042598297	0.035637193656	0.00565195004563	0.946206596469
-oko	0.0495867768595	0.752066115702	0.0	0.198347107438
-des	0.0106044538706	0.913043478261	0.0437139154	0.0326381524685
-okh	0.0703812316716	0.91788856305	0.0	0.0117302052786
-imi	0.508667402806	0.479767014891	0.00534635408354	0.00621922821963
-imo	0.564178454888	0.145107571438	0.0666172510389	0.224096722636
-kis	0.0	1.0	0.0	0.0
-obo	0.146825396825	0.825396825397	0.0277777777778	0.0
-ida	0.106747404844	0.815397923875	0.0328719723183	0.0449826989619
-bie	0.135294117647	0.823529411765	0.00588235294118	0.035294117647
-bia	0.188523892132	0.0491182371532	0.0157158825698	0.746641988145
-bin	0.527306967985	0.430508474576	0.0	0.0421845574388
-oih	0.129834237487	0.293587423644	0.0604214734012	0.516156865467
-bik	0.330684044117	0.340581085297	0.236486855944	0.0922480146413
-bih	0.546935201401	0.202101576182	0.0427320490367	0.20823117338
-eja	0.133355759527	0.845018982171	0.00865010332068	0.012975154981
-ter	0.0314769975787	0.861985472155	0.0363196125908	0.0702179176755
-uta	0.182698854474	0.44839160505	0.116810205812	0.252099334663
-ria	0.0309251223636	0.89125091268	0.0345032356948	0.0433207292613
-rin	0.775182092734	0.172055427252	0.025226505596	0.0275359744182
-rim	0.0	1.0	0.0	0.0
-rik	0.157966074668	0.742171460464	0.0422571707629	0.0576052941059
-rih	0.192561205273	0.565913370998	0.233050847458	0.00847457627118
-tea	0.0805223068552	0.906420021763	0.0	0.0130576713819
-ris	0.0	1.0	0.0	0.0
-nas	0.0353982300885	0.958702064897	0.00589970501473	0.0
-teh	0.0687578064578	0.0679218993436	0.0230496940428	0.840270600156
-tek	0.0940465362454	0.228831745877	0.521841524136	0.155280193742
-aku	0.541091676189	0.251296475345	0.0983563329524	0.109255515514
-ten	0.0909738107465	0.729354371878	0.0848466458149	0.0948251715606
-jin	0.311111111111	0.483040935672	0.13567251462	0.0701754385965
-jil	0.036416776795	0.770543635634	0.177708819138	0.0153307684328
-wal	0.0535433070866	0.92188976378	0.0056692913386	0.0188976377953
-ara	0.124492976801	0.507254313696	0.0868871167326	0.281365592771
-jih	0.234971431146	0.0701281585551	0.654450630373	0.0404497799255
-aro	0.128578636481	0.422579252259	0.029747710468	0.419094400792
-lut	0.0361134995701	0.871023215821	0.0928632846087	0.0
-ari	0.110724634126	0.182769653001	0.0115822667702	0.694923446103
-aru	0.182193418971	0.0864820815492	0.39501600895	0.33630849053
-mea	0.0	1.0	0.0	0.0
-dun	0.0106961965583	0.982225438072	0.0014156730739	0.00566269229559
-lun	0.153867175902	0.044619962752	0.0115219034252	0.789990957921
-lua	0.497737556561	0.469079939668	0.027149321267	0.00603318250379
-men	0.0289855072464	0.913043478261	0.0	0.0579710144927
-mei	0.0	1.0	0.0	0.0
-meh	0.13205938983	0.612444506982	0.230543880912	0.0249522222756
-mek	0.727735368957	0.211399491094	0.0158778625954	0.0449872773537
-aya	0.00554528650646	0.988293284042	0.00431300061614	0.00184842883549
-rah	0.0937296344097	0.716042441358	0.0738805048324	0.1163474194
-ayo	0.261272905044	0.145778952659	0.0482130949197	0.544735047377
-rai	0.143823221259	0.619582817411	0.108264279138	0.128329682192
-ayi	0.721036199994	0.0319728937447	0.0110632328657	0.235927673396
-kia	0.0	0.99792964595	0.00207035405019	0.0
-ayu	0.121786543963	0.807891806447	0.0320657634538	0.0382558861363
-fos	0.0	1.0	0.0	0.0
--ka	0.458913983662	0.363286881307	0.177799135031	0.0
-mor	0.0	1.0	0.0	0.0
-alo	0.0812462876179	0.365939440224	0.0315356753011	0.521278596857
-ubu	0.133432171979	0.726711144057	0.139856683963	0.0
-zim	0.0	1.0	0.0	0.0
-ubo	0.510718424102	0.326187717265	0.0651796060255	0.0979142526072
-nsi	0.108921161826	0.813278008299	0.0217842323651	0.0560165975104
-ota	0.0613864350951	0.830042546289	0.0193548185856	0.08921620003
-oti	0.0146716110705	0.956410430878	0.0137785564836	0.0151394015684
-ali	0.239788784378	0.344560222134	0.0467778178997	0.368873175588
-oam	0.0280373831776	0.873831775701	0.0280373831776	0.0700934579439
-oto	0.0299251870324	0.884039900249	0.07855361596	0.0074812967581
-umi	0.0060887051726	0.974136967937	0.00927270696012	0.0105016199307
-ako	0.0764829689232	0.0488045651185	0.00904399973363	0.865668466225
-nak	0.106074111695	0.612660670505	0.012146412055	0.269118805745
ALL	0.223724847506	0.270546865234	0.0512040258311	0.454524261429
-nai	0.242867332382	0.572039942939	0.0752496433666	0.109843081312
-nan	0.134558732002	0.0527108251828	0.00551905271437	0.8072113901
-kie	0.244631779863	0.35167806585	0.317904671014	0.0857854832724
-nam	0.256345698608	0.303293605725	0.154554535379	0.285806160288
-kik	0.17628742515	0.432646706587	0.311952095808	0.0791137724551
-sir	0.0239726027397	0.911187214612	0.0600456621005	0.00479452054795
-ake	0.0790988796834	0.00654114418559	0.00286718338859	0.911492792742
-kih	0.044776119403	0.84328358209	0.111940298507	0.0
-kin	0.326513388639	0.186236167214	0.229427791249	0.257822652898
-aka	0.199602932111	0.26051990371	0.430782206481	0.109094957698
-sik	0.370397111913	0.537184115523	0.0490974729242	0.043321299639
-kir	0.0272211720227	0.183364839319	0.789413988658	0.0
-sih	0.0192047599294	0.705986947802	0.00357337748016	0.271234914788
-sin	0.0699123219003	0.825219195249	0.0758279799073	0.0290405029432
-sim	0.328525845565	0.241863433312	0.101084875558	0.328525845565
-sil	0.710767745051	0.162723322067	0.0492515692902	0.0772573635925
-sib	0.237209302326	0.674418604651	0.0697674418604	0.0186046511628
-sia	0.0551529543425	0.754876696429	0.114395846143	0.0755745030857
-aun	0.10248447205	0.771221532091	0.113871635611	0.0124223602485
-sie	0.472171432898	0.343753823236	0.0176396315993	0.166435112267
-nau	0.0366150806717	0.880803424432	0.0561080013171	0.0264734935792
-goi	0.292099021642	0.422546694337	0.260450637415	0.0249036466054
-wui	0.760750115211	0.132404551739	0.0472898720267	0.0595554610231
-mos	0.00657894736841	0.993421052632	0.0	0.0
-wun	0.0410945371926	0.927491850242	0.0156080213376	0.0158055912279
-gon	0.0	1.0	0.0	0.0
-amu	0.140425428732	0.175142304638	0.480865406182	0.203566860447
-gog	0.034188034188	0.948717948718	0.017094017094	0.0
-nek	0.260524825373	0.680699767164	0.016361462463	0.0424139450003
-mon	0.00854425675328	0.988691424885	0.0	0.00276431836136
-moi	0.628409090909	0.293181818182	0.0170454545455	0.0613636363636
-yau	0.647977097656	0.0968055077483	0.165050770158	0.0901666244379
-yap	0.384884246885	0.111846704223	0.459681730334	0.0435873185575
-cok	0.183897093854	0.217246307766	0.169604573606	0.429252024774
-ber	0.0	1.0	0.0	0.0
-eor	0.0	1.0	0.0	0.0
-bet	0.0244897959184	0.886297376093	0.00174927113703	0.0874635568513
-bek	0.554614319337	0.235045814046	0.103923906874	0.106415959743
-beh	0.172413793103	0.594827586207	0.0258620689655	0.206896551724
-ben	0.0	0.881188118812	0.0	0.118811881188
-beo	0.208860759494	0.715189873418	0.0759493670886	0.0
-bel	0.0622359074533	0.898230591586	0.00469704961911	0.0348364513417
-yam	0.00762983880869	0.790530229948	0.0	0.201839931244
-yan	0.0734232751201	0.834068439552	0.0468843080953	0.0456239772325
-yai	0.0941529235382	0.718740629685	0.0413793103448	0.145727136432
-yah	0.196020800362	0.603210490617	0.0384354510513	0.16233325797
-yak	0.0612367218919	0.520621702169	0.285571573511	0.132570002428
-iso	0.0627734449306	0.868746433327	0.0570667681187	0.0114133536237
-rek	0.421398979437	0.438959901649	0.0714351875243	0.0682059313899
-reh	0.247101500441	0.217895851721	0.327782877317	0.207219770521
-upu	0.037037037037	0.888888888889	0.0740740740741	0.0
-amo	0.123670258009	0.320815530745	0.102771484147	0.452742727098
-isi	0.0780598563985	0.846597168351	0.0134604281125	0.0618825471381
-rat	0.148606811146	0.820433436533	0.00619195046439	0.0247678018576
-rea	0.0219259997508	0.921764046344	0.0150741248287	0.0412358290769
-isa	0.0294026809348	0.605940290919	0.0289784475261	0.33567858062
-res	0.0397702165267	0.900574458683	0.0198851082634	0.0397702165267
-isu	0.301240694789	0.0928039702233	0.579156327543	0.0267990074442
-ret	0.0142687277051	0.97146254459	0.00594530321047	0.00832342449465
-dia	0.0833040594448	0.783273991688	0.0812722531169	0.0521496957501
-hab	0.0280373831776	0.971962616822	0.0	0.0
-mas	0.0169917257683	0.973588947991	0.000554078014186	0.00886524822694
-hak	0.157040615738	0.651507478223	0.062224713371	0.129227192668
-hal	0.346994054864	0.167455935688	0.0537709881885	0.431779021259
-ham	0.114285714286	0.257142857143	0.542857142857	0.0857142857143
-han	0.0840429074522	0.767741166146	0.0343663352695	0.113849591132
-mai	0.0944208667638	0.573433288932	0.0410767943992	0.291069049906
-mah	0.0518369767248	0.831430068218	0.0792610477608	0.0374719072967
-mak	0.24540403791	0.443463103977	0.258105854947	0.0530270031664
-has	0.0	1.0	0.0	0.0
-mam	0.010476208683	0.953354107324	0.0243552734711	0.0118144105221
-man	0.131469641105	0.684485671693	0.053541888126	0.130502799076
-jui	0.564102564103	0.369230769231	0.0461538461538	0.0205128205128
-jun	0.540242557883	0.281146637266	0.145534729879	0.0330760749725
-uat	0.221056575496	0.689022105658	0.0539527913077	0.0359685275384
-nku	0.128712871287	0.788778877888	0.0330033003301	0.049504950495
-uno	0.205148307853	0.239252580687	0.464785051614	0.0908140598458
-uni	0.657082185922	0.288852538562	0.0282698828369	0.0257953926794
-mfa	0.0714285714286	0.928571428571	0.0	0.0
-666	0.0	0.0	0.0	1.0
-iri	0.159448033646	0.141709071253	0.156408809844	0.542434085257
-gad	0.147540983607	0.704918032787	0.0	0.147540983607
-tra	0.0	1.0	0.0	0.0
-ada	0.267412486467	0.441176470588	0.215626127752	0.0757849151931
-gan	0.267261634923	0.580687469791	0.0719892313258	0.0800616639598
-gak	0.525552446243	0.139370836926	0.0458400450166	0.289236671814
-gai	0.110857325154	0.176281210801	0.0473392003821	0.665522263663
-adi	0.537598722487	0.0658531992846	0.0200657096518	0.376482368576
-gau	0.607932527923	0.143150216549	0.0	0.248917255528
-adu	0.216318785579	0.507725670914	0.0954188126863	0.180536730821
-aat	0.0242114078645	0.932230475949	0.0168134776837	0.0267446385022
-nor	0.0	1.0	0.0	0.0
-ini	0.227901837	0.631462051007	0.0461055372597	0.0945305747328
-sem	0.0	1.0	0.0	0.0
-sek	0.533652757352	0.192814051019	0.1486194825	0.124913709129
-ino	0.353951557463	0.297843512852	0.178592643516	0.16961228617
-ina	0.261124343629	0.702485446524	0.0354066906616	0.000983519185044
-sea	0.0185758513932	0.94427244582	0.0185758513932	0.0185758513932
-ira	0.0617842499647	0.886752438852	0.0186625194401	0.0328007917432
-uih	0.498221413251	0.156158456113	0.0957251578472	0.249894972789
-uik	0.318383644284	0.445344340354	0.109742000453	0.126530014909
-uil	0.238410596026	0.185430463576	0.576158940397	0.0
-set	0.0	1.0	0.0	0.0
-ses	0.0199335548173	0.940199335548	0.0132890365449	0.0265780730897
-kut	0.0	1.0	0.0	0.0
-kus	0.054612054612	0.856143856144	0.0329670329671	0.0562770562771
-kur	0.23614997202	0.697356726686	0.0348925244412	0.0316007768524
-aal	0.0434782608696	0.95652173913	0.0	0.0
-iam	0.0	1.0	0.0	0.0
-ian	0.146427286612	0.290092119221	0.0430513122771	0.520429281889
-nes	0.0125	0.933333333333	0.00416666666666	0.05
-iak	0.37430725095	0.163358976261	0.169164657506	0.293169115284
-iau	0.00730976124178	0.13711808649	0.000990204582917	0.854581947686
-nok	0.187086563045	0.219288989895	0.404407288665	0.189217158395
-fus	0.0	0.971153846154	0.0288461538461	0.0
-ias	0.0185588268988	0.952686447474	0.0168404170008	0.0119143086264
-kun	0.49147838844	0.43057199147	0.045190020091	0.0327595999987
-kum	0.0664977834072	0.838505383154	0.00569981000632	0.0892970234326
-aoh	0.434761091728	0.267314972905	0.261549501398	0.0363744339692
-kui	0.746775105701	0.147227533461	0.02181348127	0.084183879568
-ban	0.157118022262	0.764397891749	0.0391483865673	0.0393356994217
-win	0.0669031609349	0.864035511648	0.0107908324089	0.0582704950078
-eka	0.236578171091	0.123008849558	0.633333333333	0.0070796460177
-bak	0.181145584725	0.727923627685	0.0200477326969	0.0708830548926
-bah	0.353713479266	0.477627559112	0.0632378954802	0.105421066142
-bai	0.220318237454	0.647490820073	0.132190942472	0.0
-bae	0.497996565541	0.202633085289	0.105323411563	0.194046937607
-bab	0.3982882431	0.445472669668	0.0712385475463	0.085000539686
-baa	0.116216731561	0.0555369724756	0.00586617787879	0.822380118085
-hor	0.0	1.0	0.0	0.0
-joh	0.369812181361	0.19697926333	0.204277204942	0.228931350366
-joi	0.516431924883	0.352112676056	0.120187793427	0.0112676056338
-jok	0.70635243679	0.18955609801	0.0656388533494	0.0384526118502
-bat	0.00109011627907	0.994791666667	0.00109011627907	0.00302810077519
-bau	0.920265208593	0.0382313686658	0.00258320058553	0.0389202221553
-bar	0.273922737407	0.447513309369	0.10510988761	0.173454065614
-bas	0.0277142659184	0.955380031871	0.00997713573062	0.0069285664796
-nya	0.635947732899	0.239964904584	0.0	0.124087362517
-uku	0.0144584461423	0.898790877004	0.0663387528882	0.0204119239656
-asa	0.171080500294	0.297157163066	0.427371295663	0.104391040977
-aso	0.115872486787	0.284168478106	0.0403541295797	0.559604905528
-nyi	0.207686798759	0.676533778945	0.0940558605872	0.0217235617093
-nyo	0.172950882531	0.263755715959	0.0453856819212	0.517907719588
-asi	0.0865487751848	0.803058414263	0.0440353674446	0.0663574431077
-mba	0.043564328476	0.919231975029	0.0246424484309	0.0125612480638
-asu	0.0994941014809	0.322174116469	0.509562368025	0.0687694140252
-mbe	0.10347608327	0.794208622856	0.00646725520436	0.0958480386697
-mbi	0.0	1.0	0.0	0.0
-lta	0.0	1.0	0.0	0.0
-mbo	0.0253394040173	0.0153817333395	0.00130477049885	0.957974092144
-430	0.228571428571	0.0	0.0	0.771428571429
-gur	0.0421825713581	0.940474293129	0.00323992641455	0.0141032090986
-ras	0.0660689004247	0.922133081642	0.0023596035866	0.00943841434639
-rap	0.0605078336035	0.606699081577	0.332793084819	0.0
-ran	0.160962473911	0.742088584569	0.0484648045884	0.048484136932
-eri	0.0	1.0	0.0	0.0
-iwa	0.0957072045391	0.769616859432	0.034604233563	0.100071702466
-ram	0.311607283553	0.360015579085	0.273387616735	0.0549895206271
-rak	0.222929447115	0.679268031285	0.0508422356987	0.0469602859011
-iwe	0.134228128831	0.865771871169	0.0	0.0
-ero	0.177718832891	0.534482758621	0.244031830239	0.0437665782493
-era	0.047619047619	0.952380952381	0.0	0.0
-rab	0.0	0.980392156863	0.0	0.0196078431372
-ugu	0.162592382035	0.837407617965	0.0	0.0
-uka	0.545628764373	0.361288556306	0.0635152400073	0.0295674393137
-pok	0.356989539222	0.469528715395	0.0600605766772	0.113421168705
-poi	0.240601503759	0.451127819549	0.308270676692	0.0
-uga	0.340298507463	0.376119402985	0.25671641791	0.0268656716418
-ugo	0.00248918021985	0.874312916281	0.0864702913299	0.0367276121696
-aza	0.0652173913044	0.934782608696	0.0	0.0
-ugi	0.178723404255	0.773404255319	0.0351063829787	0.0127659574468
-ike	0.00836820083682	0.991631799163	0.0	0.0
-uju	0.429916215958	0.252987439459	0.156636820808	0.160459523776
-ika	0.0226804123711	0.960824742268	0.0103092783505	0.00618556701031
-iko	0.161895904898	0.0634841762884	0.0169223398758	0.757697578937
-lam	0.0725808475412	0.251133850987	0.0206181215567	0.655667179915
-lan	0.312087332202	0.52180407061	0.0377015117738	0.128407085414
-nos	0.0344827586207	0.965517241379	0.0	0.0
-lah	0.464006377679	0.294441168453	0.0341250078405	0.207427446027
-lai	0.237611175344	0.0916120640025	0.122086649124	0.548690111529
-lak	0.565608430096	0.32525672864	0.0491308141486	0.060004027116
-lau	0.104887119927	0.834921049197	0.0270781678194	0.0331136630562
-aan	0.124024929225	0.757405106689	0.0478455094129	0.0707244546732
-iks	0.0295763389289	0.933653077538	0.0367705835332	0.0
-aah	0.133333333333	0.733333333333	0.133333333333	0.0
-non	0.0	1.0	0.0	0.0
-las	0.0973053892216	0.881192161132	0.000816548720738	0.0206859009254
-gka	0.501943045205	0.344926277281	0.0792225700458	0.0739081074687
-uki	0.0131578947368	0.982456140351	0.0014619883041	0.00292397660819
-gek	0.281386188987	0.419225167655	0.267688669356	0.0316999740027
-ahi	0.584245384964	0.275131204391	0.0691391572329	0.0714842534125
-dos	0.174757281553	0.825242718447	0.0	0.0
-ato	0.274756865921	0.0908789637264	0.00907894148491	0.625285228867
-aha	0.0983606557377	0.331726133076	0.56412729026	0.00578592092575
-boh	0.193578264897	0.732942266132	0.0382834208089	0.035196048163
-boi	0.763700131521	0.191582639193	0.0289346777729	0.0157825515125
-bok	0.191872085276	0.664890073285	0.057505522634	0.085732318805
-dod	0.0	1.0	0.0	0.0
-don	0.0	1.0	0.0	0.0
-dom	0.00479616306954	0.99520383693	0.0	0.0
-dok	0.238509186435	0.158883307884	0.0799506111379	0.522656894543
-doh	0.0777900734363	0.0839725545315	0.0098319990128	0.828405373019
-doi	0.275280898876	0.421348314607	0.23595505618	0.0674157303371
-sar	0.059015238263	0.90592794856	0.0318858451511	0.00317096802607
-sau	0.221843003413	0.61433447099	0.0853242320819	0.0784982935153
-mpi	0.289308176101	0.459119496855	0.0251572327044	0.22641509434
-ibu	0.0980741035034	0.31457844251	0.0124121953931	0.574935258594
-tok	0.618943692711	0.338571220719	0.0215335370289	0.0209515495417
-mpa	0.485952199339	0.443808797356	0.0406814136791	0.0295575896262
-ges	0.0422535211268	0.929577464789	0.0281690140845	0.0
-ibo	0.727093472785	0.105880871688	0.0332918366268	0.1337338189
-tor	0.0288413724515	0.928891098956	0.0169070114371	0.0253605171556
-sad	0.0	1.0	0.0	0.0
-sak	0.507793345009	0.277977232925	0.173511383538	0.0407180385289
-ola	0.253993610224	0.365814696486	0.361022364217	0.0191693290735
-sai	0.604583085578	0.177468782875	0.0638064309564	0.15414170059
-mpu	0.0494534544231	0.871257536006	0.0547666354768	0.024522374094
-san	0.29384445496	0.470630734343	0.120534134025	0.114990676673
-sam	0.0	0.604060913706	0.380710659898	0.0152284263959
-lon	0.0396634615384	0.699519230769	0.0192307692308	0.241586538461
-ima	0.0699463417395	0.0549453231464	0.00829871851147	0.866809616603
-iek	0.0225846925972	0.954830614805	0.0	0.0225846925973
-zur	0.0	1.0	0.0	0.0
-lok	0.255666557638	0.198177025936	0.319670079106	0.226486337321
-loi	0.553398195083	0.123682838258	0.0286451849311	0.294273781728
-loe	0.181818181818	0.787878787879	0.0	0.030303030303
-der	0.0	1.0	0.0	0.0
-ron	0.0	0.988950276243	0.0110497237569	0.0
-roh	0.0111236241228	0.946629618605	0.0377512788332	0.00449547843858
-los	0.0295138888889	0.958333333333	0.00347222222222	0.00868055555555
-rok	0.244036349867	0.613782658084	0.104316546763	0.0378644452859
-ipi	0.0412624394119	0.949028751315	0.0	0.0097088092734
-mpo	0.180260707635	0.632029795158	0.063687150838	0.124022346369
-mau	0.171374166931	0.379562043796	0.444303395747	0.00476039352587
-ipa	0.00714498362608	0.989282524561	0.0	0.00357249181304
-ewa	0.0918452779638	0.778633623577	0.114450770261	0.0150703281983
-rdi	0.0	0.876404494382	0.123595505618	0.0
-ewi	0.0366847826087	0.94089673913	0.0122282608696	0.0101902173913
-ipu	0.402749375142	0.52226766644	0.068166325835	0.00681663258352
-hap	0.142517814727	0.771971496437	0.0427553444181	0.0427553444181
-awi	0.0682233725426	0.770531674402	0.132975201792	0.0282697512632
-awo	0.591860154526	0.230661931284	0.0767685961042	0.100709318085
-awa	0.137541879739	0.563569035444	0.217421971434	0.0814671133839
-toa	0.189873417722	0.759493670886	0.0506329113924	0.0
-har	0.118677042802	0.630350194552	0.0	0.250972762646
-jua	0.190203264502	0.0887647524177	0.0410242335201	0.68000774956
-awu	0.829141968699	0.123416438039	0.0107103785068	0.0367312147547
-stu	0.0	0.768292682927	0.231707317073	0.0
-uji	0.642741084918	0.257746358428	0.0582794105071	0.0412331461475
-sti	0.308456736155	0.0152762219611	0.0261673178328	0.650099724051
-ngi	0.60240114565	0.231519664905	0.0540314758005	0.112047713644
-mar	0.31914893617	0.68085106383	0.0	0.0
-toi	0.380243335748	0.273990056712	0.0382241986659	0.307542408874
-sta	0.145867098865	0.834683954619	0.00972447325769	0.0097244732577
-cun	0.137055837563	0.456852791878	0.38578680203	0.0203045685279
-oli	0.0363636363636	0.963636363636	0.0	0.0
-hyu	0.0	0.95652173913	0.0434782608695	0.0
-cua	0.84126984127	0.126984126984	0.0	0.031746031746
-uci	0.0178198574411	0.273255813953	0.687009503924	0.0219148246814
-uco	0.961538461538	0.0192307692308	0.0192307692308	0.0
-eyo	0.329479768786	0.618497109827	0.0	0.0520231213873
-red	0.0	1.0	0.0	0.0
-hya	0.0355504364223	0.936898582842	0.0053896697187	0.0221613110165
-ngo	0.113049117467	0.798376137957	0.0719702230386	0.0166045215374
-leh	0.202615968051	0.139217351538	0.0885140945908	0.56965258582
-lek	0.158553705411	0.762126684422	0.0537214530593	0.0255981571071
-ois	0.0681818181818	0.931818181818	0.0	0.0
-ion	0.0140845070422	0.976525821596	0.00938967136149	0.0
-len	0.195991091314	0.201930215293	0.593170007424	0.00890868596882
-lea	0.00926925845933	0.968142548596	0.017818574514	0.00476961843052
-mun	0.132075471698	0.833962264151	0.011320754717	0.022641509434
-mui	0.908447348717	0.0415220202846	0.0112313661425	0.038799264856
-leg	0.0	1.0	0.0	0.0
-mus	0.0118908589022	0.954913826662	0.0104045015394	0.0227908128959
-mur	0.0620017714792	0.862710363153	0.066430469442	0.0088573959256
-ios	0.0	0.933333333333	0.0666666666666	0.0
-les	0.0223880597015	0.977611940299	0.0	0.0
-oik	0.276422764228	0.666666666667	0.0162601626016	0.0406504065041
-iot	0.0198763250883	0.972614840989	0.00530035335689	0.00220848056537
-fta	0.0	1.0	0.0	0.0
-eel	0.0	1.0	0.0	0.0
-sah	0.411618574431	0.368153481714	0.156193099669	0.0640348441855
-bka	0.0950413223141	0.582644628099	0.206611570248	0.115702479339
-alu	0.340875420875	0.214747474748	0.218316498316	0.226060606061
-ndu	0.226666666667	0.533333333333	0.213333333333	0.0266666666667
-ndi	0.167052854278	0.788436352313	0.0115398353284	0.0329709580811
-gin	0.0805432424786	0.785909648213	0.118834292181	0.0147128171272
-gik	0.0718050849916	0.826960331321	0.0807387633114	0.0204958203763
-ndo	0.0541762918673	0.153654384686	0.0356334525066	0.75653587094
-gih	0.350206940465	0.422039159503	0.208094555874	0.0196593441579
-nda	0.391721923226	0.390145996253	0.122387083346	0.0957449971752
-gie	0.878961891267	0.0840480274443	0.016108583787	0.0208814975017
-nde	0.36154151768	0.503377036154	0.0476758045292	0.0874056416369
-gia	0.41935483871	0.385535900104	0.104578563996	0.0905306971905
-ala	0.370972341032	0.484459652124	0.119760479042	0.0248075278016
-ieh	0.649942987457	0.336374002281	0.0136830102622	0.0
-yok	0.144783465594	0.148336768602	0.0299114941717	0.676968271632
-yoi	0.649037323718	0.0913254722891	0.180075454887	0.0795617491056
-yol	0.0677966101694	0.898305084746	0.0169491525424	0.0169491525424
-iel	0.0641025641025	0.92735042735	0.00854700854699	0.0
-ros	0.0833333333333	0.229166666667	0.6875	0.0
-peh	0.419106610791	0.287806114108	0.150523774729	0.142563500371
-pek	0.287178656937	0.0771633952664	0.09433226208	0.541325685717
-iyo	0.435834614336	0.137516448863	0.0775991179853	0.349049818816
-eli	0.533671252715	0.448950036206	0.00868935553947	0.00868935553947
-elo	0.64769874477	0.229647340108	0.0322773460849	0.0903765690377
-ela	0.382330995374	0.472257871959	0.119086703477	0.0263244291897
-iya	0.125669665255	0.186305806345	0.092353280943	0.595671247457
-ele	0.455497382199	0.261780104712	0.0942408376963	0.188481675393
-abu	0.022203682595	0.471108280587	0.501359152995	0.0053288838228
-itu	0.0929285028365	0.0863974616077	0.0258374133767	0.794836622179
-sye	0.0511363636364	0.565340909091	0.0	0.383522727273
-ito	0.0451184583826	0.0855641199695	0.0132629637224	0.856054457925
-eso	0.493654166914	0.388166862813	0.0633482630452	0.0548307072281
-iti	0.12660930461	0.474667463757	0.0179345389329	0.3807886927
-esa	0.0	1.0	0.0	0.0
-ita	0.0174927113702	0.98250728863	0.0	0.0
-tir	0.33064516129	0.176612903226	0.290322580645	0.202419354839
-fan	0.0	0.937823834197	0.0621761658031	0.0
-fas	0.0255500354862	0.965933286018	0.0	0.00851667849539
-uda	0.120852559877	0.795099978027	0.0307624697869	0.0532849923094
-fat	0.0188924601909	0.981107539809	0.0	0.0
-geh	0.304322383862	0.430345505126	0.069059042592	0.196273068419
-udi	0.0382266581818	0.77131660917	0.130577977247	0.0598787554007
-udo	0.0389480024092	0.478351067389	0.469852104664	0.012848825537
-hum	0.0	1.0	0.0	0.0
-nju	0.30979498861	0.553530751709	0.00683371298407	0.129840546697
-uti	0.0116618075802	0.98250728863	0.0	0.00583090379009
-tis	0.0369134304207	0.929476806904	0.0149002157497	0.0187095469256
-hud	0.0	1.0	0.0	0.0
-uto	0.133029086094	0.359952810045	0.455184640403	0.051833463458
-wok	0.715910324833	0.0735033400835	0.101589558458	0.108996776626
-hli	0.205621301775	0.554733727811	0.190828402367	0.0488165680473
-njo	0.0852431815825	0.577309965778	0.203048843721	0.134398008918
-abo	0.307426949603	0.411377747431	0.237078442713	0.0441168602533
-abi	0.129415206514	0.450780281439	0.00453328138264	0.415271230664
-nji	0.267933189935	0.62752089619	0.022231525458	0.0823143884165
-hus	0.06	0.922857142857	0.00285714285714	0.0142857142857
-gok	0.303527240694	0.502240024585	0.113891324492	0.0803414102289
-nco	0.174342105263	0.526315789474	0.299342105263	0.0
-nci	0.650680430251	0.313406643925	0.0278035554766	0.00810937034733
-oci	0.167785234899	0.770693512304	0.0503355704698	0.0111856823266
-aek	0.081913161745	0.678632513858	0.0900529602076	0.149401364189
-koi	0.546006908319	0.307503433351	0.0565982770818	0.0898913812476
-koh	0.414895756488	0.171258527922	0.0288562876331	0.384989427957
-kok	0.153982713579	0.0482262740033	0.00692949660602	0.790861515811
-tuo	0.037037037037	0.888888888889	0.0740740740741	0.0
-tur	0.415864912625	0.302375809935	0.238071863342	0.0436874140978
-tus	0.0394101262722	0.900356288844	0.0240721311825	0.0361614537011
-soi	0.386951080155	0.288512814932	0.124176960331	0.200359144583
-oro	0.0930232558139	0.867620751342	0.00357781753131	0.0357781753131
-sok	0.148023917165	0.825526668169	0.013920744561	0.0125286701049
-ado	0.319461941943	0.0958717257768	0.0180357963062	0.566630535974
-ora	0.0493421052632	0.930921052632	0.0	0.0197368421053
-aba	0.354100793255	0.306484717368	0.146238974871	0.193175514506
-tna	0.0	0.659863945578	0.340136054422	0.0
-ehi	0.586254237763	0.285141912527	0.0857358998067	0.0428679499034
-rus	0.0345043878907	0.945794296597	0.00821125740582	0.0114900581061
-pak	0.273388973138	0.610384253865	0.00751983921727	0.10870693378
-rut	0.0	1.0	0.0	0.0
-lis	0.0	1.0	0.0	0.0
-lim	0.0	0.969696969697	0.030303030303	0.0
-lin	0.0	0.969230769231	0.0307692307692	0.0
-rui	0.781190019194	0.103646833013	0.103646833014	0.0115163147793
-run	0.321694727297	0.275421209713	0.0284643085195	0.37441975447
-lik	0.187132208203	0.478635214646	0.250365398475	0.0838671786763
-rub	0.0551181102362	0.787401574803	0.141732283465	0.0157480314961
-lie	0.104659262306	0.464533113945	0.357438639792	0.0733689839572
-oma	0.0401030808432	0.673934445217	0.211547370859	0.0744151030808
-gah	0.307795128402	0.292392764117	0.0681353083957	0.331676799086
-rug	0.0	1.0	0.0	0.0
-ica	0.0	1.0	0.0	0.0
-eas	0.0123355263158	0.985197368421	0.0	0.00246710526316
-oda	0.0	1.0	0.0	0.0
-ode	0.744532803181	0.219681908549	0.00596421471172	0.0298210735587
-rna	0.0	1.0	0.0	0.0
--an	0.136659882681	0.419382976976	0.0743919742423	0.369565166101
-kek	0.516711744815	0.16084984267	0.0340154808807	0.288422931634
-eam	0.016131791851	0.983868208149	0.0	0.0
-rni	0.0	1.0	0.0	0.0
-odo	0.0454545454545	0.863636363636	0.090909090909	0.0
-zer	0.0	1.0	0.0	0.0
-uri	0.0296442687746	0.857707509881	0.112648221344	0.0
-tua	0.185562433668	0.19503030665	0.194844152917	0.424563106765
-gap	0.63972977031	0.142577338616	0.04592451051	0.171768380563
-rga	0.0356448476993	0.809047310434	0.126273493195	0.0290343486714
-ehu	0.0	1.0	0.0	0.0
-uru	0.030434892605	0.915222506135	0.0288410453614	0.0255015558985
-pah	0.33108662168	0.588899594445	0.0417586730046	0.0382551108705
-pai	0.139854763766	0.0703296767405	0.0394684526697	0.750347106824
-apa	0.0778332647814	0.852028013723	0.025155237667	0.0449834838281
-mes	0.0	0.959595959596	0.040404040404	0.0
-pan	0.101190209542	0.672492334309	0.0806770523584	0.145640403791
-api	0.025480316484	0.0693469905552	0.0024858311165	0.902686861844
-apo	0.0887168773924	0.124822037935	0.0297513350807	0.756709749592
-dua	0.176774160419	0.480831992514	0.239093720402	0.103300126665
-sop	0.0225140712945	0.898686679175	0.078799249531	0.0
-wab	0.869730025692	0.0636744947737	0.00257661081533	0.0640188687192
-apu	0.250497017893	0.668986083499	0.0	0.0805168986083
-wan	0.195699432664	0.4525937186	0.0110426012162	0.340664247519
-pas	0.033147645136	0.935776437549	0.022789006031	0.008286911284
-wak	0.247108307045	0.530669470733	0.167542937259	0.0546792849632
-pau	0.318499286311	0.209416791292	0.201422473556	0.270661448841
-wai	0.540039608004	0.293682395244	0.0360321729403	0.130245823811
-wah	0.0895753953559	0.28216008735	0.0348148137259	0.593449703568
-nun	0.675803539294	0.288468062118	0.0223522493627	0.0133761492249
-lus	0.0449804357053	0.900358727187	0.00387797461584	0.0507828624918
-nuh	0.0148760330578	0.985123966942	0.0	0.0
-jib	0.61216730038	0.148288973384	0.0228136882129	0.216730038023
-sus	0.0771855010661	0.909168443497	0.0102345415778	0.00341151385927
-keh	0.29156626506	0.564457831325	0.0704819277108	0.0734939759036
-sun	0.412844036697	0.291743119266	0.108256880734	0.187155963303
-sul	0.0634068106375	0.885606653985	0.019096639439	0.0318898959382
-kes	0.0526315789474	0.947368421053	0.0	0.0
-sos	0.063063063063	0.918918918919	0.0	0.018018018018
-suf	0.0319703853273	0.937068820461	0.00504795557799	0.0259128386337
-nur	0.0615231051927	0.894693859032	0.0115696104898	0.0322134252853
-nus	0.0382388116807	0.863157963231	0.0101008181798	0.0885024069088
-sua	0.0641447368422	0.797697368421	0.0888157894737	0.0493421052632
-die	0.0553445353114	0.312487281175	0.503008215022	0.129159968491
-fes	0.176470588235	0.764705882353	0.0588235294117	0.0
-lui	0.0779275021432	0.0660570222681	0.00461629772922	0.851399177859
-dim	0.118811881188	0.881188118812	0.0	0.0
-dih	0.0179959413409	0.474480223609	0.300953401999	0.206570433051
-dik	0.380753138075	0.338912133891	0.138075313807	0.142259414226
-son	0.0152671755725	0.984732824427	0.0	0.0
-dir	0.572368421053	0.335526315789	0.0394736842105	0.0526315789474
-dis	0.0	1.0	0.0	0.0
-sli	0.0	1.0	0.0	0.0
-uks	0.068085106383	0.931914893617	0.0	0.0
-kos	0.0	1.0	0.0	0.0
-kim	0.078637352314	0.843198575733	0.033857748913	0.0443063230399
-ihi	0.698339719029	0.169859514687	0.0699872286079	0.0618135376756
-nni	0.46875	0.5	0.03125	0.0
-one	0.0	0.842105263158	0.0	0.157894736842
-yie	0.343310336353	0.56213518218	0.0323800341116	0.0621744473558
-ggu	0.463299580694	0.44927067535	0.0511307877598	0.036298956196
-nna	0.0103092783505	0.979381443299	0.0103092783505	0.0
-uko	0.274858041256	0.29087651894	0.197588632337	0.236676807467
-ais	0.114285714286	0.885714285714	0.0	0.0
-air	0.04	0.96	0.0	0.0
-jir	0.623655913978	0.301075268817	0.0215053763441	0.0537634408602
-nga	0.867161846071	0.0879402635958	0.0158562367865	0.0290416535468
-tia	0.00133155792277	0.934753661784	0.0505992010652	0.0133155792277
-aib	0.129455909944	0.275797373358	0.560975609756	0.0337711069418
-aim	0.0	1.0	0.0	0.0
-ail	0.0672268907563	0.882352941177	0.0252100840336	0.0252100840336
-tin	0.21751615219	0.309045226131	0.224335965542	0.249102656138
-ain	0.0389843899456	0.315684148533	0.216072882754	0.429258578768
-tih	0.130200309169	0.777857129211	0.0485539370348	0.0433886245843
-aih	0.048455514466	0.596204046117	0.301500978899	0.0538394605177
-aik	0.179177205535	0.517505157759	0.12641465031	0.176902986396
-tik	0.11752433936	0.449235048679	0.414464534075	0.0187760778859
-jau	0.134042553191	0.176595744681	0.689361702128	0.0
-jar	0.0903225806451	0.81935483871	0.0516129032258	0.0387096774193
-uwa	0.196662819395	0.0700469971013	0.0827105272493	0.650579656254
-uwo	0.230246782493	0.11863447673	0.108263932611	0.542854808165
-emi	0.254939211244	0.168931715979	0.00125792373969	0.574871149038
-uwi	0.250434782609	0.615652173913	0.0973913043479	0.0365217391304
-260	0.00840336134454	0.117647058824	0.0336134453781	0.840336134454
-emu	0.183280809421	0.538895339194	0.233040305192	0.0447835461934
-jab	0.605624512603	0.205565144132	0.115876383953	0.0729339593118
-jan	0.239014741785	0.121668958883	0.0259317786693	0.613384520663
-jam	0.0400984486049	0.558363983297	0.379967368159	0.0215701999391
-jak	0.223523305635	0.448804927522	0.0211315718394	0.306540195004
-jah	0.6	0.24347826087	0.130434782609	0.0260869565217
-jai	0.427692307692	0.396923076923	0.110769230769	0.0646153846154
-cik	0.47028201582	0.277404295562	0.0981752882203	0.154138400398
-gga	0.556891173594	0.210473510983	0.12771393411	0.104921381313
-cin	0.112223233242	0.83864118896	0.049135577798	0.0
-ana	0.300944675541	0.265596817804	0.150045757071	0.283412749584
-ker	0.0	0.840707964602	0.159292035398	0.0
-dan	0.124691613616	0.691423839346	0.0398530096786	0.14403153736
-cie	0.313621964097	0.221752903907	0.354804646251	0.109820485744
-zat	0.044097138793	0.826138028936	0.126141505493	0.00362332677811
-zar	0.0	1.0	0.0	0.0
-jek	0.574910260012	0.27406436308	0.109073883322	0.0419514935856
-g-i	0.725	0.075	0.05	0.15
-000	0.0378681626928	0.196353436185	0.0	0.765778401122
-o-i	0.404868736414	0.358731397358	0.165751630344	0.0706482358843
-eta	0.0183266932271	0.967330677291	0.00478087649402	0.00956175298804
-ete	0.131067961165	0.412621359223	0.407766990291	0.0485436893204
-eti	0.0526315789474	0.910931174089	0.0242914979757	0.0121457489879
-eto	0.116866233322	0.811289770784	0.0517276770441	0.0201163188505
-neh	0.338724978308	0.575755348951	0.0687511094585	0.0167685632826
-buk	0.31968503937	0.245669291339	0.415748031496	0.0188976377953
-bui	0.806529044647	0.092654824772	0.0	0.100816130581
-bun	0.169593577521	0.80431510286	0.0200702458605	0.00602107375814
-bul	0.02634096093	0.591420793172	0.312044735487	0.0701935104113
-bus	0.00633009109155	0.991817199321	0.00185270958777	0.0
-bua	0.286658231407	0.546323632785	0.101504287924	0.0655138478842
-wek	0.692948432166	0.127594408057	0.0414040576127	0.138053102165
-lio	0.0047619047619	0.980952380952	0.0	0.0142857142857
-ggo	0.19480863833	0.0789421274841	0.0307844336243	0.695464800561
-ata	0.0405405405405	0.90990990991	0.0495495495495	0.0
-bur	0.256949661908	0.64988730278	0.0661157024794	0.0270473328324
-lih	0.502653305148	0.429919499434	0.0317789691794	0.0356482262389
-ati	0.361973301116	0.287471806561	0.195924284216	0.154630608107
-kak	0.420928158375	0.323802923882	0.192241298044	0.0630276196985
-kai	0.488107744588	0.286995423343	0.0493347168	0.175562115269
-kah	0.199099051909	0.712656923856	0.0412498035724	0.0469942206624
-osa	0.0	1.0	0.0	0.0
-kan	0.650429508513	0.204354517101	0.0526463917271	0.092569582659
-kam	0.901840490798	0.0797546012269	0.0	0.0184049079754
-oso	0.0975143355584	0.799950441893	0.0821338018827	0.0204014206657
-ula	0.0344583255641	0.926384486295	0.0219280253589	0.017229162782
-iah	0.293203886148	0.182877498971	0.194282525739	0.329636089142
-nia	0.0208399446959	0.929216880009	0.0249449497089	0.0249982255863
-nie	0.0780982173399	0.815278056519	0.0476453092952	0.058978416846
-aco	0.876059838606	0.095200641802	0.0184990011169	0.0102405184754
-nih	0.195013357079	0.394479073909	0.336598397151	0.0739091718611
-kap	0.339765678842	0.383184011027	0.175051688491	0.10199862164
-kau	0.0254742351851	0.0299897033691	0.00566536413276	0.938870697313
-edo	0.230769230769	0.173076923077	0.192307692308	0.403846153846
-ajo	0.190174356293	0.506629680933	0.0477559676464	0.255439995127
-aji	0.0815920398009	0.715422885572	0.185074626866	0.0179104477612
-khi	0.0	1.0	0.0	0.0
-aja	0.375330363418	0.417309395865	0.0419332757409	0.165426964976
-lia	0.0381440999331	0.920663246338	0.034946836196	0.00624581753291
-weh	0.262111352133	0.456254519161	0.245119305857	0.0365148228489
-lib	0.172966909703	0.773079080202	0.00807627593942	0.0458777341559
-dak	0.192835406421	0.0779299686069	0.0130963108615	0.716138314111
-aju	0.230107475276	0.653988403589	0.0925973141679	0.0233068069674
-fia	0.0137931034483	0.986206896552	0.0	0.0
-kub	0.00874635568513	0.985422740525	0.000583090379006	0.00524781341108
-kua	0.364246164586	0.356792248707	0.0417939237042	0.237167663003
-yua	0.574449867283	0.31937665896	0.0847675314667	0.0214059422896
-yub	0.101694915254	0.864406779661	0.0338983050847	0.0
-upo	0.144178166978	0.107317092515	0.106097412271	0.642407328237
-ila	0.0234551195309	0.961659900767	0.00135317997294	0.0135317997294
-ilo	0.154282182747	0.396421243108	0.167862402323	0.281434171822
-yus	0.0857142857143	0.885714285714	0.0107142857143	0.0178571428572
-oan	0.161688081439	0.688485515703	0.0722564893655	0.0775699134928
-iga	0.0886699507389	0.783251231527	0.0985221674877	0.0295566502463
-tim	0.0	0.833333333333	0.0925925925926	0.0740740740741
-atu	0.0773852496806	0.476894043915	0.0308186042845	0.41490210212
-eba	0.149068322981	0.523291925466	0.225155279503	0.10248447205
-igi	0.826086956522	0.0869565217391	0.0579710144927	0.0289855072464
-igo	0.0250334924942	0.0563317989763	0.324349043317	0.594285665212
-ebe	0.186046511628	0.813953488372	0.0	0.0
-ami	0.0383333442498	0.0244329959858	0.00754716502747	0.929686494737
-ome	0.0	1.0	0.0	0.0
-igu	0.0666666666667	0.893333333333	0.04	0.0
-ama	0.188015735363	0.302216550378	0.0304424663164	0.479325247943
-oas	0.00550964187327	0.988980716253	0.0	0.00550964187327
-ose	0.0873362445415	0.764192139738	0.0	0.148471615721
-usi	0.0142216483152	0.689421303971	0.0118804567214	0.284476590992
-iro	0.0976036515785	0.0771395968049	0.0235070368962	0.80174971472
-uso	0.215661103979	0.560975609756	0.200256739409	0.0231065468549
-him	0.0365663770154	0.934403890644	0.0233627711972	0.00566696114379
-gus	0.00995024875622	0.985074626866	0.0049751243781	0.0
-hia	0.0456658917303	0.936898040518	0.0016605778811	0.0157754898705
