jer-	0.0119489754246	0.976760275783	0.00269056141447	0.00860018737838
tut-	0.377844327662	0.560364221497	0.00777497355163	0.0540164772894
vas-	0.277271823424	0.201144712022	0.0780768838036	0.443506580751
fig-	0.0	1.0	0.0	0.0
maa-	0.239822528181	0.129235275769	0.111018469781	0.519923726269
ica-	0.266629851499	0.25890078477	0.0947613946358	0.379707969095
jac-	0.0119664938173	0.977064220183	0.00648185081771	0.00448743518149
júp-	0.0	0.985472154964	0.0145278450363	0.0
coo-	0.636088347466	0.173861643605	0.0573085664353	0.132741442494
abí-	0.0443131462334	0.895125553914	0.0516986706056	0.00886262924667
mah-	0.0582840694175	0.679946116972	0.00562024955097	0.256149564059
joe-	0.386579139314	0.562363238512	0.0218818380744	0.0291757840992
eno-	0.167108753316	0.684350132626	0.114058355438	0.0344827586207
lis-	0.14614912405	0.813618548425	0.0283326250177	0.0118997025075
rac-	0.170907952093	0.448015359272	0.0310488596967	0.350027828938
xai-	0.118638758684	0.149537415118	0.0930427681259	0.638781058072
nun-	0.429138634465	0.327202282221	0.214157157982	0.0295019253325
euf-	0.0342857142857	0.965714285714	0.0	0.0
caq-	0.603698811096	0.237780713342	0.0475561426684	0.110964332893
pau-	0.0643600277437	0.90751747319	0.00565010937417	0.0224723896922
pró-	0.0	1.0	0.0	0.0
sun-	0.138323840521	0.802859467628	0.0353365105196	0.0234801813321
mil-	0.0179344842311	0.275849447935	0.0087842371744	0.69743183066
tib-	0.00881057268722	0.964757709251	0.0264317180617	0.0
teh-	0.287827022979	0.271680629007	0.087050124023	0.35344222399
yut-	0.0406692435365	0.900114733829	0.0386976039567	0.0205184186782
ari-	0.0380710659898	0.950507614213	0.00951776649746	0.00190355329949
ini-	0.29795596647	0.189847318234	0.0604710406871	0.451725674609
mig-	0.361753958587	0.551766138855	0.0365408038977	0.0499390986602
tus-	0.0	0.942821628341	0.0422622747048	0.0149160969546
tai-	0.781246602364	0.144836369849	0.0270257676716	0.0468912601152
paf-	0.0163934426229	0.983606557377	0.0	0.0
mar-	0.00831270899851	0.987483705201	0.00245602765865	0.00174755814173
cah-	0.406355770529	0.343276095646	0.11911740102	0.131250732806
abr-	0.05733005733	0.905892677288	0.0301234838163	0.00665378156586
zaq-	0.0532258064516	0.929032258065	0.0	0.0177419354839
así-	0.0	1.0	0.0	0.0
zac-	0.059163059163	0.916305916306	0.021645021645	0.00288600288601
tot-	0.207874015748	0.546456692913	0.231496062992	0.0141732283464
her-	0.0343721559029	0.893879282161	0.0645913778021	0.00715718413402
mul-	0.349330239426	0.650669760574	0.0	0.0
ate-	0.0116166505324	0.928363988383	0.054211035818	0.00580832526621
tii-	0.76687962783	0.192680740077	0.0110346903076	0.0294049417857
nuq-	0.15815324165	0.218074656189	0.15815324165	0.465618860511
sin-	0.112883435583	0.872392638037	0.0110429447853	0.00368098159509
urí-	0.0	1.0	0.0	0.0
dor-	0.16323024055	0.701030927835	0.00343642611684	0.132302405498
zab-	0.0101867572156	0.949066213922	0.0101867572156	0.0305602716468
pat-	0.0274223034735	0.972577696527	0.0	0.0
máq-	0.133652719738	0.713601314846	0.0	0.152745965415
alt-	0.0485697830678	0.951430216932	0.0	0.0
jor-	0.00417052826692	0.994902687674	0.0	0.000926784059312
naí-	0.0	0.806451612903	0.0	0.193548387097
him-	0.03125	0.78125	0.0	0.1875
jam-	0.11811023622	0.724409448819	0.110236220472	0.0472440944882
tañ-	0.11337463214	0.72352419474	0.0446134619777	0.118487711141
por-	0.34693877551	0.65306122449	0.0	0.0
alf-	0.0	1.0	0.0	0.0
pas-	0.162790697674	0.779069767442	0.0581395348837	0.0
cos-	0.315826572799	0.52335328944	0.100761195412	0.0600589423496
cen-	0.131440588854	0.818086225026	0.03785488959	0.01261829653
hor-	0.0716089520337	0.650736592225	0.0266975438213	0.25095691192
tio-	0.166112956811	0.0199335548172	0.0199335548173	0.794019933555
nai-	0.0926174947892	0.849895784307	0.0383244806024	0.0191622403012
ped-	0.0457358344614	0.937536259911	0.00767098562496	0.00905692000258
say-	0.60718034852	0.255511232416	0.0573168171321	0.0799916019316
che-	0.241446701135	0.39407433062	0.143482670757	0.220996297487
epa-	0.143576826196	0.775818639799	0.0503778337531	0.0302267002519
yac-	0.20317266626	0.661378889567	0.113483831605	0.0219646125686
asi-	0.0198624904507	0.959765724472	0.0150241914948	0.00534759358289
dia-	0.02734375	0.96875	0.00390625	0.0
yoc-	0.191523467891	0.349770516456	0.158262712971	0.300443302683
uva-	0.05557967868	0.927051671732	0.01389491967	0.0034737299175
tér-	0.237065733567	0.717945513622	0.0299925018745	0.0149962509373
ñum-	0.149732620321	0.801617320986	0.026998826138	0.0216512325551
tol-	0.166666666667	0.833333333333	0.0	0.0
mel-	0.0441624783719	0.932355606822	0.0210101343001	0.00247178050589
lax-	0.455445544554	0.376237623762	0.0	0.168316831683
cue-	0.136263561363	0.235856334192	0.0321683347124	0.595711769734
ñii-	0.31973048191	0.647019188516	0.0180166984034	0.0152336311703
mir-	0.124183006536	0.751633986928	0.0588235294118	0.0653594771241
yuc-	0.0593855651918	0.92532706159	0.0086236464305	0.0066637267872
tum-	0.00325079915479	0.957089451157	0.0390095898575	0.000650159830959
mus-	0.0626293709323	0.898661642662	0.0282630357762	0.0104459506296
eut-	0.262295081967	0.639344262295	0.0983606557377	0.0
pud-	0.0	1.0	0.0	0.0
dio-	0.0677966101695	0.932203389831	0.0	0.0
yah-	0.318599967542	0.307947069637	0.0587634242927	0.314689538528
bab-	0.0299674267101	0.897068403909	0.0390879478827	0.0338762214983
ita-	0.0451839334788	0.862322052821	0.0685582868574	0.0239357268429
tuh-	0.263411342698	0.388343665805	0.036645427122	0.311599564375
láz-	0.0849974398362	0.870967741935	0.0122887864823	0.0317460317461
cac-	0.58650796179	0.304563625152	0.0391647310134	0.069763682044
ñuc-	0.00470219435736	0.82131661442	0.164576802508	0.00940438871473
jud-	0.0410607576107	0.838314336275	0.0962511495326	0.0243737565812
joi-	0.121212121212	0.616161616162	0.0	0.262626262626
ihy-	0.205722956579	0.144601482106	0.0222800693609	0.627395491955
uzí-	0.0	1.0	0.0	0.0
cis-	0.0	0.926829268293	0.0731707317073	0.0
mal-	0.048128342246	0.941176470588	0.0	0.0106951871658
adá-	0.0712802768166	0.866435986159	0.0470588235294	0.0152249134948
sab-	0.0841121495327	0.915887850467	0.0	0.0
nin-	0.209750291495	0.287490647191	0.200124880746	0.302634180568
cie-	0.00485488126649	0.0610026385225	0.0221635883905	0.911978891821
coh-	0.585177543821	0.334908692441	0.0416261680481	0.0382875956903
xic-	0.51605582366	0.155862788574	0.0136624494587	0.314418938307
sir-	0.036204059243	0.904552934723	0.052660449808	0.006582556226
yav-	0.173276668714	0.336305711562	0.416704241498	0.0737133782264
sós-	0.05	0.93	0.02	0.0
esr-	0.0	1.0	0.0	0.0
and-	0.0249419285835	0.920761303794	0.0476388969035	0.00665787071939
ALL	0.243013656978	0.298726023865	0.0557490400313	0.402511279126
san-	0.480229290612	0.392603054259	0.0735335738154	0.0536340813133
mae-	0.0110116653258	0.971188656476	0.00392196299276	0.0138777152051
cil-	0.010101010101	0.984848484849	0.0050505050505	0.0
per-	0.0169491525424	0.954802259887	0.0112994350282	0.0169491525424
arm-	0.0	1.0	0.0	0.0
cal-	0.107476860492	0.882287248033	0.0	0.0102358914754
zor-	0.0	1.0	0.0	0.0
yuh-	0.176761701545	0.239705740299	0.0896565768701	0.493875981286
lid-	0.0390070921986	0.960992907801	0.0	0.0
ata-	0.0	1.0	0.0	0.0
tie-	0.0853221122302	0.411887177425	0.14887691797	0.353913792374
far-	0.0169663974771	0.96574403557	0.00882501260717	0.00846455434575
uhv-	0.220277899551	0.561310962758	0.191529766898	0.0268813707927
tac-	0.138147229047	0.09823811328	0.0170893173714	0.746525340302
lev-	0.068146349922	0.921449627189	0.0104040228889	0.0
sed-	0.0	0.628571428571	0.371428571429	0.0
num-	0.366867043847	0.533946251768	0.0106082036775	0.0885785007072
suc-	0.18338161166	0.365919302967	0.400748123988	0.049950961385
cuh-	0.26053876587	0.184746193111	0.059455206855	0.495259834164
saú-	0.222222222222	0.777777777778	0.0	0.0
ami-	0.0908353372973	0.832241558799	0.0218322170062	0.0550908868979
sañ-	0.569088185572	0.166999746526	0.0735730013915	0.190339066511
cás-	0.197368421053	0.631578947369	0.131578947368	0.0394736842105
sec-	0.611111111111	0.37962962963	0.0	0.00925925925925
eub-	0.16393442623	0.83606557377	0.0	0.0
adi-	0.0	1.0	0.0	0.0
jai-	0.1590251962	0.783147459727	0.0148698884758	0.0429574555968
tal-	0.0277777777778	0.888888888889	0.0694444444444	0.0138888888889
nañ-	0.727272727273	0.228739002932	0.0263929618768	0.0175953079179
paa-	0.0198310718202	0.975328947368	0.00269839638158	0.00214158442982
rod-	0.162962962963	0.822222222222	0.0148148148148	0.0
pon-	0.0188679245283	0.930817610063	0.0	0.0503144654088
azu-	0.087231352718	0.806573957016	0.106194690265	0.0
ged-	0.0769230769231	0.923076923077	0.0	0.0
chi-	0.164391590414	0.0957613922855	0.0209564201275	0.718890597173
ben-	0.0054054054054	0.989189189189	0.0	0.0054054054054
dió-	0.114285714286	0.771428571429	0.0571428571428	0.0571428571429
veh-	0.0973022257978	0.862486272561	0.0104131818908	0.02979831975
seg-	0.0	0.975609756098	0.0243902439024	0.0
ñuh-	0.0634649059891	0.270669398023	0.0174413929417	0.648424303047
der-	0.0924369747899	0.899159663866	0.00840336134454	0.0
lam-	0.00493421052632	0.970394736842	0.0246710526316	0.0
nar-	0.0384615384615	0.961538461538	0.0	0.0
nut-	0.0678832116788	0.904379562044	0.00583941605838	0.021897810219
cua-	0.330595141388	0.103162685128	0.0382812565901	0.527960916894
dám-	0.0327868852459	0.967213114754	0.0	0.0
sat-	0.380926513308	0.539617623894	0.0369682388443	0.0424876239529
sió-	0.0657482780213	0.911083281152	0.0187852222918	0.00438321853475
esl-	0.0	1.0	0.0	0.0
ani-	0.223138808726	0.504710841496	0.065025249643	0.207125100135
evo-	0.138790035587	0.850533807829	0.0	0.0106761565836
xaa-	0.188010563436	0.134935790976	0.204046385506	0.473007260081
abi-	0.0291262135922	0.932038834951	0.0291262135922	0.00970873786407
cux-	0.372239987818	0.518311253236	0.0804020100502	0.029046748896
fle-	0.0	1.0	0.0	0.0
doc-	0.0	0.980769230769	0.0192307692308	0.0
cus-	0.434457812185	0.324055211688	0.21905228362	0.0224346925079
iin-	0.0213561279562	0.0537011390327	0.0193627026853	0.905580030326
ter-	0.0645161290323	0.935483870968	0.0	0.0
lia-	0.155172413793	0.689655172414	0.051724137931	0.103448275862
cuñ-	0.130084887086	0.836186213649	0.0236694029931	0.0100594962721
tra-	0.0	1.0	0.0	0.0
tis-	0.555033382995	0.26811433011	0.0919532497013	0.0848990371939
arq-	0.248554913295	0.693641618497	0.0115606936416	0.0462427745664
ale-	0.0227272727273	0.734848484849	0.242424242424	0.0
juh-	0.489095237582	0.447795699505	0.0126218125828	0.050487250331
sid-	0.00427960057061	0.982881597718	0.0	0.0128388017118
oli-	0.0250881475454	0.972199620288	0.0	0.00271223216707
luc-	0.0106666666667	0.954666666667	0.024	0.0106666666667
taq-	0.119613246765	0.519912186464	0.334644308468	0.0258302583026
jec-	0.0283018867924	0.971698113208	0.0	0.0
dec-	0.00896860986545	0.748878923767	0.0	0.242152466368
net-	0.377994382951	0.227986122584	0.392037006443	0.00198248802247
eli-	0.0254442649435	0.924878836834	0.044830371567	0.0048465266559
soo-	0.376923076923	0.548076923077	0.0576923076923	0.0173076923077
col-	0.172661870504	0.697841726619	0.0	0.129496402878
vit-	0.0988827852494	0.226328306919	0.0572594085018	0.617529499329
siv-	0.160630371005	0.8088376561	0.0140197834722	0.0165121894229
pan-	0.109645507007	0.877988458368	0.00741962077493	0.00494641384996
uni-	0.0214598914588	0.0274447217461	0.212803465502	0.738291921293
xih-	0.147918302855	0.187344406319	0.272532517007	0.392204773819
lec-	0.28	0.72	0.0	0.0
avi-	0.0597014925373	0.65671641791	0.208955223881	0.0746268656716
tiv-	0.329055703833	0.330997945783	0.326583036169	0.0133633142148
xah-	0.127628332431	0.697346091352	0.123391707288	0.0516338689294
ina-	0.0309278350516	0.948453608247	0.0123711340206	0.00824742268041
cre-	0.078	0.882666666667	0.034	0.00533333333333
mai-	0.307135287884	0.236047333098	0.119922288944	0.336895090074
pen-	0.093023255814	0.860465116279	0.0232558139535	0.0232558139535
rab-	0.126984126984	0.714285714286	0.0	0.15873015873
ape-	0.107142857143	0.892857142857	0.0	0.0
fre-	0.278846153846	0.432692307692	0.115384615385	0.173076923077
tia-	0.369644944644	0.553074930662	0.0548742751048	0.0224058495885
ndu-	0.414981557424	0.38138130291	0.107851388075	0.0957857515902
nui-	0.219772718146	0.105609765892	0.154399068385	0.520218447577
car-	0.147489239598	0.80774748924	0.0189383070301	0.025824964132
bas-	0.112903225806	0.846774193548	0.0241935483871	0.016129032258
mañ-	0.0972222222222	0.819444444444	0.0555555555556	0.0277777777778
yuu-	0.0662417577619	0.902745229327	0.0245811560239	0.00643185688709
pól-	0.34328358209	0.65671641791	0.0	0.0
iñu-	0.0960476926474	0.432766615147	0.171340251711	0.299845440495
sah-	0.200513541527	0.694667375262	0.0842080805686	0.0206110026427
pun-	0.08	0.91	0.00999999999999	0.0
tah-	0.0970729272319	0.13421829727	0.0807189177384	0.68798985776
cai-	0.101058710298	0.885948026949	0.0115495668912	0.0014436958614
sod-	0.0117252931323	0.961474036851	0.0167504187605	0.0100502512563
ñuu-	0.0933415063393	0.590369587013	0.00950364846158	0.306785258186
suv-	0.180797671627	0.216307612081	0.0826630701649	0.520231646127
ndr-	0.012987012987	0.984126984127	0.0	0.002886002886
cum-	0.271464408839	0.456347277878	0.0655017525199	0.206686560763
can-	0.296664482862	0.0676003724251	0.00867738296895	0.627057761744
ihv-	0.37054631829	0.536817102138	0.0641330166271	0.0285035629454
tih-	0.602524046326	0.273972714781	0.0326342995485	0.0908689393444
óni-	0.0	0.815068493151	0.184931506849	0.0
mot-	0.11528150134	0.820375335121	0.0321715817694	0.0321715817694
xau-	0.481040350024	0.233835683034	0.0532328633933	0.231891103549
luh-	0.0942846487344	0.537259335229	0.330986900378	0.0374691156589
uhu-	0.0195051268275	0.0225853044268	0.01790634594	0.940003222806
met-	0.0264900662251	0.834437086093	0.0397350993377	0.0993377483443
mna-	0.235294117647	0.661764705882	0.0735294117647	0.0294117647059
nef-	0.0410798122066	0.947183098592	0.0117370892019	0.0
ces-	0.0137983901878	0.977385971637	0.00881563817556	0.0
tuy-	0.153594771242	0.813725490196	0.0326797385621	0.0
gól-	0.0	0.975409836066	0.0245901639344	0.0
ñac-	0.12808526552	0.168296559461	0.0509536275243	0.652664547494
ruc-	0.249577181515	0.399826301595	0.238149654889	0.112446862001
mat-	0.014157014157	0.984555984556	0.0	0.001287001287
nit-	0.660523763337	0.221144519884	0.0681377303589	0.0501939864209
sih-	0.0273057027686	0.945896071093	0.0172253715248	0.00957285461371
tró-	0.021978021978	0.956043956044	0.021978021978	0.0
par-	0.0658535201889	0.927561127792	0.0	0.00658535201889
too-	0.071530758226	0.743919885551	0.16452074392	0.0200286123033
jul-	0.0760869565217	0.804347826087	0.0	0.119565217391
cop-	0.0768648239304	0.895872775464	0.0204468004544	0.00681560015146
nah-	0.343707365198	0.287454487482	0.206266781369	0.16257136595
xit-	0.591174889379	0.24367053223	0.0957111542048	0.0694434241865
rag-	0.0	1.0	0.0	0.0
feb-	0.171428571429	0.828571428571	0.0	0.0
pec-	0.235142830899	0.679434187563	0.0799118214384	0.0055111600992
ñuñ-	0.0202812738721	0.889353411308	0.0665838360257	0.0237814787938
saq-	0.605946702959	0.321381338507	0.0483091529507	0.0243628055829
tre-	0.0333333333333	0.833333333333	0.0	0.133333333333
gay-	0.0226130653266	0.969849246231	0.0037688442211	0.0037688442211
bóv-	0.421428571429	0.578571428571	0.0	0.0
dan-	0.0817683881064	0.849374021909	0.0688575899844	0.0
gre-	0.0382775119617	0.933014354067	0.0287081339713	0.0
ser-	0.00604838709677	0.993951612903	0.0	0.0
ndi-	0.116271959556	0.413241420998	0.0719783173883	0.398508302057
cri-	0.0157645741932	0.968993105232	0.00741702206564	0.00782529850962
mis-	0.0545454545454	0.945454545455	0.0	0.0
elm-	0.0	1.0	0.0	0.0
sac-	0.413923861097	0.483620328434	0.0527222994427	0.0497335110264
ñav-	0.120369920204	0.103260689188	0.0481895893967	0.728179801212
yai-	0.801789246538	0.198210753462	0.0	0.0
yon-	0.108054841132	0.166212719053	0.0229436572469	0.702788782568
agr-	0.0649193548387	0.897580645161	0.0217741935484	0.0157258064516
naq-	0.607526881721	0.229988052569	0.0268817204301	0.135603345281
sos-	0.0	0.971014492754	0.0289855072463	0.0
cad-	0.0183936235438	0.97057020233	0.00735744941753	0.00367872470878
fél-	0.138221153846	0.81891025641	0.0104166666667	0.0324519230769
tat-	0.0410473898	0.896260045244	0.0283308948609	0.0343616700955
bit-	0.0	1.0	0.0	0.0
leg-	0.016	0.888	0.0	0.096
cef-	0.283582089552	0.65671641791	0.0	0.0597014925373
esa-	0.0201005025126	0.909547738694	0.0703517587939	0.0
tuñ-	0.57341576507	0.300558792058	0.085839971466	0.0401854714065
cu--	0.313901345291	0.484304932735	0.165919282511	0.0358744394619
aug-	0.111328125	0.865234375	0.01171875	0.01171875
ama-	0.0	0.645833333333	0.354166666667	0.0
tuv-	0.0658710392953	0.247652873884	0.635506114194	0.0509699726263
fri-	0.0268817204301	0.838709677419	0.123655913979	0.010752688172
reg-	0.0392156862745	0.960784313725	0.0	0.0
coi-	0.2521540184	0.179915299615	0.114150805627	0.453779876357
mac-	0.031340684852	0.917392145483	0.0466241052428	0.00464306442252
ico-	0.0249520153551	0.963531669866	0.0115163147793	0.0
bet-	0.0409551932212	0.942097830273	0.00616253691103	0.0107844395943
vix-	0.120853349472	0.697961190755	0.167568180958	0.0136172788138
sal-	0.0946864254135	0.885049942689	0.00921074177175	0.0110528901261
asu-	0.0222222222222	0.811111111111	0.166666666667	0.0
nih-	0.466318501994	0.159555225954	0.214626337881	0.15949993417
neá-	0.0384615384615	0.961538461538	0.0	0.0
ran-	0.299319727891	0.52380952381	0.0544217687075	0.122448979592
gab-	0.0208333333333	0.979166666667	0.0	0.0
den-	0.0767772511848	0.762085308057	0.130805687204	0.0303317535545
mbe-	0.0262611884485	0.972291249487	0.000723781032111	0.00072378103211
ind-	0.442212595277	0.375216722066	0.0553326365291	0.127238046128
yan-	0.0450763642045	0.78712029478	0.0376547791102	0.130148561905
xiñ-	0.282242990654	0.569158878505	0.109345794392	0.0392523364486
xeh-	0.306513660117	0.286725358642	0.187201458333	0.219559522908
lic-	0.0666666666667	0.722222222222	0.211111111111	0.0
est-	0.173447286776	0.738746121875	0.049171691155	0.0386349001932
ren-	0.0	0.923728813559	0.0254237288136	0.0508474576271
pañ-	0.0269523151347	0.964754664824	0.00829302004147	0.0
tab-	0.0522875816993	0.921568627451	0.0	0.0261437908496
vac-	0.753428867283	0.101846455853	0.0186523184603	0.126072358403
naz-	0.00430622009569	0.990669856459	0.00430622009569	0.000717703349282
gal-	0.010714741273	0.975509162805	0.0132658701475	0.000510225774905
nac-	0.78956139348	0.136314932904	0.0288594964741	0.045264177141
cui-	0.33255308708	0.437692419757	0.141266901747	0.0884875914163
sel-	0.0	1.0	0.0	0.0
cav-	0.393401637335	0.488945536546	0.0676503750183	0.0500024511006
yuv-	0.112753782147	0.8700618179	0.00542665261671	0.0117577473362
jih-	0.556555269923	0.256298200514	0.0339331619537	0.153213367609
tay-	0.0597916832313	0.904746759959	0.03546155681	0.0
clo-	0.135135135135	0.837837837838	0.0	0.027027027027
one-	0.0350877192982	0.947368421053	0.0175438596491	0.0
gog-	0.0	0.972972972973	0.027027027027	0.0
saf-	0.195121951219	0.786585365854	0.0	0.0182926829268
cot-	0.514391729624	0.134874471573	0.0674497494225	0.28328404938
sil-	0.0402180531795	0.922956476353	0.0086989300316	0.0281265404355
jas-	0.0520565552699	0.932519280206	0.0154241645244	0.0
gen-	0.137142857143	0.84	0.0	0.0228571428571
nau-	0.347826086957	0.55652173913	0.095652173913	0.0
acu-	0.0	0.963839862247	0.0361601377529	0.0
egi-	0.0423609149957	0.881107031912	0.0590228748941	0.0175091781982
run-	0.217711588408	0.484511568033	0.0709297686423	0.226847074916
sau-	0.096946338571	0.85107224034	0.0183812629707	0.0336001581184
sín-	0.167330677291	0.796812749004	0.0239043824701	0.0119521912351
esm-	0.0379746835443	0.759493670886	0.20253164557	0.0
vec-	0.355555555556	0.511111111111	0.0	0.133333333333
pri-	0.0957923008057	0.861235452104	0.0	0.0429722470904
tro-	0.0	1.0	0.0	0.0
cúa-	0.603074526675	0.217794425798	0.107478628516	0.0716524190109
nie-	0.0740740740741	0.907407407407	0.0185185185185	0.0
ela-	0.108108108108	0.891891891892	0.0	0.0
iyo-	0.310288247463	0.0295748691287	0.0145572541865	0.645579629222
xui-	0.168674698795	0.722891566265	0.0843373493976	0.0240963855422
nag-	0.0	1.0	0.0	0.0
itu-	0.260837940064	0.646057608379	0.0529531568228	0.0401512947338
fen-	0.0913589645984	0.792158355539	0.057099352874	0.0593833269889
tam-	0.0408278990643	0.895945562801	0.0408278990644	0.02239863907
que-	0.613294924023	0.0849892189556	0.0248216095717	0.276894247449
tir-	0.00909550277918	0.984840828701	0.00303183425973	0.00303183425973
man-	0.237584034642	0.630923051388	0.0802325373599	0.0512603766094
men-	0.342629482072	0.657370517928	0.0	0.0
rob-	0.0	1.0	0.0	0.0
ric-	0.112178132109	0.141611805681	0.709367639065	0.0368424231443
sie-	0.318559556787	0.498614958449	0.166204986149	0.016620498615
ceb-	0.166666666667	0.666666666667	0.166666666667	0.0
caa-	0.259821983531	0.514037788891	0.0319917776053	0.194148449973
dom-	0.0964875158696	0.818027930597	0.0	0.0854845535337
coj-	0.299081614971	0.250736440825	0.399237567146	0.0509443770577
cuu-	0.280720285211	0.0223055247376	0.0315613065912	0.66541288346
yum-	0.561872909699	0.140468227425	0.190635451505	0.107023411371
mag-	0.0284237726098	0.961240310077	0.00258397932817	0.00775193798452
rim-	0.509947643979	0.402094240838	0.0628272251309	0.0251308900524
job-	0.0571428571429	0.857142857143	0.0571428571429	0.0285714285714
ñañ-	0.0671363447991	0.888106092002	0.0372979693328	0.00745959386656
elí-	0.0362837773322	0.956077532703	0.0022916069894	0.00534708297527
aqu-	0.0296886314265	0.961622013034	0.0	0.00868935553948
tuc-	0.104236920199	0.409356019875	0.0921168728302	0.394290187096
chí-	0.0869565217391	0.507246376812	0.260869565217	0.144927536232
dru-	0.0294117647059	0.911764705882	0.0588235294118	0.0
gob-	0.031746031746	0.968253968254	0.0	0.0
adr-	0.234848484848	0.636363636364	0.121212121212	0.00757575757576
tic-	0.134112145704	0.163604158604	0.03149764872	0.670786046973
ofr-	0.408376963351	0.544502617801	0.0	0.0471204188482
ram-	0.0110165247872	0.988983475213	0.0	0.0
pit-	0.0906040268456	0.694630872483	0.204697986577	0.010067114094
sáb-	0.0195036866725	0.968603821454	0.00570839609926	0.0061840957742
ace-	0.191772885284	0.653534183082	0.151216685979	0.0034762456547
vee-	0.278256260766	0.485225917583	0.194779382536	0.0417384391149
las-	0.06	0.926666666667	0.0	0.0133333333333
eti-	0.0794473229707	0.844559585492	0.0552677029361	0.020725388601
vin-	0.0466926070039	0.75953307393	0.175097276265	0.0186770428016
esp-	0.0858980248048	0.627009646302	0.266881028939	0.020211299954
niñ-	0.0401058092632	0.921650682029	0.0289777626998	0.00926574600777
tíq-	0.032967032967	0.952380952381	0.00732600732602	0.00732600732601
cla-	0.0931157978512	0.854357341823	0.00477516912057	0.0477516912057
yos-	0.20240940834	0.19865277703	0.0336398415537	0.565297973077
nuh-	0.478768441309	0.434252726107	0.0431045542014	0.0438742783835
cle-	0.105555555555	0.838888888889	0.0444444444444	0.0111111111111
reb-	0.0633484162896	0.85520361991	0.0542986425339	0.027149321267
yax-	0.146651270208	0.673210161663	0.173210161663	0.00692840646651
ema-	0.0616352201257	0.911949685535	0.0264150943396	0.0
zeb-	0.0207972270364	0.968804159445	0.00693240901213	0.00346620450607
pis-	0.0392156862745	0.960784313726	0.0	0.0
amó-	0.0	1.0	0.0	0.0
his-	0.0535714285714	0.946428571429	0.0	0.0
apo-	0.0809034907598	0.843942505133	0.0123203285421	0.0628336755647
fan-	0.0	1.0	0.0	0.0
quí-	0.0	0.950819672131	0.0491803278689	0.0
heb-	0.0638754696726	0.862050456253	0.0450885668277	0.0289855072464
tuq-	0.389821882952	0.267854113656	0.0966921119592	0.245631891433
nín-	0.0830296026314	0.916970397369	0.0	0.0
atu-	0.670764666806	0.134633409469	0.0177448562667	0.176857067458
seh-	0.0279198668942	0.883592588285	0.0286991689672	0.0597883758531
caj-	0.847058823529	0.129411764706	0.0	0.0235294117647
arf-	0.0	1.0	0.0	0.0
cun-	0.335329183264	0.233445094672	0.0580317567456	0.373193965319
rub-	0.0	1.0	0.0	0.0
chu-	0.59264678983	0.298670812755	0.0664593622341	0.0422230351808
nam-	0.381433823529	0.40625	0.176470588235	0.0358455882353
ihi-	0.660377358491	0.11320754717	0.0377358490566	0.188679245283
dav-	0.025566214833	0.934394008042	0.00735424477816	0.0326855323474
pát-	0.0	1.0	0.0	0.0
jop-	0.102466793169	0.88045540797	0.00948766603415	0.00759013282733
tan-	0.427827716656	0.402665463506	0.15201471558	0.0174921042585
tiñ-	0.400497276891	0.423292537022	0.0330645955805	0.143145590506
ley-	0.0170205005102	0.923300784235	0.0527177100945	0.00696100516086
cas-	0.669023979018	0.143639940052	0.0872283626827	0.100107718247
bar-	0.0924620390455	0.867136659436	0.0208785249458	0.0195227765727
ihn-	0.533213216283	0.351269960941	0.0418279940879	0.0736888286884
suh-	0.230207276704	0.207252868818	0.25774029427	0.304799560209
aga-	0.19170984456	0.682210708118	0.0820379965458	0.0440414507772
vii-	0.148952934527	0.400369866895	0.0651112631157	0.385565935462
caí-	0.0	0.966666666667	0.0111111111111	0.0222222222222
inu-	0.231623960454	0.505423116552	0.0894576576797	0.173495265314
coc-	0.275113785044	0.600891269584	0.1084955772	0.0154993681715
lah-	0.539398280802	0.14111747851	0.297994269341	0.0214899713467
vah-	0.204312527918	0.162089029712	0.385834635619	0.247763806751
sii-	0.230449900231	0.294274753788	0.161776912082	0.313498433899
bel-	0.0391061452514	0.917597765363	0.0377094972067	0.00558659217877
ing-	0.0530281121922	0.228787618723	0.344524377974	0.373659891111
ixi-	0.0859550561798	0.900561797753	0.0101123595506	0.00337078651685
ton-	0.105536750484	0.408728239845	0.454545454545	0.0311895551257
ant-	0.0619283847122	0.902166189709	0.00391126640287	0.0319941591755
yaa-	0.163214530836	0.792602215903	0.0251862927738	0.0189969604863
tiu-	0.777777777778	0.222222222222	0.0	0.0
ven-	0.218045112782	0.563909774436	0.0827067669173	0.135338345865
nan-	0.694526137542	0.185395999778	0.0484980046369	0.071579858043
pol-	0.0916256157636	0.849753694581	0.0270935960591	0.0315270935961
icu-	0.135135135135	0.810810810811	0.027027027027	0.027027027027
sar-	0.106805182678	0.807108672814	0.0790825259717	0.00700361853624
lao-	0.012987012987	0.974025974026	0.012987012987	0.0
bee-	0.111824014665	0.863428047663	0.00824931255728	0.0164986251146
teu-	0.302521008403	0.655462184874	0.0	0.0420168067227
dam-	0.0193452380952	0.980654761905	0.0	0.0
put-	0.0824742268041	0.876288659794	0.020618556701	0.020618556701
tin-	0.475658931516	0.359669070059	0.0677727194428	0.0968992789822
gaz-	0.0454545454545	0.863636363636	0.0	0.0909090909091
art-	0.0983606557377	0.868852459016	0.0	0.0327868852459
yoo-	0.147566672399	0.34697234107	0.0157478596477	0.489713126883
bal-	0.0633484162896	0.93665158371	0.0	0.0
efa-	0.166666666667	0.833333333333	0.0	0.0
die-	0.139974779319	0.849936948298	0.00504413619169	0.00504413619169
iñi-	0.168831168831	0.796536796537	0.008658008658	0.025974025974
sad-	0.0415186085655	0.927997007668	0.0201982420048	0.0102861417617
pub-	0.101449275362	0.826086956522	0.0289855072464	0.0434782608696
top-	0.0	0.8	0.2	0.0
tun-	0.234697034973	0.686104089671	0.0503896003035	0.0288092750533
isc-	0.0235934664247	0.969147005445	0.0	0.00725952813067
asó-	0.0431034482758	0.887931034483	0.0	0.0689655172414
tas-	0.611565037879	0.233539666481	0.122472966387	0.0324223292528
amp-	0.0	1.0	0.0	0.0
nda-	0.302370779627	0.373315336246	0.141052685382	0.183261198745
set-	0.0	1.0	0.0	0.0
ele-	0.0147058823529	0.875	0.110294117647	0.0
cés-	0.171159228163	0.803505670938	0.0203269995581	0.00500810134042
cut-	0.450464821983	0.4113929789	0.0984236114704	0.0397185876465
rom-	0.0389197420279	0.731108921533	0.223074166965	0.0068971694733
ana-	0.0583279325988	0.905703175632	0.0233311730395	0.0126377187298
tuu-	0.263204173975	0.303305654736	0.412756363273	0.0207338080156
lot-	0.0204081632653	0.908163265306	0.0714285714286	0.0
era-	0.0333333333333	0.944444444444	0.0	0.0222222222222
sus-	0.0493827160494	0.925925925926	0.0246913580247	0.0
amf-	0.0740740740741	0.925925925926	0.0	0.0
jes-	0.0270190692381	0.869550550539	0.00562875604753	0.0978016241756
bla-	0.324237560193	0.433065810594	0.122632423756	0.120064205458
yat-	0.149407339059	0.183952019306	0.068173752573	0.598466889063
aje-	0.0	0.740740740741	0.259259259259	0.0
con-	0.231428571429	0.344415584416	0.153506493506	0.270649350649
cin-	0.0701754385965	0.929824561404	0.0	0.0
get-	0.0	1.0	0.0	0.0
sam-	0.294193007838	0.656967562486	0.0315377983019	0.0173016313746
jua-	0.0342146966539	0.944525421497	0.0128957848039	0.00836409704532
lit-	0.0169491525424	0.926553672316	0.0225988700565	0.0338983050848
yun-	0.0293012772352	0.957175056349	0.00901577761082	0.00450788880541
noé-	0.0195694716243	0.976516634051	0.0	0.00391389432486
mas-	0.172272154498	0.328135116507	0.21818586874	0.281406860254
rut-	0.0384615384615	0.961538461538	0.0	0.0
qui-	0.389775403985	0.368596023215	0.0321311722225	0.209497400578
ruf-	0.027027027027	0.936936936937	0.036036036036	0.0
cru-	0.348099776444	0.643428638663	0.00635368866925	0.00211789622308
lib-	0.0815217391304	0.900362318841	0.00724637681159	0.0108695652174
may-	0.288039729618	0.6735549731	0.0384052972824	0.0
isa-	0.0725061153122	0.898805876096	0.0090268302898	0.0196611783025
cap-	0.107355531326	0.835444099639	0.0377421789818	0.0194581900528
tiy-	0.0833295756865	0.798620192091	0.118050232223	0.0
gam-	0.292213473316	0.69728783902	0.010498687664	0.0
gri-	0.03525913339	0.406542056075	0.546728971963	0.0114698385726
ara-	0.0948453608247	0.905154639175	0.0	0.0
gad-	0.0469011725293	0.946398659966	0.00670016750419	0.0
sem-	0.0	1.0	0.0	0.0
ene-	0.031007751938	0.93023255814	0.0232558139535	0.015503875969
tec-	0.209445585216	0.593429158111	0.0616016427105	0.135523613963
isu-	0.397058823529	0.446078431373	0.112745098039	0.0441176470588
ose-	0.0285714285714	0.857142857143	0.114285714286	0.0
sut-	0.037238883634	0.903270444196	0.0499067482737	0.00958392389649
jot-	0.0	1.0	0.0	0.0
gni-	0.123456790123	0.851851851852	0.0	0.0246913580247
fes-	0.0895776566758	0.882833787466	0.0112397820164	0.016348773842
tax-	0.154794332933	0.486433430219	0.306727740325	0.0520444965228
cam-	0.0511247443762	0.760736196319	0.175869120654	0.0122699386503
eun-	0.0105263157895	0.968421052632	0.0210526315789	0.0
cay-	0.256729618124	0.692518052744	0.0468197656174	0.00393256351461
soh-	0.679160090946	0.269150728902	0.0224796041193	0.0292095760331
cuc-	0.493642206246	0.368011538525	0.0993318928597	0.0390143623694
ñic-	0.293188145891	0.278728159492	0.0943944126895	0.333689281927
aba-	0.0	1.0	0.0	0.0
kil-	0.0989690721649	0.842268041237	0.0247422680412	0.0340206185567
res-	0.0	1.0	0.0	0.0
xuu-	0.304968968344	0.433818650221	0.113002068777	0.148210312659
cou-	0.411362440821	0.419779063651	0.0783798001052	0.0904786954235
sim-	0.0269266075097	0.967827949469	0.00340953796389	0.00183590505748
jus-	0.0459363957597	0.932862190813	0.0212014134276	0.0
teó-	0.369230769231	0.523076923077	0.0461538461538	0.0615384615385
jar-	0.0	1.0	0.0	0.0
eze-	0.0	1.0	0.0	0.0
jos-	0.0288845940007	0.955627333139	0.00476556088004	0.0107225119801
taa-	0.606778214773	0.282348787258	0.0158151806118	0.0950578173579
let-	0.175199532801	0.62234767374	0.0944130815651	0.108039711894
tor-	0.0863370247583	0.884883966989	0.0	0.0287790082528
sav-	0.501082356692	0.215913101179	0.0383946634515	0.244609878678
nat-	0.615547886061	0.351800542656	0.0252817557266	0.00736981555609
hom-	0.41610738255	0.530201342282	0.0268456375839	0.0268456375839
pil-	0.0514984103896	0.883434901914	0.0417081046032	0.0233585830927
uch-	0.0106442307692	0.0548221153846	0.0344230769231	0.900110576923
gom-	0.174858223062	0.744801512287	0.0396975425331	0.0406427221172
ñas-	0.0646883731278	0.889536371325	0.0392658844202	0.00650937112685
bur-	0.0628815179819	0.930499374862	0.002206369052	0.00441273810397
cor-	0.0947042107982	0.849392921726	0.0305864117799	0.0253164556962
har-	0.03125	0.96875	0.0	0.0
idu-	0.0333333333333	0.966666666667	0.0	0.0
efe-	0.00880733944953	0.982385321101	0.00660550458716	0.00220183486239
xuh-	0.127066054238	0.770683053981	0.0848289773797	0.0174219144011
sax-	0.417382415985	0.30804789342	0.0979527871314	0.176616903464
asa-	0.0	0.857142857143	0.0	0.142857142857
tix-	0.295334476638	0.257485290717	0.423528245728	0.0236519869171
moi-	0.0598107754929	0.925941089969	0.00675558103115	0.00749255350727
min-	0.149584487535	0.817174515235	0.0332409972299	0.0
yam-	0.5625	0.323660714286	0.0334821428571	0.0803571428571
nde-	0.645902961324	0.2028645582	0.0407547968644	0.110477683612
nuy-	0.0625651720542	0.871741397289	0.0469238790407	0.0187695516163
mes-	0.209630487156	0.771283752073	0.00844779575107	0.0106379650199
hie-	0.0363636363636	0.963636363636	0.0	0.0
cho-	0.747263681592	0.206467661692	0.0313432835821	0.0149253731343
lej-	0.0346820809248	0.965317919075	0.0	0.0
rey-	0.104468792318	0.822159300751	0.0455496737658	0.0278222331651
ñih-	0.273230088496	0.117256637168	0.533185840708	0.0763274336283
baa-	0.128755364807	0.824034334764	0.0343347639485	0.0128755364807
iye-	0.49292424783	0.126887858247	0.0758710904983	0.304316803425
urb-	0.0	1.0	0.0	0.0
naa-	0.440669818873	0.298778146034	0.073646035178	0.186905999915
aca-	0.0275862068965	0.966896551724	0.0	0.00551724137931
cuv-	0.466370890159	0.423040688133	0.0721050308415	0.0384833908664
lat-	0.123287671233	0.62100456621	0.0547945205479	0.200913242009
pal-	0.352226720648	0.647773279352	0.0	0.0
efr-	0.0	1.0	0.0	0.0
cha-	0.308723901872	0.228643381404	0.0338418069446	0.428790909779
vat-	0.100760477139	0.024546233627	0.00497484033104	0.869718448903
joa-	0.0	1.0	0.0	0.0
jue-	0.102924563826	0.748964478474	0.112463913644	0.0356470440567
ced-	0.0404040404041	0.959595959596	0.0	0.0
tav-	0.540340502338	0.108037283815	0.0279925948548	0.323629618992
moo-	0.348387096774	0.416589861751	0.0276497695853	0.207373271889
xin-	0.0867345531531	0.632001446191	0.0807531747245	0.200510825932
med-	0.174013921114	0.749419953596	0.0	0.07656612529
pel-	0.0	1.0	0.0	0.0
saa-	0.0205963122793	0.950381611327	0.0290220763936	0.0
epi-	0.148148148148	0.376543209877	0.475308641975	0.0
cir-	0.0218867924528	0.97358490566	0.00452830188681	0.0
azo-	0.195767195767	0.730158730159	0.042328042328	0.031746031746
for-	0.0377358490566	0.962264150943	0.0	0.0
siq-	0.0667743027285	0.677362200604	0.0895036897386	0.166359806929
ilí-	0.0555555555556	0.916666666667	0.0	0.0277777777778
lin-	0.0	1.0	0.0	0.0
ñah-	0.123878806235	0.457705882592	0.0699772666121	0.348438044561
isr-	0.035297129077	0.924286310911	0.0309860293424	0.00943053066943
ber-	0.0482038955532	0.915063591908	0.0221298333739	0.0146026791651
api-	0.0	1.0	0.0	0.0
tau-	0.884253819036	0.0875440658049	0.0141010575793	0.0141010575793
yay-	0.0740740740741	0.666666666667	0.111111111111	0.148148148148
núm-	0.127659574468	0.700277520814	0.0111008325624	0.160962072155
cur-	0.235294117647	0.745098039216	0.0	0.0196078431373
iti-	0.0874355142075	0.114351699039	0.016237763231	0.781975023523
iqu-	0.0825588401342	0.842968835248	0.0365304602364	0.0379418643818
cuy-	0.202962860758	0.367193235482	0.394308318711	0.0355355850485
mad-	0.0975609756097	0.829268292683	0.0731707317073	0.0
pes-	0.106194690265	0.87610619469	0.0176991150442	0.0
álo-	0.0	0.922077922078	0.0779220779221	0.0
zar-	0.0	1.0	0.0	0.0
gar-	0.268428226906	0.6674006501	0.0589283841878	0.00524273880675
ñaa-	0.171760025555	0.118333728473	0.0330790146385	0.676827231333
mih-	0.257142857143	0.585714285714	0.0428571428571	0.114285714286
tad-	0.0232558139535	0.976744186047	0.0	0.0
loi-	0.247058823529	0.729411764706	0.0235294117647	0.0
acé-	0.0	1.0	0.0	0.0
mer-	0.027027027027	0.864864864865	0.108108108108	0.0
oso-	0.0	0.787234042553	0.212765957447	0.0
abe-	0.0668402777778	0.933159722222	0.0	0.0
ñiv-	0.0257340479318	0.379689578077	0.0132335603652	0.581342813626
señ-	0.334944237918	0.646096654275	0.0111524163569	0.00780669144982
obe-	0.264462809917	0.735537190083	0.0	0.0
mau-	0.0978062169308	0.145510465233	0.0177214444264	0.73896187341
soc-	0.0635433553714	0.0156903882423	0.0094010500531	0.911365206333
are-	0.0495867768595	0.925619834711	0.0148760330578	0.00991735537189
cat-	0.520223604795	0.0620551471049	0.00439965047762	0.413321597623
jan-	0.0480961923848	0.891783567134	0.0360721442886	0.0240480961924
vih-	0.159529411765	0.456941176471	0.0630588235294	0.320470588235
mit-	0.0	1.0	0.0	0.0
aar-	0.109497206704	0.83687150838	0.0469273743017	0.00670391061454
una-	0.119516222609	0.150801088945	0.319989289061	0.409693399384
jun-	0.0945945945946	0.783783783784	0.054054054054	0.0675675675676
oco-	0.0157452764171	0.0164450664801	0.0115465360392	0.956263121064
dal-	0.0	1.0	0.0	0.0
pér-	0.0	0.979710144928	0.0	0.0202898550724
dei-	0.475218658892	0.454810495627	0.0699708454811	0.0
fel-	0.0227322324871	0.97464901433	0.00109114715938	0.00152760602313
raq-	0.401351351351	0.598648648649	0.0	0.0
ase-	0.0	0.956204379562	0.0	0.0437956204379
eva-	0.272285251216	0.635332252836	0.0486223662885	0.0437601296596
dra-	0.00664451827241	0.986710963455	0.00664451827242	0.0
beo-	0.182608695652	0.817391304348	0.0	0.0
coy-	0.526012840381	0.458047376577	0.0106265220279	0.00531326101395
lan-	0.115843270869	0.822827938671	0.06132879046	0.0
boa-	0.0192307692308	0.942307692308	0.0384615384615	0.0
ága-	0.0	1.0	0.0	0.0
vic-	0.0344684995457	0.914223220941	0.0395557997944	0.0117524797188
nuu-	0.17432377367	0.261756463916	0.0750862789676	0.488833483446
jez-	0.190892821634	0.719626168224	0.0894810101411	0.0
sas-	0.530451866405	0.381139489194	0.0648330058939	0.0235756385069
enó-	0.0	1.0	0.0	0.0
uvi-	0.0326439968212	0.0523407081091	0.090917667892	0.824097627178
dem-	0.0706806282722	0.88219895288	0.0392670157068	0.00785340314136
tim-	0.0346875	0.931770833333	0.015	0.0185416666667
tri-	0.179981054626	0.801705083675	0.0151562993369	0.00315756236185
epe-	0.03125	0.84375	0.03125	0.09375
rai-	0.0925370903368	0.604641433275	0.0394242640141	0.263397212374
sóp-	0.0731707317073	0.853658536585	0.0731707317073	0.0
zen-	0.122448979592	0.80612244898	0.0204081632653	0.0510204081633
yoh-	0.16187582653	0.519627496355	0.0412306057536	0.277266071361
ndo-	0.106060097622	0.0956152303808	0.0202463510146	0.778078320983
jef-	0.0	1.0	0.0	0.0
nic-	0.052344009018	0.861985279491	0.0757244214575	0.00994629003382
esc-	0.0	0.961538461539	0.0	0.0384615384615
rah-	0.121815735119	0.359571571634	0.0245665644364	0.49404612881
ñat-	0.320895522388	0.60447761194	0.0597014925373	0.0149253731343
ner-	0.0	1.0	0.0	0.0
mol-	0.0742857142857	0.925714285714	0.0	0.0
xii-	0.247256766642	0.448427212875	0.113021214338	0.191294806145
ham-	0.0508474576271	0.898305084746	0.0508474576271	0.0
iya-	0.216216216216	0.666666666667	0.117117117117	0.0
fil-	0.0469189865499	0.880825774163	0.0187675946199	0.0534876446669
tes-	0.103208812261	0.832136015326	0.0337643678161	0.0308908045977
tar-	0.0192359070265	0.911835426129	0.0689286668448	0.0
tit-	0.0823915264723	0.865762903764	0.045571265143	0.00627430462114
elo-	0.0	0.962264150943	0.0188679245283	0.0188679245283
sic-	0.415996614473	0.443080829454	0.118070249683	0.0228523063902
boo-	0.0314960629921	0.968503937008	0.0	0.0
oné-	0.124076809453	0.567208271787	0.131462333826	0.177252584933
ñui-	0.212121212121	0.590909090909	0.106060606061	0.0909090909091
toh-	0.268861925025	0.627729642273	0.0592875014158	0.0441209312862
jon-	0.0323832970363	0.951330366443	0.0136350724363	0.00265126408484
