-iot	0.00199203187251	0.998007968127	0.0	0.0
-hku	0.55630131427	0.202072862361	0.191052976618	0.0505728467518
-eus	0.0194174757281	0.980582524272	0.0	0.0
-cas	0.190298507463	0.671641791045	0.00373134328358	0.134328358209
-car	0.0	1.0	0.0	0.0
-rbe	0.0381355932203	0.96186440678	0.0	0.0
-rbi	0.743563856638	0.193336698637	0.0424028268551	0.0206966178698
-lem	0.00637089700383	0.974147084622	0.00304695074096	0.0164350676331
-hbi	0.679305942263	0.194289564536	0.036607365041	0.0897971281597
-aup	0.345454545455	0.545454545455	0.0181818181818	0.0909090909091
-aut	0.205601317957	0.372652388797	0.404612850082	0.0171334431631
-plu	0.0963855421687	0.759036144578	0.144578313253	0.0
-ido	0.181818181818	0.581818181818	0.0	0.236363636364
-ufo	0.0	0.946428571429	0.0535714285714	0.0
-aum	0.00709219858156	0.990543735225	0.0	0.00236406619385
-nsa	0.253333333333	0.0	0.0	0.746666666667
-pla	0.0338846188864	0.638938030386	0.0483652252481	0.27881212548
-aun	0.0959288722508	0.847917641554	0.0407112774918	0.0154422087038
-nti	0.0474646226415	0.827830188679	0.100825471698	0.0238797169811
-nto	0.0	1.0	0.0	0.0
-pus	0.130044843049	0.825112107623	0.0179372197309	0.0269058295964
-nta	0.0428265524625	0.594575303355	0.349750178444	0.0128479657388
-uam	0.265415549598	0.16890080429	0.222520107239	0.343163538874
ALL	0.234275680147	0.273594819746	0.0520717009372	0.44005779917
-uan	0.401361962534	0.148555398961	0.308276726986	0.141805911519
-wma	0.418259830277	0.309845869362	0.179399416874	0.0924948834876
-dus	0.279895677877	0.60322617821	0.0474165521807	0.0694615917325
-was	0.597524284363	0.31311785438	0.00180520931832	0.0875526519385
-lta	0.0	1.0	0.0	0.0
-lía	0.0	1.0	0.0	0.0
-fia	0.0	1.0	0.0	0.0
-pre	0.00529567519858	0.994704324801	0.0	0.0
-hem	0.107054455446	0.867574257426	0.0111386138614	0.0142326732673
-pri	0.216720937172	0.17185479721	0.207011705996	0.404412559622
-twi	0.400937866354	0.545134818288	0.0370457209848	0.0168815943728
-sma	0.491087591245	0.135797647438	0.0318230814347	0.341291679882
-mán	0.0280183392766	0.579724910851	0.392256749873	0.0
-meí	0.0	1.0	0.0	0.0
-ope	0.0460164835165	0.941620879121	0.00412087912089	0.00824175824175
-dea	0.368421052632	0.631578947368	0.0	0.0
-ims	0.521606285465	0.30903535574	0.119598428634	0.0497599301615
-gka	0.0700304953056	0.846121718036	0.0480601438371	0.0357876428216
-dek	0.0944402132521	0.903274942879	0.002284843869	0.0
-gki	0.446557706225	0.4272726265	0.0623643075111	0.0638053597642
-deo	0.00552486187845	0.994475138122	0.0	0.0
-ima	0.251134371554	0.323805474518	0.0445282537969	0.380531900131
-des	0.0804331013148	0.894818252127	0.0123743232792	0.0123743232792
-wîk	0.179104477612	0.194029850746	0.597014925373	0.0298507462687
-gks	0.359963269054	0.520661157025	0.108356290174	0.0110192837466
-imi	0.515698257646	0.0782244925546	0.0155097220345	0.390567527765
-twa	0.62389380531	0.181415929204	0.194690265487	0.0
-imo	0.0552486187845	0.727071823204	0.0813996316758	0.136279926335
-rpi	0.0641211535363	0.486628000644	0.395279523119	0.0539713227002
-âki	0.354649099801	0.385249695305	0.0223545565343	0.237746648359
-bit	0.0127939063605	0.967638942735	0.00677324454377	0.0127939063605
-rpo	0.0	1.0	0.0	0.0
-idi	0.362427877449	0.109170305677	0.422651303906	0.105750512969
-uls	0.901357466063	0.0606334841628	0.00542986425338	0.0325791855203
-âka	0.169516711844	0.203033138589	0.0155536110589	0.611896538509
-eca	0.037037037037	0.903703703704	0.0296296296296	0.0296296296296
-ide	0.0196078431373	0.980392156863	0.0	0.0
-ida	0.0280957336108	0.96878251821	0.0	0.00312174817898
-kpi	0.418812989922	0.36170212766	0.101903695409	0.11758118701
-bid	0.0	1.0	0.0	0.0
-sîa	0.270485556684	0.142255770068	0.109413557846	0.477845115401
-bia	0.553877071964	0.113293696434	0.022426277905	0.310402953697
-bin	0.173633440515	0.649196141479	0.109324758842	0.067845659164
-tla	0.0860942429693	0.732515556705	0.0115227192686	0.169867481058
-âks	0.598423786495	0.248253627082	0.0763030628695	0.0770195235537
-sîn	0.172076205781	0.755904679339	0.0472797242721	0.0247393906075
-bik	0.310344827586	0.561128526646	0.103448275862	0.025078369906
-sîl	0.40825500613	0.578259092767	0.0134859011034	0.0
-100	0.0125850953602	0.0711001043663	0.0892942480319	0.827020552242
-uta	0.089851280639	0.875309832002	0.0276094739741	0.00722941338474
-hla	0.230248743892	0.549594583782	0.138896807192	0.0812598651335
-ria	0.0592261050031	0.466016787051	0.286620752437	0.188136355508
-rin	0.24929516236	0.428305988112	0.0773210666825	0.245077782845
-rio	0.0191897654584	0.939232409382	0.0351812366737	0.00639658848614
-ril	0.0612055641421	0.826584234931	0.0714064914992	0.0408037094281
-rim	0.0	0.962962962963	0.0	0.037037037037
-rik	0.0628887353145	0.417760884589	0.503800967519	0.0155494125778
-rih	0.675366941859	0.0538230200818	0.0066622549242	0.264147783135
-uts	0.0184143222506	0.950895140665	0.0306905370844	0.0
-rit	0.0885132232321	0.822930481408	0.0679705969785	0.0205856983817
-kîn	0.116591928251	0.874439461883	0.00896860986547	0.0
-ris	0.24750935028	0.595240459405	0.0250223413762	0.132227848939
-rip	0.266365688488	0.650112866817	0.0767494356659	0.00677200902934
-kîa	0.0577924387956	0.77565408622	0.139387471298	0.0271660036869
-aku	0.191782485923	0.0560822516515	0.0213389729642	0.730796289461
-lux	0.0508474576271	0.915254237288	0.0	0.0338983050847
-pas	0.0592520163932	0.232764751015	0.401992065423	0.305991167169
-ara	0.0790887720457	0.104969369901	0.0450285862821	0.770913271771
-mes	0.0	0.892307692308	0.107692307692	0.0
-dul	0.0325862780146	0.876529630139	0.0908840918465	0.0
-dsa	0.0	1.0	0.0	0.0
-lut	0.45501285347	0.506426735219	0.038560411311	0.0
-ari	0.382719101957	0.235297390186	0.257581564405	0.124401943452
-rón	0.00858369098712	0.974248927039	0.00858369098714	0.00858369098712
-ark	0.321628927926	0.595471204622	0.0392279917003	0.0436718757514
-art	0.021978021978	0.89010989011	0.0879120879121	0.0
-lui	0.639127561137	0.0953403833444	0.0381692002644	0.227362855255
-luk	0.0135135135135	0.959459459459	0.0135135135135	0.0135135135135
-arp	0.0669456066945	0.899581589958	0.0125523012552	0.020920502092
-lun	0.319310348236	0.453328934126	0.134795676127	0.0925650415113
-bán	0.134218289086	0.463126843658	0.287610619469	0.115044247788
-ins	0.0737375429193	0.602294615191	0.301356670296	0.0226111715937
-aya	0.152393556088	0.60775994526	0.108109261846	0.131737236807
-ayo	0.0161290322581	0.983870967742	0.0	0.0
-rai	0.584862354715	0.189153845127	0.112224609349	0.113759190808
-ayi	0.247474747475	0.503787878788	0.143939393939	0.104797979798
-bil	0.187739832313	0.66477006171	0.0802047371017	0.0672853688756
-bás	0.341463414634	0.658536585366	0.0	0.0
-sri	0.0664206642066	0.926199261993	0.00738007380074	0.0
-ilk	0.0	0.548387096774	0.451612903226	0.0
-ubi	0.633953637468	0.233101829418	0.0371540142521	0.0957905188613
-âra	0.204734777766	0.0929623445911	0.0443735790148	0.657929298628
-xad	0.0	1.0	0.0	0.0
-uba	0.358851674641	0.133971291866	0.406698564593	0.100478468899
-âri	0.719026974952	0.211030828516	0.028612716763	0.0413294797688
-ota	0.0	1.0	0.0	0.0
-tán	0.0	1.0	0.0	0.0
-hwi	0.340521914659	0.256312218354	0.0627574977429	0.340408369243
-oti	0.00362037755366	0.987845875356	0.00310318076028	0.00543056633049
-hwa	0.246319994082	0.137510170871	0.511724239959	0.104445595088
-nhs	0.441840277569	0.266071482631	0.0165062150256	0.275582024775
-oto	0.0357142857143	0.928571428571	0.0357142857143	0.0
-rán	0.114285714286	0.885714285714	0.0	0.0
-uma	0.648885726441	0.233103025808	0.0577726705409	0.0602385772103
-umi	0.0228054082766	0.244503475199	0.0148717033193	0.717819413206
-kbi	0.686054856273	0.185576251049	0.049935133638	0.0784337590399
-nak	0.0472440944882	0.165354330709	0.0	0.787401574803
-kia	0.232649367924	0.406736425796	0.0612993357615	0.299314870518
-nai	0.0	1.0	0.0	0.0
-nan	0.616295802652	0.182697976207	0.0434271569859	0.157579064156
-aki	0.373671657915	0.2302324948	0.036321927343	0.359773919942
-nam	0.125383032122	0.479115414966	0.0220611477653	0.373440405146
-sip	0.135781152897	0.123679879297	0.171558885795	0.568980082011
-gâd	0.0254319615991	0.931409533981	0.00879437806739	0.034364126352
-aka	0.0782982798464	0.142945133796	0.0105023125688	0.768254273789
-aús	0.0392156862745	0.941176470588	0.0	0.0196078431372
-sik	0.0384615384615	0.75	0.192307692308	0.0192307692307
-kir	0.190956072351	0.132299741602	0.0015503875969	0.67519379845
-ene	0.0219538968167	0.972557628979	0.00548847420417	0.0
-sio	0.077922077922	0.922077922078	0.0	0.0
-sin	0.103558903226	0.0283556091479	0.0104761237545	0.857609363872
-sim	0.0538656350119	0.0698970090947	0.251211778816	0.625025577077
-kit	0.0251541307028	0.936374845869	0.0355117139334	0.00295930949445
-nas	0.0417633410673	0.937354988399	0.00696055684455	0.0139211136891
-sia	0.0198987606912	0.966486297783	0.00523651597137	0.0083784255542
-aks	0.444600910021	0.373424417673	0.0991257383134	0.0828489339927
-mos	0.0549450549451	0.901098901099	0.043956043956	0.0
-mor	0.0408163265306	0.918367346939	0.0408163265306	0.0
-lks	0.502704842327	0.360205831904	0.0712495052118	0.0658398205568
-gog	0.0535714285714	0.946428571429	0.0	0.0
-lku	0.312292358804	0.418604651163	0.0	0.269102990033
-lki	0.537521653794	0.254345494057	0.0577452315753	0.150387620574
-mon	0.223021582734	0.76618705036	0.0	0.0107913669065
-lka	0.0952693293711	0.819215577245	0.0363889657432	0.0491261276409
-yas	0.378239313813	0.557035242112	0.00787776786438	0.0568476762105
-yar	0.143063583815	0.75289017341	0.0346820809248	0.0693641618497
-ber	0.0	1.0	0.0	0.0
-eor	0.0119760479042	0.988023952096	0.0	0.0
-bet	0.0535714285714	0.892857142857	0.00184729064039	0.051724137931
-—si	0.305084745763	0.398305084746	0.220338983051	0.0762711864406
-ben	0.140940329442	0.762190465801	0.035344169303	0.0615250354533
-bel	0.0878348704436	0.861660079051	0.0329380764163	0.0175669740887
-216	0.0641025641026	0.538461538462	0.128205128205	0.269230769231
-yan	0.570057018894	0.111732846694	0.0118728288114	0.306337305601
-cos	0.0338983050847	0.966101694915	0.0	0.0
-iso	0.046511627907	0.953488372093	0.0	0.0
-reo	0.0	1.0	0.0	0.0
-isi	0.470569777679	0.279525704472	0.0183014320461	0.231603085803
-nte	0.00921658986175	0.990783410138	0.0	0.0
-rea	0.0479041916168	0.850299401198	0.0179640718563	0.0838323353293
-red	0.0	1.0	0.0	0.0
-eva	0.0	1.0	0.0	0.0
-res	0.0	1.0	0.0	0.0
-ist	0.00815968867649	0.964813650187	0.00372293487879	0.0233037262578
-ret	0.0178913738019	0.975079872204	0.0038338658147	0.00319488817891
-upi	0.18755678888	0.299317305567	0.053535031065	0.459590874487
-hab	0.0137931034483	0.986206896552	0.0	0.0
-—ai	0.215767634855	0.423236514523	0.0746887966805	0.286307053942
-âya	0.0302013422819	0.41610738255	0.0604026845638	0.493288590604
-kwa	0.0983606557377	0.77868852459	0.0983606557376	0.0245901639344
-mas	0.0456606217617	0.90932642487	0.00291450777202	0.0420984455959
-hak	0.357894736842	0.313684210526	0.208421052632	0.12
-ham	0.0415381880849	0.909203316873	0.0374346015039	0.0118238935386
-han	0.638538027412	0.330018812147	0.0159097016931	0.0155334587476
-mai	0.0223753903425	0.00341043778883	0.00106884079658	0.973145331072
-mak	0.547497446374	0.259448416752	0.0429009193054	0.150153217569
-mam	0.0972660270688	0.805467945862	0.0304420390062	0.0668239880625
-man	0.0619218609005	0.0696341419716	0.015494842183	0.852949154945
-haz	0.0	1.0	0.0	0.0
-nku	0.158192090395	0.457627118644	0.0282485875706	0.35593220339
-uni	0.36409027796	0.243370217431	0.0781947526325	0.314344751976
-âpu	0.164486670196	0.0727833541934	0.0398335815099	0.722896394101
-una	0.0593665987527	0.0350755937794	0.0129901197221	0.892567687746
-ia—	0.326593294088	0.583312004095	0.0675710263629	0.0225236754543
-nka	0.234898445293	0.50358285554	0.0459965888124	0.215522110354
-pta	0.0510752688172	0.82123655914	0.12619474313	0.00149342891278
-unu	0.101860819037	0.249031543996	0.609781405645	0.0393262313226
-nki	0.343276757536	0.378135732213	0.099778832534	0.178808677717
-pti	0.147849073477	0.774031063824	0.0433999237214	0.0347199389771
-uns	0.425313843288	0.391689669022	0.0572480921576	0.125748395532
-dka	0.0913849760664	0.863544527884	0.0120570753763	0.0330134206732
-tra	0.0	1.0	0.0	0.0
-ika	0.209056960027	0.395475106684	0.0396740969648	0.355793836324
-asá	0.0	0.857142857143	0.0	0.142857142857
-tro	0.0357142857142	0.946428571429	0.0178571428571	0.0
-dki	0.100604727873	0.0879604178119	0.00164925783397	0.809785596482
-tri	0.182780418484	0.641299554075	0.0975155583868	0.0784044690547
-gai	0.0	1.0	0.0	0.0
-adi	0.255747126437	0.58908045977	0.0689655172414	0.0862068965517
-iko	0.00591715976331	0.988165680473	0.00591715976331	0.0
-144	0.0446735395189	0.0996563573883	0.0	0.855670103093
-sna	0.54442242318	0.0893592633369	0.0281436523961	0.338074661087
-gar	0.079365079365	0.873015873016	0.031746031746	0.015873015873
-rli	0.0	0.986754966887	0.0	0.0132450331126
-sni	0.641121734919	0.128587458078	0.0574797501783	0.172811056825
-nor	0.0	1.0	0.0	0.0
-ini	0.574451502885	0.242919663297	0.0313966165372	0.151232217281
-sem	0.0	1.0	0.0	0.0
-ink	0.1	0.875	0.025	0.0
-lbi	0.735893585068	0.161767860974	0.00450547092898	0.0978330830294
-lpa	0.0669475472141	0.871706454731	0.0305374776766	0.0308085203779
-ino	0.04	0.96	0.0	0.0
-ina	0.11195496605	0.113445706081	0.00451424450844	0.770085083361
-uis	0.0	0.980392156863	0.0196078431373	0.0
-lba	0.0366064087848	0.903652631007	0.0290055554095	0.0307354047984
-sea	0.037037037037	0.962962962963	0.0	0.0
-ing	0.064967945419	0.867662373994	0.0240173516771	0.0433523289096
-yam	0.0789921162467	0.765187818828	0.034317514299	0.121502550626
-îni	0.130714507853	0.545716062821	0.026628829109	0.296940600218
-kni	0.172741468891	0.683845223874	0.102157424332	0.0412558829033
-uim	0.0	1.0	0.0	0.0
-uil	0.0239520958084	0.964071856287	0.0	0.0119760479042
-—lâ	0.20245398773	0.441717791411	0.184049079755	0.171779141104
-îna	0.048384446316	0.716337838671	0.0467920013146	0.188485713699
-kna	0.0544201233523	0.887773612287	0.0181400411174	0.0396662232434
-ses	0.0381486471611	0.952137828171	0.00303886805266	0.00667465661567
-ser	0.0	1.0	0.0	0.0
-sep	0.0254639620199	0.957416199108	0.0102143576464	0.00690548122573
-tks	0.832049306626	0.145938806956	0.00880475456747	0.0132071318512
-dón	0.0309110629067	0.96420824295	0.0	0.00488069414317
-âna	0.199137931034	0.749568965517	0.0331896551724	0.0181034482759
-són	0.0316981132075	0.954716981132	0.0135849056604	0.0
-iam	0.188680577533	0.416936055726	0.0500027467948	0.344380619946
-ena	0.00742902626691	0.986999204033	0.0055717697002	0.0
-nma	0.198622421986	0.686058456641	0.0438274827857	0.0714916385866
-bla	0.137852463686	0.469666761606	0.341498148676	0.0509826260324
-nes	0.0434782608696	0.939130434783	0.0173913043478	0.0
-rso	0.0	1.0	0.0	0.0
-pel	0.0150654768803	0.961525089813	0.00608413489396	0.0173252984123
-tka	0.11875369419	0.717228673679	0.0846392264917	0.079378405639
-bed	0.047619047619	0.952380952381	0.0	0.0
-ias	0.0402553836165	0.868520722865	0.0808354074235	0.0103884860946
-iar	0.0915055762082	0.8543866171	0.0241449814127	0.0299628252788
-blu	0.0205479452055	0.36301369863	0.616438356164	0.0
-kun	0.097277594259	0.874814899191	0.00273379655997	0.0251737099897
-kum	0.0133231995477	0.0416621497033	0.00736577262181	0.937648878127
-kul	0.558441558442	0.363636363636	0.0779220779221	0.0
-ban	0.423921834224	0.135022663044	0.0881235166595	0.352931986072
-uks	0.478468568099	0.231796228107	0.0419489391754	0.247786264619
-bal	0.682481475273	0.160344799873	0.00729048746381	0.14988323739
-bai	0.0666271838911	0.916197808706	0.00533017471127	0.0118448326917
-mku	0.576470588235	0.0705882352941	0.282352941177	0.0705882352941
-hor	0.0	1.0	0.0	0.0
-mka	0.171473332391	0.740703581334	0.0479462097821	0.0398768764931
-bar	0.0947193937958	0.83282026995	0.0681979635331	0.00426237272081
-bas	0.420017201316	0.169479452646	0.0278940259464	0.382609320091
-job	0.0425531914894	0.957446808511	0.0	0.0
-dru	0.00708215297451	0.975920679887	0.0	0.0169971671388
-que	0.0	1.0	0.0	0.0
-asa	0.0937043298851	0.677909275869	0.0925580995501	0.135828294696
-aso	0.0923076923077	0.853846153846	0.0	0.0538461538461
-asi	0.238172920065	0.396411092985	0.12854812398	0.236867862969
-dro	0.0457746478874	0.954225352113	0.0	0.0
-iws	0.356350889076	0.281245552819	0.0673359429464	0.295067615158
-ogo	0.0	1.0	0.0	0.0
-430	0.545454545455	0.0454545454545	0.0	0.409090909091
-rau	0.682394228895	0.155585884188	0.0879313706376	0.0740885162799
-ras	0.464168909249	0.181668355463	0.0742599109352	0.279902824354
-ran	0.0469587141506	0.574850299401	0.366845256855	0.0113457295934
-eri	0.00689876308093	0.838442628526	0.00398379276504	0.150674815628
-iwa	0.126503642627	0.543231490371	0.0628564974304	0.267408369571
-ram	0.529809571233	0.216981385082	0.067629172326	0.185579871359
-rak	0.282376502003	0.280373831776	0.104806408545	0.332443257677
-rah	0.0	1.0	0.0	0.0
-ero	0.03125	0.875	0.0625	0.03125
-iwi	0.633628021876	0.13064311858	0.0197918277078	0.215937031837
-rac	0.0	1.0	0.0	0.0
-swi	0.768571724006	0.106651698007	0.0296911236835	0.0950854543037
-vet	0.0282962071041	0.968091511138	0.0	0.00361228175798
-nri	0.502634587083	0.254596326639	0.0794983275488	0.163270758729
-aza	0.0689655172414	0.862068965517	0.0344827586207	0.0344827586207
-nra	0.134604099674	0.448693341649	0.0395578741496	0.377144684528
-500	0.121149897331	0.205338809035	0.0205338809035	0.652977412731
-lac	0.116912315763	0.883087684237	0.0	0.0
-lal	0.0321616586514	0.351097038819	0.574604251037	0.042137051492
-lam	0.296393301181	0.432507717385	0.0623577611705	0.208741220264
-lan	0.820682648093	0.0481268912891	0.0104905225899	0.120699938028
-lao	0.274725274725	0.681318681319	0.0	0.043956043956
-lah	0.13517746311	0.780692797435	0.0585334352586	0.0255963041972
-lai	0.0675881855568	0.654666614421	0.243951107244	0.0337940927785
-iki	0.495242400801	0.275258702028	0.043134915903	0.186363981267
-lak	0.131802567348	0.775418930621	0.0340282998221	0.0587502022095
-lat	0.0494852975119	0.869593315792	0.038221852929	0.0426995337673
-aal	0.00892857142855	0.991071428571	0.0	0.0
-iku	0.0367286973555	0.950538687561	0.00979431929479	0.00293829578844
-fos	0.0176991150442	0.982300884956	0.0	0.0
-lap	0.678492239468	0.156097560976	0.10421286031	0.0611973392461
-eón	0.356083086053	0.608308605341	0.0	0.0356083086053
-lar	0.362360519959	0.503968710457	0.0950189807891	0.0386517887956
-las	0.179981945385	0.615388335429	0.178998613663	0.0256311055228
-noa	0.02316648782	0.97683351218	0.0	0.0
-noc	0.0487804878049	0.951219512195	0.0	0.0
-ahi	0.559701492537	0.238805970149	0.134328358209	0.0671641791045
-bui	0.289704399826	0.0375572155838	0.00429043988771	0.668447944702
-—ya	0.293246720378	0.437015789992	0.0618663967042	0.207871092926
-sa—	0.219512195122	0.707317073171	0.0	0.0731707317073
-aha	0.0301425348122	0.025346005668	0.00721945234398	0.937292007176
-mya	0.254737132514	0.505469700327	0.131966709443	0.107826457716
-—yu	0.0754716981132	0.367924528302	0.22641509434	0.330188679245
-doc	0.0	1.0	0.0	0.0
-pia	0.0803803893171	0.335304840669	0.0252125736575	0.559102196357
-ges	0.0655737704918	0.901639344262	0.0327868852459	0.0
-ahs	0.457627118644	0.203389830508	0.0	0.338983050847
-dom	0.0	1.0	0.0	0.0
-sut	0.0644989070027	0.126773789421	0.0281129579234	0.780614345653
-get	0.0314136125654	0.929319371728	0.0196335078534	0.0196335078534
-sas	0.00790266655806	0.690554129018	0.00327086883959	0.298272335585
-ión	0.0	0.961538461538	0.0384615384615	0.0
-wra	0.0508278783211	0.78263380824	0.0515979976896	0.114940315749
-sau	0.136094674556	0.757396449704	0.0	0.10650887574
-tiu	0.0229885057472	0.977011494253	0.0	0.0
-wri	0.409258183227	0.478791400349	0.0526825489057	0.0592678675189
-mpa	0.279807904318	0.356441820069	0.174451059161	0.189299216452
-oli	0.0919901278887	0.246129683644	0.648418218533	0.0134619699349
-tor	0.258064516129	0.677419354839	0.0645161290323	0.0
-ibi	0.500076820323	0.333704463831	0.0480445705476	0.118174145298
-yka	0.336428571429	0.597857142857	0.0257142857143	0.04
-sak	0.297067410507	0.419665524866	0.116694455907	0.16657260872
-400	0.383561643836	0.0547945205479	0.013698630137	0.547945205479
-san	0.385452764803	0.482145547687	0.0239189392798	0.10848274823
-sam	0.349110944152	0.413473578763	0.101677936389	0.135737540696
-sal	0.100960490087	0.852901071156	0.00973721847426	0.0364012202829
-lon	0.0092807424594	0.958236658933	0.0092807424594	0.0232018561485
-gku	0.0660904931368	0.74885612608	0.132180986274	0.0528723945094
-iel	0.096907405708	0.888556483436	0.00484537028541	0.00969074057079
-uío	0.0	0.958333333333	0.0	0.0416666666667
-loe	0.0655737704918	0.901639344262	0.0	0.0327868852459
-tea	0.00800000000002	0.976	0.016	0.0
-rod	0.0185603210434	0.923877602207	0.0425131677953	0.0150489089541
-mín	0.0	1.0	0.0	0.0
-rom	0.0455683018213	0.749880654448	0.163033257627	0.0415177861039
-oco	0.0363549769805	0.927448801397	0.00381012859184	0.0323860930306
-los	0.109937590014	0.804128660586	0.011521843495	0.0744119059049
-rwi	0.192307692308	0.807692307692	0.0	0.0
-mar	0.0	1.0	0.0	0.0
-ipo	0.0377358490566	0.962264150943	0.0	0.0
-sar	0.107170616475	0.710858797531	0.146856663873	0.0351139221215
-sât	0.0439393327681	0.406590227031	0.263602352403	0.285868087798
-ipa	0.0907114010563	0.735321528425	0.0900900900901	0.0838769804288
-sâp	0.192740471869	0.210163339383	0.461343012704	0.135753176044
-sâl	0.0292496144369	0.64783464218	0.315895835918	0.00701990746486
-hka	0.337577472946	0.297439026258	0.0809422762604	0.284041224536
-ips	0.297071129707	0.627615062762	0.0753138075314	0.0
-hki	0.19470587642	0.380354824869	0.0887778834949	0.336161415215
-awi	0.637089716473	0.1435367284	0.0854304766816	0.133943078445
-rîs	0.0117799294989	0.949667573959	0.0309223149347	0.00763018160725
-awa	0.149352027403	0.746414621784	0.0742156190423	0.0300177317714
-ila	0.547559023688	0.124891133693	0.0245071103173	0.303042732302
-bâk	0.175743715744	0.0388017388017	0.0136836136836	0.771770931771
-aws	0.387283236994	0.413615928067	0.141297366731	0.0578034682081
-hat	0.0	1.0	0.0	0.0
-pki	0.112179144837	0.703920617724	0.0202290261182	0.16367121132
-pil	0.0961163444059	0.775706494794	0.00879193521732	0.119385225583
-276	0.0	0.15625	0.0	0.84375
-sîp	0.00993804852865	0.981543624161	0.00774393391842	0.000774393391845
-pka	0.189910947613	0.673847432833	0.0669535893385	0.0692880302161
-til	0.063017935874	0.864807676031	0.0287261246149	0.0434482634801
-sto	0.0617193240264	0.924320352682	0.0110213078619	0.00293901542983
-wka	0.178851051788	0.76341854542	0.033959060466	0.0237713423262
-sti	0.388663967611	0.313765182186	0.109311740891	0.188259109312
-ail	0.0193069958607	0.683847942781	0.287191563428	0.00965349793035
-sta	0.277244986922	0.644289450741	0.0784655623365	0.0
-lâs	0.0482996550025	0.286286347955	0.59167077378	0.0737432232627
-cum	0.0346820809249	0.739884393064	0.0867052023121	0.138728323699
-loí	0.0	0.980392156863	0.0196078431373	0.0
-loé	0.113079940484	0.869065332071	0.0178547274449	0.0
-ián	0.0886075949367	0.835443037975	0.0759493670886	0.0
-tit	0.561177077956	0.124935467217	0.011357769747	0.30252968508
-isa	0.544884087565	0.293323749024	0.0476935751121	0.114098588299
-hya	0.10152284264	0.77461928934	0.0263959390863	0.097461928934
-tik	0.12445224487	0.813321632695	0.0466695918263	0.0155565306088
-piu	0.12612760374	0.409217648024	0.0523208135149	0.412333934722
-ooz	0.060606060606	0.939393939394	0.0	0.0
-lel	0.0	1.0	0.0	0.0
-ion	0.0	0.981481481482	0.0	0.0185185185185
-mum	0.0438596491228	0.921052631579	0.0175438596491	0.0175438596491
-muk	0.071441729491	0.552908506673	0.364000890702	0.0116488731337
-leg	0.0	1.0	0.0	0.0
-hri	0.166185350486	0.105998949856	0.0192964032554	0.708519296403
-iua	0.100015124208	0.50813871419	0.0267509421121	0.36509521949
-esé	0.0112994350282	0.988700564972	0.0	0.0
-mus	0.0363466915191	0.932898415657	0.0	0.0307548928238
-hra	0.328158318058	0.330720885863	0.120160113726	0.220960682354
-les	0.0384615384615	0.961538461538	0.0	0.0
-itá	0.158385093168	0.80900621118	0.0232919254658	0.00931677018634
-alt	0.0194805194805	0.688311688312	0.292207792208	0.0
-rro	0.0	0.923076923077	0.0769230769231	0.0
-als	0.730102279217	0.173978505789	0.0214163335237	0.0745028814703
-iud	0.0	1.0	0.0	0.0
-gio	0.05	0.91	0.04	0.0
-gin	0.268041237113	0.60824742268	0.123711340206	0.0
-uda	0.008658008658	0.979797979798	0.00577200577199	0.00577200577202
-ndo	0.0	0.960784313725	0.0392156862745	0.0
-ali	0.184926031819	0.0482263751889	0.0725117082688	0.694335884723
-gia	0.0449438202248	0.887640449438	0.0561797752809	0.0112359550562
-ala	0.0722741572876	0.342993381757	0.291497125782	0.293235335174
-120	0.0178571428571	0.125	0.0	0.857142857143
-mwa	0.0418517517947	0.933967236057	0.0130205450028	0.0111604671453
-mla	0.273003503142	0.409297729927	0.274211483245	0.0434872836864
-abé	0.0250125565043	0.956303365143	0.0126569563034	0.00602712204922
-hmu	0.108689730319	0.642876600381	0.240261509126	0.00817216017435
-gwi	0.500548847421	0.40711564538	0.0690902046877	0.0232453025118
-bîk	0.132519983172	0.743794699201	0.0	0.123685317627
-rku	0.128267403382	0.866267949847	0.00182154892377	0.00364309784754
-rki	0.253056234719	0.508557457213	0.0880195599022	0.150366748166
-153	0.0	0.0196078431373	0.117647058824	0.862745098039
-oré	0.130434782609	0.724637681159	0.0	0.144927536232
-elo	0.0	1.0	0.0	0.0
-per	0.0564263322884	0.877742946708	0.0658307210031	0.0
-bîp	0.235383833249	0.721911540417	0.0274529740722	0.0152516522623
-rka	0.162127435069	0.659291427369	0.0562181311074	0.122363006455
-iya	0.416772554002	0.402795425667	0.0914866581957	0.0889453621347
-pna	0.0198128783709	0.980187121629	0.0	0.0
-ems	0.00221518987342	0.996360759494	0.000949367088607	0.000474683544306
-abu	0.0325413574784	0.925590577984	0.0140921778201	0.027775886718
-leá	0.0	1.0	0.0	0.0
-itu	0.0	0.00757097791798	0.992429022082	0.0
-pni	0.123858929505	0.389230707363	0.406965054088	0.0799453090441
-ter	0.124481327801	0.688796680498	0.186721991701	0.0
-ito	0.0562851782364	0.864915572233	0.0112570356473	0.0675422138837
-tes	0.0	1.0	0.0	0.0
-iti	0.0636968191651	0.895280826857	0.00721096066019	0.0338113933179
-ita	0.140152901266	0.132480501917	0.00162250964858	0.725744087168
-dîa	0.125877868364	0.129761611276	0.00528858006147	0.739071940298
-bru	0.0120240480962	0.948897795591	0.0360721442886	0.00300601202405
-âsa	0.053297656928	0.924959020345	0.00304936843121	0.0186939542956
-fté	0.0	1.0	0.0	0.0
-tbi	0.520590043024	0.278426551936	0.0276582667486	0.173325138291
-—12	0.112878399179	0.117496151873	0.0	0.769625448948
-spo	0.0	1.0	0.0	0.0
-fas	0.147058823529	0.735294117647	0.0	0.117647058824
-bra	0.1724918604	0.703399949665	0.0878760079184	0.036232182017
-alí	0.0	1.0	0.0	0.0
-âta	0.75	0.25	0.0	0.0
-fat	0.0	1.0	0.0	0.0
-bri	0.582107305793	0.0501260782092	0.0416223682475	0.32614424775
-îsa	0.629285014692	0.326028403526	0.0293829578844	0.0153036238982
-hum	0.0	1.0	0.0	0.0
-ksa	0.0700296735905	0.348367952522	0.538872403561	0.0427299703264
-hud	0.0	1.0	0.0	0.0
-gad	0.0	1.0	0.0	0.0
-hli	0.572753748247	0.263294143027	0.012943587531	0.151008521195
-abo	0.0	1.0	0.0	0.0
-lot	0.0159728208509	0.973378631915	0.0	0.0106485472339
-kob	0.0	0.979885057471	0.00383141762452	0.0162835249042
-rui	0.665697674419	0.106104651163	0.167151162791	0.0610465116279
-gbi	0.70265707723	0.0850417910278	0.00324394005996	0.209057191682
-ael	0.0218116387255	0.960194856491	0.0129904327218	0.00500307206179
-sor	0.0	1.0	0.0	0.0
-son	0.0	1.0	0.0	0.0
-oro	0.0128479657387	0.974304068523	0.0128479657387	0.0
-elí	0.0186721991701	0.95643153527	0.0124481327801	0.0124481327801
-kta	0.144794337219	0.705590222351	0.0531288798594	0.0964865605701
-ora	0.0384615384615	0.961538461538	0.0	0.0
-ord	0.014984450099	0.970879276223	0.0124399208369	0.00169635284139
-aba	0.214064115822	0.35677352637	0.101344364012	0.327817993795
-tna	0.0899233095888	0.717265597291	0.0375554920526	0.155255601068
-lix	0.0882352941176	0.873949579832	0.0063025210084	0.031512605042
-kra	0.121615906892	0.689824636828	0.0639498278058	0.124609628474
-lit	0.0535183349851	0.842418235877	0.0951437066402	0.00891972249752
-rus	0.0859294080153	0.818261493108	0.031272408573	0.0645366903036
-rup	0.439655172414	0.543103448276	0.0172413793103	0.0
-lip	0.0156111406777	0.977736384602	0.00292708887707	0.00372538584353
-rut	0.0	1.0	0.0	0.0
-kri	0.625678019579	0.161793602733	0.0394696572078	0.17305872048
-ico	0.0963494913226	0.853381208857	0.0430879712747	0.00718132854577
-lim	0.0	1.0	0.0	0.0
-lin	0.324863909357	0.229884098681	0.362701886735	0.082550105227
-ipi	0.644340514915	0.301086811459	0.0258502138227	0.0287224598031
-rum	0.0714285714286	0.658210947931	0.238317757009	0.0320427236315
-oma	0.00506950358916	0.969582978465	0.0202780143566	0.00506950358916
-rug	0.0456680161943	0.681457489879	0.243724696356	0.0291497975708
-hks	0.270034843206	0.531358885017	0.114982578397	0.0836236933798
-lni	0.690408379545	0.0506884781252	0.00863010474431	0.250273037585
-eas	0.0310880829016	0.888082901554	0.0497409326424	0.0310880829016
-nâk	0.819875776398	0.0372670807453	0.0496894409938	0.0931677018634
-pât	0.366706239517	0.416586004014	0.101122628952	0.115585127517
-lna	0.470249520154	0.291746641075	0.0460652591171	0.191938579655
-abi	0.701109656438	0.137858469833	0.0141666476588	0.146865226071
-gat	0.0	0.968253968254	0.0	0.031746031746
-ode	0.0	1.0	0.0	0.0
-rna	0.205635654983	0.174003592862	0.401410135351	0.218950616803
-wik	0.0362042682927	0.658155487805	0.0144817073171	0.291158536585
-zar	0.0	1.0	0.0	0.0
-pân	0.322580645161	0.629032258065	0.0161290322581	0.0322580645161
-zer	0.0	1.0	0.0	0.0
-ard	0.0	0.954372623574	0.0304182509506	0.0152091254753
-hni	0.0936864545259	0.701868156237	0.132181324129	0.0722640651077
-uro	0.136363636364	0.625	0.238636363636	0.0
-ura	0.143690234725	0.305490676365	0.267028554545	0.283790534366
-hna	0.060120240481	0.805611222445	0.114228456914	0.0200400801603
-lwi	0.273115220484	0.371266002845	0.28733997155	0.0682788051209
-hnu	0.457256461233	0.262425447316	0.226640159046	0.0536779324056
-pah	0.396333299001	0.337521886909	0.184365022144	0.0817797919456
-pai	0.00270513976556	0.978358881876	0.0	0.0189359783589
-dur	0.0538931808175	0.898977559844	0.0209463374837	0.0261829218546
-apa	0.279909376794	0.236400973099	0.0680401107252	0.415649539382
-pal	0.027932652139	0.899326066249	0.00429132923923	0.0684499523727
-war	0.115841123909	0.833335055007	0.021197252208	0.0296265688756
-pan	0.432868335061	0.243697589271	0.112006404115	0.211427671553
-wap	0.515938606848	0.343565525384	0.101534828808	0.0389610389611
-api	0.597182369198	0.259256910646	0.0654470320286	0.0781136881265
-pad	0.137295081967	0.81393442623	0.00860655737704	0.0401639344262
-sno	0.0258620689655	0.974137931034	0.0	0.0
-aps	0.67790192199	0.271099951768	0.0286087049647	0.0223894212767
-aín	0.0344827586207	0.931034482759	0.0344827586207	0.0
-wan	0.228900505917	0.331487063426	0.0267225899529	0.412889840704
-par	0.0641975308642	0.827160493827	0.108641975309	0.0
-wal	0.032429245283	0.0177464305941	0.00682304241557	0.943001281707
-wak	0.627052511787	0.234433425459	0.088440903918	0.0500731588359
-wah	0.0928607089366	0.869695456815	0.0274588117823	0.0099850224663
-lus	0.343612334802	0.577092511013	0.0396475770925	0.0396475770925
-uhs	0.425605536332	0.444636678201	0.0	0.129757785467
-ken	0.0335195530726	0.949720670391	0.0111731843575	0.00558659217877
-kel	0.0685714285714	0.897142857143	0.0	0.0342857142857
-sus	0.0140941904435	0.976624269508	0.00618769336542	0.00309384668271
-sop	0.0454545454545	0.893939393939	0.060606060606	0.0
-omé	0.0	0.981481481482	0.0185185185185	0.0
-sua	0.150943396226	0.849056603774	0.0	0.0
-wâp	0.101785714286	0.855357142857	0.0428571428571	0.0
-zín	0.0213488597768	0.978651140223	0.0	0.0
-dia	0.0184022911462	0.953445859485	0.00877460240082	0.0193772469685
-dil	0.0481927710843	0.929901423877	0.0	0.0219058050383
-din	0.276041666667	0.372665229885	0.327586206897	0.0237068965517
-dio	0.0833333333333	0.916666666667	0.0	0.0
-dih	0.569271758437	0.169626998224	0.237122557726	0.0239786856128
-fes	0.193548387097	0.741935483871	0.0322580645161	0.0322580645161
-tus	0.0783923597294	0.856744926383	0.0179068842022	0.0469558296857
-sla	0.264265899781	0.257452409981	0.0166542289806	0.461627461257
-dis	0.534429329272	0.332685540207	0.10977467304	0.023110457482
-feo	0.0	1.0	0.0	0.0
-ang	0.0100060669177	0.0121263975069	0.00226118156327	0.975606354012
-wâl	0.0242047368943	0.0152611237737	0.0504657615697	0.910068377762
-ska	0.136069461081	0.519035341165	0.129945836766	0.214949360988
-mec	0.0	1.0	0.0	0.0
-ski	0.418681980875	0.309087583529	0.195690180613	0.0765402549833
-sec	0.0	1.0	0.0	0.0
-sks	0.567620927937	0.340572556762	0.00296150049358	0.0888450148074
-200	0.133995037221	0.285359801489	0.119106699752	0.461538461539
-sku	0.228058361392	0.134006734007	0.0619528619528	0.575982042649
-kli	0.138504702612	0.0567621797433	0.0388626081128	0.765870509532
-ihu	0.106371490281	0.541936645068	0.284737221022	0.0669546436285
-ant	0.582999395325	0.223029594936	0.0433179943905	0.150653015349
-uki	0.414759304879	0.146464529548	0.0433373663146	0.395438799259
-kla	0.173775671406	0.781990521327	0.0221169036335	0.0221169036335
-kki	0.321640582839	0.584997301673	0.0464112250405	0.0469508904479
-ait	0.22795389049	0.573775216138	0.12795389049	0.0703170028819
-ngs	0.567894595321	0.396611992471	0.0	0.0354934122076
-ais	0.301737529645	0.504928436776	0.0342862197259	0.159047813853
-air	0.0192307692308	0.980769230769	0.0	0.0
-kka	0.255596954892	0.562852658215	0.101536392424	0.0800139944701
-aia	0.54981585362	0.222750386541	0.0448910554866	0.182542704352
-tia	0.355214771927	0.314020812143	0.19051717393	0.140247242
-aim	0.274015748032	0.533858267717	0.0661417322834	0.125984251968
-tim	0.377672209026	0.270783847981	0.351543942993	0.0
-tin	0.0201668657035	0.0182989791963	0.00184100649577	0.959693148604
-tio	0.0481927710843	0.746987951807	0.180722891566	0.0240963855422
-lón	0.0	0.959302325581	0.0406976744186	0.0
-aih	0.0944633954343	0.421674101286	0.342954605091	0.140907898189
-aik	0.402848355175	0.163546402781	0.0598422037978	0.373763038246
-erí	0.0	1.0	0.0	0.0
-hma	0.192660085321	0.265211817451	0.468975207689	0.0731528895391
-uwi	0.241992882562	0.34131349078	0.170818505338	0.24587512132
-260	0.0461538461538	0.123076923077	0.0307692307692	0.8
-pît	0.127840909091	0.732954545455	0.0	0.139204545455
-pîs	0.234716826825	0.636066244122	0.0576569208751	0.0715600081783
-jan	0.0277645667571	0.900741673843	0.0122112677867	0.0592824916128
-das	0.0487547659609	0.924799221222	0.0045428733674	0.02190313945
-mma	0.708182476466	0.127081824765	0.05358435916	0.111151339609
-dal	0.690909090909	0.163636363636	0.145454545455	0.0
-set	0.0	1.0	0.0	0.0
-cio	0.109756097561	0.890243902439	0.0	0.0
-ana	0.315285980743	0.37158152823	0.0590387716102	0.254093719417
-int	0.103791540263	0.767801321906	0.107090537875	0.0213165999562
-cia	0.0255083179298	0.937892791128	0.0321626617375	0.00443622920518
-mda	0.0	0.986111111111	0.0138888888889	0.0
-dan	0.111956866476	0.782746590549	0.0485252140818	0.0567713288932
-tni	0.117058858751	0.665139811987	0.0749955092509	0.142805820011
-lri	0.839232260851	0.0616300685317	0.00600076694783	0.0931369036695
-îla	0.189743869677	0.517517832601	0.0369877878188	0.255750509904
-lra	0.18026615768	0.537140130428	0.271459625683	0.0111340862096
-liv	0.13013013013	0.771771771772	0.0960960960961	0.002002002002
-quí	0.0	1.0	0.0	0.0
-rts	0.0308349947623	0.908956509985	0.0285118102254	0.0316966850269
-—ju	0.579617834395	0.248407643312	0.114649681529	0.0573248407644
-000	0.0825080537504	0.169457182791	0.0174282854393	0.730606478019
-eta	0.0	0.988206388206	0.0	0.0117936117936
-lir	0.20203892493	0.678405931418	0.0639481000927	0.0556070435589
-kus	0.060543414058	0.898700531601	0.02658003544	0.0141760189014
-lis	0.134528430662	0.64307042614	0.0309260760142	0.191475067184
-eto	0.0150943396226	0.977358490566	0.00754716981134	0.0
-rco	0.00787401574803	0.992125984252	0.0	0.0
-buk	0.371255524636	0.298739564577	0.302504501555	0.0275004092323
-edi	0.0111880660629	0.976025572722	0.00958977091103	0.00319659030367
-âwi	0.735334885784	0.175676424928	0.047959636283	0.0410290530051
-bul	0.0680272108843	0.918367346939	0.0	0.0136054421769
-uya	0.427080660005	0.186614992196	0.162523001313	0.223781346486
-wer	0.349849386108	0.621423485429	0.0176394648458	0.0110876636173
-ías	0.0217674763265	0.937291142668	0.0264914818272	0.0144498991785
-tku	0.417498532002	0.556077510276	0.0	0.0264239577217
-âwa	0.0109970674487	0.981304985337	0.00329912023461	0.00439882697948
-300	0.191780821918	0.260273972603	0.219178082192	0.328767123288
-bub	0.12677484787	0.867139959432	0.00608519269776	0.0
-lio	0.0768725361366	0.88173455979	0.0137976346912	0.0275952693824
-dab	0.0	1.0	0.0	0.0
-ata	0.661868166203	0.173926668472	0.0471623530738	0.117042812251
-ato	0.0	1.0	0.0	0.0
-666	0.263157894737	0.0	0.0	0.736842105263
-pma	0.540532978947	0.459467021053	0.0	0.0
-ati	0.113156647329	0.845262939302	0.0124120636924	0.0291683496771
-kak	0.405714285714	0.452857142857	0.111428571429	0.03
-nis	0.153604910476	0.32099917935	0.440390006986	0.0850059031877
-ulh	0.150276243094	0.699447513812	0.075138121547	0.075138121547
-ian	0.148734275029	0.725404135629	0.0818471239143	0.0440144654282
-emá	0.0138408304498	0.965397923875	0.0207612456748	0.0
-kan	0.642779508962	0.0936398966369	0.0220401054429	0.241540488958
-nit	0.463917525773	0.376288659794	0.134020618557	0.0257731958763
-îks	0.89167842031	0.0552891396333	0.0143864598025	0.0386459802539
-sbi	0.381465517241	0.29525862069	0.084051724138	0.239224137931
-osi	0.0	1.0	0.0	0.0
-hta	0.192741767358	0.669966288368	0.0175215945631	0.119770349711
-bûi	0.63717367516	0.10850674489	0.0103449227119	0.243974657238
-lén	0.0	1.0	0.0	0.0
-nia	0.0150615496017	0.949022447502	0.0295438088342	0.00637219406227
-îka	0.117203977102	0.839409460681	0.0144621874058	0.0289243748117
-kas	0.251274381398	0.340308302675	0.360708618128	0.0477086977988
-nik	0.632352941176	0.102941176471	0.205882352941	0.0588235294118
-kap	0.410582374162	0.316955849511	0.0362480673424	0.236213708985
-nin	0.353812332313	0.387822520595	0.179624617348	0.0787405297434
-ice	0.0635451505017	0.886287625418	0.0234113712375	0.0267558528428
-kau	0.0735374234399	0.0383717126336	0.189114576312	0.698976287615
-kat	0.138919282349	0.0454341460058	0.0332990186369	0.782347553009
-—âu	0.10289544001	0.1011870866	0.0236541241404	0.772263349249
-neo	0.0149253731343	0.746268656716	0.0	0.238805970149
-îli	0.224658706747	0.288110007103	0.00586632986669	0.481364956284
-gni	0.100113690585	0.651384929496	0.225827228991	0.0226741509271
-nós	0.0	1.0	0.0	0.0
-mta	0.6375	0.075	0.05625	0.23125
-nón	0.0545454545454	0.468181818182	0.477272727273	0.0
-ría	0.0124481327801	0.655601659751	0.331950207469	0.0
-uhi	0.612830613393	0.245287000563	0.0657006190208	0.0761817670231
-sha	0.0	0.93839835729	0.0492813141684	0.0123203285421
-sba	0.0235775523785	0.896058251726	0.0268109020491	0.0535532938468
-—lî	0.594059405941	0.227722772277	0.059405940594	0.118811881188
-yui	0.579272054287	0.305983960518	0.0499691548427	0.0647748303517
-mra	0.196739283414	0.227567462833	0.0641629270852	0.511530326668
-yul	0.0444444444444	0.889711934156	0.0658436213992	0.0
-ilp	0.523412632715	0.274461397962	0.056947752665	0.145178216658
-yua	0.0202749958202	0.874604095973	0.0069849833161	0.0981359248907
-mri	0.491228070176	0.157894736842	0.140350877193	0.210526315789
-lia	0.208495917588	0.573953612205	0.160634814142	0.0569156560648
-bus	0.614431066641	0.194172846928	0.0198516797651	0.171544406666
-ilo	0.030612244898	0.969387755102	0.0	0.0
-yus	0.363872403561	0.435830860534	0.115727002967	0.0845697329377
-fás	0.0294117647059	0.901960784314	0.00980392156862	0.0588235294117
-ili	0.016236597753	0.951533883958	0.0252270045657	0.00700251372287
-lma	0.148665940504	0.58261862713	0.167231734013	0.101483698354
-oam	0.0	1.0	0.0	0.0
-tki	0.531147374307	0.333841695897	0.0715266127803	0.0634843170149
-âli	0.732801595214	0.18677301429	0.0365569956796	0.0438683948155
-amp	0.0458060231458	0.878726676425	0.0518133704437	0.0236539299852
-ebe	0.5	0.483333333333	0.0	0.0166666666667
-ami	0.577919892292	0.373948165601	0.0228879165264	0.0252440255806
-kwi	0.498355509045	0.384362386007	0.0554641949469	0.0618179100015
-atá	0.00184615384615	0.983384615385	0.0	0.0147692307693
-ama	0.281489103947	0.196637864352	0.0469216706681	0.474951361033
