-cab	0.149586227507	0.0456386445984	0.0241751604814	0.780599967413
-caa	0.0535714285714	0.90625	0.0401785714286	0.0
-pnä	0.381355457144	0.306631537642	0.195302427266	0.116710577947
-caj	0.168615977577	0.083179167516	0.0329806215216	0.715224233385
-eus	0.029608045869	0.900742550992	0.0696494031394	0.0
-aja	0.0676691729323	0.729323308271	0.0451127819549	0.157894736842
-cas	0.0497815041126	0.408779136684	0.00393011874573	0.537509240458
-iva	0.114486391572	0.820544337138	0.0280948200175	0.0368744512731
-̃än	0.352246795552	0.429476466034	0.0499525091773	0.168324229237
-cap	0.287482182195	0.605610988726	0.0317480886355	0.0751587404432
-ive	0.0442477876106	0.955752212389	0.0	0.0
-rbe	0.00976403580146	0.990235964199	0.0	0.0
-eví	0.0218358269308	0.904164981804	0.0388192478771	0.0351799433885
-aan	0.16743304128	0.730280591684	0.0596670474379	0.0426193195985
-caz	0.0	1.0	0.0	0.0
-cay	0.470269040242	0.355677501794	0.0900593393897	0.0839941185737
-ajc	0.167410385236	0.47489942601	0.0768680690083	0.280822119745
-'tä	0.428571428572	0.054945054945	0.384615384615	0.131868131868
-ivo	0.165919282511	0.834080717489	0.0	0.0
-øøn	0.102171343912	0.71901209866	0.0975940142465	0.0812225431816
-øøm	0.236641221374	0.602290076336	0.119847328244	0.0412213740458
-dío	0.106132075472	0.661556603774	0.123820754717	0.108490566038
-øøc	0.377731370026	0.362114775324	0.119696545122	0.140457309528
-øøb	0.525592055004	0.245225362872	0.178762414057	0.0504201680672
-idä	0.297734627832	0.0660194174757	0.0343042071198	0.601941747573
-øøg	0.113999639451	0.420844365263	0.2054149107	0.259741084586
-rpä	0.0	0.898148148148	0.0277777777778	0.0740740740741
-obä	0.276571832389	0.376096738626	0.208032319999	0.139299108986
-øød	0.112130118992	0.18847081627	0.0466674778375	0.6527315869
-hby	0.239525944907	0.571044202434	0.0659833440103	0.123446508648
-biä	0.174325140775	0.17211696618	0.0457075189466	0.607850374099
-øøx	0.14353041988	0.747215081405	0.0321336760926	0.0771208226221
-näm	0.220019821606	0.13082259663	0.168483647175	0.480673934589
-ufo	0.0	1.0	0.0	0.0
-aum	0.0168471720818	0.97833935018	0.0	0.00481347773767
-oyy	0.808349843735	0.117939418657	0.0169324747786	0.0567782628291
-c̈h	0.141724556255	0.112697042779	0.0236935720194	0.721884828947
-cxy	0.569063241487	0.102238865442	0.0195798639544	0.309118029117
-edy	0.0416696805662	0.840926352982	0.0143867842507	0.103017182201
-ejä	0.471667104917	0.183407835919	0.0956481724954	0.249276886668
-län	0.0665759019742	0.753710006807	0.179714091218	0.0
-nto	0.186491708983	0.772614928324	0.0170763492563	0.0238170134364
-cxp	0.502768872049	0.270329350044	0.0284173710289	0.198484406878
-nte	0.0	1.0	0.0	0.0
-uan	0.0601557670586	0.859681137529	0.0113391775636	0.0688239178486
-äxä	0.518243559973	0.301415380728	0.0604355763091	0.11990548299
-wxä	0.556403050984	0.293054997993	0.0	0.150541951024
-syä	0.101449275362	0.0772946859903	0.0386473429952	0.782608695652
-näc	0.377687391052	0.302730970366	0.124927367809	0.194654270773
-eña	0.501492537313	0.411940298508	0.0388059701492	0.0477611940299
-xtä	0.131469487983	0.22612292064	0.0563929168374	0.58601467454
-pre	0.0159659393294	0.959552953699	0.0	0.0244811069718
-opy	0.1758554266	0.572938632498	0.0489029827922	0.20230295811
-'iy	0.549206349206	0.393650793651	0.0190476190476	0.0380952380952
-car	0.0	0.974413646055	0.0	0.0255863539446
-jiä	0.301286164591	0.59794510217	0.0529881404939	0.0477805927453
-aré	0.0	1.0	0.0	0.0
-dsä	0.260303999835	0.287128901411	0.0982128430148	0.354354255739
-oco	0.205623901582	0.794376098418	0.0	0.0
-cor	0.0	1.0	0.0	0.0
-yäm	0.351848307763	0.333324800583	0.0967389255124	0.218087966141
-zor	0.0	1.0	0.0	0.0
-tín	0.0	0.382470119522	0.617529880478	0.0
-mán	0.0415992604576	0.958400739542	0.0	0.0
-'ig	0.315653577192	0.546637977407	0.0823023130715	0.0554061323292
-ope	0.0356400356401	0.908226908227	0.01782001782	0.0383130383131
-xøt	0.0	1.0	0.0	0.0
-läm	0.445647466436	0.229536595929	0.0259852750108	0.298830662625
-opc	0.0822483188564	0.714592785621	0.0475875180432	0.155571377479
-'ty	0.186884356008	0.54887596894	0.13948438745	0.124755287602
-sip	0.267271334096	0.44100751888	0.06960325525	0.222117891774
-'ts	0.199724094218	0.769795773795	0.0187354939739	0.0117446380135
-deo	0.00521134916039	0.946149392009	0.0156340474812	0.0330052113491
-imb	0.180620331627	0.615439951083	0.0363278861487	0.167611831141
-xnä	0.504368190705	0.235566626564	0.0453389914715	0.214726191259
-iúṉ	0.373850013939	0.308056872038	0.128240869808	0.189852244215
-imo	0.0426179604262	0.611364789447	0.0426179604262	0.303399289701
-ido	0.0545454545455	0.563636363636	0.0545454545455	0.327272727273
-bit	0.626449040156	0.287304089771	0.0361680422888	0.0500788277845
-ech	0.428000679224	0.315666840744	0.0522842102902	0.204048269742
-obo	0.0494920552227	0.939344323298	0.00223272429576	0.00893089718305
-rpo	0.0	0.926560587515	0.0	0.0734394124847
-ocx	0.0833333333334	0.145833333333	0.375	0.395833333333
-rpa	0.109574055122	0.890425944878	0.0	0.0
-eca	0.388330757342	0.287094281298	0.270479134467	0.0540958268934
-llo	0.0843229047727	0.741836035625	0.137873943823	0.0359671157799
-hbä	0.389014979573	0.33408987744	0.167952791648	0.108942351339
-ñdy	0.192579415644	0.446743240073	0.192706373708	0.167970970575
-btä	0.430167597765	0.351955307263	0.0670391061453	0.150837988827
-ecy	0.213384191238	0.327583663089	0.0269247271578	0.432107418515
-oby	0.454570158859	0.331287916816	0.0934310309117	0.120710893413
-bic	0.297352342159	0.488798370672	0.213849287169	0.0
-bia	0.0762711864406	0.906779661017	0.0169491525424	0.0
-nsä	0.0656655134044	0.811464446743	0.0289083721016	0.0939616677507
-øøñ	0.50453446191	0.337767029424	0.0576884320839	0.100010076582
-hec	0.367346938775	0.510204081633	0.102040816327	0.0204081632653
-ids	0.0931788198886	0.748747264018	0.0290710650286	0.129002851065
-ect	0.136585365854	0.863414634146	0.0	0.0
-ter	0.0235294117647	0.952941176471	0.0235294117647	0.0
-ejc	0.299634243914	0.439135901246	0.0304034746829	0.230826380158
-øñä	0.389661599034	0.368841610222	0.0962614184184	0.145235372325
-ria	0.0359599047063	0.899761765631	0.0094394749854	0.054838854677
-rio	0.178127120561	0.704931011083	0.0239764759104	0.0929653924452
-a'p	0.382539569371	0.316145016398	0.161418971909	0.139896442321
-ntä	0.363223326177	0.285086624395	0.192420989565	0.159269059863
-ejp	0.331635490043	0.418227098863	0.121820167741	0.128317243353
-tea	0.0356612184249	0.955423476969	0.0	0.00891530460624
-utp	0.464944649446	0.380073800738	0.0885608856089	0.0664206642066
-een	0.34966814121	0.0960884760175	0.0280492264436	0.526194156329
-ejt	0.402713984917	0.454899309056	0.083582845616	0.0588038604112
-ris	0.0743801652893	0.925619834711	0.0	0.0
-äxa	0.647482014389	0.201438848921	0.107913669065	0.0431654676259
-gre	0.385714285714	0.214285714286	0.4	0.0
-a'c	0.189836812324	0.402718725242	0.126588798686	0.280855663748
-ejy	0.197735447996	0.54323988452	0.0200873841124	0.238937283372
-a'a	0.0269030406835	0.0246337849053	0.00381880154253	0.944644372869
-uty	0.516430111182	0.329428944501	0.0484442967851	0.105696647531
-cxä	0.523814786959	0.252091235278	0.0535692302439	0.17052474752
-teo	0.0296751000475	0.936890953899	0.0071220240114	0.0263119220421
-e'e	0.255056905952	0.0843360951185	0.0150093981398	0.645597600789
-jim	0.27894380501	0.585646580907	0.0	0.135409614083
-e'c	0.64010989011	0.131868131868	0.0796703296703	0.148351648352
-ara	0.0342256447867	0.935826916025	0.00171128223934	0.028236156949
-mes	0.0	0.932371124327	0.0676288756729	0.0
-jii	0.260681515257	0.212960901483	0.105893423814	0.420464159446
-aro	0.0366013071896	0.797712418301	0.0186274509804	0.147058823529
-rón	0.00904704463211	0.986429433052	0.00452352231604	0.0
-jia	0.276002272867	0.0516830517849	0.0321066040149	0.640208071334
-bi'	0.0551422319475	0.382582056893	0.507133479212	0.0551422319475
-̱dä	0.160139251523	0.794604003481	0.00348128807659	0.0417754569191
-mea	0.0	1.0	0.0	0.0
-mec	0.0	1.0	0.0	0.0
-día	0.0137080191912	0.561343385881	0.363262508568	0.0616860863606
-aw̱	0.409461663948	0.21207177814	0.0	0.378466557912
-mei	0.0	1.0	0.0	0.0
-nds	0.187769594002	0.290765016161	0.400771384286	0.120694005551
-ux̱	0.115384615385	0.884615384615	0.0	0.0
-wäm	0.711111111111	0.288888888889	0.0	0.0
-tyä	0.655946148093	0.314136125654	0.0224382946896	0.0074794315632
-aya	0.0	1.0	0.0	0.0
-ägä	0.266680605502	0.148842829822	0.0637157128371	0.520760851839
-jcä	0.396494344801	0.299539977409	0.102693110114	0.201272567677
-'eb	0.0377906976744	0.905523255814	0.0	0.0566860465116
-jcø	0.09375	0.796875	0.109375	0.0
-typ	0.0808562090574	0.733216816151	0.0566610291932	0.129265945598
-biø	0.173577627772	0.756991321119	0.0	0.069431051109
-'pä	0.429723893188	0.432351689299	0.0698280729846	0.0680963445286
-cän	0.121405276091	0.718041492421	0.0619925558335	0.0985606756553
-bät	0.390827822101	0.413190629486	0.126980553786	0.0690009946261
-ecä	0.435838811089	0.524149757073	0.0142897970849	0.0257216347528
-ayy	0.534270727899	0.0919945984437	0.0153812144027	0.358353459255
-bás	0.0203274985883	0.947487295313	0.0254093732355	0.0067758328628
-̃dy	0.0743924125666	0.767338470658	0.142264374629	0.0160047421458
-uby	0.638302266032	0.299609020072	0.0136292298797	0.0484594840166
-exy	0.237288135593	0.542372881356	0.101694915254	0.118644067797
-aón	0.0223048327137	0.977695167286	0.0	0.0
-móṉ	0.495978552279	0.12600536193	0.345844504021	0.0321715817695
-øøy	0.531019202363	0.258493353028	0.0576070901034	0.152880354505
-øxä	0.270085470085	0.540170940171	0.0871794871795	0.102564102564
-emy	0.266158258163	0.382877829964	0.161529194967	0.189434716906
-dán	0.0607060144571	0.874728051091	0.0336865744964	0.0308793599551
-øgy	0.362768797328	0.352204739976	0.0839942056638	0.201032257032
-xad	0.0	1.0	0.0	0.0
-cnä	0.388001914615	0.350548202174	0.109834145878	0.151615737333
-nta	0.0760233918129	0.914046121593	0.0	0.00993048659384
-cts	0.121494006547	0.461437015755	0.117043072793	0.300025904905
-ota	0.0	1.0	0.0	0.0
-tán	0.0163265306122	0.964835164835	0.00565149136577	0.0131868131869
-ote	0.0114883839673	0.982384477917	0.0	0.00612713811591
-w̱a	0.627670940171	0.0803952991454	0.011217948718	0.280715811966
-jéṉ	0.189912826899	0.768057285181	0.0373599003736	0.00466998754669
-søc	0.292338308458	0.246331976481	0.0443238353687	0.417005879692
-umy	0.157636975819	0.719620446893	0.108968472605	0.0137741046832
-̱ät	0.468572853811	0.310333506189	0.111517600449	0.109576039551
-søg	0.434495968022	0.159127815792	0.0455939707699	0.360782245416
-ume	0.0494966442953	0.814597315436	0.0385906040269	0.0973154362416
-ots	0.675624048826	0.253098671101	0.0214435884965	0.0498336915763
-ijp	0.360223165269	0.385385480132	0.112174208575	0.142217146024
-oty	0.100979766825	0.794219975869	0.0295214971336	0.0752787601716
-pøṉ	0.0874697307374	0.295675066398	0.00591704417433	0.61093815869
-ijx	0.42931101734	0.34225736676	0.0641112017305	0.16432041417
-ijy	0.385714894432	0.14825681649	0.0676939215741	0.398334367504
-gäm	0.311182777448	0.57113355399	0.0288551302724	0.0888285382896
ALL	0.220821866084	0.254778294553	0.0479146136733	0.476485225689
-nan	0.14224137931	0.762931034483	0.0948275862069	0.0
-nam	0.0	1.0	0.0	0.0
-dea	0.0137998575499	0.966435185185	0.00908119658119	0.0106837606837
-nac	0.538188277087	0.280639431616	0.0	0.181172291297
-naa	0.163668600445	0.129419440859	0.0320846512815	0.674827307414
-dab	0.0	1.0	0.0	0.0
-aús	0.151785714286	0.830357142857	0.0	0.0178571428571
-aúl	0.57225433526	0.352601156069	0.0231213872832	0.0520231213873
-pcä	0.250273868712	0.384006067245	0.333277155136	0.032442908907
-sio	0.0	1.0	0.0	0.0
-nas	0.0335097001764	0.966490299824	0.0	0.0
-sia	0.00930713547052	0.988624612203	0.0	0.00206825232679
-hcä	0.0	0.967857142857	0.0321428571428	0.0
-jch	0.714798871002	0.14919349801	0.0458083540381	0.0901992769501
-ayä	0.239904610965	0.349312629105	0.141792506589	0.268990253342
-iw̱	0.256880733945	0.660550458716	0.0550458715597	0.0275229357798
-mos	0.0263264479547	0.949372215472	0.0243013365735	0.0
-øm̱	0.293077670532	0.533720282438	0.0689978622789	0.104204184751
-goo	0.335877862595	0.181679389313	0.15572519084	0.326717557252
-gon	0.0340909090909	0.965909090909	0.0	0.0
-cpä	0.179166501233	0.237940546538	0.212911208607	0.369981743623
-igo	0.0340601846975	0.916429649917	0.0112363495909	0.0382738157941
-gog	0.0159574468085	0.952127659574	0.031914893617	0.0
-goy	0.304150026761	0.500247025402	0.117584091564	0.0780188562724
-jcy	0.503058611915	0.271634812507	0.0791325450875	0.146174030491
-aán	0.12462006079	0.671732522796	0.16717325228	0.0364741641337
-ønä	0.558104852587	0.306298038316	0.122978088792	0.0126190203052
-'xy	0.473600413786	0.311612305525	0.0681597999775	0.146627480711
-mor	0.0413793103448	0.91724137931	0.0413793103448	0.0
-ooñ	0.229343097547	0.104378895117	0.00985285494143	0.656425152395
-u'u	0.105048265307	0.479566488602	0.215964893205	0.199420352886
-con	0.261139896373	0.738860103627	0.0	0.0
-iiṉ	0.301700984781	0.402417188899	0.0501342882721	0.245747538048
-utä	0.216991963261	0.57634902411	0.0309988518944	0.175660160735
-uip	0.182814302192	0.448096885813	0.138408304498	0.230680507497
-u'p	0.0	1.0	0.0	0.0
-ber	0.0	1.0	0.0	0.0
-ixy	0.062874251497	0.840284947347	0.0621515589511	0.0346892422052
-eos	0.0128797424051	0.944561108778	0.00503989920202	0.037519249615
-eor	0.0	1.0	0.0	0.0
-bet	0.236556631284	0.465117109482	0.0114502817341	0.286875977499
-cob	0.00210157618214	0.997898423818	0.0	0.0
-ixc	0.105882352941	0.885294117647	0.00882352941177	0.0
-huc	0.018872870249	0.981127129751	0.0	0.0
-yaa	0.279124132921	0.0912272577065	0.0202349452453	0.609413664127
-beo	0.05	0.875	0.05	0.025
-bel	0.0620307692308	0.829415384615	0.0376615384615	0.0708923076923
-uhṉ	0.314906236038	0.0307449101648	0.00434439029127	0.650004463506
-exä	0.688810768584	0.294363319512	0.00420647797607	0.0126194339283
-øxp	0.248678539934	0.457266419866	0.0550745928898	0.23898044731
-ubä	0.334747447965	0.413363383269	0.23598037916	0.0159087896062
-bed	0.24	0.76	0.0	0.0
-øjt	0.126643893399	0.504158388526	0.0790856973531	0.290112020722
-ijä	0.17539895101	0.326191273295	0.187897556076	0.310512219618
-zín	0.0	0.877551020408	0.0979591836734	0.0244897959184
-w̱ä	0.53082202642	0.152954411049	0.0788763294523	0.237347233079
-otä	0.224608029818	0.454482842442	0.185755378195	0.135153749544
-reo	0.175241227121	0.729349660335	0.0954091125437	0.0
-miṉ	0.638456731244	0.123540440088	0.00670986415813	0.23129296451
-ä'ä	0.212244374656	0.127968003818	0.0523835770197	0.607404044506
-rea	0.0345427768108	0.914981925291	0.00803320390949	0.0424420939885
-coo	0.0346285240627	0.00548283776174	0.002530610191	0.957358027985
-red	0.0	1.0	0.0	0.0
-upy	0.0	0.976557267247	0.0187541862023	0.00468854655057
-søø	0.160328567082	0.346820809249	0.0	0.492850623669
-umä	0.222399150743	0.40127388535	0.120488322718	0.255838641189
-rey	0.0821454895136	0.750901409114	0.0159727340721	0.1509803673
-oṉ̃	0.452363401229	0.273655350792	0.166616230197	0.107365017782
-upc	0.0898432521982	0.72664712629	0.0229387026889	0.160570918822
-res	0.012955465587	0.943319838057	0.00971659919028	0.034008097166
-iaj	0.00558221135316	0.960525791146	0.0	0.0338919975013
-ret	0.0302800908403	0.959913288831	0.00154841373615	0.0082582065928
-dia	0.0673868862979	0.81468606268	0.0	0.117927051022
-may	0.132243080617	0.178914290475	0.487397020115	0.201445608793
-haa	0.151801651259	0.264624884452	0.0873228011976	0.496250663091
-hab	0.0116099071207	0.988390092879	0.0	0.0
-hac	0.167887558811	0.782919421118	0.0491930200703	0.0
-jut	0.209891681995	0.629470672389	0.0564071122011	0.104230533415
-naí	0.00627615062761	0.945606694561	0.0	0.0481171548117
-gät	0.463353258017	0.316164180167	0.096546017784	0.123936544031
-mas	0.112858793211	0.788500844219	0.0	0.0986403625699
-mar	0.0	1.0	0.0	0.0
-ham	0.0230810600322	0.931134944926	0.0138119513626	0.0319720436797
-̱by	0.391522148299	0.353996889578	0.0793437467875	0.175137215336
-hap	0.0687717445298	0.795176449725	0.020523504912	0.115528300833
-ctä	0.0	0.398808449179	0.0216645603899	0.579526990432
-maj	0.041095890411	0.821917808219	0.0684931506849	0.0684931506849
-hat	0.276738490427	0.53510134312	0.0363116110699	0.151848555383
-mal	0.0855200381679	0.828035543893	0.042690442112	0.043753975827
-man	1.0	0.0	0.0	0.0
-maa	0.0100708693453	0.0287529750568	0.0053599637264	0.955816191871
-hay	0.112152028305	0.732526313447	0.148312156479	0.00700950176906
-ṉtä	0.744070888715	0.156893406307	0.0286682303883	0.0703674745895
-aty	0.262184931094	0.316638541322	0.0550681275565	0.366108400027
-ṉän	0.161693915056	0.746720336774	0.0732240854144	0.0183616627559
-dio	0.0	0.984962406015	0.015037593985	0.0
-um̱	0.206572769953	0.483568075117	0.197183098592	0.112676056338
-tat	0.0	1.0	0.0	0.0
-hii	0.537643466358	0.245240473885	0.0961535992111	0.120962460546
-ung	0.120518059912	0.695211610907	0.045777652297	0.138492676884
-una	0.394736842105	0.535087719298	0.0701754385965	0.0
-pty	0.0168662703874	0.843459927967	0.139673801646	0.0
-'ad	0.355881621487	0.31584183039	0.196468540164	0.131808007958
-øgä	0.359583236265	0.135432147361	0.0585782797651	0.446406336608
-pta	0.395209580838	0.399436421275	0.0	0.205353997887
-pto	0.0458135860979	0.875197472354	0.0	0.0789889415482
-aay	0.551809363908	0.353928594257	0.0301814276793	0.0640806141553
-hw̱	0.107541899441	0.761173184358	0.0	0.131284916201
-iän	0.298421302187	0.450877749813	0.0875753066841	0.163125641316
-iäm	0.320807220461	0.423226139489	0.0582992555311	0.197667384519
-tra	0.0369041517171	0.93439261917	0.0133264992312	0.0153767298821
-øcx	0.520052963518	0.381139877115	0.0109179181621	0.0878892412047
-øcy	0.349816518033	0.406811628201	0.0780322614727	0.165339592293
-wäp	0.408487117924	0.382898603161	0.12209738354	0.0865168953749
-ado	0.193489144931	0.56717462122	0.0976190996743	0.141717134174
-tro	0.141843971631	0.706613323635	0.0300054555374	0.121537249197
-wät	0.463981837778	0.297133597501	0.0883455859625	0.150538978759
-iäc	0.230505569837	0.491538131962	0.134961439589	0.142994858612
-gai	0.0	1.0	0.0	0.0
-adi	0.0	1.0	0.0	0.0
-gau	0.0	1.0	0.0	0.0
-oṉä	0.633477126806	0.30382223114	0.0280898876405	0.0346107544142
-mbä	0.325010767929	0.389536919878	0.0684428145515	0.217009497642
-gar	0.291169451074	0.656324582339	0.0286396181384	0.0238663484487
-øch	0.225102935507	0.166845624596	0.0383927095728	0.569658730325
-ujy	0.300682547575	0.54936039416	0.0970709216652	0.0528861365999
-iud	0.0	1.0	0.0	0.0
-iät	0.375081337341	0.339230936077	0.151209989775	0.134477736808
-eby	0.0985357624893	0.102457244274	0.0210947730623	0.777912220175
-aaw	0.168056301405	0.693945903168	0.0489669596676	0.0890308357593
-gay	0.362984126984	0.514476190476	0.0568253968254	0.0657142857143
-ady	0.215126225849	0.186702635844	0.0426494027144	0.555521735592
-seo	0.0784377808644	0.867636244791	0.00882425034724	0.0451017239971
-sem	0.0	1.0	0.0	0.0
-lao	0.0882352941176	0.911764705882	0.0	0.0
-ino	0.0971840816795	0.739778218839	0.141811573339	0.021226126143
-ina	0.0185172121896	0.86914503386	0.11233775395	0.0
-uis	0.0	1.0	0.0	0.0
-sec	0.0	1.0	0.0	0.0
-ohy	0.371371466641	0.419625011897	0.0553916436661	0.153611877796
-sea	0.0384615384615	0.961538461538	0.0	0.0
-ing	0.229614182817	0.47520407287	0.0950174730856	0.200164271228
-iuy	0.520947176685	0.43897996357	0.040072859745	0.0
-uim	0.0	1.0	0.0	0.0
-aas	0.116534290805	0.0981067796041	0.253679657075	0.531679272517
-ohn	0.16186717642	0.399704014306	0.0998951717334	0.338533637541
-set	0.0	1.0	0.0	0.0
-ser	0.0	1.0	0.0	0.0
-̱ds	0.518845731612	0.218725495321	0.0564587798631	0.205969993204
-̱bä	0.329900330136	0.319761130281	0.0872215126558	0.263117026928
-mós	0.136447449293	0.832821143208	0.0122925629994	0.0184388444991
-ooc	0.180633930632	0.084627727793	0.0451666329344	0.68957170864
-oob	0.169849430775	0.342269555637	0.441975762027	0.0459052515608
-iaa	0.357792601577	0.439053972104	0.0	0.203153426319
-øjä	0.282439200702	0.303092889967	0.233748128259	0.180719781071
-oog	0.209897610922	0.250853242321	0.0992605233219	0.439988623436
-són	0.0115417909012	0.982687313648	0.0	0.00577089545062
-'cä	0.457759660854	0.275060169958	0.102840223413	0.164339945775
-yät	0.471302513455	0.341848153898	0.0990635324015	0.0877858002455
-ian	0.468545375176	0.0544211087937	0.268225251006	0.208808265024
-oom	0.0152318628004	0.601884237843	0.304975741848	0.0779081575088
-nes	0.0798266018186	0.882110382745	0.00634383590613	0.0317191795306
-yäp	0.419787363523	0.459191932521	0.0711488357093	0.0498718682462
-ex̱	0.409537275188	0.325089635138	0.177002253546	0.088370836128
-yän	0.307059484102	0.473287148796	0.085832850344	0.133820516758
-neo	0.0451127819549	0.932330827068	0.0225563909774	0.0
-ø'x	0.344344344344	0.632632632633	0.016016016016	0.007007007007
-ugä	0.22018676328	0.351941623718	0.0813900086748	0.346481604327
-nej	0.265336480619	0.0483045195376	0.00967725061464	0.676681749228
-cos	0.118451025057	0.829482590303	0.0	0.0520663846404
-ias	0.0263244488318	0.964900734891	0.00219370406932	0.00658111220796
-ooy	0.21369212505	0.758607043926	0.027700831025	0.0
-ø'p	0.360802868157	0.188650490503	0.0744818484163	0.376064792924
-ooz	0.0183486238532	0.981651376147	0.0	0.0
-iay	0.373104409612	0.268844882317	0.0867818549647	0.271268853106
-más	0.0	0.996466431095	0.00353356890459	0.0
-uum	0.153140101567	0.587243392318	0.0676849007141	0.191931605401
-hoc	0.187759741033	0.677515292885	0.0801501916074	0.0545747744746
-x̱c	0.115606723802	0.407032773016	0.0549711259058	0.422389377276
-joy	0.0	0.953271028037	0.0467289719626	0.0
-och	0.34577414578	0.567460099819	0.0406954423298	0.0460703120715
-jot	0.0372670807453	0.962732919255	0.0	0.0
-uug	0.595864077352	0.253843343204	0.0470308503618	0.103261729082
-ǿøc	0.684563758389	0.154362416107	0.0	0.161073825503
-day	0.363888888889	0.583333333333	0.0305555555555	0.0222222222222
-iṉ̃	0.369611290742	0.157944958926	0.0532000920595	0.419243658272
-uub	0.479724560061	0.341239479725	0.128538638102	0.0504973221117
-x̱p	0.503020751248	0.347255056475	0.0472813238771	0.1024428684
-ptä	0.293942970267	0.406723264933	0.065664141318	0.233669623482
-uuy	0.384109479838	0.389357603136	0.0597887464292	0.166744170597
-uux	0.0	0.0168067226891	0.983193277311	0.0
-x̱y	0.422846181523	0.292250702688	0.0521188784015	0.232784237387
-hoy	0.0851954433939	0.0779714692813	0.0876858870345	0.74914720029
-aag	0.182209556149	0.110356536503	0.0748847926267	0.632549114722
-job	0.102564102564	0.705128205128	0.115384615385	0.0769230769231
-joc	0.0380780947106	0.950844641374	0.0110772639158	0.0
-adä	0.325284598499	0.225994180407	0.138853438154	0.309867782939
-que	0.249975607376	0.398009561908	0.145067811494	0.206947019221
-asa	0.0124352331606	0.873575129534	0.039378238342	0.0746113989637
-aso	0.126730814363	0.873269185637	0.0	0.0
-näp	0.370351379105	0.421814233714	0.0683140036649	0.139520383517
-øts	0.383290267011	0.531869078381	0.084840654608	0.0
-nät	0.432350482311	0.277124434407	0.0999870579125	0.190538025369
-mba	0.39039408867	0.60960591133	0.0	0.0
-míṉ	0.587536084225	0.341993547292	0.0704703684836	0.0
-ṉäp	0.425053892881	0.34186622659	0.102347939593	0.130731940937
-snä	0.465631205034	0.28611922684	0.0944541280338	0.153795440092
-nän	0.108328625338	0.759570755703	0.0750740533809	0.0570265655774
-øcä	0.312317087986	0.332460877536	0.211819015119	0.14340301936
-yøy	0.405315614618	0.574750830565	0.0199335548173	0.0
-näg	0.707317073171	0.0731707317073	0.0	0.219512195122
-atä	0.381396373247	0.340650466192	0.147749798106	0.130203362455
-bäc	0.318632114982	0.158201145976	0.0500937631638	0.473072975878
-tuṉ	0.0555941626129	0.880820013899	0.00625434329395	0.0573314801946
-eṉ̃	0.438661710037	0.360594795539	0.00743494423791	0.193308550186
-bän	0.339546272657	0.456497826098	0.14547353014	0.058482371105
-inä	0.237553894899	0.514321400597	0.092893282808	0.155231421696
-ras	0.12016293279	0.855397148676	0.0122199592668	0.0122199592668
-pts	0.0	0.554929577465	0.445070422535	0.0
-ømd	0.1134708133	0.841705143748	0.00477819747204	0.0400458454799
-xoc	0.0	0.904045643153	0.0	0.0959543568465
-ral	0.118032786885	0.881967213115	0.0	0.0
-ram	0.0	1.0	0.0	0.0
-uía	0.0274289491078	0.930766688698	0.0	0.0418043621943
-bäp	0.262759301943	0.477774119197	0.186807156185	0.0726594226758
-ero	0.0799322524781	0.0298833416985	0.00832711414313	0.88185729168
-era	0.103396226415	0.828679245283	0.0	0.067924528302
-uío	0.0	1.0	0.0	0.0
-uiä	0.308913795052	0.246038541724	0.110093675658	0.334953987566
-raa	0.0522844709172	0.465998470662	0.0265044471547	0.455212611266
-øjc	0.087143013934	0.667393996861	0.0487395078562	0.196723481349
-ix̱	0.109451478754	0.107408514487	0.0415563978287	0.74158360893
-'ch	0.298988196586	0.265243200957	0.120895840044	0.314872762413
-gän	0.183398682766	0.676424363438	0.0540717817423	0.0861051720544
-'xä	0.363707760712	0.48498628183	0.0690299161244	0.0822760413339
-pos	0.095432856169	0.899454669393	0.0	0.00511247443763
-úsä	0.20504330107	0.619205298013	0.00764136525728	0.16811003566
-ugy	0.298217769551	0.467211325508	0.144736303566	0.0898346013743
-øbä	0.255949126875	0.383808488489	0.160853163756	0.19938922088
-poj	0.0708760789618	0.805116095741	0.0860384972825	0.0379693280152
-øjp	0.334517605338	0.255333194431	0.150749831091	0.259399369141
-ø'ø	0.0986734198814	0.153468228891	0.0401314185353	0.707726932692
-nás	0.00577102760933	0.964604363996	0.0042320869135	0.0253925214811
-'cy	0.560069325673	0.220609730949	0.0385369184699	0.180784024907
-änä	0.390801713144	0.352606591472	0.122874001123	0.133717694262
-øjy	0.191434275248	0.720973882978	0.0547449011093	0.0328469406656
-øjx	0.473040714024	0.0927374984717	0.0281207971635	0.406100990341
-øx̱	0.914285714286	0.0857142857143	0.0	0.0
-øṉä	0.144335034522	0.298761975767	0.0529576333155	0.503945356395
-aza	0.181331747919	0.699762187872	0.0	0.118906064209
-eva	0.288635233134	0.562923789826	0.0109956279289	0.137445349111
-ujp	0.553710768454	0.32696292389	0.0838326467387	0.0354936609176
-ṉäm	0.372674375068	0.342492468271	0.0910084496001	0.193824707061
-ujt	0.211497668656	0.417163767008	0.103265737859	0.268072826477
-ojy	0.502364832876	0.253602878515	0.134501941104	0.109530347505
-aaz	0.0839117850464	0.707384544453	0.0903665377423	0.118337132758
-ujx	0.148770285779	0.651478217981	0.114387608958	0.0853638872817
-aat	0.241870708641	0.563155849203	0.0770825236429	0.117890918513
-nor	0.0	1.0	0.0	0.0
-nos	0.0530906332955	0.886234357224	0.0265453166477	0.0341296928328
-ṉäc	0.546624551945	0.209699891268	0.0633787968364	0.18029675995
-ipä	0.288093752543	0.393538236172	0.0846377126116	0.233730298673
-aam	0.186954437276	0.65336356032	0.0717362047755	0.087945797629
-̱it	0.263157894737	0.511278195489	0.0451127819549	0.18045112782
-fos	0.0	0.94	0.0599999999999	0.0
-eón	0.0887186208287	0.865913902611	0.00302449843734	0.0423429781228
-non	0.214669051878	0.584973166369	0.125223613596	0.0751341681574
-las	0.083531729743	0.859945817256	0.0152696822921	0.0412527707085
-ujc	0.254024047575	0.424827795365	0.0779232269749	0.243224930085
-aad	0.614035087719	0.258771929825	0.100877192982	0.0263157894737
-ṉät	0.410507693859	0.381327468857	0.0702784394877	0.137886397796
-noc	0.0453074433657	0.954692556634	0.0	0.0
-aac	0.190254082679	0.217839201058	0.102194775779	0.489711940484
-aab	0.503301981189	0.243346007605	0.0450270162097	0.208324994997
-ypy	0.596066249545	0.226730427199	0.0522463991795	0.124956924077
-dor	0.070966195157	0.864780628147	0.0230160632942	0.0412371134021
-dro	0.0251677551152	0.889545508399	0.0112375283182	0.0740492081672
-ahb	0.450674237048	0.421575585522	0.0425833924769	0.0851667849538
-ämb	0.564889098631	0.158722667925	0.0847884222117	0.191599811232
-iøy	0.822485207101	0.177514792899	0.0	0.0
-fán	0.0	1.0	0.0	0.0
-boj	0.0218355990702	0.695921673593	0.204057195182	0.0781855321547
-doy	0.619210974895	0.268887231182	0.0242766888167	0.0876251051063
-iøc	0.134522591022	0.436028659161	0.315396987864	0.114051761954
-ahy	0.554453125174	0.209415066278	0.0403652701694	0.195766538378
-doc	0.0	1.0	0.0	0.0
-ges	0.01875	0.90625	0.075	0.0
-jtä	0.33314966118	0.413530415519	0.0803627894626	0.172957133839
-oñä	0.396809828619	0.409187372382	0.092745543396	0.101257255604
-ájp	0.234375	0.640625	0.09375	0.03125
-uṉä	0.358413708736	0.237477224767	0.0480304658426	0.356078600655
-sas	0.0	0.89417989418	0.0	0.10582010582
-ión	0.0860414211147	0.881124768479	0.0227310995117	0.0101027108941
-'uy	0.257237138143	0.562021898905	0.162741862907	0.017999100045
-vos	0.00571428571428	0.982857142857	0.0	0.0114285714286
-äba	0.463414634146	0.365853658537	0.0975609756098	0.0731707317073
-iby	0.108833721577	0.0712534507426	0.0147741251894	0.805138702491
-ton	0.347711267606	0.253961267606	0.336707746479	0.0616197183098
-tol	0.196721311475	0.377049180328	0.0491803278688	0.377049180328
-m̱b	0.418229185738	0.302120124309	0.0991438449267	0.180506845026
-'uw	0.321616871705	0.425307557118	0.189806678383	0.0632688927944
-jup	0.115107913669	0.884892086331	0.0	0.0
-m̱y	0.39906808541	0.290010218021	0.0616917624573	0.249229934113
-iøj	0.370362041826	0.278839667191	0.0899482797391	0.260850011244
-saa	0.0611142498303	0.860892529803	0.0436377936114	0.0343554267552
-pxp	0.460366619235	0.360508914372	0.107976897966	0.0711475684272
-tos	0.226821192053	0.483443708609	0.0761589403974	0.21357615894
-stä	0.252856738124	0.491807536122	0.136344319577	0.118991406176
-duṉ	0.384462547189	0.240015895092	0.262269024439	0.11325253328
-'ug	0.0460240351537	0.232346258383	0.066223728733	0.65540597773
-sam	0.0	1.0	0.0	0.0
-toy	0.133663366337	0.75	0.0	0.116336633663
-rto	0.0830729291861	0.791740781693	0.0905725686265	0.0346137204942
-iel	0.060035576638	0.928846723985	0.0	0.0111176993774
-loi	0.0	0.973568281938	0.0	0.0264317180617
-yyä	0.38363896403	0.200014678628	0.0939482183127	0.32239813903
-iic	0.468784443058	0.259387735922	0.176433899232	0.0953939217881
-ocy	0.327859668701	0.332879952595	0.0678828095594	0.271377569144
-loc	0.0843712334271	0.789071916432	0.0421856167135	0.0843712334271
-des	0.0761236891745	0.821067440429	0.0452909821175	0.0575178882789
-nøø	0.0926851520822	0.858029176746	0.0228552723828	0.0264303987891
-äjä	0.351264108352	0.494198645598	0.0658239277652	0.0887133182845
-xyp	0.378677221255	0.431039114443	0.0606377296336	0.129645934668
-rom	0.0	1.0	0.0	0.0
-ron	0.101694915254	0.203389830508	0.101694915254	0.593220338983
-epy	0.443362682018	0.4922959702	0.0423298340671	0.0220115137148
-lor	0.0952380952381	0.722222222222	0.18253968254	0.0
-eyä	0.334740994398	0.351015815012	0.265963239476	0.0482799511151
-ucä	0.304461942257	0.477690288714	0.124671916011	0.0931758530184
-øpc	0.219130434783	0.12347826087	0.535652173913	0.121739130435
-̱iä	0.122321274154	0.209678191456	0.0735585976453	0.594441936745
-juy	0.436084087353	0.389618341384	0.0898020273488	0.0844955439145
-ipo	0.0508130081301	0.888211382114	0.0406504065041	0.020325203252
-sar	0.0132275132275	0.970899470899	0.015873015873	0.0
-bøṉ	0.309734513274	0.530973451327	0.159292035398	0.0
-'nä	0.50767624453	0.227185198526	0.144028154343	0.121110402601
-ipa	0.00696517412934	0.966169154229	0.0119402985075	0.0149253731343
-húm	0.0	1.0	0.0	0.0
-ida	0.00930405656866	0.990695943431	0.0	0.0
-ipe	0.00242742995853	0.990290280166	0.0	0.00728228987559
-noé	0.0	1.0	0.0	0.0
-ipx	0.820598006645	0.179401993355	0.0	0.0
-ipy	0.549056102101	0.2951342728	0.0651422494017	0.090667375698
-ujä	0.197647058824	0.383529411765	0.310588235294	0.108235294118
-'nø	0.59670781893	0.257201646091	0.0411522633745	0.104938271605
-øpy	0.0691035852274	0.095318267176	0.0912225603833	0.744355587213
-ppä	0.270462633452	0.712455516014	0.0	0.0170818505338
-äts	0.287328488147	0.193913718009	0.0712355937029	0.447522200142
-ødä	0.0746398303732	0.0361159288177	0.0261801029346	0.863064137874
-jty	0.619142477565	0.0546641144646	0.0100927390981	0.316100668873
-døy	0.249892287807	0.302024989229	0.308056872038	0.140025850926
-doñ	0.048	0.952	0.0	0.0
-iøø	0.0828827139749	0.39660151759	0.213491518828	0.307024249606
-ämä	0.313855896211	0.346853473318	0.130416604208	0.208874026263
-jts	0.0304740656192	0.0205229281861	0.00450124749412	0.944501758701
-m̱a	0.39288929755	0.344692833745	0.0482730877536	0.214144780951
-øhṉ	0.399061032864	0.154929577465	0.193661971831	0.25234741784
-uxy	0.184033978727	0.772633717916	0.0311611318561	0.0121711715014
-ojc	0.511607693602	0.388296977514	0.022149946728	0.0779453821567
-ahñ	0.413466411946	0.297087605755	0.213419626496	0.0760263558034
-uṉg	0.22291217795	0.470159520125	0.173266976198	0.133661325727
-im̱	0.050709378081	0.0277384197617	0.011838432718	0.909713769439
-äbä	0.418334661466	0.387813926493	0.0930672347074	0.100784177333
-o'x	0.119738370485	0.317336412412	0.0378477791914	0.525077437911
-saú	0.144747586339	0.725419088333	0.0100869398146	0.119746385513
-mpä	0.0	0.478260869565	0.186335403727	0.335403726708
-m̱ä	0.182114676033	0.117091320218	0.0183626970916	0.682431306657
-m̱d	0.166089042922	0.803119168222	0.0195947747268	0.0111970141296
-sto	0.0280351998087	0.852469172391	0.00474544669497	0.114750181106
-̱än	0.23801176961	0.676275606658	0.0254491163097	0.0602635074214
-̱pä	0.382394963851	0.15538152481	0.133069064424	0.329154446915
-ibä	0.213540346018	0.453080809066	0.105677895024	0.227700949892
-män	0.217289550243	0.434500227557	0.075134016854	0.273076205346
-sta	0.0166666666667	0.825	0.158333333333	0.0
-saí	0.0	1.0	0.0	0.0
-ucy	0.355902316647	0.390731699794	0.177675265055	0.0756907185049
-loé	0.0229007633588	0.931297709924	0.0	0.0458015267175
-'ød	0.124398876453	0.847903785448	0.0146095849313	0.0130877531676
-'øg	0.474442525103	0.250061978066	0.0508288533402	0.22466664349
-xyä	0.109756097561	0.59756097561	0.182926829268	0.109756097561
-'øb	0.630818874312	0.319191705459	0.0111087600508	0.0388806601777
-ocä	0.231376627699	0.353812871823	0.0633107292923	0.351499771186
-uch	0.150852065513	0.662555533453	0.0417744181421	0.144817982892
-uco	0.0	0.869088564058	0.130911435942	0.0
-'øy	0.46471298813	0.273486465152	0.0990189691925	0.162781577526
-isa	0.0	0.984848484849	0.0151515151515	0.0
-'øw	0.473631179536	0.402243029054	0.0642167452111	0.059909046199
-ioj	0.647335423198	0.156739811912	0.141065830721	0.0548589341693
-rac	0.0	1.0	0.0	0.0
-täp	0.340239757602	0.514095889382	0.06885632528	0.0768080277365
-ioo	0.157889988271	0.341072448949	0.0147363989053	0.486301163875
-lem	0.109619686801	0.749440715884	0.140939597315	0.0
-muc	0.815028901734	0.184971098266	0.0	0.0
-tät	0.326482508464	0.367545680821	0.127752768718	0.178219041997
-'py	0.617363786461	0.249270011619	0.047219929065	0.0861462728552
-lea	0.00503989920201	0.980470390592	0.00664986700266	0.00783984320314
-ṉdä	0.2347650444	0.277602042761	0.14596592858	0.34166698426
-sän	0.176489592419	0.245101471084	0.0320749828139	0.546333953683
-säp	0.386695823312	0.358353206255	0.15108061625	0.103870354183
-leg	0.0	1.0	0.0	0.0
-täc	0.466173834171	0.258456009164	0.0729710049269	0.202399151738
-ley	0.126824358329	0.830900855561	0.0301962757926	0.0120785103171
-ioy	0.224768797748	0.646964213912	0.0554885404101	0.0727784479292
-gón	0.0	0.978744939271	0.0	0.0212550607287
-ora	0.268656396402	0.341116435639	0.119319460972	0.270907706987
-ios	0.077963762622	0.787843777614	0.00621656757432	0.12797589219
-x̱ä	0.410150228214	0.290239700148	0.184445183327	0.115164888311
-itä	0.0822447167407	0.0141148460921	0.00165207998454	0.901988357183
-les	0.0	1.0	0.0	0.0
-tän	0.166739033367	0.622209913138	0.0453863193247	0.165664734171
-täm	0.199402386414	0.416294825331	0.0644832845095	0.319819503746
-bnä	0.556090979183	0.0759444872783	0.0240940632228	0.343870470316
-eel	0.0	1.0	0.0	0.0
-rra	0.166534653465	0.775544554455	0.0579207920792	0.0
-̱cä	0.0749271137026	0.26452866861	0.116812439261	0.543731778426
-spä	0.170097308394	0.416400423805	0.171964760539	0.241537507262
-rre	0.0	0.978070175439	0.0	0.0219298245614
-eeg	0.0443398478802	0.917800743545	0.0122787271053	0.0255806814694
-ax̱	0.2552019952	0.514912854968	0.0824202439642	0.147464905867
-rro	0.0990063875089	0.813697657913	0.0042583392477	0.08303761533
-eec	0.295555640041	0.54556514466	0.0577500665324	0.101129148766
-eeb	0.407793384685	0.469868599909	0.0679655641142	0.0543724512914
-gio	0.00447761194029	0.99552238806	0.0	0.0
-alo	0.579545454546	0.352272727273	0.0	0.0681818181817
-udá	0.0	1.0	0.0	0.0
-eey	0.207556046995	0.469437234296	0.110921246537	0.212085472172
-ndo	0.0	0.957142857143	0.0428571428572	0.0
-nda	0.529914529915	0.393162393162	0.0	0.0769230769231
-'ud	0.364224137931	0.515086206896	0.0948275862069	0.0258620689655
-gia	0.0675227837614	0.873032311516	0.0594449047225	0.0
-ala	0.0301675977653	0.88938547486	0.0268156424581	0.0536312849162
-yoy	0.234751128858	0.471356705621	0.14080114131	0.153091024211
-bre	0.122807017544	0.438596491228	0.298245614035	0.140350877193
-ooṉ	0.484098939929	0.473498233216	0.0	0.0424028268551
-ñii	0.412593773299	0.336759138965	0.0638595121828	0.186787575552
-jpä	0.26234377732	0.466317426716	0.0960068615952	0.175331934369
-abä	0.146813903904	0.188162179094	0.0393713557822	0.625652561219
-hän	0.317963801568	0.260090777179	0.0803084890034	0.341636932249
-häm	0.0	1.0	0.0	0.0
-iso	0.0	1.0	0.0	0.0
-ññä	0.321245218442	0.428251459634	0.068174954701	0.182328367224
-säc	0.131830414603	0.632200943875	0.011700924373	0.22426771715
-häc	0.604308726159	0.380472378694	0.0152188951477	0.0
-abé	0.0435808466343	0.93199167245	0.00666204024983	0.0177654406662
-'en	0.251162790698	0.720930232558	0.0279069767442	0.0
-ogy	0.384228376652	0.343287979997	0.183008482231	0.0894751611201
-xän	0.110685825438	0.7362866286	0.124038401205	0.0289891447575
-xäm	0.434078719483	0.312801862501	0.09711723156	0.156002186456
-iyy	0.552984165652	0.206090133983	0.0292326431182	0.211693057247
-xuy	0.354296543603	0.611903445423	0.0211250068588	0.0126750041153
-eeñ	0.213333333333	0.133333333333	0.573333333333	0.08
-pen	0.0140186915888	0.668224299065	0.289719626168	0.0280373831776
-chc	0.314791403287	0.29582806574	0.384323640961	0.00505689001263
-xäc	0.350079480726	0.491820108624	0.0641144522453	0.0939859584051
-ndä	0.202825154293	0.444057979574	0.225326831162	0.127790034972
-pet	0.449861495845	0.0498614958448	0.0	0.50027700831
-ñøø	0.504982103125	0.335397117152	0.0870658798491	0.0725548998742
-oré	0.0753228120517	0.774031563845	0.0753228120517	0.0753228120517
-dúṉ	0.221468655283	0.642589202653	0.0378117216337	0.0981304204303
-elo	0.0	1.0	0.0	0.0
-ogo	0.0	1.0	0.0	0.0
-o'c	0.347973758898	0.395896338343	0.0472246778021	0.208905224957
-chp	0.406402065369	0.32556402428	0.187319153257	0.0807147570943
-xät	0.470397012134	0.325500801151	0.0685322661339	0.135569920581
-ohṉ	0.493884005395	0.340979489326	0.10327891726	0.0618575880191
-orä	0.0972759153093	0.10452897033	0.0263910665342	0.771804047827
-xäp	0.476710031738	0.333017748362	0.084571478712	0.105700741188
-jpa	0.225352112676	0.647887323944	0.105633802817	0.0211267605634
-jpc	0.688935281837	0.269311064718	0.0417536534447	0.0
-ity	0.318202166979	0.255974183088	0.0677842521563	0.358039397776
-øyä	0.583885084577	0.178200535123	0.0984649222257	0.139449458074
-itu	0.0307882468211	0.915160481066	0.0299032053146	0.024148066798
-its	0.424107142857	0.553571428571	0.0223214285714	0.0
-yba	0.306591722024	0.380684721513	0.214614205416	0.0981093510476
-ito	0.0768175582991	0.878429355281	0.0318930041152	0.0128600823045
-a'x	0.364460411773	0.495500685579	0.0828966528842	0.0571422497635
-eso	0.00463052286321	0.983021416168	0.0	0.0123480609685
-jpt	0.0867863284002	0.549939044193	0.0701160520119	0.293158575395
-lás	0.0	1.0	0.0	0.0
-jpy	0.378245214294	0.376395000244	0.0940672414395	0.151292544022
-esa	0.0	1.0	0.0	0.0
-ite	0.51211631664	0.48788368336	0.0	0.0
-ṉds	0.171206477284	0.176665796809	0.0234168781653	0.628710847742
-ita	0.195854766158	0.68060607365	0.0549899920367	0.0685491681552
-uds	0.372520920687	0.322948180387	0.13053093431	0.173999964616
-rän	0.0445338189476	0.927399518413	0.0130494446219	0.0150172180172
-uuṉ	0.284530945516	0.443315460793	0.0589907807319	0.213162812959
-spe	0.283582089552	0.626865671642	0.0	0.089552238806
-̱yä	0.175392670157	0.581151832461	0.0157068062827	0.227748691099
-fté	0.0	1.0	0.0	0.0
-o'p	0.291403922256	0.565491868191	0.10710028422	0.0360039253334
-udy	0.377397022485	0.303714746666	0.123450487063	0.195437743787
-o't	0.314141414141	0.587373737374	0.00757575757575	0.0909090909091
-spo	0.0	0.978417266187	0.0215827338129	0.0
-fas	0.0335711288292	0.941250524549	0.0251783466219	0.0
