siu-	0.201094114072	0.719886536319	0.0151960287712	0.0638233208388
fig-	0.0508095561594	0.899937726449	0.0441576086957	0.00509510869563
xìn-	0.323846339797	0.339422456635	0.244305133531	0.0924260700362
tèt-	0.108307826055	0.468512850235	0.344665205658	0.0785141180519
jac-	0.000949347060189	0.994884074176	0.00290078268391	0.00126579608025
viu-	0.327005246023	0.652425069146	0.009493700691	0.0110759841395
júp-	0.0	1.0	0.0	0.0
táñ-	0.138994163391	0.118429518695	0.0111195330713	0.731456784844
der-	0.104456025161	0.772836841984	0.0307628733442	0.0919442595101
neg-	0.471682977699	0.460933739772	0.0	0.0673832825285
ayu-	0.414965986395	0.421768707483	0.102040816327	0.0612244897959
tib-	0.00996677740863	0.970099667774	0.0	0.0199335548173
òcò-	0.0330776605944	0.136625119847	0.0	0.830297219559
tàv-	0.482732406603	0.441246741963	0.0456125108601	0.0304083405734
paf-	0.0	1.0	0.0	0.0
lao-	0.0	1.0	0.0	0.0
abr-	0.00248385494287	0.978473257162	0.0151791135398	0.00386377435558
ócò-	0.230769230769	0.163461538462	0.0	0.605769230769
náy-	0.467649714114	0.481793560036	0.0	0.0505567258501
zac-	0.0462184873949	0.928571428571	0.00720288115244	0.0180072028811
dah-	0.328281431169	0.34815747809	0.0777737885735	0.245787302167
her-	0.0396365632051	0.913775230197	0.0369534727727	0.00963473382524
ate-	0.00467289719626	0.995327102804	0.0	0.0
urí-	0.0	1.0	0.0	0.0
sìd-	0.0689068481497	0.913228413441	0.0178647384092	0.0
ndì-	0.193734826816	0.69493901069	0.0624270454121	0.0488991170823
xíh-	0.205607707134	0.518041560548	0.18290006942	0.0934506628985
yùh-	0.0451242364432	0.0918010941135	0.0131384915585	0.849936177885
jam-	0.0402684563758	0.959731543624	0.0	0.0
vig-	0.0965732087227	0.685358255452	0.00934579439253	0.208722741433
yòò-	0.00712589073634	0.992874109264	0.0	0.0
ùhì-	0.268063508962	0.252707632955	0.137640780368	0.341588077716
ent-	0.373079287031	0.178088506454	0.0460971112477	0.402735095267
tùc-	0.538320370532	0.261265985027	0.0569489353025	0.143464709138
miu-	0.184016824395	0.344374342797	0.350683491062	0.120925341746
yùc-	0.11436694896	0.59862260294	0.224236672183	0.0627737759175
che-	0.0	0.936207914944	0.0637920850561	0.0
dih-	0.0516517122022	0.60836777901	0.0782000873744	0.261780421413
yac-	0.229792380568	0.575690385003	0.112880467648	0.081636766781
asi-	0.0144603201928	0.98347391978	0.00206576002754	0.0
tér-	0.182529335072	0.801825293351	0.0156453715776	0.0
mue-	0.0	0.268398268398	0.731601731602	0.0
iná-	0.609659204663	0.131692165021	0.035546893045	0.223101737271
tol-	0.24375	0.75625	0.0	0.0
arc-	0.379310344828	0.603448275862	0.0	0.0172413793103
pud-	0.0	1.0	0.0	0.0
tuh-	0.01108033241	0.0193905817174	0.925207756233	0.0443213296399
tiá-	0.171114937581	0.762160998709	0.0473525613431	0.0193715023676
laà-	0.0594059405941	0.306930693069	0.633663366337	0.0
moi-	0.0411893310013	0.95382597289	0.00026235242676	0.00472234368168
xid-	0.497477486717	0.280150838011	0.172946981859	0.0494246934131
sày-	0.140625	0.546875	0.28125	0.03125
nád-	0.356223175966	0.399141630901	0.19313304721	0.0515021459227
uzí-	0.0	1.0	0.0	0.0
coh-	0.497516042736	0.363946685124	0.0939410712724	0.0445962008677
cón-	0.468739530952	0.035210637486	0.0141223548727	0.481927476689
túá-	0.178997613365	0.821002386635	0.0	0.0
ana-	0.0885097520171	0.108808536781	0.000892566972677	0.801789144229
tíx-	0.678571428571	0.214285714286	0.0412087912088	0.0659340659341
mae-	0.0254017857143	0.926473214286	0.0075	0.040625
dìí-	0.806193994655	0.128438924697	0.0581040716868	0.00726300896087
arm-	0.0276639344263	0.969262295082	0.0	0.00307377049181
cal-	0.0761142776224	0.738202286969	0.142670018055	0.043013417354
yuh-	0.209617202047	0.502671445013	0.0278653703998	0.25984598254
tón-	0.540069686411	0.212543554007	0.0522648083623	0.19512195122
yua-	0.0526143585707	0.815898982642	0.0154418832112	0.116044775576
mes-	0.0369767973773	0.913085465959	0.0118173269969	0.0381204096673
sed-	0.0	0.555555555556	0.444444444444	0.0
adi-	0.0	1.0	0.0	0.0
ami-	0.0485568783515	0.93674007622	0.00382449158544	0.010878553843
sàn-	0.68863199833	0.0709827683841	0.0136728271238	0.226712406162
dàn-	0.570086522177	0.28503237216	0.0645626312777	0.0803184743853
idì-	0.124838628106	0.85541078297	0.00857101028788	0.0111795786364
nùù-	0.0448343020016	0.0740956828304	0.00725959209672	0.873810423071
càl-	0.290843806104	0.709156193896	0.0	0.0
gól-	0.0	1.0	0.0	0.0
ged-	0.0967741935484	0.903225806452	0.0	0.0
sív-	0.388036612092	0.461131880882	0.143096557948	0.00773494907825
veh-	0.0726886951755	0.805527592178	0.0157876412346	0.105996071412
nìs-	0.434716955478	0.105201642518	0.0271178865505	0.432963515454
nìì-	0.0857762585446	0.897645234972	0.00513700200893	0.0114415044745
sat-	0.257726245528	0.625941342726	0.071966921386	0.0443654903603
lún-	0.0483558994197	0.95164410058	0.0	0.0
cuì-	0.201025037056	0.601652097424	0.145784993118	0.0515378724024
ani-	0.156607888885	0.36093249759	0.0510513329627	0.431408280562
xaa-	0.155249679898	0.594110115237	0.0432138284251	0.20742637644
ñùu-	0.0233333333333	0.96	0.0133333333333	0.00333333333333
cux-	0.48046694154	0.199711501891	0.157855018484	0.161966538085
tni-	0.746437370513	0.177123579148	0.0205848591746	0.0558541911641
ban-	0.065011820331	0.9231678487	0.0	0.0118203309693
sáx-	0.397558303334	0.265925809986	0.20660510252	0.12991078416
cóò-	0.0	0.842794759825	0.0	0.157205240175
dìn-	0.135039943714	0.514860820658	0.0369983569252	0.313100878703
ùnà-	0.0311905667554	0.112590338532	0.233929250666	0.622289844047
arq-	0.135549872123	0.864450127877	0.0	0.0
yué-	0.395372928177	0.537292817679	0.0103591160221	0.0569751381215
ale-	0.00765631646109	0.878349638452	0.113994045087	0.0
sid-	0.0	1.0	0.0	0.0
luc-	0.291657866948	0.460401267159	0.0925026399156	0.155438225977
dec-	0.00913242009132	0.762557077626	0.0	0.228310502283
órd-	0.216216216216	0.783783783784	0.0	0.0
vit-	0.16437029715	0.441649351435	0.0728651832724	0.321115168143
var-	0.134408602151	0.791858678955	0.0276497695852	0.0460829493087
siv-	0.540701692391	0.446013253742	0.00774961475579	0.00553543911127
vát-	0.492974486183	0.0699445495844	0.178339966125	0.258740998107
xi‑-	0.1179993412	0.11607395963	0.0265210979359	0.739405601234
gà‑-	0.352111549818	0.244676052003	0.0696582866506	0.333554111529
ina-	0.359161033108	0.47420119027	0.0873634945398	0.0792742820824
cre-	0.0599700149926	0.870314842579	0.06071964018	0.00899550224887
fav-	0.242138525422	0.157265980194	0.0367805355071	0.563814958877
fre-	0.107482993197	0.416326530612	0.0765306122449	0.399659863945
tia-	0.643011774903	0.234435374677	0.0387684497392	0.0837844006811
téc-	0.28125	0.532196969697	0.0577651515151	0.128787878788
iñu-	0.0820045558086	0.917995444191	0.0	0.0
oné-	0.0122448979592	0.963265306122	0.0	0.0244897959184
ícú-	0.407333599043	0.461139896373	0.0597847748107	0.0717417297729
quì-	0.133884954107	0.602069758238	0.0237639826278	0.240281305028
mbi-	0.171428571429	0.685714285714	0.142857142857	0.0
ñuu-	0.0808703418433	0.426530441052	0.0102604753972	0.482338741708
doh-	0.372089082624	0.0716620404054	0.00721562613737	0.549033250834
tnu-	0.318395802891	0.520114082498	0.115843030933	0.0456470836781
náx-	0.585650982743	0.252835126748	0.0574216371026	0.104092253406
zab-	0.0	1.0	0.0	0.0
ììá-	0.277264325324	0.205175600739	0.517560073937	0.0
ndí-	0.231926464219	0.0634294239376	0.0197314596468	0.684912652197
sìc-	0.146004257609	0.762534590603	0.0298437380416	0.0616174137466
nef-	0.0	1.0	0.0	0.0
zaq-	0.0	0.987068965517	0.0129310344828	0.0
nit-	0.020979020979	0.979020979021	0.0	0.0
cul-	0.332067219153	0.254143646409	0.379258747698	0.0345303867403
váh-	0.306257449505	0.239473724298	0.138243476727	0.31602534947
too-	0.986013986014	0.013986013986	0.0	0.0
ñàn-	0.123707074886	0.819197352089	0.0248241621845	0.0322714108399
víá-	0.463821892393	0.280148423006	0.189239332096	0.0667903525047
nah-	0.177472670834	0.084629598092	0.0646638559942	0.673233875079
iàn-	0.388601036269	0.533678756477	0.0	0.0777202072539
yàt-	0.439826254324	0.161312976305	0.0247093401306	0.37415142924
feb-	0.0526315789473	0.947368421053	0.0	0.0
amé-	0.0210396885033	0.0991187922673	0.0147551062231	0.865086413006
sùx-	0.733153968448	0.246056010762	0.0097835391953	0.0110064815947
úhù-	0.132075471698	0.415094339623	0.150943396226	0.301886792453
iyu-	0.172016094831	0.131675579507	0.276901434674	0.419406890988
exp-	0.323624595469	0.611650485437	0.0	0.0647249190939
apó-	0.0194063106447	0.959102997197	0.0189031840725	0.00258750808596
icú-	0.174393439917	0.0465939703228	0.0104790884878	0.768533501273
làc-	0.240884806449	0.111913019027	0.196519511357	0.450682663168
elm-	0.0	1.0	0.0	0.0
ran-	0.082428115016	0.877955271565	0.0306709265176	0.00894568690095
zel-	0.0	1.0	0.0	0.0
píl-	0.589836660617	0.410163339383	0.0	0.0
agr-	0.00618556701031	0.983505154639	0.0103092783505	0.0
tià-	0.0418381800186	0.667735120353	0.0265985027221	0.263828196907
sìq-	0.106938994639	0.398046754723	0.409628851817	0.0853853988205
àsù-	0.428571428571	0.321428571429	0.0357142857143	0.214285714286
glo-	0.0442215035311	0.76651706158	0.101313444657	0.0879479902316
ofi-	0.0635294117647	0.865882352941	0.0635294117647	0.00705882352943
coi-	0.5941143809	0.0738152007055	0.00979847796976	0.322271940425
maj-	0.428571428571	0.571428571429	0.0	0.0
lùn-	0.143884892086	0.654676258993	0.201438848921	0.0
pat-	0.0882053972523	0.787126602617	0.0525297570253	0.0721382431059
nih-	0.40451084842	0.313994158701	0.0662406836032	0.215254309275
neá-	0.0	1.0	0.0	0.0
yui-	0.0210526315789	0.831578947368	0.136842105263	0.0105263157895
tec-	0.86479495154	0.0819887873377	0.0119148216436	0.0413014394787
cam-	0.0917363339554	0.86633367502	0.0271039168504	0.0148260741746
yan-	0.0383877159309	0.803262955854	0.0143953934741	0.143953934741
min-	0.0479116990396	0.167637289724	0.271456876854	0.512994134383
xîh-	0.243902439024	0.19512195122	0.463414634146	0.0975609756098
apr-	0.330882352941	0.492647058824	0.0	0.176470588235
est-	0.131774576637	0.774854252136	0.0369382152441	0.0564329559826
niù-	0.553488372093	0.296124031008	0.102325581395	0.0480620155039
cúc-	0.269567501961	0.467314722991	0.123555009547	0.139562765501
càh-	0.457778113859	0.203762829216	0.0408519812063	0.297607075718
sàm-	0.529752596927	0.379692567468	0.0390815606298	0.0514732749758
càc-	0.557330108891	0.306013582208	0.0345279043163	0.102128404585
nèh-	0.0268735839296	0.381063529986	0.00702957909815	0.585033306987
vîi-	0.498527968597	0.250245338567	0.10598626104	0.145240431796
sto-	0.0296781974338	0.895801951869	0.0126489706001	0.0618708800975
gog-	0.180547466511	0.754222481072	0.065230052417	0.0
muñ-	0.124137931035	0.848275862069	0.0	0.0275862068965
túc-	0.474410163339	0.359346642468	0.0493647912886	0.116878402904
va‑-	0.436098654709	0.237668161435	0.0168161434978	0.309417040359
may-	0.227586206897	0.758620689655	0.0137931034483	0.0
nìí-	0.0740103270224	0.925989672978	0.0	0.0
tíî-	0.645833333333	0.1875	0.0625	0.104166666667
màn-	0.393516642026	0.221916778887	0.122482526941	0.262084052146
cùì-	0.297709923664	0.168419031158	0.198521292429	0.335349752749
sau-	0.00624349635796	0.968262226847	0.0	0.025494276795
tèd-	0.466285714286	0.152	0.224	0.157714285714
cuí-	0.380435239218	0.255865521488	0.0997606742409	0.263938565054
pri-	0.0696998271256	0.21059248782	0.485934307716	0.233773377338
càq-	0.351528384279	0.375982532751	0.0	0.272489082969
sáy-	0.352941176471	0.0882352941177	0.258823529412	0.3
cóó-	0.39700504917	0.136228120918	0.118840025861	0.347926804051
arp-	0.471365638766	0.502202643172	0.0264317180617	0.0
men-	0.126126126126	0.183183183183	0.363363363363	0.327327327327
sie-	0.31062363029	0.167982297496	0.0971297261644	0.42426434605
iì‑-	0.137725056633	0.753204827574	0.0245435117951	0.0845266039974
xìh-	0.455683874212	0.228554008555	0.216230478129	0.0995316391048
guè-	0.253661394259	0.107322788518	0.026654950205	0.612360867018
ìin-	0.428571428571	0.489795918367	0.0	0.0816326530612
itù-	0.392523364486	0.394982784063	0.0796851942941	0.132808657157
pit-	0.027972027972	0.972027972028	0.0	0.0
sàì-	0.383185306787	0.0311487140632	0.00673485709475	0.578931122055
eti-	0.681243731194	0.26258776329	0.0	0.0561685055166
xán-	0.306375519102	0.12218771724	0.102336175458	0.469100588201
còt-	0.24132778483	0.115554555825	0.0476710744067	0.595446584939
ián-	0.0231213872832	0.976878612717	0.0	0.0
pad-	0.434316353887	0.517426273458	0.0107238605898	0.0375335120643
cle-	0.00707547169813	0.964622641509	0.0141509433962	0.0141509433962
sia-	0.0428372739917	0.937311306354	0.00598392075715	0.0138674988975
lih-	0.184466019418	0.52427184466	0.291262135922	0.0
anf-	0.0384615384615	0.961538461538	0.0	0.0
ga‑-	0.187450569765	0.472069727159	0.0953902447966	0.24508945828
bie-	0.265196794616	0.611546464781	0.0661442422632	0.0571124983398
quí-	0.425361879744	0.297112304766	0.075402153504	0.202123661986
heb-	0.00484613520717	0.953961715532	0.041192149261	0.0
nay-	0.618563685637	0.292682926829	0.0121951219512	0.0765582655827
dáh-	0.43992248062	0.302325581395	0.187984496124	0.0697674418604
cun-	0.469529976235	0.187777001151	0.0472085515673	0.295484471047
bau-	0.0415037593984	0.955187969925	0.00330827067669	0.0
chu-	0.324778218358	0.281344274148	0.029380422759	0.364497084734
lep-	0.0	0.788029925187	0.211970074813	0.0
tìx-	0.103214261474	0.338098445743	0.0403579818674	0.518329310915
paz-	0.00777705767984	0.974724562541	0.00583279325988	0.0116655865198
dav-	0.0788020146988	0.348679112588	0.080324064333	0.492194808381
pát-	0.0	1.0	0.0	0.0
tan-	0.112899687134	0.354051749071	0.17601751152	0.357031052276
úxì-	0.206008583691	0.0901287553648	0.0128755364807	0.690987124464
ihn-	0.0205675281673	0.832295539559	0.090180700426	0.056956231848
iín-	0.44474386094	0.284502897084	0.0711855053803	0.199567736595
caí-	0.0	1.0	0.0	0.0
te‑-	0.390728476821	0.198675496689	0.23178807947	0.17880794702
xit-	0.61238173969	0.311992896727	0.0489880897706	0.0266372738128
méè-	0.054481345231	0.772145775786	0.0939421326646	0.079430746318
yaa-	0.0966807165437	0.086406743941	0.771074815595	0.04583772392
riì-	0.0105882352941	0.981848739496	0.0	0.00756302521008
déh-	0.144136723978	0.733415697176	0.0807165654278	0.0417310134184
yác-	0.348363481378	0.465608664586	0.0842390282427	0.101788825793
hij-	0.0584627180372	0.554341575618	0.216982940387	0.170212765957
aya-	0.0836653386454	0.579349269588	0.336985391766	0.0
bee-	0.0132450331126	0.986754966887	0.0	0.0
tin-	0.0664206642066	0.889298892989	0.0221402214022	0.0221402214022
nís-	0.596186338402	0.133357470432	0.0343953656771	0.236060825489
pub-	0.0677966101695	0.898305084746	0.0338983050847	0.0
top-	0.0	0.705215419501	0.294784580499	0.0
gâ‑-	0.452054794521	0.199252801993	0.281444582814	0.0672478206724
tun-	0.505787901419	0.376587005228	0.070575056012	0.0470500373413
iní-	0.616009790991	0.244885955637	0.0626655678974	0.0764386854748
dad-	0.314871834482	0.459763294912	0.176703753506	0.0486611170992
peó-	0.0467559769736	0.905563834091	0.0156400590228	0.0320401299126
sàh-	0.164098429342	0.112192981027	0.0205196619472	0.703188927684
rom-	0.0140801958984	0.692990511172	0.287419651056	0.00550964187328
par-	0.0521821631879	0.890891840607	0.0512333965845	0.00569259962049
can-	0.557319417359	0.267903051632	0.0778307493754	0.0969467816332
jes-	0.00910897648228	0.875338374205	0.00147771013466	0.114074939178
dor-	0.0	1.0	0.0	0.0
con-	0.15814003902	0.644537177542	0.0786364621722	0.118686321266
ném-	0.239795918367	0.637755102041	0.030612244898	0.0918367346939
tùí-	0.080971659919	0.834008097166	0.085020242915	0.0
yun-	0.0866666666666	0.891111111111	0.0222222222222	0.0
güê-	0.52688172043	0.0430107526882	0.215053763441	0.215053763441
lun-	0.0873786407767	0.817961165049	0.0800970873786	0.0145631067961
siò-	0.0454545454545	0.0454545454545	0.909090909091	0.0
áma-	0.217159277504	0.0750889436234	0.0614053092501	0.646346469622
dàh-	0.173016739244	0.753143480827	0.039871253717	0.0339685262115
cap-	0.0610710170417	0.918430468797	0.0139486930681	0.00654982109285
ara-	0.0100376411543	0.989962358846	0.0	0.0
gad-	0.0746705710102	0.90775988287	0.00878477306002	0.00878477306002
áhá-	0.106666666667	0.466666666667	0.08	0.346666666667
afr-	0.0722891566265	0.879518072289	0.0240963855421	0.0240963855421
tií-	0.210317460317	0.720238095238	0.0218253968254	0.0476190476191
dèh-	0.102888826891	0.759293361544	0.0417478341238	0.0960699774412
teó-	0.306463326071	0.486564996369	0.0689905591866	0.137981118373
íhì-	0.038626609442	0.824034334764	0.137339055794	0.0
túx-	0.777327935223	0.125506072874	0.0	0.0971659919028
cút-	0.383619873319	0.301024810084	0.171755644873	0.143599671724
stn-	0.0668605755334	0.0856807066204	0.0243477755658	0.82311094228
jus-	0.143904063957	0.639573617588	0.164556962025	0.051965356429
sàx-	0.208483799452	0.567579935743	0.11512169676	0.108814568045
eze-	0.0	1.0	0.0	0.0
jos-	0.034029602988	0.959330474478	0.000829990316779	0.00580993221746
ñuú-	0.0434623545767	0.894197702495	0.0	0.0623399429283
cùí-	0.296278062229	0.0967632210248	0.00742955351069	0.599529163235
bur-	0.0365064695009	0.931146025878	0.0157116451017	0.0166358595194
cor-	0.152766943805	0.787968582536	0.0475003646556	0.0117641090035
xuh-	0.558139534884	0.396075581395	0.0	0.0457848837209
sax-	0.594156004332	0.288492747962	0.0690550663399	0.0482961813665
aco-	0.3125	0.1875	0.0375	0.4625
sep-	0.112264150943	0.721698113208	0.12641509434	0.0396226415094
tuí-	0.417015341702	0.386331938633	0.00418410041841	0.192468619247
alg-	0.272623790552	0.422310756972	0.0808195788275	0.224245873648
dìp-	0.514406878122	0.352619960497	0.0597769257581	0.0731962356222
ùnì-	0.021034086006	0.0372501078671	0.249388753056	0.692327053071
aca-	0.0123552123552	0.981467181467	0.0	0.00617760617761
gué-	0.148291925466	0.150232919255	0.0473602484472	0.654114906832
vat-	0.404697832572	0.249953063396	0.0670671923567	0.278281911676
jue-	0.141182139415	0.777867009316	0.0192740122069	0.061676839062
ídì-	0.636363636364	0.272727272727	0.0578512396694	0.0330578512396
ced-	0.0714285714286	0.928571428571	0.0	0.0
fru-	0.0402022573829	0.856343933619	0.0723640632892	0.0310897457094
nùh-	0.494800565469	0.316501599651	0.0342042744321	0.154493560448
cir-	0.0149253731343	0.973134328358	0.00298507462686	0.00895522388062
dàñ-	0.455751946674	0.336069019357	0.126508797566	0.0816702364033
for-	0.239168110919	0.599653379549	0.0415944540728	0.119584055459
càá-	0.442857142857	0.485714285714	0.0428571428571	0.0285714285714
ber-	0.0177329150184	0.964619424362	0.00971900150048	0.00792865911881
iqu-	0.0649539880463	0.849018063341	0.0461482619834	0.0398796866291
viv-	0.286189792455	0.470075708132	0.127170082235	0.116564417178
pes-	0.371718932333	0.454053974209	0.129765579994	0.044461513464
álo-	0.0550458715597	0.889908256881	0.0550458715597	0.0
dáy-	0.403659233848	0.383647798742	0.0891938250429	0.123499142367
zar-	0.0	1.0	0.0	0.0
nax-	0.615271977075	0.189797305491	0.021015467605	0.173915249828
coó-	0.139420862087	0.117954554337	0.0453213136537	0.697303269923
loi-	0.043795620438	0.912408759124	0.043795620438	0.0
cuo-	0.0795107033639	0.834862385321	0.0856269113151	0.0
abe-	0.025041736227	0.974958263773	0.0	0.0
thà-	0.652360515021	0.0643776824034	0.0772532188841	0.206008583691
nov-	0.0557158312298	0.871619184998	0.0589614136315	0.0137035701406
señ-	0.104541690491	0.833299651018	0.0150880340701	0.0470706244208
tam-	0.0	1.0	0.0	0.0
imi-	0.04993272537	0.120520257139	0.0590222753775	0.770524742114
jan-	0.0291262135922	0.932038834952	0.0388349514563	0.0
câh-	0.521008403361	0.36974789916	0.0252100840336	0.0840336134453
rel-	0.203560371517	0.706656346749	0.0572755417957	0.0325077399381
váx-	0.784581321912	0.117854161373	0.0640267140939	0.0335378026206
ùún-	0.142278961123	0.431670482666	0.286708758297	0.139341797914
fel-	0.000608272506082	0.998175182482	0.0	0.00121654501216
die-	0.166128143473	0.828611862539	0.0	0.00525999398858
tío-	0.0409416581371	0.754350051177	0.163766632549	0.0409416581371
tim-	0.0369476512739	0.935310509554	0.00298566878981	0.0247561703822
tri-	0.0267409470752	0.959331476323	0.00389972144846	0.0100278551532
zen-	0.121212121212	0.878787878788	0.0	0.0
ìhá-	0.372583479789	0.543057996485	0.0421792618629	0.0421792618629
yuc-	0.200598602711	0.154650921585	0.0061716243961	0.638578851307
rah-	0.00686498855835	0.993135011442	0.0	0.0
inì-	0.0932333500844	0.0700175968996	0.0380321249061	0.79871692811
mol-	0.197368421052	0.753289473684	0.0493421052632	0.0
xii-	0.63355350066	0.282959048877	0.0248348745046	0.0586525759577
elo-	0.0	0.980769230769	0.0192307692308	0.0
tes-	0.0392508978964	0.925859415085	0.00307850179579	0.0318111852232
dac-	0.322596627708	0.590153160119	0.0364606620332	0.0507895501399
îní-	0.475806451613	0.475806451613	0.0	0.0483870967742
cuy-	0.412049137208	0.351433052743	0.101600357473	0.134917452576
cùm-	0.044312519877	0.0677409095728	0.135163786706	0.752782783844
dòh-	0.0	0.0654911838791	0.926952141058	0.00755667506297
jer-	0.00454697745656	0.992294069784	0.000430766285358	0.00272818647394
coo-	0.469681365555	0.108029730296	0.0289171198719	0.393371784276
mah-	0.107224938357	0.227624707236	0.0275399413142	0.637610413093
eno-	0.0398481973434	0.899430740038	0.0550284629981	0.00569259962049
ñà‑-	0.249925148282	0.306368931232	0.0956062889626	0.348099631523
yàh-	0.366539775655	0.212827023754	0.0669654232121	0.353667777379
yuo-	0.391304347826	0.142292490119	0.237154150198	0.229249011858
tea-	0.574879227053	0.285024154589	0.0772946859904	0.0628019323671
güé-	0.3828125	0.221590909091	0.293323863636	0.102272727273
seg-	0.427581385372	0.13495155144	0.0759565909374	0.361510472251
euf-	0.0	1.0	0.0	0.0
caq-	0.498417683406	0.233906423666	0.0465797912344	0.221096101693
mil-	0.0956280443358	0.599042080269	0.0596744574552	0.24565541794
inú-	0.185228604924	0.546307151231	0.236420476749	0.0320437670966
sàc-	0.514657995032	0.279748149777	0.0568021878762	0.148791667316
xân-	0.532413793103	0.183448275862	0.151724137931	0.132413793103
así-	0.0	1.0	0.0	0.0
nùú-	0.254648342765	0.439773645918	0.101859337106	0.203718674212
sà‑-	0.390088677103	0.19664082114	0.0617981081644	0.351472393593
ùxì-	0.0277087603192	0.072844269897	0.00686994057501	0.892577029209
jef-	0.0368303571429	0.936383928571	0.0	0.0267857142857
alt-	0.0862068965517	0.672413793104	0.0689655172413	0.172413793103
sáì-	0.509959921039	0.181252617096	0.068493150685	0.24029431118
tàñ-	0.227077643387	0.0430299314419	0.0123738922022	0.717518532969
jor-	0.0	0.987525987526	0.0	0.012474012474
naí-	0.0	0.925925925926	0.0	0.0740740740741
vìc-	0.0125759798784	0.968859478396	0.00359313710812	0.0149714046172
índ-	0.140711616407	0.054641369266	0.00699987580866	0.797647138518
por-	0.255752927646	0.393516985512	0.0998728890503	0.250857197791
alf-	0.0103448275862	0.989655172414	0.0	0.0
cos-	0.426294303463	0.545316718378	0.0178445005572	0.010544477602
yuì-	0.00964630225081	0.913183279743	0.0771704180065	0.0
yod-	0.526315789474	0.447368421053	0.0263157894737	0.0
ped-	0.0251221695441	0.949115722095	0.00963565018175	0.016126458179
epa-	0.0655966503838	0.884159106769	0.00837404047452	0.0418702023726
ihá-	0.669197396963	0.298264642082	0.0325379609545	0.0
ord-	0.398581560284	0.482269503546	0.0297872340425	0.0893617021277
síq-	0.462842242503	0.365058670143	0.0938722294655	0.0782268578879
xìx-	0.592707428997	0.217536896937	0.152548679152	0.0372069949151
mel-	0.137536721736	0.862463278264	0.0	0.0
dìq-	0.186053842973	0.257518830126	0.0805054812445	0.475921845657
dìc-	0.675281688108	0.174420506702	0.0709151616038	0.0793826435864
mii-	0.0484038040857	0.180931832971	0.024746133121	0.745918229823
víc-	0.221978021978	0.514285714286	0.224175824176	0.0395604395604
mà‑-	0.370051988686	0.241336535879	0.219016165479	0.169595309957
gáˋ-	0.302702702703	0.336936936937	0.0900900900901	0.27027027027
láz-	0.044327176781	0.924538258575	0.0	0.0311345646438
guê-	0.329411764706	0.141176470588	0.138823529412	0.390588235294
mií-	0.0859642001335	0.0650132907331	0.116172792625	0.732849716508
jud-	0.0199507617209	0.883553254646	0.0810155980711	0.0154803855623
cúy-	0.498797072877	0.353259598356	0.0654926989007	0.082450629866
cis-	0.115384615385	0.826923076923	0.0576923076923	0.0
còd-	0.685483870968	0.120967741935	0.0241935483871	0.16935483871
ndò-	0.492966570181	0.20030628049	0.0431577054487	0.26356944388
cie-	0.00412087912088	0.104395604396	0.0360576923076	0.855425824176
ian-	0.157320586301	0.0725590118128	0.0447523337909	0.725368068095
toó-	0.663925184055	0.159647144657	0.176427671287	0.0
càà-	0.333333333333	0.592592592593	0.0740740740741	0.0
pre-	0.231505798684	0.683896158226	0.0361982011295	0.0483998419597
dud-	0.491810863329	0.266679004349	0.180438604608	0.0610715277135
sám-	0.743486973948	0.142284569138	0.0	0.114228456914
per-	0.475260621263	0.257161549472	0.0643946644421	0.203183164823
dáx-	0.613636363636	0.272727272727	0.0681818181818	0.0454545454546
lid-	0.0	1.0	0.0	0.0
div-	0.105670806895	0.0451010380388	0.0527308705019	0.796497284564
ñùñ-	0.00781250000002	0.9921875	0.0	0.0
ata-	0.0	1.0	0.0	0.0
uin-	0.373071528752	0.246844319776	0.0911640953716	0.288920056101
dat-	0.324872865802	0.495902610633	0.124163285191	0.0550612383745
loh-	0.476744186047	0.203488372093	0.189534883721	0.13023255814
lev-	0.0434734867949	0.928855977055	0.0110682144598	0.0166023216898
ndà-	0.367540708516	0.380253222069	0.148741240041	0.103464829373
dáv-	0.306388526728	0.511082138201	0.0	0.182529335072
cuh-	0.363464396621	0.277482582855	0.298852400671	0.0602006198534
saú-	0.0	0.948275862069	0.0517241379311	0.0
nec-	0.350002251108	0.371484251892	0.0949838884994	0.1835296085
saa-	0.130817503212	0.141572075277	0.666971058043	0.0606393634681
nsi-	0.134863778447	0.165859233378	0.0324882892529	0.666788698922
jai-	0.0183486238532	0.889908256881	0.0917431192661	0.0
tal-	0.11673151751	0.494163424125	0.334630350194	0.0544747081712
450-	0.0	0.183673469388	0.0408163265306	0.775510204082
taz-	0.120889748549	0.6083172147	0.15087040619	0.119922630561
ùhà-	0.0669144981413	0.187732342007	0.483271375465	0.262081784387
chi-	0.348978791402	0.203677236801	0.142951739524	0.304392232273
hac-	0.328212290503	0.671787709497	0.0	0.0
xíd-	0.066127034678	0.781559624911	0.0840410474169	0.0682722929937
ray-	0.244985673352	0.687679083095	0.0286532951289	0.038681948424
pur-	0.407117925437	0.277950277308	0.116619199555	0.1983125977
sì‑-	0.184548782617	0.716412025488	0.0761236261006	0.0229155657952
evo-	0.151898734177	0.848101265823	0.0	0.0
mom-	0.190080354669	0.225547243004	0.0160709337766	0.568301468551
dád-	0.397972116603	0.475285171103	0.0760456273764	0.0506970849176
ter-	0.0	1.0	0.0	0.0
nam-	0.0389189189189	0.941261261261	0.0	0.0198198198198
cùn-	0.484481320664	0.272095588185	0.102056917749	0.141366173401
dív-	0.408312958435	0.308068459658	0.210268948655	0.0733496332518
oli-	0.0284225485552	0.962340123164	0.00923732828043	0.0
sìn-	0.0529661016949	0.927966101695	0.00635593220339	0.0127118644068
jec-	0.0	1.0	0.0	0.0
cut-	0.281305425144	0.256744053375	0.0571496898612	0.40480083162
cán-	0.567256866679	0.227275705516	0.115430666041	0.0900367617638
col-	0.0390631605648	0.585101885516	0.375834953919	0.0
guâ-	0.383265793727	0.269611861985	0.1915392003	0.155583143988
iáˋ-	0.265207324774	0.273065319582	0.0533221076265	0.408405248018
tor-	0.030979162825	0.963857643371	0.0	0.00516319380416
lin-	0.0	1.0	0.0	0.0
güè-	0.498595505618	0.0280898876404	0.38904494382	0.0842696629214
mai-	0.0	1.0	0.0	0.0
dìñ-	0.0	0.925925925926	0.0	0.0740740740741
này-	0.0867713181352	0.23641240041	0.0	0.676816281455
dàx-	0.69984607491	0.203181118522	0.0236018471011	0.0733709594664
éfe-	0.0024077046549	0.992776886035	0.0024077046549	0.0024077046549
águ-	0.031746031746	0.968253968254	0.0	0.0
dàj-	0.820965842167	0.179034157833	0.0	0.0
got-	0.0481927710843	0.903614457831	0.0481927710843	0.0
car-	0.383292383292	0.564571223108	0.0178582129802	0.0342781806196
yùù-	0.0690816910324	0.875398277096	0.0157901008074	0.0397299310639
ple-	0.214779759738	0.621405169276	0.120131052057	0.0436840189298
mim-	0.139784946237	0.63133640553	0.0215053763441	0.207373271889
pól-	0.0652173913044	0.865217391304	0.0521739130435	0.0173913043478
pun-	0.117096018735	0.882903981265	0.0	0.0
tur-	0.122602955046	0.679346117573	0.160326941213	0.0377239861679
inù-	0.32667876588	0.437386569873	0.10889292196	0.127041742287
cúd-	0.393166533683	0.285392682093	0.196910976861	0.124529807363
cúv-	0.102225312935	0.625173852573	0.250695410292	0.0219054242003
ñáa-	0.0328358208955	0.916119402985	0.0492537313433	0.00179104477612
còá-	0.160305343512	0.225190839695	0.0916030534351	0.522900763359
100-	0.0320284697509	0.266903914591	0.00711743772242	0.693950177936
mna-	0.0454545454545	0.909090909091	0.0	0.0454545454546
poc-	0.00414937759336	0.995850622407	0.0	0.0
cob-	0.726530612245	0.122448979592	0.0	0.151020408163
sih-	0.303448275862	0.462068965517	0.234482758621	0.0
ala-	0.37175470009	0.604073410922	0.0214861235452	0.00268576544315
cop-	0.0	1.0	0.0	0.0
qua-	0.0	0.7125	0.2625	0.025
coí-	0.538802660754	0.354767184035	0.0532150776053	0.0532150776054
pom-	0.0916030534351	0.862595419847	0.0458015267176	0.0
cuè-	0.180564235519	0.493195683934	0.239631332621	0.0866087479254
sód-	0.253586065574	0.651639344262	0.0230532786885	0.0717213114754
dàd-	0.44873581525	0.257216802707	0.189528170416	0.104519211627
gob-	0.086940995495	0.859768157345	0.025546643226	0.0277442039336
lug-	0.153704233038	0.393550398878	0.0300782163553	0.422667151729
ser-	0.189453125	0.658203125	0.10546875	0.046875
dìr-	0.168926683521	0.831073316479	0.0	0.0
cri-	0.00672920976471	0.985595285347	0.0049680493966	0.00270745549127
té‑-	0.388051367951	0.422110552764	0.072585147962	0.117252931323
dìd-	0.00857632933104	0.991423670669	0.0	0.0
sòd-	0.672480620155	0.122093023256	0.170542635659	0.0348837209302
enó-	0.0251046025104	0.97489539749	0.0	0.0
dúc-	0.694968553459	0.251123090746	0.0161725067386	0.0377358490566
fél-	0.0	1.0	0.0	0.0
bit-	0.0	1.0	0.0	0.0
vàh-	0.254645951546	0.138433246896	0.249536560805	0.357384240753
cúx-	0.673821652901	0.21662792423	0.0546515653593	0.0548988575103
càv-	0.206896551724	0.758620689655	0.0344827586207	0.0
cef-	0.310734463277	0.621468926554	0.0	0.0677966101695
nuá-	0.335714285714	0.257142857143	0.0	0.407142857143
iám-	0.369901547117	0.278481012658	0.070323488045	0.28129395218
ndó-	0.411485287452	0.329289121856	0.0848413769439	0.174384213747
sur-	0.0	0.436349079263	0.174539631705	0.389111289031
còy-	0.67055360926	0.200149250323	0.0574553423128	0.0718417981045
fri-	0.0	0.966666666667	0.0333333333333	0.0
sâà-	0.785714285714	0.0	0.107142857143	0.107142857143
ico-	0.0	1.0	0.0	0.0
cùa-	0.864077669903	0.0485436893204	0.0291262135922	0.0582524271845
bet-	0.0227497527201	0.942631058358	0.00296735905045	0.0316518298714
cuú-	0.590680252508	0.30082510412	0.0459438929198	0.0625507504518
sal-	0.149902237671	0.835976537041	0.0114056050402	0.00271562024767
itú-	0.309119677791	0.593210586881	0.0306386651323	0.0670310701956
mbe-	0.413793103448	0.574316290131	0.0	0.0118906064209
sán-	0.483819648108	0.169217462153	0.0544751063341	0.292487783405
tàs-	0.14326843353	0.768048131127	0.0515601368271	0.0371232985155
caà-	0.638436482085	0.185667752443	0.014657980456	0.161237785016
ádì-	0.311082862591	0.420254665172	0.183821691531	0.0848407807065
lic-	0.119500271591	0.578489951114	0.277023356871	0.0249864204237
sàs-	0.232011981391	0.174144413995	0.280288063221	0.313555541393
ren-	0.137056959693	0.862943040307	0.0	0.0
ícà-	0.145161290323	0.854838709677	0.0	0.0
iñà-	0.166672124328	0.521144799031	0.0127345429936	0.299448533648
das-	0.554101305004	0.321034831954	0.0813000363032	0.0435638267383
naz-	0.0239388988106	0.97150131094	0.00227989512483	0.00227989512483
cui-	0.275653170756	0.159008351863	0.0519227654708	0.51341571191
acé-	0.0	1.0	0.0	0.0
dob-	0.269565217391	0.247826086956	0.391304347826	0.0913043478261
toc-	0.395844155844	0.292467532467	0.155844155844	0.155844155844
saf-	0.0	1.0	0.0	0.0
cúñ-	0.596617119426	0.135315222963	0.240389543824	0.0276781137878
ndá-	0.394905874929	0.374876293173	0.11538382432	0.114834007578
duq-	0.343074968234	0.599745870394	0.0571791613723	0.0
xíc-	0.341798397576	0.4840104725	0.0565955748576	0.117595555066
íìˊ-	0.896551724138	0.0784780023781	0.0	0.0249702734839
yút-	0.365845948509	0.486635523866	0.0619577816023	0.0855607460222
tém-	0.25370675453	0.221856123009	0.0790774299835	0.445359692477
íhn-	0.0	0.00885987409652	0.991140125903	0.0
tro-	0.11252446184	0.855452766412	0.0320227717488	0.0
ela-	0.0	1.0	0.0	0.0
itu-	0.207460110599	0.720333908633	0.0278257194181	0.0443802613504
nán-	0.455928497911	0.32441335162	0.159170256724	0.0604878937449
dác-	0.482154870705	0.331852954109	0.129770937966	0.0562212372198
saí-	0.182421783307	0.488112404011	0.212769524831	0.116696287851
fen-	0.0840543881335	0.845488257107	0.0370828182942	0.0333745364648
nàh-	0.550713815067	0.334900065891	0.103316494619	0.0110696244234
dic-	0.334713911422	0.158678763887	0.038270997563	0.468336327128
rob-	0.0	1.0	0.0	0.0
isì-	0.0438756855576	0.901279707495	0.0	0.054844606947
daa-	0.0635819726302	0.0684324512038	0.00742458647234	0.860560989694
sìm-	0.0107719928187	0.964093357271	0.0251346499102	0.0
mor-	0.0280767430978	0.403369209172	0.568554047731	0.0
dom-	0.0111731843575	0.746741154562	0.0111731843575	0.230912476723
cuu-	0.520910227806	0.199622878998	0.0161399142874	0.263326978908
com-	0.263754954955	0.491755984556	0.0874954954954	0.156993564994
job-	0.0	1.0	0.0	0.0
ñañ-	0.134051813472	0.785517098446	0.0804310880829	0.0
tuc-	0.193461753277	0.156219177431	0.0868082375729	0.563510831719
mon-	0.177861195871	0.808279490165	0.0138593139639	0.0
xio-	0.0	0.918918918919	0.0	0.0810810810811
man-	0.180865172518	0.629226396338	0.143796765873	0.0461116652707
dày-	0.671282036818	0.164142426639	0.0665071319912	0.0980684045518
esp-	0.00554430145112	0.960090959644	0.0305913038873	0.00377343501748
tíq-	0.027713625866	0.845265588915	0.094688221709	0.0323325635104
yus-	0.0184804928131	0.901437371663	0.0800821355236	0.0
sea-	0.292118295945	0.276109184444	0.109286820317	0.322485699295
yax-	0.36652360515	0.618025751073	0.0	0.0154506437768
zeb-	0.0	1.0	0.0	0.0
his-	0.240765171504	0.560686015831	0.00791556728232	0.190633245383
cáq-	0.499701937407	0.253750620964	0.113710879285	0.132836562345
cà‑-	0.0	0.175438596491	0.289473684211	0.535087719298
nua-	0.211764705882	0.6	0.117647058824	0.0705882352941
ñán-	0.005673624737	0.907803598024	0.00742299236425	0.079099784875
arf-	0.0	1.0	0.0	0.0
ñuù-	0.293210957753	0.482029005815	0.0642471799902	0.160512856442
cúi-	0.118507681053	0.318215069495	0.563277249451	0.0
jop-	0.0	1.0	0.0	0.0
cas-	0.443141669007	0.42450398458	0.0464084359122	0.0859459105007
tèñ-	0.258461178124	0.70640590233	0.0210797517274	0.0140531678183
ñâ‑-	0.144549763033	0.478672985782	0.187203791469	0.189573459716
coc-	0.349295048405	0.59596555943	0.0401399834632	0.0145994087011
bue-	0.0400103923097	0.90620940504	0.0103923096908	0.0433878929592
coq-	0.744525547445	0.043795620438	0.211678832117	0.0
chú-	0.304498269896	0.337946943483	0.200692041523	0.156862745098
boa-	0.0123456790123	0.987654320988	0.0	0.0
ant-	0.287730332251	0.27116550506	0.0829554134047	0.358148749284
dut-	0.843558282209	0.101226993865	0.0	0.0552147239264
màd-	0.0768088042208	0.0521403151796	0.0170986014651	0.853952279135
cué-	0.357991640943	0.276367907777	0.219220367689	0.146420083591
mar-	0.0133757263458	0.884197639148	0.00714468442788	0.0952819500785
dùh-	0.186352425322	0.681830638531	0.0739928747602	0.0578240613868
siù-	0.0995024875622	0.67495854063	0.225538971808	0.0
dìs-	0.255070152374	0.293109765297	0.0284488889847	0.423371193345
vís-	0.260869565217	0.652173913043	0.0289855072464	0.0579710144928
tùi-	0.415574402467	0.439960065635	0.0573809382599	0.0870845936382
art-	0.0384615384615	0.961538461538	0.0	0.0
cúí-	0.24249388629	0.165580274696	0.124721778772	0.467204060243
sàà-	0.445961544713	0.0639250344411	0.0323216574774	0.457791763369
sós-	0.0	1.0	0.0	0.0
xìd-	0.139544869042	0.365454210882	0.434275900141	0.060725019935
def-	0.207692307692	0.646153846154	0.1	0.0461538461538
asó-	0.0225140712946	0.921200750469	0.0	0.0562851782364
yéh-	0.119930761622	0.261560336301	0.561634520277	0.0568743818002
mêè-	0.402476780186	0.458204334365	0.139318885449	0.0
ñuh-	0.0659025425038	0.800849787854	0.0254780373284	0.107769632314
nda-	0.401325554853	0.349252041002	0.100464160732	0.148958243413
cés-	0.0732765547164	0.918045958541	0.00867748674273	0.0
iáj-	0.278372591006	0.477516059957	0.115631691649	0.128479657388
era-	0.0	1.0	0.0	0.0
sus-	0.0	1.0	0.0	0.0
úhì-	0.206587915686	0.300409925534	0.117944550901	0.375057607878
bla-	0.215510171155	0.303131344367	0.0692149454805	0.412143538997
fam-	0.262521974496	0.410497530485	0.167885146636	0.159095348383
xít-	0.484726048975	0.358692409112	0.0729235944081	0.083657947505
ìñù-	0.0337592680234	0.0875532418362	0.221906715044	0.656780775096
náî-	0.792452830189	0.207547169811	0.0	0.0
sam-	0.0188381355628	0.973267788582	0.00215292977861	0.00574114607629
ìnd-	0.347107438017	0.206611570248	0.0330578512397	0.413223140496
lit-	0.0323325635104	0.812163202463	0.155504234026	0.0
lan-	0.0605087214731	0.924799860556	0.00186755313189	0.012823864839
duh-	0.20756207675	0.174943566591	0.0194130925508	0.598081264108
caá-	0.197336561743	0.311138014528	0.443099273608	0.0484261501211
lib-	0.103381129403	0.464802029858	0.401841033811	0.0299758069275
lad-	0.0793664182726	0.370820399487	0.0562102143644	0.493602967876
dát-	0.453237635882	0.394218395254	0.103579238117	0.0489647307463
ìtú-	0.0502555006546	0.914270028295	0.00295620592086	0.0325182651294
dit-	0.313843378927	0.601608297009	0.071020592214	0.0135277318503
gri-	0.00340039671294	0.352224426183	0.640974780391	0.00340039671296
cla-	0.226228359852	0.355658961273	0.104172921045	0.313939757831
acó-	0.15625	0.760416666667	0.0833333333333	0.0
rub-	0.0	1.0	0.0	0.0
orá-	0.0240598989298	0.891312425684	0.0593601367419	0.0252675386445
tax-	0.559754128977	0.243300327726	0.0401874759266	0.15675806737
clo-	0.137931034483	0.816091954023	0.0229885057471	0.0229885057471
ìì‑-	0.302409441075	0.314702507786	0.137354532044	0.245533519095
kil-	0.0564617314931	0.905897114178	0.00376411543287	0.0338770388959
res-	0.0	1.0	0.0	0.0
xix-	0.62233213427	0.294870809408	0.0400986399862	0.0426984163353
let-	0.177825516171	0.756056808688	0.0553765365795	0.0107411385607
pil-	0.0388212047887	0.896089350057	0.044981455848	0.0201079893067
dít-	0.488659793814	0.437113402062	0.0247422680412	0.0494845360824
idu-	0.0359192742085	0.902610627662	0.0133308646547	0.0481392334753
asa-	0.0	0.857142857143	0.0	0.142857142857
cud-	0.38764219726	0.308884833182	0.195739934958	0.107733034599
aná-	0.0205128205128	0.964102564103	0.0153846153846	0.0
cùs-	0.507614213198	0.289340101523	0.10152284264	0.10152284264
dol-	0.251162790698	0.713953488372	0.00930232558139	0.0255813953489
cab-	0.170138888889	0.802083333334	0.0	0.0277777777777
naa-	0.0	0.810837438424	0.189162561576	0.0
obl-	0.410832232497	0.359313077939	0.126816380449	0.103038309115
yàm-	0.404825737265	0.0965147453083	0.369973190349	0.128686327078
nác-	0.549164151457	0.235960547056	0.110753151663	0.104122149823
cóh-	0.431604987882	0.250888450768	0.257996056911	0.0595105044391
joa-	0.0	1.0	0.0	0.0
tav-	0.494807770899	0.162905744631	0.0320136029214	0.310272881549
tot-	0.191489361702	0.468085106383	0.170212765957	0.170212765957
ni‑-	0.134348202758	0.306836361332	0.0349477441624	0.523867691747
esq-	0.0	0.875236294896	0.0226843100189	0.102079395085
ñày-	0.0676120566643	0.0320290407299	0.00510409121364	0.895254811392
nûù-	0.260462511003	0.384252220533	0.234456269505	0.12082899896
mic-	0.22096633356	0.375327447366	0.118608712525	0.285097506549
dàt-	0.506875884442	0.331424450694	0.0813226384695	0.0803770263943
ham-	0.0	0.973684210526	0.0263157894737	0.0
íqu-	0.102673796791	0.544385026738	0.12192513369	0.231016042781
rag-	0.0	1.0	0.0	0.0
nùí-	0.0335178699205	0.0311452566565	0.0143737681869	0.920963105236
ñá‑-	0.413392758014	0.317388063252	0.136084632587	0.133134546147
gar-	0.189510706527	0.782559222096	0.0186200475846	0.00931002379228
túù-	0.0389863547758	0.883040935672	0.0779727095517	0.0
tnà-	0.582764054866	0.256256080181	0.0251284241965	0.135851440756
vàx-	0.654245352884	0.080934768281	0.0158603823291	0.248959496506
cúh-	0.585228270188	0.261227107109	0.0533962050951	0.100148417607
xin-	0.607266037652	0.246440814923	0.0229938860361	0.123299261389
cùt-	0.191082802548	0.503763752171	0.235668789809	0.0694846554719
