hēb-	0.113636363636	0.809917355372	0.0764462809917	0.0
kud-	0.356358470566	0.246123925798	0.228276743125	0.169240860511
xnū-	0.517132867133	0.320629370629	0.136363636364	0.0258741258741
xiꞌ-	0.270583726216	0.283233425451	0.378918670967	0.0672641773664
siu-	0.049466080402	0.942289572864	0.00824434673366	0.0
fig-	0.08	0.92	0.0	0.0
¡ñā-	0.94128061375	0.0197698436117	0.0	0.038949542638
eūn-	0.107142857143	0.892857142857	0.0	0.0
jac-	0.0531370038412	0.875800256082	0.0460947503201	0.0249679897567
úun-	0.0861081125965	0.0858922195467	0.0255750228348	0.802424645022
viu-	0.205792682927	0.699695121951	0.0487804878048	0.045731707317
xné-	0.266423357664	0.0802919708029	0.653284671533	0.0
jác-	0.0319178462393	0.945184568415	0.0228975853456	0.0
uvé-	0.361290322581	0.421935483871	0.162580645161	0.0541935483871
táñ-	0.654570750911	0.204661345668	0.0	0.140767903422
níꞌ-	0.629885411222	0.120546651349	0.0238834956608	0.225684441768
kāá-	0.205733558179	0.600899381675	0.125913434514	0.0674536256324
xkū-	0.398563734291	0.418312387792	0.0861759425493	0.096947935368
der-	0.0671328671328	0.899300699301	0.0167832167832	0.0167832167832
ñún-	0.11524822695	0.769503546099	0.0	0.11524822695
kuv-	0.395171787732	0.134158481715	0.125305431323	0.34536429923
tib-	0.0508474576271	0.943502824859	0.00564971751412	0.0
mēn-	0.528846153846	0.471153846154	0.0	0.0
nāx-	0.412355022411	0.391668074618	0.0874486925929	0.108528210378
ɨɨn-	0.0556414219474	0.0911901081917	0.207109737249	0.646058732612
ʼnú-	0.506091846298	0.0552952202437	0.0112464854733	0.427366447985
kíñ-	0.73721340388	0.183421516755	0.0	0.0793650793651
xod-	0.143631436314	0.758807588076	0.0813008130081	0.0162601626016
ñut-	0.196639586411	0.661189069424	0.0230797636632	0.119091580502
zaq-	0.0490797546012	0.791411042945	0.134969325153	0.0245398773006
cul-	0.137404580153	0.862595419847	0.0	0.0
zac-	0.0892966360856	0.838532110092	0.0379204892967	0.034250764526
her-	0.0338277957195	0.90004926378	0.0517817067163	0.014341233784
ate-	0.0269662921348	0.962921348315	0.0101123595506	0.0
vîd-	0.103413143148	0.683138053999	0.196637799287	0.016811003566
eru-	0.0	1.0	0.0	0.0
ñuꞌ-	0.133075790401	0.505849259695	0.0664286065068	0.294646343398
xña-	0.298192771084	0.611445783133	0.0903614457831	0.0
pat-	0.0185185185185	0.962962962963	0.0	0.0185185185185
cór-	0.119170984456	0.746113989637	0.0	0.134715025907
ité-	0.0620592383639	0.777150916784	0.160789844852	0.0
kūd-	0.279559666331	0.37124094034	0.16066522458	0.188534168749
flé-	0.0	1.0	0.0	0.0
tīb-	0.0	0.897260273973	0.0	0.102739726027
kid-	0.0576319521066	0.0703982493113	0.0077259710448	0.864243827537
vāt-	0.262241611473	0.167733963398	0.0664189758064	0.503605449323
túʼ-	0.329967329967	0.497178497179	0.10098010098	0.071874071874
īni-	0.798229278878	0.0970602402468	0.025177651653	0.0795328292226
ent-	0.666666666667	0.245614035088	0.0350877192982	0.0526315789474
kūr-	0.666666666667	0.263157894737	0.0	0.0701754385965
ʼmi-	0.795799944736	0.179331306991	0.0	0.024868748273
tāꞌ-	0.256677500144	0.378547787873	0.0673969159177	0.297377796065
līs-	0.0	0.986111111111	0.0138888888889	0.0
nák-	0.625526561411	0.210411831679	0.0473902877103	0.1166713192
dīn-	0.230769230769	0.703296703297	0.065934065934	0.0
che-	0.118685121107	0.673010380623	0.0726643598615	0.135640138408
mān-	0.0357142857143	0.928571428571	0.0	0.0357142857143
ítā-	0.336610084515	0.121347228191	0.0326958888411	0.509346798453
asi-	0.0126910480349	0.971956877729	0.00921124454149	0.00614082969431
míi-	0.108789369252	0.205343812411	0.136839860135	0.549026958202
amu-	0.0	1.0	0.0	0.0
tol-	0.0408163265306	0.959183673469	0.0	0.0
ékū-	0.217391304348	0.782608695652	0.0	0.0
laꞌ-	0.12	0.472	0.312	0.096
īʼx-	0.532374100719	0.370503597122	0.0755395683453	0.021582733813
léꞌ-	0.261387276193	0.691697058849	0.0187662659831	0.0281493989746
táv-	0.560109289618	0.150819672131	0.178142076503	0.110928961749
uꞌm-	0.026714158504	0.952804986643	0.013357079252	0.00712377560107
mág-	0.103448275862	0.862068965517	0.0344827586207	0.0
xid-	0.175675675676	0.351351351351	0.054054054054	0.418918918919
siē-	0.106312292359	0.255813953488	0.199335548173	0.43853820598
kod-	0.37319611381	0.205960933399	0.0982154180879	0.322627534703
idú-	0.023539668701	0.952048823017	0.0156931124673	0.00871839581515
dod-	0.322502460427	0.439196365309	0.12941622339	0.108884950874
vaʼ-	0.216458364704	0.463409125132	0.298674898359	0.0214576118054
ítē-	0.58064516129	0.387096774194	0.0322580645161	0.0
met-	0.218855218855	0.579124579125	0.0841750841751	0.117845117845
uni-	0.0201266903275	0.04452131722	0.218877757312	0.716474235141
itō-	0.139952718676	0.29390070922	0.0881796690307	0.477966903073
iñɨ-	0.258233215548	0.547844522968	0.0893286219081	0.104593639576
kíl-	0.210084033613	0.689075630252	0.0168067226891	0.0840336134454
cír-	0.0294117647059	0.970588235294	0.0	0.0
grā-	0.0	0.972602739726	0.027397260274	0.0
náñ-	0.612287400208	0.251648733079	0.0538007636237	0.0822631030892
lāá-	0.026706231454	0.916913946587	0.0563798219585	0.0
xīꞌ-	0.507571933367	0.312720848057	0.0767289247855	0.102978293791
xuʼ-	0.43347639485	0.107296137339	0.0257510729614	0.43347639485
kix-	0.483971901761	0.324760545696	0.0741239139708	0.117143638572
arm-	0.0	1.0	0.0	0.0
cal-	0.0869565217392	0.913043478261	0.0	0.0
ēde-	0.58287271512	0.320204643032	0.0267372805101	0.0701853613389
mii-	0.153247697972	0.063379986521	0.177866765545	0.605505549962
síd-	0.0	0.980891719745	0.0191082802548	0.0
mār-	0.307411273486	0.542797494781	0.0198329853862	0.129958246347
kóo-	0.253079062376	0.456893126738	0.157330154946	0.13269765594
nté-	0.139723554996	0.0657418151297	0.0221934784872	0.772341151387
tɨc-	0.0666666666666	0.866666666667	0.0444444444444	0.0222222222222
mes-	0.281362420609	0.699325129219	0.000998919836481	0.0183135303355
xni-	0.394904458599	0.566878980892	0.0382165605096	0.0
ápi-	0.0	0.977528089888	0.0224719101124	0.0
ntū-	0.232942197797	0.470681667092	0.0633621311556	0.233014003955
adi-	0.0	1.0	0.0	0.0
ami-	0.0	1.0	0.0	0.0
kax-	0.399147299973	0.397162857677	0.111762424867	0.0919274174824
íꞌa-	0.0650958466453	0.238817891374	0.0399361022364	0.656150159744
str-	0.157409187007	0.703344224486	0.139246588507	0.0
ēꞌn-	0.607512194199	0.306465737525	0.0319567963922	0.0540652718837
máu-	0.109947643979	0.659685863874	0.0	0.230366492147
kōo-	0.325090210282	0.104434841023	0.0321692341352	0.538305714559
kāa-	0.100895803866	0.794436586516	0.05657708628	0.048090523338
dēn-	0.119770303527	0.495488105004	0.23872026251	0.146021328958
dîn-	0.267186706429	0.482582140671	0.208936175754	0.0412949771451
ʼxu-	0.416093219151	0.405246677867	0.0529819615739	0.125678141408
ñɨɨ-	0.124875644897	0.822533745554	0.0266199381669	0.0259706713823
ʼdu-	0.330341548607	0.179841672424	0.0873316737696	0.402485105199
ñāv-	0.120320855615	0.692513368984	0.110294117647	0.076871657754
uún-	0.603092783505	0.335051546392	0.0309278350516	0.0309278350516
sat-	0.262019230769	0.548076923077	0.189903846154	0.0
díñ-	0.304315750646	0.223533751383	0.0383622279602	0.433788270011
ínu-	0.488888888889	0.32	0.0831746031746	0.107936507937
crī-	0.242774566474	0.423121387283	0.11098265896	0.223121387283
fēn-	0.0473933649289	0.744075829384	0.104265402844	0.104265402844
xñá-	0.566037735849	0.245283018868	0.0	0.188679245283
vít-	0.365853658537	0.512195121951	0.0487804878049	0.0731707317073
dôꞌ-	0.156804133104	0.788046124264	0.0399463000684	0.0152034425633
sēu-	0.222570532915	0.702194357367	0.0752351097179	0.0
arq-	0.340659340659	0.615384615385	0.0	0.0439560439561
ale-	0.165100671141	0.630872483222	0.2	0.00402684563758
sid-	0.0547337278107	0.927514792899	0.00887573964498	0.00887573964497
diú-	0.229508196721	0.706739526412	0.0	0.063752276867
ñɨ́-	0.0	0.917542120912	0.0824578790882	0.0
īxí-	0.170212765957	0.744680851064	0.0851063829787	0.0
dec-	0.0535714285714	0.69387755102	0.0	0.252551020408
kue-	0.273094770372	0.293911218333	0.0863429165982	0.346651094696
chū-	0.0697674418605	0.93023255814	0.0	0.0
vit-	0.202443280977	0.518906340896	0.189451231336	0.0891991467908
naū-	0.896103896104	0.0	0.103896103896	0.0
var-	0.223760932945	0.747084548105	0.0	0.0291545189505
vát-	0.293335846922	0.230998837465	0.0938197128225	0.38184560279
ʼvi-	0.643308443423	0.115450890293	0.0723721998851	0.168868466399
níñ-	0.0187061574435	0.908807482463	0.0233826968043	0.0491036632892
ūve-	0.419173560214	0.463678698446	0.0316742970546	0.0854734442851
nuū-	0.152687338333	0.421251014209	0.0929059395425	0.333155707916
tād-	0.0	1.0	0.0	0.0
kíꞌ-	0.561292183444	0.0962647822325	0.0879723103548	0.254470723969
edɨ-	0.338129496403	0.388489208633	0.158273381295	0.115107913669
ina-	0.473282442748	0.114503816794	0.18320610687	0.229007633588
cre-	0.0406142365098	0.942164179104	0.0172215843858	0.0
ōni-	0.0	1.0	0.0	0.0
iꞌn-	0.180104325264	0.153586969252	0.601378390796	0.0649303146875
vet-	0.132981598806	0.614137133219	0.213311133695	0.039570134279
ñúꞌ-	0.303460103695	0.474580978412	0.0619812303298	0.159977687563
náꞌ-	0.219775519801	0.166794816499	0.381297287365	0.232132376335
tia-	0.0	0.955445544554	0.029702970297	0.0148514851485
ʼká-	0.129520605551	0.870479394449	0.0	0.0
ōse-	0.0526315789474	0.842105263158	0.105263157895	0.0
xux-	0.00658833864062	0.874821565829	0.118590095531	0.0
kóꞌ-	0.632710010112	0.263319255636	0.0365500642877	0.0674206699642
iñu-	0.0198957839887	0.216011369019	0.0369493131218	0.72714353387
vév-	0.215246636771	0.381165919282	0.14798206278	0.255605381166
spe-	0.126506024096	0.855421686747	0.0180722891566	0.0
tút-	0.729319082953	0.231187103891	0.0157975252625	0.0236962878938
ñuu-	0.0653703430175	0.751946644246	0.0267233249634	0.155959687773
ɨ̄ɨ-	0.0	0.0	1.0	0.0
náx-	0.604808820813	0.20058040895	0.0503061289935	0.144304641243
zab-	0.0606717226435	0.848320693391	0.0	0.0910075839654
paf-	0.0185185185185	0.981481481481	0.0	0.0
lig-	0.0	0.881578947368	0.0	0.118421052632
xuv-	0.0393731128708	0.911668021523	0.0208336289196	0.0281252366871
nām-	0.0286192468619	0.570711297071	0.400669456067	0.0
ení-	0.0200227845479	0.912348534539	0.0209203576484	0.0467083232644
ndí-	0.0	0.838926174497	0.161073825503	0.0
abr-	0.0215211032177	0.922900125366	0.0513999164229	0.00417885499373
nef-	0.0	1.0	0.0	0.0
táa-	0.194444444444	0.666666666667	0.0777777777778	0.0611111111111
ezē-	0.0	1.0	0.0	0.0
vad-	0.0	0.851344974044	0.106182161397	0.0424728645588
tīm-	0.0	1.0	0.0	0.0
níʼ-	0.333994446648	0.404204680682	0.202300674336	0.0595001983339
tɨɨ-	0.808309533524	0.103971168231	0.0186318509452	0.0690874473004
jās-	0.175	0.825	0.0	0.0
nif-	0.0	1.0	0.0	0.0
tíi-	0.673795152315	0.193341507121	0.0816985758748	0.0511647646893
ʼtē-	0.285854363382	0.10227350407	0.00892520128514	0.602946931262
boó-	0.0	1.0	0.0	0.0
mét-	0.104537478065	0.733015793432	0.0676861368764	0.0947605916269
feb-	0.135135135135	0.864864864865	0.0	0.0
dīi-	0.0754540997525	0.140803807383	0.752053762541	0.0316883303239
isā-	0.0867579908676	0.900597119775	0.00842992623815	0.00421496311908
ʼkó-	0.692893401015	0.260913705584	0.0	0.046192893401
xɨk-	0.109289617486	0.840922890103	0.0352155434123	0.0145719489982
ñāʼ-	0.479069767442	0.251162790698	0.106976744186	0.162790697674
xōó-	0.178877895981	0.405571578619	0.0699612291853	0.345589296214
elm-	0.0	1.0	0.0	0.0
vēv-	0.525821596244	0.183098591549	0.206572769953	0.0845070422535
ran-	0.261927034612	0.630495790458	0.0851262862488	0.022450888681
zel-	0.0212765957447	0.978723404255	0.0	0.0
xik-	0.0488160928847	0.937236452005	0.00929830340664	0.00464915170332
xoʼ-	0.550543678585	0.183376336159	0.164485809067	0.101594176189
agr-	0.016348773842	0.964577656676	0.00817438692097	0.0108991825613
eni-	0.58399462825	0.198312171896	0.0266298376267	0.191063362227
xée-	0.763817409269	0.050050333332	0.0250655950451	0.161066662354
kúꞌ-	0.368607528991	0.497956432566	0.0344026408661	0.0990333975775
kûʼ-	0.413654618474	0.5140562249	0.0722891566265	0.0
ānt-	0.191256830601	0.808743169399	0.0	0.0
xeʼ-	0.760432766615	0.239567233385	0.0	0.0
eꞌn-	0.42001302366	0.433470805296	0.0683742131539	0.0781419578901
kok-	0.372644049542	0.567582121702	0.0210016155089	0.0387722132472
īñú-	0.0	0.0181818181818	0.981818181818	0.0
ēní-	0.0197411713095	0.951963149814	0.0039482342619	0.0243474446151
xiʼ-	0.627732667083	0.0687070580887	0.0424734540912	0.261086820737
rei-	0.0375945370438	0.912094733961	0.0227289415189	0.027581787476
ínū-	0.407037185126	0.439424230308	0.030387844862	0.123150739704
ñáꞌ-	0.236190205979	0.404791938966	0.0305525575727	0.328465297483
kɨ́-	0.474294341019	0.363798913194	0.0662223416167	0.0956844041697
reí-	0.0942868637452	0.798205614441	0.0502180035164	0.0572895182973
est-	0.131794489948	0.709605361132	0.078183172003	0.0804169769174
see-	0.0	1.0	0.0	0.0
ʼvé-	0.784114052953	0.215885947047	0.0	0.0
elē-	0.027027027027	0.743243243243	0.22972972973	0.0
kún-	0.527050160256	0.239609205337	0.092458041636	0.140882592771
ēꞌm-	0.593054318789	0.310774710597	0.0641139804096	0.0320569902048
kak-	0.704480115538	0.123632002293	0.0240163133182	0.147871568852
¡du-	0.333333333333	0.388888888889	0.25	0.0277777777778
uvē-	0.246376811594	0.710144927536	0.0144927536232	0.0289855072463
īta-	0.47866419295	0.289734075448	0.0185528756957	0.213048855906
āso-	0.0	1.0	0.0	0.0
ʼka-	0.480680088099	0.28460328699	0.0743269312218	0.160389693689
ngá-	0.0545670225386	0.885593778832	0.0471859760116	0.0126532226176
¡ña-	0.222222222222	0.777777777778	0.0	0.0
káꞌ-	0.545789416561	0.213969929733	0.0718624925785	0.168378161127
táʼ-	0.476150627615	0.321338912134	0.0937238493724	0.108786610879
kua-	0.116066619289	0.150720418443	0.172216675438	0.560996286829
hīs-	0.0227272727273	0.977272727273	0.0	0.0
drū-	0.121951219512	0.878048780488	0.0	0.0
ñad-	0.029993854438	0.712074829636	0.0259798058476	0.231951510078
ínt-	0.659716600615	0.19837253011	0.0726448497476	0.0692660195268
ség-	0.0	1.0	0.0	0.0
ñuk-	0.013986013986	0.986013986014	0.0	0.0
niʼ-	0.341573033708	0.366292134831	0.0329588014981	0.259176029963
sān-	0.135321496294	0.822616790209	0.0162041027409	0.0258576107568
xēꞌ-	0.603081552189	0.236485785433	0.0492840838348	0.111148578543
mpá-	0.18487394958	0.159663865546	0.605042016807	0.0504201680672
ngɨ-	0.0517655125129	0.292937949948	0.0267398011656	0.628556736373
ûꞌv-	0.239413680782	0.14983713355	0.57654723127	0.0342019543974
dún-	0.0410022779043	0.876993166287	0.0683371298405	0.0136674259681
hēr-	0.134664131812	0.727503168568	0.0807984790875	0.0570342205323
tīí-	0.296568627451	0.525735294118	0.106617647059	0.0710784313725
sie-	0.0194838933149	0.122748527884	0.0584516799446	0.799315898857
óse-	0.130208333333	0.557291666667	0.0	0.3125
tɨn-	0.0844958369601	0.870755357764	0.0347304160349	0.0100183892408
tɨx-	0.658578856153	0.169844020797	0.0883882149046	0.0831889081456
sūs-	0.03125	0.96875	0.0	0.0
ɨtɨ-	0.820040899796	0.0879345603271	0.0122699386503	0.079754601227
laz-	0.0	1.0	0.0	0.0
dūn-	0.169105691057	0.80162601626	0.0	0.0292682926829
jóe-	0.443786982249	0.516765285996	0.0197238658777	0.0197238658777
ābr-	0.0255813953488	0.959212880143	0.00644007155635	0.00876565295169
kúr-	0.0	0.674208144796	0.325791855204	0.0
xēé-	0.182326971877	0.155629714603	0.598081134634	0.0639621788855
kaú-	0.537234042553	0.234042553191	0.202127659574	0.0265957446809
ʼle-	0.387878787879	0.393939393939	0.0	0.218181818182
zeú-	0.03125	0.921875	0.046875	0.0
īto-	0.566194982203	0.326417223717	0.00746592586162	0.0999218682177
kāñ-	0.223991426165	0.620225063155	0.0732603536707	0.0825231570084
eti-	0.00700525394046	0.926444833625	0.0595446584939	0.00700525394047
elí-	0.0	1.0	0.0	0.0
nēé-	0.0856525703278	0.37954207633	0.0582336041043	0.476571749238
nūú-	0.111328149404	0.454182823062	0.297596636416	0.136892391119
lɨ́-	0.233042192698	0.758787713735	0.00350146867158	0.00466862489545
nai-	0.665576351764	0.1933682278	0.0232148455816	0.117840574854
joó-	0.0416666666667	0.958333333333	0.0	0.0
anf-	0.0566037735849	0.943396226415	0.0	0.0
rka-	0.0140515222483	0.949648711944	0.036299765808	0.0
tīr-	0.0142857142857	0.928571428571	0.0571428571429	0.0
xav-	0.241921878931	0.742830943826	0.0030494354487	0.0121977417948
dax-	0.258928571429	0.25	0.0	0.491071428571
heb-	0.0140762463343	0.971260997067	0.00234604105571	0.0123167155425
sod-	0.0239158532896	0.898538804226	0.0195675163278	0.0579778261565
bau-	0.160932548665	0.805115436849	0.0176550475328	0.0162969669534
fes-	0.016393442623	0.983606557377	0.0	0.0
xuu-	0.10438014673	0.84691324406	0.0286545871211	0.020052022089
kot-	0.596939876199	0.27239880682	0.0393624730877	0.0912988438932
xāk-	0.238265652076	0.761734347924	0.0	0.0
dav-	0.2775381002	0.60710315955	0.018166730748	0.0971920095018
ñáñ-	0.355386678587	0.574877067501	0.0429146177917	0.0268216361198
dot-	0.297521019329	0.321241801739	0.168876946635	0.212360232296
tan-	0.54123372943	0.324921762519	0.0773788562168	0.0564656518339
xūꞌ-	0.363649596241	0.394361505464	0.0545223787015	0.187466519593
nea-	0.0	1.0	0.0	0.0
vii-	0.497973822347	0.234069705331	0.0889510062613	0.179005466061
caí-	0.0	0.96	0.0	0.04
ngu-	0.137043094595	0.399604427371	0.165075501122	0.298276976912
éde-	0.442854179631	0.32690313213	0.0995644057249	0.130678282514
kīñ-	0.38120225326	0.61879774674	0.0	0.0
acá-	0.330783938815	0.63862332696	0.0	0.0305927342256
jún-	0.212827988338	0.752186588921	0.0349854227405	0.0
āda-	0.165099268548	0.736677115987	0.0919540229885	0.00626959247648
nak-	0.59419926416	0.267757948068	0.0548089750299	0.0832338127413
xéē-	0.791875718834	0.0722417615388	0.0246695447802	0.111212974847
xōo-	0.346619065381	0.369798049768	0.0330367133799	0.250546171471
píl-	0.0608172315489	0.850174216028	0.0446626544187	0.0443458980044
máú-	0.285714285714	0.624060150376	0.0451127819549	0.0451127819549
reg-	0.0740740740741	0.925925925926	0.0	0.0
uʼv-	0.26164874552	0.551971326165	0.129032258065	0.0573476702509
noe-	0.029387755102	0.965714285714	0.0	0.00489795918367
put-	0.037037037037	0.962962962963	0.0	0.0
ido-	0.534201954398	0.285016286645	0.161237785016	0.0195439739414
xiō-	0.515384615385	0.253846153846	0.0923076923077	0.138461538462
dɨv-	0.31579332436	0.123665990145	0.0216437190825	0.538896966412
pub-	0.0384	0.808	0.0192	0.1344
ītá-	0.670588235294	0.247058823529	0.0823529411764	0.0
tun-	0.129328248783	0.506281455236	0.103313298736	0.261076997246
iní-	0.491953904666	0.1520980422	0.0322481067193	0.323699946416
dad-	0.115801862427	0.13450278431	0.13776864177	0.611926711493
vaꞌ-	0.125654573696	0.29529991	0.412436358207	0.166609158096
éni-	0.675672030927	0.209026341814	0.0510204081633	0.0642812190956
¡ñá-	0.247191011236	0.320224719101	0.280898876404	0.151685393258
dûꞌ-	0.341176470588	0.529411764706	0.105882352941	0.0235294117648
váʼ-	0.351283799137	0.177232447171	0.396500795274	0.0749829584185
rom-	0.0577307760193	0.760693063482	0.170765429193	0.0108107313055
ūra-	0.123566878981	0.766369426752	0.0214012738854	0.0886624203821
tūn-	0.134251290878	0.511187607573	0.328743545611	0.025817555938
can-	0.0467532467532	0.823376623377	0.109090909091	0.0207792207792
jes-	0.0143721505966	0.807073965093	0.00346260556726	0.175091278743
kín-	0.215010224438	0.486444702325	0.201618260112	0.0969268131255
xoó-	0.0704818489944	0.246685572277	0.00673869289543	0.676093885833
kuñ-	0.277597402597	0.266233766234	0.387987012987	0.0681818181818
ʼēn-	0.0740740740741	0.762962962963	0.0296296296296	0.133333333333
koō-	0.5111965481	0.112491010677	0.0114233556453	0.364889085578
dúꞌ-	0.335418021771	0.370847705507	0.0483437657188	0.245390507003
saꞌ-	0.0967732145703	0.105361789944	0.0239751750719	0.773889820414
dók-	0.287125151248	0.253082180581	0.107917198077	0.351875470094
cap-	0.0389523169913	0.940899932841	0.00604432505037	0.0141034251175
kīn-	0.260973050186	0.353217686712	0.315459445142	0.07034981796
anā-	0.0158588115713	0.984141188429	0.0	0.0
teú-	0.129032258064	0.83064516129	0.0	0.0403225806452
ara-	0.0105448154657	0.989455184534	0.0	0.0
gad-	0.187050359712	0.741007194245	0.0431654676259	0.0287769784173
átā-	0.282264555943	0.254091762812	0.360611752079	0.103031929166
amo-	0.0	1.0	0.0	0.0
etú-	0.205011389522	0.773633257403	0.0	0.0213553530751
ñīi-	0.718543046358	0.281456953642	0.0	0.0
kaū-	0.192598187311	0.35498489426	0.327794561934	0.124622356495
géd-	0.110091743119	0.889908256881	0.0	0.0
ñūu-	0.193384902641	0.597803858807	0.0485462790077	0.160264959545
tií-	0.234658788202	0.569622705478	0.117256744321	0.0784617619994
kāc-	0.435897435897	0.341025641026	0.169230769231	0.0538461538462
kán-	0.582777188413	0.186008956929	0.0375784186494	0.193635436008
kɨt-	0.114088908451	0.724572183099	0.0406690140845	0.120669894366
egí-	0.00827067669173	0.910338345865	0.059962406015	0.0214285714286
trū-	0.289085545723	0.710914454277	0.0	0.0
ōro-	0.0413217837664	0.93801732435	0.0206608918832	0.0
tāñ-	0.0660247592847	0.892709766162	0.0165061898212	0.0247592847318
ûvé-	0.464516129032	0.38064516129	0.0774193548387	0.0774193548387
jus-	0.0378378378378	0.962162162162	0.0	0.0
teó-	0.0	0.946902654867	0.0530973451328	0.0
eze-	0.0	1.0	0.0	0.0
jos-	0.0101713062099	0.968950749465	0.0120449678801	0.0088329764454
rká-	0.269822223043	0.730177776957	0.0	0.0
ñāt-	0.100840336134	0.63025210084	0.0	0.268907563025
ñuú-	0.144657601881	0.299044689435	0.0057685686258	0.550529140058
ābi-	0.0	1.0	0.0	0.0
fēl-	0.0236034618411	0.962234461054	0.0141620771046	0.0
xáa-	0.490196078431	0.387254901961	0.0980392156863	0.0245098039216
bur-	0.449826989619	0.426594167079	0.103806228374	0.0197726149283
cor-	0.100419422487	0.841809162768	0.0108888530408	0.0468825617035
odō-	0.246897452645	0.464402351404	0.229915088178	0.0587851077727
efe-	0.00833333333333	0.989583333333	0.00208333333334	0.0
kɨ̄-	0.649707522741	0.11790030118	0.0610485955235	0.171343580555
ígu-	0.0	0.954599761051	0.0310633213859	0.0143369175627
véñ-	0.0458015267176	0.885496183206	0.0687022900763	0.0
kāʼ-	0.462274176408	0.311745952366	0.0540726386197	0.171907232606
ūꞌm-	0.135048231511	0.787781350482	0.0771704180064	0.0
sōs-	0.0967741935484	0.825806451613	0.0387096774194	0.0387096774194
aca-	0.00178359096314	0.987514863258	0.0	0.0107015457788
tūꞌ-	0.289796710812	0.391713985921	0.08682601421	0.231663289057
ʼít-	0.234042553191	0.510638297872	0.0	0.255319148936
tsū-	0.530516431925	0.403755868545	0.0469483568075	0.018779342723
vat-	0.157778120363	0.0507713753191	0.0169471977748	0.774503306543
xɨ̄-	0.129161652627	0.800240673887	0.0429201764942	0.0276774969915
ʼdɨ-	0.454229432213	0.398914435567	0.0102457766665	0.136610355553
kut-	0.428149624975	0.373763285535	0.0826828246586	0.115404264832
ced-	0.0	1.0	0.0	0.0
ʼkū-	0.452863456233	0.388022356442	0.159114187325	0.0
ume-	0.831460674157	0.101123595506	0.0	0.0674157303371
tāb-	0.0	1.0	0.0	0.0
tsō-	0.46357615894	0.391464311994	0.0949227373068	0.0500367917586
kaû-	0.118402724037	0.0527782077078	0.0473610896146	0.781457978641
mui-	0.0509154315606	0.922231909329	0.0116826503923	0.0151700087184
uts-	0.171199446628	0.768000749897	0.0607998034753	0.0
vev-	0.111346932177	0.238173672536	0.0476041214359	0.602875273851
ute-	0.222675514472	0.348782566036	0.152908673087	0.275633246404
for-	0.0	1.0	0.0	0.0
kaí-	0.33102976676	0.433963847135	0.147789984551	0.0872164015541
téꞌ-	0.239824304539	0.500732064422	0.223718887262	0.0357247437774
ntē-	0.185852681435	0.103062784754	0.0282631591951	0.682821374616
tru-	0.194341372913	0.800092764379	0.00556586270872	0.0
ber-	0.0804700009191	0.875630674864	0.0316365377824	0.012262786434
éka-	0.608228980322	0.20572450805	0.0751341681574	0.11091234347
xīo-	0.336525307797	0.240766073871	0.0861833105335	0.336525307798
kēn-	0.498929219354	0.379030539941	0.0666606356793	0.0553796050259
nâá-	0.0	1.0	0.0	0.0
léi-	0.396825396825	0.333333333333	0.238095238095	0.031746031746
sál-	0.0248344370861	0.961920529801	0.00331125827814	0.00993377483443
tóꞌ-	0.0418154433925	0.884671371091	0.0474429288783	0.0260702566385
cās-	0.387096774193	0.477419354839	0.135483870968	0.0
zar-	0.0	1.0	0.0	0.0
xód-	0.409069237697	0.590930762303	0.0	0.0
íñá-	0.19696969697	0.393939393939	0.0606060606061	0.348484848485
nax-	0.495391470747	0.344935656783	0.064740365037	0.0949325074325
duk-	0.0649428241346	0.368605935607	0.045707261415	0.520743978844
loi-	0.037037037037	0.944444444444	0.0185185185185	0.0
oso-	0.0	0.925373134328	0.0746268656716	0.0
íta-	0.558962921662	0.378310565932	0.0250906049624	0.0376359074435
abe-	0.0996441281138	0.868327402135	0.0	0.0320284697509
leꞌ-	0.0546157893711	0.929208972385	0.00691832479099	0.00925691345273
tam-	0.254071661238	0.667752442997	0.0586319218241	0.0195439739414
dîí-	0.656996587031	0.29180887372	0.0511945392491	0.0
íxī-	0.539325842697	0.337078651685	0.101123595506	0.0224719101123
alā-	0.285714285714	0.642857142857	0.0714285714286	0.0
jan-	0.0142045454545	0.917140151515	0.0331439393939	0.0355113636364
san-	0.0258101423587	0.0130609340524	0.000622256260903	0.960506667328
jāc-	0.0194805194805	0.973214285714	0.00730519480519	0.0
tēr-	0.0487804878048	0.90243902439	0.0325203252032	0.0162601626016
jūd-	0.0425029515939	0.865407319953	0.0495867768595	0.0425029515939
éma-	0.177877428998	0.469357249626	0.210762331839	0.142002989537
vāʼ-	0.435561022277	0.277436107694	0.168101681017	0.118901189012
epī-	0.0538116591928	0.29596412556	0.650224215247	0.0
dɨ́-	0.258735872446	0.293807303364	0.0458686252034	0.401588198986
fel-	0.0569539791508	0.928553267226	0.00533943554538	0.0091533180778
dīk-	0.365202654992	0.327637339359	0.0162406439768	0.290919361672
nto-	0.0804139191618	0.0631990105987	0.0100172187094	0.84636985153
kii-	0.29899899307	0.289492388793	0.11387194219	0.297636675946
arī-	0.0	0.878787878788	0.121212121212	0.0
ʼik-	0.480909829407	0.0901705930138	0.292445166531	0.136474411048
énu-	0.0275641986678	0.903525304663	0.0	0.0689104966696
ído-	0.54375	0.213194444444	0.025	0.218055555556
pus-	0.0594901688095	0.827107159237	0.0322528147238	0.0811498572295
ráx-	0.0	0.96	0.0	0.04
tim-	0.034138323429	0.91907952965	0.0278164116829	0.0189657352383
tri-	0.0214899713467	0.953080229226	0.00931232091691	0.01611747851
zen-	0.0849056603772	0.896226415095	0.0	0.0188679245283
mol-	0.0	1.0	0.0	0.0
xii-	0.183731031759	0.271337507757	0.419134653354	0.12579680713
ham-	0.0	1.0	0.0	0.0
êdé-	0.344497607656	0.645933014354	0.00956937799042	0.0
tes-	0.0269340116714	0.923686966931	0.017956007781	0.0314230136167
kae-	0.339817171294	0.502845702131	0.0879543474844	0.0693827790907
nāa-	0.262703060607	0.5888329509	0.0924689201685	0.0559950683242
íñū-	0.102195194084	0.71059378227	0.135672930077	0.0515380935684
luꞌ-	0.131529263688	0.643801132788	0.178099433606	0.0465701699182
jon-	0.0239352447196	0.956916559505	0.0143611468318	0.00478704894393
jer-	0.0214165319988	0.95803576083	0.00443100662044	0.0161167005509
atá-	0.214004720692	0.430369787569	0.0566483084186	0.29897718332
dok-	0.241706951159	0.414614556972	0.117595356802	0.226083135068
tɨꞌ-	0.264860806912	0.57248289484	0.126538915488	0.0361173827606
áta-	0.383206373205	0.250159911613	0.145083444787	0.221550270396
tēn-	0.514321295143	0.455790784558	0.0149439601494	0.0149439601494
ēfr-	0.0	1.0	0.0	0.0
víí-	0.0	0.310043668122	0.689956331878	0.0
neꞌ-	0.0964473138162	0.667435373471	0.186822018985	0.0492952937283
tum-	0.0	1.0	0.0	0.0
uꞌn-	0.368137686239	0.475682689296	0.156179624465	0.0
xôx-	0.581818181818	0.268181818182	0.0681818181819	0.0818181818182
míʼ-	0.218415417559	0.743040685225	0.0385438972163	0.0
ite-	0.402042017949	0.506287163627	0.0458354092124	0.0458354092124
prē-	0.0	1.0	0.0	0.0
viū-	0.248331108144	0.531375166889	0.133511348465	0.086782376502
one-	0.0322580645161	0.967741935484	0.0	0.0
ítō-	0.479373879015	0.235284526333	0.285341594652	0.0
séú-	0.0	0.962962962963	0.0	0.037037037037
mil-	0.0132450331126	0.986754966887	0.0	0.0
inú-	0.464201263713	0.34643563205	0.0523316664729	0.137031437764
xkú-	0.446821333456	0.353412847828	0.13936464934	0.0604011693758
idé-	0.632361736608	0.225839667874	0.0429195748918	0.0988790206268
oko-	0.0324627776422	0.0761532828899	0.0	0.891383939468
kār-	0.0	0.939393939394	0.0606060606061	0.0
jéf-	0.0	1.0	0.0	0.0
kād-	0.435128556913	0.32667335739	0.0793149347087	0.158883150988
xúꞌ-	0.263866994435	0.462582818674	0.179139060442	0.0944111264493
kam-	0.130828658736	0.739192219273	0.0484235944672	0.0815555275238
úva-	0.0698433585545	0.816484044841	0.0182706177088	0.0954019788952
ñūx-	0.0550290135396	0.847717601547	0.0376595744681	0.0595938104449
baú-	0.106666666667	0.893333333333	0.0	0.0
tāʼ-	0.150799744082	0.681765834933	0.0595009596928	0.107933461292
uxu-	0.0156991005724	0.0901062959934	0.00588716271463	0.88830744072
jor-	0.0	0.963054187192	0.0	0.0369458128079
naí-	0.601488315118	0.183632581904	0.147485858457	0.0673932445202
ʼun-	0.621192541997	0.179435111685	0.0775336902344	0.121838656083
nuꞌ-	0.272155517438	0.629502572899	0.0686106346484	0.0297312750143
uzi-	0.0	1.0	0.0	0.0
uxú-	0.107146567036	0.245478370596	0.0157348105437	0.631640251825
núu-	0.222546252026	0.248089943662	0.0521706718436	0.477193132468
alf-	0.0	1.0	0.0	0.0
cos-	0.0	1.0	0.0	0.0
uní-	0.28530259366	0.475504322767	0.121037463977	0.118155619597
ped-	0.031652273829	0.95025045333	0.00728917933894	0.0108080935026
áfr-	0.0952380952381	0.857142857143	0.0238095238095	0.0238095238095
ʼñá-	0.382835986997	0.210153804606	0.00836799971576	0.398642208682
tēé-	0.511627906977	0.366726296959	0.0322003577817	0.0894454382826
mel-	0.072869955157	0.890134529148	0.0369955156951	0.0
kaá-	0.0828023295649	0.558615964371	0.331449126413	0.0271325796506
sku-	0.102027978312	0.768684659857	0.0989126201959	0.030374741635
kūñ-	0.249334425558	0.403542903952	0.198648371903	0.148474298587
tāa-	0.0854700854701	0.675213675214	0.230769230769	0.00854700854699
xní-	0.415384615385	0.530769230769	0.0538461538461	0.0
láz-	0.0100334448161	0.946488294314	0.015607580825	0.0278706800446
mií-	0.168152781825	0.119464531661	0.248644724724	0.463737961789
kút-	0.48059135186	0.378309839047	0.0373496847599	0.103749124333
káa-	0.0997676095842	0.76784998798	0.0634399123861	0.0689424900499
âꞌv-	0.0753880266075	0.753880266075	0.0731707317072	0.0975609756098
gra-	0.0	1.0	0.0	0.0
īsa-	0.0796116504854	0.867961165049	0.0233009708738	0.0291262135922
méʼ-	0.0387596899225	0.84496124031	0.0516795865633	0.0645994832041
mól-	0.195945945946	0.722972972973	0.081081081081	0.0
beu-	0.0	1.0	0.0	0.0
pre-	0.0387096774194	0.788709677419	0.148387096774	0.0241935483871
rko-	0.239207206052	0.177230957124	0.106785518578	0.476776318246
sám-	0.0	1.0	0.0	0.0
nāá-	0.189434819653	0.685600681625	0.0397614314115	0.0852030673104
uví-	0.0079893475366	0.834886817577	0.0159786950732	0.141145139814
per-	0.0	1.0	0.0	0.0
ñux-	0.0238889568006	0.898963783578	0.0588110923581	0.0183361672636
āꞌv-	0.198641980515	0.626755514318	0.15941967863	0.0151828265362
lid-	0.0153256704981	0.984674329502	0.0	0.0
nān-	0.675639900053	0.225647133982	0.0402527294714	0.0584602364939
ata-	0.134025545745	0.165892010084	0.302414777819	0.397667666352
ixó-	0.296703296703	0.348508634223	0.354788069074	0.0
tīn-	0.140350877193	0.859649122807	0.0	0.0
dat-	0.231470923603	0.63740022805	0.0917901938427	0.039338654504
dov-	0.297954348556	0.454039144964	0.184586007532	0.063420498948
lev-	0.0745619081024	0.90552086987	0.015320940021	0.00459628200632
dáv-	0.221516491142	0.561299858619	0.0405120624386	0.1766715878
dóꞌ-	0.344873501997	0.431424766977	0.207723035952	0.0159786950732
saú-	0.0941547839339	0.899531947317	0.00130619353434	0.00500707521498
tán-	0.382008880091	0.433145009416	0.163264464514	0.0215816459785
xtú-	0.257022864282	0.119096915456	0.0378459670912	0.58603425317
āma-	0.201117318436	0.765363128492	0.0335195530726	0.0
níc-	0.029702970297	0.792079207921	0.0594059405941	0.118811881188
rkā-	0.153571428571	0.482142857143	0.0	0.364285714286
jai-	0.0968921389397	0.815356489945	0.0329067641682	0.054844606947
vik-	0.104186940517	0.850268672594	0.0223037541631	0.0232406327255
tal-	0.0	0.955223880597	0.044776119403	0.0
kɨʼ-	0.454935622318	0.103004291846	0.399141630901	0.0429184549356
xóꞌ-	0.301996069914	0.623022029165	0.0563657048299	0.0186161960906
ūtú-	0.0	1.0	0.0	0.0
dūt-	0.175168810792	0.770599359241	0.0336237345794	0.0206080953873
chi-	0.141506129597	0.832224168126	0.0220665499124	0.00420315236427
xôo-	0.0394931709725	0.95310185947	0.00740496955735	0.0
kuꞌ-	0.293891003037	0.544226512586	0.115742066124	0.0461404182523
nga-	0.0375	0.94375	0.01875	0.0
tín-	0.214116295392	0.688748019381	0.0564013656156	0.0407343196112
ūvá-	0.146394756009	0.764020393299	0.00873998543336	0.0808448652585
xíd-	0.36882546652	0.481888035126	0.149286498353	0.0
idi-	0.198204330351	0.699047063399	0.0291715285881	0.0735770776611
tén-	0.66599394551	0.233097880928	0.0857719475278	0.0151362260343
cir-	0.0233853006681	0.976614699332	0.0	0.0
pōn-	0.0	0.909090909091	0.0	0.0909090909091
evo-	0.0727272727273	0.927272727273	0.0	0.0
úrn-	0.166666666667	0.75	0.0833333333333	0.0
tsa-	0.0350877192982	0.929824561404	0.0350877192982	0.0
áse-	0.0	0.775871926815	0.216123499142	0.0080045740423
ñaʼ-	0.150820641727	0.381487505545	0.154517226083	0.313174626645
dád-	0.508887760284	0.247333671915	0.0944641950228	0.149314372778
ter-	0.0	1.0	0.0	0.0
¡nā-	0.823529411765	0.176470588235	0.0	0.0
váꞌ-	0.208756154839	0.322390409263	0.207166848824	0.261686587074
ñɨk-	0.0122448979592	0.448979591837	0.538775510204	0.0
did-	0.0	1.0	0.0	0.0
xíō-	0.40858693088	0.488558622317	0.034206180703	0.0686482661005
oli-	0.0518731988472	0.93083573487	0.0	0.0172910662824
dox-	0.101311699448	0.819604480412	0.0419033710274	0.037180449113
siq-	0.0677966101695	0.932203389831	0.0	0.0
jec-	0.0196078431373	0.960784313726	0.0196078431372	0.0
mīg-	0.299401197605	0.652694610779	0.0239520958084	0.0239520958084
náa-	0.308011049724	0.478729281768	0.0513812154696	0.161878453039
īnú-	0.603413654619	0.161646586345	0.129518072289	0.105421686747
ñíi-	0.409701492537	0.511940298508	0.0716417910448	0.00671641791045
col-	0.0	1.0	0.0	0.0
ʼña-	0.262628895124	0.30798720146	0.166345290827	0.263038612589
nim-	0.111035209561	0.531177219758	0.0403119075993	0.317475663082
xɨ́-	0.260928549503	0.574930421897	0.102090946706	0.062050081894
īdi-	0.261904761905	0.403439153439	0.294973544974	0.0396825396825
éfe-	0.131147540984	0.803278688525	0.0655737704918	0.0
sáꞌ-	0.0655735688521	0.112380135152	0.0201847767013	0.801861519295
xaꞌ-	0.451955577016	0.347175277644	0.150651859005	0.0502172863351
tír-	0.388888888889	0.522222222222	0.0666666666667	0.0222222222222
íts-	0.411371935316	0.347209181012	0.0436098069901	0.197809076682
car-	0.0	1.0	0.0	0.0
vīt-	0.225092250923	0.30073800738	0.252767527675	0.221402214022
pól-	0.0511363636364	0.914772727273	0.0	0.0340909090909
pun-	0.108	0.766	0.108	0.018
íñu-	0.0422852001799	0.602339181287	0.0881691408007	0.267206477733
áku-	0.285714285714	0.671428571429	0.0428571428572	0.0
uxk-	0.0	0.0571428571428	0.0	0.942857142857
kɨd-	0.0697350069735	0.795443979544	0.106927010693	0.0278940027894
tóʼ-	0.0145061321377	0.872521869093	0.0145061321377	0.0984658666316
ītí-	0.430463576159	0.569536423841	0.0	0.0
tûꞌ-	0.272	0.344	0.3	0.084
kan-	0.363843445366	0.294070281277	0.107549216339	0.234537057018
kōk-	0.645161290323	0.306451612903	0.0362903225806	0.0120967741935
veñ-	0.181967213115	0.7	0.118032786885	0.0
miī-	0.246756140533	0.134298891077	0.166721940097	0.452223028293
véx-	0.555472281213	0.34684121416	0.00574626497806	0.091940239649
ēꞌx-	0.777616980222	0.098166907863	0.0595754944524	0.0646406174626
xoō-	0.43949044586	0.305732484076	0.0382165605095	0.216560509554
ári-	0.183486238532	0.812581913499	0.0	0.00393184796855
ntí-	0.380893854912	0.184358487834	0.0995857042556	0.335161952998
ken-	0.602045908184	0.229291417166	0.0464071856287	0.122255489022
kaē-	0.369202479057	0.486957706191	0.124225294558	0.0196145201934
eku-	0.341346153846	0.629807692308	0.0	0.0288461538462
nīm-	0.44477028348	0.394916911046	0.0518084066471	0.108504398827
íka-	0.521619235	0.278501603433	0.010921935274	0.188957226293
kāꞌ-	0.543937798242	0.292172728489	0.0328753614322	0.131014111837
nɨɨ-	0.211619151008	0.189881706256	0.0835293408118	0.514969801925
iʼx-	0.383248730964	0.356225739027	0.233651836369	0.0268736936399
muī-	0.138832047851	0.846056980954	0.00377774279868	0.011333228396
íni-	0.893429007513	0.0258875299808	0.0123094610399	0.0683740014668
sír-	0.55625	0.33125	0.0375	0.075
vīꞌ-	0.130588344555	0.638272831164	0.185572910683	0.0455659135972
ntó-	0.28274122542	0.134455703926	0.0239486410453	0.558854429609
ngó-	0.0224719101123	0.977528089888	0.0	0.0
xnc-	0.745222929936	0.15923566879	0.0955414012739	0.0
ser-	0.0	0.986078886311	0.0139211136891	0.0
cri-	0.0243015251194	0.948199281811	0.00782801597505	0.0196711770949
dīñ-	0.279735682819	0.366740088106	0.109030837004	0.24449339207
dūk-	0.213148252537	0.417101183766	0.285900507328	0.0838500563698
vav-	0.103448275862	0.862068965517	0.0344827586207	0.0
ʼmí-	0.0859363754836	0.557843487431	0.00831642343392	0.347903713651
fél-	0.0152838427948	0.984716157205	0.0	0.0
bit-	0.0	1.0	0.0	0.0
uri-	0.0	1.0	0.0	0.0
ūva-	0.148790375167	0.823730321312	0.00804272298196	0.0194365805398
enī-	0.0440549502605	0.881099005211	0.0071056371388	0.0677404073899
ēni-	0.204880988249	0.623983127448	0.0626694787587	0.108466405544
cef-	0.169014084507	0.746478873239	0.0	0.0845070422535
caī-	0.0720720720721	0.914414414414	0.009009009009	0.0045045045045
dēt-	0.888888888889	0.037037037037	0.0740740740741	0.0
utu-	0.120951003208	0.832354236115	0.0244292093842	0.0222655512925
xúv-	0.156911885291	0.742615912912	0.0215880058399	0.0788841959573
fíl-	0.0	1.0	0.0	0.0
iꞌx-	0.0445506407896	0.870931406511	0.03397559665	0.0505423560495
úꞌm-	0.193396226415	0.664308176101	0.127358490566	0.0149371069182
zél-	0.0416666666667	0.958333333333	0.0	0.0
áꞌv-	0.150548075283	0.220977824319	0.516278980672	0.112195119726
fri-	0.0	0.965753424658	0.0342465753425	0.0
táꞌ-	0.473209020398	0.264342255469	0.0551758986339	0.207272825499
ico-	0.00980392156863	0.990196078431	0.0	0.0
bet-	0.0132653061225	0.976530612245	0.00204081632653	0.00816326530613
ñūú-	0.147486986215	0.578607581649	0.0098985038007	0.264006928335
epr-	0.180722891566	0.732530120482	0.0650602409639	0.021686746988
sal-	0.0320143786043	0.955566250385	0.00662366453882	0.00579570647147
itú-	0.62178740729	0.137611357284	0.0404946745759	0.20010656085
xak-	0.107671239576	0.892328760424	0.0	0.0
sán-	0.0353215021233	0.214613621352	0.0238271129017	0.726237763623
trō-	0.169590643275	0.713450292398	0.093567251462	0.0233918128655
xóō-	0.113776137761	0.822878228782	0.0412054120541	0.0221402214022
míꞌ-	0.113705941901	0.215034846896	0.0339221895122	0.637337021691
sié-	0.0185185185185	0.944444444444	0.0	0.037037037037
lic-	0.027027027027	0.783783783784	0.189189189189	0.0
diu-	0.123106597441	0.775059282253	0.0836864919425	0.0181476283642
tsú-	0.614353240857	0.270368929555	0.0792535078417	0.0360243217462
tīi-	0.0390455531453	0.908893709328	0.0130151843818	0.0390455531453
xóx-	0.365054602184	0.232449297972	0.0	0.402496099844
baū-	0.126582278481	0.854430379747	0.0189873417722	0.0
naz-	0.0174262734584	0.971849865952	0.00804289544237	0.00268096514745
eꞌm-	0.323863636364	0.403409090909	0.102272727273	0.170454545455
sāl-	0.0361445783133	0.939759036145	0.0240963855422	0.0
xtû-	0.37848518112	0.352799121844	0.0961580680571	0.172557628979
īdé-	0.341362697867	0.381968341363	0.112869924295	0.163799036476
tak-	0.0669733459613	0.885897262436	0.0173634600641	0.0297659315384
kik-	0.501385810808	0.347146333901	0.0539660921547	0.0975017631366
tím-	0.142857142857	0.803571428571	0.0178571428571	0.0357142857143
ēku-	0.587613293051	0.240181268882	0.036253776435	0.135951661631
bef-	0.0696055684454	0.930394431555	0.0	0.0
éku-	0.5033358043	0.457375833951	0.0214974054855	0.0177909562639
pār-	0.0	1.0	0.0	0.0
xaa-	0.24536086624	0.387674596466	0.209576138147	0.157388399147
xuꞌ-	0.347074933745	0.314021963222	0.0174590395065	0.321444063526
mēꞌ-	0.328394315089	0.536135470215	0.0381009978833	0.0973692168129
rax-	0.0210684725357	0.768246802107	0.210684725357	0.0
diī-	0.828265247454	0.137533592036	0.0114003868365	0.0228007736731
tro-	0.0	0.984562607204	0.0102915951973	0.00514579759865
ela-	0.0512333965844	0.948766603416	0.0	0.0
xko-	0.345559308988	0.423522620371	0.0699350038485	0.160983066792
itu-	0.331777881475	0.668222118525	0.0	0.0
nán-	0.68444457306	0.195605201219	0.0360767064089	0.0838735193116
fen-	0.0	0.986486486486	0.0	0.0135135135135
rob-	0.0	1.0	0.0	0.0
éts-	0.223601164545	0.0739528656736	0.0503644516225	0.652081518159
dāv-	0.121304329948	0.799196787149	0.0276875419768	0.0518113409269
