jer-	0.0168521032355	0.961073121635	0.0105722103109	0.0115025648182
uñi-	0.0196352544958	0.0294846540001	0.193874308953	0.757005782551
tut-	0.400371254026	0.533150737693	0.0115548803321	0.0549231279489
vas-	0.157670104226	0.187402304325	0.078102101002	0.576825490448
lur-	0.0	1.0	0.0	0.0
fig-	0.0	1.0	0.0	0.0
maa-	0.103017325867	0.0579126579595	0.0470899730163	0.791980043157
ica-	0.237034504809	0.117762651741	0.0375021749486	0.6077006685
jac-	0.476031708653	0.431373356932	0.050762026968	0.0418329074466
ju̱-	0.310864323993	0.582890907047	0.0196749572148	0.086569811745
júp-	0.0172910662824	0.93083573487	0.0172910662824	0.0345821325648
coo-	0.497192268326	0.30886479761	0.0706049737025	0.123337960362
abí-	0.0	0.950354609929	0.0496453900709	0.0
mah-	0.173656774897	0.491260945113	0.0299819426936	0.305100337297
tum-	0.0863003079872	0.0748057957094	0.0359927014659	0.802901194837
nyu-	0.128887100315	0.125667666642	0.0465720348284	0.698873198215
lis-	0.10144153764	0.884543513081	0.0100106780566	0.00400427122264
san-	0.217123935667	0.42280037843	0.115231788079	0.244843897824
cúu-	0.500646619807	0.365611672721	0.0870715526773	0.0466701547939
nun-	0.155234042553	0.835574468085	0.0091914893617	0.0
tse-	0.156210376832	0.361363290561	0.122863518791	0.359562813815
caq-	0.0864815473836	0.503085872269	0.376061049773	0.0343715305743
pró-	0.0	1.0	0.0	0.0
abi-	0.0	0.964023494861	0.0359765051395	0.0
mil-	0.0135734631939	0.313193534977	0.0126039301087	0.66062907172
tib-	0.0264705882353	0.951470588235	0.0176470588235	0.00441176470588
yut-	0.0908501014145	0.823004460555	0.0288600350673	0.0572854029637
ari-	0.015625	0.984375	0.0	0.0
mig-	0.336956521739	0.652173913044	0.0108695652174	0.0
tus-	0.218335343788	0.626457579413	0.0796139927624	0.0755930840369
ɨɨn-	0.0478087649402	0.0581673306773	0.262948207171	0.631075697211
paf-	0.0333333333333	0.95	0.0166666666667	0.0
mar-	0.014082881219	0.975451152411	0.00115433452614	0.00931163184424
cah-	0.501388802326	0.257845502292	0.117964260107	0.122801435275
abr-	0.025634322397	0.935935979551	0.0344211581195	0.0040085399329
zaq-	0.0657894736842	0.824561403509	0.0263157894737	0.0833333333333
nor-	0.0125786163522	0.672955974843	0.11320754717	0.201257861635
cul-	0.091922005571	0.598885793872	0.050139275766	0.259052924791
zac-	0.0657410864819	0.855052785227	0.0637609332745	0.0154451950168
her-	0.0839935979682	0.849208343805	0.0505284321636	0.0162696260632
ate-	0.0125786163522	0.977987421384	0.00628930817609	0.00314465408805
nuq-	0.0821478661591	0.817271087958	0.0276497695853	0.0729312762973
cil-	0.0	0.999161073826	0.000838926174497	0.0
jat-	0.508936177709	0.339555216406	0.0825963812969	0.0689122245874
sin-	0.222826086956	0.714673913044	0.0353260869565	0.0271739130434
urí-	0.0	1.0	0.0	0.0
dor-	0.015625	0.9296875	0.0	0.0546875
pat-	0.0	1.0	0.0	0.0
alt-	0.00390930414387	0.979280688038	0.012118842846	0.00469116497264
ñih-	0.468339655777	0.244140492865	0.172839506173	0.114680345185
jor-	0.0	1.0	0.0	0.0
naí-	0.0344827586207	0.862068965517	0.0	0.103448275862
nye-	0.747784044822	0.123975424298	0.0269419766417	0.101298554238
gen-	0.19387755102	0.785714285714	0.0	0.0204081632653
ñiñ-	0.114393416332	0.685641953685	0.11994214822	0.0800224817638
xem-	0.0833333333333	0.440476190476	0.47619047619	0.0
jam-	0.448949610695	0.494696635816	0.0337299838402	0.0226237696489
tañ-	0.222126683864	0.49011177988	0.134135855546	0.153625680711
ji̱-	0.625	0.3515625	0.0234375	0.0
por-	0.181818181818	0.818181818182	0.0	0.0
alf-	0.0	1.0	0.0	0.0
pas-	0.0306426443467	0.935309973046	0.00936303021705	0.0246843523904
cos-	0.376148828936	0.432997331752	0.0967239845835	0.0941298547288
dam-	0.0457733480989	0.939830195644	0.00406053894426	0.0103359173127
hor-	0.0341011856913	0.889312449759	0.025246181672	0.0513401828778
qui-	0.632336849144	0.15773766975	0.0390323506394	0.170893130467
ped-	0.0305635766714	0.953072210498	0.0030341977956	0.0133300150346
cuv-	0.583607881982	0.0436631784104	0.0250059171262	0.347723022481
nyɨ-	0.0153401778693	0.454906232196	0.0107832163588	0.518970373575
yac-	0.088518464819	0.127115122594	0.0272219416587	0.757144470928
ta̱-	0.604322305229	0.217182497332	0.113927427962	0.064567769477
asi-	0.0118143459916	0.974683544304	0.0101265822785	0.00337552742616
dia-	0.00628930817609	0.993710691824	0.0	0.0
nan-	0.593393348218	0.213512600037	0.107180746264	0.0859133054809
uva-	0.0915667063456	0.704697372035	0.190458749199	0.0132771724201
tér-	0.279639175258	0.681701030928	0.0309278350516	0.0077319587629
urb-	0.0	1.0	0.0	0.0
ñum-	0.144774011299	0.687853107345	0.0953389830509	0.0720338983051
tɨh-	0.2114304592	0.255037991411	0.462504129501	0.0710274198877
tol-	0.125	0.875	0.0	0.0
mel-	0.0260027302867	0.943119027498	0.000650068257166	0.0302281739583
cue-	0.0690980384153	0.101291624346	0.026485924184	0.803124413054
tyi-	0.162480472198	0.0788490820784	0.00648404459469	0.752186401129
mir-	0.0141476066966	0.978778589955	0.0	0.00707380334828
yuc-	0.353294132409	0.322921913979	0.0341160959469	0.289667857665
joe-	0.226053639847	0.636015325671	0.0229885057471	0.114942528736
mus-	0.0700485335373	0.873699382215	0.0433913562825	0.0128607279654
eut-	0.144444444444	0.777777777778	0.0777777777777	0.0
pud-	0.0	1.0	0.0	0.0
dio-	0.0547945205479	0.945205479452	0.0	0.0
xam-	0.0	0.965863453815	0.0	0.0341365461847
bab-	0.0566801619433	0.85200179937	0.0548807917229	0.0364372469636
ita-	0.0674978503869	0.82932072227	0.0902837489252	0.0128976784179
eno-	0.10861423221	0.719101123595	0.142322097378	0.0299625468165
tuh-	0.204147424076	0.384699750398	0.0478644072702	0.363288418256
láz-	0.0384745190685	0.919001012487	0.0182247721904	0.0242996962538
cac-	0.572936249418	0.301240887234	0.0757995967117	0.0500232666356
moi-	0.0556391070511	0.921461594163	0.00495119973759	0.0179480990488
yɨt-	0.178321678322	0.793706293706	0.006993006993	0.020979020979
jud-	0.0463643256372	0.937800680368	0.00583747659977	0.009997517395
ihy-	0.108108948987	0.0432242237493	0.0125338199573	0.836133007307
jañ-	0.606360388718	0.196505681529	0.110720653452	0.0864132763006
uzí-	0.0	1.0	0.0	0.0
cis-	0.0	0.93023255814	0.0697674418605	0.0
mal-	0.203053435115	0.691603053435	0.0320610687023	0.0732824427481
ixt-	0.688695996769	0.214747864257	0.0218718325852	0.0746843063886
iyó-	0.50717516782	0.0915329405599	0.0251870638102	0.37610482781
sab-	0.159806295399	0.840193704601	0.0	0.0
nyi-	0.344640013927	0.327817723827	0.0958597678779	0.231682494368
nin-	0.0714285714286	0.928571428571	0.0	0.0
cie-	0.0245088326297	0.0776722705726	0.0670030026368	0.830815894161
coh-	0.467450546722	0.46553222221	0.027928548054	0.0390886830138
xic-	0.405260764227	0.198687585929	0.0205758945039	0.37547575534
sir-	0.0652173913044	0.875494071146	0.0533596837945	0.00592885375495
eun-	0.016129032258	0.798387096774	0.185483870968	0.0
yav-	0.176442433208	0.676485945523	0.132712557654	0.014359063615
sós-	0.0194805194805	0.980519480519	0.0	0.0
esr-	0.0	1.0	0.0	0.0
i̱c-	0.267326732673	0.118811881188	0.178217821782	0.435643564356
jue-	0.165669520378	0.759825471854	0.0518956797673	0.0226093280005
and-	0.034380441164	0.928512038778	0.0256810757351	0.0114264443226
ALL	0.225633368611	0.273486784487	0.0501904717392	0.450689375163
ana-	0.0555984555984	0.901930501931	0.0150579150579	0.0274131274131
xat-	0.761786600496	0.174937965261	0.0372208436724	0.0260545905707
uví-	0.446685878963	0.304755043228	0.188040345821	0.0605187319885
mae-	0.0107168563888	0.948857668417	0.0319479619312	0.00847751326278
ja̱-	0.506375208512	0.305279087411	0.0969631127409	0.0913825913354
per-	0.0	0.994555353902	0.0	0.005444646098
arm-	0.0	1.0	0.0	0.0
cal-	0.0729927007299	0.729927007299	0.0875912408759	0.109489051095
zor-	0.0	1.0	0.0	0.0
yuh-	0.188059510173	0.218544369737	0.00782600878613	0.585570111303
lid-	0.0498812351544	0.950118764846	0.0	0.0
nyá-	0.2	0.684615384615	0.00576923076923	0.109615384615
ata-	0.0	1.0	0.0	0.0
far-	0.00808287528808	0.990142835015	0.0	0.00177428969738
uhv-	0.197042300066	0.625448494004	0.155556604664	0.0219526012652
tac-	0.0683965888543	0.0980702452597	0.014782544891	0.818750620995
mes-	0.219263741805	0.744024205749	0.00242057488654	0.0342914775592
sed-	0.0	0.586206896552	0.413793103448	0.0
num-	0.160832412135	0.17008825955	0.0259690126511	0.643110315664
suc-	0.108750241453	0.450067606722	0.368166892022	0.0730152598029
cuh-	0.393443409644	0.175245115934	0.0240763517129	0.407235122709
saú-	0.565573770492	0.409836065574	0.0	0.0245901639345
ami-	0.190093306531	0.754462812397	0.0554438810717	0.0
ele-	0.0	1.0	0.0	0.0
cás-	0.06	0.92	0.0	0.02
sec-	0.228571428571	0.714285714286	0.0285714285714	0.0285714285714
eub-	0.0	1.0	0.0	0.0
adi-	0.0	1.0	0.0	0.0
jai-	0.103915662651	0.826807228916	0.0135542168675	0.0557228915663
tal-	0.051282051282	0.803418803419	0.076923076923	0.068376068376
nañ-	0.70281106285	0.170605093989	0.0334280455642	0.093155797596
paa-	0.0325727735994	0.95573748405	0.000951029886116	0.010738712464
ñɨñ-	0.328767123288	0.547945205479	0.0	0.123287671233
rod-	0.0888888888888	0.881481481482	0.0296296296296	0.0
zaf-	0.194444444444	0.777777777778	0.0	0.0277777777778
yɨh-	0.158029160472	0.452924270934	0.061030152923	0.32801641567
pue-	0.330508474576	0.5	0.0	0.169491525424
taz-	0.119047619048	0.690476190476	0.166666666667	0.0238095238095
pon-	0.0339943342776	0.917847025496	0.0	0.0481586402266
cañ-	0.532734381758	0.298024909382	0.0544761213001	0.11476458756
azu-	0.08228980322	0.78175313059	0.13595706619	0.0
ged-	0.0727272727273	0.927272727273	0.0	0.0
chi-	0.145648123503	0.831993611924	0.00383284535535	0.0185254192175
tsa-	0.215459667107	0.113556813129	0.0295913234924	0.641392196272
ben-	0.0177777777778	0.893333333333	0.08	0.00888888888891
dió-	0.513513513514	0.405405405405	0.0405405405405	0.0405405405405
veh-	0.0674961356744	0.752812723831	0.0120594813055	0.167631659189
seg-	0.0	0.921052631579	0.078947368421	0.0
ñɨɨ-	0.158841303609	0.590485825909	0.221218041147	0.0294548293344
euf-	0.0	1.0	0.0	0.0
már-	0.0	0.960784313725	0.0392156862745	0.0
ñuh-	0.0267293049765	0.261816604643	0.0351516907052	0.676302399675
juv-	0.185950189019	0.104560047014	0.141856181071	0.567633582896
der-	0.0979310344827	0.902068965517	0.0	0.0
lam-	0.00674157303371	0.979775280899	0.0134831460674	0.0
nar-	0.0106007067138	0.756183745583	0.233215547703	0.0
nut-	0.02023988006	0.978260869565	0.0	0.00149925037481
its-	0.211196043631	0.134579950846	0.0507290746682	0.603494930855
cua-	0.247185910968	0.138553754382	0.120375352061	0.49388498259
dám-	0.0384615384615	0.961538461538	0.0	0.0
uts-	0.0218036083241	0.0647511260539	0.0374210085087	0.876024257113
ray-	0.0273275936384	0.871111662527	0.0825941945195	0.0189665493152
xi̱-	0.822453093503	0.144053341603	0.0186075360521	0.0148860288417
sió-	0.0111111111111	0.958333333333	0.0222222222222	0.00833333333333
esl-	0.0	1.0	0.0	0.0
ani-	0.0540540540541	0.878378378378	0.0405405405405	0.027027027027
evo-	0.144927536232	0.855072463768	0.0	0.0
xaa-	0.281216906641	0.0638659587516	0.193931508967	0.460985625641
jii-	0.540322580645	0.254032258065	0.0	0.20564516129
fle-	0.0	1.0	0.0	0.0
tɨv-	0.565450868665	0.257947606744	0.130112519723	0.0464890048683
ban-	0.102621057308	0.86006219458	0.0	0.0373167481119
cus-	0.317343696515	0.404734123555	0.200279653457	0.077642526474
iin-	0.0169017545072	0.0508489183682	0.0213281583353	0.910921168789
ter-	0.0	1.0	0.0	0.0
tiy-	0.0920966074617	0.907903392538	0.0	0.0
cuñ-	0.448301364551	0.297497855951	0.0475814826123	0.206619296885
tra-	0.0310391363023	0.898785425101	0.0661268556005	0.00404858299595
nam-	0.649805447471	0.210116731518	0.0466926070038	0.0933852140077
arq-	0.184466019417	0.78640776699	0.0097087378641	0.0194174757281
ale-	0.0428849902534	0.826510721248	0.124756335283	0.00584795321637
juh-	0.0821941286457	0.127824431059	0.173539278765	0.61644216153
sid-	0.00470035252644	0.990599294947	0.0	0.00470035252644
oli-	0.0942440521872	0.862010744436	0.0221028396009	0.0216423637759
luc-	0.13282937365	0.847732181425	0.0	0.0194384449244
jec-	0.015625	0.984375	0.0	0.0
dec-	0.0135501355014	0.706413730804	0.00903342366759	0.271002710027
sɨv-	0.0556431501176	0.923798652919	0.00423599899624	0.0163221979671
náa-	0.117185081788	0.198520682968	0.030620842404	0.65367339284
nu̱-	0.349730053989	0.215956808638	0.203359328134	0.230953809238
soo-	0.0888888888889	0.911111111111	0.0	0.0
col-	0.237780713342	0.603698811096	0.0	0.158520475561
vit-	0.168685271389	0.253723180927	0.084419860886	0.493171686798
joc-	0.770666939992	0.148155448503	0.0187332949627	0.0624443165422
ene-	0.0	1.0	0.0	0.0
pan-	0.0	1.0	0.0	0.0
nɨc-	0.257142857143	0.408571428571	0.214285714286	0.12
xih-	0.063829787234	0.808510638298	0.0851063829787	0.0425531914894
lin-	0.0179781693658	0.493614896197	0.488406934437	0.0
juc-	0.305058707341	0.578075277077	0.0345660046088	0.0823000109733
xah-	0.270671616605	0.497131285859	0.14512318596	0.0870739115762
ina-	0.0478821362799	0.922651933702	0.0294659300184	0.0
cre-	0.0137404580153	0.972519083969	0.00916030534351	0.00458015267176
lat-	0.0816326530612	0.801020408163	0.117346938775	0.0
pen-	0.0	1.0	0.0	0.0
rab-	0.0634920634921	0.68253968254	0.0	0.253968253968
ape-	0.0384615384615	0.961538461538	0.0	0.0
éfe-	0.0494321977288	0.930861723447	0.0116900467602	0.00801603206413
fre-	0.224719101124	0.449438202247	0.112359550562	0.213483146067
ca̱-	0.586038139652	0.261970394624	0.0681527326912	0.0838387330319
tia-	0.0	1.0	0.0	0.0
ndu-	0.343925667714	0.383399583713	0.0774828425803	0.195191905993
car-	0.289943764472	0.574815304885	0.0378303377807	0.0974105928621
mañ-	0.0197619816883	0.941134315886	0.0180007725028	0.0211029299233
yuu-	0.157875832644	0.640881913303	0.175612903382	0.0256293506707
pól-	0.0392156862745	0.941176470588	0.0	0.0196078431372
iñu-	0.0306009832447	0.450586936892	0.267081368516	0.251730711347
sah-	0.112193681724	0.756421612046	0.0428107469737	0.088573959256
tah-	0.306759195993	0.231880288736	0.0523718358873	0.408988679383
cai-	0.07319552694	0.838940794888	0.0878636781721	0.0
sod-	0.0136004043487	0.980354971496	0.00604462415499	0.0
ñuu-	0.0862144670554	0.463121556764	0.00951550963039	0.44114846655
zap-	0.227272727273	0.727272727273	0.0454545454545	0.0
yoñ-	0.113824480656	0.173978793919	0.0299623072699	0.682234418155
cum-	0.152811111905	0.301834574103	0.0784660103268	0.466888303665
tya-	0.46727547223	0.381067144264	0.0588923001232	0.0927650833829
zab-	0.0127334465195	0.936332767402	0.0127334465195	0.0382003395586
nav-	0.432058584215	0.446704637917	0.0292921074044	0.0919446704638
óni-	0.0	0.833333333333	0.166666666667	0.0
luh-	0.0764604534329	0.576726136803	0.298547597578	0.048265812186
uhu-	0.0173435467553	0.0134412487354	0.105217516982	0.863997687527
suu-	0.263888888889	0.713383838384	0.00757575757576	0.0151515151515
met-	0.175953079179	0.739002932551	0.0205278592375	0.0645161290323
yañ-	0.0112218350421	0.876344207459	0.0428852744473	0.0695486830514
cut-	0.507633047942	0.327841257875	0.103510491268	0.0610152029149
mna-	0.0909090909091	0.8	0.109090909091	0.0
nef-	0.0	0.987096774194	0.0129032258064	0.0
ces-	0.0274323335772	0.935259692758	0.0142648134601	0.0230431602048
gól-	0.0	1.0	0.0	0.0
tɨɨ-	0.758897962509	0.182126987509	0.0235649508959	0.0354100990856
ñac-	0.0	1.0	0.0	0.0
na̱-	0.454192226575	0.355875877081	0.141923148497	0.0480087478468
esc-	0.134549953603	0.778843179709	0.0402103309619	0.0463965357253
mat-	0.011214953271	0.988785046729	0.0	0.0
hig-	0.0861027190332	0.877139979859	0.0367573011077	0.0
nya-	0.528516097804	0.175695942944	0.0554709918402	0.240316967412
tró-	0.020942408377	0.942408376963	0.0157068062827	0.020942408377
par-	0.018228374631	0.875005431102	0.0260405351871	0.0807256590802
ala-	0.11377245509	0.574850299401	0.311377245509	0.0
jul-	0.0263157894737	0.960526315789	0.0	0.0131578947368
ndɨ-	0.173549215122	0.169682622741	0.220270271383	0.436497890754
nah-	0.0851085601249	0.100090193961	0.00709484788442	0.80770639803
ity-	0.109997515292	0.408993469963	0.0856569369754	0.395352077769
rag-	0.0	1.0	0.0	0.0
feb-	0.0333333333334	0.966666666667	0.0	0.0
ñuñ-	0.0840336134453	0.911764705882	0.00420168067226	0.0
tre-	0.0208333333333	0.8125	0.0	0.166666666667
gay-	0.0157480314961	0.968503937008	0.00787401574805	0.00787401574805
gob-	0.0645161290323	0.854838709677	0.0322580645161	0.0483870967742
iñí-	0.421487603306	0.505785123967	0.0198347107438	0.0528925619834
dan-	0.0890229546792	0.830047086522	0.0809299587993	0.0
su̱-	0.819031435854	0.135089209856	0.0	0.0458793542906
apó-	0.301204819277	0.542168674699	0.0481927710843	0.10843373494
ndo-	0.101617131891	0.0730966850069	0.0102392037594	0.815046979343
naq-	0.725171909606	0.158729821565	0.0504642390098	0.0656340298185
ser-	0.0366972477064	0.899082568807	0.0642201834862	0.0
ndi-	0.0805056100262	0.165676645494	0.0644242445498	0.68939349993
cri-	0.0302152504867	0.872774311253	0.0072706604232	0.089739777837
mis-	0.0535714285714	0.946428571429	0.0	0.0
elm-	0.0	1.0	0.0	0.0
cu̱-	0.493563958838	0.371999473946	0.0903228028525	0.0441137643631
sac-	0.555936073059	0.303652968036	0.0821917808219	0.0582191780822
ñav-	0.0584303418256	0.111915115868	0.0262229123524	0.803431629954
nac-	0.617121489919	0.19079348639	0.0520646052988	0.140020418392
agr-	0.025841816758	0.960062646829	0.0109631949883	0.00313234142521
yoó-	0.41218975809	0.258561105875	0.0565504241282	0.272698711907
gre-	0.0835415922885	0.572831131739	0.311674401999	0.0319528739736
sos-	0.0	0.969230769231	0.0307692307692	0.0
cad-	0.17550553224	0.789393361312	0.0328119038535	0.00228920259443
fél-	0.0771072796935	0.878352490421	0.0114942528736	0.0330459770115
qu̱-	0.672187267373	0.183414336902	0.0462388349948	0.0981595607304
bit-	0.116666666667	0.883333333333	0.0	0.0
leg-	0.0153846153846	0.907692307692	0.0	0.0769230769231
tyo-	0.570388187346	0.36346629251	0.0661455201443	0.0
cef-	0.314285714286	0.6	0.0	0.0857142857143
esa-	0.178881987578	0.757763975155	0.0484472049689	0.0149068322981
tuñ-	0.324840029486	0.549154549556	0.0571234986756	0.0688819222824
glo-	0.0362082422068	0.791905471635	0.142829563651	0.0290567225069
tsɨ-	0.139800452518	0.689723846366	0.0089860600616	0.161489641055
va̱-	0.183476728517	0.774023012336	0.0342075256556	0.00829273349227
mos-	0.00702987697717	0.96309314587	0.0281195079086	0.00175746924429
sur-	0.140558073772	0.49543255569	0.191014818203	0.172994552335
tuv-	0.41852905323	0.36330566359	0.0996497745787	0.118515508601
sɨq-	0.167092779214	0.148618111807	0.0320392694222	0.652249839557
fri-	0.0306748466258	0.920245398773	0.0368098159509	0.0122699386503
reg-	0.334298118669	0.665701881331	0.0	0.0
mac-	0.0279366254037	0.92967909042	0.0408705597417	0.00151372443488
ico-	0.0124223602484	0.968944099379	0.0124223602484	0.00621118012422
cuɨ-	0.195096240725	0.305574569449	0.436697423541	0.0626317662842
bet-	0.0346790890269	0.945910973085	0.00543478260869	0.0139751552795
lit-	0.0136054421769	0.884353741497	0.047619047619	0.0544217687075
vix-	0.10244926522	0.569629111267	0.31966410077	0.00825752274318
cuú-	0.377655989399	0.58276120085	0.00359843725011	0.0359843725011
sal-	0.0250639386189	0.934015345269	0.0104347826087	0.0304859335038
neá-	0.037037037037	0.962962962963	0.0	0.0
gab-	0.00865800865803	0.991341991342	0.0	0.0
cam-	0.103898778969	0.857792174037	0.0139305625433	0.0243784844508
soh-	0.51699408123	0.319401853943	0.124538507972	0.0390655568544
ind-	0.282919134333	0.457699119942	0.128618475674	0.13076327005
xiñ-	0.217363412809	0.410296161659	0.321019993585	0.051320431947
xeh-	0.0211267605634	0.93661971831	0.0422535211268	0.0
lic-	0.10407239819	0.696832579186	0.190045248869	0.00904977375566
est-	0.166159606834	0.740385365473	0.0501859219388	0.0432691057545
yɨɨ-	0.0699012444244	0.71996980058	0.161618966624	0.0485099883715
tye-	0.332949348421	0.101111006017	0.0388003638827	0.527139281679
ren-	0.0337078651685	0.966292134831	0.0	0.0
pañ-	0.220151426907	0.743156668608	0.0366919044846	0.0
tab-	0.0443349753695	0.933497536946	0.0147783251231	0.00738916256157
vac-	0.573431734317	0.341591987348	0.0508170795994	0.0341591987348
naz-	0.00624931476812	0.98804955597	0.00394693564302	0.00175419361912
gal-	0.0106604971874	0.964465009375	0.0212453880118	0.00362910542551
ndv-	0.0	0.954233409611	0.0228832951945	0.0228832951945
cui-	0.197957812272	0.464592265615	0.228072074366	0.109377847747
sel-	0.0842783505154	0.858505154639	0.0525773195876	0.00463917525773
cav-	0.370538243626	0.592067988669	0.0161473087819	0.0212464589235
vaa-	0.312	0.464	0.168	0.056
yuv-	0.0795096387015	0.862966899728	0.0178976888986	0.039625772672
jih-	0.132294174692	0.211819489032	0.335887339486	0.31999899679
sat-	0.197711622731	0.701432844126	0.0813799819156	0.0194755512277
jah-	0.344069404156	0.376157917651	0.0729323468275	0.206840331366
nuú-	0.418221258135	0.214750542299	0.0234273318872	0.343600867679
lob-	0.129757785467	0.766435986159	0.103806228374	0.0
cax-	0.112903225806	0.241935483871	0.564516129032	0.0806451612903
sue-	0.516320474777	0.430267062315	0.0356083086053	0.0178041543027
one-	0.137440758294	0.843601895735	0.0189573459716	0.0
aan-	0.0	0.363636363636	0.030303030303	0.606060606061
gog-	0.0285714285714	0.942857142857	0.0285714285714	0.0
saf-	0.255033557047	0.744966442953	0.0	0.0
sɨh-	0.0210433847727	0.954097887795	0.00393334294818	0.0209253844843
cot-	0.556397270545	0.0958806057467	0.0458735278035	0.301848595905
sil-	0.0550823395797	0.923906871096	0.00653038046565	0.0144804088586
jas-	0.238968558706	0.627071653766	0.100837862041	0.0331219254879
vie-	0.146853146853	0.685314685315	0.0419580419581	0.125874125874
ihñ-	0.403279006597	0.195770275514	0.215172681413	0.185778036476
ndá-	0.244980045407	0.261540549758	0.0819582620867	0.411521142748
co̱-	0.550169521374	0.235780050478	0.125878780543	0.0881716476045
him-	0.162162162162	0.558558558559	0.18018018018	0.0990990990991
rei-	0.0134228187919	0.973154362416	0.0134228187919	0.0
egi-	0.0134840784151	0.91930297687	0.0622342080697	0.00497873664557
sau-	0.0734139613834	0.882240611076	0.0182474008063	0.0260980267346
sín-	0.0754716981132	0.924528301887	0.0	0.0
tat-	0.0995581776642	0.465813499368	0.0300723480548	0.404555974913
esm-	0.0282131661442	0.830721003135	0.141065830721	0.0
pri-	0.0512129380053	0.911051212938	0.00539083557951	0.0323450134771
tro-	0.191552795031	0.794285714286	0.00521739130435	0.00894409937888
tij-	0.0502512562814	0.180904522613	0.768844221106	0.0
ela-	0.0	1.0	0.0	0.0
iyo-	0.355657278176	0.464755433626	0.160472378181	0.0191149100168
nag-	0.0	1.0	0.0	0.0
yóo-	0.0728158735651	0.149187429615	0.0117989763561	0.766197720464
arp-	0.0264666960741	0.947066607852	0.0264666960741	0.0
itu-	0.280833815866	0.654313839027	0.0579038795599	0.00694846554719
fen-	0.047619047619	0.826330532213	0.078431372549	0.047619047619
tam-	0.0679750027409	0.820012425538	0.100500676095	0.0115118956255
que-	0.110820830357	0.321616710067	0.00964498088399	0.557917478692
tir-	0.00302267002519	0.992443324937	0.0	0.00453400503778
man-	0.0220764714495	0.934403927046	0.0374576195905	0.0060619819144
men-	0.118980169972	0.881019830028	0.0	0.0
rob-	0.0	1.0	0.0	0.0
ceb-	0.0	1.0	0.0	0.0
tɨn-	0.0	0.986577181208	0.0134228187919	0.0
caa-	0.453821536962	0.32330708224	0.0275355397616	0.195335841037
nɨɨ-	0.203492659069	0.385368539934	0.190098843558	0.221039957438
cuu-	0.218392871967	0.273064258302	0.461534204471	0.0470086652604
doc-	0.0198300283286	0.756373937677	0.217186024551	0.00661000944287
com-	0.0354219777271	0.847846504763	0.109486112975	0.0072454045351
mag-	0.00925721842627	0.974873264272	0.00264491955037	0.0132245977518
aza-	0.0	0.857142857143	0.0	0.142857142857
tuj-	0.0532319391635	0.931558935361	0.00760456273764	0.00760456273766
ñañ-	0.0096147976314	0.968866369575	0.0169403577315	0.00457847506257
elí-	0.00949742777997	0.969133359715	0.00178076770875	0.0195884447962
aqu-	0.0446808510638	0.946808510638	0.0	0.00851063829788
tuc-	0.176177212028	0.120054933575	0.0877605309071	0.616007323489
dru-	0.0277777777778	0.916666666667	0.0555555555556	0.0
adr-	0.243767313019	0.619113573407	0.137119113573	0.0
leb-	0.0163934426229	0.950819672131	0.0327868852459	0.0
nɨñ-	0.0350661762178	0.9450087662	0.0111176045928	0.0088074529891
tic-	0.294909896294	0.538842734781	0.139653908359	0.0265934605653
ofr-	0.242634315425	0.419410745234	0.233968804159	0.103986135182
ram-	0.0	1.0	0.0	0.0
vee-	0.397542291733	0.397382700287	0.15719757421	0.0478774337695
bec-	0.120369968301	0.779321724782	0.100308306917	0.0
las-	0.0	1.0	0.0	0.0
eti-	0.112315270936	0.772413793103	0.0886699507389	0.0266009852217
vin-	0.0816477387272	0.891915865869	0.0174988240038	0.00893757139977
esp-	0.0564516129032	0.943548387097	0.0	0.0
gad-	0.0905752753978	0.869033047736	0.0220318237454	0.0183598531212
tíq-	0.015132408575	0.96973518285	0.00756620428751	0.0075662042875
yos-	0.361842105263	0.449318816954	0.0551641825803	0.133674895203
nuh-	0.175839844864	0.647493298352	0.0727200136885	0.103946843096
cle-	0.0741687979539	0.895140664962	0.0102301790281	0.0204603580563
reb-	0.1046277666	0.824949698189	0.0704225352113	0.0
yax-	0.309523809524	0.690476190476	0.0	0.0
bar-	0.00864339809022	0.944682252223	0.0414883108331	0.00518603885413
zeb-	0.0	1.0	0.0	0.0
pis-	0.107102164831	0.617166729966	0.248385871629	0.0273452335739
amó-	0.0	1.0	0.0	0.0
lih-	0.204107830552	0.165596919127	0.554557124519	0.0757381258023
his-	0.0	0.930434782609	0.0695652173913	0.0
anf-	0.0384615384615	0.961538461538	0.0	0.0
taá-	0.0746268656716	0.925373134328	0.0	0.0
fan-	0.0	1.0	0.0	0.0
quí-	0.0	1.0	0.0	0.0
heb-	0.0028328611898	0.939093484419	0.0467422096318	0.0113314447592
nín-	0.125845803712	0.874154196288	0.0	0.0
atu-	0.202898550725	0.333333333333	0.463768115942	0.0
seh-	0.0238030755358	0.937321437797	0.0132752437056	0.025600242962
caj-	0.104522613065	0.886432160804	0.00301507537688	0.00603015075378
fir-	0.437647058824	0.364705882353	0.127058823529	0.0705882352941
nay-	0.330742844892	0.287758602208	0.352342158859	0.0291563940401
arf-	0.0	1.0	0.0	0.0
cun-	0.435014424776	0.348567469934	0.102287796445	0.114130308845
rub-	0.0	1.0	0.0	0.0
fes-	0.0409226190476	0.911086309524	0.0368303571429	0.0111607142857
xuu-	0.0860072775389	0.369169698974	0.153820707906	0.391002315581
jut-	0.015658588995	0.955314655728	0.0139572352189	0.0150695200577
cox-	0.295884532865	0.172420518822	0.513750731422	0.017944216891
dav-	0.0135869100668	0.962663612987	0.00607544759085	0.0176740293552
pát-	0.22	0.61	0.0	0.17
jop-	0.0185950413223	0.964876033058	0.00413223140496	0.0123966942149
tan-	0.018496654857	0.0251009098023	0.00763573265033	0.94876670269
tiñ-	0.0577472236912	0.923849814913	0.00951877313591	0.00888418826018
aug-	0.24	0.719384615385	0.0147692307692	0.0258461538462
ley-	0.0299559263896	0.927541493165	0.0209504672273	0.0215521132178
cas-	0.699912824983	0.169427208861	0.0760986616071	0.0545613045485
ema-	0.302748585287	0.564268391269	0.0396119644301	0.0933710590138
suh-	0.552971977693	0.368617132052	0.0340155168937	0.0443953733608
aga-	0.168460458587	0.766963032288	0.0421151146467	0.0224613944782
epa-	0.139815471966	0.740951029099	0.05535841022	0.0638750887154
ama-	0.210502461817	0.391093458398	0.0699855676012	0.328418512183
jiñ-	0.0457623283853	0.566879471386	0.0121644884168	0.375193711811
caí-	0.138674884438	0.825885978428	0.00924499229583	0.0261941448382
tu̱-	0.917475728155	0.0825242718446	0.0	0.0
scu-	0.0697674418605	0.325581395349	0.581395348837	0.0232558139535
coc-	0.425711021586	0.564668390356	0.00962058805842	0.0
bue-	0.0	1.0	0.0	0.0
jay-	0.483917426788	0.419587133941	0.0576092174748	0.0388862217955
bel-	0.0436075322101	0.952097786587	0.0	0.00429468120251
ing-	0.0628620694688	0.194876695714	0.283546386225	0.458714848592
ixi-	0.00558659217877	0.993016759777	0.00139664804469	0.0
jef-	0.0	1.0	0.0	0.0
ant-	0.0421532747461	0.93337063024	0.00897456817176	0.0155015268421
gui-	0.034341782502	0.906786590352	0.0588716271464	0.0
yaa-	0.285651625637	0.557541531882	0.119524096716	0.0372827457646
ven-	0.0935307872175	0.674980514419	0.184723304754	0.0467653936087
yoc-	0.155568556537	0.535953621955	0.271779597915	0.0366982235932
icu-	0.112	0.816	0.056	0.016
ñay-	0.0455873774042	0.923198128674	0.0192725213293	0.0119419725928
ono-	0.104311543811	0.799721835883	0.0959666203059	0.0
sar-	0.105660377358	0.81878016674	0.0737165423431	0.00184291355858
jav-	0.657116301464	0.215927664026	0.0384313684803	0.0885246660295
lao-	0.0	1.0	0.0	0.0
bee-	0.0344186046511	0.96	0.00558139534883	0.0
teu-	0.405405405405	0.5	0.0	0.0945945945945
cen-	0.0829268292683	0.876097560976	0.0175609756098	0.0234146341463
put-	0.0	0.961538461538	0.0384615384615	0.0
tin-	0.282120035453	0.617331789944	0.081241278436	0.0193068961674
gaz-	0.0	1.0	0.0	0.0
art-	0.144578313253	0.831325301205	0.0	0.0240963855422
yoo-	0.124721651382	0.257325629543	0.0395136183787	0.578439100696
bal-	0.075197889182	0.885224274406	0.00791556728231	0.0316622691293
apo-	0.0833637026239	0.859238338192	0.0081997084548	0.0491982507289
cuq-	0.538223938224	0.258687258687	0.0718146718146	0.131274131274
efa-	0.0819672131148	0.918032786885	0.0	0.0
die-	0.676392572944	0.180371352785	0.0954907161803	0.0477453580902
iñi-	0.236598764982	0.205261156918	0.0257944380902	0.53234564001
sad-	0.0389755011136	0.924276169265	0.0077951002227	0.0289532293987
pub-	0.0833333333333	0.805555555556	0.0277777777778	0.0833333333333
top-	0.0	0.756097560976	0.243902439024	0.0
tun-	0.197224399388	0.383967361219	0.0865786014023	0.332229637991
isc-	0.00356506238859	0.996434937611	0.0	0.0
asó-	0.123456790123	0.716049382716	0.0	0.16049382716
tɨs-	0.211985681491	0.589071212191	0.167157168201	0.0317859381168
tas-	0.103018108652	0.744869215292	0.141247484909	0.0108651911469
amp-	0.0	1.0	0.0	0.0
nda-	0.262919128317	0.342980199601	0.0841765814401	0.309924090642
set-	0.0	1.0	0.0	0.0
así-	0.0	1.0	0.0	0.0
cux-	0.348236369394	0.339525449276	0.253831321631	0.0584068596992
jaa-	0.153374233129	0.515337423313	0.0	0.331288343558
cés-	0.288079470199	0.486754966887	0.0	0.225165562914
eli-	0.0672162333545	0.907419150285	0.00760938490805	0.0177552314521
rom-	0.0534992922004	0.755653765149	0.177208852674	0.0136380899769
yɨq-	0.077369052379	0.84806077569	0.0279888044782	0.046581367453
tuu-	0.176010018882	0.359704093471	0.44321905141	0.0210668362369
lot-	0.11677852349	0.821476510067	0.0536912751678	0.00805369127517
can-	0.226720824623	0.057383827036	0.0134778067528	0.702417541589
sus-	0.171428571429	0.634285714286	0.194285714286	0.0
pér-	0.0260303687636	0.973969631236	0.0	0.0
jes-	0.0345518009005	0.854028329792	0.0048046632097	0.106615206097
bro-	0.0481927710843	0.807228915663	0.144578313253	0.0
bla-	0.272506082725	0.470498783455	0.106143552311	0.150851581509
yat-	0.187449728899	0.23979177372	0.111520458523	0.461238038859
aje-	0.0385852090032	0.855305466238	0.106109324759	0.0
cin-	0.142282958199	0.857717041801	0.0	0.0
get-	0.0	1.0	0.0	0.0
sam-	0.145312403053	0.790624806105	0.0293168703853	0.0347459204567
jua-	0.0294973614544	0.941040340819	0.0139378320097	0.0155244657164
miy-	0.128888888889	0.622222222222	0.124444444444	0.124444444444
yun-	0.0953022718521	0.841162880246	0.0635348479014	0.0
noé-	0.0238853503185	0.968152866242	0.0	0.0079617834395
ii̱-	0.60747651956	0.103909477785	0.0238836710133	0.264730331642
lan-	0.0862354892205	0.724709784411	0.139303482587	0.0497512437811
rut-	0.0	1.0	0.0	0.0
caá-	0.196114348904	0.336213445593	0.167177059195	0.300495146308
ruf-	0.0	1.0	0.0	0.0
cru-	0.509884140681	0.465388317805	0.0052600818235	0.0194674596899
lib-	0.245173981855	0.750144892	0.00156037538174	0.00312075076347
isa-	0.0471623958497	0.931334940557	0.00981843889645	0.0116842246963
cap-	0.0258332714721	0.950189295524	0.0133620369683	0.0106153960359
cuj-	0.646855908261	0.281147762548	0.00799959213239	0.0639967370591
sɨɨ-	0.333234145642	0.341100946131	0.236588526877	0.08907638135
gam-	0.274390243902	0.661585365854	0.0274390243902	0.0365853658537
gri-	0.0921985815603	0.209929078014	0.678014184397	0.0198581560284
ara-	0.0165289256198	0.969303423849	0.0	0.0141676505313
niñ-	0.493150684932	0.0753424657534	0.123287671233	0.308219178082
sem-	0.0	1.0	0.0	0.0
cla-	0.166304347826	0.76847826087	0.00652173913044	0.0586956521739
tyu-	0.134571465266	0.424369161357	0.380641810963	0.0604175624138
ose-	0.0322580645161	0.935483870968	0.0322580645161	0.0
sim-	0.0277353390528	0.962314412191	0.00564108590903	0.00430916284718
sut-	0.56183745583	0.342756183746	0.0106007067138	0.0848056537103
jot-	0.0	1.0	0.0	0.0
gni-	0.0743801652892	0.669421487603	0.0	0.256198347107
chu-	0.0	0.966666666667	0.0333333333333	0.0
tax-	0.0708133860516	0.702704684192	0.159183809967	0.0672981197892
den-	0.258468768357	0.633835911494	0.0372038378696	0.0704914822792
clo-	0.131578947368	0.789473684211	0.0526315789474	0.0263157894737
cay-	0.267356227331	0.592036158148	0.044511692286	0.0960959222347
mbe-	0.024572171197	0.960116635906	0.00622495003658	0.00908624286042
cuc-	0.29515665237	0.391446971238	0.288728075804	0.0246683005879
ñic-	0.0483782297966	0.816382627817	0.111521244012	0.0237178983743
aba-	0.0	0.981308411215	0.0	0.018691588785
kil-	0.0728672985782	0.884478672986	0.0177725118483	0.0248815165877
res-	0.0	1.0	0.0	0.0
miñ-	0.0730740970191	0.873777175871	0.0135429123024	0.0396058148079
pau-	0.0	0.963636363636	0.0363636363636	0.0
afr-	0.0879120879121	0.868131868132	0.021978021978	0.021978021978
jus-	0.0326086956522	0.967391304348	0.0	0.0
teó-	0.0869565217391	0.811594202899	0.101449275362	0.0
ti̱-	0.722222222222	0.0	0.25	0.0277777777778
jar-	0.0574712643679	0.902298850575	0.0402298850574	0.0
eze-	0.0	1.0	0.0	0.0
jos-	0.0402592546429	0.942415555279	0.00772778262496	0.00959740745357
taa-	0.254815961402	0.235366099061	0.137246680872	0.372571258666
let-	0.16298003532	0.65757729953	0.0303810350504	0.1490616301
lám-	0.0792272930613	0.888653534076	0.0192715037176	0.0128476691451
tor-	0.0494505494505	0.884615384615	0.032967032967	0.032967032967
any-	0.283225540889	0.650147806643	0.0431205204058	0.0235061320624
job-	0.0285714285714	0.857142857143	0.0285714285714	0.0857142857143
nas-	0.465891994336	0.394653053868	0.0887393645321	0.0507155872633
pil-	0.0811416826272	0.852057738123	0.0401737749334	0.0266268043163
gom-	0.0170697012802	0.960170697013	0.0113798008535	0.0113798008535
nɨh-	0.683215130024	0.187352245863	0.0585106382979	0.0709219858156
ñas-	0.056313468048	0.90272720279	0.0266501692481	0.0143091599138
pee-	0.0308483290488	0.866323907455	0.102827763496	0.0
bur-	0.117403885903	0.845390657296	0.0297643654402	0.00744109136005
cor-	0.062892238274	0.872317440811	0.0425243514737	0.0222659694412
nyo-	0.0842442623685	0.667080962422	0.0234489044184	0.225225870791
har-	0.0213523131673	0.978647686833	0.0	0.0
idu-	0.0	1.0	0.0	0.0
icá-	0.198143665194	0.54653099232	0.160453294097	0.094872048389
mit-	0.0178540772532	0.941974248927	0.0391416309013	0.00103004291846
xuh-	0.167153722766	0.758027030804	0.0454269892072	0.0293922572226
tix-	0.0863016710642	0.81310466139	0.100593667546	0.0
uvi-	0.0871711441059	0.0914471568279	0.0827344018275	0.738647297239
yam-	0.0331632653061	0.237244897959	0.696428571429	0.0331632653061
tiq-	0.0806142034549	0.608445297505	0.31094049904	0.0
nuy-	0.0722460588172	0.777788637274	0.131903789204	0.0180615147043
hie-	0.0168067226891	0.915966386555	0.0672268907563	0.0
xee-	0.327252961583	0.36511806366	0.186927467187	0.12070150757
sav-	0.181250688871	0.536267171672	0.12334545746	0.159136681997
tom-	0.0570979570456	0.911471974856	0.0	0.0314300680985
aná-	0.0479360852197	0.904127829561	0.0319573901465	0.0159786950732
baa-	0.153846153846	0.794871794872	0.025641025641	0.025641025641
nat-	0.584338262164	0.285493309747	0.0430919694445	0.0870764586444
tɨy-	0.197368421053	0.802631578947	0.0	0.0
naa-	0.2037114296	0.455409536119	0.292945529706	0.0479335045756
aca-	0.0502577319588	0.942010309278	0.0	0.00773195876289
nác-	0.136560359357	0.194077854586	0.0459724073253	0.623389378732
mai-	0.0	1.0	0.0	0.0
pal-	0.314574314574	0.673881673882	0.011544011544	0.0
yah-	0.318550896959	0.146534354215	0.0717169877882	0.463197761038
xay-	0.224489795918	0.707482993197	0.0272108843537	0.0408163265306
vat-	0.671553982079	0.195016069724	0.0627951715501	0.0706347766469
joa-	0.0	1.0	0.0	0.0
mús-	0.076923076923	0.778846153846	0.144230769231	0.0
lev-	0.0614836266429	0.915348629984	0.0124749387391	0.0106928046336
lux-	0.139871510834	0.238175572674	0.357394693763	0.264558222728
ced-	0.039603960396	0.960396039604	0.0	0.0
tav-	0.543195556436	0.268530568365	0.019473599834	0.168800275365
quɨ-	0.202700887756	0.498917480948	0.0178892268563	0.28049240444
tot-	0.199252443933	0.69206440483	0.0	0.108683151236
med-	0.0	1.0	0.0	0.0
pel-	0.0	1.0	0.0	0.0
saa-	0.0302513639907	0.916226992026	0.0535216439834	0.0
epi-	0.130081300813	0.422764227642	0.447154471545	0.0
áng-	0.020752694034	0.963437460248	0.00676007196205	0.00904977375565
cir-	0.0475161987041	0.939524838013	0.0129589632829	0.0
azo-	0.0142857142857	0.971428571429	0.0142857142857	0.0
for-	0.0	1.0	0.0	0.0
tup-	0.301675977654	0.664804469274	0.0335195530726	0.0
siq-	0.0	0.965217391304	0.0347826086957	0.0
nuñ-	0.547082062309	0.228484272641	0.212331849778	0.0121018152723
iín-	0.270528515975	0.477455957002	0.0907733651835	0.161242161839
ilí-	0.0281690140845	0.915492957746	0.0	0.056338028169
efr-	0.0	1.0	0.0	0.0
ñah-	0.101593003872	0.477633485216	0.0417147100797	0.379058800833
isr-	0.017844556784	0.846205245202	0.114507707869	0.0214424901447
ber-	0.0550119601681	0.884272739961	0.03746877602	0.0232465238506
api-	0.0701754385965	0.912280701754	0.0175438596491	0.0
núm-	0.0541871921182	0.748768472906	0.00985221674877	0.187192118227
cop-	0.300578034682	0.618497109827	0.0578034682081	0.0231213872832
cur-	0.166986564299	0.798464491363	0.0230326295585	0.0115163147793
vii-	0.150631681244	0.619047619048	0.142857142857	0.0874635568513
cuy-	0.281312157194	0.398107407631	0.0403833403653	0.28019709481
mad-	0.044776119403	0.880597014925	0.0746268656716	0.0
pes-	0.342	0.406	0.09	0.162
álo-	0.0762711864406	0.771186440678	0.0508474576271	0.101694915254
urr-	0.15198810851	0.832404310665	0.0	0.015607580825
zar-	0.0	1.0	0.0	0.0
era-	0.0430107526882	0.935483870968	0.0	0.0215053763441
adá-	0.0427230046948	0.867136150235	0.037323943662	0.0528169014085
nax-	0.484637889642	0.355743903269	0.138798440947	0.0208197661421
tsi-	0.220674177811	0.120114386801	0.0290193174893	0.630192117899
int-	0.0444087005565	0.202733684674	0.0233450645605	0.729512550209
bat-	0.0533333333333	0.946666666667	0.0	0.0
inu-	0.266055045872	0.669724770642	0.0183486238532	0.045871559633
tad-	0.00342465753425	0.996575342466	0.0	0.0
loi-	0.253521126761	0.718309859155	0.0281690140845	0.0
acé-	0.0	1.0	0.0	0.0
mer-	0.0243902439024	0.878048780488	0.0975609756098	0.0
oso-	0.0	0.787234042553	0.212765957447	0.0
pay-	0.0	1.0	0.0	0.0
abe-	0.0658436213992	0.925925925926	0.0	0.00823045267491
lun-	0.64	0.147368421053	0.187368421053	0.0252631578947
xin-	0.295566502463	0.621921182266	0.0369458128079	0.045566502463
señ-	0.202631899598	0.71183136347	0.0511758255148	0.0343609114171
obe-	0.269129287599	0.730870712401	0.0	0.0
soc-	0.15971254146	0.599336634139	0.189636110176	0.0513147142239
are-	0.0187295145934	0.959419385048	0.0124863430623	0.0093647572967
cat-	0.690518397049	0.0920319441348	0.0150206173266	0.202429041489
tɨ̱-	0.42400406549	0.487836673369	0.0629709008153	0.0251883603261
jan-	0.540957202837	0.288813030662	0.100855775498	0.0693739910024
naj-	0.16899821613	0.127781428974	0.333771476857	0.36944887804
vih-	0.216129032258	0.242258064516	0.213870967742	0.327741935484
añi-	0.120223119889	0.651072069537	0.0540018452736	0.174702965301
aar-	0.065868263473	0.873053892216	0.0610778443114	0.0
ndú-	0.410526315789	0.526315789474	0.0	0.0631578947368
pab-	0.0345068606561	0.938233737327	0.00433965337061	0.0229197486462
una-	0.042521994135	0.143695014663	0.293255131965	0.520527859238
toa-	0.149253731343	0.820895522388	0.0298507462686	0.0
jun-	0.217748562038	0.718159408381	0.024650780608	0.0394412489729
oco-	0.017613945887	0.0254221899401	0.00290539313601	0.954058471037
dal-	0.0	1.0	0.0	0.0
vah-	0.13352644393	0.21556062642	0.403719148647	0.247193781003
fel-	0.00549802987263	0.985705122331	0.00219921194905	0.00659763584716
raq-	0.404021937843	0.595978062157	0.0	0.0
ase-	0.0	1.0	0.0	0.0
eva-	0.168831168831	0.766233766234	0.0	0.064935064935
beo-	0.0	1.0	0.0	0.0
coy-	0.743477005039	0.218395969062	0.0317725215829	0.00635450431656
mas-	0.121951219512	0.341463414634	0.512195121951	0.0243902439024
