-цие	0.0	1.0	0.0	0.0
-жот	0.0569704606586	0.908110596845	0.00860251532702	0.0263164271694
-мах	0.0384615384615	0.923076923077	0.0384615384615	0.0
-дов	0.57069412834	0.204690335371	0.0075901062653	0.217025430024
-мат	0.71418358727	0.124676036605	0.0993851953645	0.0617551807608
-мас	0.0	0.994296577947	0.0	0.00570342205323
-доа	0.852880504281	0.0507246674289	0.00909298034233	0.0873018479481
-дол	0.352601156069	0.612716763006	0.0346820809249	0.0
-док	0.198391420911	0.718856121537	0.0523681858803	0.0303842716711
-дон	0.0	1.0	0.0	0.0
-дом	0.0182719099269	0.963740789335	0.00409837232005	0.0138889284179
-маш	0.688792367782	0.0785540797794	0.0541563641934	0.178497188245
-туд	0.0551181102362	0.251968503937	0.582677165354	0.110236220472
-тул	0.052600818235	0.859731151373	0.0701344243132	0.0175336060783
-тун	0.0931677018634	0.869565217391	0.0372670807453	0.0
-мај	0.560257541929	0.290201983488	0.0373851186458	0.112155355937
-аов	0.0	1.0	0.0	0.0
-грб	0.330039525692	0.189723320158	0.0237154150198	0.45652173913
-ции	0.329609728507	0.502615950226	0.0415723981901	0.126201923077
-тус	0.0	1.0	0.0	0.0
-циј	0.121693121693	0.873015873016	0.00529100529101	0.0
-дос	0.0	1.0	0.0	0.0
-маж	0.00663481953291	0.926618895966	0.0408704883227	0.0258757961783
-дот	0.0643336451769	0.853123511302	0.0139882370188	0.0685546065018
-мав	0.311380838102	0.288951449142	0.201218386561	0.198449326195
-маа	0.643532883562	0.0992247620675	0.0384297873552	0.218812567015
-жок	0.280701754386	0.701754385965	0.0175438596491	0.0
-ман	0.0136054421769	0.707482993197	0.278911564626	0.0
-мам	0.549970186654	0.0870921640726	0.0689626623043	0.293974986969
-мал	0.161684429426	0.139069404731	0.592669612685	0.106576553158
-иде	0.888148672274	0.012052650715	0.00315664123328	0.0966420357782
-њаа	0.634408602151	0.248655913978	0.0403225806451	0.0766129032258
-ача	0.330044573546	0.57930585466	0.033054539991	0.0575950318024
-крв	0.0119825055419	0.972080762087	0.00359475166257	0.0123419807082
-аче	0.507246376812	0.339900362319	0.0203804347826	0.132472826087
-кри	0.788330041027	0.10743048169	0.0604771311351	0.043762346148
-ачи	0.382206907642	0.284551464836	0.0217643394003	0.311477288122
-шко	0.0417613154174	0.49437033431	0.279165315018	0.184703035254
-сло	0.017957466458	0.919550550268	0.0603370872989	0.00215489597496
-сли	0.47399758117	0.467915620058	0.013489626942	0.0445971718299
-сле	0.10923372146	0.24507252976	0.13083002667	0.51486372211
-сла	0.172164002511	0.742019606896	0.0312454725455	0.054570918047
-фан	0.0101637492942	0.861095426313	0.00564652738566	0.123094297007
-пам	0.593294259957	0.166622681458	0.159636379268	0.0804466793163
-низ	0.115919787191	0.0601255030352	0.00607052724917	0.817884182525
-нид	0.0212615166548	0.86817859674	0.0	0.110559886605
-ние	0.0709014708181	0.242938792234	0.0172086494315	0.668951087516
-нив	0.0214223755817	0.0309806420961	0.00617484403618	0.941422138286
-рие	0.587605178998	0.2668519266	0.0914397491229	0.054103145279
-рид	0.202913631634	0.66441207076	0.0312174817898	0.101456815817
-рил	0.642635728903	0.230016853256	0.0508757674251	0.0764716504153
-рик	0.0322580645161	0.935483870968	0.0	0.0322580645161
-ним	0.202672364408	0.158370363489	0.0302778508919	0.608679421211
-нин	0.0905952746242	0.772706351642	0.0945075176435	0.0421908560908
-ник	0.119221565928	0.710757240627	0.13092599425	0.0390951991952
-нил	0.488899514994	0.206776419154	0.210738438418	0.0935856274336
-рин	0.0	0.944805194805	0.0551948051948	0.0
-рим	0.00230946882217	0.976905311778	0.00577367205543	0.0150115473441
-рит	0.0	0.96158392435	0.00827423167847	0.0301418439716
-рис	0.0468986384266	0.895990922844	0.053706505295	0.00340393343419
-нит	0.0710382513661	0.193989071038	0.68306010929	0.051912568306
-нис	0.0213523131672	0.896797153025	0.0284697508897	0.0533807829181
-риш	0.668754537621	0.168597094404	0.0616942085425	0.100954159433
-ниш	0.621907631929	0.249982479501	0.0372836218376	0.0908262667321
-риј	0.0329904985037	0.897362893544	0.0586497751177	0.0109968328346
-ниј	0.0641296687808	0.933051444679	0.0	0.00281888653982
-фат	0.0336763330215	0.943872778298	0.0112254443405	0.0112254443405
-еин	0.0360908955889	0.904203178375	0.0445566612209	0.0151492648151
-пав	0.465765185662	0.379695213565	0.128783000644	0.0257566001288
-лжи	0.485856338371	0.0814750124739	0.024707756338	0.407960892817
-еже	0.82131661442	0.103448275862	0.0282131661442	0.0470219435736
-ежа	0.670087533957	0.253446020727	0.0422577724117	0.0342086729047
-жев	0.46288209607	0.124211547792	0.0868510431829	0.326055312955
-ежи	0.447902847229	0.506786406776	0.0263292172671	0.0189815287274
-иши	0.811984027444	0.0815093780641	0.0311073419115	0.0753992525802
-иша	0.868311721012	0.10147299509	0.0128414956566	0.0173737882412
-ише	0.670142036869	0.257706255666	0.0517527954065	0.020398912058
-уња	0.171428571429	0.657142857143	0.171428571429	0.0
-иња	0.0640897359911	0.776111612315	0.0942426560606	0.0655559956337
-шпа	0.0597014925373	0.940298507463	0.0	0.0
-пач	0.221476510067	0.295302013423	0.48322147651	0.0
-ињи	0.278202676864	0.721797323136	0.0	0.0
-шпи	0.0733944954128	0.926605504587	0.0	0.0
-пас	0.009900990099	0.970297029703	0.019801980198	0.0
-ебо	0.0291902071563	0.951035781544	0.00376647834275	0.0160075329567
-заа	0.730788136982	0.128707193184	0.0426019990169	0.0979026708176
-гар	0.0620099786172	0.623663578047	0.263007840342	0.0513186029936
-гат	0.01484375	0.0291666666667	0.9390625	0.0169270833333
-вул	0.0221402214022	0.977859778598	0.0	0.0
-гаш	0.0678502502577	0.0502575611257	0.00410145423957	0.877790734377
-ања	0.214083365384	0.653133956154	0.0568272519365	0.0759554265249
-ање	0.360982642099	0.517781146028	0.0653488685032	0.0558873433702
-ужи	0.667659412712	0.241280255676	0.0169292806256	0.0741310509867
-гај	0.360236833905	0.538173885946	0.0186974135245	0.0828918666252
-ужа	0.795918367347	0.15306122449	0.0357142857143	0.015306122449
-ќва	0.0901467505241	0.553459119497	0.0440251572327	0.312368972746
-мти	0.764258555133	0.114068441065	0.0456273764259	0.0760456273764
-мте	0.0109373545565	0.00870334171088	0.00111700642279	0.97924229731
-нта	0.0408707241226	0.391085443507	0.462609210721	0.10543462165
-нти	0.119328651614	0.702262170631	0.0555777281489	0.122831449606
-сци	0.0	0.836363636364	0.163636363636	0.0
-пка	0.224242647329	0.615268524313	0.0791401332499	0.0813486951081
-дби	0.200493749174	0.747617466861	0.0234627544887	0.0284260294767
-пки	0.29930719986	0.593615715163	0.0399894764536	0.0670876085241
-дба	0.165494200884	0.71327814977	0.0397031143139	0.0815245350317
-тта	0.0973461096882	0.811821072154	0.0306455886249	0.0601872295328
-тте	0.0351493848858	0.0943675253976	0.00803720690986	0.862445882807
-тти	0.0	0.0491803278689	0.631147540984	0.319672131148
-гаа	0.803199791883	0.131113423517	0.0295915712799	0.0360952133195
-гав	0.323972958918	0.663546541862	0.0	0.01248049922
-пер	0.0402684563758	0.402684563758	0.51677852349	0.0402684563758
-гад	0.0	1.0	0.0	0.0
-гам	0.279611650485	0.653398058253	0.0174757281553	0.0495145631068
-ган	0.0185556835006	0.965849646323	0.00947524263859	0.00611942753743
-зум	0.0999492643328	0.850583460173	0.0464231354642	0.00304414003044
-чин	0.191099067174	0.441711397155	0.0470060972432	0.320183438428
-чии	0.138953121715	0.0605423586294	0.0210216523019	0.779482867353
-чил	0.699511400652	0.18648208469	0.0846905537459	0.0293159609121
-чие	0.167397203089	0.418284283031	0.123565017742	0.290753496139
-чив	0.529992354209	0.22673246681	0.13067352471	0.112601654271
-дор	0.289573952199	0.645306546588	0.0332525112574	0.031866989955
-јуз	0.304347826087	0.521739130435	0.130434782609	0.0434782608696
-јуд	0.0	1.0	0.0	0.0
-југ	0.00740871405891	0.440642088552	0.040747927324	0.511201270065
-жно	0.140394496934	0.201475219625	0.488480026521	0.16965025692
-туѓ	0.128731343284	0.591417910448	0.044776119403	0.235074626866
-жни	0.136339284651	0.207594198737	0.523257689098	0.132808827514
-жна	0.298667727182	0.367866375025	0.263670709883	0.0697951879101
-чно	0.210290681998	0.229693190549	0.176699846528	0.383316280925
-аци	0.0465935058724	0.892623691343	0.0504198331296	0.0103629696551
-аце	0.0346170303808	0.906718014549	0.00594779632008	0.0527171587505
-жго	0.146341463415	0.780487804878	0.0487804878049	0.0243902439024
-аца	0.0350877192982	0.947368421053	0.0175438596491	0.0
-чиш	0.768914627312	0.13170184943	0.0438072109097	0.0555763123482
-чит	0.309928886488	0.597713565577	0.0532901251238	0.0390674228103
-мак	0.0	0.636363636364	0.363636363636	0.0
-чиј	0.0791199492278	0.284324095621	0.154220435794	0.482335519357
-кај	0.112161175741	0.0479060635608	0.0136526502043	0.826280110493
-кар	0.162365459883	0.483549412916	0.0739970645792	0.280088062622
-кат	0.196702155284	0.554790963386	0.199428719813	0.0490781615165
-каш	0.651738965755	0.118419000512	0.0640777131654	0.165764320567
-сиј	0.0389891696751	0.956678700361	0.0	0.00433212996389
-сиш	0.789700047171	0.154249562973	0.00832431532506	0.0477260745304
-оиш	0.433025404157	0.282909930716	0.0588914549653	0.225173210162
-сит	0.264847512039	0.337881219904	0.304975922953	0.0922953451043
-сиф	0.00987624940505	0.982984293194	0.00249881009043	0.00464064731081
-сил	0.726495726496	0.118233618234	0.103988603989	0.051282051282
-сии	0.0391806273565	0.872662961092	0.088156411552	0.0
-при	0.0530833394271	0.0174126658863	0.0125467961959	0.916957198491
-оил	0.022641509434	0.977358490566	0.0	0.0
-син	0.00566624051315	0.973808186581	0.000886793428861	0.0196387794767
-сив	0.0	0.133333333333	0.866666666667	0.0
-пре	0.909185227104	0.0503927671558	0.0117223816646	0.0286996240754
-пра	0.0364583333333	0.8046875	0.153645833333	0.00520833333333
-прв	0.0438756855576	0.0610146252285	0.52970749543	0.365402193784
-оив	0.644444444444	0.2	0.0666666666666	0.0888888888889
-каа	0.760622379185	0.0892161545169	0.0248005223008	0.125360943997
-лар	0.0	1.0	0.0	0.0
-кав	0.604093050648	0.147232037691	0.145318021201	0.103356890459
-кае	0.70931085044	0.249755620723	0.0372678396872	0.00366568914956
-каз	0.253294760527	0.479267116683	0.0347155255545	0.232722597236
-кал	0.615880457076	0.245531790214	0.0145033694697	0.12408438324
-кан	0.648060891627	0.148552788277	0.104385646974	0.0990006731217
-кам	0.455180749368	0.0364174266564	0.016959674761	0.491442149214
-кап	0.204654895666	0.325842696629	0.373194221509	0.0963081861958
-рло	0.0489795918367	0.951020408163	0.0	0.0
-рли	0.79144225015	0.0651306602833	0.0136644723718	0.129762617195
-рла	0.773336625315	0.167784336167	0.0131818742951	0.0456971642231
-ења	0.0482971401448	0.908923697639	0.0338791978166	0.00889996440014
-рее	0.591158581813	0.173713098947	0.181723779855	0.0534045393858
-реа	0.691236157739	0.159543017488	0.0506088089392	0.0986120158341
-реб	0.171964564877	0.770713913497	0.0260552371026	0.0312662845232
-рев	0.164022796573	0.732970633077	0.0687345723828	0.0342719979672
-рег	0.0717029449423	0.779769526248	0.056338028169	0.0921895006402
-рем	0.298644566016	0.450052393784	0.0770937100242	0.174209330176
-рен	0.250634601531	0.373262625082	0.318696322894	0.0574064504935
-реп	0.00384615384615	0.969230769231	0.0192307692308	0.00769230769231
-реи	0.0241389126103	0.840933674922	0.0970111016225	0.0379163108454
-рек	0.114130434783	0.445652173913	0.423913043478	0.0163043478261
-рел	0.464741564514	0.330216100088	0.18671805889	0.018324276507
-лзи	0.136762860728	0.846029754436	0.00322638465675	0.0139810001792
-лза	0.291745910993	0.297831875238	0.21205781666	0.198364397109
-езе	0.610345208768	0.0195897290127	0.00701155959826	0.363053502621
-еза	0.239624505929	0.744565217391	0.0044466403162	0.0113636363636
-езо	0.0	1.0	0.0	0.0
-ези	0.533318065684	0.143127053081	0.0242612485597	0.299293632675
-реф	0.132911392405	0.848101265823	0.0	0.0189873417722
-рец	0.203341013825	0.667050691244	0.110599078341	0.0190092165899
-хат	0.0	1.0	0.0	0.0
-рес	0.0717102904267	0.868411617067	0.0505557547508	0.00932233775547
-рет	0.23388809637	0.623402194396	0.107993871189	0.0347158380444
-реш	0.723424124514	0.155642023346	0.0424902723735	0.0784435797665
-чан	0.81724137931	0.113793103448	0.00689655172412	0.0620689655172
-реј	0.0	0.997993981946	0.0	0.00200601805416
-руф	0.0	1.0	0.0	0.0
-кти	0.021978021978	0.89010989011	0.021978021978	0.065934065934
-кта	0.00551977920883	0.790248390064	0.160073597056	0.0441582336706
-лку	0.0574751331695	0.056223532829	0.254377796311	0.631923537691
-вет	0.036480254557	0.751556196367	0.16297184414	0.0489917049359
-вер	0.0552279710987	0.840877003571	0.0366248650444	0.0672701602857
-вец	0.111640440787	0.784899667966	0.078437033829	0.0250228574178
-век	0.0275050673215	0.815182215272	0.0210642039368	0.136248513469
-вел	0.154262516915	0.660351826793	0.158322056834	0.0270635994587
-нко	0.189889231282	0.720996085617	0.061630715416	0.0274839676855
-вен	0.229408383687	0.177768446465	0.204950683602	0.387872486246
-нка	0.109507615282	0.726876389783	0.117898179125	0.0457178158102
-веа	0.599584368242	0.200738549714	0.150264840135	0.0494122419093
-вез	0.27207977208	0.666666666667	0.0527065527065	0.008547008547
-вед	0.106687483737	0.81403417469	0.0234192037471	0.0558591378263
-вее	0.738893004804	0.175399708434	0.034354611285	0.0513526754774
-лки	0.107262612407	0.809289742417	0.0373418686176	0.0461057765585
-лка	0.17846630519	0.778156467854	0.0232378001549	0.0201394268009
-оен	0.160343460758	0.0811806978348	0.656034757899	0.102441083507
-оел	0.276487540261	0.588235294118	0.0284794032887	0.106797762333
-аху	0.0	1.0	0.0	0.0
-оев	0.504	0.44	0.032	0.024
-руд	0.296759078485	0.579070675517	0.0819992190551	0.0421710269426
-руе	0.675675675676	0.243243243243	0.0810810810811	0.0
-руг	0.00869316256153	0.0808072589437	0.187406170738	0.723093407756
-руб	0.135211267606	0.101408450704	0.538028169014	0.225352112676
-рум	0.19298245614	0.338596491228	0.189473684211	0.278947368421
-руи	0.625850340136	0.333333333333	0.0408163265306	0.0
-оле	0.181441161223	0.389320891654	0.312597200622	0.116640746501
-ект	0.227848101266	0.772151898734	0.0	0.0
-еку	0.0511972461668	0.0670158800352	0.0101455338495	0.871641339949
-сее	0.643695008096	0.310217605023	0.0272762085622	0.0188111783188
-хеј	0.16724738676	0.822299651568	0.0	0.0104529616725
-олг	0.521375254467	0.43112418005	0.0339289753449	0.013571590138
-сеи	0.00531561461795	0.993355481728	0.0	0.00132890365449
-оло	0.144578313253	0.0816599732262	0.717536813922	0.0562248995984
-сен	0.302898155622	0.373689184684	0.268590690487	0.0548219692077
-сем	0.209900990099	0.271287128713	0.186138613861	0.332673267327
-олк	0.162162162162	0.753614079196	0.0125707102451	0.0716530483972
-фов	0.00822669104205	0.989031078611	0.00274223034735	0.0
-бај	0.063829787234	0.893617021277	0.0	0.0425531914894
-оја	0.126463196756	0.0651479320647	0.0531828931079	0.755205978071
-бат	0.759155895025	0.160676981329	0.0607455281368	0.0194215955085
-еса	0.0431918936035	0.853958201393	0.0884103863205	0.0144395186827
-бар	0.034964809611	0.0781133182088	0.814172510248	0.0727493619325
-есе	0.642780173144	0.21086603223	0.0300535263844	0.116300268242
-рог	0.277859638782	0.203995284806	0.457521155223	0.0606239211889
-ров	0.0318096950418	0.933268791923	0.0238572712814	0.0110642417537
-рон	0.00813559322036	0.975593220339	0.0162711864407	0.0
-ром	0.162068965517	0.448275862069	0.372413793104	0.0172413793104
-рои	0.593130779392	0.363276089828	0.0277410832232	0.0158520475561
-рол	0.276018099548	0.651583710407	0.0723981900452	0.0
-есо	0.074309671823	0.842128090213	0.0592742518432	0.0242879861212
-бав	0.762886597938	0.0927835051546	0.123711340206	0.020618556701
-баа	0.838827838828	0.0989010989011	0.00732600732601	0.0549450549451
-ест	0.0494309638514	0.839795532774	0.0268667595296	0.0839067438452
-рот	0.0717286106243	0.885613600296	0.0142087803584	0.0284490087217
-уја	0.884628340445	0.0985290815181	0.0	0.0168425780373
-бал	0.779220779221	0.116883116883	0.103896103896	0.0
-рош	0.461401952085	0.538598047915	0.0	0.0
-бам	0.833652920954	0.125837912813	0.0192900791582	0.021219087074
-бан	0.722388059702	0.277611940298	0.0	0.0
-рој	0.13906581741	0.386411889597	0.361995753715	0.112526539278
-фос	0.0	1.0	0.0	0.0
-хем	0.0	1.0	0.0	0.0
-фот	0.0843373493976	0.915662650602	0.0	0.0
-сеј	0.0372709390206	0.955740759913	0.00186354695103	0.00512475411533
-ека	0.145257857436	0.0521225520041	0.00430523036928	0.798314360191
-сер	0.0	0.992366412214	0.00763358778625	0.0
-сет	0.00899460990123	0.0429225936237	0.0266161255253	0.92146667095
-олу	0.0884738587191	0.0783020811869	0.0155105557949	0.817713504299
-еки	0.0504127018342	0.85948861866	0.0499580976542	0.0401405818519
-еко	0.00401337792642	0.995986622074	0.0	0.0
-ѕид	0.0	1.0	0.0	0.0
-јов	0.063829787234	0.799054373522	0.080378250591	0.0567375886525
-лца	0.0598006644518	0.90365448505	0.0199335548173	0.016611295681
-лци	0.022622721484	0.924221793071	0.0283179520674	0.0248375333776
-шне	0.425178147268	0.102731591449	0.107482185273	0.36460807601
-шна	0.5442931017	0.21061051588	0.212368044524	0.0327283378961
-шно	0.173258846066	0.409632148795	0.199309698816	0.217799306323
-шни	0.349438124151	0.355796783003	0.253879992646	0.0408851002005
-ијо	0.24	0.76	0.0	0.0
-ија	0.442725653985	0.451045472246	0.0414160676969	0.0648128060717
-деф	0.0	1.0	0.0	0.0
-ѕир	0.557522123894	0.309734513274	0.106194690265	0.0265486725664
-јот	0.0287731162032	0.112485138698	0.0445952323319	0.814146512767
-аја	0.278386570296	0.678168959353	0.0236263309241	0.0198181394264
-удо	0.0601900739177	0.798310454065	0.128827877508	0.012671594509
-уди	0.576941190019	0.329242996978	0.0498787405798	0.043937072423
-ќав	0.266666666667	0.555555555556	0.0	0.177777777778
-ќаа	0.70280551593	0.166428911079	0.106990014265	0.0237755587256
-ќам	0.876811990409	0.0517335259567	0.00986887954574	0.0615856040883
-уда	0.0653474021027	0.837517141551	0.0679186347707	0.0292168215755
-мре	0.795962973954	0.119472201931	0.0712321946264	0.0133326294884
-пиј	0.584681348665	0.371467550185	0.00584681348665	0.0380042876632
-ипа	0.0557219502682	0.931677608716	0.00672023520823	0.0058802058072
-пир	0.4	0.471428571429	0.0696428571428	0.0589285714285
-пис	0.178070364774	0.656809842435	0.0226635009713	0.14245629182
-ипе	0.4516765286	0.406311637081	0.0355029585798	0.10650887574
-ипи	0.0417101147028	0.92700729927	0.0187695516163	0.0125130344108
-пиш	0.704668074126	0.1986863711	0.0656814449918	0.0309641097818
-зур	0.0	1.0	0.0	0.0
-пие	0.582434830081	0.352804694964	0.00696055684455	0.0577999181111
-пив	0.737995488237	0.171769255559	0.0204103555699	0.0698249006338
-пии	0.026825633383	0.973174366617	0.0	0.0
-срп	0.00321371183717	0.963042313873	0.0321371183717	0.00160685591859
-пил	0.477593356804	0.319807351359	0.124635690004	0.0779636018325
-мрт	0.144257665046	0.818292914754	0.00502403389186	0.0324253863075
-апи	0.511278450778	0.239370355389	0.0613819349924	0.18796925884
-апо	0.443991853361	0.458248472505	0.0244399185336	0.0733197556008
-апа	0.167364016736	0.832635983264	0.0	0.0
-ќај	0.68779342723	0.18779342723	0.0281690140845	0.0962441314554
-зим	0.184971098266	0.208092485549	0.0	0.606936416185
-зин	0.0876140736161	0.755815562917	0.00465060485545	0.151919758611
-зик	0.0355019534568	0.925768642772	0.0295566502463	0.00917275352471
-зил	0.839436619718	0.12676056338	0.0338028169014	0.0
-зив	0.594363448513	0.197853288945	0.156698427276	0.0510848352657
-идо	0.0	0.982378854626	0.0	0.0176211453745
-ѓаа	0.790289677683	0.0973072215422	0.0422276621787	0.0701754385965
-ѓав	0.318248175182	0.394160583942	0.23503649635	0.0525547445255
-ѓам	0.785223609742	0.126691470761	0.0154127893005	0.0726721301967
-вја	0.0	1.0	0.0	0.0
-вје	0.0931506849315	0.750684931507	0.0849315068493	0.0712328767123
-јси	0.40206185567	0.427835051546	0.139175257732	0.0309278350515
-дев	0.487898333227	0.25985056517	0.0919598952678	0.160291206335
-мба	0.411764705882	0.588235294118	0.0	0.0
-мби	0.0	0.977395048439	0.0226049515608	0.0
-чук	0.0	1.0	0.0	0.0
-ксе	0.0479937057435	0.792682926829	0.153422501967	0.00590086546027
-кса	0.282051282051	0.717948717949	0.0	0.0
-афа	0.00216060496939	0.991357580122	0.00648181490817	0.0
-ѓаш	0.402234636872	0.16061452514	0.336592178771	0.100558659218
-рни	0.24035296348	0.337438110759	0.368765540927	0.0534433848334
-пол	0.0	0.737623762376	0.023102310231	0.239273927393
-зиш	0.564833672777	0.253224711473	0.127630685675	0.0543109300747
-чув	0.935998124487	0.0464189426796	0.0116047356699	0.00597819716329
-зир	0.0874316939891	0.382513661202	0.398907103825	0.131147540984
-ате	0.660144387786	0.163571738596	0.0451411257732	0.131142747844
-оди	0.403942608389	0.513457476782	0.0324069891988	0.0501929256301
-пор	0.214669051878	0.706618962433	0.046511627907	0.0322003577818
-ода	0.0275797903271	0.929001423294	0.0153682566582	0.0280505297203
-оде	0.0622409914355	0.883293207562	0.0166423280841	0.0378234729184
-рта	0.0352253622608	0.914018093027	0.00272195981106	0.0480345849011
-рте	0.761267291388	0.115796519411	0.00312360553324	0.119812583668
-рти	0.347071974614	0.612120775037	0.0145139189384	0.0262933314102
-рто	0.0110701107011	0.988929889299	0.0	0.0
-ско	0.104254688034	0.40231965123	0.452159997607	0.0412656631296
-ски	0.0902054740818	0.537427923919	0.272528249539	0.0998383524603
-ока	0.157714565164	0.22460401554	0.573260521097	0.0444208981987
-око	0.135822048051	0.588730651613	0.114096127052	0.161351173285
-ска	0.201018164149	0.593971306822	0.091979938922	0.113030590107
-оки	0.172192123637	0.422951077772	0.341664582267	0.0631922163238
-дци	0.0567377444385	0.882834251322	0.0189125814795	0.0415154227599
-вде	0.115627743635	0.0511852502195	0.0113257243196	0.821861281826
-кви	0.10088085037	0.491752211711	0.165315198742	0.242051739176
-кво	0.170427280141	0.249913888445	0.0905098687277	0.489148962687
-ква	0.0978156295977	0.367534858543	0.0708292353498	0.46382027651
-вди	0.202576112412	0.639344262295	0.140515222482	0.0175644028103
-рне	0.557304734102	0.250772911397	0.142975713756	0.0489466407454
-еќи	0.0755667506297	0.813602015113	0.0755667506297	0.0352644836272
-рив	0.397409849005	0.416660576206	0.0663616564103	0.119567918378
-еќа	0.125960812192	0.665348558226	0.197494112943	0.0111965166393
-хве	0.0792864222002	0.8810703667	0.0	0.0396432111001
-еќе	0.135252481608	0.0287153027314	0.191144371858	0.644887843802
-лез	0.32693498452	0.545510835913	0.0247678018576	0.102786377709
-лее	0.46719160105	0.427529892097	0.0650335374745	0.0402449693788
-лед	0.353225183469	0.387987640015	0.0758980301275	0.182889146389
-лег	0.0727762803234	0.902964959569	0.0161725067385	0.00808625336927
-лев	0.534766684374	0.366538988453	0.0223669863282	0.0763273408449
-еле	0.30438909413	0.595489878514	0.0396426340916	0.0604783932648
-леа	0.818779209986	0.0927608497295	0.0355339082158	0.0529260320683
-леп	0.0202121185778	0.0252542814918	0.94801356168	0.00652003825089
-лен	0.286761816817	0.149183769617	0.484149722344	0.079904691222
-ели	0.346121345959	0.524403424054	0.064531163717	0.0649440662703
-лел	0.489603024575	0.181474480151	0.0680529300567	0.260869565217
-ело	0.0846957731609	0.784376412308	0.0582794176064	0.0726483969252
-елу	0.0830039525691	0.790513833992	0.0790513833992	0.0474308300395
-лец	0.062340606404	0.625956361576	0.297534712383	0.0141683196373
-лех	0.0	1.0	0.0	0.0
-лет	0.341640104318	0.604462474645	0.0425963488844	0.011301072153
-вги	0.170655567118	0.798126951093	0.0312174817898	0.0
-рии	0.0364571161487	0.85557373218	0.0775882215471	0.0303809301239
-лчи	0.219588706866	0.118159637504	0.637852910422	0.0243987452074
-лче	0.591836734694	0.244897959184	0.0	0.163265306122
-јќи	0.568568257804	0.117528611671	0.0354071702821	0.278495960242
-тва	0.154807242008	0.737419406167	0.0683997678333	0.0393735839913
-тви	0.212720840746	0.509081881749	0.252337705325	0.0258595721792
-иос	0.0	0.975708502024	0.0242914979757	0.0
-тво	0.081230312486	0.801142768422	0.0728064212398	0.0448204978523
-иот	0.0627228517227	0.322575294306	0.225581266529	0.389120587442
-мут	0.212765957447	0.659574468085	0.127659574468	0.0
-мус	0.0	1.0	0.0	0.0
-мош	0.308473843493	0.393860786857	0.0285343709468	0.269130998703
-уеш	0.839590443686	0.133105802048	0.0	0.0273037542662
-мос	0.0237780713342	0.968295904888	0.00792602377807	0.0
-мор	0.0451137776536	0.858478697498	0.066743671049	0.0296638537996
-мот	0.0329163675732	0.935542349679	0.0133444733405	0.0181968094078
-мој	0.101248503506	0.104082679762	0.0123791606603	0.782289656071
-моќ	0.0430427944706	0.815578180614	0.0783047760947	0.0630742488205
-мои	0.0408215939759	0.343126004248	0.0330888691259	0.58296353265
-уен	0.25802254987	0.163052905464	0.500867302689	0.0780572419774
-мок	0.0677546262567	0.880664432464	0.00874253242022	0.0428384088591
-нај	0.191738113796	0.770849571317	0.0257209664848	0.0116913484022
-мов	0.00329625051504	0.97362999588	0.00247218788628	0.020601565719
-мое	0.0291823293638	0.133915787179	0.0416439727137	0.795257910743
-ион	0.0153183341312	0.946385830541	0.0239348970799	0.014360938248
-иод	0.266503667482	0.293398533007	0.19804400978	0.242053789731
-иов	0.218515429525	0.331109257715	0.42035029191	0.0300250208507
-бес	0.145854145854	0.706293706294	0.141858141858	0.00599400599401
-бер	0.131886351647	0.788981837365	0.0633054487904	0.0158263621976
-оси	0.51781703001	0.270414841869	0.0399489325943	0.171819195527
-бец	0.0652173913044	0.239130434783	0.695652173913	0.0
-оса	0.0745709494416	0.907232311699	0.00214079280694	0.016055946052
-нус	0.0	1.0	0.0	0.0
-осе	0.0729483282675	0.19452887538	0.063829787234	0.668693009119
-хом	0.454545454545	0.375	0.125	0.0454545454545
-хон	0.0	1.0	0.0	0.0
-вое	0.125171859523	0.240415903011	0.211913616494	0.422498620972
-вод	0.252090195085	0.528122624778	0.0293894096782	0.190397770459
-вов	0.00560041069678	0.994399589303	0.0	0.0
-рзе	0.498884758364	0.376951672862	0.0513011152416	0.0728624535316
-ход	0.615763546798	0.295566502463	0.0	0.0886699507389
-вон	0.141732283465	0.240157480315	0.0826771653543	0.535433070866
-еје	0.24	0.72	0.04	0.0
-рзо	0.143263371699	0.0759647935003	0.0495599187542	0.731211916046
-вок	0.00748129675811	0.0299251870324	0.940149625935	0.0224438902743
-еја	0.239890524119	0.709983044114	0.0314008342265	0.0187255975405
-вои	0.235416938057	0.206885943909	0.0866063767392	0.471090741295
-лут	0.212212212212	0.439439439439	0.312312312312	0.036036036036
-лух	0.471894318622	0.467863853469	0.0	0.0602418279092
-ееш	0.748986029743	0.167192429022	0.0567823343848	0.0270392068499
-луч	0.0588235294117	0.941176470588	0.0	0.0
-еец	0.0168050994785	0.85435580452	0.117249372223	0.0115897237782
-соа	0.706937853797	0.200750698058	0.0372297410702	0.0550817070752
-сов	0.298871905064	0.609317771158	0.0390682228842	0.0527421008937
-лби	0.172882816672	0.736095616266	0.0543802972543	0.0366412698077
-сок	0.134559344248	0.70888695759	0.117655386655	0.0388983115064
-лба	0.285944215871	0.568486262986	0.0714121825828	0.0741573385604
-сон	0.0315290178572	0.936104910714	0.0131138392857	0.0192522321429
-соп	0.0162162162162	0.902702702703	0.0648648648648	0.0162162162162
-сос	0.00550458715596	0.994495412844	0.0	0.0
-сот	0.0663855862642	0.865492865342	0.0133489501685	0.0547725982252
-јев	0.0	1.0	0.0	0.0
-еен	0.458466847424	0.0239092925807	0.473256100567	0.0443677594281
-еем	0.0	1.0	0.0	0.0
-ихо	0.0396825396825	0.850088183422	0.0626102292769	0.047619047619
-лув	0.15671641791	0.10447761194	0.694029850746	0.044776119403
-луд	0.0327251665219	0.548508543296	0.384013900956	0.0347523892268
-еел	0.604036676615	0.279443902742	0.0904190704192	0.0261003502241
-лун	0.0	1.0	0.0	0.0
-еев	0.264234383637	0.641238253179	0.0270867882808	0.0674405749033
-вот	0.0657934899729	0.883066395822	0.0253876310115	0.0257524831937
-вор	0.199699523612	0.356368799901	0.0829955087021	0.360936167785
-хор	0.220588235294	0.664705882353	0.0617647058823	0.0529411764706
-еју	0.0208044382802	0.771151178918	0.208044382802	0.0
-хот	0.0178951986963	0.945562241444	0.0124420208098	0.0241005390498
-беа	0.869275250286	0.0203032990019	0.00334220039561	0.107079250316
-бев	0.428175237787	0.0256309410543	0.00740327305642	0.538790548103
-бее	0.714285714286	0.15037593985	0.135338345865	0.0
-без	0.101156586907	0.072308425904	0.0407204954199	0.785814491769
-беж	0.0766972824543	0.889215036455	0.0298267209545	0.00426096013635
-ост	0.110521976815	0.705787333969	0.122911778237	0.0607789109791
-бел	0.149395509499	0.320379965458	0.472366148532	0.0578583765113
-ску	0.256578947368	0.0986842105263	0.0394736842105	0.605263157895
-бен	0.246262811206	0.171958304421	0.351026548569	0.230752335804
-вој	0.0399122219357	0.10662512709	0.0200506896928	0.833411961281
-шил	0.749679475658	0.103035095918	0.0842110308303	0.063074397594
-шик	0.12213740458	0.732824427481	0.0	0.145038167939
-шив	0.722826008841	0.133873627107	0.118291072833	0.0250092912186
-икс	0.031203997429	0.94151064668	0.0174887520474	0.009796603844
-ику	0.0	0.764705882353	0.078431372549	0.156862745098
-уча	0.7	0.266666666667	0.0	0.0333333333333
-учи	0.730465174692	0.138639875456	0.0151254487506	0.115769501101
-666	0.025641025641	0.0	0.0	0.974358974359
-уба	0.0214169875088	0.952709310819	0.0195600232739	0.00631367839856
-уби	0.765960465191	0.171221302177	0.0177547096032	0.0450635230287
-убо	0.0132450331126	0.0	0.94701986755	0.0397350993377
-мче	0.00842696629213	0.19606741573	0.795505617978	0.0
-ика	0.693213024067	0.1446454005	0.0332640470046	0.128877528428
-ики	0.0818973989386	0.655375745266	0.168381052218	0.0943458035773
-шиш	0.595585566973	0.20389268254	0.138476903924	0.0620448465632
-пни	0.518718801997	0.446755407654	0.0257903494177	0.0087354409318
-пно	0.331615120275	0.380068728522	0.0577319587629	0.23058419244
-пна	0.597736382929	0.188634755954	0.173308182032	0.0403206790851
-пне	0.647095179234	0.211990111248	0.111248454883	0.0296662546353
-раг	0.0643642072213	0.153846153846	0.317111459969	0.464678178964
-аки	0.235603747763	0.586482787662	0.114117275503	0.0637961890725
-ако	0.0700126020579	0.0237252578382	0.00822734888739	0.898034791216
-ака	0.148612817534	0.259536895166	0.0446547171696	0.547195570131
-аде	0.534915646258	0.0668949755164	0.00978721361021	0.388402164615
-ада	0.283695372199	0.519935237768	0.0305486391345	0.165820750898
-адо	0.056547093126	0.885845555752	0.0265064499028	0.0311009012193
-ади	0.163463392285	0.189772009454	0.0242329276621	0.622531670598
-гне	0.577593801125	0.285277672905	0.0486759074484	0.0884526185211
-гна	0.665822855235	0.0761933904528	0.0257037943696	0.232279959942
-аку	0.195128543969	0.179721287842	0.0714800576646	0.553670110524
-гни	0.744780513919	0.202316097745	0.00991938531302	0.0429840030231
-две	0.0120373370625	0.0267663761789	0.0216871031374	0.939509183621
-сха	0.0016420361248	0.986316365627	0.000821018062396	0.0112205801861
-два	0.000802836689636	0.00709172409179	0.000802836689637	0.991302602529
-аум	0.00735785953177	0.985953177258	0.0	0.0066889632107
-аул	0.5	0.477941176471	0.0220588235294	0.0
-жан	0.579624570371	0.278047060897	0.111042566317	0.0312858024147
-жам	0.593628100926	0.108199604577	0.0393890769904	0.258783217507
-жал	0.458164300203	0.353448275862	0.0900101419879	0.0983772819473
-жаа	0.79652065859	0.0986331158745	0.0355589579728	0.0692872675631
-жав	0.829476777786	0.0515897371569	0.0387298230838	0.0802036619731
-зна	0.47798120151	0.323479488806	0.095069816565	0.10346949312
-зне	0.61101836394	0.181969949916	0.0868113522538	0.12020033389
-зни	0.159669916769	0.373995127865	0.386321249874	0.0800137054926
-зно	0.198311679747	0.289718393458	0.395238409286	0.11673151751
-вда	0.192245111723	0.500144913167	0.18721764178	0.120392333331
-сне	0.725869382528	0.155603465525	0.0404427948297	0.0780843571172
-жас	0.646341463415	0.182926829268	0.146341463415	0.0243902439024
-жар	0.07773512476	0.843570057582	0.0287907869482	0.0499040307102
-жат	0.466273444698	0.24861755398	0.114816328166	0.170292673156
-аус	0.145911949686	0.703144654088	0.0452830188679	0.105660377358
-шци	0.130612244898	0.548979591837	0.274489795918	0.0459183673469
-онт	0.0	1.0	0.0	0.0
-пур	0.03	0.67	0.3	0.0
-кни	0.606923076923	0.158076923077	0.170384615385	0.0646153846154
-кно	0.0731847709892	0.791135597402	0.135679631609	0.0
-кна	0.728605945712	0.162516647241	0.0347825914881	0.0740948155595
-кне	0.573265597107	0.208254492494	0.141416573969	0.0770633364296
-нда	0.645161290323	0.354838709677	0.0	0.0
-нде	0.388034724401	0.175609245895	0.0	0.436356029704
-еал	0.646179616029	0.225615255766	0.0605592062879	0.0676459219173
-вна	0.486644542944	0.326286231464	0.130909006521	0.0561602190713
-ржи	0.686821730804	0.195979899498	0.0486144075426	0.068583962156
-вни	0.179121494206	0.24853043546	0.376095033707	0.196253036627
-вно	0.163989943474	0.331470265238	0.176525760093	0.328014031195
-ржа	0.569641312305	0.309908830771	0.0865109469621	0.0339389099621
-пуд	0.051724137931	0.948275862069	0.0	0.0
-спа	0.345572354212	0.207343412527	0.00647948164146	0.44060475162
-онг	0.296875	0.234375	0.421875	0.046875
-она	0.0869011516595	0.436167876691	0.0147798265235	0.462151145126
-оно	0.102564102564	0.628205128205	0.142857142857	0.126373626374
-спи	0.849056603774	0.150943396226	0.0	0.0
-они	0.177908175837	0.609505470939	0.0797598079924	0.132826545232
-јди	0.957772266902	0.0168493753911	0.00660532597863	0.0187730317287
-јде	0.861604469237	0.0272054137859	0.00907231654358	0.102117800434
-еви	0.100623822577	0.789671393279	0.0971832098097	0.0125215743342
-ево	0.233082706767	0.515342410079	0.116642958748	0.134931924406
-ева	0.398548444828	0.556097684841	0.0310040314505	0.0143498388808
-ифе	0.108571428571	0.868571428571	0.0	0.0228571428571
-еве	0.414130419267	0.256680072255	0.00987846792136	0.319311040557
-ифа	0.0110024449878	0.986552567237	0.0	0.00244498777506
-оре	0.13112456834	0.468344927681	0.0181672588959	0.382363245083
-ора	0.192731124829	0.460962934616	0.0704369866281	0.275868953928
-оро	0.129714543132	0.0494658428888	0.124154260308	0.696665353671
-ори	0.807557201531	0.139449801613	0.025858853975	0.027134142881
-ура	0.267989916951	0.547855871218	0.131506988424	0.0526472234064
-ури	0.298649996165	0.0743652680831	0.0315256577433	0.595459078009
-евс	0.0	0.986842105263	0.0131578947368	0.0
-уво	0.10071942446	0.757451181912	0.0727646454265	0.0690647482015
-ред	0.145999008461	0.136209706129	0.0161500261194	0.70164125929
-уви	0.276457883369	0.13282937365	0.45464362851	0.136069114471
-ува	0.639560179025	0.194703308392	0.0656844883998	0.100052024183
-пло	0.609848484848	0.140151515152	0.0	0.25
-мци	0.0405075646657	0.872376769156	0.0673499267936	0.0197657393851
-ием	0.0	0.825503355705	0.174496644295	0.0
-иен	0.799609265978	0.134663689646	0.0414457158806	0.0242813284957
-иел	0.0281603939017	0.944401273579	0.0274383325196	0.0
-иев	0.044883045142	0.945622464539	0.003452541934	0.0060419483845
-шле	0.732626619552	0.137514723204	0.0279740871614	0.101884570082
-шла	0.394029850746	0.274626865671	0.29552238806	0.0358208955224
-шло	0.502761057547	0.198938191374	0.0149150375539	0.283385713525
-чје	0.124352331606	0.834196891192	0.0186528497409	0.0227979274611
-мјо	0.177215189873	0.746835443038	0.0759493670886	0.0
-леб	0.0216235893702	0.962941390608	0.000873680378594	0.0145613396433
-мји	0.495867768595	0.438016528926	0.0165289256198	0.0495867768595
-мја	0.0358454859178	0.928123492523	0.00660506883372	0.0294259527255
-иеш	0.671859412171	0.204205356458	0.0295449313177	0.0943903000537
-иец	0.0629004076878	0.907396622015	0.0209668025626	0.00873616773443
-тли	0.489556900254	0.231700175678	0.183876634784	0.0948662892836
-лем	0.0536897085701	0.0605744869111	0.735773362419	0.1499624421
-тло	0.168768768769	0.406006006006	0.410810810811	0.0144144144144
-тла	0.24882629108	0.140845070423	0.610328638498	0.0
-аза	0.575830948712	0.364736957957	0.0356592559982	0.0237728373322
-азе	0.625403254714	0.122428131049	0.197594809664	0.0545738045738
-чми	0.037037037037	0.962962962963	0.0	0.0
-ази	0.747362069841	0.189517887884	0.0270400349844	0.0360800072908
-зот	0.217903643318	0.68763280918	0.0214426457521	0.0730209017502
-зор	0.19623655914	0.787634408602	0.0161290322581	0.0
-гов	0.310422764124	0.24094190247	0.0635511170648	0.38508421634
-гог	0.0	0.978102189781	0.021897810219	0.0
-гоа	0.501805314847	0.0174995185827	0.00563258232236	0.475062584248
-гол	0.325154871983	0.200006103329	0.297232140132	0.177606884556
-гон	0.0	1.0	0.0	0.0
-уме	0.143339891875	0.784990162188	0.0	0.0716699459373
-ума	0.262471220261	0.649270913277	0.0675364543361	0.0207214121259
-уми	0.504509582864	0.407553551297	0.00676437429537	0.0811724915445
-деа	0.823826486901	0.0977814853226	0.0251161112865	0.05327591649
-под	0.0140584936935	0.837868418326	0.00313220325814	0.144940884722
-дее	0.4218862491	0.396328293736	0.0693544516439	0.11243100552
-деж	0.104607067936	0.757120380829	0.00786670969824	0.130405841536
-деи	0.275675675676	0.445945945946	0.127027027027	0.151351351351
-дек	0.0160975609756	0.978048780488	0.00439024390245	0.00146341463414
-дел	0.449053124312	0.316131503997	0.0429262627285	0.191889108962
-ден	0.106631365767	0.262170487429	0.0969877369506	0.534210409853
-пои	0.591240875912	0.29614181439	0.00625651720542	0.106360792492
-ата	0.0685579953402	0.629213596863	0.0779378167108	0.224290591086
-пот	0.112157324203	0.84285816636	0.0218843559421	0.0231001534944
-дец	0.0594827586207	0.937931034483	0.0	0.00258620689656
-деш	0.66185271923	0.130887327609	0.0516957238269	0.155564229335
-ати	0.607373391633	0.151820140706	0.0644596301936	0.176346837468
-ато	0.225281978444	0.563940178795	0.107658116802	0.103119725959
-деј	0.160714285714	0.683928571429	0.0428571428571	0.1125
-пој	0.436363636364	0.345454545454	0.0	0.218181818182
-гот	0.113362774179	0.753162452281	0.0141063328855	0.119368440655
-сја	0.362962962963	0.637037037037	0.0	0.0
-сје	0.272479564033	0.705722070845	0.0	0.0217983651226
-топ	0.108183079057	0.883495145631	0.00832177531206	0.0
-зок	0.135638297872	0.191489361702	0.648936170213	0.0239361702128
-зол	0.262039832489	0.197902463966	0.505545140242	0.0345125633035
-зов	0.0	1.0	0.0	0.0
-шон	0.0	1.0	0.0	0.0
-тал	0.237275449102	0.71631736527	0.0224550898204	0.0239520958084
-тан	0.493081761006	0.422641509434	0.0408805031446	0.0433962264151
-там	0.683969174683	0.141476973238	0.0495263800775	0.125027472001
-тап	0.145102781137	0.772974607013	0.0538089480049	0.0281136638452
-шок	0.140737271388	0.597379453729	0.135539588069	0.126343686814
-таа	0.120437079398	0.0446819892287	0.0142633175136	0.82061761386
-тав	0.617323852618	0.144796380091	0.113768584357	0.124111182935
-шов	0.0571428571429	0.942857142857	0.0	0.0
-жје	0.0562478366217	0.855053651783	0.00605745932849	0.0826410522672
-жја	0.0418192982828	0.824782433777	0.0546297668706	0.0787685010693
-жјо	0.170274170274	0.712554112554	0.0311688311688	0.0860028860029
-жји	0.0404636234879	0.735329531712	0.0231270537694	0.201079791031
-ќеш	0.730964467005	0.147208121827	0.0304568527919	0.0913705583756
-0од	0.0478182904961	0.0735206216378	0.0	0.878661087866
-јце	0.0	1.0	0.0	0.0
-уха	0.0	0.927710843373	0.0722891566265	0.0
-уза	0.0407766990291	0.959223300971	0.0	0.0
-узи	0.0216606498195	0.906137184116	0.0361010830325	0.0361010830325
-ќен	0.198596404827	0.428435114504	0.333969465649	0.038999015021
-ќеа	0.142857142857	0.821428571429	0.0	0.0357142857143
-таљ	0.0993048659384	0.582919563059	0.317775571003	0.0
-тај	0.0739934711643	0.72034820457	0.133841131665	0.0718171926007
-таш	0.670770111652	0.190094474664	0.0910392212997	0.0480961923847
-иин	0.0109090909091	0.989090909091	0.0	0.0
-тар	0.0167722900483	0.89226119442	0.0602008930111	0.030765622521
-тат	0.528448407573	0.222241660545	0.0586886678404	0.190621264041
-тах	0.0103092783505	0.969072164948	0.0	0.020618556701
-тач	0.101796407186	0.862275449102	0.0239520958084	0.0119760479042
-цов	0.0240963855422	0.903614457831	0.0120481927711	0.0602409638554
-дан	0.168128865238	0.69581475622	0.0934848266935	0.0425715518481
-дам	0.7610888718	0.0947906678867	0.0250448369025	0.119075623411
-дал	0.728678647362	0.147060288446	0.0295807794197	0.0946802847724
-пли	0.596153846154	0.192307692308	0.211538461538	0.0
-дав	0.555109976911	0.303439056994	0.0532263944586	0.0882245716369
-сче	0.0658307210031	0.15987460815	0.617554858934	0.156739811912
-даа	0.699690758341	0.201720286557	0.0441081362547	0.0544808188464
-тов	0.113829362956	0.453984805891	0.365942628133	0.0662432030194
-тоа	0.0685498248733	0.0840288710582	0.00729446133076	0.840126842738
-аил	0.0623608017817	0.912026726058	0.00668151447662	0.0189309576838
-аик	0.0	1.0	0.0	0.0
-тон	0.168224299065	0.691588785047	0.0560747663551	0.0841121495327
-том	0.131382282655	0.0339656677351	0.01014179024	0.82451025937
