jer-	0.0184540862335	0.961208513219	0.00251374580045	0.017823654747
cóm-	0.217983301305	0.606680400042	0.0677437794792	0.107592519174
tut-	0.2484516573	0.662088542264	0.054765454754	0.0346943456818
do̱-	0.17760785488	0.297516207764	0.0200769036479	0.504799033709
fig-	0.0689655172414	0.931034482759	0.0	0.0
maa-	0.0	1.0	0.0	0.0
tíh-	0.2625	0.5375	0.0	0.2
tón-	0.10436178753	0.4995094104	0.373383284274	0.022745517795
jac-	0.0241871921182	0.969261083744	0.00418719211823	0.0023645320197
ton-	0.181278643603	0.590026970714	0.176138984383	0.0525554013001
ju̱-	0.0733849960064	0.471044630083	0.0431734201782	0.412396953732
tít-	0.166666666667	0.785714285714	0.0119047619048	0.0357142857143
xís-	0.830049261084	0.0701970443349	0.0554187192118	0.0443349753695
yo̱-	0.0822157993855	0.170772443488	0.0352880013209	0.711723755806
sáñ-	0.0	0.940179461615	0.0598205383848	0.0
abí-	0.0147058823529	0.926470588235	0.0588235294118	0.0
poy-	0.630769230769	0.253846153846	0.115384615385	0.0
mah-	0.0	1.0	0.0	0.0
víí-	0.489361702128	0.468085106383	0.0425531914894	0.0
vas-	0.0102127659574	0.984680851064	0.00510638297873	0.0
eno-	0.11497005988	0.622754491018	0.233532934132	0.0287425149701
tóy-	0.301402936147	0.583721267776	0.087617132601	0.0272586634759
cám-	0.189849247416	0.13766392964	0.0503669430839	0.622119879861
yán-	0.102981778023	0.217835450028	0.581998895638	0.0971838763114
ana-	0.0623240852433	0.905106554081	0.0120627261761	0.0205066344994
o̱h-	0.204240171313	0.466706219351	0.329053609337	0.0
xít-	0.459330797456	0.344854857653	0.0542510407944	0.141563304097
cúú-	0.563408808774	0.0249393109561	0.0142647021447	0.397387178125
cúu-	0.36897689433	0.18769762044	0.135290414152	0.308035071078
seg-	0.030303030303	0.969696969697	0.0	0.0
euf-	0.0743801652892	0.925619834711	0.0	0.0
der-	0.0689655172414	0.931034482759	0.0	0.0
pró-	0.0	1.0	0.0	0.0
abi-	0.0	0.997284365705	0.00271563429458	0.0
yúc-	0.0392639114585	0.837761869208	0.11664983091	0.00632438842285
mil-	0.0198632173655	0.311507582516	0.0157002676182	0.652928932501
tib-	0.0172910662824	0.93083573487	0.0518731988473	0.0
yít-	0.105280311647	0.812006476923	0.030390839048	0.0523223723815
cáv-	0.3406720694	0.501870966947	0.0953761855276	0.0620807781251
i̱ñ-	0.0420683610868	0.0333041191937	0.114519427403	0.810108092317
inú-	0.0691938011718	0.0847038778443	0.0224359599665	0.823666361017
ari-	0.0121317157712	0.968804159445	0.0155979202773	0.00346620450607
ini-	0.15856746476	0.049838345745	0.00649153940288	0.785102650092
ját-	0.302070405988	0.574987685479	0.0475822636091	0.0753596449241
mig-	0.263440860215	0.725806451613	0.0	0.010752688172
paf-	0.0	1.0	0.0	0.0
mar-	0.158388850203	0.769489452661	0.0158599831631	0.0562617139729
cah-	0.582474350175	0.298600404337	0.0589068669236	0.0600183785643
abr-	0.0269265630963	0.93440086521	0.0343656841336	0.00430688756053
ñut-	0.395833333333	0.541666666667	0.0416666666667	0.0208333333333
zaq-	0.0822510822511	0.82683982684	0.008658008658	0.0822510822511
nor-	0.0272108843537	0.727891156463	0.190476190476	0.0544217687075
táy-	0.125548726953	0.844600526778	0.0122914837577	0.017559262511
jóh-	0.392608854738	0.138309549945	0.401024515185	0.0680570801318
her-	0.0211703139867	0.911703139867	0.0527117031399	0.0144148430067
ate-	0.013201320132	0.986798679868	0.0	0.0
tii-	0.687919515807	0.192196662333	0.0105161247246	0.109367697136
har-	0.138194020744	0.852654057352	0.00915192190359	0.0
cil-	0.0	0.997433704021	0.0	0.00256629597947
sin-	0.0596658711217	0.890214797136	0.0501193317422	0.0
urí-	0.0	1.0	0.0	0.0
dor-	0.153024911032	0.681494661922	0.0266903914591	0.138790035587
zab-	0.0247442303117	0.950511539377	0.0247442303117	0.0
xíj-	0.218048182932	0.379746835443	0.0330747243773	0.369130257248
xíh-	0.406504579798	0.416086277489	0.137552235026	0.0398569076865
jíq-	0.189245216328	0.477593404599	0.256928323733	0.0762330553406
jor-	0.0	1.0	0.0	0.0
naí-	0.0344827586207	0.862068965517	0.0	0.103448275862
júp-	0.0177514792899	0.98224852071	0.0	0.0
gen-	0.10775862069	0.737068965517	0.0258620689655	0.129310344828
coo-	0.516793817588	0.168275600767	0.0173035055537	0.297627076091
naa-	0.00978222895074	0.86304879469	0.12716897636	0.0
jam-	0.104247104247	0.745173745174	0.0926640926641	0.0579150579151
tañ-	0.0857352910645	0.389659435839	0.0150626775158	0.50954259558
cal-	0.19298245614	0.80701754386	0.0	0.0
bej-	0.0	0.596330275229	0.0	0.403669724771
por-	0.178082191781	0.821917808219	0.0	0.0
jáy-	0.367876217405	0.538737040528	0.0675463399308	0.0258404021363
núu-	0.165798465733	0.367025561857	0.362435857241	0.104740115169
alf-	0.0	1.0	0.0	0.0
pas-	0.0630035662396	0.900013208295	0.0150574560824	0.0219257693832
cos-	0.184933211649	0.656848917282	0.117121601814	0.0410962692552
dam-	0.0317334391115	0.947243157477	0.00714002380008	0.0138833796113
hor-	0.0551558752998	0.805070229531	0.00948181546929	0.1302920797
qui-	0.214312838798	0.349178822117	0.0744895151209	0.362018823964
víx-	0.218100030357	0.55716743172	0.0643932773419	0.160339260581
ped-	0.0232307458438	0.951773054546	0.0060806235403	0.01891557607
lin-	0.0436849703789	0.63555408971	0.28192985513	0.0388310847812
epa-	0.102493074792	0.858725761773	0.0332409972299	0.00554016620499
ta̱-	0.325005124392	0.486798849997	0.052451442144	0.135744583467
asi-	0.0112112033358	0.973447149994	0.0106211400024	0.00472050666772
dia-	0.0626283367556	0.918891170431	0.0184804928132	0.0
nan-	0.376853195198	0.162678165468	0.0233290137333	0.4371396256
nií-	0.197352587244	0.72202166065	0.057761732852	0.0228640192539
uva-	0.0792295118304	0.897099105022	0.0170573202095	0.0066140629384
jáv-	0.239565557102	0.196490719708	0.0436098706917	0.520333852498
tér-	0.182608695652	0.772670807454	0.0149068322981	0.0298136645963
tol-	0.15873015873	0.84126984127	0.0	0.0
mel-	0.0612016113028	0.91964941829	0.0112641002398	0.00788487016783
jús-	0.0107913669065	0.26618705036	0.723021582734	0.0
cue-	0.453949258018	0.345485878411	0.147936811872	0.0526280516994
yuh-	0.105125455502	0.364520965516	0.0716938230417	0.45865975594
mir-	0.0315398886828	0.936301793445	0.0321583178726	0.0
cáa-	0.159779962008	0.303529210432	0.0855325901522	0.451158237408
víc-	0.0735772680228	0.828340283246	0.0577754386487	0.0403070100829
mus-	0.0	1.0	0.0	0.0
eut-	0.0769230769231	0.923076923077	0.0	0.0
pud-	0.0	1.0	0.0	0.0
je̱-	0.229810432973	0.356953807175	0.30849884631	0.104736913541
yah-	0.160571503474	0.299908244855	0.526674531394	0.0128457202779
bab-	0.0668121537687	0.648816518382	0.0412959543395	0.24307537351
ita-	0.0553913847195	0.505643282086	0.383639038234	0.0553262949607
yój-	0.253575357536	0.564356435644	0.127062706271	0.0550055005501
tuh-	0.735811811153	0.208915940122	0.0207270932719	0.0345451554532
chá-	0.109688380903	0.10341084769	0.354124134477	0.432776636931
tiá-	0.276513048307	0.448084397557	0.23542476402	0.0399777901166
láz-	0.0589845532165	0.813487149406	0.0549653479328	0.0725629494449
cac-	0.468378989771	0.356566640808	0.0439337566095	0.131120612812
moi-	0.0426500737049	0.903443452595	0.028779813385	0.0251266603148
cóh-	0.357440547522	0.332008468483	0.189342494208	0.121208489787
jud-	0.0334145227584	0.954011265033	0.007535393515	0.00503881869387
cúy-	0.409836065574	0.488524590164	0.0950819672131	0.00655737704917
ñál-	0.149963776865	0.600096595025	0.166626418739	0.0833132093697
uzí-	0.0	1.0	0.0	0.0
cis-	0.0	0.955223880597	0.044776119403	0.0
mal-	0.272189349112	0.710059171598	0.01775147929	0.0
yáj-	0.323907455013	0.467866323907	0.0925449871465	0.115681233933
sab-	0.0	0.974093264249	0.0259067357513	0.0
chó-	0.312653261403	0.170426679745	0.0117704757234	0.505149583129
nin-	0.330337078652	0.250936329588	0.118352059925	0.300374531835
mán-	0.135483272724	0.391698757733	0.202631427917	0.270186541626
lis-	0.0695615514334	0.896975126476	0.0324093591905	0.0010539629005
cie-	0.00478697941599	0.0536141694591	0.0167544279559	0.924844423169
coh-	0.738009698551	0.203406933245	0.0478518803351	0.0107314878693
toy-	0.037037037037	0.925925925926	0.037037037037	0.0
sir-	0.0577576443941	0.891279728199	0.0475651189128	0.00339750849376
nún-	0.307032080545	0.279219561003	0.349258958164	0.0644894002877
sós-	0.0	0.961904761905	0.0190476190476	0.0190476190476
i̱n-	0.0384615384615	0.025641025641	0.32905982906	0.606837606838
esr-	0.0	1.0	0.0	0.0
iyá-	0.0247933884298	0.487603305785	0.479338842975	0.00826446280992
i̱c-	0.26812328906	0.355976883301	0.307969177735	0.0679306499037
mús-	0.0430416068867	0.940817790531	0.0161406025825	0.0
and-	0.0368988391376	0.936152570481	0.00580431177446	0.021144278607
xin-	0.353284671533	0.217518248175	0.385401459854	0.0437956204379
ALL	0.24170362568	0.286993072104	0.0540165156298	0.417286786586
táñ-	0.45324881141	0.389857369255	0.139461172742	0.0174326465927
yút-	0.137117346939	0.162263119534	0.687864431487	0.0127551020408
mae-	0.0221967549309	0.94673985162	0.0135713854877	0.0174920079619
ja̱-	0.165613215484	0.349104863636	0.039927130333	0.445354790547
per-	0.0150738619234	0.92131444076	0.0518540850166	0.0117576123003
jiv-	0.280765408703	0.280372535879	0.0344341475815	0.404427907837
jué-	0.10254532137	0.817249587987	0.0582310932064	0.0219739974364
arm-	0.0	1.0	0.0	0.0
ji̱-	0.212701430853	0.494236259395	0.0591401936792	0.233922116073
yúh-	0.147534611471	0.675138045752	0.116381429274	0.0609459135027
lo̱-	0.0	1.0	0.0	0.0
zor-	0.0	1.0	0.0	0.0
mbo-	0.0393518518519	0.93287037037	0.0277777777778	0.0
níh-	0.271311309964	0.282950952028	0.392922021126	0.0528157168809
cáj-	0.575422807714	0.170078962664	0.0568983589183	0.197599870705
lid-	0.0280701754386	0.964912280702	0.0	0.00701754385966
ñan-	0.0256706093667	0.90986081536	0.0350711845199	0.0293973907538
táa-	0.413449734006	0.424498704133	0.0570181421361	0.105033419725
ata-	0.168539325843	0.76404494382	0.0	0.0674157303371
tie-	0.0967071627697	0.63089568053	0.0412196150642	0.231177541636
far-	0.00545986350341	0.986025349366	0.00285992850178	0.00565485862854
i̱h-	0.238772820824	0.471223181367	0.195596487851	0.0944075099575
cuí-	0.21115427336	0.291347562986	0.391335300834	0.10616286282
u̱h-	0.0427406341314	0.0897262564147	0.0164275226424	0.851105586812
các-	0.614109206496	0.0971619379202	0.0529428930377	0.235785962546
loh-	0.144487728	0.363443503029	0.211581565942	0.28048720303
tac-	0.193419000223	0.259392408824	0.468573126346	0.0786154646067
mes-	0.242298419502	0.727564961157	0.0	0.030136619341
num-	0.128776319805	0.743057674703	0.0411962160512	0.0869697894415
arc-	0.168981481481	0.806712962963	0.0173611111111	0.00694444444444
adi-	0.0	1.0	0.0	0.0
saú-	0.683982683983	0.290043290043	0.0	0.025974025974
ami-	0.048038277512	0.934736842105	0.00574162679426	0.0114832535885
tán-	0.283405959141	0.660003178697	0.0396371970827	0.0169536650787
tóh-	0.0799390657366	0.800421709689	0.0861532459571	0.0334859786173
cás-	0.47442029739	0.276888149458	0.12200616963	0.126685383522
xe̱-	0.235249621785	0.694402420575	0.0635400907716	0.00680786686839
eub-	0.0845070422535	0.915492957747	0.0	0.0
néh-	0.255737704918	0.6	0.144262295082	0.0
jai-	0.109478536445	0.795447997695	0.0561797752809	0.0388936905791
viú-	0.120921305182	0.786948176583	0.0690978886756	0.0230326295586
láh-	0.0924040720439	0.66953797964	0.205168363351	0.0328895849647
ndé-	0.107492510676	0.731146025878	0.102740773791	0.0586206896552
rod-	0.0630136986301	0.93698630137	0.0	0.0
júh-	0.986394557823	0.0	0.0136054421769	0.0
zaf-	0.0	1.0	0.0	0.0
pon-	0.00675675675676	0.989864864865	0.0	0.00337837837838
i̱v-	0.0698517739748	0.0301575229134	0.0731442570451	0.826846446067
cañ-	0.632600476438	0.21611765447	0.0688913481424	0.0823905209491
azu-	0.0224719101123	0.977528089888	0.0	0.0
yáa-	0.240469208211	0.464809384164	0.105571847507	0.189149560117
ged-	0.0735294117647	0.897058823529	0.0	0.0294117647059
chi-	0.427272606406	0.439503950208	0.055409534848	0.0778139085383
ben-	0.0	0.986984815618	0.0130151843818	0.0
dió-	0.424778761062	0.495575221239	0.0265486725664	0.0530973451327
veh-	0.0876923261843	0.819413028111	0.00906856319071	0.0838260825144
ni̱-	0.133928915679	0.789504685154	0.0479993261588	0.028567073008
jár-	0.227246481526	0.201757229931	0.0751523797173	0.495843908825
hac-	0.181102362205	0.803149606299	0.0	0.015748031496
már-	0.0	1.0	0.0	0.0
ñuh-	0.123877361412	0.734592753174	0.0826881387427	0.0588417466708
caq-	0.294117647059	0.294117647059	0.375	0.0367647058824
lam-	0.0	0.996575342466	0.00342465753424	0.0
nar-	0.0583657587549	0.859922178988	0.0817120622568	0.0
nda-	0.222620386381	0.277432727734	0.166069181349	0.333877704536
cua-	0.250188788905	0.299521590761	0.275432330415	0.174857289919
dám-	0.0357142857143	0.964285714286	0.0	0.0
sat-	0.0135917442738	0.937075257991	0.0493329977348	0.0
xi̱-	0.0382813254723	0.014713055942	0.00504297871293	0.941962639873
sió-	0.0252631578947	0.947368421053	0.018947368421	0.00842105263156
esl-	0.0	1.0	0.0	0.0
saf-	0.0	1.0	0.0	0.0
ñún-	0.0282897556794	0.876982426061	0.0921560222889	0.00257179597086
vec-	0.0933660699135	0.883211013066	0.00942855930765	0.0139943577125
nám-	0.0278260869565	0.947826086957	0.0243478260869	0.0
fle-	0.0	1.0	0.0	0.0
doc-	0.0547945205479	0.780821917808	0.054794520548	0.109589041096
ban-	0.283146067416	0.610674157303	0.0	0.106179775281
sáx-	0.412994705196	0.499057704388	0.0538454635197	0.0341021268958
cus-	0.507386304185	0.288860140592	0.179782548727	0.0239710064968
iin-	0.40625	0.40625	0.0625	0.125
vít-	0.0892667375132	0.644792773645	0.101222104144	0.164718384697
nag-	0.0	1.0	0.0	0.0
tás-	0.0402621659607	0.850694467896	0.0236540225019	0.0853893436418
jíc-	0.268569327804	0.418519582275	0.164629436026	0.148281653895
tra-	0.108794197643	0.814143245694	0.040797824116	0.0362647325476
ñíí-	0.00975609756098	0.941463414634	0.0487804878048	0.0
tis-	0.0923076923077	0.753846153846	0.123076923077	0.0307692307692
arq-	0.19540229885	0.781609195402	0.0229885057471	0.0
ale-	0.0513959390863	0.785532994924	0.159263959391	0.00380710659898
sid-	0.0149790293589	0.974236069503	0.0	0.0107849011384
oli-	0.0135147310569	0.963510226147	0.0175691503739	0.00540589242272
luc-	0.0277777777778	0.956196581197	0.0	0.0160256410256
ñéh-	0.699215046832	0.176194629382	0.0442531568769	0.0803371669095
ñun-	0.0750744693573	0.836675851161	0.00411046504828	0.0841392144334
jec-	0.0	1.0	0.0	0.0
dec-	0.00961538461539	0.759615384615	0.0	0.230769230769
cój-	0.183708838822	0.535528596187	0.223570190641	0.0571923743501
cut-	0.315315315315	0.339279279279	0.274774774775	0.0706306306306
cán-	0.266102920576	0.113128809084	0.0175510073293	0.603217263011
nu̱-	0.0379919203806	0.0390095344219	0.00848192839133	0.914516616806
ñíi-	0.0458015267176	0.839694656489	0.0687022900763	0.0458015267176
tal-	0.0	1.0	0.0	0.0
col-	0.0649233543733	0.709648331831	0.225428313796	0.0
tia-	0.263086587792	0.158069312114	0.300982096116	0.277862003979
vit-	0.310516087718	0.0882988595746	0.0568279142829	0.544357138425
yát-	0.102839858847	0.824567299614	0.0443622920518	0.0282305494875
var-	0.394230769231	0.586538461539	0.0	0.0192307692308
uun-	0.198285926445	0.242866277511	0.339308182587	0.219539613457
xu̱-	0.114485272561	0.0571503453477	0.0165761987646	0.811788183327
pan-	0.0142264918695	0.982025668875	0.000611892123418	0.00313594713252
zac-	0.0897224012732	0.849387339885	0.0329318176958	0.0279584411458
coú-	0.332766118359	0.144072603517	0.0559652108149	0.467196067309
tor-	0.0	0.912289156626	0.0	0.0877108433735
lec-	0.0598006644518	0.916943521595	0.0232558139535	0.0
tiv-	0.53074433657	0.414239482201	0.042071197411	0.0129449838188
sáa-	0.339285714286	0.117857142857	0.371428571429	0.171428571429
cre-	0.0464566929134	0.929921259843	0.0	0.0236220472441
lat-	0.0	0.885400313972	0.0345368916798	0.0800627943485
pen-	0.0	1.0	0.0	0.0
rab-	0.0655737704918	0.770491803279	0.0	0.16393442623
ape-	0.0967741935484	0.903225806452	0.0	0.0
fre-	0.0689655172414	0.827586206897	0.103448275862	0.0
aja-	0.109945027486	0.615192403798	0.0	0.274862568716
itá-	0.265895953757	0.687861271676	0.0462427745665	0.0
tuu-	0.130881665888	0.752377694721	0.00638223319763	0.110358406194
ca̱-	0.609875323639	0.272482752651	0.0482049682246	0.0694369554853
ñáh-	0.244066062995	0.263860894678	0.100223619426	0.391849422901
ndu-	0.290850621759	0.439972067612	0.0617801303055	0.207397180323
núú-	0.0624097809289	0.85007305501	0.00631271347326	0.0812044505879
íhv-	0.239160839161	0.204195804196	0.444755244755	0.111888111888
tój-	0.814563928874	0.170194750212	0.0101608806097	0.00508044030484
yív-	0.135210158966	0.752594177212	0.0794000082436	0.0327956555789
zar-	0.0	1.0	0.0	0.0
tóc-	0.0627913056118	0.216461316182	0.0495766048614	0.671170773345
pól-	0.128491620112	0.804469273743	0.0335195530726	0.0335195530726
sah-	0.137114874515	0.620485615181	0.161599673536	0.080799836768
íñu-	0.212034383954	0.676217765043	0.111747851003	0.0
sáj-	0.566461969459	0.33793831618	0.0587063034666	0.0368934108942
tah-	0.485998755445	0.368388301182	0.11947728687	0.0261356565028
jiu-	0.113279209847	0.758748041453	0.0955533677191	0.0324193809817
cai-	0.0504466631634	0.935365212822	0.0141881240147	0.0
tút-	0.318476849849	0.406317611424	0.0051925573345	0.270012981393
ñuu-	0.0555519849344	0.379030985677	0.00285943206542	0.562557597323
táj-	0.286086673183	0.256109481916	0.356793743891	0.10101010101
cum-	0.0	0.832167832168	0.0	0.167832167832
can-	0.512346063832	0.307730439739	0.0527640892157	0.127159407213
táx-	0.753497668221	0.209526982012	0.0179880079947	0.0189873417721
veñ-	0.0230374687554	0.950336575346	0.0153438760611	0.0112820798377
óhv-	0.0734960529898	0.640685963161	0.285817983849	0.0
cáy-	0.423756005989	0.370325762523	0.148626950225	0.0572912812627
óni-	0.0	0.884057971015	0.115942028985	0.0
xéé-	0.0980392156863	0.490196078431	0.137254901961	0.274509803922
yiq-	0.0830111610025	0.731556359137	0.081224675759	0.104207804102
vi̱-	0.147418618585	0.517020400361	0.0941180093066	0.241442971748
ndí-	0.344075073586	0.238255230077	0.108189298166	0.309480398171
yíq-	0.368836291913	0.355029585799	0.157790927022	0.118343195266
met-	0.326327433628	0.553097345133	0.0265486725664	0.0940265486726
sa̱-	0.202732140432	0.137754974754	0.0565002658195	0.603012618995
mna-	0.0985915492958	0.845070422535	0.056338028169	0.0
nef-	0.0258064516129	0.974193548387	0.0	0.0
íní-	0.323722027375	0.335531829045	0.144138551786	0.196607591794
ces-	0.0238157808291	0.950496025228	0.0128769463242	0.0128112476184
tún-	0.257076402019	0.599423278336	0.0901127599669	0.0533875596784
ján-	0.515528617826	0.365105428597	0.060886486122	0.0584794674549
véh-	0.107582023711	0.441632202922	0.168183071409	0.282602701958
gól-	0.011673151751	0.964980544747	0.0233463035019	0.0
así-	0.04	0.96	0.0	0.0
yúy-	0.02496099844	0.911076443058	0.0546021840873	0.00936037441498
na̱-	0.486992740005	0.141557649305	0.0387973804948	0.332652230196
mat-	0.012114918657	0.987885081343	0.0	0.0
a̱j-	0.0964154297763	0.198867160045	0.0281142762641	0.676603133915
tró-	0.0129032258064	0.974193548387	0.0	0.0129032258064
cúj-	0.42707117853	0.26837806301	0.101516919487	0.203033838973
ve̱-	0.465313028765	0.261703327693	0.229554427524	0.0434292160181
jáx-	0.467919026669	0.352323015986	0.123537228895	0.0562207284503
tíi-	0.424450054093	0.403173458348	0.0176703930761	0.154706094483
xín-	0.606702398788	0.161652111346	0.0447917511342	0.186853738731
too-	0.0542066629024	0.593450028233	0.284584980237	0.0677583286279
ala-	0.0391304347826	0.778260869565	0.182608695652	0.0
jul-	0.1	0.82	0.0	0.08
jáq-	0.318260614737	0.571194397399	0.0675119437304	0.043033044133
to̱-	0.136761348866	0.742655946686	0.0971515642583	0.0234311401902
nah-	0.416218538903	0.361918724052	0.0688779217825	0.152984815262
xíñ-	0.0	0.963963963964	0.0	0.036036036036
xit-	0.0298300920745	0.930496412899	0.0208788040259	0.0187946910004
feb-	0.189189189189	0.810810810811	0.0	0.0
íni-	0.0641972740097	0.831097195863	0.023935889499	0.080769640628
gay-	0.0298136645963	0.947826086956	0.00745341614908	0.0149068322982
via-	0.259615384615	0.663461538462	0.0	0.0769230769231
gob-	0.0649744743137	0.894684231195	0.0237406733069	0.0166006211845
u̱s-	0.0122017517366	0.0138326789489	0.0460283902144	0.9279371791
jo̱-	0.747561556303	0.204235979909	0.01533147474	0.0328709890481
dan-	0.0407898996439	0.887827775979	0.0713823243768	0.0
cáx-	0.55440038298	0.197456478796	0.0600024736048	0.188140664619
gre-	0.0448598130841	0.839252336449	0.0878504672897	0.0280373831776
ser-	0.0350877192982	0.912280701754	0.0526315789473	0.0
ndi-	0.179028992078	0.478536997382	0.0754378628486	0.266996147691
va̱-	0.213247880754	0.163430647288	0.256474797603	0.366846674354
tót-	0.101776383953	0.866869522213	0.0298610417467	0.00149305208733
elm-	0.0	1.0	0.0	0.0
cu̱-	0.398334388409	0.250543269124	0.0607951588419	0.290327183626
a̱n-	0.0815436491275	0.114801328384	0.0142762836028	0.789378738886
sac-	0.311881188119	0.602722772277	0.0297029702971	0.0556930693069
váh-	0.234622184999	0.231062721013	0.17052856877	0.363786525219
apó-	0.036570244691	0.91124260355	0.0343728909327	0.0178142608259
top-	0.0	0.908629441624	0.0913705583756	0.0
nac-	0.0348719413995	0.931912047379	0.0116889189049	0.0215270923165
cáñ-	0.54170153417	0.291073919107	0.118688981869	0.0485355648535
xóo-	0.341380344822	0.129052182046	0.0909524061623	0.43861506697
ché-	0.180337078652	0.797752808989	0.0219101123595	0.0
jíi-	0.269293864633	0.302219482304	0.173890184483	0.254596468579
sos-	0.0	0.969230769231	0.0307692307692	0.0
xée-	0.580970840275	0.146747824471	0.199796884231	0.0724844510232
cad-	0.0443740095088	0.923930269414	0.0316957210777	0.0
tat-	0.220373309337	0.733673338878	0.035486365103	0.0104669866817
bit-	0.0350877192982	0.964912280702	0.0	0.0
ích-	0.147845032502	0.682016710161	0.0421560890033	0.127982168335
pro-	0.014424695078	0.977962271409	0.00325891259169	0.00435412092169
cúx-	0.254493580599	0.650784593438	0.0544935805992	0.0402282453638
jín-	0.120544500328	0.828613601574	0.0205007653619	0.0303411327357
cef-	0.312785388128	0.687214611872	0.0	0.0
la̱-	0.162827497584	0.0741283546266	0.0160363632502	0.747007784539
utu-	0.285058175138	0.684323331292	0.0306184935701	0.0
cuá-	0.24872102402	0.433922617177	0.261419014645	0.0559373441577
joh-	0.409434678193	0.233955602901	0.129587774889	0.227021944017
imp-	0.0138444886349	0.981121151861	0.00377576962771	0.0012585898759
ndó-	0.057005681659	0.0761217301863	0.0112124502074	0.855660137947
tív-	0.484532760473	0.208592910849	0.153383458647	0.153490870032
yíh-	0.258230382454	0.334539166837	0.363638431961	0.0435920187473
ñuy-	0.0377921494648	0.879985996944	0.048559811669	0.0336620419227
cóo-	0.281587617807	0.262508620029	0.16569611524	0.290207646924
sur-	0.01393728223	0.540069686411	0.243902439024	0.202090592334
mis-	0.0	1.0	0.0	0.0
fri-	0.0352941176471	0.9	0.0529411764706	0.0117647058824
reg-	0.0697674418605	0.93023255814	0.0	0.0
mac-	0.0469813232952	0.94520052121	0.0069494715506	0.000868683943824
ico-	0.0	0.993442622951	0.00655737704917	0.0
bet-	0.0297648824412	0.955977988995	0.00675337668834	0.00750375187594
pér-	0.20544633969	0.712375124434	0.0234795816789	0.0586989541972
sal-	0.0475532527346	0.934312032239	0.0066493955095	0.0114853195164
pat-	0.0	1.0	0.0	0.0
nih-	0.588964302368	0.109424382156	0.0231076110046	0.278503704471
váj-	0.470394736842	0.315789473684	0.159539473684	0.0542763157894
neá-	0.0	1.0	0.0	0.0
sod-	0.015969581749	0.979467680608	0.0	0.00456273764259
gab-	0.0395256916996	0.9604743083	0.0	0.0
cam-	0.262798779985	0.416314582052	0.103835896983	0.217050740981
túx-	0.666666666667	0.270833333333	0.0	0.0625
ind-	0.0584663494316	0.806437632229	0.0882464131757	0.0468496051637
sán-	0.589676574635	0.274721417209	0.0544102679459	0.0811917402106
sim-	0.0202441420157	0.970798628481	0.00530203719459	0.00365519230839
cál-	0.177304964539	0.787234042553	0.0354609929078	0.0
núh-	0.183660544648	0.606554781507	0.0989550348322	0.110829639012
lic-	0.0377358490566	0.723270440252	0.238993710692	0.0
náá-	0.188617752259	0.153543862952	0.0559464420181	0.601891942771
ren-	0.0224719101123	0.977528089888	0.0	0.0
pañ-	0.114754098361	0.868852459016	0.016393442623	0.0
ñúh-	0.275651620314	0.338213441886	0.0581048347382	0.328030103061
joe-	0.128440366972	0.807339449541	0.0	0.0642201834862
cep-	0.322033898305	0.542372881356	0.135593220339	0.0
tab-	0.0357001190004	0.901824672749	0.00595001983341	0.0565251884173
naz-	0.00805951642901	0.984500929944	0.00743955362678	0.0
gal-	0.0103599821154	0.966957109674	0.019411334911	0.0032715732996
jic-	0.0178850883076	0.147551978538	0.00638753153843	0.828175401616
cui-	0.0961998351291	0.401645830836	0.166763331268	0.335391002767
sel-	0.295752155861	0.665921430853	0.0325774512935	0.00574896199297
cav-	0.53360705662	0.33766386792	0.0855002612183	0.0432288142422
tám-	0.172277540699	0.571676940098	0.246562351825	0.00948316737791
yií-	0.294448913918	0.410297666935	0.0724054706355	0.222847948512
tej-	0.0526315789474	0.877192982456	0.0701754385965	0.0
cát-	0.513567370974	0.310772713154	0.12909006574	0.0465698501313
jih-	0.13685089811	0.162224178424	0.194449222522	0.506475700944
sáá-	0.298327497619	0.346949194889	0.275388977199	0.0793343302929
agr-	0.0661252900232	0.853828306264	0.0359628770302	0.0440835266822
rut-	0.0	1.0	0.0	0.0
jah-	0.135183886161	0.786752179577	0.0708487824431	0.00721515181881
qué-	0.338704003094	0.0812916202361	0.0155580071217	0.564446369548
vós-	0.173849781747	0.794541167026	0.0316090512267	0.0
nuú-	0.431384072877	0.379811930649	0.0874228621804	0.101381134293
cri-	0.0855896091724	0.84579227131	0.0149360823535	0.0536820371645
vál-	0.126201111064	0.60958598263	0.160081225799	0.104131680507
toc-	0.350824587706	0.197901049475	0.152923538231	0.298350824588
cax-	0.504577127415	0.287079033315	0.0943012835535	0.114042555716
one-	0.0	1.0	0.0	0.0
lu̱-	0.34317769345	0.553868998515	0.102953308035	0.0
gog-	0.0533333333333	0.92	0.0266666666667	0.0
póy-	0.346106304079	0.59826946848	0.044499381953	0.0111248454883
cot-	0.354817453506	0.28504674188	0.0704563089176	0.289679495696
sil-	0.0922905326473	0.85855827306	0.0184860686501	0.0306651256431
evo-	0.0689655172414	0.931034482759	0.0	0.0
maq-	0.0	0.9	0.0	0.1
jas-	0.323118026088	0.64010686783	0.027974225994	0.00880088008802
vie-	0.147058823529	0.720588235294	0.0147058823529	0.117647058824
ndá-	0.227554762037	0.293666382764	0.0375556401562	0.441223215043
lán-	0.554887117154	0.210401547596	0.21540365355	0.0193076816991
xíc-	0.312847120403	0.4386668752	0.0282655806466	0.220220423751
co̱-	0.253940931215	0.0713378905041	0.0246216107891	0.650099567492
him-	0.0967741935483	0.867383512545	0.0	0.0358422939068
jám-	0.502617801047	0.287958115183	0.0785340314136	0.130890052356
egi-	0.0438356164384	0.859452054794	0.0901369863014	0.00657534246575
run-	0.0606060606061	0.939393939394	0.0	0.0
sau-	0.0627153687113	0.881461061337	0.00387663680221	0.0519469331495
sín-	0.0	1.0	0.0	0.0
esm-	0.0125786163522	0.805031446541	0.182389937107	0.0
pri-	0.099094807051	0.896141019533	0.0	0.00476417341591
tro-	0.12682570594	0.868062317429	0.00365141187926	0.0014605647517
ñeh-	0.67464426958	0.166193586191	0.0264967160987	0.13266542813
ela-	0.0	1.0	0.0	0.0
yoj-	0.0216216216216	0.762162162162	0.216216216216	0.0
leg-	0.0276497695852	0.917050691244	0.0	0.0552995391704
arp-	0.063492063492	0.915343915344	0.021164021164	0.0
itu-	0.0	0.991304347826	0.00869565217391	0.0
nán-	0.0485865023059	0.893170319796	0.0272811911343	0.0309619867636
eli-	0.0520104121913	0.900932548207	0.00424574793399	0.0428112916677
fen-	0.0841613091759	0.850379894798	0.0444184687317	0.021040327294
yús-	0.148774022531	0.784404683013	0.0651645681466	0.00165672630881
táá-	0.520126908586	0.240267036817	0.0618018375306	0.177804217066
que-	0.508605299126	0.196754887405	0.0533272891826	0.241312524286
tir-	0.0517330574237	0.928091050181	0.0139679255044	0.00620796689084
man-	0.0278905451052	0.796399020732	0.133874616505	0.0418358176578
men-	0.144927536232	0.710144927536	0.144927536232	0.0
rob-	0.0	1.0	0.0	0.0
ava-	0.217821782178	0.579207920792	0.138613861386	0.0643564356436
ceb-	0.0	1.0	0.0	0.0
táv-	0.631006875765	0.246190072525	0.00791183950268	0.114891212207
caa-	0.775304470518	0.184928709342	0.00389870785682	0.0358681122828
sol-	0.0452750460971	0.914359250154	0.0293792255686	0.0109864781807
dom-	0.010296010296	0.899613899614	0.028314028314	0.061776061776
yic-	0.076978939724	0.894698620189	0.00871459694988	0.0196078431373
xoo-	0.0732955516714	0.386688139345	0.0325541717547	0.507462137229
yóh-	0.111624101529	0.0439285535911	0.0161213221965	0.828326022683
cuu-	0.169578664971	0.106152252941	0.132065042371	0.592204039717
jít-	0.178571428571	0.464285714286	0.232142857143	0.125
pre-	0.169565217391	0.8	0.0260869565217	0.00434782608695
com-	0.301886792453	0.622641509434	0.0754716981132	0.0
mag-	0.0181731229077	0.973218555715	0.0	0.00860832137733
xój-	0.125110804181	0.520831185966	0.308087159084	0.04597085077
job-	0.0731707317073	0.780487804878	0.121951219512	0.0243902439024
búr-	0.041282712864	0.956505713233	0.00221157390343	0.0
elí-	0.00648363894236	0.989261473002	0.00303920575423	0.00121568230169
aqu-	0.0258117103654	0.960806955577	0.0	0.0133813340579
tuc-	0.106213969511	0.0765240725394	0.0811270242711	0.736134933679
chí-	0.38188630589	0.156883271021	0.0418333674303	0.419397055659
dru-	0.0	0.968253968254	0.031746031746	0.0
adr-	0.150655021834	0.685589519651	0.150655021834	0.0131004366812
leb-	0.0	0.954545454545	0.0454545454545	0.0
yij-	0.925	0.0	0.0	0.075
tic-	0.078920417262	0.818763300074	0.0900878801445	0.0122284025193
ram-	0.0934131736527	0.859880239521	0.0467065868263	0.0
sáb-	0.061776061776	0.907335907336	0.030888030888	0.0
las-	0.178571428571	0.807142857143	0.0142857142857	0.0
aar-	0.109090909091	0.830303030303	0.060606060606	0.0
coj-	0.758241758242	0.228571428571	0.0	0.0131868131868
laa-	0.0140552482204	0.975533456802	0.00624677698683	0.00416451799121
vin-	0.0159069325736	0.982668566002	0.00071225071225	0.000712250712253
esp-	0.159827213823	0.788336933045	0.0259179265659	0.0259179265659
xíx-	0.601569857223	0.293431411851	0.0383806132833	0.0666181176421
ter-	0.0	1.0	0.0	0.0
tíq-	0.0870588235294	0.902352941177	0.0105882352941	0.0
toñ-	0.0769230769231	0.902097902098	0.0	0.020979020979
cáq-	0.209726443769	0.273556231003	0.480243161094	0.0364741641337
cla-	0.00905979464465	0.984900342259	0.00603986309645	0.0
arf-	0.0	1.0	0.0	0.0
cle-	0.107142857143	0.867346938776	0.015306122449	0.0102040816326
reb-	0.459618554274	0.420296680009	0.0706380974806	0.0494466682364
leó-	0.0119217930377	0.889524717851	0.0890160546813	0.00953743443013
vún-	0.217643558465	0.181623772687	0.0377491817912	0.562983487057
ema-	0.0420995079278	0.939857845817	0.0180426462548	0.0
váx-	0.882352941177	0.0941176470588	0.0	0.0235294117647
gán-	0.0135135135135	0.986486486486	0.0	0.0
zeb-	0.00167317345232	0.998326826548	0.0	0.0
pis-	0.135775862069	0.713362068966	0.0862068965517	0.0646551724138
amó-	0.0	1.0	0.0	0.0
his-	0.0197368421053	0.901315789474	0.0789473684211	0.0
anf-	0.0740740740741	0.925925925926	0.0	0.0
da̱-	0.122985310098	0.24976260426	0.00966653463436	0.617585551008
o̱c-	0.049025769956	0.0144563167819	0.00754242614708	0.928975487115
yus-	0.155967450271	0.676401446655	0.167631103074	0.0
quí-	0.417545814828	0.378352416928	0.13550998365	0.0685917845941
heb-	0.00301204819277	0.966616465863	0.0281124497992	0.00225903614458
nín-	0.202483251768	0.797516748232	0.0	0.0
cáh-	0.388054176399	0.366353244947	0.112943081133	0.132649497521
jit-	0.625	0.140625	0.1875	0.046875
túu-	0.156953260242	0.573571840739	0.234852856319	0.0346220427005
caj-	0.485085293904	0.125458687591	0.0360332641194	0.353422754386
sed-	0.0	0.469387755102	0.530612244898	0.0
nuh-	0.0441176470588	0.955882352941	0.0	0.0
neh-	0.498023715415	0.197628458498	0.0711462450592	0.233201581028
cun-	0.69570798178	0.158941603195	0.036541973462	0.108808441563
rub-	0.0	1.0	0.0	0.0
chu-	0.403779186445	0.405769919284	0.0245102824082	0.165940611863
yi̱-	0.0837295918005	0.642189858153	0.215140508869	0.0589400411777
jut-	0.13644198895	0.778033149171	0.0755801104972	0.00994475138121
dav-	0.0149660623721	0.962808218135	0.00301554988095	0.019210169612
ñáñ-	0.0283577453455	0.836892146497	0.0256722768817	0.109077831276
tux-	0.432525951557	0.370242214533	0.155709342561	0.0415224913495
tan-	0.447043495548	0.319932974539	0.124234958322	0.108788571591
tiñ-	0.0624929133996	0.82961632055	0.100913190235	0.00697757581572
ya̱-	0.296414511014	0.322887609376	0.0703951580015	0.310302721608
aug-	0.110921501706	0.863481228669	0.0102389078498	0.0153583617747
ley-	0.0294867824556	0.93614460847	0.0161811424171	0.0181874666574
cas-	0.355626862482	0.212343174079	0.0621124203046	0.369917543134
bar-	0.100180491629	0.880122203686	0.00602174743232	0.0136755572528
vás-	0.391891891892	0.324324324324	0.0405405405405	0.243243243243
cún-	0.448877951542	0.140029371115	0.0406420154807	0.370450661862
iín-	0.119047619048	0.380952380952	0.476190476191	0.0238095238095
aga-	0.153548590826	0.676561143128	0.139101602589	0.0307886634562
mos-	0.0261267145656	0.92423252776	0.0300457217505	0.0195950359242
yác-	0.153407045245	0.804223389878	0.033603448006	0.00876611687112
caí-	0.118457300275	0.856749311295	0.00826446280991	0.0165289256198
tu̱-	0.248816545036	0.453221469584	0.0409836127832	0.256978372597
yáx-	0.100945560025	0.732630678852	0.122771627058	0.043652134065
lah-	0.0688524590164	0.0852459016393	0.806557377049	0.0393442622951
chú-	0.291411994938	0.574423105888	0.0729161139064	0.0612487852675
bel-	0.0748925721302	0.908532842234	0.0104358502148	0.00613873542051
ing-	0.0544773508863	0.129180524802	0.293393859816	0.522948264496
naá-	0.0156515180087	0.89967942674	0.0846690552517	0.0
tóú-	0.479713603819	0.515513126492	0.0	0.00477326968973
vií-	0.29142051617	0.403713904905	0.263333500799	0.0415320781259
ant-	0.0655473480207	0.900858057425	0.00757772809487	0.0260168664591
sít-	0.0619026060023	0.846872500942	0.0879668611613	0.00325803189486
yaa-	0.067539517803	0.0271435414338	0.889030815903	0.0162861248603
ori-	0.0	0.272727272727	0.297520661157	0.429752066116
ven-	0.123046875	0.560546875	0.3046875	0.01171875
pol-	0.0850401866735	0.872958257713	0.0285195747991	0.0134819808141
cué-	0.103487387256	0.312942609821	0.0235393296521	0.560030673271
ñáj-	0.0602458448786	0.79348144575	0.0966967244236	0.0495759849482
ñay-	0.779411764706	0.0441176470588	0.0	0.176470588235
sar-	0.0860582086152	0.717678453266	0.178039246882	0.0182240912362
jav-	0.0553431552472	0.214025033747	0.103144245738	0.627487565267
lao-	0.0	0.986622073579	0.0133779264214	0.0
bee-	0.0435618193466	0.956438180653	0.0	0.0
o̱v-	0.0752891196601	0.402879395799	0.403705451971	0.11812603257
jác-	0.204013498679	0.0963204730707	0.015331039857	0.684334988393
cen-	0.037037037037	0.944444444444	0.0	0.0185185185185
put-	0.0	1.0	0.0	0.0
tin-	0.0833333333333	0.87908496732	0.0212418300654	0.0163398692811
gaz-	0.0	0.925925925926	0.037037037037	0.0370370370371
art-	0.109090909091	0.890909090909	0.0	0.0
sát-	0.405525846702	0.546687146812	0.02920317063	0.0185838358554
yoo-	0.0603773584906	0.924528301887	0.0150943396226	0.0
bal-	0.053729052066	0.928361263912	0.0	0.017909684022
taá-	0.513888888889	0.330264857881	0.121931524548	0.0339147286822
efa-	0.0132450331126	0.986754966887	0.0	0.0
fan-	0.0	1.0	0.0	0.0
yáh-	0.420326347721	0.227352935345	0.0771259194639	0.27519479747
sad-	0.00969696969699	0.968484848485	0.00969696969697	0.0121212121212
pub-	0.0344827586207	0.913793103448	0.051724137931	0.0
ama-	0.12617780858	0.195140932971	0.34421831808	0.334462940369
tíí-	0.436844732901	0.446663338326	0.0931935430188	0.0232983857547
pal-	0.105263157895	0.707602339181	0.187134502924	0.0
alo-	0.0588235294117	0.862745098039	0.0392156862745	0.0392156862745
isc-	0.0333141872487	0.966685812751	0.0	0.0
jíh-	0.0774409599888	0.769072452646	0.0927896187253	0.0606969686399
iní-	0.111495883844	0.178401131297	0.0438768003517	0.666226184507
asó-	0.185714285714	0.771428571429	0.0	0.0428571428571
yéh-	0.105225067763	0.760259990305	0.0872892870066	0.0472256549257
tas-	0.0527786401739	0.915288064931	0.0186277553555	0.0133055395396
amp-	0.0	1.0	0.0	0.0
yóc-	0.362985369467	0.584079264152	0.0399716031853	0.0129637631952
set-	0.0	1.0	0.0	0.0
ele-	0.00872093023256	0.915697674419	0.0755813953488	0.0
est-	0.0909624476832	0.733671018409	0.0134838898716	0.161882644036
náa-	0.0632522182202	0.885794605991	0.0368971272951	0.0140560484934
cót-	0.564551422319	0.284463894967	0.0656455142232	0.0853391684901
rom-	0.0588535373876	0.757766143106	0.159887233186	0.0234930863203
joo-	0.0485737455732	0.0180155784272	0.0061439593137	0.927266716686
cux-	0.48226898221	0.449219509798	0.0537396174506	0.0147718905418
lot-	0.151446139831	0.639945342747	0.208608517422	0.0
par-	0.0	1.0	0.0	0.0
era-	0.0119047619047	0.97619047619	0.0	0.0119047619048
sus-	0.126984126984	0.777777777778	0.0634920634921	0.031746031746
jes-	0.0143470418032	0.682644941183	0.00339293742276	0.299615079591
ye̱-	0.15155848116	0.0748522284095	0.00135369366631	0.772235596765
bla-	0.135593220339	0.796610169492	0.0338983050847	0.0338983050847
yat-	0.142763342757	0.220580202772	0.160051796907	0.476604657564
yíi-	0.0216457585094	0.856879833416	0.0915873745368	0.0298870335382
ñu̱-	0.0588731675727	0.878446533352	0.0414859587495	0.0211943403262
cin-	0.140145985401	0.829197080292	0.0306569343065	0.0
get-	0.0	1.0	0.0	0.0
sam-	0.0385497934833	0.934144102799	0.00550711335475	0.0217989903625
yu̱-	0.0810552040309	0.873375647543	0.026459505538	0.0191096428886
jua-	0.0329379898288	0.936718423703	0.0136507137066	0.0166928727612
lit-	0.0692840646651	0.697459584296	0.108545034642	0.124711316397
ijí-	0.0160944206009	0.980686695279	0.0	0.00321888412017
isl-	0.282961076505	0.689334755825	0.0199607667688	0.00774340090168
noé-	0.0	0.995447647951	0.0	0.00455235204855
ñee-	0.751098681582	0.137035557331	0.0540889394265	0.0577768216601
yún-	0.0844308136388	0.873353779542	0.0	0.0422154068194
u̱x-	0.0248250139262	0.0759282133256	0.00363292886725	0.895613843881
ruf-	0.0	0.929203539823	0.0707964601769	0.0
u̱n-	0.0130848737711	0.0297279149713	0.232773017613	0.724414193645
lib-	0.0602184535786	0.915429082431	0.0119766216346	0.0123758423557
ñán-	0.183673469388	0.625850340136	0.176870748299	0.0136054421769
i̱t-	0.152727272727	0.755324675325	0.0888311688313	0.00311688311688
isa-	0.0403592462918	0.927404123022	0.0125646710154	0.0196719596705
cap-	0.014329580348	0.978505629478	0.0	0.007164790174
yíu-	0.0940438871474	0.884012539185	0.0	0.0219435736677
cuj-	0.0925925925926	0.703703703704	0.203703703704	0.0
tác-	0.233533822385	0.538775018547	0.156555574757	0.071135584311
gam-	0.211560693641	0.756069364162	0.0138728323699	0.0184971098266
gri-	0.0325077399381	0.330237358101	0.627966976264	0.0092879256966
ara-	0.0943214629451	0.892204042348	0.00192492781521	0.0115495668912
gad-	0.126047068209	0.847626645393	0.0143597925808	0.0119664938173
sem-	0.134123518403	0.754834684966	0.0149719276357	0.0960698689956
ene-	0.0	1.0	0.0	0.0
te̱-	0.0655737704918	0.934426229508	0.0	0.0
sáh-	0.373681906447	0.430656887739	0.0732782481292	0.122382957685
yit-	0.0719550605579	0.888430691301	0.0233789005423	0.0162353475988
ose-	0.0	0.860465116279	0.139534883721	0.0
vát-	0.193548387097	0.806451612903	0.0	0.0
dio-	0.0314136125654	0.952879581152	0.0	0.0157068062827
tál-	0.284430386102	0.290706431692	0.18577094944	0.239092232766
jot-	0.0	1.0	0.0	0.0
tií-	0.684210526316	0.217105263158	0.0394736842105	0.0592105263158
gni-	0.0769230769231	0.717948717949	0.025641025641	0.179487179487
fes-	0.0496590572191	0.929217313964	0.0200118588793	0.00111176993774
tax-	0.715346534653	0.128712871287	0.113861386139	0.0420792079208
íin-	0.611161219655	0.0664590425935	0.0287436987835	0.293636038968
eun-	0.08	0.92	0.0	0.0
cay-	0.377088092805	0.4063185015	0.133189546867	0.083403858828
cuc-	0.450216450216	0.468975468975	0.069264069264	0.011544011544
cút-	0.0594560869086	0.940543913091	0.0	0.0
aba-	0.0	0.981481481482	0.0	0.0185185185185
tam-	0.0	1.0	0.0	0.0
kil-	0.0735541830432	0.828747894441	0.0303200449186	0.0673778775968
res-	0.0	1.0	0.0	0.0
xix-	0.164251207729	0.632850241546	0.202898550725	0.0
pau-	0.0	1.0	0.0	0.0
afr-	0.0808080808081	0.858585858586	0.040404040404	0.020202020202
jus-	0.0	1.0	0.0	0.0
ma̱-	0.186550838937	0.401758353926	0.198101623348	0.21358918379
teó-	0.237373737374	0.737373737374	0.010101010101	0.0151515151515
mún-	0.107584722969	0.155206784166	0.0697243932538	0.667484099611
ti̱-	0.0968014310272	0.640910443971	0.0346075523528	0.227680572649
jar-	0.0	1.0	0.0	0.0
eze-	0.0	1.0	0.0	0.0
