jer-	0.0410385081546	0.955346700972	0.00140338939803	0.00221140147569
iam-	0.484822934233	0.2913153457	0.0417369308601	0.182124789207
son-	0.0680628272251	0.771378708552	0.118673647469	0.0418848167539
fyl-	0.0829268292682	0.682926829268	0.234146341463	0.0
bev-	0.0170454545454	0.315340909091	0.630681818182	0.0369318181818
fal-	0.369332033155	0.136762554851	0.423695758167	0.0702096538274
fàf-	0.161290322581	0.806451612903	0.0322580645161	0.0
ver-	0.817157731747	0.044109649247	0.06555681393	0.0731758050765
pao-	0.00373134328358	0.976018345771	0.000699626865671	0.0195506840796
nij-	0.819206330176	0.0985493346122	0.0127083083563	0.0695360268553
hiv-	0.557522732351	0.244675730959	0.0139230280008	0.183878508689
ta--	0.718767649008	0.154101684966	0.0592695367566	0.0678611292696
joe-	0.0	1.0	0.0	0.0
eno-	0.0197856553998	0.9802143446	0.0	0.0
ola-	0.37037037037	0.62962962963	0.0	0.0
ite-	0.717571297148	0.179392824287	0.033118675253	0.0699172033119
aor-	0.278135771018	0.109246216095	0.217293571107	0.39532444178
ana-	0.0627451898693	0.209891732206	0.0351246196246	0.6922384583
raf-	0.0541653125339	0.880836312426	0.0503737406565	0.0146246343842
vil-	0.0653061224489	0.812244897959	0.10612244898	0.0163265306122
tse-	0.0	1.0	0.0	0.0
der-	0.210956663941	0.698282910875	0.0711365494685	0.0196238757154
hat-	0.381795692626	0.16204333804	0.045561923553	0.41059904578
kat-	0.705357142857	0.192857142857	0.0160714285714	0.0857142857143
abi-	0.0210790464241	0.765119196989	0.210790464241	0.0030112923463
mil-	0.688426137476	0.138847183236	0.0190612964293	0.153665382858
dis-	0.434220532319	0.155133079848	0.271482889734	0.139163498099
tib-	0.0105633802817	0.968309859155	0.0	0.0211267605634
teh-	0.342737430168	0.614525139665	0.0301675977654	0.0125698324022
otr-	0.206030150754	0.668341708543	0.0854271356784	0.0402010050251
zak-	0.150964652866	0.720039431066	0.0690043655823	0.0599915504859
ari-	0.13402545284	0.353264484891	0.0179936531478	0.494716409121
ini-	0.472602739726	0.22602739726	0.041095890411	0.260273972603
mig-	0.148936170213	0.765957446809	0.0	0.0851063829787
vaz-	0.207440811725	0.755355129651	0.0338218714769	0.00338218714769
tai-	0.428854790655	0.157065451229	0.0875136542769	0.326566103838
paf-	0.0	1.0	0.0	0.0
mar-	0.0574589362495	0.306065393974	0.509534099463	0.126941570313
dek-	0.0	0.724770642202	0.0091743119266	0.266055045872
abr-	0.00269784172662	0.980125899281	0.0160971223022	0.00107913669065
fyg-	0.0	1.0	0.0	0.0
ihe-	0.873684210526	0.126315789474	0.0	0.0
nor-	0.751648127879	0.163972815435	0.0162903759513	0.0680886807341
eor-	0.0185185185185	0.87037037037	0.0740740740741	0.037037037037
nen-	0.814078055448	0.0722373062928	0.0134833120925	0.100201326167
has-	0.737942254623	0.0879154825157	0.11806499444	0.0560772684213
erỳ-	0.0931958177267	0.119610175208	0.0	0.787194007065
val-	0.147601489336	0.616327099369	0.0717159778694	0.164355433426
ira-	0.0747615318305	0.085339207942	0.0551995357406	0.784699724487
ate-	0.560191002764	0.361899974868	0.0175923598894	0.060316662478
fip-	0.150162618504	0.565427998062	0.274029478929	0.0103799045049
kam-	0.0550083822297	0.740849399274	0.172359597653	0.0317826208438
kle-	0.0233463035019	0.929961089494	0.0466926070039	0.0
sin-	0.0861785948785	0.862497264172	0.0490260450865	0.00229809586343
bod-	0.0925925925926	0.574074074074	0.259259259259	0.0740740740741
dor-	0.0566037735849	0.917271407837	0.00870827285922	0.0174165457184
pat-	0.018018018018	0.954954954955	0.021021021021	0.00600600600599
toe-	0.280699748456	0.439972558884	0.153841756231	0.125485936428
ror-	0.161455237189	0.0967383981295	0.00665794792534	0.735148416756
oma-	0.0198675496689	0.980132450331	0.0	0.0
hoy-	0.891574500121	0.0146310779152	0.000148589146058	0.0936458328174
myr-	0.0	1.0	0.0	0.0
gen-	0.0	1.0	0.0	0.0
raz-	0.0300327705646	0.673123988883	0.0264653420168	0.270377898536
jam-	0.0150243638332	0.050622631294	0.931916621548	0.00243638332431
lre-	0.630806845966	0.144254278729	0.0293398533008	0.195599022005
kid-	0.0	1.0	0.0	0.0
èty-	0.0	0.0953307392996	0.9046692607	0.0
rek-	0.893422441083	0.0517059444249	0.0	0.0548716144917
lal-	0.0465453445829	0.872608742036	0.0444546607896	0.0363912525913
vel-	0.468104709364	0.381585231482	0.114735048906	0.0355750102476
nig-	0.0	0.966101694915	0.0338983050847	0.0
por-	0.111731843575	0.888268156425	0.0	0.0
alf-	0.00789889415481	0.978936282254	0.0131648235914	0.0
pas-	0.00324429544717	0.981183086406	0.00519087271547	0.010381745431
ifa-	0.313628899836	0.481116584565	0.0771756978653	0.128078817734
ent-	0.595852806767	0.288114236464	0.052237778452	0.0637951783171
zer-	0.0	1.0	0.0	0.0
nai-	0.617857142857	0.267857142857	0.0857142857143	0.0285714285714
bak-	0.182741116751	0.786802030457	0.0304568527919	0.0
fol-	0.0265025903285	0.0430167672167	0.0106543076698	0.919826334785
rat-	0.0665379239868	0.191363219669	0.629348822531	0.112750033814
sen-	0.191780821918	0.37899543379	0.102739726027	0.326484018265
dih-	0.0	1.0	0.0	0.0
zor-	0.133333333333	0.783333333333	0.0	0.0833333333333
ian-	0.0368285353995	0.0351214381011	0.00859322247991	0.919456804019
koz-	0.0	0.941176470588	0.0588235294118	0.0
asi-	0.134176799211	0.820276043378	0.0187315149524	0.0268156424581
dia-	0.23281980417	0.01669437198	0.00062698691672	0.749858836934
nan-	0.781964296654	0.0852251578148	0.0287299337454	0.104080611785
pen-	0.0283553875236	0.821361058601	0.147448015123	0.00283553875236
hom-	0.768471421417	0.123795474683	0.0290569260206	0.0786761778794
rer-	0.569771189172	0.0783113116339	0.24363519175	0.108282307444
mio-	0.331241117954	0.299857887257	0.308739933681	0.0601610611085
mah-	0.452070258734	0.169746668182	0.265139600271	0.113043472813
hid-	0.705990757464	0.0808136017233	0.0418275488564	0.171368091957
eke-	0.434931506849	0.421722113503	0.0640900195695	0.0792563600782
feh-	0.154318393785	0.720849432721	0.0348669174243	0.0899652560699
hor-	0.495247236585	0.429513577112	0.0260086076106	0.0492305786915
tol-	0.0153846153846	0.984615384615	0.0	0.0
mel-	0.0651583947699	0.623733213301	0.257880407469	0.0532279844599
kri-	0.0036513585488	0.992892022025	0.0019230488357	0.0015335705905
haz-	0.156398847882	0.78776043126	0.0305400831587	0.0253006376993
hah-	0.649171837297	0.15783218666	0.0844622814369	0.108533694606
mir-	0.409808616446	0.338194665372	0.1388074946	0.113189223582
isa-	0.204607831926	0.531162699515	0.0583024293019	0.205927039258
aiz-	0.0448789870172	0.0987337714377	0.0155473633595	0.840839878186
fik-	0.228530691578	0.721532863897	0.0317104829544	0.0182259615708
dio-	0.512651057402	0.376888217523	0.0793051359517	0.0311555891239
bab-	0.0758029850944	0.833326158156	0.0769620521447	0.0139088046045
ita-	0.30789226659	0.577297999856	0.062820420247	0.0519893133078
hià-	0.107142857143	0.535714285714	0.0	0.357142857143
enj-	0.843925159864	0.0739717375858	0.0402620983658	0.0418410041841
var-	0.0825514254782	0.870340774347	0.0184951281126	0.0286126720627
sor-	0.296837628449	0.647088205668	0.0161040942121	0.0399700716705
kom-	0.0338983050848	0.745762711864	0.152542372881	0.0677966101695
ali-	0.0108756948361	0.851486344961	0.00507532425684	0.132562635946
oni-	0.458193979933	0.491638795987	0.0301003344481	0.0200668896321
non-	0.24297221953	0.0928961125585	0.0359299017735	0.628201766138
efa-	0.749179481064	0.0235526170466	0.00507232880708	0.222195573082
hiz-	0.830980233965	0.104746537582	0.0053785128412	0.0588947156111
mal-	0.10692079478	0.12946580808	0.602917244489	0.160696152651
tod-	0.586956521739	0.369565217391	0.0	0.0434782608696
sab-	0.0228974020255	0.967415235579	0.00242184059885	0.00726552179656
aki-	0.0	1.0	0.0	0.0
nin-	0.821350271068	0.124528417557	0.00981183127698	0.0443094800979
tao-	0.163375052015	0.199241381518	0.00897858583272	0.628404980634
vol-	0.0725307201344	0.783258246065	0.135796485583	0.00841454821677
toy-	0.0361365282411	0.0997261070478	0.0560766492232	0.808060715488
lov-	0.290463888577	0.679433898686	0.0139278894755	0.0161743232618
sad-	0.0615623109164	0.0549566221037	0.00477723650486	0.878703830475
lyd-	0.0	1.0	0.0	0.0
ova-	0.547557840617	0.365038560411	0.0565552699229	0.0308483290488
dim-	0.0189979676593	0.0430326058142	0.010456245766	0.927513180761
fak-	0.124828459833	0.820014778845	0.0377388366938	0.0174179246279
and-	0.0824611689781	0.79694989288	0.0231476654061	0.0974412727354
ALL	0.22446773545	0.276969404819	0.0522142558395	0.446348603892
san-	0.107965419389	0.258232693196	0.344882201544	0.288919685871
ory-	0.297832233742	0.155513666353	0.450518378888	0.0961357210179
ine-	0.234042553191	0.297872340426	0.0	0.468085106383
per-	0.00350569675723	0.98773006135	0.00175284837862	0.00701139351444
ger-	0.0141176470588	0.957647058824	0.0	0.0282352941176
fib-	0.212506917543	0.697841726619	0.0722191477587	0.0174322080797
sok-	0.427892234548	0.45324881141	0.118858954041	0.0
bar-	0.0214527575491	0.941671691637	0.0160025975231	0.020872953291
mor-	0.0642286013894	0.128326124001	0.64976235903	0.15768291558
nis-	0.37131219588	0.111263432345	0.0160971273875	0.501327244388
liv-	0.0262008733624	0.816593886463	0.0524017467249	0.10480349345
tel-	0.00616966580977	0.0466580976864	0.0115681233933	0.935604113111
div-	0.0124387485865	0.955898982284	0.0175273275537	0.0141349415756
mby-	0.500727075102	0.13426653545	0.0143946181754	0.350611771272
ata-	0.628619689164	0.114568480054	0.0314304172041	0.225381413578
fit-	0.137310476371	0.649742608707	0.0463035440093	0.166643370913
far-	0.0285517691979	0.754755174837	0.172164665014	0.0445283909512
reo-	0.0	1.0	0.0	0.0
loh-	0.0663466384111	0.847648459945	0.0651104592815	0.0208944423626
ire-	0.080938306314	0.0690959208951	0.0177312969479	0.832234475843
lol-	0.167785234899	0.587553386211	0.206223306894	0.0384380719951
lev-	0.428542808749	0.362922760304	0.0391571202215	0.169377310725
omb-	0.11182622687	0.475462590507	0.119066773934	0.293644408689
adi-	0.593047034765	0.267601519135	0.0385626643295	0.10078878177
ami-	0.0197149546309	0.0524695972181	0.00904042073772	0.918775027413
zat-	0.0553658059043	0.140579111101	0.468053168578	0.336001914417
kla-	0.0	1.0	0.0	0.0
ome-	0.730456046706	0.204071111094	0.018143076754	0.0473297654454
ram-	0.00949824088702	0.913837386239	0.0685230235421	0.00814134933173
-ha-	0.0904522613065	0.72864321608	0.0603015075377	0.120603015075
dev-	0.00235571260306	0.994110718492	0.00353356890459	0.0
laf-	0.126692878987	0.654871122761	0.0698995194408	0.148536478812
jai-	0.0185185185185	0.925925925926	0.0555555555556	0.0
tal-	0.418413916812	0.188342916154	0.148634182861	0.244608984173
vay-	0.0	0.235294117647	0.764705882353	0.0
rov-	0.814814814815	0.111111111111	0.0740740740741	0.0
jeh-	0.0212308660097	0.910166352135	0.000524218913817	0.0680785629412
lem-	0.571428571429	0.357142857143	0.0	0.0714285714286
rod-	0.0	0.957894736842	0.0421052631579	0.0
zaf-	0.0	1.0	0.0	0.0
taz-	0.0455547391624	0.936811168259	0.0	0.017634092579
nie-	0.631603773585	0.225471698113	0.026179245283	0.116745283019
pon-	0.0	0.954098360656	0.0	0.0459016393442
foh-	0.187041564792	0.295843520782	0.348410757946	0.168704156479
hig-	0.814814814815	0.148148148148	0.037037037037	0.0
feo-	0.0603395030306	0.882795266505	0.03266410105	0.0242011294143
sik-	0.578792341679	0.297496318115	0.0530191458027	0.0706921944035
tsa-	0.167368681347	0.0846316752908	0.511515634653	0.236484008709
nga-	0.35625	0.428125	0.121875	0.09375
ben-	0.0	1.0	0.0	0.0
veh-	0.00161831695037	0.880963797651	0.00761208343323	0.109805801966
ion-	0.0124858115777	0.912599318956	0.0624290578888	0.0124858115778
kia-	0.0872374798062	0.726978998385	0.0872374798061	0.0985460420032
lai-	0.142503933468	0.501236232861	0.265003371544	0.0912564621263
goa-	0.178571428571	0.821428571429	0.0	0.0
mpa-	0.0612297864279	0.858722089001	0.0436167829538	0.0364313416177
kiv-	0.793893129771	0.0	0.160305343511	0.0458015267176
lam-	0.115814378877	0.790440591697	0.0264434547479	0.0673015746779
nar-	0.358744394619	0.225584705029	0.34679519884	0.0688757015118
its-	0.331761006289	0.469339622642	0.0479559748428	0.150943396226
die-	0.268191268191	0.037422037422	0.006237006237	0.68814968815
idi-	0.417665755869	0.348129147382	0.0975854569787	0.13661963977
an--	0.0582230625967	0.844264647495	0.0452060888918	0.0523062010167
hih-	0.694767528432	0.186731698923	0.0494756939734	0.0690250786707
fet-	0.0951166524984	0.868045716445	0.0226693114197	0.0141683196373
am--	0.119796467356	0.710635730058	0.0602751050488	0.109292697537
sat-	0.130406660293	0.128227590354	0.00408183129791	0.737283918056
fef-	0.301067073171	0.256859756098	0.251524390244	0.190548780488
esl-	0.0	1.0	0.0	0.0
ani-	0.365379179893	0.38377288342	0.0216332565117	0.229214680176
nad-	0.651234567901	0.104938271605	0.163580246914	0.0802469135803
kis-	0.00904977375566	0.988235294118	0.0027149321267	0.0
ady-	0.116409537167	0.763738365421	0.0372306515364	0.0826214458753
fio-	0.131537275933	0.795304351498	0.0332538057133	0.039904566856
fle-	0.0	1.0	0.0	0.0
mom-	0.110166824048	0.659951736439	0.0354632252649	0.194418214248
hal-	0.561327028016	0.261883674262	0.104668209913	0.0721210878091
miv-	0.475527261259	0.273012965313	0.0366169370435	0.214842836384
ise-	0.222469410456	0.44382647386	0.255839822024	0.0778642936597
odi-	0.175272941871	0.707878430215	0.116848627914	0.0
avy-	0.33901424014	0.0158111889358	0.00980234899927	0.635372221925
ter-	0.669417780569	0.255046200772	0.0556203462815	0.0199156723782
hae-	0.608867294261	0.0737928940176	0.113877922867	0.203461888855
noj-	0.935714285714	0.0214285714286	0.0	0.0428571428571
did-	0.117469615543	0.798688434485	0.0257509150772	0.0580910348946
nam-	0.655436391023	0.200029097842	0.0519438162173	0.0925906949179
ebe-	0.0	1.0	0.0	0.0
ale-	0.348802646713	0.273446283876	0.0653924191318	0.31235865028
ker-	0.095238095238	0.904761904762	0.0	0.0
sid-	0.0106698280972	0.981031416716	0.00118553645524	0.00711321873148
dro-	0.0	0.925925925926	0.0740740740741	0.0
oli-	0.0	0.99298245614	0.00233918128655	0.00467836257309
mod-	0.357251204854	0.42743034888	0.0459668593153	0.169351586951
voz-	0.0964473202295	0.727749969479	0.0109876693932	0.164815040898
tok-	0.106510681787	0.09498313402	0.114629588423	0.68387659577
ero-	0.0422535211268	0.457746478873	0.204225352113	0.295774647887
net-	0.497663186059	0.093698420696	0.0758899873169	0.332748405928
voh-	0.0597031778181	0.88567476588	0.0457300936479	0.00889196265376
eli-	0.000882976218508	0.979250058865	0.0	0.0198669649164
ats-	0.440435763612	0.194452674522	0.286026847779	0.0790847140871
jir-	0.0768511365022	0.815597934372	0.0975887447647	0.0099621843614
iry-	0.315589353612	0.200253485425	0.0443599493029	0.43979721166
eto-	0.0831340372401	0.044143314043	0.00628123836926	0.866441410348
maf-	0.317770433652	0.0838778605411	0.224133640392	0.374218065415
vit-	0.384686940966	0.109409660107	0.333166368515	0.172737030411
gid-	0.0	1.0	0.0	0.0
hel-	0.259087273217	0.621126484636	0.0598509725017	0.059935269646
had-	0.479511410061	0.292509578483	0.0786594250053	0.149319586451
siv-	0.0896751563216	0.0317218240048	0.0864724721671	0.792130547507
nim-	0.75740592474	0.125700560448	0.031224979984	0.0856685348278
tor-	0.516471398705	0.299008749982	0.095441302403	0.0890785489095
avi-	0.403887399464	0.566487935657	0.0213136729222	0.0083109919571
jod-	0.00389372423271	0.991754466331	0.00229042601924	0.00206138341731
efr-	0.0	1.0	0.0	0.0
hoh-	0.604136536909	0.20169926128	0.0990875002413	0.09507670157
zov-	0.0368028847745	0.329901698135	0.0100280339985	0.623267383092
mai-	0.127214063539	0.236289583727	0.140676770865	0.495819581869
fof-	0.446593001842	0.503683241252	0.024861878453	0.024861878453
rab-	0.0138888888889	0.926767676768	0.0	0.0593434343435
ape-	0.293367346939	0.604591836735	0.0127551020408	0.0892857142858
fad-	0.216329903102	0.442786613222	0.247468298246	0.0934151854306
fot-	0.0778083968228	0.491489706598	0.351596693143	0.0791052034366
izy-	0.00961640883608	0.0518396631526	0.00116956323682	0.937374364774
vet-	0.0618645334928	0.268372458134	0.416604366029	0.253158642344
kos-	0.239982176629	0.136823159368	0.0194004388254	0.603794225178
tia-	0.718664778972	0.10881004178	0.0288712024277	0.143653976821
api-	0.0	1.0	0.0	0.0
ino-	0.0738467579068	0.192311242496	0.0117216510345	0.722120348563
mim-	0.538922155689	0.137724550898	0.22754491018	0.0958083832335
eng-	0.731432858215	0.0360090022506	0.00900225056264	0.223555888972
mid-	0.613630597138	0.100133481892	0.0251519597569	0.261083961213
teo-	0.13431604853	0.0373307213152	0.000990830570802	0.827362399584
sah-	0.26664006217	0.331404507362	0.0936233223415	0.308332108126
fir-	0.0691267510801	0.80032543438	0.0767763293246	0.0537714852152
ito-	0.46099803799	0.255817888894	0.0508083493251	0.23237572379
ivo-	0.109510086455	0.299711815562	0.0446685878962	0.546109510087
tah-	0.0245400052881	0.0563923516455	0.0253654129692	0.893702230097
fia-	0.0825660360364	0.860000821821	0.0374871494283	0.0199459927147
sod-	0.0825921219822	0.869546802202	0.0376958915713	0.010165184244
ide-	0.533333333333	0.35	0.05	0.0666666666667
har-	0.180642732594	0.654561947909	0.0875450626498	0.0772502568473
kan-	0.120993509976	0.124300339434	0.0256261219457	0.729080028645
nib-	0.707440100883	0.125094577554	0.0153846153846	0.152080706179
aid-	0.811659192825	0.127802690583	0.0470852017937	0.0134529147982
mij-	0.586209317702	0.301595673027	0.0638781516824	0.0483168575883
nav-	0.666522008679	0.198450092994	0.0587724736516	0.0762554246745
fis-	0.19928877595	0.681321971274	0.0765989762463	0.0427902765303
hoz-	0.324052331432	0.452868165045	0.159342502516	0.0637370010064
taf-	0.60426653883	0.201182486417	0.0421860019175	0.152364972835
vao-	0.170030401012	0.0386251010438	0.389387762275	0.401956735669
ref-	0.352478183996	0.502652141676	0.0342211829122	0.110648491416
ias-	0.701923076923	0.211538461538	0.0865384615384	0.0
met-	0.371861114293	0.0652948517752	0.241946666827	0.320897367104
kyp-	0.0256629597947	0.971770744226	0.00256629597947	0.0
nef-	0.116007573423	0.0177578126267	0.00267583477937	0.863558779171
vad-	0.0414289722248	0.888525203404	0.0195454970541	0.0505003273169
ken-	0.386279683377	0.611609498681	0.0	0.00211081794196
lav-	0.195453168384	0.299626146624	0.203068700113	0.301851984879
mys-	0.0582524271844	0.941747572816	0.0	0.0
hil-	0.649906139782	0.156698665188	0.0316353177682	0.161759877261
ele-	0.0	1.0	0.0	0.0
mat-	0.311286256004	0.207471145995	0.400995270076	0.0802473279242
ijo-	0.66	0.22	0.08	0.04
nit-	0.756688794542	0.125597602852	0.0280903898165	0.0896232127898
aka-	0.104591790899	0.468592023421	0.0363263558968	0.390489829783
lay-	0.175627240143	0.745519713262	0.0501792114695	0.0286738351254
nif-	0.597922221352	0.256390887006	0.0674854340445	0.0782014575979
smy-	0.0	1.0	0.0	0.0
leh-	0.0306864787842	0.494103787481	0.380918711347	0.0942910223877
koa-	0.0347412156722	0.0555062558401	0.0465543416725	0.863198186815
par-	0.160664819945	0.606032625423	0.229609110496	0.00369344413667
ala-	0.230180500277	0.260448074381	0.0939915919336	0.415379833408
ets-	0.489199491741	0.129606099111	0.0381194409149	0.343074968234
nah-	0.682572535662	0.0908226392628	0.0417464883416	0.184858336734
mba-	0.121132354911	0.0358774366698	0.00178626548322	0.841203942936
ity-	0.0163876086195	0.0498231138486	0.00213089647685	0.931658381055
bib-	0.00864082204577	0.923049976646	0.0634049509575	0.0049042503503
hib-	0.695371648081	0.188639838884	0.0111886025435	0.104799910491
ane-	0.319404007536	0.189137694811	0.0518068162356	0.439651481418
fok-	0.0395028694152	0.719607083759	0.0255606802099	0.215329366616
eod-	0.0816326530613	0.918367346939	0.0	0.0
hik-	0.514775404842	0.241494199397	0.191202293227	0.0525281025349
her-	0.0286358323593	0.912848286375	0.0361199834104	0.0223958978557
beb-	0.0400280898876	0.0168539325843	0.45154494382	0.491573033708
kin-	0.00757257501807	0.966175831586	0.0179217608761	0.00832983251988
dan-	0.116071428571	0.794642857143	0.0535714285714	0.0357142857143
nof-	0.145295984183	0.63626748149	0.144915763932	0.0735207703953
iro-	0.631921824104	0.153094462541	0.0260586319218	0.188925081433
zez-	0.028885832187	0.942228335626	0.028885832187	0.0
syr-	0.00362493958434	0.89125181247	0.105123247946	0.0
tàh-	0.302350052613	0.129077516661	0.0294633461943	0.539109084532
tev-	0.541535226078	0.21792849632	0.141955835962	0.0985804416403
hay-	0.357544757033	0.180051150895	0.141176470588	0.321227621483
mis-	0.296120992381	0.243017845493	0.0261383240525	0.434722838074
hao-	0.761450381679	0.198473282443	0.0400763358779	0.0
ran-	0.0539280422058	0.914318878274	0.0165183723314	0.0152347071886
din-	0.641735228123	0.290949887808	0.0224382946896	0.0448765893792
nip-	0.848650420719	0.0531453757331	0.00378829271847	0.0944159108294
zel-	0.0	0.977443609023	0.0	0.0225563909774
rin-	0.730114760586	0.0225563909774	0.0178076770875	0.229521171349
kob-	0.0606060606061	0.838383838384	0.040404040404	0.0606060606061
agr-	0.0	1.0	0.0	0.0
vav-	0.0993102967814	0.822610422182	0.0378988435279	0.0401804375087
afe-	0.671745152355	0.220221606648	0.0664819944598	0.0415512465374
fij-	0.243273832622	0.551319363601	0.153279006597	0.0521277971802
sos-	0.0846153846154	0.512820512821	0.323076923077	0.0794871794871
don-	0.503597122302	0.319313779745	0.160486995019	0.016602102933
tat-	0.346714395295	0.191511122475	0.0820761953465	0.379698286883
ahy-	0.0276591419429	0.0146036289438	0.00464425890832	0.953092970205
moa-	0.437625653566	0.0669689600149	0.0743634946494	0.42104189177
ser-	0.0	1.0	0.0	0.0
tov-	0.62805872757	0.286296900489	0.0122349102773	0.0734094616639
leg-	0.0597439544808	0.859174964438	0.0213371266003	0.0597439544808
ron-	0.086472909939	0.309293146753	0.578399712953	0.0258342303553
ave-	0.717911906284	0.150683444124	0.0396916358021	0.0917130137894
an'-	0.0587899942979	0.312972972419	0.010484296664	0.617752736619
iza-	0.083896765966	0.055822130544	0.0121656609301	0.84811544256
nom-	0.72888142514	0.0842084854089	0.0138244743373	0.173085615113
nia-	0.577106034406	0.0923199309826	0.0182400093476	0.312334025264
pot-	0.615606936416	0.24710982659	0.0115606936416	0.125722543353
pam-	0.046332046332	0.953667953668	0.0	0.0
mam-	0.576464401512	0.253279072719	0.0848235326739	0.0854329930957
arn-	0.0	1.0	0.0	0.0
esa-	0.0125786163522	0.987421383648	0.0	0.0
joh-	0.0	1.0	0.0	0.0
i'k-	0.337662337662	0.337662337662	0.0519480519481	0.272727272727
hot-	0.582159208748	0.270296088768	0.0876969324123	0.0598477700721
kai-	0.027027027027	0.965906273246	0.00446317877511	0.00260352095214
sis-	0.17653505017	0.606006643608	0.0626690866751	0.154789219547
mag-	0.00741525423729	0.869703389831	0.112288135593	0.010593220339
kel-	0.049931532013	0.0837480378077	0.645594669517	0.220725760663
mos-	0.0382984446287	0.955496779426	0.00342332465955	0.00278145128588
kok-	0.0406032482599	0.0478538283062	0.25942575406	0.652117169374
vok-	0.285745202712	0.591112393594	0.0875775501371	0.0355648535565
etỳ-	0.063132439675	0.229581178411	0.0731930185121	0.634093363402
sak-	0.114579972211	0.828031265845	0.0259780454237	0.0314107165199
reg-	0.0540540540541	0.945945945946	0.0	0.0
vor-	0.157681734881	0.750381795968	0.0371105681124	0.0548259010385
ika-	0.0265486725664	0.889380530973	0.0353982300885	0.0486725663717
bet-	0.0646991916111	0.471700845478	0.42108778425	0.0425121786605
elm-	0.0	1.0	0.0	0.0
hip-	0.735135355346	0.189090094311	0.0105921414458	0.0651824088974
til-	0.0253596936135	0.931166545906	0.0434737604803	0.0
sal-	0.041058142739	0.919537062552	0.0212179663819	0.0181868283274
end-	0.18039712278	0.632459026603	0.0465005241688	0.140643326448
nih-	0.698757270445	0.188173410037	0.0379493373169	0.0751199822013
iar-	0.623104693141	0.215162454873	0.0736462093863	0.0880866425993
isk-	0.0	1.0	0.0	0.0
gab-	0.0	1.0	0.0	0.0
sek-	0.00199137072685	0.949551941586	0.0119482243611	0.0365084633256
tsy-	0.164869863743	0.039178127941	0.00949917513506	0.786452833181
den-	0.0327961950735	0.862852275147	0.0641016540073	0.040249875772
ind-	0.215313368675	0.137235625726	0.0853062906011	0.562144714998
efi-	0.0548921601754	0.846480462599	0.0861316009257	0.0124957763001
eme-	0.0	0.666666666667	0.333333333333	0.0
min-	0.717551644023	0.183475715422	0.0501623629042	0.0488102776507
ren-	0.472789727382	0.448007435649	0.0120705727619	0.0671322642071
ràn-	0.0760135135136	0.900337837838	0.0168918918919	0.00675675675676
ant-	0.0716247631993	0.192015739456	0.0650350557778	0.671324441567
afa-	0.153090383867	0.0749254483223	0.103453478347	0.668530689464
tab-	0.0615883306321	0.890599675851	0.0243111831442	0.0235008103728
lok-	0.11863313991	0.840747904578	0.0328820116054	0.00773694390716
naz-	0.195909504798	0.714155634937	0.0494501646004	0.0404846956644
gal-	0.00521491782554	0.973688369153	0.0192003792668	0.00189633375474
kre-	0.00862068965517	0.968390804598	0.00574712643678	0.0172413793103
hav-	0.354327425045	0.439433347955	0.07172732496	0.134511902041
kar-	0.269134114808	0.64744684204	0.0751946304469	0.00822441270514
soa-	0.0910002866151	0.298698164155	0.448062331237	0.162239217993
ark-	0.0269662921348	0.959550561798	0.0	0.0134831460674
iaf-	0.569002123142	0.297239915074	0.133757961783	0.0
mia-	0.464728970107	0.287690233444	0.0693052030727	0.178275593376
ati-	0.195979899498	0.608040201005	0.165829145729	0.0301507537688
ray-	0.00250323666679	0.993876436018	0.0009536139683	0.00266671334707
not-	0.652800570976	0.217820875969	0.0681765561686	0.0612019968861
hef-	0.31411229135	0.221547799696	0.00910470409712	0.455235204856
jor-	0.00307692307692	0.996923076923	0.0	0.0
mer-	0.0	0.961538461538	0.0384615384615	0.0
het-	0.0526725507799	0.853009324754	0.00888581649335	0.0854323079723
lel-	0.0777496076301	0.797174936617	0.0854762767113	0.0395991790414
jek-	0.0	1.0	0.0	0.0
von-	0.140673763212	0.696185618249	0.128389727205	0.0347508913334
eni-	0.0392986698912	0.172813381701	0.0241837968561	0.763704151552
one-	0.252495325759	0.649647634115	0.0906083704876	0.007248669639
nob-	0.465159898715	0.433555284629	0.0787770796211	0.0225077370346
eob-	0.0247933884297	0.97520661157	0.0	0.0
niz-	0.492028452293	0.22933529556	0.155015943095	0.123620309051
sto-	0.0568181818182	0.545454545455	0.397727272727	0.0
gog-	0.0701754385965	0.894736842105	0.0350877192982	0.0
rak-	0.0686507211978	0.875479276976	0.00876392185503	0.0471060799708
bit-	0.169533169533	0.800982800983	0.014742014742	0.014742014742
poi-	0.0582524271845	0.81067961165	0.0728155339806	0.0582524271845
hif-	0.498702110821	0.200356960236	0.109139940789	0.191800988155
kap-	0.0421492038137	0.940379623621	0.00997312767267	0.00749804489259
sil-	0.0	0.993497109827	0.0	0.00650289017342
ake-	0.0	1.0	0.0	0.0
ija-	0.483333333333	0.35	0.0333333333333	0.133333333333
aog-	0.0269058295964	0.973094170404	0.0	0.0
jas-	0.0268456375839	0.955257270693	0.0178970917226	0.0
ipe-	0.473413379074	0.506003430532	0.0205831903945	0.0
kib-	0.0939226519337	0.777777777778	0.0859422958871	0.0423572744014
try-	0.0	1.0	0.0	0.0
syk-	0.0	1.0	0.0	0.0
him-	0.75	0.178571428571	0.0357142857143	0.0357142857143
ary-	0.0403282218428	0.0205423637985	9.87807324812e-06	0.939119536285
màn-	0.0156760287394	0.93533638145	0.0156760287394	0.0333115610712
iny-	0.242150848069	0.0887164681824	0.0264645735595	0.642668110189
hio-	0.659455687369	0.196789951151	0.0558269364969	0.0879274249825
fon-	0.198788380977	0.488775747078	0.0246293368088	0.287806535137
pri-	0.0	1.0	0.0	0.0
tro-	0.226555513889	0.75163700349	0.0187786655897	0.0030288170306
iez-	0.579545454545	0.352272727273	0.0227272727273	0.0454545454546
kit-	0.0666477018735	0.867923761531	0.0182874791726	0.0471410574227
pop-	0.0245901639344	0.950819672131	0.0	0.0245901639344
gol-	0.0	1.0	0.0	0.0
ela-	0.0919977221797	0.36679872016	0.404698209289	0.136505348371
fin-	0.101328780343	0.788397297899	0.0169994803652	0.0932744413926
nag-	0.0	1.0	0.0	0.0
bai-	0.461764705882	0.538235294118	0.0	0.0
arp-	0.0	1.0	0.0	0.0
'iz-	0.656998221371	0.0987823231633	0.0861951019291	0.158024353537
sky-	0.0	0.387096774194	0.612903225806	0.0
tyk-	0.008658008658	0.991341991342	0.0	0.0
klo-	0.0725806451613	0.891129032258	0.0241935483871	0.0120967741935
fen-	0.42190368592	0.0593371934285	0.406957586028	0.111801534623
spa-	0.0	1.0	0.0	0.0
nal-	0.603099893524	0.169780272965	0.140729358242	0.0863904752687
las-	0.711534202828	0.0606023520636	0.0150937678474	0.212769677261
men-	0.0630691361128	0.589022314135	0.335911703209	0.0119968465432
rob-	0.403800475059	0.596199524941	0.0	0.0
ava-	0.072202166065	0.761732851986	0.043321299639	0.12274368231
iko-	0.0	1.0	0.0	0.0
ank-	0.101881134725	0.248417091356	0.192138647131	0.457563126787
ain-	0.187265554575	0.65799055213	0.0443182809494	0.110425612345
tap-	0.355675670127	0.508520892188	0.0083144961848	0.1274889415
ozo-	0.265734265734	0.692307692308	0.020979020979	0.020979020979
hez-	0.0	1.0	0.0	0.0
sol-	0.0509661220593	0.90637982729	0.0150929717686	0.0275610788819
ame-	0.0354940775596	0.0960165503813	0.0214992698361	0.846990102223
dom-	0.0	1.0	0.0	0.0
iak-	0.542635658915	0.202657807309	0.0553709856036	0.199335548173
kry-	0.00735294117649	0.911764705882	0.0735294117647	0.00735294117647
haj-	0.120600414079	0.765527950311	0.103002070393	0.0108695652174
syn-	0.0151094354827	0.947836472738	0.0317298145137	0.00532427726533
sel-	0.0	0.980392156863	0.0196078431372	0.0
laz-	0.578460978838	0.162062007281	0.0203850950918	0.239091918789
aza-	0.320113557843	0.0801003917165	0.0362189497835	0.563567100657
avo-	0.138963753369	0.146519718387	0.322417633793	0.39209889445
job-	0.0	1.0	0.0	0.0
hob-	0.397590361446	0.566265060241	0.0	0.0361445783133
hek-	0.647261855036	0.184690131246	0.051707081144	0.116340932574
'an-	0.0415896487985	0.884473197782	0.0166358595194	0.0573012939002
ket-	0.626895854398	0.0424671385237	0.288169868554	0.0424671385238
hok-	0.674600403396	0.258687195245	0.025879810872	0.0408325904869
nil-	0.752770274375	0.0903933634915	0.0183536958408	0.138482666293
kip-	0.828947368421	0.0526315789474	0.118421052632	0.0
adr-	0.152542372881	0.783050847458	0.0237288135593	0.0406779661017
mon-	0.483256363441	0.345032756954	0.0718719793792	0.0998389002255
kof-	0.315677966102	0.627118644068	0.031779661017	0.0254237288136
alo-	0.159707506946	0.258498415233	0.130162474042	0.451631603779
ano-	0.29864896895	0.290827210239	0.02216164968	0.388362171131
asy-	0.0	1.0	0.0	0.0
ial-	0.257582052347	0.351059410054	0.0980473618612	0.293311175737
afo-	0.0293000744602	0.871221146687	0.0233804914371	0.0760982874162
aho-	0.116901112881	0.0213676472009	0.00169552159566	0.860035718322
hit-	0.683449515897	0.0990815006292	0.0368754233212	0.180593560153
man-	0.541948420284	0.172070180128	0.10449927746	0.181482122128
eti-	0.0	0.577464788732	0.422535211268	0.0
vin-	0.0201519144319	0.691520694466	0.251123856766	0.0372035343357
sip-	0.0701637153358	0.919812896759	0.0100233879051	0.0
boz-	0.0	1.0	0.0	0.0
fas-	0.0244453864632	0.951815741133	0.011445527766	0.0122933446376
lio-	0.00701344243133	0.932787843366	0.0531852717709	0.00701344243133
sea-	0.0	1.0	0.0	0.0
jio-	0.00323836213608	0.850412579791	0.129908142612	0.0164409154601
reb-	0.02	0.92	0.03	0.03
fai-	0.15953269193	0.102619842361	0.0235617514235	0.714285714286
ema-	0.0188679245283	0.905660377358	0.0754716981132	0.0
sof-	0.106764359545	0.790788957216	0.0677744341228	0.0346722491168
zeb-	0.0	1.0	0.0	0.0
pis-	0.0	1.0	0.0	0.0
mie-	0.268228660315	0.115448181995	0.512589928058	0.103733229632
ten-	0.0847612816901	0.500332879397	0.0432780947567	0.371627744156
mib-	0.492939052877	0.429018899979	0.0310575493735	0.0469844977702
pet-	0.000739584189333	0.997575807379	0.0015613443997	0.000123264031556
his-	0.431370805584	0.162947259316	0.0199551105279	0.385726824572
sai-	0.175302112481	0.496116355586	0.0865594538913	0.242022078042
apo-	0.0210899150525	0.938126451309	0.0224861115194	0.0182975221187
fan-	0.255238783399	0.572109039361	0.0499580997278	0.122694077512
amb-	0.145892777459	0.163948967844	0.0531067932311	0.637051461466
rit-	0.49059139785	0.334677419355	0.0806451612903	0.0940860215054
nop-	0.872909698997	0.127090301003	0.0	0.0
eot-	0.0	1.0	0.0	0.0
lot-	0.19992782389	0.492601948755	0.303139660772	0.00433056658246
kef-	0.00621118012423	0.981366459627	0.00414078674948	0.00828157349896
gag-	0.809065249876	0.0566163041673	0.113066578117	0.0212518678399
aro-	0.32889158086	0.529376135675	0.0817686250757	0.0599636583889
tyr-	0.01248049922	0.982839313573	0.0015600624025	0.00312012480499
ima-	0.203501855288	0.500463821892	0.0993738404453	0.196660482375
hof-	0.77254330513	0.142552107243	0.0484221476312	0.0364824399961
sez-	0.00883201507332	0.989990382917	0.0	0.00117760200978
kao-	0.0	0.956834532374	0.0	0.0431654676259
kor-	0.0168868580511	0.956292837985	0.0198668918248	0.00695341213868
mik-	0.422830405226	0.423660280745	0.108519466761	0.0449898472676
fes-	0.00594353640415	0.994056463596	0.0	0.0
eso-	0.691393701702	0.0846438661902	0.0765807025918	0.147381729516
kot-	0.0897058823529	0.897058823529	0.00441176470588	0.00882352941177
ony-	0.0109589041096	0.983561643836	0.0	0.00547945205479
dav-	0.0	0.998537477148	0.000731261425959	0.000731261425961
eof-	0.0	1.0	0.0	0.0
van-	0.22491349481	0.124567474048	0.456747404844	0.193771626298
jop-	0.0	1.0	0.0	0.0
tan-	0.0868812246777	0.493521890838	0.0502353924258	0.369361492058
sob-	0.104819277108	0.801204819277	0.0795180722892	0.0144578313253
zok-	0.148936170213	0.104964539007	0.70780141844	0.0382978723404
zaz-	0.0452335346987	0.799395903934	0.134153528805	0.0212170325622
nea-	0.0	1.0	0.0	0.0
aga-	0.0190476190476	0.961904761905	0.0190476190476	0.0
ive-	0.109657947686	0.099765258216	0.237759892689	0.552816901408
ama-	0.164584130222	0.701411024693	0.049853372434	0.0841514726508
epa-	0.0	0.993265993266	0.006734006734	0.0
rem-	0.0	0.1	0.9	0.0
ang-	0.496086327671	0.262074246334	0.0419727177335	0.199866708261
osa-	0.0914076782449	0.588665447898	0.301645338208	0.018281535649
lah-	0.0884916306582	0.61293367454	0.0781872718882	0.220387422914
hev-	0.423625920334	0.279143252961	0.0577494824338	0.239481344271
nym-	0.0	1.0	0.0	0.0
bel-	0.0917077351618	0.89629312192	0.00685665309622	0.00514248982217
boa-	0.030612244898	0.959183673469	0.0102040816326	0.0
vai-	0.0774907749077	0.833948339483	0.0442804428044	0.0442804428044
ton-	0.586837172762	0.312313956797	0.0292179071609	0.07163096328
ozi-	0.0	1.0	0.0	0.0
rof-	0.0496453900709	0.89598108747	0.0307328605201	0.0236406619385
rav-	0.204580007602	0.449021284683	0.0268434055492	0.319555302166
dif-	0.388888888889	0.277777777778	0.296296296296	0.037037037037
hym-	0.0	0.940397350993	0.0	0.0596026490066
nod-	0.497798132817	0.225471199577	0.0690505548705	0.207680112736
ori-	0.181229773463	0.414239482201	0.340453074434	0.0640776699029
nak-	0.696978909636	0.101662200666	0.0330884692341	0.168270420464
ven-	0.00429491768076	0.368647100931	0.618468146027	0.00858983536148
hia-	0.276688979035	0.141632538121	0.0260671407049	0.555611342139
hij-	0.753339930727	0.127453405905	0.0718703612074	0.0473363021607
voa-	0.473638529627	0.275653623438	0.159210935025	0.0914969119097
sar-	0.0592337164751	0.603754789272	0.288735632184	0.048275862069
lao-	0.0478468899521	0.834130781499	0.110845295056	0.00717703349282
kio-	0.0	1.0	0.0	0.0
ske-	0.0	0.925925925926	0.0	0.074074074074
zad-	0.0	1.0	0.0	0.0
dam-	0.0	1.0	0.0	0.0
nta-	0.013698630137	0.424657534247	0.260273972603	0.301369863014
hys-	0.0	0.92523364486	0.0747663551402	0.0
nap-	0.73162385363	0.136971300817	0.0082128028471	0.123192042707
gaz-	0.037037037037	0.925925925926	0.0	0.037037037037
art-	0.0555555555555	0.907407407407	0.0	0.037037037037
nab-	0.613636363636	0.295454545455	0.0909090909091	0.0
bal-	0.00871007880547	0.991289921195	0.0	0.0
han-	0.61260166025	0.155221867413	0.0550475201037	0.177128952233
mip-	0.635916189758	0.206531863767	0.0116705145537	0.145881431921
foa-	0.163134650279	0.224725255914	0.272390359136	0.339749734671
rai-	0.126296085314	0.650021803113	0.0407869419375	0.182895169635
hya-	0.0	0.809523809524	0.190476190476	0.0
mok-	0.187891440501	0.770354906054	0.0	0.0417536534447
top-	0.0	0.698630136986	0.301369863014	0.0
nes-	0.685793871866	0.100278551532	0.0802228412256	0.133704735376
vos-	0.120805369128	0.664429530201	0.174496644295	0.0402684563758
ike-	0.313653136531	0.354243542435	0.0442804428044	0.287822878229
rir-	0.0338004946414	0.946413849959	0.0148392415499	0.00494641384995
fim-	0.141914191419	0.600660066007	0.257425742574	0.0
sop-	0.078431372549	0.921568627451	0.0	0.0
nol-	0.574985893402	0.117236357754	0.018471500402	0.289306248442
sta-	0.0	1.0	0.0	0.0
lef-	0.0133333333333	0.946666666667	0.0	0.04
amp-	0.322329286484	0.334116375596	0.255582085254	0.0879722526671
set-	0.0119047619048	0.988095238095	0.0	0.0
hag-	0.0697674418605	0.883720930233	0.046511627907	0.0
tya-	0.0	1.0	0.0	0.0
hak-	0.710600029485	0.183252248268	0.0287483414419	0.077399380805
saf-	0.104335729191	0.816832830976	0.0672385810341	0.011592858799
rom-	0.0218000622859	0.732170663345	0.239022111492	0.0070071628776
hen-	0.209537950986	0.289710816284	0.405206506183	0.0955447265475
hoa-	0.264619937119	0.194488625855	0.10175698169	0.439134455336
ovi-	0.330367734282	0.131079478055	0.0	0.538552787663
fif-	0.143477234157	0.67938720173	0.120019957384	0.0571156067292
era-	0.106513976111	0.36430242581	0.0384804826992	0.49070311538
amf-	0.0	1.0	0.0	0.0
jes-	0.00172246609707	0.878600024736	0.00208390160596	0.117593607561
vir-	0.118245699055	0.381148534044	0.491882723528	0.00872304337291
bla-	0.123529411765	0.864705882353	0.0117647058823	0.0
fam-	0.164743532233	0.764130997606	0.0459771007302	0.02514836943
inj-	0.326557206151	0.233168273825	0.135001303101	0.305273216923
maz-	0.121110325318	0.598921499293	0.230109618105	0.0498585572843
ves-	0.564516129032	0.0887096774193	0.298387096774	0.0483870967742
ily-	0.0	0.973451327434	0.0	0.0265486725664
mak-	0.245554682615	0.629703859289	0.0538729176354	0.0708685404608
get-	0.0	1.0	0.0	0.0
sam-	0.154236122662	0.460005960946	0.0904365890441	0.295321327349
hon-	0.408068704676	0.348674073036	0.144822904432	0.0984343178561
nik-	0.564430696216	0.350678701075	0.0379959602808	0.0468946424284
lit-	0.051724137931	0.663793103448	0.284482758621	0.0
fid-	0.259627553788	0.681793527391	0.0444765865124	0.0141023323088
lyk-	0.0436893203883	0.871359223301	0.0849514563107	0.0
ham-	0.616795147136	0.180903289173	0.0571572238317	0.14514433986
gov-	0.00861244019139	0.971291866029	0.0181818181818	0.00191387559809
oha-	0.225433526011	0.681472467296	0.0456343170064	0.0474596896866
lib-	0.051724137931	0.913793103448	0.0172413793103	0.0172413793103
zio-	0.0222391291625	0.947328378299	0.0140457657869	0.0163867267513
may-	0.951341235184	0.048658764816	0.0	0.0
sit-	0.434166027262	0.299493285296	0.0821467646987	0.184193922743
jak-	0.000556637907042	0.924853882549	0.0698580573337	0.00473142220984
fat-	0.306498219533	0.439468973167	0.0809480259189	0.173084781382
kas-	0.479166666667	0.288194444444	0.09375	0.138888888889
loz-	0.0986539477891	0.698443198946	0.148209287303	0.0546935659618
noz-	0.663253012048	0.229518072289	0.0765060240964	0.0307228915662
dit-	0.0513282305268	0.769923457902	0.162539396668	0.0162089149032
gam-	0.0	1.0	0.0	0.0
fiv-	0.153497461591	0.74850975893	0.0555046821111	0.0424880973683
gri-	0.00401606425704	0.477911646586	0.504016064257	0.0140562248996
ara-	0.277781633089	0.108362796616	0.0183291688511	0.595526401444
gad-	0.0235531628533	0.966352624495	0.00672947510095	0.00336473755047
sem-	0.0	1.0	0.0	0.0
ene-	0.0	1.0	0.0	0.0
ahe-	0.740740740741	0.0925925925926	0.0925925925926	0.0740740740741
amo-	0.206094211095	0.660676775494	0.0203593934704	0.112869619941
heb-	0.010243902439	0.947317073171	0.0351219512195	0.00731707317073
aja-	0.200445434298	0.521158129176	0.0445434298441	0.233853006682
mif-	0.498847554406	0.226065728041	0.102469915942	0.172616801611
ody-	0.10800459594	0.685178092685	0.202221371122	0.00459594025278
rot-	0.101694915254	0.898305084746	0.0	0.0
zav-	0.0615340715392	0.712567651327	0.0677759992356	0.158122277898
iva-	0.174579078112	0.651531879658	0.112475848744	0.0614131934861
jot-	0.0	1.0	0.0	0.0
nos-	0.627677329625	0.316411682893	0.0250347705146	0.030876216968
los-	0.0	1.0	0.0	0.0
noa-	0.0450028126758	0.451153197075	0.503843990249	0.0
hes-	0.660701373825	0.21456977585	0.0433839479393	0.0813449023861
kal-	0.0596375869715	0.933481152993	0.00229375334505	0.00458750669011
ond-	0.0182654682524	0.976212413439	0.0033982266516	0.00212389165726
aba-	0.0509259259259	0.851851851852	0.0	0.0972222222222
'ny-	0.107836398007	0.0730366042275	0.0135332531363	0.80559374463
tam-	0.0985507153416	0.0358378628855	0.00496473031994	0.860646691453
