-eus	0.0108901392382	0.934659164571	0.0108901392382	0.0435605569528
-hem	0.0232403718459	0.911022576361	0.00996015936254	0.0557768924303
-hei	0.798816568047	0.153846153846	0.0118343195266	0.0355029585798
-rbe	0.0156412930135	0.984358706986	0.0	0.0
-ois	0.0	0.729083665339	0.270916334661	0.0
-eua	0.383084577114	0.567164179105	0.0298507462687	0.0199004975124
-lem	0.0257362003219	0.944264814627	0.0	0.0299989850513
-ufu	0.0704638872578	0.812422522346	0.03251342946	0.0846001609361
-aus	0.156334231806	0.649595687332	0.0	0.194070080862
-aut	0.00738461538463	0.323692307692	0.323692307692	0.345230769231
-oya	0.665863122474	0.048348477097	0.0156109265678	0.270177473862
-aua	0.0453771183706	0.848526857249	0.0120023460279	0.0940936783528
-ufe	0.108917631042	0.838892670751	0.0	0.0521896982074
-aue	0.494592645999	0.269646719539	0.148521989906	0.0872386445566
-ufa	0.561085972851	0.194570135747	0.162895927602	0.0814479638009
-ufi	0.468244935124	0.312770316412	0.095151377191	0.123833371272
-nti	0.225300722327	0.682650806129	0.0567478975393	0.0353005740051
-naŋ	0.387691401849	0.297446142655	0.0948405354689	0.220021920027
-nto	0.288343558282	0.711656441718	0.0	0.0
-pus	0.0	1.0	0.0	0.0
-kiŋ	0.0605628411849	0.783394215512	0.0204720195913	0.135570923712
-kia	0.00976685570258	0.973219911783	0.00756143667296	0.00945179584121
-siŋ	0.511916915696	0.422439054685	0.0083999469181	0.0572440827012
-apa	0.0761818931676	0.817123130738	0.0194907357906	0.0872042403043
-aju	0.0112485939257	0.955005624297	0.0337457817773	0.0
-pre	0.15992970123	0.727592267135	0.0702987697715	0.0421792618629
-car	0.375148491328	0.449037776194	0.0760275599904	0.0997861724875
-opu	0.167480945867	0.751226772965	0.0310166755457	0.050275605623
-fig	0.0290967361052	0.913553175339	0.048916252003	0.00843383655224
-opo	0.0916030534351	0.618320610687	0.0	0.290076335878
-ope	0.355168926875	0.236469920073	0.0390630410993	0.369298111953
-ŋuŋ	0.214258722097	0.390620148619	0.0729300460678	0.322191083216
-opa	0.0310981535471	0.967606090055	0.0	0.00129575639779
-ims	0.00164804980773	0.980223402307	0.00109869987182	0.0170298480132
-imu	0.0326495726496	0.00871794871794	0.335384615385	0.623247863248
-oku	0.224724312184	0.0784030293897	0.0175675286715	0.679305129755
-fis	0.192182410423	0.798045602606	0.00977198697069	0.0
-dek	0.00523012552301	0.988493723849	0.00627615062761	0.0
-deo	0.18546627618	0.167153091243	0.0235226054952	0.623858027082
-ima	0.735076592907	0.147542217562	0.0636584994407	0.0537226900907
-beŋ	0.327776341339	0.204597043871	0.0549528712883	0.412673743502
-oko	0.31552450121	0.269399373892	0.0305270445464	0.384549080351
-ime	0.277495190464	0.194335058552	0.0423624477479	0.485807303236
-nad	0.0793388429752	0.603305785124	0.218181818182	0.099173553719
-imi	0.331158165996	0.350143849929	0.137068891393	0.181629092682
-oka	0.117303206047	0.119532876151	0.0854410741796	0.677722843622
-imo	0.194310524552	0.459269479915	0.139812367373	0.20660762816
-oul	0.0250528866269	0.743354936057	0.211832154061	0.019760023255
-goŋ	0.436701889849	0.275140156636	0.0676218346679	0.220536118848
-obi	0.556846917274	0.17312396464	0.0475050376149	0.222524080472
-obo	0.249198731972	0.459540035109	0.0672764606694	0.22398477225
-idi	0.314183123878	0.57091561939	0.0670257330939	0.0478755236386
-oba	0.138673557278	0.719207579673	0.129198966408	0.0129198966408
-obe	0.339924437204	0.183086887824	0.0389026215732	0.438086053399
-bie	0.656292286874	0.221921515562	0.0405953991881	0.0811907983762
-bia	0.136070853462	0.797906602254	0.0466988727858	0.0193236714976
-bio	0.255221588086	0.13669492674	0.0377219269053	0.57036155827
-moŋ	0.259922255954	0.574359019718	0.0511854867708	0.114533237557
-obu	0.243433575897	0.262251801985	0.0498553303938	0.444459291725
-eja	0.477507637795	0.258339200871	0.0868195705082	0.177333590825
-ter	0.249042145594	0.656449553001	0.0153256704981	0.0791826309067
-rie	0.369221916044	0.351822174707	0.0357628287624	0.243193080486
-eje	0.046875	0.9296875	0.0234375	0.0
-ria	0.0124242894859	0.952284812046	0.00940696203935	0.0258839364291
-eji	0.155818529441	0.457601680873	0.127011378981	0.259568410705
-ril	0.0	0.674453654861	0.325546345139	0.0
-uti	0.172567999774	0.26079080694	0.566641193286	0.0
-rik	0.115013827505	0.437336848363	0.385360936652	0.0622883874803
-eru	0.214769870602	0.0491661989606	0.0204115669434	0.715652363494
-mji	0.0188828733659	0.969562920903	0.00264096130992	0.00891324442095
-maŋ	0.0764334561329	0.382857035673	0.0119356546635	0.528773853531
-ris	0.0	0.980582524272	0.0	0.0194174757281
-utu	0.0317831620837	0.872973276894	0.00915221944817	0.0860913415739
-juŋ	0.0704027824526	0.776730618198	0.137720184001	0.0151464153484
-sia	0.0335825624129	0.926583027077	0.00723397963925	0.0326004308706
-ten	0.126899171271	0.724620165746	0.0880524861878	0.0604281767956
-jio	0.0530973451327	0.935103244838	0.0	0.0117994100295
-ara	0.28412598881	0.37584410573	0.0419399961413	0.298089909319
-mes	0.0714285714285	0.878571428571	0.05	0.0
-eri	0.210232240703	0.503657754634	0.1292285198	0.156881484864
-aro	0.141884222474	0.710556186152	0.0885357548241	0.0590238365494
-ari	0.190114249124	0.604868056307	0.0836559288473	0.121361765721
-mee	0.147435897436	0.769230769231	0.0833333333333	0.0
-aru	0.37270380896	0.126950069426	0.0424623608423	0.457883760771
-luk	0.163572060124	0.815207780725	0.0	0.0212201591512
-mea	0.194310477389	0.198154749423	0.300691968966	0.306842804222
-nat	0.0298932384342	0.53024911032	0.439857651245	0.0
-lun	0.0	1.0	0.0	0.0
-ifi	0.305507447177	0.453411846207	0.187045375823	0.0540353307932
-mel	0.025177313915	0.974822686085	0.0	0.0
-meo	0.42309367618	0.17070232775	0.0110606942429	0.395143301828
-men	0.0359460808787	0.904143784324	0.0	0.0599101347978
-mek	0.0	1.0	0.0	0.0
-wji	0.260726072607	0.607260726073	0.13201320132	0.0
-aya	0.542367748936	0.145589222946	0.0537308625211	0.258312165596
-ndu	0.434227810096	0.24417339088	0.0240195158567	0.297579283168
-ayo	0.302013422819	0.46644295302	0.154362416107	0.0771812080537
-oje	0.0571563533301	0.855928200283	0.0277515351913	0.0591639111951
-tyu	0.0	1.0	0.0	0.0
-iji	0.176424645366	0.209658252622	0.0336937394348	0.580223362577
-iju	0.169535732916	0.820031298905	0.0	0.0104329681794
-auŋ	0.238247578286	0.571333202798	0.058202836523	0.132216382393
-ill	0.116161616162	0.883838383838	0.0	0.0
-ndi	0.25147634021	0.660940256155	0.0668762941943	0.0207071094409
-ruŋ	0.221165925278	0.531277959964	0.04694600543	0.200610109327
-sre	0.0897836004755	0.685961067423	0.0151655135863	0.209089818515
-ubu	0.0345894701476	0.709037586954	0.0431832027542	0.213189740144
-ojo	0.270483711747	0.683448502797	0.00263244488318	0.0434353405725
-ubi	0.28558003226	0.205497035281	0.050256336471	0.458666595988
-âre	0.232634338139	0.627566622979	0.00327653997379	0.136522498908
-uba	0.258982954814	0.480381509986	0.211058123613	0.049577411587
-ube	0.235686526612	0.320983914334	0.0624054299255	0.380924129129
-na4	0.0936329588015	0.40074906367	0.187265917603	0.318352059925
-ŋne	0.130296936017	0.146860019608	0.0352072691971	0.687635775178
-umu	0.16289893617	0.472517730496	0.311391843972	0.0531914893617
-ota	0.0412345181754	0.830480314168	0.104722585842	0.0235625818145
-nue	0.669902912621	0.252427184466	0.0776699029127	0.0
-ote	0.200728092539	0.646649340547	0.0737156615705	0.0789069053429
-oti	0.204125237046	0.657782789196	0.0702029197205	0.0678890540379
-ijo	0.055297500553	0.921477549215	0.0232249502323	0.0
-bji	0.038681948424	0.952722063037	0.0	0.00859598853867
-oto	0.173347778982	0.252437703142	0.541711809317	0.0325027085591
-ume	0.322012618316	0.1907372555	0.0276407654833	0.459609360701
-nda	0.197689869641	0.537448777965	0.172681581286	0.0921797711088
-uma	0.376954645157	0.256208872851	0.236821623152	0.130014858841
-otu	0.05806215476	0.70161339857	0.062392036921	0.177932409749
-umo	0.0821917808219	0.27397260274	0.643835616438	0.0
-ako	0.378512376698	0.234988123068	0.0589034257132	0.327596074521
ALL	0.233336719062	0.267880034854	0.052614064449	0.446169181635
-nai	0.0642500958957	0.913693901036	0.018220176448	0.00383582662064
-nan	0.0130813953488	0.825581395349	0.156976744186	0.00436046511629
-nao	0.0395002328108	0.896321589322	0.000465621604843	0.0637125562626
-aki	0.23099300385	0.392469286011	0.0673877043655	0.309150005774
-nam	0.0	1.0	0.0	0.0
-sis	0.0	1.0	0.0	0.0
-ake	0.205902124862	0.160139864448	0.0634251222699	0.57053288842
-ebo	0.17383856488	0.676875981411	0.0729931638302	0.0762922898789
-kio	0.246728971963	0.592523364486	0.007476635514	0.153271028037
-aka	0.251507686295	0.491854886248	0.138189384016	0.118448043442
-nsa	0.0759493670887	0.772151898734	0.151898734177	0.0
-kis	0.0406906411525	0.953370724733	0.00461893764433	0.00131969646981
-zus	0.0	1.0	0.0	0.0
-sio	0.162441985005	0.487682970368	0.221349518029	0.128525526598
-sin	0.414913529685	0.443758299071	0.12900955093	0.0123186203145
-sil	0.197788822396	0.715995537073	0.0862156405315	0.0
-nas	0.0841622035195	0.897475133894	0.00918133129301	0.00918133129306
-aku	0.202376807242	0.16795836782	0.033986519674	0.595678305265
-ala	0.0848484848485	0.490909090909	0.0484848484848	0.375757575758
-sie	0.0630119272455	0.767794735678	0.0292651387542	0.139928198322
-puŋ	0.736091298146	0.194008559201	0.0485021398002	0.021398002853
-goi	0.43074529632	0.328115124702	0.122028295007	0.119111283971
-mos	0.0280046674445	0.957992998833	0.0140023337223	0.0
-mor	0.0430416068866	0.931133428981	0.025824964132	0.0
-goo	0.265575211437	0.419631517972	0.110697208399	0.204096062191
-gon	0.170648464164	0.491467576792	0.337883959044	0.0
-igo	0.0790517406295	0.351270262255	0.0208447021149	0.548833295001
-gog	0.0269058295964	0.973094170404	0.0	0.0
-las	0.00465313028764	0.995346869712	0.0	0.0
-lki	0.0	1.0	0.0	0.0
-ŋoŋ	0.0915503966859	0.247274006331	0.529956618595	0.131218978388
-moo	0.0542625427134	0.884332790708	0.0154721574494	0.0459325091293
-mon	0.0029166707176	0.992999990278	0.00175000243056	0.00233333657408
-gou	0.617511520737	0.320276497696	0.0345622119816	0.0276497695852
-biŋ	0.269332446851	0.351497937194	0.0525029945176	0.326666621438
-lke	0.202898550725	0.449275362319	0.130434782609	0.217391304348
-yau	0.30243477419	0.415363763977	0.238540103587	0.0436613582459
-3-6	0.0277777777778	0.175925925926	0.305555555556	0.490740740741
-lpu	0.316239316239	0.376068376068	0.0512820512821	0.25641025641
-sak	0.0	1.0	0.0	0.0
-pur	0.0614035087719	0.423976608187	0.514619883041	0.0
-eŋk	0.0555555555555	0.805555555556	0.0	0.138888888889
-ber	0.0	1.0	0.0	0.0
-deŋ	0.279534109817	0.214642262895	0.0599001663893	0.445923460899
-mfa	0.0	1.0	0.0	0.0
-bet	0.0143884892086	0.985611510791	0.0	0.0
-beu	0.305679287305	0.528953229399	0.121937639198	0.043429844098
-eoo	0.253246753247	0.24025974026	0.038961038961	0.467532467533
-eon	0.0186046511628	0.970542635659	0.00620155038759	0.00465116279069
-ben	0.0	1.0	0.0	0.0
-beo	0.264332257004	0.595583827994	0.0913590750014	0.0487248400008
-uga	0.545830849995	0.207890074541	0.053640096993	0.192638978471
-yao	0.463885530682	0.395543096384	0.0140571372934	0.126514235641
-bea	0.325282139113	0.171302235623	0.2250210017	0.278394623565
-yai	0.510638297872	0.36170212766	0.109422492401	0.0182370820669
-bed	0.167400881057	0.832599118943	0.0	0.0
-iso	0.329587623478	0.296451157686	0.0177703444311	0.356190874405
-upu	0.346516853933	0.549213483146	0.0692134831461	0.0350561797753
-jiŋ	0.36727589208	0.372062663185	0.232375979112	0.0282854656222
-isi	0.115017809314	0.690515031673	0.0327854312872	0.161681727726
-qoo	0.336470588235	0.292941176471	0.1	0.270588235294
-rea	0.0102564102564	0.911111111111	0.042735042735	0.0358974358974
-red	0.0	1.0	0.0	0.0
-upe	0.0422204847537	0.929632525411	0.0281469898358	0.0
-keŋ	0.225169648365	0.71375694016	0.0289944478717	0.0320789636027
-res	0.0173745173746	0.982625482625	0.0	0.0
-isu	0.0	1.0	0.0	0.0
-ist	0.0508192168842	0.889197445154	0.0383226881422	0.0216606498195
-meŋ	0.31955963232	0.300187112968	0.074920130726	0.305333123985
-reu	0.0	1.0	0.0	0.0
-hab	0.0224438902743	0.977556109726	0.0	0.0
-ŋgi	0.0491930779701	0.924363212133	0.0217771728563	0.00466653704064
-ŋge	0.297334640756	0.595360135497	0.0509226243537	0.0563825993938
-oas	0.00495867768594	0.968595041322	0.0	0.0264462809917
-mas	0.0205938697318	0.966475095785	0.0014367816092	0.0114942528736
-mar	0.0	1.0	0.0	0.0
-ŋga	0.540467728794	0.135353549871	0.016484997116	0.307693724219
-ham	0.0	0.999108601991	0.00089139800921	0.0
-eqo	0.507314752918	0.324407363604	0.0710906566566	0.0971872268217
-ebu	0.393393171549	0.281159580886	0.105671086815	0.219776160751
-mai	0.559795949678	0.228099110157	0.0410401963793	0.171064743786
-mak	0.0	1.0	0.0	0.0
-jua	0.0526315789474	0.931034482759	0.016333938294	0.0
-man	0.285055177644	0.480231495232	0.0427925914605	0.191920735663
-ŋgu	0.349823321555	0.459363957597	0.190812720848	0.0
-teŋ	0.350408460948	0.433872724131	0.0376917234922	0.178027091428
-mae	0.413676656817	0.411566061629	0.160405234276	0.0143520472774
-geŋ	0.443401015228	0.436294416244	0.0837563451777	0.0365482233502
-ofu	0.176316721304	0.725815847488	0.0947605286304	0.00310690257804
-ŋji	0.320144971308	0.385382059801	0.209906372697	0.0845665961945
-une	0.103236869263	0.689000605578	0.0522509222981	0.155511602861
--iŋ	0.775510204082	0.224489795918	0.0	0.0
-una	0.0177679481126	0.89967446137	0.0163564523744	0.0662011381427
-boŋ	0.315605197867	0.279017657471	0.0409932504242	0.364383894237
-nke	0.203389830508	0.796610169492	0.0	0.0
-gbo	0.206657088123	0.616858237548	0.0878831417625	0.0886015325671
-unu	0.486757990868	0.414611872146	0.0712328767123	0.027397260274
-doŋ	0.602720625744	0.148614181262	0.0273762965482	0.221288896446
-iri	0.234591502324	0.320805007416	0.0894441509642	0.355159339295
-tre	0.129463682623	0.754131580132	0.0758769757284	0.0405277615166
-gae	0.49582172702	0.440111420613	0.050139275766	0.0139275766017
-ade	0.0929747676002	0.835551213187	0.0345304496585	0.0369435695542
-tra	0.00702165008777	0.992978349912	0.0	0.0
-oue	0.354239995477	0.608159111149	0.00395798877629	0.0336429045983
-uŋu	0.194295772973	0.00821988048136	0.000634331612709	0.796850014933
-ofo	0.126376286683	0.789854935768	0.0324712481058	0.0512975294435
-ouŋ	0.0806929447585	0.876586135224	0.00771100353671	0.0350099164812
-oqu	0.220514194389	0.77094977228	0.0	0.00853603333117
-foŋ	0.0136932725791	0.947243675225	0.00282724141343	0.0362358107821
-tri	0.0510102041952	0.744511640984	0.0613178093888	0.143160345432
-gai	0.0	1.0	0.0	0.0
-adi	0.11357725477	0.598004575565	0.0258285739127	0.262589595753
-oqo	0.155387594833	0.611325698032	0.0587643217572	0.174522385378
-uŋa	0.339547270306	0.500665778961	0.0	0.159786950732
-adu	0.620648308939	0.202803274622	0.0719424460431	0.104605970396
-gar	0.0	0.963190184049	0.0368098159509	0.0
-uŋe	0.167882032871	0.75907176665	0.0382622954892	0.0347839049903
-uŋi	0.0292461005199	0.697790294627	0.243717504333	0.0292461005199
-uŋo	0.126457702056	0.11234709855	0.00163365891783	0.759561540476
-ini	0.23127156539	0.693789991189	0.0190228356378	0.0559156077837
-ieŋ	0.0592734225621	0.807839388145	0.115678776291	0.0172084130019
-sek	0.0	1.0	0.0	0.0
-bel	0.123997623998	0.740867240867	0.0594000594	0.0757350757351
-ino	0.387096774194	0.451612903226	0.161290322581	0.0
-sef	0.00180614087899	0.996688741722	0.0	0.00150511739916
-ine	0.165614999175	0.281816144273	0.181848874536	0.370719982015
-sea	0.22227835312	0.596615306896	0.0371305885325	0.143975751452
-ohe	0.534954407295	0.144376899696	0.30547112462	0.015197568389
-800	0.0	0.295715147858	0.0	0.704284852142
-ane	0.562646465621	0.172235392322	0.0314998793255	0.233618262731
-ins	0.120491431501	0.530182018971	0.0134098483504	0.335916701177
-ses	0.0215761285386	0.946289211936	0.0	0.0321346595256
-ser	0.0	1.0	0.0	0.0
-roŋ	0.0714373391184	0.726260338294	0.167330326332	0.0349719962554
-eda	0.16440248676	0.401565737969	0.207230025328	0.226801749942
-kus	0.0168302945302	0.978962131837	0.00280504908836	0.00140252454418
-iam	0.0	1.0	0.0	0.0
-fuo	0.0290990486849	0.945719082261	0.0251818690543	0.0
-edi	0.210255088895	0.63227445062	0.0859130562816	0.0715574042036
-toŋ	0.205245153934	0.760547320411	0.0	0.0342075256557
-neo	0.168448720536	0.311583649272	0.0880995658238	0.431868064369
-kue	0.202147651007	0.739060402685	0.033288590604	0.0255033557047
-nok	0.0	1.0	0.0	0.0
-iap	0.0634390651085	0.863105175292	0.0734557595993	0.0
-ias	0.0	0.998127071027	0.00144071459443	0.000432214378332
-tke	0.362068965517	0.637931034483	0.0	0.0
-kuo	0.0648352299483	0.743110282262	0.0570512600613	0.135003227728
-kum	0.0740740740741	0.814814814815	0.0	0.111111111111
-edy	0.104761904762	0.419047619048	0.447619047619	0.0285714285714
-eka	0.0	0.104947526237	0.872563718141	0.0224887556222
-eke	0.27423346865	0.34721238299	0.258248175406	0.120305972954
-eki	0.246220283291	0.63726096434	0.0433755939476	0.0731431584214
-bae	0.637878736239	0.135561160151	0.00281176510685	0.223748338502
-eko	0.257330142005	0.0994565597995	0.0405537267953	0.6026595714
-baa	0.869001919386	0.0518234165067	0.00527831094051	0.0738963531669
-hor	0.0	1.0	0.0	0.0
-jon	0.0115015683957	0.965313451834	0.00427330999682	0.0189116697731
-joo	0.269662921348	0.595505617978	0.0	0.134831460674
-joi	0.407569141194	0.339155749636	0.145560407569	0.107714701601
-eku	0.255921617177	0.117076888719	0.0661064008566	0.560895093247
-uji	0.135568443818	0.615145911137	0.0080444514789	0.241241193567
-bat	0.00214381420277	0.958731576597	0.00160786065208	0.0375167485485
-bas	0.00439238653001	0.975475841874	0.00274524158126	0.0173865300146
-mke	0.356536502547	0.643463497453	0.0	0.0
-reo	0.186554601496	0.170099949147	0.0172853708387	0.626060078519
-dru	0.0	0.986183074266	0.0	0.013816925734
-ŋde	0.7734375	0.0	0.109375	0.1171875
-ase	0.333263280416	0.37809714723	0.144470669383	0.144168902971
-mbu	0.206215379531	0.746966598571	0.0180069314994	0.0288110903989
-asa	0.259231462023	0.458514710297	0.112822725908	0.169431101771
-aso	0.0414731167931	0.765131191214	0.0309956978138	0.162399994179
-yer	0.105882352941	0.894117647059	0.0	0.0
-asi	0.19536378357	0.136752037056	0.0346103231034	0.633273856271
-dre	0.0272137769746	0.954927181886	0.0114808121612	0.00637822897843
-mba	0.187054444515	0.366033688726	0.427985616049	0.0189262507097
-mbe	0.1590879452	0.39504162863	0.128015759165	0.317854667005
-mbi	0.012688208425	0.0294366435459	0.954829978007	0.00304517002199
-lta	0.133645955451	0.697538100821	0.147713950762	0.021101992966
-zor	0.0	1.0	0.0	0.0
-mbo	0.019656019656	0.95085995086	0.029484029484	0.0
-ery	0.180072028811	0.795918367347	0.0240096038415	0.0
-dia	0.0204316024905	0.961282717766	0.0	0.0182856797437
-430	0.107142857143	0.0	0.0	0.892857142857
-rau	0.371302902546	0.157115493757	0.0196509648127	0.451930638884
-ras	0.0527660977822	0.87385604749	0.0733778547283	0.0
-ran	0.126811594203	0.873188405797	0.0	0.0
-rao	0.118088860737	0.862003438603	0.0199077006606	0.0
-ram	0.132475813544	0.753847845207	0.0208883025506	0.0927880386983
-iwe	0.0135839983339	0.934730544591	0.0387640928067	0.0129213642689
-ero	0.169254658385	0.709627329193	0.0993788819876	0.0217391304348
-era	0.104492512479	0.82762063228	0.0412645590683	0.026622296173
-iwi	0.423928209586	0.216564044049	0.180792912912	0.178714833453
-rae	0.607594936709	0.0759493670886	0.145569620253	0.170886075949
-ere	0.202768335092	0.480539153989	0.141703835137	0.174988675782
-ugu	0.170050761421	0.535532994924	0.294416243655	0.0
-oze	0.230769230769	0.282051282051	0.487179487179	0.0
-oge	0.320539658707	0.285096584183	0.0166026622008	0.377761094909
-kji	0.13588226133	0.670066967762	0.150833203551	0.0432175673571
-pot	0.0	0.652034261242	0.347965738758	0.0
-pou	0.114093959731	0.233940556088	0.644295302014	0.00767018216682
-uge	0.49551653765	0.19379406441	0.102064772429	0.20862462551
-pol	0.0202844042513	0.910466893458	0.00126777526571	0.0679809270254
-ugo	0.194740310311	0.272958868757	0.0320080104509	0.500292810481
-aza	0.037037037037	0.925925925926	0.0	0.037037037037
-ike	0.380280226755	0.281204363188	0.213584611405	0.124930798653
-aha	0.567259958833	0.135246397869	0.0529119748154	0.244581668483
-uke	0.392110110812	0.300040568952	0.0205021552871	0.287347164949
-ika	0.174616195945	0.690261338334	0.0560178131958	0.0791046525255
-iko	0.196265577867	0.15507540811	0.0172154522391	0.631443561784
-lam	0.0244399185336	0.9633401222	0.0	0.0122199592668
-nor	0.0	1.0	0.0	0.0
-nos	0.0181818181818	0.981818181818	0.0	0.0
-gaŋ	0.217645062776	0.464336613505	0.219613165931	0.0984051577876
-iki	0.28510637228	0.200552001411	0.0349263163698	0.479415309939
-lak	0.229580573951	0.757174392936	0.0132450331125	0.0
-iku	0.181160584637	0.0720860219219	0.00626494289269	0.740488450548
-fos	0.0	1.0	0.0	0.0
-iks	0.082462373597	0.646137462421	0.200152673195	0.0712474907878
-uje	0.186699133865	0.767004526859	0.0311585716653	0.0151377676107
-non	0.0	0.9	0.1	0.0
-out	0.377777777778	0.577777777778	0.0	0.0444444444445
-noa	0.0164835164835	0.983516483516	0.0	0.0
--ia	0.58950617284	0.202674897119	0.0987654320988	0.109053497942
-geo	0.271262266692	0.37362901674	0.0572445641716	0.297864152396
-dos	0.0	1.0	0.0	0.0
-gel	0.302325581395	0.677325581395	0.0203488372093	0.0
-bol	0.0	0.918032786885	0.0819672131148	0.0
-boo	0.371824292055	0.202127039966	0.0309853576712	0.395063310308
-boi	0.158075601375	0.841924398625	0.0	0.0
-dod	0.0	1.0	0.0	0.0
-ret	0.0258053878022	0.94667848383	0.00371003977988	0.0238060885875
-pia	0.290766498964	0.645605208642	0.0288546907369	0.0347736016573
-don	0.0	1.0	0.0	0.0
-ger	0.0	1.0	0.0	0.0
-dom	0.0234946320212	0.947564960324	0.0273844717598	0.00155593589544
-dok	0.0	1.0	0.0	0.0
-doi	0.0837064899397	0.888232133262	0.0197026688161	0.00835870798258
-sar	0.0	1.0	0.0	0.0
-sau	0.0772072773437	0.593538407635	0.28569756398	0.0435567510411
-ibu	0.251932511958	0.107049235271	0.0514481325363	0.589570120235
-ooŋ	0.349570200573	0.0515759312321	0.56446991404	0.0343839541547
-tom	0.492307692308	0.476923076923	0.0307692307692	0.0
-fuŋ	0.0636123165171	0.733711370675	0.0476324109186	0.15504390189
-iaŋ	0.228912279051	0.540574937619	0.196865116144	0.0336476671868
-lfa	0.0	1.0	0.0	0.0
-ges	0.0387096774194	0.922580645161	0.0387096774194	0.0
-tor	0.0977198697068	0.894136807818	0.0	0.00814332247556
-neŋ	0.355492063107	0.256599884291	0.0538974378472	0.334010614755
-sad	0.0	1.0	0.0	0.0
-aoŋ	0.0412656732095	0.822214928117	0.0217947876321	0.114724611042
-ibe	0.313329185221	0.0950871113379	0.177399415803	0.414184287638
-400	0.0156168662155	0.122852680895	0.0208224882873	0.840707964602
-kuŋ	0.291202546623	0.504670151952	0.0779223184665	0.126204982958
-sam	0.0	1.0	0.0	0.0
-lon	0.0279390818451	0.805412512326	0.0295825572477	0.137065848581
-âji	0.371656050955	0.496178343949	0.093949044586	0.0382165605096
-seŋ	0.0461814377522	0.914586758332	0.0325063518159	0.00672545209983
-iel	0.00631578947367	0.993684210526	0.0	0.0
-ros	0.0535714285714	0.267857142857	0.678571428572	0.0
-air	0.0	1.0	0.0	0.0
-der	0.0	1.0	0.0	0.0
-rod	0.0115102521548	0.969216767493	0.0192729803523	0.0
-uiŋ	0.237947900212	0.26789841966	0.0468673251287	0.447286354998
-roa	0.520231213873	0.208092485549	0.202312138728	0.0693641618497
-oki	0.224717779868	0.678563029163	0.0646166509878	0.0321025399812
-lot	0.0302583907314	0.914400605168	0.0433969024963	0.0119441016045
-roo	0.126425979865	0.198274274029	0.0231267036338	0.652173042473
-los	0.00773195876288	0.980670103093	0.0115979381443	0.0
-ŋaŋ	0.164630453185	0.279859116962	0.0534649217675	0.502045508086
-uro	0.132910857753	0.109327247111	0.0596815895782	0.698080305558
-buŋ	0.477437317006	0.179433654583	0.0357455976714	0.30738343074
-mau	0.375842405391	0.547952306895	0.0451010886469	0.0311041990669
-quŋ	0.43842364532	0.224958949097	0.336617405583	0.0
-ipa	0.167533845654	0.169245383128	0.0378249781779	0.625395793041
-ida	0.00859956729162	0.962257454665	0.000477753738422	0.0286652243054
-mat	0.0	1.0	0.0	0.0
-oke	0.118564725564	0.0964790893285	0.036332534164	0.748623650944
-ewa	0.110514682665	0.831070413641	0.0584149036944	0.0
-ipt	0.00344036697247	0.921559633028	0.0633027522936	0.0116972477064
-ipu	0.293170218768	0.591033828319	0.00628350132081	0.109512451591
-sji	0.122297542442	0.806823866446	0.0188471087477	0.0520314823643
-baŋ	0.196591185588	0.599752853362	0.0315684765552	0.172087484496
-tie	0.481117308808	0.390619911571	0.0774430054089	0.0508197742125
-hoŋ	0.105653021442	0.727875243665	0.0487329434698	0.117738791423
-awa	0.0	0.988052568698	0.0119474313023	0.0
-awe	0.476459510358	0.139359698682	0.372881355932	0.0112994350282
-has	0.0	1.0	0.0	0.0
-yaŋ	0.316041906701	0.339781892232	0.216634066611	0.127542134455
-joŋ	0.11685782089	0.654264599978	0.184218539301	0.0446590398306
-les	0.0377358490566	0.962264150943	0.0	0.0
-ŋoe	0.350971291043	0.483032490975	0.0976448341069	0.0683513838749
-wuŋ	0.164835164835	0.813186813187	0.021978021978	0.0
-276	0.0	0.212121212121	0.0	0.787878787879
-poŋ	0.269616026711	0.389398998331	0.171953255426	0.169031719532
-sto	0.00294895846909	0.985049113949	0.000727389550443	0.0112745380319
-sta	0.0	0.90391908976	0.0960809102402	0.0
-tio	0.070571615524	0.261482992991	0.0124436913511	0.655501700134
-oli	0.0731707317073	0.926829268293	0.0	0.0
-uyo	0.648340923878	0.290663630449	0.0	0.0609954456734
-ige	0.45646223863	0.0879189077369	0.0226759173801	0.432942936253
-raŋ	0.190731379665	0.616056260038	0.0770662999948	0.116146060303
-eya	0.52559787266	0.109405451241	0.0185948776238	0.346401798475
-200	0.00891265597149	0.19696969697	0.0329768270945	0.761140819964
-yei	0.0650475057037	0.403645461072	0.10244050871	0.428866524515
-eye	0.717142857143	0.0657142857143	0.0171428571429	0.2
-ibi	0.335449053468	0.17441294025	0.0229461961086	0.467191810174
-eme	0.341189849925	0.130751818799	0.0475735015091	0.480484829767
-lek	0.0135135135135	0.986486486486	0.0	0.0
-lel	0.0	1.0	0.0	0.0
-ion	0.0437036719654	0.914863533142	0.025793735807	0.0156390590857
-mum	0.0	1.0	0.0	0.0
-lea	0.0	1.0	0.0	0.0
-muo	0.708822029577	0.229984701683	0.0	0.0611932687404
-ioz	0.0321398364363	0.885653604146	0.0117846066933	0.0704219527248
-mus	0.0357514751822	0.941339812565	0.0	0.0229087122527
-myu	0.021778584392	0.978221415608	0.0	0.0
-ios	0.0	0.942028985507	0.0579710144928	0.0
-oil	0.0	0.86183074266	0.0345423143351	0.103626943005
-oik	0.0674157303371	0.303370786517	0.629213483146	0.0
-iot	0.0471092077088	0.93147751606	0.00428265524625	0.017130620985
-ifa	0.444444444445	0.481481481481	0.0740740740741	0.0
-wit	0.0226503813292	0.973909054418	0.00344056425255	0.0
-ife	0.336854797867	0.321644662236	0.0505641535963	0.290936386301
-oŋu	0.0181466791165	0.0409095743694	0.00159996492601	0.939343781588
-jeŋ	0.125055399356	0.755621964016	0.052355850765	0.0669667858622
-lji	0.0411507511577	0.81659867539	0.0235983796928	0.118652193759
--ee	0.144144144144	0.72972972973	0.0720720720721	0.054054054054
-alo	0.784753363229	0.14798206278	0.067264573991	0.0
-oŋo	0.0321511761834	0.022104989621	0.00766568296854	0.938078151227
-alm	0.0446428571429	0.955357142857	0.0	0.0
-tji	0.0123751628311	0.889709075119	0.0564481111594	0.0414676508901
-ndo	0.0	1.0	0.0	0.0
-ali	0.00799467021986	0.98001332445	0.00399733510993	0.00799467021986
-oŋe	0.167856750924	0.0537440099499	0.0558400702345	0.722559168892
-oam	0.0247933884297	0.938016528926	0.0	0.0371900826446
-ald	0.0246406570842	0.70841889117	0.266940451745	0.0
-nde	0.190250682237	0.354109135247	0.0741678076141	0.381472374902
-aŋe	0.135042205093	0.34613812832	0.0226878795992	0.496131786988
-gia	0.0	0.958549222798	0.0414507772021	0.0
-eer	0.194335643266	0.778547755348	0.0180777342573	0.00903886712868
-paŋ	0.10285023171	0.74852524881	0.0362272266233	0.112397292857
-120	0.0192307692308	0.0576923076923	0.0	0.923076923077
-fat	0.0500834724541	0.949916527546	0.0	0.0
-abu	0.444974882212	0.301611074709	0.0338960133962	0.219518029684
-ŋeŋ	0.284848484848	0.351515151515	0.339393939394	0.0242424242424
-you	0.286610878661	0.569037656904	0.0502092050209	0.0941422594142
-ngo	0.295499021526	0.293542074364	0.352250489237	0.0587084148728
-yoo	0.133194530103	0.0223269873694	0.035342293702	0.809136188825
-yon	0.0265302255069	0.637104415388	0.0189501610764	0.317415198029
-yom	0.158385093168	0.54347826087	0.298136645963	0.0
-iem	0.0	1.0	0.0	0.0
-duŋ	0.0986872507574	0.22576890821	0.0754788026084	0.600065038424
-lok	0.006648199446	0.807940904894	0.0299168975069	0.155493998153
-pel	0.00385951370128	0.996140486299	0.0	0.0
-peo	0.0747198007472	0.850560398506	0.0747198007472	0.0
-ogu	0.351013955517	0.262483645879	0.184801569996	0.201700828609
-153	0.278422273782	0.0348027842227	0.0232018561485	0.663573085847
-eli	0.00837696335079	0.953926701571	0.0188481675393	0.0188481675392
-ogo	0.190455069938	0.251486757348	0.122024694903	0.436033477811
-oga	0.660531548506	0.0594621710357	0.0134830843536	0.266523196104
-ela	0.0	1.0	0.0	0.0
-iya	0.545505750769	0.0375316292265	0.00320983418583	0.413752785818
-ele	0.032	0.968	0.0	0.0
-loe	0.166666666667	0.708333333333	0.0416666666667	0.0833333333333
-gio	0.127141586004	0.39112067717	0.0118141895376	0.469923547289
-100	0.0	0.0738602521894	0.0255596998102	0.900580048
-esu	0.0255197917726	0.770741772438	0.0034680196004	0.200270416189
-diŋ	0.172396436301	0.749584738511	0.00906025066692	0.0689585745205
-ito	0.0384019263237	0.888738202651	0.0215189172733	0.0513409537516
-esi	0.0242980561555	0.975701943845	0.0	0.0
-uta	0.19124421693	0.529706474146	0.262688111658	0.0163611972659
-eso	0.454120274812	0.49971603311	0.0299648643952	0.016198827683
-iti	0.16562200956	0.688412328262	0.0112149945865	0.134750667591
-esa	0.389193548387	0.529516129032	0.0677419354838	0.0135483870968
-feŋ	0.126591862384	0.530731840276	0.304517027817	0.0381592695225
-ese	0.39941201176	0.42629147417	0.12389752205	0.0503989920201
-ita	0.0189275500079	0.963562381703	0.00158424427379	0.0159258240155
-spa	0.05	0.9	0.04	0.00999999999999
-nuŋ	0.243491285403	0.540059912854	0.109250181554	0.107198620189
-bru	0.00995024875625	0.958955223881	0.0273631840796	0.00373134328358
-udu	0.644595265684	0.269822877007	0.0200297963914	0.0655520609171
-ute	0.0795454545455	0.534090909091	0.318181818182	0.0681818181818
-fan	0.0	1.0	0.0	0.0
-666	0.0	0.0	0.0	1.0
-fas	0.0199667221298	0.965058236273	0.0	0.0149750415973
-uda	0.0190783863819	0.779619523239	0.142776972402	0.0585251179771
-suŋ	0.0763479983391	0.796817457778	0.0350231104879	0.0918114333948
-eed	0.102115244347	0.453683442743	0.44420131291	0.0
-bre	0.0229885057471	0.959982971477	0.0	0.0170285227757
-rio	0.470284237726	0.412821459333	0.0959763750462	0.0209179278947
-udi	0.0947119179163	0.735595895817	0.169692186267	0.0
-hum	0.0	1.0	0.0	0.0
--sa	0.291224686596	0.650916104147	0.0289296046287	0.0289296046287
-huo	0.36404494382	0.244943820225	0.148314606742	0.242696629214
-tis	0.0371819960861	0.937377690802	0.013698630137	0.0117416829746
-ŋke	0.175184995583	0.471210574467	0.254594009112	0.0990104208382
-wou	0.353285173719	0.522875816993	0.0103199174407	0.113519091847
-uto	0.892215568862	0.107784431138	0.0	0.0
-abe	0.362849046388	0.307702279286	0.0510759321362	0.27837274219
-gad	0.0	1.0	0.0	0.0
-aba	0.348736549066	0.364540392955	0.140756999839	0.14596605814
-woo	0.244891286578	0.737943436325	0.010299166258	0.00686611083865
-rom	0.086683498414	0.527373168468	0.185904490624	0.200038842494
-njo	0.343664289633	0.246640153593	0.186677180472	0.223018376303
-ejo	0.0322580645161	0.838709677419	0.0645161290323	0.0645161290323
-ron	0.017982017982	0.973026973027	0.00599400599402	0.002997002997
-ioo	0.187955878062	0.570413824166	0.0185366203165	0.223093677456
-tiŋ	0.234830664148	0.226308386544	0.179355412252	0.359505537056
-koe	0.0533172745032	0.820366317583	0.0186537020989	0.107662705815
-tua	0.145169160703	0.706815224463	0.0626219908914	0.0853936239428
-gba	0.464150943396	0.33962264151	0.105660377358	0.0905660377359
-dji	0.0312774305445	0.938185433125	0.0166566198166	0.0138805165138
-kob	0.0	1.0	0.0	0.0
-nce	0.219803801349	0.669834457388	0.0919681177192	0.0183936235438
-koo	0.392803598201	0.40179910045	0.124437781109	0.0809595202399
-kon	0.018691588785	0.943925233645	0.0373831775701	0.0
-koi	0.244454898681	0.263568727894	0.451710138867	0.0402662345582
-ael	0.0121741022123	0.955512232672	0.00920378861407	0.0231098765019
-aeo	0.0511251522888	0.153235317839	0.021578798044	0.774060731828
-oru	0.32072450255	0.103961892324	0.0124326064386	0.562880998687
-kou	0.0815998298619	0.753711802002	0.0781571916579	0.0865311764784
-sol	0.0332427556407	0.916742766777	0.0145444016304	0.0354700759516
-son	0.017199017199	0.982800982801	0.0	0.0
-soi	0.394719726031	0.507718650862	0.0637137130494	0.0338479100575
-oro	0.077237250741	0.706791130115	0.0928846256549	0.123086993489
-fji	0.0353200883002	0.9646799117	0.0	0.0
-soe	0.559444498398	0.136705559178	0.0452503503101	0.258599592114
-ora	0.072522705707	0.870543581402	0.0386335908906	0.0183001220008
-ore	0.0747223966827	0.0725530760345	0.00941673444339	0.843307792839
-kre	0.0796785616998	0.77560610188	0.14471533642	0.0
-nja	0.126239855726	0.765554553652	0.0649233543733	0.0432822362489
-eeŋ	0.357954545455	0.471590909091	0.136363636364	0.0340909090909
-rus	0.00516908343988	0.976058981963	0.00816171069456	0.0106102239029
-dge	0.0	0.944444444444	0.0555555555556	0.0
-lip	0.00428775607432	0.984278227727	0.0	0.0114340161982
-jeo	0.635623229462	0.311260623229	0.0212464589235	0.0318696883853
-rut	0.057671182717	0.737275723178	0.205053094105	0.0
-lis	0.0467792235724	0.90805462953	0.0451661468975	0.0
-ruk	0.0	1.0	0.0	0.0
-omi	0.283701447068	0.377760853008	0.265041888804	0.0734958111196
-lio	0.0	1.0	0.0	0.0
-omo	0.0261851339094	0.296715520122	0.241237408698	0.43586193727
-ruo	0.305173542895	0.428945645056	0.03798297315	0.2278978389
-rum	0.0365853658537	0.963414634146	0.0	0.0
-oma	0.135339088612	0.613463524262	0.0596092728623	0.191588114264
-rua	0.374062294742	0.0951360320808	0.0210818036206	0.509719869557
-lia	0.0	1.0	0.0	0.0
-ome	0.275762445295	0.375059833151	0.058009094639	0.291168626915
-rue	0.435190855276	0.170647070831	0.351296182894	0.0428658909982
-ioŋ	0.237329194898	0.617320867558	0.0828948862561	0.0624550512888
-odu	0.165580295148	0.608002604634	0.038666409747	0.187750690472
-aŋi	0.396758447753	0.217248359472	0.0398269202023	0.346166272572
-144	0.0	0.0793237971391	0.0	0.920676202861
-muŋ	0.216240963855	0.414698795181	0.187734939759	0.181325301205
-abi	0.412836241217	0.204112128961	0.0464880620364	0.336563567786
-oda	0.0824742268041	0.917525773196	0.0	0.0
-noŋ	0.15043529619	0.0430792016149	0.00790222712869	0.798583275067
-nji	0.114321151744	0.286702595338	0.0310776468404	0.567898606077
-rna	0.0	1.0	0.0	0.0
-odi	0.651579290133	0.190491696516	0.0293064148486	0.128622598502
-eam	0.065641025641	0.884786324786	0.00820512820513	0.0413675213675
-rni	0.0	1.0	0.0	0.0
-odo	0.208124163922	0.626041052344	0.0918283684067	0.0740064153277
-uri	0.18628319908	0.2857810331	0.0568543773198	0.4710813905
-gue	0.212540768269	0.63344418226	0.12497221157	0.0290428379001
-aaŋ	0.324041811847	0.150987224158	0.476190476191	0.0487804878049
-reŋ	0.148307096921	0.54717482836	0.0399613353263	0.264556739392
-ura	0.171075475205	0.639799645099	0.0530864837973	0.136038395899
-rga	0.0	0.995348837209	0.0	0.00465116279069
-ŋpu	0.0857951207254	0.839490025262	0.0115419444922	0.0631729095207
-rim	0.0	1.0	0.0	0.0
-ipe	0.331447293263	0.172265511332	0.043325034757	0.452962160647
-uru	0.28408559972	0.197660945137	0.0527475509734	0.46550590417
-zel	0.0271844660194	0.972815533981	0.0	0.0
-pai	0.0280528052806	0.934818481848	0.00495049504952	0.0321782178218
-dus	0.0	1.0	0.0	0.0
-ape	0.437324602432	0.346585594013	0.044901777362	0.171188026193
-ŋeo	0.0610354988074	0.604040970956	0.00771713203312	0.327206398204
-api	0.321468675532	0.21571619571	0.068205174471	0.394609954287
-pad	0.0	0.941176470588	0.0588235294118	0.0
-/10	0.160949868074	0.839050131926	0.0	0.0
-yoŋ	0.33316310985	0.204938081464	0.0667703752369	0.39512843345
-dua	0.279250328898	0.552526581405	0.0	0.168223089697
-wae	0.435897435897	0.102564102564	0.153846153846	0.307692307692
-due	0.209621228967	0.630568527166	0.103772885627	0.0560373582388
-apu	0.0798226864477	0.885241068514	0.0289661272151	0.00597011782296
-wan	0.0764087870105	0.746895893028	0.114613180516	0.062082139446
-pas	0.0308279506753	0.91599383441	0.0531782149148	0.0
-wai	0.0178748758689	0.928500496524	0.0208540218471	0.0327706057597
-pji	0.0014888337469	0.989578163772	0.0	0.00893300248138
-lus	0.0496124031008	0.936434108527	0.0046511627907	0.00930232558141
-keo	0.125346445387	0.677680569005	0.19371723378	0.00325575182823
-faŋ	0.166463777142	0.684247279865	0.101727863809	0.0475610791835
-kem	0.137142857143	0.828571428571	0.0342857142857	0.0
-kel	0.020202020202	0.979797979798	0.0	0.0
-sus	0.0403071017274	0.913027831094	0.0100767754319	0.0365882917467
-sop	0.288590604027	0.630872483222	0.0402684563759	0.0402684563759
-ŋgo	0.273832034252	0.316493920257	0.0509056803641	0.358768365127
-sos	0.108196721311	0.84262295082	0.0	0.0491803278689
-500	0.111111111111	0.197530864198	0.0493827160494	0.641975308642
-sue	0.707392910707	0.216775798368	0.0348977576179	0.0409335333065
-nus	0.0	0.983263598326	0.0167364016736	0.0
-sua	0.082191780822	0.917808219178	0.0	0.0
-fet	0.0660792951542	0.933920704846	0.0	0.0
-fes	0.182926829268	0.707317073171	0.0365853658537	0.0731707317073
-dio	0.248463088019	0.167922637748	0.0102025905708	0.573411683662
-ori	0.213955057367	0.314996939953	0.0515296474583	0.419518355222
-uqo	0.374736523814	0.424041074793	0.00873880401428	0.192483597379
-dis	0.0	0.969801021307	0.0240359218172	0.0061630568762
-feo	0.185074626866	0.731343283582	0.0507462686568	0.0328358208955
-sli	0.0	1.0	0.0	0.0
-uks	0.076726342711	0.865728900256	0.0383631713555	0.0191815856777
-ske	0.0850269597677	0.846121941103	0.0149315636665	0.0539195354625
-kos	0.0	1.0	0.0	0.0
-kim	0.0	1.0	0.0	0.0
-aeŋ	0.114694662046	0.835624217362	0.0214333556597	0.028247764932
-tuŋ	0.300932480457	0.387305488051	0.0557603838364	0.256001647655
-koŋ	0.0789360049005	0.0570214604538	0.0899887594899	0.774053775156
-ver	0.660377358491	0.339622641509	0.0	0.0
-rit	0.053175479081	0.917728504063	0.0150496638908	0.0140463529648
-soŋ	0.219545960012	0.655884288643	0.0705569970724	0.0540127542722
--oo	0.474045474045	0.246031746032	0.0729300729301	0.206992706993
-afa	0.531823252793	0.208196235155	0.20363492579	0.0563455862625
-uko	0.227114838617	0.156884833958	0.0347720180409	0.581228309384
-afe	0.490442420534	0.37708340833	0.0604773389971	0.0719968321394
--oi	0.150943396226	0.811320754717	0.0377358490566	0.0
-ait	0.0861799136114	0.840786261294	0.0511236775661	0.0219101475283
-ogâ	0.112009204241	0.822250378656	0.018495863917	0.0472445531865
-efa	0.44666346751	0.406622254841	0.0326031728109	0.114111104838
-ais	0.0117281475541	0.964815557338	0.0234562951083	0.0
-huŋ	0.294725956567	0.503619441572	0.124095139607	0.0775594622544
-nga	0.6	0.373333333333	0.0266666666666	0.0
-woŋ	0.468449635792	0.26701435283	0.0510753846817	0.213460626697
-aia	0.00417207491193	0.977748933803	0.00417207491192	0.0139069163731
-tia	0.0510003923107	0.917614750883	0.0196155355041	0.0117693213025
-aim	0.0	1.0	0.0	0.0
-ail	0.0140449438202	0.969101123596	0.0	0.0168539325843
-aio	0.135316420701	0.103980436815	0.018217064469	0.742486078016
-ain	0.0354076722701	0.948511110907	0.00504071428853	0.0110405025346
-tik	0.00831024930747	0.970914127424	0.0207756232687	0.0
-aŋo	0.504347826087	0.130434782609	0.365217391304	0.0
-jau	0.494845360825	0.223367697595	0.247422680412	0.0343642611683
-ema	0.243833899785	0.638445326295	0.0243036436478	0.0934171302713
-jas	0.0545368859493	0.840284834006	0.0116864755606	0.0934918044845
-uwa	0.567010309278	0.185567010309	0.0	0.247422680412
-emo	0.072904079878	0.747253958572	0.100869977838	0.0789719837112
-emi	0.223367697595	0.584192439862	0.192439862543	0.0
-aŋa	0.170902716915	0.77212971078	0.0482033304119	0.00876424189306
-260	0.032967032967	0.0741758241758	0.032967032967	0.85989010989
-emu	0.0945675741478	0.722282397192	0.0549798994301	0.12817012923
-jae	0.0137551581843	0.627464465842	0.358780375974	0.0
-egi	0.109071003052	0.621125423684	0.122967456774	0.14683611649
-aŋu	0.46515347235	0.381989296918	0.02398966599	0.128867564741
-das	0.00959881860693	0.969972926409	0.00147674132414	0.0189515136598
-eiŋ	0.458602604114	0.131379486782	0.0335426119057	0.376475297198
-set	0.0	1.0	0.0	0.0
-eŋe	0.106204534179	0.603679630632	0.043008316663	0.247107518526
