-100	0.0253049238043	0.228474132085	0.127930448122	0.618290495989
-heq	0.547563084081	0.17418581402	0.0109060747213	0.267345027178
-eus	0.0189125295508	0.912529550827	0.00472813238773	0.063829787234
-hel	0.218720139094	0.346102725111	0.174614008492	0.260563127303
-hem	0.0	1.0	0.0	0.0
-hen	0.350887299219	0.514757696672	0.0815168136188	0.0528381904906
-rbe	0.0444444444444	0.955555555556	0.0	0.0
-auq	0.484618997867	0.190812072143	0.0851211716178	0.239447758372
-aus	0.277777777778	0.722222222222	0.0	0.0
-aur	0.193848233902	0.799053574446	0.00405610951497	0.00304208213622
-aut	0.0	0.758064516129	0.0	0.241935483871
-ziy	0.447049250798	0.351111520511	0.0673974453451	0.134441783346
-mor	0.0383386581469	0.859424920128	0.0766773162939	0.0255591054313
-mub	0.132510301741	0.647358101821	0.0212016482786	0.198929948159
-zir	0.375491937842	0.576607371759	0.02136415769	0.0265365327096
-zip	0.791044776119	0.119402985075	0.0	0.089552238806
-ziq	0.267220902613	0.509069315483	0.110667242496	0.113042539408
-zin	0.431810330783	0.402619756585	0.0845241253191	0.0810457873131
-zim	0.512640203814	0.129854998048	0.0133377285517	0.344167069587
-bta	0.0973564227464	0.63246711955	0.204823291486	0.0653531662169
-auh	0.131090103082	0.435410991828	0.183143726967	0.250355178123
-zid	0.448265133369	0.173997608603	0.0997157526679	0.27802150536
-zib	0.0476190476191	0.886489479513	0.0481727574751	0.0177187153931
-aul	0.464516129032	0.458064516129	0.0387096774194	0.0387096774194
-aun	0.0121470099668	0.975394518272	0.0124584717608	0.0
--ub	0.0119487490579	0.926444726312	0.0421576377017	0.0194488869281
-nta	0.135337576433	0.362174746611	0.303396491756	0.199091185201
-nte	0.171312675032	0.374808944791	0.0209438695211	0.432934510655
ALL	0.243264390725	0.289769860468	0.0556205655325	0.411345183274
-dus	0.0626086956522	0.770434782609	0.0313043478261	0.135652173913
-wmo	0.0756985919287	0.329423453405	0.32372675538	0.271151199286
-pra	0.0740140464613	0.802809292274	0.123176661264	0.0
-nmo	0.121914591713	0.142196759873	0.10017393581	0.635714712604
-duw	0.0355786121714	0.867222675283	0.0063733115864	0.090825400959
-sis	0.076495132128	0.879462216041	0.0162262401483	0.0278164116829
-iks	0.0452893486162	0.871680178921	0.0343863572826	0.0486441151803
-smo	0.222898525303	0.364080154204	0.163689735242	0.249331585251
-opa	0.242592592593	0.622222222222	0.0	0.135185185185
-msa	0.315845393574	0.193271615267	0.0590589340617	0.431824057098
-deg	0.368503389536	0.583695463237	0.0391100295498	0.00869111767774
-dek	0.316031416988	0.53031473685	0.0253344432904	0.128319402871
-del	0.0462854738417	0.814858104633	0.138856421525	0.0
-nag	0.37287600567	0.0774544308941	0.0455473029206	0.504122260515
-ima	0.213024190173	0.600736586591	0.113417594375	0.0728216288608
-deq	0.827858081472	0.172141918528	0.0	0.0
-der	0.0558139534884	0.311627906977	0.409302325581	0.223255813953
-des	0.0258064516129	0.858064516129	0.103225806452	0.0129032258064
-ime	0.173534518135	0.443366267875	0.198964613782	0.184134600208
-nad	0.321834603734	0.160669242757	0.03296342957	0.48453272394
-imi	0.194350282486	0.552542372881	0.0994350282486	0.153672316384
-lgo	0.472773585813	0.379679915413	0.0961214975729	0.0514250012016
-sit	0.249522807332	0.125098328823	0.0602501456941	0.565128718151
-imo	0.176365113573	0.135231294888	0.177464764532	0.510938827006
-naz	0.0199004975124	0.965174129353	0.0149253731343	0.0
-bit	0.143125919591	0.643176970796	0.00800758735643	0.205689522256
-biq	0.0966582398483	0.860463738347	0.00596460736293	0.0369134144415
-muy	0.11494808302	0.826181243886	0.00683583391281	0.0520348391811
-ymo	0.32128650432	0.293106381117	0.0779408174499	0.307666297113
-biy	0.271482861641	0.490375509862	0.0388596324665	0.199281996031
-bid	0.12386335709	0.85361603253	0.02252061038	0.0
-nay	0.460412856023	0.406867868653	0.0410460761258	0.0916731991987
-bin	0.253385510277	0.414636500326	0.10362396116	0.228354028237
-bim	0.874984231109	0.0510912072663	0.0214456919389	0.0524788696859
-teq	0.0584624472209	0.00795234976135	0.00199413506228	0.931591067955
-rid	0.453107458422	0.283291000436	0.182572273631	0.0810292675103
-uta	0.0	1.0	0.0	0.0
-rib	0.394159966889	0.526909571936	0.0172792048996	0.061651256276
-qmo	0.225382337053	0.16143053426	0.0869733065818	0.526213822106
-ute	0.0926587847127	0.833562459903	0.0348272385666	0.0389515168178
-rin	0.38117913991	0.532232018432	0.0576474625172	0.0289413791413
-tez	0.17373319545	0.82626680455	0.0	0.0
-rim	0.497447326366	0.350834834301	0.0694287991351	0.0822890401973
-rik	0.0168067226891	0.56279178338	0.405929038282	0.0144724556489
-tea	0.0	1.0	0.0	0.0
-rit	0.73429516881	0.129171822013	0.0248648555915	0.111668153586
-rir	0.107160985881	0.710101332932	0.155665432122	0.0270722490647
-ris	0.270175438597	0.638596491228	0.0701754385964	0.0210526315789
-riq	0.122548463893	0.741639269924	0.126969731323	0.00884253485999
-mur	0.255764631709	0.638903238691	0.0293451153917	0.0759870142088
-zgo	0.36642865799	0.357684868756	0.108514505926	0.167371967328
-ten	0.732125582623	0.11639257761	0.122900360566	0.0285814792015
-riy	0.570816280881	0.228930037502	0.0660727670541	0.134180914563
-ard	0.015873015873	0.809523809524	0.174603174603	0.0
-wal	0.498500502216	0.368976221619	0.0570915006692	0.0754317754956
-meq	0.309146896199	0.209488651445	0.0912688723295	0.390095580026
-ara	0.546794399411	0.424733704026	0.0231124807396	0.00535941582367
-mes	0.118518518519	0.844444444444	0.0296296296296	0.00740740740741
-qta	0.400217200801	0.267188293815	0.113222952396	0.219371552988
-dsa	0.496613995485	0.397291196388	0.0519187358916	0.0541760722348
-lut	0.298566878981	0.180931528662	0.00358280254776	0.516918789809
-ari	0.0359662890324	0.00687538057955	0.00131047614311	0.955847854245
-gya	0.365423358084	0.105767570368	0.0159730616474	0.5128360099
-luw	0.435144824307	0.313836911137	0.0795668412932	0.171451423263
-sik	0.229704216488	0.464443045941	0.234109502832	0.0717432347388
-luk	0.0134028294862	0.912137006701	0.0655249441549	0.00893521965748
-lul	0.158433347621	0.525042863266	0.15117873982	0.165345049293
-lum	0.368618462758	0.314563433244	0.0335519933122	0.283266110685
-lun	0.0	1.0	0.0	0.0
-meb	0.158920167852	0.251325160892	0.101650940141	0.488103731114
-mel	0.0803127221038	0.876332622601	0.0191897654584	0.0241648898365
-men	0.168490721059	0.163191158757	0.0163621806486	0.651955939535
-mek	0.0	1.0	0.0	0.0
-eko	0.279935438313	0.167120616026	0.0553818218501	0.497562123811
-aya	0.0231652830411	0.938275063775	0.0142294704868	0.0243301826976
-rah	0.0294745835113	0.935680722524	0.000976383718801	0.0338683102459
-tyu	0.0325358851675	0.967464114833	0.0	0.0
-law	0.262206437666	0.528697165799	0.165958701237	0.0431376952988
-yus	0.0531123858084	0.9194108066	0.00963104595992	0.0178457616316
-gol	0.00573755737558	0.924529052983	0.0662025851028	0.00353080453882
-gin	0.119860990152	0.678284546592	0.0438151669729	0.158039296283
-yut	0.0	1.0	0.0	0.0
-vit	0.00374451088744	0.967105039204	0.000680820161355	0.0284696297473
-moy	0.376190476191	0.595238095238	0.0	0.0285714285714
-kem	0.372739089859	0.128516354102	0.0464292062927	0.452315349747
-ota	0.288259356159	0.434382633516	0.189388515709	0.0879694946165
-ija	0.00752908966461	0.992470910335	0.0	0.0
-oti	0.0355587644683	0.903973285801	0.0108300805487	0.0496378691817
-gig	0.0780380622637	0.868119525003	0.0109934169769	0.042848995756
-otu	0.117843743623	0.783087138753	0.0502566598119	0.048812457812
-umi	0.0377358490566	0.811320754717	0.0	0.150943396226
-kib	0.239162820854	0.56267369901	0.091024655698	0.107138824438
-siy	0.537097096163	0.141399665032	0.0496404643704	0.271862774435
-gid	0.533506619597	0.212382987423	0.0410527744191	0.213057618561
-nan	0.385394217005	0.188185788513	0.0430967811782	0.383323213304
-nal	0.288133943347	0.676822739219	0.0116811058114	0.0233622116227
-nam	0.366092814371	0.292327844311	0.136452095808	0.205127245509
-nab	0.198554944333	0.138435794145	0.00911813957989	0.653891121942
-siq	0.526863640003	0.405877171911	0.0	0.0672591880855
-sip	0.0195517405818	0.936838340486	0.0185979971388	0.025011921793
-zun	0.12972972973	0.686486486487	0.0594594594595	0.124324324324
-kin	0.25112757732	0.402545103093	0.0460695876289	0.300257731959
-kim	0.560522965429	0.335177749486	0.0275438252865	0.0767554597983
-nsa	0.408204378705	0.242844170289	0.0797535412837	0.269197909722
-kis	0.0487331308393	0.916971048483	0.0166096351263	0.0176861855512
-sih	0.541575347246	0.24952886159	0.0743875200671	0.134508271096
-sin	0.145724411722	0.414182541462	0.0219066531377	0.418186393678
-sim	0.292147599042	0.0776418747792	0.0534667539134	0.576743772265
-sil	0.11607245792	0.768298218815	0.0814575167166	0.0341718065483
-nar	0.239745403112	0.760254596888	0.0	0.0
-sib	0.178958624439	0.698833181322	0.0570829083753	0.0651252858638
-kiy	0.835221421215	0.0937178166839	0.0123583934089	0.0587023686921
-naq	0.0704167244695	0.0468794056599	0.00588563329913	0.876818236572
-naw	0.128239385239	0.783317699006	0.0397396173854	0.0487032983693
-ysa	0.264418333596	0.279960735126	0.115463260197	0.340157671081
-sid	0.554612210138	0.171080810835	0.0981392538731	0.176167725154
-goh	0.197321692809	0.703832494821	0.0372891387985	0.0615566735721
-mot	0.560407569141	0.139737991266	0.264919941776	0.0349344978166
-mos	0.189885395857	0.760908421827	0.0378509094733	0.011355272842
-wun	0.344855406196	0.471846535625	0.0736780971901	0.109619960988
-moq	0.356999716465	0.353645350262	0.206759672637	0.0825952606362
-gon	0.0714089535842	0.458115902225	0.460587750618	0.00988739357323
-wub	0.477667825622	0.425514843541	0.0128376571276	0.0839796737096
-god	0.0891982100812	0.74731833029	0.00886358035611	0.154619879272
-gog	0.0525328330207	0.91119449656	0.0125078173859	0.0237648530332
-lki	0.0	1.0	0.0	0.0
-mon	0.013590784154	0.978110081545	0.00418763657405	0.00411149772726
-mom	0.55226679713	0.131462002609	0.202625570776	0.113645629485
-mol	0.559210526316	0.294768934531	0.0738125802311	0.0722079589217
-wuq	0.219224561057	0.502454129196	0.0968475145765	0.181473795171
-lka	0.176330420969	0.776012708499	0.0190627482129	0.0285941223193
-yaq	0.474680720448	0.245945351589	0.100271125815	0.179102802148
-yas	0.0452516609417	0.922455108295	0.0218030729991	0.0104901577637
-pok	0.0622119815668	0.86866359447	0.0414746543779	0.0276497695853
-ber	0.0	1.0	0.0	0.0
-beq	0.0470625561842	0.771191370102	0.113690444715	0.068055628999
-yay	0.434402243492	0.373254892398	0.0999817106627	0.0923611534475
-mfa	0.0408163265306	0.959183673469	0.0	0.0
-bet	0.0842985842986	0.85178035178	0.038181038181	0.02574002574
-got	0.195608782435	0.744510978044	0.0359281437126	0.0239520958084
-yad	0.458778758548	0.228205161309	0.0873235966773	0.225692483465
-yag	0.321160090607	0.071689035408	0.0283117008588	0.578839173126
-ben	0.121613039138	0.726386058223	0.0235783075229	0.128422595116
-bel	0.122324159021	0.587354541483	0.264108979705	0.0262123197903
-yab	0.185906824671	0.483585578388	0.131078661992	0.199428934949
-yam	0.481026657773	0.261972557793	0.124278391125	0.132722393309
-bea	0.0	0.793103448276	0.206896551724	0.0
-yah	0.225983797859	0.262463540661	0.241499727085	0.270052934395
-iso	0.0541310541311	0.942070275404	0.0	0.00379867046533
-rek	0.0358354537744	0.803435114504	0.00169635284139	0.15903307888
-reh	0.505231689088	0.235010795549	0.107955489121	0.151802026241
-ren	0.174507559542	0.605798866112	0.0283932381715	0.191300336174
-rel	0.0394347073319	0.857532166796	0.0130331498196	0.089999976053
-reb	0.178733717055	0.775825507422	0.036352620418	0.00908815510453
-lya	0.702819956616	0.0477223427332	0.162689804772	0.0867678958785
-isa	0.0236059439114	0.959369492853	0.00402497661162	0.012999586624
-rey	0.309039280644	0.374822527212	0.245149077142	0.0709891150024
-res	0.348111145801	0.414784750407	0.135983626461	0.10112047733
-req	0.534750835378	0.315451557109	0.0866076845756	0.0631899229369
-rew	0.349912594114	0.541395210439	0.0400444930594	0.0686477023876
-ret	0.0385770258294	0.944770319971	0.00895932272713	0.00769333147222
-may	0.659549133468	0.146055213751	0.0401012236318	0.154294429149
-qos	0.427518480997	0.0944721533039	0.0143867747925	0.463622590907
-hab	0.110450088458	0.780800023989	0.0330594620528	0.0756904255001
-maz	0.113559328126	0.82245594108	0.0536111600355	0.0103735707585
-eqe	0.056063239334	0.0885799181477	0.0319560464204	0.823400796098
-maq	0.391696551159	0.278690137093	0.0827885817332	0.246824730015
-ame	0.185591476223	0.300917087091	0.263970667133	0.249520769553
-mas	0.0430593786865	0.948092803775	0.000589854502557	0.00825796303578
-mar	0.686564523304	0.236254793762	0.0128391455868	0.064341537347
-ham	0.0742539779144	0.117553186085	0.00147664398697	0.806716192014
-han	0.195248869079	0.418579060716	0.168537693435	0.217634376769
-haq	0.238618574844	0.100730768431	0.0150457278387	0.645604928887
-har	0.211998305607	0.260695448717	0.0368389226864	0.49046732299
-has	0.508301254424	0.154519512365	0.0751422804491	0.262036952762
-mam	0.0735016190891	0.860100601032	0.0120034355755	0.0543943443037
-jud	0.0298507462687	0.925373134328	0.044776119403	0.0
-man	0.464262657117	0.232367563726	0.0243638803264	0.279005898831
-hay	0.383734693438	0.171404796235	0.02686494358	0.417995566746
-haz	0.0	1.0	0.0	0.0
-mab	0.226253654066	0.488948229335	0.0231958393516	0.261602277248
-mad	0.21468581843	0.111509539962	0.0257526881157	0.648051953493
-kgo	0.307042253521	0.692957746479	0.0	0.0
-eor	0.196721311475	0.803278688525	0.0	0.0
-nka	0.413587604291	0.555423122765	0.00953516090585	0.0214541120381
-pta	0.0	1.0	0.0	0.0
-nki	0.0276595744681	0.947234042553	0.00255319148936	0.0225531914894
-gag	0.37759212293	0.559003431299	0.0484857526481	0.0149186931225
-gad	0.298818634178	0.224325333762	0.0514878656328	0.425368166427
-tra	0.148936170213	0.68085106383	0.170212765957	0.0
-gab	0.308683654298	0.378111789573	0.05445631752	0.25874823861
-eon	0.030835357877	0.952345356008	0.0112128574098	0.0056064287049
-gan	0.302686169156	0.232920772212	0.032485469927	0.431907588705
-gam	0.0946241104878	0.0863804150225	0.0248138654632	0.794181609026
-gal	0.217741935484	0.459677419355	0.0	0.322580645161
-tri	0.195423125965	0.519696664653	0.0674451379102	0.217435071472
-adi	0.0	1.0	0.0	0.0
-gaw	0.023775704633	0.920627135953	0.0417534325058	0.0138437269083
-lal	0.563717629019	0.188767089179	0.0906862050221	0.156829076781
-144	0.0109090909091	0.109090909091	0.0	0.88
-gat	0.0	1.0	0.0	0.0
-gar	0.0	0.981072555205	0.018927444795	0.0
-gaq	0.479335519874	0.330748772162	0.0564059245039	0.13350978346
-usa	0.0	1.0	0.0	0.0
-gay	0.465808034345	0.354185832567	0.081876724931	0.098129408157
-sen	0.178878826895	0.628017993815	0.10028858941	0.09281458988
-sel	0.0405958705564	0.870686335705	0.0301437519359	0.0585740418028
-sek	0.0	1.0	0.0	0.0
-ina	0.162752361353	0.626507902543	0.148298332814	0.06244140329
-bem	0.0953559470083	0.402533119814	0.180521182123	0.321589751056
-sea	0.0549115314216	0.87187309335	0.0366076876144	0.0366076876144
-ing	0.0364165180409	0.903849636438	0.0236520784744	0.0360817670462
-beb	0.165667939928	0.04562986144	0.0677456399246	0.720956558708
--mo	0.120305640895	0.756302825334	0.032881072224	0.0905104615471
-sey	0.295734985408	0.606062157596	0.0506886488147	0.0475142081819
-beg	0.111226122142	0.739625482262	0.095511433142	0.0536369624541
-set	0.0	1.0	0.0	0.0
-ses	0.0414170265597	0.928398875763	0.00624880987744	0.0239352878002
-ser	0.0	1.0	0.0	0.0
-seq	0.385357378376	0.167927847034	0.0625210180582	0.384193756532
-hsa	0.358678523435	0.124614114407	0.0532722523272	0.46343510983
-rsa	0.426296554047	0.21029935562	0.0444312028809	0.318972887452
-yan	0.235528872301	0.137538485683	0.0397454061242	0.587187235892
-qgo	0.139713574605	0.0845812735242	0.0240512721713	0.751653879699
-ney	0.332713754647	0.628252788104	0.0390334572491	0.0
-net	0.638959584466	0.144618620796	0.171289499284	0.0451322954545
-ner	0.0483843096596	0.193594839007	0.758020851333	0.0
-nes	0.0111731843575	0.888268156425	0.0558659217877	0.0446927374301
-neq	0.472199015685	0.241320213204	0.0509830351613	0.23549773595
-nen	0.112637133107	0.775310577967	0.0509714197574	0.0610808691684
-nem	0.413370998117	0.279661016949	0.139359698682	0.167608286252
-fus	0.0	0.960784313725	0.0392156862745	0.0
-neh	0.285920317289	0.0587705065802	0.0320894177032	0.623219758428
-neg	0.502224727724	0.333640518099	0.0629123551381	0.101222399039
-ned	0.0249426424467	0.923698667621	0.022522048454	0.0288366414785
-mta	0.436522361579	0.232244130568	0.0852083049251	0.246025202928
-kuh	0.45643153527	0.50622406639	0.00622406639004	0.0311203319502
-ban	0.0466564329796	0.551444911593	0.0303307911012	0.371567864327
-eka	0.125714285714	0.794285714286	0.0571428571429	0.0228571428571
-bam	0.534693877551	0.220408163265	0.0	0.244897959184
-hod	0.0817361182799	0.814528061663	0.0634297970935	0.0403060229632
-bag	0.631731913747	0.116209238592	0.0236079746313	0.22845087303
-bad	0.276074117342	0.375535436137	0.266176661475	0.0822137850467
-bab	0.154004414594	0.672277246149	0.0308792518791	0.142839087378
-hol	0.564972075241	0.0719877837156	0.0140796554938	0.34896048555
-hor	0.0	1.0	0.0	0.0
-hos	0.0448305821025	0.936403127715	0.00834057341442	0.010425716768
-jon	0.0205170329214	0.930359301886	0.0105215553443	0.0386021098487
-bay	0.176669448648	0.430932971005	0.330863198208	0.0615343821387
-gsa	0.35524678718	0.237574656944	0.0624718559767	0.344706699899
-bas	0.0154029076366	0.972842241799	0.00364805707183	0.00810679349294
-job	0.0	0.840255591054	0.127795527157	0.0319488817891
-baq	0.474978153219	0.294698514419	0.0639965045149	0.166326827847
-dru	0.00391964723175	0.994610485056	0.0	0.0014698677119
-ase	0.0	1.0	0.0	0.0
-isi	0.0115525000886	0.979978028988	0.0016655444913	0.00680392643255
-asa	0.00860832137735	0.939741750359	0.0	0.051649928264
-yeq	0.527790143161	0.175042572803	0.0725407880526	0.224626495984
-153	0.224299065421	0.0560747663551	0.0280373831775	0.691588785047
-asi	0.0	0.901315789474	0.0986842105263	0.0
-quq	0.500356708213	0.324982164589	0.0713416425364	0.103319484662
-qus	0.432895197479	0.24384965469	0.0694440024187	0.253811145412
-lsa	0.493851706038	0.189230322834	0.0744302062906	0.242487764838
-yem	0.0	1.0	0.0	0.0
-yel	0.0308731307284	0.967679691269	0.0	0.00144717800289
-quw	0.451532430506	0.438702779758	0.0598717034925	0.0498930862437
-yen	0.0659340659341	0.934065934066	0.0	0.0
-lta	0.275992789073	0.496366027814	0.0823388985986	0.145302284515
-zoq	0.345088161209	0.332493702771	0.287153652393	0.0352644836272
-zor	0.0	1.0	0.0	0.0
-ray	0.473838630807	0.304645476773	0.178239608802	0.0432762836186
-raw	0.586666666667	0.342222222222	0.0177777777778	0.0533333333333
-430	0.298429319372	0.0	0.0	0.701570680628
-ras	0.00356083086054	0.928783382789	0.0284866468842	0.0391691394658
-wgo	0.443564141524	0.433796396787	0.0260473192967	0.096592142392
-raq	0.0429516758455	0.122955673853	0.0291681261734	0.804924524128
-ran	0.236627033872	0.278730221595	0.0468984061279	0.437744338405
-eri	0.0	1.0	0.0	0.0
-ram	0.455836325979	0.338502778972	0.0647576867884	0.140903208261
-rak	0.170394036209	0.731096911608	0.0692225772097	0.0292864749734
-iwe	0.167368780599	0.673232380736	0.0701354890129	0.0892633496527
-ero	0.0409448818897	0.940157480315	0.0188976377953	0.0
-era	0.347789963443	0.207045530076	0.0196743104021	0.425490196078
-rad	0.497247233088	0.178171157671	0.0415607266648	0.283020882577
-rab	0.256706316653	0.0933483729833	0.112793956795	0.537151353568
-zmo	0.202815878306	0.379419839337	0.232882803487	0.18488147887
-doq	0.134526558891	0.125866050808	0.0173210161663	0.722286374134
-bsa	0.418032786885	0.289493293592	0.150149031297	0.142324888227
-pol	0.0345718454549	0.864907000326	0.00155770308172	0.098963451137
-aza	0.166666666667	0.583333333333	0.0416666666666	0.208333333333
-lad	0.461286032268	0.280079844741	0.0680985737257	0.190535549265
-noy	0.741024413595	0.165150789852	0.0737194830063	0.0201053135472
-ike	0.0	1.0	0.0	0.0
-lab	0.382539955319	0.378873804205	0.0914246434095	0.147161597067
-iko	0.0130718954248	0.986928104575	0.0	0.0
-lam	0.534968667613	0.121311124101	0.00310196819201	0.340618240094
-lan	0.439271908992	0.148731043519	0.0645029508818	0.347494096607
-nos	0.0	1.0	0.0	0.0
-lah	0.596669549233	0.0690077742385	0.0069094685793	0.327413207949
-lak	0.0412311684567	0.958768831543	0.0	0.0
-lat	0.0442747809369	0.884709949347	0.0427958738492	0.0282193958665
-fos	0.0666666666667	0.933333333333	0.0	0.0
-lap	0.291925465839	0.577639751553	0.130434782609	0.0
-laq	0.569318516214	0.10354134775	0.0187651146549	0.308375021381
-non	0.18782961916	0.66040438413	0.0609280732782	0.0908379234313
-las	0.0279617614589	0.907297943992	0.0511372754607	0.0136030190881
-nob	0.520495185695	0.34552957359	0.00990371389269	0.124071526823
-doy	0.0709219858156	0.893617021277	0.00851063829789	0.0269503546099
-lay	0.313384121914	0.20056755301	0.0150061230341	0.471042202041
-nog	0.0828611227638	0.0563933775902	0.00427713147693	0.856468368169
--ib	0.0467749213624	0.897699548434	0.0408506522784	0.0146748779253
-myu	0.00682593856655	0.974971558589	0.00455062571103	0.0136518771331
-gen	0.0286150324304	0.904616558566	0.0438763830599	0.0228920259443
-gem	0.152511067818	0.503623208217	0.086050238265	0.2578154857
-gel	0.104315944294	0.735188753611	0.0158454598927	0.144649842203
-bol	0.776851708311	0.0716823995303	0.0118280422637	0.139637849895
-bon	0.0110586801863	0.984517847739	0.00442347207451	0.0
-zta	0.372707603544	0.436044714609	0.124536369256	0.0667113125902
-bok	0.0	0.983870967742	0.0	0.0161290322581
-mya	0.348387096774	0.154838709677	0.290322580645	0.206451612903
-dob	0.0502781062497	0.250897823326	0.0167520693733	0.682072001051
-don	0.0607354510987	0.842179850554	0.0362572238378	0.0608274745095
-ger	0.0845693986187	0.0585992588716	0.0340476023088	0.822783740201
-geq	0.495121056847	0.241905033931	0.0363122254378	0.226661683783
-dom	0.570409312805	0.418982350732	0.00262861434472	0.00797972211791
-dok	0.0	1.0	0.0	0.0
-doh	0.342300556586	0.192331478046	0.262832405689	0.202535559678
-get	0.0	1.0	0.0	0.0
-sas	0.0676691729323	0.887218045113	0.0225563909774	0.0225563909774
-sar	0.0	1.0	0.0	0.0
-saq	0.576963560251	0.124565012614	0.0604837317246	0.23798769541
-saw	0.114527045889	0.216932370317	0.0140120239932	0.654528559801
-sat	0.0	1.0	0.0	0.0
-ton	0.345935298082	0.106514258398	0.0650280026169	0.482522440903
-say	0.577989707564	0.208911942493	0.0463568044437	0.166741545499
-tok	0.227164416203	0.265687053217	0.454725972994	0.0524225575854
-lfa	0.111960191932	0.877376932646	0.0106628754221	0.0
-ges	0.0213903743316	0.946524064171	0.0320855614973	0.0
-qan	0.349621843541	0.158296312893	0.048050000031	0.444031843536
-tor	0.268292682927	0.378048780488	0.207317073171	0.146341463415
-ibi	0.266666666667	0.733333333333	0.0	0.0
-sad	0.228708950581	0.0875208367449	0.0385593152837	0.645210897391
-sak	0.00799872020476	0.978403455447	0.00239961606143	0.0111982082867
-had	0.42835666422	0.192811693078	0.058586840007	0.320244802695
-400	0.166666666667	0.0833333333333	0.0714285714286	0.678571428571
-san	0.259215179633	0.536832753036	0.0492981759467	0.154653891384
-sam	0.301957709156	0.244821805203	0.047455518901	0.405764966741
-rot	0.122742955636	0.804040090774	0.0525512988349	0.0206656547553
-kag	0.342657342657	0.568181818182	0.0	0.0891608391608
-lom	0.52356381149	0.270037839697	0.0412796697627	0.165118679051
-lok	0.0	0.828067597355	0.0231447465099	0.148787656135
-ror	0.0270177303019	0.925705926206	0.0124394523643	0.0348368911274
-air	0.00226928895613	0.988653555219	0.0	0.0090771558245
-boy	0.0330931019268	0.962494484483	0.00441241359022	0.0
-loy	0.0	0.993273542601	0.0067264573991	0.0
-low	0.081170363379	0.876356772062	0.0283152430392	0.0141576215196
-ron	0.0117600940808	0.971775774206	0.0164641317131	0.0
-roh	0.0872471568713	0.873686951992	0.0390658911364	0.0
-los	0.40027952834	0.40708501316	0.05748992104	0.13514553746
-loq	0.726154482439	0.135186880186	0.0256478404394	0.113010796936
-ipa	0.022592272935	0.969284662639	0.00507691526629	0.00304614915976
-ida	0.0142180094787	0.985781990521	0.0	0.0
-mat	0.0701353950896	0.384620399819	0.0015834767679	0.543660728324
-ewa	0.0	1.0	0.0	0.0
-tob	0.53256302521	0.281512605042	0.109243697479	0.0766806722689
-det	0.0701754385965	0.929824561404	0.0	0.0
-awa	0.448422583569	0.0913562125117	0.0174971545508	0.442724049368
-mak	0.0253456221198	0.97465437788	0.0	0.0
-awe	0.0389178576935	0.817928709956	0.00742740364464	0.135726028706
-qya	0.583279409861	0.157564384625	0.0181182865278	0.241037918985
-hat	0.185471406492	0.814528593508	0.0	0.0
-nas	0.0255790819952	0.96589455734	0.0	0.00852636066505
-276	0.0	0.1875	0.0	0.8125
-haw	0.478771142561	0.119548958693	0.0644344724427	0.337245426303
-tim	0.53731077958	0.205657281662	0.0244198060457	0.232612132712
-sta	0.529870028917	0.159214576661	0.120525204786	0.190390189636
-yyo	0.218644882268	0.629985583854	0.0	0.151369533878
-tow	0.477375946173	0.324362209139	0.0241098962714	0.174151948416
-qne	0.158193358526	0.0510536859792	0.0264308289977	0.764322126497
-qaq	0.439459178993	0.167317165842	0.0690077269127	0.324215928252
-red	0.0896159317212	0.842105263158	0.068278805121	0.0
-200	0.0355255966478	0.308799417016	0.053743851339	0.601931134997
-ngo	0.133385191433	0.120296488169	0.0341131370616	0.712205183337
-leh	0.506885519785	0.201567017742	0.0515535560493	0.239993906423
-mug	0.352558007323	0.534500119107	0.0622161189393	0.0507257546307
-lek	0.1662518666	0.686411149826	0.0995520159283	0.0477849676456
-lel	0.301412872841	0.56043956044	0.0565149136578	0.0816326530612
-lem	0.282127697982	0.636260585616	0.0156122221396	0.0659994942625
-len	0.524918783778	0.256605835591	0.0303905864036	0.188084794227
-leo	0.0	0.654676258993	0.237410071942	0.107913669065
-lea	0.0	1.0	0.0	0.0
-mun	0.302836194646	0.35939865586	0.136770658351	0.200994491143
-muk	0.237050938369	0.343039095721	0.00381769190541	0.416092274005
-yta	0.406344760609	0.264184098577	0.0817858457299	0.247685295084
-ley	0.394580863675	0.207451312447	0.306519898391	0.0914479254869
-muq	0.534311938765	0.134696312005	0.031478842904	0.299512906326
-mus	0.0679166666667	0.894583333333	0.0025	0.035
-ibe	0.499298227374	0.248999324219	0.131517388366	0.120185060041
-leq	0.529668295122	0.328725249222	0.0415620547178	0.100044400938
-les	0.555673570544	0.3912196849	0.0106213489113	0.0424853956453
-let	0.318352059925	0.63670411985	0.0449438202247	0.0
-muz	0.484275436842	0.2898271739	0.0616992773066	0.164198111951
-wit	0.174754729755	0.629735002592	0.0388375785325	0.156672689121
-giy	0.355642790653	0.219542902008	0.0332147889488	0.39159951839
-gis	0.0430622009569	0.583732057416	0.0	0.373205741627
-giq	0.347764371895	0.630943931867	0.0212916962385	0.0
-ole	0.196475007223	0.557931233747	0.0693441201965	0.176249638833
-alo	0.305131761442	0.694868238558	0.0	0.0
-gim	0.490872474196	0.145371770993	0.0310057981877	0.332749956623
-faq	0.0863508200627	0.788197450459	0.0254954132084	0.0999563162702
-ali	0.0547588005215	0.816166883964	0.0	0.129074315515
-nda	0.0161290322581	0.983870967742	0.0	0.0
-ald	0.0454545454546	0.742424242424	0.212121212121	0.0
-ale	0.580294802172	0.249030256012	0.0868890612878	0.0837858805276
-nde	0.0	0.826384142174	0.0	0.173615857826
-gib	0.0701648399067	0.616774957156	0.00844542529189	0.304614777645
-lon	0.705331936578	0.0341810852653	0.00713651184942	0.253350466307
-120	0.0344827586207	0.103448275862	0.0	0.862068965517
-yos	0.0	0.963414634146	0.0365853658537	0.0
-abu	0.334669338677	0.605210420842	0.0601202404809	0.0
-yow	0.0760528604555	0.217729131191	0.03334768158	0.672870326774
-qon	0.650793650794	0.277777777778	0.0	0.0714285714286
-yok	0.571428571429	0.275510204082	0.102040816327	0.0510204081633
-qor	0.736263736264	0.263736263736	0.0	0.0
-row	0.015671641791	0.910447761194	0.0492537313433	0.0246268656716
-yon	0.326449753867	0.28778057862	0.0540924612945	0.331677206219
-qot	0.542906611839	0.257764311222	0.110377664755	0.0889514121848
-qoy	0.551083591331	0.377708978328	0.046439628483	0.0247678018575
-iel	0.0682926829268	0.89756097561	0.0341463414634	0.0
-mgo	0.317087135492	0.221584739636	0.0987480760607	0.362580048811
-nat	0.439836806062	0.462246830832	0.040215649133	0.0577007139734
-pel	0.0345768235502	0.822478151373	0.00225949192768	0.140685533149
-iyo	0.0	1.0	0.0	0.0
-eli	0.046908315565	0.940298507463	0.0127931769723	0.0
-zuq	0.449541284404	0.330275229358	0.128440366972	0.0917431192661
-elo	0.00777099552091	0.972512598538	0.00630364665959	0.0134127592812
-ela	0.0	1.0	0.0	0.0
-iya	0.0186018957346	0.828578199052	0.0184360189573	0.134383886256
-rig	0.205345065515	0.648321469073	0.120509912692	0.0258235527197
-ter	0.156996587031	0.631399317406	0.184300341297	0.0273037542662
-esi	0.0	1.0	0.0	0.0
-tes	0.0680100755668	0.901763224181	0.0	0.0302267002519
-hgo	0.467977811397	0.280946182083	0.0519532303651	0.199122776156
-tet	0.241446453408	0.625869262865	0.115159944367	0.0175243393602
-esa	0.0	1.0	0.0	0.0
-ite	0.156647090873	0.795391824514	0.0394518599236	0.00850922468941
-ita	0.041919779147	0.919530438784	0.0051917851658	0.0333579969036
-spa	0.0384615384615	0.923076923077	0.0384615384616	0.0
-bru	0.00921071276748	0.92525152331	0.0212554910018	0.0442822729205
-uel	0.0	1.0	0.0	0.0
-fak	0.202702702703	0.797297297297	0.0	0.0
-fan	0.0627384059426	0.825737803654	0.110519975908	0.00100381449508
-666	0.03	0.0	0.0	0.97
-fas	0.0338983050848	0.935593220339	0.00406779661017	0.0264406779661
-uda	0.0484797160434	0.748630054718	0.134469149643	0.068421079596
-fat	0.00846660395106	0.991533396049	0.0	0.0
-bbi	0.596	0.264	0.0	0.14
-woy	0.353490125842	0.315077532168	0.169675260404	0.161757081586
-hum	0.0	1.0	0.0	0.0
-hun	0.403230817024	0.408757214565	0.0691617207044	0.118850247707
-tal	0.427230046948	0.441314553991	0.0422535211268	0.0892018779342
-woq	0.551295878787	0.218307983185	0.0484143433543	0.181981794673
-wow	0.435789005119	0.564210994881	0.0	0.0
-abe	0.415059221658	0.273265651438	0.118104906937	0.193570219966
-hib	0.061251788676	0.0124220022474	0.00879226300395	0.917533946073
-ait	0.0989960202605	0.845038892909	0.0338277858176	0.022137301013
-wom	0.467988615394	0.119319425766	0.0450380008132	0.367653958027
-wol	0.643105232043	0.155330222541	0.0254423377391	0.176122207677
-huz	0.66704559462	0.267897497706	0.0326654157479	0.0323914919261
-rom	0.143624396386	0.683259757439	0.0779320126859	0.0951838334901
-huw	0.263157894737	0.604355716878	0.123411978221	0.00907441016334
-lot	0.0128205128205	0.929487179487	0.0480769230769	0.0096153846154
-hur	0.198038583379	0.750744541609	0.0512168750118	0.0
-hus	0.0968459080172	0.0402945671808	0.830901764624	0.0319577601779
-soy	0.304853041695	0.474367737526	0.185235816815	0.0355434039645
-kob	0.100601069435	0.791284493189	0.0421529214316	0.065961515944
-tuk	0.56668814433	0.298646907216	0.0244845360825	0.110180412371
-hiq	0.214478114478	0.288552188552	0.381818181818	0.115151515151
-sop	0.130434782609	0.774703557312	0.094861660079	0.0
-kok	0.375362318841	0.0797101449275	0.469927536232	0.075
-sor	0.0768182256998	0.188679875474	0.0867811440876	0.647720754739
-tuq	0.257176749703	0.670818505338	0.0563463819691	0.0156583629893
-tur	0.535159882681	0.154262005253	0.15353642709	0.157041684976
-son	0.0170454545455	0.978084415584	0.00487012987013	0.0
-tut	0.0846345452457	0.886884655138	0.00756372737317	0.0209170722435
-kos	0.0	0.987012987013	0.012987012987	0.0
-tuw	0.347964336254	0.307471188817	0.138341104813	0.206223370116
-ora	0.0457142857143	0.902857142857	0.0	0.0514285714285
-zsa	0.474116914124	0.336337871951	0.0733008992009	0.116244314724
-liy	0.584023374802	0.253007625606	0.0389635941169	0.124005405475
-min	0.0464585431353	0.88994758179	0.0406383143543	0.0229555607199
-rus	0.0633540372671	0.911387163561	0.0115942028986	0.0136645962733
-liv	0.023694602896	0.919701623519	0.0500219394472	0.00658183413777
-won	0.0635644245656	0.269912265611	0.602012730088	0.0645105797351
-lip	0.0003726129483	0.996087564043	0.0	0.00353982300885
-liq	0.145911960725	0.349516338048	0.0044321784984	0.500139522729
-rut	0.0	1.0	0.0	0.0
-lis	0.0543478260869	0.728260869565	0.0	0.217391304348
-lil	0.0273003033367	0.717896865521	0.242669362993	0.0121334681496
-lim	0.5888603908	0.0954325507276	0.0419198601373	0.273787198335
-ruh	0.726146586049	0.0620852381655	0.1631027872	0.0486653885857
-omo	0.167434025019	0.127828886071	0.0750355566575	0.629701532252
-rum	0.594464500602	0.373044524669	0.0216606498195	0.0108303249098
-lid	0.601816867729	0.162878295971	0.0808146464478	0.154490189853
-gah	0.122320326518	0.420890959719	0.0121542218424	0.44463449192
-rug	0.0	1.0	0.0	0.0
-lib	0.173919422189	0.125955849121	0.0372927808226	0.662831947867
-tek	0.00910470409712	0.959028831563	0.0318664643399	0.0
-teb	0.245518031481	0.639723365157	0.0616519233454	0.0531066800166
-huq	0.737857900318	0.153976670202	0.0352067868504	0.0729586426299
-oda	0.0	1.0	0.0	0.0
-ril	0.0	0.939086294416	0.0609137055838	0.0
-eam	0.00881057268722	0.986784140969	0.0	0.00440528634361
-rni	0.0	1.0	0.0	0.0
-zer	0.0	1.0	0.0	0.0
-zeq	0.384010855135	0.431450058846	0.0172953516739	0.167243734345
-rga	0.0	1.0	0.0	0.0
-tgo	0.65895772734	0.207207159388	0.0719707424786	0.0618643707934
-qsa	0.34215127602	0.214842083823	0.0683456413098	0.374660998847
-gta	0.389818578696	0.184316649619	0.065776494721	0.360088276964
-waw	0.347273624476	0.477547495682	0.0678509745867	0.107327905255
-duq	0.326923076923	0.596153846154	0.0	0.0769230769231
-wat	0.378854625551	0.0616740088105	0.506607929515	0.0528634361234
-was	0.28156996587	0.71843003413	0.0	0.0
-pus	0.0469361147327	0.945241199478	0.00782268578878	0.0
-waq	0.462235850794	0.148390705872	0.0460036594035	0.34336978393
-bya	0.0220244716352	0.647608453838	0.0	0.330367074527
-waz	0.266527623898	0.285870159917	0.219194941586	0.228407274599
-way	0.220639823088	0.531782070111	0.0885933523748	0.158984754426
-pay	0.0164533820841	0.972577696527	0.0	0.0109689213894
-dub	0.286654135338	0.540413533835	0.169172932331	0.00375939849624
-wad	0.393696839015	0.271798265014	0.0864634446398	0.24804145133
-wab	0.209948673146	0.684449055368	0.0414983073059	0.0641039641804
-dug	0.206495098039	0.729166666667	0.0643382352941	0.0
-wan	0.1873283109	0.575980691427	0.180467591175	0.0562234064979
-wam	0.474783673497	0.224543687608	0.043451862053	0.257220776842
-pas	0.0401069518716	0.929144385027	0.0307486631016	0.0
-dum	0.293609671848	0.66493955095	0.0	0.0414507772021
-bug	0.385116895828	0.112846701501	0.0377287006488	0.464307702022
-nun	0.0965268215533	0.704998084072	0.0489334236534	0.149541670722
-lus	0.130049343481	0.81977084553	0.0250899054947	0.0250899054947
-mey	0.012704238275	0.973532836927	0.00635211913752	0.00741080566045
-nud	0.0945694399482	0.888434768534	0.010925865976	0.00606992554224
-kel	0.153846153846	0.846153846154	0.0	0.0
-sus	0.0109063013274	0.646428207931	0.00370221515289	0.338963275589
-suq	0.390159658831	0.289359602439	0.0625947203327	0.257886018398
-tum	0.471830985915	0.401408450704	0.0422535211268	0.0845070422535
-sun	0.407377381435	0.309012295636	0.0920145926226	0.191595730307
-sum	0.064631956912	0.773788150808	0.16157989228	0.0
-sul	0.0350877192982	0.938596491228	0.0263157894737	0.0
-tun	0.470214455917	0.469420174742	0.0317712470215	0.0285941223193
-keq	0.737493093287	0.0822129109495	0.044318077171	0.135975918593
-nuw	0.398582118945	0.510831035841	0.0551398188263	0.0354470263883
-nus	0.0	1.0	0.0	0.0
-nuq	0.278611230176	0.333476210887	0.128589798543	0.259322760394
-fes	0.203703703704	0.796296296296	0.0	0.0
-dib	0.350763095076	0.429285971379	0.0566456913778	0.163305242167
-sol	0.0528076811173	0.853339706555	0.00498773847625	0.0888648738518
-dil	0.0377358490566	0.924528301887	0.0377358490566	0.0
-dim	0.828379674017	0.0450623202301	0.0115052732502	0.115052732502
-din	0.332969363685	0.232753501621	0.0752284585337	0.35904867616
-dik	0.216854317394	0.181814289995	0.0556530673402	0.545678325271
-tus	0.0262974912388	0.951924681538	0.00750959559437	0.0142682316293
-qim	0.537694500056	0.108826739235	0.0412076039988	0.312271156711
-diq	0.42686989678	0.0113117706164	0.0287959457471	0.533022386856
-koq	0.187240815351	0.787977312029	0.0165212484133	0.00826062420667
--ta	0.0391562358129	0.339816135936	0.601571113561	0.0194565146897
-diy	0.0532296650718	0.943181818182	0.0035885167464	0.0
-geg	0.293638528048	0.226891107305	0.124890355457	0.354580009189
-ven	0.0618671603446	0.752229106846	0.0158682182258	0.170035514584
-kor	0.53036437247	0.0971659919029	0.194331983806	0.178137651822
-ova	0.00846012446571	0.977454432707	0.00553673067127	0.00854871215643
-500	0.102643856921	0.307931570762	0.0186625194401	0.570762052877
-nna	0.00864553314121	0.968299711816	0.0172910662824	0.00576368876081
-qam	0.550360350631	0.109659007414	0.0536001850046	0.28638045695
-qal	0.3	0.6	0.1	0.0
-tiw	0.545851528384	0.266011644833	0.0887918486172	0.0993449781659
-aiq	0.445523027148	0.129501260937	0.0449536580768	0.380022053838
-tiq	0.450748568175	0.167143383461	0.148668653917	0.233439394447
-ais	0.0114285987096	0.949753552733	0.00421187378793	0.0346059747698
-tis	0.0758377425044	0.807760141094	0.074074074074	0.042328042328
-qad	0.150478176336	0.0597634183539	0.0212499482578	0.768508457052
-qag	0.217283331815	0.228743278957	0.0740453841247	0.479928005103
-ket	0.05860341219	0.872138009767	0.0426206634109	0.0266379146318
-tiy	0.675247567312	0.211145200684	0.0265540457039	0.0870531863004
-qab	0.164789158567	0.464733577119	0.0620512275091	0.308426036805
-tid	0.620079068179	0.228120044967	0.0726439887582	0.0791568980951
-qay	0.302191883656	0.0312046719469	0.00938470250731	0.65721874189
-tia	0.330769230769	0.623076923077	0.0307692307692	0.0153846153846
-tib	0.0902968321277	0.803192816164	0.066849588426	0.0396607632827
-til	0.196148382005	0.470623520126	0.126913970008	0.206314127861
-qat	0.0	1.0	0.0	0.0
-tin	0.0393740543995	0.864488497437	0.0108749574094	0.0852624907537
-ain	0.0559720252803	0.867199796127	0.0285494894047	0.0482786891881
-tih	0.555696202532	0.229113924051	0.0227848101266	0.192405063291
-qas	0.0080377775545	0.979905556114	0.00803777755451	0.00401888877726
-qar	0.185907996452	0.694335318718	0.0855404891649	0.034216195666
-jas	0.417582417582	0.582417582418	0.0	0.0
-uwa	0.10278372591	0.82869379015	0.0	0.06852248394
-emo	0.414364640884	0.272296764009	0.134964483031	0.178374112076
-hmo	0.197956541511	0.106817133244	0.287944257567	0.407282067679
-260	0.0253807106599	0.121827411168	0.0304568527919	0.822335025381
-mmo	0.144081784472	0.187232549164	0.453781251954	0.214904414409
-qur	0.395337542496	0.403593977659	0.169014084507	0.0320543953375
-ems	0.0201487618868	0.976461726768	0.00112983711515	0.0022596742303
-zad	0.429707350284	0.305265069633	0.0675742630785	0.197453317004
-zab	0.193027927697	0.501255229217	0.0292266213898	0.276490221697
-dam	0.104946706751	0.848045914184	0.0306094561356	0.0163979229298
-zan	0.505710036505	0.137999909865	0.0622740997792	0.294015953851
-int	0.0	0.948051948052	0.0519480519481	0.0
-zal	0.797385620915	0.0261437908497	0.0392156862745	0.137254901961
-zam	0.405097613883	0.376898047722	0.0683297180044	0.14967462039
-zaw	0.701754385965	0.19298245614	0.0350877192982	0.0701754385965
-zaq	0.154070308543	0.0285983141247	0.0051838438172	0.812147533515
-sep	0.0127595155709	0.985077854671	0.0	0.00216262975779
-ygo	0.469105075888	0.373471210981	0.0732591916413	0.0841645214895
-zay	0.513215383138	0.411751694148	0.0367808444675	0.0382520782463
-ruq	0.63309352518	0.258992805755	0.0	0.107913669065
-wsa	0.324552966725	0.218882599265	0.0660123796724	0.390552054338
-nor	0.0	1.0	0.0	0.0
-000	0.0610054908666	0.133776989595	0.00384719311772	0.801370326421
-ruw	0.139494879347	0.67975965261	0.0787714424835	0.101974025559
-eta	0.051977073514	0.796546883674	0.142565687353	0.00891035545953
-kus	0.0356585691999	0.962335636283	0.001337196345	0.0006685981725
-buk	0.21810461503	0.750559568157	0.0274875586074	0.00384825820503
-ank	0.17943309841	0.191162096816	0.034209578682	0.595195226092
-bun	0.183346228408	0.436671419009	0.211682068312	0.168300284271
-bul	0.0866191012642	0.864814119414	0.0107648016022	0.0378019777194
-bub	0.282011109529	0.583060342781	0.0461472724683	0.088781275222
-weq	0.250318282252	0.1563099581	0.0462231502272	0.54714860942
-lin	0.349997625637	0.252170624971	0.0295040412838	0.368327708108
-300	0.0578034682081	0.0693641618497	0.130057803468	0.742774566474
-ate	0.32164888796	0.229778704873	0.297537277169	0.151035129999
