-xlu	0.111940298508	0.686567164179	0.15671641791	0.044776119403
-qsa	0.738630423419	0.151594354417	0.0439100888656	0.0658651332984
-rbu	0.711860089492	0.162423290559	0.0474929453139	0.0782236746346
-iva	0.0872872715866	0.0770135675633	0.0442318249549	0.791467335895
-rba	0.126202632033	0.289690246001	0.035955311951	0.548151810014
-ivi	0.312302839117	0.621451104101	0.018927444795	0.0473186119874
-rbi	0.0	1.0	0.0	0.0
-xli	0.583333333333	0.416666666667	0.0	0.0
-ufu	0.0	1.0	0.0	0.0
-ufa	0.428339103976	0.103189591858	0.344140174168	0.124331129997
-mek	0.121584260959	0.573369111662	0.0471088457209	0.257937781658
-rb'	0.613636363636	0.222727272727	0.0681818181818	0.0954545454546
-ħek	0.145825166601	0.323794590357	0.031752254018	0.498627989024
-ħen	0.0680008085709	0.742389326865	0.0930665049525	0.0965433596118
-ħel	0.6038647343	0.270531400966	0.0169082125604	0.108695652174
-ħeb	0.560985626283	0.360164271047	0.0246406570842	0.0542094455853
-ħed	0.0471358902681	0.135261980565	0.0188991856362	0.798702943531
-'il	0.191389636316	0.0561583195903	0.0223938894193	0.730058154674
-içu	0.64296915839	0.322530057501	0.0345007841087	0.0
-ħer	0.035953978907	0.875359539789	0.0886864813039	0.0
-'id	0.378020265004	0.196414653157	0.0904130943102	0.335151987529
-ħew	0.580193756728	0.273412271259	0.032292787944	0.114101184069
-ħet	0.624719019918	0.144474936042	0.0213182307604	0.20948781328
-idi	0.0832222963357	0.848324259619	0.0190293370129	0.0494241070327
-idd	0.521260165164	0.356285065877	0.0628821786547	0.0595725903045
-çir	0.0482838084638	0.364080295346	0.543192845217	0.0444430509723
-tlu	0.418613211292	0.347171940157	0.0303069910304	0.203907857521
-ida	0.114084790636	0.256200712552	0.568443718913	0.0612707778993
-çin	0.318820906036	0.109722012277	0.0790482203035	0.492408861384
-tli	0.10647362454	0.812192356715	0.0269141662031	0.0544198525425
-wad	0.622623219745	0.19891631248	0.132229761638	0.0462307061368
-idx	0.653473126952	0.106230742188	0.0905763384826	0.149719792378
-tla	0.199884125145	0.527809965238	0.249130938586	0.0231749710313
-çid	0.625921696513	0.153445780246	0.0103995297448	0.210232993497
-rpu	0.0	0.918918918919	0.0	0.0810810810811
-qja	0.113856068743	0.843179377014	0.0	0.0429645542427
-uta	0.52983852654	0.352624093131	0.0352349193828	0.0823024609464
-wxu	0.887482419128	0.0379746835443	0.028129395218	0.0464135021097
-uti	0.0423107370526	0.826590558727	0.00206241406608	0.129036290155
-ċuħ	0.0883571494284	0.786203166927	0.0663823143374	0.059057369307
-utu	0.329099211291	0.455209630552	0.0199252801993	0.195765877958
-utx	0.915448188175	0.0324221233312	0.0406865861412	0.0114431023522
-çwa	0.387006960557	0.551740139211	0.0194895591647	0.0417633410673
-żha	0.902872777018	0.0971272229822	0.0	0.0
-qti	0.681284259984	0.209083790133	0.0861393891934	0.0234925606891
-qtu	0.573929311151	0.222623104162	0.143315293646	0.0601322910403
-xbç	0.387665198238	0.242290748899	0.264317180617	0.105726872247
-ġbu	0.761643477254	0.0708835111071	0.0586708294176	0.108802182221
-ġba	0.720939991607	0.104490138481	0.083927822073	0.0906420478388
-nuk	0.818791946309	0.120805369128	0.0201342281879	0.0402684563758
-ewk	0.12938066394	0.763022151252	0.107597184808	0.0
-kbu	0.0603536460617	0.929855326611	0.00175361683472	0.00803741049247
-ija	0.142516475884	0.584329323082	0.0765304865801	0.196623714454
-nhu	0.333170741315	0.128792574681	0.0183292569468	0.519707427057
-iji	0.24132344163	0.627185128336	0.116142235866	0.0153491941673
-iju	0.0511292346298	0.913425345044	0.0203889585948	0.0150564617315
-nhi	0.122847836203	0.0921358771522	0.00837598883203	0.776640297813
-kba	0.0672280449667	0.913912602485	0.0188593525484	0.0
-nha	0.135659245358	0.228852114078	0.149691489664	0.4857971509
-ġlu	0.0313794119456	0.911369309922	0.00822732144188	0.0490239566908
-ket	0.37208067099	0.347957064261	0.210873460069	0.0690888046805
-ġli	0.0274071114662	0.927846584099	0.0100679184978	0.0346783859369
-pop	0.160790417541	0.0222643297015	0.812072815863	0.00487243689517
-ġla	0.198757763975	0.409937888199	0.298136645963	0.0931677018633
-ħtx	0.34375	0.375	0.046875	0.234375
-ewh	0.611289800522	0.0946907440285	0.0111929884407	0.282826467008
-ħtu	0.471317399366	0.299528405192	0.0413922997182	0.187761895724
-ħti	0.0312306357665	0.862064692031	0.0130127649027	0.0936919072996
-ħta	0.240795287187	0.68998527246	0.0338733431517	0.0353460972018
-ċuh	0.828099173554	0.163636363636	0.00826446280992	0.0
-bbà	0.074074074074	0.805555555556	0.0	0.12037037037
-jla	0.124816446402	0.747430249633	0.11013215859	0.0176211453745
-ofs	0.123558284687	0.58941159836	0.0185832306542	0.268446886299
-jlu	0.557261472865	0.380558776228	0.0202902345065	0.0418895164005
-lpi	0.0105263157895	0.989473684211	0.0	0.0
-ofa	0.0194174757281	0.961165048544	0.0194174757282	0.0
-hha	0.787610619469	0.0	0.0	0.212389380531
-fru	0.544835335209	0.277739550035	0.0871882866326	0.0902368281232
-add	0.0736189495629	0.415276888679	0.0145861686594	0.496517993099
-quç	0.303944315545	0.30626450116	0.327146171694	0.0626450116009
-ada	0.0237659719348	0.431686182357	0.48266285699	0.0618849887179
-ieġ	0.16754418559	0.32476846821	0.151300153537	0.356387192664
-ieħ	0.270001502673	0.591361094766	0.100555788432	0.0380816141284
-adi	0.368829556038	0.59018938218	0.0163924247128	0.0245886370692
-adt	0.697725072604	0.124152952565	0.026137463698	0.151984511133
-adu	0.50204254611	0.129505744479	0.0175556402719	0.350896069139
-roġ	0.395082543559	0.0968407761778	0.0119080471937	0.49616863307
-adx	0.507829977629	0.331096196868	0.0917225950783	0.0693512304251
-fli	0.732360097324	0.19497161395	0.0317923763179	0.0408759124087
-sem	0.0606727671953	0.838623925813	0.0565097693911	0.0441935376008
-sel	0.319646902059	0.59932996547	0.0287713519092	0.052251780562
-sek	0.173762108677	0.233588325781	0.0469795867459	0.545669978797
-fla	0.0907227063044	0.832393644285	0.0522808815992	0.0246027678114
-fol	0.726643598616	0.273356401384	0.0	0.0
-lba	0.399408284024	0.460798816568	0.104289940828	0.0355029585799
-seb	0.630075373139	0.134019015029	0.10447248524	0.131433126592
-sew	0.113821569333	0.132661151552	0.110402427414	0.643114851701
-raç	0.478908633998	0.24986537426	0.241069825884	0.0301561658589
-set	0.45297029703	0.27599009901	0.144801980198	0.126237623762
-ses	0.17662072486	0.748851454824	0.0148034711587	0.0597243491578
-ser	0.509707118554	0.264571797096	0.0426979785176	0.183023105833
-bli	0.196184695426	0.169520919142	0.159982657707	0.474311727726
-'xi	0.23125794155	0.262661100018	0.101288800145	0.404792158286
-roż	0.0	1.0	0.0	0.0
-bla	0.201778545576	0.15761529106	0.052080065257	0.588526098107
-mtu	0.638994776225	0.184243964422	0.11859381618	0.0581674431738
-mti	0.145461674182	0.526563418937	0.0109782395609	0.31699666732
-ież	0.0346237991058	0.329306572815	0.30077047465	0.335299153429
-blu	0.545188025649	0.162820745457	0.0640452459604	0.227945982934
-rħi	0.751968503937	0.224409448819	0.0	0.0236220472441
-man	0.00795334040296	0.305408271474	0.686638388123	0.0
-tħu	0.591605275233	0.255427172939	0.109299891734	0.0436676600945
-rħa	0.181985294118	0.509191176471	0.286764705882	0.0220588235294
-tħi	0.127781407325	0.114945620845	0.743149763653	0.014123208178
-rħu	0.533197951616	0.148066395903	0.269998234152	0.0487374183295
-tħa	0.177536231884	0.775362318841	0.036231884058	0.0108695652174
-quh	0.829145728643	0.068455484972	0.0199108751304	0.0824879112544
-quk	0.302294197031	0.697705802969	0.0	0.0
-qum	0.683128026662	0.11758498733	0.00594886525396	0.193338120754
-çxa	0.526289052578	0.224790449581	0.248920497841	0.0
-ral	0.0	0.160839160839	0.0839160839161	0.755244755245
-qux	0.669591926284	0.184291355858	0.0802983764809	0.0658183413778
-erx	0.847619047619	0.0857142857143	0.00952380952379	0.0571428571429
-rax	0.471665843184	0.252403937517	0.227661434381	0.0482687849189
-erp	0.067429022082	0.81190851735	0.106466876972	0.0141955835962
-erq	0.146015305181	0.733976313559	0.0845006113941	0.0355077698656
-rat	0.384111683563	0.317134784776	0.138208409506	0.160545122154
-rża	0.0	1.0	0.0	0.0
-ras	0.0816787732042	0.83583535109	0.0411622276029	0.0413236481033
-erv	0.605863192182	0.198697068404	0.195439739414	0.0
-raq	0.504457435611	0.263603738413	0.158070938534	0.0738678874418
-ran	0.139896373057	0.80310880829	0.0518134715026	0.00518134715026
-eri	0.139476076667	0.431082346822	0.054135271194	0.375306305317
-erj	0.444444444444	0.407407407407	0.0	0.148148148148
-ram	0.0128571428571	0.967142857143	0.02	0.0
-rak	0.489221568589	0.455713643559	0.0263353333203	0.0287294545312
-ern	0.0239156978595	0.919114387727	0.0453037203354	0.0116661940778
-raf	0.77100712443	0.111066072763	0.0418756178122	0.0760511849941
-era	0.256030259127	0.534887578938	0.131001227618	0.0780809343169
-rad	0.0210526315789	0.18947368421	0.694736842105	0.0947368421052
-xon	0.0	0.869565217391	0.130434782609	0.0
-erf	0.0514027316353	0.823366555925	0.0951458102621	0.0300849021779
-swa	0.281328287405	0.213599132953	0.343140912887	0.161931666755
-azz	0.13073634187	0.789563428327	0.0440448638386	0.0356553659646
-mça	0.226155174355	0.628392327615	0.0369730865958	0.108479411434
-mçu	0.886319793873	0.061271567133	0.00878198815579	0.0436266508384
-ika	0.4271663436	0.47256323737	0.0686816474023	0.0315887716275
-iko	0.0	1.0	0.0	0.0
-tqu	0.679715302491	0.0533807829181	0.231316725979	0.0355871886121
-nor	0.0	1.0	0.0	0.0
-nos	0.0344827586207	0.965517241379	0.0	0.0
-iki	0.684892780804	0.242467075777	0.0369233951596	0.035716748259
-iku	0.0611378431928	0.918199830173	0.0161335975092	0.00452872912539
-nok	0.00663716814159	0.980088495575	0.0	0.0132743362832
-bok	0.647266591294	0.117539549631	0.0352567644534	0.199937094622
-tqa	0.564705882353	0.0147058823529	0.323529411765	0.0970588235293
-ikx	0.544191919192	0.193181818182	0.080808080808	0.181818181818
--id	0.348571428571	0.358095238095	0.236190476191	0.0571428571428
-nġa	0.651647612643	0.263618022865	0.014122394082	0.0706119704102
--il	0.0468830832902	0.0429923262632	0.095059493016	0.815065097431
-qam	0.595981010688	0.0424508701987	0.0083103575915	0.353257761522
-bżu	0.622567585216	0.219276479039	0.0402246310565	0.117931304688
-tol	0.561126760563	0.401690140845	0.0259154929578	0.0112676056338
-tom	0.0853488156863	0.029724591072	0.00879449773799	0.876132095504
-mmx	0.285992087441	0.115117682559	0.0543988466438	0.544491383357
-tok	0.0588235294117	0.920415224914	0.0207612456748	0.0
-tor	0.641256760237	0.175766160185	0.10043780582	0.0825392737573
-bża	0.064449064449	0.7920997921	0.018711018711	0.12474012474
-rot	0.573170731707	0.170731707317	0.219512195122	0.0365853658537
-ieh	0.633901302546	0.167772851336	0.0255589629528	0.172766883165
-iek	0.478153123777	0.415155862789	0.0195643667667	0.0871266466675
-iem	0.0565735479886	0.525794750293	0.0219326082548	0.395699093463
-iel	0.20223201137	0.732076351665	0.034585316658	0.0311063203078
-ien	0.453624658218	0.127555935424	0.0100439989673	0.408775407391
-ieb	0.1811151019	0.727325420846	0.0286857050281	0.0628737722261
-rox	0.142033165105	0.119682768565	0.712328767123	0.0259552992069
-ied	0.22956198743	0.649435502237	0.0347376191361	0.0862648911971
-ieg	0.0122549019608	0.105392156863	0.872549019608	0.00980392156862
-ief	0.0550293922786	0.137990299789	0.152431880212	0.65454842772
-iex	0.126898222076	0.0422529360764	0.0120869468866	0.818761894961
-rob	0.50876538605	0.312644535621	0.0146214099217	0.163968668407
-çda	0.591825836421	0.238638717713	0.0176799736945	0.151855472172
-ieq	0.399075348941	0.387844780062	0.151720538066	0.0613593329303
-iep	0.15453873547	0.712423570517	0.133037694013	0.0
-ron	0.0302516940949	0.941696735017	0.00627035113966	0.0217812197483
-ier	0.0244324317839	0.95217939912	0.00636502971847	0.0170231393773
-roh	0.199134199134	0.478595478595	0.30784030784	0.01443001443
-iet	0.177770971074	0.583582938201	0.124921922333	0.113724168391
-rok	0.108527131783	0.476744186046	0.228682170543	0.186046511628
-olx	0.572175418146	0.364524276303	0.00593440364541	0.0573659019057
-saq	0.744333627662	0.0614873088546	0.0135365212525	0.180642542231
-noè	0.0	1.0	0.0	0.0
-raħ	0.399018806214	0.258871627146	0.299264104661	0.0428454619787
-raġ	0.21553061201	0.713054767294	0.041497684999	0.029916935697
-lâb	0.0514285714286	0.845714285714	0.102857142857	0.0
-tin	0.102704919142	0.288151107171	0.431403173642	0.177740800046
-oli	0.0829087351731	0.613296376309	0.229201483716	0.0745934048017
-çix	0.688553130635	0.0962196107691	0.0555659184646	0.159661340131
-ieç	0.186221529709	0.625873415253	0.102783651608	0.0851214034294
-qar	0.164158737184	0.229143615844	0.165597108505	0.441100538467
-fsu	0.0740761764205	0.0678322075268	0.0661576885963	0.791933927456
-lej	0.0160939282296	0.915203681609	0.00326467464698	0.0654377155144
-lek	0.452235680316	0.176672058426	0.0394449965422	0.331647264716
-lel	0.0	1.0	0.0	0.0
-lem	0.551470699892	0.383839764324	0.0131656872124	0.0515238485718
-mum	0.742131979695	0.193908629442	0.0121827411167	0.0517766497462
-mul	0.789897510981	0.0805270863836	0.0241581259151	0.10541727672
-leb	0.601207499206	0.265332062282	0.0934223069591	0.0400381315538
-sfa	0.566265060241	0.21686746988	0.216867469879	0.0
-led	0.742269534362	0.214823665725	0.0157505974365	0.0271562024767
-muh	0.570887614096	0.297001723797	0.0519964958883	0.0801141662192
-muk	0.87037037037	0.111111111111	0.0185185185185	0.0
-leg	0.0	1.0	0.0	0.0
-lex	0.215909090909	0.27904040404	0.505050505051	0.0
-mut	0.75309702299	0.0900326481395	0.102722195047	0.0541481338233
-fsa	0.272912423625	0.403258655804	0.25050916497	0.0733197556008
-oċċ	0.24427480916	0.412213740458	0.0458015267176	0.297709923664
-mur	0.716280358426	0.134432318579	0.0135271264286	0.135760196566
-les	0.381794751161	0.291050790599	0.253957084706	0.0731973735349
-let	0.371910370703	0.131188403374	0.274500172444	0.222401053479
-mux	0.653409805549	0.132342213166	0.0841949035293	0.130053077755
-ità	0.0963766578785	0.781600996456	0.0857593975264	0.0362629481391
-lew	0.577723626764	0.164991369682	0.102142349477	0.155142654077
-bki	0.686894923259	0.172845336482	0.029279811098	0.110979929162
-bka	0.0523792895464	0.766197898479	0.178565759817	0.00285705215707
-bku	0.436173685929	0.486777668952	0.0666013712047	0.0104472739145
-jġu	0.0342857142857	0.755102040816	0.14693877551	0.0636734693877
-ħut	0.281272835979	0.69222081977	0.0127549325716	0.0137514116787
-ħuk	0.00996677740862	0.838719420115	0.0072485653881	0.144065237088
-ħuh	0.0681769995936	0.880806197989	0.0296825032244	0.0213342991926
-ħun	0.0	0.019090170593	0.980909829407	0.0
-ħum	0.0	1.0	0.0	0.0
-ħul	0.276699029126	0.533980582524	0.0922330097087	0.0970873786408
-idt	0.705882352941	0.0901639344262	0.0400192864031	0.163934426229
-ħud	0.0857856169829	0.164552410758	0.0254520962784	0.724209875981
-idu	0.535336592364	0.248814624146	0.0211798840637	0.194668899426
-lsu	0.613306248099	0.345633173291	0.0237110383518	0.0173495402574
-ogu	0.0	1.0	0.0	0.0
-mmo	0.114285714286	0.485714285714	0.0	0.4
-çib	0.433134982775	0.238020670216	0.219855934858	0.108988412152
-ogi	0.0358379024106	0.955891812418	0.00183784114926	0.00643244402243
-lsa	0.0119804626302	0.192701133536	0.789788959543	0.00552944429084
-jku	0.0	1.0	0.0	0.0
-uça	0.331937238232	0.553978871038	0.0356316809402	0.0784522097893
-lse	0.838926174497	0.0805369127517	0.0	0.0805369127517
-oga	0.0290554086643	0.949153034837	0.00566580468954	0.0161257518087
-muç	0.177909562639	0.767234988881	0.0222386953299	0.0326167531505
-itx	0.507136623609	0.15662346467	0.0615934973422	0.274646414378
-ess	0.118656158006	0.0703965760528	0.341598861042	0.469348404899
-itt	0.0762847371912	0.146089982684	0.128301166402	0.649324113723
-itu	0.145296132151	0.734589041096	0.0269439967768	0.0931708299759
-wha	0.672838733211	0.215688409545	0.036014307725	0.075458549519
-esu	0.157707471872	0.690162515626	0.0886623713819	0.0634676411193
-est	0.0324337310804	0.0281893168896	0.319131897173	0.620245054857
-esi	0.0916864118678	0.629545688678	0.261151746162	0.0176161532914
-whx	0.761904761905	0.07326007326	0.0586080586081	0.106227106227
-iti	0.202855736091	0.630231413097	0.118168389956	0.0487444608567
-rib	0.171809256662	0.313783147073	0.048728297733	0.465679298532
-esa	0.256172481743	0.649936246667	0.0892546655848	0.0046366060044
-xna	0.449929478138	0.222849083216	0.149506346967	0.177715091678
-ita	0.244441211095	0.638777926218	0.0883090170765	0.0284718456105
-udu	0.744702320888	0.134712411705	0.0544904137235	0.0660948536831
-tew	0.0	1.0	0.0	0.0
-fan	0.158469945355	0.0765027322404	0.677595628415	0.087431693989
-fal	0.107898693188	0.753440499595	0.0639528160055	0.0747079912109
-far	0.249708275967	0.694083311886	0.0457638172246	0.0104445949221
-tex	0.728095170252	0.120529990027	0.0529277674883	0.0984470722325
-uda	0.13462458154	0.836681013869	0.00932568149211	0.019368723099
-spu	0.0	1.0	0.0	0.0
-fat	0.35744680851	0.593617021277	0.0106382978723	0.0382978723404
-loz	0.0435146443515	0.0715481171548	0.86359832636	0.0213389121339
-fax	0.681290322581	0.14064516129	0.154838709677	0.0232258064516
-udi	0.0219681685721	0.834117910782	0.106702533064	0.0372113875812
-nna	0.400463242251	0.246809057831	0.0286232275189	0.324104472399
-ejk	0.241803718668	0.626915695018	0.0230943858648	0.10818620045
-ejn	0.108507075321	0.217297568125	0.021740859668	0.652454496887
-fa'	0.532917667106	0.117283711564	0.0302068004028	0.319591820928
-ċar	0.194897797496	0.0500713040723	0.311361115513	0.443669782919
-teb	0.811789744208	0.117562810371	0.0127427753015	0.0579046701201
-ejt	0.589784453422	0.241626497177	0.0403288345409	0.128260214861
-tna	0.082815400326	0.76265965842	0.0211075822524	0.133417359001
-çka	0.0357142857143	0.75	0.0357142857143	0.178571428571
-kra	0.332554061952	0.156633547633	0.493278784337	0.0175336060783
-tni	0.832945513061	0.0671570004658	0.013542361474	0.0863551249992
-kri	0.274109014675	0.692348008386	0.0083857442348	0.0251572327044
-ewt	0.167508569367	0.724788020927	0.036442359733	0.0712610499729
-tnu	0.367382937781	0.523572803079	0.0144323284156	0.0946119307248
-gmu	0.935828877005	0.0	0.0320855614973	0.0320855614973
-xxi	0.382908194203	0.562113433319	0.032340219105	0.0226381533735
-tel	0.306306306306	0.567567567568	0.054054054054	0.0720720720721
-xxa	0.484451872602	0.417916244909	0.0654998705303	0.0321320119583
-izz	0.314671163575	0.603035413154	0.0485666104553	0.0337268128162
-ten	0.0283687943262	0.948307868057	0.00618782426579	0.0171355133514
-rna	0.198296242357	0.481600813973	0.0161597621921	0.303943181478
-qha	0.139944744398	0.180014084761	0.0281695227433	0.651871648098
-rni	0.500781731179	0.359927985976	0.0795944473397	0.0596958355048
-uri	0.306636277232	0.562051349391	0.0435519371702	0.0877604362071
-muġ	0.0648464163822	0.0204778156997	0.894197952218	0.0204778156997
-ura	0.292084438835	0.397242124022	0.0369328815266	0.273740555616
-urx	0.231015057957	0.152042032283	0.0465821687791	0.570360740981
-sça	0.128939415743	0.311483666715	0.0972082314002	0.462368686142
-ewx	0.535653794038	0.171677393857	0.213485207769	0.079183604336
-uru	0.598448680454	0.244662281665	0.0575675956859	0.0993214421954
-pji	0.0946938775511	0.713469387755	0.172244897959	0.0195918367347
-pja	0.0045045045045	0.86036036036	0.135135135135	0.0
-pju	0.0452801871799	0.922769665304	0.00866918663454	0.0232809608815
-rdi	0.0	1.0	0.0	0.0
--ta	0.238095238095	0.571428571429	0.0	0.190476190476
-iha	0.233082776142	0.089668930431	0.0253897954022	0.651858498025
-klu	0.68374728819	0.24836466522	0.029035956743	0.0388520898465
-nnu	0.083361068711	0.0879632286274	0.042463819678	0.786211882984
-nni	0.055863045437	0.762149936561	0.0189397421989	0.163047275803
-kli	0.162937252043	0.717974785803	0.109024190705	0.0100637714497
-ihx	0.682302771855	0.0938166311301	0.0213219616205	0.202558635394
-kla	0.301498814968	0.634075508228	0.0437293453951	0.0206963314084
-faħ	0.837226456848	0.069338578805	0.0270469633637	0.0663880009835
-wdu	0.573921227291	0.179333061962	0.176622236849	0.0701234738978
-xiħ	0.00571020699501	0.572448251249	0.149179157744	0.272662384011
-jja	0.220117837488	0.557415603755	0.045497442538	0.176969116219
-jji	0.578888888889	0.134444444444	0.246666666667	0.04
-mda	0.941747572816	0.0	0.0388349514563	0.0194174757281
-jem	0.134964132298	0.110629113147	0.255835114375	0.49857164018
-jju	0.508454393903	0.133126934984	0.288402000476	0.0700166706359
-mdu	0.932003198616	0.0340180643131	0.00629235871688	0.0276863783543
-vru	0.142857142857	0.797235023042	0.0184331797235	0.0414746543779
-'li	0.431964374072	0.327560613558	0.0445324096981	0.195942602672
-taħ	0.772393012916	0.154491245075	0.0353989759582	0.0377167660507
-ajm	0.0	1.0	0.0	0.0
-ajn	0.0645157223984	0.694347175839	0.090382518483	0.15075458328
-ajh	0.294143513892	0.124285428743	0.00543673795722	0.576134319408
-ajj	0.513513513514	0.405405405405	0.0	0.0810810810811
-ajk	0.545591465328	0.232256040163	0.00903671164105	0.213115782868
-ajd	0.123287671233	0.876712328767	0.0	0.0
-ajf	0.0	0.955602536998	0.0443974630021	0.0
-aja	0.00331308669243	0.993373826615	0.0	0.00331308669243
-ajb	0.242269736842	0.497861842105	0.193256578947	0.0666118421053
-stu	0.0202947429201	0.962940605233	0.00697488254901	0.00978976929739
-ajt	0.657086927567	0.0891345288699	0.0188655824398	0.234912961124
-aju	0.0164609053498	0.98353909465	0.0	0.0
-ċaw	0.45149340125	0.441537392915	0.106969205835	0.0
-ħha	0.34145021645	0.111471861472	0.0297619047619	0.517316017316
-ajr	0.166597058643	0.314990227033	0.0223024106651	0.496110303658
-ajs	0.108527131783	0.891472868217	0.0	0.0
-mra	0.153855861351	0.646278749382	0.144653955768	0.0552114334991
-ldi	0.0	0.908396946565	0.0916030534351	0.0
-dba	0.178378378378	0.708108108108	0.0486486486486	0.0648648648648
-ojt	0.2079002079	0.642411642412	0.137214137214	0.012474012474
-lda	0.0142857142857	0.428571428571	0.171428571429	0.385714285714
-dbu	0.636880696224	0.183032961009	0.0505721921469	0.12951415062
-mru	0.405446036023	0.493149907814	0.0372996738051	0.0641043823571
-ojd	0.0	1.0	0.0	0.0
-bus	0.516129032258	0.483870967742	0.0	0.0
-oji	0.089552238806	0.910447761194	0.0	0.0
-ldu	0.696975389818	0.160392491221	0.0566482174598	0.0859839015015
-bja	0.144	0.832	0.012	0.012
-bju	0.241612554113	0.656655844156	0.0449134199135	0.0568181818181
-usi	0.0517687661777	0.948231233822	0.0	0.0
-ert	0.16848093823	0.753809970283	0.0487866893384	0.0289224021485
-usa	0.245414228357	0.398588185898	0.307502558585	0.0484950271604
-usu	0.510638297872	0.41586073501	0.0328820116054	0.0406189555126
-ust	0.0875179340029	0.12643472023	0.521700143472	0.264347202296
-wġu	0.638334879406	0.30639301175	0.0231910946197	0.0320810142239
-wġt	0.0373998219056	0.0347284060552	0.0445235975067	0.883348174533
-żmu	0.490566037736	0.509433962264	0.0	0.0
-żma	0.223161453931	0.726120033812	0.0304311073542	0.0202874049028
-wġa	0.118463180363	0.249733191035	0.577374599787	0.0544290288154
-żmi	0.00738916256157	0.887315270936	0.0979064039409	0.00738916256158
-wġi	0.0	1.0	0.0	0.0
-zmu	0.0	1.0	0.0	0.0
-xix	0.352644836272	0.622166246852	0.0251889168766	0.0
-wim	0.166577109081	0.619559376679	0.200967221924	0.012896292316
-wil	0.0760368663594	0.730414746544	0.138248847926	0.0552995391705
-wid	0.284064665127	0.570438799076	0.131639722864	0.013856812933
-xih	0.874125874126	0.125874125874	0.0	0.0
-jtu	0.614727577346	0.20300152157	0.03548993116	0.146780969924
-xim	0.0	0.530261969286	0.469738030714	0.0
-xin	0.0186004514673	0.0450564334086	0.174446952596	0.761896162528
-wix	0.174117647059	0.792941176471	0.00705882352941	0.0258823529412
-wit	0.0980713992613	0.212966762413	0.071399261387	0.617562576939
-wir	0.542372881356	0.423728813559	0.0338983050847	0.0
-ġoġ	0.164203612479	0.775588396278	0.0602079912425	0.0
-axx	0.420447284345	0.299041533546	0.244089456869	0.0364217252396
-çra	0.0806174957118	0.909090909091	0.0102915951972	0.0
-axu	0.819672131148	0.147540983607	0.0327868852459	0.0
-squ	0.809873845237	0.0686401112546	0.0124168073905	0.109069236118
-kmu	0.403617571059	0.429974160207	0.0299741602067	0.136434108527
-ta'	0.0330975562209	0.0157125605175	0.0139426935725	0.937247189689
-kma	0.221131234787	0.549527620776	0.179834151574	0.0495069928628
-fça	0.0622009569378	0.846889952153	0.0909090909091	0.0
-fçu	0.68000898761	0.179431212685	0.0429800346665	0.0975797650381
-tal	0.0376043176253	0.957148568287	0.0	0.00524711408725
-çla	0.313493866424	0.229895502045	0.361199454793	0.0954111767378
-tan	0.0764692021804	0.856347268437	0.0447416739017	0.0224418554809
-qif	0.0215053763441	0.89247311828	0.0	0.0860215053763
-tah	0.676077832888	0.0295688668447	0.0055322396032	0.288821060664
-tak	0.469387755102	0.204081632653	0.0	0.326530612245
-tad	0.118644067797	0.830508474576	0.0254237288136	0.0254237288136
-qil	0.895104895105	0.0	0.104895104895	0.0
-taf	0.775474622239	0.066640836885	0.0277024409144	0.130182099961
-qin	0.380704041721	0.203389830508	0.294654498044	0.121251629726
-qih	0.461764705882	0.432352941176	0.0	0.105882352941
-tab	0.668153357921	0.254653057724	0.0540355090488	0.0231580753066
-tax	0.317422807403	0.199995534236	0.259460907815	0.223120750546
-çlu	0.490469858156	0.234707446809	0.0789561170213	0.195866578014
-qis	0.496684350133	0.291777188329	0.0683023872679	0.143236074271
-qir	0.134369070209	0.191413662239	0.65909629981	0.0151209677419
-tat	0.707330880272	0.195867534673	0.0438720634022	0.052929521653
-taw	0.539936102236	0.167820376287	0.0644302449414	0.227813276535
-taq	0.659609120521	0.263968930093	0.0331996993235	0.0432222500626
-tar	0.101483756283	0.130740795327	0.185446976692	0.582328471698
-enx	0.702754982415	0.0488862837045	0.0112543962485	0.237104337632
-rmu	0.573953192167	0.258875975163	0.125378124502	0.0417927081675
-ent	0.117614698043	0.775204165837	0.0596610040881	0.047520132032
-enu	0.673050420156	0.0558620520465	0.00717216219766	0.2639153656
-ens	0.1054375971	0.830139823925	0.0321077162092	0.0323148627654
-enn	0.265947554398	0.50362655756	0.11623581923	0.114190068812
-rma	0.0947368421052	0.85	0.0157894736842	0.0394736842105
-eni	0.197423333563	0.329430804461	0.372293828646	0.10085203333
-fis	0.171686746988	0.132530120482	0.0903614457831	0.605421686747
-rmi	0.138773079214	0.742406194163	0.0908278737344	0.0279928528886
-ena	0.151406775023	0.191705000059	0.0662715172014	0.590616707717
-enb	0.218137993371	0.346791202169	0.0952094004218	0.339861404037
-żża	0.348242811502	0.239616613419	0.153354632588	0.258785942492
-żżi	0.707317073171	0.128679562658	0.0378469301934	0.126156433978
-hew	0.170212765957	0.255319148936	0.36170212766	0.212765957447
-her	0.686266409621	0.0496190213899	0.050766547324	0.213348021665
-hem	0.391210189524	0.485825451787	0.0416977646181	0.0812665940707
-hen	0.120732722731	0.584512905912	0.223147377186	0.0716069941716
-żżu	0.52808988764	0.194756554307	0.0696629213483	0.207490636704
-hed	0.558263910316	0.303918543659	0.0336830196442	0.104134526381
-ġa'	0.154044314021	0.054850456191	0.0132447295789	0.777860500209
-aġġ	0.130631831512	0.539678308007	0.182173642584	0.147516217897
-heb	0.0131270732129	0.689430740933	0.289896083888	0.0075461019667
-biç	0.95154185022	0.0253303964758	0.00991189427311	0.0132158590308
-nsi	0.336298932384	0.259786476868	0.185053380783	0.218861209964
-ħiħ	0.305677939808	0.166987278933	0.210735339746	0.316599441514
-nsa	0.64039408867	0.129310344828	0.163793103448	0.0665024630542
-żuh	0.112781954887	0.774436090226	0.0676691729323	0.0451127819549
-pup	0.0651208682783	0.658608781451	0.252590034534	0.0236803157375
-ġax	0.279293739968	0.269662921348	0.158908507223	0.292134831461
-pur	0.0370942812983	0.684698608964	0.278207109737	0.0
-ġat	0.57071547421	0.42928452579	0.0	0.0
-ġar	0.127535426507	0.582106140595	0.27841066963	0.0119477632676
-żuk	0.232	0.096	0.0	0.672
-dâr	0.603773584906	0.377358490566	0.0188679245283	0.0
-nan	0.0	1.0	0.0	0.0
-żqu	0.945945945946	0.0540540540541	0.0	0.0
-ċat	0.864480874317	0.0994535519125	0.0229508196721	0.0131147540984
-luç	0.366502866503	0.338656838657	0.07371007371	0.22113022113
-deb	0.519419868718	0.392042653659	0.0231559556859	0.0653815219365
-ded	0.618918918919	0.216216216216	0.105405405405	0.0594594594594
-okx	0.692393424352	0.0791306770688	0.117024240736	0.111451657843
-def	0.782608695652	0.108695652174	0.0652173913043	0.0434782608696
-fqu	0.484149855908	0.331412103746	0.184438040346	0.0
-oku	0.556701030928	0.164948453608	0.278350515464	0.0
-dej	0.167107679684	0.715769175347	0.0196597270217	0.0974634179473
-dek	0.279054551274	0.246167195176	0.0147946030844	0.459983650465
-del	0.608897864268	0.297472614895	0.0410011627195	0.0526283581176
-dem	0.134488176358	0.657874298468	0.0565037129836	0.15113381219
-den	0.721162312885	0.19577340769	0.0560610507778	0.0270032286469
-der	0.32610156475	0.499184026111	0.0691177882308	0.105596620908
-des	0.395392814165	0.189444730961	0.347773766546	0.0673886883273
-det	0.546649621817	0.298774901459	0.0676467454991	0.086928731224
-okk	0.0649350649351	0.642857142857	0.292207792208	0.0
-dew	0.379869306378	0.101511269689	0.0103734144207	0.508246009513
-kil	0.448182498992	0.477504464543	0.0501180943603	0.024194942105
-jħa	0.694949655749	0.174115493294	0.0688502407769	0.0620846101803
-ħwa	0.0350955461373	0.896944010707	0.0310060227526	0.036954420403
-żux	0.897435897436	0.025641025641	0.0769230769231	0.0
-bit	0.242619290983	0.578219250692	0.0531704973093	0.125990961015
-bir	0.0613455744749	0.197682127542	0.596629769807	0.144342528176
-vża	0.454545454545	0.5	0.0151515151515	0.030303030303
-bid	0.035373245869	0.904176700158	0.0481607572864	0.0122892966869
-bib	0.0293855743544	0.86340160285	0.0644701691896	0.0427426536064
-bin	0.0582189710615	0.844551429775	0.034802484546	0.0624271146177
-bik	0.728813559322	0.118644067797	0.0847457627118	0.0677966101696
-bih	0.134352644858	0.0408857017973	0.00999692735133	0.814764725993
-jin	0.405259732076	0.415116773585	0.124213921826	0.0554095725122
-met	0.535279187817	0.0989847715736	0.0459390862944	0.319796954315
-mew	0.446211804102	0.474466303893	0.0316031812474	0.0477187107576
-kix	0.222222222222	0.777777777778	0.0	0.0
-mes	0.0297755936963	0.050691132683	0.140889394563	0.778643879058
-mer	0.147055962964	0.852944037036	0.0	0.0
-luq	0.852855051245	0.0505124450951	0.0329428989751	0.0636896046852
-lur	0.25	0.0	0.75	0.0
-dsa	0.0709376600276	0.291755383662	0.581839743417	0.0554672128939
-mex	0.166297117517	0.364745011086	0.444567627495	0.0243902439024
-luh	0.698916703747	0.138900075841	0.0439594720714	0.118223748341
-med	0.878940110323	0.0465918045705	0.057328605201	0.0171394799054
-meg	0.0395108184384	0.881467544685	0.0790216368768	0.0
-luk	0.521739130435	0.366459627329	0.0	0.111801242236
-lul	0.739801310505	0.0974424011836	0.162756288311	0.0
-lum	0.0416666666666	0.678456072351	0.0886627906977	0.191214470284
-lun	0.0	1.0	0.0	0.0
-mel	0.624993485699	0.128954629916	0.014073136281	0.231978748104
-lub	0.322103045179	0.482543738722	0.187899980947	0.00745323515238
-men	0.617797465754	0.113895719609	0.0168878657342	0.251418948902
-jir	0.188688444661	0.720136518771	0.0619210141394	0.0292540224281
-luf	0.28317266799	0.608378225121	0.0425290615254	0.0659200453643
-dsu	0.509159530719	0.228427480372	0.0704990119456	0.191913976963
-heż	0.540271759536	0.426240321484	0.0334879189795	0.0
-fra	0.344274265394	0.576391682047	0.0412458133949	0.0380882391637
-jċi	0.21752265861	0.111782477341	0.670694864048	0.0
-law	0.41645021645	0.304761904762	0.229437229437	0.0493506493507
-ġaħ	0.332611520139	0.584235599827	0.0207882200087	0.062364660026
-sra	0.141972833442	0.571575359631	0.195729537367	0.0907222695605
-fri	0.812677476981	0.160100946679	0.00850674260624	0.0187148337337
-uba	0.577484876801	0.246348300792	0.11419859342	0.0619682289873
-sru	0.612264156508	0.229818756598	0.119934415014	0.0379826718805
-lma	0.0705490939337	0.567399337324	0.027219487585	0.334832081157
-nda	0.161712741634	0.733943047184	0.0394928289337	0.064851382249
-aġi	0.206896551724	0.524810765349	0.168208578637	0.100084104289
-aġe	0.064935064935	0.935064935065	0.0	0.0
-aġa	0.131580391942	0.523302409837	0.0189383542845	0.326178843937
-akk	0.0	0.995811518325	0.0041884816754	0.0
-aki	0.0	0.942857142857	0.0	0.0571428571429
-ħix	0.0905172413793	0.0948275862068	0.788793103448	0.0258620689656
-ħir	0.28833355969	0.586174113812	0.0947983159038	0.0306940105935
-nża	0.136778115502	0.808510638298	0.0547112462006	0.0
-ħin	0.204120777732	0.254106533548	0.0298844602425	0.511888228477
-lki	0.0	1.0	0.0	0.0
-amp	0.0273037542662	0.918088737201	0.0546075085324	0.0
-aks	0.174418604651	0.526270456503	0.172265288544	0.127045650301
-qna	0.275112494123	0.125366585328	0.0568627012022	0.542658219347
-zza	0.24892640778	0.675787676782	0.0527317096799	0.0225542057589
-gon	0.0	1.0	0.0	0.0
-qni	0.429787234043	0.0255319148936	0.391489361702	0.153191489362
-zzi	0.0364801138891	0.763769018596	0.181065931133	0.0186849363822
-gog	0.0247933884297	0.97520661157	0.0	0.0
-jeġ	0.10222229242	0.741222181858	0.0317786236634	0.124776902058
-qof	0.0473627556512	0.680301399354	0.214208826695	0.0581270182992
-mol	0.0283419933869	0.91355692017	0.0226735947095	0.0354274917336
-ixt	0.448275862069	0.0344827586207	0.456896551724	0.0603448275862
-ixu	0.683058639123	0.113523377277	0.0456199043152	0.157798079285
-rlu	0.685554663003	0.19569245163	0.0298933719333	0.088859513433
-ixx	0.669800093762	0.0992198487781	0.119907680102	0.111072377358
-ixa	0.00755939524838	0.947084233261	0.0302375809935	0.0151187904968
-rli	0.595691797846	0.0762220381111	0.116818558409	0.211267605634
-luġ	0.251711238197	0.397720634678	0.340599365217	0.00996876190875
-ixi	0.304383116883	0.593344155844	0.0438311688311	0.0584415584416
-rla	0.065859510304	0.716303605193	0.19877019877	0.0190666857334
-upu	0.0	1.0	0.0	0.0
-iċċ	0.275661157373	0.561249147505	0.072325270062	0.0907644250604
-qol	0.284167794317	0.219666215607	0.482634190347	0.0135317997293
-biċ	0.111801242236	0.850931677019	0.0372670807453	0.0
-eqa	0.143679651434	0.426318792468	0.364126770061	0.0658747860366
-luż	0.15625	0.1875	0.65625	0.0
-eqd	0.596153846154	0.173076923077	0.0	0.230769230769
-żlu	0.448024163101	0.164179641149	0.0403617273741	0.347434468376
-eqf	0.26357827476	0.223642172524	0.111821086262	0.400958466454
-eqi	0.444383184011	0.525844245348	0.0281185389387	0.00165403170228
-ame	0.096463022508	0.189710610932	0.096463022508	0.617363344052
-eqq	0.0361990950226	0.620814479638	0.342986425339	0.0
-biħ	0.0376831821354	0.367759944173	0.557571528262	0.0369853454292
-jiż	0.0609859393529	0.846264611215	0.0495510757242	0.0431983737083
-equ	0.614178085209	0.162003789047	0.070493897872	0.153324227872
-lçu	0.571300955279	0.113984438319	0.0352292469853	0.279485359417
-saħ	0.032457496136	0.0181607418856	0.916924265842	0.032457496136
-lça	0.531835205993	0.224719101123	0.176029962547	0.067415730337
-liħ	0.25	0.635714285714	0.0714285714285	0.0428571428571
-tra	0.0867931606419	0.297856465233	0.0907542700308	0.524596104094
-gan	0.251219512195	0.512195121951	0.090243902439	0.146341463415
-gal	0.0588235294117	0.735294117647	0.147058823529	0.0588235294117
-tri	0.302526190947	0.626939711405	0.0495686894643	0.0209654081834
-gaj	0.0	1.0	0.0	0.0
-tru	0.0788191036964	0.889679424272	0.00987896630684	0.0216225057246
-gat	0.215346534653	0.487623762376	0.0371287128713	0.259900990099
-gar	0.0	0.99	0.00999999999999	0.0
-oġx	0.552133743951	0.197096348438	0.151781786186	0.0989881214254
-drì	0.0	1.0	0.0	0.0
-ltà	0.138222508453	0.648446304943	0.175495089358	0.0378360972468
-ini	0.444384229283	0.351455859184	0.0463941544098	0.157765757123
-inn	0.0257190347872	0.00975021240333	0.000941760646087	0.963588992163
-ina	0.105807690186	0.159416683518	0.0854155122107	0.649360114084
-rza	0.115384615385	0.846153846154	0.0	0.0384615384615
-knu	0.267857142857	0.0	0.732142857143	0.0
-inx	0.320348974956	0.480007804552	0.146962496342	0.0526807241509
-kni	0.044630404463	0.839609483961	0.0990237099024	0.0167364016736
-kna	0.184970977138	0.173864755558	0.580289599967	0.0608746673372
-int	0.15967472515	0.0619929094528	0.00928071022651	0.769051655171
-inu	0.168188257516	0.657563355895	0.126239571856	0.0480088147332
-afx	0.775315462364	0.086571661749	0.0315985519074	0.106514323979
-bed	0.462191241097	0.383542961055	0.108804364298	0.0454614335506
-els	0.154929577465	0.718309859155	0.0422535211268	0.0845070422535
-xur	0.0844481605351	0.915551839465	0.0	0.0
-żda	0.0352865316243	0.0300380830917	0.00523687041774	0.929438514866
-dru	0.580253092157	0.263673411025	0.0680632015442	0.0880102952742
-ġtu	0.450638187028	0.0453243032039	0.0208387600938	0.483198749674
-jha	0.211149626611	0.507214938477	0.00831055381708	0.273324881095
-ltu	0.580932307548	0.240409407802	0.0693155093451	0.109342775305
-dre	0.40625	0.5	0.09375	0.0
-mba	0.0704347826087	0.929565217391	0.0	0.0
-lti	0.945205479452	0.0	0.0	0.054794520548
-dra	0.148201817942	0.683177446977	0.13568699776	0.0329337373205
-mbi	0.612170199787	0.349397590361	0.0219612627726	0.0164709470795
-lta	0.118604651163	0.839534883721	0.0139534883721	0.0279069767442
-hdu	0.590415335463	0.286900958466	0.0115015974441	0.111182108626
-xuk	0.428571428571	0.0857142857143	0.128571428571	0.357142857143
-ożè	0.0	1.0	0.0	0.0
-sa'	0.104086058081	0.452272630639	0.344657510949	0.0989838003316
-aha	0.694637312571	0.0853629994851	0.0290212354309	0.190978452513
-ahx	0.380341880342	0.235042735043	0.269230769231	0.115384615385
-aht	0.291866028708	0.435406698565	0.0861244019139	0.186602870813
-sas	0.87037037037	0.101851851852	0.0	0.0277777777778
-sar	0.696823189174	0.136020781362	0.0495617811334	0.117594248331
-dda	0.289219411448	0.453831389128	0.0854865837298	0.171462615694
-lfu	0.697458541677	0.202676260489	0.0415439222992	0.0583212755354
-jfa	0.0584514914397	0.532446902395	0.38086132847	0.0282402776961
-max	0.609608397255	0.278697348944	0.0349885614319	0.0767056923697
-ddi	0.407418860416	0.233906531501	0.115356691495	0.243317916588
-olu	0.0732177263969	0.597302504817	0.190751445087	0.138728323699
-ġçu	0.260572698883	0.0606573863336	0.0237654157624	0.655004499021
-mpa	0.460526315789	0.539473684211	0.0	0.0
-lfa	0.204348269878	0.664182913137	0.0414412575278	0.0900275594569
-sab	0.652982026144	0.128642429194	0.0250204248366	0.193355119826
-oll	0.0476744742255	0.0307876054339	0.0463191798077	0.875218740533
-olm	0.0	1.0	0.0	0.0
-ddu	0.472958432777	0.275669446651	0.0971276359764	0.154244484595
-sad	0.391028101147	0.546976838777	0.0206650200254	0.0413300400508
-ola	0.0740365871944	0.843585994902	0.0421727395412	0.0402046783626
-ddx	0.81163407684	0.071435590056	0.116930333104	0.0
-ċen	0.0	1.0	0.0	0.0
-sam	0.521496579865	0.333221628654	0.045634646849	0.0996471446313
-sal	0.588659999414	0.144153688276	0.037570400738	0.229615911572
-bhu	0.417733058999	0.315292484234	0.015807698098	0.251166758669
-ħxi	0.0333333333333	0.233333333333	0.633333333333	0.1
-aqq	0.46591733742	0.416658120485	0.0220491498258	0.0953753922697
-bha	0.470377257772	0.257922483	0.0744886103949	0.197211648833
-ożż	0.488986784141	0.206167400881	0.24140969163	0.063436123348
-uqu	0.0596160636301	0.0275408373752	0.00170968761034	0.911133411384
-uqx	0.735294117647	0.0882352941177	0.0	0.176470588235
-ham	0.00343597198361	0.96881194661	0.0224659706621	0.00528611074402
-uqa	0.397875166003	0.458432934927	0.107038512616	0.0366533864542
-maw	0.527068924398	0.290484140234	0.0484140233723	0.134032911996
-uqi	0.0859609076785	0.023413193179	0.00708955939617	0.883536339746
-uqh	0.656488549618	0.206106870229	0.0	0.137404580153
-bçu	0.50994947736	0.328750196795	0.10118840317	0.060111922675
-żor	0.115157406715	0.82838555298	0.0115905182083	0.0448665220968
-bçi	0.0	1.0	0.0	0.0
-hat	0.146606334842	0.738009049774	0.023076923077	0.0923076923077
-bça	0.145520091445	0.226523344764	0.136177789501	0.49177877429
-dwi	0.254870865428	0.640632079746	0.0917535115542	0.0127435432714
-wka	0.00641025641026	0.891025641026	0.0641025641025	0.0384615384615
-ssi	0.375945575468	0.527085342946	0.0426460882368	0.0543229933493
-ffi	0.788515406162	0.114845938375	0.0462184873949	0.0504201680672
-eħa	0.187142857143	0.67119047619	0.0980952380952	0.0435714285714
-jaħ	0.800681492497	0.093124072784	0.0298152967633	0.0763791379553
-ssa	0.13964882616	0.0642064860805	0.0242502872484	0.771894400511
-ffa	0.197215074921	0.67655516876	0.0944452853035	0.0317844710156
-sse	0.0	1.0	0.0	0.0
-eħi	0.202865329513	0.602865329513	0.111747851003	0.0825214899713
-ssx	0.491525423729	0.491525423729	0.0169491525424	0.0
