omo-	0.344444444444	0.466666666667	0.177777777778	0.0111111111111
vas-	0.294064592785	0.29835808979	0.304557788357	0.103019529068
nak-	0.443277867412	0.304781628017	0.0728200929516	0.17912041162
son-	0.0477088440505	0.797190269659	0.0268715821233	0.128229304168
dok-	0.216468576913	0.710533536069	0.0426968773126	0.0303010097057
maa-	0.100134189427	0.754384481992	0.0774148272928	0.0680665012876
aay-	0.314623338257	0.376661742984	0.0974889217134	0.211225997046
mah-	0.472474868358	0.322323280677	0.163395564066	0.0418062868996
eda-	0.0	1.0	0.0	0.0
tum-	0.287669824323	0.581656809128	0.0672762794699	0.0633970870788
eno-	0.0302419354839	0.969758064516	0.0	0.0
ola-	0.334430282478	0.158044200925	0.250638958956	0.25688655764
lis-	0.185756240822	0.780102790015	0.0198237885463	0.0143171806167
yuo-	0.102564102564	0.897435897436	0.0	0.0
epl-	0.0185185185185	0.981481481481	0.0	0.0
ana-	0.577753674139	0.224111931472	0.0168388453266	0.181295549062
yal-	0.121191446557	0.162335995124	0.0460874901775	0.670385068142
and-	0.476648829748	0.29412947308	0.105967507165	0.123254190007
bap-	0.446141583562	0.462958374822	0.0109706946777	0.0799293469379
wii-	0.660808951175	0.0850567383121	0.0203661972451	0.233768113267
tôô-	0.16304998852	0.749981553519	0.0428494227179	0.0441190352429
jim-	0.421075807483	0.31568224573	0.0236925702636	0.239549376524
hat-	0.564639071609	0.137714757589	0.028847329109	0.268798841694
kat-	0.786610460702	0.132277140688	0.0502257561833	0.0308866424262
abi-	0.0	1.0	0.0	0.0
ayu-	0.0232783437364	0.0564360751165	0.00484599482815	0.915439586319
mil-	0.131578947368	0.421052631579	0.0350877192982	0.412280701754
gan-	0.546713023352	0.254062439707	0.0554133661956	0.143811170745
yut-	0.0987654320987	0.876543209877	0.0246913580247	0.0
sen-	0.0194155270689	0.00441558095255	0.000967519669588	0.975201372309
ini-	0.0	1.0	0.0	0.0
bay-	0.148410895154	0.621505381577	0.0205242959797	0.209559427289
vah-	0.12892588645	0.51720556525	0.0739892805775	0.279879267723
tai-	0.00416428214837	0.975361330622	0.0163101050812	0.00416428214838
mey-	0.313732959319	0.308178602527	0.313114156638	0.0649742815159
kup-	0.10585071708	0.422995436767	0.449478487614	0.0216753585398
uli-	0.0	1.0	0.0	0.0
suu-	0.0730602227676	0.871436662262	0.0498395318105	0.00566358316028
bik-	0.0754395564579	0.795862639723	0.0869923216122	0.0417054822072
ti--	0.422306419301	0.299770635543	0.0917941720137	0.186128773142
has-	0.46875	0.484375	0.0	0.046875
ong-	0.485109406627	0.320329239125	0.060219791603	0.134341562645
dah-	0.336125404413	0.450934305954	0.0841366975527	0.12880359208
val-	0.453473293604	0.20854047312	0.127554900267	0.210431333008
yub-	0.0470588235294	0.952941176471	0.0	0.0
gaw-	0.55179286954	0.246546159309	0.0495291906899	0.152131780462
ate-	0.0824949698189	0.900201207243	0.00965794768611	0.00764587525151
naw-	0.494294540377	0.229760433065	0.0708579232025	0.205087103356
kam-	0.2193615532	0.461239744783	0.127763293588	0.191635408429
kle-	0.10650887574	0.881656804734	0.0118343195266	0.0
vum-	0.0	0.983277591973	0.010033444816	0.00668896321069
sin-	0.0682180044902	0.880085538982	0.0225838901584	0.0291125663693
aal-	0.343477582324	0.285231757073	0.138786703231	0.232503957372
m-n-	0.283261802575	0.639484978541	0.0515021459228	0.0257510729614
pat-	0.667979142279	0.263559291973	0.0250079812706	0.0434535844773
jem-	0.0226935723035	0.932757397976	0.0197279350138	0.024821094707
maw-	0.659666460778	0.206917850525	0.0630018529956	0.070413835701
oma-	0.0564610781449	0.536851765572	0.0235380827848	0.383149073498
mop-	0.224403860579	0.486283776068	0.0535092040508	0.235803159303
lom-	0.175413839892	0.587090521419	0.13013374685	0.10736189184
sil-	0.0829250112323	0.0691348545345	0.0118557935666	0.836084340667
him-	0.0371466396698	0.878072839602	0.0500220647406	0.0347584559873
saw-	0.135268689033	0.836063100241	0.01169361227	0.0169745984564
ake-	0.135338345865	0.864661654135	0.0	0.0
naa-	0.397691474043	0.166335165408	0.0358244518303	0.400148908719
jek-	0.0	0.96261682243	0.0373831775701	0.0
jam-	0.218327639982	0.57626615179	0.123867518194	0.0815386900342
aaw-	0.674397361076	0.114082720122	0.0652118751586	0.146308043644
kid-	0.04	0.96	0.0	0.0
vel-	0.838709677419	0.0967741935484	0.0	0.0645161290322
pas-	0.149800045655	0.560391843569	0.206481144011	0.0833269667637
buu-	0.487624542694	0.276334095006	0.0524536360667	0.183587726233
nge-	0.0486156600054	0.256546349523	0.596254860622	0.0985831298494
nai-	0.0728155339806	0.76213592233	0.0485436893204	0.116504854369
bak-	0.672826086956	0.193913043478	0.0678260869565	0.0654347826087
276-	0.0	0.340425531915	0.0	0.659574468085
haa-	0.279672967361	0.467020736952	0.0605469950274	0.192759300659
eso-	0.0	1.0	0.0	0.0
epa-	0.179750550257	0.758620689655	0.030814380044	0.0308143800441
500-	0.0454545454545	0.0909090909091	0.030303030303	0.833333333333
sap-	0.499702001956	0.268789893712	0.0268097848506	0.204698319482
puv-	0.341721854305	0.624503311258	0.0158940397351	0.017880794702
gun-	0.058064516129	0.941935483871	0.0	0.0
nan-	0.443009270108	0.193175664056	0.0338138057814	0.330001260055
153-	0.0603773584906	0.011320754717	0.0905660377359	0.837735849057
pok-	0.043795620438	0.43795620438	0.518248175183	0.0
usi-	0.0	1.0	0.0	0.0
ngô-	0.214797136038	0.713603818616	0.035799522673	0.035799522673
amu-	0.138396836129	0.184134868497	0.0852472453669	0.592221050007
yis-	0.0978175124901	0.834341309493	0.0646857743886	0.00315540362872
mel-	0.092843222174	0.723291622842	0.153200983728	0.0306641712553
jmb-	0.130434782609	0.627329192547	0.242236024845	0.0
juu-	0.435658914729	0.361240310078	0.193798449612	0.0093023255814
hah-	0.119848503191	0.676253393978	0.115179080989	0.0887190218425
lid-	0.0155642023346	0.984435797665	0.0	0.0
isa-	0.0507173535594	0.896585336136	0.0338115690396	0.0188857412653
joe-	0.0	1.0	0.0	0.0
luv-	0.153846153846	0.791695030633	0.0299523485364	0.0245064669844
pud-	0.0	1.0	0.0	0.0
yah-	0.377885138722	0.450810694583	0.062275320347	0.109028846348
bab-	0.100306792579	0.510090599684	0.108455970471	0.281146637266
ita-	0.0336391437309	0.819571865443	0.0489296636086	0.0978593272172
nyu-	0.8	0.2	0.0	0.0
mum-	0.368115942029	0.359420289855	0.23768115942	0.0347826086957
hol-	0.558131423999	0.340199276477	0.0260550232854	0.0756142762379
doo-	0.514629791677	0.160377321163	0.0631877058968	0.261805181263
kom-	0.557524108545	0.412872841444	0.0197353666741	0.00986768333707
dat-	0.239636233765	0.498488993586	0.216675243389	0.0451995292598
mee-	0.143194390261	0.570854464884	0.166301553482	0.119649591373
kod-	0.22641509434	0.622641509434	0.0	0.150943396226
aan-	0.543308962462	0.262773349209	0.0580774470641	0.135840241265
ali-	0.130513117227	0.784836455785	0.0618728852041	0.0227775417833
mek-	0.100463800793	0.571908901217	0.276490541035	0.0511367569546
oni-	0.291934332619	0.598144182727	0.00428265524625	0.105638829408
non-	0.112537018756	0.780519907864	0.0684435669628	0.0384995064166
mêê-	0.160128439766	0.646275761675	0.06744960003	0.126146198529
mal-	0.0906657963828	0.271127129021	0.0686405514852	0.569566523111
yen-	0.114085970304	0.822431929354	0.046210120774	0.017271979568
sab-	0.0	1.0	0.0	0.0
nyi-	0.651788709628	0.195949861234	0.0320229345207	0.120238494617
aki-	0.0196078431372	0.980392156863	0.0	0.0
nin-	0.357058159132	0.285289833486	0.124807767498	0.232844239885
hog-	0.161073825503	0.624161073826	0.0	0.214765100671
yav-	0.186891566265	0.545927710844	0.0809638554217	0.18621686747
mo--	0.269444444444	0.291666666667	0.372222222222	0.0666666666666
jôô-	0.137804073467	0.828463191947	0.0148977376721	0.018834996914
ova-	0.330005689753	0.561371747789	0.0822427972896	0.0263797651684
sak-	0.462569839178	0.286257752048	0.0599383878975	0.191234020877
apa-	0.0	1.0	0.0	0.0
ALL	0.229885592294	0.285605046771	0.0544096441707	0.430099716764
san-	0.538027904125	0.124178615626	0.0406944045654	0.297099075684
nii-	0.549511262218	0.233744156396	0.148746281343	0.0679983000426
ôôy-	0.202523242209	0.238950096675	0.0300620437653	0.528464617351
lo--	0.513104809866	0.22873329709	0.0794014134882	0.178760479556
ak--	0.384998941911	0.21234525447	0.12339964025	0.279256163369
plo-	0.0	1.0	0.0	0.0
tel-	0.0	1.0	0.0	0.0
gaa-	0.434255112697	0.476264193943	0.0495257457409	0.0399549476188
mii-	0.178437265214	0.252441773103	0.4169797145	0.152141247183
gas-	0.766233766234	0.175324675325	0.012987012987	0.0454545454545
ata-	0.191892832289	0.639526791928	0.0589770354906	0.109603340292
oka-	0.59143322215	0.24646006491	0.0295295852736	0.132577127666
loh-	0.196581258256	0.115064481213	0.0845400141337	0.603814246397
lum-	0.107316932066	0.790789835264	0.0606008012612	0.0412924314083
waa-	0.181567965906	0.46728225162	0.207315990411	0.143833792063
mes-	0.198547423611	0.742790837595	0.00902488289139	0.0496368559027
num-	0.123357214025	0.686150780472	0.133320681311	0.0571713241923
sed-	0.0	1.0	0.0	0.0
omb-	0.444284704245	0.386805931738	0.0852352243562	0.0836741396611
ami-	0.0	1.0	0.0	0.0
jii-	0.483568075117	0.241001564945	0.0845070422535	0.190923317684
dev-	0.0326174227218	0.918908069049	0.0108390204737	0.0376354877559
vuv-	0.478128179044	0.3997965412	0.122075279756	0.0
aas-	0.467247033461	0.195129303651	0.153739346494	0.183884316394
tal-	0.321690722584	0.576592414086	0.0565533874986	0.0451634758308
heg-	0.267973856209	0.575163398693	0.117647058824	0.0392156862745
alp-	0.136518771331	0.863481228669	0.0	0.0
paa-	0.175624446398	0.730732124639	0.0583120576435	0.0353313713197
kos-	0.0168539325843	0.983146067416	0.0	0.0
lem-	0.0441148313528	0.0209883669478	0.00824657642501	0.926650225274
450-	0.238410596027	0.562913907285	0.0	0.198675496689
dak-	0.168334872048	0.232241658431	0.19458919562	0.4048342739
wan-	0.280053343494	0.615926843208	0.0640121927986	0.0400076204992
pon-	0.0	0.989966555184	0.0	0.010033444816
vil-	0.148671516164	0.102894314661	0.250928510208	0.497505658967
nga-	0.0967100819863	0.260121673514	0.028111295192	0.615056949307
ben-	0.0472417087498	0.9433099495	0.0	0.00944834174997
veh-	0.0754234351388	0.572717237141	0.145845316223	0.206014011496
nip-	0.114889519646	0.481610644003	0.271264443346	0.132235393006
sti-	0.203419131771	0.630618517096	0.0172877449097	0.148674606224
pin-	0.0401768998962	0.161253004604	0.0488556718761	0.749714423624
bun-	0.249613202682	0.511603919546	0.152140278494	0.086642599278
ili-	0.0294117647059	0.970588235294	0.0	0.0
jap-	0.237847222222	0.678819444444	0.03125	0.0520833333334
lam-	0.487862539812	0.238496243646	0.0469084511043	0.226732765438
til-	0.0384615384615	0.961538461538	0.0	0.0
gat-	0.279205512312	0.138822618637	0.0398052892978	0.542166579753
esl-	0.0	1.0	0.0	0.0
sat-	0.0149018859963	0.043533722543	0.0368013814855	0.904763009975
peg-	0.00892857142857	0.982142857143	0.0	0.00892857142856
ani-	0.228588925034	0.336498143786	0.306155827022	0.128757104159
kis-	0.0606060606061	0.878787878788	0.0606060606061	0.0
goo-	0.0929400691199	0.235742083761	0.107353554743	0.563964292376
gêê-	0.173745562645	0.176252708129	0.0517476295823	0.598254099644
sov-	0.204190720547	0.513577079324	0.0737652341245	0.208466966004
mom-	0.0573239655879	0.846321410084	0.0331797630277	0.0631748613004
ban-	0.141103167474	0.647623694751	0.119963062185	0.091310075589
êê--	0.133951571355	0.100291945732	0.0305684355143	0.735188047398
hal-	0.0680422324431	0.812419038475	0.0330079750592	0.0865307540229
alô-	0.478555845227	0.25429067476	0.0928167519133	0.1743367281
lia-	0.0	1.0	0.0	0.0
nam-	0.0904103101843	0.0657343295698	0.0123607074756	0.83149465277
sev-	0.378531073446	0.593220338983	0.0112994350282	0.0169491525424
leh-	0.0544217687074	0.931972789116	0.0	0.0136054421769
oli-	0.0226455787203	0.965492451474	0.00754852624012	0.00431344356578
gis-	0.0676691729323	0.90977443609	0.0	0.0225563909774
tok-	0.47683439414	0.204515431728	0.025699531644	0.292950642488
kon-	0.113184460079	0.837870908535	0.0305903946161	0.0183542367696
me--	0.382720623176	0.252558349633	0.130148823993	0.234572203198
hak-	0.697795686808	0.0911098507645	0.0143894157303	0.196705046698
soo-	0.0536627773505	0.120738652463	0.0377229296727	0.787875640514
jul-	0.236722306525	0.754172989378	0.0	0.00910470409712
apl-	0.28729281768	0.668508287293	0.0220994475138	0.0220994475138
vay-	0.832112332112	0.0818070818071	0.0347985347985	0.0512820512821
hel-	0.0848741898589	0.835684330919	0.0549942813572	0.024447197865
tuk-	0.10873982822	0.417103944077	0.404613314307	0.0695429133965
siv-	0.0	1.0	0.0	0.0
pan-	0.277828273647	0.48989409333	0.189578325826	0.0426993071967
nim-	0.302005674293	0.398386884817	0.162983081714	0.136624359176
yim-	0.303146060926	0.279522380536	0.357763022823	0.0595685357151
avi-	0.208416263861	0.698322433893	0.0508956497014	0.0423656525448
jod-	0.0	1.0	0.0	0.0
yam-	0.161600087368	0.140756515566	0.0366478668882	0.660995530177
baa-	0.213545938695	0.555415194452	0.0937110917887	0.137327775064
lat-	0.516666662635	0.122972292667	0.0239143366756	0.336446708023
pen-	0.0471038873648	0.764480563176	0.169573994513	0.0188415549459
ape-	0.0740740740741	0.925925925926	0.0	0.0
dun-	0.171641791045	0.703980099503	0.0995024875621	0.0248756218905
hul-	0.51302632786	0.195945326117	0.0513714338134	0.23965691221
ato-	0.210529378356	0.173723760764	0.0164239813075	0.599322879573
gim-	0.554054054054	0.391891891892	0.027027027027	0.027027027027
lab-	0.280898876405	0.542134831461	0.0	0.176966292135
atm-	0.0	1.0	0.0	0.0
awi-	0.506048656597	0.370739205989	0.0522657398744	0.0709463975404
wit-	0.203799654577	0.76079447323	0.0146804835924	0.0207253886011
ino-	0.0	1.0	0.0	0.0
bas-	0.483129480079	0.426812398506	0.074136243596	0.0159218778193
ayê-	0.530997304582	0.380053908356	0.0566037735849	0.0323450134771
yes-	0.02123971286	0.665671266136	0.00894713179084	0.304141889213
lii-	0.577117980375	0.246164831621	0.0511355783849	0.125581609619
yuu-	0.0851363470562	0.0630303550367	0.0213908627367	0.83044243517
ang-	0.221262451367	0.40002944343	0.102332567806	0.276375537397
sêê-	0.610961365678	0.335130278526	0.0323450134771	0.0215633423181
voo-	0.060584616717	0.67060233057	0.0722100002393	0.196603052474
kee-	0.130272925371	0.311518064345	0.160792809463	0.397416200821
day-	0.417494482708	0.38339020402	0.105151214871	0.0939640984014
ma--	0.301948051948	0.331168831169	0.152597402597	0.214285714286
eha-	0.0	1.0	0.0	0.0
666-	0.0365853658537	0.0	0.0	0.963414634146
jol-	0.0	1.0	0.0	0.0
sod-	0.0631621855615	0.927480453615	0.00935736082394	0.0
ye--	0.843696843697	0.156303156303	0.0	0.0
kun-	0.42175066313	0.267904509284	0.286472148541	0.0238726790451
adl-	0.189473684211	0.726315789474	0.0631578947368	0.0210526315789
kan-	0.392114897314	0.318717411054	0.0684363561492	0.220731335483
sus-	0.212954747116	0.736468500444	0.0372670807453	0.0133096716947
guv-	0.240886017536	0.742501153669	0.0166128287956	0.0
nav-	0.454519943902	0.13909543984	0.0243882477473	0.381996368511
gap-	0.243902439024	0.630662020906	0.12543554007	0.0
osi-	0.00257855279239	0.0040490817172	0.00331298582118	0.990059379669
vul-	0.284306021859	0.541217229802	0.037978903255	0.136497845084
bum-	0.089552238806	0.899253731343	0.0111940298507	0.0
dek-	0.025	0.766666666667	0.00833333333333	0.2
luh-	0.075	0.9	0.0	0.025
daw-	0.426307198215	0.293354373818	0.119536240275	0.160802187692
vak-	0.180523018404	0.321292591418	0.0139018783018	0.484282511876
kum-	0.0394736842105	0.802631578947	0.0	0.157894736842
met-	0.207836113939	0.716581428048	0.0593394834081	0.016242974605
tao-	0.0718181196136	0.125697732989	0.0176136775814	0.784870469816
100-	0.00982559567674	0.036231884058	0.0377057234095	0.916236796856
pêê-	0.29355934016	0.575595540465	0.0725610245167	0.0582840948587
dap-	0.451317747232	0.356952994994	0.122792895428	0.0689363623458
lol-	0.138896852023	0.755266644456	0.0578769166402	0.0479595868812
ken-	0.0	1.0	0.0	0.0
pib-	0.376425855513	0.61216730038	0.0114068441065	0.0
hil-	0.0420522484005	0.232766854265	0.00778348236582	0.717397414969
vuu-	0.292900345228	0.333145015307	0.0609329366274	0.313021702838
jal-	0.575673151555	0.376952249938	0.0301474717772	0.0172271267298
mat-	0.113357457477	0.842199954815	0.0279353408447	0.0165072468628
nit-	0.23314166231	0.4174072138	0.329064296916	0.0203868269733
aat-	0.682899987907	0.155048978111	0.0341032773008	0.127947756682
muu-	0.202213389228	0.116912843624	0.0627393647103	0.618134402438
aka-	0.442538318378	0.292984391273	0.086683082443	0.177794207907
sol-	0.00555714677094	0.986107133073	0.00277857338547	0.00555714677094
gok-	0.0	1.0	0.0	0.0
mem-	0.0722533599476	0.0319963060044	0.0100051596188	0.885745174429
yip-	0.0900436070703	0.801770913085	0.0694051463	0.0387803335442
ala-	0.671144268181	0.19806575997	0.0271031105709	0.103686861278
but-	0.590476190476	0.304761904762	0.0190476190476	0.0857142857143
nah-	0.505493767251	0.26988371939	0.13146544487	0.0931570684883
duu-	0.452370079459	0.312791122477	0.0803726367705	0.154466161293
hib-	0.0569312659107	0.906965980097	0.0333256190697	0.00277713492247
ayi-	0.373400111297	0.313856427379	0.0200333889816	0.292710072343
anu-	0.049373943791	0.744985664411	0.0151512239452	0.190489167852
wai-	0.0577276709408	0.905520668034	0.01203090101	0.0247207600153
gay-	0.402382310738	0.255138910499	0.222671714814	0.119807063949
puu-	0.431289640592	0.416490486258	0.126849894292	0.0253699788584
aam-	0.336805029958	0.530900795874	0.0181841549592	0.114110019209
kin-	0.108728886988	0.815502217475	0.0390497538622	0.0367191416746
ona-	0.435900903051	0.315635339467	0.0711610309943	0.177302726487
dan-	0.325595211033	0.265409851445	0.0990527092545	0.309942228267
tio-	0.340136054422	0.591836734694	0.0408163265306	0.0272108843537
eba-	0.0357142857143	0.964285714286	0.0	0.0
hay-	0.310606060606	0.628787878788	0.0	0.0606060606061
bam-	0.110374800409	0.681981326466	0.16398541775	0.0436584553751
mis-	0.0	1.0	0.0	0.0
tii-	0.272079120125	0.228371401193	0.0677355225332	0.431813956149
elm-	0.0	1.0	0.0	0.0
din-	0.116490787923	0.36888702525	0.242766273128	0.271855913699
nêê-	0.850149486502	0.0173163886214	0.00238089991806	0.130153224958
yai-	0.059598059598	0.92376992377	0.00831600831601	0.00831600831601
lav-	0.352131363348	0.39184011094	0.069084223713	0.186944301999
top-	0.0	0.818181818182	0.181818181818	0.0
yon-	0.0588976039379	0.904875695227	0.0210348585492	0.0151918422856
yin-	0.255823684333	0.253732542809	0.31115126405	0.179292508807
yêê-	0.123892925417	0.61378539079	0.150723941248	0.111597742545
aah-	0.77186293403	0.117801860793	0.020887295634	0.0894479095436
vav-	0.05150021779	0.900369995676	0.0390133408863	0.00911644564733
hoo-	0.202151814202	0.315426281813	0.0668991615345	0.41552274245
sos-	0.0	0.967741935484	0.0322580645161	0.0
luu-	0.37519068443	0.236575816129	0.0190684429981	0.369165056443
don-	0.0161920714685	0.974874371859	0.0	0.00893355667225
tat-	0.345915941245	0.41669414703	0.126667470024	0.110722441701
bit-	0.0185185185185	0.962962962963	0.0	0.0185185185185
tov-	0.771784980351	0.0876987417529	0.0301041929552	0.110412084941
e-k-	0.243902439024	0.159645232816	0.152993348115	0.443458980044
nom-	0.247103149941	0.171370903425	0.0143765712719	0.567149375362
nia-	0.1	0.9	0.0	0.0
pot-	0.0	1.0	0.0	0.0
lap-	0.61441502411	0.276795533373	0.0658150748667	0.0429743676508
esa-	0.0984009840098	0.831488314883	0.0	0.070110701107
sia-	0.0712184873949	0.921428571429	0.00483193277311	0.00252100840336
sis-	0.0966965360438	0.885248094155	0.00882706968035	0.00922830012037
gil-	0.490980428149	0.157552256614	0.086180391437	0.2652869238
pai-	0.0	1.0	0.0	0.0
mos-	0.170553294851	0.771548625313	0.00912967913505	0.0487684007008
kok-	0.368294635709	0.416599946624	0.0	0.215105417667
bo--	0.14307633295	0.672036823936	0.145761411584	0.0391254315304
hôô-	0.061490490447	0.0657203200082	0.0099213783442	0.862867811201
jaa-	0.328900071891	0.564701653487	0.103163191948	0.00323508267434
bet-	0.0577336704275	0.89755103581	0.0104901701823	0.0342251235802
ges-	0.405235602094	0.142408376963	0.196858638743	0.255497382199
law-	0.627181413764	0.190527476112	0.0283450219055	0.153946088218
sal-	0.218164656211	0.392640306608	0.0209598594379	0.368235177742
asu-	0.20281697951	0.502564671306	0.232705797543	0.06191255164
bop-	0.0570283782314	0.483631863114	0.169953190862	0.289386567792
nih-	0.0696936863728	0.853163585472	0.0393331978962	0.0378095302589
isk-	0.0268817204301	0.97311827957	0.0	0.0
gab-	0.15332197615	0.795570698467	0.03066439523	0.0204429301533
sek-	0.0119760479042	0.964071856287	0.0239520958084	0.0
400-	0.244186046512	0.214285714286	0.014950166113	0.52657807309
den-	0.158631415241	0.687402799378	0.0793157076205	0.0746500777604
yan-	0.40659025788	0.300946025913	0.0973822723308	0.195081443877
isl-	0.0833553235283	0.8358456067	0.0337258654064	0.0470732043658
bav-	0.193313953488	0.714389534884	0.0486918604651	0.0436046511628
yu--	0.503520041719	0.248062199256	0.0829639462394	0.165453812786
anô-	0.419447815534	0.466777912621	0.0318567961165	0.0819174757281
nee-	0.520220983033	0.0478751525601	0.0208205600893	0.411083304318
age-	0.0	1.0	0.0	0.0
lul-	0.0570250417879	0.872992373157	0.027238494155	0.0427440909002
das-	0.509279156085	0.295862473139	0.102715374097	0.0921429966791
tab-	0.0185185185185	0.981481481481	0.0	0.0
lok-	0.402943816306	0.435328875955	0.0737623131614	0.0879649945775
gal-	0.202862426413	0.449078432225	0.05030300889	0.297756132472
see-	0.619636363636	0.156363636364	0.0625454545455	0.161454545455
hav-	0.131468130687	0.061940161629	0.0215792137913	0.785012493893
sel-	0.113951644867	0.852523450918	0.0173404676972	0.0161844365174
kay-	0.28125	0.71875	0.0	0.0
kli-	0.068526379624	0.870830806549	0.0315342631898	0.0291085506368
kus-	0.0	0.960784313725	0.0392156862745	0.0
bii-	0.529737837162	0.104149528318	0.0459777697296	0.32013486479
vaa-	0.131001261797	0.314172003434	0.129943670189	0.42488306458
gak-	0.631489756375	0.129895244797	0.0172276980753	0.221387300752
ati-	0.532967032967	0.434065934066	0.0	0.032967032967
têê-	0.48837671369	0.226703755215	0.22769719849	0.0572223326048
jah-	0.0	0.987603305785	0.0123966942149	0.0
lop-	0.271296593801	0.229649632665	0.0358851242802	0.463168649254
leb-	0.201923076923	0.423076923077	0.302884615385	0.0721153846154
luk-	0.321999282422	0.255829626559	0.0379474446025	0.384223646417
tay-	0.576581027668	0.321146245059	0.0844861660079	0.0177865612648
el--	0.0	1.0	0.0	0.0
pav-	0.137511400374	0.103066951987	0.0342478473846	0.725173800255
kop-	0.0909703504043	0.81704851752	0.0919811320755	0.0
kak-	0.192107129385	0.568224820822	0.173658996605	0.0660090531875
nel-	0.0	1.0	0.0	0.0
one-	0.179536679537	0.799227799228	0.00965250965251	0.011583011583
sto-	0.276923076923	0.538461538462	0.184615384615	0.0
nye-	0.323887194535	0.473395775794	0.107763111155	0.0949539185157
430-	0.649635036496	0.043795620438	0.021897810219	0.284671532847
lal-	0.596025216377	0.0910564715517	0.0325429983209	0.280375313751
bua-	0.00707547169811	0.896226415094	0.0966981132075	0.0
jas-	0.0726315789474	0.873684210526	0.0505263157895	0.00315789473684
nis-	0.0	0.296052631579	0.703947368421	0.0
gus-	0.0	1.0	0.0	0.0
tom-	0.0571204939947	0.0258124743801	0.00024860901927	0.916818422606
gen-	0.120141342756	0.879858657244	0.0	0.0
tik-	0.105071096011	0.762803573676	0.0283125707814	0.103812759532
gel-	0.222503160556	0.671302149178	0.00379266750948	0.102402022756
sau-	0.124431660017	0.808017073397	0.0259812563793	0.041570010207
ley-	0.0	1.0	0.0	0.0
kwo-	0.0	1.0	0.0	0.0
gol-	0.257898603968	0.689199118295	0.017634092579	0.035268185158
ela-	0.0	1.0	0.0	0.0
iyo-	0.0357142857143	0.785714285714	0.107142857143	0.0714285714286
yud-	0.0380222295214	0.837326100086	0.0974828439942	0.0271688263985
dup-	0.795589779489	0.14000700035	0.0182009100455	0.0462023101155
yii-	0.120128760713	0.0870026808155	0.0141179546748	0.778750603797
nag-	0.352583586626	0.647416413374	0.0	0.0
aen-	0.0855106888361	0.729216152019	0.13539192399	0.0498812351544
oot-	0.202985074627	0.330490405117	0.25842217484	0.208102345416
itu-	0.0	0.991071428571	0.00892857142856	0.0
amê-	0.211240310078	0.291528239203	0.383720930233	0.113510520487
tam-	0.148802108867	0.701833203404	0.0210967073063	0.128267980422
gul-	0.412343715508	0.303356143799	0.134554265061	0.149745875632
nal-	0.380375805229	0.338350373767	0.0747574105543	0.20651641045
las-	0.505377553581	0.299049085859	0.0412466579565	0.154326702604
men-	0.406714310937	0.351426669199	0.0673006234057	0.174558396459
ava-	0.583850931677	0.165631469979	0.250517598344	0.0
iko-	0.0130718954248	0.967320261438	0.0130718954248	0.00653594771242
bus-	0.0390474875544	0.684437622862	0.0104408538206	0.266074035763
lub-	0.0	1.0	0.0	0.0
daa-	0.511196184676	0.240136791553	0.0676737877314	0.18099323604
tap-	0.355494966443	0.545931208054	0.0352348993289	0.0633389261745
ahu-	0.127523602033	0.325054466231	0.404793028322	0.142628903413
lup-	0.556119213697	0.362714013951	0.0152187698161	0.0659480025364
deb-	0.0101522842639	0.989847715736	0.0	0.0
aho-	0.146697281661	0.1724840602	0.106280259899	0.574538398241
ame-	0.229060467743	0.398845104873	0.157578618826	0.214515808557
dom-	0.196463654224	0.803536345776	0.0	0.0
koo-	0.27549046698	0.526112185687	0.135396518375	0.0630008289582
lai-	0.0602006688963	0.872909698997	0.066889632107	0.0
yum-	0.034890558641	0.250049003594	0.153283240771	0.561777196994
llô-	0.560975609756	0.121951219512	0.0487804878049	0.268292682927
bos-	0.111111111111	0.888888888889	0.0	0.0
pam-	0.00822669104205	0.95886654479	0.0191956124314	0.0137111517367
pos-	0.282051282051	0.717948717949	0.0	0.0
mag-	0.0162962962963	0.983703703704	0.0	0.0
end-	0.00305810397554	0.98623853211	0.0	0.0107033639144
oow-	0.0885702235344	0.582454660481	0.075917334458	0.253057781527
jok-	0.167331634219	0.806247581431	0.0264207843503	0.0
akw-	0.0	1.0	0.0	0.0
nil-	0.155957254875	0.405141905489	0.333599333842	0.105301505794
kêê-	0.302727702738	0.565774951385	0.10153991696	0.0299574289168
meg-	0.0448717948717	0.955128205128	0.0	0.0
opa-	0.611557712726	0.339299256787	0.0109206734415	0.0382223570453
alo-	0.192995584687	0.463142494406	0.061914511898	0.281947409009
ano-	0.386600695373	0.464830168494	0.0419898368547	0.106579299278
pit-	0.0387625603824	0.921717469241	0.00464544796593	0.034874522411
mam-	0.143985701247	0.761762779101	0.0423822434125	0.0518692762398
hit-	0.543307086614	0.275590551181	0.0472440944882	0.133858267717
man-	0.402696584985	0.37432264747	0.0312166545703	0.191764112974
laa-	0.550764394989	0.141494688095	0.0287216417447	0.279019275172
vin-	0.133829460685	0.385450500291	0.0770306123663	0.403689426658
sip-	0.127683857384	0.832963438833	0.0130135473228	0.0263391564595
yus-	0.0442451859474	0.922240188152	0.0132294575922	0.0202851683081
yos-	0.0421686746988	0.94578313253	0.0	0.0120481927711
gah-	0.431257811202	0.332531443474	0.0583067842772	0.177903961047
dum-	0.0543030167431	0.903960467148	0.0208682580545	0.0208682580545
ema-	0.0121457489878	0.914979757085	0.0242914979757	0.0485829959515
pis-	0.025974025974	0.974025974026	0.0	0.0
his-	0.0814479638009	0.809954751131	0.0	0.108597285068
sai-	0.0222744455316	0.967284408125	0.00730880244007	0.00313234390289
jêê-	0.408998685121	0.45969521932	0.0825613733094	0.0487447222491
yas-	0.107913669065	0.78417266187	0.107913669065	0.0
pum-	0.274500475737	0.647002854424	0.0356803044719	0.0428163653663
amb-	0.536336770384	0.270842923765	0.0669238891523	0.125896416699
nop-	0.0185185185185	0.962962962963	0.0185185185185	0.0
lot-	0.114918670038	0.793938936483	0.059440691399	0.0317017020795
atu-	0.600445777067	0.139862098784	0.0744925128497	0.1851996113
nay-	0.488085551231	0.282093434434	0.127118714194	0.102702300141
kao-	0.0663149410127	0.874331354876	0.0227156151535	0.0366380889573
neh-	0.0	1.0	0.0	0.0
wat-	0.24	0.44	0.04	0.28
300-	0.00738916256157	0.0443349753694	0.204433497537	0.743842364532
tis-	0.0425531914894	0.914893617021	0.0425531914893	0.0
lep-	0.0	1.0	0.0	0.0
kot-	0.108108108108	0.891891891892	0.0	0.0
bul-	0.301628716003	0.266919671094	0.187539531942	0.243912080961
jun-	0.299877521238	0.31017094908	0.0346588836191	0.355292646063
dav-	0.417869213854	0.165440454774	0.031467035928	0.385223295444
ebe-	0.0	1.0	0.0	0.0
wak-	0.271676300578	0.612716763006	0.0693641618497	0.0462427745665
asi-	0.0	1.0	0.0	0.0
lôô-	0.219819631508	0.110151579627	0.130878035887	0.539150752977
jop-	0.0692443770533	0.813495072024	0.105130149103	0.0121304018196
now-	0.102723011213	0.651174519574	0.178000073753	0.0681023954602
tan-	0.156184397894	0.630804090666	0.0188660009669	0.194145510473
hey-	0.0488588407912	0.0358428673339	0.00762471308454	0.90767357879
ale-	0.0505683136163	0.84643934122	0.0974251913709	0.00556715379262
kôô-	0.592861912889	0.19047265712	0.121540402167	0.0951250278252
aha-	0.724832214765	0.194630872483	0.0671140939597	0.0134228187919
bil-	0.480131923286	0.475985051468	0.0129067721313	0.0309762531152
kav-	0.63580938161	0.164800298619	0.158143585915	0.0412467338559
nea-	0.0	1.0	0.0	0.0
aga-	0.0	1.0	0.0	0.0
wil-	0.467889908257	0.357798165138	0.165137614679	0.0091743119266
niw-	0.121850295521	0.500512629407	0.161957090474	0.215679984599
osa-	0.405816841599	0.328779745213	0.208116336832	0.0572870763561
lah-	0.531812047132	0.276703071607	0.0457534482593	0.145731433002
jep-	0.0	1.0	0.0	0.0
gwe-	0.0934466019417	0.320388349515	0.542475728155	0.0436893203883
sii-	0.0907004029995	0.730755496608	0.178544100393	0.0
bel-	0.139011509375	0.794871530126	0.0236109644326	0.0425059960666
boa-	0.0353982300885	0.946902654867	0.0176991150442	0.0
wal-	0.538461538462	0.301003344482	0.0401337792642	0.120401337793
ton-	0.0245307912906	0.0110614769399	0.00285479273539	0.961552939034
leo-	0.0195167286245	0.961895910781	0.0185873605948	0.0
edl-	0.376470588235	0.294117647059	0.305882352941	0.0235294117647
ant-	0.0751010171381	0.8864428034	0.00167200780271	0.0367841716595
noa-	0.0243534732692	0.946422358808	0.00730604198074	0.0219181259423
yaa-	0.230503803005	0.25610358212	0.113157965749	0.400234649125
len-	0.413372487011	0.546645583917	0.00609893833296	0.0338829907386
boy-	0.299345182413	0.369504209542	0.219831618335	0.11131898971
tiu-	0.246753246753	0.727272727273	0.0	0.025974025974
niy-	0.335658238884	0.507410636443	0.0967741935484	0.0601569311246
pol-	0.0834292370544	0.810805059236	0.0127824959608	0.0929832077485
esi-	0.0230569948186	0.966839378238	0.00544041450777	0.00466321243523
aya-	0.163455149502	0.776744186047	0.0079734219269	0.0518272425249
jav-	0.298227580357	0.297555505915	0.0766657009923	0.327551212736
bee-	0.159346271706	0.727272727273	0.0214504596527	0.0919305413687
ske-	0.0416666666666	0.958333333333	0.0	0.0
kah-	0.741477272727	0.0980113636363	0.112215909091	0.0482954545454
mon-	0.460071889392	0.375815364404	0.0622251541838	0.101887592019
dam-	0.328653850646	0.371037817383	0.104967181332	0.195341150639
put-	0.0357142857143	0.964285714286	0.0	0.0
nap-	0.546224145608	0.31613685077	0.0617904315546	0.0758485720671
yit-	0.0171675628348	0.0172376883042	0.0039061719809	0.96168857688
ses-	0.0	0.849056603774	0.150943396226	0.0
yoo-	0.313590864699	0.0301950281215	0.0738715160636	0.582342591116
bal-	0.234732388852	0.488904299913	0.0679069590374	0.208456352197
apo-	0.217293233083	0.687969924812	0.0135338345865	0.0812030075188
han-	0.817739130435	0.102573913043	0.0248173913044	0.0548695652174
sad-	0.0695889476378	0.904144635852	0.0170561146171	0.00921030189323
mok-	0.610518862703	0.281284937304	0.038186894115	0.0700093058776
ama-	0.0	1.0	0.0	0.0
nes-	0.208791208791	0.681318681319	0.087912087912	0.021978021978
lut-	0.0	1.0	0.0	0.0
sop-	0.0	0.959183673469	0.0408163265306	0.0
wop-	0.379110251451	0.179883945841	0.243713733075	0.197292069632
tas-	0.356374807988	0.364055299539	0.207373271889	0.0721966205837
amp-	0.0196078431372	0.980392156863	0.0	0.0
set-	0.0	1.0	0.0	0.0
kaa-	0.411913226033	0.477227350174	0.0351328117893	0.0757266120035
ele-	0.0	0.975138121547	0.024861878453	0.0
ais-	0.595238095238	0.297619047619	0.0833333333333	0.0238095238095
eli-	0.026325381718	0.902663588622	0.00864012528182	0.0623709043781
kep-	0.121457489879	0.878542510121	0.0	0.0
vap-	0.349617605744	0.531762135165	0.0717964726081	0.0468237864836
tuu-	0.0840425531914	0.903191489362	0.00638297872339	0.0063829787234
tol-	0.0492081447964	0.940610859728	0.0	0.0101809954751
eki-	0.0	1.0	0.0	0.0
lus-	0.0	1.0	0.0	0.0
dem-	0.00813191777727	0.985091484075	0.0	0.00677659814773
kuk-	0.0	0.911054637865	0.0762388818298	0.012706480305
mot-	0.47952925576	0.416542350406	0.0139234211835	0.0900049726504
jes-	0.116308946414	0.174371493881	0.0639639664354	0.645355593269
bla-	0.294779938587	0.404298874104	0.122824974411	0.178096212897
ond-	0.427216949499	0.0291921692036	0.0015842622888	0.542006619009
ahô-	0.466666666667	0.249462365591	0.13476702509	0.149103942652
yat-	0.00958071179406	0.0272474002714	0.00696942756447	0.95620246037
uno-	0.0906278060247	0.741396764028	0.118315686612	0.0496597433348
kwa-	0.0730810479546	0.893825647311	0.00505592155662	0.0280373831776
mak-	0.317654238448	0.238436003483	0.0149068660986	0.429002891971
pep-	0.0218181818182	0.923636363636	0.0327272727273	0.0218181818182
get-	0.458579881657	0.346153846154	0.0	0.195266272189
sam-	0.201268347837	0.333573968395	0.0770914425471	0.388066241222
hon-	0.0551108846647	0.0557988313001	0.00717430062612	0.881915983409
nik-	0.102559233984	0.72856680675	0.153673888972	0.015200070294
yun-	0.0379746835443	0.962025316456	0.0	0.0
jip-	0.480330387794	0.281246608441	0.0880805634414	0.150342440323
144-	0.0193548387097	0.0258064516129	0.0	0.954838709677
pli-	0.0479108635097	0.920334261838	0.0150417827298	0.016713091922
ham-	0.0905040781996	0.0488509413107	0.0124757412378	0.848169239252
gov-	0.0891968727789	0.819829424307	0.0831556503199	0.00781805259418
oha-	0.363435285502	0.381825462784	0.0595129112028	0.195226340512
lib-	0.0833333333333	0.916666666667	0.0	0.0
may-	0.297741273101	0.681724845996	0.0	0.0205338809035
lêê-	0.17398794143	0.791559000861	0.0344530577089	0.0
jak-	0.35039136644	0.0688738861251	0.020194015224	0.560540732211
hem-	0.0	0.943089430894	0.0569105691057	0.0
kas-	0.773176761434	0.163782447466	0.00370828182942	0.0593325092707
klo-	0.0443505807814	0.94297782471	0.00633579725448	0.00633579725448
kuu-	0.298077615379	0.205486356109	0.47483620131	0.0215998272014
tee-	0.889615495635	0.0665890292334	0.0175679576378	0.0262275174933
gam-	0.443222436616	0.202836981891	0.0289618860057	0.324978695488
gad-	0.0526315789474	0.877192982456	0.0175438596491	0.0526315789474
sem-	0.0	0.96862745098	0.0313725490196	0.0
jik-	0.318181818182	0.204545454545	0.318181818182	0.159090909091
ahe-	0.34728071841	0.456479907898	0.114785317543	0.0814540561485
amo-	0.0	1.0	0.0	0.0
lik-	0.322378716745	0.485133020344	0.192488262911	0.0
kul-	0.215443911388	0.543744902649	0.0404678609037	0.200343325059
jot-	0.0	1.0	0.0	0.0
nos-	0.440421329822	0.223831468071	0.134298880843	0.201448321264
los-	0.448484848485	0.439393939394	0.0212121212121	0.090909090909
vat-	0.157652026902	0.505570668653	0.0217579104485	0.315019393996
dai-	0.102079395085	0.886578449906	0.0113421550095	0.0
hes-	0.0	1.0	0.0	0.0
dos-	0.16953157304	0.681375155059	0.0953393584973	0.0537539134031
kal-	0.0810200716458	0.806406904871	0.0455980514744	0.0669749720084
anê-	0.459476707084	0.271948217704	0.103929255174	0.164645820038
aba-	0.0533039489715	0.886141570511	0.0429716428964	0.0175828376215
ngo-	0.150419727451	0.445341520932	0.0995189699069	0.30471978171
kil-	0.0252532085103	0.864264004257	0.0328291710635	0.0776536161693
les-	0.0	1.0	0.0	0.0
gwa-	0.287234042553	0.359042553192	0.30585106383	0.0478723404255
sim-	0.179039355925	0.361794972984	0.0133611459646	0.445804525126
mav-	0.329255056734	0.370399605328	0.0391711889492	0.261174148989
alu-	0.321644315081	0.431281665318	0.178589556413	0.0684844631889
lak-	0.336421069528	0.0556541749654	0.0199788187809	0.587945936725
iji-	0.0458522631667	0.882803297998	0.0487969039206	0.022547534915
jos-	0.021978021978	0.923076923077	0.0494505494505	0.00549450549451
taa-	0.218363585557	0.411394563477	0.0413867692969	0.328855081669
let-	0.159641360037	0.801234280391	0.0391243595715	0.0
siy-	0.591549295775	0.352112676056	0.056338028169	0.0
nyê-	0.0880347179169	0.86949783013	0.0331680099194	0.00929944203348
sav-	0.0446933499828	0.0339204407018	0.29919116656	0.622195042756
pup-	0.330589235381	0.117220706009	0.528835398863	0.0233546597468
nat-	0.389503006723	0.422728896104	0.114541431916	0.0732266652565
gav-	0.234993380153	0.125589327651	0.0260393086947	0.613377983501
aav-	0.54347826087	0.234782608696	0.0721739130434	0.149565217391
tim-	0.100154376775	0.380649269702	0.104176188544	0.415020164979
pil-	0.0510243948179	0.899279563675	0.0210973761115	0.0285986653956
vêê-	0.0950746585619	0.394868926288	0.0360412617598	0.474015153391
gom-	0.15857605178	0.715210355987	0.106796116505	0.0194174757281
eme-	0.0103092783505	0.639175257732	0.350515463918	0.0
spe-	0.0	0.981191222571	0.0	0.0188087774294
mun-	0.139292052166	0.178709497911	0.292055895251	0.389942554672
jut-	0.0384615384615	0.884615384615	0.0769230769231	0.0
pee-	0.185395189003	0.509965635739	0.0601374570447	0.244501718213
hos-	0.0357142857143	0.892857142857	0.0357142857143	0.0357142857143
ste-	0.0	1.0	0.0	0.0
idu-	0.0	1.0	0.0	0.0
sum-	0.224620199517	0.694073156419	0.0773945360892	0.00391210797417
mit-	0.0428954423592	0.648793565684	0.0563002680965	0.252010723861
asa-	0.0	1.0	0.0	0.0
dii-	0.147389246096	0.303681198333	0.162368402459	0.386561153112
lho-	0.0405405405405	0.608108108108	0.0	0.351351351351
van-	0.230997976404	0.624274520846	0.039496974612	0.105230528137
môô-	0.138444169818	0.700144953123	0.122346010537	0.0390648665223
lan-	0.542105076716	0.212080517772	0.0353797017691	0.210434703743
any-	0.521184380833	0.38243969084	0.036399025918	0.0599769024082
jee-	0.341695542568	0.5419825706	0.0515517453004	0.0647701415312
tep-	0.459016393443	0.540983606557	0.0	0.0
aso-	0.364864864865	0.581081081081	0.0	0.0540540540541
ono-	0.345607899609	0.31814441473	0.257045875334	0.0792018103271
noh-	0.276607303968	0.104438772457	0.027091197126	0.591862726449
lod-	0.0333333333333	0.966666666667	0.0	0.0
gid-	0.0925925925926	0.907407407407	0.0	0.0
yol-	0.0124859932768	0.917240275332	0.00384184408516	0.0664318873059
ota-	0.555376469349	0.290020713714	0.0672477570782	0.0873550598592
lip-	0.788387218399	0.101957457505	0.0666101109121	0.0430452131838
hai-	0.0135135135135	0.797297297297	0.0	0.189189189189
mai-	0.191011235955	0.737078651685	0.0247191011236	0.047191011236
loo-	0.38961038961	0.590909090909	0.0194805194805	0.0
pal-	0.211312207904	0.679209462693	0.066731002197	0.0427473272062
kaô-	0.273615635179	0.726384364821	0.0	0.0
bey-	0.327102803738	0.158878504673	0.00934579439254	0.504672897196
260-	0.0	0.0903614457831	0.0180722891566	0.89156626506
kol-	0.0523089271134	0.929286080013	0.00581210301261	0.0125928898607
gii-	0.81598062954	0.0875706214689	0.0129136400323	0.0835351089588
joa-	0.0	1.0	0.0	0.0
noo-	0.0763286037252	0.82064107704	0.0263726781742	0.0766576410605
tav-	0.314175805248	0.579720962278	0.0757880231958	0.0303152092783
sot-	0.0555555555555	0.925925925926	0.0185185185185	0.0
moo-	0.190357918789	0.432966930897	0.315553999626	0.0611211506881
yik-	0.117031348216	0.0454146555507	0.085527224509	0.752026771724
med-	0.428143712575	0.437125748503	0.0898203592814	0.0449101796407
pel-	0.0386178861789	0.941056910569	0.020325203252	0.0
saa-	0.414636953809	0.21074590831	0.0393329942563	0.335284143625
dee-	0.471949086993	0.190471123196	0.157427539972	0.180152249838
epi-	0.0657894736842	0.559210526316	0.361842105263	0.0131578947368
yak-	0.223557320406	0.374271569285	0.119900984993	0.282270125316
kwe-	0.500047533035	0.42294894952	0.0285198212758	0.0484836961688
pak-	0.268367523266	0.659813289632	0.0290507039324	0.0427684831691
va--	0.0238605375925	0.571971172575	0.329299766264	0.0748685235684
gli-	0.0979530327766	0.538490518649	0.332914730629	0.0306417179454
lin-	0.850954483766	0.0761956594124	0.00803727458315	0.0648125822385
bêê-	0.556313993174	0.35039817975	0.0227531285552	0.0705346985211
gai-	0.0161290322581	0.983870967742	0.0	0.0
yup-	0.015923566879	0.964968152866	0.0	0.0191082802548
api-	0.00787401574803	0.992125984252	0.0	0.0
pul-	0.168939577082	0.793518294677	0.0375421282405	0.0
yap-	0.166666666667	0.547619047619	0.285714285714	0.0
iti-	0.0	0.679878048781	0.320121951219	0.0
vii-	0.18691588785	0.775700934579	0.0373831775701	0.0
lay-	0.619193150653	0.207746390866	0.0950765976897	0.0779838607918
viv-	0.155889822231	0.767755979125	0.0763541986437	0.0
