-eus	0.754716981132	0.150943396226	0.0754716981132	0.0188679245283
-iva	0.172101945739	0.778569471088	0.0460400109619	0.00328857221157
-aro	0.0629310344827	0.813793103448	0.0905172413793	0.0327586206896
-ivi	0.138397966904	0.569674277844	0.233961239257	0.0579665159951
-lem	0.00633113768626	0.985142077551	0.00243013365735	0.00609665110528
-xem	0.482404692082	0.409824046921	0.0461876832844	0.0615835777126
-xen	0.263322884013	0.520376175549	0.197492163009	0.0188087774295
-aut	0.0857357301278	0.68892551561	0.202492508346	0.0228462459158
-ang	0.313044486477	0.428489387269	0.181844947233	0.0766211790215
-auk	0.423892100193	0.152215799615	0.389210019268	0.0346820809248
-aum	0.0107456854445	0.954086616737	0.00195376098991	0.0332139368284
-pla	0.0272717099679	0.0314148700691	0.0044215542582	0.936891865705
-xes	0.600921001427	0.291866649371	0.0488390193281	0.0583733298742
-nti	0.0367628670035	0.923048066823	0.0269344270495	0.0132546391237
-pus	0.620209059234	0.1393728223	0.226480836237	0.01393728223
-pux	0.493723849372	0.28870292887	0.18410041841	0.0334728033473
-kia	0.185092823497	0.708506511499	0.106400665004	0.0
-uan	0.0872571889752	0.248212744017	0.459024524579	0.205505542428
-nai	0.1600370706	0.210575582313	0.0381417668799	0.591245580207
-uat	0.196767970025	0.650890547975	0.0967462312267	0.0555952507735
-pun	0.173333333333	0.693333333333	0.133333333333	0.0
-ntu	0.495667244367	0.369150779896	0.0462160600809	0.0889659156557
-puk	0.440298507463	0.289800995025	0.106965174129	0.162935323383
-nme	0.0	0.9897570136	0.0102429863996	0.0
-nmo	0.519061583578	0.375366568915	0.105571847507	0.0
-vis	0.238274540331	0.717048983356	0.0335073572341	0.0111691190781
-sbo	0.567522007867	0.387525753886	0.0224761191235	0.0224761191234
-ope	0.605684594207	0.286052192795	0.0594051727481	0.0488580402497
-opa	0.0524193548387	0.936059907834	0.0	0.0115207373272
-gke	0.790697674419	0.130813953488	0.0218023255814	0.0566860465116
-naa	0.189489428927	0.595391751538	0.135457631676	0.0796611878592
-gka	0.0931251741369	0.817393907279	0.0618792504505	0.0276016681332
-msi	0.373015873016	0.492063492063	0.0476190476191	0.0873015873016
-dek	0.0505138936582	0.891386203919	0.0445045847542	0.0135953176689
-gki	0.0800095377646	0.907068329622	0.00565343301836	0.00726869959503
-dem	0.985148514851	0.0148514851485	0.0	0.0
-den	0.11320754717	0.88679245283	0.0	0.0
-siv	0.639027877055	0.125089349535	0.103645461044	0.132237312366
-gku	0.143316920199	0.277157318516	0.537851071438	0.0416746898468
-lep	0.167475728155	0.723300970874	0.0436893203883	0.0655339805825
-des	0.0189759712553	0.928812036829	0.0444644060184	0.00774758589715
-aka	0.509787574428	0.185009971623	0.0193658487029	0.285836605247
-msu	0.389414172921	0.130008958452	0.311303895766	0.16927297286
-imi	0.0229759274021	0.0301519930871	0.00899012610693	0.937881953404
-imo	0.0174200878017	0.058207217695	0.110243067731	0.814129626773
-sik	0.213925562539	0.318647009811	0.0916409067809	0.37578652087
-obi	0.0495867768595	0.917355371901	0.0330578512397	0.0
-obo	0.17187551566	0.6728820831	0.105343057985	0.049899343256
-idi	0.174313719396	0.0679451233578	0.0099436215391	0.747797535708
-let	0.0510638297872	0.336170212766	0.485106382979	0.127659574468
-ide	0.0636911469305	0.905639116163	0.0213610308167	0.00930870608985
-nax	0.0843063495663	0.0991264360625	0.722625853426	0.0939413609454
-ida	0.0762286860582	0.854563691073	0.0285857572718	0.0406218655968
-tli	0.10062627632	0.662596730557	0.184629867055	0.0521471260684
-tlo	0.566793654266	0.356638347543	0.0542197930801	0.0223482051103
-siu	0.0349344978166	0.847161572052	0.117903930131	0.0
-bia	0.0728051391863	0.907922912206	0.0128479657388	0.00642398286936
-bin	0.0230898778968	0.759418375163	0.00866329281977	0.208828454121
-tla	0.0269838838971	0.0178945436323	0.00881868388222	0.946302888588
-idu	0.143583227446	0.0659466327827	0.0228716645489	0.767598475222
-rat	0.288886156791	0.271853370505	0.387879673965	0.05138079874
-kiv	0.344966876717	0.521732105348	0.0538589971454	0.0794420207896
-tep	0.565460475229	0.330796707563	0.0779624165243	0.0257804006833
-100	0.181773165188	0.383918807986	0.140225013145	0.29408301368
-uta	0.326520199292	0.198115132961	0.0598895491927	0.415475118554
-tet	0.0305149396059	0.802606484425	0.166878575969	0.0
-ria	0.0486943818857	0.628657284455	0.0143039746789	0.30834435898
-rin	0.132102143622	0.136451771938	0.021858311047	0.709587773392
-ril	0.0	0.958333333333	0.0416666666667	0.0
-uti	0.00833590614387	0.0554183389935	0.0629052176598	0.873340537203
-aus	0.541528083571	0.349791539795	0.052934838619	0.0557455380147
-rit	0.211267605634	0.661791260383	0.0944384254243	0.0325027085591
-ris	0.11751538892	0.815332960269	0.035254616676	0.0318970341354
-rip	0.395280235988	0.374139626352	0.0644051130777	0.166175024582
-utu	0.231301714974	0.623331816977	0.0689645569348	0.076401911114
-sia	0.0124911187	0.959524191515	0.0229194838532	0.00506520593157
-ten	0.08	0.92	0.0	0.0
-met	0.352815236918	0.373872764846	0.228830865146	0.0444811330902
-pas	0.709359846757	0.17402414181	0.0133150901517	0.103300921281
-ara	0.233029482516	0.211392420302	0.0562212915721	0.499356805611
-mes	0.259675326848	0.443490738228	0.240516116561	0.0563178183629
-rao	0.0145454545455	0.985454545455	0.0	0.0
-lus	0.312897954377	0.35240815305	0.231446584861	0.103247307712
-lut	0.115339986076	0.854026456254	0.0208865165932	0.00974704107684
-mex	0.560923076923	0.192923076923	0.207384615385	0.0387692307692
-aru	0.611273800358	0.258085856271	0.0360349783135	0.0946053650573
-luk	0.102510822511	0.841385281385	0.0311688311689	0.024935064935
-lum	0.162591093117	0.761781376518	0.0557085020243	0.0199190283401
-luo	0.0	1.0	0.0	0.0
-mel	0.0562108126279	0.858432027456	0.0541289306788	0.0312282292377
-meo	0.0660027790644	0.848309402501	0.0764242704956	0.00926354793885
-men	0.199742013616	0.277065602731	0.0183827631987	0.504809620454
-mek	0.149386451647	0.493401820974	0.267042515474	0.0901692119038
-vut	0.255451713396	0.666383460776	0.0645709430756	0.0135938827527
-vus	0.234560570071	0.746437054632	0.0118764845606	0.00712589073633
-xok	0.356485154798	0.247872410334	0.179285883614	0.216356551254
-vun	0.924242424242	0.0328282828283	0.0378787878788	0.0050505050505
-vuk	0.321595929639	0.39903112754	0.165876019645	0.113496923175
-xap	0.0631325140539	0.136660538979	0.0795002288513	0.720706718116
-xar	0.387776772722	0.341644708381	0.165178747001	0.105399771896
-xas	0.031914893617	0.696808510638	0.0	0.271276595745
-xat	0.24423149575	0.118202979087	0.178675824182	0.458889700981
-xav	0.390164025423	0.232938303128	0.0311398517943	0.345757819655
-alo	0.0230188016166	0.0805658056581	0.891671059568	0.00474433315762
-ubu	0.35237802123	0.178114215741	0.0312027293384	0.438305033691
-uba	0.179973371437	0.161288856167	0.0377917507694	0.620946021626
-xak	0.108402648814	0.729230064972	0.0151479683932	0.147219317821
-xam	0.0424643861718	0.827601851012	0.124489610743	0.00544415207331
-xan	0.278746927616	0.6450303326	0.0421618536486	0.0340608861354
-xao	0.0903126912135	0.882310268913	0.024979971866	0.00239706800734
-umu	0.199975501322	0.127352283716	0.0194025693155	0.653269645646
-ota	0.0350877192983	0.964912280702	0.0	0.0
-kbu	0.784267631103	0.169620253165	0.0330922242315	0.0130198915009
-oti	0.0274599542334	0.942562929062	0.0144164759725	0.0155606407323
-pox	0.0	0.0	0.0	1.0
-xot	0.166474094566	0.463428213446	0.0451033054007	0.324994386587
-uma	0.35981504834	0.420468313429	0.11194767945	0.107768958782
-otu	0.151986484675	0.753389999147	0.0491351897953	0.0454883263821
-nua	0.857387057387	0.0935286935287	0.0117216117216	0.0373626373626
-umi	0.0	0.843137254902	0.0	0.156862745098
-nak	0.538794321167	0.190393939575	0.0808308632121	0.189980876046
ALL	0.234605234953	0.31322882175	0.0586647102135	0.393501233084
-six	0.502251474754	0.274758607385	0.0579240742809	0.16506584358
-nan	0.314338028359	0.623646912187	0.0372665927437	0.0247484667108
-nao	0.363078883017	0.442804009738	0.0721191477417	0.121997959503
-nam	0.354280339876	0.439407213672	0.093015016137	0.113297430314
-sis	0.0	1.0	0.0	0.0
-ake	0.279069767442	0.410852713178	0.255813953488	0.0542635658915
-sip	0.097435536758	0.846164651546	0.0228074473631	0.0335923643332
-kin	0.0301074102202	0.751740443384	0.0219634913746	0.196188655021
-kim	0.0	1.0	0.0	0.0
-kis	0.429339336779	0.241257134353	0.0798749384479	0.24952859042
-sii	0.109595965398	0.777361655198	0.0944317437706	0.0186106356336
-kip	0.452511503067	0.30648006135	0.0475460122699	0.193462423313
-sio	0.0142471315413	0.942866464863	0.0311497398902	0.0117366637061
-sin	0.194318181818	0.734090909091	0.0613636363636	0.0102272727273
-sim	0.38864628821	0.200873362445	0.384279475983	0.0262008733624
-nas	0.0310594827699	0.907993607644	0.0164087833501	0.044538126236
-nap	0.405973625491	0.347211891874	0.1303524021	0.116462080535
-aun	0.0365147663915	0.143413152968	0.0240077819431	0.796064298697
-nat	0.415405154269	0.448541763405	0.0606084611491	0.0754446211766
-nau	1.0	0.0	0.0	0.0
-gok	0.0338983050847	0.932203389831	0.0338983050847	0.0
-mos	0.0194174757282	0.970873786408	0.0	0.00970873786407
-gol	0.00236639716032	0.718398737922	0.275685269178	0.00354959574049
-gon	0.319120135364	0.588155668359	0.0703891708968	0.0223350253807
-igo	0.215226939971	0.288433382138	0.0790629575403	0.417276720351
-mon	0.0749999035432	0.894308570525	0.0236775964248	0.00701392950696
-gos	0.769696703683	0.137822060308	0.0752315322829	0.0172497037265
-gor	0.827179176755	0.0762711864407	0.0348062953995	0.0617433414044
-got	0.420881523237	0.473739743752	0.0543054904495	0.0510732425617
-moi	0.152542372881	0.389830508474	0.101694915254	0.35593220339
-bex	0.880694143167	0.110629067245	0.00867678958785	0.0
-ixu	0.121387283237	0.809248554913	0.0693641618497	0.0
-bes	0.949693251534	0.00736196319018	0.00368098159509	0.0392638036809
-eot	0.197361325808	0.655426537729	0.142358989107	0.00485314735593
-bet	0.0199008410557	0.928144291455	0.0434286483724	0.00852621911641
-bek	0.817126269956	0.174165457184	0.0	0.00870827285922
-ixa	0.0714317014668	0.843031670618	0.0758763406692	0.00966028724598
-ben	0.0635320811799	0.294340098323	0.614899785705	0.0272280347914
-beo	0.0532786885246	0.926229508197	0.0204918032787	0.0
-lpa	0.0242759795571	0.951022146508	0.0247018739353	0.0
-ixe	0.23914893617	0.743829787234	0.00170212765957	0.0153191489362
-bea	0.0	0.666666666667	0.333333333333	0.0
-ixo	0.323837688827	0.105964641092	0.0713062058795	0.498891464202
-iso	0.0	1.0	0.0	0.0
-rek	0.554671135316	0.312945119397	0.088814411395	0.0435693338919
-upu	0.35461695671	0.409549761566	0.126297970727	0.109535310997
-ren	0.0629015946451	0.0610104884941	0.0183660004908	0.85772191637
-uga	0.30354969656	0.0761094689343	0.0103025381592	0.610038296346
-isi	0.142514852595	0.484901496469	0.0317544277548	0.340829223181
-rem	0.725305505094	0.142449002457	0.0530982658034	0.0791472266459
-nte	0.0	1.0	0.0	0.0
-ise	0.275525403074	0.509657328483	0.0413438994755	0.173473368967
-rea	0.451428571429	0.394285714286	0.0457142857143	0.108571428571
-isa	0.121602529722	0.545970439314	0.0588464014401	0.273580629523
-eve	0.560462224927	0.346500299944	0.0447474830281	0.0482899921011
-rex	0.556213017751	0.257396449704	0.0798816568047	0.10650887574
-upe	0.389645776567	0.307901907357	0.122615803815	0.179836512262
-eva	0.401727470505	0.092673178974	0.0124628811341	0.493136469387
-rer	0.16029143898	0.768670309654	0.0109289617486	0.0601092896175
-res	0.245400988766	0.479075606792	0.223693343704	0.0518300607381
-isu	0.147397354406	0.0474145335853	0.0309225219035	0.774265590105
-rev	0.931034482759	0.0551724137931	0.0103448275862	0.00344827586207
-evi	0.0785356025207	0.878595618811	0.0338663351481	0.00900244352039
-ret	0.156803393271	0.388257265308	0.0307160603878	0.424223281033
-reu	0.0	1.0	0.0	0.0
-max	0.367346938776	0.30612244898	0.285714285714	0.0408163265306
-jut	0.037037037037	0.925925925926	0.037037037037	0.0
-uvu	0.0	0.2	0.6	0.2
-ava	0.269620845686	0.628257138399	0.0841004836948	0.0180215322203
-mas	0.317811665991	0.638560622411	0.0203399466234	0.0232877649747
-mau	0.138547486034	0.684916201117	0.16312849162	0.013407821229
-mat	0.138582895527	0.764586254179	0.0454496433359	0.0513812069577
-mak	0.0551230300723	0.899506330014	0.0132810656812	0.0320895742329
-uar	0.555555555556	0.17094017094	0.0854700854701	0.188034188034
-mam	0.136448239996	0.804839327749	0.0139595992774	0.0447528329775
-mao	0.186061959814	0.621316409131	0.169259673424	0.0233619576309
-man	0.09405680041	0.827023436462	0.059610024156	0.0193097389725
-avu	0.362736273627	0.437443744374	0.178217821782	0.021602160216
-uno	0.200518619586	0.66580230069	0.0610056648117	0.0726734149124
-ung	0.10915039404	0.790811327759	0.045627296841	0.0544109813604
-una	0.50529144269	0.158571230679	0.032353278885	0.303784047746
-unu	0.382750266284	0.544717448957	0.021420055593	0.0511122291664
-666	0.0363636363636	0.0	0.0	0.963636363636
-pti	0.121951219512	0.878048780488	0.0	0.0
-gae	0.0	1.0	0.0	0.0
-ade	0.256657237612	0.120049746391	0.0375536480687	0.585739367928
-tra	0.0298507462686	0.934328358209	0.0298507462686	0.00597014925373
-500	0.186736474695	0.291448516579	0.188481675393	0.333333333333
-ada	0.0304613737693	0.946083368428	0.0173629830485	0.00609227475385
-gao	0.287990162739	0.591220462373	0.0830835024566	0.0377058724312
-gan	0.229558305324	0.0844385368999	0.079222817663	0.606780340113
-gam	0.393016099655	0.443415226593	0.0742487680957	0.0893199056564
-gak	0.603672446984	0.159750972375	0.032124482834	0.204452097808
-gai	0.176427703524	0.101822600243	0.0641555285541	0.657594167679
-adi	0.0483631764426	0.402386471945	0.0152162445561	0.534034107056
-iko	0.00975609756097	0.986341463415	0.00390243902439	0.0
-144	0.0875	0.08125	0.0	0.83125
-gat	0.523142853021	0.113755140751	0.0278525413271	0.335249464901
-gas	0.204086160567	0.577491208327	0.130463436273	0.0879591948328
-gar	0.332706766917	0.624060150376	0.0375939849624	0.00563909774436
-gap	0.459367096103	0.163360599575	0.106752835886	0.270519468435
-ana	0.0942837937442	0.340543189291	0.0445481152622	0.520624901703
-sno	0.0560471604035	0.779598328684	0.0278342316869	0.136520279226
-seo	0.815789473684	0.184210526316	0.0	0.0
-sen	0.356123019079	0.527030000051	0.0410993533748	0.0757476274952
-sem	0.0	1.0	0.0	0.0
-nos	0.0159277940005	0.962835147332	0.0159277940005	0.00530926466684
-sek	0.128424657534	0.803082191781	0.0256849315069	0.042808219178
-bel	0.110646124733	0.856686924156	0.0158065892475	0.016860361864
-ino	0.078674297214	0.263235915082	0.571572318003	0.0865174697009
-ina	0.297454793023	0.103831255383	0.0141738975846	0.58454005401
-see	0.413793103448	0.231866825208	0.0190249702735	0.33531510107
-ine	0.367266127702	0.605015673981	0.0138590991585	0.0138590991585
-sea	0.0	0.963636363636	0.0	0.0363636363636
-ing	0.476438836979	0.42721461505	0.0338939029837	0.0624526449871
-uik	0.00569800569803	0.948717948718	0.00854700854699	0.037037037037
-800	0.0	0.755364806867	0.0	0.244635193133
-iki	0.915881977238	0.0177223101462	0.0102644473914	0.0561312652246
-sev	0.467958856582	0.197410658203	0.153939809672	0.180690675543
-set	0.0	1.0	0.0	0.0
-ses	0.0506154708819	0.936525059411	0.0049344476783	0.00792502202878
-inu	0.0618269448	0.127645154003	0.220272610889	0.590255290308
-sep	0.400374038669	0.436689850794	0.0589308007054	0.104005309831
-eda	0.297442550037	0.205661601186	0.132042253521	0.364853595256
-kus	0.538988860326	0.375321336761	0.0561268209083	0.0295629820052
-kup	0.514770368232	0.34896035702	0.0502891905993	0.0859800841483
-iam	0.630836405423	0.190014544481	0.0900456789957	0.0891033711008
-iao	0.222045041539	0.723075775388	0.032719296141	0.0221598869319
-ian	0.104903536978	0.627491961415	0.252170418006	0.0154340836013
-nes	0.434103872711	0.519963974782	0.0252176523566	0.0207145001501
-nep	0.0893577070296	0.656229885003	0.0171659828802	0.237246425087
-oon	0.025	0.72037037037	0.251851851852	0.00277777777778
-nen	0.0663018282102	0.872300241091	0.0297351935838	0.0316627371145
-iat	0.503225806452	0.496774193548	0.0	0.0
-oos	0.144171779141	0.738752556237	0.114008179959	0.00306748466259
-nem	0.424479255156	0.184070134901	0.0660572904278	0.325393319515
-mto	0.181208053691	0.818791946309	0.0	0.0
-ias	0.0365483723896	0.92824118671	0.0190247331278	0.0161857077725
-edu	0.320762484214	0.229029590918	0.0685245009454	0.381683423923
-kun	0.361885643695	0.289001147093	0.272456542839	0.0766566663725
-aoo	0.307692307692	0.384615384615	0.307692307692	0.0
-tko	0.22274721566	0.686128923389	0.0607492406345	0.0303746203172
-ban	0.10659957294	0.649148362108	0.206710476222	0.0375415887309
-bao	0.139605008628	0.590946140051	0.155466903272	0.113981948049
-eka	0.220338983051	0.677966101695	0.101694915254	0.0
-uun	0.232827369174	0.290528629783	0.0432399314489	0.433404069594
-bak	0.3534193	0.331416170692	0.087983670862	0.227180858446
-eke	0.190701193045	0.131793040157	0.0421658357517	0.635339931046
-bai	0.0151237396884	0.93813015582	0.0	0.0467461044913
-ogu	0.072954955571	0.844048500321	0.0123369042328	0.0706596398749
-jop	0.0701754385965	0.877192982456	0.0526315789474	0.0
-baa	0.288159771755	0.0627674750356	0.589158345221	0.0599144079886
-jon	0.0288957323566	0.940905134515	0.0118852477124	0.0183138854156
-eku	0.352941176471	0.176470588235	0.470588235294	0.0
-uut	0.188278388278	0.679853479854	0.065934065934	0.065934065934
-bat	0.251721925044	0.583973634199	0.0416343691974	0.122670071559
-gsa	0.164769322948	0.72288795686	0.0629119233073	0.0494307968844
-bas	0.030636435475	0.935991733025	0.024618564221	0.00875326727858
-bap	0.445179904956	0.356245756959	0.0940257976918	0.104548540394
-dru	0.00294985250738	0.985250737463	0.0	0.0117994100295
-ase	0.500519898185	0.324098405892	0.0229556617326	0.15242603419
-asa	0.193048725197	0.619487561822	0.0615782416998	0.125885471282
-aso	0.0	1.0	0.0	0.0
-xun	0.309453776406	0.435180008265	0.211245350901	0.0441208644286
-asi	0.328955768949	0.177044396024	0.131328590109	0.362671244918
-asu	0.29301141211	0.103401897814	0.0242442042117	0.579342485864
-lta	0.037037037037	0.925925925926	0.0	0.037037037037
-tdu	0.103959102952	0.0761147804023	0.0281260494794	0.791800067167
-mbo	0.0350877192982	0.964912280702	0.0	0.0
-xor	0.729196050776	0.186177715092	0.0789844851903	0.00564174894217
-xos	0.685567010309	0.134020618557	0.0	0.180412371134
-xop	0.473489519112	0.355117139334	0.0567200986436	0.11467324291
-ove	0.143254918447	0.15884041017	0.0480725291999	0.649832142183
-rax	0.561403508772	0.368421052632	0.0701754385965	0.0
-rav	0.189671626717	0.237474696898	0.0208416250476	0.552012051338
-430	0.519480519481	0.103896103896	0.0	0.376623376623
-rar	0.204081632653	0.30612244898	0.29387755102	0.195918367347
-ras	0.0227995156285	0.951137137667	0.0170286838719	0.00903466283205
-rap	0.10528119177	0.0860865643806	0.0263121643522	0.782320079497
-ran	0.110220440882	0.809619238477	0.0581162324649	0.0220440881764
-eri	0.0	1.0	0.0	0.0
-ral	0.0533096401599	0.688138605065	0.258551754776	0.0
-ram	0.0428683194639	0.277686813313	0.0167120375063	0.662732829717
-rak	0.0512129492792	0.0409842609266	0.0111793554807	0.896623434314
-ero	0.112359550562	0.651685393258	0.191011235955	0.0449438202247
-era	0.120164609054	0.867489711934	0.0098765432099	0.00246913580247
-xon	0.17300399713	0.697243005022	0.0182433124936	0.111509685354
-ere	0.172702920487	0.680510486312	0.105625367511	0.0411612256899
-dos	0.259259259259	0.675381263617	0.0392156862745	0.0261437908497
-ugu	0.305161703522	0.511813198723	0.0475763791062	0.135448718649
-por	0.472972972973	0.527027027027	0.0	0.0
-pos	0.198552905034	0.801447094966	0.0	0.0
-uka	0.0	0.333333333333	0.666666666667	0.0
-pot	0.604866693504	0.237319871157	0.0505363044255	0.107277130913
-pok	0.189254472068	0.172167166617	0.0630926766447	0.57548568467
-pol	0.0183667984032	0.926947594066	0.00290351374938	0.0517820937818
-ugo	0.296916598093	0.152475918486	0.0440485986737	0.506558884748
-ike	0.0	1.0	0.0	0.0
-laa	0.415996357566	0.0935270906055	0.0242828957353	0.466193656093
-ika	0.267857142857	0.0	0.607142857143	0.125
-aau	0.101932668329	0.319513715711	0.536471321696	0.0420822942644
-lam	0.787339906566	0.11839167673	0.0104626819424	0.0838057347614
-lan	0.366713681241	0.14245416079	0.452750352609	0.0380818053597
-lao	0.012481394473	0.950217886412	0.0329967899862	0.00430392912863
-not	0.299512195122	0.374243902439	0.28643902439	0.0398048780488
-lai	0.0915440329556	0.0834883619966	0.00948325821763	0.81548434683
-nov	0.324223602484	0.280745341615	0.365217391304	0.0298136645963
-lak	0.0664928919116	0.826443647029	0.0248834971548	0.0821799639044
-lat	0.0610691311554	0.868235999139	0.0422296506456	0.0284652190605
-aal	0.0	1.0	0.0	0.0
-aao	0.0567454798331	0.749652294854	0.163560500695	0.0300417246175
-nok	0.0739525702689	0.888681920543	0.0256887875671	0.0116767216214
-nom	0.0546795901395	0.049554434929	0.0227215542848	0.873044420647
-non	0.658680613154	0.175660389469	0.011845289351	0.153813708026
-las	0.167376381135	0.765045893447	0.0411440966226	0.0264336287956
-noa	0.0	1.0	0.0	0.0
-lax	0.764505119454	0.204778156997	0.0204778156996	0.0102389078498
-rep	0.66724137931	0.291379310345	0.0	0.0413793103448
-suu	0.688181829516	0.238258506115	0.0142132232848	0.0593464410837
-oxo	0.243436646183	0.126182047	0.0368201504927	0.593561156324
-gen	0.0534464396416	0.858348654964	0.0213796355659	0.0668252698285
-bom	0.79985549133	0.178468208092	0.0195086705202	0.0021676300578
-boo	0.486842105263	0.493421052632	0.0197368421052	0.0
-bok	0.0265677195631	0.0199642030296	0.102435727733	0.851032349674
-bot	0.136980972335	0.115417251053	0.0472934948393	0.700308281772
-epu	0.03374506558	0.0364464899674	0.0142347783377	0.915573666115
-bop	0.754838709677	0.245161290323	0.0	0.0
-bos	0.389240506329	0.501582278481	0.10917721519	0.0
-ges	0.0787307360965	0.480736096487	0.110175169905	0.330357997511
-ger	0.479711451758	0.155996393147	0.17042380523	0.193868349865
-dom	0.256328016644	0.434067267684	0.0800104022192	0.229594313454
-box	0.218333257282	0.133326210041	0.0857657629061	0.562574769771
-dok	0.0596546310832	0.71114599686	0.164835164835	0.0643642072213
-get	0.891255097417	0.0801993656547	0.00883552333482	0.0197100135931
-sas	0.0145296966607	0.978587815447	0.0038236043844	0.00305888350752
-sar	0.298640072529	0.602538531278	0.0361438501058	0.0626775460864
-vor	0.296926095487	0.159581425769	0.241334205363	0.302158273381
-vos	0.325748423233	0.343191096844	0.294360934805	0.0366995451185
-vot	0.595619810695	0.0555396877041	0.109157019703	0.239683481898
-vov	0.0372670807453	0.627329192547	0.335403726708	0.0
-sat	0.688928945868	0.171372339838	0.0448801662773	0.0948185480163
-ton	0.0487199480266	0.848653113996	0.0596741615645	0.0429527764131
-too	0.0263076286955	0.962063262353	0.00669319826339	0.00493591068844
-tom	0.595289079229	0.340471092077	0.0128479657388	0.051391862955
-don	0.0223486525893	0.977651347411	0.0	0.0
-saa	0.347589952478	0.270875763748	0.381534283775	0.0
-tou	0.776119402985	0.149253731343	0.0497512437811	0.0248756218905
-tor	0.333333333333	0.424242424242	0.030303030303	0.212121212121
-ibi	0.163686382393	0.214580467675	0.60522696011	0.0165061898212
-sae	0.616580310881	0.352331606218	0.0310880829016	0.0
-olo	0.121969470562	0.5330088048	0.200234488149	0.144787236488
-sak	0.278887396174	0.459609123295	0.192832211557	0.0686712689744
-ola	0.140360487578	0.1162552133	0.0377794295489	0.705604869574
-sai	0.5	0.245689655172	0.137931034483	0.116379310345
-400	0.495575221239	0.141592920354	0.0	0.362831858407
-sao	0.176382286715	0.741055791844	0.0337753314986	0.0487865899425
-iba	0.190278336642	0.0422272970028	0.0101639816046	0.757330384751
-sam	0.0	1.0	0.0	0.0
-lon	0.125589699072	0.682446313325	0.0626917381245	0.129272249479
-rou	0.261538461538	0.153846153846	0.276923076923	0.307692307692
-rov	0.588377723971	0.397094430993	0.0	0.0145278450363
-lom	0.207986092936	0.435458054278	0.11917979178	0.237376061006
-rop	0.542369121562	0.143317862262	0.0791754829022	0.235137533274
-iel	0.0654987234792	0.894356897614	0.0274672066203	0.0126771722863
-ros	0.118337453504	0.844280664464	0.0108125592034	0.0265693228288
-loa	0.323762981063	0.657910812462	0.0183262064753	0.0
-roa	0.0248396660062	0.890805227794	0.0120741496723	0.0722809565273
-lox	0.538342963576	0.111148602124	0.0192119924286	0.331296441871
-map	0.452193039203	0.34985120973	0.0918618191228	0.106093931945
-rom	0.0522124900466	0.633147537254	0.283016721647	0.0316232510522
-ron	0.030584612117	0.935007699251	0.0133807678012	0.0210269208305
-roo	0.784786489046	0.0918982713938	0.07511807801	0.0481971615498
-los	0.181376736974	0.405393278553	0.178011000165	0.235218984307
-rok	0.500860991033	0.443921260405	0.0246079096853	0.0306098388767
-vop	0.0	1.0	0.0	0.0
-ipi	0.102564102564	0.692307692308	0.205128205128	0.0
-mpo	0.362962962963	0.459259259259	0.162962962963	0.0148148148148
-ipa	0.0334592552618	0.930922827847	0.0226659471128	0.0129519697787
-ipe	0.444644789037	0.348719798053	0.159664623152	0.0469707897584
-ipu	0.0844221105528	0.437185929648	0.253266331658	0.225125628141
-uxo	0.289988300184	0.308791576132	0.133712184523	0.267507939161
-uxa	0.240027219405	0.693886779355	0.0417102035583	0.0243757976819
-vox	0.502702702703	0.278378378378	0.202702702703	0.0162162162162
-uxu	0.0986604194773	0.818011593178	0.0592380792469	0.0240899080974
-nge	0.120454548982	0.0267600889726	0.0145162617211	0.838269100324
-kde	0.0474516695958	0.944815465729	0.00351493848858	0.00421792618629
-sax	0.549618320611	0.235466823253	0.137404580153	0.0775102759835
-276	0.0	0.0894308943089	0.0	0.910569105691
-pke	0.112676056338	0.887323943662	0.0	0.0
-kdu	0.639486409872	0.172753043188	0.145072536268	0.042688010672
-oba	0.526966848095	0.223651657595	0.198911429985	0.0504700643246
-tim	0.246060243367	0.477957310991	0.0603431079195	0.215639337722
-pku	0.0655737704918	0.836065573771	0.0819672131147	0.016393442623
-bis	0.637567527799	0.184758161142	0.0487671578416	0.128907153217
-oli	0.763944141129	0.202310077094	0.00823067848226	0.025515103295
-tot	0.361111111111	0.611111111111	0.0277777777778	0.0
-ibo	0.518867924528	0.349056603774	0.0566037735849	0.0754716981132
-200	0.0689741660396	0.522197140707	0.145472786556	0.263355906697
-tik	0.327414888418	0.358201661508	0.149861540968	0.164521909106
-tos	0.538116591928	0.302722162572	0.137687109202	0.0214741362976
-iok	0.0533024333719	0.918887601391	0.0147740440324	0.0130359212051
-eme	0.0400791488177	0.814910275519	0.0295553654578	0.115455210205
-lek	0.037037037037	0.944444444444	0.0	0.0185185185185
-ois	0.0	0.857894736842	0.134210526316	0.00789473684211
-ion	0.0394213559308	0.909832607707	0.0292434785814	0.0215025577804
-len	0.554719159909	0.265285760745	0.093045020477	0.0869500588689
-mun	0.0694161511721	0.0719248410436	0.0995467759818	0.759112231803
-sum	0.450425755344	0.26579296297	0.167114483142	0.116666798544
-mut	0.426819923372	0.222988505747	0.286590038314	0.0636015325671
-tiu	0.0388026607539	0.954545454545	0.00665188470068	0.0
-mus	0.506584771761	0.213127337418	0.216836590578	0.0634513002432
-mur	0.517605633803	0.283511413307	0.107090820787	0.091792132103
-ios	0.0	0.931034482759	0.0689655172414	0.0
-les	0.62766080104	0.0931338812503	0.0154264123296	0.26377890538
-oik	0.163265306122	0.469387755102	0.367346938776	0.0
-oii	0.0967741935484	0.903225806452	0.0	0.0
-iot	0.0	1.0	0.0	0.0
-een	0.291666666667	0.645833333333	0.0	0.0625
-alu	0.785062541543	0.146413680585	0.0177654238927	0.0507583539791
-gis	0.262109002686	0.667706437917	0.0623862750195	0.00779828437743
-san	0.140271540579	0.336955270127	0.413487003946	0.109286185347
-gin	0.577381684081	0.346896127843	0.0378610940381	0.0378610940381
-gik	0.900621118012	0.0621118012422	0.0	0.0372670807453
-ali	0.00537206526064	0.903302825308	0.0895344210107	0.00179068842022
-nda	0.120018323408	0.80119102153	0.0109940448923	0.0677966101694
-oam	0.0	0.961832061069	0.0	0.0381679389313
-ale	0.11778496446	0.316613267334	0.534013592059	0.0315881761466
-emo	0.0273972602739	0.945205479452	0.027397260274	0.0
-xom	0.116745658	0.761511788132	0.0976666010509	0.0240759528172
-ala	0.163364051877	0.67736965044	0.115135960498	0.044130337185
-uve	0.306161292077	0.0537821523737	0.0	0.640056555549
-120	0.0	0.0133333333333	0.0	0.986666666667
-mlu	0.60202020202	0.321212121212	0.0363636363636	0.040404040404
-obe	0.199577613516	0.46040126716	0.229144667371	0.110876451954
-gpe	0.459397402276	0.474570458439	0.0299390052171	0.0360931340673
-mla	0.663113006397	0.205756929637	0.00639658848614	0.12473347548
-lok	0.304798076786	0.178870840256	0.0613043699695	0.455026712989
-mgo	0.0757198263632	0.564745476376	0.141980787066	0.217553910195
-bim	0.0	0.666666666667	0.333333333333	0.0
-amu	0.342909195357	0.556101998476	0.0469827223701	0.0540060837975
-xut	0.364799294221	0.525363917071	0.0502867225408	0.0595500661667
-pen	0.349783655513	0.474941744345	0.0630793268479	0.112195273294
-loi	0.0	0.946308724832	0.0	0.0536912751678
-xup	0.496820495295	0.404834555907	0.069631763313	0.0287131854854
-xur	0.856603773585	0.135849056604	0.0	0.00754716981131
-xus	0.21645021645	0.65367965368	0.0952380952381	0.034632034632
-153	0.0535714285714	0.0	0.107142857143	0.839285714286
-eli	0.0379746835443	0.962025316456	0.0	0.0
-pep	0.093896713615	0.105633802817	0.0	0.800469483568
-elo	0.0225105760896	0.95457225285	0.00816886258754	0.0147483084725
-ogo	0.42637376551	0.400955938212	0.054998100785	0.117672195493
-pes	0.195613393415	0.246753464011	0.18714707846	0.370486064114
-mgu	0.0583941605839	0.737226277372	0.0875912408759	0.116788321168
-ela	0.0251369863014	0.0432876712329	0.167260273973	0.764315068493
-xua	0.602590320382	0.360599863667	0.0327198364008	0.0040899795501
-ele	0.273132197583	0.299723993528	0.413057961359	0.0140858475302
-xis	0.45703527258	0.137543297586	0.0221818862665	0.383239543568
-pno	0.0	0.848484848485	0.151515151515	0.0
-esu	0.00378899823753	0.782477296423	0.0029109810822	0.210822724258
-ito	0.00352553611447	0.980683310187	0.00353500972398	0.0122561439741
-esi	0.173802946593	0.751611418048	0.0234806629834	0.0511049723757
-eso	0.119607442241	0.142302187692	0.281128603558	0.45696176651
-esa	0.047465068676	0.128333679433	0.110593610015	0.713607641876
-ese	0.278153415715	0.452319888086	0.190254138494	0.0792725577058
-ita	0.15371441607	0.565819000661	0.0252381055941	0.255228477674
-spa	0.13267251239	0.675181090355	0.0731986275258	0.118947769729
-bru	0.0030959752322	0.97213622291	0.0247678018576	0.0
-udu	0.622291021672	0.196594427245	0.139318885449	0.0417956656347
-uda	0.0	0.996485061511	0.00351493848857	0.0
-ude	0.640255405622	0.0363351384267	0.00301001561898	0.320399440332
-tdi	0.0228597085323	0.0346918059135	0.01941909848	0.923029387074
-udo	0.415584415584	0.307359307359	0.264069264069	0.012987012987
-abu	0.165094564676	0.747484789361	0.0719758320112	0.0154448139524
-rim	0.266597510373	0.604771784233	0.0248962655602	0.103734439834
-iis	0.175932441942	0.805770584096	0.00703729767769	0.0112596762843
-uto	0.045684707214	0.0126942289226	0.003344265307	0.938276798556
-aba	0.294644250471	0.136367597743	0.0289258247342	0.540062327051
-abo	0.016426569324	0.91786715338	0.0657062772962	0.0
-lot	0.156929846003	0.754094353459	0.0831092642386	0.00586653629919
-var	0.384615384615	0.569230769231	0.0307692307692	0.0153846153846
-vas	0.904042077635	0.0230645968295	0.00926526539306	0.0636280601425
-axa	0.111319269094	0.140159105102	0.350324454943	0.398197170862
-sox	0.513750206305	0.273240221159	0.140080871431	0.0729287011058
-vat	0.179697351828	0.731457067523	0.0616187091597	0.0272268714892
-kom	0.0276019841075	0.960884045379	0.011040793643	0.000473176870413
-aek	0.366197183099	0.562051554611	0.0717512622908	0.0
-kon	0.255032142481	0.600695542207	0.0600695542207	0.0842027610918
-aem	0.0545454545454	0.945454545455	0.0	0.0
-ael	0.0441273869086	0.91464183404	0.0227419625117	0.0184888165402
-sos	0.26525198939	0.726790450928	0.0	0.00795755968169
-aen	0.0186999942595	0.950897813815	0.0132311280138	0.0171710639113
-tup	0.314218272702	0.315051374618	0.0352679811164	0.335462371563
-kot	0.130998387375	0.481770467809	0.0711197847872	0.31611136003
-soo	0.376150017138	0.404614931947	0.127506680944	0.0917283699711
-ori	0.0122699386503	0.791411042945	0.196319018405	0.0
-tut	0.615643511039	0.185559145575	0.0695566325615	0.129240710824
-kop	0.00155219247187	0.989134652697	0.00155219247187	0.00776096235933
-sok	0.492171054188	0.132004068214	0.072577402493	0.303247475106
-soe	0.231481481481	0.768518518519	0.0	0.0
-vak	0.0645544001675	0.809128341126	0.116197920301	0.0101193384046
-ora	0.172126381082	0.723492924985	0.0857724365187	0.0186082574142
-van	0.0190677966102	0.103813559322	0.877118644068	0.0
-kox	0.333333333333	0.111111111111	0.343434343434	0.212121212121
-vam	0.71586183275	0.0326105816061	0.00617409718866	0.245353488455
-tna	0.423932325031	0.320224646741	0.00508373264584	0.250759295582
-gma	0.548551959114	0.0834752981261	0.0204429301533	0.347529812606
-lix	0.531069444489	0.172212040263	0.224901294997	0.0718172202511
-run	0.156577385768	0.342956316642	0.230513729028	0.269952568562
-rur	0.403266331658	0.468592964824	0.0942211055276	0.0339195979899
-rup	0.463709341407	0.288380878309	0.0591650231938	0.18874475709
-lip	0.00135035600295	0.971397004665	0.0257795236926	0.00147311563958
-rut	0.367121127127	0.163768363373	0.0780062274904	0.391104282009
-lis	0.411065821201	0.445148778691	0.0462403892221	0.0975450108864
-lil	0.0	1.0	0.0	0.0
-ruk	0.073411629494	0.615678387147	0.136599264926	0.174310718433
-omi	0.063063063063	0.936936936937	0.0	0.0
-lio	0.0333333333333	0.933333333333	0.0333333333333	0.0
-omo	0.350291604619	0.350985821694	0.207934366012	0.090788207675
-lii	0.232232985316	0.653106438662	0.0215467135364	0.0931138624864
-rum	0.330097087379	0.637540453074	0.00970873786407	0.0226537216829
-oma	0.41414874589	0.387073201188	0.0510391129133	0.147738940008
-lia	0.0625	0.928879310345	0.0	0.00862068965517
-eas	0.141104294479	0.834355828221	0.0	0.0245398773006
-nii	0.642045454545	0.289772727273	0.0	0.0681818181817
-abi	0.00758533501896	0.700379266751	0.284450063211	0.00758533501896
-oda	0.0280548628429	0.915835411471	0.0187032418952	0.0374064837905
-odi	0.0	1.0	0.0	0.0
-eal	0.0151057401813	0.812688821752	0.129909365559	0.0422960725075
-odo	0.415896487985	0.306839186691	0.0	0.277264325323
-uri	0.0181818181818	0.981818181818	0.0	0.0
-bua	0.552955133736	0.120254529767	0.00431406384814	0.322476272649
-urn	0.222222222222	0.648148148148	0.074074074074	0.0555555555556
-are	0.157800358637	0.676031081889	0.130304841602	0.0358637178721
-uki	0.0836454146187	0.844636387292	0.0484939219854	0.0232242761044
-ura	0.167416816236	0.0930346541489	0.188050531548	0.551497998067
-uru	0.0578971979476	0.0555920241408	0.00971157644088	0.876799201471
-tga	0.25	0.632352941176	0.117647058823	0.0
-pai	0.0	1.0	0.0	0.0
-apa	0.039603960396	0.891089108911	0.029702970297	0.0396039603961
-dut	0.179193628671	0.292805018924	0.511659795073	0.0163415573316
-pam	0.606488363737	0.0272649171991	0.0212843574838	0.344962361581
-pan	0.102857142857	0.897142857143	0.0	0.0
-ape	0.388296442334	0.537055291693	0.027914687696	0.0467335782776
-ais	0.627080683736	0.204984842304	0.0609907294091	0.106943744551
-mer	0.663037300709	0.232344231402	0.0236307618677	0.0809877060214
-lim	0.342857142857	0.657142857143	0.0	0.0
-sop	0.00662251655628	0.913907284768	0.0794701986755	0.0
-duk	0.382148184983	0.445673794132	0.105047240179	0.0671307807061
-pat	0.222003929273	0.7057956778	0.0618860510806	0.0103143418468
-dum	0.564230863614	0.366160512817	0.0233425306894	0.0462660928793
-dun	0.570831155254	0.385258755881	0.0376372190277	0.00627286983795
-nun	0.276178010471	0.527889043083	0.115703652306	0.0802292941399
-num	0.0633802816901	0.514084507042	0.0704225352113	0.352112676056
-nuk	0.00264203119358	0.944165074109	0.0131220882615	0.040070806436
-sux	0.273684210526	0.0421052631579	0.0421052631579	0.642105263158
-ken	0.184732180515	0.678616617461	0.0961619569801	0.0404892450443
-kem	0.0	1.0	0.0	0.0
-kel	0.0809443507588	0.919055649241	0.0	0.0
-sup	0.662224264706	0.303308823529	0.0344669117647	0.0
-sun	0.317025440313	0.414872798434	0.163405088063	0.10469667319
-rik	0.128352290514	0.572904399159	0.236505120675	0.0622381896513
-ket	0.11440507262	0.171204747276	0.0370212676586	0.677368912445
-suk	0.0586210332897	0.0886571010474	0.079835972999	0.772885892664
-tun	0.0443407234539	0.106438438665	0.238265517371	0.61095532051
-sue	0.859620532133	0.0744750018998	0.00892236417319	0.0569821017938
-kat	0.247709207861	0.18525865124	0.320121786833	0.246910354066
-nus	1.0	0.0	0.0	0.0
-sua	0.0599571734475	0.914346895075	0.0	0.0256959314775
-pse	0.196261682243	0.803738317757	0.0	0.0
-dia	0.257735820784	0.572225968382	0.048325466397	0.121712744437
-sol	0.0262838210933	0.947984538929	0.00198785201546	0.0237437879625
-dim	0.450591122016	0.300579968771	0.167410216373	0.0814186928396
-din	0.521084337349	0.234939759036	0.243975903614	0.0
-tur	0.848101265823	0.0379746835443	0.0	0.113924050633
-dik	0.0949108437391	0.0546735984405	0.0151995490958	0.835216008725
-dit	0.516072653657	0.23504124387	0.0715381176894	0.177347984783
-psu	0.564933178385	0.180273097037	0.226321905869	0.02847181871
-dip	0.296479870524	0.326218895408	0.145660530042	0.231640704026
-kma	0.44402465699	0.339917368154	0.161618170169	0.0544398046883
-dis	0.0554092367917	0.908826619461	0.0282083387304	0.00755580501706
-ane	0.105415162455	0.890252707581	0.0	0.00433212996392
-slo	0.567796610169	0.127118644068	0.305084745763	0.0
-sli	0.0	1.0	0.0	0.0
-oro	0.212580540095	0.333377443994	0.043414099045	0.410627916867
-ovo	0.227966366447	0.239538972439	0.199606486749	0.332888174364
-vee	0.684044565903	0.185831406349	0.0435148202649	0.0866092074837
-kos	0.0708847466527	0.919663953794	0.0094512995537	0.0
-ven	0.753471423046	0.147731855859	0.0303435323379	0.0684531887566
-vel	0.0607594936709	0.66582278481	0.273417721519	0.0
-vem	0.63025210084	0.310924369748	0.0588235294117	0.0
-sko	0.141329769462	0.80354159706	0.0400935516205	0.0150350818577
-nni	0.293069306931	0.695049504951	0.0118811881188	0.0
-sku	0.0	0.95	0.0	0.05
-ves	0.515810678624	0.333491520827	0.0851306983817	0.0655671021665
-uke	0.630044843049	0.107623318386	0.208520179372	0.0538116591928
-lua	0.0562890896456	0.922863099375	0.0104239054899	0.0104239054899
-nna	0.0147039687703	0.120754716981	0.263890696161	0.600650618087
-tit	0.269607843137	0.526960784314	0.144607843137	0.0588235294117
-ait	0.0	0.890909090909	0.109090909091	0.0
-tip	0.367112810707	0.472275334608	0.11759082218	0.0430210325048
-ngu	0.345889179041	0.515500241928	0.123753438634	0.0148571403977
-tir	0.342465753425	0.657534246575	0.0	0.0
-tis	0.445931909983	0.483072536574	0.0607311360782	0.0102644173653
-aie	0.681690140845	0.152112676056	0.107042253521	0.0591549295775
-nga	0.284533774086	0.368530251648	0.0391394169775	0.307796557289
-aia	0.0111887060823	0.88686517144	0.0685106116944	0.0334355107831
-tia	0.0741629436772	0.184741176907	0.0227946710004	0.718301208416
-ini	0.100547195622	0.879958960328	0.0112859097127	0.00820793433653
-aim	0.0344827586207	0.965517241379	0.0	0.0
-ngi	0.276622296173	0.490432612313	0.203826955075	0.0291181364393
-tin	0.193176799868	0.0291319263531	0.00377836632585	0.773912907453
-ain	0.102148466299	0.516692589052	0.370038479284	0.0111204653663
-tii	0.591050181066	0.408949818934	0.0	0.0
-kut	0.154506437768	0.665236051502	0.128755364807	0.0515021459227
-ngo	0.124223602484	0.665725578769	0.0542066629023	0.155844155844
-tbu	0.484581497797	0.409691629956	0.0	0.105726872247
-ema	0.0870266016254	0.0848722279788	0.0220326499584	0.806068520437
-kes	0.436158617164	0.356936848299	0.132727570873	0.0741769636639
-emi	0.0902898536026	0.104046704597	0.0198045317868	0.785858910013
-nop	0.3573821288	0.185704714848	0.0288920525919	0.42802110376
-260	0.107913669065	0.0431654676259	0.0	0.848920863309
-emu	0.133939117517	0.0529392794293	0.0568457402523	0.756275862801
-ems	0.00689995071463	0.988664366683	0.00246426811237	0.0019714144899
-das	0.134823594564	0.831499241576	0.00827561705766	0.025401546802
-ulu	0.373014785763	0.300163698623	0.256347873433	0.070473642181
-mdi	0.764150943396	0.21108490566	0.00707547169811	0.0176886792453
-son	0.032	0.958	0.006	0.004
-pdo	0.342736248237	0.513399153738	0.0507757404795	0.0930888575459
-gia	0.0552486187845	0.872928176796	0.0534069981584	0.0184162062615
