-100	0.25	0.375	0.0	0.375
-eut	0.797101449275	0.115942028986	0.0	0.0869565217392
-eus	0.0478153338829	0.904369332234	0.0288540807914	0.0189612530915
-eum	0.0	1.0	0.0	0.0
-rba	0.0	0.670103092784	0.0	0.329896907216
-ank	0.150116461473	0.1720064648	0.0319912535057	0.645885820221
-rbe	0.0276923076923	0.972307692308	0.0	0.0
-lel	0.217938235109	0.782061764891	0.0	0.0
-lem	0.156669277866	0.699736570934	0.0139450684526	0.129649082747
-105	0.142857142857	0.0	0.0	0.857142857143
-aus	0.225	0.675	0.0125	0.0875
-iom	0.0267585972808	0.0308467201383	0.00748500101946	0.934909681561
-ŋur	0.415021349307	0.127069468389	0.0123757172182	0.445533465086
-ŋdu	0.0	0.666666666667	0.0	0.333333333333
-oyo	0.63528539659	0.318754633062	0.0370644922165	0.00889547813195
-ziu	0.305084745763	0.28813559322	0.271186440678	0.135593220339
-zip	0.0	1.0	0.0	0.0
-aen	0.0906346162748	0.855539374158	0.0280501739996	0.0257758355672
-zin	0.038428888993	0.0735781694954	0.00904916066592	0.878943780846
-zil	0.593979722303	0.235591791555	0.0897712161238	0.0806572700182
-zim	0.122371596001	0.397793864185	0.0330920372285	0.446742502585
-zik	0.457117126984	0.488575722726	0.0419549357137	0.0123522145756
-aai	0.137931034483	0.137931034483	0.689655172414	0.0344827586207
-mul	0.0999999999999	0.9	0.0	0.0
-ŋbo	0.869623655914	0.122311827957	0.00806451612903	0.0
-aum	0.00293901542983	0.992652461425	0.00220426157237	0.00220426157237
-aul	0.0172587694722	0.956404796593	0.00672419589824	0.0196122380365
-aun	0.411829134721	0.00985761226724	0.542168674699	0.0361445783132
-put	0.472673559823	0.45199409158	0.00886262924668	0.0664697193501
-naŋ	0.11306712466	0.620008587377	0.019321597252	0.247602690711
-mun	0.303662229332	0.326829686339	0.306947380449	0.0625607038794
-pup	0.831034482759	0.118965517241	0.0448275862069	0.0051724137931
-nto	0.305715551617	0.313247673903	0.0930438635357	0.287992910944
-pus	0.312432138979	0.603148751357	0.0602605863192	0.0241585233442
-kiŋ	0.456117191634	0.0617706853817	0.0213885871836	0.460723535801
-zuŋ	0.536276026755	0.339916421984	0.0550079801167	0.0687995711449
-kia	0.0625	0.9375	0.0	0.0
-ŋim	0.655963302752	0.188073394495	0.100917431193	0.0550458715596
-siŋ	0.0992986121926	0.308525167244	0.0553710928873	0.536805127676
-wat	0.614357262104	0.245409015025	0.0751252086811	0.0651085141903
-pua	0.0	1.0	0.0	0.0
-pun	0.687272016584	0.225372092887	0.0268828796632	0.0604730108657
-war	0.575098814229	0.418972332016	0.00592885375494	0.0
-pra	0.0	1.0	0.0	0.0
-opu	0.0	0.0	1.0	0.0
-twi	0.698917966784	0.247232008052	0.0279315551082	0.0259184700554
-sis	0.256993835941	0.650071123755	0.0189663347558	0.0739687055477
-opo	0.314865875316	0.28542387139	0.137668629467	0.262041623828
-opi	0.857142857143	0.142857142857	0.0	0.0
-sma	0.0	0.833333333333	0.166666666667	0.0
-sir	0.605063291139	0.273417721519	0.121518987342	0.0
-ope	0.528198074278	0.319316172136	0.0601296914914	0.0923560620947
-opa	0.0	1.0	0.0	0.0
-815	0.0	0.0	0.0	1.0
-dea	0.00647090715123	0.983210619283	0.00682068591616	0.00349778764931
-msa	0.626482213439	0.243083003953	0.0	0.130434782609
-biu	0.0	1.0	0.0	0.0
-imu	0.444444444444	0.444444444444	0.111111111111	0.0
-mse	0.506297229219	0.418136020151	0.0188916876574	0.0566750629723
-dek	0.0536229891379	0.870296530547	0.0384985563041	0.0375819240111
-mso	0.236080534937	0.116903807897	0.0262143341105	0.620801323055
-den	0.0	1.0	0.0	0.0
-400	0.188284518828	0.081589958159	0.0	0.730125523013
-ima	0.28643910174	0.176730160833	0.0511921687016	0.485638568726
-beŋ	0.0288540556993	0.860325673413	0.0154618779486	0.0953583929387
-der	0.562294088716	0.278298679174	0.0711578076997	0.0882494244107
-des	0.0	0.984126984127	0.015873015873	0.0
-det	0.334224518156	0.399084647453	0.126714397922	0.139976436469
-rwi	0.257352941177	0.213235294118	0.102941176471	0.426470588235
-msu	0.470941883768	0.342685370741	0.0	0.186372745491
-950	0.0	0.0	0.0	1.0
-imi	0.707876948385	0.237385819292	0.0243276588104	0.030409573513
-rwe	0.205	0.361153846154	0.113076923077	0.320769230769
-yaŋ	0.141976130263	0.813434491326	0.0212964195395	0.0232929588713
-sik	0.508599147435	0.263707188005	0.157136557401	0.0705571071586
-lla	0.503886849493	0.307863158219	0.105731560601	0.082518431687
-obi	0.523318088308	0.29714198276	0.0584864920006	0.121053436931
-obo	0.553721971228	0.222816161871	0.162917917999	0.0605439489024
-bip	0.132900306833	0.649505986823	0.133980762819	0.0836129435251
-idi	0.687150837989	0.234636871508	0.0446927374301	0.0335195530726
-rpa	0.9	0.0999999999999	0.0	0.0
-let	0.0	1.0	0.0	0.0
-lli	0.315589760034	0.349847683181	0.245844690289	0.0887178664957
-oba	0.0110745871488	0.966424043203	0.00911794630976	0.0133834233388
-rpe	0.555640124146	0.223269075904	0.11557716008	0.10551363987
-ŋeu	0.53095779631	0.347738185494	0.104624715694	0.0166793025019
-obe	0.381679389313	0.10478834143	0.058292852186	0.455239417071
-bib	0.0	1.0	0.0	0.0
-bia	0.0358667805295	0.928266438941	0.0307429547395	0.00512382578992
-bin	0.0283348476678	0.943330304664	0.0283348476678	0.0
-bio	0.0291091593475	0.0537013801756	0.908406524467	0.00878293601005
-bil	0.5196875	0.4021875	0.065	0.013125
-318	0.0	0.333333333333	0.666666666667	0.0
-moŋ	0.216055630506	0.382218740845	0.0182793251884	0.383446303461
-rat	0.5	0.5	0.0	0.0
-lat	0.0	1.0	0.0	0.0
-obu	0.391239036682	0.324126568784	0.150312545428	0.134321849106
-bba	0.0761904761905	0.847619047619	0.0	0.0761904761904
-uta	0.26935224978	0.572205250349	0.0	0.158442499871
-tet	0.0275274455186	0.41848271342	0.533344256923	0.0206455841389
-ute	0.808046313804	0.0914984678272	0.0329584923076	0.0674967260614
-rin	0.148199088799	0.712369981948	0.0338691653056	0.105561763947
-ril	0.0	0.956043956044	0.043956043956	0.0
-rim	0.229357798165	0.540328746177	0.144304281346	0.0860091743119
-rik	0.142909790754	0.468449285451	0.316162319315	0.0724786044798
-eru	0.130287920219	0.797329901882	0.0530802637928	0.0193019141065
-tea	0.0413407821229	0.824581005587	0.00670391061453	0.127374301676
-maŋ	0.0717735693062	0.831090646526	0.0128226562334	0.0843131279344
-rir	0.360730593607	0.509132420091	0.109589041096	0.0205479452055
-ris	0.239381291431	0.737048858335	0.0162042720354	0.00736557819789
-utu	0.0829005251163	0.855189667669	0.0148022795922	0.0471075276223
-tel	0.0167649613679	0.0994330910255	0.303076852741	0.580725094866
-tem	0.347093023256	0.331976744186	0.275581395349	0.0453488372093
-ten	0.237488244975	0.572557893499	0.0789423416011	0.111011519925
-133	0.0	0.130434782609	0.173913043478	0.695652173913
-met	0.393853091888	0.285790618271	0.133528541124	0.186827748716
-wal	0.0599325110099	0.505370089561	0.0376676321985	0.397029767231
-ara	0.528675403237	0.323312635058	0.0849336570683	0.0630783046373
-mes	0.00630914826497	0.955835962145	0.0378548895899	0.0
-rao	0.243265457226	0.105781987599	0.149871736908	0.501080818267
-lup	0.357726969024	0.25996885502	0.0486212421806	0.333682933776
-lus	0.0339127687502	0.91833836553	0.00293137647668	0.0448174892435
-lut	0.56295003273	0.403011128082	0.0340388391883	0.0
-ari	0.162779552217	0.558594893616	0.188929125559	0.0896964286074
-nde	0.189632251754	0.462345923049	0.0746426755036	0.273379149694
-art	0.0	1.0	0.0	0.0
-aru	0.525661343411	0.271106776653	0.118276511303	0.084955368632
-lul	0.304741845726	0.306925336219	0.127821147009	0.260511671046
-nat	0.0	1.0	0.0	0.0
-lun	0.158849855925	0.789651155662	0.0	0.0514989884127
-mem	0.729766803841	0.167352537723	0.0644718792867	0.0384087791495
-mel	0.24348810872	0.702151755379	0.0373725934315	0.0169875424689
-men	0.050145083711	0.0930969769345	0.0885845689886	0.768173370366
-lud	0.0	1.0	0.0	0.0
-mek	0.111319902	0.864560785899	0.0129873219001	0.0111319902
-aya	0.00957290132548	0.981222385862	0.0	0.00920471281295
-gis	0.450770436145	0.236876469052	0.269522068425	0.0428310263777
-ayo	0.273618442314	0.266885705052	0.0220833782182	0.437412474416
-ila	0.403712029514	0.039478303765	0.00571746452002	0.551092202201
-ziŋ	0.0178274732492	0.911306789015	0.0251305088973	0.0457352288382
-rad	0.0	1.0	0.0	0.0
-mor	0.229685807151	0.689057421452	0.0812567713976	0.0
-sbi	0.0	1.0	0.0	0.0
-alo	0.0916840920057	0.819044555252	0.0289528711597	0.0603184815828
-ubu	0.15048236302	0.837225760793	0.0100569896078	0.0022348865795
-sra	0.0	1.0	0.0	0.0
-lap	0.0	1.0	0.0	0.0
-ken	0.333333333333	0.0	0.666666666667	0.0
-dai	0.0	1.0	0.0	0.0
-oma	0.142857142857	0.857142857143	0.0	0.0
-umu	0.101720748661	0.794231870819	0.0166043792158	0.0874430013046
-ota	0.0108577633008	0.306188925081	0.0	0.682953311618
-zan	0.145777485629	0.641698249506	0.0720328393058	0.140491425559
-rru	0.564929215465	0.22422844326	0.16058569382	0.0502566474548
-ebi	0.417362029578	0.480052903691	0.0544908019719	0.0480942647589
-oti	0.172763608338	0.756098435288	0.0421916727905	0.0289462835839
-ali	0.541944804024	0.337476563151	0.0442877357117	0.0762908971129
-oto	0.342602533767	0.381419398124	0.141014946735	0.134963121374
-ume	0.0	1.0	0.0	0.0
-962	0.0	0.0	0.0	1.0
-uma	0.42488927612	0.410985261018	0.0970376824221	0.06708778044
-969	0.0	0.0	0.0	1.0
-umo	0.00358422939068	0.989247311828	0.00716845878134	0.0
-sup	0.0	1.0	0.0	0.0
-ulu	0.342729463475	0.287121792508	0.0531195023304	0.317029241686
-kbi	0.333333333333	0.333333333333	0.0	0.333333333333
-ako	0.229746672707	0.0384916616983	0.0139516439153	0.717810021679
ALL	0.242788301735	0.311326862643	0.0581455146848	0.387739320937
-nai	0.0103092783505	0.989690721649	0.0	0.0
-nan	0.443452246671	0.430093491766	0.0715042514362	0.0549500101266
-aki	0.281678251516	0.295522186473	0.0622253522486	0.360574209762
-nam	0.0	1.0	0.0	0.0
-ŋiŋ	0.255716825869	0.692180457346	0.0297729810197	0.0223297357648
-zuk	0.489386583508	0.328821007123	0.160175768099	0.0216166412701
-ake	0.350987464733	0.541016392272	0.0224991964573	0.0854969465376
-sip	0.0196327333117	0.97403936091	0.0	0.00632790577815
-zun	0.392694063927	0.511415525114	0.0273972602739	0.0684931506849
-kin	0.131512931856	0.737726198019	0.0384272637831	0.092333606342
-kim	0.0	1.0	0.0	0.0
-840	0.0	0.0	0.0	1.0
-kis	0.556154902597	0.247685458266	0.0717608091075	0.12439883003
-kir	0.686372598064	0.136185739929	0.0317805961804	0.145661065827
-sin	0.124679031425	0.755713626563	0.106399817496	0.0132075245154
-sim	0.0724637681159	0.815408085431	0.0091533180778	0.102974828375
-sil	0.209908735332	0.425032594524	0.286831812256	0.0782268578879
-nar	0.0	1.0	0.0	0.0
-nas	0.0462724935732	0.91323907455	0.0212082262211	0.0192802056555
-sia	0.00782068942807	0.965265162533	0.00482961873453	0.0220845293043
-ŋbi	0.260115606936	0.225433526012	0.346820809249	0.167630057803
-goŋ	0.226277372263	0.486618004866	0.0900243309002	0.197080291971
-nau	0.526071961703	0.338446491996	0.0792711175169	0.0562104287847
-goi	0.132655614485	0.11847160008	0.0684325952674	0.680440190167
-zza	0.521861690719	0.268835983699	0.104865643288	0.104436682293
-mos	0.119899683638	0.77397047292	0.0848362761268	0.0212935673147
-gol	0.0276048714479	0.851691474966	0.105548037889	0.0151556156969
-zze	0.339513532848	0.419554071778	0.0985453678311	0.142387027543
-gon	0.0	1.0	0.0	0.0
-zzo	0.50202074873	0.182547990757	0.0497262995505	0.265704960962
-gog	0.0508474576271	0.915254237288	0.0338983050847	0.0
-365	0.0	0.0	0.0	1.0
-lki	0.0	1.0	0.0	0.0
-ŋoŋ	0.331917973309	0.371715583527	0.18237934964	0.113987093525
-zzu	0.440291970803	0.261313868613	0.160583941606	0.137810218978
-mon	0.08580591721	0.894229339677	0.00658411740968	0.0133806257035
-mom	0.145745202449	0.633242494384	0.025222061322	0.195790241844
-gor	0.0591800356506	0.875222816399	0.0042780748663	0.0613190730838
-mok	1.0	0.0	0.0	0.0
-biŋ	0.379867744306	0.408523144747	0.158706833211	0.052902277737
-yau	0.380990036375	0.292819863989	0.200933101376	0.12525699826
-lka	0.0	1.0	0.0	0.0
-yar	0.64	0.137142857143	0.0914285714286	0.131428571429
-ber	0.352829110307	0.475519146504	0.144217946275	0.0274337969137
-eor	0.0	1.0	0.0	0.0
-bet	0.0806071462242	0.850098991232	0.0127274441407	0.0565664184029
-600	0.037037037037	0.148148148148	0.296296296296	0.518518518519
-yae	0.387096774194	0.344913151365	0.029776674938	0.238213399504
-eon	0.108519269777	0.879310344828	0.00912778904665	0.00304259634888
-bei	0.0684368641657	0.0128234027502	0.0205932660497	0.898146467034
-ben	0.112731543788	0.866713974601	0.0	0.0205544816111
-bel	0.226531328671	0.461797070965	0.160201247662	0.151470352702
-yam	0.169663527616	0.206252066507	0.0623102158148	0.561774190061
-bea	0.386327503975	0.379968203498	0.119236883943	0.114467408585
-yai	0.169887640449	0.792359550562	0.0377528089887	0.0
-yak	0.604714108492	0.25555430247	0.0971016127213	0.0426299763167
-iso	0.786679705006	0.0236099458545	0.00299748160757	0.186712867532
-rek	0.283681389762	0.524117538348	0.125669931621	0.0665311402698
-rei	0.341783918047	0.0417148785831	0.00584328427288	0.610657919097
-ren	0.200035002198	0.600085371215	0.100217269743	0.0996623568431
-reo	0.145263157895	0.652631578947	0.101052631579	0.101052631579
-isi	0.0568717579485	0.912096121099	0.00899261113614	0.0220395098162
-rem	0.254561251086	0.483927019983	0.0938314509122	0.167680278019
-ise	0.185289067919	0.111351601357	0.0232502341704	0.680109096553
-rea	0.0589211618257	0.924481327801	0.00290456431535	0.0136929460581
-isa	0.279403134617	0.45716739426	0.0929793172547	0.170450153868
-ŋin	0.0391214824983	0.894989704873	0.0452985586822	0.0205902539464
-905	0.0	0.0	0.0	1.0
-upa	0.522900763359	0.454198473282	0.0	0.0229007633588
-res	0.294022617124	0.662358642973	0.032310177706	0.0113085621971
-isu	0.180294904297	0.0500446517947	0.00974061468763	0.759919829221
-iss	0.320364716561	0.277704431059	0.109745028468	0.292185823913
-ret	0.0192513368984	0.975614973262	0.00385026737969	0.00128342245989
-reu	0.076923076923	0.897435897436	0.0	0.025641025641
-ŋgo	0.644561099397	0.302297880985	0.0121473727704	0.0409936468476
-oat	0.0	1.0	0.0	0.0
-ŋgi	0.299174228594	0.0607730171373	0.0119037468434	0.628149007426
-ŋge	0.220203341907	0.503274644388	0.162580453981	0.113941559724
-map	0.267588542402	0.194303479153	0.086191465912	0.451916512533
-mas	0.0189379873747	0.975492016339	0.0	0.00556999628667
-mar	0.689285741635	0.0810951631347	0.0195679746532	0.210051120577
-ŋga	0.449904051551	0.122602596683	0.0370377419264	0.390455609839
-mat	0.255386543513	0.416369083386	0.146423850155	0.181820522945
-ŋyo	0.3	0.585714285714	0.0571428571429	0.0571428571429
-mai	0.0542965061379	0.907932011331	0.0349386213409	0.0028328611898
-mam	0.40554195962	0.169774425192	0.0503492640897	0.374334351098
-mal	0.113343496608	0.657285094873	0.0967120008794	0.13265940764
-man	0.198440338353	0.600502906898	0.091608873466	0.109447881283
-ŋgu	0.333507132788	0.127761091126	0.0761343182704	0.462597457815
-182	0.0	0.0	0.0	1.0
-teŋ	0.295890410959	0.483835616438	0.0854794520547	0.134794520548
-mae	0.734939759036	0.156626506024	0.10843373494	0.0
-ptu	0.00398123133798	0.919152566472	0.0504763258922	0.0263898762975
-uni	0.684614078839	0.183655485575	0.0230661504243	0.108664285162
-782	0.0	0.0	0.0	1.0
-boŋ	0.078313253012	0.921686746988	0.0	0.0
-nke	0.458117371677	0.378699214178	0.0675472329042	0.0956361812406
-pta	0.0	1.0	0.0	0.0
-iat	0.0	0.876288659794	0.0	0.123711340206
-unu	0.154773640946	0.507651776003	0.0622087962126	0.275365786838
-doŋ	0.289473684211	0.657894736842	0.0263157894737	0.0263157894737
-500	0.06	0.07	0.12	0.75
-uŋu	0.541188695914	0.387323014017	0.0519407107534	0.0195475793158
-ada	0.43842226391	0.360691008954	0.113060127255	0.0878265998801
-tro	0.0246913580247	0.975308641975	0.0	0.0
-gal	0.476541669139	0.220698856991	0.0840452762495	0.218714197621
-tri	0.0	1.0	0.0	0.0
-gai	0.0	1.0	0.0	0.0
-laŋ	0.221452166216	0.647342631856	0.118709468411	0.0124957335169
-eia	0.405322415558	0.307062436029	0.0706243602866	0.216990788127
-uŋa	0.211850649351	0.393668831169	0.245941558442	0.148538961039
-noŋ	0.122034579815	0.614595898673	0.0422195416164	0.221149979895
-gas	0.328253223916	0.566236811254	0.0791324736225	0.0263774912075
-gar	0.262290548125	0.448384646466	0.072717478331	0.216607327078
-aat	0.0	1.0	0.0	0.0
-uŋi	0.447206743821	0.31904557794	0.0862980425775	0.147449635662
-nor	0.13195714659	0.787039456493	0.022210608832	0.0587927880846
-ini	0.0637556908533	0.12659771647	0.020079757016	0.78956683566
-sem	0.174706649283	0.715775749674	0.0938722294655	0.0156453715776
-sel	0.08	0.92	0.0	0.0
-sek	0.360641195815	0.21815915062	0.157424894642	0.263774758923
-loŋ	0.161290322581	0.516129032258	0.112903225806	0.209677419355
-sei	0.459574468085	0.489361702128	0.0340425531915	0.0170212765957
-ino	0.243243243243	0.405405405405	0.351351351351	0.0
-gaŋ	0.0519313314232	0.81608973805	0.0512997790675	0.0806791514596
-uwa	0.0	1.0	0.0	0.0
-apa	0.387123921734	0.374807813688	0.0763890012786	0.161679263299
-lba	0.061465220841	0.878180375562	0.0522084104734	0.00814599312352
-sea	0.0353982300885	0.893805309735	0.0353982300885	0.0353982300885
-ing	0.0180039138943	0.949027282146	0.0181650742489	0.0148037297111
-800	0.0	0.0	0.0	1.0
-807	0.0	0.0	0.0	1.0
-iki	0.333333333333	0.333333333333	0.333333333333	0.0
-upi	0.0	1.0	0.0	0.0
-set	0.0	1.0	0.0	0.0
-ses	0.0	1.0	0.0	0.0
-ser	0.366462267015	0.51514783559	0.0819622366584	0.0364276607371
-bap	0.0	1.0	0.0	0.0
-roŋ	0.188162635985	0.487300084414	0.020973219366	0.303564060235
-rsa	0.583783783784	0.318918918919	0.0972972972973	0.0
-kut	0.748971193416	0.121399176955	0.0925925925925	0.037037037037
-kus	0.048700573386	0.925013031499	0.0173505100901	0.00893588502495
-kur	0.457998848455	0.345301597525	0.121380683315	0.0753188707049
-ede	0.675422400037	0.227997472707	0.0178478701106	0.0787322571449
-iam	0.045530132506	0.0392683740775	0.00890281721605	0.9062986762
-rla	0.60781552863	0.296453640492	0.0306203628752	0.0651104680024
-iao	0.211546936977	0.638607315998	0.123402379903	0.0264433671222
-ian	0.0447379633575	0.80954409885	0.107371112058	0.038346825735
-oom	0.349391212282	0.369706193753	0.030108523028	0.250794070937
-nes	0.0644841269841	0.855158730159	0.0297619047619	0.0505952380953
-rso	0.11933982226	0.0681337283114	0.0469741853576	0.765552264071
-iau	0.0	1.0	0.0	0.0
-gin	0.0	1.0	0.0	0.0
-nel	0.0	0.8	0.0	0.2
-nok	0.356522527509	0.367836385673	0.127978775183	0.147662311635
-mto	0.0858397360433	0.180649801009	0.1284440168	0.605066446147
-ias	0.0274604822891	0.930310372678	0.0297680858429	0.01246105919
-tke	0.5591919636	0.20336173297	0.125366476853	0.112079826576
-saŋ	0.679560392199	0.165822648421	0.026398017455	0.128218941924
-kun	0.292020373514	0.471420486701	0.100735710243	0.135823429542
-kum	0.055900621118	0.788819875776	0.0372670807453	0.11801242236
-kul	0.119565217391	0.282608695652	0.576086956522	0.0217391304348
-nil	0.045283018868	0.932075471698	0.0	0.022641509434
-ker	0.0	1.0	0.0	0.0
-910	0.0	0.0	0.0	1.0
-ban	0.0410583941606	0.865875912409	0.0930656934308	0.0
-ska	0.0	1.0	0.0	0.0
-bal	0.104669750897	0.88919001895	0.00307011507638	0.00307011507638
-bak	0.0	1.0	0.0	0.0
-eke	0.52559220815	0.309522372181	0.0561312066956	0.108754212973
-bai	0.365311086473	0.228911044562	0.176796945299	0.228980923666
-eki	0.47679387611	0.400022295716	0.0778956560514	0.0452881721229
-hos	0.0582989484893	0.900439238653	0.0125116464794	0.0287501663783
-mko	0.238423028786	0.347309136421	0.282853566959	0.131414267835
-iru	0.18036011032	0.0773309788383	0.0177211798424	0.724587730999
-isk	0.0	1.0	0.0	0.0
-bat	0.111111111111	0.888888888889	0.0	0.0
-pek	0.0	1.0	0.0	0.0
-bas	0.0204216800971	0.947703940832	0.0224914449718	0.00938293409868
-mke	0.671631390994	0.30216940132	0.0152966370225	0.010902570664
-uur	0.361451148195	0.426813817745	0.0816152133839	0.130119820676
-ogi	0.608660785886	0.246190858059	0.114675220529	0.0304731355253
-ase	0.466477683965	0.337699365444	0.104798933189	0.0910240174006
-mbu	0.231268763869	0.690901971022	0.0504177000392	0.0274115650699
-asa	0.176640943775	0.221592061914	0.0366739602951	0.565093034016
-nye	0.5	0.0	0.5	0.0
-aso	0.149179794436	0.0666426854913	0.013563265001	0.770614255072
-yer	0.466647489372	0.257071627193	0.0352862211142	0.24099466232
-iyo	0.567617338843	0.258809642947	0.0702980597071	0.103274958502
-asi	0.207317073171	0.780487804878	0.0	0.0121951219512
-930	0.0	0.0	0.0	1.0
-yei	0.384969325153	0.36393514461	0.184925503944	0.0661700262927
-mba	0.0522490362708	0.853509543959	0.0586156475969	0.0356257721734
-zur	0.129416506202	0.727396892213	0.10870538713	0.0344812144553
-mbe	0.20777643405	0.078434132762	0.0119393592185	0.701850073969
-yen	0.0	1.0	0.0	0.0
-mbi	0.512137173889	0.347892067595	0.0588027962169	0.0811679622994
-lta	0.0	1.0	0.0	0.0
-nea	0.0	1.0	0.0	0.0
-zor	0.0	1.0	0.0	0.0
-mbo	0.514106309506	0.305046855133	0.124990199454	0.0558566359072
-ogo	0.503393035933	0.282456335521	0.121815552342	0.0923350762043
-430	0.440366972477	0.0733944954128	0.0	0.48623853211
-rau	0.226180841456	0.263966595118	0.0893475022579	0.420505061168
-rar	0.0	1.0	0.0	0.0
-ras	0.072072072072	0.900900900901	0.021021021021	0.006006006006
-rap	0.0715153781434	0.928484621857	0.0	0.0
-ran	0.186618492799	0.5915441603	0.128693836286	0.0931435106154
-eri	0.457601908203	0.369758360951	0.106708500134	0.0659312307111
-ram	0.14274307475	0.808242736933	0.0257969412198	0.0232172470978
-rak	0.420291537018	0.460303974529	0.0328017465069	0.0866027419457
-iwe	0.517142484237	0.0921171051952	0.0405537393738	0.350186671194
-rai	0.543309998079	0.342096619934	0.0638397200596	0.0507536619273
-era	0.320642193383	0.431508386656	0.0653196442316	0.18252977573
-iwi	0.864987263541	0.0462077308547	0.00413975491264	0.0846652506915
-rae	0.185257306732	0.687018711607	0.110463984139	0.0172599975216
-ere	0.187366114078	0.656965555578	0.0338787065295	0.121789623814
-dos	0.105263157895	0.894736842105	0.0	0.0
-swe	0.509045398717	0.217842801202	0.0500197078308	0.22309209225
-ugu	0.0687679083095	0.914040114613	0.0171919770774	0.0
-pos	0.0	1.0	0.0	0.0
-ozi	0.0902182479406	0.371461781294	0.067922351812	0.470397618953
-ozo	0.263320429396	0.194315868594	0.355478241865	0.186885460145
-pot	0.363528009535	0.377830750894	0.15852205006	0.100119189511
-pou	0.38400945254	0.297755021662	0.187869239858	0.130366285939
-pok	0.564578499613	0.313225058005	0.0363495746327	0.0858468677494
-pon	0.522699333266	0.234875547778	0.175100877891	0.0673242410656
-pol	0.331015629643	0.532893563915	0.0956795626077	0.0404112438343
-pom	0.299079754601	0.524028629857	0.168711656442	0.00817995910019
-aza	0.506843518146	0.38706655644	0.0841896192339	0.0219003061798
-lae	0.29025838488	0.261444324778	0.0440998465512	0.404197443791
-ike	0.419287524221	0.450737814876	0.101058279922	0.0289163809808
-119	0.0	0.0	0.0	1.0
-ika	0.0496499045194	0.923615531509	0.0190961171229	0.00763844684917
-iko	0.630716841741	0.249636384624	0.0235484243334	0.0960983493016
-lam	0.0168377050541	0.94783612944	0.00594271943086	0.0293834460748
-lan	0.175556407832	0.74757200607	0.0266799431145	0.0501916429843
-nos	0.0	1.0	0.0	0.0
-ouo	0.530643383911	0.388827668051	0.00508603882343	0.0754429092142
-110	0.714285714286	0.285714285714	0.0	0.0
-aas	0.0	1.0	0.0	0.0
-lak	0.285836963938	0.161853359212	0.032636029234	0.519673647615
-aam	0.185511331308	0.686491714884	0.112569042638	0.0154279111702
-aal	0.055746709821	0.926487855181	0.0177654349979	0.0
-aan	0.052650011674	0.860378239552	0.0647910343217	0.0221807144525
-iks	0.0694188798318	0.859584538522	0.0347094399158	0.0362871417302
-nom	0.00975609756098	0.931707317073	0.0585365853659	0.0
-non	0.160995362811	0.678172555679	0.0491476716086	0.111684409901
-las	0.0527934991534	0.906058626506	0.0333841244647	0.00776374987551
-noa	0.0	0.996291488967	0.00370851103282	0.0
-ppa	0.019120458891	0.97896749522	0.0019120458891	0.0
-nod	0.0	1.0	0.0	0.0
-uki	0.749228395062	0.193672839506	0.0223765432099	0.0347222222222
-aab	0.0	1.0	0.0	0.0
-boe	0.293159609121	0.692880409493	0.00348999534667	0.01046998604
-dot	0.399239543726	0.296577946768	0.247148288973	0.0570342205323
-dou	0.536830835118	0.318843683084	0.103211991435	0.041113490364
-gen	0.0542317173377	0.814297452753	0.0328677074774	0.0986031224322
-gem	0.111111111111	0.805555555556	0.05	0.0333333333333
-bol	0.435690014115	0.294852761234	0.111132447663	0.158324776988
-bom	0.131663455363	0.831727681439	0.0366088631985	0.0
-bon	0.191166599544	0.565847764801	0.186602228487	0.0563834071688
-bok	0.249511524705	0.327129421115	0.270648430256	0.152710623924
-bot	0.360580943381	0.0999747065618	0.0288141804321	0.510630169626
--ir	0.0	1.0	0.0	0.0
-meŋ	0.522232885477	0.196737044146	0.0895713371721	0.191458733205
-bor	0.0	0.2	0.8	0.0
-don	0.0273804658766	0.937474458521	0.02043318349	0.0147118921128
-ger	0.322657059665	0.48502196121	0.0733109608646	0.11901001826
-180	0.0	0.0	0.0	1.0
-dom	0.305095217696	0.606992160316	0.0607930470816	0.0271195749063
-dok	0.0	1.0	0.0	0.0
-geu	0.164556962025	0.708860759494	0.113924050633	0.0126582278481
-get	0.0	1.0	0.0	0.0
-sar	0.0	1.0	0.0	0.0
-dda	0.0358565737052	0.964143426295	0.0	0.0
-sap	0.588687150838	0.352653631285	0.0125698324022	0.0460893854749
-sau	0.0382897255903	0.939374601149	0.0	0.022335673261
-sat	0.0	1.0	0.0	0.0
-ton	0.0958904109589	0.780821917808	0.041095890411	0.0821917808219
-del	0.358926129107	0.261820641098	0.17058026104	0.208672968754
-tom	0.0461360006623	0.547002767768	0.0185872179851	0.388274013585
-tul	0.695013550637	0.224530506661	0.0343313631725	0.0461245795294
-tok	0.57563085284	0.351632237702	0.0539436409856	0.0187932684724
-iaŋ	0.227611044418	0.387317279853	0.367064472848	0.0180072028812
-mpa	0.11858190709	0.773838630807	0.0929095354523	0.0146699266504
-oli	0.444584402702	0.373006250886	0.0686495252791	0.113759821133
-tou	0.55885255431	0.356792343152	0.0738107147202	0.0105443878172
-tor	0.300328780981	0.599772382398	0.0701820940819	0.0297167425392
-ibi	0.141415265639	0.189522486041	0.232391089821	0.436671158499
-top	0.672105205434	0.236722671081	0.0186971531234	0.0724749703614
-sad	0.0	1.0	0.0	0.0
-sak	0.149560117302	0.770120560443	0.0382860866732	0.0420332355816
-ola	0.097046968344	0.046220348901	0.0178326613096	0.838900021445
-san	0.660258780037	0.296118299445	0.0170055452865	0.026617375231
-sam	0.404099560761	0.593704245974	0.00219619326501	0.0
-sal	0.50539083558	0.285714285714	0.033692722372	0.175202156334
-rot	0.0265853974841	0.916612631306	0.0431850603035	0.0136169109065
-rou	0.364493354528	0.454714814792	0.0924153292548	0.0883765014255
-lol	0.461490294302	0.312043414736	0.170110624087	0.0563556668755
-lom	0.8	0.2	0.0	0.0
-iel	0.0594911116066	0.931695390378	0.00440674900789	0.00440674900789
-ror	0.0425101214575	0.927125506073	0.0121457489878	0.0182186234818
-loi	0.0	0.980392156863	0.0196078431373	0.0
-loe	0.338461538462	0.469230769231	0.0461538461538	0.146153846154
-oko	0.516321990783	0.332804700222	0.120698647196	0.030174661799
-187	0.0	0.0	0.0	1.0
-myo	0.352941176471	0.647058823529	0.0	0.0
-hai	0.388911371914	0.48968029138	0.084985835694	0.0364225010117
-rol	0.0191082802548	0.694267515924	0.286624203822	0.0
-rom	0.1368711164	0.629228808945	0.151386729384	0.0825133452706
-lot	0.0775097508261	0.837527637692	0.0760191786947	0.00894343278763
-lou	0.523344796922	0.315204247101	0.059063295216	0.102387660761
-los	0.0271867612293	0.951536643026	0.00709219858155	0.0141843971631
-rok	0.276465219612	0.233326894373	0.179254435517	0.310953450497
-gut	0.0162427600101	0.872828003022	0.0973306471922	0.0135985897759
-ore	0.0	1.0	0.0	0.0
-ipo	0.708349811241	0.241730564955	0.0282497695342	0.02166985427
-zoŋ	0.063404187069	0.753322389214	0.0868783787608	0.0963950449558
-ipa	0.436251178181	0.28703075539	0.0693685619017	0.207349504527
-ida	0.0	1.0	0.0	0.0
-riŋ	0.278384469241	0.536218006386	0.0528334914018	0.132564032972
-ewe	0.441092734901	0.239378489544	0.0842845080028	0.235244267553
-ewa	0.0640794223827	0.776173285199	0.128158844765	0.0315884476534
-baŋ	0.0	0.5	0.5	0.0
-awa	0.252834766099	0.636886240177	0.099520067507	0.010758926217
-awe	0.483606557377	0.371584699454	0.016393442623	0.128415300546
-830	0.0	0.0	0.0	1.0
-ibu	0.478937012172	0.474714244714	0.0	0.0463487431134
-pbi	0.031914893617	0.872340425532	0.0	0.0957446808512
-rma	0.0	1.0	0.0	0.0
-mpe	0.250899254009	0.604083537938	0.102653255912	0.0423639521413
-ŋom	0.316902321598	0.360174861964	0.240701744734	0.0822210717052
-276	0.0	0.120689655172	0.0	0.879310344828
-ŋon	0.0335982080955	0.936536718042	0.0298650738627	0.0
-ŋoi	0.311139490335	0.251349625588	0.0592093806234	0.378301503454
-bit	0.0616224648986	0.914872594904	0.0110244409776	0.01248049922
-olu	0.425992779783	0.227436823105	0.274368231047	0.072202166065
-maa	0.76	0.0533333333333	0.106666666667	0.08
-sto	0.110497237569	0.668508287293	0.220994475138	0.0
-tim	0.0	1.0	0.0	0.0
-toi	0.753623188406	0.101449275362	0.101449275362	0.0434782608696
-bis	0.181818181818	0.818181818182	0.0	0.0
-yyo	0.237641019748	0.674155796893	0.0615794211726	0.0266237621866
-tio	0.0146125742589	0.0304041175773	0.0117631222784	0.943220185885
-lle	0.651241534989	0.233634311512	0.0880361173815	0.0270880361174
-iŋa	0.108982562547	0.41813191812	0.171038665656	0.301846853677
-209	0.0	0.142857142857	0.0	0.857142857143
-raŋ	0.26393079883	0.494062774043	0.202732095441	0.0392743316861
-red	0.0	1.0	0.0	0.0
-200	0.0839160839161	0.377622377622	0.0839160839162	0.454545454545
-205	0.0	0.714285714286	0.0	0.285714285714
-ŋau	0.222222222222	0.444444444445	0.222222222222	0.111111111111
-207	0.0	1.0	0.0	0.0
-neŋ	0.566801619433	0.408906882591	0.0242914979757	0.0
-iok	0.0652999240698	0.91192103265	0.000911161731208	0.021867881549
-lei	0.4	0.533333333333	0.0	0.0666666666667
-lek	0.420238892325	0.533454636525	0.0167132627662	0.0295932083842
-ois	0.0	1.0	0.0	0.0
-ion	0.0410030609071	0.882392418117	0.0324096050284	0.0441949159478
-len	0.326642689304	0.196894109056	0.0533533986063	0.423109803033
-mum	0.0	1.0	0.0	0.0
-lea	0.0104311841104	0.971185991433	0.0148772625837	0.00350556187316
-olo	0.27675830901	0.268716978858	0.0986799706237	0.355844741508
-muk	0.259994937586	0.6876890079	0.0237800247792	0.028536029735
-leg	0.0	1.0	0.0	0.0
-mut	0.0406976744186	0.199612403101	0.759689922481	0.0
-mus	0.33113599953	0.63311139527	0.0318944103943	0.00385819480576
-mur	0.299883292607	0.467413107699	0.058353696342	0.174349903352
-ios	0.0	1.0	0.0	0.0
-oim	0.0	1.0	0.0	0.0
-les	0.2	0.771428571429	0.0285714285714	0.0
-oik	0.128205128205	0.478632478632	0.393162393162	0.0
-leu	0.454458901936	0.255791812123	0.136464614408	0.153284671533
-iot	0.00113830392714	0.995446784291	0.0	0.00341491178144
-rra	0.429274515154	0.266848363903	0.217970930634	0.0859061903086
-een	0.424588390818	0.34707366903	0.188679245283	0.0396586948684
-eei	0.469135802469	0.333333333333	0.123456790123	0.0740740740741
-aŋi	0.51625010526	0.30199198288	0.0683393281285	0.113418583731
-rre	0.528490537163	0.296765801153	0.0732668469112	0.101476814773
-oŋu	0.687350835322	0.262529832936	0.0143198090692	0.0357995226731
-rri	0.236142346871	0.493401905014	0.128241169467	0.142214578648
-alu	0.467216650491	0.343524210072	0.0598511808476	0.129407958589
-rro	0.268949644655	0.486397396663	0.0477587529612	0.196894205721
-iba	0.0	1.0	0.0	0.0
-ndi	0.241802743305	0.624363161332	0.106727629001	0.0271064663618
-ruŋ	0.221083059962	0.592710619481	0.0444192855386	0.141787035018
-oŋo	0.0951583680933	0.827317897285	0.0486937557448	0.0288299788769
-gil	0.1842776927	0.741704951506	0.0699336396119	0.00408371618172
-oŋi	0.314087759815	0.591993841417	0.0408006158584	0.0531177829099
-oki	0.461791290058	0.436318816763	0.0476581758422	0.0542317173377
-ndo	0.396201659917	0.458149851818	0.0545349166999	0.0911135715655
-liŋ	0.581889856563	0.330326759578	0.0414921461295	0.04629123773
-nda	0.201114168096	0.53377199299	0.108837595552	0.156276243363
-oŋa	0.191708248217	0.158835939855	0.0685174642511	0.580938347678
-gia	0.0243902439024	0.920731707317	0.0426829268293	0.0121951219512
-ala	0.338354297144	0.288270552258	0.0604422075126	0.312932943085
-lon	0.0364161849711	0.869556840077	0.00924855491329	0.0847784200385
-paŋ	0.0593732820231	0.0709180868609	0.10410940077	0.765599230346
-120	0.0588235294118	0.0392156862745	0.0	0.901960784314
-mlu	0.239583333333	0.260416666667	0.0	0.5
-yop	0.0	1.0	0.0	0.0
-you	0.104805001133	0.822359401696	0.0581792352525	0.0146563619191
-yok	0.41407700689	0.508806122084	0.023351697538	0.053765173488
-slu	0.0	1.0	0.0	0.0
-mla	0.354955781199	0.0822797248608	0.0213560432362	0.541408450704
-yom	0.146827403178	0.216370897796	0.0579613851103	0.578840313916
-lok	0.0965775449052	0.104373781201	0.262937260136	0.536111413758
-mgo	0.664169119615	0.132459191865	0.113727588975	0.0896440995451
-wwa	0.545300051707	0.160714815022	0.0437455332295	0.250239600041
-rie	0.53863487679	0.377044413753	0.0712364614378	0.0130842480192
-pel	0.166666666667	0.833333333334	0.0	0.0
-pen	0.196201735631	0.696893472519	0.0930700540812	0.0138347377688
-ros	0.0	1.0	0.0	0.0
-pei	0.709182567614	0.138556630072	0.0444852387548	0.107775563559
-elu	0.224291906434	0.462222554368	0.270327329796	0.0431582094014
-pet	0.657012134352	0.136271396579	0.01284322122	0.193873247849
-150	0.333333333333	0.0	0.0	0.666666666667
-153	0.238095238095	0.047619047619	0.0714285714286	0.642857142857
-eli	0.220987949561	0.364188254336	0.296976126756	0.117847669348
-per	0.381711409396	0.400167785235	0.146812080537	0.0713087248322
-pes	0.0588235294117	0.921568627451	0.0196078431373	0.0
-ela	0.22744768127	0.308709786285	0.0189443922365	0.444898140209
-rke	0.605351363777	0.227714256744	0.09220810694	0.0747262725387
-ele	0.180840779007	0.46908275326	0.0319874728948	0.318088994838
-itu	0.524636320976	0.439230408259	0.0126701079306	0.0234631628343
-aka	0.214074482482	0.743822364794	0.0421031527241	0.0
-ter	0.0	0.972972972973	0.027027027027	0.0
-esu	0.00347431581509	0.736181103096	0.0038850176846	0.256459563404
-diŋ	0.121134020619	0.610824742268	0.252577319588	0.0154639175258
-ito	0.616132786429	0.153726953563	0.0444931359577	0.185647124051
-esi	0.00870827285923	0.988388969521	0.0	0.00290275761973
-tes	0.0	1.0	0.0	0.0
-eso	0.186869873606	0.0617489713058	0.0315575494948	0.719823605593
-iti	0.0992922640251	0.0687601154785	0.017827925983	0.814119694513
-esa	0.0	1.0	0.0	0.0
-ite	0.491961414791	0.479099678457	0.0192926045016	0.0096463022508
-ese	0.561650766117	0.336079791847	0.0437265105521	0.0585429314831
-ita	0.147290412228	0.734136174155	0.0435386753126	0.0750347383048
-spa	0.0971428571428	0.828571428571	0.0685714285714	0.00571428571429
-apu	0.363636363637	0.636363636363	0.0	0.0
-nuŋ	0.783077275854	0.0791102958037	0.0759000229305	0.0619124054116
-nri	0.6	0.28	0.12	0.0
-ria	0.0188751585218	0.884684578406	0.0112661102427	0.0851741528298
-keŋ	0.601092896175	0.273224043716	0.0928961748633	0.0327868852459
-taŋ	0.471895302369	0.41248114131	0.0454546923005	0.0701688640204
-666	0.0188679245283	0.0754716981132	0.0	0.905660377358
-uda	0.0267735406546	0.796753836507	0.134297267082	0.0421753557569
-suŋ	0.635814161656	0.286232149777	0.0268916816039	0.0510620069628
-eze	0.294278111218	0.544152267822	0.106958729683	0.0546108912776
-ude	0.327769347496	0.543550834598	0.0704097116843	0.0582701062216
-ŋle	0.928649237473	0.0114379084967	0.0	0.0599128540305
-ŋla	0.5392843311	0.0396524542193	0.0179093266985	0.403153887983
-ŋki	0.0698746312684	0.916851032448	0.00221238938053	0.0110619469027
-abu	0.0232096245177	0.929347172424	0.0139940383121	0.0334491647461
-uti	0.633245382586	0.145118733509	0.0966105134971	0.125025370408
-lpa	0.0	0.975609756098	0.0	0.0243902439025
-ŋko	0.322580645161	0.546082949309	0.103686635945	0.0276497695852
-ŋka	0.0343312911802	0.79306438562	0.160813778754	0.0117905444457
-wor	0.260869565217	0.739130434783	0.0	0.0
-ŋke	0.571428571429	0.0	0.142857142857	0.285714285714
-woi	0.0525652565257	0.055805580558	0.00864086408641	0.88298829883
-abe	0.278914381492	0.0714839305789	0.0245561556237	0.625045532306
-wok	0.0	0.0	1.0	0.0
-wom	0.241176774995	0.441963361623	0.163475470917	0.153384392465
-aba	0.315533576575	0.44540922582	0.0778207913123	0.161236406292
-won	0.237076399821	0.206163153768	0.0200859310094	0.536674515402
-ron	0.113996869845	0.844761219914	0.0329935281926	0.00824838204814
-win	0.560124514473	0.3242029836	0.0844498471653	0.0312226547618
-tiŋ	0.666666666667	0.333333333333	0.0	0.0
-zwe	0.435762050612	0.405957084687	0.0673416525132	0.0909392121888
-ŋre	0.603782564314	0.0253716899531	0.0130041278254	0.357841617907
-dis	0.0	1.0	0.0	0.0
-kom	0.237222906404	0.461052955665	0.0469519704433	0.254772167488
-kol	0.517703064564	0.321630467123	0.0981850639691	0.062481404344
-kon	0.274268104777	0.679506933744	0.0277349768875	0.0184899845917
-koi	0.363189456756	0.495220430671	0.0210070618333	0.120583050739
-sop	0.559023612153	0.265823948401	0.0548184311345	0.120334008312
-tun	0.142314351198	0.26728863309	0.196151223373	0.394245792338
-ŋri	0.126416430595	0.799220963173	0.0557719546742	0.0185906515581
-som	0.105292002935	0.0296669258072	0.00887936445211	0.856161706806
-kot	0.409118508612	0.216840726905	0.0514069233881	0.322633841095
-tur	0.139817629179	0.636778115502	0.150455927052	0.0729483282675
-son	0.0144032921811	0.98353909465	0.0	0.00205761316873
-tut	0.700571429319	0.198569013773	0.0397755999073	0.0610839570004
-kop	0.00845107235686	0.914225971801	0.00653433429654	0.0707886215459
-kos	0.0	0.990099009901	0.00990099009901	0.0
-kor	0.269445038723	0.252039835202	0.252975074227	0.225540051847
-uai	0.796650717703	0.00956937799042	0.193779904306	0.0
-ora	0.0368879946345	0.845741113347	0.0764587525151	0.0409121395037
-eŋi	0.469381974957	0.325916063432	0.0951882970658	0.109513664545
-wol	0.6	0.4	0.0	0.0
-127	0.0	0.0	0.0	1.0
-run	0.33057568899	0.552260013122	0.088979645712	0.0281846521757
-rur	0.446521060778	0.319949653451	0.118104162944	0.115425122826
-rus	0.0263592542014	0.935924578883	0.00975853240646	0.0279576345093
-rup	0.651070202352	0.101084812623	0.103294616115	0.144550368909
-dus	0.0497512437811	0.77943615257	0.0199004975124	0.150912106136
-lip	0.135351946965	0.200168090802	0.264505094613	0.39997486762
-rut	0.184789674064	0.439223697651	0.043643792367	0.332342835918
-lis	0.398521521402	0.513819005604	0.0247049004411	0.0629545725528
-ruk	0.203598269187	0.644272375313	0.0382600774311	0.113869278069
-lin	0.226308138592	0.556452921288	0.125703309041	0.09153563108
-lio	0.0	0.988571428571	0.0114285714286	0.0
-omo	0.521807808544	0.350656001385	0.119356909473	0.00817928059837
-rum	0.0611219212803	0.90221407594	0.00699974098495	0.029664261795
-kek	0.765222626756	0.0303265453693	0.0184064481018	0.186044379773
-adi	0.0	1.0	0.0	0.0
-lia	0.0335385001884	0.944479336767	0.0197211405602	0.00226102248461
-lib	0.04390200551	0.887667742987	0.0533222738988	0.0151079776046
-sba	0.0	1.0	0.0	0.0
-ioŋ	0.363112391931	0.636887608069	0.0	0.0
-eap	0.0413060582219	0.935090479937	0.0118017309205	0.0118017309205
-eas	0.00854700854701	0.989010989011	0.0	0.002442002442
-leŋ	0.613372244995	0.109014189501	0.0279315246048	0.2496820409
-kap	0.411157005623	0.359965335844	0.0586036509809	0.170274007552
-eat	0.0	1.0	0.0	0.0
-147	0.666666666667	0.333333333333	0.0	0.0
-137	0.0	0.0	0.0	1.0
-aol	0.0	0.571428571429	0.428571428571	0.0
-144	0.0264503222938	0.0866859302067	0.0186708157368	0.868192931763
-abi	0.458544564764	0.357902605835	0.0978775342068	0.0856752951942
-oda	0.188372093023	0.737209302326	0.0255813953488	0.0488372093023
-403	0.2	0.3	0.0	0.5
-gat	0.23102811678	0.41444885556	0.155532683102	0.198990344557
-iza	0.0769230769231	0.134615384615	0.0384615384615	0.75
-rna	0.0	0.980215827338	0.0197841726619	0.0
-rno	0.25	0.75	0.0	0.0
-odi	0.0	1.0	0.0	0.0
-eam	0.0	1.0	0.0	0.0
-izi	0.372360584732	0.351342326105	0.1390501667	0.137246922463
-ean	0.170454545455	0.590909090909	0.238636363636	0.0
-zer	0.0	1.0	0.0	0.0
-uri	0.388742960278	0.261253510651	0.0592558235495	0.290747705522
-eŋu	0.407407407407	0.266666666667	0.237037037037	0.0888888888889
-are	0.234710743802	0.447933884298	0.228099173554	0.089256198347
-ura	0.0676948263622	0.683692392391	0.152883821335	0.0957289599119
-162	0.0	0.0	0.0	1.0
-gap	0.0710659898477	0.604060913706	0.304568527919	0.0203045685279
-rga	0.0	0.986666666667	0.0	0.0133333333333
-peŋ	0.503225806452	0.322580645161	0.116129032258	0.058064516129
-175	0.0	0.0	0.0	1.0
-zek	0.0	0.933333333333	0.0666666666667	0.0
-zei	0.331578947368	0.505263157895	0.152631578947	0.0105263157895
-zen	0.11102569469	0.0736581125028	0.00777602472873	0.807540168078
-uru	0.282793120297	0.382932603758	0.0551368923413	0.279137383604
-zem	0.472553421503	0.0958309488418	0.0302530296722	0.401362599983
-rep	0.4	0.2	0.0	0.4
