koi-	0.328909736738	0.0972490960963	0.0368446697926	0.536996497373
agu-	0.677292960525	0.259269131327	0.0186582082789	0.0447796998694
tut-	0.802197802198	0.152625152625	0.010989010989	0.034188034188
siu-	0.0390022675737	0.0598639455782	0.273015873016	0.628117913832
hem-	0.0	0.95652173913	0.0434782608696	0.0
fig-	0.0	1.0	0.0	0.0
del-	0.513618404461	0.312053408804	0.0909644968756	0.083363689859
son-	0.124036694966	0.81329213284	0.0352525343588	0.0274186378346
dok-	0.603073295979	0.18947509128	0.0573336915203	0.150117921221
aow-	0.763997906855	0.179487179487	0.0376766091052	0.0188383045526
uti-	0.0	1.0	0.0	0.0
fal-	0.158487167942	0.218820351193	0.436289959478	0.186402521387
mab-	0.559967910148	0.170878459687	0.055756117128	0.213397513036
omo-	0.885375494071	0.0355731225296	0.0158102766798	0.0632411067194
kul-	0.0477403177464	0.914059592141	0.0146923423512	0.0235077477618
mah-	0.132494899377	0.158937973341	0.0321845055396	0.676382621743
tum-	0.665246347707	0.190272286556	0.0519676843523	0.092513681385
eno-	0.0344827586207	0.965517241379	0.0	0.0
aku-	0.660788219868	0.102091232792	0.0235489146625	0.213571632677
ola-	0.0775102759836	0.71990604815	0.15913094539	0.0434527304756
aea-	0.32000806804	0.223788163991	0.0397978602632	0.416405907706
no'-	0.498690297034	0.198880083504	0.166921738534	0.135507880928
oef-	0.0100334448161	0.963210702341	0.0267558528428	0.0
mo'-	0.118333156314	0.560180847331	0.152472682035	0.16901331432
lis-	0.00147601476015	0.99557195572	0.00147601476015	0.00147601476015
fog-	0.585686297107	0.24144289501	0.0818255157312	0.0910452921516
san-	0.393629797243	0.265998544845	0.0516556873823	0.28871597053
bhi-	0.206571782278	0.375297448508	0.196597372964	0.22153339625
aew-	0.466916354557	0.429463171036	0.0187265917603	0.0848938826467
aoh-	0.586173787806	0.276524243879	0.0585693710994	0.0787325972155
seg-	0.0515463917526	0.371134020618	0.350515463918	0.226804123711
der-	0.0654205607476	0.934579439252	0.0	0.0
hat-	0.290842948482	0.0571948261924	0.0306214938389	0.621340731486
kat-	0.238923846858	0.533063455767	0.103497107582	0.124515589793
abi-	0.0	0.984905660377	0.00754716981131	0.00754716981132
ayu-	0.25	0.652777777778	0.0972222222222	0.0
mil-	0.444103996756	0.548326048754	0.0	0.00756995449015
tib-	0.622293021313	0.281071853699	0.0317750826369	0.0648600423507
gan-	0.0165190543566	0.980872673903	0.0	0.00260827174052
yer-	0.00438891906573	0.980749592613	0.000391091797935	0.0144703965236
mbi-	0.486033519553	0.0670391061453	0.234636871508	0.212290502793
sen-	0.513205282113	0.0720288115246	0.171668667467	0.243097238896
sew-	0.133545520984	0.537616720339	0.135942214024	0.192895544653
ini-	0.380909817156	0.0112870407556	0.000682091529487	0.607121050559
tai-	0.256694367498	0.649122807018	0.0277008310249	0.0664819944598
paf-	0.0	1.0	0.0	0.0
hum-	0.495569087194	0.22666082786	0.0698592412424	0.207910843703
uma-	0.0807502165196	0.694096018545	0.0372998095539	0.187853955381
dek-	0.453363813266	0.239727192005	0.129130377284	0.177778617445
abr-	0.0307288767566	0.908880874134	0.0292801207805	0.0311101283293
mud-	0.598360655738	0.229508196721	0.0295081967213	0.14262295082
onu-	0.0765282695428	0.781129149108	0.0502025448201	0.0921400365295
nor-	0.833333333333	0.0897435897436	0.0	0.0769230769231
nen-	0.53497109453	0.15103324799	0.0778809864526	0.236114671027
has-	0.22102971939	0.591810677874	0.0888801990087	0.0982794037277
ful-	0.059674474972	0.0759353858898	0.0216300796171	0.842760059521
ong-	0.579044117647	0.34375	0.077205882353	0.0
dah-	0.462957724515	0.202209997685	0.0812767147355	0.253555563064
her-	0.0978250894741	0.797650729559	0.0386344865559	0.0658896944113
mul-	0.428077113198	0.159663865546	0.0059317844785	0.406327236777
gaw-	0.0447414294015	0.936083672284	0.00174317257408	0.0174317257408
aos-	0.051497005988	0.251497005988	0.668263473054	0.0287425149701
euo-	0.137931034483	0.862068965517	0.0	0.0
tii-	0.483662355344	0.430565010211	0.0571817562968	0.0285908781484
kam-	0.20553187435	0.59053832775	0.0808281655834	0.123101632317
fe'-	0.622001479446	0.26982986368	0.0475536299271	0.0606150269471
sin-	0.0221011088141	0.93027626386	0.0476226273257	0.0
obh-	0.595419847328	0.404580152672	0.0	0.0
aeh-	0.466795740561	0.192255566312	0.0718296224589	0.269119070668
aal-	0.0888888888889	0.444444444444	0.466666666667	0.0
dor-	0.238221749911	0.618313850514	0.143464399575	0.0
tag-	0.247433264887	0.552361396304	0.109856262834	0.0903490759754
mew-	0.418883174859	0.405746369187	0.0520654087061	0.123305047247
pat-	0.247639531448	0.18385870772	0.0320454824899	0.536456278342
dol-	0.430121132029	0.261650181701	0.0576139288986	0.250614757371
maw-	0.170103092784	0.798969072165	0.0154639175258	0.0154639175258
eap-	0.461818181818	0.407272727273	0.0	0.130909090909
lat-	0.0	0.946666666667	0.0533333333333	0.0
kem-	0.185031105194	0.543470469266	0.166662399836	0.104836025703
mop-	0.333657534987	0.452639541795	0.1899281353	0.0237747879181
gen-	0.0556900726392	0.944309927361	0.0	0.0
saw-	0.281835811248	0.650937297996	0.0206851971558	0.0465416936005
kid-	0.0	1.0	0.0	0.0
mar-	0.337526496395	0.458359812574	0.0184165662446	0.185697124787
a'u-	0.473642920961	0.25029418815	0.137516616183	0.138546274706
nig-	0.0322580645161	0.935483870968	0.0322580645161	0.0
alf-	0.00265041081368	0.984097535118	0.0132520540684	0.0
pas-	0.0623353005421	0.43512469565	0.0405047944451	0.462035209363
dam-	0.550266088399	0.235013365497	0.0668440514732	0.14787649463
sig-	0.0407905987497	0.255888886502	0.229999785163	0.473320729585
zer-	0.0	1.0	0.0	0.0
tiw-	0.483856542349	0.17730972185	0.296708702263	0.042125033539
ael-	0.666666666667	0.139393939394	0.139393939394	0.0545454545454
miu-	1.0	0.0	0.0	0.0
haa-	0.0196038021891	0.0364019795775	0.0654039755291	0.878590242704
ped-	0.100621668598	0.0533480782687	0.0282998442932	0.81773040884
lin-	0.323907455013	0.375321336761	0.269922879177	0.0308483290489
epa-	0.00906070673513	0.98187858653	0.00906070673513	0.0
uum-	0.13025990099	0.120668316832	0.0445544554456	0.704517326733
sap-	0.0787290803377	0.30164676282	0.0972384057085	0.522385751134
asi-	0.0126353790614	0.985559566787	0.0	0.00180505415162
gun-	0.168029256859	0.792829810367	0.0277742477513	0.0113666850228
nan-	0.211145403796	0.0756962065374	0.0125075993211	0.700650790346
oto-	0.453296703297	0.348901098901	0.197802197802	0.0
mpe-	0.142755004766	0.540276453766	0.255004766444	0.0619637750238
pok-	0.204931634048	0.417023709559	0.227234037675	0.150810618718
usi-	0.0	1.0	0.0	0.0
dao-	0.497769425493	0.326977680356	0.0758362414134	0.0994166527373
fon-	0.482471281471	0.471698113208	0.00520802333195	0.0406225819891
bu'-	0.141454219958	0.088168970444	0.625849930284	0.144526879314
mog-	0.346855081773	0.408073521419	0.154157814121	0.0909135826869
aso-	0.371546862731	0.55992576201	0.0299807266757	0.038546648583
tol-	0.0623317594105	0.0310224614977	0.162084638807	0.744561140285
mel-	0.267597841395	0.4278364241	0.220999656801	0.0835660777051
kri-	0.017009556787	0.924853123638	0.002274291457	0.0558630281178
kaf-	0.158810693042	0.6627517149	0.0663109700414	0.112126622017
mii-	0.226850744863	0.0511582527143	0.0106828510768	0.711308151346
isa-	0.136054421769	0.824263038549	0.0198412698413	0.0198412698413
mus-	0.0550437586366	0.896821741133	0.00230308613542	0.0458314140949
eut-	0.0185185185185	0.981481481482	0.0	0.0
pud-	0.224705404307	0.638764729785	0.11214953271	0.0243803331979
dio-	0.0508474576271	0.949152542373	0.0	0.0
yah-	0.0339649069651	0.665909614419	0.107840209408	0.192285269208
bab-	0.035223880597	0.928358208955	0.0197014925373	0.0167164179104
ita-	0.0	0.979166666667	0.0208333333333	0.0
se'-	0.140226538381	0.267200838346	0.0601398270911	0.532432796182
hei-	0.571428571429	0.15306122449	0.214285714286	0.0612244897959
ne'-	0.525559951351	0.229888678936	0.0752420989977	0.169309270715
rat-	0.0	0.739130434783	0.260869565217	0.0
moi-	0.433313585034	0.226369365002	0.261898350119	0.0784186998439
doo-	0.55977268553	0.117298155771	0.01566568351	0.307263475189
kom-	0.22970166293	0.313370837517	0.360370273579	0.0965572259742
mee-	0.617830116867	0.262078538486	0.0370751802266	0.0830161644204
kod-	0.256434822068	0.51415734498	0.162088291671	0.0673195412811
aan-	0.393470527901	0.219933221308	0.0130938611614	0.37350238963
ali-	0.459645123851	0.394702997731	0.0373278683383	0.10832401008
nu'-	0.20559531555	0.734547820429	0.0598568640208	0.0
zam-	0.0585365853659	0.687804878049	0.253658536585	0.0
non-	0.406530684921	0.171878091244	0.251839908202	0.169751315633
dod-	0.564790762223	0.228818233578	0.0502633264536	0.156127677745
tau-	0.563265306122	0.322448979592	0.0	0.114285714286
mal-	0.0481798168527	0.901864400741	0.00867332014559	0.0412824622607
apf-	0.0	1.0	0.0	0.0
umb-	0.222630250172	0.345880192793	0.431489557035	0.0
sab-	0.0782668435735	0.242154264952	0.0225564460312	0.657022445444
aki-	0.349579831933	0.3081232493	0.0168067226891	0.325490196078
ole-	0.0570975711082	0.702504902411	0.0164432769115	0.223954249569
nin-	0.196034249662	0.803965750338	0.0	0.0
use-	0.0596104526235	0.876273653566	0.0350038122964	0.0291120815138
tik-	0.300020299073	0.462074565262	0.139657622302	0.0982475133635
roh-	0.017189588021	0.916949896471	0.0506207668498	0.0152397486584
dhu-	0.0828924146655	0.83071518615	0.0268022522901	0.0595901468943
da'-	0.574558905098	0.320424629766	0.0447472005026	0.0602692646336
tuw-	0.0462130937099	0.90757381258	0.0462130937099	0.0
sir-	0.0117721677125	0.955265762692	0.0316166789994	0.00134539059572
lim-	0.100398041201	0.521514094889	0.00830053713128	0.369787326778
aot-	0.23243045388	0.174597364568	0.494143484627	0.0988286969253
dim-	0.316901408451	0.612676056338	0.0704225352113	0.0
and-	0.0468164886109	0.0538446178498	0.00642810700856	0.892910786531
apa-	0.60304178641	0.0981064078732	0.044742770178	0.254109035539
ALL	0.2259994937	0.282029246597	0.0520618093545	0.439909450348
ana-	0.0829971624735	0.44432252306	0.017057278064	0.455623036403
puk-	0.0782832934242	0.793393504022	0.124639282864	0.00368391969055
mae-	0.151707403945	0.784181470104	0.00946084323939	0.0546502827123
per-	0.0642460138174	0.875025419074	0.0336712847335	0.0270572823751
ger-	0.0265486725664	0.96017699115	0.0132743362832	0.0
abh-	0.538079631372	0.241262939287	0.0658727325827	0.154784696758
siw-	0.0725177905795	0.743137919349	0.0833615723484	0.100982717723
bar-	0.047114849911	0.851146334454	0.0561317603502	0.0456070552846
deo-	0.756561606415	0.122669691209	0.061023339031	0.0597453633444
noo-	0.63603843009	0.107829108749	0.0153311529027	0.240801308258
adi-	0.0	1.0	0.0	0.0
aeb-	0.699276506126	0.138103866562	0.0554577731265	0.107161854185
gaa-	0.384226491406	0.396697000337	0.198854061341	0.0202224469161
lid-	0.00816326530614	0.632653061225	0.0526077097506	0.306575963719
gas-	0.0	1.0	0.0	0.0
ata-	0.493063884467	0.283128802675	0.0645590502607	0.159248262598
fit-	0.0166427546628	0.00157819225251	0.0	0.981779053085
tie-	0.177797833935	0.493682310469	0.197653429603	0.130866425993
far-	0.0207732331356	0.958844252847	0.0106145360536	0.00976797796344
dap-	0.412944015428	0.286584339699	0.0777618800217	0.222709764852
yot-	0.0	1.0	0.0	0.0
ins-	0.0197694359756	0.01953125	0.00357278963415	0.95712652439
aep-	0.295463210065	0.448468674546	0.132799593341	0.123268522049
oka-	0.553278688525	0.372950819672	0.0737704918033	0.0
lum-	0.466901220686	0.265728430368	0.14073665816	0.126633690786
mes-	0.372286907714	0.475930561953	0.0445438438308	0.107238686502
num-	0.580722891566	0.18313253012	0.149397590361	0.0867469879518
sed-	0.162077895306	0.237383562879	0.238117938081	0.362420603734
kla-	0.0	1.0	0.0	0.0
elu-	0.210526315789	0.736842105263	0.0526315789474	0.0
ami-	0.0286968604628	0.132106248867	0.00604144430795	0.833155446362
pel-	0.107076350093	0.875734135511	0.0	0.0171895143962
kur-	0.113043478261	0.649275362319	0.23768115942	0.0
kei-	0.94	0.04	0.02	0.0
nou-	0.567164179104	0.253731343284	0.0895522388059	0.089552238806
amb-	0.674847177933	0.0113881569157	0.0034371071693	0.310327557982
haw-	0.030612244898	0.969387755102	0.0	0.0
pu'-	0.0309977177504	0.879142964199	0.0379125932486	0.0519467248015
aom-	0.46981389015	0.176123467998	0.158874262369	0.195188379482
win-	0.135684768815	0.787861039708	0.0347075347889	0.0417466566882
tal-	0.380160522901	0.523237372038	0.014418224636	0.0821838804248
gid-	0.0405405405405	0.959459459459	0.0	0.0
pa'-	0.27260897853	0.180871828237	0.0663630448927	0.480156148341
bin-	0.522709894479	0.280929805781	0.129683437835	0.0666768619055
kos-	0.0768438567047	0.192545536626	0.0624180630914	0.668192543578
meh-	0.338473406482	0.304098416517	0.0494162781313	0.30801189887
osu-	1.0	0.0	0.0	0.0
nem-	0.337447939242	0.122095957216	0.106087732193	0.434368371349
dak-	0.535698896762	0.238870529225	0.109426267328	0.116004306684
wan-	0.473533785602	0.363677822312	0.0789156882462	0.0838727038396
pon-	0.256652753833	0.582414291653	0.0704685639163	0.0904643905972
foh-	0.61086190829	0.261415132868	0.0769918770586	0.0507310817827
feo-	0.336608239366	0.511555208217	0.0725689404935	0.0792676119236
sik-	0.113049546406	0.792044661549	0.036287508723	0.0586182833217
ben-	0.0658855871188	0.859737312912	0.00366540123052	0.0707116987389
sum-	0.396102851891	0.216112519479	0.0758179034294	0.311966725201
kai-	0.0799142432289	0.170397698096	0.0259726776059	0.723715381069
nun-	0.622668579627	0.196556671449	0.154949784792	0.025824964132
kia-	0.0292492440779	0.811741229025	0.157414113583	0.00159541331334
aob-	0.278091628093	0.266501439662	0.350803659292	0.104603272953
mpa-	0.0689904357067	0.0934750265675	0.203698193411	0.633836344315
pog-	0.502896548429	0.413296650356	0.0390187967081	0.044788004507
mob-	0.363628789958	0.305646489199	0.241658261368	0.0890664594746
bun-	0.107195301028	0.716103768967	0.120900636319	0.0558002936857
ili-	0.0444444444444	0.955555555556	0.0	0.0
lam-	0.0599022814854	0.715956838678	0.007211016214	0.216929863622
til-	0.101859225517	0.685173977214	0.134286836768	0.0786799605008
wun-	0.217051253605	0.40975149767	0.130241846017	0.242955402707
idi-	0.08773222247	0.0198638199145	0.00297450247483	0.889429455141
las-	0.176492687397	0.080812244204	0.000696635829474	0.741998432569
ta'-	0.289094066334	0.456220479206	0.0401578889057	0.214527565553
ses-	0.419098143236	0.42175066313	0.0557029177719	0.103448275862
fet-	0.678454614262	0.207439044169	0.0268624641834	0.0872438773855
sat-	0.617572920418	0.0975873244508	0.0151242347858	0.269715520346
gur-	0.0496547522339	0.896605324002	0.00742048365932	0.046319440105
fef-	0.632795862489	0.338302403407	0.0289017341041	0.0
foo-	0.413249211357	0.1261829653	0.413249211356	0.0473186119874
saf-	0.367368421053	0.275789473684	0.00421052631581	0.352631578947
ntu-	0.814858490566	0.067216981132	0.0471698113207	0.0707547169811
gud-	0.0701754385965	0.438596491228	0.491228070175	0.0
nad-	0.237688174938	0.0905115177365	0.0244747023077	0.647325605018
pak-	0.206281995039	0.368252232886	0.0612744799587	0.364191292117
kis-	0.0	1.0	0.0	0.0
sun-	0.586264518848	0.294311227313	0.0455983514659	0.0738259023734
ele-	0.622852233677	0.295532646048	0.0670103092783	0.0146048109966
wow-	0.461659265678	0.380835048197	0.0754630131052	0.0820426730206
fle-	0.0	1.0	0.0	0.0
ahu-	0.556834476076	0.232834117027	0.0440640672434	0.166267339653
mom-	0.579063751221	0.187196084114	0.134286542363	0.0994536223017
ban-	0.129241074212	0.464020999655	0.244856580626	0.161881345507
adr-	0.0362173038229	0.879275653924	0.0603621730382	0.0241448692153
ise-	0.0611626707915	0.795114720289	0.0174013921114	0.126321216808
ter-	0.0139689191549	0.965077702113	0.0209533787323	0.0
lia-	0.174809989142	0.756786102063	0.00977198697068	0.0586319218241
zai-	0.0	0.9844	0.00960000000001	0.006
dab-	0.517033508721	0.228033582625	0.185504003906	0.069428904748
did-	0.0557275541796	0.94427244582	0.0	0.0
nam-	0.521057603658	0.181409274153	0.0743091233245	0.223223998865
bal-	0.0785769743831	0.587760876056	0.123049508363	0.210612641198
ebe-	0.0	1.0	0.0	0.0
ale-	0.0981711661784	0.775354287072	0.0575963898345	0.0688781569155
ker-	0.404426559356	0.535211267606	0.0603621730382	0.0
sid-	0.0	0.996307692308	0.0	0.00369230769231
oli-	0.227333511634	0.726129981278	0.0246055094945	0.0219309975929
won-	0.0697999069335	0.831316891577	0.0750348999534	0.0238483015356
mea-	0.38029658798	0.395168348346	0.0669402991625	0.157594764511
mod-	0.143139161085	0.252440820903	0.420259559012	0.184160459
tok-	0.360347788751	0.0439796356499	0.00935410660614	0.586318468993
ula-	0.12837141645	0.673071095218	0.0361840111522	0.16237347718
net-	0.474039905426	0.218354836812	0.111355267327	0.196249990435
kon-	0.359820982081	0.506191360589	0.034019583947	0.0999680733831
itu-	0.169495833327	0.0414900341575	0.0035705139956	0.78544361852
eli-	0.0160825571266	0.901226294981	0.00160825571266	0.0810828921799
fut-	0.869202226345	0.121521335807	0.0	0.00927643784788
yul-	0.00455580865602	0.995444191344	0.0	0.0
soo-	0.252093962295	0.656235505961	0.0229176329359	0.0687528988077
mut-	0.126778783959	0.782664941785	0.0905562742562	0.0
ae--	0.311287546934	0.453261889862	0.161530037547	0.0739205256571
maf-	0.560283687943	0.198581560284	0.212765957447	0.0283687943262
ehe-	0.612198465712	0.179185018814	0.0157512469737	0.1928652685
waw-	0.114451514546	0.132214005884	0.0938502419273	0.659484237643
omp-	0.0368668032014	0.743550474629	0.00551809031567	0.214064631854
ene-	0.0	1.0	0.0	0.0
pan-	0.312372920041	0.410641539773	0.0874412959082	0.189544244278
udh-	0.40350877193	0.59649122807	0.0	0.0
nim-	0.0	1.0	0.0	0.0
koa-	0.266686484964	0.498388459493	0.0810464061082	0.153878649435
mef-	0.526201094669	0.316387671724	0.0843807013987	0.0730305322085
ari-	0.0101763907734	0.989823609227	0.0	0.0
tul-	0.387231402628	0.424115955107	0.131690259997	0.0569623822683
yoe-	0.0425531914894	0.957446808511	0.0	0.0
hoh-	0.0205165121929	0.893188158013	0.0312246918024	0.0550706379916
yam-	0.0813953488372	0.872093023256	0.0116279069767	0.0348837209302
pug-	0.392196161618	0.225031909651	0.0145920875842	0.368179841147
ina-	0.0489392391963	0.749933853958	0.00872323765261	0.192403669193
aef-	0.670441593619	0.144637510556	0.0399605512588	0.144960344566
mai-	0.254343399227	0.0132273362075	0.0046213971343	0.727807867431
fof-	0.333291210753	0.407902403017	0.157618075603	0.101188310626
sao-	0.501675977654	0.297206703911	0.120670391061	0.0804469273743
ape-	0.46511627907	0.427030670711	0.0269632625548	0.0808897876643
fad-	0.76404494382	0.101123595506	0.101123595506	0.0337078651685
zeu-	0.023603461841	0.952793076318	0.0236034618411	0.0
fot-	0.256213416515	0.47132906144	0.0578613526106	0.214596169434
tub-	0.101458061778	0.77225741914	0.0271605686744	0.0991239504077
kni-	0.0	0.651094890511	0.043795620438	0.305109489051
kab-	0.142430057523	0.482965827458	0.222770224942	0.151833890077
pae-	0.148499801712	0.0423575002182	0.0228887806311	0.786253917439
und-	0.472972972973	0.330065359477	0.10687157746	0.09009009009
lab-	0.225996781691	0.576077239406	0.0564991954229	0.141426783479
gao-	0.622769293501	0.0580350032175	0.0223628127449	0.296832890537
yor-	0.0	1.0	0.0	0.0
ndu-	0.332404707353	0.399226723599	0.0139293897105	0.254439179338
nal-	0.394626337984	0.152993783776	0.129830157946	0.322549720294
kau-	0.106722811093	0.85842892406	0.0261361986351	0.00871206621171
iba-	0.296571628476	0.0572328144131	0.0251880356831	0.621007521427
ino-	0.15655261459	0.562621045836	0.0387346675274	0.242091672046
bas-	0.860706860707	0.103367983368	0.00299376299377	0.0329313929314
de'-	0.572152169648	0.261945103355	0.0510442490503	0.114858477947
yes-	0.00443111688705	0.625794081398	0.00293332327886	0.366841478437
mid-	0.0322580645161	0.870967741936	0.0967741935484	0.0
teo-	0.15234375	0.49609375	0.1875	0.1640625
po'-	0.379918759116	0.300450118411	0.1503270024	0.169304120073
ang-	0.297489328374	0.543030677388	0.021127562928	0.138352431311
yar-	0.0	1.0	0.0	0.0
tah-	0.558593540393	0.137675185491	0.053464197037	0.250267077079
sud-	0.833333333333	0.1	0.0666666666667	0.0
seo-	0.185185185185	0.647647647648	0.024024024024	0.143143143143
tud-	0.638798498123	0.214518147685	0.0120150187735	0.134668335419
mot-	0.280315512263	0.291520526693	0.370459397701	0.0577045633423
sod-	0.04445412944	0.910002179124	0.0285465242972	0.0169971671388
ont-	0.600391706625	0.309785912069	0.0283649625177	0.0614574187884
kun-	0.412951066821	0.280177597199	0.0578727242181	0.248998611762
har-	0.234847367645	0.646254239788	0.0731824214718	0.0457159710957
kan-	0.120169087185	0.18336831087	0.0349901667738	0.661472435171
nei-	0.478397486253	0.374705420267	0.0361351139042	0.110761979576
sus-	0.0	1.0	0.0	0.0
yod-	0.0	1.0	0.0	0.0
tih-	0.391084093212	0.413373860182	0.112462006079	0.0830800405268
fis-	0.165009041591	0.124321880651	0.620253164557	0.0904159132007
sio-	0.163599901488	0.372717517503	0.000527741617705	0.463154839391
uli-	0.0720221606648	0.927977839335	0.0	0.0
daw-	0.398511531002	0.40489108498	0.0960850120495	0.100512371968
taf-	0.545357641466	0.212360232432	0.0673525601519	0.17492956595
kum-	0.339555866119	0.419788440959	0.114091342224	0.126564350698
kow-	0.130740447958	0.655146245059	0.20636627141	0.00774703557312
met-	0.265367488852	0.30432090496	0.303856357577	0.126455248611
tao-	0.325640280603	0.341517579179	0.238408534307	0.094433605911
noi-	0.517323049828	0.163938906264	0.033704794583	0.285033249324
aee-	0.663906661648	0.227700414001	0.0270982310877	0.081294693263
nef-	0.564248466786	0.211747792008	0.0647025451456	0.159301196061
wu'-	0.169840978002	0.374021057688	0.312855562369	0.143282401941
lol-	0.22	0.72	0.03	0.03
ken-	0.0440025083409	0.921903538465	0.0181124126342	0.0159815405596
aam-	0.468168898325	0.318482243759	0.119858908941	0.0934899489743
bol-	0.0465234933572	0.670106138013	0.164242029579	0.119128339051
fep-	0.647226173542	0.2110734216	0.126381442171	0.0153189626874
bub-	0.0731707317073	0.853658536585	0.0731707317073	0.0
ref-	0.0	1.0	0.0	0.0
lai-	0.0	0.976833976834	0.023166023166	0.0
sih-	0.307241203468	0.63347781744	0.013386027537	0.0458949515554
aka-	0.395938980947	0.407148070224	0.06273216009	0.13418078874
nif-	0.00832177531208	0.968099861304	0.0194174757281	0.00416088765603
aab-	0.323943661972	0.50869925435	0.043082021541	0.124275062138
adm-	0.0	1.0	0.0	0.0
mem-	0.423103516298	0.196461982653	0.0511992316628	0.329235269386
par-	0.524957363064	0.320662059754	0.0305591121977	0.123821464984
dua-	0.0647387466144	0.0171893929886	0.0266071294925	0.891464730904
ala-	0.368593626978	0.461281637662	0.0378719387443	0.132252796615
but-	0.397743708418	0.473242695979	0.123228232572	0.00578536303154
nti-	0.102661596958	0.583378598588	0.275936990766	0.0380228136882
guh-	0.339534883721	0.660465116279	0.0	0.0
nah-	0.410440060188	0.172503424855	0.033439920052	0.383616594905
mba-	0.132217312219	0.250001734908	0.0321027312073	0.585678221666
aem-	0.386377105662	0.0574702252402	0.02062552945	0.535527139648
wud-	0.892215568862	0.0718562874252	0.0	0.0359281437126
pom-	0.212560117216	0.444316147402	0.136880481901	0.20624325348
ane-	0.0866176446969	0.0284043019827	0.00191111317405	0.883066940146
feb-	0.6875	0.209821428571	0.102678571429	0.0
fok-	0.315115526879	0.627295194812	0.0297234984823	0.0278657798272
anu-	0.305393971444	0.63907985193	0.0	0.0555261766261
wit-	0.109288909392	0.670583478896	0.00528691902202	0.21484069269
deh-	0.423089166342	0.302090333534	0.0944363880734	0.18038411205
fek-	0.335159283692	0.33627860591	0.091353689841	0.237208420557
gay-	0.0161290322581	0.983870967742	0.0	0.0
puu-	0.0987791342952	0.162042175361	0.0998890122087	0.639289678135
beb-	0.110563939635	0.166004765687	0.691977760127	0.0314535345512
new-	0.676337466378	0.140491562812	0.0333858419704	0.14978512884
dan-	0.0892213663733	0.824970106404	0.0624062016163	0.0234023256061
aim-	0.108263367212	0.675209898365	0.105170128148	0.111356606275
dat-	0.535879491089	0.269656108355	0.0676420470261	0.12682235353
ate-	0.0961366481846	0.847075657306	0.0286174208549	0.0281702736541
ser-	0.0	1.0	0.0	0.0
kag-	0.190937813733	0.695853335826	0.0656911444383	0.0475177060024
ndi-	0.265428002654	0.451227604512	0.244193762442	0.0391506303915
mis-	0.477653631285	0.490502793296	0.0284916201117	0.00335195530726
naw-	0.537546163316	0.380385720148	0.0164136233073	0.0656544932294
elm-	0.0	1.0	0.0	0.0
bha-	0.115693837275	0.454620053642	0.0852186825663	0.344467426516
fee-	0.320744623944	0.104097571413	0.236225526907	0.338932277736
din-	0.689497716895	0.292237442922	0.0	0.0182648401826
yai-	0.0415451895044	0.923469387755	0.00655976676385	0.0284256559767
zel-	0.00537634408602	0.983870967742	0.010752688172	0.0
yon-	0.0	1.0	0.0	0.0
kob-	0.177091705913	0.752953005571	0.0238532558701	0.0461020326458
agr-	0.00309119010819	0.982998454405	0.0	0.0139103554868
afe-	0.62488283417	0.165116528222	0.0782435687291	0.131757068879
sos-	0.0416875941738	0.87732295329	0.0734555499749	0.00753390256152
kle-	0.0198675496689	0.966887417219	0.0132450331126	0.0
don-	0.549920889286	0.202036593777	0.111525822549	0.136516694389
ule-	0.279404914816	0.53763744407	0.0964049289314	0.0865527121826
kua-	0.0833256966699	0.668530235501	0.0366816256081	0.211462442221
tat-	0.510440062233	0.242782390371	0.0869415183977	0.159836028998
moa-	0.617340226947	0.253392476662	0.0444542649998	0.0848130313914
dog-	0.58381454181	0.244968377729	0.0872384399088	0.0839786405528
koe-	0.343008629	0.10223131363	0.0468423032612	0.507917754109
meb-	0.428174211684	0.483401287338	0.0546414788969	0.0337830220814
ron-	0.0	1.0	0.0	0.0
dae-	0.549398202569	0.215242368823	0.0776181976603	0.157741230948
pot-	0.33003954838	0.325310872276	0.143286645674	0.20136293367
nol-	0.407235038495	0.13486504022	0.16296462335	0.294935297934
mam-	0.732283464567	0.149606299213	0.11811023622	0.0
arn-	0.0	1.0	0.0	0.0
fob-	0.361639680189	0.497425136573	0.0595059662561	0.0814292169821
sia-	0.0700876095119	0.108886107635	0.745932415519	0.0750938673342
hof-	0.0408163265306	0.823129251701	0.0	0.136054421769
wat-	0.330587901164	0.0281170122124	0.00340812269242	0.637886963931
huh-	0.0972568578554	0.835411471322	0.0374064837905	0.0299251870324
pai-	0.093997171183	0.0362734786866	0.01048442667	0.85924492346
ama-	0.200122453903	0.393818773404	0.0202540025152	0.385804770177
doi-	0.817741334327	0.1207603429	0.0503168095415	0.0111815132315
kok-	0.208184112381	0.494011311641	0.178529980094	0.119274595883
sur-	0.010735842971	0.846680182463	0.0998940238677	0.0426899506981
kea-	0.158875876786	0.0259218169493	0.00285011922477	0.81235218704
sak-	0.217995921895	0.350352252182	0.147497095061	0.284154730861
fri-	0.0	0.972602739726	0.027397260274	0.0
reg-	0.107095046854	0.892904953146	0.0	0.0
oem-	0.672897196262	0.0957943925234	0.0210280373831	0.210280373832
lo'-	0.104145184574	0.8822437616	0.00247473705919	0.0111363167663
fop-	0.361525517202	0.580072684079	0.0295544211434	0.0288473775754
bet-	0.00815643626476	0.981177454774	0.0	0.0106661089616
nar-	0.267809887319	0.620326006466	0.0293011787893	0.082562927426
sal-	0.265756513786	0.565622927993	0.0450086905352	0.123611867686
asu-	0.630934755396	0.103676043817	0.0338509483639	0.231538252423
ewo-	0.105703589518	0.824928429861	0.023122660207	0.046245320414
isk-	0.0	1.0	0.0	0.0
gab-	0.0147347740669	0.928290766208	0.0196463654224	0.0373280943025
sek-	0.179544495993	0.413845875761	0.295264204374	0.111345423872
den-	0.616221727531	0.214151953371	0.0606657943481	0.108960524751
soh-	0.187539032919	0.359875215341	0.0595563145081	0.393029437232
ind-	0.123308270677	0.741353383459	0.0360902255639	0.0992481203007
yan-	0.0318302387268	0.93899204244	0.0	0.0291777188329
bah-	0.457846153846	0.225846153846	0.00615384615384	0.310153846154
efi-	0.0498288322556	0.907474324838	0.0215861544313	0.0211106884747
ufe-	0.0425531914893	0.824468085106	0.132978723404	0.0
min-	0.159051852603	0.619428397496	0.0750680101714	0.146451739729
diu-	0.192329454287	0.249997888763	0.325647727465	0.232024929485
fow-	0.506081456376	0.252541969417	0.15409378932	0.0872827848876
kas-	0.163265591227	0.600424691707	0.0710394133408	0.165270303725
mpi-	0.251094890511	0.180156799135	0.01200324412	0.556745066234
sul-	0.480347492334	0.158286116103	0.0463160631256	0.315050328437
tu'-	0.526605504587	0.473394495413	0.0	0.0
das-	0.529772749851	0.259169877016	0.0397516664117	0.171305706721
tab-	0.421235218966	0.0645821926361	0.0260223048327	0.488160283565
tid-	0.313432835821	0.374792703151	0.089552238806	0.222222222222
gal-	0.00575048295072	0.981939889483	0.00934453479491	0.00296509277146
see-	0.039344320011	0.223528662487	0.0918098745206	0.645317142981
kre-	0.00287907869482	0.988483685221	0.0	0.00863723608444
adh-	0.287601267405	0.590604002176	0.0207129519357	0.101081778484
kar-	0.061586608273	0.867886258836	0.0274991367172	0.0430279961735
soa-	0.22641509434	0.679245283019	0.0943396226415	0.0
ark-	0.0222772277227	0.977722772277	0.0	0.0
kay-	0.021121631464	0.978878368536	0.0	0.0
deu-	0.0	1.0	0.0	0.0
kus-	0.0736434108527	0.926356589147	0.0	0.0
aoa-	0.521400146187	0.177792077167	0.164554036072	0.136253740574
lil-	0.138888888889	0.416666666667	0.0555555555556	0.388888888889
sah-	0.341069391746	0.249237645197	0.0498149398264	0.359878023231
me'-	0.433645621027	0.196111160194	0.0528783938126	0.317364824966
bea-	0.29018335425	0.135143408124	0.011448161866	0.56322507576
ati-	0.206604059376	0.675249924265	0.0339291123901	0.0842169039685
fa'-	0.0	0.904761904762	0.0238095238095	0.0714285714285
ae'-	0.669675626016	0.178455160067	0.0469953593555	0.104873854562
aon-	0.343012704174	0.171506352087	0.298548094374	0.186932849365
not-	0.587551634181	0.169790071446	0.0755287690878	0.167129525285
lop-	0.0600600600601	0.90990990991	0.03003003003	0.0
tak-	0.36770407765	0.373994899685	0.0517252595696	0.206575763096
lew-	0.0478087649402	0.937250996016	0.00249003984065	0.0124501992032
wao-	0.0429596907785	0.88779679735	0.00198785201546	0.0672556598564
luk-	0.00803212851406	0.987951807229	0.0	0.00401606425703
dop-	0.545029578517	0.207462460319	0.0580694189833	0.189438542181
mei-	0.372093023256	0.14950166113	0.287043189369	0.191362126246
dhi-	0.122736418511	0.839034205231	0.0181086519115	0.0201207243461
kop-	0.283437172028	0.339701162953	0.167208609613	0.209653055406
kak-	0.203487509569	0.568646984492	0.124553824281	0.103311681658
nel-	0.467318092239	0.202443617727	0.244873754136	0.0853645358979
hoo-	0.342857142857	0.592063492064	0.0269841269841	0.0380952380952
one-	0.0	1.0	0.0	0.0
nob-	0.378593559542	0.191111231918	0.334702879931	0.0955923286093
sto-	0.236514522822	0.340248962656	0.423236514523	0.0
gog-	0.0	0.955882352941	0.0441176470588	0.0
ani-	0.0289156626505	0.10843373494	0.86265060241	0.0
poi-	0.579034482759	0.278068965517	0.0408275862069	0.102068965517
kap-	0.155236710411	0.320106461259	0.0415460766126	0.483110751717
buh-	0.519805970579	0.233339090883	0.0191438523764	0.227711086162
mbu-	0.211490548606	0.214726397786	0.49010635829	0.0836766953179
sil-	0.0775712515489	0.83717472119	0.0237918215613	0.0614622057001
i'i-	0.0810657058879	0.465250782213	0.0184886697639	0.435194842135
lal-	0.14716096763	0.0997546321054	0.0198370505521	0.733247349712
bua-	0.184	0.512	0.0	0.304
luu-	0.266809728183	0.664341917024	0.0473891273248	0.0214592274678
ram-	0.0487842651386	0.91733777296	0.0176165401889	0.0162614217129
mep-	0.397821728926	0.288358106787	0.161695677684	0.152124486603
deg-	0.292887029289	0.539748953975	0.146443514644	0.0209205020921
gus-	0.0838323353294	0.880239520958	0.0359281437126	0.0
gau-	0.361842105263	0.584330143541	0.0403708133971	0.013456937799
him-	0.0	0.953757225434	0.0	0.0462427745665
nau-	0.436123348017	0.392070484582	0.15859030837	0.0132158590308
pof-	0.471178363918	0.392133093675	0.0827655394391	0.0539230029679
neg-	0.299080337463	0.58919206506	0.0889260469712	0.0228015505054
pim-	0.116239316239	0.582905982906	0.249572649573	0.0512820512821
sau-	0.1677101112	0.672767547361	0.0405329395369	0.118989401902
few-	0.301132578281	0.422440595159	0.235620697313	0.0408061292472
ao'-	0.380459108639	0.182492486732	0.325788093868	0.111260310762
umo-	0.545201078886	0.288357022356	0.0699179723409	0.0965239264175
pri-	0.0187606594656	0.981239340534	0.0	0.0
fea-	0.273482959269	0.38029925187	0.113466334165	0.232751454697
tro-	0.002331002331	0.997668997669	0.0	0.0
mat-	0.139637259454	0.523708403288	0.241790831019	0.0948635062397
ngg-	0.0817855002996	0.74206111444	0.176153385261	0.0
dag-	0.574630534952	0.293598280513	0.0491683524387	0.0826028320972
baa-	0.0242914979757	0.96963562753	0.00607287449393	0.0
kit-	0.187309984191	0.725960719932	0.030189711784	0.0565395840933
pop-	0.128456680361	0.478662088417	0.0588632043657	0.334018026856
gol-	0.0161145926589	0.983885407341	0.0	0.0
ela-	0.0	1.0	0.0	0.0
yud-	0.0228173147469	0.903741746148	0.0019809244314	0.0714600146735
fin-	0.39544059623	0.340640070145	0.0435481513956	0.22037118223
dup-	0.013221683561	0.973556632878	0.00881445570734	0.00440722785368
wua-	0.0593080724877	0.762767710049	0.0518945634267	0.126029654036
nag-	0.306944922373	0.489889277979	0.0203833775277	0.18278242212
aen-	0.444049247606	0.315458276334	0.132147742818	0.108344733242
leg-	0.286798179059	0.530349013657	0.137329286798	0.0455235204855
arp-	0.0	1.0	0.0	0.0
wuh-	0.0686891814539	0.931310818546	0.0	0.0
weo-	0.0232077236901	0.00254211622629	0.00063167736532	0.973618482718
kad-	0.193666327739	0.450928400498	0.0651227573154	0.290282514448
des-	0.594593598963	0.215078686785	0.0354517859248	0.154875928327
fen-	0.372064706906	0.373282309967	0.0657505653157	0.188902417812
yek-	0.0	1.0	0.0	0.0
ras-	0.0487693204207	0.862433054916	0.0236562421955	0.065141382468
gul-	0.162037037037	0.736111111111	0.0393518518518	0.0625
tir-	0.0	1.0	0.0	0.0
oti-	0.26032644286	0.647869225162	0.0259473885807	0.0658569433976
men-	0.370499920765	0.418490601355	0.0816810882118	0.129328389669
iko-	0.0	1.0	0.0	0.0
hop-	0.147304278712	0.674923830971	0.113922373824	0.0638495164923
bus-	0.539007092199	0.0567375886525	0.404255319149	0.0
ain-	0.247970118271	0.0482233375413	0.00799059842299	0.695815945765
mug-	0.599471638951	0.257096496515	0.00815498895345	0.135276875581
daa-	0.366401606278	0.0599109935786	0.0280364106049	0.545650989538
tap-	0.292978455809	0.078365008377	0.0244769384871	0.604179597327
moe-	0.8928	0.0816	0.00639999999999	0.0192
uru-	0.14242146996	0.750228728271	0.101250381214	0.00609942055506
ibr-	0.00164293537788	0.96878422782	0.026286966046	0.00328587075575
sol-	0.647636039251	0.236396074933	0.0463871543265	0.0695807314898
ame-	0.577179889729	0.227589319586	0.0868567092966	0.108374081388
dom-	0.564366243527	0.112211003931	0.055729698838	0.267693053703
koo-	0.0552344251766	0.0912010276172	0.0	0.853564547206
aby-	0.265306122449	0.530612244898	0.142857142857	0.0612244897959
wea-	0.145947592931	0.640006093845	0.134064594759	0.0799817184643
ulu-	0.176290815506	0.562248672993	0.0412578414026	0.220202670098
a'e-	0.0572793408712	0.793540187571	0.0111315628013	0.138048908756
pam-	0.129546398761	0.819465951581	0.0396570608452	0.0113305888129
mag-	0.14453768017	0.850644397157	0.00120448066808	0.00361344200426
nom-	0.291933443914	0.136261548493	0.126444074554	0.445360933039
hob-	0.0151723230513	0.629828211475	0.00986817759431	0.345131287879
gih-	0.535714285714	0.214285714286	0.25	0.0
wak-	0.237308666446	0.144134884802	0.0107917630217	0.60776468573
afa-	0.281690140845	0.507042253521	0.0845070422536	0.12676056338
dru-	0.0	0.982954545455	0.0170454545454	0.0
nil-	0.0	0.633257403189	0.366742596811	0.0
lag-	0.156679065069	0.821738531478	0.00642880102861	0.0151536024246
dob-	0.285682522145	0.198762958622	0.467311014273	0.0482435049596
hal-	0.192523364486	0.743925233645	0.0224299065421	0.0411214953271
meg-	0.471613545817	0.236055776892	0.125	0.167330677291
mon-	0.265832241239	0.290638489491	0.370402727009	0.0731265422614
kof-	0.30540625988	0.26434959778	0.198214072435	0.232030069905
alo-	0.0836116264688	0.770068027211	0.0034632034632	0.142857142857
ano-	0.114199205867	0.0351718854703	0.00273143104225	0.84789747762
asy-	0.0	1.0	0.0	0.0
aeg-	0.160714285714	0.375	0.232142857143	0.232142857143
adu-	0.635236054289	0.226313396974	0.0668874602247	0.0715630885122
lap-	0.394366197183	0.323943661972	0.253521126761	0.0281690140845
aho-	0.26376146789	0.644495412844	0.091743119266	0.0
ebu-	0.189473684211	0.810526315789	0.0	0.0
man-	0.226649616378	0.305634274969	0.0706170586288	0.397099050024
nas-	0.247645356443	0.398628694143	0.106284886247	0.247441063167
foe-	0.177215189873	0.354430379747	0.0569620253165	0.411392405063
eti-	0.0250626566416	0.899749373434	0.0751879699248	0.0
laa-	0.223132969035	0.237401335762	0.0227686703096	0.516697024894
fos-	0.274116795041	0.61267616394	0.0433174860232	0.0698895549956
sip-	0.0	1.0	0.0	0.0
ded-	0.808027923211	0.150087260035	0.020942408377	0.0209424083769
pad-	0.363503583512	0.0247781532583	0.00356159389888	0.60815666933
huk-	0.847817538341	0.0833661030279	0.0660637042863	0.00275265434526
yus-	0.0224748379532	0.966776326504	0.00195433373506	0.00879450180776
hae-	0.235872235872	0.685503685504	0.019656019656	0.058968058968
yos-	0.011466011466	0.988533988534	0.0	0.0
gah-	0.313256761117	0.0286738186633	0.00925480451808	0.648814615702
sea-	0.135373749264	0.613890523838	0.0959387875221	0.154796939376
ara-	0.119942438339	0.830862420936	0.0398246377297	0.00937050299522
mpu-	0.324649071535	0.0511140254633	0.0546678847437	0.569569018258
dum-	0.367641564658	0.401981096076	0.0194393554046	0.210937983861
ema-	0.0461538461538	0.861538461538	0.0461538461539	0.0461538461538
zeb-	0.0	1.0	0.0	0.0
pis-	0.323655103067	0.57264957265	0.0584464555052	0.0452488687783
mie-	0.0460956257053	0.192795112748	0.00605556712318	0.755053694424
amo-	0.585542003243	0.11586349604	0.0367432185091	0.261851282207
ten-	0.141748280892	0.770993957074	0.021098145447	0.0661596165868
nai-	0.0	1.0	0.0	0.0
pet-	0.0131396271798	0.912629224293	0.00166349969934	0.0725676488274
his-	0.00533333333332	0.994666666667	0.0	0.0
apo-	0.447220612592	0.355847367532	0.063047812855	0.13388420702
fan-	0.0684931506849	0.662100456621	0.0	0.269406392694
yas-	0.0089552238806	0.991044776119	0.0	0.0
tra-	0.0	1.0	0.0	0.0
nop-	0.549304874326	0.120328632429	0.068700676314	0.261665816931
gia-	0.775175644028	0.140515222482	0.0281030444965	0.056206088993
kef-	0.275862068966	0.655172413793	0.0	0.0689655172414
ish-	0.0	0.99527837891	0.0047216210899	0.0
rab-	0.270588235294	0.55	0.0	0.179411764706
seh-	0.121441180464	0.261395011995	0.0480544365485	0.569109370992
awa-	0.536475060628	0.158615717376	0.0314609687357	0.273448253261
dei-	0.38431372549	0.525490196078	0.0901960784313	0.0
ima-	0.015903486719	0.807832868812	0.16272961663	0.0135340278391
sis-	0.0906344410877	0.0725075528701	0.0362537764351	0.800604229607
kao-	0.177288520013	0.0850197574509	0.0192467719008	0.718444950635
nuh-	0.0	1.0	0.0	0.0
neh-	0.502249715283	0.173013749209	0.0380292909644	0.286707244544
ado-	0.574712643678	0.252873563218	0.0689655172414	0.103448275862
rub-	0.0	1.0	0.0	0.0
mik-	0.168152866242	0.831847133758	0.0	0.0
fes-	0.0627562547067	0.934733495105	0.0	0.00251025018827
yef-	0.0	1.0	0.0	0.0
tis-	0.479552093476	0.252677702045	0.0438169425511	0.223953261928
fol-	0.26266902033	0.180172143217	0.266561833161	0.290597003293
ewa-	0.334259561948	0.597526424758	0.0306200283317	0.0375939849624
kot-	0.142324817666	0.417304907528	0.0519638053132	0.388406469492
bul-	0.0513929366049	0.683651405471	0.253674281596	0.0112813763279
na'-	0.196931622953	0.0346978642157	0.00423748460262	0.764133028229
lof-	0.0582524271845	0.592233009709	0.349514563107	0.0
wob-	0.0359863409509	0.804833201996	0.0281061203047	0.131074336748
dot-	0.513670133647	0.239546507783	0.103483416317	0.143299942253
tae-	0.4571882499	0.240587084836	0.0602030619703	0.242021603294
now-	0.71648823177	0.10405609049	0.0344281509545	0.145027526785
tan-	0.347728927338	0.299126903777	0.0617994890864	0.291344679798
dep-	0.357087975413	0.436227429889	0.0983480599308	0.108336534768
mbo-	0.56998054428	0.29887348978	0.0403526049048	0.0907933610357
bil-	0.108606220174	0.799243047556	0.0822774395261	0.00987329274313
kup-	0.296433534044	0.67577582214	0.0277906438166	0.0
aga-	0.106152619574	0.725626635452	0.0857912133993	0.0824295315744
mos-	0.306279922251	0.308725882829	0.349315783294	0.0356784116258
pob-	0.252706460009	0.178005205868	0.0442055134879	0.525082820634
osa-	0.461847389558	0.224899598394	0.0401606425703	0.273092369478
ely-	0.0	1.0	0.0	0.0
mau-	0.0559875583204	0.259720062208	0.0186625194401	0.665629860031
