wuˈ-	0.510293200249	0.216469120399	0.158452900811	0.11478477854
bɔl-	0.0273704789834	0.260997067449	0.629521016618	0.0821114369501
dla-	0.0388349514563	0.950069348128	0.00832177531206	0.00277392510402
tèt-	0.120220709144	0.709570153108	0.098563928915	0.0716452088333
leˈ-	0.133436215675	0.0907473147891	0.016477534023	0.759338935513
kɨà-	0.532295719844	0.343968871595	0.0396887159533	0.084046692607
elù-	0.44915782907	0.483468496569	0.044915782907	0.0224578914535
wàˈ-	0.217270194986	0.682451253482	0.08356545961	0.016713091922
lèˈ-	0.888888888889	0.111111111111	0.0	0.0
ayu-	0.0	0.0582444626743	0.941755537326	0.0
tib-	0.0752688172043	0.860215053763	0.0215053763441	0.0430107526882
bay-	0.0712678169542	0.890472618155	0.0382595648912	0.0
spe-	0.032	0.952	0.00800000000002	0.008
paf-	0.0	0.980769230769	0.0192307692308	0.0
àdz-	0.100349774683	0.359719756266	0.0309789822615	0.50895148679
wòt-	0.0382221907861	0.441128387928	0.00144707662737	0.519202344659
lod-	0.112781954887	0.872180451128	0.015037593985	0.0
ate-	0.28693071842	0.398933754385	0.0614508621715	0.252684665023
shû-	0.888907014682	0.0662316476346	0.0026101141925	0.042251223491
tsà-	0.682772532708	0.251608399762	0.016056567576	0.0495624999537
ku̧-	0.792097920979	0.120331203312	0.0361803618036	0.0513905139052
fèè-	0.212139456998	0.530621460423	0.236542550189	0.0206965323901
pat-	0.051282051282	0.931623931624	0.0	0.017094017094
tsɔ-	0.561715727392	0.281738293479	0.0787079666929	0.0778380124362
zìi-	0.409090909091	0.166666666667	0.030303030303	0.393939393939
lùà-	0.512219618346	0.209574824238	0.179779042518	0.0984265148979
kèp-	0.142997061704	0.821743388834	0.0156709108717	0.0195886385897
nàa-	0.337232841192	0.0528381196286	0.00854907465874	0.60137996452
zia-	0.267787671825	0.25175067001	0.0860205757759	0.39444108239
tɔm-	0.0	0.993006993007	0.0	0.00699300699301
loŋ-	0.0701754385965	0.666666666667	0.228070175439	0.0350877192983
jam-	0.0586319218241	0.869706840391	0.0195439739414	0.0521172638436
kid-	0.0	1.0	0.0	0.0
yòò-	0.906040268456	0.0638741032168	0.0231427910206	0.00694283730617
nge-	0.35985915493	0.35	0.17676056338	0.11338028169
bèy-	0.27534965035	0.291958041958	0.354020979021	0.0786713286714
jèk-	0.0	1.0	0.0	0.0
amɔ-	0.0	0.982905982906	0.017094017094	0.0
lùˈ-	0.859813084112	0.0654205607476	0.0747663551402	0.0
nkw-	0.517721292442	0.277561393535	0.120042612764	0.0846747012601
èbò-	0.609625668449	0.326203208556	0.0	0.0641711229947
asi-	0.744186046512	0.255813953488	0.0	0.0
sə̀-	0.662361039111	0.141509705662	0.0535683428374	0.14256091239
mus-	0.0279615583615	0.94570063519	0.00712799568466	0.0192098107641
pud-	0.0	1.0	0.0	0.0
èfe-	0.361359570662	0.553369111509	0.0274299344067	0.0578413834228
mmɔ-	0.290844388275	0.0744114308995	0.0516336092392	0.583110571587
těs-	0.0407993338884	0.76935886761	0.164862614488	0.0249791840133
fȩl-	0.0	0.967741935484	0.0	0.0322580645161
eyò-	0.479166666667	0.520833333333	0.0	0.0
nkǒ-	0.441256913633	0.143013432201	0.317267367653	0.098462286513
mèè-	0.364192139738	0.382532751092	0.136244541485	0.117030567686
bɨa-	0.0565415273299	0.0465757472711	0.0199713482193	0.87691137718
fìl-	0.0	0.990769230769	0.00923076923077	0.0
eyà-	0.603305785124	0.246280991735	0.0363636363637	0.114049586777
mùa-	0.320855614973	0.550802139037	0.0	0.128342245989
kèn-	0.285593767059	0.616272145303	0.0509900253089	0.0471440623294
ghǎ-	0.484447486971	0.0830063598622	0.00377175161205	0.428774401555
èbà-	0.233194362721	0.492547969977	0.204939795347	0.0693178719557
ègè-	0.0191195458397	0.157993738479	0.0515043810156	0.771382334666
nke-	0.481404958678	0.38326446281	0.0433884297521	0.0919421487603
ka̧-	0.506420545746	0.170144462279	0.208667736758	0.114767255217
mii-	0.768490679495	0.202645820806	0.00721587492483	0.0216476247745
ekɨ-	0.652722625887	0.137673200406	0.0324750760392	0.177129097668
àfɨ-	0.0731012354808	0.28380354637	0.0166894136082	0.626405804541
sàŋ-	0.561550924019	0.190350660406	0.19867095038	0.0494274651948
ŋèˈ-	0.47426807166	0.178041426514	0.169252293379	0.178438208447
ngù-	0.463624359547	0.364998849428	0.125208717309	0.0461680737164
ghɨ-	0.497970306297	0.0806091015914	0.0279949044589	0.393425687653
ènɨ-	0.0574444486939	0.766053466937	0.165257964585	0.0112441197843
esè-	0.47503045067	0.261875761267	0.14981729598	0.113276492083
pàm-	0.00684150513112	0.993158494869	0.0	0.0
àye-	0.266625290803	0.289083094519	0.130108166486	0.314183448192
èng-	0.203539538463	0.640840501014	0.0191719024296	0.136448058093
àsɔ-	0.00195336943543	0.997069945847	0.0	0.000976684717715
àkè-	0.106863431079	0.605877488709	0.265313911329	0.0219451688824
gid-	0.0357142857143	0.964285714286	0.0	0.0
mpù-	0.511464520662	0.251580762598	0.0563326307722	0.180622085968
wan-	0.0189065051679	0.887637721381	0.0335482263671	0.0599075470842
klî-	0.01081568274	0.95132942767	0.02163136548	0.01622352411
mbǐ-	0.475609756098	0.128048780488	0.0	0.396341463415
èpi-	0.0307692307692	0.184615384615	0.784615384615	0.0
dù̧-	0.385214007782	0.217898832685	0.280155642023	0.11673151751
ntǔ-	0.607335761839	0.229996231629	0.064690365532	0.0979776409998
mbê-	0.105520581946	0.549460223125	0.0137628073551	0.331256387574
yùà-	0.209391867532	0.255650617828	0.127049171145	0.407908343494
èyɨ-	0.0210234034114	0.963506545022	0.0154700515668	0.0
tàk-	0.374361356247	0.420343706456	0.072457036693	0.132837900604
lȩs-	0.0338028169014	0.92676056338	0.0112676056338	0.0281690140845
joè-	0.04	0.96	0.0	0.0
yem-	0.0323816001538	0.0955478996319	0.10279309784	0.769277402375
sat-	0.0508836667314	0.878228782288	0.0652942318897	0.00559331909109
eya-	0.0522563459403	0.0850956704671	0.0257234075861	0.836924576007
peg-	0.00787401574805	0.984251968504	0.0	0.00787401574805
saf-	0.0	1.0	0.0	0.0
wèè-	0.555114200596	0.244289970208	0.098311817279	0.102284011917
tèk-	0.372725954257	0.389912355386	0.106274319817	0.131087370541
eku-	0.546574201396	0.272113655595	0.10523323461	0.0760789083986
èny-	0.0860652803598	0.81184833199	0.0490549761285	0.0530314115214
wen-	0.407506702413	0.193029490617	0.123324396783	0.276139410188
èba-	0.283191804326	0.637247113053	0.0551058318148	0.0244552508054
àpò-	0.0	1.0	0.0	0.0
ale-	0.161711829766	0.0186005148141	0.00315149313722	0.816536162282
àpo-	0.00367197062424	0.988984088127	0.0	0.00734394124849
sid-	0.0	0.957284299859	0.00678925035361	0.0359264497878
àkǔ-	0.178756476684	0.564766839378	0.256476683938	0.0
mea-	0.451724137931	0.258620689655	0.0413793103448	0.248275862069
èbo-	0.592592592593	0.162962962963	0.244444444444	0.0
tǒ̧-	0.528625954199	0.381679389313	0.0209923664122	0.0687022900763
ègu-	0.121212121212	0.858585858586	0.0	0.020202020202
bɔm-	0.0580439912355	0.857260239339	0.0126411596157	0.0720546098096
èpǎ-	0.0439436791047	0.924353009154	0.023340327829	0.00836298391266
zîˈ-	0.39114658926	0.132801161103	0.181422351234	0.294629898403
edɨ-	0.315631262525	0.616733466934	0.0375751503006	0.0300601202405
dɔt-	0.762325239146	0.0316409124356	0.206033848418	0.0
fot-	0.0507579859231	0.893340552247	0.0491337303736	0.00676773145642
nèè-	0.327650880474	0.269190439642	0.235819992001	0.167338687883
eju-	0.0	0.630434782609	0.369565217391	0.0
àyê-	0.268437481484	0.177993682322	0.0240391774463	0.529529658748
èkǎ-	0.152941176471	0.729411764706	0.117647058824	0.0
efu-	0.159090909091	0.840909090909	0.0	0.0
lɨ̀-	0.595332074824	0.176334305818	0.0532864252617	0.175047194096
ang-	0.174151222109	0.570841631232	0.239457930399	0.0155492162597
jòs-	0.024228243641	0.970790248321	0.00271718620274	0.00226432183561
bəˈ-	0.615020697812	0.265819041987	0.0665286812538	0.0526315789474
sod-	0.0	1.0	0.0	0.0
anè-	0.20648236534	0.0658637452133	0.0196741505457	0.707979738901
èku-	0.185556249075	0.749258705913	0.036021627627	0.0291634173848
wȩȩ-	0.765573770492	0.180327868852	0.0442622950819	0.00983606557376
lù̧-	0.189469459487	0.0738433657951	0.643198954576	0.0934882201418
jes-	0.00430416068867	0.995695839311	0.0	0.0
tɨɨ-	0.448412698413	0.539682539683	0.00396825396825	0.00793650793652
jal-	0.101265822785	0.875949367089	0.00253164556962	0.020253164557
tùà-	0.478171369757	0.233639248649	0.0720473453984	0.216142036195
gès-	0.0	1.0	0.0	0.0
tsè-	0.305847690122	0.0866553212857	0.193331688048	0.414165300544
jɔn-	0.00243662832522	0.997563371675	0.0	0.0
sȩk-	0.0	0.966666666667	0.0	0.0333333333333
esh-	0.478925134199	0.301650890957	0.0639233872249	0.155500587619
èwu-	0.149220466602	0.30261776282	0.211318464434	0.336843306143
puu-	0.398510242086	0.201117318436	0.132216014898	0.268156424581
beb-	0.0214545454545	0.102060606061	0.186909090909	0.689575757576
lèb-	0.203497615262	0.677265500795	0.0906200317965	0.0286168521462
eba-	0.754344919786	0.139371657754	0.057820855615	0.0484625668449
saˈ-	0.47263136443	0.444227526057	0.0235984889879	0.0595426205251
zel-	0.0	1.0	0.0	0.0
ngǔ-	0.430405235339	0.363453309841	0.101938082054	0.104203372766
yaŋ-	0.208365488501	0.281987961105	0.0325667541287	0.477079796265
èlm-	0.0	1.0	0.0	0.0
leg-	0.029702970297	0.960396039604	0.009900990099	0.0
zal-	0.0416666666667	0.958333333333	0.0	0.0
eyǔ-	0.0824175824176	0.340659340659	0.164835164835	0.412087912088
wèe-	0.190502661906	0.0404310363259	0.74084368519	0.0282226165786
bò̧-	0.313399424368	0.480332587144	0.0399744163735	0.166293572114
ŋȩa-	0.61265355393	0.15941205709	0.131009017965	0.0969253710148
laŋ-	0.418485237484	0.500641848524	0.0577663671373	0.0231065468549
bèŋ-	0.357839947951	0.268416106412	0.16699197571	0.206751969927
kea-	0.941362916006	0.0522979397781	0.00633914421552	0.0
àŋɔ-	0.12077294686	0.454106280193	0.405797101449	0.0193236714976
ŋwè-	0.529810586483	0.285792466024	0.0871058952298	0.0972910522636
nùŋ-	0.669421487603	0.297520661157	0.0	0.0330578512397
àkù-	0.431034482759	0.534482758621	0.0344827586207	0.0
ndì-	0.309409424388	0.481795721552	0.150215512956	0.0585793411028
tec-	0.0573445081605	0.248345831495	0.662549625055	0.031760035289
baŋ-	0.819672131148	0.114754098361	0.0327868852459	0.0327868852459
ghâ-	0.609934539854	0.159029649596	0.13862148633	0.0924143242202
ànà-	0.00176991150443	0.998230088496	0.0	0.0
bèl-	0.198026496635	0.6058584594	0.0833939493551	0.11272109461
vəˈ-	0.3	0.7	0.0	0.0
bùu-	0.597897503285	0.0801576872536	0.0	0.321944809461
fȩ̀-	0.406850025947	0.415672029061	0.127659574468	0.0498183705241
lȩ̂-	0.208695652174	0.739130434783	0.0	0.0521739130435
làm-	0.0	1.0	0.0	0.0
kèm-	0.211144626131	0.6360533418	0.0900936656612	0.0627083664074
səŋ-	0.981132075472	0.0188679245283	0.0	0.0
èsi-	0.199457259159	0.656507671433	0.0943534077863	0.0496816616219
yɔb-	0.0279757250318	0.0269507720702	0.00624123142679	0.938832271471
sàm-	0.0255982192543	0.963550361714	0.0016694490818	0.00918196994992
ebà-	0.174162679426	0.618181818182	0.146411483254	0.0612440191388
kɔk-	0.442996742671	0.400651465798	0.156351791531	0.0
idù-	0.0	0.931034482759	0.0344827586207	0.0344827586207
mpɨ-	0.113221288357	0.844649860162	0.0236974789584	0.0184313725232
sto-	0.076923076923	0.56043956044	0.362637362637	0.0
gog-	0.0	1.0	0.0	0.0
èlɨ-	0.123239950359	0.378141887944	0.158460379062	0.340157782636
sèè-	0.861753630984	0.0381925766541	0.0656266810113	0.0344271113502
fà̧-	0.4432498047	0.268508021149	0.15777113774	0.130471036411
èye-	0.142857142857	0.612244897959	0.204081632653	0.0408163265306
nye-	0.216417910448	0.764925373134	0.0111940298507	0.00746268656716
bua-	0.310249307479	0.224376731302	0.365650969529	0.0997229916898
kȩa-	0.508771929825	0.315789473684	0.0701754385965	0.105263157895
enù-	0.0740740740741	0.925925925926	0.0	0.0
kès-	0.135269762619	0.666052773535	0.152178482946	0.0464989809002
màn-	0.33112762535	0.506775788182	0.100219934158	0.0618766523095
pȩl-	0.037175916006	0.895650310692	0.0430683522605	0.0241054210414
àlù-	0.150965250965	0.80888030888	0.0347490347491	0.00540540540541
tèd-	0.137690810368	0.673701465014	0.176416350784	0.0121913738346
ekù-	0.460391698334	0.27126571178	0.119263373283	0.149079216603
èti-	0.0217570829628	0.890611104053	0.0240598399187	0.0635719730656
ngw-	0.491795383519	0.260725174982	0.087177856207	0.160301585292
ta̧-	0.195896421632	0.123320477955	0.0173518095786	0.663431290834
kàà-	0.67173299906	0.257129426512	0.0404261986838	0.0307113757443
adz-	0.143743734847	0.258419674185	0.105063815997	0.492772774972
enè-	0.656474820144	0.187050359712	0.134892086331	0.021582733813
afə-	0.107407959591	0.860857870529	0.00488217998142	0.0268519898978
tɨŋ-	0.538021173951	0.332205446084	0.0328888130645	0.0968845669008
wek-	0.130192886923	0.108294110313	0.191441770457	0.570071232307
zià-	0.195518453427	0.348637961336	0.0131810193322	0.442662565905
ank-	0.0629921259842	0.919291338583	0.0177165354331	0.0
lub-	0.0	1.0	0.0	0.0
jùˈ-	0.376495425756	0.553131597467	0.0633356790992	0.0070372976777
ndȩ-	0.655892335069	0.190602698514	0.0755185204557	0.0779864459608
fii-	0.295833333333	0.529166666667	0.125	0.05
deb-	0.324950363997	0.581072137657	0.0502978160159	0.0436796823296
yaà-	0.618497109827	0.173410404624	0.0693641618497	0.138728323699
laz-	0.0289052423944	0.919505348608	0.00227600333814	0.0493134056597
bɔj-	0.118556701031	0.850515463918	0.0309278350515	0.0
pit-	0.0120904278151	0.968790241809	0.00386321362141	0.0152561167549
bes-	0.0178051149239	0.025574619618	0.142764648754	0.813855616704
ngɔ-	0.0511667792323	0.868146762382	0.0402269184001	0.0404595399853
ble-	0.025661391825	0.963463065925	0.00464348994929	0.00623205230036
mpu-	0.753280839895	0.0419947506561	0.00839895013125	0.196325459318
kàˈ-	0.466067992303	0.429121231559	0.0624759461193	0.0423348300193
lu̧-	0.26956661947	0.487202652735	0.188951107129	0.054279620666
akɨ-	0.346153846154	0.634615384615	0.0192307692308	0.0
awa-	0.0461393521778	0.0357027531855	0.0232161079625	0.894941786674
kěm-	0.0677966101695	0.864406779661	0.0677966101695	0.0
chà-	0.0238095238095	0.452380952381	0.0238095238095	0.5
elȩ-	0.725490196078	0.0	0.156862745098	0.117647058824
fes-	0.0034398034398	0.987714987715	0.0	0.00884520884521
ndâ-	0.204693540086	0.209544772605	0.207190336958	0.378571350351
shù-	0.708794026978	0.172882395554	0.0681324259586	0.0501911515094
mèk-	0.122850160514	0.810818301205	0.039062954265	0.0272685840159
èbȩ-	0.0445571454447	0.952725955443	0.00271689911248	0.0
tan-	0.435697115385	0.123197115385	0.354567307692	0.0865384615385
chɔ-	0.0147792706334	0.982629558541	0.00201535508637	0.000575815738962
àkɨ-	0.942857142857	0.0571428571428	0.0	0.0
edz-	0.285802017148	0.496815236476	0.124713607483	0.0926691388934
ngu-	0.466279630692	0.0461024892425	0.0599080455057	0.42770983456
gwe-	0.370695853639	0.559798673804	0.00958696173203	0.0599185108253
dɨ̀-	0.713659453065	0.235543803493	0.0247025259203	0.0260942175214
nàm-	0.103681885125	0.775552282769	0.115463917526	0.00530191458026
yaa-	0.136914411111	0.0318651218446	0.0329586874286	0.798261779615
nɔŋ-	0.615787130348	0.183642204338	0.102044724458	0.0985259408557
sȩl-	0.0753564154786	0.916089613035	0.0	0.00855397148676
ŋȩ̀-	0.634005763689	0.257925072046	0.0302593659943	0.0778097982709
aya-	0.358613010832	0.163812803647	0.112023574382	0.36555061114
enə-	0.640625	0.203125	0.03125	0.125
jot-	0.0	1.0	0.0	0.0
mpe-	0.119340659341	0.819340659341	0.0171428571429	0.0441758241758
ànk-	0.126435433873	0.852473673025	0.00527638743341	0.0158145056685
èfè-	0.465608465609	0.269841269841	0.201058201058	0.0634920634921
etè-	0.503432494279	0.336384439359	0.102974828375	0.0572082379863
pub-	0.060606060606	0.878787878788	0.030303030303	0.030303030303
evi-	0.331172581991	0.356909055901	0.288813298248	0.0231050638598
top-	0.0	0.972222222222	0.0277777777778	0.0
àyu-	0.0370874447091	0.92571169332	0.0279006464784	0.0093002154928
obè-	0.272727272727	0.727272727273	0.0	0.0
lef-	0.00121288079403	0.993531302432	0.000101073399503	0.00515474337466
nku-	0.407690177141	0.278681615106	0.117737021471	0.195891186281
àyɔ-	0.186958966951	0.384471179824	0.0976478502034	0.330922003022
wɔ̧-	0.242421829907	0.435742292459	0.156041637641	0.165794239994
bəa-	0.742610837439	0.102216748768	0.0443349753694	0.110837438424
fìb-	0.392086330935	0.514388489209	0.0719424460431	0.021582733813
fɨt-	0.435211036295	0.202824765971	0.241993759238	0.119970438496
efù-	0.619047619048	0.126984126984	0.222222222222	0.031746031746
àsi-	0.0	1.0	0.0	0.0
zəa-	0.588391032443	0.371076864289	0.0364788929413	0.00405321032682
mak-	0.047227926078	0.948665297741	0.0041067761807	0.0
nik-	0.0	1.0	0.0	0.0
teb-	0.0683685437221	0.186329924098	0.260180291387	0.485121240793
azɔ-	0.0	1.0	0.0	0.0
yun-	0.257142857143	0.714285714286	0.0285714285714	0.0
pàà-	0.719402173001	0.175600595382	0.0528509555117	0.0521462761049
bèm-	0.0778280485999	0.57201146585	0.324590290529	0.0255701950214
baˈ-	0.420454545455	0.267045454545	0.176136363636	0.136363636364
èkɔ-	0.157158761276	0.714173862613	0.058035407714	0.0706319683968
sȩp-	0.0	0.987623762376	0.0123762376238	0.0
lès-	0.306094182825	0.565096952909	0.128808864266	0.0
èbì-	0.127118644068	0.870056497175	0.00282485875706	0.0
sef-	0.323863636364	0.642045454545	0.0	0.0340909090909
gad-	0.0	1.0	0.0	0.0
kèl-	0.373129770992	0.319083969466	0.137404580153	0.170381679389
làn-	0.578125	0.171875	0.0625	0.1875
èfi-	0.0414507772021	0.751295336788	0.20725388601	0.0
èsh-	0.335305719921	0.46942800789	0.142011834319	0.0532544378698
nɨà-	0.233870967742	0.766129032258	0.0	0.0
sàl-	0.016592920354	0.982300884956	0.00110619469026	0.0
ba̧-	0.522760764073	0.186668892576	0.0463926454603	0.24417769789
bù̧-	0.401077070819	0.270152710565	0.0225958913138	0.306174327301
ŋaà-	0.141277499481	0.232669267527	0.133890440684	0.492162792308
pà̧-	0.168224299065	0.741433021807	0.0654205607476	0.02492211838
lèm-	0.485855835413	0.236177293699	0.114212238106	0.163754632781
àti-	0.0795151087248	0.873851970369	0.0412521992632	0.00538072164303
yu̧-	0.389103696544	0.372779240692	0.184889670344	0.0532273924202
jus-	0.0426829268292	0.957317073171	0.0	0.0
alu-	0.0733832471636	0.791569941717	0.0169935406515	0.118053270468
emè-	0.0459770114942	0.758620689655	0.0413793103448	0.154022988506
eze-	0.0	1.0	0.0	0.0
jos-	0.0179211469534	0.958183990442	0.0119474313023	0.0119474313023
ŋȩt-	0.730366492147	0.158115183246	0.0565445026178	0.0549738219895
ewe-	0.319005658942	0.273799404389	0.348402084851	0.0587928518186
any-	0.166023431751	0.720576634955	0.0911646522561	0.0222352810381
àga-	0.0	1.0	0.0	0.0
kel-	0.584269662921	0.207956666545	0.105222706145	0.102550964389
mbè-	0.384636268974	0.232075244126	0.128298485945	0.254990000955
pɔ̂-	0.0220335321779	0.934813313172	0.00106345856666	0.0420896960835
efe-	0.191313908741	0.77570093458	0.00471216523992	0.0282729914396
epf-	0.488366884919	0.33674102959	0.0436646461773	0.131227439314
nìà-	0.0	1.0	0.0	0.0
ekɔ-	0.548632900045	0.268041237113	0.0457194083371	0.137606454505
klì-	0.139534883721	0.744186046512	0.116279069767	0.0
kom-	0.0	0.842105263158	0.0	0.157894736842
taŋ-	0.506327128216	0.176636686886	0.24121522694	0.0758209579586
gàd-	0.0	0.928571428571	0.0357142857143	0.0357142857143
pàa-	0.43370402053	0.148845166809	0.116338751069	0.301112061591
lua-	0.587023686921	0.0885684860968	0.324407826982	0.0
chǎ-	0.540983606557	0.311475409836	0.0737704918033	0.0737704918033
mpi-	0.134459781057	0.133745835316	0.535459305093	0.196335078534
kàp-	0.0136411332634	0.98426023085	0.00209863588667	0.0
zə̌-	0.70361362057	0.273453787352	0.0208478109799	0.00208478109799
ègw-	0.0241776037148	0.508181769761	0.0655733575818	0.402067268942
bɔk-	0.0554219327903	0.83163531574	0.00898550066938	0.1039572508
pàɔ-	0.0	0.901639344262	0.0983606557377	0.0
kut-	0.511705685619	0.438127090301	0.0200668896321	0.0301003344481
bǎg-	0.482142857143	0.517857142857	0.0	0.0
àma-	0.0	1.0	0.0	0.0
nɨa-	0.419364694294	0.085888479498	0.032713774989	0.462033051219
shê-	0.0	1.0	0.0	0.0
elì-	0.162203386453	0.104095300377	0.549977084288	0.183724228882
kɔt-	0.185977368538	0.352740181939	0.434923452407	0.0263589971156
jɨ̌-	0.76	0.24	0.0	0.0
tàŋ-	0.49695585997	0.338660578387	0.0570776255708	0.107305936073
abȩ-	0.0758293838862	0.914691943128	0.0	0.00947867298578
pfə-	0.450720760382	0.202953029226	0.276940559375	0.0693856510173
tèw-	0.101847240589	0.601670881731	0.249784157815	0.0466977198642
pes-	0.0	1.0	0.0	0.0
ane-	0.0102865552765	0.00619836598356	0.00405607652938	0.979459002211
kwè-	0.327051716796	0.181636326147	0.334983040909	0.156328916147
èke-	0.0690221857026	0.930977814297	0.0	0.0
glɨ-	0.0528187800107	0.40298772897	0.535657122532	0.0085363684866
èkw-	0.0547396528705	0.895861148198	0.0413885180241	0.00801068090788
ewè-	0.495494019335	0.40815992135	0.0137637227593	0.0825823365558
bat-	0.104184030672	0.10186882999	0.0511196310496	0.742827508288
gha-	0.563304172733	0.117381060897	0.0569281786269	0.262386587743
fùˈ-	0.552903569644	0.358072278832	0.0393454955397	0.0496786559844
àlu-	0.772151898734	0.227848101266	0.0	0.0
ste-	0.105263157895	0.875598086124	0.0	0.0191387559809
və̀-	0.592647604902	0.278128481248	0.043445971036	0.0857779428147
evə-	0.575285047778	0.285347171977	0.0345799755495	0.104787804696
kìi-	0.337078651685	0.393258426966	0.0449438202247	0.224719101124
tam-	0.0	1.0	0.0	0.0
tɔ̂-	0.119318181818	0.607954545455	0.102272727273	0.170454545455
nèŋ-	0.340084065724	0.164437651255	0.0534963698892	0.441981913132
jan-	0.103631532329	0.759964570416	0.0478299379982	0.0885739592559
eny-	0.575653686742	0.177071074042	0.0874993603847	0.159775878831
fel-	0.0613754680793	0.935747556854	0.0	0.00287697506622
ebə-	0.738804163641	0.22052771726	0.0	0.0406681190995
nto-	0.0	0.830188679245	0.169811320755	0.0
tsê-	0.446202531646	0.379746835443	0.120253164557	0.0537974683544
kuà-	0.420091324201	0.333333333333	0.173515981735	0.0730593607306
yèt-	0.30004842615	0.684842615012	0.0116222760291	0.00348668280872
mpf-	0.523493561646	0.232914608476	0.14653620229	0.0970556275885
wɨ̧-	0.0127519951621	0.0183046863679	0.00303945404401	0.965903864426
njɨ-	0.421520091343	0.51278742764	0.033325893549	0.0323665874678
èsè-	0.526679841897	0.160079051383	0.236166007905	0.0770750988142
àlɔ-	0.487546665181	0.289017663119	0.183874742297	0.0395609294032
tim-	0.0	1.0	0.0	0.0
zen-	0.0789473684211	0.921052631579	0.0	0.0
shi-	0.0	1.0	0.0	0.0
kùˈ-	0.337532588675	0.230039392116	0.274430602506	0.157997416703
èlo-	0.134259259259	0.831018518518	0.0277777777778	0.00694444444446
mol-	0.0	1.0	0.0	0.0
ngǒ-	0.118903531601	0.742118314579	0.13897815382	0.0
elo-	0.597748738517	0.0373099263879	0.327188783189	0.0377525519063
tes-	0.019372981981	0.0734298510572	0.0385376523279	0.868659514634
gùb-	0.0441241163496	0.932078607417	0.0208226167043	0.00297465952919
àbi-	0.0	0.977129304138	0.020329507433	0.00254118842912
èmè-	0.0	0.962264150943	0.0	0.0377358490566
efɨ-	0.724076806201	0.183438662938	0.0173408495365	0.0751436813247
ànɨ-	0.368253968254	0.377777777778	0.133333333333	0.120634920635
tìb-	0.0357001190004	0.951011503372	0.0	0.0132883776279
jon-	0.0	1.0	0.0	0.0
ghà-	0.564607250081	0.0801089947629	0.0230479032565	0.332235851899
ètɨ-	0.158347011683	0.549016768047	0.173875961508	0.118760258762
àsh-	0.802547770701	0.0828025477707	0.114649681529	0.0
bèb-	0.263370332997	0.703329969728	0.00302724520686	0.0302724520686
tea-	0.249150406659	0.442743136431	0.0977509641453	0.210355492764
àfà-	0.201608836801	0.671954356927	0.045394173599	0.0810426326732
àŋw-	0.117647058823	0.5	0.0294117647059	0.352941176471
seg-	0.0	1.0	0.0	0.0
tse-	0.551807668982	0.128225586163	0.0691757761204	0.250790968735
mil-	0.0184331797235	0.972350230415	0.0	0.00921658986175
bə̀-	0.477605339893	0.338732189992	0.133911913876	0.0497505562388
mbù-	0.554186111259	0.302542844466	0.0342888198594	0.108982224416
èyɔ-	0.259615384615	0.663461538462	0.0769230769231	0.0
dɨa-	0.376811594203	0.56884057971	0.00724637681159	0.0471014492754
lȩ̀-	0.640182909403	0.176621891969	0.130322949414	0.0528722492141
lɨ̧-	0.156021066917	0.356737062978	0.174940565064	0.312301305041
agh-	0.017170891251	0.451349141455	0.470155355683	0.0613246116108
kam-	0.122727272727	0.877272727273	0.0	0.0
lèn-	0.28781793842	0.153502900491	0.542614904061	0.0160642570281
beò-	0.0333333333333	0.966666666667	0.0	0.0
kɨk-	0.803921568627	0.117647058824	0.078431372549	0.0
ndǐ-	0.120119085039	0.771102704008	0.083271054705	0.025507156248
kem-	0.372693726937	0.588560885609	0.0332103321033	0.00553505535055
àgè-	0.0500596175724	0.216496565153	0.0486293427846	0.68481447449
èŋa-	0.405405405405	0.135135135135	0.324324324324	0.135135135135
ènt-	0.170725003532	0.637787497081	0.0245261360267	0.16696136336
tèf-	0.131455401967	0.84483380935	0.0135988346862	0.0101119539975
alf-	0.0	1.0	0.0	0.0
buu-	0.2734375	0.375	0.1640625	0.1875
lȩn-	0.0	1.0	0.0	0.0
bak-	0.175343727664	0.0842911471778	0.0283150756395	0.712050049519
epa-	0.562929061785	0.327231121281	0.0778032036613	0.0320366132723
fɔt-	0.372538293217	0.341903719912	0.101094091904	0.184463894967
tel-	0.0	1.0	0.0	0.0
eke-	0.733261917515	0.138189608998	0.102838778789	0.0257096946974
ntò-	0.505369536624	0.371975491354	0.0539526617441	0.0687023102784
mvə-	0.389002109478	0.303621867067	0.110908505846	0.196467517609
sòs-	0.0	1.0	0.0	0.0
pàt-	0.0	1.0	0.0	0.0
fik-	0.00188916876574	0.965365239295	0.0327455919395	0.0
mbə-	0.446202889884	0.216101320018	0.027655994596	0.310039795502
àlȩ-	0.158878729075	0.757693894435	0.0616079087931	0.0218194676975
ŋàa-	0.150268705003	0.199920678768	0.0577676788495	0.592042937379
pɔs-	0.20987654321	0.79012345679	0.0	0.0
kàw-	0.0519480519481	0.818181818182	0.103896103896	0.025974025974
aŋa-	0.273809523809	0.702380952381	0.0238095238095	0.0
jud-	0.0315482502651	0.935843054083	0.000795334040296	0.0318133616119
nyi-	0.674711056835	0.157532023215	0.0181880092211	0.149568910729
jàk-	0.00232243081092	0.99361331527	0.00290303851365	0.00116121540546
nùk-	0.382219110955	0.528526426321	0.0	0.0892544627231
ndò-	0.433805401066	0.405968694456	0.118341838197	0.0418840662806
kɔs-	0.0	1.0	0.0	0.0
bìa-	0.475195822454	0.281984334204	0.0939947780678	0.148825065274
and-	0.0	0.992764109986	0.00723589001446	0.0
èkù-	0.308629441624	0.542131979695	0.109644670051	0.0395939086295
ète-	0.108173512759	0.289413078213	0.0751595186055	0.527253890422
nkô-	0.183776022972	0.5944005743	0.10768126346	0.114142139268
tèp-	0.43720657277	0.477112676056	0.0434272300469	0.0422535211268
vìà-	0.142372881356	0.328813559322	0.0	0.528813559322
lid-	0.0387596899225	0.961240310078	0.0	0.0
gòm-	0.0	0.927710843374	0.0502008032128	0.0220883534136
pùt-	0.0	1.0	0.0	0.0
sà̧-	0.520445030682	0.275391409073	0.0808625336927	0.123301026553
mèe-	0.159930280761	0.101575749011	0.0826267194272	0.655867250801
gɔv-	0.0804865424431	0.876293995859	0.0108695652174	0.0323498964803
nɨ̌-	0.317617866005	0.432937181664	0.124069478908	0.125375473423
epà-	0.652777777778	0.236111111111	0.0277777777778	0.0833333333333
zàk-	0.0347467608952	0.922065174715	0.0235571260306	0.0196309383589
èmv-	0.166123778502	0.794788273616	0.0	0.0390879478827
bûˈ-	0.279613624809	0.52211489578	0.152516522623	0.045754956787
àkɔ-	0.0610889774237	0.836653386454	0.0557768924303	0.0464807436919
tal-	0.0143198090692	0.964200477327	0.0214797136038	0.0
bɔf-	0.0763532321142	0.875265260649	0.0162930011516	0.0320885060848
ŋàà-	0.426666666667	0.253333333333	0.32	0.0
dɨ̂-	0.416305290546	0.495229835213	0.0676496097137	0.0208152645273
nem-	0.138939046411	0.736237860524	0.051864233078	0.0729588599873
yèè-	0.403361344538	0.596638655462	0.0	0.0
mua-	0.447247706422	0.378440366972	0.133027522936	0.0412844036697
tɔɔ-	0.32961706253	0.524963645177	0.125060591372	0.020358700921
bɔt-	0.0866020438833	0.71765103697	0.162308385933	0.0334385332131
nga-	0.383858040584	0.0598564079956	0.021156485664	0.535129065756
àzi-	0.215150368829	0.144777283904	0.106393039531	0.533679307736
dɔk-	0.0	1.0	0.0	0.0
mpa-	0.623744292237	0.270319634703	0.0319634703196	0.0739726027397
èlù-	0.0	0.946188340807	0.0	0.0538116591928
kaà-	0.490909090909	0.163636363636	0.0	0.345454545455
wun-	0.0739436619718	0.904929577465	0.0211267605634	0.0
nyè-	0.0418330201973	0.797342257711	0.037625254423	0.123199467669
amì-	0.0	1.0	0.0	0.0
kùŋ-	0.730538115384	0.112778780775	0.051054045072	0.10562905877
ŋaa-	0.141842162077	0.447959804518	0.0477910148967	0.362407018508
àtɨ-	0.119394557858	0.835756724977	0.0294951022797	0.0153536148853
sèn-	0.319444444444	0.451388888889	0.0520833333333	0.177083333333
tɔs-	0.0093023255814	0.215503875969	0.0165374677003	0.758656330749
mɔɔ-	0.0816326530612	0.867346938776	0.0510204081633	0.0
ndɔ-	0.335019095727	0.312264344835	0.0364659964448	0.316250562994
yeà-	0.391447368421	0.310307017544	0.0263157894737	0.271929824561
paˈ-	0.388616175783	0.39662225339	0.116584852735	0.0981767180926
èsə-	0.402684563758	0.557046979866	0.0	0.0402684563758
yul-	0.0	1.0	0.0	0.0
àbù-	0.0560696205436	0.850633956839	0.0529189544683	0.0403774681492
awɨ-	0.0357536645128	0.0226520762624	0.0172463440505	0.924347915174
kèŋ-	0.168918918919	0.452702702703	0.297297297297	0.081081081081
ewu-	0.538346184127	0.213568938154	0.0868522012972	0.161232676422
nim-	0.0	1.0	0.0	0.0
yǔ̧-	0.414030557349	0.430600387347	0.113406498816	0.0419625564881
dɨ̌-	0.679841897233	0.186561264822	0.0371541501976	0.096442687747
avi-	0.304115452676	0.140681046439	0.0591850399349	0.49601846095
bèc-	0.00949251551661	0.971339905075	0.00328587075575	0.0158817086528
ese-	0.0	1.0	0.0	0.0
ape-	0.0384615384615	0.961538461538	0.0	0.0
ba--	0.0393258426966	0.910112359551	0.0337078651685	0.0168539325843
vȩn-	0.186361718788	0.745404255073	0.0	0.0682340261384
èbê-	0.215029425079	0.511543684925	0.162064282481	0.111362607515
èlə-	0.271838486607	0.688419044591	0.0302042762897	0.00953819251252
bàs-	0.0	1.0	0.0	0.0
lòo-	0.391304347826	0.461956521739	0.0163043478261	0.130434782609
têˈ-	0.246575342466	0.691780821918	0.041095890411	0.0205479452055
lo̧-	0.779991466714	0.138009430375	0.0335551884541	0.0484439144569
afɨ-	0.135263024414	0.0863622408799	0.014282472603	0.764092262103
jeb-	0.0	1.0	0.0	0.0
yes-	0.00231186293786	0.685840666416	0.00305110116234	0.308796369484
sàb-	0.445432525952	0.354740484429	0.117716262976	0.0821107266436
jol-	0.0	1.0	0.0	0.0
kan-	0.00925925925926	0.990740740741	0.0	0.0
àyo-	0.0	1.0	0.0	0.0
fȩt-	0.219811320755	0.749056603774	0.0198113207547	0.011320754717
yea-	0.239866818036	0.141055860346	0.0269626867545	0.592114634864
nju-	0.540131759539	0.240241559155	0.181581114466	0.0380455668405
asà-	0.00186133085156	0.980921358772	0.00418799441601	0.0130293159609
waj-	0.098355968549	0.781558255897	0.102072909221	0.0180128663331
tàˈ-	0.355208333333	0.152083333333	0.420833333333	0.071875
màf-	0.195026854842	0.678061106175	0.106991668307	0.0199203706758
emɨ-	0.606498194946	0.252707581227	0.0108303249097	0.129963898917
lò̧-	0.54696392557	0.211439901028	0.133324646816	0.108271526586
eyɔ-	0.294746629475	0.477917247792	0.196652719665	0.0306834030683
ken-	0.0263543191801	0.771595900439	0.175695461201	0.0263543191801
màk-	0.548865069357	0.328184110971	0.0699873896595	0.0529634300127
maŋ-	0.00320512820513	0.971153846154	0.025641025641	0.0
mem-	0.288151771865	0.189118243646	0.390287555184	0.132442429304
ala-	0.506346396966	0.428318584071	0.0326675094817	0.0326675094817
tàa-	0.207127484815	0.0360597010413	0.0188903260116	0.737922488132
tèg-	0.102387923302	0.389370836083	0.0806320409326	0.427609199682
eye-	0.7577474161	0.0940599573324	0.0179423616803	0.130250264887
èwȩ-	0.194572530048	0.790460352256	0.014967117696	0.0
lèo-	0.0	1.0	0.0	0.0
jìa-	0.629032258065	0.104838709677	0.266129032258	0.0
ŋɨ̀-	0.568965517241	0.431034482759	0.0	0.0
dza-	0.538210624417	0.113233923579	0.194780987884	0.153774464119
àko-	0.119598820864	0.193819639854	0.110120921149	0.576460618133
luu-	0.654556283502	0.216795711733	0.0446694460989	0.0839785586658
kua-	0.542015212921	0.120984647328	0.012976901116	0.324023238635
osì-	0.0	0.96	0.0	0.04
àtu-	0.264197099423	0.684431242356	0.0513716582212	0.0
fob-	0.2	0.8	0.0	0.0
ya̧-	0.0878861006117	0.0426109812868	0.0329031706723	0.836599747429
abu-	0.0186715543471	0.00546584628899	0.00532324427618	0.970539355088
fɨ̧-	0.734797535096	0.171276318185	0.0244388175516	0.0694873291676
èlè-	0.0966237227899	0.78009773434	0.0766326077299	0.0466459351399
wuà-	0.358158044343	0.334849346219	0.306992609437	0.0
bet-	0.184949809577	0.150709007851	0.170225964254	0.494115218318
àbɨ-	0.108388525289	0.657299410653	0.214812843364	0.0194992206944
sal-	0.0	0.99173553719	0.0	0.00826446280991
end-	0.0268987341772	0.303006329114	0.0991561181435	0.570938818565
jɨ̀-	0.590927178671	0.298050139276	0.0465578989256	0.0644647831278
isk-	0.0108499095841	0.989150090416	0.0	0.0
mbe-	0.317899488751	0.261127204975	0.10651467152	0.314458634754
bad-	0.168840082361	0.693891557996	0.100205902539	0.0370624571036
tàs-	0.295454545455	0.113636363636	0.0454545454545	0.545454545455
wùˈ-	0.409255441557	0.432561846773	0.135050100681	0.0231326109886
eme-	0.232604373757	0.564612326044	0.178926441352	0.0238568588469
tɔb-	0.122515792871	0.126204638724	0.0626642689169	0.688615299488
fə̌-	0.697204968944	0.200310559006	0.10248447205	0.0
mèd-	0.188164658792	0.69976062473	0.0922968253345	0.0197778911431
naz-	0.00462555066079	0.99140969163	0.00396475770924	0.0
èki-	0.309090909091	0.540909090909	0.15	0.0
kli-	0.00755269490592	0.976592444406	0.0032037343075	0.0126511263808
enɨ-	0.528206222636	0.15162097666	0.0372827865407	0.282890014163
àka-	0.260942096649	0.647921327496	0.0206147868611	0.0705217889934
edà-	0.351464435146	0.376569037657	0.125523012552	0.146443514644
àfa-	0.217973939132	0.63642551159	0.0588444258698	0.0867561234086
fɨˈ-	0.417340748231	0.27704752275	0.243174924166	0.0624368048534
tak-	0.0119496855346	0.97358490566	0.00377358490566	0.0106918238994
èpà-	0.145778247841	0.76679005817	0.0243257535695	0.0631059404195
lùù-	0.851641569983	0.0798744578058	0.00564234580527	0.0628416264062
sa̧-	0.658963755777	0.263682802238	0.0598394551204	0.0175139868645
lɔɔ-	0.375825991189	0.494768722467	0.0633259911894	0.0660792951541
nel-	0.0	1.0	0.0	0.0
bàl-	0.0415756215674	0.881769326168	0.0532687651332	0.0233862871316
noà-	0.0	1.0	0.0	0.0
àbɔ-	0.0716723549488	0.0955631399317	0.740614334471	0.0921501706484
nɔ̂-	0.0509715283753	0.137542219425	0.14770056635	0.663785685849
bef-	0.0332840236687	0.361686390533	0.236686390533	0.368343195266
nyǎ-	0.147457627119	0.0966101694916	0.721355932203	0.0345762711864
àmî-	0.207987220447	0.663194888179	0.0442811501597	0.0845367412141
èfɔ-	0.761904761905	0.174603174603	0.031746031746	0.031746031746
ela-	0.335740072202	0.487364620939	0.0685920577617	0.108303249097
sèm-	0.689297056047	0.264354990988	0.0411981804136	0.00514977255171
èli-	0.0344147084496	0.865046041532	0.0208420304506	0.0796972195676
wua-	0.518175966065	0.0366224325603	0.0345982821852	0.410603319189
itu-	0.0	1.0	0.0	0.0
jèl-	0.00797623458573	0.986470419291	0.00276595231602	0.00278739380684
àla-	0.100615774865	0.670823300186	0.0509530724408	0.177607852508
izə-	0.0304099257998	0.927827109435	0.0296800875806	0.0120828771845
fen-	0.168902310556	0.428506215324	0.200154505232	0.202436968888
tǎt-	0.03597174306	0.899195002848	0.00422170026647	0.0606115538257
efè-	0.0384615384615	0.0961538461539	0.75	0.115384615385
nyǐ-	0.645161290323	0.274193548387	0.0	0.0806451612903
kes-	0.469194312796	0.303317535545	0.113744075829	0.113744075829
wèa-	0.601503759398	0.172932330827	0.0	0.225563909774
sìm-	0.182389937107	0.723270440252	0.0754716981131	0.0188679245283
àbe-	0.0272373540856	0.92140077821	0.0	0.0513618677042
koo-	0.195492405683	0.24203821656	0.559039686428	0.00342969132778
ban-	0.0983659282313	0.760974096275	0.0805057734258	0.0601542020676
emù-	0.365079365079	0.428571428571	0.190476190476	0.015873015873
fìa-	0.165048543689	0.720873786408	0.0995145631067	0.0145631067961
job-	0.0416666666667	0.875	0.0416666666667	0.0416666666667
taw-	0.010752688172	0.989247311828	0.0	0.0
nts-	0.289765829386	0.249879941935	0.182770363261	0.277583865418
bòˈ-	0.12	0.72	0.12	0.04
man-	0.0919117647059	0.824054621849	0.0735294117647	0.0105042016807
dìò-	0.0	1.0	0.0	0.0
èpa-	0.00629921259843	0.981102362205	0.0125984251968	0.0
zeb-	0.00265327395054	0.988060267223	0.00530654790107	0.0039799109258
gôl-	0.0	0.704273162939	0.295726837061	0.0
kèa-	0.165253996246	0.637635815462	0.16127197224	0.0358382160533
amb-	0.0543535195201	0.458345619903	0.0142588870696	0.473041973508
lût-	0.0	1.0	0.0	0.0
sàa-	0.432614555256	0.303234501348	0.215633423181	0.0485175202156
nua-	0.577490774908	0.357011070111	0.00922509225093	0.0562730627306
ejì-	0.00282638905245	0.927220481899	0.0614739618908	0.00847916715736
etɨ-	0.454983465102	0.273668995423	0.0555178379799	0.215829701496
vìa-	0.413265306122	0.265306122449	0.183673469388	0.137755102041
yef-	0.0248275862069	0.0951724137931	0.0731034482759	0.806896551724
wak-	0.0655090477061	0.680387497715	0.160445987936	0.0936574666423
jop-	0.0757201646091	0.896296296296	0.0082304526749	0.0197530864197
ntâ-	0.0952380952381	0.84126984127	0.0634920634921	0.0
nɨ̧-	0.074810882646	0.513948751632	0.133418268228	0.277822097495
ive-	0.0388349514563	0.961165048544	0.0	0.0
jùd-	0.00331596399811	0.98720985315	0.00615821885363	0.00331596399811
àbâ-	0.0886562489827	0.355314577847	0.0586144628885	0.497414710281
isɔ-	0.0	0.924731182796	0.0752688172043	0.0
ant-	0.0140418759946	0.963179080725	0.0	0.0227790432802
ètǔ-	0.294815497318	0.598251660073	0.0131413998845	0.0937914427243
ètu-	0.28	0.54	0.18	0.0
èdz-	0.29990186005	0.555354101672	0.0408020037173	0.103942034561
enì-	0.0	1.0	0.0	0.0
ten-	0.332460732984	0.392670157068	0.188481675393	0.086387434555
ske-	0.0	0.795918367347	0.0	0.204081632653
èjɨ-	0.351955307263	0.446927374302	0.150837988827	0.0502793296089
ngò-	0.0875702405697	0.494161247715	0.233534525029	0.184733986686
bə̌-	0.560975609756	0.121951219512	0.268292682927	0.0487804878049
mbȩ-	0.0444700703253	0.93875149233	0.00612965834213	0.0106487790022
fâˈ-	0.10650887574	0.396449704142	0.355029585799	0.14201183432
sàà-	0.272504592774	0.51071647275	0.152480097979	0.0642988364972
foa-	0.186090225564	0.475563909775	0.214285714286	0.124060150376
èŋɔ-	0.154639175258	0.192439862543	0.639175257732	0.0137457044673
kub-	0.554790991792	0.287861785691	0.103663083803	0.0536841387131
lut-	0.526520051746	0.32212160414	0.143596377749	0.00776196636481
mpà-	0.535289154994	0.276644452615	0.0877239835828	0.100342408807
nda-	0.597487145615	0.244507008331	0.0889972302404	0.0690086158135
kaa-	0.49863375106	0.29558089136	0.0271365306699	0.17864882691
tàb-	0.0	1.0	0.0	0.0
ngǎ-	0.253012048193	0.746987951807	0.0	0.0
bàn-	0.0153720024595	0.976839516294	0.00430416068867	0.00348432055749
nàà-	0.67656257394	0.081909031073	0.0402963179653	0.201232077022
àlà-	0.0550666023691	0.899781834469	0.0221944339189	0.0229571292425
elɔ-	0.12768375962	0.786299862356	0.0528134829371	0.0332028950868
bìì-	0.921162935878	0.0273789351645	0.002675465977	0.0487826629805
èch-	0.173947264856	0.675718221173	0.120425029516	0.0299094844549
ayê-	0.185943647285	0.168068465432	0.0216421329995	0.624345754284
bia-	0.69963099631	0.241328413284	0.0324723247232	0.0265682656826
bla-	0.182341650672	0.669865642994	0.0902111324376	0.0575815738963
yɔ̀-	0.363097443498	0.252500926269	0.335309373842	0.0490922563912
sam-	0.00369003690037	0.940344403444	0.0559655596556	0.0
àpf-	0.090092426235	0.803626664691	0.0243386373444	0.0819422717296
atǒ-	0.0	0.878260869565	0.121739130435	0.0
èŋu-	0.0255883024903	0.907470870459	0.0450079963446	0.021932830706
pùù-	0.737439684403	0.155418622848	0.0403462441314	0.0667954486176
èvə-	0.127028083066	0.748651441129	0.0716827549675	0.0526377208372
àvə-	0.0	0.320754716981	0.679245283019	0.0
ewù-	0.335535099431	0.55062890872	0.0569179959244	0.0569179959244
tu̧-	0.680754834685	0.113600918732	0.0452560539897	0.160388192593
ànd-	0.0726516592864	0.869050224774	0.0201623086896	0.03813580725
sɔ̂-	0.0265245975969	0.953751983677	0.0	0.0197234187259
nkè-	0.539837398374	0.257235772358	0.0941463414634	0.108780487805
ŋɨˈ-	0.0805369127517	0.664429530201	0.255033557047	0.0
zay-	0.0490217157601	0.945818103634	0.0	0.00516018060633
mèg-	0.0647279549719	0.817073170732	0.0797373358349	0.0384615384616
boà-	0.0289855072463	0.971014492754	0.0	0.0
tuˈ-	0.648387096774	0.187096774194	0.0919354838709	0.0725806451613
nɨ̀-	0.552775559143	0.0914455877428	0.0518833249472	0.303895528167
bèà-	0.737208147044	0.190760059613	0.0422255340288	0.0298062593145
mȩk-	0.259541984733	0.5	0.103053435114	0.137404580153
èfì-	0.987179487179	0.0128205128205	0.0	0.0
ngo-	0.338951420073	0.474080013997	0.0656587158104	0.12130985012
tèˈ-	0.545132743363	0.287610619469	0.0902654867257	0.0769911504424
