-iok	0.111133260241	0.831057510216	0.0293032991129	0.0285059304296
-heu	0.315189873418	0.335021097046	0.0126582278481	0.337130801688
-hev	0.0774973018348	0.828666506775	0.0386737018827	0.0551624895071
-hep	0.66737887262	0.0784264437881	0.207220511531	0.0469741720606
-her	0.536782538399	0.285367825384	0.090541632983	0.0873080032336
-hes	0.49641025641	0.275897435897	0.123076923077	0.104615384615
-eum	0.145326116236	0.698278702163	0.0464186612056	0.109976520395
-hem	0.0244361685723	0.0375574569599	0.00660585734492	0.931400517123
-eun	0.708673864297	0.236202417325	0.0363315416581	0.0187921767197
-hei	0.109024300201	0.77678937828	0.0570727192414	0.0571136022781
-rbe	0.0642954856361	0.935704514364	0.0	0.0
-ois	0.0	0.962264150943	0.0377358490566	0.0
-hea	0.848002316155	0.0503763752172	0.017371163868	0.0842501447597
-ion	0.377438287337	0.516118752168	0.0485830181486	0.0578599423458
-aus	0.34693877551	0.612244897959	0.0	0.0408163265306
-aut	0.763725027529	0.114519427403	0.10571024068	0.0160453043889
-lti	0.289256198347	0.537190082645	0.123966942149	0.0495867768595
-plo	0.637079372077	0.281106224351	0.0478368370612	0.0339775665108
-nsi	0.518656424504	0.0867186668555	0.368328797941	0.0262961106988
-mul	0.181715267205	0.199476909864	0.0925166881368	0.526291134793
-auk	0.440114657577	0.559885342423	0.0	0.0
-aul	0.714281291601	0.218104702641	0.0676140057583	0.0
-pla	0.388524590164	0.226229508197	0.268852459016	0.116393442623
-put	0.0871641389515	0.813632847967	0.0881057268723	0.0110972862091
-pup	0.524020993137	0.107387969318	0.23052079128	0.138070246266
-pus	0.0148148148148	0.965432098765	0.0197530864198	0.0
-uak	0.484848484849	0.363636363636	0.0	0.151515151515
-kia	0.0233012857044	0.890902144232	0.0307339383266	0.055062631737
-pue	0.120437956204	0.857664233577	0.0	0.021897810219
-wat	0.794475665428	0.116316529205	0.00512513210507	0.084082673262
-eus	0.0113314447592	0.949008498584	0.0113314447592	0.028328611898
-pun	0.250833969158	0.460001533041	0.109868172355	0.179296325446
-neu	0.66299461855	0.14028638996	0.155998733776	0.0407202577137
-pre	0.0236904582405	0.957131551755	0.0180498729451	0.00112811705907
-nal	0.580234490183	0.21204745969	0.119585312771	0.088132737357
-iva	0.275647541192	0.676929225915	0.0414953287816	0.00592790411166
-opu	0.734759122478	0.119170984456	0.0603571822291	0.0857127108367
-pro	0.650965389444	0.0423814932154	0.295893358838	0.0107597585032
-kik	0.433638260311	0.36157920077	0.10752688172	0.0972556571979
-opo	0.237492630766	0.520644020248	0.154245695351	0.0876176536358
-opa	0.052266787865	0.923020111351	0.00596523122373	0.0187478695603
-ive	0.209100240691	0.741257256124	0.00451295483505	0.0451295483506
-imu	0.731166912851	0.233382570162	0.0354505169867	0.0
-oku	0.24775094697	0.42412405303	0.285866477273	0.0422585227273
-dek	0.0357261789277	0.923226721879	0.0228039439964	0.0182431551972
-400	0.378194207836	0.265758091993	0.03066439523	0.32538330494
-ima	0.434136134361	0.309572640098	0.180560944515	0.0757302810266
-lep	0.447926267281	0.393548387097	0.110599078341	0.0479262672811
-oko	0.0102129242442	0.514520643029	0.014560510443	0.460705922284
-des	0.037037037037	0.962962962963	0.0	0.0
-ime	0.43580142674	0.203482624619	0.125891310714	0.234824637926
-siu	0.428571428571	0.461538461538	0.0879120879121	0.021978021978
-siv	0.755244755245	0.143356643357	0.0961538461538	0.00524475524475
-imi	0.581272792258	0.271002469693	0.0827414400542	0.0649832979944
-oka	0.129793510324	0.702064896755	0.16814159292	0.0
-imo	0.119026149684	0.751127141569	0.07303877367	0.0568079350766
-lle	0.174521698553	0.10825944937	0.181987867476	0.535230984601
-let	0.0263286201853	0.961969770843	0.0	0.0117016089712
-llo	0.248083623693	0.385714285714	0.244599303136	0.121602787456
-ida	0.0152963671128	0.982791586998	0.0	0.0019120458891
-bia	0.0280504908836	0.938288920056	0.00841514726507	0.0252454417952
-bim	0.572104018913	0.263199369582	0.063829787234	0.100866824271
-430	0.545454545455	0.0454545454545	0.0	0.409090909091
-eno	0.416863765374	0.312795648061	0.0771050141912	0.193235572375
-ter	0.0347826086957	0.913043478261	0.0521739130434	0.0
-uta	0.0	1.0	0.0	0.0
-tet	0.351269531122	0.188727162586	0.174493398686	0.285509907607
-teu	0.532892175944	0.222265472947	0.0560529388868	0.188789412223
-ria	0.873224401087	0.110564701004	0.00266822632646	0.0135426715834
-rin	0.541532651396	0.24868948441	0.153777006115	0.0560008580791
-uth	0.210606989577	0.755364806867	0.023911710607	0.0101164929491
-rim	0.655370613613	0.170092784468	0.0445716224795	0.129964979439
-rik	0.264937471051	0.285780453914	0.392311255211	0.056970819824
-eru	0.433043935806	0.298605630097	0.0157853196527	0.252565114444
-tea	0.503170717458	0.171571149392	0.0120044399467	0.313253693203
-rit	0.356736705752	0.390668371381	0.215304297114	0.0372906257535
-riu	0.979166666667	0.0208333333333	0.0	0.0
-rir	0.160565189467	0.369781631342	0.431117533719	0.0385356454721
-ris	0.0587656753257	0.872543316857	0.0585365490773	0.0101544587404
-uti	0.0	0.981927710843	0.0180722891566	0.0
-gre	0.189977831789	0.674570044236	0.0523968081386	0.0830553158368
-tel	0.224374657571	0.137169750648	0.146502014556	0.491953577226
-aku	0.80487804878	0.0731707317073	0.121951219512	0.0
-ten	0.153409090909	0.426136363636	0.215909090909	0.204545454545
-teo	0.332589097264	0.144827247419	0.0184439263595	0.504139728957
-meu	0.0384420839656	0.185634800202	0.675771370764	0.100151745068
-are	0.106075002283	0.671100449468	0.153218433884	0.0696061143649
-pas	0.0728166816398	0.861813797343	0.0554399735212	0.00992954749635
-ara	0.186282395733	0.445101512725	0.335214902214	0.0334011893277
-mes	0.20208500401	0.617481956696	0.141940657578	0.0384923817162
-mer	0.0207034173111	0.965826889499	0.00224494886505	0.0112247443253
-lup	0.414732281028	0.411946765707	0.0943980191891	0.0789229340761
-pat	0.297609523208	0.541646945412	0.0716893926973	0.0890541386827
-lur	0.190348525469	0.680965147453	0.0214477211796	0.107238605898
-lus	0.0600686498856	0.857551487414	0.0772311212814	0.00514874141876
-lut	0.179665738162	0.349582172702	0.434540389972	0.0362116991643
-ari	0.586772160894	0.34926801535	0.0274790353911	0.0364807883641
-aru	0.736801405199	0.245003921742	0.0	0.0181946730593
-luk	0.216953299273	0.556127221703	0.170900194286	0.0560192847377
-mea	0.0	1.0	0.0	0.0
-lum	0.232804232804	0.449735449735	0.0	0.31746031746
-lun	0.0650860065086	0.830776383078	0.068340306834	0.0357973035797
-luo	0.188863652006	0.665565420882	0.110468717737	0.0351022093743
-mem	0.181636757172	0.190399090992	0.0563683575631	0.571595794273
-mel	0.0610918645845	0.599665292908	0.265106785639	0.074136056869
-men	0.631417963851	0.150047236522	0.0274757819712	0.191059017655
-mei	0.250877444309	0.561904591362	0.0316954372896	0.15552252704
-lue	0.0162270265847	0.9197109635	0.0414112912072	0.0226507187076
-mek	0.43177357711	0.408441793203	0.0340873876666	0.12569724202
-vuv	0.265765765766	0.481981981982	0.234234234234	0.018018018018
-vur	0.194239808081	0.102633818332	0.207416213202	0.495710160384
-vus	0.434990356951	0.179934002802	0.0735127250322	0.311562915215
-ila	0.0580464371497	0.901521216974	0.0248198558847	0.015612489992
-gok	0.0609756097561	0.890243902439	0.0365853658537	0.0121951219512
-num	0.154145191796	0.509976641491	0.0795531269788	0.256325039735
-vun	0.262981513301	0.698997063089	0.0190107118049	0.0190107118049
-mos	0.31556039173	0.278200943054	0.181686286148	0.224552379068
-vul	0.283783783784	0.581081081081	0.0	0.135135135135
-vum	0.210711150132	0.640913081651	0.017559262511	0.130816505707
-mor	0.227397260274	0.531506849315	0.104109589041	0.13698630137
-aua	0.036815920398	0.878606965174	0.032504145937	0.0520729684909
-sre	0.0363078830188	0.604814953759	0.350982726843	0.00789443637965
-ken	0.0398888597216	0.0396132425805	0.0131162070605	0.907381690637
-umu	0.17361735313	0.162425453236	0.0391072286796	0.624849964954
-ota	0.235054347826	0.724184782609	0.0326086956522	0.00815217391304
-ote	0.0981767180925	0.600881586856	0.199158485273	0.101783209778
-oth	0.324277679626	0.0718762731258	0.0233097554018	0.580536291847
-oti	0.0263600335159	0.951673271887	0.0143361585788	0.00763053601777
-oto	0.320388901524	0.581731862634	0.071014327951	0.0268649078918
-uma	0.304367402071	0.616389013958	0.031517334534	0.0477262494372
-otu	0.125375633713	0.630571448631	0.21408022938	0.0299726882762
-umo	0.701058201058	0.224747474748	0.036075036075	0.0381192881193
-sup	0.390243902439	0.577235772358	0.0	0.0325203252033
-umi	0.0377358490566	0.811320754717	0.0	0.150943396226
-ako	0.0695747394636	0.0199741513963	0.00307716731942	0.907373941821
-nak	0.194371727749	0.43390052356	0.304973821989	0.0667539267016
ALL	0.217307146837	0.301030896047	0.0568498892253	0.42481206789
-nai	0.0326975476839	0.91553133515	0.00817438692098	0.0435967302452
-nan	0.292054378302	0.578339160644	0.0844494587862	0.0451570022676
-kie	0.0792492179354	0.911366006257	0.0	0.00938477580813
-nam	0.0	1.0	0.0	0.0
-sis	0.662890382424	0.152040125974	0.0469339988049	0.138135492797
-ake	0.299871171648	0.0562769474335	0.0134243649016	0.630427516017
-sip	0.033278042712	0.907941115488	0.0460294422558	0.0127513995439
-kin	0.363827793599	0.553053621794	0.0185751123966	0.06454347221
-kim	0.0	1.0	0.0	0.0
-kil	0.074340527578	0.846522781775	0.068345323741	0.0107913669065
-kis	0.199511535306	0.703712120056	0.03660224835	0.0601740962874
-kir	0.247915590644	0.531284586439	0.174315649672	0.0464841732458
-sul	0.610492845787	0.205087440382	0.117647058823	0.0667726550079
-sin	0.0	0.952693823916	0.0	0.0473061760841
-kit	0.186241610738	0.803691275168	0.0	0.010067114094
-nas	0.0278293135436	0.920222634508	0.0333951762523	0.0185528756957
-sia	0.0492941967287	0.918440510867	0.0278960340578	0.00436925834641
-nat	0.00548533269735	0.993083710947	0.00143095635583	0.0
-nau	0.065655926167	0.906699473342	0.0148096074061	0.0128349930853
-nti	0.0985138004246	0.15966029724	0.580042462845	0.16178343949
-mou	0.258370596575	0.584578470935	0.126513251172	0.0305376813175
-mot	0.18842676311	0.780759493671	0.00607594936709	0.0247377938517
-gom	0.21737460624	0.285541994506	0.104280644672	0.392802754582
-gol	0.0385489769695	0.707620836216	0.252644064446	0.00118612236829
-goo	0.297991967871	0.187951807229	0.436947791165	0.077108433735
-gon	0.305765152636	0.448291167332	0.201558415939	0.0443852640923
-goa	0.601462522852	0.305301645338	0.0493601462523	0.0438756855576
-vlu	0.598548972189	0.369407496977	0.0272067714631	0.00483675937122
-god	0.0717375534181	0.851055597565	0.0181595662676	0.0590472827497
-las	0.151096492554	0.825202096849	0.00888802897377	0.0148133816229
-lki	0.0	1.0	0.0	0.0
-moa	0.450090744102	0.40108892922	0.0181488203267	0.130671506352
-gop	0.0660377358491	0.716981132075	0.216981132075	0.0
-moo	0.243243243243	0.418918918919	0.081081081081	0.256756756757
-mon	0.151892725762	0.782589844	0.0157917317049	0.0497256985331
-mom	0.228763603386	0.560194981862	0.1401904474	0.0708509673518
-mol	0.549478634226	0.232774483746	0.196278879575	0.0214680024535
-gou	0.555208333333	0.190625	0.164583333333	0.0895833333333
-gos	0.298241141983	0.569207239358	0.0662758093296	0.0662758093296
-gov	0.0101798439091	0.937337405271	0.0255627191494	0.0269200316706
-ber	0.0	1.0	0.0	0.0
-eor	0.0	1.0	0.0	0.0
-bet	0.0544580886278	0.942338494394	0.0	0.00320341697811
-eon	0.0832929782082	0.880387409201	0.0116222760291	0.0246973365618
-lpe	0.654822335025	0.152284263959	0.0406091370558	0.152284263959
-bei	0.0953895071542	0.675675675676	0.219395866455	0.00953895071544
-ben	0.0	0.704572098476	0.0	0.295427901524
-sua	0.0708619777895	0.82108231976	0.0803807509255	0.0276749515248
-bel	0.106491302503	0.878235044548	0.00509121764956	0.0101824352991
-lpo	0.193664206575	0.352095308902	0.351787041906	0.102453442617
-bea	0.0	0.595238095238	0.404761904762	0.0
-iso	0.572086248602	0.346242879809	0.0473378937238	0.0343329778657
-rek	0.512691181256	0.372600065083	0.0951838594208	0.0195248942401
-sil	0.457436730275	0.472188388144	0.0263905805928	0.043984300988
-reo	0.278590785908	0.689611562782	0.00975609756098	0.0220415537489
-rel	0.070645075851	0.459357390105	0.339309471403	0.130688062641
-rem	0.0800531574111	0.747796639954	0.0304373771284	0.141712825507
-ise	0.28611691972	0.599327211565	0.0736430584599	0.0409128102555
-rea	0.316320100819	0.274732199118	0.0554505356018	0.353497164461
-isa	0.460034979535	0.354050594111	0.0477813238132	0.13813310254
-ree	0.808988764045	0.191011235955	0.0	0.0
-eve	0.0522926698254	0.198413848626	0.0147496321982	0.734543849351
-eva	0.0	0.909090909091	0.0	0.0909090909091
-upa	0.388544891641	0.363777089783	0.247678018576	0.0
-rer	0.344403692687	0.107484258481	0.0314194040941	0.516692644737
-upo	0.248138957816	0.671515358946	0.023958244203	0.0563874390348
-isu	0.453465346535	0.504950495049	0.029702970297	0.0118811881188
-ret	0.00568655697931	0.986614719726	0.00349941967956	0.00419930361549
-reu	0.536165583092	0.377166049366	0.0255571098032	0.0611112577382
-jut	0.0377358490566	0.905660377358	0.0566037735849	0.0
-ava	0.232400712804	0.0991621413496	0.00730739858168	0.661129747265
-mas	0.0326576576577	0.96509009009	0.0	0.00225225225225
-mar	0.0	1.0	0.0	0.0
-hal	0.65106676548	0.162627273309	0.0877217191203	0.0985842420915
-ham	0.0169684554884	0.952687054291	0.0278985867264	0.00244590349382
-hap	0.0227272727273	0.977272727273	0.0	0.0
-har	0.681863344466	0.280924209769	0.0372124457654	0.0
-has	0.167766990291	0.832233009709	0.0	0.0
-hau	0.313144006032	0.358130183463	0.251319426992	0.0774063835135
-man	0.148248368472	0.731503320937	0.113302559799	0.00694575079223
-mae	0.00469667318983	0.0810176125244	0.055577299413	0.858708414873
-pua	0.363136176066	0.422283356259	0.165061898212	0.0495185694635
-uno	0.505743897068	0.363021168349	0.0440934175573	0.0871415170259
-ung	0.358893817356	0.415953390448	0.0660148241457	0.15913796805
-una	0.46492269551	0.398970668229	0.105901397548	0.0302052387129
-pta	0.0	1.0	0.0	0.0
-unu	0.526927955513	0.360114284994	0.0768462633721	0.0361114961212
-nki	0.0258294110895	0.974170588911	0.0	0.0
-tre	0.125744658082	0.801483965327	0.059929368958	0.0128420076339
-gae	0.179758308157	0.611782477341	0.163141993958	0.0453172205438
-tra	0.0	1.0	0.0	0.0
-ika	0.0535918588547	0.940988739688	0.0018064671524	0.00361293430481
-gaa	0.310344827586	0.6	0.0896551724138	0.0
-gan	0.156018966043	0.0550860842591	0.0156948230205	0.773200126677
-gal	0.596314389994	0.202355534584	0.102572553717	0.0987575217049
-gai	0.0	1.0	0.0	0.0
-adi	0.0	1.0	0.0	0.0
-lal	0.708061401131	0.195688318887	0.0460392124421	0.0502110675398
-gau	0.517073170732	0.239024390244	0.180487804878	0.0634146341463
-gat	0.186218531015	0.430443810018	0.154425123281	0.228912535687
-gar	0.059995200384	0.91408687305	0.0129589632829	0.0129589632829
-seo	0.243816254417	0.724381625442	0.0	0.0318021201414
-ini	0.347598664125	0.0370908878034	0.00602345250763	0.609286995564
-sem	0.135037810587	0.240547353259	0.0410514944185	0.583363341736
-sel	0.0217725692072	0.951827088778	0.00978443393524	0.0166159080792
-sek	0.40792126171	0.431993359421	0.0747065101387	0.08537886873
-sei	0.0678700772806	0.724669917586	0.0665868195169	0.140873185616
-ino	0.47725774555	0.319050758075	0.0375741595254	0.166117336849
-ina	0.621649854979	0.325288786947	0.00783972331259	0.0452216347617
-ine	0.323286759511	0.248495145491	0.134106076034	0.294112018964
-sea	0.503116976244	0.358862853045	0.0891547731952	0.0488653975157
-nou	0.16875085887	0.605881544593	0.208877284595	0.0164903119417
-800	0.0	0.58064516129	0.0	0.41935483871
-set	0.0	1.0	0.0	0.0
-ses	0.112048697585	0.77756591712	0.0570566793119	0.0533287059829
-inu	0.867315452172	0.0771421789699	0.0503204367434	0.00522193211488
-sep	0.0216088379175	0.956037191823	0.0197622055917	0.00259176466777
-kus	0.0319625195211	0.961166059344	0.00437272254035	0.00249869859448
-rse	0.137362637363	0.340659340659	0.192307692308	0.32967032967
-kup	0.571806750496	0.205823957644	0.182660489742	0.0397088021178
-iam	0.0352595494613	0.913809990206	0.0313418217434	0.0195886385896
-ial	0.389022467767	0.442347839398	0.0572577876722	0.111371905162
-net	0.0344965321907	0.951341733541	0.0	0.0141617342678
-ian	0.0842105263158	0.60701754386	0.308771929825	0.0
-ner	0.0	0.652173913044	0.0652173913043	0.282608695652
-nes	0.633935749856	0.151435327543	0.0459830220269	0.168645900574
-nen	0.156768480601	0.232366892685	0.0768325709466	0.534032055767
-neo	0.369614512472	0.473072562358	0.0960884353742	0.0612244897959
-nel	0.0279506048069	0.101953158486	0.0324849644244	0.837611272283
-aan	0.624355414518	0.21856406188	0.0737802459342	0.0833002776676
-nek	0.132911392405	0.669077757685	0.00542495479206	0.192585895118
-ias	0.0394279087746	0.9203710862	0.0344027831465	0.00579822187863
-nol	0.498689956332	0.362445414847	0.0943231441048	0.0445414847161
-kum	0.0694727063793	0.700470134791	0.0609309801851	0.169126178644
-kuk	0.702490951671	0.105428997232	0.169597615499	0.0224824355972
-aom	0.373961641052	0.457462212625	0.132300266734	0.0362758795885
-nea	0.457272727273	0.384545454545	0.0900000000001	0.0681818181818
-heo	0.609731373543	0.299036999493	0.0182463253928	0.0729853015712
-eka	0.0585186935931	0.88143070984	0.0294125370939	0.0306380594728
-hoa	0.697238535549	0.194052230414	0.0599775084344	0.0487317256029
-bak	0.0416666666667	0.916666666667	0.0416666666667	0.0
-eke	0.0519042666011	0.0813688697272	0.00900417585851	0.857722687813
-bai	0.582608695652	0.313043478261	0.0	0.104347826087
-eki	0.16122290655	0.465197796992	0.111833767618	0.26174552884
-hoi	0.0576541728891	0.297029157588	0.0131649815164	0.632151688006
-eko	0.053014111437	0.0966716232332	0.0120300902227	0.838284175107
-hoo	0.103448275862	0.0689655172414	0.793103448276	0.0344827586207
-hor	0.0	1.0	0.0	0.0
-hos	0.0312383785794	0.941985868353	0.00557828188918	0.0211974711789
-jon	0.0316177390749	0.940449733966	0.0152327854421	0.0126997415173
-upu	0.489361702128	0.276595744681	0.127659574468	0.106382978723
-eku	0.84036216345	0.138193948058	0.00714796283059	0.0142959256612
-iru	0.809932785661	0.152725914862	0.0201643017177	0.0171769977595
-gsa	0.780141843972	0.141843971631	0.0354609929078	0.0425531914894
-bas	0.0193012116089	0.968019160327	0.0101437024514	0.00253592561285
-dru	0.00292397660819	0.997076023392	0.0	0.0
-ase	0.617371100392	0.217428348747	0.144499744733	0.0207008061276
-isi	0.0705192629816	0.908040201005	0.0130653266332	0.00837520938023
-asa	0.0237885462555	0.846696035242	0.0105726872247	0.118942731277
-aso	0.243902439024	0.756097560976	0.0	0.0
-oru	0.707285671009	0.157603756438	0.0259012420479	0.109209330506
-dre	0.167474906958	0.761475132514	0.0270666516296	0.0439833088982
-mba	0.0544303797468	0.76835443038	0.00759493670885	0.169620253165
-asu	0.0770304214345	0.831984370639	0.0161875523304	0.0747976555959
-klu	0.215837487069	0.681382757185	0.0822238045975	0.0205559511494
-lta	0.332247557003	0.648208469055	0.0195439739413	0.0
-rat	0.277492291881	0.568345323741	0.123329907503	0.0308324768756
-rau	0.603015075377	0.226130653266	0.0402010050251	0.130653266332
-ras	0.132573057733	0.75623663578	0.0748396293656	0.0363506771205
-rap	0.489010989011	0.510989010989	0.0	0.0
-ran	0.144578313253	0.855421686747	0.0	0.0
-rao	0.312850310599	0.687149689401	0.0	0.0
-ral	0.561040433128	0.303287222825	0.108332352053	0.0273399919935
-ram	0.0	1.0	0.0	0.0
-rak	0.0189274447949	0.943217665615	0.0378548895899	0.0
-iwe	0.13112164297	0.533739562176	0.0169262017603	0.318212593094
-ero	0.342032590594	0.408225646647	0.0689335328963	0.180808229863
-era	0.468234931955	0.189378294832	0.131934379129	0.210452394084
-iwo	0.0900629703579	0.864383351252	0.013546306251	0.0320073721395
-ere	0.163878102243	0.690669090761	0.0519925691248	0.0934602378712
-por	0.093389296957	0.853095487933	0.0157397691501	0.0377754459601
-pos	0.0500556247226	0.809441705883	0.0901992445497	0.0503034248451
-pop	0.593777116648	0.328436841453	0.0130159910747	0.0647700508244
-pot	0.569552604197	0.183984879238	0.0676131097457	0.178849406819
-pou	0.0943143812708	0.645484949833	0.0963210702342	0.163879598662
-nro	0.17880794702	0.701986754967	0.0397350993377	0.0794701986755
-pok	0.208845208845	0.558558558559	0.168714168714	0.0638820638821
-poo	0.782052084638	0.0965005634155	0.0850340136055	0.0364133383415
-pol	0.741229207275	0.171284637282	0.0228737220738	0.0646124333695
-pom	0.258362923709	0.264882872974	0.404166918331	0.0725872849863
-nre	0.0951485683415	0.855451107509	0.0186061588331	0.0307941653161
-poa	0.256126507896	0.694167000006	0.0352087652363	0.014497726862
-nra	0.789023521026	0.165359942979	0.0456165359943	0.0
-ike	0.121693361768	0.15359136077	0.441353963428	0.283361314034
-500	0.102564102564	0.324786324786	0.139601139601	0.433048433048
-iko	0.329256032172	0.497654155496	0.116286863271	0.0568029490617
-lam	0.125208681135	0.837228714524	0.00417362270451	0.033388981636
-nor	0.0	1.0	0.0	0.0
-nos	0.614481409002	0.3385518591	0.0469667318982	0.0
-oun	0.576470588235	0.158823529412	0.0882352941176	0.176470588235
-iki	0.140772336126	0.753387722269	0.091762707993	0.0140772336125
-lak	0.506031701501	0.466615233553	0.0182353766307	0.00911768831535
-lat	0.0511250425232	0.89619478058	0.0337269767216	0.018953200175
-aal	0.343642611684	0.53264604811	0.0893470790378	0.0343642611684
-lav	0.360158311346	0.425241864556	0.152594547054	0.0620052770448
-nok	0.0728376327769	0.731411229135	0.182094081942	0.0136570561457
-iks	0.0205338809035	0.930869267625	0.0362765229295	0.0123203285421
-nom	0.139004149378	0.56846473029	0.0124481327801	0.280082987552
-non	0.0363636363636	0.927272727273	0.0363636363636	0.0
-out	0.719083969466	0.253435114504	0.0	0.0274809160305
-noa	0.0234215254972	0.958733502695	0.00892248590372	0.00892248590371
-gek	0.253006949884	0.329998558388	0.132363423391	0.284631068337
-dot	0.0392156862745	0.921568627451	0.0392156862745	0.0
-ovu	0.00880186138022	0.958579475858	0.0127713282772	0.0198473344848
-gen	0.0453463091418	0.819132415364	0.116885805984	0.0186354695103
-dop	0.579222206953	0.251339837845	0.0555173835371	0.113920571664
-aka	0.0383631713555	0.828303495311	0.133333333333	0.0
-don	0.0	1.0	0.0	0.0
-ger	0.305996924654	0.318426447975	0.102639671963	0.272936955407
-gep	0.0362606565461	0.916027953262	0.0419860233692	0.00572536682308
-dok	0.0	1.0	0.0	0.0
-get	0.0555555555556	0.944444444444	0.0	0.0
-sas	0.00720595690405	0.787155719254	0.0063350990262	0.199303224815
-sar	0.106076425141	0.866360409271	0.0144080183754	0.0131551472124
-vor	0.369525688045	0.264338767837	0.223749499183	0.142386044935
-vos	0.68	0.205714285714	0.114285714286	0.0
-sau	0.633941093969	0.252454417952	0.0294530154278	0.0841514726508
-sat	0.0	1.0	0.0	0.0
-ton	0.191342907241	0.304563305172	0.0260843102874	0.478009477299
-tol	0.0222929936306	0.767515923567	0.210191082802	0.0
-tom	0.446052073032	0.118033401049	0.192613395173	0.243301130745
-olu	0.351429897184	0.556011429409	0.0393191198378	0.0532395535692
-toi	0.706028933342	0.0418772063404	0.252093860317	0.0
-oli	0.0512416239653	0.934962554198	0.0137958218368	0.0
-tou	0.610894941634	0.225680933852	0.00778210116732	0.155642023346
-tor	0.702203686321	0.208358221691	0.0261327758341	0.0633053161533
-ibi	0.119402985075	0.880597014925	0.0	0.0
-olo	0.487110411422	0.223588048885	0.153290763875	0.136010775818
-sak	0.00529100529101	0.979894179894	0.0042328042328	0.010582010582
-ola	0.64314421271	0.174644606666	0.052340336706	0.129870843919
-vol	0.554820169473	0.327898437232	0.0553122606487	0.0619691326463
-vom	0.184466019417	0.68284789644	0.0647249190938	0.0679611650485
-sam	0.0	1.0	0.0	0.0
-sal	0.264859458226	0.554410764468	0.133159704653	0.0475700726534
-rot	0.031084136033	0.91117063102	0.0475476705327	0.010197562414
-rou	0.467682518419	0.2330877428	0.126925653048	0.172304085733
-rov	0.304140223633	0.429616198247	0.116953762466	0.149289815654
-lom	0.0663876898921	0.108557769174	0.0182517258652	0.806802815069
-iem	0.0	1.0	0.0	0.0
-lok	0.0998647256736	0.764114450827	0.060911148746	0.0751096747535
-ror	0.471760021877	0.348236054762	0.106726454476	0.0732774688855
-ros	0.0260134402775	0.012844136137	0.922122263169	0.0390201604162
-loe	0.133012820513	0.754807692308	0.0833333333333	0.0288461538461
-der	0.0	1.0	0.0	0.0
-loa	0.519199738296	0.384424696088	0.0623606601047	0.0340149055116
-roa	0.577762619372	0.31082310141	0.0409276944066	0.0704865848113
-rol	0.342857142857	0.216611295681	0.362790697674	0.0777408637874
-rom	0.0856660665919	0.6651687702	0.215595006488	0.0335701567196
-ron	0.0103305785124	0.973140495868	0.0165289256198	0.0
-roo	0.831877729258	0.128820960699	0.0262008733624	0.0131004366812
-lor	0.335227272727	0.426136363636	0.0170454545454	0.221590909091
-los	0.570014008448	0.295931105615	0.0513058228377	0.0827490630992
-rok	0.277844311377	0.269461077844	0.380838323353	0.0718562874252
-ipi	0.35000913862	0.608867072247	0.0301574453641	0.0109663437688
-vsa	0.46420393319	0.350417564655	0.123754040948	0.0616244612069
-ipa	0.00698080279232	0.989528795812	0.0	0.00349040139616
-mat	0.262237762238	0.653846153846	0.0839160839161	0.0
-ewo	0.0918525364038	0.632870844469	0.0525389015161	0.222737717611
-mai	0.00426318033252	0.0351623561177	0.0025756714509	0.957998792099
-tie	0.247536309965	0.262643949088	0.198442094866	0.291377646082
-toa	0.281415929204	0.697345132743	0.0	0.0212389380531
-mak	0.0321931589537	0.951710261569	0.0120724346076	0.00402414486922
-mal	0.413215517132	0.285794941283	0.20284648269	0.0981430588954
-nva	0.515301724138	0.0771551724138	0.0364224137931	0.371120689655
-276	0.0	0.212121212121	0.0	0.787878787879
-tok	0.181439619274	0.715942891136	0.0936942296252	0.00892325996431
-mpa	0.0	1.0	0.0	0.0
-ain	0.0335360954895	0.90960403994	0.023895328819	0.0329645357512
-rpo	0.392070484582	0.555066079295	0.0	0.0528634361233
-voa	0.4375	0.5625	0.0	0.0
-200	0.117050856579	0.569468113732	0.0739976679523	0.239483361736
-tik	0.392376681614	0.428251121076	0.0515695067264	0.127802690583
-mue	0.279069767442	0.186046511628	0.46511627907	0.0697674418604
-lek	0.130900843787	0.0777319299683	0.0225725396895	0.768794686555
-mua	0.279347826087	0.444565217391	0.236956521739	0.0391304347826
-lem	0.0550680906817	0.928216937309	0.00663040457379	0.0100845674356
-iom	0.247565680691	0.562649274297	0.0440933308837	0.145691714128
-leo	0.214285714286	0.703296703297	0.0824175824176	0.0
-mum	0.183087531043	0.174024348898	0.0258423147495	0.617045805309
-lea	0.197830248883	0.416081684748	0.20931716656	0.176770899808
-muo	0.778085939379	0.188304901505	0.0151516700934	0.0184574890229
-mun	0.0197662238643	0.0314026566551	0.12150476516	0.827326354321
-muu	0.184210526316	0.377192982456	0.122807017544	0.315789473684
-tiu	0.0	1.0	0.0	0.0
-mus	0.033693843594	0.930948419301	0.00374376039934	0.0316139767055
-ios	0.0285714285714	0.942857142857	0.0285714285714	0.0
-ior	0.578947368421	0.0394736842105	0.368421052632	0.0131578947368
-ler	0.0541841773505	0.0657706294782	0.034436754653	0.845608438518
-les	0.355047748977	0.316336971351	0.31429058663	0.0143246930423
-hre	0.0987654320988	0.680961663418	0.167641325536	0.0526315789474
-leu	0.041958041958	0.916083916084	0.0	0.041958041958
-iot	0.0	1.0	0.0	0.0
-eel	0.11178486686	0.835222778803	0.0498286316899	0.00316372264697
-rre	0.135202021518	0.678015994998	0.0375126996119	0.149269283872
-sao	0.490463215259	0.509536784741	0.0	0.0
-giu	0.763513513514	0.236486486486	0.0	0.0
-alu	0.362726494246	0.513878007537	0.0278522851372	0.0955432130791
-gir	0.847887323944	0.121126760563	0.0140845070423	0.0169014084507
-ole	0.0295222355825	0.0316343886644	0.0362169513504	0.902626424403
-alo	0.23705875142	0.562288795147	0.0428414002111	0.157811053222
-ali	0.0332958063608	0.732451449479	0.0916127216437	0.142640022516
-nda	0.0216027874564	0.905923344948	0.0557491289198	0.016724738676
-ale	0.62490955444	0.0740635880186	0.0314262398673	0.269600617674
-gia	0.0377358490566	0.918238993711	0.0314465408805	0.0125786163522
-ala	0.298251646424	0.43650447676	0.0449375139082	0.220306362908
-lon	0.0914664196022	0.633345817974	0.144887539672	0.130300222752
-120	0.0689655172414	0.0344827586207	0.0	0.896551724138
-loo	0.408740359897	0.182519280206	0.339331619537	0.0694087403599
-kpo	0.357142857143	0.607142857143	0.0	0.0357142857143
-lol	0.354355938076	0.334835239973	0.252214532978	0.0585942889732
-uvu	0.142033165105	0.706560922855	0.0663302090843	0.085075702956
-mla	0.0532257259692	0.929365026162	0.0107005886584	0.0067086592107
-gpo	0.459677419355	0.491935483871	0.0483870967742	0.0
-mlo	0.2	0.711111111111	0.0444444444444	0.0444444444444
-iel	0.083504186319	0.890499227374	0.0189066082232	0.00708997808369
-pee	0.0780900828922	0.605908199066	0.0970878155647	0.218913902478
-ieo	0.0675883256529	0.585253456221	0.073732718894	0.273425499232
-pel	0.0839890550447	0.0876323259934	0.115346018804	0.713032600158
-pen	0.0435139454109	0.551235990725	0.0524290897436	0.35282097412
-peo	0.585	0.295	0.06	0.06
-elu	0.504942894296	0.308442423171	0.113987596323	0.0726270862103
-pet	0.852474309453	0.073208949785	0.0246337730486	0.0496829677137
-153	0.0	0.0	0.0227272727273	0.977272727273
-eli	0.14035607241	0.740501091797	0.0633491175681	0.0557937182251
-elo	0.736754652488	0.156348904925	0.0481073553614	0.0587890872262
-per	0.478260869565	0.260869565217	0.0869565217391	0.173913043478
-pes	0.038596334576	0.926317868126	0.0202019022565	0.014883895041
-ela	0.646931225783	0.117367315745	0.0385143091265	0.197187149346
-ele	0.0869012273469	0.0453537582345	0.0165317912956	0.851213223123
-itu	0.760306787572	0.100487323422	0.0892398165855	0.04996607242
-100	0.161764705882	0.5	0.117647058824	0.220588235294
-esu	0.477336128219	0.0836390379335	0.0413365955214	0.397688238326
-ito	0.298831385643	0.378964941569	0.042570951586	0.279632721202
-esi	0.0805126272145	0.691820580475	0.202336977007	0.0253298153034
-uol	0.143312101911	0.691082802548	0.127388535032	0.0382165605095
-eso	0.738156794797	0.0661171649819	0.0140108559087	0.181715184312
-iti	0.0962138084632	0.832516703786	0.0445434298441	0.0267260579065
-esa	0.578130519255	0.194776516488	0.0579863137399	0.169106650517
-ita	0.196354310445	0.688923479701	0.0100447919357	0.104677417919
-spa	0.06	0.873333333333	0.0666666666667	0.0
-666	0.0344827586207	0.0	0.0	0.965517241379
-uda	0.0603463473509	0.736171193773	0.169851236083	0.0336312227933
-hue	0.0615451407467	0.916258251115	0.0158403067168	0.00635630142137
-ril	0.0	0.972727272727	0.0272727272727	0.0
-hum	0.0	1.0	0.0	0.0
-hun	0.467734622941	0.250056672208	0.0666276258123	0.215581079039
-huo	0.936488169365	0.0635118306351	0.0	0.0
-uok	0.260869565217	0.449275362319	0.231884057971	0.0579710144928
-huk	0.0714285714286	0.84693877551	0.0612244897959	0.0204081632653
-wop	0.112059814299	0.328161430745	0.019549206353	0.540229548603
-wor	0.225308641975	0.541666666667	0.0771604938271	0.155864197531
-hua	0.670531400966	0.215458937198	0.0347826086956	0.07922705314
-wot	0.484700220574	0.239101664327	0.0588530178464	0.217345097253
-wok	0.0457859061261	0.934902161402	0.00665046681161	0.0126614656606
-wom	0.429677565849	0.38782924614	0.0631244323343	0.119368755677
-wol	0.855587857481	0.0408356432966	0.0239334730579	0.0796430261645
-won	0.110337514128	0.749280419974	0.0391686141423	0.101213451756
-woa	0.476095815525	0.328844051287	0.124987575788	0.0700725573999
-huu	0.187820983125	0.743213499633	0.04402054292	0.0249449743214
-lot	0.133185538881	0.767905866303	0.0845839017736	0.0143246930423
-var	0.321834768979	0.105375969563	0.413787560116	0.159001701341
-lou	0.301894290634	0.194727778514	0.127169161478	0.376208769374
-vav	0.662429378531	0.169491525424	0.0586158192091	0.109463276836
-kom	0.342787962643	0.491179522657	0.140089934279	0.025942580422
-kol	0.507595852423	0.207137689896	0.0542560887388	0.231010368941
-tuk	0.0505807418509	0.59885100537	0.0404645934807	0.310103659298
-tum	0.238444070031	0.550582374918	0.0256391473152	0.185334407736
-tun	0.276779349145	0.586258607388	0.0587433866984	0.0782186567687
-aen	0.446733888645	0.300306882946	0.041209995616	0.211749232793
-tup	0.689655172414	0.310344827586	0.0	0.0
-sol	0.0452762167321	0.931184391899	0.0114515958011	0.0120877955678
-aes	0.741457124436	0.135826348592	0.067053513862	0.0556630131099
-son	0.0422535211268	0.953521126761	0.00422535211268	0.0
-tut	0.51664516129	0.48335483871	0.0	0.0
-oro	0.316359384963	0.168746381292	0.187793056297	0.327101177448
-kos	0.0093896713615	0.981220657277	0.0093896713615	0.0
-kor	0.33801184651	0.583762554726	0.0492531547772	0.0289724439866
-ora	0.325100605846	0.494958652103	0.0258700747358	0.154070667315
-soa	0.836363636364	0.109090909091	0.0545454545454	0.0
-val	0.38381795196	0.467509481669	0.0424778761062	0.106194690265
-ore	0.155209011945	0.699488934319	0.108150960451	0.0371510932847
-kre	0.0371618141869	0.829828157654	0.0520843925028	0.0809256356561
-lit	0.720137825421	0.251148545176	0.0126339969372	0.0160796324655
-rus	0.0712982921572	0.887415022384	0.0149228983585	0.0263637871
-rup	0.379246773769	0.496444561496	0.0721622333421	0.0521464313932
-utu	0.164190774042	0.783033620016	0.0469116497263	0.00586395621579
-lip	0.0428728920828	0.73033631402	0.19453404652	0.0322567473766
-omu	0.0488465462081	0.0698715228773	0.0144359827721	0.866845948143
-lis	0.189033742331	0.474364592463	0.170902716915	0.165698948291
-lil	0.231070319881	0.49777297881	0.233904710487	0.037251990822
-ruk	0.0644817479349	0.903543831601	0.0279776179057	0.00399680255796
-lio	0.0197044334975	0.911330049261	0.0591133004926	0.00985221674876
-omo	0.0217364412381	0.0226560151831	0.0105833368047	0.945024206774
-ruo	0.795918367347	0.183673469388	0.0	0.0204081632653
-lik	0.0422967346044	0.87573964497	0.0254218715757	0.0565417488495
-lie	0.0579292577708	0.182105701456	0.108133565429	0.651831475344
-oma	0.761273460776	0.0692967206897	0.0266265840253	0.142803234509
-rua	0.0141334977105	0.976840436774	0.00638429024304	0.00264177527298
-lia	0.101535836177	0.893344709898	0.00511945392494	0.0
-ome	0.0268826343578	0.0790964032429	0.00450231471304	0.889518647686
-ipo	0.314918533549	0.373038128966	0.181306481184	0.130736856301
-owo	0.078599366735	0.709815608121	0.0543862916745	0.15719873347
-144	0.0497237569061	0.0828729281768	0.0	0.867403314917
-lng	0.391304347826	0.434782608696	0.173913043478	0.0
-oda	0.0	0.983031674208	0.0169683257918	0.0
-rna	0.0	1.0	0.0	0.0
-kek	0.400857449089	0.376741693462	0.0771704180064	0.145230439443
-eam	0.0425055928412	0.948545861298	0.00671140939598	0.00223713646533
-eal	0.491537848385	0.335267919637	0.0658049648477	0.107389267131
-rni	0.0	1.0	0.0	0.0
-koe	0.0739835283341	0.454337350258	0.024773429364	0.446905692044
-res	0.57748485928	0.375667972925	0.0213751335946	0.0254720342002
-uro	0.197848703932	0.743960500794	0.0465526362193	0.0116381590548
-ura	0.806028833552	0.117955439056	0.0760157273919	0.0
-oik	0.207792207792	0.493506493506	0.298701298701	0.0
-ure	0.0656006560065	0.876998769988	0.0328003280033	0.0246002460025
-gti	0.113259668508	0.243093922652	0.0740331491713	0.569613259669
-kei	0.232987603713	0.633520712225	0.0306562636464	0.102835420416
-uru	0.315746451661	0.277550717099	0.267370141934	0.139332689307
-pai	0.0056338028169	0.988732394366	0.0	0.0056338028169
-dus	0.0640569395017	0.861209964413	0.0213523131673	0.0533807829181
-pal	0.57504758511	0.301296314001	0.0652502672589	0.0584058336303
-pan	0.210608424337	0.290171606864	0.0920436817472	0.407176287052
-apo	0.263317558549	0.229341099381	0.441693969179	0.0656473728916
-nua	0.478260869565	0.347826086957	0.0	0.173913043478
-wal	0.589004358029	0.253436138116	0.112638283607	0.0449212202481
-wak	0.0236686390532	0.92899408284	0.0355029585799	0.0118343195266
-pau	0.0932982917214	0.46517739816	0.181340341656	0.260183968463
-mir	0.122553759122	0.191920507905	0.0474648106632	0.63806092231
-nun	0.637905086786	0.362094913214	0.0	0.0
-nuo	0.566037735849	0.0188679245283	0.264150943396	0.150943396226
-aro	0.272758927419	0.022853383457	0.00376915211809	0.700618537006
-kea	0.344709897611	0.563139931741	0.0511945392491	0.0409556313993
-sen	0.0817636495625	0.590799679059	0.320559355061	0.00687731631834
-keo	0.662629757786	0.268166089965	0.0484429065744	0.0207612456747
-suv	0.181818181818	0.545454545455	0.272727272727	0.0
-kem	0.665616782732	0.248215678909	0.0543820614327	0.0317854769266
-kel	0.233983286908	0.699164345404	0.050139275766	0.016713091922
-sus	0.0100023261224	0.981623633403	0.00697836706211	0.00139567341242
-ual	0.390950500081	0.337777090988	0.184965043782	0.0863073651488
-sop	0.230428360413	0.698670605613	0.0620384047267	0.00886262924669
-sum	0.267175572519	0.519083969466	0.198473282443	0.0152671755725
-ket	0.0	1.0	0.0	0.0
-sos	0.430703624733	0.543710021322	0.0	0.0255863539445
-kep	0.154901960784	0.795098039216	0.0294117647059	0.0205882352941
-sue	0.378640776699	0.417475728155	0.203883495146	0.0
-sor	0.0	1.0	0.0	0.0
-nus	0.0120724346077	0.975855130785	0.0120724346076	0.0
-lel	0.420505166724	0.36152964076	0.087419744434	0.130545448083
-som	0.430593552992	0.412989175687	0.0184370167718	0.13798025455
-dia	0.0140333291567	0.976632001002	0.00613958150608	0.00319508833479
-psa	0.0421914000454	0.91685812344	0.0323881041525	0.00856237236215
-uvo	0.0	0.87610619469	0.12389380531	0.0
-tus	0.0565477888731	0.924051355207	0.00844507845934	0.0109557774608
-dis	0.0136054421769	0.986394557823	0.0	0.0
-lul	0.601769911504	0.309734513274	0.0884955752212	0.0
-sli	0.0	1.0	0.0	0.0
-kop	0.226595421512	0.595995977049	0.16643944917	0.0109691522691
-ovo	0.00896186040443	0.964995743874	0.000836440304415	0.0252059554176
-uku	0.348666271488	0.41351511559	0.186425607587	0.0513930053349
-vea	0.0989699955217	0.84460367219	0.0403045230632	0.0161218092252
-ven	0.143511450382	0.805597964377	0.00305343511451	0.0478371501272
-loi	0.0	0.964285714286	0.0178571428571	0.0178571428571
-vel	0.0632201897553	0.830576416099	0.0230671552012	0.0831362389448
-vek	0.073240589198	0.898936170213	0.00981996726677	0.0180032733224
-keu	0.938228176114	0.0300648046289	0.0029959388274	0.0287110804293
-ova	0.157403082068	0.0528574057799	0.0201436075815	0.769595904571
-tpo	0.623188405797	0.284057971014	0.0753623188406	0.0173913043478
-vet	0.20497003192	0.539576661614	0.105555649349	0.149897657117
-veu	0.703349282297	0.296650717703	0.0	0.0
-lua	0.0353479877718	0.258698040046	0.607249579821	0.0987043923613
-uki	0.347826086956	0.333333333333	0.231884057971	0.0869565217391
-ing	0.228437609718	0.624850223887	0.0719361961487	0.0747759702459
-uko	0.634146341463	0.268292682927	0.0243902439024	0.0731707317073
-tit	0.493150684931	0.239103362391	0.00996264009963	0.257783312578
-ait	0.436408977556	0.451371571072	0.067331670823	0.0448877805486
-vai	0.0596443844249	0.902543326581	0.0344361917623	0.00337609723161
-tip	0.442857142857	0.528571428571	0.0285714285714	0.0
-ngu	0.80494644085	0.0905837593576	0.0377641629245	0.0667056368679
-ais	0.0068234446617	0.975421383708	0.00597051407899	0.0117846575511
-tis	0.0168067226891	0.911764705882	0.0714285714286	0.0
-van	0.037037037037	0.962962962963	0.0	0.0
-uvi	0.0655737704918	0.901639344262	0.0327868852459	0.0
-nga	0.142975033346	0.40731883433	0.174917097652	0.274789034672
-aia	0.0243155509279	0.956452501991	0.00881974643229	0.0104122006492
-nge	0.0326105970025	0.0329200853088	0.0115542139147	0.922915103774
-aim	0.0357142857143	0.964285714286	0.0	0.0
-tim	0.752941176471	0.176470588235	0.0	0.0705882352941
-tio	0.523338048091	0.328147100424	0.148514851485	0.0
-ngo	0.415030881264	0.250876360184	0.131943067887	0.202149690666
-eme	0.00317628374801	0.996823716252	0.0	0.0
-ema	0.117775293313	0.837242251133	0.0153292166972	0.0296532388569
-emo	0.590384615385	0.147115384615	0.0173076923077	0.245192307692
-emi	0.279757152729	0.175260216209	0.028824990009	0.516157641053
-260	0.171428571429	0.0857142857143	0.0285714285714	0.714285714286
-emu	0.426229508197	0.25	0.0573770491803	0.266393442623
-ems	0.00152207001522	0.996448503298	0.00101471334348	0.00101471334348
-mme	0.00933955970646	0.079386257505	0.122081387592	0.789192795197
-oni	0.0817848966012	0.782532519655	0.041279615621	0.0944029681228
-eti	0.109134916237	0.755374914064	0.0607437185185	0.0747464511805
-ana	0.222338502521	0.725715916659	0.0131291028446	0.0388164779755
-the	0.555863752685	0.245337478621	0.0745988239523	0.124199944741
-ser	0.28032230704	0.544953350297	0.10941475827	0.0653095843935
-lre	0.0488937186277	0.910644695735	0.0171715462833	0.0232900393537
