-caa	0.73429767796	0.156452226875	0.0251237152646	0.084126379901
-hee	0.38309236578	0.437333087761	0.0359149092918	0.143659637167
-ufu	0.0240793201133	0.940509915014	0.0113314447592	0.0240793201133
-nsu	0.886363636364	0.0	0.113636363636	0.0
-oyi	0.876717849514	0.0869974072731	0.00822149679603	0.0280632464165
-ufa	0.0154672242154	0.973556036019	0.00598731259949	0.00498942716625
-nsa	0.03618501842	0.814654113794	0.112730249693	0.0364306180925
-yel	0.00936768149882	0.976580796253	0.00468384074941	0.00936768149882
-nti	0.327306951358	0.291068695027	0.030835206521	0.350789147094
-naŋ	0.524589476257	0.0771335855424	0.00757191693427	0.390705021266
-nto	0.159864997866	0.255827378007	0.0990628758263	0.485244748301
-pus	0.0238095238095	0.968253968254	0.00793650793652	0.0
-nta	0.417322312087	0.103367115888	0.110495527506	0.368815044518
-nte	0.140173974554	0.0199788974449	0.00277956324902	0.837067564752
-siŋ	0.234274932471	0.65408017148	0.0847425114585	0.02690238459
-ntu	0.617532487768	0.247654959643	0.0303530804949	0.104459472093
-eñe	0.293103448276	0.474137931034	0.172413793103	0.0603448275862
-eñi	0.174334140436	0.295399515738	0.486682808717	0.0435835351089
-opa	0.0356919223544	0.948027551659	0.0112711333751	0.00500939261115
-imu	0.0	0.994652406417	0.00534759358288	0.0
-dee	0.845340194397	0.13550600343	0.014008004574	0.00514579759862
-ima	0.019244614501	0.945809301159	0.0337326786335	0.00121340570624
-beŋ	0.288786240842	0.511686537258	0.0409378957087	0.158589326191
-oki	0.0348036253777	0.937160120846	0.00773413897281	0.0203021148036
-imi	0.634057971015	0.13768115942	0.141304347826	0.0869565217391
-yaŋ	0.59203606311	0.38317054846	0.00676183320812	0.0180315552216
-wuŋ	0.652752472004	0.222572522366	0.077384486253	0.0472905193769
-lla	0.00980289114089	0.964227471376	0.00820938451089	0.017760252972
-obi	0.0229885057471	0.816091954023	0.16091954023	0.0
-obo	0.699249732047	0.245659163987	0.0403001071811	0.0147909967846
-idi	0.499163413274	0.484104852203	0.00766871165644	0.00906302286671
-lli	0.0	0.978260869565	0.0217391304348	0.0
-ide	0.0	0.827868852459	0.172131147541	0.0
-ece	0.0714285714285	0.928571428571	0.0	0.0
-obe	0.118644067797	0.881355932203	0.0	0.0
-bii	0.11419507928	0.707599766733	0.0352539288336	0.142951225153
-tep	0.0350877192982	0.894736842105	0.0701754385965	0.0
-bba	0.0931677018633	0.807453416149	0.0	0.0993788819876
-uta	0.686969174694	0.123855611419	0.0661554573898	0.123019756497
-soŋ	0.646996943848	0.098260535749	0.132905239332	0.121837281071
-bbi	0.260869565217	0.45652173913	0.0	0.282608695652
-uti	0.0	1.0	0.0	0.0
-ñoo	0.0727976667827	0.259270390433	0.100059515704	0.567872427081
-uto	0.0848329048843	0.852613538989	0.0167095115681	0.0458440445587
-rii	0.112683860996	0.691448977512	0.00622070113458	0.189646460357
-maŋ	0.190226232243	0.0441089596855	0.00761000999504	0.758054798076
-tee	0.404515051734	0.497184558268	0.0514879318132	0.0468124581844
-utu	0.648126217989	0.219323286089	0.0889002464026	0.0436502495191
-tek	0.159857904085	0.101243339254	0.653641207815	0.0852575488454
-reŋ	0.166064480267	0.669260700389	0.0500277932184	0.114647026126
-ara	0.515259133105	0.21442455773	0.0749503543204	0.195365954845
-mes	0.0	0.90350877193	0.0964912280701	0.0
-jii	0.221954553269	0.413845100236	0.0941250237596	0.270075322735
-lus	0.0814046288907	0.892258579409	0.0191540303272	0.00718276137273
-ari	0.077274257683	0.133530934881	0.0298607670733	0.759334040362
-mee	0.132017404224	0.143266475645	0.184866815239	0.539849304892
-aya	0.0188861985472	0.966198547216	0.00174334140436	0.0131719128329
-ila	0.160018277169	0.571219848227	0.214805339822	0.0539565347822
-ayi	0.594385854947	0.197628466983	0.0205212306728	0.187464447397
-ubu	0.474509803922	0.413725490196	0.0176470588235	0.0941176470588
-ubi	0.466241299304	0.458584686775	0.0313225058005	0.0438515081206
-uba	0.00174638595129	0.99495488503	0.00145532162608	0.00184340739303
-ube	0.164877757901	0.747763864043	0.0582886106142	0.0290697674419
-nsi	0.643318965517	0.199353448276	0.0323275862069	0.125
-umu	0.0203258590095	0.964187772221	0.00774318438458	0.00774318438458
-ota	0.400409948555	0.0687471952879	0.0495424000027	0.481300456154
-ote	0.0	1.0	0.0	0.0
-oti	0.0824710424711	0.899305019305	0.0126640926641	0.00555984555984
-ali	0.105617265559	0.0464885959241	0.00915702485771	0.838737113659
-oto	0.600509154289	0.0851509474175	0.0278244861745	0.286515412119
-uma	0.226893433669	0.395557713315	0.0754983917951	0.302050461221
-umi	0.395975873245	0.230149441844	0.116852718761	0.257021966151
-ako	0.0730479037654	0.0336322869955	0.0191294754075	0.874190333832
ALL	0.217634108623	0.347299437756	0.0654701535472	0.369596300073
-aki	0.594013910452	0.239032812794	0.0845905885138	0.0823626882402
-sis	0.0	1.0	0.0	0.0
-ake	0.267026839033	0.0739051563667	0.144569551866	0.514498452734
-naa	0.414899416204	0.0569448468725	0.0367738519593	0.491381884964
-aka	0.024659312135	0.958468526931	0.00778715120052	0.00908500973394
-kis	0.0	1.0	0.0	0.0
-sii	0.559176009278	0.293764842326	0.0468879438891	0.100171204507
-nas	0.0183423913044	0.963315217391	0.0101902173913	0.00815217391304
-mos	0.0419580419581	0.937062937063	0.0	0.020979020979
-moo	0.0696020227798	0.6369369252	0.0347035029422	0.258757549078
-wus	0.201438848921	0.769784172662	0.0	0.0287769784173
-coo	0.271276595745	0.154255319149	0.031914893617	0.542553191489
-yas	0.0226914591869	0.958714150646	0.0154427986133	0.00315159155374
-deŋ	0.620599739244	0.179921773142	0.0430247718383	0.156453715776
-mfa	0.639018716738	0.144228089478	0.0546159400348	0.16213725375
-bet	0.0165441176471	0.915441176471	0.0477941176471	0.0202205882353
-kiŋ	0.558823529412	0.34520123839	0.030959752322	0.0650154798762
-yaa	0.155322986995	0.598119881662	0.157711385157	0.0888457461863
-mfu	0.373831775701	0.275700934579	0.266355140187	0.0841121495327
-bee	0.0908038285598	0.0995524896829	0.0603893419691	0.749254339788
-isi	0.0724145378861	0.74008914371	0.163855563628	0.0236407547763
-ise	0.00888888888889	0.991111111111	0.0	0.0
-isa	0.586599495099	0.382694033136	0.0201737618493	0.0105327099158
-ree	0.305084745763	0.379150220571	0.218713721848	0.097051311818
-luŋ	0.0865305643553	0.638918221284	0.0648832570691	0.209667957292
-res	0.106382978723	0.829787234043	0.031914893617	0.031914893617
-meŋ	0.108813899837	0.0446142368378	0.00667741637661	0.839894446949
-upi	0.771035719623	0.210133014497	0.00627708862653	0.0125541772531
-haa	0.258145050556	0.343902134565	0.0265884408938	0.371364373986
-too	0.160856511758	0.508952147995	0.223890815348	0.106300524899
-ñoŋ	0.0892240899478	0.125051022301	0.235815800215	0.549909087536
-mas	0.0317089452603	0.95126835781	0.0	0.0170226969292
-riŋ	0.32949019789	0.128614008245	0.0903058983628	0.451589895503
-maa	0.0704626206514	0.486154789066	0.268718255904	0.174664334379
-teŋ	0.28557048835	0.150156321814	0.234619420358	0.329653769478
-kii	0.985688946223	0.00725630895751	0.0	0.0070547448198
-nku	0.205497268707	0.633920055493	0.065724442903	0.094858232897
-uni	0.444034852547	0.498575737265	0.0322553619303	0.0251340482574
-una	0.186144156753	0.597620713786	0.0804758572428	0.135759272218
-boŋ	0.846685578271	0.0650820046301	0.0371710848088	0.0510613322899
-nke	0.10439711471	0.0905899027098	0.123030515451	0.68198246713
-nka	0.294847699836	0.489104485193	0.155703425272	0.0603443896988
-unu	0.549529067879	0.20168886002	0.200064956155	0.0487171159467
-nko	0.0232158211522	0.866380051591	0.0711951848667	0.0392089423904
-doŋ	0.585185185185	0.37037037037	0.0444444444445	0.0
-ada	0.115107913669	0.68345323741	0.158273381295	0.0431654676259
-adi	0.222007722008	0.69111969112	0.0868725868726	0.0
-adu	0.0	1.0	0.0	0.0
-uŋo	0.07703327885	0.805042955797	0.0738261377394	0.0440976276137
-ini	0.677956634129	0.240991845818	0.00957713819319	0.0714743818595
-loŋ	0.940576546549	0.0256373553905	0.0122819035545	0.0215041945065
-ina	0.15369245809	0.601258458214	0.0301289857004	0.214920097996
-see	0.718642099162	0.269437297298	0.00638603761103	0.00553456592956
-set	0.361111111111	0.180555555556	0.347222222222	0.111111111111
-roŋ	0.149145488866	0.0643043774421	0.0384979039653	0.748052229727
-kuu	0.316784002366	0.394752077417	0.116913881482	0.171550038735
-kut	0.0978260869565	0.804347826087	0.0978260869565	0.0
-kus	0.0207182320442	0.970994475138	0.00621546961326	0.00207182320442
-ede	0.0764145954522	0.861184558435	0.0409836065573	0.0214172395558
-edi	0.118932508219	0.875265906014	0.00580158576677	0.0
-ñaa	0.168409485102	0.389282945794	0.117922888598	0.324384680506
-toŋ	0.372400961929	0.467525013113	0.0155373242155	0.144536700743
-fuu	0.832899408284	0.00414201183432	0.12674556213	0.0362130177515
-fus	0.0	0.962264150943	0.0377358490566	0.0
-saŋ	0.408074228831	0.528634631928	0.0291262135923	0.0341649256483
-kum	0.0178571428571	0.767857142857	0.0714285714286	0.142857142857
-nee	0.639643587496	0.251387671633	0.0467426234298	0.0622261174408
-ban	0.117293233083	0.491729323308	0.351879699248	0.0390977443609
-eka	0.0542328042328	0.904761904762	0.0330687830688	0.0079365079365
-eke	0.274391102351	0.182598901872	0.12192031536	0.421089680417
-eki	0.0581101566448	0.915902692558	0.0151591712986	0.010827979499
-las	0.0488372093023	0.913289036545	0.0289036544851	0.00897009966779
-baa	0.0575340247435	0.303864887618	0.384817284242	0.253783803397
-joo	0.490610734845	0.374334818313	0.0445492098958	0.0905052369462
-bas	0.0251513113652	0.959112306658	0.00685944855414	0.00887693342299
-ase	0.0	1.0	0.0	0.0
-mbu	0.707319330064	0.227298210854	0.0178315797495	0.047550879332
-asa	0.344880677444	0.280061585835	0.218937644342	0.156120092379
-asi	0.527461424166	0.396812060069	0.0558576774703	0.0198688382948
-mba	0.758693094927	0.106830115707	0.00775122012373	0.126725569242
-mbe	0.2249014607	0.514954787851	0.203106886158	0.057036865291
-mbi	0.123135735025	0.121200537041	0.145020800402	0.610642927533
-lta	0.0	1.0	0.0	0.0
-yee	0.172932330827	0.631578947368	0.015037593985	0.18045112782
-iwu	0.4	0.0857142857143	0.185714285714	0.328571428571
-ras	0.0	1.0	0.0	0.0
-eri	0.179057295789	0.598680041029	0.18368962384	0.0385730393417
-ram	0.377446411929	0.261882572227	0.1761416589	0.184529356943
-koŋ	0.737231588939	0.225331399459	0.0226348982834	0.0148021133188
-era	0.0870967741935	0.68064516129	0.232258064516	0.0
-ere	0.129236499069	0.685884543762	0.141080074488	0.0437988826815
-raa	0.341792020929	0.529103989536	0.0769130150425	0.0521909744931
-añi	0.411830607215	0.36197624916	0.177235043693	0.0489580999328
-poo	0.170848277323	0.784137805298	0.0225069586893	0.0225069586892
-ike	0.346774193548	0.588709677419	0.0161290322581	0.0483870967741
-laa	0.249025327196	0.549317108631	0.0392886086813	0.162368955492
-ika	0.184973414914	0.705266251636	0.0286424239185	0.0811179095306
-iko	0.0236686390533	0.976331360947	0.0	0.0
-nor	0.0	1.0	0.0	0.0
-iki	0.286233530213	0.618355293049	0.0722398909586	0.0231712857792
-foo	0.170413331057	0.700835559805	0.0294074808812	0.0993436282562
-iku	0.0	1.0	0.0	0.0
-fos	0.0185185185185	0.981481481482	0.0	0.0
-noo	0.145660750504	0.543206044065	0.106719674758	0.204413530672
-nna	0.227926589995	0.292271374761	0.0578745131005	0.421927522143
-dos	0.046875	0.90625	0.046875	0.0
-boo	0.160354420241	0.731283585509	0.0707457332096	0.0376162610401
-doo	0.127144498619	0.330087615115	0.151279738153	0.391488148113
-ñaŋ	0.222372643402	0.138788608103	0.0911301644605	0.547708584035
-ibu	0.0769230769231	0.892307692308	0.0	0.0307692307692
-fuŋ	0.913043478261	0.0869565217391	0.0	0.0
-oli	0.32052238806	0.612686567164	0.0578358208956	0.0089552238806
-saa	0.100564667922	0.826028502286	0.0484001075558	0.0250067222372
-ibo	0.206359945873	0.4100135318	0.34100135318	0.0426251691475
-neŋ	0.601382488479	0.268433179723	0.0599078341014	0.0702764976959
-olo	0.0965909090909	0.815746753247	0.0876623376623	0.0
-ola	0.0718562874251	0.88502994012	0.0431137724551	0.0
-mpu	0.191770345892	0.74834387313	0.02852782005	0.031357960928
-kuŋ	0.145400568445	0.677453634593	0.0546517217823	0.12249407518
-loo	0.153548339458	0.589520093965	0.0967463331807	0.160185233396
-seŋ	0.0972281449893	0.355223880597	0.529637526652	0.0179104477612
-ñee	0.185050331977	0.709145427286	0.0301991861212	0.0756050546156
-roo	0.288361003359	0.58218764526	0.067337204308	0.0621141470732
-los	0.0227272727273	0.954545454545	0.0	0.0227272727273
-ewu	0.0841514726508	0.840112201963	0.00420757363254	0.0715287517532
-ipi	0.00290838584585	0.992729035385	0.0	0.00436257876878
-ipa	0.38648262732	0.602808186578	0.00856734888149	0.00214183722037
-ida	0.0306905370844	0.964194373402	0.0	0.00511508951405
-oke	0.394812680115	0.397694524496	0.129682997118	0.0778097982709
-ewa	0.0	0.961538461538	0.0	0.0384615384615
-ewo	0.0652511829711	0.790780734141	0.0628412485926	0.081126834295
-ewi	0.0524475524476	0.914585414585	0.026973026973	0.005994005994
-awo	0.144748937148	0.0517063081696	0.02642766862	0.777117086062
-baŋ	0.164686123716	0.073636479807	0.0441109964695	0.717566400008
-awa	0.418685767145	0.417480671798	0.0509704412177	0.112863119839
-oño	0.150158552509	0.661816825219	0.164148479761	0.0238761425107
-joŋ	0.263671875	0.515625	0.17578125	0.044921875
-awu	0.19079089534	0.385489447526	0.350248505366	0.0734711517684
-stu	0.00303028266961	0.990479134051	0.00318482036672	0.0033057629123
-olu	0.0857203969471	0.602429353763	0.0907954862029	0.221054763087
-ŋñe	0.951018161805	0.0489818381948	0.0	0.0
-eyu	0.00357710651828	0.920111287758	0.0	0.0763116057234
-eyi	0.409082346018	0.224696476066	0.211094021706	0.15512715621
-raŋ	0.12587720875	0.0648475532059	0.0129296744038	0.79634556364
-eya	0.00532166001459	0.98167460624	0.00939873825158	0.00360499549376
-ibi	0.199121522694	0.631039531479	0.169838945827	0.0
-aŋo	0.110003329916	0.498895371186	0.193840119397	0.197261179501
-lee	0.0881701019719	0.802785602303	0.0166885183023	0.0923557774227
-muk	0.184458250629	0.219467265539	0.0447658480058	0.551308635826
-muu	0.143915343915	0.107724867725	0.546878306878	0.201481481481
-mus	0.0115384615385	0.988461538462	0.0	0.0
-ibe	0.077406931964	0.738125802311	0.0119383825417	0.172528883184
-les	0.0384615384615	0.961538461538	0.0	0.0
-ifa	0.067007692608	0.907220117927	0.0257721894646	0.0
-alu	0.119131770453	0.6948218297	0.14255442292	0.0434919769276
-ndi	0.67493023093	0.149201756195	0.0767996108133	0.0990684020616
-ruŋ	0.193208990913	0.300972421489	0.264785589032	0.241032998565
-oŋo	0.116901525296	0.709433542542	0.0931647900268	0.0805001421355
-ifu	0.0190536678311	0.865671641791	0.107653223245	0.00762146713242
-ndo	0.110429447853	0.815950920246	0.0736196319018	0.0
-liŋ	0.122647965953	0.115714302105	0.0687430512946	0.692894680648
-nda	0.099150141643	0.827195467422	0.0623229461756	0.0113314447592
-nde	0.264705882353	0.676470588235	0.0588235294118	0.0
-ala	0.200479196922	0.22579301198	0.0416317687158	0.532096022381
-paŋ	0.261538461538	0.661538461539	0.0153846153846	0.0615384615384
-yos	0.0211267605634	0.93661971831	0.0422535211268	0.0
-yoo	0.205623432096	0.565432781676	0.169740410414	0.0592033758142
-yon	0.0583941605839	0.905109489051	0.00729927007301	0.029197080292
-duŋ	0.105456526684	0.0207623859474	0.0042985543124	0.869482533056
-waŋ	0.00465477114042	0.00465477114042	0.00930954228083	0.981380915438
-iyu	0.0417124039517	0.951701427003	0.00658616904502	0.0
-elu	0.0460793577084	0.0756480843695	0.172029602111	0.706242955811
-iyo	0.0760258121031	0.866371542	0.0271469437995	0.0304557020979
-eli	0.097388982624	0.840609623033	0.0500105586448	0.0119908356984
-ela	0.0	1.0	0.0	0.0
-iya	0.0287260025345	0.929477140944	0.0304737624391	0.0113230940828
-ele	0.487565374599	0.208929685987	0.0393323719949	0.264172567419
-esu	0.00583546781075	0.774617250673	0.00325648010182	0.216290801415
-diŋ	0.206909529334	0.495980353768	0.201818709608	0.0952914072897
-esi	0.170607129693	0.797798957401	0.0252751303249	0.00631878258122
-iti	0.53246306173	0.331201341533	0.0450335309829	0.0913020657539
-esa	0.0	1.0	0.0	0.0
-ite	0.0333465138573	0.0701672188925	0.00423387250577	0.892252394744
-feŋ	0.0952997390234	0.679292321216	0.0378979953998	0.18750994436
-ese	0.181926006162	0.697063151901	0.0857729218242	0.0352379201125
-ita	0.594802910921	0.217254497022	0.071009534454	0.116933057603
-faa	0.414623860065	0.417260660621	0.113835754825	0.0542797244887
-nuŋ	0.68415725999	0.0822692993938	0.0430753836348	0.190498056982
-keŋ	0.805432372506	0.123059866962	0.0149667405765	0.0565410199557
-nki	0.142299004945	0.438495818326	0.384591905256	0.0346132714731
-fas	0.0157190635452	0.965217391304	0.00200668896321	0.0170568561873
-uda	0.0102418207681	0.986059743954	0.00170697012802	0.00199146514936
-suŋ	0.0728857316415	0.160848069654	0.588586663067	0.177679535637
-udi	0.105156148341	0.644111906311	0.189980481457	0.0607514638907
-ril	0.0	1.0	0.0	0.0
-abu	0.285323277173	0.611276686333	0.0345477768992	0.0688522595949
-nju	0.0163934426229	0.139344262295	0.5	0.344262295082
-aba	0.0847945083514	0.227444839808	0.0255405145637	0.662220137277
-woo	0.122203224651	0.577848996045	0.258898461035	0.0410493182694
-njo	0.288461538462	0.519230769231	0.153846153846	0.0384615384615
-abo	0.743305123181	0.13526222367	0.0397148515684	0.081717801581
-abi	0.864456701556	0.118289461736	0.00189515826546	0.015358678443
-nji	0.00596347372344	0.978506646788	0.00658466890297	0.00894521058517
-tiŋ	0.639001349528	0.340755735493	0.0202429149798	0.0
-koo	0.155352590952	0.733475043369	0.0784867836053	0.0326855820739
-sos	0.214765100671	0.724832214765	0.0	0.0604026845637
-soo	0.116268157071	0.775705545159	0.0356412130602	0.0723850847105
-ori	0.501366443175	0.408372034722	0.0352746178334	0.0549869042696
-oro	0.0718156879363	0.390904833062	0.0356848138814	0.50159466512
-kos	0.0386869871044	0.912075029308	0.021101992966	0.0281359906214
-ora	0.266043853735	0.702654980898	0.013933031558	0.0173681338085
-ris	0.0	1.0	0.0	0.0
-jee	0.135830504176	0.0565469410209	0.0146927009779	0.792929853825
-rus	0.0295368620038	0.92084120983	0.0198487712665	0.0297731568998
-omu	0.0329594872969	0.893110551614	0.023346303502	0.0505836575875
-ruu	0.0394736842105	0.763157894737	0.0	0.197368421053
-uña	0.551107174491	0.201505757307	0.161204605846	0.086182462356
-ruk	0.68	0.32	0.0	0.0
-omo	0.937620985264	0.0558211195828	0.0014221941295	0.00513570102319
-lii	0.709401709402	0.239316239316	0.017094017094	0.034188034188
-oma	0.557942647051	0.223254577771	0.0436376321283	0.17516514305
-laŋ	0.437330186937	0.342024681346	0.0779102006256	0.142734931091
-ome	0.0764272559853	0.771639042357	0.117249846532	0.0346838551258
-leŋ	0.0674157303371	0.227528089888	0.60393258427	0.101123595506
-muŋ	0.0273211532442	0.0130418149569	0.000608618031324	0.959028413768
-oda	0.0204498977505	0.959100204499	0.0204498977505	0.0
-odi	0.0653568287163	0.867438206023	0.0368639000623	0.0303410651987
-uri	0.634354194407	0.236218375499	0.0703062583222	0.059121171771
-ura	0.316265031429	0.547604215074	0.0593305947444	0.0768001587526
-peŋ	0.831376734258	0.159551760939	0.000533617929561	0.008537886873
-uru	0.287010393932	0.536278199791	0.033667406663	0.143043999614
-dus	0.06106870229	0.839694656489	0.0381679389313	0.0610687022901
-was	0.00645161290322	0.993548387097	0.0	0.0
-duu	0.211055276382	0.688442211055	0.0301507537688	0.0703517587939
-api	0.685358255452	0.314641744548	0.0	0.0
-ñiŋ	0.039154432413	0.0153037542635	0.0139754478255	0.931566365498
-yoŋ	0.144706272818	0.643212744773	0.0623962827746	0.149684699635
-waa	0.223900337975	0.727602185942	0.0269741633108	0.0215233127727
-pas	0.0471158842889	0.924614585138	0.0282695305734	0.0
-kee	0.221016472262	0.603451966205	0.0565506948433	0.11898086669
-faŋ	0.184845052483	0.156448064628	0.137379334612	0.521327548277
-suu	0.320089535534	0.565752658086	0.035254616676	0.0789031897034
-sus	0.0025041736227	0.994156928214	0.00333889816361	0.0
-luu	0.524784574741	0.358635880714	0.0512285588049	0.0653509857407
-kes	0.391849529781	0.570532915361	0.0188087774295	0.0188087774294
-nus	0.0119760479042	0.97005988024	0.00598802395209	0.0119760479042
-fer	0.171764705882	0.409411764706	0.355294117647	0.0635294117647
-fes	0.15625	0.78125	0.03125	0.03125
-dii	0.775842298202	0.0387691947572	0.00700841148711	0.178380095554
-fee	0.31231830655	0.0593087481533	0.0190297664723	0.609343178825
-dis	0.0	0.986486486486	0.0	0.0135135135135
-uha	0.0274841437632	0.972515856237	0.0	0.0
-tuu	0.656766507257	0.277540062086	0.0330564644685	0.0326369661884
-uku	0.707352408548	0.144150670047	0.0880115900037	0.0604853314017
-tuŋ	0.0440868328748	0.0516641636732	0.0043443569718	0.89990464648
-afu	0.356642226484	0.377563778101	0.0961890262722	0.169604969142
-nnu	0.129813411458	0.0648299203204	0.00960703590604	0.795749632316
-afi	0.800922874094	0.0718523401451	0.0472423643155	0.0799824214459
-uka	0.261814375576	0.0695766056332	0.0286469810489	0.639962037742
-uke	0.36220706022	0.16968258677	0.0800949273212	0.38801542569
-ihu	0.0102967898243	0.97395517868	0.00121138703816	0.0145366444579
-afa	0.695188794154	0.218940316687	0.0630328867235	0.0228380024361
-uki	0.377483443709	0.484768211921	0.105960264901	0.0317880794702
-tii	0.101792357119	0.487103888124	0.385964076648	0.0251396781092
-eme	0.00528394937473	0.0378683038523	0.0492067785522	0.907640968221
-ema	0.304780393108	0.22284235218	0.0358596888565	0.436517565855
-uwa	0.035799522673	0.949880668258	0.0	0.0143198090692
-uwo	0.199533918266	0.381423141486	0.02233516155	0.396707778697
-emu	0.0538033395176	0.912337662338	0.0217996289425	0.0120593692022
-jaa	0.738734638143	0.131087847064	0.0878470641784	0.0423304506145
-das	0.0743412797992	0.888488080301	0.00611668757842	0.0310539523212
-mma	0.0989724980602	0.224889164074	0.0457007155677	0.630437622298
-eti	0.0396138955661	0.911074667326	0.0307775256666	0.0185339114416
-eŋo	0.14971988239	0.617862960903	0.168913898601	0.0635032581055
-etu	0.804878048781	0.0853658536585	0.109756097561	0.0
-eta	0.679569516188	0.1091300353	0.0620035866639	0.149296861848
-ete	0.254203531401	0.125380671457	0.54781394854	0.0726018486017
-lis	0.0316861561675	0.897019992456	0.00792153904187	0.063372312335
-atu	0.107909707391	0.0607021742266	0.00566054528968	0.825727573093
-bul	0.114942528736	0.880459770115	0.00459770114943	0.0
-iŋo	0.105628936079	0.545580122611	0.173049807507	0.175741133802
-ate	0.0459589032356	0.119832166887	0.0156541694272	0.81855476045
-wel	0.0	1.0	0.0	0.0
-bus	0.0	1.0	0.0	0.0
-ati	0.517881551908	0.248741299079	0.0478160535342	0.185561095479
-ose	0.0384615384615	0.951923076923	0.0	0.00961538461538
-nis	0.0833333333333	0.71875	0.0833333333333	0.114583333333
-uli	0.400534073416	0.0662263951416	0.0103408108455	0.522898720597
-osa	0.0	1.0	0.0	0.0
-kaa	0.814302461899	0.140914419695	0.0112543962485	0.0335287221571
-ula	0.350116009932	0.152694595382	0.027554404053	0.469634990634
-osi	0.480612343944	0.29752390813	0.0424314417908	0.179432306135
-nes	0.0	0.9625	0.0125	0.025
-daŋ	0.268708166959	0.618827382149	0.0428312889604	0.0696331619315
-kas	0.0495867768595	0.950413223141	0.0	0.0
-nii	0.0526533996683	0.0976368159204	0.014096185738	0.835613598673
-ulu	0.0978120168379	0.548527090513	0.0164302308939	0.337230661756
-aji	0.341329011345	0.493354943274	0.109886547812	0.0554294975689
-niŋ	0.0157043815606	0.00802053118844	0.00177312635618	0.974501960895
-fii	0.694712103408	0.29964747356	0.00564042303173	0.0
-miŋ	0.661656723268	0.328705828362	0.00413033501606	0.00550711335475
-ata	0.681204013266	0.0852721876577	0.137164071222	0.096359727855
-ato	0.121394559685	0.170434021126	0.025504898473	0.682666520716
-ilo	0.173553719008	0.760330578513	0.0	0.0661157024793
-yus	0.0366262750736	0.931745053741	0.0171150818101	0.0145135893749
-ili	0.167036884977	0.749417801114	0.0191407196496	0.0644045942593
-taŋ	0.0874005566785	0.132816125981	0.137577155768	0.642206161573
-eba	0.0230964467005	0.930710659898	0.0	0.046192893401
-amu	0.466068906815	0.51407347223	0.00394637571818	0.0159112452363
-ebe	0.819277108434	0.0843373493976	0.0963855421687	0.0
-ami	0.54613003096	0.364705882353	0.08173374613	0.00743034055728
-yiŋ	0.0634154520193	0.0609202826649	0.0311843946095	0.844479870706
-ama	0.257309326214	0.468120421396	0.0619599384478	0.212610313943
-ame	0.243192673199	0.59037864986	0.116007681323	0.0504209956177
-usi	0.510474993723	0.319888018026	0.00649673572026	0.163140252531
-iri	0.37767916589	0.476640950094	0.0892334580877	0.0564464259282
-ire	0.00361663652803	0.985533453888	0.0	0.0108499095841
-usa	0.120636070125	0.855858302405	0.00669865121753	0.016806976253
-ira	0.499959937191	0.401736692869	0.0501323268599	0.0481710430801
-usu	0.0936550793115	0.69493756328	0.100236247047	0.111171110361
-epu	0.709677419355	0.193548387097	0.0645161290323	0.0322580645161
-jaŋ	0.169061480735	0.116793657607	0.0541755617816	0.659969299876
-buŋ	0.215977201976	0.67545340499	0.0551365248502	0.0534328681834
-iin	0.0069468565474	0.0777613754776	0.0169329628343	0.898358805141
-owe	0.0446428571428	0.910714285714	0.0446428571428	0.0
-fiŋ	0.0769230769231	0.376068376068	0.547008547009	0.0
-iir	0.107142857143	0.702380952381	0.126984126984	0.0634920634921
-kaŋ	0.0492281845544	0.0265512073006	0.00760277958062	0.916617828564
--wo	0.364077669903	0.0291262135922	0.461165048544	0.145631067961
-one	0.0279069767442	0.944186046512	0.0	0.0279069767442
-anu	0.750538484871	0.146717449981	0.0585134362054	0.0442306289427
-ona	0.021978021978	0.978021978022	0.0	0.0
-ono	0.00839234550972	0.0111781070355	0.00382035468849	0.976609192766
-oni	0.0148367952522	0.978846549343	0.00293797925787	0.00337867614655
-ana	0.110032461593	0.326429030241	0.0500375607012	0.513500947465
-ane	0.24703087886	0.619952494062	0.133016627078	0.0
-ani	0.262520918996	0.232578863599	0.0826213945334	0.422278822871
-ank	0.237762237762	0.412587412587	0.041958041958	0.307692307692
-daa	0.171493169763	0.451586521948	0.154934505731	0.221985802558
-taa	0.662113177852	0.138099332373	0.0239438324198	0.175843657355
-yis	0.0	1.0	0.0	0.0
-iña	0.037471719457	0.949802036199	0.0127262443439	0.0
-tas	0.0	1.0	0.0	0.0
-tus	0.0184049079755	0.964756559196	0.00626550058739	0.0105730322412
-ens	0.0	1.0	0.0	0.0
-mis	0.0184672206833	0.962142197599	0.0193905817174	0.0
-eni	0.0711307333824	0.889624724062	0.00735835172922	0.0318861908266
-ene	0.288365011087	0.166098339017	0.00686045771121	0.538676192186
-ena	0.0224719101123	0.960674157303	0.0	0.0168539325843
