-can	0.451623621103	0.0966275060483	0.110684044513	0.341064828335
-eus	0.0798652349904	0.882516906222	0.00678672710086	0.0308311316868
-hel	0.203066242407	0.751807925947	0.0	0.0451258316459
-hem	0.0512820512821	0.901098901099	0.00439560439559	0.0432234432235
-hen	0.0253164556962	0.759493670886	0.215189873418	0.0
-hei	0.111111111111	0.87037037037	0.0185185185185	0.0
-rbe	0.0213675213675	0.978632478632	0.0	0.0
-lem	0.0348200617042	0.952446432748	0.00395644489628	0.00877706065148
-ufu	0.0973745449146	0.769639755721	0.0851023666789	0.0478833326855
-aus	0.191181502125	0.736504607913	0.0101981126869	0.062115777275
-bta	0.247232472325	0.726937269373	0.0258302583026	0.0
-aud	0.371851885774	0.134563775339	0.0148653757156	0.478718963172
-auf	0.568720379147	0.232227488152	0.142180094787	0.0568720379147
-ufo	0.0712727429884	0.602707383144	0.31331780086	0.0127020730078
-aum	0.276635134178	0.526544730839	0.0258715652049	0.170948569779
-nsa	0.405271828666	0.565074135091	0.0197693574959	0.00988467874794
-aun	0.00679059502589	0.935404464816	0.0232577879637	0.0345471521942
-mun	0.418397626113	0.356083086053	0.183976261128	0.0415430267062
-nto	0.236472945892	0.60120240481	0.0233800935204	0.138944555778
-pus	0.00911392405063	0.981012658228	0.00455696202531	0.0053164556962
-nta	0.122127872128	0.843406593407	0.0224775224775	0.011988011988
-mui	0.173798551679	0.753785385122	0.0724160631995	0.0
-kia	0.0549582947174	0.927988878591	0.0050046339203	0.0120481927711
-uan	0.166883166501	0.785435928784	0.0	0.0476809047146
-dlo	0.732142857143	0.178571428571	0.0178571428571	0.0714285714286
-leg	0.480929674076	0.33608904776	0.0806702044703	0.102311073694
-ntu	0.317010309278	0.665807560138	0.0	0.0171821305842
-yec	0.435195219824	0.331458754381	0.0908731437275	0.142472882068
-ban	0.0610260299263	0.0413282956728	0.00338377761349	0.894261896787
-car	0.144736842105	0.655572755418	0.19040247678	0.0092879256966
-nam	0.0	1.0	0.0	0.0
-rba	0.547132730855	0.232345307601	0.0590817575053	0.161440204039
-opo	0.0	0.964285714286	0.0357142857143	0.0
-opi	0.0366870483602	0.90772651473	0.035575319622	0.0200111172874
-sma	0.58202290003	0.266584469755	0.0636981136105	0.0876945166047
-gda	0.0493320779693	0.774202268977	0.0806353882151	0.0958302648383
-ope	0.086282306163	0.838966202783	0.00636182902583	0.0683896620278
-dea	0.0181007822449	0.949117700564	0.00609423321812	0.0266872839731
-deb	0.319282875149	0.250555039422	0.0516866304907	0.378475454939
-dec	0.635403684292	0.238855786796	0.0723456199955	0.0533949089171
-ded	0.540015540016	0.312354312354	0.0761460761461	0.071484071484
-das	0.0920057063402	0.890116835509	0.0021669646243	0.0157104935262
-lta	0.0816777041943	0.891832229581	0.0	0.0264900662251
-deg	0.0829356741223	0.867348742219	0.0215357827832	0.0281798008758
-deh	0.0924331347799	0.731024043981	0.0582040482538	0.118338772985
-dei	0.434134875489	0.401725755821	0.0564859503425	0.107653418347
-msi	0.258557647083	0.541145452697	0.08896020364	0.11133669658
-dem	0.179545002321	0.625124361611	0.167473635339	0.0278570007296
-den	0.493343973952	0.288800676438	0.0302176245778	0.187637725032
-ima	0.175953079179	0.762463343109	0.0263929618768	0.0351906158357
-der	0.146171429037	0.674144667951	0.160004237443	0.0196796655679
-des	0.0731257931419	0.82187658294	0.0336559275653	0.0713416963527
-det	0.609713689579	0.312391329547	0.0605077083575	0.0173872725165
-imo	0.480229744732	0.184010894641	0.0828597719587	0.252899588668
-ido	0.767427219243	0.13622647244	0.0343442676334	0.0620020406834
-eci	0.147330037081	0.330801235653	0.470424862621	0.0514438646449
-obi	0.0	0.393162393162	0.606837606838	0.0
-bir	0.409358343181	0.395716613403	0.102969666125	0.0919553772911
-obo	0.373037759864	0.51092490454	0.0553669919389	0.0606703436572
-idi	0.385813927326	0.303183710204	0.218641016987	0.0923613454832
-eca	0.389706976052	0.335043879221	0.234716644355	0.0405325003718
-oba	0.087389096504	0.0428458831151	0.0056987531379	0.864066267243
-ida	0.115286751305	0.647510048489	0.0375159465058	0.1996872537
-its	0.243080145097	0.112425620369	0.0958216954221	0.548672539112
-tlo	0.403604734577	0.293220946915	0.0684630559541	0.234711262554
-bia	0.115846090195	0.827885808854	0.0463384360778	0.0099296648738
-bin	0.317999981554	0.289877116625	0.0240110660137	0.368111835807
-bim	0.19010901356	0.755118319596	0.0281839936187	0.0265886732252
-bij	0.519188067324	0.175407187192	0.0244323796388	0.280972365846
-bih	0.462765957447	0.25	0.191489361702	0.095744680851
-rid	0.267370272647	0.363236587511	0.263852242744	0.105540897098
-uta	0.0	0.770833333333	0.0694444444444	0.159722222222
-rib	0.0	0.971428571429	0.0285714285714	0.0
-ria	0.0215779543462	0.932103850549	0.0431559086923	0.0031622864128
-rin	0.326359376703	0.0544840361774	0.0424975482184	0.576659038902
-rim	0.255607376522	0.432917483808	0.104566654032	0.206908485638
-rij	0.280512290643	0.576421383869	0.0795613283207	0.0635049971672
-uto	0.121359223301	0.842233009709	0.0218446601942	0.0145631067961
-rih	0.463952918097	0.359391858754	0.0927905836194	0.0838646395292
-eru	0.179474720913	0.578096094088	0.181370543305	0.0610586416943
-tea	0.0	1.0	0.0	0.0
-gra	0.575757575758	0.373737373737	0.030303030303	0.020202020202
-rir	0.394998263433	0.167526440339	0.0754510433719	0.362024252856
-ris	0.648536616534	0.265675080083	0.0367312773966	0.0490570259873
-teh	0.377843986999	0.521939328277	0.0636511375948	0.0365655471289
-tei	0.404535509929	0.272929989902	0.075563783238	0.24697071693
-gro	0.47001934236	0.487427466151	0.0425531914895	0.0
-ten	0.499096876514	0.235472928323	0.113220846733	0.152209348429
-jin	0.28278322926	0.481712756467	0.0321141837645	0.203389830508
-met	0.576090358932	0.300918196995	0.0292153589315	0.0937760851419
-jil	0.327315868603	0.563656461121	0.00648947845469	0.102538191821
-jim	0.246285744715	0.568400873316	0.112359550562	0.0729538314075
-ara	0.208463810664	0.124949587893	0.0249349107898	0.641651690653
-mes	0.204696903573	0.301723134618	0.0622099953925	0.431369966417
-mer	0.312641897462	0.390702145234	0.0620802497545	0.234575707549
-aro	0.190363583051	0.199699133925	0.0403327708834	0.569604512141
-ari	0.0354889976498	0.881368165609	0.0167655135216	0.0663773232199
-dum	0.162540827119	0.703916077404	0.0584065616082	0.075136533869
-aru	0.29003021148	0.673716012085	0.0181268882175	0.0181268882175
-meg	0.435409780058	0.347848278437	0.108197392049	0.108544549456
-mea	0.555555555556	0.277777777778	0.0666666666667	0.1
-wai	0.0536243064667	0.0725405608232	0.112698427653	0.761136705058
-mec	0.300790230918	0.463413722561	0.0956111661104	0.14018488041
-meb	0.341464095882	0.30090445418	0.0710524415566	0.286579008381
-mem	0.0476677428431	0.830079370261	0.00027207615778	0.121980810738
-men	0.0464660369512	0.0556108628329	0.00542410488162	0.892498995334
-mei	0.202916772455	0.600623282074	0.079843222471	0.116616723
-meh	0.188310892374	0.593551680679	0.0501458396482	0.167991587299
-luf	0.603638110104	0.0913489824098	0.0590862700366	0.24592663745
-aya	0.0180998487716	0.9440613537	0.00532628235003	0.0325125151783
-rah	0.0	1.0	0.0	0.0
-ero	0.185167723422	0.157432455883	0.0606681025859	0.596731718109
-mou	0.284886286632	0.463545974459	0.114862738849	0.13670500006
-rag	0.0890212362808	0.786430020361	0.0693130202583	0.0552357230994
-gom	0.288574013849	0.465745398241	0.112638957422	0.133041630488
-wun	0.463681892351	0.213241218946	0.146532820581	0.176544068122
-msa	0.420633163604	0.521806508745	0.0398494576046	0.0177108700465
-uba	0.531137724551	0.367065868263	0.0910179640719	0.0107784431138
-nsi	0.149282856864	0.755098058347	0.066347936384	0.0292711484047
-hwi	0.320873304664	0.389679126695	0.208402249421	0.0810453192193
-ija	0.567737915161	0.305488356189	0.0431849015831	0.0835888270669
-ums	0.412843105538	0.433618999529	0.105596094959	0.0479417999733
-igb	0.226230324826	0.773769675174	0.0	0.0
-oti	0.0630067418731	0.918016954809	0.0029156932114	0.0160606101061
-hwa	0.307814091784	0.54626655705	0.105171313885	0.0407480372817
-iji	0.424732792585	0.417102835647	0.0694503739675	0.0887139977997
-oto	0.473851923839	0.367591111523	0.064788035306	0.0937689293325
-iju	0.282051869558	0.331064801832	0.181797985966	0.205085342643
-uma	0.409276079702	0.344466323576	0.080186963213	0.166070633509
-umi	0.62779705604	0.172980371818	0.0405823758067	0.158640196335
ALL	0.211376587007	0.251546878136	0.0477720952578	0.489304439599
-nai	0.177496517662	0.0218243198002	0.00269119827097	0.797987964267
-nan	0.295015255333	0.333777787931	0.0773026375114	0.293904319225
-gdo	0.048730964467	0.951269035533	0.0	0.0
-sis	0.183293074682	0.747619759112	0.0377200045378	0.0313671616682
-sir	0.162453426322	0.683511285406	0.0725915385083	0.0814437497644
-ake	0.03	0.84	0.13	0.0
-kim	0.0	1.0	0.0	0.0
-aul	0.0655737704918	0.934426229508	0.0	0.0
-kis	0.0075901328273	0.984819734345	0.00759013282731	0.0
-sij	0.0802254057441	0.0706481989616	0.0260476057703	0.823078789524
-sih	0.18	0.56	0.2	0.06
-sin	0.481896008155	0.362697601362	0.0757835003337	0.0796228901484
-sim	0.294650475878	0.429012143092	0.0761404660322	0.200196914998
-nas	0.0430025928034	0.83178397521	0.111933219503	0.0132802124834
-sia	0.00279850746269	0.987639925373	0.00466417910448	0.0048973880597
-sig	0.129498740759	0.773824031197	0.0243724104314	0.0723048176131
-sid	0.521590953469	0.216545858678	0.109651334991	0.152211852862
-wui	0.273348519362	0.330296127563	0.0410022779043	0.355353075171
-mot	0.658703071673	0.300341296928	0.0273037542662	0.0136518771331
-mos	0.262234737333	0.401984222034	0.0905442143772	0.245236826257
-mor	0.452255858078	0.347884121628	0.0187537990486	0.181106221246
-wum	0.140703517588	0.35175879397	0.0201005025125	0.48743718593
-gon	0.395595090684	0.446982664433	0.10675395149	0.0506682933935
-igo	0.129856183277	0.287728820445	0.0999260541006	0.482488942177
-goc	0.08	0.855238095238	0.0304761904761	0.0342857142858
-gob	0.111111111111	0.333333333333	0.555555555556	0.0
-god	0.459166542938	0.316911564682	0.0595492007821	0.164372691598
-gog	0.111760883691	0.802469135802	0.0623781676413	0.0233918128655
-mog	0.229692071293	0.262583254108	0.212198114442	0.295526560157
-mod	0.176297644455	0.703669731367	0.0445188150218	0.0755138091561
-moc	0.18242335224	0.584464206242	0.023166247384	0.209946194134
-mob	0.287396079859	0.610655986407	0.059874183304	0.0420737504299
-wur	0.123711340206	0.154639175258	0.59793814433	0.123711340206
-mon	0.0344455011713	0.951049452061	0.0113171244015	0.00318792236662
-mom	0.386890461759	0.323108772444	0.209916469024	0.0800842967739
-gor	0.25053982848	0.21116716209	0.457020740925	0.081272268505
-gou	0.521594684385	0.328903654485	0.0498338870432	0.0996677740864
-gos	0.173852668046	0.603888390524	0.152738698828	0.0695202426016
-moi	0.0439172608909	0.0607985218973	0.31092121597	0.584363001241
-moh	0.333333333333	0.454545454545	0.151515151515	0.0606060606061
-yau	0.358024691358	0.510288065844	0.131687242798	0.0
-yas	0.712760277629	0.180459156434	0.074746396156	0.0320341697811
-ber	0.12208574831	0.417286191506	0.419066954376	0.0415611058078
-bes	0.282322110218	0.411467650351	0.188810041072	0.117400198358
-jlo	0.320415013732	0.324992371071	0.233750381446	0.12084223375
-ofu	0.411940298508	0.45671641791	0.0298507462686	0.101492537314
-eor	0.123076923077	0.876923076923	0.0	0.0
-bet	0.816265318365	0.0903247921844	0.0754134887309	0.0179964007199
-cob	0.120418959811	0.679718479569	0.00832312868208	0.191539431938
-yad	0.449686068217	0.358561004582	0.0839979636857	0.107754963516
-beh	0.535893754487	0.231155778894	0.0617372577172	0.171213208902
-bei	0.31331129532	0.464182670895	0.0822344145413	0.140271619243
-ben	0.467749015289	0.310714491781	0.0632293126631	0.158307180267
-yac	0.41717791411	0.319018404908	0.116564417178	0.147239263804
-bem	0.318093786063	0.325186753852	0.333998475366	0.0227209847188
-beb	0.187316198102	0.165593748932	0.0495038873949	0.59758616557
-bec	0.4706446168	0.347708267995	0.0543658666366	0.127281248568
-yan	0.368981688546	0.233164537863	0.070771338506	0.327082435084
-beg	0.406077348066	0.397099447514	0.130524861878	0.0662983425414
-bed	0.378337900499	0.413764901518	0.112309592907	0.0955876050761
-iso	0.379226797051	0.229993264565	0.275451211755	0.115328726629
-reh	0.0	1.0	0.0	0.0
-rei	0.321028186054	0.416233175165	0.189759866275	0.0729787725063
-ren	0.0225289236856	0.0230240823398	0.0226853328379	0.931761661137
-amo	0.271888424196	0.206255633996	0.0599457183187	0.461910223489
-isi	0.0713179484176	0.876497989892	0.00893661815888	0.0432474435315
-rem	0.197038562602	0.376358213195	0.0426106100419	0.383992614161
-reb	0.255378034973	0.470373631903	0.17989684237	0.0943514907536
-rec	0.0980562304755	0.644220756682	0.242103436307	0.0156195765359
-rea	0.0252656973333	0.924854925996	0.0283627828128	0.021516593858
-reg	0.166605654672	0.175251124959	0.047721970922	0.610421249447
-isa	0.38868500016	0.244035617182	0.0403532437042	0.326926138953
-rer	0.0	0.820399113082	0.0332594235033	0.146341463415
-res	0.264018465063	0.509867029467	0.116140839767	0.109973665702
-isu	0.0399147583128	0.203294658864	0.096099854548	0.660690728275
-nac	0.232198142415	0.0479876160991	0.0	0.719814241486
-jur	0.728133453562	0.184490532011	0.0436880072137	0.0436880072137
-jus	0.344083031227	0.374653521423	0.155030519451	0.126232927899
-hab	0.0936201111517	0.832243053432	0.0634057448423	0.0107310905739
-hac	0.583013435701	0.28310940499	0.0379078694818	0.0959692898272
-had	0.346041055718	0.478005865103	0.0	0.175953079179
-mas	0.0724447550943	0.735824506694	0.176030969407	0.0156997688048
-mar	0.0	1.0	0.0	0.0
-mau	0.756871035941	0.184989429176	0.0581395348837	0.0
-ham	0.0246436948362	0.928488426197	0.0314011448533	0.0154667341139
-han	0.188674409291	0.160752903484	0.645574689628	0.00499799759712
-mai	0.341653666147	0.517680707228	0.109464378575	0.0312012480499
-has	0.0	1.0	0.0	0.0
-hau	0.283485642162	0.348060212344	0.299262405491	0.0691917400042
-man	0.310865066727	0.101389966552	0.0210493861104	0.56669558061
-mac	0.498986471791	0.283016515145	0.0933779923732	0.124619020691
-mab	0.413625304136	0.485806974858	0.0583941605839	0.0421735604217
-cog	0.564451561249	0.231385108086	0.132105684548	0.0720576461169
-mag	0.434565434565	0.388111888112	0.0974025974025	0.07992007992
-uni	0.776742154273	0.0991493729998	0.00857946092038	0.115529011807
-ung	0.167450309895	0.708655695661	0.0813635392178	0.0425304552255
-una	0.213486268544	0.680790436046	0.0343230514336	0.0714002439761
-eij	0.456233478205	0.307869842423	0.0873307249399	0.148565954432
-coc	0.476134631172	0.354083819312	0.0638080109172	0.105973538599
-iri	0.237308464504	0.481280730269	0.218072247085	0.0633385581416
-gag	0.226772346984	0.442536327609	0.0660501981506	0.264641127257
-gad	0.210075860727	0.185956039681	0.43328146275	0.170686636841
-gac	0.534004867496	0.277785289346	0.1557598702	0.0324499729584
-gab	0.331662059952	0.468320798783	0.134344667995	0.0656724732703
-ada	0.349151353111	0.377615699186	0.121493885907	0.151739061796
-gan	0.46963929117	0.309174947582	0.11655536618	0.104630395069
-gam	0.12797670036	0.558506081891	0.251841699503	0.0616755182456
-lac	0.60947606727	0.119663648124	0.0881306597671	0.182729624838
-rlo	0.543093270366	0.442739079103	0.0141676505313	0.0
-gai	0.275441490683	0.0579633949255	0.00981890793659	0.656776206455
-adi	0.397769297127	0.425137565289	0.0333997954372	0.143693342148
-gau	0.467851131016	0.249824910612	0.158133362822	0.12419059555
-adu	0.708920187794	0.203442879499	0.0688575899843	0.018779342723
-gas	0.12696446635	0.31131153796	0.469782515349	0.091941480341
-gar	0.0616886106252	0.867415523432	0.0112788877636	0.0596169781788
-aat	0.0	1.0	0.0	0.0
-nor	0.0442151805453	0.918938835667	0.0147383935151	0.0221075902726
-ini	0.109672693675	0.0361520730621	0.00582771671547	0.848347516548
-sem	0.365078200476	0.462689160612	0.107366434985	0.0648662039263
-ohw	0.437940212316	0.32867723464	0.0673243386549	0.16605821439
-bel	0.043729443424	0.642065962582	0.0201828200419	0.294021773952
-sei	0.232169194742	0.575812322742	0.0322265656178	0.159791916898
-ino	0.257780382406	0.295481685901	0.0779999609338	0.36873797076
-seg	0.0	1.0	0.0	0.0
-ina	0.17529732906	0.519214307544	0.0323983695765	0.273089993819
-sed	0.436364120876	0.291291371316	0.104993870916	0.167350636892
-seb	0.250999905669	0.654865197014	0.0519008555672	0.0422340417495
-sea	0.052405907575	0.885659838018	0.0	0.0619342544069
-ing	0.175892474143	0.711071922215	0.0840570039559	0.0289785996854
-oum	0.259756579459	0.201704508794	0.0908709798589	0.447667931888
-hec	0.505050505051	0.381313131313	0.0378787878788	0.0757575757576
-ins	0.188283600593	0.569690241496	0.060582571822	0.181443586089
-ses	0.446965926811	0.43359543479	0.0676818950931	0.0517567433065
-ser	0.386258945203	0.509226544581	0.066340770669	0.038173739547
-aos	0.451615460181	0.341259132687	0.121117127772	0.0860082793607
-rsa	0.359383691178	0.421515185226	0.130159083324	0.0889420402715
-blo	0.452524123088	0.413401739006	0.102324770014	0.0317493678921
-eda	0.392271274441	0.325937514646	0.0482559369877	0.233535273926
-kus	0.0590535577457	0.887837873543	0.0206092953206	0.0324992733902
-lau	0.339771729587	0.62335381914	0.0105355575066	0.0263388937665
-iam	0.0197485179731	0.816258261236	0.000310837113951	0.163682383677
-rsi	0.078947368421	0.5	0.421052631579	0.0
-edi	0.29181684024	0.486409730291	0.166689316319	0.0550841131513
-ner	0.14658750412	0.729428522607	0.0807825868542	0.0432013864184
-nes	0.0375132512668	0.914901657844	0.0259402590365	0.0216448318525
-yah	0.443708609272	0.258278145695	0.238410596027	0.0596026490066
-nen	0.302649930265	0.576011157601	0.0418410041841	0.0794979079497
-aob	0.75	0.102564102564	0.051282051282	0.0961538461539
-nem	0.25069637883	0.356117420184	0.303192629098	0.0899935718877
-kub	0.00180886343081	0.995477841423	0.000904431715405	0.00180886343081
-neh	0.335134381548	0.474700491357	0.0959690921309	0.0941960349634
-aod	0.32854356978	0.560838077185	0.0202828721282	0.0903354809073
-neg	0.313131655111	0.484907989382	0.102822128666	0.0991382268408
-kum	0.103269812544	0.801404206647	0.0476629904047	0.0476629904047
-mta	0.07009693617	0.295292135038	0.534138653615	0.100472275177
-hob	0.333091626492	0.225038175396	0.0564088133642	0.385461384748
-gga	0.137219785906	0.0544852628394	0.0110603852938	0.797234565961
-jou	0.0537832849987	0.680991299763	0.236751911416	0.0284735038228
-bad	0.608436349571	0.269912093932	0.0282996067985	0.0933519496987
-hoi	0.334577588177	0.601432162718	0.0342804905919	0.029709758513
-hon	0.339498104526	0.278725477377	0.317828863627	0.0639475544696
-jor	0.179836512262	0.234332425068	0.58583106267	0.0
-hom	0.104253692735	0.097042561966	0.0121466650488	0.78655708025
-hor	0.0	1.0	0.0	0.0
-hos	0.0632632240841	0.83298569294	0.0356667961869	0.0680842867891
-tda	0.624257616111	0.103570563856	0.0153817669092	0.256790053124
-gwo	0.418007413348	0.175855083514	0.0281534212058	0.377984081932
-bau	0.515759312321	0.406876790831	0.0773638968481	0.0
-gsa	0.351421188631	0.227390180879	0.219638242894	0.201550387597
-bas	0.0449378739071	0.905154164749	0.0286470317533	0.0212609295904
-ase	0.640316205534	0.312252964427	0.0474308300395	0.0
-nya	0.291936165203	0.292304286239	0.178404565051	0.237354983507
-asa	0.488405729163	0.297564942056	0.0469874485439	0.167041880237
-yes	0.559286542267	0.17530431021	0.107769577554	0.157639569969
-yer	0.429752066116	0.553719008264	0.0165289256198	0.0
-yet	0.722000817494	0.185775597793	0.00843041079092	0.0837931739219
-asi	0.156432246998	0.766380789022	0.0	0.0771869639794
-yei	0.312148739982	0.380122358394	0.114158620614	0.19357028101
-mba	0.0228578045391	0.967719430292	0.000607920333486	0.00881484483557
-dra	0.263335204941	0.667602470522	0.042111173498	0.0269511510387
-yen	0.0912626487868	0.0348666908164	0.00729663186343	0.866574028533
-dro	0.431757077337	0.39656808477	0.0506879645737	0.12098687332
-yeb	0.255485310524	0.657493492004	0.0825585719598	0.00446262551134
-yed	0.312830213293	0.369838888526	0.263681429783	0.0536494683974
-yeg	0.624451284121	0.281699379383	0.0229577677986	0.0708915686967
-cbo	0.146884272997	0.73293768546	0.120178041543	0.0
-cec	0.250874757734	0.360139919089	0.0399532994225	0.349032023755
-ers	0.141628545288	0.781701738335	0.0225068618481	0.0541628545288
-ras	0.0	1.0	0.0	0.0
-cba	0.729967166563	0.146330641583	0.0784452923951	0.0452568994587
-ran	0.177378688503	0.266492715221	0.0250747735857	0.53105382269
-eri	0.0886017229954	0.847779986746	0.039098740888	0.0245195493705
-ram	0.0	1.0	0.0	0.0
-red	0.239161927054	0.694787972207	0.00737880982794	0.0586712909111
-iwe	0.0	1.0	0.0	0.0
-rai	0.0301849898954	0.438280452678	0.00518379612506	0.526350761302
-era	0.142430267717	0.344438844439	0.0577384205281	0.455392467317
-rad	0.307825558964	0.513415021534	0.0352116653321	0.14354775417
-rab	0.361889184216	0.58904109589	0.0490697198937	0.0
-rac	0.630200450699	0.218888672144	0.0666031245555	0.0843077526018
-aho	0.610298102981	0.231978319783	0.0991869918698	0.0585365853658
-ugt	0.0914491433506	0.733094478703	0.0374096112646	0.138046766681
-gem	0.023044545984	0.0914756795379	0.158513812918	0.72696596156
-pos	0.0	1.0	0.0	0.0
-ata	0.243616596848	0.556153999601	0.0952523439059	0.104977059645
-bsa	0.389563601575	0.454952122643	0.0286439501511	0.126840325631
-ugb	0.167495546881	0.16031674078	0.0621845087389	0.610003203601
-uga	0.339358799454	0.412517053206	0.18673260573	0.0613915416098
-ugo	0.171364985163	0.604228486647	0.22440652819	0.0
-bsi	0.361171366594	0.420824295011	0.0618221258134	0.156182212581
-lad	0.540243300805	0.30075685562	0.125139879914	0.0338599636613
-oua	0.0664268468243	0.0348874392372	0.0216863816015	0.876999332337
-lag	0.335911815896	0.309417907561	0.131502610714	0.223167665829
-ouf	0.182231787128	0.617688403609	0.137802430603	0.0622773786612
-lab	0.681253107907	0.229239184485	0.0	0.0895077076081
-oud	0.5640625	0.4078125	0.009375	0.01875
-iko	0.0625205659756	0.937479434024	0.0	0.0
-lam	0.00409836065574	0.963114754098	0.0327868852459	0.0
-lan	0.131319424997	0.0587858838138	0.00732130797933	0.80257338321
-nos	0.0405405405405	0.959459459459	0.0	0.0
-lah	0.106933569697	0.841475381333	0.00804088429004	0.0435501646797
-lai	0.807692307692	0.115384615385	0.0769230769231	0.0
-iki	0.283146067416	0.694382022472	0.00898876404496	0.0134831460674
-ous	0.286745119692	0.0921032633422	0.0606840188985	0.560467598067
-our	0.484848484849	0.351515151515	0.118181818182	0.0454545454545
-aan	0.0778566521639	0.444240897641	0.010304556904	0.467597893291
-iks	0.0559632543161	0.901800327332	0.0237579853228	0.0184784330289
-nom	0.169971671388	0.198300283286	0.495750708215	0.13597733711
-non	0.280112044818	0.478991596639	0.0420168067227	0.198879551821
-las	0.16236055149	0.715234492777	0.0153496148891	0.107055340844
-uji	0.155357594458	0.336033264506	0.235069719163	0.273539421873
-noc	0.607913669065	0.154676258993	0.0647482014388	0.172661870504
-nog	0.345160561902	0.450195947751	0.105396494707	0.09924699564
-bod	0.38096217756	0.171482829562	0.172100015825	0.275454977053
-gei	0.505841978324	0.231243411784	0.0626840009961	0.200230608896
-dou	0.106577208967	0.0119117067727	0.00268706659305	0.878824017667
-dor	0.155421662167	0.7442784378	0.0332746227448	0.0670252772885
-gen	0.357387225105	0.320614139912	0.0898878399917	0.232110794991
-bob	0.2334589463	0.575585187332	0.146604826437	0.0443510399304
-boc	0.328555906245	0.581155895897	0.044497335334	0.0457908625239
-gec	0.449176604202	0.427030096536	0.0329358319137	0.0908574673482
-geb	0.31004454743	0.167013092032	0.0272204134953	0.495721947043
-bon	0.24	0.1	0.646666666667	0.0133333333333
-aha	0.379443770205	0.342271150843	0.15802018642	0.120264892531
-geg	0.449079592107	0.0675407230831	0.479406701099	0.00397298371076
-ged	0.448111477814	0.382471580491	0.096809680968	0.0726072607261
-bot	0.169154228856	0.71144278607	0.0597014925373	0.0597014925373
-dog	0.687418858774	0.153835637181	0.0297579204313	0.128987583613
-dod	0.351820102111	0.334883632816	0.0782411836584	0.235055081414
-dob	0.292657899146	0.377722399062	0.235655051097	0.0939646506952
-doc	0.320121587282	0.229132367757	0.0557069229094	0.395039122052
-bos	0.594266118772	0.285398347799	0.0355987756507	0.0847367577784
-ges	0.484927317373	0.248831453506	0.0825241453328	0.183717083788
-dom	0.0441059928847	0.911000407215	0.0425307788531	0.0023628210474
-get	0.213253012048	0.316867469879	0.0602409638554	0.409638554217
-tog	0.311090769451	0.45085716349	0.0964832241487	0.14156884291
-tob	0.714566513872	0.175745399962	0.0199110949998	0.0897769911666
-sau	0.0167539267016	0.983246073298	0.0	0.0
-ibu	0.0273896307159	0.12557987056	0.0	0.847030498724
-tom	0.199177266905	0.341683758445	0.4110218476	0.0481171270497
-mpa	0.0	1.0	0.0	0.0
-don	0.0325497287523	0.956600361664	0.0	0.0108499095841
-tou	0.537494257264	0.203467119465	0.0618198526914	0.19721877058
-tor	0.118334741219	0.770176814221	0.0202654985595	0.0912229460007
-ibi	0.0269576379974	0.965340179718	0.0	0.00770218228497
-sad	0.0	1.0	0.0	0.0
-sai	0.418332181416	0.467238163022	0.0386996769579	0.0757299786043
-mpu	0.147783251231	0.532019704433	0.261083743842	0.0591133004925
-iba	0.184630370151	0.255411841217	0.207110621041	0.35284716759
-sam	0.0	1.0	0.0	0.0
-din	0.505563282337	0.0764951321279	0.0236439499305	0.394297635605
-lon	0.609667892433	0.236451841672	0.057012265259	0.0968680006365
-rou	0.336591868474	0.558986891802	0.0233281493002	0.0810930904243
-lom	0.076923076923	0.923076923077	0.0	0.0
-iel	0.0534429599178	0.934224049332	0.0107913669065	0.00154162384378
-ror	0.245125348189	0.58217270195	0.0612813370474	0.111420612813
-loi	0.0388349514563	0.909385113269	0.0129449838188	0.0388349514563
-log	0.519518355024	0.337636562663	0.0274448920019	0.115400190311
-lod	0.518638466622	0.236351619299	0.0477197620622	0.197290152016
-loe	0.0387096774194	0.961290322581	0.0	0.0
-lob	0.6003615329	0.130838756327	0.0122921185828	0.256507592191
-loc	0.485448512212	0.327422074743	0.0837730511886	0.103356361856
-rog	0.237090452901	0.398107841704	0.32862809091	0.0361736144846
-oca	0.124113475177	0.588652482269	0.244680851064	0.0425531914893
-iga	0.21354771368	0.592630750745	0.0786048745077	0.115216661068
-lot	0.505664877758	0.290399522958	0.0357781753131	0.168157423971
-lou	0.657151212577	0.199121704076	0.0387870967515	0.104939986596
-oci	0.466225464603	0.382448812564	0.0533393540012	0.0979863688318
-los	0.189528076652	0.703250487301	0.0307881252087	0.0764333108379
-ipi	0.0127795527156	0.980830670927	0.0	0.00638977635782
-mpo	0.0759493670886	0.651898734177	0.181012658228	0.0911392405063
-cgo	0.1875	0.55	0.24375	0.01875
-ipa	0.00470625147072	0.982547650796	0.0103929719978	0.00235312573535
-mat	0.447873243422	0.455738941809	0.0198057153636	0.0765820994058
-cgu	0.155918400845	0.314539572766	0.449894552834	0.0796474735552
-rda	0.254727301141	0.615564932021	0.0578215346148	0.0718862322238
-ewa	0.0	0.961538461538	0.0384615384615	0.0
-ans	0.474309067667	0.233757436958	0.0720618209678	0.219871674407
-ewi	0.0966892960764	0.85315712188	0.0397256095398	0.0104279725042
-awi	0.0	0.962962962963	0.035035035035	0.002002002002
-ila	0.465048507967	0.360879322246	0.0807258169007	0.0933463528865
-jug	0.353477876974	0.316148337094	0.0794663004023	0.250907485529
-ahu	0.450471698113	0.372641509434	0.0412735849056	0.135613207547
-dot	0.414659685864	0.170680628272	0.414659685864	0.0
-cum	0.338165766	0.253034752617	0.0523062218933	0.35649325949
-oli	0.16393442623	0.737704918033	0.0819672131148	0.0163934426229
-cug	0.253424657534	0.462328767123	0.0616438356164	0.222602739726
-eic	0.456311902256	0.120915232919	0.0409017553659	0.381871109459
-cuc	0.471357690573	0.429409111412	0.0775823184483	0.021650879567
-mad	0.437400950872	0.483888008452	0.0433174854728	0.0353935552034
-uci	0.590799201321	0.211631948543	0.102195589715	0.0953732604202
-ibo	0.348623853211	0.389908256881	0.0810397553517	0.180428134557
-sag	0.00337204945673	0.988759835144	0.00562008242788	0.00224803297115
-cus	0.143607705779	0.611208406305	0.203152364273	0.0420315236427
-leh	0.148936170213	0.471631205674	0.145390070922	0.234042553191
-lei	0.414137807926	0.505533737951	0.0214209210996	0.0589075330239
-mug	0.331706195504	0.380944801118	0.0679064749474	0.219442528431
-lel	0.0	1.0	0.0	0.0
-ion	0.0406291360153	0.937209517067	0.0221613469174	0.0
-len	0.119368460367	0.0714188926918	0.000800393113358	0.808412253828
-mum	0.18352365416	0.708692612445	0.0186436728036	0.0891400605919
-lea	0.00735627674313	0.967387173105	0.0145899488739	0.0106666012775
-leb	0.613026239188	0.296411187395	0.0254417119373	0.0651208614804
-lec	0.468405046438	0.261956110394	0.0394623454905	0.230176497677
-led	0.419814682823	0.456878118318	0.0149679258731	0.108339272986
-iod	0.0737051792829	0.9203187251	0.0	0.00597609561753
-mus	0.0880230555406	0.800691528702	0.048371601282	0.0629138144751
-mur	0.0330737959071	0.925583959209	0.0413422448839	0.0
-ios	0.0	1.0	0.0	0.0
-ler	0.450867052023	0.202312138728	0.156069364162	0.190751445087
-les	0.413387797647	0.369590809033	0.0812690154593	0.135752377861
-let	0.82703476808	0.114547696714	0.0113374174556	0.04708011775
-oij	0.382271468144	0.340027700831	0.144736842105	0.13296398892
-iou	0.0473769008578	0.846683084724	0.105940014418	0.0
-iot	0.0	1.0	0.0	0.0
-ndu	0.367093756356	0.238966849705	0.0782997762863	0.315639617653
-san	0.520459054849	0.29879946163	0.100229988408	0.080511495113
-gin	0.176526583825	0.0259900445674	0.00695168217461	0.790531689433
-gim	0.294462523891	0.45560204556	0.108476677514	0.141458753035
-dos	0.505950267082	0.279492335311	0.0386479582465	0.17590943936
-ali	0.169497923745	0.82295205738	0.0	0.00755001887503
-nda	0.254437956935	0.307991859554	0.269131805289	0.168438378222
-bib	0.398624038851	0.432011331445	0.0607041683529	0.108660461352
-gib	0.0275681503157	0.343446788849	0.613583859541	0.0154012012937
-gia	0.182036287299	0.492577597841	0.251911830859	0.0734742840006
-ala	0.0895484757693	0.659547952782	0.158327223719	0.0925763477304
-iei	0.294642857143	0.705357142857	0.0	0.0
-bda	0.561365949532	0.146895728776	0.136963464711	0.154774856982
-yos	0.385444160789	0.276188827831	0.166587339362	0.171779672018
-yor	0.330678389964	0.0988575247558	0.0194024193507	0.55106166593
-bdi	0.307984790875	0.669201520912	0.0	0.0228136882129
-you	0.114314541556	0.297061420103	0.0774372556439	0.511186782696
-yot	0.865384615385	0.115384615385	0.0192307692308	0.0
-yom	0.228610082984	0.149371660498	0.237367528108	0.384650728411
-yol	0.0940766550523	0.891986062718	0.0	0.01393728223
-yoc	0.560175765932	0.28961359703	0.0512914370375	0.098919200001
-yob	0.2841191067	0.7158808933	0.0	0.0
-gpo	0.051282051282	0.863247863248	0.08547008547	0.0
-yog	0.389328063241	0.428853754941	0.0335968379446	0.148221343873
-mlo	0.346075791609	0.377638359938	0.0585708558267	0.217714992626
-yod	0.301868862845	0.572326047936	0.0253405131454	0.100464576074
-gwa	0.280377509735	0.346037840125	0.109917463412	0.263667186728
-oho	0.366124037529	0.307123627906	0.0860734655757	0.24067886899
-gwe	0.0585419897833	0.0467241991964	0.0114173143272	0.883316496693
-ien	0.0252100840336	0.974789915966	0.0	0.0
-ogu	0.0520919807405	0.0734268636892	0.159596546571	0.714884608999
-mga	0.124003542958	0.227635075288	0.648361381754	0.0
-iyo	0.271031776249	0.572773025583	0.094125187197	0.062070010971
-eli	0.0126849894292	0.955602536998	0.0190274841438	0.0126849894292
-gwu	0.0487345400934	0.793185355066	0.0368580555328	0.121222049308
-elo	0.469328941951	0.431864965006	0.0	0.0988060930423
-ogo	0.0910053506226	0.701175892124	0.0522567114503	0.155562045803
-pes	0.048	0.952	0.0	0.0
-ela	0.082304526749	0.497942386831	0.395061728395	0.0246913580247
-iya	0.726882292653	0.128814736579	0.0373016321419	0.107001338626
-clo	0.0975609756098	0.0894308943089	0.593495934959	0.219512195122
-abu	0.233621127476	0.35563737938	0.088877602844	0.3218638903
-ter	0.0464135021097	0.720112517581	0.042194092827	0.191279887482
-ito	0.126716399723	0.588273565165	0.171267781356	0.113742253756
-esi	0.228306727819	0.550991618552	0.0988470807116	0.121854572918
-esa	0.438329984237	0.29835808904	0.0725618321751	0.190750094549
-aku	0.0	0.83064516129	0.0	0.16935483871
-ita	0.112920267009	0.321058569583	0.0286527218446	0.537368441563
-tir	0.170346800492	0.748571100882	0.0443506185966	0.036731480029
-bra	0.151132073747	0.217356331295	0.223989421181	0.407522173777
-uda	0.129598157302	0.772109448391	0.0300849939064	0.0682074004005
-geh	0.491576090797	0.40750660768	0.0811295953415	0.0197877061808
-udi	0.0734760570039	0.739504938103	0.147500682252	0.0395183226409
-bro	0.699093943729	0.12350977587	0.0801144492131	0.0972818311874
-hum	0.175496688742	0.824503311258	0.0	0.0
-uti	0.328310548716	0.335189337196	0.285197521801	0.0513025922877
-lpa	0.0	0.982142857143	0.0178571428571	0.0
-tis	0.0364891518738	0.939842209073	0.0118343195266	0.0118343195266
-hud	0.517761251911	0.351161686311	0.052915448658	0.0781616131205
-wos	0.328631875881	0.245416078985	0.0	0.425952045134
-wor	0.0809182461849	0.805884163771	0.00791591538765	0.105281674656
-wou	0.275510204082	0.517006802721	0.0986394557822	0.108843537415
-hua	0.930817610063	0.0	0.0188679245283	0.0503144654088
-woi	0.167441860465	0.832558139535	0.0	0.0
-wom	0.37018821778	0.190397703105	0.0647862611654	0.37462781795
-aba	0.0573990845335	0.0700934719141	0.0209439178821	0.85156352567
-ron	0.301491379398	0.517062564438	0.118820370956	0.0626256852077
-win	0.594322528689	0.362190457016	0.0326152607208	0.0108717535736
-tua	0.417910447761	0.537313432836	0.0447761194029	0.0
-tub	0.211877201812	0.0327126321087	0.740312028183	0.0150981378963
-gba	0.310669270371	0.668915320433	0.0133143973016	0.00710101189421
-aei	0.187413554633	0.660442600277	0.0276625172891	0.124481327801
-tul	0.0	0.961038961039	0.0389610389611	0.0
-ael	0.0432809847652	0.893067996199	0.0173166643535	0.046334354682
-tun	0.0432795898655	0.28911880526	0.0444312356044	0.62317036927
-sor	0.338028169014	0.661971830986	0.0	0.0
-gbs	0.404624277457	0.465317919075	0.112716763006	0.0173410404624
-son	0.0556687033266	0.940257976918	0.0040733197556	0.0
-tut	0.2494361312	0.29527130512	0.247937408408	0.207355155272
-oro	0.283077551031	0.479567216131	0.0731019604239	0.164253272415
-kos	0.0	1.0	0.0	0.0
-ado	0.522673031026	0.190930787589	0.0429594272076	0.243436754177
-orc	0.641025641026	0.328205128205	0.0	0.0307692307693
-sog	0.213247172859	0.662358642973	0.0533117932148	0.0710823909531
-ora	0.187878197032	0.560619191688	0.0848518416187	0.166650769661
-nau	0.189075701181	0.407598993486	0.310645127512	0.0926801778218
-sob	0.0314685314685	0.895104895105	0.0734265734266	0.0
-dgo	0.247565304451	0.360152907982	0.136524984072	0.255756803495
-gma	0.122286868771	0.193244836381	0.10154122633	0.582927068518
-oms	0.12818831552	0.827158874828	0.00672087076257	0.0379319388892
-rus	0.0793866155328	0.854691976632	0.0185711048994	0.0473503029354
-hir	0.115852645054	0.768973699752	0.0493859031803	0.0657877520131
-jei	0.366795366795	0.42471042471	0.138996138996	0.069498069498
-jen	0.103197445845	0.0577431603725	0.0244045208142	0.814654872969
-omu	0.755020080321	0.100401606426	0.144578313253	0.0
-lis	0.050031120332	0.91178999539	0.0118764407561	0.0263024435224
-jer	0.761290322581	0.0451612903226	0.0	0.193548387097
-lim	0.0	0.907692307692	0.0923076923077	0.0
-ruh	0.405347593583	0.51871657754	0.0502673796792	0.0256684491978
-lio	0.0257142857143	0.965714285714	0.00857142857145	0.0
-run	0.0551724137931	0.924137931035	0.0	0.0206896551724
-nlo	0.496810797568	0.265418584852	0.071601606224	0.166169011356
-ici	0.179282868526	0.593625498008	0.107569721115	0.119521912351
-rum	0.0242718446602	0.927184466019	0.0291262135923	0.0194174757282
-rub	0.832223701731	0.0399467376831	0.0	0.127829560586
-oma	0.151835558494	0.627587429763	0.176336124437	0.044240887306
-ruf	0.391849529781	0.445141065831	0.12539184953	0.037617554859
-rug	0.347173556685	0.249240064748	0.057245626797	0.346340751769
-ome	0.0	0.979591836735	0.0204081632653	0.0
-eas	0.00262237762238	0.993444055944	0.0	0.00393356643357
-pal	0.296703296703	0.571428571429	0.131868131868	0.0
-abi	0.35461707335	0.28043873105	0.0861220925754	0.278822103025
-oda	0.245544699993	0.642907850582	0.0294653639991	0.0820820854262
-rna	0.0822178825834	0.820471364687	0.052923092683	0.0443876600464
-odi	0.0820567001233	0.894699771086	0.0	0.0232435287903
-eam	0.0	1.0	0.0	0.0
-bga	0.562530549618	0.212153368105	0.0910945708922	0.134221511384
-rni	0.0	1.0	0.0	0.0
-odo	0.570897518939	0.326933077999	0.0503609413576	0.0518084617046
-uri	0.0724807793884	0.910792886907	0.016726333705	0.0
-rgo	0.68873598745	0.166469284025	0.0294714934165	0.115323235108
-uro	0.437547990603	0.407525058535	0.0271327411682	0.127794209694
-rga	0.178067917126	0.576498712762	0.206816231458	0.0386171386539
-eha	0.509316770186	0.453416149068	0.0	0.0372670807454
-ono	0.207547169811	0.490566037736	0.188679245283	0.11320754717
-gto	0.073548758943	0.87828745411	0.0221022164864	0.0260615704602
-sub	0.0308108108108	0.960720720721	0.00594594594594	0.00252252252253
-gta	0.236696143968	0.694075978973	0.0450986584988	0.0241292185598
-ehu	0.0	1.0	0.0	0.0
-uru	0.0476383375192	0.925139755327	0.00680547678848	0.0204164303654
-gud	0.218389740216	0.29805143075	0.187228111643	0.296330717391
-dur	0.0798479087452	0.817490494297	0.0798479087452	0.0228136882129
-dus	0.0202319679675	0.9399890293	0.00723925646113	0.0325397462712
-was	0.264215085701	0.24353160276	0.13444992946	0.357803382079
-war	0.0	0.803921568627	0.196078431373	0.0
-pan	0.0	1.0	0.0	0.0
-api	0.0135740464232	0.961992670015	0.0203610696348	0.00407221392697
-pad	0.0149253731343	0.985074626866	0.0	0.0
-wag	0.517766497462	0.258883248731	0.213197969543	0.0101522842639
-sou	0.368772782503	0.5	0.0838396111787	0.0473876063184
-cdo	0.427643175096	0.398933468766	0.161324052221	0.0120993039166
-dud	0.369109336322	0.477885199197	0.100695903975	0.0523095605063
-duf	1.0	0.0	0.0	0.0
-dug	0.363766964754	0.418254337697	0.0674073645997	0.15057133295
-wan	0.2595098912	0.219245403087	0.0463234364971	0.474921269216
-wam	0.405274859119	0.353931951564	0.110106323074	0.130686866243
-pas	0.124037017297	0.820970008237	0.0138088085663	0.0411841658995
-cda	0.325108853411	0.410256410256	0.0135462022254	0.251088534107
-dun	0.641221374046	0.358778625954	0.0	0.0
-nun	0.486979067373	0.271475959889	0.128874823655	0.112670149083
-lus	0.0295711747475	0.938466217406	0.00313735533751	0.0288252525091
-nuh	0.0	1.0	0.0	0.0
-sen	0.349226249812	0.188124255496	0.281989704933	0.180659789759
-kem	0.0	1.0	0.0	0.0
-kel	0.202312138728	0.68978805395	0.0038535645472	0.104046242775
-sus	0.021336417634	0.717019846177	0.00414391942155	0.257499816768
-sur	0.130125774435	0.789063633161	0.0588466878017	0.021963904602
-kei	0.48045086298	0.403311025009	0.0232476224023	0.092990489609
-sun	0.185007141937	0.7545739365	0.0367468156201	0.0236721059425
-sum	0.367274493059	0.217584685454	0.360114113963	0.0550267075234
-ker	0.451661033464	0.382083371395	0.016625559514	0.149630035626
-sug	0.0606571457681	0.0408509737789	0.00105602247563	0.897435857977
-sud	0.0554462362101	0.629874620205	0.0151903992057	0.299488744379
-nus	0.0372881355932	0.941727199354	0.0135593220339	0.00742534301856
-sua	0.065934065934	0.934065934066	0.0	0.0
-sos	0.251485148515	0.667326732673	0.0158415841584	0.0653465346535
-eti	0.176615891313	0.757513379992	0.0576368876081	0.00823384108688
-dig	0.158553802764	0.0606530862658	0.0224105763908	0.75838253458
-dia	0.264414052025	0.659157951193	0.012335746849	0.0640922499329
-dib	0.452154531947	0.432075284794	0.0467062902427	0.0690638930163
-med	0.319037052252	0.521822116415	0.11181954607	0.0473212852623
-dim	0.271289252024	0.569877131805	0.0546194098959	0.104214206275
-bog	0.662873862159	0.28055916775	0.00585175552667	0.0507152145644
-seh	0.34264735876	0.307566795839	0.149908219457	0.199877625943
-dih	0.408	0.36	0.016	0.216
-ori	0.236839494414	0.463936345417	0.0388912038415	0.260332956327
-dir	0.452900950665	0.35252580771	0.0128573599673	0.181715881658
-dis	0.408389513109	0.38936329588	0.171685393258	0.0305617977528
-lul	0.189826302729	0.562034739454	0.236972704715	0.0111662531018
-slo	0.804360636417	0.0883912787272	0.107248084856	0.0
-sli	0.0	1.0	0.0	0.0
-uks	0.191815856777	0.731457800512	0.076726342711	0.0
-iha	0.348440609571	0.433678563805	0.0290427429296	0.188838083695
-omo	0.318770226537	0.574433656958	0.00970873786408	0.0970873786407
