-cac	0.0	1.0	0.0	0.0
-ua'	0.39124749048	0.306392909451	0.0754772446343	0.226882355436
-cai	0.0643964489201	0.834371273354	0.0373658407314	0.0638664369948
-can	0.169190256748	0.175115207373	0.233048057933	0.422646477946
-cas	0.0405156537753	0.790055248619	0.0	0.169429097606
-car	0.0	1.0	0.0	0.0
-euo	0.587916063676	0.252532561505	0.111794500724	0.0477568740955
-ive	0.105458098528	0.894541901472	0.0	0.0
-rbe	0.0186046511628	0.976744186047	0.0	0.00465116279069
-cat	0.0351828353905	0.921905640789	0.0159187910947	0.0269927327258
-eue	0.0711461612411	0.904360898004	0.0244929407551	0.0
-caz	0.0	1.0	0.0	0.0
-euc	0.078431372549	0.0	0.313725490196	0.607843137255
-ivo	0.13480613165	0.819206492335	0.0270513976556	0.0189359783589
-dío	0.0202682617038	0.801821441118	0.149084324977	0.028825972201
-aua	0.134524033904	0.250470018019	0.0202567839396	0.594749164137
-auc	0.283582089552	0.626865671642	0.0597014925373	0.0298507462686
-aue	0.0981280740553	0.772867345829	0.113989292922	0.0150152871938
-'i'	0.192917882096	0.650927365945	0.0985347440491	0.0576200079103
-ufo	0.0	0.978494623656	0.0215053763441	0.0
-aum	0.011811023622	0.983858267717	0.0	0.00433070866142
-auo	0.175409526578	0.403550565888	0.112290618884	0.308749288651
-uac	0.0227129337539	0.958359621451	0.011356466877	0.00757097791797
-ca'	0.0292433246535	0.0119778237874	6.5017127178e-05	0.958713834432
-nto	0.0361684028099	0.846192153143	0.0684215670993	0.0492178769474
-ate	0.141107731821	0.786705426246	0.0407572211556	0.031429620777
-nta	0.405996116001	0.145261197448	0.131436511766	0.317306174785
-nte	0.0628321207836	0.755855588752	0.0129997491276	0.168312541337
-ual	0.0495339307425	0.653262484802	0.287296798307	0.0099067861485
-uan	0.134141881792	0.782458806279	0.0173970467626	0.0660022651665
-uaq	0.0688114731092	0.745034139827	0.133291575691	0.0528628113727
-uat	0.623503491256	0.255953774906	0.0174060993037	0.103136634534
-ham	0.14573800969	0.604066928034	0.0408426690299	0.209352393245
-a'á	0.033234859675	0.519202363368	0.409896602659	0.0376661742984
-dro	0.0226256066599	0.96103559647	0.00165805972469	0.0146807371457
-pre	0.00475812846946	0.956383822363	0.00555114988105	0.0333068992863
-eñi	0.459195862992	0.353751874512	0.101960924497	0.085091337999
-más	0.0162337662338	0.935064935065	0.0	0.0487012987013
-xe'	0.425368139224	0.367804551539	0.115127175368	0.0917001338688
-aré	0.0	1.0	0.0	0.0
-'in	0.791356184799	0.147540983606	0.0611028315946	0.0
-'il	0.534270650264	0.413005272408	0.0527240773287	0.0
-'ii	0.686699507389	0.307389162562	0.0	0.00591133004928
-mán	0.0	0.35446685879	0.64553314121	0.0
-ope	0.0	0.993464052288	0.00435729847495	0.00217864923747
-'ic	0.461579051531	0.457320138641	0.0387305491869	0.0423702606412
-opa	0.276174773289	0.253915910965	0.0865622423743	0.383347073372
-dea	0.00276752767528	0.989852398524	0.00369003690037	0.00369003690037
-dec	0.428932219912	0.41064583537	0.0335637843992	0.126858160319
-ño'	0.142102324675	0.122211666249	0.028739990065	0.706946019011
-das	0.0448844884488	0.932508250825	0.000990099009902	0.0216171617162
-oes	0.0	0.934426229508	0.0327868852459	0.0327868852459
-leu	0.522564758252	0.145222648419	0.274044608609	0.05816798472
-gar	0.0434782608695	0.945652173913	0.0108695652174	0.0
-den	0.709408862732	0.0430615807545	0.0537477136552	0.193781842858
-deo	0.00153452685422	0.998465473146	0.0	0.0
-ima	0.536882472366	0.367471238439	0.0424092036995	0.0532370854952
-des	0.0162888557079	0.923578118637	0.0389575132347	0.0211755124203
-ime	0.247008303846	0.0326623259966	0.00489291085889	0.715436459298
-te'	0.386042988978	0.378966477518	0.0987936744413	0.136196859062
-'ta	0.477972305598	0.131933065442	0.0548685723469	0.335226056613
-'te	0.28351661181	0.616956215228	0.0454416869104	0.0540854860509
-imo	0.00765306122448	0.891581632653	0.0637755102041	0.0369897959184
-ido	0.0913705583757	0.847715736041	0.0	0.0609137055838
-obo	0.0	0.998050682261	0.000974658869395	0.000974658869395
-rpo	0.0	1.0	0.0	0.0
-eca	0.112548885535	0.0819224082473	0.0146437583028	0.790884947915
-ida	0.187105267978	0.124576307106	0.066264077424	0.622054347492
-me'	0.178668641851	0.157430521531	0.0792619105478	0.58463892607
-bia	0.022113022113	0.977886977887	0.0	0.0
-ter	0.0	0.975083056478	0.014950166113	0.00996677740863
-uta	0.0	1.0	0.0	0.0
-tet	0.826890756303	0.173109243697	0.0	0.0
-ric	0.40786713489	0.407774172788	0.0769830615251	0.107375630796
-ria	0.0107897153352	0.963957759412	0.00482093663912	0.0204315886134
-rio	0.00458233397842	0.958758994194	0.0320763378489	0.00458233397842
-rim	0.676425080256	0.189960089077	0.0150316684501	0.118583162218
-rii	0.383759697038	0.457189135472	0.0823425662757	0.0767086012148
-tea	0.0120481927711	0.981927710843	0.00602409638554	0.0
-a'i	0.160095839686	0.507732520148	0.00653452406882	0.325637116097
-tec	0.261777957871	0.48499314669	0.087549697379	0.16567919806
-ris	0.0	1.0	0.0	0.0
-a'm	0.214285714286	0.238095238095	0.206349206349	0.34126984127
-ñot	0.350073855244	0.322008862629	0.221565731167	0.10635155096
-a'a	0.152958278902	0.562707789446	0.0358229986871	0.248510932965
-tel	0.528860911892	0.455352195215	0.0157868928923	0.0
-tem	0.611818089254	0.220180642742	0.0320209670697	0.135980300935
-ten	0.54132964977	0.357583731222	0.0458611501912	0.0552254688166
-teo	0.0076222739784	0.989836968029	0.0	0.0025407579928
-lux	0.0	0.956043956044	0.0	0.043956043956
-are	0.117775697335	0.0747177607079	0.0083917385398	0.799114803417
-e'e	0.278360648602	0.447755955198	0.059776029845	0.214107366355
-ara	0.0997014925373	0.871044776119	0.00537313432836	0.0238805970149
-mes	0.0	1.0	0.0	0.0
-xoc	0.204686187704	0.685490184914	0.061139660351	0.0486839670315
-qto	0.503246753247	0.344155844156	0.107142857143	0.0454545454545
-e'm	0.180024286582	0.219489981785	0.17547055252	0.425015179113
-aro	0.0898089171975	0.87101910828	0.00573248407643	0.0334394904459
-ari	0.093155600947	0.808720932318	0.0204883876604	0.0776350790743
-rón	0.0	0.975666280417	0.0243337195828	0.0
-mea	0.0	1.0	0.0	0.0
-mec	0.134341849616	0.740043845523	0.00841584672769	0.117198458134
-meo	0.0	1.0	0.0	0.0
-men	0.806744487678	0.123216601816	0.0544747081713	0.0155642023346
-mei	0.0	1.0	0.0	0.0
-bán	0.0969696969697	0.539393939394	0.339393939394	0.0242424242424
-aya	0.00348229831689	0.996517701683	0.0	0.0
-ayo	0.0161290322581	0.983870967742	0.0	0.0
-ero	0.592918888807	0.188657443123	0.0395916806397	0.17883198743
-ayi	0.254305093675	0.192535642554	0.0424747291824	0.510684534589
-mos	0.0207828195358	0.979217180464	0.0	0.0
-bás	0.00301204819277	0.981927710843	0.00903614457831	0.00602409638554
-cto	0.345388562132	0.0799649605806	0.0435489926167	0.53109748467
-xat	0.346861129539	0.335809114317	0.0771782112649	0.240151544879
-aón	0.0657894736842	0.934210526316	0.0	0.0
-na'	0.372143738941	0.0363900757813	0.00663250374258	0.584833681535
-ere	0.130840478386	0.791125913489	0.0111476583036	0.0668859498218
-dán	0.0101660454083	0.983734327347	0.00406641816334	0.00203320908167
-xac	0.235336993989	0.572146428614	0.0705512885336	0.121965288863
-ega	0.471649980193	0.230547159599	0.0601235042022	0.237679356005
-xai	0.101522547967	0.667813064012	0.185393807195	0.0452705808266
-xal	0.041958041958	0.958041958042	0.0	0.0
-xam	0.176673669251	0.179307361982	0.0739133121196	0.570105656647
-xan	0.547023470937	0.282755601712	0.0845359602629	0.0856849670878
-ota	0.281948753737	0.186585814386	0.176164923564	0.355300508313
-tán	0.0	1.0	0.0	0.0
-mii	0.230475631239	0.577583675866	0.0906488549619	0.101291837933
-ote	0.0657975817164	0.911197228422	0.00616210442713	0.0168430854342
-'me	0.90625	0.0	0.0	0.09375
-ijo	0.211548490881	0.180425888247	0.0268842873827	0.58114133349
-oam	0.0	1.0	0.0	0.0
-oto	0.490310351766	0.291971584163	0.0768644693829	0.140853594687
-rán	0.021164021164	0.978835978836	0.0	0.0
-ovi	0.0267260579065	0.946547884187	0.0267260579065	0.0
-eet	0.596231716387	0.219485992893	0.103710437154	0.0805718535658
-eví	0.0279770444763	0.952654232425	0.0107604017217	0.00860832137734
-umi	0.0458015267176	0.81679389313	0.0	0.137404580153
ALL	0.2244428692	0.279763847427	0.0526962744765	0.443097008897
-ale	0.0373988512851	0.795231438023	0.0183905117471	0.148979198945
-nam	0.0323212536728	0.96180215475	0.0	0.0058765915769
-nac	0.602920603881	0.0965392666285	0.0357686503001	0.264771479191
-aús	0.0204081632653	0.979591836735	0.0	0.0
-aúl	0.458598726115	0.464968152866	0.0191082802548	0.0573248407643
-sio	0.0283687943262	0.971631205674	0.0	0.0
-xa'	0.210769586318	0.414837069563	0.374393344118	0.0
-csa	0.172223888171	0.54137064034	0.0599453312419	0.226460140247
-nas	0.0341227400051	0.950598421187	0.00305576776165	0.0122230710466
-sia	0.00746062448191	0.992539375518	0.0	0.0
-naq	0.282464967568	0.512068329516	0.0386322753318	0.166834427584
-cse	0.231667058942	0.613022065477	0.0469230734138	0.108387802167
-lñi	0.316818774446	0.514993481095	0.136897001304	0.0312907431551
-nat	0.683286933756	0.11631114143	0.00867272626708	0.191729198547
-gom	0.0693896495706	0.413785100952	0.281271756788	0.23555349269
-mor	0.051724137931	0.922413793103	0.0258620689655	0.0
-re'	0.295460650013	0.457426806339	0.0913242009132	0.155788342734
-gog	0.0338983050847	0.949152542373	0.0169491525424	0.0
-aán	0.036855036855	0.759213759214	0.203931203931	0.0
-goq	0.530381944444	0.367766203704	0.0503472222223	0.0515046296297
-mol	0.0	0.962962962963	0.037037037037	0.0
-got	0.0753799690623	0.858570481499	0.0189063766052	0.0471431728338
-com	0.125674178057	0.865016623569	0.00930919837458	0.0
-uip	0.111223458038	0.365015166835	0.488877654196	0.0348837209302
-ber	0.0	1.0	0.0	0.0
-eor	0.0	1.0	0.0	0.0
-bet	0.00628053035591	0.993719469644	0.0	0.0
-cob	0.0	0.998226950355	0.0	0.00177304964539
-u'e	0.58039655707	0.322870683419	0.0403053164631	0.0564274430484
-—so	0.631578947368	0.166666666667	0.0	0.201754385965
-yac	0.159261082907	0.277263697642	0.457697336027	0.105777883424
-cot	0.41875695492	0.420254855944	0.0481221980846	0.112865991051
-rla	0.074922158796	0.839452516866	0.0642189932538	0.0214063310846
-cos	0.0517038777908	0.944770857814	0.00352526439482	0.0
-—se	0.312120243044	0.183242724656	0.0191877198593	0.48544931244
-iso	0.577443346951	0.0747856128679	0.0219384799914	0.32583256019
-ren	0.506344205058	0.208975559908	0.110420392291	0.174259842743
-reo	0.00930593253198	0.856145792943	0.125242341993	0.00930593253198
-rel	0.0	1.0	0.0	0.0
-rec	0.354198044105	0.418854601639	0.0998553248208	0.127092029435
-rea	0.0229822901176	0.930782749763	0.00811139651211	0.0381235636069
-go'	0.760520418564	0.127348316237	0.0126134311663	0.0995178340326
-mo'	0.489256914001	0.311576554636	0.0432970720355	0.155869459328
-eve	0.0638417241135	0.0296057934753	0.0446892068794	0.861863275532
-eva	0.149171270718	0.817679558011	0.0110497237569	0.0220994475138
-'ma	0.355477112275	0.388624459121	0.0702687314962	0.185629697108
-res	0.00428882559893	0.0727760093818	0.172859775507	0.750075389512
-ret	0.137759797967	0.532737070149	0.15825018716	0.171252944723
-dia	0.0286532951289	0.905444126075	0.0114613180516	0.054441260745
-hab	0.00441826215022	0.99558173785	0.0	0.0
-avo	0.0	0.969393332119	0.0	0.0306066678812
-maq	0.189803608977	0.0854349660737	0.0126070074472	0.712154417502
-map	0.266736401674	0.701882845188	0.0	0.0313807531381
-co'	0.722048422038	0.0905585097338	0.0450857219088	0.142307346319
-mar	0.0	1.0	0.0	0.0
-mat	0.697244317198	0.137576338301	0.0568915159142	0.108287828587
-haq	0.617379225189	0.197407007254	0.0370427535114	0.148171014045
-ya'	0.0	0.854166666667	0.104166666667	0.0416666666667
-man	0.294964028777	0.402877697842	0.280575539568	0.021582733813
-mac	0.775263951735	0.122171945701	0.0844645550528	0.0180995475113
-i'i	0.05187539733	0.78499682136	0.0784488239034	0.0846789574063
-se'	0.283050324174	0.522815683853	0.0423834516826	0.15175054029
-una	0.106194690266	0.893805309734	0.0	0.0
-pta	0.0	1.0	0.0	0.0
-pto	0.00944427875535	0.941611160818	0.0325413394307	0.0164032209961
-aqa	0.338088045324	0.32685130529	0.17923625565	0.155824393736
-ỹi'	0.186046511628	0.129568106312	0.604651162791	0.0797342192691
-ui'	0.1561001843	0.426542753255	0.126875919527	0.290481142917
-iri	0.0165228112408	0.05788573586	0.00585492253308	0.919736530366
-ia'	0.134615384615	0.625	0.192307692308	0.0480769230769
-ade	0.0805860805861	0.875457875458	0.0	0.0439560439561
-tra	0.0	1.0	0.0	0.0
-ada	0.162106859995	0.18874248117	0.039583002593	0.609567656242
-tro	0.0159714684447	0.096061404869	0.0377577919057	0.850209334781
-lac	0.315154062686	0.473902542387	0.0802511034009	0.130692291525
-gai	0.00826446280991	0.697314049587	0.232438016529	0.0619834710744
-adi	0.0	1.0	0.0	0.0
-oqo	0.43163538874	0.498659517426	0.0643431635389	0.00536193029491
-gau	0.0	1.0	0.0	0.0
-gat	0.0	0.894736842105	0.105263157895	0.0
-óla	0.0473883137294	0.924178698033	0.00379106509835	0.0246419231393
-gaq	0.0570338752157	0.802379438743	0.123149577695	0.0174371083462
-aat	0.466842231266	0.419439789323	0.0143643763467	0.0993536030644
-ne'	0.538314645077	0.210829615569	0.0668848945346	0.18397084482
-oqe	0.632978723404	0.367021276596	0.0	0.0
-beo	0.0526315789474	0.868421052632	0.0526315789474	0.0263157894737
-seo	0.0152056840295	0.971489342445	0.0133049735258	0.0
-sen	0.541822010659	0.211398411239	0.168583664086	0.0781959140151
-sem	0.0	1.0	0.0	0.0
-u'a	0.512479307053	0.245698746982	0.0481537296189	0.193668216346
-ino	0.0335252285811	0.719268540467	0.243142566881	0.00406366407044
-not	0.324593053992	0.551668396519	0.0417628919315	0.0819756575572
-uis	0.0	1.0	0.0	0.0
-sec	0.371329262261	0.527989185736	0.0575673566645	0.0431141953387
-uit	0.424375943617	0.331898095815	0.0845714825851	0.159154477983
-sea	0.0	1.0	0.0	0.0
-lai	0.0570342205323	0.453422053232	0.446768060837	0.0427756653992
-ỹim	0.130304352918	0.023699848739	0.00239230541501	0.843603492928
-uim	0.279655347482	0.563883918271	0.0437752052312	0.112685529016
-ígo	0.0598218768418	0.90235969527	0.0137521555958	0.0240662722927
-uin	0.570748167806	0.384962828872	0.0237262517795	0.0205627515422
-uic	0.384	0.424	0.096	0.096
-oho	0.171497873631	0.71405318716	0.0647139707388	0.0497349684701
-ohi	0.353345501379	0.430076559468	0.152823394294	0.0637545448591
-ga'	0.208955223881	0.477611940299	0.298507462687	0.0149253731343
-aam	0.0	1.0	0.0	0.0
-blo	0.0285538629688	0.935497643282	0.00153699023157	0.034411503518
-'xo	0.0381447767664	0.694841785869	0.267013437365	0.0
-ñai	0.0764331210191	0.923566878981	0.0	0.0
-són	0.0115052732502	0.982742090125	0.0	0.00575263662513
-pec	0.0566743078822	0.768506436255	0.164732851349	0.0100864045142
-oom	0.0106094542025	0.252033478722	0.737357067075	0.0
-nes	0.0223713646532	0.775540641313	0.0096942580164	0.192393736018
-oon	0.549771167545	0.15559964179	0.203856754097	0.0907724365683
-neo	0.0	0.987603305785	0.0	0.0123966942149
-nem	0.769434437102	0.100448540515	0.0105655962854	0.119551426098
-iaq	0.089219330855	0.895910780669	0.0148698884758	0.0
-bed	0.287878787879	0.712121212121	0.0	0.0
-ias	0.0277056277056	0.947186147186	0.0199134199134	0.0051948051948
-uii	0.271529242815	0.563391093917	0.0740542580912	0.091025405177
-sa'	0.462387487533	0.147486408229	0.0291573240355	0.360968780203
-ooz	0.0338983050847	0.966101694915	0.0	0.0
-ñaq	0.189970376457	0.0680529022538	0.0226616999321	0.719315021357
-nec	0.22384707624	0.48225920126	0.185384083547	0.108509638952
-laq	0.255784787293	0.276402836164	0.300990214111	0.166822162432
-ban	0.0169278996865	0.926645768025	0.0	0.0564263322884
-'it	0.0799256505576	0.853159851301	0.0334572490706	0.0334572490706
-jon	0.1875	0.453125	0.296875	0.0625
-xo'	0.130434782609	0.760869565217	0.0	0.108695652174
-hot	0.677837837838	0.250810810811	0.0	0.0713513513514
-ra'	0.274285714286	0.725714285714	0.0	0.0
-bas	0.0	1.0	0.0	0.0
-job	0.0	1.0	0.0	0.0
-lyi	0.411255411255	0.458874458874	0.077922077922	0.0519480519481
-ase	0.0764119601329	0.758803986711	0.107641196013	0.0571428571428
-que	0.39960931814	0.152178856697	0.032053899117	0.416157926046
-asa	0.0113800767371	0.87631653441	0.0712752174586	0.0410281713942
-aso	0.0860586629287	0.0191601992749	0.00707532719355	0.887705810603
-nyi	0.498636599361	0.210699767469	0.042156682336	0.248506950834
-opo	0.0	0.920454545455	0.0795454545455	0.0
-lta	0.266666666667	0.661904761905	0.0428571428571	0.0285714285714
-po'	0.229163861586	0.641241416454	0.0774202235089	0.0521744984515
-zor	0.0	1.0	0.0	0.0
-ho'	0.372843056697	0.336277732128	0.0534100246507	0.237469186524
-xot	0.421047195864	0.294523512316	0.136761410245	0.147667881576
-sús	0.0114382536697	0.749070285974	0.00286908471627	0.23662237564
-ras	0.0718749999999	0.928125	0.0	0.0
-raq	0.403697996918	0.325885978428	0.177966101695	0.0924499229584
-eri	0.0	1.0	0.0	0.0
-ram	0.0	1.0	0.0	0.0
-uía	0.0341992765538	0.959881617889	0.0	0.00591910555738
-red	0.0	1.0	0.0	0.0
-rai	0.140822604535	0.353309786943	0.446393984277	0.0594736242452
-era	0.496484586263	0.322336398053	0.114656571119	0.0665224445647
-uío	0.0	1.0	0.0	0.0
-xoi	0.076923076923	0.230769230769	0.677655677656	0.014652014652
-xon	0.391028037383	0.188037383178	0.36785046729	0.0530841121496
-rac	0.514225311666	0.169088639099	0.021874128039	0.294811921196
-xol	0.624364819311	0.329949950008	0.00571065383515	0.0399745768461
-aho	0.398555604017	0.278900672589	0.103037235983	0.219506487412
-aén	0.0	1.0	0.0	0.0
-pos	0.0181405895691	0.981859410431	0.0	0.0
-zo'	0.60447761194	0.246268656716	0.044776119403	0.10447761194
-'ca	0.602522185895	0.166277440448	0.028024287716	0.203176085941
-pon	0.33390057129	0.60532393339	0.0243101981281	0.0364652971922
-aza	0.00665926748058	0.956714761376	0.0266370699223	0.00998890122088
-ouc	0.39586919105	0.29604130809	0.0619621342513	0.246127366609
-to'	0.451553516876	0.143579897737	0.0577777588205	0.347088826566
-oua	0.0490378274684	0.884659193094	0.0419639110365	0.0243390684012
-laa	0.205392545599	0.761300555115	0.0	0.0333068992863
-oue	0.133354450428	0.363319607222	0.0956604371238	0.407665505227
-ri'	0.301044506447	0.192752156409	0.0739109817318	0.432292355412
-íña	0.0391061452514	0.860335195531	0.100558659218	0.0
-lam	0.134088634596	0.563188313411	0.157944593905	0.144778458089
-nor	0.0	0.955223880597	0.044776119403	0.0
-lao	0.41975308642	0.58024691358	0.0	0.0
-ouo	0.681410593655	0.235320852245	0.0455620390356	0.037706515064
-aap	0.590062111801	0.298136645963	0.0	0.111801242236
-'na	0.097258672783	0.786957192952	0.097258672783	0.0185254614824
-lat	0.518288902666	0.284314941104	0.0424054556727	0.154990700558
-aal	0.0	1.0	0.0	0.0
-fos	0.0	1.0	0.0	0.0
-lap	0.0230056767254	0.957275171796	0.0	0.019719151479
-eón	0.0630228667038	0.926938092582	0.0	0.0100390407139
-las	0.0162462590851	0.957674219752	0.00641299700726	0.0196665241556
-noc	0.00855310049893	0.991446899501	0.0	0.0
-aaa	0.0189873417722	0.613924050633	0.0	0.367088607595
-tqa	0.160493005905	0.714869287091	0.0207260959875	0.103911611017
-aac	0.670930728761	0.135767983949	0.0111789867452	0.182122300545
-oxo	0.276400964651	0.397648664086	0.230326204227	0.0956241670368
-ahi	0.234899129613	0.519459146905	0.0561235026002	0.189518220881
-dos	0.00700066416557	0.0138637084373	0.00903504520514	0.970100582192
-úva	0.115631097993	0.866579502316	0.0	0.0177893996912
-lo'	0.517772429892	0.100511444188	0.0363989709765	0.345317154944
-fán	0.0	0.936530324401	0.0634696755995	0.0
-—yi	0.343500363108	0.143790849673	0.0334059549746	0.479302832244
-fás	0.0	0.993492407809	0.00216919739696	0.00433839479394
-to—	0.595744680851	0.18085106383	0.0	0.223404255319
-ro'	0.555074959175	0.274214308395	0.0291586654772	0.141552066953
-doc	0.0661990331259	0.272765542022	0.310971422689	0.350064002163
-ges	0.0184049079755	0.944785276074	0.0368098159508	0.0
-api	0.00731707317073	0.978048780488	0.0146341463415	0.0
-sas	0.0	1.0	0.0	0.0
-ión	0.00992829564258	0.976833976834	0.00661886376171	0.0066188637617
-saq	0.420194010692	0.119639926555	0.460166062753	0.0
-la'	0.143200739212	0.775994874423	0.0266085379943	0.0541958483714
-toc	0.0331858407079	0.200774336283	0.766039823009	0.0
-sat	0.0222809609058	0.86313124015	0.105038815699	0.00954898324534
-sac	0.520986958508	0.274374722539	0.0499242087925	0.154714110161
-oli	0.02	0.98	0.0	0.0
-tot	0.304769846445	0.114259699766	0.06469192698	0.516278526809
-tor	0.0971488912355	0.776135163675	0.12671594509	0.0
-tos	0.024764359538	0.309731382508	0.0317135420615	0.633790715892
-sad	0.0	1.0	0.0	0.0
-ola	0.227490419547	0.525897395367	0.177901662675	0.0687105224105
-'ua	0.711711711712	0.288288288288	0.0	0.0
-ole	0.0837800869442	0.844558958185	0.0463688531515	0.025292101719
-'ue	0.367825717686	0.161490093038	0.010371712802	0.460312476474
-no'	0.525084139672	0.236853176273	0.0705721497686	0.167490534287
-lon	0.826086956522	0.173913043478	0.0	0.0
-loo	0.266836086404	0.618805590851	0.114358322745	0.0
-lom	0.509137899206	0.284105593502	0.191249769245	0.0155067380469
-iel	0.0693379790942	0.901393728223	0.0250871080139	0.00418118466899
-ien	0.00667634309678	0.112880911013	0.14576682428	0.734675921611
-naí	0.0165745856353	0.983425414365	0.0	0.0
-loc	0.0	0.907786885246	0.0	0.0922131147544
-oce	0.013183444047	0.0367910066428	0.00245273377618	0.947572815534
-do'	0.358059391421	0.379200782109	0.0676198623162	0.195119964153
-iez	0.0242929233658	0.166177678676	0.0049289989438	0.804600399014
-rol	0.0954545454545	0.736363636364	0.0	0.168181818182
-rom	0.349655387927	0.428942205864	0.041405531154	0.179996875054
-lot	0.220949028685	0.505475901252	0.116098671436	0.157476398626
-'to	0.306740740406	0.368361321708	0.071469819868	0.253428118018
-mas	0.0848287112561	0.908646003263	0.00652528548125	0.0
-loq	0.207328735659	0.314393687684	0.125073313359	0.353204263298
-mñi	0.48275862069	0.310344827586	0.0	0.206896551724
-ipi	0.0690375405891	0.734026775502	0.0809734632628	0.115962220646
-ipo	0.0200892857143	0.979910714286	0.0	0.0
-lga	0.523364485981	0.252336448598	0.140186915888	0.0841121495327
-éra	0.0974729241877	0.494584837545	0.386281588448	0.0216606498195
-ipe	0.0281446397668	0.959832407323	0.0	0.0120229529101
-noé	0.0	1.0	0.0	0.0
-vos	0.120585701981	0.879414298019	0.0	0.0
-rdo	0.036308623298	0.81845688351	0.145234493192	0.0
-—ñi	0.595047923323	0.0623003194888	0.0167731629393	0.325878594249
-oñi	0.362689785042	0.352541215571	0.184275061341	0.100493938046
-jta	0.688479890934	0.220177232447	0.0013633265167	0.0899795501023
-saú	0.114457831325	0.819277108434	0.0	0.0662650602409
-tqo	0.713513513514	0.156756756757	0.0216216216216	0.108108108108
-sto	0.00850045104434	0.937409861461	0.00223177865257	0.0518579088421
-'ña	0.54448645643	0.323057940193	0.048305082563	0.0841505208142
-ma'	0.152324310033	0.0289030776971	0.00294800261673	0.815824609654
-gui	0.376909190409	0.243325857741	0.0712987275722	0.308466224279
-hi'	0.311335017214	0.390791134002	0.0556374907937	0.24223635799
-sta	0.015503875969	0.860465116279	0.124031007752	0.0
-saí	0.0	1.0	0.0	0.0
-ain	0.709318497914	0.221140472879	0.00890125173852	0.0606397774687
-loé	0.0103270223752	0.927710843374	0.0103270223752	0.051635111876
-ián	0.108108108108	0.810810810811	0.0810810810811	0.0
-cua	0.529801324503	0.311258278146	0.0794701986755	0.0794701986755
-'ga	0.527231353669	0.201583480648	0.0572648286757	0.213920337007
-lli	0.111405835544	0.427055702918	0.461538461539	0.0
-o'o	0.146812423376	0.480486309767	0.324070290151	0.0486309767062
-ñi'	0.420072728903	0.359626052265	0.0414663716085	0.178834847224
-qo'	0.229910853584	0.559286728959	0.0855570242375	0.12524539322
-lem	0.203522970721	0.350154725065	0.417757676744	0.0285646274697
-lea	0.00114111829593	0.988113351084	0.00903385317611	0.0017116774439
-lec	0.311431634585	0.500019413601	0.042495353616	0.146053598198
-leg	0.0	1.0	0.0	0.0
-oic	0.0957772955085	0.146567356364	0.589158170201	0.168497177926
-ios	0.0308285163777	0.834938985228	0.0854206807964	0.0488118175979
-ioq	0.0928792569659	0.869969040248	0.0371517027864	0.0
-les	0.0666666666667	0.933333333333	0.0	0.0
-let	0.632030505243	0.352716873213	0.0152526215443	0.0
-aa'	0.0714285714286	0.795918367347	0.0	0.132653061225
-eel	0.0	1.0	0.0	0.0
-rra	0.00597050930253	0.967162198836	0.0268672918614	0.0
-ỹaq	0.0606189423567	0.905089837329	0.00787847871676	0.0264127415972
-ỹap	0.0	0.959024390244	0.0204878048781	0.020487804878
-'yi	0.337793152566	0.386121992166	0.0532634684845	0.222821386783
-rro	0.0	1.0	0.0	0.0
-eec	0.729466949527	0.0297787305977	0.011530861848	0.229223458027
-san	0.248988200422	0.751011799578	0.0	0.0
-gio	0.00980392156863	0.964052287582	0.0261437908496	0.0
-alo	0.46670981887	0.325291941139	0.0561058283213	0.15189241167
-udá	0.00212765957447	0.993617021277	0.0	0.00425531914894
-sam	0.33288590604	0.574496644295	0.0442953020134	0.048322147651
-ndo	0.560957551826	0.286525172754	0.0533070088845	0.099210266535
-ỹam	0.0168784284308	0.898729429415	0.0337568568615	0.0506352852923
-ỹal	0.53125	0.43125	0.0	0.0375
-sal	0.703703703704	0.296296296296	0.0	0.0
-gia	0.0	0.972027972028	0.027972027972	0.0
-ala	0.171790605125	0.677184687074	0.129989123501	0.021035584301
-qoc	0.448648648649	0.227027027027	0.324324324324	0.0
-uva	0.0586979722519	0.886872998933	0.0352187833511	0.0192102454642
-ñic	0.153690596562	0.846309403438	0.0	0.0
-ñim	0.591270090524	0.164990180161	0.00870970337563	0.23503002594
-ñii	0.56137049778	0.190467750339	0.0339568727304	0.214204879151
-qom	0.0805169975903	0.65164873828	0.0628181091407	0.205016154989
-le'	0.185572124797	0.657505834678	0.02372428031	0.133197760215
-oi'	0.493462903649	0.255647249271	0.130989450547	0.119900396533
-ñit	0.382470119522	0.430278884462	0.187250996016	0.0
-qot	0.264647993944	0.558516275549	0.0859954579864	0.0908402725208
-abé	0.0177795736943	0.965754116577	0.00525305586423	0.011213253864
-chi	0.132696506919	0.0974030455148	0.162998584711	0.606901862856
-cho	0.0	0.051691129547	0.161135928526	0.787172941927
-cha	0.484857796893	0.386772734311	0.0479807194843	0.0803887493113
-ee'	0.0	0.986206896552	0.0	0.0137931034483
-loi	0.0	0.964285714286	0.0178571428571	0.0178571428571
-pet	0.0220820189274	0.124079915878	0.839116719243	0.0147213459516
-ỹa'	0.10064817318	0.647211800313	0.0887660971798	0.163373929327
-oré	0.149253731343	0.791044776119	0.0	0.0597014925373
-iyi	0.161473815772	0.0490814980108	0.00723686724334	0.782207818974
-elo	0.462965805657	0.302454827705	0.117552438081	0.117026928557
-ogo	0.339237057221	0.550408719346	0.106267029973	0.00408719346049
-oga	0.449340056161	0.328155322705	0.0665785996855	0.155926021448
-ela	0.0	1.0	0.0	0.0
-uo'	0.247643935409	0.272692640998	0.0414675571406	0.438195866452
-itu	0.00948989198668	0.960939544425	0.0264122794089	0.0031582841794
-ito	0.0151974898295	0.963091810414	0.0108553498783	0.0108553498783
-tes	0.0	0.979591836735	0.0204081632653	0.0
-eso	0.0232534107812	0.0471336384477	0.0143406457438	0.915272305027
-lás	0.0168302945302	0.98316970547	0.0	0.0
-esa	0.235645383555	0.289159393661	0.0560404225999	0.419154800184
-ite	0.153342683497	0.567399096151	0.0844631447717	0.19479507558
-ese	0.0718801674833	0.159340534308	0.0776544745665	0.691124823642
-ita	0.425546829026	0.188730631384	0.0803864941927	0.305336045396
-spe	0.0357751277683	0.923339011925	0.0408858603067	0.0
-ỹit	0.472495657209	0.179502026636	0.240301100174	0.107701215981
-fté	0.0	1.0	0.0	0.0
-'da	0.476354849845	0.402830514325	0.00690369347599	0.113910942354
-spo	0.0	1.0	0.0	0.0
-o'i	0.759299781182	0.234135667396	0.00656455142233	0.0
-fas	0.0238870792617	0.971769815418	0.0043431053203	0.0
-—da	0.0889152341434	0.318118948824	0.00889152341437	0.584074293618
-alí	0.0	1.0	0.0	0.0
-o'm	0.064020719172	0.0276692397563	0.00858112273318	0.899728918339
-bre	0.0375	0.9625	0.0	0.0
-so'	0.389587286527	0.204577798862	0.0858633776091	0.319971537002
-nqa	0.178073032418	0.556247807692	0.209652146044	0.0560270138472
-hum	0.0	1.0	0.0	0.0
-uol	0.128205128205	0.834188034188	0.0376068376068	0.0
-món	0.00733915028949	0.989969827938	0.0	0.00269102177281
-'on	0.616902988881	0.15459553198	0.195603386718	0.0328980924207
-uoc	0.0555555555556	0.148148148148	0.537037037037	0.259259259259
-gad	0.0	1.0	0.0	0.0
-uot	0.394287052213	0.292905642707	0.0786701006791	0.234137204402
-oco	0.432665639445	0.496764252697	0.0277349768875	0.0428351309707
-uoq	0.107784431138	0.341317365269	0.51497005988	0.0359281437125
-nco	0.0113792013486	0.00189653355811	0.00158044463176	0.985143820461
-sou	0.401759530792	0.266862170088	0.1642228739	0.16715542522
-sot	0.556133415845	0.381351586871	0.0308407319938	0.031674265291
-soq	0.283783783784	0.665540540541	0.0304054054054	0.0202702702703
-ael	0.00935251798561	0.975779376499	0.00551558752998	0.00935251798561
-los	0.0673369184008	0.903203179799	0.00280570493337	0.026654196867
-som	0.250454650806	0.607105165286	0.0140653381987	0.12837484571
-cqa	0.506024096386	0.479518072289	0.0	0.0144578313253
-ori	0.383740665309	0.527579769179	0.0466734555329	0.0420061099797
-oro	0.0127365780091	0.774645773015	0.209161492129	0.00345615684668
-elí	0.0128479657387	0.955032119914	0.00642398286937	0.0256959314775
-ora	0.373333333333	0.471111111111	0.0737777777778	0.0817777777778
-lix	0.0321823667449	0.933623868589	0.0	0.0341937646664
-mqa	0.157843137255	0.723529411765	0.0362745098039	0.0823529411764
-rut	0.0	1.0	0.0	0.0
-jem	0.0819300071651	0.0297064855779	0.0737715106631	0.814591996594
-ico	0.129843918192	0.812858808755	0.043169178328	0.0141280947255
-lim	0.0	1.0	0.0	0.0
-lin	0.0104740028135	0.976059422141	0.00748143058108	0.00598514446486
-lio	0.0315077379298	0.955981836716	0.00556018904643	0.00695023630803
-lii	0.435823409742	0.296681364279	0.0762445017042	0.191250724275
-sué	0.0	0.972093023256	0.0	0.0279069767442
-uñi	0.561904761905	0.280952380952	0.0714285714286	0.0857142857142
-oma	0.0514960010419	0.894680495044	0.0170198647511	0.0368036391627
-rug	0.0	1.0	0.0	0.0
-ica	0.125620916637	0.161815965824	0.0495500265447	0.663013090995
-lic	0.150081600644	0.278819863928	0.115300650686	0.455797884742
-eas	0.0	0.960095770152	0.023942537909	0.0159616919393
-abo	0.0	1.0	0.0	0.0
-pa'	0.275951838594	0.717539863326	0.00650829808005	0.0
-a'e	0.5434880665	0.16048244837	0.042975598251	0.253053886879
-rna	0.0	1.0	0.0	0.0
-ỹen	0.61726618705	0.368345323741	0.0	0.0143884892087
-odo	0.780120018464	0.109093706724	0.0553931374058	0.0553931374058
-zer	0.0	1.0	0.0	0.0
-jin	0.222917481424	0.777082518576	0.0	0.0
-ipa	0.0062015503876	0.986046511628	0.00620155038759	0.0015503875969
-rge	0.0	0.986666666667	0.0	0.0133333333333
-sda	0.0731707317073	0.926829268293	0.0	0.0
-io'	0.26003417954	0.116735102813	0.0562061607688	0.567024556879
-qse	0.114359496343	0.859628289226	0.0	0.0260122144311
-nñi	0.507850392421	0.25230455268	0.11743437009	0.122410684809
-á'a	0.105453665792	0.148056230009	0.00886993450584	0.737620169693
-li'	0.166145557566	0.414574010426	0.116688609178	0.30259182283
-jna	0.124783362218	0.750433275563	0.0	0.124783362218
-nio	0.0145348837209	0.985465116279	0.0	0.0
-pal	0.0377833753148	0.837951301427	0.056255247691	0.0680100755668
-pan	0.0217809801441	0.936857158572	0.00429019305869	0.0370716682251
-pac	0.473684210526	0.323308270677	0.0676691729323	0.135338345865
-eda	0.0561230007729	0.0368353995934	0.0184443713013	0.888597228332
-nce	0.0118176702307	0.354530106922	0.0298255486776	0.60382667417
-paq	0.056170815983	0.907149818375	0.00584743510233	0.0308319305395
-pas	0.0277601522842	0.972239847716	0.0	0.0
-pat	0.0867498170064	0.194900821116	0.664320967076	0.0540283948023
-cda	0.516129032258	0.354838709677	0.0322580645161	0.0967741935484
-ỹe'	0.4	0.105263157895	0.428070175439	0.0666666666667
-fat	0.0	1.0	0.0	0.0
-aem	0.272963604853	0.592720970537	0.0736568457539	0.0606585788562
-icó	0.0	1.0	0.0	0.0
-'o'	0.462904507342	0.316541322701	0.0817356278521	0.138818542105
-sop	0.633445945946	0.172297297297	0.120777027027	0.0734797297298
-omé	0.0	1.0	0.0	0.0
-i'c	0.650485436893	0.0582524271845	0.0	0.291262135922
-i'a	0.476817057026	0.213079067165	0.0354629591141	0.274640916695
-zín	0.0	1.0	0.0	0.0
-fes	0.336206896552	0.594827586207	0.051724137931	0.0172413793103
-i'e	0.659521846661	0.257625721352	0.0247320692498	0.058120362737
-qa'	0.184245508257	0.456574755515	0.0585484986203	0.300631237607
-dio	0.0	0.874113475177	0.0673758865248	0.0585106382979
-aña	0.0335195530726	0.966480446927	0.0	0.0
-ai'	0.20246511504	0.486541406126	0.140931090592	0.170062388242
-ría	0.0132408920873	0.959882400693	0.0177715370185	0.00910517020086
-dis	0.0	1.0	0.0	0.0
-feo	0.0	1.0	0.0	0.0
-mit	0.388952146263	0.545847710359	0.0228640194502	0.0423361239271
-sli	0.0	1.0	0.0	0.0
-lmo	0.0519480519481	0.831168831169	0.012987012987	0.103896103896
-'om	0.638138138138	0.107857857858	0.201451451451	0.0525525525526
-'ol	0.309098824554	0.638659120592	0.0	0.0522420548542
-ihe	0.696850393701	0.153543307087	0.0	0.149606299213
-aỹa	0.364599221072	0.538967672368	0.022353383512	0.0740797230479
-iho	0.737649637498	0.147545255284	0.0922732637452	0.0225318434727
-nno	0.0	1.0	0.0	0.0
-'oq	0.560066207699	0.125396291278	0.0989720223966	0.215565478627
-'ot	0.292116392478	0.158866319436	0.0437392858195	0.505278002267
-qam	0.0808811884534	0.0212898379408	0.00381639873268	0.894012574873
-ait	0.0425531914894	0.382978723404	0.191489361702	0.382978723404
-qai	0.0488077493058	0.0250216972591	0.0100674858483	0.916103067587
-oỹa	0.5	0.270833333333	0.0416666666667	0.1875
-qaa	0.736389684814	0.03629417383	0.22158548233	0.00573065902579
-qac	0.325787241931	0.0714831892856	0.0246773408717	0.578052227912
-oỹo	0.0986395885991	0.87562834481	0.0	0.0257320665911
-eta	0.137869987249	0.217046691212	0.0893569891672	0.555726332372
-tia	0.115384615385	0.884615384615	0.0	0.0
-aic	0.108038561669	0.296046572104	0.463759595414	0.132155270812
-qat	0.431131909126	0.271700352819	0.0247639781713	0.272403759884
-tio	0.046875	0.796875	0.125	0.03125
-lón	0.0	1.0	0.0	0.0
-'ỹe	0.0121274674236	0.928525351567	0.0	0.059347181009
-eme	0.188641647926	0.200763672494	0.0367104010602	0.57388427852
-ema	0.597151935414	0.154805490896	0.0399726497326	0.208069923957
-emo	0.0	0.982014388489	0.00719424460431	0.0107913669065
-osé	0.0479951397327	0.950182260024	0.000911300121507	0.000911300121506
-aan	0.53746833879	0.290788904677	0.0883424970655	0.0834002594674
-jan	0.539109092084	0.244299954787	0.132624281439	0.0839666716903
-jam	0.395344020517	0.041402794112	0.0476453798429	0.515607805528
-qta	0.480176211454	0.394273127753	0.0264317180617	0.0991189427313
-'a'	0.0767987296859	0.76211245178	0.0123862186659	0.148702599869
-set	0.239011024919	0.536622268205	0.0779182981942	0.146448408682
-cio	0.0479394449117	0.932716568545	0.0117746005046	0.00756938603868
-ana	0.361341151501	0.122270723341	0.03072939093	0.485658734227
-cia	0.00491803278688	0.968852459016	0.0245901639344	0.0016393442623
-mda	0.301507537688	0.27135678392	0.226130653266	0.201005025126
-noq	0.189082278481	0.688291139241	0.0227848101266	0.0998417721519
-ser	0.0	1.0	0.0	0.0
-zar	0.0	1.0	0.0	0.0
-cis	0.0	1.0	0.0	0.0
-—'a	0.980952380952	0.0190476190476	0.0	0.0
-em'	0.490598290598	0.109401709402	0.309401709402	0.0905982905983
-tés	0.0134529147982	0.986547085202	0.0	0.0
-ñan	0.481433224756	0.289250814332	0.085993485342	0.14332247557
-iqa	0.237746143969	0.333200698161	0.301761837209	0.127291320662
-rce	0.00724637681161	0.0615942028985	0.235507246377	0.695652173913
-ete	0.0895751279101	0.318702706207	0.0525839548817	0.539138211001
-dón	0.00603318250377	0.974358974359	0.0	0.0196078431373
-lis	0.0	0.899556868538	0.0	0.100443131462
-eto	0.476035496671	0.365905344235	0.0645206340339	0.0935385250605
-rco	0.00793650793651	0.992063492063	0.0	0.0
-'ac	0.103249316732	0.845429699362	0.0358335863954	0.0154873975099
-'an	0.510273972603	0.38698630137	0.0	0.102739726027
-ías	0.0157469821207	0.969032104204	0.00561139674679	0.00960951692888
-—ca	0.288719323572	0.125249192273	0.0433078985358	0.542723585619
-'au	0.065760740713	0.0881468448571	0.271153870151	0.574938544279
-'at	0.198787537008	0.771887776681	0.00676723530241	0.022557451008
-ata	0.301206928863	0.355278222285	0.0769175558172	0.266597293035
-amá	0.118460019743	0.881539980257	0.0	0.0
-ato	0.0398525551953	0.890767330554	0.0389840975761	0.0303960166744
-ano	0.474310295228	0.263653202023	0.123447859346	0.138588643403
-'am	0.319979188345	0.252341311134	0.041623309053	0.386056191467
-'la	0.0522341095028	0.876022655758	0.0113278791693	0.0604153555695
-'al	0.0493403733622	0.80181115273	0.0837883779352	0.065060095973
-osa	0.0	1.0	0.0	0.0
-'le	0.25703317534	0.027089566823	0.00489531974572	0.710981938091
-yic	0.0803082646825	0.781823013553	0.019665160776	0.118203560989
-vic	0.157499961015	0.583685499088	0.213435838258	0.0453787016389
-vi'	0.614728990255	0.163141014066	0.0267411114479	0.195388884231
-'xa	0.505772402419	0.113798790544	0.123144584937	0.2572842221
-lén	0.0296460919155	0.938527339819	0.00343844347534	0.0283881247903
-nia	0.00741328408485	0.971907555047	0.016387259556	0.00429190131228
-aca	0.102092555057	0.0866129658282	0.0404014706346	0.77089300848
-aco	0.222748907261	0.650568604859	0.0653142794655	0.0613682084145
-rso	0.00833333333333	0.991666666667	0.0	0.0
-ỹo'	0.226503312421	0.0800545940359	0.0317318671945	0.661710226348
-ice	0.019512195122	0.947967479675	0.0325203252032	0.0
-ajo	0.0871442176409	0.119327302692	0.0160555140801	0.777472965587
-ebú	0.0252100840336	0.974789915966	0.0	0.0
-nós	0.0	1.0	0.0	0.0
-shi	0.0715822503077	0.568852501942	0.121965855234	0.237599392516
-nón	0.0	0.929824561404	0.0701754385965	0.0
-óna	0.0285451568263	0.0784421012203	0.0190403661333	0.87397237582
-qe'	0.568965517241	0.25	0.0775862068965	0.103448275862
-fia	0.0	1.0	0.0	0.0
-oot	0.610619469027	0.150442477876	0.0	0.238938053097
-vii	0.401451463679	0.0970245795602	0.154318144498	0.347205812263
-éna	0.312584209108	0.684721099434	0.0	0.00269469145783
-lda	0.0380952380952	0.67619047619	0.285714285714	0.0
-vid	0.00750197420373	0.985522505923	0.00184259015531	0.00513292971834
-ỹot	0.377857048487	0.370018056106	0.115823314396	0.13630158101
-lia	0.0	0.981132075472	0.0188679245283	0.0
-ỹom	0.246246246246	0.207207207207	0.414414414415	0.132132132132
-ila	0.428208102639	0.418491922578	0.0158124099864	0.137487564797
-ilo	0.418273561537	0.262940864012	0.081846075756	0.236939498696
-ojo	0.366094804351	0.076098213654	0.0419408582438	0.515866123751
-vit	0.191838158354	0.563306592257	0.0976630624346	0.147192186955
-iga	0.818181818182	0.0909090909091	0.0454545454545	0.0454545454545
-ac—	0.0989010989011	0.736263736264	0.032967032967	0.131868131868
-mín	0.0	1.0	0.0	0.0
-añi	0.391397778754	0.219206476745	0.0810997478305	0.30829599667
-ina	0.263075531598	0.530494162085	0.0307545809791	0.175675725338
-bel	0.0495731203525	0.930597631506	0.0099146240705	0.0099146240705
-igo	0.0798522548076	0.82457904262	0.0328087461767	0.0627599563961
-ebe	0.0982658959537	0.901734104046	0.0	0.0
-rqa	0.318181818182	0.606060606061	0.030303030303	0.0454545454545
-ivi	0.596958174905	0.226235741445	0.142585551331	0.0342205323194
-nís	0.0769230769231	0.884615384615	0.0384615384615	0.0
-amo	0.0182694747526	0.981730525247	0.0	0.0
-ama	0.0	1.0	0.0	0.0
-ỹac	0.409881294838	0.476016119733	0.0359198791686	0.0781827062611
-ame	0.0515759312321	0.919770773639	0.0	0.0286532951289
-hii	0.411624426322	0.26240220625	0.110950110469	0.215023256958
-iro	0.446125319935	0.474830202511	0.0166324983217	0.0624119792328
-hil	0.12770703597	0.605592659966	0.0741439060985	0.192556397966
-him	0.412891804644	0.228470269707	0.125169217953	0.233468707695
-hin	0.389550916726	0.222873184973	0.0323683575197	0.355207540781
-pi'	0.238633630022	0.574693288429	0.152032715901	0.0346403656483
-usa	0.0208333333333	0.979166666667	0.0	0.0
-hic	0.46893152231	0.236760997523	0.0366831003152	0.257624379852
-ira	0.167210504129	0.640989211722	0.101309893679	0.0904903904701
-cta	0.460451977401	0.420903954802	0.101694915254	0.0169491525424
-mós	0.0	1.0	0.0	0.0
-tat	0.0	1.0	0.0	0.0
-agé	0.0416666666666	0.895833333333	0.0208333333333	0.0416666666667
-eis	0.0483117719684	0.0950131515379	0.102528316066	0.754146760427
-hit	0.198778579387	0.102454636222	0.157883151412	0.540883632979
-gue	0.270691564767	0.214151209206	0.0722483496415	0.442908876386
-ulo	0.0538876058507	0.894919168591	0.0080831408776	0.0431100846805
-—na	0.130341880342	0.181623931624	0.174145299145	0.513888888889
-uza	0.0	1.0	0.0	0.0
-aqo	0.812660393499	0.0615911035073	0.0513259195894	0.0744225834046
-epe	0.400852878465	0.215351812367	0.204690831556	0.179104477612
-uda	0.0	1.0	0.0	0.0
-iñi	0.333683598254	0.215720356891	0.157716437109	0.292879607745
