koi-	0.236550934758	0.520793590233	0.0801220908051	0.162533384205
kud-	0.289308176101	0.503144654088	0.0503144654088	0.157232704403
agu-	0.0294117647059	0.970588235294	0.0	0.0
omo-	0.0955882352941	0.419117647059	0.286764705882	0.198529411765
siu-	0.151234567901	0.237654320988	0.0	0.611111111111
gin-	0.210218081694	0.403044097506	0.0912001449061	0.295537675894
ḻib-	0.464147539606	0.326613990794	0.0344353408825	0.174803128717
del-	0.0	0.854166666667	0.145833333333	0.0
son-	0.167182662539	0.739938080495	0.0495356037152	0.0433436532507
mou-	0.238095238095	0.540816326531	0.170068027211	0.0510204081633
dok-	0.128186346323	0.766188104307	0.037503662467	0.068121886903
maa-	0.49121706399	0.446675031368	0.0621079046424	0.0
tay-	0.181995636839	0.309795505968	0.0753547677421	0.432854089451
ipu-	0.0201511335013	0.884130982368	0.0251889168766	0.0705289672544
kak-	0.16279703645	0.688529870902	0.0662834204723	0.0823896721758
piḻ-	0.323620582765	0.437073775573	0.142591444513	0.0967141971482
daḷ-	0.135231542961	0.67595993558	0.024722402735	0.164086118724
ogo-	0.639252953898	0.163861873389	0.0412380329529	0.155647139761
sar-	0.0488576449912	0.918804920914	0.00984182776804	0.0224956063269
poy-	0.357763749808	0.468731570248	0.0986864206231	0.0748182593207
mah-	0.0469939229453	0.894212047908	0.0357543217889	0.0230397073574
rok-	0.873369372378	0.0770386758782	0.0495919517439	0.0
hem-	0.0454545454545	0.954545454545	0.0	0.0
eno-	0.0333333333333	0.966666666667	0.0	0.0
aku-	0.0652909385498	0.0196079232508	0.00306740724231	0.912033730957
ola-	0.176470588235	0.705882352941	0.078431372549	0.0392156862745
no'-	0.389602930987	0.232646322414	0.167723745266	0.210027001334
mo'-	0.188387347147	0.112578444485	0.0838091224614	0.615225085906
lis-	0.00942655145326	0.981146897093	0.00942655145325	0.0
rib-	0.0574428659667	0.754169240272	0.132798023471	0.0555898702903
ana-	0.01525	0.91225	0.0175	0.055
tut-	0.0	0.970149253731	0.0298507462686	0.0
duy-	0.466344038715	0.516058073031	0.0087989441267	0.0087989441267
kiḻ-	0.107692307692	0.715384615385	0.115384615385	0.0615384615385
kóo-	0.148876404494	0.522471910112	0.269662921348	0.0589887640449
pid-	0.372549019608	0.313725490196	0.313725490196	0.0
bap-	0.522735068796	0.390364752068	0.0628882875328	0.0240118916035
uka-	0.563240155332	0.406431528611	0.0134792515806	0.0168490644757
agí-	0.15625	0.6125	0.2125	0.01875
jaj-	0.025641025641	0.871794871795	0.051282051282	0.051282051282
ihu-	0.7184	0.1888	0.0592	0.0336
der-	0.0137614678899	0.98623853211	0.0	0.0
cuk-	0.311475409836	0.491803278689	0.196721311475	0.0
kat-	0.10794094174	0.809257781325	0.0315243415802	0.0512769353552
abi-	0.101648508717	0.888186640412	0.00338828362389	0.00677656724779
ayu-	0.0398671096346	0.880398671096	0.0797342192691	0.0
iḷu-	0.474371725134	0.0754051505469	0.0260550693005	0.424168055019
mil-	0.0316455696202	0.955696202532	0.0	0.0126582278481
tib-	0.0	1.0	0.0	0.0
gan-	0.0870067951519	0.846769409348	0.0345209146756	0.0317028808246
bla-	0.208323281061	0.760675512666	0.00325693606755	0.0277442702051
yer-	0.0216424869343	0.969553054453	0.000650575759547	0.00815388285299
ono-	0.01137487636	0.0796241345203	0.0534124629081	0.855588526212
ari-	0.00976403580147	0.990235964199	0.0	0.0
ini-	0.581359766714	0.220827626071	0.0633510827238	0.134461524492
bay-	0.130513517866	0.219190612697	0.0627426883291	0.587553181108
lor-	0.0324120454947	0.837939772526	0.0194472272969	0.110200954682
tus-	0.264367816092	0.402298850575	0.0689655172414	0.264367816092
uḻe-	0.143939058417	0.343682182559	0.0330690759851	0.479309683039
tai-	0.27517447657	0.373878364905	0.109670987039	0.241276171486
poḷ-	0.25767308692	0.141294409921	0.02921407226	0.571818430898
dek-	0.0	0.753623188406	0.0144927536232	0.231884057971
abr-	0.0107113103503	0.945769032412	0.0312611576149	0.0122584996231
onu-	0.147981918374	0.19918502392	0.0190452858833	0.633787771823
nor-	0.319593924786	0.261221607392	0.185757528538	0.233426939284
has-	0.280765954762	0.603772989684	0.0567841256822	0.0586769298716
ya'-	0.287795992714	0.384335154827	0.142076502732	0.185792349727
ong-	0.0857639000547	0.848313342123	0.0102903817088	0.0556323761134
tot-	0.222448330716	0.22744589734	0.163324856564	0.386780915379
her-	0.0240237366003	0.884284073507	0.051301684533	0.0403905053599
mul-	0.518388421008	0.124493912847	0.0311763793079	0.325941286837
ate-	0.0	1.0	0.0	0.0
euo-	0.0	1.0	0.0	0.0
kam-	0.0567957286449	0.117000588716	0.0118517955949	0.814351887044
ibi-	0.0452476921077	0.915355610454	0.0142374203615	0.0251592770771
jur-	0.403755868544	0.582159624413	0.0	0.0140845070423
sin-	0.306095080607	0.260838476887	0.0341207700941	0.398945672412
bod-	0.113840238329	0.0775646682992	0.0627934053458	0.745801688026
dor-	0.225099308518	0.564955127262	0.132411357952	0.0775342062675
tag-	0.570483553268	0.403215338897	0.0	0.0263011078346
ḷua-	0.136409956076	0.140005856515	0.142383601757	0.581200585652
iḻu-	0.42	0.46	0.0	0.12
pat-	0.174110769748	0.408284852503	0.300923548143	0.116680829606
mur-	0.07732086711	0.742453515889	0.00837156469711	0.171854052304
ror-	0.408732135923	0.47318197906	0.0298951607638	0.0881907242532
lat-	0.0605187319885	0.680115273775	0.129682997118	0.129682997118
kem-	0.0133958472873	0.93703951775	0.0187541862023	0.0308104487609
noy-	0.346740657648	0.176691016987	0.0831504371701	0.393417888195
nok-	0.69695277252	0.154885392835	0.0541799125635	0.0939819220817
gen-	0.0812641083521	0.918735891648	0.0	0.0
som-	0.346811819596	0.242612752722	0.373250388803	0.0373250388803
ake-	0.0	1.0	0.0	0.0
jam-	0.0231809166058	0.907323189527	0.0273042402505	0.0421916536164
uzi-	0.0	1.0	0.0	0.0
kid-	0.0412371134021	0.958762886598	0.0	0.0
rek-	0.246575342466	0.301369863014	0.328767123288	0.123287671233
nig-	0.0	1.0	0.0	0.0
por-	0.211261147072	0.631636073409	0.0689586409002	0.088144138619
pas-	0.0938095462438	0.785978347801	0.020979009071	0.0992330968843
sig-	0.0355478634904	0.0620099211527	0.018020910193	0.884421305164
jum-	0.234375	0.734375	0.03125	0.0
zer-	0.0	1.0	0.0	0.0
yod-	0.0	1.0	0.0	0.0
bak-	0.0373831775701	0.92523364486	0.0373831775701	0.0
oán-	0.211660281455	0.501574175928	0.133141144786	0.15362439783
suk-	0.243970516195	0.710573384827	0.0308736912859	0.0145824076922
rat-	0.1673392246	0.699647545589	0.0929662358891	0.0400469939214
oyú-	0.250770879747	0.173000849883	0.0372415211792	0.538986749191
gug-	0.702054794521	0.231164383562	0.00513698630138	0.0616438356165
epa-	0.00954084675014	0.986881335719	0.0	0.00357781753131
ele-	0.0	1.0	0.0	0.0
sap-	0.0933073363246	0.862153210082	0.0242429937278	0.0202964598652
asi-	0.00517985611511	0.988776978417	0.00172661870504	0.00431654676259
dia-	0.646413463714	0.190684924665	0.035278415545	0.127623196076
nan-	0.586496688307	0.04855489978	0.00937539264769	0.355573019265
oto-	0.359154929578	0.457746478873	0.112676056338	0.0704225352113
ses-	0.234432234432	0.721611721612	0.029304029304	0.014652014652
pok-	0.484763589867	0.315787563113	0.0969594210097	0.10248942601
nog-	0.838037969734	0.081004500993	0.0246674927683	0.0562900365045
iná-	0.0393893071668	0.873040841828	0.00953969693701	0.0780301540686
mog-	0.568977006593	0.26024037888	0.0590525515398	0.111730062987
tol-	0.166872682324	0.283065512979	0.453646477132	0.0964153275649
mel-	0.050743208611	0.938493080472	0.00615069195285	0.00461301896465
kri-	0.0139547706094	0.958442983981	0.00410360041934	0.0234986449899
náp-	0.541935483871	0.18064516129	0.277419354839	0.0
toá-	0.0897755610972	0.581047381546	0.164588528678	0.164588528678
isa-	0.031746031746	0.883597883598	0.0	0.0846560846561
tum-	0.286917332111	0.29577843298	0.147404933619	0.269899301291
mus-	0.272230478264	0.293278072975	0.0312471245509	0.40324432421
eut-	0.129032258064	0.806451612903	0.0322580645161	0.0322580645161
pud-	0.0377358490566	0.962264150943	0.0	0.0
dio-	0.261802575107	0.695278969957	0.0429184549356	0.0
igu-	0.390164867242	0.382952387287	0.0396243007368	0.187258444735
yah-	0.0329900501586	0.758525511161	0.133254445997	0.0752299926835
bab-	0.0422780402885	0.872544143248	0.00497388709277	0.0802039293708
ita-	0.0	0.989949748744	0.0100502512563	0.0
hoi-	0.174414137534	0.318478678448	0.119093353823	0.388013830196
tuh-	0.00815072700451	0.904757533454	0.00450844027769	0.082583299264
oyu-	0.144736842105	0.657894736842	0.105263157895	0.0921052631579
hei-	0.0750247231453	0.473227283661	0.0162771843233	0.43547080887
noḻ-	0.860200511731	0.0653017367834	0.022647546961	0.0518502045247
hur-	0.0617088607595	0.662974683544	0.21835443038	0.0569620253164
waḷ-	0.0907317073171	0.0292682926829	0.13756097561	0.74243902439
sor-	0.00637774874327	0.8401133822	0.109086077463	0.0444227915938
moi-	0.333333333333	0.4375	0.0	0.229166666667
kom-	0.0497265979335	0.0474347614823	0.0104942394549	0.892344401129
bo'-	0.209973753281	0.40586972083	0.212359818659	0.17179670723
rub-	0.0397350993377	0.801324503311	0.0	0.158940397351
kod-	0.405649006481	0.354787367795	0.126367200554	0.113196425171
nád-	0.275839368005	0.098090849243	0.14219881501	0.483870967742
so'-	0.081081081081	0.855855855856	0.045045045045	0.018018018018
tua-	0.339737639411	0.086918317723	0.0139457810225	0.559398261843
oni-	0.151898734177	0.164556962025	0.0253164556962	0.658227848101
non-	0.308346632832	0.114688469398	0.0337531631267	0.543211734643
dod-	0.2484119522	0.37712646274	0.0431689517524	0.331292633307
hiz-	0.0	1.0	0.0	0.0
mal-	0.0339225772452	0.922515380297	0.0132161719385	0.0303458705191
kow-	0.21539595337	0.21703738443	0.0407566215552	0.526810040645
sab-	0.0898678894332	0.691621641877	0.0310688078708	0.187441660819
aki-	0.131147540984	0.751756440281	0.0187353629977	0.0983606557377
nin-	0.0291324274816	0.970867572518	0.0	0.0
roh-	0.0285360914921	0.911464946909	0.0431892396875	0.0168097219113
paj-	0.0388047005299	0.954058802821	0.00579840352747	0.00133809312172
uab-	0.326603325416	0.59026128266	0.0593824228028	0.0237529691211
toy-	0.0598322361435	0.925860055213	0.0105914206838	0.00371628795923
dun-	0.0349317244512	0.874965335202	0.042898244343	0.0472046960038
sir-	0.0592686002522	0.912988650694	0.0277427490542	0.0
mo--	0.323529411765	0.338235294118	0.0	0.338235294118
ta'-	0.0415932950158	0.0183184410933	0.00639721241339	0.933691051478
ump-	0.182399955929	0.0845617433859	0.0307580716984	0.702280228987
ḷak-	0.137096774194	0.802419354839	0.0120967741936	0.0483870967742
ḷob-	0.229707112971	0.67489539749	0.0514644351464	0.0439330543933
and-	0.0440307790631	0.0702580842382	0.0062880557028	0.879423080996
apa-	0.166418743027	0.370849492642	0.108112415662	0.354619348669
ALL	0.222553170208	0.275128462566	0.0508709836644	0.451447383563
ḷab-	0.607537504574	0.287961946579	0.0583973655324	0.046103183315
dud-	0.649373143625	0.185492908475	0.0723605430841	0.0927734048163
ine-	0.0565908925139	0.155807692409	0.00775810181585	0.779843313261
ape-	0.0	1.0	0.0	0.0
uku-	0.47602739726	0.408675799087	0.054794520548	0.060502283105
per-	0.176376507377	0.527411400461	0.157717137058	0.138494955105
ger-	0.0	1.0	0.0	0.0
lum-	0.354954954955	0.234234234234	0.324324324324	0.0864864864865
kui-	0.950554191279	0.0236243026761	0.0258215060449	0.0
mor-	0.239432651107	0.266083714927	0.35565646464	0.138827169326
raj-	0.0320041459372	0.905977348749	0.0155831705349	0.0464353347793
sob-	0.38152309613	0.584019975031	0.00749063670413	0.0269662921348
lid-	0.0115942028985	0.976811594203	0.0	0.0115942028986
guy-	0.0677689919555	0.600672372687	0.266568326444	0.0649903089141
ata-	0.0536425579511	0.845692046064	0.0545556227673	0.0461097732175
si'-	0.0613045586571	0.759719045263	0.0106974397657	0.168278956314
ins-	0.389827362168	0.360497493967	0.141080378689	0.108594765175
baw-	0.401826484018	0.328767123288	0.0867579908676	0.182648401826
dat-	0.0179257362356	0.961587708067	0.0153649167734	0.00512163892445
ire-	0.552805280528	0.216171617162	0.183168316832	0.0478547854786
uan-	0.0449757673667	0.933311793215	0.00491114701131	0.0168012924071
mes-	0.0277589291222	0.921503917093	0.0377829868608	0.0129541669237
i'n-	0.0759493670886	0.46835443038	0.417721518987	0.0379746835443
sed-	0.160745380357	0.163916105725	0.128388387868	0.546950126049
omb-	0.621804511278	0.33984962406	0.0203007518797	0.0180451127819
adi-	0.443648238717	0.400343589426	0.0742122206401	0.0817959512165
koḷ-	0.218748237013	0.387690480902	0.317180869212	0.0763804128724
bin-	0.552558305654	0.283357070583	0.0625265240686	0.101558099694
kur-	0.1776107562	0.770185419326	0.0317933066347	0.0204105178396
nóo-	0.586206896552	0.275862068966	0.103448275862	0.0344827586207
ome-	0.0	1.0	0.0	0.0
nou-	0.298013245033	0.384105960265	0.069536423841	0.248344370861
ram-	0.381245234215	0.486169375532	0.0666540726289	0.0659313176245
gaj-	0.254867817002	0.578914041475	0.0997308849137	0.0664872566091
sec-	0.0158520475561	0.53500660502	0.0792602377807	0.369881109643
haw-	0.051282051282	0.679487179487	0.237179487179	0.0320512820513
tal-	0.219771727213	0.734245265248	0.017581738177	0.0284012693629
gid-	0.0	1.0	0.0	0.0
mez-	0.0	0.986842105263	0.0131578947368	0.0
alp-	0.0	1.0	0.0	0.0
epi-	0.0	0.157894736842	0.842105263158	0.0
ami-	0.00280767430978	0.0797847449696	0.00140383715489	0.916003743566
kos-	0.380365992039	0.434724955647	0.132857520971	0.0520515313436
moḷ-	0.194615606717	0.236901113045	0.449567672323	0.118915607915
paw-	0.518518518518	0.37962962963	0.101851851852	0.0
kab-	0.13098552604	0.730478508362	0.060236655924	0.0782993096741
noc-	0.831032578686	0.168967421314	0.0	0.0
pon-	0.246906476025	0.592622328692	0.0648552180567	0.0956159772267
azu-	0.0	1.0	0.0	0.0
ged-	0.145342886387	0.711361310133	0.0511770726714	0.0921187308086
rap-	0.373333333333	0.36	0.266666666667	0.0
akh-	0.0	0.993398302421	0.0	0.00660169757935
sik-	0.176749489857	0.588884887769	0.0645180650582	0.169847557316
bui-	0.161382659211	0.0967453152306	0.0531558374526	0.688716188106
nga-	0.0314136125654	0.926418565162	0.0076411490024	0.0345266732701
ben-	0.0282951339668	0.941051804236	0.00943171132226	0.0212213504751
bog-	0.0815135734395	0.088909311044	0.816098493137	0.0134786223798
ḷop-	0.329294508501	0.612077389095	0.0527652921634	0.00586281024037
goa-	0.147540983607	0.713114754099	0.0737704918032	0.0655737704918
uga-	0.643734643735	0.165847665848	0.17199017199	0.0184275184275
pin-	0.50197614736	0.294278394958	0.0517455023896	0.151999955292
pog-	0.505490703869	0.308072393272	0.0549755206276	0.131461382231
amp-	0.655516031553	0.289156278389	0.0188816720041	0.0364460180544
bun-	0.172687098178	0.660569837253	0.0411430500299	0.125600014538
ili-	0.0	1.0	0.0	0.0
lam-	0.0376344086022	0.860215053763	0.0779569892473	0.0241935483871
nar-	0.0347204622717	0.915445462468	0.0437069348597	0.00612714040089
kaj-	0.403329065301	0.250960307298	0.222791293214	0.122919334187
usu-	0.0725806451613	0.673387096774	0.157258064516	0.0967741935484
sat-	0.175409168771	0.717923093463	0.0311537519825	0.0755139857837
gur-	0.0563528725771	0.681781194042	0.0229547242323	0.238911209149
adí-	0.0360174094385	0.821651724298	0.0145397271158	0.127791139148
rak-	0.101587301587	0.850793650794	0.0	0.0476190476191
dik-	0.351571999932	0.145970256238	0.0665508538101	0.43590689002
ḻim-	0.309406330778	0.383113764606	0.0304407175284	0.277039187088
nya-	0.329772610765	0.436142896676	0.0464925320095	0.18759196055
kis-	0.158520475561	0.339498018494	0.501981505945	0.0
sun-	0.368041296622	0.580354418689	0.0300159150319	0.0215883696575
bob-	0.0564999535607	0.67603170663	0.0311300734717	0.236338266337
hag-	0.282608695652	0.608695652174	0.0760869565217	0.0326086956522
mom-	0.450254596434	0.338917387629	0.105061449651	0.105766566286
ban-	0.164005619907	0.669452905779	0.064190724185	0.102350750128
adr-	0.0	0.961240310078	0.015503875969	0.0232558139535
doí-	0.370624023813	0.0693409765552	0.0318921880494	0.528142811583
kac-	0.0	0.878661087866	0.121338912134	0.0
ter-	0.232679738562	0.723747276688	0.0235294117647	0.0200435729847
náo-	0.123216478981	0.128234601646	0.0233747181288	0.725174201245
iyi-	0.315789473684	0.515789473684	0.168421052632	0.0
zai-	0.00108069164265	0.936239193084	0.0626801152737	0.0
noj-	0.0833333333333	0.817269076305	0.0240963855422	0.0753012048192
did-	0.27127270308	0.618122546737	0.0861552790899	0.0244494710931
o'i-	0.236265709156	0.531777378815	0.157271095153	0.0746858168761
nam-	0.427708326275	0.0118370410067	0.00494835539047	0.555506277328
ebe-	0.0	1.0	0.0	0.0
ale-	0.0577350111029	0.79422649889	0.133234641007	0.0148038490007
ker-	0.119960407156	0.694558938675	0.051042266838	0.13443838733
tid-	0.271144278607	0.151741293532	0.323383084577	0.253731343284
sid-	0.184582873943	0.60520029401	0.165564130834	0.0446527012128
bon-	0.0834061779634	0.12611881064	0.0277528743628	0.762722137034
oli-	0.0	1.0	0.0	0.0
mod-	0.398588989381	0.210989373658	0.128277604567	0.262144032394
tok-	0.421711118466	0.392417716867	0.0820138087789	0.103857355888
kon-	0.0188384108318	0.00516440094767	0.00272355994247	0.973273628278
eli-	0.0107444359171	0.938150618887	0.0016529901411	0.0494519550544
eis-	0.0	0.977722772277	0.0222772277228	0.0
yul-	0.0	1.0	0.0	0.0
imu-	0.256097560976	0.378048780488	0.0914634146341	0.274390243902
taḻ-	0.541375872383	0.281156530409	0.1296111665	0.0478564307079
ahl-	0.019693654267	0.954048140044	0.0262582056893	0.0
mut-	0.033479878255	0.885356780521	0.0629015894487	0.0182617517755
jab-	0.0	0.788617886179	0.211382113821	0.0
gal-	0.00976290097629	0.967347608499	0.013372713102	0.00951677742227
gio-	0.324717285945	0.568659127625	0.0823909531502	0.0242326332795
omp-	0.0758706467662	0.439054726368	0.475124378109	0.00995024875622
ene-	0.0	1.0	0.0	0.0
pan-	0.137553799897	0.582761998689	0.156793474162	0.122890727252
noḷ-	0.579783725713	0.193652587223	0.135243121318	0.0913205657458
diá-	0.155960575911	0.0624091529435	0.0217161379499	0.759914133195
nim-	0.284329563813	0.56704361874	0.00969305331178	0.138933764136
dig-	0.0857142857143	0.860714285714	0.0321428571429	0.0214285714286
tor-	0.358151210385	0.34032193895	0.066574190651	0.234952660014
all-	0.029121194337	0.909251331057	0.0194130611599	0.042214413446
sen-	0.214285714286	0.763157894737	0.0225563909774	0.0
nah-	0.0	1.0	0.0	0.0
tug-	0.186706497386	0.333001410671	0.173263629574	0.307028462368
ai--	0.289696867915	0.358300445042	0.264673776136	0.0873289109077
pug-	0.0116279069767	0.988372093023	0.0	0.0
ina-	0.482880389667	0.268877196862	0.0520651745461	0.196177238925
mai-	0.287910261737	0.398005816369	0.0785209804736	0.235562941421
pen-	0.065873015873	0.890476190476	0.0357142857143	0.00793650793652
ka'-	0.335203167789	0.500865976026	0.0452093140427	0.118721542143
aha-	0.0	1.0	0.0	0.0
umu-	0.377282543033	0.10585956515	0.0529758852636	0.463882006553
ḷog-	0.668519253672	0.109170305677	0.127034537515	0.0952759031362
buḷ-	0.0257496520732	0.851540994059	0.0561127834761	0.0665965703916
kni-	0.0888888888889	0.911111111111	0.0	0.0
ḷoḻ-	0.253511966701	0.690484449069	0.0241357382356	0.0318678459937
aja-	0.20429671666	0.450344548034	0.30644507499	0.0389136603162
isr-	0.0157989255952	0.932327286807	0.0110774076013	0.0407963799966
und-	0.617661599308	0.275305895439	0.0409096527006	0.0661228525522
tuḷ-	0.137057870222	0.741717444931	0.0601925481559	0.0610321366914
yor-	0.0	0.996715071601	0.0	0.00328492839897
puḻ-	0.0534165271648	0.911961649673	0.0207730938974	0.0138487292649
kau-	0.025	0.925	0.0	0.05
iba-	0.0472139588568	0.305688967272	0.229957047202	0.417140026669
ino-	0.744121859658	0.12864076822	0.0264240204443	0.100813351678
ḻem-	0.221935535891	0.158821987946	0.599891148783	0.0193513273801
bas-	0.126179245283	0.593160377359	0.188679245283	0.0919811320755
koí-	0.125195618153	0.264475743349	0.0	0.610328638498
de'-	0.0633253121917	0.122502267064	0.0224891257181	0.791683295027
koy-	0.36118109373	0.281499536321	0.042089056079	0.31523031387
yes-	0.0151154279473	0.679311233641	0.00317414426218	0.30239919415
mid-	0.0281690140845	0.887323943662	0.0845070422535	0.0
teo-	0.154761904762	0.559523809524	0.142857142857	0.142857142857
po'-	0.404616155285	0.358251471947	0.0514971735501	0.185635199218
ḷag-	0.191119122896	0.389297515343	0.014435927181	0.40514743458
ang-	0.243293086175	0.660491891127	0.0314533603121	0.0647616623862
pun-	0.241379310345	0.704980842912	0.0536398467433	0.0
dug-	0.122807272776	0.826163420476	0.0266319560195	0.0243973507291
ito-	0.107271444437	0.76170474596	0.0674188964435	0.0636049131589
tur-	0.21572310169	0.492084786692	0.0901529380199	0.202039173598
day-	0.245439792072	0.605613819211	0.0726211739299	0.0763252147873
tah-	0.39879636453	0.487595185458	0.0135101940555	0.100098255957
666-	0.0196078431372	0.0	0.0	0.980392156863
kop-	0.245831444104	0.343424011191	0.0755392621869	0.335205282518
tud-	0.111319062596	0.0743723339841	0.0120385101071	0.802270093313
sod-	0.0094562647754	0.990543735225	0.0	0.0
ont-	0.580159347066	0.244461717839	0.0937621453557	0.0816167897396
kun-	0.687643898695	0.0544896392939	0.0	0.257866462011
har-	0.237064198824	0.587800477272	0.12991094814	0.0452243757639
kan-	0.115006751409	0.776039484099	0.0726358429948	0.0363179214974
nei-	0.537313432836	0.238805970149	0.044776119403	0.179104477612
agi-	0.140845070423	0.239436619718	0.0	0.619718309859
aid-	0.513500117966	0.219223740974	0.088337455404	0.178938685656
iḷo-	0.606341233754	0.325967061638	0.0341003323964	0.0335913722113
sus-	0.106874059207	0.829904666332	0.0421475163071	0.0210737581535
muḷ-	0.305194805195	0.564935064935	0.0	0.12987012987
baḷ-	0.0979290501548	0.77880302235	0.0163676066549	0.10690032084
ill-	0.4	0.571428571429	0.0	0.0285714285714
sio-	0.037697613079	0.655956728219	0.0941739627849	0.212171695917
bum-	0.0891530460624	0.90760502499	0.00324192894774	0.0
uya-	0.0966122961104	0.830614805521	0.0526976160603	0.0200752823087
jaw-	0.146708874577	0.419386529855	0.120074227704	0.313830367864
uak-	0.162103746398	0.793948126801	0.0158501440922	0.0280979827089
log-	0.0604026845638	0.335570469799	0.563758389262	0.0402684563759
kum-	0.400487837036	0.147655710573	0.0707294308684	0.381127021522
tod-	0.296164139161	0.276538804639	0.0187332738626	0.408563782337
met-	0.0974106041923	0.887792848335	0.0123304562269	0.00246609124538
tao-	0.0738777538512	0.873115785986	0.0261719397052	0.0268345204572
biḷ-	0.0724043715847	0.0532786885246	0.841530054645	0.0327868852459
gog-	0.183940829547	0.315962486706	0.299719617132	0.200377066615
iho-	0.395352500985	0.116660102403	0.430090586845	0.0578968097676
dap-	0.220102292972	0.162490661456	0.0569507499569	0.560456295615
hez-	0.0	1.0	0.0	0.0
ken-	0.262645914397	0.70233463035	0.0233463035019	0.011673151751
móo-	0.384068278805	0.573257467994	0.0106685633001	0.0320056899004
dim-	0.0796458372626	0.787899949536	0.0869350242888	0.0455191889123
tit-	0.0581128802428	0.884641595936	0.0247196580138	0.0325258658076
bub-	0.023942537909	0.927752341748	0.0193220481371	0.0289830722056
eta-	0.508910970753	0.22609325341	0.0222070241783	0.242788751659
mat-	0.278352191071	0.565050775733	0.0751365538667	0.0814604793295
kla-	0.0104712041885	0.989528795812	0.0	0.0
sih-	0.364285714286	0.592857142857	0.0428571428571	0.0
aka-	0.0951974390463	0.0235351956055	0.00542706574625	0.875840299602
kin-	0.534609693208	0.224073120724	0.0915950128819	0.149722173187
bem-	0.0	0.955428571429	0.0377142857143	0.00685714285714
adm-	0.0	1.0	0.0	0.0
mem-	0.216780774343	0.173274369764	0.0802259558591	0.529718900034
obí-	0.242774566474	0.156069364162	0.514450867052	0.0867052023121
par-	0.119489505751	0.759215949698	0.0400619945816	0.0812325499694
rog-	0.138181818182	0.77696969697	0.0557575757576	0.0290909090909
but-	0.0586125111177	0.839060183813	0.0308404980729	0.0714868069967
boḷ-	0.221452244652	0.732600180777	0.013558300693	0.0323892738777
guh-	0.0307455803229	0.923136049193	0.0399692544197	0.00614911606457
yoe-	0.0	1.0	0.0	0.0
baj-	0.104651162791	0.825581395349	0.0	0.0697674418605
zeu-	0.0185758513932	0.94427244582	0.0371517027863	0.0
hor-	0.237715331307	0.622565805864	0.0386528993995	0.10106596343
pom-	0.258190544828	0.373819430155	0.0773475656282	0.290642459389
hib-	0.14	0.6	0.18	0.08
dom-	0.0939992006967	0.0920929439202	0.0656396784124	0.748268176971
hik-	0.0717131474103	0.812749003984	0.0239043824701	0.0916334661354
bib-	0.110298486516	0.804534455094	0.024708712875	0.0604583455153
tre-	0.0	0.735294117647	0.0	0.264705882353
gay-	0.0161290322581	0.983870967742	0.0	0.0
boo-	0.00752823086575	0.0828105395232	0.0	0.909661229611
beb-	0.469387755102	0.448979591837	0.0816326530612	0.0
ira-	0.466540214397	0.337945122004	0.133375674817	0.0621389887824
uḷo-	0.0256849315068	0.837328767123	0.0	0.13698630137
gob-	0.087910227702	0.853380174156	0.0054274389158	0.0532821592262
uno-	0.0850546780073	0.608748481167	0.280680437424	0.0255164034022
iyu-	0.439056356488	0.319790301442	0.0766710353866	0.164482306684
dan-	0.115523757949	0.833811600109	0.0153250073973	0.0353396345446
iro-	0.551015860045	0.229914942614	0.134828956654	0.0842402406864
ser-	0.0154776577145	0.963885465333	0.00515921923816	0.0154776577145
bil-	0.0129953072502	0.105656290784	0.877349845889	0.00399855607697
aim-	0.632164335238	0.0506002920932	0.0316330008976	0.285602371771
bam-	0.184015356203	0.395224384875	0.0236744902718	0.397085768649
mis-	0.0	1.0	0.0	0.0
elm-	0.0	1.0	0.0	0.0
tog-	0.199243981648	0.694878761838	0.0422427140478	0.0636345424655
ran-	0.0964749536178	0.875695732839	0.0166975881262	0.0111317254175
alk-	0.059405940594	0.628712871287	0.039603960396	0.272277227723
din-	0.690747855397	0.157505012061	0.0412072277512	0.110539904791
uji-	0.656516443362	0.26796589525	0.0219244823386	0.0535931790499
yai-	0.129462041227	0.852103234456	0.00335176805766	0.0150829562594
zel-	0.00349650349649	0.986013986014	0.0104895104895	0.0
yon-	0.320781032078	0.476522547652	0.152487215249	0.0502092050209
rin-	0.237661112858	0.551084564602	0.052813580635	0.158440741905
kob-	0.224605021124	0.582237910225	0.0789111952135	0.114245873437
agr-	0.00140056022409	0.987394957983	0.00560224089635	0.00560224089636
tuo-	0.702064896755	0.297935103245	0.0	0.0
pig-	0.0	1.0	0.0	0.0
sos-	0.174530639212	0.77114646993	0.0185358512727	0.035787039586
kle-	0.0106007067138	0.946996466431	0.0424028268551	0.0
don-	0.336224697029	0.167259713304	0.0498184348421	0.446697154825
deg-	0.342684530062	0.0576563542554	0.00396377113185	0.595695344551
kua-	0.176352705411	0.673346693387	0.102204408818	0.0480961923847
moj-	0.230332522303	0.193836171938	0.553933495539	0.021897810219
tat-	0.200821817086	0.00640427666463	0.000898415200941	0.791875491049
bit-	0.0105633802817	0.93661971831	0.0528169014084	0.0
uri-	0.0	1.0	0.0	0.0
maḷ-	0.164362519201	0.229646697389	0.564516129032	0.0414746543779
ron-	0.263379115496	0.567102576906	0.0879826562925	0.0815356513055
nom-	0.627195265618	0.225435964777	0.0572631184012	0.0901056512033
nia-	0.439555921053	0.302220394737	0.0641447368421	0.194078947368
pot-	0.521795573714	0.336445013412	0.0578724962631	0.0838869166106
doḷ-	0.0375818590558	0.863600821034	0.032059427231	0.0667578926791
mam-	0.808334692995	0.033099288092	0.00859450794246	0.14997151097
arn-	0.0	1.0	0.0	0.0
esa-	0.102079395085	0.837429111531	0.0	0.0604914933837
kor-	0.243390056755	0.542170710543	0.150113243147	0.0643259895547
oḷu-	0.213622291022	0.743034055728	0.0433436532508	0.0
sia-	0.0316325739274	0.048051787762	0.00395194011242	0.916363698198
imp-	0.215530683299	0.123747783925	0.507315718649	0.153405814127
daḻ-	0.241670272609	0.220250973604	0.111423626136	0.42665512765
boi-	0.123417721519	0.579113924051	0.29746835443	0.0
sis-	0.309419645288	0.690580354712	0.0	0.0
gil-	0.0725806451613	0.83064516129	0.0725806451613	0.0241935483871
ibo-	0.305978269256	0.418958277061	0.0945269336102	0.180536520073
mag-	0.347484716263	0.308044775575	0.0458208247749	0.298649683387
emp-	0.133928571429	0.4375	0.0	0.428571428571
pai-	0.641887796197	0.220517339654	0.0292472175002	0.108347646648
mos-	0.179441450401	0.132442092891	0.044569251141	0.643547205567
doi-	0.155516030929	0.784341124521	0.0222394874068	0.0379033571429
kok-	0.285107695918	0.53731075611	0.130562888225	0.0470186597472
sur-	0.337412439868	0.580398586981	0.0213399563556	0.0608490167947
sak-	0.219409914632	0.579002546054	0.0575108581698	0.144076681144
ḷoḷ-	0.0551610962412	0.761248196972	0.0522106862692	0.131380020518
gop-	0.148	0.804	0.048	0.0
kho-	0.0	1.0	0.0	0.0
moí-	0.0970873786408	0.800715380685	0.0408788962698	0.0613183444047
mac-	0.0	0.96875	0.03125	0.0
oin-	0.695420402229	0.24351829416	0.0192230029885	0.0418383006219
bet-	0.021453044013	0.962698761311	0.00367214266889	0.0121760520074
maj-	0.259067357513	0.709844559585	0.0	0.0310880829016
epr-	0.0	1.0	0.0	0.0
sal-	0.270822849713	0.686240775548	0.00780661358895	0.0351297611503
puj-	0.389520055646	0.445629492233	0.0667748666821	0.0980755854393
isk-	0.0036563071298	0.99634369287	0.0	0.0
gab-	0.0783801436969	0.829359895493	0.0922599608099	0.0
sek-	0.140752864157	0.819967266776	0.0392798690671	0.0
ind-	0.467813892092	0.229606058477	0.173681732363	0.128898317068
yan-	0.276549612178	0.624203679281	0.0254822630038	0.0737644455372
yar-	0.0	1.0	0.0	0.0
gua-	0.172413793103	0.689655172414	0.0689655172414	0.0689655172414
yun-	0.0269339777208	0.636644348437	0.330244537639	0.00617713620315
min-	0.641292460915	0.0654986182191	0.168040329679	0.125168591186
diu-	0.226858654129	0.23920070526	0.0694240376139	0.464516602997
boḻ-	0.348148621284	0.504775299414	0.0335977990013	0.1134782803
ḷam-	0.269847039228	0.660265943275	0.032468756004	0.0374182614924
dui-	0.0314383023317	0.968561697668	0.0	0.0
kut-	0.28312788906	0.592064714946	0.0508474576271	0.0739599383666
mui-	0.0	0.0322836939537	0.967716306046	0.0
das-	0.298969072165	0.340206185567	0.144329896907	0.216494845361
tab-	0.18159794102	0.690955392892	0.0618251912087	0.0656214748794
igo-	0.496503496503	0.0	0.0	0.503496503497
akw-	0.014985014985	0.976023976024	0.0	0.008991008991
kot-	0.328210497738	0.45820596499	0.0653530959383	0.148230441333
kre-	0.00129813933362	0.983124188663	0.0	0.0155776720035
kar-	0.199948959267	0.656483417986	0.055553480729	0.0880141420177
soa-	0.692307692308	0.123076923077	0.123076923077	0.0615384615385
ark-	0.142533936652	0.857466063348	0.0	0.0
kay-	0.233519836744	0.686739407684	0.0221761165593	0.0575646390126
kus-	0.16957605985	0.743142144638	0.0872817955112	0.0
koá-	0.483306778583	0.314701426563	0.0810978771673	0.120893917687
sah-	0.147430395255	0.0832684939086	0.0289997294222	0.740301381414
bea-	0.119828815977	0.760342368046	0.0513552068474	0.0684736091298
ist-	0.105066445183	0.770764119601	0.0656146179402	0.0585548172757
imo-	0.324931489865	0.278377178613	0.210627940189	0.186063391333
ray-	0.21568627451	0.673202614379	0.0915032679738	0.0196078431373
ung-	0.0229995208433	0.965500718735	0.0	0.0114997604217
cah-	0.6	0.0222222222222	0.377777777778	0.0
not-	0.551591288802	0.196586043951	0.0832969117062	0.168525755541
tak-	0.0592712096476	0.0427978292262	0.0142269510611	0.883704010065
oḷa-	0.637404580153	0.18606870229	0.0419847328244	0.134541984733
lew-	0.0431654676259	0.945213060321	0.00332042058661	0.00830105146652
mun-	0.170448918049	0.138461165637	0.285509817797	0.405580098516
dop-	0.139830508475	0.775423728814	0.0254237288136	0.0593220338983
uat-	0.048154093098	0.887640449438	0.0553772070626	0.00882825040128
got-	0.0644761314321	0.8890266584	0.0353378797272	0.0111593304402
peg-	0.0377358490566	0.924528301887	0.0377358490566	0.0
oḻi-	0.155759660908	0.692713277664	0.0766100506098	0.0749170108174
are-	0.0	1.0	0.0	0.0
one-	0.119589977221	0.825740318907	0.0136674259681	0.0410022779043
nob-	0.475196625941	0.177278182409	0.192281416559	0.155243775091
sto-	0.0	0.113636363636	0.886363636364	0.0
rep-	0.0	0.963503649635	0.036496350365	0.0
126-	0.179104477612	0.126865671642	0.0	0.694029850746
yuá-	0.132399584857	0.292540035113	0.0362765162905	0.53878386374
sil-	0.16014764744	0.785830750883	0.0158409207927	0.0381806808849
430-	0.344827586207	0.0	0.0	0.655172413793
gud-	0.101910828025	0.789808917197	0.108280254777	0.0
aog-	0.115606936416	0.848265895954	0.03612716763	0.0
bua-	0.453531829245	0.437620531736	0.0526682124285	0.0561794265904
nad-	0.18668971478	0.564390665514	0.0	0.248919619706
kib-	0.235888294712	0.201128936423	0.510695187166	0.0522875816994
oig-	0.0188087774295	0.905956112853	0.0564263322884	0.0188087774295
him-	0.0	1.0	0.0	0.0
rai-	0.340486863157	0.470195829532	0.0683287714706	0.12098853584
tik-	0.069512195122	0.896341463415	0.0	0.0341463414634
ga'-	0.279890239122	0.466091728734	0.195217561741	0.0588004704038
neg-	0.0714957666981	0.816556914393	0.00752587017876	0.10442144873
pim-	0.19459988048	0.688053457924	0.0488944423317	0.0684522192644
sau-	0.0339002396987	0.940988471636	0.00616367994521	0.0189476087205
umo-	0.239583333333	0.640625	0.0572916666666	0.0625
pri-	0.0	0.98719772404	0.0106685633002	0.00213371266003
tro-	0.00447427293066	0.991051454139	0.0	0.00447427293066
táo-	0.0384615384615	0.5	0.166666666667	0.294871794872
bom-	0.0706638115631	0.128479657388	0.0578158458244	0.743040685225
kit-	0.0333460565438	0.031143753144	0.00693201860763	0.928578171705
uḷu-	0.03944747385	0.927735442642	0.0139305170812	0.0188865664273
gol-	0.134446397188	0.764499121265	0.02460456942	0.0764499121265
ela-	0.109090909091	0.890909090909	0.0	0.0
iyo-	0.533778767632	0.396436525612	0.0311804008908	0.0386043058648
yud-	0.0170343907637	0.959890219408	0.0036797963846	0.0193955934438
o'o-	0.20391429689	0.549450231062	0.038462095641	0.208173376407
nag-	0.015748031496	0.963254593176	0.00262467191601	0.0183727034121
kuḻ-	0.253887559809	0.650119617225	0.0107655502392	0.0852272727273
bai-	0.280019116209	0.109940428559	0.0235618387125	0.58647861652
leg-	0.0397350993378	0.880794701987	0.0	0.0794701986754
arp-	0.0	1.0	0.0	0.0
itu-	0.0	0.990291262136	0.00970873786408	0.0
ara-	0.0980376972757	0.863707466662	0.0326792324253	0.00557560363653
had-	0.100318471338	0.857749469214	0.0323779193206	0.0095541401274
kad-	0.472227178873	0.405452598843	0.0500904942772	0.0722297280073
des-	0.113144758735	0.806988352745	0.0399334442595	0.0399334442596
yek-	0.673881846448	0.326118153552	0.0	0.0
ras-	0.0715062645583	0.830661960124	0.0454680717885	0.0523637035289
upa-	0.283076923077	0.59282051282	0.109743589744	0.014358974359
oai-	0.314974182444	0.261617900172	0.21686746988	0.206540447504
man-	0.344448827484	0.165638274968	0.0501937210833	0.439719176465
toj-	0.0965435041716	0.646007151371	0.100119189511	0.157330154946
men-	0.173724212812	0.705633972735	0.0	0.120641814453
rob-	0.507177033493	0.157894736842	0.143540669856	0.191387559809
kes-	0.628825820812	0.204229271007	0.0333889816361	0.133555926544
taḷ-	0.338018777771	0.402046439078	0.107583707631	0.15235107552
ain-	0.751993029525	0.0364879750669	0.012473833091	0.199045162318
noi-	0.700626959248	0.247648902821	0.0329153605016	0.0188087774295
tap-	0.133933015283	0.823409446812	0.0273620063853	0.0152955315197
uru-	0.324665090622	0.458234830575	0.137115839243	0.0799842395588
ibr-	0.0	0.970234404068	0.0260448964405	0.0037206994915
sol-	0.214482069632	0.170410322041	0.0249105440489	0.590197064278
mow-	0.0833333333333	0.892857142857	0.0	0.0238095238095
paḷ-	0.333072713057	0.530883502737	0.118842845973	0.017200938233
koo-	0.22378516624	0.699488491049	0.0	0.076726342711
aby-	0.290657439446	0.501730103806	0.103806228374	0.103806228374
kaw-	0.099277437885	0.709710192001	0.0432254326835	0.14778693743
yum-	0.397388059702	0.477611940299	0.0391791044776	0.0858208955224
toḻ-	0.335048650592	0.467090627177	0.074155636952	0.123705085279
pam-	0.0	1.0	0.0	0.0
laz-	0.0364042790994	0.891266166374	0.0100590771196	0.062270477407
rim-	0.59558117195	0.217098943324	0.0648414985591	0.122478386167
tuj-	0.19387755102	0.522626441881	0.157941437445	0.125554569654
dae-	0.120992761117	0.798345398139	0.0124095139607	0.0682523267839
jub-	0.0766926804766	0.850172546904	0.0239170472621	0.0492177253574
dru-	0.0	0.960784313725	0.0392156862745	0.0
nil-	0.160173160173	0.515151515152	0.180375180375	0.1443001443
maz-	0.00242365487155	0.997576345128	0.0	0.0
hal-	0.285714285714	0.110204081633	0.244897959184	0.359183673469
leb-	0.100531060887	0.07607755959	0.470544646165	0.352846733358
mon-	0.120808996478	0.0993244624598	0.0388484363983	0.741018104664
kaḷ-	0.439238653002	0.525622254758	0.0351390922401	0.0
tou-	0.459886291851	0.257106759318	0.17687934302	0.106127605812
ḻit-	0.16648531012	0.750544069641	0.0467899891186	0.0361806311208
tho-	0.0149253731343	0.940298507463	0.0	0.044776119403
ano-	0.0618556701031	0.618556701031	0.319587628866	0.0
asy-	0.0	1.0	0.0	0.0
pit-	0.0230820171851	0.244829673948	0.0263519696197	0.705736339247
opa-	0.0610340205368	0.184225361523	0.00982156652316	0.744919051417
sip-	0.28878768948	0.563000019346	0.0817430384524	0.0664692527208
lap-	0.351912568306	0.479781420765	0.0327868852459	0.135519125683
kái-	0.470149253731	0.485074626866	0.0	0.0447761194029
las-	0.056338028169	0.93896713615	0.00469483568075	0.0
eti-	0.244444444444	0.344444444445	0.411111111111	0.0
mói-	0.307086614173	0.503937007874	0.0236220472441	0.165354330709
gad-	0.0139211136891	0.888631090487	0.0417633410672	0.0556844547563
ent-	0.438413361169	0.315647436224	0.131880441978	0.114058760629
pad-	0.192545474897	0.550543323163	0.0372095203001	0.21970168164
huk-	0.179684112324	0.76214555525	0.0227720180612	0.0353983143647
yus-	0.0154479052976	0.978423306188	0.00100747208463	0.00512131643019
yos-	0.133433209897	0.791565116566	0.0436056241495	0.0313960493876
gah-	0.037037037037	0.907407407407	0.037037037037	0.0185185185185
sea-	0.0	1.0	0.0	0.0
reb-	0.0756143667297	0.754253308129	0.113421550095	0.0567107750473
dum-	0.478382895341	0.286845844716	0.0432425402994	0.191528719643
ema-	0.0666666666667	0.933333333333	0.0	0.0
zeb-	0.0	0.996960486322	0.00303951367781	0.0
pis-	0.211409395973	0.788590604027	0.0	0.0
rup-	0.235336475517	0.557573972244	0.094592825347	0.112496726892
ten-	0.0280373831776	0.943925233645	0.0280373831776	0.0
nai-	0.0	0.931034482759	0.0	0.0689655172414
pet-	0.0166282901058	0.935321227537	0.00188679904542	0.0461636833113
his-	0.0422535211268	0.704225352113	0.253521126761	0.0
rad-	0.048	0.952	0.0	0.0
apo-	0.0231184176728	0.960955561264	0.0	0.0159260210635
yas-	0.139272271016	0.838143036386	0.0	0.0225846925972
noí-	0.413891531874	0.304947668887	0.212654614653	0.0685061845861
kuo-	0.473684210526	0.321981424149	0.167182662539	0.0371517027864
mop-	0.368296515112	0.313882109488	0.179329768232	0.138491607167
rit-	0.840816326531	0.0448979591837	0.0163265306122	0.0979591836735
nop-	0.557102263489	0.162944993457	0.0884091158379	0.191543627216
lot-	0.0439189189189	0.887668918919	0.0684121621621	0.0
obe-	0.0	1.0	0.0	0.0
ish-	0.00779312787815	0.964576691463	0.00637619553666	0.0212539851222
ḻia-	0.717741935484	0.137096774194	0.145161290323	0.0
tu'-	0.494767589688	0.246244616934	0.0882912931971	0.170696500181
u'u-	0.752066115703	0.148760330579	0.0	0.0991735537189
pod-	0.398535673388	0.152938719214	0.0582042114422	0.390321395956
ima-	0.0441907347794	0.873427630607	0.0509893093608	0.0313923252532
nay-	0.177503686821	0.143048666041	0.0246681860839	0.654779461054
sel-	0.138504155125	0.645429362881	0.0498614958449	0.16620498615
nuh-	0.0	1.0	0.0	0.0
kuy-	0.351779417554	0.403147588217	0.0984982369151	0.146574757314
ado-	0.161833489242	0.578110383536	0.170252572498	0.0898035547241
300-	0.10165184244	0.387547649301	0.345616264295	0.165184243964
mik-	0.0181268882175	0.981873111782	0.0	0.0
kóm-	0.249584026622	0.633943427621	0.0665557404326	0.0499168053245
iap-	0.287804878049	0.617073170732	0.0292682926829	0.0658536585365
jut-	0.0382897255903	0.818123803446	0.0287172941927	0.114869176771
ilo-	0.0756932107824	0.492855487758	0.35266857187	0.07878272959
ihi-	0.380077369439	0.34912959381	0.195357833656	0.0754352030948
na'-	0.409295298318	0.0765225804071	0.00796931368601	0.506212807589
wak-	0.193153217773	0.247975896319	0.00811792702522	0.550752958883
moa-	0.0455311973018	0.526138279933	0.428330522766	0.0
dot-	0.0739364360115	0.38404738918	0.146417430369	0.395598744439
tad-	0.00530503978779	0.899204244032	0.0	0.0954907161804
tan-	0.175360700117	0.22595869203	0.0306592456894	0.568021362163
hub-	0.26113225998	0.461390703035	0.135333356616	0.142143680369
bar-	0.158212320185	0.603696360202	0.173298383181	0.0647929364322
moy-	0.297537257522	0.247737815056	0.110525918721	0.3441990087
nea-	0.0	1.0	0.0	0.0
aga-	0.0380024426179	0.853185349682	0.0640493722663	0.044762835434
wil-	0.182207931404	0.657020364416	0.096463022508	0.064308681672
