-cac	0.285559330685	0.328866982501	0.215692842673	0.16988084414
-cab	0.0395789812594	0.89658654868	0.0308331205769	0.0330013494835
-caj	0.132320663531	0.616050097944	0.00682228093245	0.244806957593
-tz'	0.384735812133	0.587279843444	0.0123287671233	0.0156555772994
-can	0.158113730929	0.766359853738	0.0345479762956	0.0409784390367
-cal	0.063669023723	0.23859821535	0.0643707865095	0.633361974417
-cas	0.00793650793651	0.984126984127	0.0	0.0079365079365
-car	0.0422297297297	0.907094594595	0.0168918918919	0.0337837837838
-hen	0.172589039004	0.189036854039	0.0714066782843	0.566967428673
-pu'	0.574324324324	0.182432432432	0.0810810810811	0.162162162162
-ive	0.12323943662	0.87676056338	0.0	0.0
-'-u	0.564814814815	0.194444444444	0.185185185185	0.0555555555556
-caz	0.0	1.0	0.0	0.0
-cax	0.0639625585024	0.921996879875	0.0117004680187	0.00234009360375
-jüp	0.187096774194	0.812903225806	0.0	0.0
-hbi	0.714285714286	0.203836243916	0.025765817349	0.0561122244489
-xen	0.547105869595	0.136098685102	0.0281957435272	0.288599701776
-len	0.180924293599	0.729267979241	0.0394233462394	0.050384380921
-'be	0.347368421053	0.4	0.115789473684	0.136842105263
-oyo	0.391791044776	0.175373134328	0.044776119403	0.388059701493
-'bi	0.611859585536	0.258430321879	0.0627281309221	0.0669819616628
-zin	0.0724346076459	0.79476861167	0.0362173038229	0.0965794768611
-zil	0.141703739855	0.678229859962	0.116357726051	0.0637086741321
-nso	0.0617919670443	0.938208032956	0.0	0.0
-zii	0.248434237996	0.620041753653	0.0375782881002	0.0939457202505
-'i'	0.254465673911	0.361296341084	0.307846456829	0.0763915281761
-op'	0.0860778443114	0.86002994012	0.0404191616767	0.0134730538922
-aum	0.0206355757326	0.97069748246	0.00866694180768	0.0
-zic	0.555055775459	0.363979848866	0.0350845627923	0.0458798128824
-zia	0.0	0.740540540541	0.0648648648649	0.194594594595
-nti	0.426065162907	0.370927318296	0.127819548872	0.0751879699248
-mun	0.0	1.0	0.0	0.0
-ca'	0.206249909193	0.0325802931069	0.00724018126384	0.753929616437
-nto	0.128580686973	0.52712896954	0.0212572909916	0.323033052495
-süc	0.0259679676567	0.273052402426	0.675167159073	0.0258124708444
-nta	0.0716377357415	0.320614291	0.0222041880354	0.585543785223
-nte	0.541964332221	0.300368467139	0.0668643696418	0.0908028309979
-ual	0.196506550218	0.606986899563	0.147379912664	0.0491266375546
-uan	0.0384121324417	0.93500144026	0.00821337651519	0.0183730507828
-pul	0.214454089059	0.143615394351	0.122806231147	0.519124285443
-he'	0.0614928732395	0.843870081178	0.0441658396175	0.0504712059649
-lta	0.293766011956	0.706233988044	0.0	0.0
-hel	0.122324159021	0.865443425076	0.0	0.0122324159021
-pre	0.0203411046784	0.967532467532	0.00625880143952	0.00586762634955
-'ix	0.0114942528736	0.890804597701	0.0977011494253	0.0
-üjü	0.168934035281	0.150998181662	0.66057539437	0.0194923886863
-'iu	0.383177570093	0.252336448598	0.0654205607477	0.299065420561
-xe'	0.734269662921	0.155617977528	0.0977528089888	0.0123595505618
-'is	0.19747490819	0.659396420493	0.0400350898317	0.103093581485
-rba	0.314685314685	0.685314685315	0.0	0.0
-xbi	0.380910034089	0.523343708315	0.0452052764192	0.0505409811769
-'in	0.0153752781712	0.925079236631	0.0120035066424	0.0475419785555
-'il	0.214548625839	0.491783439297	0.125947965508	0.167719969356
-lte	0.660970918181	0.169610202175	0.0433285992254	0.126090280418
-'ii	0.12	0.736	0.072	0.072
-ope	0.0393013100437	0.960698689956	0.0	0.0
-'ie	0.508474576271	0.389830508475	0.0677966101695	0.0338983050847
-'ic	0.533855508391	0.241472783804	0.0642243361256	0.160447371679
-'ib	0.0727272727273	0.927272727273	0.0	0.0
-'ia	0.274774774775	0.400900900901	0.256756756757	0.0675675675676
-dea	0.0439137134052	0.929752066116	0.00770416024654	0.0186300602325
-dec	0.219964136282	0.780035863718	0.0	0.0
-rbe	0.0	1.0	0.0	0.0
-oes	0.0	0.926829268293	0.0365853658537	0.0365853658537
-del	0.405409834487	0.498135479529	0.0416564182109	0.0547982677731
-'tu	0.55764075067	0.152815013405	0.257372654155	0.0321715817694
-deo	0.0	0.994165694282	0.00583430571761	0.0
-'ti	0.631328820952	0.202851441151	0.0833213323184	0.0824984055794
-des	0.0848843767626	0.839819514946	0.0397631133671	0.0355329949239
-te'	0.553477834228	0.240019973871	0.0362730149514	0.170229176949
-imi	0.522121042268	0.332458634292	0.0887195660206	0.0567007574186
-'ta	0.486287351617	0.167417110111	0.0442079410561	0.302087597216
-'te	0.693892637389	0.203908149561	0.0444765703898	0.0577226426606
-imo	0.297872340425	0.593380614657	0.0354609929078	0.0732860520095
-nes	0.590299017668	0.24711237451	0.0373682127307	0.125220395092
-lla	0.128698800027	0.830274183817	0.0120667694577	0.0289602466984
-ech	0.309543380591	0.233030079263	0.0550076296994	0.402418910446
-obo	0.0330000589287	0.949674910134	0.00660001178573	0.0107250191518
-lle	0.0291744258225	0.918684047176	0.0521415270019	0.0
-idi	0.0165149304852	0.934857774197	0.00642247296648	0.0422048223512
-rpa	0.0	0.978021978022	0.0	0.021978021978
-ji'	0.769920938083	0.196322288354	0.0	0.0337567735631
-eca	0.246213700153	0.601639572044	0.0673891899402	0.0847575378629
-llo	0.0204081632653	0.903715332287	0.029304029304	0.0465724751439
-bix	0.142242051449	0.0588318779033	0.0351046884669	0.763821382181
-ida	0.00983606557377	0.990163934426	0.0	0.0
-tln	0.925925925926	0.0740740740741	0.0	0.0
-bia	0.0	1.0	0.0	0.0
-tlc	0.835294117647	0.164705882353	0.0	0.0
-bil	0.256022407117	0.438185229954	0.202896861225	0.102895501704
-hec	0.0285714285714	0.933333333333	0.0380952380952	0.0
-ecu	0.0710059171598	0.627218934911	0.12426035503	0.177514792899
-lu'	0.709589041096	0.139726027397	0.0383561643835	0.112328767123
-tep	0.729306487696	0.187919463087	0.0324384787472	0.0503355704698
-ter	0.0	0.975257731959	0.0123711340206	0.0123711340206
-tes	0.559522813449	0.353296745939	0.0222655082137	0.0649149323978
-eje	0.133937407208	0.782808911849	0.0476979397394	0.0355557412038
-ria	0.0439767047278	0.929976613014	0.0227220617233	0.00332462053469
-eji	0.180517711172	0.629598092643	0.0408719346049	0.14901226158
-ril	0.02416570771	0.910241657077	0.0517836593786	0.0138089758343
-uti	0.0204081632653	0.0	0.030612244898	0.948979591837
-cüy	0.142940607623	0.757333387058	0.0797808042549	0.0199452010637
-a'u	0.419018259426	0.203936447712	0.213421863884	0.163623428978
-tzü	0.266826923077	0.704326923077	0.0	0.0288461538462
-a'i	0.194825056632	0.117153317705	0.0276868085879	0.660334817075
-tec	0.0594059405941	0.549504950495	0.391089108911	0.0
-ris	0.0	1.0	0.0	0.0
-utu	0.16029143898	0.693989071038	0.0218579234973	0.123861566484
-cül	0.530687247336	0.273796398383	0.164645350974	0.0308710033076
-a'a	0.32214124233	0.127592030387	0.00774758981772	0.542519137465
-tel	0.0587403611896	0.0250924159592	0.00767219826991	0.908495024581
-gro	0.0529012915933	0.830707151697	0.111946802391	0.00444475431838
-ten	0.039847013217	0.0236653144392	0.0027841546399	0.933703517704
-teo	0.123510212156	0.772217002127	0.0137233569062	0.0905494288116
-lux	0.0882352941176	0.911764705882	0.0	0.0
-are	0.0	1.0	0.0	0.0
-e'e	0.152193558377	0.139980927998	0.0280009263327	0.679824587291
-wal	0.105672547904	0.230032251945	0.040599506735	0.623695693417
-ara	0.145210103597	0.812303573507	0.0218251658712	0.0206611570248
-mes	0.703366795367	0.178332046332	0.064555984556	0.0537451737452
-eri	0.0	1.0	0.0	0.0
-aro	0.0336808340016	0.961507618284	0.00481154771453	0.0
-ec'	0.0225521751387	0.894395102956	0.0505255462242	0.0325271756808
-jic	0.471203354597	0.301051469559	0.101741831133	0.126003344711
-e'i	0.335054912415	0.050081658528	0.00789877199599	0.606964657061
-bi'	0.506787330317	0.384615384615	0.0542986425339	0.0542986425339
-mea	0.0	1.0	0.0	0.0
-lum	0.0221402214022	0.822878228782	0.132841328413	0.0221402214022
-mec	0.626291079812	0.200312989045	0.133959311424	0.0394366197183
-mel	0.509296325222	0.165946867627	0.0741432537752	0.250613553376
-meo	0.015873015873	0.968253968254	0.015873015873	0.0
-men	0.119791700597	0.066201537677	0.0376734738713	0.776333287855
-mei	0.0	1.0	0.0	0.0
-mas	0.0700893601774	0.0973930179832	0.326147967851	0.506369653988
-aya	0.195532390171	0.685927029039	0.0670141474311	0.0515264333582
-ot'	0.276190476191	0.695238095238	0.0285714285714	0.0
-'en	0.483677942408	0.0622050613811	0.0177566173696	0.436360378841
-ayo	0.0615384615384	0.841025641026	0.04	0.0574358974359
-ila	0.357459379616	0.523059248318	0.0150992942721	0.104382077794
-ayi	0.333333333333	0.0	0.0	0.666666666667
-z'a	0.701686836905	0.138361899593	0.0131198425958	0.146831420906
-eeb	0.145031502059	0.508434798406	0.215669248457	0.130864451078
-z'i	0.718506434657	0.177451513504	0.0467645459489	0.0572775058909
-mar	0.0	1.0	0.0	0.0
-bte	0.648950447574	0.18792916987	0.0332151962509	0.129905186305
-jo'	0.633802816901	0.366197183099	0.0	0.0
-cti	0.797101449275	0.202898550725	0.0	0.0
-p'e	0.0651010547099	0.340614121681	0.117919675794	0.476365147815
-cte	0.587683075369	0.30875493895	0.0374320430171	0.0661299426636
-exu	0.466334519573	0.367117437722	0.0999288256228	0.0666192170819
-p'o	0.252070924899	0.650167727802	0.0	0.0977613472992
-ere	0.0139534883721	0.96511627907	0.0209302325581	0.0
-ubi	0.746229890541	0.193276085977	0.0124566006732	0.0480374228088
-xac	0.437208896804	0.403299384671	0.0277480015872	0.131743716938
-xad	0.0	1.0	0.0	0.0
-exi	0.3888707185	0.329537901062	0.146535562482	0.135055817956
-uba	0.128876840957	0.181230697615	0.0178700540179	0.67202240741
-xaj	0.857189329863	0.0946649316851	0.0139882888744	0.0341574495771
-exe	0.193083787112	0.227416963522	0.0567742692341	0.522724980132
-si'	0.405963302752	0.559633027523	0.0206422018349	0.0137614678899
-paj	0.443970117396	0.479188900747	0.0608324439701	0.0160085378869
-xan	0.210034311484	0.225462934559	0.0433165173414	0.521186236615
-exa	0.394495412844	0.366972477064	0.183486238532	0.0550458715596
-umu	0.124892495462	0.755876647515	0.0375895666787	0.081641290345
-ota	0.0	0.981132075472	0.0188679245283	0.0
-ote	0.0140287769784	0.979496402878	0.00431654676256	0.0021582733813
-iji	0.302054805372	0.218630095963	0.0469577056423	0.432357393023
-oto	0.0218868139052	0.958658240401	0.00833783386867	0.0111171118249
-uma	0.18410041841	0.451882845188	0.225941422594	0.138075313808
-otz	0.563955293387	0.255122632723	0.0929059298354	0.0880161440546
-umi	0.145651125955	0.612629984161	0.136354245575	0.105364644308
-naj	0.188129889988	0.599506032081	0.0399253540454	0.172438723886
ALL	0.246573221642	0.315371898322	0.0595203281093	0.378534551927
-nai	0.0	1.0	0.0	0.0
-nan	0.100301984469	0.82528041415	0.05823986195	0.0161777394305
-ünü	0.0662251655628	0.901888643611	0.0	0.0318861908266
-nal	0.361439647218	0.373416735569	0.0762393500378	0.188904267175
-nam	0.0484848484848	0.678787878788	0.272727272727	0.0
-nac	0.422836950354	0.302284855763	0.119046930735	0.155831263148
-omé	0.0384615384615	0.923076923077	0.0384615384615	0.0
-dab	0.0	1.0	0.0	0.0
-aul	0.0779220779221	0.922077922078	0.0	0.0
-yte	0.196177425171	0.736747205193	0.0670753696358	0.0
-sij	0.521212121212	0.193939393939	0.090909090909	0.193939393939
-sio	0.0338983050847	0.966101694915	0.0	0.0
-sin	0.083242159008	0.833880379285	0.0211524434719	0.0617250182349
-sil	0.162341407151	0.613093295032	0.138810907271	0.0857543905464
-nar	0.490059295431	0.462155563307	0.0338332752005	0.0139518660621
-nas	0.0130347593583	0.95922459893	0.0150401069519	0.0127005347594
-sia	0.0129764801298	0.985077047851	0.0	0.00194647201947
-zuy	0.0229885057471	0.977011494253	0.0	0.0
-nat	0.436766623207	0.467622772708	0.0278139939157	0.0677966101695
-mos	0.0072428778368	0.985514244326	0.00724287783677	0.0
-mor	0.0	0.957142857143	0.0428571428571	0.0
-wul	0.244739756368	0.613510520487	0.12292358804	0.0188261351052
-wuc	0.280821917808	0.349315068493	0.205479452055	0.164383561644
-qni	0.571428571429	0.377551020408	0.0204081632653	0.0306122448979
-jbi	0.46982358403	0.385329619313	0.0468895078923	0.0979572887651
-gog	0.0097087378641	0.970873786408	0.0194174757281	0.0
-ubu	0.0872715297217	0.760908941215	0.0818376420221	0.069981887041
-'el	0.392299687825	0.517020960309	0.027872751598	0.0628066002676
-mon	0.0537396814809	0.916659718169	0.0129242057867	0.0166763945635
-gos	0.0	0.657894736842	0.342105263158	0.0
-mol	0.113055383233	0.315656619676	0.0664748540014	0.504813143089
-sue	0.0	1.0	0.0	0.0
-com	0.0227272727273	0.977272727273	0.0	0.0
-col	0.519745474709	0.319465474929	0.0259411561246	0.134847894237
-u'u	0.228401613246	0.326682233072	0.129484185948	0.315431967735
-con	0.552763819096	0.447236180904	0.0	0.0
-coj	0.0163220892274	0.81556039173	0.168117519042	0.0
-ber	0.0	1.0	0.0	0.0
-bes	0.561271102284	0.142999006951	0.210327706058	0.0854021847071
-eou	0.223140495868	0.628099173554	0.0495867768595	0.099173553719
-eos	0.398169336384	0.537757437071	0.0366132723112	0.0274599542334
-bet	0.152512998267	0.549393414211	0.0207972270364	0.277296360485
-cob	0.00281510825763	0.994457755618	0.00114363772966	0.00158349839492
-bej	0.117949744689	0.340222672358	0.185992182152	0.355835400801
-eon	0.116539060912	0.848228199743	0.0311674232671	0.00406531607832
-rlo	0.431506849315	0.397260273973	0.0205479452055	0.150684931507
-bei	0.144	0.408	0.16	0.288
-ben	0.0890577359316	0.426846639503	0.333933205867	0.150162418698
-beo	0.0	1.0	0.0	0.0
-yac	0.547511312217	0.0814479638009	0.289592760181	0.0814479638009
-yal	0.032474467011	0.809531668673	0.0632014290707	0.0947924352452
-ixi	0.243556219649	0.691445648114	0.0358610384759	0.0291370937617
-rla	0.0532268795742	0.844311377246	0.0785096473719	0.0239520958083
-cos	0.0524475524476	0.947552447552	0.0	0.0
-yaj	0.180929118277	0.265697310053	0.0413465123518	0.512027059318
-upu	0.0341846331935	0.478830410895	0.0165743676089	0.470410588302
-reo	0.0811232449298	0.754550182007	0.136245449818	0.0280811232449
-isi	0.230359937402	0.413771517997	0.330516431925	0.0253521126761
-mü'	0.478608004246	0.30294106566	0.0624159672124	0.156034962881
-tza	0.152542372881	0.705084745763	0.132203389831	0.0101694915254
-rea	0.0642154324184	0.917141377525	0.00932159502849	0.00932159502848
-wu'	0.654676258993	0.246659815005	0.0739979445015	0.0246659815005
-coo	0.397350993378	0.172185430464	0.0132450331126	0.417218543046
-red	0.0	1.0	0.0	0.0
-hu'	0.148050742574	0.513923267327	0.112623762376	0.225402227723
-eve	0.0672255489022	0.175888223553	0.196407185629	0.560479041916
-rey	0.0641898809683	0.889568476625	0.0173606474186	0.0288809949877
-eva	0.159663865546	0.840336134454	0.0	0.0
-res	0.00898143836072	0.603585922427	0.112101656576	0.275330982636
-l'l	0.292307692308	0.707692307692	0.0	0.0
-iaj	0.40350877193	0.228070175439	0.122807017544	0.245614035088
-evi	0.152576749332	0.766294828063	0.0755969392458	0.00553148335947
-ret	0.00082191780822	0.995890410959	0.00328767123287	0.0
-upi	0.242478608888	0.585840463704	0.0661054374828	0.105575489925
-sic	0.507934501022	0.342374474947	0.0541572866117	0.0955337374192
-hab	0.0454545454545	0.954545454545	0.0	0.0
-hac	0.197337977157	0.168354958181	0.0350903011127	0.599216763549
-avo	0.0505836575876	0.911802853437	0.029831387808	0.00778210116731
-co'	0.675724417557	0.237085335016	0.0585809474898	0.0286092999369
-ixu	0.1875	0.7875	0.025	0.0
-hal	0.150943396226	0.77358490566	0.0566037735849	0.0188679245283
-ham	0.0601835561423	0.8875910439	0.0261744321303	0.0260509678278
-jub	0.0	0.818181818182	0.0165289256198	0.165289256198
-maj	0.566817762565	0.24489969825	0.0372196108448	0.15106292834
-mam	0.04102302948	0.916916577076	0.0113166977876	0.0307436956563
-mal	0.0716955015345	0.594910768723	0.0947532820164	0.238640447726
-man	0.290657439446	0.439446366782	0.228373702422	0.0415224913495
-mac	0.0404095701943	0.381976275759	0.00345312608779	0.574161027959
-jun	0.0342576810023	0.0732698723809	0.0201595900628	0.872312856554
-be'	0.16441636745	0.069467797207	0.0175555273512	0.748560307992
-jul	0.38064516129	0.61935483871	0.0	0.0
-xül	0.426724260963	0.249859661475	0.260361264664	0.0630548128978
-uni	0.254859611231	0.518358531318	0.0863930885529	0.140388768898
-to'	0.0757575757576	0.742424242424	0.0909090909091	0.0909090909091
-se'	0.341907151819	0.278230865747	0.113838352154	0.26602363028
-ala	0.224026120772	0.574245975633	0.118711098113	0.0830168054814
-una	0.0318327974276	0.934083601286	0.00385852090032	0.0302250803858
-tzu	0.0127587184576	0.535015593989	0.442302239864	0.00992344768926
-iro	0.00335008375209	0.951842546064	0.0322445561139	0.0125628140703
-coc	0.557511242271	0.225021079258	0.11769252389	0.0997751545813
-pta	0.0	1.0	0.0	0.0
-pto	0.0211235441882	0.958894724823	0.0182690111898	0.00171271979904
-unu	0.145999686864	0.704869265696	0.107640519806	0.0414905276343
-ui'	0.293289598182	0.0906976603208	0.221386059599	0.394626681899
-uju	0.0938157341186	0.827934371056	0.0732015145141	0.00504838031131
-igo	0.20173001146	0.74560040189	0.0400320256205	0.0126375610292
-nlc	0.472222222222	0.265873015873	0.0	0.261904761905
-gad	0.0	1.0	0.0	0.0
-tra	0.00964630225081	0.987540192926	0.00281350482315	0.0
-oo'	0.373461115397	0.209559484427	0.0637059440295	0.353273456146
-ada	0.0589680589681	0.931203931204	0.0	0.00982800982803
-ado	0.246803101138	0.68202460504	0.0484239225886	0.0227483712333
-tro	0.0154389060432	0.541937110089	0.0761232591846	0.366500724683
-lac	0.350217636956	0.183806778436	0.0606560297305	0.405319554878
-ümü	0.446372239748	0.345425867508	0.136698212408	0.0715036803365
-oco	0.260457991305	0.474334915971	0.156374957649	0.108832135075
-gai	0.0	1.0	0.0	0.0
-adi	0.283065512979	0.561186650186	0.0667490729295	0.0889987639061
-gau	0.0	1.0	0.0	0.0
-gar	0.451807228916	0.457831325301	0.0903614457831	0.0
-lam	0.0493028882743	0.402982566771	0.0395336378893	0.508180907066
-ne'	0.361266908611	0.45859452326	0.0382711976245	0.141867370505
-seo	0.035727398537	0.943358657893	0.00577569407179	0.0151382494987
-ini	0.443006750888	0.41703376423	0.0448481323955	0.0951113524866
-sem	0.0	1.0	0.0	0.0
-lao	0.380952380952	0.619047619048	0.0	0.0
-lbi	0.619383009298	0.184517234883	0.0263405011433	0.169759254676
-bel	0.130719228363	0.0560457849876	0.0118045541302	0.801430432519
-ino	0.00901577761083	0.980090157776	0.00864012021036	0.0022539444027
-ina	0.0745417205446	0.871717248548	0.0409624502421	0.0127785806648
-uim	0.0	1.0	0.0	0.0
-uil	0.217346307135	0.608024486737	0.119596158664	0.055033047464
-uio	0.0	1.0	0.0	0.0
-uin	0.135198888516	0.462770877671	0.0656746269542	0.336355606859
-uia	0.103557590701	0.854878478337	0.00422684043677	0.0373370905248
-uic	0.506495947403	0.409074384429	0.0562942608362	0.0281354073317
-set	0.0	1.0	0.0	0.0
-ses	0.0620357596411	0.86425680429	0.0548408906106	0.0188665454579
-ser	0.0	1.0	0.0	0.0
-ooc	0.128957666311	0.601120597652	0.24946638207	0.0204553539666
-yan	0.450756312115	0.0574125060646	0.0245959306504	0.46723525117
-nex	0.787096774194	0.212903225806	0.0	0.0
-ede	0.126849894292	0.873150105708	0.0	0.0
-ooi	0.455742353656	0.465262305044	0.0789953413003	0.0
-ivo	0.0196549464949	0.867656693601	0.112688359904	0.0
-ian	0.0181818181818	0.872727272727	0.109090909091	0.0
-iai	0.611764705882	0.211764705882	0.0	0.176470588235
-ool	0.351708599787	0.324167748324	0.0488206737549	0.275302978134
-rso	0.0	1.0	0.0	0.0
-nen	0.351840524907	0.221500604423	0.028841827974	0.397817042696
-oop	0.107628723954	0.103897594857	0.751449400149	0.0370242810402
-oos	0.421876250766	0.48680854344	0.0	0.0913152057935
-aan	0.108132065689	0.414159689337	0.10475325312	0.372954991853
-nej	0.159898477157	0.733502538071	0.0609137055838	0.0456852791878
-ma'	0.117852710313	0.0495530469509	0.0155920535876	0.817002189148
-ias	0.0630128974758	0.897730546785	0.0152871526421	0.0239694030973
-ooy	0.170616113744	0.502369668246	0.0284360189574	0.298578199052
-oox	0.10166520596	0.698510078878	0.199824715162	0.0
-ooz	0.0	1.0	0.0	0.0
-aon	0.046511627907	0.906976744186	0.046511627907	0.0
-mte	0.418032786885	0.483606557377	0.0491803278689	0.0491803278689
-uum	0.258496888463	0.71852561034	0.0172331258976	0.00574437529919
-uul	0.05992578193	0.181394592739	0.0575391880235	0.701140437308
-bal	0.25785276735	0.583941727133	0.0147371355628	0.143468369954
-uun	0.204968944099	0.770186335404	0.0248447204969	0.0
-baj	0.681040780988	0.236062612537	0.0137489860842	0.0691476203899
-lar	0.197704081633	0.713010204082	0.0382653061225	0.0510204081633
-och	0.106185476409	0.679713302498	0.139652353552	0.0744488675412
-las	0.0276967429729	0.865566118681	0.019219549027	0.0875175893194
-hoo	0.0645161290323	0.720430107527	0.0860215053764	0.129032258065
-hol	0.752616284591	0.0853260147006	0.0216520104081	0.1404056903
-uub	0.625	0.258333333333	0.0833333333333	0.0333333333333
-hor	0.00931677018633	0.899844720497	0.0908385093168	0.0
-jom	0.158591313608	0.385639309348	0.357496006694	0.0982733703506
-jon	0.136163774762	0.821285045624	0.0340409436906	0.00851023592265
-xo'	0.627725973831	0.242893668221	0.0989246503233	0.0304557076252
-uji	0.553072625698	0.413407821229	0.0	0.0335195530726
-bas	0.153484838019	0.734613524902	0.103612626926	0.00828901015403
-job	0.156862745098	0.470588235294	0.294117647059	0.078431372549
-ata	0.0824965502799	0.648376863198	0.151936834614	0.117189751909
-zol	0.306864064603	0.506505159264	0.0269179004038	0.159712875729
-que	0.172321005397	0.485360894094	0.183160823765	0.159157276744
-asa	0.126828791044	0.708730219802	0.133920986751	0.0305200024039
-qui	0.268616438655	0.233032847232	0.0412025105389	0.457148203574
-ltu	0.425	0.225	0.0	0.35
-lti	0.0454545454545	0.863636363636	0.0606060606061	0.030303030303
-opo	0.00716510903426	0.114953271028	0.872274143302	0.00560747663551
-usu	0.0369925040227	0.393915974933	0.0100396373355	0.559051883709
-yen	0.313069908815	0.565349544073	0.0364741641337	0.0851063829787
-mbi	0.673924343737	0.146787798596	0.0597074876545	0.119580370012
-dro	0.0369548951105	0.940812953862	0.00904358685881	0.0131885641691
-yee	0.341068213643	0.350870174035	0.0880176035207	0.220044008802
-zor	0.0	1.0	0.0	0.0
-'ij	0.222222222222	0.0777777777778	0.65	0.05
-ho'	0.394882593101	0.461418527006	0.0998176783147	0.043881201578
-ces	0.152931180969	0.0169923534409	0.254885301614	0.575191163976
-cbi	0.294563898041	0.568233050113	0.0784636726201	0.0587393792266
-ba'	0.500999289307	0.432733497984	0.0165015254377	0.0497656872715
-xoy	0.291304347826	0.315942028985	0.0420289855072	0.350724637681
-ras	0.40625	0.33125	0.075	0.1875
-ran	0.0584415584415	0.941558441558	0.0	0.0
-xoc	0.729613733906	0.128755364807	0.0515021459228	0.0901287553648
-iwa	0.52380952381	0.063492063492	0.238095238095	0.174603174603
-ram	0.0	1.0	0.0	0.0
-ero	0.106045068714	0.254312033443	0.0332848897178	0.606358008125
-era	0.366074874566	0.633925125434	0.0	0.0
-iwi	0.0	0.817073170732	0.0731707317073	0.109756097561
-cbu	0.0	0.882352941176	0.117647058824	0.0
-rac	0.0	1.0	0.0	0.0
-xol	0.723301397556	0.190999384724	0.0	0.08569921772
-jll	0.551401869159	0.0373831775701	0.18691588785	0.224299065421
-ugu	0.0	1.0	0.0	0.0
-pos	0.0282021151587	0.940070505288	0.0317273795535	0.0
-zo'	0.841329408328	0.158670591672	0.0	0.0
-ozo	0.184595798854	0.610348276803	0.169591706829	0.0354642175139
-bol	0.351334870978	0.306081324711	0.132583150306	0.210000654005
-pol	0.0621571872153	0.784811185691	0.0359500213823	0.117081605712
-pom	0.0103092783505	0.958762886598	0.0309278350515	0.0
-ele	0.178246835706	0.642268984825	0.080907348603	0.0985768308655
-aza	0.10071942446	0.882014388489	0.0	0.0172661870504
-ye'	0.169560333038	0.0953125234825	0.101835014052	0.633292129428
-lae	0.0921375921376	0.907862407862	0.0	0.0
-aay	0.125908605521	0.570011613372	0.203628309781	0.100451471327
-aax	0.0881452764742	0.292899408284	0.378698224852	0.24025709039
-lab	0.019313304721	0.962982832618	0.00965665236052	0.00804721030043
-'ni	0.632727272727	0.247272727273	0.0981818181818	0.0218181818182
-lal	0.184982346517	0.341444525545	0.0636130640109	0.409960063927
-aat	0.138181818182	0.861818181818	0.0	0.0
-nos	0.0	1.0	0.0	0.0
-aap	0.129496402878	0.838129496403	0.0323741007194	0.0
-laj	0.663285039936	0.0935928951036	0.0233837374477	0.219738327513
-zar	0.0	1.0	0.0	0.0
-aam	0.191357796923	0.241984184417	0.0535554652314	0.513102553429
-aal	0.200035812683	0.563429276357	0.0841191531121	0.152415757847
-noj	0.424242424242	0.49696969697	0.0787878787879	0.0
-fos	0.0	1.0	0.0	0.0
-nol	0.458829365079	0.475694444444	0.0357142857143	0.0297619047619
-aah	0.161574618096	0.571092831962	0.0470035252644	0.220329024677
-non	0.0	0.957446808511	0.0425531914894	0.0
-aaj	0.268398268398	0.532467532468	0.164502164502	0.034632034632
-nio	0.0471014492754	0.942028985507	0.0108695652174	0.0
-noa	0.178321678322	0.753496503497	0.0681818181818	0.0
-noc	0.279742765273	0.414790996785	0.266881028939	0.0385852090032
-'u'	0.1122720749	0.182805937081	0.00770369658154	0.697218291437
-noe	0.00820793433652	0.991792065663	0.0	0.0
-aac	0.334806148485	0.460576264858	0.115750824569	0.0888667620885
-aab	0.0432682398606	0.329389960744	0.454590633027	0.172751166369
-boe	0.539325842697	0.303370786517	0.157303370786	0.0
-bec	0.288455946496	0.554521663274	0.0732771154405	0.0837452747892
-dor	0.0738235294117	0.832794117647	0.0638235294118	0.0295588235294
-dos	0.0354924578527	0.161194912748	0.00665483584738	0.796657793552
-boc	0.336933700369	0.517713005979	0.0814931580807	0.063860135572
-zte	0.987405541562	0.0125944584383	0.0	0.0
-lo'	0.135510161428	0.117128755213	0.0355204991414	0.711840584218
-'ot	0.693043016463	0.216675517791	0.0796601168348	0.0106213489113
-oc'	0.189865787345	0.718276466945	0.0582487095988	0.0336090361114
-hee	0.309090909091	0.690909090909	0.0	0.0
-doc	0.0	1.0	0.0	0.0
-don	0.0188526797738	0.96337193644	0.00807971990304	0.00969566388366
-box	0.0273764258555	0.139923954373	0.832699619772	0.0
-bed	0.31441048035	0.68558951965	0.0	0.0
-sas	0.0	1.0	0.0	0.0
-xü'	0.377049180328	0.524590163934	0.0	0.0983606557377
-hi'	0.109003561188	0.457150124873	0.0314841365276	0.402362177412
-la'	0.592067922024	0.111729371752	0.0218717604036	0.274330945821
-sau	0.0	0.993421052632	0.0	0.00657894736842
-'us	0.113052415211	0.717368961973	0.169578622816	0.0
-too	0.31419939577	0.531722054381	0.154078549849	0.0
-tol	0.652892561983	0.272727272727	0.0743801652893	0.0
-'up	0.0333478816094	0.64564710193	0.0246727984956	0.296332217965
-toj	0.110249416048	0.209840002196	0.375982499073	0.303928082683
-mpa	0.0408163265306	0.918367346939	0.0408163265306	0.0
-sac	0.145140139139	0.521682114201	0.228379009135	0.104798737525
-oli	0.38995215311	0.36989326463	0.113789719053	0.126364863207
-'ui	0.44012526961	0.179936451263	0.0259252038068	0.35401307532
-tor	0.12	0.736	0.096	0.048
-'un	0.0	0.983384104126	0.0	0.0166158958737
-'um	0.122956076963	0.772307251848	0.00991422174876	0.09482244944
-'ul	0.621377934002	0.290033185457	0.0376731064157	0.0509157741255
-'uc	0.296738556517	0.563868242557	0.110880955282	0.028512245644
-'ub	0.122857956163	0.65340165101	0.198918303444	0.0248220893823
-aa'	0.418229622419	0.421477386614	0.026594884404	0.133698106563
-'ue	0.0494699646643	0.946996466431	0.0	0.00353356890459
-no'	0.783008036739	0.130884041332	0.0551090700344	0.0309988518944
-lon	0.011075219197	0.977849561606	0.0	0.011075219197
-cle	0.59539685954	0.192944719294	0.064530006453	0.147128414713
-bo'	0.496183206107	0.480916030534	0.0229007633588	0.0
-iel	0.337690631808	0.583877995643	0.0261437908497	0.0522875816994
-loi	0.0	0.979166666667	0.0208333333333	0.0
-loe	0.0290322580645	0.922580645161	0.0	0.0483870967742
-loc	0.0	1.0	0.0	0.0
-oce	0.00570595321118	0.032650732264	0.00304317504596	0.958600139479
-iex	0.119047619048	0.309523809524	0.476190476191	0.0952380952381
-iez	0.0127964392517	0.17374875397	0.00904096251478	0.804413844264
-lox	0.283443708609	0.44238410596	0.254304635761	0.0198675496689
-ocb	0.44064171123	0.469518716578	0.0320855614973	0.0577540106952
-rom	0.0	1.0	0.0	0.0
-lot	0.010524205673	0.989475794327	0.0	0.0
-lor	0.0687679083094	0.0315186246418	0.873925501433	0.025787965616
-haj	0.870390133997	0.103640460097	0.00498043400925	0.0209889718961
-lop	0.295081967213	0.22131147541	0.0655737704918	0.418032786885
-rte	0.267146883808	0.533917945506	0.118383964923	0.0805512057626
-ipo	0.0215439856374	0.967684021544	0.0	0.0107719928187
-ipa	0.00778210116731	0.992217898833	0.0	0.0
-ipe	0.0137355898945	0.980377728722	0.0	0.00588668138337
-zbi	0.34008097166	0.497975708502	0.0242914979757	0.137651821862
-vos	0.0519750519751	0.923076923077	0.0	0.024948024948
-rda	0.119850187266	0.558052434457	0.0449438202247	0.277153558053
-rdo	0.0	0.888475836431	0.111524163569	0.0
-ülü	0.373057025516	0.423936710926	0.137934763457	0.0650715001003
-wil	0.0147058823529	0.985294117647	0.0	0.0
-esa	0.293520866959	0.655752824533	0.0	0.0507263085082
-cu'	0.536057692308	0.395432692308	0.0324519230769	0.0360576923077
-pbi	0.757814184091	0.0905367536107	0.151649062298	0.0
-lca	0.359314538419	0.480375898286	0.0829187396351	0.0773908236594
-yül	0.54578313253	0.181927710843	0.0207228915663	0.25156626506
-uen	0.587806747088	0.21533320533	0.069629812854	0.127230234728
-uc'	0.0628298951689	0.679722986937	0.167662095948	0.0897850219457
-hoc	0.440927667209	0.243652191248	0.0941799293396	0.221240212203
-tia	0.0	1.0	0.0	0.0
-zü'	0.505168539326	0.275505617978	0.138426966292	0.0808988764045
-pil	0.385109114249	0.393453145058	0.0192554557124	0.202182284981
-ués	0.422121896163	0.415349887133	0.0474040632054	0.115124153499
-obi	0.433109989472	0.0736936351919	0.0211537137066	0.472042661629
-sti	0.161870503597	0.167865707434	0.334532374101	0.335731414868
-ste	0.417222503335	0.365656193937	0.123280739684	0.0938405630434
-pio	0.0	1.0	0.0	0.0
-sta	0.0513016985022	0.866692208053	0.0545491033149	0.0274569901301
-cun	0.0820512820513	0.548717948718	0.307692307692	0.0615384615385
-cum	0.0810977271114	0.839567539845	0.0511268279615	0.0282079050822
-cul	0.258460679865	0.388381663204	0.13601545324	0.217142203691
-rpo	0.0	1.0	0.0	0.0
-adü	0.720963402965	0.146063155614	0.0482062577861	0.0847671836352
-udu	0.0	1.0	0.0	0.0
-cuc	0.420338983051	0.358192090395	0.0271186440678	0.194350282486
-ucu	0.572883386582	0.356629392971	0.0213658146965	0.0491214057508
-eyi	0.21512098257	0.624549532985	0.0169154960653	0.14341398838
-yü'	0.687960687961	0.119574119574	0.034398034398	0.158067158067
-uch	0.0851717607024	0.768190032482	0.0674995169914	0.0791386898245
-ecb	0.519379844961	0.480620155039	0.0	0.0
-ucb	0.25	0.597222222222	0.0416666666667	0.111111111111
-uca	0.551401869159	0.252336448598	0.196261682243	0.0
-eye	0.0346641821719	0.921320527224	0.0193187734634	0.0246965171403
-ibi	0.467643467643	0.42735042735	0.0683760683761	0.03663003663
-lej	0.491803278689	0.319672131148	0.0983606557377	0.0901639344262
-lel	0.489301918515	0.224417881573	0.152191436929	0.134088762984
-ion	0.358797653959	0.595433598659	0.0375994972769	0.00816925010473
-muc	0.0495654047841	0.822031463257	0.0754256159758	0.052977515983
-mul	0.0549771078144	0.27418921019	0.658532867919	0.0123008140772
-lec	0.469728601253	0.370215727209	0.104384133612	0.0556715379262
-leg	0.0	1.0	0.0	0.0
-ley	0.0206645565666	0.938554132089	0.0242091563787	0.0165721549654
-üc'	0.152716297787	0.781488933602	0.0162977867203	0.0494969818914
-tos	0.0758437618506	0.117557830868	0.0580204778157	0.748577929465
-saj	0.376720409999	0.528272403104	0.0464954132619	0.0485117736351
-ios	0.0517772220721	0.810955655263	0.0475147523771	0.0897523702875
-les	0.942823803967	0.0361726954492	0.00233372228705	0.0186697782964
-sai	0.0	1.0	0.0	0.0
-eel	0.522104378056	0.164858086254	0.0660609069346	0.246976628755
-rra	0.117090909091	0.801454545455	0.0392727272727	0.0421818181818
-een	0.452985852628	0.361667222427	0.0610990610871	0.124247863858
-fte	0.0	1.0	0.0	0.0
-eeh	0.334196891192	0.49481865285	0.0310880829016	0.139896373057
-'yi	0.630400748226	0.245470996076	0.0533111034301	0.070817152268
-alu	0.264317180617	0.145374449339	0.458149779736	0.132158590308
-rro	0.095772467834	0.79636258102	0.0831962851891	0.0246686659572
-eec	0.447289977	0.232749127977	0.10959451569	0.210366379332
-ch'	0.185916496071	0.741898048751	0.051129396964	0.0210560582142
-cot	0.165267047363	0.781659388646	0.0161236143769	0.0369499496138
-alo	0.392670157068	0.48167539267	0.0628272251309	0.0628272251309
-m'ü	0.335526315789	0.414473684211	0.0	0.25
-top	0.157179911502	0.138940823851	0.241562124945	0.462317139702
-sam	0.0	1.0	0.0	0.0
-ndo	0.0	1.0	0.0	0.0
-ali	0.146579890527	0.207402363647	0.0476635366028	0.598354209223
-eet	0.290894424852	0.32251256847	0.195655436332	0.190937570346
-xu'	0.0781758957655	0.820846905537	0.0423452768729	0.0586319218241
-gia	0.0796460176991	0.796460176991	0.106194690265	0.0176991150442
-bic	0.637071323375	0.221027867567	0.0425759807203	0.0993248283381
-mu'	0.184195565662	0.744741330301	0.0540079590677	0.0170551449688
-yox	0.00294892048447	0.00379146919431	0.853396524487	0.139863085835
-uva	0.110192837466	0.807162534435	0.0572155117609	0.0254291163382
-ücu	0.215938303342	0.154241645244	0.449871465296	0.179948586118
-tü'	0.37131122329	0.326584522969	0.0466807794604	0.25542347428
-'ü'	0.0747659366437	0.824664259275	0.0277852409651	0.072784563116
-le'	0.527788266795	0.402389207374	0.049225910542	0.0205966152895
-bin	0.36	0.48	0.16	0.0
-ee'	0.756447209895	0.13466318952	0.0477345167833	0.0611550838023
-uui	0.458333333333	0.430555555556	0.0277777777778	0.0833333333333
-yoc	0.157789353027	0.764440446308	0.0121878672683	0.0655823333962
-c'ü	0.236297198538	0.700365408039	0.0414129110841	0.0219244823386
-üch	0.152941176471	0.741176470588	0.0294117647059	0.0764705882352
-abé	0.0679886685552	0.898016997167	0.00242816673412	0.0315661675435
-ybi	0.688930867261	0.229023344987	0.0541333032593	0.0279124844931
-chi	0.497983213013	0.123262139908	0.0373689231238	0.341385723956
-cho	0.162345048015	0.485854557496	0.157867457564	0.193932936925
-cha	0.468928820915	0.13220671512	0.0295031286693	0.369361335295
-pen	0.462732919255	0.22049689441	0.0745341614906	0.242236024845
-ien	0.240444846023	0.129782419089	0.0570676058598	0.572705129029
-che	0.182734354638	0.165555587733	0.0263531319684	0.625356925661
-elu	0.71381031614	0.126039933444	0.0549084858569	0.105241264559
-xul	0.235294117647	0.104575163399	0.660130718954	0.0
-eli	0.420873124147	0.43610732151	0.0720782173716	0.0709413369714
-elo	0.0769230769231	0.923076923077	0.0	0.0
-ogo	0.0	1.0	0.0	0.0
-ela	0.112648221344	0.654150197629	0.209486166008	0.0237154150198
-chu	0.225165562914	0.581125827815	0.168874172185	0.0248344370861
-nü'	0.481555333998	0.364406779661	0.0777666999003	0.0762711864407
-ieb	0.140740740741	0.577777777778	0.0	0.281481481481
-itz	0.0440044421366	0.940190344796	0.00932393864394	0.00648127442323
-gio	0.0121457489879	0.975708502024	0.0121457489878	0.0
-itu	0.623853211009	0.220183486238	0.00917431192661	0.146788990826
-'üc	0.255681818182	0.0	0.528409090909	0.215909090909
-ito	0.0932854108806	0.810161738278	0.0542395033491	0.0423133474923
-esi	0.100746268657	0.899253731343	0.0	0.0
-uta	0.0	1.0	0.0	0.0
-eso	0.0473933649289	0.909605825916	0.0221939660155	0.0208068431395
-iti	0.395759717315	0.508833922261	0.095406360424	0.0
-bü'	0.183333333333	0.766666666667	0.0	0.05
-ite	0.402870322911	0.560225525372	0.0123013839057	0.0246027678114
-ese	0.139964550387	0.772925044375	0.0546222384902	0.0324881667486
-ita	0.0	1.0	0.0	0.0
-spe	0.0377358490566	0.924528301887	0.0377358490566	0.0
-do'	0.39266004415	0.279594370861	0.0700193156733	0.257726269316
-jaj	0.180026796418	0.324851561949	0.26551018969	0.229611451943
-fan	0.0	1.0	0.0	0.0
-ueo	0.0	1.0	0.0	0.0
-spo	0.0	1.0	0.0	0.0
-o'i	0.312812593533	0.406868263177	0.108592100554	0.171727042736
-fas	0.120680520398	0.78571849061	0.0688761994466	0.0247247895449
-bra	0.0341491178145	0.914627205464	0.0512236767217	0.0
-axi	0.705104767262	0.204331317677	0.0286879482492	0.061875966812
-o'l	0.276595744681	0.553191489362	0.106382978723	0.0638297872341
-bre	0.0	0.959459459459	0.0405405405405	0.0
-rio	0.0250552689757	0.930729550479	0.0397936624908	0.00442151805453
-o'a	0.52	0.216	0.216	0.048
-udi	0.539292657267	0.214893457452	0.0426429573363	0.203170927945
-bro	0.035294117647	0.964705882353	0.0	0.0
-bbi	0.624442252595	0.283969752478	0.0605889812598	0.0309990136677
-hul	0.528714600161	0.210912393909	0.0635883478099	0.196784658121
-hum	0.0	1.0	0.0	0.0
-rim	0.0	1.0	0.0	0.0
-c'a	0.201323750365	0.617104639336	0.0613521046895	0.120219505609
-büt	0.436893203883	0.446601941748	0.0970873786408	0.0194174757281
-c'o	0.216280451575	0.721830065359	0.0319429590018	0.0299465240642
-ücü	0.134629585998	0.129525317337	0.0263162440231	0.709528852642
-huc	0.490126768293	0.229037120211	0.0546225615266	0.226213549969
-c'u	0.131797654143	0.585676751204	0.259666380927	0.0228592137267
-abe	0.0341296928328	0.952218430034	0.0	0.0136518771331
-aba	0.0371698311156	0.799478081739	0.126222290853	0.0371297962925
-büe	0.854166666667	0.0416666666667	0.0	0.104166666667
-woc	0.0568708660444	0.905544909439	0.0192866415281	0.0182975829882
-abo	0.0162337662338	0.964285714286	0.0	0.0194805194805
-woe	0.328947368421	0.355263157895	0.0394736842105	0.276315789474
-ron	0.0213197969543	0.978680203046	0.0	0.0
-büc	0.486812270767	0.338081637487	0.0544306188428	0.120675472904
-tuc	0.614973262032	0.385026737968	0.0	0.0
-nch	0.153005464481	0.382513661202	0.0819672131148	0.382513661202
-bül	0.515926664162	0.307202896905	0.0684646320185	0.108405806914
-aei	0.109195402299	0.82183908046	0.0344827586207	0.0344827586207
-nce	0.0634500991408	0.30667547918	0.0310641110377	0.598810310641
-tul	0.42735042735	0.376068376068	0.165811965812	0.0307692307692
-ael	0.0335053741834	0.834500051328	0.0834751232425	0.0485194512458
-tun	0.308380241564	0.0704691954845	0.0448829266067	0.576267636345
-los	0.0704288939052	0.879006772009	0.0126410835214	0.0379232505644
-tup	0.394683026585	0.429447852761	0.175869120654	0.0
-ufo	0.0547945205479	0.945205479452	0.0	0.0
-nüc	0.431783063832	0.185792944351	0.0408496376417	0.341574354175
-son	0.0101798439091	0.984730234136	0.00508992195453	0.0
-oro	0.0432804578509	0.740498747686	0.187665613997	0.0285551804663
-dü'	0.744137448587	0.127523316247	0.0320910360915	0.0962481990743
-ora	0.00909090909091	0.951515151515	0.0030303030303	0.0363636363636
-van	0.415923282783	0.506021409456	0.00669045495093	0.07136485281
-'üm	0.417417417418	0.282282282282	0.036036036036	0.264264264264
-val	0.299003322259	0.0708748615725	0.0199335548173	0.610188261351
-ore	0.0212765957447	0.86170212766	0.0212765957447	0.095744680851
-ruz	0.474732006126	0.50970705923	0.00466828039322	0.0108926542509
-lix	0.0135623869801	0.963187806768	0.0154998708344	0.00774993541721
-eh'	0.0	1.0	0.0	0.0
-tea	0.0264317180617	0.973568281938	0.0	0.0
-jen	0.211382329432	0.711400184629	0.0332599355218	0.0439575504171
-rut	0.0512820512821	0.948717948718	0.0	0.0
-tnn	0.120967741935	0.588709677419	0.0	0.290322580645
-lil	0.119264308167	0.70106266017	0.0959924934827	0.08368053818
-jes	0.350812506566	0.553013246875	0.0161491988226	0.080025047737
-lin	0.208935611038	0.407358738502	0.285151116951	0.0985545335085
-lio	0.144703872437	0.769874715262	0.0170842824602	0.0683371298406
-omo	0.104682351138	0.573032416277	0.318300252893	0.00398497969193
-yix	0.0342624065262	0.711624745071	0.137049626105	0.117063222298
-ich	0.149333852435	0.168212500537	0.0483730922164	0.634080554811
-lie	0.503802281369	0.268060836502	0.199619771863	0.0285171102662
-oma	0.210998206814	0.766586969516	0.0116557083084	0.0107591153616
-lia	0.0509829138342	0.875298548595	0.0406485394084	0.0330699981628
-ome	0.00352941176471	0.968235294118	0.0282352941176	0.0
-lic	0.132971937068	0.0569540761518	0.101977493479	0.708096493302
-eas	0.0	0.985576923077	0.0144230769231	0.0
-ap'	0.0301507537688	0.889447236181	0.0	0.0804020100502
-eul	0.120967741935	0.838709677419	0.0	0.0403225806451
-jac	0.195701556724	0.319760652491	0.0997733609772	0.384764429808
-abi	0.588218161609	0.21922936403	0.0430248593908	0.14952761497
-wa'	0.278871235475	0.0305904671567	0.571022053593	0.119516243775
-ode	0.0	1.0	0.0	0.0
-rna	0.00528070575079	0.994719294249	0.0	0.0
-rno	0.0893182646737	0.824279985417	0.040831206708	0.0455705432009
-hüc	0.0336405529954	0.229953917051	0.728110599078	0.00829493087557
-ono	0.148830366619	0.305145450739	0.0442293565247	0.501794826117
-zer	0.0	1.0	0.0	0.0
-hni	0.308641975309	0.604938271605	0.0864197530864	0.0
-je'	0.0	1.0	0.0	0.0
-uro	0.695652173913	0.231884057971	0.0289855072464	0.0434782608696
-ura	0.00558139534884	0.988837209302	0.00558139534885	0.0
-ehe	0.2	0.266666666667	0.106666666667	0.426666666667
