-ʋɩb	0.64211588354	0.143845488613	0.0237820697607	0.190256558086
-ãga	0.475496688742	0.480794701987	0.0238410596026	0.0198675496689
-ʋɩf	0.0201479394153	0.809897851356	0.149031349067	0.020922860162
-ãgb	0.118426501035	0.660455486542	0.139130434783	0.0819875776397
-ʋɩl	0.11799761621	0.843861740167	0.0357568533969	0.00238379022646
-nnã	0.129798308393	0.81067013663	0.0312296681848	0.0283018867924
-rba	0.3600360036	0.464446444644	0.148514851485	0.02700270027
-fʋɩ	0.103502148158	0.739942715792	0.0696523890118	0.0869027470381
-ãgs	0.624714544093	0.153826479347	0.0730767122788	0.148382264282
-ãgr	0.187148734487	0.801236369515	0.0	0.0116148959978
-ʋɩy	0.166666666667	0.588888888889	0.233333333333	0.0111111111111
-rbo	0.286821705426	0.348837209302	0.348837209302	0.015503875969
-ĩrĩ	0.190066857689	0.387583572111	0.359312320917	0.0630372492836
-tmẽ	0.149873979539	0.725740812953	0.061173052873	0.0632121546354
-oya	0.114420398543	0.822101992715	0.0210520677094	0.0424255410328
-idã	0.160953800298	0.536140089419	0.300670640835	0.00223546944858
-oyi	0.030303030303	0.939393939394	0.030303030303	0.0
-pẽẽ	0.63768115942	0.188405797101	0.115942028986	0.0579710144928
-ebẽ	0.329541761456	0.517387065323	0.109197270068	0.0438739031524
-mbd	0.429583758735	0.41523620507	0.0496487059849	0.10553133021
-idõ	0.0	1.0	0.0	0.0
-igẽ	0.157715925816	0.304759013136	0.0588488071952	0.478676253852
-yel	0.218673218673	0.331695331695	0.272727272727	0.176904176904
-utã	0.126527558401	0.729985867487	0.00897830243578	0.134508271677
-i-y	0.486978615287	0.304996824052	0.038111369892	0.169913190769
-yen	0.0195671413156	0.256142847482	0.0620150480284	0.662274963174
-i-a	0.604642179101	0.158019701231	0.146963080214	0.0903750394542
-i-b	0.749717343837	0.0728059539867	0.0963281293686	0.081148572808
-ɩlã	0.241071428571	0.741071428571	0.0	0.0178571428571
-kaẽ	0.115380566375	0.238340877987	0.0768501947574	0.56942836088
-i-f	0.0	0.512820512821	0.237179487179	0.25
-i-m	0.279749478079	0.131524008351	0.275574112735	0.313152400835
-bɛd	0.144188500088	0.421135924037	0.346052400211	0.0886231756638
-dri	0.0300859598854	0.70988538682	0.249283667622	0.0107449856733
-gyã	0.211488250653	0.443864229765	0.20365535248	0.140992167102
-ntã	0.0	0.990476190476	0.0	0.00952380952383
-rbe	0.013698630137	0.986301369863	0.0	0.0
-ãgã	0.145454545454	0.810909090909	0.0218181818182	0.0218181818182
-ʋɩt	0.545218680504	0.274647887324	0.103409933284	0.0767234988881
-etẽ	0.704292382797	0.082308799252	0.00963301672188	0.203765801229
-rbã	0.200506329114	0.431898734177	0.267341772152	0.100253164557
-vɩɩ	0.749715585893	0.158892681077	0.0318543799773	0.0595373530527
-ido	0.0625	0.875	0.0625	0.0
-zĩẽ	0.338190184049	0.545245398773	0.0437116564417	0.0728527607362
-oyã	0.128824476651	0.63768115942	0.113526570048	0.119967793881
-idi	0.223860237209	0.631648155139	0.0928002437883	0.0516913638645
-rpa	0.0102145045965	0.989785495403	0.0	0.0
-idg	0.480329041488	0.431688125894	0.0450643776824	0.0429184549356
-atẽ	0.532001064409	0.226405676222	0.0554781185722	0.186115140797
-idb	0.445177246496	0.290189612531	0.16240725474	0.102225886232
-ida	0.375815590638	0.294697576938	0.258433301986	0.0710535304369
-uyẽ	0.744604316547	0.223021582734	0.0323741007194	0.0
-tla	0.0541492973484	0.886286475568	0.032489578409	0.0270746486742
-ids	0.555001207998	0.22534948449	0.0750038793417	0.144645428171
-bɩɩ	0.570135746606	0.294117647059	0.054298642534	0.0814479638009
-uta	0.279433317049	0.625793844651	0.075720566683	0.019052271617
-ɩls	0.0	0.737226277372	0.0875912408759	0.175182481752
-ɩlg	0.407120566296	0.334278428985	0.144047800274	0.114553204445
-ɩle	0.181434599156	0.793248945148	0.0253164556962	0.0
-õbg	0.197368421053	0.322368421053	0.421052631579	0.0592105263158
-ɩla	0.301614100107	0.453782778708	0.0492044963312	0.195398624854
-ɩlo	0.040590405904	0.918819188192	0.00369003690037	0.0369003690037
-ɩll	0.127619047619	0.760816326531	0.0674829931973	0.0440816326531
-ɩlm	0.0122270742358	0.376419213974	0.586899563319	0.0244541484716
-swɛ	0.0	0.0116668455674	0.0733392093395	0.914993945093
-otg	0.147058823529	0.411764705882	0.441176470588	0.0
-noɛ	0.295081967213	0.581967213115	0.0983606557377	0.0245901639344
-mfã	0.0	0.960489181562	0.0395108184384	0.0
-keo	0.854325779238	0.113600556695	0.0058315752849	0.026242088782
-miẽ	0.726201633418	0.101620029455	0.0240996117285	0.148078725398
-ufa	0.0513051305131	0.059405940594	0.878487848785	0.010801080108
-kel	0.594323873122	0.175292153589	0.105175292154	0.125208681135
-ĩri	0.412213740458	0.344205412908	0.176960444136	0.0666204024983
-agẽ	0.210667639846	0.704373172339	0.0617727699589	0.0231864178557
-sdẽ	0.611963713167	0.224879589021	0.0597576717438	0.103399026068
-rsã	0.106115763631	0.107065804263	0.0577289987755	0.72908943333
-toɛ	0.0743281875357	0.541452258433	0.338479130932	0.0457404230989
-kãr	0.43648960739	0.10623556582	0.290993071594	0.166281755196
-yĩm	0.699059561129	0.13653779171	0.0877742946708	0.0766283524904
-kãe	0.303410230692	0.330658642594	0.205031761952	0.160899364761
-yĩd	0.872631115029	0.127368884971	0.0	0.0
-kãn	0.433006535948	0.517973856209	0.0408496732026	0.00816993464052
-yas	0.293733139655	0.671404855779	0.0164971985889	0.0183648059763
-mfa	0.0	1.0	0.0	0.0
-yad	0.115577889447	0.8391959799	0.0	0.0452261306533
-yag	0.576756287945	0.295750216826	0.0650477016479	0.0624457935819
-yaa	0.450023505976	0.019066631406	0.00353743350377	0.527372429114
-lʋm	0.688524590164	0.245901639344	0.0163934426229	0.0491803278689
-yam	0.193530626836	0.499589054389	0.164180198165	0.14270012061
-yao	0.392158733824	0.520648228641	0.0391878820381	0.0480051554967
-yak	0.387315112998	0.310952150247	0.0592493373992	0.242483399356
-ded	0.446265690092	0.332099000735	0.00299507174558	0.218640237427
--wɛ	0.0	0.0156019622268	0.084618742502	0.899779295271
-bsg	0.289005235602	0.505759162304	0.106806282723	0.0984293193718
-tga	0.0752427184466	0.607605177994	0.28074433657	0.0364077669903
-ẽla	0.214285714286	0.511904761905	0.202380952381	0.0714285714286
-gʋl	0.059880239521	0.920159680639	0.0199600798403	0.0
-gʋp	0.923357664234	0.0328467153284	0.0218978102189	0.021897810219
-õwã	0.203574250746	0.11913744836	0.0439461874626	0.633342113432
-ʋɩɩ	0.72520143002	0.120591217118	0.0339362894189	0.120271063444
-fʋl	0.398843930636	0.132947976879	0.312138728324	0.156069364162
-ɩmã	0.0686516540119	0.891243926522	0.0117547436366	0.0283496758294
-666	0.0379537953795	0.158415841584	0.019801980198	0.783828382838
-laa	0.281992577858	0.133579168133	0.00319991577711	0.581228338233
-adg	0.187771773942	0.630488973523	0.102323780839	0.0794154716958
-ade	0.353479764614	0.245296637486	0.0384205787217	0.362803019179
-adb	0.170647393741	0.792472766586	0.0312541014178	0.00562573825521
-nnẽ	0.268161396045	0.454561239772	0.0739406304488	0.203336733734
-ada	0.306240892909	0.25996161482	0.123990624678	0.309806867592
-ado	0.110734447758	0.759783504957	0.0752994244752	0.0541826228098
-adl	0.3984375	0.4140625	0.0	0.1875
-gɩt	0.0833333333333	0.783333333333	0.133333333333	0.0
-adi	0.0	1.0	0.0	0.0
-adr	0.337078651685	0.464131374244	0.103716508211	0.0950734658599
-lam	0.0	1.0	0.0	0.0
-gɩf	0.447368421053	0.421052631579	0.105263157895	0.0263157894737
-sen	0.503937007874	0.305511811024	0.0173228346457	0.173228346457
-sem	0.069745948002	0.670268351001	0.102887604969	0.157098096028
-sel	0.708050134065	0.227505144354	0.0130947184635	0.0513500031178
-sek	0.291549148647	0.171524078136	0.172568682754	0.364358090463
-seg	0.764343519749	0.140596690421	0.0303176712163	0.0647421186133
-sed	0.428917768097	0.457973368776	0.0302370228162	0.0828718403111
-lba	0.181910865132	0.673827556074	0.0821438974657	0.0621176813283
-ɛng	0.207794406377	0.461324227403	0.110823683401	0.220057682819
-ikĩ	0.120331950207	0.547717842324	0.257261410788	0.0746887966805
-ɛne	0.0792563600783	0.0939334637965	0.00587084148729	0.820939334638
-uii	0.212655422905	0.495702854254	0.206579553679	0.0850621691619
-õka	0.638056280415	0.0982438817971	0.0224627970943	0.241237040694
-oum	0.0422535211268	0.788732394366	0.0	0.169014084507
-õke	0.564749883123	0.294997662459	0.0785413744741	0.0617110799439
-õkd	0.561135371179	0.1653930131	0.187227074236	0.0862445414847
-uia	0.0813559322034	0.918644067797	0.0	0.0
-erã	0.087619565486	0.789725401023	0.0792159964408	0.0434390370499
-lbr	0.0655737704918	0.901639344262	0.0327868852459	0.0
-lat	0.0271573536815	0.901942081975	0.0461012638105	0.0247993005326
-bli	0.0121894045945	0.982747304266	0.00375058602907	0.00131270511017
-ble	0.63699444885	0.300555114988	0.0624504361618	0.0
-azõ	0.0219512195122	0.970731707317	0.0	0.00731707317072
-blg	0.291167115243	0.327134817715	0.322975287497	0.058722779545
-bla	0.0459044764779	0.90302019797	0.044427091028	0.00664823452439
-brẽ	0.431154537287	0.462264150943	0.0250449236298	0.0815363881402
-aan	0.668468699312	0.128657251459	0.0277076827215	0.175166366507
-ugã	0.121514668869	0.451052973101	0.0431856614755	0.384246696555
-azã	0.015748031496	0.976377952756	0.00787401574803	0.0
-uul	0.966101694915	0.0338983050847	0.0	0.0
-ɩms	0.0848495011319	0.173136580867	0.694223191079	0.0477907269221
-aak	0.010355540214	0.9855022437	0.00414221608559	0.0
-uud	0.0951794810667	0.476506955886	0.0965131999038	0.331800363144
-uug	0.273187038009	0.520914045484	0.0802025954605	0.125696321046
-las	0.005047955578	0.994194851085	0.0	0.000757193336699
-uub	0.63870881894	0.276130005202	0.00532257349116	0.0798386023674
-ɩma	0.217460864274	0.649441380296	0.0522974928124	0.0808002626178
-ɩmb	0.141542002301	0.417721518987	0.376294591485	0.0644418872267
-ɩme	0.612644436304	0.095725924509	0.233525905361	0.0581037338266
-ɩnẽ	0.666666666667	0.222222222222	0.037037037037	0.0740740740741
-uut	0.221238938053	0.327433628319	0.371681415929	0.0796460176991
-aag	0.320976225739	0.294053767494	0.0849241078261	0.300045898941
-uus	0.396756756757	0.458378378378	0.0816216216216	0.0632432432433
-uur	0.129496402878	0.80035971223	0.0539568345324	0.0161870503597
-zol	0.0495867768595	0.933884297521	0.0165289256198	0.0
-zom	0.0391111111111	0.923555555556	0.0337777777778	0.00355555555557
-bɩt	0.507462686567	0.462686567164	0.0298507462687	0.0
-adã	0.17401570469	0.644224436224	0.156477472672	0.0252823864143
-zoe	0.462373847468	0.0566541763437	0.0408987846246	0.440073191564
-zoa	0.0277492291881	0.876016070261	0.0502662804821	0.0459684200692
-bɩf	0.108303249097	0.342960288809	0.505415162455	0.043321299639
-adõ	0.0	1.0	0.0	0.0
-veo	0.790419161677	0.209580838323	0.0	0.0
-zot	0.08	0.84	0.04	0.04
-zop	0.477366255144	0.522633744856	0.0	0.0
-zor	0.0	1.0	0.0	0.0
-ũsi	0.4875	0.1975	0.1575	0.1575
-ray	0.0611510791366	0.895683453237	0.0431654676259	0.0
-rat	0.638319690404	0.08208941915	0.0431134414067	0.23647744904
-ers	0.980769230769	0.0192307692308	0.0	0.0
-rar	0.0	0.899159663866	0.0504201680672	0.0504201680672
-ras	0.0278551532033	0.972144846797	0.0	0.0
-rap	0.118452546618	0.460729195658	0.177678819928	0.243139437796
-õkã	0.22192513369	0.649732620321	0.0802139037433	0.048128342246
-eri	0.0	1.0	0.0	0.0
-ram	0.0	1.0	0.0	0.0
-rak	0.0	1.0	0.0	0.0
-era	0.39032900229	0.458120170388	0.0952544041783	0.0562964231436
-erd	0.369536883029	0.502240742568	0.10514234701	0.0230800273925
-ere	0.143641975619	0.273110080733	0.253500000548	0.3297479431
-erg	0.556878306878	0.157407407407	0.123015873016	0.162698412698
-ugu	0.0722490447039	0.183073430285	0.0254045291001	0.719272995911
-ndẽ	0.438585441687	0.393151829555	0.0608767988108	0.107385929947
-ugr	0.249183999319	0.518814756279	0.0390007272363	0.193000517166
-oze	0.0205714285714	0.952	0.00685714285714	0.0205714285714
-õya	0.192	0.344	0.464	0.0
-ɩlɛ	0.194260801932	0.113238635201	0.106842417668	0.585658145199
-blã	0.00535493828104	0.964836741344	0.000614501114218	0.029193819261
-ugd	0.224186059178	0.666008524081	0.0549027083702	0.0549027083702
-azi	0.00588936408891	0.992427960457	0.0	0.00168267545398
-uga	0.24685383221	0.515893459614	0.120729581349	0.116523126827
-aze	0.0725388601037	0.883419689119	0.0259067357513	0.0181347150259
-ugl	0.0655301012254	0.813532232286	0.0716568993074	0.0492807671817
-aza	0.00729927007301	0.894160583942	0.014598540146	0.0839416058394
-ugi	0.482213438735	0.335968379447	0.0869565217391	0.094861660079
-noy	0.108166114419	0.698281854624	0.0724824478068	0.12106958315
-ike	0.45652173913	0.152173913043	0.130434782609	0.260869565217
-ikd	0.525217197914	0.213643113876	0.228497227184	0.0326424610263
-afẽ	0.251572327044	0.672955974843	0.0754716981132	0.0
-ika	0.455061613412	0.275791660696	0.032741080384	0.236405645508
-iko	0.0106436898125	0.989356310188	0.0	0.0
-nor	0.0	1.0	0.0	0.0
-nos	0.0287081339713	0.971291866029	0.0	0.0
-iki	0.435280045764	0.212300865013	0.0497512437811	0.302667845442
-ãrs	0.861788617886	0.105691056911	0.0162601626016	0.0162601626016
-ɛlẽ	0.0708382526564	0.520661157025	0.188902007084	0.219598583235
-nok	0.0947452229299	0.903662420382	0.0015923566879	0.0
-ikr	0.242749731472	0.559613319012	0.121911922664	0.0757250268528
-nob	0.402010050251	0.170854271357	0.27135678392	0.155778894472
-ĩsr	0.0420736288505	0.95792637115	0.0	0.0
-nog	0.118421052631	0.842105263158	0.0394736842105	0.0
-tog	0.266514741548	0.0737839722388	0.106818537575	0.552882748638
-toe	0.250401284109	0.16051364366	0.531300160514	0.0577849117175
-tob	0.763513513514	0.10472972973	0.0709459459459	0.0608108108108
-gle	0.429468103213	0.42557932034	0.0989989220748	0.0459536543728
-glg	0.275386880406	0.658390260229	0.0251890630713	0.0410337962936
-gli	0.101033697366	0.824563452666	0.0700811773638	0.0043216726041
-tol	0.277148410657	0.134294072605	0.0406416272358	0.547915889502
-tom	0.042	0.663428571429	0.216571428571	0.078
-tok	0.129032258065	0.793548387097	0.0387096774194	0.0387096774194
-tot	0.032315978456	0.684021543986	0.0861759425493	0.197486535009
-gls	0.274086378737	0.631229235881	0.0647840531561	0.0299003322259
-tor	0.160714285714	0.767857142857	0.0714285714285	0.0
-tos	0.615856536102	0.00896649362907	0.311467673431	0.0637092968381
-efa	0.0	0.972273567468	0.0277264325323	0.0
-rot	0.0814673654121	0.76036207718	0.0295378751787	0.12863268223
-ros	0.0373443983403	0.912863070539	0.0248962655602	0.0248962655601
-rod	0.00971659919029	0.947368421053	0.0388663967611	0.00404858299595
-ãtẽ	0.454750088841	0.2175307637	0.0938613092237	0.233857838235
-rog	0.71719411409	0.177383592018	0.0628905462608	0.0425317476315
-rom	0.0470878346642	0.706787224049	0.227923907938	0.018201033349
-ron	0.0	0.941176470588	0.0588235294118	0.0
--wã	0.476635514019	0.308411214953	0.0	0.214953271028
-rok	0.508826583593	0.344755970924	0.0654205607477	0.0809968847352
-ikã	0.181982185139	0.767617544255	0.0355169692186	0.0148833013869
-ẽmd	0.627049180328	0.233606557377	0.0840163934426	0.0553278688525
-sat	0.504545454545	0.272727272727	0.0795454545454	0.143181818182
-ẽma	0.602564102564	0.25641025641	0.0769230769231	0.0641025641025
-ẽmb	0.123856439127	0.710063335679	0.0964109781844	0.0696692470091
-lʋɩ	0.517766262131	0.127181505367	0.0218408093462	0.333211423155
-ẽnẽ	0.226186214013	0.42985910747	0.0101088810732	0.333845797443
-ʋsẽ	0.21709102629	0.225225225225	0.0534861948831	0.504197553601
-ẽms	0.177738786173	0.67086258282	0.101695903429	0.0497027275769
-glã	0.241875589634	0.594030390012	0.0640317950983	0.100062225255
-boẽ	0.408662498094	0.105170047278	0.0211377154186	0.46502973921
-ʋmẽ	0.322382290935	0.485242445538	0.0527055516514	0.139669711876
-sab	0.0813559322033	0.857627118644	0.0406779661017	0.0203389830508
-odẽ	0.402117668807	0.385122982677	0.0957542073818	0.117005141135
--wi	0.644230769231	0.355769230769	0.0	0.0
-oll	0.0802847543589	0.840159413288	0.00594867383673	0.0736071585168
-tik	0.59378238342	0.274611398964	0.0730569948186	0.0585492227979
-mud	0.324324324324	0.356756756757	0.227027027027	0.0918918918919
-lek	0.346846846847	0.54954954955	0.054054054054	0.0495495495495
-ois	0.0	1.0	0.0	0.0
-lem	0.129029060032	0.574552753864	0.205604471277	0.0908137148271
-leo	0.0961538461538	0.673076923077	0.201923076923	0.0288461538462
-mum	0.756839292531	0.2088051915	0.0160325741188	0.0183229418501
-lea	0.0	1.0	0.0	0.0
-leb	0.194547827591	0.0516156533337	0.0597304700252	0.69410604905
-led	0.40771637122	0.504692387904	0.0500521376434	0.0375391032325
-oiz	0.177083333333	0.802083333333	0.0208333333333	0.0
-muk	0.285336856011	0.202113606341	0.482166446499	0.0303830911493
-leg	0.0612015487739	0.17939964195	0.714434406095	0.0449644031808
-sak	0.503483127116	0.142064710003	0.123267620267	0.231184542615
-esã	0.243734983673	0.609951129525	0.0676896985205	0.0786241882815
-itã	0.265402843602	0.696682464455	0.0189573459715	0.0189573459715
-ɛyã	0.148630654623	0.775164645338	0.0223575772843	0.0538471227552
-faã	0.265306122449	0.69387755102	0.0408163265306	0.0
-mdɩ	0.358208955224	0.574626865672	0.0149253731343	0.0522388059701
-pʋg	0.278791362591	0.187237578726	0.0696041187644	0.464366939918
-pʋd	0.512476631716	0.295497033244	0.0768105340161	0.115215801024
-udã	0.181919562208	0.662896342698	0.0767534812353	0.0784306138587
-pʋt	0.312087353987	0.510411376333	0.0530726256983	0.124428643982
-pʋs	0.232137245545	0.181205554068	0.109754536249	0.476902664137
-pem	0.296650717703	0.124401913876	0.0526315789473	0.526315789474
-ogs	0.687721887164	0.114026833198	0.0176262172605	0.180625062378
-ogr	0.179819176903	0.597953865806	0.130131181963	0.0920957753283
-mga	0.122950819672	0.77868852459	0.0491803278689	0.0491803278689
-pek	0.71968787515	0.140456182473	0.121848739496	0.0180072028812
-pet	0.0272589601211	0.927309439677	0.0302877334679	0.015143866734
-lsa	0.673960144002	0.233781212156	0.0333149348777	0.0589437089639
-ogm	0.4	0.475	0.1	0.025
-lsg	0.35264803793	0.43946333098	0.170321799657	0.0375668314335
-ogo	0.175331371321	0.501538849132	0.218879285826	0.104250493721
-lse	0.365460832901	0.319600986016	0.252576027955	0.0623621531285
-oga	0.320892406756	0.472026351012	0.124311948683	0.0827692935489
-lsi	0.116585704372	0.766828591256	0.0458015267176	0.0707841776544
-oge	0.473376837997	0.165271970747	0.0682868710577	0.293064320198
-ogd	0.432262711948	0.367199736065	0.128645801115	0.0718917508721
-ãab	0.143672708966	0.181505289438	0.302893522879	0.371928478717
-ãag	0.395159774551	0.239497059836	0.067948833739	0.297394331874
-ãad	0.347381158694	0.437586799937	0.152714137866	0.0623179035026
-eyõ	0.0769230769231	0.923076923077	0.0	0.0
-itr	0.0	0.8125	0.1875	0.0
-ãan	0.0665736454618	0.790132360665	0.125762746	0.0175312478735
-ãam	0.43783564161	0.346305970855	0.122230946421	0.0936274411146
-ãas	0.26132031403	0.62819643476	0.104606482528	0.00587676868134
-ãar	0.2828125	0.35625	0.196875	0.1640625
-esi	0.269392033543	0.579664570231	0.0345911949685	0.116352201258
-iti	0.102941176471	0.830882352941	0.0661764705882	0.0
-esa	0.620246290235	0.228972756266	0.0279922921599	0.122788661339
-itb	0.252577319588	0.664948453608	0.0309278350515	0.0515463917526
-sũu	0.551724137931	0.224538893344	0.00481154771452	0.21892542101
-ese	0.460118768031	0.307855606145	0.0660020776243	0.1660235482
-ita	0.280896919841	0.155134153707	0.0149148806995	0.549054045752
-udr	0.0549199084668	0.677345537757	0.267734553776	0.0
-uds	0.292011019284	0.570247933884	0.0936639118457	0.0440771349862
-ɛya	0.165365181442	0.818098300413	0.00826825907212	0.00826825907212
-neẽ	0.500155231295	0.224774914623	0.0627134430301	0.212356411053
-spe	0.0522565320665	0.90973871734	0.0380047505939	0.0
-udu	0.129854670413	0.681870336198	0.0863861968583	0.101888796531
-fan	0.137026239067	0.6472303207	0.0758017492711	0.139941690962
-udb	0.292814371257	0.510179640719	0.0910179640718	0.105988023952
-fas	0.0409767050239	0.921133875947	0.0109458321639	0.026943586865
-uda	0.365344299591	0.429351826899	0.0896427366505	0.11566113686
-udg	0.661627267729	0.200797141286	0.0593732820231	0.078202308961
-fat	0.0	1.0	0.0	0.0
-ude	0.0205613087198	0.967432087648	0.005252889089	0.006753714543
-udi	0.367481580397	0.496157330021	0.08782578651	0.0485353030713
-udl	0.189378344998	0.795800741046	0.00741045697818	0.00741045697817
-edẽ	0.321758509829	0.598526544042	0.0217404398533	0.0579745062755
-nkẽ	0.252032091207	0.441834688061	0.184735564235	0.121397656497
-kɩt	0.385266895564	0.112555923769	0.0257122048299	0.476464975837
-nɛt	0.031746031746	0.873015873016	0.031746031746	0.0634920634921
-nɛs	0.0454545454545	0.890909090909	0.0636363636364	0.0
-gde	0.504761493633	0.258571120225	0.121355493201	0.115311892942
-nɛy	0.0	0.982532751092	0.0131004366812	0.00436681222707
-pdb	0.0	1.0	0.0	0.0
-aee	0.695501730104	0.0968858131487	0.0622837370242	0.145328719723
-ʋla	0.217105263158	0.40899122807	0.294956140351	0.078947368421
-lsã	0.526873434791	0.390290888075	0.0544532203173	0.0283824568163
-ogã	0.0903953990957	0.792510747157	0.0877086982891	0.0293851554583
-gma	0.469801394044	0.292764266404	0.0394316320069	0.198002707544
-kre	0.291873414278	0.534724727507	0.0971689130448	0.0762329451702
-dʋd	0.0313315926893	0.788511749347	0.174934725848	0.00522193211487
-kra	0.386780383795	0.421890547264	0.114570007107	0.0767590618337
-gmi	0.684210526316	0.0	0.0631578947369	0.252631578947
-utu	0.116830827068	0.348453545178	0.0585464632558	0.476169164499
-kri	0.269623059867	0.543237250554	0.117960088692	0.0691796008869
-dʋr	0.233668968961	0.712407422818	0.0419405841724	0.0119830240493
-gri	0.315287584289	0.505177487747	0.0442872890324	0.135247638931
-eyẽ	0.0327613104524	0.936037441498	0.0218408736349	0.00936037441497
-ize	0.0	1.0	0.0	0.0
--tã	0.0702367252022	0.139388559872	0.0545815515125	0.735793163413
-izi	0.0	0.991044776119	0.00895522388059	0.0
-rni	0.0	1.0	0.0	0.0
-uri	0.167350279395	0.596707871777	0.114493360353	0.121448488475
-õta	0.58525395594	0.193680505159	0.0627111433648	0.158354395536
-fõg	0.0605427974948	0.864300626305	0.062630480167	0.0125260960334
-rdẽ	0.00735895339329	0.985282093213	0.00735895339329	0.0
-wɛl	0.0174587778855	0.970902036857	0.00581959262851	0.00581959262851
-pɩk	0.646953405018	0.335722819594	0.00896057347672	0.00836320191159
-ure	0.0	0.974264705882	0.0257352941176	0.0
-urf	0.0119680851064	0.852393617021	0.135638297872	0.0
-urg	0.337931034483	0.620689655172	0.0413793103448	0.0
-ɩbl	0.912451361868	0.00583657587549	0.0817120622569	0.0
-ɩbo	0.323421685572	0.548625290675	0.0565765207544	0.0713765029989
-wɛs	0.043956043956	0.934065934066	0.021978021978	0.0
-ɩbd	0.353739349953	0.456295361313	0.150205112023	0.0397601767119
-ɩbg	0.489785610829	0.417193190014	0.0591697602984	0.0338514388581
-ɩba	0.194092369521	0.486636814086	0.28309353688	0.0361772795119
-arb	0.367924528302	0.575471698113	0.0566037735849	0.0
-ɩgd	0.447290807538	0.382014407266	0.0849558907971	0.0857388943989
--fã	0.411334552102	0.252285191956	0.117001828154	0.219378427788
-zĩm	0.020719738277	0.959651035987	0.0109051254089	0.00872410032716
-gmã	0.30871098888	0.504155207461	0.0750328829368	0.112100920722
-krã	0.320888059953	0.552329696752	0.0646495061964	0.0621327370988
-ark	0.275660210203	0.603154006014	0.0584332748401	0.0627525089436
-t'a	0.206569325546	0.0319490772809	0.00119267720536	0.760288919968
-ɩgs	0.275529785532	0.607153184346	0.0458527828997	0.071464247222
-ɛfã	0.0	1.0	0.0	0.0
-dɩɩ	0.580565619666	0.273525933348	0.030340775191	0.115567671795
--to	0.0876635707627	0.149915409315	0.0743016952664	0.688119324656
-bũn	0.156821272095	0.77579694818	0.044417585738	0.022964193987
--ta	0.461010747771	0.300251543563	0.189343699977	0.0493940086897
-õtã	0.431500704857	0.326092528515	0.0624759707804	0.179930795848
-urã	0.113933897469	0.765852085152	0.0420255758358	0.0781884415437
-nni	0.0	0.84328358209	0.0	0.15671641791
-tɛɛ	0.510723524994	0.201994492197	0.0425602937495	0.24472168906
-nna	0.0860790473554	0.300996258066	0.0543924959723	0.558532198607
-ɩbã	0.27915531565	0.5737205147	0.0586659267023	0.0884582429471
--fo	0.466075443333	0.30627437979	0.0897924131535	0.137857763724
--fa	0.836185819071	0.163814180929	0.0	0.0
--fu	0.293158411176	0.370452444203	0.303966094537	0.032423050084
-udĩ	0.441340782123	0.435754189944	0.0111731843575	0.111731843575
-tye	0.0380622837371	0.955017301038	0.00692041522493	0.0
-mdi	0.469569731857	0.357967793646	0.147597274847	0.0248651996502
-mdo	0.315887985026	0.52156072277	0.135339428407	0.0272118637967
-pʋɩ	0.765572672472	0.175262335343	0.010270149587	0.0488948425988
-mdb	0.0308234749799	0.786982984867	0.0633891463716	0.118804393781
-kõẽ	0.48992248062	0.173643410853	0.0527131782946	0.283720930233
-mda	0.553118211762	0.310459647297	0.04413416887	0.0922879720707
-mdg	0.0990247561891	0.782445611403	0.0892723180795	0.0292573143286
-mde	0.338988322435	0.461906905321	0.101912429356	0.0971923428881
-mds	0.305555555556	0.222222222222	0.472222222222	0.0
-dbã	0.105262757364	0.777042231741	0.0792381512662	0.0384568596287
-000	0.416666666667	0.0	0.0	0.583333333333
-sũy	0.276533876127	0.409421343414	0.210526315789	0.10351846467
-ɩtɩ	0.176470588235	0.313725490196	0.21568627451	0.294117647059
-lmã	0.108568628745	0.755292437543	0.084737079045	0.0514018546669
-frã	0.481844016419	0.239658983265	0.0795705715188	0.198926428797
-sgã	0.21034195355	0.549662896003	0.168298551489	0.0716965989578
-edg	0.467110952841	0.360940123111	0.0925878821794	0.0793610418681
-d-m	0.468320538984	0.248412025872	0.0501485900452	0.233118845098
-d-a	0.609328581258	0.240049212198	0.0791701650872	0.0714520414566
-d-b	0.527882928092	0.276538696926	0.0788774184811	0.116700956501
-d-d	0.466496975307	0.333674919837	0.0803279230439	0.119500181812
-d-f	0.53938664621	0.2693232423	0.0499241456893	0.141365965801
-d-y	0.354532087256	0.191976943114	0.0489494660109	0.404541503619
-obẽ	0.246674727932	0.390568319226	0.355501813785	0.00725513905685
-llẽ	0.338214950888	0.48018114794	0.0929928823698	0.0886110188026
-ɛɛm	0.0490841902314	0.926735218509	0.0130944730077	0.0110861182519
-ɛɛl	0.297411223708	0.265136677169	0.368134207613	0.0693178915098
-tʋd	0.685589519651	0.235807860262	0.0524017467249	0.0262008733624
-ɛɛb	0.150163148248	0.345742520624	0.44157459323	0.0625197378983
-ɛɛd	0.246742445245	0.48895665835	0.20330838185	0.0609925145551
-ɛɛg	0.262249310335	0.545587098252	0.0351514399443	0.157012151469
-ɛɛz	0.0135797812146	0.969445492267	0.010184835911	0.00678989060731
-ntẽ	0.0	1.0	0.0	0.0
-bud	0.25	0.583333333333	0.0666666666666	0.1
-ɛɛs	0.211689283739	0.692114940284	0.0649223860197	0.0312733899574
-ɛɛr	0.0162872509556	0.965683455671	0.00710347393702	0.0109258194364
-mdã	0.298375969815	0.53605190463	0.0772560032331	0.0883161223219
-ãpo	0.370750988142	0.486956521739	0.00948616600789	0.132806324111
-sgu	0.515302691629	0.229165518077	0.196457726751	0.0590740635428
-dba	0.115287964949	0.770984020102	0.0728179310356	0.0409100839131
-lda	0.334862385321	0.610091743119	0.0275229357798	0.0275229357798
-dbi	0.762589928058	0.0	0.21582733813	0.021582733813
-yud	0.0	1.0	0.0	0.0
-lde	0.0588235294117	0.941176470588	0.0	0.0
-dbu	0.694672131148	0.233606557377	0.0245901639344	0.047131147541
-sgd	0.568665377176	0.31914893617	0.0599613152805	0.0522243713733
-fre	0.200567644276	0.623462630085	0.124881740776	0.0510879848628
-sga	0.343698423993	0.490366545348	0.104548242331	0.061386788328
-fra	0.105726872247	0.528634361234	0.132158590308	0.233480176211
-dbr	0.105035011671	0.870956985662	0.0240080026676	0.0
-yus	0.015865243365	0.976300068554	0.0015669376163	0.00626775046518
-sgi	0.47898397339	0.52101602661	0.0	0.0
-fri	0.420233463035	0.124513618677	0.408560311284	0.0466926070039
-tim	0.200772200772	0.72972972973	0.061776061776	0.00772200772201
-vão	0.0340909090909	0.965909090909	0.0	0.0
-ose	0.258695793814	0.428237013319	0.231461228441	0.0816059644257
-usi	0.184654502066	0.746916411722	0.023117934531	0.0453111516807
-ɛtg	0.205128205128	0.579487179487	0.107692307692	0.107692307692
-ɛta	0.335347226936	0.4684678569	0.122191297264	0.0739936188989
-ɛtb	0.192898114451	0.687588923335	0.0482245286127	0.0712884336014
-usa	0.504236018998	0.380737167144	0.0605148118038	0.0545120020538
-usg	0.484774665043	0.31425091352	0.0986601705237	0.102314250914
-usd	0.372383524646	0.338960162053	0.198514517218	0.0901417960837
-isẽ	0.148843701624	0.715782614999	0.0444510602135	0.0909226231639
-usr	0.0381289308176	0.531446540881	0.0998427672956	0.330581761006
-ust	0.0481927710843	0.94578313253	0.00602409638554	0.0
-a-y	0.746850025739	0.178011269092	0.0185184732393	0.0566202319291
-l-a	0.596532117486	0.0767889222288	0.0130467867944	0.313632173491
-l-b	0.739630844153	0.0352992333032	0.0124627521961	0.212607170348
-olã	0.443741358276	0.527564050427	0.0122976819845	0.0163969093127
-l-d	0.389048991354	0.463976945245	0.121037463977	0.0259365994236
-l-f	0.448462929476	0.426763110307	0.0623869801085	0.0623869801085
-l-m	0.477112735356	0.156286840244	0.0397453602344	0.326855064165
-epi	0.727272727273	0.173553719008	0.0	0.099173553719
-õnd	0.00492060185704	0.00407524428382	0.00162498539991	0.989379168459
-a-m	0.378461538462	0.4	0.221538461538	0.0
-a-a	0.474412041234	0.223056830548	0.15436198716	0.148169141058
-l-y	0.615575418254	0.204349614995	0.0726201076478	0.107454859103
-a-b	0.377744415417	0.296645634309	0.157837349283	0.167772600991
-a-f	1.0	0.0	0.0	0.0
-wil	0.0508305094161	0.828342869841	0.0624965279706	0.0583300927726
-m-y	0.479567234074	0.331760507554	0.116157430688	0.0725148276834
-ãbg	0.29702970297	0.70297029703	0.0	0.0
-ãbd	0.760610725552	0.170705362776	0.0559646687697	0.0127192429022
-ãbe	0.715861972029	0.207604188629	0.0487033523087	0.0278304870335
-ɩts	0.348214285714	0.575892857143	0.0758928571428	0.0
-m-m	0.814184397163	0.164539007092	0.0127659574468	0.00851063829787
-oɛy	0.390951561347	0.520531104008	0.0663880009835	0.0221293336612
-m-f	0.451043338684	0.351524879615	0.0722311396469	0.125200642055
-ãbr	0.764654719673	0.20339591878	0.0200824558291	0.0118669057172
-iud	0.0	1.0	0.0	0.0
-m-b	0.727172705042	0.116498915942	0.0303909222545	0.125937456761
-ẽgd	0.388213181811	0.2343185559	0.309375458343	0.0680928039459
-õgs	0.153452685422	0.652173913044	0.194373401534	0.0
-ikɛ	0.0	1.0	0.0	0.0
-rmã	0.152542372881	0.677966101695	0.0508474576272	0.118644067797
-õge	0.20979020979	0.79020979021	0.0	0.0
-õgd	0.831491712707	0.135359116022	0.024861878453	0.00828729281767
-õgb	0.178571428571	0.821428571429	0.0	0.0
-õga	0.627419589047	0.286157931151	0.0201779358128	0.0662445439892
-õgn	0.905405405405	0.054054054054	0.0	0.0405405405405
-wɛɛ	0.300347222222	0.371527777778	0.161458333333	0.166666666667
-iim	0.891304347826	0.0	0.0869565217391	0.0217391304348
-kẽn	0.705312896162	0.200760631555	0.0271983404403	0.0667281318428
-ɛtã	0.147849462366	0.507857733664	0.320512820513	0.0237799834574
-usã	0.205542725173	0.778290993072	0.00692840646651	0.00923787528868
-iid	0.127178663686	0.823730671486	0.0271646937592	0.0219259710681
-kẽe	0.593418224844	0.0462825084315	0.00325989841995	0.357039368304
-kẽb	0.266666666667	0.674074074074	0.0444444444444	0.0148148148148
-iib	0.0218467464663	0.0339878072074	0.276864733223	0.667300713103
-iiz	0.0395408701523	0.953454023716	0.00143478077394	0.00557032535763
-tsa	0.711538461538	0.115384615385	0.173076923077	0.0
-otẽ	0.124098577215	0.79441264186	0.0549803823105	0.026508398614
-kma	0.459770114943	0.367816091954	0.149425287356	0.0229885057471
-tse	0.0	0.953307392996	0.0466926070039	0.0
-dɩg	0.250151057402	0.67250755287	0.0157099697885	0.0616314199396
-dɩm	0.296296296296	0.62962962963	0.0	0.0740740740741
-dɩk	0.6063776023	0.120005423631	0.0223203279969	0.251296646072
-dɩt	0.477030837806	0.286909851724	0.126626034749	0.109433275721
-sbu	0.954545454545	0.0454545454545	0.0	0.0
-õns	0.0	0.952380952381	0.0	0.047619047619
-tam	0.152985074627	0.824626865672	0.0186567164179	0.00373134328358
-tan	0.0	1.0	0.0	0.0
-tao	0.108196217131	0.0709826234046	0.0237428878979	0.797078271567
-tak	0.499316939891	0.329234972678	0.0696721311475	0.101775956284
-tae	0.675	0.175	0.0416666666667	0.108333333333
-tag	0.396011396011	0.441595441595	0.0769230769231	0.0854700854701
-taa	0.629431381891	0.10313034218	0.0323683546787	0.235069921251
-tab	0.226757369614	0.285714285714	0.0188964474679	0.468631897203
-gna	0.291169191959	0.567441733559	0.0879661007407	0.0534229737408
-tat	0.413691670009	0.318224361546	0.179836876588	0.0882470918572
-tar	0.592999375108	0.0560319277936	0.0461669820205	0.304801715078
-tas	0.161290322581	0.838709677419	0.0	0.0
-rms	0.0	1.0	0.0	0.0
-dʋʋ	0.523221634333	0.211052322163	0.00705467372133	0.258671369783
-tɛn	0.0324974924774	0.848545636911	0.00361083249749	0.115346038114
-ens	0.168869797669	0.332441970912	0.156152583188	0.342535648231
-eno	0.0	0.955056179775	0.0449438202247	0.0
-õgã	0.642105263158	0.178947368421	0.0526315789473	0.126315789474
-tɛt	0.730029154519	0.118950437318	0.0408163265306	0.110204081633
-end	0.517225038736	0.22373463447	0.0457812549866	0.213259071808
-ene	0.123312380432	0.228477726155	0.0216452582673	0.626564635146
-eng	0.145856039444	0.197035955388	0.213547129558	0.44356087561
-ena	0.473372781065	0.45723507262	0.0618612157074	0.00753093060784
-msã	0.140866624131	0.692117372662	0.117915079337	0.0491009238708
-lgõ	0.0	1.0	0.0	0.0
-hey	0.111111111111	0.614379084967	0.0	0.274509803922
-u-y	0.285048905449	0.594783418724	0.0419189566837	0.0782487191429
-u-a	0.853658536585	0.0731707317073	0.0	0.0731707317073
-lgã	0.183766913174	0.669232991177	0.0908198610741	0.0561802345747
-msõ	0.0	1.0	0.0	0.0
-lyõ	0.0516351118761	0.948364888124	0.0	0.0
-ndl	0.25	0.640625	0.078125	0.03125
-okã	0.362217017955	0.483996877439	0.149102263856	0.00468384074941
-amẽ	0.30808341316	0.453245891976	0.0761918797436	0.162478815121
-ẽka	0.540305506097	0.0831660163402	0.188401038839	0.188127438724
-ʋbẽ	0.14799154334	0.791603745092	0.0362428269405	0.024161884627
-ẽke	0.381427536815	0.437515088115	0.0965639333709	0.0844934416995
-ẽkd	0.651195857226	0.186801910757	0.0600204990754	0.101981732942
-nsi	0.327317473339	0.392124692371	0.0880503144654	0.192507519825
-nse	0.155891236231	0.435696418825	0.22656794526	0.181844399684
-lmẽ	0.10348780269	0.714507399445	0.0772109905983	0.104793807267
-yʋɩ	0.155844155844	0.506493506494	0.311688311688	0.025974025974
-yõk	0.633210105116	0.148899087548	0.0133882533154	0.20450255402
-ɩtẽ	0.522468330381	0.418886609027	0.0263645557485	0.0322805048432
-pus	0.0376282782212	0.830102622577	0.0	0.132269099202
-yõe	0.451612903226	0.483870967742	0.0645161290323	0.0
-yõg	0.337595907928	0.527219583486	0.0471318962368	0.0880526123493
-osẽ	0.184481116331	0.609992591447	0.166570328337	0.0389559638853
-yõs	0.565693430657	0.372262773723	0.0	0.0620437956204
-pui	0.0663507109005	0.933649289099	0.0	0.0
-puk	0.549822907421	0.175412138813	0.1204315716	0.154333382167
-meõ	0.0573394495413	0.935779816514	0.0	0.00688073394495
-y-b	0.488034277354	0.287978541819	0.137248754659	0.0867384261678
-y-d	0.879888268156	0.0153631284916	0.0628491620112	0.0418994413408
-dsã	0.257239105661	0.598469050903	0.10776129745	0.0365305459862
-nam	0.0	1.0	0.0	0.0
-y-m	0.778761061947	0.150442477876	0.0530973451327	0.0176991150442
-ũsẽ	0.483825198638	0.352298524404	0.0702326901249	0.0936435868332
-dmẽ	0.136762127411	0.592635885447	0.124488603156	0.146113383986
-gda	0.462434861032	0.346987934446	0.0792806602661	0.111296544256
-gdb	0.169051404345	0.723723723724	0.0657127715951	0.0415121003356
-msa	0.395835077425	0.358536444814	0.146595522502	0.0990329552586
-bɛɛ	0.1258111031	0.135544340303	0.00324441240086	0.735400144196
-lgr	0.250322785807	0.475703098891	0.216623505873	0.0573506094284
-mse	0.217546363334	0.517083746362	0.202737514239	0.0626323760654
-msd	0.611884298242	0.275729680206	0.0635848597979	0.0488011617543
-kio	0.0677966101695	0.864406779661	0.0677966101695	0.0
-msi	0.105522426757	0.637088410682	0.219957220638	0.0374319419238
-del	0.368421052632	0.245614035088	0.350877192982	0.0350877192982
-dem	0.278627492614	0.516133385636	0.136250274408	0.0689888473428
-nag	0.482809070958	0.385515727871	0.087783467447	0.0438917337235
-lgd	0.569266036687	0.210747389778	0.0690848899909	0.150901683544
-lge	0.49673544259	0.256196474426	0.150621239959	0.0964468430256
-lgb	0.555	0.235	0.02	0.19
-fut	0.0543674698795	0.880120481928	0.0560240963855	0.00948795180723
-lga	0.464108602961	0.292624915518	0.130752418262	0.112514063258
-oke	0.808403136611	0.118530262944	0.00687685651248	0.0661897439326
-okd	0.606912855185	0.286119325498	0.0464746223529	0.0604931969642
-kil	0.0	1.0	0.0	0.0
-oka	0.889515672194	0.0624480351531	0.0115670009986	0.0364692916541
-lgi	0.594674556213	0.213017751479	0.0680473372781	0.124260355029
-lak	0.542632714034	0.232235214974	0.0475336855226	0.177598385469
-kis	0.604468454504	0.235705086562	0.10025719637	0.0595692625645
-ẽkã	0.226640159046	0.236580516899	0.536779324056	0.0
-bia	0.0	0.984732824427	0.0152671755725	0.0
-bil	0.186374964854	0.641652815421	0.134616892718	0.0373553270073
-nsã	0.160687706465	0.434808186093	0.13870728712	0.265796820322
-kiu	0.0	0.905923344948	0.0940766550523	0.0
-rẽn	0.204545454545	0.331818181818	0.184090909091	0.279545454545
-rɩɩ	0.467300832342	0.350772889417	0.0606420927467	0.121284185493
-yug	0.651162790698	0.232558139535	0.0697674418605	0.046511627907
-met	0.577767398412	0.312937879496	0.07006071929	0.0392340028024
-dsi	0.550641273673	0.240391960574	0.142293373622	0.0666733921313
-mes	0.489795918367	0.434013605442	0.0272108843537	0.0489795918367
-dsa	0.341346706518	0.531770893206	0.0398034256811	0.0870789745948
-lut	0.479212253829	0.275711159737	0.0262582056893	0.218818380744
-dsg	0.292589027911	0.563041385948	0.0967276227141	0.0476419634263
-dsd	0.608403623868	0.232271165261	0.0468603561387	0.112464854733
-dse	0.132220465493	0.46266132294	0.222524543148	0.182593668419
-mee	0.269320843091	0.651053864169	0.0234192037471	0.056206088993
-luk	0.249153689912	0.718348002708	0.00406228842247	0.0284360189573
-lum	0.195897435897	0.419487179487	0.276923076923	0.107692307692
-meb	0.954545454545	0.00826446280991	0.0371900826446	0.0
-lub	0.450703155686	0.270322451261	0.0447988076435	0.234175585409
-lud	0.722358510691	0.183308445874	0.0439359380384	0.050397105397
-eeg	0.593449229719	0.122283494334	0.0446504619447	0.239616814003
-mek	0.0	1.0	0.0	0.0
-lug	0.14883357005	0.532662590044	0.212534338031	0.105969501875
-kɛɛ	0.590717299578	0.270042194093	0.00843881856539	0.130801687764
-ndr	0.0381426202322	0.958540630182	0.00331674958541	0.0
-aya	0.287696608843	0.465875477077	0.107097798012	0.139330116068
-ɩri	0.0929585054787	0.83833303395	0.0525417639662	0.016166696605
-ɩrd	0.596153846154	0.0961538461538	0.269230769231	0.0384615384615
-ɩre	0.3584772963	0.468587934894	0.114561838807	0.0583729299985
-ayo	0.0823934787117	0.142932346419	0.0311069280712	0.743567246798
-ɩrg	0.172693946299	0.222332309521	0.429802833647	0.175170910532
-ayi	0.00432152117545	0.99360414866	0.0	0.00207433016422
-ɩra	0.232472324723	0.716789667897	0.0322878228782	0.0184501845018
-ayu	0.00664451827242	0.993355481728	0.0	0.0
-zʋg	0.217826086957	0.497173913043	0.18347826087	0.10152173913
-sgo	0.213695307568	0.272694244595	0.301221629201	0.212388818637
-ɩrs	0.173777564717	0.195110258869	0.512703739214	0.1184084372
-brã	0.120789536185	0.654942130225	0.0661578729583	0.158110460632
-ãmã	0.31862745098	0.647058823529	0.0196078431372	0.0147058823529
-sri	0.0396961529037	0.25974025974	0.0198480764518	0.680715510904
-ubr	0.342814089282	0.451497457148	0.142399698625	0.0632887549445
-ubu	0.0	0.764940239044	0.0996015936255	0.135458167331
-sra	0.444444444444	0.068376068376	0.017094017094	0.470085470086
-õdb	0.0484953991545	0.305894056205	0.528475503606	0.117135041035
-ubi	0.355781448539	0.501479886479	0.0133151739723	0.12942349101
-õda	0.452145214522	0.36303630363	0.0792079207921	0.105610561056
-ubl	0.207879627796	0.601762027321	0.172540091071	0.0178182538111
-õdg	0.579864903825	0.145796112868	0.0478308487625	0.226508134545
-õde	0.320715281003	0.520204366001	0.120761727822	0.0383186251742
-uba	0.503908081913	0.38494606847	0.0773800218853	0.0337658277317
-ubd	0.568737679784	0.31006789808	0.0934511206833	0.0277433014529
-ubg	0.439409857032	0.501210432558	0.0118759420819	0.0475037683277
-lma	0.270610942608	0.538919744576	0.1124766394	0.0779926734156
-ũ-y	0.635871526525	0.174305304944	0.103933597979	0.0858895705521
-õrã	0.335899903754	0.353224254091	0.0721847930702	0.238691049086
-ũ-a	0.488309352518	0.263489208633	0.0809352517986	0.16726618705
-ũ-b	0.643696560641	0.129578180195	0.0595673287824	0.167157930382
-ũ-d	0.636363636364	0.0909090909091	0.242424242424	0.030303030303
-ũ-f	0.0851063829787	0.914893617021	0.0	0.0
