iam-	0.176870748299	0.450491307634	0.288737717309	0.0839002267574
ʼoi-	0.0791743054299	0.901410777934	0.00991399998427	0.00950091665159
agu-	0.0433580933294	0.0270884048111	0.00509446239538	0.924459039464
ivi-	0.55189125512	0.204009335961	0.0730950700737	0.171004338846
tut-	0.100278579389	0.23845869761	0.00900167798566	0.652261045015
siu-	0.0210157618213	0.978984238179	0.0	0.0
gin-	0.629213483146	0.303370786517	0.0337078651685	0.0337078651685
dok-	0.0229445506692	0.977055449331	0.0	0.0
baʼ-	0.167256301823	0.0476280607659	0.0169535043732	0.768162133038
gum-	0.312682940183	0.0495691561272	0.136902430498	0.500845473191
fal-	0.0478809267377	0.879283917606	0.0441897803768	0.0286453752795
iol-	0.0198921105866	0.944706675657	0.00809170600137	0.0273095077546
omo-	0.144909105375	0.134536000821	0.0238346321855	0.696720261618
ogo-	0.230769230769	0.749590834697	0.0	0.0196399345335
aʼa-	0.464747342333	0.323730040395	0.116513727806	0.095008889467
toy-	0.199304859136	0.298831097979	0.0709706727312	0.430893370154
kul-	0.240305749773	0.514342340474	0.063950915724	0.181400994029
giw-	0.191873056696	0.521970778588	0.0971451557181	0.189011008998
mah-	0.0269360424842	0.752611380322	0.0936808941365	0.126771683057
eda-	0.120447455108	0.0774111659323	0.012835612088	0.789305766872
wav-	0.26224328594	0.687203791469	0.0126382306477	0.0379146919431
ite-	0.558139534884	0.244186046512	0.174418604651	0.0232558139535
noq-	0.705682802286	0.148269853191	0.0217083445407	0.124338999982
lis-	0.0568256041803	0.919007184847	0.013716525147	0.0104506858262
ana-	0.0324075104547	0.010628080612	0.000808443979763	0.956155964954
yal-	0.44681617929	0.300183138511	0.0843084875767	0.168692194622
iud-	0.0553748478615	0.919820352036	0.00298938767376	0.0218154124287
veu-	0.56745623069	0.302780638517	0.0803295571576	0.0494335736354
une-	0.611492828059	0.0912559612651	0.027670090923	0.269581119753
iem-	0.00389736927574	0.995128288405	0.000974342318934	0.0
ius-	0.138043478261	0.861956521739	0.0	0.0
vil-	0.349597502875	0.25102677838	0.319533431904	0.0798422868408
nun-	0.232763001863	0.71189790502	0.0282342311819	0.0271048619346
euf-	0.0	1.0	0.0	0.0
kat-	0.321566314452	0.156761817485	0.0432967261031	0.478375141959
abi-	0.203891830019	0.681499499213	0.0944341107454	0.0201745600229
dud-	0.0346020761245	0.934256055363	0.0311418685121	0.0
lia-	0.28	0.456923076923	0.0753846153846	0.187692307692
aio-	0.0274240940254	0.581782566112	0.248775710088	0.142017629775
igi-	0.535814375469	0.299962392356	0.0891757976752	0.0750474345
gan-	0.0602706963092	0.939729303691	0.0	0.0
gae-	0.196330001492	0.705803371625	0.0781739519618	0.0196926749217
nug-	0.255468620532	0.244361173753	0.213587553872	0.286582651843
yau-	0.0879226230254	0.768660073695	0.00919510707352	0.134222196206
ini-	0.113055348722	0.45358649789	0.393770166294	0.0395879870936
gig-	0.579042125159	0.185851855311	0.114843225786	0.120262793744
ked-	0.0475197999166	0.876615256357	0.0558566069195	0.020008336807
tai-	0.0552521885545	0.7942238991	0.0275297064843	0.122994205862
ʼau-	0.0592776018595	0.871660737805	0.0122408484899	0.0568208118457
kum-	0.293233082707	0.488721804511	0.0150375939849	0.203007518797
lua-	0.299465162993	0.232687776028	0.119501188858	0.348345872121
onu-	0.53502187701	0.259545436354	0.110721658186	0.0947110284497
ʼen-	0.383889139504	0.129925847213	0.134117742823	0.352067270459
ful-	0.740828402367	0.244970414201	0.014201183432	0.0
maʼ-	0.135451252952	0.0491981747948	0.0175354241638	0.79781514809
dah-	0.595252274215	0.196973183785	0.0761543831399	0.13162015886
val-	0.22313399507	0.448258915654	0.149402819244	0.179204270032
mul-	0.136240691889	0.855745149765	0.00801415834642	0.0
gaw-	0.0784645780412	0.900649167372	0.0169348010161	0.00395145357042
ate-	0.0	1.0	0.0	0.0
naw-	0.152834287711	0.0283229278891	0.00743842716542	0.811404357235
kam-	0.202518566354	0.736519212141	0.0348724572167	0.026089764288
ibi-	0.283592167454	0.594868332208	0.0162052667117	0.105334233626
ies-	0.0479820726322	0.952017927368	0.0	0.0
sin-	0.204898240773	0.410141428079	0.343566747154	0.0413935839945
bod-	0.21719657291	0.668988629059	0.0493197458136	0.0644950522178
kim-	0.46437994723	0.298153034301	0.20580474934	0.0316622691292
ʼue-	0.132985916422	0.800521125367	0.066492958211	0.0
qaq-	0.50243902439	0.175609756098	0.292682926829	0.0292682926829
ʼan-	0.0842105263158	0.821052631579	0.0421052631579	0.0526315789474
ʼiʼ-	0.369927064133	0.307780620352	0.240676444416	0.081615871099
oma-	0.511536024052	0.353241751345	0.0617902880638	0.0734319365396
noy-	0.0	0.8784	0.0	0.1216
lom-	0.172181726013	0.531753107137	0.232961001276	0.0631041655741
ʼun-	0.11982941741	0.695367200383	0.0953880575457	0.0894153246607
gen-	0.103571428571	0.489285714286	0.350892857143	0.05625
ova-	0.400038793382	0.313572654976	0.0837290497777	0.202659501864
ake-	0.102040816327	0.65306122449	0.0	0.244897959184
ium-	0.730994152047	0.198830409357	0.0701754385964	0.0
kid-	0.0392156862745	0.960784313725	0.0	0.0
oʼa-	0.194113032809	0.070413358888	0.00935628383119	0.726117324471
vel-	0.125590277264	0.705639632201	0.1119505069	0.0568195836356
nig-	0.222222222222	0.693121693122	0.031746031746	0.05291005291
oʼw-	0.918918918919	0.0405405405405	0.0	0.0405405405405
toʼ-	0.123130237285	0.723975008341	0.0612603788996	0.0916343754741
ifa-	0.109677419355	0.851612903226	0.0	0.0387096774194
nai-	0.352849533937	0.402719712944	0.188185200664	0.0562455524546
saʼ-	0.316077350319	0.552906131415	0.0327541295667	0.0982623887001
276-	0.0	0.137931034483	0.0	0.862068965517
eso-	0.0	1.0	0.0	0.0
oqe-	0.582320441989	0.304972375691	0.0828729281768	0.0298342541437
sen-	0.158138660988	0.768459948644	0.0251769274128	0.0482244629548
gug-	0.130134782453	0.676093096421	0.168031175146	0.0257409459798
iʼi-	0.601796787511	0.0775441446756	0.0234527284357	0.297206339378
duv-	0.367724510466	0.493315327482	0.0879135719109	0.0510465901418
bwa-	0.0696290463024	0.810004968075	0.0364063740427	0.08395961158
asi-	0.309506560412	0.435643564356	0.0639942042985	0.190855670933
dia-	0.185554975209	0.125914686514	0.0376088048995	0.650921533377
nan-	0.180324973738	0.0309303643511	0.0077212683561	0.781023393555
oto-	0.407892096992	0.25526553376	0.0459386780333	0.290903691215
meʼ-	0.0733691012195	0.732612583466	0.047450864091	0.146567451224
yag-	0.518416452368	0.266461577913	0.103721214135	0.111400755584
fay-	0.177842671498	0.28304263323	0.483247887472	0.0558668078003
153-	0.0	0.0	0.0	1.0
geg-	0.49456618564	0.121681810084	0.165686798503	0.218065205772
usi-	0.409549182469	0.383847881732	0.0950739173588	0.11152901844
nog-	0.507535121328	0.138002733526	0.0297551029554	0.32470704219
tol-	0.126878250185	0.335969632903	0.0432514139186	0.493900702993
mel-	0.0149969228776	0.721990088427	0.000971722864638	0.262041265831
kaf-	0.413055663315	0.33164720342	0.0212675703994	0.234029562866
ail-	0.484375	0.421875	0.0	0.09375
igw-	0.49449618967	0.307366638442	0.167654530059	0.030482641829
isa-	0.344937825205	0.335075109504	0.0690647323397	0.250922332951
leu-	0.449395289625	0.474220241884	0.0572883513686	0.0190961171228
luv-	0.248092459629	0.498272263682	0.125003284516	0.128631992173
dio-	0.284826514759	0.684101501813	0.0310719834283	0.0
igu-	0.858797814208	0.128087431694	0.0	0.0131147540984
ʼia-	0.147471367475	0.411771054069	0.0166331300209	0.424124448435
bab-	0.31644431447	0.580459670231	0.0596028944232	0.0434931208757
ita-	0.402671778545	0.0797763471796	0.0189226120461	0.498629262229
vaw-	0.72247706422	0.103211009174	0.0298165137615	0.144495412844
fwe-	0.513513513514	0.295366795367	0.00579150579151	0.185328185328
liʼ-	0.601663718506	0.261127312712	0.0884448056605	0.0487641631209
oiʼ-	0.421828908555	0.466076696165	0.11209439528	0.0
kom-	0.0	0.107692307692	0.892307692308	0.0
ivu-	0.613482318403	0.324680269417	0.0331137460761	0.0287236661039
kod-	0.102491956044	0.821738207271	0.024321182146	0.0514486545397
ali-	0.0583122455716	0.922983826604	0.00880184838816	0.00990207943668
tua-	0.23947759884	0.141454851198	0.0527436686347	0.566323881328
aiu-	0.384615384615	0.410256410256	0.179487179487	0.025641025641
oni-	0.0	0.846153846154	0.153846153846	0.0
daf-	0.396590909091	0.204545454545	0.272727272727	0.126136363636
uba-	0.761194029851	0.0298507462687	0.119402985075	0.089552238806
dod-	0.42206235012	0.52757793765	0.0	0.0503597122302
tau-	0.291195907681	0.0707568371859	0.0272689113377	0.610778343796
laq-	0.0733773690631	0.832037929774	0.0704083425693	0.0241763585931
uka-	0.43779089932	0.419479026779	0.050563568781	0.0921665051199
vaʼ-	0.241080486344	0.134498130366	0.157934462825	0.466486920465
sab-	0.0352132515489	0.166404787584	0.00294434354681	0.79543761732
aki-	0.0354184625764	0.940969229039	0.0236123083842	0.0
tui-	0.269524215714	0.65285281016	0.0517486494171	0.0258743247085
nin-	0.0	1.0	0.0	0.0
ʼif-	0.535857115662	0.0736036911814	0.0141576394443	0.376381553712
veg-	0.462408276334	0.34574434582	0.109751285016	0.0820960928298
ʼaq-	0.180943464777	0.642587377115	0.0872959133194	0.0891732447887
veq-	0.370157819225	0.147801502236	0.279348468225	0.202692210313
uab-	0.643705463183	0.21377672209	0.142517814727	0.0
vol-	0.317647058824	0.576470588235	0.105882352941	0.0
ian-	0.151518498067	0.395472114854	0.213914964108	0.239094422971
lov-	0.519603964443	0.0302134292181	0.0179925030426	0.432190103296
tuw-	0.00597841129255	0.0425131469694	0.00199280376418	0.949515637974
ena-	0.0442322818483	0.0217239933459	0.00183892469099	0.932204800115
yav-	0.395909236027	0.201729317258	0.0761871000804	0.326174346634
emo-	0.0	0.962962962963	0.037037037037	0.0
mab-	0.727035654872	0.0949147969965	0.148374623443	0.0296749246886
foq-	0.271698113208	0.441509433962	0.0452830188679	0.241509433962
vua-	0.213474925556	0.609406164764	0.0776640052733	0.0994549044063
sak-	0.0589833139309	0.915017462165	0.00659681800544	0.0194024058983
oka-	0.385080942774	0.439169906018	0.0671652807164	0.108583870492
ALL	0.22634059193	0.274218111427	0.050617124779	0.448824171864
yaq-	0.13736528719	0.175988339696	0.0294420624401	0.657204310674
ine-	0.440127015445	0.390899281684	0.0993310108827	0.0696426919876
oil-	0.558510638298	0.239361702128	0.106382978723	0.0957446808511
iuʼ-	0.376222723853	0.35741158766	0.218961625282	0.0474040632054
mae-	0.0249573849809	0.0048022956523	0.00377149986834	0.966468819498
uʼa-	0.446031345891	0.321844567138	0.132279012774	0.0998450741962
ʼod-	0.259502179492	0.416167624014	0.275851767358	0.048478429136
big-	0.223347805113	0.500723589001	0.137481910275	0.13844669561
liv-	0.334905660377	0.174528301887	0.00943396226415	0.481132075472
tel-	0.199004975124	0.28855721393	0.0796019900498	0.432835820895
lid-	0.0731707317073	0.697224558452	0.0	0.22960470984
div-	0.597329224448	0.205444273241	0.0287621982537	0.168464304058
gas-	0.0366598778004	0.810590631365	0.00610997963341	0.146639511201
mes-	0.0373626373626	0.942857142857	0.0	0.0197802197802
fit-	0.0235317394675	0.900926673738	0.00480040998096	0.070741176814
yov-	0.923076923077	0.0384615384615	0.0384615384615	0.0
fel-	0.336839258561	0.590487831195	0.024032554311	0.0486403559326
iʼu-	0.671905697446	0.198428290766	0.0117878192534	0.117878192534
ʼiv-	0.355110123945	0.410734131035	0.13186973553	0.10228600949
oʼe-	0.558634074939	0.22060914924	0.0480743566739	0.172682419147
uin-	0.296296296296	0.537037037037	0.148148148148	0.0185185185185
baw-	0.112678003595	0.880063597401	0.0	0.00725839900456
dat-	0.423962238853	0.17848283869	0.0490046219684	0.348550300489
mal-	0.150759627025	0.244003381163	0.190207631151	0.415029360661
lum-	0.436071428571	0.485714285714	0.0639285714286	0.0142857142857
lol-	0.013698630137	0.96803652968	0.0182648401826	0.0
lev-	0.0503412969283	0.180034129693	0.0119453924915	0.757679180887
muʼ-	0.613142155504	0.354378738068	0.0324791064285	0.0
num-	0.63393563768	0.255909630562	0.0715702005866	0.0385845311719
kaq-	0.407407407407	0.407407407407	0.148148148148	0.037037037037
ken-	0.0169748408608	0.95028796605	0.0272809942407	0.00545619884813
ʼov-	0.414619555337	0.234562468491	0.0417056335309	0.309112342641
adi-	0.174851090573	0.0260597173207	0.00284029616574	0.796248895941
naʼ-	0.559929135041	0.213518627682	0.06356383537	0.162988401907
ami-	0.111639075595	0.0911594241436	0.0378161994703	0.759385300791
kei-	0.481761006289	0.405031446541	0.0528301886793	0.0603773584905
ʼei-	0.0234905167914	0.0530711675657	0.225682965025	0.697755350618
tal-	0.397029167488	0.471811469946	0.0507297112599	0.0804296513066
gid-	0.672801869984	0.203622276346	0.0755185772431	0.0480572764274
olu-	0.406896811739	0.417657257854	0.108928723321	0.0665172070861
qad-	0.45492371706	0.370319001387	0.108183079057	0.0665742024965
doq-	0.278093883357	0.160028449502	0.309388335704	0.252489331437
iaw-	0.546925695574	0.215984985375	0.117521388853	0.119567930198
lem-	0.0	0.822580645161	0.177419354839	0.0
osu-	0.362068965517	0.637931034483	0.0	0.0
ʼib-	0.0808858931151	0.765045739047	0.0462205103514	0.107847857487
kab-	0.504105619063	0.355015295444	0.0177105136049	0.123168571889
450-	0.0	0.154362416107	0.0402684563758	0.805369127517
ʼoq-	0.108682760628	0.811403444792	0.0399568972898	0.0399568972899
lud-	0.421713118342	0.477114645654	0.0301571088088	0.0710151271949
dak-	0.482111229189	0.352816153029	0.107686857953	0.05738575983
uaw-	0.421917808219	0.265753424658	0.246575342466	0.0657534246575
giv-	0.552645781813	0.255576056248	0.113288870599	0.0784892913402
oge-	0.44	0.24	0.0599999999999	0.26
umi-	0.560029282577	0.0336749633968	0.318448023426	0.0878477306003
ged-	0.103831891224	0.808405438813	0.0111248454883	0.0766378244746
oqa-	0.395003736522	0.322088181915	0.25515106224	0.0277570193231
sik-	0.16647471469	0.152968275573	0.139043032143	0.541513977594
bui-	0.590909090909	0.195454545455	0.0984848484848	0.115151515151
ben-	0.303744528523	0.205568058977	0.0332275957398	0.457459816761
mwa-	0.126943848184	0.668956573816	0.169213895736	0.0348856822635
ion-	0.0430867103982	0.886125700786	0.0074177417013	0.0633698471148
kia-	0.0614019361778	0.8256543564	0.0201685191825	0.0927751882395
mat-	0.215201666332	0.388896706128	0.134049476546	0.261852150994
iku-	0.394014962593	0.59102244389	0.0	0.0149625935162
uqa-	0.571428571429	0.257142857143	0.114285714286	0.0571428571429
bun-	0.0827006080464	0.85775495416	0.0430043161842	0.0165401216093
ili-	0.293718765849	0.343008277805	0.0843510889511	0.278921867395
lam-	0.0485857675505	0.91836189539	0.0241760910648	0.0088762459948
oaw-	0.390931332896	0.382186528376	0.1059484379	0.120933700829
uve-	0.497597343054	0.293545669375	0.103581047506	0.105275940065
idi-	0.484098249532	0.452267634276	0.0182463415607	0.0453877746322
tuʼ-	0.381818181818	0.454545454545	0.163636363636	0.0
goʼ-	0.146869183959	0.775731731969	0.0150650699493	0.0623340141223
fef-	0.0874022120313	0.885082276774	0.00323711896413	0.0242783922309
vev-	0.549194550164	0.28052161057	0.0837034218205	0.0865804174451
ani-	0.0922455764846	0.813584200129	0.0101043962319	0.0840658271541
dik-	0.136534621279	0.629406027957	0.095295592811	0.138763757953
nad-	0.405012189308	0.38971312674	0.100849814351	0.1044248696
yad-	0.450387051372	0.281491907108	0.158339197748	0.109781843772
nib-	0.0508786315274	0.845021903317	0.0713288616143	0.032770603541
ʼil-	0.495614035088	0.157894736842	0.228070175439	0.118421052632
ded-	0.258594616393	0.643210001008	0.0461740094768	0.0520213731223
ban-	0.0495778527219	0.900413931251	0.0167841688902	0.0332240471365
ios-	0.0829874448941	0.896452602542	0.00425378328907	0.0163061692748
nau-	0.456859251718	0.411809620769	0.099007381013	0.0323237465004
mil-	0.0401106500692	0.777316735823	0.0207468879668	0.161825726141
aiq-	0.221282670767	0.253971740244	0.0636942675159	0.461051321473
ʼev-	0.260775500069	0.111327717921	0.0584811538905	0.569415628119
did-	0.141788105553	0.781410003939	0.0366285939346	0.0401732965734
soʼ-	0.0234309623431	0.119665271966	0.846861924686	0.0100418410042
bwe-	0.216203485634	0.424493641074	0.323127649553	0.03617522374
nam-	0.447874705541	0.186063812601	0.0516032262334	0.314458255625
ebe-	0.0614166929165	0.908203458983	0.0232398838006	0.00713996430018
edi-	0.0187612104244	0.0206049749146	0.0166467030136	0.943987111647
yoq-	0.495008531042	0.364194590995	0.0660288806995	0.0747679972627
bon-	0.155860436313	0.74803911019	0.0377868794458	0.0583135740511
oli-	0.164060278647	0.811202729599	0.015353994882	0.00938299687234
mea-	0.216659820328	0.531549713347	0.168152024432	0.0836384418925
tok-	0.0711707866041	0.844360795271	0.0632542977997	0.0212141203255
ula-	0.0655021834061	0.627074235808	0.241048034934	0.0663755458515
kue-	0.0860556635532	0.118612994484	0.314233559338	0.481097782625
gib-	0.725651577503	0.172839506173	0.0850480109739	0.0164609053498
kon-	0.117283950617	0.757495590829	0.0820105820106	0.0432098765432
eli-	0.0	0.998103666245	0.0	0.00189633375474
eis-	0.0018018018018	0.995495495495	0.0009009009009	0.0018018018018
fif-	0.760631834751	0.173754556501	0.00729040097207	0.0583232077764
uʼe-	0.557034941879	0.289303576972	0.0333206857301	0.120340795419
mut-	0.464122137405	0.174045801527	0.325190839695	0.036641221374
ove-	0.476221692346	0.326851120452	0.100103087099	0.0968241001024
vit-	0.293370311288	0.329775339677	0.140662701941	0.236191647094
vay-	0.579900083686	0.21998326275	0.048538026526	0.151578627038
gio-	0.916981132076	0.0603773584906	0.0226415094339	0.0
siv-	0.630243902439	0.237723577236	0.0325203252033	0.0995121951219
ʼam-	0.280908171932	0.550669796381	0.106870032823	0.0615519988643
ʼaf-	0.401692708333	0.436197916667	0.072265625	0.08984375
fwa-	0.323884281078	0.598034109346	0.0414670694924	0.0366145400837
nim-	0.167689254928	0.66111269424	0.0253802903743	0.145817760458
ukw-	0.256351039261	0.438799076212	0.249422632794	0.0554272517321
avi-	0.264005837888	0.497704669539	0.0575556299913	0.180733862582
omw-	0.106194690265	0.0884955752212	0.743362831858	0.0619469026548
nah-	0.504693185204	0.232701951693	0.0987744507425	0.16383041236
tug-	0.238095238095	0.232804232804	0.380952380952	0.148148148148
ʼid-	0.064942716862	0.0403562308304	0.0297637729398	0.864937279368
ina-	0.233810546587	0.0707080576162	0.0025162757558	0.692965120041
mai-	0.711758344841	0.0624770149868	0.0150145856536	0.210750054518
ese-	0.0	1.0	0.0	0.0
kaʼ-	0.356799603079	0.372135613564	0.143582999145	0.127481784212
uwe-	0.306354009077	0.303328290469	0.0907715582451	0.299546142209
fot-	0.231935771633	0.678858162355	0.0	0.0892060660124
ofe-	0.1921875	0.465625	0.13125	0.2109375
dun-	0.329046898638	0.0885022692889	0.425113464448	0.157337367625
oʼi-	0.530393792267	0.230547422945	0.0697016302547	0.169357154533
ʼat-	0.117660919654	0.460395013641	0.353791864093	0.0681522026113
vet-	0.414342051589	0.396389579748	0.0693356498254	0.119932718838
kos-	0.0535714285714	0.946428571429	0.0	0.0
lab-	0.0479279487996	0.129448900988	0.0200399640902	0.802583186123
ʼwa-	0.307194012364	0.503759079969	0.0667705926744	0.122276314992
tia-	0.0	1.0	0.0	0.0
nal-	0.511921892164	0.2622415364	0.0713913707701	0.154445200666
kau-	0.444943820225	0.292134831461	0.249438202247	0.0134831460674
iba-	0.713273424163	0.139852481721	0.0508905852417	0.0959835088736
ino-	0.70275342046	0.139740151138	0.02820902005	0.129297408352
bas-	0.176229508197	0.811475409836	0.0122950819672	0.0
mim-	0.205477454827	0.278787741336	0.194591232055	0.321143571783
sit-	0.348388927408	0.456392588077	0.069163850768	0.126054633747
mid-	0.0192307692308	0.942307692308	0.0384615384615	0.0
uiu-	0.41155234657	0.494584837545	0.0216606498195	0.072202166065
ito-	0.47723208033	0.0720678462555	0.0176082916517	0.433091781763
ivo-	0.531663513185	0.0451246692504	0.00964343093876	0.413568386625
omi-	0.0813695119432	0.0355038910606	0.00781700861344	0.875309588383
day-	0.505714439019	0.342168803992	0.0879969952245	0.0641197617642
tah-	0.0241711524752	0.127796662035	0.0124871109054	0.835545074585
ʼuv-	0.514285714286	0.0742857142857	0.102857142857	0.308571428571
nem-	0.0	0.478733031674	0.521266968326	0.0
nuf-	0.0133541063877	0.91319830848	0.0734475851324	0.0
iko-	0.579739217653	0.322252471701	0.0300902708124	0.0679180398338
mot-	0.518229166667	0.1171875	0.0384114583333	0.326171875
sod-	0.00477042337507	0.995229576625	0.0	0.0
vai-	0.117195718931	0.145358618438	0.092358214601	0.64508744803
kun-	0.107843137255	0.519607843137	0.372549019608	0.0
ide-	0.782542885974	0.087790110999	0.010595358224	0.119071644803
kan-	0.285928834649	0.0872487602063	0.0271940004801	0.599628404665
nei-	0.483739823867	0.126411093162	0.0380392672565	0.351809815714
agi-	0.48456091954	0.327852873563	0.101517241379	0.0860689655173
lig-	0.0215053763441	0.913978494624	0.0645161290323	0.0
guv-	0.426795426795	0.376734376734	0.12987012987	0.0666000666
nav-	0.472709026385	0.277492103971	0.126771342548	0.123027527096
fis-	0.254746835443	0.716772151899	0.00949367088607	0.0189873417721
osi-	0.140098519186	0.77409444827	0.0436980258329	0.0421090067117
aʼu-	0.466480247885	0.271736462879	0.0731313442292	0.188651945007
vul-	0.0284641328007	0.535843279833	0.371588489966	0.0641040973999
uya-	0.61482768607	0.114875953277	0.015638575152	0.254657785501
ain-	0.05	0.95	0.0	0.0
vas-	0.6	0.204347826087	0.0521739130435	0.14347826087
uhu-	0.861386138614	0.049504950495	0.0	0.0891089108911
taf-	0.0867115722359	0.834274678382	0.0216476025703	0.0573661468113
vao-	0.175852495672	0.681870001912	0.0266380111788	0.115639491237
dou-	0.641436530282	0.299077457617	0.0100341460492	0.0494518660516
tod-	0.365592425966	0.337888456106	0.197297791466	0.0992213264625
met-	0.42082203213	0.57083246401	0.0	0.00834550385981
tao-	0.430823117338	0.373029772329	0.0	0.196147110333
100-	0.020062262193	0.13420961605	0.0968523002422	0.748875821515
ʼum-	0.303571428571	0.392857142857	0.285714285714	0.0178571428571
faʼ-	0.327900287632	0.342281879195	0.287631831256	0.0421860019176
teʼ-	0.0	0.846153846154	0.146853146853	0.006993006993
giy-	0.406990663155	0.521187455111	0.0359109408667	0.0359109408666
tuy-	0.170616113744	0.481042654028	0.31990521327	0.0284360189573
diʼ-	0.139929972638	0.386645903557	0.0236413352855	0.449782788519
lav-	0.0634580271564	0.835325431086	0.0483719190649	0.0528446226924
dim-	0.150428893905	0.30546275395	0.0718735891648	0.47223476298
geo-	0.502092050209	0.482217573222	0.0	0.015690376569
ʼew-	0.552474453191	0.122529241584	0.0385598285717	0.286436476654
bub-	0.271978021978	0.505494505495	0.222527472527	0.0
ilu-	0.546029305042	0.262700340847	0.0637955470113	0.127474807099
iek-	0.0	1.0	0.0	0.0
lai-	0.0354457572503	0.820622986037	0.139634801289	0.00429645542428
ioa-	0.0	1.0	0.0	0.0
fam-	0.0	1.0	0.0	0.0
aka-	0.0662011173184	0.923184357542	0.00307262569833	0.00754189944134
mad-	0.408415027557	0.370874065709	0.073078083452	0.147632823283
kiw-	0.153846153846	0.810650887574	0.0355029585799	0.0
wab-	0.402595487391	0.261170918744	0.150420291992	0.185813301873
qaw-	0.0711462450593	0.859025032938	0.0671936758893	0.0026350461133
ala-	0.533738079909	0.224082134994	0.0381810459952	0.203998739102
but-	0.180900409277	0.7241473397	0.0665757162347	0.0283765347886
dig-	0.0986842105262	0.427631578947	0.434210526316	0.0394736842105
fuʼ-	0.104166666667	0.822916666667	0.0520833333333	0.0208333333333
uvo-	0.410181510057	0.236163760425	0.0742541140793	0.27940061544
ʼao-	0.0296331138288	0.126999059266	0.00564440263405	0.837723424271
iqe-	0.367803837953	0.536247334755	0.0575692963753	0.0383795309169
bib-	0.186838165386	0.536789535227	0.18971226245	0.0866600369371
fok-	0.206349206349	0.793650793651	0.0	0.0
anu-	0.441935012769	0.407580074018	0.0790869616885	0.0713979515243
wai-	0.220550568001	0.363330495056	0.0948365765414	0.321282360401
via-	0.528910326473	0.213294998575	0.046413376972	0.21138129798
kin-	0.0331436223636	0.922748577168	0.0195848677603	0.0245229327084
egu-	0.0273569685283	0.021045421072	0.00390601936334	0.947691591036
aim-	0.0	0.953307392996	0.0	0.0466926070039
ona-	0.309738308285	0.0504205494253	0.00628285320735	0.633558289082
dan-	0.495886487894	0.340640458214	0.0895079406404	0.0739651132517
uʼw-	0.548936170213	0.11914893617	0.0255319148936	0.306382978723
lug-	0.587792289395	0.150043759257	0.0422252517092	0.219938699639
tio-	0.28	0.546666666667	0.0666666666666	0.106666666667
eba-	0.0	1.0	0.0	0.0
kag-	0.544327212935	0.284221704577	0.0611468895588	0.110304192929
bil-	0.409050418671	0.461250668092	0.129698913237	0.0
mis-	0.102564102564	0.897435897436	0.0	0.0
ʼeʼ-	0.203197805591	0.370234955863	0.392036147635	0.0345310909108
wed-	0.195804195804	0.557692307692	0.183566433566	0.0629370629371
din-	0.139902475256	0.0516367317764	0.0152875250235	0.793173267944
avu-	0.343909076357	0.445942052185	0.0355370577878	0.174611813671
yai-	0.257259442019	0.635509584361	0.0427026001139	0.0645283735054
ioe-	0.186046511628	0.813953488372	0.0	0.0
toq-	0.376079309242	0.346977934122	0.131755676367	0.145187080269
vav-	0.0565530964364	0.465528324269	0.0158339556954	0.462084623599
naq-	0.540570372108	0.220850177293	0.101988162088	0.136591288511
toa-	0.366587071905	0.218173882202	0.0762355132876	0.339003532605
sos-	0.0163265306123	0.983673469388	0.0	0.0
don-	0.0626517554898	0.912287542314	0.00719564716516	0.0178650550307
ibw-	0.38605028386	0.405515004055	0.130575831306	0.0778588807786
ʼol-	0.0462403684264	0.665099104693	0.0183345396776	0.270325987203
iun-	0.0111524163569	0.988847583643	0.0	0.0
tat-	0.854304635762	0.0927152317881	0.0264900662251	0.0264900662252
bit-	0.0	0.98	0.0	0.02
tov-	0.154101542498	0.676429471741	0.0961675321405	0.0733014536203
leg-	0.0300751879699	0.428571428571	0.360902255639	0.18045112782
ave-	0.462795093005	0.274411113512	0.0851958460781	0.177597947405
ʼeq-	0.698999444136	0.158791921438	0.0273299981471	0.114878636279
vef-	0.312212690048	0.260011592751	0.351122264986	0.0766534522152
iot-	0.0	1.0	0.0	0.0
mam-	0.395158419366	0.223211107156	0.285510857957	0.0961196155215
utu-	0.746987951807	0.253012048193	0.0	0.0
kew-	0.0202531645569	0.962025316456	0.0177215189873	0.0
sia-	0.127413127413	0.857142857143	0.0	0.015444015444
ʼab-	0.212069604795	0.31565248422	0.027016829508	0.445261081477
sis-	0.119570905285	0.83411826269	0.0185766614338	0.0277341705913
vaq-	0.344621922136	0.4624080588	0.106632387176	0.0863376318879
yoʼ-	0.289074244702	0.564958052471	0.0363706900732	0.109597012754
mos-	0.052545713282	0.900172076047	0.0087764738105	0.0385057368606
aqa-	0.377391609619	0.440056169914	0.140424784975	0.0421274354923
daw-	0.143387616321	0.348693629205	0.423064304462	0.0848544500119
abu-	0.635775862069	0.286637931034	0.0344827586207	0.0431034482758
duʼ-	0.117261183018	0.774603332091	0.0495048933816	0.0586305915091
guy-	0.542372881356	0.237288135593	0.0169491525424	0.203389830508
yaw-	0.222421439354	0.616469914923	0.025620468938	0.135488176785
boʼ-	0.465517241379	0.48275862069	0.051724137931	0.0
nik-	0.0390734021769	0.960926597823	0.0	0.0
ief-	0.0	1.0	0.0	0.0
bet-	0.0	0.974025974026	0.0	0.0259740259741
vis-	0.494626368283	0.298706376467	0.0602317619542	0.146435493297
til-	0.0175625332624	0.976051091006	0.00319318786589	0.00319318786589
sal-	0.46964632275	0.424853416342	0.0401949555507	0.065305305357
ʼai-	0.233899574108	0.229198689868	0.0705173298195	0.466384406204
vey-	0.333882021746	0.563329490918	0.0344149193409	0.0683735679951
vau-	0.167202658507	0.166599754311	0.460872903637	0.205324683545
gab-	0.623934652178	0.177164082059	0.0778536137143	0.121047652049
sek-	0.0	1.0	0.0	0.0
400-	0.20618556701	0.298969072165	0.0309278350515	0.463917525773
den-	0.712672934028	0.114769352874	0.0101263051302	0.162431407967
ʼig-	0.0273350613063	0.0192099119469	0.00430154966084	0.949153477086
emw-	0.178712630799	0.384186059706	0.0938241311694	0.343277178326
sim-	0.339006375478	0.474817351487	0.0791091623809	0.107067110654
yew-	0.362391033624	0.3200498132	0.209215442092	0.108343711083
efi-	0.0322580645161	0.572580645161	0.395161290323	0.0
eme-	0.0127931769723	0.782515991471	0.204690831556	0.0
ufe-	0.0978260869565	0.260869565217	0.0326086956522	0.608695652174
min-	0.438186813187	0.276098901099	0.0137362637363	0.271978021978
diu-	0.0495294529087	0.747373610241	0.124226868967	0.0788700678834
goy-	0.153164531981	0.136779420181	0.28546900594	0.424587041898
fau-	0.0591894049793	0.801382444739	0.00159126312792	0.137836887154
ʼiu-	0.126080943252	0.167049034282	0.0176677984434	0.689202224023
laʼ-	0.327731092437	0.647058823529	0.0252100840336	0.0
sul-	0.0705794617667	0.860623600456	0.0447753049692	0.0240216328081
age-	0.317654104229	0.500374287153	0.0285819280552	0.153389680563
lul-	0.354666510259	0.277469693437	0.0933377352054	0.274526061099
ʼeg-	0.119613877068	0.0341644479342	0.00668406652227	0.839537608475
tab-	0.257080684975	0.480119036356	0.062313468138	0.200486810531
waf-	0.0779220779221	0.350649350649	0.571428571429	0.0
igo-	0.476288659794	0.387628865979	0.0989690721649	0.0371134020619
gal-	0.102947582966	0.867074821465	0.0195494219968	0.0104281735721
ida-	0.372348557415	0.0555629650805	0.0258919208915	0.546196556613
nue-	0.372669099635	0.186896965455	0.190596410538	0.249837524371
kay-	0.657039711191	0.29963898917	0.043321299639	0.0
ibe-	0.161794242357	0.777951350145	0.0334746708324	0.0267797366659
kus-	0.370062370062	0.372557172557	0.124324324324	0.133056133056
wad-	0.0630570035312	0.484025559105	0.299562804776	0.153354632588
lil-	0.145454545455	0.636363636364	0.0727272727273	0.145454545455
ʼae-	0.311810560377	0.652890130902	0.0352993087218	0.0
ʼwe-	0.235399481574	0.597705181159	0.146807320959	0.0200880163084
imo-	0.294117647059	0.294117647059	0.0	0.411764705882
ʼaw-	0.337571120932	0.484567350148	0.0762074696719	0.101654059248
aqi-	0.257860814577	0.155082806114	0.219611244651	0.367445134659
kou-	0.041958041958	0.811188811189	0.0	0.146853146853
bag-	0.145161952648	0.754709835789	0.0670715292765	0.0330566822862
kem-	0.0390625	0.796875	0.1171875	0.046875
giq-	0.777777777778	0.207407407407	0.0148148148148	0.0
lob-	0.49042225106	0.11141672448	0.0448705733382	0.353290451121
luk-	0.206625496399	0.321751228801	0.202273732895	0.269349541905
daq-	0.559348314821	0.172963563087	0.215748635717	0.0519394863762
mei-	0.130210251801	0.595445772127	0.24623918905	0.0281047870224
iat-	0.723684210526	0.105263157895	0.0526315789474	0.118421052632
nel-	0.0	1.0	0.0	0.0
afe-	0.282405590013	0.421017508047	0.191371594567	0.105205307372
fub-	0.0219619326501	0.901171303075	0.0439238653001	0.0329428989751
one-	0.324219604436	0.584171111587	0.0325599262327	0.0590493577442
yaʼ-	0.284132195403	0.139365729341	0.0108577499252	0.565644325331
kik-	0.312361213916	0.687638786084	0.0	0.0
bea-	0.225986337655	0.747107207584	0.0218876341838	0.00501882057716
gog-	0.121409421677	0.643431635389	0.196093450785	0.0390654921486
vek-	0.355984431191	0.328408536879	0.250455542915	0.0651514890148
iqa-	0.407490039841	0.358247011952	0.213227091634	0.0210358565737
unu-	0.584378920954	0.1621706399	0.139272271016	0.114178168131
sil-	0.175566049159	0.781147838721	0.0237619566533	0.0195241554668
430-	0.33734939759	0.0	0.0	0.66265060241
gud-	0.394931059009	0.481895241016	0.0301474090847	0.0930262908899
nek-	0.0	1.0	0.0	0.0
iof-	0.0245535714286	0.917410714286	0.0435267857143	0.0145089285714
ʼim-	0.0741287624062	0.0314994194664	0.00550486816243	0.888866949965
kis-	0.0327204736678	0.934559052664	0.010906824556	0.0218136491119
gau-	0.225	0.7	0.025	0.05
tik-	0.0970414201183	0.895857988166	0.0	0.00710059171597
ʼea-	0.0820577089488	0.110979321457	0.703309163608	0.103653805986
gel-	0.260452791264	0.596827259955	0.0246314179516	0.118088530829
sau-	0.0525290023202	0.815870069606	0.00315545243619	0.128445475638
few-	0.371350127707	0.388557597757	0.0456032122681	0.194489062268
ʼaʼ-	0.394160583942	0.21897810219	0.131386861314	0.255474452555
fon-	0.0066889632107	0.979933110368	0.0	0.0133779264214
sag-	0.0367635380246	0.911797156755	0.0246078520649	0.0268314531551
iʼo-	0.447300771208	0.491002570694	0.0462724935733	0.0154241645244
veb-	0.434957768393	0.358274060902	0.0811291398088	0.125639030896
gol-	0.317919075144	0.546871073134	0.0831867303342	0.0520231213873
ela-	0.189292543021	0.802103250478	0.00286806883365	0.0057361376673
iyo-	0.419620021922	0.368469126781	0.119656558276	0.0922542930215
auʼ-	0.6	0.08	0.2	0.12
fin-	0.00290275761974	0.915820029028	0.0377358490566	0.0435413642961
niʼ-	0.700201970436	0.0106552405464	0.00312619996389	0.286016589053
luy-	0.293778062861	0.409878127004	0.0885182809493	0.207825529185
yae-	0.142857142857	0.825396825397	0.031746031746	0.0
nag-	0.341084296808	0.139151122612	0.0478093481626	0.471955232417
bai-	0.439851629658	0.464371992833	0.0636663781129	0.0321099993961
meb-	0.4625	0.4875	0.025	0.025
ias-	0.0	0.945205479452	0.054794520548	0.0
itu-	0.632330314694	0.241147721646	0.0227329595971	0.103789004062
kad-	0.252944935656	0.136960518253	0.0641600280137	0.545934518077
iah-	0.180333296546	0.40183202737	0.120075046904	0.29775962918
oda-	0.272600762341	0.055465812218	0.0149759178499	0.656957507591
fen-	0.0	1.0	0.0	0.0
oiu-	0.453138193076	0.321137067267	0.0827469743879	0.142977765269
tam-	0.0337841194395	0.856059589948	0.0134616228134	0.0966946677993
gul-	0.113876840622	0.416028952676	0.425339116501	0.0447550902009
yoa-	0.453431372549	0.399509803922	0.0588235294118	0.0882352941177
man-	0.171560645748	0.0719082176197	0.00597466923812	0.750556467394
koy-	0.295089833129	0.276696699899	0.311990190329	0.116223276643
ava-	0.439385065886	0.305246461689	0.0760126891167	0.179355783309
tud-	0.450381679389	0.427480916031	0.06106870229	0.0610687022901
sie-	0.404844290657	0.387543252595	0.103806228374	0.103806228374
uʼi-	0.565082941148	0.191172440685	0.0339671484817	0.209777469686
eib-	0.0110982903348	0.97780341933	0.0110982903348	0.0
lub-	0.283836196041	0.54251246663	0.0766886616633	0.0969626756661
ʼeu-	0.27086846543	0.357082630691	0.295741989882	0.0763069139966
amw-	0.109375	0.796875	0.03125	0.0625
deb-	0.119617862815	0.570954043568	0.0559998474581	0.253428246159
sol-	0.0198915009041	0.915009041591	0.0452079566004	0.0198915009042
ame-	0.0	0.868333127088	0.0207895062492	0.110877366663
iak-	0.00827205882353	0.985294117647	0.0	0.00643382352943
wea-	0.115544563514	0.0485513728875	0.00704158715911	0.828862476439
iso-	0.547159427652	0.330920328507	0.00677334688002	0.11514689696
ʼal-	0.284302759135	0.414901335605	0.212276625047	0.0885192802143
mag-	0.139527408313	0.21100579035	0.045399657344	0.604067143992
avo-	0.501520131471	0.310216379074	0.0472062448644	0.14105724459
ika-	0.507836488787	0.121003536243	0.0245936231209	0.346566351849
dae-	0.924528301887	0.0377358490566	0.0	0.0377358490566
siw-	0.772550474855	0.13220357619	0.0461798540387	0.0490660949161
gih-	0.157116451017	0.658040665434	0.129390018484	0.0554528650647
afa-	0.211764705882	0.623529411765	0.136470588235	0.0282352941177
akw-	0.00293255131965	0.991202346041	0.0	0.00586510263929
nia-	0.0169491525424	0.983050847458	0.0	0.0
dob-	0.110622331479	0.575947729331	0.31342993919	0.0
taw-	0.404932288164	0.20048180298	0.0645780721929	0.330007836663
mon-	0.163580664358	0.305284299935	0.287437784029	0.243697251677
kof-	0.0348027842227	0.658932714617	0.222737819026	0.0835266821346
ʼoʼ-	0.292792792793	0.572072072072	0.081081081081	0.054054054054
alo-	0.36719893261	0.41804242273	0.0909437117692	0.123814932891
ano-	0.647920660669	0.134135820675	0.0341948090252	0.18374870963
iut-	0.27358490566	0.72641509434	0.0	0.0
iqo-	0.252173913043	0.452173913043	0.0869565217391	0.208695652174
las-	0.0351906158358	0.90843923102	0.00977517106549	0.0465949820789
foe-	0.220858895706	0.779141104294	0.0	0.0
way-	0.453789146438	0.427617931822	0.0756976096211	0.0428953121186
vin-	0.46953736464	0.354601113255	0.0945954397628	0.0812660823416
ʼed-	0.194516847746	0.433950271277	0.0395058220393	0.332027058938
200-	0.0299401197605	0.5	0.0339321357285	0.436127744511
afo-	0.0630188841571	0.822127586355	0.00172065212716	0.113132877361
ʼes-	0.0841501924581	0.0218233791197	0.021634022251	0.872392406171
yuv-	0.338427947598	0.459243085881	0.178311499272	0.0240174672489
ʼas-	0.240875912409	0.430656934307	0.175182481752	0.153284671533
vew-	0.30484041877	0.495744257274	0.105245180513	0.0941701434433
lio-	0.0	1.0	0.0	0.0
veʼ-	0.43740056546	0.357003901228	0.0538137798928	0.151781753419
ome-	0.0144927536232	0.951690821256	0.0338164251208	0.0
gou-	0.0	0.692976274372	0.307023725628	0.0
fai-	0.0698580062607	0.658587424277	0.0331246305063	0.238429938956
ʼiq-	0.0599703727635	0.891104302925	0.00858161899816	0.0403437053136
ema-	0.0884039287728	0.195498123688	0.0174923188945	0.698605628644
sof-	0.128944174757	0.544144417476	0.28822815534	0.0386832524272
ʼay-	0.11779385333	0.33937404376	0.0622391230077	0.480592979902
lih-	0.429267280158	0.483554290057	0.0544865186161	0.0326919111697
dab-	0.17833207416	0.743874704827	0.0523623406414	0.0254308803718
ten-	0.0745702537747	0.433643642218	0.0318756975726	0.459910406435
oal-	0.712708661658	0.102766344844	0.023792401732	0.160732591765
wal-	0.145327102804	0.801401869159	0.0308411214953	0.022429906542
sai-	0.0559621083013	0.91452925567	0.0114314813015	0.0180771547267
fan-	0.219954648526	0.545729402872	0.110355253212	0.123960695389
yas-	0.448680188456	0.33914342575	0.104539041351	0.107637344443
gia-	0.74168797954	0.135549872123	0.111253196931	0.0115089514066
von-	0.494478869875	0.116084226215	0.0150245433436	0.374412360566
ʼel-	0.506561377389	0.281666295266	0.136115551441	0.0756567759045
lot-	0.0222338814004	0.9777661186	0.0	0.0
tuq-	0.606181775728	0.233728328761	0.00861012200104	0.15147977351
gag-	0.191660253944	0.444161215852	0.263659099654	0.10051943055
atu-	0.475935828877	0.226543509966	0.0918813806514	0.205639280506
nua-	0.351313556506	0.247190701237	0.0579968867915	0.343498855465
viʼ-	0.694738816468	0.250023445559	0.0203507455688	0.0348869924036
dei-	0.00291509777723	0.96003886797	0.00255071055508	0.0344953236973
ima-	0.396904372935	0.0671532837685	0.0128776205413	0.523064722755
nay-	0.573471580635	0.288108141148	0.0751424367465	0.0632778414707
ebi-	0.0	1.0	0.0	0.0
ibo-	0.252016595895	0.409974658934	0.297141189079	0.0408675560911
ʼot-	0.58024691358	0.275720164609	0.119341563786	0.0246913580247
gil-	0.378969616909	0.47571994716	0.110435931308	0.0348745046236
300-	0.0371747211896	0.115241635688	0.0446096654275	0.802973977695
bau-	0.611111111111	0.222222222222	0.0740740740741	0.0925925925926
lif-	0.0	1.0	0.0	0.0
fes-	0.0349705304519	0.943811394892	0.00117878192534	0.0200392927309
fol-	0.15435324383	0.379639306482	0.0158104885173	0.45019696117
kot-	0.476637887252	0.378618588116	0.0629761300152	0.0817673946166
bul-	0.0185139471735	0.96371266354	0.0118489261911	0.00592446309554
ilo-	0.520464926156	0.199735191142	0.0576714592923	0.22212842341
ihi-	0.404742274722	0.41915655291	0.0594044434524	0.116696728915
ʼeb-	0.185550676833	0.635600309511	0.0952376268067	0.0836113868486
sev-	0.00766440141025	0.0135915385009	0.00817536150426	0.970568698585
wak-	0.171428571429	0.820779220779	0.0	0.00779220779222
luo-	0.976744186047	0.0	0.0232558139535	0.0
gim-	0.807766161724	0.140708342223	0.0328034990399	0.018721997013
iʼe-	0.550474525204	0.219427665306	0.0421653415693	0.187932467921
ʼek-	0.0879209989599	0.714516054512	0.0447836627086	0.15277928382
tan-	0.31236103646	0.53822536551	0.1315489287	0.0178646693296
dum-	0.124496675929	0.327132590262	0.27934766507	0.269023068739
ʼul-	0.133419759088	0.76340949603	0.086965915843	0.0162048290391
kwi-	0.0051413881748	0.994858611825	0.0	0.0
ale-	0.128656599284	0.796913963114	0.0659232161619	0.00850622144024
aha-	0.256930583278	0.313151474828	0.186349523176	0.243568418718
nuʼ-	0.487280544608	0.362235757793	0.139734862057	0.0107488355428
kav-	0.22540213754	0.158344329845	0.0871476330426	0.529105899572
aga-	0.602310846068	0.363128113035	0.0182970216515	0.0162640192458
ive-	0.531632656247	0.270876835775	0.0813077524054	0.116182755573
ama-	0.219543254066	0.105836458783	0.0282636393629	0.646356647787
iob-	0.134529147982	0.757847533632	0.0	0.107623318386
500-	0.222222222222	0.185185185185	0.277777777778	0.314814814815
qid-	0.127086676734	0.133534905385	0.252420640873	0.486957777008
osa-	0.602343962933	0.337149086945	0.022894521668	0.0376124284547
vut-	0.15260703688	0.714285714286	0.0974989402289	0.0356083086054
lah-	0.29381443299	0.69381443299	0.0123711340206	0.0
kok-	0.537676477493	0.261784728199	0.0959098581474	0.104628936161
aʼi-	0.567766314898	0.134581384288	0.0386635271353	0.258988773678
gwe-	0.3375	0.535	0.1275	0.0
ifo-	0.424131627057	0.497257769653	0.0402193784278	0.0383912248629
