jer-	0.0168097617166	0.972318586283	0.00314764462423	0.00772400737576
ni'-	0.411679995353	0.171911050604	0.101485493177	0.314923460866
tut-	0.406793094138	0.494747440527	0.00889082197086	0.0895686433646
siu-	0.483895360694	0.2616417256	0.0830798668032	0.171383046903
vas-	0.168690086694	0.15831138029	0.066077456651	0.606921076365
jis-	0.562060256179	0.187624030308	0.102381381923	0.147934331589
maa-	0.124050787048	0.0537657052574	0.0802390130197	0.741944494675
jac-	0.114474971103	0.868142615809	0.0100915799769	0.00729083311105
fal-	0.576362936164	0.188080037752	0.205485916371	0.0300711097129
ton-	0.288512793177	0.316464552239	0.136926972281	0.258095682303
man-	0.31009402357	0.410408821134	0.106826156541	0.172670998755
kañ-	0.312423425196	0.337340489476	0.144656563669	0.205579521659
júp-	0.0	0.981651376147	0.0	0.0183486238532
añu-	0.12252775256	0.686890448124	0.0835357204387	0.107046078877
abí-	0.0153846153846	0.984615384615	0.0	0.0
kɨs-	0.544950295346	0.317821639533	0.0518657253998	0.0853623397205
yuñ-	0.461146496815	0.343949044586	0.0420382165605	0.152866242038
joe-	0.410423452769	0.530944625407	0.0195439739414	0.0390879478827
eno-	0.0284810126582	0.819620253165	0.113924050633	0.0379746835443
no'-	0.660235696873	0.144372691105	0.0663969644556	0.128994647566
lis-	0.136237256719	0.809545875811	0.0305838739574	0.0236329935125
aba-	0.0	1.0	0.0	0.0
san-	0.156089464531	0.651549101168	0.132759423091	0.0596020112095
sak-	0.629152262998	0.254420304785	0.0826980456797	0.0337293865372
fig-	0.0	1.0	0.0	0.0
vus-	0.030303030303	0.941724941725	0.027972027972	0.0
jaj-	0.369730874468	0.455691207973	0.0991217586063	0.0754561589529
nun-	0.308935539688	0.565105184398	0.0545104842969	0.0714487916178
euf-	0.160975609756	0.824390243903	0.0	0.0146341463415
der-	0.0408163265306	0.959183673469	0.0	0.0
ski-	0.593650793651	0.332275132275	0.0507936507937	0.0232804232804
kat-	0.582107898417	0.293393928459	0.0366502774144	0.0878478957102
pró-	0.0	1.0	0.0	0.0
abi-	0.0	1.0	0.0	0.0
mil-	0.0390260406944	0.282457532201	0.0143503826769	0.664166044428
cai-	0.0114942528736	0.985221674877	0.0	0.00328407224959
tib-	0.0	0.995962314939	0.00403768506057	0.0
ju'-	0.726353628398	0.198607054594	0.0696472702764	0.00539204673107
ari-	0.0342205323194	0.956653992395	0.00684410646387	0.00228136882129
yau-	0.044821564501	0.911655397842	0.0284780369856	0.0150450006716
mai-	0.0	1.0	0.0	0.0
ñɨ'-	0.266791044776	0.044776119403	0.596082089552	0.0923507462687
mig-	0.276335877863	0.650381679389	0.0137404580152	0.0595419847328
skɨ-	0.405647472173	0.410932077699	0.0858496407332	0.0975708093942
paf-	0.0178571428571	0.982142857143	0.0	0.0
nii-	0.227678571429	0.665178571429	0.0535714285715	0.0535714285714
suu-	0.469968892079	0.302943287868	0.0476190476191	0.179468772434
ñut-	0.771428571429	0.228571428571	0.0	0.0
zaq-	0.06	0.872941176471	0.0105882352941	0.0564705882353
oko-	0.014122394082	0.0171486213853	0.00302622730329	0.965702757229
nen-	0.529572181932	0.331308803836	0.0241882525672	0.114930761665
ya'-	0.351501676987	0.23830935314	0.0626398210291	0.347549148843
zac-	0.06463959175	0.87284711886	0.043376568148	0.0191367212418
her-	0.0280562419743	0.912766669185	0.0489905148321	0.0101865740091
mul-	0.15306122449	0.816326530612	0.0306122448979	0.0
ate-	0.0281030444965	0.8981264637	0.0737704918034	0.0
xne-	0.287671232877	0.602739726027	0.109589041096	0.0
har-	0.209523809524	0.790476190476	0.0	0.0
jat-	0.386820988951	0.329233710036	0.0664832164013	0.217462084611
sin-	0.448319962795	0.448203697245	0.0697593303104	0.0337170096501
tɨ'-	0.293644920028	0.235922123378	0.221627170858	0.248805785736
urí-	0.0	1.0	0.0	0.0
dor-	0.0654627539503	0.846501128668	0.0	0.0880361173814
pat-	0.241071428571	0.723214285714	0.0357142857143	0.0
kux-	0.454549019095	0.306524552025	0.110637686084	0.128288742795
alt-	0.0346519658327	0.949900042406	0.00848125037865	0.00696674138244
gru-	0.146788990826	0.619266055046	0.206422018349	0.0275229357798
tɨy-	0.453026364649	0.368733754177	0.178239881173	0.0
laj-	0.030303030303	0.89898989899	0.0707070707071	0.0
yo'-	0.124089002573	0.211334892818	0.0384609191136	0.626115185495
jor-	0.0077519379845	0.989512083903	0.00273597811218	0.0
naí-	0.0344827586207	0.862068965517	0.0	0.103448275862
nnd-	0.127118644068	0.822033898305	0.0	0.0508474576271
gen-	0.0541516245488	0.812274368231	0.119133574007	0.014440433213
raz-	0.185897435897	0.769230769231	0.0256410256411	0.0192307692308
xki-	0.607407407408	0.344444444444	0.0481481481481	0.0
jam-	0.192073170732	0.762195121951	0.0457317073171	0.0
mar-	0.0657435942519	0.889545187407	0.0245696805714	0.0201415377703
nij-	0.228730744318	0.463882396012	0.263313526148	0.044073333521
vel-	0.528344671202	0.233560090703	0.204081632653	0.0340136054422
kiv-	0.0324324324324	0.664864864865	0.0	0.302702702703
nɨi-	0.0	0.900621118012	0.0993788819876	0.0
ɨng-	0.0720100876271	0.115369875117	0.328901536786	0.48371850047
alf-	0.0	1.0	0.0	0.0
pas-	0.0704891451221	0.88379425277	0.00945860733267	0.0362579947752
cos-	0.287467134093	0.62050832603	0.0236634531113	0.0683610867659
cen-	0.0467532467532	0.906493506493	0.0233766233766	0.0233766233766
kuū-	0.486916255052	0.451111360575	0.0200942972609	0.0418780871127
ped-	0.0644031124389	0.910341740317	0.00965253965935	0.0156026075846
fen-	0.105072463768	0.815217391304	0.00724637681159	0.0724637681159
che-	0.183745583039	0.713780918728	0.095406360424	0.0070671378092
epa-	0.0909090909091	0.852941176471	0.0320855614973	0.024064171123
yac-	0.209397681106	0.15976057881	0.132623134158	0.498218605925
oro-	0.00801640566741	0.716815809098	0.274049217002	0.00111856823266
asi-	0.0291101554747	0.964273900099	0.00496195831955	0.00165398610651
bot-	0.0	0.885277246654	0.0688336520076	0.0458891013385
nan-	0.333586300408	0.21789279512	0.045550120217	0.402970784256
ses-	0.13475177305	0.684397163121	0.102836879433	0.0780141843971
lɨɨ-	0.45970852979	0.0405057865409	0.492713244749	0.00707243891986
tér-	0.367157242448	0.591014717273	0.018590240124	0.0232378001549
amu-	0.88476690742	0.11523309258	0.0	0.0
tol-	0.173913043478	0.826086956522	0.0	0.0
mel-	0.0350877192982	0.944317315027	0.0114416475972	0.00915331807781
pal-	0.0104864549956	0.907369647539	0.0716574424702	0.0104864549956
cue-	0.263157894737	0.355263157895	0.0197368421053	0.361842105263
sku-	0.45283435132	0.484354123011	0.032829306797	0.0299822188723
mir-	0.109625668449	0.850267379679	0.0320855614973	0.00802139037433
yuc-	0.0826280304117	0.79554070947	0.0729553046294	0.048875955489
eut-	0.161290322581	0.752688172043	0.0645161290323	0.0215053763441
pud-	0.0	1.0	0.0	0.0
dio-	0.0459770114942	0.931034482759	0.0	0.0229885057471
bab-	0.0329374189041	0.877253218884	0.0450144725023	0.0447948897096
ita-	0.084	0.828727272727	0.0741818181818	0.0130909090909
se'-	0.0326070100501	0.927331292623	0.0107085807544	0.0293531165722
láz-	0.0785170967513	0.891625790858	0.00639795265516	0.0234591597356
ne'-	0.248908296943	0.524017467249	0.2096069869	0.0174672489083
moi-	0.076789889791	0.904942363377	0.00313798604009	0.0151297607916
sux-	0.0159529806885	0.923593618808	0.0604534005038	0.0
yɨt-	0.126310595781	0.809958472102	0.0550964187328	0.00863451338351
ñuj-	0.14255575348	0.397782797775	0.414133171455	0.0455282772896
so'-	0.172413793104	0.602659057795	0.207625060709	0.0173020883924
nu'-	0.384094773724	0.527720201697	0.0806263081869	0.00755871639253
muz-	0.0646407183699	0.891894489613	0.0224693423091	0.0209954497078
kɨy-	0.118353344768	0.830188679245	0.0308747855918	0.0205831903945
cis-	0.0	0.968911917098	0.0310880829016	0.0
nɨn-	0.150906880558	0.202978310801	0.0537586178559	0.592356190785
mal-	0.083179297597	0.872458410351	0.0166358595194	0.0277264325323
adá-	0.085406609729	0.804678796881	0.072038618641	0.0378759747494
sab-	0.232692307692	0.582692307692	0.0115384615385	0.173076923077
rey-	0.0564265786475	0.888482848049	0.0200400801603	0.0350504931431
nin-	0.0	0.787549178431	0.0	0.212450821569
yox-	0.287237824387	0.270174191255	0.0490579452542	0.393530039104
su'-	0.160212902938	0.134667593602	0.0672364518356	0.637883051625
paj-	0.0365853658536	0.895470383275	0.0365853658536	0.0313588850174
cie-	0.0174002275414	0.0428313293328	0.0407120708502	0.899056372276
uni-	0.0336459462783	0.0420574328478	0.302031052637	0.622265568236
koj-	0.463794683776	0.198900091659	0.24106324473	0.096241979835
ñáá-	0.141573033708	0.398314606742	0.194662921348	0.265449438202
chá-	0.784615384615	0.215384615385	0.0	0.0
rud-	0.0363196125908	0.963680387409	0.0	0.0
ñu'-	0.113528105023	0.667278734873	0.0464358151982	0.172757344906
xu'-	0.133218096542	0.77979474777	0.0657122591712	0.0212748965175
ta'-	0.209067846316	0.661550328636	0.0233648508683	0.106016974179
pól-	0.072	0.88	0.048	0.0
esr-	0.0	1.0	0.0	0.0
yu'-	0.176240711111	0.4340896	0.218001777778	0.171667911111
jue-	0.0920868347339	0.746148459384	0.139355742297	0.0224089635854
and-	0.020778119954	0.852849599726	0.0991827520361	0.0271895282835
ALL	0.249788651379	0.341107988415	0.062241064153	0.346862296052
ana-	0.0938851142681	0.879761169446	0.00247066090179	0.023883055384
xat-	0.161256544503	0.651832460733	0.186910994764	0.0
jnu-	0.166178560106	0.414314890184	0.0420953186472	0.377411231062
uix-	0.432432432432	0.135135135135	0.216216216216	0.216216216216
yɨk-	0.107808364397	0.81667829	0.0477831623105	0.0277301832931
kix-	0.47294938918	0.261561954625	0.01592495637	0.249563699825
teñ-	0.222222222222	0.597222222222	0.0138888888889	0.166666666667
mae-	0.014555758258	0.959098319295	0.0101890307806	0.0161568916663
cil-	0.00999999999999	0.9875	0.0025	0.0
per-	0.0965885202535	0.751831498424	0.146891940663	0.00468804065945
sok-	0.348615005165	0.46042119021	0.165482640133	0.0254811644919
arm-	0.0	1.0	0.0	0.0
cal-	0.0270270270271	0.913327120224	0.0568499534017	0.00279589934762
kui-	0.258065547769	0.561266421971	0.130182857172	0.0504851730884
ñux-	0.470588235294	0.505882352941	0.0235294117647	0.0
zor-	0.0	1.0	0.0	0.0
vi'-	0.256470090855	0.119852112209	0.270608130513	0.353069666424
tel-	0.347225252746	0.61917230344	0.0	0.0336024438141
lid-	0.031007751938	0.968992248062	0.0	0.0
ñan-	0.0447184667728	0.806973708635	0.0519220105103	0.0963858140817
gas-	0.34010964863	0.577605758959	0.0438851159523	0.0383994764583
ata-	0.025	0.95	0.0	0.025
tie-	0.0526315789474	0.25	0.697368421053	0.0
far-	0.0101959745763	0.982653601695	0.00397245762712	0.0031779661017
kɨn-	0.164048883152	0.771858534209	0.0279274889872	0.0361650936525
ñdɨ-	0.47292912041	0.327241673783	0.0799316823228	0.119897523484
tɨc-	0.107609111269	0.844868083247	0.0278581963184	0.0196646091659
tac-	0.0541608095077	0.835679682145	0.101681633886	0.00847787446124
mes-	0.073509319801	0.909107543671	0.00250073192154	0.0148824046062
arc-	0.269607843137	0.627450980392	0.0588235294117	0.0441176470588
num-	0.4048186934	0.392259531174	0.175250624231	0.0276711511944
suc-	0.102711355633	0.714089223687	0.142405139361	0.0407942813187
adi-	0.0	1.0	0.0	0.0
saú-	0.591111111111	0.355555555555	0.0	0.0533333333333
ami-	0.0666477996321	0.849299561341	0.0500919767936	0.0339606622329
kax-	0.476938858459	0.361836375249	0.107225114677	0.0539996516152
sañ-	0.194401709843	0.094289165832	0.0298912762904	0.681417848035
gue-	0.071827613727	0.840915137005	0.072891726523	0.0143655227454
iku-	0.485106382979	0.43829787234	0.0446808510638	0.031914893617
cás-	0.102739726027	0.753424657534	0.0821917808219	0.0616438356164
sec-	0.127226463104	0.735368956743	0.12213740458	0.0152671755725
jii-	0.00672860110429	0.00270819005285	0.00131812500763	0.989245083835
jiy-	0.396887159533	0.342412451362	0.260700389105	0.0
xio-	0.386466591166	0.598669309173	0.0	0.0148640996602
jai-	0.220303867403	0.67817679558	0.0124309392265	0.0890883977901
vik-	0.0614730716568	0.884741556367	0.0270281834779	0.0267571884984
tal-	0.0	1.0	0.0	0.0
ndé-	0.219946091644	0.37897574124	0.401078167116	0.0
kos-	0.329803169264	0.464326071532	0.110687725015	0.0951830341891
alb-	0.10843373494	0.698795180723	0.168674698795	0.0240963855422
zaf-	0.0	1.0	0.0	0.0
pue-	0.0919252382116	0.851066862122	0.0313543448163	0.0256535548497
kɨv-	0.141544969192	0.54916437066	0.0116653086709	0.297625351477
loc-	0.605633802817	0.225352112676	0.0	0.169014084507
pon-	0.047932330827	0.912593984962	0.0	0.0394736842105
azu-	0.153274814315	0.79810938555	0.048615800135	0.0
ged-	0.0	1.0	0.0	0.0
chi-	0.197250242483	0.125731749222	0.0219510742538	0.655066934041
sik-	0.0	0.933333333333	0.0333333333334	0.0333333333333
tɨs-	0.602122015915	0.127320954907	0.0875331564987	0.183023872679
ben-	0.0191693290735	0.94249201278	0.0383386581469	0.0
dió-	0.123287671233	0.767123287671	0.0547945205479	0.0547945205479
kuá-	0.364611260054	0.13672922252	0.474530831099	0.0241286863271
kij-	0.318533176674	0.577422546534	0.0403500092758	0.063694267516
ñɨɨ-	0.127770935961	0.793719211823	0.0603448275863	0.0181650246305
sti-	0.187290127602	0.751287217372	0.0414148197895	0.0200078352362
ñuh-	0.16393442623	0.344262295082	0.360655737705	0.131147540984
lam-	0.0227272727273	0.963636363636	0.0136363636363	0.0
nar-	0.0214285714286	0.825	0.153571428571	0.0
nut-	0.0746295766885	0.863013265901	0.0514114861631	0.0109456712476
cua-	0.0450643776824	0.920600858369	0.0300429184549	0.00429184549356
kaj-	0.572272345372	0.309771529902	0.0494591404843	0.0684969842422
sat-	0.537219344895	0.326913731099	0.118788097585	0.0170788264208
ve'-	0.115607887676	0.819756277054	0.0112694338048	0.0533664014649
sió-	0.0798161303802	0.905139991642	0.00376096949436	0.0112829084831
esl-	0.0	1.0	0.0	0.0
saf-	0.062630480167	0.793319415449	0.0	0.144050104384
evo-	0.121212121212	0.878787878788	0.0	0.0
nad-	0.2	0.6	0.0	0.2
xaa-	0.091301545171	0.0853294692843	0.285625241665	0.537743743879
nuj-	0.913246268657	0.0867537313433	0.0	0.0
sun-	0.062162458949	0.0556438063796	0.104815765537	0.777377969135
eub-	0.078125	0.921875	0.0	0.0
fle-	0.147965474723	0.689272503083	0.162762022195	0.0
tɨv-	0.637012169534	0.337529724437	0.0137082109386	0.0117498950902
adr-	0.137614678899	0.752293577982	0.0990825688073	0.0110091743119
jna-	0.176519367489	0.35874859337	0.0895509399337	0.375181099207
yug-	0.185635359116	0.280662983425	0.46408839779	0.0696132596685
tey-	0.518002264011	0.381046513593	0.0627671617078	0.038184060689
kac-	0.692092596371	0.0466378683575	0.00227865020676	0.258990885064
iin-	0.18909919855	0.336456566418	0.354011290308	0.120432944724
ter-	0.0	1.0	0.0	0.0
for-	0.020618556701	0.979381443299	0.0	0.0
tra-	0.204942373007	0.719381600193	0.0363764592342	0.0392995675656
nɨ'-	0.500968366688	0.423821820529	0.0539057456424	0.0213040671401
puy-	0.304147465438	0.695852534562	0.0	0.0
nam-	0.501706547062	0.394462748024	0.0259113140251	0.0779193908894
arq-	0.185929648241	0.793969849246	0.0201005025126	0.0
ale-	0.0215588723051	0.81592039801	0.149253731343	0.0132669983416
sid-	0.0109079242862	0.972409367982	0.00898299647097	0.00769971126082
oli-	0.0453281541621	0.867574359535	0.0412074128746	0.0458900734286
soy-	0.460317460318	0.539682539682	0.0	0.0
luc-	0.142407362557	0.80092031969	0.0285783482684	0.0280939694842
yuū-	0.0889606090698	0.809665673618	0.0703409467064	0.0310327706058
ñun-	0.206712597472	0.644775343459	0.133902697326	0.0146093617429
jec-	0.0178571428571	0.982142857143	0.0	0.0
dec-	0.0159574468085	0.716755319149	0.00797872340426	0.259308510638
kue-	0.213240754785	0.357390360511	0.339776534992	0.0895923497117
kon-	0.482468481127	0.310716190213	0.104643841579	0.10217148708
sɨv-	0.0890392663164	0.879908289556	0.00250422936515	0.0285482147627
yɨs-	0.276456559681	0.461475944948	0.221231863783	0.0408356315866
eli-	0.0130311755362	0.965746624305	0.00781870532168	0.0134034948372
col-	0.249662840038	0.455083714352	0.29525344561	0.0
vit-	0.225209564646	0.315409278789	0.341947695755	0.11743346081
tuk-	0.137908965527	0.0892420585474	0.0558282723512	0.717020703575
ene-	0.060606060606	0.89898989899	0.040404040404	0.0
pan-	0.00657894736841	0.868421052632	0.111842105263	0.0131578947368
tor-	0.0	0.963156944194	0.0	0.0368430558064
lec-	0.180722891566	0.774096385542	0.0451807228916	0.0
roj-	0.242424242424	0.292929292929	0.40404040404	0.0606060606061
rik-	0.0985039294218	0.253519963665	0.626367727817	0.0216083790963
efr-	0.0	0.965517241379	0.0344827586207	0.0
lél-	0.250535331906	0.507494646681	0.186295503212	0.0556745182012
ina-	0.0952934167412	0.844444444444	0.0496276437296	0.0106344950849
cre-	0.0405405405405	0.826013513514	0.035472972973	0.097972972973
lat-	0.377483443709	0.53642384106	0.0728476821192	0.0132450331126
pen-	0.0217391304348	0.95652173913	0.0217391304348	0.0
ka'-	0.554384119551	0.214269148811	0.051740533796	0.179606197841
ape-	0.0344827586207	0.965517241379	0.0	0.0
tij-	0.0833333333333	0.833333333333	0.0714285714286	0.0119047619048
ini-	0.201404609578	0.156375834168	0.0251575219314	0.617062034322
fav-	0.396825396825	0.190476190476	0.031746031746	0.380952380952
und-	0.0906424667911	0.0833473063276	0.079116173233	0.746894053648
tuu-	0.310215289951	0.27657705072	0.0516788672521	0.361528792077
tia-	0.0	1.0	0.0	0.0
ndu-	0.364904684472	0.431033647576	0.110163432966	0.0938982349853
car-	0.0818597283893	0.899574147646	0.0135026356106	0.00506348835398
rod-	0.02	0.98	0.0	0.0
bas-	0.162337662338	0.837662337662	0.0	0.0
yuu-	0.131755120699	0.809626702311	0.0478464929418	0.0107716840487
ñɨt-	0.140416569155	0.734768702707	0.0748888368827	0.0499258912552
iñu-	0.0121381886088	0.262060379707	0.293183940243	0.432617491441
oné-	0.0197368421053	0.980263157895	0.0	0.0
pun-	0.661417322835	0.338582677165	0.0	0.0
kee-	0.489069477395	0.0681495336821	0.0209744713387	0.421806517584
ɨɨn-	0.0128794781309	0.0971801967455	0.0156349183855	0.874305406738
ña'-	0.1242779574	0.653735887999	0.124947240807	0.0970389137949
sod-	0.0113682926145	0.979537073294	0.0	0.00909463409158
ñuu-	0.083216878569	0.407097501031	0.00556010555296	0.504125514847
kun-	0.474706474161	0.291841622683	0.0755994745114	0.157852428645
sko-	0.584746830129	0.353745066756	0.027080359392	0.0344277437232
kan-	0.438955946961	0.3264981208	0.0615949294909	0.172951002748
zab-	0.0130151843818	0.973969631236	0.0130151843818	0.0
veñ-	0.0199797979299	0.971573859806	0.00395150515301	0.00449483711154
kuk-	0.269223838925	0.415171699402	0.263773723999	0.0518307376741
nav-	0.189977019206	0.0989220699513	0.0181493308001	0.692951580043
óni-	0.0	0.952380952381	0.047619047619	0.0
méd-	0.046357615894	0.913907284768	0.0331125827815	0.00662251655628
sio-	0.788001998518	0.156280688455	0.0318384645866	0.0238788484399
taz-	0.4	0.0	0.6	0.0
jes-	0.0116968045534	0.783666790697	0.00837251122165	0.196263893528
abr-	0.0338614245048	0.933722819202	0.0304037438336	0.00201201245957
met-	0.301204819277	0.578313253012	0.025817555938	0.0946643717728
yañ-	0.186770428016	0.687159533074	0.12140077821	0.00466926070039
mna-	0.183673469388	0.770408163265	0.015306122449	0.030612244898
nef-	0.0375	0.95	0.0125	0.0
xe'-	0.315462315462	0.327117327117	0.0753690753691	0.282051282051
ces-	0.0137097057686	0.97047140296	0.0105459275143	0.00527296375716
uzí-	0.0	1.0	0.0	0.0
ken-	0.54257004233	0.155864404039	0.0479627915187	0.253602762112
gól-	0.00682593856657	0.9795221843	0.0136518771331	0.0
así-	0.0	1.0	0.0	0.0
juz-	0.0830258302583	0.750922509225	0.0996309963099	0.0664206642066
cob-	0.0227272727273	0.920454545455	0.0568181818181	0.0
mat-	0.0283157636676	0.963961755332	0.0	0.00772248100023
nit-	0.456122977405	0.407780574004	0.0623245418783	0.0737719067131
stu-	0.484760178703	0.300231537289	0.0843049601583	0.130703323849
tró-	0.0298507462687	0.940298507463	0.0298507462686	0.0
ru'-	0.0881430275361	0.0633251703407	0.00996428929051	0.838567512833
par-	0.119378408974	0.769476175774	0.0185242358752	0.0926211793764
too-	0.164383561644	0.744292237443	0.0182648401826	0.0730593607305
ala-	0.0123456790123	0.771604938272	0.216049382716	0.0
jul-	0.127906976744	0.779069767442	0.0	0.0930232558139
ndɨ-	0.20200132838	0.31129225715	0.165697002181	0.321009412289
nah-	0.0	1.0	0.0	0.0
sol-	0.0870229723278	0.871098139689	0.0271133419106	0.0147655460723
pom-	0.2	0.733333333333	0.0666666666667	0.0
álo-	0.0238095238095	0.904761904762	0.0238095238095	0.047619047619
feb-	0.166666666667	0.833333333333	0.0	0.0
ñuñ-	0.0538085706291	0.863067949463	0.0818320742128	0.0012914056951
ves-	0.0327868852459	0.786885245902	0.131147540984	0.0491803278689
tre-	0.108108108108	0.513513513513	0.0	0.378378378378
yen-	0.365282215122	0.446219382322	0.169329073482	0.0191693290735
gay-	0.152866242038	0.821656050955	0.0095541401274	0.015923566879
via-	0.143569292124	0.760717846461	0.0	0.0957128614157
kin-	0.506014865524	0.293002681565	0.0498150101326	0.151167442778
gob-	0.11623018306	0.781991766664	0.0464220022773	0.0553560479986
iyu-	0.332667997339	0.350632069195	0.236859614105	0.0798403193612
dan-	0.0838379133675	0.832324173265	0.0838379133675	0.0
apó-	0.0414284530616	0.903894274588	0.0319330516198	0.0227442207308
ndo-	0.380827266441	0.191860159202	0.0975462322407	0.329766342116
gre-	0.0193236714976	0.913043478261	0.0676328502416	0.0
kuv-	0.520841952834	0.297889946214	0.112355192387	0.0689129085643
ser-	0.037037037037	0.962962962963	0.0	0.0
tev-	0.534375	0.0375	0.315625	0.1125
ndi-	0.289819196079	0.440927559177	0.104845336598	0.164407908146
cri-	0.0110878142972	0.953262793283	0.00567676512945	0.0299726272905
mis-	0.0545454545454	0.945454545455	0.0	0.0
elm-	0.0	1.0	0.0	0.0
ran-	0.109684439608	0.812404787813	0.0326441784548	0.0452665941241
ñav-	0.4984474097	0.384275956907	0.0592485709392	0.0580280624536
nac-	0.210969132831	0.668835098227	0.0632192017664	0.0569765671755
xik-	0.382008061561	0.154126460649	0.0282765359717	0.435588941818
agr-	0.0794852384557	0.898940196821	0.00794852384557	0.0136260408781
sos-	0.0	0.939393939394	0.030303030303	0.030303030303
cad-	0.101123595506	0.863185723728	0.00793126239259	0.0277594183741
kua-	0.380173299078	0.283867226121	0.175663436734	0.160296038067
tat-	0.090840025422	0.866585756459	0.0104399953076	0.0321342228117
ñuk-	0.323558903164	0.488327898291	0.0943478697881	0.0937653287574
leg-	0.0	0.922330097087	0.0	0.0776699029125
pro-	0.0439879676941	0.924818691281	0.0157958353937	0.0153975056316
jín-	0.100558659218	0.0335195530726	0.798882681564	0.0670391061453
cef-	0.222727272727	0.722727272727	0.0	0.0545454545455
esa-	0.0452830188679	0.816981132076	0.137735849057	0.0
jua-	0.0751753962945	0.849719210367	0.0165090303813	0.0585963629575
sia-	0.17866198823	0.121458975686	0.0395033425186	0.660375693565
aug-	0.12037037037	0.87962962963	0.0	0.0
ñuy-	0.0384878806193	0.889964102095	0.0408018208678	0.0307461964182
li'-	0.352401345977	0.64301009483	0.0	0.00458855919241
kok-	0.579217778215	0.336738857887	0.0238501438089	0.060193220089
kuj-	0.419735696763	0.303225976629	0.131887842579	0.145150484028
ji'-	0.532159099303	0.209481588661	0.205311635665	0.0530476763706
ofi-	0.255319148936	0.744680851064	0.0	0.0
fri-	0.0546448087432	0.863387978142	0.0819672131147	0.0
reg-	0.14953271028	0.831775700935	0.018691588785	0.0
pla-	0.0566788200198	0.833941000994	0.0934703347697	0.0159098442161
mac-	0.0447703088502	0.937062029587	0.0168699714508	0.0012976901116
ico-	0.0560200668896	0.857859531773	0.0301003344482	0.0560200668896
jaa-	0.574538374202	0.0967191702714	0.177161776131	0.151580679396
bet-	0.0479158011356	0.924525688963	0.00249272953885	0.0250657803628
vis-	0.1	0.35	0.0	0.55
maj-	0.0	1.0	0.0	0.0
vix-	0.307638131147	0.411551992607	0.232270305638	0.0485395706081
sal-	0.0223823975721	0.96282245827	0.00341426403642	0.0113808801214
asu-	0.107247318817	0.579677174737	0.313075506446	0.0
neá-	0.0	1.0	0.0	0.0
gab-	0.0109489051095	0.989051094891	0.0	0.0
sɨ'-	0.135220004251	0.750111113258	0.056117026416	0.0585518560745
cam-	0.050526442247	0.942583588356	0.00459331293154	0.00229665646577
ind-	0.587044534413	0.218623481781	0.0728744939271	0.121457489879
yan-	0.0588902565859	0.856023971262	0.0203976913239	0.064688080828
xiñ-	0.0478511298183	0.692069118299	0.25210456358	0.00797518830308
yee-	0.774527347701	0.157472963511	0.024896911227	0.0431027775617
min-	0.0499819884726	0.856808357349	0.0265670028818	0.0666426512968
vij-	0.151662745501	0.217572007066	0.0622121047035	0.568553142729
ich-	0.128206490719	0.301788174769	0.0638083680551	0.506196966457
yɨɨ-	0.0947463085024	0.765944637486	0.104300083047	0.0350089709647
dám-	0.0	1.0	0.0	0.0
ren-	0.113636363636	0.780303030303	0.0909090909091	0.0151515151515
ro'-	0.052495395301	0.0939365722883	0.0154825448438	0.838085487567
pañ-	0.0890097663493	0.903572753122	0.00741748052909	0.0
kut-	0.451901258337	0.320387116173	0.113742181281	0.113969444208
lul-	0.147684619861	0.388447480352	0.344253243294	0.119614656494
tab-	0.208376103469	0.771094231164	0.0123177992199	0.00821186614659
naz-	0.00935828877005	0.986631016043	0.00401069518717	0.0
gal-	0.0168451541598	0.950188650482	0.0159685963642	0.0169975989939
ejé-	0.546728971963	0.219626168224	0.0981308411215	0.135514018692
sel-	0.285199639748	0.695286700691	0.0168117682378	0.00270189132393
kay-	0.313786542121	0.595005582551	0.07375257505	0.0174553002784
kus-	0.399653636567	0.338764470656	0.211304661397	0.0502772313802
yin-	0.209016393443	0.731557377049	0.0594262295082	0.0
tej-	0.717011945448	0.230921578118	0.0249420246392	0.0271244517951
jɨk-	0.0625	0.805147058824	0.0992647058824	0.0330882352941
sut-	0.0181735733222	0.947975287971	0.0256732245012	0.00817791420554
kún-	0.152542372881	0.576271186441	0.203389830508	0.0677966101695
kej-	0.535890866367	0.166392967553	0.0714586391747	0.226257526905
tak-	0.0399425443237	0.210315865951	0.0247594340598	0.724982155665
vaj-	0.582352044718	0.109693261421	0.0412269579238	0.266727735938
tay-	0.243327126009	0.183116076971	0.543761638734	0.0297951582868
lel-	0.0510024326818	0.913262310209	0.0271789279423	0.00855632916701
kak-	0.553980871946	0.320191874359	0.0701750524024	0.055652201292
sue-	0.202247191011	0.790529695024	0.00722311396467	0.0
cub-	0.109090909091	0.854545454545	0.0	0.0363636363636
one-	0.0886075949367	0.873417721519	0.0379746835443	0.0
daj-	0.263157894737	0.71052631579	0.0263157894737	0.0
lom-	0.248704663212	0.502590673575	0.248704663212	0.0
kik-	0.569432840461	0.243068373909	0.0529465482737	0.134552237356
sto-	0.62908680947	0.37091319053	0.0	0.0
gog-	0.0480769230769	0.951923076923	0.0	0.0
vek-	0.251634723297	0.691174840322	0.0312352276213	0.0259552087603
unu-	0.204724409449	0.417322834646	0.314960629921	0.0629921259842
sil-	0.0768851020259	0.861588532144	0.0404081035618	0.0211182622687
jas-	0.462918201151	0.381461694071	0.108854193682	0.046765911095
him-	0.22265880812	0.736083824492	0.0216110019646	0.0196463654224
nau-	0.182434966251	0.167567149089	0.0265928437046	0.623405040956
rei-	0.0115606936416	0.942196531792	0.0462427745664	0.0
egi-	0.0457955763422	0.871382636656	0.0697651758745	0.0130566111274
sau-	0.123052369077	0.823211970075	0.0226932668329	0.031042394015
sín-	0.0	1.0	0.0	0.0
teó-	0.115942028985	0.797101449275	0.0579710144928	0.0289855072464
yɨñ-	0.252226140903	0.553077257465	0.143882366132	0.0508142354998
esm-	0.00917431192659	0.908256880734	0.0756880733945	0.00688073394495
pri-	0.095154185022	0.881057268723	0.0	0.0237885462555
tro-	0.0291519434629	0.962897526502	0.00795053003536	0.0
bit-	0.0	1.0	0.0	0.0
ela-	0.0	1.0	0.0	0.0
iyo-	0.492241337685	0.113082642903	0.0454366087427	0.34923941067
fin-	0.119168698594	0.581247840002	0.251156340861	0.048427120544
o'o-	0.126487795037	0.266370788783	0.607141416179	0.0
nag-	0.0	1.0	0.0	0.0
xnu-	0.31908914388	0.493255636501	0.130275916119	0.0573793034995
arp-	0.234693877551	0.744897959184	0.0102040816327	0.0102040816327
itu-	0.350654502182	0.512098373661	0.113447044823	0.0238000793336
xiɨ-	0.315789473684	0.631578947368	0.0175438596491	0.0350877192982
tam-	0.103365384615	0.795673076923	0.100961538462	0.0
tir-	0.0219653179191	0.964161849711	0.01387283237	0.0
kɨ'-	0.319195214791	0.434475258293	0.10603588907	0.140293637847
koy-	0.466014185331	0.412138068963	0.074818791223	0.047028954483
rob-	0.0	1.0	0.0	0.0
ava-	0.217931561843	0.191359204741	0.55916650736	0.0315427260562
sie-	0.0675241157556	0.604501607717	0.289389067524	0.0385852090032
fue-	0.171377269402	0.205160603844	0.206158143247	0.417303983507
ceb-	0.0345821325648	0.907780979827	0.0576368876081	0.0
tɨn-	0.174914104681	0.677390567132	0.0941501941011	0.053545134086
nɨɨ-	0.318051260114	0.422129850515	0.113607742054	0.146211147318
dom-	0.0791628753412	0.847133757962	0.0218380345769	0.0518653321201
koo-	0.476958993182	0.187345125104	0.0429973785633	0.292698503151
ced-	0.0392156862745	0.960784313725	0.0	0.0
nch-	0.498255436513	0.288419027215	0.132657141135	0.0806683951375
pre-	0.408847904287	0.53292127909	0.0228550986744	0.0353757179482
azo-	0.22687609075	0.722513089005	0.0139616055846	0.0366492146597
com-	0.210526315789	0.789473684211	0.0	0.0
mag-	0.0161145926589	0.981199641898	0.00268576544315	0.0
por-	0.3125	0.6875	0.0	0.0
tuj-	0.237302234274	0.341379826648	0.109135071287	0.31218286779
ñañ-	0.0321888412017	0.928469241774	0.0393419170243	0.0
esp-	0.0141846196468	0.954846996232	0.0271193657438	0.00384901837695
aqu-	0.0363506771205	0.96364932288	0.0	0.0
ket-	0.653984261139	0.236699846737	0.0720641260032	0.0372517661216
dru-	0.0277777777778	0.888888888889	0.0833333333333	0.0
leb-	0.0238095238095	0.928571428571	0.047619047619	0.0
nɨñ-	0.0186387434555	0.979162303665	0.00125654450262	0.000942408376964
yij-	0.573333333333	0.248	0.178666666667	0.0
ram-	0.0332103321033	0.933579335793	0.0	0.0332103321033
yaj-	0.361784437663	0.304632660129	0.0327134780075	0.300869424201
sáb-	0.169346561752	0.621963735888	0.0410537119398	0.167635990421
vee-	0.325396825397	0.240929705215	0.281179138322	0.152494331066
las-	0.0666666666666	0.933333333333	0.0	0.0
kek-	0.406170724257	0.247785259858	0.0502981764089	0.295745839476
eti-	0.11848825332	0.803881511747	0.0653728294178	0.0122574055159
vin-	0.0720831440861	0.845805836829	0.0304576665153	0.0516533525697
elí-	0.00954314720812	0.958172588833	0.00243654822335	0.029847715736
gad-	0.0543337645537	0.945666235446	0.0	0.0
hor-	0.134310769124	0.522165609511	0.0382135801185	0.305310041246
lue-	0.309634551495	0.132890365448	0.0538205980066	0.50365448505
sem-	0.0517598343686	0.88198757764	0.0144927536232	0.0517598343685
tíq-	0.0392156862745	0.93137254902	0.0196078431372	0.00980392156862
yey-	0.686998394864	0.245585874799	0.00963081861957	0.0577849117175
jik-	0.563566390713	0.271673680612	0.0422299625942	0.122529966081
yos-	0.612580189486	0.279594756305	0.0308161557633	0.0770088984461
arf-	0.0	1.0	0.0	0.0
jio-	0.545454545455	0.372727272727	0.0218181818182	0.06
reb-	0.103194103194	0.823095823096	0.04914004914	0.02457002457
ñuc-	0.0520231213873	0.658959537572	0.254335260116	0.0346820809249
yax-	0.081081081081	0.335135135135	0.527027027027	0.0567567567568
bar-	0.115873393938	0.858394186806	0.0025319047059	0.02320051455
ñak-	0.0444699398966	0.922343537793	0.010885179318	0.0223013429929
zeb-	0.013165112452	0.983543609435	0.003291278113	0.0
pis-	0.135869565217	0.804347826087	0.0434782608696	0.0163043478261
amó-	0.0	1.0	0.0	0.0
ten-	0.0617843930803	0.1698382955	0.0739111956805	0.694466115739
his-	0.0325203252032	0.90243902439	0.0650406504065	0.0
ñúú-	0.148409893993	0.809187279152	0.0424028268551	0.0
apo-	0.0899603423085	0.852431642663	0.0225422667502	0.035065748278
fan-	0.0	1.0	0.0	0.0
yas-	0.532258064516	0.467741935484	0.0	0.0
quí-	0.0	1.0	0.0	0.0
heb-	0.0526781473467	0.765034996174	0.147970980553	0.0343158759268
nín-	0.0548502905363	0.945149709464	0.0	0.0
yuj-	0.144142962689	0.760072505168	0.0714949094939	0.0242896226489
jit-	0.123253961322	0.813320786562	0.0235139410999	0.0399113110156
tu'-	0.42747984754	0.174152768078	0.240809176028	0.157558208354
u'u-	0.269870177683	0.271838485587	0.0739658273381	0.384325509391
caj-	0.185950413223	0.764462809917	0.0	0.0495867768595
fir-	0.440922190202	0.438040345821	0.0864553314121	0.0345821325648
sed-	0.0196078431373	0.705882352941	0.274509803922	0.0
dañ-	0.735294117647	0.156862745098	0.0588235294117	0.0490196078431
sa'-	0.542770905018	0.199480710686	0.0510055295501	0.206742854746
kuy-	0.279049781744	0.220671780716	0.0507486519451	0.449529785595
rub-	0.0	1.0	0.0	0.0
chu-	0.609917271331	0.300805582811	0.0431517572075	0.0461253886509
yux-	0.0435681844165	0.910130226467	0.0146543750065	0.0316472141098
yix-	0.648854961832	0.106870229008	0.0534351145038	0.190839694656
fél-	0.126265890972	0.829347123465	0.0275802628744	0.0168067226891
dav-	0.0141035472269	0.967415942614	0.00620069748768	0.0122798126717
na'-	0.282710037494	0.320586676894	0.29724928974	0.0994539958721
van-	0.303381527419	0.242739804262	0.0805911110948	0.373287557225
tux-	0.163059163059	0.793650793651	0.0	0.0432900432901
ley-	0.0362095678619	0.917536091801	0.0341187737101	0.0121355666273
ema-	0.07928802589	0.898058252427	0.0	0.0226537216828
ñus-	0.689239399119	0.214905261338	0.0622387374988	0.0336166020441
kav-	0.249207391989	0.42633173609	0.234881874931	0.0895789969889
aga-	0.168044077135	0.69696969697	0.0964187327823	0.038567493113
vii-	0.215282973703	0.501480696235	0.178400300927	0.104836029135
kuɨ-	0.202054015477	0.325391380234	0.119369919213	0.353184685076
caí-	0.0169491525424	0.966101694915	0.0169491525424	0.0
sɨk-	0.117833328029	0.133213427905	0.0229383969641	0.726014847102
sii-	0.410126680036	0.226775026191	0.0462592818977	0.316839011875
sur-	0.0380952380952	0.866666666667	0.0761904761905	0.0190476190476
jay-	0.125603864734	0.671497584541	0.164251207729	0.0386473429952
bel-	0.0588980367321	0.909436352122	0.00696643445218	0.0246991766941
boa-	0.0183486238532	0.94495412844	0.0366972477064	0.0
ixi-	0.0648936170213	0.907446808511	0.00638297872341	0.0212765957447
tɨj-	0.112201235401	0.183109143537	0.388738435359	0.315951185702
xit-	0.0485584218513	0.91502276176	0.0	0.0364188163885
te'-	0.120358242373	0.770041981528	0.090568150014	0.0190316260845
ant-	0.0539667777519	0.892557286419	0.00310005425095	0.0503758815779
gui-	0.100502512563	0.740368509213	0.142378559464	0.0167504187605
dia-	0.030162412993	0.965197215777	0.00464037122971	0.0
yaa-	0.159842898145	0.708076188907	0.0651752976558	0.0669056152927
nak-	0.615797237432	0.250778302147	0.057088785432	0.0763356749886
ven-	0.328441508904	0.583626106683	0.0770914055129	0.0108409789003
pol-	0.0636961722488	0.893241626794	0.0188397129187	0.0242224880383
cle-	0.0523560209424	0.905759162304	0.0314136125654	0.0104712041885
hij-	0.0999766628927	0.648230260192	0.118490859725	0.13330221719
jñi-	0.353153153153	0.369369369369	0.207207207207	0.0702702702702
sar-	0.0266515910192	0.907123243418	0.0613794217412	0.00484574382169
lao-	0.0	0.993769470405	0.00623052959502	0.0
ɨɨñ-	0.238095238095	0.301587301587	0.396825396825	0.0634920634921
bee-	0.095087163233	0.857369255151	0.0285261489698	0.0190174326466
chā-	0.0612434769644	0.92426420158	0.00697778440436	0.00751453705084
ske-	0.56261547533	0.303990224398	0.0640255731933	0.0693687270785
teu-	0.259615384615	0.653846153846	0.0	0.0865384615384
dam-	0.0400500625783	0.959949937422	0.0	0.0
put-	0.135593220339	0.864406779661	0.0	0.0
tin-	0.711538461538	0.173076923077	0.115384615385	0.0
gaz-	0.0	0.961538461538	0.0	0.0384615384615
art-	0.0384615384615	0.961538461538	0.0	0.0
anf-	0.0888888888889	0.911111111111	0.0	0.0
ans-	0.075438158605	0.0664370773198	0.0267260873707	0.831398676705
yoo-	0.00827514869408	0.98125161624	0.00193948797518	0.00853374709077
bal-	0.0928531950172	0.904245142639	0.00290166234429	0.0
efa-	0.0531914893617	0.81914893617	0.063829787234	0.063829787234
sad-	0.0178571428572	0.97193877551	0.0102040816327	0.0
pub-	0.0211267605634	0.93661971831	0.0422535211267	0.0
siɨ-	0.380952380952	0.428571428571	0.047619047619	0.142857142857
top-	0.0	0.663157894737	0.336842105263	0.0
yɨv-	0.0134101499035	0.455627748877	0.0232618006279	0.507700300591
tun-	0.225417387103	0.488394510291	0.0748533484339	0.211334754172
kox-	0.145134914146	0.485690923958	0.0866721177433	0.282502044154
jáá-	0.167613636364	0.201704545454	0.545454545455	0.0852272727272
asó-	0.12676056338	0.830985915493	0.0	0.0422535211267
sta-	0.219323681555	0.762555975478	0.0026641822652	0.0154561607019
lɨk-	0.0839160839161	0.461538461538	0.328671328671	0.125874125874
tas-	0.228460038986	0.552826510721	0.156725146199	0.0619883040936
amp-	0.0	1.0	0.0	0.0
nda-	0.222308632631	0.500652055699	0.130901537716	0.146137773953
set-	0.635648754915	0.314547837484	0.0314547837483	0.0183486238532
kaa-	0.221409356919	0.363329385316	0.0695699865281	0.345691271237
ele-	0.0	1.0	0.0	0.0
cés-	0.224666142969	0.735271013354	0.0400628436764	0.0
clo-	0.09375	0.84375	0.0	0.0625
rom-	0.0968584315898	0.687425813089	0.181530426525	0.0341853287964
ugu-	0.0462300495322	0.140891579527	0.799669785361	0.0132085855806
ti'-	0.804222648752	0.184261036468	0.0	0.0115163147793
jud-	0.0327014218009	0.947867298578	0.00880162491537	0.0106296547055
lot-	0.0338164251208	0.932367149758	0.0338164251208	0.0
can-	0.046926347447	0.890019311945	0.0503588357874	0.0126955048203
sus-	0.0810810810811	0.891891891892	0.027027027027	0.0
pér-	0.0	0.974358974359	0.025641025641	0.0
xia-	0.15977443609	0.15536122916	0.0992971559332	0.585567178817
knd-	0.75	0.178571428571	0.0357142857143	0.0357142857143
bla-	0.140625	0.78125	0.078125	0.0
fam-	0.319073083779	0.54991087344	0.0490196078431	0.0819964349376
lyb-	0.0681818181818	0.886363636364	0.0227272727273	0.0227272727273
yat-	0.394648310129	0.371926918897	0.136121318772	0.0973034522023
kuú-	0.370967741936	0.193548387097	0.274193548387	0.161290322581
anc-	0.388888888889	0.416666666667	0.194444444444	0.0
cin-	0.220228384992	0.745513866232	0.0342577487765	0.0
get-	0.0	1.0	0.0	0.0
sam-	0.246804258213	0.660064678205	0.041083151744	0.0520479118378
ñɨñ-	0.174311926605	0.743119266055	0.0756880733945	0.00688073394495
kuñ-	0.127087207699	0.566369705261	0.265606455749	0.040936631291
nik-	0.349368882991	0.215348886308	0.0358914810514	0.399390749649
lit-	0.0336448598131	0.839252336449	0.0785046728972	0.0485981308411
isl-	0.30900243309	0.457420924574	0.167883211679	0.0656934306569
noé-	0.00234192037471	0.997658079625	0.0	0.0
rut-	0.0	1.0	0.0	0.0
ruf-	0.0	0.943925233645	0.0560747663551	0.0
cru-	0.38641334987	0.57686323148	0.00695681587552	0.0297666027737
lib-	0.877551020408	0.0816326530612	0.0	0.0408163265306
nay-	0.608619313647	0.147166799681	0.00861931364725	0.235594573025
jak-	0.509739392957	0.255249985267	0.124112928235	0.110897693541
isa-	0.0644296097744	0.862112389977	0.0334456813445	0.0400123189038
kas-	0.592821088054	0.152870794981	0.195803503679	0.0585046132867
cap-	0.0248911014312	0.94853596596	0.0196774247801	0.00689550782893
kuu-	0.502484115023	0.0304252802673	0.015332491697	0.451758113012
nus-	0.134978145898	0.0530425780701	0.0183403364534	0.793638939578
ko'-	0.564797077843	0.286037704996	0.0990270031247	0.0501382140363
sós-	0.0884955752212	0.884955752213	0.0176991150442	0.00884955752212
uun-	0.260273972603	0.246575342466	0.419178082192	0.0739726027397
sɨɨ-	0.185822806112	0.445790777679	0.23668695237	0.131699463838
u'g-	0.0	0.716666666667	0.283333333333	0.0
gam-	0.227467811159	0.74678111588	0.0	0.0257510729614
gri-	0.0295049247191	0.425521759882	0.523278517811	0.0216947975875
ara-	0.0128617363344	0.974276527331	0.0	0.0128617363344
niñ-	0.329754284534	0.289283501962	0.276481519719	0.104480693785
nud-	0.0361445783133	0.855421686747	0.0361445783133	0.0722891566265
cla-	0.0957446808511	0.868794326241	0.0141843971631	0.0212765957447
stɨ-	0.552918145112	0.382583768856	0.0508643442695	0.013633741763
lik-	0.0733944954128	0.596330275229	0.330275229358	0.0
kɨt-	0.238216168059	0.359330896495	0.302037451811	0.100415483635
xkɨ-	0.0996653030866	0.113796950539	0.770918557084	0.0156191892897
ose-	0.0571428571429	0.828571428571	0.114285714286	0.0
kul-	0.303448275862	0.565517241379	0.0965517241379	0.0344827586207
yɨx-	0.634615384615	0.134615384615	0.115384615385	0.115384615385
jot-	0.284644194756	0.498127340824	0.187265917603	0.0299625468165
taj-	0.675158991376	0.251017123791	0.0112788083536	0.0625450764794
yɨj-	0.352078219171	0.559955863791	0.0330408566437	0.0549250603947
gni-	0.0877192982456	0.684210526316	0.0175438596491	0.210526315789
fes-	0.0872034747745	0.886067490812	0.00701637153357	0.0197126628801
tax-	0.180451127819	0.765413533835	0.0360902255639	0.0180451127819
key-	0.433306386419	0.417138237672	0.0145513338723	0.135004042037
jnɨ-	0.746373448263	0.196552105205	0.0098721774045	0.0472022691273
ke'-	0.798730339525	0.112828930839	0.0124369776051	0.0760037520309
