-eąo	0.490147783251	0.357142857143	0.0788177339901	0.0738916256158
-hwį	0.441330998249	0.416812609457	0.0788091068301	0.0630472854642
-het	0.158144438587	0.667896678967	0.173958882446	0.0
-hep	0.0	1.0	0.0	0.0
-eus	0.0119402985075	0.940298507463	0.0179104477612	0.0298507462687
-hes	0.0	1.0	0.0	0.0
-eum	0.0	1.0	0.0	0.0
-hem	0.0133362969549	0.978328517448	0.00500111135807	0.00333407423872
-rba	0.114919354839	0.764112903226	0.0544354838711	0.0665322580645
-eun	0.0	1.0	0.0	0.0
-700	0.133155792277	0.174434087883	0.0266311584554	0.665778961385
-ive	0.083192215933	0.893236656219	0.0152519062544	0.00831922159331
-kęą	0.309757182164	0.320327771653	0.253791423092	0.11612362309
-818	0.0	1.0	0.0	0.0
-mua	0.197921820881	0.670361207323	0.0787728847106	0.0529440870856
-lem	0.0150794945932	0.965135075952	0.000488167516776	0.0192972619381
-aus	0.0771302644466	0.595494613124	0.275954946131	0.0514201762978
-sǫą	0.338872248372	0.365782342034	0.199781296059	0.0955641135358
-aut	0.00927367270562	0.485079323022	0.292120690226	0.213526314046
-fik	0.0170357751278	0.957410562181	0.0255536626916	0.0
-lao	0.474153262074	0.283375397413	0.0625615764588	0.179909764054
-umi	0.104199434359	0.790418855352	0.02378761907	0.0815940912187
-ęgę	0.194127165345	0.544198249636	0.13775600679	0.123918578229
-lti	0.0	0.9	0.1	0.0
-hwą	0.0335619090773	0.919045724808	0.0312568329044	0.0161355332103
-aua	0.0710262345679	0.879282407407	0.0340277777778	0.0156635802469
-ang	0.345132743363	0.654867256637	0.0	0.0
-oyu	0.639161456576	0.211012229767	0.0510776580155	0.0987486556416
-ufa	0.0	1.0	0.0	0.0
-ęgą	0.123529411765	0.717647058824	0.123529411765	0.0352941176471
-mul	0.0	1.0	0.0	0.0
-ate	0.0	1.0	0.0	0.0
-aul	0.0	0.946308724832	0.0536912751677	0.0
-auo	0.0	1.0	0.0	0.0
-aun	0.0669847012456	0.779013760605	0.00552831096938	0.14847322718
-put	0.0	1.0	0.0	0.0
-pus	0.0246710526316	0.945723684211	0.0197368421052	0.00986842105263
-uai	0.189873361004	0.533689382316	0.13572751817	0.14070973851
-250	0.0105798780795	0.331704367978	0.0758224595699	0.581893294373
-kia	0.00170551449687	0.989766913019	0.00682205798749	0.00170551449687
-uao	0.535995418477	0.257248275281	0.0717077396821	0.135048566561
-les	0.0	1.0	0.0	0.0
-apa	0.0275335287325	0.780619948486	0.185185185185	0.00666133759659
-pua	0.346983647107	0.486464202281	0.100590902844	0.0659612477669
-ąya	0.333333333333	0.266666666667	0.133333333333	0.266666666667
-pul	0.0	1.0	0.0	0.0
-pun	0.0	0.651162790698	0.348837209302	0.0
-sva	0.0	1.0	0.0	0.0
-dor	0.0	0.979381443299	0.0206185567011	0.0
-rap	0.0	0.891891891892	0.108108108108	0.0
-puk	0.172661870504	0.620503597122	0.161870503597	0.044964028777
-hel	0.0	1.0	0.0	0.0
-wip	0.739130434783	0.260869565217	0.0	0.0
-bǫų	0.068010936432	0.757040328093	0.155297334245	0.0196514012303
-928	0.0	1.0	0.0	0.0
-įya	0.5	0.5	0.0	0.0
-iva	0.0	1.0	0.0	0.0
-pri	0.0	1.0	0.0	0.0
-das	0.0323338659648	0.937776106777	0.00526365259893	0.0246263746593
-hen	0.0	1.0	0.0	0.0
-pim	0.0	1.0	0.0	0.0
-628	0.0	0.428571428571	0.0	0.571428571429
-fde	0.7	0.0	0.0	0.3
-sma	0.0	1.0	0.0	0.0
-nda	0.108108108108	0.75051975052	0.112266112266	0.029106029106
-882	0.0	1.0	0.0	0.0
-opa	0.0858794384806	0.8769611891	0.0	0.0371593724195
-815	0.0	0.4	0.2	0.4
-dea	0.0	1.0	0.0	0.0
-ims	0.0	0.862068965517	0.0	0.137931034483
-naa	0.248275862069	0.668965517241	0.0413793103448	0.0413793103448
-imu	1.0	0.0	0.0	0.0
-rbe	0.01	0.99	0.0	0.0
-dei	0.0224873508651	0.84696108439	0.00374789181086	0.126803672934
-msi	0.0	1.0	0.0	0.0
-dek	0.056288584917	0.883791308558	0.0562885849171	0.00363152160755
-403	0.0	1.0	0.0	0.0
-den	0.062937062937	0.888111888112	0.034965034965	0.013986013986
-400	0.135357053993	0.278676287634	0.034005142241	0.551961516132
-ima	0.102098003867	0.0491905280946	0.00814520895394	0.840566259084
-lep	0.0127388535032	0.987261146497	0.0	0.0
-der	0.00612932883849	0.993870671162	0.0	0.0
-des	0.0	0.991561181435	0.00843881856541	0.0
-det	0.0875232774673	0.83426443203	0.0223463687151	0.0558659217877
-aka	0.0	0.975359342916	0.0246406570842	0.0
-img	0.0	1.0	0.0	0.0
-950	0.0	0.0	0.0	1.0
-imi	0.485486018642	0.232223701731	0.209853528628	0.0724367509987
-ųdu	0.176264010869	0.564826046873	0.056953272842	0.201956669416
-goų	0.2	0.8	0.0	0.0
-mre	0.0875912408759	0.912408759124	0.0	0.0
-sik	0.0568450971104	0.91757460919	0.0255802936996	0.0
-bit	0.0625	0.9375	0.0	0.0
-obi	0.131530839868	0.657600579891	0.189234692197	0.0216338880435
-bir	0.0	1.0	0.0	0.0
-bis	0.182938299473	0.73734951091	0.0265707298721	0.0531414597442
-bip	0.0	1.0	0.0	0.0
-idi	0.0212202251916	0.2647890732	0.00129301469137	0.712697686917
-rpa	0.0	1.0	0.0	0.0
-let	0.0196715168925	0.935521139074	0.044807344033	0.0
-isą	0.634920634921	0.142857142857	0.15873015873	0.0634920634921
-ide	0.20694300027	0.533731014528	0.0517485345064	0.207577450696
-įyu	0.306578339239	0.419041750116	0.026960406717	0.247419503928
-ida	0.0619981741025	0.737107815438	0.0365014816119	0.164392528847
-įgi	0.430247141389	0.381653055693	0.0132651483017	0.174834654616
-bid	0.25	0.583333333333	0.166666666667	0.0
-kąų	0.0	0.487804878049	0.512195121951	0.0
-įgo	0.252789705046	0.665325778157	0.0241523096927	0.0577322071043
-bia	0.154857523982	0.708245231878	0.121331668275	0.0155655758642
-bin	0.0487804878048	0.853658536586	0.0	0.0975609756097
-mus	0.0625124665896	0.78409861571	0.058842302629	0.0945466150717
-idu	0.381810313446	0.402483336913	0.0498158150062	0.165890534635
-rat	0.0375	0.9625	0.0	0.0
-obu	0.386861825058	0.578822046362	0.0161075705582	0.0182085580222
-100	0.0248615514134	0.179246523987	0.0658370713356	0.730054853264
-uta	0.0	1.0	0.0	0.0
-tet	0.0956719817767	0.794988610478	0.0728929384966	0.0364464692483
-ria	0.0290124658755	0.836375829715	0.0284712718005	0.106140432609
-rin	0.124156294507	0.80748033934	0.0322001362313	0.0361632299214
-ril	0.0	1.0	0.0	0.0
-rim	0.0189753320683	0.935167615433	0.0458570524984	0.0
-rik	0.0639838116681	0.558269444524	0.359392367543	0.0183543762647
-eru	0.0	1.0	0.0	0.0
-tea	0.144077448747	0.768223234624	0.00341685649202	0.0842824601367
-rit	0.149921682703	0.756321324681	0.0758558961736	0.0179010964422
-ris	0.0193290496551	0.930219264219	0.0475518287017	0.00289985742367
-rip	0.0857142857143	0.876785714286	0.0	0.0375
-utu	0.666666666667	0.0	0.333333333333	0.0
-530	0.0	1.0	0.0	0.0
-tel	0.00666666666667	0.993333333333	0.0	0.0
-nap	0.0	1.0	0.0	0.0
-ten	0.215867452605	0.742711486379	0.0286761191652	0.0127449418512
-133	0.0	0.275862068966	0.0	0.724137931034
-met	0.0	1.0	0.0	0.0
-duk	0.0	1.0	0.0	0.0
-ara	0.0984515971714	0.681175323092	0.149963423555	0.0704096561814
-mes	0.0	0.879443585781	0.120556414219	0.0
-mer	0.0382165605096	0.96178343949	0.0	0.0
-nil	0.595238095238	0.404761904762	0.0	0.0
-lus	0.0522360015032	0.909432544156	0.0248027057497	0.0135287485908
-lut	0.0	1.0	0.0	0.0
-pgo	0.0462247119577	0.907412627677	0.0105560520365	0.0358066083285
-art	0.0	1.0	0.0	0.0
-034	0.0	0.25	0.0	0.75
-luk	0.0942102077869	0.786766189228	0.028242888844	0.0907807141415
-mea	0.123942230063	0.541010076847	0.294680501151	0.0403671919385
-lum	0.0167597765363	0.949720670391	0.0335195530726	0.0
-lun	0.0	1.0	0.0	0.0
-ifi	0.0	1.0	0.0	0.0
-mel	0.00574712643678	0.98275862069	0.00574712643678	0.0057471264368
-meo	0.450758454126	0.327627854668	0.087620346678	0.133993344528
-men	0.168054729328	0.707019631172	0.0684116597263	0.0565139797739
-mei	0.0310559006211	0.95652173913	0.0	0.0124223602485
-mek	0.020942408377	0.979057591623	0.0	0.0
-dal	0.22641509434	0.735849056604	0.0377358490565	0.0
-ąbi	0.378877929573	0.530149654938	0.0215185666538	0.0694538488351
-eko	0.170984455958	0.829015544042	0.0	0.0
-git	0.0	1.0	0.0	0.0
-aya	0.0326574469673	0.950511677298	0.00372550282531	0.0131053729098
-fra	0.0	0.981132075472	0.0188679245283	0.0
-ąbo	0.298781990891	0.444018143477	0.181297878726	0.0759019869059
-api	0.366666666667	0.633333333333	0.0	0.0
-ąba	0.341326457883	0.0525265421731	0.0219093010716	0.584237698873
-ila	0.360946202092	0.395984880906	0.147891820137	0.0951770968655
-ąbe	0.337522441652	0.382405745063	0.16157989228	0.118491921005
-ebo	0.451112640598	0.15623045167	0.0294150945312	0.3632418132
-ayu	0.49243592657	0.23790463518	0.0793139800582	0.190345458192
-tyu	0.0	1.0	0.0	0.0
-num	0.0	1.0	0.0	0.0
-623	0.0	1.0	0.0	0.0
-621	0.0	0.166666666667	0.0	0.833333333333
-joa	0.0	1.0	0.0	0.0
-743	0.0	0.714285714286	0.0	0.285714285714
-sgo	0.0425485717307	0.697554474642	0.00828069960211	0.251616254025
-mor	0.003224073079	0.983879634605	0.00644814615797	0.00644814615798
-kua	0.403225806452	0.451612903226	0.120967741935	0.0241935483871
-sro	0.0	0.857142857143	0.0	0.142857142857
-ąma	0.477933175219	0.312795222025	0.104182181882	0.105089420874
-rma	0.0	0.974358974359	0.025641025641	0.0
-fgo	0.0	1.0	0.0	0.0
-tun	0.0	0.952380952381	0.047619047619	0.0
-nui	0.0689655172413	0.931034482759	0.0	0.0
-ubu	0.0	0.428571428571	0.571428571429	0.0
-sra	0.0437500000001	0.95625	0.0	0.0
-ubi	0.645557191949	0.336442480772	0.0180003272787	0.0
-ąsą	0.633935018051	0.276534296029	0.0129963898917	0.0765342960288
-lap	0.0	1.0	0.0	0.0
-ubo	0.316209866164	0.438722521199	0.0611548760433	0.183912736593
-uba	0.223105740161	0.378023782761	0.039564554703	0.359305922375
-ube	0.471424866435	0.266217127444	0.0884727769421	0.173885229179
-umu	0.0	0.803278688525	0.196721311475	0.0
-ǫde	0.027995704627	0.80034769914	0.0395234370148	0.132133159218
-eąį	0.333333333333	0.333333333333	0.333333333333	0.0
-hwi	0.306092394136	0.594189682126	0.0884178806897	0.0113000430478
-ija	0.00751973931571	0.99022433889	0.0	0.00225592179471
-lma	0.149068322981	0.329192546584	0.0372670807453	0.48447204969
-oti	0.0356462280013	0.909763479431	0.0161416881515	0.0384486044166
-hwa	0.326202992861	0.437097489815	0.0564690697393	0.180230447585
-oam	0.0495535714286	0.94375	0.00401785714286	0.00267857142856
-elą	0.666666666667	0.333333333333	0.0	0.0
-ume	0.285714285714	0.428571428572	0.0	0.285714285714
-ǫdu	0.325461401072	0.327693986902	0.0481246279023	0.298719984124
-962	0.0	0.2	0.0	0.8
-uma	0.273684210526	0.440789473684	0.219736842105	0.0657894736842
-otu	0.243069109747	0.61244595793	0.0896666808828	0.0548182514401
-ęge	0.36	0.56	0.0	0.0799999999999
-kba	0.146831017751	0.773677707122	0.0491124438685	0.0303788312588
-222	0.0	1.0	0.0	0.0
-969	0.0	0.0	0.0	1.0
-nua	0.3	0.5	0.2	0.0
-ęgo	0.29162335003	0.41405979271	0.180748511483	0.113568345777
-ako	0.0	1.0	0.0	0.0
-nak	0.0	1.0	0.0	0.0
ALL	0.226531677346	0.290660060361	0.0506673248944	0.432140937399
-nai	0.233354648949	0.393852702452	0.0317196286755	0.341073019923
-nan	0.0177600330419	0.930153048347	0.0493334251164	0.00275349349487
-nao	0.462664263789	0.315545745635	0.0837148836777	0.138075106899
-nam	0.0	1.0	0.0	0.0
-sis	0.0279329608938	0.963687150838	0.00837988826816	0.0
-sir	0.0	1.0	0.0	0.0
-845	0.0	1.0	0.0	0.0
-sip	0.0230855087111	0.947889566361	0.0204091051072	0.0086158198207
-005	0.0	1.0	0.0	0.0
-kin	0.0339285714286	0.95	0.0107142857143	0.00535714285716
-kim	0.0200222469411	0.979977753059	0.0	0.0
-840	0.0	1.0	0.0	0.0
-kis	0.0209766634619	0.952677646119	0.00973916517874	0.0166065252407
-kir	0.0	1.0	0.0	0.0
-kęa	1.0	0.0	0.0	0.0
-hǫą	0.42	0.42	0.06	0.0999999999999
-sio	0.0	1.0	0.0	0.0
-sin	0.165351983808	0.71390051848	0.102725483129	0.018022014584
-sim	0.0579710144927	0.884057971014	0.0579710144929	0.0
-vgo	0.800947867299	0.189573459716	0.00947867298576	0.0
-nas	0.044005641749	0.940761636107	0.0118476727786	0.00338504936531
-sia	0.123525516227	0.473570688782	0.207582615833	0.195321179158
-sif	0.0	1.0	0.0	0.0
-nat	0.0965487146319	0.824357705585	0.0692750664308	0.00981851335239
-ker	0.0	1.0	0.0	0.0
-280	0.0	0.210526315789	0.0	0.789473684211
-gok	0.0329670329671	0.945054945055	0.010989010989	0.010989010989
-mot	0.0	1.0	0.0	0.0
-mos	0.021101992966	0.971864009379	0.00703399765534	0.0
-gol	0.00339881721161	0.888263884168	0.107317653457	0.00101964516348
-goo	0.666666666667	0.333333333333	0.0	0.0
-gon	0.0190476190476	0.980952380952	0.0	0.0
-goa	0.347826086956	0.347826086957	0.173913043478	0.130434782609
-igo	0.103941930384	0.369105045836	0.0196224689182	0.507330554861
-360	0.0	0.25	0.0	0.75
-god	0.026416636188	0.926353012622	0.00648140414362	0.0407489470467
-365	0.0	0.2	0.0	0.8
-sna	0.0	1.0	0.0	0.0
-lki	0.0	1.0	0.0	0.0
-630	0.0	1.0	0.0	0.0
-moa	0.0	1.0	0.0	0.0
-gop	0.0	1.0	0.0	0.0
-sbe	0.0	1.0	0.0	0.0
-mon	0.0191474087932	0.966201491181	0.0113738802833	0.00327721974263
-lka	0.0	0.95744680851	0.0	0.0425531914895
-gou	0.289520127742	0.710479872258	0.0	0.0
-uva	0.0	1.0	0.0	0.0
-650	0.5	0.5	0.0	0.0
-601	0.206896551724	0.689655172414	0.0	0.103448275862
-ber	0.0	1.0	0.0	0.0
-mok	0.0	0.0	0.0	1.0
-652	0.0	1.0	0.0	0.0
-fer	0.0366972477065	0.889908256881	0.073394495413	0.0
-mfa	0.0	1.0	0.0	0.0
-bet	0.134359847503	0.817152163453	0.0103638449865	0.0381241440575
-600	0.0366748166259	0.136919315403	0.0220048899756	0.804400977995
-eon	0.0347222222222	0.963888888889	0.00138888888889	0.0
-ben	0.0497649986176	0.92452308543	0.0141000829417	0.0116118330108
-beo	0.440275403238	0.19674744021	0.0685459156923	0.294431240861
-bel	0.0786542395999	0.918617867697	0.0	0.0027278927029
-yao	0.35677871064	0.209112875955	0.0437374113578	0.390371002048
-bea	0.295306001188	0.505446623094	0.0823925529808	0.116854822737
-yai	0.130013183335	0.0443853570236	0.053165253166	0.772436206476
-beg	0.110637230306	0.794530858003	0.0948319116909	0.0
-ofa	0.24669764312	0.724881477189	0.0182149810472	0.0102058986435
-iso	0.0792741165234	0.895893027698	0.00286532951289	0.0219675262655
-rek	0.0	1.0	0.0	0.0
-bes	0.051227321238	0.87833511206	0.0320170757737	0.0384204909285
-sil	0.0720937821623	0.863142304892	0.0180736501243	0.046690262821
-ren	0.0	1.0	0.0	0.0
-pol	0.0573481071239	0.87228085946	0.00902729900929	0.061343734407
-isi	0.179456004812	0.654721329348	0.142032744976	0.0237899208632
-rem	0.0	1.0	0.0	0.0
-ise	0.74358974359	0.153846153846	0.025641025641	0.0769230769231
-rea	0.0	1.0	0.0	0.0
-eku	0.0	1.0	0.0	0.0
-isa	0.128824758856	0.807647929881	0.0259757214923	0.0375515897706
-ual	0.0	0.736842105263	0.263157894737	0.0
-eve	0.25	0.75	0.0	0.0
-eva	0.638888888889	0.305555555556	0.0555555555556	0.0
-khi	0.0	1.0	0.0	0.0
-res	0.0350058343057	0.934072345391	0.0192532088682	0.0116686114352
-isu	0.158924288659	0.196444466363	0.123893892795	0.520737352183
-evi	0.0	1.0	0.0	0.0
-ret	0.0242765112688	0.966268397465	0.00419614417304	0.00525894709349
-reu	0.0	1.0	0.0	0.0
-ime	0.0	1.0	0.0	0.0
-hae	0.478139534884	0.34511627907	0.0595348837208	0.117209302326
-jut	0.0379746835443	0.930379746835	0.0316455696202	0.0
-hai	0.471298674256	0.298466023461	0.143333101964	0.0869022003193
-mas	0.0578610900422	0.915772745332	0.00722360674685	0.0191425578792
-mar	0.0078074170462	0.992192582954	0.0	0.0
-hal	0.0	1.0	0.0	0.0
-mat	0.015625	0.984375	0.0	0.0
-han	0.0	1.0	0.0	0.0
-oar	0.0	1.0	0.0	0.0
-hap	0.0253728555802	0.754248819402	0.114724793896	0.105653531122
-mak	0.130249283842	0.833180959347	0.00731395136222	0.0292558054489
-has	0.0181818181818	0.971428571429	0.0	0.0103896103896
-hat	0.00665557404326	0.966722129784	0.0266222961731	0.0
-320	0.0	0.888888888889	0.0	0.111111111111
-mao	0.647157848441	0.169639988133	0.0411642541704	0.142037909256
-man	0.140605760235	0.734708411252	0.0385271323872	0.0861586961256
-sęą	0.698113207547	0.150943396226	0.0	0.150943396226
-oap	0.0117473500164	0.972680581357	0.00819582559285	0.00737624303357
-ohi	0.0	1.0	0.0	0.0
-kgo	0.105750455254	0.858048662761	0.026327914171	0.00987296781413
-uno	0.0	1.0	0.0	0.0
-uni	0.0606243003719	0.796566736285	0.12204932135	0.0207596419931
-osę	0.0	1.0	0.0	0.0
-une	0.0	1.0	0.0	0.0
-una	0.344529119383	0.406048454138	0.112219247157	0.137203179322
-782	0.0	0.25	0.0	0.75
-eor	0.0285714285714	0.971428571429	0.0	0.0
-ąno	0.0	1.0	0.0	0.0
-ąni	0.3353115727	0.557863501484	0.0356083086053	0.0712166172107
-pta	0.0	1.0	0.0	0.0
-iat	0.0523377529658	0.83600837404	0.0750174459177	0.0366364270761
-unu	0.123466243903	0.111325256955	0.0734521108048	0.691756388337
-667	0.0	0.2	0.0	0.8
-666	0.25	0.0277777777778	0.0	0.722222222222
-him	0.0	1.0	0.0	0.0
-gae	0.610497194875	0.384217115126	0.0	0.00528568999891
-ade	0.200985303907	0.422535558442	0.0437714122823	0.332707725369
-tra	0.00716845878138	0.992831541219	0.0	0.0
-ika	0.0599520383693	0.874361380461	0.0500469189866	0.0156396621833
-gaa	0.314540059347	0.66765578635	0.0178041543026	0.0
-ada	0.205083870488	0.207926225808	0.32145656854	0.265533335164
-gao	0.465027871339	0.403198802419	0.0472729421498	0.0845003840926
-ado	0.270992099952	0.487819107529	0.157981314785	0.0832074777346
-tro	0.0506329113924	0.924050632911	0.0253164556962	0.0
-gal	0.0	1.0	0.0	0.0
-tri	0.08579142441	0.807197243307	0.0278511290838	0.0791602031996
-gai	0.142131246902	0.0258945843526	0.00700104799842	0.824973120747
-adi	0.343112992564	0.261218624665	0.0611640985653	0.334504284206
-147	0.0	0.0	0.0	1.0
-gau	0.377386944146	0.573262455466	0.0493506003883	0.0
-adu	0.255838406384	0.16208958904	0.0686632420368	0.513408762539
-gas	0.0	1.0	0.0	0.0
-gar	0.137684042977	0.764126541982	0.075308396339	0.0228810187028
-vba	0.201629327902	0.790224032587	0.0	0.00814663951118
-gap	0.0	1.0	0.0	0.0
-hio	0.0	1.0	0.0	0.0
-137	0.0	0.0	0.0	1.0
-sni	0.0	1.0	0.0	0.0
-lan	0.179826374535	0.770566349731	0.0	0.0496072757338
-148	0.0	0.0	0.0	1.0
-seo	0.75	0.25	0.0	0.0
-mgo	0.0350554553278	0.913724265364	0.0332863015075	0.0179339778004
-sem	0.0	1.0	0.0	0.0
-sel	0.0308558671262	0.941075017775	0.0108149695692	0.0172541455298
-sek	0.0	0.991364421416	0.00863557858375	0.0
-lpa	0.0	1.0	0.0	0.0
-sei	0.28125	0.65625	0.0	0.0624999999999
-ina	0.244381513828	0.585476577025	0.10149066478	0.0686512443668
-tes	0.75	0.25	0.0	0.0
-lba	0.218180147903	0.696614762758	0.0604014514721	0.0248036378669
-geą	0.164381153305	0.728375527426	0.0914205344585	0.0158227848101
-lai	0.502121828732	0.272088720811	0.0756578929351	0.150131557523
-800	0.126824450525	0.276011416407	0.0289884458342	0.568175687234
-807	0.0	1.0	0.0	0.0
-oha	0.0	1.0	0.0	0.0
-saf	0.0	1.0	0.0	0.0
-uia	0.0	1.0	0.0	0.0
-ins	0.0825082508251	0.749174917492	0.0693069306931	0.0990099009901
-ses	0.0298314522945	0.953885546661	0.00745786307364	0.00882513797047
-inu	0.477513655575	0.319624828267	0.0704945445361	0.132366971622
-bap	0.0275862068966	0.972413793103	0.0	0.0
-sep	0.02287694974	0.94835355286	0.00103986135182	0.0277296360485
-rsa	0.0	1.0	0.0	0.0
-0de	0.260869565217	0.695652173913	0.0	0.0434782608695
-eda	0.141513110013	0.0720498640534	0.0722572795363	0.714179746397
-kus	0.0776125515894	0.88946473016	0.0181153712864	0.0148073469645
-įdu	0.500423974651	0.34114339269	0.0459677779266	0.112464854733
-oko	0.0	1.0	0.0	0.0
-ede	0.153716866312	0.335168164202	0.061218113525	0.449896855961
-iam	0.030172413793	0.935344827586	0.0	0.0344827586208
-212	0.0	0.75	0.0	0.25
-iao	0.325419421559	0.273165930001	0.0750679173146	0.326346731126
-edi	0.352536543422	0.608770421324	0.0103181427343	0.0283748925194
-iai	0.532803644451	0.291430518689	0.0612490135591	0.114516823302
-nes	0.0588647512264	0.887876664331	0.0336370007008	0.0196215837422
-182	0.0	0.0	0.0	1.0
-iyu	0.362705071397	0.186015981453	0.0567399335555	0.394539013595
-nel	0.095406360424	0.883392226148	0.0159010600707	0.00530035335689
-fos	0.0347826086956	0.965217391304	0.0	0.0
-įde	0.227230939927	0.6485021398	0.0647963227135	0.0594705975591
-ias	0.0377080261218	0.941858015589	0.00379186854856	0.0166420897409
-edu	0.260520434485	0.492714263384	0.149962236439	0.0968030656914
-fot	0.0	1.0	0.0	0.0
-kum	0.0634920634921	0.904761904762	0.0	0.031746031746
-kul	0.252258735108	0.622211561526	0.0831534340769	0.0423762692892
-kuk	0.5	0.25	0.0	0.25
-aon	0.12	0.88	0.0	0.0
-kui	0.0	1.0	0.0	0.0
-nea	0.498306051555	0.249613655647	0.131365433428	0.120714859371
-ųwą	0.0	1.0	0.0	0.0
-bao	0.440351342763	0.134729469691	0.0369791027164	0.387940084829
-eka	0.0414452709883	0.919022316684	0.0140276301807	0.0255047821467
-hoa	0.479899497488	0.384422110553	0.0603015075377	0.0753768844221
-eat	0.0	1.0	0.0	0.0
-eke	0.48	0.3075	0.1825	0.0300000000001
-nǫų	0.0706284912118	0.856110899892	0.0304155821367	0.0428450267598
-jop	0.26241697234	0.600773272529	0.0237930008923	0.113016754238
-del	0.105263157895	0.842105263158	0.0526315789473	0.0
-hor	0.019801980198	0.980198019802	0.0	0.0
-hos	0.0281722664819	0.941346264865	0.0228611014895	0.00762036716315
-jon	0.0447036140934	0.92250113413	0.0130424920611	0.0197527597157
-rei	0.0	1.0	0.0	0.0
-tde	0.154535779425	0.78778035821	0.0348951759991	0.0227886863667
-nit	0.0	1.0	0.0	0.0
-bat	0.0106940681717	0.967723357882	0.00233325123745	0.019249322709
-bau	0.0746268656717	0.925373134328	0.0	0.0
-bar	0.0500000000001	0.95	0.0	0.0
-bas	0.0395185070487	0.950787003999	0.00511653583595	0.00457795311637
-job	0.6	0.4	0.0	0.0
-dru	0.00598802395209	0.994011976048	0.0	0.0
-ase	0.180987389595	0.728901822637	0.0755603206208	0.0145504671466
-rel	0.0	1.0	0.0	0.0
-asa	0.313781464039	0.272517449131	0.11692560541	0.296775481421
-aso	0.296236210123	0.161049217573	0.0430414027893	0.499673169514
-asi	0.203669600768	0.188909587656	0.258779325249	0.348641486327
-930	0.0	0.25	0.0	0.75
-mba	0.0594671858629	0.770193462072	0.0194526570988	0.150886694967
-asu	0.496974056761	0.29379923485	0.0562917167835	0.152934991606
-lsa	0.0	1.0	0.0	0.0
-130	0.0	0.30303030303	0.0	0.69696969697
-oan	0.0	1.0	0.0	0.0
-lta	0.0188310673543	0.974683544304	0.000937646507267	0.00554774183466
-tdu	0.142857142857	0.857142857143	0.0	0.0
-067	0.0	0.25	0.0	0.75
-pka	0.0	1.0	0.0	0.0
-wga	0.0	1.0	0.0	0.0
-sąį	0.285714285714	0.714285714286	0.0	0.0
-hąę	1.0	0.0	0.0	0.0
-ąga	0.723918575064	0.276081424936	0.0	0.0
-ągo	0.222292847432	0.409237777425	0.0214524074368	0.347016967707
-dia	0.0555256309012	0.904404749716	0.0338289160413	0.00624070334096
-430	0.338028169014	0.0892018779342	0.00938967136151	0.56338028169
-rar	0.0	1.0	0.0	0.0
-ras	0.0364157119476	0.951309328969	0.0122749590835	0.0
-ągi	0.690690690691	0.203603603603	0.036036036036	0.0696696696696
-435	0.0	1.0	0.0	0.0
-ran	0.0535362073823	0.935193012116	0.0112707805015	0.0
-eri	0.0	1.0	0.0	0.0
-ral	0.046511627907	0.705426356589	0.248062015504	0.0
-ram	0.0335345915776	0.899130077715	0.0415190181437	0.0258163125637
-rak	0.106357647432	0.844273355028	0.00952456544169	0.0398444320978
-iwe	0.464449201779	0.232059193577	0.048579941261	0.254911663384
-ǫlǫ	0.417845484222	0.094668117519	0.461371055495	0.0261153427639
-era	0.00811084825955	0.972963839135	0.00811084825956	0.0108144643461
-iwi	0.0	0.545454545455	0.454545454545	0.0
-ere	0.0418763355622	0.574515751017	0.0444612945475	0.339146618874
-ugu	0.407903891701	0.419797778205	0.154846066271	0.0174522638228
-gem	0.0	1.0	0.0	0.0
-ęsę	0.6	0.4	0.0	0.0
-iya	0.181134259259	0.619791666667	0.0185185185185	0.180555555556
-ųnu	0.0	1.0	0.0	0.0
-uka	0.0	1.0	0.0	0.0
-pot	0.4	0.5	0.1	0.0
-pou	0.281984125929	0.651428533443	0.063516226385	0.00307111424279
-245	0.0	0.013698630137	0.164383561644	0.821917808219
-pok	0.0	0.932584269663	0.067415730337	0.0
-uge	0.479489164087	0.264512383901	0.0864938080496	0.169504643963
-poi	0.232260582928	0.721287300486	0.0464521165857	0.0
-240	0.25	0.25	0.5	0.0
-uga	0.0713109180399	0.180746627853	0.0241067299662	0.72383572414
-242	0.0	1.0	0.0	0.0
-ugo	0.474925014303	0.206301178447	0.0314386469923	0.287335160258
-ęsą	0.142857142857	0.571428571429	0.285714285714	0.0
-poa	0.117525270978	0.274144440385	0.58458165875	0.0237486298868
-322	0.0	1.0	0.0	0.0
-323	0.0	1.0	0.0	0.0
-ugi	0.583126764302	0.215703135708	0.0355033564033	0.165666743586
-pam	0.078947368421	0.921052631579	0.0	0.0
-lae	0.813179347826	0.186820652174	0.0	0.0
-ike	0.0	1.0	0.0	0.0
-aha	0.0	1.0	0.0	0.0
-119	0.0	0.0	0.0	1.0
-187	0.0	0.2	0.0	0.8
-500	0.0813970697053	0.134971141039	0.0651176557643	0.718514133491
-iko	0.0145963658028	0.979743818886	0.00297885016384	0.00268096514745
-lam	0.012429936942	0.973177504494	0.011121522527	0.00327103603736
-nor	0.0	1.0	0.0	0.0
-ędu	0.112266112266	0.775467775468	0.074844074844	0.037422037422
-not	0.0287254728654	0.653747569383	0.171027046138	0.146499911614
-nou	0.0182392143108	0.901788846019	0.0799719396703	0.0
-fon	0.0	1.0	0.0	0.0
-lak	0.0957792207792	0.858766233766	0.0227272727273	0.0227272727273
-lat	0.0374145020169	0.926535066352	0.0181226494144	0.0179277822164
-lau	0.0	0.379310344828	0.0	0.620689655172
-nok	0.120830711139	0.748898678414	0.103838892385	0.0264317180617
-iks	0.11884057971	0.837359098229	0.00901771336551	0.0347826086956
-nom	0.0	0.954545454545	0.0	0.0454545454547
-non	0.00396694214876	0.990082644628	0.00595041322314	0.0
-las	0.0465126422549	0.911372759027	0.0335850597371	0.00852953898085
-ois	0.0	1.0	0.0	0.0
-noa	0.00692041522492	0.989619377163	0.00346020761245	0.0
-ęde	0.186059706433	0.297815864771	0.0504341409262	0.465690287871
-rep	0.0630252100839	0.936974789916	0.0	0.0
-agi	0.198066553332	0.23453133008	0.153105014126	0.414297102462
-įao	0.62962962963	0.240740740741	0.0	0.12962962963
-dot	0.0394736842105	0.947368421053	0.0131578947368	0.0
-ahi	0.0	1.0	0.0	0.0
-myu	0.0	1.0	0.0	0.0
-boa	0.35625	0.45625	0.0468750000001	0.140625
-įai	0.538867924528	0.411320754717	0.00905660377357	0.0407547169811
-gel	0.370224693702	0.595867805959	0.033907500339	0.0
-bol	0.101677681749	0.85002541942	0.0045754956787	0.043721403152
-geb	0.0	0.566666666666	0.433333333334	0.0
-gea	0.528469545844	0.290528564661	0.115893888317	0.065108001178
-boo	0.121578568737	0.579151108218	0.0748175807612	0.224452742284
-boi	0.235434832646	0.503209506265	0.0174483656764	0.243907295413
-bok	0.0	1.0	0.0	0.0
-bot	0.0200668896321	0.979933110368	0.0	0.0
-bou	0.25	0.5	0.25	0.0
-023	0.0	0.0	0.25	0.75
-bor	0.0338983050847	0.966101694915	0.0	0.0
-ųde	0.283058948487	0.608815719596	0.0468401486989	0.0612851832183
-don	0.00704832015038	0.9906022398	0.00234944005012	0.0
-180	0.0	0.0	0.0880503144654	0.911949685535
-dom	0.0238366134143	0.96778128077	0.0047149345215	0.00366717129451
-sut	0.5	0.5	0.0	0.0
-dok	0.00924214417746	0.975970425139	0.0147874306839	0.0
-get	0.00457317073171	0.995426829268	0.0	0.0
-sas	0.019053068249	0.717306402026	0.00879167254783	0.254848857177
-sar	0.0667208311791	0.930324740872	0.00221582096166	0.000738606987224
-sap	0.0129032258065	0.98064516129	0.00645161290323	0.0
-sav	0.4	0.0	0.0	0.6
-sau	0.0610831831547	0.836668879825	0.0902968794461	0.0119510575737
-sat	0.0	1.0	0.0	0.0
-ton	0.0	0.871886120996	0.0	0.128113879004
-ibu	0.05513638971	0.798780070892	0.031690884301	0.114392655097
-tol	0.0356788899901	0.934588701685	0.0297324083251	0.0
-tom	0.0	1.0	0.0	0.0
-olu	0.093210406373	0.764848027562	0.0801149975071	0.0618265685574
-rai	0.0352941176471	0.964705882353	0.0	0.0
-fus	0.060606060606	0.939393939394	0.0	0.0
-lfa	0.054730258014	0.87881157154	0.0664581704457	0.0
-oli	0.0459847078706	0.0214838096103	0.00439180362093	0.928139678898
-tot	0.0	1.0	0.0	0.0
-ibo	0.256833504412	0.276024277449	0.0838367425857	0.383305475553
-tor	0.0	1.0	0.0	0.0
-ibi	0.190579448938	0.683403924572	0.0520422646271	0.0739743618627
-sae	0.203883495146	0.621359223301	0.0145631067961	0.160194174757
-olo	0.186896956995	0.233088505918	0.0544068667479	0.525607670339
-sak	0.00683371298405	0.989749430524	0.00341685649203	0.0
-ola	0.496386180834	0.333116797262	0.0209735629529	0.149523458952
-sai	0.478423459894	0.19697122352	0.140276069253	0.184329247334
-deo	0.0110781161048	0.950840859785	0.0156939978152	0.0223870262951
-vol	0.0664977834072	0.884103863205	0.034198860038	0.0151994933502
-ole	0.127262483797	0.811352236464	0.0547649145337	0.00662036520472
-sam	0.0325203252033	0.951219512195	0.00813008130081	0.00813008130082
-efa	0.0	1.0	0.0	0.0
-rot	0.0319816715406	0.924432357926	0.0318512861587	0.0117346843743
-812	0.0	1.0	0.0	0.0
-lom	0.0315374507227	0.956636005256	0.011826544021	0.0
-iem	0.0	1.0	0.0	0.0
-iel	0.0547802001866	0.916085760763	0.013951511658	0.0151825273925
-ieo	0.185185185185	0.814814814815	0.0	0.0
-loi	0.0	0.974358974359	0.0	0.025641025641
-loe	0.0810810810811	0.891891891892	0.0	0.027027027027
-720	0.0	1.0	0.0	0.0
-loa	0.238532110092	0.350458715596	0.366972477064	0.0440366972477
-roe	0.0	1.0	0.0	0.0
-roa	0.0	1.0	0.0	0.0
-603	0.689655172414	0.310344827586	0.0	0.0
-ava	0.0	1.0	0.0	0.0
-162	0.0	0.2	0.0	0.8
-rom	0.0686793688922	0.686447926334	0.21693872723	0.0279339775436
-lot	0.0149338643152	0.950931588679	0.0234675010667	0.0106670459394
-185	0.0	0.352941176471	0.117647058823	0.529411764706
-los	0.046992481203	0.922932330827	0.0	0.0300751879699
-rok	0.0	1.0	0.0	0.0
-rdu	0.0	0.935064935065	0.0649350649349	0.0
-956	0.0	0.0	0.0	1.0
-sal	0.0	1.0	0.0	0.0
-efo	0.0	1.0	0.0	0.0
-vsa	0.0	1.0	0.0	0.0
-win	0.0346921075455	0.78761925412	0.0352341717259	0.142454466609
-rte	0.0142857142857	0.985714285714	0.0	0.0
-ipa	0.04114490161	0.937388193202	0.0143112701252	0.00715563506261
-mso	0.0	1.0	0.0	0.0
-ham	0.0757001525816	0.912794703943	0.0078136535906	0.00369148988532
-rde	0.147489539749	0.751046025105	0.0617154811716	0.0397489539749
-ewe	0.522703429125	0.257127369696	0.0581274683784	0.1620417328
-kek	0.176470588235	0.823529411765	0.0	0.0
-rda	0.0	1.0	0.0	0.0
-aot	0.0	1.0	0.0	0.0
-ewa	0.234586466165	0.332330827068	0.433082706767	0.0
-lgo	0.0930293415711	0.828593090084	0.0541149198372	0.0242626485082
-ewi	0.190476190476	0.65873015873	0.150793650794	0.0
-mai	0.1308496676	0.678047920609	0.125791831909	0.0653105798809
-awi	0.105156042561	0.528392653508	0.341556161918	0.0248951420121
-ite	0.558252427184	0.368932038835	0.0	0.0728155339807
-284	0.0	0.0	0.0	1.0
-awa	0.417685562554	0.47980733605	0.0926268988514	0.00988020254416
-toa	0.0	1.0	0.0	0.0
-har	0.0	1.0	0.0	0.0
-awe	0.291616908658	0.212141211764	0.0478794580839	0.448362421494
-pba	0.117019368723	0.853389526542	0.00941535150647	0.0201757532281
-440	0.0	0.454545454545	0.0	0.545454545455
-sup	0.0192012288786	0.980798771121	0.0	0.0
-830	0.0	1.0	0.0	0.0
-kor	0.0	1.0	0.0	0.0
-170	0.0	0.2	0.8	0.0
-mam	0.0	1.0	0.0	0.0
-372	0.0	0.2	0.0	0.8
-lal	0.0	1.0	0.0	0.0
-mal	0.0	1.0	0.0	0.0
-kde	0.22382728221	0.673082143827	0.0529384028462	0.0501521711175
-6de	0.0	0.0	1.0	0.0
-ęąo	0.707584188541	0.193574817294	0.0232176061865	0.0756233879785
-ido	0.0	1.0	0.0	0.0
-276	0.0	0.235294117647	0.0	0.764705882353
-ato	0.0	0.459459459459	0.540540540541	0.0
-273	0.266666666666	0.2	0.0	0.533333333333
-kdu	0.203007518797	0.751879699248	0.0	0.0451127819549
-uąį	0.0	0.666666666667	0.333333333333	0.0
-oba	0.298843388695	0.241992371053	0.125733670439	0.333430569814
-ail	0.0400890868597	0.933184855234	0.0	0.0267260579065
-oąi	0.0	0.4	0.0	0.6
-toi	0.0	1.0	0.0	0.0
-725	0.0	1.0	0.0	0.0
-sta	0.168024003429	0.816545220746	0.00257179597085	0.0128589798542
-ąųą	0.0	1.0	0.0	0.0
-obo	0.310970682954	0.522229322756	0.0580410550855	0.108758939204
-tov	0.205128205128	0.589743589744	0.205128205128	0.0
-ųwa	0.0654205607477	0.841121495327	0.0467289719626	0.0467289719626
-ilo	0.00263504611331	0.99209486166	0.0	0.00527009222661
-iki	0.724137931034	0.206896551724	0.0	0.0689655172413
-eyu	0.324493309341	0.144525174008	0.029662929698	0.501318586953
-dai	0.590188956497	0.168192668779	0.111349981372	0.130268393351
-209	0.0	1.0	0.0	0.0
-apu	0.142857142857	0.857142857143	0.0	0.0
-eya	0.608695652174	0.217391304348	0.0869565217391	0.0869565217391
-200	0.0265633164954	0.232276606863	0.033095279568	0.708064797074
-svi	0.0	1.0	0.0	0.0
-ngo	0.0642093979703	0.859028187873	0.043598050919	0.0331643632381
-ąde	0.147371623156	0.186313943671	0.0368964247943	0.629418008378
-sęa	0.0	1.0	0.0	0.0
-207	0.0	1.0	0.0	0.0
-ǫli	0.350649350649	0.441558441558	0.0	0.207792207792
-iok	0.0770658600303	0.892685274302	0.00584353086759	0.0244053348
-lek	0.0320440968971	0.94065907982	0.0261100048791	0.0011868184036
-lel	0.0	1.0	0.0	0.0
-ion	0.0605240363794	0.861736682547	0.0214378518839	0.0563014291902
-len	0.0	1.0	0.0	0.0
-mum	0.0	1.0	0.0	0.0
-lea	0.0385748572174	0.816769428217	0.144655714565	0.0
-muo	0.426851576007	0.274873803668	0.125983311226	0.1722913091
-mun	0.397058823529	0.470588235294	0.132352941176	0.0
-ptu	0.0	1.0	0.0	0.0
-017	0.0	0.0	0.0	1.0
-mut	0.0	1.0	0.0	0.0
-gųǫ	0.501886792453	0.11320754717	0.294339622642	0.0905660377359
-ibe	0.374660972503	0.281941010464	0.240378611923	0.10301940511
-ios	0.0	0.960264900662	0.0397350993377	0.0
-ior	0.0	1.0	0.0	0.0
-oim	0.0	0.951219512195	0.0487804878048	0.0
-obe	0.517285563554	0.263167365505	0.101392534097	0.118154536844
-oik	0.161290322581	0.41935483871	0.41935483871	0.0
-tup	0.0	1.0	0.0	0.0
-lev	0.0	1.0	0.0	0.0
-iot	0.02227880331	0.976235943136	0.0	0.001485253554
-288	0.25	0.0	0.25	0.5
-ifa	0.0	1.0	0.0	0.0
-sao	0.590483849138	0.180688157744	0.0361354222239	0.192692570894
-alu	0.532729082418	0.335544664389	0.047420008983	0.08430624421
-ndu	0.0492813141683	0.716632443532	0.135523613963	0.0985626283366
-wau	0.441860465116	0.446511627907	0.0558139534884	0.0558139534884
-iba	0.287592712359	0.35233138322	0.0528764677931	0.307199436628
-gio	0.422989526611	0.293161412616	0.0724199117991	0.211429148973
-alo	0.375400229184	0.464276692875	0.13629431196	0.0240287659814
-gim	0.0	1.0	0.0	0.0
-top	0.0	1.0	0.0	0.0
-fai	0.0	1.0	0.0	0.0
-ndo	0.121134020618	0.873711340206	0.00515463917527	0.0
-ali	0.318621040016	0.104329839908	0.030886312087	0.546162807989
-waį	0.430051813472	0.419689119171	0.119170984456	0.0310880829016
-ale	0.0800078612489	0.475133886896	0.430216675674	0.0146415761804
-nde	0.164067553989	0.679269954441	0.0490000412922	0.107662450277
-gia	0.339135219584	0.196708305674	0.112434232196	0.351722242546
-ala	0.696554288586	0.178554886212	0.0367885765952	0.0881022486074
-lon	0.0252446930718	0.89505499539	0.0220060646842	0.0576942468541
-655	0.0	0.2	0.0	0.8
-120	0.141666666667	0.05	0.0	0.808333333333
-ęąį	0.0	1.0	0.0	0.0
-122	0.0	1.0	0.0	0.0
-123	0.0	0.333333333333	0.0	0.666666666667
-ąyu	0.433093088017	0.29102977301	0.0993525339231	0.17652460505
-abu	0.208678112236	0.379762384641	0.149830836219	0.261728666904
-128	0.0	0.0	0.0	1.0
-dat	0.0119047619048	0.882275132275	0.0978835978835	0.00793650793652
-hąe	0.625	0.25	0.125	0.0
-mla	0.0	1.0	0.0	0.0
-yon	0.0810810810811	0.864864864865	0.0	0.0540540540541
-tla	0.0	1.0	0.0	0.0
-lok	0.0772303595206	0.838881491345	0.0	0.0838881491344
-gwa	0.0772918629042	0.524232203941	0.0299447061414	0.368531227013
-rti	0.298507462687	0.402985074627	0.149253731343	0.149253731343
-318	0.0	0.333333333333	0.666666666667	0.0
-ror	0.0	1.0	0.0	0.0
-rie	0.0	1.0	0.0	0.0
-pel	0.00443773669429	0.97108471564	0.0130822237881	0.0113953238775
-pen	0.0695847362513	0.786756453423	0.127946127946	0.0157126823793
-ros	0.0365853658537	0.963414634146	0.0	0.0
-ogu	0.221917808219	0.728767123288	0.0328767123288	0.0164383561644
-elu	0.61455288071	0.246826168754	0.0831725703218	0.0554483802144
-ogi	0.371598385354	0.343989025813	0.0362796683598	0.248132920473
-150	0.10447761194	0.134328358209	0.0	0.761194029851
-153	0.245454545455	0.0545454545455	0.0	0.7
-eli	0.0501305056998	0.107297655865	0.0344758098388	0.808096028596
-dįą	0.363636363636	0.309090909091	0.0727272727273	0.254545454546
-elo	0.0899470899471	0.559082892416	0.324514991182	0.026455026455
-ogo	0.243650561556	0.434604254231	0.0423705137111	0.279374670501
-156	0.0	1.0	0.0	0.0
-oga	0.545761960197	0.339486667775	0.0426852929763	0.072066079051
-ori	0.0	1.0	0.0	0.0
-ela	0.371823165995	0.181248022803	0.0979507081832	0.348978103019
-oge	0.175059952038	0.395683453237	0.410071942446	0.0191846522782
-ele	0.148591751342	0.772135182778	0.0592041996235	0.0200688662568
-pne	0.0	0.857142857143	0.0	0.142857142857
-hul	0.0	1.0	0.0	0.0
-pna	0.0	0.946666666667	0.0533333333333	0.0
-iąo	0.494289073128	0.337606679405	0.0586924854981	0.109411761969
-dią	0.628825094668	0.171220959984	0.032749974414	0.167203970934
-ądi	0.0	1.0	0.0	0.0
-pni	0.030612244898	0.959183673469	0.0102040816327	0.0
-ter	0.0	0.970297029703	0.029702970297	0.0
-550	0.490566037736	0.509433962264	0.0	0.0
-ero	0.134529147982	0.838565022421	0.0269058295965	0.0
-tią	0.306655488198	0.151296272411	0.0274087450019	0.514639494389
-esi	0.0824271732533	0.366098892431	0.482380895707	0.069093038609
-721	0.0	0.2	0.0	0.8
-ądu	0.217948717949	0.647435897436	0.0384615384615	0.0961538461538
-fek	0.0	1.0	0.0	0.0
-esa	0.415503746034	0.331210191083	0.151848848903	0.10143721398
-tųa	0.0	0.0	0.0	1.0
-832	0.0	0.333333333333	0.0	0.666666666667
-ese	0.133588402379	0.0974666550361	0.106146422065	0.662798520519
-ita	0.0153101479491	0.95280715932	0.0118827883668	0.0199999043639
-spa	0.00577923328839	0.980735889039	0.0115584665768	0.00192641109613
-rsi	0.0	1.0	0.0	0.0
-spe	0.0	1.0	0.0	0.0
-bru	0.010945576163	0.914563697172	0.070842201277	0.00364852538765
-udu	0.229143390213	0.583565989146	0.0719500971522	0.115340523488
-tir	0.0	1.0	0.0	0.0
-105	0.0	1.0	0.0	0.0
-fan	0.029004189494	0.9178214631	0.0531743474057	0.0
-ęnu	0.258423674187	0.286258423674	0.326106065045	0.129211837093
-nki	0.0760451356332	0.905577289922	0.0108635908047	0.00751398363996
-far	0.0	0.95652173913	0.0434782608696	0.0
-fas	0.0359508041627	0.964049195837	0.0	0.0
-uda	0.0542764099255	0.801303476227	0.101642526085	0.0427775877622
-fat	0.0140607167313	0.985939283269	0.0	0.0
-ude	0.161789660181	0.514330293967	0.0582670816009	0.265612964252
-ęna	0.621262107465	0.259759250244	0.0211856556786	0.0977929866126
-udi	0.201504890896	0.127106847254	0.271049661399	0.400338600451
-gęo	0.8	0.0999999999999	0.0999999999999	0.0
-hum	0.072072072072	0.927927927928	0.0	0.0
-tal	0.0	0.208333333333	0.791666666667	0.0
-hui	0.436363636364	0.363636363636	0.145454545455	0.0545454545454
-125	0.0	0.0909090909091	0.0	0.909090909091
-huk	0.561278863233	0.401420959147	0.0159857904085	0.0213143872114
-uha	0.061224489796	0.938775510204	0.0	0.0
-abe	0.266121881236	0.13244616701	0.0136685201226	0.587763431632
-ait	0.0	1.0	0.0	0.0
-aba	0.246918439831	0.245452367535	0.085794471108	0.421834721526
-woo	0.304558494526	0.186055681702	0.0269469632036	0.482438860568
-geo	0.233853006682	0.532293986637	0.200445434298	0.033407572383
-hut	0.0361173814898	0.96388261851	0.0	0.0
-ęao	0.620024494795	0.361604409063	0.00153092467851	0.0168401714636
-abo	0.31965186136	0.346806848177	0.0604236772842	0.273117613178
-ęai	0.693435346031	0.20736028982	0.0163497638367	0.0828546003128
-ron	0.00525143220878	0.988064926798	0.00381922342456	0.00286441756843
-hur	0.0	1.0	0.0	0.0
-337	0.255102040816	0.668367346939	0.0	0.076530612245
-tua	0.266103484688	0.592529039071	0.0	0.141367476241
-fam	0.0	0.958041958042	0.041958041958	0.0
-koa	0.0	1.0	0.0	0.0
-tue	0.168321778777	0.831678221223	0.0	0.0
-vat	0.0	1.0	0.0	0.0
-kom	0.0661157024795	0.785123966942	0.123966942149	0.0247933884297
-kol	0.187588152327	0.802538787024	0.0	0.00987306064881
-900	0.0645161290322	0.0645161290322	0.0	0.870967741936
-kon	0.0697674418604	0.790697674419	0.139534883721	0.0
-tul	0.2	0.8	0.0	0.0
-ael	0.0105114546871	0.978264381382	0.00541578492786	0.00580837900256
-sos	0.09009009009	0.846846846847	0.0	0.0630630630631
-sor	0.00476190476191	0.990476190476	0.00476190476191	0.0
-som	0.0	1.0	0.0	0.0
-sol	0.0238197031699	0.929884566054	0.00687106822206	0.0394246625542
-tur	0.0	1.0	0.0	0.0
-son	0.0345246778507	0.949428640895	0.00437636761488	0.0116703136397
-kop	0.0106100219443	0.971392773597	0.00532311681163	0.0126740876468
-kos	0.0416988416988	0.939768339768	0.0185328185328	0.0
-gan	0.0	1.0	0.0	0.0
-ora	0.0151553422582	0.965142712806	0.0090932053549	0.0106087395807
-van	0.0	1.0	0.0	0.0
-7de	0.0	1.0	0.0	0.0
-ore	0.255813953489	0.697674418605	0.0	0.046511627907
-tna	0.0769230769231	0.846153846154	0.0769230769231	0.0
-dgo	0.285714285714	0.714285714286	0.0	0.0
-127	0.0	0.171428571428	0.0	0.828571428572
-gwą	0.093896713615	0.81220657277	0.0938967136151	0.0
-lit	0.0	1.0	0.0	0.0
-rus	0.0414037514046	0.914512922465	0.0264499956781	0.0176333304521
-liv	0.0346311613207	0.848138434986	0.11364400511	0.00358639858338
-pla	0.0526315789473	0.947368421053	0.0	0.0
-lip	0.0205770521136	0.963319167971	0.00894654439723	0.00715723551778
-omu	0.239630612266	0.195149038922	0.0136067154932	0.551613633319
-lis	0.0364741641337	0.854103343465	0.0455927051672	0.063829787234
-ruk	0.193212495179	0.803316621674	0.0	0.00347088314693
-omi	0.0819672131147	0.754098360656	0.0	0.16393442623
-lio	0.554162318349	0.216182241094	0.0655176851191	0.164137755438
-omo	0.09866406364	0.599963802323	0.126420144886	0.174951989151
-bil	0.0	1.0	0.0	0.0
-yąo	0.32778559967	0.404906280461	0.0811271031217	0.186181016748
-sbi	0.0	0.857142857143	0.142857142857	0.0
-oma	0.345240858107	0.42291594806	0.133474884385	0.098368309449
