-eut	0.480549914076	0.267926886424	0.120293704109	0.131229495391
-hem	0.0680387614762	0.866590663772	0.0	0.0653705747516
-hen	0.770252754375	0.0855476344783	0.0126377187297	0.131561892417
-ank	0.187405857741	0.190376569038	0.0433054393305	0.578912133891
-hek	0.40203353696	0.20827354352	0.193206510598	0.196486408921
-aan	0.208731402881	0.409417610695	0.1941199089	0.187731077524
-ois	0.0	1.0	0.0	0.0
-lem	0.0208240698266	0.922791601793	0.0154577967754	0.0409265316047
-ufu	0.584828711256	0.0636215334421	0.128058727569	0.223491027732
-oye	0.307932834811	0.182956618908	0.0351069761917	0.474003570089
-aut	0.00618556701032	0.388659793814	0.309278350515	0.29587628866
-oya	0.811953931692	0.176131850675	0.011914217633	0.0
-oyo	0.329933169187	0.557509672881	0.0914526908196	0.0211044671122
-umi	0.0839987077122	0.434162551345	0.132921031984	0.348917708958
-mub	0.37652831769	0.343044163033	0.174612856532	0.105814662746
-bte	0.359728592564	0.344830828739	0.0891494645129	0.206291114185
-nso	0.380954332193	0.455571718331	0.0590055112787	0.104468438198
-bta	0.377657940486	0.2327406799	0.0728985383061	0.316702841308
-ufa	0.260900140647	0.739099859353	0.0	0.0
-aai	0.146767617938	0.515162104446	0.116482236459	0.221588041157
-lea	0.500187837051	0.13749226699	0.0315368360783	0.330783059881
-aui	0.0994460085369	0.806557079284	0.00272454817909	0.0912723639996
-nse	0.250266998932	0.499940666904	0.0201732526403	0.229619081524
-nsa	0.217508208909	0.38053404374	0.263304627966	0.138653119385
-auo	0.227625452664	0.648215209519	0.0724262803932	0.0517330574236
-nti	0.333131108864	0.202089652848	0.0283114256825	0.436467812605
-uae	0.277090549233	0.68085106383	0.0	0.0420583869372
-nto	0.263006611095	0.319057200345	0.0229951135384	0.394941075022
-nak	0.739961759082	0.231357552581	0.0286806883365	0.0
-nta	0.207142857143	0.792857142857	0.0	0.0
-nte	0.439705693883	0.191142644163	0.0751595004431	0.293992161511
-dli	0.396969059145	0.315572661395	0.0210482003789	0.266410079081
-uao	0.709071949948	0.290928050052	0.0	0.0
-uan	0.337048832272	0.334925690021	0.207006369427	0.12101910828
-les	0.0105596620908	0.978880675818	0.0105596620908	0.0
-wat	0.262753328632	0.121246422498	0.0299742834626	0.586025965407
-uau	0.301829268293	0.385670731707	0.265243902439	0.047256097561
-muk	0.0729405763836	0.893904616169	0.00459066564651	0.0285641418006
-nan	0.274283411686	0.587126930826	0.0425520483546	0.0960376091336
-bib	0.227238574563	0.247712674815	0.0425408889895	0.482507861633
-kie	0.136222910217	0.839009287926	0.0247678018576	0.0
-sis	0.0180586907449	0.900677200903	0.0541760722348	0.0270880361174
-sme	0.0579862941486	0.942013705851	0.0	0.0
-sma	0.291406822155	0.0894032619329	0.0338274521962	0.585362463716
-dla	0.589357223023	0.244220718417	0.0	0.16642205856
-gke	0.0152749490835	0.600814663951	0.246435845214	0.137474541752
-msa	0.184301250715	0.610386662544	0.00828985545386	0.197022231287
-imu	0.3719748753	0.223258821356	0.183308701275	0.221457602069
-mse	0.0158450704225	0.941901408451	0.0105633802817	0.0316901408451
-oku	0.386039132734	0.550502379693	0.0317292437864	0.0317292437864
-dei	0.951856946355	0.0481430536451	0.0	0.0
-dek	0.333170493405	0.466536394724	0.131900341964	0.0683927699071
-gki	0.0726757904671	0.90353940538	0.00113260972157	0.0226521944314
-den	0.0293973542381	0.882410583048	0.0881920627143	0.0
-400	0.127826941986	0.172074729597	0.0176991150442	0.682399213373
-ima	0.208125779982	0.197371133547	0.0817226376496	0.512780448822
-oko	0.37178742188	0.326795161419	0.0579484202105	0.24346899649
-ime	0.127655289432	0.382461657308	0.0981103955934	0.391772657667
-kim	0.250734312417	0.479906542056	0.053738317757	0.21562082777
-oke	0.147186458151	0.545013708909	0.0327518918003	0.27504794114
-sit	0.440949385187	0.348012582213	0.159565341721	0.0514726908779
-oka	0.319878063148	0.479927544769	0.11102438737	0.0891700047125
-imo	0.112605841538	0.222350794165	0.00853794811582	0.656505416182
-bit	0.0	0.973845952661	0.0	0.0261540473388
-obi	0.401653835621	0.370392234428	0.0831117061741	0.144842223777
-obo	0.232655941887	0.217673938486	0.0531140559575	0.496556063669
-let	0.0452771014277	0.862799000701	0.00308663665463	0.0888372612163
-oba	0.312856144856	0.244907702926	0.0560672146999	0.386168937518
-obe	0.31238627585	0.315546682081	0.089206107215	0.282860934855
-tli	0.41388518024	0.405874499332	0.0333778371161	0.146862483311
-bie	0.270543197844	0.100621775024	0.03311117011	0.595723857022
-tlo	0.380226020152	0.31395089907	0.0187886210544	0.287034459723
-bia	0.465763046032	0.117817316656	0.0242356668795	0.392183970432
-bio	0.378872247855	0.29342113474	0.0838004351232	0.243906182282
-tla	0.406900473326	0.340678834864	0.0207430662897	0.23167762552
-bim	0.386375661376	0.249338624339	0.288888888889	0.0753968253968
-tle	0.497313250686	0.160059276601	0.0761006955038	0.266526777208
-obu	0.295053385323	0.288476504876	0.10397937947	0.31249073033
-bba	0.369106406038	0.285862212906	0.084223173583	0.260808207473
-uta	0.0475586556753	0.882688649334	0.0697526949904	0.0
-tet	0.109555690809	0.794583079732	0.0578210590384	0.0380401704199
-bbe	0.331024930748	0.392659279778	0.276315789474	0.0
-ute	0.183423541633	0.195287299765	0.0213219616205	0.599967196982
-bbi	0.437735192104	0.467585338744	0.0337471375196	0.0609323316326
-uti	0.125727590221	0.85681024447	0.0139697322468	0.0034924330617
-uto	0.223226772243	0.373309094364	0.02550421575	0.377959917643
-tea	0.717632027257	0.134156729131	0.0562180579216	0.09199318569
-teb	0.143192490589	0.389868940708	0.37736811909	0.0895704496126
-bbu	0.395026612482	0.3722774472	0.0704359081328	0.162260032185
-nas	0.0316584967321	0.925449346405	0.0367647058824	0.00612745098039
-tek	0.345381741958	0.595536729499	0.0	0.0590815285431
-tem	0.0810750063353	0.0785559808884	0.0101505260632	0.830218486713
-ten	0.399980401537	0.367741983069	0.0448815346651	0.187396080729
-teo	0.697372220618	0.29454230436	0.0	0.00808547502166
-met	0.323164775879	0.180913016522	0.0159108955045	0.480011312094
-mes	0.575894039735	0.157880794702	0.00794701986754	0.258278145695
-lut	0.036	0.536	0.348	0.08
-luk	0.0314960629921	0.889763779528	0.0	0.0787401574803
-mea	0.56895841263	0.135474908905	0.0190741964328	0.276492482032
-lum	0.315670147242	0.308352121724	0.199828700263	0.176149030771
-meb	0.31613369383	0.14472616772	0.0274327200603	0.51170741839
-mem	0.385179201464	0.19413392889	0.0392496941042	0.381437175543
-mel	0.0677271217778	0.858450720536	0.0181022809943	0.0557198766916
-meo	0.308128704384	0.327305762238	0.0931369113786	0.271428622
-men	0.214697025489	0.398928447512	0.100193180123	0.286181346876
-mei	0.0791842809745	0.78350163826	0.0520935616906	0.0852205190751
-lue	0.0664819944598	0.92243767313	0.0	0.01108033241
-mek	0.0	1.0	0.0	0.0
-aye	0.234120170182	0.468214208063	0.0559864278327	0.241679193922
-tye	0.0594059405941	0.940594059406	0.0	0.0
-aya	0.618393234672	0.265063424947	0.0105708245243	0.105972515856
-nwe	0.299060800791	0.439940682155	0.135936727632	0.125061789422
-ayo	0.400157024942	0.392330118519	0.0582001827152	0.149312673824
-tyu	0.0	1.0	0.0	0.0
-neo	0.542313515793	0.196749448904	0.069439644164	0.191497391139
-aua	0.111111111111	0.888888888889	0.0	0.0
-ubu	0.22903453136	0.605747396445	0.0391512019419	0.126066870253
-ubi	0.324707550514	0.490960652251	0.0992555831266	0.0850762141084
-ubo	0.349879129372	0.0669009138443	0.0198820175497	0.563337939234
-aue	0.113712374582	0.765886287625	0.120401337793	0.0
-ili	0.0700063667213	0.530504635738	0.129615450001	0.26987354754
-ube	0.5059966573	0.257700148769	0.125222693629	0.111080500303
-umu	0.504293830096	0.249966970538	0.0845554234377	0.161183775928
-ota	0.16349048837	0.138368643368	0.0467169401027	0.651423928159
-ote	0.130801432504	0.695984200041	0.10754682217	0.0656675452856
-ebi	0.404731169206	0.327418995691	0.0697578897956	0.198091945307
-oti	0.0673094305513	0.740283217837	0.136426634528	0.0559807170835
-eba	0.456084990777	0.236026082529	0.0457665208529	0.262122405841
-oto	0.133053252388	0.557939895103	0.182171041821	0.126835810688
-ume	0.0313260376242	0.759575145789	0.0539809339251	0.155117882662
-uma	0.257401749026	0.533558107681	0.139500579496	0.0695395637973
-otu	0.146791208166	0.753735534135	0.0171671073957	0.0823061503028
-kba	0.300731831091	0.457149598027	0.191638251084	0.0504803197978
-umo	0.111062562073	0.456268553124	0.132013769082	0.300655115721
-nha	0.462216471387	0.35665936097	0.0364690458894	0.144655121753
-ako	0.0906732814602	0.0498101854537	0.0371808216904	0.822335711396
-kib	0.0874098102822	0.113981321849	0.0488305165228	0.749778351345
ALL	0.21921084505	0.266912013415	0.0504704037348	0.4634067378
-nai	0.246595534738	0.279766190757	0.0287655191976	0.444872755308
-dlo	0.254956214166	0.142567818125	0.0141198619391	0.588356105771
-nao	0.162277106699	0.477326173657	0.0583554990491	0.302041220595
-aki	0.0787981406736	0.19474005364	0.063137117342	0.663324688344
-nam	0.595613985966	0.221451494096	0.0726961795759	0.110238340362
-nab	0.0304382652477	0.929110882252	0.0308387687379	0.00961208376245
-ake	0.0360073970016	0.311978847495	0.0347142583008	0.617299497203
-naa	0.206896551724	0.680250783699	0.0752351097179	0.0376175548589
-kin	0.158800499902	0.291314768587	0.0786035740424	0.471281157469
-aka	0.0285719401479	0.132730460895	0.00129721707013	0.837400381887
-kil	0.48383728372	0.242771970403	0.0980092743339	0.175381471543
-kis	0.0403941761364	0.924982244318	0.00688032670454	0.0277432528409
-sio	0.0349099099099	0.887387387387	0.0777027027027	0.0
-sin	0.124800856424	0.0773548262366	0.122559933548	0.675284383791
-sim	0.132344997299	0.357481543725	0.217874077186	0.29229938179
-sil	0.222222222222	0.669250645995	0.0	0.108527131783
-sib	0.188776867229	0.591924589514	0.0285470981696	0.190751445087
-sia	0.160095127838	0.735665948192	0.0163404695011	0.0878984544688
-oae	0.0	1.0	0.0	0.0
-sie	0.0468580092718	0.931148117066	0.00702820990756	0.0149656637542
-mos	0.0131521262604	0.960543621219	0.0263042525208	0.0
-gol	0.0	0.761683231127	0.238316768873	0.0
-gon	0.0759493670886	0.893670886076	0.0303797468355	0.0
-gob	0.211670480549	0.448512585812	0.200228832952	0.139588100687
-god	0.0296919647023	0.88171993464	0.00693044977639	0.0816576508811
-las	0.0513972055889	0.920159680639	0.0127245508982	0.0157185628742
-moe	0.378763636364	0.560145454546	0.0140979020979	0.046993006993
-mob	0.343378012836	0.338593845897	0.174057600946	0.143970540321
-moa	0.363345556683	0.252789264258	0.0655379574004	0.318327221659
-moo	0.0442804428044	0.738007380074	0.217712177122	0.0
-mon	0.0791260890737	0.47437206181	0.282550906435	0.163950942682
-mom	0.367260296631	0.416000441087	0.0723658818989	0.144373380383
-mol	0.204225352113	0.669014084507	0.12676056338	0.0
-mok	0.0233145535667	0.473297342347	0.188542505912	0.314845598174
-moi	0.45443101712	0.238418932528	0.0503524672709	0.256797583082
-mfa	0.469618055556	0.411168981481	0.0477430555556	0.0714699074074
-bet	0.363690743233	0.591446089427	0.0314042171377	0.0134589502019
-yae	0.0500743678731	0.948438274665	0.0	0.00148735746158
-uai	0.144752714113	0.505428226779	0.132689987937	0.21712907117
-bei	0.375555741843	0.239647858017	0.0399655103245	0.344830889816
-ben	0.329833755289	0.484428943222	0.124391409805	0.0613458916842
-beo	0.370611281378	0.403391886915	0.088483649223	0.137513182485
-bel	0.120616075726	0.858000962618	0.0123985239852	0.00898443767046
-bem	0.0	1.0	0.0	0.0
-yam	0.156942664623	0.118096593292	0.188514309673	0.536446432412
-yal	0.0254567978222	0.781716152922	0.11737441159	0.0754526376655
-eoe	0.0458015267176	0.954198473282	0.0	0.0
-yan	0.271951241245	0.623260207082	0.0598791723843	0.0449093792882
-yai	0.0658616904501	0.909440175631	0.0246981339188	0.0
-eob	0.595637583893	0.0755033557047	0.102348993289	0.226510067114
-ofa	0.472531749578	0.181588848366	0.154387279987	0.191492122068
-iso	0.288203814885	0.586496187475	0.0352794939709	0.0900205036686
-kik	0.0885478158206	0.525383707202	0.0141676505313	0.371900826446
-amo	0.17799363157	0.339074831052	0.119416824279	0.363514713098
-isi	0.0079391333113	0.983129341713	0.0	0.0089315249752
-die	0.0	1.0	0.0	0.0
-uam	0.212548689336	0.574270975892	0.0947468154542	0.118433519318
-ise	0.369129718049	0.4428682865	0.129048312469	0.0589536829827
-isa	0.0848027861235	0.0639057692883	0.0215517699172	0.829739674671
-ual	0.616611747476	0.303886186516	0.0732255871124	0.00627647889533
-isu	0.229814697823	0.120108108512	0.016354589939	0.633722603725
-ist	0.0166689670549	0.957637465892	0.000318515294043	0.0253750517587
-haa	0.333629278879	0.242182105159	0.0660945052777	0.358094110684
-hab	0.0333982744225	0.966601725578	0.0	0.0
-oas	0.00408163265306	0.995918367347	0.0	0.0
-mas	0.0190065198595	0.976086059029	0.00163580703708	0.00327161407417
-mau	0.341463414634	0.5	0.0853658536585	0.0731707317073
-mat	0.378490501953	0.183475258174	0.231018058015	0.207016181858
-mai	0.427158273381	0.400479616307	0.142386091127	0.0299760191847
-mak	0.0255981595127	0.121317752248	0.102100750658	0.750983337582
-has	0.0137804317869	0.986219568213	0.0	0.0
-hat	0.0	0.920858248329	0.0	0.0791417516708
-mal	0.358235374211	0.411428312077	0.0270049471248	0.203331366586
-mao	0.136554411436	0.204594142256	0.570304126489	0.0885473198193
-man	0.122777635285	0.573849958823	0.211484967569	0.0918874383227
-maa	0.630681818182	0.232954545455	0.0681818181818	0.0681818181818
-mab	0.787108151379	0.168712439381	0.0149430354781	0.0292363737616
-mae	0.240668960411	0.233221549584	0.485606027612	0.0405034623927
-uno	0.309121580522	0.614669709333	0.0400095728257	0.0361991373185
-uni	0.638752052545	0.177339901478	0.0952380952381	0.0886699507389
-lae	0.0	1.0	0.0	0.0
-kge	0.173218325792	0.767392533937	0.0	0.0593891402715
-une	0.430341871936	0.23184510414	0.0190912341152	0.318721789809
-ung	0.0709755274958	0.826461099719	0.0339188310348	0.0686445417507
-una	0.308440402398	0.363420363027	0.0846979929584	0.243441241616
-eim	0.455198858507	0.183780140281	0.0779962035475	0.283024797665
-666	0.0	0.0	0.0	1.0
-ika	0.214146172903	0.693052273016	0.0255789772487	0.0672225768324
-gao	0.364854327639	0.482561848728	0.0607854256752	0.0917983979585
-gan	0.327439363081	0.280966487687	0.0851694130716	0.30642473616
-gam	0.371107211569	0.254487409882	0.213725448741	0.160679929808
-gai	0.0114653633292	0.203241896542	5.63032253131e-05	0.785236436903
-lal	0.0359712230216	0.937050359712	0.0	0.0269784172662
-144	0.0	0.0769230769231	0.0	0.923076923077
-gat	0.582051282051	0.36282051282	0.0474358974359	0.00769230769231
-gas	0.0	1.0	0.0	0.0
-ian	0.135893295054	0.496142113763	0.231772235181	0.136192356002
-seo	0.469606492115	0.253355790333	0.0497626703415	0.227275047211
-ini	0.246499859593	0.448115397179	0.118500455606	0.186884287622
-sem	0.047619047619	0.904761904762	0.047619047619	0.0
-sel	0.155649320954	0.515962247195	0.0240361786095	0.304352253242
-lbi	0.411891048149	0.527448880726	0.0270543238317	0.0336057472941
-sei	0.144130757801	0.0891530460624	0.454680534918	0.312035661218
-ino	0.290664383738	0.292968669517	0.0552164791439	0.361150467601
-ina	0.192266986751	0.119393708289	0.0542115912344	0.634127713726
-lba	0.0467324382465	0.877605518878	0.0712113344708	0.00445070840441
-seb	0.06706416498	0.926918658717	0.00109403205514	0.00492314424812
-sea	0.140511251535	0.104120520191	0.0172938954303	0.738074332844
-oun	0.05444646098	0.546279491833	0.399274047187	0.0
-beb	0.375321367545	0.0833276741611	0.0192274654439	0.52212349285
-oha	0.22081714875	0.106794151382	0.0134938458425	0.658894854026
-lbu	0.285589042253	0.637884185259	0.0399270117325	0.0365997607548
-set	0.0	1.0	0.0	0.0
-ses	0.0495117590427	0.940173291157	0.0	0.0103149498005
-yao	0.747336077358	0.206557727224	0.0147224344597	0.0313837609576
-iae	0.0602063989829	0.910150037456	0.00565742117066	0.0239861423903
-aam	0.0873776955654	0.636591539697	0.0649856398773	0.21104512486
-bea	0.393795228741	0.294811874444	0.0614828177416	0.249910079073
-bli	0.447206691989	0.104476974948	0.0778882676796	0.370428065383
-fua	0.356778797146	0.362895005097	0.0713557594292	0.208970438328
-iam	0.194495859509	0.219794508657	0.144492029453	0.441217602381
-iao	0.0742386251417	0.792659058031	0.00739952068363	0.125702796144
-fum	0.165328294757	0.645725082664	0.00944733112897	0.17949929145
-iai	0.104712041885	0.895287958115	0.0	0.0
-oon	0.786624203822	0.171974522293	0.0414012738854	0.0
-nen	0.47330197594	0.377626535574	0.0786766189227	0.0703948695624
-aob	0.196305442417	0.361502196851	0.0958917289374	0.346300631795
-fut	0.0611620795106	0.824159021407	0.0573394495413	0.0573394495414
-fos	0.0	1.0	0.0	0.0
-kub	0.412370988625	0.182253781988	0.0251451080403	0.380230121347
-ias	0.0596050098629	0.876607172565	0.0383582479739	0.0254295695986
-nei	0.441176470588	0.519607843137	0.0	0.0392156862745
-blu	0.415260341385	0.432319941217	0.0208833865892	0.131536330808
-fot	0.0659340659341	0.934065934066	0.0	0.0
-kum	0.0379887583268	0.0953968118461	0.065190070913	0.801424358914
-mta	0.189461883408	0.5033632287	0.127802690583	0.179372197309
-neb	0.490425360365	0.217909108931	0.0675547100457	0.224110820658
-nea	0.397800739759	0.0962205707547	0.0253282371784	0.480650452307
-hob	0.093989459022	0.536759553481	0.152585354405	0.216665633092
-bao	0.222988612306	0.645826428313	0.0946301996859	0.036554759695
-eka	0.0236345824233	0.0082532048475	0.00146291184288	0.966649300886
-bam	0.138623937079	0.570881556479	0.0558152370768	0.234679269365
-aak	0.097819211456	0.032961375016	0.0135611921802	0.855658221348
-eke	0.116308629655	0.695446189401	0.0723987604391	0.115846420505
-bai	0.185670414552	0.604872161351	0.0994497871598	0.110007636938
-hok	0.0	1.0	0.0	0.0
-eki	0.220400131191	0.266533794182	0.332719428817	0.180346645811
-bae	0.0539152759948	0.93324775353	0.00256739409499	0.01026957638
-eko	0.376170968771	0.297831509453	0.0694644927909	0.256533028985
-baa	0.351523577801	0.11683466574	0.0278067431352	0.503835013324
-hos	0.0527799869857	0.869857566337	0.012291229846	0.0650712168317
-tda	0.248895718043	0.171936796947	0.0442964366448	0.534871048365
-nae	0.0382431780496	0.851052885491	0.00402559768942	0.10667833877
-eku	0.0	0.963604852686	0.0363951473137	0.0
-tdi	0.133333333333	0.733333333333	0.1	0.0333333333333
-gsa	0.274390243902	0.435975609756	0.0762195121951	0.213414634146
-bas	0.0503646531706	0.941459266769	0.00425156163129	0.00392451842889
-mke	0.534858255262	0.158535101594	0.255505535953	0.0511011071907
-ase	0.104446105423	0.808820919242	0.0254727738089	0.0612602015266
-mbu	0.0	0.365269461078	0.634730538922	0.0
-asa	0.474001048967	0.393315159693	0.0566505796814	0.0760332116587
-nye	0.353511374876	0.324035608309	0.234619188922	0.0878338278932
-aso	0.227559302344	0.614800860296	0.0498359471891	0.107803890171
-asi	0.189649554167	0.485465448436	0.0313585753642	0.293526422033
-yei	0.553464156989	0.226271525831	0.0760913095715	0.144173007609
-mba	0.344919870281	0.269638865275	0.220301627782	0.165139636661
-asu	0.0702937087352	0.062949119996	0.063708174093	0.803048997176
-eli	0.147156981572	0.306350394794	0.0208268911754	0.525665732459
-yem	0.463466426434	0.364402689746	0.0390914063254	0.133039477494
-mbe	0.275276518044	0.422312596565	0.148058036904	0.154352848487
-yen	0.313025854304	0.452028671637	0.0507119995401	0.184233474519
-yea	0.4734877935	0.302217773286	0.15694487638	0.0673495568341
-mbi	0.361967781323	0.351884674465	0.0779865295994	0.208161014613
-lta	0.0760295670538	0.876451953538	0.0158394931362	0.0316789862724
-yeb	0.17991338683	0.449751623997	0.0248376003057	0.345497388868
-mbo	0.226506740682	0.547383029342	0.111915146709	0.114195083267
-430	0.117465224111	0.0	0.0	0.882534775889
-dot	0.0807388046698	0.0600731834814	0.25448335947	0.604704652378
-iwe	0.378158973627	0.451730679014	0.162767454668	0.00734289269177
-boa	0.498113207547	0.211320754717	0.0754716981132	0.215094339623
-bsu	0.468886388114	0.0904083932937	0.0128918241663	0.427813394426
-bsa	0.113698485796	0.0982918791851	0.0988582540191	0.689151380999
-uge	0.130562706877	0.869437293123	0.0	0.0
-geb	0.3125	0.6875	0.0	0.0
-bso	0.49630949351	0.338254008654	0.0890811911428	0.0763553066938
-oub	0.281767955801	0.60773480663	0.0	0.110497237569
-ike	0.130788689862	0.73125698936	0.0445535888217	0.0934007319565
-aay	0.274029804796	0.537951952857	0.0331154759672	0.15490276638
-foe	0.0	0.0114285714286	0.988571428571	0.0
-lab	0.209207818852	0.16072808646	0.0355166292698	0.594547465418
-iko	0.479595768972	0.252237424504	0.045681275503	0.222485531021
-lam	0.175167145167	0.706708492855	0.0722403130176	0.0458840489599
-lan	0.284498713806	0.588060563299	0.0212920822106	0.106148640685
-fok	0.0797159214436	0.771179070947	0.0182984274223	0.130806580187
-fol	0.0265798993682	0.917858101785	0.00305835662186	0.0525036422247
-lai	0.296694565609	0.485029978334	0.0797401345914	0.138535321465
-oum	0.273534099755	0.521883257521	0.0888780627294	0.115704579995
-lak	0.0531186377938	0.876596335369	0.0346566722191	0.0356283546178
-lat	0.0740869455327	0.890528244661	0.0154808542904	0.0199039555162
-aal	0.203363503874	0.339667868375	0.305476720104	0.151491907647
-aao	0.421221864952	0.337620578778	0.24115755627	0.0
-nok	0.0	1.0	0.0	0.0
-iks	0.193134912014	0.715620247665	0.0456224201607	0.0456224201607
-fou	0.141975308642	0.858024691358	0.0	0.0
-non	0.317030728	0.177267887955	0.0164470061309	0.489254377914
-out	0.121909340659	0.878090659341	0.0	0.0
-aae	0.173198040588	0.822678196541	0.00412376287112	0.0
-noa	0.295997924248	0.239011117783	0.0671179389222	0.397873019047
-nob	0.373250588153	0.356782869253	0.0755896618952	0.194376880698
-noe	0.0647482014388	0.410071942446	0.0	0.525179856115
-aab	0.271867612293	0.479905437352	0.212765957447	0.0354609929078
-mya	0.395431834404	0.211277658815	0.108493932905	0.284796573876
-gei	0.393032301708	0.0720509110497	0.102598793619	0.432317993624
-dou	0.16469965199	0.791609925858	0.0119155696777	0.0317748524739
-myu	0.0	1.0	0.0	0.0
-gen	0.385026737968	0.597147950089	0.0178253119429	0.0
-bob	0.338587172299	0.303090619845	0.0948115615414	0.263510646315
-gel	0.0446096654275	0.899628252788	0.0557620817844	0.0
-bol	0.182335290636	0.304020337558	0.0150390333427	0.498605338464
-bom	0.414906832298	0.168944099379	0.396273291925	0.0198757763975
-bon	0.0	0.777506112469	0.0	0.222493887531
-aha	0.433095359369	0.430589283684	0.054200010908	0.0821153460391
-bot	0.428571428571	0.322580645161	0.165898617512	0.0829493087558
-bou	0.718518518519	0.192592592593	0.0	0.0888888888889
-dob	0.504218362283	0.45111662531	0.0	0.0446650124069
-sua	0.0329289428076	0.107885615251	0.0207972270364	0.838388214905
-doa	0.210526315789	0.719298245614	0.0701754385965	0.0
-myi	0.274021352313	0.220640569395	0.209964412811	0.29537366548
-mye	0.467721911856	0.194289261328	0.096834264432	0.241154562384
-dom	0.00550964187328	0.977961432507	0.00550964187329	0.0110192837465
-dok	0.0	1.0	0.0	0.0
-get	0.344694035631	0.457784663052	0.185902401239	0.0116189000774
-sas	0.0610263522885	0.895823701649	0.00832177531207	0.0348281707505
-gla	0.424117191247	0.454595771374	0.00387439577876	0.1174126416
-tob	0.412469006484	0.222119094658	0.0844614752251	0.280950423633
-sat	0.0	1.0	0.0	0.0
-ton	0.224988697742	0.475292867284	0.106537067441	0.193181367533
-ibu	0.470919968105	0.1402217474	0.0369400818746	0.35191820262
-tol	0.110217234886	0.511229160607	0.268443532708	0.110110071799
-tom	0.304591055604	0.552427807953	0.0406871738054	0.102293962637
-toi	0.825	0.125	0.05	0.0
-don	0.00111888111888	0.997202797203	0.0	0.00167832167832
-saa	0.149172543069	0.620505668125	0.0222128001428	0.208108988664
-ibo	0.165545380362	0.10340683556	0.0211043118376	0.70994347224
-ibi	0.261464183095	0.285038665979	0.108511086706	0.34498606422
-sae	0.0621098024072	0.896054579391	0.0312158074274	0.0106198107743
-olo	0.0418982219391	0.0792472435812	0.0121435677323	0.866710966747
-sak	0.170513268487	0.20066654085	0.0390804886116	0.589739702051
-ola	0.532422826117	0.209166713752	0.027190595556	0.231219864575
-sai	0.326652802852	0.522178294751	0.0987796796088	0.0523892227885
-sao	0.223454781026	0.386881834257	0.0992766277446	0.290386756972
-san	0.187687830912	0.670793924595	0.0769822372323	0.0645360072606
-sam	0.381080521631	0.390188366798	0.0760712067895	0.152659904782
-sal	0.277414896355	0.537385461033	0.135408263287	0.0497913793253
-lon	0.142664135584	0.750705453799	0.0151351906008	0.091495220016
-lol	0.0700044255671	0.899016604498	0.0201162142434	0.0108627556914
-lom	0.234339117939	0.44478718106	0.15771800371	0.163155697292
-iem	0.0889004423883	0.244671493193	0.0589787553975	0.607449309021
-iel	0.0	1.0	0.0	0.0
-ien	0.559471365639	0.396475770925	0.0352422907489	0.00881057268721
-ieb	0.226590386778	0.092904992421	0.0454745489218	0.635030071879
-lob	0.342113503426	0.394894725635	0.114380190133	0.148611580806
-loa	0.269546211686	0.272322394858	0.0578057801074	0.400325613348
-oki	0.21970593206	0.430454622275	0.324488761197	0.0253506844685
-lot	0.0866656943135	0.447228407605	0.271238049332	0.194867848749
-lou	0.64623831429	0.0480041549192	0.12709600831	0.178661522481
-los	0.0	1.0	0.0	0.0
-kit	0.0502197112366	0.819522912743	0.127118644068	0.00313873195229
-hal	0.338961038961	0.606493506494	0.0233766233766	0.0311688311688
-bwa	0.0697674418605	0.93023255814	0.0	0.0
-imi	0.227805558842	0.185080340967	0.420964263519	0.166149836671
-lub	0.0764643237486	0.807241746539	0.0408945686901	0.0753993610223
-tie	0.136305111395	0.211344841199	0.0593947910937	0.592955256312
-awa	0.212331154999	0.412021253892	0.0245029464083	0.3511446447
-awe	0.405916752666	0.37048503612	0.130718954248	0.092879256966
-lao	0.277367214869	0.308779246186	0.0753548351259	0.33849870382
-mam	0.242180674471	0.661327586542	0.0394121187411	0.0570796202458
-say	0.224137931035	0.689655172414	0.0	0.0862068965517
-nge	0.10631000225	0.688076462398	0.149402181513	0.0562113538392
-kda	0.0	0.632258064516	0.367741935484	0.0
-276	0.0	0.283783783784	0.0	0.716216216216
-aim	0.365347304863	0.278218287875	0.144495229686	0.211939177577
-tim	0.654899846962	0.0893687757734	0.0131929105068	0.242538466758
-ste	0.0150861306265	0.909140870737	0.00635671559337	0.0694162830432
-aio	0.322061191626	0.492021665935	0.105401844532	0.0805152979066
-ain	0.26083344687	0.221623513956	0.0926988152109	0.424844223963
-sab	0.139535356049	0.0328312511266	0.0250829540002	0.802550438825
-tot	0.886075949367	0.0759493670886	0.0	0.0379746835443
-tou	0.542897889333	0.331602966343	0.061893896178	0.063605248146
-eyo	0.171052631579	0.828947368421	0.0	0.0
-200	0.0064748201439	0.219244604316	0.0377697841727	0.736510791367
-eye	0.280660348403	0.171170734017	0.0488450392314	0.499323878348
-iok	0.111147168587	0.86700200119	0.000649034561092	0.0212017956623
-lek	0.448717948718	0.395833333333	0.0288461538461	0.126602564103
-mua	0.020618556701	0.896907216495	0.0824742268041	0.0
-ion	0.235038084875	0.751904243743	0.0	0.0130576713819
-len	0.212434537398	0.37733315429	0.138982140459	0.271250167853
-leo	0.307912492333	0.465140053159	0.136475158454	0.090472296054
-iob	0.191700777845	0.169404755337	0.0174546256965	0.621439841121
-leb	0.288093584324	0.293967355414	0.0298535898429	0.388085470419
-mun	0.293194556867	0.316408815309	0.103032362509	0.287364265315
-led	0.0548780487804	0.843495934959	0.0772357723578	0.0243902439024
-ioe	0.0	0.950819672131	0.0	0.0491803278688
-mut	0.363005278762	0.285908838913	0.199942150553	0.151143731771
-oib	0.347058823529	0.364705882353	0.288235294118	0.0
-oia	0.130718954248	0.640522875817	0.0653594771242	0.16339869281
-ibe	0.426038705525	0.260753199399	0.0877285118701	0.225479583206
-oio	0.51201011378	0.207332490518	0.280657395702	0.0
-ida	0.0278330019881	0.972166998012	0.0	0.0
-oik	0.216417910448	0.335820895522	0.44776119403	0.0
-iou	0.187393526405	0.761499148211	0.0511073253833	0.0
-iot	0.210144927536	0.659420289855	0.0	0.130434782609
-fta	0.0	1.0	0.0	0.0
-bki	0.506172839506	0.336419753087	0.0462962962962	0.111111111111
-eeo	0.692307692308	0.265734265734	0.0	0.041958041958
-een	0.11458169832	0.843038769424	0.0	0.0423795322555
-bke	0.540563046472	0.147903788874	0.0643756205361	0.247157544118
-ifo	0.0324909747292	0.967509025271	0.0	0.0
-ndi	0.342805320435	0.619105199516	0.0380894800484	0.0
-alo	0.205231366825	0.224839245209	0.0677328979885	0.502196489977
-gil	0.11524530787	0.166776424103	0.66266052025	0.0553177477773
-ali	0.161224342942	0.554318009994	0.0518163172786	0.232641329785
-nda	0.0	0.983177570093	0.0	0.0168224299065
-ole	0.202908091121	0.192180914895	0.0113704618941	0.593540532091
-ale	0.367584865487	0.339626783647	0.107518951553	0.185269399313
-nde	0.357796340493	0.419995849331	0.0118034658089	0.210404344367
-gib	0.286845593483	0.24414560368	0.109202759808	0.359806043029
-ala	0.422929690059	0.372880959541	0.0714953679683	0.132693982432
-iei	0.0732350118456	0.87412806514	0.0215111331006	0.0311257899138
-120	0.0285714285714	0.214285714286	0.0	0.757142857143
-bdi	0.0615961435458	0.866095340118	0.0482056775576	0.0241028387788
-yok	0.361518891237	0.358069538736	0.134962824128	0.145448745899
-yoo	0.0301245626033	0.567797596005	0.181898314058	0.220179527333
-yon	0.0340826226182	0.931089692781	0.00792619130655	0.0269014932944
-yom	0.382816947223	0.309079450272	0.152984467756	0.155119134748
-yob	0.422927100723	0.175292153589	0.268224819143	0.133555926544
-yoa	0.413629160063	0.0871632329635	0.261489698891	0.237717908082
-bil	0.19414997865	0.611245231045	0.0773385843563	0.117266205949
-lok	0.240093342726	0.271442409299	0.241084008454	0.247380239521
-mgi	0.276077097506	0.280612244898	0.015306122449	0.428004535148
-iyu	0.0	1.0	0.0	0.0
-loi	0.0	0.931034482759	0.0689655172414	0.0
-153	0.0178571428571	0.0714285714286	0.0238095238095	0.886904761905
-lsa	0.13346942883	0.446702799063	0.248262625972	0.171565146135
-elo	0.0970152539065	0.803060312158	0.0223845745381	0.0775398593972
-iye	0.551013941698	0.208674563713	0.186567709857	0.0537437847324
-ela	0.342022040214	0.47800267514	0.0568905596209	0.123084725025
-iya	0.0036231884058	0.996376811594	0.0	0.0
-ele	0.107469911301	0.0831198400623	0.00559476582886	0.803815482808
-loe	0.021645021645	0.943722943723	0.034632034632	0.0
-100	0.0504954989031	0.0217489976549	0.0477721461532	0.879983357289
-esu	0.126559192481	0.0377357038208	0.0253914819481	0.81031362175
-ito	0.172004816764	0.235055992034	0.0721930753805	0.520746115821
-esi	0.0	1.0	0.0	0.0
-eso	0.44525859437	0.34224827502	0.0332783782134	0.179214752397
-iti	0.41869146637	0.0288820485952	0.0848123649224	0.467614120113
-esa	0.0737121315349	0.0693193393698	0.0185257100032	0.838442819092
-ite	0.115250421706	0.77951703785	0.0273134387901	0.0779191016533
-one	0.213552757343	0.556554400652	0.0485175509879	0.181375291017
-ese	0.193961422256	0.555630381388	0.0323757771036	0.218032419253
-ita	0.255611224998	0.249966896629	0.0536695555745	0.440752322799
-fab	0.0689374248361	0.00775885479303	0.0	0.923303720371
-faa	0.719626168224	0.261682242991	0.0	0.018691588785
-fai	0.380952380952	0.174603174603	0.0	0.444444444444
-fan	0.214029736942	0.64948532215	0.118185284026	0.0182996568814
-fao	0.392431260471	0.193653296541	0.0571597516507	0.356755691337
-fal	0.311276794035	0.613233923579	0.0	0.0754892823858
-fam	0.520771513353	0.381305637982	0.0	0.0979228486646
-fas	0.0307082714215	0.954432887568	0.0	0.0148588410104
-uda	0.101139351618	0.660416528352	0.076501457783	0.161942662247
-fat	0.0484895131807	0.951510486819	0.0	0.0
-abu	0.216682646213	0.519654841803	0.065196548418	0.198465963567
-ksa	0.185508601346	0.381881077038	0.172326103216	0.260284218399
-abe	0.3038809677	0.2794829782	0.0870259874118	0.329610066687
-wok	0.0884929024464	0.883116883117	0.00483237692542	0.0235578375114
-wom	0.517940059097	0.333474039679	0.0590966652596	0.0894892359645
-aba	0.157622903931	0.615348520351	0.0513347285019	0.175693847216
-won	0.494991804771	0.262793662357	0.0455290475323	0.19668548534
-abo	0.360983059923	0.270235165616	0.0884569489077	0.280324825553
-abi	0.399540737153	0.264077059939	0.0879755266585	0.248406676249
-aea	0.0425138632162	0.0462107208872	0.0	0.911275415897
-tub	0.310638297872	0.689361702128	0.0	0.0
-aeb	0.336667992048	0.442894632207	0.00667992047714	0.213757455268
-tue	0.0	0.0728476821191	0.920529801325	0.00662251655628
-kob	0.0994061101398	0.0471636657547	0.0219055178411	0.831524706264
-kom	0.545454545454	0.286713286713	0.125874125874	0.0419580419581
-kon	0.502095526466	0.422945553237	0.00775437106512	0.067204549231
-tum	0.0293809024135	0.221930745016	0.738982161595	0.00970619097586
-kok	0.077030478939	0.220662012655	0.008374137438	0.693933370968
-aen	0.0855039990041	0.861295241652	0.00311206547786	0.0500886938661
-som	0.213235294118	0.772058823529	0.0147058823529	0.0
-kot	0.241151054141	0.371845937156	0.037768213672	0.349234795031
-soo	0.549800796813	0.306772908367	0.0956175298805	0.0478087649401
-son	0.0193652501345	0.956966110812	0.00968262506723	0.013986013986
-soi	0.231481481481	0.598765432099	0.138888888889	0.0308641975309
-kos	0.0200333889816	0.959933222037	0.0200333889816	0.0
-soe	0.318686006826	0.495733788396	0.0426621160409	0.142918088737
-soa	0.0838679770637	0.0332683416483	0.0111950930736	0.871668588214
-sob	0.499018232819	0.318653576438	0.120617110799	0.0617110799438
-tna	0.00449713818479	0.0363859362224	0.0659580267103	0.893158898883
-tne	0.39334348763	0.172905451981	0.0231316653761	0.410619395013
-lit	0.104454007135	0.820147853911	0.0566405531649	0.0187575857884
-lis	0.0568216533268	0.838088837295	0.0116087248732	0.0934807845054
-lil	0.0262409796632	0.924119833807	0.036518696698	0.0131204898316
-lim	0.136286373111	0.452046435149	0.0356379850573	0.376029206683
-omi	0.127238039331	0.678015849721	0.111094804814	0.0836513061344
-lio	0.392262806347	0.208308295881	0.0314404191394	0.367988478633
-omo	0.307768333532	0.281071267774	0.0630061733197	0.348154225375
-lik	0.0701320132013	0.647909790979	0.206875687569	0.0750825082508
-lie	0.187991047238	0.487941887714	0.241700019348	0.0823670456996
-oma	0.289112318229	0.313758898748	0.221881883426	0.175246899597
-lia	0.106669687725	0.718681676246	0.0240164420362	0.150632193993
-ome	0.328988519986	0.479406399281	0.111066801293	0.0805382794404
-sba	0.0705882352941	0.858823529412	0.0705882352941	0.0
-eas	0.0882352941176	0.754901960784	0.078431372549	0.078431372549
-eat	0.0	1.0	0.0	0.0
-mha	0.485519591141	0.446337308348	0.0425894378194	0.0255536626916
-dut	0.579178082192	0.259726027397	0.0230136986302	0.138082191781
-oda	0.0	1.0	0.0	0.0
-eae	0.0	1.0	0.0	0.0
-ode	0.00466567476825	0.439590437603	0.00352952882558	0.552214358803
-eai	0.0	0.863636363636	0.136363636364	0.0
-odi	0.227765726681	0.43600867679	0.0867678958785	0.249457700651
-eam	0.0198082560811	0.970287615878	0.0035654860946	0.00633864194597
-eao	0.0496688741722	0.888245033113	0.0372516556292	0.0248344370861
-odo	0.0719041278295	0.7017310253	0.130492676431	0.0958721704394
-eho	0.0	1.0	0.0	0.0
-bua	0.385702696855	0.34120761671	0.108179515469	0.164910170966
-dlu	0.0	1.0	0.0	0.0
-eha	0.449260364035	0.360077920497	0.0544834723321	0.136178243136
-gba	0.163894023413	0.314232902033	0.351817621688	0.170055452865
-gem	0.0	0.935251798561	0.0647482014389	0.0
-tge	0.430249632893	0.267254038179	0.240822320118	0.0616740088106
-bye	0.633437175493	0.223260643821	0.0934579439252	0.0498442367601
-was	0.366790582404	0.225526641884	0.0681536555143	0.339529120198
-bya	0.55	0.31	0.03	0.11
-sou	0.105138205867	0.591826352383	0.210276411735	0.0927590300152
-iba	0.329303987107	0.12723406068	0.0337398736796	0.509722078534
-nat	0.216662787991	0.73213870142	0.0209448452409	0.0302536653479
-wab	0.070169960298	0.279876879154	0.349585879764	0.300367280784
-waa	0.152382504533	0.688512233382	0.00448183836861	0.154623423717
-wao	0.287700983702	0.560911065282	0.0677093789352	0.0836785720804
-wan	0.140667581201	0.615424366638	0.187628334178	0.0562797179826
-wam	0.0436522371772	0.861767915606	0.0945798472171	0.0
-wal	0.0749804184997	0.78720911468	0.0604842042564	0.077326262564
-dum	0.225222996589	0.159942825037	0.0290754613273	0.585758717047
-num	0.233870967742	0.298387096774	0.467741935484	0.0
-keb	0.0472173950131	0.0582879959013	0.00933117564555	0.88516343344
-sen	0.114478596522	0.748301267579	0.0416285805535	0.0955915553451
-keo	0.287978265791	0.262621688929	0.322617160969	0.126782884311
-ken	0.215785677073	0.207289704645	0.032260650022	0.54466396826
-kem	0.271318458794	0.64075877314	0.0175358429382	0.0703869251271
-kel	0.193024569331	0.664713357808	0.0942530358657	0.0480090369952
-sus	0.00618925629522	0.863999294379	0.00176651690093	0.128044932425
-kei	0.517280701754	0.250175438596	0.0302631578947	0.202280701754
-suo	0.346222730816	0.203218328825	0.110791719838	0.339767220522
-sum	0.128365905201	0.41149572741	0.0782485077122	0.381889859677
-ket	0.234537449253	0.511251635866	0.114952517191	0.139258397691
-sos	0.0193548387097	0.870967741935	0.0	0.109677419355
-sui	0.0590551181102	0.0551181102362	0.0	0.885826771654
-sek	0.182625863771	0.679170779862	0.0888450148075	0.0493583415598
-sue	0.446870451237	0.232168850073	0.0	0.32096069869
-tuo	0.462356792144	0.499454446263	0.038188761593	0.0
-sub	0.0340909090909	0.738636363636	0.0	0.227272727273
-lel	0.0544463418408	0.834271167119	0.0249445597328	0.0863379313077
-kou	0.807486631016	0.0320855614973	0.160427807487	0.0
-fet	0.15452368332	0.211555663412	0.152886254925	0.481034398343
-dia	0.0257733901051	0.960058781416	0.00301443159124	0.0111533968876
-dib	0.803571428571	0.160714285714	0.0	0.0357142857143
-sol	0.00390625000001	0.98828125	0.0	0.0078125
-dim	0.0670804717258	0.132706748714	0.0679813081887	0.732231471371
-din	0.0740740740741	0.638888888889	0.0555555555555	0.231481481482
-dis	0.389213495248	0.464399508154	0.135078129908	0.01130886669
-fen	0.223683799751	0.642150207188	0.0742117073335	0.0599542857276
-lul	0.272452068618	0.584258324924	0.143289606458	0.0
-mit	0.171009869261	0.211313786417	0.210843002001	0.406833342322
-iha	0.39772763237	0.257081368484	0.101591923284	0.243599075862
-sok	0.178010471204	0.710296684119	0.0488656195462	0.0628272251309
-ski	0.670930232558	0.317441860465	0.0	0.0116279069767
-luo	0.338138138138	0.224624624625	0.398798798799	0.0384384384384
-afu	0.333449410188	0.137281892093	0.0368020701244	0.492466627595
-ine	0.3777828514	0.329586323752	0.0714638649769	0.221166959871
-500	0.0427046263345	0.174377224199	0.174377224199	0.608540925267
-uka	0.549618320611	0.381679389313	0.0458015267176	0.0229007633588
-bma	0.305440295067	0.525126786538	0.0576302443523	0.111802674043
-kli	0.383921464579	0.38790130008	0.193685327673	0.0344919076678
-uke	0.0643203397602	0.369103619471	0.0139999259683	0.552576114801
-afa	0.153436450741	0.440827430186	0.0212820407829	0.38445407829
-ing	0.114580474579	0.427859740368	0.310784749043	0.146775036011
-uko	0.38305790843	0.410534493727	0.0787301572533	0.127677440589
-kla	0.164412135557	0.0887576278123	0.0553318466415	0.691498389989
-tit	0.1268215833	0.844820795589	0.0283576211107	0.0
-ait	0.319218241042	0.519218241042	0.104234527687	0.057328990228
-bne	0.596546310832	0.314495028781	0.0313971742543	0.0575614861329
-ais	0.243902439024	0.529616724739	0.209059233449	0.0174216027875
-tis	0.0231362467866	0.93059125964	0.0462724935733	0.0
-aie	0.0444634019744	0.915657263846	0.0136699779533	0.0262093562263
-nga	0.13993018134	0.294247539139	0.0580396145222	0.507782664999
-aia	0.118608190366	0.219344715335	0.0061694519994	0.655877642299
-tia	0.493692169966	0.442948741242	0.00208113795302	0.0612779508388
-tib	0.574685032798	0.0950472870976	0.0481862218668	0.282081458237
-aib	0.39250816324	0.320420750872	0.0974856628142	0.189585423074
-til	0.143761805858	0.474724518212	0.106746544649	0.274767131281
-ngi	0.0954418983001	0.549190708165	0.0864662001645	0.26890119337
-tin	0.26083964212	0.546455609085	0.0825877494838	0.110116999312
-tio	0.46897908171	0.292395388523	0.0434629343289	0.195162595438
-ngo	0.0982174092352	0.183373742942	0.0151569162775	0.703251931546
-eme	0.249868563202	0.533581122938	0.0319903295977	0.184559984262
-ema	0.209732904003	0.142426102669	0.329648118977	0.318192874351
-nwa	0.643939393939	0.204545454545	0.0	0.151515151515
-emo	0.349486996583	0.133379406666	0.0415905722347	0.475543024517
-emi	0.505742921321	0.185953596125	0.0737210280818	0.234582454472
-efu	0.492063492063	0.18253968254	0.325396825397	0.0
-260	0.184426229508	0.160860655738	0.0502049180328	0.604508196721
-emu	0.208333333333	0.152777777778	0.263888888889	0.375
