tut-	0.205854463505	0.569886580545	0.119866261099	0.104392694851
siu-	0.602225357998	0.295049123679	0.048369591378	0.0543559269446
gin-	0.577897385019	0.175328743727	0.0302522979024	0.216521573352
830-	0.0	0.0	0.0	1.0
950-	0.0	0.142857142857	0.0	0.857142857143
del-	0.126159326823	0.853141698913	0.00276395798784	0.0179350162766
dok-	0.173652694611	0.700598802395	0.0	0.125748502994
niy-	0.0	1.0	0.0	0.0
mei-	0.127358490566	0.651886792453	0.189622641509	0.0311320754717
huv-	0.647058823529	0.352941176471	0.0	0.0
pao-	0.540440777331	0.295299098903	0.0751275648681	0.089132558897
hiv-	0.247244094488	0.648818897638	0.0850393700787	0.0188976377953
lau-	0.172839506173	0.201234567901	0.0496632996633	0.576262626263
eda-	0.0	1.0	0.0	0.0
vas-	0.806765523633	0.132530120482	0.00556070435589	0.0551436515292
eno-	0.239867199059	0.584768267798	0.085238788917	0.090125744226
eka-	0.206779661017	0.786440677966	0.0	0.00677966101694
ola-	0.167719591243	0.0472682966314	0.0358145546746	0.749197557451
209-	0.0	0.0	0.0	1.0
opi-	0.0	1.0	0.0	0.0
yeu-	0.0	1.0	0.0	0.0
lis-	0.0369881109643	0.963011889036	0.0	0.0
ana-	0.104799749651	0.0708803032649	0.00671514998485	0.817604797099
puh-	0.470588235294	0.529411764706	0.0	0.0
hew-	0.525527773619	0.380146728552	0.0314418326097	0.0628836652193
yal-	0.287202804276	0.446139695424	0.202063064601	0.0645944356995
sak-	0.0250958522133	0.916347159289	0.0313698152666	0.0271871732311
vil-	0.333333333333	0.622386223862	0.0	0.0442804428044
nun-	0.499807999033	0.374417941319	0.0672610504974	0.0585130091504
wil-	0.0	1.0	0.0	0.0
neg-	0.131136516476	0.60322797579	0.235373234701	0.030262273033
hem-	0.0198675496689	0.973509933775	0.0	0.00662251655629
mil-	0.451125389807	0.284210072764	0.0811120865627	0.183552450867
dis-	0.0	0.960784313726	0.0392156862745	0.0
gan-	0.42756101878	0.202473748798	0.154769114685	0.215196117738
yut-	0.240963855422	0.626506024096	0.132530120482	0.0
sog-	0.610718229193	0.324925947002	0.0100638736814	0.0542919501234
sen-	0.10243902439	0.806097560976	0.0695121951219	0.0219512195122
yau-	0.160216694127	0.737244621632	0.0970455404425	0.00549314379863
asp-	0.0	1.0	0.0	0.0
itl-	0.0	1.0	0.0	0.0
mig-	0.472509646816	0.113230270111	0.0498930862437	0.364366996829
gig-	0.613902677895	0.171644379702	0.0677256227782	0.146727319625
ked-	0.120481927711	0.879518072289	0.0	0.0
tai-	0.0383223334043	0.931019799872	0.0102192889078	0.0204385778157
mey-	0.0104384133612	0.970772442589	0.0187891440501	0.0
dek-	0.0	0.763157894737	0.0	0.236842105263
bik-	0.240102171137	0.159642401022	0.508301404853	0.0919540229885
oko-	0.130030959752	0.823529411765	0.0371517027864	0.00928792569659
nen-	0.786878197971	0.0622780932022	0.0462068819548	0.104636826872
has-	0.0	1.0	0.0	0.0
eik-	0.121951219512	0.878048780488	0.0	0.0
110-	0.210526315789	0.315789473684	0.0	0.473684210526
val-	0.5296726453	0.0621753405861	0.0358554673462	0.372296546767
mul-	0.299965294185	0.49480301382	0.0633908485853	0.14184084341
ate-	0.604551846463	0.198510516005	0.02947024894	0.167467388592
naw-	0.597872486918	0.17323051501	0.0243045992839	0.204592398788
kam-	0.142725445028	0.679649296103	0.0237488069384	0.15387645193
sin-	0.334664246824	0.523774954628	0.0980036297641	0.043557168784
bod-	0.0580681320326	0.722265803491	0.0217833141414	0.197882750335
kim-	0.140562248996	0.779116465863	0.0602409638554	0.0200803212851
aal-	0.55133433317	0.16845453596	0.166309092808	0.113902038062
tag-	0.291188187449	0.0740636244581	0.0161769938565	0.618571194237
pat-	0.649742723308	0.219848054165	0.0209507041779	0.109458518349
toe-	0.108783671717	0.782218016137	0.0837097671151	0.0252885450306
hey-	0.37988341919	0.42237459834	0.0628073919728	0.134934590496
sek-	0.063432835821	0.899253731343	0.0223880597015	0.0149253731343
kem-	0.05	0.925	0.025	0.0
noy-	0.215384615385	0.738461538462	0.0230769230769	0.0230769230769
lom-	0.274121005931	0.497667456431	0.174463010058	0.0537485275799
ees-	0.75	0.25	0.0	0.0
gen-	0.168831168831	0.792207792208	0.00708382526564	0.0318772136954
saw-	0.418582221508	0.513904516959	0.0303809676901	0.0371322938434
430-	0.166666666667	0.166666666667	0.0	0.666666666667
epw-	0.0564971751412	0.943502824859	0.0	0.0
aaw-	0.526014072656	0.255314230766	0.088855602711	0.129816093867
niu-	0.279475982533	0.615720524018	0.10480349345	0.0
nig-	0.153787309777	0.0336746143012	0.00844313409581	0.804094941826
pas-	0.369866019558	0.297622803294	0.0565630606643	0.275948116484
noe-	0.300568154605	0.0994120887016	0.0249652761148	0.575054480579
sig-	0.0931275750688	0.113057068564	0.0627986067297	0.731016749637
133-	0.0	0.333333333333	0.0	0.666666666667
nai-	0.0396825396825	0.712698412698	0.0031746031746	0.244444444444
yoh-	0.263850519728	0.0954462582961	0.0168226412961	0.62388058068
bak-	0.296285110239	0.472968891574	0.133192389006	0.0975536091815
276-	0.0	0.333333333333	0.0	0.666666666667
eso-	0.070208017723	0.160273013081	0.120216976983	0.649301992214
575-	0.0	1.0	0.0	0.0
gug-	0.174213353799	0.298541826554	0.513430544897	0.0138142747506
epa-	0.200122419832	0.708062706158	0.0530485938722	0.0387662801374
500-	0.189189189189	0.0	0.0810810810811	0.72972972973
bwa-	0.117021958178	0.36282219503	0.270619334488	0.249536512303
yei-	0.00987115095077	0.744192684866	0.00401969549025	0.241916468693
sap-	0.369389556286	0.274884875867	0.123181678915	0.232543888932
asi-	0.140693167417	0.423736204691	0.412442983933	0.0231276439589
gun-	0.215263973703	0.207263082283	0.00710350220567	0.570369441808
nan-	0.399720695185	0.212478080574	0.259801533208	0.127999691033
yeb-	0.0	1.0	0.0	0.0
hom-	0.0	1.0	0.0	0.0
187-	0.0	0.0	0.0	1.0
595-	0.0	0.0	0.666666666667	0.333333333333
153-	0.0	0.0350877192982	0.0701754385965	0.894736842105
mah-	0.0	1.0	0.0	0.0
geg-	0.0607145762202	0.248063278778	0.0764575573598	0.614764587642
eyo-	0.0833834467718	0.871986407082	0.0190248214232	0.0256053247236
nog-	0.316554274527	0.473613226017	0.0487274309332	0.161105068523
tol-	0.133129073427	0.683324774403	0.0748055706014	0.108740581569
mel-	0.0957120877651	0.719952505184	0.0312328583852	0.153102548665
iim-	0.633892885692	0.221689315214	0.00905941913138	0.135358379963
hah-	0.6844201434	0.124284256507	0.0874620107073	0.103833589385
isa-	0.0	1.0	0.0	0.0
tum-	0.314285714286	0.485714285714	0.0285714285714	0.171428571429
mus-	0.197300666703	0.646593311291	0.143097186839	0.0130088351672
bab-	0.123899097475	0.812909988026	0.0136280371635	0.0495628773355
ita-	0.0	0.989214175655	0.0107858243451	0.0
ade-	0.0172413793104	0.98275862069	0.0	0.0
uum-	0.666666666667	0.333333333333	0.0	0.0
hol-	0.443640054127	0.400811907984	0.0918132611638	0.0637347767253
hei-	0.382917272099	0.141897525071	0.0221826540578	0.453002548772
aku-	0.0224719101124	0.977528089888	0.0	0.0
kom-	0.10383079665	0.104690547886	0.0064539042356	0.785024751229
neb-	0.0	0.988235294118	0.0	0.0117647058823
opo-	0.0270662155631	0.954889640728	0.00451103592718	0.0135331077815
910-	0.0	0.142857142857	0.0	0.857142857143
tow-	0.416299791178	0.34496856028	0.10781429289	0.130917355652
ali-	0.239993800064	0.146085775223	0.0615231201599	0.552397304553
kev-	0.107913669065	0.68345323741	0.165467625899	0.0431654676259
non-	0.598654087879	0.22137667842	0.0377545139787	0.142214719723
uba-	0.037037037037	0.962962962963	0.0	0.0
tau-	0.0560150182162	0.673985823789	0.0124277425496	0.257571415445
pou-	0.0927610040014	0.830847580939	0.07639141506	0.0
mal-	0.515763376721	0.412916898336	0.023048447695	0.048271277248
pek-	0.692387785635	0.053070914567	0.0111166959316	0.243424603866
sab-	0.0228673370094	0.93610120013	0.00973078170612	0.0313006811547
haw-	0.131922983611	0.63465951624	0.0563490131003	0.177068487048
hou-	0.0783643967676	0.157832026744	0.314525207137	0.449278369352
uul-	0.63488136704	0.099747471253	0.0956867169616	0.169684444745
nin-	0.347154814336	0.439089655742	0.14606627878	0.0676892511419
veg-	0.336363636364	0.603636363636	0.06	0.0
toy-	0.145257001895	0.327294598568	0.28889595111	0.238552448428
lov-	0.361550453634	0.231953156806	0.36223222002	0.0442641695403
tuw-	0.266516812963	0.522064935062	0.0578776334612	0.153540618514
hog-	0.0438885612185	0.903618637893	0.0049439683586	0.0475488325296
yav-	0.184314695695	0.272142503711	0.388916378031	0.154626422563
emo-	0.0	1.0	0.0	0.0
oel-	0.684210526316	0.315789473684	0.0	0.0
lim-	0.0531912734653	0.839200405885	0.0157686453577	0.0918396752917
pey-	0.864661654135	0.105263157895	0.0300751879699	0.0
gos-	0.185792349727	0.590163934426	0.169398907104	0.0546448087431
and-	0.00405953991881	0.995940460081	0.0	0.0
apa-	0.523503503736	0.28990947229	0.115257231177	0.0713297927973
ALL	0.22741436672	0.308972684666	0.0508949275631	0.412718021051
san-	0.352192724591	0.547303497903	0.0206161594883	0.0798876180171
ast-	0.0	1.0	0.0	0.0
ine-	0.738095238095	0.214285714286	0.0	0.0476190476191
sok-	0.528376994	0.197892580126	0.250665886141	0.0230645397337
kub-	0.28125	0.625	0.09375	0.0
kui-	0.0	0.921052631579	0.0657894736842	0.0131578947368
bae-	0.888248092125	0.022614195532	0.00238078468578	0.0867569276569
liv-	0.272727272727	0.545454545455	0.181818181818	0.0
1/2-	0.8	0.2	0.0	0.0
tel-	0.513986969534	0.146202574613	0.0354820889437	0.304328366909
162-	0.0	0.0	0.0	1.0
lid-	0.0691642651296	0.93083573487	0.0	0.0
guy-	0.397550568768	0.446279329047	0.0640649493265	0.092105152859
gas-	0.0938607225693	0.609200022767	0.146118217909	0.150821036755
ata-	0.148514851485	0.80396039604	0.0237623762376	0.0237623762376
yov-	0.00880684977206	0.590414767041	0.0117424663627	0.389035916824
ego-	0.500152694024	0.162598624386	0.0239296604723	0.313319021117
pig-	0.809312638581	0.172949002217	0.0133037694013	0.00443458980044
dat-	0.0892857142857	0.72	0.107142857143	0.0835714285714
loh-	0.264114272263	0.287068921288	0.0614759664282	0.387340840021
lum-	0.265313001923	0.610358707938	0.0321230988876	0.0922051912514
giy-	0.631147540984	0.368852459016	0.0	0.0
mes-	0.0290485129928	0.937456773046	0.00266772058097	0.0308269933801
num-	0.200584225901	0.492697176242	0.116845180136	0.189873417721
ebw-	0.0597454996227	0.829023418315	0.035743587809	0.0754874942536
elu-	0.0220677763079	0.0568213977794	0.0304986804088	0.890612145504
ami-	0.168206227358	0.186657658392	0.0342469742682	0.610889139982
175-	0.0	0.0	0.0	1.0
kei-	0.032967032967	0.934065934066	0.032967032967	0.0
nou-	0.847568451165	0.0788720882713	0.0057212913772	0.0678381691868
imn-	0.0	1.0	0.0	0.0
adi-	0.0	1.0	0.0	0.0
bug-	0.178591271249	0.528808109166	0.0163713376141	0.276229281971
119-	0.0	0.0	0.0	1.0
win-	0.149068322981	0.850931677019	0.0	0.0
tal-	0.424522307426	0.436259319338	0.0359884144755	0.10322995876
heg-	0.0541455160745	0.796954314721	0.00507614213198	0.143824027073
105-	0.0	0.25	0.0	0.75
alp-	0.0	1.0	0.0	0.0
paa-	0.505311634345	0.362608132837	0.0732176433616	0.0588625894567
bin-	0.157751931176	0.0425265861032	0.0245352855095	0.775186197212
kos-	0.136966394187	0.848864668483	0.0141689373297	0.0
lem-	0.0593220338982	0.940677966102	0.0	0.0
paw-	0.466589496326	0.344648240464	0.161025767391	0.0277364958186
782-	0.0	0.0	0.0	1.0
450-	0.24	0.306666666667	0.08	0.373333333333
nem-	0.867303895466	0.0235016467587	0.00503998019069	0.104154477584
lud-	0.008658008658	0.532467532467	0.0	0.458874458875
wan-	0.0392570006669	0.0302838134313	0.00290186437158	0.92755732153
pon-	0.00518358531317	0.94211663067	0.0241900647948	0.0285097192225
esk-	0.0	1.0	0.0	0.0
hig-	0.547655068079	0.38880484115	0.036308623298	0.0272314674735
sik-	0.527251404623	0.103833897525	0.0246671762338	0.344247521619
pwe-	0.352468212416	0.286025928696	0.330092246323	0.0314136125655
ben-	0.0970375314473	0.894336910202	0.0	0.00862555835089
seg-	0.0	1.0	0.0	0.0
aah-	0.556397295567	0.183329205492	0.0914917159059	0.168781783034
goa-	0.333333333333	0.666666666667	0.0	0.0
ome-	0.0	0.8	0.2	0.0
pin-	0.184084699454	0.778460837887	0.0207194899818	0.0167349726776
pog-	0.0134318334453	0.944929482874	0.0416386836803	0.0
hug-	0.201930613652	0.473599019061	0.298239565052	0.0262308022346
bun-	0.441078828119	0.512394891802	0.0123585431459	0.0341677369326
ili-	0.0533333333334	0.853333333333	0.0266666666667	0.0666666666667
lam-	0.359477623839	0.517431104491	0.0966841476439	0.0264071240261
til-	0.0340156901201	0.461816621721	0.157207648934	0.346960039225
gat-	0.0	1.0	0.0	0.0
ent-	0.666666666667	0.333333333333	0.0	0.0
oma-	0.0	1.0	0.0	0.0
hih-	0.445756640411	0.472930796574	0.0514784571603	0.0298341058543
hag-	0.700407768973	0.247457061004	0.00672711871267	0.0454080513105
yem-	0.00288840262582	0.995010940919	0.00105032822757	0.00105032822757
nap-	0.0	0.986842105263	0.0131578947368	0.0
eya-	0.314960629922	0.685039370078	0.0	0.0
peg-	0.0913748932536	0.884713919727	0.0136635354398	0.0102476515798
ani-	0.609751702764	0.235648131464	0.116760964359	0.0378392014127
dik-	0.0	1.0	0.0	0.0
nad-	0.020725388601	0.647668393782	0.331606217617	0.0
nib-	0.629764510923	0.286380722304	0.0475001085389	0.0363546582347
bei-	0.0426742532006	0.931721194879	0.0	0.0256045519203
abi-	0.212066051229	0.74151605773	0.0314003380575	0.015017552984
aka-	0.0194174757282	0.980582524272	0.0	0.0
wel-	0.394736842105	0.421052631579	0.171052631579	0.0131578947368
sav-	0.0	1.0	0.0	0.0
wow-	0.504599090895	0.259492799094	0.130917216364	0.104990893647
ded-	0.0211827007943	0.968225948808	0.0	0.0105913503972
ahu-	0.0	1.0	0.0	0.0
mom-	0.497244662733	0.297574949011	0.0512017520816	0.153978636174
ban-	0.226611359056	0.470280351278	0.01180567436	0.291302615305
130-	0.166666666667	0.25	0.0	0.583333333333
hal-	0.454196574515	0.454143273399	0.0772955013858	0.0143646507
ise-	0.0111420612813	0.988857938719	0.0	0.0
tiy-	0.10158013544	0.823927765237	0.0541760722347	0.020316027088
dab-	0.0	0.0	0.6	0.4
did-	0.0365853658537	0.963414634146	0.0	0.0
bwe-	0.24805423048	0.643484810444	0.0677880994225	0.0406728596535
137-	0.0	0.0	0.0	1.0
nam-	0.0340782588535	0.870962480557	0.0274957049998	0.0674635555894
ebe-	0.055458260362	0.381105273399	0.035610040864	0.527826425375
hen-	0.146777306628	0.1816634493	0.040150652016	0.631408592056
mem-	0.168273775761	0.686141047457	0.115963950337	0.0296212264448
sid-	0.129032258064	0.870967741936	0.0	0.0
bon-	0.421453287197	0.549480968858	0.0290657439446	0.0
oli-	0.0655961735565	0.831909805261	0.0922446190638	0.0102494021182
won-	0.512171739651	0.461944054507	0.0115040914849	0.0143801143561
tok-	0.0989378229749	0.594341354085	0.273243918961	0.0334769039787
ula-	0.146296296296	0.842592592593	0.00370370370371	0.0074074074074
too-	0.0	1.0	0.0	0.0
kon-	0.0346620450607	0.882726747545	0.0583477758521	0.0242634315425
eli-	0.0607719934639	0.0585347798905	0.0155951665527	0.865098060093
eis-	0.00447141488343	0.987863302459	0.0076652826573	0.0
yul-	0.0	1.0	0.0	0.0
403-	0.0	0.4	0.0	0.6
ala-	0.344531589919	0.391101803166	0.0464943117931	0.217872295122
eto-	0.0396585558764	0.157231437334	0.208850983816	0.594259022974
awo-	0.184597642162	0.294364459795	0.264607385083	0.25643051296
ehe-	0.608695652174	0.31884057971	0.0434782608696	0.0289855072464
waw-	0.198948897677	0.564227132471	0.155476845327	0.0813471245243
tuk-	0.43168193894	0.109956339976	0.0393625555829	0.418999165501
ene-	0.8	0.1	0.0	0.1
pan-	0.198469579574	0.628769217539	0.0590912774478	0.113669925439
kad-	0.0	1.0	0.0	0.0
mow-	0.276728442025	0.208508725806	0.150737162446	0.364025669723
gle-	0.0	1.0	0.0	0.0
nim-	0.16396111266	0.611103904948	0.0139114982262	0.211023484166
avi-	0.0	1.0	0.0	0.0
tul-	0.0707579333647	0.553016957526	0.355515470076	0.0207096390336
nah-	0.065867852535	0.0448726747006	0.00866983264249	0.880589640122
hoh-	0.284571402723	0.564907710628	0.0631364205398	0.0873844661094
yam-	0.760184796304	0.167576648467	0.0571188576228	0.015119697606
baa-	0.474460068607	0.340307974969	0.00222604767765	0.183005908747
ool-	0.133490923742	0.33294219751	0.0362210436754	0.497345835073
mai-	0.0432256293603	0.0634292966765	0.126173723274	0.767171350689
pen-	0.315018716216	0.39631747985	0.051779651189	0.236884152745
sib-	0.0735640301318	0.739255447942	0.158847861178	0.0283326607479
ape-	0.0357142857143	0.964285714286	0.0	0.0
wal-	0.0306635555984	0.0321239592729	0.0127959362225	0.924416548906
umu-	0.0	0.777777777778	0.222222222222	0.0
ba--	0.0	0.942307692308	0.0576923076923	0.0
anh-	0.5	0.25	0.25	0.0
apw-	0.287223823247	0.611911623439	0.0461095100865	0.0547550432277
got-	0.437492099129	0.475984070619	0.0495416366314	0.0369821936212
hul-	0.45869297164	0.450061652281	0.039457459926	0.0517879161529
vet-	0.0775862068966	0.48275862069	0.0	0.439655172414
pae-	0.29423419882	0.343398001567	0.203705657411	0.158662142203
wau-	0.231932773109	0.579831932773	0.168067226891	0.0201680672269
lab-	0.139996991703	0.441811535165	0.05807237626	0.360119096872
meh-	0.0	1.0	0.0	0.0
kau-	0.343881712411	0.472747134013	0.134996897003	0.0483742565741
wit-	0.114269121393	0.833501140987	0.00768864157864	0.0445410960417
ino-	0.0364759743457	0.010918162333	0.000705159433747	0.951900703888
ple-	0.0	1.0	0.0	0.0
bas-	0.0	0.985714285714	0.0	0.0142857142857
mim-	0.354227387239	0.0999684324233	0.0622458893239	0.483558291014
290-	0.0	0.0	0.454545454545	0.545454545455
ooe-	0.404109589041	0.575342465753	0.0	0.0205479452055
yes-	0.00393700787402	0.996062992126	0.0	0.0
mid-	0.0434782608696	0.927536231884	0.0144927536232	0.0144927536232
lek-	0.521739285362	0.24104980467	0.0957823232677	0.1414285867
yay-	0.149523389934	0.600802928703	0.155069201013	0.0946044803502
pun-	0.138038416764	0.569470314319	0.0457508731083	0.246740395809
mwe-	0.107294992646	0.561980385134	0.118877974807	0.211846647413
tah-	0.0	1.0	0.0	0.0
lou-	0.72692441658	0.10844072913	0.00835945663531	0.156275397655
kes-	0.0	1.0	0.0	0.0
sod-	0.0206515481491	0.979348451851	0.0	0.0
kun-	0.179255091432	0.795669989603	0.0159011681243	0.00917375084093
ide-	0.0	0.98347107438	0.0165289256198	0.0
elp-	0.0	0.714285714286	0.285714285714	0.0
kan-	0.157185628742	0.73502994012	0.0718562874252	0.0359281437125
nei-	0.0108108108108	0.978378378378	0.0	0.0108108108108
agi-	0.0306971904266	0.953694068678	0.00312174817898	0.0124869927159
geh-	0.0815709491377	0.878091768322	0.0295806738631	0.0107566086775
gib-	0.0	0.968253968254	0.031746031746	0.0
lig-	0.414800848456	0.464529813811	0.0471364600519	0.0735328776809
diy-	0.0262768641782	0.927869137736	0.0101366048899	0.0357173931959
sey-	0.0	1.0	0.0	0.0
osi-	0.444717444717	0.525798525799	0.029484029484	0.0
pwa-	0.577872597088	0.205064858917	0.0400309173367	0.177031626659
uli-	0.496655518395	0.289297658863	0.103678929766	0.110367892977
mum-	0.13965495496	0.789364898514	0.0509601051984	0.0200200413279
daw-	0.0	0.968936303734	0.0310636962661	0.0
log-	0.16638206884	0.661848056141	0.046416722669	0.125353152349
eey-	0.2	0.8	0.0	0.0
kow-	0.445205479452	0.123287671233	0.287671232877	0.143835616438
met-	0.0	1.0	0.0	0.0
100-	0.115267507612	0.384949978251	0.182688125272	0.317094388865
aml-	0.0	1.0	0.0	0.0
kuw-	0.170212765957	0.829787234043	0.0	0.0
lol-	0.495241223126	0.350181918723	0.0794190654832	0.075157792668
ken-	0.371658648141	0.472357662186	0.0352203835947	0.120763306078
beb-	0.0495241615079	0.256028827497	0.364778712002	0.329668298993
pib-	0.544093178037	0.34608985025	0.0299500831947	0.0798668885191
hil-	0.633709619282	0.180132674813	0.0469064425342	0.139251263371
egl-	0.0	1.0	0.0	0.0
ipa-	0.5	0.5	0.0	0.0
bub-	0.194003185605	0.159898647077	0.135477847947	0.510620319371
eta-	0.142857142857	0.857142857143	0.0	0.0
mat-	0.326592207875	0.388079023999	0.0710399404238	0.214288827702
oya-	0.050563115908	0.935007038949	0.00140778977006	0.0130220553731
aat-	0.762099557215	0.130330405715	0.0280209532894	0.0795490837803
sih-	0.0	1.0	0.0	0.0
bob-	0.193540018161	0.706576728499	0.0726423660657	0.0272408872746
lay-	0.0	0.0	1.0	0.0
gem-	0.141506247889	0.662276258021	0.132387706856	0.0638297872341
aab-	0.753230810731	0.149617962802	0.0432327859454	0.0539184405214
601-	0.692307692308	0.307692307692	0.0	0.0
leh-	0.0	1.0	0.0	0.0
seb-	0.00958865968807	0.345748604198	0.0563889390928	0.588273797021
edm-	0.0	1.0	0.0	0.0
but-	0.18051846907	0.632843791722	0.0879645082332	0.0986732309747
yoe-	0.0	1.0	0.0	0.0
aem-	0.220754845972	0.683003259326	0.0478201914299	0.0484217032718
pom-	0.15976331361	0.739644970414	0.0118343195266	0.0887573964497
hib-	0.033386327504	0.930842607313	0.0357710651828	0.0
912-	0.0	0.0	0.0	1.0
anu-	0.815068493151	0.0410958904111	0.0205479452055	0.123287671233
hik-	0.432258286817	0.305871407897	0.0634001791744	0.198470126111
wai-	0.1450892243	0.226976496697	0.435869077129	0.192065201874
gay-	0.542279411765	0.186121323529	0.0854779411765	0.186121323529
aam-	0.699507389162	0.28078817734	0.0197044334975	0.0
wid-	0.273764258555	0.703422053232	0.0152091254753	0.00760456273764
kin-	0.0325713245535	0.914364857467	0.014126171528	0.0389376464517
egu-	0.603935789821	0.0738467780793	0.0146070550047	0.307610377095
150-	0.52	0.08	0.0	0.4
aim-	0.431654676259	0.0611510791367	0.474820143885	0.0323741007194
ona-	0.164771690886	0.323353803125	0.0570316775096	0.454842828479
dan-	0.0298850574713	0.943295019157	0.0	0.0268199233717
eba-	0.168706293706	0.177593240093	0.0337995337995	0.619900932401
205-	0.0	0.5	0.0	0.5
abw-	0.094204337947	0.0437039535556	0.0221708152933	0.839920893204
bam-	0.32208588957	0.515337423313	0.0245398773006	0.138036809816
mis-	0.671389593913	0.15991386394	0.0495210742339	0.119175467913
wed-	0.294642857143	0.651785714286	0.0267857142857	0.0267857142857
962-	0.0	0.2	0.0	0.8
isb-	0.0	1.0	0.0	0.0
anl-	0.508875739645	0.254437869822	0.118343195266	0.118343195266
din-	0.123693379791	0.797909407666	0.0418118466899	0.0365853658537
yai-	0.10071942446	0.822759973839	0.0313930673643	0.0451275343362
13--	0.461538461538	0.538461538462	0.0	0.0
yon-	0.0200010317992	0.969165075976	0.00833376324968	0.00250012897491
kob-	0.122881355932	0.241525423729	0.504237288136	0.131355932203
heh-	0.59696646941	0.181166313349	0.14333579934	0.078531417901
miy-	0.846153846154	0.0384615384615	0.0576923076923	0.0576923076923
eni-	0.465549348231	0.48417132216	0.0111731843575	0.0391061452514
sos-	0.396883148384	0.433630465102	0.0836820083682	0.0858043781457
mup-	0.0	1.0	0.0	0.0
don-	0.0355160932297	0.948205697373	0.00332963374029	0.0129485756567
ibw-	0.037827252113	0.0956503813646	0.0191713048856	0.847351061637
nep-	0.0	1.0	0.0	0.0
ope-	0.0504605526632	0.949539447337	0.0	0.0
tat-	0.638973813469	0.211335982323	0.0814963011674	0.0681939030407
bit-	0.0	1.0	0.0	0.0
tem-	0.0	1.0	0.0	0.0
tov-	0.267852283208	0.524778207212	0.0547225094726	0.152647000108
sam-	0.0783665111151	0.876110028157	0.0238249945852	0.0216984661429
nom-	0.298969072165	0.134020618557	0.20618556701	0.360824742268
pot-	0.0330188679245	0.122641509434	0.061320754717	0.783018867925
pam-	0.468359564569	0.261634278132	0.0550015120156	0.215004645283
mam-	0.37873963016	0.3999888817	0.0927374216847	0.128534066455
esa-	0.318518518519	0.177777777778	0.42962962963	0.0740740740741
kew-	0.129213483146	0.870786516854	0.0	0.0
hot-	0.240070768947	0.0701110403812	0.145282250411	0.544535940261
yep-	0.0	1.0	0.0	0.0
sis-	0.151555534697	0.647669429367	0.129147606579	0.0716274293578
gil-	0.068690769787	0.708955377943	0.198654091586	0.0236997606839
eeg-	0.683121581083	0.0757896594318	0.0317628374802	0.209325922005
huh-	0.32995658466	0.507959479016	0.114327062229	0.0477568740955
905-	0.0	0.428571428571	0.0	0.571428571429
pai-	0.210027236152	0.258000663974	0.0694034638496	0.462568636024
ama-	0.164618728616	0.0715569869575	0.00955517067221	0.754269113754
hup-	0.0	1.0	0.0	0.0
kok-	0.136340165256	0.640375345464	0.123346288259	0.0999382010214
abu-	0.509079626335	0.398071766146	0.0448728333487	0.0479757741695
uus-	0.100840336134	0.823529411765	0.0	0.0756302521008
epu-	0.318063958513	0.484874675886	0.114088159032	0.0829732065687
yaw-	0.184364139703	0.70184714525	0.0706639328165	0.0431247822312
gop-	0.425360562938	0.475204500271	0.0276208157752	0.0718141210156
oem-	0.5	0.25	0.0	0.25
oin-	0.0581693663599	0.897630511665	0.0108172097541	0.0333829122213
bet-	0.0100324861456	0.987101089241	0.0	0.00286642461303
tod-	0.0566037735849	0.920754716981	0.022641509434	0.0
law-	0.259640551387	0.641947304135	0.0816611411621	0.0167510033153
sal-	0.13971599341	0.82527558805	0.0162652543488	0.018743164191
asu-	0.0	1.0	0.0	0.0
nih-	0.195323942651	0.0155376845853	0.00140097872919	0.787737394035
vey-	0.36261682243	0.536448598131	0.0583177570093	0.0426168224299
hek-	0.228571428572	0.171428571429	0.514285714286	0.0857142857142
isk-	0.0	1.0	0.0	0.0
gab-	0.110586494631	0.500048956146	0.0261099446252	0.363254604598
nub-	0.0	0.990513298323	0.0	0.00948670167712
400-	0.298319327731	0.504201680672	0.0252100840336	0.172268907563
wak-	0.0	0.875	0.0	0.125
soh-	0.0	1.0	0.0	0.0
pip-	0.305790019251	0.309195912928	0.0719680142159	0.313046053606
yan-	0.343739621388	0.262228969967	0.254542866632	0.139488542013
emw-	0.0	0.0	0.195652173913	0.804347826087
liu-	0.0	1.0	0.0	0.0
eme-	0.292307692308	0.215384615385	0.0	0.492307692308
min-	0.301312916948	0.121983086404	0.0340586173954	0.542645379253
diu-	0.0161290322581	0.983870967742	0.0	0.0
335-	0.8	0.0	0.0	0.2
aap-	0.599348489145	0.257090886456	0.0410825316245	0.102478092775
goy-	0.628787878788	0.162878787879	0.0	0.208333333333
nee-	0.119928566039	0.0456774907563	0.0184621576075	0.815931785598
age-	0.451574737938	0.117659307636	0.0149925463193	0.415773408107
lul-	0.449729311678	0.35305491106	0.0696055684455	0.127610208817
tab-	0.585246616388	0.0955234587829	0.0264380931177	0.292791831712
lok-	0.604272568172	0.32987944352	0.0391786843366	0.0266693039719
igo-	0.298858294157	0.640698455339	0.0604432505037	0.0
gal-	0.13985314832	0.640104294663	0.116843587976	0.103198969041
nul-	0.641343852589	0.243858526308	0.0425610227898	0.0722365983129
ida-	0.0	1.0	0.0	0.0
hav-	0.458549625797	0.35201562491	0.0338770172093	0.155557732083
sel-	0.0233064014916	0.955251709136	0.00559353635798	0.0158483530143
awe-	0.257703458971	0.558222641764	0.184073899265	0.0
kus-	0.218302094818	0.781697905182	0.0	0.0
amn-	0.414809167152	0.295914248554	0.118267031439	0.171009552855
lil-	0.492811235684	0.314718843485	0.105886030944	0.0865838898864
ati-	0.155262169691	0.618574860663	0.0964250879382	0.129737881708
imo-	0.534482758621	0.051724137931	0.396551724138	0.0172413793103
ete-	0.0196926942253	0.154952773525	0.0349138303302	0.79044070192
lae-	0.784946236559	0.103630980209	0.0412965560231	0.070126227209
not-	0.576818742293	0.164734895191	0.0547472256473	0.203699136868
vav-	0.312058724644	0.12047517651	0.511823377788	0.0556427210579
lop-	0.642470579052	0.224106217839	0.0529292151015	0.0804939880072
tak-	0.249469295499	0.705798805724	0.0170130881657	0.027718810611
eel-	0.324090121317	0.452339688042	0.140381282496	0.0831889081456
lob-	0.543052871461	0.335245101095	0.0402440967244	0.0814579307192
365-	0.0	0.0	0.0	1.0
tay-	0.00613496932515	0.978527607362	0.0	0.0153374233129
lel-	0.651788029562	0.247673826506	0.0295986893063	0.0709394546263
pav-	0.380814045281	0.316287220942	0.0999400044207	0.202958729357
kop-	0.256806333269	0.716161421124	0.0	0.0270322456073
kak-	0.333581371429	0.339947883888	0.222531977038	0.103938767644
nel-	0.720821300647	0.0955277705131	0.0059659755542	0.177684953286
nob-	0.457142857143	0.414285714286	0.1	0.0285714285714
kik-	0.669516585943	0.130241633639	0.0435935528137	0.156648227605
aan-	0.394799038507	0.536773336115	0.0165250238725	0.0519026015051
gog-	0.186512757906	0.610136757961	0.089790114496	0.113560369637
815-	0.0	0.0	0.0	1.0
poi-	0.343664083979	0.628842789303	0.0274931267183	0.0
heu-	0.882352941176	0.0392156862745	0.0196078431373	0.0588235294117
kap-	0.0340284142988	0.955792145526	0.00407177606995	0.00610766410491
buh-	0.196176999938	0.71010984919	0.0471668838826	0.0465462669894
unu-	0.581818181818	0.345454545455	0.0515151515151	0.0212121212121
sil-	0.0716755347748	0.789221641658	0.075270204452	0.0638326191156
ake-	0.155675675676	0.84	0.0	0.00432432432432
lal-	0.495688074787	0.369231807089	0.0654150440941	0.0696650740297
nek-	0.363636363636	0.636363636364	0.0	0.0
lib-	0.608513639768	0.307817663207	0.0113135300219	0.0723551670036
kib-	0.217160212604	0.535054416603	0.155909896229	0.0918754745634
eeu-	0.0143886716278	0.593663913232	0.122591482269	0.269355932872
leu-	0.0366972477064	0.481651376147	0.128440366972	0.353211009174
ule-	0.01938746839	0.9081202585	0.054790671537	0.0177016015735
kis-	0.0	0.979591836735	0.0204081632653	0.0
gau-	0.122415219189	0.818031430935	0.0248138957816	0.0347394540943
nau-	0.3738589052	0.027777609862	0.00202735987195	0.596336125066
nuw-	0.464326924252	0.221861068648	0.0580858093788	0.255726197722
egi-	0.0634920634921	0.904761904762	0.0	0.031746031746
600-	0.076923076923	0.307692307692	0.230769230769	0.384615384615
gel-	0.0381436745074	0.897647806739	0.0254291163382	0.0387794024157
sau-	0.049965837653	0.184437165592	0.00806527582902	0.757531720926
140-	0.0	0.5	0.5	0.0
sad-	0.0520745131245	0.929720575783	0.0114309906859	0.00677392040644
way-	1.0	0.0	0.0	0.0
sag-	0.378130217028	0.585976627713	0.0191986644407	0.016694490818
oho-	0.0	1.0	0.0	0.0
kit-	0.831429886182	0.0443277274903	0.00537321234684	0.11886917398
pop-	0.501799910176	0.387931956696	0.0111866222014	0.0990815109265
gol-	0.210527522016	0.653131499487	0.060641827047	0.0756991514499
ela-	0.00955784539592	0.0130756142015	0.0036605313909	0.973706009012
iyo-	0.356367917842	0.00523587112138	0.0113222390747	0.627073971962
yud-	0.018879616624	0.801136081963	0.108062050731	0.0719222506816
sow-	0.0	1.0	0.0	0.0
eib-	0.0137241561906	0.986275843809	0.0	0.0
nag-	0.0245901639345	0.889344262295	0.0860655737706	0.0
aen-	0.117698413982	0.758944594442	0.0161673645579	0.107189627019
miw-	0.253181248764	0.52924111558	0.138458495418	0.0791191402387
leg-	1.0	0.0	0.0	0.0
itu-	0.0	1.0	0.0	0.0
had-	0.0	1.0	0.0	0.0
pow-	0.372404695258	0.496385360299	0.112190015522	0.0190199289214
oda-	0.0437102734315	0.912579453137	0.0305971914021	0.0131130820295
27--	0.0	0.0	1.0	0.0
hit-	0.0	1.0	0.0	0.0
tam-	0.0439126802806	0.849249903713	0.0178425012475	0.0889949147588
241-	0.0	1.0	0.0	0.0
gul-	0.102801196628	0.516453630677	0.295077508839	0.0856676638564
nal-	0.835433654559	0.151223128243	0.0	0.0133432171979
kid-	0.0408163265306	0.959183673469	0.0	0.0
182-	0.0	0.0	0.0	1.0
men-	0.0	0.948717948718	0.0	0.0512820512821
ava-	0.166071698007	0.146970799834	0.0511844380738	0.635773064086
iko-	0.0	0.988047808765	0.0119521912351	0.0
hop-	0.0	0.677419354839	0.225806451613	0.0967741935484
bus-	0.0	1.0	0.0	0.0
ain-	0.00546448087431	0.956284153005	0.0218579234973	0.0163934426229
lub-	0.0815428423505	0.885840020709	0.0108723789801	0.0217447579601
tap-	0.146150336407	0.764841356634	0.0185765913222	0.070431715637
amw-	0.741046831956	0.0909090909091	0.090909090909	0.0771349862259
lup-	0.0	0.962962962963	0.037037037037	0.0
930-	0.0	0.0	0.0	1.0
deb-	0.149812734082	0.850187265918	0.0	0.0
sol-	0.134101142895	0.811267323982	0.0180473709645	0.0365841621584
bib-	0.0340797386377	0.865777148144	0.094505319764	0.00563779345438
lai-	0.0577849117176	0.749598715891	0.192616372392	0.0
iso-	0.032722513089	0.949607329843	0.0137434554974	0.00392670157068
ulu-	0.477788961047	0.165874627509	0.0285672689082	0.327769142536
bos-	0.236880052243	0.125671940069	0.218011310757	0.419436696931
kiv-	0.0333333333333	0.833333333333	0.133333333333	0.0
mag-	0.150768564665	0.703661786693	0.107286721564	0.038282927078
147-	0.0	0.0	0.0	1.0
vin-	0.727208822614	0.170575152402	0.0165366398931	0.0856793850906
hob-	0.0	1.0	0.0	0.0
ehi-	0.132465830369	0.0864694501654	0.488360481807	0.292704237658
ket-	0.06	0.414	0.504	0.022
enm-	0.2	0.8	0.0	0.0
taw-	0.0627615062762	0.937238493724	0.0	0.0
leb-	0.0635256749603	0.786659608258	0.00317628374801	0.146638433033
opa-	0.0	1.0	0.0	0.0
tou-	0.669286948007	0.0991309551333	0.0189313060153	0.212650790844
alo-	0.158201533641	0.150329935947	0.044151932187	0.647316598224
pit-	0.0606122600551	0.91142352609	0.00568998892332	0.0222742249316
adu-	0.0	1.0	0.0	0.0
sun-	0.0	1.0	0.0	0.0
gew-	0.0558970006715	0.100133831978	0.617480694621	0.22648847273
las-	0.0216912920465	0.892486639422	0.0471549827098	0.0386670858221
pem-	0.553819775195	0.0496065184577	0.0117971188651	0.384776587482
350-	0.0	0.0	0.0	1.0
eti-	0.114955935718	0.107244686366	0.0157465007776	0.762052877138
laa-	0.0	1.0	0.0	0.0
wik-	0.0438957475994	0.673525377229	0.00548696844993	0.277091906721
bes-	0.25974025974	0.384662956091	0.0643166357452	0.291280148423
sip-	0.0408964147924	0.940279125101	0.00528405897722	0.0135404011291
get-	0.108959317627	0.30939848432	0.213312934014	0.368329264039
pad-	0.195652173913	0.597826086957	0.108695652174	0.0978260869565
mib-	0.0784543325527	0.846135831382	0.0381733021077	0.0372365339578
yos-	0.0294726780309	0.950082311083	0.0018586373533	0.018586373533
gah-	0.0	1.0	0.0	0.0
dum-	0.0	1.0	0.0	0.0
aeu-	0.0309917355372	0.803719008264	0.0	0.165289256198
ahe-	0.634201071594	0.0539028110735	0.0182223487759	0.293673768557
pis-	0.0992366412214	0.87786259542	0.0152671755725	0.00763358778627
lih-	0.38918554866	0.142925867128	0.0226583922644	0.445230191947
ten-	0.076923076923	0.0	0.0	0.923076923077
yod-	0.0	1.0	0.0	0.0
pet-	0.196063498511	0.742333468725	0.0319861900894	0.0296168426753
his-	0.0584415584415	0.785714285714	0.155844155844	0.0
sai-	0.00917078668955	0.986115736353	0.00102466890386	0.0036888080539
apo-	0.0546558704453	0.875870445344	0.0323886639676	0.0370850202429
yas-	0.0	1.0	0.0	0.0
suw-	0.0	1.0	0.0	0.0
ael-	0.19771468144	0.426246537396	0.297091412742	0.0789473684211
nop-	0.298429966621	0.521819755223	0.0189145753492	0.160835702806
heb-	0.188872620791	0.622254758419	0.15812591508	0.0307467057101
gag-	0.344163722533	0.252523050409	0.0863343386471	0.31697888841
atu-	0.855992945641	0.100775087408	0.0259391801709	0.0172927867806
awa-	0.472871307761	0.32307282518	0.0504210659888	0.15363480107
dei-	0.00582190389796	0.964256217929	0.00162471736687	0.0282971608064
ima-	0.0333333333333	0.9	0.0333333333333	0.0333333333333
lot-	0.0117466088659	0.967696825619	0.00587330443294	0.0146832610824
kao-	0.795411476957	0.168006516023	0.0103813803705	0.0262006266493
sua-	0.0	1.0	0.0	0.0
wat-	0.251162790698	0.46976744186	0.251162790698	0.0279069767442
300-	0.0	1.0	0.0	0.0
bau-	0.589577299124	0.262608099327	0.013145643184	0.134668958365
mik-	0.186386443717	0.138414034389	0.570613942254	0.104585579641
lep-	0.287907869482	0.626871401152	0.0368522072936	0.0483685220729
ewa-	0.27509271968	0.430540548433	0.0718395000438	0.222527231843
kot-	0.378959118181	0.503294420414	0.037765685317	0.079980776088
bul-	0.0475279123094	0.847032654921	0.0181713142645	0.0872681185055
hep-	0.166666666667	0.645833333333	0.0208333333333	0.166666666667
dot-	0.0	1.0	0.0	0.0
ila-	0.00381165919282	0.994170403587	0.00201793721973	0.0
now-	0.583605555656	0.210061955824	0.0425930175297	0.163739470991
tan-	0.368761514519	0.501899572788	0.0480809556235	0.0812579570692
vag-	0.56631039105	0.396704782964	0.00568997322853	0.0312948527569
ale-	0.00701754385964	0.87134502924	0.116959064327	0.0046783625731
sob-	0.0236686390533	0.940828402367	0.0355029585799	0.0
bil-	0.071592788287	0.819787843343	0.0129472028395	0.0956721655306
kav-	0.312068965517	0.553448275862	0.051724137931	0.0827586206896
aga-	0.0	1.0	0.0	0.0
ive-	0.403141361257	0.534031413613	0.0523560209424	0.0104712041885
mos-	0.0477252283191	0.93126276748	0.00465279100992	0.0163592131909
pia-	0.429229756419	0.221198156682	0.161948650428	0.187623436471
alv-	0.0	1.0	0.0	0.0
asb-	0.0	1.0	0.0	0.0
lah-	0.711703537973	0.179187369506	0.0336033973422	0.0755056951786
wam-	0.0604714375573	0.0800237246609	0.0137057335243	0.845799104257
bel-	0.0386856913183	0.92433681672	0.015172829582	0.0218046623794
akb-	0.0	0.333333333333	0.666666666667	0.0
vai-	0.322784810127	0.553797468354	0.0569620253165	0.0664556962025
ton-	0.157655834924	0.723531919906	0.0818016360554	0.037010609114
ant-	0.0358606557377	0.939549180328	0.00204918032787	0.0225409836066
eha-	0.258706467662	0.626865671642	0.0447761194029	0.0696517412935
eve-	0.17094017094	0.299145299145	0.0	0.529914529915
yaa-	0.0423008815107	0.0172134589804	0.0042664203569	0.936219239152
asd-	0.177966101695	0.669491525424	0.0508474576271	0.101694915254
ede-	0.0	1.0	0.0	0.0
nak-	0.312452842638	0.226612787823	0.269300814882	0.191633554657
000-	0.310897611858	0.396596211913	0.0461158385946	0.246390337634
pol-	0.0628472485703	0.857600320086	0.00440394312953	0.075148488214
goh-	0.0175591067913	0.940813394583	0.0354729430127	0.00615455561271
esi-	0.0671296296296	0.37037037037	0.0	0.5625
geb-	0.153338465402	0.344505248076	0.143822780493	0.358333506029
pih-	0.635199065873	0.178911427147	0.0195497279251	0.166339779055
poe-	0.0	1.0	0.0	0.0
git-	0.0341880341881	0.726495726496	0.222222222222	0.017094017094
wes-	0.727272727273	0.104278074866	0.120320855615	0.048128342246
kah-	0.716833805405	0.230804562505	0.0368981091633	0.0154635229274
teu-	0.37037037037	0.58024691358	0.0	0.0493827160494
dam-	0.028085443038	0.957674050633	0.00474683544304	0.00949367088609
put-	0.0469416785207	0.908961593172	0.0184921763869	0.0256045519203
tin-	0.336451065736	0.502488318505	0.0892914293029	0.0717691864559
hee-	0.0500000000001	0.95	0.0	0.0
ido-	0.0	0.888888888889	0.0	0.111111111111
nab-	0.229797617339	0.112395169062	0.231323176608	0.426484036991
bal-	0.0811093847322	0.765989158037	0.0497436669656	0.103157790265
13.-	0.0	0.8	0.0	0.2
840-	0.0	0.0	0.0	1.0
han-	0.259441020436	0.385310829052	0.120857618215	0.234390532297
mip-	0.404394604881	0.199468626207	0.0339887741302	0.362147994782
esb-	0.0	1.0	0.0	0.0
ank-	0.455357142857	0.519642857143	0.00357142857143	0.0214285714286
top-	0.0545330521105	0.879897001615	0.033791053147	0.0317788931278
dai-	0.02	0.78	0.0	0.2
usi-	0.0	1.0	0.0	0.0
tun-	0.335894571135	0.246953987451	0.125051658518	0.292099782896
eit-	0.00853387950163	0.068100358423	0.114353985322	0.809011776754
lut-	0.428115261683	0.124376670799	0.0531579449286	0.394350122589
sop-	0.0444444444444	0.911111111111	0.0444444444444	0.0
nol-	0.282015905232	0.216773862763	0.178625211044	0.322585020961
beo-	0.0	1.0	0.0	0.0
tas-	0.0	1.0	0.0	0.0
amp-	0.0196078431372	0.980392156863	0.0	0.0
set-	0.0	1.0	0.0	0.0
777-	0.0	0.2	0.0	0.8
ele-	0.254385964912	0.526315789474	0.201754385965	0.0175438596491
ais-	0.00731314904198	0.98610501682	0.00219394471259	0.00438788942519
dal-	0.0	1.0	0.0	0.0
yog-	0.811528080563	0.0744238001462	0.0465096060752	0.0675385132153
hak-	0.201035031847	0.798964968153	0.0	0.0
toi-	0.0568513119533	0.721574344023	0.160349854227	0.0612244897959
alk-	0.0	1.0	0.0	0.0
how-	0.661163522013	0.241352201258	0.0597484276729	0.0377358490566
ges-	0.0	1.0	0.0	0.0
gim-	0.399326032013	0.448188711036	0.0539174389217	0.0985678180286
keb-	0.0909090909091	0.848484848485	0.0	0.0606060606061
muk-	0.25	0.75	0.0	0.0
sit-	0.0934126157725	0.783443853784	0.0379788458377	0.0851646846057
14--	0.0	1.0	0.0	0.0
lus-	0.0	1.0	0.0	0.0
lei-	0.0583941605841	0.805352798054	0.136253041362	0.0
kuk-	0.614774841207	0.311778310345	0.0324707972314	0.0409760512159
mot-	0.0386176849193	0.947123477572	0.010100009902	0.00415882760669
koh-	0.0	1.0	0.0	0.0
pew-	0.624866610869	0.0391437555147	0.00200033518724	0.333989298429
bla-	0.334178017105	0.390877415268	0.127969591384	0.146974976243
mia-	0.5	0.5	0.0	0.0
yat-	0.113172854257	0.802783169585	0.0596903239755	0.024353652182
pah-	0.507379190675	0.32811291581	0.0858923852102	0.0786155083045
huw-	0.271565495208	0.253993610224	0.0327476038339	0.441693290735
mut-	0.787234042553	0.170212765957	0.0425531914893	0.0
mak-	0.120174799709	0.792425345958	0.0	0.0873998543336
pep-	0.408878044743	0.366584558261	0.12615646427	0.0983809327263
hiw-	0.401270464919	0.0636931851011	0.0135271545732	0.521509195406
anb-	0.477443609023	0.426691729323	0.00563909774437	0.0902255639098
hon-	0.363196125908	0.607748184019	0.0	0.0290556900727
ogi-	0.0	1.0	0.0	0.0
bow-	0.0685602350636	0.919686581783	0.0058765915769	0.00587659157689
nik-	0.00478087649404	0.937051792829	0.0	0.0581673306773
lit-	0.0877192982456	0.719298245614	0.0701754385965	0.122807017544
teb-	0.0	1.0	0.0	0.0
yet-	0.0579710144927	0.942028985507	0.0	0.0
yun-	0.0361445783133	0.843373493976	0.120481927711	0.0
imw-	0.82748788138	0.138579982891	0.027373823781	0.00655831194753
yao-	0.400823196685	0.361040608843	0.165997583794	0.0721386106772
kiy-	0.59057437408	0.234658811978	0.151202749141	0.0235640648012
bag-	0.0740184852329	0.879312232553	0.0406474393482	0.00602184286639
ham-	0.0	1.0	0.0	0.0
gov-	0.605260161676	0.330069452351	0.0109302060799	0.053740179893
