-asl	0.290758102518	0.535001742693	0.0862480667619	0.0879920880271
-hey	0.479592209595	0.222375488727	0.23911097307	0.0589213286074
-tə̂	0.513088067469	0.115631590589	0.0459923248513	0.32528801709
-cak	0.588663719714	0.194799684178	0.153640811898	0.06289578421
-cah	0.291938997821	0.045751633987	0.118191721133	0.544117647059
-can	0.123223400889	0.577829143793	0.282189292938	0.0167581623808
-cal	0.336609336609	0.228501228501	0.412776412777	0.022113022113
-gaɗ	0.427968821093	0.376855996028	0.0909262576629	0.104248925216
-car	0.086231954268	0.545480969955	0.178206833376	0.190080242401
-hen	0.600087383375	0.247436376997	0.0702092062241	0.0822670334036
-cap	0.0394736842105	0.605263157895	0.328947368421	0.0263157894737
-caw	0.801948051948	0.0616883116883	0.00974025974026	0.126623376623
-rbe	0.041726618705	0.958273381295	0.0	0.0
-hek	0.591488348088	0.213386795824	0.0565723133114	0.138552542777
-cay	0.617998839007	0.239687566455	0.0704297398111	0.0718838547265
-umo	0.119106075351	0.142035409077	0.0292299632817	0.70962855229
-ufu	0.0114335971856	0.979243623571	0.0042216358839	0.00510114335972
-bba	0.135593220339	0.768361581921	0.00564971751412	0.090395480226
-oyo	0.030303030303	0.181818181818	0.424242424242	0.363636363636
-zen	0.119456379433	0.600423500924	0.214971305414	0.0651488142286
-asu	0.0	0.91124260355	0.0887573964497	0.0
-iɗe	0.261285312343	0.609612059194	0.0389591520125	0.0901434764504
-ufo	0.564102564103	0.326923076923	0.0	0.108974358974
-ənə	0.432242294977	0.330328838768	0.0852308750659	0.152197991189
-sœk	0.547817920298	0.245944745001	0.0601525559544	0.146084778746
-hew	0.258162490509	0.174639331815	0.261958997722	0.305239179954
-pus	0.0	1.0	0.0	0.0
-nah	0.263655994334	0.511217806697	0.144179183165	0.0809470158041
-dus	0.0206438068579	0.918766036856	0.0472358292513	0.0133543270352
-sœs	0.357216209811	0.153961608342	0.244411090923	0.244411090923
-ntu	0.00681818181818	0.968181818182	0.0090909090909	0.0159090909091
-war	0.0606581491739	0.706663729167	0.0154685650764	0.217209556583
-əve	0.203389830508	0.389830508475	0.406779661017	0.0
-ley	0.662344456485	0.141437166025	0.0369941332536	0.159224244236
-coy	0.312086825334	0.129976704875	0.0759930234306	0.48194344636
-opo	0.534722222222	0.402777777778	0.0416666666667	0.0208333333333
-əɓa	0.430079759509	0.120171792702	0.0779705778503	0.371777869939
-sma	0.712058755833	0.26659831349	0.0196689753301	0.00167395534724
-əma	0.584723904776	0.152455713138	0.0610308243903	0.201789557696
-əme	0.121212121212	0.0909090909091	0.715151515151	0.0727272727273
-das	0.07417783579	0.912132692369	0.00286523829232	0.0108242335488
-ɗœk	0.436434108527	0.170542635659	0.0744186046512	0.318604651163
-deh	0.162762404468	0.64192271017	0.156843771578	0.0384711137834
-yeɓ	0.799465240642	0.0882352941176	0.0882352941176	0.024064171123
-dek	0.712674418605	0.138272425249	0.0404485049834	0.108604651163
-del	0.181672174979	0.255365962345	0.295220765717	0.267741096959
-dem	0.0256909303231	0.755936161931	0.206695212145	0.0116776956014
-yeɗ	0.437876064703	0.44881612878	0.0746268656716	0.0386809408455
-ima	0.00890388887947	0.978444109018	0.0104472296186	0.00220477248444
-der	0.116574532053	0.760159053438	0.0608088449229	0.0624575695859
-des	0.0	1.0	0.0	0.0
-ɗɗe	0.506603462126	0.159856370263	0.239142006966	0.0943981606446
-kim	0.0	1.0	0.0	0.0
-dew	0.0515628399449	0.565414460802	0.306693741388	0.076328957865
-dey	0.346697265637	0.505771983028	0.029506150267	0.118024601068
-dez	0.1	0.494444444445	0.383333333333	0.0222222222222
-rwa	0.0382978723404	0.144680851064	0.817021276596	0.0
-ide	0.252402697123	0.706316678023	0.00756658903455	0.0337140358192
-joɓ	0.72	0.28	0.0	0.0
-rav	0.293443599904	0.640704883582	0.0450563007726	0.0207952157412
-nay	0.235664683594	0.0548198027435	0.0106226648505	0.698892848812
-baɗ	0.499829312699	0.434171597633	0.0412494310423	0.0247496586254
-rat	0.620689655172	0.201149425287	0.122605363985	0.0555555555556
-ter	0.0245729697333	0.908370023743	0.0517046633319	0.0153523431917
-tes	0.394330933965	0.581526355792	0.0241427102428	0.0
-tev	0.265735456946	0.734264543054	0.0	0.0
-ifa	0.171923843409	0.734270354063	0.0861969024425	0.0076089000858
-rim	0.0	1.0	0.0	0.0
-lar	0.800992967544	0.150421667578	0.0304490471667	0.0181363177113
-rit	0.0	1.0	0.0	0.0
-ris	0.0	1.0	0.0	0.0
-lœk	0.240506329114	0.506329113924	0.253164556962	0.0
-tek	0.0585010110226	0.178371459342	0.0885358670344	0.674591662601
-lœn	0.433819685376	0.364906610902	0.15985456965	0.0414191340716
-tem	0.32634032634	0.456099456099	0.142968142968	0.0745920745921
-ten	0.202264164516	0.647930510471	0.0595714452707	0.0902338797421
-riy	0.241134751773	0.54609929078	0.0	0.212765957447
-jin	0.0	0.899665551839	0.0	0.100334448161
-pas	0.0558793949221	0.889934525153	0.0406395599434	0.0135465199811
-ara	0.180703532954	0.391433308356	0.167879483883	0.259983674807
-mes	0.0	0.915254237288	0.0847457627118	0.0
-mer	0.306978575456	0.598244463573	0.0498633679362	0.0449135930344
-raɗ	0.126498295477	0.661410812377	0.207278456991	0.00481243515404
-lus	0.134683098592	0.838908450704	0.0211267605634	0.00528169014086
-ari	0.0539867109635	0.910714285714	0.0232558139535	0.0120431893688
-mez	0.0412766955077	0.946350606422	0.00627227054967	0.00610042752091
-aru	0.0	1.0	0.0	0.0
-jœk	0.070578934851	0.170464708858	0.460990650887	0.297965705404
-mec	0.272210689648	0.405254660208	0.0163972237948	0.306137426349
-mem	0.38282208589	0.273619631902	0.343558282209	0.0
-men	0.406507243686	0.295852089872	0.0836571904558	0.213983475986
-mek	0.0	1.0	0.0	0.0
-ɓaɓ	0.457627118644	0.220338983051	0.220338983051	0.101694915254
-aya	0.275965378487	0.135238827525	0.0420844172828	0.546711376704
-iwe	0.211650978212	0.25581663774	0.213012953619	0.319519430429
-sra	0.00796178343949	0.921576433121	0.0692675159236	0.00119426751592
-mos	0.0206896551724	0.958620689655	0.00689655172415	0.0137931034483
-geɗ	0.0892963922662	0.00657763603748	0.904125971696	0.0
-zek	0.190846366279	0.237633320259	0.072009592185	0.499510721277
-mor	0.0527641145909	0.748898297463	0.152411984863	0.0459256030827
-ere	0.262643278941	0.672978995432	0.0280434818484	0.0363342437786
-laɗ	0.505346430697	0.376854277337	0.0714314855541	0.0463678064123
-laɓ	0.0853467670029	0.814201392799	0.0935261264134	0.0069257137845
-uba	0.00483602841167	0.990630194952	0.00362702130875	0.000906755327188
-kem	0.6541017671	0.230152324363	0.0331438580825	0.0826020504542
-ije	0.0675209883284	0.848551293427	0.0285987304621	0.0553289877824
-roɗ	0.277027027027	0.666216216216	0.0324324324324	0.0243243243243
-ote	0.0796816479401	0.850093632959	0.014606741573	0.0556179775281
-aɓa	0.0833333333333	0.453125	0.432291666667	0.03125
-roɓ	0.247563352826	0.392787524367	0.257309941521	0.102339181287
-kek	0.641408428379	0.111965300844	0.161895772842	0.0847304979358
-hwa	0.614190687362	0.252771618625	0.0133037694013	0.119733924612
-iga	0.316748164934	0.214082033156	0.0756795437543	0.393490258156
-hwe	0.173741460018	0.601038128848	0.118752580416	0.106467830718
-əso	0.333202742409	0.617433888345	0.0246816846229	0.0246816846229
-əsl	0.682119205298	0.172185430464	0.119205298013	0.0264900662252
-uma	0.0772847487512	0.761142129494	0.133705553923	0.0278675678323
-œɗœ	0.25	0.155172413793	0.594827586207	0.0
-əse	0.230453813571	0.170651799565	0.0459082600134	0.552986126851
-umi	0.0731707317073	0.743902439024	0.0365853658537	0.146341463415
-loɓ	0.291666666667	0.708333333333	0.0	0.0
-nak	0.351532248161	0.0861302599984	0.021981052825	0.540356439015
ALL	0.227324232266	0.303204927456	0.0561078851028	0.413362955176
-nan	0.214204675706	0.0425661757668	0.0139192157551	0.729309932773
-nam	0.336807949127	0.557964478602	0.0398589288908	0.0653686433809
-sis	0.0217391304348	0.978260869565	0.0	0.0
-ake	0.0	0.974358974359	0.025641025641	0.0
-naa	0.393953813282	0.0567291805378	0.0192261396185	0.530090866562
-œɓe	0.430493273543	0.286995515695	0.134529147982	0.14798206278
-aka	0.261312796715	0.487883760149	0.0814448390395	0.169358604096
-kis	0.0118343195266	0.881656804734	0.10650887574	0.0
-əje	0.0586985122963	0.900313733428	0.0288432344904	0.0121445197854
-sii	0.506912442396	0.410138248848	0.0276497695853	0.0552995391705
-goz	0.74025974026	0.25974025974	0.0	0.0
-dak	0.214087434438	0.439829539114	0.187827809396	0.158255217052
-nar	0.00761904761906	0.766349206349	0.180317460317	0.0457142857143
-nas	0.0371675744953	0.931111823134	0.0134572252483	0.0182633771227
-aku	0.0192795535261	0.967021816337	0.00558092338914	0.00811770674785
-naw	0.16020626747	0.196816400039	0.0479596376549	0.595017694836
-ker	0.46801186315	0.376151890689	0.0677894290859	0.0880468170745
-gok	0.507737766251	0.348348284512	0.124356957612	0.0195569916245
-gom	0.0700314422242	0.673363944354	0.242440585893	0.0141640275288
-gol	0.175306123666	0.511412910576	0.132767906669	0.180513059089
-zze	0.725806451613	0.145161290323	0.0967741935483	0.0322580645161
-gon	0.0	1.0	0.0	0.0
-amu	0.0	1.0	0.0	0.0
-zzo	0.253012048193	0.204819277108	0.451807228916	0.0903614457831
-ynu	0.0	0.9875	0.0125	0.0
-gog	0.0327868852459	0.934426229508	0.0327868852459	0.0
-gof	0.487179487179	0.320512820513	0.0769230769231	0.115384615385
-goy	0.0429702223898	0.678854127403	0.201281568036	0.0768940821711
-lki	0.0	1.0	0.0	0.0
-wus	0.147849462366	0.836021505376	0.0	0.016129032258
-mon	0.00755591808698	0.98866612287	0.000772764349805	0.00300519469369
-gos	0.0320855614973	0.909090909091	0.0320855614973	0.0267379679144
-gor	0.551181102362	0.188976377953	0.157480314961	0.102362204724
-mok	0.153020134228	0.697986577181	0.0765100671141	0.0724832214765
-mom	0.0118938700823	0.732387923147	0.25571820677	0.0
-bez	0.701228648487	0.19358705424	0.105184297273	0.0
-yaw	0.0905424218957	0.161790972617	0.0209837636031	0.726682841884
-yas	0.0450841806185	0.92180712424	0.0218376499871	0.0112710451546
-ber	0.0	1.0	0.0	0.0
-yay	0.111111111111	0.722222222222	0.0277777777778	0.138888888889
-mfa	0.0	1.0	0.0	0.0
-bet	0.0561594202899	0.911231884058	0.00724637681161	0.0253623188406
-nʼa	0.2039960373	0.155248983794	0.0542018456595	0.586553133246
-yaf	0.285714285714	0.142857142857	0.0408163265306	0.530612244898
-ben	0.378595624424	0.256695625231	0.22172848793	0.142980262415
-bel	0.171158344351	0.79863724194	0.0164751347503	0.0137292789586
-yam	0.608415059349	0.350835447851	0.0306967544881	0.0100527383119
-nàn	0.302521008403	0.672268907563	0.0	0.0252100840336
-yah	0.144534438097	0.700115621636	0.0830827212188	0.0722672190482
-yak	0.245062070038	0.141336821095	0.285505052752	0.328096056114
-rek	0.313505299287	0.327622081666	0.259738605467	0.0991340135799
-reh	0.446685878963	0.337175792507	0.103746397695	0.112391930836
-uvo	0.0852076408562	0.879169305526	0.0175829306399	0.0180401229782
-ren	0.422326218191	0.301038724779	0.128860528421	0.147774528609
-rem	0.244755244755	0.314685314685	0.398601398601	0.041958041958
-hha	0.476405809438	0.242698302921	0.127679948928	0.153215938714
-hhe	0.240951204635	0.507682409816	0.113665676334	0.137700709216
-rez	0.159259259259	0.807936507937	0.0031746031746	0.0296296296297
-ama	0.111591924466	0.655260066456	0.0324913734952	0.200656635583
-zem	0.265306122449	0.551020408163	0.0816326530612	0.102040816327
-upo	0.264207222035	0.047668460262	0.00740023640642	0.680724081296
-rep	0.318249052417	0.57566793011	0.0707220116483	0.0353610058242
-atə	0.138058916998	0.175407207889	0.0212879868713	0.665245888241
-rew	0.661263247563	0.207200661439	0.0957081652595	0.0358279257385
-ret	0.233327529166	0.567589529282	0.0458529223983	0.153230019154
-may	0.353939138796	0.491948257393	0.0400059235788	0.114106680231
-hab	0.024948024948	0.945945945946	0.016632016632	0.012474012474
-ava	0.0235584154161	0.90823617221	0.0521514921913	0.0160539201828
-mas	0.0508631891591	0.93447187674	0.00352700946724	0.0111379246334
-hak	0.5581064446	0.241825280446	0.0958893945752	0.104178880379
-ham	0.00772698003863	0.992273019961	0.0	0.0
-maw	0.0897163985279	0.0605027815741	0.0218187695291	0.827962050369
-zle	0.435126731163	0.0592190246615	0.0384772856238	0.467176958552
-mak	0.654649561246	0.192755091737	0.0584628681253	0.094132478892
-mam	0.0	0.949074074074	0.0509259259259	0.0
-mal	0.470823941898	0.406461307288	0.0150262960181	0.107688454796
-hav	0.146098822391	0.72394369135	0.0751164041813	0.0548410820771
-haw	0.605582299574	0.110720236993	0.0241621921866	0.259535271246
-hay	0.157060770108	0.339493200472	0.0190618063514	0.484384223069
-mac	0.369246666798	0.400512007383	0.201977831013	0.0282634948063
-əfe	0.611260053619	0.187667560322	0.201072386059	0.0
-uno	0.0351853688913	0.0350765767847	0.00716939291537	0.922568661409
-une	0.0337078651685	0.889887640449	0.076404494382	0.0
-una	0.11400599079	0.638761997482	0.110720515551	0.136511496176
-unu	0.0	1.0	0.0	0.0
-nko	0.106870229008	0.809160305344	0.0839694656488	0.0
-666	0.0434782608696	0.0	0.0434782608696	0.913043478261
-wna	0.0322580645161	0.95564516129	0.0120967741935	0.0
-nə̂	0.326288817321	0.196854651026	0.0627659324384	0.414090599215
-ɓen	0.448356111155	0.425296961239	0.0859861035092	0.0403608240962
-ade	0.015873015873	0.984126984127	0.0	0.0
-ɓek	0.157894736842	0.814035087719	0.0280701754386	0.0
-ada	0.189716671794	0.742272123358	0.0456996812639	0.0223115235845
-gan	0.566755871369	0.125456901554	0.0424204600345	0.265366767043
-gam	0.517498198126	0.227933050372	0.114679266437	0.139889485064
-gal	0.121655443443	0.754853237524	0.0682716235308	0.0552196955028
-gak	0.61737367546	0.0829582426804	0.0313854449585	0.268282636901
-adi	0.0	0.865	0.135	0.0
-caɓ	0.414115646259	0.386904761905	0.158163265306	0.0408163265306
-eɗe	0.307952052615	0.28673225824	0.235095595141	0.170220094004
-gar	0.484565191426	0.223816623212	0.210259312977	0.0813588723849
-nʼe	0.454256555277	0.410340048438	0.113564138819	0.0218392574652
-gaz	0.170714781402	0.779319916725	0.029146426093	0.0208188757807
-gay	0.290246702723	0.597159894924	0.0342255732185	0.0783678291346
-sen	0.65022265804	0.205130176331	0.100696361139	0.0439508044905
-sem	0.0	1.0	0.0	0.0
-aav	0.163663122434	0.57961751074	0.171991113177	0.0847282536494
-sek	0.657405804243	0.236178628984	0.0593343366674	0.0470812301054
-ina	0.127295787793	0.103469649874	0.034568471639	0.734666090695
-aɗa	0.116602773561	0.790001801014	0.0810456171045	0.0123498083207
-apa	0.152044979259	0.736706777744	0.0548527546368	0.0563954883609
-ine	0.284984534767	0.473488377426	0.0468973504144	0.194629737392
-sew	0.134876579662	0.172434156136	0.650761781032	0.04192748317
-oho	0.15652173913	0.84347826087	0.0	0.0
-ses	0.027027027027	0.932432432432	0.0202702702703	0.0202702702703
-ser	0.00619674670798	0.993803253292	0.0	0.0
-ɗuk	0.129032258065	0.204301075269	0.623655913978	0.0430107526882
-rsa	0.0926243567753	0.550600343053	0.0308747855918	0.32590051458
-yan	0.290662076848	0.436979563514	0.242594835093	0.0297635245456
-kus	0.0461885092002	0.938603079234	0.00732256853173	0.00788584303417
-ede	0.00977198697069	0.990228013029	0.0	0.0
-ook	0.401206636501	0.46455505279	0.054298642534	0.0799396681749
-ner	0.0473749826846	0.931292422773	0.00831140047098	0.0130211940712
-nes	0.156909890975	0.67870754905	0.123822393706	0.0405601662687
-nen	0.340161983243	0.0545456032927	0.0192255014448	0.58606691202
-əni	0.0	1.0	0.0	0.0
-law	0.0456199349468	0.828718507084	0.113877556646	0.0117840013231
-nek	0.872088558779	0.0679752508384	0.0425261541284	0.0174100362539
-neh	0.409937888199	0.444099378882	0.0714285714286	0.0745341614907
-əno	0.362886597938	0.417525773196	0.117525773196	0.10206185567
-əna	0.0950908533898	0.0683333374237	0.0223667592104	0.814209049976
-sœɓ	0.240418118467	0.634146341463	0.104529616725	0.0209059233449
-əne	0.838859679835	0.0781979071176	0.0120406837969	0.0709017292503
-nec	0.0740740740741	0.888888888889	0.0	0.037037037037
-ban	0.642741163056	0.1810672748	0.0429281641961	0.133263397947
-bal	0.302535959865	0.526984217831	0.129831608445	0.0406482138589
-zœk	0.028575420946	0.947390484175	0.0191434360372	0.00489065884161
-bak	0.531162416452	0.0838435506392	0.0317794103229	0.353214622586
-eke	0.211606782963	0.364787059678	0.368250765156	0.0553553922036
-baf	0.189130434783	0.797826086957	0.0	0.0130434782609
-bac	0.353960840668	0.412744745823	0.166719058739	0.0665753547692
-hom	0.0851916812829	0.828363818592	0.0699072914057	0.0165372087196
-jom	0.060709276698	0.34462031657	0.594670406732	0.0
-baz	0.107074061773	0.813882431086	0.0390567917635	0.039986715377
-bay	0.0935102912915	0.167010391776	0.0489256514077	0.690553665525
-bat	0.333333333333	0.4	0.266666666667	0.0
-bar	0.632089641445	0.20765444803	0.0562857632879	0.103970147237
-bas	0.0525291194032	0.90956943523	0.0319742465932	0.00592719877323
-zom	0.516129032258	0.41935483871	0.0	0.0645161290323
-zon	0.6	0.155555555556	0.211111111111	0.0333333333333
-asa	0.15039185196	0.171662946761	0.0665470261881	0.61139817509
-yes	0.135593220339	0.796610169492	0.045197740113	0.0225988700565
-yer	0.0164852542269	0.957516755102	0.00412131355673	0.0218766771142
-iyo	0.089108910891	0.741336633663	0.0519801980198	0.117574257426
-mba	0.168021941086	0.131331878815	0.190714815603	0.509931364496
-yek	0.769736842105	0.180921052632	0.0394736842105	0.00986842105263
-yem	0.607884796978	0.305476864967	0.0724740321057	0.014164305949
-yel	0.0792253150298	0.860815079303	0.0505233398577	0.00943626581
-zoz	0.171122994652	0.582887700535	0.245989304813	0.0
-yen	0.240993714931	0.609116323334	0.09814223685	0.0517477248845
-zot	0.0357142857143	0.928571428571	0.0357142857143	0.0
-lta	0.0	1.0	0.0	0.0
-ise	0.109873336978	0.644466466193	0.239440951339	0.00621924548933
-zor	0.52042940081	0.0655055318217	0.0276043378245	0.386460729543
-meɗ	0.792452830189	0.132075471698	0.0754716981132	0.0
-raz	0.591979195182	0.212975636463	0.0615932110594	0.133451957295
-ray	0.258540097065	0.490236340188	0.11973089555	0.131492667198
-ucœ	0.434300548304	0.565699451696	0.0	0.0
-raw	0.510025156145	0.257169848384	0.0553441329777	0.177460862494
-430	0.520408163265	0.0408163265306	0.0	0.438775510204
-rar	0.279136690648	0.604316546763	0.0561151079136	0.0604316546762
-ras	0.0818181818182	0.845454545455	0.0142857142857	0.0584415584415
-rap	0.619815668203	0.290322580645	0.0829493087557	0.00691244239633
-ran	0.571548569656	0.310354073878	0.0597450806359	0.0583522758311
-eri	0.0	1.0	0.0	0.0
-iwa	0.178605854599	0.259372938968	0.0956318806757	0.466389325757
-ram	0.176957784006	0.692774642754	0.0635942036271	0.066673369613
-rak	0.375914553416	0.509392410168	0.0457913502795	0.0689016861359
-rah	0.467230847544	0.0921990328328	0.357279205905	0.0832909137185
-raf	0.353658536585	0.256097560976	0.0731707317073	0.317073170732
-rab	0.0	1.0	0.0	0.0
-rac	0.732676685991	0.207988805495	0.0448870554455	0.0144474530685
-gen	0.613154622163	0.175945816799	0.0430770691922	0.167822491845
-teɗ	0.144164125312	0.768639831153	0.0732446765698	0.0139513669657
-ozl	0.594819412765	0.221327314199	0.147803611657	0.0360496613797
-azl	0.417862882502	0.455647801367	0.0245106439008	0.10197867223
-cew	0.0397202088537	0.0633409469671	0.0675449395726	0.829393904607
-azo	0.355567366463	0.428381610417	0.0502258836035	0.165825139516
-pon	0.0434782608696	0.586956521739	0.369565217391	0.0
-pol	0.0255538811761	0.932636506461	0.00221231844561	0.0395972939177
-bom	0.246124941287	0.527947393142	0.200563644904	0.025364020667
-ugo	0.0331584275985	0.857829544359	0.0421394153688	0.0668726126738
-poc	0.375	0.585	0.0	0.04
-aza	0.0754385593668	0.168059758343	0.19190807711	0.56459360518
-ike	0.143384436984	0.710981806134	0.0868693039015	0.0587644529804
-aay	0.107719928187	0.612208258528	0.183123877917	0.0969479353681
-ika	0.0277777777778	0.666666666667	0.0277777777778	0.277777777778
-lac	0.494382022472	0.415730337079	0.0674157303371	0.0224719101124
-iko	0.00290697674419	0.991279069767	0.00581395348837	0.0
-lam	0.110607275828	0.838219230437	0.0382793850771	0.0128941086575
-lan	0.45015937479	0.42481380479	0.0545251372801	0.0705016831405
-fok	0.0342041787681	0.1253022306	0.0748593027101	0.765634287922
-lah	0.54980504513	0.196085823226	0.0804108054544	0.173698326189
-iki	0.0650126349644	0.83817400151	0.0833579469004	0.0134554166256
-lak	0.483531110629	0.238606842918	0.161762428458	0.116099617995
-lat	0.0240963855422	0.650602409639	0.0481927710843	0.277108433735
-lav	0.235537190083	0.632231404959	0.107438016529	0.0247933884298
-fos	0.0172413793103	0.98275862069	0.0	0.0
-lap	0.219143576826	0.493702770781	0.226700251889	0.0604534005038
-uje	0.0661433428232	0.88637054645	0.0331131319274	0.0143729787999
-aak	0.51510989011	0.010989010989	0.473901098901	0.0
-las	0.345824475498	0.635509856107	0.0130230677167	0.00564260067875
-əpa	0.440602699777	0.397786271347	0.0306210370501	0.130989991826
-lay	0.238113277748	0.463641748152	0.0862130405297	0.21203193357
-ppe	0.21897810219	0.459854014599	0.277372262774	0.043795620438
-gek	0.282973621103	0.515587529976	0.201438848921	0.0
-ɓar	0.44497323022	0.304580606782	0.200475907198	0.0499702558001
-bof	0.827067669173	0.172932330827	0.0	0.0
-def	0.232558139535	0.720930232558	0.046511627907	0.0
-gem	0.264874301093	0.530703190256	0.128062349778	0.0763601588737
-ɓat	0.313043478261	0.652173913043	0.0173913043478	0.0173913043478
-gec	0.259343148358	0.608154020385	0.122310305776	0.0101925254813
-oʼa	0.338414634146	0.533536585366	0.128048780488	0.0
-ɓay	0.636946442693	0.283713663963	0.0319045094629	0.0474353838808
-aha	0.269973669543	0.293171378601	0.0530452999173	0.383809651938
-boh	0.606350095747	0.374953701327	0.00657590585699	0.0121202970697
-gef	0.0	1.0	0.0	0.0
-bok	0.493735731388	0.444297725772	0.0114546626045	0.0505118802351
-ɓac	0.0416666666667	0.875	0.0	0.0833333333333
-əke	0.132910000865	0.402523789308	0.281957851316	0.182608358511
-əka	0.276997576476	0.192082055922	0.0427558667756	0.488164500826
-ɓak	0.53378142119	0.258401647306	0.132600334123	0.0752165973814
-ger	0.456337335574	0.259107486784	0.14162193173	0.142933245912
-dom	0.2372019452	0.722063898766	0.0199487554905	0.0207854005438
-dok	0.0697915244506	0.563138290999	0.32702314314	0.0400470414109
-doh	0.0638428066453	0.75771681646	0.0106111823209	0.167829194574
-ɓal	0.410879541109	0.504260038241	0.0429521988528	0.0419082217974
-vos	0.830508474576	0.135593220339	0.0338983050847	0.0
-bor	0.160293396431	0.597396434418	0.225877555709	0.0164326134416
-vov	0.252887947632	0.595013477089	0.0798998844821	0.0721986907971
-ton	0.411609498681	0.145118733509	0.189973614776	0.253298153034
-say	0.0977302493035	0.851427250747	0.041013079604	0.00982942034564
-tok	0.127385965364	0.0791405136558	0.0169413619266	0.776532159054
-tov	0.120327749871	0.799453750215	0.0189086464083	0.0613098535057
-don	0.0185118619698	0.967469446441	0.00269590222862	0.0113227893602
-saa	0.163719311784	0.03041961005	0.00810411998493	0.797756958181
-tor	0.16289747514	0.698846584642	0.112861992014	0.0253939482032
-saf	0.0646676300578	0.873554913295	0.0303468208093	0.0314306358381
-olo	0.44536271809	0.273645546373	0.170798898072	0.110192837466
-sak	0.488230211005	0.104233057429	0.0392302267752	0.368306504791
-ola	0.0	0.973684210526	0.0263157894737	0.0
-san	0.663108811027	0.225772482409	0.0577623343684	0.053356372195
-von	0.0338851995797	0.878214034336	0.0087910966939	0.0791096693903
-toy	0.59705372617	0.166377816291	0.229058347776	0.00751010976314
-lon	0.102608991247	0.651041046996	0.181592589445	0.0647573723124
-ɗɗa	0.244336076399	0.636797724271	0.0198110332216	0.0990551661079
-lom	0.0831392521377	0.872065260158	0.0253670028568	0.019428484847
-lok	0.220180560914	0.610612730218	0.0918853332979	0.0773213755705
-ros	0.0	1.0	0.0	0.0
-wɓe	0.0048606345783	0.0168284155148	0.0499297454498	0.928381204457
-log	0.0	1.0	0.0	0.0
-roz	0.421522756274	0.540195661421	0.0127605274352	0.0255210548703
-ɓan	0.406871648608	0.409300630009	0.133858956879	0.0499687645036
-rof	0.0407415239304	0.0443363642772	0.887573130331	0.0273489814619
-boz	0.248388986526	0.2870533099	0.144698301113	0.31985940246
-loy	0.145023696682	0.590521327014	0.247393364929	0.0170616113744
-lov	0.195072190835	0.687225360954	0.0885122410546	0.0291902071563
-rom	0.0555791868679	0.845362886852	0.0217682085496	0.0772897177306
-oco	0.693277310924	0.281512605042	0.0252100840336	0.0
-roo	0.314128706168	0.035569761766	0.0330661795966	0.61723535247
-roh	0.109756097561	0.359756097561	0.164634146341	0.365853658537
-los	0.0876393110436	0.892603850051	0.016717325228	0.00303951367782
-rok	0.157075340562	0.74367528496	0.0108423686405	0.0884070058382
-kar	0.259381530905	0.653880492802	0.0296080798571	0.057129896436
-mar	0.118714555766	0.773156899811	0.0937618147449	0.0143667296786
-yaɓ	0.551020408163	0.224489795918	0.142857142857	0.0816326530612
-kòn	0.0914454277286	0.811209439528	0.0973451327433	0.0
-ipa	0.01125	0.97	0.0075	0.01125
-ida	0.0470588235294	0.952941176471	0.0	0.0
-rde	0.0696517412935	0.732108687333	0.193647148871	0.00459242250286
-ewe	0.21875	0.546875	0.203125	0.03125
-rda	0.0780402070465	0.740598748409	0.176964413162	0.0043966313829
-han	0.24041082577	0.0539719601329	0.0236746570378	0.68194255706
-rdi	0.0	0.77868852459	0.22131147541	0.0
-ewi	0.0379068300842	0.933687039017	0.0216884648077	0.00671766609087
-sol	0.0345283132168	0.924798334634	0.00060049240377	0.040072859745
-awa	0.0902282452532	0.0689796986516	0.0289354869657	0.811856569129
-har	0.581239254522	0.207292483323	0.0693212296266	0.142147032529
-kor	0.0	1.0	0.0	0.0
-wda	0.116279069767	0.674418604651	0.0930232558139	0.116279069767
-yəɓ	0.642857142857	0.0844155844156	0.0	0.272727272727
-stu	0.0	0.787878787879	0.212121212121	0.0
-276	0.0	0.0769230769231	0.0	0.923076923077
-man	0.316645502965	0.264397419298	0.0165465287599	0.402410548978
-maɗ	0.144328358209	0.778208955224	0.0667164179104	0.0107462686567
-əba	0.350054924936	0.441779567924	0.141706334676	0.0664591724644
-sto	0.33014354067	0.602870813397	0.0	0.066985645933
-sta	0.0128205128205	0.974358974359	0.0128205128205	0.0
-lfa	0.0	1.0	0.0	0.0
-oli	0.0	1.0	0.0	0.0
-ssa	0.592592592593	0.185185185185	0.121693121693	0.100529100529
-ffa	0.463145735284	0.380737724733	0.132098610755	0.0240179292282
-yya	0.717809079245	0.229642671908	0.0	0.0525482488467
-ffe	0.114655716993	0.424826279217	0.427668982944	0.0328490208465
-ihu	0.00380636790001	0.985450780438	0.00492487896943	0.005817972693
-uco	0.238636363636	0.289772727273	0.315340909091	0.15625
-isa	0.00167364016736	0.988155777277	0.00115867396202	0.0090119085935
-reɓ	0.258754863813	0.636186770428	0.0992217898833	0.00583657587548
-ngo	0.0321886546958	0.949669288078	0.00901572889335	0.00912632833292
-eye	0.0	0.969786478032	0.004316217424	0.025897304544
-uce	0.732026835041	0.1957556576	0.01293447893	0.059283028429
-lek	0.476328604437	0.255691135184	0.0977042907899	0.170275969589
-lem	0.186158043688	0.691021708553	0.0594824518294	0.0633377959295
-len	0.281679642549	0.335142116881	0.067454494705	0.315723745865
-lec	0.151515151515	0.848484848485	0.0	0.0
-lef	0.0883735252171	0.891692596914	0.0136133800078	0.00632049786076
-zaɗ	0.360437842064	0.505863956216	0.0187646598905	0.11493354183
-lez	0.0526315789474	0.80701754386	0.140350877193	0.0
-mus	0.0697084917617	0.880861850444	0.0202788339671	0.0291508238276
-əbu	0.0	0.658823529412	0.2	0.141176470588
-wek	0.58989767744	0.257917817119	0.0717882085431	0.0803962968979
-ler	0.143839238498	0.783183500793	0.0571126388155	0.0158646218932
-les	0.0934514099277	0.862153344209	0.0328594733162	0.0115357725472
-lev	0.289782244556	0.408710217755	0.281407035176	0.0201005025126
-lew	0.908163265306	0.0	0.0918367346939	0.0
-fta	0.0	1.0	0.0	0.0
-jaɗ	0.622990780348	0.112189936983	0.0490204620045	0.215798820664
-rra	0.687296416938	0.273615635179	0.0390879478828	0.0
-dəp	0.227306102469	0.196820950723	0.0365767431742	0.539296203633
-jap	0.20739294864	0.771867756496	0.0	0.020739294864
-rre	0.282687349698	0.311957016271	0.200041886027	0.205313748005
-fas	0.0500685871056	0.941700960219	0.0	0.00823045267491
-rro	0.273955773956	0.405814905815	0.15561015561	0.164619164619
-sam	0.0	1.0	0.0	0.0
-dəc	0.276729559748	0.408805031447	0.0754716981132	0.238993710692
-nda	0.512212142359	0.420795533845	0.0418702023726	0.0251221214236
-eet	0.241610738255	0.194630872483	0.510067114094	0.0536912751678
-nde	0.290728107037	0.0531220111756	0.029707595312	0.626442286475
-ala	0.138475729669	0.632073211196	0.128471946768	0.100979112366
-rot	0.0674157303371	0.421348314607	0.0168539325843	0.494382022472
-120	0.0402684563758	0.0	0.0	0.959731543624
-yos	0.00947867298578	0.971563981043	0.0	0.0189573459716
-yop	0.518560391935	0.342943282457	0.0650084793668	0.0734878462408
-weɗ	0.248003477146	0.663414470129	0.0556934270127	0.0328886257123
-yot	0.0141492748497	0.98585072515	0.0	0.0
-əko	0.657963446475	0.32637075718	0.0	0.0156657963446
-yon	0.0549185121151	0.874653581145	0.0396633698609	0.0307645368793
-zay	0.179553806313	0.617115398089	0.0251704936323	0.178160301966
-jay	0.128569360678	0.666307631874	0.182113795644	0.0230092118043
-əfo	0.532846715329	0.191605839416	0.158759124088	0.116788321168
-gwa	0.0	0.822222222222	0.177777777778	0.0
-wwa	0.209332988976	0.49090217081	0.299764840214	0.0
-uɗe	0.17107297756	0.714878370734	0.0	0.114048651707
-pec	0.0897759958163	0.730998866905	0.129761178419	0.0494639588599
-uɗo	0.0488030098046	0.177039223116	0.10545287883	0.66870488825
-ezl	0.417613405732	0.333679593121	0.095787622512	0.152919378636
-pen	0.306532504783	0.631112790167	0.0357464472916	0.0266082577585
-əga	0.401934285699	0.165157150876	0.193912534822	0.238996028602
-cəf	0.290322580645	0.354838709677	0.0	0.354838709677
-153	0.105263157895	0.0350877192982	0.0350877192982	0.824561403509
-eli	0.0182926829268	0.943089430894	0.020325203252	0.0182926829268
-per	0.0	1.0	0.0	0.0
-iye	0.314165917939	0.418089248278	0.0862533692723	0.18149146451
-rka	0.0115864527629	0.0534759358289	0.230986333928	0.703951277481
-iya	0.135382276041	0.451897357865	0.0931950534647	0.319525312629
-ele	0.126222068642	0.121096542339	0.471790600286	0.280890788733
-əze	0.224118129614	0.558654634947	0.1394585726	0.0777686628384
-əza	0.852602304331	0.0965435041716	0.0413190305919	0.00953516090585
-hum	0.031381429958	0.946295697185	0.00194111937884	0.0203817534778
-cce	0.580976863753	0.272493573265	0.0462724935733	0.100257069409
-əzi	0.419455252918	0.300389105058	0.112062256809	0.168093385214
-esu	0.00470206951956	0.789759635278	0.00675229848517	0.198785996717
-jan	0.89093994468	0.0329744018025	0.007071190216	0.0690144633018
-uta	0.119879176893	0.868793656787	0.0	0.0113271663206
-dul	0.0405405405405	0.797297297297	0.162162162162	0.0
-esl	0.20921736368	0.633075404479	0.133200208764	0.0245070230775
-ján	0.545751541684	0.176679376736	0.0655462976038	0.212022783976
-keɗ	0.574969437524	0.323722782593	0.0391850846717	0.0621226952113
-ite	0.200288125481	0.116341493734	0.0428200699789	0.640550310806
-ita	0.0693081602227	0.83469263127	0.0212065489207	0.0747926595865
-ɗoy	0.696694214876	0.298347107438	0.00495867768594	0.0
-spa	0.0683760683761	0.905982905983	0.025641025641	0.0
-udu	0.0498812351543	0.847505938242	0.0940617577196	0.00855106888363
-fak	0.618603924254	0.277202043619	0.0278523027919	0.0763417293359
-tew	0.273700787402	0.348976377953	0.0869291338583	0.290393700787
-fan	0.44709322356	0.212142732792	0.0908579790333	0.249906064615
-eza	0.0	1.0	0.0	0.0
-ɗok	0.526427061311	0.401691331924	0.0338266384778	0.0380549682875
-uda	0.0702314937157	0.738383245706	0.0803791949878	0.11100606559
-ɗom	0.120408936009	0.875047330557	0.00454373343431	0.0
-eze	0.0836870830806	0.814432989691	0.0630685263796	0.038811400849
-fat	0.0153256704981	0.984674329502	0.0	0.0
-fay	0.264593423401	0.373948508794	0.255416772878	0.106041294927
-kaɗ	0.583109688715	0.304087314686	0.0772829690438	0.0355200275549
-udo	0.382352941176	0.558823529412	0.0588235294118	0.0
-abu	0.0	1.0	0.0	0.0
-gaf	0.379074926413	0.253206172073	0.141950311246	0.225768590267
-ɓot	0.372093023256	0.472868217054	0.139534883721	0.015503875969
-roc	0.39156626506	0.518072289157	0.0903614457831	0.0
-abe	0.09287054409	0.622326454034	0.272420262664	0.012382739212
-nje	0.171877598286	0.353392413571	0.0799930078276	0.394736980316
-aba	0.172001451563	0.60029555918	0.0697799483209	0.157923040937
-ɓok	0.0107719928187	0.967684021544	0.016157989228	0.00538599640932
-ron	0.214285714286	0.642857142857	0.046875	0.0959821428571
-ɓoc	0.474388220655	0.278929904604	0.0189755288262	0.227706345915
-hus	0.0975125434464	0.168191736272	0.0463261055132	0.687969614768
-var	0.15649701608	0.721187288331	0.0449735260624	0.0773421695266
-eɓe	0.0	0.334831460674	0.665168539326	0.0
-kob	0.00173736788765	0.996380483567	0.00188214854495	0.0
-kom	0.819457347299	0.16550127295	0.0107225677429	0.00431881200757
-lor	0.355631789594	0.477987421384	0.0548885077187	0.111492281304
-əte	0.285896429973	0.37024323264	0.147729501765	0.196130835622
-kok	0.719257540603	0.167633410673	0.0609048723898	0.0522041763341
-əta	0.514301305079	0.33518257469	0.0916283934337	0.0588877267973
-som	0.260377358491	0.547169811321	0.169811320755	0.022641509434
-vac	0.0556621293443	0.276698434726	0.613150752025	0.0544886839044
-son	0.132609721567	0.813591316659	0.0509674374705	0.00283152430392
-kos	0.111111111111	0.888888888889	0.0	0.0
-tuw	0.517857142857	0.410714285714	0.0	0.0714285714285
-vak	0.59941295126	0.230523853881	0.0931504278888	0.0769127669697
-ora	0.108761329305	0.858006042296	0.012084592145	0.0211480362538
-van	0.204870607034	0.580367950064	0.071949674813	0.142811768089
-val	0.0157728706625	0.972397476341	0.0118296529968	0.0
-ore	0.0280373831776	0.943925233645	0.0	0.0280373831776
-əco	0.827160493827	0.037037037037	0.0246913580247	0.111111111111
-nja	0.201758923952	0.736161407139	0.0496637351268	0.0124159337817
-liz	0.0458908920628	0.896013814095	0.0545832357762	0.00351205806603
-feɗ	0.240740740741	0.12962962963	0.166666666667	0.462962962963
-ceɗ	0.0197501144962	0.854270044398	0.110953402902	0.0150264382042
-rus	0.0484878780305	0.906648337916	0.0131217195701	0.0317420644839
-əce	0.606541627186	0.288701215949	0.0357603890509	0.0689967678141
-pak	0.500873617459	0.234499587605	0.0372767498567	0.22735004508
-ceɓ	0.698113207547	0.245283018868	0.0	0.0566037735849
-ʼay	0.160853160853	0.139408639409	0.028875028875	0.670863170863
-rut	0.0	1.0	0.0	0.0
-jem	0.596153846154	0.350961538462	0.0192307692308	0.0336538461539
-jer	0.0257136859782	0.897145256087	0.0771410579345	0.0
-lim	0.0123966942149	0.987603305785	0.0	0.0
-ipi	0.0890937019969	0.874807987711	0.0138248847926	0.0222734254992
-jev	0.118421052632	0.881578947368	0.0	0.0
-wsa	0.0744416873449	0.888337468983	0.0223325062035	0.014888337469
-ʼal	0.148760330578	0.793388429752	0.0495867768595	0.0082644628099
-ʼam	0.171398692827	0.468161883255	0.0386673702798	0.321772053639
-oma	0.00471042652199	0.995289573478	0.0	0.0
-gah	0.137931034483	0.620689655172	0.206896551724	0.0344827586207
-ome	0.0062893081761	0.930817610063	0.0125786163522	0.0503144654088
-gaw	0.0206896551724	0.979310344828	0.0	0.0
-jœr	0.0231548480463	0.957742402315	0.0156295224313	0.00347322720695
-144	0.0	0.0808133472366	0.0	0.919186652763
-abi	0.103151862464	0.630372492837	0.0	0.266475644699
-ize	0.696215401106	0.209302335268	0.0289637192348	0.065518544392
-rne	0.0148837209302	0.909767441861	0.0260465116279	0.0493023255814
-iza	0.32488238369	0.159435441715	0.0990590695243	0.416623105071
-rna	0.0	1.0	0.0	0.0
-odi	0.22972972973	0.77027027027	0.0	0.0
-əda	0.446428571429	0.125	0.428571428571	0.0
-ɗaw	0.293924394865	0.0928884311685	0.0293834537209	0.583803720245
-uri	0.0759493670886	0.392405063291	0.53164556962	0.0
-res	0.0246069719754	0.890635680109	0.0437457279562	0.041011619959
-uhu	0.0726429675425	0.919629057187	0.0	0.00772797527047
-zet	0.281081081081	0.308108108108	0.12972972973	0.281081081081
-uro	0.175091802387	0.079124307232	0.0218030668797	0.723980823501
-zez	0.514612452351	0.368487928844	0.0470139771283	0.0698856416772
-ura	0.109560282869	0.605729646255	0.132835625565	0.151874445311
-ɗaz	0.0758146511311	0.145519847401	0.77791112683	0.000754374638119
-ɗay	0.489601220842	0.425555019525	0.0518649423293	0.0329788173036
-ɗaf	0.525884097219	0.370530548787	0.0347173661758	0.0688679878177
-ɗac	0.607142857143	0.357142857143	0.0357142857143	0.0
-ɗan	0.178807286457	0.474420454151	0.329806747851	0.0169655115413
-ɗam	0.556962025317	0.329113924051	0.113924050633	0.0
-ɗak	0.566612717038	0.230125804841	0.123399426571	0.07986205155
-ɗah	0.107944208611	0.82534869618	0.0545785324439	0.0121285627653
-waw	0.175794800637	0.136105782965	0.0986613884014	0.589438027997
-wat	0.477795076127	0.304113782094	0.20305037338	0.0150407683985
-was	0.036855036855	0.953316953317	0.0	0.00982800982803
-pam	0.206730769231	0.514423076923	0.0144230769231	0.264423076923
-pan	0.126490237925	0.0445541904633	0.0102754582586	0.818680113353
-duw	0.0168539325843	0.780898876404	0.0674157303371	0.134831460674
-pac	0.0828341749726	0.733437383245	0.0467019391851	0.137026502597
-ʼor	0.0	1.0	0.0	0.0
-waz	0.276664653895	0.538892243509	0.138332326947	0.0461107756491
-way	0.132821170565	0.378671058634	0.0527308033687	0.435776967432
-ime	0.40848117698	0.476417135439	0.0216356555604	0.0934660320208
-pay	0.371187030259	0.375750007916	0.0848463718171	0.168216590008
-wac	0.273564226217	0.579131959667	0.06313020605	0.0841736080666
-kol	0.197132681503	0.767962321772	0.0144989986396	0.0204059980854
-wan	0.0589972461839	0.389231181307	0.0242554534471	0.527516119062
-par	0.0628227194492	0.547332185887	0.206540447504	0.18330464716
-duk	0.634146341463	0.317073170732	0.0	0.0487804878049
-pat	0.628362797848	0.271714066103	0.0710991544965	0.0288239815526
-cen	0.713553021089	0.173199164697	0.0601808293366	0.0530669848773
-nun	0.0	0.970873786408	0.0291262135922	0.0
-dœk	0.138932133118	0.462441109999	0.379558995202	0.0190677616811
-vay	0.476806444582	0.377429408307	0.0948325731359	0.0509315739743
-ken	0.227572492581	0.141339758984	0.0315412623982	0.599546486036
-suu	0.589285714286	0.178571428571	0.232142857143	0.0
-daɗ	0.64705882353	0.308823529412	0.0147058823529	0.0294117647059
-sus	0.00857959961869	0.973546234509	0.0121544327931	0.00571973307912
-daɓ	0.516357440874	0.243269267684	0.133540717467	0.106832573974
-ket	0.375	0.604838709677	0.00403225806451	0.0161290322581
-kes	0.1	0.9	0.0	0.0
-sos	0.190476190476	0.714285714286	0.0	0.0952380952381
-nus	0.0153846153846	0.984615384615	0.0	0.0
-key	0.786008230453	0.0609053497943	0.0493827160494	0.103703703704
-bed	0.285714285714	0.714285714286	0.0	0.0
-fes	0.149253731343	0.746268656716	0.0597014925373	0.044776119403
-kot	0.272417707151	0.696935300795	0.0249716231555	0.00567536889897
-màn	0.65306122449	0.0612244897959	0.244897959184	0.0408163265306
-sle	0.215934389135	0.599704821486	0.108874481917	0.0754863074623
-tus	0.0706122031865	0.899677596943	0.0193260523427	0.0103841475274
-sla	0.194481863992	0.591894094364	0.0600375858571	0.153586455787
-dis	0.0104529616725	0.973867595819	0.0156794425087	0.0
-fen	0.536762351292	0.352276915455	0.0641656949169	0.0467950383363
-slo	0.516202109341	0.360030133448	0.0784868704262	0.0452808867844
-fek	0.577299412916	0.3385518591	0.0440313111546	0.0401174168297
-uku	0.0	1.0	0.0	0.0
-ihe	0.375600250539	0.364673950866	0.0622172732967	0.197508525297
-ven	0.434095312149	0.417373967458	0.0950929852516	0.0534377351414
-ɓah	0.711309523809	0.0714285714286	0.0744047619047	0.142857142857
-vel	0.149570450852	0.616988045394	0.127531576647	0.105909927106
-rœɗ	0.0538720538721	0.757575757576	0.148148148148	0.0404040404041
-vek	0.407407407407	0.351851851852	0.111111111111	0.12962962963
-kə̂	0.451702390338	0.167167442621	0.037074774279	0.344055392762
-vet	0.101740812379	0.870406189555	0.0185686653772	0.00928433268859
-kə̀	0.563490571798	0.0394028506353	0.0128522891278	0.384254288439
-ver	0.129496402878	0.446043165468	0.208633093525	0.21582733813
-ves	0.823529411765	0.129411764706	0.0	0.0470588235294
-jen	0.717344732607	0.188621128805	0.0263591758562	0.0676749627319
-afo	0.055329062318	0.931857891672	0.00698893418754	0.00582411182295
-afa	0.128289473684	0.105263157895	0.71052631579	0.0559210526315
-nna	0.163636363636	0.72	0.0436363636364	0.0727272727272
-uko	0.111767765616	0.255552141659	0.0324761429697	0.600203949755
-anu	0.0	0.991902834008	0.0	0.00809716599191
-efe	0.301762114537	0.185022026432	0.0859030837004	0.427312775331
-œbe	0.171428571429	0.828571428571	0.0	0.0
-tis	0.104184754298	0.895815245702	0.0	0.0
-kka	0.286479250335	0.570281124498	0.0682730923695	0.0749665327978
