-heu	0.660377358491	0.295597484276	0.0314465408805	0.0125786163522
-hep	0.615384615385	0.384615384615	0.0	0.0
-hem	0.0	0.0	1.0	0.0
-hen	0.4	0.466666666667	0.0	0.133333333333
-heo	0.5	0.25	0.0	0.25
-hei	0.24322715546	0.0339987721333	0.0293674180277	0.693406654379
-hek	0.0	1.0	0.0	0.0
-eue	0.735294684835	0.176961319361	0.0649305568948	0.022813438909
-eua	0.138504155124	0.842105263158	0.0180055401662	0.00138504155125
-hea	0.168844848145	0.104755948416	0.0296962628864	0.696702940553
-aua	0.162044713896	0.0893456630067	0.0544480768591	0.694161546238
-aue	0.208749618296	0.535297973454	0.126352428151	0.1295999801
-aui	0.236944886446	0.605091855924	0.140893967887	0.017069289744
-uae	0.0904109589041	0.909589041096	0.0	0.0
-uak	0.142857142857	0.571428571429	0.285714285714	0.0
ALL	0.22571613436	0.346591913124	0.0585153232431	0.369176629273
-uao	0.0836002562461	0.631005765535	0.270980140935	0.0144138372838
-uau	0.160571668768	0.30895334174	0.498528793611	0.0319461958806
-pua	0.300396009862	0.601718851315	0.0773702893692	0.020514849454
-pui	0.25	0.75	0.0	0.0
-war	1.0	0.0	0.0	0.0
-opu	0.328460242013	0.616300869203	0.0216827314561	0.0335561573276
-pao	0.822033898305	0.127118644068	0.0338983050847	0.0169491525424
-opo	0.278766842331	0.642738283644	0.0555699692279	0.022924904797
-opi	0.487341772152	0.354430379747	0.113924050633	0.0443037974684
-ope	0.0469763626874	0.907414311635	0.0252280466284	0.0203812790495
-opa	0.055829228243	0.821074684333	0.1224166242	0.000679463224054
-kih	0.8	0.2	0.0	0.0
-imu	0.0509554140127	0.927813163482	0.0169851380043	0.00424628450105
-oku	0.0346169887648	0.0596945263357	0.0120588779708	0.893629606929
-pae	0.39555714692	0.496807426045	0.0373006123135	0.0703348147219
-ima	0.0220266315402	0.421679358288	0.0676765532495	0.488617456922
-oko	0.258009662054	0.677504844797	0.0483866830149	0.0160988101334
-oki	0.204950630853	0.0489773353412	0.00690303343172	0.739169000374
-imi	0.0212581054883	0.963500233973	0.0136372752189	0.00160438531987
-oka	0.0682872171558	0.872202682934	0.0356687105108	0.023841389399
-imo	0.2	0.693333333333	0.0533333333333	0.0533333333333
-rie	0.122172028853	0.775429174923	0.0512383132866	0.0511604829373
-tet	0.0	0.6	0.4	0.0
-ria	0.455416409139	0.478026084079	0.0500039428755	0.0165535639059
-rin	1.0	0.0	0.0	0.0
-rio	0.0155776720035	0.953916053656	0.0285590653397	0.00194720900043
-uti	0.367899008115	0.599639314698	0.0135256988278	0.0189359783589
-uto	0.559403303143	0.392647842302	0.0	0.0479488545551
-rih	0.5	0.0	0.5	0.0
-rii	0.0	1.0	0.0	0.0
-tea	0.770788734124	0.144665502741	0.0522777639857	0.0322679991498
-rit	0.666666666667	0.333333333333	0.0	0.0
-riu	0.0201238390093	0.911764705882	0.0557275541796	0.0123839009288
-rir	0.333333333333	0.0	0.333333333333	0.333333333333
-utu	0.360503078674	0.454572843634	0.112396076196	0.0725280014956
-tei	0.28813559322	0.51001540832	0.17719568567	0.0246533127889
-tek	0.130434782609	0.54347826087	0.195652173913	0.130434782608
-ten	0.5	0.4	0.0	0.1
-are	0.0923260272721	0.834009435404	0.0595051938109	0.0141593435134
-ara	0.182909834816	0.548824751551	0.0527539298149	0.215511483818
-eri	0.0876889006906	0.890465151886	0.0167811048643	0.00506484255903
-aro	0.221434076989	0.44257756265	0.0902539488594	0.245734411501
-ari	0.138661208182	0.342275930926	0.0663750336201	0.452687827272
-aru	0.378117888856	0.435587639784	0.0761860972428	0.110108374117
-mea	0.573612303067	0.185556606055	0.00353031544194	0.237300775436
-mei	0.0675324675325	0.888311688312	0.0441558441558	0.0
-rai	0.0361218940214	0.833154844303	0.121448247933	0.00927501374279
-nui	0.0873669731926	0.236283642904	0.497830994258	0.178518389645
-umu	0.085503166784	0.864883884588	0.0422237860662	0.00738916256158
-ota	0.100230614958	0.857533030544	0.0344865646826	0.00774978981631
-ote	0.0546782334669	0.885536909895	0.0485751960185	0.0112096606197
-oti	0.508630805108	0.225807578561	0.0368454843964	0.228716131934
-oto	0.155243943722	0.253166811577	0.031092497488	0.560496747213
-ume	0.794520547945	0.115949119374	0.0543052837573	0.0352250489237
-uma	0.035618306526	0.886887810357	0.0604067225543	0.0170871605632
-otu	0.24578313253	0.447636700649	0.0821130676553	0.224467099166
-umi	0.342956120092	0.52193995381	0.107390300231	0.027713625866
-ako	0.421171543687	0.53769944392	0.0307423092872	0.0103867031062
-nak	0.0	1.0	0.0	0.0
-kia	0.370859273993	0.0934011871249	0.0108771089225	0.524862429959
-nai	0.0137221269297	0.970840480274	0.0154373927959	0.0
-nao	1.0	0.0	0.0	0.0
-aki	0.445134930208	0.424283360309	0.0762123780246	0.0543693314581
-ake	0.114463459237	0.0967029711196	0.17090112125	0.617932448393
-naa	0.0	0.954545454546	0.0454545454545	0.0
-kio	0.0377358490566	0.924528301887	0.0377358490566	0.0
-kin	0.0	0.444444444444	0.305555555555	0.25
-aka	0.410355938191	0.488753107049	0.0398299548515	0.0610609999081
-kiu	0.04	0.92	0.04	0.0
-kit	0.5	0.4	0.0	0.1
-aku	0.070274616183	0.0691251640711	0.0720758161277	0.788524403618
-nau	0.510411262835	0.352155471794	0.0151608898448	0.122272375526
-goi	0.2	0.8	0.0	0.0
-mou	0.115584582993	0.0926395393803	0.023976281528	0.767799596098
-goa	0.190424157007	0.795065433786	0.0116031919477	0.00290721725957
-moe	0.501669132382	0.26686129268	0.0463435688113	0.185126006127
-moa	0.0262438490979	0.875173486983	0.0969003658998	0.00168229801909
-mon	0.495	0.12	0.265	0.12
-gou	0.818181818182	0.181818181818	0.0	0.0
-moh	0.375	0.625	0.0	0.0
-eoi	0.085278088242	0.0458677516219	0.0150788314824	0.853775328654
-rek	0.352941176471	0.5	0.147058823529	0.0
-reh	0.0	0.6	0.4	0.0
-upu	0.337731606731	0.594523175506	0.0135977492648	0.0541474684985
-reo	0.0537068371248	0.880287648054	0.0599580121577	0.0060475026634
-rea	0.619186799861	0.222403343553	0.058229794683	0.100180061903
-upe	0.204545454545	0.75	0.0454545454545	0.0
-upa	0.112543446698	0.871353777113	0.0116151172511	0.00448765893792
-upo	0.428571428571	0.571428571429	0.0	0.0
-rep	0.078947368421	0.631578947368	0.289473684211	0.0
-reu	0.0	1.0	0.0	0.0
-hae	0.321908190819	0.540486048605	0.119747974798	0.0178577857786
-hah	0.0	1.0	0.0	0.0
-hai	0.36080207902	0.144123744198	0.0374833830933	0.457590793689
-hak	0.125	0.566666666667	0.258333333333	0.05
-mau	0.684343644411	0.122063731968	0.0646345552514	0.12895806837
-mat	0.25	0.5	0.25	0.0
-han	0.333333333333	0.444444444444	0.222222222222	0.0
-hao	0.153774124746	0.76652967799	0.0609686313271	0.0187275659366
-mai	0.660164694683	0.0428178299244	0.00478509600946	0.292232379383
-mah	0.342105263158	0.210526315789	0.0526315789474	0.394736842105
-har	0.301435406699	0.612440191388	0.0	0.0861244019139
-hat	0.0	0.166666666667	0.833333333333	0.0
-hau	0.107147417384	0.0484885335279	0.0034090333303	0.840955015758
-mao	0.15625	0.183238636364	0.200284090909	0.460227272727
-man	0.666666666667	0.333333333333	0.0	0.0
-maa	0.0	1.0	0.0	0.0
-mae	0.427410556412	0.527068206614	0.0369436815771	0.00857755539671
-uni	0.059181602976	0.93743659114	0.0	0.00338180588435
-une	0.0	1.0	0.0	0.0
-ung	0.571428571429	0.428571428571	0.0	0.0
-una	0.415819765671	0.50035147751	0.0492440257814	0.034584731038
-unu	0.449611063094	0.465110919043	0.0578507634687	0.0274272543936
-gao	0.0526315789473	0.815789473684	0.078947368421	0.0526315789473
-gan	0.5	0.5	0.0	0.0
-tro	0.4	0.4	0.2	0.0
-gak	0.0	0.428571428571	0.571428571429	0.0
-gai	0.148096726918	0.787657811131	0.0352148307625	0.0290306311884
-gau	0.24924096053	0.62517250897	0.09246480817	0.0331217223295
-gat	0.2	0.8	0.0	0.0
-gar	0.0	0.0	0.166666666667	0.833333333333
-ire	0.280881793995	0.403648802737	0.252755606233	0.0627137970354
-ini	0.0361372571902	0.631263154082	0.319138661634	0.0134609270937
-ino	0.152169361547	0.285196511901	0.466906294013	0.0957278325396
-ina	0.35086184914	0.50436400676	0.0357846453293	0.108989498771
-ine	0.0260826032035	0.855526821212	0.0255862193818	0.092804356203
-uiw	0.760638297872	0.191489361702	0.031914893617	0.0159574468085
-hie	0.117290192113	0.858442871587	0.00606673407482	0.0182002022245
-ohe	0.439914055864	0.397974649811	0.120238511634	0.0418727826913
-oha	0.357615493645	0.517986366214	0.0807821889226	0.0436159512188
-uia	0.625049719742	0.186864527947	0.0764985261456	0.111587226165
-oho	0.758720915089	0.173775198899	0.0140207204872	0.0534831655249
-ohi	0.0859143846161	0.777936120933	0.118254073328	0.0178954211225
-kup	0.0	0.5	0.0	0.5
-iao	0.0078431372549	0.741176470588	0.250980392157	0.0
-iai	0.0	1.0	0.0	0.0
-iak	0.0	0.666666666667	0.333333333333	0.0
-neo	0.0	0.333333333333	0.666666666667	0.0
-aoa	0.110613316855	0.798959781657	0.0786858231629	0.0117410783254
-kua	0.805957446128	0.0201019507935	0.00754436412186	0.166396238956
-nei	0.150218198799	0.050997289708	0.0137434839275	0.785041027565
-kui	0.173410404624	0.791907514451	0.0	0.0346820809249
-nea	0.49124452783	0.176047529706	0.122889305816	0.209818636648
-eka	0.23925369812	0.437421035658	0.196006540618	0.127318725605
-hoa	0.0745760874801	0.5376764295	0.115040464377	0.272707018643
-eke	0.363232291512	0.337963528234	0.12499346621	0.173810714043
-hoe	0.279527559055	0.496062992126	0.118110236221	0.106299212598
-hok	0.622950819672	0.311475409836	0.0327868852459	0.0327868852459
-eki	0.00418702023726	0.960223307746	0.0209351011863	0.0146545708304
-hoi	0.238455932328	0.358003259116	0.300362760913	0.103178047642
-eko	0.0119047619048	0.97619047619	0.0119047619048	0.0
-hom	0.636363636363	0.363636363637	0.0	0.0
-hor	0.615384615385	0.153846153846	0.0	0.230769230769
-rei	0.0215517241379	0.935344827586	0.0431034482758	0.0
-how	0.555555555556	0.444444444444	0.0	0.0
-eku	0.0	1.0	0.0	0.0
-hou	0.12621444922	0.125489556182	0.694689161125	0.0536068334736
-raw	1.0	0.0	0.0	0.0
-rat	0.175438596491	0.649122807018	0.0701754385965	0.105263157895
-rau	0.109995123928	0.375443079143	0.0697488263484	0.444812970581
-eru	0.0393539581438	0.92720655141	0.0313921747043	0.00204731574158
-ran	0.537480877104	0.358490566038	0.0520142784293	0.0520142784294
-rao	0.00650872168706	0.984899765686	0.00859151262692	0.0
-iwa	0.00814300454558	0.74059510862	0.0981064725732	0.153155414261
-ram	0.223404255319	0.585106382979	0.063829787234	0.127659574468
-rak	0.0	1.0	0.0	0.0
-rah	0.364285714286	0.571428571429	0.0642857142857	0.0
-ero	0.757455928534	0.192255627717	0.0303316442375	0.0199567995118
-era	0.085525649503	0.504353977173	0.0856213996865	0.324498973637
-iwi	0.00812866854489	0.975455359515	0.0116569264261	0.00475904551416
-rae	0.0136044995623	0.950620705293	0.0301062536609	0.00566854148428
-ere	0.68628537434	0.264096458245	0.0203369595971	0.0292812078185
-pou	0.029506570791	0.913215968262	0.0371931564593	0.020084304488
-poi	0.210008203445	0.6201804758	0.078753076292	0.0910582444626
-poa	0.0	1.0	0.0	0.0
-ike	0.040845320547	0.315219321613	0.62653169952	0.01740365832
-ika	0.229109833755	0.333078037592	0.268169095266	0.169643033387
-iko	0.179700090314	0.653963626017	0.129284052021	0.0370522316479
-nou	0.184157849585	0.516156705748	0.0857878181299	0.213897626537
-iki	0.0438772448268	0.89295930585	0.0477565485025	0.0154069008206
-noi	0.657643470242	0.328225863659	0.00553309214727	0.00859757395191
-iku	0.0327489886342	0.938932768253	0.0254286264689	0.00288961664419
-aai	0.0	1.0	0.0	0.0
-non	0.0	0.666666666667	0.333333333333	0.0
-out	0.222222222222	0.666666666667	0.111111111111	0.0
-aae	0.695696907341	0.209889245294	0.0461175331356	0.0482963142287
-noa	0.335130433224	0.226521351668	0.0678512890256	0.370496926083
-noe	0.0	0.666666666666	0.0	0.333333333334
-ahi	0.125108225841	0.343758925121	0.0691083999372	0.462024449101
-aho	0.0850840152085	0.272545687102	0.104567834177	0.537802463512
-gea	0.888888888889	0.0	0.111111111111	0.0
-aha	0.0619085948088	0.386783675755	0.25638422679	0.294923502646
-ahe	0.613193403298	0.247060680186	0.0417422867514	0.0980036297641
-upi	0.0120481927711	0.979919678715	0.00803212851405	0.0
-ahu	0.251149878817	0.681531461071	0.0381213168287	0.0291973432834
-toe	0.74870081663	0.158129175947	0.0478841870824	0.0452858203415
-toa	0.00924662288383	0.121689406018	0.0571381132318	0.811925857866
-ton	0.75	0.25	0.0	0.0
-tok	0.4	0.6	0.0	0.0
-toi	0.500335795836	0.38717259906	0.0701813297515	0.0423102753526
-tou	0.00749358043974	0.0353588065372	0.00594098882905	0.951206624194
-rot	0.666666666667	0.333333333333	0.0	0.0
-rou	0.172839506173	0.802469135803	0.0246913580247	0.0
-owe	0.857142857143	0.142857142857	0.0	0.0
-roe	0.074074074074	0.866666666667	0.0444444444444	0.0148148148148
-roa	0.321259362925	0.290545774553	0.190090246709	0.198104615814
-ime	0.0	1.0	0.0	0.0
-ron	0.0	0.857142857143	0.0	0.142857142857
-roh	0.0	0.25	0.75	0.0
-roi	0.745775882681	0.184765282538	0.0531401928748	0.0163186419064
-ipi	0.00553382968123	0.968766690104	0.0241049869165	0.00159449329798
-ipo	0.333333333333	0.666666666667	0.0	0.0
-ipa	0.0169235418556	0.962572936281	0.0121347374294	0.00836878443406
-ipe	0.0	0.939393939394	0.0606060606062	0.0
-oke	0.227903943383	0.234441547564	0.513371037721	0.0242834713321
-ewe	0.00831145280418	0.991688547196	0.0	0.0
-ewa	0.335342711946	0.549472580662	0.104769068958	0.0104156384344
-ewi	0.0	1.0	0.0	0.0
-ipu	0.027986042229	0.951562619219	0.0118402486353	0.00861108991661
-awi	0.0	1.0	0.0	0.0
-awa	0.139158757998	0.431612919949	0.112793319553	0.316435002499
-mak	0.25	0.25	0.5	0.0
-awe	0.431938161915	0.311338781591	0.0541946906476	0.202528365847
-nge	0.414179801882	0.260233007289	0.297925362906	0.0276618279235
-ain	0.333333333333	0.666666666667	0.0	0.0
-tik	0.285714285714	0.571428571429	0.0	0.142857142857
-ioi	0.830769230769	0.138461538462	0.0153846153846	0.0153846153846
-mua	0.0914516855909	0.174923332271	0.171977532783	0.561647449355
-mui	0.376811594203	0.420289855072	0.0144927536232	0.188405797101
-oia	0.38228115559	0.2821251569	0.041204894047	0.294388793463
-oio	0.0681818181818	0.659090909091	0.272727272727	0.0
-gio	0.725490196078	0.0980392156862	0.176470588235	0.0
-gia	0.619705862622	0.230338787032	0.119253742195	0.0307016081508
-pea	0.414933904669	0.255330440305	0.0350621748394	0.294673480186
-pei	0.869565217391	0.0691699604743	0.00518774703557	0.0560770750988
-pek	0.0	1.0	0.0	0.0
-per	0.0	1.0	0.0	0.0
-whi	0.754350270386	0.164553996895	0.024093805215	0.0570019275044
-whe	0.0381147540984	0.688934426229	0.0295081967213	0.243442622951
-itu	0.0194989897405	0.0622437569885	0.144221903996	0.774035349275
-wha	0.0986197192378	0.132366713256	0.14401415576	0.624999411745
-ito	0.0578297496258	0.551870526751	0.377119444998	0.013180278625
-uta	0.656916153845	0.111457779897	0.022558571825	0.209067494432
-iti	0.10680266575	0.775919642271	0.078500047036	0.0387776449428
-ite	0.634443104343	0.0869239089388	0.0405747776659	0.238058209052
-ita	0.0526040807347	0.922386294891	0.0193862398944	0.00562338448001
-ute	0.707317073171	0.243902439024	0.0243902439024	0.0243902439024
-hun	0.357142857143	0.5	0.0	0.142857142857
-rim	0.25	0.25	0.0	0.5
-hui	0.311406158384	0.485283665891	0.0405554272312	0.162754748494
-uoi	0.666666666667	0.0	0.333333333333	0.0
-hue	0.774584196045	0.0861600564498	0.0248489862628	0.114406761243
-hua	0.23431596936	0.612317659444	0.102513236595	0.0508531346001
-rik	0.0	1.0	0.0	0.0
-rom	0.0	0.833333333333	0.166666666667	0.0
-uou	0.292682926829	0.160975609756	0.380487804878	0.165853658537
-hur	0.2	0.8	0.0	0.0
-aea	0.214676064559	0.406239657494	0.187281764033	0.191802513914
-tua	0.0544756311097	0.918179867363	0.0158747583632	0.0114697431646
-koa	0.206856142501	0.176747636081	0.103482045456	0.512914175963
-tuh	0.142857142857	0.285714285714	0.571428571429	0.0
-tui	0.333333333333	0.475177304964	0.191489361702	0.0
-kon	0.0	0.5	0.0	0.5
-koi	0.157192694439	0.231479581367	0.53252616458	0.0788015596142
-koh	0.571428571428	0.428571428572	0.0	0.0
-tun	0.0	1.0	0.0	0.0
-oru	0.0146573273994	0.0786429283588	0.320212481577	0.586487262665
-kou	0.53164556962	0.303797468354	0.0632911392405	0.101265822785
-kot	0.307692307692	0.307692307692	0.230769230769	0.153846153846
-tur	0.0	1.0	0.0	0.0
-ori	0.185711631364	0.557227796358	0.230397621702	0.026662950576
-oro	0.237329361081	0.512694609035	0.108386708553	0.14158932133
-kor	0.215384615385	0.230769230769	0.0	0.553846153846
-ora	0.26785238264	0.670965968476	0.0405756516323	0.020605997251
-ore	0.134236125083	0.124359576091	0.105329106671	0.636075192154
-omu	0.0	1.0	0.0	0.0
-omi	0.0222222222222	0.961111111111	0.0166666666667	0.0
-rui	0.580186817524	0.396371290859	0.0184186291278	0.00502326248939
-omo	0.874150994349	0.0789263167549	0.00570674465884	0.0412159442369
-oma	0.392513946523	0.525064345213	0.0754547412255	0.00696696703813
-rua	0.0667411052194	0.510605222542	0.0914939624721	0.331159709766
-rue	0.568965517241	0.211206896552	0.168103448276	0.051724137931
-eau	0.471283783784	0.0962837837838	0.130067567568	0.302364864865
-eai	1.0	0.0	0.0	0.0
-uri	0.303077293096	0.313267424492	0.11793547516	0.265719807253
-ehi	0.302913121939	0.40186804688	0.269620771941	0.0255980592407
-ura	0.0549781163885	0.850234068136	0.0929282392271	0.00185957624837
-ehe	0.226530100431	0.678106943926	0.0545581450974	0.0408048105466
-ure	0.033827996214	0.935069662896	0.0126574952721	0.0184448456178
-eha	0.244135751123	0.566461487273	0.156962235901	0.0324405257029
-ehu	0.139532230462	0.81323445522	0.0164289788933	0.030804335425
-uru	0.302827766708	0.572570878091	0.081009481413	0.0435918737885
-pai	0.185315815496	0.256945843328	0.469677808806	0.0880605323707
-wau	0.304347826087	0.673913043478	0.0217391304348	0.0
-apa	0.14313081772	0.810923601561	0.027153997186	0.0187915835327
-pam	0.0	1.0	0.0	0.0
-ape	0.508725343255	0.183032207384	0.07518108521	0.233061364151
-api	0.303725490196	0.565882352941	0.0815686274509	0.0488235294118
-apo	0.108150901369	0.17220951218	0.70681847153	0.0128211149204
-wae	0.0340914873048	0.941077698061	0.00641123492596	0.0184195797079
-apu	0.223966281682	0.494369721092	0.269437550087	0.012226447139
-wao	0.541757761259	0.426104066463	0.0137735024049	0.0183646698732
-par	0.0	1.0	0.0	0.0
-pat	0.4	0.3	0.3	0.0
-pau	0.722893761769	0.14572070704	0.0532102289984	0.0781753021928
-wai	0.0546046252435	0.527345184247	0.0327745266241	0.385275663885
-wah	0.111111111111	0.333333333333	0.222222222222	0.333333333333
-tuk	0.2	0.8	0.0	0.0
-kea	0.689724471955	0.159287767037	0.0488554834301	0.102132277578
-ohu	0.202904335012	0.694231241557	0.0769218961071	0.0259425273241
-keo	0.0	1.0	0.0	0.0
-nue	0.0	1.0	0.0	0.0
-kei	0.343879042702	0.044913358375	0.0157677185385	0.595439880385
-nua	0.0137726460412	0.964497445001	0.0165008504699	0.00522905848828
-ket	1.0	0.0	0.0	0.0
-ker	0.125	0.75	0.125	0.0
-koe	0.0284390533282	0.0227490725673	0.00110284241719	0.947709031687
-aer	0.5	0.25	0.166666666667	0.0833333333333
-kop	0.166666666667	0.833333333333	0.0	0.0
-iha	0.148153545153	0.64981776658	0.19552202847	0.00650665979633
-uku	0.390271337427	0.336898506188	0.134078230838	0.138751925547
-ihe	0.038301559792	0.931022530329	0.0249566724437	0.00571923743501
-ihi	0.136698849563	0.811614927619	0.0379012102845	0.0137850125335
-iho	0.332686199788	0.176413070782	0.0299437082821	0.460957021147
-uka	0.130678016914	0.823272861539	0.0390777303346	0.0069713912126
-uke	0.0587338247863	0.920039161163	0.0144964974007	0.00673051665034
-ihu	0.00461379082808	0.966712932839	0.00338865993023	0.0252846164024
-uki	0.472751918815	0.451350344684	0.0300415819457	0.0458561545554
-ing	0.571428571428	0.428571428572	0.0	0.0
-aiu	0.0152284263959	0.967005076142	0.0177664974619	0.0
-tiu	0.274678111588	0.706008583691	0.0150214592275	0.00429184549356
-ngu	0.107280120314	0.425054308472	0.440260680666	0.0274048905475
-air	0.2	0.6	0.0	0.2
-nga	0.180915223049	0.355650809109	0.0401855327824	0.423248435059
-aia	0.314977265582	0.538784009724	0.0737897197739	0.0724490049202
-tia	0.642249486453	0.173596997998	0.0699465222139	0.114206993335
-aim	0.0	1.0	0.0	0.0
-ngi	0.119208344705	0.814532948001	0.0531487277587	0.0131099795358
-tin	0.333333333333	0.666666666667	0.0	0.0
-tio	0.0655737704918	0.934426229508	0.0	0.0
-aii	0.25	0.75	0.0	0.0
-ngo	0.863052626337	0.114727157281	0.0115391159639	0.0106811004179
-eme	0.0362435110901	0.936479471449	0.0233128834356	0.00396413402548
-ema	0.0349090909091	0.930909090909	0.0254545454546	0.00872727272728
-uwa	0.0	1.0	0.0	0.0
-emo	0.695614696692	0.123499622885	0.0973601982546	0.0835254821679
-emi	0.0402084884587	0.952792256143	0.00253164556962	0.00446760982875
-emu	0.254228793384	0.602806665831	0.118030322015	0.0249342187696
-inu	0.432089756454	0.501915534069	0.0564626470856	0.00953206239168
-tum	0.0	0.625	0.375	0.0
-etu	0.0140010770059	0.982767905223	0.00107700592353	0.00215401184707
-eta	0.30515618222	0.671336259213	0.0160253690275	0.00748218953906
-rut	0.25	0.5	0.25	0.0
-ete	0.238922596065	0.698382055525	0.0557087699945	0.00698657841514
-eti	0.0196571696016	0.94832547082	0.0241247081474	0.00789265143094
-eto	0.659663865546	0.113445378151	0.193277310924	0.0336134453781
-atu	0.369763804667	0.167185527742	0.0496970849524	0.413353582639
-wei	0.0761904761905	0.92380952381	0.0	0.0
-ate	0.410426702325	0.328745325149	0.247606078418	0.0132218941078
-ata	0.0647571724427	0.741878724269	0.0390259044251	0.154338198864
-run	0.268292682927	0.341463414634	0.121951219512	0.268292682927
-wea	0.900132765825	0.0626244679605	0.0129349056972	0.0243078605178
-ati	0.270337698198	0.657887777112	0.0376194143688	0.0341551103219
-kak	0.454545454545	0.454545454545	0.0909090909091	0.0
-kai	0.58259310811	0.346348754523	0.0658319934081	0.00522614395937
-kah	0.307142857143	0.435714285714	0.171428571429	0.0857142857143
-kao	0.204149377593	0.788381742739	0.00165975103735	0.00580912863071
-kan	0.413793103448	0.172413793103	0.206896551724	0.206896551724
-niu	0.016415868673	0.81121751026	0.00820793433652	0.16415868673
-kaa	0.0	1.0	0.0	0.0
-kae	0.0638297872341	0.0	0.638297872341	0.297872340425
-nia	0.063043723873	0.906338266863	0.0260987459044	0.00451926336007
-kar	0.0	1.0	0.0	0.0
-kap	0.75	0.0	0.25	0.0
-kaw	0.418181818182	0.509090909091	0.0	0.0727272727273
-kau	0.0814287852908	0.621014708296	0.0546380262843	0.242918480129
-kat	0.161904761905	0.676190476191	0.0571428571428	0.104761904762
-ato	0.345394871417	0.515769082861	0.100497475801	0.0383385699207
-oao	0.031746031746	0.417658730159	0.544642857143	0.00595238095238
-oai	0.714285714286	0.285714285714	0.0	0.0
-oah	0.0	0.75	0.25	0.0
-amu	0.601210287443	0.319818456884	0.0535552193647	0.0254160363086
-ami	0.0742268041237	0.898556701031	0.0222680412371	0.00494845360824
-amo	0.509345794393	0.43958611482	0.0320427236315	0.0190253671562
-ama	0.0291605334133	0.909286701368	0.0527685654215	0.00878419979772
-ame	0.00881057268723	0.991189427313	0.0	0.0
-oar	0.0	1.0	0.0	0.0
-oap	0.0	1.0	0.0	0.0
-iro	0.637293244681	0.264020212475	0.0394584257441	0.0592281170997
-iri	0.218001017312	0.692646516162	0.067362484838	0.0219899816875
-hin	0.4	0.0	0.2	0.4
-hio	0.807621510277	0.117401498882	0.0446158565981	0.030361134242
-eia	0.776279674153	0.148594275262	0.0316680979655	0.0434579526193
-hia	0.684828754956	0.224305194162	0.0453741838992	0.0454918669827
-ira	0.0338685542581	0.533306838174	0.0308927530806	0.401931854488
-hip	0.555555555556	0.444444444444	0.0	0.0
-iru	0.0320284697509	0.866548042705	0.0320284697509	0.0693950177936
-oua	0.887912087912	0.0989010989011	0.0131868131868	0.0
-eir	0.555555555556	0.222222222222	0.222222222222	0.0
-hit	0.222222222222	0.333333333333	0.222222222222	0.222222222222
-hiu	0.399416769183	0.555451392491	0.0336154382012	0.0115164001245
-epe	0.119749910052	0.829743325164	0.0317703842995	0.0187363804843
-epa	0.0757518949001	0.900678561714	0.0184748167589	0.00509472662711
-epo	0.0	1.0	0.0	0.0
-epi	0.157894736842	0.789473684211	0.0526315789474	0.0
-epu	0.0470302495032	0.943916979466	0.00861117244426	0.000441598586885
-pia	0.156196528966	0.784404791005	0.0491322415057	0.0102664385236
-wim	0.0	1.0	0.0	0.0
-wia	0.0	1.0	0.0	0.0
-iui	0.461058379925	0.407489273176	0.0950461578468	0.0364061890521
-kok	1.0	0.0	0.0	0.0
-pir	0.0	1.0	0.0	0.0
-piu	0.035490605428	0.955114822547	0.00313152400836	0.00626304801669
-iua	0.711042706045	0.227971174918	0.0520758094375	0.00891030959957
-wit	1.0	0.0	0.0	0.0
-uea	0.75	0.25	0.0	0.0
-pap	0.333333333333	0.0	0.666666666667	0.0
-eho	0.794117647059	0.102941176471	0.0735294117647	0.0294117647059
-owa	0.00537672860984	0.988607057061	0.00472041431943	0.00129580000926
-uhu	0.301673570043	0.54677137453	0.13431656571	0.0172384897168
-iia	0.390592114823	0.0802615694198	0.026267069778	0.502879245979
-uho	0.0	1.0	0.0	0.0
-uhi	0.64887474299	0.308005198775	0.0271324674124	0.0159875908225
-uha	0.0403616564264	0.916179629352	0.0386632698936	0.00479544432789
-ong	0.342857142857	0.314285714286	0.0	0.342857142857
-one	0.0303522855437	0.884561799244	0.0791149737942	0.00597094141843
-anu	0.234886025768	0.715229600264	0.0386521308226	0.011232243145
-ona	0.0852189173787	0.221400642666	0.0205141993022	0.672866240653
-ono	0.350360334433	0.44841490777	0.0965967370971	0.1046280207
-oni	0.0633987447367	0.921824104234	0.00810359895131	0.00667355207755
-ana	0.0982634672755	0.235094361166	0.0129208440704	0.653721327488
-onu	0.179626787368	0.0580487232485	0.227780962578	0.534543526806
-ane	0.0258192867354	0.918411053916	0.043593827288	0.0121758320605
-ang	0.287718153645	0.60267493068	0.0548034578372	0.0548034578372
-ani	0.0547000829184	0.896056133161	0.0458712976053	0.00337248631527
-thi	0.0	0.0	1.0	0.0
-ano	0.0850692411334	0.14879107149	0.042075722706	0.72406396467
-tam	0.333333333334	0.333333333333	0.333333333333	0.0
-tan	0.25	0.75	0.0	0.0
-tao	0.0973770645891	0.555662313384	0.336433371801	0.0105272502258
-tah	0.342857142857	0.571428571429	0.0857142857141	0.0
-tai	0.299107866991	0.632570965126	0.0506082725061	0.0177128953771
-tak	0.666666666667	0.333333333333	0.0	0.0
-tae	0.81987582661	0.064579324915	0.00975494079667	0.105789907678
-tat	0.75	0.25	0.0	0.0
-tau	0.431688863259	0.281369959979	0.076981667702	0.20995950906
-tar	0.0	1.0	0.0	0.0
-mia	0.832433922456	0.138876814283	0.0159667518368	0.0127225114238
-enu	0.176039119804	0.750611246944	0.0733496332518	0.0
-min	0.36231884058	0.579710144928	0.0289855072464	0.0289855072464
-oea	0.241623500098	0.701331060258	0.0226214674447	0.0344239721986
-eno	0.2	0.6	0.2	0.0
-eni	0.0591928251122	0.885201793722	0.047533632287	0.00807174887892
-ene	0.156069349465	0.739741664984	0.0795947564305	0.0245942291199
-ena	0.190792314581	0.330194769089	0.0465336547797	0.43247926155
