-yer	0.0	1.0	0.0	0.0
-rbu	0.605729877217	0.361527967258	0.0163710777626	0.0163710777626
-cak	0.391647855531	0.354401805869	0.233634311512	0.020316027088
-cah	0.478092783505	0.321735395189	0.165378006873	0.034793814433
-hku	0.23794377597	0.467265812163	0.0251749387545	0.269615473113
-eus	0.0123711340206	0.962268041237	0.0	0.0253608247423
-hel	0.0489795918367	0.951020408163	0.0	0.0
-hem	0.014440433213	0.971119133574	0.0	0.014440433213
-rba	0.0988593155893	0.422053231939	0.441064638783	0.0380228136882
-cap	0.621666666667	0.351333333333	0.016	0.011
-rbe	0.0440528634361	0.955947136564	0.0	0.0
-cat	0.111263736264	0.362637362637	0.443681318681	0.0824175824175
-aan	0.130029932293	0.751761105674	0.0618916143063	0.0563173477264
-mua	0.0301749098093	0.0800494575793	0.0171978264875	0.872577806124
-kho	0.0	1.0	0.0	0.0
-lem	0.00533953997809	0.986993428258	0.000273822562979	0.00739320920044
-btu	0.454545454545	0.484848484848	0.030303030303	0.030303030303
-aus	0.0613650594866	0.697557921102	0.126382801085	0.114694218326
-aut	0.0458526107072	0.900755948447	0.0313945803041	0.021996860542
-oya	0.0924092409241	0.518151815182	0.23102310231	0.158415841584
-hun	0.0145364783324	0.959133296764	0.0101481075151	0.0161821173889
-zin	0.139112224674	0.827231591938	0.00673123667776	0.026924946711
-aud	0.00764501986739	0.962282153166	0.00108696964939	0.0289858573171
-aui	0.61646234676	0.204903677758	0.0630472854641	0.115586690018
-auh	0.089412100166	0.250537185454	0.107640762956	0.552409951424
-aum	0.100961538461	0.826388888889	0.0328525641026	0.039797008547
-aul	0.521276595745	0.292553191489	0.154255319149	0.031914893617
-aun	0.41880506079	0.494744353267	0.0518703515657	0.0345802343772
-nti	0.621887591348	0.127137352878	0.0933160627163	0.157658993057
-pah	0.351820016084	0.560981012506	0.0499270452608	0.0372719261495
-pur	0.470395186654	0.351155476549	0.137426500752	0.0410228360454
-pus	0.059886086249	0.913262815297	0.00390561432059	0.0229454841334
-uai	0.493473193473	0.344988344988	0.0738150738151	0.0877233877234
-uah	0.120861576128	0.247798280088	0.0505582124316	0.580781931352
-uam	0.00787918581747	0.732107682206	0.260013131976	0.0
-nah	0.369539792882	0.351823189066	0.0204570806588	0.258179937394
-uan	0.159741100146	0.496310996954	0.0547546827915	0.289193220109
-uap	0.591346153846	0.206730769231	0.129807692308	0.0721153846154
-uas	0.329258976318	0.320091673033	0.254010695187	0.0966386554622
-uar	0.20114733861	0.0473821799434	0.0645559509114	0.686914530535
-uat	0.522598832529	0.142857142857	0.151088426518	0.183455598097
-pul	0.541387999469	0.105265152233	0.0406396241072	0.312707224191
-dut	0.037037037037	0.925925925926	0.037037037037	0.0
-pun	0.148355689558	0.113299977482	0.0136913557084	0.724652977252
-puh	0.298222800173	0.29843953186	0.388599913307	0.0147377546597
-nal	0.733971420265	0.183151821455	0.0346177069124	0.0482590513675
-car	0.676903390915	0.273192578375	0.0268714011516	0.0230326295585
-das	0.110190639236	0.796629718829	0.0328794649334	0.0603001770014
-sis	0.0	1.0	0.0	0.0
-nmu	0.277641884354	0.524818141675	0.0666194106164	0.130920563354
-opi	0.0631578947368	0.936842105263	0.0	0.0
-ope	0.0649132624511	0.893116955792	0.00503637381086	0.0369334079463
-dea	0.00385054192812	0.988020536224	0.00556189389618	0.00256702795208
-imu	0.0985485968938	0.390075892193	0.0602645777164	0.451110933196
-cau	0.377317339149	0.519083969466	0.0883315158125	0.0152671755725
-kub	0.0	0.996913580247	0.0	0.00308641975309
-dek	0.0778901339164	0.867996720415	0.0426345996174	0.0114785460508
-del	0.0810810810811	0.918918918919	0.0	0.0
-400	0.0	0.5546875	0.0859375	0.359375
-ima	0.531822967976	0.0941744709039	0.0543400156018	0.319662545519
-der	0.00923787528868	0.990762124711	0.0	0.0
-des	0.0607703358361	0.791423847342	0.038164421435	0.109641395387
-aka	0.321571589763	0.260551757319	0.0838823670662	0.333994285852
-imi	0.506172728597	0.48189271752	0.00492146551869	0.00701308836413
-kis	0.0	1.0	0.0	0.0
-bit	0.171821305842	0.712994781723	0.0521827669594	0.0630011454754
-bir	0.0	0.960264900662	0.0298013245033	0.00993377483444
-bis	0.437002568746	0.381711374068	0.0707457784141	0.110540278772
-ida	0.0127931769723	0.987206823028	0.0	0.0
-sat	0.577830520747	0.114528229781	0.144316833276	0.163324416196
-bia	0.0659340659341	0.846153846154	0.0879120879121	0.0
-bil	0.688133295081	0.0481052998975	0.0235364202347	0.240224984787
-idu	0.505928853755	0.494071146245	0.0	0.0
-bik	0.350364963504	0.503649635036	0.0583941605839	0.087591240876
-bih	0.0635129130292	0.0338204177873	0.309185821553	0.593480847631
-eja	0.0257142857143	0.968571428571	0.0057142857143	0.0
-ter	0.0271076172404	0.902412577934	0.0189753320683	0.0515044727569
-uta	0.0649398704903	0.108911501696	0.796299722479	0.0298489053346
-rib	0.106135986733	0.328358208955	0.545605306799	0.0199004975124
-ria	0.0165155973606	0.768173700853	0.0147424504047	0.200568251382
-rin	0.182206405694	0.686120996441	0.0790035587188	0.0526690391459
-eji	0.133333333333	0.636231884058	0.191304347826	0.0391304347826
-bbi	0.404021937843	0.340036563071	0.0	0.255941499086
-uti	0.723798475944	0.134691183162	0.0624875825958	0.0790227582981
-rik	0.459831605531	0.393076259464	0.0904144316084	0.0566777033963
-hli	0.226198083067	0.497763578275	0.111182108626	0.164856230032
-eru	0.611362214476	0.148855351694	0.0683086273158	0.171473806514
-tea	0.0371517027863	0.962848297214	0.0	0.0
-rit	0.162866449511	0.71769815418	0.0977198697068	0.0217155266015
-ris	0.260342368046	0.674037089872	0.0534950071326	0.0121255349501
-rip	0.534246575342	0.260273972603	0.0	0.205479452055
-utu	0.138095238095	0.5	0.247619047619	0.114285714286
-tek	0.167664670659	0.760479041916	0.0718562874252	0.0
-lau	0.200866893449	0.644134752551	0.034017337869	0.120981016131
-aku	0.112696802319	0.0634010844459	0.00497057911005	0.818931534125
-ten	0.156818181818	0.659090909091	0.115909090909	0.0681818181818
-jin	0.266115702479	0.239669421488	0.342148760331	0.152066115702
-jil	0.00633914421552	0.54675118859	0.446909667195	0.0
-duk	0.746921700856	0.176051662558	0.0224625163674	0.0545641202181
-ara	0.0742121097273	0.431397583634	0.0322104077493	0.46217989889
-mes	0.0	0.954545454545	0.0454545454545	0.0
-lup	0.372427983539	0.627572016461	0.0	0.0
-pat	0.218853073268	0.143238596817	0.0838770733495	0.554031256566
-lur	0.0	1.0	0.0	0.0
-lus	0.0435520812147	0.761745797335	0.0144031375185	0.180298983932
-lut	0.135282104863	0.797753609423	0.00997340425531	0.056990881459
-ari	0.15675508663	0.332694759226	0.0144659517099	0.496084202434
-dum	0.0	0.990405117271	0.0	0.00959488272921
-luh	0.0755542994188	0.206243697508	0.0195806131576	0.698621389915
-aru	0.153043725632	0.131681611238	0.612576381345	0.102698281785
-luk	0.123519102699	0.827690150719	0.0273396424816	0.0214511041009
-mea	0.0	1.0	0.0	0.0
-lum	0.231152217827	0.0300446743303	0.010940279589	0.727862828254
-guh	0.239955307927	0.311623719413	0.212058442816	0.236362529844
-mel	0.0865384615384	0.0673076923077	0.769230769231	0.076923076923
-men	0.0831408775981	0.889145496536	0.013856812933	0.013856812933
-jir	0.0720464091154	0.888655549549	0.0261986942238	0.0130993471119
-jis	0.0927131782945	0.0719379844962	0.783255813953	0.0520930232558
-alu	0.0560763063036	0.0361563429036	0.0177772769983	0.889990073794
-aya	0.220938222973	0.154484530976	0.0378167460098	0.586760500042
-rah	0.0837667259837	0.64805003709	0.190436040973	0.077747195953
-ndu	0.392781316348	0.488322717622	0.067940552017	0.0509554140127
-ila	0.0512832069896	0.053331110726	0.0120061019708	0.883379580314
-ayi	0.0903047091413	0.87811634349	0.013296398892	0.0182825484765
-ayu	0.304188096988	0.597722263042	0.0454322801862	0.0526573597845
-ubu	0.0	0.953684210526	0.0336842105262	0.0126315789474
-sra	0.154838709677	0.672727272727	0.109090909091	0.0633431085044
-lap	0.0946902654868	0.603539823009	0.28407079646	0.0176991150442
-uba	0.771843192583	0.053209714804	0.0253955457019	0.149551546911
-ipi	0.0497061961798	0.936092033483	0.0047339234457	0.00946784689138
-zik	0.0416666666667	0.921875	0.0364583333333	0.0
-umu	0.352742402648	0.568180773298	0.0101144774953	0.0689623465587
-ota	0.0346808637688	0.796660454387	0.0281281133422	0.140530568502
-oti	0.0149689456404	0.96745701597	0.00376291174938	0.0138111266406
-ali	0.236244831684	0.179043890175	0.0387603243558	0.545950953786
-iji	0.0745352112676	0.695746478873	0.199943661972	0.0297746478873
-uma	0.161849710983	0.274566473988	0.169075144509	0.39450867052
-umi	0.0286934430573	0.908682844719	0.0274933370739	0.03513037515
-nak	0.0274957861189	0.781132887257	0.0192674354268	0.172103891197
-kia	0.00208217140733	0.995835657185	0.00208217140733	0.0
-nai	0.10775427996	0.86807653575	0.02416918429	0.0
-nan	0.186269501084	0.612566948478	0.106818364999	0.0943451854398
-aki	0.140812199892	0.734832427386	0.0455005407816	0.0788548319397
-nam	0.242531377055	0.233604383949	0.167049672971	0.356814566024
-kik	0.63671875	0.31640625	0.03515625	0.01171875
-sir	0.416454659135	0.433918330387	0.034064938985	0.115562071493
-ake	0.0	1.0	0.0	0.0
-kin	0.23066065003	0.124037121514	0.417460196541	0.227842031915
-kim	0.0681607308543	0.821140532439	0.0524587823852	0.0582399543216
-kil	0.475442043222	0.442043222004	0.0589390962672	0.0235756385069
-sik	0.0710295291301	0.864325618516	0.0167597765363	0.0478850758181
-kir	0.569054214484	0.280965571824	0.0245350217649	0.125445191927
-sih	0.251682229932	0.250631621126	0.066734208547	0.430951940395
-sin	0.0254777070064	0.496815286624	0.477707006369	0.0
-sim	0.0979980400391	0.812855355796	0.0493151427294	0.0398314614353
-sil	0.257137569981	0.640007402027	0.0564542634845	0.0464007645078
-nar	0.124461667751	0.414232170511	0.274688471772	0.186617689966
-nas	0.229336843016	0.557725964341	0.201315393166	0.0116217994772
-sia	0.0572976679905	0.692839416487	0.149672174789	0.100190740734
-nat	0.472624838926	0.414398305847	0.0955958005774	0.0173810546504
-put	0.503808028211	0.433891544661	0.0404854510674	0.0218149760606
-gok	0.782608695652	0.0869565217391	0.0869565217391	0.0434782608696
-mos	0.0133630289532	0.986636971047	0.0	0.0
-mor	0.0	1.0	0.0	0.0
-gon	0.0	1.0	0.0	0.0
-gog	0.0333333333333	0.933333333333	0.0333333333333	0.0
-nek	0.0517642844349	0.678577825542	0.0361812645531	0.23347662547
-dam	0.186540723095	0.669134276151	0.0860145342702	0.0583104664837
-mon	0.0108062827225	0.986178010471	0.000251308900523	0.00276439790576
-yau	0.424657534247	0.397260273973	0.178082191781	0.0
-yat	0.219221334225	0.376673450995	0.270366413398	0.133738801382
-yap	0.471287053554	0.206664895434	0.0159410938627	0.306106957149
-yar	0.651965906659	0.269599264752	0.026942300671	0.051492527918
-rlu	0.484972901954	0.204056495319	0.0796518311709	0.231318771555
-mfa	0.0	1.0	0.0	0.0
-bet	0.00641539695269	0.813953488372	0.00320769847634	0.176423416199
-nta	0.697350924654	0.0877654775121	0.00930560874402	0.20557798909
-rli	0.0	0.973509933775	0.0	0.0264900662252
-bel	0.0378853045283	0.531210536141	0.0303082436226	0.400595915708
-yam	0.063782447466	0.916934487021	0.019283065513	0.0
-yal	0.324324324324	0.513513513514	0.108108108108	0.0540540540541
-yan	0.120036073017	0.85259819013	0.0108840998849	0.0164816369686
-yai	0.755285104441	0.0445353731245	0.0452378522152	0.154941670219
-yah	0.126930692192	0.700851785738	0.0316263659357	0.140591156134
-yak	0.0767775599647	0.135903408415	0.690035638332	0.0972833932884
-upu	0.0	0.960784313725	0.0392156862745	0.0
-isi	0.0744533514327	0.804316322413	0.0208891293979	0.100341196757
-rat	0.146138153553	0.723198590168	0.0373047722146	0.0933584840645
-rea	0.0100383040549	0.950733060362	0.000396248844274	0.0388323867388
-isa	0.101174795301	0.842007831969	0.0358846564614	0.0209327162691
-ual	0.928934010152	0.0630510285867	0.00641196900881	0.00160299225221
-upa	0.521370744708	0.293960878966	0.0681349625384	0.116533413788
-res	0.0402234636871	0.859217877095	0.0536312849162	0.0469273743017
-isu	0.239864864865	0.0625	0.619932432432	0.0777027027027
-ret	0.221592649311	0.768300153139	0.00459418070444	0.00551301684533
-upi	0.50518134715	0.391191709845	0.020725388601	0.0829015544041
-jur	0.0439864671035	0.175094370552	0.715895689235	0.0650234731095
-hab	0.116666666667	0.85	0.0	0.0333333333333
-had	0.0989010989011	0.824175824176	0.014652014652	0.062271062271
-jut	0.417591801879	0.215200683177	0.315969257045	0.0512382578992
-hah	0.0	0.992662644709	0.00244578509702	0.00489157019403
-hai	0.141077679776	0.331459951755	0.0343014770296	0.49316089144
-mas	0.0604950546863	0.746559212936	0.177664974619	0.0152807577581
-hak	0.153899633929	0.60939217212	0.0564535752772	0.180254618674
-hal	0.141949846185	0.188511718774	0.0332466656847	0.636291769356
-mat	0.0918492771965	0.754321037165	0.0807612114048	0.0730684742341
-han	0.083340387403	0.784302242236	0.0310014237786	0.101355946582
-ebu	0.0614958782117	0.76412539864	0.0	0.174378723148
-mai	0.0661193941317	0.851837370329	0.0236604741599	0.0583827613793
-mah	0.0567482101484	0.803325053748	0.0684631280135	0.0714636080903
-mak	0.149473526645	0.473520432199	0.297006874157	0.079999166999
-has	0.165416582202	0.330022298804	0.421041962295	0.0835191566998
-hat	0.607322741419	0.148409339636	0.174819306639	0.0694486123064
-mal	0.709055876686	0.290944123314	0.0	0.0
-jud	0.625206904706	0.187987703949	0.0174982265311	0.169307164814
-man	0.221733377568	0.670994632382	0.039730020942	0.0675419691076
-juk	0.31928380945	0.450519024419	0.202995137637	0.0272020284941
-juh	0.00734271139279	0.017467923945	0.0840933683722	0.89109599629
-jui	0.706857573474	0.250941974378	0.00904295403167	0.0331574981161
-jun	0.435897435897	0.442307692308	0.0544871794872	0.0673076923077
-sib	0.245901639344	0.622950819672	0.131147540984	0.0
-nku	0.257806575618	0.494402690913	0.0779193476939	0.169871385775
-uni	0.778141914923	0.108937239731	0.0535856557343	0.0593351896114
-ung	0.249087579291	0.452525596506	0.257591362404	0.0407954617991
-una	0.119315571888	0.243224621038	0.504937988057	0.132521819017
-eor	0.0	1.0	0.0	0.0
-pta	0.305489260143	0.651551312649	0.0429594272076	0.0
-666	0.0	0.0	0.0	1.0
-iri	0.269846773583	0.118123959318	0.150980315318	0.461048951781
-tra	0.0	1.0	0.0	0.0
-ada	0.0605237630438	0.0164918412619	0.00716674702186	0.915817648672
-gan	0.0870504616502	0.108024076013	0.0160052721947	0.788920190142
-gam	0.0597014925373	0.567164179104	0.34328358209	0.0298507462687
-gal	0.625967030238	0.143709448403	0.0951271226911	0.135196398668
-gak	0.390099153217	0.208945501918	0.119418108128	0.281537236737
-gai	0.0879454671804	0.166584405794	0.0520330713263	0.693437055699
-adi	0.640350446438	0.030977915085	0.0192554454346	0.309416193042
-gus	0.205052005943	0.54294205052	0.0457652303121	0.206240713224
-144	0.0	0.100436681223	0.0	0.899563318777
-gat	0.398205587806	0.101925329446	0.139698933245	0.360170149503
-gas	0.257535850161	0.490781387182	0.0715247292946	0.180158033363
-gar	0.834630016984	0.102186048933	0.0143743890162	0.0488095450671
-gap	0.656232704016	0.138736855052	0.0827747371011	0.122255703831
-nor	0.0543453851337	0.916011677521	0.0121266561868	0.0175162811588
-ini	0.224597987583	0.0567125167099	0.00402589437097	0.714663601337
-sem	0.0	1.0	0.0	0.0
--mu	0.259446137284	0.443053415711	0.048660324074	0.248840122931
-ina	0.462003717386	0.378996947324	0.0858242136196	0.0731751216705
-rza	0.0	0.849056603774	0.150943396226	0.0
-apa	0.0534178839477	0.331957886808	0.0254473417877	0.589176887456
-uit	0.376567228707	0.51102464332	0.0674448767834	0.0449632511889
-sea	0.0	1.0	0.0	0.0
-ing	0.210176522958	0.288716993174	0.164286020557	0.336820463312
-uih	0.462585034014	0.52380952381	0.0136054421769	0.0
-uil	0.0336239103362	0.925280199253	0.041095890411	0.0
-kna	0.448193603064	0.296619479582	0.0367243165197	0.218462600835
-ses	0.0	0.974025974026	0.012987012987	0.012987012987
-lat	0.137993462409	0.83595675132	0.00844857933115	0.0176012069399
-kut	0.291825774499	0.422641137787	0.123772090435	0.16176099728
-kus	0.083258994945	0.840023788284	0.0401427297056	0.0365744870651
-kur	0.460903137523	0.467696217379	0.0508747922979	0.0205258528003
-kup	0.172413793103	0.10796624809	0.24224304033	0.477376918477
-iam	0.203255925305	0.233181709361	0.432846540579	0.130715824755
-ian	0.124827503011	0.305910207133	0.0671093910575	0.502152898799
-iai	0.754003724395	0.12886405959	0.0284916201117	0.0886405959032
-iah	0.165796617248	0.759866360409	0.0501148465233	0.0242221758195
-iak	0.719423345218	0.124399317935	0.0372035343358	0.118973802511
-beg	0.0682967959528	0.926644182125	0.00505902192244	0.0
-nen	0.00329290379232	0.906152241919	0.090554854289	0.0
-iat	0.22417968277	0.563526657787	0.187068652379	0.025225007063
-nok	0.351906158358	0.489736070381	0.0615835777126	0.0967741935483
-fur	0.0497065930273	0.527787366241	0.298239558164	0.124266482568
-fus	0.0	1.0	0.0	0.0
-ias	0.0944566358172	0.833126610056	0.0472283179086	0.0251884362179
-iar	0.0573375436264	0.190294166528	0.747382416487	0.00498587335881
-kun	0.155724061402	0.558350286665	0.107268355835	0.178657296098
-kum	0.320756861185	0.561622819478	0.0353604007221	0.0822599186143
-kul	0.494606416227	0.39926375806	0.0418670586853	0.0642627670275
-kuk	0.515801539217	0.347797609301	0.132962174554	0.00343867692811
-kui	0.770810210877	0.117092119867	0.0274694783574	0.084628190899
-kuh	0.286324786325	0.282051282051	0.397435897436	0.034188034188
-ban	0.101806409012	0.839635402663	0.0383724348142	0.0201857535109
-bal	0.0	0.795918367347	0.163265306122	0.0408163265306
-bak	0.114956736712	0.789740420272	0.0864029666255	0.00889987639061
-bah	0.360623952778	0.549679164539	0.0378933354652	0.0518035472182
-bai	0.746899269735	0.209284803524	0.0365132722847	0.00730265445694
-gsu	0.0101809954751	0.0429864253393	0.946832579186	0.0
-bad	0.111111111111	0.791666666667	0.0555555555555	0.0416666666667
-ekh	0.0	1.0	0.0	0.0
-bab	0.273247717778	0.143122388983	0.051678786941	0.531951106297
-mku	0.140200286123	0.765379113019	0.00429184549356	0.0901287553648
-hor	0.0	1.0	0.0	0.0
-gsi	0.499455485979	0.280016335421	0.216444323441	0.00408385515927
-bat	0.248119919768	0.642812452834	0.0506178599874	0.058449767411
-bau	0.0798816568047	0.778106508876	0.10650887574	0.0355029585799
-gsa	0.057532855773	0.836335946754	0.03353827063	0.0725929268431
-bas	0.0503237439554	0.654864355381	0.276944512745	0.017867387919
-bap	0.0322580645161	0.661290322581	0.274193548387	0.0322580645161
-nya	0.272883296911	0.383759703825	0.0572426622446	0.286114337019
-mbu	0.0356435643565	0.952475247525	0.010396039604	0.00148514851485
-asa	0.139436225976	0.460641666954	0.0729911554277	0.326930951642
-nyi	0.36840841802	0.389453468833	0.202288549252	0.0398495638953
-asi	0.434061743542	0.439931027622	0.0414497463276	0.0845574825082
-mba	0.0824840776327	0.700087692055	0.0198143291624	0.19761390115
-asu	0.0621761658031	0.875647668394	0.0103626943005	0.0518134715025
-oel	0.0	1.0	0.0	0.0
-mbi	0.178571428571	0.758241758242	0.0467032967033	0.0164835164835
-lta	0.0	1.0	0.0	0.0
-dia	0.0450372536599	0.033408252096	0.00571046452798	0.915844029716
-430	0.229508196721	0.0	0.0	0.770491803279
-rau	0.148497348262	0.406010606953	0.0989982321744	0.34649381261
-gur	0.348278001862	0.559668786845	0.0480918399007	0.0439613713931
-ras	0.220208606239	0.292974559494	0.313628349962	0.173188484305
-rap	0.40826437428	0.36986154629	0.0163359310142	0.205538148416
-ran	0.264340451236	0.598477777574	0.0568920525088	0.0802897186814
-eri	0.285319011281	0.523327763017	0.0212801670882	0.170073058614
-iwa	0.249593306995	0.511619800139	0.0402045084825	0.198582384383
-ram	0.139653715537	0.534891238331	0.293972416618	0.0314826295142
-rak	0.16690374288	0.733304925963	0.0653578388675	0.0344334922893
-iwe	0.0	1.0	0.0	0.0
-rai	0.299140401146	0.660171919771	0.0274252967663	0.0132623823168
-raf	0.155555555556	0.6	0.155555555556	0.0888888888889
-era	0.0674535661088	0.293374478479	0.0261289912674	0.613042964145
-rab	0.0	1.0	0.0	0.0
-pok	0.167115902965	0.719676549865	0.0188679245283	0.0943396226415
-poh	0.136111111111	0.416666666667	0.197222222222	0.25
-uga	0.0863882182157	0.0145166264263	0.0727711713338	0.826323984024
-aza	0.0	1.0	0.0	0.0
-ugi	0.357894736842	0.5	0.11052631579	0.0315789473684
-ike	0.015503875969	0.984496124031	0.0	0.0
-uju	0.603064807917	0.188357986591	0.0593806534	0.149196552091
-ika	0.0810291808208	0.0335644917476	0.00588188602812	0.879524441403
-lal	0.385321100917	0.00917431192661	0.51376146789	0.091743119266
-aat	0.400935203741	0.281496325985	0.167267869072	0.150300601202
-lan	0.306911561764	0.546247219626	0.0390210526715	0.107820165939
-nos	0.0344827586207	0.965517241379	0.0	0.0
-lah	0.286559338176	0.377424382169	0.0358321434923	0.300184136162
-lai	0.315816338374	0.37387483289	0.0535015221959	0.25680730654
-iki	0.567124605512	0.180402876685	0.0434083789904	0.209064138813
-lak	0.458854816327	0.245344647061	0.0465792146163	0.249221321996
-noh	0.0857142857143	0.565266106443	0.301960784314	0.0470588235294
-aal	0.0	1.0	0.0	0.0
-iku	0.16499714258	0.276533571991	0.0394000496005	0.519069235829
-fos	0.0	1.0	0.0	0.0
-iks	0.0409495548962	0.910979228487	0.0213649851632	0.026706231454
-aah	0.023032527645	0.891589906965	0.0218897892282	0.0634877761618
-lar	0.0684612911652	0.904850408889	0.0127639695393	0.0139243304065
-las	0.150932955848	0.24383169053	0.115428163474	0.489807190148
-uji	0.649930616879	0.237374374501	0.0657667886127	0.0469282200076
-aaf	0.586740499128	0.302814230448	0.082833952818	0.027611317606
-uki	0.390790440811	0.508691074515	0.0200639663084	0.0804545183655
-ahi	0.486086910515	0.392643161941	0.0653477593942	0.0559221681495
-aha	0.481131675914	0.213121002922	0.171996103511	0.133751217653
-boh	0.701273440303	0.201566149023	0.0	0.0971604106734
-bok	0.0371577574968	0.939374185137	0.019556714472	0.0039113428944
-bot	0.497097985661	0.120518948447	0.353704335951	0.028678729942
-dod	0.0357142857143	0.928571428571	0.0357142857143	0.0
-bor	0.10071942446	0.809352517986	0.0	0.0899280575539
-doa	0.62938715235	0.334728033473	0.00718680777751	0.0286980063992
-don	0.0	1.0	0.0	0.0
-dom	0.00523250381537	0.994767496185	0.0	0.0
-dok	0.0	1.0	0.0	0.0
-doh	0.051724137931	0.453735632184	0.470402298851	0.0241379310345
-ahu	0.676869586823	0.100357873332	0.0158491694663	0.206923370379
-sas	0.0907092907093	0.837162837163	0.0403596403597	0.0317682317682
-sar	0.0883936776159	0.282930663598	0.542406516712	0.0862691420739
-sap	0.156931124673	0.795989537925	0.00784655623366	0.0392327811683
-sau	0.436453192107	0.488702233524	0.0454113147857	0.0294332595833
-toa	0.115107913669	0.438848920863	0.446043165468	0.0
-ibu	0.00790583203398	0.629734053661	0.00759301134199	0.354767102963
-tol	0.107913669065	0.74964028777	0.142446043165	0.0
-toh	0.195926966292	0.679073033708	0.0744382022472	0.0505617977528
-mpa	0.650516926819	0.246604500304	0.0344617879586	0.0684167849179
-ges	0.0344827586207	0.931034482759	0.0344827586207	0.0
-tor	0.0918660287081	0.708133971292	0.171291866029	0.0287081339713
-saf	0.202492211838	0.467289719626	0.118380062305	0.211838006231
-sad	0.0	1.0	0.0	0.0
-sak	0.468061674009	0.293226872247	0.200715859031	0.0379955947137
-sai	0.451839074953	0.243711369843	0.110360468273	0.194089086931
-mpu	0.430063763397	0.350156016823	0.00407000407	0.21571021571
-san	0.305014517482	0.534297475414	0.0688783214831	0.091809685621
-sam	0.162668872346	0.415494899366	0.421836228288	0.0
-sal	0.40364422483	0.19441012971	0.0935762816553	0.308369363805
-lon	0.0	1.0	0.0	0.0
-gku	0.209314969192	0.632339615803	0.0428144255165	0.115530989489
-lok	0.214373781967	0.36801495446	0.412043113391	0.00556815018098
-loi	0.0	0.964912280702	0.0175438596491	0.0175438596491
-loe	0.121212121212	0.818181818182	0.0	0.0606060606061
-gki	0.283333333333	0.425	0.258333333333	0.0333333333333
-iga	0.0332083044652	0.0394916023604	0.322908951908	0.604391141267
-lot	0.333731870874	0.609606487498	0.0478245048604	0.00883713676767
-roh	0.0117177951601	0.926619408458	0.0283503422146	0.0333124541677
-los	0.0435525192144	0.942783945346	0.0	0.0136635354398
-okh	0.0468018720749	0.94383775351	0.0	0.009360374415
-mar	0.453663925371	0.456118816742	0.0799067141279	0.0103105437584
-mau	0.117647058823	0.882352941177	0.0	0.0
-omo	0.004647560031	0.995352439969	0.0	0.0
-ipa	0.00785854616896	0.988212180747	0.0	0.00392927308448
-ham	0.209298177819	0.723373264766	0.0281798995274	0.0391486578877
-ntu	0.17029228042	0.445642450331	0.0262087274015	0.357856541848
-ewa	0.134258858953	0.72959463557	0.113730703015	0.0224158024615
-npa	0.185511744375	0.0399238202723	0.0440149537984	0.730549481555
-ewi	0.0492537313432	0.932462686567	0.00820895522388	0.0100746268657
-ipu	0.655510524252	0.235978559289	0.0443195188914	0.0641913975683
-hap	0.344322344322	0.401098901099	0.0732600732601	0.181318681319
-awi	0.104592901879	0.614405010438	0.189457202505	0.0915448851775
-awa	0.24308136945	0.0334073936858	0.00576334522171	0.717747891642
-mpi	0.122950819672	0.856557377049	0.0122950819672	0.00819672131147
-har	0.0769230769231	0.888888888889	0.0	0.034188034188
-iup	0.64894319683	0.304491413474	0.0426023778071	0.00396301188904
-mam	0.01388991561	0.949708389587	0.027375195023	0.00902649978017
-tmu	0.295101553166	0.470216760539	0.0783410138249	0.15634067247
-276	0.0	0.166666666667	0.0	0.833333333333
-til	0.134210526316	0.722368421053	0.0631578947368	0.0802631578947
-sti	0.300230821858	0.0401394824849	0.0353139709293	0.624315724727
-ngi	0.457845379945	0.341013025213	0.0895553507226	0.111586244119
-pku	0.338809034908	0.482546201232	0.0616016427104	0.11704312115
-nap	0.299352199114	0.240027275827	0.1861575179	0.27446300716
-cun	0.0202702702703	0.432432432432	0.547297297297	0.0
-cul	0.667494270435	0.158708938121	0.0477463712757	0.126050420168
-cuk	0.46339766997	0.326204138411	0.137367414363	0.0730307772561
-oli	0.0	0.962962962963	0.037037037037	0.0
-tih	0.153638293766	0.10133178923	0.734028179888	0.0110017371164
-pir	0.353617632966	0.0388116914231	0.052068359687	0.555502315924
-ucu	0.0384615384615	0.961538461538	0.0	0.0
-uci	0.0479399052526	0.282939810883	0.637506369968	0.0316139138969
-red	0.0	1.0	0.0	0.0
-200	0.096	0.448	0.144	0.312
-cut	0.456739695507	0.320460453026	0.222799851467	0.0
-cur	0.224970480393	0.639239326332	0.0335591324343	0.102231060841
-leh	0.112533744323	0.0238002052047	0.0108868410681	0.852779209405
-fsu	0.11976284585	0.69347826087	0.129051383399	0.0577075098814
-ois	0.0	1.0	0.0	0.0
-ion	0.0114285714286	0.974857142857	0.00457142857145	0.00914285714285
-len	0.130136986301	0.0890410958904	0.780821917808	0.0
-mum	0.227334976719	0.336894001643	0.188989317995	0.246781703643
-lea	0.00697439662293	0.975497843443	0.0161512342847	0.00137652564926
-mun	0.300605364593	0.106308375534	0.0654233581547	0.527662901718
-mui	0.721481711097	0.150405559	0.0874276710064	0.0406850588965
-muh	0.625	0.317307692308	0.0576923076923	0.0
-muk	0.364894059818	0.488732087289	0.146373852893	0.0
-leg	0.0	1.0	0.0	0.0
-mus	0.0292540224281	0.942954656265	0.00438810336421	0.0234032179425
-mur	0.0996956658621	0.458600062966	0.394584951202	0.0471193199706
-ios	0.0	0.95	0.05	0.0
-les	0.0	1.0	0.0	0.0
-iot	0.00139664804469	0.997206703911	0.00139664804469	0.0
-fta	0.0	1.0	0.0	0.0
-eel	0.0	1.0	0.0	0.0
-sah	0.387599700762	0.27184261344	0.252701753625	0.0878559321727
-fas	0.0789782048277	0.884462151394	0.0168736817436	0.0196859620342
-git	0.030680999324	0.930094865947	0.016937694542	0.0222864401869
-lji	0.0	1.0	0.0	0.0
-gir	0.124664879357	0.541554959786	0.144772117962	0.189008042895
-iba	0.735439229844	0.0812876052948	0.00385078219013	0.179422382671
-ndi	0.13707165109	0.802699896158	0.0519210799585	0.00830737279336
-gin	0.340024392478	0.246961786725	0.0369261621377	0.376087658659
-gil	0.884327264003	0.0460131694703	0.0176481565407	0.0520114099864
-gih	0.450980392157	0.43137254902	0.078431372549	0.0392156862745
-nda	0.208113246999	0.568695590389	0.084829113465	0.138362049147
-bku	0.0954198473282	0.435114503817	0.458015267176	0.0114503816794
-gia	0.340030911901	0.401854714065	0.207109737249	0.0510046367852
-ala	0.0647990001509	0.4899818547	0.028942381405	0.416276763744
-bda	0.788235294118	0.211764705882	0.0	0.0
-wat	0.73590536239	0.142637426543	0.00537157198825	0.116085639079
-bdi	0.111976047904	0.852694610778	0.0233532934132	0.0119760479042
-yol	0.0379008746356	0.935860058309	0.0	0.0262390670554
-iel	0.034132928795	0.872001517019	0.0739546790556	0.0199108751304
-lsu	0.0422244613982	0.0926539033636	0.755721894343	0.109399740895
-ros	0.0	0.316455696202	0.683544303798	0.0
-rku	0.0541010530384	0.283161047242	0.0676263162979	0.595111583422
-pet	0.288544470871	0.70518282324	0.00627270588851	0.0
-153	0.0	0.020202020202	0.020202020202	0.959595959596
-eli	0.774620390456	0.188611713666	0.0341648590022	0.00260303687635
-per	0.103207810321	0.796373779637	0.0334728033473	0.0669456066945
-oga	0.175385347855	0.429685175266	0.00214247455812	0.392787002321
-rka	0.23656776263	0.207698476343	0.529270248597	0.0264635124299
-ela	0.299156521465	0.364187350973	0.190754298799	0.145901828762
-abu	0.0121212121212	0.975757575758	0.0	0.0121212121212
-itu	0.152505206245	0.0156577302733	0.00298297210265	0.828854091379
-rid	0.105583439524	0.792473929212	0.0655345486697	0.0364080825943
-esi	0.0108173076923	0.989182692308	0.0	0.0
-iti	0.453886010363	0.204663212435	0.164248704663	0.177202072539
-esa	0.700997336034	0.107901631404	0.110961889875	0.0801391426873
-ita	0.0719545024102	0.194921636186	0.0578556025052	0.675268258898
-tir	0.328130593135	0.193395341966	0.309337659165	0.169136405734
-fah	0.0645161290323	0.634408602151	0.268817204301	0.0322580645161
-fan	0.148905109489	0.757664233577	0.0846715328467	0.00875912408761
-eza	0.118552732871	0.25481139338	0.170900692841	0.455735180908
-uda	0.0474601408973	0.51300386673	0.416441548811	0.0230944435616
-fat	0.267689784442	0.430939550141	0.210871602624	0.0904990627928
-udi	0.0528429376713	0.752292713848	0.139920687467	0.0549436610132
-ril	0.0	1.0	0.0	0.0
-hum	0.0	1.0	0.0	0.0
-nju	0.404255319149	0.375886524823	0.0	0.219858156028
-rim	0.793636363636	0.160681818182	0.0136363636364	0.0320454545455
-ksa	0.666991668144	0.175234887431	0.0797730898777	0.0780003545471
-hui	0.784040155014	0.0821083915198	0.0420884659873	0.091762987479
-rih	0.502392344498	0.150717703349	0.0980861244019	0.248803827751
-nja	0.298076923077	0.567307692308	0.0	0.134615384615
-abi	0.0245911303498	0.945684761921	0.00614778258746	0.0235763251419
-hur	0.475113122172	0.41628959276	0.108597285068	0.0
-hus	0.0194624652456	0.980537534754	0.0	0.0
-tua	0.10007371913	0.640035630913	0.198519474137	0.0613711758201
-nci	0.736524741785	0.213703235908	0.0316846037811	0.0180874185257
-cam	0.231243576567	0.397327852004	0.160534429599	0.210894141829
-tuh	0.867175164371	0.0875028195724	0.0136174905388	0.0317045255182
-oci	0.104868913858	0.818352059925	0.0730337078652	0.00374531835205
-tuk	0.0262101923376	0.0244950762606	0.00916934928768	0.940125382114
-tul	0.173484111271	0.473172041207	0.083050904332	0.27029294319
-ael	0.0236843194899	0.941037638193	0.0178874580763	0.0173905842408
-sos	0.169230769231	0.784615384615	0.0	0.0461538461538
-tup	0.739067953192	0.172654485732	0.0451652638062	0.0431122972696
-tur	0.405775071404	0.378036753196	0.156651978659	0.0595361967409
-tus	0.172439189087	0.754266164504	0.00857705737932	0.0647175890297
-tut	0.426687354538	0.220015515904	0.187897595035	0.165399534523
-sok	0.095351881164	0.71873858517	0.12784609765	0.0580634360161
-kor	0.0956944964432	0.231299138899	0.0738300262074	0.59917633845
-ora	0.299145299145	0.596266306793	0.104588394062	0.0
-aba	0.892561983471	0.107438016529	0.0	0.0
-lit	0.0355263157895	0.868421052632	0.0467105263158	0.0493421052631
-rus	0.188673373274	0.387536680319	0.0234026981926	0.400387248214
-hir	0.246244672406	0.365975845671	0.348441991846	0.039337490077
-pak	0.888465920099	0.0916573022823	0.00208315573294	0.0177936218855
-lip	0.0384615384615	0.884615384615	0.0	0.0769230769231
-rut	0.425554876318	0.134384619524	0.0461795232839	0.393880980874
-lis	0.538001856121	0.397599651487	0.0369088518306	0.0274896405617
-ruk	0.0771092221198	0.14931116242	0.629119410248	0.144460205212
-ruh	0.41851483207	0.117671150252	0.138963008561	0.324851009117
-rui	0.773181169758	0.0684736091298	0.132667617689	0.0256776034237
-run	0.237978548186	0.274012774676	0.0108464226891	0.477162254449
-gmu	0.60833869133	0.358276868292	0.00445125871705	0.0289331816608
-rum	0.0315110288601	0.698019306757	0.270469664383	0.0
-rub	0.0501792114695	0.806451612903	0.114695340502	0.0286738351255
-dak	0.225743542193	0.0485289881361	0.0116704657154	0.714057003956
-oma	0.047664442326	0.624337685947	0.269137827832	0.0588600438956
-gah	0.129447817945	0.515294251178	0.0587934850463	0.296464445832
-ruf	0.22265625	0.60546875	0.09375	0.078125
-lia	0.0122950819672	0.821721311475	0.160143442623	0.00584016393442
-ica	0.0	1.0	0.0	0.0
-eas	0.00560485754321	0.993460999533	0.0	0.000934142923865
-pal	0.169924046563	0.736105343532	0.0354315414395	0.0585390684653
-tem	0.659090909091	0.340909090909	0.0	0.0
-oda	0.577983951856	0.335506519559	0.0526579739218	0.033851554664
-adu	0.0933852140078	0.891050583658	0.0	0.0155642023346
-nji	0.330908047335	0.547461890373	0.0192447288013	0.102385333491
-rna	0.113485328698	0.183621306615	0.651978325325	0.050915039362
-eam	0.0532319391635	0.93536121673	0.0114068441065	0.0
-rni	0.0720434979611	0.148164929769	0.767557770729	0.0122338015406
-zer	0.0	1.0	0.0	0.0
-uri	0.32685929964	0.53786829565	0.090083579658	0.0451888250515
-ber	0.146873966259	0.604366523321	0.0317565332451	0.217002977175
-rgi	0.84150687704	0.01541724232	0.00116157305151	0.141914307588
-ehi	0.350835322196	0.420047732697	0.0286396181384	0.200477326969
-ura	0.339583333333	0.348611111111	0.272222222222	0.0395833333334
-dku	0.605993340733	0.254162042175	0.0832408435072	0.0566037735849
ALL	0.213829147593	0.252250303414	0.0474425256195	0.486478023374
-ehu	0.0	1.0	0.0	0.0
-uru	0.0562154848251	0.620604477729	0.0432354190594	0.279944618386
-dup	0.410650235244	0.402139915896	0.0564179519331	0.130791896927
-pai	0.595038779657	0.110078417904	0.049154288658	0.24572851378
-dur	0.5716002481	0.172507365483	0.0284927895798	0.227399596837
-dus	0.051688490696	0.92350103377	0.0206753962784	0.00413507925569
-was	0.337914850821	0.4743546765	0.103251759973	0.0844787127053
-war	0.403877221325	0.157242864836	0.413031771675	0.0258481421648
-pan	0.129702647003	0.502246890941	0.0527031940117	0.315347268044
-api	0.0377564788634	0.0693754146063	0.00401736404446	0.888850742486
-dua	0.0539253076204	0.0545873210045	0.139353817371	0.752133554005
-paz	0.0	1.0	0.0	0.0
-sop	0.0	0.919732441472	0.0802675585284	0.0
-wab	0.868035073735	0.0605221203667	0.00328816261459	0.0681546432842
-apu	0.56308411215	0.394859813084	0.035046728972	0.00700934579439
-duh	0.623369709875	0.132818738355	0.0276816608996	0.21612989087
-wan	0.129781162789	0.570863175613	0.0343594873782	0.26499617422
-par	0.347866280232	0.166100339796	0.475014991005	0.0110183889666
-pas	0.365977625087	0.202514301492	0.0657952178218	0.365712855599
-dul	0.0592592592592	0.48024691358	0.364197530864	0.0962962962963
-pau	0.107876712329	0.402397260274	0.42551369863	0.0642123287671
-wai	0.111072153072	0.728643341932	0.0843998096621	0.0758846953342
-wah	0.0466328668756	0.151525832052	0.0549020671064	0.746939233966
-nun	0.676909852799	0.181261416138	0.0644676050285	0.0773611260342
-num	0.696187246653	0.26962498677	0.0281546312985	0.00603313527825
-nuh	0.570447079074	0.249909937638	0.0826481961644	0.0969947871236
-sen	0.0192616372392	0.865168539326	0.0963081861958	0.0192616372392
-kit	0.178890812058	0.338039088418	0.349217510457	0.133852589067
-jib	0.371115173675	0.247105423522	0.13436928702	0.247410115783
-sut	0.489932885906	0.4	0.0268456375839	0.08322147651
-sus	0.00811156840305	0.563661879009	0.00280486371286	0.425421688875
-sur	0.177750906892	0.337363966143	0.134220072551	0.350665054414
-koh	0.0238095238095	0.738095238095	0.214285714286	0.0238095238095
-sun	0.39498018494	0.116248348745	0.0317040951123	0.457067371202
-sum	0.114285714286	0.471428571429	0.414285714286	0.0
-sul	0.0714392022623	0.812976827556	0.0372079178449	0.078376052337
-suk	0.729344961023	0.0678116762941	0.0573944254388	0.145448937244
-kok	0.165216719508	0.784263314055	0.0269029089565	0.0236170574809
-sui	0.605720695457	0.333707234997	0.0605720695457	0.0
-suh	0.413762827196	0.519782692202	0.0359984634802	0.0304560171212
-suf	0.0387380529476	0.931574050579	0.00279116975387	0.0268967267191
-nut	0.291063829787	0.596595744681	0.0765957446808	0.0357446808511
-sud	0.36715311559	0.435024322446	0.0704192726431	0.127403289321
-nus	0.103490343243	0.854824372983	0.00409624175816	0.0375890420161
-sua	0.0258620689655	0.965517241379	0.0	0.00862068965517
-fes	0.111111111111	0.814814814815	0.0740740740741	0.0
-lui	0.0753927749425	0.0437706394476	0.00840588411889	0.872430701491
-dil	0.0580742882716	0.269647836414	0.402182519192	0.270095356122
-dim	0.046511627907	0.953488372093	0.0	0.0
-dih	0.247789669614	0.272684969753	0.369241507678	0.110283852955
-dik	0.22192724105	0.586219770191	0.101422823246	0.0904301655121
-son	0.0	0.989565217391	0.00521739130434	0.00521739130434
-dir	0.278825995807	0.162473794549	0.176100628931	0.382599580713
-dis	0.0463498483317	0.555551061678	0.132740141557	0.265358948433
-sli	0.0691642651297	0.412103746398	0.449567723343	0.0691642651296
-iuh	0.0	0.936315390447	0.0636846095527	0.0
-ska	0.00876136239185	0.983134377396	0.00153323841858	0.00657102179388
-kos	0.0	1.0	0.0	0.0
-uku	0.0527078302863	0.871541911004	0.0591928251121	0.0165574335978
-ong	0.375791045874	0.277011412117	0.170693896464	0.176503645544
-ihi	0.544221091556	0.282953818778	0.0903050018071	0.0825200878583
-uka	0.498582719983	0.236028261745	0.156648298989	0.108740719283
-sku	0.285333333333	0.426666666667	0.12	0.168
-her	0.0311572700297	0.927299703264	0.0415430267062	0.0
-rta	0.0317061229298	0.215457701242	0.0199226213045	0.732913554524
-nna	0.0	1.0	0.0	0.0
-tip	0.389112903226	0.417338709677	0.0423387096774	0.151209677419
-ngu	0.0	0.0632054176072	0.936794582393	0.0
-ais	0.0857142857143	0.914285714286	0.0	0.0
-tis	0.70260856677	0.263487475915	0.0256780791463	0.00822587816807
-mei	0.0	1.0	0.0	0.0
-nga	0.219623688084	0.727803316564	0.0235264154201	0.0290465799321
-eta	0.168648908183	0.595542707385	0.0254473797401	0.210361004691
-tia	0.132320920105	0.47942605103	0.357545642343	0.0307073865222
-tib	0.109090909091	0.0727272727273	0.709090909091	0.109090909091
-aib	0.0345314707267	0.680113012086	0.25333542615	0.0320200910375
-aim	0.0	1.0	0.0	0.0
-tim	0.105007292173	0.725814292659	0.105007292173	0.0641711229946
-tin	0.0623366795913	0.775846343853	0.0804240063121	0.0813929702436
-ain	0.0345666455137	0.41409491504	0.223694183528	0.327644255918
-kku	0.0739623014891	0.621942973994	0.0964725671597	0.207622157358
-aik	0.115780249873	0.277058720129	0.404688993065	0.202472036933
-tik	0.468100107402	0.296714711765	0.05119587876	0.183989302073
-jat	0.735068912711	0.18989280245	0.0612557427258	0.0137825421133
-jau	0.0636942675159	0.337579617834	0.59872611465	0.0
-jar	0.642743168672	0.28179642311	0.0166212352902	0.0588391729274
-jap	0.277345072807	0.566203860481	0.0995597697257	0.0568912969861
-mmu	0.496503496503	0.440559440559	0.020979020979	0.041958041958
-dap	0.116055267533	0.0703498038445	0.0282152714645	0.785379657158
-kes	0.0	1.0	0.0	0.0
-emi	0.0881078760462	0.189549234327	0.0106914527951	0.711651436831
-260	0.00859598853867	0.103151862464	0.0171919770774	0.87106017192
-emu	0.455295735901	0.185694635488	0.268225584594	0.0907840440165
-hmu	0.171383050275	0.510030630175	0.0680878352038	0.250498484346
-dar	0.246274509804	0.675980392157	0.0296078431373	0.048137254902
-jan	0.143489380908	0.780158471453	0.0605551515759	0.0157969960633
-jam	0.223841133162	0.606068581833	0.1456053973	0.0244848877052
-jak	0.179552755783	0.156981419513	0.236194638249	0.427271186456
-jah	0.532039229636	0.215407286956	0.0543726815387	0.19818080187
-cik	0.187585577362	0.479233226837	0.326335006846	0.00684618895482
-gga	0.152176843428	0.057088478428	0.0328153378738	0.75791934027
-ulu	0.26445470877	0.103577299652	0.117075608072	0.514892383506
-set	0.0	1.0	0.0	0.0
-cin	0.0280373831776	0.920560747664	0.0514018691588	0.0
-cil	0.1155099182	0.145730386897	0.663912146662	0.0748475482416
-ron	0.0235294117647	0.976470588235	0.0	0.0
-zam	0.230769230769	0.5	0.115384615385	0.153846153846
-zah	0.150103519669	0.767598343685	0.0108695652174	0.0714285714286
