jer-	0.0321204968142	0.956169145513	0.00235129228868	0.00935906538437
kud-	0.257181020501	0.0549689184195	0.0161638351404	0.671686225939
agu-	0.183314558104	0.0531337319049	0.00882299257375	0.754728717417
ris-	0.0744186046512	0.781395348837	0.0372093023256	0.106976744186
tut-	0.464233576642	0.384914841849	0.0379562043796	0.112895377129
gin-	0.0539090392245	0.874157617062	0.0107579715914	0.0611753721222
muw-	0.484725050916	0.439918533605	0.0366598778004	0.0386965376782
fig-	0.0	1.0	0.0	0.0
ig--	0.516614088609	0.261478741359	0.108436133394	0.113471036638
dok-	0.417582417582	0.516483516484	0.0	0.065934065934
maa-	0.264059730293	0.238033195288	0.366732430483	0.131174643935
jac-	0.0264070418778	0.963990397439	0.0	0.00960256068285
ipu-	0.245098039216	0.754901960784	0.0	0.0
uju-	0.46511627907	0.207364341085	0.015503875969	0.312015503876
ogo-	0.23595505618	0.539325842697	0.0	0.224719101124
pao-	0.300355871886	0.343950177936	0.275444839858	0.0802491103203
udi-	0.0274023936108	0.804201700354	0.164180153172	0.0042157528632
mah-	0.134460569234	0.217550401904	0.549916108768	0.0980729200934
tum-	0.480235525546	0.307791482801	0.0437290658727	0.16824392578
eno-	0.0486725663717	0.922566371681	0.0	0.0287610619469
ant-	0.244539990091	0.668010209404	0.0261265548804	0.0613232456255
lis-	0.0704048459006	0.896943631363	0.00816288068412	0.0244886420524
ism-	0.00597609561754	0.886454183267	0.107569721116	0.0
tah-	0.363148915998	0.201313135053	0.184846910635	0.250691038314
san-	0.0355055383677	0.889284416969	0.0691302266219	0.00607981804187
inb-	0.504424778761	0.451327433628	0.0442477876106	0.0
yal-	0.55303030303	0.238636363636	0.185606060606	0.0227272727273
and-	0.348261226402	0.207371559955	0.0672845276256	0.377082686017
sup-	0.358536585366	0.212195121951	0.246341463415	0.182926829268
duo-	0.0651306484527	0.0148628084202	0.00190632025911	0.918100222868
uwa-	0.111216730038	0.871673003802	0.0	0.0171102661597
son-	0.0837201782951	0.0637659068339	0.048541536756	0.803972378115
seg-	0.318967741935	0.0	0.0	0.681032258065
euf-	0.0	1.0	0.0	0.0
der-	0.0120967741935	0.987903225806	0.0	0.0
kat-	0.169142613256	0.439554910696	0.19313641357	0.198166062477
abi-	0.110255075035	0.705232756744	0.0907653394482	0.093746828773
ayu-	0.0	1.0	0.0	0.0
mil-	0.0867429808957	0.789349524325	0.114858071003	0.00904942377601
dis-	0.174891283797	0.264322178106	0.053696350917	0.507090187181
tib-	0.0268618195632	0.203819748228	0.06508153925	0.704236892959
gan-	0.226428399875	0.511193667568	0.17813798284	0.0842399497166
sog-	0.0365832001421	0.901971230687	0.0143846563665	0.0470609128041
ari-	0.0223425863236	0.897088693297	0.0446851726473	0.0358835477319
ini-	0.110242395541	0.758335502481	0.0689622033781	0.0624598985995
bay-	0.0757663670701	0.876632589271	0.00918068257112	0.0384203610881
mig-	0.638444551692	0.20513163794	0.0467415953338	0.109682215035
iit-	0.929824561404	0.0701754385965	0.0	0.0
uga-	0.20467032967	0.504807692308	0.051510989011	0.239010989011
mey-	0.158792972739	0.138024584043	0.0328738768836	0.670308566334
ogt-	0.57726985252	0.267942941813	0.0613901661785	0.0933970394888
uli-	0.319936958235	0.447202521671	0.0874704491726	0.145390070922
abr-	0.0430316698554	0.915190770886	0.0326068755188	0.00917068373968
iri-	0.426786212887	0.45609158316	0.0425898923463	0.0745323116061
sug-	0.211337201513	0.562085462102	0.0328028477855	0.1937744886
has-	0.0248704653456	0.0443810852161	0.00879983842845	0.92194861101
ong-	0.437167838162	0.225441453797	0.0792045259729	0.258186182068
her-	0.0351450999049	0.908242150333	0.0494766888677	0.00713606089438
mul-	0.428072799801	0.343056594365	0.113587634006	0.115282971827
gaw-	0.179598050474	0.245071012579	0.069987693896	0.505343243051
ate-	0.0	1.0	0.0	0.0
euo-	0.172413793103	0.827586206897	0.0	0.0
naw-	0.113559931802	0.852997763213	0.00825890413101	0.025183400854
kam-	0.3715032489	0.518250700908	0.0729407323256	0.0373053178665
dey-	0.274193548387	0.275537634409	0.295698924731	0.154569892473
buj-	0.336887136125	0.35429965576	0.130744293306	0.178068914809
sin-	0.311023108278	0.578507655288	0.0401747511473	0.0702944852866
kim-	0.131578947368	0.355263157895	0.315789473684	0.197368421053
dor-	0.0375	0.9625	0.0	0.0
tag-	0.147735988069	0.707106422514	0.0482356690897	0.0969219203273
pat-	0.213987317977	0.347864802167	0.39882840857	0.0393194712862
hud-	0.470700383953	0.345213822322	0.0547596981332	0.129326095591
jor-	0.00452079566004	0.992163954189	0.0	0.00331525015069
noy-	0.0223363129612	0.0150797351894	0.00344306092474	0.959140890925
nok-	0.082484644084	0.13531976437	0.00521341276239	0.776982178784
sil-	0.111003393117	0.77811439651	0.0871303926322	0.0237518177412
him-	0.557280093835	0.25896434088	0.0982959285661	0.0854596367181
saw-	0.555056179775	0.350561797753	0.0539325842697	0.0404494382022
430-	0.4	0.0	0.0	0.6
gru-	0.103527607362	0.632860429448	0.0555981595092	0.208013803681
jam-	0.211267605634	0.714788732394	0.0316901408451	0.0422535211268
kid-	0.0511526660697	0.0560467573956	0.0372703877895	0.855530188745
mar-	0.0270374391482	0.807796028438	0.00126081322453	0.163905719189
i-a-	0.485804416404	0.369040227063	0.035432775942	0.109722580591
nig-	0.0122906045157	0.963128186453	0.0	0.0245812090313
por-	0.269662921348	0.730337078652	0.0	0.0
goj-	0.0145395799677	0.985460420032	0.0	0.0
alf-	0.0	1.0	0.0	0.0
pas-	0.254941769187	0.649975507445	0.0305548690813	0.0645278542862
cos-	0.0	1.0	0.0	0.0
noe-	0.00505677044323	0.989886459114	0.0	0.00505677044324
sig-	0.471474878444	0.322204213938	0.0745542949757	0.131766612642
buu-	0.03125	0.850543478261	0.0217391304348	0.0964673913043
zer-	0.0	1.0	0.0	0.0
nai-	0.479508466366	0.187778298909	0.0704403803083	0.262272854417
bak-	0.0485572361444	0.931350114416	0.0125579058994	0.00753474353965
276-	0.0	0.282722513089	0.0	0.717277486911
ped-	0.0374981808774	0.928156784115	0.00368675517035	0.0306582798377
say-	0.122244488978	0.416833667335	0.0	0.460921843687
ayh-	0.140159339038	0.107111242254	0.0362938920035	0.716435526704
gug-	0.231252953841	0.73590033083	0.0126030562411	0.0202436590873
epa-	0.0181818181818	0.928484848485	0.0	0.0533333333334
sap-	0.162237194613	0.391658013527	0.403028347038	0.0430764448225
asi-	0.00396406952203	0.982822365405	0.0132135650734	0.0
dia-	0.113070539419	0.603215767635	0.155082987552	0.128630705394
nan-	0.528292573368	0.258052034542	0.102424682671	0.111230709419
oto-	0.0361116793039	0.637531963482	0.0187655391453	0.307590818069
153-	0.102803738318	0.11214953271	0.0841121495327	0.700934579439
usi-	0.844217795681	0.0866553599373	0.0102578103971	0.0588690339842
dao-	0.329166666667	0.429166666667	0.09375	0.147916666667
amu-	0.207492165294	0.713869251512	0.0672691494789	0.0113694337147
tol-	0.0425531914894	0.957446808511	0.0	0.0
mel-	0.0439661094573	0.956033890543	0.0	0.0
ura-	0.0707084747431	0.833245847064	0.0315241949896	0.0645214832031
kri-	0.0177777777778	0.718518518519	0.201481481481	0.0622222222222
onn-	0.317610527872	0.245157474494	0.0112376164424	0.425994381192
mir-	0.0097244732577	0.962722852512	0.0129659643436	0.0145867098865
isa-	0.0395837354141	0.0891799831722	0.0506020690171	0.820634212397
joe-	0.04	0.96	0.0	0.0
mus-	0.517238136568	0.366461717686	0.0526248500019	0.0636752957439
eut-	0.115942028985	0.623188405797	0.144927536232	0.115942028985
pud-	0.672561163435	0.180546783983	0.094646941097	0.0522451114855
dio-	0.0925925925925	0.842592592593	0.0185185185185	0.0462962962963
igu-	0.125403229989	0.156786883659	0.232827502273	0.484982384079
yah-	0.373543123543	0.261072261072	0.202797202797	0.162587412587
bab-	0.078382504234	0.768837243793	0.0166890977915	0.136091154182
ita-	0.134060524863	0.102789636801	0.016055793628	0.747094044709
obo-	0.0994076744785	0.293329899562	0.508241050734	0.0990213752253
siy-	0.082791189828	0.689024973298	0.0285476723448	0.199636164529
ogk-	0.440774244811	0.271357541718	0.121960278399	0.165907935072
sor-	0.0	1.0	0.0	0.0
moi-	0.0613053982063	0.91591930566	0.00428112245249	0.0184941736814
doo-	0.496688741722	0.195364238411	0.0397350993378	0.26821192053
kom-	0.0	0.920634920635	0.0793650793651	0.0
pup-	0.612040001751	0.114104261731	0.147036637057	0.126819099462
kod-	0.944538765569	0.0116118814493	0.0438493529813	0.0
ali-	0.40337121148	0.466228612395	0.0834561127199	0.0469440634049
jud-	0.0178554793032	0.966152221843	0.00419215601031	0.0118001428438
sae-	0.112653500031	0.722240779002	0.0986533508075	0.0664523701595
oni-	0.0	1.0	0.0	0.0
non-	0.626003210273	0.229534510433	0.0288924558587	0.115569823435
uba-	0.0694212549666	0.83006588538	0.0892958884449	0.0112169712086
dod-	0.311438278596	0.527746319366	0.160815402039	0.0
mal-	0.301110142963	0.353239581551	0.249613213137	0.0960370623495
sab-	0.5161840902	0.339589843366	0.0891397216159	0.0550863448188
ugs-	0.324324324324	0.364864864865	0.216216216216	0.0945945945946
tui-	0.0013928061562	0.995647480762	0.0	0.00295971308193
nin-	0.0	1.0	0.0	0.0
ogb-	0.482438961082	0.306961636815	0.0707056894848	0.139893712618
nau-	0.529218043386	0.291707564036	0.0554806709819	0.123593721595
gog-	0.266832917706	0.695760598504	0.0149625935162	0.0224438902743
ogp-	0.510220838292	0.277916451072	0.099887407048	0.111975303587
uni-	0.0	0.822222222222	0.177777777778	0.0
tuw-	0.0527859237537	0.947214076246	0.0	0.0
sir-	0.074873222631	0.896688873422	0.0027841304564	0.025653773491
lyd-	0.0234833659491	0.976516634051	0.0	0.0
lim-	0.0508304247755	0.170677414823	0.0155819456901	0.762910214711
mab-	0.421331325267	0.291189719268	0.207729643273	0.0797493121917
esr-	0.0	1.0	0.0	0.0
sak-	0.194539321461	0.473631183874	0.0768158375952	0.25501365707
apa-	0.405322415558	0.189355168884	0.0	0.405322415558
ALL	0.235375109105	0.315238499063	0.0587174140571	0.390668977775
ana-	0.0284539922533	0.953259269897	0.00766840103252	0.0106183368172
puk-	0.21565675574	0.712834023335	0.0444109898382	0.0270982310877
ohu-	0.0872093023256	0.651162790698	0.261627906977	0.0
mae-	0.170491865206	0.683476558601	0.083968156311	0.0620634198821
cil-	0.0	1.0	0.0	0.0
per-	0.0504522869156	0.892979997452	0.0382214294814	0.0183462861511
ger-	0.0459418070444	0.952220520674	0.00183767228178	0.0
nef-	0.0	1.0	0.0	0.0
arm-	0.0589569160998	0.814058956916	0.1179138322	0.00907029478457
cal-	0.0588235294118	0.941176470588	0.0	0.0
dag-	0.0731267366284	0.871270777658	0.0319613875565	0.0236410981567
bae-	0.200620563608	0.447230841161	0.170017426786	0.182131168445
duy-	0.096463022508	0.708467309754	0.16934619507	0.0257234726688
sob-	0.0277746230468	0.0931276597166	0.0949882087289	0.784109508508
yuh-	0.600558659218	0.341620111732	0.00167597765363	0.0561452513966
lid-	0.105263157895	0.815789473684	0.0263157894737	0.0526315789474
guy-	0.258064516129	0.58064516129	0.0645161290322	0.0967741935484
gas-	0.207771181867	0.637093002339	0.155135815794	0.0
ata-	0.0	0.614203454895	0.120921305182	0.264875239923
ign-	0.582116513623	0.272166189974	0.0298058106277	0.115911485774
far-	0.0	1.0	0.0	0.0
dap-	0.0924295774648	0.416373239437	0.0330105633803	0.458186619718
ins-	0.4260713634	0.453344983928	0.023897755506	0.0966858971659
baw-	0.772359570987	0.160152699509	0.00749863661152	0.0599890928922
dat-	0.0430622009569	0.357655502392	0.566985645933	0.0322966507177
isc-	0.00180831826401	0.998191681736	0.0	0.0
muh-	0.449869575627	0.319462004713	0.0423406659414	0.188327753719
lev-	0.0618800188947	0.921114785073	0.00283419933869	0.0141709966934
num-	0.0350877192982	0.938596491228	0.0	0.0263157894737
sed-	0.221769704246	0.225443598513	0.0280422496022	0.524744447639
ise-	0.54	0.06	0.32	0.08
kla-	0.221096413047	0.451168027019	0.113831816618	0.213903743315
haw-	0.209163346613	0.520644693952	0.223107569721	0.0470843897139
ami-	0.0936596144059	0.883569928881	0.0176148816085	0.0051555751049
suj-	0.315652699849	0.187607147085	0.032839204648	0.463900948418
iku-	0.259927797834	0.66168127901	0.0412583806086	0.0371325425477
gaj-	0.212177846183	0.136321517755	0.179196833823	0.472303802239
eub-	0.105263157895	0.894736842105	0.0	0.0
cau-	0.0	0.901234567901	0.0740740740741	0.0246913580247
adi-	0.0	1.0	0.0	0.0
bug-	0.171178040412	0.566908120473	0.161265726268	0.100648112848
jai-	0.0598802395209	0.862275449102	0.0119760479042	0.065868263473
tal-	0.276864493359	0.552898904059	0.0378006872852	0.132435915297
gid-	0.0	1.0	0.0	0.0
ogy-	0.470015122158	0.298604212982	0.112713496025	0.118667168836
alp-	0.0591394143707	0.933692171766	0.00716841386311	0.0
paa-	0.486649025876	0.344541837527	0.0645182041258	0.104290932471
bin-	0.204411148372	0.728564147195	0.0499845253399	0.0170401790932
duw-	0.560143626571	0.287253141831	0.0377019748653	0.114901256732
rod-	0.0205479452055	0.969178082192	0.0102739726027	0.0
paw-	0.148464163822	0.623890784983	0.182252559727	0.0453924914676
kab-	0.152343003905	0.691034764622	0.0896936108211	0.066928620652
yuk-	0.0521165826024	0.815339795499	0.0553885145992	0.0771551072998
mua-	0.398945400926	0.246751161537	0.0469347530502	0.307368684486
dak-	0.720328229422	0.217282801793	0.0112088655782	0.0511801032062
wan-	0.356234096692	0.541984732824	0.0508905852417	0.0508905852417
pon-	0.418154761905	0.429067460317	0.0327380952381	0.12003968254
kur-	0.0763490241102	0.849598163031	0.0654420206659	0.00861079219289
umi-	0.520764534166	0.110707209228	0.0740384082121	0.294489848394
hig-	0.310027881693	0.549220947511	0.022140762173	0.118610408623
sik-	0.076774562452	0.0264649328672	0.00482205299554	0.891938451685
nga-	0.272797105258	0.402359726967	0.024931438544	0.299911729231
ben-	0.0	1.0	0.0	0.0
bog-	0.589512789466	0.294153634244	0.0327745694078	0.0835590068819
kai-	0.211155906862	0.540356506433	0.196970769164	0.051516817541
ome-	0.00728155339806	0.944174757282	0.0485436893203	0.0
pin-	0.193960128385	0.191957263478	0.0985483242491	0.515534283887
pog-	0.402906241476	0.468767823047	0.0792273166861	0.0490986187914
hug-	0.531684698609	0.352395672334	0.0463678516229	0.0695517774343
bun-	0.571428571428	0.131868131868	0.010989010989	0.285714285714
ili-	0.471075618017	0.316732738249	0.0415231251715	0.170668518562
lam-	0.0962029001721	0.803836273868	0.0898144263326	0.0101463996275
nar-	0.102024291498	0.873684210526	0.0242914979757	0.0
gat-	0.0416504979951	0.542361919545	0.0178502134265	0.398137369034
suh-	0.160682106964	0.663544096467	0.136712952887	0.039060843682
cua-	0.0	1.0	0.0	0.0
kaj-	0.0398919591816	0.917928370716	0.0255937659266	0.0165859041759
hih-	0.717391304348	0.152173913043	0.101449275362	0.0289855072464
usu-	0.0	0.755555555556	0.244444444444	0.0
sat-	0.0646187206361	0.817022045537	0.100469822913	0.0178894109143
esl-	0.0	1.0	0.0	0.0
ani-	0.304347826087	0.521739130435	0.173913043478	0.0
upi-	0.173347778982	0.657999277718	0.0617551462622	0.106897797039
nad-	0.596475987705	0.217411098355	0.0894687698135	0.0966441441259
lot-	0.0644176727984	0.743078351513	0.164789395531	0.0277145801575
kis-	0.204081632653	0.725008647527	0.0242130750605	0.0466966447596
sun-	0.202663077944	0.684204247446	0.0526546014697	0.0604780731404
ele-	0.0	1.0	0.0	0.0
ded-	0.375639957138	0.365698297416	0.140195261341	0.118466484105
ban-	0.190586038843	0.580059606213	0.09386001727	0.135494337673
hal-	0.161864939935	0.738023471198	0.021396780678	0.0787148081889
yug-	0.200837583971	0.747989139834	0.0420602270097	0.00911304918542
tey-	0.31339031339	0.660968660969	0.0	0.025641025641
iin-	0.28813559322	0.71186440678	0.0	0.0
ter-	0.227194492255	0.74182444062	0.0206540447504	0.0103270223752
nag-	0.448764682057	0.333603348184	0.137167544215	0.0804644255434
did-	0.173721825179	0.567344694887	0.15338097856	0.105552501374
puy-	0.192290845379	0.768287341218	0.0210249671485	0.0183968462549
nam-	0.685636241709	0.183153360459	0.0474205112218	0.0837898866102
arq-	0.124324324324	0.832432432433	0.0	0.0432432432432
ale-	0.00141911069063	0.891674550615	0.106906338694	0.0
nud-	0.374149659864	0.0502634288137	0.0242233391873	0.551363572135
sid-	0.0192539109507	0.971119133574	0.0	0.00962695547532
bon-	0.0737848605578	0.436015936255	0.476175298805	0.0140239043825
oli-	0.05	0.95	0.0	0.0
soy-	0.129783693844	0.281198003328	0.574043261232	0.0149750415973
luc-	0.00796812749004	0.98406374502	0.0	0.00796812749004
jec-	0.0	1.0	0.0	0.0
dec-	0.0104166666667	0.729166666667	0.0	0.260416666667
jua-	0.0301826308779	0.909993904779	0.0097523534325	0.0500711109104
kon-	0.171955743421	0.047477792835	0.0221052719667	0.758461191777
eli-	0.0251065721683	0.915853754217	0.011964850799	0.0470748228156
lum-	0.904850746269	0.0951492537313	0.0	0.0
mut-	0.558414114616	0.235731075434	0.0948747630496	0.110980046901
col-	0.0	1.0	0.0	0.0
jab-	0.957547169811	0.0141509433962	0.0283018867925	0.0
but-	0.0313503790312	0.217653860979	0.741744828472	0.0092509315174
awo-	0.327586206897	0.255172413793	0.158620689655	0.258620689655
hel-	0.012987012987	0.987012987013	0.0	0.0
tuk-	0.441928178583	0.296020705273	0.168877385959	0.0931737301844
ene-	0.0	1.0	0.0	0.0
pan-	0.273219964703	0.559144992324	0.0434598696766	0.124175173296
ogl-	0.475775200896	0.313677531632	0.136434629322	0.0741126381501
ugp-	0.358814112431	0.509359029616	0.0317098700819	0.10011698787
ogg-	0.442928959582	0.343454400237	0.0724798493963	0.141136790784
jez-	0.298856416773	0.615756035578	0.0	0.0853875476493
ano-	0.19751246063	0.0972770082256	0.0162064642387	0.689004066905
rik-	0.315464712688	0.63787119167	0.0196683378326	0.0269957578095
tul-	0.147072928989	0.790900661828	0.0506762157496	0.0113501934329
lin-	0.456306975374	0.318410590416	0.122988835474	0.102293598736
yam-	0.131176592073	0.729952099558	0.113588669114	0.0252826392544
ina-	0.142617835647	0.754748350991	0.0306420782741	0.0719917350878
baa-	0.236966824645	0.624644549763	0.0947867298578	0.0436018957346
mai-	0.134216856714	0.581820168051	0.157588044392	0.126374930843
cip-	0.0582524271844	0.879854368932	0.00728155339804	0.0546116504854
pen-	0.0	0.93665158371	0.0633484162896	0.0
sao-	0.134078212291	0.720670391061	0.0446927374302	0.100558659218
ape-	0.025	0.975	0.0	0.0
ba--	0.0370328014423	0.936966875656	0.00427172187391	0.0217286010279
aja-	0.466183664706	0.131479360581	0.0501051622784	0.352231812435
hul-	0.389830508475	0.235169491525	0.241525423729	0.133474576271
pae-	0.245901639344	0.704918032787	0.0491803278689	0.0
lab-	0.485639736961	0.399208572832	0.0700923331697	0.0450593570376
upa-	0.0258788009489	0.0282706295214	0.00470523653616	0.941145332994
isp-	0.0126466201782	0.914827280422	0.0454008625902	0.0271252368092
tia-	0.391429255447	0.512808235576	0.06463969356	0.0311228154178
nal-	0.540299023552	0.199608123268	0.107890377093	0.152202476087
kau-	0.116579777334	0.264871116443	0.182722206041	0.435826900182
iba-	0.610946617764	0.315541872502	0.0424104863854	0.0311010233494
ino-	0.052518513791	0.912764519167	0.0101706998228	0.0245462672195
bas-	0.274684522611	0.230077134736	0.0654660232638	0.429772319389
mid-	0.0	0.924242424242	0.0757575757575	0.0
teo-	0.271551724138	0.560344827586	0.0387931034483	0.129310344828
ang-	0.104603531613	0.278725179287	0.11738353149	0.499287757611
pun-	0.326086956522	0.608695652174	0.0474308300395	0.0177865612648
inh-	0.868934746235	0.0674846625766	0.0468488566648	0.0167317345231
dug-	0.361990950226	0.321654815772	0.0736910148675	0.242663219134
ito-	0.0666666666667	0.911111111111	0.0	0.0222222222222
tur-	0.0906132720929	0.909386727907	0.0	0.0
day-	0.104882572039	0.70534698521	0.0461296304954	0.143640812255
ma--	0.231111111111	0.04	0.0355555555556	0.693333333333
666-	0.0	0.0350877192982	0.0	0.964912280702
iko-	0.0512518293109	0.0226440771571	0.00351368103721	0.922590412495
cai-	0.00550458715596	0.982110091743	0.00412844036698	0.00825688073393
sod-	0.136531365314	0.70295202952	0.0553505535055	0.105166051661
kun-	0.17471485186	0.264350387761	0.0721989346516	0.488735825727
ide-	0.679083094556	0.120343839542	0.025787965616	0.174785100286
har-	0.0438482414083	0.891618532568	0.0116797777898	0.0528534482336
kan-	0.0813342516527	0.0616754015197	0.012364678844	0.844625667984
zab-	0.0	1.0	0.0	0.0
lig-	0.420679860067	0.117154342519	0.0497974963889	0.412368301025
diy-	0.15454968661	0.518471848564	0.0218991184819	0.305079346344
gap-	0.452288845906	0.488394584139	0.0380399742102	0.0212765957447
sio-	0.0245733788396	0.965187713311	0.0	0.0102389078498
jaw-	0.264375012623	0.735624987377	0.0	0.0
mum-	0.75	0.0541666666666	0.133333333333	0.0625
daw-	0.710229843453	0.109313665411	0.0617591168221	0.118697374314
suu-	0.014391967803	0.947139383079	0.0130125005333	0.0254561485843
kow-	0.171503379577	0.0463807091938	0.00719964423817	0.774916266991
kuw-	0.283436669619	0.469441984057	0.0434012400354	0.203720106289
iho-	0.590733590734	0.289575289575	0.050193050193	0.0694980694981
ces-	0.0766726943942	0.870162748644	0.00433996383363	0.0488245931284
na--	0.362068965517	0.586206896552	0.051724137931	0.0
hez-	0.0	1.0	0.0	0.0
dim-	0.0930232558137	0.906976744186	0.0	0.0
hil-	0.462699684583	0.0997113574378	0.172167754374	0.265421203605
mes-	0.0666666666667	0.933333333333	0.0	0.0
bub-	0.0246787824999	0.955231256429	0.00746313814874	0.0126268229219
mat-	0.169366395994	0.494265532687	0.235851586189	0.100516485131
nit-	0.117647058824	0.509803921569	0.372549019608	0.0
bob-	0.159833163436	0.675781462777	0.0738469679167	0.0905384058704
mad-	0.15051621938	0.220396432322	0.412082337689	0.217005010609
adm-	0.0	1.0	0.0	0.0
par-	0.0331629128092	0.903735433651	0.0363295103864	0.0267721431533
seb-	0.0	0.99368538352	0.0	0.00631461647991
ala-	0.100366113109	0.608511084159	0.153365392581	0.13775741015
jul-	0.11214953271	0.88785046729	0.0	0.0
245-	0.147967479675	0.10162601626	0.714634146341	0.0357723577236
dig-	0.565813426459	0.276665304455	0.0665007244492	0.0910205446372
nah-	0.447905204765	0.227293378505	0.147941873805	0.176859542925
zac-	0.0478283350569	0.918562564633	0.0149948293692	0.0186142709411
baj-	0.425921728619	0.395965548504	0.0557192505289	0.122393472348
huw-	0.0340517241379	0.876293103448	0.046551724138	0.0431034482758
hib-	0.0587436179937	0.775374299041	0.119354769183	0.0465273137823
saj-	0.327403964794	0.455560582381	0.0909352636342	0.126100189191
ayi-	0.573604060914	0.304568527919	0.0304568527919	0.0913705583756
anu-	0.198863636364	0.409090909091	0.272727272727	0.119318181818
hik-	0.437323592894	0.507388344679	0.0463224306824	0.00896563174498
saq-	0.0425950196592	0.888597640891	0.0393184796855	0.0294888597641
tre-	0.0045871559633	0.12003058104	0.402905198777	0.47247706422
gay-	0.178981363256	0.531005216153	0.243171771403	0.0468416491882
puu-	0.192008879023	0.714761376249	0.0133185349611	0.0799112097669
aam-	0.159722222222	0.298611111111	0.0416666666667	0.5
ipa-	0.454519566836	0.381100268198	0.0562919452257	0.108088219741
kin-	0.185050729547	0.405333774639	0.136215568998	0.273399926817
gob-	0.266135253278	0.467729493443	0.0	0.266135253279
iyu-	0.031386224782	0.0125738728098	0.00220561202076	0.953834290387
dan-	0.0380880539358	0.0411553270152	0.00178932049183	0.918967298557
ubi-	0.0178746808093	0.0147646172985	0.0067439271918	0.9606167747
mub-	0.561533704391	0.197278911565	0.113172541744	0.128014842301
gre-	0.012129380054	0.987870619946	0.0	0.0
ser-	0.0	1.0	0.0	0.0
uyu-	0.0551157125457	0.881242387332	0.049634591961	0.0140073081608
hay-	0.180909739729	0.627079241059	0.0995003568508	0.0925106623613
cri-	0.0156301537479	0.957993296803	0.00617119753152	0.0202053519179
mis-	0.252586968148	0.188643458577	0.0376229742671	0.521146599008
igb-	0.444951650816	0.400591038204	0.0639300921503	0.0905272188298
elm-	0.0	1.0	0.0	0.0
din-	0.0623912868329	0.0102799641526	0.00689170701738	0.920437041997
yai-	0.109530164562	0.174644413886	0.191136099539	0.524689322014
yon-	0.247897800776	0.265038809832	0.0329883570505	0.454075032342
kob-	0.00548309379414	0.983052255545	0.0	0.0114646506605
agr-	0.0030959752322	0.990712074303	0.00619195046439	0.0
was-	0.884615384615	0.115384615385	0.0	0.0
iwi-	0.762711864407	0.0	0.0	0.237288135593
igd-	0.493227403759	0.328498835669	0.0191971744419	0.15907658613
pig-	0.603175582168	0.217093814398	0.0552390936843	0.12449150975
sos-	0.254206730769	0.670673076923	0.0318509615384	0.0432692307692
ibi-	0.106666666667	0.813333333333	0.08	0.0
don-	0.263730826324	0.458683819891	0.144482929243	0.133102424542
deg-	0.597671410091	0.297542043984	0.00776196636481	0.0970245795601
suy-	0.268520514479	0.662211683553	0.0195444420493	0.0497233599195
moj-	0.313253012048	0.144578313253	0.518072289157	0.0240963855422
tat-	0.0346618357488	0.0260869565217	0.000724637681159	0.938526570048
bit-	0.013466630147	0.97078426002	0.0116406463982	0.00410846343468
dog-	0.0	0.995049504951	0.0049504950495	0.0
hak-	0.105319148936	0.429787234043	0.38829787234	0.0765957446808
kag-	0.58579934931	0.274508804019	0.0179019148914	0.12178993178
api-	0.34798120949	0.542129987513	0.0499494559077	0.0599393470892
dae-	0.656836004091	0.141067166723	0.0482441186498	0.153852710535
pip-	0.102997694081	0.431206764028	0.396617986164	0.0691775557264
mam-	0.66080189754	0.196466233684	0.049053750177	0.0936781185994
utu-	0.102710413695	0.507845934379	0.175463623395	0.213980028531
esa-	0.00468933177021	0.99531066823	0.0	0.0
hiy-	0.625	0.267857142857	0.0357142857143	0.0714285714285
sia-	0.353061158483	0.123464379479	0.00817341563619	0.515301046402
sis-	0.0	0.942028985507	0.0579710144928	0.0
nao-	0.593296089386	0.113966480447	0.138547486034	0.154189944134
mag-	0.0812271630841	0.801620425246	0.0643057249374	0.0528466867327
aug-	0.0740740740741	0.925925925926	0.0	0.0
pai-	0.52751114758	0.186444153871	0.0398758082635	0.246168890286
ama-	0.0	0.34	0.66	0.0
jep-	0.0	1.0	0.0	0.0
abu-	0.344554040502	0.459205819401	0.0498570594662	0.14638308063
igm-	0.382299270073	0.380474452555	0.0374087591241	0.199817518248
yaw-	0.0604744921693	0.851667584946	0.0414215629671	0.0464363599173
reg-	0.116504854369	0.650485436893	0.233009708738	0.0
pla-	0.305672354837	0.482229920976	0.0502486870306	0.161849037156
mac-	0.0103295622233	0.976881455976	0.00885391047713	0.00393507132317
map-	0.293087854367	0.266754188138	0.362158263776	0.0779996937185
ico-	0.0683918669131	0.850277264325	0.0221811460259	0.0591497227357
ika-	0.587827262919	0.110164366153	0.241968476424	0.0600398945044
bet-	0.0245842371656	0.963123644252	0.0	0.0122921185828
hip-	0.53267435475	0.36024162548	0.0527182866557	0.0543657331137
igg-	0.0938215102975	0.672768878719	0.157894736842	0.0755148741418
sal-	0.177101781436	0.705750599021	0.0238045629753	0.0933430565684
asu-	0.0173913043478	0.976086956522	0.00217391304348	0.00434782608695
kiy-	0.826039387309	0.0596280087528	0.0317286652079	0.0826039387308
ogh-	0.530191415654	0.318295132628	0.0506606694032	0.100852782315
ehi-	0.00630031501574	0.903395169758	0.0819040952048	0.008400420021
yui-	0.838709677419	0.0967741935484	0.0	0.0645161290323
gab-	0.108455068614	0.829127932713	0.0451527224436	0.0172642762284
400-	0.0	0.688131313131	0.0845959595959	0.227272727273
ind-	0.463836230789	0.227598162998	0.0348607788217	0.273704827391
yan-	0.0532870634103	0.840193162992	0.0784149764034	0.0281047971945
bad-	0.215568862275	0.538922155689	0.155688622754	0.0898203592814
min-	0.224664211892	0.597336708649	0.0942089627181	0.0837901167413
est-	0.0829614939679	0.795075194183	0.0337134357957	0.0882498760535
aap-	0.1643454039	0.685236768802	0.100278551532	0.050139275766
kas-	0.263531226871	0.557843147415	0.0480884930798	0.130537132634
inr-	0.406131877362	0.404451910962	0.0352792944142	0.154136917262
cre-	0.0119521912351	0.988047808765	0.0	0.0
og--	0.52391913606	0.232531510404	0.0594722797386	0.184077073797
sul-	0.489436179522	0.229278659832	0.0450056257032	0.236279534942
mui-	0.592070484582	0.0961848557892	0.0719142215941	0.239830438035
das-	0.540874524715	0.308935361217	0.121673003802	0.0285171102662
tab-	0.449853341341	0.423176343205	0.049747247724	0.0772230677291
naz-	0.0	0.995991983968	0.00400801603206	0.0
gal-	0.0194636980745	0.970302811185	0.00722364052248	0.0030098502177
ida-	0.337992457528	0.130968072642	0.298449399531	0.232590070299
kar-	0.0473768215616	0.909411779972	0.0154938167473	0.0277175817189
ark-	0.0319805173368	0.968019482663	0.0	0.0
kay-	0.184397425381	0.484173913756	0.119957930555	0.211470730308
ibe-	0.85	0.141666666667	0.00833333333333	0.0
kus-	0.11320754717	0.77358490566	0.0566037735849	0.0566037735849
ons-	0.568864717879	0.159075458872	0.0070700203943	0.264989802855
lil-	0.344897959184	0.385714285714	0.0489795918367	0.220408163265
ati-	0.363541900941	0.418695593807	0.144147536782	0.07361496847
ray-	0.0276141384389	0.906111929308	0.0331369661266	0.0331369661267
taw-	0.691682200467	0.168264079494	0.0145014750994	0.12555224494
not-	0.0354191263282	0.586776859504	0.0	0.377804014168
oma-	0.282147742818	0.176128590971	0.541723666211	0.0
uuj-	0.290983606557	0.598360655738	0.0	0.110655737705
dop-	0.218451749735	0.593849416755	0.0636267232237	0.124072110286
ogw-	0.4056391735	0.444995582286	0.0818439694325	0.0675212747818
imb-	0.551894546937	0.273087373162	0.06148030495	0.113537774951
kak-	0.316419022258	0.445271929837	0.19517742269	0.043131625215
abb-	0.0	1.0	0.0	0.0
hoo-	0.164251207729	0.0672612411743	0.0386473429952	0.729840208101
woh-	0.0425378625299	0.917591513888	0.0068980317616	0.0329725918205
ihu-	0.79674796748	0.138211382114	0.0650406504065	0.0
daj-	0.115744123843	0.0194967863338	0.00147083886843	0.863288250955
aan-	0.140890233826	0.694580231371	0.158856102569	0.00567343223462
rep-	0.0	1.0	0.0	0.0
saf-	0.175675675676	0.399613899614	0.023166023166	0.401544401544
126-	0.0	0.125984251969	0.0	0.874015748031
kap-	0.133605454587	0.444954735138	0.0917155040704	0.329724306205
buh-	0.254957713619	0.574402158063	0.111402741324	0.0592373869933
unu-	0.280199564876	0.215511840622	0.0320078367942	0.472280757709
hoy-	0.126492416909	0.767989674088	0.0619554695063	0.0435624394966
ake-	0.0	1.0	0.0	0.0
ija-	0.385416666667	0.239583333333	0.375	0.0
pri-	0.113387075459	0.844588344126	0.0269591647945	0.0150654156205
bua-	0.286219081272	0.671378091873	0.0424028268551	0.0
mup-	0.568464159541	0.239961309237	0.070728848159	0.120845683063
kib-	0.13515100529	0.609198647191	0.0195637813147	0.236086566203
gus-	0.66819221968	0.107224583197	0.0923504413206	0.132232755803
gen-	0.173228346457	0.826771653543	0.0	0.0
gra-	0.485714285714	0.371428571429	0.0857142857143	0.0571428571429
neg-	0.0	0.96	0.04	0.0
iny-	0.608363852572	0.287001018362	0.0415251396295	0.0631099894369
sau-	0.0775515102335	0.885315290346	0.0	0.0371331994205
sei-	0.240140342108	0.0382495707218	0.0106517705835	0.710958316587
sag-	0.452961672474	0.299651567944	0.12543554007	0.121951219512
tro-	0.00533570475767	0.989328590485	0.0	0.00533570475769
oho-	0.521920457177	0.26757627857	0.0299151962463	0.180588068007
aag-	0.359550561798	0.00749063670411	0.232209737828	0.40074906367
kit-	0.75147001176	0.12818502548	0.016268130145	0.104076832615
gol-	0.0	1.0	0.0	0.0
iyo-	0.801423487545	0.179359430605	0.0149466192171	0.00427046263345
yud-	0.43059490085	0.509915014164	0.0	0.0594900849858
wot-	0.190476190476	0.345238095238	0.0595238095238	0.404761904762
dup-	0.436817472699	0.563182527301	0.0	0.0
tiy-	0.133992499148	0.835322195704	0.0225025571088	0.00818274803956
itu-	0.555914061761	0.222744207257	0.129793586467	0.0915481445152
had-	0.211911636339	0.553212918821	0.207077150339	0.0277982945008
kad-	0.154608990792	0.420768837095	0.137009541267	0.287612630846
fen-	0.0414937759336	0.838174273859	0.0788381742739	0.0414937759336
tam-	0.47851680895	0.404140446699	0.0255393031824	0.0918034411689
gul-	0.469436425254	0.524408376862	0.00615519788357	0.0
igy-	0.711407977169	0.170410241608	0.0505941612427	0.0675876199808
man-	0.335193712708	0.234774385737	0.0703436597466	0.359688241808
koy-	0.0306395748688	0.00575322260953	0.00387059960594	0.959736602916
rob-	0.0	1.0	0.0	0.0
tud-	0.570257611241	0.419203747073	0.00351288056206	0.00702576112412
ubl-	0.0659340659341	0.725274725275	0.0769230769231	0.131868131868
fle-	0.0	1.0	0.0	0.0
tap-	0.147984210716	0.0331601011746	0.0181501968345	0.800705491275
muu-	0.296022201665	0.604070305273	0.0721554116558	0.0277520814061
sol-	0.437681732208	0.507608051266	0.0	0.054710216526
dom-	0.635329866482	0.136959172627	0.0431089324362	0.184602028455
koo-	0.392611378555	0.550135628591	0.0255666571418	0.031686335713
aby-	0.561403508772	0.0350877192982	0.175438596491	0.228070175439
oom-	0.439205955335	0.18858560794	0.104218362283	0.267990074442
yum-	0.52619760479	0.377245508982	0.0651197604791	0.0314371257485
ulu-	0.0677966101695	0.71186440678	0.186440677966	0.0338983050847
ogm-	0.371720306521	0.381673721765	0.121981663675	0.124624308039
bos-	0.0	1.0	0.0	0.0
pam-	0.47759958302	0.354122247485	0.0566731698047	0.111604999691
laz-	0.0415135929463	0.871050698016	0.0506980161646	0.0367376928729
tuj-	0.75	0.174418604651	0.0755813953489	0.0
cef-	0.212765957447	0.723404255319	0.0	0.063829787234
hob-	0.707821033507	0.292178966493	0.0	0.0
gih-	0.321635583618	0.0565471087217	0.0173738942739	0.604443413386
aqu-	0.0	1.0	0.0	0.0
jan-	0.0	0.984084880637	0.0159151193634	0.0
dru-	0.0	0.966101694915	0.0338983050847	0.0
ogd-	0.576929718302	0.214962535161	0.0810590004991	0.127048746037
cus-	0.0	1.0	0.0	0.0
mon-	0.680460137402	0.156840815892	0.0463332800767	0.116365766629
yop-	0.487374987623	0.444301415982	0.0445588672146	0.0237647291811
igt-	0.519792400156	0.29317367311	0.0757684608854	0.111265465848
ram-	0.026455026455	0.973544973545	0.0	0.0
pit-	0.0101595864239	0.0125421443021	0.00161834120027	0.975679928074
yaj-	0.0432432432432	0.194594594595	0.567567567568	0.194594594595
adu-	0.57217847769	0.0629921259842	0.0754593175854	0.28937007874
hit-	0.60559972347	0.243691669547	0.0207397165572	0.129968890425
las-	0.0	1.0	0.0	0.0
esp-	0.0	1.0	0.0	0.0
sip-	0.722646310433	0.277353689567	0.0	0.0
get-	0.0	1.0	0.0	0.0
pad-	0.292496211781	0.102621898723	0.084119578677	0.520762310818
huk-	0.348430385814	0.50035945363	0.0968128444764	0.0543973160795
ogr-	0.523212002192	0.454523657289	0.00890573620754	0.0133586043113
lio-	0.567972350231	0.0967741935483	0.0725806451613	0.26267281106
hog-	0.336489867409	0.29536127228	0.156938150526	0.211210709785
hae-	0.179515663186	0.5814263497	0.180404354588	0.0586536325261
igk-	0.33180331586	0.362541338177	0.230393713182	0.0752616327812
gah-	0.0770392039597	0.760783404116	0.0303695888678	0.131807803057
arf-	0.0	1.0	0.0	0.0
cle-	0.0208333333333	0.965277777778	0.0138888888889	0.0
reb-	0.248927038627	0.673819742489	0.0257510729614	0.0515021459227
inn-	0.542510121458	0.364372469636	0.080971659919	0.0121457489879
dum-	0.0869899211782	0.250263251481	0.102164525224	0.560582302117
bar-	0.0818194787902	0.833769260034	0.0424434087883	0.0419678523873
ays-	0.0614754098361	0.938524590164	0.0	0.0
dib-	0.19973833406	0.230266027039	0.432184910598	0.137810728304
pis-	0.0451876503112	0.905536292921	0.018720597986	0.0305554587818
lih-	0.273025118311	0.516927557335	0.133600291227	0.076447033127
bih-	0.127604166667	0.778645833333	0.078125	0.015625
his-	0.170230013173	0.515655081569	0.243185733104	0.0709291721552
apo-	0.0223226149349	0.969705022588	0.0	0.00797236247674
suw-	0.0703842230534	0.929615776947	0.0	0.0
tra-	0.339920651448	0.527325276095	0.0379490278335	0.0948050446232
way-	0.166950596252	0.06132879046	0.112436115843	0.659284497445
atu-	0.142852128752	0.438243094271	0.026492576605	0.392412200372
ima-	0.212852771166	0.553893233594	0.176470588235	0.0567834070045
nay-	0.367198556813	0.307110557339	0.173097937191	0.152592948657
sel-	0.0	1.0	0.0	0.0
kao-	0.0639364215651	0.773746449965	0.067674399179	0.0946427292905
ibo-	0.620427506641	0.319786487196	0.023512678313	0.0362733278497
kuy-	0.278655767484	0.386194368756	0.205994550409	0.129155313352
ado-	0.223707664884	0.359180035651	0.194295900178	0.222816399287
rub-	0.0	1.0	0.0	0.0
jon-	0.00921229402572	0.984947769583	0.0	0.00583993639131
fes-	0.0380165289256	0.95867768595	0.0	0.00330578512397
iga-	0.474683544304	0.189873417722	0.126582278481	0.208860759494
tis-	0.020202020202	0.939393939394	0.0	0.040404040404
kot-	0.139276209112	0.0917915953031	0.0231472285051	0.74578496708
isu-	0.797449172698	0.116336424857	0.0110321747205	0.0751822277249
bul-	0.182104599874	0.469439193447	0.275362318841	0.0730938878387
ilo-	0.803600654665	0.181669394435	0.00490998363339	0.00981996726678
ihi-	0.467997951869	0.469022017409	0.00921658986175	0.0537634408603
dav-	0.0100292026784	0.977581782248	0.00132739447214	0.0110616206012
ebe-	0.0	1.0	0.0	0.0
tae-	0.0978429269454	0.834823024669	0.0	0.0673340483851
jop-	0.0578206078577	0.935507783543	0.0	0.00667160859896
now-	0.0390532628297	0.0281796269573	0.00821672279892	0.924550387414
tan-	0.215032957047	0.568127086268	0.0411092417883	0.175730714897
hub-	0.521514629948	0.320137693632	0.111876075731	0.0464716006884
dih-	0.122414689763	0.388846661599	0.0688882665919	0.419850382046
bil-	0.352845528455	0.178861788618	0.00487804878049	0.463414634146
abo-	0.520282186949	0.328042328042	0.037037037037	0.114638447972
aga-	0.0558071543635	0.853676973029	0.0171586176103	0.0733572549969
ipi-	0.00343642611684	0.996563573883	0.0	0.0
mit-	0.0650464617584	0.736954967834	0.0800571837027	0.117941386705
ajo-	0.214285714286	0.663265306122	0.0	0.122448979592
pia-	0.0692717584369	0.0106571936057	0.898756660746	0.0213143872114
mau-	0.497102881577	0.310160959313	0.143038484575	0.0496976745348
buw-	0.39293641412	0.0405650188368	0.0371633401083	0.529335226935
ing-	0.265935229095	0.189862153576	0.0520589565783	0.492143660751
git-	0.0742323541183	0.820279563714	0.0586044900934	0.0468835920747
ton-	0.0697682222407	0.145067233248	0.023232551936	0.761931992575
pru-	0.224252773086	0.483427307769	0.011516446759	0.280803472386
gun-	0.1796875	0.7421875	0.078125	0.0
dut-	0.311894273128	0.186784140969	0.0581497797357	0.443171806167
nak-	0.526998504641	0.264153742957	0.074739581557	0.134108170845
000-	0.109274781959	0.281637085553	0.0057012929718	0.603386839515
hia-	0.4765625	0.296875	0.1953125	0.03125
aya-	0.13518624319	0.57416333395	0.257980414088	0.032670008771
sar-	0.0764201409527	0.814299057485	0.09144943534	0.0178313662223
lao-	0.0	1.0	0.0	0.0
uma-	0.299119005784	0.579213371259	0.0466269058889	0.0750407170682
fri-	0.0	0.924528301887	0.0754716981132	0.0
kah-	0.245254450995	0.477638195815	0.178002270853	0.0991050823374
teu-	0.290322580645	0.685483870968	0.0	0.0241935483871
uho-	0.128390596745	0.867992766727	0.00361663652802	0.0
qui-	0.646153846154	0.0888888888888	0.239316239316	0.025641025641
nap-	0.306334710994	0.266643366258	0.0734049558498	0.353616966899
igh-	0.515877516435	0.341413980547	0.0843901243804	0.0583183786368
art-	0.0416666666667	0.916666666667	0.0	0.0416666666667
iik-	0.818181818182	0.166666666667	0.0	0.0151515151515
ido-	0.570532915361	0.391849529781	0.0188087774294	0.0188087774294
igw-	0.676161262051	0.237072743208	0.00262927256793	0.0841367221735
bal-	0.0707956119022	0.766919062353	0.110244991132	0.0520403346129
adr-	0.0588235294118	0.735294117647	0.205882352941	0.0
iiy-	0.5	0.375	0.0833333333333	0.0416666666667
han-	0.335567777324	0.175037929626	0.0280095699364	0.461384723114
ayo-	0.303149606299	0.188976377953	0.011811023622	0.496062992126
sad-	0.293241042345	0.520602605863	0.0241042345277	0.162052117264
pub-	0.0120997015407	0.0991368879568	0.884407517948	0.00435589255466
gub-	0.102182584144	0.794230568129	0.0363017075248	0.0672851402023
top-	0.276335877863	0.141984732824	0.151145038168	0.430534351145
tun-	0.46882278481	0.349886075949	0.143278481013	0.0380126582278
alo-	0.0615384615385	0.784615384615	0.0307692307692	0.123076923077
duu-	0.16333938294	0.771324863884	0.0	0.065335753176
e-a-	0.132352941176	0.378676470588	0.356617647059	0.132352941176
sop-	0.631811023622	0.0992125984252	0.0330708661417	0.235905511811
dad-	0.0338157029993	0.0411428902478	0.0236005427183	0.901440864035
dam-	0.309130083778	0.677022684866	0.00392961970905	0.00991761164664
lip-	0.356460944342	0.329715606472	0.114848471798	0.198974977389
tas-	0.00865800865801	0.991341991342	0.0	0.0
amp-	0.449595869076	0.464353083249	0.0243843386402	0.0616667090349
set-	0.230215827338	0.477697841727	0.0431654676259	0.248920863309
kaa-	0.1123805294	0.718360542992	0.118240621749	0.0510183058588
hag-	0.102189781022	0.686131386861	0.0	0.211678832117
boh-	0.0160709430984	0.693504156623	0.0147979971104	0.275626903168
nab-	0.41354732735	0.256618871049	0.201868961326	0.127964840275
huy-	0.640264026403	0.326732673267	0.0	0.03300330033
clo-	0.0	0.961538461538	0.0	0.0384615384615
bir-	0.0	0.888888888889	0.111111111111	0.0
rom-	0.0816390041494	0.697614107884	0.211410788382	0.00933609958506
