-ɨma	0.423964434818	0.163390648813	0.0527416886481	0.359903227721
-hzɨ	0.361904761905	0.323809523809	0.0	0.314285714286
-her	0.290320126017	0.581979206402	0.0315549175676	0.0961457500133
-iva	0.530452741134	0.304653453551	0.0547181237369	0.110175681578
-eun	0.0	1.0	0.0	0.0
-ivi	0.778851656387	0.189991733961	0.0222547211802	0.00890188847205
-lem	0.0515951161874	0.893658920835	0.00945254037023	0.0452934226073
-aus	0.284090909091	0.659090909091	0.0	0.0568181818182
-ziv	0.341658356097	0.431716024224	0.0637384555348	0.162887164145
-zir	0.218327898366	0.365387297575	0.0464500234651	0.369834780594
-aua	0.311273135165	0.660684240045	0.0224340998317	0.00560852495793
-ufe	0.841367221735	0.107800175285	0.0262927256792	0.0245398773006
-zim	0.232144553683	0.382973065889	0.056602714718	0.32827966571
-ufa	0.527288732394	0.171361502347	0.0481220657277	0.25322769953
-ufi	0.31206524608	0.379284645984	0.186270083114	0.122380024823
-pla	0.350910099165	0.182920146138	0.0238746085595	0.442295146138
-zia	0.709359605911	0.207881773399	0.0650246305419	0.0177339901478
-puv	0.305419764732	0.235716406045	0.150947845262	0.307915983962
-pus	0.0134228187919	0.986577181208	0.0	0.0
-uai	0.450734283441	0.419319250524	0.0417781957607	0.0881682702742
-uam	0.247927575561	0.459339838066	0.0401429421036	0.25258964427
-kia	0.256982901655	0.0230567507462	0.00844111552741	0.711519232072
-uan	0.0434867336005	0.0257603866088	0.0611498137733	0.869603066017
-uar	0.0825343041732	0.789832950146	0.0784538180371	0.049178927644
-eus	0.00925925925926	0.935185185185	0.00925925925926	0.0462962962963
-hsɨ	0.386723885947	0.313845060135	0.116390442706	0.183040611211
-uav	0.354609929078	0.182033096927	0.39243498818	0.0709219858156
-pul	0.641025641026	0.141025641026	0.051282051282	0.166666666667
-hem	0.167700436481	0.535033310361	0.107358909564	0.189907343594
-rsɨ	0.367496981935	0.338026892499	0.246767135902	0.0477089896642
-zue	0.268656716418	0.0917153363616	0.572139303483	0.0674886437378
-gɨn	0.222999777007	0.124584842654	0.0301613788011	0.622254001539
-ghɨ	0.436320754717	0.238797169811	0.23054245283	0.0943396226415
-ida	0.103448275862	0.896551724138	0.0	0.0
-gɨa	0.521038693237	0.0935872351579	0.0190480748002	0.366325996805
-sip	0.124971597364	0.790729379686	0.0570324926154	0.027266530334
-gka	0.677685950413	0.099173553719	0.223140495868	0.0
-dei	0.70909800859	0.129441624366	0.0462709878953	0.115189379149
-dek	0.178376534789	0.821623465211	0.0	0.0
-del	0.413793103448	0.494252873563	0.0229885057471	0.0689655172414
-den	0.0195121951219	0.90243902439	0.0390243902439	0.0390243902439
-400	0.231143552311	0.0802919708029	0.0	0.688564476886
-ima	0.562556130449	0.1324516105	0.0402096346683	0.264782624382
-oio	0.0563961485557	0.312242090784	0.185694635488	0.445667125172
-der	0.0	1.0	0.0	0.0
-des	0.0	1.0	0.0	0.0
-det	0.0851063829787	0.744680851064	0.0	0.170212765957
-gsɨ	0.455354606571	0.201780134457	0.0340876810908	0.308777577881
-siv	0.405737704918	0.290983606557	0.0491803278688	0.254098360656
-oke	0.608342076912	0.208338138785	0.0350493250333	0.14827045927
-oka	0.267069910479	0.457114816735	0.165377043642	0.110438229144
-kɨa	0.173250832937	0.590433127082	0.11494526416	0.121370775821
-obi	0.876190476191	0.0666666666667	0.0190476190476	0.0380952380952
-bir	0.283650467241	0.516542155816	0.0860035921597	0.113803784783
-oba	0.135922330097	0.512621359223	0.31067961165	0.0407766990291
-kɨm	0.632802688224	0.14834661252	0.0135396215264	0.20531107773
-kɨn	0.357466280847	0.196937797816	0.0389664907407	0.406629430596
-asɨ	0.510039602585	0.216077259779	0.230111859932	0.0437712777044
-kɨr	0.335980586808	0.361791308184	0.183653209795	0.118574895213
-kɨv	0.423969072165	0.395618556701	0.0	0.180412371134
-bim	0.189493149868	0.595040862182	0.0874112664293	0.128054721521
-100	0.01779510211	0.428099313617	0.0692314210659	0.484874163207
-tet	0.444444444444	0.222222222222	0.0193236714976	0.314009661836
-tev	0.165289256198	0.694214876033	0.140495867769	0.0
-ria	0.0949657214718	0.687680012981	0.0120887590767	0.20526550647
-rin	0.0601424127765	0.769220501869	0.0375661575245	0.13307092783
-rim	0.208165256209	0.574166563294	0.0980922662098	0.119575914287
-ras	0.197455752212	0.642699115044	0.135508849558	0.0243362831858
-riv	0.239171822941	0.0436961235391	0.0969115236131	0.620220529906
-gra	0.287599526684	0.336655903411	0.0351978500231	0.340546719881
-rir	0.14845041389	0.621955663698	0.10993879769	0.119655124722
-ris	0.118587608261	0.733510992672	0.0279813457695	0.119920053298
-min	0.351173980838	0.453490225873	0.0723381782019	0.122997615087
-tem	0.206076114574	0.240972571898	0.167399539296	0.385551774232
-ten	0.25832108466	0.223498221081	0.248636619641	0.269544074618
-are	0.267154105737	0.0610236220472	0.00506186726659	0.666760404949
-ara	0.435784100375	0.147497971697	0.0843252806079	0.33239264732
-mes	0.392956441149	0.562557924004	0.0222428174235	0.0222428174235
-mer	0.106162922693	0.778133278964	0.0505170063309	0.0651867920121
-ozɨ	0.51038531748	0.224184715576	0.0640551252323	0.201374841712
-lus	0.0730897009967	0.890365448505	0.0199335548173	0.016611295681
-ari	0.408225197612	0.141528866005	0.0495745949041	0.400671341479
-mez	0.716535433071	0.236220472441	0.0	0.0472440944882
-hba	0.291358024691	0.437037037037	0.177777777778	0.0938271604938
-uiz	0.491525423729	0.345762711864	0.0813559322034	0.0813559322034
-luk	0.0130718954248	0.960784313726	0.0	0.0261437908497
-azɨ	0.656377232935	0.14261988746	0.0706600499855	0.13034282962
-lun	0.186046511628	0.720930232558	0.046511627907	0.046511627907
-zɨn	0.056914460106	0.620552676017	0.197027885923	0.125504977954
-mem	0.236561156503	0.628246472423	0.0961081480699	0.0390842230044
-mel	0.619492759176	0.329936403341	0.0	0.0505708374837
-men	0.052425226772	0.0687550324515	0.00682774166537	0.871991999111
-mek	0.0	1.0	0.0	0.0
-ikɨ	0.539975554773	0.0934590047609	0.00904761201739	0.357517828448
-tyu	0.022641509434	0.977358490566	0.0	0.0
-vua	0.134556574924	0.865443425076	0.0	0.0
-ɨfa	0.599502286058	0.0633679352593	0.0879651281164	0.249164650566
-ɨfo	0.862880780901	0.0414562110368	0.00752934427479	0.0881336637879
-nai	0.0835987261146	0.749203821656	0.0	0.167197452229
-sra	0.30445847865	0.456593458384	0.0466584975021	0.192289565463
-ira	0.182988104357	0.14262509902	0.132004925152	0.54238187147
-uba	0.00555864369094	0.991106170094	0.00333518621456	0.0
-ota	0.131578947368	0.763157894737	0.0526315789474	0.0526315789474
-ija	0.0034315127252	0.996568487275	0.0	0.0
-oti	0.0117382617383	0.973276723277	0.00899100899101	0.005994005994
-oam	0.11577515579	0.795970012337	0.0711732515104	0.0170815803625
-oto	0.540803780451	0.0441740820546	0.0188432615702	0.396178875925
-nem	0.145087866534	0.792604460721	0.0089010961064	0.0534065766384
-umi	0.177702559763	0.555743600592	0.241167759678	0.0253860799661
ALL	0.236263468575	0.298144503802	0.0559644595625	0.40962756806
-zua	0.568819691373	0.218524527911	0.0538543860255	0.158801394691
-nan	0.0561493589194	0.0651062009343	0.0289230512902	0.849821388856
-aki	0.7002659148	0.12134935058	0.054606071944	0.123778662676
-nam	0.304530740636	0.21837011375	0.0487346728259	0.428364472789
-sis	0.0	1.0	0.0	0.0
-sir	0.252175401558	0.512072884273	0.0647152244824	0.171036489686
-ake	0.768152866242	0.216560509554	0.0	0.0152866242038
-zui	0.506451687379	0.0576635334114	0.0110018425097	0.4248829367
-kin	0.0485414235706	0.942123687281	0.00373395565927	0.00560093348894
-kim	0.0	1.0	0.0	0.0
-kis	0.216584158416	0.653465346535	0.0816831683168	0.0482673267327
-sin	0.0235462798732	0.956708217713	0.00769425680895	0.0120512456044
-sim	0.347906527772	0.57607690142	0.0361983670514	0.0398182037566
-nar	0.362706762784	0.431406639774	0.120260862992	0.0856257344503
-nas	0.0255795363709	0.938449240607	0.0167865707434	0.0191846522782
-sia	0.391325185718	0.515815959741	0.0790797987059	0.0137790558351
-aun	0.0188383045526	0.943485086342	0.0117739403454	0.0259026687598
-nav	0.528403126094	0.366616120378	0.0314942260586	0.07348652747
-nat	0.309058614565	0.513321492007	0.177619893428	0.0
-goi	0.623417721519	0.341772151899	0.0284810126582	0.00632911392406
-gok	0.0333333333333	0.933333333333	0.0333333333333	0.0
-mos	0.0	1.0	0.0	0.0
-gol	0.0100390407139	0.954824316787	0.031790295594	0.00334634690463
-gon	0.0588235294118	0.941176470588	0.0	0.0
-goa	0.642857142857	0.142857142857	0.214285714286	0.0
-vsɨ	0.393326592518	0.354903943377	0.0915065722953	0.16026289181
-god	0.110624673315	0.711400000003	0.00285346161011	0.175121865072
-lki	0.0	1.0	0.0	0.0
-apa	0.658173650593	0.186004071032	0.0715940197936	0.0842282585807
-mon	0.00537315328385	0.993283558395	0.000268657664193	0.00107463065677
-tɨv	0.848101265823	0.0759493670886	0.0379746835443	0.0379746835443
-tɨs	0.632183908046	0.32183908046	0.0459770114943	0.0
-gva	0.348066298343	0.585635359116	0.0	0.0662983425414
-ber	0.210418794688	0.740551583248	0.0122574055158	0.0367722165475
-mfa	0.0625	0.9375	0.0	0.0
-bet	0.0378737541528	0.948172757475	0.0	0.0139534883721
-eon	0.12915601023	0.863171355499	0.00767263427109	0.0
-ben	0.0409090909091	0.959090909091	0.0	0.0
-sua	0.249980874488	0.119690931725	0.0091106984637	0.621217495323
-bel	0.0669642857142	0.866071428572	0.0	0.0669642857142
-ofi	0.841584158416	0.0990099009901	0.019801980198	0.0396039603961
-tɨn	0.0722410084712	0.865442411625	0.0295643563089	0.0327522235946
-tɨm	0.12	0.6	0.04	0.24
-bea	0.0	0.667235494881	0.332764505119	0.0
-ofa	0.0942883546664	0.787912671498	0.104164453904	0.0136345199316
-iso	0.0753424657534	0.86301369863	0.0	0.0616438356164
-rei	0.0336787564767	0.0181347150259	0.870466321244	0.0777202072539
-ren	0.0670415071601	0.862908514107	0.0022596767333	0.0677903019991
-isi	0.404729058206	0.33646503014	0.0503308898257	0.208475021828
-rem	0.242167848159	0.651497827578	0.0411616739081	0.0651726503544
-ise	0.477876106195	0.469026548673	0.0530973451327	0.0
-isa	0.341840852735	0.275260284294	0.0106598821339	0.372238980837
-eva	0.0469208211144	0.847507331378	0.0703812316715	0.0351906158358
-rer	0.0665674181199	0.85367928541	0.068268821778	0.0114844746916
-vtɨ	0.526792934613	0.313717351729	0.0980252392914	0.0614644743664
-rev	0.0900900900901	0.621621621622	0.288288288288	0.0
-ret	0.0687616677038	0.90416925949	0.00840074673304	0.0186683260734
-reu	0.0	1.0	0.0	0.0
-avi	0.434056761269	0.565943238731	0.0	0.0
-jut	0.0392156862745	0.901960784314	0.0588235294118	0.0
-ava	0.499898737471	0.205980537998	0.0585233264967	0.235597398034
-mas	0.0334075723831	0.964365256125	0.0	0.00222717149221
-mar	0.254745823729	0.407874870373	0.0694316832428	0.267947622655
-ham	0.350749395246	0.205974980683	0.0704374126176	0.372838211453
-han	0.264327331188	0.140937313086	0.093256326068	0.501479029658
-mav	0.0361566744	0.134044256312	0.0242853460323	0.805513723256
-hap	0.0138248847926	0.958525345622	0.0276497695853	0.0
-har	0.0914113785559	0.0666301969365	0.0144420131291	0.827516411378
-has	0.0	1.0	0.0	0.0
-mam	0.164725520448	0.0499501617839	0.0371378193492	0.748186498419
-hav	0.66722638234	0.16451404073	0.0374883644359	0.130771212494
-man	0.524235904575	0.218363601848	0.052802027133	0.204598466444
-uni	0.531123686338	0.337914308812	0.0181891673404	0.11277283751
-ung	0.594639865997	0.232830820771	0.0569514237856	0.115577889447
-una	0.379745840018	0.190336887798	0.0328709383159	0.397046333868
-sba	0.133409309678	0.819491795521	0.0180282850916	0.0290706097102
-nka	0.6125	0.2	0.025	0.1625
-pta	0.0193548387097	0.98064516129	0.0	0.0
-nki	0.0696257615318	0.882506527415	0.0195822454308	0.0282854656223
-tra	0.0	0.986842105263	0.0	0.0131578947368
-500	0.375	0.160714285714	0.0459183673469	0.418367346939
-ada	0.722682494905	0.10966157351	0.0257179215648	0.14193801002
-ɨba	0.247753530167	0.539152759949	0.197689345314	0.01540436457
-gan	0.340648197792	0.228436880231	0.127166251499	0.303748670478
-gam	0.542681245514	0.117781370438	0.0266963375457	0.312841046502
-tri	0.28184553661	0.552657973922	0.0270812437312	0.138415245737
-gai	0.0	1.0	0.0	0.0
-adi	0.475885451856	0.231939631626	0.101998546237	0.190176370281
-gav	0.405189620758	0.364271457086	0.230538922156	0.0
-144	0.225063938619	0.0511508951406	0.0	0.723785166241
-nsɨ	0.329828444936	0.403984504704	0.102933038185	0.163254012175
-gar	0.455385513261	0.294468581804	0.136502172362	0.113643732572
-vba	0.483944954128	0.424311926605	0.0	0.0917431192661
-lan	0.119908801986	0.365120158504	0.0345957880512	0.480375251459
-sen	0.102141680395	0.688083470621	0.00549148819328	0.204283360791
-sem	0.0380174598705	0.874683187834	0.0788510278795	0.00844832441565
-sel	0.0476812857004	0.907203020622	0.0119082195759	0.033207474102
-sek	0.0	1.0	0.0	0.0
-ina	0.0773898988567	0.188231265902	0.00944802441852	0.724930810823
-uis	0.685185185185	0.296296296296	0.0	0.0185185185185
-uir	0.201102023795	0.270877475451	0.179823039832	0.348197460922
-lba	0.0637094367825	0.844405931951	0.0179126207762	0.0739720104907
-sea	0.0	1.0	0.0	0.0
-ing	0.140219026335	0.221440860193	0.0333303437334	0.605009769739
-800	0.0	0.517857142857	0.0535714285714	0.428571428572
-uim	0.127628965773	0.29866751529	0.282008962773	0.291694556164
-hsi	0.469565217391	0.426086956522	0.0521739130435	0.0521739130435
-ins	0.182040924442	0.514204357327	0.0392027018079	0.264552016423
-ses	0.0427951703147	0.932463871847	0.0	0.0247409578382
-ser	0.0893561103811	0.845816907578	0.054314498467	0.0105124835742
-sep	0.0223129958443	0.953603135625	0.00779183981866	0.0162920287118
-kuv	0.145208639128	0.499370937303	0.320821975257	0.034598448312
-yan	0.0144927536232	0.913043478261	0.0724637681159	0.0
-kus	0.0901607212857	0.892199137593	0.0129361034888	0.00470403763232
-dɨa	0.574201374848	0.29357056207	0.0169834209462	0.115244642135
-iam	0.188720463108	0.540244055634	0.0627307189458	0.208304762312
-dɨn	0.0296589894491	0.320930102187	0.0219302446187	0.627480663745
-dɨm	0.538888888889	0.316666666667	0.122222222222	0.0222222222222
-edi	0.173779768922	0.793209148786	0.0259372789436	0.00707380334827
-iai	0.498940677966	0.184322033898	0.0243644067797	0.292372881356
-nes	0.0100502512563	0.929648241206	0.0326633165829	0.0276381909548
-dɨi	0.309825195901	0.637934498694	0.0401848503114	0.0120554550934
-nen	0.335609819318	0.640820943671	0.00423037587376	0.0193388611372
-kuf	0.552631578947	0.447368421053	0.0	0.0
-iav	0.339370829361	0.482364156339	0.0409914204004	0.137273593899
-fus	0.0	0.973684210526	0.0263157894737	0.0
-kua	0.669768461948	0.16370586208	0.0692420966883	0.0972835792838
-iar	0.12222058349	0.530868835474	0.0939359257426	0.252974655293
-blu	0.0	0.341584158416	0.658415841584	0.0
-kun	0.439033066497	0.451714465342	0.0499054484191	0.0593470197415
-kum	0.0624609618988	0.815740162399	0.0374765771393	0.0843222985634
-gha	0.307807974609	0.0877119014324	0.0408143909827	0.563665732975
-kui	0.522961637102	0.241566930256	0.0277391892854	0.207732243357
-ban	0.266256976234	0.628895717063	0.0413870947514	0.0634602119521
-eka	0.201809294585	0.609835363803	0.108854710412	0.0795006312
-bam	0.113580671832	0.714649138231	0.0279836437847	0.143786546152
-ɨtɨ	0.392605545052	0.159272914314	0.0462937443033	0.401827796331
-ghe	0.290050177457	0.288336800881	0.287602496634	0.134010525028
-msɨ	0.516905726241	0.265367316342	0.0877173353621	0.130009622055
-hon	0.07840144937	0.177131618463	0.120650257883	0.623816674283
-hor	0.481876332623	0.268656716418	0.211087420043	0.0383795309168
-jon	0.0169585684629	0.931551709014	0.00602321569544	0.0454665068273
-bav	0.290070504614	0.404782513755	0.0678329336211	0.23731404801
-bat	0.0496183206107	0.858778625954	0.0725190839695	0.0190839694657
-vɨn	0.187520753028	0.523885833081	0.110730939697	0.177862474194
-bar	0.139800722783	0.301078159965	0.0840189574487	0.475102159803
-bas	0.0477366719833	0.916552571033	0.0121388343896	0.0235719225938
-mke	0.532069970845	0.459183673469	0.00874635568513	0.0
-ata	0.015065913371	0.962335216573	0.0225988700565	0.0
-dru	0.0191387559809	0.977671451356	0.00318979266348	0.0
-ase	0.499217527387	0.45696400626	0.0250391236307	0.018779342723
-asa	0.494316544491	0.229594806855	0.0534193547243	0.222669293931
-mtɨ	0.383027313419	0.306874029414	0.0633050150727	0.246793642094
-asi	0.285122824959	0.514580601944	0.0429253771151	0.157371195981
-mba	0.0315596408103	0.44398209463	0.490057488202	0.0344007763577
-dra	0.395937901249	0.397455351932	0.112641531458	0.0939652153612
-lta	0.0367159612442	0.935747067823	0.0214176440591	0.00611932687404
-raz	0.120643303909	0.506412961362	0.104764886442	0.268178848287
-rav	0.67277023036	0.22799763733	0.021264028352	0.0779681039574
-dia	0.72245061094	0.177400936394	0.0725134178372	0.0276350348293
-utɨ	0.413193049847	0.139405707774	0.0455149583038	0.401886284075
-rar	0.149069450451	0.266864041653	0.273754917434	0.310311590462
-eru	0.612403100775	0.263565891473	0.0775193798449	0.046511627907
-ran	0.314074993345	0.350811448238	0.0919672739135	0.243146284503
-eri	0.463818412043	0.363832481358	0.0944988979037	0.0778502086948
-ram	0.372378113587	0.221101133755	0.136572902374	0.269947850284
-rak	0.0769230769231	0.923076923077	0.0	0.0
-rai	0.63808373591	0.295893719807	0.0249597423511	0.0410628019324
-era	0.313839396889	0.0997034253243	0.238355482104	0.348101695683
-ova	0.529488859764	0.407601572739	0.0511140235911	0.0117955439056
-ere	0.434607645875	0.456740442656	0.0724346076459	0.0362173038229
-afi	0.351603605998	0.210042736918	0.30788633409	0.130467322994
-por	0.792079207921	0.0891089108911	0.0594059405941	0.0594059405941
-ozi	0.337191746351	0.429290387519	0.0583794665325	0.175138399597
-arɨ	0.670225575255	0.179201810637	0.0136884194643	0.136884194643
-pon	0.787548638132	0.0607003891051	0.0280155642023	0.12373540856
-azi	0.260468616939	0.328159149423	0.0588872505184	0.352484983119
-pol	0.0565398323067	0.84350343009	0.00309017119548	0.0968665664078
-aze	0.506033862934	0.00474641138095	0.0010538422689	0.488165883416
-aza	0.253922456779	0.348445862103	0.231541044009	0.166090637109
-nra	0.117229129662	0.579040852576	0.213143872114	0.0905861456483
-ugh	0.508414930079	0.279499909841	0.0814801991991	0.130604960881
-ike	0.520291720292	0.159931359931	0.0262548262548	0.293522093522
-ika	0.223218661207	0.573653742684	0.0684481804075	0.134679415701
-lam	0.0421348314607	0.932584269663	0.00842696629212	0.0168539325843
-nor	0.0	1.0	0.0	0.0
-nos	0.0	1.0	0.0	0.0
-not	0.0	0.89898989899	0.070707070707	0.030303030303
-iki	0.344294288765	0.528298412932	0.0471333357882	0.0802739625143
-lak	0.305555555555	0.694444444445	0.0	0.0
-lat	0.0488548771697	0.85909166528	0.0499085010814	0.0421449564687
-aal	0.0	1.0	0.0	0.0
-fos	0.417085427136	0.34338358459	0.122278056951	0.117252931323
-iks	0.0153698366955	0.917387127762	0.0480307396733	0.0192122958694
-las	0.0678851174935	0.899804177546	0.0186031331593	0.0137075718016
-noa	0.0064205457464	0.993579454254	0.0	0.0
-foz	0.504854368932	0.362753751103	0.0688437775816	0.0635481023831
-gei	0.876928541805	0.0140386626247	0.00632061701385	0.102712178557
-myu	0.0	0.979797979798	0.0	0.020202020202
-gen	0.21875	0.6875	0.03125	0.0625
-gem	0.100560149373	0.720192051214	0.130701520405	0.0485462790077
-ato	0.845736158092	0.0617767491543	0.0126401993947	0.0798468933594
-boi	0.950926102731	0.0261600152759	0.0	0.0229138819935
-bot	0.112246665512	0.854495063225	0.0114325307466	0.0218257405163
-aka	0.649768835677	0.15758310163	0.0362139092618	0.156434153431
-don	0.0248332950104	0.961370429984	0.00551851000229	0.00827776500344
-ger	0.255286085538	0.464113147258	0.237102300115	0.0434984670888
-dom	0.0059822832381	0.994017716762	0.0	0.0
-dok	0.0	1.0	0.0	0.0
-sar	0.130221911363	0.799198830038	0.0320467984994	0.0385324601005
-fɨa	0.767123287671	0.0684931506849	0.164383561644	0.0
-sav	0.943925233645	0.0560747663551	0.0	0.0
-sat	0.0	1.0	0.0	0.0
-fɨi	0.83908045977	0.0229885057471	0.137931034483	0.0
-ges	0.0401337792642	0.919732441472	0.0401337792642	0.0
-tor	0.119787045253	0.826974267968	0.0532386867791	0.0
-tos	0.5748718922	0.229645093946	0.0816094135509	0.113873600304
-sak	0.0129314354824	0.985207926319	0.0	0.00186063819891
-sai	0.767441860465	0.232558139535	0.0	0.0
-vol	0.0688073394495	0.931192660551	0.0	0.0
-san	0.205102334967	0.671086768521	0.0998846929952	0.0239262035169
-sam	0.323121170439	0.56896336126	0.0337626609979	0.0741528073027
-rot	0.0290042889321	0.907741676695	0.0499861149681	0.0132679194051
-oro	0.303075396825	0.441964285714	0.142857142857	0.112103174603
-iem	0.0	1.0	0.0	0.0
-iel	0.0170613803469	0.965877239306	0.0170613803469	0.0
-ien	0.0950196592398	0.295543905636	0.0196592398427	0.589777195282
-iee	0.161290322581	0.537634408602	0.0645161290322	0.236559139785
-roa	0.484496124031	0.271317829457	0.139534883721	0.104651162791
-hai	0.29782353345	0.170616421237	0.105173182755	0.426386862558
-rom	0.301204819277	0.650602409639	0.0481927710844	0.0
-lot	0.326984126984	0.533333333333	0.139682539683	0.0
-los	0.074296435272	0.889681050657	0.0	0.0360225140713
-ore	0.562341553353	0.247138357532	0.0683721287546	0.12214796036
-iti	0.413234553051	0.00856474102681	0.00268808805796	0.575512617864
-vsi	0.90977443609	0.0902255639098	0.0	0.0
-mat	0.0	1.0	0.0	0.0
-mak	0.0571992110453	0.923076923077	0.0	0.0197238658777
-pba	0.0376149004942	0.953048067468	0.00480190219075	0.00453512984682
-ius	0.0316196183567	0.930925721495	0.0322504336855	0.0052042264627
-nge	0.456399594344	0.195791124862	0.102013035923	0.245796244871
-hɨn	0.115744595217	0.0610895188733	0.014715346134	0.808450539776
-isɨ	0.422929588306	0.114881410218	0.0509665456145	0.411222455862
-276	0.0	0.1875	0.0	0.8125
-pim	0.732772653283	0.259088442756	0.0	0.00813890396093
-tim	0.171663823886	0.142477086048	0.0316044477375	0.654254642328
-hɨv	0.350979574823	0.338265944144	0.0587744893706	0.251979991663
-ɨai	0.462809917355	0.190082644628	0.123966942149	0.223140495868
-ɨam	0.239832307127	0.558943744891	0.0176392503319	0.18358469765
-ɨar	0.217274389448	0.49134745213	0.0379885915861	0.253389566835
-200	0.0289389067524	0.245176848875	0.0506430868167	0.675241157556
-ibi	0.411184210526	0.519736842105	0.0296052631579	0.0394736842105
-iok	0.075	0.925	0.0	0.0
-lek	0.0	1.0	0.0	0.0
-ɨze	0.426013195099	0.144203581527	0.323468426013	0.106314797361
-oir	0.633262260128	0.366737739872	0.0	0.0
-ɨzi	0.428171842502	0.373126299935	0.163200172129	0.0355016854336
-lea	0.0	1.0	0.0	0.0
-emɨ	0.710383502171	0.217438494935	0.0113965267728	0.0607814761215
-ɨrɨ	0.459289304733	0.281690140845	0.117677798238	0.141342756184
-mus	0.114215686274	0.807352941177	0.0191176470588	0.0593137254902
-hra	0.349610571454	0.354598757329	0.105014439485	0.190776231732
-oim	0.136882129278	0.543726235741	0.273764258555	0.0456273764258
-les	0.0425531914894	0.957446808511	0.0	0.0
-iot	0.00714285714285	0.991836734694	0.00102040816326	0.0
-ifa	0.242375277722	0.27337911533	0.0636235104019	0.420622096546
-eei	0.515625	0.421875	0.0	0.0625
-fas	0.0763708568811	0.899190468917	0.00610966855048	0.0183290056515
-eee	0.710867397807	0.15702891326	0.0	0.132103688933
-ifi	0.338858885108	0.117043125035	0.0538034167416	0.490294573115
-gir	0.248299319728	0.336734693878	0.030612244898	0.384353741497
-iba	0.173023303276	0.401832170189	0.1194083988	0.305736127735
-gim	0.340909090909	0.520202020202	0.10101010101	0.0378787878788
-nda	0.00877192982456	0.921052631579	0.0701754385964	0.0
-gia	0.315789473684	0.608552631579	0.0460526315789	0.0296052631579
-lon	0.201082055906	0.362488728584	0.239855725879	0.19657348963
-120	0.0	0.0425531914894	0.0	0.957446808511
-uva	0.306476277032	0.277409363484	0.0994750017755	0.316639357708
-yon	0.024	0.976	0.0	0.0
-ɨsi	0.536592181304	0.234519074027	0.0505573365739	0.178331408095
-etɨ	0.54693877551	0.193720565149	0.116797488226	0.142543171115
-lok	0.0638354464048	0.304902916925	0.329816473092	0.301445163578
-loi	0.0	0.980392156863	0.0196078431373	0.0
-ogh	0.465418973041	0.181318313171	0.0539999610951	0.299262752693
-153	0.0	0.0454545454545	0.0227272727273	0.931818181818
-eli	0.0	0.971687429219	0.0283125707814	0.0
-per	0.217948717949	0.435897435897	0.269230769231	0.0769230769231
-oga	0.147302217809	0.82290632241	0.00496524329692	0.0248262164846
-ela	0.0	1.0	0.0	0.0
-iya	0.0	1.0	0.0	0.0
-atɨ	0.121836407195	0.0392153566935	0.00864517102372	0.830303065088
-rɨa	0.127147766323	0.0979381443298	0.685567010309	0.0893470790378
-htɨ	0.274826937872	0.0958501521873	0.0329979788812	0.596324931059
-rɨm	0.0919540229885	0.0344827586207	0.873563218391	0.0
-ter	0.390411302668	0.434364726844	0.0389595723858	0.136264398103
-rɨn	0.0612690305322	0.868841837237	0.0408460203548	0.0290431118756
-ɨra	0.244583149037	0.157819349827	0.119569182216	0.47802831892
-esi	0.570639032815	0.366493955095	0.0435233160622	0.0193436960276
-rɨv	0.565253532835	0.163424771405	0.0	0.271321695761
-aku	0.496812351179	0.209616714033	0.149320224288	0.1442507105
-ese	0.669140919367	0.304835468475	0.0118688771665	0.0141547349912
-ita	0.012280240807	0.944607546351	0.00217046116588	0.0409417516764
-spa	0.0415224913495	0.896193771626	0.0622837370243	0.0
-tir	0.0692165386154	0.0338383894429	0.0146055190597	0.882339552882
-fan	0.353523172637	0.536300600214	0.0611176583441	0.0490585688053
-sɨv	0.829614604462	0.0365111561866	0.133874239351	0.0
-fam	0.255147034688	0.336691746873	0.215473381305	0.192687837133
-far	0.39696969697	0.344903581267	0.149862258953	0.10826446281
-sɨi	0.204545454545	0.204545454545	0.522727272727	0.0681818181818
-uda	0.084985835694	0.851274787535	0.0	0.0637393767705
-sɨn	0.0610131297688	0.712832126684	0.0184600558009	0.207694687746
-ezi	0.185393258427	0.696629213483	0.0926966292135	0.0252808988764
-hum	0.0	1.0	0.0	0.0
-set	0.0	1.0	0.0	0.0
-hui	0.434915556439	0.419293961859	0.0783651746973	0.0674253070046
-hue	0.534519492294	0.0642565729827	0.0129193109701	0.388304623753
-huf	0.161073825503	0.51677852349	0.0402684563758	0.281879194631
-hua	0.46905987129	0.0296170415203	0.0115895253395	0.48973356185
-mdi	0.285714285714	0.547619047619	0.166666666667	0.0
-aba	0.185121925369	0.397964351801	0.103170246621	0.313743476209
-ɨdi	0.480134129386	0.182873967449	0.0546740819498	0.282317821215
-huv	0.0833333333333	0.833333333333	0.0833333333333	0.0
-abo	0.364166569462	0.0137641432404	0.0216960223959	0.600373264901
-ron	0.268257411424	0.601590744758	0.0694143167028	0.0607375271149
-ɨda	0.405405405405	0.0810810810811	0.432432432432	0.0810810810811
-vav	0.305122494432	0.447661469933	0.0801781737194	0.167037861915
-tue	0.33681462141	0.642297650131	0.0104438642297	0.0104438642297
-kob	0.296296296296	0.62962962963	0.0	0.0740740740741
-vaz	0.326086956522	0.391304347826	0.108695652174	0.173913043478
-tui	0.464632884838	0.258364382919	0.157839292712	0.119163439531
-kon	0.178083934285	0.754107183045	0.0554799949119	0.0123288877582
-koi	0.719626168224	0.130841121495	0.0	0.14953271028
-ael	0.104626115499	0.778951687353	0.0523130577495	0.0641091393989
-tun	0.184782608696	0.521739130435	0.29347826087	0.0
-sor	0.0	1.0	0.0	0.0
-kot	0.252752937699	0.477126598182	0.0160741999852	0.254046264134
-son	0.0362068965517	0.963793103448	0.0	0.0
-kop	0.0	0.989898989899	0.0	0.010101010101
-kta	0.0252100840336	0.788235294118	0.161344537815	0.0252100840336
-tuz	0.111111111111	0.740740740741	0.111111111111	0.037037037037
-ora	0.664279618652	0.246221870655	0.0396522549619	0.0498462557316
-van	0.290771743569	0.484551517626	0.106982441813	0.117694296992
-vam	0.508046091806	0.174546530596	0.04987280175	0.267534575848
-usɨ	0.37721941596	0.300680729291	0.148611442322	0.173488412427
-irɨ	0.436776564278	0.17399761242	0.0516319969687	0.337593826334
-huz	0.435897435897	0.512820512821	0.0	0.0512820512821
-kra	0.267782426778	0.682008368201	0.0251046025104	0.0251046025104
-rus	0.0453836335271	0.930080839597	0.0127641469295	0.0117713799461
-liv	0.173913043478	0.739130434783	0.0	0.0869565217391
-lip	0.00503018108652	0.994969818913	0.0	0.0
-rut	0.037037037037	0.962962962963	0.0	0.0
-lis	0.0237486956209	0.916879565327	0.0	0.0593717390522
-ruk	0.0	1.0	0.0	0.0
-lin	0.0200133605676	0.961031677741	0.0147213661868	0.00423359550469
-rui	0.597557156279	0.169824616348	0.0338239899781	0.198794237394
-run	0.00333889816361	0.951585976628	0.025041736227	0.0200333889816
-rum	0.11531069827	0.500320307495	0.0	0.384368994234
-oma	0.0240670270309	0.0134640710663	0.00332394254448	0.959144959358
-rua	0.407868615773	0.280635264393	0.0804908861217	0.231005233712
-lia	0.0183486238532	0.706422018349	0.0	0.275229357798
-ome	0.193915338049	0.695101669734	0.0353682063108	0.0756147859059
-rue	0.94273287423	0.00761145342515	0.0358825661472	0.0137731061979
-ghu	0.505622802007	0.0891380557937	0.00759199242246	0.397647149777
-uzɨ	0.535628698587	0.24453465056	0.0687142368073	0.151122414046
-abi	0.443558166482	0.485569538387	0.037996173435	0.0328761216956
-ize	0.732095825744	0.0332674875938	0.00499584923911	0.229640837423
-iza	0.713795575584	0.0781873261606	0.0132805256689	0.194736572587
-izi	0.751431104116	0.0218256651937	0.00784717898387	0.218896051706
-rni	0.0	1.0	0.0	0.0
-ean	0.143460439697	0.810168509088	0.0231855256076	0.0231855256076
-zer	0.121134020619	0.511597938144	0.255154639175	0.112113402062
-uri	0.624723082297	0.162927418812	0.0630320020309	0.149317496859
-res	0.0511571254567	0.914738124239	0.0176613885505	0.0164433617539
-ipa	0.0295728368018	0.950164293538	0.00711938663747	0.013143483023
-zev	0.145547945205	0.64897260274	0.0513698630137	0.154109589041
-ura	0.230664651731	0.165171033602	0.0876015562454	0.516562758422
-ure	0.682508809299	0.299276878998	0.00262213073406	0.015592180969
-ion	0.041095890411	0.906993511175	0.0432588320114	0.00865176640231
-zem	0.0304070622855	0.924472780775	0.00784698381559	0.0372731731241
-pai	0.375	0.458333333333	0.0	0.166666666667
-dus	0.0	1.0	0.0	0.0
-pam	0.12602221697	0.788418813519	0.0167809028598	0.0687780666509
-pan	0.0788643533123	0.899592213588	0.010002308225	0.011541124875
-api	0.751162417829	0.176527176527	0.001924001924	0.0703864037197
-paz	0.40872942482	0.421120769373	0.114666173479	0.0554836323285
-wan	0.0157335727198	0.712075619228	0.177789371733	0.0944014363185
-par	0.188045685109	0.630818686804	0.0518254276697	0.129310200417
-pas	0.0764331210191	0.885350318471	0.0382165605095	0.0
-pat	0.0	1.0	0.0	0.0
-kau	0.191721132898	0.80174291939	0.00653594771242	0.0
-fat	0.0	1.0	0.0	0.0
-zɨr	0.162162162162	0.739557739558	0.068796068796	0.029484029484
-ntɨ	0.755842992558	0.0825822497611	0.0773738276219	0.0842009300591
-kel	0.0870574579222	0.626233313987	0.244921648288	0.0417875798027
-sus	0.00615804604846	0.707987185592	0.00176353107555	0.284091237284
-kei	0.400136798906	0.510943912449	0.0444596443228	0.0444596443229
-ɨke	0.601137286759	0.252640129976	0.146222583266	0.0
-kes	0.0	1.0	0.0	0.0
-ɨka	0.0681818181818	0.75	0.0	0.181818181818
-sue	0.780259365994	0.117074927954	0.021613832853	0.0810518731988
-zɨv	0.547270306258	0.239680426099	0.17310252996	0.0399467376831
-nus	0.0	1.0	0.0	0.0
-ois	0.0	1.0	0.0	0.0
-ɨki	0.481831745398	0.337037863747	0.0995641498572	0.0815662409981
-fer	0.345728508005	0.441867348312	0.109646172474	0.10275797121
-fes	0.2	0.733333333333	0.0666666666667	0.0
-aru	0.493518185092	0.399531868923	0.046453006842	0.060496939143
-dim	0.484315370749	0.297234689298	0.0338682077446	0.184581732208
-din	0.00440528634362	0.995594713656	0.0	0.0
-rtɨ	0.469439193447	0.402699012812	0.0522474270112	0.0756143667298
-ori	0.754822902814	0.133723927937	0.0467629173908	0.0646902518577
-age	0.0	1.0	0.0	0.0
-dir	0.359401799528	0.401872315965	0.150266793827	0.0884590906801
-dis	0.0	1.0	0.0	0.0
-fem	0.137931034483	0.413793103448	0.393103448276	0.0551724137931
-sli	0.0	1.0	0.0	0.0
-fei	0.0453920220083	0.0165061898212	0.938101788171	0.0
-uks	0.0272727272727	0.972727272727	0.0	0.0
-ven	0.101397888448	0.0345641438176	0.00144442001805	0.862593547716
-vem	0.112437586493	0.760925660437	0.0506877225454	0.0759490305241
-afu	0.785077047851	0.125709651257	0.0	0.0892133008921
-vei	0.382327952421	0.304163126593	0.279524214104	0.0339847068819
-lɨn	0.0810733338015	0.810940278997	0.0819530558702	0.0260333313317
-uka	0.743859649123	0.0842105263158	0.150877192982	0.0210526315789
-one	0.431781178769	0.212634321068	0.314311299251	0.0412732009118
-ver	0.14031155441	0.801187941275	0.0282416227726	0.0302588815421
-ves	0.115384615385	0.788461538462	0.0192307692308	0.0769230769231
-uke	0.738970588235	0.117647058824	0.0661764705882	0.0772058823529
-afa	0.519552862358	0.43302344838	0.0316157928413	0.0158078964206
-uki	0.462686567164	0.537313432836	0.0	0.0
-uiv	0.0100271949682	0.854605672962	0.120326339618	0.0150407924522
-vez	0.340277777778	0.618055555556	0.0416666666667	0.0
-efe	0.518064318456	0.207624711662	0.153564400599	0.120746569283
-tiv	0.466123280693	0.258787570046	0.178298522669	0.096790626592
-vai	0.197123068727	0.681406499734	0.0623335109217	0.059136920618
-efa	0.706511175899	0.255587949465	0.0204081632653	0.0174927113703
-ais	0.00678477742665	0.959879107602	0.00204087556283	0.0312952394083
-air	0.110921713792	0.803820812078	0.0652480669363	0.0200094071938
-sol	0.0239062873536	0.919674874492	0.00143437724121	0.0549844609132
-efi	0.15683645929	0.653032788698	0.0791140910683	0.111016660944
-nga	0.785714285714	0.171428571429	0.0428571428571	0.0
-tif	0.59649122807	0.40350877193	0.0	0.0
-aia	0.0392339159539	0.899033097806	0.0371885459279	0.0245444403124
-tia	0.305508039685	0.385562777968	0.284981183715	0.0239479986316
-ini	0.627818314484	0.0803994892375	0.0259485589201	0.265833637359
-aim	0.282242990654	0.667289719626	0.0168224299065	0.0336448598131
-ngi	0.593407647187	0.132208943826	0.121915575698	0.152467833289
-tin	0.319391634981	0.384030418251	0.159695817491	0.136882129278
-ain	0.096263800237	0.855708256232	0.0363848057052	0.0116431378256
-eme	0.583211034219	0.164333608107	0.109135248579	0.143320109095
-ema	0.514975845411	0.299516908213	0.127536231884	0.0579710144928
-jas	0.223020192333	0.639054119099	0.0604937230561	0.0774319655118
-ɨzɨ	0.428767263045	0.157653935852	0.0576356867067	0.355943114396
-260	0.0	0.09375	0.0375	0.86875
-ɨri	0.492923125719	0.306585259485	0.0848828450224	0.115608769774
-bɨn	0.261246343016	0.176751239261	0.14736303746	0.414639380262
-tba	0.0266199649737	0.927845884413	0.0147110332749	0.030823117338
-ems	0.00832799487508	0.987828315183	0.00128122998078	0.00256245996156
-jan	0.105660377358	0.879245283019	0.0	0.0150943396226
-das	0.0327364803762	0.91047205643	0.00108518719479	0.0557062759992
-ɨre	0.694326427793	0.20314321164	0.0383313907584	0.0641989698086
-hse	0.362068965517	0.0	0.431034482759	0.206896551724
-ana	0.121729774377	0.754887075703	0.0551814087583	0.0682017411619
-zan	0.528693019153	0.220716786893	0.0724016611743	0.178188532779
-zam	0.817949852318	0.0533836499205	0.0187388282318	0.109927669529
-zai	0.885369057	0.0356185973207	0.0087207775151	0.0702915681639
-zav	0.371287128713	0.292079207921	0.232673267327	0.10396039604
-hsa	0.244897959184	0.540816326531	0.0	0.214285714286
-dai	0.460654288241	0.309460654288	0.229885057471	0.0
-lel	0.0	1.0	0.0	0.0
-vra	0.425	0.55	0.0	0.025
-000	0.0881336221742	0.175863801517	0.0118036101126	0.724198966196
-bek	0.0	0.642857142857	0.0	0.357142857143
-bui	0.275414240932	0.599193909539	0.12539184953	0.0
-ɨsɨ	0.535582326806	0.208076188264	0.0811794933065	0.175161991623
-atu	0.452658895565	0.347282587955	0.0207775907323	0.179280925748
-gus	0.014742014742	0.985257985258	0.0	0.0
-bul	0.0240963855422	0.967871485944	0.00803212851405	0.0
-rkɨ	0.140241442878	0.0976752305512	0.044962933553	0.717120393018
-lio	0.0	0.986928104575	0.0	0.0130718954248
-wel	0.0	0.793696275072	0.206303724928	0.0
-ɨva	0.46582040735	0.23411210809	0.0750007660618	0.225066718498
-666	0.0645161290323	0.0322580645161	0.0	0.903225806452
-ati	0.177449939902	0.0481778524632	0.0407697024133	0.733602505221
-nir	0.0994301008283	0.619303133683	0.0424302349485	0.23883653054
-nis	0.435725677831	0.33716108453	0.135247208931	0.0918660287081
-ian	0.0783846619089	0.257613336297	0.0140255061926	0.649976495602
-osa	0.0	1.0	0.0	0.0
-kan	0.157239819004	0.544494720965	0.171945701357	0.126319758673
-kam	0.0842431275368	0.0889034879173	0.00555956086388	0.821293823682
-niz	0.379146256123	0.483694891533	0.0489853044087	0.0881735479356
-ner	0.0770099792883	0.854829598946	0.043306345321	0.0248540764451
-osi	0.511861519332	0.27122394431	0.0448417321832	0.172072804175
-ɨgh	0.43780090269	0.238222778105	0.0674419886607	0.256534330544
-esɨ	0.30303030303	0.621212121212	0.0757575757576	0.0
-ena	0.0	1.0	0.0	0.0
-itɨ	0.275897435897	0.404102564103	0.305641025641	0.014358974359
-kas	0.0196078431372	0.980392156863	0.0	0.0
-kar	0.234506596882	0.247632963721	0.0397443542859	0.478116085111
-ave	0.10101010101	0.358585858586	0.5	0.0404040404041
-nin	0.0111897317755	0.876583840711	0.0997202567056	0.012506170808
-kav	0.438878950507	0.408467501491	0.0536672629696	0.0989862850329
-mua	0.315654747315	0.203429151742	0.0760694850864	0.404846615856
-nim	0.1825885095	0.567974861322	0.0870375985421	0.162399030636
-fiz	0.443100604728	0.363936228697	0.107201759208	0.0857614073667
-300	0.0627802690583	0.228699551569	0.179372197309	0.529147982063
-fir	0.34693877551	0.612244897959	0.0	0.0408163265306
-fis	0.0241935483871	0.927419354839	0.0241935483871	0.0241935483871
-nba	0.263679742207	0.622296585487	0.0669269380925	0.0470967342133
-ate	0.496602195504	0.392054364872	0.0188186095138	0.0925248301097
-fim	0.731481481482	0.157407407407	0.0925925925926	0.0185185185185
-ezɨ	0.101006971573	0.0217718372289	0.007189373995	0.870031817203
-fia	0.0	1.0	0.0	0.0
-mra	0.269521544774	0.347322573424	0.153659090417	0.229496791385
-dba	0.0826848249027	0.834630350195	0.0476653696498	0.0350194552529
-ias	0.0369139904024	0.938845822567	0.0183339485665	0.00590623846437
-vim	0.235149740944	0.547927169753	0.0511370471364	0.165786042167
-via	0.235714285714	0.490476190476	0.161904761905	0.111904761905
-ila	0.00602688919797	0.991191469634	0.0	0.00278164116829
-vir	0.186520386208	0.536440906051	0.0751589203582	0.201879787384
-abɨ	0.193666118443	0.0637154945533	0.105364762799	0.637253624205
-vit	0.0100835876343	0.945601698288	0.0	0.0443147140772
-oan	0.0130293159609	0.986970684039	0.0	0.0
-iga	0.447055137845	0.388784461153	0.075814536341	0.0883458646615
-bus	0.238889580481	0.726503174406	0.0120751898419	0.022532055272
-eba	0.263211504105	0.583709513495	0.0544895804879	0.0985894019123
-igh	0.473986870834	0.241659201328	0.0568005620481	0.22755336579
-amu	0.390193776453	0.241541393995	0.0797988674336	0.288465962119
-dɨz	0.214685749844	0.710640945862	0.0746733042937	0.0
-ami	0.438415484615	0.0994750572583	0.0264060144983	0.435703443629
-ama	0.362492299103	0.331840843483	0.100304600008	0.205362257406
-ame	0.680560737133	0.181701961033	0.0168345591131	0.120902742721
-oar	0.294797687861	0.601156069364	0.0346820809249	0.0693641618497
-lva	0.0	0.935483870968	0.0625310173697	0.00198511166253
-usi	0.356343591916	0.26803991764	0.31656760985	0.0590488805938
-eim	0.530306748466	0.316073619632	0.0230674846626	0.130552147239
-iri	0.569671179884	0.161044487427	0.0475628626692	0.221721470019
-ein	0.0136054421769	0.850340136054	0.0272108843537	0.108843537415
-eia	0.278388278388	0.547619047619	0.0164835164835	0.157509157509
-ire	0.487339161183	0.361054906198	0.0697868578725	0.0818190747471
-pɨn	0.0497070430993	0.602205865719	0.186867222349	0.161219868833
-pɨr	0.411566913248	0.445864156019	0.0699394754539	0.0726294552791
-hiz	0.784172661871	0.0575539568345	0.0575539568345	0.10071942446
-gun	0.406607310531	0.1731019445	0.00470606163148	0.415584683338
-mum	0.0	1.0	0.0	0.0
-gua	0.283553423176	0.0990366650089	0.0278810483005	0.589528863514
-eir	0.302713097801	0.510031715094	0.0583693239821	0.128885863123
-ɨvɨ	0.32457496136	0.556414219475	0.0185471406492	0.100463678516
-gue	0.1875	0.75625	0.05625	0.0
-uza	0.304347826087	0.426877470356	0.142292490119	0.126482213439
-hfa	0.61738002594	0.242542153048	0.111543450065	0.0285343709469
-epa	0.0118976799524	0.856038072576	0.132064247472	0.0
-mɨn	0.116362698707	0.473274643191	0.061821144459	0.348541513642
-mɨm	0.0671641791045	0.865671641791	0.0	0.0671641791045
-epi	0.781376518219	0.151821862348	0.0242914979757	0.0425101214575
-ios	0.0791390728477	0.888079470199	0.0139072847682	0.0188741721854
-izɨ	0.468122357013	0.0824572110861	0.0359662567779	0.413454175123
-pia	0.642468239564	0.198548094374	0.0326678765881	0.126315789474
-ɨni	0.416312956286	0.495600675129	0.0496359695993	0.0384503989853
-oas	0.0322580645161	0.967741935484	0.0	0.0
