iam-	0.0829646017699	0.83407079646	0.0829646017699	0.0
neu-	0.433649922576	0.255635305333	0.0749272416385	0.235787530453
ig--	0.277722281795	0.481740009704	0.0972221655937	0.143315542907
béb-	0.262468277234	0.57866934444	0.0759776591994	0.0828847191265
siu-	0.0	1.0	0.0	0.0
gin-	0.275999828146	0.606516480541	0.0788931774786	0.0385905138348
del-	0.0318025864344	0.878991818422	0.0860385325944	0.00316706254949
agu-	0.0535473298392	0.0497608401081	0.000435932649788	0.896255897403
maa-	0.0351494283775	0.746976533865	0.0292026080858	0.188671429672
uti-	0.148148148148	0.83950617284	0.0123456790123	0.0
ipu-	0.0	0.612903225806	0.354838709677	0.0322580645161
niy-	0.242573885434	0.274379850131	0.0782060608361	0.404840203599
tut-	0.0	0.961538461538	0.0	0.0384615384615
hép-	0.0	1.0	0.0	0.0
udi-	0.0369158590036	0.815791098216	0.141119822211	0.00617322056917
geu-	0.0	1.0	0.0	0.0
mah-	0.0597476842399	0.668228416686	0.128629456898	0.143394442176
eda-	0.590909090909	0.181818181818	0.227272727273	0.0
hem-	0.558991823833	0.221618911975	0.104640209447	0.114749054746
ite-	0.698036533355	0.17763740243	0.0953568842037	0.0289691800113
lis-	0.0636096262926	0.926501715646	0.00633318549987	0.00355547256133
ism-	0.0	1.0	0.0	0.0
peo-	0.5	0.360784313726	0.0686274509803	0.0705882352941
ana-	0.147545368253	0.551095394171	0.0664224795441	0.234936758032
duy-	0.207436885959	0.757119761224	0.00373087924388	0.031712473573
and-	0.0	0.997218358832	0.00278164116829	0.0
pid-	0.0417655062599	0.922538037609	0.00313241296949	0.032564043162
egb-	0.46167941244	0.345304853936	0.08900212535	0.104013608273
uwa-	0.202571834598	0.500502582233	0.0459256178295	0.250999965339
seg-	0.182883287932	0.492079024623	0.0492581523895	0.275779535056
kat-	0.103584088224	0.878692398582	0.0129972430091	0.00472627018511
abi-	0.00546442677967	0.986338933051	0.00819664016947	0.0
olò-	0.193071593533	0.74688221709	0.0471131639723	0.0129330254041
mil-	0.0853489367897	0.510414352919	0.337071455166	0.067165255125
igi-	0.0469588550984	0.936940966011	0.00536672629695	0.0107334525939
gae-	0.005400540054	0.97899789979	0.0	0.015601560156
nug-	0.00576368876081	0.994236311239	0.0	0.0
ini-	0.336047146672	0.13894045365	0.0331227255112	0.491889674167
bay-	0.0368811722186	0.613580655958	0.0204551678438	0.329083003979
mig-	0.664871247451	0.183605523894	0.0436127221581	0.107910506497
hed-	0.176739807802	0.0974194302705	0.0937363368502	0.632104425077
ked-	0.104271478172	0.324395527875	0.0753353291458	0.495997664807
til-	0.00297988577105	0.985100571145	0.00893965731314	0.00297988577105
hum-	0.626802843144	0.235732523635	0.0487198951073	0.0887447381132
uli-	0.111103528288	0.492527127551	0.396369344162	0.0
kum-	0.35833667515	0.469990178264	0.107289783497	0.0643833630891
oko-	0.0328909405655	0.657241777265	0.0121177149452	0.297749567224
sug-	0.0434373346708	0.902413719657	0.0448481433895	0.00930080228295
adm-	0.0	1.0	0.0	0.0
dah-	0.351042554477	0.0903068836132	0.0310919020425	0.527558659867
wai-	0.0187166182266	0.977783526333	0.000456502883577	0.00304335255718
mul-	0.710315009265	0.208153180976	0.0518838789376	0.0296479308215
ate-	0.0208333333333	0.955729166667	0.0234375	0.0
igb-	0.620347632486	0.233399975572	0.0544569943279	0.0917953976142
kam-	0.0483536381683	0.152973669789	0.00551414762279	0.79315854442
sin-	0.54001698698	0.329854444539	0.035930913195	0.0941976552863
kim-	0.0	0.910828025478	0.0509554140127	0.0382165605096
tag-	0.308536568658	0.547953809868	0.0811458469578	0.062363774516
pat-	0.212158808933	0.753101736973	0.00372208436725	0.031017369727
hud-	0.0631624789961	0.743552385304	0.121431343635	0.0718537920649
alt-	0.0	0.992762364294	0.00723763570567	0.0
emà-	0.0081870440699	0.985730849547	0.00249630801098	0.0035857983717
kem-	0.178454245046	0.712766081667	0.0837682885534	0.0250113847339
lom-	0.0301439913874	0.656977526578	0.299959628583	0.0129188534518
egk-	0.414066052135	0.352526734947	0.128647722003	0.104759490915
him-	0.0	0.925925925926	0.0	0.0740740740741
saw-	0.0556837409629	0.889709275496	0.030303030303	0.024303953238
igt-	0.50363754813	0.360172644943	0.0417546758512	0.0944351310763
ium-	0.283837056505	0.495400788436	0.0473061760841	0.173455978975
kid-	0.0243902439024	0.975609756098	0.0	0.0
pas-	0.0432504173166	0.898017404154	0.0241496319405	0.0345825465889
dam-	0.0194359440907	0.964436357621	0.007443553056	0.008684145232
sig-	0.242625404551	0.656659414077	0.0360812224001	0.0646339589725
buu-	0.613765379583	0.266065819782	0.0982024607334	0.0219663399009
nai-	0.0	0.961538461538	0.0	0.0384615384615
bak-	0.393258426966	0.539325842696	0.0674157303371	0.0
miu-	0.204081632653	0.505724240916	0.253359880538	0.0368342458935
haa-	0.567686280247	0.26659826259	0.0291528706821	0.136562586481
ped-	0.182386841167	0.511725450843	0.068268352495	0.237619355494
say-	0.0181241504304	0.968282736747	0.0135931128228	0.0
epa-	0.0578902872629	0.514543023486	0.0113322260929	0.416234463158
sap-	0.0422571151523	0.848935916847	0.0324583638127	0.0763486041884
asi-	0.0086519050213	0.987502803858	0.00384529112058	0.0
dia-	0.200945626478	0.570921985816	0.026792750197	0.20133963751
tip-	0.554739364397	0.321867367168	0.0583377916669	0.065055476768
lau-	0.537389100127	0.264385297845	0.0826362484157	0.115589353612
hid-	0.272552810734	0.558015017091	0.101604158579	0.0678280135968
egt-	0.572538336689	0.263646591312	0.0581784603157	0.105636611683
usi-	0.0	1.0	0.0	0.0
amu-	0.211138531792	0.0302534804217	0.00524024295652	0.75336774483
uki-	0.176663277533	0.505626109688	0.0547345954918	0.262976017286
mel-	0.220685393188	0.366090753792	0.23882307071	0.17440078231
ude-	0.428504321684	0.283258173619	0.150695227358	0.137542277339
hah-	0.448162168763	0.366894614727	0.0972849757805	0.0876582407294
isa-	0.299131175594	0.63719420392	0.0317271465397	0.0319474739463
tum-	0.589809232456	0.187692492899	0.0566621941925	0.165836080453
mus-	0.0357158248578	0.939600930874	0.0219789691433	0.00270427512498
pud-	0.0759493670886	0.924050632911	0.0	0.0
dio-	0.201499531396	0.731021555764	0.0449859418931	0.0224929709466
bab-	0.0932896890344	0.873795235497	0.012547735952	0.0203673395163
ita-	0.490242888425	0.396086753418	0.0562431459629	0.0574272121938
obo-	0.134146341463	0.278745644599	0.484320557491	0.102787456446
mum-	0.425015954052	0.239098064242	0.107211231653	0.228674750053
hol-	0.0104895104895	0.979020979021	0.0	0.0104895104895
ulb-	0.0	1.0	0.0	0.0
doo-	0.405866633584	0.0173476068644	0.00759598953374	0.569189770018
neb-	0.393124379733	0.363388810174	0.129426176459	0.114060633634
mee-	0.317579759318	0.248037869655	0.30212117199	0.132261199038
opo-	0.0134228187919	0.704697986577	0.281879194631	0.0
ali-	0.0300932891965	0.881432440566	0.0872705386699	0.00120373156786
ubò-	0.33149789211	0.183085261981	0.417964380969	0.0674524649402
oni-	0.0	0.846153846154	0.153846153846	0.0
dod-	0.0488077232743	0.0208800776521	0.00344063385226	0.926871565221
omé-	0.0279850746269	0.934701492537	0.0373134328358	0.0
mal-	0.0331895369424	0.813555095629	0.0110964267012	0.142158940728
pek-	0.573720473729	0.314347055899	0.0678410881318	0.0440913822395
sab-	0.199342417581	0.496044725265	0.274325551914	0.0302873052404
aki-	0.0901937046005	0.902542372881	0.0	0.00726392251815
nin-	0.0	1.0	0.0	0.0
séb-	0.00290023201856	0.99535962877	0.00174013921114	0.0
sét-	0.0	1.0	0.0	0.0
uni-	0.041237113402	0.938144329897	0.020618556701	0.0
toy-	0.0937709310113	0.855994641661	0.020093770931	0.0301406563965
bét-	0.0356155292556	0.946797920584	0.00132728680456	0.0162592633558
ena-	0.530380070286	0.360476485526	0.0588518571602	0.0502915870278
lim-	0.0943097975025	0.0790639141239	0.0621628813751	0.764463406999
ump-	0.019050802139	0.928364527629	0.0130347593583	0.0395499108734
sak-	0.242898585873	0.603884261196	0.0406650441517	0.11255210878
apa-	0.340314136126	0.51832460733	0.109947643979	0.0314136125654
ALL	0.238217249375	0.31377259203	0.05813288936	0.389877269235
san-	0.025672586601	0.962194478635	0.00967117988395	0.00246175487955
puk-	0.0200160128103	0.883907125701	0.0960768614892	0.0
ine-	0.417758266717	0.450382007365	0.0655760354299	0.0662836904885
hés-	0.0194661129663	0.68641985056	0.00396093814766	0.290153098327
mae-	0.187663559074	0.133603873569	0.0222273592626	0.656505208094
nes-	0.362449619835	0.302660749343	0.107577570078	0.227312060743
big-	0.216231695909	0.481471582123	0.267817255007	0.034479466962
bae-	0.564351855225	0.200614886967	0.0470709087068	0.187962349101
tel-	0.0788920632391	0.396967992466	0.0519566067788	0.472183337516
gaa-	0.569767618206	0.108434726844	0.047354885954	0.274442768996
lid-	0.146288209607	0.756550218341	0.0196506550218	0.0775109170306
gas-	0.365030674847	0.351007887818	0.131025416301	0.152936021034
ata-	0.0506562458816	0.0718577105509	0.0139942637523	0.863491779815
ego-	0.351086067275	0.0675800431706	0.00555639106659	0.575777498488
pig-	0.412145368574	0.409288615422	0.0680846871969	0.110481328807
dat-	0.0166507704741	0.932845263643	0.0146392748569	0.035864691026
agd-	0.0329197040104	0.898645577064	0.00936589346712	0.0590688254587
loh-	0.422222222222	0.466666666667	0.0	0.111111111111
lum-	0.518704811585	0.248157336142	0.0943684060467	0.138769446226
mes-	0.417400308704	0.32013664659	0.118983763308	0.143479281398
meg-	0.368841114403	0.203354776316	0.257966167195	0.169837942086
sed-	0.0416853083201	0.927428686033	0.0179268424382	0.0129591632083
ken-	0.0551408440536	0.054017872651	0.0125537923872	0.878287490908
adi-	0.187039336261	0.254098231367	0.189294912672	0.3695675197
pup-	0.0	0.983143699958	0.0	0.0168563000421
bin-	0.584824816221	0.253920249697	0.0320696112418	0.12918532284
pel-	0.348028422441	0.260256636412	0.0343317824897	0.357383158657
kei-	0.339712217792	0.449558877086	0.108526114152	0.10220279097
tek-	0.0232558139535	0.720930232558	0.220930232558	0.0348837209302
haw-	0.408655162969	0.426458504519	0.135305395782	0.0295809367297
bug-	0.103487344024	0.580176342301	0.218848235972	0.0974880777034
tal-	0.100279087672	0.724280627466	0.124145895486	0.0512943893754
gid-	0.0718562874252	0.928143712575	0.0	0.0
ési-	0.0	1.0	0.0	0.0
alp-	0.00220294111963	0.991922549228	0.00587450965235	0.0
ami-	0.110817307692	0.142067307692	0.0	0.747115384615
kos-	0.018691588785	0.981308411215	0.0	0.0
meh-	0.494419291975	0.233479464298	0.130992413008	0.141108830718
anì-	0.158904337019	0.0144162897377	0.00259360756035	0.824085765683
gét-	0.0	1.0	0.0	0.0
dak-	0.173792066622	0.129505762583	0.400959049466	0.295743121328
pon-	0.0378947368421	0.922105263158	0.018947368421	0.0210526315789
umi-	0.603800553879	0.246275894297	0.0900044128891	0.0599191389346
eta-	0.0637677830586	0.376123617713	0.00948797095065	0.550620628278
sik-	0.0168539325843	0.940074906367	0.0430711610487	0.0
nga-	0.0939461284289	0.280147159458	0.0255964911137	0.600310221
ben-	0.123075305451	0.847893737083	0.0198003095575	0.00923064790881
bog-	0.180965147453	0.272117962466	0.41018766756	0.13672922252
sém-	0.0	1.0	0.0	0.0
kai-	0.241327031125	0.361812182288	0.00856149112636	0.388299295461
tol-	0.0574712643678	0.586206896552	0.252873563218	0.103448275862
kia-	0.304347826087	0.355072463768	0.326086956522	0.0144927536232
beg-	0.703797239096	0.18384245226	0.0268395959844	0.0855207126595
iku-	0.20324005891	0.79675994109	0.0	0.0
pin-	0.552771381353	0.266490073005	0.0754855089743	0.105253036668
bun-	0.0784073506892	0.791117917305	0.0955589586524	0.0349157733537
ili-	0.149491319331	0.347519252519	0.0550561867357	0.447933241414
map-	0.068339068595	0.345937128967	0.493966953402	0.0917568490362
igg-	0.378619153675	0.494432071269	0.0668151447661	0.0601336302896
gat-	0.0181415037291	0.26849425519	0.0447490425318	0.668615198549
mau-	0.790322580645	0.0483870967742	0.0	0.161290322581
hih-	0.514845967802	0.175199007309	0.0181651791443	0.291789845745
egh-	0.522160436153	0.249486111842	0.0964301506016	0.131923301404
sie-	0.0968354769082	0.0518962164862	0.0129105050037	0.838357801602
peg-	0.369254300109	0.49440448076	0.0481338492523	0.0882073698779
ani-	0.0852842809364	0.904682274248	0.010033444816	0.0
dik-	0.0186046511628	0.702325581395	0.00930232558139	0.269767441861
kis-	0.0	1.0	0.0	0.0
sun-	0.0719827291222	0.860949524989	0.0386355011105	0.0284322447786
eku-	0.090178058587	0.902929350948	0.00689259046524	0.0
hag-	0.205044949999	0.178824342002	0.255776169738	0.360354538261
mom-	0.302521008403	0.576470588235	0.0655462184874	0.0554621848739
ban-	0.0850501355195	0.880769590237	0.0161555202478	0.0180247539955
elê-	0.0692041522491	0.923875432526	0.00692041522491	0.0
hal-	0.124795538301	0.857615828784	0.0175886329149	0.0
ise-	0.125613794679	0.133379011077	0.481557611054	0.259449583191
nag-	0.00728794115663	0.986638774546	0.00242931371888	0.00364397057832
dab-	0.00499583680266	0.974798778795	0.00266444629475	0.0175409381071
lup-	0.0275229357798	0.894495412844	0.0779816513761	0.0
puy-	0.0525780189959	0.947421981004	0.0	0.0
nam-	0.272709613365	0.280076837849	0.135977092536	0.31123645625
ebe-	0.0048231511254	0.995176848875	0.0	0.0
tup-	0.0496811605012	0.875456816826	0.0192981801909	0.0555638424821
tue-	0.0	1.0	0.0	0.0
sid-	0.00439560439561	0.986813186813	0.0	0.00879120879121
oli-	0.108496732026	0.815032679739	0.0401960784314	0.0362745098039
mea-	0.547945835005	0.290115932542	0.101620881161	0.0603173512914
ula-	0.192687048702	0.505960977109	0.161776002458	0.139575971731
net-	0.678990921012	0.100525968004	0.0404136492776	0.180069461707
hak-	0.0	0.99781420765	0.0	0.00218579234972
imu-	0.265060240964	0.216867469879	0.493975903615	0.0240963855422
mut-	0.42735042735	0.434472934473	0.0498575498575	0.0883190883191
tia-	0.393482688391	0.332790224033	0.171079429735	0.102647657841
peu-	0.410590515165	0.392161825499	0.106254860563	0.0909927987731
tuk-	0.123547949095	0.189412584454	0.492600390207	0.194439076243
ene-	0.0108813928183	0.0306855277475	0.0104461371056	0.947986942329
pan-	0.19712279187	0.647380453072	0.113029331282	0.0424674237758
ugp-	0.524884094995	0.385703472419	0.0596082883905	0.0298041441953
nim-	0.0	1.0	0.0	0.0
sen-	0.0131101903405	0.685355431827	0.0581056584229	0.24342871941
tul-	0.601415145123	0.213528864225	0.0778873193618	0.10716867129
kep-	0.241679496287	0.592503921321	0.0686294799452	0.0971871024465
ina-	0.356495658001	0.570206418314	0.0271412120871	0.0461567115983
baa-	0.0	1.0	0.0	0.0
pen-	0.344920392778	0.483214406869	0.0593861867047	0.112479013648
sib-	0.0530062985771	0.931027948839	0.0159657525835	0.0
umu-	0.505219804338	0.316313927879	0.0350413219848	0.143424945798
ipo-	0.0526315789474	0.947368421053	0.0	0.0
meé-	0.57037037037	0.42962962963	0.0	0.0
hul-	0.0693430656935	0.821167883212	0.0182481751825	0.0912408759124
iaw-	0.602917341977	0.189627228525	0.129659643436	0.0777957860616
lab-	0.13320930029	0.26880421994	0.119340465684	0.478646014087
upa-	0.202476835484	0.121412507077	0.0393914074389	0.636719250001
lem-	0.192052980132	0.619205298013	0.0198675496689	0.168874172185
kau-	0.0591110415176	0.846590909091	0.0498836793128	0.0444143700788
iba-	0.697409981049	0.240050536955	0.0189513581807	0.0435881238155
ino-	0.431696937254	0.435150406005	0.0770682998899	0.0560843568506
bas-	0.553266111355	0.32880315651	0.085050416484	0.032880315651
mim-	0.781273692191	0.108794541319	0.0511751326763	0.0587566338135
uwi-	0.582022818378	0.358156028369	0.0162401068969	0.0435810463562
eng-	0.275432133749	0.338339472938	0.16718617172	0.219042221593
lii-	0.647877013177	0.308199121523	0.0219619326501	0.0219619326501
men-	0.156073737083	0.561279695718	0.0476781624578	0.234968404742
ang-	0.606132655208	0.226729176713	0.0126537120302	0.154484456049
pun-	0.326950105411	0.622452565004	0.0179198875615	0.0326774420239
kuk-	0.407925407925	0.515151515152	0.048951048951	0.027972027972
dug-	0.0251486053955	0.962277091907	0.0125743026978	0.0
kee-	0.118828677321	0.716571599279	0.135620422036	0.0289793013637
nem-	0.12614280569	0.745539410071	0.0664840153206	0.061833768918
seo-	0.605360443623	0.278188539741	0.0304990757856	0.0859519408503
kes-	0.205183165971	0.535428857929	0.187486766508	0.0719012095919
sod-	0.0277777777778	0.972222222222	0.0	0.0
kun-	0.105753311831	0.190581294443	0.00943492900367	0.694230464722
kan-	0.212027768206	0.216285618343	0.0412813934143	0.530405220037
nei-	0.612487427072	0.237860428834	0.0731632704459	0.076488873648
lig-	0.555071561917	0.209085252022	0.0317361543248	0.204107031736
diy-	0.014587352388	0.00344478402912	0.00466360212889	0.977304261454
luh-	0.422913719943	0.577086280057	0.0	0.0
log-	0.107023411371	0.45652173913	0.436454849498	0.0
mug-	0.54442800405	0.201113620435	0.0606455883498	0.193812787166
uka-	0.121488002868	0.500194093464	0.267753164216	0.110564739452
met-	0.337454464866	0.346318655832	0.199015096764	0.117211782538
kuw-	0.167168500475	0.336807608198	0.480197287731	0.0158266035953
dap-	0.218433179724	0.529953917051	0.0829493087557	0.16866359447
tuy-	0.0376681614349	0.962331838565	0.0	0.0
pib-	0.0806451612903	0.91935483871	0.0	0.0
hil-	0.0550918196995	0.87979966611	0.0350584307178	0.0300500834724
egl-	0.470966497662	0.225804114939	0.150054141465	0.153175245934
bub-	0.0	0.927927927928	0.018018018018	0.054054054054
ilu-	0.367647058824	0.426470588235	0.205882352941	0.0
mat-	0.0332870631763	0.949193429889	0.0120941112389	0.00542539569596
pél-	0.0314628608498	0.948426856957	0.00681154719429	0.0132987349984
nit-	0.283806343906	0.211686143573	0.318530884808	0.185976627713
nen-	0.536203102356	0.154634748537	0.0338146100585	0.275347539048
aka-	0.149612304563	0.727278505148	0.0551035973052	0.0680055929834
mad-	0.75572519084	0.24427480916	0.0	0.0
has-	0.0302839116719	0.934384858044	0.0353312302839	0.0
mem-	0.408740077908	0.316514239002	0.170809889601	0.103935793489
ala-	0.0801827527127	0.681781838949	0.14163335237	0.096402055968
but-	0.177913916209	0.533835099146	0.209673386822	0.0785775978232
upe-	0.0	1.0	0.0	0.0
nah-	0.0	1.0	0.0	0.0
duu-	0.409236597038	0.0411305737231	0.0179777929282	0.531655036311
huw-	0.0393529266271	0.906145721687	0.0111519485535	0.0433494031321
hib-	0.0567226890757	0.899159663866	0.0336134453781	0.0105042016807
lod-	0.03125	0.96875	0.0	0.0
gay-	0.0161290322581	0.983870967742	0.0	0.0
ipa-	0.443924905985	0.456200260476	0.0289166415706	0.0709581919679
kin-	0.571185860588	0.29341712553	0.0773345574698	0.0580624564123
iyu-	0.183597390494	0.339235787512	0.119291705499	0.357875116496
dan-	0.0812354825397	0.053937842268	0.00802850952964	0.856798165663
inà-	0.0	0.949152542373	0.0	0.0508474576271
lug-	0.276258966086	0.58034665837	0.0427895757606	0.100604799784
igd-	0.579577464789	0.354929577465	0.0422535211268	0.0232394366197
kag-	0.154953330174	0.257164969819	0.00958246335345	0.578299236653
mis-	0.0571898972545	0.896254488014	0.0282274043004	0.0183282104312
din-	0.727456053683	0.116272668534	0.0256564784419	0.130614799341
tio-	0.364485981308	0.485981308411	0.0373831775701	0.11214953271
sos-	0.011385199241	0.965844402277	0.011385199241	0.011385199241
ule-	0.0438080546314	0.866251579918	0.0503633727781	0.0395769926724
nep-	0.487746273792	0.309804934976	0.151249654467	0.0511991367657
tat-	0.0	0.970394736842	0.00986842105265	0.0197368421053
bit-	0.0369673113127	0.924011637857	0.0280677734041	0.010953277426
leg-	0.112090787565	0.729865278686	0.129127677124	0.0289162566247
dae-	0.318354388759	0.164257061321	0.0250672747054	0.492321275215
nia-	0.0	1.0	0.0	0.0
lap-	0.140261807952	0.158984516721	0.0402962100193	0.660457465307
utu-	0.932011331445	0.0169971671388	0.0169971671388	0.0339943342776
kew-	0.0	0.120879120879	0.879120879121	0.0
hot-	0.0	1.0	0.0	0.0
sis-	0.0389948006933	0.940424610052	0.0110485268631	0.00953206239168
loy-	0.106626469301	0.80824969658	0.0476604800408	0.0374633540786
mos-	0.0476907474426	0.899987510486	0.00671812867648	0.0456036133952
abu-	0.361560759681	0.528223692758	0.0645164180843	0.0456991294764
kea-	0.293354560538	0.525659269788	0.128188627404	0.0527975422702
egg-	0.506960596557	0.357421202761	0.0483603838209	0.0872578168616
lit-	0.0327380952381	0.797619047619	0.151785714286	0.0178571428571
lam-	0.160459819976	0.719000108448	0.102971478148	0.0175685934281
kéé-	0.156929784519	0.0633681445114	0.0401524114737	0.739549659496
ges-	0.0216954600241	0.922860586581	0.014463640016	0.0409803133789
law-	0.0744153225807	0.798235887097	0.0567540322581	0.0705947580645
sal-	0.103699775809	0.742337951646	0.0670000352956	0.0869622372487
asu-	0.0257953568357	0.974204643164	0.0	0.0
end-	0.125132934208	0.0400452368056	0.0156853515228	0.819136477464
kiy-	0.0698110025206	0.0492743388394	0.0200535025638	0.860861156076
isk-	0.0	0.998344370861	0.0	0.00165562913907
gab-	0.180473372781	0.781065088757	0.0384615384615	0.0
sek-	0.329215565164	0.502779493515	0.0555898702903	0.112415071031
den-	0.191155826185	0.10876470351	0.022359517243	0.677719953062
ind-	0.566994982345	0.333581118751	0.0826983832001	0.0167255157034
bad-	0.629254829807	0.105795768169	0.0	0.264949402024
bat-	0.0541606528438	0.809691533485	0.111389887844	0.024757925827
min-	0.340526094443	0.345142126072	0.277164170425	0.0371676090608
est-	0.0819131390873	0.777899945025	0.0178669598681	0.12231995602
nee-	0.582358662311	0.25624080401	0.0627336231715	0.0986669105076
age-	0.0156985871272	0.967032967033	0.00784929356358	0.00941915227628
lul-	0.2125	0.7625	0.009375	0.015625
tab-	0.383249982925	0.473738929826	0.0494031402487	0.0936079469998
gal-	0.142663983474	0.781845722872	0.0467778622007	0.0287124314536
ida-	0.712430426716	0.254174397031	0.0222634508349	0.0111317254174
sel-	0.402240754781	0.402577710387	0.0656221042878	0.129559430545
kay-	0.135961621392	0.734246778746	0.0178576788019	0.11193392106
ibe-	0.591321261728	0.275883586402	0.0431463377613	0.0896488141082
abl-	0.011103459482	0.942169159464	0.0395314107971	0.00719597025665
mia-	0.71412879456	0.0684857765207	0.193302848168	0.0240825807518
ati-	0.0295566502463	0.970443349754	0.0	0.0
sat-	0.0581407745943	0.796464642875	0.121868181075	0.0235264014556
ung-	0.592859613023	0.11869307904	0.0388528811332	0.249594426804
ebà-	0.023665608032	0.961786702182	0.00307345558857	0.0114742341973
tak-	0.283044096796	0.146130991258	0.0463008044156	0.524524107531
lob-	0.0	1.0	0.0	0.0
mun-	0.196403116387	0.191453331279	0.31553863839	0.296604913944
tay-	0.130642968334	0.14707678969	0.162958876037	0.559321365938
mei-	0.462848730587	0.327331062513	0.120031721437	0.089788485463
obé-	0.265625	0.734375	0.0	0.0
kak-	0.0178272548634	0.918039403214	0.0550855548048	0.00904778711733
nel-	0.405019595587	0.275399860347	0.19728872416	0.122291819906
eni-	0.124060150376	0.875939849624	0.0	0.0
aso-	0.0188976377953	0.968503937008	0.0	0.0125984251968
gog-	0.0	1.0	0.0	0.0
sén-	0.0	1.0	0.0	0.0
gee-	0.142857142857	0.555357142857	0.0	0.301785714286
kap-	0.0364542936288	0.883490304709	0.0522991689751	0.027756232687
buh-	0.458569807037	0.368898978434	0.0930760499432	0.0794551645857
unu-	0.65504182911	0.238141650422	0.0519513482781	0.0548651721897
sil-	0.0308410003887	0.923869379292	0.0173642607231	0.0279253595957
ake-	0.213997563456	0.104026355391	0.00156870541324	0.68040737574
upi-	0.399767484452	0.417516702101	0.0698979957478	0.112817817698
lal-	0.15128389356	0.744567644717	0.0397110511292	0.0644374105935
ngi-	0.0148311642869	0.456979976488	0.0337751724516	0.494413686773
ipe-	0.470591308518	0.429858865521	0.0409120557741	0.0586377701869
mep-	0.245562685063	0.16475065275	0.378006960337	0.211679701851
asn-	0.00847756976333	0.987283645355	0.00423878488168	0.0
tik-	0.0142348754448	0.985765124555	0.0	0.0
nuw-	0.0	1.0	0.0	0.0
neg-	0.542578902917	0.161741125035	0.166997443593	0.128682528455
gel-	0.247064500563	0.433086697764	0.232427215699	0.087421585974
sau-	0.0548697151331	0.899608743423	0.00121932700296	0.0443022144408
way-	0.0922226186229	0.881548341063	0.00549411344987	0.0207349268641
esm-	0.0212765957447	0.670212765957	0.308510638298	0.0
sag-	0.407816446214	0.429069817217	0.0307349856599	0.13237875091
kit-	0.137682345561	0.110085544938	0.0367438360901	0.71548827341
gol-	0.0	1.0	0.0	0.0
iyo-	0.308333333333	0.441666666667	0.00833333333334	0.241666666667
dup-	0.241450471698	0.322081367925	0.362175707547	0.0742924528302
tiy-	0.190298507463	0.794776119403	0.0149253731344	0.0
meb-	0.353497214375	0.253311321301	0.17621947282	0.216971991504
itu-	0.619666677981	0.273072876006	0.0294032789111	0.0778571671022
had-	0.00381575361134	0.946852003271	0.0482420278005	0.00109021531753
tét-	0.351203501094	0.291028446389	0.265864332604	0.0919037199124
gul-	0.0544637843908	0.691676024705	0.0501122964627	0.203747894441
nal-	0.0293809024134	0.857292759706	0.11332633788	0.0
man-	0.570458338867	0.305919201875	0.0332350285282	0.0903874307297
lek-	0.106457533789	0.50375438011	0.0937760720841	0.296012014016
tud-	0.139767237164	0.81324205379	0.01084400978	0.0361466992665
hop-	0.0288166768853	0.958307786634	0.0	0.0128755364807
bus-	0.0457766175648	0.776695257629	0.0947334617855	0.0827946630203
lub-	0.0774193548387	0.922580645161	0.0	0.0
daa-	0.157422786002	0.0818398280032	0.103386863189	0.657350522806
tap-	0.26898611387	0.231767241324	0.246981466178	0.252265178628
muu-	0.861111111111	0.101851851852	0.037037037037	0.0
sol-	0.0532929682935	0.864483594911	0.0365437496869	0.0456796871087
bib-	0.234978540772	0.614806866953	0.114806866953	0.0354077253219
gén-	0.0597302504817	0.917148362235	0.0	0.0231213872833
teg-	0.0918841680183	0.817606987741	0.0618312952003	0.0286775490402
pam-	0.0	1.0	0.0	0.0
mag-	0.100915558834	0.0977131531983	0.603777256969	0.197594030999
ika-	0.459029254152	0.285554075481	0.0750783863513	0.180338284016
hob-	0.0458015267176	0.954198473282	0.0	0.0
ket-	0.248676010285	0.442576118316	0.175124865585	0.133623005814
nil-	0.0	1.0	0.0	0.0
kip-	0.943262411348	0.0141843971631	0.0425531914894	0.0
leb-	0.0809433186378	0.834469765796	0.0661298497614	0.0184570658047
alo-	0.0128617363344	0.932475884244	0.0289389067524	0.0257234726688
pit-	0.00440998125758	0.0164516800804	0.00832996459765	0.970808374064
lés-	0.0	1.0	0.0	0.0
adu-	0.155244348135	0.624826158673	0.143601022025	0.0763284711666
las-	0.03219377587	0.860800245286	0.0699064847463	0.0370994940978
pem-	0.43969908127	0.477443051657	0.0397717761953	0.0430860908782
laa-	0.0896353025191	0.910364697481	0.0	0.0
esp-	0.0	1.0	0.0	0.0
épê-	0.218170610227	0.537043346513	0.100188737575	0.144597305685
sip-	0.047619047619	0.933333333333	0.0	0.0190476190476
pad-	0.0933077449857	0.81980250307	0.0681294645927	0.0187602873516
éhê-	0.0840874627012	0.143364476838	0.0529765689967	0.719571491464
igk-	0.307140007978	0.359393697647	0.0454726765058	0.28799361787
sea-	0.375570776256	0.449771689498	0.0719178082192	0.102739726027
mpu-	0.0882352941176	0.735294117647	0.132352941177	0.0441176470588
dum-	0.107304321107	0.397634165794	0.147108589122	0.347952923977
egd-	0.668493631324	0.225849311309	0.0296590574759	0.0759979998903
dib-	0.149001536098	0.122119815668	0.172043010753	0.556835637481
pis-	0.0409286407992	0.873153586459	0.0320954539148	0.0538223188272
lih-	0.432534233633	0.527771129111	0.0099205099457	0.0297741273101
ten-	0.03885003885	0.600362600363	0.018648018648	0.342139342139
pet-	0.324112470817	0.262263559073	0.102125726099	0.311498244011
gep-	0.00258322080667	0.982211002172	0.00986320671636	0.0053425703047
apo-	0.0118156754628	0.940921622686	0.0	0.0472627018512
suw-	0.212573810351	0.724904480723	0.0625217089267	0.0
lot-	0.104761904762	0.757142857143	0.138095238095	0.0
atu-	0.293296879419	0.448901668709	0.0460073536344	0.211794098237
seh-	0.192076406084	0.224619738238	0.0781747435444	0.505129112133
uyo-	0.306220529014	0.395208568548	0.0364187430945	0.262152159344
ima-	0.791717095792	0.10942695527	0.0172563158498	0.0815996330883
tig-	0.295046694113	0.126792985205	0.1579578021	0.420202518582
neh-	0.383798104801	0.369471464292	0.168824629461	0.0779058014461
gil-	0.214435879467	0.727400140154	0.0245269796777	0.0336370007007
bau-	0.423569723149	0.508629959721	0.0349937120674	0.0328066050632
mik-	0.784506257436	0.114742247858	0.0417162392133	0.0590352554932
guw-	0.840746888897	0.0193059124817	0.000160863453603	0.139786335168
tis-	0.0412371134021	0.907216494845	0.0515463917526	0.0
meu-	0.291029152721	0.261387011591	0.0772728708083	0.37031096488
tog-	0.094964028777	0.896402877698	0.0086330935252	0.0
edu-	0.141231500953	0.249189284802	0.025648080816	0.583931133429
bul-	0.178806053044	0.682320409286	0.119290342705	0.0195831949649
tae-	0.102530846887	0.396584057768	0.0135831463825	0.487301948962
keo-	0.280542986425	0.607466063348	0.0656108597285	0.0463800904977
tan-	0.113771718626	0.747719508318	0.0294700314234	0.109038741632
loo-	0.0761904761904	0.861904761905	0.0476190476191	0.0142857142857
dep-	0.020556051577	0.970411743942	0.00363364548078	0.00539855900002
bil-	0.10149442328	0.819030282558	0.0486985568713	0.0307767372905
nea-	0.416286119959	0.300740627039	0.204612609847	0.0783606431559
aga-	0.287421748714	0.567524284645	0.104028602338	0.0410253643025
ipi-	0.187741334162	0.540632905774	0.239669788292	0.0319559717723
egm-	0.589364844904	0.286558345642	0.00443131462335	0.11964549483
inu-	0.819960541067	0.098615020831	0.0258049671257	0.0556194709762
lah-	0.0225	0.9775	0.0	0.0
sii-	0.0564905124705	0.0291637644879	0.0167466152781	0.897599107763
buw-	0.769230769231	0.102564102564	0.128205128205	0.0
bel-	0.0361009920069	0.948498333862	0.00652263845545	0.00887803567548
ing-	0.488902589396	0.348951911221	0.0363748458693	0.125770653514
wal-	0.0147575544624	0.0224877020379	0.125790583275	0.836964160225
ant-	0.193497800557	0.757359900889	0.0280264671442	0.02111583141
gun-	0.0414201183432	0.94674556213	0.0	0.0118343195266
dut-	0.177536840498	0.0397801023135	0.0198191516051	0.762863905584
mek-	0.467725121429	0.265305118473	0.111187315951	0.155782444147
nak-	0.223182770942	0.2130173659	0.199756725349	0.364043137809
nan-	0.210107893242	0.613855763771	0.076660988075	0.099375354912
pol-	0.337595429051	0.0397424021207	0.0586030007575	0.564059168071
peb-	0.520208118638	0.291176985928	0.132712965178	0.0559019302563
geb-	0.0280018984338	0.949691504509	0.0	0.0223065970574
nép-	0.0	1.0	0.0	0.0
lao-	0.0	1.0	0.0	0.0
uma-	0.198920379576	0.179345374138	0.180486950766	0.44124729552
kil-	0.128074547622	0.763354642973	0.0463755553148	0.0621952540904
gub-	0.126187978277	0.811790298692	0.0277709207603	0.034250802271
his-	0.0	0.902777777778	0.0833333333333	0.0138888888889
put-	0.00598802395208	0.994011976048	0.0	0.0
tin-	0.539934621678	0.28912234199	0.0450388838239	0.125904152508
ses-	0.374573069272	0.447898812726	0.0945815766098	0.082946541392
nab-	0.821299638989	0.108303249097	0.0703971119134	0.0
bal-	0.0717013605527	0.75975299551	0.0649259805323	0.103619663405
han-	0.0	0.922232387923	0.048032936871	0.0297346752058
mip-	0.211317984072	0.368164092034	0.309143252643	0.111374671252
pei-	0.448178968983	0.318022983537	0.136316149717	0.0974818977629
sad-	0.00822030415125	0.985614467735	0.00616522811345	0.0
pub-	0.0277855660854	0.175797678461	0.790108226322	0.00630852913139
dim-	0.0329012961116	0.925224327019	0.0388833499501	0.00299102691924
top-	0.0	1.0	0.0	0.0
kub-	0.0147593097184	0.985240690282	0.0	0.0
ags-	0.261904761905	0.738095238095	0.0	0.0
tun-	0.0520902581246	0.871744952421	0.0399342817527	0.036230507702
lut-	0.0	1.0	0.0	0.0
sop-	0.0262008733624	0.973799126638	0.0	0.0
amp-	0.0196078431372	0.980392156863	0.0	0.0
set-	0.36169106818	0.284154899073	0.120852464697	0.23330156805
ele-	0.127173913043	0.830434782609	0.0260869565217	0.0163043478261
eli-	0.0	0.970588235294	0.00980392156863	0.0196078431373
mog-	0.1325	0.765	0.1025	0.0
alk-	0.340425531915	0.617021276596	0.0	0.0425531914894
tug-	0.0310003781856	0.933445418674	0.0109692764644	0.0245849266764
how-	0.04	0.96	0.0	0.0
agt-	0.721331196017	0.278668803983	0.0	0.0
hen-	0.64	0.12	0.0	0.24
keb-	0.176626113814	0.659399779043	0.0600607972482	0.103913309895
hoa-	0.0	1.0	0.0	0.0
lus-	0.0	1.0	0.0	0.0
ulo-	0.347508258944	0.400224924439	0.157728263162	0.0945385534547
sus-	0.0588235294118	0.941176470588	0.0	0.0
ial-	0.451114922813	0.507718696398	0.0102915951973	0.0308747855918
bél-	0.617912029677	0.312135665077	0.0699523052464	0.0
uda-	0.0863961544155	0.846654796038	0.0631233895729	0.00382565997411
uto-	0.0310478654593	0.868046571798	0.0310478654593	0.0698576972833
pep-	0.429974012931	0.265147369132	0.153583657792	0.151294960146
get-	0.0403262534674	0.94182917236	0.00322941249535	0.0146151616776
sam-	0.165975868104	0.714285714286	0.104817168647	0.0149212489638
hon-	0.00443963799874	0.989299334054	0.0	0.00626102794696
buy-	0.286415145917	0.178151326635	0.0374009062368	0.498032621211
nik-	0.198493208286	0.39032519994	0.0602098723408	0.350971719433
miy-	0.0	0.965217391304	0.0347826086956	0.0
teb-	0.153091800599	0.620266957232	0.142740397712	0.0839008444565
isl-	0.00782836591371	0.970388355022	0.0176989142397	0.00408436482454
lan-	0.0319251754133	0.383078573255	0.0806398503705	0.504356400961
bag-	0.0858324715615	0.680455015512	0.208893485005	0.0248190279214
duh-	0.119047619048	0.113095238095	0.767857142857	0.0
ibò-	0.468664850136	0.117166212534	0.41416893733	0.0
lun-	0.153262796873	0.643608998658	0.0755314262103	0.127596778258
lib-	0.0641224447329	0.910413102395	0.00848815095745	0.0169763019149
enù-	0.138947401378	0.0257803319465	0.00430146713259	0.830970799542
may-	0.171075683252	0.679922915207	0.126927119832	0.0220742817099
uta-	0.672611326555	0.268775400703	0.0105696065602	0.0480436661825
sit-	0.0571428571429	0.857142857143	0.0285714285714	0.0571428571429
tib-	0.015037593985	0.975563909774	0.0	0.00939849624059
apu-	0.0475454771991	0.925990530775	0.0210316471468	0.00543234487914
kas-	0.09375	0.899038461538	0.00721153846153	0.0
sum-	0.324638344896	0.298774413448	0.0699784909413	0.306608750716
hau-	0.848901487252	0.0250727257847	0.00691917951923	0.119106607444
gam-	0.101986754967	0.802649006623	0.0913907284768	0.00397350993377
ime-	0.601918465228	0.253717026379	0.0690647482015	0.0752997601919
igh-	0.129405964999	0.83731821543	0.0332758195711	0.0
ebu-	0.0223048327138	0.245353159851	0.732342007435	0.0
gad-	0.0515463917525	0.896907216495	0.0309278350515	0.020618556701
sem-	0.614457831325	0.385542168675	0.0	0.0
kud-	0.0160948750529	0.948326980093	0.0237187632359	0.011859381618
amo-	0.0	1.0	0.0	0.0
lik-	0.406802290868	0.444095826	0.022550996559	0.126550886572
isu-	0.667582417582	0.20452823039	0.0507768093975	0.0771125426298
épé-	0.0114613180516	0.960840496657	0.00382043935052	0.0238777459408
hun-	0.348033397524	0.311834503706	0.053427829674	0.286704269096
pag-	0.33739023263	0.525496841781	0.0908950855029	0.0462178400863
kul-	0.339041245638	0.518391355977	0.0763120099235	0.0662553884607
kek-	0.260451468938	0.467757326199	0.0906143281595	0.181176876703
alu-	0.629165219039	0.285951170209	0.0358485202615	0.0490350904899
kal-	0.158367192668	0.798544836058	0.0257015969007	0.017386374374
aba-	0.14	0.82	0.04	0.0
ngo-	0.0575079872205	0.856230031949	0.0862619808307	0.0
ioh-	0.379310344828	0.387931034483	0.181034482759	0.051724137931
iwo-	0.234729493892	0.474694589878	0.206806282723	0.0837696335078
god-	0.168421052632	0.642105263158	0.168421052632	0.0210526315789
les-	0.400123083457	0.506098068858	0.0625192317901	0.0312596158951
pau-	0.184222957015	0.234766178554	0.53849787435	0.0425129900803
unt-	0.290775493218	0.594818196653	0.0399321787029	0.0744741314261
sim-	0.0711644310076	0.873947597374	0.033009717491	0.0218782541273
buk-	0.229711141678	0.466299862449	0.169188445667	0.134800550206
lep-	0.203389830508	0.771186440678	0.0254237288136	0.0
lak-	0.0738461538461	0.889230769231	0.0	0.0369230769231
wag-	0.0582524271844	0.941747572816	0.0	0.0
kel-	0.0749298379822	0.868264625894	0.021547960597	0.0352575755268
nek-	0.557296117791	0.227685670384	0.0843888668886	0.130629344936
taa-	0.508074894607	0.223945250649	0.022350696689	0.245629158054
let-	0.434782608696	0.463768115942	0.0289855072464	0.0724637681159
siy-	0.0117589416952	0.371386575208	0.121999020088	0.494855463008
hue-	0.132305440118	0.0631741421772	0.0140219569237	0.790498460781
tuu-	0.127057321337	0.333598482356	0.171860448329	0.367483747977
nat-	0.0399541509743	0.845423284755	0.102177828721	0.0124447355493
nas-	0.0452034153692	0.94123556002	0.00904068307383	0.00452034153692
pil-	0.0820443220647	0.844967168438	0.0344236587345	0.0385648507627
hin-	0.697279213189	0.207113183174	0.0227389368398	0.072868666798
gom-	0.0625	0.91875	0.0	0.01875
pee-	0.381774019346	0.322505136933	0.176379199464	0.119341644257
ile-	0.437211981567	0.437211981567	0.0639400921659	0.0616359447005
hos-	0.0300191330738	0.958632974863	0.00197928349937	0.0093686085637
olo-	0.285950786365	0.558155868262	0.0699826924524	0.085910652921
nid-	0.0774193548387	0.535483870968	0.0387096774193	0.348387096774
bek-	0.0894694724228	0.175013021577	0.028077348418	0.707440157583
idu-	0.15	0.826923076923	0.0	0.0230769230769
mit-	0.520807017367	0.307140664395	0.172052318237	0.0
asa-	0.106940638397	0.399795666995	0.348893832772	0.144369861836
dii-	0.0606896551724	0.323678160919	0.596321839081	0.0193103448276
yok-	0.548209381177	0.142699038335	0.0516494810169	0.257442099471
duw-	0.062220264101	0.081147756298	0.0245542302901	0.832077749311
sep-	0.0311451291565	0.205031053101	0.0273741942362	0.736449623507
kae-	0.33152505913	0.619688085753	0.0223676035233	0.0264192515938
iil-	0.190417807188	0.328526679917	0.481055512895	0.0
egs-	0.380115572755	0.461371566668	0.048179901502	0.110332959075
pik-	0.320414507772	0.0907772020726	0.515440414508	0.0733678756477
tés-	0.0	1.0	0.0	0.0
gum-	0.38316637207	0.430451795362	0.0418585112346	0.144523321333
meo-	0.238572953982	0.618576054009	0.0577810691651	0.0850699228437
bis-	0.0544554455445	0.039603960396	0.905940594059	0.0
tom-	0.0	1.0	0.0	0.0
tep-	0.525070549208	0.384983053259	0.066276292919	0.023670104614
ade-	0.239495798319	0.665966386555	0.094537815126	0.0
mud-	0.215053763441	0.462365591398	0.247311827957	0.0752688172042
bén-	0.0102214650767	0.979557069847	0.0102214650767	0.0
luk-	0.0854185345179	0.570462140354	0.310864781156	0.0332545439726
luw-	0.718061674009	0.211453744493	0.0440528634361	0.0264317180617
dol-	0.0762711864407	0.669491525424	0.0	0.254237288136
naa-	0.0935613682092	0.637826961771	0.0422535211268	0.226358148893
lip-	0.0942115090817	0.773383126804	0.0407401120353	0.0916652520794
hai-	0.177514792899	0.756551141167	0.0177514792899	0.0481825866441
eke-	0.525519984092	0.329552594949	0.0641399880692	0.0807874328892
pal-	0.108713953448	0.831107396012	0.0196361505611	0.0405424999791
hus-	0.00700934579439	0.992990654206	0.0	0.0
moh-	0.617224880383	0.210526315789	0.0	0.172248803828
kol-	0.0436882041849	0.916072660382	0.0215566796965	0.0186824557369
gii-	0.441814104161	0.202342387242	0.0129578868677	0.342885621729
tui-	0.746185852982	0.108183079057	0.0957004160887	0.0499306518724
aln-	0.0	1.0	0.0	0.0
keu-	0.269233857322	0.575256442988	0.0699998708148	0.0855098288755
kut-	0.0584415584416	0.935655253837	0.0	0.00590318772138
dag-	0.140812084663	0.811283263562	0.0176490822331	0.0302555695424
sub-	0.236981132075	0.370314465409	0.199748427673	0.192955974843
kog-	0.0555555555555	0.680555555556	0.0	0.263888888889
med-	0.128391771133	0.228167186929	0.172004152001	0.471436889938
ume-	0.188381201261	0.563121685414	0.192476135669	0.0560209776564
awa-	0.105038115059	0.80956504343	0.0525190575294	0.0328777839818
ibu-	0.712152898803	0.216575171372	0.0387039618915	0.0325679679331
gem-	0.602392344498	0.238277511962	0.00861244019141	0.150717703349
yak-	0.492715652766	0.230350030515	0.0705121059991	0.20642221072
mol-	0.350877192982	0.55388471178	0.0501253132832	0.0451127819549
pak-	0.0104712041885	0.979057591623	0.0	0.0104712041885
ute-	0.5	0.0217391304348	0.413043478261	0.0652173913043
keg-	0.329573347307	0.564521911801	0.0661904630575	0.0397142778345
hod-	0.0	1.0	0.0	0.0
lin-	0.399787337616	0.329526881612	0.203370576078	0.0673152046941
gai-	0.352601156069	0.514450867052	0.0635838150289	0.0693641618497
api-	0.145604731288	0.0700907797241	0.0462093498031	0.738095139184
ned-	0.454190693542	0.310534659675	0.119248793575	0.116025853208
dul-	0.516553312759	0.407137675129	0.0410894680603	0.0352195440517
ege-	0.155378486056	0.713147410359	0.119521912351	0.0119521912351
pul-	0.0920311347113	0.222927636242	0.0567283102398	0.628312918807
due-	0.150837086028	0.153816637645	0.0181510362686	0.677195240058
iti-	0.217877600241	0.470229122701	0.0606873681037	0.251205908954
lay-	0.441509433962	0.558490566038	0.0	0.0
pes-	0.271695718557	0.309421055125	0.0716385406963	0.347244685622
