-ivu	0.0488583745809	0.908989302251	0.0239501836181	0.0182021395497
-eba	0.0991125244423	0.44094060664	0.232909767122	0.227037101795
-—mu	0.349056603774	0.471698113208	0.0566037735849	0.122641509434
-eus	0.0180995475113	0.977375565611	0.0	0.00452488687782
-ive	0.182267295231	0.35176734151	0.0403559580375	0.425609405221
-ivi	0.316705586772	0.290757171352	0.0294888973814	0.363048344495
-—me	0.241838373026	0.477187583623	0.138480064223	0.142493979128
-aup	0.130102040816	0.795068027211	0.0595238095239	0.015306122449
-aus	0.0754716981132	0.88679245283	0.0	0.0377358490566
-aut	0.72319201995	0.127182044888	0.0748129675811	0.0748129675811
-oya	0.089871649755	0.0303873089389	0.00800712715814	0.871733914148
-nsu	0.0363636363636	0.890909090909	0.0727272727273	0.0
-aua	0.239202657807	0.41196013289	0.0199335548173	0.328903654485
-oyu	0.0	1.0	0.0	0.0
-aug	0.630742407762	0.022138046035	0.00843746962458	0.338682076578
-ass	0.22	0.35	0.43	0.0
-auk	0.401869158879	0.322429906542	0.0560747663551	0.219626168224
-aum	0.00229621125144	0.997703788749	0.0	0.0
-nsa	0.0359281437126	0.844311377246	0.119760479042	0.0
-aun	0.396885221628	0.533590879111	0.0360743562477	0.0334495430133
-nto	0.627397260274	0.208219178082	0.131506849315	0.0328767123288
-nta	0.56540229043	0.209054175258	0.0515812586197	0.173962275692
-kia	0.0217391304348	0.934782608696	0.0434782608696	0.0
-pak	0.875064663841	0.121025888666	0.00390944749295	0.0
-uat	0.105633802817	0.556338028169	0.338028169014	0.0
-pun	0.621975264384	0.207564079584	0.0908765011651	0.0795841548665
-ntu	0.523155967217	0.255417874096	0.0919127451154	0.129513413572
-pui	0.423101600343	0.253824931987	0.0753373046139	0.247736163056
-puk	0.278	0.362	0.201	0.159
-ama	0.175787509974	0.524577438535	0.25240240045	0.0472326510407
-ape	0.524418402004	0.154064877496	0.032652418238	0.288864302262
-opo	0.403273848701	0.366253993356	0.0648006340347	0.165671523908
-ope	0.57932256883	0.156316026556	0.0235313150968	0.240830089517
-opa	0.249617931737	0.530084338031	0.0918095884984	0.128488141733
-gke	0.631578947368	0.174089068826	0.145748987854	0.0485829959514
-imu	0.0278884614356	0.909419805392	0.00672379344201	0.0559679397304
-pad	0.2975	0.696666666667	0.00583333333332	0.0
-dek	0.0397022332507	0.933829611249	0.0215053763441	0.00496277915633
-den	0.120034852296	0.0434509074198	0.0149424780094	0.821571762275
-kin	0.0480775379799	0.823876847832	0.0240387689899	0.104006845198
-ima	0.339711216259	0.358228849698	0.0732314783837	0.22882845566
-oko	0.140703517588	0.798538145272	0.0607583371402	0.0
-des	0.0534351145038	0.844552394171	0.0696275734443	0.0323849178811
-ime	0.265086771876	0.0741886436323	0.0116394903791	0.649085094112
-nad	0.563288920056	0.296809256662	0.0773141654979	0.062587657784
-oke	0.395841489408	0.494540867371	0.109617643221	0.0
-vin	0.312274306153	0.582143962582	0.023042267084	0.0825394641813
-oka	0.167629337705	0.0677007223493	0.345651963275	0.41901797667
-kis	0.0	0.980769230769	0.0192307692308	0.0
-bit	0.0700308959835	0.542739443872	0.257466529351	0.129763130793
-bip	0.211904346308	0.740006982021	0.0196369348927	0.0284517367778
-idi	0.232784682566	0.667450453477	0.0665099093047	0.0332549546523
-oba	0.298329355609	0.680190930788	0.0	0.0214797136038
-ida	0.130324366434	0.524333346914	0.265488364513	0.0798539221388
-rga	0.0373831775701	0.943925233645	0.0	0.018691588785
-bia	0.185365853658	0.79512195122	0.019512195122	0.0
-kpa	0.719008264463	0.0413223140496	0.0	0.239669421488
-bim	0.267676767677	0.550505050505	0.161616161616	0.020202020202
-kpe	0.426197455843	0.136520205163	0.0307038666815	0.406578472313
-obu	0.230062495331	0.56078978164	0.141174713044	0.0679730099843
-100	0.0226470659399	0.071470296465	0.106764739431	0.799117898164
-uta	0.455029548399	0.257703125494	0.0659703567929	0.221296969314
-tet	0.331526936564	0.298374242907	0.204335352247	0.165763468282
-ria	0.0438232964094	0.893944875147	0.0478072324466	0.0144245959968
-rin	0.289296046287	0.631354181017	0.0644716903155	0.0148780823805
-rio	0.0	1.0	0.0	0.0
-uti	0.0	1.0	0.0	0.0
-eru	0.0391196522328	0.916076260942	0.0337037736056	0.0111003132194
-rit	0.0421455938697	0.141762452107	0.816091954023	0.0
-gra	0.283241542093	0.362706530291	0.0	0.354051927616
-ris	0.0319715808171	0.854351687389	0.00355239786856	0.110124333925
-rip	0.332534783009	0.437267729353	0.182438035566	0.0477594520716
-teg	0.340456302637	0.273688388789	0.0618528234157	0.324002485158
-tek	0.738853503185	0.165605095541	0.0382165605096	0.0573248407643
-nap	0.241947741245	0.101259446854	0.0172589314571	0.639533880444
-ten	0.327149551573	0.167558839532	0.0494936553346	0.45579795356
-jin	0.0423429781228	0.957657021877	0.0	0.0
-are	0.105186885481	0.204169043307	0.0362901273512	0.654353943861
-ara	0.133308868493	0.0694475739306	0.0478663158059	0.749377241771
-mes	0.128834355828	0.766871165644	0.0858895705521	0.0184049079755
-eri	0.0362604656126	0.908657162347	0.0155940961941	0.0394882758463
-pat	0.167979500807	0.77507829553	0.034165322198	0.0227768814653
-aro	0.58	0.42	0.0	0.0
-ari	0.0746721739643	0.834935194395	0.0695861435395	0.0208064881015
-dum	0.0817236255572	0.69985141159	0.209509658247	0.00891530460625
-aru	0.0804405075413	0.806489318255	0.0841865115689	0.0288836626343
-meg	0.579190751445	0.271098265896	0.0820809248555	0.0676300578035
-dun	0.0623236145853	0.83503873797	0.0812916711982	0.0213459762466
-mem	0.605647251398	0.101077615605	0.270085936434	0.0231891965626
-men	0.00936454849498	0.0934225195095	0.00401337792642	0.893199554069
-mek	0.0	1.0	0.0	0.0
-nwa	0.21909879516	0.496163212854	0.149071976943	0.135666015044
-aya	0.593028383971	0.0963586478441	0.0344694451614	0.276143523024
-ayo	0.0230845781439	0.946769678633	0.0219982450548	0.00814749816844
-rai	0.330752590231	0.338494819538	0.276670841398	0.054081748833
-rag	0.580726770929	0.171113155474	0.119365225391	0.128794848206
-iwo	0.593220338983	0.237288135593	0.0677966101695	0.101694915254
-nui	0.273993952807	0.703562856519	0.0084161965026	0.014026994171
-uba	0.19624217119	0.675574112735	0.0354906054279	0.0926931106473
-ube	0.161186925659	0.265978374512	0.205118857646	0.367715842183
-umu	0.150845205312	0.310479691534	0.406837202532	0.131837900622
-ota	0.394462947544	0.211074104913	0.0818068276437	0.3126561199
-ija	0.00296033155713	0.98756660746	0.00710479573712	0.00236826524571
-oti	0.0248901903368	0.956808199122	0.00732064421669	0.010980966325
-ijo	0.0	1.0	0.0	0.0
-oam	0.0	0.95951417004	0.0	0.0404858299596
-oto	0.318326744038	0.60515240403	0.0321387578115	0.0443820941206
-ume	0.413265306122	0.364795918367	0.160714285714	0.0612244897959
-uma	0.026378386305	0.0255121100727	0.0168750669515	0.931234436671
-otu	0.508542090631	0.146430504542	0.0593123832736	0.285715021554
-ako	0.0751173708921	0.882629107981	0.0156494522692	0.0266040688576
-nak	0.181187512752	0.480922260763	0.323199347072	0.0146908794124
ALL	0.233292580942	0.297241550269	0.0553119635914	0.414153905197
-nai	0.114345800402	0.803797841259	0.0170843358268	0.0647720225116
-nan	0.110351511138	0.0619933807469	0.0155931229686	0.812061985147
-nao	0.02457002457	0.197379197379	0.638820638821	0.13923013923
-aki	0.115852184236	0.580298855332	0.252464140628	0.0513848198046
-nam	0.545356223019	0.213532166851	0.0538940267454	0.187217583384
-sis	0.0	1.0	0.0	0.0
-ake	0.434831460674	0.359269662921	0.119382022472	0.0865168539326
-sip	0.0375684980698	0.890595582006	0.0503601684062	0.0214757515177
-nag	0.305285442606	0.34583228677	0.149305680146	0.199576590477
-kim	0.127906976744	0.841085271318	0.0271317829458	0.00387596899225
-twa	0.0780012109188	0.30734924704	0.511806459093	0.102843082948
-sik	0.846153846154	0.153846153846	0.0	0.0
-sin	0.0526118836483	0.585857829877	0.0433870557317	0.318143230743
-sim	0.455652173913	0.340869565217	0.182608695652	0.0208695652174
-kit	0.273361891163	0.278597493257	0.154846898302	0.293193717278
-nas	0.0594182034313	0.914796538476	0.0123320799574	0.0134531781354
-sia	0.300684443289	0.546981636599	0.125525245246	0.0268086748658
-a12	0.817073170732	0.0365853658537	0.0	0.146341463415
-sig	0.52322429733	0.140162625775	0.0736642780233	0.262948798871
-igi	0.905660377359	0.0188679245283	0.0566037735849	0.0188679245283
-nat	0.519294218907	0.247289792405	0.127876713732	0.105539274955
-nau	0.207919161024	0.504953180819	0.0552985746399	0.231829083518
-goi	0.0795954982874	0.745881585386	0.0391453270266	0.1353775893
-mot	0.141527001862	0.591558038486	0.252017380509	0.0148975791434
-mos	0.0320427236315	0.951935914553	0.0160213618157	0.0
-mor	0.0	0.948717948718	0.0512820512821	0.0
-gup	0.0380915736822	0.925163524432	0.0188534051558	0.0178914967295
-gon	0.097907930177	0.493698008325	0.39526857442	0.0131254870786
-amu	0.137835620022	0.0608902825293	0.15091751666	0.650356580789
-gob	0.391304347826	0.239130434783	0.0434782608696	0.326086956522
-god	0.0221511878174	0.888503036832	0.00610114892562	0.0832446264246
-gog	0.22792022792	0.735042735043	0.02849002849	0.00854700854699
-mog	0.696266397578	0.1263370333	0.00847628657921	0.168920282543
-mon	0.135668825028	0.81861852214	0.0114705420578	0.0342421107735
-mok	0.315789473684	0.0897832817337	0.501547987616	0.0928792569659
-yau	0.484961339337	0.341017292255	0.0323833427786	0.141638025629
-yat	0.0808601021822	0.849924962481	0.00762676420178	0.0615881711347
-yap	0.101352625768	0.109968251107	0.0250082584363	0.763670864689
-yas	0.00584795321637	0.982456140351	0.0116959064327	0.0
-ber	0.0677966101695	0.925423728814	0.0	0.00677966101695
-eor	0.0530973451328	0.946902654867	0.0	0.0
-bet	0.0223123732251	0.961460446247	0.0	0.0162271805274
-nus	0.0204081632653	0.979591836735	0.0	0.0
-eon	0.0477453580902	0.936339522546	0.0106100795756	0.00530503978779
-yag	0.557120049259	0.188681355171	0.0587255640927	0.195473031477
-ben	0.196013545562	0.247449176567	0.445018035011	0.11151924286
-yab	0.179651695692	0.445004582951	0.327222731439	0.0481209899175
-yam	0.165087781694	0.775324129458	0.0398654983996	0.0197225904491
-yan	0.45506684438	0.207502546773	0.0241662964309	0.313264312416
-yai	0.311008276353	0.248702172327	0.142389248004	0.297900303316
-bed	0.314049586777	0.685950413223	0.0	0.0
-iso	0.0105918728392	0.950492907506	0.00199846657343	0.0369167530818
-rek	0.346346108069	0.617948107594	0.00714115686739	0.0285646274696
-upu	0.056395541331	0.795662730383	0.0556229996689	0.0923187286171
-ren	0.0747905387412	0.190910594843	0.601415027067	0.132883839349
-amo	0.194165907019	0.43482224248	0.310847766636	0.0601640838651
-isi	0.0320746639918	0.797324852703	0.151931952318	0.0186685309867
-rem	0.00276765533466	0.983993726648	0.000276765533466	0.012961852484
-rat	0.063058831354	0.864113830128	0.0453923822271	0.0274349562911
-rea	0.0820895522388	0.863184079602	0.0422885572139	0.0124378109453
-reg	0.557132963989	0.320290858726	0.0782548476455	0.0443213296399
-red	0.0266575529734	0.119275461381	0.85030758715	0.00375939849624
-eve	0.0763782824668	0.0427690572858	0.0217041236149	0.859148536633
-upe	0.64561460481	0.062902517382	0.0185165039682	0.27296637384
-eva	0.0	1.0	0.0	0.0
-upa	0.124110141034	0.791672263264	0.0241773002015	0.0600402955003
-res	0.0321027287319	0.91974317817	0.0288924558587	0.0192616372392
-isu	0.0243399701781	0.647421278835	0.288768529076	0.0394702219104
-ist	0.0366187302701	0.844545773413	0.107050157839	0.0117853384777
-ret	0.0532459769576	0.933134867149	0.00869656942605	0.00492258646758
-upi	0.05625	0.94375	0.0	0.0
-avi	0.181517033505	0.628870102857	0.0579490998983	0.13166376374
-ame	0.0643427944269	0.0192935850061	0.011991716712	0.904371903855
-mas	0.0207232832182	0.967086550183	0.00304754164973	0.00914262494921
-ena	0.454710819006	0.306777722961	0.048592583646	0.189918874387
-mat	0.396525198044	0.475185942414	0.0423335618115	0.0859552977302
-mai	0.248440524844	0.706388470639	0.0	0.0451710045171
-mak	0.0475848188614	0.937320299022	0.0129384703853	0.00215641173088
-mam	0.122540099368	0.404566212956	0.454823875098	0.0180698125775
-jud	0.0377358490566	0.905660377358	0.0566037735849	0.0
-man	0.0882019013744	0.793874781323	0.0187459478054	0.099177369497
-mae	0.0868559487941	0.345733625362	0.198468264975	0.368942160869
-kii	0.0	1.0	0.0	0.0
-mag	0.323430776427	0.590460710945	0.0157156220767	0.0703928905519
-uno	0.255775577558	0.0660066006601	0.653465346535	0.0247524752475
-uni	0.545977021871	0.339460954696	0.0831408859381	0.031421137495
-une	0.732114766964	0.105636359236	0.0286001237697	0.13364875003
-ung	0.711008386301	0.134852341761	0.0918276513673	0.0623116205706
-una	0.591806551542	0.194231650053	0.0328136527172	0.181148145688
-nke	0.502384358607	0.309251311397	0.0968049594659	0.0915593705294
-pte	0.508114157806	0.373251259093	0.0570789031897	0.0615556799105
-nka	0.273025747365	0.675133920857	0.0	0.0518403317781
-pta	0.392251815981	0.491525423729	0.0726392251816	0.0435835351089
-unu	0.0405405405405	0.924880763116	0.0298092209857	0.00476947535771
-nki	0.0317220543807	0.963746223565	0.00339879154079	0.00113293051359
-gag	0.562238493724	0.296548117155	0.0627615062761	0.0784518828451
-gae	0.30800395235	0.462600406912	0.0154421008056	0.213953539933
-gad	0.0	1.0	0.0	0.0
-tra	0.0	1.0	0.0	0.0
-500	0.152727272727	0.0436363636364	0.0145454545455	0.789090909091
-ada	0.230269900922	0.36214554151	0.0696959344039	0.337888623164
-gan	0.453495681834	0.427286862189	0.0450587067365	0.0741587492409
-gam	0.132796780684	0.826961770624	0.0241448692153	0.0160965794768
-gak	0.429487179487	0.570512820513	0.0	0.0
-adk	0.490566037736	0.27358490566	0.0283018867925	0.207547169811
-gai	0.653442552736	0.193382589142	0.0723310846986	0.0808437734232
-adi	0.259959201857	0.321226757954	0.30814321555	0.110670824638
-115	0.169811320755	0.547169811321	0.0	0.283018867925
-gau	0.528104636445	0.27682715297	0.113027987436	0.0820402231494
-gat	0.703067484663	0.0539877300614	0.110429447853	0.132515337423
-gas	0.0184331797235	0.972350230415	0.0	0.00921658986174
-gap	0.193385819963	0.117401919706	0.0269765814774	0.662235678854
-sen	0.00684931506849	0.993150684932	0.0	0.0
-sem	0.0	1.0	0.0	0.0
-ink	0.0509554140127	0.949044585987	0.0	0.0
-sek	0.0	1.0	0.0	0.0
-seg	0.392717086835	0.529971988796	0.0336134453781	0.0436974789916
-ina	0.092647527563	0.0563085887002	0.110689692848	0.740354190889
-ine	0.645398445201	0.091974684967	0.0552610251901	0.207365844642
-sea	0.0365058670143	0.885267275098	0.0312907431551	0.0469361147327
-aap	0.0876897133221	0.912310286678	0.0	0.0
-uim	0.177285318559	0.816066481995	0.00664819944601	0.0
-iki	0.474820143885	0.464748201439	0.0258992805755	0.0345323741007
-uin	0.862988545947	0.0439800647023	0.0618169100289	0.0312144793215
-kna	0.69280307645	0.0996037107932	0.026462697086	0.181130515671
-int	0.055723273339	0.920908902358	0.0107851496785	0.0125826746249
-uig	0.405520169851	0.445859872611	0.0700636942675	0.0785562632696
-sep	0.00806180718844	0.987403426268	0.00302317769567	0.00151158884783
-iag	0.665496760259	0.186285097192	0.0555255579554	0.0926925845932
-kut	0.0960740620349	0.0515495885442	0.0491020256283	0.803274323793
-kus	0.0428612800464	0.939472922097	0.00897770055025	0.00868809730669
-kup	0.156288478006	0.748288599616	0.0258622873734	0.0695606350043
-iam	0.0	1.0	0.0	0.0
-new	0.509578544061	0.369731800766	0.0268199233716	0.0938697318008
-edi	0.0154135566479	0.974088233509	0.0033982644578	0.00709994538503
-nes	0.0685714285714	0.908571428571	0.0114285714286	0.0114285714286
-iak	0.963636363636	0.0363636363636	0.0	0.0
-mtu	0.557016865233	0.294961060395	0.0541544174532	0.0938676569189
-nen	0.0152252093466	0.892111016526	0.00845636627503	0.0842074078519
-kue	0.228486646884	0.724035608309	0.0237388724036	0.0237388724035
-nek	0.232394366197	0.334507042254	0.411971830986	0.0211267605634
-ias	0.0212668122773	0.958386021382	0.0137946890447	0.00655247729624
-nub	0.083538083538	0.72972972973	0.034398034398	0.152334152334
-neg	0.595589294338	0.221916276233	0.0565953012344	0.125899128195
-kum	0.0451353791102	0.702907853556	0.0130676382034	0.23888912913
-mta	0.545298719107	0.203301440874	0.0785364789479	0.17286336107
-kuk	0.407407407407	0.518518518519	0.0	0.074074074074
-ban	0.217986580627	0.237568466801	0.042554318132	0.50189063444
-win	0.0990019236386	0.837246074669	0.0180278172241	0.0457241844679
-eka	0.336384439359	0.485125858124	0.0549199084668	0.12356979405
-eke	0.469119579501	0.320630749014	0.0880420499343	0.122207621551
-bai	0.111358028608	0.802664690045	0.0393401582547	0.0466371230923
-bag	0.471923188827	0.480942682572	0.0139656677335	0.0331684608671
-bae	0.118229074369	0.0536640239157	0.00485403231399	0.823252869401
-jon	0.016877465597	0.952519814683	0.0133531180469	0.0172496016737
-eku	0.190476190476	0.809523809524	0.0	0.0
-aad	0.1	0.825	0.075	0.0
-uut	0.15037593985	0.706766917293	0.127819548872	0.015037593985
-bat	0.0539083557951	0.859472564981	0.0162537756166	0.070365303607
-bas	0.0208389351976	0.966657703684	0.0100833557408	0.00242000537779
-job	0.0	0.864406779661	0.135593220339	0.0
-dru	0.0	1.0	0.0	0.0
-ase	0.0	1.0	0.0	0.0
-asa	0.015625	0.984375	0.0	0.0
-yep	0.574119076549	0.209861371921	0.0618579476417	0.154161603888
-153	0.0882352941176	0.0588235294118	0.117647058824	0.735294117647
-asi	0.0423572744015	0.676795580111	0.217311233886	0.0635359116022
-yem	0.576754620542	0.286038490782	0.042497708882	0.0947091797942
-mbe	0.025000417447	0.00892474020787	0.00435698206376	0.961717860281
-owo	0.190455989517	0.217736151475	0.0598819333109	0.531925925698
-yen	0.40067114094	0.414093959732	0.144966442953	0.0402684563758
-aab	0.21568627451	0.705882352941	0.0	0.078431372549
-yeg	0.601204819277	0.236144578313	0.0542168674699	0.10843373494
-mbo	0.0320428271154	0.0310746582193	0.0276424729469	0.909240041718
-gek	0.450643776824	0.349785407725	0.0600858369098	0.139484978541
-430	0.342105263158	0.0263157894737	0.0	0.631578947368
-rau	0.611355132585	0.201236375468	0.0520579144298	0.135350577518
-ras	0.0339400971789	0.942127783015	0.0130538835304	0.0108782362753
-rap	0.52026963934	0.316519411453	0.0193314153842	0.143879533823
-ran	0.188297156926	0.717554264612	0.0797869309008	0.0143616475621
-rao	0.123287671233	0.842465753425	0.0205479452055	0.013698630137
-iwa	0.174739204656	0.543301675247	0.12632530229	0.155633817808
-ram	0.175390766994	0.735881167179	0.0238756154787	0.0648524503486
-rak	0.284181801073	0.552084313541	0.0056459960478	0.158087889338
-ero	0.101941747573	0.898058252427	0.0	0.0
-era	0.197396963124	0.536876355749	0.104121475054	0.161605206074
-rab	0.0857142857143	0.914285714286	0.0	0.0
-ere	0.73865877712	0.219921104537	0.0414201183431	0.0
-boa	0.438177874187	0.431670281996	0.0780911062906	0.0520607375271
-pos	0.0	1.0	0.0	0.0
-uka	0.169782480894	0.724397413286	0.0253968253968	0.0804232804233
-pot	0.100537269234	0.762234207325	0.112983201278	0.0242453221626
-uge	0.108695652174	0.839464882943	0.0217391304348	0.0301003344481
-pon	0.116022099448	0.670349907919	0.169429097606	0.0441988950276
-uga	0.245038442517	0.437857368641	0.233556257939	0.0835479309026
-pom	0.451612903226	0.432258064516	0.116129032258	0.0
-poe	0.719665271967	0.192468619247	0.0	0.0878661087866
-ike	0.50971066191	0.317479191439	0.0439952437575	0.128814902893
-ika	0.207903008532	0.781320161653	0.0	0.0107768298159
-iko	0.0	1.0	0.0	0.0
-nou	0.0549199084668	0.848970251716	0.096109839817	0.0
-oum	0.184469846275	0.770595191171	0.0212849822625	0.0236499802917
-now	0.0	0.96261682243	0.0373831775701	0.0
-aam	0.00659253724783	0.960181075023	0.0290071638905	0.00421922383861
-noi	0.236863274771	0.432124023001	0.173699734832	0.157312967395
-nok	0.250444049734	0.592362344583	0.0612788632327	0.0959147424511
-iks	0.0779220779221	0.688311688312	0.233766233766	0.0
-non	0.018018018018	0.693693693694	0.288288288288	0.0
-noa	0.270488494146	0.296434893326	0.0722027266234	0.360873885904
-nob	0.0520481927711	0.879518072289	0.0366265060241	0.0318072289157
-uki	0.132530120482	0.650602409639	0.192771084337	0.0240963855422
-ppe	0.693148725154	0.123329915683	0.138768513544	0.0447528456181
-nog	0.374278417022	0.422287432026	0.0172611554189	0.186172995533
-bod	0.449757869249	0.443099273608	0.0490314769976	0.0581113801453
-dot	0.380200860832	0.331420373027	0.185078909613	0.103299856528
-bog	0.5441758842	0.124948791479	0.0331831216714	0.297692202649
-gen	0.287932969864	0.516858237008	0.0146406594846	0.180568133643
-gem	0.515486628189	0.292858086972	0.0370092963828	0.154645988457
-bon	0.0813008130081	0.869918699187	0.0325203252032	0.0162601626016
-geg	0.217745217745	0.143264143264	0.0944240944241	0.544566544567
-boi	0.837563451777	0.162436548223	0.0	0.0
-o11	0.369230769231	0.323076923077	0.0	0.307692307692
-bot	0.103390953713	0.117206366322	0.510749064932	0.268653615033
-dog	0.214392355927	0.0176171991639	0.0352343983279	0.732756046581
-aka	0.28152173913	0.586956521739	0.0847826086956	0.0467391304347
-don	0.0	0.966101694915	0.0225988700565	0.0112994350283
-reu	0.0	1.0	0.0	0.0
-dok	0.0	1.0	0.0	0.0
-get	0.234375	0.519886363636	0.237215909091	0.00852272727273
-sas	0.00363636363636	0.984727272727	0.0116363636364	0.0
-tog	0.733364140326	0.0562767440689	0.0112269365139	0.199132179092
-dda	0.0357142857143	0.964285714286	0.0	0.0
-toa	0.621282922685	0.321367884452	0.0382327952421	0.0191163976211
-ton	0.324062851224	0.168146858541	0.0354805297838	0.472309760451
-ibu	0.0820555843372	0.00735067888142	0.0128218728033	0.897771863978
-tom	0.0749759177994	0.0474686931392	0.124745798994	0.752809590067
-tok	0.529622980251	0.120287253142	0.0628366247756	0.287253141831
-mpa	0.0938863693188	0.200281810946	0.0580796433094	0.647752176426
-sag	0.70625	0.25	0.025	0.01875
-top	0.029702970297	0.970297029703	0.0	0.0
-sak	0.00172473266643	0.995170748534	0.00310451879959	0.0
-ibe	0.268142644916	0.3159810193	0.0778653744407	0.338010961343
-sai	0.527497194164	0.421997755331	0.050505050505	0.0
-400	0.228187919463	0.194630872483	0.0268456375839	0.55033557047
-iba	0.224131838752	0.401123064544	0.19348171295	0.181263383753
-sam	0.00589622641509	0.994103773585	0.0	0.0
-rot	0.33704051898	0.232998763405	0.0210650324362	0.408895685179
-dom	0.0207021964113	0.960895851223	0.00920097618281	0.00920097618283
-iem	0.331503841932	0.38199780461	0.187705817783	0.0987925356751
-ais	0.0714285714285	0.869963369963	0.054945054945	0.003663003663
-ros	0.0404465296878	0.903737259343	0.023054521922	0.0327616890471
-ieg	0.589418924225	0.29868472713	0.0353356890459	0.0765606595995
-rod	0.0350764486702	0.916099190544	0.0408582808686	0.00796607991777
-roe	0.0437956204379	0.883211678832	0.029197080292	0.0437956204379
-rog	0.336111111111	0.386111111111	0.261111111111	0.0166666666666
-rob	0.496234309623	0.338075313808	0.0803347280335	0.0853556485356
-rom	0.0297630130654	0.0566310159122	0.0827986237993	0.830807347223
-ies	0.00495458298926	0.990090834021	0.00495458298926	0.0
-roi	0.0972818311874	0.876967095851	0.00858369098712	0.0171673819743
-ipi	0.0779902883757	0.376870478644	0.410762065207	0.134377167773
-mpo	0.0972222222222	0.37962962963	0.0277777777778	0.49537037037
-ipa	0.126694821071	0.235607912869	0.317626139142	0.320071126917
-ipe	0.489615525325	0.199920272819	0.0670620840348	0.243402117822
-imi	0.108183079057	0.28987517337	0.493758668516	0.108183079057
-ewa	0.415840323034	0.235050171235	0.0650242253556	0.284085280375
-ewo	0.191466083151	0.724288840263	0.0842450765864	0.0
-ipt	0.00593325092707	0.946353522868	0.0477132262052	0.0
-ipu	0.514170040486	0.121457489879	0.364372469636	0.0
-awo	0.24966442953	0.272483221477	0.261744966443	0.21610738255
-awa	0.16384986984	0.350002356342	0.0581451883992	0.428002585419
-dvi	0.585106382979	0.223404255319	0.063829787234	0.127659574468
-nun	0.629548686655	0.272045547252	0.0119037080762	0.0865020580159
-dne	0.598578358106	0.173485879133	0.0702404660836	0.157695296677
-nge	0.107508532423	0.784982935154	0.107508532423	0.0
-mpe	0.443497625502	0.199145107072	0.0578941862527	0.299463081174
-ppa	0.0241627160116	0.9584034256	0.0100932864352	0.0073405719529
-miu	0.0	0.898148148148	0.0	0.101851851852
-276	0.0	0.212121212121	0.0	0.787878787879
-pke	0.725490196078	0.186274509804	0.0	0.0882352941176
-dni	0.099020785928	0.134354306752	0.0420831948457	0.724541712474
-sto	0.103896103896	0.87012987013	0.025974025974	0.0
-toi	0.178418148375	0.352544451257	0.321888412017	0.147148988351
-sta	0.0752508361204	0.874581939799	0.0451505016722	0.00501672240802
-ain	0.0245467672068	0.933418899406	0.0247072035938	0.017327129793
-eyu	0.168328158196	0.562673639484	0.212126164406	0.0568720379147
-eyo	0.322580645161	0.634408602151	0.010752688172	0.0322580645161
-isa	0.0632570659489	0.907133243607	0.0161507402423	0.0134589502019
-200	0.0398441650434	0.274482025854	0.127501328139	0.558172480963
-iok	0.0063559322034	0.989406779661	0.0	0.0042372881356
-mug	0.691236306729	0.168075117371	0.045696400626	0.0949921752739
-oit	0.245192307692	0.370192307692	0.269230769231	0.115384615385
-ois	0.0	1.0	0.0	0.0
-ion	0.0389095739988	0.92363665239	0.0316305720602	0.00582320155084
-mum	0.50271486193	0.347579894508	0.0110145826869	0.138690660875
-mun	0.515037025843	0.371316306483	0.0317364364515	0.0819102312226
-mui	0.399280391522	0.382279214911	0.0107429701755	0.207697423392
-muk	0.401266551526	0.565918249856	0.0293609671848	0.00345423143352
-oig	0.522935779817	0.0522299936416	0.0245253883187	0.400308838223
-mut	0.159977575482	0.648057876612	0.0488480738942	0.143116474012
-tiu	0.0191570881226	0.980842911877	0.0	0.0
-mus	0.0	0.999024231582	0.000975768417628	0.0
-oin	0.458128078818	0.277832512315	0.0453201970443	0.218719211823
-oim	0.163120567376	0.751773049645	0.0283687943262	0.0567375886525
-obe	0.110055423595	0.152810768013	0.335708630245	0.401425178147
-oik	0.512953367876	0.168393782383	0.0751295336787	0.243523316062
-iot	0.00119331742243	0.991646778043	0.0	0.00715990453462
-eem	0.0	1.0	0.0	0.0
-wit	0.157469244288	0.329630931459	0.0421792618629	0.47072056239
-giu	0.51	0.18	0.06	0.25
-git	0.193950941978	0.268906660941	0.234018571199	0.303123825882
-gio	0.0	1.0	0.0	0.0
-gin	0.354665363947	0.38299951148	0.0483634587201	0.213971665852
-gim	0.898305084746	0.0677966101695	0.0	0.0338983050847
-oki	0.338078291815	0.565836298932	0.0960854092527	0.0
-nda	0.346547680158	0.213633958539	0.122309970385	0.317508390918
-nde	0.242549347561	0.030416587273	0.0170431689708	0.709990896195
-gia	0.0136054421769	0.959183673469	0.0272108843537	0.0
-120	0.0606060606061	0.0909090909091	0.0	0.848484848485
-uva	0.0246252676659	0.906852248394	0.0620985010707	0.00642398286938
-wat	0.326982800067	0.199499269703	0.286608663879	0.186909266351
-yot	0.264090644974	0.191458454387	0.458163858222	0.0862870424172
-yoi	0.160011339597	0.734503665311	0.0322055248442	0.0732794702483
-yob	0.738461538462	0.146153846154	0.0384615384615	0.076923076923
-yog	0.841379310345	0.096551724138	0.0	0.0620689655172
-gwa	0.180864575187	0.634522502783	0.0643648609225	0.120248061107
-peg	0.557956777996	0.135559921415	0.0471512770137	0.259332023576
-gwe	0.0663924329331	0.818420828237	0.0155007505935	0.0996859882363
-iyu	0.0144663171046	0.944865583804	0.0127836031358	0.027884495956
-pen	0.0593534711181	0.860095389507	0.0365659777424	0.0439851616323
-ien	0.734693877551	0.163265306122	0.0	0.102040816327
-ogu	0.0213093872328	0.939915884626	0.0257383971282	0.013036331013
-pek	0.0418410041841	0.958158995816	0.0	0.0
-pet	0.289047054172	0.699881376038	0.00632661130882	0.00474495848161
-iyo	0.219330855019	0.600991325898	0.101610904585	0.0780669144981
-pes	0.190476190476	0.746031746032	0.0634920634921	0.0
-oga	0.201086956522	0.461956521739	0.298913043478	0.0380434782609
-iya	0.514948682949	0.231944747961	0.0427966528485	0.210309916241
-pna	0.532122459767	0.252494639851	0.10328603703	0.112096863352
-itu	0.50469924812	0.19454887218	0.149436090226	0.151315789474
-bba	0.0909090909091	0.831168831169	0.0	0.0779220779221
-esu	0.00372622674326	0.713894189472	0.00313585060306	0.279243733182
-est	0.0504625735912	0.678721614802	0.124474348192	0.146341463415
-ito	0.692624624179	0.283100107643	0.0213800527078	0.00289521547084
-esi	0.0628229649903	0.360357599518	0.055742832687	0.521076602805
-tes	0.0862619808307	0.904153354633	0.00958466453673	0.0
-eso	0.0793650793651	0.746031746032	0.174603174603	0.0
-iti	0.0	1.0	0.0	0.0
-esa	0.0	1.0	0.0	0.0
-ita	0.315512349277	0.597038293117	0.0218948565152	0.0655545010911
-spa	0.0571428571428	0.876190476191	0.0666666666666	0.0
-bru	0.00648228176318	0.954624027658	0.0388936905791	0.0
-ute	0.01953125	0.51171875	0.46875	0.0
-666	0.0512820512821	0.0	0.0	0.948717948718
-—da	0.125654450262	0.403141361257	0.0	0.471204188482
-uda	0.018691588785	0.96261682243	0.014953271028	0.00373831775701
-udo	0.027027027027	0.567567567568	0.405405405405	0.0
-tpe	0.561167564528	0.248052148044	0.0903626034607	0.100417683968
-abu	0.298429319372	0.324607329843	0.0628272251309	0.314136125654
-usu	0.0238726790451	0.424403183024	0.291777188329	0.259946949602
-rim	0.276729559748	0.59748427673	0.062893081761	0.062893081761
-aba	0.353650368386	0.22393391382	0.296494753293	0.125920964501
-won	0.361742943272	0.337427439647	0.102394180224	0.198435436857
-aiw	0.488668555241	0.128895184136	0.339943342776	0.042492917847
-ron	0.0182741116752	0.964128595601	0.0118443316413	0.00575296108292
-nji	0.0903614457831	0.903614457831	0.00602409638554	0.0
-tua	0.616685205784	0.295216907675	0.0440489432703	0.0440489432703
-aeb	0.146666666667	0.773333333333	0.0	0.08
-aeg	0.485065710872	0.350059737157	0.0143369175627	0.150537634409
-kob	0.000826674014881	0.999173325985	0.0	0.0
-kom	0.132499079868	0.562753036437	0.211998527788	0.0927493559073
-tui	0.166240193578	0.763855457239	0.0547757960011	0.0151285531813
-ema	0.722379603399	0.218130311615	0.0169971671388	0.042492917847
-tuk	0.0	0.953488372093	0.046511627907	0.0
-tum	0.353401094605	0.492572322127	0.12118842846	0.0328381548085
-tun	0.0303053896878	0.915562156993	0.0514972020419	0.0026352512772
-oru	0.0328400065474	0.883381835512	0.0284494609233	0.0553286970176
-tup	0.846913580247	0.137037037037	0.00123456790124	0.0148148148148
-kot	0.147239263804	0.687116564417	0.165644171779	0.0
-son	0.0195918367347	0.960816326531	0.014693877551	0.00489795918369
-tut	0.149764456523	0.653650314833	0.130540033532	0.0660451951124
-oro	0.0702806249378	0.860185093044	0.0292068862574	0.0403273957608
-kta	0.44741697417	0.25184501845	0.030442804428	0.270295202952
-ora	0.205495818399	0.698526483473	0.0374352847471	0.0585424133811
-ore	0.381184543882	0.537317272175	0.0257905645387	0.0557076194036
-tna	0.61055147375	0.107640320044	0.0316202670166	0.250187939189
-rus	0.120603015075	0.819095477387	0.0603015075377	0.0
-rup	0.124715561318	0.838537889366	0.0367465493168	0.0
-utu	0.454944706392	0.341685829831	0.0571723098882	0.146197153889
-rut	0.326297775242	0.439247005134	0.227609811751	0.00684540787221
-jer	0.03	0.91	0.0	0.06
-ruk	0.0125	0.8875	0.0	0.1
-omi	0.415340086831	0.371924746744	0.157742402315	0.05499276411
-run	0.00969529085873	0.975761772853	0.0145429362881	0.0
-rum	0.295857937704	0.286894982231	0.0153321727096	0.401914907355
-oma	0.177495164416	0.171673502455	0.262595189348	0.388236143782
-rug	0.339506172839	0.524691358025	0.0555555555556	0.0802469135802
-ome	0.529956272361	0.171446419445	0.0433869044239	0.255210403771
-rue	0.0	1.0	0.0	0.0
-eas	0.0	1.0	0.0	0.0
-odu	0.118868625405	0.821697061893	0.0297171563511	0.0297171563512
-144	0.0254629629629	0.24537037037	0.0138888888889	0.715277777778
-abi	0.451436388509	0.138166894665	0.410396716826	0.0
-oda	0.0	1.0	0.0	0.0
-eab	0.0	1.0	0.0	0.0
-eag	0.518518518519	0.444444444444	0.0	0.0370370370371
-nne	0.453509951072	0.0933701862952	0.0239368174748	0.429183045158
-eak	0.597222222222	0.222222222222	0.0833333333333	0.0972222222222
-uri	0.155080213904	0.791443850267	0.0534759358289	0.0
-met	0.143835616438	0.828767123288	0.0205479452055	0.00684931506849
-ura	0.154426298497	0.689353966874	0.0407529742512	0.115466760378
-ure	0.392670157068	0.560209424084	0.0471204188482	0.0
-ono	0.323429079234	0.303276573787	0.165548675611	0.207745671368
-uru	0.0425067398819	0.899621243446	0.0395130745439	0.018358942128
-pai	0.625821297726	0.109150445536	0.0396734222802	0.225354834458
-wau	0.125569290826	0.735198438517	0.0265452179571	0.1126870527
-apa	0.0789197993983	0.0230785459693	0.00859973445707	0.889401920175
-pam	0.292842364215	0.316971677858	0.266315191465	0.123870766461
-pan	0.0348857135424	0.633024864336	0.0169578918504	0.315131530271
-wap	0.222381619925	0.723843479539	0.0336093128351	0.020165587701
-api	0.119205298013	0.529801324503	0.225165562914	0.12582781457
-apn	0.387559808612	0.454545454545	0.114832535885	0.0430622009569
-pag	0.31914893617	0.0851063829787	0.595744680851	0.0
-wag	0.394700583844	0.0626670004366	0.022539789611	0.520092626109
-sou	0.102088167053	0.737819025522	0.0696055684455	0.0904872389791
-wad	0.525332710717	0.339354318341	0.0757752637276	0.0595377072146
-dud	0.0126790326368	0.966424043203	0.00352195351022	0.0173749706504
-wab	0.532456861134	0.434675431389	0.0230073952342	0.00986031224324
-apu	0.0648637605659	0.770091166782	0.148726984857	0.0163180877959
-wao	0.595744680851	0.276595744681	0.0851063829787	0.0425531914894
-wan	0.160736803028	0.628917666517	0.0277459801267	0.182599550329
-wam	0.0755104433081	0.0606303395038	0.0147071738093	0.849152043379
-pas	0.0174426229508	0.949901639344	0.024	0.0086557377049
-wak	0.440928374193	0.316364043272	0.0910009445668	0.151706637968
-pau	0.390804597701	0.183908045977	0.206896551724	0.218390804598
-wai	0.43086833024	0.413855859919	0.0752547929324	0.0800210169089
-bug	0.220430107527	0.274961597542	0.433179723502	0.0714285714286
-keg	0.627133151447	0.106831434227	0.0253570855401	0.240678328786
-num	0.483008966372	0.294361005135	0.0927222678322	0.129907760661
-keb	0.519772612059	0.242387186403	0.137342161579	0.100498039959
-ini	0.38313253012	0.556626506024	0.0168674698795	0.0433734939759
-kem	0.00686431536626	0.986598241428	0.00457621024418	0.00196123296178
-sut	0.442857142857	0.278571428571	0.107142857143	0.171428571429
-kek	0.436118396403	0.273136005995	0.0	0.290745597602
-sop	0.101156069364	0.838150289017	0.043352601156	0.0173410404624
-ket	0.681631535724	0.318368464276	0.0	0.0
-sos	0.0136175731539	0.925103347653	0.0408527194617	0.0204263597309
-kep	0.616382614849	0.266998879519	0.0271274399953	0.0894910656366
-nut	0.248913358447	0.209794262533	0.208635178209	0.332657200811
-aen	0.450330538178	0.400594525046	0.0869603797861	0.0621145569901
-600	0.0891719745223	0.222929936306	0.0764331210191	0.611464968153
-nup	0.284548206102	0.223334700514	0.0420935054577	0.450023587926
-did	0.646297825489	0.19240297275	0.0313790255986	0.129920176163
-dig	0.208431932256	0.0130521981812	0.0143255833696	0.764190286193
-dia	0.029234692402	0.955301626834	0.00629434750582	0.00916933325848
-med	0.0614754098361	0.47131147541	0.467213114754	0.0
-eip	0.0206786498241	0.971733995955	0.0	0.00758735422117
-diu	0.526315789474	0.350877192982	0.0	0.122807017544
-ori	0.220170573549	0.704428545098	0.0211122467787	0.0542886345738
-dis	0.0	1.0	0.0	0.0
-mit	0.24116589427	0.198765153718	0.174893041306	0.385175910707
-aet	0.127118644068	0.872881355932	0.0	0.0
-ska	0.0344827586207	0.810344827586	0.0172413793103	0.137931034483
-ovo	0.561386138614	0.242574257426	0.169306930693	0.0267326732673
-uku	0.0	0.571428571429	0.428571428571	0.0
-ktu	0.466982852973	0.445457862094	0.0	0.0875592849325
-ven	0.354393620454	0.301564924788	0.054718590108	0.28932286465
-ove	0.597402597403	0.363636363636	0.025974025974	0.012987012987
-vek	0.226720647773	0.447368421053	0.297570850202	0.0283400809717
-vet	0.418224299065	0.392523364486	0.189252336449	0.0
-one	0.717384539393	0.0830529622044	0.0726627110964	0.126899787306
-uke	0.670562454346	0.225712198685	0.0350620891161	0.0686632578525
-nna	0.397252364782	0.33533426179	0.0597815350677	0.20763183836
-tpa	0.66618705036	0.189928057554	0.138129496403	0.00575539568344
-ait	0.506161159125	0.0771121231284	0.0247557514228	0.391970966324
-bne	0.7171561051	0.0832689335394	0.13156877898	0.0680061823803
-vai	0.0327631895929	0.942664418212	0.0158997831848	0.00867260900987
-aip	0.148112294288	0.787996127783	0.00580832526623	0.0580832526621
-bna	0.372512602812	0.0894136375696	0.496683470417	0.0413902892014
-tis	0.1125	0.88125	0.00625000000001	0.0
-kke	0.349253731343	0.480597014926	0.0985074626866	0.0716417910447
-dna	0.684651174093	0.13874378597	0.0237580300252	0.152847009911
-nga	0.189156865319	0.268025684678	0.451376690465	0.0914407595381
-aig	0.376938462533	0.166748363566	0.0234609328578	0.432852241043
-aia	0.0	1.0	0.0	0.0
-tia	0.0	0.948955916473	0.0417633410673	0.0092807424594
-aib	0.268657895012	0.080556724344	0.024386495765	0.626398884879
-aim	0.0	1.0	0.0	0.0
-ngi	0.167464114832	0.199893673578	0.162147793727	0.470494417863
-tio	0.0412844036697	0.942660550459	0.00229357798166	0.0137614678899
-aik	0.0661764705882	0.911764705882	0.0220588235294	0.0
-ngo	0.33034738912	0.660476294516	0.00917631636443	0.0
-eme	0.411050148187	0.251747115386	0.06177327355	0.275429462877
-—ud	0.688172043011	0.118279569892	0.0	0.193548387097
-uwa	0.248777349175	0.395370067885	0.201999979522	0.153852603418
-uwo	0.299622173448	0.382326162399	0.0226300070815	0.295421657071
-260	0.0	0.12	0.0342857142857	0.845714285714
-emu	0.0290079376712	0.116745487577	0.485697007674	0.368549567078
-das	0.034420015163	0.917361637604	0.0054586808188	0.0427596664139
-ins	0.0	0.586206896552	0.413793103448	0.0
-ana	0.602622105241	0.145955839882	0.0381152426971	0.21330681218
-ane	0.66888193304	0.0424621132051	0.0346263760386	0.254029577717
-etu	0.356722161143	0.344098476519	0.0444479346631	0.254731427674
-000	0.0612151547594	0.129262050637	0.0104435303395	0.799079264264
-eta	0.0745745256971	0.881896479017	0.0158276662612	0.0277013290246
-omu	0.036348729161	0.654003826182	0.292702924296	0.0169445203608
-ete	0.326994977201	0.366230164682	0.0600736185988	0.246701239518
-eto	0.355734112491	0.598977355734	0.045288531775	0.0
-att	0.130434782609	0.532608695652	0.0760869565217	0.260869565217
-bui	0.0495637421231	0.926320891905	0.000363548230732	0.0237518177412
-bun	0.255319148936	0.617021276596	0.0851063829788	0.0425531914893
-uyo	0.258219117637	0.678308860966	0.0256603466183	0.0378116747789
-bum	0.394637803775	0.597485194154	0.00262566735712	0.00525133471423
-uya	0.670189335203	0.117377290969	0.0242553835923	0.188177990235
-iab	0.161290322581	0.774193548387	0.0645161290323	0.0
-a10	0.147239263804	0.552147239264	0.0184049079754	0.282208588957
-wek	0.552631578947	0.308049535604	0.0325077399381	0.106811145511
-tem	0.436039360394	0.141451414514	0.0424354243543	0.380073800738
-ate	0.264796819788	0.335909893993	0.0437279151944	0.355565371025
-wen	0.151785714286	0.758928571429	0.0714285714286	0.0178571428571
-wem	0.630785791173	0.107911733046	0.0113024757804	0.25
-ata	0.523820890516	0.228585728751	0.0497732341984	0.197820146534
-web	0.438669438669	0.361746361746	0.199584199584	0.0
-weg	0.527470322689	0.057649222538	0.00327704397259	0.411603410801
-tug	0.776575361776	0.109348395425	0.0321341529011	0.0819420898977
-ose	0.106382978723	0.893617021277	0.0	0.0
-nis	0.15625	0.84375	0.0	0.0
-kai	0.5	0.273333333333	0.0933333333333	0.133333333333
-ian	0.199757869249	0.68401937046	0.101694915254	0.0145278450363
-osa	0.42578125	0.537109375	0.009765625	0.02734375
-kam	0.435833197444	0.287694383089	0.0966541648755	0.179818254592
-osi	0.171015431724	0.787972553945	0.0145509293121	0.0264610850185
-kae	0.373967176005	0.514883984154	0.05727221279	0.0538766270515
-edo	0.329479768786	0.601156069364	0.0693641618497	0.0
-nib	0.570504527814	0.139715394567	0.0349288486417	0.254851228978
-ost	0.046783625731	0.900584795322	0.0116959064327	0.0409356725146
-nia	0.0149688149688	0.924324324324	0.0482328482329	0.012474012474
-nig	0.422351571595	0.049266589057	0.00800931315483	0.520372526193
-kas	0.0500776397516	0.940023291925	0.00465838509317	0.00524068322981
-ave	0.0857052548171	0.0936029384931	0.0194935466649	0.801198260025
-nin	0.161967432823	0.0669186974308	0.0212760949963	0.74983777475
-kau	0.0506281642603	0.945996624789	0.00337521095069	0.0
-300	0.0677966101695	0.220338983051	0.237288135593	0.474576271187
-tta	0.436172774113	0.333606202148	0.0714595271344	0.158761496605
-aji	0.0727272727273	0.890909090909	0.0363636363636	0.0
-rud	0.0185185185185	0.703703703704	0.277777777778	0.0
-ttu	0.445366528354	0.432918395574	0.0590133702167	0.0627017058552
-kub	0.416368692888	0.44298768375	0.088200238379	0.0524433849821
