-foj	0.113348225157	0.535989910439	0.268270794688	0.082391069716
-can	0.0857142857144	0.857142857143	0.0571428571428	0.0
-eus	0.0316149818768	0.959323399114	0.00302053966976	0.00604107933951
-hes	0.0955690703736	0.851504945075	0.0398938385918	0.01303214596
-hel	0.173913043478	0.826086956522	0.0	0.0
-hem	0.0180426462548	0.968835429196	0.00656096227446	0.00656096227447
-hen	0.521739130435	0.329192546584	0.0	0.149068322981
-ank	0.283519782359	0.358756068388	0.0902929243181	0.267431224935
-rbe	0.0464944649447	0.953505535055	0.0	0.0
-aan	0.186440677966	0.78963110668	0.011964107677	0.011964107677
-khi	0.0	1.0	0.0	0.0
-kho	0.047131147541	0.951331967213	0.0015368852459	0.0
-eua	0.17133066819	0.580239862936	0.0171330668189	0.231296402056
-lem	0.0230728651838	0.956722372741	0.00655566424756	0.0136490978279
-aus	0.237160148465	0.704093759714	0.0195820306072	0.0391640612144
-urs	0.068661971831	0.893309859155	0.00422535211267	0.0338028169014
-fca	0.0967493485568	0.69287291389	0.0335957671116	0.176781970441
-oya	0.297784647089	0.629057187017	0.064914992272	0.00824317362186
-zim	0.013224997839	0.636312559426	0.343849943815	0.00661249891953
-bta	0.674028733504	0.0454199886937	0.0204682352483	0.260083042554
-aud	0.00755569403335	0.981798826401	0.00116840629381	0.00947707327206
-jra	0.0	0.881706801859	0.0	0.118293198141
-aum	0.0345532231098	0.954857885937	0.00445848040127	0.00613041055174
-aul	0.115384615385	0.807692307692	0.0769230769231	0.0
-zia	0.0	1.0	0.0	0.0
-pus	0.0269990655453	0.9644907222	0.00650780937124	0.00200240288346
-nta	0.0358744394618	0.695067264574	0.251121076233	0.0179372197309
-uah	0.150013898755	0.180066096303	0.1670939247	0.502826080242
-nah	0.283727743379	0.446850069922	0.064617516322	0.204804670377
-uan	0.0773237831679	0.844448061931	0.00144699477273	0.076781160128
-nai	0.142196531792	0.812716763006	0.0138728323699	0.0312138728324
-was	0.154316876471	0.642034782337	0.141298138768	0.0623502024243
-muj	0.299826847717	0.491527689177	0.0718733861903	0.136772076916
-yec	0.132162562008	0.801756156988	0.0446790694258	0.0214022115781
-fia	0.0	1.0	0.0	0.0
-nma	0.360715818646	0.466035790932	0.0987545837065	0.0744938067154
-euo	0.265060240964	0.449799196787	0.120481927711	0.164658634538
-fda	0.419847328244	0.502290076336	0.0503816793893	0.0274809160305
-sma	0.418032786885	0.368852459016	0.204918032787	0.00819672131148
-ope	0.0176991150442	0.964247787611	0.00955752212389	0.00849557522124
-cra	0.155203831384	0.697920347697	0.0969077581324	0.0499680627871
-dea	0.00768840211793	0.981576847755	0.00812359469065	0.00261115543628
-msa	0.393769055661	0.112941002441	0.336961613372	0.156328328526
-jga	0.309305025924	0.155811475529	0.0584267709724	0.476456727575
-def	0.581564123641	0.152152415568	0.210622639252	0.0556608215392
-deg	0.0138536585366	0.911317073171	0.0323902439025	0.0424390243902
-oku	0.445319335083	0.365704286964	0.152230971129	0.0367454068241
-dej	0.342202970297	0.389232673267	0.125618811881	0.142945544554
-jgo	0.202580645161	0.716129032258	0.0658064516129	0.0154838709678
-dem	0.424375659515	0.326650252081	0.188826357135	0.0601477312698
-oks	0.444441004653	0.334459177071	0.149472009213	0.0716278090627
-400	0.0	0.411764705882	0.117647058824	0.470588235294
-ima	0.38914620607	0.418019265047	0.116488446579	0.0763460823039
-ios	0.0602272727273	0.932954545455	0.00681818181818	0.0
-der	0.0826811840762	0.559033684927	0.208234093229	0.150051037768
-des	0.0671740298679	0.843274510043	0.0612209760365	0.028330484053
-okh	0.0824742268041	0.90206185567	0.0	0.0154639175258
-oka	0.289507677195	0.364131712202	0.124550632723	0.221809977881
-ido	0.114893617021	0.323404255319	0.102127659574	0.459574468085
-eci	0.128372023957	0.547319704994	0.0	0.324308271049
-bir	0.130223845273	0.706682495716	0.0750256736731	0.0880679853381
-bis	0.491935483871	0.184139784946	0.0994623655914	0.224462365591
-kir	0.225181128314	0.535471937097	0.204392347677	0.0349545869115
-ias	0.0669326347665	0.82542238458	0.0435963373309	0.0640486433223
-sus	0.0155097655078	0.642847109371	0.00533187184168	0.33631125328
-ida	0.165239953069	0.15995265631	0.0216126377775	0.653194752843
-big	0.528277299974	0.309616888194	0.0573364607766	0.104769351056
-bia	0.109918869406	0.858675739335	0.0157026956294	0.0157026956294
-bin	0.893926416567	0.0453758160604	0.00959287386513	0.0511048935077
-bij	0.743925233645	0.143925233645	0.0448598130841	0.0672897196262
-bik	0.857033236779	0.0823065272327	0.0113896131549	0.0492706228331
-bih	0.0659011326103	0.736395469559	0.0395406795662	0.158162718265
-eja	0.724403809083	0.100313577357	0.0158716598023	0.159410953759
-ter	0.189116815308	0.186446179246	0.29313521089	0.331301794556
-uta	0.0651428571429	0.506285714286	0.0308571428572	0.397714285714
-tet	0.516328331862	0.308914386584	0.0105913503972	0.164165931156
-teu	0.171232596412	0.0807534468742	0.165754837039	0.582259119675
-ejg	0.244931403393	0.170045203084	0.205437865479	0.379585528043
-rin	0.111926157692	0.102632469981	0.0628444301744	0.722596942153
-rim	0.172929267999	0.207580252881	0.113651802451	0.505838676669
-rik	0.241351568785	0.227943148297	0.530705282918	0.0
-rih	0.306608205449	0.476354525525	0.17569683683	0.0413404321954
-ejo	0.341507720254	0.52770208901	0.0490463215259	0.0817438692098
-tea	0.0688073394495	0.894495412844	0.0183486238532	0.0183486238532
-rir	0.290258651288	0.355055649823	0.172082660592	0.182603038297
-ris	0.0688122380972	0.290041063126	0.228397468266	0.412749230511
-tef	0.231066460587	0.678516228748	0.0625965996908	0.0278207109737
-dui	0.303111265171	0.1680122049	0.0350288710202	0.493847658909
-mja	0.0169779286927	0.660441426146	0.322580645161	0.0
-tej	0.244277641684	0.530193496673	0.0790023804973	0.146526481146
-tek	0.529401824941	0.157147685029	0.096654275093	0.216796214937
-aku	0.0	0.944700460829	0.0	0.0552995391705
-ten	0.230952533265	0.571833818449	0.0865092438587	0.110704404427
-met	0.477204941914	0.256975487444	0.0952769903322	0.17054258031
-jil	0.448421052632	0.501052631579	0.0505263157895	0.0
-arg	0.283713082562	0.629939457528	0.0740121084943	0.0123353514157
-jij	0.431818181818	0.431818181818	0.113636363636	0.0227272727273
-ara	0.132084788917	0.76348896588	0.0692295011989	0.0351967440042
-mes	0.282140860997	0.420706354481	0.157594637476	0.139558147045
-mer	0.252128344931	0.521974008152	0.133061984175	0.0928356627416
-jig	0.0752703162958	0.0678164056949	0.0154398524424	0.841473425567
-lus	0.0577878321068	0.86178514945	0.00535096570954	0.0750760527339
-ari	0.0527672400025	0.842658144378	0.0362423918492	0.0683322237701
-jia	0.0	0.981308411215	0.018691588785	0.0
-med	0.324755597053	0.44887535377	0.0151979220296	0.211171127148
-meg	0.290921835334	0.503820482642	0.0883366894916	0.116920992533
-mef	0.247301275761	0.334641805692	0.0	0.418056918548
-mea	0.0	0.964285714286	0.0	0.0357142857143
-mec	0.483870967742	0.362170087977	0.123167155425	0.0307917888563
-ifi	0.355478657874	0.328012899486	0.224563374157	0.0919450684833
-mem	0.177146963708	0.775467121811	0.00763564498742	0.0397502694933
-men	0.584499608577	0.222891362089	0.0469528774452	0.145656151888
-mei	0.0	1.0	0.0	0.0
-meh	0.482688391039	0.376782077393	0.0549898167006	0.0855397148676
-mek	0.604711819239	0.216353953118	0.0332784675546	0.145655760088
-mej	0.232431508329	0.215020761257	0.0149059399477	0.537641790466
-wuk	0.297520661157	0.54132231405	0.111570247934	0.0495867768595
-aya	0.0253931151721	0.964725881853	0.000637484062897	0.00924351891203
-rah	0.206797023767	0.517839988398	0.233166004122	0.0421969837126
-ayo	0.0592441266599	0.620701395982	0.181818181818	0.13823629554
-kia	0.0036665959078	0.968833934784	0.0106664608227	0.0168330084858
-mot	0.259336697292	0.579621141027	0.072080757832	0.0889614038491
-era	0.472567628361	0.0440710818601	0.00404746506172	0.479313824718
-gom	0.0854077576002	0.865870584843	0.0365434799937	0.0121781775627
-mor	0.395944452453	0.481764451492	0.0451684205468	0.0771226755082
-tun	0.0152671755725	0.89427480916	0.0732824427481	0.0171755725191
-fga	0.435897435897	0.564102564103	0.0	0.0
-sra	0.630372111807	0.169616178607	0.0334937842239	0.166517925362
-ubj	0.187461585741	0.784880147511	0.0184388444991	0.00921942224954
-ota	0.160797041744	0.618216321138	0.0131599139677	0.20782672315
-ija	0.439966443788	0.233599960441	0.0418905873471	0.284543008424
-oti	0.0710175565529	0.895689431023	0.00819607266807	0.0250969397561
-hwa	0.240853308866	0.647895400849	0.10781052873	0.00344076155523
-iga	0.574524204216	0.211599183995	0.0464292905143	0.167447321275
-oto	0.575892857143	0.34375	0.0133928571428	0.0669642857142
-nem	0.700616896651	0.113960730353	0.0906918848594	0.0947304881374
-uma	0.33981961417	0.456473980502	0.0592132363037	0.144493169024
ALL	0.202237056839	0.238984550437	0.0449732824979	0.513805110226
-rsk	0.0418094585332	0.684715558602	0.0143934201508	0.259081562714
-nan	0.0	1.0	0.0	0.0
-kif	0.601192315744	0.254708335858	0.0726562613831	0.0714430870149
-ome	0.0	1.0	0.0	0.0
-nam	0.046357615894	0.467790487658	0.473208910295	0.0126429861529
-sis	0.381708417468	0.169982732308	0.0836876348507	0.364621215373
-sir	0.226911906314	0.563955139791	0.0370703204241	0.17206263347
-ake	0.463889573577	0.449839783091	0.0714813901898	0.0147892531427
-naa	0.1875	0.75	0.0625	0.0
-kin	0.606247661803	0.232697343808	0.133557800224	0.0274971941639
-kim	0.145483870968	0.698709677419	0.0751612903226	0.0806451612904
-zur	0.0	1.0	0.0	0.0
-sij	0.675133681629	0.211965540794	0.0309791842233	0.081921593354
-sio	0.465517241379	0.48275862069	0.0172413793103	0.0344827586207
-sin	0.0469914040115	0.953008595989	0.0	0.0
-sim	0.56157659409	0.306959564541	0.0852935458787	0.0461702954899
-nas	0.025	0.934375	0.015625	0.025
-sia	0.044318070399	0.906559466614	0.0282380625552	0.0208844004314
-aun	0.319711538461	0.560096153846	0.0661057692308	0.0540865384615
-sig	0.702292124455	0.152012764868	0.0484657726374	0.0972293380405
-sif	0.137976346912	0.526938239159	0.126149802891	0.208935611038
-ker	0.415511894292	0.370029544513	0.0461205085179	0.168338052677
-mow	0.575692963753	0.424307036247	0.0	0.0
-goh	0.0368098159509	0.229720518064	0.011588275392	0.721881390593
-mou	0.0836765497565	0.513890220831	0.0592200747767	0.343213154636
-goj	0.496908127208	0.453401060071	0.0	0.0496908127208
-mos	0.130447985635	0.596870837784	0.0255082463952	0.247172930186
-wun	0.078060664905	0.121057027224	0.0286549571775	0.772227350693
-gon	0.0	1.0	0.0	0.0
-gog	0.107346994897	0.24329728514	0.116580964139	0.532774755824
-mog	0.273335782614	0.646083541424	0.0567001903759	0.0238804855862
-mof	0.169930559403	0.346608792472	0.39238882932	0.0910718188052
-mod	0.11434955426	0.823608696643	0.0141282842038	0.0479134648926
-moc	0.16901130501	0.805615855206	0.0093033745877	0.0160694651969
-mon	0.0506621441201	0.912748529571	0.0145779958864	0.0220113304226
-mom	0.505316058564	0.309057634209	0.0888914710667	0.0967348361609
-gor	0.677966101695	0.169491525424	0.120762711864	0.0317796610169
-gou	0.504855124826	0.337178354456	0.105194241657	0.0527722790606
-gos	0.372779924723	0.328290671528	0.236796295546	0.0621331082025
-wut	0.160583941606	0.56204379562	0.277372262774	0.0
-com	0.16	0.4	0.38	0.06
-cok	0.645833333333	0.0625	0.0416666666667	0.25
-ber	0.225036329666	0.70271953498	0.0647706041105	0.00747353124352
-mok	0.154447560735	0.527215770277	0.20702555141	0.111311117578
-oft	0.487540628386	0.0975081256771	0.382448537378	0.032502708559
-mfa	0.0	1.0	0.0	0.0
-coc	0.506271379703	0.480045610034	0.0136830102623	0.0
-moj	0.185394323929	0.373143479608	0.352442575481	0.0890196209813
-eon	0.0655226209048	0.928237129485	0.0	0.00624024960998
-ben	0.0	1.0	0.0	0.0
-bel	0.0570723118334	0.629414502843	0.0698629859748	0.243650199348
-ofi	0.109966164257	0.858505075361	0.0207628422024	0.010765918179
-yam	0.00978232488351	0.739981391517	0.101684692868	0.148551590731
-cot	0.217965222164	0.242928423521	0.0513434623157	0.487762891999
-moh	0.537872089596	0.28529325081	0.109637488948	0.0671971706454
-ofc	1.0	0.0	0.0	0.0
-bed	0.244565217391	0.755434782609	0.0	0.0
-ofa	0.0191135195853	0.0477036223621	0.00131504483456	0.931867813218
-rej	0.229905441307	0.210993702779	0.0523987659856	0.506702089928
-rek	0.262861434472	0.70173273966	0.00643742288504	0.0289684029826
-isk	0.358642972536	0.113085621971	0.407108239095	0.121163166397
-igu	0.405303030303	0.543560606061	0.0	0.0511363636364
-isi	0.238267072543	0.0368051844005	0.00255659550053	0.722371147556
-rem	0.380918981032	0.395872196272	0.0833022429823	0.139906579713
-rec	0.401049909291	0.513644960821	0.0470915196665	0.0382136102211
-rea	0.0456273764258	0.909925265504	0.0191425199947	0.0253048380753
-ref	0.546452710582	0.389572337935	0.0437162168465	0.0202587346363
-reg	0.0419909063139	0.24375201674	0.062370976343	0.651886100603
-isa	0.342625930258	0.396785360608	0.103648935638	0.156939773496
-eih	0.588484335309	0.329664126446	0.0818515382444	0.0
-feu	0.255571233235	0.519688418235	0.212085066768	0.0126552817619
-rer	0.208001177241	0.614017283111	0.0773579065413	0.100623633107
-res	0.341772780301	0.578921240102	0.0212227269343	0.0580832526621
-ret	0.0594134213109	0.908326308629	0.0119953680224	0.0202649020378
-reu	0.0937499999999	0.855769230769	0.0216346153846	0.0288461538461
-jus	0.173006134969	0.477300613497	0.229447852761	0.120245398773
-hab	0.025	0.975	0.0	0.0
-hac	0.542368404791	0.392372334639	0.0412204302303	0.0240388303399
-had	0.359744990892	0.381198138029	0.119409026513	0.139647844566
-rau	0.232393375906	0.344406577772	0.14582850809	0.277371538232
-hah	0.683673469388	0.132653061224	0.0612244897959	0.122448979592
-nef	0.0631578947368	0.936842105263	0.0	0.0
-mas	0.0802259406023	0.74938987266	0.154131323138	0.0162528635998
-hak	0.026228143214	0.940049958368	0.0324729392174	0.00124895920067
-mau	0.0398998550534	0.812241402029	0.115364343128	0.0324943997892
-ham	0.0456843744913	0.91263359164	0.0315139252608	0.0101681086082
-han	0.0230190212819	0.962404253801	0.00110791290879	0.0134688120081
-mah	0.313855257153	0.28401670231	0.119807353829	0.282320686708
-har	0.0452830188679	0.728301886792	0.0	0.22641509434
-has	0.0	1.0	0.0	0.0
-mam	0.0334732217167	0.918721418215	0.0365241020724	0.0112812579955
-jug	0.390071338414	0.169967068212	0.0626379891018	0.377323604272
-man	0.028	0.748	0.224	0.0
-juj	0.067558751527	0.350613977718	0.575662213582	0.00616505717357
-mac	0.0759230369215	0.902236089444	0.0218408736349	0.0
-jui	0.579685171325	0.212908153975	0.111127962822	0.0962787118789
-jum	0.0879131061107	0.859124720943	0.027211986949	0.0257501859972
-uno	0.586956521739	0.326086956522	0.0869565217391	0.0
-uni	0.132075471698	0.716981132075	0.0377358490566	0.11320754717
-kun	0.0195165287751	0.00732073597543	0.00138958404522	0.971773151204
-ung	0.282491944146	0.659505907626	0.0	0.0580021482277
-una	0.111906211937	0.661997563947	0.0570950060901	0.169001218027
-ofs	0.527970907212	0.300034359744	0.111219494197	0.0607752388464
-bet	0.0643776824034	0.883583690987	0.00429184549356	0.0477467811159
-fod	0.0566713189997	0.629275121544	0.0495874041247	0.264466155332
-666	0.0	0.0	0.0	1.0
-him	0.0	1.0	0.0	0.0
-fef	0.414253674925	0.42101104359	0.067163402322	0.0975718791631
-gad	0.0	1.0	0.0	0.0
-tra	0.0	1.0	0.0	0.0
-ika	0.310044358947	0.63309898816	0.0248688531852	0.0319877997077
-ada	0.651821172758	0.234686102072	0.0573738895014	0.0561188356686
-gan	0.0357142857143	0.964285714286	0.0	0.0
-gak	0.0787992417619	0.258145394886	0.155257711545	0.507797651806
-gai	0.0	1.0	0.0	0.0
-adi	0.405188602825	0.479075828549	0.0506392420667	0.0650963265594
-gau	0.05971968312	0.751980499695	0.103595368678	0.084704448507
-gar	0.115036976171	0.775403998904	0.109559024925	0.0
-ouj	0.341727799695	0.515207457602	0.0754048773662	0.0676598653369
-fka	0.459682390583	0.365632430211	0.0833651334136	0.0913200457921
-oht	0.480115517338	0.233272610919	0.0894984133547	0.197113458388
-sen	0.198139467216	0.418802970479	0.0673746634409	0.315682898864
-sem	0.321333333333	0.585333333333	0.0613333333334	0.032
-sek	0.0	0.837837837838	0.162162162162	0.0
-ino	0.143036386449	0.360100376412	0.391468005019	0.10539523212
-sef	0.429642419049	0.322846519155	0.0622808927461	0.18523016905
-uis	0.289716337017	0.427958048849	0.171464770888	0.110860843246
-sed	0.612798541605	0.316595466652	0.0242339384569	0.0463720532864
-sea	0.258333333333	0.725	0.0	0.0166666666667
-oun	0.569508953349	0.295183010545	0.0813250372448	0.0539829988607
-uik	0.395061728395	0.506172839506	0.0740740740741	0.0246913580247
-uim	0.916230366492	0.0418848167539	0.0418848167539	0.0
-fon	0.0707435144818	0.0203846399282	0.00447580926614	0.904396036324
-uin	0.461588121369	0.383473208522	0.0193673337637	0.135571336346
-set	0.43971238938	0.543694690266	0.0	0.016592920354
-ses	0.193011100251	0.315016779449	0.401405016846	0.0905671034545
-ser	0.136665292811	0.800423187917	0.0343249903383	0.0285865289335
-hsa	0.392847858766	0.284989319258	0.0392983487234	0.282864473253
-fuf	0.313313560718	0.274550996869	0.344579008074	0.0675564343384
-rsa	0.401770608551	0.470273910673	0.0689856869206	0.0589697938562
-eda	0.0548841255757	0.016602922062	0.00101224020142	0.927500712161
-kus	0.0498591549296	0.945070422535	0.00169014084507	0.00338028169014
-kur	0.167560869705	0.506929237176	0.208341985836	0.117167907283
-aal	0.168421052632	0.726315789474	0.0631578947368	0.0421052631579
-fun	0.268764666174	0.554823363014	0.106721527532	0.06969044328
-rsi	0.0548615582743	0.908564069543	0.0247263361236	0.0118480360592
-net	0.283303194696	0.511754068716	0.120554550934	0.084388185654
-edi	0.758064516129	0.0322580645161	0.0	0.209677419355
-ner	0.115493703798	0.780290291436	0.0532095809086	0.0510064238572
-nes	0.0370277139447	0.911868356733	0.0144538006188	0.0366501287038
-fui	0.244990119231	0.327290149172	0.258786886481	0.168932845116
-nen	0.195258671027	0.553120985636	0.1427215929	0.108898750438
-tka	0.188544354419	0.241567151741	0.116385226862	0.453503266979
-fur	0.20725388601	0.739452257587	0.00888230940044	0.0444115470022
-nek	0.393442622951	0.491803278689	0.0983606557377	0.0163934426229
-kua	0.730253353204	0.247764530551	0.0111773472429	0.0108047690015
-aok	0.168171952721	0.180379282051	0.198550090171	0.452898675057
-neg	0.153162529467	0.112964593122	0.0178621015259	0.716010775884
-kum	0.194011505882	0.573057724009	0.11175930552	0.121171464589
-mta	0.332591768632	0.488320355951	0.0767519466073	0.10233592881
-kuk	0.339386675088	0.354105338901	0.0923594932204	0.214148492791
-kuj	0.15313225058	0.164733178654	0.640371229698	0.0417633410673
-kui	0.565047124582	0.257680631566	0.0940355366907	0.0832367071615
-rha	0.252873563218	0.672413793103	0.0747126436782	0.0
-ska	0.414186327854	0.261886944269	0.149326173701	0.174600554176
-eka	0.479165226862	0.392820331588	0.0503699647813	0.0776444767688
-hog	0.398676486577	0.368251105886	0.0920022661331	0.141070141404
-eke	0.0324883212425	0.1492452703	0.0241955043037	0.794070904154
-eki	0.503299368107	0.387926411267	0.0487327162077	0.0600415044186
-ekh	0.0	1.0	0.0	0.0
-uua	0.754716981132	0.169811320755	0.0566037735849	0.0188679245283
-hom	0.264150943396	0.459691252144	0.252144082333	0.0240137221269
-hor	0.0	1.0	0.0	0.0
-joh	0.443473933711	0.401820908031	0.0780973770019	0.0766077812553
-hot	0.352281845478	0.017612070679	0.00110314122298	0.62900294262
-jok	0.286057952436	0.277425853013	0.404967827325	0.0315483672263
-ren	0.101490234476	0.731535260476	0.125694490806	0.0412800142422
-mka	0.397089236359	0.44055741317	0.0263824194515	0.135970931019
-jog	0.743371747839	0.0277690092893	0.0139978421267	0.214861400745
-bar	0.0328638497652	0.962441314554	0.00469483568075	0.0
-bas	0.0248707813925	0.925326847066	0.0252964426878	0.0245059288537
-nya	0.0	1.0	0.0	0.0
-mbu	0.378048780488	0.59756097561	0.0243902439024	0.0
-asa	0.18149146451	0.764600179695	0.010781671159	0.0431266846361
-aso	0.0379746835443	0.322784810127	0.0	0.639240506329
-yes	0.133738515247	0.788791806638	0.0246740831335	0.0527955949819
-yer	0.117359413203	0.416870415648	0.220048899755	0.245721271394
-yet	0.295915960768	0.390103342082	0.057202438105	0.256778259045
-cka	0.827299238136	0.0995346241581	0.0208349095122	0.052331228194
-mba	0.129999997808	0.827357350695	0.0138826902345	0.028759961262
-yek	0.744692715179	0.10196359581	0.00238977177679	0.150953917234
-dra	0.5	0.453488372093	0.046511627907	0.0
-yen	0.40159917462	0.352334279082	0.0495228269281	0.196543719371
-cki	0.234995661059	0.570129888307	0.160484841699	0.0343896089354
-lta	0.454545454546	0.545454545454	0.0	0.0
-yeg	0.924378109453	0.0616915422885	0.0139303482587	0.0
-yef	0.0635517867506	0.0886542745362	0.0186724321896	0.829121506524
-irn	0.110825390514	0.234835967164	0.601529495842	0.0528091464792
-dia	0.12	0.812075471698	0.0	0.0679245283018
-rat	0.0220994475138	0.977900552486	0.0	0.0
-ers	0.172863099374	0.715079916609	0.0912091730368	0.0208478109799
-gur	0.108835102333	0.460126136178	0.092585599176	0.338453162313
-ras	0.0534759358289	0.903743315508	0.0320855614973	0.0106951871658
-ran	0.0943396226415	0.905660377359	0.0	0.0
-eri	0.0342328165476	0.0321828743523	0.00227959050287	0.931304718597
-ram	0.0375704445836	0.339699436443	0.0795762888751	0.543153830098
-rak	0.00980191954259	0.906064937717	0.0722891566265	0.0118439861139
-iwe	0.12831477801	0.87168522199	0.0	0.0
-rag	0.12713342518	0.577460555273	0.247947904153	0.0474581153936
-rad	0.0678403399605	0.11746850812	0.0576718773714	0.757019274548
-rab	0.00425531914893	0.976595744681	0.0	0.0191489361702
-ere	0.413630511479	0.316702058288	0.109552393533	0.160115036701
-erf	0.421348314607	0.544943820225	0.0337078651685	0.0
-gen	0.654085569826	0.221123225937	0.0399396059345	0.0848515983019
-bsa	0.146033083974	0.68248867348	0.0885048993783	0.0829733431672
-uga	0.248249488033	0.555592861736	0.0617694852154	0.134388165015
-aza	0.0	0.933333333333	0.0666666666667	0.0
-ikf	0.52380952381	0.396825396825	0.047619047619	0.031746031746
-ike	0.0620689655173	0.934482758621	0.00344827586207	0.0
-oug	0.100787401575	0.335433070866	0.557480314961	0.00629921259841
-fof	0.307167269403	0.447184357986	0.195376147518	0.0502722250924
-fog	0.177520941966	0.753392133399	0.0310256545197	0.0380612701153
-iko	0.234295415959	0.701188455009	0.00679117147706	0.0577249575552
-aat	0.0	1.0	0.0	0.0
-lan	0.216783216783	0.545454545455	0.174825174825	0.0629370629371
-nos	0.0375	0.9625	0.0	0.0
-lah	0.0215923800095	0.861791151338	0.0112524845208	0.105363984132
-fom	0.138814344962	0.798243474018	0.0380580629422	0.0248841180776
-oum	0.0578741817323	0.123879220595	0.261583635975	0.556662961697
-lak	0.132075471698	0.867924528302	0.0	0.0
-ous	0.44	0.491428571429	0.0685714285714	0.0
-uja	0.6	0.2	0.2	0.0
-for	0.181938787883	0.589253999615	0.10759552357	0.121211688932
-fos	0.0	1.0	0.0	0.0
-ouw	0.606449719338	0.393550280662	0.0	0.0
-nom	0.287539674972	0.311119889932	0.171436744813	0.229903690283
-non	0.277477477477	0.320720720721	0.245045045045	0.156756756757
-ujg	0.0788476118272	0.529188779378	0.364670204701	0.027293404094
-uki	0.0451655338742	0.923262442447	0.010524007893	0.021048015786
-nof	0.228359439406	0.270845601225	0.444264515369	0.0565304439995
-nog	0.192841588578	0.672224371098	0.103105848418	0.031828191906
-gej	0.473480840185	0.402516706192	0.0893711377464	0.0346313158767
-dou	0.458941286661	0.279859771075	0.157456620438	0.103742321827
-dos	0.578091855948	0.320375622661	0.0297924065114	0.0717401148795
-gem	0.140132900091	0.253588581416	0.0930340900496	0.513244428442
-aha	0.518174338485	0.214005525093	0.0479380087773	0.219882127645
-bok	0.207142857143	0.75	0.0	0.0428571428571
-dog	0.120631939347	0.774635077368	0.071156166988	0.0335768162975
-dod	0.037037037037	0.962962962963	0.0	0.0
-doc	0.788461538462	0.0961538461538	0.0	0.115384615385
-ges	0.0832875617862	0.0905910161052	0.0101024485231	0.816018973585
-ger	0.113514059534	0.737937615967	0.0657600229674	0.0827883015316
-dom	0.0135789667447	0.929842005152	0.056579028103	0.0
-dok	0.0	1.0	0.0	0.0
-aht	0.128144009458	0.680669705002	0.143704353464	0.0474819320761
-ahu	0.1622571605	0.243646986178	0.360162447157	0.233933406165
-sar	0.130024615167	0.723320809827	0.121898076719	0.0247564982863
-dek	0.0856657384245	0.895926747534	0.00849577571152	0.00991173833011
-sau	0.0142970611597	0.89674344718	0.0762509928515	0.0127084988086
-toa	0.0674157303371	0.483146067416	0.449438202247	0.0
-ibu	0.0401620826908	0.249953797055	0.00617878195245	0.703705338302
-tom	0.292091183165	0.652593572373	0.0463780550293	0.00893718943267
-toj	0.0728744939271	0.894736842105	0.0	0.0323886639676
-tok	0.154368467835	0.243060978008	0.28880071385	0.313769840307
-toh	0.130924516181	0.703163187702	0.139293968235	0.0266183278816
-fus	0.0	0.962264150943	0.0377358490566	0.0
-lfa	0.0114942528736	0.970114942529	0.0183908045977	0.0
-don	0.00629921259843	0.993700787402	0.0	0.0
-tot	0.186492211598	0.56939319238	0.185926508095	0.0581880879268
-tou	0.467853596625	0.44394771615	0.0187999637813	0.0693987234441
-tor	0.114890400605	0.862433862434	0.0181405895692	0.00453514739229
-tos	0.156756756757	0.832432432432	0.0108108108108	0.0
-sad	0.0	1.0	0.0	0.0
-sak	0.0732984293194	0.848167539267	0.0261780104712	0.0523560209424
-sai	0.0172537742631	0.980589503954	0.0	0.00215672178289
-mpu	0.0413302544329	0.933891778624	0.00874293843772	0.0160350285056
-iba	0.461049284579	0.345219168749	0.0742675448558	0.119464001817
-sam	0.0	1.0	0.0	0.0
-ibc	0.152457296973	0.799295774648	0.0317650584358	0.0164818699431
-lon	0.0501742160278	0.908013937282	0.0167247386759	0.0250871080139
-atu	0.575951561898	0.271651168648	0.0358398486445	0.116557420809
-iel	0.126753826531	0.850696975219	0.0163994169096	0.00614978134111
-ror	0.495557203215	0.314879544304	0.100404265085	0.0891589873954
-ros	0.216591826539	0.132338696855	0.0623930805975	0.588676396009
-iea	0.635294117647	0.352941176471	0.0	0.0117647058823
-loe	0.111111111111	0.857142857143	0.0	0.031746031746
-oko	0.36017738059	0.618496327138	0.0142175281812	0.00710876409059
-rod	0.520970537262	0.420797227036	0.0332755632583	0.0249566724437
-rof	0.645545231428	0.273861854587	0.0561343679503	0.0244585460355
-rog	0.496389891697	0.446750902527	0.0460288808664	0.0108303249097
-uer	0.0857431166211	0.773273749459	0.106386045841	0.0345970880784
-dif	0.0385547745132	0.0247708828456	0.0015598326457	0.935114509996
-rom	0.295624305282	0.0939842307177	0.0688987020401	0.54149276196
-lot	0.0603813559322	0.809322033898	0.13029661017	0.0
-roh	0.453380769449	0.313854247488	0.159339931495	0.0734250515679
-los	0.0350826660522	0.946483092344	0.00345642030071	0.0149778213031
-roj	0.181664408589	0.693197027549	0.0206100915548	0.104528472308
-rok	0.259813423054	0.672463689521	0.0213201682635	0.0464027191617
-ipi	0.0622009569378	0.8995215311	0.00478468899522	0.0334928229665
-tog	0.672815533981	0.280582524272	0.0174757281554	0.0291262135922
-ipa	0.0306010928962	0.954644808743	0.0131147540984	0.00163934426229
-mat	0.118811881188	0.732673267327	0.0594059405941	0.089108910891
-ewa	0.0	1.0	0.0	0.0
-ewi	0.0595972050965	0.875256884505	0.0448006576244	0.0203452527744
-awa	0.292307692308	0.702564102564	0.0	0.0051282051282
-sat	0.111773472429	0.877049180328	0.0111773472429	0.0
-hau	0.624284423019	0.223561313649	0.0662850256101	0.0858692377222
-ngg	0.36868695925	0.392069753889	0.0869233872775	0.152319899583
-bit	0.649808245446	0.299856184084	0.0	0.0503355704698
-tim	0.273113178101	0.619680795722	0.0612189691408	0.0459870570364
-mar	0.233522689107	0.241657094523	0.0107210538139	0.514099162556
-sta	0.127451958392	0.781908414458	0.0510320718712	0.0396075552789
-cun	0.391304347826	0.289855072464	0.239130434783	0.0797101449275
-cum	0.517073890164	0.230045200125	0.0405205282163	0.212360381494
-ngk	0.183356840621	0.732016925247	0.0423131170663	0.0423131170663
-oli	0.0363636363636	0.927272727273	0.0363636363636	0.0
-idi	0.127659574468	0.0425531914894	0.0425531914894	0.787234042553
-cuc	0.175	0.4125	0.2625	0.15
-gah	0.604690117253	0.341708542714	0.0536013400335	0.0
-red	0.566932480064	0.310576706747	0.0598705097118	0.0626203034772
-maf	0.172870536605	0.70460801915	0.0630361061241	0.0594853381209
-cur	0.384400515685	0.0715513536743	0.518263859046	0.0257842715943
-ibi	0.212963592678	0.773296820698	0.0137395866244	0.0
-iok	0.0852877251675	0.694033841987	0.198773313306	0.0219051195394
-mug	0.150893965161	0.208699115993	0.475096137641	0.165310781205
-muf	0.723509502734	0.178078625358	0.0710752408227	0.0273366310857
-ois	0.623349482284	0.327491213071	0.0	0.0491593046452
-ion	0.0567034515144	0.909603193238	0.0312279877906	0.00246536745715
-mum	0.399505700391	0.415371123336	0.0533763852348	0.131746791039
-lea	0.015780801775	0.965103684594	0.0129581126056	0.00615740102536
-muh	0.339366515837	0.14479638009	0.0678733031674	0.447963800905
-sum	0.229916738444	0.628883146713	0.0893865441669	0.0518135706766
-leg	0.0	1.0	0.0	0.0
-mut	0.555834091422	0.190634750026	0.093498774079	0.160032384474
-fsa	0.150684690923	0.548748374188	0.239841392219	0.0607255426708
-mus	0.455405459399	0.151832754872	0.0354139790785	0.357347806651
-mur	0.209874994774	0.633596722271	0.0698189723651	0.08670931059
-hra	0.266690747095	0.411534525315	0.258262597074	0.063512130516
-les	0.0196078431372	0.980392156863	0.0	0.0
-iou	0.191871130072	0.769754643914	0.0295186353956	0.0088555906187
-iot	0.0111940298507	0.980410447761	0.00279850746269	0.00559701492538
-fta	0.0749356022169	0.598704238545	0.318164077746	0.00819608149245
-eel	0.0	1.0	0.0	0.0
-sah	0.637327269849	0.246076085346	0.0394204411483	0.0771762036567
-bka	0.109589041096	0.780821917808	0.0821917808219	0.027397260274
-git	0.521337585425	0.243550745372	0.0754769415687	0.159634727634
-gir	0.187653578055	0.738378215736	0.0589238252846	0.0150443809237
-ifo	0.340620384047	0.373116691285	0.085081240768	0.2011816839
-ndi	0.220630372493	0.650429799427	0.0773638968481	0.0515759312321
-gik	0.152749490835	0.709775967413	0.0763747454175	0.061099796334
-ali	0.0	1.0	0.0	0.0
-nda	0.277357192016	0.557467309016	0.0722642807983	0.0929112181693
-gif	0.311688648013	0.543316355088	0.081847240004	0.0631477568948
-gia	0.00866551126516	0.913344887348	0.0675909878682	0.0103986135182
-ala	0.125608907907	0.818711436211	0.0424923689625	0.0131872869194
-rot	0.228988571595	0.111116073919	0.0132168021254	0.64667855236
-yos	0.876080691643	0.0201729106628	0.0	0.103746397695
-yor	0.36761487965	0.566739606127	0.0656455142232	0.0
-yot	0.526501766784	0.318021201413	0.0494699646643	0.106007067138
-yok	0.398797076767	0.374063135505	0.124905684783	0.102234102946
-yoj	0.59375	0.1875	0.09375	0.125
-yoh	0.294117647059	0.670588235294	0.035294117647	0.0
-yom	0.680106384648	0.194365786881	0.049551313117	0.0759765153546
-yol	0.0184615384615	0.963076923077	0.0	0.0184615384615
-yog	0.562130177515	0.189349112426	0.0473372781065	0.201183431953
-yof	0.850649350649	0.0714285714286	0.0	0.077922077922
-cha	0.284245317664	0.460154241645	0.0683070143225	0.187293426368
-loi	0.0	0.966666666667	0.00666666666666	0.0266666666666
-ogi	0.466666666667	0.351515151515	0.0909090909091	0.090909090909
-eli	0.0436893203883	0.956310679612	0.0	0.0
-ogo	0.272539927872	0.439464193715	0.0597630087583	0.228232869655
-oga	0.0617513894662	0.0633734499983	0.00741992346431	0.867455237071
-rka	0.620216042289	0.25636405424	0.0592277637325	0.064192139738
-iya	0.464944649447	0.282287822878	0.186346863469	0.0664206642067
-sye	0.0	1.0	0.0	0.0
-esk	0.577179765492	0.203412142755	0.149067068707	0.0703410230462
-esi	0.107401032702	0.740447504303	0.0413080895008	0.110843373494
-iti	0.891764705882	0.0847058823529	0.0235294117647	0.0
-esa	0.233034703225	0.306366411067	0.125985618649	0.334613267059
-hga	0.119610570236	0.554937413074	0.289986091794	0.0354659248957
-ese	0.389566962047	0.186590871092	0.303460959706	0.120381207156
-ita	0.475427599712	0.153308327271	0.0556966290403	0.315567443977
-udu	0.696601743544	0.127309794839	0.0223505999779	0.153737861639
-tir	0.277777777778	0.555555555556	0.166666666667	0.0
-fah	0.461916461917	0.22113022113	0.110565110565	0.206388206388
-ria	0.0220185405321	0.843187560344	0.0192047568165	0.115589142307
-fan	0.0	0.971830985915	0.0281690140845	0.0
-fas	0.0692771084337	0.913152610442	0.00853413654619	0.00903614457831
-bra	0.260352698221	0.222932165016	0.0573083395997	0.459406797164
-uda	0.110520895442	0.87690389723	0.00737167326142	0.00520353406689
-fat	0.0155460551885	0.984453944812	0.0	0.0
-bri	0.549931139747	0.312688707796	0.095393819244	0.0419863332135
-udi	0.0828976797547	0.74919853155	0.113925618525	0.0539781701703
-hum	0.0	1.0	0.0	0.0
-hun	0.508930384028	0.421164744488	0.037817389491	0.0320874819924
-yir	0.144262295082	0.737704918033	0.118032786885	0.0
-hud	0.0	1.0	0.0	0.0
-wos	0.224522386922	0.58691212352	0.0731786838041	0.115386805753
-wou	0.296156269691	0.552614996849	0.0945179584121	0.0567107750473
-wot	0.31096088846	0.624818928054	0.0144857556736	0.0497344278126
-hua	0.0	0.940298507463	0.0597014925373	0.0
-woh	0.464371114299	0.1181252989	0.406025824964	0.0114777618364
-wok	0.165234127604	0.662778933862	0.0404675149491	0.131519423585
-woj	0.169934640523	0.411764705882	0.326797385621	0.0915032679738
-hut	0.864942528736	0.100574712644	0.0	0.0344827586207
-aks	0.0	0.976833976834	0.0	0.023166023166
-woc	0.259805485799	0.61033407112	0.0829922440798	0.0468681990012
-ron	0.0119480260865	0.910389804351	0.00597401304326	0.0716881565191
-hur	0.334733775282	0.45750116117	0.147384199637	0.0603808639108
-hus	0.246460098347	0.492446234967	0.0777889685408	0.183304698146
-gok	0.563962658255	0.403810904131	0.021484291743	0.0107421458715
-kog	0.277761551108	0.217860146844	0.149165832521	0.355212469528
-dis	0.342069676622	0.420403150101	0.0993883686661	0.13813880461
-kob	0.167490247074	0.601213697443	0.111660164716	0.119635890767
-kom	0.382608695652	0.426086956522	0.15652173913	0.0347826086957
-ors	0.566666666667	0.3	0.0	0.133333333333
-tuj	0.609297725025	0.242334322453	0.0593471810089	0.0890207715133
-kon	0.30151422997	0.454076256526	0.187773995055	0.056635518448
-tul	0.0	0.904109589041	0.0958904109589	0.0
-ael	0.0735952018598	0.888508492533	0.0167507434482	0.0211455621594
-sos	0.576515428079	0.12083835793	0.0504393877847	0.252206826206
-koj	0.304610643594	0.446485717672	0.213345976058	0.0355576626763
-kou	0.235065942591	0.480605120248	0.0186190845617	0.265709852599
-ork	0.487265009097	0.415100060643	0.0418435415403	0.0557913887204
-tur	0.0431708438206	0.955350702624	0.000887072133299	0.000591381422199
-son	0.0262295081967	0.963934426229	0.00655737704918	0.00327868852458
-orn	0.372491108873	0.481669591554	0.0780461664463	0.0677931331267
-ock	0.472681067344	0.260482846252	0.129606099111	0.137229987293
-sok	0.357102911602	0.182994931195	0.0199032509963	0.439998906207
-kor	0.291096131384	0.354761536188	0.26991654822	0.0842257842075
-ora	0.360285760432	0.278658577992	0.0913612139405	0.269694447636
-gma	0.408450704225	0.517605633803	0.0528169014084	0.0211267605634
-jef	0.343800967317	0.215121810911	0.0522546247711	0.388822597
-kra	0.162162162162	0.827702702703	0.0	0.0101351351352
-oms	0.189624007839	0.684125241705	0.0949848906251	0.0312658598307
-rus	0.0369107252592	0.925002726738	0.0066878243821	0.0313987236205
-jen	0.427165314286	0.195539430957	0.0376560366376	0.339639218119
-rut	0.0	1.0	0.0	0.0
-dga	0.0434782608696	0.95652173913	0.0	0.0
-omk	0.333333333333	0.6	0.0	0.0666666666667
-ruk	0.0297021053551	0.188499170088	0.0161614396785	0.765637284878
-omi	0.0794518158573	0.0350868467688	0.0132556090203	0.872205728354
-rui	0.239921313376	0.289529136247	0.305171747104	0.165377803273
-run	0.0380952380952	0.938095238095	0.0238095238095	0.0
-omn	0.405308383803	0.22085983542	0.0981228103528	0.275708970425
-ici	0.428373061791	0.337306179125	0.14059245545	0.0937283036334
-rum	0.336182336182	0.501424501425	0.0284900284901	0.133903133903
-omb	0.118157163172	0.339949380076	0.500215002659	0.0416784540932
-oma	0.116174260834	0.832383262043	0.0295794243453	0.021863052777
-rua	0.299813780261	0.634006589314	0.0541469703481	0.0120326600774
-ruf	0.35	0.26	0.21	0.18
-lia	0.0201511335013	0.971662468514	0.00535264483628	0.00283375314861
-lib	0.410371703014	0.479447411887	0.0104031193054	0.0997777657938
-sba	0.0598313842807	0.869912065996	0.0525790952769	0.0176774544466
-eas	0.0309155766944	0.964328180737	0.0	0.00475624256837
-jmi	0.493935309973	0.36051212938	0.11320754717	0.0323450134771
-odu	0.848199493214	0.0821626000214	0.0127885339101	0.0568493728546
-cma	0.30637390121	0.490970613116	0.103350619736	0.0993048659385
-mha	0.412808641975	0.201045953361	0.241083676269	0.145061728395
-his	0.147299509002	0.749590834697	0.0834697217675	0.0196399345336
-144	0.266288951841	0.0963172804532	0.00849858356941	0.628895184136
-abi	0.072300628412	0.891679379102	0.0104908984447	0.0255290940414
-oda	0.64824846515	0.278319489587	0.0589863970146	0.0144456482485
-ode	0.0	1.0	0.0	0.0
-rna	0.169449268805	0.604504884563	0.127382426304	0.0986634203279
-eam	0.0559824368826	0.911086717892	0.032930845225	0.0
-bga	0.422032583398	0.3093871218	0.145849495733	0.122730799069
-rni	0.0	1.0	0.0	0.0
-odo	0.116279069767	0.331395348837	0.0	0.552325581395
-zer	0.0	1.0	0.0	0.0
-uri	0.355545877193	0.215933900172	0.0413888463863	0.387131376249
-urk	0.0869565217391	0.623188405797	0.173913043478	0.115942028986
-kod	0.0869292307012	0.0241940126098	0.0108922517633	0.877984504926
-ura	0.178736276803	0.139785228873	0.0412379806877	0.640240513636
-urd	0.0165114309907	0.89966130398	0.0838272650297	0.0
-ure	0.306763636364	0.185246753247	0.0486233766234	0.459366233766
-eha	0.12020033389	0.469115191987	0.230383973289	0.180300500835
-ehu	0.0	1.0	0.0	0.0
-uru	0.0479922574769	0.871982693184	0.0427040635596	0.0373209857801
-dur	0.643744030564	0.18147086915	0.0725883476599	0.102196752627
-dus	0.119174942704	0.724980901452	0.077922077922	0.077922077922
-dut	0.774081115336	0.12072243346	0.0392902408111	0.0659062103929
-war	0.337953658813	0.597487891897	0.0262581297023	0.0383003195878
-pan	0.0712617741977	0.928738225802	0.0	0.0
-duw	0.776763485477	0.0290456431535	0.0456919697339	0.148498901635
-ais	0.234376105262	0.48791351552	0.128061591213	0.149648788005
-api	0.14305032211	0.840198431992	0.0146241035614	0.00212714233621
-sou	0.386138613861	0.39603960396	0.138613861386	0.0792079207921
-duc	0.442477876106	0.545722713864	0.0	0.0117994100295
-duf	0.757768600636	0.0943741114346	0.0	0.147857287929
-sot	0.267707015987	0.216884048397	0.0473187489383	0.468090186678
-duh	0.360349127182	0.304239401496	0.0299251870324	0.305486284289
-wan	0.415662650602	0.536144578313	0.0	0.0481927710843
-duj	0.668098844085	0.251587952543	0.0160225842139	0.0642906191585
-duk	0.818461203217	0.104501266056	0.0210886287229	0.055948902004
-dum	0.241895031278	0.700384442461	0.0143223661886	0.0433981600724
-wah	0.314321338475	0.223330530345	0.26966683098	0.1926813002
-nun	0.160665921917	0.326608195515	0.31784902452	0.194876858047
-kef	0.139415243349	0.227292020605	0.0301445761138	0.603148159932
-ked	0.210661961367	0.678372067213	0.0541826032324	0.0567833681876
-kec	0.192083062946	0.558095392602	0.164243997404	0.0855775470474
-nuh	0.037037037037	0.953086419753	0.00987654320987	0.0
-nui	0.0826793196006	0.311103189427	0.475590573624	0.130626917349
-ken	0.187106437573	0.718520209508	0.0643424190734	0.0300309338454
-sut	0.400159744409	0.367412140575	0.122204472843	0.110223642173
-kek	0.293964497041	0.458698224852	0.170414201183	0.0769230769231
-kej	0.532549169886	0.357843977789	0.0745737487354	0.0350331035898
-sop	0.0	0.928888888889	0.0711111111111	0.0
-sun	0.636248440246	0.253494783437	0.054254082008	0.0560026943093
-keu	0.101074163548	0.813730393462	0.0273806142943	0.0578148286959
-sul	0.114964014394	0.79237704918	0.0446421431427	0.0480167932827
-kes	0.289758806555	0.368595851255	0.196820384385	0.144824957805
-suj	0.101522623996	0.0463032756875	0.0150036970833	0.837170403233
-sui	0.178694261335	0.339067334067	0.146978477737	0.335259926861
-yik	0.606153394639	0.288241048719	0.0153590295441	0.0902465270984
-suf	0.0456764809171	0.939732421012	0.00856434017196	0.00602675789879
-kak	0.183222918235	0.0182986935889	0.00659931130186	0.791879076874
-sud	0.686877117627	0.164504557275	0.0709695962453	0.0776487288529
-nur	0.0848589056337	0.867806210175	0.0188125821786	0.0285223020127
-nus	0.0623932421967	0.878421055522	0.0215300624482	0.0376556398328
-sua	0.0863664404689	0.8210980876	0.0	0.0925354719308
-did	0.604957570344	0.254801250558	0.059848146494	0.0803930326038
