-'u̱	0.3840330351	0.411011699931	0.131452167928	0.0735030970406
-cas	0.0161030595813	0.49114331723	0.00724637681159	0.485507246377
-iva	0.247919064437	0.583702899069	0.0720876728372	0.0962903636569
-ats	0.243405286417	0.178594005487	0.0444819379942	0.533518770102
-rbe	0.190476190476	0.809523809524	0.0	0.0
-aan	0.297218097186	0.565487844432	0.0344300155672	0.102864042815
-caz	0.0	1.0	0.0	0.0
-̱kp	0.480388327847	0.4281537689	0.0328070077554	0.0586508954974
-ivo	0.0	0.988909426987	0.0110905730129	0.0
-xen	0.070796460177	0.902654867257	0.0	0.0265486725664
-xej	0.723549488055	0.194539249147	0.0409556313993	0.0409556313993
-rio	0.049948974262	0.884577370286	0.0654736554517	0.0
-nst	0.0776053215077	0.889135254989	0.0332594235033	0.0
-úka	0.68275862069	0.255172413793	0.0	0.0620689655173
-nso	0.0	1.0	0.0	0.0
-oyp	0.546019532406	0.39923054158	0.0369931932524	0.0177567327612
-̱kk	0.316315276437	0.133209049763	0.301070916105	0.249404757695
-sap	0.284611530711	0.329910771095	0.336982437375	0.0484952608195
-ufo	0.0	1.0	0.0	0.0
-aum	0.0203619909502	0.97963800905	0.0	0.0
-nsa	0.0227272727273	0.704545454545	0.0909090909091	0.181818181818
-put	0.833333333333	0.0666666666666	0.1	0.0
-ntk	0.20395830403	0.72467052583	0.0310350699944	0.0403361001456
-pup	0.382873849276	0.462947302293	0.0684997704593	0.0856790779714
-ttu	0.494447376508	0.309877391943	0.0922960155272	0.103379216022
-nto	0.00761469498342	0.953314305057	0.0355834696575	0.00348753030241
-nta	0.17723156533	0.692108667529	0.0297542043985	0.100905562743
-jkp	0.326965922681	0.423353921024	0.075321373985	0.17435878231
-pux	0.353535353535	0.414141414141	0.151515151515	0.080808080808
-ero	0.0392871350741	0.92593623288	0.0183034905504	0.0164731414953
-uan	0.0353412859477	0.914913626689	0.0124733950404	0.0372716923229
-pak	0.191807228916	0.364337349398	0.427951807229	0.0159036144578
-pum	0.459770114943	0.206896551724	0.0229885057471	0.310344827586
-nts	0.187697120283	0.252697859427	0.229423208525	0.330181811765
-yta	0.0983472049724	0.839182650429	0.0420139259642	0.0204562186343
-dro	0.0122663122306	0.959213657633	0.00584272810985	0.0226773020263
-puj	0.423272191287	0.480019652801	0.0451195545365	0.0515886013757
-pam	0.100521330494	0.218567197787	0.187238416917	0.493673054801
-pra	0.111771700357	0.726516052319	0.135552913199	0.0261593341261
-̱du	0.586122104931	0.261630339577	0.0867971326888	0.065450422803
-pre	0.0	1.0	0.0	0.0
-o̱y	0.20174777357	0.174099377049	0.351910590584	0.272242258797
-'ix	0.811685921868	0.100703788239	0.020055279913	0.0675550099803
-o̱v	0.14517449814	0.539722837393	0.156067903453	0.159034761015
-más	0.0301003344481	0.969899665552	0.0	0.0
-o̱t	0.173082152629	0.564453350027	0.0413264817665	0.221138015577
-o̱s	0.281696388963	0.0911631620975	0.00266169816344	0.624478750776
-aré	0.0	1.0	0.0	0.0
-o̱p	0.405113155818	0.216474715195	0.309105254494	0.0693068744927
-o̱n	0.560833947403	0.228580869356	0.130640243598	0.0799449396421
-o̱m	0.0344865928481	0.817423920216	0.144032240719	0.00405724621743
-opo	0.0	0.891402714932	0.108597285068	0.0
-o̱k	0.267009635155	0.285492808075	0.167517296646	0.279980260124
-o̱j	0.096074857326	0.844223196131	0.0146920839641	0.0450098625791
-tín	0.031007751938	0.798449612403	0.15503875969	0.015503875969
-̱da	0.157045199514	0.364529097954	0.0364020713411	0.442023631191
-ope	0.0	0.939890710383	0.0218579234973	0.0382513661202
-áva	0.405922872265	0.422696109597	0.0490441036523	0.122336914486
-o̱a	0.0	0.954314720812	0.0456852791878	0.0
-̱di	0.425574712644	0.214367816092	0.00574712643679	0.354310344828
-imp	0.695540208657	0.232081472202	0.0399579177189	0.0324204014219
-dec	0.0262390670554	0.972011661808	0.0	0.00174927113702
-das	0.025527964725	0.927902839019	0.000928289626361	0.0456409066295
-vik	0.415094339623	0.566037735849	0.0188679245283	0.0
-'tp	0.450331125828	0.450331125828	0.0695364238411	0.0298013245033
-'ts	0.141667242946	0.654803900038	0.0669884754431	0.136540381573
-okp	0.236665334523	0.460005584054	0.223838434713	0.0794906467101
-deo	0.0048019207683	0.989795918367	0.0	0.00540216086433
-'tk	0.204344287313	0.724946586632	0.0544307661003	0.0162783599552
-yja	0.44625010863	0.458155905101	0.0929868775528	0.00260710871643
-siv	0.0657894736842	0.881578947368	0.0526315789474	0.0
-'ma	0.111964521018	0.211810899863	0.269010415246	0.407214163874
-aús	0.0408163265306	0.959183673469	0.0	0.0
-oka	0.539865973742	0.328842997812	0.073851203501	0.0574398249453
-yji	0.163926655795	0.160608680276	0.0686852859697	0.606779377959
-imo	0.0701971714669	0.804893155776	0.0	0.124909672757
-ido	0.00655737704916	0.96393442623	0.00983606557377	0.0196721311475
-obo	0.0214085464277	0.978591453572	0.0	0.0
-rpo	0.0496688741722	0.950331125828	0.0	0.0
-idi	0.597307113493	0.150905549151	0.0419620359296	0.209825301427
-rpa	0.227272727273	0.768398268398	0.00432900432901	0.0
-eca	0.308771929824	0.445614035088	0.231578947368	0.0140350877193
-oba	0.131474103586	0.772908366534	0.0358565737052	0.0597609561753
-llo	0.0249632135809	0.903290661461	0.0406807925021	0.0310653324562
-ida	0.236573722469	0.439929839789	0.0656395790387	0.257856858703
-its	0.0858585794007	0.0798137519433	0.0278332523979	0.806494416258
-kip	0.343142022979	0.42152569995	0.114506665579	0.120825611492
-bia	0.0195121951219	0.980487804878	0.0	0.0
-kpa	0.107353800078	0.761022618582	0.0689692003634	0.0626543809767
-idu	0.5164060504	0.282934522393	0.0789109757246	0.121748451482
-uu'	0.0520723470326	0.0697718549462	0.00264437062381	0.875511427397
-a'y	0.0310585514929	0.724398083109	0.0698611137377	0.17468225166
-tes	0.0	1.0	0.0	0.0
-ria	0.383391347588	0.391596220786	0.109398309299	0.115614122327
-eji	0.0777684167647	0.5152435355	0.356438576838	0.050549470897
-rim	0.0	1.0	0.0	0.0
-a'v	0.0611205432937	0.88455008489	0.0067911714771	0.0475382003396
-ejn	0.646341463415	0.280487804878	0.0	0.0731707317073
-a't	0.272605047211	0.268185260165	0.29802654963	0.161183142994
-ejp	0.363071460275	0.463826009765	0.119840213049	0.0532623169108
-uts	0.28127040321	0.473502495566	0.0671994987376	0.178027602486
-ejt	0.559119146357	0.262602344413	0.065799171234	0.112479337996
-a'n	0.0661046533219	0.888216288484	0.0367660712296	0.00891298696476
-xén	0.216088727383	0.616576289729	0.0	0.167334982889
-ejx	0.918008474576	0.0330508474576	0.00190677966102	0.0470338983051
-mja	0.396287834368	0.371600719788	0.133039487252	0.099071958592
-a'a	0.147387517163	0.0725099605128	0.0183481413179	0.761754381007
-tek	0.0376949597767	0.944836644229	0.000919389262843	0.0165490067312
-tem	0.503091190108	0.323802163833	0.0919629057187	0.08114374034
-teo	0.0153158902361	0.981706019996	0.0	0.00297808976813
-jin	0.0738052951817	0.784277805186	0.105163076248	0.0367538233843
-e'e	0.177390114306	0.0339336323148	0.00712972455679	0.781546528823
-apy	0.0195042665583	0.975619666802	0.0048760666396	0.0
-'pa	0.572438162544	0.427561837456	0.0	0.0
-oya	0.192771084337	0.784986098239	0.0	0.0222428174235
-mes	0.0	1.0	0.0	0.0
-'ty	0.423510994239	0.300575792343	0.118132409551	0.157780803867
-e'n	0.300601202405	0.656960980785	0.021218908405	0.021218908405
-e'm	0.502074688797	0.448132780083	0.0248962655602	0.0248962655602
-aro	0.0216199279336	0.844117186276	0.0714397618675	0.0628231239229
-e'k	0.526817892728	0.337396650413	0.0338845311285	0.10190092573
-mex	0.20465758431	0.79534241569	0.0	0.0
-rón	0.0132816823464	0.957941339236	0.022136137244	0.00664084117323
-mec	0.0	1.0	0.0	0.0
-ydi	0.759822469001	0.123629008524	0.0417425800514	0.0748059424232
-jit	0.0453474168661	0.727813069146	0.202346775346	0.0244927386411
-men	0.566666666667	0.393333333333	0.04	0.0
-mei	0.0	1.0	0.0	0.0
-oni	0.0281557954012	0.832473017363	0.0267480056312	0.112623181605
-jip	0.315892707966	0.360889137466	0.211997127474	0.111221027094
-e'x	0.737129636985	0.173055842402	0.0126499324807	0.0771645881325
-aya	0.309939637554	0.428851283337	0.199240131367	0.0619689477412
-vup	0.148451510206	0.771504563864	0.0374948786664	0.042549047264
-aym	0.293663060278	0.687789799073	0.0185471406492	0.0
-lji	0.0648648648649	0.324324324324	0.0	0.610810810811
-ayo	0.0122448979592	0.987755102041	0.0	0.0
-'ít	0.492957746479	0.197183098592	0.140845070423	0.169014084507
-ayi	0.152428280678	0.569047601924	0.167584808233	0.110939309164
-tyi	0.0909090909091	0.60606060606	0.0	0.30303030303
-ayk	0.044884982233	0.663362633252	0.291752384515	0.0
-tyk	0.243712261684	0.555175200875	0.0792801787667	0.121832358674
-ayu	0.0460455927303	0.544786044653	0.0321542420709	0.377014120546
-tók	0.0140138439792	0.980380618429	0.0	0.00560553759168
-num	0.292336056987	0.193873873874	0.0813073538656	0.432482715274
-typ	0.216029568502	0.251394593651	0.257976452403	0.274599385444
-ayp	0.354829845029	0.330230782973	0.206588035041	0.108351336957
-ilo	0.00659050966609	0.953866432337	0.0395430579965	0.0
-rco	0.0831369477769	0.884147947741	0.00149514079242	0.0312199636894
-vum	0.032531824611	0.483262611975	0.0836869401226	0.400518623291
-bás	0.00330214639516	0.986791414419	0.00990643918548	0.0
-se̱	0.707750952986	0.216010165184	0.0	0.0762388818298
-xap	0.154965942264	0.292221861823	0.110814142069	0.441998053844
-ndi	0.614835791373	0.141774323155	0.0440845362137	0.199305349258
-yañ	0.587301587302	0.0593958013313	0.0640040962621	0.289298515105
-ku̱	0.485799465339	0.287511857391	0.0143151047762	0.212373572493
-xax	0.13903407903	0.551014007945	0.255070039724	0.0548818733013
-aón	0.0	0.980424143556	0.0195758564437	0.0
-dán	0.00443869058627	0.993341964121	0.0	0.00221934529314
-udá	0.0	1.0	0.0	0.0
-xad	0.0	1.0	0.0	0.0
-tji	0.462182693215	0.250940517757	0.0852049322135	0.201671856815
-xam	0.0762750455373	0.50660291439	0.344262295082	0.0728597449909
-ruz	0.041095890411	0.894121004566	0.00171232876712	0.0630707762557
-̱ts	0.0668232111686	0.0536339571521	0.00742212324778	0.872120708432
-ota	0.0	0.969798657718	0.0201342281879	0.010067114094
-tán	0.0577419762674	0.861812993299	0.0236603030686	0.0567847273647
-ump	0.494726055001	0.255017318097	0.051066008027	0.199190618874
-ijl	0.0138010299936	0.221495037906	0.0253740910196	0.73932984108
-ijn	0.117642866854	0.69320144391	0.0556761514535	0.133479537782
-iji	0.550853569011	0.222003918815	0.10317884711	0.123963665065
-ijk	0.549112426036	0.166863905325	0.0	0.284023668639
-ijt	0.615016333677	0.128950943945	0.0572045228445	0.198828199533
-iju	0.451280901727	0.332415772414	0.0668823788192	0.14942094704
-ijv	0.268656716418	0.373134328358	0.089552238806	0.268656716418
-ots	0.194930731515	0.73538945013	0.0334002435092	0.0362795748462
-ijp	0.501135273738	0.275900878858	0.028283975024	0.19467987238
-eví	0.108789182544	0.857406269207	0.0153657037493	0.0184388444991
-sup	0.475520611504	0.354817767951	0.0805451978579	0.0891164226866
-umi	0.0503144654088	0.786163522013	0.0251572327044	0.138364779874
ALL	0.20643444022	0.256507480691	0.0483115296087	0.48874654948
-akk	0.458128078818	0.285714285714	0.0	0.256157635468
-̱'m	0.130365118852	0.373783792452	0.0135435758675	0.482307512829
-aki	0.445885691123	0.189298743413	0.291852452371	0.0729631130929
-nam	0.162264533567	0.0901849284815	0.712645530131	0.03490500782
-dea	0.0375439968714	0.931951505671	0.00234649980445	0.0281579976535
-a̱̱	0.175182481752	0.474452554745	0.0	0.350364963504
-sip	0.336186591601	0.276612856897	0.284368357557	0.102832193945
-kin	0.137878646729	0.660738462288	0.085242366066	0.116140524917
-aka	0.0453074433657	0.838187702265	0.0582524271845	0.0582524271845
-sit	0.0119760479042	0.921611322809	0.00108873162765	0.0653238976593
-aúl	0.0409836065574	0.931693989071	0.0273224043716	0.0
-nax	0.0658731905479	0.604764812585	0.0839198813526	0.245442115514
-nay	0.0519915770024	0.0480247617366	0.158238898602	0.741744762659
-sio	0.0829493087558	0.806451612903	0.0	0.110599078341
-sin	0.131466956154	0.765190859407	0.0954934109376	0.00784877350173
-aky	0.201905127705	0.674342338266	0.0369413607376	0.0868111732917
-kit	0.057464136591	0.177725412377	0.650708999959	0.114101451073
-nas	0.045393858478	0.951935914553	0.0	0.00267022696929
-sia	0.036850921273	0.922948073702	0.0201005025125	0.0201005025126
-kix	0.113343328336	0.764917541229	0.0	0.121739130435
-tws	0.19014084507	0.507042253521	0.0	0.302816901408
-nat	0.282515339654	0.29225999795	0.138007896989	0.287216765407
-akp	0.481506663084	0.340878207847	0.111582023523	0.0660331055462
-jch	0.227350291045	0.705973739468	0.0188581452835	0.0478178242033
-xni	0.639249774156	0.17166345411	0.0379756657612	0.151111105973
-mos	0.0620539869687	0.910021718895	0.0186161960906	0.00930809804531
-mor	0.0	0.954545454545	0.0454545454545	0.0
-ynu	0.302513464991	0.498204667864	0.0215439856373	0.177737881508
-gog	0.0853835021708	0.842257597685	0.0723589001447	0.0
-yni	0.507899221917	0.272366672059	0.0397129601628	0.180021145862
-yna	0.337227485972	0.21681538037	0.249471069819	0.19648606384
-kxp	0.528310096323	0.263878838291	0.112012934682	0.0957981307039
-mol	0.0	1.0	0.0	0.0
-mok	0.257978055113	0.724432532038	0.0175894128486	0.0
-uva	0.499143386451	0.218693168415	0.0892890418422	0.192874403292
-yat	0.42225506045	0.245528453694	0.095134150464	0.237082335391
-ixp	0.497039594455	0.31269510524	0.0847553065689	0.105509993736
-u't	0.0275865912447	0.883523281411	0.0643687129044	0.0245214144398
-u's	0.0679611650485	0.233009708738	0.194174757281	0.504854368932
-yap	0.171132055043	0.295585376309	0.28797538525	0.245307183398
-ixt	0.00886917960089	0.977827050998	0.0133037694013	0.0
-ber	0.0	1.0	0.0	0.0
-yay	0.41899945819	0.357955571609	0.0541809644212	0.168864005779
-yax	0.116279069767	0.790697674419	0.0232558139535	0.0697674418605
-bet	0.0133333333333	0.891428571429	0.0	0.095238095238
-u'x	0.22835394862	0.725975261656	0.0456707897241	0.0
-ixa	0.745469007443	0.106812112948	0.0765581501051	0.071160729504
-beo	0.0	0.96875	0.03125	0.0
-bel	0.0340287142064	0.960736098993	0.00523518680098	0.0
-̱tp	0.310662198167	0.287893292085	0.084044952107	0.31739955764
-yam	0.063733101339	0.723428191029	0.0195793430814	0.19325936455
-ó̱y	0.26545908807	0.0574640849469	0.0474703310431	0.62960649594
-ixi	0.661676646707	0.0179640718563	0.140718562874	0.179640718563
-u'k	0.322352602274	0.539073231225	0.0908875818625	0.0476865846379
-v'e	0.728888888889	0.271111111111	0.0	0.0
-cos	0.0182712579058	0.981728742094	0.0	0.0
-cor	0.0	1.0	0.0	0.0
-iso	0.0424028268551	0.770318021201	0.187279151943	0.0
-kik	0.92	0.08	0.0	0.0
-ojx	0.0336095001381	0.950648991991	0.0124275062138	0.003314001657
-tún	0.494334533282	0.234624785989	0.109020878815	0.162019801913
-reo	0.0149294995853	0.923693668786	0.0547414984794	0.00663533314903
-nte	0.025641025641	0.974358974359	0.0	0.0
-rea	0.0318080575202	0.918955882928	0.00468914852878	0.0445469110234
-u'u	0.131845841785	0.722265564051	0.118583242315	0.027305351849
-upx	0.0240895820067	0.162151121577	0.021674616429	0.792084679987
-uán	0.0453667953668	0.940154440154	0.00868725868725	0.00579150579152
-eva	0.17429406037	0.706426484908	0.0136319376826	0.10564751704
-upa	0.167876588022	0.382940108893	0.149727767695	0.29945553539
-res	0.0	0.904633982539	0.0161182001343	0.079247817327
-táñ	0.447284345048	0.377995207668	0.0559105431311	0.118809904153
-ret	0.0294117647059	0.941176470588	0.0	0.0294117647059
-dia	0.0544959128065	0.945504087194	0.0	0.0
-may	0.0762258602039	0.345549692105	0.497781909776	0.0804425379152
-jup	0.364392573867	0.307689520871	0.171758329181	0.15615957608
-̱'p	0.122820304859	0.204778034875	0.615801149782	0.056600510484
-naí	0.0	1.0	0.0	0.0
-ava	0.472415587166	0.214555284046	0.0703284824545	0.242700646333
-mas	0.10077092511	0.526431718062	0.0132158590309	0.359581497797
-mar	0.0	1.0	0.0	0.0
-eap	0.0285714285714	0.942857142857	0.0	0.0285714285714
-ham	0.0119333666608	0.961861605199	0.0115302123817	0.0146748157585
-avy	0.0852713178294	0.705426356589	0.124031007752	0.0852713178294
-mam	0.263115493684	0.309583655581	0.137599896881	0.289700953854
-sés	0.0442910043851	0.922545337934	0.00380899590514	0.0293546617757
-juk	0.544642857143	0.401785714286	0.0535714285714	0.0
-aty	0.24826398898	0.31172586993	0.0499536578049	0.390056483285
-jum	0.121102764656	0.311871757144	0.203825602106	0.363199876094
-ptu	0.514042713155	0.27005145314	0.113281488617	0.102624345088
-pts	0.476798466377	0.268606320604	0.112902617923	0.141692595097
-uni	0.821080277311	0.157291002839	0.0	0.0216287198501
-tat	0.506300129231	0.301789614625	0.0710314209307	0.120878835213
-mip	0.337091919008	0.435416659084	0.0958743644356	0.131617057472
-'iv	0.161290322581	0.838709677419	0.0	0.0
-una	0.78125	0.09375	0.03125	0.09375
-ó̱n	0.371115173675	0.263254113346	0.191499085923	0.174131627057
-nka	0.242225859247	0.441898527005	0.0810147299509	0.234860883797
-pta	0.211478436391	0.469044430675	0.0978540998793	0.221623033055
-pto	0.0324165029469	0.965618860511	0.00196463654224	0.0
-aay	0.365883970596	0.456158443069	0.0838225183775	0.0941350679571
-cob	0.0144578313253	0.980439404678	0.0	0.00510276399717
-pti	0.65210722627	0.226409174888	0.0397392547147	0.081744344128
-aax	0.090951102329	0.739369118854	0.0199988845243	0.149680894293
-yía	0.140909090909	0.377272727273	0.118181818182	0.363636363636
-gad	0.0	1.0	0.0	0.0
-tra	0.0450388972294	0.907192575406	0.0313907465538	0.0163777808107
-oo'	0.178294358314	0.606834681285	0.0424322633945	0.172438697006
-snu	0.618497109827	0.277456647399	0.0308285163776	0.0732177263969
-tro	0.0131004366812	0.794759825328	0.0917030567686	0.100436681223
-'ni	0.438553972078	0.40891939744	0.0277914840507	0.124735146431
-gai	0.0	1.0	0.0	0.0
-adi	0.39696515044	0.226463744419	0.0421806355395	0.334390469602
-gau	0.0	1.0	0.0	0.0
-sna	0.444553870396	0.291510734686	0.0748473507977	0.189088044121
-gar	0.39156626506	0.436746987952	0.14156626506	0.0301204819277
-gap	0.26286966046	0.5569550931	0.0438116100767	0.136363636364
-ana	0.183806463812	0.522845944413	0.0548238946187	0.238523697157
-sni	0.514136182636	0.265408790411	0.122598291285	0.0978567356679
-ju'	0.216040462428	0.534682080925	0.119219653179	0.130057803468
-seo	0.0204930758244	0.904164733645	0.00843832533945	0.0669038651914
-máy	0.521350858437	0.256650525124	0.0672913653229	0.154707251116
-sem	0.0	1.0	0.0	0.0
-lao	0.2	0.8	0.0	0.0
-inm	0.102827085637	0.242190665193	0.0860898047752	0.568892444396
-vu̱	0.700932167752	0.235845450027	0.00401411950607	0.0592082627146
-uip	0.198093351492	0.341418393418	0.238950105237	0.221538149853
-uis	0.0	1.0	0.0	0.0
-knu	0.529804131531	0.3613884799	0.0783786195512	0.030428769018
-kni	0.701554674823	0.149091667759	0.0569976895991	0.0923559678186
-uim	0.0	1.0	0.0	0.0
-uin	0.0218487394958	0.976470588235	0.0	0.00168067226891
-kna	0.369271788035	0.356607232128	0.0516580569905	0.222462922846
-inu	0.606902332572	0.226609243576	0.0779691880799	0.0885192357719
-ñam	0.200886451325	0.54912152036	0.16070916106	0.0892828672555
-tkp	0.300423837625	0.37690529886	0.207342281299	0.115328582216
-eda	0.212370280358	0.0569739154531	0.0241705219546	0.706485282234
-sóm	0.122994652406	0.860962566845	0.0160427807487	0.0
-pka	0.373163786055	0.353991033919	0.116164321764	0.156680858263
-kup	0.333583022601	0.300823507742	0.0994982731122	0.266095196544
-mts	0.245448808445	0.234465149985	0.0544971992434	0.465588842326
-ook	0.130215399812	0.760128625162	0.0237140494602	0.0859419255662
-ooj	0.0859099591571	0.688972403833	0.151522681037	0.0735949559735
-oom	0.413248723108	0.034824330599	0.477635041015	0.0742919052778
-nes	0.0665258711721	0.868004223865	0.0285110876452	0.0369588173178
-nep	0.836363636364	0.163636363636	0.0	0.0
-rso	0.0	0.953002610966	0.0156657963446	0.0313315926893
-oop	0.424290043776	0.545403524526	0.0	0.0303064316982
-sju	0.686251211657	0.171414277227	0.0452456145836	0.0970888965323
-bed	0.212121212121	0.787878787879	0.0	0.0
-ias	0.0128479657387	0.974304068523	0.0	0.0128479657387
-jki	0.627042659886	0.230184813799	0.0414401914445	0.10133233487
-ooy	0.413483892395	0.460312188642	0.048156758552	0.0780471604118
-oox	0.225399624334	0.611811758091	0.0643998926669	0.0983887249077
-kum	0.0947557698654	0.640965202341	0.0404479853455	0.223831042448
-ooz	0.409045226131	0.577889447236	0.0130653266332	0.0
-'xp	0.520397083915	0.317201799286	0.0372266170312	0.125174499767
-kuj	0.217285453439	0.757151552039	0.0	0.0255629945222
-̱ip	0.414534832256	0.440470921484	0.0929450296538	0.0520492166062
-ban	0.0704761904762	0.795238095238	0.0114285714286	0.122857142857
-ska	0.501547987616	0.202216066482	0.0557275541795	0.240508391722
-'it	0.200414485757	0.0600370890432	0.00638485494026	0.73316357026
-joy	0.719247782043	0.228184667249	0.0204085785103	0.032158972198
-uuk	0.408329527932	0.26917095188	0.049503312354	0.272996207834
-uuj	0.27856519843	0.567706061928	0.0457915394679	0.107937200174
-jot	0.0288242730721	0.832869785082	0.0713021491783	0.0670037926675
-kxy	0.518181807879	0.419227033759	0.0307006061925	0.0318905521689
-a̱j	0.150448366436	0.723864205509	0.0189317645535	0.106755663501
-aaj	0.105190767098	0.35152429357	0.0280092688248	0.515275670508
-jop	0.0214285714286	0.935714285714	0.0	0.0428571428572
-'ok	0.0145348837209	0.706072351421	0.172803617571	0.106589147287
-jkm	0.102217861226	0.486758738895	0.0266046488123	0.384418751066
-jom	0.0242535982366	0.130929627391	0.0751740133403	0.769642761033
-uux	0.654683065279	0.329233680227	0.0160832544938	0.0
-uuz	0.0992167101827	0.881853785901	0.00391644908616	0.0150130548303
-hoz	0.0	0.770491803279	0.229508196721	0.0
-kxi	0.779381443299	0.114432989691	0.0350515463917	0.0711340206185
-'ip	0.324864864865	0.314054054054	0.299459459459	0.0616216216216
-bas	0.0	1.0	0.0	0.0
-job	0.0	0.965156794425	0.0	0.0348432055749
-pet	0.605041678186	0.28549399126	0.0435955956673	0.0658687348868
-ju̱	0.410262478411	0.280142785421	0.138581172703	0.171013563465
-que	0.0	1.0	0.0	0.0
-asa	0.0	0.746355685131	0.148688046647	0.104956268222
-'in	0.246753246753	0.48051948052	0.168831168831	0.103896103896
-lts	0.368421052632	0.355263157895	0.0	0.276315789474
-yep	0.377472310127	0.278728981674	0.126360877574	0.217437830625
-yet	0.549097979907	0.251953476648	0.0664362104353	0.132512333009
-'é̱	0.842105263158	0.157894736842	0.0	0.0
-yek	0.140802913311	0.733089259111	0.0919192607667	0.0341885668104
-ujn	0.395302265503	0.243534160761	0.0715653313057	0.28959824243
-'ik	0.113590263692	0.638945233266	0.247464503043	0.0
-lta	0.0227272727273	0.931818181818	0.0	0.0454545454546
-zor	0.0	1.0	0.0	0.0
-sxa	0.307692307692	0.653846153846	0.0	0.0384615384615
-xox	0.0416666666666	0.866666666667	0.05	0.0416666666666
-mán	0.0	0.55166973442	0.44833026558	0.0
-ras	0.00653594771243	0.967320261438	0.0	0.0261437908496
-rap	0.890756302521	0.0840336134453	0.0	0.0252100840336
-eri	0.0	1.0	0.0	0.0
-ram	0.0	1.0	0.0	0.0
-uía	0.0334872979215	0.954965357968	0.0	0.0115473441109
-red	0.0	1.0	0.0	0.0
-tía	0.186163706639	0.607759675131	0.0185919076276	0.187484710602
-era	0.0216606498194	0.978339350181	0.0	0.0
-'íx	0.132335565183	0.5872390705	0.166994879874	0.113430484443
-rac	0.0	1.0	0.0	0.0
-aén	0.0	1.0	0.0	0.0
-ya̱	0.0685890661966	0.022751534601	0.00697021426572	0.901689184937
-'ch	0.213197562234	0.682330015475	0.0385151787249	0.0659572435665
-'ox	0.227644407831	0.532949014922	0.174343208526	0.0650633687212
-jpp	0.429115847719	0.240328665606	0.100055615974	0.230499870702
-pos	0.0513698630137	0.917808219178	0.0	0.0308219178082
-ata	0.0382477904863	0.910573394138	0.0306138119371	0.0205650034386
-uka	0.166666666667	0.333333333333	0.5	0.0
-jkx	0.633599151439	0.205297434785	0.0180462860609	0.143057127715
-oxk	0.156377120403	0.792428812574	0.0362509339458	0.0149431330769
-jmk	0.0	0.00151630022744	0.998483699773	0.0
-aza	0.00749063670412	0.955056179775	0.0224719101124	0.0149812734082
-ujt	0.0	1.0	0.0	0.0
-'nk	1.0	0.0	0.0	0.0
-ika	0.0899887514061	0.865016872891	0.044994375703	0.0
-sja	0.487462928013	0.379077918577	0.0994877325424	0.0339714208681
-ujx	0.875878853434	0.0754461871282	0.0121687398594	0.0365062195781
-aat	0.16521953791	0.156704658391	0.0631178160817	0.614957987617
-nor	0.0	1.0	0.0	0.0
-nos	0.044499381953	0.955500618047	0.0	0.0
-aap	0.484787018256	0.217038539554	0.0304259634889	0.267748478702
-'na	0.80640288512	0.0282753194209	0.00681797510559	0.158503820354
-aam	0.0418719211823	0.950738916256	0.00738916256158	0.0
-aal	0.0	1.0	0.0	0.0
-ppi	0.769499417928	0.162980209546	0.0325960419092	0.034924330617
-fos	0.0212765957447	0.978723404255	0.0	0.0
-eón	0.0900114810562	0.870034443169	0.0289322617681	0.0110218140069
-aak	0.133235594496	0.788848026213	0.00851282401684	0.0694035552735
-las	0.0257953568358	0.943857164534	0.0151737393152	0.0151737393152
-nio	0.00727272727272	0.992727272727	0.0	0.0
-uji	0.394027676621	0.310269482884	0.0305899490167	0.265112891479
-ppa	0.243626489667	0.383768290843	0.168954593453	0.203650626037
-ujk	0.199274841796	0.359563636868	0.0560736829694	0.385087838367
-ujl	0.0346020761245	0.365628604383	0.599769319493	0.0
-ujm	0.755020080321	0.100401606426	0.144578313253	0.0
-aac	0.00217430693966	0.993477079181	0.00434861387934	0.0
-kji	0.258261495907	0.198465536959	0.126110802617	0.417162164516
-a̱'	0.35601412902	0.474065811489	0.0732478155791	0.0966722439115
-ión	0.0278568775536	0.961000371425	0.00742850068095	0.00371425034047
-e̱m	0.0661053100613	0.0273059510307	0.00653456103272	0.900054177875
-kja	0.269995994125	0.484176792629	0.098277473628	0.147549739618
-e̱p	0.11151884289	0.0439356656129	0.00952434192621	0.835021149571
-doc	0.0	1.0	0.0	0.0
-ges	0.0315789473684	0.936842105263	0.0315789473684	0.0
-e̱x	0.175438596491	0.684210526316	0.0	0.140350877193
-pyk	0.0461538461538	0.953846153846	0.0	0.0
-e̱t	0.17192224622	0.031101511879	0.739956803456	0.0570194384449
-mpo	0.142536774488	0.730168383443	0.0933140750313	0.0339807670379
-vos	0.024529888726	0.836215819891	0.123404209437	0.015850081946
-sat	0.407688540646	0.260528893242	0.173849167483	0.157933398629
-sax	0.621392190153	0.285229202037	0.062818336163	0.0305602716469
-tok	0.137085377931	0.592599392463	0.244611721245	0.025703508362
-mpa	0.134044507161	0.424032426308	0.0597592003943	0.382163866137
-'uk	0.142581060769	0.114666094052	0.439982821559	0.30277002362
-'uj	0.377980834634	0.313022646341	0.283264314008	0.0257322050174
-fil	0.0165289256198	0.735537190083	0.247933884297	0.0
-̱pa	0.261272021499	0.45073156166	0.131830397133	0.156166019707
-tor	0.356203007519	0.568609022556	0.0751879699248	0.0
-tos	0.0	1.0	0.0	0.0
-yka	0.452830188679	0.36581712627	0.0704789550073	0.110873730044
-mpy	0.539182492821	0.255886587251	0.0800273615947	0.124903558333
-̱pk	0.0732396101395	0.639027679312	0.0667156201271	0.221017090421
-ago	0.0	0.995947163014	0.000900630441308	0.00315220654458
-nma	0.485849056604	0.14858490566	0.11320754717	0.252358490566
-yki	0.270840138984	0.546966412259	0.0376414337897	0.144552014968
-a̱m	0.465815325244	0.335694604325	0.0557521353656	0.142737935065
-kju	0.403077592301	0.30134304823	0.173073786091	0.122505573378
-iel	0.0505095259193	0.912272928666	0.0372175454142	0.0
-a̱k	0.397821811743	0.321460704107	0.0922004355987	0.188517048551
-loi	0.0	0.981132075472	0.0188679245283	0.0
-yju	0.49535735381	0.198700531601	0.041819255759	0.26412285883
-xya	0.362183754993	0.227696404794	0.0798934753662	0.330226364847
-loe	0.0444444444444	0.792592592593	0.0444444444444	0.118518518518
-a̱a	0.488958990536	0.170347003155	0.0	0.340694006309
-loc	0.0	1.0	0.0	0.0
-aní	0.0	1.0	0.0	0.0
-des	0.0153343745563	0.94050830612	0.0380519664915	0.0061053528326
-a̱y	0.119976004799	0.718056388722	0.0599880023995	0.101979604079
-a̱x	0.0560028800196	0.702018906557	0.12371741094	0.118260802484
-map	0.266621138202	0.573737122341	0.0632063533948	0.0964353860624
-xyp	0.456605432884	0.426739318319	0.0555776867718	0.0610775620252
-a̱t	0.0372042439053	0.0579015929707	0.0174636276579	0.887430535466
-lot	0.0109477635283	0.947085809613	0.0419664268585	0.0
-a̱v	0.451660539793	0.25073051183	0.043202312502	0.254406635875
-a̱p	0.400884919615	0.380863733429	0.0599266410286	0.158324705928
-uel	0.0214746419646	0.961764661868	0.00419017404187	0.0125705221256
-ipo	0.00702576112412	0.985948477752	0.0	0.00702576112412
-sar	0.10456796918	0.88882773803	0.00660429279031	0.0
-'yp	0.433045573178	0.444248142943	0.0517968279462	0.0709094559326
-ipa	0.0	0.993174061433	0.0	0.00682593856654
-mat	0.557879373801	0.178740733552	0.142664108517	0.12071578413
-lia	0.0	1.0	0.0	0.0
-noé	0.0	1.0	0.0	0.0
-'ux	0.408948311921	0.392366298177	0.112040633403	0.0866447564983
-lén	0.00638828295419	0.981250649216	0.00145424327413	0.0109068245559
-kxa	0.584595049267	0.28642954418	0.0532724505328	0.0757029560202
-ipp	0.604891815616	0.30103480715	0.0112888052681	0.0827845719661
-'vi	0.529411764706	0.248130504431	0.0605024028877	0.161955327975
-kta	0.252452486456	0.574049775091	0.0701124255923	0.10338531286
-sji	0.420925043415	0.383837815381	0.0333011427289	0.161935998475
-e̱n	0.101587004354	0.868919994382	0.0196620008426	0.00983100042131
-ite	0.0	1.0	0.0	0.0
-yáñ	0.587764093321	0.266045859617	0.030039050766	0.116150996295
-jtu	0.14406779661	0.805084745763	0.0508474576271	0.0
-xkm	0.473282442748	0.175572519084	0.0	0.351145038168
-jtp	0.289967340373	0.439263655673	0.035675265426	0.235093738528
-jts	0.415740164281	0.223872325806	0.189895669536	0.170491840377
-xki	0.0	0.794117647059	0.176470588235	0.0294117647059
-jti	0.640406999152	0.26609111231	0.0369228397441	0.0565790487937
-jtk	0.0644799096568	0.699050487088	0.220114356921	0.0163552463347
-iix	0.209598432909	0.583251714006	0.0190989226249	0.18805093046
-hat	0.531032770606	0.37959285005	0.0049652432969	0.0844091360476
-jta	0.30908247783	0.543101394251	0.0833896508543	0.064426477065
-vts	0.273374529823	0.364051585169	0.146023643203	0.216550241805
-mna	0.334467963387	0.11364416476	0.0409038901601	0.510983981694
-stu	0.544449657761	0.305682821815	0.058270313535	0.091597206889
-'mp	0.498193580911	0.216098134767	0.0456225844396	0.240085699882
-sts	0.277394584903	0.276636336511	0.0955506225823	0.350418456004
-nni	0.629415729498	0.189838295431	0.0653185063206	0.115427468751
-sto	0.013507937673	0.929446002342	0.00393468295946	0.0531113770258
-sti	0.680117938898	0.224051266429	0.0399077378362	0.055923056837
-stk	0.490196078431	0.360784313725	0.0941176470588	0.0549019607843
-ste	0.109090909091	0.818181818182	0.0363636363636	0.0363636363636
-gui	0.446224246029	0.471231175952	0.0410996016079	0.0414449764113
-'ut	0.0264317180617	0.947136563877	0.0	0.0264317180617
-nap	0.427543500065	0.386420129955	0.0701234137193	0.11591295626
-saí	0.0	1.0	0.0	0.0
-á̱n	0.0562740094615	0.878731876459	0.0170898767989	0.0479042372807
-á̱k	0.676470588235	0.0714285714286	0.126050420168	0.126050420168
-loé	0.0061475409836	0.981557377049	0.0	0.0122950819672
-cua	0.039972899729	0.914634146341	0.00880758807588	0.0365853658537
-'at	0.445560039659	0.442955691165	0.0696959964251	0.0417882727514
-kki	0.830188679245	0.11320754717	0.0283018867925	0.0283018867925
-'da	0.166112440353	0.664463279127	0.0440001622126	0.125424118307
-pit	0.0796046847033	0.629664078656	0.0971929256334	0.193538311007
-á̱v	0.808510638298	0.191489361702	0.0	0.0
-yyp	0.130909090909	0.847272727273	0.0	0.0218181818181
-rés	0.0	1.0	0.0	0.0
-̱mi	0.657526976826	0.0548381390412	0.0159207500442	0.271714134088
-spo	0.0	1.0	0.0	0.0
-car	0.0	0.977142857143	0.0228571428571	0.0
-lem	0.134502923977	0.821637426901	0.0	0.0438596491228
-vji	0.662557918333	0.104767520122	0.00600737572241	0.226667185823
-oip	0.0942408376963	0.748691099476	0.0	0.157068062827
-̱ma	0.221340762668	0.617976667247	0.105728713216	0.0549538568692
-lea	0.0047412090083	0.995258790992	0.0	0.0
-muk	0.202361230007	0.244361047487	0.0259447523463	0.527332970159
-leg	0.0	1.0	0.0	0.0
-mup	0.38292529818	0.372552536394	0.109706154904	0.134816010522
-ios	0.121595175551	0.75351097362	0.033127459267	0.0917663915624
-̱mp	0.410885209539	0.310808238395	0.137379008396	0.140927543669
-vju	0.417868514703	0.489479927577	0.0839108447275	0.00874071299241
-les	0.0225018935057	0.945352544343	0.0103922639283	0.0217532982228
-múk	0.344533029613	0.566628701595	0.0489749430524	0.0398633257403
-yts	0.285442927903	0.17390040481	0.237443096303	0.303213570984
-eel	0.0	1.0	0.0	0.0
-rra	0.00922131147541	0.984631147541	0.0061475409836	0.0
-een	0.193579169774	0.588619668893	0.177918877794	0.0398822835379
-'yk	0.328767123288	0.630136986301	0.0	0.041095890411
-'yi	0.460774895933	0.372398334934	0.0951008645534	0.0717259045789
-̱ta	0.172769953052	0.27323943662	0.210328638498	0.343661971831
-tju	0.527648578811	0.349354005168	0.0671834625323	0.0558139534884
-̱tm	0.126145432064	0.600619766439	0.0415765065514	0.231658294946
-rro	0.0772812840583	0.912315466165	0.0104032497771	0.0
-'ya	0.609507562034	0.213612058034	0.0423120363803	0.134568343551
-iud	0.0	1.0	0.0	0.0
-gio	0.0236713069943	0.976328693006	0.0	0.0
-̱tu	0.655695335136	0.21770607557	0.0302549549751	0.0963436343187
-eey	0.0449438202247	0.348314606741	0.606741573034	0.0
-sam	0.18039367894	0.402976409095	0.155941511107	0.260688400858
-ndo	0.0	0.960784313725	0.0	0.0392156862745
-nda	0.357874292695	0.406849475838	0.0916333277302	0.143642903736
-oam	0.0	1.0	0.0	0.0
-'e̱	0.290108623333	0.049205419693	0.0064761391474	0.654209817826
-eev	0.0270067516879	0.968756895106	0.00423635320595	0.0
-tja	0.431790327142	0.314415008956	0.118978033374	0.134816630527
-eep	0.0459770114943	0.83908045977	0.0	0.114942528736
-gia	0.0373831775701	0.96261682243	0.0	0.0
-ala	0.0	1.0	0.0	0.0
-juu	0.451844262295	0.326331967213	0.0491803278689	0.172643442623
-ámy	0.940789473684	0.0	0.0	0.0592105263157
-o'o	0.12426035503	0.830769230769	0.0319526627219	0.0130177514793
-̱am	0.160427807487	0.663101604278	0.0802139037432	0.096256684492
-yok	0.377358490566	0.622641509434	0.0	0.0
-a̱n	0.0874858902782	0.0853195035356	0.00162205224177	0.825572553944
-eek	0.478413068845	0.350596894354	0.0686652903689	0.102324746432
-abé	0.0395721925134	0.938859180036	0.0114081996435	0.0101604278075
-mit	0.0821404250241	0.733570159858	0.0883536110194	0.0959358040986
-chi	0.658975801913	0.232976927406	0.0675295441755	0.0405177265053
-xtu	0.605646817161	0.243862042706	0.0448997743618	0.105591365772
-xux	0.401423189619	0.162829635831	0.384261197154	0.0514859773964
-cha	0.145667497521	0.651979309051	0.0982284044919	0.104124788936
-ee'	0.0140983675368	0.93318565882	0.0338119594062	0.0189040142369
-jkk	0.347394540943	0.101736972705	0.372208436725	0.178660049628
-xup	0.580136426081	0.284382469487	0.0820700553487	0.0534110490832
-che	0.044733044733	0.756132756133	0.199134199134	0.0
-ñu̱	0.244565217391	0.623188405797	0.0452898550725	0.0869565217392
-oré	0.0	1.0	0.0	0.0
-elo	0.0	1.0	0.0	0.0
-ogo	0.0	1.0	0.0	0.0
-oga	0.833333333333	0.111418047882	0.0414364640884	0.0138121546961
-ela	0.0	1.0	0.0	0.0
-pxi	1.0	0.0	0.0	0.0
-jpa	0.151302717229	0.741637477541	0.0639972230441	0.0430625821861
-é̱t	0.314341846758	0.646365422397	0.0392927308448	0.0
-pna	0.343955918769	0.175239682701	0.110532848072	0.370271550458
-xnu	0.652050652051	0.267624267624	0.019845019845	0.06048006048
-itt	0.0727272727273	0.781818181818	0.145454545455	0.0
-itu	0.0219431688004	0.935804722604	0.0385309768236	0.00372113177209
-pni	0.623537508603	0.169993117688	0.173434273916	0.0330350997935
-ter	0.0	0.968695652174	0.0313043478261	0.0
-ito	0.0723928450894	0.846608167398	0.0445494431319	0.0364495443807
-mín	0.270018208465	0.653905937736	0.0314429098015	0.0446329439979
-eso	0.0	0.985492227979	0.0	0.0145077720207
-u̱p	0.11080333905	0.484043527051	0.0735364878032	0.331616646095
-lás	0.0	1.0	0.0	0.0
-jpy	0.520888418826	0.32575356954	0.0740349021681	0.0793231094658
-jpx	0.340096550759	0.249667669489	0.18477576436	0.225460015392
-esa	0.115276035132	0.800694913618	0.0177347746356	0.0662942766142
-é̱n	0.385703265621	0.488300334276	0.0668552327077	0.0591411673952
-xna	0.168330412253	0.324468490437	0.250400060962	0.256801036348
-ta̱	0.596770710764	0.0405089631977	0.0103249022157	0.352395423823
-ita	0.107603040126	0.107276144815	0.0602713231088	0.72484949195
-o'y	0.569476082005	0.240698557327	0.129081245254	0.0607441154138
-spa	0.180110073429	0.714474517216	0.0780772732104	0.0273381361454
-jam	0.311750026151	0.35022938179	0.030932918902	0.307087673157
-spe	0.0568421052632	0.892631578947	0.0505263157895	0.0
-udu	0.613449770917	0.25109928969	0.0341317917653	0.101319147628
-fté	0.0	1.0	0.0	0.0
-o'p	0.339931153184	0.549483648881	0.0043029259897	0.106282271945
-ojk	0.0613120650009	0.0644645031942	0.30536002427	0.568863407535
-ypa	0.0	0.760204081633	0.19387755102	0.045918367347
-e̱y	0.28	0.274285714286	0.0	0.445714285714
-aa̱	0.37140105922	0.472219547424	0.0350505536832	0.121328839673
-fas	0.126728110599	0.845622119816	0.0138248847926	0.0138248847926
-o'k	0.0265455207904	0.0400587843251	0.0968816641176	0.836514030767
-uda	0.229524685269	0.426110954155	0.0297386727592	0.314625687817
-o'm	0.0752095970492	0.873979509826	0.0239249426834	0.0268859504412
-bre	0.042537786225	0.843424744321	0.0841705131685	0.0298669562856
-o'n	0.103623000926	0.0326027442928	0.0277043428913	0.83606991189
-udi	0.824274319546	0.112819669435	0.0384014472494	0.0245045637694
-bro	0.0229166666667	0.947638888889	0.0294444444444	0.0
-udo	0.0246575342466	0.931506849315	0.0	0.0438356164383
-hum	0.154340836013	0.807073954984	0.0385852090032	0.0
-nju	0.672030675425	0.161391708835	0.0171292076563	0.149448408084
-ejk	0.255319148936	0.71914893617	0.0	0.0255319148936
-'ka	0.187359720883	0.143464562028	0.184594749598	0.48458096749
-huj	0.407348242811	0.223642172524	0.244408945687	0.124600638978
-'ki	0.561300092762	0.243899667786	0.148266605164	0.046533634287
-'kk	0.18	0.82	0.0	0.0
-mju	0.603459530026	0.292754569191	0.0430809399478	0.0607049608355
-'kt	0.0261348005502	0.920220082531	0.0495185694635	0.00412654745529
-̱o̱	0.350649350649	0.597402597403	0.0	0.051948051948
-mdi	0.445303331595	0.28056542574	0.047969096362	0.226162146303
-'kp	0.404712990695	0.289130741512	0.258243831074	0.0479124367197
-nja	0.500562326352	0.279254117654	0.0962005746817	0.123982981312
-rom	0.0	1.0	0.0	0.0
-cio	0.0214806290756	0.970464135021	0.00805523590335	0.0
-abo	0.0	1.0	0.0	0.0
-'kx	0.300111447704	0.527984336365	0.105260319602	0.0666438963294
-nji	0.48041951598	0.220529455604	0.167637551954	0.131413476463
-jya	0.742489270386	0.108154506438	0.0480686695279	0.101287553648
-vap	0.188109197913	0.563645342651	0.161255344348	0.0869901150878
-̱jx	0.165106673994	0.162895504026	0.0108439967837	0.661153825196
-̱jy	0.761307899406	0.170490095044	0.0216093515817	0.0465926539681
-vat	0.482631055124	0.312507961057	0.077337117999	0.12752386582
-mji	0.383458441565	0.324168918246	0.0510043967059	0.241368243484
-̱jt	0.691427443345	0.168544374026	0.117631842286	0.0223963403427
-nce	0.0332480818414	0.925831202046	0.0409207161125	0.0
-̱jv	0.823104871154	0.107779631885	0.00898528854673	0.0601302084149
-ada	0.424564343231	0.359295932136	0.0945215461385	0.121618178494
-̱jp	0.424408452284	0.378350234697	0.0892648307461	0.107976482274
-ael	0.0477484152466	0.924261134437	0.0	0.0279904503169
-tun	0.319034288135	0.12155671289	0.0568419628021	0.502567036173
-los	0.0147492625369	0.981563421829	0.0	0.00368731563422
-tup	0.397285336146	0.368088183882	0.0858994437378	0.148727036234
-̱jm	0.50802112098	0.345777149165	0.0247338133041	0.121467916551
-̱jn	0.35888712723	0.573988351804	0.0234238684439	0.043700652522
-oro	0.00260394063015	0.769985244336	0.223157712004	0.00425310302925
-elí	0.00762388818297	0.961880559085	0.0152477763659	0.0152477763659
-vaj	0.0131004366812	0.986899563319	0.0	0.0
-pét	0.35120528117	0.465505956277	0.099695173265	0.0835935892881
-ora	0.00464037122971	0.967517401392	0.00928074245939	0.0185614849188
-kox	0.276422764228	0.0487804878049	0.512195121951	0.162601626016
-ser	0.0	1.0	0.0	0.0
-vam	0.158085926002	0.252204458646	0.149730186098	0.439979429253
-tna	0.353111432706	0.264351181862	0.0332850940666	0.349252291365
-vda	0.356105676473	0.528847757059	0.0704131159316	0.0446334505358
-noc	0.058264997842	0.805783340527	0.123003884333	0.0129477772982
-a'm	0.0402684563758	0.879194630873	0.0402684563757	0.0402684563758
-hip	0.240058704312	0.349430428402	0.237193374799	0.173317492487
-xat	0.394255370013	0.446803424194	0.0900453202171	0.0688958855754
-lit	0.0238100652563	0.801137973707	0.11962384516	0.055428115876
-yán	0.333012947753	0.558992977821	0.00755095798407	0.100443116442
-tea	0.0	0.992818671454	0.00718132854575	0.0
-omp	0.548602529922	0.260784023235	0.102910304119	0.0877031427246
-lis	0.0246406570842	0.975359342916	0.0	0.0
