-imü	0.0571428571428	0.9	0.0428571428571	0.0
-u-e	0.218755768876	0.631714971386	0.116300535352	0.0332287243862
-ufu	0.841666666667	0.158333333333	0.0	0.0
-kpü	0.688220702168	0.244639685974	0.0404742340989	0.0266653777593
-mba	0.0795807779628	0.10875806369	0.0451997248986	0.766461433448
-wüh	0.146555843788	0.0545133673625	0.0159641904647	0.782966598384
-oyi	0.0748100526008	0.892460549386	0.00350672121566	0.0292226767972
-kpï	0.0558034386817	0.785179951715	0.0501586321565	0.108857977447
-ecö	0.306772908367	0.458167330677	0.0717131474104	0.163346613546
-üme	0.0384615384615	0.923076923077	0.0384615384615	0.0
-ʼdü	0.579545454545	0.0681818181818	0.0170454545455	0.335227272727
-ʼdö	0.332277169085	0.430381995854	0.114628368374	0.122712466686
-ejï	0.379816752226	0.553967119371	0.0506205731367	0.0155955552667
-i-e	0.247771288042	0.632954196127	0.0442668306179	0.0750076852137
-üsa	0.0348459036704	0.897010995818	0.00929224097878	0.0588508595323
-üse	0.035955346523	0.643663565786	0.0219579478745	0.298423139816
-nzï	0.653160146278	0.315962878631	0.020699648106	0.0101773269854
-yee	0.377049180328	0.426229508197	0.0655737704918	0.131147540984
-arï	0.482656709254	0.229482717088	0.0470784311019	0.240782142557
-nzö	0.240346056523	0.406958130388	0.0800799524173	0.272615860671
-arü	0.669243393023	0.126921414465	0.041310963834	0.162524228677
-opa	0.326230712711	0.551065393093	0.0308596620132	0.0918442321822
-400	0.551181102362	0.196850393701	0.0157480314961	0.236220472441
-ima	0.477711531884	0.424221014569	0.0286952158021	0.0693722377449
-oko	0.154483448019	0.620008495176	0.0468969112786	0.178611145526
-imi	0.127436281859	0.779610194903	0.0179910044977	0.0749625187406
-oka	0.0673575129534	0.932642487047	0.0	0.0
-eci	0.251863545563	0.567245170199	0.114611403826	0.0662798804113
-obo	0.00822157199637	0.988589454623	0.00229207461717	0.000896898763239
-idi	0.207726419934	0.313696959466	0.0592104475139	0.419366173086
-ide	0.115942028985	0.594202898551	0.0	0.289855072464
-kpu	0.305019305019	0.629343629344	0.0617760617761	0.00386100386101
-ece	0.545824940697	0.290150448041	0.0422346512257	0.121789960037
-kpi	0.32518089186	0.318411404847	0.198243841031	0.158163862262
-kpo	0.614698918109	0.144745980365	0.0555992186278	0.184955882899
-kpa	0.116488995101	0.338211392778	0.0708601064091	0.474439505711
-kpe	0.516002217253	0.272052400112	0.0728083571071	0.139137025528
-ecu	0.271398307798	0.583606380118	0.120246816272	0.0247484958122
-100	0.268261481387	0.464372521428	0.053729052066	0.21363694512
-uta	0.460104337946	0.516377144171	0.00223985884598	0.0212786590368
-eje	0.641563257881	0.200426150353	0.104508824722	0.0535017670441
-ötö	0.287534758654	0.229707723109	0.0321347196816	0.450622798555
-eji	0.328869047619	0.590773809524	0.0625	0.0178571428571
-uti	0.389655172414	0.451724137931	0.11724137931	0.0413793103448
-ʼdu	0.263264536801	0.457544058053	0.236075770427	0.0431156347187
-ʼdo	0.0	0.172413793103	0.827586206897	0.0
-etü	0.129378068993	0.734690488739	0.099321662952	0.0366097793161
-utu	0.162362875073	0.218170006577	0.161278376044	0.458188742306
-ecï	0.572809633245	0.201819528594	0.142333478946	0.0830373592144
-ʼda	0.214072018607	0.685573370922	0.0847201372016	0.0156344732691
-ötï	0.0847637681729	0.829221550729	0.0299202014463	0.0560944796521
-oro	0.674822066215	0.13458158821	0.0258631850145	0.164733160561
-eze	0.152304609218	0.72745490982	0.0681362725451	0.0521042084168
-nze	0.047138047138	0.043771043771	0.909090909091	0.0
-ïra	0.0728193146418	0.863317757009	0.0140186915888	0.0498442367602
-ara	0.0370686569381	0.488146206755	0.0416635009525	0.433121635355
-nza	0.491498148829	0.222004243503	0.0920863615746	0.194411246094
-nzo	0.250437627342	0.219387608689	0.481964014119	0.0482107498493
-aro	0.335825118384	0.597760371683	0.0246448461745	0.0417696637579
-ari	0.302982570164	0.539298862274	0.0387139645288	0.119004603033
-nzi	0.154407416927	0.69417935939	0.108778507645	0.0426347160374
-jia	0.229822254169	0.397415776662	0.165176403669	0.207585565501
-üje	0.292191068733	0.636461861728	0.0384993093173	0.0328477602214
-aru	0.387559808612	0.344497607656	0.267942583732	0.0
-nzu	0.275166655811	0.480403445728	0.196489257077	0.0479406413836
-üsü	0.48604129611	0.436238496636	0.0417601113603	0.0359600958936
-aye	0.186291173667	0.12843581728	0.14990756724	0.535365441813
-aya	0.145550436992	0.779589357274	0.0348254607293	0.0400347450053
-ïmü	0.058487874465	0.646219686163	0.155492154066	0.139800285307
-ezü	0.628298774741	0.334430119833	0.0165275346708	0.0207435707554
-ayo	0.186164228266	0.778733088886	0.00900068790972	0.0261019949382
-ayi	0.179004309457	0.307202893898	0.0603566686225	0.453436128023
-ayu	0.0252100840336	0.781512605042	0.193277310924	0.0
-kpö	0.0681875487666	0.796510135236	0.124518988012	0.0107833279856
-zïa	0.614695862081	0.330091934738	0.0331273219085	0.0220848812724
-etï	0.344460774022	0.250332423543	0.104975855553	0.300230946882
-uba	0.0915545373217	0.80477557594	0.0669193806929	0.0367505060454
-umu	0.0942075111394	0.486950986633	0.272119669001	0.146721833227
-ota	0.156533487744	0.811619378498	0.00926462072959	0.0225825130284
-ndo	0.139022565445	0.843716413032	0.00713421884436	0.0101268026782
-iji	0.300699300699	0.565656565657	0.040404040404	0.09324009324
-oto	0.236364345953	0.548465221307	0.127515281204	0.0876551515362
-isü	0.193625880846	0.698270339526	0.0736707238949	0.0344330557335
-uma	0.241064659325	0.587495575572	0.0498674541697	0.121572310933
-umi	0.0629370629371	0.79020979021	0.0	0.146853146853
-ako	0.151983045716	0.749016046019	0.0508628519528	0.0481380563125
ALL	0.246870875744	0.307847197241	0.0575296041331	0.387752322882
-ale	0.576444186052	0.174225559519	0.0702104289826	0.179119825447
-ünü	0.253344675586	0.54709612559	0.143763050035	0.0557961487897
-ake	0.0271507355037	0.0433966992436	0.00575553899011	0.923697026263
-aka	0.240147969136	0.139612254581	0.051839262232	0.568400514052
-üwe	0.060606060606	0.878787878788	0.030303030303	0.030303030303
-üwa	0.47105238502	0.418291480621	0.0465541926085	0.0641019417498
-aku	0.553828174255	0.355292091464	0.0391351816826	0.051744552598
-ezï	0.467567567568	0.467567567568	0.0	0.0648648648649
-igi	0.296296296296	0.6	0.0740740740741	0.0296296296296
-ayï	0.228725751033	0.658301803548	0.0875703570999	0.0254020883191
-ïmu	0.0893306190875	0.22392527841	0.668782181775	0.0179619207281
-aöö	0.137055837563	0.626057529611	0.181049069374	0.0558375634518
-ayü	0.0583463338533	0.879875195008	0.01872074883	0.0430577223089
-ïma	0.0185185185185	0.981481481482	0.0	0.0
-wuu	0.0104712041885	0.298429319372	0.69109947644	0.0
-ïda	0.175	0.73875	0.04875	0.0375
-bee	0.1803634017	0.327192072848	0.0671901516514	0.425254373801
-isi	0.277941923229	0.64146809351	0.0479208591149	0.0326691241466
-eve	0.0356553807379	0.964344619262	0.0	0.0
-eva	0.528925619835	0.396694214876	0.0743801652893	0.0
-otö	0.0687718883099	0.835515759891	0.0512984276456	0.0444139241534
-evi	0.110417016379	0.845141603319	0.0236684971583	0.0207728831443
-akï	0.310039925066	0.543875230555	0.0980838860122	0.0480009583668
-haa	0.486338797814	0.448087431694	0.0	0.0655737704919
-ïrü	0.0695433947926	0.868925329685	0.0171045242856	0.0444267512365
-ava	0.0269823698905	0.932544075274	0.0404735548356	0.0
-üwü	0.142857142857	0.428571428571	0.0	0.428571428571
-akü	0.343209876543	0.567901234568	0.0	0.0888888888888
-ïrï	0.335012815804	0.527210450969	0.0557404239053	0.0820363093211
-üna	0.0830659648044	0.56428188428	0.0587790119407	0.293873138975
-yoo	0.303370786517	0.606741573034	0.0561797752809	0.0337078651685
--ra	0.260287272902	0.251964418201	0.0384059548329	0.449342354064
-ekö	0.549671576027	0.280102810983	0.0264371098691	0.143788503121
-unu	0.398747390397	0.576200417537	0.0250521920668	0.0
-666	0.0547945205479	0.027397260274	0.0	0.917808219178
-ekü	0.36544117647	0.603676470588	0.0264705882353	0.00441176470588
-ade	0.645399419984	0.277089375165	0.0300553651463	0.0474558397047
-tra	0.0	1.0	0.0	0.0
-500	0.202653799759	0.37394451146	0.130277442702	0.29312424608
-mbö	0.384333821376	0.0614934114202	0.327232796486	0.226939970717
-ada	0.310388554526	0.487081942467	0.141792018025	0.0607374849814
-asï	0.159529411765	0.705647058824	0.115764705882	0.0190588235294
-ado	0.513068731849	0.332042594385	0.0987415295256	0.05614714424
-ümü	0.189210490405	0.547916093056	0.235232685242	0.0276407312971
-adi	0.453676131616	0.183708740052	0.124835082213	0.23778004612
-asö	0.752187702064	0.157819751328	0.080993291947	0.00899925466078
-144	0.0188087774295	0.153605015674	0.0	0.827586206897
-adu	0.241748796674	0.153920535159	0.106347623283	0.497983044884
-asü	0.117899200863	0.813750034824	0.038726014882	0.0296247494316
-mbï	0.117216117216	0.787545787546	0.0659340659341	0.029304029304
-ini	0.377809181828	0.225810930548	0.159213213564	0.237166674061
-erü	0.384298618491	0.384232199787	0.165382571732	0.0660866099894
-ina	0.121473836964	0.354375616474	0.35228690047	0.171863646093
-ïve	0.0394181135617	0.943688409198	0.00563115908025	0.0112623181605
-ine	0.257346795596	0.337723539812	0.0688714023568	0.336058262236
-ira	0.168869370646	0.313636858967	0.0263016803609	0.491192090026
-örö	0.485598153994	0.389554836957	0.0889474397526	0.0358995692968
-erï	0.558391682966	0.382266610138	0.0170328041117	0.0423089027842
-azü	0.578878522639	0.347644047329	0.0245047030892	0.0489727269432
--di	0.111888111888	0.550116550117	0.321678321678	0.016317016317
-ede	0.2703062171	0.267813552345	0.0374415674206	0.424438663134
--da	0.0	0.394103894246	0.562617812486	0.0432782932681
-edo	0.497020262217	0.410011918951	0.0548271752086	0.0381406436234
-ooo	0.337603862043	0.456296708908	0.131365176624	0.0747342524255
-azï	0.56302792622	0.24105953519	0.174732804689	0.0211797339017
-neh	0.159643920281	0.0471088356834	0.0112242875255	0.78202295651
-edu	0.448261360948	0.318684784609	0.0337740163482	0.199279838095
-nee	0.226499311403	0.561094667682	0.167106158635	0.0452998622805
-eka	0.142604819024	0.0843493080291	0.0168720238741	0.756173849073
-eke	0.265397981713	0.321707128185	0.230632244865	0.182262645238
-ovo	0.0344090186809	0.900717826283	0.0531531389089	0.0117200161274
-eki	0.0	1.0	0.0	0.0
-hoo	0.264705882353	0.419117647059	0.0441176470588	0.272058823529
-baa	0.511823748869	0.263651808076	0.0672079818455	0.157316461209
-eku	0.564923535139	0.364167478092	0.0327051950283	0.0382037917406
-uuu	0.326409495549	0.469948216675	0.130912899284	0.0727293884913
-üda	0.309352517986	0.587050359712	0.0431654676259	0.0604316546763
--rü	0.0919860908701	0.833088336069	0.0571615287434	0.0177640443172
-dru	0.355343356359	0.34985778139	0.232629012597	0.0621698496546
-ase	0.209616842965	0.696364001944	0.060546338936	0.033472816155
-asa	0.470296528675	0.413395366414	0.097358054933	0.018950049978
-nye	0.560666910064	0.239138371668	0.0985761226725	0.101618595595
-aso	0.0990566037736	0.688679245283	0.141509433962	0.0707547169811
-adï	0.0	1.0	0.0	0.0
-iyo	0.0988392434502	0.826761201095	0.0390005968429	0.035398958612
-asi	0.516330295139	0.332845052083	0.129665798611	0.0211588541667
-ürü	0.24007862027	0.391662876278	0.174506003921	0.193752499531
-asu	0.115102220777	0.145763472295	0.147482943639	0.59165136329
-dra	0.810126582278	0.189873417722	0.0	0.0
-mbe	0.219178082192	0.657534246575	0.123287671233	0.0
-mbi	0.378859986003	0.289947636111	0.135789841349	0.195402536537
-adü	0.289025575988	0.149629645617	0.0420439984285	0.519300779967
-dri	0.358902603568	0.391334765879	0.203588026585	0.0461746039678
-mbo	0.0346944222044	0.800551552353	0.036651543457	0.128102481986
--mü	0.32589816513	0.29071359467	0.0711691676455	0.312219072554
-430	0.586666666667	0.0266666666667	0.0	0.386666666667
-eru	0.452966714906	0.29522431259	0.191027496382	0.0607814761216
-eri	0.377226391845	0.284754116725	0.00784138008289	0.330178111348
-inü	0.109310256316	0.873088628946	0.013200836053	0.00440027868431
-ero	0.0739535165035	0.892833381903	0.015717184158	0.017495917436
-era	0.298815184976	0.543370677843	0.0222455065689	0.135568630612
-ere	0.290302685538	0.18761190517	0.0833554460929	0.438729963199
-ugu	0.152159531235	0.76136471033	0.0496172384463	0.0368585199886
-ozi	0.00848040555184	0.0234153419959	0.0173094499986	0.950794802454
-azi	0.13695043988	0.701904524387	0.0794238592833	0.0817211764497
-uga	0.0	0.988416988417	0.0	0.011583011583
-aze	0.443864229765	0.113763521074	0.436404326744	0.00596792241701
-aza	0.647751059055	0.176836471995	0.0550186605299	0.12039380842
-edü	0.328888888889	0.617777777778	0.0533333333333	0.0
-ike	0.0094537815126	0.959033613445	0.0315126050421	0.0
-ïsa	0.0	0.921858999606	0.0781410003939	0.0
-ika	0.373383266131	0.531592864236	0.0651479438615	0.0298759257708
-iko	0.0469226558223	0.932196762337	0.0206459685618	0.000234613279111
-ewü	0.0744928268027	0.0338245118368	0.00804233932461	0.883640322036
-iki	0.359494680528	0.530282795783	0.0676551725	0.0425673511887
--na	0.14658302787	0.261777217797	0.0544700719641	0.537169682369
-ipü	0.0	0.980769230769	0.0192307692308	0.0
-aaa	0.318338973235	0.486866159292	0.112765626418	0.082029241055
--ni	0.266133409187	0.208212111238	0.0467658614749	0.4788886181
--ti	0.927726325521	0.0722736744791	0.0	0.0
-ööö	0.2776203966	0.324233839815	0.066701004378	0.331444759207
-awü	0.376348713535	0.335095754818	0.113583966063	0.174971565584
-awö	0.52506596306	0.459102902375	0.0	0.0158311345646
-avi	0.257624398074	0.312199036918	0.362760834671	0.0674157303371
-oli	0.04	0.797647058824	0.0188235294118	0.143529411765
-ibi	0.270288322637	0.35777331987	0.293472538648	0.0784658188457
-olo	0.347557996397	0.512949639576	0.0542642658452	0.0852280981815
-ola	0.104868913858	0.865168539326	0.0149812734082	0.0149812734082
-ole	0.452691680261	0.461663947798	0.0244698205546	0.0611745513866
-efa	0.267156861352	0.509244540543	0.104086771082	0.119511827022
--wü	0.305744408005	0.165294500518	0.0480316729301	0.480929418547
-eyö	0.492354740061	0.483180428134	0.0	0.0244648318043
-eyï	0.550797125738	0.177001717853	0.0109984497423	0.261202706666
-oco	0.3779342723	0.474178403756	0.0821596244131	0.0657276995305
-üra	0.250153339046	0.638248610584	0.0204842236362	0.0911138267339
-ewu	0.355070905229	0.348092631288	0.21667972313	0.0801567403532
-akö	0.284188365683	0.476541283832	0.0761960617717	0.163074288714
--nü	0.548387096774	0.290322580645	0.0645161290323	0.0967741935484
-ïsï	0.231154551008	0.736591325596	0.0322541233964	0.0
-ipa	0.0561787538861	0.908732250968	0.0225442248605	0.0125447702853
-ewa	0.228614219011	0.411505594221	0.101312659677	0.25856752709
-ewo	0.348171701113	0.441971383148	0.114467408585	0.0953895071542
-ikü	0.0	0.967213114754	0.0327868852459	0.0
-awo	0.637587553106	0.216729819727	0.0871225169365	0.0585601102308
-nga	0.190877132084	0.285176908454	0.0600423152904	0.463903644171
-awa	0.414311386356	0.481081681245	0.0607376519984	0.0438692804007
-üvü	0.0388146911519	0.945325542571	0.00918196994991	0.00667779632721
-awu	0.825645661596	0.0824817983068	0.0308596673088	0.0610128727885
-276	0.0	0.127272727273	0.0	0.872727272727
-olï	0.0	1.0	0.0	0.0
-ezu	0.326840541433	0.40178276659	0.118851105976	0.152525586002
--wu	0.357148508585	0.338871746182	0.109027612944	0.194952132289
-eyu	0.0214285714286	0.578571428571	0.4	0.0
-ucu	0.205220522052	0.438343834384	0.329432943294	0.02700270027
-eyi	0.818299635003	0.0209513455088	0.0105802739068	0.150168745581
-ïyo	0.0392156862745	0.875816993464	0.0261437908497	0.0588235294117
-ü-e	0.314537166035	0.640778542216	0.0236456282848	0.0210386634642
-eyo	0.246666678111	0.688287409854	0.024874383505	0.04017152853
-eya	0.216395571104	0.652612976521	0.0793450427382	0.0516464096368
-eye	0.357822316574	0.47956331312	0.0579755581092	0.104638812197
--wa	0.223001775469	0.634002975934	0.118210928353	0.0247843202441
-itü	0.177914110429	0.736196319018	0.0552147239264	0.0306748466258
-esü	0.454792875338	0.489680087557	0.0105765784962	0.0449504586089
-esö	0.675960813866	0.265259984928	0.0	0.0587792012057
-ibe	0.0625	0.9375	0.0	0.0
-ïne	0.205610031341	0.115913155664	0.106867448725	0.571609364271
-rre	0.179523639096	0.387056938251	0.27012378161	0.163295641043
-ïna	0.34028861367	0.533830984968	0.0587077861066	0.0671726152551
-eee	0.378947368421	0.40701754386	0.182456140351	0.0315789473684
-ifi	0.211180124224	0.726708074534	0.0	0.0621118012422
-rri	0.301928926339	0.407031387289	0.246492795601	0.0445468907713
-ndu	0.115350480033	0.579320302671	0.0317899253391	0.273539291957
-övö	0.0333523375142	0.197976054732	0.752423033067	0.0162485746864
-ndi	0.0	0.905660377359	0.0943396226415	0.0
-alo	0.421231134475	0.554349669323	0.0244191962014	0.0
-rru	0.340136897971	0.484090570904	0.113275631169	0.0624968999554
-nda	0.193875609517	0.157325915313	0.0546607472227	0.594137727947
-ïyü	0.0	0.928571428571	0.0238095238095	0.047619047619
-nde	0.347003154574	0.412626085602	0.0906258519298	0.149744907894
-ala	0.536221775485	0.123993644879	0.032078465472	0.307706114164
-uve	0.00914882081865	0.0615004066143	0.0518433179723	0.877507454595
-120	0.0416666666667	0.0	0.0	0.958333333333
-özö	0.216531895777	0.497753818509	0.134770889488	0.150943396226
-uvu	0.307327286139	0.383149850317	0.110141632881	0.199381230663
-ʼbi	0.19693654267	0.584245076586	0.175054704595	0.0437636761488
-ʼbe	0.349448451968	0.285666383758	0.191180390168	0.173704774105
-abï	0.243243867064	0.650114672025	0.0694317970826	0.0372096638284
-ʼba	0.460608962923	0.39727203007	0.0922512330628	0.0498677739438
--sü	0.104042572446	0.767328100861	0.107087720908	0.0215416057856
-gbï	0.101694915254	0.898305084746	0.0	0.0
-153	0.0	0.0	0.047619047619	0.952380952381
-eli	0.155513065647	0.798597833015	0.0305927342256	0.0152963671128
-iyi	0.483574708584	0.404097492052	0.0593429883434	0.0529848110208
-elo	0.426440329218	0.551268861454	0.017146776406	0.00514403292181
-ogo	0.438280166436	0.500693481276	0.0568654646324	0.00416088765603
-oga	0.018691588785	0.96261682243	0.018691588785	0.0
-ela	0.237097611777	0.174542235454	0.0678019232973	0.520558229472
-iya	0.0827508541012	0.753648157594	0.0471471252779	0.116453863027
-gbü	0.225498556042	0.0396564723699	0.0167014469126	0.718143524675
-ele	0.224398905781	0.629263153556	0.0766907428524	0.0696471978107
-ʼbü	0.138528138528	0.549783549784	0.311688311688	0.0
-esu	0.0141451639368	0.614455253488	0.00787439441465	0.363525188161
-ito	0.0312764732451	0.941413729533	0.0104321698541	0.0168776273675
-esi	0.242481203007	0.712406015038	0.0451127819549	0.0
-eso	0.103801360048	0.825460514317	0.0330892889711	0.037648836664
--te	0.060052514542	0.884706710052	0.0417352412779	0.0135055341282
-iti	0.217185653764	0.436099457248	0.203143175615	0.143571713373
-esa	0.182601517318	0.276800674998	0.0367474174115	0.503850390273
-ite	0.0737100737101	0.764127764128	0.14742014742	0.014742014742
-ese	0.375638506876	0.396660117878	0.151473477407	0.0762278978389
-alü	0.110461441994	0.124135336542	0.0272879780051	0.738115243459
-faa	0.634920634921	0.269841269841	0.063492063492	0.031746031746
-ndü	0.28702946955	0.307282040733	0.373267992404	0.0324204973136
-ïya	0.0591373454451	0.85585562185	0.0240972127661	0.0609098199392
-udu	0.322651348033	0.518652389606	0.0542410061656	0.104455256195
-alö	0.0324324324324	0.789189189189	0.145945945946	0.0324324324324
-rrï	0.57416770635	0.112942412502	0.0942281174076	0.21866176374
-ndö	0.149931424215	0.311793856081	0.48534757509	0.0529271446143
-eza	0.508033028228	0.313064072201	0.101773026947	0.0771298726237
-uda	0.0740576620351	0.919217992736	0.0045552016064	0.0021691436221
-rrö	0.144144144144	0.531531531531	0.0540540540541	0.27027027027
-ndï	0.375468005446	0.552969707284	0.0211453369639	0.0504169503063
-ezi	0.566549912434	0.27057793345	0.141856392294	0.0210157618214
-udi	0.0578034682081	0.913294797688	0.0173410404624	0.0115606936416
-rrü	0.34425387508	0.447087957443	0.097587819866	0.111070347611
-abu	0.221858835513	0.723481803734	0.036159363821	0.018499996932
--se	0.0317097919838	0.510400811771	0.452815829528	0.00507356671741
-ömö	0.390512587409	0.336724064511	0.0374978113805	0.235265536699
--si	0.0	1.0	0.0	0.0
-abe	0.360952389926	0.346807990569	0.11358641641	0.178653203095
-ʼbï	0.286871140804	0.430205486385	0.0553362351116	0.2275871377
-aba	0.25656056445	0.652626106823	0.0295152723579	0.0612980563697
-abi	0.025	0.925	0.025	0.025
-gba	0.299366006525	0.58542484108	0.0361768182901	0.0790323341047
-gaa	0.169696969697	0.515151515152	0.29696969697	0.0181818181818
-gbe	0.258153469695	0.558887248705	0.118597715141	0.0643615664585
-koo	0.245849297573	0.611111111111	0.0415070242657	0.10153256705
-gbi	0.49468868515	0.307559188483	0.0634043963327	0.134347730034
-gbo	0.477694102872	0.359485991653	0.0882987486852	0.0745211567902
-ïpo	0.0100413467218	0.980311084859	0.00295333727111	0.00669423114786
-tuu	0.494550408719	0.380108991826	0.0640326975477	0.0613079019073
-drü	0.562162162162	0.259459459459	0.145945945946	0.0324324324324
-ïpe	0.11320754717	0.88679245283	0.0	0.0
-ora	0.0389483933788	0.933787731256	0.0116845180136	0.0155793573515
-ïpa	0.146817352524	0.699118183661	0.108960064869	0.0451043989458
-mbü	0.138044995336	0.769598836286	0.0421893938772	0.050166774501
-aʼa	0.356584026262	0.194481520896	0.06431386519	0.384620587652
-ïko	0.0702323068612	0.910318746623	0.00648298217181	0.0129659643436
-omo	0.00813797676939	0.871826865882	0.111897180579	0.0081379767694
-ici	0.09375	0.328125	0.546875	0.03125
-oma	0.0	0.998027613412	0.0	0.00197238658777
-ïka	0.025270719098	0.950004459062	0.014755440731	0.00996938110926
--tö	0.0904279797515	0.835020708698	0.0358950759319	0.0386562356189
-oda	0.0	0.971857410882	0.0	0.0281425891182
-ode	0.0420323720506	0.903254302975	0.0430297503704	0.0116835746039
-izi	0.173792144595	0.588691924458	0.214343645001	0.023172285946
-afü	0.595578502127	0.181393485038	0.0869299308398	0.136098081996
-are	0.610222816486	0.351511085011	0.0226505018346	0.0156155966687
-ura	0.344861528933	0.59276013095	0.023889577066	0.0384887630508
-ïtï	0.0979290323508	0.846883488309	0.033342435435	0.0218450439057
-afï	0.535671275287	0.231262318148	0.0489285560848	0.18413785048
-uru	0.150632175983	0.20731717717	0.0560129425179	0.586037704329
-pah	0.055540631814	0.0382482402395	0.0587356547591	0.847475473187
-apa	0.268490246318	0.29344542768	0.0845209931319	0.35354333287
-duu	0.225622999546	0.233247844755	0.122969604056	0.418159551643
-ape	0.247941445563	0.262580054895	0.368709972553	0.12076852699
-paa	0.460641399417	0.0874635568513	0.434402332362	0.0174927113703
-efï	0.541644077996	0.202692355827	0.0731229058735	0.182540660304
-ngü	0.130080846015	0.178966584232	0.0194876678162	0.671464901937
-apo	0.053372149442	0.917758369723	0.0160116448326	0.0128578360019
-üla	0.533810745667	0.334728399057	0.131460855276	0.0
-waa	0.466149799252	0.458258341409	0.0377959296691	0.0377959296691
-efü	0.433699363292	0.466642059611	0.0262987911784	0.0733597859186
-ngï	0.0794947994057	0.908618127786	0.00668647845469	0.00520059435363
-omö	0.224118384902	0.550750211779	0.0763660038058	0.148765399514
-ïkï	0.512561782262	0.379522754939	0.0557470337181	0.0521684290805
-eti	0.108108108108	0.891891891892	0.0	0.0
-ïbï	0.605805958747	0.297937356761	0.0962566844919	0.0
-ügö	0.207436399217	0.315068493151	0.383561643836	0.0939334637965
-fee	0.609756097561	0.219512195122	0.0487804878049	0.121951219512
--to	0.348987580442	0.34790114077	0.0638991344472	0.23921214434
-ügü	0.529333907596	0.255875651009	0.0463938508949	0.1683965905
--ta	0.740100271106	0.14344530305	0.0212641171114	0.0951903087324
-feh	0.350706090711	0.265546758643	0.0285489911805	0.355198159465
-elï	0.42104919318	0.504867054289	0.0274384268635	0.046645325668
-ïta	0.0903829029385	0.884238646483	0.0186999109528	0.006678539626
-uku	0.208648946426	0.732681448836	0.0225864206032	0.0360831841344
-gbu	0.285546415981	0.314688601645	0.177438307873	0.222326674501
-afu	0.321080952731	0.406657420684	0.215931634878	0.0563299917072
-uka	0.398889939313	0.461803543655	0.0241529688024	0.11515354823
-uke	0.0671121009651	0.876391982183	0.0193763919822	0.0371195248701
-afo	0.0410958904109	0.294520547945	0.469178082192	0.195205479452
-afa	0.319196441742	0.239865384585	0.159814754098	0.281123419574
-afe	0.569144347093	0.293966525432	0.0922180256523	0.0446711018233
-efe	0.115454219657	0.109336581672	0.0166168960657	0.758592302604
-ngu	0.0841900831258	0.16545351799	0.0118812542869	0.738475144597
--fe	0.0	0.929203539823	0.070796460177	0.0
-efo	0.227586206897	0.693103448276	0.0310344827586	0.048275862069
-efi	0.325358851675	0.674641148325	0.0	0.0
-ïïï	0.248560460653	0.449616122841	0.232725527831	0.0690978886756
-ülü	0.057647260254	0.883722757779	0.0120828795418	0.0465471024252
-efu	0.244558258643	0.476312419974	0.279129321383	0.0
-eta	0.0940537449972	0.796955403087	0.0219768439108	0.0870140080046
-nge	0.0	0.43998155407	0.56001844593	0.0
-üya	0.121200697239	0.399575593518	0.465372200987	0.0138515082559
-ngo	0.198586998566	0.744666138731	0.0284749192884	0.0282719434153
-eme	0.0816308686884	0.901543341201	0.011120493464	0.00570529664673
-gbö	0.0933978559195	0.228239418054	0.117362022295	0.561000703732
-ema	0.0193935015595	0.962410708979	0.00597993144017	0.0122158580214
-uwa	0.200895853949	0.426440627813	0.0825598691558	0.290103649083
-emo	0.112970711297	0.861924686192	0.0	0.0251046025105
-uwu	0.0514365089189	0.810290052399	0.0686828677917	0.0695905708903
-acï	0.408488993375	0.318281684121	0.115811070742	0.157418251763
-üba	0.0179691000672	0.912383623757	0.00554475087788	0.0641025252977
-öbö	0.145454545455	0.0909090909091	0.763636363636	0.0
-ajï	0.829280521434	0.138380546503	0.0203058410629	0.0120330910002
-üka	0.123910602768	0.286198030661	0.285845991715	0.304045374857
-ütü	0.188123904614	0.741526358607	0.0388733444839	0.0314763922946
-ïfa	0.109589041096	0.8599695586	0.0121765601218	0.0182648401826
-düü	0.571428571429	0.340659340659	0.0879120879121	0.0
-000	0.101225453446	0.330367874032	0.0133279069712	0.55507876555
-ʼde	0.0165708799663	0.133711219538	0.830385207202	0.019332693294
-eda	0.41724137931	0.490640394089	0.0566502463054	0.0354679802955
-ete	0.269174158043	0.175356727475	0.0505595071913	0.504909607291
-ökö	0.355270536472	0.549120259201	0.0571795572298	0.0384296470972
-ruu	0.0	1.0	0.0	0.0
-eto	0.322330802365	0.442692726753	0.0789959970738	0.155980473808
-uyi	0.17176209005	0.737354085603	0.0667037242912	0.0241801000556
-atu	0.18	0.64	0.15	0.03
-amü	0.0374331550802	0.42513368984	0.513368983957	0.024064171123
-ebï	0.438552770162	0.50046836901	0.0289527896199	0.0320260712081
-omi	0.333333333333	0.510752688172	0.0322580645161	0.123655913978
-amï	0.822111920583	0.108157873669	0.0389080137699	0.0308221919782
-ata	0.245206979169	0.342453553212	0.117562284524	0.294777183095
-ato	0.71004743095	0.0646509443885	0.0150721744902	0.210229450171
-ati	0.533427396356	0.349344060521	0.0941130557473	0.0231154873766
-ose	0.0185185185185	0.944444444444	0.037037037037	0.0
-acu	0.31288594719	0.505639137116	0.148152309066	0.0333226066276
-edi	0.594026123703	0.346907414522	0.0417787168652	0.0172877449098
-osa	0.0920716112532	0.856777493606	0.0	0.0511508951406
-emï	0.600497453512	0.297169252635	0.054956768921	0.0473765249319
-ula	0.0882071896933	0.821147319516	0.0469537711292	0.0436917196613
-ölö	0.287744981584	0.41190951418	0.0606792983664	0.23966620587
-ace	0.601313668699	0.0874046655304	0.0467690588297	0.264512606941
-emö	0.163287209169	0.799532369964	0.0103491893135	0.0268312315535
-aca	0.0729927007299	0.773722627737	0.0875912408759	0.0656934306569
-emü	0.373677022875	0.523898941618	0.089108910891	0.0133151246159
-nih	0.0922529543436	0.142401610323	0.0377921640953	0.727553271239
-aci	0.3477086212	0.334233168376	0.0979591476363	0.220099062788
-ulu	0.0899470899471	0.873015873016	0.026455026455	0.010582010582
-aji	0.0388817320806	0.772791016558	0.149808480245	0.0385187711167
-aje	0.516118475143	0.337006619688	0.025994244635	0.120880660534
-üta	0.016632016632	0.846153846154	0.137214137214	0.0
-üte	0.194014098714	0.527549944536	0.0763579070918	0.202078049657
-ükü	0.47802632735	0.397387731985	0.0536843319012	0.0709016087632
-öka	0.562398703404	0.350081037277	0.0340356564019	0.0534846029173
--ku	0.307831014941	0.538382277177	0.0996908809891	0.0540958268934
-ile	0.138888888889	0.833333333333	0.0277777777778	0.0
-ila	0.046925566343	0.888147249191	0.0279126213592	0.0370145631068
-üma	0.279426199652	0.569303432421	0.125490808227	0.0257795596992
--ka	0.32338346708	0.531070229455	0.0619699595505	0.0835763439148
-ojo	0.612698412698	0.171428571429	0.0539682539683	0.161904761905
-ili	0.7424	0.1616	0.0528	0.0432
-eba	0.567031952936	0.24316530165	0.0902526242935	0.0995501211212
-atü	0.0919916845942	0.844645467648	0.0425628855759	0.0207999621819
-amu	0.551373020488	0.278781830659	0.0639520569115	0.105893091942
-ebe	0.27705345502	0.70925684485	0.00586701434159	0.00782268578878
-ami	0.182220481743	0.706603902948	0.0973506683283	0.0138249469815
-amo	0.337062937063	0.560839160839	0.0265734265734	0.0755244755245
-ama	0.0682385916681	0.849554435174	0.0382207159409	0.0439862572172
-atï	0.453601094957	0.377891815733	0.0657783124848	0.102728776825
-igü	0.0486850576813	0.943200766039	0.00811417628022	0.0
-ebu	0.332410787893	0.520963372983	0.0547638676246	0.0918619714993
-usi	0.0178914904059	0.972746221932	0.00452246098952	0.004839826673
--lö	0.031746031746	0.746031746032	0.0634920634921	0.15873015873
-iri	0.112494898964	0.704594989468	0.0804994450723	0.102410666496
-agü	0.633043205602	0.158816841259	0.0220221672487	0.186117785891
-agö	0.161043200213	0.758018852213	0.0644505878826	0.0164873596909
-ubu	0.0933638443935	0.719908466819	0.186727688787	0.0
-agï	0.509594564325	0.357574852535	0.0515194504592	0.0813111326813
-ofo	0.23190558227	0.690798313857	0.0468338168335	0.0304622870397
-usu	0.0604534005038	0.648614609572	0.27959697733	0.0113350125945
-uza	0.0733944954128	0.926605504587	0.0	0.0
-egï	0.129310344828	0.793103448276	0.0775862068966	0.0
-anü	0.541056962515	0.131049852192	0.0509008557834	0.276992329509
-öfö	0.326409954276	0.28934820794	0.315864140224	0.0683776975606
--gü	0.1603789247	0.755040835473	0.0679415041235	0.0166387357037
-uzu	0.5	0.0	0.5	0.0
-a-a	0.266575070298	0.270915608246	0.0912001246209	0.371309196834
-onü	0.20200462606	0.767154973015	0.0	0.0308404009252
-egü	0.375999214207	0.411045018446	0.0704758382999	0.142479929047
-a-e	0.151903443145	0.728743851527	0.119352705328	0.0
-anï	0.0382165605096	0.955414012739	0.00636942675158	0.0
-e-e	0.113802159323	0.832214765101	0.0539830755763	0.0
-e-a	0.440166864344	0.354610167557	0.0992871379137	0.105935830185
-e-o	0.448818897638	0.535433070866	0.0	0.015748031496
-ïlö	0.236526946108	0.709580838323	0.0269461077844	0.0269461077844
-ïlï	0.127429057353	0.226607035999	0.487228748701	0.158735157948
-enü	0.635062298664	0.162126160462	0.0284082085706	0.174403332304
-ïza	0.667885818166	0.283766528881	0.0368775293787	0.0114701235744
-ʼöö	0.515406162465	0.0840336134454	0.0756302521009	0.324929971989
-alï	0.449544466999	0.434562228425	0.0341352405722	0.0817580640046
--ye	0.321179835866	0.113885847332	0.0239474092605	0.540986907542
--yi	0.221087506226	0.251881305346	0.0659008277892	0.46113036064
-iye	0.266483844044	0.0682007869321	0.0	0.665315369024
-ïcï	0.352272727273	0.602272727273	0.0454545454546	0.0
-üfü	0.33205250272	0.371302026659	0.193102217084	0.103543253536
-iii	0.254633160464	0.396278218426	0.294291488713	0.0547971323978
-owa	0.00948699013944	0.943078059163	0.0	0.0474349506972
-agu	0.495011943234	0.241173046428	0.171477892829	0.0923371175083
--la	0.342559944976	0.24866986584	0.170792783676	0.237977405507
-ago	0.331545306754	0.398769427893	0.0643893244259	0.205295940927
-aga	0.64739095466	0.212849301195	0.0898237889041	0.0499359552418
-age	0.0421455938697	0.942528735632	0.0153256704981	0.0
-üüü	0.205831903945	0.704116638079	0.0578902229845	0.0321612349915
-ege	0.159290688903	0.729107837326	0.0464098811655	0.0651915926049
-one	0.00975609756098	0.960975609756	0.00975609756097	0.0195121951219
-ega	0.483758926639	0.397175935945	0.0651879102648	0.0538772271514
-ona	0.0473818983496	0.777038137484	0.0280679845236	0.147511979642
-ego	0.412985186162	0.371005318915	0.09055343092	0.125456064003
-ono	0.210078330879	0.756428223985	0.0256783079375	0.00781513719835
--ga	0.181818181818	0.363636363636	0.272727272727	0.181818181818
-oni	0.326375711575	0.141452475418	0.401932033811	0.130239779196
-450	0.0428571428571	0.257142857143	0.0428571428571	0.657142857143
-ana	0.121340561224	0.799702590988	0.0622904946933	0.0166663530952
-egu	0.277305235895	0.560349648292	0.101362686523	0.0609824292904
-ane	0.14089116238	0.594388627731	0.0287799576506	0.235940252238
-ani	0.186802977116	0.227173709683	0.0535682347966	0.532455078405
-ïla	0.036361309917	0.820198516171	0.137248150546	0.00619202336592
-yia	0.696679180035	0.0366274622669	0.00400610111226	0.262687256585
-üfa	0.467521606857	0.358077482872	0.0708503697976	0.103550540473
-üfe	0.332089026623	0.417734892238	0.0536695309199	0.196506550218
-füh	0.0652597245751	0.201815010883	0.0926894825114	0.64023578203
-eni	0.811320754717	0.0943396226415	0.0	0.0943396226415
-ene	0.275416824674	0.221575425367	0.0375493148443	0.465458435114
-ena	0.168321351442	0.0202458486427	0.00612686129037	0.805305938625
