-tɔc	0.421536106149	0.0875223271242	0.490941566726	0.0
-cac	0.455479452055	0.462328767123	0.0616438356164	0.0205479452055
-cak	0.205214962129	0.229845693603	0.0283204051766	0.536618939091
-tɔi	0.446701669013	0.356350715375	0.124650389628	0.0722972259843
-zee	0.325701386649	0.496936472106	0.0757820058046	0.10158013544
-tɔn	0.115668504158	0.787349341306	0.0504531439783	0.0465290105578
-cal	0.415065334358	0.584934665642	0.0	0.0
-cas	0.30487804878	0.69512195122	0.0	0.0
-tɔr	0.018830161215	0.932249182939	0.00559583642306	0.0433248194227
-tɔp	0.106057292806	0.213973321671	0.404111086814	0.27585829871
-zek	0.442662172528	0.361267653078	0.0832071991004	0.112862975294
-rbi	0.015306122449	0.984693877551	0.0	0.0
-adɛ	0.472231743577	0.446524085485	0.0725394383375	0.0087047326005
-oye	0.226655830887	0.359250181043	0.0752390816353	0.338854906434
-oya	0.279719129763	0.339954942362	0.0427225337521	0.337603394123
-oyo	0.10962010962	0.825363825364	0.0604800604801	0.00453600453601
-yek	0.543184927339	0.106864378783	0.0337997610884	0.31615093279
-oyi	0.645675042788	0.150447927931	0.0393861489656	0.164490880316
-oyu	0.720839404744	0.132236257709	0.0120565425823	0.134867794965
-cai	0.450477300438	0.267349839344	0.0606159753052	0.221556884913
-mtɛ	0.410019575043	0.175747487766	0.0832131704411	0.33101976675
-mtɔ	0.805711147721	0.0938312282628	0.0351943376655	0.0652632863506
-can	0.141351651876	0.172901667918	0.0487932418667	0.636953438339
-wat	0.0398009950249	0.903958468527	0.0562405364482	0.0
-tɔl	0.165841584158	0.804455445545	0.0	0.029702970297
-iva	0.0	0.961538461538	0.0384615384615	0.0
-ɛnɛ	0.202749660624	0.433069452547	0.0449817811752	0.319199105653
-cap	0.664279696714	0.169755686605	0.0817186183657	0.0842459983151
-lbɛ	0.00276688955499	0.914226423795	0.0830066866497	0.0
-ŋuŋ	0.858620689655	0.0206896551724	0.1	0.0206896551724
-ɛnɔ	0.267099056604	0.262382075472	0.185731132076	0.284787735849
-gzɛ	0.793991416309	0.0760610395803	0.0433158480369	0.0866316960737
-yaŋ	0.502301564002	0.302454231339	0.0365973172031	0.158646887456
-eci	0.110499394462	0.022246400089	0.00419010574504	0.863064099704
-eco	0.138260869565	0.786956521739	0.0304347826087	0.0443478260869
-ecn	0.487937110328	0.479533748983	0.0325291406885	0.0
-idi	0.157892990119	0.262591478106	0.152142423109	0.427373108666
-eca	0.314061277294	0.456929721788	0.0551690441359	0.173839956782
-ide	0.66633230637	0.1763989396	0.0626925557068	0.0945761983235
-ece	0.115441361585	0.823859345086	0.00982137106926	0.0508779222604
-ida	0.0	1.0	0.0	0.0
-idu	0.35472972973	0.0574324324324	0.527027027027	0.0608108108108
-ecu	0.0126050420168	0.874649859944	0.0819327731092	0.03081232493
-uta	0.488946684005	0.312527091461	0.100130039012	0.0983961855223
-ute	0.407849119881	0.387706546449	0.0512843413275	0.153159992343
-azɔ	0.427579824156	0.393151318834	0.0458121240167	0.133456732994
-uti	0.546981903416	0.321878584602	0.0538572957609	0.077282216222
-ugɛ	0.125	0.375	0.5	0.0
-ozɔ	0.533782404572	0.362795128258	0.0183710961421	0.0850513710281
-utu	0.574609295137	0.283046409736	0.0527828034902	0.0895614916362
-ozɛ	0.525136369762	0.383731717273	0.0532354739106	0.037896439055
-iwɔ	0.429245283019	0.306603773585	0.162735849057	0.10141509434
-nun	0.244463338965	0.104262555348	0.0123987706828	0.638875335004
-caŋ	0.491359634822	0.253015976524	0.0273883273557	0.228236061298
-kcɛ	0.933333333333	0.0444444444444	0.0	0.0222222222222
-ŋɔz	0.280729371638	0.153745244654	0.0499803227076	0.515545061
-ŋɔl	0.0615655233069	0.771328056289	0.114335971856	0.0527704485488
-ŋɔn	0.244987540993	0.604061568545	0.0534684926298	0.0974823978328
-ikɛ	0.416720814382	0.27463721031	0.0324886289799	0.276153346329
-ŋɔi	0.0845070422535	0.795774647887	0.0211267605634	0.0985915492956
-ija	0.37798483004	0.528888472703	0.0101133064894	0.083013390767
-ɔdɔ	0.262712648923	0.572051201251	0.0113892766874	0.153846873139
-ɔdɛ	0.62398137369	0.155995343423	0.14318975553	0.0768335273573
-zii	0.773762218445	0.060385677858	0.0174883127922	0.148363790905
-ɔwa	0.0986284419373	0.298083622037	0.186251328492	0.417036607533
-iju	0.155775577558	0.776897689769	0.019801980198	0.0475247524753
-ŋun	0.659116167618	0.220238592344	0.0736205777866	0.0470246622512
-ŋum	0.173363431151	0.795936794582	0.00902934537246	0.0216704288939
-ḏok	0.655322993525	0.288059027255	0.00361391356723	0.0530040656528
-yat	0.130718954248	0.169934640523	0.483660130719	0.21568627451
-yas	0.0320592983334	0.936677201519	0.0173938746277	0.0138696255201
-yar	0.110236220472	0.637795275591	0.251968503937	0.0
-yaz	0.0332278481013	0.93829113924	0.00949367088609	0.0189873417722
-yaa	0.525003011057	0.170653840904	0.0713499971896	0.23299315085
-yab	0.0269058295964	0.973094170404	0.0	0.0
-yam	0.00963597430405	0.990364025696	0.0	0.0
-yal	0.0	1.0	0.0	0.0
-yan	0.499867956556	0.276446418201	0.0587571421017	0.164928483141
-yai	0.3131030796	0.483632145522	0.0972867715184	0.105978003359
-yak	0.295370812239	0.348263924909	0.0505157528227	0.305849510029
-zɔl	0.482274741507	0.368168389956	0.0834564254062	0.0661004431314
-zɔn	0.0152671755725	0.793893129771	0.190839694656	0.0
-zɔi	0.397301349325	0.263868065967	0.24287856072	0.095952023988
-zɔk	0.0362147456921	0.0272846376378	0.285905887043	0.650594729627
-zɔt	0.476923076923	0.461538461538	0.0	0.0615384615385
-zɔp	0.521371394049	0.156169762876	0.0126869053013	0.309771937774
-zɔr	0.0946242457488	0.684585847504	0.218047174986	0.00274273176083
-ɔya	0.275229357798	0.614678899083	0.110091743119	0.0
-ɔyi	0.503873895281	0.251361496789	0.0370295150561	0.207735092874
-oyɛ	0.333951762523	0.269016697588	0.21521335807	0.181818181818
-ade	0.369863013699	0.630136986301	0.0	0.0
-ada	0.690715568392	0.124935998795	0.0389792970402	0.145369135774
-ado	0.40404040404	0.555555555556	0.0	0.040404040404
-aaz	0.43951117382	0.236152200628	0.049064676164	0.275271949388
-adi	0.327970412248	0.446164848464	0.162770720313	0.0630940189748
-lal	0.343110004225	0.375041693536	0.168775433057	0.113072869182
-adu	0.722610722611	0.181818181818	0.0815850815851	0.013986013986
-tɔɔ	0.549347639757	0.161344084315	0.0343957334688	0.254912542459
-ɛni	0.161352294855	0.655491459082	0.115620531739	0.0675357143237
-ɛna	0.219345849739	0.473085629317	0.0644641344286	0.243104386515
-ɛne	0.0549019607843	0.705882352941	0.0509803921568	0.188235294118
-ɛny	0.478101710826	0.245570859303	0.230750703645	0.0455767262262
-sev	0.0271552053851	0.94362426375	0.00764935362961	0.0215711772355
-lak	0.125902481231	0.484592729502	0.0472718331626	0.342232956104
-aam	0.100745555872	0.834430119018	0.0297336430357	0.0350906820743
-toŋ	0.516909017349	0.211666151027	0.0959089935506	0.175515838073
-mti	0.381635610982	0.509973619178	0.0636580711761	0.0447326986643
-ɛŋa	0.244456541448	0.44563860854	0.0632926880297	0.246612161982
-mta	0.562506623776	0.240332404446	0.0641493201668	0.133011651611
-uum	0.946962688868	0.0336108541474	0.00370027752081	0.0157261794635
-uul	0.428571428571	0.571428571429	0.0	0.0
-uun	0.0780418733744	0.0342446427014	0.0211367682292	0.866576715695
-uuk	0.365691489362	0.348404255319	0.103058510638	0.182845744681
-idɛ	0.328052190121	0.124883504194	0.067101584343	0.479962721342
-uuz	0.673076923077	0.211538461538	0.0	0.115384615385
-uut	0.448457865068	0.447991095472	0.0754012423253	0.0281497971348
-uuv	0.5	0.25	0.0384615384615	0.211538461538
-uup	0.457800511509	0.511508951407	0.0306905370844	0.0
-uus	0.0324324324324	0.967567567568	0.0	0.0
-uur	0.107381400925	0.788947879203	0.0985328537992	0.00513786607296
-gzi	0.542704626335	0.114768683274	0.193060498221	0.149466192171
-zoi	0.0540139486571	0.907404659445	0.0154325567592	0.0231488351387
-zok	0.200821792449	0.530122423937	0.0356430701396	0.233412713475
-zoc	0.00685714285714	0.988571428571	0.00457142857145	0.0
-zor	0.0	1.0	0.0	0.0
-raz	0.0	1.0	0.0	0.0
-iwu	0.925531914894	0.063829787234	0.0	0.0106382978723
-rat	0.0775444264943	0.844911147011	0.0775444264943	0.0
-rar	0.337662337662	0.62987012987	0.025974025974	0.0064935064935
-ras	0.0264317180617	0.948017621145	0.00462555066079	0.0209251101322
-ran	0.165393809801	0.543550925286	0.0542903735382	0.236764891374
-eri	0.0172254856443	0.785408129622	0.0774473983461	0.119918986388
-iwa	0.626069451434	0.236537493709	0.0498238550579	0.0875691997986
-ram	0.018675478147	0.0871522313527	0.0423452856845	0.851827004816
-rak	0.240766016421	0.128456838082	0.0847104690311	0.546066676466
-iwe	0.298969072165	0.305841924399	0.288659793814	0.106529209622
-ero	0.264150943396	0.509433962264	0.11320754717	0.11320754717
-era	0.173535791757	0.793926247289	0.0	0.0325379609544
-iwi	0.513687600644	0.315619967794	0.0	0.170692431562
-rac	0.156626506024	0.628514056225	0.142570281124	0.0722891566265
-raa	0.0355969912067	0.911007521983	0.0177984956033	0.0355969912067
-ugu	0.658226839375	0.0834202671767	0.0357877655105	0.222565127938
-oza	0.377207440546	0.469978808571	0.0574523192842	0.0953614315988
-oze	0.267268632353	0.356685331735	0.0188028183565	0.357243217555
-azu	0.694736842105	0.252631578947	0.0	0.0526315789473
-ozi	0.185820086973	0.732178636627	0.0456387194443	0.0363625569556
-ozo	0.161290322581	0.741935483871	0.0322580645161	0.0645161290323
-uge	0.437647058824	0.463529411765	0.0564705882353	0.0423529411765
-azo	0.0	0.171671216257	0.820442826812	0.00788595693056
-azi	0.245205465141	0.0356922044925	0.0048154243735	0.714286905993
-utɔ	0.378151260504	0.0966386554622	0.0	0.525210084034
-ozu	0.381671348315	0.310393258427	0.124648876404	0.183286516854
-aza	0.0627704872121	0.855544739694	0.0598605970764	0.0218241760174
-ugi	0.477817652685	0.280698455778	0.069812878596	0.171671012941
-ike	0.416403785489	0.555205047319	0.0	0.0283911671924
-ika	0.0216117368355	0.931050247288	0.0122189435186	0.0351190723578
-iko	0.0128893662728	0.967776584318	0.0193340494093	0.0
-nos	0.0	1.0	0.0	0.0
-iki	0.0745341614907	0.888198757764	0.0372670807453	0.0
-kca	0.301886792453	0.481132075472	0.188679245283	0.0283018867925
-noi	0.229305385919	0.584531736338	0.136519443678	0.0496434340649
-iku	0.126394052045	0.548946716233	0.220570012392	0.104089219331
-nok	0.0781940027434	0.85031372126	0.034227703129	0.0372645728673
-non	0.293594219572	0.44819255603	0.176564773995	0.0816484504025
-noo	0.410336389793	0.233913253919	0.0527037564872	0.303046599801
-kci	0.729945339046	0.212734525041	0.0197961294135	0.0375240065002
-noc	0.822916666667	0.145833333333	0.03125	0.0
-tit	0.401194375641	0.4037079407	0.0959639703131	0.0991337133458
-vot	0.0836236933798	0.477351916376	0.439024390244	0.0
-ton	0.0782398406752	0.921760159325	0.0	0.0
-too	0.0538051381484	0.775569558895	0.139602520601	0.0310227823558
-tol	0.588235294118	0.117647058824	0.0392156862745	0.254901960784
-ŋɛr	0.406982085439	0.225999081305	0.123564538356	0.243454294901
-tok	0.16119971004	0.774465386009	0.0247372236317	0.039597680319
-toi	0.134902411022	0.60447761194	0.219288174512	0.0413318025258
-tot	0.0403587443946	0.898355754858	0.0303936223219	0.0308918784255
-tor	0.755102040816	0.163265306122	0.0816326530612	0.0
-tos	0.0321173671689	0.946471054718	0.0107057890563	0.0107057890563
-ŋɛn	0.875	0.0625	0.0	0.0625
-ror	0.335676625659	0.251318101933	0.0615114235501	0.351493848858
-ros	0.0329826556724	0.897924367359	0.020471993176	0.048620983793
-iea	0.892857142857	0.0714285714285	0.0	0.0357142857143
-roz	0.148648648649	0.851351351351	0.0	0.0
-rod	0.0247430074109	0.907960793689	0.0405211570643	0.026775041836
-ɔda	0.634881135172	0.243130195372	0.0133425107217	0.108646158733
-ɔwɛ	0.129928894635	0.747252747253	0.0434389140271	0.0793794440854
-roc	0.16015693623	0.797973883001	0.0225449434913	0.0193242372782
-rom	0.101599216766	0.71261764368	0.104023675335	0.0817594642187
-ron	0.0408673894912	0.924103419516	0.0150125104254	0.0200166805671
-roi	0.0529597103975	0.440459431074	0.482670778307	0.0239100802217
-rok	0.539958114548	0.235286976052	0.0828603514736	0.141894557926
-ɔla	0.291462331998	0.383635265015	0.0355206525029	0.289381750484
-uuŋ	0.448055145249	0.297882816347	0.0502215657312	0.203840472674
-276	0.0	0.224489795918	0.0	0.775510204082
-idl	0.734265734266	0.104895104895	0.125874125874	0.034965034965
-til	0.0	1.0	0.0	0.0
-ɔyɛ	0.395227422614	0.424106192737	0.0375205929725	0.143145791677
-gɔz	0.032515687393	0.811466058186	0.0359383913291	0.120079863092
-gɔr	0.618421052632	0.233552631579	0.078947368421	0.0690789473684
-gɔi	0.551401869159	0.308411214953	0.0	0.140186915888
-gɔl	0.172926296656	0.32835886825	0.0208792828443	0.477835552249
-raŋ	0.734693877551	0.204081632653	0.0612244897959	0.0
-gɔn	0.0884082920881	0.480238146474	0.122193529876	0.309160031562
-zɔɔ	0.1854196123	0.63962630654	0.0281459360176	0.146808145143
-gɔc	0.757009345794	0.164485981308	0.0224299065421	0.0560747663551
-mŋɛ	0.124444444444	0.648888888889	0.0	0.226666666667
-lei	0.621182436326	0.0953094387461	0.0380315777342	0.245476547194
-lek	0.561850547229	0.33298505225	0.0383006150046	0.0668637855166
-lem	0.41796875	0.2890625	0.24609375	0.046875
-len	0.0597014925373	0.65671641791	0.238805970149	0.044776119403
-mum	0.0	1.0	0.0	0.0
-lec	0.171311036601	0.578484686258	0.229917443859	0.0202868332817
-mɔt	0.484449760766	0.362440191388	0.127990430622	0.0251196172249
-mɔk	0.574712643678	0.305555555556	0.0207535121329	0.0989782886334
-mɔi	0.404547858276	0.452670544685	0.111052353252	0.0317292437863
-mɔn	0.797866367209	0.103874227962	0.0563353921018	0.0419240127269
-let	0.333699835074	0.472787245739	0.159428257284	0.0340846619021
-muz	0.388379204893	0.403669724771	0.091743119266	0.11620795107
-lon	0.0187997107737	0.981200289226	0.0	0.0
-120	0.0487804878049	0.0487804878049	0.0	0.90243902439
-pen	0.297709923664	0.656488549618	0.0	0.0458015267175
-ogu	0.112224028528	0.705490586816	0.0750957050711	0.107189679585
-ogi	0.205009667629	0.330249802642	0.143743022974	0.320997506754
-ogo	0.0626853028378	0.669207962728	0.249470563321	0.0186361711139
-oga	0.139805894654	0.498132227564	0.0443260826824	0.317735795099
-oge	0.0927378860156	0.819702485564	0.0621390911373	0.0254205372835
-pez	0.223665223665	0.430014430014	0.021645021645	0.324675324675
-itu	0.449537183566	0.346401581405	0.0742394207437	0.129821814285
-esu	0.00573490032729	0.693951948825	0.00237280571258	0.297940345135
-ito	0.224872688287	0.468507102653	0.0192977753953	0.287322433664
-esi	0.0	1.0	0.0	0.0
-iti	0.313495088197	0.437642757813	0.0722196327523	0.176642521238
-ite	0.145434193826	0.682067580128	0.0242856714538	0.148212554593
-ita	0.457445613505	0.265006138665	0.0496502763123	0.227897971517
-ɛya	0.825783972125	0.0801393728223	0.0418118466899	0.0522648083623
-udu	0.673596269672	0.247717116767	0.0728579755196	0.00582863804157
-ɛyi	0.340748849039	0.465889700911	0.102765525901	0.0905959241493
-uda	0.0228260869565	0.964130434783	0.00652173913045	0.00652173913046
-ude	0.839656406586	0.107372942019	0.0529706513958	0.0
-loz	0.804694255244	0.151716559945	0.0257744744968	0.0178147103139
-udi	0.664786967419	0.230576441103	0.0338345864662	0.0708020050125
-nɛn	0.18090747963	0.647351019709	0.140453121328	0.0312883793341
-nɛt	0.157382747693	0.750560093344	0.0446864607665	0.0473706981965
-lot	0.221259387637	0.737435008666	0.029173887926	0.0121317157712
-oci	0.0752788740105	0.820243173575	0.0962657116134	0.00821224080115
-nnŋ	0.408805031447	0.22641509434	0.138364779874	0.22641509434
-gma	0.323529411765	0.647058823529	0.0	0.0294117647059
-tni	0.162466843501	0.615384615385	0.13925729443	0.0828912466844
-cɛn	0.096947935368	0.849192100539	0.0538599640933	0.0
-tnp	0.175298804781	0.585657370518	0.0239043824701	0.215139442231
-cɛr	0.0122191297264	0.979634783789	0.00814608648431	0.0
-izu	0.498960498961	0.328482328482	0.106029106029	0.066528066528
-rnu	0.516876006168	0.272609303254	0.0999052768846	0.110609413694
-muŋ	0.527972027972	0.283216783217	0.0524475524475	0.136363636364
-ɛtɔ	0.205479452055	0.745205479452	0.0493150684932	0.0
-ize	0.131872174654	0.606032445181	0.0374495406371	0.224645839528
-vɔc	0.0291262135922	0.970873786408	0.0	0.0
-iza	0.281929689498	0.357416309892	0.281813658439	0.0788403421721
-rna	0.413028687819	0.441638085848	0.073019519456	0.0723137068777
-ɔgi	0.193609073821	0.456302496361	0.11161968334	0.238468746478
-vɔi	0.66161268091	0.297036526533	0.0413507925569	0.0
-izo	0.122319194851	0.752286920154	0.0933101617554	0.0320837232397
-vɔl	0.767441860465	0.0	0.186046511628	0.046511627907
-rni	0.390185464329	0.39289082282	0.11608537349	0.10083833936
-ɛtɛ	0.212167970903	0.535985892208	0.18479738418	0.0670487527095
-uri	0.106195640503	0.638569741222	0.0304950069795	0.224739611296
-uro	0.0294297976701	0.942979767014	0.0202329858982	0.00735744941754
-ura	0.157342657343	0.707360654052	0.0808566433567	0.0544400452489
-wɛn	0.128811761334	0.797749278229	0.0226100856715	0.0508288747654
-ure	0.109618394409	0.450089454929	0.00340429796302	0.436887852698
-wɛt	0.0652962515114	0.755743651753	0.0580411124546	0.120918984281
-ɛzɛ	0.44625065548	0.356056633456	0.135291033036	0.0624016780283
-ɛzɔ	0.203307129303	0.151531580374	0.184331797235	0.460829493088
-uru	0.0918372676437	0.898963673828	0.00919905852859	0.0
-zni	0.729166666667	0.0833333333333	0.0208333333333	0.166666666667
-ɔdi	0.38557223058	0.509852126371	0.0935676806222	0.0110079624261
-zna	0.553846153846	0.446153846154	0.0	0.0
-znu	0.15	0.633333333333	0.183333333333	0.0333333333333
-jɛr	0.0431211498973	0.944558521561	0.00616016427106	0.00616016427106
-enɛ	0.0993150684931	0.0445205479452	0.839041095891	0.0171232876712
-ɔia	0.090909090909	0.371900826446	0.0	0.537190082645
-gnɛ	0.558596265293	0.352865421764	0.06600128783	0.0225370251127
-ḏak	0.749116607774	0.113074204947	0.127208480565	0.0106007067138
-nyo	0.121746361746	0.778877338877	0.0117255717256	0.0876507276507
-ogɛ	0.714741544352	0.285258455648	0.0	0.0
-000	0.0682390578235	0.339990580639	0.00678216935554	0.584988192182
-ogɔ	0.23093220339	0.453389830508	0.222457627119	0.093220338983
-ŋak	0.33527696793	0.344023323615	0.110787172012	0.209912536443
-ŋan	0.266273632191	0.582084780571	0.0879179829529	0.0637236042851
-ŋac	0.146881287726	0.247484909457	0.569416498994	0.036217303823
-ŋaa	0.0192498808795	0.659375127629	0.00457422911987	0.316800762372
-ɛɛk	0.616621983914	0.206434316354	0.176943699732	0.0
-ɛɛm	0.33705630862	0.286116726875	0.210784476187	0.166042488317
-ɛɛl	0.463126680154	0.165036166616	0.068834354128	0.303002799102
-ɛɛn	0.382529460635	0.160118690849	0.0445721819263	0.41277966659
-udɛ	0.0	0.893805309735	0.0353982300885	0.070796460177
-ɛɛc	0.680286115178	0.169564421669	0.0570400195217	0.093109443631
-ɛɛz	0.675535579094	0.179870001432	0.0692961934837	0.0752982259902
-ɛyɛ	0.511948943845	0.2341576775	0.00832437307065	0.245569005584
-ɛɛp	0.718914500278	0.183557607661	0.022071109035	0.0754567830258
-ɛɛr	0.32949456174	0.529750479847	0.106206014075	0.0345489443378
-ɛɛt	0.332765950382	0.542439609995	0.0690114223794	0.0557830172439
-itɛ	0.237442922374	0.230593607306	0.39497716895	0.13698630137
-aje	0.164442733871	0.0225718973706	0.00922779552017	0.803757573238
-itɔ	0.405826711188	0.204997333445	0.0856270028245	0.303548952542
-ajc	0.16	0.48	0.072	0.288
-crk	0.128342245989	0.807486631016	0.0	0.0641711229947
-aju	0.0	0.0538922155689	0.946107784431	0.0
-yuk	0.714197864251	0.188479575631	0.0552118369901	0.042110723128
-yun	0.355608591885	0.214797136038	0.164677804296	0.26491646778
-yud	0.0	1.0	0.0	0.0
-yuz	0.131386861314	0.788321167883	0.0802919708029	0.0
-yus	0.0	1.0	0.0	0.0
-nɔi	0.515267175573	0.175572519084	0.103053435115	0.206106870229
-bji	0.265714285714	0.502857142857	0.205714285714	0.0257142857143
-nɔm	0.0329012961117	0.0548354935195	0.191425722831	0.720837487537
-nɔn	0.0574533123307	0.885318021721	0.0308888775971	0.026339788351
-bja	0.641052631579	0.0936842105263	0.0	0.265263157895
-bje	0.212370390997	0.730593457714	0.0317777522973	0.025258398991
-avɛ	0.503736623905	0.0756464718603	0.0229276727571	0.397689231478
-lŋa	0.156424581006	0.565487274985	0.243327126009	0.0347610180012
-bju	0.575124485819	0.278104615153	0.0733854495138	0.0733854495138
-izɔ	0.820359281437	0.0	0.0	0.179640718563
-rnɔ	0.307578008915	0.402674591382	0.205052005944	0.0846953937593
-ɛta	0.151195603684	0.633488974903	0.0781989277384	0.137116493674
-ɔgɔ	0.0304715380976	0.0131995693825	0.000257502328961	0.956071390191
-rnɛ	0.34808354005	0.297031287509	0.168040329679	0.186844842762
-ɛti	0.065760944131	0.46143859257	0.00328574829456	0.469514715005
-izɛ	0.377835167303	0.423703121491	0.0794408264091	0.119020884797
-ɛtu	0.12962962963	0.172839506173	0.432098765432	0.265432098765
-ezɔ	0.44347826087	0.373913043478	0.130434782609	0.0521739130435
-ŋnu	0.657885878494	0.123474318625	0.096017976082	0.1226218268
-ḏaŋ	0.129548369675	0.102342536961	0.010531290083	0.757577803281
-win	0.502533519921	0.300296636157	0.0895999670482	0.107569876874
-wil	0.0	1.0	0.0	0.0
-wik	0.1	0.475	0.425	0.0
-wit	0.560656624876	0.227834400649	0.103544691982	0.107964282493
-ɛzi	0.553396643431	0.183081145411	0.190416049353	0.0731061618051
-ɛza	0.378927924395	0.530054421793	0.0533819763965	0.0376356774156
-iim	0.336461126005	0.51072386059	0.116621983914	0.0361930294906
-iil	0.0835888520387	0.688788845873	0.0510779001442	0.176544401944
-iin	0.195273748921	0.668947937488	0.0693513281525	0.0664269854386
-iik	0.439962563184	0.366180045187	0.0862217855229	0.107635606106
-eyu	0.414323061079	0.340588608096	0.123881010853	0.121207319972
-iic	0.0337078651686	0.966292134831	0.0	0.0
-iiz	0.694736842105	0.0	0.242105263158	0.0631578947368
-iit	0.106531078362	0.815378759041	0.0191418782968	0.0589482843004
-iiv	0.865671641791	0.0	0.134328358209	0.0
-iir	0.479946765316	0.300042858432	0.071844265993	0.148166110259
-ɛɛŋ	0.380228136882	0.505703422053	0.0760456273764	0.0380228136882
-ɔwi	0.637490317583	0.176607281177	0.134779240899	0.0511231603408
-cɔl	0.0347532410938	0.920797472492	0.00326832988343	0.0411809565312
-tam	0.0	1.0	0.0	0.0
-cɔn	0.394706850703	0.433075851589	0.134228187919	0.0379891097885
-ijo	0.224637681159	0.615942028986	0.0579710144927	0.101449275362
-tai	0.557221596928	0.28087655322	0.0576963449492	0.104205504903
-gni	0.295323173936	0.239096163952	0.233315817131	0.232264844982
-taa	0.0454545454546	0.80303030303	0.151515151515	0.0
-tac	0.753424657534	0.219178082192	0.027397260274	0.0
-taz	0.108774797533	0.0578051861208	0.0160487406197	0.817371275726
-tat	0.0182652510347	0.976696059025	0.00377901745545	0.00125967248515
-gnu	0.503138102555	0.103101643272	0.229693481601	0.164066772572
-tar	0.37513061651	0.471264367816	0.0783699059562	0.0752351097178
-tas	0.0305671001475	0.952540555034	0.00160879474461	0.0152835500737
-yuŋ	0.544704705387	0.22186827598	0.071056077034	0.162370941599
-eny	0.386708403564	0.480857211654	0.108596195521	0.0238381892608
-cne	0.2	0.218181818182	0.472727272727	0.109090909091
-enu	0.287767030538	0.423415503662	0.158981345862	0.129836119939
-tɛi	0.279615795091	0.240128068303	0.350053361793	0.130202774813
-lam	0.387096774194	0.297355144473	0.0399021556337	0.275645925699
-vɛr	0.175049925112	0.783761857214	0.0	0.0411882176735
-tɛr	0.111491847438	0.14021891872	0.481259377015	0.267029856827
-vɛn	0.0629477993858	0.844421699079	0.0348004094166	0.0578300921188
-eni	0.169728818999	0.527222400513	0.0343549422336	0.268693838254
-tɛt	0.465477029886	0.296414818029	0.145359874166	0.0927482779194
-ene	0.118002005219	0.466367001072	0.0253029360042	0.390328057706
-ena	0.143078679326	0.253919681655	0.0693901669541	0.533611472065
-enc	0.13986013986	0.0	0.776223776224	0.0839160839161
-ɛrɛ	0.18051104218	0.699776889228	0.0265877964076	0.0931242721848
-lɔk	0.414155874422	0.539900789027	0.0239704364617	0.0219729000899
-lɔi	0.614999861829	0.214165307984	0.0712963218835	0.0995385083041
-lɔn	0.339754816112	0.486865148862	0.152364273205	0.0210157618214
-lɔl	0.511737089202	0.21455399061	0.230046948357	0.043661971831
-esɔ	0.0532407407407	0.946759259259	0.0	0.0
-ɔzi	0.509392747925	0.346876365225	0.0633464394932	0.0803844473569
-ɔza	0.341347580885	0.411398040962	0.0445235975067	0.202730780647
-knɛ	0.411440628297	0.345914898605	0.0808814910327	0.161762982065
-ɔkɔ	0.133518866254	0.060408657936	0.012685181625	0.793387294185
-nma	0.0927972872056	0.0716834342879	0.00918153053301	0.826337747974
-knɔ	0.0827966881325	0.806807727691	0.110395584177	0.0
-rzɛ	0.277471034398	0.191400318337	0.289820022444	0.241308624821
-inɛ	0.304567590904	0.29526816357	0.0679435779876	0.332220667539
-inɔ	0.512031778897	0.23297482215	0.0542706493762	0.200722749577
-ltɛ	0.379768219752	0.280501402169	0.184984964692	0.154745413386
-dec	0.16337828247	0.121575585522	0.00894251242015	0.706103619588
-oku	0.441699407339	0.356129719651	0.127455550376	0.0747153226343
-dei	0.459441036128	0.336059986367	0.050443081118	0.154055896387
-dek	0.428964143202	0.396808679975	0.0279455467884	0.146281630034
-den	0.105373092451	0.379576948857	0.0279799853475	0.487069973345
-ltɔ	0.415528383292	0.301769127871	0.236072121635	0.0466303672024
-oko	0.118336558342	0.026230717092	0.0159184708829	0.839514253683
-det	0.495601704906	0.321030198603	0.122426770654	0.0609413258366
-oke	0.268702656168	0.160073745327	0.185574061772	0.385649536733
-oka	0.205887357495	0.563552833078	0.117406840225	0.113152969202
-bit	0.312851611018	0.627968144955	0.034266091912	0.0249141521151
-bir	0.209019947962	0.633998265395	0.0234171725933	0.13356461405
-biz	0.381894049347	0.210994194485	0.38969521045	0.0174165457184
-bic	0.390452876377	0.394124847001	0.134638922889	0.0807833537332
-bin	0.223218096458	0.537772087068	0.143405889885	0.0956039265899
-bil	0.393656910243	0.108217859157	0.195045017155	0.303080213446
-bim	0.331491712707	0.651933701658	0.0	0.0165745856354
-bik	0.434343434343	0.171717171717	0.338383838384	0.0555555555556
-100	0.0384368994234	0.853619474696	0.0	0.107943625881
-ḏɔm	0.056613021812	0.679192876399	0.264194101789	0.0
-ɔci	0.179450240661	0.551984468532	0.0462070294032	0.222358261404
-nas	0.00937866354045	0.920867526377	0.0685814771395	0.00117233294255
-jin	0.755814486489	0.114854471581	0.0158704991317	0.113460542798
-met	0.328614762386	0.404448938321	0.266936299292	0.0
-luz	0.330935251799	0.393285371703	0.189448441247	0.0863309352518
-lur	0.214689265537	0.531073446328	0.152542372881	0.101694915254
-lus	0.0384615384615	0.961538461538	0.0	0.0
-mez	0.523465703971	0.191335740072	0.0740072202166	0.21119133574
-luk	0.0668846611177	0.922413793103	0.00535077288942	0.00535077288942
-lum	0.220922229869	0.624913971094	0.12319339298	0.0309704060564
-lun	0.343170540611	0.442674327501	0.0851397231654	0.129015408723
-luc	0.240506329114	0.398734177215	0.303797468354	0.0569620253165
-mek	0.507287960519	0.400895214048	0.0474386931405	0.0443781322928
-aye	0.136370245188	0.652521531093	0.0522103224432	0.158897901276
-git	0.297165512222	0.608366838304	0.0409348051511	0.0535328443226
-aya	0.344467520817	0.443270337894	0.0630724221048	0.149189719184
-kɔr	0.356106603622	0.275535973349	0.175165224867	0.193192198162
-ayo	0.241124721917	0.0794812760007	0.0278767682371	0.651517233845
-rɔn	0.270766223091	0.522071401595	0.0749783395908	0.132184035723
-ayi	0.350055193196	0.425526321449	0.106344179671	0.118074305684
-rɔk	0.103702856653	0.593700641085	0.243741021591	0.058855480671
-ayu	0.713964285725	0.0752381007737	0.0150754583591	0.195722155142
-rɔp	0.109756097561	0.746951219512	0.134146341463	0.00914634146341
-kɔc	0.0109430807812	0.0880766015655	0.232540466601	0.668439851053
-kɔl	0.706530922609	0.258300946266	0.0199602906387	0.0152078404866
-kɔm	0.0874402458021	0.0899316384419	0.0388750963179	0.783753019438
-kɔn	0.379730388176	0.302041037302	0.140977748904	0.177250825619
-rɔz	0.765546435598	0.162907168551	0.0572371166802	0.0143092791701
-lɔŋ	0.297799385875	0.392562265438	0.200102354145	0.109535994541
-gil	0.410839160839	0.515734265734	0.0472027972028	0.0262237762238
-akn	0.255193504165	0.357376357693	0.310872086892	0.0765580512496
-olɛ	0.339973439575	0.633466135458	0.0185922974768	0.00796812749003
-aki	0.363857043019	0.264607315967	0.25899966678	0.112535974233
-ake	0.592023390354	0.240630769435	0.12941951904	0.0379263211714
-taŋ	0.47931640351	0.401187354226	0.0322872855142	0.0872089567498
-aka	0.357667786816	0.281241167049	0.0800854244528	0.281005621683
-aku	0.507504294523	0.0914682747682	0.0208379937909	0.380189436918
-gok	0.0183486238532	0.963302752294	0.0183486238532	0.0
-gom	0.464767616192	0.450631826944	0.0396230456201	0.0449775112443
-gol	0.149606299213	0.787401574803	0.0629921259843	0.0
-goo	0.0544849157502	0.888053677732	0.0251236000404	0.0323378064777
-gon	0.23889931207	0.70794246404	0.0225140712946	0.0306441525954
-goc	0.224541751528	0.775458248472	0.0	0.0
-goz	0.661696268555	0.239508405577	0.0501025273881	0.0486927984806
-gos	0.0	1.0	0.0	0.0
-con	0.0	1.0	0.0	0.0
-coi	0.337551945599	0.547789950888	0.0153003400076	0.0993577635059
-cok	0.140302966532	0.562358360774	0.0547519618135	0.24258671088
-coc	0.0215209121634	0.887242544722	0.0585005077117	0.0327360354034
-ɛdɔ	0.26652892562	0.330578512397	0.365702479339	0.0371900826446
-ɛdɛ	0.406131382145	0.379948635945	0.152864595952	0.0610553859573
-luŋ	0.478332211873	0.350733670952	0.118520617157	0.0524135000177
-kɛŋ	0.367610551286	0.165041277705	0.0332252684237	0.434122902586
-pta	0.75	0.25	0.0	0.0
-ɔzɔ	0.688659925765	0.0972737744784	0.0427492640471	0.17131703571
-ɔgɛ	0.503057849273	0.323703686077	0.0932822501963	0.079956214454
-gad	0.0	1.0	0.0	0.0
-tra	0.0	0.975773889637	0.0242261103634	0.0
-gan	0.0388716412762	0.229618491947	0.0632743454025	0.668235521374
-gam	0.652557429558	0.172538911966	0.0275761973875	0.147327461088
-gak	0.742738589212	0.165975103734	0.0746887966804	0.0165975103734
-gai	0.673076923077	0.259615384615	0.00961538461538	0.0576923076923
-gas	0.0	0.964285714286	0.0357142857143	0.0
-gar	0.0241935483871	0.895161290323	0.0483870967742	0.0322580645161
-gaz	0.683012722916	0.17120993473	0.0	0.145777342354
-ini	0.131812735011	0.0192306430867	0.00349862108765	0.845458000815
-ino	0.179415821892	0.503032010054	0.0445849086108	0.272967259443
-ina	0.183893351314	0.162599456132	0.0343547277166	0.619152464837
-rza	0.911439114391	0.0885608856089	0.0	0.0
-ine	0.154805251993	0.554432526834	0.0605026455693	0.230259575604
-rze	0.0398773006135	0.953987730061	0.0	0.00613496932515
-guv	0.145945945946	0.724324324324	0.12972972973	0.0
-iny	0.128005383345	0.187840731316	0.462979009345	0.221174875994
-kni	0.419572084153	0.402824959771	0.102509088742	0.0750938673342
-kna	0.593684359586	0.108706426565	0.0437209412098	0.253888272639
-inu	0.546036366253	0.234923006114	0.0935058346149	0.125534793018
-ɔbi	0.157068062827	0.324607329843	0.486910994764	0.0314136125654
-bɛz	0.073381294964	0.348381294964	0.419424460432	0.15881294964
-yez	0.661117717004	0.223543400713	0.0511296076099	0.064209274673
-mbu	0.150943396226	0.641509433962	0.207547169811	0.0
-bɛr	0.421190320471	0.444735120994	0.0948332243296	0.0392413342054
-yer	0.449044585987	0.251592356688	0.203821656051	0.0955414012739
-bɛt	0.213890126679	0.772741740404	0.00668406645871	0.00668406645871
-yet	0.465369712715	0.233928615591	0.0581414084517	0.242560263242
-ltu	0.5512214342	0.268715524035	0.111111111111	0.068951930654
-yei	0.49779742723	0.146668686595	0.0359817219301	0.319552164246
-mba	0.074704018676	0.901283975321	0.0120060030015	0.0120060030015
-lti	0.401261332282	0.430823807647	0.0993299172251	0.0685849428459
-bɛk	0.302736968347	0.536385831156	0.0976570865636	0.0632201139333
-yel	0.028551652535	0.914345042395	0.0571033050701	0.0
-bɛn	0.301329314558	0.53704522079	0.0958606204144	0.0657648442377
-yen	0.137635921924	0.728983831783	0.0697126581218	0.0636675881712
-lta	0.64629258517	0.231568399958	0.0692964877123	0.0528425271596
-bɛd	0.45	0.55	0.0	0.0
-bzi	0.355350826684	0.452167475528	0.143127416303	0.0493542814839
-uze	0.599788605489	0.204931383421	0.0849043526476	0.110375658442
-ŋca	0.411042944785	0.539877300613	0.0490797546013	0.0
-gaŋ	0.236811254396	0.418522860492	0.0140679953107	0.330597889801
-cen	0.0231065468549	0.915275994865	0.0616174582798	0.0
-ḏui	0.57592686643	0.42407313357	0.0	0.0
-kɛt	0.332936575412	0.523210338378	0.0829790851896	0.0608740010203
-ayɔ	0.258687258687	0.733590733591	0.007722007722	0.0
-kɛk	0.317757009346	0.514018691589	0.0560747663551	0.11214953271
-kɛn	0.0940425971081	0.873346185863	0.0193629101111	0.0132483069181
-ayɛ	0.395482000326	0.3095326984	0.123175581997	0.171809719277
-sas	0.0138408304498	0.98615916955	0.0	0.0
-olu	0.288510519635	0.526709682149	0.159073934306	0.0257058639088
-oli	0.30909263066	0.435818202831	0.220743867132	0.0343452993764
-akɛ	0.519796181696	0.296599677177	0.043730812142	0.139873328985
-olo	0.496741139074	0.444572144073	0.00419190834663	0.054494808506
-ola	0.275744265495	0.621766715471	0.0297706198146	0.0727183992191
-akɔ	0.380506720599	0.0208029481099	0.00128536053051	0.59740497076
-ole	0.124023883609	0.346764731892	0.0571584222488	0.47205296225
-ɛva	0.627390203797	0.287323940374	0.079404072668	0.00588178316059
-uci	0.315343012587	0.538180471944	0.129317837942	0.0171586775263
-uco	0.092715231788	0.502207505519	0.0	0.405077262693
-ɛda	0.531377336836	0.168213644732	0.0619304745692	0.238478543864
-uca	0.383196728904	0.295500957911	0.0541790453396	0.267123267845
-ɛdi	0.167622167622	0.451269451269	0.327054327054	0.0540540540541
-uce	0.250477332426	0.495250224051	0.108160666275	0.146111777248
-ryu	0.440729483283	0.422492401216	0.0823431887262	0.0544349267753
-car	0.0402762648718	0.692253733052	0.229196424408	0.0382735776682
-ɔɔŋ	0.436989413247	0.118445175806	0.0230388360516	0.421526574896
-rye	0.180831826401	0.377938517179	0.137432188065	0.303797468354
-rya	0.272596843616	0.274629363941	0.0691056910569	0.383668101387
-ryo	0.0428571428571	0.947619047619	0.0095238095238	0.0
-ryi	0.339256865913	0.481421647819	0.124394184168	0.0549273021002
-aŋɛ	0.390271966527	0.278765690377	0.251150627615	0.0798117154812
-liŋ	0.408038209229	0.401122998063	0.0506837928311	0.140154999877
-aŋɔ	0.717094913477	0.183534347142	0.0283167278448	0.0710540115364
-paŋ	0.796384395814	0.0894386298763	0.0685061845861	0.0456707897241
-zye	0.363636363636	0.541501976285	0.0	0.0948616600791
-zya	0.410884353742	0.262585034014	0.0326530612245	0.29387755102
-duŋ	0.40325352489	0.480015191589	0.0596463925201	0.0570848910008
-iyu	0.196157046797	0.0669630012401	0.144676490337	0.592203461626
-rki	0.0160701241782	0.599707815924	0.375456537619	0.00876552227903
-iyo	0.044031179883	0.0274982051425	0.0314683816193	0.897002233355
-eli	0.031007751938	0.953488372093	0.0	0.015503875969
-iyi	0.322359396433	0.564471879287	0.0987654320987	0.0144032921811
-ɛwɛ	0.554347826087	0.369565217391	0.0	0.0760869565218
-rko	0.0265486725664	0.973451327434	0.0	0.0
-iye	0.0774615278824	0.268323993732	0.0188233383233	0.635391140062
-ɛwɔ	0.278127183787	0.429769392034	0.149545772187	0.142557651992
-ela	0.267809319764	0.70433851098	0.0214247455812	0.00642742367436
-iya	0.305288368179	0.496853544337	0.0149365618652	0.182921525619
-diŋ	0.184432344648	0.197060790001	0.441128231664	0.177378633687
-vas	0.0179145613229	0.866329811668	0.11575562701	0.0
-ilɔ	0.295566502463	0.354679802956	0.162561576355	0.187192118227
-zwa	0.147044301809	0.73216930742	0.0997800619417	0.0210063288298
-vat	0.0	1.0	0.0	0.0
-kob	0.0	0.993783554676	0.0	0.00621644532354
-kol	0.302480323346	0.53056625143	0.124232989946	0.0427204352778
-ɔmɔ	0.244664634146	0.659298780488	0.0754573170732	0.0205792682927
-ilɛ	0.116995415544	0.0978719464503	0.060165289487	0.724967348518
-tun	0.131575475598	0.3881847881	0.0123083267614	0.46793140954
-tup	0.117579457268	0.260435717463	0.0581100785922	0.563874746676
-vac	0.691646191646	0.201474201474	0.058968058968	0.0479115479115
-tur	0.148121106104	0.441323658943	0.0200567687828	0.39049846617
-tus	0.0343112879165	0.944803580308	0.0208851317753	0.0
-tut	0.565838645856	0.434161354144	0.0	0.0
-tuu	0.249782384141	0.135927217651	0.158707245738	0.45558315247
-kos	0.0146036161335	0.985396383866	0.0	0.0
-kor	0.500848896435	0.183361629881	0.152801358234	0.16298811545
-vai	0.07004763239	0.853180162511	0.07004763239	0.00672457270945
-van	0.366598778004	0.608961303462	0.0244399185336	0.0
-val	0.631751996242	0.241427900423	0.093940817285	0.0328792860498
-tan	0.237195475175	0.181373552374	0.0277329705761	0.553698001875
-liz	0.0948905109489	0.744525547445	0.132846715329	0.0277372262774
-lit	0.458013308354	0.313610290501	0.0847027959951	0.14367360515
-jen	0.0	0.443902439024	0.526829268293	0.0292682926829
-omu	0.281879194631	0.637583892617	0.0402684563758	0.0402684563758
-lis	0.0174291938998	0.9825708061	0.0	0.0
-ɛki	0.390153910796	0.481255183794	0.0677093705479	0.0608815348624
-lim	0.153533712429	0.200920660709	0.295423774709	0.350121852153
-lin	0.153960979281	0.439177394383	0.033432231879	0.373429394457
-jet	0.545105566219	0.305182341651	0.103646833013	0.0460652591171
-lik	0.0604916002121	0.109174652571	0.751950149176	0.0783835980405
-ɛka	0.0803212851406	0.180722891566	0.730923694779	0.00803212851406
-oma	0.355650521183	0.104518714633	0.0626358490969	0.477194915087
-ome	0.733606557377	0.266393442623	0.0	0.0
-lic	0.189473684211	0.373684210526	0.436842105263	0.0
-ɔɔk	0.66043714303	0.203838624392	0.0199802215988	0.115744010979
-ɔɔi	0.487644151565	0.31960461285	0.0494233937397	0.143327841845
-144	0.0225988700565	0.231638418079	0.0474576271186	0.698305084746
-ɔɔl	0.528434826371	0.26019124308	0.211373930549	0.0
-ɔɔr	0.135081937456	0.146593455214	0.654921068902	0.0634035384275
-ɔɔp	0.0689655172414	0.793103448276	0.0689655172414	0.0689655172414
-ɔɔt	0.227297355852	0.0857227490731	0.129115474769	0.557864420306
-ɔɔz	0.235157256262	0.316413659678	0.0118203289986	0.436608755061
-lwa	0.242626070409	0.735965746908	0.00713606089439	0.0142721217888
-nci	0.653276526679	0.197606005275	0.0387318098821	0.110385658164
-pai	0.489193794279	0.389740830419	0.0448390278899	0.0762263474128
-pak	0.509002770083	0.391505078486	0.0433979686057	0.0560941828255
-koc	0.0470886075949	0.94970464135	0.000506329113922	0.00270042194093
-pan	0.433734939759	0.313253012048	0.225903614458	0.027108433735
-bya	0.025824964132	0.956958393113	0.0172166427547	0.0
-paz	0.0	1.0	0.0	0.0
-duk	0.285978211184	0.516036873381	0.197984915435	0.0
-dun	0.470207608204	0.0907475273619	0.0329427463862	0.406102118048
-anɔ	0.324318217427	0.123809203175	0.142736997217	0.409135582181
-tul	0.168190127971	0.729433272395	0.0402193784278	0.0621572212066
-anɛ	0.287021830528	0.541931115446	0.0756931601391	0.0953538938872
-onɛ	0.505944656436	0.282333905802	0.124746668728	0.0869747690337
-dic	0.13042966007	0.28824502453	0.44544773341	0.13587758199
-dil	0.164634146341	0.640243902439	0.103658536585	0.0914634146341
-dim	0.491807275919	0.0436457622159	0.00646152345655	0.458085438408
-din	0.342857142857	0.6	0.0285714285714	0.0285714285714
-dii	0.603725850966	0.311752529899	0.0845216191351	0.0
-dik	0.411514336918	0.373431899642	0.120967741935	0.0940860215054
-dit	0.615761529521	0.240248166094	0.0714980625339	0.0724922418506
-vaa	0.521367521368	0.478632478632	0.0	0.0
-dir	0.757731958763	0.211340206185	0.0309278350515	0.0
-dis	0.0	1.0	0.0	0.0
-diz	0.168316831683	0.693069306931	0.11315417256	0.025459688826
-tuŋ	0.489178940899	0.28495041483	0.136393697653	0.0894769466177
-mnɔ	0.430555555556	0.444444444444	0.0277777777778	0.0972222222222
-aŋo	0.0842812823164	0.675801447777	0.0879007238883	0.152016546019
-ema	0.105708245243	0.748414376321	0.0126849894292	0.133192389006
-aŋi	0.191660560935	0.623609708443	0.0399215826056	0.144808148016
-aŋe	0.2578125	0.4453125	0.203125	0.09375
-emi	0.459782226905	0.245170354759	0.0295047418335	0.265542676502
-aŋa	0.317580575846	0.311908752332	0.0434102945402	0.327100377281
-aŋu	0.682233237673	0.167101487086	0.03130707018	0.119358205061
-cik	0.14622161979	0.403592002711	0.0594713656387	0.39071501186
-ryɔ	0.367924528302	0.51320754717	0.022641509434	0.0962264150943
-cin	0.570147807522	0.0538231134591	0.0222045121525	0.353824566866
-cim	0.0	1.0	0.0	0.0
-cil	0.278048780488	0.0	0.634146341463	0.0878048780488
-ryɛ	0.817537464561	0.082827055488	0.0279465370595	0.0716889428919
-ciz	0.0957535387177	0.442825423258	0.407299472662	0.0541215653622
-rjo	0.0	0.905018425398	0.0611267559322	0.0338548186701
-cit	0.458775386481	0.326614125493	0.145195513792	0.0694149742346
-ɛwi	0.311613497932	0.595582081024	0.0121864391269	0.0806179819167
-iyɛ	0.408533141037	0.218268132925	0.144029805901	0.229168920137
-lip	0.107093747472	0.868154978565	0.0165008493084	0.00825042465421
