-épa	0.0324324324324	0.259459459459	0.643243243243	0.0648648648649
-ank	0.152606996473	0.146570075938	0.0394306230737	0.661392304515
-pu-	0.316715542522	0.175953079179	0.428152492669	0.0791788856305
-lem	0.0646816402344	0.269904201861	0.00873440441229	0.656679753492
-oye	0.275109170306	0.10480349345	0.0698689956332	0.550218340611
-oya	0.0488010096761	0.898190997055	0.00504838031132	0.0479596129575
-lea	0.108594080713	0.279185555386	0.0106016396645	0.601618724236
-llú	0.118636182374	0.460986308653	0.358234746777	0.062142762196
-nsa	0.173913043478	0.260869565217	0.0434782608696	0.521739130435
-úko	0.432567811301	0.24291925421	0.087115149899	0.237397784591
-imú	0.522085637446	0.183306348712	0.0686193416459	0.225988672196
-pus	0.197587593337	0.591039632395	0.101091326824	0.110281447444
-nta	0.284473590925	0.347749025168	0.337646224743	0.0301311591635
--ui	0.250346570132	0.299012394496	0.144503775986	0.306137259386
-pum	0.724137931034	0.110344827586	0.165517241379	0.0
-pui	0.468094055872	0.346575051022	0.0143574206109	0.170973472495
-ára	0.256130790191	0.651226158038	0.0599455040872	0.0326975476839
-ará	0.222744790646	0.539421255471	0.122868900647	0.114965053237
-nma	0.0971428571428	0.531428571429	0.0342857142857	0.337142857143
-opu	0.199822913834	0.331710592985	0.0363847014897	0.432081791691
-lím	0.0	0.879598662207	0.0	0.120401337793
-opi	0.558610709117	0.367583212735	0.0390738060781	0.0347322720695
-sma	0.291625243342	0.381666635166	0.191230225482	0.13547789601
-ope	0.415894929153	0.127799732342	0.441298820444	0.0150065180622
-opa	0.0624710147744	0.0626600905593	0.0108396248364	0.86402926983
-gke	0.341144849162	0.599302793402	0.0550444100605	0.00450794737564
-naa	0.0902200243491	0.0394641634264	0.0118166274829	0.858499184742
-imu	0.576698725351	0.21478325002	0.0489447453309	0.159573279298
-oku	0.199248814267	0.0663931310289	0.00664365022927	0.727714404475
-gko	0.481976588866	0.307854621786	0.0859092946945	0.124259494653
-dek	0.03259452412	0.943630646522	0.00613543983434	0.0176393895237
-gki	0.117599195903	0.826650074187	0.0227827502034	0.0329679797062
-oks	0.0208333333333	0.9375	0.0416666666667	0.0
-ima	0.133320568488	0.355338635445	0.100074252675	0.411266543392
-lep	0.0892044966962	0.327233330473	0.495923796447	0.0876383763837
-oko	0.643994211288	0.153400868307	0.202604920405	0.0
-oki	0.268965517241	0.731034482759	0.0	0.0
-kim	0.36251898909	0.456083413893	0.0543433227455	0.127054274271
-imi	0.51512645061	0.281224152192	0.105103976072	0.0985454211261
-oka	0.1411882153	0.8588117847	0.0	0.0
-ína	0.229100625981	0.507906001071	0.054530103658	0.20846326929
-sik	0.154234436343	0.64666292765	0.165451486259	0.0336511497476
-lla	0.0888481883977	0.860356123149	0.0102919368761	0.040503751577
-úpu	0.20665240988	0.79334759012	0.0	0.0
-lli	0.062231431249	0.895306548822	0.0109258797534	0.0315361401759
-álu	0.0400607411292	0.881860688691	0.0462659500088	0.0318126201713
-llo	0.0994475138121	0.576427255985	0.0515653775322	0.27255985267
-ida	0.0315997366688	0.940092165899	0.00987491770902	0.0184331797235
-lu-	0.658039647577	0.253854625551	0.0468061674008	0.0412995594714
-llu	0.461432308696	0.316585379165	0.0542791219673	0.167703190172
-ále	0.322476317466	0.466472785954	0.0985736548657	0.112477241714
-ála	0.217391304348	0.485507246377	0.282608695652	0.0144927536232
-uta	0.0	1.0	0.0	0.0
-tet	0.0	0.965692503177	0.0304955527319	0.00381194409149
-ria	0.0197849048504	0.91347342398	0.0072167161351	0.0595249550343
-rin	0.0873699183949	0.837014299618	0.0576476753762	0.0179681066108
-ril	0.0	0.285714285714	0.714285714286	0.0
-úye	0.400491197583	0.303979227161	0.0967481597416	0.198781415515
-rik	0.0775381182596	0.850644745604	0.0243844430799	0.0474326930561
-ras	0.0349127182045	0.93566084788	0.0112219451372	0.0182044887781
-rit	0.0171673819743	0.950950337216	0.0245248313918	0.00735744941755
-ris	0.0454132606721	0.8310626703	0.0871934604904	0.0363306085377
-dui	0.449957088561	0.247415096653	0.0784666312477	0.224161183538
-íli	0.520501688374	0.225518572118	0.188133140376	0.0658465991317
-tel	0.0	1.0	0.0	0.0
-aku	0.0927966858971	0.0567028635784	0.0100532375545	0.84044721297
-ten	0.107621548613	0.725509860498	0.0143495398151	0.152519051073
-are	0.0891569057611	0.0910462499271	0.068661297599	0.751135546713
-jim	0.301117922827	0.68606002324	0.00681171615178	0.00601033778099
-ara	0.417155151818	0.333209477662	0.103314525245	0.146320845275
-mes	0.108108108108	0.873873873874	0.018018018018	0.0
-lup	0.220930232558	0.338870431894	0.224252491694	0.215946843854
-gye	0.56999471738	0.223983095615	0.151082937137	0.054939249868
-lus	0.0	1.0	0.0	0.0
-ari	0.638921851161	0.146126462112	0.0223766740126	0.192575012714
-ngí	0.337451692603	0.187888911035	0.0467324084383	0.427926987924
-aru	0.199476069651	0.151428944973	0.59206550582	0.057029479556
-luk	0.0	0.965270684372	0.0	0.0347293156282
-lum	0.378954308603	0.165776470171	0.331134663784	0.124134557442
-éye	0.561614426793	0.0523829969944	0.0309145556033	0.35508802061
-mel	0.0433041030637	0.40240337772	0.493666774927	0.0606257442892
-men	0.296296296296	0.703703703704	0.0	0.0
-mek	0.0	1.0	0.0	0.0
-aye	0.408379064521	0.348497720549	0.106623271623	0.136499943307
-aya	0.0327084822165	0.946218826159	0.0120938925842	0.00897879903982
-ayo	0.261408450704	0.45014084507	0.164507042254	0.123943661972
-gok	0.0491803278688	0.934426229508	0.016393442623	0.0
-tyu	0.00946372239748	0.990536277603	0.0	0.0
-ána	0.611110476864	0.338520201386	0.016804995833	0.0335643259164
-dai	0.514595001225	0.271438757642	0.135730334787	0.0782359063462
-umu	0.299578436006	0.428364047622	0.0535035192866	0.218553997086
-ota	0.0	1.0	0.0	0.0
-ija	0.00519570488396	0.994804295116	0.0	0.0
-oti	0.0666567030339	0.887460768196	0.00582872515319	0.0400538036168
-ali	0.0181648615626	0.171193978603	0.0735863730714	0.737054786763
-upú	0.374407582938	0.526066350711	0.0995260663507	0.0
-apá	0.75	0.211538461538	0.0	0.0384615384615
-ume	0.151006711409	0.0184563758389	0.830536912752	0.0
-uma	0.127016851583	0.35551567519	0.0341883575159	0.483279115712
-otu	0.148418388301	0.78136215917	0.0223425530775	0.0478768994518
-umi	0.364093959732	0.457021166753	0.115642746515	0.0632421270005
-ako	0.29166268137	0.232781447425	0.187276277835	0.28827959337
ALL	0.221428163971	0.262847513438	0.0502318655497	0.465492457041
-nai	0.500527412797	0.381558207121	0.0196657747584	0.0982486053237
-nan	0.0833021340322	0.77910894796	0.115125421191	0.0224634968177
-rma	0.0	1.0	0.0	0.0
-aki	0.0921079348758	0.182503943482	0.0662434946302	0.659144627012
-nam	0.0	1.0	0.0	0.0
-sis	0.0	1.0	0.0	0.0
-ake	0.0698735491613	0.45710251611	0.446032527619	0.0269914071096
-sip	0.10393175439	0.831434991365	0.0177046965782	0.0469285576664
-aka	0.361159210215	0.388188469366	0.125150134487	0.125502185931
-nae	0.14234187814	0.112681952853	0.0588367899009	0.686139379106
-kis	0.161372031921	0.415958446465	0.204962761766	0.217706759848
-sin	0.135860678053	0.759065097369	0.0469743592229	0.0580998653547
-sim	0.333442946399	0.297928313055	0.164419598816	0.20420914173
-nas	0.02420208743	0.957646346997	0.0090757827863	0.00907578278629
-sia	0.0186795386015	0.949057658488	0.00847678930639	0.0237860136037
-sie	0.0615090639214	0.0234408236907	0.0243179641901	0.890732148198
-is-	0.241397021058	0.516178736518	0.0513610683102	0.191063174114
-mos	0.0077120822622	0.961439588689	0.0308483290488	0.0
-amu	0.317298982009	0.125452821649	0.111388354352	0.44585984199
-lku	0.307127041781	0.239566048453	0.0358051835704	0.417501726196
-lki	0.638125052881	0.350706489551	0.0101531432439	0.00101531432439
-lko	0.161650273345	0.211875312461	0.0255872682446	0.60088714595
-lúm	0.336499073979	0.21475718951	0.0498604151679	0.398883321343
-mon	0.0146291820379	0.979858372557	0.000848068523935	0.00466437688165
-lka	0.187273676497	0.114003456164	0.0408907708176	0.657832096522
-lke	0.661629434954	0.315374507227	0.0229960578187	0.0
-yat	0.0	1.0	0.0	0.0
-yap	0.0955109837632	0.904489016237	0.0	0.0
-yas	0.0216271884655	0.959835221421	0.0	0.0185375901133
-bek	0.375722543353	0.364161849711	0.173410404624	0.0867052023122
-ma-	0.024358974359	0.926923076923	0.0	0.0487179487179
-lpa	0.0151515151515	0.984848484848	0.0	0.0
-yam	0.0429917696496	0.907153691225	0.0022378596116	0.0476166795136
-bea	0.0	0.85	0.15	0.0
-iso	0.0848656294201	0.879773691655	0.0	0.035360678925
-upu	0.306876030486	0.161545262871	0.0400735088071	0.491505197836
-rel	0.369214843357	0.463430765028	0.0517590901902	0.115595301425
-rem	0.0547112462006	0.920972644377	0.0243161094225	0.0
-ise	0.16199376947	0.591900311527	0.246105919003	0.0
-isa	0.0	1.0	0.0	0.0
-umú	0.177422117808	0.698871840051	0.0359738638866	0.0877321782542
-upa	0.264616921993	0.156870206099	0.0920517377187	0.486461134189
-lú-	0.111111111111	0.642857142857	0.246031746032	0.0
-res	0.050716648291	0.87935107891	0.00472515356749	0.0652071192313
-ret	0.0742973406763	0.721154422162	0.0171409137286	0.187407323433
-reu	0.0	1.0	0.0	0.0
-ime	0.0268456375839	0.973154362416	0.0	0.0
-jut	0.0967741935484	0.870967741935	0.0322580645161	0.0
-oas	0.0188679245283	0.981132075472	0.0	0.0
-mas	0.0200672524135	0.956204577503	0.00162707452001	0.0221010955635
-úna	0.273898286578	0.50937422305	0.0869384672005	0.129789023171
-mak	0.0920162381596	0.897158322057	0.00541271989174	0.00541271989175
-mam	0.0	1.0	0.0	0.0
-ápu	0.206757920934	0.723174116971	0.011486551163	0.0585814109314
-maa	0.0508474576271	0.813559322034	0.0677966101695	0.0677966101695
-únu	0.555435952637	0.265662002153	0.0421959095802	0.13670613563
-jui	0.311069654584	0.583745199619	0.0427256967263	0.0624594490704
-akó	0.636017942105	0.100836336217	0.0307869283596	0.232358793318
-jum	0.47505527916	0.295881702598	0.173092868988	0.0559701492537
-eká	0.193771626298	0.657439446367	0.0311418685121	0.117647058823
-uni	0.257655125817	0.371082686811	0.108083036735	0.263179150637
-une	0.374087591241	0.310218978102	0.140054744526	0.175638686131
-ung	0.326356541969	0.313509827111	0.0233380651464	0.336795565774
-una	0.172580621603	0.358600891836	0.0460739594633	0.422744527098
-pta	0.0	1.0	0.0	0.0
-ilí	0.190271212401	0.708057147384	0.0668127921409	0.0348588480735
-unu	0.248704401399	0.106461076762	0.0410739274129	0.603760594426
--tu	0.291800603105	0.39062589227	0.015031582903	0.302541921722
-666	0.323450134771	0.121293800539	0.0	0.55525606469
-pti	0.0148367952522	0.0	0.0148367952522	0.970326409496
-tre	0.00592987280852	0.129769680303	0.394637332417	0.469663114472
-ólu	0.280077911676	0.131369812979	0.0891930076514	0.499359267693
-mbú	0.366134140184	0.144551156476	0.0480240864441	0.441290616896
-mbá	0.371923997712	0.109174215465	0.0197812295733	0.49912055725
-gau	0.0509439542564	0.14336767388	0.769458273771	0.0362300980924
-gar	0.286754002911	0.311499272198	0.157205240175	0.244541484716
-ana	0.139679682506	0.669976008273	0.0608795179926	0.129464791228
-ku-	0.423948780066	0.479148641634	0.0242256445752	0.0726769337256
-óli	0.323529411765	0.397058823529	0.220588235294	0.0588235294118
-ini	0.0424482434912	0.162895264859	0.0180743786968	0.776582112953
-inj	0.17283114383	0.583554660345	0.00837774727723	0.235236448548
-sek	0.0	1.0	0.0	0.0
-ina	0.194383262322	0.564265624871	0.0318677184905	0.209483394316
-óko	0.423728813559	0.474576271186	0.0677966101695	0.0338983050847
-ing	0.509887488279	0.158630857378	0.0289755523726	0.302506101971
-uim	0.0667673131478	0.639272101458	0.0130583494081	0.280902235986
-uin	0.178837555887	0.776453055142	0.0	0.0447093889717
-kna	0.487062341705	0.471575972659	0.0056189835019	0.0357427021343
-ses	0.0467238680081	0.887328729718	0.0109224626512	0.055024939623
-inu	0.537152005447	0.212111258361	0.0429035099626	0.20783322623
-sep	0.00791427026496	0.982500122892	0.00294941749004	0.0066361893526
--di	0.0838075530263	0.872736678738	0.0310398344542	0.0124159337817
-kus	0.125588697017	0.799058084772	0.0188383045526	0.0565149136577
-kur	0.487435535689	0.268895210387	0.0856573038949	0.158011950029
-iam	0.0389957945712	0.925449216261	0.00879316936409	0.0267618198037
-ian	0.0643776824034	0.81974248927	0.038626609442	0.0772532188841
-iai	0.542239106351	0.189303033562	0.0262729780238	0.242184882064
-nes	0.0	0.934782608696	0.0434782608696	0.0217391304348
-nen	0.130434782609	0.772575250836	0.0167224080267	0.0802675585284
-ias	0.0457985153969	0.931999788326	0.0115939519019	0.010607744375
-kum	0.535250306849	0.223924706667	0.0519157255275	0.188909260957
-aon	0.15879452904	0.437187827672	0.047649504795	0.356368138493
-kui	0.443412040871	0.327924812155	0.135622057113	0.0930410898614
-uní	0.458105967259	0.351698644605	0.0391656398521	0.151029748284
-eka	0.372822483027	0.195752855113	0.418793747698	0.0126309141624
-ímu	0.508850989466	0.200189587008	0.0577377388716	0.233221684655
-eki	0.699076636816	0.159195839066	0.00674892971986	0.134978594397
-eko	0.395667690331	0.387759276986	0.058377970137	0.158195062546
-uná	0.121319961178	0.63215787771	0.210287932708	0.036234228405
-jon	0.0310013721334	0.948261156072	0.0106033678601	0.0101341039341
-líí	0.595864920744	0.152190607463	0.0254996554101	0.226444816383
-mko	0.414549177616	0.312552350304	0.135516148001	0.137382324079
-eku	0.341728360158	0.13963132713	0.0534047456532	0.465235567059
-bat	0.077963788189	0.824400818981	0.0180657593641	0.0795696334658
-bau	0.559471365639	0.237885462555	0.0	0.202643171806
-íma	0.199642184055	0.223806293069	0.464440723371	0.112110799505
-dru	0.0	1.0	0.0	0.0
-mbu	0.188531892821	0.261949868814	0.0332714696259	0.516246768739
-asa	0.013437849944	0.96640537514	0.006718924972	0.013437849944
-mba	0.261793044149	0.091489921469	0.0230612712122	0.623655763169
-lsa	0.205828779599	0.652094717669	0.0546448087431	0.087431693989
-mbe	0.838499184339	0.151712887439	0.0	0.00978792822188
-yen	0.0	0.971428571429	0.0285714285714	0.0
-mbi	0.111921247681	0.430203652483	0.224817300995	0.233057798841
-lta	0.131221719457	0.841628959276	0.0	0.0271493212669
-lte	0.149006564243	0.148478609014	0.393502630977	0.309012195766
-iní	0.425866769848	0.180441700936	0.0405227464284	0.353168782788
-rko	0.513013605903	0.168059974277	0.0666080010831	0.252318418737
-eru	0.829545454546	0.0340909090909	0.136363636364	0.0
-ran	0.0590551181102	0.94094488189	0.0	0.0
-eri	0.140063736869	0.659597906913	0.0905693040091	0.109769052209
-iwa	0.428571428571	0.547619047619	0.0238095238095	0.0
-ram	0.0287081339713	0.88995215311	0.0	0.0813397129186
-rak	0.0	1.0	0.0	0.0
-iwe	0.0	0.453376205788	0.546623794212	0.0
-rai	0.44369471648	0.231983861911	0.246656868319	0.0776645532899
-era	0.191174596931	0.601353794985	0.160447838652	0.0470237694318
-ere	0.0830195289011	0.130850801029	0.0632409764922	0.722888693578
-ela	0.360725653692	0.313190057969	0.0902432132018	0.235841075137
-pos	0.0	1.0	0.0	0.0
-uka	0.490464863121	0.277204370439	0.0937386606459	0.138592105794
-ika	0.253813228909	0.210390504464	0.0844173647979	0.451378901829
-iko	0.359078883089	0.419852567642	0.0891343435778	0.131934205691
-lam	0.267185916788	0.365829119617	0.0274482258613	0.339536737734
-lan	0.043956043956	0.923076923077	0.032967032967	0.0
-nos	0.038961038961	0.961038961039	0.0	0.0
-lai	0.538642344087	0.174512547107	0.0394314835121	0.247413625294
-iki	0.173214259311	0.595752073692	0.223714754632	0.00731891236527
-lak	0.0	0.950819672131	0.0	0.0491803278689
-ipú	0.0	0.966297431063	0.0337025689371	0.0
-iku	0.179294869665	0.0923145596843	0.0348361542353	0.693554416416
-nok	0.0	1.0	0.0	0.0
-iks	0.0841560883874	0.746944052656	0.0329102021626	0.135989656794
--na	0.384630145737	0.326423011231	0.0538466567361	0.235100186296
-non	0.0	0.877551020408	0.122448979592	0.0
-las	0.0423841059603	0.909227373068	0.0413245033113	0.00706401766005
-noa	0.0	1.0	0.0	0.0
--no	0.0798985415346	0.532022828155	0.204185161699	0.183893468611
--ni	0.138683246504	0.420084868683	0.0406091315972	0.400622753216
-mú-	0.335820895522	0.360696517413	0.089552238806	0.213930348259
-mye	0.559130021298	0.183070350206	0.0550055568047	0.202794071691
-don	0.0235818992989	0.958572339069	0.0025493945188	0.0152963671128
-dom	0.00473559589583	0.985793212313	0.00947119179163	0.0
-dok	0.0	1.0	0.0	0.0
-sas	0.0345463692772	0.915143384203	0.00167700821734	0.0486332383028
-gla	0.0505010259577	0.0955236368708	0.0216148375401	0.832360499631
-élu	0.48380010983	0.21279516749	0.0727622185612	0.230642504119
-gle	0.0399401964973	0.506407518155	0.431866723622	0.0217855617258
-sat	0.0	1.0	0.0	0.0
-gli	0.464008027408	0.219068971928	0.0695748269363	0.247348173727
-tok	0.0338983050847	0.898305084746	0.0677966101695	0.0
-mpa	0.277777777778	0.722222222222	0.0	0.0
-éle	0.181439936251	0.457461202654	0.151483027389	0.209615833706
-oll	0.0455971909608	0.882401075574	0.0064463857411	0.065555347724
-glu	0.151736745887	0.696526508227	0.0054844606947	0.146252285192
-olo	0.776119402985	0.134328358209	0.0895522388059	0.0
-sak	0.0026455026455	0.995767195767	0.0	0.0015873015873
-ola	0.170325726013	0.0913712962406	0.0188194189603	0.719483558786
-sai	0.523213330726	0.166270619409	0.0525188086391	0.257997241227
-ole	0.205663672844	0.596302971768	0.153138696863	0.0448946585243
-sam	0.0	1.0	0.0	0.0
-aip	0.262777023971	0.433740388964	0.116689280868	0.186793306196
-rot	0.02082798368	0.93865730834	0.0328112071671	0.00770350081317
-gku	0.432367149758	0.538647342995	0.0144927536232	0.0144927536232
-iem	0.0123304562269	0.977805178792	0.0	0.00986436498151
-lok	0.218687872763	0.607218756427	0.0518955234113	0.122197847398
-ien	0.250368188513	0.499263622975	0.0883652430044	0.162002945508
-bo-	0.18947368421	0.357894736842	0.452631578947	0.0
-ámu	0.0873727087576	0.825254582485	0.0873727087576	0.0
-áma	0.435604905131	0.34079677872	0.103715453603	0.119882862547
-rom	0.353702576588	0.50456482045	0.0255629945222	0.11616960844
-ron	0.020979020979	0.968531468531	0.0104895104895	0.0
-lou	0.466666666667	0.222222222222	0.0	0.311111111111
-áme	0.379407616361	0.592383638928	0.0282087447108	0.0
-los	0.0477192982457	0.896140350877	0.0147368421053	0.0414035087719
-ipi	0.52905151182	0.137356616061	0.0548345490011	0.278757323118
-ipa	0.254611496733	0.0902355886115	0.0369919634422	0.618160951213
-oke	0.631136139065	0.205182321396	0.0333848175827	0.130296721956
-aká	0.483674524918	0.454872060108	0.0527776387429	0.00867577623169
--po	0.0311561950109	0.146723941621	0.00155263430287	0.820567229065
-ipu	0.312362968736	0.125687747614	0.0529005762831	0.509048707367
-awa	0.581634431905	0.242651519317	0.0257660441751	0.149948004603
-úma	0.333196836466	0.501124648877	0.0714100831131	0.0942684315434
-awe	0.106194690265	0.827433628319	0.0265486725664	0.0398230088495
-úmu	0.373201438849	0.331534772182	0.142386091127	0.152877697842
-man	0.17443313694	0.744152829852	0.0474915193716	0.0339225138368
-glí	0.43323309169	0.281139694205	0.0745174506583	0.211109763446
-olu	0.270159367744	0.362488811134	0.137106935971	0.23024488515
-apú	0.260778298078	0.292749878896	0.0587760374616	0.387695785564
-sti	0.00918695452458	0.110243454295	0.0	0.880569591181
-olá	0.517485822306	0.346172022684	0.0536389413988	0.0827032136106
-eyo	0.140468227425	0.638795986622	0.0401337792642	0.180602006689
-eya	0.322550063635	0.631087504221	0.0463624321446	0.0
--we	0.253120088749	0.216788388648	0.443191272996	0.0869002496071
-eye	0.469892678181	0.246621059887	0.0531334191196	0.230352842812
-lek	0.0	1.0	0.0	0.0
-ois	0.0828729281768	0.917127071823	0.0	0.0
-ion	0.0748663101604	0.78431372549	0.0133689839572	0.127450980392
-mul	0.0650759219089	0.815618221258	0.0325379609545	0.0867678958785
-kaé	0.467471756915	0.520841449162	0.0116867939229	0.0
-rye	0.49749599359	0.161458333333	0.113681891026	0.227363782051
-ios	0.0	0.957597173145	0.0424028268551	0.0
-les	0.185714285714	0.742857142857	0.0	0.0714285714285
-let	0.0702877404374	0.897706234899	0.0293702343971	0.0026357902664
-iot	0.0578406169666	0.931876606684	0.0025706940874	0.00771208226221
--et	0.0984952120383	0.0601915184678	0.0984952120383	0.742818057456
-kaí	0.316999820137	0.174687658425	0.255807023131	0.252505498307
-alu	0.535141829212	0.331052205477	0.0416136786495	0.0921922866617
-ndu	0.319752308879	0.210704105718	0.0510497305596	0.418493854843
-ndi	0.214267463274	0.0981696680222	0.074491116622	0.613071752081
-gin	0.0175549812259	0.95828253767	0.0159335836544	0.00822889744966
-uda	0.033866017568	0.729918509895	0.135252407662	0.100963064875
-áne	0.268126770979	0.241263593191	0.0773202781429	0.413289357686
-el-	0.292929292929	0.394857667585	0.110192837466	0.20202020202
-nda	0.282507659393	0.176484587004	0.109274921691	0.431732831912
-ale	0.181302116761	0.516762283624	0.0961192603625	0.205816339252
-nde	0.530765643124	0.39937608058	0.0297309297098	0.0401273465862
-úru	0.0911392405063	0.673417721519	0.235443037975	0.0
-ala	0.15338481899	0.683907660865	0.0299030037023	0.132804516442
-ínu	0.514161946018	0.138620459847	0.19926691103	0.147950683106
-le-	0.211267605634	0.661971830986	0.0422535211267	0.0845070422535
-yok	0.0468618160576	0.909002401506	0.0019471668722	0.0421886155643
-íng	0.490887854206	0.342709483352	0.0873613977823	0.0790412646602
-yon	0.0202593192869	0.853626418152	0.085595623987	0.0405186385737
-njí	0.881355932203	0.101694915254	0.0	0.0169491525424
-iel	0.0553562275756	0.932342388519	0.0	0.0123013839057
-ulú	0.335847010459	0.336020963664	0.0902114276905	0.237920598187
-nat	0.0665188470067	0.684035476718	0.249445676275	0.0
-lsu	0.203546656606	0.0832362413237	0.0505820235737	0.662635078496
-pel	0.0	1.0	0.0	0.0
-pen	0.0735294117648	0.651359238212	0.0362847488865	0.238826601137
-ros	0.0	1.0	0.0	0.0
-pet	0.0685483870968	0.917338709677	0.0	0.0141129032258
-iyo	0.442725598527	0.395948434622	0.0744014732966	0.0869244935544
-eli	0.315840621963	0.371234207969	0.221574344023	0.0913508260447
-ell	0.194991828377	0.775703041347	0.00225424079049	0.0270508894858
-lse	0.284566702721	0.190999929142	0.0985340657174	0.42589930242
-iye	0.558910334828	0.234354970976	0.0610891159839	0.145645578212
-lsi	0.652173913043	0.0217391304348	0.326086956522	0.0
-iya	0.272134522993	0.484900480439	0.150308853809	0.0926561427591
-ele	0.174221246358	0.239210250126	0.0679016000672	0.518666903448
-pna	0.23394907084	0.681159250825	0.02106213989	0.0638295384453
-esi	0.007371007371	0.992628992629	0.0	0.0
-eso	0.0	1.0	0.0	0.0
-esa	0.0	1.0	0.0	0.0
-ita	0.0191043789375	0.956719925093	0.00395250118164	0.0202231947876
-spa	0.0687178615443	0.878107602737	0.0490841868174	0.00409034890145
-alú	0.318511527649	0.536558869988	0.0989672732249	0.0459623291381
-ko-	0.297450424929	0.674220963173	0.028328611898	0.0
-alí	0.0538335295135	0.523851713096	0.416745771579	0.00556898581173
-ndí	0.127889060092	0.74499229584	0.0901386748844	0.0369799691833
-alé	0.135177500173	0.620078959813	0.21126797983	0.0334755601843
-alá	0.134249471459	0.745243128964	0.00581395348837	0.114693446089
-nju	0.326591698453	0.126055841756	0.0428212372459	0.504531222545
-rim	0.404160747349	0.0737009957548	0.0114903607301	0.510647896166
--si	0.623954883997	0.290715191185	0.0312525239047	0.0540774009137
-de-	0.37139561707	0.588235294118	0.0230680507497	0.0173010380623
-nje	0.390042447704	0.27560298879	0.0935658115528	0.240788751953
--su	0.0614849187936	0.894431554524	0.0162412993039	0.0278422273782
-lot	0.0354642593957	0.949336772292	0.00506632277081	0.0101326455416
-nji	0.0765695189676	0.842454890143	0.0273977563161	0.0535778345736
-elú	0.15176131748	0.438021564139	0.226349604904	0.183867513478
-emé	0.0	1.0	0.0	0.0
-kom	0.151238158551	0.137111517367	0.681735083929	0.0299152401529
-tui	0.409717974235	0.212966428982	0.139757507144	0.237558089638
-kon	0.0597014925373	0.819829424307	0.107675906183	0.0127931769723
-tum	0.717572197748	0.157611355849	0.071953010279	0.0528634361234
-sos	0.0130858621275	0.802869197754	0.00326892025357	0.180776019864
-oru	0.433983926521	0.566016073479	0.0	0.0
-kot	0.344242512576	0.391566587861	0.0316999929268	0.232490906636
-elé	0.412649664337	0.273857619905	0.0909881306665	0.222504585092
-kop	0.0	0.996273870517	0.0	0.00372612948299
-óma	0.0763358778626	0.778625954199	0.145038167939	0.0
-elá	0.504273504274	0.34188034188	0.0	0.153846153846
-peú	0.0556434915333	0.78691562157	0.145794574715	0.0116463121814
-tna	0.344033590681	0.516998510091	0.0820804550996	0.0568874441284
-gma	0.261823186842	0.405117447698	0.0629983233193	0.270061042141
-nja	0.178571428571	0.737244897959	0.0484693877551	0.0357142857143
-liu	0.230712155445	0.068980203419	0.0291124761687	0.671195164968
-lip	0.0423556715985	0.915482061696	0.0321052122619	0.0100570544435
-rut	0.0	1.0	0.0	0.0
-lis	0.0470756062767	0.910128388017	0.0171184022824	0.0256776034237
-éma	0.0492957746479	0.823943661972	0.12676056338	0.0
-lim	0.483715184187	0.418014375562	0.0477313566936	0.0505390835579
-omi	0.0	1.0	0.0	0.0
-rui	0.632567333828	0.234741784037	0.0481838398814	0.0845070422535
-lii	0.471495619524	0.201501877347	0.19887359199	0.128128911139
-rum	0.59411047375	0.147595053045	0.0297829224127	0.228511550792
-lie	0.439137693257	0.380074451207	0.162823131721	0.0179647238151
-oma	0.19447873561	0.644478623344	0.13820225476	0.0228403862864
-lia	0.257489192795	0.179548019306	0.113393210163	0.449569577735
-eap	0.0	1.0	0.0	0.0
-:14	0.842696629214	0.157303370786	0.0	0.0
-eat	0.0	1.0	0.0	0.0
-:10	0.338461538462	0.661538461538	0.0	0.0
-oda	0.0	0.986149584488	0.0138504155125	0.0
-rna	0.0769230769231	0.51282051282	0.025641025641	0.384615384616
-eai	0.519430235125	0.263804695889	0.0258462670496	0.190918801937
-eam	0.0	1.0	0.0	0.0
-uri	0.167120093276	0.285367275554	0.0845316750875	0.462980956082
-pam	0.420855032094	0.278793750757	0.0944653021678	0.205885914981
-ura	0.467896546901	0.351394442497	0.112568187312	0.0681408232901
-om-	0.027972027972	0.962037962038	0.00999000999001	0.0
-ru-	0.440298507463	0.425373134328	0.0	0.134328358209
-uru	0.276327311871	0.367462644205	0.233777876232	0.122432167692
-pai	0.382182467627	0.469274090758	0.0114813326848	0.13706210893
-apa	0.041572759443	0.875723443498	0.0217399193048	0.0609638777537
-opú	0.194805194805	0.779220779221	0.0	0.025974025974
-pan	0.0	1.0	0.0	0.0
-ape	0.335724426274	0.545926496456	0.040736825909	0.0776122513606
-ngú	0.651589242054	0.294621026895	0.00488997555011	0.0488997555012
-api	0.824390243903	0.0878048780488	0.0292682926829	0.0585365853657
-ngá	0.75	0.15625	0.03125	0.0625
-apu	0.426016690952	0.227960657041	0.0829083322295	0.263114319777
-wan	0.045244344457	0.0999875015624	0.0262467191601	0.828521434821
-pas	0.0745515531573	0.896427008896	0.0207087647659	0.0083126731807
-pat	0.0	0.981207838098	0.00626405396724	0.0125281079345
-dum	0.366720516963	0.442649434572	0.0193861066235	0.171243941842
-wai	0.797668554392	0.0507271110368	0.0202762162827	0.131328118288
-sen	0.0426596325268	0.205620177851	0.0232033872308	0.728516802391
-áye	0.505660154287	0.223354417285	0.0277933772747	0.243192051153
-omú	0.201066320699	0.746962150793	0.0108176032189	0.0411539252892
-num	0.132828523409	0.525596840419	0.0502793900142	0.291295246158
-kea	0.152	0.596	0.18	0.072
-nui	0.710466927307	0.103111789199	0.0130320078828	0.173389275611
-kem	0.496587795396	0.189411465965	0.0390204977524	0.274980240886
-kel	0.0703812316716	0.929618768328	0.0	0.0
-sus	0.0	1.0	0.0	0.0
-sem	0.0	1.0	0.0	0.0
-sop	0.344444444444	0.513888888889	0.00833333333333	0.133333333333
-sum	0.227451784259	0.638930386502	0.040483725861	0.0931341033772
-ket	0.417174460736	0.567905957449	0.0	0.0149195818145
-kes	0.027397260274	0.931506849315	0.041095890411	0.0
-ker	0.537855811364	0.0864296771905	0.0248922053176	0.350822306128
-sui	0.633624331174	0.214305829344	0.0633624331174	0.0887074063644
-aen	0.147507030363	0.824325081315	0.0139056663867	0.0142622219351
-sua	0.0197368421053	0.950657894737	0.00986842105263	0.0197368421052
-dia	0.0413915608137	0.905318899353	0.0437376411838	0.00955189864933
-lui	0.419736088401	0.248974660737	0.0823958257392	0.248893425123
-psi	0.145161290323	0.596774193548	0.193548387097	0.0645161290323
-son	0.0	0.992852888624	0.0	0.00714711137581
-dis	0.0474242142459	0.930258508462	0.0223172772922	0.0
-óru	0.0586027260752	0.854311946772	0.00844549737717	0.0786398297761
--te	0.124861395103	0.46769615772	0.276009399701	0.131433047477
--os	0.0309405940594	0.836014851485	0.0129950495049	0.12004950495
-kos	0.0622775800712	0.927046263345	0.0106761565836	0.0
-uku	0.318579803073	0.178630605977	0.0576524548124	0.445137136138
-urú	0.21875	0.78125	0.0	0.0
-uki	0.524600847181	0.358097100033	0.039100684262	0.078201368524
-uko	0.364359597887	0.35096762599	0.0720611710178	0.212611605105
-áko	0.395404038361	0.404786914136	0.0859398573173	0.113869190186
-ait	0.0	0.555555555556	0.444444444444	0.0
-ora	0.433852773538	0.144171549679	0.0674441853607	0.354531491422
-ngu	0.312885260604	0.493686933017	0.0944448393144	0.098982967064
-ais	0.00980171756974	0.95045184198	0.00292859529754	0.0368178451531
-tis	0.0	0.998446803003	0.00155319699716	0.0
-ona	0.212767610984	0.529682413759	0.203953724524	0.0535962507332
-áka	0.363636363636	0.439393939394	0.166666666667	0.030303030303
-óku	0.144	0.752	0.032	0.072
-nga	0.166392404055	0.226736912748	0.0419265104377	0.564944172759
-aia	0.114693446089	0.885306553911	0.0	0.0
-tia	0.0	1.0	0.0	0.0
-til	0.116129032258	0.709677419355	0.174193548387	0.0
-ngi	0.394350345108	0.299988300027	0.0462653379023	0.259396016963
-áku	0.270340344348	0.452199420716	0.00652775418922	0.270932480747
-ain	0.045428072219	0.213744903902	0.342457775189	0.39836924869
-eme	0.25173594132	0.433594132029	0.31466992665	0.0
-uwe	0.0537909836066	0.515240778688	0.35412397541	0.076844262295
-ema	0.209898591482	0.463477340995	0.0662359330449	0.260388134478
-uwa	0.227868037135	0.432692307692	0.319545755968	0.0198938992043
-ulí	0.196850393701	0.779527559055	0.023622047244	0.0
-mi-	0.201332832739	0.798667167261	0.0	0.0
-ulá	0.629330254041	0.240762124711	0.118360277136	0.0115473441109
-emi	0.226637697176	0.591453327904	0.0221270250505	0.15978194987
-emu	0.368231046931	0.043321299639	0.043321299639	0.545126353791
-das	0.0571757081635	0.90979408383	0.0135883767116	0.0194418312951
-jai	0.28359812486	0.546153119743	0.0663542214126	0.103894533984
-set	0.0	1.0	0.0	0.0
-ya-	0.451097804391	0.439121756487	0.0798403193613	0.0299401197605
-bu-	0.0449438202248	0.786516853933	0.0	0.168539325843
--ma	0.368980599556	0.398764031511	0.0915338414769	0.140721527456
-we-	0.529419473201	0.332983881536	0.0963176516839	0.0412789935788
-rus	0.0	1.0	0.0	0.0
-kta	0.183741648107	0.816258351893	0.0	0.0
-em-	0.230088495575	0.769911504425	0.0	0.0
-ang	0.153686812902	0.659934241922	0.102743966504	0.083634978672
-eta	0.0	1.0	0.0	0.0
-o-o	0.0384325546345	0.611152976639	0.273172569706	0.0772418990203
-omu	0.0	0.931034482759	0.0	0.0689655172414
-ilá	0.245901639344	0.559149313248	0.0886132033672	0.106335844041
-eti	0.20054200542	0.10027100271	0.0	0.69918699187
-úlu	0.213563714903	0.7086825054	0.0108855291577	0.0668682505399
-buk	0.308182390636	0.629181020113	0.0107789754417	0.0518576138089
-bui	0.0631578947368	0.936842105263	0.0	0.0
-uyo	0.52545989533	0.363693537881	0.030188001168	0.0806585656207
-uya	0.576305784094	0.27379394166	0.125592121665	0.0243081525804
-nge	0.152574698029	0.664335664336	0.175460902734	0.00762873490145
-uye	0.515227039046	0.243429926921	0.0492581725817	0.192084861451
-lin	0.0582524271845	0.941747572816	0.0	0.0
-lio	0.0452261306533	0.939698492462	0.0150753768844	0.0
-ata	0.0072934875997	0.956276476902	0.00056103750767	0.0358689979903
-úli	0.415084762968	0.401685108111	0.145670490306	0.0375596386154
-pma	0.124456717625	0.811834451688	0.0524232663943	0.0112855642932
-nis	0.349219391947	0.593262119967	0.0328677074774	0.0246507806081
-nip	0.0952380952381	0.714285714286	0.0	0.190476190476
-uli	0.0975224865904	0.59830199038	0.115441118333	0.188734404696
-kao	0.122063137835	0.803716055264	0.0361074195733	0.0381133873273
-ull	0.249093594736	0.687256613401	0.0431046058816	0.0205451859809
-ula	0.277449188068	0.202271478022	0.125344633145	0.394934700765
-osi	0.0	1.0	0.0	0.0
-kae	0.0354330708661	0.964566929134	0.0	0.0
-nia	0.260623339299	0.184007486478	0.010357834192	0.54501134003
-nie	0.0427488841277	0.883313925405	0.00883879127025	0.0650983991967
-kas	0.0426584916428	0.949444711078	0.00139718150386	0.00649961577509
-kar	0.166666666667	0.769696969697	0.00909090909088	0.0545454545454
-kap	0.405309161541	0.575267076724	0.0	0.0194237617352
-nim	0.371048252912	0.205906821963	0.0200221852468	0.403022739878
-ónu	0.450715911426	0.44540271445	0.0227219097061	0.0811594644176
-ate	0.0	1.0	0.0	0.0
-ons	0.0	0.771653543307	0.228346456693	0.0
-ilu	0.117533401813	0.305276099904	0.0840833585375	0.493107139746
-os-	0.254174397032	0.612244897959	0.0333951762523	0.100185528757
-wel	0.0972207545176	0.718552960654	0.12927542358	0.0549508612491
-eas	0.161290322581	0.612903225806	0.0645161290323	0.161290322581
--ku	0.0270727580372	0.287648054145	0.624365482234	0.0609137055837
--ki	0.179544477868	0.432230339493	0.328749462828	0.059475719811
--ko	0.206923078446	0.296391887678	0.0878590329959	0.40882600088
-ila	0.548549810845	0.123581336696	0.176544766709	0.15132408575
--ka	0.405724953329	0.344119477287	0.146857498444	0.10329807094
-ili	0.261491095443	0.22363512998	0.0379574949595	0.476916279617
-lma	0.552	0.272	0.176	0.0
-oam	0.0480640854473	0.951935914553	0.0	0.0
-na-	0.351084230712	0.346983330875	0.153473963711	0.148458474701
-in-	0.434554973822	0.51832460733	0.0157068062827	0.0314136125654
-ami	0.346293706294	0.550769230769	0.0872727272727	0.0156643356644
-ama	0.130191670431	0.61428119452	0.154928676129	0.100598458921
-tma	0.269908095963	0.569894652837	0.0252432032195	0.134954047981
-ame	0.154567307692	0.772355769231	0.0375	0.0355769230769
--bo	0.31083454601	0.590363133243	0.0510481250834	0.0477541956628
-usi	0.35111779072	0.64888220928	0.0	0.0
-iri	0.527719224283	0.422217537943	0.0200252951096	0.0300379426644
-ein	0.0	1.0	0.0	0.0
-usa	0.12008108048	0.809112489307	0.052173159105	0.0186332711089
-kai	0.224423599544	0.628736740598	0.0442710616288	0.102568598229
-íko	0.389214433955	0.411671690892	0.100771557345	0.098342317808
-gun	0.219654991619	0.375399684501	0.0437686550994	0.361176668781
-emú	0.588127086438	0.136715591169	0.0438036895282	0.231353632865
-lon	0.0765625	0.890625	0.01875	0.0140625
-epe	0.0548237015161	0.0372659037001	0.0125438996463	0.895366495138
-kam	0.0238095238095	0.928571428571	0.0	0.0476190476191
-epa	0.198487632314	0.11101891748	0.0512632599603	0.639230190246
-epi	0.16825921737	0.797685496745	0.0297835427079	0.00427174317723
-epu	0.273724162251	0.119153414112	0.0477894340898	0.559332989547
-pia	0.0553110866642	0.895183962841	0.031169783645	0.01833516685
--pe	0.0589530853022	0.0323139010608	0.0073185424903	0.901414471147
-ira	0.00347624565469	0.993047508691	0.0	0.00347624565469
-jop	0.0	0.959731543624	0.0	0.0402684563758
-pik	0.030523255814	0.915334302326	0.0541424418604	0.0
-iui	0.726060606061	0.230303030303	0.0145454545454	0.0290909090909
-pit	0.00187940485513	0.984651527016	0.00187940485512	0.0115896632733
-wit	0.194278998492	0.802882509647	0.0	0.00283849186107
--yu	0.321428571429	0.446428571429	0.0714285714286	0.160714285714
-áki	0.527075812274	0.440433212996	0.0	0.0324909747292
--ya	0.2	0.8	0.0	0.0
-uel	0.0504201680672	0.930672268908	0.0189075630252	0.0
--yi	0.111832516451	0.757737502888	0.0847207406269	0.0457092400342
-iim	0.456343170064	0.300273805902	0.109522360815	0.133860663219
-unú	0.695267580716	0.225121627598	0.0	0.0796107916851
-owa	0.339488678739	0.50854688106	0.11198949912	0.0399749410817
-sda	0.0	0.976744186047	0.0	0.0232558139535
-yi-	0.559837728195	0.286004056795	0.0	0.15415821501
--le	0.561497326203	0.382352941176	0.0	0.0561497326203
-min	0.085835677466	0.857124536865	0.0076666378587	0.04937314781
-kma	0.240521021408	0.639540882125	0.0193448542688	0.100593242198
-ong	0.208238468053	0.443479512649	0.226848052679	0.12143396662
-anu	0.2668083985	0.286958713251	0.0675749145334	0.378657973716
-epá	0.495031289525	0.371953416724	0.0125115029739	0.120503790777
-dap	0.0	1.0	0.0	0.0
-oni	0.244508039404	0.542204554329	0.0792525582786	0.134034847989
-dam	0.0	0.951557093426	0.0484429065744	0.0
-dan	0.0109090909091	0.975	0.00772727272728	0.00636363636363
-onu	0.641584703212	0.270880619942	0.0357200174244	0.0518146594218
-íye	0.313189129533	0.262942868013	0.200037359089	0.223830643365
-ane	0.507206984598	0.36660901079	0.0965324108393	0.0296515937731
-ukú	0.764705882353	0.147058823529	0.0588235294117	0.0294117647059
-ani	0.331625775569	0.456009365477	0.0553130654498	0.157051793505
-ulu	0.201123035876	0.463638763144	0.0527852360623	0.282452964918
-tam	0.0	1.0	0.0	0.0
-tan	0.184757505774	0.782909930716	0.0184757505774	0.013856812933
-tai	0.479680669074	0.269036304885	0.0591142368371	0.192168789203
-tae	0.424528301887	0.481132075472	0.0794438927508	0.0148957298907
-yis	0.0190883850069	0.929662193429	0.033896344285	0.0173530772791
-gna	0.274729522187	0.268168960127	0.0546873129402	0.402414204746
-mna	0.406485957617	0.0994744761439	0.0343688154588	0.45967075078
-isi	0.0862356036751	0.859414225941	0.0347841090455	0.0195660613381
-tat	0.0127388535032	0.949044585987	0.0127388535032	0.0254777070063
-gnu	0.0795454545455	0.193181818182	0.700757575758	0.0265151515151
-tas	0.0804908815986	0.870835874345	0.0233327485527	0.0253404955041
-mia	0.221980413493	0.712731229597	0.0522306855277	0.0130576713819
-ent	0.0	0.844827586207	0.155172413793	0.0
-enu	0.401129639229	0.407821304269	0.0725244541985	0.118524602304
-on-	0.377622377622	0.622377622378	0.0	0.0
-ens	0.0389380530973	0.87610619469	0.0424778761062	0.0424778761062
-da-	0.147539452797	0.560463161826	0.229433187039	0.0625641983379
-mis	0.00278099652375	0.991193511008	0.00278099652375	0.00324449594438
-loi	0.0295857988165	0.938856015779	0.0	0.0315581854043
-miu	0.0101867572156	0.979626485569	0.0	0.0101867572156
-eni	0.0153352037699	0.0260257906285	0.00643023236342	0.952208773238
-ene	0.0422033023074	0.0759655907456	0.010537601538	0.871293505409
-eng	0.582069059338	0.296613109322	0.0693702841762	0.0519475471643
-ena	0.133806552184	0.549111016313	0.0354151233263	0.281667308177
